"POPULATION","G_ID","time","avg","idx","City","Town","x","y","prePop"
"552","6258","20220830172000","228","3","屏東縣","恆春鎮","120.745","21.945","656"
"33","6267","20220830172000","148","0","屏東縣","恆春鎮","120.790","21.945","28"
"133","9415","20220830172000","71","3","屏東縣","恆春鎮","120.715","21.970","242"
"188","9416","20220830172000","59","3","屏東縣","恆春鎮","120.845","21.970","143"
"357","15716","20220830172000","207","3","臺東縣","蘭嶼鄉","121.535","22.025","331"
"54","15719","20220830172000","279","0","臺東縣","蘭嶼鄉","121.550","22.025","55"
"142","18068","20220830172000","108","2","屏東縣","車城鄉","120.695","22.045","232"
"251","20191","20220830172000","612","0","臺東縣","蘭嶼鄉","121.570","22.065","257"
"19","39868","20220830172000","15","2","屏東縣","牡丹鄉","120.895","22.240","20"
"292","40369","20220830172000","100","3","屏東縣","枋山鄉","120.660","22.245","452"
"68","46865","20220830172000","66","1","臺東縣","大武鄉","120.890","22.305","76"
"79","49782","20220830172000","176","0","屏東縣","琉球鄉","120.355","22.330","95"
"67","49783","20220830172000","180","0","屏東縣","琉球鄉","120.375","22.330","70"
"544","52213","20220830172000","294","3","屏東縣","琉球鄉","120.380","22.355","530"
"98","57589","20220830172000","26","3","屏東縣","春日鄉","120.660","22.365","109"
"69","57606","20220830172000","42","3","屏東縣","春日鄉","120.665","22.365","76"
"138","57748","20220830172000","105","2","屏東縣","春日鄉","120.750","22.405","114"
"299","57758","20220830172000","173","3","屏東縣","春日鄉","120.625","22.365","269"
"33","57858","20220830172000","132","0","屏東縣","恆春鎮","120.730","21.985","40"
"33","57868","20220830172000","178","0","屏東縣","車城鄉","120.730","22.055","35"
"220","57949","20220830172000","75","3","屏東縣","車城鄉","120.715","22.050","239"
"29","57951","20220830172000","134","0","屏東縣","車城鄉","120.710","22.055","27"
"467","57952","20220830172000","244","3","屏東縣","枋寮鄉","120.595","22.375","568"
"233","57962","20220830172000","385","0","屏東縣","枋寮鄉","120.595","22.385","213"
"502","57963","20220830172000","322","3","屏東縣","枋寮鄉","120.600","22.385","474"
"22","58022","20220830172000","13","3","屏東縣","滿州鄉","120.895","22.100","39"
"16","58112","20220830172000","14","1","屏東縣","滿州鄉","120.805","22.015","39"
"155","58150","20220830172000","95","3","屏東縣","滿州鄉","120.875","22.115","121"
"16","58179","20220830172000","17","0","屏東縣","滿州鄉","120.880","22.135","14"
"106","58209","20220830172000","84","2","屏東縣","滿州鄉","120.840","21.985","103"
"52","58243","20220830172000","71","0","屏東縣","滿州鄉","120.840","22.015","52"
"195","58245","20220830172000","198","0","屏東縣","滿州鄉","120.835","22.020","231"
"61","58246","20220830172000","13","3","屏東縣","滿州鄉","120.840","22.020","47"
"73","58248","20220830172000","89","0","屏東縣","滿州鄉","120.830","22.025","101"
"278","58265","20220830172000","267","1","屏東縣","滿州鄉","120.830","21.995","296"
"52","58303","20220830172000","18","3","屏東縣","滿州鄉","120.850","22.020","55"
"53","58452","20220830172000","37","2","屏東縣","滿州鄉","120.830","22.075","48"
"41","58493","20220830172000","23","3","屏東縣","滿州鄉","120.830","22.095","42"
"24","58500","20220830172000","27","0","屏東縣","滿州鄉","120.840","22.100","22"
"277","58514","20220830172000","222","2","屏東縣","枋山鄉","120.665","22.240","1155"
"204","58522","20220830172000","339","0","屏東縣","枋山鄉","120.650","22.260","340"
"101","58529","20220830172000","247","0","屏東縣","枋山鄉","120.690","22.190","132"
"66","58531","20220830172000","199","0","屏東縣","枋山鄉","120.690","22.195","137"
"29","58544","20220830172000","12","3","屏東縣","佳冬鄉","120.525","22.410","28"
"772","58554","20220830172000","506","3","屏東縣","恆春鎮","120.740","22.030","902"
"41","58568","20220830172000","201","0","屏東縣","恆春鎮","120.735","22.040","44"
"96","58585","20220830172000","47","3","屏東縣","恆春鎮","120.720","22.045","84"
"42","58609","20220830172000","482","0","屏東縣","恆春鎮","120.750","21.955","39"
"170","58614","20220830172000","536","0","屏東縣","恆春鎮","120.755","21.960","203"
"540","58618","20220830172000","461","1","屏東縣","恆春鎮","120.755","21.965","616"
"563","58656","20220830172000","193","3","屏東縣","恆春鎮","120.730","22.010","572"
"385","58663","20220830172000","321","1","屏東縣","恆春鎮","120.745","22.005","358"
"321","58680","20220830172000","156","3","屏東縣","恆春鎮","120.730","21.995","288"
"44","58690","20220830172000","37","1","屏東縣","恆春鎮","120.740","21.920","89"
"487","58691","20220830172000","196","3","屏東縣","恆春鎮","120.725","21.925","776"
"14","58698","20220830172000","19","0","屏東縣","恆春鎮","120.715","21.935","21"
"37","58707","20220830172000","33","1","屏東縣","恆春鎮","120.715","21.945","67"
"520","58723","20220830172000","269","3","屏東縣","恆春鎮","120.720","21.960","358"
"986","58725","20220830172000","984","1","屏東縣","恆春鎮","120.740","22.010","896"
"25","58785","20220830172000","79","0","屏東縣","恆春鎮","120.720","22.040","32"
"18","58792","20220830172000","28","0","屏東縣","恆春鎮","120.710","22.015","19"
"158","58793","20220830172000","76","3","屏東縣","恆春鎮","120.695","22.020","169"
"13","58796","20220830172000","13","1","屏東縣","恆春鎮","120.710","22.020","11"
"132","58818","20220830172000","130","1","屏東縣","恆春鎮","120.850","21.905","212"
"71","58819","20220830172000","43","3","屏東縣","恆春鎮","120.855","21.905","94"
"47","58824","20220830172000","45","1","屏東縣","恆春鎮","120.850","21.910","82"
"254","58829","20220830172000","193","2","屏東縣","恆春鎮","120.850","21.915","368"
"59","58837","20220830172000","46","2","屏東縣","恆春鎮","120.830","21.925","108"
"153","58849","20220830172000","73","3","屏東縣","恆春鎮","120.825","21.935","245"
"12","58859","20220830172000","10","2","屏東縣","恆春鎮","120.840","21.940","12"
"48","58893","20220830172000","244","0","屏東縣","車城鄉","120.715","22.070","63"
"275","58924","20220830172000","81","3","屏東縣","獅子鄉","120.730","22.195","412"
"36","58958","20220830172000","169","0","屏東縣","獅子鄉","120.750","22.205","29"
"214","58971","20220830172000","121","3","屏東縣","獅子鄉","120.725","22.210","271"
"21","58992","20220830172000","23","0","屏東縣","獅子鄉","120.760","22.215","31"
"109","58997","20220830172000","35","3","屏東縣","獅子鄉","120.785","22.215","117"
"20","59037","20220830172000","10","3","屏東縣","獅子鄉","120.850","22.215","27"
"14","59098","20220830172000","10","2","屏東縣","獅子鄉","120.860","22.235","14"
"166","59115","20220830172000","416","0","屏東縣","琉球鄉","120.380","22.350","170"
"76","59117","20220830172000","301","0","屏東縣","琉球鄉","120.365","22.325","78"
"809","59120","20220830172000","256","3","屏東縣","琉球鄉","120.370","22.335","711"
"330","59149","20220830172000","122","3","屏東縣","獅子鄉","120.660","22.275","468"
"72","59469","20220830172000","54","2","屏東縣","獅子鄉","120.650","22.315","71"
"24","59727","20220830172000","84","0","屏東縣","獅子鄉","120.710","22.195","28"
"174","59772","20220830172000","103","3","屏東縣","獅子鄉","120.685","22.225","377"
"19","59987","20220830172000","104","0","屏東縣","獅子鄉","120.705","22.140","14"
"276","60023","20220830172000","159","3","屏東縣","獅子鄉","120.700","22.165","482"
"26","60048","20220830172000","78","0","屏東縣","獅子鄉","120.795","22.225","21"
"10","60056","20220830172000","47","0","屏東縣","獅子鄉","120.800","22.225","10"
"38","60065","20220830172000","113","0","屏東縣","獅子鄉","120.800","22.230","40"
"101","60076","20220830172000","54","3","屏東縣","獅子鄉","120.805","22.235","158"
"26","60088","20220830172000","16","3","屏東縣","獅子鄉","120.810","22.240","24"
"12","60119","20220830172000","21","0","屏東縣","獅子鄉","120.820","22.250","17"
"1805","60172","20220830172000","1398","2","屏東縣","琉球鄉","120.370","22.340","1672"
"164","60174","20220830172000","75","3","屏東縣","琉球鄉","120.375","22.345","155"
"182","60189","20220830172000","98","3","屏東縣","車城鄉","120.700","22.040","296"
"156","60193","20220830172000","139","1","屏東縣","車城鄉","120.700","22.050","190"
"110","60196","20220830172000","60","3","屏東縣","琉球鄉","120.365","22.340","103"
"18","60197","20220830172000","44","0","屏東縣","琉球鄉","120.365","22.345","18"
"225","60198","20220830172000","202","1","屏東縣","琉球鄉","120.370","22.350","212"
"378","60206","20220830172000","265","2","屏東縣","車城鄉","120.715","22.065","418"
"57","60213","20220830172000","179","0","屏東縣","車城鄉","120.720","22.090","76"
"285","60234","20220830172000","93","3","屏東縣","車城鄉","120.715","22.115","314"
"1111","60246","20220830172000","590","3","屏東縣","琉球鄉","120.385","22.350","1174"
"123","60260","20220830172000","97","2","屏東縣","車城鄉","120.740","22.085","144"
"190","60283","20220830172000","215","0","屏東縣","車城鄉","120.750","22.095","222"
"37","60314","20220830172000","153","0","屏東縣","枋寮鄉","120.555","22.390","25"
"92","60322","20220830172000","392","0","屏東縣","車城鄉","120.715","22.075","94"
"246","60328","20220830172000","126","3","屏東縣","車城鄉","120.730","22.075","344"
"573","60350","20220830172000","286","3","屏東縣","枋寮鄉","120.590","22.405","591"
"81","60369","20220830172000","258","0","屏東縣","枋寮鄉","120.620","22.405","111"
"345","60374","20220830172000","188","3","屏東縣","枋寮鄉","120.590","22.370","252"
"209","60377","20220830172000","229","0","屏東縣","枋寮鄉","120.580","22.375","198"
"742","60401","20220830172000","687","1","屏東縣","枋寮鄉","120.575","22.405","739"
"530","60404","20220830172000","429","2","屏東縣","佳冬鄉","120.565","22.410","506"
"1128","60421","20220830172000","1131","0","屏東縣","枋寮鄉","120.600","22.360","1189"
"654","60428","20220830172000","242","3","屏東縣","枋寮鄉","120.600","22.365","684"
"150","60441","20220830172000","295","0","屏東縣","枋山鄉","120.645","22.295","177"
"222","60442","20220830172000","146","3","屏東縣","獅子鄉","120.640","22.310","186"
"201","60446","20220830172000","219","0","屏東縣","枋山鄉","120.630","22.320","181"
"90","60449","20220830172000","82","1","屏東縣","枋山鄉","120.615","22.330","96"
"302","60455","20220830172000","232","2","屏東縣","枋山鄉","120.620","22.335","270"
"363","60456","20220830172000","129","3","屏東縣","枋山鄉","120.625","22.335","428"
"945","60532","20220830172000","989","0","屏東縣","恆春鎮","120.740","22.000","1212"
"349","60533","20220830172000","348","1","屏東縣","恆春鎮","120.740","22.005","389"
"62","60535","20220830172000","192","0","屏東縣","恆春鎮","120.815","21.935","148"
"193","60537","20220830172000","98","3","屏東縣","恆春鎮","120.805","21.940","279"
"52","60539","20220830172000","174","0","屏東縣","恆春鎮","120.795","21.945","56"
"382","60540","20220830172000","479","0","屏東縣","恆春鎮","120.800","21.945","506"
"515","60541","20220830172000","332","3","屏東縣","恆春鎮","120.805","21.945","581"
"156","60543","20220830172000","149","1","屏東縣","恆春鎮","120.780","21.950","175"
"159","60544","20220830172000","105","3","屏東縣","恆春鎮","120.785","21.950","250"
"145","60568","20220830172000","141","1","屏東縣","恆春鎮","120.810","21.955","212"
"211","60589","20220830172000","93","3","屏東縣","恆春鎮","120.815","21.965","209"
"115","60623","20220830172000","291","0","屏東縣","恆春鎮","120.735","21.950","213"
"87","60646","20220830172000","70","2","屏東縣","恆春鎮","120.720","21.975","87"
"89","60651","20220830172000","77","1","屏東縣","恆春鎮","120.715","21.985","101"
"322","60656","20220830172000","149","3","屏東縣","恆春鎮","120.705","21.995","513"
"228","60671","20220830172000","746","0","屏東縣","恆春鎮","120.740","21.995","200"
"138","60672","20220830172000","288","0","屏東縣","恆春鎮","120.745","21.995","143"
"786","60680","20220830172000","621","2","屏東縣","恆春鎮","120.745","22.000","854"
"108","60694","20220830172000","73","2","屏東縣","恆春鎮","120.765","22.000","117"
"41","60732","20220830172000","57","0","屏東縣","牡丹鄉","120.815","22.075","53"
"127","60771","20220830172000","141","0","屏東縣","滿州鄉","120.890","22.140","86"
"107","60778","20220830172000","60","3","屏東縣","牡丹鄉","120.880","22.155","122"
"32","60784","20220830172000","52","0","屏東縣","牡丹鄉","120.880","22.160","36"
"168","60791","20220830172000","166","1","屏東縣","牡丹鄉","120.890","22.165","122"
"52","60821","20220830172000","64","0","屏東縣","牡丹鄉","120.880","22.185","36"
"26","60825","20220830172000","17","3","屏東縣","牡丹鄉","120.880","22.190","22"
"78","60827","20220830172000","51","3","屏東縣","牡丹鄉","120.885","22.190","71"
"23","60836","20220830172000","19","2","屏東縣","牡丹鄉","120.890","22.200","10"
"58","60884","20220830172000","27","3","屏東縣","牡丹鄉","120.850","22.185","57"
"46","60907","20220830172000","76","0","屏東縣","牡丹鄉","120.855","22.200","56"
"35","60936","20220830172000","34","1","屏東縣","牡丹鄉","120.815","22.150","28"
"54","60994","20220830172000","55","0","屏東縣","牡丹鄉","120.835","22.175","62"
"67","61141","20220830172000","60","1","屏東縣","牡丹鄉","120.770","22.125","103"
"259","61160","20220830172000","226","1","屏東縣","牡丹鄉","120.780","22.130","208"
"21","61331","20220830172000","99","0","屏東縣","牡丹鄉","120.840","22.115","18"
"145","61332","20220830172000","171","0","屏東縣","牡丹鄉","120.845","22.115","138"
"26","61377","20220830172000","35","0","屏東縣","牡丹鄉","120.885","22.140","27"
"21","61398","20220830172000","21","1","屏東縣","牡丹鄉","120.875","22.150","24"
"223","61441","20220830172000","114","3","臺東縣","大武鄉","120.880","22.325","225"
"104","61469","20220830172000","226","0","臺東縣","大武鄉","120.905","22.360","97"
"25","61471","20220830172000","122","0","臺東縣","大武鄉","120.900","22.365","28"
"502","61472","20220830172000","283","3","臺東縣","大武鄉","120.905","22.365","520"
"111","61501","20220830172000","262","0","臺東縣","大武鄉","120.910","22.380","109"
"131","61562","20220830172000","334","0","臺東縣","大武鄉","120.885","22.340","141"
"179","61604","20220830172000","161","1","臺東縣","蘭嶼鄉","121.525","22.080","192"
"362","61605","20220830172000","201","3","臺東縣","蘭嶼鄉","121.530","22.080","308"
"192","61620","20220830172000","111","3","臺東縣","蘭嶼鄉","121.590","22.005","91"
"237","61703","20220830172000","299","0","臺東縣","蘭嶼鄉","121.510","22.055","249"
"254","61734","20220830172000","216","1","臺東縣","蘭嶼鄉","121.555","22.025","256"
"63","61738","20220830172000","34","3","臺東縣","蘭嶼鄉","121.535","22.030","71"
"25","61830","20220830172000","104","0","臺東縣","達仁鄉","120.885","22.285","16"
"49","61900","20220830172000","18","3","臺東縣","達仁鄉","120.820","22.290","36"
"15","61910","20220830172000","60","0","臺東縣","達仁鄉","120.870","22.290","19"
"348","61933","20220830172000","151","3","臺東縣","達仁鄉","120.885","22.295","308"
"48","62017","20220830172000","31","3","臺東縣","達仁鄉","120.855","22.320","55"
"18","62278","20220830172000","11","3","臺東縣","大武鄉","120.880","22.375","14"
"41","62301","20220830172000","47","0","臺東縣","達仁鄉","120.860","22.380","23"
"78","62355","20220830172000","31","3","臺東縣","達仁鄉","120.855","22.390","74"
"17","62465","20220830172000","18","0","臺東縣","達仁鄉","120.840","22.265","35"
"64","62479","20220830172000","41","3","臺東縣","達仁鄉","120.855","22.275","62"
"90","62493","20220830172000","49","3","臺東縣","達仁鄉","120.875","22.290","79"
"92","63917","20220830172000","44","3","臺東縣","大武鄉","120.930","22.415","128"
"334","65292","20220830172000","278","2","屏東縣","東港鎮","120.480","22.430","451"
"35","72794","20220830172000","47","0","高雄市","小港區","120.360","22.510","20"
"139","72795","20220830172000","53","3","臺東縣","太麻里鄉","120.960","22.510","169"
"178","80997","20220830172000","161","1","屏東縣","新埤鄉","120.560","22.475","178"
"532","81045","20220830172000","549","0","屏東縣","新埤鄉","120.545","22.465","515"
"359","81049","20220830172000","123","3","屏東縣","新埤鄉","120.565","22.465","294"
"25","81063","20220830172000","21","1","屏東縣","新埤鄉","120.610","22.450","22"
"182","81079","20220830172000","160","1","屏東縣","新埤鄉","120.610","22.460","319"
"594","81134","20220830172000","491","2","屏東縣","新埤鄉","120.580","22.505","601"
"213","81174","20220830172000","210","1","屏東縣","新埤鄉","120.615","22.470","206"
"55","81486","20220830172000","46","1","屏東縣","春日鄉","120.630","22.425","52"
"149","81488","20220830172000","117","2","屏東縣","春日鄉","120.640","22.425","199"
"587","81506","20220830172000","458","2","屏東縣","新園鄉","120.435","22.500","656"
"118","81517","20220830172000","131","0","屏東縣","新園鄉","120.440","22.510","129"
"326","81529","20220830172000","374","0","屏東縣","萬巒鄉","120.610","22.590","341"
"998","81547","20220830172000","1397","0","屏東縣","林邊鄉","120.515","22.435","962"
"42","81550","20220830172000","16","3","屏東縣","林邊鄉","120.510","22.430","37"
"544","81552","20220830172000","395","2","屏東縣","林邊鄉","120.520","22.430","566"
"17","81557","20220830172000","28","0","屏東縣","林邊鄉","120.490","22.430","22"
"80","81560","20220830172000","23","3","屏東縣","東港鎮","120.495","22.460","77"
"203","81569","20220830172000","217","0","屏東縣","東港鎮","120.455","22.460","204"
"22","81573","20220830172000","25","0","屏東縣","東港鎮","120.465","22.440","19"
"69","81584","20220830172000","76","0","屏東縣","東港鎮","120.455","22.450","80"
"47","81816","20220830172000","43","1","屏東縣","來義鄉","120.680","22.525","53"
"44","81919","20220830172000","42","1","屏東縣","來義鄉","120.640","22.435","47"
"83","82042","20220830172000","70","1","屏東縣","來義鄉","120.635","22.525","79"
"11","82128","20220830172000","18","0","屏東縣","來義鄉","120.620","22.465","11"
"24","82186","20220830172000","16","3","屏東縣","來義鄉","120.665","22.560","23"
"56","82194","20220830172000","317","0","屏東縣","佳冬鄉","120.550","22.415","58"
"1135","82204","20220830172000","852","2","屏東縣","佳冬鄉","120.545","22.415","1163"
"634","82217","20220830172000","520","2","屏東縣","竹田鄉","120.515","22.575","660"
"11","82225","20220830172000","83","0","屏東縣","東港鎮","120.450","22.455","11"
"555","82239","20220830172000","123","3","屏東縣","東港鎮","120.495","22.455","547"
"63","82241","20220830172000","488","0","屏東縣","東港鎮","120.490","22.455","76"
"1236","82243","20220830172000","990","2","屏東縣","東港鎮","120.445","22.465","1337"
"301","82245","20220830172000","590","0","屏東縣","東港鎮","120.445","22.460","280"
"912","82256","20220830172000","793","1","屏東縣","東港鎮","120.455","22.470","924"
"182","82257","20220830172000","155","1","屏東縣","東港鎮","120.460","22.470","159"
"1590","82262","20220830172000","821","3","屏東縣","東港鎮","120.460","22.475","1642"
"314","82266","20220830172000","421","0","屏東縣","東港鎮","120.465","22.480","295"
"242","82270","20220830172000","396","0","屏東縣","東港鎮","120.475","22.485","225"
"46","82283","20220830172000","67","0","屏東縣","泰武鄉","120.625","22.590","66"
"122","82284","20220830172000","102","1","屏東縣","泰武鄉","120.635","22.590","110"
"536","82290","20220830172000","280","3","屏東縣","林邊鄉","120.520","22.435","494"
"628","82303","20220830172000","330","3","屏東縣","新園鄉","120.460","22.540","599"
"893","82306","20220830172000","855","1","屏東縣","新園鄉","120.460","22.545","836"
"184","82311","20220830172000","579","0","屏東縣","東港鎮","120.450","22.470","201"
"529","82324","20220830172000","573","0","屏東縣","竹田鄉","120.540","22.585","519"
"62","82325","20220830172000","71","0","屏東縣","竹田鄉","120.545","22.585","52"
"465","82333","20220830172000","479","0","屏東縣","新園鄉","120.455","22.525","468"
"246","82340","20220830172000","250","0","屏東縣","新園鄉","120.465","22.530","270"
"308","82347","20220830172000","219","2","屏東縣","新園鄉","120.440","22.475","302"
"159","82367","20220830172000","68","3","屏東縣","萬丹鄉","120.465","22.595","145"
"521","82441","20220830172000","238","3","屏東縣","泰武鄉","120.650","22.570","531"
"30","82445","20220830172000","114","0","屏東縣","泰武鄉","120.635","22.580","29"
"59","82467","20220830172000","59","1","屏東縣","泰武鄉","120.660","22.570","41"
"88","82513","20220830172000","37","3","屏東縣","泰武鄉","120.665","22.585","88"
"12","82564","20220830172000","47","0","屏東縣","萬丹鄉","120.485","22.570","17"
"15","82568","20220830172000","22","0","屏東縣","萬丹鄉","120.490","22.575","12"
"648","82569","20220830172000","285","3","屏東縣","新園鄉","120.450","22.475","679"
"623","82576","20220830172000","414","3","屏東縣","新園鄉","120.445","22.515","666"
"207","82591","20220830172000","125","3","屏東縣","新園鄉","120.450","22.525","170"
"66","82614","20220830172000","296","0","屏東縣","佳冬鄉","120.515","22.415","53"
"38","82630","20220830172000","363","0","屏東縣","佳冬鄉","120.560","22.430","40"
"305","82634","20220830172000","480","0","屏東縣","佳冬鄉","120.560","22.435","328"
"86","82638","20220830172000","92","0","屏東縣","佳冬鄉","120.535","22.425","92"
"457","82649","20220830172000","610","0","屏東縣","佳冬鄉","120.555","22.420","447"
"167","82700","20220830172000","155","1","屏東縣","來義鄉","120.635","22.515","167"
"61","82715","20220830172000","49","2","屏東縣","來義鄉","120.660","22.525","67"
"24","82720","20220830172000","114","0","屏東縣","南州鄉","120.500","22.480","19"
"10","82722","20220830172000","84","0","屏東縣","南州鄉","120.490","22.485","16"
"404","82723","20220830172000","165","3","屏東縣","南州鄉","120.495","22.485","417"
"83","82736","20220830172000","192","0","屏東縣","南州鄉","120.530","22.465","75"
"505","82740","20220830172000","233","3","屏東縣","南州鄉","120.535","22.470","534"
"589","82742","20220830172000","643","0","屏東縣","南州鄉","120.520","22.475","575"
"387","82751","20220830172000","192","3","屏東縣","南州鄉","120.540","22.485","464"
"96","82754","20220830172000","52","3","屏東縣","南州鄉","120.535","22.490","86"
"64","82763","20220830172000","32","3","屏東縣","崁頂鄉","120.520","22.495","81"
"226","82767","20220830172000","69","3","屏東縣","內埔鄉","120.560","22.585","209"
"32","82779","20220830172000","153","0","屏東縣","萬丹鄉","120.495","22.550","30"
"421","82796","20220830172000","466","0","屏東縣","新園鄉","120.460","22.505","454"
"131","82807","20220830172000","298","0","屏東縣","崁頂鄉","120.505","22.540","109"
"397","82809","20220830172000","244","3","屏東縣","崁頂鄉","120.515","22.540","388"
"57","82821","20220830172000","296","0","屏東縣","崁頂鄉","120.490","22.510","59"
"323","82835","20220830172000","140","3","屏東縣","崁頂鄉","120.520","22.530","317"
"572","82839","20220830172000","700","0","屏東縣","南州鄉","120.510","22.495","609"
"103","82881","20220830172000","276","0","屏東縣","佳冬鄉","120.560","22.445","96"
"213","82883","20220830172000","64","3","屏東縣","佳冬鄉","120.560","22.450","183"
"231","82893","20220830172000","265","0","屏東縣","萬丹鄉","120.495","22.545","249"
"60","82901","20220830172000","47","2","屏東縣","崁頂鄉","120.510","22.510","63"
"285","82906","20220830172000","535","0","屏東縣","崁頂鄉","120.515","22.515","279"
"95","82941","20220830172000","35","3","屏東縣","崁頂鄉","120.490","22.500","101"
"26","82951","20220830172000","38","0","屏東縣","內埔鄉","120.570","22.590","41"
"928","82954","20220830172000","433","3","屏東縣","新園鄉","120.460","22.495","871"
"111","82963","20220830172000","108","1","屏東縣","新園鄉","120.475","22.550","111"
"322","82970","20220830172000","361","0","屏東縣","新園鄉","120.455","22.545","303"
"206","82987","20220830172000","404","0","屏東縣","新園鄉","120.460","22.490","155"
"159","82992","20220830172000","474","0","屏東縣","新園鄉","120.445","22.500","139"
"31","82996","20220830172000","19","3","屏東縣","新園鄉","120.445","22.475","23"
"309","82997","20220830172000","185","3","屏東縣","新園鄉","120.440","22.480","302"
"153","82998","20220830172000","139","1","屏東縣","新園鄉","120.445","22.480","154"
"18","83002","20220830172000","51","0","屏東縣","新園鄉","120.440","22.485","18"
"109","83015","20220830172000","129","0","屏東縣","新埤鄉","120.550","22.505","110"
"789","83024","20220830172000","400","3","屏東縣","潮州鎮","120.530","22.545","752"
"1351","83025","20220830172000","1173","1","屏東縣","潮州鎮","120.535","22.545","1356"
"41","83041","20220830172000","54","0","屏東縣","潮州鎮","120.590","22.540","74"
"268","83047","20220830172000","190","2","屏東縣","潮州鎮","120.555","22.550","221"
"425","83049","20220830172000","289","2","屏東縣","潮州鎮","120.565","22.550","437"
"400","83055","20220830172000","418","0","屏東縣","萬丹鄉","120.470","22.560","398"
"67","83064","20220830172000","205","0","屏東縣","萬巒鄉","120.600","22.590","72"
"27","83074","20220830172000","41","0","屏東縣","東港鎮","120.480","22.455","26"
"432","83080","20220830172000","693","0","屏東縣","東港鎮","120.450","22.465","410"
"566","83093","20220830172000","285","3","屏東縣","萬巒鄉","120.595","22.565","525"
"83","83095","20220830172000","273","0","屏東縣","萬巒鄉","120.605","22.565","87"
"192","83096","20220830172000","97","3","屏東縣","萬巒鄉","120.600","22.570","197"
"323","83142","20220830172000","175","3","屏東縣","新埤鄉","120.625","22.525","285"
"73","83161","20220830172000","364","0","屏東縣","萬巒鄉","120.620","22.545","57"
"300","83162","20220830172000","433","0","屏東縣","泰武鄉","120.625","22.545","340"
"22","83177","20220830172000","119","0","屏東縣","萬巒鄉","120.580","22.590","24"
"550","83201","20220830172000","484","1","屏東縣","萬巒鄉","120.570","22.570","502"
"327","83206","20220830172000","415","0","屏東縣","萬巒鄉","120.565","22.575","331"
"320","83210","20220830172000","185","3","屏東縣","內埔鄉","120.565","22.580","348"
"14","83216","20220830172000","11","2","屏東縣","萬丹鄉","120.485","22.555","19"
"15","83222","20220830172000","76","0","屏東縣","東港鎮","120.470","22.485","23"
"151","83231","20220830172000","49","3","屏東縣","東港鎮","120.460","22.460","176"
"780","83232","20220830172000","641","2","屏東縣","東港鎮","120.465","22.460","775"
"1176","83234","20220830172000","1105","1","屏東縣","東港鎮","120.455","22.465","1016"
"258","83235","20220830172000","57","3","屏東縣","東港鎮","120.460","22.465","195"
"390","83236","20220830172000","927","0","屏東縣","東港鎮","120.465","22.465","385"
"496","83241","20220830172000","714","0","屏東縣","東港鎮","120.440","22.460","539"
"172","83257","20220830172000","972","0","屏東縣","竹田鄉","120.525","22.575","171"
"127","83258","20220830172000","196","0","屏東縣","潮州鎮","120.530","22.525","145"
"408","83261","20220830172000","247","3","屏東縣","潮州鎮","120.540","22.525","398"
"303","83267","20220830172000","237","2","屏東縣","潮州鎮","120.535","22.535","354"
"367","83269","20220830172000","220","3","屏東縣","潮州鎮","120.535","22.540","370"
"269","83271","20220830172000","197","2","屏東縣","枋寮鄉","120.580","22.410","248"
"336","83278","20220830172000","159","3","屏東縣","枋寮鄉","120.580","22.415","361"
"59","83323","20220830172000","65","0","屏東縣","枋寮鄉","120.620","22.425","49"
"175","83342","20220830172000","72","3","屏東縣","枋寮鄉","120.595","22.435","142"
"248","83378","20220830172000","217","1","屏東縣","萬丹鄉","120.460","22.575","280"
"124","83380","20220830172000","47","3","屏東縣","萬丹鄉","120.470","22.575","127"
"340","83383","20220830172000","217","3","屏東縣","竹田鄉","120.535","22.595","361"
"10","83404","20220830172000","17","0","屏東縣","林邊鄉","120.505","22.435","17"
"136","83414","20220830172000","72","3","屏東縣","林邊鄉","120.525","22.455","158"
"282","83430","20220830172000","159","3","屏東縣","萬丹鄉","120.485","22.580","248"
"609","83431","20220830172000","333","3","屏東縣","萬丹鄉","120.490","22.580","548"
"63","83433","20220830172000","58","1","屏東縣","萬丹鄉","120.480","22.565","47"
"457","83435","20220830172000","730","0","屏東縣","竹田鄉","120.490","22.565","462"
"379","83437","20220830172000","194","3","屏東縣","萬丹鄉","120.480","22.570","340"
"22","83438","20220830172000","23","0","屏東縣","萬丹鄉","120.490","22.550","23"
"16","83439","20220830172000","39","0","屏東縣","萬丹鄉","120.490","22.555","19"
"588","83442","20220830172000","768","0","屏東縣","潮州鎮","120.545","22.545","516"
"497","83443","20220830172000","259","3","屏東縣","潮州鎮","120.550","22.545","524"
"902","83448","20220830172000","653","2","屏東縣","潮州鎮","120.550","22.555","928"
"465","83455","20220830172000","483","0","屏東縣","潮州鎮","120.560","22.515","461"
"63","83457","20220830172000","148","0","屏東縣","潮州鎮","120.570","22.515","66"
"550","83473","20220830172000","662","0","屏東縣","潮州鎮","120.530","22.560","525"
"246","83483","20220830172000","345","0","屏東縣","萬丹鄉","120.465","22.565","274"
"889","83504","20220830172000","1092","0","屏東縣","潮州鎮","120.540","22.555","1715"
"42","83508","20220830172000","239","0","屏東縣","潮州鎮","120.550","22.560","26"
"23","83516","20220830172000","241","0","屏東縣","潮州鎮","120.540","22.545","392"
"54","83518","20220830172000","34","3","屏東縣","潮州鎮","120.545","22.550","37"
"337","83525","20220830172000","385","0","屏東縣","潮州鎮","120.530","22.540","339"
"250","83540","20220830172000","114","3","屏東縣","潮州鎮","120.580","22.555","250"
"1214","83567","20220830172000","923","2","屏東縣","萬丹鄉","120.490","22.590","1237"
"23","83574","20220830172000","31","0","屏東縣","潮州鎮","120.550","22.535","26"
"333","83576","20220830172000","280","1","屏東縣","潮州鎮","120.550","22.540","353"
"1096","83577","20220830172000","716","3","屏東縣","潮州鎮","120.535","22.550","1010"
"163","83578","20220830172000","1021","0","屏東縣","潮州鎮","120.535","22.555","139"
"254","83582","20220830172000","92","3","屏東縣","萬丹鄉","120.500","22.595","238"
"397","83585","20220830172000","434","0","屏東縣","萬丹鄉","120.485","22.585","367"
"413","83586","20220830172000","584","0","屏東縣","萬丹鄉","120.490","22.585","468"
"90","83599","20220830172000","341","0","屏東縣","南州鄉","120.505","22.490","67"
"758","83623","20220830172000","558","2","屏東縣","南州鄉","120.510","22.490","833"
"308","83624","20220830172000","154","3","屏東縣","潮州鎮","120.530","22.510","276"
"225","83625","20220830172000","179","2","屏東縣","潮州鎮","120.535","22.510","231"
"348","83646","20220830172000","248","2","屏東縣","潮州鎮","120.530","22.550","464"
"1013","83648","20220830172000","588","3","高雄市","鳳山區","120.325","22.595","1016"
"309","83650","20220830172000","405","0","高雄市","前鎮區","120.320","22.595","262"
"1424","83651","20220830172000","1568","0","高雄市","小港區","120.360","22.565","1321"
"307","83652","20220830172000","194","3","高雄市","小港區(海)","120.335","22.550","210"
"51","83653","20220830172000","379","0","高雄市","小港區","120.335","22.555","522"
"659","83655","20220830172000","362","3","高雄市","小港區","120.340","22.560","516"
"72","83657","20220830172000","142","0","高雄市","小港區","120.370","22.530","64"
"486","83658","20220830172000","789","0","高雄市","小港區","120.365","22.535","496"
"46","83660","20220830172000","465","0","高雄市","小港區","120.370","22.540","37"
"99","83661","20220830172000","69","2","高雄市","小港區","120.375","22.540","110"
"585","83662","20220830172000","434","2","高雄市","小港區","120.370","22.545","665"
"286","83666","20220830172000","151","3","高雄市","小港區","120.375","22.545","319"
"29","83669","20220830172000","237","0","高雄市","小港區","120.375","22.550","34"
"282","83670","20220830172000","102","3","高雄市","小港區","120.370","22.555","293"
"105","83671","20220830172000","702","0","高雄市","小港區","120.365","22.560","73"
"391","83673","20220830172000","592","0","高雄市","小港區","120.375","22.560","412"
"343","83674","20220830172000","911","0","高雄市","小港區","120.365","22.565","330"
"193","83675","20220830172000","513","0","高雄市","小港區","120.370","22.565","198"
"518","83677","20220830172000","1382","0","高雄市","小港區","120.355","22.570","499"
"712","83684","20220830172000","881","0","高雄市","大寮區","120.380","22.590","680"
"74","83692","20220830172000","497","0","高雄市","大寮區","120.385","22.590","54"
"672","83694","20220830172000","397","3","高雄市","大寮區","120.395","22.590","665"
"410","83701","20220830172000","358","1","高雄市","大寮區","120.420","22.585","388"
"60","83702","20220830172000","674","0","高雄市","大寮區","120.410","22.590","72"
"143","83703","20220830172000","86","3","高雄市","大寮區","120.415","22.590","120"
"1567","83704","20220830172000","1435","1","高雄市","大寮區","120.420","22.590","1648"
"493","83705","20220830172000","399","2","高雄市","大寮區","120.410","22.595","455"
"526","83706","20220830172000","328","3","高雄市","大寮區","120.415","22.595","486"
"26","83712","20220830172000","63","0","高雄市","前鎮區","120.310","22.580","18"
"113","83713","20220830172000","981","0","高雄市","小港區","120.345","22.565","108"
"132","83752","20220830172000","26","3","臺東縣","大武鄉","120.930","22.425","138"
"20","83764","20220830172000","19","1","臺東縣","大武鄉","120.935","22.435","15"
"62","83802","20220830172000","45","2","臺東縣","大武鄉","120.925","22.415","66"
"40","83805","20220830172000","565","0","高雄市","小港區","120.345","22.525","44"
"258","83815","20220830172000","174","2","高雄市","林園區","120.405","22.495","292"
"12","83817","20220830172000","83","0","高雄市","林園區","120.415","22.495","11"
"89","83819","20220830172000","210","0","高雄市","林園區","120.400","22.500","81"
"51","83820","20220830172000","308","0","高雄市","林園區","120.410","22.495","62"
"395","83822","20220830172000","247","3","高雄市","林園區","120.390","22.505","391"
"177","83828","20220830172000","114","3","高雄市","林園區","120.415","22.485","196"
"588","83831","20220830172000","496","1","高雄市","前鎮區","120.315","22.580","556"
"1304","83836","20220830172000","1059","2","高雄市","大寮區","120.405","22.545","1276"
"96","83838","20220830172000","535","0","高雄市","前鎮區","120.300","22.590","81"
"56","83839","20220830172000","248","0","高雄市","前鎮區","120.300","22.585","51"
"472","83840","20220830172000","353","2","高雄市","前鎮區","120.295","22.590","497"
"281","83842","20220830172000","784","0","高雄市","前鎮區","120.305","22.590","240"
"334","83843","20220830172000","255","2","高雄市","前鎮區","120.290","22.595","346"
"854","83844","20220830172000","649","2","高雄市","前鎮區","120.295","22.595","833"
"245","83845","20220830172000","189","2","高雄市","前鎮區","120.310","22.585","242"
"185","83862","20220830172000","142","2","臺東縣","達仁鄉","120.905","22.475","163"
"165","84086","20220830172000","136","2","臺東縣","達仁鄉","120.885","22.455","189"
"268","84511","20220830172000","233","1","臺東縣","金峰鄉","120.960","22.595","272"
"221","85294","20220830172000","199","1","臺東縣","太麻里鄉","120.960","22.530","225"
"519","85296","20220830172000","466","1","高雄市","林園區","120.410","22.480","564"
"65","85297","20220830172000","26","3","高雄市","林園區","120.395","22.490","69"
"459","85301","20220830172000","458","1","高雄市","林園區","120.360","22.505","475"
"352","85302","20220830172000","327","1","高雄市","林園區","120.365","22.505","364"
"491","85305","20220830172000","873","0","高雄市","小港區","120.335","22.560","476"
"458","85307","20220830172000","262","3","高雄市","鳳山區","120.345","22.585","436"
"546","85308","20220830172000","336","3","高雄市","鳳山區","120.355","22.590","607"
"802","85309","20220830172000","340","3","高雄市","鳳山區","120.360","22.590","749"
"118","85310","20220830172000","336","0","高雄市","鳳山區","120.365","22.590","134"
"941","85311","20220830172000","1023","0","高雄市","鳳山區","120.355","22.595","996"
"420","85315","20220830172000","430","0","高雄市","鳳山區","120.360","22.595","543"
"385","85322","20220830172000","565","0","高雄市","小港區","120.350","22.560","363"
"1219","85323","20220830172000","743","3","高雄市","小港區","120.355","22.560","1072"
"1752","85325","20220830172000","1070","3","高雄市","鳳山區","120.360","22.585","1640"
"132","85327","20220830172000","325","0","高雄市","小港區","120.370","22.570","116"
"141","85328","20220830172000","182","0","高雄市","小港區","120.355","22.565","126"
"354","85329","20220830172000","196","3","高雄市","小港區","120.375","22.570","360"
"43","85331","20220830172000","225","0","高雄市","小港區","120.370","22.575","44"
"547","85332","20220830172000","517","1","高雄市","小港區","120.375","22.575","557"
"188","85337","20220830172000","234","0","高雄市","小港區","120.355","22.540","193"
"233","85340","20220830172000","231","1","高雄市","小港區","120.350","22.540","263"
"682","85343","20220830172000","408","3","高雄市","小港區","120.360","22.540","709"
"279","85345","20220830172000","153","3","高雄市","小港區","120.340","22.545","278"
"358","85347","20220830172000","370","0","高雄市","小港區","120.350","22.545","362"
"190","85353","20220830172000","110","3","高雄市","小港區","120.350","22.550","178"
"172","85354","20220830172000","142","2","高雄市","小港區","120.355","22.550","174"
"586","85355","20220830172000","592","0","高雄市","小港區","120.360","22.550","600"
"80","85356","20220830172000","178","0","高雄市","小港區","120.345","22.555","79"
"684","85359","20220830172000","459","2","高雄市","小港區","120.355","22.555","629"
"617","85360","20220830172000","410","3","高雄市","小港區","120.345","22.560","612"
"105","85367","20220830172000","125","0","高雄市","小港區","120.345","22.530","102"
"128","85368","20220830172000","63","3","高雄市","小港區","120.350","22.530","131"
"335","85370","20220830172000","309","1","高雄市","小港區","120.355","22.530","306"
"651","85371","20220830172000","715","0","高雄市","小港區","120.360","22.530","700"
"283","85372","20220830172000","452","0","高雄市","小港區","120.335","22.535","287"
"286","85374","20220830172000","194","2","高雄市","小港區","120.345","22.535","248"
"230","85377","20220830172000","125","3","高雄市","小港區(海)","120.330","22.540","196"
"170","85382","20220830172000","368","0","高雄市","小港區","120.320","22.545","202"
"938","85384","20220830172000","1612","0","高雄市","前鎮區","120.325","22.570","1056"
"1127","85385","20220830172000","876","2","高雄市","前鎮區","120.325","22.575","1034"
"862","85386","20220830172000","1036","0","高雄市","前鎮區","120.315","22.590","941"
"415","85387","20220830172000","558","0","高雄市","前鎮區","120.305","22.595","459"
"537","85389","20220830172000","910","0","高雄市","前鎮區","120.310","22.595","655"
"1429","85391","20220830172000","1013","2","高雄市","前鎮區","120.315","22.575","1462"
"629","85392","20220830172000","583","1","高雄市","前鎮區","120.320","22.575","659"
"1236","85393","20220830172000","1423","0","高雄市","前鎮區","120.325","22.580","1156"
"1308","85396","20220830172000","976","2","高雄市","前鎮區","120.330","22.585","1511"
"357","85398","20220830172000","648","0","高雄市","鳳山區","120.340","22.585","341"
"242","85400","20220830172000","161","3","臺東縣","太麻里鄉","120.940","22.460","216"
"33","85417","20220830172000","67","0","臺東縣","太麻里鄉","120.950","22.480","69"
"55","85451","20220830172000","42","2","臺東縣","太麻里鄉","120.955","22.510","43"
"157","85475","20220830172000","99","3","臺東縣","太麻里鄉","120.935","22.520","185"
"707","85487","20220830172000","825","0","高雄市","鳳山區","120.325","22.585","523"
"529","85489","20220830172000","471","1","高雄市","鳳山區","120.350","22.590","597"
"1334","85490","20220830172000","799","3","高雄市","鳳山區","120.345","22.595","1280"
"552","85491","20220830172000","577","0","高雄市","鳳山區","120.330","22.590","503"
"2716","85492","20220830172000","1652","3","高雄市","鳳山區","120.325","22.590","2717"
"807","85493","20220830172000","888","0","高雄市","前鎮區","120.320","22.585","890"
"771","85496","20220830172000","1452","0","高雄市","前鎮區","120.330","22.580","840"
"622","85517","20220830172000","786","0","高雄市","大寮區","120.410","22.560","586"
"366","85519","20220830172000","305","2","高雄市","大寮區","120.420","22.560","401"
"1192","85533","20220830172000","786","3","高雄市","大寮區","120.405","22.580","1098"
"858","85535","20220830172000","823","1","高雄市","鳳山區","120.335","22.595","873"
"131","85536","20220830172000","323","0","高雄市","小港區","120.360","22.570","131"
"666","85537","20220830172000","578","1","高雄市","林園區","120.385","22.490","620"
"491","85543","20220830172000","442","1","高雄市","鳳山區","120.330","22.595","480"
"196","85544","20220830172000","197","0","高雄市","小港區","120.355","22.515","207"
"257","85546","20220830172000","233","1","高雄市","小港區","120.360","22.525","271"
"344","85559","20220830172000","379","0","臺東縣","太麻里鄉","120.965","22.530","348"
"14","85568","20220830172000","10","2","臺東縣","太麻里鄉","120.965","22.535","18"
"21","85590","20220830172000","24","0","臺東縣","太麻里鄉","120.965","22.545","27"
"153","85591","20220830172000","57","3","臺東縣","太麻里鄉","120.970","22.545","222"
"36","85646","20220830172000","19","3","臺東縣","太麻里鄉","120.980","22.565","29"
"259","85656","20220830172000","191","2","臺東縣","太麻里鄉","120.990","22.575","298"
"146","85660","20220830172000","82","3","臺東縣","太麻里鄉","120.990","22.580","155"
"869","85678","20220830172000","492","3","高雄市","鳳山區","120.350","22.595","914"
"467","85680","20220830172000","428","1","高雄市","鳳山區","120.340","22.595","432"
"466","85681","20220830172000","427","1","高雄市","林園區","120.375","22.500","488"
"1066","85683","20220830172000","944","1","高雄市","林園區","120.385","22.500","1030"
"146","85684","20220830172000","410","0","高雄市","林園區","120.395","22.485","129"
"173","85685","20220830172000","178","0","高雄市","林園區","120.375","22.505","157"
"447","85689","20220830172000","1669","0","高雄市","前鎮區","120.310","22.590","541"
"740","85700","20220830172000","891","0","高雄市","小港區","120.340","22.565","677"
"16","85702","20220830172000","12","2","高雄市","小港區","120.375","22.530","27"
"382","85708","20220830172000","315","2","高雄市","小港區","120.380","22.545","371"
"53","85713","20220830172000","114","0","高雄市","小港區","120.390","22.545","57"
"420","85719","20220830172000","346","2","高雄市","小港區","120.385","22.555","445"
"312","85721","20220830172000","420","0","高雄市","小港區","120.390","22.560","306"
"72","85723","20220830172000","137","0","高雄市","小港區","120.380","22.555","81"
"402","85724","20220830172000","190","3","高雄市","小港區","120.380","22.560","397"
"223","85725","20220830172000","83","3","高雄市","小港區","120.385","22.560","214"
"120","85726","20220830172000","164","0","高雄市","小港區","120.380","22.565","122"
"211","85727","20220830172000","117","3","高雄市","小港區","120.385","22.565","223"
"474","85728","20220830172000","263","3","高雄市","大寮區","120.400","22.590","429"
"163","85729","20220830172000","305","0","高雄市","大寮區","120.390","22.595","69"
"153","85731","20220830172000","95","3","高雄市","大寮區","120.415","22.535","129"
"155","85751","20220830172000","75","3","高雄市","大寮區","120.425","22.555","152"
"172","85754","20220830172000","178","0","高雄市","大寮區","120.425","22.560","206"
"2183","85755","20220830172000","1777","2","高雄市","前鎮區","120.315","22.585","2306"
"401","85756","20220830172000","202","3","高雄市","前鎮區","120.305","22.585","374"
"468","85758","20220830172000","831","0","高雄市","小港區","120.345","22.570","458"
"292","85759","20220830172000","1203","0","高雄市","小港區","120.350","22.570","424"
"250","85764","20220830172000","367","0","高雄市","小港區","120.350","22.575","241"
"231","85768","20220830172000","207","1","高雄市","小港區","120.350","22.580","236"
"429","85770","20220830172000","810","0","高雄市","鳳山區","120.350","22.585","392"
"1681","85771","20220830172000","1775","0","高雄市","鳳山區","120.355","22.585","1649"
"1845","85772","20220830172000","1742","1","高雄市","小港區","120.350","22.565","1666"
"41","85776","20220830172000","84","0","高雄市","小港區","120.325","22.565","28"
"715","85777","20220830172000","754","0","高雄市","小港區","120.330","22.565","707"
"568","85778","20220830172000","560","1","高雄市","前鎮區","120.330","22.570","594"
"1565","85779","20220830172000","969","3","高雄市","小港區","120.335","22.570","1483"
"323","85780","20220830172000","220","2","高雄市","小港區","120.335","22.565","300"
"21","85783","20220830172000","289","0","高雄市","小港區","120.360","22.515","32"
"328","85790","20220830172000","379","0","高雄市","鳳山區","120.340","22.590","364"
"505","85791","20220830172000","264","3","高雄市","鳳山區","120.345","22.590","441"
"975","85793","20220830172000","1009","0","高雄市","鳳山區","120.335","22.590","973"
"699","85794","20220830172000","300","3","高雄市","前鎮區","120.335","22.585","648"
"92","85806","20220830172000","149","0","高雄市","小港區(海)","120.330","22.550","207"
"270","85816","20220830172000","223","2","高雄市","小港區(海)","120.315","22.550","218"
"308","85817","20220830172000","194","3","高雄市","旗津區","120.310","22.555","278"
"45","85821","20220830172000","68","0","高雄市","旗津區(海)","120.300","22.575","44"
"23","85823","20220830172000","44","0","高雄市","前鎮區(海)","120.295","22.585","29"
"175","85826","20220830172000","326","0","高雄市","旗津區(海)","120.295","22.580","193"
"291","85827","20220830172000","184","3","高雄市","旗津區","120.290","22.585","334"
"30","85829","20220830172000","90","0","高雄市","大寮區","120.430","22.560","24"
"11","85834","20220830172000","55","0","高雄市","大寮區","120.430","22.565","11"
"190","85835","20220830172000","106","3","高雄市","大寮區","120.435","22.565","170"
"423","85837","20220830172000","221","3","高雄市","大寮區","120.420","22.570","393"
"818","85839","20220830172000","665","2","高雄市","大寮區","120.430","22.570","791"
"257","85845","20220830172000","192","2","高雄市","大寮區","120.435","22.580","247"
"206","85858","20220830172000","211","0","高雄市","大寮區","120.410","22.575","207"
"351","85859","20220830172000","409","0","高雄市","大寮區","120.415","22.575","378"
"207","85864","20220830172000","248","0","高雄市","大寮區","120.420","22.580","239"
"850","85865","20220830172000","778","1","高雄市","大寮區","120.425","22.580","836"
"110","85866","20220830172000","1027","0","高雄市","大寮區","120.430","22.580","101"
"213","85867","20220830172000","233","0","高雄市","大寮區","120.425","22.585","228"
"387","85869","20220830172000","290","2","高雄市","大寮區","120.435","22.585","366"
"65","85872","20220830172000","528","0","高雄市","大寮區","120.425","22.590","62"
"804","85873","20220830172000","810","0","高雄市","大寮區","120.430","22.590","873"
"49","85880","20220830172000","305","0","高雄市","大寮區","120.400","22.595","43"
"547","85881","20220830172000","526","1","高雄市","大寮區","120.405","22.595","572"
"531","85887","20220830172000","452","1","高雄市","前鎮區","120.320","22.570","563"
"130","85888","20220830172000","173","0","高雄市","前鎮區(海)","120.305","22.575","140"
"619","85894","20220830172000","384","3","高雄市","小港區","120.365","22.585","609"
"1294","85896","20220830172000","733","3","高雄市","前鎮區","120.320","22.590","1101"
"358","85897","20220830172000","351","1","高雄市","林園區","120.395","22.505","315"
"1442","85898","20220830172000","1223","1","高雄市","林園區","120.395","22.510","1500"
"236","85910","20220830172000","227","1","高雄市","林園區","120.405","22.500","272"
"441","85911","20220830172000","317","2","高雄市","林園區","120.410","22.500","422"
"428","85915","20220830172000","332","2","高雄市","林園區","120.405","22.505","441"
"197","85916","20220830172000","82","3","高雄市","林園區","120.410","22.505","176"
"250","85920","20220830172000","195","2","高雄市","林園區","120.405","22.510","246"
"582","85929","20220830172000","375","3","高雄市","林園區","120.405","22.520","538"
"350","85936","20220830172000","210","3","高雄市","林園區","120.390","22.525","340"
"140","85937","20220830172000","156","0","高雄市","林園區","120.395","22.525","136"
"10","85940","20220830172000","13","0","高雄市","林園區","120.410","22.525","16"
"56","85945","20220830172000","379","0","高雄市","前鎮區","120.300","22.595","63"
"801","85946","20220830172000","721","1","高雄市","前鎮區","120.325","22.600","828"
"207","85948","20220830172000","404","0","高雄市","林園區","120.390","22.510","165"
"181","85950","20220830172000","162","1","高雄市","林園區","120.400","22.480","179"
"479","85953","20220830172000","193","3","高雄市","旗津區","120.310","22.560","545"
"25","85954","20220830172000","86","0","高雄市","旗津區","120.305","22.565","82"
"259","85955","20220830172000","394","0","高雄市","旗津區","120.300","22.570","264"
"64","85960","20220830172000","217","0","高雄市","林園區","120.395","22.530","63"
"209","85961","20220830172000","236","0","高雄市","林園區","120.400","22.530","193"
"32","85963","20220830172000","23","2","高雄市","林園區","120.385","22.505","26"
"113","85971","20220830172000","273","0","高雄市","旗津區","120.280","22.595","106"
"220","85972","20220830172000","260","0","高雄市","旗津區","120.285","22.585","248"
"246","85975","20220830172000","201","2","高雄市","旗津區","120.285","22.590","271"
"622","85978","20220830172000","455","2","高雄市","林園區","120.390","22.500","583"
"114","85982","20220830172000","685","0","高雄市","林園區","120.380","22.500","95"
"160","85983","20220830172000","761","0","高雄市","林園區","120.395","22.500","132"
"160","85988","20220830172000","110","2","高雄市","林園區","120.395","22.535","149"
"290","85989","20220830172000","236","2","高雄市","林園區","120.400","22.535","344"
"242","88407","20220830172000","418","0","高雄市","鼓山區","120.260","22.625","318"
"52","90458","20220830172000","34","3","臺東縣","綠島鄉","121.470","22.645","58"
"358","93129","20220830172000","133","3","臺東縣","綠島鄉","121.485","22.680","370"
"516","94971","20220830172000","356","2","高雄市","左營區","120.275","22.700","602"
"60","97490","20220830172000","420","0","屏東縣","屏東市","120.480","22.650","47"
"243","97491","20220830172000","246","0","屏東縣","屏東市","120.485","22.650","287"
"194","97497","20220830172000","278","0","屏東縣","屏東市","120.485","22.645","195"
"26","97500","20220830172000","27","0","屏東縣","屏東市","120.500","22.660","31"
"647","97501","20220830172000","412","3","屏東縣","屏東市","120.500","22.665","581"
"58","97502","20220830172000","396","0","屏東縣","九如鄉","120.490","22.730","60"
"929","97503","20220830172000","750","2","屏東縣","九如鄉","120.490","22.735","851"
"668","97504","20220830172000","348","3","屏東縣","九如鄉","120.490","22.710","727"
"49","97506","20220830172000","63","0","屏東縣","九如鄉","120.490","22.715","39"
"15","97509","20220830172000","33","0","屏東縣","九如鄉","120.495","22.720","17"
"67","97516","20220830172000","256","0","屏東縣","九如鄉","120.500","22.735","69"
"384","97518","20220830172000","99","3","屏東縣","九如鄉","120.505","22.735","350"
"430","97519","20220830172000","270","3","屏東縣","屏東市","120.475","22.655","390"
"299","97520","20220830172000","155","3","屏東縣","屏東市","120.480","22.655","277"
"116","97527","20220830172000","67","3","屏東縣","屏東市","120.450","22.635","124"
"154","97528","20220830172000","174","0","屏東縣","屏東市","120.455","22.635","146"
"130","97529","20220830172000","110","1","屏東縣","屏東市","120.460","22.635","135"
"140","97534","20220830172000","111","2","屏東縣","屏東市","120.455","22.640","119"
"33","97542","20220830172000","16","3","屏東縣","屏東市","120.495","22.625","39"
"498","97544","20220830172000","442","1","屏東縣","屏東市","120.505","22.625","575"
"1616","97550","20220830172000","1288","2","屏東縣","長治鄉","120.510","22.680","1535"
"28","97551","20220830172000","21","2","屏東縣","屏東市","120.475","22.665","20"
"737","97552","20220830172000","588","2","屏東縣","屏東市","120.485","22.670","745"
"87","97565","20220830172000","66","2","屏東縣","內埔鄉","120.570","22.650","89"
"40","97566","20220830172000","161","0","屏東縣","內埔鄉","120.575","22.650","35"
"39","97567","20220830172000","55","0","屏東縣","內埔鄉","120.560","22.655","62"
"10","97581","20220830172000","11","0","屏東縣","內埔鄉","120.585","22.665","15"
"396","97588","20220830172000","218","3","屏東縣","屏東市","120.505","22.690","353"
"1093","97589","20220830172000","1504","0","屏東縣","屏東市","120.495","22.685","1031"
"32","97597","20220830172000","220","0","屏東縣","屏東市","120.510","22.700","64"
"132","97598","20220830172000","114","1","屏東縣","屏東市","120.495","22.705","128"
"159","97600","20220830172000","56","3","屏東縣","屏東市","120.505","22.705","158"
"1019","97606","20220830172000","903","1","屏東縣","屏東市","120.475","22.660","1007"
"255","97607","20220830172000","316","0","屏東縣","屏東市","120.480","22.660","235"
"1318","97613","20220830172000","927","2","屏東縣","屏東市","120.475","22.690","1338"
"91","97614","20220830172000","127","0","屏東縣","屏東市","120.470","22.690","64"
"70","97625","20220830172000","41","3","屏東縣","屏東市","120.485","22.700","62"
"369","97627","20220830172000","251","2","屏東縣","屏東市","120.480","22.670","380"
"625","97628","20220830172000","697","0","屏東縣","屏東市","120.495","22.670","694"
"281","97638","20220830172000","385","0","屏東縣","竹田鄉","120.525","22.605","330"
"811","97642","20220830172000","767","1","屏東縣","屏東市","120.495","22.665","900"
"400","97643","20220830172000","364","1","屏東縣","屏東市","120.480","22.640","414"
"380","97654","20220830172000","314","2","屏東縣","鹽埔鄉","120.605","22.725","389"
"54","97655","20220830172000","47","1","屏東縣","屏東市","120.500","22.650","40"
"21","97656","20220830172000","37","0","屏東縣","屏東市","120.505","22.650","24"
"434","97657","20220830172000","334","2","屏東縣","屏東市","120.480","22.675","496"
"1847","97658","20220830172000","1270","2","屏東縣","屏東市","120.490","22.655","1733"
"442","97660","20220830172000","435","1","屏東縣","屏東市","120.490","22.660","439"
"203","97661","20220830172000","117","3","屏東縣","屏東市","120.495","22.660","209"
"218","97663","20220830172000","140","3","屏東縣","屏東市","120.460","22.665","234"
"127","97701","20220830172000","912","0","屏東縣","鹽埔鄉","120.540","22.730","141"
"64","97715","20220830172000","274","0","屏東縣","鹽埔鄉","120.555","22.735","67"
"406","97722","20220830172000","233","3","屏東縣","鹽埔鄉","120.520","22.735","434"
"11","97743","20220830172000","22","0","屏東縣","長治鄉","120.525","22.690","12"
"114","97744","20220830172000","258","0","屏東縣","長治鄉","120.530","22.690","113"
"44","97746","20220830172000","40","1","屏東縣","長治鄉","120.530","22.695","48"
"29","97752","20220830172000","335","0","屏東縣","屏東市","120.485","22.655","38"
"1019","97754","20220830172000","972","1","屏東縣","屏東市","120.490","22.675","1082"
"461","97761","20220830172000","1210","0","屏東縣","屏東市","120.470","22.655","468"
"46","97765","20220830172000","34","2","屏東縣","屏東市","120.510","22.645","45"
"856","97771","20220830172000","1294","0","屏東縣","屏東市","120.495","22.680","812"
"1900","97772","20220830172000","1093","3","屏東縣","屏東市","120.495","22.675","1705"
"428","97773","20220830172000","495","0","屏東縣","屏東市","120.500","22.685","388"
"2172","97774","20220830172000","1584","2","屏東縣","屏東市","120.505","22.685","2133"
"746","97775","20220830172000","631","1","屏東縣","屏東市","120.510","22.685","783"
"751","97777","20220830172000","760","0","屏東縣","屏東市","120.500","22.675","740"
"194","97783","20220830172000","71","3","屏東縣","內埔鄉","120.600","22.650","176"
"498","97786","20220830172000","918","0","屏東縣","內埔鄉","120.615","22.650","515"
"219","97791","20220830172000","599","0","屏東縣","內埔鄉","120.600","22.660","205"
"405","97800","20220830172000","200","3","屏東縣","麟洛鄉","120.535","22.650","432"
"287","97814","20220830172000","218","2","屏東縣","麟洛鄉","120.550","22.660","290"
"95","97818","20220830172000","83","1","屏東縣","麟洛鄉","120.535","22.665","93"
"85","97823","20220830172000","45","3","屏東縣","麟洛鄉","120.515","22.640","73"
"356","97842","20220830172000","216","3","屏東縣","麟洛鄉","120.520","22.645","376"
"10","97844","20220830172000","10","1","屏東縣","屏東市","120.515","22.650","11"
"75","97849","20220830172000","670","0","屏東縣","麟洛鄉","120.525","22.650","61"
"114","97851","20220830172000","446","0","屏東縣","麟洛鄉","120.520","22.655","119"
"118","97914","20220830172000","305","0","屏東縣","萬丹鄉","120.460","22.595","113"
"901","97916","20220830172000","507","3","屏東縣","屏東市","120.490","22.680","920"
"1594","97917","20220830172000","1543","1","屏東縣","屏東市","120.490","22.685","1542"
"1183","97918","20220830172000","907","2","屏東縣","屏東市","120.490","22.690","916"
"515","97919","20220830172000","746","0","屏東縣","屏東市","120.505","22.670","483"
"850","97920","20220830172000","1238","0","屏東縣","長治鄉","120.510","22.670","849"
"235","97925","20220830172000","357","0","屏東縣","長治鄉","120.545","22.690","226"
"30","97933","20220830172000","17","3","屏東縣","屏東市","120.465","22.670","14"
"404","97947","20220830172000","292","2","屏東縣","屏東市","120.475","22.680","381"
"262","97948","20220830172000","333","0","屏東縣","屏東市","120.480","22.680","231"
"484","97953","20220830172000","509","0","屏東縣","屏東市","120.465","22.685","490"
"199","97954","20220830172000","162","2","屏東縣","屏東市","120.470","22.685","199"
"268","97955","20220830172000","360","0","屏東縣","屏東市","120.475","22.685","242"
"937","97964","20220830172000","1247","0","屏東縣","屏東市","120.510","22.655","887"
"600","97965","20220830172000","970","0","屏東縣","屏東市","120.505","22.660","594"
"232","97967","20220830172000","624","0","屏東縣","屏東市","120.515","22.660","186"
"571","97969","20220830172000","1013","0","屏東縣","屏東市","120.505","22.665","595"
"132","97974","20220830172000","1392","0","屏東縣","屏東市","120.505","22.675","77"
"303","97978","20220830172000","300","1","屏東縣","屏東市","120.475","22.670","317"
"60","97984","20220830172000","471","0","屏東縣","萬丹鄉","120.485","22.610","39"
"482","97985","20220830172000","193","3","屏東縣","萬丹鄉","120.490","22.610","465"
"91","97991","20220830172000","204","0","屏東縣","萬丹鄉","120.490","22.620","81"
"13","98035","20220830172000","48","0","屏東縣","泰武鄉","120.700","22.610","20"
"57","98173","20220830172000","127","0","屏東縣","泰武鄉","120.640","22.625","62"
"268","98233","20220830172000","467","0","屏東縣","萬丹鄉","120.470","22.620","276"
"275","98245","20220830172000","109","3","屏東縣","萬丹鄉","120.470","22.610","269"
"351","98249","20220830172000","164","3","屏東縣","內埔鄉","120.600","22.675","350"
"116","98252","20220830172000","48","3","屏東縣","內埔鄉","120.585","22.640","125"
"71","98255","20220830172000","496","0","屏東縣","內埔鄉","120.590","22.645","60"
"16","98264","20220830172000","203","0","屏東縣","瑪家鄉","120.645","22.695","18"
"193","98266","20220830172000","144","2","屏東縣","瑪家鄉","120.650","22.700","192"
"206","98270","20220830172000","299","0","屏東縣","內埔鄉","120.645","22.705","227"
"1030","98276","20220830172000","578","3","屏東縣","內埔鄉","120.565","22.635","1079"
"218","98277","20220830172000","126","3","屏東縣","內埔鄉","120.545","22.640","174"
"870","98281","20220830172000","939","0","屏東縣","麟洛鄉","120.540","22.645","877"
"227","98298","20220830172000","498","0","屏東縣","內埔鄉","120.555","22.600","229"
"437","98309","20220830172000","483","0","屏東縣","內埔鄉","120.595","22.630","401"
"278","98311","20220830172000","137","3","屏東縣","內埔鄉","120.590","22.635","255"
"145","98316","20220830172000","597","0","屏東縣","內埔鄉","120.600","22.640","154"
"65","98321","20220830172000","173","0","屏東縣","內埔鄉","120.605","22.645","47"
"97","98322","20220830172000","1163","0","屏東縣","內埔鄉","120.610","22.645","102"
"88","98328","20220830172000","68","2","屏東縣","瑪家鄉","120.630","22.650","71"
"38","98341","20220830172000","280","0","屏東縣","內埔鄉","120.580","22.620","24"
"45","98346","20220830172000","21","3","屏東縣","內埔鄉","120.545","22.630","57"
"116","98348","20220830172000","327","0","屏東縣","內埔鄉","120.540","22.635","98"
"17","98355","20220830172000","21","0","屏東縣","內埔鄉","120.635","22.685","17"
"302","98362","20220830172000","188","3","屏東縣","內埔鄉","120.640","22.695","312"
"114","98378","20220830172000","370","0","屏東縣","長治鄉","120.550","22.680","110"
"36","98380","20220830172000","26","2","屏東縣","長治鄉","120.540","22.685","33"
"351","98392","20220830172000","555","0","屏東縣","長治鄉","120.550","22.695","352"
"124","98396","20220830172000","80","3","屏東縣","長治鄉","120.535","22.705","225"
"50","98403","20220830172000","51","0","屏東縣","長治鄉","120.525","22.710","70"
"640","98405","20220830172000","1068","0","屏東縣","長治鄉","120.535","22.710","636"
"23","98406","20220830172000","311","0","屏東縣","長治鄉","120.540","22.710","44"
"186","98407","20220830172000","161","1","屏東縣","長治鄉","120.545","22.710","231"
"119","98408","20220830172000","412","0","屏東縣","長治鄉","120.525","22.715","139"
"91","98410","20220830172000","369","0","屏東縣","長治鄉","120.535","22.715","199"
"145","98418","20220830172000","328","0","屏東縣","萬丹鄉","120.470","22.615","125"
"268","98422","20220830172000","175","3","屏東縣","萬丹鄉","120.520","22.595","281"
"190","98443","20220830172000","193","0","屏東縣","屏東市","120.495","22.640","200"
"383","98446","20220830172000","278","2","屏東縣","屏東市","120.490","22.645","375"
"389","98453","20220830172000","293","2","屏東縣","屏東市","120.485","22.625","405"
"413","98457","20220830172000","486","0","屏東縣","屏東市","120.480","22.635","414"
"76","98458","20220830172000","44","3","屏東縣","屏東市","120.485","22.635","62"
"414","98459","20220830172000","299","2","屏東縣","屏東市","120.490","22.635","439"
"27","98460","20220830172000","326","0","屏東縣","屏東市","120.485","22.640","21"
"158","98462","20220830172000","673","0","屏東縣","內埔鄉","120.565","22.610","187"
"144","98463","20220830172000","69","3","屏東縣","內埔鄉","120.570","22.610","164"
"735","98464","20220830172000","863","0","屏東縣","內埔鄉","120.570","22.615","772"
"475","98467","20220830172000","658","0","屏東縣","內埔鄉","120.560","22.605","497"
"77","98471","20220830172000","685","0","屏東縣","內埔鄉","120.560","22.600","75"
"141","98472","20220830172000","275","0","屏東縣","內埔鄉","120.565","22.600","148"
"63","98486","20220830172000","216","0","屏東縣","內埔鄉","120.595","22.675","67"
"873","98496","20220830172000","1013","0","屏東縣","屏東市","120.485","22.685","855"
"790","98497","20220830172000","399","3","屏東縣","屏東市","120.480","22.690","807"
"759","98498","20220830172000","626","2","屏東縣","屏東市","120.485","22.690","685"
"595","98502","20220830172000","673","0","屏東縣","內埔鄉","120.545","22.625","548"
"14","98511","20220830172000","11","2","屏東縣","內埔鄉","120.570","22.640","11"
"656","98532","20220830172000","687","0","屏東縣","內埔鄉","120.560","22.620","683"
"1082","98533","20220830172000","442","3","屏東縣","內埔鄉","120.565","22.620","939"
"15","98538","20220830172000","14","1","屏東縣","內埔鄉","120.565","22.625","25"
"15","98542","20220830172000","11","2","屏東縣","內埔鄉","120.615","22.685","15"
"59","98544","20220830172000","264","0","屏東縣","內埔鄉","120.600","22.690","36"
"342","98558","20220830172000","309","1","屏東縣","內埔鄉","120.610","22.700","298"
"13","98563","20220830172000","11","1","屏東縣","內埔鄉","120.600","22.665","12"
"17","98566","20220830172000","13","2","屏東縣","內埔鄉","120.600","22.670","18"
"552","98589","20220830172000","391","2","屏東縣","屏東市","120.505","22.695","519"
"808","98591","20220830172000","713","1","屏東縣","屏東市","120.445","22.640","649"
"365","98594","20220830172000","359","1","屏東縣","屏東市","120.460","22.640","358"
"28","98596","20220830172000","269","0","屏東縣","屏東市","120.445","22.645","35"
"562","98598","20220830172000","495","1","屏東縣","屏東市","120.455","22.645","533"
"432","98607","20220830172000","230","3","屏東縣","屏東市","120.465","22.650","400"
"31","98616","20220830172000","35","0","屏東縣","屏東市","120.445","22.660","48"
"147","98633","20220830172000","308","0","屏東縣","三地門鄉","120.640","22.715","189"
"410","98636","20220830172000","402","1","屏東縣","三地門鄉","120.655","22.715","377"
"216","98648","20220830172000","106","3","屏東縣","三地門鄉","120.670","22.720","186"
"351","98723","20220830172000","265","2","屏東縣","屏東市","120.495","22.690","324"
"493","98724","20220830172000","375","2","屏東縣","屏東市","120.500","22.690","506"
"804","98725","20220830172000","687","1","屏東縣","屏東市","120.480","22.665","769"
"558","98726","20220830172000","458","2","屏東縣","屏東市","120.495","22.695","618"
"422","98729","20220830172000","322","2","屏東縣","屏東市","120.500","22.695","428"
"1890","98734","20220830172000","1211","3","屏東縣","屏東市","120.490","22.670","1908"
"88","98776","20220830172000","54","3","屏東縣","萬巒鄉","120.625","22.630","97"
"97","98782","20220830172000","56","3","屏東縣","萬巒鄉","120.625","22.640","108"
"57","98803","20220830172000","59","0","屏東縣","萬巒鄉","120.615","22.605","76"
"565","98804","20220830172000","322","3","屏東縣","萬巒鄉","120.620","22.605","529"
"62","98822","20220830172000","43","2","屏東縣","長治鄉","120.535","22.670","70"
"1105","98826","20220830172000","745","2","屏東縣","長治鄉","120.525","22.675","1111"
"237","98837","20220830172000","200","1","屏東縣","長治鄉","120.515","22.685","243"
"72","98842","20220830172000","780","0","屏東縣","長治鄉","120.510","22.665","54"
"329","98843","20220830172000","381","0","屏東縣","長治鄉","120.515","22.665","350"
"41","98844","20220830172000","43","0","屏東縣","長治鄉","120.520","22.665","27"
"18","98884","20220830172000","28","0","屏東縣","瑪家鄉","120.705","22.675","18"
"587","98968","20220830172000","215","3","屏東縣","瑪家鄉","120.670","22.675","713"
"93","99003","20220830172000","63","2","屏東縣","瑪家鄉","120.655","22.705","88"
"78","99078","20220830172000","102","0","屏東縣","瑪家鄉","120.640","22.685","81"
"264","99094","20220830172000","178","2","屏東縣","竹田鄉","120.530","22.630","234"
"424","99099","20220830172000","287","2","屏東縣","竹田鄉","120.535","22.640","475"
"10","99104","20220830172000","21","0","屏東縣","竹田鄉","120.545","22.600","12"
"179","99110","20220830172000","207","0","屏東縣","竹田鄉","120.520","22.615","193"
"41","99116","20220830172000","190","0","屏東縣","竹田鄉","120.525","22.620","45"
"142","99293","20220830172000","493","0","屏東縣","萬丹鄉","120.465","22.605","133"
"435","99294","20220830172000","154","3","屏東縣","萬丹鄉","120.470","22.605","368"
"179","99299","20220830172000","542","0","屏東縣","萬丹鄉","120.495","22.595","110"
"520","99310","20220830172000","369","2","屏東縣","長治鄉","120.520","22.680","466"
"40","99313","20220830172000","69","0","屏東縣","長治鄉","120.525","22.685","42"
"95","99317","20220830172000","447","0","屏東縣","長治鄉","120.565","22.670","92"
"837","99340","20220830172000","400","3","屏東縣","長治鄉","120.590","22.695","908"
"373","99352","20220830172000","386","0","屏東縣","長治鄉","120.575","22.705","368"
"178","99358","20220830172000","121","2","屏東縣","長治鄉","120.580","22.710","182"
"62","99371","20220830172000","43","2","屏東縣","鹽埔鄉","120.580","22.720","55"
"249","99390","20220830172000","138","3","屏東縣","長治鄉","120.570","22.700","223"
"12","99551","20220830172000","10","2","屏東縣","霧台鄉","120.755","22.730","16"
"50","99607","20220830172000","36","2","屏東縣","高樹鄉","120.630","22.735","60"
"146","99617","20220830172000","54","3","屏東縣","萬丹鄉","120.450","22.620","157"
"82","99627","20220830172000","308","0","屏東縣","萬丹鄉","120.465","22.625","101"
"25","99670","20220830172000","122","0","屏東縣","九如鄉","120.485","22.735","21"
"855","99671","20220830172000","1173","0","屏東縣","屏東市","120.490","22.665","835"
"27","99680","20220830172000","102","0","屏東縣","九如鄉","120.480","22.710","18"
"451","99690","20220830172000","271","3","屏東縣","九如鄉","120.520","22.710","514"
"44","99705","20220830172000","120","0","屏東縣","九如鄉","120.505","22.725","32"
"456","99716","20220830172000","231","3","臺東縣","綠島鄉","121.470","22.670","485"
"242","99719","20220830172000","196","2","臺東縣","綠島鄉","121.470","22.675","232"
"62","99724","20220830172000","16","3","臺東縣","綠島鄉","121.495","22.640","36"
"66","99732","20220830172000","56","1","臺東縣","綠島鄉","121.500","22.645","79"
"157","99739","20220830172000","69","3","臺東縣","綠島鄉","121.505","22.655","120"
"208","99759","20220830172000","124","3","臺東縣","綠島鄉","121.490","22.675","210"
"71","99760","20220830172000","45","3","臺東縣","綠島鄉","121.495","22.675","92"
"169","99762","20220830172000","77","3","臺東縣","綠島鄉","121.505","22.675","149"
"129","99767","20220830172000","62","3","臺東縣","綠島鄉","121.475","22.650","148"
"152","99769","20220830172000","102","2","臺東縣","綠島鄉","121.485","22.650","180"
"253","99774","20220830172000","193","2","臺東縣","綠島鄉","121.475","22.660","396"
"235","99777","20220830172000","102","3","臺東縣","綠島鄉","121.470","22.665","212"
"665","99779","20220830172000","493","2","臺東縣","綠島鄉","121.465","22.670","649"
"468","99780","20220830172000","384","2","高雄市","楠梓區","120.295","22.715","466"
"254","99782","20220830172000","441","0","高雄市","楠梓區","120.305","22.710","230"
"1327","99783","20220830172000","873","3","高雄市","楠梓區","120.300","22.715","1320"
"1374","99784","20220830172000","1019","2","高雄市","楠梓區","120.305","22.715","1392"
"147","99785","20220830172000","409","0","高雄市","楠梓區","120.310","22.715","164"
"1125","99787","20220830172000","1331","0","高雄市","前金區","120.290","22.625","1111"
"1405","99788","20220830172000","1292","1","高雄市","前金區","120.300","22.620","1359"
"612","99792","20220830172000","443","2","臺東縣","臺東市","121.050","22.705","645"
"286","99796","20220830172000","355","0","臺東縣","臺東市","121.040","22.705","317"
"843","99800","20220830172000","543","3","臺東縣","臺東市","121.045","22.710","995"
"35","99817","20220830172000","315","0","臺東縣","臺東市","121.060","22.710","27"
"660","99819","20220830172000","773","0","臺東縣","臺東市","121.070","22.710","729"
"219","99837","20220830172000","110","3","臺東縣","臺東市","121.070","22.720","198"
"88","99854","20220830172000","91","0","臺東縣","臺東市","121.085","22.730","89"
"75","99856","20220830172000","77","0","高雄市","大寮區","120.415","22.620","90"
"230","99859","20220830172000","112","3","高雄市","大寮區","120.430","22.620","207"
"422","99862","20220830172000","469","0","高雄市","大寮區","120.425","22.625","455"
"11","99866","20220830172000","146","0","高雄市","大寮區","120.420","22.630","18"
"2952","99875","20220830172000","1347","3","高雄市","鳥松區","120.335","22.655","2849"
"452","99876","20220830172000","855","0","高雄市","前鎮區","120.315","22.595","413"
"1080","99877","20220830172000","1088","0","高雄市","三民區","120.320","22.670","1164"
"348","99885","20220830172000","259","2","臺東縣","臺東市","121.055","22.725","346"
"1282","99892","20220830172000","1331","0","高雄市","前鎮區","120.305","22.605","1251"
"1267","99893","20220830172000","876","2","高雄市","前鎮區","120.315","22.615","1294"
"1853","99894","20220830172000","1331","2","高雄市","前鎮區","120.305","22.600","1887"
"1037","99895","20220830172000","1298","0","高雄市","前鎮區","120.330","22.610","1050"
"233","99897","20220830172000","287","0","高雄市","仁武區","120.330","22.705","215"
"1109","99898","20220830172000","1321","0","高雄市","仁武區","120.335","22.705","1149"
"1059","99899","20220830172000","887","1","高雄市","仁武區","120.330","22.710","853"
"941","99900","20220830172000","449","3","高雄市","仁武區","120.335","22.710","882"
"66","99901","20220830172000","64","1","高雄市","仁武區","120.330","22.715","83"
"464","99902","20220830172000","754","0","高雄市","楠梓區","120.330","22.720","513"
"16","99903","20220830172000","19","0","高雄市","三民區","120.290","22.640","28"
"110","99905","20220830172000","886","0","高雄市","仁武區","120.355","22.680","110"
"394","99906","20220830172000","1167","0","高雄市","仁武區","120.355","22.685","359"
"624","99908","20220830172000","487","2","高雄市","仁武區","120.345","22.685","620"
"412","99912","20220830172000","376","1","高雄市","仁武區","120.365","22.690","386"
"105","99913","20220830172000","40","3","高雄市","仁武區","120.370","22.690","61"
"206","99914","20220830172000","157","2","高雄市","仁武區","120.375","22.690","211"
"252","99919","20220830172000","80","3","高雄市","仁武區","120.375","22.695","216"
"881","99924","20220830172000","828","1","高雄市","仁武區","120.365","22.700","935"
"208","99927","20220830172000","228","0","高雄市","仁武區","120.380","22.700","223"
"350","99930","20220830172000","278","2","高雄市","仁武區","120.395","22.700","385"
"2107","99933","20220830172000","2330","0","高雄市","鹽埕區","120.285","22.630","2116"
"990","99935","20220830172000","1563","0","高雄市","楠梓區","120.325","22.725","1006"
"90","99936","20220830172000","204","0","高雄市","楠梓區","120.315","22.735","97"
"885","99937","20220830172000","516","3","高雄市","楠梓區","120.320","22.730","806"
"1378","99940","20220830172000","1192","1","高雄市","楠梓區","120.300","22.710","1356"
"1773","99941","20220830172000","1635","1","高雄市","三民區","120.320","22.650","1762"
"3227","99942","20220830172000","3616","0","高雄市","前金區","120.295","22.630","3276"
"689","99943","20220830172000","988","0","高雄市","三民區","120.290","22.645","734"
"112","99944","20220830172000","1211","0","高雄市","鳳山區","120.375","22.635","117"
"1882","99945","20220830172000","1393","2","高雄市","鳳山區","120.365","22.625","1997"
"539","99946","20220830172000","590","0","高雄市","鳳山區","120.370","22.625","591"
"54","99951","20220830172000","207","0","高雄市","大樹區","120.420","22.695","53"
"12","99953","20220830172000","19","0","高雄市","大樹區","120.425","22.700","12"
"25","99955","20220830172000","11","3","高雄市","大樹區","120.430","22.730","35"
"20","99958","20220830172000","35","0","高雄市","大樹區","120.425","22.735","21"
"12","99963","20220830172000","308","0","高雄市","大樹區","120.415","22.685","13"
"24","99964","20220830172000","16","3","高雄市","大樹區","120.410","22.690","26"
"19","99968","20220830172000","13","2","高雄市","大樹區","120.405","22.690","15"
"207","99973","20220830172000","129","3","高雄市","大樹區","120.400","22.700","187"
"204","99976","20220830172000","372","0","高雄市","大社區","120.340","22.725","237"
"180","99979","20220830172000","302","0","高雄市","大社區","120.345","22.725","182"
"69","99983","20220830172000","568","0","高雄市","左營區","120.300","22.685","59"
"32","99984","20220830172000","424","0","高雄市","左營區","120.305","22.690","31"
"2551","99985","20220830172000","2928","0","高雄市","左營區","120.310","22.685","2622"
"1120","99987","20220830172000","752","2","高雄市","左營區","120.315","22.690","1138"
"1273","99989","20220830172000","1286","0","高雄市","新興區","120.305","22.630","1224"
"185","99990","20220830172000","231","0","高雄市","大寮區","120.385","22.615","200"
"637","99993","20220830172000","755","0","高雄市","大寮區","120.380","22.620","599"
"334","99994","20220830172000","217","3","高雄市","大寮區","120.385","22.620","340"
"45","99999","20220830172000","45","1","高雄市","大寮區","120.375","22.600","49"
"2024","100002","20220830172000","2171","0","高雄市","三民區","120.295","22.635","1952"
"860","100003","20220830172000","992","0","高雄市","前金區","120.300","22.625","852"
"2225","100004","20220830172000","2268","0","高雄市","新興區","120.300","22.630","2251"
"385","100005","20220830172000","1524","0","高雄市","大寮區","120.385","22.600","389"
"693","100007","20220830172000","555","2","高雄市","大寮區","120.385","22.610","671"
"579","100010","20220830172000","924","0","高雄市","苓雅區","120.330","22.625","565"
"2573","100011","20220830172000","2521","1","高雄市","鳳山區","120.360","22.635","2522"
"1036","100012","20220830172000","820","2","高雄市","鳳山區","120.365","22.630","1022"
"578","100013","20220830172000","373","3","高雄市","鳳山區","120.375","22.640","566"
"400","100014","20220830172000","925","0","高雄市","鳳山區","120.350","22.615","397"
"3391","100015","20220830172000","2192","3","高雄市","楠梓區","120.300","22.725","3372"
"1149","100016","20220830172000","829","2","高雄市","橋頭區","120.300","22.730","1143"
"857","100017","20220830172000","1494","0","高雄市","橋頭區","120.305","22.730","879"
"741","100019","20220830172000","1084","0","高雄市","鳳山區","120.345","22.615","672"
"778","100021","20220830172000","199","3","高雄市","楠梓區","120.285","22.725","753"
"226","100022","20220830172000","1333","0","高雄市","楠梓區","120.290","22.725","211"
"861","100023","20220830172000","715","2","高雄市","橋頭區","120.295","22.730","420"
"164","100025","20220830172000","381","0","高雄市","楠梓區","120.285","22.730","181"
"22","100026","20220830172000","12","3","高雄市","楠梓區","120.290","22.730","15"
"957","100028","20220830172000","1363","0","高雄市","楠梓區","120.290","22.715","921"
"1078","100029","20220830172000","1310","0","高雄市","楠梓區","120.290","22.720","1147"
"1222","100032","20220830172000","1578","0","高雄市","苓雅區","120.300","22.610","1337"
"1521","100033","20220830172000","944","3","高雄市","苓雅區","120.335","22.625","1515"
"2843","100034","20220830172000","3070","0","高雄市","前鎮區","120.310","22.615","2820"
"692","100038","20220830172000","666","1","高雄市","大寮區","120.405","22.640","709"
"288","100039","20220830172000","238","2","高雄市","大寮區","120.410","22.640","313"
"2858","100044","20220830172000","2654","1","高雄市","三民區","120.325","22.650","2837"
"914","100045","20220830172000","959","0","高雄市","三民區","120.320","22.655","935"
"940","100047","20220830172000","1524","0","高雄市","鳳山區","120.380","22.630","921"
"4030","100048","20220830172000","3588","1","高雄市","苓雅區","120.320","22.620","3974"
"3515","100049","20220830172000","3753","0","高雄市","新興區","120.310","22.630","3576"
"270","100050","20220830172000","918","0","高雄市","三民區","120.315","22.650","306"
"757","100052","20220830172000","1247","0","高雄市","三民區","120.315","22.655","735"
"2420","100053","20220830172000","1314","3","高雄市","三民區","120.330","22.640","2436"
"1316","100054","20220830172000","958","2","高雄市","三民區","120.315","22.640","1384"
"712","100057","20220830172000","947","0","高雄市","前鎮區","120.285","22.605","741"
"579","100058","20220830172000","437","2","高雄市","前鎮區","120.290","22.605","538"
"1720","100059","20220830172000","1375","2","高雄市","前鎮區","120.300","22.605","1957"
"79","100071","20220830172000","66","1","臺東縣","太麻里鄉","121.025","22.670","81"
"108","100074","20220830172000","144","0","臺東縣","太麻里鄉","121.040","22.670","106"
"269","100530","20220830172000","86","3","臺東縣","金峰鄉","120.950","22.640","311"
"109","100729","20220830172000","75","2","臺東縣","金峰鄉","121.000","22.635","109"
"1386","100742","20220830172000","901","3","高雄市","鳳山區","120.360","22.625","1527"
"1368","100743","20220830172000","1644","0","高雄市","三民區","120.305","22.640","1428"
"200","100744","20220830172000","769","0","高雄市","楠梓區","120.295","22.725","207"
"3278","100745","20220830172000","2411","2","高雄市","楠梓區","120.300","22.720","3317"
"165","100746","20220830172000","94","3","高雄市","鳳山區","120.365","22.605","141"
"786","100747","20220830172000","1104","0","高雄市","鳳山區","120.360","22.610","906"
"510","100753","20220830172000","452","1","高雄市","鳳山區","120.355","22.605","514"
"147","100755","20220830172000","167","0","高雄市","鳳山區","120.365","22.615","132"
"71","100759","20220830172000","182","0","高雄市","左營區","120.295","22.695","58"
"357","100760","20220830172000","168","3","高雄市","左營區","120.295","22.700","325"
"2188","100762","20220830172000","1761","2","高雄市","三民區","120.315","22.645","2308"
"2396","100764","20220830172000","2198","1","高雄市","三民區","120.310","22.640","2339"
"1215","100765","20220830172000","1433","0","高雄市","前金區","120.290","22.630","1299"
"1713","100766","20220830172000","1225","2","高雄市","三民區","120.295","22.645","1732"
"136","100767","20220830172000","207","0","高雄市","仁武區","120.340","22.705","128"
"392","100768","20220830172000","1199","0","高雄市","仁武區","120.345","22.705","346"
"643","100771","20220830172000","433","2","高雄市","仁武區","120.340","22.715","652"
"961","100773","20220830172000","1071","0","高雄市","仁武區","120.350","22.690","983"
"913","100775","20220830172000","341","3","高雄市","仁武區","120.350","22.695","895"
"100","100777","20220830172000","788","0","高雄市","仁武區","120.355","22.700","96"
"67","100778","20220830172000","32","3","高雄市","仁武區","120.350","22.705","78"
"234","100779","20220830172000","318","0","高雄市","仁武區","120.355","22.705","233"
"317","100781","20220830172000","305","1","高雄市","仁武區","120.350","22.710","315"
"177","100783","20220830172000","253","0","高雄市","仁武區","120.345","22.715","203"
"269","100784","20220830172000","260","1","高雄市","仁武區","120.350","22.715","246"
"1061","100786","20220830172000","1322","0","高雄市","前鎮區","120.335","22.605","1179"
"3001","100787","20220830172000","2011","2","高雄市","前鎮區","120.330","22.600","2715"
"1767","100788","20220830172000","1778","0","高雄市","三民區","120.335","22.650","1766"
"731","100789","20220830172000","996","0","高雄市","三民區","120.325","22.655","680"
"58","100790","20220830172000","24","3","臺東縣","太麻里鄉","120.975","22.600","55"
"587","100808","20220830172000","642","0","臺東縣","太麻里鄉","121.005","22.610","599"
"3474","100829","20220830172000","3037","1","高雄市","苓雅區","120.340","22.630","2917"
"1900","100830","20220830172000","2220","0","高雄市","鳳山區","120.345","22.630","1759"
"946","100831","20220830172000","1832","0","高雄市","鳳山區","120.365","22.640","908"
"2033","100832","20220830172000","1568","2","高雄市","苓雅區","120.325","22.615","1918"
"2506","100833","20220830172000","2072","2","高雄市","左營區","120.305","22.660","2518"
"3895","100834","20220830172000","3157","2","高雄市","左營區","120.310","22.660","3846"
"4376","100835","20220830172000","3138","2","高雄市","左營區","120.305","22.665","4372"
"1639","100836","20220830172000","2361","0","高雄市","左營區","120.310","22.665","1719"
"1899","100837","20220830172000","1939","0","高雄市","左營區","120.300","22.670","1984"
"2628","100838","20220830172000","2172","2","高雄市","左營區","120.305","22.670","2681"
"1995","100839","20220830172000","1922","1","高雄市","左營區","120.300","22.680","2128"
"1923","100842","20220830172000","1931","0","高雄市","新興區","120.305","22.635","1471"
"72","100844","20220830172000","45","3","高雄市","大寮區","120.385","22.635","90"
"2049","100848","20220830172000","1670","2","高雄市","大寮區","120.395","22.640","2014"
"1906","100851","20220830172000","1797","1","高雄市","三民區","120.325","22.675","1821"
"1698","100852","20220830172000","1429","1","高雄市","三民區","120.325","22.660","1639"
"1733","100853","20220830172000","1318","2","高雄市","三民區","120.330","22.660","1740"
"1138","100854","20220830172000","2252","0","高雄市","三民區","120.325","22.665","1178"
"79","100855","20220830172000","640","0","高雄市","鳥松區","120.335","22.665","82"
"302","100856","20220830172000","1171","0","高雄市","三民區","120.330","22.665","221"
"353","100858","20220830172000","580","0","高雄市","三民區","120.330","22.670","365"
"2701","100860","20220830172000","2314","1","高雄市","三民區","120.335","22.645","2666"
"1158","100861","20220830172000","912","2","高雄市","前鎮區","120.310","22.605","1149"
"2891","100862","20220830172000","2828","1","高雄市","前鎮區","120.310","22.610","2828"
"964","100863","20220830172000","935","1","高雄市","前鎮區","120.315","22.610","889"
"870","100864","20220830172000","386","3","高雄市","左營區","120.290","22.700","842"
"1258","100865","20220830172000","1116","1","高雄市","左營區","120.285","22.680","1257"
"1032","100866","20220830172000","719","2","高雄市","左營區","120.290","22.680","1050"
"1013","100867","20220830172000","1215","0","高雄市","鳳山區","120.350","22.640","1019"
"1995","100868","20220830172000","1284","3","高雄市","鳳山區","120.350","22.630","1910"
"2067","100869","20220830172000","2801","0","高雄市","鳳山區","120.350","22.645","2067"
"1233","100870","20220830172000","1519","0","高雄市","鳳山區","120.350","22.635","1164"
"1938","100871","20220830172000","1806","1","高雄市","苓雅區","120.335","22.620","1925"
"1352","100872","20220830172000","1786","0","高雄市","鳳山區","120.340","22.600","1085"
"2322","100873","20220830172000","1234","3","高雄市","三民區","120.320","22.645","2197"
"1355","100874","20220830172000","1281","1","高雄市","三民區","120.325","22.645","1412"
"2047","100875","20220830172000","1515","2","高雄市","三民區","120.290","22.635","2072"
"1532","100877","20220830172000","1300","1","高雄市","三民區","120.325","22.670","1456"
"1123","100878","20220830172000","1937","0","高雄市","三民區","120.315","22.660","1131"
"1689","100879","20220830172000","1533","1","高雄市","三民區","120.320","22.660","1690"
"2635","100880","20220830172000","2449","1","高雄市","三民區","120.315","22.665","2559"
"366","100881","20220830172000","2295","0","高雄市","三民區","120.320","22.665","326"
"2092","100883","20220830172000","1404","2","高雄市","前鎮區","120.305","22.610","2225"
"282","100888","20220830172000","1077","0","高雄市","大寮區","120.390","22.625","263"
"2369","100890","20220830172000","2064","1","高雄市","三民區","120.335","22.640","2204"
"1906","100891","20220830172000","2592","0","高雄市","鳳山區","120.345","22.635","1960"
"355","100909","20220830172000","492","0","臺東縣","臺東市","121.055","22.705","380"
"197","100915","20220830172000","181","1","臺東縣","太麻里鄉","121.010","22.625","358"
"198","100925","20220830172000","42","3","臺東縣","太麻里鄉","121.015","22.640","211"
"625","100938","20220830172000","351","3","臺東縣","臺東市","121.100","22.725","653"
"165","100946","20220830172000","260","0","高雄市","鳥松區","120.350","22.665","165"
"1162","100947","20220830172000","748","3","高雄市","鳥松區","120.355","22.665","1136"
"301","100948","20220830172000","244","2","高雄市","鳥松區","120.360","22.665","287"
"128","100954","20220830172000","142","0","高雄市","仁武區","120.370","22.680","130"
"42","100961","20220830172000","24","3","高雄市","鳥松區","120.380","22.685","44"
"311","100966","20220830172000","291","1","高雄市","鳥松區","120.395","22.665","328"
"46","100969","20220830172000","71","0","高雄市","鳥松區","120.390","22.675","44"
"1552","100974","20220830172000","1320","1","高雄市","三民區","120.340","22.645","1582"
"823","100975","20220830172000","864","0","高雄市","鳥松區","120.345","22.655","878"
"331","100977","20220830172000","468","0","高雄市","鳥松區","120.340","22.655","318"
"321","100978","20220830172000","365","0","高雄市","鳥松區","120.340","22.660","336"
"390","100982","20220830172000","309","2","高雄市","鳥松區","120.390","22.660","363"
"56","100983","20220830172000","224","0","高雄市","鳥松區","120.395","22.660","54"
"143","100986","20220830172000","1019","0","高雄市","鳳山區","120.360","22.640","110"
"1332","100987","20220830172000","1350","0","高雄市","鳥松區","120.355","22.645","1340"
"294","100988","20220830172000","173","3","高雄市","鳳山區","120.360","22.645","268"
"379","100989","20220830172000","237","3","高雄市","鳥松區","120.365","22.645","372"
"2549","100992","20220830172000","2127","1","高雄市","鳥松區","120.355","22.650","2410"
"693","100995","20220830172000","893","0","高雄市","鳥松區","120.370","22.650","754"
"95","100997","20220830172000","163","0","高雄市","鳥松區","120.355","22.655","69"
"1373","100998","20220830172000","1307","1","高雄市","鳥松區","120.360","22.655","1406"
"996","101004","20220830172000","647","3","高雄市","鳥松區","120.360","22.660","911"
"783","101009","20220830172000","748","1","高雄市","鳥松區","120.370","22.665","703"
"74","101010","20220830172000","132","0","高雄市","鳥松區","120.340","22.665","100"
"140","101011","20220830172000","22","3","高雄市","鳥松區","120.340","22.670","89"
"39","101012","20220830172000","28","2","高雄市","仁武區","120.345","22.670","38"
"27","101013","20220830172000","86","0","高雄市","鳥松區","120.365","22.670","25"
"294","101014","20220830172000","227","2","高雄市","鳥松區","120.370","22.670","325"
"359","101017","20220830172000","224","3","高雄市","鳥松區","120.380","22.655","328"
"206","101018","20220830172000","113","3","高雄市","鳥松區","120.385","22.655","183"
"375","101019","20220830172000","288","2","高雄市","鳥松區","120.370","22.660","348"
"226","101021","20220830172000","403","0","高雄市","鳥松區","120.380","22.660","231"
"727","101029","20220830172000","948","0","高雄市","鳳山區","120.355","22.625","744"
"2361","101030","20220830172000","2071","1","高雄市","鳳山區","120.355","22.635","2213"
"30","101034","20220830172000","13","3","高雄市","鳳山區","120.380","22.625","15"
"1221","101035","20220830172000","1081","1","高雄市","楠梓區","120.325","22.705","1301"
"46","101038","20220830172000","41","1","高雄市","仁武區","120.330","22.695","50"
"272","101039","20220830172000","412","0","高雄市","仁武區","120.325","22.700","296"
"671","101043","20220830172000","791","0","高雄市","前鎮區","120.315","22.605","636"
"1373","101044","20220830172000","2111","0","高雄市","三民區","120.335","22.635","1363"
"203","101045","20220830172000","951","0","高雄市","三民區","120.345","22.640","200"
"221","101046","20220830172000","1041","0","高雄市","仁武區","120.345","22.675","188"
"311","101047","20220830172000","386","0","高雄市","仁武區","120.350","22.675","331"
"345","101048","20220830172000","950","0","高雄市","仁武區","120.340","22.680","401"
"806","101049","20220830172000","482","3","高雄市","仁武區","120.345","22.680","750"
"1494","101052","20220830172000","1010","2","高雄市","仁武區","120.325","22.685","1365"
"812","101053","20220830172000","469","3","高雄市","仁武區","120.325","22.690","743"
"697","101055","20220830172000","531","2","高雄市","仁武區","120.325","22.695","738"
"573","101056","20220830172000","319","3","高雄市","仁武區","120.320","22.695","580"
"764","101058","20220830172000","671","1","高雄市","仁武區","120.330","22.700","794"
"302","101059","20220830172000","898","0","高雄市","鳳山區","120.365","22.635","298"
"1998","101061","20220830172000","1888","1","高雄市","苓雅區","120.295","22.615","1955"
"2541","101062","20220830172000","1860","2","高雄市","苓雅區","120.320","22.625","2344"
"1725","101063","20220830172000","1267","2","高雄市","鳳山區","120.375","22.625","1682"
"63","101064","20220830172000","706","0","高雄市","鳳山區","120.375","22.620","76"
"93","101068","20220830172000","46","3","高雄市","鳳山區","120.365","22.620","191"
"334","101069","20220830172000","303","1","高雄市","鳳山區","120.370","22.620","365"
"1653","101074","20220830172000","1973","0","高雄市","左營區","120.290","22.675","1620"
"72","101076","20220830172000","125","0","高雄市","梓官區","120.250","22.730","60"
"647","101077","20220830172000","676","0","高雄市","梓官區","120.255","22.730","719"
"716","101086","20220830172000","415","3","高雄市","楠梓區","120.275","22.725","643"
"45","101090","20220830172000","376","0","高雄市","楠梓區","120.280","22.725","38"
"365","101092","20220830172000","530","0","高雄市","楠梓區","120.280","22.730","374"
"1658","101094","20220830172000","1226","2","高雄市","楠梓區","120.320","22.725","1654"
"1394","101095","20220830172000","701","3","高雄市","楠梓區","120.285","22.710","1383"
"30","101096","20220830172000","171","0","高雄市","左營區","120.300","22.695","16"
"1379","101100","20220830172000","1630","0","高雄市","苓雅區","120.315","22.625","1311"
"1234","101101","20220830172000","1379","0","高雄市","鹽埕區","120.280","22.625","1271"
"2300","101102","20220830172000","1485","3","高雄市","苓雅區","120.325","22.620","2318"
"419","101103","20220830172000","317","2","高雄市","左營區","120.310","22.670","463"
"1357","101104","20220830172000","712","3","高雄市","左營區","120.315","22.670","1390"
"2780","101105","20220830172000","1891","2","高雄市","左營區","120.300","22.675","2702"
"466","101106","20220830172000","304","3","高雄市","左營區","120.295","22.680","544"
"2121","101107","20220830172000","1659","2","高雄市","左營區","120.305","22.675","2058"
"471","101109","20220830172000","1091","0","高雄市","鳳山區","120.340","22.610","422"
"1762","101110","20220830172000","1819","0","高雄市","鳳山區","120.335","22.615","1650"
"146","101111","20220830172000","622","0","高雄市","鳳山區","120.340","22.615","137"
"594","101113","20220830172000","2084","0","高雄市","鳳山區","120.340","22.605","611"
"707","101114","20220830172000","575","2","高雄市","鼓山區","120.280","22.655","689"
"1759","101115","20220830172000","1900","0","高雄市","鼓山區","120.280","22.660","1810"
"1602","101116","20220830172000","931","3","高雄市","鼓山區","120.285","22.650","1525"
"1487","101117","20220830172000","1493","0","高雄市","鼓山區","120.290","22.650","1471"
"1720","101119","20220830172000","2018","0","高雄市","鼓山區","120.290","22.655","1595"
"98","101120","20220830172000","786","0","高雄市","鼓山區","120.285","22.660","87"
"947","101121","20220830172000","1253","0","高雄市","鼓山區","120.290","22.660","878"
"733","101122","20220830172000","477","3","高雄市","鼓山區","120.290","22.665","769"
"684","101123","20220830172000","1008","0","高雄市","鼓山區","120.285","22.665","703"
"1328","101124","20220830172000","819","3","高雄市","鼓山區","120.280","22.645","1269"
"924","101125","20220830172000","776","1","高雄市","鼓山區","120.270","22.625","946"
"1501","101126","20220830172000","1953","0","高雄市","鼓山區","120.280","22.630","1575"
"101","101127","20220830172000","103","0","高雄市","鼓山區","120.275","22.625","96"
"52","101128","20220830172000","115","0","高雄市","鼓山區","120.270","22.635","51"
"26","101129","20220830172000","41","0","高雄市","鼓山區","120.275","22.635","23"
"1403","101132","20220830172000","1721","0","高雄市","三民區","120.320","22.640","1485"
"794","101133","20220830172000","1220","0","高雄市","鳥松區","120.340","22.650","777"
"3683","101134","20220830172000","2617","2","高雄市","三民區","120.340","22.640","3459"
"1930","101135","20220830172000","2513","0","高雄市","三民區","120.345","22.645","1897"
"245","101137","20220830172000","282","0","高雄市","梓官區","120.260","22.725","243"
"546","101139","20220830172000","324","3","高雄市","梓官區","120.255","22.725","551"
"63","101449","20220830172000","42","3","臺東縣","卑南鄉","120.990","22.690","46"
"574","101488","20220830172000","333","3","臺東縣","卑南鄉","121.020","22.695","572"
"26","101568","20220830172000","128","0","臺東縣","卑南鄉","121.030","22.700","32"
"2869","101748","20220830172000","2278","2","高雄市","苓雅區","120.300","22.615","2867"
"1685","101749","20220830172000","1720","0","高雄市","苓雅區","120.325","22.630","1601"
"628","101750","20220830172000","926","0","高雄市","鳳山區","120.340","22.620","626"
"478","101751","20220830172000","577","0","高雄市","鳳山區","120.370","22.630","628"
"1594","101752","20220830172000","1914","0","高雄市","鳳山區","120.355","22.630","1683"
"614","101753","20220830172000","921","0","高雄市","鳳山區","120.360","22.630","788"
"110","101754","20220830172000","212","0","高雄市","鳳山區","120.330","22.615","119"
"189","101757","20220830172000","883","0","高雄市","苓雅區","120.325","22.635","179"
"210","101758","20220830172000","149","2","高雄市","仁武區","120.350","22.680","175"
"317","101759","20220830172000","248","2","高雄市","鳥松區","120.355","22.670","289"
"279","101760","20220830172000","1326","0","高雄市","仁武區","120.355","22.675","280"
"97","101765","20220830172000","61","3","高雄市","仁武區","120.345","22.695","97"
"530","101766","20220830172000","450","1","高雄市","仁武區","120.340","22.700","557"
"1462","101767","20220830172000","1203","2","高雄市","仁武區","120.345","22.700","1508"
"475","101768","20220830172000","752","0","高雄市","仁武區","120.350","22.700","478"
"47","101777","20220830172000","25","3","高雄市","仁武區","120.375","22.710","36"
"31","101778","20220830172000","81","0","高雄市","仁武區","120.380","22.710","40"
"47","101783","20220830172000","53","0","高雄市","仁武區","120.380","22.715","55"
"70","101785","20220830172000","78","0","高雄市","仁武區","120.390","22.715","66"
"70","101790","20220830172000","86","0","高雄市","仁武區","120.390","22.720","65"
"627","101808","20220830172000","381","3","高雄市","三民區","120.335","22.670","700"
"686","101809","20220830172000","566","2","高雄市","仁武區","120.335","22.680","476"
"1366","101810","20220830172000","955","2","高雄市","仁武區","120.335","22.685","1333"
"132","101815","20220830172000","651","0","高雄市","仁武區","120.330","22.680","188"
"164","101817","20220830172000","1032","0","高雄市","仁武區","120.330","22.690","145"
"238","101818","20220830172000","546","0","高雄市","仁武區","120.335","22.690","255"
"1659","101819","20220830172000","801","3","高雄市","仁武區","120.330","22.675","1407"
"288","101820","20220830172000","583","0","高雄市","仁武區","120.335","22.675","292"
"689","101822","20220830172000","697","0","高雄市","前鎮區","120.320","22.605","693"
"782","101823","20220830172000","477","3","高雄市","前鎮區","120.325","22.605","751"
"512","101824","20220830172000","1022","0","高雄市","前鎮區","120.325","22.610","449"
"2835","101825","20220830172000","2513","1","高雄市","前鎮區","120.320","22.610","2693"
"174","101826","20220830172000","232","0","高雄市","左營區","120.290","22.685","187"
"872","101827","20220830172000","693","2","高雄市","左營區","120.275","22.690","773"
"269","101829","20220830172000","181","2","高雄市","左營區","120.285","22.690","322"
"362","101832","20220830172000","387","0","高雄市","左營區","120.285","22.695","324"
"549","101833","20220830172000","374","2","高雄市","左營區","120.290","22.695","469"
"156","101835","20220830172000","378","0","高雄市","左營區","120.285","22.700","145"
"125","101836","20220830172000","108","1","高雄市","左營區","120.280","22.705","103"
"177","101837","20220830172000","169","1","高雄市","楠梓區","120.285","22.705","188"
"1639","101838","20220830172000","1854","0","高雄市","左營區","120.290","22.670","1501"
"2908","101839","20220830172000","2306","2","高雄市","苓雅區","120.335","22.630","2725"
"1885","101840","20220830172000","1479","2","高雄市","三民區","120.340","22.635","1794"
"753","101842","20220830172000","1037","0","高雄市","鳳山區","120.345","22.625","758"
"306","101843","20220830172000","498","0","高雄市","鼓山區","120.275","22.660","328"
"13","101848","20220830172000","39","0","高雄市","鼓山區","120.275","22.670","19"
"164","101852","20220830172000","500","0","臺東縣","太麻里鄉","121.000","22.600","158"
"111","101859","20220830172000","452","0","臺東縣","太麻里鄉","121.010","22.605","102"
"128","101862","20220830172000","100","2","臺東縣","太麻里鄉","121.045","22.675","143"
"294","101876","20220830172000","319","0","臺東縣","太麻里鄉","121.030","22.685","307"
"40","101884","20220830172000","24","3","臺東縣","太麻里鄉","120.995","22.690","36"
"327","101895","20220830172000","146","3","臺東縣","太麻里鄉","121.050","22.690","308"
"47","101899","20220830172000","103","0","臺東縣","卑南鄉","121.010","22.695","65"
"79","101900","20220830172000","105","0","臺東縣","卑南鄉","121.015","22.695","100"
"141","101930","20220830172000","43","3","臺東縣","太麻里鄉","121.020","22.650","168"
"31","101962","20220830172000","137","0","臺東縣","太麻里鄉","121.030","22.660","47"
"1381","101964","20220830172000","1247","1","高雄市","苓雅區","120.320","22.635","987"
"485","101965","20220830172000","1052","0","高雄市","三民區","120.315","22.635","460"
"2035","101966","20220830172000","2388","0","高雄市","苓雅區","120.330","22.630","2020"
"149","101967","20220830172000","233","0","高雄市","鳳山區","120.350","22.605","168"
"1320","101970","20220830172000","1124","1","高雄市","鳳山區","120.350","22.600","1279"
"605","101972","20220830172000","1299","0","高雄市","鳳山區","120.335","22.610","589"
"2773","101973","20220830172000","1854","2","高雄市","苓雅區","120.330","22.635","2731"
"75","101976","20220830172000","51","2","高雄市","大寮區","120.425","22.600","73"
"132","101977","20220830172000","138","0","高雄市","大寮區","120.430","22.600","121"
"165","101981","20220830172000","466","0","高雄市","前金區","120.290","22.620","177"
"2106","101982","20220830172000","1715","2","高雄市","苓雅區","120.340","22.625","2126"
"960","101983","20220830172000","448","3","高雄市","苓雅區","120.330","22.620","894"
"2032","101984","20220830172000","1958","1","高雄市","鼓山區","120.280","22.650","1873"
"458","101985","20220830172000","992","0","高雄市","三民區","120.285","22.640","495"
"663","101988","20220830172000","580","1","高雄市","楠梓區","120.285","22.715","694"
"2868","101989","20220830172000","2903","0","高雄市","苓雅區","120.305","22.620","2978"
"108","101990","20220830172000","72","3","高雄市","苓雅區","120.320","22.615","97"
"221","101991","20220830172000","1679","0","高雄市","苓雅區","120.320","22.630","193"
"3405","101992","20220830172000","3349","1","高雄市","前金區","120.295","22.620","3142"
"1789","101993","20220830172000","1383","2","高雄市","苓雅區","120.325","22.625","1764"
"1235","101995","20220830172000","1310","0","高雄市","鼓山區","120.275","22.620","1333"
"435","101996","20220830172000","372","1","高雄市","鹽埕區","120.280","22.620","445"
"45","101997","20220830172000","592","0","高雄市","左營區","120.295","22.705","56"
"3190","101998","20220830172000","2413","2","高雄市","左營區","120.310","22.675","3220"
"691","101999","20220830172000","579","1","高雄市","左營區","120.315","22.675","640"
"1267","102000","20220830172000","942","2","高雄市","左營區","120.320","22.675","1299"
"83","102001","20220830172000","932","0","高雄市","左營區","120.305","22.685","183"
"1192","102002","20220830172000","625","3","高雄市","左營區","120.310","22.680","1058"
"2767","102003","20220830172000","2101","2","高雄市","左營區","120.320","22.680","2534"
"93","102005","20220830172000","141","0","高雄市","大寮區","120.395","22.600","76"
"448","102006","20220830172000","393","1","高雄市","大寮區","120.390","22.600","321"
"282","102007","20220830172000","319","0","高雄市","大寮區","120.390","22.605","276"
"1108","102008","20220830172000","844","2","高雄市","大寮區","120.395","22.605","1000"
"756","102010","20220830172000","570","2","高雄市","大寮區","120.400","22.610","698"
"148","102013","20220830172000","533","0","高雄市","大寮區","120.405","22.615","138"
"572","102015","20220830172000","754","0","高雄市","鳳山區","120.355","22.640","581"
"916","102017","20220830172000","716","2","高雄市","鼓山區","120.280","22.635","912"
"907","102018","20220830172000","762","1","高雄市","鳳山區","120.370","22.635","675"
"1250","102019","20220830172000","978","2","高雄市","鼓山區","120.295","22.665","1110"
"2330","102020","20220830172000","3623","0","高雄市","鼓山區","120.300","22.665","2433"
"322","102021","20220830172000","205","3","高雄市","鼓山區","120.265","22.625","295"
"1062","102022","20220830172000","1186","0","高雄市","鼓山區","120.265","22.630","917"
"188","102024","20220830172000","378","0","高雄市","鼓山區","120.260","22.635","201"
"187","102030","20220830172000","241","0","高雄市","鼓山區","120.255","22.645","219"
"57","102031","20220830172000","70","0","高雄市","鼓山區","120.260","22.645","57"
"692","102045","20220830172000","671","1","高雄市","鼓山區","120.275","22.650","630"
"625","102046","20220830172000","513","2","高雄市","苓雅區","120.310","22.620","604"
"2866","102047","20220830172000","2271","2","高雄市","左營區","120.295","22.670","2676"
"43","102048","20220830172000","362","0","高雄市","鼓山區","120.285","22.670","37"
"107","102049","20220830172000","724","0","高雄市","鼓山區","120.280","22.640","124"
"29","102052","20220830172000","228","0","高雄市","大樹區","120.430","22.675","23"
"25","102067","20220830172000","16","3","高雄市","大樹區","120.430","22.700","27"
"310","102078","20220830172000","386","0","高雄市","大樹區","120.410","22.675","341"
"162","102079","20220830172000","184","0","高雄市","大樹區","120.405","22.680","155"
"110","102090","20220830172000","38","3","高雄市","大樹區","120.395","22.690","96"
"768","102093","20220830172000","774","0","高雄市","大樹區","120.430","22.690","775"
"481","102098","20220830172000","335","2","高雄市","大樹區","120.435","22.695","489"
"311","102111","20220830172000","481","0","高雄市","大樹區","120.410","22.660","353"
"617","102113","20220830172000","470","2","高雄市","大樹區","120.410","22.665","619"
"272","102120","20220830172000","273","0","高雄市","大樹區","120.445","22.725","309"
"316","102123","20220830172000","261","2","高雄市","大樹區","120.445","22.730","277"
"253","102126","20220830172000","156","3","高雄市","大樹區","120.445","22.735","222"
"158","102132","20220830172000","280","0","高雄市","大樹區","120.425","22.665","145"
"306","102141","20220830172000","86","3","高雄市","大樹區","120.425","22.675","233"
"1609","102143","20220830172000","1858","0","高雄市","左營區","120.295","22.690","1485"
"769","102144","20220830172000","946","0","高雄市","鳳山區","120.360","22.620","819"
"1566","102146","20220830172000","1568","0","高雄市","鳳山區","120.355","22.620","1508"
"414","102147","20220830172000","372","1","高雄市","鳳山區","120.335","22.600","430"
"4872","102148","20220830172000","3652","2","高雄市","新興區","120.315","22.630","4771"
"2233","102149","20220830172000","1903","1","高雄市","苓雅區","120.305","22.615","2340"
"1539","102150","20220830172000","1118","2","高雄市","鳳山區","120.345","22.605","1429"
"2336","102151","20220830172000","1686","2","高雄市","前鎮區","120.330","22.605","2284"
"1565","102152","20220830172000","1225","2","高雄市","鳥松區","120.345","22.650","1574"
"1476","102153","20220830172000","1977","0","高雄市","三民區","120.330","22.650","1490"
"623","102154","20220830172000","1042","0","高雄市","三民區","120.330","22.655","626"
"143","102157","20220830172000","560","0","高雄市","仁武區","120.360","22.675","111"
"152","102159","20220830172000","114","2","高雄市","仁武區","120.365","22.680","130"
"693","102160","20220830172000","760","0","高雄市","仁武區","120.360","22.685","689"
"50","102165","20220830172000","254","0","高雄市","仁武區","120.365","22.685","359"
"498","102172","20220830172000","508","0","高雄市","大寮區","120.425","22.605","544"
"152","102173","20220830172000","885","0","高雄市","大寮區","120.430","22.605","140"
"772","102181","20220830172000","456","3","高雄市","大寮區","120.410","22.615","699"
"154","102185","20220830172000","140","1","高雄市","大寮區","120.430","22.615","167"
"274","102186","20220830172000","233","1","高雄市","大寮區","120.420","22.640","276"
"316","102190","20220830172000","403","0","高雄市","大寮區","120.415","22.640","313"
"15","102199","20220830172000","221","0","高雄市","鼓山區","120.275","22.630","23"
"433","102200","20220830172000","327","2","高雄市","鼓山區","120.270","22.620","485"
"553","102203","20220830172000","682","0","高雄市","大寮區","120.385","22.640","575"
"773","102206","20220830172000","655","1","高雄市","鳥松區","120.385","22.645","790"
"550","102213","20220830172000","195","3","高雄市","鳥松區","120.390","22.650","520"
"512","102215","20220830172000","451","1","高雄市","鳥松區","120.390","22.655","512"
"34","102216","20220830172000","204","0","高雄市","鳥松區","120.395","22.655","30"
"336","102217","20220830172000","184","3","高雄市","鳥松區","120.400","22.655","334"
"467","102227","20220830172000","385","2","高雄市","鼓山區","120.285","22.655","452"
"802","102228","20220830172000","1163","0","高雄市","三民區","120.295","22.650","827"
"1514","102229","20220830172000","1113","2","高雄市","鼓山區","120.295","22.655","1497"
"1977","102230","20220830172000","1407","2","高雄市","鼓山區","120.300","22.655","1939"
"1432","102231","20220830172000","2592","0","高雄市","鼓山區","120.305","22.655","1539"
"1407","102232","20220830172000","1201","1","高雄市","左營區","120.310","22.655","1462"
"4652","102233","20220830172000","3733","2","高雄市","鼓山區","120.295","22.660","4669"
"179","102235","20220830172000","383","0","高雄市","楠梓區","120.315","22.715","163"
"1165","102236","20220830172000","1171","0","高雄市","楠梓區","120.315","22.720","1189"
"349","102237","20220830172000","1569","0","高雄市","楠梓區","120.295","22.710","368"
"3601","102238","20220830172000","3289","1","高雄市","苓雅區","120.315","22.620","3468"
"33","102239","20220830172000","76","0","高雄市","旗津區","120.265","22.615","34"
"450","102241","20220830172000","460","0","高雄市","大寮區","120.410","22.620","461"
"357","102243","20220830172000","314","1","高雄市","大寮區","120.410","22.625","393"
"269","102244","20220830172000","188","2","高雄市","大寮區","120.405","22.630","224"
"120","102246","20220830172000","104","1","高雄市","大樹區","120.425","22.715","114"
"17","102251","20220830172000","28","0","高雄市","大樹區","120.425","22.720","57"
"233","102254","20220830172000","1985","0","高雄市","大樹區","120.405","22.725","225"
"108","102259","20220830172000","65","3","高雄市","大樹區","120.430","22.725","91"
"185","102260","20220830172000","1195","0","高雄市","仁武區","120.400","22.730","234"
"64","102261","20220830172000","790","0","高雄市","大樹區","120.405","22.730","66"
"68","102267","20220830172000","73","0","高雄市","大樹區","120.410","22.735","177"
"588","102273","20220830172000","480","2","高雄市","大樹區","120.415","22.655","534"
"282","102274","20220830172000","211","2","高雄市","大樹區","120.420","22.655","285"
"135","102276","20220830172000","580","0","高雄市","大樹區","120.420","22.660","130"
"231","102278","20220830172000","123","3","高雄市","大樹區","120.410","22.645","204"
"74","102279","20220830172000","68","1","高雄市","大樹區","120.415","22.645","82"
"774","102280","20220830172000","1075","0","高雄市","大樹區","120.420","22.645","626"
"238","102282","20220830172000","315","0","高雄市","大樹區","120.425","22.650","280"
"681","102285","20220830172000","641","1","高雄市","大樹區","120.425","22.655","685"
"182","102292","20220830172000","246","0","高雄市","大寮區","120.405","22.605","183"
"106","102296","20220830172000","178","0","高雄市","前鎮區(海)","120.285","22.610","116"
"980","102302","20220830172000","913","1","高雄市","大寮區","120.390","22.635","1037"
"411","102303","20220830172000","424","0","高雄市","大寮區","120.395","22.635","419"
"181","102304","20220830172000","111","3","高雄市","大寮區","120.400","22.635","177"
"187","102305","20220830172000","86","3","高雄市","大寮區","120.400","22.640","177"
"1285","102306","20220830172000","1651","0","高雄市","三民區","120.305","22.645","1315"
"2881","102307","20220830172000","1606","3","高雄市","三民區","120.305","22.650","2966"
"2500","102308","20220830172000","2257","1","高雄市","鳳山區","120.345","22.620","2534"
"501","102309","20220830172000","366","2","高雄市","鳳山區","120.350","22.620","507"
"515","102310","20220830172000","1341","0","高雄市","鳳山區","120.350","22.625","469"
"267","102311","20220830172000","131","3","高雄市","旗津區","120.275","22.605","231"
"527","102312","20220830172000","365","2","高雄市","旗津區(海)","120.275","22.610","546"
"445","102313","20220830172000","550","0","高雄市","旗津區","120.275","22.600","487"
"657","102314","20220830172000","595","1","高雄市","旗津區","120.270","22.610","1037"
"142","102316","20220830172000","161","0","高雄市","大社區","120.365","22.715","144"
"302","102319","20220830172000","290","1","高雄市","大社區","120.350","22.720","313"
"214","102326","20220830172000","111","3","高雄市","大社區","120.340","22.730","203"
"320","102327","20220830172000","997","0","高雄市","大社區","120.350","22.735","345"
"1320","102328","20220830172000","1435","0","高雄市","大社區","120.345","22.730","1303"
"636","102329","20220830172000","774","0","高雄市","大社區","120.350","22.730","638"
"521","102330","20220830172000","561","0","高雄市","大社區","120.355","22.730","515"
"168","102333","20220830172000","130","2","高雄市","大社區","120.370","22.730","169"
"48","102335","20220830172000","52","0","高雄市","大社區","120.375","22.730","71"
"127","102340","20220830172000","672","0","高雄市","大社區","120.360","22.720","113"
"975","102341","20220830172000","761","2","高雄市","大社區","120.350","22.725","939"
"356","102342","20220830172000","286","2","高雄市","大社區","120.355","22.725","301"
"141","102343","20220830172000","47","3","高雄市","大社區","120.360","22.725","95"
"104","102344","20220830172000","135","0","高雄市","左營區","120.295","22.675","106"
"137","102345","20220830172000","432","0","高雄市","左營區","120.300","22.690","117"
"24","102346","20220830172000","10","3","高雄市","左營區","120.260","22.670","18"
"149","102347","20220830172000","174","0","高雄市","左營區","120.265","22.675","121"
"245","102349","20220830172000","132","3","高雄市","左營區","120.275","22.675","246"
"275","102350","20220830172000","186","2","高雄市","左營區","120.280","22.675","339"
"606","102353","20220830172000","362","3","高雄市","左營區","120.275","22.680","532"
"443","102354","20220830172000","866","0","高雄市","左營區","120.280","22.680","425"
"461","102356","20220830172000","373","2","高雄市","左營區","120.265","22.680","576"
"125","102357","20220830172000","235","0","高雄市","左營區","120.270","22.680","147"
"630","102358","20220830172000","416","3","高雄市","左營區","120.280","22.685","582"
"258","102360","20220830172000","109","3","高雄市","左營區","120.265","22.685","410"
"739","102361","20220830172000","677","1","高雄市","左營區","120.275","22.685","823"
"57","102364","20220830172000","183","0","高雄市","左營區","120.295","22.685","54"
"3180","102365","20220830172000","2394","2","高雄市","新興區","120.310","22.625","3007"
"1760","102366","20220830172000","1559","1","高雄市","新興區","120.305","22.625","1618"
"3514","102370","20220830172000","3572","0","高雄市","仁武區","120.325","22.680","3489"
"1907","102371","20220830172000","2163","0","高雄市","左營區","120.305","22.680","2022"
"1059","102372","20220830172000","2196","0","高雄市","左營區","120.315","22.680","1068"
"895","102373","20220830172000","622","2","高雄市","左營區","120.315","22.685","833"
"554","102374","20220830172000","580","0","高雄市","仁武區","120.330","22.685","548"
"204","102375","20220830172000","382","0","高雄市","左營區","120.310","22.690","218"
"1946","102376","20220830172000","1580","2","高雄市","左營區","120.320","22.685","1906"
"4993","102377","20220830172000","6742","0","高雄市","三民區","120.310","22.645","4761"
"514","102378","20220830172000","910","0","高雄市","三民區","120.310","22.650","492"
"1515","102380","20220830172000","1219","2","高雄市","三民區","120.325","22.640","1724"
"798","102381","20220830172000","868","0","高雄市","三民區","120.295","22.640","877"
"1550","102382","20220830172000","1482","1","高雄市","三民區","120.300","22.650","1485"
"2319","102383","20220830172000","1740","2","高雄市","新興區","120.300","22.635","2303"
"2603","102384","20220830172000","1164","3","高雄市","三民區","120.285","22.635","2578"
"1554","102385","20220830172000","1189","2","高雄市","三民區","120.330","22.645","1380"
"36","102386","20220830172000","34","1","高雄市","楠梓區","120.330","22.725","28"
"33","102387","20220830172000","27","2","高雄市","楠梓區","120.330","22.730","28"
"1397","102388","20220830172000","1452","0","高雄市","楠梓區","120.335","22.730","1514"
"2275","102389","20220830172000","1822","2","高雄市","楠梓區","120.325","22.730","2207"
"974","102390","20220830172000","1164","0","高雄市","楠梓區","120.285","22.720","928"
"492","102391","20220830172000","497","0","高雄市","楠梓區","120.290","22.705","492"
"170","102393","20220830172000","142","1","高雄市","楠梓區","120.305","22.700","192"
"578","102408","20220830172000","360","3","高雄市","鼓山區(海)","120.295","22.600","575"
"35","102414","20220830172000","12","3","高雄市","鼓山區(海)","120.290","22.615","52"
"1686","102417","20220830172000","1914","0","高雄市","三民區","120.300","22.645","1680"
"195","102419","20220830172000","203","0","高雄市","新興區","120.310","22.635","183"
"2561","102420","20220830172000","2576","0","高雄市","三民區","120.300","22.640","2480"
"400","102421","20220830172000","706","0","高雄市","鳳山區","120.345","22.600","404"
"2616","102422","20220830172000","2517","1","高雄市","鳳山區","120.345","22.610","2479"
"669","102423","20220830172000","437","3","高雄市","鳳山區","120.355","22.610","629"
"2562","102424","20220830172000","2325","1","高雄市","鹽埕區","120.285","22.625","2656"
"2605","102425","20220830172000","1600","3","高雄市","鹽埕區","120.285","22.620","2925"
"1192","102426","20220830172000","1341","0","高雄市","楠梓區","120.305","22.720","661"
"1106","102427","20220830172000","1312","0","高雄市","楠梓區","120.310","22.720","1293"
"3616","102428","20220830172000","2514","2","高雄市","楠梓區","120.305","22.725","3750"
"1931","102429","20220830172000","1298","2","高雄市","楠梓區","120.310","22.725","1964"
"533","102430","20220830172000","1385","0","高雄市","楠梓區","120.315","22.725","531"
"921","102431","20220830172000","1331","0","高雄市","楠梓區","120.315","22.730","876"
"305","102432","20220830172000","198","3","高雄市","楠梓區","120.265","22.705","381"
"44","102441","20220830172000","180","0","高雄市","楠梓區","120.280","22.715","47"
"195","102442","20220830172000","635","0","高雄市","楠梓區","120.280","22.720","212"
"712","102444","20220830172000","749","0","高雄市","楠梓區","120.320","22.715","748"
"358","102445","20220830172000","362","0","高雄市","楠梓區","120.325","22.720","355"
"117","102447","20220830172000","1034","0","高雄市","楠梓區","120.320","22.720","112"
"155","102448","20220830172000","148","1","高雄市","旗津區","120.270","22.605","192"
"13","102461","20220830172000","12","1","高雄市","大樹區","120.420","22.700","10"
"143","102466","20220830172000","111","2","高雄市","大樹區","120.415","22.705","126"
"58","102478","20220830172000","253","0","高雄市","大樹區","120.440","22.710","43"
"262","102482","20220830172000","291","0","高雄市","大樹區","120.445","22.715","236"
"225","111108","20220830172000","649","0","屏東縣","九如鄉","120.480","22.750","257"
"21","111132","20220830172000","23","0","屏東縣","九如鄉","120.480","22.740","17"
"58","111134","20220830172000","65","0","屏東縣","九如鄉","120.490","22.740","54"
"58","111142","20220830172000","178","0","屏東縣","九如鄉","120.500","22.740","537"
"132","111145","20220830172000","177","0","屏東縣","九如鄉","120.500","22.745","114"
"77","111157","20220830172000","316","0","屏東縣","九如鄉","120.500","22.760","92"
"415","111163","20220830172000","158","3","屏東縣","九如鄉","120.495","22.745","382"
"41","111167","20220830172000","255","0","屏東縣","九如鄉","120.490","22.755","49"
"49","111171","20220830172000","168","0","屏東縣","九如鄉","120.495","22.760","35"
"442","111186","20220830172000","183","3","屏東縣","高樹鄉","120.570","22.795","427"
"181","111215","20220830172000","109","3","屏東縣","鹽埔鄉","120.545","22.760","110"
"67","111217","20220830172000","168","0","屏東縣","鹽埔鄉","120.555","22.760","67"
"25","111237","20220830172000","10","3","屏東縣","鹽埔鄉","120.540","22.745","29"
"518","111238","20220830172000","268","3","屏東縣","鹽埔鄉","120.545","22.745","479"
"484","111270","20220830172000","295","3","屏東縣","鹽埔鄉","120.550","22.735","461"
"28","111271","20220830172000","31","0","屏東縣","鹽埔鄉","120.560","22.735","25"
"83","111273","20220830172000","320","0","屏東縣","鹽埔鄉","120.555","22.740","64"
"581","111282","20220830172000","204","3","屏東縣","鹽埔鄉","120.560","22.740","598"
"299","111309","20220830172000","268","1","屏東縣","鹽埔鄉","120.515","22.740","359"
"83","111315","20220830172000","177","0","屏東縣","鹽埔鄉","120.580","22.740","82"
"100","111337","20220830172000","397","0","屏東縣","鹽埔鄉","120.580","22.755","76"
"441","111360","20220830172000","891","0","屏東縣","鹽埔鄉","120.575","22.755","416"
"162","111374","20220830172000","106","3","屏東縣","里港鄉","120.480","22.770","156"
"572","111380","20220830172000","380","3","屏東縣","里港鄉","120.480","22.775","551"
"107","111398","20220830172000","133","0","屏東縣","里港鄉","120.490","22.820","107"
"51","111418","20220830172000","155","0","屏東縣","里港鄉","120.490","22.775","46"
"1223","111419","20220830172000","901","2","屏東縣","里港鄉","120.495","22.775","1182"
"215","111451","20220830172000","181","1","屏東縣","里港鄉","120.535","22.775","219"
"138","111459","20220830172000","399","0","屏東縣","里港鄉","120.520","22.785","109"
"385","111491","20220830172000","158","3","屏東縣","里港鄉","120.500","22.780","396"
"222","111507","20220830172000","310","0","屏東縣","高樹鄉","120.615","22.815","208"
"27","111605","20220830172000","75","0","屏東縣","三地門鄉","120.700","22.790","34"
"180","111907","20220830172000","113","3","屏東縣","三地門鄉","120.635","22.745","183"
"12","112026","20220830172000","47","0","屏東縣","霧台鄉","120.740","22.740","16"
"483","112600","20220830172000","213","3","屏東縣","里港鄉","120.505","22.810","418"
"641","112635","20220830172000","389","3","屏東縣","里港鄉","120.490","22.805","588"
"452","112659","20220830172000","421","1","屏東縣","里港鄉","120.505","22.815","522"
"17","112661","20220830172000","14","2","屏東縣","里港鄉","120.525","22.815","13"
"54","112669","20220830172000","104","0","屏東縣","里港鄉","120.505","22.820","46"
"269","112687","20220830172000","179","3","屏東縣","里港鄉","120.535","22.825","258"
"152","112714","20220830172000","77","3","屏東縣","里港鄉","120.485","22.765","146"
"1064","112719","20220830172000","895","1","屏東縣","里港鄉","120.495","22.780","1069"
"21","112920","20220830172000","116","0","屏東縣","霧台鄉","120.725","22.740","29"
"143","112942","20220830172000","136","1","屏東縣","高樹鄉","120.595","22.775","156"
"14","112982","20220830172000","21","0","屏東縣","高樹鄉","120.615","22.760","21"
"12","112995","20220830172000","11","1","屏東縣","高樹鄉","120.615","22.770","26"
"197","112999","20220830172000","130","3","屏東縣","高樹鄉","120.635","22.770","175"
"32","113004","20220830172000","28","1","屏東縣","高樹鄉","120.630","22.740","38"
"172","113006","20220830172000","164","1","屏東縣","高樹鄉","120.620","22.740","195"
"46","113023","20220830172000","32","2","屏東縣","高樹鄉","120.625","22.830","63"
"183","113048","20220830172000","424","0","屏東縣","高樹鄉","120.560","22.785","167"
"54","113075","20220830172000","113","0","屏東縣","高樹鄉","120.590","22.825","54"
"364","113097","20220830172000","280","2","屏東縣","高樹鄉","120.610","22.785","366"
"48","113099","20220830172000","222","0","屏東縣","高樹鄉","120.620","22.785","44"
"27","113103","20220830172000","12","3","屏東縣","高樹鄉","120.610","22.790","26"
"142","113129","20220830172000","75","3","屏東縣","高樹鄉","120.595","22.810","173"
"89","113131","20220830172000","46","3","屏東縣","高樹鄉","120.595","22.815","81"
"1415","113133","20220830172000","1208","1","屏東縣","高樹鄉","120.600","22.825","1515"
"2360","113137","20220830172000","3240","0","臺東縣","臺東市","121.155","22.750","2429"
"185","113138","20220830172000","662","0","臺東縣","臺東市","121.135","22.760","106"
"188","113139","20220830172000","85","3","臺東縣","臺東市","121.160","22.760","215"
"1669","113141","20220830172000","1245","2","臺東縣","臺東市","121.155","22.755","1636"
"842","113159","20220830172000","505","3","高雄市","永安區","120.225","22.820","769"
"906","113177","20220830172000","575","3","高雄市","永安區","120.250","22.810","958"
"120","113178","20220830172000","586","0","高雄市","岡山區","120.255","22.810","120"
"175","113182","20220830172000","186","0","高雄市","永安區","120.250","22.815","185"
"283","113185","20220830172000","177","3","高雄市","永安區","120.240","22.815","259"
"56","113196","20220830172000","49","1","高雄市","永安區","120.205","22.840","55"
"475","113206","20220830172000","769","0","臺東縣","臺東市","121.130","22.765","489"
"721","113207","20220830172000","1164","0","臺東縣","臺東市","121.120","22.770","676"
"95","113208","20220830172000","377","0","臺東縣","臺東市","121.125","22.770","92"
"550","113213","20220830172000","324","3","臺東縣","臺東市","121.125","22.780","571"
"912","113214","20220830172000","1079","0","臺東縣","臺東市","121.120","22.785","944"
"31","113215","20220830172000","242","0","臺東縣","臺東市","121.125","22.785","27"
"479","113216","20220830172000","157","3","臺東縣","臺東市","121.130","22.770","449"
"1066","113217","20220830172000","854","2","臺東縣","臺東市","121.135","22.770","1014"
"70","113218","20220830172000","100","0","臺東縣","臺東市","121.125","22.775","71"
"515","113219","20220830172000","716","0","臺東縣","臺東市","121.130","22.775","523"
"533","113236","20220830172000","658","0","臺東縣","臺東市","121.115","22.785","594"
"591","113239","20220830172000","261","3","臺東縣","臺東市","121.110","22.790","596"
"341","113251","20220830172000","127","3","臺東縣","臺東市","121.155","22.760","300"
"500","113258","20220830172000","264","3","臺東縣","臺東市","121.175","22.780","498"
"177","113260","20220830172000","79","3","臺東縣","臺東市","121.185","22.790","183"
"37","113262","20220830172000","158","0","臺東縣","臺東市","121.195","22.790","34"
"357","113263","20220830172000","602","0","臺東縣","臺東市","121.190","22.795","434"
"297","113266","20220830172000","131","3","臺東縣","臺東市","121.195","22.800","272"
"36","113269","20220830172000","29","2","臺東縣","臺東市","121.190","22.810","36"
"140","113273","20220830172000","201","0","臺東縣","臺東市","121.195","22.815","142"
"192","113295","20220830172000","281","0","臺東縣","臺東市","121.175","22.785","241"
"242","113299","20220830172000","104","3","臺東縣","臺東市","121.175","22.790","210"
"228","113310","20220830172000","84","3","臺東縣","臺東市","121.150","22.765","213"
"691","113311","20220830172000","863","0","臺東縣","臺東市","121.155","22.765","696"
"221","113314","20220830172000","971","0","高雄市","岡山區","120.285","22.780","207"
"32","113315","20220830172000","23","2","高雄市","岡山區","120.290","22.780","39"
"100","113317","20220830172000","52","3","高雄市","岡山區","120.290","22.785","96"
"1482","113318","20220830172000","1492","0","高雄市","岡山區","120.280","22.800","1447"
"272","113327","20220830172000","871","0","臺東縣","臺東市","121.065","22.740","285"
"196","113345","20220830172000","264","0","臺東縣","臺東市","121.055","22.760","188"
"227","113347","20220830172000","196","1","臺東縣","臺東市","121.060","22.760","232"
"238","113353","20220830172000","558","0","臺東縣","臺東市","121.140","22.765","209"
"1195","113354","20220830172000","2051","0","臺東縣","臺東市","121.145","22.765","1143"
"548","113355","20220830172000","312","3","臺東縣","臺東市","121.140","22.770","575"
"901","113356","20220830172000","1013","0","臺東縣","臺東市","121.145","22.770","956"
"893","113364","20220830172000","1114","0","臺東縣","臺東市","121.145","22.745","833"
"1810","113366","20220830172000","1914","0","臺東縣","臺東市","121.140","22.750","1765"
"862","113367","20220830172000","1140","0","臺東縣","臺東市","121.145","22.750","986"
"643","113369","20220830172000","1256","0","臺東縣","臺東市","121.145","22.755","877"
"115","113372","20220830172000","61","3","臺東縣","臺東市","121.160","22.755","122"
"22","113373","20220830172000","58","0","臺東縣","臺東市","121.165","22.755","20"
"142","113378","20220830172000","153","0","臺東縣","臺東市","121.125","22.790","149"
"318","113380","20220830172000","336","0","臺東縣","臺東市","121.130","22.790","397"
"729","113381","20220830172000","985","0","臺東縣","臺東市","121.125","22.795","809"
"376","113386","20220830172000","350","1","臺東縣","臺東市","121.125","22.805","360"
"134","113389","20220830172000","51","3","臺東縣","臺東市","121.120","22.810","144"
"688","113416","20220830172000","743","0","臺東縣","臺東市","121.105","22.750","767"
"290","113423","20220830172000","234","2","臺東縣","臺東市","121.105","22.755","302"
"480","113425","20220830172000","408","1","臺東縣","臺東市","121.075","22.760","439"
"43","113434","20220830172000","465","0","臺東縣","臺東市","121.060","22.735","65"
"57","113448","20220830172000","89","0","屏東縣","里港鄉","120.530","22.830","70"
"146","113450","20220830172000","104","2","高雄市","美濃區","120.540","22.830","164"
"284","113466","20220830172000","200","2","高雄市","美濃區","120.530","22.840","305"
"21","113487","20220830172000","23","0","高雄市","大樹區","120.445","22.740","17"
"39","113496","20220830172000","23","3","高雄市","大樹區","120.445","22.745","30"
"476","113505","20220830172000","782","0","高雄市","大樹區","120.445","22.750","479"
"198","113506","20220830172000","113","3","高雄市","大樹區","120.450","22.750","317"
"48","113513","20220830172000","36","2","高雄市","岡山區","120.270","22.775","49"
"70","113514","20220830172000","270","0","高雄市","楠梓區","120.280","22.735","98"
"326","113564","20220830172000","158","3","臺東縣","卑南鄉","121.075","22.775","324"
"437","113740","20220830172000","287","3","臺東縣","卑南鄉","121.080","22.775","450"
"287","113741","20220830172000","233","2","臺東縣","卑南鄉","121.085","22.775","314"
"582","113742","20220830172000","314","3","臺東縣","卑南鄉","121.090","22.775","544"
"382","113750","20220830172000","236","3","臺東縣","卑南鄉","121.080","22.785","427"
"58","113762","20220830172000","135","0","臺東縣","卑南鄉","121.095","22.790","86"
"278","113792","20220830172000","324","0","臺東縣","卑南鄉","121.100","22.825","291"
"229","113799","20220830172000","133","3","臺東縣","卑南鄉","121.090","22.830","275"
"30","113840","20220830172000","162","0","臺東縣","卑南鄉","121.105","22.795","27"
"344","113843","20220830172000","486","0","臺東縣","卑南鄉","121.090","22.800","388"
"331","113882","20220830172000","169","3","臺東縣","卑南鄉","121.090","22.820","380"
"40","113896","20220830172000","59","0","高雄市","路竹區","120.270","22.840","48"
"465","113902","20220830172000","381","2","高雄市","橋頭區","120.290","22.745","449"
"89","113905","20220830172000","64","2","高雄市","橋頭區","120.295","22.755","81"
"171","113906","20220830172000","578","0","高雄市","楠梓區","120.325","22.755","183"
"174","113911","20220830172000","119","2","高雄市","橋頭區","120.320","22.765","180"
"738","113923","20220830172000","568","2","高雄市","橋頭區","120.305","22.770","767"
"262","113933","20220830172000","277","0","高雄市","橋頭區","120.290","22.760","300"
"1115","113934","20220830172000","894","2","高雄市","岡山區","120.280","22.765","1076"
"101","113947","20220830172000","75","2","高雄市","路竹區","120.275","22.840","74"
"136","113948","20220830172000","86","3","高雄市","路竹區","120.280","22.840","132"
"506","113950","20220830172000","398","2","高雄市","路竹區","120.275","22.820","511"
"17","113958","20220830172000","15","1","高雄市","路竹區","120.270","22.825","19"
"699","113959","20220830172000","523","2","高雄市","路竹區","120.275","22.825","639"
"1257","113962","20220830172000","1041","2","高雄市","路竹區","120.265","22.830","1329"
"32","113965","20220830172000","14","3","高雄市","路竹區","120.265","22.840","33"
"499","113969","20220830172000","604","0","高雄市","路竹區","120.240","22.835","524"
"1824","113971","20220830172000","1485","2","高雄市","路竹區","120.250","22.835","1904"
"568","113978","20220830172000","780","0","高雄市","路竹區","120.245","22.845","588"
"982","113982","20220830172000","974","1","高雄市","路竹區","120.260","22.840","928"
"68","113984","20220830172000","202","0","高雄市","彌陀區","120.245","22.785","53"
"493","113985","20220830172000","358","2","高雄市","彌陀區","120.245","22.790","461"
"66","113992","20220830172000","40","3","高雄市","橋頭區","120.300","22.765","60"
"43","113994","20220830172000","472","0","高雄市","橋頭區","120.320","22.735","23"
"293","113997","20220830172000","405","0","高雄市","橋頭區","120.315","22.745","347"
"22","113999","20220830172000","69","0","高雄市","橋頭區","120.315","22.750","24"
"234","114001","20220830172000","502","0","高雄市","橋頭區","120.315","22.760","225"
"193","114004","20220830172000","335","0","高雄市","橋頭區","120.310","22.760","211"
"1008","114006","20220830172000","1149","0","高雄市","橋頭區","120.310","22.765","990"
"13","114044","20220830172000","11","1","高雄市","旗山區","120.465","22.830","13"
"371","114050","20220830172000","305","2","高雄市","橋頭區","120.300","22.740","347"
"549","114055","20220830172000","400","2","高雄市","橋頭區","120.295","22.735","564"
"222","114057","20220830172000","334","0","高雄市","橋頭區","120.295","22.740","224"
"82","114059","20220830172000","479","0","高雄市","橋頭區","120.290","22.765","64"
"492","114062","20220830172000","351","2","高雄市","橋頭區","120.270","22.735","572"
"39","114068","20220830172000","284","0","高雄市","橋頭區","120.280","22.745","44"
"427","114075","20220830172000","416","1","高雄市","永安區","120.240","22.820","451"
"349","114077","20220830172000","219","3","高雄市","永安區","120.250","22.820","329"
"188","114094","20220830172000","199","0","高雄市","永安區","120.210","22.810","195"
"85","114108","20220830172000","44","3","高雄市","永安區","120.205","22.825","78"
"33","114112","20220830172000","588","0","高雄市","路竹區","120.260","22.835","38"
"3015","114116","20220830172000","3402","0","臺東縣","臺東市","121.150","22.755","3118"
"3236","114117","20220830172000","2047","3","臺東縣","臺東市","121.145","22.760","3141"
"1176","114118","20220830172000","849","2","臺東縣","臺東市","121.150","22.760","1019"
"294","114125","20220830172000","330","0","臺東縣","臺東市","121.115","22.750","252"
"1130","114128","20220830172000","968","1","臺東縣","臺東市","121.135","22.755","1189"
"879","114129","20220830172000","800","1","臺東縣","臺東市","121.140","22.760","847"
"524","114130","20220830172000","1954","0","臺東縣","臺東市","121.150","22.750","470"
"553","114135","20220830172000","281","3","臺東縣","臺東市","121.100","22.740","523"
"827","114143","20220830172000","1352","0","高雄市","燕巢區","120.360","22.765","760"
"2206","114144","20220830172000","1830","2","高雄市","燕巢區","120.365","22.765","2172"
"420","114154","20220830172000","1048","0","高雄市","燕巢區","120.360","22.770","468"
"618","114155","20220830172000","381","3","高雄市","岡山區","120.315","22.775","609"
"47","114158","20220830172000","37","2","高雄市","燕巢區","120.330","22.775","63"
"869","114160","20220830172000","875","0","高雄市","燕巢區","120.340","22.775","920"
"309","114174","20220830172000","285","1","高雄市","燕巢區","120.360","22.775","275"
"91","114194","20220830172000","73","2","高雄市","燕巢區","120.400","22.810","100"
"123","114204","20220830172000","167","0","高雄市","燕巢區","120.340","22.755","144"
"153","114206","20220830172000","297","0","高雄市","燕巢區","120.350","22.755","161"
"384","114207","20220830172000","292","2","高雄市","燕巢區","120.355","22.755","385"
"273","114210","20220830172000","846","0","高雄市","燕巢區","120.335","22.760","296"
"354","114212","20220830172000","350","1","高雄市","燕巢區","120.345","22.760","347"
"46","114214","20220830172000","172","0","高雄市","燕巢區","120.355","22.760","27"
"44","114226","20220830172000","90","0","高雄市","田寮區","120.420","22.820","339"
"18","114264","20220830172000","228","0","高雄市","岡山區","120.270","22.790","17"
"67","114268","20220830172000","43","3","高雄市","岡山區","120.270","22.795","53"
"665","114271","20220830172000","731","0","高雄市","岡山區","120.285","22.795","715"
"819","114274","20220830172000","529","3","高雄市","岡山區","120.280","22.780","737"
"673","114276","20220830172000","454","2","高雄市","梓官區","120.265","22.750","666"
"536","114278","20220830172000","432","2","高雄市","梓官區","120.260","22.745","540"
"194","114279","20220830172000","105","3","高雄市","梓官區","120.265","22.745","231"
"15","114284","20220830172000","116","0","高雄市","梓官區","120.265","22.765","15"
"630","114288","20220830172000","532","1","高雄市","梓官區","120.265","22.760","645"
"1256","114295","20220830172000","1034","2","高雄市","梓官區","120.270","22.760","1265"
"348","114297","20220830172000","303","1","高雄市","梓官區","120.245","22.740","398"
"327","114302","20220830172000","229","2","高雄市","梓官區","120.245","22.750","347"
"318","114304","20220830172000","237","2","高雄市","梓官區","120.250","22.735","332"
"536","114307","20220830172000","671","0","高雄市","橋頭區","120.310","22.750","542"
"164","114308","20220830172000","47","3","高雄市","橋頭區","120.315","22.755","151"
"850","114309","20220830172000","1344","0","高雄市","橋頭區","120.310","22.755","847"
"738","114311","20220830172000","766","0","高雄市","橋頭區","120.305","22.735","684"
"47","114315","20220830172000","193","0","高雄市","橋頭區","120.305","22.740","42"
"565","114318","20220830172000","405","2","高雄市","橋頭區","120.310","22.745","554"
"561","114322","20220830172000","340","3","高雄市","橋頭區","120.300","22.755","539"
"200","114329","20220830172000","131","3","高雄市","旗山區","120.445","22.775","186"
"65","114344","20220830172000","42","3","高雄市","旗山區","120.440","22.785","57"
"52","114349","20220830172000","52","1","高雄市","旗山區","120.430","22.790","36"
"57","114358","20220830172000","40","2","高雄市","旗山區","120.435","22.795","42"
"169","114363","20220830172000","244","0","高雄市","旗山區","120.460","22.795","164"
"71","114393","20220830172000","58","2","高雄市","旗山區","120.455","22.815","114"
"181","114395","20220830172000","91","3","高雄市","旗山區","120.465","22.815","192"
"518","114407","20220830172000","639","0","高雄市","旗山區","120.465","22.840","494"
"74","114408","20220830172000","81","0","高雄市","旗山區","120.450","22.845","90"
"67","114416","20220830172000","429","0","高雄市","梓官區","120.270","22.765","68"
"75","114421","20220830172000","876","0","高雄市","梓官區","120.260","22.740","56"
"407","114422","20220830172000","246","3","高雄市","橋頭區","120.265","22.740","380"
"32","114424","20220830172000","260","0","臺東縣","卑南鄉","121.160","22.790","35"
"117","114448","20220830172000","67","3","臺東縣","卑南鄉","121.180","22.805","111"
"176","114462","20220830172000","81","3","臺東縣","卑南鄉","121.150","22.820","179"
"110","114473","20220830172000","93","1","臺東縣","卑南鄉","121.150","22.830","132"
"211","114575","20220830172000","164","2","臺東縣","卑南鄉","121.055","22.745","215"
"164","114700","20220830172000","230","0","臺東縣","臺東市","121.045","22.760","219"
"273","114840","20220830172000","143","3","臺東縣","卑南鄉","121.070","22.795","240"
"443","114846","20220830172000","344","2","臺東縣","卑南鄉","121.065","22.800","500"
"408","114971","20220830172000","514","0","臺東縣","臺東市","121.125","22.740","422"
"33","114972","20220830172000","346","0","臺東縣","臺東市","121.130","22.740","40"
"1462","114977","20220830172000","819","3","臺東縣","臺東市","121.135","22.740","1324"
"658","114979","20220830172000","900","0","臺東縣","臺東市","121.120","22.735","725"
"16","114990","20220830172000","28","0","高雄市","岡山區","120.345","22.820","14"
"1542","115004","20220830172000","1083","2","高雄市","岡山區","120.285","22.790","1521"
"122","115005","20220830172000","54","3","高雄市","岡山區","120.290","22.790","112"
"264","115006","20220830172000","172","3","高雄市","岡山區","120.295","22.785","263"
"17","115293","20220830172000","22","0","高雄市","田寮區","120.370","22.825","22"
"173","115298","20220830172000","202","0","高雄市","田寮區","120.360","22.830","235"
"77","115300","20220830172000","110","0","高雄市","田寮區","120.370","22.830","84"
"136","115304","20220830172000","107","2","高雄市","田寮區","120.355","22.835","136"
"93","115311","20220830172000","112","0","高雄市","田寮區","120.395","22.835","92"
"249","115312","20220830172000","164","3","高雄市","田寮區","120.345","22.840","222"
"46","115319","20220830172000","54","0","高雄市","田寮區","120.345","22.845","56"
"96","115329","20220830172000","66","2","高雄市","旗山區","120.435","22.830","106"
"138","115367","20220830172000","733","0","高雄市","燕巢區","120.355","22.790","124"
"375","115368","20220830172000","257","2","高雄市","燕巢區","120.360","22.790","346"
"44","115373","20220830172000","35","2","高雄市","燕巢區","120.360","22.780","41"
"440","115374","20220830172000","375","1","高雄市","燕巢區","120.325","22.785","485"
"401","115375","20220830172000","442","0","高雄市","燕巢區","120.330","22.785","419"
"316","115377","20220830172000","236","2","高雄市","燕巢區","120.340","22.785","337"
"331","115380","20220830172000","352","0","高雄市","燕巢區","120.355","22.785","336"
"474","115382","20220830172000","309","3","高雄市","燕巢區","120.340","22.790","448"
"363","115384","20220830172000","227","3","高雄市","燕巢區","120.350","22.790","374"
"18","115394","20220830172000","15","2","高雄市","燕巢區","120.355","22.810","19"
"30","115398","20220830172000","30","1","高雄市","燕巢區","120.375","22.810","29"
"84","115401","20220830172000","90","0","高雄市","燕巢區","120.390","22.810","87"
"71","115402","20220830172000","69","1","高雄市","燕巢區","120.355","22.815","83"
"20","115404","20220830172000","20","1","高雄市","燕巢區","120.365","22.815","23"
"167","115429","20220830172000","140","1","高雄市","燕巢區","120.365","22.790","152"
"389","115436","20220830172000","327","1","高雄市","燕巢區","120.365","22.795","391"
"117","115437","20220830172000","103","1","高雄市","燕巢區","120.370","22.795","128"
"36","115438","20220830172000","23","3","高雄市","燕巢區","120.375","22.795","28"
"431","115447","20220830172000","999","0","高雄市","燕巢區","120.375","22.760","372"
"641","115450","20220830172000","1118","0","高雄市","燕巢區","120.375","22.765","647"
"96","115453","20220830172000","160","0","高雄市","燕巢區","120.390","22.765","68"
"26","115456","20220830172000","24","1","高雄市","燕巢區","120.415","22.765","21"
"29","115458","20220830172000","80","0","高雄市","燕巢區","120.385","22.770","17"
"11","115462","20220830172000","14","0","高雄市","燕巢區","120.405","22.770","11"
"85","115463","20220830172000","57","2","高雄市","燕巢區","120.410","22.770","40"
"366","115472","20220830172000","256","2","高雄市","燕巢區","120.385","22.775","342"
"130","115473","20220830172000","129","1","高雄市","燕巢區","120.390","22.775","140"
"77","115475","20220830172000","140","0","高雄市","燕巢區","120.400","22.775","68"
"15","115478","20220830172000","16","0","高雄市","燕巢區","120.415","22.775","36"
"167","115482","20220830172000","91","3","高雄市","燕巢區","120.385","22.780","156"
"129","115486","20220830172000","171","0","高雄市","燕巢區","120.405","22.780","148"
"106","115500","20220830172000","108","0","高雄市","燕巢區","120.420","22.780","127"
"249","115501","20220830172000","150","3","高雄市","燕巢區","120.425","22.780","254"
"12","115506","20220830172000","160","0","高雄市","燕巢區","120.405","22.785","12"
"23","115507","20220830172000","33","0","高雄市","燕巢區","120.410","22.785","18"
"52","115513","20220830172000","146","0","高雄市","燕巢區","120.405","22.790","27"
"89","115519","20220830172000","119","0","高雄市","燕巢區","120.410","22.795","70"
"495","115523","20220830172000","283","3","高雄市","岡山區","120.315","22.785","508"
"322","115524","20220830172000","636","0","高雄市","燕巢區","120.320","22.785","397"
"34","115528","20220830172000","320","0","高雄市","燕巢區","120.330","22.790","27"
"86","115531","20220830172000","354","0","高雄市","燕巢區","120.325","22.795","86"
"305","115537","20220830172000","577","0","高雄市","燕巢區","120.335","22.800","368"
"708","115543","20220830172000","670","1","高雄市","燕巢區","120.355","22.795","739"
"130","115544","20220830172000","98","2","高雄市","燕巢區","120.360","22.795","137"
"416","115546","20220830172000","508","0","高雄市","燕巢區","120.355","22.800","429"
"722","115555","20220830172000","1429","0","高雄市","楠梓區","120.325","22.735","670"
"958","115556","20220830172000","709","2","高雄市","楠梓區","120.330","22.735","964"
"862","115557","20220830172000","1072","0","高雄市","楠梓區","120.335","22.735","821"
"617","115559","20220830172000","813","0","高雄市","楠梓區","120.330","22.740","671"
"927","115560","20220830172000","795","1","高雄市","楠梓區","120.335","22.740","909"
"76","115562","20220830172000","447","0","高雄市","楠梓區","120.330","22.745","68"
"18","115563","20220830172000","203","0","高雄市","橋頭區","120.325","22.750","22"
"482","115564","20220830172000","472","1","高雄市","楠梓區","120.330","22.750","475"
"189","115565","20220830172000","61","3","高雄市","岡山區","120.305","22.780","222"
"274","115567","20220830172000","171","3","高雄市","岡山區","120.315","22.825","263"
"362","115568","20220830172000","401","0","高雄市","岡山區","120.325","22.825","354"
"160","115576","20220830172000","543","0","高雄市","岡山區","120.315","22.815","146"
"371","115577","20220830172000","353","1","高雄市","岡山區","120.320","22.815","400"
"59","115580","20220830172000","81","0","高雄市","岡山區","120.325","22.820","78"
"176","115598","20220830172000","1977","0","高雄市","岡山區","120.295","22.795","153"
"198","115599","20220830172000","157","2","高雄市","岡山區","120.290","22.800","180"
"750","115600","20220830172000","526","2","高雄市","岡山區","120.295","22.800","637"
"11","115611","20220830172000","13","0","臺東縣","臺東市","121.105","22.765","14"
"634","115616","20220830172000","804","0","臺東縣","臺東市","121.105","22.770","689"
"543","115617","20220830172000","242","3","臺東縣","臺東市","121.110","22.770","535"
"92","115618","20220830172000","543","0","臺東縣","臺東市","121.115","22.770","93"
"182","115631","20220830172000","124","2","高雄市","大樹區","120.420","22.765","214"
"124","115636","20220830172000","132","0","高雄市","大樹區","120.445","22.765","111"
"239","115644","20220830172000","227","1","高雄市","大樹區","120.450","22.770","214"
"179","115647","20220830172000","72","3","高雄市","旗山區","120.430","22.775","112"
"751","115648","20220830172000","492","3","高雄市","岡山區","120.300","22.815","716"
"1108","115657","20220830172000","845","2","高雄市","岡山區","120.300","22.820","1142"
"443","115660","20220830172000","534","0","高雄市","岡山區","120.315","22.820","472"
"320","115663","20220830172000","131","3","高雄市","岡山區","120.295","22.830","275"
"271","115664","20220830172000","172","3","高雄市","岡山區","120.290","22.795","254"
"836","115665","20220830172000","534","3","高雄市","岡山區","120.285","22.800","735"
"29","115669","20220830172000","286","0","高雄市","燕巢區","120.325","22.800","37"
"22","115670","20220830172000","52","0","高雄市","岡山區","120.310","22.805","22"
"108","115676","20220830172000","155","0","高雄市","岡山區","120.320","22.810","100"
"166","115684","20220830172000","235","0","高雄市","岡山區","120.305","22.775","187"
"20","115686","20220830172000","28","0","高雄市","岡山區","120.310","22.775","19"
"59","115687","20220830172000","513","0","高雄市","岡山區","120.300","22.780","71"
"50","115690","20220830172000","785","0","高雄市","岡山區","120.300","22.785","36"
"135","115691","20220830172000","1335","0","高雄市","岡山區","120.290","22.805","104"
"116","115692","20220830172000","239","0","高雄市","岡山區","120.295","22.805","118"
"155","115694","20220830172000","839","0","高雄市","岡山區","120.295","22.790","157"
"131","115706","20220830172000","119","1","高雄市","彌陀區","120.240","22.755","151"
"143","115708","20220830172000","144","0","高雄市","梓官區","120.250","22.755","148"
"219","115709","20220830172000","101","3","高雄市","彌陀區","120.235","22.760","191"
"159","115713","20220830172000","135","1","高雄市","彌陀區","120.240","22.765","144"
"393","115714","20220830172000","384","1","高雄市","彌陀區","120.250","22.780","343"
"329","115717","20220830172000","361","0","臺東縣","臺東市","121.140","22.740","389"
"421","115718","20220830172000","180","3","臺東縣","臺東市","121.130","22.745","412"
"1100","115719","20220830172000","1411","0","臺東縣","臺東市","121.135","22.745","1168"
"99","115720","20220830172000","373","0","臺東縣","臺東市","121.140","22.745","73"
"670","115721","20220830172000","711","0","臺東縣","臺東市","121.130","22.750","653"
"1089","115722","20220830172000","480","3","臺東縣","臺東市","121.135","22.750","1040"
"272","115724","20220830172000","261","1","臺東縣","臺東市","121.120","22.750","243"
"397","115727","20220830172000","402","0","臺東縣","臺東市","121.130","22.755","426"
"358","115728","20220830172000","690","0","臺東縣","臺東市","121.120","22.760","389"
"260","115732","20220830172000","154","3","臺東縣","臺東市","121.090","22.760","218"
"249","115739","20220830172000","341","0","臺東縣","臺東市","121.095","22.765","271"
"688","115745","20220830172000","821","0","臺東縣","臺東市","121.095","22.770","681"
"268","115749","20220830172000","140","3","高雄市","阿蓮區","120.335","22.835","264"
"15","115751","20220830172000","14","1","高雄市","阿蓮區","120.325","22.840","13"
"1323","115782","20220830172000","891","2","高雄市","岡山區","120.300","22.795","1366"
"1025","115783","20220830172000","1045","0","高雄市","岡山區","120.305","22.795","993"
"104","115784","20220830172000","66","3","高雄市","岡山區","120.310","22.795","85"
"678","115787","20220830172000","630","1","高雄市","岡山區","120.270","22.780","709"
"97","115788","20220830172000","507","0","高雄市","岡山區","120.270","22.785","114"
"272","115791","20220830172000","703","0","高雄市","岡山區","120.285","22.785","240"
"362","115793","20220830172000","386","0","高雄市","彌陀區","120.250","22.785","379"
"830","115795","20220830172000","840","0","高雄市","彌陀區","120.235","22.795","866"
"94","115804","20220830172000","107","0","高雄市","彌陀區","120.245","22.775","85"
"129","115805","20220830172000","85","3","高雄市","彌陀區","120.245","22.765","128"
"132","115808","20220830172000","112","1","高雄市","彌陀區","120.245","22.770","124"
"62","115810","20220830172000","318","0","高雄市","彌陀區","120.255","22.770","61"
"10","115812","20220830172000","59","0","高雄市","大樹區","120.405","22.735","10"
"1432","115819","20220830172000","764","3","高雄市","岡山區","120.305","22.785","1296"
"577","115820","20220830172000","1592","0","高雄市","岡山區","120.300","22.790","533"
"818","115821","20220830172000","904","0","高雄市","岡山區","120.305","22.790","821"
"787","115833","20220830172000","478","3","高雄市","岡山區","120.265","22.815","807"
"801","115834","20220830172000","693","1","高雄市","岡山區","120.270","22.815","794"
"451","115836","20220830172000","384","1","高雄市","岡山區","120.255","22.820","431"
"389","115841","20220830172000","388","1","高雄市","岡山區","120.265","22.820","354"
"603","115844","20220830172000","371","3","高雄市","岡山區","120.300","22.830","588"
"632","115849","20220830172000","971","0","高雄市","阿蓮區","120.305","22.835","728"
"79","115851","20220830172000","252","0","高雄市","岡山區","120.280","22.810","81"
"559","115852","20220830172000","377","2","高雄市","岡山區","120.285","22.810","541"
"389","115855","20220830172000","283","2","高雄市","岡山區","120.285","22.815","340"
"70","115856","20220830172000","575","0","高雄市","岡山區","120.290","22.815","73"
"521","115872","20220830172000","353","2","高雄市","彌陀區","120.250","22.775","527"
"36","115876","20220830172000","14","3","高雄市","大社區","120.345","22.735","19"
"55","115878","20220830172000","545","0","高雄市","大社區","120.360","22.740","57"
"173","115879","20220830172000","252","0","高雄市","大社區","120.365","22.740","190"
"395","115883","20220830172000","404","0","高雄市","大社區","120.345","22.740","404"
"894","115886","20220830172000","659","2","高雄市","楠梓區","120.335","22.745","885"
"569","115889","20220830172000","952","0","高雄市","大社區","120.350","22.745","578"
"191","115892","20220830172000","494","0","高雄市","燕巢區","120.340","22.750","169"
"46","115895","20220830172000","16","3","高雄市","大社區","120.355","22.750","35"
"583","115897","20220830172000","322","3","高雄市","大社區","120.365","22.750","497"
"124","115907","20220830172000","177","0","高雄市","大社區","120.375","22.745","118"
"39","115911","20220830172000","47","0","高雄市","大社區","120.395","22.745","60"
"20","115922","20220830172000","30","0","高雄市","大社區","120.405","22.750","22"
"371","115927","20220830172000","88","3","高雄市","大社區","120.390","22.755","302"
"206","115941","20220830172000","167","2","高雄市","大社區","120.370","22.735","209"
"203","115943","20220830172000","287","0","高雄市","大社區","120.380","22.735","212"
"31","115944","20220830172000","22","2","高雄市","大社區","120.380","22.740","38"
"544","115946","20220830172000","408","2","高雄市","岡山區","120.275","22.775","558"
"742","115949","20220830172000","557","2","高雄市","岡山區","120.310","22.790","701"
"659","115953","20220830172000","633","1","高雄市","岡山區","120.300","22.800","641"
"98","115954","20220830172000","484","0","高雄市","岡山區","120.305","22.800","109"
"16","115959","20220830172000","216","0","高雄市","岡山區","120.305","22.810","10"
"10","115963","20220830172000","82","0","高雄市","旗山區","120.425","22.805","188"
"96","115966","20220830172000","70","2","高雄市","旗山區","120.425","22.815","102"
"10","115972","20220830172000","11","0","高雄市","旗山區","120.435","22.825","13"
"149","124145","20220830172000","384","0","屏東縣","高樹鄉","120.610","22.850","123"
"124","124161","20220830172000","256","0","屏東縣","高樹鄉","120.630","22.865","134"
"157","124176","20220830172000","74","3","屏東縣","高樹鄉","120.640","22.880","179"
"17","124193","20220830172000","29","0","臺南市","仁德區","120.245","22.935","42"
"20","124195","20220830172000","147","0","臺南市","仁德區","120.240","22.940","80"
"504","124197","20220830172000","660","0","臺南市","仁德區","120.250","22.940","491"
"108","124211","20220830172000","74","2","臺南市","關廟區","120.330","22.910","54"
"320","124220","20220830172000","392","0","臺南市","關廟區","120.345","22.915","328"
"106","124243","20220830172000","123","0","高雄市","茄萣區","120.205","22.855","88"
"289","124253","20220830172000","284","1","臺南市","仁德區","120.215","22.910","304"
"373","124255","20220830172000","170","3","高雄市","湖內區","120.225","22.905","358"
"199","124262","20220830172000","421","0","臺南市","南區","120.185","22.920","450"
"53","124268","20220830172000","185","0","臺南市","歸仁區","120.280","22.915","40"
"332","124271","20220830172000","453","0","臺南市","歸仁區","120.270","22.920","353"
"648","124275","20220830172000","1137","0","臺南市","歸仁區","120.285","22.920","719"
"223","124278","20220830172000","190","1","臺南市","歸仁區","120.280","22.925","215"
"109","124281","20220830172000","222","0","臺南市","歸仁區","120.270","22.930","105"
"24","124291","20220830172000","96","0","臺南市","南區","120.175","22.940","27"
"819","124293","20220830172000","937","0","臺南市","仁德區","120.245","22.925","829"
"14","124295","20220830172000","12","1","臺南市","仁德區","120.240","22.930","12"
"712","124314","20220830172000","1036","0","臺南市","仁德區","120.260","22.945","613"
"649","124322","20220830172000","1227","0","臺南市","歸仁區","120.270","22.905","504"
"444","124323","20220830172000","547","0","臺南市","仁德區","120.255","22.910","492"
"340","124338","20220830172000","337","1","臺南市","仁德區","120.250","22.910","361"
"45","124352","20220830172000","70","0","臺南市","關廟區","120.325","22.950","43"
"581","124363","20220830172000","260","3","臺南市","關廟區","120.335","22.930","538"
"77","124371","20220830172000","227","0","臺南市","關廟區","120.335","22.940","48"
"1088","124386","20220830172000","848","2","臺南市","仁德區","120.255","22.950","1102"
"36","124396","20220830172000","18","3","臺南市","仁德區","120.225","22.935","58"
"145","124397","20220830172000","159","0","臺南市","仁德區","120.230","22.935","225"
"36","124404","20220830172000","123","0","臺南市","仁德區","120.230","22.940","45"
"143","124408","20220830172000","542","0","臺南市","仁德區","120.230","22.945","184"
"221","124415","20220830172000","167","2","臺南市","仁德區","120.260","22.950","208"
"50","124430","20220830172000","42","1","臺南市","歸仁區","120.290","22.925","42"
"335","124431","20220830172000","179","3","臺南市","歸仁區","120.295","22.925","320"
"255","124453","20220830172000","392","0","臺南市","歸仁區","120.300","22.940","950"
"858","124469","20220830172000","457","3","臺南市","南區","120.180","22.930","877"
"65","124472","20220830172000","168","0","臺南市","南區","120.180","22.935","58"
"267","124474","20220830172000","245","1","臺南市","南區","120.190","22.935","276"
"488","124477","20220830172000","924","0","臺南市","南區","120.180","22.925","488"
"75","124481","20220830172000","48","3","臺南市","歸仁區","120.275","22.905","75"
"56","124491","20220830172000","400","0","臺南市","歸仁區","120.275","22.910","61"
"118","124494","20220830172000","281","0","臺南市","歸仁區","120.285","22.910","105"
"164","124504","20220830172000","369","0","臺南市","歸仁區","120.275","22.915","144"
"695","124526","20220830172000","750","0","臺南市","歸仁區","120.275","22.950","661"
"233","124527","20220830172000","295","0","臺南市","歸仁區","120.280","22.950","232"
"62","124538","20220830172000","140","0","臺南市","仁德區","120.220","22.920","74"
"276","124546","20220830172000","395","0","臺南市","南區","120.215","22.950","285"
"89","124548","20220830172000","77","1","臺南市","仁德區","120.220","22.945","91"
"240","124549","20220830172000","298","0","臺南市","仁德區","120.220","22.950","298"
"95","124550","20220830172000","724","0","高雄市","湖內區","120.230","22.915","84"
"520","124551","20220830172000","399","2","臺南市","仁德區","120.235","22.915","489"
"460","124552","20220830172000","1059","0","臺南市","仁德區","120.225","22.920","392"
"147","124553","20220830172000","829","0","臺南市","仁德區","120.230","22.920","149"
"80","124555","20220830172000","582","0","臺南市","仁德區","120.240","22.920","73"
"640","124557","20220830172000","706","0","臺南市","仁德區","120.250","22.920","643"
"482","124559","20220830172000","868","0","臺南市","仁德區","120.225","22.925","500"
"130","124563","20220830172000","715","0","臺南市","仁德區","120.230","22.930","140"
"253","124565","20220830172000","282","0","臺南市","仁德區","120.220","22.915","234"
"1134","124569","20220830172000","842","2","臺南市","仁德區","120.215","22.915","1083"
"29","124571","20220830172000","130","0","臺南市","仁德區","120.200","22.920","27"
"1006","124585","20220830172000","523","3","臺南市","南區","120.180","22.945","972"
"447","124591","20220830172000","484","0","臺南市","南區","120.185","22.950","461"
"46","124593","20220830172000","47","0","臺南市","南區","120.195","22.950","48"
"55","124601","20220830172000","58","0","高雄市","茂林區","120.685","22.905","74"
"1014","124642","20220830172000","1050","0","高雄市","茄萣區","120.185","22.895","1037"
"22","124648","20220830172000","14","3","高雄市","內門區","120.450","22.920","15"
"215","124661","20220830172000","231","0","高雄市","美濃區","120.525","22.850","212"
"82","124668","20220830172000","113","0","高雄市","美濃區","120.535","22.850","89"
"219","124671","20220830172000","323","0","高雄市","美濃區","120.550","22.850","215"
"261","124678","20220830172000","350","0","高雄市","美濃區","120.535","22.860","232"
"164","124706","20220830172000","146","1","高雄市","美濃區","120.580","22.920","172"
"14","124745","20220830172000","14","1","高雄市","美濃區","120.585","22.940","20"
"895","124774","20220830172000","945","0","高雄市","美濃區","120.545","22.900","854"
"298","124778","20220830172000","197","3","高雄市","美濃區","120.555","22.905","334"
"222","124780","20220830172000","199","1","高雄市","美濃區","120.545","22.910","194"
"299","124803","20220830172000","204","2","高雄市","美濃區","120.535","22.865","296"
"538","124809","20220830172000","271","3","高雄市","美濃區","120.535","22.875","472"
"195","124812","20220830172000","169","1","高雄市","美濃區","120.535","22.880","149"
"323","124818","20220830172000","187","3","高雄市","美濃區","120.555","22.885","304"
"232","124831","20220830172000","309","0","高雄市","內門區","120.460","22.925","122"
"104","124869","20220830172000","55","3","高雄市","內門區","120.470","22.910","48"
"17","124897","20220830172000","184","0","高雄市","內門區","120.465","22.930","166"
"247","124903","20220830172000","222","1","高雄市","內門區","120.465","22.940","233"
"89","124908","20220830172000","205","0","高雄市","內門區","120.460","22.920","281"
"21","124929","20220830172000","11","3","高雄市","內門區","120.475","22.940","22"
"10","124948","20220830172000","17","0","臺南市","龍崎區","120.360","22.940","85"
"38","124962","20220830172000","37","1","臺南市","龍崎區","120.380","22.950","49"
"15","124976","20220830172000","20","0","臺南市","龍崎區","120.395","22.930","16"
"166","124995","20220830172000","80","3","臺南市","龍崎區","120.365","22.915","157"
"144","125006","20220830172000","232","0","臺南市","龍崎區","120.350","22.930","178"
"387","125045","20220830172000","481","0","臺南市","龍崎區","120.425","22.940","400"
"15","125061","20220830172000","15","1","臺南市","龍崎區","120.420","22.945","10"
"159","125099","20220830172000","256","0","臺東縣","卑南鄉","121.090","22.865","128"
"10","125131","20220830172000","61","0","臺東縣","卑南鄉","121.135","22.860","10"
"343","125138","20220830172000","282","2","臺東縣","卑南鄉","121.125","22.870","393"
"21","125155","20220830172000","17","2","臺東縣","卑南鄉","121.145","22.880","21"
"154","125172","20220830172000","79","3","臺東縣","卑南鄉","121.190","22.850","174"
"537","125177","20220830172000","597","0","高雄市","湖內區","120.235","22.900","520"
"240","125178","20220830172000","248","0","臺南市","仁德區","120.235","22.905","176"
"982","125179","20220830172000","498","3","高雄市","湖內區","120.230","22.910","965"
"567","125186","20220830172000","318","3","高雄市","路竹區","120.275","22.870","478"
"205","125192","20220830172000","477","0","高雄市","路竹區","120.265","22.885","205"
"270","125206","20220830172000","271","0","高雄市","路竹區","120.270","22.870","270"
"700","125207","20220830172000","744","0","高雄市","路竹區","120.255","22.875","720"
"331","125215","20220830172000","202","3","高雄市","茄萣區","120.180","22.910","313"
"341","125229","20220830172000","510","0","高雄市","路竹區","120.290","22.865","358"
"342","125232","20220830172000","294","1","高雄市","路竹區","120.245","22.860","346"
"868","125234","20220830172000","800","1","高雄市","路竹區","120.255","22.860","875"
"175","125242","20220830172000","142","2","高雄市","路竹區","120.250","22.855","149"
"59","125244","20220830172000","57","1","高雄市","路竹區","120.260","22.865","51"
"447","125249","20220830172000","438","1","高雄市","路竹區","120.235","22.860","434"
"373","125257","20220830172000","438","0","高雄市","路竹區","120.260","22.860","324"
"76","125258","20220830172000","47","3","高雄市","路竹區","120.255","22.865","76"
"415","125263","20220830172000","333","2","高雄市","路竹區","120.225","22.855","435"
"181","125284","20220830172000","88","3","高雄市","旗山區","120.515","22.855","187"
"318","125285","20220830172000","313","1","高雄市","旗山區","120.490","22.860","348"
"48","125295","20220830172000","96","0","高雄市","旗山區","120.490","22.880","42"
"340","125296","20220830172000","265","2","高雄市","旗山區","120.495","22.880","298"
"398","125297","20220830172000","450","0","高雄市","旗山區","120.500","22.880","420"
"568","125340","20220830172000","906","0","高雄市","旗山區","120.480","22.895","584"
"135","125343","20220830172000","208","0","高雄市","旗山區","120.480","22.900","136"
"167","125346","20220830172000","834","0","高雄市","旗山區","120.475","22.905","148"
"54","125349","20220830172000","404","0","高雄市","旗山區","120.485","22.905","45"
"117","125360","20220830172000","504","0","高雄市","湖內區","120.250","22.880","82"
"173","125361","20220830172000","553","0","高雄市","湖內區","120.245","22.885","193"
"48","125366","20220830172000","223","0","高雄市","湖內區","120.240","22.890","68"
"580","125367","20220830172000","324","3","高雄市","湖內區","120.245","22.890","592"
"77","125374","20220830172000","70","1","高雄市","旗山區","120.445","22.885","73"
"38","125393","20220830172000","70","0","高雄市","內門區","120.420","22.910","42"
"17","125438","20220830172000","29","0","高雄市","茂林區","120.650","22.880","16"
"91","125487","20220830172000","89","1","高雄市","六龜區","120.620","22.890","80"
"123","125491","20220830172000","122","1","高雄市","六龜區","120.625","22.895","113"
"109","125506","20220830172000","139","0","高雄市","六龜區","120.635","22.910","146"
"11","125528","20220830172000","21","0","高雄市","六龜區","120.615","22.880","14"
"15","125541","20220830172000","49","0","高雄市","六龜區","120.615","22.885","19"
"93","125543","20220830172000","109","0","高雄市","六龜區","120.625","22.885","126"
"155","125591","20220830172000","97","3","高雄市","六龜區","120.645","22.925","178"
"498","125608","20220830172000","487","1","高雄市","路竹區","120.265","22.865","511"
"354","125613","20220830172000","227","3","高雄市","路竹區","120.265","22.850","300"
"135","125614","20220830172000","138","0","高雄市","路竹區","120.260","22.855","125"
"12","125615","20220830172000","548","0","高雄市","路竹區","120.265","22.855","12"
"296","125624","20220830172000","322","0","高雄市","路竹區","120.290","22.875","283"
"264","125626","20220830172000","144","3","高雄市","路竹區","120.295","22.875","226"
"756","125629","20220830172000","505","2","高雄市","路竹區","120.285","22.880","524"
"245","125646","20220830172000","261","0","臺南市","關廟區","120.345","22.905","241"
"307","125659","20220830172000","225","2","高雄市","阿蓮區","120.290","22.895","302"
"251","125660","20220830172000","277","0","高雄市","阿蓮區","120.295","22.895","244"
"345","125667","20220830172000","716","0","臺南市","歸仁區","120.280","22.905","248"
"20","125673","20220830172000","11","3","高雄市","阿蓮區","120.330","22.875","15"
"25","125675","20220830172000","118","0","高雄市","湖內區","120.195","22.910","35"
"439","125676","20220830172000","141","3","高雄市","湖內區","120.200","22.910","446"
"68","125737","20220830172000","335","0","高雄市","田寮區","120.370","22.865","61"
"92","125772","20220830172000","69","2","高雄市","田寮區","120.400","22.890","94"
"20","125779","20220830172000","43","0","高雄市","田寮區","120.400","22.895","21"
"90","125825","20220830172000","28","3","臺東縣","東河鄉","121.270","22.930","82"
"132","125838","20220830172000","39","3","臺東縣","東河鄉","121.275","22.940","114"
"188","125849","20220830172000","103","3","臺東縣","鹿野鄉","121.150","22.930","207"
"1061","125884","20220830172000","1431","0","高雄市","旗山區","120.480","22.880","1058"
"606","125896","20220830172000","562","1","高雄市","美濃區","120.540","22.900","607"
"57","125917","20220830172000","47","2","高雄市","美濃區","120.535","22.900","56"
"166","125941","20220830172000","162","1","高雄市","美濃區","120.565","22.865","163"
"12","125950","20220830172000","11","1","高雄市","美濃區","120.570","22.870","12"
"43","125951","20220830172000","31","2","高雄市","美濃區","120.575","22.870","51"
"72","125952","20220830172000","71","1","高雄市","美濃區","120.580","22.870","70"
"350","125955","20220830172000","290","2","高雄市","美濃區","120.565","22.875","323"
"216","125966","20220830172000","125","3","高雄市","美濃區","120.545","22.880","169"
"23","125969","20220830172000","15","3","高雄市","美濃區","120.530","22.885","20"
"78","125970","20220830172000","94","0","高雄市","美濃區","120.535","22.885","37"
"318","125981","20220830172000","295","1","高雄市","美濃區","120.515","22.875","287"
"189","125989","20220830172000","143","2","高雄市","旗山區","120.505","22.890","208"
"513","125997","20220830172000","284","3","高雄市","美濃區","120.520","22.895","530"
"195","126001","20220830172000","193","1","高雄市","美濃區","120.520","22.900","189"
"403","126010","20220830172000","366","1","高雄市","美濃區","120.560","22.915","400"
"173","126024","20220830172000","136","2","高雄市","美濃區","120.580","22.925","178"
"293","126043","20220830172000","224","2","高雄市","美濃區","120.550","22.865","297"
"281","126059","20220830172000","266","1","高雄市","美濃區","120.575","22.880","298"
"74","126076","20220830172000","73","1","高雄市","美濃區","120.570","22.895","73"
"857","126092","20220830172000","1133","0","高雄市","旗山區","120.480","22.885","867"
"368","126096","20220830172000","442","0","高雄市","路竹區","120.265","22.870","376"
"513","126107","20220830172000","492","1","高雄市","路竹區","120.270","22.865","501"
"373","126119","20220830172000","222","3","高雄市","旗山區","120.490","22.920","399"
"276","126120","20220830172000","329","0","高雄市","旗山區","120.495","22.920","310"
"391","126140","20220830172000","174","3","高雄市","路竹區","120.280","22.850","365"
"76","126141","20220830172000","482","0","高雄市","路竹區","120.270","22.855","74"
"1240","126142","20220830172000","1118","1","高雄市","路竹區","120.265","22.860","1295"
"56","126160","20220830172000","26","3","臺東縣","卑南鄉","121.105","22.850","53"
"84","126178","20220830172000","513","0","臺東縣","卑南鄉","121.105","22.860","89"
"206","126183","20220830172000","91","3","臺東縣","卑南鄉","121.100","22.865","191"
"129","126219","20220830172000","318","0","高雄市","茄萣區","120.185","22.890","125"
"437","126227","20220830172000","443","0","高雄市","湖內區","120.235","22.895","448"
"274","126236","20220830172000","135","3","高雄市","湖內區","120.225","22.880","293"
"380","126244","20220830172000","370","1","高雄市","湖內區","120.225","22.895","407"
"380","126247","20220830172000","253","3","高雄市","湖內區","120.240","22.870","387"
"165","126249","20220830172000","112","2","高雄市","湖內區","120.235","22.875","203"
"189","126256","20220830172000","138","2","高雄市","湖內區","120.240","22.885","186"
"468","126258","20220830172000","586","0","高雄市","湖內區","120.250","22.875","501"
"234","126273","20220830172000","152","3","高雄市","美濃區","120.545","22.895","240"
"251","126301","20220830172000","244","1","臺東縣","鹿野鄉","121.085","22.900","227"
"240","126303","20220830172000","267","0","臺東縣","延平鄉","121.075","22.905","218"
"20","126313","20220830172000","27","0","臺東縣","延平鄉","121.090","22.915","12"
"80","126423","20220830172000","42","3","臺東縣","延平鄉","121.100","22.910","65"
"73","127499","20220830172000","172","0","臺東縣","延平鄉","121.150","22.900","92"
"46","127566","20220830172000","50","0","臺東縣","鹿野鄉","121.120","22.920","46"
"32","127569","20220830172000","202","0","臺東縣","鹿野鄉","121.120","22.925","30"
"30","127570","20220830172000","19","3","臺東縣","鹿野鄉","121.125","22.925","34"
"306","127581","20220830172000","161","3","臺東縣","鹿野鄉","121.120","22.930","318"
"132","127584","20220830172000","96","2","臺東縣","鹿野鄉","121.135","22.930","130"
"78","127600","20220830172000","56","2","臺東縣","鹿野鄉","121.135","22.945","83"
"117","127605","20220830172000","109","1","高雄市","田寮區","120.395","22.850","128"
"47","127613","20220830172000","36","2","高雄市","田寮區","120.380","22.875","44"
"338","127617","20220830172000","293","1","高雄市","田寮區","120.385","22.880","304"
"71","127622","20220830172000","120","0","高雄市","田寮區","120.390","22.885","92"
"74","127652","20220830172000","122","0","高雄市","田寮區","120.360","22.880","95"
"52","127666","20220830172000","95","0","高雄市","田寮區","120.360","22.895","32"
"25","127698","20220830172000","53","0","高雄市","田寮區","120.425","22.885","27"
"375","127704","20220830172000","261","2","高雄市","茄萣區","120.180","22.900","350"
"98","127705","20220830172000","339","0","高雄市","茄萣區","120.185","22.900","105"
"241","127717","20220830172000","160","3","臺東縣","鹿野鄉","121.100","22.895","355"
"103","127724","20220830172000","47","3","臺東縣","鹿野鄉","121.135","22.895","139"
"450","127733","20220830172000","318","2","臺東縣","鹿野鄉","121.135","22.910","408"
"67","127737","20220830172000","141","0","臺東縣","鹿野鄉","121.135","22.920","94"
"21","127748","20220830172000","128","0","臺東縣","鹿野鄉","121.130","22.900","29"
"211","127754","20220830172000","218","0","臺東縣","鹿野鄉","121.120","22.905","229"
"860","127765","20220830172000","1128","0","臺南市","仁德區","120.220","22.910","913"
"77","127770","20220830172000","193","0","高雄市","湖內區","120.215","22.905","103"
"94","127835","20220830172000","64","2","臺東縣","東河鄉","121.235","22.940","109"
"176","127852","20220830172000","172","1","臺東縣","東河鄉","121.250","22.895","201"
"153","127889","20220830172000","76","3","臺東縣","東河鄉","121.255","22.915","155"
"50","127890","20220830172000","19","3","臺東縣","東河鄉","121.260","22.915","68"
"51","127912","20220830172000","191","0","臺東縣","東河鄉","121.265","22.925","53"
"477","127933","20220830172000","195","3","臺東縣","東河鄉","121.190","22.860","420"
"69","127935","20220830172000","55","2","臺東縣","東河鄉","121.200","22.860","90"
"590","127958","20220830172000","818","0","臺東縣","東河鄉","121.225","22.870","598"
"198","127984","20220830172000","10","3","臺東縣","東河鄉","121.225","22.880","196"
"212","127998","20220830172000","116","3","臺東縣","東河鄉","121.235","22.880","291"
"41","128028","20220830172000","51","0","臺東縣","東河鄉","121.245","22.890","50"
"37","128038","20220830172000","53","0","臺東縣","東河鄉","121.235","22.895","49"
"145","128060","20220830172000","294","0","高雄市","阿蓮區","120.345","22.860","147"
"117","128066","20220830172000","517","0","高雄市","阿蓮區","120.320","22.850","105"
"143","128071","20220830172000","75","3","高雄市","阿蓮區","120.320","22.855","147"
"281","128073","20220830172000","177","3","高雄市","阿蓮區","120.330","22.855","266"
"1216","128075","20220830172000","909","2","高雄市","阿蓮區","120.325","22.875","1301"
"1107","128076","20220830172000","942","1","高雄市","阿蓮區","120.325","22.880","1179"
"32","128078","20220830172000","320","0","高雄市","路竹區","120.305","22.860","33"
"250","128090","20220830172000","211","1","高雄市","阿蓮區","120.310","22.870","250"
"152","128091","20220830172000","103","2","高雄市","阿蓮區","120.315","22.870","149"
"86","128097","20220830172000","79","1","高雄市","阿蓮區","120.315","22.880","79"
"58","128418","20220830172000","50","1","高雄市","茂林區","120.715","22.910","70"
"83","128722","20220830172000","75","1","高雄市","茂林區","120.665","22.885","88"
"58","128723","20220830172000","44","2","高雄市","茂林區","120.670","22.885","70"
"30","128748","20220830172000","239","0","高雄市","旗山區","120.480","22.890","30"
"35","128751","20220830172000","18","3","高雄市","旗山區","120.475","22.850","34"
"561","128754","20220830172000","520","1","高雄市","路竹區","120.300","22.880","648"
"246","128758","20220830172000","158","3","高雄市","阿蓮區","120.305","22.890","241"
"24","128759","20220830172000","194","0","高雄市","阿蓮區","120.310","22.890","26"
"344","128764","20220830172000","229","3","高雄市","阿蓮區","120.330","22.880","281"
"955","128765","20220830172000","654","2","高雄市","阿蓮區","120.335","22.880","916"
"199","128766","20220830172000","169","1","高雄市","阿蓮區","120.340","22.880","206"
"280","128769","20220830172000","185","3","高雄市","阿蓮區","120.330","22.885","271"
"221","128776","20220830172000","158","2","高雄市","阿蓮區","120.320","22.890","215"
"207","128782","20220830172000","173","1","高雄市","阿蓮區","120.335","22.870","228"
"405","128789","20220830172000","278","2","高雄市","田寮區","120.355","22.870","406"
"529","128797","20220830172000","381","2","高雄市","茄萣區","120.185","22.905","516"
"371","128798","20220830172000","148","3","高雄市","茄萣區","120.190","22.905","332"
"74","128803","20220830172000","146","0","高雄市","茄萣區","120.195","22.855","87"
"135","128807","20220830172000","116","1","高雄市","茄萣區","120.195","22.860","125"
"241","128823","20220830172000","236","1","高雄市","茄萣區","120.190","22.870","245"
"299","128824","20220830172000","274","1","高雄市","茄萣區","120.195","22.870","284"
"409","128825","20220830172000","337","2","高雄市","茄萣區","120.200","22.870","363"
"52","128829","20220830172000","12","3","高雄市","茄萣區","120.190","22.875","35"
"489","128830","20220830172000","295","3","高雄市","茄萣區","120.195","22.875","459"
"510","128833","20220830172000","411","2","高雄市","茄萣區","120.210","22.875","537"
"182","128847","20220830172000","215","0","高雄市","茄萣區","120.190","22.910","178"
"567","128850","20220830172000","598","0","高雄市","茄萣區","120.185","22.910","554"
"264","128866","20220830172000","247","1","高雄市","旗山區","120.475","22.870","267"
"72","128884","20220830172000","86","0","高雄市","旗山區","120.455","22.880","76"
"108","128886","20220830172000","143","0","高雄市","旗山區","120.465","22.880","78"
"14","128887","20220830172000","17","0","高雄市","旗山區","120.470","22.880","17"
"609","128898","20220830172000","574","1","高雄市","旗山區","120.470","22.855","655"
"471","128911","20220830172000","326","2","高雄市","旗山區","120.500","22.925","450"
"214","128916","20220830172000","171","2","高雄市","旗山區","120.500","22.930","181"
"165","128946","20220830172000","144","1","高雄市","杉林區","120.525","22.930","163"
"941","134975","20220830172000","447","3","臺南市","安南區","120.210","23.035","702"
"600","134976","20220830172000","358","3","臺南市","安南區","120.210","23.040","567"
"1643","134977","20220830172000","1353","2","臺南市","安南區","120.215","23.040","1623"
"697","134978","20220830172000","832","0","臺南市","安南區","120.215","23.030","734"
"364","134979","20220830172000","451","0","臺南市","安南區","120.215","23.035","320"
"417","134985","20220830172000","325","2","臺南市","安南區","120.195","23.025","427"
"465","134991","20220830172000","437","1","臺南市","關廟區","120.300","22.995","482"
"312","134995","20220830172000","38","3","臺南市","關廟區","120.320","22.995","202"
"94","134999","20220830172000","231","0","臺南市","關廟區","120.305","23.000","93"
"109","135010","20220830172000","194","0","臺南市","關廟區","120.320","23.005","136"
"544","135015","20220830172000","253","3","臺南市","關廟區","120.305","23.010","545"
"627","135022","20220830172000","608","1","臺南市","關廟區","120.325","22.965","636"
"42","135028","20220830172000","197","0","臺南市","關廟區","120.360","22.965","45"
"304","135056","20220830172000","156","3","臺南市","關廟區","120.330","22.965","294"
"53","135059","20220830172000","386","0","臺南市","關廟區","120.325","22.975","68"
"696","135061","20220830172000","3049","0","臺南市","中西區","120.210","22.985","647"
"363","135062","20220830172000","1586","0","臺南市","永康區","120.235","23.005","348"
"1903","135063","20220830172000","1158","3","臺南市","東區","120.230","22.980","1700"
"573","135064","20220830172000","320","3","臺南市","安南區","120.125","23.040","570"
"1068","135074","20220830172000","749","2","臺南市","南區","120.175","22.965","1108"
"20","135075","20220830172000","21","0","臺南市","南區","120.180","22.965","25"
"1259","135079","20220830172000","1357","0","臺南市","南區","120.185","22.970","1218"
"1188","135080","20220830172000","1282","0","臺南市","南區","120.175","22.975","1284"
"461","135081","20220830172000","621","0","臺南市","南區","120.180","22.975","504"
"1411","135083","20220830172000","990","2","臺南市","南區","120.185","22.980","1394"
"1538","135084","20220830172000","885","3","臺南市","北區","120.210","23.020","1549"
"1394","135085","20220830172000","1878","0","臺南市","南區","120.200","22.980","1300"
"19","135086","20220830172000","71","0","臺南市","南區","120.205","22.970","18"
"229","135087","20220830172000","197","1","臺南市","南區","120.195","22.970","228"
"626","135088","20220830172000","831","0","臺南市","南區","120.190","22.960","625"
"26","135461","20220830172000","24","1","臺東縣","海端鄉","121.130","23.000","21"
"270","135797","20220830172000","138","3","臺東縣","關山鎮","121.145","23.020","286"
"1302","135951","20220830172000","1470","0","臺南市","永康區","120.230","23.010","1347"
"4696","135952","20220830172000","4943","0","臺南市","永康區","120.225","23.020","4421"
"1374","135953","20220830172000","1180","1","臺南市","永康區","120.220","23.025","1288"
"658","135954","20220830172000","1200","0","臺南市","永康區","120.225","23.025","616"
"1162","135956","20220830172000","1248","0","臺南市","永康區","120.235","23.025","1115"
"843","135957","20220830172000","778","1","臺南市","永康區","120.225","23.030","863"
"521","135958","20220830172000","264","3","臺南市","永康區","120.230","23.030","520"
"52","135959","20220830172000","1449","0","臺南市","永康區","120.255","22.995","66"
"630","135960","20220830172000","1021","0","臺南市","永康區","120.255","23.000","650"
"170","135961","20220830172000","989","0","臺南市","永康區","120.260","23.000","139"
"221","135963","20220830172000","320","0","臺南市","永康區","120.260","23.005","237"
"1073","135966","20220830172000","967","1","臺南市","安南區","120.205","23.030","1091"
"598","135967","20220830172000","478","2","臺南市","安南區","120.210","23.030","595"
"632","135969","20220830172000","581","1","臺南市","安南區","120.220","23.040","634"
"1501","135971","20220830172000","1515","0","臺南市","中西區","120.190","23.005","1498"
"245","135972","20220830172000","431","0","臺南市","永康區","120.250","23.005","245"
"787","135976","20220830172000","429","3","臺南市","歸仁區","120.300","22.965","741"
"529","135980","20220830172000","451","1","臺南市","南區","120.195","22.980","560"
"1083","135981","20220830172000","779","2","臺南市","南區","120.190","22.970","1067"
"659","135982","20220830172000","1460","0","臺南市","中西區","120.190","23.000","707"
"2033","135983","20220830172000","1194","3","臺南市","中西區","120.195","23.000","2236"
"2068","135984","20220830172000","1461","2","臺南市","中西區","120.175","23.005","2159"
"228","135985","20220830172000","152","3","臺南市","中西區","120.180","23.000","224"
"429","135986","20220830172000","425","1","臺南市","安南區","120.165","23.005","490"
"76","135989","20220830172000","751","0","臺南市","永康區","120.255","23.035","77"
"618","135990","20220830172000","659","0","臺南市","永康區","120.260","23.030","639"
"1207","135991","20220830172000","1262","0","臺南市","永康區","120.260","23.035","1232"
"395","135992","20220830172000","230","3","臺南市","永康區","120.255","23.040","416"
"2148","135993","20220830172000","2314","0","臺南市","永康區","120.230","23.015","2039"
"729","135994","20220830172000","1031","0","臺南市","永康區","120.230","23.020","655"
"598","135995","20220830172000","234","3","臺南市","安南區","120.205","23.035","504"
"784","135997","20220830172000","846","0","臺南市","永康區","120.220","23.020","813"
"1194","135998","20220830172000","898","2","臺南市","北區","120.195","23.010","1233"
"1379","136000","20220830172000","1499","0","臺南市","北區","120.195","23.015","1449"
"600","136001","20220830172000","567","1","臺南市","北區","120.200","23.015","662"
"392","136002","20220830172000","375","1","臺南市","北區","120.195","23.005","416"
"1134","136005","20220830172000","907","2","臺南市","南區","120.190","22.985","1176"
"64","136006","20220830172000","149","0","臺南市","南區","120.210","22.975","67"
"633","136008","20220830172000","316","3","臺南市","北區","120.185","23.010","544"
"713","136009","20220830172000","616","1","臺南市","北區","120.190","23.010","696"
"183","136012","20220830172000","863","0","臺南市","永康區","120.270","23.010","186"
"1794","136013","20220830172000","1662","1","臺南市","中西區","120.195","22.990","1914"
"1228","136014","20220830172000","1174","1","臺南市","仁德區","120.255","22.975","1260"
"239","136018","20220830172000","289","0","臺南市","仁德區","120.255","22.980","227"
"650","136020","20220830172000","276","3","臺南市","北區","120.200","23.010","599"
"1116","136021","20220830172000","478","3","臺南市","北區","120.200","23.020","1089"
"969","136022","20220830172000","742","2","臺南市","北區","120.205","23.015","978"
"1850","136023","20220830172000","1124","3","臺南市","北區","120.210","23.015","1938"
"242","136025","20220830172000","147","3","臺南市","北區","120.205","23.020","232"
"638","136030","20220830172000","533","1","臺南市","永康區","120.275","23.030","700"
"1355","136034","20220830172000","924","2","臺南市","永康區","120.235","23.020","1309"
"194","136035","20220830172000","452","0","臺南市","永康區","120.240","23.020","178"
"421","136036","20220830172000","494","0","臺南市","永康區","120.245","23.020","466"
"357","136037","20220830172000","2054","0","臺南市","永康區","120.250","23.020","385"
"169","136038","20220830172000","124","2","臺南市","永康區","120.240","23.025","197"
"1471","136042","20220830172000","1077","2","臺南市","永康區","120.250","23.025","1310"
"647","136043","20220830172000","367","3","臺南市","關廟區","120.330","22.955","645"
"474","136044","20220830172000","267","3","臺南市","關廟區","120.330","22.960","482"
"51","136047","20220830172000","127","0","臺南市","關廟區","120.340","22.970","56"
"715","136049","20220830172000","509","2","臺南市","關廟區","120.335","22.960","650"
"337","136054","20220830172000","274","2","臺南市","關廟區","120.345","22.965","364"
"42","136056","20220830172000","21","3","臺南市","關廟區","120.355","22.965","32"
"2160","136059","20220830172000","1372","3","臺南市","北區","120.205","23.005","2022"
"488","136061","20220830172000","719","0","臺南市","南區","120.200","22.970","556"
"890","136062","20220830172000","900","0","臺南市","中西區","120.205","22.990","965"
"1756","136063","20220830172000","2086","0","臺南市","中西區","120.200","22.985","1778"
"1883","136064","20220830172000","2132","0","臺南市","中西區","120.200","22.990","1934"
"1283","136065","20220830172000","1155","1","臺南市","中西區","120.200","22.995","1248"
"481","136067","20220830172000","485","0","臺南市","永康區","120.270","22.995","518"
"113","136070","20220830172000","905","0","臺南市","永康區","120.265","23.005","84"
"1553","136071","20220830172000","1463","1","臺南市","永康區","120.255","23.030","1536"
"212","136072","20220830172000","362","0","臺南市","關廟區","120.335","22.955","195"
"480","136080","20220830172000","316","3","臺南市","關廟區","120.325","22.955","481"
"516","136081","20220830172000","653","0","臺南市","關廟區","120.315","22.960","521"
"1084","136083","20220830172000","474","3","臺南市","關廟區","120.325","22.960","941"
"205","136085","20220830172000","136","3","臺南市","東區","120.220","22.990","216"
"2894","136087","20220830172000","2128","2","臺南市","東區","120.225","22.985","2909"
"862","136088","20220830172000","1068","0","臺南市","東區","120.230","22.990","944"
"2934","136089","20220830172000","1743","3","臺南市","東區","120.230","22.995","2722"
"752","136090","20220830172000","716","1","臺南市","東區","120.235","22.995","904"
"1244","136091","20220830172000","692","3","臺南市","北區","120.220","23.000","654"
"502","136093","20220830172000","335","2","臺南市","中西區","120.180","23.005","523"
"1731","136094","20220830172000","1648","1","臺南市","中西區","120.185","23.005","1731"
"2288","136095","20220830172000","1301","3","臺南市","北區","120.225","23.005","2270"
"211","136096","20220830172000","263","0","臺南市","北區","120.225","23.000","259"
"118","136100","20220830172000","82","2","臺南市","仁德區","120.235","22.950","153"
"201","136101","20220830172000","133","3","臺南市","仁德區","120.235","22.955","177"
"967","136102","20220830172000","811","1","臺南市","仁德區","120.230","22.955","962"
"497","136104","20220830172000","307","3","臺南市","仁德區","120.240","22.955","506"
"1766","136105","20220830172000","1241","2","臺南市","仁德區","120.255","22.955","1730"
"231","136109","20220830172000","343","0","臺南市","仁德區","120.250","22.955","253"
"109","136111","20220830172000","136","0","臺南市","仁德區","120.265","22.955","107"
"93","136113","20220830172000","936","0","臺南市","仁德區","120.265","22.960","92"
"1121","136115","20220830172000","607","3","臺南市","北區","120.220","23.010","1033"
"775","136118","20220830172000","1858","0","臺南市","中西區","120.210","22.995","823"
"628","136119","20220830172000","1147","0","臺南市","中西區","120.210","22.990","643"
"1135","136120","20220830172000","1876","0","臺南市","北區","120.205","23.000","1217"
"2212","136122","20220830172000","1621","2","臺南市","東區","120.225","22.965","2179"
"842","136123","20220830172000","723","1","臺南市","東區","120.220","22.970","942"
"215","136124","20220830172000","937","0","臺南市","東區","120.225","22.970","197"
"1252","136125","20220830172000","1577","0","臺南市","東區","120.225","22.990","1299"
"939","136126","20220830172000","1066","0","臺南市","東區","120.235","22.990","1049"
"1196","136128","20220830172000","966","2","臺南市","東區","120.245","22.990","1339"
"204","136131","20220830172000","308","0","臺南市","歸仁區","120.275","22.960","234"
"683","136132","20220830172000","305","3","臺南市","歸仁區","120.280","22.960","602"
"111","136145","20220830172000","670","0","臺南市","南區","120.205","22.980","79"
"675","136146","20220830172000","1134","0","臺南市","南區","120.210","22.980","706"
"510","136147","20220830172000","368","2","臺南市","安平區","120.165","22.990","544"
"72","136148","20220830172000","112","0","臺南市","永康區","120.245","22.995","59"
"811","136149","20220830172000","455","3","臺南市","永康區","120.245","23.005","814"
"1257","136151","20220830172000","866","2","臺南市","永康區","120.245","23.010","1190"
"137","136152","20220830172000","758","0","臺南市","永康區","120.250","23.010","155"
"101","136155","20220830172000","88","1","臺南市","關廟區","120.320","22.970","120"
"24","136156","20220830172000","20","2","臺南市","關廟區","120.310","22.975","20"
"273","136163","20220830172000","138","3","臺南市","關廟區","120.310","22.980","236"
"1429","136181","20220830172000","1308","1","臺南市","北區","120.200","23.000","1443"
"159","136182","20220830172000","109","2","臺南市","南區","120.195","22.985","149"
"618","136184","20220830172000","282","3","臺南市","仁德區","120.225","22.960","526"
"245","136185","20220830172000","254","0","臺南市","東區","120.230","22.960","250"
"51","136186","20220830172000","70","0","臺南市","歸仁區","120.275","22.995","51"
"296","136188","20220830172000","318","0","臺南市","歸仁區","120.275","23.000","293"
"244","136195","20220830172000","204","1","臺南市","歸仁區","120.290","22.995","259"
"78","136196","20220830172000","323","0","臺南市","歸仁區","120.295","22.995","94"
"1719","136199","20220830172000","1356","2","臺南市","北區","120.210","23.005","1859"
"1474","136200","20220830172000","1082","2","臺南市","東區","120.215","22.995","1455"
"544","136229","20220830172000","352","3","臺南市","安南區","120.195","23.030","522"
"726","136230","20220830172000","728","0","臺南市","安南區","120.195","23.035","784"
"563","136231","20220830172000","356","3","臺南市","南區","120.190","22.965","555"
"18","136248","20220830172000","20","0","臺南市","左鎮區","120.405","22.995","16"
"86","136271","20220830172000","53","3","臺南市","左鎮區","120.420","23.010","95"
"49","136316","20220830172000","91","0","臺南市","左鎮區","120.395","23.010","52"
"36","136343","20220830172000","27","2","臺南市","左鎮區","120.385","23.035","41"
"3232","136422","20220830172000","3034","1","臺南市","東區","120.235","22.985","3407"
"1045","136423","20220830172000","775","2","臺南市","東區","120.215","22.990","940"
"432","136430","20220830172000","581","0","臺南市","歸仁區","120.285","22.980","434"
"225","136438","20220830172000","156","2","臺南市","歸仁區","120.280","22.990","213"
"411","136444","20220830172000","411","1","臺南市","歸仁區","120.295","22.975","381"
"795","136452","20220830172000","319","3","臺南市","歸仁區","120.285","22.960","527"
"1230","136453","20220830172000","405","3","臺南市","歸仁區","120.280","22.965","1109"
"310","136454","20220830172000","60","3","臺南市","歸仁區","120.285","22.965","62"
"747","136455","20220830172000","623","1","臺南市","歸仁區","120.285","22.970","612"
"53","136457","20220830172000","704","0","臺南市","仁德區","120.270","22.970","51"
"978","136458","20220830172000","1162","0","臺南市","歸仁區","120.275","22.970","954"
"230","136459","20220830172000","225","1","臺南市","歸仁區","120.280","22.970","261"
"492","136460","20220830172000","306","3","臺南市","南區","120.200","22.975","452"
"804","136461","20220830172000","327","3","臺南市","南區","120.195","22.960","773"
"2002","136462","20220830172000","1821","1","臺南市","南區","120.190","22.980","2023"
"261","136475","20220830172000","284","0","臺南市","安南區","120.130","23.015","296"
"198","136483","20220830172000","82","3","臺南市","安南區","120.135","23.020","214"
"584","136490","20220830172000","454","2","臺南市","安南區","120.185","23.025","541"
"419","136495","20220830172000","312","2","臺南市","東區","120.235","22.980","443"
"255","136496","20220830172000","206","2","臺南市","永康區","120.255","23.010","284"
"689","136497","20220830172000","758","0","臺南市","永康區","120.255","23.015","783"
"525","136498","20220830172000","405","2","臺南市","永康區","120.260","23.015","462"
"42","136501","20220830172000","326","0","臺南市","永康區","120.280","23.010","41"
"105","136503","20220830172000","342","0","臺南市","永康區","120.270","23.015","90"
"813","136507","20220830172000","607","2","臺南市","永康區","120.275","23.020","808"
"148","136508","20220830172000","630","0","臺南市","永康區","120.280","23.020","115"
"168","136509","20220830172000","1500","0","臺南市","安平區","120.175","22.995","149"
"636","136512","20220830172000","278","3","臺南市","安南區","120.160","23.005","700"
"1102","136513","20220830172000","765","2","臺南市","安平區","120.190","22.990","1163"
"287","136515","20220830172000","477","0","臺南市","永康區","120.220","23.030","205"
"366","136516","20220830172000","322","1","臺南市","東區","120.245","22.980","429"
"474","136517","20220830172000","506","0","臺南市","仁德區","120.250","22.980","471"
"2715","136518","20220830172000","1679","3","臺南市","東區","120.215","22.980","2729"
"1804","136520","20220830172000","1578","1","臺南市","東區","120.245","22.985","1822"
"1025","136521","20220830172000","753","2","臺南市","仁德區","120.250","22.985","1073"
"568","136523","20220830172000","634","0","臺南市","安平區","120.160","22.990","563"
"392","136525","20220830172000","392","1","臺南市","安平區","120.160","22.995","409"
"725","136532","20220830172000","737","0","臺南市","安平區","120.165","22.985","694"
"1308","136533","20220830172000","669","3","臺南市","安平區","120.170","22.985","1291"
"710","136534","20220830172000","635","1","臺南市","安平區","120.175","22.985","673"
"1596","136535","20220830172000","801","3","臺南市","安平區","120.170","22.990","1604"
"1053","136536","20220830172000","1073","0","臺南市","安平區","120.175","22.990","1074"
"243","136539","20220830172000","331","0","臺南市","安平區","120.150","22.995","238"
"316","136541","20220830172000","276","1","臺南市","安平區","120.145","23.000","371"
"136","136542","20220830172000","91","2","臺南市","安平區","120.150","23.000","163"
"439","136543","20220830172000","256","3","臺南市","安平區","120.155","23.000","328"
"331","136544","20220830172000","329","1","臺南市","安平區","120.160","23.000","384"
"831","136545","20220830172000","1296","0","臺南市","東區","120.240","22.980","763"
"672","136546","20220830172000","490","2","臺南市","東區","120.225","22.995","598"
"1158","136547","20220830172000","1072","1","臺南市","東區","120.235","22.965","1173"
"995","136548","20220830172000","920","1","臺南市","東區","120.220","22.975","990"
"513","136549","20220830172000","526","0","臺南市","歸仁區","120.300","22.960","459"
"188","136550","20220830172000","81","3","臺南市","歸仁區","120.305","22.960","121"
"941","136553","20220830172000","668","2","臺南市","歸仁區","120.285","23.005","856"
"249","136560","20220830172000","1418","0","臺南市","南區","120.195","22.975","228"
"355","136561","20220830172000","1792","0","臺南市","永康區","120.240","23.015","347"
"571","136562","20220830172000","478","1","臺南市","永康區","120.245","23.015","618"
"624","136563","20220830172000","547","1","臺南市","永康區","120.250","23.015","584"
"1702","136564","20220830172000","769","3","臺南市","永康區","120.230","23.005","1740"
"1824","136565","20220830172000","2615","0","臺南市","永康區","120.235","23.000","1928"
"1477","136566","20220830172000","1372","1","臺南市","北區","120.230","23.000","1316"
"610","136567","20220830172000","971","0","臺南市","永康區","120.270","23.005","624"
"872","136568","20220830172000","817","1","臺南市","永康區","120.265","23.010","887"
"207","136570","20220830172000","1159","0","臺南市","永康區","120.265","23.020","189"
"55","136572","20220830172000","435","0","臺南市","永康區","120.260","22.995","61"
"573","136573","20220830172000","627","0","臺南市","永康區","120.265","23.000","576"
"472","136574","20220830172000","356","2","臺南市","安南區","120.200","23.025","495"
"1156","136575","20220830172000","495","3","臺南市","安南區","120.205","23.025","1122"
"1006","136576","20220830172000","566","3","臺南市","安南區","120.210","23.025","1023"
"1749","136577","20220830172000","1417","2","臺南市","北區","120.225","23.010","1685"
"1310","136578","20220830172000","1277","1","臺南市","北區","120.215","23.010","1361"
"940","136579","20220830172000","666","2","臺南市","北區","120.215","23.015","987"
"240","136580","20220830172000","371","0","臺南市","南化區","120.495","23.030","237"
"12","136581","20220830172000","20","0","臺南市","南化區","120.500","23.030","12"
"73","136584","20220830172000","19","3","臺南市","南化區","120.500","23.035","79"
"43","136586","20220830172000","31","2","臺南市","南化區","120.465","23.040","46"
"59","136602","20220830172000","40","2","臺南市","南化區","120.465","23.010","40"
"705","136671","20220830172000","777","0","臺南市","中西區","120.170","23.000","728"
"2141","136672","20220830172000","1633","2","臺南市","中西區","120.175","23.000","2282"
"338","136674","20220830172000","633","0","臺南市","中西區","120.185","23.000","349"
"1261","136675","20220830172000","1544","0","臺南市","安平區","120.165","22.995","1283"
"481","136676","20220830172000","339","2","臺南市","安平區","120.170","22.995","501"
"2451","136677","20220830172000","2247","1","臺南市","安平區","120.185","22.990","2558"
"281","136678","20220830172000","304","0","臺南市","安平區","120.180","22.995","289"
"1402","136679","20220830172000","1603","0","臺南市","安平區","120.185","22.995","1402"
"1156","136680","20220830172000","807","2","臺南市","安平區","120.180","22.985","1117"
"2309","136681","20220830172000","1467","3","臺南市","安平區","120.180","22.990","2130"
"36","136684","20220830172000","485","0","臺南市","安南區","120.190","23.040","31"
"240","136690","20220830172000","276","0","臺南市","南區","120.215","22.955","260"
"502","136695","20220830172000","318","3","臺南市","南區","120.210","22.965","534"
"1125","136696","20220830172000","730","3","臺南市","南區","120.215","22.965","1085"
"2959","136697","20220830172000","2004","2","臺南市","南區","120.185","22.965","3029"
"540","136701","20220830172000","512","1","臺南市","南區","120.170","22.955","546"
"259","136709","20220830172000","127","3","臺南市","南區","120.165","22.965","227"
"602","136712","20220830172000","529","1","臺南市","仁德區","120.220","22.955","650"
"401","136717","20220830172000","295","2","臺南市","仁德區","120.255","22.965","389"
"223","136718","20220830172000","321","0","臺南市","仁德區","120.260","22.965","237"
"88","136720","20220830172000","567","0","臺南市","仁德區","120.270","22.965","105"
"362","136721","20220830172000","1208","0","臺南市","仁德區","120.255","22.970","339"
"996","136722","20220830172000","451","3","臺南市","仁德區","120.260","22.970","932"
"1551","136727","20220830172000","1378","1","臺南市","北區","120.220","23.005","1538"
"1389","136728","20220830172000","1367","1","臺南市","北區","120.200","23.005","1433"
"701","136732","20220830172000","552","2","臺南市","仁德區","120.260","22.985","634"
"1092","136738","20220830172000","701","3","臺南市","仁德區","120.260","22.990","1063"
"60","136741","20220830172000","125","0","臺南市","仁德區","120.265","22.995","50"
"514","136752","20220830172000","140","3","臺南市","安南區","120.185","23.035","483"
"734","136755","20220830172000","472","3","臺南市","安南區","120.185","23.040","750"
"4474","136756","20220830172000","3642","2","臺南市","中西區","120.205","22.995","4768"
"341","136758","20220830172000","501","0","臺南市","永康區","120.250","23.000","381"
"304","136763","20220830172000","321","0","臺南市","安南區","120.200","23.040","327"
"1006","136764","20220830172000","2351","0","臺南市","安南區","120.190","23.025","1039"
"116","136765","20220830172000","157","0","臺南市","安南區","120.140","23.000","160"
"3629","136786","20220830172000","3588","1","臺南市","北區","120.210","23.000","3630"
"1107","136787","20220830172000","739","2","臺南市","中西區","120.195","22.995","1189"
"1516","136788","20220830172000","791","3","臺南市","中西區","120.205","22.985","1344"
"1004","136789","20220830172000","1607","0","臺南市","東區","120.225","22.980","789"
"5682","136790","20220830172000","3745","3","臺南市","東區","120.220","22.985","5247"
"692","136791","20220830172000","460","3","臺南市","永康區","120.225","23.015","518"
"753","136792","20220830172000","865","0","臺南市","永康區","120.240","23.005","807"
"392","136793","20220830172000","1182","0","臺南市","永康區","120.240","23.000","366"
"857","136794","20220830172000","1575","0","臺南市","永康區","120.235","23.010","861"
"916","136795","20220830172000","814","1","臺南市","永康區","120.245","23.000","823"
"1841","136799","20220830172000","1785","1","臺南市","新化區","120.300","23.035","1725"
"819","136800","20220830172000","1160","0","臺南市","東區","120.215","22.975","741"
"598","136801","20220830172000","539","1","臺南市","東區","120.230","22.985","649"
"2047","136802","20220830172000","1903","1","臺南市","東區","120.230","22.975","2108"
"387","136803","20220830172000","341","1","臺南市","東區","120.225","22.975","308"
"380","136804","20220830172000","286","2","臺南市","東區","120.230","22.970","366"
"983","136805","20220830172000","1159","0","臺南市","東區","120.230","22.965","990"
"661","136806","20220830172000","599","1","臺南市","南區","120.185","22.975","707"
"621","136808","20220830172000","751","0","臺南市","南區","120.210","22.970","663"
"512","136809","20220830172000","593","0","臺南市","東區","120.215","22.970","532"
"57","136812","20220830172000","398","0","臺南市","仁德區","120.245","22.955","72"
"140","136813","20220830172000","132","1","臺南市","仁德區","120.240","22.960","122"
"340","136814","20220830172000","256","2","臺南市","仁德區","120.245","22.960","333"
"269","136816","20220830172000","520","0","臺南市","仁德區","120.255","22.960","220"
"250","136817","20220830172000","317","0","臺南市","仁德區","120.240","22.965","272"
"52","136820","20220830172000","46","1","臺南市","仁德區","120.240","22.970","54"
"1032","136821","20220830172000","667","3","臺南市","仁德區","120.245","22.970","1000"
"667","136822","20220830172000","1054","0","臺南市","仁德區","120.250","22.970","704"
"925","136823","20220830172000","451","3","臺南市","仁德區","120.240","22.975","881"
"853","136824","20220830172000","1010","0","臺南市","仁德區","120.245","22.975","824"
"334","136825","20220830172000","430","0","臺南市","仁德區","120.250","22.975","372"
"3793","136826","20220830172000","4454","0","臺南市","北區","120.215","23.005","3766"
"53","136851","20220830172000","205","0","高雄市","內門區","120.445","22.975","55"
"11","136927","20220830172000","20","0","臺東縣","池上鄉","121.195","23.040","11"
"213","136939","20220830172000","45","3","高雄市","內門區","120.435","22.955","197"
"90","136953","20220830172000","64","2","高雄市","內門區","120.465","23.000","106"
"122","136958","20220830172000","197","0","高雄市","內門區","120.470","22.960","127"
"87","136970","20220830172000","55","3","高雄市","內門區","120.465","22.975","67"
"48","136996","20220830172000","39","2","高雄市","內門區","120.495","22.955","55"
"73","137008","20220830172000","112","0","高雄市","內門區","120.490","22.970","68"
"91","137020","20220830172000","88","1","高雄市","內門區","120.510","22.980","81"
"203","137023","20220830172000","241","0","高雄市","內門區","120.500","22.985","207"
"41","137048","20220830172000","99","0","高雄市","六龜區","120.660","23.005","44"
"91","137056","20220830172000","135","0","高雄市","六龜區","120.665","23.010","115"
"47","137071","20220830172000","61","0","臺南市","龍崎區","120.350","22.955","68"
"17","137124","20220830172000","15","1","臺南市","龍崎區","120.385","23.005","23"
"155","137130","20220830172000","93","3","臺南市","關廟區","120.370","22.960","142"
"11","137171","20220830172000","12","0","臺南市","龍崎區","120.405","22.955","10"
"356","137196","20220830172000","583","0","臺南市","安南區","120.190","23.020","336"
"57","137197","20220830172000","43","2","臺南市","南區","120.195","22.965","43"
"91","137201","20220830172000","152","0","臺南市","歸仁區","120.295","22.960","90"
"605","137202","20220830172000","511","1","臺南市","永康區","120.255","23.005","556"
"180","137251","20220830172000","247","0","高雄市","內門區","120.485","23.015","219"
"41","137259","20220830172000","22","3","高雄市","內門區","120.480","22.965","44"
"99","137275","20220830172000","102","0","高雄市","內門區","120.510","23.015","94"
"128","137311","20220830172000","80","3","高雄市","六龜區","120.650","22.975","162"
"365","137325","20220830172000","778","0","高雄市","六龜區","120.660","22.985","362"
"295","137409","20220830172000","92","3","高雄市","六龜區","120.640","22.990","318"
"159","137466","20220830172000","189","0","高雄市","六龜區","120.660","23.035","162"
"1046","137491","20220830172000","898","1","高雄市","六龜區","120.635","22.995","1026"
"172","137494","20220830172000","164","1","臺南市","安平區","120.165","23.000","193"
"103","137498","20220830172000","139","0","臺南市","安平區","120.155","22.980","134"
"390","137502","20220830172000","329","1","臺南市","安平區","120.150","22.990","322"
"29","137504","20220830172000","235","0","臺南市","永康區","120.255","23.020","23"
"618","137506","20220830172000","328","3","臺南市","永康區","120.260","23.020","604"
"321","137507","20220830172000","387","0","臺南市","永康區","120.250","23.030","354"
"199","137585","20220830172000","93","3","臺東縣","鹿野鄉","121.140","22.975","221"
"117","137592","20220830172000","129","0","臺東縣","鹿野鄉","121.140","22.985","120"
"122","137600","20220830172000","74","3","臺東縣","鹿野鄉","121.155","22.950","115"
"276","137609","20220830172000","327","0","臺東縣","鹿野鄉","121.155","22.955","324"
"417","137617","20220830172000","479","0","高雄市","旗山區","120.510","22.955","411"
"29","137618","20220830172000","111","0","高雄市","旗山區","120.515","22.955","46"
"311","137627","20220830172000","294","1","高雄市","旗山區","120.515","22.970","280"
"1068","137638","20220830172000","2090","0","臺南市","歸仁區","120.290","22.965","1283"
"220","137642","20220830172000","498","0","臺南市","永康區","120.275","23.035","215"
"150","137643","20220830172000","763","0","臺南市","永康區","120.280","23.035","145"
"122","137645","20220830172000","98","2","臺南市","永康區","120.275","23.040","129"
"612","137648","20220830172000","299","3","臺南市","新化區","120.305","23.030","605"
"732","137649","20220830172000","440","3","臺南市","永康區","120.240","23.010","691"
"1168","137650","20220830172000","1071","1","臺南市","永康區","120.215","23.020","1188"
"705","137651","20220830172000","370","3","臺南市","北區","120.220","23.015","659"
"21","138036","20220830172000","76","0","臺東縣","成功鎮","121.315","22.990","18"
"175","138047","20220830172000","66","3","臺東縣","成功鎮","121.320","23.005","232"
"137","138061","20220830172000","79","3","臺東縣","成功鎮","121.325","23.020","132"
"219","138079","20220830172000","216","1","臺東縣","成功鎮","121.335","23.030","240"
"376","138095","20220830172000","100","3","臺東縣","關山鎮","121.170","23.040","367"
"179","138110","20220830172000","76","3","臺東縣","關山鎮","121.145","23.005","161"
"132","138197","20220830172000","139","0","臺東縣","關山鎮","121.175","23.015","129"
"41","138230","20220830172000","79","0","臺東縣","關山鎮","121.185","23.025","49"
"115","138241","20220830172000","46","3","臺東縣","鹿野鄉","121.130","22.955","131"
"214","138251","20220830172000","225","0","臺東縣","鹿野鄉","121.120","22.970","223"
"232","138278","20220830172000","133","3","臺東縣","鹿野鄉","121.150","22.980","245"
"249","138324","20220830172000","649","0","臺南市","新化區","120.300","23.020","226"
"631","138325","20220830172000","246","3","臺南市","新化區","120.305","23.020","570"
"364","138337","20220830172000","407","0","臺南市","安南區","120.125","23.035","362"
"203","138363","20220830172000","94","3","臺南市","安南區","120.140","23.030","188"
"1108","138367","20220830172000","988","1","臺南市","安南區","120.160","23.030","1100"
"452","138369","20220830172000","482","0","臺南市","安南區","120.135","23.035","476"
"442","138375","20220830172000","376","1","臺南市","安南區","120.140","23.040","461"
"982","138376","20220830172000","1217","0","臺南市","安南區","120.145","23.040","1012"
"779","138377","20220830172000","874","0","臺南市","安南區","120.150","23.040","812"
"749","138378","20220830172000","635","1","臺南市","安南區","120.155","23.040","774"
"105","138379","20220830172000","57","3","臺南市","安南區","120.160","23.040","114"
"64","138760","20220830172000","30","3","高雄市","桃源區","120.715","23.035","65"
"2141","138833","20220830172000","1570","2","臺南市","永康區","120.260","23.025","2079"
"27","138836","20220830172000","311","0","臺南市","永康區","120.265","23.030","25"
"616","138838","20220830172000","490","2","臺南市","永康區","120.265","23.035","628"
"155","138839","20220830172000","297","0","臺南市","永康區","120.265","23.040","143"
"46","138840","20220830172000","39","1","臺南市","新化區","120.285","23.035","47"
"212","138842","20220830172000","186","1","臺南市","永康區","120.280","23.040","202"
"87","138843","20220830172000","422","0","臺南市","新化區","120.300","23.040","67"
"40","138851","20220830172000","15","3","臺南市","新化區","120.375","23.010","30"
"24","138856","20220830172000","11","3","臺南市","新化區","120.365","23.010","22"
"355","138868","20220830172000","973","0","臺南市","新化區","120.305","23.040","281"
"173","138909","20220830172000","306","0","臺南市","新化區","120.325","23.025","164"
"274","138910","20220830172000","39","3","臺南市","新化區","120.330","23.025","230"
"18","138911","20220830172000","85","0","臺南市","新化區","120.335","23.025","17"
"591","138917","20220830172000","1938","0","臺南市","新化區","120.310","23.035","492"
"1792","138922","20220830172000","1318","2","臺南市","東區","120.220","22.980","1502"
"1377","138923","20220830172000","930","2","臺南市","東區","120.235","22.970","1385"
"1462","138926","20220830172000","1789","0","臺南市","永康區","120.230","23.035","1463"
"1526","138928","20220830172000","1180","2","臺南市","永康區","120.235","23.040","1604"
"982","138932","20220830172000","1220","0","臺南市","永康區","120.240","23.035","955"
"613","138933","20220830172000","587","1","臺南市","永康區","120.245","23.035","597"
"499","138935","20220830172000","1006","0","臺南市","永康區","120.240","23.040","498"
"2401","138936","20220830172000","1498","3","臺南市","永康區","120.245","23.040","2244"
"138","138937","20220830172000","202","0","臺南市","永康區","120.250","23.040","138"
"49","138942","20220830172000","211","0","臺東縣","東河鄉","121.285","23.000","53"
"139","138962","20220830172000","133","1","臺東縣","東河鄉","121.280","23.020","160"
"27","138979","20220830172000","75","0","臺東縣","東河鄉","121.285","23.030","34"
"14","139027","20220830172000","64","0","臺東縣","東河鄉","121.240","22.965","17"
"59","139039","20220830172000","20","3","臺東縣","東河鄉","121.280","22.955","68"
"135","139060","20220830172000","340","0","臺東縣","東河鄉","121.300","22.970","137"
"13","139065","20220830172000","21","0","臺東縣","東河鄉","121.305","22.975","13"
"39","139073","20220830172000","37","1","臺東縣","東河鄉","121.300","22.985","53"
"49","139131","20220830172000","23","3","臺東縣","東河鄉","121.260","22.980","44"
"49","139146","20220830172000","31","3","臺東縣","東河鄉","121.265","22.985","45"
"228","139164","20220830172000","120","3","臺東縣","東河鄉","121.280","22.990","209"
"168","139299","20220830172000","106","3","臺南市","新化區","120.330","23.015","185"
"61","139305","20220830172000","393","0","臺南市","新化區","120.310","23.020","50"
"31","139307","20220830172000","198","0","臺南市","新化區","120.330","23.020","43"
"80","139318","20220830172000","112","0","臺南市","新化區","120.355","23.020","81"
"40","139336","20220830172000","23","3","臺南市","新化區","120.340","23.035","37"
"12","139343","20220830172000","55","0","臺南市","新化區","120.375","23.035","12"
"2403","139358","20220830172000","1802","2","臺南市","東區","120.220","22.995","2175"
"438","139360","20220830172000","797","0","臺南市","東區","120.215","23.000","356"
"630","139362","20220830172000","434","2","臺南市","東區","120.235","22.960","630"
"333","139635","20220830172000","359","0","高雄市","杉林區","120.540","22.970","341"
"166","139644","20220830172000","132","2","高雄市","杉林區","120.550","22.975","175"
"134","139672","20220830172000","100","2","高雄市","杉林區","120.565","22.985","128"
"17","139688","20220830172000","13","2","高雄市","杉林區","120.575","23.000","18"
"428","139718","20220830172000","375","1","高雄市","杉林區","120.540","22.965","439"
"42","139735","20220830172000","44","0","高雄市","杉林區","120.550","23.020","55"
"12","139762","20220830172000","12","1","高雄市","杉林區","120.535","23.035","19"
"47","139796","20220830172000","69","0","高雄市","杉林區","120.550","23.000","33"
"129","139852","20220830172000","192","0","高雄市","杉林區","120.585","22.995","154"
"112","139897","20220830172000","149","0","高雄市","杉林區","120.565","23.015","119"
"75","139960","20220830172000","55","2","高雄市","杉林區","120.550","23.040","85"
"25","143776","20220830172000","82","0","臺東縣","成功鎮","121.385","23.100","23"
"319","144971","20220830172000","294","1","臺南市","新市區","120.330","23.105","300"
"151","144982","20220830172000","637","0","臺南市","善化區","120.295","23.125","124"
"163","144986","20220830172000","132","2","臺南市","善化區","120.310","23.110","144"
"1125","144989","20220830172000","976","1","臺南市","善化區","120.305","23.115","1066"
"379","144992","20220830172000","597","0","臺南市","善化區","120.320","23.115","375"
"359","144998","20220830172000","216","3","臺南市","善化區","120.310","23.125","371"
"1591","144999","20220830172000","1155","2","臺南市","善化區","120.315","23.125","1661"
"2092","145002","20220830172000","797","3","臺南市","新市區","120.300","23.105","2047"
"2680","145007","20220830172000","1628","3","臺南市","善化區","120.295","23.115","2633"
"704","145022","20220830172000","557","2","臺南市","安定區","120.235","23.110","695"
"168","145025","20220830172000","226","0","臺南市","安定區","120.235","23.115","150"
"571","145026","20220830172000","819","0","臺南市","安定區","120.240","23.115","588"
"883","145031","20220830172000","1235","0","臺南市","安定區","120.255","23.115","821"
"138","145032","20220830172000","225","0","臺南市","安定區","120.235","23.120","134"
"753","145050","20220830172000","626","2","臺南市","七股區","120.160","23.115","746"
"140","145054","20220830172000","148","0","臺南市","安南區","120.135","23.045","148"
"564","145055","20220830172000","480","1","臺南市","安南區","120.155","23.045","565"
"372","145067","20220830172000","1491","0","臺南市","安南區","120.195","23.045","425"
"21","145080","20220830172000","96","0","臺東縣","池上鄉","121.220","23.090","22"
"47","145103","20220830172000","38","2","臺東縣","池上鄉","121.220","23.100","41"
"139","145114","20220830172000","40","3","臺東縣","池上鄉","121.225","23.105","125"
"45","145631","20220830172000","46","0","臺東縣","海端鄉","121.145","23.045","58"
"282","145817","20220830172000","439","0","臺東縣","海端鄉","121.175","23.095","267"
"402","146199","20220830172000","444","0","臺南市","西港區","120.205","23.115","392"
"1812","146201","20220830172000","1378","2","臺南市","西港區","120.200","23.120","1463"
"299","146215","20220830172000","643","0","臺南市","西港區","120.180","23.115","239"
"31","146227","20220830172000","411","0","臺南市","安南區","120.215","23.045","29"
"1203","146231","20220830172000","437","3","臺南市","安南區","120.215","23.050","1098"
"1217","146234","20220830172000","1270","0","臺南市","安南區","120.220","23.045","1245"
"658","146235","20220830172000","893","0","臺南市","安南區","120.225","23.045","646"
"229","146238","20220830172000","691","0","臺南市","安南區","120.235","23.050","231"
"116","146239","20220830172000","144","0","臺南市","永康區","120.240","23.050","103"
"281","146241","20220830172000","181","3","臺南市","安南區","120.235","23.055","306"
"1256","146244","20220830172000","642","3","臺南市","安南區","120.230","23.060","1216"
"54","146245","20220830172000","46","1","臺南市","安南區","120.235","23.060","59"
"591","146251","20220830172000","582","1","臺南市","西港區","120.210","23.115","520"
"49","146265","20220830172000","74","0","臺南市","大內區","120.390","23.110","59"
"14","146269","20220830172000","10","2","臺南市","大內區","120.390","23.115","12"
"285","146341","20220830172000","225","2","臺南市","安南區","120.110","23.080","289"
"413","146347","20220830172000","801","0","臺南市","安南區","120.205","23.045","404"
"360","146348","20220830172000","451","0","臺南市","安南區","120.210","23.045","345"
"87","146361","20220830172000","89","0","臺南市","大內區","120.395","23.120","102"
"72","146366","20220830172000","56","2","臺南市","大內區","120.420","23.120","91"
"419","146385","20220830172000","215","3","臺南市","安南區","120.220","23.055","479"
"632","146387","20220830172000","765","0","臺南市","安南區","120.215","23.060","627"
"354","146388","20220830172000","436","0","臺南市","安南區","120.220","23.060","365"
"1328","146390","20220830172000","2159","0","臺南市","安南區","120.225","23.065","1393"
"58","146400","20220830172000","53","1","臺南市","七股區","120.160","23.100","61"
"22","146423","20220830172000","37","0","臺南市","七股區","120.100","23.120","17"
"1420","146430","20220830172000","1475","0","臺南市","新市區","120.290","23.070","1425"
"1631","146432","20220830172000","757","3","臺南市","新市區","120.290","23.080","1548"
"2939","146433","20220830172000","2425","2","臺南市","新市區","120.295","23.080","2840"
"128","146437","20220830172000","538","0","臺南市","新市區","120.290","23.055","97"
"742","146444","20220830172000","410","3","臺南市","新市區","120.300","23.060","630"
"471","146450","20220830172000","281","3","臺南市","新市區","120.295","23.065","426"
"1371","146460","20220830172000","822","3","臺南市","新市區","120.295","23.075","1373"
"922","146461","20220830172000","451","3","臺南市","新市區","120.300","23.075","922"
"324","146468","20220830172000","407","0","臺南市","新市區","120.300","23.085","299"
"443","146478","20220830172000","315","2","臺南市","新市區","120.325","23.070","423"
"75","146482","20220830172000","31","3","臺南市","新市區","120.320","23.075","52"
"372","146495","20220830172000","806","0","臺南市","新市區","120.280","23.060","395"
"125","146505","20220830172000","68","3","臺南市","新市區","120.280","23.075","115"
"1360","146506","20220830172000","1344","1","臺南市","新市區","120.285","23.075","1395"
"34","146509","20220830172000","19","3","臺南市","新市區","120.285","23.080","30"
"1304","146513","20220830172000","1006","2","臺南市","新市區","120.280","23.090","1373"
"170","146522","20220830172000","212","0","臺南市","新市區","120.255","23.090","181"
"61","146523","20220830172000","49","2","臺南市","新市區","120.260","23.090","67"
"760","146525","20220830172000","724","1","臺南市","新市區","120.270","23.090","772"
"2436","146526","20220830172000","1862","2","臺南市","新市區","120.275","23.090","2507"
"394","146529","20220830172000","342","1","臺南市","新市區","120.255","23.095","415"
"83","146532","20220830172000","144","0","臺南市","新市區","120.270","23.095","59"
"3236","146533","20220830172000","3526","0","臺南市","新市區","120.275","23.095","3080"
"869","146535","20220830172000","652","2","臺南市","新市區","120.250","23.100","907"
"166","146536","20220830172000","139","1","臺南市","新市區","120.260","23.100","177"
"1008","146537","20220830172000","966","1","臺南市","新市區","120.260","23.095","1008"
"1313","146541","20220830172000","1193","1","臺南市","新市區","120.280","23.095","1272"
"77","146542","20220830172000","163","0","臺南市","新市區","120.285","23.100","73"
"2803","146545","20220830172000","2347","1","臺南市","新市區","120.255","23.100","2648"
"305","146546","20220830172000","355","0","臺南市","善化區","120.260","23.105","284"
"202","146547","20220830172000","184","1","臺南市","新市區","120.265","23.100","205"
"752","146549","20220830172000","517","2","臺南市","新市區","120.275","23.100","723"
"773","146550","20220830172000","1021","0","臺南市","新市區","120.280","23.100","777"
"2405","146552","20220830172000","2447","0","臺南市","新市區","120.265","23.105","2497"
"2429","146554","20220830172000","2199","1","臺南市","新市區","120.275","23.105","2566"
"211","146562","20220830172000","277","0","臺南市","七股區","120.145","23.105","214"
"709","146587","20220830172000","355","3","臺南市","安定區","120.225","23.080","661"
"873","146590","20220830172000","337","3","臺南市","安定區","120.230","23.100","770"
"797","146602","20220830172000","618","2","臺南市","西港區","120.210","23.125","722"
"430","146614","20220830172000","303","2","臺南市","安南區","120.155","23.055","393"
"334","146615","20220830172000","148","3","臺南市","安南區","120.165","23.060","234"
"343","146616","20220830172000","454","0","臺南市","安南區","120.175","23.060","352"
"858","146621","20220830172000","907","0","臺南市","安南區","120.175","23.070","882"
"17","146652","20220830172000","111","0","臺南市","七股區","120.150","23.120","19"
"432","146661","20220830172000","412","1","臺南市","安南區","120.130","23.070","439"
"44","146695","20220830172000","287","0","臺南市","安南區","120.095","23.060","33"
"194","146704","20220830172000","96","3","臺南市","山上區","120.355","23.085","245"
"278","146707","20220830172000","224","2","臺南市","山上區","120.345","23.090","305"
"320","146712","20220830172000","334","0","臺南市","山上區","120.355","23.095","308"
"144","146713","20220830172000","117","2","臺南市","山上區","120.360","23.095","138"
"354","146727","20220830172000","455","0","臺南市","山上區","120.340","23.110","379"
"68","146773","20220830172000","83","0","臺南市","山上區","120.405","23.105","78"
"163","146783","20220830172000","112","2","臺南市","山上區","120.365","23.075","162"
"29","146806","20220830172000","15","3","臺南市","左鎮區","120.380","23.050","32"
"259","146822","20220830172000","133","3","臺南市","左鎮區","120.365","23.065","233"
"90","146848","20220830172000","132","0","臺南市","左鎮區","120.400","23.055","102"
"211","146850","20220830172000","219","0","臺南市","左鎮區","120.410","23.055","237"
"136","146853","20220830172000","152","0","臺南市","左鎮區","120.390","23.060","187"
"102","146890","20220830172000","221","0","臺南市","安南區","120.160","23.065","109"
"496","146891","20220830172000","229","3","臺南市","安南區","120.160","23.070","460"
"280","146892","20220830172000","383","0","臺南市","安南區","120.165","23.070","282"
"172","146896","20220830172000","177","0","臺南市","安南區","120.200","23.075","166"
"82","146931","20220830172000","893","0","臺南市","安南區","120.130","23.060","84"
"142","146932","20220830172000","588","0","臺南市","安南區","120.135","23.060","126"
"40","146947","20220830172000","261","0","臺南市","安南區","120.115","23.055","59"
"603","146954","20220830172000","519","1","臺南市","安南區","120.125","23.060","590"
"561","146957","20220830172000","473","1","臺南市","安南區","120.125","23.065","561"
"970","146965","20220830172000","583","3","臺南市","山上區","120.355","23.105","954"
"225","146969","20220830172000","93","3","臺南市","山上區","120.370","23.080","204"
"73","146971","20220830172000","107","0","臺南市","山上區","120.380","23.080","89"
"52","146979","20220830172000","292","0","臺南市","安定區","120.235","23.100","46"
"1575","146988","20220830172000","1427","1","臺南市","永康區","120.255","23.045","1510"
"160","146992","20220830172000","98","3","臺南市","永康區","120.260","23.050","156"
"94","147017","20220830172000","113","0","臺南市","安南區","120.145","23.075","106"
"579","147019","20220830172000","457","2","臺南市","安南區","120.135","23.080","587"
"124","147031","20220830172000","129","0","臺南市","安定區","120.220","23.105","130"
"667","147043","20220830172000","933","0","臺南市","安定區","120.260","23.110","682"
"243","147044","20220830172000","1347","0","臺南市","安定區","120.260","23.115","257"
"1254","147045","20220830172000","1533","0","臺南市","安定區","120.255","23.120","1386"
"13917","147046","20220830172000","11001","2","臺南市","安定區","120.260","23.120","13538"
"35","147047","20220830172000","82","0","臺南市","安定區","120.265","23.120","38"
"50","147048","20220830172000","132","0","臺南市","安定區","120.250","23.125","40"
"368","147051","20220830172000","420","0","臺南市","安定區","120.240","23.095","333"
"364","147056","20220830172000","642","0","臺南市","安定區","120.235","23.085","325"
"349","147068","20220830172000","898","0","臺南市","安定區","120.235","23.095","358"
"180","147073","20220830172000","155","1","臺南市","安南區","120.180","23.045","189"
"1384","147074","20220830172000","1533","0","臺南市","安南區","120.185","23.045","1411"
"391","147075","20220830172000","513","0","臺南市","安南區","120.180","23.050","407"
"1276","147079","20220830172000","469","3","臺南市","安南區","120.190","23.055","1201"
"124","147083","20220830172000","212","0","臺南市","南化區","120.450","23.050","119"
"307","147121","20220830172000","224","2","臺南市","南化區","120.485","23.080","324"
"177","147153","20220830172000","191","0","臺南市","南化區","120.475","23.065","215"
"297","147170","20220830172000","245","2","臺南市","南化區","120.475","23.045","272"
"107","147181","20220830172000","94","1","臺南市","南化區","120.515","23.045","94"
"58","147248","20220830172000","64","0","臺南市","南化區","120.515","23.075","49"
"26","147252","20220830172000","28","0","臺南市","南化區","120.535","23.075","35"
"134","147257","20220830172000","85","3","臺南市","南化區","120.510","23.080","139"
"47","147271","20220830172000","39","2","臺南市","南化區","120.525","23.085","40"
"406","147381","20220830172000","207","3","臺南市","安南區","120.165","23.050","398"
"96","147382","20220830172000","236","0","臺南市","安南區","120.170","23.050","95"
"280","147391","20220830172000","47","3","臺東縣","池上鄉","121.205","23.100","248"
"246","147393","20220830172000","181","2","臺東縣","池上鄉","121.200","23.105","283"
"24","147394","20220830172000","10","3","臺東縣","池上鄉","121.205","23.105","23"
"129","147398","20220830172000","112","1","臺東縣","池上鄉","121.200","23.110","142"
"235","147404","20220830172000","105","3","臺東縣","池上鄉","121.200","23.115","196"
"296","147422","20220830172000","452","0","臺東縣","池上鄉","121.220","23.115","319"
"194","147425","20220830172000","74","3","臺東縣","池上鄉","121.210","23.120","161"
"395","147426","20220830172000","425","0","臺東縣","池上鄉","121.215","23.120","397"
"320","147427","20220830172000","916","0","臺東縣","池上鄉","121.220","23.120","272"
"54","147429","20220830172000","451","0","臺南市","安南區","120.120","23.075","66"
"163","147438","20220830172000","913","0","臺南市","安南區","120.205","23.050","170"
"733","147448","20220830172000","995","0","臺南市","安南區","120.195","23.070","709"
"570","147449","20220830172000","332","3","臺南市","安定區","120.200","23.070","496"
"2641","147457","20220830172000","1782","2","臺南市","新市區","120.280","23.105","2592"
"6455","147458","20220830172000","5146","2","臺南市","善化區","120.265","23.110","6555"
"2458","147459","20220830172000","2588","0","臺南市","善化區","120.270","23.110","2426"
"4115","147460","20220830172000","2714","3","臺南市","善化區","120.275","23.110","4167"
"102","147461","20220830172000","60","3","臺南市","善化區","120.280","23.110","90"
"4601","147464","20220830172000","3897","1","臺南市","善化區","120.270","23.115","4649"
"4247","147465","20220830172000","3286","2","臺南市","善化區","120.275","23.115","4299"
"53","147466","20220830172000","67","0","臺南市","善化區","120.280","23.115","56"
"96","147467","20220830172000","109","0","臺南市","善化區","120.285","23.115","81"
"1950","147468","20220830172000","1175","3","臺南市","善化區","120.270","23.120","1947"
"32","147469","20220830172000","184","0","臺南市","善化區","120.275","23.120","35"
"1189","147475","20220830172000","721","3","臺南市","安南區","120.190","23.045","1181"
"884","147479","20220830172000","439","3","臺南市","安定區","120.215","23.075","710"
"510","147503","20220830172000","491","1","臺南市","大內區","120.370","23.115","548"
"305","147511","20220830172000","160","3","臺南市","安定區","120.205","23.080","264"
"203","147522","20220830172000","731","0","臺南市","安定區","120.210","23.090","958"
"102","147528","20220830172000","627","0","臺南市","安定區","120.215","23.095","623"
"1009","147531","20220830172000","364","3","臺南市","安定區","120.210","23.095","758"
"1047","147539","20220830172000","240","3","臺南市","新市區","120.290","23.085","1062"
"1917","147540","20220830172000","1290","2","臺南市","新市區","120.285","23.090","1829"
"17","147543","20220830172000","15","1","臺南市","新市區","120.285","23.095","19"
"814","147548","20220830172000","1083","0","臺南市","新市區","120.290","23.100","793"
"626","147550","20220830172000","464","2","臺南市","新市區","120.285","23.105","553"
"13","147563","20220830172000","18","0","臺南市","新市區","120.255","23.070","13"
"60","147564","20220830172000","103","0","臺南市","新市區","120.260","23.070","52"
"243","147567","20220830172000","116","3","臺南市","新市區","120.250","23.075","198"
"153","147570","20220830172000","164","0","臺南市","新市區","120.265","23.075","160"
"152","147571","20220830172000","152","1","臺南市","新市區","120.255","23.080","116"
"188","147576","20220830172000","102","3","臺南市","新市區","120.305","23.090","184"
"223","147580","20220830172000","348","0","臺南市","新市區","120.300","23.100","193"
"225","147587","20220830172000","213","1","臺南市","新市區","120.310","23.100","232"
"478","147594","20220830172000","482","0","臺南市","新市區","120.320","23.085","541"
"776","147598","20220830172000","556","2","臺南市","新市區","120.315","23.090","830"
"154","147603","20220830172000","476","0","臺南市","新市區","120.320","23.095","674"
"50","147613","20220830172000","203","0","臺南市","安南區","120.165","23.045","69"
"454","147619","20220830172000","274","3","臺南市","安南區","120.170","23.045","469"
"246","147620","20220830172000","219","1","臺南市","安南區","120.175","23.045","240"
"598","147621","20220830172000","681","0","臺南市","安南區","120.175","23.050","626"
"96","147622","20220830172000","297","0","臺南市","安南區","120.175","23.055","107"
"104","147627","20220830172000","87","1","臺南市","七股區","120.120","23.095","153"
"173","147686","20220830172000","134","2","臺南市","七股區","120.075","23.125","164"
"118","147743","20220830172000","42","3","臺南市","七股區","120.050","23.080","121"
"100","147812","20220830172000","139","0","臺南市","七股區","120.090","23.095","113"
"653","147816","20220830172000","501","2","臺南市","七股區","120.110","23.095","630"
"62","147889","20220830172000","76","0","臺東縣","池上鄉","121.220","23.080","58"
"305","147906","20220830172000","132","3","臺東縣","池上鄉","121.230","23.120","307"
"194","147984","20220830172000","134","2","高雄市","甲仙區","120.585","23.080","191"
"298","147985","20220830172000","117","3","高雄市","甲仙區","120.590","23.080","287"
"41","147999","20220830172000","45","0","高雄市","甲仙區","120.610","23.110","44"
"17","148032","20220830172000","14","2","高雄市","甲仙區","120.630","23.115","23"
"144","148097","20220830172000","222","0","高雄市","六龜區","120.670","23.065","171"
"197","148126","20220830172000","101","3","高雄市","六龜區","120.675","23.080","190"
"797","148173","20220830172000","683","1","臺南市","安南區","120.205","23.060","831"
"713","148177","20220830172000","430","3","臺南市","安南區","120.220","23.070","648"
"436","148178","20220830172000","208","3","臺南市","安南區","120.225","23.070","389"
"170","148201","20220830172000","149","1","高雄市","六龜區","120.690","23.095","186"
"103","148224","20220830172000","151","0","高雄市","六龜區","120.690","23.105","100"
"114","148238","20220830172000","217","0","高雄市","六龜區","120.700","23.110","131"
"12","148255","20220830172000","16","0","高雄市","桃源區","120.710","23.115","12"
"122","148271","20220830172000","93","2","高雄市","六龜區","120.720","23.115","104"
"89","148275","20220830172000","56","3","高雄市","桃源區","120.745","23.115","88"
"75","148342","20220830172000","49","3","高雄市","六龜區","120.715","23.065","52"
"68","148372","20220830172000","68","1","臺南市","新化區","120.330","23.055","80"
"139","148373","20220830172000","139","1","臺南市","新化區","120.335","23.055","146"
"114","148376","20220830172000","87","2","臺南市","新化區","120.335","23.060","127"
"160","148377","20220830172000","155","1","臺南市","新化區","120.340","23.060","171"
"24","148378","20220830172000","17","2","臺南市","新化區","120.345","23.060","22"
"391","148380","20220830172000","389","1","臺南市","新化區","120.345","23.065","386"
"267","148386","20220830172000","198","2","臺南市","新化區","120.355","23.070","239"
"98","148418","20220830172000","94","1","臺東縣","池上鄉","121.235","23.120","92"
"49","148429","20220830172000","90","0","臺南市","玉井區","120.425","23.070","53"
"107","148453","20220830172000","76","2","臺南市","玉井區","120.430","23.085","125"
"24","148472","20220830172000","13","3","臺南市","玉井區","120.440","23.095","32"
"31","148477","20220830172000","50","0","臺南市","玉井區","120.450","23.090","46"
"183","148526","20220830172000","90","3","臺南市","玉井區","120.480","23.110","194"
"11","148531","20220830172000","12","0","臺南市","玉井區","120.505","23.110","15"
"1583","148561","20220830172000","1494","1","臺南市","玉井區","120.460","23.120","1644"
"575","148562","20220830172000","629","0","臺南市","玉井區","120.465","23.120","540"
"1027","148578","20220830172000","1065","0","臺南市","永康區","120.265","23.045","1014"
"148","148580","20220830172000","927","0","臺南市","永康區","120.275","23.045","119"
"251","148582","20220830172000","370","0","臺南市","永康區","120.265","23.050","250"
"545","148583","20220830172000","348","3","臺南市","永康區","120.270","23.050","506"
"163","148584","20220830172000","131","2","臺南市","永康區","120.275","23.050","135"
"101","148586","20220830172000","284","0","臺南市","永康區","120.270","23.055","96"
"68","148590","20220830172000","404","0","臺南市","永康區","120.245","23.050","63"
"32","148592","20220830172000","87","0","臺南市","永康區","120.250","23.050","25"
"499","148594","20220830172000","289","3","臺南市","永康區","120.260","23.055","503"
"538","148600","20220830172000","545","0","臺南市","永康區","120.265","23.055","492"
"63","148632","20220830172000","27","3","臺東縣","成功鎮","121.355","23.120","57"
"529","148641","20220830172000","346","3","臺東縣","成功鎮","121.400","23.120","606"
"63","148643","20220830172000","21","3","臺東縣","成功鎮","121.410","23.120","79"
"49","148653","20220830172000","20","3","臺東縣","成功鎮","121.355","23.105","32"
"227","148657","20220830172000","829","0","臺東縣","成功鎮","121.375","23.105","219"
"94","148690","20220830172000","59","3","臺東縣","成功鎮","121.340","23.045","110"
"29","148696","20220830172000","33","0","臺東縣","成功鎮","121.340","23.050","36"
"196","148718","20220830172000","122","3","臺東縣","成功鎮","121.345","23.065","220"
"10","148746","20220830172000","63","0","臺東縣","成功鎮","121.355","23.080","10"
"247","148763","20220830172000","74","3","臺東縣","成功鎮","121.355","23.090","267"
"29","148769","20220830172000","15","3","臺東縣","成功鎮","121.345","23.095","30"
"39","148782","20220830172000","159","0","臺東縣","成功鎮","121.370","23.100","38"
"1315","148784","20220830172000","601","3","臺東縣","成功鎮","121.380","23.100","1315"
"448","148795","20220830172000","452","0","臺東縣","關山鎮","121.175","23.070","435"
"253","148817","20220830172000","112","3","臺東縣","關山鎮","121.175","23.080","301"
"687","148847","20220830172000","297","3","臺東縣","關山鎮","121.165","23.045","620"
"150","148852","20220830172000","1234","0","臺東縣","關山鎮","121.165","23.050","130"
"414","148873","20220830172000","486","0","臺東縣","關山鎮","121.165","23.055","492"
"465","148879","20220830172000","283","3","臺東縣","關山鎮","121.155","23.045","441"
"370","148883","20220830172000","573","0","高雄市","甲仙區","120.590","23.085","390"
"93","148899","20220830172000","68","2","高雄市","甲仙區","120.590","23.100","109"
"89","148910","20220830172000","61","2","高雄市","甲仙區","120.550","23.055","74"
"134","148925","20220830172000","99","2","高雄市","甲仙區","120.570","23.065","107"
"193","148938","20220830172000","131","2","高雄市","甲仙區","120.575","23.070","220"
"73","148960","20220830172000","72","1","高雄市","甲仙區","120.560","23.050","72"
"298","148978","20220830172000","333","0","臺南市","新化區","120.290","23.045","325"
"116","148986","20220830172000","59","3","臺南市","新化區","120.295","23.055","135"
"1268","148988","20220830172000","435","3","臺南市","安南區","120.145","23.045","1232"
"36","148989","20220830172000","21","3","臺南市","安南區","120.150","23.045","38"
"15","149026","20220830172000","31","0","高雄市","桃源區","120.720","23.050","17"
"19","149092","20220830172000","20","0","高雄市","桃源區","120.735","23.060","21"
"46","149159","20220830172000","22","3","高雄市","桃源區","120.755","23.070","50"
"19","149519","20220830172000","73","0","高雄市","六龜區","120.685","23.110","15"
"305","149576","20220830172000","197","3","臺南市","新化區","120.295","23.045","287"
"199","149577","20220830172000","660","0","臺南市","新化區","120.300","23.045","179"
"78","149589","20220830172000","219","0","臺南市","永康區","120.235","23.045","94"
"1877","149590","20220830172000","1485","2","臺南市","永康區","120.240","23.045","1771"
"51","149592","20220830172000","38","2","臺南市","永康區","120.245","23.045","48"
"324","149593","20220830172000","256","2","臺南市","永康區","120.250","23.045","350"
"38","149614","20220830172000","47","0","臺南市","玉井區","120.460","23.100","38"
"30","149636","20220830172000","36","0","臺南市","玉井區","120.490","23.095","26"
"126","149651","20220830172000","166","0","臺南市","玉井區","120.480","23.105","130"
"412","149654","20220830172000","1282","0","臺東縣","成功鎮","121.380","23.105","397"
"94","149658","20220830172000","56","3","臺東縣","東河鄉","121.285","23.045","110"
"85","149682","20220830172000","49","3","臺東縣","東河鄉","121.295","23.055","68"
"21","149761","20220830172000","13","3","臺東縣","東河鄉","121.295","23.080","20"
"24","149846","20220830172000","58","0","臺南市","新化區","120.370","23.045","13"
"38","149865","20220830172000","80","0","臺南市","新化區","120.310","23.045","62"
"199","149869","20220830172000","375","0","臺南市","新化區","120.315","23.050","90"
"82","149873","20220830172000","106","0","臺南市","新化區","120.325","23.055","82"
"51","149908","20220830172000","31","3","高雄市","甲仙區","120.600","23.085","33"
"971","149946","20220830172000","940","1","臺南市","善化區","120.270","23.125","995"
"690","149948","20220830172000","712","0","臺南市","大內區","120.355","23.120","705"
"231","154962","20220830172000","172","2","澎湖縣","七美鄉","119.415","23.195","231"
"1540","154965","20220830172000","581","3","臺南市","善化區","120.325","23.140","1337"
"189","154980","20220830172000","263","0","臺南市","善化區","120.325","23.135","196"
"1746","154984","20220830172000","1588","1","臺南市","善化區","120.300","23.130","1601"
"479","154985","20220830172000","275","3","臺南市","善化區","120.305","23.130","484"
"709","154986","20220830172000","540","2","臺南市","善化區","120.310","23.130","784"
"131","154996","20220830172000","65","3","澎湖縣","七美鄉","119.435","23.200","93"
"27","155085","20220830172000","10","3","臺南市","西港區","120.230","23.135","18"
"255","155092","20220830172000","715","0","臺南市","麻豆區","120.220","23.190","252"
"725","155098","20220830172000","676","1","臺南市","麻豆區","120.245","23.190","685"
"168","155107","20220830172000","124","2","臺南市","佳里區","120.180","23.145","198"
"416","155111","20220830172000","450","0","臺南市","佳里區","120.175","23.150","387"
"453","155114","20220830172000","924","0","臺南市","佳里區","120.175","23.155","387"
"687","155129","20220830172000","660","1","臺南市","佳里區","120.195","23.190","657"
"76","155501","20220830172000","58","2","臺東縣","海端鄉","121.025","23.185","103"
"52","155650","20220830172000","63","0","臺東縣","海端鄉","121.180","23.130","53"
"39","155658","20220830172000","31","2","臺東縣","海端鄉","121.205","23.150","36"
"109","155664","20220830172000","93","1","臺東縣","海端鄉","121.190","23.155","126"
"47","155779","20220830172000","68","0","臺東縣","海端鄉","121.125","23.130","90"
"106","155786","20220830172000","44","3","臺東縣","海端鄉","121.160","23.130","96"
"12","155909","20220830172000","21","0","臺東縣","海端鄉","121.085","23.140","12"
"81","156049","20220830172000","77","1","臺東縣","海端鄉","121.030","23.165","75"
"99","156052","20220830172000","72","2","臺東縣","海端鄉","121.045","23.165","121"
"26","156083","20220830172000","39","0","臺東縣","海端鄉","121.045","23.170","39"
"77","156227","20220830172000","350","0","臺南市","西港區","120.180","23.130","114"
"428","156281","20220830172000","306","2","臺南市","佳里區","120.180","23.165","427"
"63","156284","20220830172000","292","0","臺南市","佳里區","120.180","23.170","58"
"108","156292","20220830172000","56","3","臺南市","佳里區","120.155","23.170","113"
"530","156302","20220830172000","630","0","臺南市","麻豆區","120.215","23.175","570"
"1102","156306","20220830172000","578","3","臺南市","佳里區","120.160","23.160","1026"
"1576","156309","20220830172000","1568","1","臺南市","佳里區","120.175","23.160","1576"
"4230","156314","20220830172000","4015","1","臺南市","佳里區","120.175","23.165","4008"
"304","156333","20220830172000","210","2","臺南市","七股區","120.140","23.140","275"
"529","156339","20220830172000","271","3","臺南市","七股區","120.150","23.150","509"
"223","156348","20220830172000","162","2","花蓮縣","富里鄉","121.255","23.180","215"
"369","156361","20220830172000","301","2","花蓮縣","富里鄉","121.275","23.190","432"
"378","156391","20220830172000","513","0","臺南市","西港區","120.220","23.140","327"
"737","156401","20220830172000","605","2","臺南市","麻豆區","120.240","23.155","690"
"107","156402","20220830172000","26","3","臺南市","麻豆區","120.240","23.160","102"
"110","156413","20220830172000","662","0","臺南市","麻豆區","120.275","23.190","94"
"741","156420","20220830172000","256","3","臺南市","麻豆區","120.270","23.195","691"
"289","156423","20220830172000","69","3","臺南市","麻豆區","120.285","23.195","283"
"211","156427","20220830172000","898","0","臺南市","麻豆區","120.230","23.180","236"
"213","156446","20220830172000","239","0","臺南市","大內區","120.415","23.150","229"
"38","156474","20220830172000","28","2","臺南市","大內區","120.410","23.165","31"
"11","156599","20220830172000","10","1","花蓮縣","富里鄉","121.285","23.190","11"
"417","156721","20220830172000","278","3","臺南市","善化區","120.270","23.145","429"
"214","156727","20220830172000","786","0","臺南市","善化區","120.275","23.130","200"
"22","156730","20220830172000","18","2","臺南市","大內區","120.405","23.130","23"
"19","156736","20220830172000","27","0","臺南市","大內區","120.435","23.130","26"
"42","156743","20220830172000","40","1","臺南市","大內區","120.430","23.135","88"
"61","156744","20220830172000","104","0","臺南市","玉井區","120.435","23.135","61"
"1786","156753","20220830172000","789","3","臺南市","善化區","120.285","23.135","1862"
"115","156765","20220830172000","554","0","臺南市","善化區","120.290","23.135","103"
"106","156769","20220830172000","206","0","臺南市","善化區","120.315","23.155","253"
"854","156781","20220830172000","798","1","臺南市","善化區","120.285","23.150","925"
"66","156784","20220830172000","221","0","臺南市","善化區","120.275","23.155","68"
"707","156792","20220830172000","701","1","臺南市","七股區","120.135","23.140","715"
"166","156851","20220830172000","268","0","臺南市","佳里區","120.155","23.180","175"
"657","156856","20220830172000","310","3","臺南市","佳里區","120.155","23.140","556"
"428","156864","20220830172000","431","0","臺南市","佳里區","120.185","23.145","427"
"273","156865","20220830172000","600","0","臺南市","佳里區","120.180","23.150","251"
"1363","156869","20220830172000","1275","1","臺南市","佳里區","120.180","23.155","1397"
"101","156870","20220830172000","145","0","臺南市","佳里區","120.185","23.155","88"
"604","156873","20220830172000","681","0","臺南市","佳里區","120.155","23.175","608"
"832","156909","20220830172000","326","3","臺南市","麻豆區","120.240","23.190","850"
"98","156922","20220830172000","313","0","臺南市","麻豆區","120.210","23.200","75"
"237","156941","20220830172000","300","0","臺南市","佳里區","120.190","23.190","271"
"770","156942","20220830172000","541","2","臺南市","佳里區","120.185","23.185","782"
"759","156974","20220830172000","760","0","臺南市","七股區","120.090","23.185","780"
"1902","156977","20220830172000","386","3","臺南市","西港區","120.200","23.140","1374"
"1404","157009","20220830172000","1242","1","臺南市","麻豆區","120.240","23.185","1508"
"799","157010","20220830172000","1046","0","臺南市","麻豆區","120.250","23.185","766"
"266","157011","20220830172000","453","0","臺南市","麻豆區","120.255","23.185","287"
"41","157047","20220830172000","37","1","臺南市","六甲區","120.415","23.205","60"
"151","157077","20220830172000","96","3","臺南市","楠西區","120.505","23.140","167"
"560","157130","20220830172000","305","3","臺南市","將軍區","120.160","23.190","587"
"165","157174","20220830172000","474","0","臺南市","官田區","120.315","23.195","175"
"802","157183","20220830172000","403","3","臺南市","安定區","120.245","23.130","730"
"260","157184","20220830172000","318","0","臺南市","安定區","120.250","23.130","219"
"239","157198","20220830172000","227","1","花蓮縣","富里鄉","121.265","23.155","277"
"156","157258","20220830172000","246","0","臺南市","官田區","120.320","23.200","155"
"560","157259","20220830172000","644","0","臺南市","官田區","120.325","23.200","556"
"268","157263","20220830172000","327","0","臺南市","官田區","120.320","23.205","285"
"350","157265","20220830172000","207","3","臺南市","官田區","120.330","23.205","351"
"181","157312","20220830172000","388","0","臺南市","官田區","120.380","23.185","142"
"53","157333","20220830172000","228","0","臺南市","官田區","120.365","23.195","527"
"43","157334","20220830172000","176","0","臺南市","官田區","120.370","23.195","22"
"25","157335","20220830172000","125","0","臺南市","官田區","120.375","23.195","20"
"184","157360","20220830172000","545","0","臺南市","官田區","120.335","23.180","283"
"319","157382","20220830172000","101","3","臺南市","官田區","120.320","23.170","305"
"124","157394","20220830172000","183","0","臺南市","官田區","120.310","23.175","90"
"33","157399","20220830172000","173","0","臺南市","官田區","120.295","23.185","46"
"108","157419","20220830172000","368","0","臺南市","官田區","120.350","23.160","89"
"87","157422","20220830172000","42","3","臺南市","官田區","120.330","23.165","71"
"113","157424","20220830172000","435","0","臺南市","官田區","120.340","23.165","108"
"23","157437","20220830172000","50","0","臺南市","官田區","120.350","23.180","22"
"15","157454","20220830172000","63","0","臺南市","官田區","120.375","23.170","16"
"104","157463","20220830172000","33","3","臺南市","官田區","120.365","23.180","96"
"99","157477","20220830172000","304","0","臺南市","官田區","120.305","23.195","100"
"715","157478","20220830172000","599","1","臺南市","官田區","120.315","23.190","702"
"42","157597","20220830172000","36","1","臺南市","南化區","120.595","23.165","45"
"66","157624","20220830172000","55","2","臺南市","南化區","120.600","23.175","62"
"66","157646","20220830172000","84","0","臺南市","南化區","120.570","23.185","85"
"2629","157737","20220830172000","2064","2","臺南市","麻豆區","120.245","23.180","2212"
"150","157740","20220830172000","137","1","臺南市","麻豆區","120.240","23.195","133"
"938","157752","20220830172000","441","3","臺南市","麻豆區","120.260","23.185","884"
"355","157756","20220830172000","417","0","臺南市","麻豆區","120.265","23.190","366"
"236","157759","20220830172000","192","2","臺南市","麻豆區","120.255","23.190","310"
"57","157773","20220830172000","32","3","臺東縣","池上鄉","121.210","23.125","56"
"113","157789","20220830172000","90","2","臺東縣","池上鄉","121.200","23.140","115"
"53","157809","20220830172000","76","0","臺南市","善化區","120.275","23.145","45"
"349","157818","20220830172000","250","2","花蓮縣","卓溪鄉","121.225","23.160","323"
"128","157895","20220830172000","132","0","花蓮縣","富里鄉","121.250","23.200","159"
"222","157913","20220830172000","524","0","臺南市","善化區","120.295","23.135","210"
"31","157915","20220830172000","87","0","臺南市","善化區","120.305","23.135","49"
"540","157919","20220830172000","431","2","臺南市","善化區","120.305","23.140","560"
"613","157924","20220830172000","353","3","臺南市","善化區","120.290","23.145","609"
"14","157933","20220830172000","13","1","臺南市","善化區","120.285","23.160","11"
"179","157961","20220830172000","326","0","臺南市","善化區","120.285","23.130","140"
"205","157991","20220830172000","99","3","花蓮縣","富里鄉","121.235","23.135","216"
"53","157998","20220830172000","76","0","花蓮縣","富里鄉","121.240","23.140","59"
"272","158028","20220830172000","251","1","花蓮縣","富里鄉","121.250","23.170","290"
"450","158030","20220830172000","394","1","花蓮縣","富里鄉","121.250","23.175","412"
"106","158032","20220830172000","73","2","花蓮縣","富里鄉","121.250","23.180","112"
"885","158045","20220830172000","575","3","臺南市","將軍區","120.140","23.205","933"
"1109","158058","20220830172000","1270","0","臺南市","將軍區","120.160","23.200","1121"
"230","158065","20220830172000","293","0","臺南市","七股區","120.135","23.130","265"
"426","158072","20220830172000","389","1","臺南市","七股區","120.110","23.145","409"
"21","158092","20220830172000","35","0","臺南市","七股區","120.130","23.185","25"
"75","158097","20220830172000","24","3","臺南市","七股區","120.145","23.180","59"
"417","158106","20220830172000","236","3","臺南市","佳里區","120.190","23.165","413"
"110","158107","20220830172000","636","0","臺南市","佳里區","120.195","23.165","99"
"450","158122","20220830172000","549","0","臺南市","佳里區","120.180","23.180","402"
"351","158126","20220830172000","498","0","臺南市","佳里區","120.175","23.185","373"
"42","158128","20220830172000","35","2","臺東縣","池上鄉","121.185","23.130","36"
"163","158181","20220830172000","176","0","臺南市","麻豆區","120.265","23.180","165"
"794","158192","20220830172000","706","1","臺南市","麻豆區","120.245","23.185","766"
"31","158195","20220830172000","151","0","臺南市","麻豆區","120.240","23.180","38"
"35","158363","20220830172000","13","3","高雄市","桃源區","120.790","23.185","25"
"124","158397","20220830172000","100","2","臺東縣","池上鄉","121.235","23.130","144"
"498","158398","20220830172000","377","2","臺南市","玉井區","120.470","23.130","467"
"56","158400","20220830172000","231","0","臺南市","玉井區","120.480","23.130","62"
"198","158410","20220830172000","222","0","臺南市","玉井區","120.440","23.135","227"
"160","158457","20220830172000","87","3","臺南市","楠西區","120.490","23.190","160"
"67","158502","20220830172000","73","0","臺南市","楠西區","120.515","23.200","68"
"41","158508","20220830172000","27","3","臺南市","楠西區","120.545","23.205","32"
"759","158533","20220830172000","522","2","臺南市","楠西區","120.485","23.175","674"
"553","158546","20220830172000","331","3","臺南市","楠西區","120.485","23.170","513"
"55","158547","20220830172000","291","0","臺南市","楠西區","120.480","23.175","50"
"65","158550","20220830172000","207","0","臺南市","楠西區","120.480","23.185","45"
"41","158572","20220830172000","47","0","臺南市","楠西區","120.505","23.160","48"
"44","158634","20220830172000","50","0","臺南市","楠西區","120.560","23.180","44"
"15","158638","20220830172000","52","0","臺南市","楠西區","120.525","23.185","12"
"126","158670","20220830172000","89","2","臺南市","楠西區","120.465","23.190","155"
"76","158687","20220830172000","87","0","臺南市","楠西區","120.490","23.200","90"
"50","158849","20220830172000","216","0","臺東縣","成功鎮","121.400","23.155","49"
"188","158905","20220830172000","77","3","臺東縣","成功鎮","121.400","23.170","216"
"118","158933","20220830172000","114","1","臺東縣","成功鎮","121.395","23.180","119"
"106","159028","20220830172000","135","0","高雄市","甲仙區","120.635","23.150","127"
"17","159158","20220830172000","20","0","高雄市","三民區","120.660","23.200","19"
"23","159274","20220830172000","22","1","高雄市","桃源區","120.800","23.210","34"
"45","159434","20220830172000","19","3","高雄市","桃源區","120.755","23.145","33"
"225","159527","20220830172000","186","2","高雄市","桃源區","120.765","23.160","209"
"101","159574","20220830172000","88","1","高雄市","桃源區","120.770","23.165","99"
"60","159707","20220830172000","31","3","高雄市","桃源區","120.740","23.135","75"
"200","159838","20220830172000","176","1","臺南市","官田區","120.350","23.150","237"
"120","159846","20220830172000","153","0","臺南市","大內區","120.365","23.155","138"
"278","159859","20220830172000","336","0","臺南市","大內區","120.380","23.145","314"
"157","159883","20220830172000","40","3","臺南市","大內區","120.370","23.160","153"
"642","159912","20220830172000","228","3","臺南市","麻豆區","120.225","23.175","530"
"576","159913","20220830172000","724","0","臺南市","麻豆區","120.220","23.180","585"
"560","159928","20220830172000","536","1","臺南市","麻豆區","120.255","23.180","557"
"212","159936","20220830172000","286","0","臺南市","善化區","120.315","23.145","460"
"511","159943","20220830172000","361","2","臺南市","善化區","120.300","23.150","511"
"181","159947","20220830172000","332","0","臺南市","善化區","120.265","23.130","181"
"547","159950","20220830172000","151","3","臺南市","善化區","120.260","23.135","547"
"165","161053","20220830172000","120","2","澎湖縣","七美鄉","119.430","23.215","154"
"147","162017","20220830172000","59","3","臺東縣","長濱鄉","121.415","23.235","161"
"28","163557","20220830172000","53","0","澎湖縣","望安鄉","119.515","23.255","29"
"296","164970","20220830172000","327","0","澎湖縣","七美鄉","119.425","23.205","303"
"92","164978","20220830172000","105","0","澎湖縣","望安鄉","119.670","23.245","69"
"461","165017","20220830172000","495","0","臺南市","學甲區","120.195","23.215","469"
"469","165030","20220830172000","496","0","臺南市","學甲區","120.195","23.230","453"
"40","165342","20220830172000","82","0","臺東縣","海端鄉","120.985","23.250","77"
"73","165457","20220830172000","69","1","臺東縣","海端鄉","120.990","23.270","61"
"127","165593","20220830172000","551","0","臺南市","下營區","120.240","23.220","128"
"36","165611","20220830172000","231","0","臺南市","下營區","120.240","23.235","154"
"1687","165635","20220830172000","1440","1","臺南市","下營區","120.265","23.240","1639"
"738","165652","20220830172000","701","1","臺南市","下營區","120.270","23.245","744"
"342","165697","20220830172000","219","3","花蓮縣","富里鄉","121.275","23.215","324"
"380","165713","20220830172000","296","2","臺南市","下營區","120.270","23.210","381"
"46","165716","20220830172000","37","2","花蓮縣","富里鄉","121.340","23.280","49"
"214","165718","20220830172000","160","2","花蓮縣","玉里鎮","121.345","23.285","218"
"188","165736","20220830172000","127","2","花蓮縣","玉里鎮","121.285","23.280","196"
"222","165743","20220830172000","120","3","花蓮縣","玉里鎮","121.280","23.285","204"
"172","165775","20220830172000","173","0","花蓮縣","富里鄉","121.290","23.240","167"
"28","165778","20220830172000","48","0","花蓮縣","富里鄉","121.305","23.240","44"
"125","165815","20220830172000","116","1","花蓮縣","富里鄉","121.295","23.255","132"
"75","165844","20220830172000","343","0","臺南市","新營區","120.265","23.270","67"
"370","165847","20220830172000","328","1","臺南市","新營區","120.275","23.275","373"
"30","165852","20220830172000","56","0","臺南市","六甲區","120.345","23.230","31"
"40","165853","20220830172000","141","0","臺南市","六甲區","120.335","23.235","39"
"974","165855","20220830172000","728","2","臺南市","北門區","120.135","23.240","946"
"112","165858","20220830172000","165","0","臺南市","北門區","120.130","23.250","98"
"162","165860","20220830172000","577","0","臺南市","六甲區","120.350","23.225","124"
"317","165925","20220830172000","285","1","臺南市","六甲區","120.345","23.235","289"
"114","165938","20220830172000","61","3","臺南市","六甲區","120.340","23.250","114"
"27","165969","20220830172000","20","2","臺南市","六甲區","120.400","23.220","30"
"139","165999","20220830172000","358","0","臺南市","柳營區","120.315","23.275","133"
"50","166011","20220830172000","280","0","臺南市","柳營區","120.315","23.265","49"
"107","166028","20220830172000","305","0","臺南市","柳營區","120.295","23.275","111"
"33","166033","20220830172000","16","3","臺南市","柳營區","120.310","23.260","40"
"526","166037","20220830172000","166","3","臺南市","柳營區","120.305","23.280","450"
"411","166056","20220830172000","651","0","臺南市","柳營區","120.360","23.280","393"
"694","166060","20220830172000","296","3","臺南市","柳營區","120.355","23.285","640"
"95","166064","20220830172000","189","0","臺南市","柳營區","120.380","23.285","81"
"395","166071","20220830172000","426","0","臺南市","六甲區","120.340","23.225","381"
"19","166073","20220830172000","11","3","臺南市","六甲區","120.310","23.245","13"
"46","166077","20220830172000","21","3","臺南市","六甲區","120.315","23.250","48"
"248","166081","20220830172000","330","0","臺南市","六甲區","120.310","23.255","285"
"149","166097","20220830172000","78","3","臺南市","北門區","120.110","23.260","138"
"112","166128","20220830172000","113","0","臺南市","北門區","120.140","23.265","112"
"198","166144","20220830172000","168","1","臺南市","學甲區","120.180","23.285","192"
"131","166153","20220830172000","335","0","臺南市","將軍區","120.165","23.220","130"
"71","166181","20220830172000","491","0","臺南市","北門區","120.095","23.230","1042"
"1064","166188","20220830172000","1073","0","臺南市","北門區","120.115","23.235","1046"
"268","166204","20220830172000","238","1","臺南市","下營區","120.275","23.215","226"
"30","166206","20220830172000","421","0","臺南市","下營區","120.270","23.220","25"
"644","166224","20220830172000","698","0","臺南市","北門區","120.135","23.280","636"
"818","166238","20220830172000","842","0","臺南市","北門區","120.125","23.270","816"
"158","166250","20220830172000","48","3","花蓮縣","富里鄉","121.315","23.220","168"
"245","166256","20220830172000","178","2","花蓮縣","富里鄉","121.275","23.225","273"
"182","166326","20220830172000","162","1","花蓮縣","富里鄉","121.305","23.255","180"
"167","166340","20220830172000","93","3","花蓮縣","富里鄉","121.305","23.265","141"
"74","166344","20220830172000","88","0","花蓮縣","富里鄉","121.300","23.270","86"
"60","166349","20220830172000","398","0","臺南市","官田區","120.320","23.210","60"
"68","166350","20220830172000","397","0","臺南市","官田區","120.325","23.210","68"
"420","166354","20220830172000","333","2","臺南市","官田區","120.320","23.215","433"
"110","166356","20220830172000","445","0","臺南市","官田區","120.330","23.215","110"
"382","166363","20220830172000","152","3","臺南市","官田區","120.340","23.220","339"
"304","166377","20220830172000","852","0","臺南市","官田區","120.310","23.215","302"
"207","166389","20220830172000","252","0","臺南市","官田區","120.360","23.210","225"
"360","166391","20220830172000","184","3","臺南市","官田區","120.370","23.210","297"
"194","166424","20220830172000","336","0","臺南市","北門區","120.145","23.285","435"
"455","166429","20220830172000","240","3","臺南市","將軍區","120.160","23.220","513"
"102","166442","20220830172000","397","0","臺南市","下營區","120.260","23.230","106"
"106","166445","20220830172000","201","0","臺南市","六甲區","120.355","23.220","125"
"1500","166446","20220830172000","1678","0","臺南市","六甲區","120.355","23.230","1537"
"475","166455","20220830172000","203","3","臺南市","六甲區","120.370","23.230","521"
"44","166458","20220830172000","241","0","臺南市","六甲區","120.365","23.235","76"
"166","166495","20220830172000","123","2","臺南市","北門區","120.125","23.240","141"
"675","166562","20220830172000","406","3","臺南市","麻豆區","120.220","23.220","575"
"62","166785","20220830172000","37","3","花蓮縣","富里鄉","121.265","23.215","73"
"610","167284","20220830172000","308","3","臺南市","下營區","120.290","23.245","569"
"25","167323","20220830172000","19","2","花蓮縣","富里鄉","121.360","23.265","30"
"79","167340","20220830172000","40","3","花蓮縣","富里鄉","121.315","23.275","87"
"49","167482","20220830172000","145","0","臺南市","東山區","120.470","23.260","46"
"73","167491","20220830172000","69","1","臺南市","東山區","120.515","23.260","88"
"361","167497","20220830172000","136","3","臺南市","東山區","120.480","23.265","401"
"58","167501","20220830172000","192","0","臺南市","東山區","120.500","23.265","54"
"35","167514","20220830172000","103","0","臺南市","東山區","120.395","23.265","48"
"73","167565","20220830172000","136","0","臺南市","東山區","120.445","23.265","58"
"294","167568","20220830172000","203","2","臺南市","東山區","120.445","23.270","290"
"120","167588","20220830172000","117","1","臺南市","東山區","120.445","23.290","127"
"141","167626","20220830172000","426","0","臺南市","東山區","120.405","23.285","187"
"47","167655","20220830172000","32","2","臺南市","東山區","120.465","23.280","44"
"52","167656","20220830172000","155","0","臺南市","東山區","120.470","23.280","26"
"53","167674","20220830172000","56","0","臺南市","東山區","120.500","23.285","93"
"66","167688","20220830172000","26","3","臺南市","東山區","120.515","23.290","66"
"219","167707","20220830172000","239","0","臺南市","將軍區","120.085","23.215","218"
"200","167714","20220830172000","188","1","臺南市","將軍區","120.120","23.220","205"
"15","167750","20220830172000","164","0","臺南市","學甲區","120.165","23.270","38"
"649","167786","20220830172000","539","2","臺南市","鹽水區","120.205","23.260","590"
"77","167813","20220830172000","42","3","臺東縣","長濱鄉","121.410","23.215","86"
"122","167824","20220830172000","90","2","臺東縣","長濱鄉","121.415","23.225","122"
"72","167894","20220830172000","246","0","臺東縣","長濱鄉","121.415","23.250","64"
"63","167910","20220830172000","31","3","臺東縣","長濱鄉","121.385","23.260","62"
"14","167952","20220830172000","22","0","臺南市","學甲區","120.185","23.230","12"
"1013","167953","20220830172000","927","1","臺南市","學甲區","120.185","23.235","1020"
"2139","167958","20220830172000","796","3","臺南市","學甲區","120.185","23.225","2013"
"129","167982","20220830172000","325","0","臺南市","學甲區","120.195","23.240","122"
"1499","167993","20220830172000","1754","0","臺南市","學甲區","120.180","23.235","1551"
"58","167995","20220830172000","345","0","臺南市","六甲區","120.345","23.220","38"
"57","167997","20220830172000","192","0","臺南市","六甲區","120.320","23.230","57"
"39","168014","20220830172000","150","0","臺南市","六甲區","120.315","23.245","38"
"199","168093","20220830172000","205","0","高雄市","三民區","120.670","23.235","185"
"66","168132","20220830172000","93","0","高雄市","三民區","120.695","23.235","59"
"78","168149","20220830172000","69","1","高雄市","三民區","120.695","23.240","77"
"58","168296","20220830172000","54","1","高雄市","三民區","120.680","23.265","64"
"17","168304","20220830172000","19","0","高雄市","三民區","120.720","23.265","26"
"306","168347","20220830172000","274","1","高雄市","三民區","120.700","23.275","328"
"230","168351","20220830172000","174","2","高雄市","三民區","120.720","23.275","212"
"14","168370","20220830172000","10","2","高雄市","三民區","120.685","23.280","17"
"683","168445","20220830172000","600","1","臺南市","鹽水區","120.235","23.285","709"
"29","168451","20220830172000","70","0","臺南市","柳營區","120.345","23.270","32"
"70","168459","20220830172000","267","0","臺南市","柳營區","120.335","23.285","75"
"1867","168462","20220830172000","2035","0","臺南市","柳營區","120.325","23.290","1755"
"138","168468","20220830172000","147","0","臺南市","柳營區","120.405","23.235","160"
"144","168484","20220830172000","145","0","臺南市","柳營區","120.420","23.245","168"
"10","168506","20220830172000","15","0","臺南市","柳營區","120.405","23.255","19"
"137","168515","20220830172000","620","0","臺南市","柳營區","120.380","23.265","131"
"547","168538","20220830172000","1188","0","臺南市","柳營區","120.315","23.280","565"
"87","168539","20220830172000","548","0","臺南市","柳營區","120.320","23.280","85"
"28","168540","20220830172000","48","0","臺南市","柳營區","120.325","23.280","22"
"163","168541","20220830172000","211","0","臺南市","柳營區","120.330","23.280","59"
"113","168545","20220830172000","72","3","臺南市","柳營區","120.380","23.240","135"
"167","168560","20220830172000","403","0","臺南市","柳營區","120.375","23.250","138"
"19","168579","20220830172000","16","1","臺南市","柳營區","120.340","23.260","33"
"94","168591","20220830172000","223","0","臺南市","柳營區","120.365","23.265","110"
"166","168619","20220830172000","202","0","臺南市","楠西區","120.495","23.215","195"
"57","168624","20220830172000","36","3","臺南市","楠西區","120.520","23.215","71"
"138","168647","20220830172000","158","0","臺南市","楠西區","120.500","23.225","267"
"48","168692","20220830172000","20","3","臺南市","鹽水區","120.245","23.275","40"
"16","168719","20220830172000","20","0","臺東縣","成功鎮","121.400","23.210","22"
"33","168755","20220830172000","134","0","臺東縣","長濱鄉","121.425","23.275","24"
"21","168771","20220830172000","253","0","臺南市","新營區","120.280","23.285","26"
"49","168825","20220830172000","52","0","高雄市","桃源區","120.805","23.220","58"
"105","168996","20220830172000","58","3","高雄市","桃源區","120.815","23.240","91"
"112","169242","20220830172000","82","2","高雄市","桃源區","120.825","23.265","100"
"23","169268","20220830172000","10","3","高雄市","桃源區","120.950","23.265","19"
"10","169313","20220830172000","16","0","高雄市","桃源區","120.845","23.275","10"
"598","169480","20220830172000","193","3","臺南市","新營區","120.275","23.265","526"
"123","169490","20220830172000","95","2","臺南市","學甲區","120.195","23.275","123"
"334","169506","20220830172000","385","0","臺南市","學甲區","120.205","23.280","447"
"600","169527","20220830172000","646","0","臺南市","學甲區","120.160","23.245","623"
"50","169530","20220830172000","20","3","臺南市","學甲區","120.150","23.250","54"
"315","169555","20220830172000","390","0","臺南市","鹽水區","120.255","23.250","360"
"64","169556","20220830172000","89","0","臺南市","鹽水區","120.250","23.255","72"
"238","169567","20220830172000","296","0","臺南市","將軍區","120.135","23.225","288"
"29","169664","20220830172000","20","2","嘉義縣","大埔鄉","120.625","23.245","28"
"41","169729","20220830172000","42","0","嘉義縣","大埔鄉","120.590","23.270","50"
"27","169739","20220830172000","37","0","嘉義縣","大埔鄉","120.585","23.275","30"
"38","169788","20220830172000","53","0","嘉義縣","大埔鄉","120.545","23.230","37"
"28","169812","20220830172000","19","2","臺南市","東山區","120.520","23.240","49"
"26","169834","20220830172000","47","0","嘉義縣","大埔鄉","120.565","23.245","33"
"27","169837","20220830172000","19","2","嘉義縣","大埔鄉","120.580","23.245","21"
"51","169842","20220830172000","35","2","嘉義縣","大埔鄉","120.535","23.250","81"
"438","174966","20220830172000","456","0","澎湖縣","望安鄉","119.505","23.360","406"
"41","174989","20220830172000","74","0","臺南市","白河區","120.460","23.350","44"
"15","174993","20220830172000","44","0","臺南市","白河區","120.450","23.355","17"
"216","175007","20220830172000","143","3","臺南市","東山區","120.500","23.295","268"
"105","175048","20220830172000","56","3","臺南市","白河區","120.480","23.320","161"
"44","175054","20220830172000","35","2","臺南市","白河區","120.510","23.320","52"
"445","175059","20220830172000","338","2","臺南市","白河區","120.485","23.325","499"
"108","175081","20220830172000","86","2","臺南市","白河區","120.495","23.335","105"
"170","175083","20220830172000","193","0","臺南市","白河區","120.505","23.335","186"
"59","175092","20220830172000","82","0","臺南市","白河區","120.505","23.340","54"
"1923","175108","20220830172000","1436","2","臺南市","新營區","120.310","23.305","1719"
"197","175181","20220830172000","149","2","花蓮縣","玉里鎮","121.335","23.320","207"
"1436","175206","20220830172000","1146","2","花蓮縣","玉里鎮","121.310","23.335","1371"
"308","175209","20220830172000","286","1","花蓮縣","玉里鎮","121.310","23.340","301"
"92","175217","20220830172000","87","1","花蓮縣","玉里鎮","121.300","23.300","96"
"326","175262","20220830172000","238","2","花蓮縣","玉里鎮","121.300","23.320","326"
"202","175264","20220830172000","178","1","花蓮縣","玉里鎮","121.310","23.320","200"
"24","175284","20220830172000","18","2","花蓮縣","玉里鎮","121.275","23.290","28"
"32","175299","20220830172000","49","0","花蓮縣","玉里鎮","121.290","23.295","36"
"312","175318","20220830172000","669","0","臺南市","白河區","120.410","23.345","317"
"75","175319","20220830172000","411","0","臺南市","白河區","120.405","23.350","85"
"283","175320","20220830172000","654","0","臺南市","白河區","120.410","23.350","274"
"40","175328","20220830172000","35","1","臺南市","白河區","120.460","23.365","38"
"311","175348","20220830172000","312","0","臺南市","白河區","120.440","23.345","282"
"116","175355","20220830172000","103","1","臺南市","新營區","120.330","23.320","112"
"110","175356","20220830172000","1020","0","臺南市","新營區","120.335","23.320","123"
"23","175359","20220830172000","14","3","臺南市","新營區","120.350","23.320","27"
"1155","175362","20220830172000","939","2","臺南市","新營區","120.315","23.325","1149"
"221","175369","20220830172000","207","1","臺南市","新營區","120.325","23.310","188"
"84","175372","20220830172000","94","0","臺南市","新營區","120.325","23.305","81"
"77","175397","20220830172000","60","2","臺南市","後壁區","120.310","23.370","71"
"382","175398","20220830172000","396","0","臺南市","後壁區","120.315","23.370","436"
"142","175414","20220830172000","496","0","臺南市","後壁區","120.330","23.340","162"
"603","175425","20220830172000","297","3","臺南市","後壁區","120.375","23.330","604"
"13","175434","20220830172000","57","0","臺南市","後壁區","120.380","23.340","13"
"108","175446","20220830172000","228","0","臺南市","新營區","120.320","23.320","105"
"359","175467","20220830172000","511","0","臺南市","北門區","120.170","23.300","375"
"179","175484","20220830172000","295","0","臺南市","後壁區","120.330","23.355","158"
"601","175489","20220830172000","747","0","臺南市","新營區","120.270","23.295","619"
"176","175494","20220830172000","594","0","臺南市","新營區","120.280","23.300","152"
"43","175496","20220830172000","280","0","臺南市","新營區","120.280","23.290","43"
"615","175497","20220830172000","873","0","臺南市","後壁區","120.360","23.370","599"
"2447","175499","20220830172000","2313","1","臺南市","後壁區","120.370","23.370","2479"
"1479","175523","20220830172000","1266","1","臺南市","後壁區","120.395","23.370","1486"
"1101","175546","20220830172000","853","2","臺南市","新營區","120.310","23.300","1130"
"2724","175547","20220830172000","2080","2","臺南市","新營區","120.315","23.310","2633"
"1903","175548","20220830172000","2094","0","臺南市","新營區","120.315","23.315","1907"
"189","175564","20220830172000","347","0","臺南市","後壁區","120.355","23.365","167"
"575","175571","20220830172000","1798","0","臺南市","新營區","120.305","23.310","494"
"142","175572","20220830172000","75","3","臺南市","新營區","120.305","23.315","167"
"87","175573","20220830172000","56","3","臺南市","新營區","120.295","23.305","86"
"223","175574","20220830172000","675","0","臺南市","新營區","120.300","23.305","251"
"1276","175576","20220830172000","859","2","臺南市","新營區","120.300","23.310","1288"
"303","175585","20220830172000","141","3","臺南市","北門區","120.110","23.300","299"
"248","175647","20220830172000","296","0","臺南市","新營區","120.295","23.295","222"
"19","175648","20220830172000","33","0","臺南市","新營區","120.290","23.300","19"
"38","175651","20220830172000","19","3","臺南市","柳營區","120.300","23.295","48"
"156","175653","20220830172000","70","3","臺南市","柳營區","120.310","23.295","156"
"194","175658","20220830172000","139","2","臺南市","新營區","120.285","23.310","199"
"56","175712","20220830172000","201","0","臺南市","白河區","120.430","23.330","56"
"36","175737","20220830172000","345","0","臺南市","白河區","120.430","23.355","60"
"64","175874","20220830172000","36","3","花蓮縣","卓溪鄉","121.270","23.305","46"
"256","176357","20220830172000","198","2","花蓮縣","玉里鎮","121.300","23.345","232"
"528","176756","20220830172000","372","2","臺南市","新營區","120.325","23.315","477"
"318","176757","20220830172000","325","0","臺南市","新營區","120.330","23.315","315"
"165","176758","20220830172000","115","2","臺南市","新營區","120.325","23.320","160"
"56","176764","20220830172000","56","1","花蓮縣","玉里鎮","121.330","23.300","87"
"28","176769","20220830172000","24","1","臺南市","後壁區","120.340","23.325","32"
"54","176782","20220830172000","52","1","臺南市","後壁區","120.310","23.335","51"
"11","176785","20220830172000","12","0","臺南市","後壁區","120.310","23.340","12"
"317","176798","20220830172000","202","3","臺南市","後壁區","120.350","23.335","300"
"884","176811","20220830172000","957","0","臺南市","新營區","120.305","23.300","884"
"1551","176812","20220830172000","1321","1","臺南市","新營區","120.315","23.305","1498"
"14","176814","20220830172000","15","0","臺南市","東山區","120.385","23.310","14"
"68","176830","20220830172000","117","0","臺南市","東山區","120.390","23.330","63"
"806","176863","20220830172000","697","1","臺南市","東山區","120.405","23.320","842"
"213","176885","20220830172000","223","0","臺南市","東山區","120.405","23.325","236"
"226","176921","20220830172000","334","0","臺南市","東山區","120.390","23.295","204"
"511","176933","20220830172000","449","1","臺南市","東山區","120.415","23.300","509"
"301","176942","20220830172000","177","3","臺南市","東山區","120.345","23.300","272"
"1364","176986","20220830172000","597","3","臺南市","白河區","120.395","23.340","1253"
"769","177006","20220830172000","651","1","臺南市","鹽水區","120.270","23.325","805"
"631","177007","20220830172000","649","0","嘉義縣","義竹鄉","120.255","23.330","628"
"701","177010","20220830172000","373","3","臺南市","鹽水區","120.270","23.330","731"
"52","177169","20220830172000","52","1","花蓮縣","玉里鎮","121.370","23.350","37"
"1663","177425","20220830172000","981","3","臺南市","新營區","120.315","23.300","1456"
"276","177432","20220830172000","409","0","臺南市","鹽水區","120.280","23.330","306"
"832","177436","20220830172000","450","3","臺南市","鹽水區","120.290","23.335","733"
"996","177466","20220830172000","874","1","臺南市","鹽水區","120.270","23.310","968"
"633","177467","20220830172000","706","0","臺南市","新營區","120.275","23.310","637"
"884","177475","20220830172000","475","3","臺南市","鹽水區","120.265","23.325","873"
"143","177480","20220830172000","103","2","臺南市","白河區","120.480","23.325","160"
"272","177500","20220830172000","119","3","臺南市","白河區","120.495","23.340","238"
"19","177550","20220830172000","17","1","臺南市","白河區","120.455","23.310","17"
"18","177568","20220830172000","19","0","臺南市","白河區","120.445","23.320","30"
"517","177580","20220830172000","1371","0","臺南市","白河區","120.415","23.350","479"
"193","177585","20220830172000","297","0","臺南市","柳營區","120.340","23.290","198"
"498","177586","20220830172000","217","3","臺南市","柳營區","120.325","23.295","457"
"334","177599","20220830172000","666","0","臺南市","柳營區","120.365","23.295","314"
"122","177602","20220830172000","44","3","臺南市","鹽水區","120.270","23.320","92"
"317","177603","20220830172000","267","1","花蓮縣","玉里鎮","121.320","23.320","340"
"487","177605","20220830172000","336","2","花蓮縣","玉里鎮","121.310","23.325","503"
"239","177606","20220830172000","152","3","花蓮縣","玉里鎮","121.315","23.325","232"
"251","177609","20220830172000","357","0","花蓮縣","玉里鎮","121.310","23.330","306"
"2127","177610","20220830172000","1776","1","花蓮縣","玉里鎮","121.315","23.330","2166"
"984","177613","20220830172000","1186","0","花蓮縣","玉里鎮","121.315","23.340","965"
"174","177617","20220830172000","155","1","花蓮縣","玉里鎮","121.320","23.345","152"
"351","177619","20220830172000","388","0","花蓮縣","玉里鎮","121.320","23.330","359"
"401","177624","20220830172000","316","2","花蓮縣","玉里鎮","121.320","23.350","325"
"360","177632","20220830172000","265","2","花蓮縣","卓溪鄉","121.320","23.355","345"
"18","177682","20220830172000","30","0","臺東縣","長濱鄉","121.440","23.325","17"
"192","177742","20220830172000","52","3","臺東縣","長濱鄉","121.425","23.290","215"
"21","177750","20220830172000","32","0","臺東縣","長濱鄉","121.420","23.295","27"
"423","177808","20220830172000","601","0","臺東縣","長濱鄉","121.455","23.315","461"
"229","177813","20220830172000","167","2","臺東縣","長濱鄉","121.460","23.320","254"
"192","177815","20220830172000","107","3","臺東縣","長濱鄉","121.445","23.325","193"
"251","177826","20220830172000","134","3","臺東縣","長濱鄉","121.465","23.335","282"
"1026","178630","20220830172000","697","2","臺南市","鹽水區","120.265","23.320","1065"
"138","178643","20220830172000","204","0","臺南市","新營區","120.305","23.320","140"
"260","178644","20220830172000","138","3","臺南市","新營區","120.310","23.320","222"
"24","178697","20220830172000","38","0","嘉義縣","中埔鄉","120.510","23.345","43"
"14","178710","20220830172000","13","1","嘉義縣","中埔鄉","120.520","23.350","16"
"10","178712","20220830172000","33","0","嘉義縣","中埔鄉","120.530","23.350","10"
"527","178722","20220830172000","116","3","嘉義縣","中埔鄉","120.540","23.355","576"
"76","178756","20220830172000","58","2","嘉義縣","中埔鄉","120.495","23.370","67"
"14","178763","20220830172000","19","0","臺南市","鹽水區","120.245","23.295","13"
"240","178768","20220830172000","231","1","臺南市","鹽水區","120.260","23.295","235"
"17","178877","20220830172000","15","1","嘉義縣","布袋鎮","120.195","23.370","28"
"209","178886","20220830172000","146","2","嘉義縣","布袋鎮","120.140","23.335","222"
"1031","178930","20220830172000","213","3","嘉義縣","布袋鎮","120.160","23.320","836"
"774","178938","20220830172000","983","0","嘉義縣","布袋鎮","120.165","23.325","801"
"97","178970","20220830172000","56","3","嘉義縣","大埔鄉","120.625","23.300","86"
"24","178978","20220830172000","21","1","嘉義縣","大埔鄉","120.605","23.305","32"
"87","179106","20220830172000","63","2","嘉義縣","大埔鄉","120.590","23.295","100"
"481","179113","20220830172000","516","0","嘉義縣","大埔鄉","120.595","23.295","467"
"191","179189","20220830172000","135","2","嘉義縣","大埔鄉","120.570","23.330","170"
"37","179210","20220830172000","23","3","嘉義縣","大埔鄉","120.555","23.340","31"
"38","179249","20220830172000","21","3","嘉義縣","大埔鄉","120.585","23.360","41"
"87","179312","20220830172000","50","3","嘉義縣","番路鄉","120.605","23.355","55"
"292","179320","20220830172000","90","3","嘉義縣","番路鄉","120.590","23.360","371"
"1261","179352","20220830172000","1287","0","嘉義縣","義竹鄉","120.250","23.340","1292"
"637","179448","20220830172000","669","0","嘉義縣","義竹鄉","120.240","23.335","644"
"122","179461","20220830172000","78","3","嘉義縣","義竹鄉","120.245","23.335","126"
"665","179521","20220830172000","429","3","嘉義縣","義竹鄉","120.195","23.305","686"
"37","179523","20220830172000","13","3","嘉義縣","義竹鄉","120.205","23.305","39"
"66","179646","20220830172000","29","3","嘉義縣","阿里山鄉","120.680","23.335","42"
"53","179666","20220830172000","46","1","嘉義縣","阿里山鄉","120.680","23.340","62"
"78","179747","20220830172000","88","0","嘉義縣","阿里山鄉","120.665","23.300","89"
"81","179773","20220830172000","60","2","嘉義縣","阿里山鄉","120.695","23.305","74"
"46","179780","20220830172000","40","1","嘉義縣","阿里山鄉","120.665","23.310","49"
"898","179845","20220830172000","666","2","嘉義縣","義竹鄉","120.225","23.320","894"
"956","179874","20220830172000","642","2","嘉義縣","義竹鄉","120.190","23.335","971"
"581","179880","20220830172000","590","0","嘉義縣","義竹鄉","120.230","23.360","601"
"204","179883","20220830172000","85","3","嘉義縣","義竹鄉","120.245","23.360","219"
"836","179922","20220830172000","791","1","嘉義縣","義竹鄉","120.220","23.360","891"
"160","179933","20220830172000","107","2","嘉義縣","義竹鄉","120.210","23.300","153"
"649","179945","20220830172000","573","1","嘉義縣","義竹鄉","120.270","23.360","710"
"198","180132","20220830172000","232","0","澎湖縣","望安鄉","119.520","23.365","203"
"169","180802","20220830172000","320","0","嘉義縣","布袋鎮","120.140","23.375","184"
"137","180804","20220830172000","63","3","臺東縣","長濱鄉","121.475","23.380","145"
"189","181221","20220830172000","155","2","澎湖縣","望安鄉","119.495","23.380","161"
"228","185223","20220830172000","239","0","嘉義縣","東石鄉","120.135","23.450","251"
"717","185452","20220830172000","815","0","嘉義市","東區","120.455","23.450","678"
"1366","185456","20220830172000","1122","2","嘉義縣","水上鄉","120.430","23.450","1419"
"88","185475","20220830172000","107","0","澎湖縣","望安鄉","119.320","23.395","92"
"30","185483","20220830172000","23","2","花蓮縣","玉里鎮","121.350","23.440","40"
"102","185491","20220830172000","75","2","花蓮縣","瑞穗鄉","121.350","23.450","135"
"178","185499","20220830172000","680","0","臺南市","白河區","120.405","23.395","176"
"181","185543","20220830172000","16","3","花蓮縣","玉里鎮","121.390","23.380","201"
"310","185546","20220830172000","225","2","花蓮縣","玉里鎮","121.355","23.385","315"
"101","185565","20220830172000","16","3","花蓮縣","玉里鎮","121.395","23.390","106"
"51","185576","20220830172000","31","3","花蓮縣","玉里鎮","121.355","23.395","44"
"60","185590","20220830172000","53","1","花蓮縣","玉里鎮","121.365","23.405","74"
"193","185598","20220830172000","287","0","臺南市","白河區","120.415","23.380","187"
"295","185635","20220830172000","408","0","臺南市","後壁區","120.380","23.390","318"
"671","185683","20220830172000","848","0","臺南市","後壁區","120.340","23.380","709"
"215","185698","20220830172000","119","3","臺南市","白河區","120.480","23.385","249"
"110","186808","20220830172000","110","1","花蓮縣","卓溪鄉","121.315","23.435","130"
"277","186812","20220830172000","236","1","花蓮縣","卓溪鄉","121.335","23.435","334"
"85","186826","20220830172000","50","3","花蓮縣","卓溪鄉","121.340","23.440","70"
"53","186875","20220830172000","32","3","臺南市","後壁區","120.335","23.380","50"
"48","186914","20220830172000","24","3","臺南市","白河區","120.445","23.380","41"
"74","186915","20220830172000","407","0","臺南市","白河區","120.450","23.380","69"
"404","186921","20220830172000","224","3","臺南市","白河區","120.435","23.390","491"
"60","187008","20220830172000","31","3","臺東縣","長濱鄉","121.480","23.395","61"
"156","187061","20220830172000","149","1","花蓮縣","玉里鎮","121.320","23.395","161"
"139","187086","20220830172000","119","1","花蓮縣","玉里鎮","121.340","23.415","151"
"189","187099","20220830172000","97","3","花蓮縣","玉里鎮","121.345","23.425","206"
"149","187105","20220830172000","129","1","花蓮縣","玉里鎮","121.345","23.430","128"
"145","187173","20220830172000","108","2","花蓮縣","玉里鎮","121.395","23.450","127"
"69","187199","20220830172000","16","3","花蓮縣","玉里鎮","121.390","23.395","80"
"344","187253","20220830172000","295","1","花蓮縣","玉里鎮","121.375","23.425","329"
"276","187296","20220830172000","462","0","臺南市","白河區","120.440","23.400","621"
"256","187322","20220830172000","152","3","花蓮縣","玉里鎮","121.330","23.375","240"
"300","187339","20220830172000","158","3","花蓮縣","玉里鎮","121.325","23.390","340"
"22","187385","20220830172000","28","0","臺東縣","長濱鄉","121.465","23.405","21"
"45","187398","20220830172000","52","0","臺東縣","長濱鄉","121.470","23.410","36"
"26","187401","20220830172000","105","0","臺東縣","長濱鄉","121.485","23.410","39"
"89","188051","20220830172000","486","0","嘉義縣","中埔鄉","120.520","23.430","77"
"272","188063","20220830172000","243","1","嘉義縣","中埔鄉","120.560","23.435","294"
"644","188064","20220830172000","1060","0","嘉義縣","中埔鄉","120.520","23.420","635"
"504","188069","20220830172000","293","3","嘉義縣","中埔鄉","120.520","23.425","489"
"156","188090","20220830172000","78","3","嘉義縣","中埔鄉","120.510","23.400","157"
"60","188129","20220830172000","278","0","嘉義縣","中埔鄉","120.460","23.445","54"
"384","188131","20220830172000","201","3","嘉義縣","中埔鄉","120.460","23.450","360"
"625","188132","20220830172000","329","3","嘉義縣","中埔鄉","120.470","23.450","562"
"417","188133","20220830172000","686","0","嘉義縣","中埔鄉","120.475","23.450","451"
"1029","188134","20220830172000","1404","0","嘉義縣","中埔鄉","120.465","23.450","1049"
"834","188136","20220830172000","240","3","嘉義縣","中埔鄉","120.485","23.450","794"
"991","188141","20220830172000","1097","0","嘉義縣","中埔鄉","120.450","23.435","980"
"521","188144","20220830172000","318","3","嘉義縣","中埔鄉","120.455","23.445","508"
"456","188147","20220830172000","519","0","嘉義縣","中埔鄉","120.480","23.440","492"
"48","188154","20220830172000","128","0","嘉義縣","中埔鄉","120.490","23.445","33"
"459","188193","20220830172000","458","1","嘉義縣","中埔鄉","120.520","23.385","473"
"196","188241","20220830172000","115","3","嘉義縣","中埔鄉","120.580","23.425","186"
"168","188261","20220830172000","121","2","嘉義縣","中埔鄉","120.540","23.390","157"
"53","188280","20220830172000","85","0","嘉義縣","中埔鄉","120.575","23.380","46"
"51","188314","20220830172000","35","2","嘉義縣","中埔鄉","120.590","23.395","61"
"449","188331","20220830172000","421","1","嘉義縣","中埔鄉","120.555","23.405","447"
"40","188335","20220830172000","14","3","嘉義縣","中埔鄉","120.575","23.405","45"
"183","188368","20220830172000","672","0","嘉義縣","中埔鄉","120.540","23.440","177"
"424","188369","20220830172000","224","3","嘉義縣","中埔鄉","120.545","23.440","425"
"311","188382","20220830172000","223","2","嘉義縣","中埔鄉","120.565","23.445","369"
"704","188390","20220830172000","424","3","嘉義縣","中埔鄉","120.530","23.440","767"
"224","188417","20220830172000","291","0","嘉義縣","中埔鄉","120.510","23.435","257"
"852","188421","20220830172000","444","3","嘉義縣","中埔鄉","120.510","23.440","854"
"653","188422","20220830172000","804","0","嘉義縣","中埔鄉","120.495","23.445","696"
"334","188442","20220830172000","383","0","嘉義縣","中埔鄉","120.515","23.410","309"
"224","188445","20220830172000","210","1","嘉義縣","中埔鄉","120.530","23.410","211"
"285","188457","20220830172000","362","0","嘉義縣","中埔鄉","120.505","23.425","292"
"23","188462","20220830172000","21","1","嘉義縣","中埔鄉","120.505","23.375","24"
"153","188463","20220830172000","102","3","嘉義縣","中埔鄉","120.510","23.375","147"
"351","188469","20220830172000","332","1","嘉義縣","鹿草鄉","120.315","23.390","321"
"376","188493","20220830172000","411","0","嘉義縣","鹿草鄉","120.320","23.420","408"
"456","188498","20220830172000","187","3","嘉義縣","鹿草鄉","120.320","23.425","448"
"1087","188503","20220830172000","1100","0","嘉義縣","鹿草鄉","120.315","23.410","1066"
"32","188507","20220830172000","160","0","嘉義縣","太保市","120.335","23.430","25"
"573","188508","20220830172000","129","3","嘉義縣","太保市","120.340","23.430","508"
"71","188510","20220830172000","50","2","嘉義縣","鹿草鄉","120.350","23.430","98"
"59","188516","20220830172000","215","0","嘉義縣","太保市","120.340","23.440","56"
"95","188554","20220830172000","342","0","嘉義縣","鹿草鄉","120.340","23.400","86"
"271","188555","20220830172000","184","2","嘉義縣","鹿草鄉","120.290","23.375","266"
"171","188574","20220830172000","348","0","嘉義縣","朴子市","120.245","23.415","138"
"123","188579","20220830172000","400","0","嘉義縣","水上鄉","120.355","23.410","136"
"208","188626","20220830172000","94","3","嘉義縣","鹿草鄉","120.345","23.405","193"
"408","188631","20220830172000","231","3","嘉義縣","鹿草鄉","120.330","23.410","438"
"75","188646","20220830172000","189","0","嘉義縣","朴子市","120.290","23.445","70"
"491","188650","20220830172000","138","3","嘉義縣","朴子市","120.280","23.450","484"
"765","188654","20220830172000","850","0","嘉義縣","布袋鎮","120.170","23.375","784"
"144","188666","20220830172000","184","0","嘉義縣","布袋鎮","120.220","23.390","350"
"181","188716","20220830172000","148","2","嘉義縣","阿里山鄉","120.715","23.390","191"
"265","188874","20220830172000","745","0","嘉義縣","太保市","120.345","23.450","245"
"39","188883","20220830172000","27","2","嘉義縣","太保市","120.335","23.440","52"
"91","188885","20220830172000","334","0","嘉義縣","太保市","120.320","23.445","70"
"168","188892","20220830172000","366","0","嘉義縣","太保市","120.340","23.450","144"
"191","188897","20220830172000","101","3","嘉義縣","朴子市","120.235","23.440","169"
"23","188921","20220830172000","13","3","嘉義縣","朴子市","120.240","23.450","30"
"187","188949","20220830172000","87","3","嘉義縣","朴子市","120.255","23.410","177"
"502","188956","20220830172000","368","2","嘉義縣","朴子市","120.260","23.420","530"
"62","188966","20220830172000","92","0","嘉義縣","東石鄉","120.145","23.455","68"
"742","188983","20220830172000","248","3","嘉義縣","布袋鎮","120.190","23.375","697"
"95","189028","20220830172000","200","0","嘉義縣","太保市","120.295","23.440","56"
"344","189044","20220830172000","156","3","嘉義縣","東石鄉","120.170","23.430","331"
"128","189051","20220830172000","123","1","嘉義縣","東石鄉","120.180","23.440","159"
"71","189105","20220830172000","137","0","嘉義縣","東石鄉","120.185","23.450","60"
"88","189112","20220830172000","299","0","嘉義縣","東石鄉","120.200","23.455","76"
"770","189144","20220830172000","403","3","嘉義縣","布袋鎮","120.165","23.375","767"
"129","189152","20220830172000","361","0","嘉義縣","東石鄉","120.205","23.425","125"
"19","189184","20220830172000","141","0","嘉義縣","水上鄉","120.410","23.430","11"
"59","189187","20220830172000","217","0","嘉義縣","水上鄉","120.415","23.430","58"
"463","189189","20220830172000","434","1","嘉義縣","水上鄉","120.415","23.435","503"
"417","189192","20220830172000","258","3","嘉義縣","水上鄉","120.420","23.440","400"
"592","189195","20220830172000","599","0","嘉義縣","布袋鎮","120.180","23.375","569"
"129","189210","20220830172000","226","0","嘉義縣","布袋鎮","120.200","23.400","163"
"44","189224","20220830172000","134","0","嘉義縣","水上鄉","120.435","23.430","30"
"113","189225","20220830172000","108","1","嘉義縣","水上鄉","120.420","23.430","98"
"661","189233","20220830172000","498","2","嘉義縣","水上鄉","120.425","23.440","691"
"75","189242","20220830172000","180","0","嘉義縣","水上鄉","120.370","23.415","72"
"188","189246","20220830172000","252","0","嘉義縣","水上鄉","120.370","23.420","179"
"93","189248","20220830172000","282","0","嘉義縣","水上鄉","120.360","23.425","80"
"292","189268","20220830172000","290","1","嘉義縣","水上鄉","120.495","23.400","297"
"75","189286","20220830172000","150","0","嘉義縣","水上鄉","120.450","23.415","58"
"87","189288","20220830172000","279","0","嘉義縣","水上鄉","120.460","23.415","88"
"321","189292","20220830172000","81","3","嘉義縣","水上鄉","120.450","23.420","339"
"92","189296","20220830172000","89","1","嘉義縣","水上鄉","120.410","23.445","86"
"492","189322","20220830172000","616","0","嘉義縣","水上鄉","120.370","23.440","483"
"175","189337","20220830172000","505","0","嘉義縣","水上鄉","120.360","23.445","155"
"202","189343","20220830172000","149","2","嘉義縣","水上鄉","120.425","23.445","216"
"819","189344","20220830172000","499","3","嘉義縣","水上鄉","120.430","23.445","774"
"533","189349","20220830172000","77","3","嘉義縣","水上鄉","120.435","23.415","492"
"480","189350","20220830172000","373","2","嘉義縣","水上鄉","120.430","23.420","448"
"646","189351","20220830172000","585","1","嘉義縣","水上鄉","120.435","23.420","645"
"185","189364","20220830172000","99","3","嘉義縣","布袋鎮","120.150","23.375","253"
"318","189365","20220830172000","315","1","嘉義縣","布袋鎮","120.155","23.375","356"
"204","189369","20220830172000","107","3","嘉義縣","布袋鎮","120.150","23.380","188"
"523","189370","20220830172000","273","3","嘉義縣","布袋鎮","120.155","23.380","552"
"157","189382","20220830172000","894","0","嘉義縣","水上鄉","120.470","23.435","124"
"211","189385","20220830172000","272","0","嘉義縣","水上鄉","120.385","23.405","261"
"50","189387","20220830172000","94","0","嘉義縣","水上鄉","120.390","23.410","57"
"670","189388","20220830172000","235","3","嘉義縣","水上鄉","120.385","23.415","683"
"251","189389","20220830172000","511","0","嘉義縣","水上鄉","120.385","23.420","267"
"13","189392","20220830172000","11","1","嘉義縣","水上鄉","120.405","23.450","12"
"536","189393","20220830172000","385","2","嘉義縣","水上鄉","120.435","23.445","492"
"200","189396","20220830172000","354","0","嘉義縣","水上鄉","120.400","23.425","221"
"194","189397","20220830172000","390","0","嘉義縣","水上鄉","120.395","23.430","169"
"1259","189399","20220830172000","1148","1","嘉義縣","水上鄉","120.400","23.430","1240"
"216","189411","20220830172000","216","1","嘉義縣","水上鄉","120.390","23.425","209"
"140","189413","20220830172000","844","0","嘉義縣","水上鄉","120.395","23.435","135"
"588","189416","20220830172000","728","0","嘉義縣","水上鄉","120.400","23.435","602"
"379","189439","20220830172000","372","1","嘉義縣","水上鄉","120.420","23.420","371"
"39","189459","20220830172000","42","0","嘉義縣","水上鄉","120.385","23.425","42"
"286","189461","20220830172000","331","0","嘉義縣","水上鄉","120.380","23.430","274"
"231","189463","20220830172000","353","0","嘉義縣","水上鄉","120.390","23.430","244"
"776","189474","20220830172000","724","1","嘉義縣","鹿草鄉","120.295","23.380","765"
"172","189491","20220830172000","129","2","嘉義縣","鹿草鄉","120.270","23.395","173"
"483","189518","20220830172000","235","3","嘉義縣","鹿草鄉","120.305","23.415","518"
"223","189555","20220830172000","379","0","嘉義縣","鹿草鄉","120.285","23.435","198"
"144","189575","20220830172000","326","0","嘉義縣","朴子市","120.245","23.430","130"
"570","189579","20220830172000","513","1","嘉義縣","朴子市","120.245","23.435","586"
"533","189583","20220830172000","321","3","嘉義縣","朴子市","120.250","23.440","539"
"1125","189591","20220830172000","1415","0","嘉義縣","東石鄉","120.180","23.420","1127"
"270","189607","20220830172000","259","1","嘉義縣","番路鄉","120.660","23.420","315"
"148","189608","20220830172000","129","1","嘉義縣","番路鄉","120.650","23.425","162"
"11","189629","20220830172000","22","0","嘉義縣","番路鄉","120.635","23.440","10"
"52","189630","20220830172000","51","1","嘉義縣","番路鄉","120.640","23.440","51"
"116","189633","20220830172000","136","0","嘉義縣","番路鄉","120.655","23.440","141"
"28","189645","20220830172000","36","0","嘉義縣","番路鄉","120.645","23.440","22"
"308","189663","20220830172000","181","3","嘉義縣","番路鄉","120.670","23.445","332"
"201","189673","20220830172000","112","3","嘉義縣","番路鄉","120.645","23.400","278"
"77","189685","20220830172000","35","3","嘉義縣","番路鄉","120.650","23.405","92"
"37","189703","20220830172000","34","1","嘉義縣","番路鄉","120.640","23.415","84"
"115","189705","20220830172000","60","3","嘉義縣","番路鄉","120.605","23.420","123"
"118","189724","20220830172000","54","3","嘉義縣","番路鄉","120.610","23.430","104"
"72","189740","20220830172000","35","3","嘉義縣","番路鄉","120.610","23.445","152"
"82","189756","20220830172000","72","1","嘉義縣","番路鄉","120.620","23.375","87"
"212","189823","20220830172000","206","1","嘉義縣","番路鄉","120.600","23.435","200"
"26","189824","20220830172000","20","2","嘉義縣","番路鄉","120.605","23.435","43"
"26","189827","20220830172000","17","3","嘉義縣","番路鄉","120.590","23.440","51"
"168","189837","20220830172000","219","0","嘉義縣","番路鄉","120.580","23.450","180"
"218","189852","20220830172000","200","1","嘉義縣","布袋鎮","120.170","23.385","242"
"137","189978","20220830172000","120","1","嘉義縣","阿里山鄉","120.665","23.380","143"
"49","189981","20220830172000","13","3","嘉義縣","阿里山鄉","120.680","23.380","76"
"150","190321","20220830172000","139","1","嘉義縣","阿里山鄉","120.750","23.440","165"
"55","190374","20220830172000","47","1","嘉義縣","阿里山鄉","120.755","23.450","73"
"185","190402","20220830172000","164","1","嘉義縣","義竹鄉","120.245","23.385","180"
"348","190407","20220830172000","277","2","嘉義縣","義竹鄉","120.240","23.375","323"
"142","192504","20220830172000","114","2","澎湖縣","馬公市","119.515","23.485","150"
"190","192620","20220830172000","255","0","嘉義縣","東石鄉","120.165","23.490","225"
"214","192621","20220830172000","124","3","花蓮縣","豐濱鄉","121.510","23.490","234"
"47","194053","20220830172000","101","0","澎湖縣","馬公市","119.515","23.510","54"
"276","194584","20220830172000","253","1","澎湖縣","馬公市","119.595","23.520","265"
"297","194849","20220830172000","316","0","澎湖縣","馬公市","119.580","23.525","359"
"125","194852","20220830172000","73","3","澎湖縣","馬公市","119.595","23.525","109"
"1469","194945","20220830172000","768","3","嘉義市","東區","120.455","23.495","1434"
"263","194952","20220830172000","165","3","嘉義市","東區","120.485","23.460","240"
"162","194954","20220830172000","82","3","嘉義市","東區","120.495","23.460","122"
"530","194959","20220830172000","712","0","嘉義市","東區","120.485","23.470","513"
"199","194963","20220830172000","546","0","嘉義市","東區","120.490","23.475","212"
"554","194965","20220830172000","1050","0","嘉義市","西區","120.435","23.460","513"
"980","194966","20220830172000","1237","0","嘉義市","西區","120.440","23.460","926"
"396","194967","20220830172000","246","3","嘉義市","西區","120.445","23.460","457"
"192","194968","20220830172000","202","0","嘉義市","西區","120.440","23.475","194"
"831","194969","20220830172000","493","3","嘉義市","西區","120.440","23.490","829"
"1936","194970","20220830172000","1827","1","嘉義市","東區","120.460","23.480","2163"
"1359","194971","20220830172000","1566","0","嘉義市","東區","120.450","23.480","1328"
"849","194972","20220830172000","740","1","嘉義市","東區","120.450","23.490","824"
"1439","194973","20220830172000","2646","0","嘉義市","東區","120.450","23.495","1386"
"1411","194974","20220830172000","1478","0","嘉義市","西區","120.415","23.485","1411"
"763","194975","20220830172000","1110","0","嘉義市","西區","120.405","23.490","752"
"1169","194980","20220830172000","1850","0","嘉義市","西區","120.425","23.475","1119"
"630","194981","20220830172000","825","0","嘉義市","西區","120.430","23.470","621"
"129","194985","20220830172000","1355","0","嘉義市","東區","120.470","23.490","138"
"316","194986","20220830172000","318","0","嘉義市","東區","120.470","23.495","362"
"487","194988","20220830172000","320","3","嘉義市","東區","120.480","23.495","501"
"1752","194993","20220830172000","1458","2","嘉義市","東區","120.450","23.500","1815"
"177","194994","20220830172000","895","0","嘉義市","東區","120.450","23.505","144"
"593","194995","20220830172000","522","1","嘉義市","東區","120.455","23.505","644"
"377","194996","20220830172000","378","0","嘉義市","東區","120.445","23.510","397"
"618","195001","20220830172000","1046","0","嘉義市","東區","120.485","23.485","512"
"320","195002","20220830172000","267","1","嘉義市","東區","120.490","23.480","324"
"1640","195003","20220830172000","1535","1","嘉義市","東區","120.455","23.490","1559"
"3987","195004","20220830172000","4097","0","嘉義市","東區","120.455","23.480","4242"
"708","195006","20220830172000","229","3","嘉義市","西區","120.420","23.480","711"
"742","195007","20220830172000","808","0","嘉義市","西區","120.430","23.480","740"
"491","195008","20220830172000","350","2","嘉義市","西區","120.420","23.490","539"
"764","195009","20220830172000","1900","0","嘉義市","西區","120.430","23.465","703"
"1733","195011","20220830172000","1236","2","嘉義市","西區","120.425","23.485","1746"
"1011","195012","20220830172000","1908","0","嘉義市","西區","120.435","23.480","997"
"1544","195013","20220830172000","1707","0","嘉義市","西區","120.430","23.485","1645"
"96","195015","20220830172000","44","3","嘉義市","西區","120.395","23.490","82"
"232","195016","20220830172000","201","1","嘉義市","西區","120.400","23.490","247"
"64","195017","20220830172000","50","2","嘉義市","西區","120.390","23.495","72"
"2188","195022","20220830172000","1599","2","嘉義市","西區","120.440","23.480","2299"
"377","195024","20220830172000","231","3","嘉義市","西區","120.430","23.495","374"
"170","195025","20220830172000","1348","0","嘉義市","西區","120.425","23.490","138"
"2459","195033","20220830172000","1572","3","嘉義市","東區","120.450","23.475","2554"
"1334","195036","20220830172000","706","3","嘉義市","東區","120.450","23.460","1276"
"2123","195037","20220830172000","1524","2","嘉義市","東區","120.455","23.455","2021"
"203","195038","20220830172000","1597","0","嘉義市","西區","120.435","23.470","205"
"268","195039","20220830172000","241","1","嘉義市","西區","120.430","23.455","280"
"58","195040","20220830172000","417","0","嘉義市","西區","120.430","23.460","57"
"176","195041","20220830172000","1016","0","嘉義市","西區","120.440","23.485","159"
"238","195042","20220830172000","215","1","嘉義市","西區","120.395","23.465","275"
"332","195047","20220830172000","182","3","嘉義市","西區","120.405","23.470","321"
"490","195049","20220830172000","301","3","嘉義市","西區","120.405","23.475","464"
"143","195053","20220830172000","1173","0","嘉義市","西區","120.445","23.500","169"
"1393","195054","20220830172000","1241","1","嘉義市","東區","120.465","23.490","1317"
"24","195055","20220830172000","11","3","嘉義市","東區","120.465","23.495","28"
"805","195056","20220830172000","613","2","嘉義市","東區","120.460","23.470","799"
"1914","195057","20220830172000","1137","3","嘉義市","東區","120.470","23.480","1853"
"396","195058","20220830172000","1777","0","嘉義市","東區","120.465","23.475","241"
"2098","195060","20220830172000","1836","1","嘉義市","西區","120.435","23.475","2054"
"1858","195061","20220830172000","1135","3","嘉義市","西區","120.440","23.465","1881"
"50","195062","20220830172000","610","0","嘉義市","西區","120.450","23.465","41"
"1194","195064","20220830172000","1931","0","嘉義市","西區","120.440","23.470","1147"
"364","195065","20220830172000","346","1","嘉義市","東區","120.455","23.485","372"
"148","195066","20220830172000","1190","0","嘉義市","東區","120.450","23.485","140"
"938","195069","20220830172000","433","3","嘉義市","西區","120.415","23.475","958"
"1205","195073","20220830172000","2447","0","嘉義市","西區","120.440","23.455","1259"
"3301","195075","20220830172000","2993","1","嘉義市","西區","120.445","23.475","3216"
"1892","195076","20220830172000","1574","2","嘉義市","東區","120.465","23.465","1727"
"1366","195083","20220830172000","454","3","嘉義市","東區","120.445","23.515","1228"
"684","195084","20220830172000","1560","0","嘉義市","東區","120.465","23.480","567"
"387","195086","20220830172000","713","0","嘉義市","東區","120.480","23.465","418"
"968","195090","20220830172000","811","1","嘉義市","東區","120.475","23.475","807"
"105","195093","20220830172000","974","0","嘉義市","東區","120.470","23.485","106"
"753","195094","20220830172000","357","3","嘉義市","東區","120.475","23.485","769"
"175","195098","20220830172000","59","3","嘉義市","東區","120.500","23.475","170"
"33","195100","20220830172000","515","0","嘉義市","東區","120.485","23.480","38"
"427","195103","20220830172000","319","2","嘉義市","東區","120.500","23.480","442"
"289","195108","20220830172000","215","2","嘉義市","東區","120.490","23.485","333"
"180","195109","20220830172000","39","3","嘉義市","東區","120.495","23.485","163"
"184","195113","20220830172000","1171","0","嘉義市","東區","120.470","23.475","154"
"745","195114","20220830172000","381","3","嘉義市","東區","120.455","23.500","712"
"75","195115","20220830172000","50","3","嘉義市","東區","120.475","23.490","92"
"600","195118","20220830172000","494","2","嘉義市","東區","120.480","23.490","561"
"2334","195120","20220830172000","2783","0","嘉義市","東區","120.455","23.475","2278"
"892","195121","20220830172000","1168","0","嘉義市","西區","120.430","23.490","919"
"158","195122","20220830172000","824","0","嘉義市","西區","120.435","23.485","153"
"169","195123","20220830172000","727","0","嘉義市","西區","120.435","23.490","146"
"900","195124","20220830172000","811","1","嘉義市","西區","120.450","23.470","567"
"660","195127","20220830172000","399","3","嘉義市","東區","120.470","23.470","670"
"57","195128","20220830172000","644","0","嘉義市","東區","120.475","23.480","54"
"728","195129","20220830172000","569","2","嘉義市","東區","120.465","23.485","644"
"36","195131","20220830172000","51","0","嘉義市","東區","120.480","23.480","56"
"1126","195133","20220830172000","695","3","嘉義市","東區","120.460","23.490","960"
"67","195139","20220830172000","308","0","嘉義市","西區","120.405","23.480","55"
"328","195147","20220830172000","191","3","嘉義市","西區","120.415","23.465","320"
"117","195148","20220830172000","1273","0","嘉義市","西區","120.420","23.465","121"
"631","195150","20220830172000","487","2","嘉義市","西區","120.415","23.470","847"
"452","195151","20220830172000","386","1","嘉義市","西區","120.420","23.470","437"
"805","195154","20220830172000","436","3","嘉義市","西區","120.440","23.495","838"
"102","195158","20220830172000","70","2","嘉義市","東區","120.430","23.505","99"
"322","195159","20220830172000","230","2","嘉義市","西區","120.435","23.505","348"
"813","195160","20220830172000","923","0","嘉義市","西區","120.445","23.485","810"
"1547","195161","20220830172000","883","3","嘉義市","東區","120.460","23.465","1459"
"593","195162","20220830172000","1363","0","嘉義市","西區","120.445","23.470","620"
"402","195164","20220830172000","200","3","嘉義市","西區","120.425","23.465","467"
"112","195165","20220830172000","116","0","嘉義市","西區","120.425","23.480","104"
"1975","195166","20220830172000","1533","2","嘉義市","西區","120.445","23.480","2000"
"521","195167","20220830172000","510","1","嘉義市","東區","120.460","23.455","495"
"268","195169","20220830172000","190","2","嘉義市","東區","120.465","23.460","268"
"1143","195170","20220830172000","1437","0","嘉義市","東區","120.455","23.465","1111"
"730","195171","20220830172000","584","2","嘉義市","東區","120.455","23.470","754"
"423","195183","20220830172000","355","1","澎湖縣","馬公市","119.590","23.515","464"
"286","195202","20220830172000","195","2","澎湖縣","馬公市","119.605","23.525","350"
"285","195219","20220830172000","250","1","花蓮縣","瑞穗鄉","121.375","23.495","225"
"68","195220","20220830172000","84","0","花蓮縣","瑞穗鄉","121.375","23.500","60"
"422","195222","20220830172000","390","1","花蓮縣","瑞穗鄉","121.375","23.505","483"
"268","195231","20220830172000","205","2","花蓮縣","瑞穗鄉","121.390","23.490","277"
"1326","195232","20220830172000","1198","1","花蓮縣","瑞穗鄉","121.380","23.495","1339"
"82","195268","20220830172000","55","2","花蓮縣","瑞穗鄉","121.355","23.465","78"
"110","195289","20220830172000","98","1","花蓮縣","瑞穗鄉","121.360","23.475","137"
"419","195291","20220830172000","305","2","花蓮縣","瑞穗鄉","121.370","23.475","472"
"175","195336","20220830172000","25","3","花蓮縣","瑞穗鄉","121.390","23.520","107"
"32","195428","20220830172000","23","2","花蓮縣","瑞穗鄉","121.435","23.490","38"
"63","195430","20220830172000","53","1","花蓮縣","瑞穗鄉","121.445","23.490","97"
"352","196332","20220830172000","190","3","花蓮縣","瑞穗鄉","121.375","23.515","331"
"103","196345","20220830172000","64","3","花蓮縣","瑞穗鄉","121.360","23.480","110"
"359","196360","20220830172000","280","2","花蓮縣","瑞穗鄉","121.355","23.490","500"
"372","196364","20220830172000","260","2","花蓮縣","瑞穗鄉","121.375","23.490","398"
"78","196368","20220830172000","53","2","花蓮縣","瑞穗鄉","121.360","23.495","94"
"169","196453","20220830172000","141","1","花蓮縣","卓溪鄉","121.325","23.490","147"
"336","196567","20220830172000","213","3","花蓮縣","豐濱鄉","121.505","23.470","404"
"77","196575","20220830172000","26","3","花蓮縣","豐濱鄉","121.505","23.475","72"
"90","196592","20220830172000","62","2","花蓮縣","豐濱鄉","121.510","23.480","129"
"76","196639","20220830172000","35","3","花蓮縣","豐濱鄉","121.500","23.455","69"
"161","196667","20220830172000","123","2","花蓮縣","玉里鎮","121.405","23.465","203"
"106","196709","20220830172000","76","2","花蓮縣","玉里鎮","121.395","23.455","118"
"794","196774","20220830172000","461","3","嘉義縣","中埔鄉","120.465","23.455","802"
"1032","196781","20220830172000","1480","0","嘉義縣","民雄鄉","120.430","23.520","1036"
"333","196789","20220830172000","274","2","嘉義縣","民雄鄉","120.440","23.515","351"
"305","196793","20220830172000","219","2","嘉義縣","六腳鄉","120.290","23.520","312"
"582","196815","20220830172000","555","1","嘉義縣","六腳鄉","120.250","23.510","660"
"36","196825","20220830172000","21","3","嘉義縣","六腳鄉","120.225","23.485","53"
"185","196836","20220830172000","90","3","嘉義縣","六腳鄉","120.285","23.500","233"
"174","196856","20220830172000","152","1","雲林縣","水林鄉","120.225","23.505","196"
"121","196879","20220830172000","327","0","嘉義縣","六腳鄉","120.245","23.485","93"
"240","196886","20220830172000","188","2","嘉義縣","民雄鄉","120.415","23.525","261"
"169","196888","20220830172000","35","3","嘉義縣","民雄鄉","120.425","23.525","149"
"559","196913","20220830172000","537","1","嘉義縣","新港鄉","120.375","23.515","536"
"754","196921","20220830172000","1661","0","嘉義縣","新港鄉","120.380","23.525","688"
"262","196935","20220830172000","188","2","嘉義縣","六腳鄉","120.280","23.505","261"
"491","196963","20220830172000","449","1","嘉義縣","六腳鄉","120.310","23.500","517"
"802","197018","20220830172000","793","1","嘉義縣","太保市","120.335","23.490","812"
"644","197019","20220830172000","290","3","嘉義縣","太保市","120.340","23.495","636"
"1039","197036","20220830172000","2195","0","嘉義縣","太保市","120.365","23.500","1126"
"224","197041","20220830172000","386","0","嘉義縣","太保市","120.360","23.510","223"
"1359","197046","20220830172000","551","3","嘉義縣","太保市","120.370","23.500","1346"
"24","197053","20220830172000","13","3","嘉義縣","六腳鄉","120.265","23.525","20"
"362","197055","20220830172000","286","2","嘉義縣","六腳鄉","120.275","23.525","363"
"124","197536","20220830172000","110","1","南投縣","信義鄉","120.870","23.470","174"
"37","197634","20220830172000","34","1","南投縣","信義鄉","120.825","23.510","41"
"475","197682","20220830172000","864","0","嘉義縣","民雄鄉","120.440","23.520","481"
"1112","197684","20220830172000","1555","0","嘉義縣","民雄鄉","120.440","23.525","1109"
"1220","197685","20220830172000","1584","0","嘉義縣","民雄鄉","120.445","23.525","1130"
"373","197686","20220830172000","167","3","嘉義縣","民雄鄉","120.450","23.525","334"
"125","197696","20220830172000","38","3","嘉義縣","民雄鄉","120.425","23.510","125"
"546","197703","20220830172000","310","3","嘉義縣","民雄鄉","120.465","23.505","505"
"367","197710","20220830172000","351","1","嘉義縣","民雄鄉","120.475","23.515","396"
"104","197714","20220830172000","89","1","嘉義縣","民雄鄉","120.480","23.520","91"
"157","197719","20220830172000","106","2","雲林縣","水林鄉","120.205","23.530","149"
"66","197727","20220830172000","290","0","嘉義縣","太保市","120.380","23.490","81"
"382","197729","20220830172000","207","3","嘉義縣","太保市","120.370","23.495","411"
"20","197740","20220830172000","170","0","嘉義縣","太保市","120.380","23.475","25"
"177","197749","20220830172000","87","3","嘉義縣","太保市","120.385","23.480","170"
"3591","197755","20220830172000","2283","3","嘉義縣","朴子市","120.285","23.465","3523"
"420","197756","20220830172000","215","3","嘉義縣","朴子市","120.290","23.465","474"
"277","197762","20220830172000","146","3","嘉義縣","太保市","120.290","23.470","459"
"71","197764","20220830172000","258","0","嘉義縣","太保市","120.290","23.475","71"
"314","197766","20220830172000","106","3","嘉義縣","朴子市","120.240","23.470","303"
"44","197770","20220830172000","75","0","嘉義縣","新港鄉","120.310","23.515","39"
"53","197781","20220830172000","87","0","嘉義縣","新港鄉","120.330","23.520","29"
"109","197788","20220830172000","444","0","嘉義縣","朴子市","120.285","23.455","123"
"62","197789","20220830172000","201","0","嘉義縣","朴子市","120.290","23.455","45"
"574","197794","20220830172000","1215","0","嘉義縣","朴子市","120.285","23.460","527"
"256","197795","20220830172000","570","0","嘉義縣","朴子市","120.290","23.460","239"
"1008","197796","20220830172000","628","3","嘉義縣","朴子市","120.265","23.465","1033"
"117","197797","20220830172000","392","0","嘉義縣","朴子市","120.255","23.455","93"
"60","197799","20220830172000","24","3","嘉義縣","朴子市","120.265","23.455","84"
"1042","197800","20220830172000","241","3","嘉義縣","朴子市","120.250","23.460","950"
"146","197802","20220830172000","65","3","嘉義縣","朴子市","120.260","23.460","137"
"583","197804","20220830172000","199","3","嘉義縣","朴子市","120.255","23.465","490"
"491","197820","20220830172000","490","1","嘉義縣","新港鄉","120.365","23.515","479"
"186","197822","20220830172000","280","0","嘉義縣","新港鄉","120.350","23.520","154"
"161","197827","20220830172000","406","0","嘉義縣","新港鄉","120.355","23.520","148"
"73","197830","20220830172000","219","0","嘉義縣","新港鄉","120.330","23.510","46"
"76","197862","20220830172000","45","3","嘉義縣","阿里山鄉","120.790","23.505","59"
"270","197867","20220830172000","278","0","嘉義縣","阿里山鄉","120.810","23.515","300"
"189","197868","20220830172000","86","3","嘉義縣","阿里山鄉","120.815","23.515","293"
"513","197899","20220830172000","522","0","嘉義縣","太保市","120.335","23.475","535"
"299","197906","20220830172000","375","0","嘉義縣","太保市","120.345","23.480","307"
"79","197913","20220830172000","190","0","嘉義縣","太保市","120.300","23.465","67"
"42","197924","20220830172000","198","0","嘉義縣","太保市","120.300","23.470","35"
"69","197940","20220830172000","49","2","南投縣","信義鄉","120.890","23.490","93"
"22","198017","20220830172000","12","3","南投縣","信義鄉","120.915","23.525","30"
"87","198035","20220830172000","103","0","雲林縣","水林鄉","120.230","23.515","91"
"804","198046","20220830172000","444","3","雲林縣","水林鄉","120.230","23.520","775"
"2228","198052","20220830172000","1447","3","嘉義縣","朴子市","120.245","23.470","2264"
"129","198053","20220830172000","621","0","嘉義縣","六腳鄉","120.250","23.470","88"
"332","198057","20220830172000","1320","0","嘉義縣","朴子市","120.245","23.465","317"
"446","198066","20220830172000","1436","0","嘉義縣","朴子市","120.240","23.465","391"
"1098","198068","20220830172000","321","3","嘉義縣","朴子市","120.225","23.460","1087"
"403","198071","20220830172000","889","0","嘉義縣","朴子市","120.235","23.465","361"
"542","198076","20220830172000","282","3","嘉義縣","朴子市","120.270","23.480","469"
"116","198087","20220830172000","184","0","嘉義縣","太保市","120.355","23.465","122"
"1732","198089","20220830172000","2567","0","嘉義縣","太保市","120.380","23.500","1754"
"17","198113","20220830172000","77","0","雲林縣","水林鄉","120.225","23.510","22"
"1369","198129","20220830172000","751","3","嘉義縣","太保市","120.325","23.455","1463"
"176","198131","20220830172000","385","0","嘉義縣","太保市","120.335","23.455","175"
"113","198135","20220830172000","232","0","嘉義縣","太保市","120.335","23.460","97"
"199","198141","20220830172000","596","0","嘉義縣","太保市","120.295","23.455","161"
"649","198144","20220830172000","1579","0","嘉義縣","太保市","120.295","23.460","474"
"217","198164","20220830172000","150","2","嘉義縣","東石鄉","120.170","23.480","223"
"28","198190","20220830172000","28","1","嘉義縣","東石鄉","120.145","23.465","30"
"49","198208","20220830172000","35","2","嘉義縣","梅山鄉","120.710","23.520","47"
"242","198214","20220830172000","131","3","嘉義縣","梅山鄉","120.710","23.525","147"
"684","198237","20220830172000","696","0","嘉義縣","東石鄉","120.170","23.465","713"
"368","198282","20220830172000","468","0","嘉義縣","東石鄉","120.185","23.490","398"
"46","198283","20220830172000","59","0","嘉義縣","東石鄉","120.185","23.495","38"
"995","198309","20220830172000","895","1","嘉義縣","東石鄉","120.150","23.460","1067"
"517","198354","20220830172000","207","3","嘉義縣","東石鄉","120.155","23.500","582"
"156","198358","20220830172000","191","0","嘉義縣","東石鄉","120.175","23.500","148"
"76","198378","20220830172000","70","1","嘉義縣","東石鄉","120.160","23.510","94"
"251","198419","20220830172000","204","2","嘉義縣","梅山鄉","120.660","23.525","255"
"163","198450","20220830172000","117","2","嘉義縣","民雄鄉","120.450","23.520","165"
"491","198452","20220830172000","259","3","嘉義縣","民雄鄉","120.460","23.520","556"
"90","198455","20220830172000","79","1","嘉義縣","民雄鄉","120.455","23.525","83"
"592","198456","20220830172000","787","0","嘉義縣","民雄鄉","120.460","23.525","596"
"188","198457","20220830172000","83","3","嘉義縣","民雄鄉","120.450","23.530","165"
"808","198458","20220830172000","376","3","嘉義縣","民雄鄉","120.455","23.530","770"
"380","198459","20220830172000","369","1","嘉義縣","民雄鄉","120.460","23.530","361"
"139","198474","20220830172000","121","1","嘉義縣","民雄鄉","120.475","23.525","116"
"90","198490","20220830172000","134","0","嘉義縣","新港鄉","120.390","23.515","59"
"93","198491","20220830172000","69","2","嘉義縣","民雄鄉","120.400","23.515","94"
"472","198495","20220830172000","487","0","嘉義縣","民雄鄉","120.410","23.520","465"
"77","198501","20220830172000","84","0","嘉義縣","民雄鄉","120.415","23.520","74"
"1578","198503","20220830172000","1636","0","嘉義縣","民雄鄉","120.430","23.530","1049"
"500","198542","20220830172000","152","3","嘉義縣","六腳鄉","120.300","23.505","467"
"19","198546","20220830172000","23","0","嘉義縣","六腳鄉","120.300","23.515","27"
"53","198646","20220830172000","123","0","嘉義縣","水上鄉","120.375","23.460","57"
"180","198651","20220830172000","124","2","雲林縣","水林鄉","120.210","23.515","176"
"253","198686","20220830172000","348","0","嘉義縣","水上鄉","120.410","23.455","255"
"339","198687","20220830172000","191","3","嘉義縣","水上鄉","120.415","23.455","328"
"552","198691","20220830172000","241","3","嘉義市","西區","120.415","23.460","567"
"98","198693","20220830172000","99","0","嘉義縣","水上鄉","120.420","23.460","95"
"1423","198697","20220830172000","1040","2","嘉義縣","六腳鄉","120.295","23.490","1474"
"461","198713","20220830172000","285","3","雲林縣","口湖鄉","120.185","23.525","452"
"815","198720","20220830172000","728","1","嘉義縣","水上鄉","120.400","23.455","804"
"417","198726","20220830172000","1122","0","嘉義縣","朴子市","120.245","23.460","393"
"16","198735","20220830172000","16","1","嘉義縣","六腳鄉","120.260","23.530","15"
"14","198765","20220830172000","18","0","嘉義縣","竹崎鄉","120.580","23.520","11"
"242","198769","20220830172000","278","0","嘉義縣","番路鄉","120.555","23.465","258"
"521","198770","20220830172000","646","0","嘉義縣","番路鄉","120.560","23.465","537"
"216","198785","20220830172000","245","0","嘉義縣","番路鄉","120.505","23.455","290"
"116","198844","20220830172000","106","1","嘉義縣","番路鄉","120.620","23.480","141"
"30","198849","20220830172000","18","3","嘉義縣","番路鄉","120.625","23.485","33"
"117","198869","20220830172000","84","2","嘉義縣","番路鄉","120.540","23.460","122"
"364","198871","20220830172000","182","3","嘉義縣","番路鄉","120.550","23.460","341"
"180","198874","20220830172000","161","1","嘉義縣","番路鄉","120.540","23.465","218"
"35","198875","20220830172000","72","0","嘉義縣","番路鄉","120.535","23.470","49"
"169","198880","20220830172000","99","3","嘉義縣","番路鄉","120.600","23.455","160"
"176","198884","20220830172000","201","0","嘉義縣","番路鄉","120.595","23.460","170"
"70","198885","20220830172000","35","3","嘉義縣","番路鄉","120.600","23.460","70"
"26","198891","20220830172000","107","0","嘉義縣","番路鄉","120.530","23.475","23"
"690","198892","20220830172000","749","0","嘉義縣","番路鄉","120.535","23.475","705"
"165","198893","20220830172000","133","2","嘉義縣","番路鄉","120.510","23.480","193"
"20","198896","20220830172000","51","0","嘉義縣","番路鄉","120.525","23.480","25"
"416","198913","20220830172000","266","3","嘉義縣","竹崎鄉","120.685","23.460","548"
"174","198918","20220830172000","151","1","嘉義縣","竹崎鄉","120.695","23.475","173"
"35","198922","20220830172000","29","2","嘉義縣","竹崎鄉","120.700","23.480","40"
"17","198923","20220830172000","11","3","嘉義縣","竹崎鄉","120.705","23.480","25"
"35","198932","20220830172000","21","3","嘉義縣","竹崎鄉","120.705","23.485","73"
"222","198946","20220830172000","152","2","嘉義縣","竹崎鄉","120.695","23.500","242"
"197","198952","20220830172000","197","1","嘉義縣","竹崎鄉","120.695","23.505","298"
"39","198964","20220830172000","36","1","嘉義縣","竹崎鄉","120.660","23.505","30"
"276","198983","20220830172000","145","3","嘉義縣","竹崎鄉","120.635","23.520","307"
"95","199039","20220830172000","59","3","嘉義縣","竹崎鄉","120.650","23.470","94"
"124","199063","20220830172000","99","2","嘉義縣","竹崎鄉","120.680","23.480","175"
"592","199106","20220830172000","424","2","嘉義縣","竹崎鄉","120.570","23.485","555"
"238","199108","20220830172000","272","0","嘉義縣","竹崎鄉","120.555","23.485","226"
"104","199120","20220830172000","49","3","嘉義縣","竹崎鄉","120.540","23.515","102"
"1179","199122","20220830172000","1332","0","嘉義縣","竹崎鄉","120.550","23.515","1112"
"324","199146","20220830172000","368","0","嘉義縣","竹崎鄉","120.570","23.500","320"
"92","199161","20220830172000","474","0","嘉義縣","竹崎鄉","120.550","23.530","105"
"61","199213","20220830172000","37","3","嘉義縣","竹崎鄉","120.590","23.465","70"
"152","199237","20220830172000","130","1","嘉義縣","竹崎鄉","120.605","23.470","132"
"57","199241","20220830172000","49","1","嘉義縣","竹崎鄉","120.585","23.475","61"
"252","199248","20220830172000","129","3","嘉義縣","竹崎鄉","120.575","23.480","233"
"623","199280","20220830172000","446","2","嘉義縣","竹崎鄉","120.505","23.485","621"
"550","199288","20220830172000","642","0","嘉義縣","竹崎鄉","120.500","23.490","600"
"800","199291","20220830172000","535","2","嘉義縣","竹崎鄉","120.520","23.490","801"
"376","199297","20220830172000","512","0","嘉義縣","竹崎鄉","120.495","23.495","408"
"396","199306","20220830172000","179","3","嘉義縣","竹崎鄉","120.500","23.500","390"
"305","199313","20220830172000","246","2","嘉義縣","竹崎鄉","120.505","23.525","295"
"275","199322","20220830172000","225","2","嘉義縣","竹崎鄉","120.515","23.530","256"
"224","199330","20220830172000","246","0","嘉義縣","竹崎鄉","120.495","23.510","218"
"181","199332","20220830172000","99","3","嘉義縣","竹崎鄉","120.495","23.515","186"
"598","199353","20220830172000","623","0","嘉義縣","竹崎鄉","120.570","23.505","585"
"132","199358","20220830172000","117","1","嘉義縣","竹崎鄉","120.610","23.510","172"
"187","199367","20220830172000","112","3","嘉義縣","竹崎鄉","120.605","23.515","192"
"146","199379","20220830172000","59","3","嘉義縣","竹崎鄉","120.610","23.520","156"
"63","199459","20220830172000","67","0","嘉義縣","阿里山鄉","120.950","23.465","57"
"43","199523","20220830172000","36","1","嘉義縣","阿里山鄉","120.795","23.490","96"
"12","199541","20220830172000","14","0","嘉義縣","阿里山鄉","120.800","23.500","16"
"24","199544","20220830172000","24","1","嘉義縣","阿里山鄉","120.795","23.505","46"
"96","199552","20220830172000","77","2","嘉義縣","阿里山鄉","120.815","23.505","138"
"602","199555","20220830172000","537","1","嘉義縣","阿里山鄉","120.805","23.510","694"
"201","199603","20220830172000","152","2","嘉義縣","阿里山鄉","120.730","23.530","210"
"73","199642","20220830172000","96","0","嘉義縣","阿里山鄉","120.755","23.490","81"
"30","199653","20220830172000","27","1","嘉義縣","阿里山鄉","120.745","23.495","44"
"110","199699","20220830172000","42","3","嘉義縣","阿里山鄉","120.740","23.515","81"
"79","199719","20220830172000","56","2","嘉義縣","阿里山鄉","120.720","23.455","116"
"49","199725","20220830172000","51","0","嘉義縣","阿里山鄉","120.700","23.460","57"
"147","199742","20220830172000","166","0","嘉義縣","阿里山鄉","120.730","23.465","175"
"106","199744","20220830172000","77","2","嘉義縣","竹崎鄉","120.695","23.470","165"
"371","199745","20220830172000","357","1","嘉義縣","阿里山鄉","120.700","23.470","394"
"103","199748","20220830172000","80","2","嘉義縣","阿里山鄉","120.715","23.470","108"
"140","199760","20220830172000","124","1","嘉義縣","阿里山鄉","120.715","23.480","150"
"73","199769","20220830172000","33","3","嘉義縣","阿里山鄉","120.720","23.485","65"
"118","199777","20220830172000","109","1","嘉義縣","阿里山鄉","120.750","23.455","117"
"44","199798","20220830172000","40","1","嘉義縣","阿里山鄉","120.775","23.460","57"
"433","199875","20220830172000","161","3","嘉義縣","竹崎鄉","120.595","23.485","382"
"185","199886","20220830172000","98","3","嘉義縣","竹崎鄉","120.595","23.495","221"
"450","199897","20220830172000","358","2","嘉義縣","竹崎鄉","120.550","23.485","427"
"221","199900","20220830172000","266","0","嘉義縣","竹崎鄉","120.540","23.495","229"
"538","199903","20220830172000","714","0","嘉義縣","竹崎鄉","120.540","23.500","541"
"82","199909","20220830172000","70","1","嘉義縣","竹崎鄉","120.595","23.525","107"
"85","199920","20220830172000","112","0","嘉義縣","竹崎鄉","120.510","23.490","123"
"426","199938","20220830172000","488","0","嘉義縣","竹崎鄉","120.525","23.515","420"
"387","200367","20220830172000","479","0","澎湖縣","馬公市","119.550","23.535","401"
"83","201149","20220830172000","73","1","澎湖縣","馬公市","119.570","23.550","65"
"968","201150","20220830172000","309","3","澎湖縣","馬公市","119.575","23.550","609"
"116","201400","20220830172000","285","0","澎湖縣","馬公市","119.570","23.555","113"
"465","202108","20220830172000","561","0","澎湖縣","西嶼鄉","119.485","23.565","550"
"49","202120","20220830172000","11","3","澎湖縣","馬公市","119.560","23.565","36"
"1568","202121","20220830172000","1116","2","澎湖縣","馬公市","119.565","23.565","1436"
"361","202367","20220830172000","446","0","澎湖縣","馬公市","119.565","23.570","384"
"85","202600","20220830172000","58","2","澎湖縣","西嶼鄉","119.500","23.575","87"
"655","202858","20220830172000","571","1","澎湖縣","馬公市","119.575","23.580","602"
"73","203106","20220830172000","88","0","澎湖縣","馬公市","119.570","23.585","78"
"584","203108","20220830172000","307","3","澎湖縣","馬公市","119.580","23.585","565"
"133","203109","20220830172000","88","3","澎湖縣","馬公市","119.585","23.585","155"
"418","203624","20220830172000","30","3","澎湖縣","湖西鄉","119.670","23.595","96"
"38","203877","20220830172000","16","3","澎湖縣","湖西鄉","119.640","23.600","87"
"124","203940","20220830172000","66","3","澎湖縣","馬公市","119.570","23.560","106"
"1043","203941","20220830172000","1143","0","澎湖縣","馬公市","119.570","23.565","1107"
"1691","203942","20220830172000","2363","0","澎湖縣","馬公市","119.570","23.570","1431"
"352","203945","20220830172000","287","2","澎湖縣","湖西鄉","119.615","23.570","320"
"80","203947","20220830172000","268","0","澎湖縣","湖西鄉","119.625","23.570","78"
"266","203951","20220830172000","208","2","澎湖縣","馬公市","119.600","23.555","237"
"67","203964","20220830172000","151","0","澎湖縣","湖西鄉","119.620","23.600","65"
"476","203989","20220830172000","215","3","澎湖縣","西嶼鄉","119.480","23.565","530"
"271","203992","20220830172000","224","2","澎湖縣","湖西鄉","119.615","23.595","267"
"93","203994","20220830172000","74","2","澎湖縣","湖西鄉","119.665","23.585","81"
"29","204001","20220830172000","17","3","澎湖縣","馬公市","119.590","23.550","28"
"1574","204013","20220830172000","1060","2","澎湖縣","馬公市","119.600","23.570","1295"
"222","204018","20220830172000","497","0","澎湖縣","馬公市","119.580","23.560","201"
"2019","204021","20220830172000","603","3","澎湖縣","馬公市","119.585","23.565","1990"
"1473","204022","20220830172000","539","3","澎湖縣","馬公市","119.590","23.565","1394"
"516","204025","20220830172000","787","0","澎湖縣","湖西鄉","119.630","23.565","489"
"164","204033","20220830172000","223","0","澎湖縣","湖西鄉","119.655","23.565","164"
"393","204042","20220830172000","256","3","澎湖縣","馬公市","119.545","23.540","411"
"693","204045","20220830172000","736","0","澎湖縣","湖西鄉","119.670","23.570","621"
"421","204049","20220830172000","404","1","澎湖縣","馬公市","119.575","23.570","450"
"1011","204050","20220830172000","581","3","澎湖縣","馬公市","119.580","23.570","806"
"2198","204052","20220830172000","2201","0","澎湖縣","馬公市","119.575","23.575","2730"
"250","204053","20220830172000","765","0","澎湖縣","馬公市","119.580","23.575","213"
"487","204054","20220830172000","339","2","澎湖縣","馬公市","119.580","23.580","573"
"828","204067","20220830172000","258","3","澎湖縣","馬公市","119.615","23.555","784"
"79","204074","20220830172000","77","1","澎湖縣","湖西鄉","119.620","23.565","94"
"290","204075","20220830172000","276","1","澎湖縣","湖西鄉","119.650","23.570","319"
"631","204080","20220830172000","533","1","澎湖縣","湖西鄉","119.650","23.580","576"
"153","204087","20220830172000","178","0","澎湖縣","西嶼鄉","119.505","23.585","229"
"391","204092","20220830172000","481","0","澎湖縣","西嶼鄉","119.510","23.600","408"
"481","204107","20220830172000","268","3","澎湖縣","馬公市","119.560","23.560","426"
"557","204108","20220830172000","741","0","澎湖縣","馬公市","119.565","23.560","541"
"58","204109","20220830172000","20","3","澎湖縣","馬公市","119.595","23.550","13"
"96","204111","20220830172000","283","0","澎湖縣","馬公市","119.595","23.555","79"
"540","204113","20220830172000","158","3","澎湖縣","馬公市","119.605","23.535","532"
"139","204120","20220830172000","270","0","澎湖縣","馬公市","119.610","23.545","125"
"64","204123","20220830172000","21","3","澎湖縣","馬公市","119.615","23.550","51"
"136","204124","20220830172000","221","0","澎湖縣","馬公市","119.620","23.550","164"
"140","204136","20220830172000","144","0","澎湖縣","湖西鄉","119.640","23.580","135"
"261","204137","20220830172000","251","1","澎湖縣","湖西鄉","119.645","23.580","284"
"29","204159","20220830172000","130","0","澎湖縣","湖西鄉","119.630","23.555","22"
"244","204161","20220830172000","224","1","澎湖縣","湖西鄉","119.640","23.555","304"
"93","204162","20220830172000","731","0","澎湖縣","湖西鄉","119.630","23.560","94"
"64","204163","20220830172000","212","0","澎湖縣","湖西鄉","119.635","23.560","55"
"42","204174","20220830172000","340","0","澎湖縣","湖西鄉","119.615","23.590","35"
"197","204179","20220830172000","26","3","澎湖縣","湖西鄉","119.680","23.555","201"
"320","204185","20220830172000","254","2","澎湖縣","湖西鄉","119.670","23.565","336"
"3679","204189","20220830172000","1497","3","澎湖縣","馬公市","119.575","23.565","3365"
"178","204191","20220830172000","716","0","澎湖縣","馬公市","119.585","23.555","169"
"625","204192","20220830172000","365","3","澎湖縣","馬公市","119.585","23.560","649"
"35","204193","20220830172000","35","1","澎湖縣","馬公市","119.610","23.555","36"
"103","204194","20220830172000","357","0","澎湖縣","馬公市","119.595","23.560","104"
"1665","204195","20220830172000","919","3","澎湖縣","馬公市","119.600","23.560","1286"
"48","204307","20220830172000","45","1","花蓮縣","瑞穗鄉","121.370","23.575","58"
"310","204313","20220830172000","218","2","花蓮縣","瑞穗鄉","121.375","23.575","329"
"128","204317","20220830172000","135","0","花蓮縣","瑞穗鄉","121.370","23.580","151"
"175","204319","20220830172000","128","2","花蓮縣","瑞穗鄉","121.380","23.580","172"
"52","204320","20220830172000","39","2","花蓮縣","萬榮鄉","121.355","23.585","82"
"154","204355","20220830172000","120","2","花蓮縣","瑞穗鄉","121.385","23.570","205"
"74","204381","20220830172000","65","1","花蓮縣","瑞穗鄉","121.385","23.580","85"
"64","204384","20220830172000","56","1","花蓮縣","瑞穗鄉","121.400","23.580","64"
"149","204421","20220830172000","161","0","花蓮縣","光復鄉","121.390","23.605","173"
"51","204446","20220830172000","40","2","花蓮縣","光復鄉","121.385","23.605","60"
"312","204758","20220830172000","190","3","花蓮縣","瑞穗鄉","121.375","23.540","288"
"56","205305","20220830172000","38","2","花蓮縣","豐濱鄉","121.525","23.575","78"
"110","205386","20220830172000","64","3","花蓮縣","豐濱鄉","121.525","23.595","135"
"304","205403","20220830172000","213","2","花蓮縣","豐濱鄉","121.520","23.600","308"
"95","205422","20220830172000","50","3","花蓮縣","豐濱鄉","121.530","23.605","89"
"44","205447","20220830172000","78","0","花蓮縣","光復鄉","121.420","23.605","56"
"436","205461","20220830172000","352","2","雲林縣","元長鄉","120.350","23.600","499"
"58","205475","20220830172000","59","0","嘉義縣","民雄鄉","120.400","23.555","73"
"412","205481","20220830172000","462","0","嘉義縣","民雄鄉","120.400","23.560","424"
"276","205482","20220830172000","139","3","嘉義縣","溪口鄉","120.405","23.560","276"
"1041","205486","20220830172000","849","2","嘉義縣","民雄鄉","120.420","23.550","1105"
"62","205488","20220830172000","56","1","嘉義縣","民雄鄉","120.425","23.555","50"
"630","205494","20220830172000","358","3","嘉義縣","民雄鄉","120.380","23.545","666"
"417","205501","20220830172000","249","3","嘉義縣","民雄鄉","120.445","23.560","370"
"264","205502","20220830172000","218","2","嘉義縣","民雄鄉","120.450","23.560","278"
"50","205523","20220830172000","49","1","嘉義縣","民雄鄉","120.450","23.570","43"
"709","205531","20220830172000","550","2","嘉義縣","民雄鄉","120.435","23.565","688"
"130","205537","20220830172000","215","0","嘉義縣","民雄鄉","120.435","23.535","104"
"255","205548","20220830172000","142","3","嘉義縣","六腳鄉","120.295","23.540","233"
"412","205557","20220830172000","264","3","嘉義縣","六腳鄉","120.300","23.550","362"
"226","205571","20220830172000","226","1","雲林縣","水林鄉","120.245","23.605","186"
"79","205579","20220830172000","34","3","雲林縣","水林鄉","120.220","23.595","112"
"23","205586","20220830172000","200","0","雲林縣","水林鄉","120.235","23.605","30"
"138","205593","20220830172000","349","0","嘉義縣","新港鄉","120.345","23.570","118"
"146","205600","20220830172000","618","0","嘉義縣","新港鄉","120.345","23.550","168"
"363","205605","20220830172000","192","3","嘉義縣","新港鄉","120.330","23.560","328"
"228","205606","20220830172000","91","3","嘉義縣","新港鄉","120.335","23.560","239"
"36","205615","20220830172000","292","0","嘉義縣","新港鄉","120.340","23.575","47"
"556","205623","20220830172000","345","3","雲林縣","元長鄉","120.335","23.610","491"
"146","205641","20220830172000","101","2","嘉義縣","新港鄉","120.350","23.590","144"
"53","205649","20220830172000","217","0","嘉義縣","新港鄉","120.315","23.550","44"
"170","205670","20220830172000","79","3","雲林縣","口湖鄉","120.170","23.605","173"
"460","206056","20220830172000","262","3","南投縣","信義鄉","120.925","23.560","441"
"700","206426","20220830172000","520","2","南投縣","信義鄉","120.895","23.595","705"
"20","206748","20220830172000","12","3","雲林縣","北港鎮","120.285","23.555","21"
"1023","206759","20220830172000","916","1","嘉義縣","溪口鄉","120.400","23.605","1041"
"664","206766","20220830172000","928","0","嘉義縣","民雄鄉","120.430","23.550","661"
"1474","206767","20220830172000","1226","2","嘉義縣","民雄鄉","120.430","23.555","1539"
"650","206768","20220830172000","622","1","嘉義縣","民雄鄉","120.435","23.555","673"
"280","206781","20220830172000","307","0","雲林縣","北港鎮","120.325","23.585","351"
"158","206786","20220830172000","781","0","雲林縣","北港鎮","120.295","23.575","139"
"42","206787","20220830172000","28","3","雲林縣","北港鎮","120.305","23.575","25"
"569","206789","20220830172000","359","3","雲林縣","北港鎮","120.300","23.580","428"
"778","206790","20220830172000","652","1","雲林縣","北港鎮","120.305","23.580","644"
"101","206794","20220830172000","53","3","雲林縣","北港鎮","120.310","23.585","75"
"453","206797","20220830172000","1053","0","雲林縣","北港鎮","120.310","23.590","370"
"149","206815","20220830172000","133","1","嘉義縣","大林鎮","120.465","23.600","174"
"553","206822","20220830172000","274","3","嘉義縣","大林鎮","120.470","23.605","534"
"127","206825","20220830172000","412","0","嘉義縣","大林鎮","120.485","23.605","125"
"279","206830","20220830172000","188","2","嘉義縣","民雄鄉","120.445","23.545","272"
"22","206834","20220830172000","28","0","嘉義縣","民雄鄉","120.440","23.550","24"
"99","206837","20220830172000","109","0","嘉義縣","民雄鄉","120.455","23.550","104"
"163","206858","20220830172000","221","0","嘉義縣","民雄鄉","120.480","23.535","178"
"154","206869","20220830172000","167","0","嘉義縣","民雄鄉","120.500","23.540","187"
"46","206879","20220830172000","39","1","嘉義縣","民雄鄉","120.415","23.560","33"
"24","206882","20220830172000","27","0","嘉義縣","民雄鄉","120.410","23.565","25"
"22","206903","20220830172000","76","0","雲林縣","水林鄉","120.235","23.580","22"
"425","206905","20220830172000","182","3","雲林縣","水林鄉","120.230","23.585","387"
"34","206936","20220830172000","75","0","雲林縣","水林鄉","120.265","23.605","38"
"1016","206940","20220830172000","1317","0","雲林縣","北港鎮","120.300","23.565","1071"
"302","206943","20220830172000","233","2","雲林縣","北港鎮","120.310","23.575","335"
"442","206964","20220830172000","279","3","嘉義縣","新港鄉","120.360","23.590","445"
"97","206982","20220830172000","325","0","嘉義縣","新港鄉","120.370","23.555","87"
"599","206991","20220830172000","745","0","嘉義縣","新港鄉","120.350","23.555","594"
"792","206992","20220830172000","345","3","嘉義縣","新港鄉","120.355","23.555","751"
"121","206994","20220830172000","806","0","嘉義縣","新港鄉","120.350","23.560","129"
"943","206997","20220830172000","522","3","嘉義縣","新港鄉","120.320","23.565","908"
"41","207025","20220830172000","255","0","嘉義縣","新港鄉","120.335","23.540","49"
"1042","207038","20220830172000","618","3","嘉義縣","新港鄉","120.345","23.555","970"
"105","207039","20220830172000","30","3","嘉義縣","新港鄉","120.345","23.560","103"
"65","207040","20220830172000","144","0","嘉義縣","新港鄉","120.345","23.535","64"
"55","207051","20220830172000","252","0","嘉義縣","新港鄉","120.375","23.560","69"
"42","207166","20220830172000","40","1","南投縣","信義鄉","120.915","23.545","31"
"109","207170","20220830172000","89","2","南投縣","信義鄉","120.870","23.550","131"
"133","207172","20220830172000","118","1","南投縣","信義鄉","120.880","23.550","175"
"56","207177","20220830172000","43","2","南投縣","信義鄉","120.905","23.550","30"
"215","207208","20220830172000","220","0","南投縣","信義鄉","120.905","23.565","234"
"95","207242","20220830172000","269","0","南投縣","信義鄉","120.890","23.590","64"
"1185","207256","20220830172000","1425","0","雲林縣","北港鎮","120.305","23.565","1263"
"227","207266","20220830172000","171","2","嘉義縣","新港鄉","120.310","23.565","230"
"1549","207275","20220830172000","1259","2","雲林縣","北港鎮","120.290","23.575","1615"
"106","207299","20220830172000","87","2","嘉義縣","梅山鄉","120.600","23.560","161"
"170","207304","20220830172000","119","2","嘉義縣","梅山鄉","120.595","23.565","208"
"225","207305","20220830172000","236","0","嘉義縣","梅山鄉","120.605","23.565","233"
"130","207326","20220830172000","110","1","嘉義縣","梅山鄉","120.625","23.550","92"
"264","207338","20220830172000","307","0","嘉義縣","梅山鄉","120.580","23.545","271"
"875","207352","20220830172000","1047","0","嘉義縣","梅山鄉","120.555","23.585","883"
"661","207353","20220830172000","663","0","嘉義縣","梅山鄉","120.560","23.585","671"
"775","207356","20220830172000","311","3","嘉義縣","梅山鄉","120.550","23.590","730"
"326","207360","20220830172000","279","1","嘉義縣","大林鎮","120.450","23.605","319"
"140","207367","20220830172000","895","0","嘉義縣","大林鎮","120.525","23.595","142"
"268","207373","20220830172000","451","0","嘉義縣","大林鎮","120.500","23.605","288"
"141","207387","20220830172000","560","0","雲林縣","北港鎮","120.275","23.600","94"
"186","207403","20220830172000","226","0","雲林縣","北港鎮","120.325","23.595","174"
"357","207414","20220830172000","344","1","雲林縣","北港鎮","120.280","23.560","429"
"49","207432","20220830172000","198","0","雲林縣","口湖鄉","120.180","23.605","45"
"377","207435","20220830172000","280","2","雲林縣","古坑鄉","120.540","23.595","391"
"42","207462","20220830172000","91","0","雲林縣","古坑鄉","120.595","23.600","42"
"180","207463","20220830172000","106","3","雲林縣","古坑鄉","120.600","23.600","173"
"183","207465","20220830172000","109","3","雲林縣","古坑鄉","120.610","23.600","238"
"61","207467","20220830172000","26","3","雲林縣","古坑鄉","120.620","23.600","74"
"53","207494","20220830172000","47","1","雲林縣","古坑鄉","120.640","23.605","67"
"29","207498","20220830172000","104","0","雲林縣","古坑鄉","120.570","23.605","24"
"165","207505","20220830172000","161","1","嘉義縣","大林鎮","120.470","23.580","134"
"138","207507","20220830172000","304","0","嘉義縣","大林鎮","120.465","23.585","156"
"73","207511","20220830172000","46","3","嘉義縣","大林鎮","120.505","23.560","76"
"235","207523","20220830172000","892","0","嘉義縣","大林鎮","120.495","23.570","260"
"24","207536","20220830172000","123","0","嘉義縣","大林鎮","120.505","23.575","51"
"114","207556","20220830172000","634","0","嘉義縣","大林鎮","120.500","23.580","133"
"102","207558","20220830172000","374","0","嘉義縣","大林鎮","120.510","23.580","113"
"366","207564","20220830172000","196","3","嘉義縣","大林鎮","120.495","23.585","393"
"36","207576","20220830172000","186","0","嘉義縣","大林鎮","120.475","23.590","35"
"327","207578","20220830172000","222","2","嘉義縣","大林鎮","120.465","23.595","304"
"611","207585","20220830172000","407","3","嘉義縣","大林鎮","120.505","23.590","651"
"58","207587","20220830172000","388","0","嘉義縣","大林鎮","120.515","23.590","47"
"115","207592","20220830172000","475","0","嘉義縣","大林鎮","120.505","23.595","103"
"90","207596","20220830172000","29","3","嘉義縣","大林鎮","120.505","23.600","94"
"681","207602","20220830172000","783","0","嘉義縣","大林鎮","120.455","23.595","764"
"691","207604","20220830172000","920","0","嘉義縣","大林鎮","120.455","23.600","676"
"1231","207605","20220830172000","1077","1","嘉義縣","大林鎮","120.460","23.600","1186"
"183","207606","20220830172000","109","3","嘉義縣","大林鎮","120.460","23.605","185"
"230","207613","20220830172000","262","0","嘉義縣","大林鎮","120.445","23.610","247"
"36","207617","20220830172000","489","0","嘉義縣","大林鎮","120.445","23.595","37"
"1477","207626","20220830172000","1370","1","嘉義縣","大林鎮","120.455","23.605","1455"
"406","207628","20220830172000","1519","0","雲林縣","水林鄉","120.240","23.570","376"
"18","207629","20220830172000","11","3","雲林縣","水林鄉","120.245","23.570","12"
"774","207634","20220830172000","474","3","雲林縣","水林鄉","120.250","23.575","706"
"19","207650","20220830172000","11","3","雲林縣","水林鄉","120.265","23.535","24"
"383","207670","20220830172000","164","3","嘉義縣","溪口鄉","120.395","23.600","390"
"151","207674","20220830172000","81","3","嘉義縣","梅山鄉","120.575","23.560","180"
"149","207675","20220830172000","206","0","嘉義縣","梅山鄉","120.580","23.560","180"
"720","207684","20220830172000","896","0","嘉義縣","梅山鄉","120.565","23.575","731"
"63","207691","20220830172000","65","0","嘉義縣","梅山鄉","120.580","23.580","107"
"145","207701","20220830172000","52","3","嘉義縣","梅山鄉","120.600","23.565","177"
"64","207703","20220830172000","74","0","嘉義縣","梅山鄉","120.580","23.570","50"
"309","207707","20220830172000","121","3","嘉義縣","梅山鄉","120.595","23.570","332"
"134","207721","20220830172000","68","3","嘉義縣","梅山鄉","120.600","23.575","141"
"17","207724","20220830172000","14","2","嘉義縣","梅山鄉","120.615","23.580","30"
"331","207727","20220830172000","449","0","嘉義縣","梅山鄉","120.555","23.545","336"
"66","207736","20220830172000","54","2","嘉義縣","梅山鄉","120.545","23.555","46"
"80","207753","20220830172000","48","3","嘉義縣","梅山鄉","120.715","23.535","67"
"48","207756","20220830172000","51","0","嘉義縣","梅山鄉","120.730","23.535","38"
"159","207761","20220830172000","194","0","嘉義縣","梅山鄉","120.710","23.540","289"
"212","207793","20220830172000","103","3","嘉義縣","梅山鄉","120.740","23.555","201"
"166","207860","20220830172000","155","1","雲林縣","古坑鄉","120.695","23.580","145"
"142","207910","20220830172000","94","3","雲林縣","古坑鄉","120.690","23.595","120"
"59","207945","20220830172000","46","2","雲林縣","古坑鄉","120.710","23.605","47"
"36","207962","20220830172000","15","3","雲林縣","古坑鄉","120.575","23.595","22"
"36","207964","20220830172000","16","3","雲林縣","古坑鄉","120.585","23.595","32"
"320","207970","20220830172000","152","3","雲林縣","古坑鄉","120.590","23.585","360"
"193","207983","20220830172000","120","3","雲林縣","古坑鄉","120.595","23.595","222"
"68","207985","20220830172000","45","3","雲林縣","古坑鄉","120.585","23.600","82"
"516","207988","20220830172000","323","3","雲林縣","口湖鄉","120.165","23.535","501"
"1167","208006","20220830172000","717","3","雲林縣","口湖鄉","120.185","23.585","1106"
"118","208021","20220830172000","64","3","嘉義縣","梅山鄉","120.625","23.570","140"
"170","208025","20220830172000","128","2","嘉義縣","梅山鄉","120.625","23.575","151"
"323","208030","20220830172000","222","2","嘉義縣","新港鄉","120.310","23.570","310"
"57","208049","20220830172000","281","0","雲林縣","口湖鄉","120.160","23.560","64"
"10","208052","20220830172000","15","0","雲林縣","口湖鄉","120.180","23.550","14"
"98","208080","20220830172000","195","0","雲林縣","口湖鄉","120.150","23.580","105"
"120","208091","20220830172000","16","3","雲林縣","口湖鄉","120.140","23.585","113"
"565","208131","20220830172000","271","3","嘉義縣","民雄鄉","120.410","23.570","544"
"474","208146","20220830172000","392","2","雲林縣","大埤鄉","120.370","23.610","461"
"675","208152","20220830172000","543","2","嘉義縣","梅山鄉","120.560","23.580","645"
"279","208158","20220830172000","141","3","嘉義縣","梅山鄉","120.560","23.565","293"
"202","208165","20220830172000","218","0","嘉義縣","梅山鄉","120.555","23.575","193"
"99","208171","20220830172000","114","0","嘉義縣","梅山鄉","120.680","23.535","129"
"183","208176","20220830172000","181","1","嘉義縣","梅山鄉","120.665","23.540","180"
"172","208180","20220830172000","93","3","嘉義縣","梅山鄉","120.685","23.540","170"
"278","208200","20220830172000","245","1","嘉義縣","梅山鄉","120.665","23.550","285"
"93","208203","20220830172000","44","3","嘉義縣","梅山鄉","120.680","23.550","86"
"167","208265","20220830172000","143","1","嘉義縣","梅山鄉","120.530","23.580","174"
"72","208273","20220830172000","132","0","嘉義縣","梅山鄉","120.535","23.590","60"
"257","208301","20220830172000","149","3","嘉義縣","梅山鄉","120.525","23.550","275"
"118","208303","20220830172000","124","0","嘉義縣","梅山鄉","120.535","23.550","104"
"522","208323","20220830172000","269","3","嘉義縣","民雄鄉","120.465","23.555","413"
"912","208324","20220830172000","1061","0","嘉義縣","民雄鄉","120.470","23.555","710"
"124","208325","20220830172000","71","3","嘉義縣","民雄鄉","120.475","23.555","76"
"42","208326","20220830172000","41","1","嘉義縣","民雄鄉","120.480","23.555","51"
"675","208328","20220830172000","946","0","嘉義縣","民雄鄉","120.470","23.560","344"
"1213","208329","20220830172000","1942","0","嘉義縣","民雄鄉","120.475","23.560","898"
"312","208332","20220830172000","529","0","嘉義縣","民雄鄉","120.475","23.565","249"
"900","208347","20220830172000","310","3","嘉義縣","民雄鄉","120.400","23.535","883"
"90","208352","20220830172000","384","0","嘉義縣","民雄鄉","120.460","23.535","99"
"319","208357","20220830172000","190","3","嘉義縣","民雄鄉","120.460","23.545","315"
"1013","208359","20220830172000","1163","0","嘉義縣","民雄鄉","120.425","23.560","1139"
"27","208360","20220830172000","71","0","嘉義縣","民雄鄉","120.430","23.560","42"
"50","208363","20220830172000","304","0","嘉義縣","民雄鄉","120.425","23.570","52"
"324","208380","20220830172000","131","3","嘉義縣","民雄鄉","120.390","23.545","320"
"568","208390","20220830172000","461","2","嘉義縣","民雄鄉","120.420","23.540","483"
"418","208392","20220830172000","232","3","嘉義縣","民雄鄉","120.430","23.540","392"
"110","208407","20220830172000","147","0","雲林縣","口湖鄉","120.175","23.570","100"
"421","208415","20220830172000","290","2","雲林縣","口湖鄉","120.190","23.575","421"
"11","208438","20220830172000","106","0","雲林縣","口湖鄉","120.160","23.600","11"
"527","208452","20220830172000","540","0","嘉義縣","溪口鄉","120.430","23.585","560"
"67","208454","20220830172000","304","0","嘉義縣","溪口鄉","120.440","23.585","66"
"425","208468","20220830172000","409","1","嘉義縣","溪口鄉","120.385","23.595","445"
"221","208486","20220830172000","160","2","嘉義縣","溪口鄉","120.390","23.605","237"
"936","208497","20220830172000","517","3","嘉義縣","六腳鄉","120.300","23.560","798"
"388","208503","20220830172000","500","0","嘉義縣","六腳鄉","120.290","23.535","434"
"107","208508","20220830172000","412","0","雲林縣","口湖鄉","120.180","23.585","90"
"440","208528","20220830172000","233","3","雲林縣","口湖鄉","120.140","23.550","446"
"144","208546","20220830172000","351","0","雲林縣","口湖鄉","120.150","23.565","126"
"284","208554","20220830172000","161","3","雲林縣","水林鄉","120.270","23.565","269"
"1252","208568","20220830172000","816","3","雲林縣","口湖鄉","120.190","23.545","1211"
"205","208573","20220830172000","319","0","雲林縣","北港鎮","120.285","23.610","184"
"1185","208589","20220830172000","1535","0","雲林縣","北港鎮","120.300","23.570","1298"
"1166","208590","20220830172000","891","2","雲林縣","北港鎮","120.300","23.575","941"
"103","208617","20220830172000","390","0","雲林縣","水林鄉","120.220","23.560","95"
"97","208629","20220830172000","246","0","雲林縣","水林鄉","120.205","23.575","111"
"408","208638","20220830172000","295","2","雲林縣","水林鄉","120.230","23.540","440"
"154","208647","20220830172000","373","0","雲林縣","水林鄉","120.250","23.550","168"
"212","208695","20220830172000","95","3","嘉義縣","竹崎鄉","120.555","23.540","212"
"254","208704","20220830172000","73","3","嘉義縣","竹崎鄉","120.560","23.540","258"
"125","208793","20220830172000","60","3","嘉義縣","阿里山鄉","120.750","23.570","98"
"28","208821","20220830172000","46","0","嘉義縣","阿里山鄉","120.750","23.580","20"
"17","208866","20220830172000","26","0","嘉義縣","阿里山鄉","120.750","23.590","31"
"79","209129","20220830172000","93","0","澎湖縣","湖西鄉","119.625","23.605","91"
"63","209899","20220830172000","78","0","澎湖縣","白沙鄉","119.570","23.615","76"
"82","209905","20220830172000","210","0","澎湖縣","白沙鄉","119.605","23.615","73"
"116","210790","20220830172000","37","3","花蓮縣","豐濱鄉","121.535","23.635","105"
"75","210927","20220830172000","129","0","澎湖縣","西嶼鄉","119.530","23.635","101"
"330","210940","20220830172000","260","2","澎湖縣","白沙鄉","119.600","23.635","290"
"13","211725","20220830172000","28","0","澎湖縣","白沙鄉","119.630","23.650","21"
"361","212241","20220830172000","254","2","澎湖縣","白沙鄉","119.655","23.660","383"
"727","212745","20220830172000","451","3","澎湖縣","白沙鄉","119.595","23.665","756"
"14","212746","20220830172000","153","0","澎湖縣","白沙鄉","119.600","23.665","26"
"22","213441","20220830172000","94","0","澎湖縣","白沙鄉","119.555","23.655","23"
"91","213442","20220830172000","29","3","澎湖縣","白沙鄉","119.555","23.660","79"
"110","213444","20220830172000","195","0","澎湖縣","白沙鄉","119.590","23.655","91"
"48","213447","20220830172000","39","2","澎湖縣","白沙鄉","119.600","23.650","53"
"21","213448","20220830172000","28","0","澎湖縣","白沙鄉","119.560","23.655","22"
"579","213454","20220830172000","106","3","澎湖縣","白沙鄉","119.560","23.660","582"
"161","213465","20220830172000","174","0","澎湖縣","白沙鄉","119.595","23.650","197"
"64","213478","20220830172000","38","3","澎湖縣","西嶼鄉","119.520","23.605","99"
"143","213491","20220830172000","142","1","澎湖縣","西嶼鄉","119.510","23.615","169"
"159","213509","20220830172000","206","0","澎湖縣","西嶼鄉","119.515","23.630","174"
"125","213516","20220830172000","124","1","澎湖縣","西嶼鄉","119.515","23.650","161"
"361","213554","20220830172000","328","1","花蓮縣","光復鄉","121.430","23.675","399"
"245","213627","20220830172000","120","3","花蓮縣","光復鄉","121.420","23.660","224"
"383","213652","20220830172000","448","0","花蓮縣","光復鄉","121.420","23.670","378"
"105","213675","20220830172000","94","1","花蓮縣","光復鄉","121.415","23.680","106"
"78","213820","20220830172000","67","1","花蓮縣","光復鄉","121.430","23.635","77"
"19","213864","20220830172000","131","0","雲林縣","四湖鄉","120.185","23.650","19"
"10","214398","20220830172000","56","0","花蓮縣","豐濱鄉","121.540","23.655","20"
"63","214415","20220830172000","38","3","花蓮縣","豐濱鄉","121.545","23.670","59"
"83","214424","20220830172000","60","2","花蓮縣","豐濱鄉","121.530","23.680","71"
"68","214495","20220830172000","55","2","花蓮縣","豐濱鄉","121.485","23.640","97"
"41","214506","20220830172000","144","0","雲林縣","四湖鄉","120.180","23.650","41"
"147","214521","20220830172000","26","3","雲林縣","四湖鄉","120.185","23.660","123"
"447","214544","20220830172000","178","3","雲林縣","四湖鄉","120.275","23.650","462"
"142","214550","20220830172000","246","0","雲林縣","元長鄉","120.275","23.660","131"
"357","214565","20220830172000","189","3","雲林縣","四湖鄉","120.200","23.640","330"
"97","214566","20220830172000","105","0","雲林縣","四湖鄉","120.205","23.640","110"
"210","214578","20220830172000","414","0","雲林縣","四湖鄉","120.220","23.615","227"
"79","214580","20220830172000","180","0","雲林縣","四湖鄉","120.170","23.640","57"
"231","214640","20220830172000","150","3","花蓮縣","光復鄉","121.450","23.655","312"
"210","214665","20220830172000","239","0","花蓮縣","光復鄉","121.405","23.625","237"
"183","214678","20220830172000","148","2","花蓮縣","光復鄉","121.415","23.645","197"
"20","214691","20220830172000","30","0","花蓮縣","光復鄉","121.415","23.655","35"
"27","214697","20220830172000","28","0","花蓮縣","光復鄉","121.410","23.660","27"
"295","214701","20220830172000","197","2","花蓮縣","光復鄉","121.430","23.665","295"
"369","214703","20220830172000","370","0","花蓮縣","光復鄉","121.425","23.670","359"
"734","214705","20220830172000","601","2","花蓮縣","光復鄉","121.420","23.665","753"
"166","214706","20220830172000","134","2","花蓮縣","光復鄉","121.425","23.665","179"
"423","214707","20220830172000","362","1","花蓮縣","光復鄉","121.450","23.660","552"
"308","214728","20220830172000","152","3","雲林縣","元長鄉","120.315","23.675","332"
"36","214731","20220830172000","131","0","雲林縣","元長鄉","120.310","23.680","25"
"36","214762","20220830172000","32","1","雲林縣","元長鄉","120.285","23.640","47"
"435","214797","20220830172000","371","1","雲林縣","元長鄉","120.375","23.645","403"
"178","214824","20220830172000","105","3","雲林縣","東勢鄉","120.260","23.665","167"
"78","214826","20220830172000","248","0","雲林縣","東勢鄉","120.250","23.670","74"
"21","214842","20220830172000","180","0","雲林縣","四湖鄉","120.150","23.625","25"
"44","214846","20220830172000","105","0","雲林縣","口湖鄉","120.155","23.630","40"
"18","214852","20220830172000","170","0","雲林縣","斗南鎮","120.430","23.685","10"
"347","214854","20220830172000","280","2","雲林縣","斗南鎮","120.440","23.685","396"
"569","214857","20220830172000","549","1","雲林縣","斗南鎮","120.485","23.685","636"
"126","214861","20220830172000","73","3","雲林縣","斗南鎮","120.490","23.640","142"
"379","214868","20220830172000","272","2","雲林縣","斗南鎮","120.430","23.670","364"
"271","214876","20220830172000","208","2","雲林縣","斗南鎮","120.445","23.675","260"
"2129","214886","20220830172000","994","3","雲林縣","斗南鎮","120.475","23.665","1740"
"48","214887","20220830172000","261","0","雲林縣","大埤鄉","120.455","23.670","43"
"251","214890","20220830172000","259","0","雲林縣","斗南鎮","120.470","23.670","281"
"2734","214891","20220830172000","1656","3","雲林縣","斗南鎮","120.475","23.670","2404"
"420","214896","20220830172000","481","0","雲林縣","斗南鎮","120.470","23.675","461"
"50","214922","20220830172000","71","0","南投縣","鹿谷鄉","120.790","23.670","110"
"153","214931","20220830172000","102","3","南投縣","鹿谷鄉","120.790","23.675","284"
"423","214932","20220830172000","220","3","南投縣","鹿谷鄉","120.800","23.670","495"
"215","214936","20220830172000","154","2","南投縣","鹿谷鄉","120.795","23.675","246"
"26","214937","20220830172000","90","0","南投縣","鹿谷鄉","120.800","23.675","40"
"400","214940","20220830172000","179","3","南投縣","鹿谷鄉","120.795","23.680","484"
"323","214967","20220830172000","468","0","雲林縣","斗南鎮","120.485","23.640","351"
"236","214975","20220830172000","189","2","雲林縣","斗南鎮","120.480","23.665","230"
"314","214978","20220830172000","197","3","雲林縣","斗南鎮","120.485","23.670","424"
"171","215001","20220830172000","385","0","雲林縣","土庫鎮","120.390","23.665","138"
"731","215006","20220830172000","472","3","雲林縣","土庫鎮","120.380","23.675","747"
"1521","215009","20220830172000","908","3","雲林縣","土庫鎮","120.390","23.680","1431"
"33","215011","20220830172000","64","0","雲林縣","土庫鎮","120.385","23.685","23"
"162","215012","20220830172000","183","0","雲林縣","土庫鎮","120.390","23.685","188"
"250","215013","20220830172000","153","3","雲林縣","土庫鎮","120.365","23.660","325"
"229","215017","20220830172000","206","1","雲林縣","土庫鎮","120.370","23.665","229"
"218","215022","20220830172000","184","1","雲林縣","土庫鎮","120.375","23.670","236"
"398","215044","20220830172000","290","2","雲林縣","元長鄉","120.335","23.615","366"
"382","215049","20220830172000","349","1","雲林縣","元長鄉","120.335","23.620","398"
"24","215053","20220830172000","162","0","雲林縣","元長鄉","120.280","23.655","23"
"51","215072","20220830172000","57","0","雲林縣","元長鄉","120.350","23.615","52"
"320","215075","20220830172000","271","1","雲林縣","元長鄉","120.340","23.635","343"
"131","215100","20220830172000","236","0","雲林縣","元長鄉","120.330","23.660","107"
"978","215115","20220830172000","330","3","雲林縣","口湖鄉","120.165","23.615","1177"
"203","215539","20220830172000","170","1","南投縣","信義鄉","120.865","23.625","214"
"103","215550","20220830172000","80","2","南投縣","信義鄉","120.895","23.630","125"
"152","215558","20220830172000","113","2","南投縣","信義鄉","120.880","23.635","156"
"283","215647","20220830172000","199","2","南投縣","信義鄉","120.860","23.665","244"
"31","215656","20220830172000","47","0","南投縣","信義鄉","120.855","23.670","40"
"117","216356","20220830172000","239","0","雲林縣","北港鎮","120.295","23.615","110"
"37","216361","20220830172000","18","3","雲林縣","斗南鎮","120.485","23.675","26"
"43","216367","20220830172000","51","0","雲林縣","斗南鎮","120.500","23.680","52"
"59","216370","20220830172000","307","0","雲林縣","斗南鎮","120.480","23.650","55"
"81","216372","20220830172000","69","1","雲林縣","斗南鎮","120.490","23.650","95"
"339","216377","20220830172000","412","0","雲林縣","斗南鎮","120.475","23.660","397"
"17","216386","20220830172000","13","2","雲林縣","元長鄉","120.335","23.630","23"
"187","216394","20220830172000","177","1","雲林縣","元長鄉","120.355","23.620","187"
"818","216409","20220830172000","649","2","雲林縣","元長鄉","120.360","23.640","909"
"136","216416","20220830172000","54","3","雲林縣","水林鄉","120.250","23.615","118"
"805","216421","20220830172000","701","1","雲林縣","斗南鎮","120.480","23.675","935"
"101","216424","20220830172000","80","2","雲林縣","斗南鎮","120.480","23.670","103"
"29","216438","20220830172000","14","3","雲林縣","斗六市","120.525","23.670","22"
"128","216439","20220830172000","64","3","雲林縣","斗六市","120.530","23.670","129"
"41","216451","20220830172000","29","2","雲林縣","斗六市","120.625","23.685","29"
"88","216459","20220830172000","298","0","雲林縣","土庫鎮","120.345","23.665","98"
"197","216478","20220830172000","70","3","雲林縣","水林鄉","120.260","23.620","185"
"103","216482","20220830172000","146","0","雲林縣","水林鄉","120.265","23.625","105"
"599","216488","20220830172000","434","2","雲林縣","斗南鎮","120.470","23.680","602"
"658","216489","20220830172000","664","0","雲林縣","斗南鎮","120.475","23.680","627"
"1159","216490","20220830172000","1206","0","雲林縣","斗南鎮","120.480","23.680","1312"
"125","216498","20220830172000","221","0","雲林縣","斗南鎮","120.515","23.645","106"
"431","216500","20220830172000","178","3","雲林縣","斗南鎮","120.505","23.650","401"
"272","216517","20220830172000","403","0","雲林縣","古坑鄉","120.540","23.660","245"
"93","216519","20220830172000","216","0","雲林縣","斗六市","120.525","23.665","69"
"192","216526","20220830172000","183","1","雲林縣","斗南鎮","120.465","23.685","142"
"23","216534","20220830172000","171","0","雲林縣","斗南鎮","120.535","23.650","25"
"110","216543","20220830172000","241","0","雲林縣","斗南鎮","120.505","23.665","71"
"32","216544","20220830172000","79","0","雲林縣","斗南鎮","120.495","23.670","23"
"229","216579","20220830172000","140","3","雲林縣","土庫鎮","120.345","23.660","251"
"330","216583","20220830172000","1154","0","雲林縣","土庫鎮","120.390","23.675","282"
"130","216589","20220830172000","355","0","雲林縣","土庫鎮","120.355","23.685","109"
"182","216595","20220830172000","312","0","雲林縣","大埤鄉","120.465","23.635","167"
"99","216597","20220830172000","252","0","雲林縣","大埤鄉","120.465","23.640","77"
"114","216607","20220830172000","236","0","雲林縣","大埤鄉","120.450","23.650","104"
"249","216617","20220830172000","173","2","南投縣","信義鄉","120.810","23.665","326"
"170","216682","20220830172000","100","3","南投縣","信義鄉","120.865","23.640","182"
"39","216694","20220830172000","47","0","南投縣","信義鄉","120.875","23.660","51"
"42","216718","20220830172000","194","0","雲林縣","古坑鄉","120.565","23.625","46"
"228","216737","20220830172000","776","0","雲林縣","古坑鄉","120.565","23.640","209"
"43","216744","20220830172000","194","0","雲林縣","古坑鄉","120.575","23.645","44"
"22","216747","20220830172000","89","0","雲林縣","古坑鄉","120.585","23.645","13"
"194","216754","20220830172000","452","0","雲林縣","古坑鄉","120.550","23.610","224"
"47","216766","20220830172000","147","0","雲林縣","古坑鄉","120.540","23.620","50"
"14","216791","20220830172000","29","0","雲林縣","古坑鄉","120.605","23.670","20"
"66","216800","20220830172000","176","0","雲林縣","古坑鄉","120.590","23.685","57"
"441","216807","20220830172000","381","1","雲林縣","古坑鄉","120.565","23.645","467"
"31","216821","20220830172000","27","1","雲林縣","古坑鄉","120.605","23.655","41"
"239","216832","20220830172000","234","1","雲林縣","古坑鄉","120.575","23.675","241"
"243","216841","20220830172000","546","0","雲林縣","古坑鄉","120.570","23.685","190"
"11","216850","20220830172000","14","0","雲林縣","古坑鄉","120.610","23.610","25"
"252","216889","20220830172000","168","3","雲林縣","古坑鄉","120.600","23.685","277"
"54","216891","20220830172000","195","0","雲林縣","古坑鄉","120.610","23.685","40"
"15","216893","20220830172000","24","0","雲林縣","古坑鄉","120.620","23.685","15"
"564","216901","20220830172000","263","3","雲林縣","古坑鄉","120.635","23.615","682"
"79","216906","20220830172000","67","1","雲林縣","古坑鄉","120.640","23.620","75"
"85","216928","20220830172000","353","0","雲林縣","古坑鄉","120.560","23.670","74"
"64","216932","20220830172000","113","0","雲林縣","古坑鄉","120.570","23.610","61"
"82","216938","20220830172000","55","2","雲林縣","古坑鄉","120.575","23.615","114"
"344","216939","20220830172000","180","3","雲林縣","古坑鄉","120.580","23.615","532"
"186","216944","20220830172000","554","0","雲林縣","古坑鄉","120.560","23.620","153"
"219","216948","20220830172000","82","3","雲林縣","古坑鄉","120.580","23.620","551"
"455","216990","20220830172000","581","0","嘉義縣","大林鎮","120.470","23.620","418"
"20","217001","20220830172000","57","0","嘉義縣","大林鎮","120.495","23.620","21"
"20","217013","20220830172000","138","0","嘉義縣","大林鎮","120.500","23.625","41"
"33","217022","20220830172000","18","3","嘉義縣","大林鎮","120.490","23.615","33"
"33","217030","20220830172000","198","0","嘉義縣","大林鎮","120.420","23.615","33"
"142","217035","20220830172000","702","0","嘉義縣","大林鎮","120.435","23.620","130"
"81","217047","20220830172000","162","0","嘉義縣","大林鎮","120.460","23.620","110"
"123","217057","20220830172000","264","0","雲林縣","大埤鄉","120.395","23.625","127"
"70","217065","20220830172000","169","0","雲林縣","大埤鄉","120.380","23.620","72"
"67","217073","20220830172000","183","0","雲林縣","大埤鄉","120.425","23.665","57"
"43","217076","20220830172000","20","3","雲林縣","大埤鄉","120.415","23.665","26"
"122","217087","20220830172000","331","0","雲林縣","大埤鄉","120.470","23.655","102"
"186","217105","20220830172000","379","0","雲林縣","古坑鄉","120.555","23.625","158"
"234","217110","20220830172000","225","1","雲林縣","古坑鄉","120.555","23.630","233"
"37","217112","20220830172000","123","0","雲林縣","古坑鄉","120.550","23.640","30"
"31","217135","20220830172000","13","3","雲林縣","土庫鎮","120.395","23.680","24"
"22","217149","20220830172000","24","0","雲林縣","古坑鄉","120.710","23.610","52"
"38","217196","20220830172000","31","2","雲林縣","古坑鄉","120.590","23.650","48"
"93","217209","20220830172000","239","0","雲林縣","古坑鄉","120.575","23.665","79"
"839","217221","20220830172000","349","3","雲林縣","古坑鄉","120.560","23.650","953"
"87","217222","20220830172000","124","0","雲林縣","古坑鄉","120.560","23.655","124"
"34","217230","20220830172000","66","0","雲林縣","古坑鄉","120.515","23.625","26"
"249","217236","20220830172000","241","1","雲林縣","古坑鄉","120.525","23.630","220"
"61","217239","20220830172000","86","0","雲林縣","古坑鄉","120.520","23.635","74"
"122","217259","20220830172000","54","3","雲林縣","大埤鄉","120.420","23.625","108"
"79","217266","20220830172000","352","0","雲林縣","大埤鄉","120.420","23.635","66"
"527","217403","20220830172000","350","3","嘉義縣","溪口鄉","120.410","23.615","535"
"319","217423","20220830172000","95","3","雲林縣","大埤鄉","120.410","23.640","304"
"420","217432","20220830172000","848","0","雲林縣","大埤鄉","120.430","23.645","342"
"55","217442","20220830172000","164","0","雲林縣","大埤鄉","120.415","23.660","57"
"330","217449","20220830172000","105","3","雲林縣","東勢鄉","120.300","23.680","341"
"149","217458","20220830172000","283","0","雲林縣","東勢鄉","120.265","23.675","121"
"332","217463","20220830172000","446","0","雲林縣","東勢鄉","120.255","23.685","310"
"192","217467","20220830172000","694","0","雲林縣","東勢鄉","120.255","23.675","221"
"129","217492","20220830172000","177","0","雲林縣","四湖鄉","120.155","23.650","134"
"27","217496","20220830172000","17","3","雲林縣","四湖鄉","120.150","23.655","32"
"96","217497","20220830172000","169","0","雲林縣","四湖鄉","120.155","23.655","100"
"184","217526","20220830172000","91","3","雲林縣","元長鄉","120.320","23.615","167"
"28","217532","20220830172000","410","0","雲林縣","元長鄉","120.320","23.625","25"
"128","217546","20220830172000","68","3","雲林縣","四湖鄉","120.190","23.620","126"
"50","217550","20220830172000","111","0","雲林縣","四湖鄉","120.185","23.625","43"
"322","217561","20220830172000","627","0","雲林縣","四湖鄉","120.230","23.635","274"
"194","217585","20220830172000","139","2","雲林縣","斗六市","120.525","23.675","215"
"181","217589","20220830172000","94","3","雲林縣","斗六市","120.520","23.680","211"
"198","217593","20220830172000","669","0","雲林縣","斗六市","120.510","23.685","186"
"97","217594","20220830172000","197","0","雲林縣","斗六市","120.515","23.685","77"
"344","217597","20220830172000","213","3","雲林縣","斗南鎮","120.470","23.630","427"
"50","217604","20220830172000","25","3","雲林縣","斗南鎮","120.480","23.640","47"
"230","217605","20220830172000","41","3","雲林縣","四湖鄉","120.140","23.620","201"
"115","217610","20220830172000","54","3","雲林縣","四湖鄉","120.150","23.630","148"
"24","217614","20220830172000","39","0","雲林縣","四湖鄉","120.155","23.635","22"
"1188","217637","20220830172000","662","3","雲林縣","口湖鄉","120.160","23.610","1160"
"25","217641","20220830172000","195","0","雲林縣","元長鄉","120.310","23.615","32"
"607","217646","20220830172000","415","2","雲林縣","元長鄉","120.305","23.625","530"
"324","217654","20220830172000","164","3","雲林縣","元長鄉","120.325","23.655","338"
"440","217663","20220830172000","223","3","雲林縣","元長鄉","120.315","23.640","445"
"647","217673","20220830172000","1557","0","雲林縣","元長鄉","120.315","23.650","578"
"79","217674","20220830172000","85","0","雲林縣","元長鄉","120.300","23.655","69"
"375","217701","20220830172000","270","2","雲林縣","斗六市","120.560","23.675","344"
"64","217703","20220830172000","62","1","雲林縣","斗六市","120.555","23.680","31"
"533","217705","20220830172000","216","3","雲林縣","古坑鄉","120.565","23.680","572"
"39","217707","20220830172000","170","0","雲林縣","斗六市","120.550","23.685","23"
"58","217708","20220830172000","87","0","雲林縣","斗六市","120.555","23.685","94"
"273","217711","20220830172000","653","0","雲林縣","斗六市","120.540","23.675","282"
"36","217712","20220830172000","101","0","雲林縣","斗六市","120.545","23.675","17"
"637","217716","20220830172000","404","3","雲林縣","斗六市","120.545","23.680","608"
"529","217718","20220830172000","425","2","雲林縣","斗六市","120.540","23.685","574"
"97","217728","20220830172000","398","0","雲林縣","大埤鄉","120.450","23.665","80"
"290","217747","20220830172000","169","3","雲林縣","四湖鄉","120.220","23.635","288"
"186","217753","20220830172000","439","0","雲林縣","四湖鄉","120.225","23.645","150"
"189","217774","20220830172000","405","0","雲林縣","四湖鄉","120.175","23.680","169"
"27","217781","20220830172000","141","0","雲林縣","口湖鄉","120.200","23.615","30"
"293","217799","20220830172000","156","3","雲林縣","四湖鄉","120.215","23.635","315"
"1088","217801","20220830172000","592","3","雲林縣","四湖鄉","120.225","23.635","1004"
"87","217817","20220830172000","147","0","雲林縣","虎尾鎮","120.405","23.680","72"
"79","217819","20220830172000","174","0","雲林縣","虎尾鎮","120.415","23.680","78"
"392","217821","20220830172000","425","0","雲林縣","虎尾鎮","120.410","23.685","510"
"109","217830","20220830172000","78","2","南投縣","竹山鎮","120.660","23.670","121"
"247","217842","20220830172000","685","0","雲林縣","大埤鄉","120.450","23.630","298"
"70","217845","20220830172000","248","0","雲林縣","大埤鄉","120.465","23.630","56"
"74","217877","20220830172000","160","0","雲林縣","大埤鄉","120.395","23.650","64"
"296","217883","20220830172000","139","3","雲林縣","大埤鄉","120.400","23.655","310"
"58","217899","20220830172000","135","0","南投縣","竹山鎮","120.670","23.670","55"
"27","218026","20220830172000","21","2","南投縣","竹山鎮","120.800","23.625","24"
"214","218047","20220830172000","147","2","南投縣","竹山鎮","120.795","23.630","238"
"19","218070","20220830172000","15","2","南投縣","竹山鎮","120.795","23.635","20"
"315","218092","20220830172000","182","3","南投縣","竹山鎮","120.790","23.640","305"
"10","218138","20220830172000","18","0","南投縣","竹山鎮","120.795","23.650","10"
"148","218153","20220830172000","207","0","南投縣","竹山鎮","120.765","23.655","152"
"53","218168","20220830172000","45","1","南投縣","竹山鎮","120.745","23.660","71"
"436","218218","20220830172000","391","1","南投縣","竹山鎮","120.760","23.675","458"
"97","218283","20220830172000","98","0","南投縣","竹山鎮","120.655","23.645","94"
"123","218348","20220830172000","121","1","南投縣","竹山鎮","120.665","23.650","155"
"147","218364","20220830172000","113","2","南投縣","竹山鎮","120.665","23.660","154"
"222","218380","20220830172000","278","0","雲林縣","台西鄉","120.210","23.675","220"
"35","218386","20220830172000","153","0","雲林縣","台西鄉","120.225","23.680","40"
"92","218399","20220830172000","244","0","雲林縣","台西鄉","120.180","23.680","103"
"124","218413","20220830172000","188","0","雲林縣","台西鄉","120.210","23.665","123"
"82","219194","20220830172000","32","3","花蓮縣","豐濱鄉","121.555","23.695","74"
"11","221071","20220830172000","24","0","花蓮縣","豐濱鄉","121.560","23.725","11"
"355","222539","20220830172000","327","1","澎湖縣","白沙鄉","119.610","23.750","339"
"14","223443","20220830172000","48","0","澎湖縣","白沙鄉","119.610","23.745","14"
"755","223474","20220830172000","537","2","花蓮縣","鳳林鎮","121.445","23.745","743"
"77","223481","20220830172000","50","3","花蓮縣","鳳林鎮","121.445","23.750","102"
"141","223503","20220830172000","141","1","花蓮縣","光復鄉","121.410","23.685","152"
"15","223515","20220830172000","17","0","花蓮縣","光復鄉","121.485","23.690","18"
"372","223610","20220830172000","258","2","雲林縣","二崙鄉","120.420","23.755","329"
"31","223616","20220830172000","52","0","雲林縣","二崙鄉","120.425","23.755","34"
"177","223971","20220830172000","90","3","花蓮縣","鳳林鎮","121.455","23.745","160"
"209","223986","20220830172000","171","2","花蓮縣","鳳林鎮","121.465","23.755","208"
"314","224005","20220830172000","221","2","花蓮縣","鳳林鎮","121.505","23.710","350"
"73","224077","20220830172000","58","2","花蓮縣","鳳林鎮","121.500","23.760","83"
"58","224149","20220830172000","65","0","花蓮縣","鳳林鎮","121.410","23.700","75"
"354","224179","20220830172000","525","0","花蓮縣","鳳林鎮","121.420","23.710","376"
"41","224210","20220830172000","24","3","花蓮縣","萬榮鄉","121.395","23.715","41"
"53","224212","20220830172000","64","0","花蓮縣","萬榮鄉","121.405","23.715","55"
"486","224231","20220830172000","325","2","花蓮縣","鳳林鎮","121.450","23.750","499"
"344","224245","20220830172000","302","1","花蓮縣","鳳林鎮","121.440","23.725","419"
"801","224262","20220830172000","905","0","花蓮縣","鳳林鎮","121.450","23.745","772"
"666","224270","20220830172000","354","3","雲林縣","土庫鎮","120.365","23.705","691"
"121","224272","20220830172000","222","0","雲林縣","土庫鎮","120.365","23.710","92"
"27","224301","20220830172000","67","0","雲林縣","二崙鄉","120.410","23.750","19"
"499","224303","20220830172000","380","2","雲林縣","二崙鄉","120.410","23.755","463"
"220","224441","20220830172000","100","3","花蓮縣","萬榮鄉","121.400","23.705","222"
"300","224591","20220830172000","227","2","花蓮縣","鳳林鎮","121.450","23.760","321"
"146","224688","20220830172000","63","3","花蓮縣","豐濱鄉","121.560","23.730","128"
"42","224707","20220830172000","121","0","雲林縣","二崙鄉","120.395","23.750","42"
"55","224725","20220830172000","62","0","雲林縣","元長鄉","120.330","23.690","46"
"270","224731","20220830172000","240","1","雲林縣","斗六市","120.565","23.730","292"
"1173","224732","20220830172000","627","3","雲林縣","斗六市","120.555","23.735","1008"
"27","224733","20220830172000","21","2","雲林縣","斗六市","120.560","23.735","26"
"374","224734","20220830172000","247","3","雲林縣","斗六市","120.565","23.735","362"
"719","224735","20220830172000","348","3","雲林縣","斗六市","120.550","23.740","615"
"86","224737","20220830172000","38","3","雲林縣","斗六市","120.560","23.740","62"
"136","224742","20220830172000","217","0","雲林縣","斗六市","120.560","23.745","153"
"74","224761","20220830172000","381","0","雲林縣","褒忠鄉","120.280","23.705","60"
"352","224763","20220830172000","191","3","雲林縣","東勢鄉","120.270","23.710","396"
"292","224805","20220830172000","155","3","雲林縣","東勢鄉","120.255","23.735","259"
"171","224806","20220830172000","157","1","雲林縣","斗南鎮","120.485","23.690","177"
"145","224834","20220830172000","179","0","南投縣","鹿谷鄉","120.795","23.690","220"
"43","224863","20220830172000","126","0","南投縣","鹿谷鄉","120.780","23.720","41"
"286","224872","20220830172000","178","3","南投縣","鹿谷鄉","120.745","23.760","271"
"81","224873","20220830172000","111","0","南投縣","鹿谷鄉","120.725","23.765","142"
"251","224875","20220830172000","295","0","南投縣","鹿谷鄉","120.735","23.765","292"
"378","224896","20220830172000","317","1","南投縣","鹿谷鄉","120.780","23.705","410"
"33","224917","20220830172000","137","0","雲林縣","土庫鎮","120.365","23.730","37"
"453","224920","20220830172000","291","3","雲林縣","土庫鎮","120.385","23.690","440"
"962","224923","20220830172000","283","3","雲林縣","土庫鎮","120.390","23.695","781"
"85","224936","20220830172000","270","0","南投縣","鹿谷鄉","120.770","23.730","89"
"372","224950","20220830172000","291","2","南投縣","鹿谷鄉","120.760","23.740","341"
"369","224951","20220830172000","377","0","南投縣","鹿谷鄉","120.765","23.740","422"
"16","224954","20220830172000","24","0","南投縣","鹿谷鄉","120.770","23.745","12"
"339","224973","20220830172000","762","0","南投縣","鹿谷鄉","120.775","23.750","304"
"303","225062","20220830172000","318","0","南投縣","鹿谷鄉","120.755","23.725","323"
"18","225085","20220830172000","15","2","南投縣","鹿谷鄉","120.740","23.730","15"
"57","225138","20220830172000","60","0","南投縣","鹿谷鄉","120.820","23.720","45"
"368","225159","20220830172000","392","0","南投縣","鹿谷鄉","120.790","23.730","409"
"291","225192","20220830172000","347","0","南投縣","鹿谷鄉","120.755","23.745","297"
"711","225195","20220830172000","511","2","南投縣","鹿谷鄉","120.755","23.750","740"
"175","225196","20220830172000","152","1","南投縣","鹿谷鄉","120.745","23.755","185"
"972","225206","20220830172000","788","2","雲林縣","麥寮鄉","120.185","23.760","984"
"168","225208","20220830172000","315","0","雲林縣","麥寮鄉","120.175","23.765","225"
"469","225215","20220830172000","583","0","雲林縣","斗六市","120.575","23.725","542"
"256","225247","20220830172000","190","2","南投縣","信義鄉","120.850","23.695","240"
"293","225254","20220830172000","191","3","南投縣","信義鄉","120.885","23.695","287"
"53","225259","20220830172000","164","0","南投縣","信義鄉","120.850","23.700","57"
"258","225307","20220830172000","186","2","南投縣","信義鄉","120.850","23.685","257"
"126","225309","20220830172000","125","1","南投縣","信義鄉","120.850","23.690","137"
"197","225972","20220830172000","216","0","雲林縣","斗南鎮","120.500","23.690","275"
"1070","225977","20220830172000","698","3","雲林縣","斗南鎮","120.480","23.700","940"
"374","225978","20220830172000","298","2","雲林縣","斗南鎮","120.485","23.700","365"
"201","225980","20220830172000","272","0","雲林縣","斗南鎮","120.495","23.700","221"
"13","225985","20220830172000","14","0","雲林縣","斗南鎮","120.485","23.710","13"
"111","225991","20220830172000","335","0","雲林縣","斗六市","120.500","23.710","110"
"334","226020","20220830172000","159","3","南投縣","水里鄉","120.855","23.730","327"
"2938","226032","20220830172000","1098","3","雲林縣","斗六市","120.535","23.700","2940"
"1370","226033","20220830172000","684","3","雲林縣","斗六市","120.540","23.705","2248"
"696","226034","20220830172000","767","0","雲林縣","斗六市","120.555","23.710","764"
"1396","226037","20220830172000","1155","2","雲林縣","斗六市","120.555","23.715","1209"
"3609","226039","20220830172000","2189","3","雲林縣","斗六市","120.525","23.695","3468"
"1566","226040","20220830172000","669","3","雲林縣","斗六市","120.530","23.695","1557"
"223","226041","20220830172000","616","0","雲林縣","斗六市","120.530","23.700","289"
"3391","226042","20220830172000","1324","3","雲林縣","斗六市","120.535","23.705","3162"
"296","226047","20220830172000","80","3","雲林縣","斗六市","120.560","23.725","236"
"364","226050","20220830172000","395","0","雲林縣","斗六市","120.530","23.730","380"
"130","226056","20220830172000","320","0","雲林縣","斗六市","120.530","23.735","108"
"49","226057","20220830172000","33","2","雲林縣","斗六市","120.535","23.735","42"
"250","226058","20220830172000","230","1","雲林縣","斗六市","120.540","23.735","231"
"419","226062","20220830172000","440","0","雲林縣","斗六市","120.540","23.740","496"
"43","226065","20220830172000","22","3","雲林縣","斗六市","120.505","23.690","31"
"26","226070","20220830172000","26","1","雲林縣","斗六市","120.505","23.700","30"
"248","226075","20220830172000","234","1","雲林縣","斗六市","120.510","23.705","211"
"704","226079","20220830172000","420","3","雲林縣","斗六市","120.525","23.690","596"
"247","226080","20220830172000","556","0","雲林縣","斗六市","120.530","23.690","238"
"668","226081","20220830172000","840","0","雲林縣","斗六市","120.535","23.690","757"
"45","226082","20220830172000","384","0","雲林縣","斗六市","120.535","23.695","29"
"1068","226083","20220830172000","856","2","雲林縣","斗六市","120.595","23.710","1209"
"19","226085","20220830172000","175","0","雲林縣","斗六市","120.585","23.715","12"
"39","226086","20220830172000","64","0","雲林縣","斗六市","120.590","23.715","29"
"1272","226091","20220830172000","839","3","雲林縣","斗六市","120.595","23.715","1108"
"38","226098","20220830172000","48","0","雲林縣","斗六市","120.625","23.695","40"
"206","226124","20220830172000","214","0","雲林縣","斗六市","120.600","23.715","251"
"18","226125","20220830172000","20","0","雲林縣","斗六市","120.610","23.715","16"
"21","226131","20220830172000","32","0","雲林縣","斗六市","120.605","23.715","14"
"3390","226137","20220830172000","1924","3","雲林縣","斗六市","120.540","23.700","3346"
"381","226143","20220830172000","366","1","雲林縣","斗六市","120.505","23.715","359"
"357","226146","20220830172000","382","0","雲林縣","斗六市","120.525","23.715","347"
"944","226149","20220830172000","815","1","雲林縣","斗六市","120.505","23.720","987"
"417","226151","20220830172000","344","2","雲林縣","斗六市","120.515","23.720","420"
"612","226153","20220830172000","544","1","雲林縣","斗六市","120.525","23.720","574"
"1168","226159","20220830172000","1076","1","雲林縣","斗六市","120.520","23.725","1212"
"306","226168","20220830172000","873","0","雲林縣","土庫鎮","120.355","23.705","271"
"51","226173","20220830172000","465","0","雲林縣","斗南鎮","120.475","23.690","43"
"244","226174","20220830172000","282","0","雲林縣","斗南鎮","120.480","23.690","301"
"556","226175","20220830172000","396","2","雲林縣","斗南鎮","120.465","23.695","527"
"36","226182","20220830172000","132","0","雲林縣","崙背鄉","120.345","23.755","28"
"97","226190","20220830172000","374","0","雲林縣","崙背鄉","120.305","23.755","97"
"220","226206","20220830172000","133","3","雲林縣","土庫鎮","120.345","23.695","224"
"107","226232","20220830172000","382","0","南投縣","水里鄉","120.845","23.745","91"
"12","226258","20220830172000","44","0","雲林縣","虎尾鎮","120.460","23.700","14"
"474","226259","20220830172000","284","3","雲林縣","虎尾鎮","120.445","23.705","414"
"471","226261","20220830172000","351","2","雲林縣","虎尾鎮","120.455","23.705","394"
"947","226263","20220830172000","978","0","雲林縣","虎尾鎮","120.450","23.710","1103"
"581","226265","20220830172000","436","2","雲林縣","虎尾鎮","120.445","23.710","561"
"261","226266","20220830172000","220","1","雲林縣","虎尾鎮","120.450","23.715","252"
"580","226267","20220830172000","216","3","雲林縣","虎尾鎮","120.415","23.715","321"
"13","226268","20220830172000","289","0","雲林縣","虎尾鎮","120.420","23.715","499"
"454","226277","20220830172000","271","3","雲林縣","虎尾鎮","120.420","23.725","292"
"989","226286","20220830172000","890","1","雲林縣","虎尾鎮","120.425","23.735","1032"
"715","226287","20220830172000","382","3","雲林縣","虎尾鎮","120.415","23.740","627"
"632","226291","20220830172000","444","2","雲林縣","斗六市","120.575","23.715","520"
"312","226293","20220830172000","415","0","雲林縣","斗六市","120.580","23.720","348"
"1065","226294","20220830172000","1050","1","雲林縣","斗六市","120.585","23.720","1028"
"839","226298","20220830172000","991","0","雲林縣","斗六市","120.585","23.725","830"
"92","226299","20220830172000","170","0","雲林縣","斗六市","120.590","23.725","78"
"290","226300","20220830172000","256","1","雲林縣","斗六市","120.595","23.725","331"
"267","226302","20220830172000","256","1","雲林縣","斗六市","120.590","23.730","345"
"134","226669","20220830172000","442","0","雲林縣","崙背鄉","120.380","23.750","114"
"81","226674","20220830172000","119","0","雲林縣","崙背鄉","120.385","23.755","79"
"355","226678","20220830172000","157","3","雲林縣","崙背鄉","120.375","23.760","358"
"450","226684","20220830172000","279","3","雲林縣","斗六市","120.560","23.695","438"
"187","226686","20220830172000","105","3","雲林縣","斗六市","120.555","23.700","183"
"171","226687","20220830172000","158","1","雲林縣","斗六市","120.560","23.700","194"
"297","226689","20220830172000","224","2","雲林縣","斗六市","120.560","23.705","340"
"416","226695","20220830172000","494","0","雲林縣","斗六市","120.575","23.700","380"
"65","226701","20220830172000","260","0","雲林縣","斗六市","120.605","23.700","62"
"34","226707","20220830172000","18","3","雲林縣","斗六市","120.600","23.705","26"
"967","226714","20220830172000","680","2","雲林縣","虎尾鎮","120.430","23.715","1101"
"337","226715","20220830172000","624","0","雲林縣","虎尾鎮","120.440","23.715","315"
"31","226718","20220830172000","44","0","雲林縣","斗六市","120.570","23.690","27"
"114","226726","20220830172000","57","3","雲林縣","古坑鄉","120.605","23.695","128"
"177","226731","20220830172000","217","0","雲林縣","虎尾鎮","120.400","23.715","225"
"122","226733","20220830172000","297","0","雲林縣","虎尾鎮","120.410","23.715","76"
"443","226737","20220830172000","363","2","雲林縣","虎尾鎮","120.445","23.715","383"
"118","226738","20220830172000","75","3","雲林縣","虎尾鎮","120.445","23.720","113"
"609","226739","20220830172000","462","2","雲林縣","虎尾鎮","120.450","23.720","593"
"542","226749","20220830172000","316","3","雲林縣","東勢鄉","120.250","23.715","582"
"776","226761","20220830172000","413","3","雲林縣","莿桐鄉","120.500","23.750","787"
"516","226763","20220830172000","253","3","雲林縣","莿桐鄉","120.510","23.750","547"
"258","226767","20220830172000","901","0","雲林縣","莿桐鄉","120.500","23.760","216"
"95","226768","20220830172000","365","0","雲林縣","莿桐鄉","120.505","23.760","79"
"51","226770","20220830172000","27","3","雲林縣","莿桐鄉","120.500","23.765","57"
"57","226788","20220830172000","222","0","雲林縣","虎尾鎮","120.405","23.700","32"
"585","226802","20220830172000","263","3","雲林縣","虎尾鎮","120.460","23.710","502"
"80","226804","20220830172000","87","0","雲林縣","虎尾鎮","120.470","23.710","87"
"1040","226807","20220830172000","560","3","雲林縣","虎尾鎮","120.470","23.715","965"
"214","226810","20220830172000","129","3","雲林縣","虎尾鎮","120.460","23.715","233"
"87","226820","20220830172000","160","0","雲林縣","東勢鄉","120.245","23.690","76"
"64","226824","20220830172000","112","0","雲林縣","斗六市","120.600","23.725","57"
"296","226828","20220830172000","226","2","雲林縣","林內鄉","120.595","23.735","299"
"129","226841","20220830172000","640","0","雲林縣","林內鄉","120.595","23.750","131"
"68","226857","20220830172000","231","0","雲林縣","林內鄉","120.635","23.755","66"
"1496","226870","20220830172000","870","3","雲林縣","林內鄉","120.610","23.755","1383"
"416","226877","20220830172000","296","2","雲林縣","林內鄉","120.615","23.765","444"
"148","226880","20220830172000","434","0","雲林縣","林內鄉","120.620","23.765","124"
"58","226886","20220830172000","328","0","雲林縣","林內鄉","120.615","23.760","53"
"32","226903","20220830172000","69","0","雲林縣","林內鄉","120.620","23.745","46"
"19","226920","20220830172000","59","0","雲林縣","林內鄉","120.625","23.720","29"
"134","226924","20220830172000","122","1","雲林縣","林內鄉","120.610","23.725","156"
"103","226957","20220830172000","250","0","雲林縣","林內鄉","120.590","23.760","92"
"1982","226964","20220830172000","1928","1","雲林縣","斗六市","120.555","23.705","1860"
"1503","226965","20220830172000","888","3","雲林縣","斗六市","120.530","23.715","1322"
"594","226966","20220830172000","415","2","雲林縣","斗六市","120.535","23.710","543"
"1516","226967","20220830172000","1159","2","雲林縣","斗六市","120.535","23.715","1443"
"83","227221","20220830172000","37","3","雲林縣","斗六市","120.545","23.720","61"
"85","227224","20220830172000","170","0","雲林縣","斗六市","120.540","23.725","97"
"85","227240","20220830172000","148","0","雲林縣","東勢鄉","120.270","23.705","40"
"42","227244","20220830172000","182","0","雲林縣","東勢鄉","120.285","23.690","57"
"81","227262","20220830172000","239","0","雲林縣","東勢鄉","120.250","23.705","46"
"192","227268","20220830172000","98","3","雲林縣","西螺鎮","120.460","23.760","165"
"1998","227273","20220830172000","920","3","雲林縣","斗六市","120.545","23.715","1835"
"61","227274","20220830172000","69","0","雲林縣","斗六市","120.565","23.710","81"
"1052","227276","20220830172000","793","2","雲林縣","斗六市","120.565","23.715","989"
"120","227279","20220830172000","154","0","雲林縣","斗六市","120.560","23.715","156"
"375","227280","20220830172000","481","0","雲林縣","斗六市","120.565","23.720","513"
"114","227287","20220830172000","341","0","雲林縣","土庫鎮","120.345","23.705","107"
"214","227301","20220830172000","122","3","雲林縣","斗六市","120.520","23.695","171"
"49","227302","20220830172000","39","2","雲林縣","斗六市","120.520","23.700","30"
"155","227303","20220830172000","369","0","雲林縣","斗六市","120.525","23.700","185"
"18","227305","20220830172000","66","0","雲林縣","斗六市","120.525","23.705","16"
"123","227306","20220830172000","1255","0","雲林縣","斗六市","120.530","23.705","102"
"59","227309","20220830172000","46","2","雲林縣","斗六市","120.525","23.710","37"
"401","227316","20220830172000","351","1","雲林縣","斗六市","120.515","23.715","402"
"63","227320","20220830172000","119","0","雲林縣","斗六市","120.565","23.695","49"
"1649","227328","20220830172000","1828","0","雲林縣","斗六市","120.540","23.710","1533"
"1070","227329","20220830172000","607","3","雲林縣","斗六市","120.540","23.715","978"
"707","227330","20220830172000","649","1","雲林縣","斗六市","120.550","23.715","683"
"42","227339","20220830172000","290","0","雲林縣","斗六市","120.565","23.750","34"
"3765","227348","20220830172000","2862","2","雲林縣","斗六市","120.545","23.710","3000"
"823","227349","20220830172000","1189","0","雲林縣","斗六市","120.540","23.690","799"
"285","227350","20220830172000","1050","0","雲林縣","斗六市","120.550","23.710","240"
"414","227351","20220830172000","139","3","雲林縣","崙背鄉","120.360","23.755","428"
"147","227355","20220830172000","288","0","雲林縣","崙背鄉","120.370","23.755","136"
"867","227359","20220830172000","831","1","雲林縣","崙背鄉","120.350","23.760","842"
"127","227365","20220830172000","141","0","雲林縣","崙背鄉","120.330","23.750","135"
"565","227373","20220830172000","240","3","雲林縣","崙背鄉","120.315","23.755","603"
"34","227383","20220830172000","148","0","雲林縣","崙背鄉","120.335","23.760","37"
"158","227395","20220830172000","186","0","雲林縣","西螺鎮","120.435","23.755","160"
"245","227444","20220830172000","593","0","雲林縣","台西鄉","120.200","23.715","228"
"79","227446","20220830172000","69","1","雲林縣","台西鄉","120.210","23.715","99"
"444","227476","20220830172000","1313","0","雲林縣","台西鄉","120.200","23.700","386"
"715","227502","20220830172000","773","0","南投縣","竹山鎮","120.695","23.760","513"
"266","227503","20220830172000","411","0","南投縣","竹山鎮","120.685","23.765","260"
"122","227504","20220830172000","83","2","南投縣","竹山鎮","120.690","23.765","80"
"434","227505","20220830172000","241","3","南投縣","竹山鎮","120.695","23.765","369"
"57","227537","20220830172000","114","0","南投縣","竹山鎮","120.725","23.755","60"
"21","227540","20220830172000","46","0","南投縣","竹山鎮","120.710","23.760","18"
"196","227544","20220830172000","131","2","雲林縣","莿桐鄉","120.525","23.735","161"
"131","227559","20220830172000","431","0","雲林縣","莿桐鄉","120.505","23.730","92"
"75","227564","20220830172000","246","0","雲林縣","莿桐鄉","120.515","23.735","43"
"77","227570","20220830172000","318","0","雲林縣","莿桐鄉","120.515","23.740","73"
"31","227577","20220830172000","112","0","雲林縣","莿桐鄉","120.490","23.760","19"
"66","227580","20220830172000","41","3","雲林縣","虎尾鎮","120.435","23.715","46"
"337","227581","20220830172000","291","1","雲林縣","虎尾鎮","120.435","23.720","357"
"371","227585","20220830172000","150","3","雲林縣","虎尾鎮","120.435","23.735","326"
"551","227588","20220830172000","217","3","雲林縣","虎尾鎮","120.435","23.690","478"
"477","227593","20220830172000","405","1","雲林縣","虎尾鎮","120.435","23.695","399"
"120","227603","20220830172000","364","0","雲林縣","土庫鎮","120.375","23.705","99"
"288","227604","20220830172000","143","3","雲林縣","虎尾鎮","120.380","23.705","313"
"474","227632","20220830172000","265","3","雲林縣","褒忠鄉","120.340","23.735","489"
"874","227636","20220830172000","580","3","南投縣","竹山鎮","120.680","23.750","718"
"671","227637","20220830172000","512","2","南投縣","竹山鎮","120.675","23.755","584"
"2352","227638","20220830172000","2092","1","南投縣","竹山鎮","120.680","23.755","2268"
"131","227639","20220830172000","97","2","南投縣","竹山鎮","120.685","23.755","115"
"122","227640","20220830172000","454","0","雲林縣","虎尾鎮","120.420","23.700","85"
"146","227642","20220830172000","145","1","雲林縣","虎尾鎮","120.420","23.705","193"
"627","227645","20220830172000","397","3","雲林縣","虎尾鎮","120.420","23.710","513"
"2939","227647","20220830172000","2680","1","雲林縣","虎尾鎮","120.435","23.710","3193"
"230","227655","20220830172000","200","1","雲林縣","褒忠鄉","120.310","23.720","187"
"321","227684","20220830172000","199","3","雲林縣","虎尾鎮","120.405","23.725","262"
"280","227697","20220830172000","135","3","雲林縣","虎尾鎮","120.395","23.735","314"
"322","227698","20220830172000","310","1","雲林縣","虎尾鎮","120.400","23.735","340"
"352","227706","20220830172000","393","0","雲林縣","虎尾鎮","120.405","23.740","396"
"1154","227716","20220830172000","1335","0","雲林縣","虎尾鎮","120.430","23.705","1277"
"531","227717","20220830172000","527","1","雲林縣","虎尾鎮","120.435","23.705","627"
"251","227722","20220830172000","161","3","雲林縣","崙背鄉","120.345","23.750","254"
"325","227728","20220830172000","648","0","雲林縣","崙背鄉","120.350","23.750","294"
"55","227730","20220830172000","343","0","雲林縣","崙背鄉","120.350","23.755","46"
"72","227733","20220830172000","88","0","雲林縣","虎尾鎮","120.400","23.710","83"
"725","227738","20220830172000","437","3","雲林縣","虎尾鎮","120.430","23.710","637"
"76","227741","20220830172000","224","0","雲林縣","斗南鎮","120.485","23.720","62"
"14","227744","20220830172000","17","0","雲林縣","虎尾鎮","120.485","23.725","19"
"421","227745","20220830172000","265","3","雲林縣","虎尾鎮","120.490","23.725","416"
"205","227748","20220830172000","125","3","雲林縣","虎尾鎮","120.480","23.730","185"
"1126","227763","20220830172000","735","3","雲林縣","虎尾鎮","120.440","23.710","923"
"76","227766","20220830172000","492","0","雲林縣","虎尾鎮","120.390","23.705","65"
"308","227798","20220830172000","575","0","南投縣","竹山鎮","120.710","23.765","373"
"735","227807","20220830172000","640","1","南投縣","竹山鎮","120.700","23.765","776"
"323","227808","20220830172000","161","3","南投縣","竹山鎮","120.705","23.765","231"
"456","227840","20220830172000","620","0","南投縣","竹山鎮","120.685","23.760","490"
"215","227842","20220830172000","578","0","南投縣","竹山鎮","120.675","23.760","194"
"195","227852","20220830172000","161","2","南投縣","竹山鎮","120.650","23.705","211"
"40","227871","20220830172000","89","0","南投縣","竹山鎮","120.655","23.720","30"
"723","227882","20220830172000","562","2","雲林縣","虎尾鎮","120.430","23.700","578"
"226","227894","20220830172000","568","0","雲林縣","虎尾鎮","120.460","23.725","183"
"499","227907","20220830172000","224","3","雲林縣","虎尾鎮","120.465","23.740","548"
"2471","227921","20220830172000","1866","2","雲林縣","褒忠鄉","120.315","23.695","2434"
"85","227938","20220830172000","90","0","南投縣","竹山鎮","120.715","23.695","95"
"28","227947","20220830172000","25","1","南投縣","竹山鎮","120.715","23.705","38"
"28","227979","20220830172000","37","0","南投縣","竹山鎮","120.700","23.705","17"
"647","228012","20220830172000","278","3","雲林縣","褒忠鄉","120.285","23.700","733"
"1078","228016","20220830172000","667","3","雲林縣","褒忠鄉","120.315","23.710","1105"
"222","228047","20220830172000","130","3","南投縣","竹山鎮","120.665","23.755","194"
"499","228051","20220830172000","496","1","南投縣","竹山鎮","120.665","23.760","601"
"721","228091","20220830172000","333","3","雲林縣","台西鄉","120.215","23.740","794"
"272","228138","20220830172000","297","0","雲林縣","崙背鄉","120.295","23.760","307"
"56","228142","20220830172000","244","0","雲林縣","虎尾鎮","120.440","23.720","38"
"702","228151","20220830172000","207","3","雲林縣","麥寮鄉","120.260","23.750","601"
"529","228157","20220830172000","223","3","雲林縣","麥寮鄉","120.255","23.760","452"
"2246","228161","20220830172000","1482","3","雲林縣","斗六市","120.545","23.705","2079"
"194","228162","20220830172000","332","0","雲林縣","斗六市","120.550","23.705","265"
"11","228176","20220830172000","355","0","南投縣","竹山鎮","120.665","23.740","15"
"154","228194","20220830172000","140","1","南投縣","竹山鎮","120.705","23.745","151"
"36","228199","20220830172000","35","1","南投縣","竹山鎮","120.700","23.750","46"
"610","228200","20220830172000","328","3","南投縣","竹山鎮","120.690","23.755","495"
"102","228205","20220830172000","66","3","南投縣","竹山鎮","120.680","23.745","73"
"132","228207","20220830172000","175","0","南投縣","竹山鎮","120.675","23.750","157"
"224","228209","20220830172000","509","0","雲林縣","台西鄉","120.210","23.720","200"
"1741","228228","20220830172000","762","3","雲林縣","台西鄉","120.220","23.720","1660"
"29","228231","20220830172000","20","2","雲林縣","台西鄉","120.215","23.700","24"
"171","228245","20220830172000","334","0","雲林縣","台西鄉","120.190","23.700","189"
"77","228266","20220830172000","166","0","雲林縣","麥寮鄉","120.260","23.745","73"
"2022","228271","20220830172000","528","3","雲林縣","麥寮鄉","120.250","23.750","1657"
"665","228272","20220830172000","1660","0","雲林縣","麥寮鄉","120.255","23.750","1919"
"512","228274","20220830172000","275","3","雲林縣","麥寮鄉","120.265","23.750","424"
"96","228278","20220830172000","462","0","雲林縣","莿桐鄉","120.480","23.745","90"
"947","228283","20220830172000","955","0","雲林縣","西螺鎮","120.465","23.755","1060"
"301","228312","20220830172000","862","0","雲林縣","麥寮鄉","120.240","23.750","228"
"182","228321","20220830172000","163","1","雲林縣","台西鄉","120.220","23.750","182"
"343","228335","20220830172000","291","1","雲林縣","虎尾鎮","120.420","23.690","377"
"181","228337","20220830172000","191","0","雲林縣","虎尾鎮","120.425","23.695","186"
"2598","228338","20220830172000","2213","1","雲林縣","虎尾鎮","120.425","23.700","2107"
"106","228340","20220830172000","634","0","雲林縣","虎尾鎮","120.425","23.710","101"
"38","228375","20220830172000","83","0","南投縣","竹山鎮","120.665","23.725","45"
"51","228395","20220830172000","100","0","南投縣","竹山鎮","120.690","23.725","43"
"151","228399","20220830172000","101","2","南投縣","竹山鎮","120.710","23.725","175"
"52","228402","20220830172000","148","0","南投縣","竹山鎮","120.690","23.730","39"
"313","228415","20220830172000","1015","0","南投縣","竹山鎮","120.680","23.760","217"
"434","228711","20220830172000","384","1","雲林縣","麥寮鄉","120.170","23.770","409"
"318","230307","20220830172000","473","0","雲林縣","麥寮鄉","120.180","23.795","359"
"99","232186","20220830172000","34","3","花蓮縣","壽豐鄉","121.585","23.825","123"
"136","233034","20220830172000","92","2","花蓮縣","壽豐鄉","121.565","23.780","141"
"18","233064","20220830172000","18","1","花蓮縣","壽豐鄉","121.570","23.800","29"
"115","233104","20220830172000","56","3","花蓮縣","壽豐鄉","121.460","23.810","126"
"347","233119","20220830172000","226","3","花蓮縣","壽豐鄉","121.475","23.815","355"
"191","233140","20220830172000","167","1","花蓮縣","壽豐鄉","121.480","23.825","239"
"614","233238","20220830172000","523","1","花蓮縣","壽豐鄉","121.515","23.840","783"
"24","233277","20220830172000","13","3","花蓮縣","壽豐鄉","121.590","23.840","35"
"66","233282","20220830172000","103","0","雲林縣","二崙鄉","120.420","23.815","58"
"14","234003","20220830172000","16","0","花蓮縣","鳳林鎮","121.475","23.795","20"
"169","234014","20220830172000","167","1","花蓮縣","鳳林鎮","121.455","23.800","184"
"251","234015","20220830172000","103","3","花蓮縣","鳳林鎮","121.460","23.800","242"
"34","234031","20220830172000","18","3","花蓮縣","鳳林鎮","121.465","23.805","67"
"306","234042","20220830172000","250","2","花蓮縣","萬榮鄉","121.445","23.810","313"
"1186","234074","20220830172000","1216","0","雲林縣","二崙鄉","120.415","23.770","1127"
"53","234106","20220830172000","154","0","雲林縣","二崙鄉","120.410","23.815","54"
"72","234119","20220830172000","12","3","雲林縣","二崙鄉","120.415","23.795","64"
"95","234120","20220830172000","314","0","雲林縣","二崙鄉","120.420","23.795","116"
"426","234127","20220830172000","323","2","雲林縣","二崙鄉","120.385","23.795","486"
"421","234130","20220830172000","244","3","雲林縣","二崙鄉","120.380","23.800","418"
"473","234162","20220830172000","214","3","雲林縣","二崙鄉","120.395","23.820","471"
"312","234274","20220830172000","145","3","花蓮縣","鳳林鎮","121.460","23.780","301"
"126","234277","20220830172000","68","3","花蓮縣","鳳林鎮","121.460","23.785","119"
"101","234283","20220830172000","371","0","雲林縣","二崙鄉","120.410","23.805","97"
"28","234324","20220830172000","120","0","雲林縣","二崙鄉","120.395","23.765","33"
"73","234338","20220830172000","372","0","雲林縣","二崙鄉","120.365","23.805","70"
"290","234386","20220830172000","578","0","雲林縣","二崙鄉","120.395","23.790","264"
"888","234401","20220830172000","418","3","雲林縣","西螺鎮","120.470","23.795","850"
"261","234404","20220830172000","238","1","雲林縣","西螺鎮","120.470","23.800","280"
"424","234406","20220830172000","200","3","雲林縣","西螺鎮","120.480","23.800","400"
"1615","234413","20220830172000","967","3","雲林縣","西螺鎮","120.450","23.785","1685"
"469","234424","20220830172000","279","3","雲林縣","麥寮鄉","120.270","23.770","461"
"703","234432","20220830172000","333","3","雲林縣","麥寮鄉","120.265","23.780","696"
"138","234453","20220830172000","26","3","雲林縣","麥寮鄉","120.235","23.790","142"
"172","234454","20220830172000","438","0","雲林縣","麥寮鄉","120.240","23.790","181"
"2066","234481","20220830172000","1397","2","南投縣","水里鄉","120.855","23.815","2026"
"193","234482","20220830172000","118","3","南投縣","水里鄉","120.860","23.815","180"
"29","234513","20220830172000","235","0","雲林縣","西螺鎮","120.485","23.785","43"
"269","234539","20220830172000","234","1","雲林縣","西螺鎮","120.450","23.775","317"
"1075","234540","20220830172000","778","2","雲林縣","西螺鎮","120.445","23.780","1132"
"23","234570","20220830172000","38","0","南投縣","鹿谷鄉","120.740","23.775","28"
"283","234591","20220830172000","212","2","南投縣","水里鄉","120.845","23.820","308"
"194","234630","20220830172000","168","1","南投縣","水里鄉","120.930","23.795","202"
"174","234678","20220830172000","684","0","南投縣","水里鄉","120.850","23.815","162"
"208","234703","20220830172000","180","1","南投縣","水里鄉","120.845","23.775","217"
"529","234721","20220830172000","305","3","彰化縣","溪州鄉","120.515","23.815","598"
"189","234765","20220830172000","105","3","南投縣","鹿谷鄉","120.785","23.790","182"
"31","234802","20220830172000","102","0","南投縣","鹿谷鄉","120.785","23.805","34"
"49","234826","20220830172000","44","1","南投縣","鹿谷鄉","120.785","23.765","54"
"56","234843","20220830172000","52","1","南投縣","鹿谷鄉","120.775","23.775","60"
"181","234859","20220830172000","80","3","南投縣","鹿谷鄉","120.775","23.785","184"
"304","234881","20220830172000","241","2","雲林縣","麥寮鄉","120.195","23.775","293"
"328","234888","20220830172000","288","1","雲林縣","麥寮鄉","120.180","23.785","335"
"133","234892","20220830172000","282","0","雲林縣","麥寮鄉","120.200","23.785","180"
"634","234900","20220830172000","586","1","雲林縣","麥寮鄉","120.205","23.790","657"
"1808","234906","20220830172000","919","3","雲林縣","麥寮鄉","120.260","23.790","1786"
"2770","234915","20220830172000","2038","2","雲林縣","麥寮鄉","120.220","23.795","2858"
"722","234934","20220830172000","275","3","雲林縣","麥寮鄉","120.230","23.795","826"
"1495","234937","20220830172000","727","3","雲林縣","麥寮鄉","120.245","23.795","1365"
"81","234945","20220830172000","73","1","雲林縣","麥寮鄉","120.190","23.800","75"
"358","234949","20220830172000","261","2","雲林縣","麥寮鄉","120.210","23.800","357"
"1365","234952","20220830172000","1118","2","雲林縣","麥寮鄉","120.225","23.800","1451"
"351","234961","20220830172000","181","3","雲林縣","麥寮鄉","120.270","23.800","333"
"259","234965","20220830172000","188","2","雲林縣","麥寮鄉","120.195","23.805","206"
"283","234967","20220830172000","450","0","雲林縣","麥寮鄉","120.205","23.805","300"
"719","234997","20220830172000","774","0","雲林縣","麥寮鄉","120.215","23.815","687"
"18","235080","20220830172000","95","0","南投縣","信義鄉","120.940","23.820","14"
"13","235214","20220830172000","15","0","南投縣","信義鄉","120.980","23.785","14"
"111","235228","20220830172000","247","0","雲林縣","崙背鄉","120.350","23.775","104"
"241","235235","20220830172000","110","3","雲林縣","崙背鄉","120.345","23.785","267"
"39","235239","20220830172000","265","0","雲林縣","崙背鄉","120.350","23.790","32"
"896","235274","20220830172000","670","2","南投縣","水里鄉","120.850","23.810","893"
"381","235297","20220830172000","313","2","彰化縣","溪州鄉","120.505","23.815","455"
"836","235309","20220830172000","689","2","彰化縣","溪州鄉","120.540","23.830","827"
"435","235350","20220830172000","406","1","彰化縣","溪州鄉","120.490","23.830","606"
"394","235352","20220830172000","220","3","彰化縣","溪州鄉","120.475","23.835","394"
"611","235362","20220830172000","316","3","彰化縣","溪州鄉","120.480","23.845","649"
"168","235370","20220830172000","209","0","彰化縣","溪州鄉","120.500","23.840","194"
"594","235385","20220830172000","291","3","雲林縣","崙背鄉","120.325","23.780","556"
"347","235405","20220830172000","204","3","南投縣","水里鄉","120.865","23.795","360"
"566","235409","20220830172000","556","1","南投縣","水里鄉","120.860","23.800","565"
"55","235459","20220830172000","304","0","南投縣","水里鄉","120.825","23.810","70"
"37","235490","20220830172000","157","0","南投縣","水里鄉","120.865","23.835","30"
"66","235505","20220830172000","48","2","南投縣","水里鄉","120.870","23.845","88"
"96","235509","20220830172000","308","0","南投縣","名間鄉","120.635","23.835","74"
"46","235515","20220830172000","479","0","南投縣","名間鄉","120.705","23.820","21"
"194","235521","20220830172000","216","0","南投縣","名間鄉","120.715","23.830","217"
"1200","235523","20220830172000","1140","1","南投縣","名間鄉","120.705","23.835","1258"
"227","235527","20220830172000","123","3","南投縣","名間鄉","120.725","23.835","177"
"34","235539","20220830172000","148","0","南投縣","名間鄉","120.665","23.820","274"
"12","235543","20220830172000","81","0","南投縣","名間鄉","120.665","23.825","12"
"431","235555","20220830172000","356","2","南投縣","集集鎮","120.795","23.825","471"
"92","235556","20220830172000","333","0","南投縣","集集鎮","120.795","23.830","106"
"51","235703","20220830172000","51","1","南投縣","信義鄉","120.915","23.785","37"
"237","235812","20220830172000","184","2","南投縣","信義鄉","120.940","23.795","256"
"50","236275","20220830172000","184","0","南投縣","名間鄉","120.660","23.835","41"
"354","236286","20220830172000","281","2","南投縣","名間鄉","120.655","23.845","335"
"42","236299","20220830172000","85","0","南投縣","名間鄉","120.695","23.810","76"
"139","236318","20220830172000","68","3","彰化縣","二水鄉","120.635","23.830","145"
"443","236322","20220830172000","330","2","南投縣","名間鄉","120.630","23.840","432"
"65","236329","20220830172000","244","0","彰化縣","溪州鄉","120.515","23.830","78"
"123","236334","20220830172000","92","2","彰化縣","溪州鄉","120.520","23.835","118"
"13","236347","20220830172000","46","0","彰化縣","溪州鄉","120.510","23.845","16"
"182","236374","20220830172000","161","1","彰化縣","溪州鄉","120.580","23.820","202"
"196","236389","20220830172000","230","0","彰化縣","溪州鄉","120.470","23.830","210"
"345","236394","20220830172000","323","1","南投縣","名間鄉","120.695","23.835","376"
"65","236405","20220830172000","556","0","南投縣","名間鄉","120.700","23.835","37"
"85","236406","20220830172000","35","3","彰化縣","二水鄉","120.650","23.810","80"
"62","236410","20220830172000","182","0","南投縣","名間鄉","120.645","23.820","57"
"197","236415","20220830172000","104","3","南投縣","名間鄉","120.655","23.830","184"
"601","236419","20220830172000","181","3","彰化縣","大城鄉","120.345","23.845","578"
"212","236421","20220830172000","225","0","彰化縣","大城鄉","120.300","23.840","261"
"444","236449","20220830172000","264","3","彰化縣","溪州鄉","120.565","23.815","430"
"260","236455","20220830172000","215","2","彰化縣","溪州鄉","120.560","23.830","254"
"56","236462","20220830172000","274","0","雲林縣","莿桐鄉","120.540","23.765","60"
"300","236463","20220830172000","217","2","雲林縣","莿桐鄉","120.530","23.770","316"
"28","236470","20220830172000","174","0","南投縣","名間鄉","120.630","23.845","26"
"124","236472","20220830172000","111","1","南投縣","名間鄉","120.640","23.845","136"
"421","236479","20220830172000","234","3","南投縣","名間鄉","120.690","23.845","417"
"623","236481","20220830172000","301","3","南投縣","名間鄉","120.700","23.845","477"
"747","236492","20220830172000","482","3","雲林縣","林內鄉","120.610","23.770","816"
"158","236494","20220830172000","162","0","雲林縣","林內鄉","120.610","23.775","169"
"162","236509","20220830172000","397","0","雲林縣","林內鄉","120.625","23.775","164"
"127","236557","20220830172000","271","0","南投縣","集集鎮","120.800","23.825","102"
"39","236558","20220830172000","154","0","南投縣","集集鎮","120.805","23.825","32"
"395","236563","20220830172000","210","3","南投縣","集集鎮","120.765","23.820","428"
"42","236573","20220830172000","91","0","南投縣","集集鎮","120.770","23.845","46"
"222","236578","20220830172000","328","0","南投縣","集集鎮","120.815","23.825","230"
"437","236593","20220830172000","1092","0","南投縣","集集鎮","120.785","23.825","424"
"281","236635","20220830172000","205","2","彰化縣","大城鄉","120.350","23.835","305"
"373","236679","20220830172000","214","3","彰化縣","大城鄉","120.275","23.845","390"
"250","236695","20220830172000","184","2","南投縣","信義鄉","120.905","23.770","259"
"78","236721","20220830172000","339","0","彰化縣","二水鄉","120.615","23.810","73"
"1123","236741","20220830172000","208","3","雲林縣","莿桐鄉","120.500","23.780","1140"
"320","236758","20220830172000","150","3","彰化縣","二水鄉","120.630","23.830","314"
"323","236765","20220830172000","460","0","彰化縣","二水鄉","120.610","23.815","374"
"594","236771","20220830172000","346","3","彰化縣","二水鄉","120.635","23.795","595"
"22","236772","20220830172000","30","0","彰化縣","二水鄉","120.640","23.795","17"
"3358","236781","20220830172000","1244","3","雲林縣","西螺鎮","120.440","23.780","3129"
"259","236785","20220830172000","264","0","雲林縣","西螺鎮","120.430","23.790","313"
"591","236786","20220830172000","157","3","雲林縣","西螺鎮","120.435","23.790","598"
"43","236796","20220830172000","144","0","彰化縣","二水鄉","120.640","23.805","43"
"56","236801","20220830172000","271","0","彰化縣","二水鄉","120.605","23.825","45"
"418","236814","20220830172000","989","0","彰化縣","二水鄉","120.620","23.810","382"
"304","237024","20220830172000","381","0","雲林縣","莿桐鄉","120.515","23.775","309"
"327","237025","20220830172000","226","2","雲林縣","莿桐鄉","120.520","23.775","313"
"1315","237039","20220830172000","372","3","雲林縣","西螺鎮","120.435","23.800","1313"
"1217","237048","20220830172000","339","3","雲林縣","西螺鎮","120.440","23.810","1192"
"408","237053","20220830172000","275","2","雲林縣","西螺鎮","120.465","23.795","163"
"2260","237054","20220830172000","1120","3","雲林縣","西螺鎮","120.465","23.800","1892"
"23","237056","20220830172000","196","0","雲林縣","西螺鎮","120.465","23.765","21"
"1352","237062","20220830172000","1007","2","雲林縣","西螺鎮","120.475","23.785","1497"
"262","237066","20220830172000","96","3","雲林縣","西螺鎮","120.475","23.765","284"
"149","237068","20220830172000","508","0","雲林縣","西螺鎮","120.460","23.795","89"
"942","237069","20220830172000","1071","0","雲林縣","西螺鎮","120.460","23.800","890"
"1717","237075","20220830172000","492","3","雲林縣","西螺鎮","120.440","23.800","1698"
"327","237076","20220830172000","214","3","雲林縣","西螺鎮","120.455","23.790","363"
"350","237078","20220830172000","2051","0","雲林縣","西螺鎮","120.455","23.800","245"
"23","237081","20220830172000","116","0","彰化縣","二水鄉","120.635","23.810","29"
"11","237089","20220830172000","12","0","彰化縣","二水鄉","120.640","23.800","11"
"76","237103","20220830172000","255","0","彰化縣","二水鄉","120.630","23.800","68"
"78","237115","20220830172000","61","2","彰化縣","二水鄉","120.655","23.800","75"
"467","237141","20220830172000","280","3","雲林縣","崙背鄉","120.325","23.795","455"
"181","237147","20220830172000","133","2","雲林縣","崙背鄉","120.340","23.800","163"
"91","237182","20220830172000","85","1","雲林縣","崙背鄉","120.310","23.790","75"
"159","237186","20220830172000","159","1","雲林縣","崙背鄉","120.305","23.795","134"
"29","237187","20220830172000","34","0","雲林縣","崙背鄉","120.310","23.795","34"
"808","237189","20220830172000","331","3","雲林縣","麥寮鄉","120.295","23.800","922"
"69","237228","20220830172000","57","2","彰化縣","田中鎮","120.605","23.845","80"
"35","237236","20220830172000","30","1","彰化縣","溪州鄉","120.455","23.825","21"
"41","237241","20220830172000","194","0","彰化縣","竹塘鄉","120.445","23.835","39"
"110","237255","20220830172000","423","0","雲林縣","莿桐鄉","120.565","23.775","105"
"50","237256","20220830172000","167","0","雲林縣","莿桐鄉","120.570","23.775","61"
"308","237302","20220830172000","152","3","雲林縣","莿桐鄉","120.550","23.765","311"
"49","237358","20220830172000","190","0","南投縣","竹山鎮","120.680","23.770","40"
"183","237361","20220830172000","246","0","南投縣","竹山鎮","120.680","23.775","212"
"376","237386","20220830172000","231","3","南投縣","竹山鎮","120.650","23.770","404"
"299","237414","20220830172000","233","2","南投縣","竹山鎮","120.730","23.815","303"
"359","237424","20220830172000","272","2","南投縣","竹山鎮","120.715","23.765","339"
"127","237434","20220830172000","531","0","南投縣","竹山鎮","120.705","23.780","120"
"203","237436","20220830172000","185","1","南投縣","竹山鎮","120.715","23.780","217"
"68","237453","20220830172000","334","0","南投縣","竹山鎮","120.695","23.770","53"
"16","237456","20220830172000","63","0","南投縣","竹山鎮","120.695","23.775","18"
"31","237489","20220830172000","174","0","彰化縣","竹塘鄉","120.400","23.845","34"
"80","237498","20220830172000","439","0","雲林縣","麥寮鄉","120.240","23.770","60"
"178","237499","20220830172000","103","3","雲林縣","麥寮鄉","120.245","23.770","186"
"57","237516","20220830172000","269","0","雲林縣","崙背鄉","120.355","23.765","63"
"133","237531","20220830172000","84","3","南投縣","竹山鎮","120.750","23.815","124"
"1143","237559","20220830172000","593","3","南投縣","竹山鎮","120.715","23.800","1083"
"137","237593","20220830172000","147","0","南投縣","魚池鄉","120.895","23.835","164"
"192","237595","20220830172000","210","0","南投縣","魚池鄉","120.905","23.835","213"
"490","237603","20220830172000","444","1","南投縣","竹山鎮","120.715","23.805","536"
"306","237607","20220830172000","153","3","南投縣","竹山鎮","120.730","23.810","285"
"461","237611","20220830172000","287","3","南投縣","竹山鎮","120.725","23.810","366"
"422","237614","20220830172000","579","0","南投縣","竹山鎮","120.720","23.815","362"
"19","237626","20220830172000","14","2","南投縣","魚池鄉","120.915","23.835","26"
"22","237638","20220830172000","14","3","南投縣","魚池鄉","120.915","23.845","37"
"102","237670","20220830172000","93","1","南投縣","魚池鄉","120.885","23.820","116"
"546","237685","20220830172000","346","3","雲林縣","麥寮鄉","120.290","23.765","528"
"135","237741","20220830172000","84","3","南投縣","集集鎮","120.760","23.830","147"
"19","237745","20220830172000","116","0","南投縣","集集鎮","120.760","23.835","140"
"277","237775","20220830172000","136","3","南投縣","集集鎮","120.750","23.840","236"
"105","237785","20220830172000","234","0","南投縣","集集鎮","120.745","23.830","90"
"56","237788","20220830172000","33","3","南投縣","集集鎮","120.740","23.835","47"
"69","237801","20220830172000","248","0","南投縣","集集鎮","120.780","23.825","67"
"256","237819","20220830172000","127","3","雲林縣","莿桐鄉","120.505","23.765","300"
"254","237826","20220830172000","170","2","雲林縣","莿桐鄉","120.520","23.765","249"
"1892","237833","20220830172000","470","3","雲林縣","西螺鎮","120.480","23.770","1685"
"385","237848","20220830172000","304","2","雲林縣","麥寮鄉","120.290","23.795","371"
"1776","237860","20220830172000","1288","2","雲林縣","麥寮鄉","120.275","23.795","1822"
"392","237864","20220830172000","308","2","雲林縣","麥寮鄉","120.280","23.795","398"
"23","237872","20220830172000","128","0","彰化縣","田中鎮","120.560","23.845","21"
"165","237874","20220830172000","150","1","彰化縣","田中鎮","120.570","23.845","200"
"112","237878","20220830172000","81","2","彰化縣","田中鎮","120.580","23.840","137"
"266","237881","20220830172000","294","0","彰化縣","田中鎮","120.595","23.840","279"
"106","237884","20220830172000","479","0","彰化縣","田中鎮","120.595","23.845","95"
"215","237895","20220830172000","141","3","彰化縣","田中鎮","120.595","23.830","202"
"174","237900","20220830172000","324","0","雲林縣","莿桐鄉","120.535","23.775","155"
"121","240440","20220830172000","113","1","花蓮縣","壽豐鄉","121.605","23.885","108"
"223","242904","20220830172000","159","2","花蓮縣","秀林鄉","121.500","23.920","292"
"223","242957","20220830172000","154","2","花蓮縣","壽豐鄉","121.530","23.865","311"
"246","242963","20220830172000","214","1","花蓮縣","壽豐鄉","121.525","23.870","311"
"1330","242988","20220830172000","956","2","花蓮縣","壽豐鄉","121.510","23.870","1331"
"715","243010","20220830172000","673","1","花蓮縣","壽豐鄉","121.520","23.890","779"
"15","243014","20220830172000","69","0","花蓮縣","壽豐鄉","121.540","23.890","14"
"455","243023","20220830172000","652","0","花蓮縣","壽豐鄉","121.555","23.895","451"
"46","243053","20220830172000","313","0","花蓮縣","壽豐鄉","121.535","23.895","58"
"148","243054","20220830172000","463","0","花蓮縣","壽豐鄉","121.540","23.895","151"
"457","243055","20220830172000","704","0","花蓮縣","壽豐鄉","121.545","23.895","461"
"204","243057","20220830172000","205","0","花蓮縣","壽豐鄉","121.530","23.895","208"
"346","243065","20220830172000","382","0","花蓮縣","壽豐鄉","121.530","23.900","321"
"251","243069","20220830172000","608","0","花蓮縣","壽豐鄉","121.550","23.900","234"
"771","243073","20220830172000","698","1","花蓮縣","壽豐鄉","121.530","23.905","769"
"233","243089","20220830172000","142","3","花蓮縣","壽豐鄉","121.520","23.915","391"
"91","243103","20220830172000","45","3","花蓮縣","壽豐鄉","121.550","23.920","84"
"54","243143","20220830172000","57","0","花蓮縣","壽豐鄉","121.555","23.865","60"
"56","243149","20220830172000","74","0","花蓮縣","壽豐鄉","121.555","23.870","64"
"130","243164","20220830172000","78","3","花蓮縣","壽豐鄉","121.585","23.880","139"
"45","243184","20220830172000","93","0","花蓮縣","壽豐鄉","121.595","23.905","41"
"73","243230","20220830172000","105","0","花蓮縣","壽豐鄉","121.520","23.845","86"
"513","243249","20220830172000","519","0","花蓮縣","壽豐鄉","121.495","23.850","537"
"424","243255","20220830172000","401","1","花蓮縣","壽豐鄉","121.490","23.855","436"
"96","243262","20220830172000","112","0","花蓮縣","壽豐鄉","121.485","23.855","87"
"247","243315","20220830172000","113","3","花蓮縣","壽豐鄉","121.600","23.870","209"
"49","243324","20220830172000","45","1","花蓮縣","壽豐鄉","121.590","23.885","70"
"32","243335","20220830172000","13","3","花蓮縣","壽豐鄉","121.605","23.895","66"
"126","243336","20220830172000","89","2","花蓮縣","壽豐鄉","121.600","23.900","652"
"275","243338","20220830172000","238","1","花蓮縣","壽豐鄉","121.600","23.905","425"
"377","243339","20220830172000","202","3","花蓮縣","壽豐鄉","121.605","23.905","538"
"559","243392","20220830172000","860","0","彰化縣","二林鎮","120.360","23.895","638"
"1351","243393","20220830172000","778","3","彰化縣","二林鎮","120.370","23.900","1255"
"246","243406","20220830172000","265","0","彰化縣","二林鎮","120.390","23.865","317"
"112","243422","20220830172000","134","0","彰化縣","二林鎮","120.415","23.910","132"
"406","243424","20220830172000","364","1","彰化縣","二林鎮","120.425","23.910","424"
"297","243439","20220830172000","367","0","彰化縣","二林鎮","120.360","23.865","338"
"420","243447","20220830172000","297","2","彰化縣","二林鎮","120.360","23.880","416"
"754","243770","20220830172000","482","3","彰化縣","二林鎮","120.365","23.890","617"
"505","243772","20220830172000","743","0","彰化縣","二林鎮","120.370","23.895","532"
"737","243777","20220830172000","465","3","彰化縣","二林鎮","120.425","23.895","664"
"330","243783","20220830172000","391","0","彰化縣","二林鎮","120.365","23.900","316"
"393","243796","20220830172000","367","1","彰化縣","二林鎮","120.440","23.875","394"
"104","243827","20220830172000","96","1","南投縣","水里鄉","120.865","23.905","111"
"447","243861","20220830172000","112","3","彰化縣","大城鄉","120.325","23.860","410"
"1384","243867","20220830172000","1234","1","彰化縣","大城鄉","120.320","23.850","1331"
"424","243900","20220830172000","843","0","彰化縣","埤頭鄉","120.470","23.915","400"
"456","243909","20220830172000","154","3","彰化縣","埤頭鄉","120.460","23.925","405"
"64","243970","20220830172000","57","1","南投縣","中寮鄉","120.800","23.905","79"
"148","244008","20220830172000","135","1","南投縣","中寮鄉","120.805","23.925","171"
"339","244044","20220830172000","138","3","南投縣","中寮鄉","120.750","23.895","338"
"78","244051","20220830172000","56","2","南投縣","中寮鄉","120.765","23.900","100"
"35","244098","20220830172000","88","0","南投縣","中寮鄉","120.790","23.860","32"
"13","244101","20220830172000","55","0","南投縣","中寮鄉","120.805","23.860","15"
"14","244111","20220830172000","25","0","南投縣","中寮鄉","120.800","23.865","13"
"602","244122","20220830172000","451","2","彰化縣","埤頭鄉","120.480","23.890","604"
"367","244129","20220830172000","271","2","彰化縣","埤頭鄉","120.460","23.860","370"
"78","244142","20220830172000","523","0","彰化縣","埤頭鄉","120.460","23.880","95"
"1527","244150","20220830172000","979","3","彰化縣","埤頭鄉","120.465","23.890","1386"
"123","244159","20220830172000","352","0","南投縣","中寮鄉","120.760","23.880","114"
"308","244163","20220830172000","550","0","南投縣","中寮鄉","120.775","23.885","281"
"22","244210","20220830172000","72","0","南投縣","中寮鄉","120.730","23.895","22"
"277","244211","20220830172000","236","1","南投縣","中寮鄉","120.735","23.895","314"
"90","244235","20220830172000","74","2","南投縣","中寮鄉","120.770","23.920","106"
"79","244247","20220830172000","267","0","南投縣","中寮鄉","120.830","23.860","79"
"132","244274","20220830172000","90","2","南投縣","中寮鄉","120.800","23.880","144"
"16","244321","20220830172000","23","0","南投縣","中寮鄉","120.845","23.900","16"
"95","244326","20220830172000","555","0","南投縣","中寮鄉","120.710","23.895","68"
"183","244341","20220830172000","121","3","彰化縣","員林鎮","120.580","23.925","145"
"16","244360","20220830172000","39","0","南投縣","中寮鄉","120.795","23.905","18"
"30","244380","20220830172000","25","2","南投縣","中寮鄉","120.720","23.915","37"
"174","244392","20220830172000","120","2","南投縣","中寮鄉","120.725","23.925","196"
"67","244395","20220830172000","64","1","南投縣","中寮鄉","120.740","23.925","86"
"1272","244397","20220830172000","1026","2","彰化縣","二林鎮","120.375","23.895","1086"
"1173","244398","20220830172000","944","2","彰化縣","二林鎮","120.380","23.895","1089"
"167","244411","20220830172000","196","0","南投縣","南投市","120.695","23.915","206"
"362","244414","20220830172000","511","0","南投縣","南投市","120.695","23.920","329"
"386","244415","20220830172000","293","2","南投縣","南投市","120.700","23.920","447"
"31","244420","20220830172000","84","0","南投縣","南投市","120.640","23.925","27"
"2373","244422","20220830172000","2019","1","南投縣","南投市","120.690","23.905","2249"
"833","244426","20220830172000","572","2","彰化縣","永靖鄉","120.545","23.920","688"
"159","244429","20220830172000","312","0","彰化縣","永靖鄉","120.570","23.925","209"
"47","244451","20220830172000","55","0","南投縣","水里鄉","120.870","23.880","54"
"383","244465","20220830172000","409","0","彰化縣","溪州鄉","120.500","23.855","446"
"121","244468","20220830172000","148","0","彰化縣","溪州鄉","120.505","23.860","140"
"153","244477","20220830172000","117","2","南投縣","南投市","120.635","23.905","142"
"202","244478","20220830172000","371","0","南投縣","南投市","120.640","23.905","223"
"33","244480","20220830172000","17","3","南投縣","南投市","120.635","23.910","28"
"71","244488","20220830172000","41","3","彰化縣","社頭鄉","120.635","23.920","80"
"285","244490","20220830172000","362","0","南投縣","南投市","120.650","23.920","329"
"325","244492","20220830172000","473","0","彰化縣","永靖鄉","120.535","23.920","346"
"197","244498","20220830172000","288","0","彰化縣","永靖鄉","120.515","23.915","260"
"598","244499","20220830172000","295","3","彰化縣","永靖鄉","120.520","23.915","537"
"306","244512","20220830172000","410","0","彰化縣","永靖鄉","120.560","23.920","314"
"123","244516","20220830172000","326","0","彰化縣","永靖鄉","120.535","23.925","111"
"1161","244517","20220830172000","1881","0","彰化縣","永靖鄉","120.540","23.925","1145"
"310","244520","20220830172000","151","3","彰化縣","永靖鄉","120.560","23.910","296"
"52","244530","20220830172000","247","0","彰化縣","永靖鄉","120.545","23.910","40"
"71","244534","20220830172000","110","0","彰化縣","田尾鄉","120.530","23.910","101"
"100","244537","20220830172000","509","0","彰化縣","永靖鄉","120.550","23.920","69"
"100","244540","20220830172000","403","0","彰化縣","永靖鄉","120.550","23.925","80"
"106","244544","20220830172000","480","0","彰化縣","永靖鄉","120.505","23.920","83"
"486","244566","20220830172000","77","3","彰化縣","大城鄉","120.285","23.865","506"
"211","244576","20220830172000","53","3","彰化縣","大城鄉","120.290","23.870","202"
"641","244605","20220830172000","618","1","彰化縣","芳苑鄉","120.345","23.910","676"
"44","244609","20220830172000","620","0","彰化縣","芳苑鄉","120.350","23.915","31"
"337","244612","20220830172000","366","0","彰化縣","芳苑鄉","120.350","23.920","388"
"36","244615","20220830172000","37","0","彰化縣","芳苑鄉","120.355","23.925","37"
"277","244624","20220830172000","122","3","彰化縣","芳苑鄉","120.315","23.895","296"
"35","244639","20220830172000","51","0","彰化縣","芳苑鄉","120.305","23.905","35"
"2733","244674","20220830172000","1990","2","南投縣","南投市","120.695","23.900","2711"
"254","244675","20220830172000","133","3","南投縣","南投市","120.685","23.925","220"
"109","244677","20220830172000","116","0","南投縣","南投市","120.695","23.925","105"
"168","244693","20220830172000","327","0","南投縣","南投市","120.680","23.895","167"
"1965","244695","20220830172000","1623","2","南投縣","南投市","120.685","23.900","1861"
"295","244696","20220830172000","307","0","南投縣","南投市","120.690","23.900","289"
"121","244697","20220830172000","92","2","彰化縣","溪州鄉","120.480","23.850","114"
"67","244698","20220830172000","485","0","彰化縣","溪州鄉","120.485","23.850","62"
"953","244700","20220830172000","566","3","彰化縣","溪州鄉","120.495","23.850","859"
"1231","244706","20220830172000","1045","1","南投縣","南投市","120.680","23.910","926"
"288","244716","20220830172000","258","1","南投縣","南投市","120.675","23.900","294"
"175","244717","20220830172000","149","1","南投縣","南投市","120.680","23.905","180"
"1867","244720","20220830172000","1200","3","南投縣","南投市","120.675","23.905","1534"
"28","244738","20220830172000","35","0","南投縣","埔里鎮","120.990","23.925","19"
"154","244739","20220830172000","128","2","南投縣","埔里鎮","120.995","23.925","126"
"101","244741","20220830172000","97","1","南投縣","仁愛鄉","121.010","23.925","140"
"406","244742","20220830172000","573","0","彰化縣","溪州鄉","120.495","23.855","454"
"10","244748","20220830172000","35","0","彰化縣","溪州鄉","120.515","23.850","10"
"57","244772","20220830172000","55","1","南投縣","水里鄉","120.865","23.855","74"
"206","244790","20220830172000","110","3","南投縣","名間鄉","120.675","23.870","206"
"340","244793","20220830172000","237","2","彰化縣","田中鎮","120.625","23.855","319"
"140","244800","20220830172000","68","3","南投縣","名間鄉","120.630","23.855","119"
"186","244806","20220830172000","99","3","南投縣","名間鄉","120.635","23.860","192"
"414","244815","20220830172000","527","0","南投縣","名間鄉","120.705","23.875","558"
"132","244846","20220830172000","74","3","南投縣","名間鄉","120.635","23.880","137"
"435","244854","20220830172000","239","3","南投縣","南投市","120.690","23.910","409"
"589","244855","20220830172000","492","1","南投縣","南投市","120.690","23.915","570"
"335","244860","20220830172000","582","0","南投縣","南投市","120.655","23.915","361"
"910","244865","20220830172000","852","1","南投縣","南投市","120.665","23.920","994"
"506","244867","20220830172000","578","0","南投縣","南投市","120.675","23.920","813"
"508","244868","20220830172000","588","0","南投縣","南投市","120.680","23.920","547"
"1479","244869","20220830172000","791","3","南投縣","南投市","120.670","23.925","1330"
"640","244870","20220830172000","479","2","南投縣","南投市","120.675","23.925","547"
"1448","244872","20220830172000","1083","2","南投縣","南投市","120.685","23.910","1447"
"2310","244873","20220830172000","2396","0","南投縣","南投市","120.685","23.905","2227"
"210","244874","20220830172000","164","2","南投縣","南投市","120.705","23.900","218"
"137","244875","20220830172000","257","0","南投縣","南投市","120.710","23.900","204"
"105","244880","20220830172000","98","1","南投縣","南投市","120.695","23.905","122"
"445","244881","20220830172000","364","2","南投縣","南投市","120.700","23.905","500"
"275","244890","20220830172000","393","0","南投縣","南投市","120.705","23.915","317"
"1089","244893","20220830172000","893","2","彰化縣","溪州鄉","120.495","23.865","1162"
"549","244909","20220830172000","603","0","彰化縣","埤頭鄉","120.460","23.890","552"
"727","244910","20220830172000","581","2","彰化縣","埤頭鄉","120.455","23.895","728"
"546","244911","20220830172000","441","2","彰化縣","埤頭鄉","120.460","23.895","534"
"513","244918","20220830172000","389","2","彰化縣","埤頭鄉","120.495","23.885","479"
"1465","244922","20220830172000","629","3","彰化縣","埤頭鄉","120.495","23.890","1198"
"143","244924","20220830172000","141","1","彰化縣","埤頭鄉","120.480","23.895","146"
"315","244925","20220830172000","296","1","彰化縣","埤頭鄉","120.485","23.895","286"
"647","244953","20220830172000","603","1","彰化縣","北斗鎮","120.515","23.875","662"
"476","244955","20220830172000","275","3","彰化縣","北斗鎮","120.515","23.865","446"
"37","244956","20220830172000","325","0","彰化縣","北斗鎮","120.520","23.865","36"
"574","244958","20220830172000","704","0","彰化縣","北斗鎮","120.520","23.870","512"
"420","244960","20220830172000","398","1","彰化縣","埤頭鄉","120.460","23.850","456"
"42","244961","20220830172000","223","0","彰化縣","埤頭鄉","120.465","23.850","41"
"186","244970","20220830172000","128","2","南投縣","名間鄉","120.645","23.865","159"
"174","244972","20220830172000","205","0","南投縣","名間鄉","120.650","23.870","150"
"887","244974","20220830172000","552","3","南投縣","名間鄉","120.655","23.870","868"
"368","244987","20220830172000","350","1","南投縣","名間鄉","120.670","23.850","391"
"271","244993","20220830172000","297","0","南投縣","名間鄉","120.675","23.855","326"
"544","245005","20220830172000","572","0","南投縣","名間鄉","120.695","23.865","609"
"243","245007","20220830172000","248","0","南投縣","名間鄉","120.685","23.870","239"
"449","245016","20220830172000","207","3","南投縣","名間鄉","120.685","23.880","408"
"147","245017","20220830172000","312","0","南投縣","名間鄉","120.690","23.880","91"
"100","245037","20220830172000","119","0","南投縣","名間鄉","120.705","23.865","128"
"359","245042","20220830172000","287","2","彰化縣","溪州鄉","120.525","23.850","325"
"20","245054","20220830172000","236","0","南投縣","名間鄉","120.705","23.855","19"
"261","245076","20220830172000","35","3","彰化縣","大城鄉","120.295","23.885","265"
"29","245133","20220830172000","170","0","彰化縣","大城鄉","120.330","23.865","22"
"69","245150","20220830172000","218","0","彰化縣","大城鄉","120.295","23.855","75"
"125","245157","20220830172000","161","0","彰化縣","北斗鎮","120.530","23.855","130"
"1033","245161","20220830172000","1007","1","彰化縣","北斗鎮","120.530","23.870","1079"
"280","245165","20220830172000","200","2","彰化縣","北斗鎮","120.545","23.870","271"
"693","245169","20220830172000","398","3","彰化縣","芳苑鄉","120.320","23.920","628"
"89","245184","20220830172000","51","3","南投縣","名間鄉","120.625","23.850","84"
"168","245191","20220830172000","133","2","南投縣","名間鄉","120.690","23.850","152"
"85","245192","20220830172000","306","0","南投縣","名間鄉","120.695","23.850","67"
"1257","245211","20220830172000","287","3","彰化縣","大城鄉","120.290","23.860","1272"
"136","245214","20220830172000","78","3","彰化縣","大城鄉","120.300","23.865","125"
"268","245216","20220830172000","52","3","彰化縣","大城鄉","120.300","23.870","272"
"405","245296","20220830172000","217","3","南投縣","南投市","120.635","23.895","469"
"11","245302","20220830172000","44","0","南投縣","南投市","120.655","23.900","12"
"2222","245305","20220830172000","1499","2","南投縣","南投市","120.660","23.925","2216"
"81","245311","20220830172000","78","1","南投縣","南投市","120.670","23.905","77"
"40","245312","20220830172000","181","0","南投縣","南投市","120.665","23.910","29"
"333","245314","20220830172000","896","0","南投縣","南投市","120.675","23.910","305"
"883","245316","20220830172000","910","0","南投縣","南投市","120.680","23.915","749"
"1489","245320","20220830172000","1600","0","彰化縣","北斗鎮","120.520","23.880","1682"
"663","245325","20220830172000","487","2","彰化縣","北斗鎮","120.530","23.875","589"
"232","245329","20220830172000","182","2","彰化縣","北斗鎮","120.535","23.880","276"
"181","245332","20220830172000","685","0","彰化縣","北斗鎮","120.525","23.870","108"
"596","245335","20220830172000","130","3","彰化縣","大城鄉","120.310","23.875","564"
"332","245353","20220830172000","193","3","彰化縣","大城鄉","120.315","23.870","347"
"315","245376","20220830172000","195","3","彰化縣","北斗鎮","120.510","23.880","280"
"76","245379","20220830172000","259","0","彰化縣","田尾鄉","120.515","23.890","50"
"222","245489","20220830172000","244","0","南投縣","仁愛鄉","120.990","23.905","251"
"46","245503","20220830172000","39","1","南投縣","仁愛鄉","121.005","23.910","49"
"15","245515","20220830172000","14","1","南投縣","埔里鎮","121.010","23.920","16"
"37","245723","20220830172000","35","1","南投縣","仁愛鄉","121.025","23.910","44"
"307","245728","20220830172000","243","2","南投縣","仁愛鄉","121.050","23.910","283"
"45","245748","20220830172000","76","0","南投縣","仁愛鄉","121.030","23.920","71"
"221","246363","20220830172000","399","0","彰化縣","北斗鎮","120.525","23.880","191"
"241","246370","20220830172000","226","1","彰化縣","北斗鎮","120.555","23.855","214"
"1257","246377","20220830172000","1008","2","彰化縣","北斗鎮","120.550","23.865","1231"
"247","246388","20220830172000","193","2","彰化縣","埤頭鄉","120.455","23.850","283"
"714","246394","20220830172000","254","3","彰化縣","二林鎮","120.410","23.920","700"
"54","246402","20220830172000","451","0","彰化縣","二林鎮","120.365","23.895","40"
"600","246404","20220830172000","420","2","彰化縣","二林鎮","120.405","23.895","552"
"131","246436","20220830172000","209","0","彰化縣","芳苑鄉","120.380","23.925","149"
"628","246446","20220830172000","379","3","彰化縣","芳苑鄉","120.330","23.895","595"
"254","246468","20220830172000","165","3","彰化縣","芳苑鄉","120.330","23.915","231"
"299","246471","20220830172000","144","3","彰化縣","芳苑鄉","120.335","23.920","259"
"1051","246472","20220830172000","1225","0","彰化縣","北斗鎮","120.525","23.875","1177"
"149","246476","20220830172000","152","0","彰化縣","北斗鎮","120.560","23.850","190"
"64","246477","20220830172000","65","0","彰化縣","北斗鎮","120.540","23.855","79"
"126","246480","20220830172000","81","3","彰化縣","北斗鎮","120.550","23.855","122"
"540","246488","20220830172000","225","3","彰化縣","北斗鎮","120.535","23.870","439"
"81","246493","20220830172000","107","0","彰化縣","二林鎮","120.395","23.890","101"
"342","246499","20220830172000","271","2","彰化縣","大城鄉","120.315","23.850","363"
"181","246518","20220830172000","213","0","南投縣","南投市","120.670","23.890","174"
"656","246522","20220830172000","491","2","南投縣","南投市","120.690","23.890","619"
"1155","246530","20220830172000","866","2","彰化縣","社頭鄉","120.605","23.915","1149"
"866","246531","20220830172000","462","3","彰化縣","田中鎮","120.585","23.875","835"
"104","246534","20220830172000","190","0","彰化縣","田中鎮","120.575","23.865","95"
"532","246537","20220830172000","331","3","彰化縣","田中鎮","120.575","23.875","470"
"178","246545","20220830172000","147","2","彰化縣","田尾鄉","120.510","23.905","187"
"561","246547","20220830172000","328","3","彰化縣","竹塘鄉","120.415","23.850","523"
"371","246558","20220830172000","381","0","彰化縣","田尾鄉","120.535","23.905","334"
"1591","246566","20220830172000","860","3","彰化縣","社頭鄉","120.580","23.895","1693"
"1681","246568","20220830172000","471","3","彰化縣","社頭鄉","120.580","23.900","1508"
"2020","246569","20220830172000","1207","3","彰化縣","社頭鄉","120.580","23.905","2091"
"75","246573","20220830172000","277","0","彰化縣","田尾鄉","120.525","23.885","52"
"262","246574","20220830172000","291","0","彰化縣","田尾鄉","120.530","23.885","237"
"287","246579","20220830172000","250","1","彰化縣","田尾鄉","120.535","23.890","281"
"956","246581","20220830172000","543","3","彰化縣","田尾鄉","120.535","23.895","810"
"1022","246583","20220830172000","639","3","彰化縣","田尾鄉","120.530","23.900","891"
"39","246608","20220830172000","42","0","彰化縣","社頭鄉","120.620","23.925","30"
"1461","246615","20220830172000","1257","1","彰化縣","竹塘鄉","120.430","23.855","1529"
"543","246618","20220830172000","538","1","彰化縣","竹塘鄉","120.420","23.875","530"
"369","246630","20220830172000","164","3","彰化縣","竹塘鄉","120.375","23.850","273"
"2510","246654","20220830172000","788","3","彰化縣","社頭鄉","120.585","23.900","2569"
"1467","246659","20220830172000","376","3","彰化縣","社頭鄉","120.585","23.890","1373"
"388","246669","20220830172000","192","3","彰化縣","竹塘鄉","120.445","23.860","388"
"81","246687","20220830172000","87","0","南投縣","魚池鄉","120.905","23.850","212"
"879","246711","20220830172000","587","2","南投縣","魚池鄉","120.910","23.860","1172"
"236","246720","20220830172000","195","2","南投縣","魚池鄉","120.900","23.865","374"
"195","246722","20220830172000","202","0","南投縣","魚池鄉","120.910","23.865","225"
"471","246735","20220830172000","319","2","南投縣","魚池鄉","120.925","23.870","567"
"291","246739","20220830172000","290","1","南投縣","魚池鄉","120.935","23.895","314"
"520","246741","20220830172000","448","1","南投縣","魚池鄉","120.935","23.900","616"
"328","246742","20220830172000","305","1","南投縣","魚池鄉","120.940","23.900","385"
"235","246747","20220830172000","259","0","彰化縣","芳苑鄉","120.350","23.900","274"
"298","246748","20220830172000","193","3","彰化縣","二林鎮","120.355","23.900","276"
"205","246749","20220830172000","164","2","彰化縣","芳苑鄉","120.360","23.900","213"
"93","246750","20220830172000","51","3","彰化縣","芳苑鄉","120.345","23.905","86"
"237","246758","20220830172000","207","1","彰化縣","芳苑鄉","120.355","23.920","244"
"289","246770","20220830172000","249","1","彰化縣","芳苑鄉","120.335","23.890","296"
"16","246777","20220830172000","22","0","南投縣","魚池鄉","120.925","23.875","21"
"399","246788","20220830172000","209","3","南投縣","魚池鄉","120.925","23.885","439"
"271","246822","20220830172000","117","3","南投縣","魚池鄉","120.905","23.880","310"
"25","246823","20220830172000","15","3","南投縣","魚池鄉","120.875","23.885","20"
"24","246824","20220830172000","92","0","南投縣","魚池鄉","120.880","23.885","27"
"50","246826","20220830172000","54","0","南投縣","魚池鄉","120.890","23.885","47"
"21","246832","20220830172000","15","2","南投縣","魚池鄉","120.880","23.890","17"
"14","246857","20220830172000","17","0","南投縣","魚池鄉","120.890","23.905","18"
"20","246858","20220830172000","25","0","南投縣","魚池鄉","120.895","23.905","19"
"21","246870","20220830172000","18","1","南投縣","魚池鄉","120.890","23.910","21"
"23","246871","20220830172000","12","3","南投縣","魚池鄉","120.895","23.910","25"
"63","246893","20220830172000","114","0","南投縣","魚池鄉","120.955","23.900","94"
"250","246906","20220830172000","216","1","南投縣","魚池鄉","120.955","23.910","235"
"137","246920","20220830172000","114","2","南投縣","魚池鄉","120.965","23.915","128"
"101","246922","20220830172000","101","1","南投縣","魚池鄉","120.965","23.920","91"
"81","246929","20220830172000","52","3","南投縣","魚池鄉","120.945","23.865","392"
"156","246930","20220830172000","93","3","南投縣","魚池鄉","120.950","23.865","242"
"154","246935","20220830172000","84","3","南投縣","魚池鄉","120.945","23.870","130"
"46","246941","20220830172000","36","2","南投縣","魚池鄉","120.950","23.875","79"
"33","246945","20220830172000","204","0","南投縣","魚池鄉","120.950","23.880","22"
"54","246955","20220830172000","273","0","南投縣","魚池鄉","120.905","23.905","37"
"581","246964","20220830172000","337","3","南投縣","魚池鄉","120.920","23.910","457"
"54","246970","20220830172000","34","3","南投縣","魚池鄉","120.920","23.915","82"
"203","246989","20220830172000","246","0","南投縣","魚池鄉","120.925","23.910","263"
"153","247005","20220830172000","134","1","南投縣","魚池鄉","120.945","23.925","163"
"807","247013","20220830172000","605","2","南投縣","魚池鄉","120.930","23.850","1212"
"17","247024","20220830172000","44","0","南投縣","魚池鄉","120.935","23.855","21"
"471","247088","20220830172000","355","2","南投縣","魚池鄉","120.965","23.890","452"
"96","247100","20220830172000","306","0","南投縣","魚池鄉","120.940","23.895","68"
"66","247117","20220830172000","32","3","彰化縣","竹塘鄉","120.400","23.860","60"
"209","247119","20220830172000","128","3","彰化縣","竹塘鄉","120.410","23.860","198"
"41","247152","20220830172000","33","2","彰化縣","田中鎮","120.570","23.870","56"
"980","247156","20220830172000","666","2","彰化縣","社頭鄉","120.595","23.900","904"
"55","247158","20220830172000","166","0","彰化縣","田尾鄉","120.550","23.890","57"
"97","247160","20220830172000","74","2","彰化縣","田尾鄉","120.555","23.895","75"
"34","247163","20220830172000","271","0","彰化縣","田尾鄉","120.560","23.900","27"
"469","247166","20220830172000","684","0","彰化縣","田尾鄉","120.525","23.905","597"
"38","247170","20220830172000","15","3","彰化縣","田尾鄉","120.520","23.890","52"
"629","247187","20220830172000","735","0","彰化縣","田尾鄉","120.500","23.920","705"
"169","247189","20220830172000","624","0","彰化縣","溪湖鎮","120.475","23.925","137"
"2436","247194","20220830172000","489","3","彰化縣","社頭鄉","120.585","23.895","2540"
"175","247207","20220830172000","188","0","彰化縣","社頭鄉","120.605","23.895","215"
"46","247218","20220830172000","166","0","彰化縣","田尾鄉","120.540","23.885","49"
"529","247222","20220830172000","646","0","彰化縣","田中鎮","120.585","23.865","459"
"256","247224","20220830172000","223","1","彰化縣","田中鎮","120.585","23.850","231"
"35","247227","20220830172000","500","0","彰化縣","田中鎮","120.600","23.855","41"
"1398","247235","20220830172000","1062","2","彰化縣","田中鎮","120.590","23.855","1299"
"117","247238","20220830172000","126","0","彰化縣","田尾鄉","120.530","23.895","100"
"267","247244","20220830172000","199","2","彰化縣","北斗鎮","120.545","23.880","238"
"64","247248","20220830172000","60","1","彰化縣","田尾鄉","120.550","23.885","47"
"379","247250","20220830172000","236","3","彰化縣","田尾鄉","120.560","23.890","323"
"69","247251","20220830172000","90","0","彰化縣","田尾鄉","120.565","23.890","72"
"51","247253","20220830172000","282","0","彰化縣","田尾鄉","120.535","23.900","41"
"152","247259","20220830172000","656","0","彰化縣","田尾鄉","120.550","23.900","103"
"415","247268","20220830172000","410","1","彰化縣","社頭鄉","120.585","23.920","471"
"63","247277","20220830172000","54","1","彰化縣","社頭鄉","120.615","23.885","59"
"497","247283","20220830172000","283","3","彰化縣","社頭鄉","120.610","23.890","479"
"17","247286","20220830172000","11","3","彰化縣","社頭鄉","120.570","23.910","17"
"64","247288","20220830172000","57","1","彰化縣","永靖鄉","120.575","23.915","65"
"89","247290","20220830172000","31","3","彰化縣","永靖鄉","120.575","23.920","71"
"65","247291","20220830172000","299","0","彰化縣","社頭鄉","120.595","23.920","47"
"35","247293","20220830172000","246","0","彰化縣","社頭鄉","120.605","23.920","36"
"769","247305","20220830172000","990","0","彰化縣","北斗鎮","120.570","23.850","835"
"364","247308","20220830172000","275","2","彰化縣","田中鎮","120.575","23.855","396"
"802","247312","20220830172000","742","1","彰化縣","田中鎮","120.605","23.855","780"
"1041","247316","20220830172000","1051","0","彰化縣","田中鎮","120.580","23.860","826"
"403","247328","20220830172000","345","1","彰化縣","社頭鄉","120.575","23.900","411"
"446","247336","20220830172000","282","3","彰化縣","社頭鄉","120.610","23.905","375"
"44","247347","20220830172000","49","0","彰化縣","社頭鄉","120.630","23.905","91"
"683","247352","20220830172000","527","2","彰化縣","田中鎮","120.560","23.865","637"
"61","247353","20220830172000","136","0","彰化縣","田中鎮","120.565","23.865","95"
"362","247359","20220830172000","312","1","彰化縣","田中鎮","120.590","23.865","186"
"419","247361","20220830172000","546","0","彰化縣","田中鎮","120.585","23.870","461"
"382","247365","20220830172000","343","1","彰化縣","田中鎮","120.585","23.860","351"
"304","247366","20220830172000","166","3","彰化縣","田中鎮","120.570","23.875","268"
"20","247367","20220830172000","219","0","彰化縣","田中鎮","120.560","23.880","18"
"262","247377","20220830172000","214","2","彰化縣","田中鎮","120.605","23.870","228"
"86","247383","20220830172000","114","0","彰化縣","田中鎮","120.605","23.875","109"
"210","247399","20220830172000","154","2","彰化縣","田中鎮","120.595","23.855","188"
"80","247400","20220830172000","218","0","彰化縣","田中鎮","120.590","23.860","72"
"611","247403","20220830172000","229","3","彰化縣","社頭鄉","120.590","23.900","575"
"902","247409","20220830172000","220","3","彰化縣","社頭鄉","120.585","23.885","892"
"144","247637","20220830172000","87","3","花蓮縣","壽豐鄉","121.610","23.920","227"
"253","252412","20220830172000","152","3","花蓮縣","花蓮市","121.640","23.995","302"
"58","252926","20220830172000","27","3","臺中市","霧峰區","120.705","24.010","39"
"176","253141","20220830172000","116","3","花蓮縣","秀林鄉","121.505","23.945","213"
"247","253374","20220830172000","231","1","花蓮縣","秀林鄉","121.555","24.005","260"
"332","253376","20220830172000","176","3","花蓮縣","新城鄉","121.615","24.005","306"
"264","253382","20220830172000","306","0","花蓮縣","吉安鄉","121.580","23.925","293"
"414","253393","20220830172000","352","1","花蓮縣","吉安鄉","121.585","23.930","456"
"294","253400","20220830172000","104","3","花蓮縣","吉安鄉","121.580","23.935","186"
"1242","253410","20220830172000","667","3","花蓮縣","吉安鄉","121.595","23.940","1498"
"642","253413","20220830172000","382","3","花蓮縣","吉安鄉","121.575","23.945","700"
"1357","253414","20220830172000","1103","2","花蓮縣","吉安鄉","121.585","23.975","1358"
"227","253433","20220830172000","249","0","花蓮縣","吉安鄉","121.550","23.945","244"
"165","253436","20220830172000","125","2","花蓮縣","吉安鄉","121.525","23.945","203"
"37","253450","20220830172000","56","0","花蓮縣","吉安鄉","121.580","23.950","40"
"1127","253452","20220830172000","867","2","花蓮縣","吉安鄉","121.590","23.950","1109"
"542","253454","20220830172000","593","0","花蓮縣","吉安鄉","121.590","23.955","570"
"449","253457","20220830172000","448","1","花蓮縣","吉安鄉","121.590","23.945","434"
"538","253463","20220830172000","334","3","花蓮縣","吉安鄉","121.600","23.945","567"
"759","253470","20220830172000","911","0","花蓮縣","吉安鄉","121.590","23.965","796"
"904","253471","20220830172000","617","2","花蓮縣","吉安鄉","121.590","23.970","928"
"2337","253472","20220830172000","1648","2","花蓮縣","花蓮市","121.590","23.975","2414"
"1133","253475","20220830172000","828","2","花蓮縣","吉安鄉","121.590","23.980","1137"
"555","253477","20220830172000","410","2","花蓮縣","吉安鄉","121.585","23.985","599"
"324","253478","20220830172000","355","0","花蓮縣","吉安鄉","121.585","23.980","333"
"1102","253479","20220830172000","795","2","花蓮縣","花蓮市","121.600","23.985","1053"
"351","253480","20220830172000","579","0","花蓮縣","吉安鄉","121.580","23.985","387"
"642","253481","20220830172000","474","2","花蓮縣","吉安鄉","121.585","23.990","702"
"2095","253482","20220830172000","2109","0","花蓮縣","花蓮市","121.595","23.990","2075"
"1723","253484","20220830172000","1120","3","花蓮縣","吉安鄉","121.580","23.970","1785"
"615","253485","20220830172000","767","0","花蓮縣","吉安鄉","121.585","23.970","569"
"103","253506","20220830172000","161","0","花蓮縣","吉安鄉","121.570","23.965","93"
"391","253507","20220830172000","424","0","花蓮縣","吉安鄉","121.575","23.965","393"
"443","253508","20220830172000","362","2","花蓮縣","吉安鄉","121.565","23.970","444"
"127","253517","20220830172000","146","0","花蓮縣","吉安鄉","121.560","23.975","121"
"1372","253520","20220830172000","1023","2","花蓮縣","吉安鄉","121.580","23.975","1406"
"471","253542","20220830172000","462","1","花蓮縣","吉安鄉","121.555","23.990","477"
"92","253545","20220830172000","168","0","花蓮縣","吉安鄉","121.570","23.990","91"
"27","253550","20220830172000","18","3","花蓮縣","吉安鄉","121.555","23.995","31"
"329","253552","20220830172000","273","2","花蓮縣","吉安鄉","121.570","23.975","357"
"644","253554","20220830172000","389","3","花蓮縣","吉安鄉","121.565","23.980","629"
"1193","253555","20220830172000","933","2","花蓮縣","吉安鄉","121.570","23.980","1278"
"373","253556","20220830172000","413","0","花蓮縣","吉安鄉","121.575","23.980","341"
"62","253557","20220830172000","57","1","花蓮縣","吉安鄉","121.555","23.985","62"
"519","253559","20220830172000","298","3","花蓮縣","吉安鄉","121.565","23.985","579"
"423","253561","20220830172000","328","2","花蓮縣","吉安鄉","121.605","23.955","378"
"614","253562","20220830172000","351","3","花蓮縣","吉安鄉","121.595","23.960","585"
"402","253563","20220830172000","510","0","花蓮縣","吉安鄉","121.600","23.960","405"
"1416","253565","20220830172000","1172","2","花蓮縣","吉安鄉","121.595","23.965","1442"
"408","253569","20220830172000","510","0","花蓮縣","吉安鄉","121.575","23.985","434"
"330","253575","20220830172000","296","1","花蓮縣","吉安鄉","121.570","23.940","325"
"590","253584","20220830172000","496","1","花蓮縣","吉安鄉","121.560","23.950","601"
"799","253594","20220830172000","854","0","花蓮縣","吉安鄉","121.550","23.965","818"
"54","253595","20220830172000","35","3","花蓮縣","吉安鄉","121.555","23.965","57"
"662","253596","20220830172000","441","3","花蓮縣","吉安鄉","121.560","23.965","671"
"930","253597","20220830172000","575","3","花蓮縣","吉安鄉","121.565","23.965","958"
"374","253603","20220830172000","271","2","花蓮縣","吉安鄉","121.560","23.970","367"
"412","253608","20220830172000","292","2","花蓮縣","吉安鄉","121.580","23.955","468"
"734","253609","20220830172000","617","1","花蓮縣","吉安鄉","121.570","23.960","784"
"379","253611","20220830172000","292","2","花蓮縣","吉安鄉","121.580","23.960","495"
"305","253627","20220830172000","393","0","花蓮縣","吉安鄉","121.535","23.930","352"
"20","253641","20220830172000","37","0","花蓮縣","壽豐鄉","121.605","23.925","27"
"780","253648","20220830172000","501","3","花蓮縣","花蓮市","121.625","23.985","712"
"1047","253649","20220830172000","1104","0","花蓮縣","花蓮市","121.620","24.005","1008"
"60","253650","20220830172000","50","2","彰化縣","二林鎮","120.420","23.955","66"
"62","253656","20220830172000","72","0","彰化縣","二林鎮","120.415","23.965","88"
"333","253670","20220830172000","359","0","彰化縣","二林鎮","120.440","23.930","299"
"2361","253672","20220830172000","1470","3","彰化縣","員林鎮","120.580","23.955","2018"
"450","253673","20220830172000","621","0","彰化縣","員林鎮","120.585","23.955","580"
"418","253675","20220830172000","791","0","彰化縣","員林鎮","120.565","23.950","405"
"441","253677","20220830172000","398","1","彰化縣","埔心鄉","120.560","23.940","423"
"702","253681","20220830172000","713","0","彰化縣","員林鎮","120.565","23.945","766"
"13","253686","20220830172000","13","1","彰化縣","員林鎮","120.610","23.980","74"
"2282","253688","20220830172000","1843","2","彰化縣","員林鎮","120.570","23.960","2148"
"4148","253689","20220830172000","3584","1","彰化縣","員林鎮","120.570","23.955","4095"
"200","253764","20220830172000","163","2","花蓮縣","秀林鄉","121.505","23.960","233"
"160","253789","20220830172000","78","3","花蓮縣","秀林鄉","121.495","23.965","139"
"2115","254233","20220830172000","3482","0","花蓮縣","花蓮市","121.605","23.975","2330"
"2762","254234","20220830172000","1963","2","花蓮縣","花蓮市","121.600","23.975","2803"
"1817","254236","20220830172000","1780","1","花蓮縣","花蓮市","121.625","23.990","1699"
"1557","254237","20220830172000","1432","1","花蓮縣","花蓮市","121.630","23.985","1626"
"1491","254238","20220830172000","1360","1","花蓮縣","花蓮市","121.630","23.990","1655"
"1947","254240","20220830172000","1673","1","花蓮縣","花蓮市","121.635","23.995","1961"
"67","254242","20220830172000","44","3","南投縣","國姓鄉","120.880","23.970","57"
"55","254247","20220830172000","261","0","南投縣","國姓鄉","120.875","23.975","53"
"20","254256","20220830172000","48","0","南投縣","國姓鄉","120.885","23.980","20"
"204","254260","20220830172000","199","1","南投縣","國姓鄉","120.870","23.985","188"
"53","254328","20220830172000","56","0","南投縣","國姓鄉","120.830","23.945","60"
"74","254335","20220830172000","37","3","南投縣","國姓鄉","120.865","23.945","41"
"17","254346","20220830172000","76","0","南投縣","國姓鄉","120.865","23.950","32"
"34","254349","20220830172000","33","1","南投縣","中寮鄉","120.830","23.955","39"
"30","254374","20220830172000","30","1","南投縣","國姓鄉","120.860","23.960","32"
"88","254379","20220830172000","28","3","南投縣","中寮鄉","120.835","23.965","101"
"282","254397","20220830172000","148","3","南投縣","國姓鄉","120.865","23.975","296"
"680","254400","20220830172000","546","2","南投縣","埔里鎮","120.970","23.955","736"
"754","254401","20220830172000","440","3","南投縣","埔里鎮","120.990","23.945","737"
"1472","254411","20220830172000","2136","0","南投縣","埔里鎮","120.975","23.955","1425"
"1828","254415","20220830172000","1390","2","南投縣","埔里鎮","120.975","23.960","1902"
"186","254447","20220830172000","176","1","南投縣","埔里鎮","120.925","23.940","202"
"18","254450","20220830172000","34","0","南投縣","埔里鎮","120.940","23.940","66"
"209","254465","20220830172000","262","0","南投縣","埔里鎮","120.915","23.950","223"
"245","254467","20220830172000","1013","0","南投縣","埔里鎮","120.925","23.950","225"
"439","254470","20220830172000","275","3","南投縣","埔里鎮","120.940","23.950","441"
"66","254477","20220830172000","74","0","南投縣","埔里鎮","120.930","23.955","75"
"451","254481","20220830172000","543","0","南投縣","埔里鎮","120.915","23.955","400"
"27","254490","20220830172000","216","0","南投縣","埔里鎮","120.980","23.935","16"
"47","254499","20220830172000","64","0","南投縣","埔里鎮","120.995","23.940","63"
"117","254504","20220830172000","371","0","南投縣","埔里鎮","120.970","23.945","85"
"90","254506","20220830172000","284","0","南投縣","埔里鎮","120.980","23.945","71"
"654","254510","20220830172000","385","3","南投縣","埔里鎮","120.965","23.950","686"
"582","254512","20220830172000","526","1","南投縣","埔里鎮","120.975","23.950","487"
"2445","254517","20220830172000","1801","2","南投縣","埔里鎮","120.970","23.970","2432"
"421","254519","20220830172000","197","3","南投縣","埔里鎮","120.975","23.975","358"
"55","254520","20220830172000","114","0","南投縣","埔里鎮","120.970","23.980","48"
"240","254538","20220830172000","137","3","南投縣","中寮鄉","120.790","23.945","262"
"877","254550","20220830172000","1697","0","南投縣","埔里鎮","120.970","23.965","834"
"452","254560","20220830172000","271","3","南投縣","埔里鎮","120.945","23.960","387"
"32","254571","20220830172000","212","0","南投縣","埔里鎮","120.930","23.970","25"
"328","254589","20220830172000","374","0","南投縣","埔里鎮","120.955","24.005","409"
"1122","254592","20220830172000","829","2","南投縣","埔里鎮","120.965","23.955","993"
"25","254599","20220830172000","27","0","南投縣","埔里鎮","120.915","23.990","28"
"592","254621","20220830172000","480","2","南投縣","埔里鎮","120.960","23.960","603"
"324","254622","20220830172000","154","3","南投縣","埔里鎮","120.965","23.960","258"
"148","254624","20220830172000","1049","0","南投縣","埔里鎮","120.955","23.965","112"
"38","254626","20220830172000","43","0","南投縣","埔里鎮","120.955","23.970","45"
"166","254627","20220830172000","677","0","南投縣","埔里鎮","120.960","23.970","116"
"532","254629","20220830172000","548","0","南投縣","埔里鎮","120.955","23.975","584"
"957","254633","20220830172000","696","2","南投縣","埔里鎮","120.980","23.980","834"
"60","254641","20220830172000","205","0","南投縣","埔里鎮","120.955","23.955","53"
"482","254658","20220830172000","316","3","南投縣","埔里鎮","120.980","23.990","469"
"328","254675","20220830172000","182","3","南投縣","埔里鎮","120.960","24.000","271"
"29","254680","20220830172000","33","0","南投縣","埔里鎮","120.985","24.000","33"
"260","254705","20220830172000","280","0","南投縣","埔里鎮","120.970","24.005","321"
"184","254706","20220830172000","164","1","南投縣","埔里鎮","120.975","24.005","191"
"535","254712","20220830172000","503","1","花蓮縣","花蓮市","121.610","23.970","565"
"1216","254713","20220830172000","895","2","花蓮縣","花蓮市","121.600","23.965","1245"
"960","254714","20220830172000","757","2","花蓮縣","花蓮市","121.610","23.985","934"
"1869","254716","20220830172000","1388","2","花蓮縣","花蓮市","121.605","23.980","1809"
"1622","254717","20220830172000","1330","2","花蓮縣","花蓮市","121.600","23.980","1603"
"1186","254719","20220830172000","1419","0","花蓮縣","花蓮市","121.605","23.985","1147"
"38","254721","20220830172000","193","0","花蓮縣","花蓮市","121.600","23.970","44"
"1379","254723","20220830172000","1468","0","花蓮縣","花蓮市","121.605","23.970","1434"
"55","254728","20220830172000","153","0","花蓮縣","花蓮市","121.615","23.985","55"
"1148","254729","20220830172000","1088","1","花蓮縣","花蓮市","121.620","24.000","1022"
"1296","254730","20220830172000","1265","1","花蓮縣","花蓮市","121.625","23.995","1299"
"1084","254732","20220830172000","739","2","花蓮縣","花蓮市","121.615","23.975","1128"
"555","254733","20220830172000","624","0","花蓮縣","花蓮市","121.615","23.980","526"
"2035","254735","20220830172000","1593","2","花蓮縣","吉安鄉","121.590","23.985","2060"
"164","254742","20220830172000","798","0","花蓮縣","花蓮市","121.610","24.005","172"
"39","254743","20220830172000","244","0","花蓮縣","吉安鄉","121.580","23.990","51"
"966","254745","20220830172000","922","1","花蓮縣","吉安鄉","121.590","23.990","949"
"441","254746","20220830172000","378","1","花蓮縣","花蓮市","121.585","23.995","324"
"564","254747","20220830172000","614","0","花蓮縣","花蓮市","121.590","23.995","577"
"2084","254748","20220830172000","2501","0","花蓮縣","花蓮市","121.595","23.995","2131"
"473","254754","20220830172000","419","1","花蓮縣","花蓮市","121.590","24.005","466"
"1190","254756","20220830172000","910","2","花蓮縣","花蓮市","121.595","23.970","1147"
"630","254757","20220830172000","642","0","花蓮縣","花蓮市","121.595","23.975","634"
"2666","254766","20220830172000","2114","2","彰化縣","員林鎮","120.570","23.970","2563"
"569","254767","20220830172000","437","2","彰化縣","員林鎮","120.575","23.970","526"
"851","254769","20220830172000","727","1","花蓮縣","花蓮市","121.610","23.975","934"
"2949","254770","20220830172000","1919","3","花蓮縣","花蓮市","121.610","23.980","2987"
"781","254771","20220830172000","516","3","花蓮縣","花蓮市","121.615","24.000","715"
"45","254772","20220830172000","45","1","花蓮縣","花蓮市","121.560","24.000","31"
"193","254777","20220830172000","298","0","花蓮縣","花蓮市","121.575","24.005","159"
"2420","254779","20220830172000","1899","2","花蓮縣","花蓮市","121.600","23.990","2492"
"666","254780","20220830172000","633","1","花蓮縣","花蓮市","121.610","23.990","704"
"2644","254781","20220830172000","3413","0","花蓮縣","花蓮市","121.605","23.990","2617"
"639","254782","20220830172000","370","3","花蓮縣","花蓮市","121.605","23.995","543"
"2138","254783","20220830172000","1534","2","花蓮縣","吉安鄉","121.575","23.990","2154"
"1204","254784","20220830172000","1427","0","花蓮縣","吉安鄉","121.565","23.995","1209"
"313","254785","20220830172000","325","0","花蓮縣","花蓮市","121.570","23.995","265"
"660","254786","20220830172000","625","1","花蓮縣","花蓮市","121.575","23.995","292"
"942","254789","20220830172000","859","1","花蓮縣","吉安鄉","121.595","23.985","933"
"2181","254790","20220830172000","1391","3","花蓮縣","花蓮市","121.600","23.995","2126"
"21","254798","20220830172000","64","0","南投縣","中寮鄉","120.745","23.935","19"
"33","254887","20220830172000","115","0","南投縣","中寮鄉","120.780","23.945","34"
"270","254901","20220830172000","208","2","南投縣","中寮鄉","120.765","23.940","264"
"131","254913","20220830172000","182","0","彰化縣","員林鎮","120.550","23.975","165"
"649","254920","20220830172000","533","2","彰化縣","員林鎮","120.580","23.935","577"
"86","254922","20220830172000","105","0","彰化縣","員林鎮","120.575","23.940","65"
"179","254925","20220830172000","216","0","彰化縣","員林鎮","120.580","23.945","216"
"255","254926","20220830172000","437","0","彰化縣","員林鎮","120.575","23.945","236"
"904","254940","20220830172000","868","1","花蓮縣","花蓮市","121.620","23.985","915"
"770","254941","20220830172000","816","0","花蓮縣","花蓮市","121.615","23.990","786"
"1283","254942","20220830172000","1145","1","花蓮縣","花蓮市","121.620","23.990","1305"
"55","254945","20220830172000","79","0","花蓮縣","花蓮市","121.630","23.995","88"
"123","254950","20220830172000","108","1","花蓮縣","花蓮市","121.645","24.005","147"
"466","254952","20220830172000","465","1","彰化縣","埔心鄉","120.520","23.965","522"
"40","254964","20220830172000","107","0","彰化縣","芳苑鄉","120.325","23.940","46"
"323","254974","20220830172000","211","3","彰化縣","芳苑鄉","120.330","23.940","346"
"1905","255019","20220830172000","1167","3","彰化縣","員林鎮","120.565","23.965","1813"
"305","255021","20220830172000","669","0","彰化縣","員林鎮","120.600","23.965","238"
"118","255024","20220830172000","75","3","彰化縣","員林鎮","120.610","23.970","110"
"261","255030","20220830172000","285","0","彰化縣","埔心鄉","120.530","23.940","328"
"47","255038","20220830172000","546","0","彰化縣","埔鹽鄉","120.480","23.990","39"
"634","255039","20220830172000","220","3","彰化縣","埔鹽鄉","120.500","23.975","339"
"118","255044","20220830172000","165","0","南投縣","南投市","120.700","23.930","91"
"295","255046","20220830172000","222","2","南投縣","南投市","120.635","23.935","332"
"176","255053","20220830172000","136","2","南投縣","南投市","120.635","23.945","188"
"1256","255063","20220830172000","756","3","彰化縣","永靖鄉","120.555","23.935","1005"
"91","255064","20220830172000","395","0","彰化縣","永靖鄉","120.560","23.930","76"
"336","255065","20220830172000","382","0","彰化縣","員林鎮","120.555","23.960","379"
"333","255068","20220830172000","169","3","彰化縣","員林鎮","120.560","23.965","284"
"471","255069","20220830172000","369","2","彰化縣","員林鎮","120.555","23.970","408"
"1444","255073","20220830172000","1263","1","南投縣","南投市","120.690","23.945","1356"
"1282","255074","20220830172000","967","2","南投縣","南投市","120.690","23.950","1162"
"62","255075","20220830172000","186","0","南投縣","南投市","120.685","23.950","55"
"92","255078","20220830172000","236","0","南投縣","南投市","120.675","23.945","79"
"88","255079","20220830172000","436","0","南投縣","南投市","120.680","23.945","79"
"185","255081","20220830172000","113","3","南投縣","草屯鎮","120.675","23.950","152"
"765","255088","20220830172000","667","1","南投縣","南投市","120.660","23.935","719"
"623","255092","20220830172000","659","0","南投縣","南投市","120.665","23.940","623"
"272","255094","20220830172000","168","3","南投縣","南投市","120.650","23.945","258"
"32","255100","20220830172000","153","0","南投縣","南投市","120.655","23.950","27"
"85","255107","20220830172000","219","0","南投縣","南投市","120.650","23.955","109"
"402","255130","20220830172000","240","3","彰化縣","芳苑鄉","120.315","23.930","400"
"35","255153","20220830172000","165","0","彰化縣","芳苑鄉","120.380","23.940","23"
"858","255158","20220830172000","514","3","彰化縣","芳苑鄉","120.380","23.955","848"
"224","255176","20220830172000","432","0","彰化縣","埔心鄉","120.555","23.940","188"
"1213","255177","20220830172000","1321","0","彰化縣","埔心鄉","120.540","23.950","1222"
"86","255178","20220830172000","551","0","彰化縣","埔心鄉","120.545","23.950","69"
"96","255179","20220830172000","59","3","彰化縣","埔心鄉","120.540","23.955","75"
"243","255199","20220830172000","201","2","彰化縣","二林鎮","120.420","23.950","263"
"301","255210","20220830172000","446","0","彰化縣","永靖鄉","120.550","23.930","334"
"323","255220","20220830172000","302","1","彰化縣","大村鄉","120.585","23.990","282"
"464","255222","20220830172000","670","0","彰化縣","大村鄉","120.580","23.995","551"
"35","255223","20220830172000","36","0","彰化縣","大村鄉","120.585","23.995","24"
"86","255227","20220830172000","128","0","彰化縣","大村鄉","120.590","23.995","95"
"27","255228","20220830172000","101","0","彰化縣","大村鄉","120.595","23.995","35"
"31","255229","20220830172000","184","0","彰化縣","大村鄉","120.600","23.995","22"
"35","255230","20220830172000","44","0","彰化縣","大村鄉","120.605","23.995","32"
"408","255232","20220830172000","1263","0","彰化縣","大村鄉","120.595","24.000","424"
"581","255234","20220830172000","510","1","彰化縣","大村鄉","120.570","23.975","571"
"520","255238","20220830172000","419","2","彰化縣","大村鄉","120.535","24.000","567"
"42","255239","20220830172000","166","0","彰化縣","大村鄉","120.540","24.000","30"
"80","255251","20220830172000","192","0","彰化縣","埔心鄉","120.515","23.970","269"
"141","255257","20220830172000","86","3","彰化縣","埔心鄉","120.540","23.965","120"
"255","255261","20220830172000","242","1","彰化縣","埔心鄉","120.555","23.950","341"
"354","255262","20220830172000","347","1","彰化縣","埔心鄉","120.550","23.955","336"
"457","255263","20220830172000","356","2","彰化縣","埔心鄉","120.555","23.955","432"
"36","255264","20220830172000","329","0","彰化縣","埔心鄉","120.545","23.960","22"
"880","255265","20220830172000","127","3","彰化縣","埔心鄉","120.560","23.945","1083"
"378","255266","20220830172000","267","2","彰化縣","埔心鄉","120.550","23.945","412"
"561","255267","20220830172000","410","2","彰化縣","埔心鄉","120.555","23.945","519"
"102","255273","20220830172000","79","2","彰化縣","埔心鄉","120.515","23.940","102"
"317","255276","20220830172000","200","3","彰化縣","埔心鄉","120.525","23.950","287"
"1182","255277","20220830172000","874","2","彰化縣","埔心鄉","120.525","23.945","1164"
"593","255284","20220830172000","299","3","彰化縣","埔心鄉","120.520","23.945","381"
"528","255287","20220830172000","422","2","彰化縣","埔心鄉","120.515","23.950","667"
"208","255292","20220830172000","394","0","南投縣","埔里鎮","120.935","23.995","166"
"158","255303","20220830172000","125","2","南投縣","埔里鎮","120.945","24.000","81"
"231","255308","20220830172000","189","2","南投縣","埔里鎮","120.940","24.005","250"
"238","255309","20220830172000","373","0","南投縣","埔里鎮","120.945","24.005","216"
"445","255312","20220830172000","394","1","彰化縣","溪湖鎮","120.495","23.965","404"
"237","255322","20220830172000","530","0","彰化縣","溪湖鎮","120.510","23.970","676"
"955","255326","20220830172000","589","3","彰化縣","大村鄉","120.545","23.995","1047"
"593","255337","20220830172000","378","3","彰化縣","大村鄉","120.555","24.000","491"
"748","255339","20220830172000","752","0","彰化縣","大村鄉","120.550","24.005","849"
"22","255342","20220830172000","20","1","彰化縣","大村鄉","120.565","23.995","19"
"82","255345","20220830172000","390","0","彰化縣","大村鄉","120.580","24.000","47"
"370","255351","20220830172000","113","3","彰化縣","大村鄉","120.585","24.000","251"
"440","255359","20220830172000","291","3","彰化縣","大村鄉","120.550","23.980","412"
"1265","255361","20220830172000","1270","0","彰化縣","大村鄉","120.565","23.980","1514"
"929","255365","20220830172000","371","3","彰化縣","大村鄉","120.540","23.975","698"
"89","255366","20220830172000","88","1","彰化縣","大村鄉","120.520","23.980","79"
"67","255371","20220830172000","134","0","彰化縣","芳苑鄉","120.355","23.935","42"
"289","255379","20220830172000","111","3","彰化縣","芳苑鄉","120.365","23.940","315"
"105","255396","20220830172000","251","0","彰化縣","芳苑鄉","120.350","23.975","94"
"549","255400","20220830172000","216","3","彰化縣","芳苑鄉","120.345","23.980","552"
"293","255443","20220830172000","213","2","彰化縣","芳苑鄉","120.390","23.980","286"
"120","255448","20220830172000","91","2","彰化縣","芳苑鄉","120.385","23.985","125"
"1239","255463","20220830172000","1307","0","南投縣","埔里鎮","120.975","23.970","1337"
"104","255464","20220830172000","309","0","彰化縣","埔心鄉","120.560","23.950","78"
"14","255465","20220830172000","100","0","彰化縣","埔心鄉","120.560","23.955","23"
"443","255466","20220830172000","446","0","南投縣","南投市","120.695","23.940","496"
"434","255472","20220830172000","543","0","南投縣","南投市","120.695","23.945","447"
"34","255475","20220830172000","40","0","南投縣","南投市","120.700","23.950","40"
"1169","255480","20220830172000","827","2","南投縣","南投市","120.695","23.950","628"
"519","255482","20220830172000","495","1","南投縣","南投市","120.690","23.955","537"
"93","255490","20220830172000","244","0","南投縣","南投市","120.690","23.930","72"
"1062","255491","20220830172000","629","3","南投縣","南投市","120.695","23.930","1036"
"247","255494","20220830172000","517","0","南投縣","南投市","120.690","23.935","247"
"1086","255496","20220830172000","662","3","南投縣","南投市","120.700","23.935","1037"
"50","255498","20220830172000","484","0","南投縣","南投市","120.710","23.935","72"
"334","255525","20220830172000","728","0","彰化縣","芳苑鄉","120.335","23.960","329"
"132","255535","20220830172000","78","3","彰化縣","芳苑鄉","120.360","23.970","108"
"162","255545","20220830172000","126","2","彰化縣","二林鎮","120.385","23.945","149"
"116","255549","20220830172000","137","0","彰化縣","芳苑鄉","120.385","23.955","144"
"116","255550","20220830172000","94","2","彰化縣","芳苑鄉","120.390","23.955","121"
"174","255551","20220830172000","150","1","彰化縣","芳苑鄉","120.395","23.955","181"
"111","255559","20220830172000","110","1","彰化縣","芳苑鄉","120.385","23.970","94"
"84","255593","20220830172000","67","2","南投縣","國姓鄉","120.855","23.995","74"
"384","255626","20220830172000","223","3","南投縣","國姓鄉","120.840","24.005","363"
"84","255633","20220830172000","319","0","南投縣","國姓鄉","120.815","24.000","86"
"19","255636","20220830172000","87","0","南投縣","國姓鄉","120.815","24.005","165"
"56","255646","20220830172000","318","0","南投縣","埔里鎮","120.955","23.995","38"
"1012","255647","20220830172000","311","3","南投縣","埔里鎮","120.960","23.965","782"
"50","255663","20220830172000","232","0","南投縣","埔里鎮","121.000","23.955","25"
"188","255680","20220830172000","203","0","南投縣","埔里鎮","121.000","23.965","216"
"1219","255708","20220830172000","1002","2","南投縣","埔里鎮","120.995","23.975","1116"
"268","255724","20220830172000","201","2","南投縣","埔里鎮","121.005","23.980","275"
"71","255748","20220830172000","184","0","南投縣","埔里鎮","121.020","23.990","135"
"195","255778","20220830172000","145","2","南投縣","仁愛鄉","121.040","24.000","266"
"60","255784","20220830172000","50","2","南投縣","埔里鎮","121.055","24.000","66"
"1252","255785","20220830172000","1409","0","南投縣","埔里鎮","120.965","23.965","1389"
"147","255786","20220830172000","64","3","南投縣","埔里鎮","120.965","23.970","86"
"372","255794","20220830172000","236","3","南投縣","埔里鎮","120.990","23.930","322"
"804","255798","20220830172000","507","3","彰化縣","埔鹽鄉","120.485","24.005","742"
"694","255803","20220830172000","467","2","彰化縣","埔鹽鄉","120.475","23.995","696"
"1174","255804","20220830172000","566","3","彰化縣","埔鹽鄉","120.480","23.995","988"
"324","255810","20220830172000","195","3","彰化縣","埔鹽鄉","120.455","24.010","313"
"39","255814","20220830172000","418","0","彰化縣","埔鹽鄉","120.430","23.980","40"
"301","255817","20220830172000","259","1","彰化縣","埔鹽鄉","120.445","23.960","316"
"446","255822","20220830172000","152","3","彰化縣","埔鹽鄉","120.440","23.975","436"
"777","255835","20220830172000","618","2","彰化縣","埔鹽鄉","120.465","24.000","747"
"194","255836","20220830172000","137","2","彰化縣","埔鹽鄉","120.460","24.005","206"
"575","255841","20220830172000","431","2","彰化縣","花壇鄉","120.575","24.005","630"
"25","255845","20220830172000","126","0","彰化縣","花壇鄉","120.585","24.010","14"
"313","255861","20220830172000","110","3","彰化縣","埔鹽鄉","120.450","23.985","316"
"52","255868","20220830172000","310","0","彰化縣","埔鹽鄉","120.445","23.985","55"
"372","255875","20220830172000","228","3","彰化縣","埔鹽鄉","120.465","23.970","340"
"18","255887","20220830172000","10","3","彰化縣","埔鹽鄉","120.495","23.985","18"
"192","255894","20220830172000","207","0","彰化縣","埔鹽鄉","120.490","23.990","212"
"54","255901","20220830172000","224","0","彰化縣","埔鹽鄉","120.490","23.975","44"
"114","255903","20220830172000","506","0","彰化縣","埔鹽鄉","120.480","23.980","71"
"545","255912","20220830172000","532","1","彰化縣","大村鄉","120.530","23.990","624"
"780","255913","20220830172000","498","3","彰化縣","大村鄉","120.535","23.990","641"
"839","255917","20220830172000","893","0","彰化縣","大村鄉","120.555","23.990","895"
"487","255920","20220830172000","883","0","彰化縣","大村鄉","120.575","23.985","414"
"257","255921","20220830172000","301","0","彰化縣","大村鄉","120.580","23.985","302"
"264","255923","20220830172000","351","0","彰化縣","大村鄉","120.590","23.985","305"
"65","255924","20220830172000","61","1","彰化縣","大村鄉","120.595","23.985","78"
"167","255941","20220830172000","153","1","彰化縣","大村鄉","120.540","23.980","197"
"298","255950","20220830172000","331","0","彰化縣","大村鄉","120.510","23.985","406"
"385","255953","20220830172000","210","3","彰化縣","大村鄉","120.520","23.985","326"
"351","255956","20220830172000","1268","0","彰化縣","大村鄉","120.560","23.990","255"
"71","255962","20220830172000","66","1","彰化縣","埔鹽鄉","120.430","23.995","79"
"439","255975","20220830172000","209","3","彰化縣","埔鹽鄉","120.420","23.990","479"
"153","255987","20220830172000","435","0","彰化縣","埔鹽鄉","120.450","24.005","140"
"329","256002","20220830172000","593","0","南投縣","埔里鎮","120.945","23.965","411"
"302","256004","20220830172000","1214","0","南投縣","埔里鎮","120.945","23.970","211"
"72","256025","20220830172000","59","2","南投縣","埔里鎮","120.890","23.955","76"
"933","256042","20220830172000","1113","0","南投縣","埔里鎮","120.945","23.975","847"
"781","256043","20220830172000","457","3","南投縣","埔里鎮","120.925","23.980","693"
"82","256061","20220830172000","60","2","彰化縣","員林鎮","120.605","23.950","62"
"859","256062","20220830172000","783","1","彰化縣","員林鎮","120.605","23.955","998"
"142","256063","20220830172000","457","0","南投縣","南投市","120.670","23.930","104"
"79","256065","20220830172000","307","0","南投縣","南投市","120.675","23.935","67"
"31","256071","20220830172000","29","1","南投縣","南投市","120.730","23.930","33"
"783","256085","20220830172000","655","1","南投縣","南投市","120.660","23.930","787"
"590","256086","20220830172000","442","2","南投縣","南投市","120.665","23.930","547"
"471","256089","20220830172000","424","1","南投縣","南投市","120.670","23.940","504"
"232","256091","20220830172000","351","0","彰化縣","員林鎮","120.570","23.965","283"
"1551","256092","20220830172000","1384","1","彰化縣","員林鎮","120.575","23.965","1451"
"2000","256094","20220830172000","2028","0","彰化縣","員林鎮","120.580","23.960","2108"
"21","256095","20220830172000","23","0","彰化縣","員林鎮","120.585","23.960","22"
"1631","256096","20220830172000","1168","2","彰化縣","員林鎮","120.580","23.965","1778"
"177","256144","20220830172000","124","2","南投縣","仁愛鄉","121.080","23.995","173"
"159","256164","20220830172000","128","2","南投縣","仁愛鄉","121.085","24.000","153"
"13","256171","20220830172000","78","0","南投縣","仁愛鄉","121.070","24.005","13"
"106","256180","20220830172000","72","2","南投縣","仁愛鄉","121.130","23.980","137"
"362","256187","20220830172000","267","2","南投縣","仁愛鄉","121.100","23.990","415"
"74","256354","20220830172000","54","2","南投縣","仁愛鄉","121.075","23.930","87"
"171","256404","20220830172000","115","2","南投縣","仁愛鄉","121.075","23.950","184"
"25","256598","20220830172000","14","3","南投縣","仁愛鄉","121.120","23.950","25"
"34","256646","20220830172000","34","1","南投縣","仁愛鄉","121.180","23.955","62"
"142","256716","20220830172000","75","3","南投縣","仁愛鄉","121.130","23.960","154"
"16","256753","20220830172000","92","0","南投縣","仁愛鄉","121.105","23.965","12"
"305","256953","20220830172000","1546","0","彰化縣","員林鎮","120.575","23.950","250"
"502","256956","20220830172000","444","1","彰化縣","員林鎮","120.595","23.960","560"
"52","256962","20220830172000","41","2","彰化縣","員林鎮","120.615","23.950","51"
"59","256968","20220830172000","161","0","彰化縣","員林鎮","120.625","23.955","65"
"32","256971","20220830172000","184","0","彰化縣","員林鎮","120.550","23.965","41"
"108","256976","20220830172000","170","0","彰化縣","員林鎮","120.605","23.945","151"
"60","256977","20220830172000","58","1","彰化縣","員林鎮","120.610","23.945","70"
"150","256978","20220830172000","119","2","彰化縣","員林鎮","120.615","23.945","132"
"1882","256982","20220830172000","1527","2","彰化縣","員林鎮","120.565","23.955","1744"
"3003","256983","20220830172000","2213","2","彰化縣","員林鎮","120.565","23.960","2273"
"330","256986","20220830172000","255","2","彰化縣","員林鎮","120.595","23.975","374"
"361","256988","20220830172000","369","0","彰化縣","大村鄉","120.590","23.980","384"
"2183","256995","20220830172000","1442","3","彰化縣","員林鎮","120.575","23.955","2003"
"85","256996","20220830172000","59","2","彰化縣","員林鎮","120.595","23.935","79"
"164","256997","20220830172000","431","0","彰化縣","員林鎮","120.605","23.935","125"
"31","257007","20220830172000","47","0","彰化縣","員林鎮","120.620","23.940","55"
"314","257021","20220830172000","259","2","彰化縣","二林鎮","120.415","23.955","296"
"134","257028","20220830172000","81","3","彰化縣","二林鎮","120.430","23.955","122"
"355","257055","20220830172000","380","0","彰化縣","二林鎮","120.400","23.930","448"
"702","257083","20220830172000","553","2","南投縣","草屯鎮","120.670","23.950","773"
"38","257086","20220830172000","362","0","南投縣","草屯鎮","120.680","23.955","48"
"1134","257088","20220830172000","3173","0","南投縣","草屯鎮","120.680","23.960","1119"
"205","257089","20220830172000","812","0","南投縣","草屯鎮","120.680","23.965","205"
"133","257092","20220830172000","744","0","彰化縣","員林鎮","120.570","23.945","105"
"419","257094","20220830172000","451","0","彰化縣","員林鎮","120.590","23.950","492"
"384","257095","20220830172000","224","3","彰化縣","員林鎮","120.595","23.950","344"
"1162","257097","20220830172000","1053","1","彰化縣","員林鎮","120.570","23.950","1158"
"160","257100","20220830172000","493","0","彰化縣","員林鎮","120.585","23.970","132"
"524","257103","20220830172000","344","3","彰化縣","二林鎮","120.455","23.930","653"
"226","257115","20220830172000","165","2","彰化縣","二林鎮","120.445","23.945","206"
"1214","257118","20220830172000","720","3","彰化縣","二林鎮","120.440","23.950","1104"
"1177","257124","20220830172000","657","3","彰化縣","員林鎮","120.590","23.940","957"
"156","257135","20220830172000","190","0","彰化縣","埔心鄉","120.510","23.940","175"
"39","257145","20220830172000","317","0","彰化縣","溪湖鎮","120.485","23.940","27"
"447","257149","20220830172000","211","3","彰化縣","溪湖鎮","120.480","23.955","330"
"623","257152","20220830172000","1655","0","南投縣","草屯鎮","120.685","23.975","535"
"617","257154","20220830172000","527","1","南投縣","草屯鎮","120.725","23.980","610"
"59","257160","20220830172000","59","1","南投縣","草屯鎮","120.720","23.990","61"
"95","257162","20220830172000","121","0","南投縣","草屯鎮","120.730","23.990","126"
"967","257166","20220830172000","430","3","南投縣","草屯鎮","120.680","23.970","835"
"2032","257168","20220830172000","1763","1","南投縣","草屯鎮","120.680","23.980","2756"
"44","257171","20220830172000","374","0","南投縣","草屯鎮","120.655","24.000","38"
"442","257173","20220830172000","383","1","南投縣","草屯鎮","120.665","24.000","426"
"618","257176","20220830172000","400","3","南投縣","草屯鎮","120.650","24.005","623"
"240","257181","20220830172000","287","0","南投縣","草屯鎮","120.725","23.995","239"
"339","257193","20220830172000","240","2","南投縣","草屯鎮","120.730","24.000","375"
"534","257213","20220830172000","529","1","彰化縣","溪湖鎮","120.450","23.955","618"
"797","257215","20220830172000","442","3","彰化縣","溪湖鎮","120.460","23.955","584"
"16","257222","20220830172000","12","2","南投縣","草屯鎮","120.750","23.975","13"
"392","257229","20220830172000","291","2","南投縣","草屯鎮","120.750","23.980","347"
"349","257235","20220830172000","313","1","南投縣","草屯鎮","120.750","23.985","360"
"47","257245","20220830172000","40","1","南投縣","草屯鎮","120.720","23.955","53"
"140","257251","20220830172000","101","2","南投縣","中寮鄉","120.750","23.955","99"
"26","257266","20220830172000","22","1","南投縣","草屯鎮","120.740","23.965","21"
"161","257267","20220830172000","138","1","南投縣","草屯鎮","120.745","23.965","137"
"110","257273","20220830172000","83","2","南投縣","草屯鎮","120.705","23.960","119"
"678","257282","20220830172000","517","2","南投縣","草屯鎮","120.705","23.975","682"
"889","257285","20220830172000","749","1","南投縣","草屯鎮","120.695","23.980","837"
"1291","257286","20220830172000","1169","1","南投縣","草屯鎮","120.700","23.980","1181"
"840","257289","20220830172000","767","1","南投縣","草屯鎮","120.715","23.980","919"
"1156","257294","20220830172000","789","2","南投縣","南投市","120.685","23.955","1162"
"148","257295","20220830172000","540","0","南投縣","草屯鎮","120.685","23.960","150"
"1671","257299","20220830172000","1076","3","南投縣","草屯鎮","120.690","23.965","1660"
"19","257300","20220830172000","43","0","南投縣","草屯鎮","120.695","23.965","22"
"187","257307","20220830172000","161","1","南投縣","草屯鎮","120.775","23.985","213"
"65","257320","20220830172000","82","0","南投縣","草屯鎮","120.765","23.995","77"
"321","257342","20220830172000","462","0","南投縣","草屯鎮","120.700","23.985","338"
"24","257346","20220830172000","36","0","南投縣","草屯鎮","120.705","23.990","26"
"129","257348","20220830172000","179","0","南投縣","草屯鎮","120.715","23.990","135"
"378","257349","20220830172000","1035","0","南投縣","草屯鎮","120.690","23.995","370"
"134","257351","20220830172000","100","2","南投縣","草屯鎮","120.700","23.995","124"
"473","257354","20220830172000","436","1","南投縣","草屯鎮","120.715","23.995","471"
"620","257356","20220830172000","313","3","南投縣","草屯鎮","120.695","23.995","598"
"748","257362","20220830172000","599","2","南投縣","草屯鎮","120.695","24.000","789"
"288","257365","20220830172000","178","3","南投縣","草屯鎮","120.710","24.000","344"
"107","257366","20220830172000","113","0","南投縣","草屯鎮","120.670","23.960","93"
"373","257368","20220830172000","197","3","南投縣","草屯鎮","120.675","23.965","365"
"163","257369","20220830172000","156","1","南投縣","草屯鎮","120.670","23.970","194"
"440","257370","20220830172000","396","1","南投縣","草屯鎮","120.670","23.975","459"
"297","257373","20220830172000","255","1","南投縣","草屯鎮","120.675","23.980","279"
"769","257376","20220830172000","1084","0","南投縣","草屯鎮","120.680","23.985","784"
"342","257377","20220830172000","300","1","南投縣","草屯鎮","120.670","23.990","342"
"62","257381","20220830172000","192","0","南投縣","草屯鎮","120.670","23.995","49"
"453","257386","20220830172000","146","3","南投縣","草屯鎮","120.685","23.990","403"
"423","257387","20220830172000","345","2","南投縣","草屯鎮","120.680","23.995","422"
"97","257389","20220830172000","310","0","南投縣","草屯鎮","120.680","24.000","80"
"525","257396","20220830172000","399","2","南投縣","草屯鎮","120.680","24.005","560"
"237","257400","20220830172000","763","0","南投縣","草屯鎮","120.685","23.985","213"
"2355","257401","20220830172000","1906","2","南投縣","草屯鎮","120.685","23.980","2186"
"90","257403","20220830172000","211","0","南投縣","草屯鎮","120.640","23.995","99"
"347","257407","20220830172000","458","0","南投縣","草屯鎮","120.660","23.995","343"
"82","257410","20220830172000","246","0","南投縣","草屯鎮","120.650","23.995","75"
"150","257415","20220830172000","108","2","南投縣","草屯鎮","120.655","23.965","188"
"555","257418","20220830172000","474","1","南投縣","草屯鎮","120.650","23.970","619"
"393","257422","20220830172000","294","2","南投縣","草屯鎮","120.650","23.975","393"
"219","257424","20220830172000","173","2","南投縣","草屯鎮","120.660","23.975","201"
"366","257425","20220830172000","332","1","南投縣","草屯鎮","120.665","23.975","389"
"134","257426","20220830172000","267","0","南投縣","草屯鎮","120.650","23.980","121"
"254","257429","20220830172000","635","0","南投縣","草屯鎮","120.665","23.950","211"
"142","257438","20220830172000","280","0","南投縣","草屯鎮","120.660","23.960","128"
"119","257439","20220830172000","134","0","南投縣","草屯鎮","120.665","23.960","142"
"10","257467","20220830172000","119","0","南投縣","草屯鎮","120.825","23.970","10"
"265","257496","20220830172000","190","2","南投縣","草屯鎮","120.795","23.985","251"
"222","257505","20220830172000","179","2","南投縣","草屯鎮","120.795","23.990","225"
"403","257522","20220830172000","185","3","南投縣","草屯鎮","120.800","24.000","398"
"100","257550","20220830172000","267","0","彰化縣","福興鄉","120.410","24.005","109"
"117","257580","20220830172000","111","1","彰化縣","芳苑鄉","120.400","23.995","122"
"481","257591","20220830172000","374","2","彰化縣","芳苑鄉","120.365","24.000","484"
"274","257595","20220830172000","200","2","彰化縣","芳苑鄉","120.385","24.000","266"
"395","257609","20220830172000","290","2","彰化縣","芳苑鄉","120.370","24.005","382"
"285","257631","20220830172000","143","3","彰化縣","芳苑鄉","120.340","23.965","255"
"181","257632","20220830172000","647","0","彰化縣","芳苑鄉","120.345","23.965","155"
"62","257638","20220830172000","37","3","彰化縣","芳苑鄉","120.325","23.970","75"
"348","257669","20220830172000","1063","0","彰化縣","秀水鄉","120.510","23.995","367"
"566","257680","20220830172000","365","3","彰化縣","秀水鄉","120.520","24.000","541"
"793","257685","20220830172000","734","1","彰化縣","福興鄉","120.490","24.010","886"
"2097","257686","20220830172000","1492","2","彰化縣","福興鄉","120.495","24.010","1991"
"39","257694","20220830172000","18","3","彰化縣","芬園鄉","120.605","24.005","31"
"406","257699","20220830172000","224","3","彰化縣","溪湖鎮","120.490","23.950","372"
"517","257700","20220830172000","537","0","彰化縣","溪湖鎮","120.495","23.950","467"
"820","257703","20220830172000","540","3","彰化縣","溪湖鎮","120.475","23.960","862"
"459","257704","20220830172000","243","3","彰化縣","溪湖鎮","120.465","23.965","382"
"2251","257708","20220830172000","2168","1","彰化縣","溪湖鎮","120.480","23.960","2090"
"428","257713","20220830172000","301","2","彰化縣","溪湖鎮","120.485","23.935","438"
"49","257720","20220830172000","24","3","彰化縣","溪湖鎮","120.500","23.940","28"
"105","257725","20220830172000","279","0","彰化縣","溪湖鎮","120.505","23.950","70"
"53","257726","20220830172000","242","0","彰化縣","溪湖鎮","120.510","23.950","483"
"109","257727","20220830172000","493","0","彰化縣","溪湖鎮","120.490","23.955","901"
"112","257728","20220830172000","98","1","彰化縣","溪湖鎮","120.495","23.955","96"
"701","257729","20220830172000","481","2","彰化縣","溪湖鎮","120.485","23.960","437"
"608","257733","20220830172000","635","0","彰化縣","溪湖鎮","120.490","23.965","306"
"577","257734","20220830172000","455","2","彰化縣","溪湖鎮","120.485","23.970","450"
"519","257750","20220830172000","249","3","彰化縣","芬園鄉","120.625","23.965","388"
"126","257766","20220830172000","227","0","彰化縣","溪湖鎮","120.475","23.950","150"
"458","257767","20220830172000","701","0","彰化縣","溪湖鎮","120.475","23.955","469"
"219","257778","20220830172000","187","1","彰化縣","溪湖鎮","120.475","23.970","233"
"693","257781","20220830172000","773","0","彰化縣","溪湖鎮","120.470","23.980","838"
"162","257784","20220830172000","163","0","南投縣","草屯鎮","120.670","23.980","222"
"164","257785","20220830172000","459","0","南投縣","草屯鎮","120.650","23.985","142"
"156","257788","20220830172000","306","0","南投縣","草屯鎮","120.665","23.985","215"
"308","257792","20220830172000","285","1","南投縣","草屯鎮","120.665","23.990","294"
"48","257795","20220830172000","367","0","彰化縣","社頭鄉","120.605","23.930","49"
"185","257797","20220830172000","123","3","彰化縣","社頭鄉","120.615","23.930","201"
"170","257798","20220830172000","56","3","彰化縣","社頭鄉","120.620","23.930","131"
"480","257802","20220830172000","271","3","彰化縣","芬園鄉","120.630","23.995","419"
"1515","257810","20220830172000","1000","3","彰化縣","芬園鄉","120.630","24.010","1430"
"41","257812","20220830172000","270","0","彰化縣","芬園鄉","120.640","24.010","41"
"38","257813","20220830172000","29","2","彰化縣","芬園鄉","120.645","24.010","36"
"393","257817","20220830172000","193","3","彰化縣","埔鹽鄉","120.425","23.995","369"
"61","257823","20220830172000","190","0","彰化縣","埔鹽鄉","120.430","24.005","52"
"235","257824","20220830172000","157","2","彰化縣","福興鄉","120.420","24.010","247"
"19","257825","20220830172000","15","2","彰化縣","福興鄉","120.425","24.010","22"
"348","257827","20220830172000","1000","0","彰化縣","秀水鄉","120.515","24.010","370"
"250","257834","20220830172000","159","3","彰化縣","芬園鄉","120.620","23.980","272"
"289","257851","20220830172000","128","3","彰化縣","芬園鄉","120.610","23.995","275"
"71","257857","20220830172000","76","0","彰化縣","芬園鄉","120.625","24.000","74"
"34","257867","20220830172000","208","0","彰化縣","芬園鄉","120.645","23.965","36"
"376","257871","20220830172000","257","2","彰化縣","芬園鄉","120.640","23.975","358"
"65","257882","20220830172000","355","0","彰化縣","花壇鄉","120.550","24.010","40"
"96","257884","20220830172000","59","3","彰化縣","花壇鄉","120.570","24.010","72"
"459","257886","20220830172000","519","0","彰化縣","社頭鄉","120.575","23.930","540"
"334","257898","20220830172000","355","0","南投縣","草屯鎮","120.730","23.975","308"
"210","257902","20220830172000","208","1","南投縣","草屯鎮","120.735","23.980","257"
"724","257907","20220830172000","1292","0","彰化縣","溪湖鎮","120.480","23.965","622"
"65","257908","20220830172000","441","0","彰化縣","溪湖鎮","120.480","23.970","36"
"1075","263412","20220830172000","1560","0","臺中市","霧峰區","120.690","24.045","977"
"560","263414","20220830172000","364","3","臺中市","霧峰區","120.685","24.050","594"
"306","263420","20220830172000","137","3","臺中市","霧峰區","120.705","24.045","251"
"56","263428","20220830172000","33","3","臺中市","霧峰區","120.705","24.055","46"
"273","263432","20220830172000","348","0","臺中市","霧峰區","120.705","24.060","323"
"67","263433","20220830172000","353","0","臺中市","霧峰區","120.710","24.060","75"
"73","263450","20220830172000","321","0","臺中市","霧峰區","120.700","24.020","51"
"492","263482","20220830172000","445","1","臺中市","霧峰區","120.700","24.030","438"
"353","263484","20220830172000","481","0","臺中市","霧峰區","120.695","24.035","415"
"350","263486","20220830172000","395","0","臺中市","霧峰區","120.710","24.070","317"
"318","263487","20220830172000","902","0","臺中市","霧峰區","120.715","24.070","284"
"98","263488","20220830172000","191","0","臺中市","霧峰區","120.720","24.070","92"
"904","263490","20220830172000","508","3","臺中市","霧峰區","120.705","24.075","649"
"290","263491","20220830172000","331","0","臺中市","霧峰區","120.710","24.075","318"
"900","263492","20220830172000","1251","0","臺中市","霧峰區","120.715","24.075","968"
"48","263493","20220830172000","280","0","臺中市","霧峰區","120.720","24.075","30"
"616","263495","20220830172000","360","3","臺中市","霧峰區","120.710","24.080","490"
"25","263497","20220830172000","25","1","臺中市","大里區","120.720","24.080","19"
"11","263499","20220830172000","44","0","臺中市","霧峰區","120.665","24.060","14"
"17","263518","20220830172000","87","0","臺中市","霧峰區","120.730","24.040","22"
"1107","263528","20220830172000","1016","1","臺中市","霧峰區","120.695","24.040","1033"
"82","263539","20220830172000","85","0","臺中市","霧峰區","120.695","24.045","55"
"94","263553","20220830172000","56","3","臺中市","霧峰區","120.725","24.030","93"
"226","263569","20220830172000","137","3","臺中市","霧峰區","120.725","24.035","205"
"13","263573","20220830172000","149","0","臺中市","霧峰區","120.750","24.035","20"
"875","263579","20220830172000","581","3","臺中市","大里區","120.695","24.080","705"
"2143","263581","20220830172000","2086","1","臺中市","大里區","120.695","24.085","2407"
"200","263583","20220830172000","243","0","臺中市","大里區","120.690","24.085","190"
"121","263584","20220830172000","114","1","臺中市","大里區","120.700","24.080","119"
"1736","263585","20220830172000","1229","2","臺中市","大里區","120.700","24.085","1444"
"29","263586","20220830172000","307","0","臺中市","大里區","120.705","24.085","15"
"929","263587","20220830172000","995","0","臺中市","大里區","120.705","24.090","1011"
"398","263588","20220830172000","386","1","臺中市","大里區","120.715","24.095","390"
"12","263615","20220830172000","17","0","臺中市","太平區","120.780","24.090","10"
"67","263708","20220830172000","29","3","臺中市","太平區","120.755","24.085","70"
"79","263716","20220830172000","156","0","臺中市","太平區","120.745","24.090","73"
"155","263736","20220830172000","245","0","臺中市","霧峰區","120.700","24.050","248"
"448","263737","20220830172000","581","0","臺中市","霧峰區","120.695","24.055","546"
"271","263738","20220830172000","134","3","臺中市","霧峰區","120.700","24.055","191"
"75","263741","20220830172000","441","0","臺中市","霧峰區","120.680","24.060","72"
"1390","263743","20220830172000","959","2","臺中市","霧峰區","120.680","24.065","1275"
"30","263745","20220830172000","20","3","臺中市","霧峰區","120.690","24.065","27"
"505","263746","20220830172000","516","0","臺中市","霧峰區","120.680","24.070","628"
"189","263747","20220830172000","615","0","臺中市","霧峰區","120.700","24.070","135"
"128","263753","20220830172000","98","2","臺中市","新社區","120.885","24.095","124"
"746","263758","20220830172000","765","0","臺中市","大里區","120.685","24.075","833"
"447","263759","20220830172000","332","2","臺中市","大里區","120.690","24.075","489"
"269","263764","20220830172000","656","0","臺中市","大里區","120.680","24.085","300"
"15","263765","20220830172000","255","0","臺中市","大里區","120.685","24.085","18"
"301","263766","20220830172000","299","1","臺中市","太平區","120.730","24.095","327"
"20","263775","20220830172000","17","1","臺中市","霧峰區","120.725","24.060","20"
"317","263776","20220830172000","343","0","臺中市","霧峰區","120.705","24.065","300"
"62","263778","20220830172000","290","0","臺中市","霧峰區","120.715","24.065","72"
"209","263794","20220830172000","122","3","臺中市","霧峰區","120.745","24.045","190"
"126","263828","20220830172000","186","0","臺中市","霧峰區","120.745","24.060","119"
"42","263842","20220830172000","38","1","臺中市","霧峰區","120.760","24.065","56"
"121","263846","20220830172000","45","3","臺中市","霧峰區","120.735","24.070","99"
"501","263863","20220830172000","398","2","臺中市","霧峰區","120.695","24.015","483"
"925","263864","20220830172000","750","2","臺中市","霧峰區","120.685","24.020","1004"
"534","263875","20220830172000","469","1","臺中市","烏日區","120.655","24.055","584"
"588","263876","20220830172000","514","1","臺中市","烏日區","120.660","24.055","489"
"383","263878","20220830172000","311","2","臺中市","烏日區","120.655","24.045","364"
"411","263884","20220830172000","317","2","臺中市","烏日區","120.650","24.050","372"
"457","263885","20220830172000","649","0","臺中市","烏日區","120.635","24.070","468"
"1845","263888","20220830172000","1598","1","臺中市","烏日區","120.635","24.080","1829"
"874","263891","20220830172000","480","3","臺中市","烏日區","120.625","24.090","766"
"2086","263900","20220830172000","1584","2","臺中市","烏日區","120.640","24.075","1954"
"876","263902","20220830172000","902","0","臺中市","烏日區","120.650","24.075","1001"
"128","263907","20220830172000","1159","0","臺中市","烏日區","120.645","24.085","80"
"370","263933","20220830172000","266","2","臺中市","烏日區","120.635","24.050","275"
"2057","263942","20220830172000","2126","0","臺中市","大里區","120.680","24.095","2238"
"485","263943","20220830172000","323","3","臺中市","大里區","120.665","24.095","425"
"939","263945","20220830172000","1103","0","臺中市","大里區","120.690","24.090","1057"
"1167","263946","20220830172000","1172","0","臺中市","大里區","120.695","24.095","1184"
"438","263948","20220830172000","289","3","臺中市","大里區","120.705","24.095","376"
"307","263949","20220830172000","237","2","臺中市","大里區","120.710","24.095","252"
"798","263950","20220830172000","518","3","臺中市","大里區","120.715","24.090","672"
"799","263951","20220830172000","942","0","臺中市","大里區","120.720","24.095","883"
"928","263954","20220830172000","995","0","臺中市","大里區","120.700","24.095","977"
"421","263960","20220830172000","403","1","臺中市","大里區","120.735","24.090","434"
"916","263962","20220830172000","1052","0","臺中市","大里區","120.720","24.090","949"
"628","263964","20220830172000","520","2","臺中市","大里區","120.730","24.090","581"
"723","263969","20220830172000","879","0","臺中市","大里區","120.710","24.085","709"
"260","263970","20220830172000","431","0","臺中市","大里區","120.715","24.085","251"
"259","263971","20220830172000","221","1","臺中市","大里區","120.720","24.085","233"
"102","263975","20220830172000","72","2","臺中市","大里區","120.710","24.090","78"
"309","263977","20220830172000","102","3","臺中市","大里區","120.665","24.085","228"
"631","263979","20220830172000","413","3","臺中市","大里區","120.675","24.085","537"
"139","263989","20220830172000","455","0","臺中市","大里區","120.685","24.095","185"
"327","263990","20220830172000","344","0","臺中市","大里區","120.690","24.095","284"
"201","263991","20220830172000","277","0","臺中市","霧峰區","120.695","24.065","188"
"2361","263992","20220830172000","2338","1","臺中市","霧峰區","120.700","24.065","2259"
"1114","263995","20220830172000","427","3","臺中市","霧峰區","120.665","24.065","1015"
"252","263999","20220830172000","736","0","臺中市","霧峰區","120.665","24.070","230"
"58","264007","20220830172000","590","0","臺中市","霧峰區","120.655","24.085","59"
"82","264008","20220830172000","501","0","臺中市","霧峰區","120.650","24.085","81"
"206","264016","20220830172000","204","1","臺中市","霧峰區","120.690","24.040","192"
"35","264018","20220830172000","471","0","臺中市","霧峰區","120.685","24.045","27"
"29","264024","20220830172000","396","0","臺中市","霧峰區","120.665","24.040","33"
"389","264029","20220830172000","238","3","臺中市","霧峰區","120.660","24.050","368"
"707","264031","20220830172000","599","1","臺中市","大里區","120.700","24.090","795"
"44","264037","20220830172000","92","0","臺中市","霧峰區","120.670","24.025","75"
"24","264042","20220830172000","372","0","臺中市","霧峰區","120.670","24.030","25"
"174","264047","20220830172000","231","0","花蓮縣","秀林鄉","121.580","24.020","176"
"223","264094","20220830172000","211","1","花蓮縣","秀林鄉","121.595","24.050","242"
"912","264107","20220830172000","1040","0","花蓮縣","秀林鄉","121.600","24.055","908"
"504","264435","20220830172000","410","2","花蓮縣","新城鄉","121.610","24.080","522"
"261","264642","20220830172000","329","0","花蓮縣","新城鄉","121.595","24.015","295"
"266","264655","20220830172000","281","0","花蓮縣","新城鄉","121.590","24.035","235"
"200","264661","20220830172000","159","2","花蓮縣","新城鄉","121.595","24.040","227"
"899","264663","20220830172000","493","3","花蓮縣","新城鄉","121.605","24.030","861"
"340","264665","20220830172000","294","1","花蓮縣","新城鄉","121.605","24.035","386"
"395","264667","20220830172000","306","2","花蓮縣","新城鄉","121.600","24.035","394"
"1882","264676","20220830172000","1737","1","臺中市","烏日區","120.645","24.060","2039"
"149","264678","20220830172000","650","0","臺中市","烏日區","120.655","24.060","119"
"583","264683","20220830172000","507","1","臺中市","烏日區","120.640","24.065","495"
"421","264700","20220830172000","182","3","臺中市","烏日區","120.620","24.090","344"
"534","264703","20220830172000","399","2","臺中市","霧峰區","120.675","24.040","525"
"305","264707","20220830172000","196","3","臺中市","霧峰區","120.680","24.045","288"
"563","264712","20220830172000","370","3","臺中市","霧峰區","120.675","24.050","528"
"836","264717","20220830172000","1151","0","臺中市","烏日區","120.645","24.090","933"
"320","264719","20220830172000","384","0","臺中市","烏日區","120.635","24.095","369"
"93","264720","20220830172000","31","3","臺中市","烏日區","120.640","24.095","55"
"86","264722","20220830172000","209","0","臺中市","烏日區","120.645","24.095","61"
"610","264725","20220830172000","508","2","臺中市","烏日區","120.655","24.095","532"
"295","264726","20220830172000","156","3","臺中市","大里區","120.660","24.095","261"
"891","264728","20220830172000","747","1","花蓮縣","花蓮市","121.625","24.010","938"
"661","264732","20220830172000","610","1","花蓮縣","花蓮市","121.630","24.015","742"
"634","264737","20220830172000","317","3","花蓮縣","花蓮市","121.635","24.025","841"
"108","265344","20220830172000","63","3","南投縣","國姓鄉","120.830","24.030","99"
"24","265374","20220830172000","19","2","南投縣","國姓鄉","120.800","24.045","22"
"47","265406","20220830172000","41","1","南投縣","國姓鄉","120.825","24.070","56"
"20","265430","20220830172000","20","1","南投縣","國姓鄉","120.880","24.050","28"
"127","265436","20220830172000","116","1","南投縣","國姓鄉","120.910","24.050","117"
"131","265440","20220830172000","121","1","南投縣","國姓鄉","120.930","24.050","144"
"499","265442","20220830172000","240","3","南投縣","國姓鄉","120.880","24.055","498"
"235","265449","20220830172000","200","1","南投縣","國姓鄉","120.915","24.055","204"
"35","265465","20220830172000","21","3","南投縣","國姓鄉","120.930","24.060","30"
"116","265467","20220830172000","102","1","南投縣","國姓鄉","120.940","24.060","107"
"19","265498","20220830172000","16","1","南投縣","國姓鄉","120.930","24.075","17"
"117","265569","20220830172000","412","0","南投縣","國姓鄉","120.850","24.040","102"
"45","265593","20220830172000","144","0","南投縣","埔里鎮","120.910","24.025","31"
"43","265615","20220830172000","259","0","南投縣","埔里鎮","120.920","24.040","33"
"315","265622","20220830172000","222","2","南投縣","國姓鄉","120.930","24.045","328"
"62","265627","20220830172000","55","1","南投縣","埔里鎮","120.950","24.010","55"
"111","265628","20220830172000","301","0","南投縣","埔里鎮","120.945","24.015","98"
"250","265633","20220830172000","200","2","南投縣","埔里鎮","120.950","24.020","280"
"111","265651","20220830172000","89","2","南投縣","埔里鎮","120.950","24.035","82"
"59","265706","20220830172000","203","0","花蓮縣","花蓮市","121.590","24.010","56"
"1062","265708","20220830172000","1312","0","花蓮縣","新城鄉","121.610","24.015","1077"
"137","265711","20220830172000","96","2","花蓮縣","新城鄉","121.605","24.020","134"
"808","265716","20220830172000","576","2","花蓮縣","新城鄉","121.605","24.025","801"
"152","265719","20220830172000","201","0","花蓮縣","新城鄉","121.620","24.025","155"
"165","265723","20220830172000","203","0","花蓮縣","新城鄉","121.615","24.030","153"
"128","265734","20220830172000","116","1","花蓮縣","新城鄉","121.625","24.035","182"
"553","265739","20220830172000","429","2","花蓮縣","新城鄉","121.605","24.040","617"
"362","265742","20220830172000","285","2","花蓮縣","新城鄉","121.610","24.045","348"
"12","265743","20220830172000","289","0","花蓮縣","新城鄉","121.615","24.045","19"
"144","265753","20220830172000","84","3","花蓮縣","新城鄉","121.615","24.060","153"
"359","265754","20220830172000","358","1","花蓮縣","新城鄉","121.610","24.065","385"
"632","265773","20220830172000","435","2","彰化縣","彰化市","120.570","24.085","661"
"740","265774","20220830172000","702","1","彰化縣","彰化市","120.575","24.090","882"
"24","265779","20220830172000","22","1","彰化縣","彰化市","120.615","24.045","15"
"203","265780","20220830172000","250","0","彰化縣","彰化市","120.620","24.045","248"
"318","265784","20220830172000","354","0","彰化縣","彰化市","120.620","24.060","366"
"1127","265794","20220830172000","1726","0","彰化縣","彰化市","120.535","24.090","1198"
"1278","265797","20220830172000","1107","1","彰化縣","彰化市","120.545","24.075","1388"
"1216","265798","20220830172000","469","3","彰化縣","彰化市","120.555","24.070","1057"
"1512","265800","20220830172000","1165","2","彰化縣","彰化市","120.545","24.085","1587"
"323","265801","20220830172000","300","1","彰化縣","彰化市","120.555","24.090","345"
"1188","265802","20220830172000","1413","0","彰化縣","彰化市","120.555","24.080","1040"
"61","265803","20220830172000","709","0","彰化縣","彰化市","120.560","24.080","24"
"959","265804","20220830172000","1608","0","彰化縣","彰化市","120.555","24.085","863"
"137","265805","20220830172000","91","3","彰化縣","彰化市","120.560","24.085","88"
"1147","265806","20220830172000","760","3","彰化縣","彰化市","120.535","24.080","1242"
"2763","265807","20220830172000","1504","3","彰化縣","彰化市","120.540","24.085","2646"
"3136","265808","20220830172000","1416","3","彰化縣","彰化市","120.545","24.090","2537"
"445","265810","20220830172000","203","3","彰化縣","彰化市","120.550","24.075","367"
"3161","265812","20220830172000","1403","3","彰化縣","彰化市","120.530","24.080","3290"
"125","265817","20220830172000","273","0","彰化縣","鹿港鎮","120.480","24.090","120"
"1163","265820","20220830172000","620","3","彰化縣","彰化市","120.535","24.070","1067"
"1293","265821","20220830172000","929","2","彰化縣","彰化市","120.530","24.065","1328"
"2261","265822","20220830172000","1433","3","彰化縣","彰化市","120.530","24.070","2237"
"523","265823","20220830172000","635","0","彰化縣","鹿港鎮","120.445","24.055","535"
"35","265824","20220830172000","260","0","彰化縣","鹿港鎮","120.445","24.060","30"
"50","265825","20220830172000","34","2","彰化縣","鹿港鎮","120.450","24.060","37"
"640","265826","20220830172000","506","2","彰化縣","鹿港鎮","120.445","24.065","564"
"22","265839","20220830172000","19","1","彰化縣","彰化市","120.580","24.075","22"
"578","265841","20220830172000","1605","0","彰化縣","彰化市","120.535","24.075","503"
"920","265848","20220830172000","622","2","彰化縣","鹿港鎮","120.460","24.080","774"
"289","265863","20220830172000","389","0","彰化縣","鹿港鎮","120.435","24.050","366"
"1026","265864","20220830172000","1240","0","彰化縣","彰化市","120.550","24.085","975"
"715","265898","20220830172000","492","2","南投縣","國姓鄉","120.860","24.060","722"
"233","265927","20220830172000","196","1","南投縣","國姓鄉","120.845","24.025","236"
"65","265948","20220830172000","321","0","南投縣","國姓鄉","120.860","24.040","67"
"436","265956","20220830172000","291","2","南投縣","國姓鄉","120.855","24.045","405"
"342","265973","20220830172000","357","0","南投縣","國姓鄉","120.820","24.020","276"
"13","265977","20220830172000","227","0","南投縣","國姓鄉","120.825","24.025","10"
"17","266037","20220830172000","144","0","南投縣","國姓鄉","120.875","24.075","12"
"2734","266081","20220830172000","3963","0","彰化縣","彰化市","120.535","24.065","2863"
"1469","266082","20220830172000","868","3","彰化縣","和美鎮","120.510","24.090","1584"
"310","266091","20220830172000","233","2","彰化縣","埔鹽鄉","120.455","24.015","322"
"2649","266093","20220830172000","1846","2","彰化縣","彰化市","120.540","24.070","2561"
"59","266099","20220830172000","569","0","彰化縣","花壇鄉","120.545","24.015","64"
"412","266100","20220830172000","418","0","彰化縣","花壇鄉","120.545","24.020","483"
"190","266107","20220830172000","83","3","彰化縣","花壇鄉","120.545","24.030","103"
"45","266111","20220830172000","45","1","彰化縣","花壇鄉","120.550","24.035","32"
"586","266122","20220830172000","354","3","彰化縣","埔鹽鄉","120.445","24.020","509"
"581","266124","20220830172000","202","3","彰化縣","彰化市","120.520","24.055","642"
"496","266127","20220830172000","745","0","彰化縣","彰化市","120.565","24.090","543"
"867","266128","20220830172000","599","2","彰化縣","彰化市","120.555","24.095","975"
"363","266129","20220830172000","228","3","彰化縣","彰化市","120.560","24.095","368"
"548","266131","20220830172000","598","0","彰化縣","彰化市","120.595","24.070","631"
"221","266132","20220830172000","144","3","彰化縣","彰化市","120.595","24.075","169"
"212","266134","20220830172000","160","2","彰化縣","彰化市","120.605","24.075","235"
"701","266136","20220830172000","610","1","彰化縣","彰化市","120.600","24.080","728"
"461","266138","20220830172000","366","2","彰化縣","彰化市","120.595","24.085","562"
"19","266148","20220830172000","13","2","彰化縣","花壇鄉","120.590","24.040","19"
"82","266153","20220830172000","43","3","彰化縣","彰化市","120.605","24.045","83"
"78","266154","20220830172000","128","0","彰化縣","彰化市","120.585","24.050","129"
"68","266155","20220830172000","120","0","彰化縣","彰化市","120.590","24.050","88"
"54","266157","20220830172000","41","2","彰化縣","彰化市","120.600","24.050","61"
"402","266166","20220830172000","301","2","彰化縣","彰化市","120.615","24.055","427"
"333","266168","20220830172000","334","0","彰化縣","彰化市","120.580","24.080","379"
"711","266169","20220830172000","557","2","彰化縣","彰化市","120.575","24.085","633"
"1193","266170","20220830172000","1075","1","彰化縣","彰化市","120.580","24.085","1267"
"286","266171","20220830172000","205","2","彰化縣","彰化市","120.560","24.075","333"
"484","266172","20220830172000","916","0","彰化縣","彰化市","120.550","24.080","467"
"1472","266176","20220830172000","379","3","彰化縣","和美鎮","120.495","24.085","1450"
"134","266180","20220830172000","68","3","彰化縣","和美鎮","120.495","24.090","105"
"1525","266182","20220830172000","2888","0","彰化縣","彰化市","120.535","24.085","1447"
"844","266183","20220830172000","846","0","彰化縣","和美鎮","120.525","24.095","883"
"334","266185","20220830172000","383","0","彰化縣","和美鎮","120.535","24.095","327"
"163","266190","20220830172000","71","3","彰化縣","秀水鄉","120.505","24.065","100"
"1597","266191","20220830172000","390","3","彰化縣","彰化市","120.510","24.065","1613"
"1134","266192","20220830172000","947","1","彰化縣","彰化市","120.515","24.065","1246"
"894","266194","20220830172000","165","3","彰化縣","彰化市","120.510","24.070","744"
"480","266196","20220830172000","285","3","彰化縣","花壇鄉","120.570","24.055","424"
"22","266199","20220830172000","37","0","彰化縣","彰化市","120.560","24.060","21"
"45","266205","20220830172000","248","0","彰化縣","彰化市","120.570","24.065","41"
"1793","266210","20220830172000","1129","3","彰化縣","彰化市","120.540","24.075","1965"
"3783","266211","20220830172000","3596","1","彰化縣","彰化市","120.540","24.080","3587"
"2044","266214","20220830172000","609","3","彰化縣","彰化市","120.525","24.080","2125"
"904","266216","20220830172000","695","2","彰化縣","彰化市","120.530","24.085","916"
"899","266222","20220830172000","1304","0","彰化縣","彰化市","120.600","24.090","1141"
"388","266224","20220830172000","417","0","彰化縣","彰化市","120.585","24.090","381"
"252","266228","20220830172000","192","2","彰化縣","彰化市","120.580","24.095","261"
"42","266232","20220830172000","40","1","彰化縣","彰化市","120.600","24.095","46"
"597","266233","20220830172000","137","3","彰化縣","秀水鄉","120.500","24.075","582"
"90","266234","20220830172000","537","0","彰化縣","彰化市","120.505","24.075","61"
"1041","266237","20220830172000","331","3","彰化縣","彰化市","120.520","24.075","981"
"554","266238","20220830172000","133","3","彰化縣","彰化市","120.510","24.080","513"
"370","266239","20220830172000","420","0","彰化縣","和美鎮","120.515","24.080","369"
"136","266240","20220830172000","199","0","彰化縣","彰化市","120.520","24.080","95"
"708","266241","20220830172000","316","3","彰化縣","彰化市","120.515","24.085","775"
"280","266243","20220830172000","219","2","彰化縣","彰化市","120.525","24.085","318"
"302","266244","20220830172000","603","0","彰化縣","彰化市","120.545","24.095","267"
"257","266245","20220830172000","776","0","彰化縣","彰化市","120.545","24.080","155"
"211","266246","20220830172000","156","2","彰化縣","彰化市","120.565","24.085","243"
"1220","266247","20220830172000","1315","0","彰化縣","彰化市","120.560","24.090","1336"
"465","266248","20220830172000","455","1","彰化縣","彰化市","120.570","24.090","489"
"1202","266249","20220830172000","622","3","彰化縣","和美鎮","120.530","24.090","1006"
"249","266250","20220830172000","467","0","彰化縣","彰化市","120.555","24.065","246"
"3773","266251","20220830172000","4123","0","彰化縣","彰化市","120.545","24.070","2966"
"1006","266252","20220830172000","353","3","彰化縣","彰化市","120.550","24.070","776"
"20","266255","20220830172000","22","0","彰化縣","彰化市","120.600","24.060","23"
"26","266262","20220830172000","181","0","彰化縣","彰化市","120.610","24.065","17"
"232","266263","20220830172000","253","0","彰化縣","彰化市","120.600","24.070","275"
"22","266264","20220830172000","17","2","彰化縣","彰化市","120.605","24.070","29"
"207","266265","20220830172000","206","1","彰化縣","彰化市","120.610","24.070","228"
"573","266266","20220830172000","1426","0","彰化縣","彰化市","120.540","24.090","464"
"562","266267","20220830172000","510","1","彰化縣","和美鎮","120.520","24.090","628"
"143","266274","20220830172000","376","0","彰化縣","和美鎮","120.505","24.085","119"
"31","266309","20220830172000","45","0","南投縣","仁愛鄉","120.970","24.045","31"
"236","266333","20220830172000","267","0","南投縣","仁愛鄉","120.970","24.060","281"
"156","266406","20220830172000","173","0","南投縣","仁愛鄉","121.095","24.010","222"
"137","266517","20220830172000","111","2","南投縣","仁愛鄉","121.210","24.075","183"
"52","266589","20220830172000","53","0","南投縣","仁愛鄉","121.210","24.090","45"
"82","266666","20220830172000","408","0","南投縣","仁愛鄉","121.130","24.020","64"
"364","266696","20220830172000","294","2","南投縣","仁愛鄉","121.150","24.040","419"
"577","266700","20220830172000","398","2","南投縣","仁愛鄉","121.125","24.045","624"
"277","266706","20220830172000","211","2","南投縣","仁愛鄉","121.155","24.045","306"
"44","266715","20220830172000","50","0","南投縣","仁愛鄉","121.155","24.050","79"
"152","266733","20220830172000","150","1","南投縣","仁愛鄉","121.160","24.055","258"
"289","266768","20220830172000","353","0","南投縣","仁愛鄉","121.165","24.070","502"
"12","266805","20220830172000","42","0","南投縣","仁愛鄉","121.175","24.090","61"
"42","267165","20220830172000","30","2","南投縣","仁愛鄉","121.025","24.090","92"
"53","267167","20220830172000","21","3","南投縣","仁愛鄉","121.035","24.090","115"
"125","267268","20220830172000","264","0","南投縣","仁愛鄉","121.175","24.010","134"
"65","267286","20220830172000","308","0","南投縣","仁愛鄉","121.140","24.025","63"
"116","267290","20220830172000","54","3","南投縣","仁愛鄉","121.160","24.025","109"
"857","267410","20220830172000","537","3","南投縣","仁愛鄉","121.180","24.035","1231"
"108","267555","20220830172000","64","3","南投縣","仁愛鄉","121.190","24.060","91"
"215","267605","20220830172000","247","0","南投縣","仁愛鄉","121.210","24.070","296"
"363","267630","20220830172000","187","3","彰化縣","花壇鄉","120.530","24.050","241"
"887","267631","20220830172000","644","2","彰化縣","彰化市","120.530","24.055","714"
"1488","267632","20220830172000","1025","2","彰化縣","彰化市","120.530","24.060","1441"
"293","267633","20220830172000","1523","0","彰化縣","彰化市","120.535","24.060","190"
"1259","267634","20220830172000","1483","0","彰化縣","彰化市","120.550","24.090","1328"
"601","267636","20220830172000","458","2","彰化縣","彰化市","120.550","24.095","619"
"66","267637","20220830172000","89","0","彰化縣","彰化市","120.590","24.065","87"
"632","267640","20220830172000","283","3","彰化縣","彰化市","120.585","24.080","466"
"874","267641","20220830172000","385","3","彰化縣","彰化市","120.590","24.080","690"
"624","267646","20220830172000","441","2","彰化縣","彰化市","120.520","24.065","652"
"1560","267649","20220830172000","1629","0","彰化縣","彰化市","120.525","24.070","1688"
"210","267650","20220830172000","165","2","彰化縣","彰化市","120.525","24.075","95"
"743","267652","20220830172000","394","3","彰化縣","彰化市","120.555","24.050","555"
"886","267654","20220830172000","426","3","彰化縣","彰化市","120.535","24.055","726"
"461","267655","20220830172000","230","3","彰化縣","彰化市","120.540","24.055","415"
"234","267656","20220830172000","174","2","彰化縣","彰化市","120.545","24.055","241"
"330","267661","20220830172000","235","2","彰化縣","彰化市","120.540","24.060","278"
"485","267662","20220830172000","354","2","彰化縣","彰化市","120.545","24.060","379"
"111","267664","20220830172000","84","2","彰化縣","彰化市","120.555","24.060","118"
"3373","267665","20220830172000","2776","2","彰化縣","彰化市","120.540","24.065","3502"
"773","267666","20220830172000","575","2","彰化縣","彰化市","120.545","24.065","686"
"761","267667","20220830172000","801","0","彰化縣","彰化市","120.550","24.065","688"
"3549","267669","20220830172000","1350","3","彰化縣","彰化市","120.515","24.055","3698"
"3400","267670","20220830172000","1640","3","彰化縣","彰化市","120.515","24.060","3594"
"39","267676","20220830172000","229","0","彰化縣","福興鄉","120.470","24.030","38"
"131","267682","20220830172000","85","3","彰化縣","福興鄉","120.470","24.035","135"
"535","267689","20220830172000","427","2","彰化縣","福興鄉","120.480","24.040","545"
"272","267697","20220830172000","158","3","彰化縣","福興鄉","120.455","24.035","280"
"677","267705","20220830172000","795","0","彰化縣","福興鄉","120.465","24.045","779"
"28","267711","20220830172000","241","0","彰化縣","福興鄉","120.460","24.020","26"
"301","267717","20220830172000","137","3","彰化縣","秀水鄉","120.510","24.015","303"
"22","267718","20220830172000","20","1","彰化縣","秀水鄉","120.500","24.020","22"
"53","267726","20220830172000","98","0","彰化縣","鹿港鎮","120.480","24.085","35"
"1063","267729","20220830172000","590","3","彰化縣","鹿港鎮","120.485","24.090","1038"
"2931","267732","20220830172000","2002","2","彰化縣","鹿港鎮","120.435","24.055","2849"
"1598","267736","20220830172000","738","3","彰化縣","鹿港鎮","120.465","24.090","1456"
"58","267739","20220830172000","328","0","彰化縣","鹿港鎮","120.470","24.095","65"
"1522","267795","20220830172000","849","3","彰化縣","福興鄉","120.490","24.015","1442"
"321","267808","20220830172000","340","0","彰化縣","福興鄉","120.440","24.030","334"
"357","267810","20220830172000","333","1","彰化縣","福興鄉","120.435","24.035","439"
"517","267824","20220830172000","475","1","彰化縣","福興鄉","120.390","24.015","507"
"738","267834","20220830172000","636","1","彰化縣","福興鄉","120.410","24.020","727"
"1078","267844","20220830172000","750","2","彰化縣","秀水鄉","120.495","24.025","1081"
"783","267873","20220830172000","561","2","彰化縣","福興鄉","120.400","24.045","750"
"704","267898","20220830172000","158","3","彰化縣","福興鄉","120.430","24.040","682"
"19","267899","20220830172000","109","0","彰化縣","福興鄉","120.425","24.045","12"
"852","267900","20220830172000","724","1","彰化縣","福興鄉","120.430","24.045","889"
"39","267904","20220830172000","289","0","彰化縣","福興鄉","120.430","24.050","41"
"225","267908","20220830172000","146","3","彰化縣","福興鄉","120.430","24.020","232"
"23","267913","20220830172000","25","0","彰化縣","福興鄉","120.425","24.030","27"
"34","267926","20220830172000","34","1","彰化縣","福興鄉","120.405","24.030","39"
"203","267928","20220830172000","196","1","彰化縣","福興鄉","120.415","24.030","248"
"157","267935","20220830172000","70","3","彰化縣","秀水鄉","120.500","24.060","127"
"304","267946","20220830172000","265","1","彰化縣","秀水鄉","120.490","24.050","270"
"235","267947","20220830172000","87","3","彰化縣","秀水鄉","120.495","24.050","221"
"220","267949","20220830172000","586","0","彰化縣","秀水鄉","120.500","24.050","196"
"48","267955","20220830172000","266","0","彰化縣","秀水鄉","120.495","24.060","36"
"170","267957","20220830172000","914","0","彰化縣","秀水鄉","120.500","24.030","157"
"382","267959","20220830172000","699","0","彰化縣","秀水鄉","120.495","24.035","335"
"180","267960","20220830172000","613","0","彰化縣","秀水鄉","120.500","24.035","146"
"614","267964","20220830172000","99","3","彰化縣","秀水鄉","120.520","24.025","436"
"134","267966","20220830172000","481","0","彰化縣","秀水鄉","120.520","24.030","86"
"431","267972","20220830172000","291","2","彰化縣","鹿港鎮","120.435","24.065","387"
"430","267973","20220830172000","473","0","彰化縣","鹿港鎮","120.440","24.065","473"
"314","267975","20220830172000","283","1","彰化縣","鹿港鎮","120.435","24.070","295"
"44","267978","20220830172000","323","0","彰化縣","鹿港鎮","120.425","24.075","48"
"2268","267984","20220830172000","1988","1","彰化縣","鹿港鎮","120.410","24.080","2289"
"295","267987","20220830172000","194","3","彰化縣","鹿港鎮","120.425","24.080","281"
"46","267991","20220830172000","336","0","彰化縣","鹿港鎮","120.445","24.080","28"
"835","267999","20220830172000","703","1","彰化縣","鹿港鎮","120.415","24.080","829"
"663","268001","20220830172000","419","3","彰化縣","鹿港鎮","120.425","24.085","624"
"599","268005","20220830172000","447","2","彰化縣","鹿港鎮","120.445","24.085","717"
"530","268020","20220830172000","390","2","彰化縣","鹿港鎮","120.475","24.065","562"
"44","268028","20220830172000","280","0","彰化縣","鹿港鎮","120.485","24.080","35"
"998","268031","20220830172000","455","3","彰化縣","鹿港鎮","120.485","24.085","980"
"797","268032","20220830172000","1035","0","彰化縣","鹿港鎮","120.430","24.060","802"
"544","268034","20220830172000","510","1","彰化縣","彰化市","120.525","24.060","473"
"769","268035","20220830172000","920","0","彰化縣","彰化市","120.525","24.065","827"
"135","268044","20220830172000","443","0","彰化縣","鹿港鎮","120.450","24.095","146"
"36","268053","20220830172000","17","3","彰化縣","鹿港鎮","120.470","24.075","31"
"490","268057","20220830172000","1155","0","彰化縣","鹿港鎮","120.475","24.080","474"
"317","268061","20220830172000","319","0","彰化縣","鹿港鎮","120.430","24.055","243"
"30","268068","20220830172000","142","0","彰化縣","芬園鄉","120.625","24.025","37"
"27","268073","20220830172000","27","1","彰化縣","芬園鄉","120.615","24.015","27"
"59","268074","20220830172000","67","0","彰化縣","芬園鄉","120.620","24.015","65"
"79","268077","20220830172000","480","0","彰化縣","福興鄉","120.480","24.045","77"
"1237","268085","20220830172000","1003","2","彰化縣","鹿港鎮","120.470","24.055","1157"
"161","268089","20220830172000","138","1","彰化縣","鹿港鎮","120.460","24.060","140"
"387","268108","20220830172000","402","0","彰化縣","鹿港鎮","120.385","24.060","386"
"429","268109","20220830172000","360","1","彰化縣","鹿港鎮","120.390","24.060","413"
"526","268110","20220830172000","557","0","彰化縣","鹿港鎮","120.395","24.060","524"
"33","268126","20220830172000","38","0","彰化縣","鹿港鎮","120.390","24.065","33"
"728","268128","20220830172000","374","3","彰化縣","鹿港鎮","120.400","24.065","714"
"268","268129","20220830172000","253","1","彰化縣","鹿港鎮","120.405","24.065","275"
"408","268130","20220830172000","325","2","彰化縣","鹿港鎮","120.410","24.065","434"
"551","268134","20220830172000","421","2","彰化縣","鹿港鎮","120.430","24.065","379"
"203","268144","20220830172000","179","1","彰化縣","鹿港鎮","120.395","24.070","199"
"456","268157","20220830172000","388","1","彰化縣","鹿港鎮","120.390","24.075","480"
"142","268158","20220830172000","241","0","彰化縣","鹿港鎮","120.395","24.075","129"
"283","268161","20220830172000","259","1","彰化縣","鹿港鎮","120.410","24.075","309"
"31","268162","20220830172000","42","0","彰化縣","鹿港鎮","120.415","24.075","28"
"1257","268170","20220830172000","1068","1","彰化縣","鹿港鎮","120.395","24.080","1118"
"2002","268172","20220830172000","1583","2","彰化縣","鹿港鎮","120.440","24.055","1812"
"300","268173","20220830172000","1215","0","彰化縣","鹿港鎮","120.440","24.060","248"
"2627","268175","20220830172000","2062","2","彰化縣","福興鄉","120.440","24.045","2392"
"21","268176","20220830172000","161","0","彰化縣","花壇鄉","120.550","24.040","24"
"40","268203","20220830172000","29","2","彰化縣","芬園鄉","120.595","24.035","50"
"224","268205","20220830172000","153","2","彰化縣","芬園鄉","120.605","24.035","216"
"601","268224","20220830172000","384","3","彰化縣","芬園鄉","120.650","24.020","570"
"715","268226","20220830172000","335","3","彰化縣","芬園鄉","120.635","24.025","695"
"260","268233","20220830172000","364","0","彰化縣","福興鄉","120.440","24.035","304"
"639","268245","20220830172000","373","3","彰化縣","秀水鄉","120.490","24.070","694"
"520","268249","20220830172000","224","3","彰化縣","秀水鄉","120.505","24.030","528"
"354","268253","20220830172000","758","0","彰化縣","秀水鄉","120.505","24.040","317"
"97","268258","20220830172000","298","0","彰化縣","秀水鄉","120.515","24.020","88"
"30","268261","20220830172000","377","0","彰化縣","福興鄉","120.450","24.030","20"
"482","268262","20220830172000","423","1","彰化縣","福興鄉","120.455","24.030","559"
"1002","268271","20220830172000","765","2","彰化縣","福興鄉","120.420","24.035","923"
"76","268274","20220830172000","471","0","彰化縣","福興鄉","120.425","24.035","63"
"901","268277","20220830172000","527","3","彰化縣","芬園鄉","120.660","24.015","928"
"133","268289","20220830172000","482","0","彰化縣","芬園鄉","120.625","24.020","119"
"127","268296","20220830172000","494","0","彰化縣","福興鄉","120.470","24.020","142"
"867","268297","20220830172000","271","3","彰化縣","秀水鄉","120.505","24.035","810"
"35","268301","20220830172000","285","0","彰化縣","秀水鄉","120.495","24.040","50"
"75","268303","20220830172000","340","0","彰化縣","秀水鄉","120.500","24.040","63"
"1268","268308","20220830172000","291","3","彰化縣","秀水鄉","120.510","24.045","1117"
"19","268310","20220830172000","234","0","彰化縣","秀水鄉","120.505","24.050","13"
"786","268316","20220830172000","497","3","彰化縣","花壇鄉","120.530","24.020","664"
"580","268321","20220830172000","412","2","彰化縣","花壇鄉","120.530","24.040","474"
"165","268322","20220830172000","435","0","彰化縣","花壇鄉","120.520","24.045","119"
"107","268324","20220830172000","689","0","彰化縣","花壇鄉","120.530","24.045","89"
"209","268327","20220830172000","189","1","彰化縣","花壇鄉","120.535","24.030","215"
"785","268328","20220830172000","489","3","彰化縣","花壇鄉","120.535","24.035","535"
"115","268331","20220830172000","410","0","彰化縣","花壇鄉","120.545","24.040","98"
"418","268333","20220830172000","275","3","彰化縣","花壇鄉","120.540","24.040","442"
"337","268335","20220830172000","337","1","彰化縣","花壇鄉","120.555","24.020","394"
"205","268336","20220830172000","646","0","彰化縣","花壇鄉","120.540","24.025","866"
"569","268338","20220830172000","462","2","彰化縣","花壇鄉","120.550","24.025","552"
"139","268339","20220830172000","133","1","彰化縣","花壇鄉","120.555","24.025","126"
"210","268347","20220830172000","120","3","彰化縣","花壇鄉","120.565","24.020","161"
"99","268352","20220830172000","38","3","彰化縣","花壇鄉","120.575","24.030","71"
"103","268356","20220830172000","138","0","彰化縣","花壇鄉","120.575","24.035","129"
"106","268370","20220830172000","133","0","彰化縣","花壇鄉","120.560","24.015","92"
"127","268371","20220830172000","150","0","彰化縣","花壇鄉","120.570","24.020","151"
"31","268375","20220830172000","33","0","彰化縣","花壇鄉","120.595","24.020","38"
"239","268381","20220830172000","567","0","彰化縣","花壇鄉","120.545","24.045","225"
"108","268391","20220830172000","34","3","彰化縣","花壇鄉","120.540","24.020","84"
"1569","268393","20220830172000","1348","1","彰化縣","花壇鄉","120.535","24.025","1584"
"56","268399","20220830172000","271","0","彰化縣","福興鄉","120.480","24.020","51"
"41","269403","20220830172000","34","2","彰化縣","鹿港鎮","120.395","24.105","29"
"783","274405","20220830172000","939","0","臺中市","太平區","120.720","24.135","638"
"1487","274408","20220830172000","1337","1","臺中市","太平區","120.720","24.115","1503"
"81","274410","20220830172000","68","1","臺中市","太平區","120.755","24.120","74"
"14","274433","20220830172000","61","0","臺中市","太平區","120.760","24.130","16"
"140","274476","20220830172000","198","0","臺中市","太平區","120.810","24.140","184"
"4119","274515","20220830172000","2231","3","臺中市","南屯區","120.645","24.135","3840"
"2430","274516","20220830172000","3023","0","臺中市","南屯區","120.650","24.140","2641"
"2608","274517","20220830172000","2424","1","臺中市","南屯區","120.650","24.150","2908"
"1175","274518","20220830172000","871","2","臺中市","西屯區","120.650","24.155","984"
"164","274519","20220830172000","669","0","臺中市","南屯區","120.650","24.135","135"
"1234","274520","20220830172000","1021","2","臺中市","南屯區","120.650","24.130","1406"
"776","274521","20220830172000","328","3","臺中市","南屯區","120.610","24.150","575"
"3418","274522","20220830172000","1429","3","臺中市","南屯區","120.615","24.150","2698"
"174","274523","20220830172000","40","3","臺中市","南屯區","120.620","24.150","70"
"1344","274524","20220830172000","1088","2","臺中市","南屯區","120.605","24.155","1418"
"387","274525","20220830172000","415","0","臺中市","南屯區","120.610","24.155","424"
"51","274528","20220830172000","50","1","臺中市","南屯區","120.590","24.160","45"
"616","274530","20220830172000","540","1","臺中市","南屯區","120.600","24.160","561"
"1452","274531","20220830172000","1762","0","臺中市","南屯區","120.605","24.160","1526"
"27","274532","20220830172000","31","0","臺中市","南屯區","120.610","24.160","25"
"708","274534","20220830172000","502","2","臺中市","南屯區","120.590","24.165","661"
"1693","274535","20220830172000","1731","0","臺中市","北區","120.690","24.155","1489"
"1675","274536","20220830172000","1977","0","臺中市","北屯區","120.695","24.165","1834"
"2140","274537","20220830172000","1290","3","臺中市","北屯區","120.700","24.160","1839"
"1815","274538","20220830172000","1445","2","臺中市","北區","120.690","24.160","1688"
"1613","274539","20220830172000","2040","0","臺中市","北區","120.680","24.150","1583"
"5759","274540","20220830172000","3042","3","臺中市","北區","120.685","24.150","5195"
"1868","274541","20220830172000","1851","1","臺中市","南區","120.660","24.125","1971"
"1677","274543","20220830172000","1634","1","臺中市","南區","120.675","24.125","1742"
"130","274544","20220830172000","80","3","臺中市","北屯區","120.665","24.185","91"
"554","274545","20220830172000","551","1","臺中市","北屯區","120.725","24.170","683"
"782","274546","20220830172000","1386","0","臺中市","北屯區","120.720","24.175","757"
"1776","274547","20220830172000","1176","3","臺中市","北屯區","120.725","24.175","1672"
"2243","274549","20220830172000","1539","2","臺中市","北屯區","120.725","24.180","2131"
"463","274551","20220830172000","430","1","臺中市","北屯區","120.735","24.180","515"
"4495","274554","20220830172000","3151","2","臺中市","西區","120.675","24.140","3748"
"1003","274556","20220830172000","1135","0","臺中市","大里區","120.675","24.105","1045"
"678","274558","20220830172000","557","2","臺中市","大里區","120.675","24.115","582"
"1933","274559","20220830172000","1486","2","臺中市","西屯區","120.615","24.175","1615"
"1045","274560","20220830172000","899","1","臺中市","西屯區","120.630","24.175","1186"
"2407","274561","20220830172000","2713","0","臺中市","西屯區","120.615","24.180","2412"
"1599","274562","20220830172000","1887","0","臺中市","西屯區","120.625","24.180","1772"
"668","274564","20220830172000","731","0","臺中市","西屯區","120.630","24.180","740"
"1854","274566","20220830172000","1955","0","臺中市","西屯區","120.640","24.175","1876"
"1538","274567","20220830172000","1419","1","臺中市","西屯區","120.635","24.175","1514"
"3228","274568","20220830172000","802","3","臺中市","西屯區","120.635","24.180","2209"
"155","274569","20220830172000","1099","0","臺中市","西屯區","120.630","24.185","125"
"243","274571","20220830172000","547","0","臺中市","北屯區","120.715","24.175","194"
"1069","274572","20220830172000","801","2","臺中市","北屯區","120.715","24.180","1006"
"509","274575","20220830172000","738","0","臺中市","北屯區","120.715","24.185","432"
"64","274577","20220830172000","64","1","臺中市","北屯區","120.730","24.185","94"
"1029","274578","20220830172000","445","3","臺中市","北屯區","120.720","24.185","869"
"1594","274581","20220830172000","2215","0","臺中市","北區","120.665","24.165","1523"
"2205","274582","20220830172000","2276","0","臺中市","北區","120.670","24.165","2307"
"404","274583","20220830172000","407","0","臺中市","南區","120.670","24.125","423"
"875","274585","20220830172000","1265","0","臺中市","西屯區","120.610","24.185","990"
"1960","274586","20220830172000","2338","0","臺中市","西屯區","120.600","24.180","2181"
"1150","274587","20220830172000","1633","0","臺中市","西屯區","120.605","24.180","1193"
"484","274591","20220830172000","1479","0","臺中市","龍井區","120.530","24.180","386"
"725","274593","20220830172000","1581","0","臺中市","烏日區","120.635","24.100","559"
"1846","274595","20220830172000","2713","0","臺中市","烏日區","120.635","24.105","1170"
"914","274596","20220830172000","1075","0","臺中市","烏日區","120.640","24.105","922"
"160","274603","20220830172000","575","0","臺中市","大肚區","120.530","24.160","148"
"3900","274608","20220830172000","3043","2","臺中市","西區","120.670","24.135","3452"
"1422","274609","20220830172000","1790","0","臺中市","西區","120.655","24.150","1039"
"2516","274610","20220830172000","2376","1","臺中市","西區","120.655","24.135","2740"
"2193","274611","20220830172000","2871","0","臺中市","西區","120.655","24.145","2169"
"1871","274612","20220830172000","2208","0","臺中市","西區","120.670","24.130","2041"
"183","274615","20220830172000","276","0","臺中市","太平區","120.735","24.135","183"
"62","274616","20220830172000","26","3","臺中市","太平區","120.740","24.140","46"
"2195","274620","20220830172000","1417","3","臺中市","北區","120.685","24.160","1970"
"2093","274621","20220830172000","1641","2","臺中市","北區","120.675","24.150","2073"
"1848","274623","20220830172000","1571","1","臺中市","北區","120.690","24.150","1907"
"1598","274624","20220830172000","1389","1","臺中市","南區","120.680","24.120","1422"
"2918","274625","20220830172000","1979","2","臺中市","大里區","120.685","24.120","1876"
"869","274626","20220830172000","573","3","臺中市","南區","120.660","24.120","813"
"998","274627","20220830172000","768","2","臺中市","南區","120.675","24.120","800"
"1026","274628","20220830172000","1753","0","臺中市","東區","120.695","24.130","937"
"2181","274629","20220830172000","3042","0","臺中市","西屯區","120.620","24.185","2223"
"740","274630","20220830172000","542","2","臺中市","西屯區","120.615","24.185","865"
"761","274631","20220830172000","994","0","臺中市","西屯區","120.620","24.190","642"
"4150","274632","20220830172000","3133","2","臺中市","西屯區","120.605","24.185","3772"
"2578","274634","20220830172000","1463","3","臺中市","西屯區","120.600","24.185","1511"
"1063","274636","20220830172000","558","3","臺中市","東區","120.705","24.130","1038"
"372","274637","20220830172000","567","0","臺中市","東區","120.705","24.135","332"
"2769","274639","20220830172000","1769","3","臺中市","東區","120.695","24.145","2740"
"351","274640","20220830172000","172","3","臺中市","東區","120.700","24.145","251"
"2081","274641","20220830172000","1188","3","臺中市","東區","120.695","24.125","1857"
"2411","274642","20220830172000","2102","1","臺中市","大里區","120.680","24.110","2529"
"233","274644","20220830172000","245","0","臺中市","大里區","120.665","24.100","251"
"115","274646","20220830172000","608","0","臺中市","大里區","120.665","24.105","81"
"449","274647","20220830172000","414","1","臺中市","大里區","120.670","24.105","544"
"175","274648","20220830172000","633","0","臺中市","大里區","120.665","24.110","80"
"1375","274649","20220830172000","776","3","臺中市","大里區","120.670","24.110","958"
"689","274650","20220830172000","461","2","臺中市","大里區","120.700","24.105","573"
"22","274669","20220830172000","98","0","臺中市","太平區","120.780","24.105","14"
"220","274683","20220830172000","210","1","臺中市","太平區","120.765","24.110","243"
"69","274707","20220830172000","65","1","臺中市","太平區","120.795","24.115","79"
"484","274737","20220830172000","339","2","臺中市","太平區","120.720","24.140","432"
"595","274738","20220830172000","510","1","臺中市","太平區","120.725","24.135","713"
"958","274739","20220830172000","659","2","臺中市","大里區","120.695","24.120","1027"
"143","274741","20220830172000","126","1","臺中市","東區","120.700","24.130","164"
"243","274742","20220830172000","119","3","臺中市","東區","120.700","24.135","176"
"1600","274744","20220830172000","1743","0","臺中市","大里區","120.685","24.105","1379"
"13","274758","20220830172000","18","0","臺中市","新社區","120.825","24.145","21"
"189","274781","20220830172000","100","3","臺中市","新社區","120.825","24.165","196"
"103","274785","20220830172000","80","2","臺中市","新社區","120.835","24.170","109"
"721","274786","20220830172000","459","3","臺中市","西屯區","120.610","24.180","780"
"271","274787","20220830172000","674","0","臺中市","南區","120.680","24.125","141"
"1926","274788","20220830172000","1325","2","臺中市","東區","120.685","24.135","1863"
"5779","274789","20220830172000","4688","2","臺中市","北區","120.685","24.145","5644"
"3482","274790","20220830172000","3653","0","臺中市","北屯區","120.670","24.175","3776"
"819","274792","20220830172000","708","1","臺中市","東區","120.695","24.135","812"
"56","274805","20220830172000","62","0","臺中市","新社區","120.825","24.155","58"
"438","274823","20220830172000","291","3","臺中市","新社區","120.800","24.180","514"
"300","274835","20220830172000","1352","0","臺中市","大肚區","120.540","24.150","229"
"180","274842","20220830172000","308","0","臺中市","大肚區","120.540","24.170","244"
"24","274852","20220830172000","23","1","臺中市","大肚區","120.525","24.175","19"
"168","274869","20220830172000","538","0","臺中市","大肚區","120.545","24.135","141"
"70","274873","20220830172000","311","0","臺中市","大肚區","120.550","24.140","44"
"147","274874","20220830172000","216","0","臺中市","大肚區","120.555","24.140","172"
"1765","274883","20220830172000","1813","0","臺中市","北區","120.670","24.155","1993"
"1435","274884","20220830172000","557","3","臺中市","西屯區","120.655","24.175","1009"
"264","274885","20220830172000","626","0","臺中市","西屯區","120.660","24.175","255"
"3106","274889","20220830172000","1587","3","臺中市","大肚區","120.580","24.110","2678"
"82","274891","20220830172000","402","0","臺中市","大肚區","120.570","24.115","74"
"144","274895","20220830172000","150","0","臺中市","大肚區","120.545","24.145","185"
"382","274897","20220830172000","1417","0","臺中市","大肚區","120.550","24.150","246"
"1221","274905","20220830172000","906","2","臺中市","南區","120.650","24.115","1276"
"665","274907","20220830172000","1106","0","臺中市","南區","120.650","24.120","554"
"1440","274908","20220830172000","875","3","臺中市","南區","120.655","24.120","1227"
"1034","274910","20220830172000","969","1","臺中市","南區","120.645","24.110","1032"
"2296","274911","20220830172000","1494","3","臺中市","南區","120.650","24.110","1957"
"992","274912","20220830172000","1188","0","臺中市","南區","120.655","24.110","1144"
"721","274913","20220830172000","1074","0","臺中市","南區","120.670","24.115","557"
"451","274917","20220830172000","347","2","臺中市","龍井區","120.575","24.180","468"
"1163","274918","20220830172000","770","3","臺中市","龍井區","120.580","24.180","1073"
"249","274921","20220830172000","322","0","臺中市","龍井區","120.580","24.185","314"
"231","274926","20220830172000","214","1","臺中市","新社區","120.815","24.180","201"
"105","274950","20220830172000","75","2","南投縣","國姓鄉","120.855","24.120","98"
"30","274969","20220830172000","44","0","臺中市","新社區","120.840","24.130","43"
"72","274972","20220830172000","45","3","臺中市","新社區","120.855","24.130","83"
"34","274976","20220830172000","18","3","臺中市","新社區","120.875","24.130","28"
"42","274982","20220830172000","54","0","臺中市","新社區","120.855","24.135","50"
"90","274997","20220830172000","62","2","臺中市","和平區","120.885","24.140","110"
"27","275017","20220830172000","91","0","臺中市","新社區","120.865","24.155","19"
"31","275019","20220830172000","74","0","臺中市","新社區","120.875","24.155","31"
"375","275027","20220830172000","154","3","臺中市","新社區","120.885","24.160","350"
"28","275030","20220830172000","90","0","臺中市","新社區","120.885","24.165","32"
"1477","275034","20220830172000","2185","0","臺中市","北區","120.675","24.165","1271"
"4707","275035","20220830172000","2941","3","臺中市","北區","120.680","24.165","4337"
"1556","275036","20220830172000","1844","0","臺中市","北區","120.675","24.170","1564"
"1315","275037","20220830172000","1133","1","臺中市","南區","120.655","24.115","1267"
"1135","275038","20220830172000","2180","0","臺中市","南區","120.660","24.115","1063"
"2038","275039","20220830172000","1833","1","臺中市","南區","120.665","24.120","2226"
"1955","275040","20220830172000","1676","1","臺中市","南區","120.670","24.120","1970"
"241","275041","20220830172000","540","0","臺中市","太平區","120.715","24.115","200"
"915","275042","20220830172000","980","0","臺中市","太平區","120.720","24.120","1036"
"2054","275043","20220830172000","2709","0","臺中市","西屯區","120.645","24.175","2130"
"3286","275044","20220830172000","3022","1","臺中市","西屯區","120.650","24.175","2831"
"818","275045","20220830172000","1678","0","臺中市","西屯區","120.640","24.185","885"
"810","275048","20220830172000","218","3","臺中市","西屯區","120.625","24.155","495"
"820","275049","20220830172000","1040","0","臺中市","西屯區","120.625","24.160","1002"
"1472","275052","20220830172000","999","2","臺中市","龍井區","120.585","24.180","1127"
"2217","275053","20220830172000","1992","1","臺中市","西屯區","120.590","24.185","1976"
"386","275054","20220830172000","576","0","臺中市","龍井區","120.585","24.185","431"
"1065","275055","20220830172000","1129","0","臺中市","龍井區","120.590","24.180","1090"
"346","275056","20220830172000","265","2","臺中市","西屯區","120.595","24.190","379"
"547","275061","20220830172000","632","0","臺中市","東區","120.710","24.145","624"
"2200","275062","20220830172000","1452","3","臺中市","東區","120.710","24.140","1901"
"540","275064","20220830172000","241","3","臺中市","大里區","120.695","24.100","349"
"288","275065","20220830172000","353","0","臺中市","大里區","120.700","24.100","279"
"1193","275066","20220830172000","1282","0","臺中市","大里區","120.685","24.110","1216"
"615","275067","20220830172000","419","2","臺中市","大里區","120.690","24.110","678"
"996","275069","20220830172000","604","3","臺中市","太平區","120.730","24.100","827"
"520","275075","20220830172000","779","0","臺中市","太平區","120.730","24.105","532"
"609","275076","20220830172000","354","3","臺中市","太平區","120.735","24.120","641"
"22","275081","20220830172000","13","3","臺中市","太平區","120.745","24.125","14"
"461","275082","20220830172000","337","2","臺中市","太平區","120.740","24.130","484"
"4126","275083","20220830172000","3438","2","臺中市","北區","120.680","24.155","3737"
"264","275084","20220830172000","243","1","臺中市","太平區","120.750","24.125","293"
"101","275090","20220830172000","52","3","臺中市","太平區","120.755","24.135","110"
"639","275099","20220830172000","516","2","臺中市","太平區","120.735","24.110","686"
"829","275110","20220830172000","759","1","臺中市","西區","120.665","24.130","811"
"1524","275111","20220830172000","1206","2","臺中市","東區","120.690","24.125","1260"
"28","275112","20220830172000","106","0","臺中市","東區","120.685","24.125","16"
"1533","275114","20220830172000","1340","1","臺中市","西區","120.665","24.135","1638"
"2739","275115","20220830172000","2251","2","臺中市","西區","120.670","24.140","2118"
"970","275116","20220830172000","737","2","臺中市","南區","120.655","24.130","1080"
"1025","275118","20220830172000","1166","0","臺中市","北區","120.695","24.155","988"
"1790","275119","20220830172000","1578","1","臺中市","北區","120.695","24.160","1844"
"5917","275120","20220830172000","4570","2","臺中市","西區","120.660","24.135","6502"
"927","275121","20220830172000","1093","0","臺中市","東區","120.685","24.130","1015"
"1674","275122","20220830172000","1008","3","臺中市","南區","120.675","24.130","1759"
"1782","275123","20220830172000","1455","2","臺中市","南屯區","120.635","24.145","1495"
"3899","275124","20220830172000","3010","2","臺中市","南屯區","120.640","24.145","3705"
"2852","275125","20220830172000","2319","2","臺中市","西區","120.670","24.145","2915"
"3177","275126","20220830172000","2941","1","臺中市","北區","120.665","24.160","2963"
"1581","275128","20220830172000","2278","0","臺中市","北區","120.675","24.160","1513"
"1747","275129","20220830172000","1703","1","臺中市","北區","120.675","24.145","1601"
"1306","275130","20220830172000","1233","1","臺中市","北屯區","120.700","24.185","1423"
"558","275133","20220830172000","237","3","臺中市","北屯區","120.660","24.185","677"
"1548","275134","20220830172000","1154","2","臺中市","北屯區","120.660","24.180","1687"
"252","275137","20220830172000","233","1","臺中市","龍井區","120.565","24.175","292"
"3878","275141","20220830172000","4044","0","臺中市","南屯區","120.655","24.140","4075"
"520","275142","20220830172000","1057","0","臺中市","西區","120.665","24.140","348"
"1063","275143","20220830172000","440","3","臺中市","西屯區","120.625","24.185","778"
"2650","275144","20220830172000","2268","1","臺中市","西屯區","120.655","24.160","2867"
"2049","275145","20220830172000","1005","3","臺中市","西屯區","120.650","24.165","1623"
"3443","275146","20220830172000","3202","1","臺中市","西屯區","120.655","24.165","3584"
"147","275147","20220830172000","513","0","臺中市","烏日區","120.600","24.120","95"
"167","275154","20220830172000","462","0","臺中市","烏日區","120.605","24.125","128"
"33","275159","20220830172000","97","0","臺中市","南屯區","120.600","24.130","55"
"61","275166","20220830172000","57","1","臺中市","烏日區","120.590","24.110","57"
"2587","275167","20220830172000","1686","3","臺中市","烏日區","120.595","24.110","2465"
"2539","275174","20220830172000","1247","3","臺中市","烏日區","120.615","24.105","2020"
"2076","275175","20220830172000","1581","2","臺中市","烏日區","120.615","24.110","1646"
"452","275177","20220830172000","977","0","臺中市","烏日區","120.625","24.110","353"
"71","275178","20220830172000","164","0","臺中市","烏日區","120.615","24.115","21"
"1552","275179","20220830172000","2214","0","臺中市","北區","120.685","24.165","1506"
"417","275181","20220830172000","1426","0","臺中市","北屯區","120.725","24.160","450"
"292","275185","20220830172000","255","1","臺中市","北屯區","120.725","24.165","306"
"1278","275187","20220830172000","1130","1","臺中市","北屯區","120.735","24.165","1235"
"25","275188","20220830172000","38","0","臺中市","北屯區","120.740","24.165","29"
"307","275189","20220830172000","321","0","臺中市","北屯區","120.730","24.170","402"
"386","275192","20220830172000","751","0","臺中市","北屯區","120.735","24.175","338"
"519","275193","20220830172000","637","0","臺中市","北屯區","120.740","24.175","527"
"2880","275194","20220830172000","1966","2","臺中市","北區","120.670","24.170","2267"
"771","275195","20220830172000","791","0","臺中市","北屯區","120.690","24.170","827"
"1054","275196","20220830172000","631","3","臺中市","北屯區","120.675","24.175","1076"
"5577","275197","20220830172000","3557","3","臺中市","北屯區","120.680","24.175","5311"
"2962","275198","20220830172000","3040","0","臺中市","北屯區","120.685","24.175","3123"
"3601","275199","20220830172000","3530","1","臺中市","南屯區","120.635","24.150","3258"
"1241","275200","20220830172000","1348","0","臺中市","南屯區","120.640","24.150","1369"
"1602","275201","20220830172000","2505","0","臺中市","南屯區","120.635","24.155","1770"
"1840","275202","20220830172000","1032","3","臺中市","北屯區","120.685","24.190","1885"
"46","275203","20220830172000","148","0","臺中市","南屯區","120.620","24.115","41"
"1430","275204","20220830172000","991","2","臺中市","南屯區","120.625","24.115","1537"
"363","275206","20220830172000","259","2","臺中市","南屯區","120.625","24.120","286"
"2413","275207","20220830172000","1919","2","臺中市","西屯區","120.650","24.180","2047"
"1691","275208","20220830172000","1475","1","臺中市","西屯區","120.635","24.185","1860"
"2693","275209","20220830172000","3783","0","臺中市","西屯區","120.645","24.180","2935"
"1490","275210","20220830172000","2271","0","臺中市","西屯區","120.640","24.180","1653"
"412","275211","20220830172000","307","2","臺中市","西屯區","120.655","24.185","526"
"1079","275212","20220830172000","750","2","臺中市","西屯區","120.660","24.165","1113"
"4493","275213","20220830172000","3298","2","臺中市","西屯區","120.650","24.160","4280"
"406","275214","20220830172000","396","1","臺中市","西屯區","120.665","24.170","423"
"637","275215","20220830172000","431","2","臺中市","大里區","120.710","24.110","521"
"579","275217","20220830172000","1178","0","臺中市","太平區","120.710","24.115","687"
"475","275219","20220830172000","332","2","臺中市","太平區","120.710","24.120","338"
"677","275221","20220830172000","861","0","臺中市","太平區","120.705","24.125","814"
"827","275222","20220830172000","723","1","臺中市","太平區","120.710","24.125","785"
"1335","275223","20220830172000","1566","0","臺中市","太平區","120.715","24.125","1354"
"1305","275227","20220830172000","1083","2","臺中市","北屯區","120.670","24.180","1212"
"692","275228","20220830172000","420","3","臺中市","北屯區","120.665","24.180","655"
"197","275229","20220830172000","594","0","臺中市","北屯區","120.700","24.165","166"
"1374","275230","20220830172000","1990","0","臺中市","北屯區","120.700","24.170","1497"
"684","275231","20220830172000","487","2","臺中市","北屯區","120.705","24.165","870"
"1609","275232","20220830172000","1162","2","臺中市","北屯區","120.675","24.180","1201"
"521","275233","20220830172000","360","2","臺中市","北屯區","120.675","24.185","574"
"2425","275234","20220830172000","1724","2","臺中市","北屯區","120.680","24.180","2839"
"1514","275235","20220830172000","1301","1","臺中市","北屯區","120.670","24.185","1611"
"1324","275237","20220830172000","402","3","臺中市","北屯區","120.675","24.190","1197"
"136","275238","20220830172000","608","0","臺中市","北屯區","120.680","24.185","140"
"2507","275239","20220830172000","3045","0","臺中市","北區","120.680","24.160","2651"
"2860","275240","20220830172000","2007","2","臺中市","南區","120.660","24.110","2081"
"2580","275241","20220830172000","1876","2","臺中市","南區","120.665","24.115","1837"
"1699","275242","20220830172000","1687","1","臺中市","南區","120.665","24.125","1905"
"876","275243","20220830172000","929","0","臺中市","南區","120.655","24.125","917"
"2599","275245","20220830172000","2689","0","臺中市","南屯區","120.645","24.145","2870"
"3457","275246","20220830172000","2761","2","臺中市","西區","120.650","24.145","3202"
"385","275247","20220830172000","482","0","臺中市","南屯區","120.600","24.140","324"
"309","275249","20220830172000","300","1","臺中市","南屯區","120.610","24.140","331"
"461","275250","20220830172000","130","3","臺中市","南屯區","120.615","24.140","260"
"2184","275251","20220830172000","1508","2","臺中市","南屯區","120.600","24.145","2211"
"2157","275252","20220830172000","1538","2","臺中市","南屯區","120.605","24.145","2132"
"859","275253","20220830172000","547","3","臺中市","南屯區","120.610","24.145","774"
"811","275254","20220830172000","835","0","臺中市","南屯區","120.615","24.145","1175"
"824","275255","20220830172000","940","0","臺中市","南屯區","120.620","24.145","754"
"182","275256","20220830172000","167","1","臺中市","南屯區","120.595","24.150","171"
"686","275257","20220830172000","464","2","臺中市","南屯區","120.600","24.150","752"
"37","275258","20220830172000","33","1","臺中市","南屯區","120.605","24.150","29"
"14","275259","20220830172000","23","0","臺中市","南屯區","120.580","24.155","12"
"12","275261","20220830172000","17","0","臺中市","南屯區","120.590","24.155","11"
"1967","275267","20220830172000","1958","1","臺中市","北屯區","120.690","24.185","2007"
"26","275268","20220830172000","23","1","臺中市","北屯區","120.690","24.190","14"
"359","275270","20220830172000","415","0","臺中市","大肚區","120.555","24.130","387"
"468","275272","20220830172000","515","0","臺中市","大肚區","120.555","24.135","557"
"661","275278","20220830172000","934","0","臺中市","南屯區","120.620","24.140","775"
"309","275280","20220830172000","432","0","臺中市","南屯區","120.625","24.145","363"
"630","275281","20220830172000","598","1","臺中市","南屯區","120.630","24.145","697"
"292","275284","20220830172000","317","0","臺中市","南屯區","120.610","24.130","363"
"404","275286","20220830172000","304","2","臺中市","南屯區","120.600","24.135","432"
"520","275288","20220830172000","329","3","臺中市","南屯區","120.610","24.135","400"
"160","275291","20220830172000","229","0","臺中市","南屯區","120.595","24.135","182"
"619","275293","20220830172000","1162","0","臺中市","南屯區","120.605","24.135","765"
"1360","275294","20220830172000","1262","1","臺中市","南屯區","120.615","24.135","1197"
"24","275297","20220830172000","17","2","臺中市","南屯區","120.590","24.140","27"
"49","275298","20220830172000","72","0","臺中市","南屯區","120.595","24.140","51"
"16","275300","20220830172000","17","0","臺中市","南屯區","120.580","24.145","19"
"1249","275302","20220830172000","881","2","臺中市","南屯區","120.590","24.145","1270"
"42","275303","20220830172000","228","0","臺中市","南屯區","120.595","24.145","37"
"808","275307","20220830172000","508","3","臺中市","南屯區","120.590","24.150","723"
"129","275309","20220830172000","119","1","臺中市","南屯區","120.630","24.115","118"
"143","275311","20220830172000","319","0","臺中市","南屯區","120.630","24.120","122"
"708","275312","20220830172000","511","2","臺中市","南屯區","120.635","24.120","619"
"360","275314","20220830172000","99","3","臺中市","南屯區","120.625","24.135","294"
"2194","275315","20220830172000","1906","1","臺中市","南屯區","120.630","24.135","2526"
"1113","275316","20220830172000","1113","1","臺中市","南屯區","120.630","24.140","1310"
"3120","275317","20220830172000","1832","3","臺中市","南屯區","120.635","24.140","3098"
"1728","275318","20220830172000","1190","2","臺中市","南屯區","120.645","24.150","1813"
"1778","275319","20220830172000","1184","3","臺中市","南屯區","120.640","24.140","1897"
"2567","275320","20220830172000","2323","1","臺中市","南屯區","120.645","24.140","2229"
"365","275322","20220830172000","246","2","臺中市","南屯區","120.635","24.125","319"
"441","275325","20220830172000","341","2","臺中市","南屯區","120.635","24.130","403"
"3592","275326","20220830172000","1874","3","臺中市","南屯區","120.645","24.130","3216"
"1059","275328","20220830172000","664","3","臺中市","南屯區","120.640","24.135","1019"
"271","275329","20220830172000","461","0","臺中市","南屯區","120.640","24.130","236"
"143","275330","20220830172000","239","0","臺中市","南屯區","120.620","24.125","186"
"509","275332","20220830172000","437","1","臺中市","南屯區","120.630","24.125","552"
"150","275333","20220830172000","134","1","臺中市","南屯區","120.620","24.130","178"
"126","275336","20220830172000","151","0","臺中市","南屯區","120.640","24.125","153"
"434","275337","20220830172000","523","0","臺中市","南屯區","120.620","24.135","524"
"1253","275340","20220830172000","1577","0","臺中市","太平區","120.700","24.150","1450"
"1587","275341","20220830172000","724","3","臺中市","北區","120.700","24.155","1257"
"3452","275343","20220830172000","1817","3","臺中市","北屯區","120.685","24.180","2924"
"1242","275344","20220830172000","804","3","臺中市","北屯區","120.690","24.180","1085"
"375","275350","20220830172000","432","0","臺中市","北屯區","120.745","24.160","185"
"152","275354","20220830172000","233","0","臺中市","太平區","120.770","24.160","171"
"60","275362","20220830172000","51","1","臺中市","北屯區","120.745","24.170","71"
"221","275365","20220830172000","225","0","臺中市","北屯區","120.760","24.170","215"
"25","275378","20220830172000","28","0","臺中市","北屯區","120.765","24.175","24"
"40","275380","20220830172000","181","0","臺中市","北屯區","120.775","24.175","24"
"107","275382","20220830172000","85","2","臺中市","北屯區","120.785","24.175","127"
"117","275386","20220830172000","106","1","臺中市","北屯區","120.750","24.180","110"
"11","275389","20220830172000","42","0","臺中市","北屯區","120.765","24.180","11"
"769","275391","20220830172000","972","0","臺中市","北屯區","120.710","24.160","735"
"467","275392","20220830172000","355","2","臺中市","北屯區","120.715","24.160","332"
"244","275393","20220830172000","342","0","臺中市","北屯區","120.710","24.165","272"
"1230","275394","20220830172000","807","3","臺中市","北屯區","120.715","24.165","931"
"981","275395","20220830172000","554","3","臺中市","北屯區","120.720","24.165","762"
"1937","275396","20220830172000","1364","2","臺中市","北屯區","120.710","24.170","1659"
"340","275397","20220830172000","305","1","臺中市","北屯區","120.715","24.170","291"
"1186","275398","20220830172000","855","2","臺中市","北屯區","120.720","24.170","1019"
"244","275399","20220830172000","95","3","臺中市","大肚區","120.570","24.150","161"
"138","275400","20220830172000","229","0","臺中市","大肚區","120.570","24.155","144"
"991","275403","20220830172000","935","1","臺中市","大肚區","120.570","24.160","1014"
"47","275420","20220830172000","22","3","臺中市","大肚區","120.535","24.150","24"
"2889","275421","20220830172000","2782","1","臺中市","西區","120.655","24.155","2824"
"3723","275422","20220830172000","2631","2","臺中市","西區","120.660","24.155","3535"
"621","275423","20220830172000","598","1","臺中市","西區","120.660","24.160","601"
"294","275424","20220830172000","203","2","臺中市","大里區","120.675","24.100","226"
"366","275425","20220830172000","421","0","臺中市","大里區","120.680","24.100","350"
"592","275426","20220830172000","308","3","臺中市","大里區","120.680","24.105","437"
"2501","275427","20220830172000","1558","3","臺中市","西區","120.680","24.135","2446"
"737","275428","20220830172000","983","0","臺中市","中區","120.680","24.145","814"
"3492","275429","20220830172000","2272","3","臺中市","中區","120.680","24.140","3925"
"2433","275430","20220830172000","1504","3","臺中市","北屯區","120.680","24.170","2351"
"763","275431","20220830172000","1143","0","臺中市","北屯區","120.685","24.170","719"
"669","275432","20220830172000","798","0","臺中市","北屯區","120.690","24.165","567"
"1369","275433","20220830172000","1223","1","臺中市","北屯區","120.695","24.170","1425"
"3239","275434","20220830172000","2282","2","臺中市","北屯區","120.695","24.175","2830"
"2455","275435","20220830172000","2383","1","臺中市","北屯區","120.690","24.175","2668"
"1623","275436","20220830172000","1529","1","臺中市","南屯區","120.630","24.150","1637"
"1097","275437","20220830172000","774","2","臺中市","南屯區","120.630","24.155","1185"
"343","275439","20220830172000","945","0","臺中市","北屯區","120.710","24.175","444"
"339","275440","20220830172000","374","0","臺中市","北屯區","120.695","24.185","288"
"611","275442","20220830172000","968","0","臺中市","北屯區","120.710","24.180","950"
"841","275443","20220830172000","709","1","臺中市","北屯區","120.705","24.180","596"
"681","275445","20220830172000","664","1","臺中市","北屯區","120.705","24.185","746"
"2046","275457","20220830172000","1473","2","臺中市","北區","120.670","24.160","1680"
"3341","275458","20220830172000","2881","1","臺中市","北區","120.685","24.155","2639"
"1255","275459","20220830172000","1057","1","臺中市","北屯區","120.700","24.175","1448"
"600","275461","20220830172000","536","1","臺中市","大里區","120.710","24.100","672"
"1339","275462","20220830172000","1557","0","臺中市","大里區","120.715","24.100","1463"
"1554","275463","20220830172000","2185","0","臺中市","大里區","120.690","24.105","1635"
"469","275464","20220830172000","748","0","臺中市","大里區","120.695","24.105","410"
"687","275466","20220830172000","904","0","臺中市","大里區","120.685","24.100","626"
"4088","275467","20220830172000","2326","3","臺中市","大里區","120.680","24.115","3511"
"481","275468","20220830172000","405","1","臺中市","大里區","120.685","24.115","423"
"833","275469","20220830172000","983","0","臺中市","南屯區","120.635","24.135","906"
"100","275471","20220830172000","621","0","臺中市","大里區","120.695","24.110","71"
"1259","275477","20220830172000","890","2","臺中市","太平區","120.715","24.155","1398"
"1478","275478","20220830172000","542","3","臺中市","北屯區","120.705","24.170","1174"
"494","275479","20220830172000","301","3","臺中市","北屯區","120.740","24.180","433"
"39","275480","20220830172000","219","0","臺中市","北屯區","120.745","24.180","37"
"30","275487","20220830172000","119","0","臺中市","北屯區","120.745","24.185","27"
"17","275492","20220830172000","17","1","臺中市","北屯區","120.770","24.185","23"
"11","275495","20220830172000","30","0","臺中市","北屯區","120.780","24.185","11"
"50","275502","20220830172000","75","0","臺中市","北屯區","120.765","24.185","49"
"1165","275504","20220830172000","1341","0","臺中市","北屯區","120.695","24.180","1199"
"1613","275505","20220830172000","1339","2","臺中市","西屯區","120.665","24.175","1457"
"863","275506","20220830172000","682","2","臺中市","西屯區","120.640","24.155","846"
"3082","275507","20220830172000","3042","1","臺中市","西屯區","120.645","24.155","2819"
"3168","275508","20220830172000","3790","0","臺中市","西屯區","120.640","24.160","2769"
"2296","275509","20220830172000","2169","1","臺中市","西屯區","120.645","24.160","2608"
"363","275510","20220830172000","1214","0","臺中市","西屯區","120.640","24.165","352"
"5061","275511","20220830172000","4463","1","臺中市","西屯區","120.645","24.165","5311"
"1466","275512","20220830172000","917","3","臺中市","西屯區","120.650","24.170","1130"
"662","275513","20220830172000","483","2","臺中市","太平區","120.720","24.145","705"
"580","275515","20220830172000","481","2","臺中市","太平區","120.715","24.145","541"
"1529","275517","20220830172000","1228","2","臺中市","大里區","120.690","24.115","1361"
"373","275518","20220830172000","384","0","臺中市","大里區","120.690","24.120","453"
"527","275519","20220830172000","230","3","臺中市","東區","120.700","24.125","565"
"12","275540","20220830172000","35","0","臺中市","和平區","120.880","24.180","10"
"28","275662","20220830172000","28","1","臺中市","和平區","120.955","24.160","34"
"23","275685","20220830172000","75","0","臺中市","和平區","120.950","24.165","141"
"28","275710","20220830172000","32","0","臺中市","和平區","120.945","24.170","70"
"20","275716","20220830172000","69","0","臺中市","和平區","120.975","24.170","24"
"20","275771","20220830172000","90","0","臺中市","和平區","120.980","24.180","23"
"202","275829","20220830172000","127","3","臺中市","和平區","120.990","24.185","163"
"221","276007","20220830172000","159","2","臺中市","和平區","120.925","24.180","199"
"267","276027","20220830172000","583","0","臺中市","北屯區","120.700","24.180","395"
"1277","276028","20220830172000","1674","0","臺中市","南區","120.680","24.130","1392"
"1367","276029","20220830172000","2021","0","臺中市","西屯區","120.620","24.180","1327"
"1815","276033","20220830172000","2043","0","臺中市","西屯區","120.650","24.185","1646"
"52","276034","20220830172000","131","0","臺中市","西屯區","120.650","24.190","28"
"22","276036","20220830172000","49","0","臺中市","西屯區","120.630","24.160","20"
"2019","276037","20220830172000","1644","2","臺中市","西屯區","120.635","24.160","2018"
"2260","276039","20220830172000","2518","0","臺中市","西屯區","120.635","24.165","2382"
"465","276040","20220830172000","416","1","臺中市","西屯區","120.630","24.170","532"
"556","276041","20220830172000","605","0","臺中市","西屯區","120.635","24.170","560"
"2233","276043","20220830172000","1387","3","臺中市","太平區","120.715","24.140","2025"
"155","276044","20220830172000","733","0","臺中市","太平區","120.720","24.155","140"
"2146","276045","20220830172000","2481","0","臺中市","西區","120.660","24.140","2299"
"1808","276046","20220830172000","2104","0","臺中市","西區","120.660","24.145","1925"
"1668","276048","20220830172000","984","3","臺中市","南區","120.660","24.130","1382"
"107","276451","20220830172000","160","0","花蓮縣","秀林鄉","121.285","24.140","139"
"275","276521","20220830172000","281","0","花蓮縣","秀林鄉","121.635","24.140","325"
"16","276664","20220830172000","108","0","花蓮縣","秀林鄉","121.625","24.150","20"
"144","276735","20220830172000","78","3","花蓮縣","秀林鄉","121.625","24.155","135"
"14","276802","20220830172000","20","0","花蓮縣","秀林鄉","121.615","24.160","39"
"129","276803","20220830172000","103","2","花蓮縣","秀林鄉","121.620","24.160","182"
"28","276923","20220830172000","45","0","花蓮縣","秀林鄉","121.530","24.170","44"
"104","276945","20220830172000","84","2","花蓮縣","秀林鄉","121.300","24.175","92"
"15","276990","20220830172000","15","1","花蓮縣","秀林鄉","121.520","24.175","15"
"98","277000","20220830172000","49","3","花蓮縣","秀林鄉","121.570","24.175","99"
"23","277001","20220830172000","61","0","花蓮縣","秀林鄉","121.575","24.175","25"
"18","277006","20220830172000","91","0","花蓮縣","秀林鄉","121.600","24.175","32"
"24","277055","20220830172000","18","2","花蓮縣","秀林鄉","121.510","24.180","25"
"427","277116","20220830172000","259","3","花蓮縣","秀林鄉","121.495","24.180","445"
"671","277183","20220830172000","426","3","花蓮縣","秀林鄉","121.655","24.125","711"
"67","277187","20220830172000","64","1","花蓮縣","秀林鄉","121.645","24.135","80"
"317","277214","20220830172000","248","2","花蓮縣","秀林鄉","121.650","24.155","298"
"178","277223","20220830172000","157","1","花蓮縣","秀林鄉","121.655","24.160","203"
"148","277237","20220830172000","147","1","花蓮縣","秀林鄉","121.655","24.170","202"
"1710","277409","20220830172000","2944","0","臺中市","西屯區","120.645","24.170","1711"
"321","277410","20220830172000","295","1","臺中市","太平區","120.730","24.155","374"
"249","277411","20220830172000","581","0","臺中市","太平區","120.735","24.155","212"
"39","277415","20220830172000","190","0","臺中市","大肚區","120.550","24.120","25"
"765","277420","20220830172000","927","0","臺中市","大肚區","120.570","24.120","886"
"189","277421","20220830172000","729","0","臺中市","大肚區","120.575","24.120","150"
"505","277423","20220830172000","478","1","臺中市","大肚區","120.570","24.125","515"
"97","277425","20220830172000","484","0","臺中市","大肚區","120.580","24.125","77"
"70","277426","20220830172000","331","0","臺中市","大肚區","120.570","24.130","51"
"234","277434","20220830172000","264","0","臺中市","大肚區","120.585","24.135","316"
"1555","277437","20220830172000","1514","1","臺中市","大里區","120.705","24.105","1589"
"560","277439","20220830172000","392","2","臺中市","大里區","120.705","24.110","474"
"44","277440","20220830172000","279","0","臺中市","太平區","120.705","24.150","38"
"559","277441","20220830172000","534","1","臺中市","太平區","120.710","24.150","419"
"546","277442","20220830172000","298","3","臺中市","烏日區","120.625","24.100","529"
"819","277443","20220830172000","925","0","臺中市","烏日區","120.630","24.100","811"
"1270","277444","20220830172000","972","2","臺中市","烏日區","120.620","24.105","1388"
"1209","277445","20220830172000","433","3","臺中市","烏日區","120.625","24.105","884"
"527","277450","20220830172000","331","3","臺中市","西屯區","120.595","24.165","524"
"578","277451","20220830172000","597","0","臺中市","西屯區","120.600","24.165","558"
"671","277452","20220830172000","793","0","臺中市","西屯區","120.605","24.165","704"
"944","277453","20220830172000","734","2","臺中市","西屯區","120.610","24.165","821"
"46","277456","20220830172000","300","0","臺中市","西屯區","120.585","24.170","45"
"2018","277457","20220830172000","2189","0","臺中市","西屯區","120.590","24.170","2140"
"368","277458","20220830172000","245","3","臺中市","西屯區","120.595","24.170","397"
"26","277459","20220830172000","31","0","臺中市","西屯區","120.600","24.170","25"
"309","277460","20220830172000","277","1","臺中市","西屯區","120.605","24.170","287"
"933","277461","20220830172000","1239","0","臺中市","西屯區","120.610","24.170","1005"
"153","277462","20220830172000","217","0","臺中市","西屯區","120.615","24.170","169"
"720","277463","20220830172000","815","0","臺中市","西屯區","120.620","24.170","842"
"73","277465","20220830172000","310","0","臺中市","西屯區","120.585","24.175","64"
"368","277467","20220830172000","521","0","臺中市","西屯區","120.605","24.175","418"
"1515","277468","20220830172000","1039","2","臺中市","西屯區","120.595","24.175","1465"
"630","277471","20220830172000","453","2","臺中市","西屯區","120.620","24.175","682"
"74","277472","20220830172000","78","0","臺中市","西屯區","120.625","24.175","83"
"623","277473","20220830172000","1459","0","臺中市","西屯區","120.595","24.180","552"
"549","277474","20220830172000","1070","0","臺中市","西屯區","120.595","24.185","585"
"311","277475","20220830172000","1212","0","臺中市","西屯區","120.600","24.175","292"
"1737","277477","20220830172000","1837","0","臺中市","太平區","120.720","24.130","1800"
"87","277478","20220830172000","518","0","臺中市","太平區","120.710","24.130","76"
"269","277480","20220830172000","1309","0","臺中市","太平區","120.715","24.135","187"
"2076","277481","20220830172000","1428","2","臺中市","太平區","120.730","24.150","1941"
"63","277483","20220830172000","184","0","臺中市","大肚區","120.575","24.170","42"
"597","277484","20220830172000","820","0","臺中市","大肚區","120.580","24.170","598"
"1302","277487","20220830172000","1375","0","臺中市","大肚區","120.545","24.155","1399"
"163","277488","20220830172000","537","0","臺中市","大肚區","120.540","24.160","131"
"528","277489","20220830172000","559","0","臺中市","大肚區","120.545","24.160","564"
"880","277492","20220830172000","340","3","臺中市","大肚區","120.535","24.165","731"
"550","277493","20220830172000","881","0","臺中市","大里區","120.690","24.100","628"
"581","277496","20220830172000","371","3","臺中市","太平區","120.735","24.105","456"
"618","277503","20220830172000","767","0","臺中市","太平區","120.730","24.140","685"
"651","277504","20220830172000","1216","0","臺中市","太平區","120.735","24.140","707"
"68","277507","20220830172000","54","2","臺中市","太平區","120.730","24.145","32"
"847","277508","20220830172000","999","0","臺中市","太平區","120.735","24.145","661"
"1109","277520","20220830172000","1014","1","臺中市","太平區","120.740","24.155","1201"
"441","277531","20220830172000","1187","0","臺中市","太平區","120.730","24.125","311"
"127","277532","20220830172000","195","0","臺中市","太平區","120.725","24.130","95"
"1194","277533","20220830172000","1467","0","臺中市","東區","120.690","24.130","1305"
"1511","277534","20220830172000","1898","0","臺中市","東區","120.690","24.140","1481"
"2827","277535","20220830172000","2279","2","臺中市","中區","120.685","24.140","3276"
"33","277537","20220830172000","162","0","臺中市","太平區","120.735","24.130","28"
"683","277538","20220830172000","1319","0","臺中市","太平區","120.720","24.100","676"
"1748","277540","20220830172000","921","3","臺中市","太平區","120.720","24.105","1400"
"857","277541","20220830172000","940","0","臺中市","太平區","120.725","24.140","960"
"670","277542","20220830172000","447","2","臺中市","太平區","120.730","24.135","515"
"1890","277544","20220830172000","963","3","臺中市","龍井區","120.540","24.175","1588"
"1634","277557","20220830172000","474","3","臺中市","大肚區","120.560","24.125","1212"
"102","277558","20220830172000","435","0","臺中市","大肚區","120.565","24.125","35"
"493","277564","20220830172000","535","0","臺中市","龍井區","120.575","24.175","461"
"415","277565","20220830172000","703","0","臺中市","龍井區","120.580","24.175","431"
"652","277566","20220830172000","613","1","臺中市","太平區","120.725","24.145","641"
"729","277567","20220830172000","573","2","臺中市","太平區","120.720","24.125","664"
"25","277587","20220830172000","19","2","臺中市","東勢區","120.855","24.175","25"
"80","277597","20220830172000","66","2","臺中市","東勢區","120.840","24.185","99"
"28","277611","20220830172000","21","2","臺中市","東勢區","120.865","24.185","33"
"590","277614","20220830172000","701","0","臺中市","太平區","120.710","24.135","685"
"1321","277615","20220830172000","1410","0","臺中市","東區","120.705","24.140","1402"
"12","277616","20220830172000","962","0","臺中市","東區","120.705","24.145","11"
"1431","277617","20220830172000","1078","2","臺中市","東區","120.695","24.150","1364"
"335","277618","20220830172000","1170","0","臺中市","太平區","120.705","24.155","279"
"674","277619","20220830172000","673","1","臺中市","太平區","120.705","24.160","646"
"1219","277620","20220830172000","703","3","臺中市","太平區","120.710","24.155","1350"
"1323","277621","20220830172000","1150","1","臺中市","東區","120.690","24.135","1440"
"718","277622","20220830172000","584","2","臺中市","東區","120.690","24.145","653"
"1954","277623","20220830172000","1644","1","臺中市","東區","120.700","24.140","2083"
"2142","277624","20220830172000","2224","0","臺中市","北區","120.675","24.155","2375"
"1296","277625","20220830172000","1692","0","臺中市","西區","120.660","24.150","1598"
"3129","277626","20220830172000","3148","0","臺中市","西區","120.665","24.155","3798"
"38","277630","20220830172000","274","0","臺中市","龍井區","120.550","24.185","33"
"180","277637","20220830172000","186","0","臺中市","烏日區","120.650","24.105","181"
"757","277638","20220830172000","634","1","臺中市","烏日區","120.655","24.105","751"
"3717","277639","20220830172000","2928","2","臺中市","西屯區","120.640","24.170","3778"
"1099","277640","20220830172000","1879","0","臺中市","西屯區","120.655","24.170","1174"
"4170","277641","20220830172000","4210","0","臺中市","西屯區","120.660","24.170","4031"
"1443","277642","20220830172000","1484","0","臺中市","太平區","120.720","24.150","1377"
"219","277643","20220830172000","160","2","臺中市","太平區","120.725","24.150","195"
"1143","277644","20220830172000","973","1","臺中市","太平區","120.725","24.155","1137"
"995","277646","20220830172000","533","3","臺中市","烏日區","120.605","24.105","1056"
"482","277647","20220830172000","247","3","臺中市","烏日區","120.610","24.105","430"
"251","277648","20220830172000","262","0","臺中市","烏日區","120.600","24.110","229"
"2305","277649","20220830172000","2015","1","臺中市","烏日區","120.605","24.110","1702"
"51","277650","20220830172000","53","0","臺中市","烏日區","120.610","24.110","66"
"303","277652","20220830172000","349","0","臺中市","烏日區","120.605","24.115","319"
"168","277655","20220830172000","144","1","臺中市","烏日區","120.595","24.120","182"
"539","277656","20220830172000","1262","0","臺中市","烏日區","120.635","24.110","431"
"971","277657","20220830172000","906","1","臺中市","烏日區","120.640","24.110","965"
"5632","277661","20220830172000","2919","3","臺中市","西區","120.665","24.150","5193"
"1060","277662","20220830172000","879","2","臺中市","西區","120.670","24.150","931"
"1702","277663","20220830172000","2747","0","臺中市","西區","120.675","24.135","1750"
"2309","277664","20220830172000","1758","2","臺中市","西區","120.665","24.145","2209"
"253","277681","20220830172000","213","1","花蓮縣","秀林鄉","121.630","24.115","273"
"105","277712","20220830172000","96","1","花蓮縣","秀林鄉","121.630","24.125","127"
"241","277713","20220830172000","221","1","花蓮縣","秀林鄉","121.635","24.125","270"
"274","277756","20220830172000","222","2","花蓮縣","新城鄉","121.615","24.100","366"
"270","277759","20220830172000","212","2","花蓮縣","新城鄉","121.620","24.105","470"
"453","277766","20220830172000","295","3","花蓮縣","新城鄉","121.640","24.115","507"
"98","277799","20220830172000","100","0","花蓮縣","新城鄉","121.650","24.125","103"
"282","277805","20220830172000","286","0","花蓮縣","新城鄉","121.645","24.130","339"
"73","277807","20220830172000","43","3","彰化縣","彰化市","120.545","24.100","49"
"1480","277812","20220830172000","1084","2","彰化縣","和美鎮","120.495","24.115","1293"
"313","277817","20220830172000","270","1","彰化縣","彰化市","120.560","24.105","341"
"453","277821","20220830172000","171","3","彰化縣","和美鎮","120.505","24.140","432"
"1094","277830","20220830172000","1144","0","彰化縣","和美鎮","120.500","24.105","1122"
"2597","277831","20220830172000","2102","2","彰化縣","和美鎮","120.495","24.110","2405"
"2190","277832","20220830172000","1357","3","彰化縣","和美鎮","120.500","24.110","1779"
"112","277834","20220830172000","807","0","彰化縣","伸港鄉","120.480","24.140","124"
"106","277848","20220830172000","95","1","南投縣","國姓鄉","120.895","24.110","112"
"17","277865","20220830172000","18","0","南投縣","國姓鄉","120.850","24.105","22"
"64","277866","20220830172000","58","1","南投縣","國姓鄉","120.855","24.105","68"
"441","277889","20220830172000","398","1","彰化縣","和美鎮","120.490","24.110","463"
"236","277890","20220830172000","301","0","彰化縣","和美鎮","120.490","24.115","238"
"229","277892","20220830172000","273","0","彰化縣","和美鎮","120.515","24.125","253"
"64","277895","20220830172000","42","3","彰化縣","和美鎮","120.520","24.130","58"
"623","277898","20220830172000","355","3","彰化縣","和美鎮","120.515","24.135","594"
"356","277902","20220830172000","324","1","彰化縣","和美鎮","120.500","24.130","407"
"57","277906","20220830172000","27","3","彰化縣","和美鎮","120.505","24.135","48"
"74","277907","20220830172000","30","3","彰化縣","和美鎮","120.510","24.135","54"
"1696","277912","20220830172000","1123","3","彰化縣","和美鎮","120.490","24.120","1583"
"648","277913","20220830172000","504","2","彰化縣","和美鎮","120.495","24.120","649"
"270","277919","20220830172000","566","0","彰化縣","伸港鄉","120.510","24.160","249"
"372","277922","20220830172000","269","2","彰化縣","伸港鄉","120.510","24.165","388"
"393","277925","20220830172000","1324","0","彰化縣","伸港鄉","120.505","24.170","368"
"456","277926","20220830172000","324","2","彰化縣","伸港鄉","120.510","24.170","403"
"325","277931","20220830172000","121","3","彰化縣","伸港鄉","120.505","24.180","371"
"968","277935","20220830172000","801","2","彰化縣","彰化市","120.575","24.100","1179"
"76","277953","20220830172000","414","0","彰化縣","和美鎮","120.530","24.110","41"
"81","277963","20220830172000","16","3","彰化縣","和美鎮","120.535","24.105","52"
"220","277967","20220830172000","840","0","彰化縣","和美鎮","120.545","24.110","139"
"30","277968","20220830172000","24","2","彰化縣","和美鎮","120.540","24.115","23"
"98","277971","20220830172000","57","3","彰化縣","和美鎮","120.530","24.100","59"
"1236","277975","20220830172000","1084","1","彰化縣","和美鎮","120.525","24.115","1280"
"55","277978","20220830172000","27","3","彰化縣","和美鎮","120.485","24.135","42"
"162","277979","20220830172000","164","0","彰化縣","和美鎮","120.485","24.140","147"
"880","277980","20220830172000","1927","0","彰化縣","伸港鄉","120.485","24.145","855"
"322","277982","20220830172000","497","0","彰化縣","伸港鄉","120.490","24.150","297"
"425","277984","20220830172000","144","3","彰化縣","伸港鄉","120.470","24.145","381"
"129","277985","20220830172000","327","0","彰化縣","伸港鄉","120.475","24.145","120"
"248","277994","20220830172000","544","0","彰化縣","伸港鄉","120.500","24.140","243"
"210","277998","20220830172000","198","1","彰化縣","伸港鄉","120.480","24.155","195"
"582","278002","20220830172000","509","1","彰化縣","和美鎮","120.490","24.105","548"
"58","278003","20220830172000","107","0","彰化縣","和美鎮","120.490","24.125","61"
"559","278011","20220830172000","365","3","彰化縣","和美鎮","120.515","24.105","532"
"477","278012","20220830172000","488","0","彰化縣","和美鎮","120.510","24.110","560"
"250","278018","20220830172000","523","0","彰化縣","和美鎮","120.510","24.150","236"
"26","278019","20220830172000","179","0","彰化縣","伸港鄉","120.510","24.155","20"
"89","278026","20220830172000","576","0","彰化縣","線西鄉","120.455","24.145","87"
"583","278032","20220830172000","266","3","彰化縣","伸港鄉","120.450","24.155","539"
"779","278037","20220830172000","930","0","彰化縣","和美鎮","120.500","24.115","873"
"1184","278047","20220830172000","742","3","彰化縣","和美鎮","120.490","24.130","1303"
"1088","278050","20220830172000","534","3","彰化縣","和美鎮","120.490","24.100","987"
"1907","278052","20220830172000","701","3","彰化縣","和美鎮","120.515","24.100","2023"
"1312","278053","20220830172000","586","3","彰化縣","和美鎮","120.520","24.100","1084"
"115","278058","20220830172000","100","1","彰化縣","和美鎮","120.485","24.100","137"
"285","278060","20220830172000","370","0","彰化縣","和美鎮","120.485","24.110","324"
"96","278065","20220830172000","153","0","彰化縣","伸港鄉","120.475","24.155","118"
"76","278066","20220830172000","28","3","彰化縣","伸港鄉","120.470","24.160","76"
"33","278084","20220830172000","26","2","彰化縣","伸港鄉","120.485","24.180","37"
"902","278099","20220830172000","826","1","彰化縣","和美鎮","120.530","24.105","997"
"478","278100","20220830172000","480","0","彰化縣","和美鎮","120.515","24.120","544"
"185","278175","20220830172000","181","1","南投縣","仁愛鄉","121.190","24.145","206"
"412","278457","20220830172000","327","2","南投縣","仁愛鄉","121.205","24.110","493"
"151","278506","20220830172000","205","0","南投縣","仁愛鄉","121.270","24.140","287"
"71","278518","20220830172000","59","2","南投縣","仁愛鄉","121.285","24.160","92"
"149","278973","20220830172000","104","2","南投縣","仁愛鄉","121.185","24.120","184"
"267","279090","20220830172000","323","0","南投縣","仁愛鄉","121.170","24.155","318"
"71","279213","20220830172000","66","1","南投縣","仁愛鄉","121.200","24.180","44"
"170","279218","20220830172000","181","0","南投縣","仁愛鄉","121.225","24.180","197"
"512","279255","20220830172000","1648","0","彰化縣","伸港鄉","120.485","24.160","485"
"346","279258","20220830172000","653","0","彰化縣","伸港鄉","120.495","24.160","331"
"89","279282","20220830172000","72","2","彰化縣","線西鄉","120.420","24.130","99"
"105","279286","20220830172000","396","0","彰化縣","和美鎮","120.480","24.105","75"
"65","279292","20220830172000","343","0","彰化縣","鹿港鎮","120.460","24.105","56"
"36","279293","20220830172000","373","0","彰化縣","鹿港鎮","120.465","24.105","46"
"779","279295","20220830172000","262","3","彰化縣","鹿港鎮","120.465","24.110","689"
"378","279296","20220830172000","190","3","彰化縣","鹿港鎮","120.460","24.115","400"
"1768","279303","20220830172000","1094","3","彰化縣","線西鄉","120.465","24.130","1712"
"173","279311","20220830172000","643","0","彰化縣","線西鄉","120.435","24.140","175"
"546","279350","20220830172000","371","2","彰化縣","鹿港鎮","120.450","24.115","604"
"34","279355","20220830172000","103","0","彰化縣","鹿港鎮","120.415","24.120","42"
"283","279359","20220830172000","174","3","彰化縣","鹿港鎮","120.455","24.120","266"
"41","279366","20220830172000","29","2","彰化縣","線西鄉","120.460","24.130","33"
"1269","279368","20220830172000","1138","1","彰化縣","線西鄉","120.430","24.130","1307"
"1204","279371","20220830172000","792","3","彰化縣","線西鄉","120.425","24.135","1209"
"40","279375","20220830172000","292","0","彰化縣","線西鄉","120.470","24.135","31"
"314","279379","20220830172000","133","3","彰化縣","線西鄉","120.440","24.150","312"
"603","279387","20220830172000","467","2","彰化縣","線西鄉","120.445","24.150","595"
"516","279389","20220830172000","378","2","彰化縣","線西鄉","120.480","24.115","482"
"315","279392","20220830172000","226","2","彰化縣","和美鎮","120.485","24.120","299"
"309","279396","20220830172000","376","0","彰化縣","線西鄉","120.480","24.125","325"
"848","279398","20220830172000","521","3","彰化縣","線西鄉","120.470","24.130","831"
"35","285400","20220830172000","29","2","臺中市","清水區","120.555","24.270","35"
"295","285401","20220830172000","236","2","臺中市","清水區","120.560","24.270","278"
"2840","285403","20220830172000","1645","3","臺中市","清水區","120.550","24.275","2280"
"489","285405","20220830172000","665","0","臺中市","清水區","120.540","24.275","614"
"164","285406","20220830172000","460","0","臺中市","北屯區","120.665","24.195","121"
"798","285409","20220830172000","667","1","臺中市","北屯區","120.680","24.195","894"
"661","285410","20220830172000","598","1","臺中市","北屯區","120.665","24.200","783"
"552","285412","20220830172000","588","0","臺中市","北屯區","120.675","24.200","679"
"473","285413","20220830172000","430","1","臺中市","北屯區","120.680","24.200","625"
"677","285414","20220830172000","742","0","臺中市","北屯區","120.685","24.200","854"
"72","285415","20220830172000","29","3","臺中市","北屯區","120.665","24.190","54"
"989","285416","20220830172000","602","3","臺中市","北屯區","120.670","24.190","1084"
"58","285418","20220830172000","739","0","臺中市","沙鹿區","120.560","24.240","66"
"2372","285419","20220830172000","2596","0","臺中市","沙鹿區","120.565","24.240","2205"
"40","285422","20220830172000","52","0","臺中市","沙鹿區","120.565","24.245","45"
"152","285423","20220830172000","474","0","臺中市","沙鹿區","120.570","24.245","191"
"427","285425","20220830172000","381","1","臺中市","沙鹿區","120.560","24.250","332"
"361","285428","20220830172000","407","0","臺中市","沙鹿區","120.565","24.255","431"
"1072","285431","20220830172000","647","3","臺中市","清水區","120.575","24.275","1182"
"1397","285434","20220830172000","1065","2","臺中市","潭子區","120.715","24.205","1272"
"473","285437","20220830172000","472","1","臺中市","潭子區","120.700","24.200","625"
"724","285439","20220830172000","371","3","臺中市","潭子區","120.700","24.205","594"
"452","285440","20220830172000","416","1","臺中市","潭子區","120.700","24.210","462"
"1779","285441","20220830172000","1446","2","臺中市","潭子區","120.705","24.210","1650"
"893","285442","20220830172000","1382","0","臺中市","潭子區","120.700","24.215","780"
"107","285443","20220830172000","171","0","臺中市","潭子區","120.710","24.195","99"
"53","285444","20220830172000","44","2","臺中市","潭子區","120.705","24.200","44"
"401","285445","20220830172000","378","1","臺中市","潭子區","120.710","24.200","394"
"954","285446","20220830172000","1298","0","臺中市","潭子區","120.705","24.205","1079"
"2571","285447","20220830172000","1613","3","臺中市","潭子區","120.710","24.205","2287"
"1060","285453","20220830172000","631","3","臺中市","潭子區","120.720","24.195","882"
"983","285454","20220830172000","967","1","臺中市","潭子區","120.725","24.195","931"
"817","285459","20220830172000","564","2","臺中市","潭子區","120.725","24.200","799"
"1059","285460","20220830172000","1514","0","臺中市","潭子區","120.730","24.200","1260"
"14","285463","20220830172000","34","0","臺中市","潭子區","120.735","24.205","14"
"58","285468","20220830172000","67","0","臺中市","潭子區","120.745","24.210","68"
"3317","285469","20220830172000","2366","2","臺中市","北屯區","120.705","24.190","3176"
"63","285470","20220830172000","55","1","臺中市","北屯區","120.705","24.195","45"
"38","285471","20220830172000","160","0","臺中市","西屯區","120.645","24.190","20"
"377","285472","20220830172000","302","2","臺中市","大雅區","120.615","24.235","383"
"569","285473","20220830172000","342","3","臺中市","沙鹿區","120.610","24.240","566"
"167","285474","20220830172000","624","0","臺中市","沙鹿區","120.615","24.240","158"
"46","285488","20220830172000","108","0","臺中市","沙鹿區","120.575","24.240","38"
"246","285500","20220830172000","236","1","臺中市","沙鹿區","120.560","24.225","216"
"696","285503","20220830172000","961","0","臺中市","沙鹿區","120.565","24.225","771"
"162","285504","20220830172000","469","0","臺中市","神岡區","120.655","24.250","137"
"27","285505","20220830172000","19","2","臺中市","神岡區","120.660","24.250","27"
"50","285507","20220830172000","51","0","臺中市","神岡區","120.660","24.255","36"
"71","285509","20220830172000","428","0","臺中市","神岡區","120.675","24.260","56"
"677","285515","20220830172000","740","0","臺中市","神岡區","120.680","24.265","812"
"149","285519","20220830172000","537","0","臺中市","神岡區","120.655","24.275","116"
"962","285522","20220830172000","1576","0","臺中市","豐原區","120.705","24.240","848"
"1068","285523","20220830172000","649","3","臺中市","豐原區","120.700","24.245","930"
"812","285524","20220830172000","941","0","臺中市","豐原區","120.705","24.245","662"
"236","285525","20220830172000","253","0","臺中市","龍井區","120.560","24.190","234"
"698","285526","20220830172000","339","3","臺中市","龍井區","120.535","24.195","589"
"58","285527","20220830172000","45","2","臺中市","龍井區","120.540","24.195","63"
"277","285528","20220830172000","324","0","臺中市","龍井區","120.545","24.195","316"
"505","285531","20220830172000","343","2","臺中市","龍井區","120.560","24.195","514"
"424","285533","20220830172000","571","0","臺中市","龍井區","120.545","24.200","497"
"340","285536","20220830172000","204","3","臺中市","龍井區","120.560","24.200","310"
"996","285538","20220830172000","790","2","臺中市","潭子區","120.705","24.215","856"
"63","285539","20220830172000","69","0","臺中市","潭子區","120.700","24.220","90"
"2632","285540","20220830172000","2360","1","臺中市","潭子區","120.705","24.220","2504"
"4391","285541","20220830172000","4042","1","臺中市","潭子區","120.705","24.225","4096"
"258","285542","20220830172000","333","0","臺中市","龍井區","120.590","24.190","278"
"311","285544","20220830172000","373","0","臺中市","西屯區","120.605","24.190","233"
"1818","285547","20220830172000","794","3","臺中市","神岡區","120.690","24.265","1311"
"428","285549","20220830172000","174","3","臺中市","神岡區","120.685","24.270","418"
"300","285551","20220830172000","164","3","臺中市","神岡區","120.675","24.275","259"
"492","285553","20220830172000","451","1","臺中市","神岡區","120.685","24.275","482"
"753","285559","20220830172000","271","3","臺中市","神岡區","120.690","24.275","729"
"976","285561","20220830172000","734","2","臺中市","神岡區","120.680","24.240","1032"
"403","285565","20220830172000","394","1","臺中市","神岡區","120.680","24.245","442"
"118","285567","20220830172000","848","0","臺中市","神岡區","120.675","24.250","1173"
"1526","285568","20220830172000","1111","2","臺中市","神岡區","120.685","24.245","1377"
"117","285569","20220830172000","45","3","臺中市","神岡區","120.680","24.250","68"
"52","285570","20220830172000","238","0","臺中市","神岡區","120.685","24.250","37"
"268","285571","20220830172000","126","3","臺中市","神岡區","120.690","24.250","178"
"360","285573","20220830172000","278","2","臺中市","神岡區","120.685","24.255","333"
"120","285574","20220830172000","143","0","臺中市","神岡區","120.690","24.255","153"
"2032","285581","20220830172000","1595","2","臺中市","沙鹿區","120.555","24.230","1992"
"1963","285582","20220830172000","1864","1","臺中市","沙鹿區","120.555","24.235","1910"
"153","285584","20220830172000","380","0","臺中市","沙鹿區","120.580","24.250","191"
"626","285593","20220830172000","601","1","臺中市","沙鹿區","120.600","24.255","705"
"394","285599","20220830172000","308","2","臺中市","沙鹿區","120.600","24.260","369"
"751","285602","20220830172000","266","3","臺中市","沙鹿區","120.585","24.265","690"
"654","285607","20220830172000","263","3","臺中市","大雅區","120.655","24.210","529"
"470","285613","20220830172000","625","0","臺中市","大雅區","120.665","24.220","412"
"92","285618","20220830172000","358","0","臺中市","新社區","120.805","24.250","79"
"670","285621","20220830172000","413","3","臺中市","新社區","120.805","24.255","685"
"918","285626","20220830172000","689","2","臺中市","梧棲區","120.515","24.260","1188"
"477","285627","20220830172000","387","2","臺中市","梧棲區","120.520","24.260","737"
"132","285630","20220830172000","377","0","臺中市","梧棲區","120.515","24.270","110"
"1123","285634","20220830172000","1148","0","臺中市","梧棲區","120.535","24.255","1069"
"840","285635","20220830172000","420","3","臺中市","梧棲區","120.550","24.255","678"
"336","285637","20220830172000","628","0","臺中市","梧棲區","120.560","24.255","358"
"715","285638","20220830172000","734","0","臺中市","梧棲區","120.540","24.260","875"
"351","285642","20220830172000","521","0","臺中市","梧棲區","120.555","24.240","358"
"2418","285644","20220830172000","1343","3","臺中市","梧棲區","120.545","24.245","2144"
"1260","285646","20220830172000","1615","0","臺中市","神岡區","120.695","24.245","1089"
"586","285648","20220830172000","600","0","臺中市","神岡區","120.695","24.255","644"
"271","285657","20220830172000","315","0","臺中市","梧棲區(海)","120.490","24.255","333"
"65","285659","20220830172000","87","0","臺中市","梧棲區(海)","120.500","24.255","36"
"326","285667","20220830172000","325","1","臺中市","梧棲區(海)","120.500","24.265","438"
"157","285671","20220830172000","151","1","臺中市","梧棲區(海)","120.500","24.270","114"
"103","285677","20220830172000","81","2","臺中市","梧棲區(海)","120.505","24.275","98"
"31","285681","20220830172000","221","0","臺中市","梧棲區","120.525","24.260","27"
"152","285682","20220830172000","137","1","臺中市","梧棲區","120.530","24.260","144"
"337","285683","20220830172000","286","1","臺中市","北屯區","120.790","24.205","317"
"392","285685","20220830172000","217","3","臺中市","新社區","120.805","24.190","410"
"99","285695","20220830172000","97","1","臺中市","新社區","120.815","24.200","103"
"169","285697","20220830172000","195","0","臺中市","新社區","120.805","24.205","174"
"197","285701","20220830172000","124","3","臺中市","新社區","120.805","24.210","180"
"253","285707","20220830172000","273","0","臺中市","新社區","120.800","24.220","306"
"219","285713","20220830172000","117","3","臺中市","新社區","120.795","24.235","211"
"68","285717","20220830172000","305","0","臺中市","新社區","120.795","24.230","65"
"162","285720","20220830172000","133","2","臺中市","新社區","120.780","24.230","176"
"91","285727","20220830172000","329","0","臺中市","新社區","120.785","24.235","112"
"816","285738","20220830172000","641","2","臺中市","神岡區","120.700","24.250","847"
"1126","285742","20220830172000","470","3","臺中市","神岡區","120.645","24.250","887"
"203","285745","20220830172000","204","0","臺中市","神岡區","120.645","24.255","160"
"272","285747","20220830172000","142","3","臺中市","神岡區","120.635","24.260","288"
"573","285750","20220830172000","1066","0","臺中市","豐原區","120.710","24.245","543"
"1386","285752","20220830172000","652","3","臺中市","豐原區","120.720","24.260","1403"
"2922","285754","20220830172000","2226","2","臺中市","豐原區","120.720","24.265","2915"
"457","285758","20220830172000","290","3","臺中市","豐原區","120.715","24.275","360"
"1084","285759","20220830172000","431","3","臺中市","豐原區","120.720","24.275","1001"
"364","285761","20220830172000","420","0","臺中市","豐原區","120.720","24.280","451"
"890","285764","20220830172000","884","1","臺中市","梧棲區","120.545","24.240","738"
"1931","285765","20220830172000","2099","0","臺中市","梧棲區","120.540","24.245","1798"
"989","285766","20220830172000","720","2","臺中市","梧棲區","120.520","24.255","1022"
"1082","285767","20220830172000","1044","1","臺中市","梧棲區","120.525","24.255","976"
"189","285773","20220830172000","199","0","臺中市","新社區","120.810","24.225","201"
"701","285777","20220830172000","512","2","臺中市","新社區","120.805","24.230","603"
"1791","285782","20220830172000","1247","2","臺中市","豐原區","120.725","24.255","2093"
"594","285783","20220830172000","755","0","臺中市","豐原區","120.705","24.250","658"
"791","285785","20220830172000","495","3","臺中市","豐原區","120.720","24.240","771"
"1864","285787","20220830172000","1314","2","臺中市","豐原區","120.715","24.235","1658"
"1393","285788","20220830172000","1320","1","臺中市","豐原區","120.720","24.235","1528"
"603","285789","20220830172000","463","2","臺中市","豐原區","120.725","24.235","540"
"3486","285791","20220830172000","1579","3","臺中市","豐原區","120.715","24.245","2962"
"90","285792","20220830172000","67","2","臺中市","豐原區","120.710","24.240","85"
"122","285793","20220830172000","78","3","臺中市","豐原區","120.725","24.250","137"
"386","285796","20220830172000","207","3","臺中市","豐原區","120.740","24.240","358"
"961","285799","20220830172000","977","0","臺中市","豐原區","120.730","24.245","638"
"678","285800","20220830172000","415","3","臺中市","豐原區","120.735","24.245","685"
"370","285803","20220830172000","453","0","臺中市","豐原區","120.730","24.250","992"
"1189","285804","20220830172000","571","3","臺中市","豐原區","120.735","24.250","1027"
"932","285805","20220830172000","639","2","臺中市","豐原區","120.740","24.250","826"
"64","285806","20220830172000","600","0","臺中市","龍井區","120.525","24.210","56"
"554","285812","20220830172000","714","0","臺中市","龍井區","120.515","24.215","531"
"786","285819","20220830172000","868","0","臺中市","龍井區","120.510","24.220","837"
"730","285821","20220830172000","610","1","臺中市","龍井區","120.520","24.220","829"
"1920","285822","20220830172000","925","3","臺中市","龍井區","120.525","24.220","1944"
"295","285849","20220830172000","777","0","臺中市","新社區","120.805","24.240","242"
"216","285852","20220830172000","115","3","臺中市","新社區","120.820","24.205","250"
"14","285856","20220830172000","81","0","臺中市","北屯區","120.780","24.210","10"
"31","285859","20220830172000","196","0","臺中市","新社區","120.795","24.210","18"
"572","285862","20220830172000","245","3","臺中市","新社區","120.780","24.215","593"
"326","285867","20220830172000","248","2","臺中市","新社區","120.775","24.220","327"
"101","285871","20220830172000","98","1","臺中市","新社區","120.775","24.225","111"
"253","285886","20220830172000","193","2","臺中市","梧棲區","120.515","24.225","270"
"161","285894","20220830172000","252","0","臺中市","清水區","120.635","24.265","162"
"1015","285910","20220830172000","858","1","臺中市","梧棲區","120.535","24.250","845"
"49","285912","20220830172000","285","0","臺中市","梧棲區","120.545","24.250","40"
"355","285914","20220830172000","334","1","臺中市","梧棲區","120.540","24.255","344"
"444","285916","20220830172000","416","1","臺中市","豐原區","120.700","24.230","410"
"643","285918","20220830172000","898","0","臺中市","豐原區","120.705","24.235","749"
"331","285919","20220830172000","326","1","臺中市","豐原區","120.700","24.235","409"
"562","285920","20220830172000","453","2","臺中市","豐原區","120.700","24.240","473"
"28","285921","20220830172000","23","2","臺中市","豐原區","120.760","24.235","45"
"15","285923","20220830172000","37","0","臺中市","豐原區","120.755","24.240","34"
"10","285925","20220830172000","17","0","臺中市","豐原區","120.765","24.240","18"
"51","285927","20220830172000","79","0","臺中市","豐原區","120.750","24.245","65"
"453","285933","20220830172000","286","3","臺中市","豐原區","120.745","24.250","466"
"104","285937","20220830172000","76","2","臺中市","豐原區","120.765","24.250","119"
"26","285943","20220830172000","15","3","臺中市","豐原區","120.765","24.255","23"
"16","285945","20220830172000","97","0","臺中市","豐原區","120.755","24.260","16"
"191","285948","20220830172000","106","3","臺中市","石岡區","120.770","24.260","224"
"51","285949","20220830172000","50","1","臺中市","豐原區","120.760","24.265","49"
"141","285953","20220830172000","92","3","臺中市","石岡區","120.765","24.270","106"
"1033","285954","20220830172000","680","3","臺中市","豐原區","120.730","24.255","1142"
"655","285955","20220830172000","714","0","臺中市","豐原區","120.735","24.255","742"
"1230","285956","20220830172000","1162","1","臺中市","豐原區","120.745","24.255","1281"
"119","285957","20220830172000","396","0","臺中市","豐原區","120.740","24.260","113"
"385","285958","20220830172000","303","2","臺中市","豐原區","120.745","24.260","399"
"58","285959","20220830172000","287","0","臺中市","豐原區","120.750","24.260","60"
"149","285960","20220830172000","243","0","臺中市","豐原區","120.755","24.265","189"
"2206","285962","20220830172000","2073","1","臺中市","豐原區","120.725","24.240","2204"
"1072","285963","20220830172000","1207","0","臺中市","豐原區","120.730","24.240","1130"
"104","285964","20220830172000","189","0","臺中市","龍井區","120.580","24.190","103"
"54","285965","20220830172000","39","2","臺中市","龍井區","120.585","24.190","38"
"41","285980","20220830172000","352","0","臺中市","沙鹿區","120.570","24.225","47"
"1926","285981","20220830172000","1590","2","臺中市","沙鹿區","120.570","24.230","1662"
"370","285983","20220830172000","777","0","臺中市","沙鹿區","120.565","24.215","354"
"2840","285984","20220830172000","1647","3","臺中市","沙鹿區","120.555","24.220","2362"
"219","285985","20220830172000","157","2","臺中市","沙鹿區","120.560","24.220","212"
"93","285990","20220830172000","200","0","臺中市","沙鹿區","120.575","24.200","72"
"1175","285991","20220830172000","1155","1","臺中市","沙鹿區","120.580","24.200","1399"
"415","285994","20220830172000","230","3","臺中市","沙鹿區","120.570","24.205","301"
"318","285999","20220830172000","440","0","臺中市","沙鹿區","120.575","24.210","364"
"426","286001","20220830172000","314","2","臺中市","沙鹿區","120.560","24.235","356"
"942","286002","20220830172000","680","2","臺中市","豐原區","120.710","24.250","744"
"3010","286003","20220830172000","2869","1","臺中市","豐原區","120.715","24.250","3224"
"373","286005","20220830172000","586","0","臺中市","豐原區","120.725","24.225","460"
"285","286006","20220830172000","263","1","臺中市","豐原區","120.730","24.225","300"
"702","286008","20220830172000","428","3","臺中市","豐原區","120.725","24.230","632"
"235","286010","20220830172000","152","3","臺中市","豐原區","120.735","24.230","203"
"609","286012","20220830172000","523","1","臺中市","豐原區","120.730","24.230","537"
"949","286014","20220830172000","1004","0","臺中市","北屯區","120.660","24.190","1017"
"75","286015","20220830172000","88","0","臺中市","龍井區","120.500","24.230","78"
"1878","286023","20220830172000","583","3","臺中市","龍井區","120.520","24.205","1688"
"730","286024","20220830172000","147","3","臺中市","龍井區","120.525","24.205","739"
"1239","286027","20220830172000","528","3","臺中市","龍井區","120.505","24.210","1286"
"130","286031","20220830172000","61","3","臺中市","龍井區","120.545","24.205","99"
"862","286036","20220830172000","877","0","臺中市","龍井區","120.550","24.210","903"
"380","286039","20220830172000","262","2","臺中市","龍井區","120.545","24.215","393"
"305","286043","20220830172000","187","3","臺中市","東勢區","120.830","24.235","323"
"395","286047","20220830172000","357","1","臺中市","東勢區","120.830","24.240","451"
"933","286051","20220830172000","1013","0","臺中市","東勢區","120.830","24.245","913"
"272","286052","20220830172000","174","3","臺中市","東勢區","120.835","24.245","184"
"57","286053","20220830172000","385","0","臺中市","東勢區","120.840","24.245","394"
"1140","286054","20220830172000","834","2","臺中市","東勢區","120.825","24.255","1006"
"97","286060","20220830172000","74","2","臺中市","東勢區","120.845","24.275","115"
"218","286071","20220830172000","121","3","臺中市","清水區","120.580","24.270","174"
"1539","286072","20220830172000","1029","2","臺中市","北屯區","120.685","24.185","1621"
"71","286075","20220830172000","180","0","臺中市","北屯區","120.690","24.195","60"
"3714","286078","20220830172000","2348","3","臺中市","豐原區","120.720","24.250","3190"
"3487","286079","20220830172000","2743","2","臺中市","梧棲區","120.535","24.260","3191"
"447","286081","20220830172000","638","0","臺中市","梧棲區","120.530","24.265","585"
"1324","286084","20220830172000","1117","1","臺中市","梧棲區","120.530","24.270","1166"
"48","286088","20220830172000","403","0","臺中市","沙鹿區","120.565","24.200","41"
"189","286090","20220830172000","139","2","臺中市","沙鹿區","120.560","24.205","210"
"56","286091","20220830172000","465","0","臺中市","沙鹿區","120.565","24.205","37"
"69","286092","20220830172000","393","0","臺中市","沙鹿區","120.555","24.210","48"
"38","286093","20220830172000","150","0","臺中市","沙鹿區","120.560","24.210","26"
"198","286094","20220830172000","147","2","臺中市","沙鹿區","120.565","24.210","191"
"95","286095","20220830172000","150","0","臺中市","沙鹿區","120.555","24.215","129"
"157","286097","20220830172000","119","2","臺中市","沙鹿區","120.605","24.240","139"
"183","286098","20220830172000","256","0","臺中市","沙鹿區","120.605","24.245","194"
"1158","286099","20220830172000","709","3","臺中市","沙鹿區","120.610","24.245","1100"
"723","286100","20220830172000","335","3","臺中市","沙鹿區","120.600","24.250","666"
"231","286105","20220830172000","233","0","臺中市","北屯區","120.685","24.195","190"
"260","286108","20220830172000","262","0","臺中市","北屯區","120.750","24.190","315"
"108","286113","20220830172000","110","0","臺中市","北屯區","120.750","24.195","138"
"15","286116","20220830172000","74","0","臺中市","北屯區","120.765","24.195","23"
"22","286118","20220830172000","20","1","臺中市","北屯區","120.745","24.200","16"
"19","286121","20220830172000","27","0","臺中市","北屯區","120.760","24.200","18"
"1920","286135","20220830172000","684","3","臺中市","北屯區","120.680","24.190","1563"
"469","286137","20220830172000","469","1","臺中市","清水區","120.545","24.265","517"
"393","286140","20220830172000","504","0","臺中市","清水區","120.545","24.270","468"
"234","286141","20220830172000","324","0","臺中市","清水區","120.550","24.270","357"
"872","286147","20220830172000","1529","0","臺中市","潭子區","120.710","24.215","990"
"46","286149","20220830172000","430","0","臺中市","潭子區","120.710","24.220","34"
"45","286151","20220830172000","42","1","臺中市","潭子區","120.715","24.225","45"
"380","286153","20220830172000","355","1","臺中市","豐原區","120.720","24.230","376"
"270","286156","20220830172000","469","0","臺中市","潭子區","120.680","24.225","340"
"744","286159","20220830172000","689","1","臺中市","潭子區","120.685","24.230","843"
"2736","286161","20220830172000","2320","1","臺中市","潭子區","120.690","24.225","2788"
"301","286162","20220830172000","394","0","臺中市","潭子區","120.695","24.225","244"
"605","286167","20220830172000","840","0","臺中市","梧棲區","120.525","24.225","690"
"112","286169","20220830172000","863","0","臺中市","梧棲區","120.510","24.230","94"
"75","286172","20220830172000","31","3","臺中市","梧棲區","120.525","24.230","78"
"257","286173","20220830172000","284","0","臺中市","梧棲區","120.505","24.235","269"
"93","286175","20220830172000","68","2","臺中市","梧棲區","120.515","24.235","77"
"1731","286177","20220830172000","2376","0","臺中市","梧棲區","120.525","24.235","1873"
"97","286179","20220830172000","40","3","臺中市","梧棲區","120.505","24.240","65"
"627","286180","20220830172000","675","0","臺中市","梧棲區","120.510","24.240","664"
"311","286181","20220830172000","211","2","臺中市","梧棲區","120.515","24.240","258"
"837","286183","20220830172000","564","2","臺中市","梧棲區","120.525","24.240","864"
"311","286186","20220830172000","290","1","臺中市","梧棲區","120.510","24.245","291"
"367","286187","20220830172000","614","0","臺中市","梧棲區","120.515","24.245","445"
"1044","286190","20220830172000","901","1","臺中市","梧棲區","120.530","24.245","909"
"164","286195","20220830172000","241","0","臺中市","梧棲區","120.525","24.250","193"
"14","286196","20220830172000","50","0","臺中市","梧棲區","120.530","24.250","11"
"313","286199","20220830172000","639","0","臺中市","沙鹿區","120.580","24.220","264"
"992","286203","20220830172000","1683","0","臺中市","沙鹿區","120.575","24.225","1002"
"466","286204","20220830172000","689","0","臺中市","沙鹿區","120.580","24.225","414"
"210","286205","20220830172000","605","0","臺中市","沙鹿區","120.585","24.225","174"
"345","286208","20220830172000","505","0","臺中市","沙鹿區","120.575","24.230","387"
"457","286209","20220830172000","656","0","臺中市","沙鹿區","120.580","24.230","171"
"122","286210","20220830172000","229","0","臺中市","沙鹿區","120.585","24.230","42"
"194","286215","20220830172000","781","0","臺中市","沙鹿區","120.550","24.225","175"
"24","286221","20220830172000","21","1","臺中市","北屯區","120.770","24.195","31"
"40","286224","20220830172000","284","0","臺中市","北屯區","120.780","24.195","43"
"778","286244","20220830172000","1676","0","臺中市","大雅區","120.650","24.225","833"
"301","286246","20220830172000","253","1","臺中市","大雅區","120.605","24.225","301"
"210","286248","20220830172000","254","0","臺中市","大雅區","120.615","24.225","233"
"10","286256","20220830172000","170","0","臺中市","大雅區","120.615","24.230","11"
"338","286260","20220830172000","341","0","臺中市","大雅區","120.620","24.235","355"
"1256","286262","20220830172000","1192","1","臺中市","大雅區","120.645","24.215","1346"
"382","286263","20220830172000","202","3","臺中市","大雅區","120.645","24.220","293"
"487","286264","20220830172000","511","0","臺中市","大雅區","120.645","24.225","604"
"718","286266","20220830172000","582","2","臺中市","大雅區","120.635","24.205","778"
"77","286267","20220830172000","400","0","臺中市","大雅區","120.640","24.205","69"
"9517","286269","20220830172000","5362","3","臺中市","大雅區","120.615","24.210","9525"
"1434","286270","20220830172000","1046","2","臺中市","大雅區","120.620","24.210","1533"
"880","286272","20220830172000","796","1","臺中市","大雅區","120.630","24.210","998"
"540","286273","20220830172000","307","3","臺中市","大雅區","120.635","24.210","459"
"705","286276","20220830172000","637","1","臺中市","大雅區","120.605","24.215","634"
"2448","286279","20220830172000","3289","0","臺中市","大雅區","120.620","24.215","2347"
"46","286280","20220830172000","176","0","臺中市","大雅區","120.625","24.215","35"
"789","286281","20220830172000","620","2","臺中市","大雅區","120.635","24.215","778"
"62","286282","20220830172000","51","2","臺中市","大雅區","120.600","24.220","68"
"184","286284","20220830172000","156","1","臺中市","大雅區","120.610","24.220","130"
"583","286285","20220830172000","355","3","臺中市","大雅區","120.615","24.220","661"
"779","286287","20220830172000","514","3","臺中市","大雅區","120.640","24.220","784"
"175","286288","20220830172000","196","0","臺中市","大雅區","120.630","24.215","201"
"97","286289","20220830172000","114","0","臺中市","大雅區","120.625","24.220","75"
"1339","286292","20220830172000","1526","0","臺中市","大雅區","120.625","24.225","1354"
"1992","286293","20220830172000","2549","0","臺中市","大雅區","120.630","24.225","2008"
"2230","286296","20220830172000","1452","3","臺中市","大雅區","120.620","24.230","2208"
"364","286300","20220830172000","168","3","臺中市","大雅區","120.625","24.230","250"
"622","286302","20220830172000","422","2","臺中市","潭子區","120.670","24.205","577"
"174","286305","20220830172000","99","3","臺中市","大雅區","120.670","24.215","143"
"1382","286306","20220830172000","414","3","臺中市","大雅區","120.675","24.215","942"
"634","286307","20220830172000","771","0","臺中市","大雅區","120.670","24.220","663"
"473","286318","20220830172000","283","3","臺中市","東勢區","120.835","24.220","481"
"64","286321","20220830172000","334","0","臺中市","東勢區","120.825","24.270","70"
"252","286323","20220830172000","170","2","臺中市","東勢區","120.820","24.275","269"
"295","286344","20220830172000","274","1","臺中市","東勢區","120.850","24.260","287"
"608","286375","20220830172000","261","3","臺中市","沙鹿區","120.590","24.230","449"
"483","286377","20220830172000","875","0","臺中市","沙鹿區","120.565","24.235","590"
"2916","286384","20220830172000","2493","1","臺中市","沙鹿區","120.570","24.240","2546"
"921","286386","20220830172000","890","1","臺中市","東勢區","120.830","24.255","879"
"57","286388","20220830172000","698","0","臺中市","東勢區","120.825","24.250","60"
"769","286392","20220830172000","657","1","臺中市","梧棲區","120.545","24.230","677"
"1393","286398","20220830172000","821","3","臺中市","豐原區","120.715","24.255","1222"
"236","286399","20220830172000","1102","0","臺中市","豐原區","120.720","24.255","204"
"1844","286400","20220830172000","689","3","臺中市","豐原區","120.735","24.270","1858"
"154","286406","20220830172000","421","0","臺中市","豐原區","120.745","24.275","141"
"823","286408","20220830172000","324","3","臺中市","豐原區","120.755","24.275","775"
"816","286413","20220830172000","538","3","臺中市","東勢區","120.760","24.280","864"
"379","286418","20220830172000","195","3","臺中市","豐原區","120.725","24.275","394"
"701","286422","20220830172000","234","3","臺中市","豐原區","120.735","24.280","741"
"141","286436","20220830172000","124","1","臺中市","豐原區","120.760","24.230","175"
"142","286446","20220830172000","113","2","臺中市","豐原區","120.740","24.235","136"
"147","286447","20220830172000","100","2","臺中市","豐原區","120.745","24.235","158"
"316","286461","20220830172000","1229","0","臺中市","龍井區","120.520","24.195","242"
"1238","286465","20220830172000","328","3","臺中市","龍井區","120.500","24.200","1314"
"578","286475","20220830172000","274","3","臺中市","龍井區","120.510","24.200","628"
"200","286482","20220830172000","527","0","臺中市","龍井區","120.515","24.205","123"
"55","286485","20220830172000","239","0","臺中市","石岡區","120.770","24.280","53"
"1218","286486","20220830172000","799","3","臺中市","石岡區","120.775","24.275","1227"
"604","286489","20220830172000","329","3","臺中市","石岡區","120.795","24.270","612"
"117","286497","20220830172000","68","3","臺中市","石岡區","120.775","24.255","130"
"22","286500","20220830172000","20","1","臺中市","石岡區","120.775","24.260","31"
"32","286510","20220830172000","148","0","臺中市","石岡區","120.770","24.275","26"
"186","286511","20220830172000","114","3","臺中市","新社區","120.795","24.245","188"
"20","286515","20220830172000","78","0","臺中市","石岡區","120.790","24.255","21"
"52","286517","20220830172000","214","0","臺中市","石岡區","120.785","24.260","54"
"511","286522","20220830172000","550","0","臺中市","潭子區","120.695","24.230","608"
"106","286525","20220830172000","579","0","臺中市","神岡區","120.695","24.235","848"
"965","286526","20220830172000","368","3","臺中市","神岡區","120.690","24.240","748"
"146","286528","20220830172000","420","0","臺中市","豐原區","120.740","24.265","113"
"3250","286530","20220830172000","3056","1","臺中市","清水區","120.570","24.265","2815"
"715","286531","20220830172000","391","3","臺中市","清水區","120.570","24.270","551"
"709","286535","20220830172000","476","2","臺中市","清水區","120.630","24.275","671"
"277","286541","20220830172000","111","3","臺中市","清水區","120.565","24.275","223"
"457","286544","20220830172000","505","0","臺中市","西屯區","120.640","24.190","474"
"26","286545","20220830172000","14","3","臺中市","西屯區","120.635","24.195","17"
"352","286547","20220830172000","513","0","臺中市","西屯區","120.645","24.195","1212"
"1059","286549","20220830172000","686","3","臺中市","西屯區","120.645","24.200","1039"
"143","286550","20220830172000","604","0","臺中市","西屯區","120.650","24.200","126"
"77","286551","20220830172000","69","1","臺中市","西屯區","120.650","24.205","84"
"118","286554","20220830172000","436","0","臺中市","神岡區","120.670","24.255","81"
"1406","286555","20220830172000","1075","2","臺中市","神岡區","120.675","24.255","1488"
"1840","286556","20220830172000","874","3","臺中市","神岡區","120.665","24.260","1858"
"49","286557","20220830172000","20","3","臺中市","神岡區","120.650","24.260","40"
"24","286558","20220830172000","117","0","臺中市","神岡區","120.655","24.265","19"
"322","286561","20220830172000","245","2","臺中市","神岡區","120.665","24.270","380"
"357","286563","20220830172000","169","3","臺中市","神岡區","120.665","24.275","340"
"173","286566","20220830172000","190","0","臺中市","神岡區","120.645","24.265","183"
"133","286569","20220830172000","156","0","臺中市","神岡區","120.650","24.270","137"
"823","286570","20220830172000","372","3","臺中市","神岡區","120.655","24.270","723"
"114","286572","20220830172000","548","0","臺中市","神岡區","120.650","24.275","89"
"946","286574","20220830172000","535","3","臺中市","神岡區","120.660","24.275","775"
"267","286598","20220830172000","111","3","臺中市","和平區","120.895","24.230","251"
"51","286652","20220830172000","51","1","臺中市","和平區","120.905","24.240","74"
"236","286658","20220830172000","134","3","臺中市","和平區","120.935","24.240","269"
"19","286685","20220830172000","14","2","臺中市","和平區","120.975","24.245","23"
"121","286690","20220830172000","96","2","臺中市","和平區","120.900","24.250","116"
"51","286794","20220830172000","79","0","臺中市","和平區","121.015","24.195","135"
"348","286822","20220830172000","159","3","臺中市","和平區","121.005","24.200","343"
"346","286823","20220830172000","289","1","臺中市","和平區","121.010","24.200","460"
"161","286853","20220830172000","118","2","臺中市","和平區","121.015","24.205","161"
"42","286950","20220830172000","19","3","臺中市","和平區","120.965","24.225","44"
"15","286952","20220830172000","10","3","臺中市","和平區","120.975","24.225","15"
"16","286996","20220830172000","25","0","臺中市","和平區","121.065","24.230","16"
"148","287119","20220830172000","82","3","臺中市","和平區","121.010","24.255","92"
"44","287154","20220830172000","24","3","臺中市","和平區","121.000","24.265","36"
"62","287173","20220830172000","28","3","臺中市","和平區","121.015","24.270","76"
"98","287561","20220830172000","57","3","臺中市","和平區","121.095","24.235","107"
"165","287678","20220830172000","168","0","臺中市","和平區","121.245","24.245","173"
"16","287696","20220830172000","43","0","臺中市","和平區","121.100","24.250","16"
"264","287725","20220830172000","158","3","臺中市","和平區","121.245","24.250","235"
"195","287726","20220830172000","173","1","臺中市","和平區","121.250","24.250","178"
"48","287756","20220830172000","34","2","臺中市","和平區","121.165","24.255","37"
"27","287766","20220830172000","41","0","臺中市","和平區","121.215","24.255","25"
"183","287770","20220830172000","145","2","臺中市","和平區","121.235","24.255","190"
"322","287774","20220830172000","210","3","臺中市","和平區","121.255","24.255","323"
"142","287776","20220830172000","149","0","臺中市","和平區","121.265","24.255","170"
"13","287809","20220830172000","14","0","臺中市","和平區","121.190","24.260","12"
"383","287823","20220830172000","403","0","臺中市","和平區","121.260","24.260","422"
"72","288103","20220830172000","44","3","臺中市","和平區","120.890","24.275","53"
"11","288133","20220830172000","15","0","臺中市","和平區","120.945","24.280","11"
"38","288159","20220830172000","14","3","臺中市","和平區","121.025","24.280","55"
"340","288160","20220830172000","417","0","臺中市","清水區","120.555","24.260","362"
"43","288161","20220830172000","431","0","臺中市","清水區","120.560","24.260","34"
"627","288163","20220830172000","616","1","臺中市","清水區","120.550","24.265","695"
"434","288166","20220830172000","1294","0","臺中市","清水區","120.565","24.265","420"
"931","288169","20220830172000","776","1","臺中市","清水區","120.560","24.275","1032"
"244","288179","20220830172000","294","0","臺中市","清水區","120.605","24.275","247"
"344","288182","20220830172000","359","0","臺中市","清水區","120.600","24.275","387"
"123","288184","20220830172000","131","0","臺中市","清水區","120.610","24.275","115"
"417","288192","20220830172000","270","3","臺中市","潭子區","120.725","24.215","346"
"478","288194","20220830172000","404","1","臺中市","潭子區","120.735","24.215","430"
"526","288198","20220830172000","451","1","臺中市","潭子區","120.720","24.220","506"
"1415","288207","20220830172000","1107","2","臺中市","潭子區","120.680","24.205","1283"
"81","288208","20220830172000","67","2","臺中市","潭子區","120.685","24.205","73"
"1054","288209","20220830172000","661","3","臺中市","北屯區","120.690","24.205","921"
"279","288212","20220830172000","178","3","臺中市","潭子區","120.690","24.210","244"
"1383","288215","20220830172000","762","3","臺中市","潭子區","120.685","24.215","1137"
"1040","288216","20220830172000","1357","0","臺中市","潭子區","120.690","24.215","1214"
"424","288219","20220830172000","236","3","臺中市","潭子區","120.690","24.220","341"
"2428","288223","20220830172000","1902","2","臺中市","潭子區","120.710","24.230","2098"
"738","288224","20220830172000","400","3","臺中市","豐原區","120.715","24.230","704"
"1074","288225","20220830172000","987","1","臺中市","潭子區","120.705","24.230","1167"
"3388","288228","20220830172000","1607","3","臺中市","神岡區","120.660","24.260","3121"
"1099","288232","20220830172000","1095","1","臺中市","神岡區","120.700","24.265","1187"
"923","288240","20220830172000","1017","0","臺中市","神岡區","120.710","24.255","1068"
"640","288242","20220830172000","553","1","臺中市","神岡區","120.705","24.260","699"
"188","288243","20220830172000","891","0","臺中市","神岡區","120.710","24.260","153"
"816","288247","20220830172000","995","0","臺中市","神岡區","120.705","24.275","968"
"1057","288250","20220830172000","1018","1","臺中市","神岡區","120.710","24.275","1148"
"110","288252","20220830172000","84","2","臺中市","西屯區","120.605","24.195","86"
"169","288253","20220830172000","213","0","臺中市","西屯區","120.610","24.195","158"
"168","288259","20220830172000","172","0","臺中市","西屯區","120.600","24.200","158"
"454","288260","20220830172000","388","1","臺中市","西屯區","120.605","24.200","427"
"136","288261","20220830172000","180","0","臺中市","西屯區","120.610","24.200","105"
"1442","288262","20220830172000","1576","0","臺中市","西屯區","120.615","24.200","1392"
"139","288264","20220830172000","469","0","臺中市","西屯區","120.625","24.200","105"
"657","288265","20220830172000","630","1","臺中市","西屯區","120.630","24.200","764"
"50","288267","20220830172000","80","0","臺中市","西屯區","120.595","24.205","84"
"602","288268","20220830172000","480","2","臺中市","西屯區","120.600","24.205","706"
"983","288269","20220830172000","1141","0","臺中市","西屯區","120.605","24.205","1103"
"621","288270","20220830172000","338","3","臺中市","西屯區","120.610","24.205","560"
"1722","288271","20220830172000","1858","0","臺中市","西屯區","120.615","24.205","1771"
"2284","288272","20220830172000","1941","1","臺中市","西屯區","120.620","24.205","2102"
"44","288275","20220830172000","22","3","臺中市","西屯區","120.600","24.210","37"
"935","288276","20220830172000","1055","0","臺中市","西屯區","120.605","24.210","1053"
"5913","288277","20220830172000","6082","0","臺中市","西屯區","120.610","24.210","5731"
"2073","288279","20220830172000","2128","0","臺中市","西屯區","120.610","24.190","2126"
"261","288281","20220830172000","190","2","臺中市","西屯區","120.625","24.190","294"
"194","288284","20220830172000","26","3","臺中市","西屯區","120.595","24.195","192"
"319","288287","20220830172000","222","2","臺中市","西屯區","120.655","24.190","315"
"741","288289","20220830172000","543","2","臺中市","西屯區","120.655","24.195","867"
"918","288290","20220830172000","676","2","臺中市","西屯區","120.660","24.195","857"
"654","288291","20220830172000","564","1","臺中市","西屯區","120.655","24.200","969"
"39","288293","20220830172000","25","3","臺中市","西屯區","120.655","24.205","41"
"279","288294","20220830172000","350","0","臺中市","西屯區","120.660","24.205","345"
"483","288298","20220830172000","350","2","臺中市","東勢區","120.850","24.240","452"
"218","288299","20220830172000","107","3","臺中市","東勢區","120.845","24.245","188"
"452","288302","20220830172000","483","0","臺中市","東勢區","120.825","24.260","426"
"1065","288304","20220830172000","914","1","臺中市","東勢區","120.825","24.265","1034"
"293","288312","20220830172000","163","3","臺中市","東勢區","120.835","24.230","299"
"39","288317","20220830172000","344","0","臺中市","東勢區","120.840","24.235","48"
"134","288339","20220830172000","52","3","臺中市","東勢區","120.875","24.215","173"
"13","288351","20220830172000","70","0","臺中市","東勢區","120.895","24.220","11"
"30","288365","20220830172000","120","0","臺中市","東勢區","120.880","24.230","25"
"23","288382","20220830172000","101","0","臺中市","東勢區","120.865","24.240","153"
"1179","288395","20220830172000","671","3","臺中市","沙鹿區","120.560","24.230","1015"
"564","288396","20220830172000","668","0","臺中市","潭子區","120.710","24.235","556"
"263","288397","20220830172000","1211","0","臺中市","豐原區","120.715","24.240","230"
"714","288401","20220830172000","857","0","臺中市","清水區","120.570","24.260","751"
"48","288402","20220830172000","105","0","臺中市","清水區","120.575","24.270","29"
"1585","288403","20220830172000","2191","0","臺中市","清水區","120.580","24.275","1736"
"320","288407","20220830172000","800","0","臺中市","潭子區","120.700","24.190","261"
"116","288459","20220830172000","122","0","花蓮縣","秀林鄉","121.715","24.245","146"
"76","288610","20220830172000","40","3","花蓮縣","秀林鄉","121.740","24.260","95"
"105","288819","20220830172000","89","1","花蓮縣","秀林鄉","121.485","24.190","216"
"22","288869","20220830172000","23","0","花蓮縣","秀林鄉","121.430","24.195","46"
"13","288881","20220830172000","16","0","花蓮縣","秀林鄉","121.490","24.195","23"
"39","288993","20220830172000","30","2","花蓮縣","秀林鄉","121.480","24.205","12"
"22","289039","20220830172000","19","1","花蓮縣","秀林鄉","121.450","24.210","18"
"16","289618","20220830172000","11","2","花蓮縣","秀林鄉","121.665","24.205","30"
"16","289656","20220830172000","14","1","花蓮縣","秀林鄉","121.685","24.215","27"
"38","289677","20220830172000","62","0","花蓮縣","秀林鄉","121.690","24.220","40"
"909","289851","20220830172000","1291","0","臺中市","大雅區","120.650","24.220","939"
"980","289852","20220830172000","905","1","臺中市","大雅區","120.655","24.220","706"
"537","289853","20220830172000","374","2","臺中市","大雅區","120.660","24.220","541"
"2997","289854","20220830172000","2251","2","臺中市","大雅區","120.655","24.225","2986"
"181","289855","20220830172000","141","2","臺中市","大雅區","120.660","24.225","168"
"1022","289860","20220830172000","1203","0","臺中市","大雅區","120.635","24.235","1143"
"1078","289863","20220830172000","942","1","臺中市","大雅區","120.630","24.240","1140"
"212","289868","20220830172000","211","1","臺中市","大雅區","120.635","24.245","235"
"11","289874","20220830172000","140","0","臺中市","大雅區","120.635","24.255","139"
"1621","289875","20220830172000","923","3","臺中市","大雅區","120.645","24.230","1679"
"744","289879","20220830172000","698","1","臺中市","大雅區","120.655","24.230","852"
"879","289882","20220830172000","365","3","臺中市","大雅區","120.655","24.235","856"
"202","289884","20220830172000","198","1","臺中市","大雅區","120.645","24.240","221"
"1115","289886","20220830172000","797","2","臺中市","大雅區","120.655","24.240","1233"
"421","289893","20220830172000","448","0","臺中市","豐原區","120.735","24.260","478"
"836","289895","20220830172000","448","3","臺中市","豐原區","120.750","24.265","948"
"416","289898","20220830172000","248","3","臺中市","豐原區","120.735","24.265","403"
"143","289907","20220830172000","118","2","臺中市","新社區","120.815","24.240","155"
"108","289909","20220830172000","633","0","臺中市","豐原區","120.720","24.245","95"
"1682","289910","20220830172000","1518","1","臺中市","豐原區","120.725","24.245","1501"
"615","289912","20220830172000","498","2","臺中市","大雅區","120.670","24.225","511"
"587","289916","20220830172000","918","0","臺中市","大雅區","120.650","24.230","515"
"135","289918","20220830172000","577","0","臺中市","大雅區","120.645","24.210","101"
"1587","289919","20220830172000","1577","1","臺中市","大雅區","120.650","24.210","1689"
"1180","289920","20220830172000","852","2","臺中市","大雅區","120.650","24.215","854"
"261","289921","20220830172000","1268","0","臺中市","大雅區","120.660","24.230","220"
"342","289922","20220830172000","364","0","臺中市","大雅區","120.665","24.230","354"
"1159","289923","20220830172000","1193","0","臺中市","大雅區","120.670","24.230","1238"
"358","289927","20220830172000","685","0","臺中市","大雅區","120.675","24.240","307"
"1570","289928","20220830172000","1053","2","臺中市","東勢區","120.830","24.250","1526"
"552","289929","20220830172000","432","2","臺中市","東勢區","120.835","24.250","513"
"395","289937","20220830172000","481","0","臺中市","石岡區","120.785","24.275","425"
"807","289944","20220830172000","528","3","臺中市","石岡區","120.815","24.260","924"
"77","289946","20220830172000","252","0","臺中市","石岡區","120.805","24.265","75"
"55","289955","20220830172000","218","0","臺中市","石岡區","120.795","24.275","59"
"791","289964","20220830172000","422","3","臺中市","龍井區","120.480","24.210","685"
"466","289976","20220830172000","291","3","臺中市","龍井區","120.485","24.220","577"
"336","289982","20220830172000","329","1","臺中市","龍井區","120.490","24.225","323"
"740","289983","20220830172000","642","1","臺中市","龍井區","120.495","24.225","789"
"168","289992","20220830172000","163","1","臺中市","龍井區","120.490","24.230","135"
"19","289993","20220830172000","202","0","臺中市","龍井區","120.495","24.230","26"
"445","289996","20220830172000","496","0","臺中市","沙鹿區","120.580","24.210","427"
"117","289999","20220830172000","599","0","臺中市","沙鹿區","120.575","24.215","65"
"257","290000","20220830172000","553","0","臺中市","沙鹿區","120.580","24.215","290"
"258","290001","20220830172000","402","0","臺中市","沙鹿區","120.585","24.215","263"
"895","290004","20220830172000","728","2","臺中市","沙鹿區","120.570","24.220","815"
"301","290005","20220830172000","178","3","臺中市","沙鹿區","120.575","24.220","240"
"38","290008","20220830172000","29","2","臺中市","東勢區","120.840","24.190","50"
"72","290010","20220830172000","60","2","臺中市","東勢區","120.835","24.195","87"
"345","290015","20220830172000","227","3","臺中市","東勢區","120.840","24.200","350"
"196","290025","20220830172000","165","1","臺中市","東勢區","120.840","24.210","191"
"27","290037","20220830172000","286","0","臺中市","東勢區","120.850","24.195","34"
"914","290046","20220830172000","706","2","臺中市","龍井區","120.545","24.190","807"
"126","290051","20220830172000","95","2","臺中市","潭子區","120.695","24.195","102"
"2373","290052","20220830172000","1483","3","臺中市","潭子區","120.700","24.195","2096"
"13","290171","20220830172000","18","0","南投縣","仁愛鄉","121.290","24.225","25"
"94","290182","20220830172000","95","0","南投縣","仁愛鄉","121.260","24.230","123"
"13","290191","20220830172000","10","2","南投縣","仁愛鄉","121.305","24.230","12"
"136","290292","20220830172000","112","2","南投縣","仁愛鄉","121.220","24.190","133"
"205","290293","20220830172000","105","3","南投縣","仁愛鄉","121.225","24.190","223"
"59","296900","20220830172000","61","0","宜蘭縣","南澳鄉","121.750","24.320","53"
"273","296924","20220830172000","176","3","宜蘭縣","南澳鄉","121.745","24.330","271"
"19","296929","20220830172000","23","0","宜蘭縣","南澳鄉","121.770","24.330","16"
"44","296946","20220830172000","19","3","宜蘭縣","南澳鄉","121.770","24.335","19"
"73","296987","20220830172000","56","2","宜蘭縣","南澳鄉","121.775","24.345","74"
"809","297399","20220830172000","382","3","臺中市","清水區","120.580","24.280","678"
"851","297407","20220830172000","1138","0","臺中市","外埔區","120.620","24.335","945"
"331","297413","20220830172000","288","1","臺中市","神岡區","120.650","24.280","331"
"674","297416","20220830172000","589","1","臺中市","神岡區","120.640","24.285","732"
"73","297422","20220830172000","35","3","臺中市","神岡區","120.640","24.290","65"
"562","297424","20220830172000","318","3","臺中市","神岡區","120.650","24.290","514"
"392","297433","20220830172000","1847","0","臺中市","大甲區","120.620","24.345","253"
"206","297434","20220830172000","264","0","臺中市","梧棲區(海)","120.510","24.280","250"
"124","297444","20220830172000","90","2","臺中市","清水區","120.620","24.285","190"
"153","297446","20220830172000","107","2","臺中市","大甲區","120.640","24.345","117"
"806","297450","20220830172000","1000","0","臺中市","大甲區","120.630","24.355","945"
"858","297453","20220830172000","578","2","臺中市","大甲區","120.645","24.355","732"
"19","297456","20220830172000","11","3","臺中市","大甲區","120.645","24.360","19"
"172","297457","20220830172000","88","3","臺中市","大甲區","120.650","24.360","223"
"83","297458","20220830172000","527","0","臺中市","大甲區","120.640","24.365","65"
"140","297462","20220830172000","208","0","臺中市","東勢區","120.795","24.295","103"
"102","297485","20220830172000","109","0","臺中市","東勢區","120.785","24.310","80"
"278","297494","20220830172000","220","2","臺中市","東勢區","120.780","24.315","247"
"216","297510","20220830172000","237","0","臺中市","東勢區","120.870","24.280","283"
"163","297533","20220830172000","96","3","臺中市","清水區","120.560","24.310","134"
"32","297539","20220830172000","194","0","臺中市","清水區","120.555","24.305","27"
"277","297540","20220830172000","134","3","臺中市","清水區","120.550","24.310","282"
"270","297546","20220830172000","362","0","臺中市","清水區","120.560","24.320","367"
"35","297575","20220830172000","32","1","臺中市","清水區","120.540","24.300","33"
"254","297586","20220830172000","364","0","臺中市","清水區","120.545","24.305","374"
"170","297618","20220830172000","176","0","臺中市","后里區","120.665","24.305","168"
"552","297627","20220830172000","438","2","臺中市","后里區","120.680","24.310","521"
"737","297639","20220830172000","488","3","臺中市","后里區","120.725","24.285","629"
"30","297641","20220830172000","17","3","臺中市","后里區","120.735","24.285","17"
"212","297645","20220830172000","318","0","臺中市","后里區","120.725","24.290","274"
"935","297646","20220830172000","723","2","臺中市","后里區","120.730","24.290","997"
"171","297647","20220830172000","105","3","臺中市","后里區","120.735","24.290","173"
"361","297648","20220830172000","116","3","臺中市","后里區","120.740","24.290","303"
"885","297654","20220830172000","914","0","臺中市","后里區","120.730","24.295","831"
"53","297656","20220830172000","26","3","臺中市","后里區","120.740","24.295","50"
"147","297659","20220830172000","155","0","臺中市","后里區","120.755","24.295","160"
"52","297662","20220830172000","23","3","臺中市","后里區","120.725","24.300","51"
"79","297664","20220830172000","56","2","臺中市","后里區","120.735","24.300","83"
"12","297665","20220830172000","61","0","臺中市","后里區","120.740","24.300","13"
"556","297671","20220830172000","652","0","臺中市","后里區","120.725","24.305","589"
"52","297672","20220830172000","11","3","臺中市","后里區","120.735","24.305","57"
"424","297689","20220830172000","509","0","臺中市","大安區","120.585","24.365","521"
"2651","297697","20220830172000","1594","3","臺中市","大甲區","120.630","24.350","2093"
"38","297698","20220830172000","86","0","臺中市","大甲區","120.620","24.350","37"
"15","297701","20220830172000","15","1","苗栗縣","苑裡鎮","120.700","24.365","20"
"1041","297704","20220830172000","1017","1","臺中市","大甲區","120.625","24.350","1149"
"1958","297705","20220830172000","1589","2","臺中市","大甲區","120.620","24.355","1720"
"1696","297706","20220830172000","1701","0","臺中市","大甲區","120.615","24.345","1589"
"738","297725","20220830172000","853","0","臺中市","大甲區","120.635","24.370","758"
"313","297760","20220830172000","217","2","臺中市","清水區","120.605","24.305","260"
"818","297763","20220830172000","669","2","臺中市","清水區","120.605","24.310","724"
"188","297775","20220830172000","930","0","臺中市","后里區","120.710","24.305","174"
"360","297776","20220830172000","286","2","臺中市","后里區","120.700","24.310","367"
"295","297778","20220830172000","164","3","臺中市","后里區","120.735","24.310","312"
"33","297782","20220830172000","39","0","臺中市","后里區","120.755","24.310","34"
"572","297783","20220830172000","359","3","臺中市","后里區","120.740","24.315","522"
"19","297787","20220830172000","16","1","臺中市","后里區","120.760","24.315","31"
"102","297795","20220830172000","174","0","臺中市","后里區","120.735","24.325","134"
"417","297801","20220830172000","453","0","臺中市","后里區","120.740","24.330","481"
"665","297811","20220830172000","271","3","臺中市","后里區","120.725","24.340","675"
"259","297831","20220830172000","288","0","臺中市","外埔區","120.700","24.345","247"
"812","297868","20220830172000","689","1","臺中市","外埔區","120.645","24.320","751"
"599","297883","20220830172000","437","2","臺中市","外埔區","120.670","24.320","599"
"235","297885","20220830172000","197","1","臺中市","外埔區","120.680","24.320","209"
"700","297886","20220830172000","592","1","臺中市","外埔區","120.665","24.325","662"
"851","297921","20220830172000","490","3","臺中市","外埔區","120.650","24.330","760"
"1626","297922","20220830172000","1577","1","臺中市","外埔區","120.655","24.330","1678"
"2741","297926","20220830172000","1987","2","臺中市","外埔區","120.635","24.340","2246"
"309","297928","20220830172000","224","2","臺中市","外埔區","120.645","24.340","290"
"887","297941","20220830172000","605","2","臺中市","外埔區","120.625","24.320","910"
"617","297947","20220830172000","373","3","臺中市","外埔區","120.630","24.325","585"
"80","297954","20220830172000","62","2","臺中市","外埔區","120.635","24.330","75"
"370","297957","20220830172000","225","3","臺中市","外埔區","120.630","24.335","299"
"302","297959","20220830172000","269","1","臺中市","外埔區","120.685","24.325","304"
"23","297961","20220830172000","85","0","臺中市","外埔區","120.675","24.330","31"
"427","297967","20220830172000","332","2","臺中市","后里區","120.710","24.330","400"
"114","297988","20220830172000","407","0","臺中市","外埔區","120.665","24.340","124"
"360","297992","20220830172000","257","2","臺中市","外埔區","120.685","24.340","388"
"626","297995","20220830172000","739","0","臺中市","大安區","120.585","24.345","696"
"35","298020","20220830172000","20","3","臺中市","大安區","120.570","24.340","32"
"40","298024","20220830172000","61","0","臺中市","大安區","120.570","24.345","44"
"236","298036","20220830172000","199","1","臺中市","大安區","120.590","24.335","233"
"283","298040","20220830172000","404","0","臺中市","大安區","120.590","24.340","331"
"124","298043","20220830172000","499","0","臺中市","大安區","120.605","24.365","100"
"1841","298045","20220830172000","1330","2","臺中市","后里區","120.720","24.310","1564"
"670","298047","20220830172000","826","0","臺中市","后里區","120.720","24.320","670"
"148","298050","20220830172000","674","0","臺中市","后里區","120.725","24.315","154"
"374","298051","20220830172000","451","0","臺中市","后里區","120.730","24.315","433"
"5405","298052","20220830172000","4414","2","臺中市","后里區","120.725","24.320","5424"
"514","298053","20220830172000","763","0","臺中市","后里區","120.730","24.320","526"
"324","298054","20220830172000","295","1","臺中市","后里區","120.735","24.320","263"
"245","298056","20220830172000","233","1","臺中市","后里區","120.725","24.325","239"
"215","298059","20220830172000","605","0","臺中市","后里區","120.710","24.310","161"
"203","298060","20220830172000","188","1","臺中市","后里區","120.715","24.310","165"
"598","298062","20220830172000","255","3","臺中市","后里區","120.710","24.315","570"
"105","298066","20220830172000","77","2","臺中市","后里區","120.705","24.320","109"
"119","298069","20220830172000","189","0","臺中市","外埔區","120.695","24.325","259"
"615","298070","20220830172000","388","3","臺中市","后里區","120.700","24.325","1684"
"211","298074","20220830172000","183","1","臺中市","后里區","120.705","24.325","333"
"899","298075","20220830172000","664","2","臺中市","后里區","120.710","24.325","877"
"405","298078","20220830172000","423","0","臺中市","后里區","120.705","24.330","441"
"44","298081","20220830172000","163","0","臺中市","后里區","120.745","24.325","35"
"118","298082","20220830172000","101","1","臺中市","后里區","120.750","24.325","103"
"132","298092","20220830172000","98","2","臺中市","后里區","120.680","24.315","141"
"66","298093","20220830172000","30","3","臺中市","后里區","120.685","24.315","54"
"384","298094","20220830172000","563","0","臺中市","后里區","120.690","24.315","494"
"699","298095","20220830172000","468","2","臺中市","后里區","120.695","24.315","656"
"222","298096","20220830172000","140","3","臺中市","外埔區","120.685","24.320","307"
"115","298098","20220830172000","479","0","臺中市","大安區","120.600","24.345","91"
"89","298100","20220830172000","433","0","臺中市","大安區","120.600","24.350","73"
"184","298108","20220830172000","142","2","臺中市","大甲區","120.680","24.365","183"
"373","298116","20220830172000","330","1","臺中市","大甲區","120.675","24.370","430"
"420","298125","20220830172000","800","0","臺中市","大甲區","120.625","24.340","458"
"351","298126","20220830172000","469","0","臺中市","大甲區","120.630","24.340","271"
"319","298128","20220830172000","136","3","臺中市","大甲區","120.620","24.340","194"
"2053","298129","20220830172000","2666","0","臺中市","大甲區","120.625","24.345","2336"
"297","298135","20220830172000","258","1","臺中市","后里區","120.715","24.295","277"
"1090","298141","20220830172000","1259","0","臺中市","后里區","120.715","24.305","1129"
"410","298142","20220830172000","402","1","臺中市","后里區","120.720","24.305","358"
"156","298151","20220830172000","489","0","臺中市","清水區","120.610","24.290","151"
"178","298155","20220830172000","129","2","臺中市","清水區","120.610","24.295","162"
"1984","298159","20220830172000","1207","3","臺中市","大甲區","120.615","24.350","1523"
"554","298177","20220830172000","495","1","臺中市","大甲區","120.605","24.325","591"
"163","298178","20220830172000","293","0","臺中市","大甲區","120.595","24.330","178"
"1612","298182","20220830172000","988","3","臺中市","后里區","120.725","24.310","1369"
"101","298183","20220830172000","146","0","臺中市","后里區","120.730","24.305","113"
"215","298184","20220830172000","368","0","臺中市","后里區","120.730","24.310","220"
"109","298185","20220830172000","34","3","臺中市","后里區","120.735","24.315","63"
"304","298202","20220830172000","220","2","臺中市","后里區","120.700","24.285","281"
"31","298208","20220830172000","338","0","臺中市","后里區","120.675","24.290","32"
"533","298213","20220830172000","444","2","臺中市","后里區","120.700","24.290","473"
"24","298360","20220830172000","50","0","臺中市","和平區","121.280","24.305","24"
"469","298427","20220830172000","380","2","臺中市","和平區","121.295","24.315","493"
"110","298504","20220830172000","68","3","臺中市","和平區","121.310","24.325","101"
"149","298630","20220830172000","161","0","臺中市","和平區","121.310","24.335","153"
"88","298631","20220830172000","86","1","臺中市","和平區","121.315","24.335","100"
"12","298632","20220830172000","15","0","臺中市","和平區","121.320","24.335","21"
"13","298674","20220830172000","31","0","臺中市","和平區","121.300","24.340","10"
"83","298723","20220830172000","79","1","臺中市","和平區","121.310","24.345","87"
"132","298770","20220830172000","122","1","臺中市","和平區","121.310","24.350","191"
"77","298818","20220830172000","90","0","臺中市","和平區","121.315","24.355","112"
"29","298866","20220830172000","44","0","臺中市","和平區","121.315","24.360","30"
"24","298968","20220830172000","12","3","臺中市","和平區","121.340","24.370","20"
"28","299078","20220830172000","17","3","臺中市","和平區","121.265","24.285","20"
"98","299584","20220830172000","79","2","臺中市","和平區","120.905","24.290","89"
"10","299585","20220830172000","13","0","臺中市","和平區","120.910","24.290","10"
"60","299602","20220830172000","64","0","臺中市","和平區","120.930","24.295","69"
"73","299659","20220830172000","54","2","臺中市","和平區","120.940","24.300","74"
"94","299703","20220830172000","74","2","臺中市","和平區","120.940","24.310","98"
"44","299761","20220830172000","24","3","臺中市","和平區","120.930","24.325","36"
"114","299779","20220830172000","86","2","臺中市","和平區","120.925","24.325","107"
"58","299781","20220830172000","162","0","臺中市","和平區","120.935","24.325","56"
"20","299796","20220830172000","22","0","臺中市","和平區","120.920","24.330","23"
"585","299822","20220830172000","689","0","臺中市","清水區","120.565","24.290","674"
"51","299823","20220830172000","327","0","臺中市","清水區","120.560","24.295","37"
"263","299826","20220830172000","203","2","臺中市","清水區","120.600","24.280","292"
"66","299828","20220830172000","37","3","臺中市","清水區","120.610","24.280","89"
"483","299830","20220830172000","307","3","臺中市","清水區","120.600","24.285","441"
"588","299831","20220830172000","497","1","臺中市","清水區","120.575","24.285","503"
"346","299835","20220830172000","466","0","臺中市","清水區","120.575","24.300","427"
"80","299845","20220830172000","71","1","臺中市","東勢區","120.790","24.285","69"
"333","299852","20220830172000","197","3","臺中市","東勢區","120.795","24.285","279"
"50","299868","20220830172000","41","2","臺中市","東勢區","120.805","24.300","56"
"141","299869","20220830172000","206","0","臺中市","東勢區","120.810","24.300","155"
"285","299873","20220830172000","251","1","臺中市","清水區","120.555","24.280","318"
"295","299884","20220830172000","1038","0","臺中市","清水區","120.540","24.285","249"
"144","299886","20220830172000","910","0","臺中市","清水區","120.525","24.290","89"
"48","299888","20220830172000","14","3","臺中市","清水區","120.535","24.290","47"
"99","299892","20220830172000","143","0","臺中市","清水區","120.520","24.295","230"
"908","299901","20220830172000","634","2","臺中市","清水區","120.630","24.290","874"
"127","299913","20220830172000","123","1","臺中市","清水區","120.630","24.300","135"
"169","299923","20220830172000","155","1","臺中市","清水區","120.580","24.290","135"
"773","299926","20220830172000","459","3","臺中市","清水區","120.590","24.295","616"
"27","300134","20220830172000","39","0","花蓮縣","秀林鄉","121.755","24.290","51"
"268","300263","20220830172000","191","2","花蓮縣","秀林鄉","121.755","24.300","305"
"363","300401","20220830172000","245","2","花蓮縣","秀林鄉","121.750","24.310","409"
"57","300404","20220830172000","60","0","花蓮縣","秀林鄉","121.765","24.310","118"
"35","300405","20220830172000","24","2","花蓮縣","秀林鄉","121.765","24.305","20"
"40","300877","20220830172000","127","0","苗栗縣","三義鄉","120.740","24.365","40"
"16","300914","20220830172000","89","0","苗栗縣","三義鄉","120.765","24.340","24"
"122","300918","20220830172000","87","2","苗栗縣","三義鄉","120.750","24.345","127"
"50","300926","20220830172000","215","0","苗栗縣","三義鄉","120.745","24.350","47"
"77","300932","20220830172000","458","0","苗栗縣","三義鄉","120.735","24.355","78"
"235","300935","20220830172000","91","3","苗栗縣","三義鄉","120.750","24.355","179"
"29","300937","20220830172000","109","0","苗栗縣","三義鄉","120.760","24.355","19"
"87","300943","20220830172000","86","1","苗栗縣","三義鄉","120.770","24.355","95"
"110","300949","20220830172000","116","0","苗栗縣","三義鄉","120.780","24.360","102"
"30","300965","20220830172000","42","0","苗栗縣","三義鄉","120.795","24.370","16"
"206","300971","20220830172000","167","2","苗栗縣","卓蘭鎮","120.835","24.300","196"
"42","300982","20220830172000","22","3","苗栗縣","卓蘭鎮","120.845","24.310","36"
"31","301006","20220830172000","174","0","臺中市","東勢區","120.805","24.280","40"
"283","301007","20220830172000","219","2","臺中市","東勢區","120.810","24.280","316"
"20","301011","20220830172000","23","0","苗栗縣","苑裡鎮","120.720","24.360","21"
"15","301013","20220830172000","11","2","苗栗縣","苑裡鎮","120.715","24.365","15"
"586","301021","20220830172000","429","2","苗栗縣","卓蘭鎮","120.830","24.310","494"
"334","301030","20220830172000","258","2","苗栗縣","卓蘭鎮","120.845","24.320","326"
"283","301060","20220830172000","223","2","苗栗縣","卓蘭鎮","120.810","24.330","321"
"269","301079","20220830172000","275","0","苗栗縣","卓蘭鎮","120.785","24.330","329"
"209","301082","20220830172000","224","0","苗栗縣","卓蘭鎮","120.825","24.330","197"
"61","301093","20220830172000","91","0","苗栗縣","卓蘭鎮","120.805","24.335","55"
"95","301097","20220830172000","43","3","苗栗縣","卓蘭鎮","120.825","24.335","88"
"51","301176","20220830172000","28","3","臺中市","和平區","121.040","24.295","61"
"29","301578","20220830172000","52","0","苗栗縣","泰安鄉","120.945","24.360","13"
"75","301582","20220830172000","62","2","苗栗縣","泰安鄉","120.965","24.360","93"
"165","301609","20220830172000","80","3","苗栗縣","泰安鄉","120.960","24.370","161"
"37","301626","20220830172000","121","0","苗栗縣","卓蘭鎮","120.845","24.295","38"
"69","301629","20220830172000","98","0","苗栗縣","卓蘭鎮","120.860","24.295","85"
"153","301639","20220830172000","84","3","苗栗縣","卓蘭鎮","120.840","24.300","174"
"83","301640","20220830172000","77","1","苗栗縣","卓蘭鎮","120.845","24.300","82"
"65","301669","20220830172000","46","2","苗栗縣","卓蘭鎮","120.880","24.315","61"
"157","301723","20220830172000","146","1","苗栗縣","卓蘭鎮","120.850","24.340","162"
"164","301727","20220830172000","100","3","苗栗縣","卓蘭鎮","120.870","24.340","178"
"144","301752","20220830172000","116","2","苗栗縣","卓蘭鎮","120.825","24.305","92"
"904","301756","20220830172000","649","2","苗栗縣","卓蘭鎮","120.820","24.315","740"
"698","301757","20220830172000","757","0","苗栗縣","卓蘭鎮","120.825","24.315","949"
"35","301775","20220830172000","74","0","苗栗縣","卓蘭鎮","120.855","24.355","27"
"68","301787","20220830172000","35","3","苗栗縣","大湖鄉","120.870","24.360","55"
"36","301810","20220830172000","121","0","苗栗縣","大湖鄉","120.825","24.345","30"
"15","301816","20220830172000","10","3","苗栗縣","大湖鄉","120.800","24.350","13"
"122","301882","20220830172000","100","2","苗栗縣","大湖鄉","120.875","24.365","114"
"50","307890","20220830172000","56","0","宜蘭縣","南澳鄉","121.780","24.365","54"
"19","307940","20220830172000","16","1","宜蘭縣","南澳鄉","121.790","24.400","18"
"38","307967","20220830172000","18","3","宜蘭縣","南澳鄉","121.790","24.415","22"
"30","308048","20220830172000","27","1","宜蘭縣","南澳鄉","121.765","24.440","40"
"27","308051","20220830172000","26","1","宜蘭縣","南澳鄉","121.780","24.440","66"
"24","308125","20220830172000","28","0","宜蘭縣","南澳鄉","121.775","24.450","28"
"211","308964","20220830172000","163","2","宜蘭縣","南澳鄉","121.750","24.425","240"
"50","309060","20220830172000","24","3","宜蘭縣","南澳鄉","121.750","24.435","47"
"105","309298","20220830172000","103","1","宜蘭縣","大同鄉","121.355","24.395","111"
"463","309501","20220830172000","296","3","宜蘭縣","大同鄉","121.380","24.435","479"
"113","309740","20220830172000","83","2","宜蘭縣","蘇澳鎮","121.805","24.445","102"
"225","309750","20220830172000","219","1","宜蘭縣","蘇澳鎮","121.790","24.455","231"
"702","309853","20220830172000","475","2","臺中市","大甲區","120.640","24.410","723"
"178","309860","20220830172000","680","0","臺中市","大甲區","120.630","24.415","162"
"354","309867","20220830172000","316","1","臺中市","大甲區","120.635","24.390","366"
"210","309881","20220830172000","717","0","臺中市","大甲區","120.635","24.410","181"
"504","309883","20220830172000","541","0","臺中市","大甲區","120.640","24.415","546"
"22","309891","20220830172000","301","0","臺中市","大安區","120.600","24.370","18"
"337","309899","20220830172000","407","0","臺中市","大安區","120.605","24.385","368"
"216","309910","20220830172000","251","0","臺中市","大安區","120.600","24.395","229"
"102","309925","20220830172000","617","0","臺中市","大甲區","120.670","24.380","75"
"44","309935","20220830172000","32","2","臺中市","大甲區","120.665","24.390","43"
"203","309937","20220830172000","1351","0","臺中市","大甲區","120.660","24.395","128"
"1758","309939","20220830172000","1265","2","苗栗縣","苑裡鎮","120.665","24.400","1616"
"585","309942","20220830172000","489","1","臺中市","大甲區","120.645","24.400","639"
"1772","309947","20220830172000","2053","0","臺中市","大甲區","120.650","24.405","1839"
"1679","309948","20220830172000","1712","0","臺中市","大甲區","120.655","24.405","1680"
"118","309960","20220830172000","160","0","臺中市","大安區","120.595","24.385","153"
"94","309972","20220830172000","271","0","臺中市","大安區","120.585","24.375","62"
"379","309973","20220830172000","407","0","臺中市","大安區","120.590","24.375","415"
"53","309975","20220830172000","24","3","臺中市","大安區","120.585","24.380","30"
"104","309977","20220830172000","60","3","臺中市","大安區","120.610","24.375","89"
"1049","309986","20220830172000","423","3","臺中市","大甲區","120.660","24.370","872"
"1220","310004","20220830172000","1882","0","臺中市","大甲區","120.655","24.380","1212"
"109","310009","20220830172000","945","0","臺中市","大甲區","120.650","24.390","74"
"361","310033","20220830172000","316","1","臺中市","大甲區","120.615","24.415","399"
"567","310040","20220830172000","478","1","臺中市","大甲區","120.620","24.370","477"
"28","310149","20220830172000","20","2","臺中市","和平區","121.305","24.380","47"
"30","310150","20220830172000","30","1","臺中市","和平區","121.310","24.380","39"
"34","310180","20220830172000","42","0","臺中市","和平區","121.300","24.385","62"
"28","310235","20220830172000","32","0","臺中市","和平區","121.305","24.395","31"
"13","310389","20220830172000","26","0","苗栗縣","三義鄉","120.775","24.385","23"
"107","310390","20220830172000","189","0","苗栗縣","三義鄉","120.780","24.385","136"
"279","310395","20220830172000","415","0","苗栗縣","三義鄉","120.750","24.395","331"
"345","310396","20220830172000","441","0","苗栗縣","三義鄉","120.755","24.395","418"
"16","310399","20220830172000","12","2","苗栗縣","三義鄉","120.770","24.395","16"
"1854","310412","20220830172000","1492","2","苗栗縣","三義鄉","120.760","24.405","1800"
"770","310415","20220830172000","535","2","苗栗縣","三義鄉","120.765","24.410","607"
"798","310419","20220830172000","967","0","苗栗縣","三義鄉","120.770","24.415","875"
"409","310423","20220830172000","468","0","苗栗縣","三義鄉","120.745","24.370","408"
"40","310429","20220830172000","34","1","苗栗縣","三義鄉","120.770","24.370","37"
"430","310433","20220830172000","436","0","苗栗縣","三義鄉","120.750","24.375","438"
"201","310441","20220830172000","276","0","苗栗縣","三義鄉","120.750","24.380","138"
"601","310450","20220830172000","287","3","苗栗縣","三義鄉","120.755","24.385","504"
"54","310451","20220830172000","175","0","苗栗縣","三義鄉","120.760","24.385","37"
"299","310456","20220830172000","365","0","苗栗縣","三義鄉","120.755","24.390","265"
"121","310458","20220830172000","77","3","苗栗縣","三義鄉","120.760","24.390","147"
"46","310469","20220830172000","55","0","苗栗縣","三義鄉","120.780","24.375","83"
"495","310489","20220830172000","603","0","苗栗縣","三義鄉","120.775","24.420","533"
"131","310506","20220830172000","290","0","苗栗縣","三義鄉","120.770","24.435","182"
"38","310521","20220830172000","34","1","苗栗縣","三義鄉","120.805","24.385","31"
"31","310527","20220830172000","40","0","苗栗縣","三義鄉","120.795","24.390","24"
"29","310542","20220830172000","20","2","苗栗縣","三義鄉","120.775","24.405","26"
"245","310551","20220830172000","209","1","苗栗縣","三義鄉","120.790","24.410","240"
"16","310552","20220830172000","20","0","苗栗縣","三義鄉","120.795","24.410","21"
"128","310580","20220830172000","146","0","苗栗縣","公館鄉","120.860","24.460","140"
"29","310595","20220830172000","22","2","苗栗縣","苑裡鎮","120.660","24.430","11"
"479","310596","20220830172000","460","1","苗栗縣","苑裡鎮","120.665","24.430","539"
"60","310601","20220830172000","207","0","苗栗縣","苑裡鎮","120.710","24.375","46"
"96","310623","20220830172000","71","2","苗栗縣","苑裡鎮","120.695","24.400","103"
"342","310636","20220830172000","374","0","苗栗縣","苑裡鎮","120.660","24.440","439"
"103","310637","20220830172000","46","3","苗栗縣","苑裡鎮","120.655","24.445","78"
"52","310639","20220830172000","20","3","苗栗縣","苑裡鎮","120.665","24.445","30"
"99","310640","20220830172000","19","3","苗栗縣","通霄鎮","120.660","24.450","42"
"389","310644","20220830172000","536","0","苗栗縣","苑裡鎮","120.655","24.450","327"
"64","310647","20220830172000","73","0","苗栗縣","通霄鎮","120.660","24.455","59"
"20","310648","20220830172000","15","2","苗栗縣","苑裡鎮","120.650","24.460","16"
"41","310656","20220830172000","191","0","苗栗縣","三義鄉","120.745","24.395","26"
"29","310670","20220830172000","86","0","苗栗縣","苑裡鎮","120.715","24.410","38"
"81","310685","20220830172000","57","2","苗栗縣","苑裡鎮","120.710","24.420","71"
"67","310688","20220830172000","45","2","苗栗縣","苑裡鎮","120.660","24.435","49"
"335","310695","20220830172000","219","3","苗栗縣","苑裡鎮","120.670","24.405","304"
"313","310698","20220830172000","174","3","苗栗縣","苑裡鎮","120.690","24.410","280"
"151","310699","20220830172000","74","3","苗栗縣","苑裡鎮","120.690","24.415","135"
"81","310721","20220830172000","401","0","苗栗縣","苑裡鎮","120.645","24.435","43"
"287","310722","20220830172000","101","3","苗栗縣","苑裡鎮","120.650","24.435","205"
"444","310727","20220830172000","353","2","苗栗縣","苑裡鎮","120.635","24.445","440"
"24","310728","20220830172000","34","0","苗栗縣","苑裡鎮","120.655","24.410","23"
"23","310729","20220830172000","12","3","苗栗縣","苑裡鎮","120.650","24.415","18"
"367","310730","20220830172000","436","0","苗栗縣","苑裡鎮","120.655","24.415","452"
"336","310737","20220830172000","415","0","苗栗縣","苑裡鎮","120.650","24.425","374"
"18","310749","20220830172000","146","0","苗栗縣","苑裡鎮","120.685","24.435","13"
"528","310752","20220830172000","358","2","苗栗縣","苑裡鎮","120.700","24.435","379"
"56","310755","20220830172000","41","2","苗栗縣","苑裡鎮","120.680","24.440","51"
"254","310758","20220830172000","192","2","苗栗縣","苑裡鎮","120.700","24.385","260"
"244","310763","20220830172000","249","0","苗栗縣","苑裡鎮","120.695","24.395","302"
"46","310766","20220830172000","12","3","苗栗縣","苑裡鎮","120.685","24.405","42"
"877","310776","20220830172000","838","1","苗栗縣","大湖鄉","120.870","24.425","897"
"46","310779","20220830172000","41","1","苗栗縣","大湖鄉","120.885","24.425","47"
"275","310796","20220830172000","241","1","苗栗縣","大湖鄉","120.865","24.400","311"
"49","310800","20220830172000","38","2","苗栗縣","大湖鄉","120.855","24.405","41"
"29","310825","20220830172000","177","0","苗栗縣","大湖鄉","120.900","24.410","20"
"267","310860","20220830172000","96","3","苗栗縣","大湖鄉","120.870","24.405","197"
"33","310881","20220830172000","265","0","苗栗縣","大湖鄉","120.860","24.420","23"
"11","310888","20220830172000","156","0","苗栗縣","苑裡鎮","120.695","24.370","11"
"528","310894","20220830172000","790","0","苗栗縣","苑裡鎮","120.655","24.440","592"
"12","310899","20220830172000","24","0","苗栗縣","苑裡鎮","120.690","24.375","17"
"1231","310905","20220830172000","1168","1","苗栗縣","苑裡鎮","120.680","24.385","1183"
"159","310911","20220830172000","98","3","苗栗縣","苑裡鎮","120.660","24.410","143"
"348","310914","20220830172000","110","3","苗栗縣","苑裡鎮","120.660","24.415","313"
"68","310926","20220830172000","54","2","苗栗縣","苑裡鎮","120.720","24.395","75"
"30","310927","20220830172000","111","0","苗栗縣","苑裡鎮","120.725","24.395","34"
"26","310930","20220830172000","15","3","苗栗縣","苑裡鎮","120.715","24.400","22"
"21","310938","20220830172000","30","0","苗栗縣","苑裡鎮","120.705","24.410","45"
"21","310941","20220830172000","58","0","苗栗縣","苑裡鎮","120.675","24.400","30"
"27","310942","20220830172000","17","3","苗栗縣","苑裡鎮","120.680","24.400","17"
"66","310943","20220830172000","334","0","苗栗縣","苑裡鎮","120.675","24.405","58"
"363","310949","20220830172000","155","3","苗栗縣","苑裡鎮","120.670","24.415","360"
"22","310953","20220830172000","17","2","苗栗縣","苑裡鎮","120.670","24.425","25"
"30","310959","20220830172000","16","3","苗栗縣","苑裡鎮","120.680","24.410","34"
"307","310964","20220830172000","1058","0","苗栗縣","苑裡鎮","120.685","24.415","276"
"160","310996","20220830172000","156","1","苗栗縣","銅鑼鄉","120.810","24.465","178"
"19","310999","20220830172000","52","0","苗栗縣","銅鑼鄉","120.755","24.445","24"
"76","311009","20220830172000","82","0","苗栗縣","銅鑼鄉","120.765","24.460","82"
"900","311014","20220830172000","507","3","苗栗縣","銅鑼鄉","120.760","24.460","1022"
"85","311016","20220830172000","102","0","苗栗縣","銅鑼鄉","120.770","24.465","97"
"100","311031","20220830172000","62","3","苗栗縣","銅鑼鄉","120.810","24.405","106"
"160","311073","20220830172000","75","3","苗栗縣","銅鑼鄉","120.835","24.420","193"
"10","311089","20220830172000","10","1","苗栗縣","銅鑼鄉","120.765","24.435","12"
"523","311108","20220830172000","277","3","苗栗縣","銅鑼鄉","120.780","24.450","412"
"506","311118","20220830172000","373","2","苗栗縣","銅鑼鄉","120.780","24.465","510"
"1929","311279","20220830172000","2085","0","苗栗縣","苑裡鎮","120.650","24.440","2086"
"193","311280","20220830172000","133","2","苗栗縣","苑裡鎮","120.650","24.445","139"
"18","311281","20220830172000","15","2","苗栗縣","苑裡鎮","120.645","24.445","18"
"273","311283","20220830172000","305","0","苗栗縣","苑裡鎮","120.650","24.450","350"
"58","311310","20220830172000","63","0","苗栗縣","泰安鄉","120.925","24.390","72"
"39","311446","20220830172000","18","3","苗栗縣","泰安鄉","120.980","24.445","23"
"119","311474","20220830172000","83","2","苗栗縣","泰安鄉","120.935","24.420","168"
"41","311478","20220830172000","151","0","苗栗縣","泰安鄉","120.925","24.420","34"
"21","311666","20220830172000","97","0","苗栗縣","泰安鄉","120.980","24.390","21"
"22","312076","20220830172000","16","2","苗栗縣","泰安鄉","121.015","24.425","31"
"26","312522","20220830172000","90","0","苗栗縣","泰安鄉","120.925","24.440","21"
"153","312590","20220830172000","102","3","苗栗縣","通霄鎮","120.735","24.410","157"
"165","312624","20220830172000","184","0","苗栗縣","通霄鎮","120.680","24.455","203"
"63","312636","20220830172000","67","0","苗栗縣","通霄鎮","120.690","24.465","64"
"25","312656","20220830172000","20","2","苗栗縣","通霄鎮","120.745","24.440","42"
"132","312664","20220830172000","56","3","苗栗縣","通霄鎮","120.725","24.450","155"
"16","312666","20220830172000","13","2","苗栗縣","通霄鎮","120.735","24.450","16"
"80","312668","20220830172000","98","0","苗栗縣","通霄鎮","120.720","24.425","70"
"85","312670","20220830172000","215","0","苗栗縣","通霄鎮","120.720","24.430","101"
"275","312677","20220830172000","165","3","苗栗縣","通霄鎮","120.715","24.440","292"
"172","312691","20220830172000","236","0","苗栗縣","通霄鎮","120.700","24.455","164"
"44","312717","20220830172000","27","3","苗栗縣","通霄鎮","120.730","24.460","33"
"243","312744","20220830172000","78","3","苗栗縣","大湖鄉","120.865","24.430","126"
"43","312752","20220830172000","238","0","苗栗縣","大湖鄉","120.865","24.435","37"
"127","312778","20220830172000","65","3","苗栗縣","大湖鄉","120.905","24.445","115"
"115","312782","20220830172000","71","3","苗栗縣","大湖鄉","120.880","24.450","90"
"216","312784","20220830172000","219","0","苗栗縣","大湖鄉","120.875","24.455","248"
"133","312785","20220830172000","783","0","苗栗縣","大湖鄉","120.865","24.420","87"
"199","312798","20220830172000","224","0","苗栗縣","大湖鄉","120.900","24.375","243"
"474","312833","20220830172000","341","2","苗栗縣","三義鄉","120.820","24.380","501"
"129","312851","20220830172000","98","2","苗栗縣","大湖鄉","120.865","24.375","142"
"81","312863","20220830172000","229","0","苗栗縣","大湖鄉","120.850","24.385","86"
"61","317431","20220830172000","82","0","宜蘭縣","蘇澳鎮","121.845","24.520","69"
"463","319889","20220830172000","390","1","宜蘭縣","南澳鄉","121.800","24.465","595"
"496","319890","20220830172000","489","1","宜蘭縣","蘇澳鎮","121.805","24.465","484"
"152","319894","20220830172000","81","3","宜蘭縣","南澳鄉","121.810","24.470","145"
"157","320020","20220830172000","109","2","宜蘭縣","蘇澳鎮","121.830","24.515","177"
"25","320043","20220830172000","44","0","宜蘭縣","南澳鄉","121.830","24.530","27"
"86","320054","20220830172000","58","2","宜蘭縣","南澳鄉","121.835","24.535","126"
"209","320197","20220830172000","174","2","宜蘭縣","南澳鄉","121.790","24.470","275"
"15","320298","20220830172000","11","2","宜蘭縣","南澳鄉","121.785","24.460","15"
"148","320807","20220830172000","105","2","宜蘭縣","大同鄉","121.430","24.485","124"
"182","320829","20220830172000","178","1","宜蘭縣","大同鄉","121.430","24.490","170"
"22","321164","20220830172000","15","2","宜蘭縣","南澳鄉","121.535","24.495","11"
"132","321192","20220830172000","94","2","宜蘭縣","大同鄉","121.530","24.500","163"
"76","321195","20220830172000","25","3","宜蘭縣","大同鄉","121.545","24.500","51"
"85","321219","20220830172000","33","3","宜蘭縣","大同鄉","121.530","24.505","70"
"43","321263","20220830172000","16","3","宜蘭縣","南澳鄉","121.610","24.505","47"
"24","321421","20220830172000","52","0","宜蘭縣","大同鄉","121.505","24.545","27"
"21","321422","20220830172000","19","1","宜蘭縣","大同鄉","121.510","24.545","38"
"94","321699","20220830172000","78","2","宜蘭縣","大同鄉","121.450","24.530","103"
"13","321804","20220830172000","11","1","宜蘭縣","蘇澳鎮","121.810","24.465","12"
"285","321823","20220830172000","234","2","宜蘭縣","蘇澳鎮","121.840","24.485","251"
"166","321846","20220830172000","48","3","宜蘭縣","蘇澳鎮","121.835","24.510","189"
"209","321850","20220830172000","149","2","宜蘭縣","蘇澳鎮","121.835","24.520","256"
"13","321871","20220830172000","15","0","宜蘭縣","蘇澳鎮","121.870","24.535","13"
"141","321880","20220830172000","90","3","宜蘭縣","蘇澳鎮","121.820","24.460","144"
"90","321882","20220830172000","66","2","宜蘭縣","蘇澳鎮","121.820","24.465","144"
"89","321898","20220830172000","90","0","宜蘭縣","蘇澳鎮","121.825","24.485","136"
"27","322586","20220830172000","25","1","新竹縣","五峰鄉","121.090","24.500","43"
"34","322590","20220830172000","39","0","新竹縣","五峰鄉","121.075","24.505","68"
"32","322609","20220830172000","22","2","新竹縣","五峰鄉","121.115","24.510","53"
"95","322716","20220830172000","99","0","新竹縣","五峰鄉","121.110","24.525","82"
"56","322717","20220830172000","33","3","新竹縣","五峰鄉","121.115","24.525","36"
"20","322744","20220830172000","29","0","新竹縣","五峰鄉","121.125","24.530","53"
"59","322792","20220830172000","81","0","新竹縣","五峰鄉","121.125","24.540","68"
"52","322897","20220830172000","30","3","新竹縣","五峰鄉","121.130","24.560","35"
"86","322913","20220830172000","319","0","苗栗縣","公館鄉","120.820","24.495","69"
"41","322918","20220830172000","199","0","苗栗縣","公館鄉","120.815","24.510","41"
"231","322920","20220830172000","218","1","苗栗縣","公館鄉","120.815","24.515","172"
"298","322921","20220830172000","308","0","苗栗縣","銅鑼鄉","120.810","24.515","386"
"304","322933","20220830172000","187","3","苗栗縣","公館鄉","120.835","24.510","264"
"253","322941","20220830172000","302","0","苗栗縣","公館鄉","120.835","24.530","277"
"16","322960","20220830172000","137","0","苗栗縣","公館鄉","120.845","24.530","16"
"20","322961","20220830172000","101","0","苗栗縣","公館鄉","120.850","24.530","15"
"60","322992","20220830172000","102","0","苗栗縣","公館鄉","120.890","24.540","52"
"163","323065","20220830172000","119","2","苗栗縣","公館鄉","120.835","24.500","135"
"23","323076","20220830172000","16","2","苗栗縣","公館鄉","120.835","24.540","23"
"170","323078","20220830172000","132","2","苗栗縣","公館鄉","120.835","24.545","150"
"874","323086","20220830172000","729","1","苗栗縣","公館鄉","120.825","24.510","899"
"127","323090","20220830172000","812","0","苗栗縣","公館鄉","120.820","24.515","102"
"162","323092","20220830172000","311","0","苗栗縣","公館鄉","120.825","24.520","172"
"88","323094","20220830172000","321","0","苗栗縣","公館鄉","120.825","24.465","86"
"156","323105","20220830172000","183","0","苗栗縣","公館鄉","120.835","24.465","125"
"58","323120","20220830172000","59","0","苗栗縣","公館鄉","120.855","24.475","56"
"377","323126","20220830172000","318","1","苗栗縣","公館鄉","120.825","24.475","369"
"298","323131","20220830172000","335","0","苗栗縣","公館鄉","120.820","24.480","304"
"635","323137","20220830172000","379","3","苗栗縣","公館鄉","120.830","24.485","573"
"471","323139","20220830172000","570","0","苗栗縣","公館鄉","120.825","24.500","471"
"586","323140","20220830172000","649","0","苗栗縣","公館鄉","120.825","24.505","675"
"868","323143","20220830172000","1088","0","苗栗縣","公館鄉","120.820","24.500","868"
"62","323150","20220830172000","230","0","苗栗縣","公館鄉","120.830","24.530","43"
"251","323152","20220830172000","150","3","苗栗縣","公館鄉","120.830","24.535","231"
"1003","323159","20220830172000","531","3","苗栗縣","公館鄉","120.825","24.530","860"
"198","323161","20220830172000","181","1","苗栗縣","苗栗市","120.835","24.555","130"
"476","323164","20220830172000","1189","0","苗栗縣","苗栗市","120.820","24.560","426"
"22","323168","20220830172000","57","0","苗栗縣","通霄鎮","120.705","24.540","16"
"256","323174","20220830172000","161","3","苗栗縣","通霄鎮","120.700","24.550","230"
"211","323187","20220830172000","246","0","苗栗縣","通霄鎮","120.695","24.475","291"
"44","323189","20220830172000","360","0","苗栗縣","通霄鎮","120.685","24.480","36"
"118","323210","20220830172000","58","3","苗栗縣","通霄鎮","120.730","24.490","115"
"31","323218","20220830172000","61","0","苗栗縣","通霄鎮","120.740","24.495","22"
"22","323223","20220830172000","13","3","苗栗縣","通霄鎮","120.760","24.485","26"
"78","323237","20220830172000","101","0","苗栗縣","通霄鎮","120.720","24.505","92"
"11","323239","20220830172000","45","0","苗栗縣","通霄鎮","120.730","24.505","12"
"50","323242","20220830172000","64","0","苗栗縣","通霄鎮","120.740","24.505","82"
"148","323248","20220830172000","162","0","苗栗縣","通霄鎮","120.730","24.510","162"
"25","323299","20220830172000","19","2","苗栗縣","南庄鄉","120.960","24.520","21"
"87","323333","20220830172000","73","1","苗栗縣","南庄鄉","120.965","24.535","92"
"46","323356","20220830172000","118","0","苗栗縣","南庄鄉","120.970","24.545","36"
"3752","323391","20220830172000","2626","2","苗栗縣","苗栗市","120.825","24.555","3351"
"37","323392","20220830172000","26","2","苗栗縣","苗栗市","120.820","24.540","24"
"683","323394","20220830172000","604","1","苗栗縣","苗栗市","120.825","24.545","785"
"1140","323395","20220830172000","1984","0","苗栗縣","苗栗市","120.815","24.550","829"
"162","323396","20220830172000","101","3","苗栗縣","苗栗市","120.820","24.550","133"
"1475","323397","20220830172000","1574","0","苗栗縣","苗栗市","120.815","24.555","1516"
"582","323400","20220830172000","404","2","苗栗縣","苗栗市","120.820","24.555","538"
"360","323402","20220830172000","437","0","苗栗縣","苗栗市","120.830","24.555","280"
"526","323403","20220830172000","313","3","苗栗縣","苗栗市","120.825","24.565","394"
"33","323405","20220830172000","40","0","苗栗縣","苗栗市","120.790","24.525","41"
"78","323411","20220830172000","334","0","苗栗縣","苗栗市","120.785","24.535","74"
"109","323412","20220830172000","201","0","苗栗縣","苗栗市","120.790","24.535","121"
"193","323414","20220830172000","117","3","苗栗縣","苗栗市","120.800","24.535","232"
"38","323530","20220830172000","40","0","苗栗縣","南庄鄉","121.025","24.535","31"
"50","323545","20220830172000","36","2","苗栗縣","南庄鄉","121.030","24.540","37"
"88","323601","20220830172000","59","2","苗栗縣","頭屋鄉","120.855","24.555","116"
"38","323631","20220830172000","38","1","苗栗縣","頭屋鄉","120.870","24.560","40"
"14","323651","20220830172000","36","0","苗栗縣","通霄鎮","120.760","24.480","16"
"128","323661","20220830172000","204","0","苗栗縣","銅鑼鄉","120.775","24.495","147"
"19","323663","20220830172000","28","0","苗栗縣","西湖鄉","120.770","24.500","27"
"19","323666","20220830172000","97","0","苗栗縣","銅鑼鄉","120.780","24.505","16"
"323","323674","20220830172000","257","2","苗栗縣","銅鑼鄉","120.790","24.470","320"
"590","323678","20220830172000","370","3","苗栗縣","銅鑼鄉","120.790","24.475","504"
"64","323679","20220830172000","94","0","苗栗縣","銅鑼鄉","120.795","24.475","71"
"440","323682","20220830172000","361","2","苗栗縣","銅鑼鄉","120.785","24.480","435"
"660","323683","20220830172000","656","1","苗栗縣","銅鑼鄉","120.790","24.480","627"
"235","323685","20220830172000","447","0","苗栗縣","銅鑼鄉","120.785","24.485","283"
"1373","323686","20220830172000","1081","2","苗栗縣","銅鑼鄉","120.785","24.490","1072"
"82","323691","20220830172000","98","0","苗栗縣","通霄鎮","120.725","24.520","144"
"20","323700","20220830172000","69","0","苗栗縣","通霄鎮","120.735","24.525","29"
"54","323727","20220830172000","101","0","苗栗縣","通霄鎮","120.675","24.485","38"
"831","323728","20220830172000","991","0","苗栗縣","苗栗市","120.810","24.545","671"
"53","323734","20220830172000","50","1","苗栗縣","西湖鄉","120.790","24.550","75"
"183","323738","20220830172000","157","1","苗栗縣","苗栗市","120.795","24.555","179"
"339","323740","20220830172000","241","2","苗栗縣","苗栗市","120.805","24.555","292"
"179","323743","20220830172000","216","0","苗栗縣","苗栗市","120.800","24.560","200"
"216","323744","20220830172000","273","0","苗栗縣","苗栗市","120.805","24.560","156"
"448","323747","20220830172000","451","0","苗栗縣","苗栗市","120.815","24.530","483"
"1147","323751","20220830172000","1476","0","苗栗縣","苗栗市","120.815","24.540","1243"
"197","323752","20220830172000","144","2","苗栗縣","苗栗市","120.805","24.545","173"
"43","323753","20220830172000","55","0","苗栗縣","苗栗市","120.805","24.550","40"
"157","323763","20220830172000","231","0","苗栗縣","西湖鄉","120.730","24.555","89"
"96","323770","20220830172000","133","0","苗栗縣","西湖鄉","120.745","24.555","111"
"121","323782","20220830172000","81","2","苗栗縣","西湖鄉","120.765","24.520","116"
"232","323800","20220830172000","161","2","苗栗縣","西湖鄉","120.785","24.525","183"
"85","323808","20220830172000","28","3","苗栗縣","西湖鄉","120.745","24.525","95"
"164","323810","20220830172000","123","2","苗栗縣","西湖鄉","120.740","24.530","99"
"38","323815","20220830172000","37","1","苗栗縣","西湖鄉","120.750","24.535","38"
"230","323828","20220830172000","115","3","苗栗縣","通霄鎮","120.680","24.500","148"
"175","323830","20220830172000","257","0","苗栗縣","通霄鎮","120.690","24.500","176"
"48","323838","20220830172000","34","2","苗栗縣","通霄鎮","120.690","24.510","174"
"152","323845","20220830172000","191","0","苗栗縣","通霄鎮","120.695","24.515","185"
"155","323854","20220830172000","78","3","苗栗縣","通霄鎮","120.695","24.530","121"
"196","323864","20220830172000","35","3","苗栗縣","通霄鎮","120.675","24.490","207"
"1647","323865","20220830172000","1494","1","苗栗縣","通霄鎮","120.680","24.490","1642"
"1256","323876","20220830172000","1197","1","苗栗縣","銅鑼鄉","120.800","24.490","1271"
"369","323879","20220830172000","606","0","苗栗縣","銅鑼鄉","120.800","24.495","500"
"295","323881","20220830172000","195","3","苗栗縣","銅鑼鄉","120.810","24.495","241"
"40","323884","20220830172000","161","0","苗栗縣","銅鑼鄉","120.805","24.500","18"
"17","323893","20220830172000","193","0","苗栗縣","銅鑼鄉","120.805","24.510","32"
"66","323896","20220830172000","84","0","苗栗縣","銅鑼鄉","120.810","24.520","87"
"548","323898","20220830172000","562","0","苗栗縣","銅鑼鄉","120.760","24.465","585"
"136","323899","20220830172000","175","0","苗栗縣","銅鑼鄉","120.765","24.465","116"
"141","323904","20220830172000","146","0","苗栗縣","銅鑼鄉","120.770","24.470","183"
"116","323913","20220830172000","175","0","苗栗縣","銅鑼鄉","120.790","24.485","126"
"875","323918","20220830172000","289","3","苗栗縣","銅鑼鄉","120.790","24.505","614"
"134","323920","20220830172000","54","3","苗栗縣","銅鑼鄉","120.785","24.510","152"
"354","323923","20220830172000","420","0","苗栗縣","西湖鄉","120.785","24.515","383"
"79","323948","20220830172000","71","1","苗栗縣","泰安鄉","120.950","24.465","123"
"149","323952","20220830172000","121","2","苗栗縣","泰安鄉","120.970","24.465","108"
"150","323970","20220830172000","102","2","苗栗縣","泰安鄉","120.945","24.470","115"
"82","323976","20220830172000","56","2","苗栗縣","泰安鄉","120.975","24.470","72"
"13","324112","20220830172000","10","2","苗栗縣","獅潭鄉","120.910","24.505","15"
"40","324130","20220830172000","26","3","苗栗縣","獅潭鄉","120.910","24.510","47"
"308","324200","20220830172000","183","3","苗栗縣","獅潭鄉","120.920","24.540","296"
"75","324206","20220830172000","58","2","苗栗縣","獅潭鄉","120.950","24.540","92"
"82","324257","20220830172000","81","1","苗栗縣","獅潭鄉","120.935","24.555","89"
"46","324281","20220830172000","45","1","苗栗縣","獅潭鄉","120.910","24.465","54"
"212","324285","20220830172000","182","1","苗栗縣","獅潭鄉","120.880","24.470","212"
"35","324297","20220830172000","28","2","苗栗縣","獅潭鄉","120.915","24.475","33"
"63","324301","20220830172000","63","1","苗栗縣","獅潭鄉","120.900","24.485","60"
"45","324306","20220830172000","28","3","苗栗縣","獅潭鄉","120.900","24.490","44"
"13","324357","20220830172000","14","0","苗栗縣","泰安鄉","120.940","24.490","13"
"31","324420","20220830172000","52","0","苗栗縣","泰安鄉","121.205","24.465","67"
"52","324615","20220830172000","47","1","苗栗縣","泰安鄉","121.070","24.495","57"
"15","324700","20220830172000","16","0","苗栗縣","通霄鎮","120.700","24.505","15"
"24","324701","20220830172000","17","2","苗栗縣","通霄鎮","120.705","24.505","21"
"69","324706","20220830172000","105","0","苗栗縣","通霄鎮","120.715","24.510","121"
"103","324721","20220830172000","90","1","苗栗縣","西湖鄉","120.780","24.550","112"
"110","324736","20220830172000","66","3","苗栗縣","西湖鄉","120.755","24.495","117"
"219","324766","20220830172000","300","0","苗栗縣","西湖鄉","120.785","24.540","182"
"62","324767","20220830172000","49","2","苗栗縣","西湖鄉","120.755","24.545","53"
"258","324782","20220830172000","58","3","苗栗縣","通霄鎮","120.680","24.465","269"
"379","324784","20220830172000","389","0","苗栗縣","通霄鎮","120.665","24.470","405"
"185","324791","20220830172000","836","0","苗栗縣","通霄鎮","120.675","24.475","123"
"247","324812","20220830172000","344","0","苗栗縣","通霄鎮","120.710","24.555","287"
"15","324828","20220830172000","13","1","苗栗縣","通霄鎮","120.700","24.500","10"
"66","324833","20220830172000","235","0","苗栗縣","通霄鎮","120.710","24.505","48"
"10","324841","20220830172000","66","0","苗栗縣","通霄鎮","120.705","24.475","11"
"80","324850","20220830172000","128","0","苗栗縣","通霄鎮","120.715","24.480","45"
"51","324851","20220830172000","43","1","苗栗縣","通霄鎮","120.720","24.480","53"
"206","324858","20220830172000","159","2","苗栗縣","通霄鎮","120.720","24.465","216"
"151","324872","20220830172000","63","3","苗栗縣","通霄鎮","120.685","24.485","130"
"84","324877","20220830172000","617","0","苗栗縣","通霄鎮","120.690","24.495","54"
"74","324879","20220830172000","248","0","苗栗縣","通霄鎮","120.695","24.500","62"
"131","328071","20220830172000","137","0","宜蘭縣","蘇澳鎮","121.860","24.600","110"
"100","328073","20220830172000","225","0","宜蘭縣","蘇澳鎮","121.870","24.600","113"
"508","328074","20220830172000","507","1","宜蘭縣","蘇澳鎮","121.880","24.600","339"
"52","328390","20220830172000","49","1","宜蘭縣","蘇澳鎮","121.880","24.605","31"
"284","331880","20220830172000","234","2","宜蘭縣","冬山鄉","121.750","24.645","294"
"23","331921","20220830172000","15","3","宜蘭縣","南澳鄉","121.805","24.555","25"
"14","332040","20220830172000","10","2","宜蘭縣","南澳鄉","121.750","24.605","29"
"1607","332115","20220830172000","1227","2","宜蘭縣","蘇澳鎮","121.865","24.580","1793"
"277","332120","20220830172000","224","2","宜蘭縣","冬山鄉","121.815","24.630","271"
"599","332121","20220830172000","428","2","宜蘭縣","蘇澳鎮","121.820","24.625","586"
"875","332122","20220830172000","819","1","宜蘭縣","冬山鄉","121.810","24.630","900"
"513","332124","20220830172000","382","2","宜蘭縣","冬山鄉","121.820","24.630","506"
"269","332146","20220830172000","271","0","宜蘭縣","冬山鄉","121.710","24.635","337"
"81","332175","20220830172000","77","1","宜蘭縣","冬山鄉","121.765","24.620","89"
"508","332186","20220830172000","429","1","宜蘭縣","冬山鄉","121.770","24.630","513"
"365","332216","20220830172000","603","0","宜蘭縣","冬山鄉","121.785","24.625","390"
"188","332233","20220830172000","279","0","宜蘭縣","冬山鄉","121.730","24.650","280"
"335","332244","20220830172000","274","2","宜蘭縣","冬山鄉","121.805","24.625","362"
"13","332272","20220830172000","11","1","宜蘭縣","大同鄉","121.500","24.555","13"
"47","332340","20220830172000","53","0","宜蘭縣","大同鄉","121.495","24.570","62"
"88","332362","20220830172000","68","2","宜蘭縣","大同鄉","121.480","24.575","81"
"100","332385","20220830172000","83","2","宜蘭縣","大同鄉","121.495","24.580","120"
"20","332698","20220830172000","33","0","宜蘭縣","大同鄉","121.685","24.610","18"
"144","332699","20220830172000","104","2","宜蘭縣","大同鄉","121.690","24.610","169"
"11","332745","20220830172000","86","0","宜蘭縣","大同鄉","121.685","24.625","12"
"44","332848","20220830172000","60","0","宜蘭縣","大同鄉","121.635","24.615","70"
"62","332889","20220830172000","100","0","宜蘭縣","大同鄉","121.605","24.630","63"
"29","332899","20220830172000","13","3","宜蘭縣","三星鄉","121.605","24.635","25"
"152","332902","20220830172000","89","3","宜蘭縣","大同鄉","121.560","24.640","94"
"113","333040","20220830172000","149","0","宜蘭縣","大同鄉","121.530","24.595","101"
"45","333114","20220830172000","15","3","宜蘭縣","大同鄉","121.440","24.595","21"
"11","333196","20220830172000","43","0","宜蘭縣","大同鄉","121.525","24.610","11"
"91","333282","20220830172000","82","1","宜蘭縣","大同鄉","121.525","24.630","86"
"55","333296","20220830172000","36","3","宜蘭縣","大同鄉","121.490","24.635","54"
"25","333369","20220830172000","29","0","宜蘭縣","大同鄉","121.475","24.650","37"
"117","333370","20220830172000","53","3","宜蘭縣","大同鄉","121.480","24.650","132"
"13","333448","20220830172000","181","0","宜蘭縣","蘇澳鎮","121.865","24.575","10"
"284","333450","20220830172000","503","0","宜蘭縣","蘇澳鎮","121.870","24.580","298"
"627","333451","20220830172000","540","1","宜蘭縣","蘇澳鎮","121.875","24.580","575"
"1237","333457","20220830172000","817","3","宜蘭縣","蘇澳鎮","121.855","24.595","1194"
"158","333458","20220830172000","172","0","宜蘭縣","蘇澳鎮","121.875","24.600","123"
"21","333460","20220830172000","21","1","宜蘭縣","蘇澳鎮","121.860","24.605","34"
"62","333462","20220830172000","45","2","宜蘭縣","蘇澳鎮","121.870","24.605","69"
"10","333463","20220830172000","73","0","宜蘭縣","蘇澳鎮","121.875","24.605","14"
"416","333474","20220830172000","343","2","宜蘭縣","蘇澳鎮","121.835","24.590","467"
"967","333478","20220830172000","991","0","宜蘭縣","蘇澳鎮","121.835","24.595","1009"
"407","333479","20220830172000","445","0","宜蘭縣","蘇澳鎮","121.840","24.595","360"
"199","333488","20220830172000","108","3","宜蘭縣","蘇澳鎮","121.835","24.605","213"
"109","333492","20220830172000","45","3","宜蘭縣","蘇澳鎮","121.830","24.610","89"
"948","333495","20220830172000","929","1","宜蘭縣","蘇澳鎮","121.830","24.615","1251"
"1425","333504","20220830172000","1285","1","宜蘭縣","五結鄉","121.835","24.650","1367"
"342","333511","20220830172000","241","2","宜蘭縣","冬山鄉","121.795","24.640","352"
"26","333515","20220830172000","35","0","宜蘭縣","冬山鄉","121.780","24.650","23"
"259","333516","20220830172000","126","3","宜蘭縣","冬山鄉","121.785","24.650","266"
"535","333519","20220830172000","584","0","宜蘭縣","蘇澳鎮","121.835","24.620","538"
"1244","333520","20220830172000","1076","1","宜蘭縣","蘇澳鎮","121.840","24.620","1288"
"103","333521","20220830172000","93","1","宜蘭縣","蘇澳鎮","121.845","24.620","87"
"381","333522","20220830172000","364","1","宜蘭縣","蘇澳鎮","121.835","24.625","402"
"106","333545","20220830172000","84","2","宜蘭縣","蘇澳鎮","121.845","24.565","120"
"96","333557","20220830172000","99","0","宜蘭縣","蘇澳鎮","121.840","24.575","108"
"25","333558","20220830172000","31","0","宜蘭縣","蘇澳鎮","121.845","24.575","32"
"194","333564","20220830172000","428","0","宜蘭縣","蘇澳鎮","121.855","24.605","218"
"102","333566","20220830172000","103","0","宜蘭縣","蘇澳鎮","121.850","24.610","104"
"31","333567","20220830172000","57","0","宜蘭縣","蘇澳鎮","121.855","24.610","22"
"655","333569","20220830172000","574","1","宜蘭縣","蘇澳鎮","121.850","24.615","669"
"478","333653","20220830172000","474","1","宜蘭縣","三星鄉","121.615","24.650","455"
"482","333661","20220830172000","445","1","宜蘭縣","冬山鄉","121.805","24.640","488"
"13","333693","20220830172000","13","1","宜蘭縣","蘇澳鎮","121.865","24.570","13"
"209","333695","20220830172000","143","2","宜蘭縣","蘇澳鎮","121.850","24.575","223"
"15","333704","20220830172000","25","0","宜蘭縣","蘇澳鎮","121.845","24.580","30"
"19","333737","20220830172000","118","0","宜蘭縣","蘇澳鎮","121.815","24.610","39"
"302","333739","20220830172000","220","2","宜蘭縣","蘇澳鎮","121.815","24.615","287"
"99","333741","20220830172000","111","0","宜蘭縣","蘇澳鎮","121.825","24.615","99"
"969","333742","20220830172000","807","2","宜蘭縣","蘇澳鎮","121.815","24.620","1238"
"797","333751","20220830172000","706","1","宜蘭縣","冬山鄉","121.765","24.650","829"
"173","333753","20220830172000","273","0","宜蘭縣","冬山鄉","121.795","24.630","206"
"617","333754","20220830172000","613","1","宜蘭縣","冬山鄉","121.800","24.630","627"
"35","333764","20220830172000","45","0","宜蘭縣","冬山鄉","121.725","24.625","48"
"146","333769","20220830172000","46","3","宜蘭縣","冬山鄉","121.750","24.625","54"
"35","333770","20220830172000","34","1","宜蘭縣","冬山鄉","121.760","24.625","43"
"25","333774","20220830172000","63","0","宜蘭縣","冬山鄉","121.740","24.630","20"
"407","333781","20220830172000","324","2","宜蘭縣","冬山鄉","121.750","24.635","422"
"148","333789","20220830172000","119","2","宜蘭縣","冬山鄉","121.765","24.640","154"
"81","333791","20220830172000","76","1","宜蘭縣","冬山鄉","121.760","24.645","87"
"1065","333802","20220830172000","808","2","宜蘭縣","冬山鄉","121.790","24.635","1046"
"1326","333804","20220830172000","1050","2","宜蘭縣","冬山鄉","121.795","24.635","1334"
"21","333808","20220830172000","20","1","宜蘭縣","蘇澳鎮","121.845","24.635","33"
"1033","333809","20220830172000","557","3","宜蘭縣","蘇澳鎮","121.835","24.640","1075"
"109","333810","20220830172000","177","0","宜蘭縣","蘇澳鎮","121.840","24.640","134"
"1257","333814","20220830172000","1125","1","宜蘭縣","蘇澳鎮","121.830","24.630","1234"
"508","333818","20220830172000","419","2","宜蘭縣","蘇澳鎮","121.830","24.640","512"
"475","333821","20220830172000","464","1","宜蘭縣","蘇澳鎮","121.830","24.645","480"
"16","333893","20220830172000","13","2","新竹縣","北埔鄉","121.065","24.645","22"
"66","333899","20220830172000","59","1","新竹縣","竹東鎮","121.095","24.645","81"
"134","334213","20220830172000","83","3","新竹縣","尖石鄉","121.340","24.650","140"
"119","334309","20220830172000","58","3","新竹縣","尖石鄉","121.310","24.570","107"
"11","334359","20220830172000","36","0","新竹縣","尖石鄉","121.270","24.580","12"
"78","334366","20220830172000","70","1","新竹縣","尖石鄉","121.305","24.580","58"
"91","334372","20220830172000","31","3","新竹縣","尖石鄉","121.335","24.580","103"
"28","334487","20220830172000","46","0","新竹縣","尖石鄉","121.290","24.605","23"
"185","334532","20220830172000","200","0","新竹縣","尖石鄉","121.295","24.610","183"
"59","334547","20220830172000","56","1","新竹縣","尖石鄉","121.285","24.615","50"
"90","334623","20220830172000","36","3","新竹縣","尖石鄉","121.275","24.640","71"
"63","334698","20220830172000","55","1","新竹縣","峨眉鄉","121.025","24.655","60"
"71","334723","20220830172000","83","0","宜蘭縣","蘇澳鎮","121.840","24.590","75"
"158","334725","20220830172000","223","0","宜蘭縣","蘇澳鎮","121.850","24.590","181"
"816","334726","20220830172000","740","1","宜蘭縣","蘇澳鎮","121.845","24.595","929"
"35","334737","20220830172000","33","1","新竹縣","五峰鄉","121.090","24.605","46"
"63","334763","20220830172000","15","3","新竹縣","五峰鄉","121.105","24.615","60"
"14","334770","20220830172000","25","0","新竹縣","五峰鄉","121.085","24.625","48"
"229","334783","20220830172000","177","2","新竹縣","五峰鄉","121.120","24.630","231"
"389","334790","20220830172000","461","0","新竹縣","五峰鄉","121.100","24.640","442"
"39","334829","20220830172000","18","3","新竹縣","五峰鄉","121.090","24.565","54"
"11","334833","20220830172000","18","0","新竹縣","五峰鄉","121.110","24.565","11"
"95","334868","20220830172000","73","2","新竹縣","五峰鄉","121.105","24.580","114"
"17","334869","20220830172000","13","2","新竹縣","五峰鄉","121.110","24.580","19"
"73","334891","20220830172000","55","2","新竹縣","五峰鄉","121.115","24.590","92"
"103","334969","20220830172000","70","2","新竹縣","五峰鄉","121.125","24.590","128"
"44","335076","20220830172000","22","3","新竹縣","五峰鄉","121.155","24.610","51"
"62","335109","20220830172000","41","3","新竹縣","五峰鄉","121.110","24.620","91"
"13","335134","20220830172000","18","0","新竹縣","五峰鄉","121.145","24.625","16"
"68","335187","20220830172000","79","0","新竹縣","五峰鄉","121.150","24.645","66"
"112","335195","20220830172000","83","2","新竹縣","竹東鎮","121.125","24.650","97"
"40","335200","20220830172000","41","0","新竹縣","五峰鄉","121.150","24.650","41"
"76","335230","20220830172000","58","2","新竹縣","五峰鄉","121.180","24.655","101"
"199","335366","20220830172000","149","2","桃園市","復興區","121.400","24.640","182"
"23","335480","20220830172000","25","0","苗栗縣","三灣鄉","120.960","24.610","24"
"10","335488","20220830172000","75","0","苗栗縣","三灣鄉","120.950","24.615","10"
"127","335520","20220830172000","90","2","苗栗縣","三灣鄉","120.925","24.640","128"
"315","335553","20220830172000","238","2","苗栗縣","三灣鄉","121.005","24.645","316"
"217","335569","20220830172000","771","0","苗栗縣","三灣鄉","120.955","24.650","188"
"56","335581","20220830172000","38","2","苗栗縣","三灣鄉","120.945","24.655","73"
"112","335594","20220830172000","91","2","苗栗縣","三灣鄉","120.975","24.645","112"
"156","335619","20220830172000","122","2","苗栗縣","三灣鄉","120.905","24.625","147"
"337","335630","20220830172000","244","2","苗栗縣","後龍鎮","120.770","24.615","311"
"117","335632","20220830172000","76","3","苗栗縣","後龍鎮","120.765","24.620","95"
"231","335635","20220830172000","651","0","苗栗縣","後龍鎮","120.780","24.620","293"
"63","335639","20220830172000","690","0","苗栗縣","後龍鎮","120.780","24.625","40"
"253","335647","20220830172000","379","0","苗栗縣","苗栗市","120.830","24.560","275"
"768","335648","20220830172000","400","3","苗栗縣","苗栗市","120.835","24.560","704"
"567","335652","20220830172000","533","1","苗栗縣","苗栗市","120.825","24.585","620"
"462","335655","20220830172000","384","2","苗栗縣","苗栗市","120.815","24.595","444"
"434","335657","20220830172000","373","1","苗栗縣","苗栗市","120.825","24.595","466"
"803","335658","20220830172000","365","3","苗栗縣","苗栗市","120.825","24.575","663"
"1190","335660","20220830172000","987","2","苗栗縣","苗栗市","120.825","24.580","1167"
"158","335662","20220830172000","167","0","苗栗縣","苗栗市","120.810","24.560","163"
"2904","335663","20220830172000","2825","1","苗栗縣","苗栗市","120.815","24.560","2496"
"24","335664","20220830172000","187","0","苗栗縣","苗栗市","120.805","24.565","17"
"247","335666","20220830172000","242","1","苗栗縣","通霄鎮","120.715","24.560","194"
"90","335669","20220830172000","65","2","苗栗縣","通霄鎮","120.715","24.565","68"
"46","335671","20220830172000","286","0","苗栗縣","通霄鎮","120.710","24.570","28"
"178","335675","20220830172000","145","2","苗栗縣","通霄鎮","120.710","24.565","156"
"149","335689","20220830172000","139","1","苗栗縣","南庄鄉","121.005","24.615","145"
"111","335701","20220830172000","83","2","苗栗縣","南庄鄉","121.010","24.635","130"
"3295","335706","20220830172000","2247","2","苗栗縣","苗栗市","120.820","24.565","2662"
"267","335707","20220830172000","1114","0","苗栗縣","苗栗市","120.820","24.570","187"
"566","335708","20220830172000","674","0","苗栗縣","苗栗市","120.820","24.575","675"
"17","335716","20220830172000","102","0","苗栗縣","後龍鎮","120.770","24.650","12"
"419","335717","20220830172000","349","2","苗栗縣","後龍鎮","120.775","24.650","416"
"38","335748","20220830172000","243","0","苗栗縣","南庄鄉","120.985","24.635","35"
"769","335753","20220830172000","455","3","苗栗縣","苗栗市","120.830","24.575","863"
"182","335754","20220830172000","100","3","苗栗縣","苗栗市","120.830","24.580","181"
"227","335762","20220830172000","1706","0","苗栗縣","苗栗市","120.830","24.570","257"
"830","335763","20220830172000","696","1","苗栗縣","苗栗市","120.835","24.570","742"
"557","335766","20220830172000","193","3","苗栗縣","苗栗市","120.840","24.575","96"
"33","335767","20220830172000","272","0","苗栗縣","苗栗市","120.835","24.580","33"
"68","335776","20220830172000","219","0","苗栗縣","頭屋鄉","120.845","24.595","86"
"49","335787","20220830172000","44","1","苗栗縣","頭屋鄉","120.860","24.570","52"
"425","335795","20220830172000","167","3","苗栗縣","頭屋鄉","120.855","24.580","474"
"150","335796","20220830172000","118","2","苗栗縣","頭屋鄉","120.860","24.580","156"
"63","335799","20220830172000","251","0","苗栗縣","頭屋鄉","120.875","24.580","47"
"122","335801","20220830172000","312","0","苗栗縣","頭屋鄉","120.850","24.570","108"
"101","335802","20220830172000","70","2","苗栗縣","頭屋鄉","120.855","24.570","114"
"254","335804","20220830172000","365","0","苗栗縣","頭屋鄉","120.850","24.575","204"
"114","335805","20220830172000","341","0","苗栗縣","頭屋鄉","120.855","24.575","122"
"122","335817","20220830172000","108","1","苗栗縣","後龍鎮","120.730","24.590","178"
"179","335832","20220830172000","173","1","苗栗縣","後龍鎮","120.735","24.605","156"
"10","335861","20220830172000","30","0","苗栗縣","南庄鄉","121.000","24.560","23"
"18","335881","20220830172000","77","0","苗栗縣","南庄鄉","120.985","24.570","16"
"27","335884","20220830172000","24","1","苗栗縣","南庄鄉","121.000","24.570","36"
"26","335915","20220830172000","136","0","苗栗縣","南庄鄉","120.995","24.585","30"
"143","335931","20220830172000","156","0","苗栗縣","南庄鄉","121.015","24.595","152"
"398","335948","20220830172000","383","1","苗栗縣","南庄鄉","120.955","24.640","454"
"523","335954","20220830172000","415","2","苗栗縣","南庄鄉","121.000","24.600","554"
"419","335959","20220830172000","403","1","苗栗縣","南庄鄉","121.000","24.605","400"
"30","336014","20220830172000","24","2","苗栗縣","南庄鄉","121.035","24.585","31"
"28","336050","20220830172000","92","0","苗栗縣","南庄鄉","121.040","24.600","20"
"256","336097","20220830172000","217","1","苗栗縣","南庄鄉","121.035","24.620","293"
"46","336103","20220830172000","40","1","苗栗縣","南庄鄉","121.020","24.620","44"
"76","336149","20220830172000","175","0","苗栗縣","頭屋鄉","120.890","24.585","65"
"258","336180","20220830172000","239","1","苗栗縣","頭屋鄉","120.885","24.600","239"
"37","336185","20220830172000","491","0","苗栗縣","頭屋鄉","120.845","24.560","33"
"32","336218","20220830172000","31","1","苗栗縣","頭屋鄉","120.895","24.570","24"
"64","336244","20220830172000","275","0","苗栗縣","頭份鎮","120.880","24.645","51"
"220","336248","20220830172000","198","1","苗栗縣","頭份鎮","120.880","24.650","212"
"374","336249","20220830172000","364","1","苗栗縣","頭份鎮","120.885","24.650","379"
"668","336266","20220830172000","915","0","苗栗縣","後龍鎮","120.785","24.610","825"
"329","336274","20220830172000","242","2","苗栗縣","後龍鎮","120.820","24.615","285"
"50","336275","20220830172000","19","3","苗栗縣","後龍鎮","120.825","24.615","40"
"475","336278","20220830172000","449","1","苗栗縣","後龍鎮","120.810","24.620","507"
"156","336282","20220830172000","264","0","苗栗縣","造橋鄉","120.815","24.625","202"
"1253","336283","20220830172000","1221","1","苗栗縣","苗栗市","120.810","24.565","1404"
"1711","336284","20220830172000","968","3","苗栗縣","苗栗市","120.815","24.565","1486"
"140","336285","20220830172000","148","0","苗栗縣","苗栗市","120.805","24.570","162"
"95","336287","20220830172000","732","0","苗栗縣","苗栗市","120.815","24.570","53"
"113","336288","20220830172000","63","3","苗栗縣","苗栗市","120.810","24.575","73"
"429","336292","20220830172000","529","0","苗栗縣","苗栗市","120.810","24.585","514"
"423","336295","20220830172000","321","2","苗栗縣","苗栗市","120.810","24.590","394"
"36","336298","20220830172000","351","0","苗栗縣","苗栗市","120.810","24.595","38"
"22","336318","20220830172000","15","2","苗栗縣","苗栗市","120.795","24.580","14"
"20","336321","20220830172000","11","3","苗栗縣","苗栗市","120.785","24.585","18"
"27","336323","20220830172000","47","0","苗栗縣","苗栗市","120.795","24.585","37"
"588","336331","20220830172000","840","0","苗栗縣","苗栗市","120.825","24.570","500"
"35","336351","20220830172000","173","0","苗栗縣","後龍鎮","120.800","24.645","24"
"146","336352","20220830172000","432","0","苗栗縣","後龍鎮","120.805","24.645","156"
"142","336359","20220830172000","87","3","苗栗縣","後龍鎮","120.805","24.650","157"
"1943","336369","20220830172000","1717","1","苗栗縣","後龍鎮","120.790","24.610","1990"
"116","336376","20220830172000","318","0","苗栗縣","後龍鎮","120.810","24.610","110"
"297","336382","20220830172000","263","1","苗栗縣","後龍鎮","120.800","24.625","294"
"239","336386","20220830172000","103","3","苗栗縣","後龍鎮","120.800","24.630","216"
"49","336390","20220830172000","188","0","苗栗縣","後龍鎮","120.800","24.635","38"
"222","336395","20220830172000","200","1","苗栗縣","後龍鎮","120.825","24.605","281"
"130","336400","20220830172000","177","0","苗栗縣","後龍鎮","120.825","24.610","133"
"114","336426","20220830172000","330","0","苗栗縣","造橋鄉","120.890","24.620","87"
"97","336440","20220830172000","92","1","苗栗縣","造橋鄉","120.925","24.600","112"
"76","336466","20220830172000","46","3","苗栗縣","造橋鄉","120.910","24.620","64"
"62","336470","20220830172000","253","0","苗栗縣","造橋鄉","120.865","24.605","83"
"408","336492","20220830172000","115","3","苗栗縣","造橋鄉","120.855","24.620","426"
"16","336494","20220830172000","58","0","苗栗縣","造橋鄉","120.865","24.620","16"
"43","336501","20220830172000","235","0","苗栗縣","造橋鄉","120.865","24.630","40"
"65","336504","20220830172000","48","2","苗栗縣","造橋鄉","120.860","24.645","58"
"277","336507","20220830172000","170","3","苗栗縣","造橋鄉","120.870","24.650","239"
"572","336511","20220830172000","264","3","苗栗縣","造橋鄉","120.860","24.655","574"
"145","336512","20220830172000","123","1","苗栗縣","造橋鄉","120.865","24.655","180"
"202","336520","20220830172000","107","3","苗栗縣","造橋鄉","120.850","24.645","155"
"191","336523","20220830172000","217","0","苗栗縣","造橋鄉","120.845","24.650","185"
"177","336526","20220830172000","377","0","苗栗縣","造橋鄉","120.840","24.650","155"
"54","336531","20220830172000","76","0","苗栗縣","造橋鄉","120.855","24.655","49"
"147","336542","20220830172000","196","0","苗栗縣","造橋鄉","120.840","24.610","144"
"19","336543","20220830172000","20","0","苗栗縣","造橋鄉","120.845","24.610","15"
"97","336546","20220830172000","50","3","苗栗縣","造橋鄉","120.840","24.615","89"
"15","336549","20220830172000","15","1","苗栗縣","造橋鄉","120.830","24.620","21"
"158","336556","20220830172000","165","0","苗栗縣","造橋鄉","120.840","24.625","185"
"148","336559","20220830172000","137","1","苗栗縣","造橋鄉","120.855","24.625","132"
"20","336561","20220830172000","54","0","苗栗縣","造橋鄉","120.855","24.630","20"
"121","336569","20220830172000","68","3","苗栗縣","造橋鄉","120.860","24.640","131"
"284","336572","20220830172000","205","2","苗栗縣","造橋鄉","120.875","24.640","264"
"234","336573","20220830172000","132","3","苗栗縣","造橋鄉","120.865","24.645","223"
"133","336574","20220830172000","165","0","苗栗縣","造橋鄉","120.870","24.645","159"
"111","336587","20220830172000","61","3","苗栗縣","造橋鄉","120.820","24.630","104"
"29","336597","20220830172000","119","0","苗栗縣","造橋鄉","120.825","24.640","20"
"36","336604","20220830172000","24","3","苗栗縣","造橋鄉","120.840","24.645","26"
"268","336605","20220830172000","117","3","苗栗縣","造橋鄉","120.830","24.650","265"
"151","336610","20220830172000","114","2","苗栗縣","造橋鄉","120.840","24.655","146"
"16","336614","20220830172000","67","0","苗栗縣","獅潭鄉","120.940","24.560","18"
"421","336662","20220830172000","300","2","苗栗縣","獅潭鄉","120.940","24.590","438"
"212","336672","20220830172000","738","0","苗栗縣","頭份鎮","120.890","24.625","198"
"166","336679","20220830172000","163","1","苗栗縣","頭份鎮","120.885","24.635","163"
"172","336689","20220830172000","100","3","苗栗縣","頭份鎮","120.885","24.645","163"
"18","336694","20220830172000","26","0","苗栗縣","頭份鎮","120.905","24.650","25"
"336","336696","20220830172000","179","3","苗栗縣","後龍鎮","120.815","24.635","313"
"241","336716","20220830172000","309","0","苗栗縣","後龍鎮","120.765","24.590","301"
"156","336717","20220830172000","108","2","苗栗縣","後龍鎮","120.750","24.595","128"
"131","336734","20220830172000","119","1","苗栗縣","後龍鎮","120.760","24.635","137"
"58","336737","20220830172000","61","0","苗栗縣","後龍鎮","120.775","24.635","46"
"169","336741","20220830172000","117","2","苗栗縣","後龍鎮","120.770","24.640","174"
"810","336749","20220830172000","508","3","苗栗縣","後龍鎮","120.825","24.600","721"
"713","336751","20220830172000","354","3","苗栗縣","後龍鎮","120.815","24.605","608"
"155","336767","20220830172000","253","0","苗栗縣","後龍鎮","120.790","24.590","50"
"122","336777","20220830172000","460","0","苗栗縣","後龍鎮","120.780","24.600","106"
"10","336802","20220830172000","112","0","苗栗縣","後龍鎮","120.755","24.610","15"
"210","336816","20220830172000","569","0","苗栗縣","西湖鄉","120.755","24.560","234"
"363","336818","20220830172000","306","1","苗栗縣","西湖鄉","120.755","24.565","427"
"203","336840","20220830172000","255","0","苗栗縣","苗栗市","120.825","24.560","187"
"92","336841","20220830172000","698","0","苗栗縣","後龍鎮","120.790","24.615","62"
"253","336849","20220830172000","329","0","苗栗縣","後龍鎮","120.735","24.570","312"
"63","336860","20220830172000","77","0","苗栗縣","後龍鎮","120.715","24.585","51"
"81","336867","20220830172000","62","2","苗栗縣","後龍鎮","120.725","24.590","89"
"19","336873","20220830172000","38","0","苗栗縣","後龍鎮","120.725","24.600","33"
"1008","345384","20220830172000","802","2","宜蘭縣","員山鄉","121.730","24.730","1020"
"515","345386","20220830172000","409","2","宜蘭縣","冬山鄉","121.750","24.655","565"
"896","345394","20220830172000","880","1","宜蘭縣","員山鄉","121.725","24.740","948"
"690","345398","20220830172000","593","1","宜蘭縣","員山鄉","121.725","24.745","685"
"249","345405","20220830172000","205","2","宜蘭縣","員山鄉","121.705","24.730","244"
"265","345413","20220830172000","134","3","宜蘭縣","員山鄉","121.715","24.735","269"
"323","345414","20220830172000","263","2","宜蘭縣","員山鄉","121.720","24.735","337"
"48","345418","20220830172000","481","0","宜蘭縣","宜蘭市","121.760","24.755","34"
"1704","345419","20220830172000","1777","0","宜蘭縣","宜蘭市","121.755","24.755","1694"
"245","345420","20220830172000","242","1","宜蘭縣","員山鄉","121.730","24.710","254"
"555","345431","20220830172000","481","1","宜蘭縣","宜蘭市","121.740","24.725","581"
"89","345442","20220830172000","81","1","宜蘭縣","員山鄉","121.630","24.690","113"
"39","345460","20220830172000","46","0","宜蘭縣","員山鄉","121.645","24.700","33"
"124","345472","20220830172000","93","2","宜蘭縣","員山鄉","121.645","24.705","128"
"74","345493","20220830172000","84","0","宜蘭縣","員山鄉","121.665","24.710","119"
"41","345545","20220830172000","74","0","宜蘭縣","員山鄉","121.680","24.715","54"
"517","345546","20220830172000","442","1","宜蘭縣","員山鄉","121.685","24.715","519"
"456","345550","20220830172000","351","2","宜蘭縣","員山鄉","121.685","24.720","496"
"968","345564","20220830172000","752","2","宜蘭縣","冬山鄉","121.705","24.655","1000"
"366","345567","20220830172000","373","0","宜蘭縣","冬山鄉","121.745","24.670","408"
"35","345571","20220830172000","213","0","宜蘭縣","羅東鎮","121.750","24.685","29"
"14","345574","20220830172000","23","0","宜蘭縣","冬山鄉","121.730","24.660","13"
"391","345575","20220830172000","324","2","宜蘭縣","冬山鄉","121.735","24.660","385"
"496","345579","20220830172000","475","1","宜蘭縣","冬山鄉","121.745","24.665","501"
"452","345580","20220830172000","301","3","宜蘭縣","冬山鄉","121.750","24.670","420"
"388","345593","20220830172000","266","2","宜蘭縣","冬山鄉","121.735","24.680","447"
"288","345596","20220830172000","214","2","宜蘭縣","冬山鄉","121.730","24.685","308"
"433","345600","20220830172000","255","3","宜蘭縣","冬山鄉","121.740","24.690","462"
"84","345608","20220830172000","155","0","宜蘭縣","壯圍鄉","121.780","24.725","77"
"573","345621","20220830172000","343","3","宜蘭縣","宜蘭市","121.755","24.765","523"
"286","345623","20220830172000","469","0","宜蘭縣","三星鄉","121.685","24.700","191"
"229","345646","20220830172000","134","3","宜蘭縣","五結鄉","121.775","24.700","191"
"84","345649","20220830172000","206","0","宜蘭縣","五結鄉","121.790","24.700","108"
"249","345652","20220830172000","279","0","宜蘭縣","五結鄉","121.785","24.705","246"
"249","345678","20220830172000","313","0","宜蘭縣","三星鄉","121.675","24.685","255"
"262","345685","20220830172000","424","0","宜蘭縣","三星鄉","121.670","24.690","372"
"50","345695","20220830172000","172","0","宜蘭縣","三星鄉","121.685","24.695","42"
"312","345711","20220830172000","217","2","宜蘭縣","三星鄉","121.630","24.665","317"
"1161","345715","20220830172000","1196","0","宜蘭縣","宜蘭市","121.755","24.760","1168"
"412","345716","20220830172000","341","2","宜蘭縣","三星鄉","121.655","24.670","432"
"1448","345720","20220830172000","1327","1","宜蘭縣","三星鄉","121.650","24.665","1473"
"795","345726","20220830172000","853","0","宜蘭縣","壯圍鄉","121.815","24.760","764"
"279","345731","20220830172000","274","1","宜蘭縣","大同鄉","121.600","24.675","279"
"185","345738","20220830172000","169","1","宜蘭縣","大同鄉","121.610","24.680","160"
"117","345857","20220830172000","109","1","宜蘭縣","大同鄉","121.580","24.655","106"
"139","345897","20220830172000","112","2","宜蘭縣","大同鄉","121.590","24.665","156"
"27","345918","20220830172000","28","0","宜蘭縣","大同鄉","121.590","24.670","55"
"291","345998","20220830172000","251","1","宜蘭縣","宜蘭市","121.745","24.760","321"
"375","346004","20220830172000","334","1","宜蘭縣","壯圍鄉","121.820","24.725","477"
"485","346010","20220830172000","443","1","宜蘭縣","員山鄉","121.685","24.730","488"
"415","346029","20220830172000","258","3","宜蘭縣","員山鄉","121.705","24.710","419"
"199","346033","20220830172000","210","0","宜蘭縣","員山鄉","121.725","24.710","224"
"1050","346041","20220830172000","828","2","宜蘭縣","員山鄉","121.720","24.725","1071"
"230","346048","20220830172000","160","2","宜蘭縣","員山鄉","121.700","24.745","227"
"28","346057","20220830172000","51","0","宜蘭縣","員山鄉","121.700","24.755","134"
"26","346150","20220830172000","15","3","宜蘭縣","員山鄉","121.670","24.745","20"
"261","346153","20220830172000","208","2","宜蘭縣","員山鄉","121.685","24.745","287"
"15","346158","20220830172000","12","2","宜蘭縣","員山鄉","121.610","24.750","26"
"11","346164","20220830172000","20","0","宜蘭縣","員山鄉","121.640","24.750","22"
"11","346174","20220830172000","14","0","宜蘭縣","員山鄉","121.590","24.755","14"
"50","346184","20220830172000","64","0","宜蘭縣","員山鄉","121.640","24.755","62"
"144","346231","20220830172000","130","1","宜蘭縣","冬山鄉","121.790","24.655","155"
"416","346234","20220830172000","470","0","宜蘭縣","冬山鄉","121.805","24.655","439"
"883","346247","20220830172000","684","2","宜蘭縣","羅東鎮","121.775","24.685","926"
"179","346248","20220830172000","145","2","宜蘭縣","五結鄉","121.775","24.690","203"
"903","346251","20220830172000","850","1","宜蘭縣","五結鄉","121.770","24.695","914"
"417","346252","20220830172000","299","2","宜蘭縣","五結鄉","121.775","24.695","406"
"3521","346254","20220830172000","3471","1","宜蘭縣","羅東鎮","121.770","24.680","3466"
"25","346256","20220830172000","21","1","宜蘭縣","員山鄉","121.720","24.760","37"
"2946","346259","20220830172000","1863","3","宜蘭縣","五結鄉","121.770","24.705","3073"
"1045","346261","20220830172000","763","2","宜蘭縣","五結鄉","121.785","24.685","1034"
"1881","346263","20220830172000","1905","0","宜蘭縣","五結鄉","121.795","24.685","1982"
"900","346264","20220830172000","727","2","宜蘭縣","五結鄉","121.800","24.685","916"
"1531","346266","20220830172000","1405","1","宜蘭縣","五結鄉","121.795","24.690","1529"
"613","346267","20220830172000","589","1","宜蘭縣","五結鄉","121.795","24.695","659"
"842","346274","20220830172000","888","0","宜蘭縣","五結鄉","121.820","24.665","991"
"16","346275","20220830172000","18","0","宜蘭縣","五結鄉","121.825","24.665","16"
"523","346280","20220830172000","368","2","宜蘭縣","五結鄉","121.810","24.675","618"
"120","346281","20220830172000","79","3","宜蘭縣","五結鄉","121.815","24.675","134"
"382","346284","20220830172000","270","2","宜蘭縣","五結鄉","121.815","24.680","519"
"198","346286","20220830172000","156","2","宜蘭縣","五結鄉","121.800","24.680","194"
"41","346292","20220830172000","354","0","宜蘭縣","壯圍鄉","121.795","24.760","41"
"41","346296","20220830172000","31","2","宜蘭縣","三星鄉","121.665","24.675","31"
"15","346343","20220830172000","12","2","宜蘭縣","三星鄉","121.700","24.695","18"
"252","346360","20220830172000","286","0","宜蘭縣","壯圍鄉","121.815","24.745","223"
"35","346378","20220830172000","22","3","宜蘭縣","壯圍鄉","121.805","24.765","29"
"2702","346379","20220830172000","2190","2","宜蘭縣","宜蘭市","121.750","24.750","2694"
"338","346389","20220830172000","361","0","宜蘭縣","五結鄉","121.810","24.700","412"
"157","346394","20220830172000","253","0","宜蘭縣","五結鄉","121.830","24.675","171"
"596","346399","20220830172000","575","1","宜蘭縣","五結鄉","121.825","24.680","771"
"36","346400","20220830172000","70","0","宜蘭縣","五結鄉","121.830","24.680","44"
"16","346401","20220830172000","17","0","宜蘭縣","五結鄉","121.835","24.680","19"
"47","346403","20220830172000","103","0","宜蘭縣","五結鄉","121.825","24.685","64"
"69","346410","20220830172000","52","2","宜蘭縣","五結鄉","121.835","24.655","77"
"668","346413","20220830172000","595","1","宜蘭縣","五結鄉","121.835","24.660","637"
"180","346416","20220830172000","347","0","宜蘭縣","五結鄉","121.835","24.665","273"
"678","346420","20220830172000","719","0","宜蘭縣","五結鄉","121.795","24.680","743"
"693","346421","20220830172000","492","2","宜蘭縣","五結鄉","121.800","24.675","733"
"896","346423","20220830172000","471","3","宜蘭縣","五結鄉","121.785","24.680","928"
"579","346429","20220830172000","466","2","宜蘭縣","冬山鄉","121.775","24.660","614"
"168","346430","20220830172000","289","0","宜蘭縣","冬山鄉","121.770","24.665","190"
"250","346431","20220830172000","577","0","宜蘭縣","宜蘭市","121.745","24.755","254"
"340","346436","20220830172000","570","0","宜蘭縣","宜蘭市","121.750","24.740","584"
"1397","346437","20220830172000","1172","1","宜蘭縣","宜蘭市","121.750","24.760","1504"
"45","346440","20220830172000","68","0","宜蘭縣","冬山鄉","121.765","24.665","37"
"246","346442","20220830172000","162","3","宜蘭縣","冬山鄉","121.780","24.660","233"
"370","346443","20220830172000","327","1","宜蘭縣","冬山鄉","121.785","24.660","402"
"138","346456","20220830172000","256","0","宜蘭縣","宜蘭市","121.770","24.720","149"
"907","346457","20220830172000","825","1","宜蘭縣","宜蘭市","121.760","24.720","912"
"164","346458","20220830172000","227","0","宜蘭縣","宜蘭市","121.765","24.720","168"
"159","346461","20220830172000","214","0","宜蘭縣","五結鄉","121.820","24.695","173"
"160","346470","20220830172000","155","1","宜蘭縣","五結鄉","121.810","24.705","201"
"520","346472","20220830172000","299","3","宜蘭縣","五結鄉","121.820","24.705","575"
"276","346534","20220830172000","259","1","宜蘭縣","三星鄉","121.680","24.665","257"
"349","346538","20220830172000","245","2","宜蘭縣","三星鄉","121.680","24.670","364"
"370","346540","20220830172000","437","0","宜蘭縣","宜蘭市","121.740","24.760","353"
"302","346545","20220830172000","733","0","宜蘭縣","員山鄉","121.710","24.750","303"
"365","346553","20220830172000","206","3","宜蘭縣","員山鄉","121.715","24.760","341"
"560","346555","20220830172000","373","3","宜蘭縣","羅東鎮","121.765","24.690","517"
"669","346556","20220830172000","755","0","宜蘭縣","五結鄉","121.770","24.690","728"
"241","346558","20220830172000","213","1","宜蘭縣","壯圍鄉","121.800","24.730","244"
"1530","346566","20220830172000","1169","2","宜蘭縣","壯圍鄉","121.785","24.745","1607"
"327","346572","20220830172000","325","1","宜蘭縣","三星鄉","121.690","24.680","350"
"10","346590","20220830172000","12","0","宜蘭縣","三星鄉","121.695","24.660","12"
"163","346599","20220830172000","359","0","宜蘭縣","三星鄉","121.700","24.665","147"
"406","346607","20220830172000","427","0","宜蘭縣","三星鄉","121.710","24.670","457"
"534","346608","20220830172000","476","1","宜蘭縣","三星鄉","121.715","24.670","578"
"267","346611","20220830172000","223","1","宜蘭縣","冬山鄉","121.730","24.670","294"
"10","346623","20220830172000","13","0","宜蘭縣","三星鄉","121.615","24.660","10"
"519","346626","20220830172000","606","0","宜蘭縣","員山鄉","121.725","24.765","533"
"1674","346628","20220830172000","4184","0","宜蘭縣","羅東鎮","121.770","24.675","1710"
"2997","346629","20220830172000","2828","1","宜蘭縣","羅東鎮","121.760","24.680","2867"
"2930","346630","20220830172000","2319","2","宜蘭縣","羅東鎮","121.760","24.675","2749"
"357","346634","20220830172000","232","3","宜蘭縣","宜蘭市","121.775","24.735","416"
"766","346635","20220830172000","810","0","宜蘭縣","宜蘭市","121.765","24.740","779"
"1119","346642","20220830172000","1112","1","宜蘭縣","宜蘭市","121.770","24.750","1167"
"52","346652","20220830172000","90","0","宜蘭縣","壯圍鄉","121.805","24.720","71"
"3076","346668","20220830172000","1940","3","宜蘭縣","宜蘭市","121.750","24.755","3410"
"646","346672","20220830172000","775","0","宜蘭縣","冬山鄉","121.770","24.655","690"
"847","346673","20220830172000","701","2","宜蘭縣","冬山鄉","121.755","24.660","804"
"339","346674","20220830172000","303","1","宜蘭縣","冬山鄉","121.760","24.660","362"
"492","346675","20220830172000","348","2","宜蘭縣","冬山鄉","121.765","24.660","501"
"1736","346678","20220830172000","1363","2","宜蘭縣","羅東鎮","121.780","24.675","2022"
"525","346684","20220830172000","662","0","宜蘭縣","宜蘭市","121.770","24.725","506"
"514","346685","20220830172000","426","2","宜蘭縣","宜蘭市","121.765","24.725","478"
"2863","346692","20220830172000","3049","0","宜蘭縣","宜蘭市","121.755","24.745","2744"
"502","346698","20220830172000","286","3","宜蘭縣","三星鄉","121.725","24.690","507"
"672","346702","20220830172000","510","2","宜蘭縣","三星鄉","121.730","24.695","626"
"450","346710","20220830172000","429","1","宜蘭縣","羅東鎮","121.755","24.670","427"
"810","346712","20220830172000","799","1","宜蘭縣","羅東鎮","121.765","24.670","879"
"627","346713","20220830172000","527","1","宜蘭縣","五結鄉","121.800","24.690","642"
"952","346714","20220830172000","774","2","宜蘭縣","五結鄉","121.800","24.695","905"
"540","346718","20220830172000","357","3","宜蘭縣","五結鄉","121.790","24.705","542"
"210","346731","20220830172000","157","2","宜蘭縣","三星鄉","121.745","24.700","255"
"1949","346739","20220830172000","1651","1","新竹縣","竹東鎮","121.100","24.720","1907"
"166","346747","20220830172000","233","0","新竹縣","竹東鎮","121.035","24.760","208"
"2220","346754","20220830172000","1393","3","新竹縣","竹東鎮","121.090","24.745","2026"
"11","346765","20220830172000","11","1","新竹縣","竹東鎮","121.105","24.665","10"
"604","346790","20220830172000","644","0","新竹市","香山區","120.955","24.750","594"
"60","346791","20220830172000","132","0","新竹市","香山區","120.940","24.755","76"
"134","346792","20220830172000","122","1","新竹市","香山區","120.945","24.755","160"
"529","346793","20220830172000","1575","0","新竹市","香山區","120.950","24.755","528"
"119","346794","20220830172000","77","3","新竹市","香山區","120.920","24.720","133"
"665","346797","20220830172000","563","1","新竹市","香山區","120.915","24.730","557"
"180","346804","20220830172000","190","0","新竹市","香山區","120.915","24.735","186"
"513","346806","20220830172000","775","0","新竹市","香山區","120.915","24.740","498"
"967","346812","20220830172000","624","3","新竹市","香山區","120.910","24.745","1000"
"149","346817","20220830172000","187","0","新竹市","香山區","120.880","24.735","146"
"333","346825","20220830172000","489","0","新竹市","香山區","120.895","24.740","314"
"35","346841","20220830172000","69","0","新竹市","香山區","120.930","24.725","31"
"165","346860","20220830172000","177","0","新竹縣","關西鎮","121.210","24.760","206"
"30","346863","20220830172000","23","2","新竹縣","關西鎮","121.225","24.760","23"
"68","346867","20220830172000","72","0","新竹縣","關西鎮","121.215","24.765","146"
"90","346868","20220830172000","63","2","新竹縣","關西鎮","121.220","24.765","86"
"93","346896","20220830172000","65","2","新竹縣","關西鎮","121.240","24.765","95"
"195","346907","20220830172000","138","2","新竹縣","關西鎮","121.230","24.770","175"
"6448","346918","20220830172000","5498","1","新竹市","東區","121.020","24.760","6359"
"613","346919","20220830172000","480","2","新竹市","東區","121.025","24.760","516"
"2582","346920","20220830172000","2935","0","新竹市","東區","121.020","24.765","2582"
"3602","346921","20220830172000","4231","0","新竹市","東區","121.025","24.765","3564"
"33295","346922","20220830172000","25415","2","新竹市","東區","121.015","24.770","32893"
"5894","346923","20220830172000","7788","0","新竹市","東區","121.020","24.770","5861"
"3698","346924","20220830172000","3896","0","新竹市","東區","121.025","24.770","3554"
"735","346931","20220830172000","768","0","新竹縣","竹東鎮","121.090","24.735","368"
"236","346936","20220830172000","403","0","新竹縣","橫山鄉","121.100","24.710","177"
"516","346937","20220830172000","381","2","新竹縣","竹東鎮","121.100","24.715","496"
"416","346949","20220830172000","478","0","新竹縣","橫山鄉","121.180","24.705","475"
"209","346961","20220830172000","222","0","新竹縣","橫山鄉","121.165","24.710","190"
"239","346964","20220830172000","265","0","新竹縣","橫山鄉","121.150","24.715","245"
"16","346967","20220830172000","27","0","新竹縣","橫山鄉","121.165","24.715","17"
"495","347497","20220830172000","539","0","新竹市","東區","120.975","24.765","541"
"412","347498","20220830172000","206","3","新竹市","東區","120.980","24.765","399"
"269","347499","20220830172000","219","2","新竹市","東區","120.970","24.770","257"
"1248","347500","20220830172000","987","2","新竹市","東區","120.975","24.770","1259"
"388","347505","20220830172000","276","2","新竹市","東區","120.965","24.765","350"
"524","347506","20220830172000","835","0","新竹市","東區","120.970","24.765","498"
"71","347507","20220830172000","37","3","新竹市","東區","120.965","24.770","67"
"849","347508","20220830172000","877","0","新竹縣","竹東鎮","121.085","24.735","768"
"225","347515","20220830172000","323","0","新竹縣","竹東鎮","121.075","24.725","241"
"289","347520","20220830172000","295","0","新竹縣","竹東鎮","121.090","24.730","232"
"1002","347521","20220830172000","843","1","新竹縣","竹東鎮","121.085","24.740","1035"
"1568","347522","20220830172000","550","3","新竹縣","竹東鎮","121.100","24.745","1376"
"413","347533","20220830172000","553","0","新竹縣","芎林鄉","121.125","24.725","425"
"380","347538","20220830172000","340","1","新竹縣","芎林鄉","121.120","24.735","382"
"468","347547","20220830172000","568","0","新竹縣","芎林鄉","121.135","24.745","506"
"48","347555","20220830172000","29","3","新竹縣","芎林鄉","121.140","24.750","47"
"93","347573","20220830172000","68","2","新竹縣","關西鎮","121.185","24.755","85"
"21","347587","20220830172000","25","0","新竹縣","關西鎮","121.205","24.765","12"
"189","347621","20220830172000","62","3","新竹縣","關西鎮","121.195","24.750","185"
"39","347640","20220830172000","151","0","新竹縣","關西鎮","121.180","24.745","43"
"67","347650","20220830172000","28","3","新竹縣","關西鎮","121.170","24.755","70"
"104","347665","20220830172000","55","3","新竹縣","關西鎮","121.170","24.765","116"
"145","347670","20220830172000","171","0","新竹縣","關西鎮","121.170","24.770","136"
"3072","347702","20220830172000","2570","1","新竹縣","竹東鎮","121.090","24.740","2950"
"168","347705","20220830172000","190","0","新竹縣","竹東鎮","121.100","24.695","202"
"1387","347714","20220830172000","2345","0","新竹縣","竹東鎮","121.050","24.770","1387"
"128","347720","20220830172000","118","1","新竹縣","寶山鄉","121.030","24.735","141"
"13","347723","20220830172000","88","0","新竹縣","寶山鄉","121.020","24.740","13"
"256","347740","20220830172000","167","3","新竹縣","寶山鄉","121.030","24.750","312"
"96","347774","20220830172000","101","0","新竹縣","寶山鄉","121.050","24.730","117"
"104","347788","20220830172000","74","2","新竹縣","寶山鄉","121.040","24.745","104"
"63","347794","20220830172000","90","0","新竹縣","寶山鄉","121.045","24.745","71"
"44","347799","20220830172000","16","3","新竹縣","寶山鄉","121.050","24.750","35"
"132","347805","20220830172000","277","0","新竹縣","寶山鄉","120.960","24.725","134"
"196","347806","20220830172000","77","3","新竹縣","寶山鄉","120.965","24.725","204"
"33","347808","20220830172000","24","2","新竹縣","寶山鄉","120.975","24.725","22"
"226","347809","20220830172000","167","2","新竹縣","寶山鄉","120.980","24.725","235"
"424","347812","20220830172000","185","3","新竹縣","寶山鄉","120.965","24.730","314"
"36","347817","20220830172000","12","3","新竹縣","寶山鄉","120.965","24.735","26"
"21","347818","20220830172000","137","0","新竹縣","寶山鄉","120.970","24.735","26"
"59","347821","20220830172000","37","3","新竹縣","寶山鄉","120.985","24.735","58"
"201","347823","20220830172000","132","3","新竹縣","寶山鄉","120.970","24.740","237"
"84","347832","20220830172000","62","2","新竹縣","寶山鄉","120.980","24.745","124"
"143","347835","20220830172000","87","3","新竹縣","寶山鄉","120.980","24.755","144"
"73","347842","20220830172000","98","0","新竹縣","寶山鄉","121.000","24.715","76"
"89","347845","20220830172000","70","2","新竹縣","寶山鄉","121.015","24.715","100"
"530","347878","20220830172000","410","2","新竹縣","寶山鄉","120.940","24.725","568"
"48","347882","20220830172000","27","3","新竹縣","寶山鄉","120.945","24.740","60"
"116","347889","20220830172000","102","1","新竹縣","寶山鄉","120.960","24.745","118"
"25","347900","20220830172000","35","0","新竹縣","北埔鄉","121.055","24.670","24"
"1078","347925","20220830172000","1123","0","新竹縣","北埔鄉","121.055","24.695","1053"
"109","347926","20220830172000","103","1","新竹縣","北埔鄉","121.045","24.700","124"
"232","347927","20220830172000","159","2","新竹縣","北埔鄉","121.050","24.700","255"
"52","347930","20220830172000","16","3","新竹縣","北埔鄉","121.045","24.705","39"
"15","347931","20220830172000","27","0","新竹縣","北埔鄉","121.050","24.705","13"
"89","347934","20220830172000","84","1","新竹縣","北埔鄉","121.045","24.715","96"
"19","347940","20220830172000","15","2","新竹縣","北埔鄉","121.070","24.665","18"
"266","347949","20220830172000","247","1","新竹縣","北埔鄉","121.065","24.675","278"
"362","347958","20220830172000","366","0","新竹縣","橫山鄉","121.130","24.725","357"
"322","347976","20220830172000","395","0","新竹縣","橫山鄉","121.140","24.720","346"
"163","347986","20220830172000","35","3","新竹縣","橫山鄉","121.130","24.700","114"
"88","347995","20220830172000","209","0","新竹縣","橫山鄉","121.115","24.710","83"
"322","348000","20220830172000","417","0","新竹縣","橫山鄉","121.110","24.715","296"
"125","348001","20220830172000","113","1","新竹縣","橫山鄉","121.115","24.715","120"
"15","348003","20220830172000","46","0","新竹縣","橫山鄉","121.125","24.715","15"
"79","348006","20220830172000","143","0","新竹縣","橫山鄉","121.115","24.720","59"
"326","348007","20220830172000","371","0","新竹縣","橫山鄉","121.120","24.720","334"
"25","348008","20220830172000","48","0","新竹縣","橫山鄉","121.125","24.720","25"
"295","348022","20220830172000","357","0","新竹縣","橫山鄉","121.160","24.740","314"
"99","348032","20220830172000","82","2","新竹縣","橫山鄉","121.165","24.745","96"
"75","348040","20220830172000","76","0","新竹縣","橫山鄉","121.105","24.680","133"
"62","348074","20220830172000","44","2","新竹縣","橫山鄉","121.165","24.730","58"
"24","348083","20220830172000","25","0","新竹縣","橫山鄉","121.180","24.735","20"
"13","348089","20220830172000","12","1","新竹縣","關西鎮","121.185","24.740","11"
"201","348136","20220830172000","121","3","新竹縣","橫山鄉","121.140","24.700","217"
"1161","348137","20220830172000","1021","1","新竹縣","竹東鎮","121.095","24.735","1151"
"1642","348138","20220830172000","1449","1","新竹縣","竹東鎮","121.100","24.735","1661"
"45","348144","20220830172000","32","2","新竹縣","芎林鄉","121.110","24.770","58"
"589","348163","20220830172000","858","0","新竹縣","芎林鄉","121.085","24.765","766"
"74","348164","20220830172000","18","3","新竹縣","芎林鄉","121.085","24.770","57"
"332","348165","20220830172000","284","1","新竹縣","芎林鄉","121.095","24.760","337"
"107","348190","20220830172000","64","3","新竹縣","芎林鄉","121.125","24.755","124"
"285","348207","20220830172000","296","0","新竹縣","寶山鄉","120.985","24.750","315"
"264","348212","20220830172000","293","0","新竹縣","寶山鄉","120.995","24.755","342"
"952","348213","20220830172000","1071","0","新竹縣","寶山鄉","120.985","24.760","1045"
"635","348217","20220830172000","753","0","新竹縣","寶山鄉","120.990","24.765","646"
"237","348225","20220830172000","303","0","新竹縣","尖石鄉","121.200","24.705","220"
"53","348272","20220830172000","60","0","新竹縣","尖石鄉","121.225","24.730","72"
"54","348276","20220830172000","57","0","新竹縣","尖石鄉","121.245","24.730","64"
"44","348280","20220830172000","11","3","新竹縣","尖石鄉","121.230","24.735","27"
"51","348320","20220830172000","42","2","新竹縣","尖石鄉","121.260","24.705","76"
"84","348345","20220830172000","95","0","新竹縣","尖石鄉","121.270","24.715","122"
"98","348353","20220830172000","88","1","新竹縣","尖石鄉","121.250","24.720","130"
"102","348419","20220830172000","102","1","新竹縣","尖石鄉","121.265","24.745","126"
"33","348461","20220830172000","23","2","新竹縣","尖石鄉","121.185","24.665","34"
"46","348468","20220830172000","30","3","新竹縣","尖石鄉","121.195","24.670","35"
"30","348469","20220830172000","16","3","新竹縣","尖石鄉","121.200","24.670","24"
"39","348470","20220830172000","54","0","新竹縣","尖石鄉","121.205","24.670","43"
"84","348506","20220830172000","59","2","新竹縣","尖石鄉","121.350","24.660","134"
"71","348549","20220830172000","44","3","新竹縣","尖石鄉","121.310","24.685","87"
"188","348577","20220830172000","186","1","新竹縣","尖石鄉","121.280","24.665","332"
"140","348584","20220830172000","129","1","新竹縣","五峰鄉","121.150","24.670","160"
"137","348588","20220830172000","41","3","新竹縣","尖石鄉","121.170","24.670","121"
"42","348599","20220830172000","30","2","新竹縣","尖石鄉","121.170","24.680","41"
"92","348600","20220830172000","88","1","新竹縣","尖石鄉","121.175","24.680","116"
"20","348608","20220830172000","18","1","新竹縣","尖石鄉","121.185","24.685","19"
"18","348686","20220830172000","12","3","新竹縣","尖石鄉","121.270","24.670","18"
"27","348708","20220830172000","21","2","新竹縣","尖石鄉","121.235","24.680","34"
"147","348711","20220830172000","87","3","新竹縣","尖石鄉","121.250","24.680","151"
"70","348720","20220830172000","153","0","新竹縣","尖石鄉","121.220","24.685","70"
"48","348736","20220830172000","57","0","新竹縣","尖石鄉","121.220","24.690","69"
"339","348785","20220830172000","191","3","新竹縣","尖石鄉","121.220","24.705","355"
"85","348819","20220830172000","19","3","新竹縣","峨眉鄉","121.035","24.695","68"
"41","348820","20220830172000","96","0","新竹縣","北埔鄉","121.040","24.695","35"
"74","348822","20220830172000","95","0","新竹縣","峨眉鄉","121.035","24.700","117"
"49","348831","20220830172000","43","1","新竹縣","峨眉鄉","120.985","24.685","46"
"58","348834","20220830172000","22","3","新竹縣","峨眉鄉","120.970","24.690","49"
"33","348835","20220830172000","14","3","新竹縣","峨眉鄉","120.975","24.690","32"
"104","348838","20220830172000","90","1","新竹縣","峨眉鄉","120.990","24.690","98"
"77","348845","20220830172000","83","0","新竹縣","峨眉鄉","120.985","24.700","62"
"61","348851","20220830172000","36","3","新竹縣","峨眉鄉","120.990","24.705","68"
"320","348861","20220830172000","371","0","新竹縣","峨眉鄉","121.025","24.685","386"
"295","348863","20220830172000","202","2","新竹縣","峨眉鄉","121.020","24.690","276"
"131","348870","20220830172000","94","2","新竹縣","北埔鄉","121.055","24.685","169"
"146","348889","20220830172000","112","2","新竹縣","北埔鄉","121.090","24.690","151"
"86","348892","20220830172000","53","3","新竹縣","北埔鄉","121.070","24.695","72"
"509","348909","20220830172000","580","0","新竹縣","北埔鄉","121.060","24.700","451"
"55","348910","20220830172000","54","1","新竹縣","北埔鄉","121.065","24.700","50"
"19","348919","20220830172000","18","1","新竹縣","北埔鄉","121.060","24.710","17"
"75","348944","20220830172000","26","3","新竹縣","寶山鄉","121.000","24.720","63"
"98","348947","20220830172000","95","1","新竹縣","寶山鄉","121.000","24.725","118"
"125","348952","20220830172000","30","3","新竹縣","寶山鄉","121.005","24.730","112"
"240","348957","20220830172000","207","1","新竹縣","寶山鄉","120.990","24.740","248"
"49","348958","20220830172000","38","2","新竹縣","寶山鄉","120.995","24.740","51"
"23","348969","20220830172000","47","0","新竹縣","寶山鄉","121.005","24.745","34"
"487","348971","20220830172000","911","0","新竹縣","寶山鄉","121.005","24.750","521"
"540","348978","20220830172000","407","2","新竹縣","寶山鄉","121.020","24.755","534"
"300","348983","20220830172000","545","0","新竹縣","寶山鄉","121.000","24.765","319"
"2882","348986","20220830172000","5722","0","新竹縣","寶山鄉","121.015","24.765","3059"
"1868","348987","20220830172000","2793","0","新竹縣","寶山鄉","121.000","24.770","1930"
"662","348988","20220830172000","271","3","新竹縣","寶山鄉","121.005","24.770","527"
"938","348989","20220830172000","2518","0","新竹縣","寶山鄉","121.010","24.770","811"
"52","348993","20220830172000","41","2","新竹縣","峨眉鄉","120.990","24.665","48"
"24","349000","20220830172000","22","1","新竹縣","峨眉鄉","120.995","24.670","17"
"113","349005","20220830172000","37","3","新竹縣","峨眉鄉","120.985","24.675","95"
"89","349012","20220830172000","108","0","新竹縣","峨眉鄉","120.990","24.680","83"
"117","349031","20220830172000","89","2","新竹縣","峨眉鄉","121.000","24.700","109"
"571","349060","20220830172000","509","1","新竹縣","竹東鎮","121.060","24.750","608"
"195","349062","20220830172000","142","2","新竹縣","竹東鎮","121.070","24.750","184"
"757","349066","20220830172000","992","0","新竹縣","竹東鎮","121.070","24.755","787"
"1262","349070","20220830172000","1222","1","新竹縣","竹東鎮","121.065","24.760","1283"
"2920","349073","20220830172000","2317","2","新竹縣","竹東鎮","121.060","24.765","2788"
"591","349074","20220830172000","79","3","新竹縣","竹東鎮","121.065","24.765","477"
"123","349079","20220830172000","105","1","新竹縣","竹東鎮","121.120","24.660","137"
"125","349087","20220830172000","174","0","新竹縣","竹東鎮","121.090","24.720","107"
"1427","349088","20220830172000","1593","0","新竹縣","竹東鎮","121.095","24.720","1442"
"2082","349089","20220830172000","1576","2","新竹縣","竹東鎮","121.090","24.725","2075"
"397","349090","20220830172000","522","0","新竹縣","竹東鎮","121.095","24.725","436"
"1643","349092","20220830172000","1337","2","新竹縣","竹東鎮","121.095","24.730","1547"
"326","349094","20220830172000","356","0","新竹縣","竹東鎮","121.105","24.730","327"
"214","349096","20220830172000","332","0","新竹縣","竹東鎮","121.055","24.755","198"
"287","349099","20220830172000","395","0","新竹縣","竹東鎮","121.045","24.765","296"
"563","349103","20220830172000","494","1","新竹縣","竹東鎮","121.060","24.770","523"
"369","349105","20220830172000","363","1","新竹縣","竹東鎮","121.080","24.735","380"
"121","349109","20220830172000","43","3","新竹縣","竹東鎮","121.080","24.740","125"
"75","349110","20220830172000","54","2","新竹縣","竹東鎮","121.075","24.745","68"
"653","349113","20220830172000","903","0","新竹縣","竹東鎮","121.080","24.745","619"
"1074","349114","20220830172000","1205","0","新竹縣","竹東鎮","121.085","24.745","1108"
"280","349115","20220830172000","235","1","新竹縣","竹東鎮","121.080","24.750","264"
"648","349118","20220830172000","530","2","宜蘭縣","宜蘭市","121.780","24.750","695"
"946","349120","20220830172000","798","1","宜蘭縣","宜蘭市","121.765","24.755","927"
"436","349124","20220830172000","654","0","宜蘭縣","宜蘭市","121.765","24.760","439"
"375","349125","20220830172000","314","1","宜蘭縣","宜蘭市","121.770","24.760","425"
"438","349130","20220830172000","312","2","宜蘭縣","宜蘭市","121.760","24.725","482"
"596","349131","20220830172000","522","1","宜蘭縣","宜蘭市","121.755","24.730","597"
"61","349132","20220830172000","63","0","宜蘭縣","宜蘭市","121.760","24.730","81"
"822","349136","20220830172000","928","0","宜蘭縣","宜蘭市","121.755","24.740","786"
"484","349139","20220830172000","514","0","宜蘭縣","宜蘭市","121.735","24.755","452"
"952","349140","20220830172000","920","1","宜蘭縣","宜蘭市","121.740","24.755","915"
"22","349143","20220830172000","45","0","宜蘭縣","羅東鎮","121.755","24.680","23"
"2269","349144","20220830172000","2017","1","宜蘭縣","羅東鎮","121.775","24.680","2241"
"1818","349145","20220830172000","1541","1","宜蘭縣","羅東鎮","121.775","24.675","1792"
"808","349146","20220830172000","810","0","宜蘭縣","羅東鎮","121.750","24.675","832"
"629","349147","20220830172000","787","0","宜蘭縣","羅東鎮","121.770","24.685","608"
"422","349149","20220830172000","162","3","宜蘭縣","羅東鎮","121.750","24.680","449"
"257","349158","20220830172000","128","3","新竹市","香山區","120.930","24.745","277"
"206","349160","20220830172000","147","2","新竹市","香山區","120.925","24.750","216"
"442","349162","20220830172000","250","3","新竹市","香山區","120.915","24.760","455"
"769","349166","20220830172000","1142","0","新竹市","香山區","120.915","24.765","784"
"191","349176","20220830172000","258","0","新竹市","香山區","120.955","24.760","203"
"112","349177","20220830172000","67","3","新竹市","東區","120.960","24.760","128"
"694","349183","20220830172000","539","2","新竹市","香山區","120.955","24.770","734"
"244","349184","20220830172000","251","0","新竹市","香山區","120.960","24.770","242"
"69","349194","20220830172000","39","3","新竹市","香山區","120.905","24.760","71"
"113","349196","20220830172000","172","0","新竹市","香山區","120.920","24.760","120"
"63","349198","20220830172000","49","2","新竹市","香山區","120.930","24.760","67"
"129","349199","20220830172000","29","3","新竹市","香山區","120.935","24.760","123"
"47","349203","20220830172000","90","0","宜蘭縣","宜蘭市","121.765","24.745","73"
"2043","349204","20220830172000","1736","1","宜蘭縣","宜蘭市","121.760","24.750","1994"
"780","349205","20220830172000","808","0","宜蘭縣","宜蘭市","121.765","24.750","844"
"1734","349206","20220830172000","1721","1","宜蘭縣","羅東鎮","121.775","24.670","1851"
"1137","349207","20220830172000","942","2","宜蘭縣","羅東鎮","121.755","24.675","1143"
"193","349208","20220830172000","227","0","宜蘭縣","羅東鎮","121.755","24.690","221"
"87","349210","20220830172000","108","0","宜蘭縣","羅東鎮","121.755","24.695","80"
"625","349211","20220830172000","682","0","宜蘭縣","羅東鎮","121.760","24.695","708"
"855","349214","20220830172000","1511","0","宜蘭縣","羅東鎮","121.770","24.670","892"
"503","349216","20220830172000","479","1","宜蘭縣","羅東鎮","121.800","24.665","559"
"1072","349222","20220830172000","597","3","宜蘭縣","羅東鎮","121.795","24.675","1061"
"721","349224","20220830172000","765","0","宜蘭縣","羅東鎮","121.785","24.675","719"
"3466","349225","20220830172000","2054","3","宜蘭縣","羅東鎮","121.780","24.680","3421"
"1316","349227","20220830172000","1371","0","宜蘭縣","宜蘭市","121.750","24.745","1150"
"859","349228","20220830172000","739","1","宜蘭縣","員山鄉","121.735","24.745","794"
"1962","349229","20220830172000","2486","0","宜蘭縣","宜蘭市","121.740","24.745","1818"
"1722","349230","20220830172000","1660","1","宜蘭縣","宜蘭市","121.745","24.745","1572"
"636","349231","20220830172000","424","3","宜蘭縣","宜蘭市","121.730","24.750","549"
"1196","349232","20220830172000","1246","0","宜蘭縣","宜蘭市","121.735","24.750","1170"
"1213","349234","20220830172000","1407","0","宜蘭縣","羅東鎮","121.765","24.675","1161"
"814","349235","20220830172000","663","2","宜蘭縣","宜蘭市","121.760","24.760","788"
"876","349236","20220830172000","704","2","宜蘭縣","宜蘭市","121.750","24.765","893"
"440","349237","20220830172000","428","1","宜蘭縣","宜蘭市","121.745","24.750","408"
"511","349238","20220830172000","546","0","宜蘭縣","宜蘭市","121.760","24.765","551"
"683","349240","20220830172000","394","3","宜蘭縣","羅東鎮","121.755","24.685","666"
"21","349296","20220830172000","26","0","桃園市","復興區","121.350","24.760","25"
"100","349422","20220830172000","73","2","桃園市","復興區","121.390","24.660","114"
"84","349482","20220830172000","26","3","桃園市","復興區","121.385","24.680","65"
"185","349502","20220830172000","156","1","桃園市","復興區","121.395","24.685","161"
"238","349582","20220830172000","120","3","桃園市","復興區","121.410","24.705","326"
"23","349642","20220830172000","16","2","桃園市","復興區","121.365","24.695","27"
"12","349676","20220830172000","17","0","桃園市","復興區","121.350","24.705","12"
"90","349762","20220830172000","56","3","桃園市","復興區","121.345","24.725","104"
"14","349768","20220830172000","11","2","桃園市","復興區","121.375","24.725","14"
"25","349769","20220830172000","15","3","桃園市","復興區","121.380","24.725","26"
"22","349794","20220830172000","12","3","桃園市","復興區","121.375","24.730","15"
"24","349842","20220830172000","12","3","桃園市","復興區","121.350","24.740","18"
"37","349865","20220830172000","22","3","桃園市","復興區","121.365","24.740","42"
"94","349883","20220830172000","109","0","新竹市","香山區","120.940","24.760","85"
"144","349889","20220830172000","110","2","新竹市","香山區","120.935","24.770","134"
"202","349896","20220830172000","224","0","新竹市","香山區","120.905","24.750","198"
"600","349897","20220830172000","351","3","新竹市","香山區","120.910","24.750","551"
"2428","349904","20220830172000","2365","1","新竹縣","竹東鎮","121.030","24.770","2377"
"62","349937","20220830172000","45","2","桃園市","復興區","121.365","24.675","51"
"34","349983","20220830172000","125","0","苗栗縣","三灣鄉","120.965","24.665","33"
"314","349985","20220830172000","225","2","苗栗縣","三灣鄉","120.975","24.665","318"
"31","350003","20220830172000","222","0","苗栗縣","三灣鄉","120.950","24.670","263"
"264","350012","20220830172000","96","3","苗栗縣","頭份鎮","120.955","24.680","212"
"48","350014","20220830172000","278","0","苗栗縣","頭份鎮","120.965","24.680","55"
"61","350017","20220830172000","242","0","苗栗縣","頭份鎮","120.960","24.685","55"
"77","350018","20220830172000","175","0","苗栗縣","頭份鎮","120.965","24.685","75"
"127","350019","20220830172000","80","3","苗栗縣","竹南鎮","120.880","24.680","128"
"3040","350021","20220830172000","2045","2","苗栗縣","竹南鎮","120.885","24.685","2731"
"18","350023","20220830172000","19","0","苗栗縣","頭份鎮","120.925","24.690","16"
"1272","350024","20220830172000","610","3","苗栗縣","頭份鎮","120.930","24.690","1127"
"254","350031","20220830172000","169","3","苗栗縣","頭份鎮","120.920","24.665","255"
"77","350036","20220830172000","321","0","苗栗縣","頭份鎮","120.920","24.670","66"
"462","350042","20220830172000","284","3","苗栗縣","頭份鎮","120.925","24.675","443"
"61","350052","20220830172000","163","0","苗栗縣","後龍鎮","120.820","24.660","55"
"288","350068","20220830172000","298","0","苗栗縣","頭份鎮","120.910","24.690","321"
"1029","350073","20220830172000","517","3","苗栗縣","竹南鎮","120.885","24.695","824"
"458","350075","20220830172000","360","2","苗栗縣","頭份鎮","120.890","24.695","476"
"2140","350077","20220830172000","1031","3","苗栗縣","頭份鎮","120.910","24.695","1652"
"1114","350078","20220830172000","601","3","苗栗縣","頭份鎮","120.910","24.700","973"
"443","350080","20220830172000","371","1","苗栗縣","頭份鎮","120.940","24.680","460"
"220","350082","20220830172000","236","0","苗栗縣","頭份鎮","120.950","24.680","189"
"351","350085","20220830172000","368","0","苗栗縣","頭份鎮","120.925","24.685","425"
"534","350087","20220830172000","592","0","苗栗縣","頭份鎮","120.935","24.685","415"
"1135","350090","20220830172000","803","2","苗栗縣","頭份鎮","120.895","24.690","1158"
"2377","350091","20220830172000","2424","0","苗栗縣","頭份鎮","120.905","24.690","2216"
"617","350092","20220830172000","1044","0","苗栗縣","頭份鎮","120.905","24.685","735"
"113","350095","20220830172000","192","0","苗栗縣","頭份鎮","120.945","24.690","93"
"31","350102","20220830172000","139","0","苗栗縣","頭份鎮","120.935","24.700","27"
"42","350103","20220830172000","239","0","苗栗縣","頭份鎮","120.940","24.695","37"
"153","350109","20220830172000","133","1","苗栗縣","頭份鎮","120.940","24.700","147"
"192","350110","20220830172000","187","1","苗栗縣","頭份鎮","120.945","24.700","275"
"987","350112","20220830172000","585","3","苗栗縣","頭份鎮","120.930","24.705","962"
"268","350117","20220830172000","258","1","苗栗縣","頭份鎮","120.935","24.710","348"
"575","350118","20220830172000","701","0","苗栗縣","頭份鎮","120.885","24.665","710"
"127","350124","20220830172000","432","0","苗栗縣","頭份鎮","120.885","24.675","97"
"306","350127","20220830172000","305","1","苗栗縣","頭份鎮","120.905","24.700","252"
"646","350128","20220830172000","969","0","苗栗縣","頭份鎮","120.900","24.695","601"
"611","350129","20220830172000","689","0","苗栗縣","頭份鎮","120.905","24.695","741"
"234","350131","20220830172000","393","0","苗栗縣","頭份鎮","120.915","24.690","178"
"730","350132","20220830172000","1146","0","苗栗縣","頭份鎮","120.915","24.695","873"
"37","350142","20220830172000","30","2","苗栗縣","頭份鎮","120.915","24.665","30"
"102","350146","20220830172000","339","0","苗栗縣","頭份鎮","120.915","24.670","84"
"557","350150","20220830172000","704","0","苗栗縣","竹南鎮","120.860","24.695","756"
"776","350151","20220830172000","383","3","苗栗縣","竹南鎮","120.865","24.695","658"
"277","350154","20220830172000","520","0","苗栗縣","竹南鎮","120.870","24.695","242"
"174","350155","20220830172000","392","0","苗栗縣","竹南鎮","120.880","24.695","144"
"371","350156","20220830172000","230","3","苗栗縣","竹南鎮","120.865","24.680","290"
"784","350157","20220830172000","930","0","苗栗縣","竹南鎮","120.910","24.710","790"
"992","350159","20220830172000","1027","0","苗栗縣","竹南鎮","120.920","24.705","810"
"1096","350160","20220830172000","1625","0","苗栗縣","頭份鎮","120.925","24.705","1308"
"530","350161","20220830172000","522","1","苗栗縣","竹南鎮","120.915","24.705","487"
"4067","350162","20220830172000","3688","1","苗栗縣","竹南鎮","120.915","24.710","3850"
"548","350163","20220830172000","626","0","苗栗縣","竹南鎮","120.920","24.710","592"
"415","350165","20220830172000","474","0","苗栗縣","竹南鎮","120.930","24.710","442"
"1551","350166","20220830172000","1505","1","苗栗縣","竹南鎮","120.915","24.715","1420"
"151","350167","20220830172000","174","0","苗栗縣","竹南鎮","120.920","24.715","141"
"2238","350169","20220830172000","1550","2","苗栗縣","頭份鎮","120.910","24.685","1967"
"2251","350170","20220830172000","1470","3","苗栗縣","頭份鎮","120.895","24.700","1907"
"1739","350172","20220830172000","886","3","苗栗縣","頭份鎮","120.905","24.680","1568"
"602","350173","20220830172000","355","3","苗栗縣","竹南鎮","120.875","24.700","522"
"1015","350174","20220830172000","448","3","苗栗縣","竹南鎮","120.870","24.700","811"
"285","350176","20220830172000","347","0","苗栗縣","頭份鎮","120.920","24.690","311"
"82","350177","20220830172000","87","0","苗栗縣","頭份鎮","120.880","24.660","102"
"423","350179","20220830172000","569","0","苗栗縣","頭份鎮","120.900","24.700","430"
"50","350180","20220830172000","31","3","苗栗縣","竹南鎮","120.910","24.705","42"
"397","350182","20220830172000","541","0","苗栗縣","頭份鎮","120.920","24.700","482"
"619","350183","20220830172000","722","0","苗栗縣","頭份鎮","120.895","24.695","550"
"302","350203","20220830172000","206","2","苗栗縣","竹南鎮","120.860","24.685","308"
"40","350206","20220830172000","185","0","苗栗縣","竹南鎮","120.865","24.700","36"
"91","350208","20220830172000","254","0","苗栗縣","竹南鎮","120.875","24.705","65"
"782","350209","20220830172000","954","0","苗栗縣","竹南鎮","120.880","24.700","740"
"684","350210","20220830172000","676","1","苗栗縣","頭份鎮","120.885","24.700","832"
"434","350211","20220830172000","219","3","苗栗縣","竹南鎮","120.880","24.705","420"
"116","350214","20220830172000","150","0","苗栗縣","竹南鎮","120.865","24.705","160"
"85","350220","20220830172000","533","0","苗栗縣","竹南鎮","120.880","24.710","55"
"27","350223","20220830172000","157","0","苗栗縣","竹南鎮","120.865","24.715","23"
"209","350224","20220830172000","231","0","苗栗縣","竹南鎮","120.870","24.715","261"
"384","350225","20220830172000","490","0","苗栗縣","竹南鎮","120.875","24.715","361"
"146","350226","20220830172000","49","3","苗栗縣","竹南鎮","120.880","24.715","116"
"167","350229","20220830172000","118","2","苗栗縣","竹南鎮","120.865","24.720","145"
"108","350236","20220830172000","106","1","苗栗縣","竹南鎮","120.870","24.725","173"
"223","350240","20220830172000","147","3","苗栗縣","竹南鎮","120.890","24.725","246"
"83","350247","20220830172000","71","1","苗栗縣","竹南鎮","120.880","24.685","61"
"1688","350248","20220830172000","1656","1","苗栗縣","竹南鎮","120.880","24.690","1683"
"1910","350250","20220830172000","1688","1","苗栗縣","竹南鎮","120.890","24.690","1848"
"2816","350251","20220830172000","2936","0","苗栗縣","竹南鎮","120.875","24.685","2457"
"325","350258","20220830172000","274","1","苗栗縣","竹南鎮","120.855","24.675","328"
"16","350259","20220830172000","28","0","苗栗縣","竹南鎮","120.860","24.675","18"
"335","350264","20220830172000","239","2","苗栗縣","竹南鎮","120.850","24.680","354"
"54","350275","20220830172000","279","0","苗栗縣","竹南鎮","120.850","24.670","47"
"1104","350277","20220830172000","593","3","苗栗縣","竹南鎮","120.860","24.670","929"
"100","350278","20220830172000","170","0","苗栗縣","竹南鎮","120.845","24.675","159"
"56","350279","20220830172000","56","1","苗栗縣","造橋鄉","120.855","24.660","59"
"140","350285","20220830172000","207","0","苗栗縣","頭份鎮","120.900","24.685","122"
"508","350286","20220830172000","542","0","苗栗縣","頭份鎮","120.895","24.675","523"
"896","350288","20220830172000","1061","0","苗栗縣","頭份鎮","120.890","24.680","924"
"1019","350290","20220830172000","755","2","苗栗縣","頭份鎮","120.900","24.680","947"
"172","350291","20220830172000","323","0","苗栗縣","頭份鎮","120.945","24.685","161"
"159","350303","20220830172000","119","2","苗栗縣","頭份鎮","120.960","24.700","149"
"92","350311","20220830172000","64","2","苗栗縣","頭份鎮","120.965","24.705","106"
"1232","350314","20220830172000","1435","0","苗栗縣","竹南鎮","120.870","24.690","1027"
"930","350316","20220830172000","474","3","苗栗縣","竹南鎮","120.855","24.690","785"
"1142","350319","20220830172000","918","2","苗栗縣","竹南鎮","120.865","24.685","1055"
"634","350320","20220830172000","938","0","苗栗縣","竹南鎮","120.875","24.695","639"
"283","350321","20220830172000","1121","0","苗栗縣","竹南鎮","120.875","24.690","219"
"1431","350326","20220830172000","1714","0","苗栗縣","竹南鎮","120.910","24.720","1396"
"521","350328","20220830172000","135","3","苗栗縣","竹南鎮","120.895","24.725","525"
"34","350330","20220830172000","387","0","苗栗縣","竹南鎮","120.905","24.725","29"
"156","350331","20220830172000","719","0","苗栗縣","竹南鎮","120.910","24.725","136"
"915","350334","20220830172000","753","2","苗栗縣","竹南鎮","120.905","24.730","995"
"114","350336","20220830172000","70","3","新竹市","香山區","120.900","24.735","113"
"131","350338","20220830172000","405","0","新竹市","香山區","120.905","24.740","118"
"585","350340","20220830172000","639","0","苗栗縣","竹南鎮","120.875","24.660","632"
"366","350347","20220830172000","672","0","苗栗縣","竹南鎮","120.865","24.675","357"
"101","350349","20220830172000","367","0","苗栗縣","竹南鎮","120.875","24.675","85"
"1103","350350","20220830172000","897","2","苗栗縣","竹南鎮","120.880","24.675","965"
"344","350351","20220830172000","265","2","苗栗縣","竹南鎮","120.870","24.680","448"
"407","350352","20220830172000","332","2","苗栗縣","竹南鎮","120.875","24.680","344"
"2045","350353","20220830172000","1988","1","苗栗縣","竹南鎮","120.870","24.685","1877"
"196","350357","20220830172000","482","0","苗栗縣","竹南鎮","120.890","24.705","140"
"268","350358","20220830172000","345","0","苗栗縣","竹南鎮","120.895","24.705","264"
"380","350359","20220830172000","319","1","苗栗縣","竹南鎮","120.900","24.705","453"
"366","350363","20220830172000","364","1","苗栗縣","竹南鎮","120.900","24.710","276"
"344","350364","20220830172000","94","3","苗栗縣","竹南鎮","120.905","24.710","343"
"255","350365","20220830172000","156","3","苗栗縣","竹南鎮","120.895","24.715","195"
"387","350367","20220830172000","412","0","苗栗縣","竹南鎮","120.905","24.715","462"
"420","350368","20220830172000","642","0","苗栗縣","竹南鎮","120.910","24.715","363"
"111","350369","20220830172000","129","0","苗栗縣","竹南鎮","120.895","24.720","150"
"218","356638","20220830172000","172","2","宜蘭縣","頭城鎮","121.940","24.840","318"
"859","360378","20220830172000","555","3","宜蘭縣","礁溪鄉","121.765","24.825","923"
"1695","360379","20220830172000","1574","1","宜蘭縣","礁溪鄉","121.770","24.825","2126"
"687","360380","20220830172000","507","2","宜蘭縣","礁溪鄉","121.775","24.825","858"
"493","360392","20220830172000","298","3","宜蘭縣","礁溪鄉","121.810","24.815","465"
"202","360394","20220830172000","100","3","宜蘭縣","礁溪鄉","121.795","24.815","258"
"45","360410","20220830172000","269","0","宜蘭縣","礁溪鄉","121.720","24.815","18"
"140","360417","20220830172000","223","0","宜蘭縣","礁溪鄉","121.720","24.820","79"
"245","360419","20220830172000","129","3","宜蘭縣","礁溪鄉","121.730","24.820","34"
"52","360427","20220830172000","440","0","宜蘭縣","礁溪鄉","121.725","24.820","61"
"199","360433","20220830172000","180","1","宜蘭縣","礁溪鄉","121.755","24.820","194"
"81","360437","20220830172000","106","0","宜蘭縣","礁溪鄉","121.740","24.825","92"
"1893","360439","20220830172000","1795","1","宜蘭縣","宜蘭市","121.755","24.770","1972"
"356","360442","20220830172000","267","2","宜蘭縣","宜蘭市","121.745","24.775","366"
"794","360449","20220830172000","652","2","宜蘭縣","壯圍鄉","121.785","24.775","905"
"18","360451","20220830172000","11","3","宜蘭縣","壯圍鄉","121.780","24.780","15"
"299","360457","20220830172000","204","2","宜蘭縣","壯圍鄉","121.795","24.790","290"
"127","360471","20220830172000","309","0","宜蘭縣","頭城鎮","121.820","24.855","135"
"197","360474","20220830172000","123","3","宜蘭縣","頭城鎮","121.835","24.885","201"
"398","360476","20220830172000","106","3","宜蘭縣","頭城鎮","121.845","24.885","481"
"647","360478","20220830172000","650","0","宜蘭縣","頭城鎮","121.830","24.855","624"
"778","360482","20220830172000","825","0","宜蘭縣","頭城鎮","121.820","24.860","811"
"239","360484","20220830172000","188","2","宜蘭縣","頭城鎮","121.815","24.860","250"
"596","360485","20220830172000","695","0","宜蘭縣","頭城鎮","121.820","24.865","594"
"277","360486","20220830172000","322","0","宜蘭縣","頭城鎮","121.810","24.865","278"
"190","360502","20220830172000","232","0","宜蘭縣","頭城鎮","121.815","24.850","162"
"573","360507","20220830172000","579","0","宜蘭縣","頭城鎮","121.825","24.865","601"
"513","360520","20220830172000","259","3","宜蘭縣","頭城鎮","121.835","24.870","530"
"16","360521","20220830172000","48","0","宜蘭縣","頭城鎮","121.840","24.870","19"
"280","360524","20220830172000","157","3","宜蘭縣","頭城鎮","121.840","24.875","380"
"50","360537","20220830172000","35","2","新北市","三峽區","121.345","24.845","90"
"114","360552","20220830172000","104","1","新北市","三峽區","121.360","24.855","91"
"10","360554","20220830172000","13","0","新北市","三峽區","121.370","24.855","17"
"23","360559","20220830172000","20","1","新北市","三峽區","121.365","24.860","17"
"66","360569","20220830172000","51","2","新北市","三峽區","121.355","24.870","77"
"46","360573","20220830172000","30","3","新北市","三峽區","121.375","24.870","44"
"43","360625","20220830172000","42","1","宜蘭縣","頭城鎮","121.820","24.825","49"
"312","360631","20220830172000","344","0","宜蘭縣","頭城鎮","121.790","24.845","287"
"221","360639","20220830172000","273","0","宜蘭縣","頭城鎮","121.795","24.855","267"
"482","360641","20220830172000","399","2","宜蘭縣","頭城鎮","121.805","24.855","522"
"302","360684","20220830172000","225","2","宜蘭縣","礁溪鄉","121.765","24.800","345"
"204","360687","20220830172000","190","1","宜蘭縣","礁溪鄉","121.760","24.810","211"
"233","360689","20220830172000","212","1","宜蘭縣","礁溪鄉","121.755","24.815","206"
"94","360694","20220830172000","92","1","宜蘭縣","員山鄉","121.700","24.780","92"
"24","360702","20220830172000","40","0","宜蘭縣","礁溪鄉","121.680","24.785","26"
"225","360788","20220830172000","157","2","宜蘭縣","礁溪鄉","121.780","24.810","295"
"410","360803","20220830172000","378","1","宜蘭縣","壯圍鄉","121.810","24.800","410"
"502","360806","20220830172000","403","2","宜蘭縣","壯圍鄉","121.815","24.805","555"
"471","360817","20220830172000","449","1","宜蘭縣","礁溪鄉","121.780","24.785","522"
"654","360820","20220830172000","563","1","宜蘭縣","礁溪鄉","121.775","24.815","767"
"1321","360822","20220830172000","966","2","宜蘭縣","礁溪鄉","121.770","24.820","1473"
"217","360828","20220830172000","206","1","宜蘭縣","礁溪鄉","121.730","24.790","232"
"150","360848","20220830172000","121","2","宜蘭縣","礁溪鄉","121.710","24.810","122"
"543","360876","20220830172000","499","1","宜蘭縣","礁溪鄉","121.760","24.785","524"
"96","360877","20220830172000","82","1","宜蘭縣","礁溪鄉","121.750","24.790","100"
"482","360879","20220830172000","326","2","宜蘭縣","礁溪鄉","121.760","24.790","450"
"573","360881","20220830172000","389","2","宜蘭縣","礁溪鄉","121.765","24.815","548"
"477","360883","20220830172000","512","0","宜蘭縣","礁溪鄉","121.765","24.820","473"
"528","360888","20220830172000","320","3","宜蘭縣","礁溪鄉","121.755","24.825","507"
"404","360889","20220830172000","288","2","宜蘭縣","礁溪鄉","121.760","24.825","334"
"78","360898","20220830172000","66","1","宜蘭縣","礁溪鄉","121.745","24.830","72"
"55","360964","20220830172000","34","3","新北市","三峽區","121.410","24.865","53"
"250","360967","20220830172000","241","1","新北市","三峽區","121.410","24.870","312"
"140","360994","20220830172000","86","3","新北市","三峽區","121.415","24.885","163"
"17","361075","20220830172000","27","0","新北市","三峽區","121.445","24.830","39"
"18","361124","20220830172000","18","1","新北市","三峽區","121.430","24.845","20"
"11","361150","20220830172000","10","1","新北市","三峽區","121.465","24.850","11"
"17","361179","20220830172000","38","0","新北市","三峽區","121.435","24.860","37"
"44","361195","20220830172000","20","3","新北市","三峽區","121.440","24.865","39"
"16","361256","20220830172000","21","0","新北市","三峽區","121.450","24.890","13"
"35","361279","20220830172000","21","3","新北市","三峽區","121.390","24.875","62"
"27","361286","20220830172000","29","0","新北市","三峽區","121.380","24.880","46"
"43","361304","20220830172000","67","0","新北市","三峽區","121.375","24.885","55"
"49","361308","20220830172000","29","3","新北市","三峽區","121.400","24.885","56"
"655","361316","20220830172000","606","1","宜蘭縣","員山鄉","121.720","24.770","656"
"285","361349","20220830172000","319","0","宜蘭縣","員山鄉","121.715","24.775","155"
"315","361393","20220830172000","264","1","宜蘭縣","壯圍鄉","121.800","24.770","326"
"324","361412","20220830172000","205","3","宜蘭縣","宜蘭市","121.735","24.775","336"
"24","361413","20220830172000","36","0","宜蘭縣","宜蘭市","121.740","24.775","25"
"369","361414","20220830172000","295","2","宜蘭縣","宜蘭市","121.730","24.780","395"
"17","361433","20220830172000","18","0","宜蘭縣","頭城鎮","121.800","24.830","11"
"968","361441","20220830172000","542","3","宜蘭縣","頭城鎮","121.790","24.835","1326"
"22","361461","20220830172000","23","0","宜蘭縣","頭城鎮","121.775","24.860","26"
"22","361466","20220830172000","31","0","新北市","坪林區","121.770","24.865","78"
"503","361479","20220830172000","492","1","宜蘭縣","頭城鎮","121.815","24.835","562"
"487","361482","20220830172000","371","2","宜蘭縣","頭城鎮","121.810","24.845","485"
"3999","361485","20220830172000","2738","2","新竹市","東區","120.985","24.800","3661"
"2029","361486","20220830172000","1779","1","新竹市","東區","120.985","24.810","2171"
"25","361496","20220830172000","45","0","桃園市","大溪區","121.325","24.880","29"
"143","361502","20220830172000","156","0","桃園市","大溪區","121.330","24.880","191"
"119","361509","20220830172000","97","2","桃園市","大溪區","121.325","24.885","124"
"96","361515","20220830172000","56","3","桃園市","大溪區","121.325","24.890","81"
"28","361517","20220830172000","33","0","桃園市","大溪區","121.335","24.890","36"
"478","361521","20220830172000","979","0","桃園市","大溪區","121.250","24.865","480"
"225","361525","20220830172000","91","3","桃園市","大溪區","121.255","24.870","198"
"417","361530","20220830172000","574","0","桃園市","大溪區","121.260","24.875","429"
"440","361536","20220830172000","390","1","桃園市","大溪區","121.260","24.880","470"
"179","361538","20220830172000","253","0","桃園市","大溪區","121.275","24.880","186"
"1027","361539","20220830172000","1202","0","桃園市","大溪區","121.250","24.880","1053"
"454","361545","20220830172000","164","3","桃園市","大溪區","121.275","24.885","370"
"118","361546","20220830172000","272","0","桃園市","大溪區","121.280","24.885","122"
"540","361547","20220830172000","486","1","桃園市","大溪區","121.275","24.890","483"
"1193","361550","20220830172000","810","2","桃園市","大溪區","121.295","24.885","1220"
"164","361551","20220830172000","165","0","桃園市","大溪區","121.300","24.880","154"
"131","361552","20220830172000","444","0","桃園市","大溪區","121.290","24.880","149"
"56","361556","20220830172000","59","0","新竹縣","新埔鎮","121.080","24.835","69"
"301","361565","20220830172000","305","0","新竹縣","新埔鎮","121.080","24.840","329"
"55","361570","20220830172000","42","2","新竹縣","新埔鎮","121.130","24.860","59"
"50","361579","20220830172000","18","3","新竹縣","新埔鎮","121.140","24.870","69"
"90","361585","20220830172000","74","2","新竹縣","新埔鎮","121.135","24.875","99"
"122","361591","20220830172000","11","3","桃園市","楊梅區","121.130","24.880","111"
"661","361597","20220830172000","472","2","新竹縣","新豐鄉","120.995","24.885","664"
"1531","361600","20220830172000","2103","0","新竹縣","新豐鄉","121.010","24.885","1602"
"1146","361602","20220830172000","780","2","新竹市","東區","120.975","24.805","894"
"2439","361603","20220830172000","4503","0","新竹市","東區","120.980","24.805","2140"
"991","361604","20220830172000","872","1","新竹市","東區","120.980","24.810","851"
"841","361605","20220830172000","899","0","新竹市","東區","120.975","24.800","845"
"432","361609","20220830172000","373","1","新竹市","東區","120.985","24.785","400"
"4106","361610","20220830172000","3045","2","新竹市","東區","121.020","24.780","4261"
"1485","361611","20220830172000","2111","0","新竹市","東區","121.015","24.785","1494"
"246","361614","20220830172000","114","3","新竹縣","新埔鎮","121.105","24.845","240"
"76","361615","20220830172000","37","3","新竹縣","新埔鎮","121.115","24.845","62"
"51","361621","20220830172000","38","2","新竹縣","新埔鎮","121.120","24.850","46"
"25","361623","20220830172000","14","3","新竹縣","新埔鎮","121.100","24.855","25"
"63","361624","20220830172000","63","1","新竹縣","新埔鎮","121.105","24.855","58"
"36","361628","20220830172000","16","3","新竹縣","新埔鎮","121.125","24.855","40"
"11","361630","20220830172000","13","0","新竹縣","新埔鎮","121.105","24.860","12"
"16","361635","20220830172000","28","0","新竹縣","新埔鎮","121.105","24.865","39"
"133","361642","20220830172000","123","1","新竹縣","新埔鎮","121.115","24.875","129"
"497","361646","20220830172000","873","0","新竹縣","新埔鎮","121.070","24.825","521"
"785","361648","20220830172000","563","2","新竹縣","新埔鎮","121.080","24.825","827"
"284","361651","20220830172000","413","0","新竹縣","新埔鎮","121.070","24.830","301"
"98","361655","20220830172000","58","3","新竹縣","新埔鎮","121.135","24.845","109"
"335","361668","20220830172000","508","0","新竹縣","新豐鄉","120.980","24.870","339"
"38","361671","20220830172000","25","3","新竹縣","新豐鄉","120.970","24.880","38"
"54","361676","20220830172000","514","0","新竹縣","新豐鄉","120.980","24.885","56"
"580","361683","20220830172000","507","1","新竹縣","竹東鎮","121.030","24.775","581"
"534","361685","20220830172000","1348","0","新竹縣","湖口鄉","121.010","24.855","583"
"1077","361687","20220830172000","996","1","新竹縣","湖口鄉","121.020","24.855","1226"
"431","361688","20220830172000","390","1","新竹縣","湖口鄉","121.025","24.855","630"
"2337","361692","20220830172000","2404","0","新竹縣","湖口鄉","121.010","24.860","2366"
"135","361693","20220830172000","82","3","新竹縣","湖口鄉","121.015","24.860","117"
"2368","361694","20220830172000","3391","0","新竹縣","湖口鄉","120.995","24.865","2386"
"1541","361695","20220830172000","1437","1","新竹縣","湖口鄉","121.000","24.865","1513"
"144","361696","20220830172000","513","0","新竹縣","湖口鄉","121.005","24.865","124"
"782","361697","20220830172000","487","3","新竹縣","湖口鄉","121.010","24.865","772"
"3337","361698","20220830172000","3230","1","新竹縣","湖口鄉","121.000","24.870","3361"
"4277","361700","20220830172000","1500","3","新竹縣","湖口鄉","121.010","24.870","1137"
"2023","361702","20220830172000","1311","3","新竹縣","湖口鄉","121.010","24.875","2051"
"951","361703","20220830172000","480","3","新竹縣","竹北市","121.030","24.810","905"
"1408","361704","20220830172000","1148","2","新竹縣","竹北市","121.035","24.810","1254"
"423","361705","20220830172000","195","3","新竹縣","竹北市","121.030","24.815","299"
"599","361712","20220830172000","916","0","桃園市","大溪區","121.260","24.890","571"
"329","361715","20220830172000","502","0","新竹市","香山區","120.920","24.810","363"
"319","361721","20220830172000","184","3","新竹市","香山區","120.925","24.815","289"
"166","361725","20220830172000","152","1","新竹市","香山區","120.915","24.820","186"
"497","361727","20220830172000","386","2","新竹市","香山區","120.925","24.820","593"
"548","361733","20220830172000","402","2","新竹市","北區","120.925","24.825","577"
"1694","361736","20220830172000","1677","1","新竹市","香山區","120.930","24.790","1593"
"889","361738","20220830172000","546","3","新竹市","香山區","120.930","24.795","910"
"480","361744","20220830172000","362","2","新竹市","香山區","120.915","24.780","581"
"226","361752","20220830172000","472","0","新竹市","香山區","120.920","24.785","205"
"887","361756","20220830172000","1083","0","新竹市","香山區","120.920","24.805","944"
"568","361758","20220830172000","528","1","新竹市","香山區","120.935","24.805","623"
"588","361761","20220830172000","680","0","新竹市","香山區","120.940","24.805","562"
"2056","361763","20220830172000","1835","1","新竹市","香山區","120.945","24.795","2341"
"779","361765","20220830172000","1172","0","新竹市","香山區","120.940","24.790","806"
"182","361766","20220830172000","1464","0","新竹市","香山區","120.935","24.790","140"
"269","361767","20220830172000","308","0","新竹市","香山區","120.935","24.800","306"
"612","361768","20220830172000","632","0","新竹市","香山區","120.940","24.795","538"
"35","362002","20220830172000","35","1","新竹縣","關西鎮","121.260","24.775","43"
"211","362027","20220830172000","262","0","新竹縣","湖口鄉","121.030","24.880","202"
"659","362033","20220830172000","1025","0","新竹縣","湖口鄉","121.025","24.885","650"
"828","362036","20220830172000","955","0","新竹縣","竹北市","120.965","24.860","859"
"144","362037","20220830172000","51","3","新竹縣","竹北市","120.970","24.860","129"
"628","362039","20220830172000","260","3","新竹縣","竹北市","120.980","24.860","583"
"136","362040","20220830172000","41","3","新竹縣","竹北市","120.970","24.865","129"
"1584","362056","20220830172000","1752","0","新竹縣","竹北市","121.015","24.825","1553"
"2193","362057","20220830172000","2560","0","新竹縣","竹北市","121.010","24.830","2219"
"609","362058","20220830172000","115","3","新竹縣","竹北市","121.040","24.810","611"
"653","362059","20220830172000","620","1","新竹縣","竹北市","121.035","24.815","725"
"176","362060","20220830172000","295","0","新竹縣","竹北市","121.040","24.815","151"
"3035","362063","20220830172000","2585","1","新竹縣","竹北市","121.030","24.820","3006"
"1020","362064","20220830172000","1066","0","新竹縣","竹北市","121.035","24.820","981"
"658","362066","20220830172000","1170","0","新竹縣","竹北市","121.020","24.825","746"
"1108","362067","20220830172000","363","3","新竹縣","竹北市","121.025","24.825","1019"
"2969","362068","20220830172000","2901","1","新竹縣","竹北市","121.030","24.825","2952"
"1135","362069","20220830172000","802","2","新竹縣","竹北市","121.035","24.825","1093"
"2327","362070","20220830172000","2030","1","新竹縣","竹北市","121.015","24.830","2350"
"702","362071","20220830172000","603","1","新竹縣","竹北市","121.020","24.830","707"
"1135","362072","20220830172000","899","2","新竹縣","竹北市","121.025","24.830","1123"
"878","362073","20220830172000","674","2","新竹縣","新埔鎮","121.030","24.830","1161"
"52","362075","20220830172000","17","3","新竹縣","竹北市","120.990","24.855","51"
"363","362076","20220830172000","482","0","新竹縣","竹北市","120.995","24.855","388"
"391","362077","20220830172000","543","0","新竹縣","竹北市","120.990","24.860","399"
"82","362079","20220830172000","155","0","新竹縣","竹北市","120.995","24.860","80"
"3512","362081","20220830172000","1774","3","新竹市","東區","120.995","24.800","3225"
"631","362082","20220830172000","584","1","新竹市","東區","121.000","24.805","666"
"168","362085","20220830172000","270","0","新竹市","東區","121.000","24.810","146"
"403","362086","20220830172000","599","0","新竹市","東區","121.005","24.810","403"
"902","362087","20220830172000","534","3","新竹市","東區","121.010","24.810","876"
"936","362088","20220830172000","753","2","新竹市","東區","120.995","24.815","1016"
"4228","362092","20220830172000","4386","0","新竹市","東區","121.010","24.775","4471"
"2204","362093","20220830172000","2275","0","新竹市","東區","121.015","24.775","2060"
"3545","362094","20220830172000","3499","1","新竹市","東區","121.020","24.775","3618"
"5301","362095","20220830172000","4994","1","新竹市","東區","121.025","24.775","5349"
"3451","362096","20220830172000","3046","1","新竹市","東區","120.990","24.780","3458"
"5091","362097","20220830172000","4732","1","新竹市","東區","121.005","24.775","5072"
"2681","362098","20220830172000","2598","1","新竹市","東區","121.005","24.780","2717"
"604","362099","20220830172000","1017","0","新竹市","東區","121.010","24.780","642"
"1823","362100","20220830172000","873","3","新竹市","東區","121.015","24.780","1727"
"5627","362101","20220830172000","4810","1","新竹市","東區","121.005","24.785","5149"
"1226","362102","20220830172000","880","2","新竹市","東區","121.010","24.785","1136"
"245","362103","20220830172000","244","1","新竹市","北區","120.945","24.835","294"
"377","362104","20220830172000","679","0","新竹市","北區","120.950","24.835","375"
"622","362107","20220830172000","422","2","新竹縣","竹東鎮","121.045","24.785","624"
"119","362108","20220830172000","133","0","新竹縣","竹東鎮","121.050","24.785","139"
"506","362117","20220830172000","405","2","新竹縣","竹東鎮","121.035","24.790","548"
"307","362122","20220830172000","1238","0","新竹縣","竹東鎮","121.030","24.795","313"
"202","362128","20220830172000","163","2","新竹縣","竹北市","120.960","24.855","201"
"485","362141","20220830172000","445","1","新竹縣","竹北市","120.955","24.870","491"
"1613","362143","20220830172000","1314","2","新竹縣","竹北市","121.015","24.835","1622"
"31","362150","20220830172000","14","3","新竹縣","新豐鄉","120.955","24.885","31"
"225","362158","20220830172000","284","0","新竹縣","新豐鄉","120.975","24.890","255"
"1164","362159","20220830172000","1050","1","新竹市","東區","121.005","24.790","1137"
"2589","362160","20220830172000","1795","2","新竹市","東區","121.015","24.790","2559"
"34","362275","20220830172000","43","0","新北市","烏來區","121.525","24.835","55"
"22","362568","20220830172000","11","3","新北市","烏來區","121.590","24.850","27"
"191","362673","20220830172000","166","1","新北市","烏來區","121.550","24.875","191"
"49","362692","20220830172000","50","0","新北市","烏來區","121.545","24.880","70"
"101","362700","20220830172000","130","0","新北市","烏來區","121.550","24.885","104"
"40","362716","20220830172000","47","0","新北市","烏來區","121.550","24.845","50"
"143","362717","20220830172000","195","0","新北市","烏來區","121.555","24.845","169"
"103","362740","20220830172000","85","2","新北市","烏來區","121.560","24.860","107"
"410","362744","20220830172000","594","0","新北市","烏來區","121.550","24.865","421"
"12","362745","20220830172000","16","0","新北市","烏來區","121.555","24.865","12"
"75","362793","20220830172000","43","3","新北市","烏來區","121.510","24.775","86"
"1056","362984","20220830172000","1920","0","新竹市","東區","120.960","24.795","1069"
"3488","362985","20220830172000","2913","1","新竹市","東區","121.020","24.790","3510"
"831","362988","20220830172000","699","1","新竹市","東區","120.970","24.775","907"
"2178","362990","20220830172000","2567","0","新竹市","東區","120.985","24.805","2165"
"1110","362992","20220830172000","1384","0","新竹市","北區","120.960","24.805","1000"
"334","362994","20220830172000","250","2","新竹縣","竹北市","120.945","24.850","329"
"749","362996","20220830172000","1079","0","新竹縣","竹北市","120.945","24.855","834"
"1078","362998","20220830172000","939","1","新竹縣","竹北市","120.995","24.840","1057"
"1103","362999","20220830172000","1486","0","新竹縣","竹北市","121.000","24.840","1052"
"506","363002","20220830172000","366","2","新竹縣","竹北市","121.035","24.800","474"
"1808","363004","20220830172000","491","3","新竹縣","竹北市","121.025","24.805","1478"
"1324","363005","20220830172000","817","3","新竹縣","竹北市","121.030","24.805","1246"
"4227","363006","20220830172000","3556","1","新竹縣","竹北市","121.035","24.805","3690"
"2490","363007","20220830172000","2043","2","新竹縣","竹北市","121.025","24.810","2466"
"115","363008","20220830172000","44","3","新竹縣","芎林鄉","121.065","24.790","109"
"1610","363013","20220830172000","1241","2","新竹縣","竹北市","121.050","24.805","1558"
"413","363016","20220830172000","468","0","新竹縣","竹北市","121.045","24.810","372"
"2375","363021","20220830172000","2072","1","新竹縣","竹北市","121.005","24.840","2399"
"5068","363023","20220830172000","3951","2","新竹縣","竹北市","121.020","24.840","5055"
"1216","363024","20220830172000","1715","0","新竹縣","竹北市","121.000","24.845","1252"
"1389","363025","20220830172000","366","3","新竹縣","竹北市","121.000","24.855","1291"
"1981","363026","20220830172000","2032","0","新竹縣","竹北市","121.010","24.845","2019"
"485","363027","20220830172000","916","0","新竹縣","新埔鎮","121.015","24.850","525"
"917","363028","20220830172000","824","1","新竹縣","竹北市","121.020","24.845","934"
"369","363029","20220830172000","98","3","新竹縣","竹北市","121.000","24.850","295"
"1070","363032","20220830172000","931","1","新竹縣","芎林鄉","121.080","24.775","1096"
"17","363046","20220830172000","14","2","新竹縣","關西鎮","121.140","24.790","24"
"23","363048","20220830172000","28","0","新竹縣","關西鎮","121.150","24.790","32"
"98","363062","20220830172000","78","2","新竹縣","關西鎮","121.185","24.800","117"
"612","363073","20220830172000","844","0","新竹縣","關西鎮","121.200","24.810","687"
"378","363082","20220830172000","208","3","新竹縣","關西鎮","121.180","24.820","1969"
"189","363084","20220830172000","161","1","新竹縣","關西鎮","121.175","24.825","218"
"1147","363085","20220830172000","1042","1","桃園市","龍潭區","121.180","24.825","1295"
"673","363086","20220830172000","747","0","新竹市","東區","120.975","24.795","710"
"930","363088","20220830172000","1080","0","新竹縣","寶山鄉","120.985","24.775","920"
"296","363090","20220830172000","235","2","新竹市","東區","120.980","24.780","304"
"878","363093","20220830172000","1041","0","新竹市","東區","120.980","24.785","932"
"1276","363094","20220830172000","950","2","新竹縣","新豐鄉","121.000","24.875","1348"
"609","363095","20220830172000","701","0","新竹縣","新豐鄉","120.995","24.880","663"
"794","363096","20220830172000","366","3","新竹縣","新豐鄉","121.000","24.880","593"
"380","363097","20220830172000","321","1","新竹縣","新豐鄉","121.005","24.880","353"
"1192","363098","20220830172000","1085","1","新竹縣","新豐鄉","120.990","24.870","1266"
"3250","363099","20220830172000","3641","0","新竹縣","新豐鄉","120.995","24.870","3117"
"799","363100","20220830172000","1115","0","新竹縣","新豐鄉","120.985","24.865","815"
"820","363101","20220830172000","619","2","新竹縣","新豐鄉","120.990","24.865","688"
"365","363102","20220830172000","352","1","新竹縣","新豐鄉","120.985","24.870","374"
"425","363103","20220830172000","284","2","新竹縣","新豐鄉","120.985","24.875","468"
"587","363109","20220830172000","653","0","新竹縣","關西鎮","121.145","24.805","612"
"101","363127","20220830172000","128","0","新竹縣","關西鎮","121.120","24.780","134"
"28","363131","20220830172000","16","3","新竹縣","關西鎮","121.115","24.785","29"
"286","363143","20220830172000","197","2","新竹縣","關西鎮","121.130","24.790","323"
"127","363153","20220830172000","59","3","新竹縣","關西鎮","121.200","24.775","122"
"798","363158","20220830172000","934","0","新竹縣","關西鎮","121.175","24.785","873"
"178","363159","20220830172000","41","3","新竹縣","關西鎮","121.180","24.790","170"
"877","363160","20220830172000","876","1","新竹縣","關西鎮","121.185","24.790","687"
"418","363164","20220830172000","633","0","新竹縣","關西鎮","121.190","24.795","497"
"28","363183","20220830172000","24","1","新竹縣","關西鎮","121.205","24.780","32"
"19","363187","20220830172000","61","0","新竹縣","關西鎮","121.195","24.785","19"
"163","363195","20220830172000","128","2","新竹縣","關西鎮","121.195","24.790","186"
"25","363197","20220830172000","19","2","新竹縣","關西鎮","121.205","24.790","33"
"68","363217","20220830172000","70","0","新竹縣","關西鎮","121.230","24.795","74"
"90","363223","20220830172000","89","1","新竹縣","關西鎮","121.235","24.800","94"
"11","363229","20220830172000","14","0","新竹縣","關西鎮","121.135","24.820","15"
"341","363233","20220830172000","331","1","新竹縣","關西鎮","121.115","24.825","346"
"10","363240","20220830172000","11","0","新竹縣","關西鎮","121.145","24.825","10"
"355","363245","20220830172000","136","3","新竹縣","關西鎮","121.115","24.830","412"
"859","363256","20220830172000","622","2","新竹縣","關西鎮","121.165","24.830","957"
"64","363258","20220830172000","41","3","新竹縣","新埔鎮","121.125","24.835","75"
"186","363272","20220830172000","216","0","新竹縣","關西鎮","121.150","24.840","178"
"807","363274","20220830172000","931","0","新竹縣","關西鎮","121.135","24.810","920"
"119","363279","20220830172000","25","3","新竹縣","關西鎮","121.130","24.815","115"
"39","363288","20220830172000","13","3","新竹縣","關西鎮","121.165","24.795","45"
"617","363291","20220830172000","713","0","新竹縣","關西鎮","121.165","24.800","676"
"2275","363304","20220830172000","2179","1","新竹縣","關西鎮","121.175","24.790","2629"
"240","363305","20220830172000","144","3","新竹縣","關西鎮","121.170","24.795","233"
"234","363306","20220830172000","283","0","新竹縣","關西鎮","121.175","24.795","234"
"88","363308","20220830172000","71","2","新竹縣","關西鎮","121.175","24.805","117"
"2035","363344","20220830172000","1779","1","桃園市","龍潭區","121.230","24.875","2048"
"877","363345","20220830172000","687","2","桃園市","龍潭區","121.230","24.880","940"
"1049","363346","20220830172000","835","2","桃園市","龍潭區","121.225","24.855","1041"
"267","363347","20220830172000","189","2","桃園市","龍潭區","121.230","24.855","219"
"98","363355","20220830172000","50","3","桃園市","龍潭區","121.235","24.865","87"
"145","363358","20220830172000","255","0","桃園市","龍潭區","121.230","24.870","142"
"437","363359","20220830172000","332","2","桃園市","龍潭區","121.235","24.870","477"
"12","363361","20220830172000","24","0","桃園市","龍潭區","121.245","24.870","64"
"280","363362","20220830172000","658","0","桃園市","平鎮區","121.245","24.875","336"
"685","363365","20220830172000","729","0","桃園市","龍潭區","121.235","24.840","714"
"955","363366","20220830172000","1004","0","桃園市","龍潭區","121.240","24.835","897"
"278","363369","20220830172000","383","0","桃園市","龍潭區","121.240","24.845","287"
"539","363370","20220830172000","419","2","桃園市","龍潭區","121.245","24.850","559"
"885","363371","20220830172000","1005","0","桃園市","龍潭區","121.250","24.850","1026"
"825","363374","20220830172000","718","1","桃園市","龍潭區","121.250","24.855","850"
"240","363376","20220830172000","663","0","桃園市","龍潭區","121.255","24.860","298"
"351","363377","20220830172000","318","1","桃園市","龍潭區","121.180","24.870","376"
"673","363380","20220830172000","736","0","桃園市","龍潭區","121.195","24.870","676"
"644","363388","20220830172000","584","1","桃園市","龍潭區","121.185","24.880","684"
"4985","363392","20220830172000","3564","2","桃園市","龍潭區","121.185","24.885","5056"
"129","363394","20220830172000","139","0","桃園市","龍潭區","121.180","24.885","143"
"342","363396","20220830172000","445","0","桃園市","龍潭區","121.190","24.885","371"
"226","363397","20220830172000","217","1","桃園市","龍潭區","121.190","24.890","199"
"6226","363481","20220830172000","5015","2","新竹市","東區","120.975","24.810","6642"
"4827","363482","20220830172000","4414","1","新竹市","東區","120.970","24.800","5018"
"1258","363483","20220830172000","1373","0","新竹市","東區","120.970","24.810","1173"
"1113","363484","20220830172000","712","3","新竹市","東區","120.970","24.785","984"
"1202","363485","20220830172000","756","3","新竹市","東區","120.975","24.785","1132"
"3767","363486","20220830172000","3338","1","新竹市","東區","120.965","24.795","3806"
"16","363492","20220830172000","13","2","新北市","新店區","121.575","24.885","15"
"1494","363502","20220830172000","1345","1","桃園市","龍潭區","121.185","24.840","1492"
"881","363507","20220830172000","776","1","桃園市","龍潭區","121.185","24.845","748"
"136","363511","20220830172000","74","3","桃園市","龍潭區","121.180","24.850","123"
"108","363514","20220830172000","207","0","桃園市","龍潭區","121.195","24.850","128"
"344","363523","20220830172000","143","3","桃園市","龍潭區","121.190","24.860","341"
"403","363528","20220830172000","408","0","桃園市","龍潭區","121.245","24.835","416"
"212","363532","20220830172000","282","0","桃園市","龍潭區","121.245","24.840","225"
"121","363536","20220830172000","52","3","桃園市","龍潭區","121.245","24.845","125"
"97","363557","20220830172000","114","0","桃園市","龍潭區","121.240","24.830","96"
"430","363560","20220830172000","416","1","桃園市","龍潭區","121.230","24.835","490"
"55","363589","20220830172000","43","2","桃園市","龍潭區","121.160","24.870","58"
"774","363593","20220830172000","688","1","桃園市","龍潭區","121.210","24.840","777"
"347","363597","20220830172000","226","3","桃園市","龍潭區","121.200","24.855","326"
"538","363599","20220830172000","700","0","桃園市","龍潭區","121.210","24.855","473"
"1168","363602","20220830172000","703","3","桃園市","龍潭區","121.225","24.845","1308"
"242","363603","20220830172000","546","0","桃園市","龍潭區","121.230","24.845","271"
"40","363605","20220830172000","38","1","桃園市","龍潭區","121.225","24.850","30"
"1189","363611","20220830172000","966","2","桃園市","龍潭區","121.220","24.850","1154"
"1346","363613","20220830172000","979","2","桃園市","龍潭區","121.215","24.865","1348"
"682","363614","20220830172000","1127","0","桃園市","龍潭區","121.220","24.865","652"
"630","363615","20220830172000","785","0","桃園市","龍潭區","121.210","24.870","684"
"1075","363616","20220830172000","774","2","桃園市","龍潭區","121.215","24.870","1053"
"393","363620","20220830172000","414","0","桃園市","龍潭區","121.220","24.860","405"
"384","363625","20220830172000","544","0","桃園市","龍潭區","121.205","24.865","411"
"207","363626","20220830172000","132","3","桃園市","龍潭區","121.200","24.870","190"
"1710","363627","20220830172000","825","3","桃園市","龍潭區","121.205","24.870","1532"
"3176","363628","20220830172000","2084","3","新竹縣","竹北市","121.020","24.835","2957"
"1266","363629","20220830172000","1371","0","新竹縣","竹北市","121.025","24.835","1265"
"998","363630","20220830172000","1337","0","新竹縣","竹北市","121.010","24.835","974"
"213","363633","20220830172000","149","2","新竹市","東區","120.960","24.780","215"
"393","363634","20220830172000","341","1","新竹市","東區","120.965","24.780","368"
"886","363637","20220830172000","789","1","新竹市","東區","120.965","24.785","902"
"3012","363639","20220830172000","2868","1","新竹市","東區","120.965","24.790","3119"
"1728","363641","20220830172000","1958","0","新竹市","東區","121.020","24.785","1702"
"307","363642","20220830172000","409","0","新竹縣","竹東鎮","121.025","24.785","297"
"752","363644","20220830172000","653","1","新竹縣","竹東鎮","121.035","24.775","790"
"2638","363646","20220830172000","1851","2","新竹縣","竹東鎮","121.045","24.775","2456"
"1409","363648","20220830172000","1616","0","新竹縣","竹東鎮","121.030","24.780","1480"
"235","363649","20220830172000","302","0","新竹縣","竹東鎮","121.035","24.780","189"
"459","363651","20220830172000","623","0","新竹縣","竹東鎮","121.045","24.780","433"
"1056","363655","20220830172000","1272","0","桃園市","龍潭區","121.235","24.880","1099"
"768","363658","20220830172000","775","0","桃園市","龍潭區","121.240","24.880","814"
"75","363661","20220830172000","85","0","桃園市","龍潭區","121.240","24.810","106"
"486","363663","20220830172000","642","0","桃園市","龍潭區","121.240","24.815","611"
"38","363664","20220830172000","75","0","桃園市","龍潭區","121.235","24.820","30"
"220","363667","20220830172000","208","1","桃園市","龍潭區","121.230","24.825","219"
"499","363668","20220830172000","435","1","桃園市","龍潭區","121.235","24.825","543"
"634","363676","20220830172000","554","1","桃園市","龍潭區","121.230","24.840","645"
"1201","363677","20220830172000","693","3","新竹縣","竹北市","121.005","24.845","982"
"1225","363682","20220830172000","1339","0","新竹縣","芎林鄉","121.080","24.780","1277"
"237","363685","20220830172000","79","3","新竹縣","芎林鄉","121.075","24.785","228"
"874","363687","20220830172000","679","2","新竹縣","芎林鄉","121.070","24.790","874"
"560","363696","20220830172000","784","0","新竹縣","芎林鄉","121.060","24.795","631"
"551","363709","20220830172000","611","0","新竹縣","芎林鄉","121.090","24.775","561"
"40","363719","20220830172000","10","3","新竹縣","芎林鄉","121.110","24.785","36"
"25","363721","20220830172000","19","2","新竹縣","芎林鄉","121.085","24.780","28"
"64","363725","20220830172000","92","0","新竹縣","芎林鄉","121.100","24.780","64"
"230","363728","20220830172000","211","1","新竹縣","芎林鄉","121.100","24.785","242"
"1010","363737","20220830172000","732","2","新竹縣","竹北市","120.985","24.835","928"
"428","363744","20220830172000","280","3","新竹縣","竹北市","120.975","24.840","432"
"564","363746","20220830172000","691","0","新竹縣","竹北市","120.955","24.840","582"
"515","363748","20220830172000","279","3","新竹縣","竹北市","120.965","24.840","481"
"263","363755","20220830172000","58","3","新竹縣","竹北市","120.960","24.850","196"
"56","363765","20220830172000","316","0","宜蘭縣","礁溪鄉","121.790","24.795","58"
"83","363769","20220830172000","224","0","宜蘭縣","礁溪鄉","121.780","24.800","77"
"207","363770","20220830172000","326","0","宜蘭縣","礁溪鄉","121.785","24.800","226"
"205","363777","20220830172000","242","0","宜蘭縣","礁溪鄉","121.790","24.810","233"
"1144","363779","20220830172000","1507","0","宜蘭縣","礁溪鄉","121.775","24.830","1515"
"675","363783","20220830172000","370","3","宜蘭縣","礁溪鄉","121.780","24.835","793"
"700","363797","20220830172000","641","1","宜蘭縣","礁溪鄉","121.790","24.830","852"
"33","363798","20220830172000","70","0","宜蘭縣","礁溪鄉","121.785","24.835","29"
"1214","363803","20220830172000","783","3","桃園市","平鎮區","121.200","24.890","1149"
"1282","363805","20220830172000","1367","0","新竹市","北區","120.955","24.805","1248"
"491","363808","20220830172000","742","0","新竹市","北區","120.945","24.815","486"
"284","363811","20220830172000","34","3","新竹市","北區","120.955","24.785","252"
"1673","363814","20220830172000","1265","2","新竹市","北區","120.955","24.790","1640"
"512","363815","20220830172000","769","0","新竹市","香山區","120.950","24.795","486"
"1318","363816","20220830172000","1238","1","桃園市","大溪區","121.290","24.885","1367"
"5355","363817","20220830172000","4136","2","新竹縣","寶山鄉","120.990","24.775","4752"
"3880","363818","20220830172000","2918","2","新竹縣","寶山鄉","120.995","24.775","3761"
"8183","363819","20220830172000","7870","1","新竹縣","寶山鄉","121.000","24.775","7914"
"7810","363821","20220830172000","6512","1","新竹市","東區","120.995","24.780","7723"
"1388","363824","20220830172000","749","3","新竹縣","竹北市","121.010","24.820","1412"
"1688","363825","20220830172000","1996","0","新竹縣","竹北市","121.015","24.820","1668"
"2172","363826","20220830172000","1538","2","新竹縣","竹北市","121.005","24.825","2278"
"2743","363827","20220830172000","2227","2","新竹縣","竹北市","121.010","24.825","2741"
"1615","363828","20220830172000","1556","1","新竹縣","竹北市","121.005","24.830","1617"
"298","363835","20220830172000","361","0","新竹縣","新埔鎮","121.050","24.835","252"
"519","363837","20220830172000","634","0","新竹縣","新埔鎮","121.045","24.840","630"
"1158","363839","20220830172000","18","3","新竹縣","新埔鎮","121.055","24.840","838"
"13","363850","20220830172000","23","0","新竹縣","新埔鎮","121.035","24.840","12"
"1005","363852","20220830172000","1154","0","新竹縣","新埔鎮","121.025","24.845","1078"
"559","363854","20220830172000","26","3","新竹縣","新埔鎮","121.035","24.845","496"
"47","363855","20220830172000","169","0","新竹縣","新埔鎮","121.040","24.845","62"
"52","363860","20220830172000","20","3","新竹縣","新埔鎮","121.030","24.850","47"
"73","363864","20220830172000","48","3","桃園市","龍潭區","121.210","24.875","60"
"1090","363865","20220830172000","1141","0","桃園市","龍潭區","121.205","24.880","1074"
"203","363866","20220830172000","189","1","新竹縣","竹北市","120.980","24.840","206"
"421","363870","20220830172000","415","1","新竹縣","竹北市","120.975","24.850","461"
"350","363871","20220830172000","459","0","新竹縣","竹北市","120.980","24.850","359"
"101","363872","20220830172000","197","0","新竹縣","竹東鎮","121.055","24.775","77"
"2064","363875","20220830172000","324","3","新竹縣","竹東鎮","121.055","24.780","1840"
"196","363877","20220830172000","248","0","新竹縣","竹東鎮","121.055","24.785","200"
"86","363882","20220830172000","76","1","宜蘭縣","礁溪鄉","121.745","24.800","74"
"231","363884","20220830172000","194","1","宜蘭縣","礁溪鄉","121.755","24.800","237"
"1130","363890","20220830172000","726","3","宜蘭縣","礁溪鄉","121.740","24.780","1176"
"209","363899","20220830172000","184","1","宜蘭縣","礁溪鄉","121.740","24.790","202"
"43","363932","20220830172000","59","0","新竹市","香山區","120.915","24.775","48"
"313","363936","20220830172000","920","0","新竹市","香山區","120.950","24.775","329"
"272","363940","20220830172000","188","2","新竹市","香山區","120.950","24.780","319"
"380","363941","20220830172000","475","0","新竹市","香山區","120.935","24.795","375"
"343","363948","20220830172000","300","1","新竹市","香山區","120.925","24.800","375"
"2356","363957","20220830172000","1299","3","新竹縣","竹北市","120.995","24.835","2033"
"573","363960","20220830172000","1170","0","新竹縣","竹北市","121.000","24.825","562"
"532","363961","20220830172000","398","2","新竹縣","竹北市","120.990","24.830","1898"
"1785","363963","20220830172000","707","3","新竹縣","竹北市","121.000","24.830","1333"
"1268","363964","20220830172000","1443","0","新竹縣","竹北市","121.000","24.835","1226"
"552","363965","20220830172000","461","1","新竹縣","竹北市","121.005","24.835","489"
"523","363968","20220830172000","487","1","新竹縣","竹北市","120.970","24.835","576"
"2728","363976","20220830172000","2641","1","桃園市","龍潭區","121.215","24.860","2658"
"1123","363977","20220830172000","967","1","桃園市","龍潭區","121.210","24.865","1184"
"245","363980","20220830172000","143","3","新竹縣","新埔鎮","121.110","24.815","223"
"162","363983","20220830172000","32","3","新竹縣","新埔鎮","121.100","24.820","153"
"504","363985","20220830172000","557","0","新竹縣","新埔鎮","121.090","24.825","466"
"233","363989","20220830172000","313","0","新竹縣","關西鎮","121.110","24.825","246"
"2480","363994","20220830172000","1730","2","新竹市","北區","120.970","24.820","2464"
"1725","363995","20220830172000","2100","0","新竹市","北區","120.955","24.810","1629"
"2009","363996","20220830172000","1801","1","新竹市","北區","120.960","24.810","1943"
"844","363997","20220830172000","701","2","宜蘭縣","頭城鎮","121.825","24.860","833"
"13","364009","20220830172000","28","0","桃園市","大溪區","121.290","24.835","11"
"33","364010","20220830172000","38","0","桃園市","大溪區","121.295","24.835","35"
"35","364012","20220830172000","20","3","桃園市","大溪區","121.305","24.835","24"
"58","364013","20220830172000","40","2","桃園市","大溪區","121.280","24.840","46"
"13","364014","20220830172000","29","0","桃園市","大溪區","121.285","24.840","22"
"664","364024","20220830172000","621","1","桃園市","大溪區","121.285","24.850","684"
"22","364032","20220830172000","288","0","桃園市","大溪區","121.295","24.855","20"
"19","364043","20220830172000","27","0","桃園市","大溪區","121.305","24.860","26"
"211","364050","20220830172000","225","0","桃園市","大溪區","121.295","24.865","207"
"84","364052","20220830172000","81","1","桃園市","大溪區","121.305","24.865","73"
"310","364061","20220830172000","211","2","桃園市","大溪區","121.300","24.870","276"
"119","364068","20220830172000","186","0","桃園市","大溪區","121.300","24.875","133"
"63","364070","20220830172000","38","3","桃園市","大溪區","121.310","24.875","62"
"237","364110","20220830172000","297","0","桃園市","大溪區","121.270","24.840","203"
"10","364116","20220830172000","13","0","桃園市","大溪區","121.275","24.850","10"
"441","364119","20220830172000","498","0","新竹縣","新豐鄉","121.005","24.885","460"
"527","364123","20220830172000","388","2","新竹縣","新豐鄉","121.005","24.890","485"
"264","364126","20220830172000","228","1","新竹縣","湖口鄉","121.020","24.890","275"
"281","364127","20220830172000","56","3","新竹縣","新豐鄉","120.995","24.875","209"
"258","364129","20220830172000","224","1","新竹縣","新豐鄉","120.990","24.880","281"
"227","364130","20220830172000","248","0","新竹縣","新豐鄉","120.990","24.885","231"
"1574","364132","20220830172000","1426","1","新竹縣","新豐鄉","120.990","24.890","1508"
"374","364139","20220830172000","422","0","新竹縣","湖口鄉","121.025","24.890","337"
"520","364141","20220830172000","450","1","新竹縣","湖口鄉","121.035","24.890","488"
"1430","364143","20220830172000","1495","0","新竹縣","湖口鄉","121.020","24.860","1542"
"522","364146","20220830172000","431","2","新竹縣","湖口鄉","121.015","24.865","478"
"917","364147","20220830172000","577","3","新竹縣","湖口鄉","121.020","24.865","940"
"1203","364148","20220830172000","1090","1","新竹縣","湖口鄉","121.025","24.865","1159"
"556","364149","20220830172000","992","0","新竹縣","湖口鄉","121.030","24.865","545"
"902","364163","20220830172000","1017","0","新竹縣","湖口鄉","121.035","24.875","935"
"1193","364164","20220830172000","1894","0","新竹縣","湖口鄉","121.040","24.875","1166"
"291","364168","20220830172000","288","1","新竹縣","湖口鄉","121.035","24.880","323"
"306","364171","20220830172000","259","1","新竹縣","湖口鄉","121.050","24.880","311"
"64","364179","20220830172000","30","3","新竹縣","湖口鄉","121.065","24.875","84"
"98","364180","20220830172000","22","3","新竹縣","湖口鄉","121.070","24.875","98"
"254","364189","20220830172000","381","0","新竹縣","湖口鄉","121.075","24.880","256"
"152","364194","20220830172000","123","2","新竹縣","湖口鄉","121.070","24.885","178"
"328","364195","20220830172000","234","2","新竹縣","湖口鄉","121.075","24.885","317"
"654","364201","20220830172000","636","1","新竹縣","湖口鄉","121.055","24.880","670"
"218","364202","20220830172000","539","0","新竹縣","湖口鄉","121.060","24.880","227"
"332","364205","20220830172000","395","0","新竹縣","湖口鄉","121.050","24.885","335"
"72","364211","20220830172000","56","2","新竹縣","湖口鄉","121.105","24.880","61"
"354","364216","20220830172000","419","0","新竹縣","湖口鄉","121.090","24.885","388"
"679","364221","20220830172000","110","3","新竹縣","湖口鄉","121.095","24.885","633"
"149","364222","20220830172000","151","0","新竹縣","湖口鄉","121.100","24.885","163"
"361","364228","20220830172000","342","1","新竹縣","湖口鄉","121.110","24.890","332"
"362","364231","20220830172000","265","2","新竹縣","湖口鄉","121.085","24.885","396"
"321","364236","20220830172000","225","2","新竹縣","湖口鄉","121.080","24.890","319"
"426","364238","20220830172000","402","1","新竹縣","湖口鄉","121.090","24.890","373"
"3548","364239","20220830172000","3649","0","新竹縣","湖口鄉","121.015","24.870","3581"
"380","364240","20220830172000","607","0","新竹縣","湖口鄉","121.015","24.875","363"
"2300","364242","20220830172000","1668","2","新竹縣","湖口鄉","121.025","24.875","2356"
"983","364243","20220830172000","911","1","新竹縣","湖口鄉","121.010","24.880","987"
"2794","364244","20220830172000","2389","1","新竹市","北區","120.965","24.805","2889"
"26","364290","20220830172000","21","2","新北市","新店區","121.510","24.890","17"
"25","364291","20220830172000","20","2","新北市","新店區","121.515","24.890","17"
"305","364296","20220830172000","434","0","桃園市","大溪區","121.265","24.885","277"
"1114","364314","20220830172000","436","3","桃園市","大溪區","121.280","24.870","1074"
"33","364340","20220830172000","44","0","桃園市","大溪區","121.285","24.820","44"
"11","364349","20220830172000","12","0","桃園市","大溪區","121.295","24.825","15"
"103","364352","20220830172000","127","0","桃園市","大溪區","121.310","24.825","103"
"21","364355","20220830172000","15","2","桃園市","大溪區","121.300","24.830","21"
"46","364359","20220830172000","62","0","桃園市","大溪區","121.305","24.830","56"
"25","364384","20220830172000","54","0","桃園市","大溪區","121.335","24.845","25"
"574","364405","20220830172000","617","0","桃園市","大溪區","121.300","24.890","523"
"832","364409","20220830172000","461","3","新竹縣","湖口鄉","121.045","24.890","753"
"418","364410","20220830172000","169","3","新竹縣","湖口鄉","121.050","24.890","348"
"113","364419","20220830172000","86","2","新竹縣","湖口鄉","121.040","24.860","123"
"798","364424","20220830172000","635","2","新竹縣","湖口鄉","121.035","24.865","817"
"580","364429","20220830172000","479","2","新竹縣","湖口鄉","121.020","24.870","586"
"826","364430","20220830172000","1791","0","新竹縣","湖口鄉","121.025","24.870","887"
"769","364431","20220830172000","748","1","新竹縣","湖口鄉","121.030","24.870","760"
"1283","364432","20220830172000","1326","0","新竹縣","湖口鄉","121.035","24.870","1303"
"3675","364436","20220830172000","2060","3","新竹縣","湖口鄉","121.030","24.875","3264"
"38","364448","20220830172000","24","3","新竹縣","新埔鎮","121.095","24.805","40"
"431","364453","20220830172000","368","1","新竹縣","新埔鎮","121.090","24.810","458"
"72","364455","20220830172000","26","3","新竹縣","新埔鎮","121.100","24.810","83"
"106","364470","20220830172000","84","2","新竹縣","新埔鎮","121.095","24.855","116"
"287","364480","20220830172000","360","0","新竹縣","新埔鎮","121.060","24.835","297"
"254","364482","20220830172000","163","3","新竹縣","新埔鎮","121.060","24.840","249"
"1598","364497","20220830172000","1895","0","新竹縣","新埔鎮","121.085","24.830","1596"
"146","364505","20220830172000","47","3","新竹縣","芎林鄉","121.085","24.790","133"
"78","364507","20220830172000","76","1","新竹縣","新埔鎮","121.085","24.795","77"
"155","364516","20220830172000","34","3","新竹縣","新埔鎮","121.080","24.810","125"
"146","364518","20220830172000","128","1","新竹縣","新埔鎮","121.080","24.815","159"
"415","364538","20220830172000","516","0","新竹縣","新埔鎮","121.120","24.840","503"
"473","364549","20220830172000","475","0","新竹縣","新埔鎮","121.060","24.820","490"
"545","364554","20220830172000","58","3","新竹縣","新埔鎮","121.055","24.825","415"
"51","364555","20220830172000","202","0","新竹縣","新埔鎮","121.060","24.825","53"
"27","364557","20220830172000","271","0","新竹縣","新埔鎮","121.035","24.830","28"
"768","364558","20220830172000","879","0","新竹縣","新埔鎮","121.040","24.830","803"
"2231","364561","20220830172000","2279","0","新竹縣","新埔鎮","121.030","24.835","2263"
"19","364571","20220830172000","40","0","新竹縣","新埔鎮","121.145","24.855","23"
"957","364579","20220830172000","1046","0","新竹縣","新埔鎮","121.080","24.830","961"
"202","364580","20220830172000","67","3","新竹縣","新埔鎮","121.075","24.830","161"
"386","364581","20220830172000","380","1","宜蘭縣","宜蘭市","121.760","24.770","431"
"437","364583","20220830172000","314","2","宜蘭縣","宜蘭市","121.770","24.770","452"
"133","364585","20220830172000","152","0","宜蘭縣","宜蘭市","121.765","24.770","135"
"198","364586","20220830172000","183","1","宜蘭縣","宜蘭市","121.760","24.775","207"
"327","364587","20220830172000","289","1","宜蘭縣","宜蘭市","121.760","24.780","301"
"91","364588","20220830172000","106","0","桃園市","平鎮區","121.185","24.890","81"
"272","364590","20220830172000","301","0","桃園市","大溪區","121.285","24.865","265"
"508","364594","20220830172000","518","0","桃園市","大溪區","121.285","24.875","510"
"1061","364597","20220830172000","932","1","桃園市","大溪區","121.285","24.880","1044"
"633","364599","20220830172000","920","0","桃園市","大溪區","121.295","24.880","617"
"1158","364601","20220830172000","1123","1","桃園市","大溪區","121.270","24.880","1198"
"10","364604","20220830172000","11","0","桃園市","楊梅區","121.175","24.885","10"
"201","364607","20220830172000","269","0","桃園市","楊梅區","121.180","24.890","175"
"284","364609","20220830172000","255","1","桃園市","龍潭區","121.235","24.875","317"
"570","364612","20220830172000","469","2","桃園市","龍潭區","121.220","24.870","591"
"708","364613","20220830172000","482","2","桃園市","龍潭區","121.225","24.870","682"
"469","364614","20220830172000","351","2","桃園市","龍潭區","121.205","24.885","474"
"600","364615","20220830172000","173","3","桃園市","龍潭區","121.205","24.890","517"
"1466","364616","20220830172000","1806","0","桃園市","龍潭區","121.210","24.885","1532"
"213","364618","20220830172000","194","1","新竹縣","竹北市","120.990","24.835","229"
"465","364620","20220830172000","402","1","新竹縣","竹北市","120.990","24.840","458"
"361","364623","20220830172000","360","1","新竹縣","竹北市","120.990","24.845","353"
"574","364629","20220830172000","1788","0","新竹縣","竹北市","121.045","24.795","601"
"1154","364631","20220830172000","772","2","新竹縣","竹北市","121.040","24.800","1149"
"774","364632","20220830172000","329","3","新竹縣","竹北市","121.045","24.800","798"
"440","364633","20220830172000","631","0","新竹縣","竹北市","121.050","24.800","500"
"3089","364634","20220830172000","2904","1","新竹縣","竹北市","121.040","24.805","3195"
"779","364635","20220830172000","581","2","新竹縣","竹北市","121.045","24.805","849"
"1990","364637","20220830172000","2201","0","新竹縣","竹北市","121.020","24.810","2071"
"1591","364639","20220830172000","1165","2","新竹縣","竹北市","121.020","24.815","1481"
"1719","364640","20220830172000","2812","0","新竹縣","竹北市","121.025","24.815","1770"
"1264","364641","20220830172000","412","3","新竹縣","竹北市","121.020","24.820","989"
"1658","364642","20220830172000","3054","0","新竹縣","竹北市","121.025","24.820","1671"
"756","364648","20220830172000","564","2","新竹市","北區","120.925","24.840","838"
"587","364657","20220830172000","712","0","桃園市","龍潭區","121.210","24.890","672"
"99","364662","20220830172000","45","3","桃園市","復興區","121.325","24.775","87"
"25","364692","20220830172000","18","2","桃園市","復興區","121.335","24.790","15"
"154","364720","20220830172000","105","2","桃園市","復興區","121.345","24.805","209"
"10","364724","20220830172000","29","0","桃園市","復興區","121.365","24.805","10"
"194","364731","20220830172000","197","0","桃園市","復興區","121.350","24.815","233"
"113","364735","20220830172000","127","0","桃園市","復興區","121.350","24.820","125"
"162","364741","20220830172000","93","3","桃園市","復興區","121.370","24.825","178"
"10","364751","20220830172000","14","0","桃園市","復興區","121.360","24.780","10"
"93","364767","20220830172000","154","0","桃園市","復興區","121.375","24.800","98"
"23","364824","20220830172000","31","0","桃園市","復興區","121.375","24.785","22"
"28","364825","20220830172000","21","2","桃園市","復興區","121.380","24.785","30"
"44","364828","20220830172000","27","3","桃園市","復興區","121.395","24.785","57"
"108","364934","20220830172000","99","1","桃園市","復興區","121.305","24.800","118"
"25","364969","20220830172000","37","0","桃園市","復興區","121.400","24.805","25"
"31","364990","20220830172000","13","3","桃園市","復興區","121.375","24.815","23"
"43","365017","20220830172000","36","1","桃園市","復興區","121.390","24.825","56"
"135","365042","20220830172000","74","3","桃園市","復興區","121.385","24.835","183"
"152","365054","20220830172000","270","0","桃園市","楊梅區","121.155","24.880","192"
"102","365058","20220830172000","104","0","桃園市","楊梅區","121.155","24.885","114"
"341","365063","20220830172000","303","1","桃園市","楊梅區","121.150","24.885","375"
"162","365065","20220830172000","194","0","桃園市","楊梅區","121.160","24.885","188"
"80","365067","20220830172000","145","0","桃園市","楊梅區","121.150","24.890","83"
"541","365068","20220830172000","652","0","桃園市","楊梅區","121.155","24.890","533"
"874","365070","20220830172000","492","3","桃園市","楊梅區","121.170","24.885","849"
"2107","365073","20220830172000","2701","0","新竹市","北區","120.955","24.795","2098"
"173","365074","20220830172000","244","0","新竹市","香山區","120.955","24.780","112"
"1685","365075","20220830172000","1556","1","新竹市","香山區","120.945","24.790","1630"
"571","365076","20220830172000","324","3","新竹市","香山區","120.950","24.790","496"
"720","365079","20220830172000","861","0","新竹市","香山區","120.925","24.790","754"
"1413","365080","20220830172000","1384","1","新竹市","香山區","120.925","24.795","1533"
"659","365083","20220830172000","675","0","新竹市","香山區","120.940","24.775","647"
"411","365086","20220830172000","736","0","新竹市","香山區","120.940","24.780","380"
"251","365089","20220830172000","335","0","新竹市","香山區","120.935","24.785","235"
"1940","365090","20220830172000","1832","1","新竹縣","竹北市","121.015","24.840","1952"
"4543","365091","20220830172000","4279","1","新竹縣","竹北市","121.010","24.840","4408"
"773","365092","20220830172000","646","1","桃園市","龍潭區","121.210","24.880","824"
"400","365093","20220830172000","411","0","桃園市","龍潭區","121.215","24.880","367"
"599","365094","20220830172000","465","2","桃園市","龍潭區","121.215","24.885","584"
"447","365099","20220830172000","595","0","桃園市","龍潭區","121.200","24.875","453"
"391","365102","20220830172000","488","0","桃園市","龍潭區","121.195","24.885","438"
"397","365105","20220830172000","314","2","桃園市","龍潭區","121.200","24.885","418"
"746","365121","20220830172000","576","2","桃園市","龍潭區","121.180","24.835","1058"
"444","365122","20220830172000","436","1","桃園市","龍潭區","121.185","24.835","578"
"1028","365124","20220830172000","1045","0","桃園市","龍潭區","121.195","24.835","1069"
"602","365133","20220830172000","937","0","桃園市","龍潭區","121.200","24.850","630"
"495","365138","20220830172000","510","0","桃園市","龍潭區","121.210","24.810","556"
"195","365145","20220830172000","206","0","桃園市","龍潭區","121.205","24.820","196"
"209","365150","20220830172000","288","0","桃園市","龍潭區","121.205","24.825","222"
"157","365153","20220830172000","150","1","桃園市","龍潭區","121.220","24.825","153"
"516","365158","20220830172000","718","0","桃園市","龍潭區","121.205","24.835","491"
"820","365161","20220830172000","887","0","桃園市","龍潭區","121.205","24.840","784"
"222","365169","20220830172000","285","0","桃園市","龍潭區","121.230","24.885","248"
"867","365173","20220830172000","838","1","新竹市","北區","120.965","24.815","804"
"781","365174","20220830172000","617","2","新竹市","北區","120.960","24.820","728"
"1063","365175","20220830172000","1036","1","新竹市","北區","120.960","24.800","1138"
"2023","365176","20220830172000","1823","1","新竹市","東區","120.980","24.795","1997"
"1095","365177","20220830172000","1467","0","新竹市","東區","120.985","24.795","1020"
"308","365178","20220830172000","297","1","新竹市","東區","120.985","24.790","237"
"1555","365183","20220830172000","930","3","新竹市","北區","120.975","24.820","1475"
"925","365184","20220830172000","754","2","新竹市","北區","120.975","24.825","896"
"620","365185","20220830172000","807","0","新竹市","北區","120.980","24.825","578"
"1431","365210","20220830172000","1458","0","新竹市","東區","121.000","24.800","1495"
"2931","365211","20220830172000","2216","2","新竹市","東區","121.000","24.795","2557"
"614","365212","20220830172000","435","2","新竹市","東區","121.025","24.780","617"
"682","365213","20220830172000","732","0","桃園市","龍潭區","121.245","24.880","666"
"537","365219","20220830172000","713","0","桃園市","平鎮區","121.240","24.890","564"
"986","365221","20220830172000","1116","0","新竹市","北區","120.930","24.835","1076"
"646","365222","20220830172000","733","0","新竹市","北區","120.935","24.835","666"
"2379","365223","20220830172000","1657","2","新竹市","北區","120.970","24.825","2350"
"3900","365224","20220830172000","3418","1","新竹市","東區","120.975","24.815","4030"
"3833","365225","20220830172000","2973","2","新竹市","東區","120.980","24.815","3518"
"1198","365226","20220830172000","996","2","新竹市","北區","120.965","24.825","1132"
"483","365227","20220830172000","284","3","新竹市","北區","120.965","24.830","465"
"252","365229","20220830172000","213","1","桃園市","楊梅區","121.140","24.885","237"
"178","365231","20220830172000","151","1","桃園市","楊梅區","121.135","24.885","192"
"616","365234","20220830172000","892","0","桃園市","楊梅區","121.135","24.890","442"
"245","365235","20220830172000","316","0","桃園市","楊梅區","121.140","24.890","259"
"512","365236","20220830172000","847","0","桃園市","楊梅區","121.145","24.890","574"
"708","365237","20220830172000","584","2","新竹市","北區","120.950","24.805","679"
"955","365238","20220830172000","718","2","新竹市","北區","120.940","24.840","978"
"723","365240","20220830172000","910","0","新竹市","北區","120.930","24.840","693"
"684","365241","20220830172000","481","2","新竹市","北區","120.935","24.840","690"
"316","365243","20220830172000","253","2","新竹市","北區","120.925","24.845","350"
"672","365244","20220830172000","593","1","新竹市","北區","120.930","24.845","661"
"1742","365253","20220830172000","1782","0","新竹市","東區","120.965","24.800","1941"
"5502","365254","20220830172000","3938","2","新竹市","東區","121.005","24.795","5163"
"2442","365255","20220830172000","1967","2","新竹市","東區","121.010","24.795","2631"
"862","365258","20220830172000","739","1","新竹市","東區","121.015","24.795","885"
"924","365259","20220830172000","550","3","新竹市","東區","120.970","24.790","895"
"705","365261","20220830172000","1028","0","新竹市","北區","120.955","24.815","692"
"4227","365262","20220830172000","4308","0","新竹市","北區","120.960","24.815","4128"
"41","365263","20220830172000","132","0","新竹市","北區","120.955","24.820","28"
"657","365264","20220830172000","657","1","新竹市","北區","120.955","24.825","677"
"4094","365265","20220830172000","4101","0","新竹市","東區","121.010","24.790","4045"
"453","365266","20220830172000","868","0","新竹市","東區","120.970","24.795","388"
"1107","365267","20220830172000","1512","0","新竹市","東區","120.980","24.790","876"
"3332","365268","20220830172000","3065","1","新竹市","東區","120.970","24.805","3363"
"624","365269","20220830172000","786","0","新竹市","北區","120.945","24.805","568"
"652","365270","20220830172000","678","0","新竹市","香山區","120.950","24.800","647"
"1470","365271","20220830172000","1285","1","新竹市","北區","120.955","24.800","1444"
"81","365292","20220830172000","115","0","桃園市","復興區","121.340","24.820","88"
"13","365296","20220830172000","34","0","桃園市","復興區","121.340","24.825","15"
"189","365304","20220830172000","183","1","桃園市","大溪區","121.330","24.835","181"
"95","365315","20220830172000","126","0","桃園市","復興區","121.350","24.835","97"
"1569","365322","20220830172000","1436","1","新竹市","東區","120.970","24.815","1545"
"3376","365323","20220830172000","3096","1","新竹市","北區","120.965","24.810","3353"
"3856","365324","20220830172000","4196","0","新竹市","東區","120.990","24.800","3812"
"861","365325","20220830172000","926","0","新竹市","東區","120.990","24.805","843"
"195","365326","20220830172000","208","0","新竹市","東區","120.995","24.805","188"
"1085","365327","20220830172000","3054","0","新竹市","東區","120.995","24.785","994"
"737","365328","20220830172000","1125","0","新竹市","東區","121.000","24.780","726"
"805","365330","20220830172000","905","0","新竹市","東區","120.990","24.785","872"
"1219","365331","20220830172000","2495","0","新竹市","東區","121.000","24.790","1184"
"858","365332","20220830172000","831","1","新竹市","東區","121.000","24.785","846"
"518","365334","20220830172000","1038","0","新竹市","東區","120.990","24.795","476"
"1505","365335","20220830172000","2048","0","新竹市","東區","120.990","24.790","1340"
"1572","365336","20220830172000","1600","0","新竹市","東區","120.995","24.795","1531"
"2065","365337","20220830172000","1326","3","新竹市","東區","120.995","24.790","1308"
"480","365338","20220830172000","541","0","新竹市","北區","120.960","24.790","497"
"1006","365339","20220830172000","794","2","新竹市","東區","120.980","24.800","1000"
"384","365340","20220830172000","319","2","新竹市","東區","120.990","24.810","397"
"1332","365341","20220830172000","1918","0","新竹市","東區","120.985","24.815","1320"
"991","365346","20220830172000","1497","0","新竹市","東區","120.995","24.820","930"
"225","365347","20220830172000","176","2","新竹市","東區","121.005","24.800","222"
"39","365352","20220830172000","599","0","新竹市","東區","121.015","24.805","27"
"280","365356","20220830172000","412","0","桃園市","楊梅區","121.130","24.885","271"
"102","365363","20220830172000","102","1","桃園市","楊梅區","121.125","24.890","89"
"222","365364","20220830172000","238","0","桃園市","楊梅區","121.130","24.890","194"
"86","367498","20220830172000","66","2","宜蘭縣","頭城鎮","121.880","24.910","143"
"36","369694","20220830172000","61","0","宜蘭縣","頭城鎮","121.895","24.940","43"
"25","369695","20220830172000","237","0","宜蘭縣","頭城鎮","121.900","24.940","42"
"357","373866","20220830172000","373","0","新北市","板橋區","121.435","24.985","356"
"2485","373867","20220830172000","3307","0","新北市","中和區","121.515","24.990","2379"
"46","373876","20220830172000","49","0","宜蘭縣","頭城鎮","121.850","24.895","52"
"263","373895","20220830172000","214","2","宜蘭縣","頭城鎮","121.890","24.940","252"
"88","373934","20220830172000","108","0","宜蘭縣","頭城鎮","121.900","24.945","87"
"21","373935","20220830172000","15","2","宜蘭縣","頭城鎮","121.900","24.950","22"
"29","373940","20220830172000","30","0","宜蘭縣","頭城鎮","121.915","24.950","87"
"168","373951","20220830172000","149","1","宜蘭縣","頭城鎮","121.920","24.960","250"
"172","373977","20220830172000","170","1","新北市","雙溪區","121.795","24.900","132"
"10","373986","20220830172000","12","0","宜蘭縣","頭城鎮","121.855","24.900","12"
"182","373991","20220830172000","201","0","宜蘭縣","頭城鎮","121.865","24.905","193"
"54","373993","20220830172000","96","0","宜蘭縣","頭城鎮","121.850","24.905","110"
"1638","374034","20220830172000","1906","0","新北市","中和區","121.525","24.990","1633"
"2499","374036","20220830172000","4052","0","新北市","土城區","121.465","24.985","2444"
"2605","374037","20220830172000","2399","1","新北市","土城區","121.470","24.990","2538"
"1080","374042","20220830172000","1030","1","新北市","土城區","121.470","24.975","1085"
"751","374045","20220830172000","1626","0","新北市","新店區","121.545","24.980","714"
"770","374046","20220830172000","535","2","新北市","中和區","121.480","24.965","761"
"34","374051","20220830172000","58","0","新北市","中和區","121.490","24.970","37"
"42","374054","20220830172000","37","1","新北市","中和區","121.495","24.975","38"
"194","374055","20220830172000","275","0","新北市","中和區","121.495","24.980","226"
"1044","374056","20220830172000","1139","0","新北市","中和區","121.505","24.985","1055"
"744","374067","20220830172000","614","2","新北市","三峽區","121.380","24.925","760"
"1695","374070","20220830172000","1301","2","新北市","三峽區","121.370","24.930","1685"
"360","374083","20220830172000","304","1","新北市","三峽區","121.405","24.905","390"
"51","374086","20220830172000","36","2","新北市","三峽區","121.380","24.910","50"
"61","374097","20220830172000","45","2","新北市","三峽區","121.350","24.895","70"
"42","374103","20220830172000","44","0","新北市","三峽區","121.350","24.900","63"
"173","374104","20220830172000","140","2","新北市","三峽區","121.355","24.900","187"
"124","374106","20220830172000","143","0","新北市","三峽區","121.365","24.900","112"
"222","374107","20220830172000","169","2","新北市","三峽區","121.360","24.905","233"
"331","374108","20220830172000","421","0","新北市","三峽區","121.365","24.905","235"
"610","374109","20220830172000","665","0","新北市","三峽區","121.365","24.910","621"
"204","374111","20220830172000","176","1","新北市","三峽區","121.365","24.920","208"
"41","374139","20220830172000","36","1","新北市","三峽區","121.465","24.915","47"
"52","374147","20220830172000","34","3","新北市","三峽區","121.455","24.920","61"
"70","374151","20220830172000","19","3","新北市","三峽區","121.475","24.920","57"
"114","374167","20220830172000","93","2","新北市","三峽區","121.445","24.925","126"
"177","374179","20220830172000","147","2","新北市","三峽區","121.455","24.930","171"
"48","374183","20220830172000","61","0","新北市","三峽區","121.445","24.935","54"
"2643","374196","20220830172000","3307","0","新北市","新店區","121.550","24.970","2574"
"867","374198","20220830172000","1288","0","新北市","新店區","121.550","24.975","818"
"451","374199","20220830172000","515","0","新北市","土城區","121.455","24.990","450"
"1254","374200","20220830172000","1038","2","新北市","土城區","121.440","24.980","1147"
"577","374201","20220830172000","282","3","新北市","土城區","121.445","24.980","503"
"3300","374203","20220830172000","2949","1","新北市","中和區","121.495","24.990","3194"
"1683","374204","20220830172000","1620","1","新北市","中和區","121.510","24.985","1590"
"7281","374205","20220830172000","7445","0","新北市","新店區","121.545","24.975","7292"
"2039","374206","20220830172000","1767","1","新北市","新店區","121.550","24.980","1922"
"1321","374207","20220830172000","1710","0","新北市","中和區","121.505","24.980","1217"
"38","374212","20220830172000","50","0","新北市","中和區","121.485","24.980","52"
"374","374215","20220830172000","253","2","新北市","中和區","121.485","24.990","361"
"111","374216","20220830172000","109","1","新北市","中和區","121.500","24.970","137"
"130","374217","20220830172000","108","2","新北市","中和區","121.500","24.975","124"
"595","374219","20220830172000","446","2","新北市","新店區","121.510","24.975","323"
"127","374220","20220830172000","70","3","新北市","中和區","121.500","24.980","103"
"2627","374221","20220830172000","2887","0","新北市","樹林區","121.375","24.945","2695"
"1100","374222","20220830172000","1176","0","新北市","三峽區","121.370","24.925","1085"
"838","374223","20220830172000","1393","0","新北市","三峽區","121.365","24.930","858"
"147","374240","20220830172000","101","2","新北市","三峽區","121.345","24.915","144"
"65","374252","20220830172000","176","0","新北市","三峽區","121.360","24.925","42"
"182","374255","20220830172000","164","1","新北市","三峽區","121.420","24.925","196"
"417","374266","20220830172000","209","3","新北市","中和區","121.500","24.985","449"
"329","374267","20220830172000","917","0","新北市","中和區","121.500","24.990","312"
"4506","374268","20220830172000","4070","1","新北市","中和區","121.510","24.990","4505"
"2181","374272","20220830172000","2172","1","新北市","三峽區","121.370","24.935","2197"
"425","374277","20220830172000","371","1","新北市","三峽區","121.370","24.900","442"
"203","374283","20220830172000","197","1","新北市","三峽區","121.395","24.935","184"
"515","374286","20220830172000","476","1","新北市","三峽區","121.400","24.940","508"
"177","374288","20220830172000","345","0","新北市","三峽區","121.405","24.945","190"
"347","374295","20220830172000","342","1","新北市","三峽區","121.390","24.930","405"
"459","374297","20220830172000","346","2","新北市","三峽區","121.400","24.930","306"
"268","374300","20220830172000","189","2","新北市","三峽區","121.415","24.925","268"
"442","374302","20220830172000","443","0","新北市","三峽區","121.410","24.930","468"
"26","374321","20220830172000","20","2","新北市","三峽區","121.420","24.900","44"
"117","374335","20220830172000","64","3","新北市","三峽區","121.435","24.905","139"
"73","374343","20220830172000","96","0","新北市","三峽區","121.420","24.910","66"
"146","374363","20220830172000","86","3","新北市","三峽區","121.425","24.920","157"
"13","374364","20220830172000","44","0","新北市","三峽區","121.430","24.920","10"
"181","374371","20220830172000","148","2","新北市","三峽區","121.425","24.925","162"
"231","374390","20220830172000","438","0","新北市","三峽區","121.360","24.935","238"
"2504","374391","20220830172000","2081","2","新北市","三峽區","121.365","24.935","2608"
"792","374393","20220830172000","1049","0","新北市","三峽區","121.375","24.935","845"
"405","374394","20220830172000","263","3","新北市","三峽區","121.380","24.935","423"
"1416","374396","20220830172000","1597","0","新北市","三峽區","121.380","24.940","1419"
"68","374399","20220830172000","31","3","新北市","三峽區","121.395","24.945","54"
"1287","374402","20220830172000","2012","0","新北市","三峽區","121.370","24.940","1260"
"1479","374403","20220830172000","1871","0","新北市","三峽區","121.375","24.940","1362"
"215","374405","20220830172000","199","1","新北市","三峽區","121.370","24.945","275"
"384","374408","20220830172000","256","3","新北市","三峽區","121.365","24.925","399"
"138","374410","20220830172000","38","3","新北市","三峽區","121.370","24.920","116"
"712","374412","20220830172000","631","1","新北市","三峽區","121.375","24.925","679"
"46","374414","20220830172000","30","3","新北市","三峽區","121.340","24.900","52"
"278","374418","20220830172000","335","0","新北市","三峽區","121.355","24.910","301"
"1349","374420","20220830172000","1336","1","新北市","三峽區","121.375","24.930","1310"
"430","374421","20220830172000","656","0","新北市","三峽區","121.385","24.930","463"
"1717","374422","20220830172000","2659","0","新北市","中和區","121.505","24.990","1672"
"551","374423","20220830172000","1694","0","新北市","土城區","121.455","24.985","595"
"1161","374424","20220830172000","1009","1","新北市","土城區","121.470","24.985","1185"
"250","374427","20220830172000","27","3","宜蘭縣","頭城鎮","121.870","24.910","182"
"56","374433","20220830172000","28","3","宜蘭縣","頭城鎮","121.880","24.920","32"
"70","374451","20220830172000","38","3","宜蘭縣","頭城鎮","121.885","24.935","45"
"2104","374458","20220830172000","2643","0","新北市","中和區","121.520","24.990","1983"
"2283","374459","20220830172000","2547","0","新北市","樹林區","121.415","24.980","2281"
"1523","374462","20220830172000","2020","0","新北市","樹林區","121.385","24.955","1454"
"49","374466","20220830172000","43","1","新北市","樹林區","121.380","24.970","57"
"85","374467","20220830172000","119","0","新北市","樹林區","121.385","24.970","83"
"194","374493","20220830172000","585","0","新北市","新店區","121.535","24.990","150"
"371","374494","20220830172000","154","3","新北市","新店區","121.530","24.955","346"
"237","374495","20220830172000","82","3","新北市","新店區","121.535","24.955","215"
"1029","374496","20220830172000","1053","0","新北市","新店區","121.535","24.960","1095"
"409","374498","20220830172000","356","1","新北市","新店區","121.520","24.970","343"
"1581","374500","20220830172000","2361","0","新北市","新店區","121.515","24.975","1647"
"1424","374512","20220830172000","1543","0","新北市","樹林區","121.420","24.990","1398"
"2593","374513","20220830172000","1964","2","新北市","中和區","121.510","24.980","2395"
"850","374514","20220830172000","698","2","新北市","土城區","121.460","24.975","862"
"332","374515","20220830172000","308","1","新北市","新店區","121.520","24.980","339"
"716","374516","20220830172000","958","0","新北市","新店區","121.520","24.985","697"
"157","374517","20220830172000","147","1","桃園市","大溪區","121.310","24.895","166"
"58","374520","20220830172000","71","0","桃園市","大溪區","121.330","24.895","75"
"15","374524","20220830172000","19","0","桃園市","大溪區","121.320","24.905","21"
"23","374544","20220830172000","45","0","桃園市","大溪區","121.305","24.925","19"
"672","374548","20220830172000","728","0","桃園市","中壢區","121.240","24.940","700"
"512","374549","20220830172000","147","3","桃園市","中壢區","121.245","24.940","440"
"140","374550","20220830172000","108","2","桃園市","中壢區","121.235","24.945","124"
"808","374551","20220830172000","671","2","桃園市","中壢區","121.240","24.945","766"
"995","374552","20220830172000","1015","0","桃園市","中壢區","121.240","24.980","868"
"416","374554","20220830172000","353","1","桃園市","中壢區","121.240","24.930","442"
"308","374555","20220830172000","341","0","桃園市","中壢區","121.245","24.930","240"
"588","374556","20220830172000","759","0","桃園市","中壢區","121.235","24.930","578"
"1892","374558","20220830172000","1513","2","桃園市","中壢區","121.250","24.930","1833"
"254","374560","20220830172000","216","1","桃園市","平鎮區","121.205","24.930","309"
"1146","374561","20220830172000","908","2","桃園市","平鎮區","121.200","24.935","1212"
"177","374562","20220830172000","170","1","桃園市","平鎮區","121.205","24.935","152"
"858","374563","20220830172000","815","1","桃園市","平鎮區","121.205","24.940","803"
"1776","374564","20220830172000","2270","0","桃園市","平鎮區","121.210","24.955","1791"
"2090","374565","20220830172000","1757","1","桃園市","平鎮區","121.205","24.955","1768"
"588","374566","20220830172000","752","0","桃園市","平鎮區","121.240","24.910","601"
"303","374575","20220830172000","83","3","桃園市","平鎮區","121.195","24.945","309"
"1906","374577","20220830172000","2285","0","桃園市","平鎮區","121.200","24.950","1692"
"1247","374578","20220830172000","1672","0","桃園市","平鎮區","121.200","24.955","1237"
"1276","374579","20220830172000","1125","1","桃園市","平鎮區","121.215","24.950","1314"
"953","374580","20220830172000","409","3","新北市","樹林區","121.365","24.950","884"
"442","374582","20220830172000","416","1","新北市","樹林區","121.375","24.950","466"
"473","374587","20220830172000","572","0","新竹縣","新豐鄉","120.980","24.910","602"
"224","374593","20220830172000","81","3","新竹縣","新豐鄉","120.985","24.915","184"
"467","374594","20220830172000","481","0","新竹縣","新豐鄉","120.970","24.920","473"
"1550","374598","20220830172000","1626","0","桃園市","中壢區","121.245","24.970","1498"
"1850","374599","20220830172000","1675","1","桃園市","中壢區","121.240","24.975","1940"
"1040","374600","20220830172000","1007","1","桃園市","中壢區","121.250","24.980","1120"
"1683","374601","20220830172000","1308","2","桃園市","中壢區","121.250","24.975","1633"
"1534","374602","20220830172000","1780","0","桃園市","中壢區","121.260","24.975","1493"
"736","374603","20220830172000","905","0","桃園市","中壢區","121.210","24.960","653"
"1072","374604","20220830172000","858","2","新北市","中和區","121.490","24.990","1008"
"375","374605","20220830172000","493","0","新北市","土城區","121.445","24.990","333"
"200","374606","20220830172000","136","2","新北市","新店區","121.545","24.960","227"
"2795","374607","20220830172000","2652","1","新北市","新店區","121.535","24.965","2744"
"2086","374608","20220830172000","1861","1","新北市","新店區","121.535","24.970","2178"
"1724","374609","20220830172000","1188","2","新北市","鶯歌區","121.350","24.955","1821"
"1503","374610","20220830172000","1159","2","新北市","鶯歌區","121.345","24.950","1432"
"263","374612","20220830172000","170","3","桃園市","龜山區","121.335","24.980","242"
"1839","374613","20220830172000","1525","2","新北市","鶯歌區","121.335","24.975","1841"
"920","374614","20220830172000","911","1","新北市","鶯歌區","121.340","24.940","932"
"104","374617","20220830172000","334","0","新北市","鶯歌區","121.335","24.945","109"
"485","374618","20220830172000","433","1","新北市","鶯歌區","121.340","24.945","503"
"357","374620","20220830172000","316","1","新北市","鶯歌區","121.330","24.950","316"
"2616","374622","20220830172000","2673","0","新北市","鶯歌區","121.345","24.955","2498"
"74","374623","20220830172000","72","1","新北市","鶯歌區","121.365","24.955","101"
"398","374626","20220830172000","194","3","新北市","鶯歌區","121.370","24.960","376"
"189","374630","20220830172000","100","3","新北市","鶯歌區","121.375","24.965","231"
"180","374631","20220830172000","147","2","新北市","樹林區","121.380","24.965","185"
"109","374641","20220830172000","111","0","新北市","鶯歌區","121.355","24.975","99"
"1732","374648","20220830172000","1462","1","桃園市","中壢區","121.250","24.935","1816"
"201","374649","20220830172000","39","3","新竹縣","新豐鄉","120.980","24.895","223"
"2133","374654","20220830172000","2351","0","桃園市","中壢區","121.225","24.965","2155"
"218","374656","20220830172000","241","0","桃園市","大溪區","121.250","24.895","206"
"438","374659","20220830172000","284","3","桃園市","大溪區","121.265","24.895","485"
"344","374662","20220830172000","549","0","桃園市","大溪區","121.265","24.900","319"
"1132","374664","20220830172000","1548","0","桃園市","大溪區","121.260","24.905","1197"
"8126","374674","20220830172000","8437","0","新北市","新店區","121.535","24.985","8128"
"824","374675","20220830172000","862","0","新北市","新店區","121.540","24.985","793"
"180","374676","20220830172000","818","0","新北市","新店區","121.505","24.945","145"
"986","374679","20220830172000","565","3","新北市","新店區","121.500","24.955","949"
"562","374680","20220830172000","721","0","新北市","新店區","121.505","24.955","537"
"151","374683","20220830172000","104","2","新北市","新店區","121.500","24.960","132"
"1966","374685","20220830172000","2673","0","新北市","新店區","121.510","24.960","1904"
"193","374692","20220830172000","473","0","新北市","中和區","121.490","24.980","189"
"787","374694","20220830172000","550","2","新北市","中和區","121.490","24.985","721"
"201","374695","20220830172000","184","1","新北市","中和區","121.495","24.985","220"
"25","374714","20220830172000","26","0","新北市","坪林區","121.735","24.950","24"
"119","374733","20220830172000","142","0","新北市","坪林區","121.700","24.960","163"
"122","374748","20220830172000","116","1","新北市","坪林區","121.725","24.960","134"
"32","374749","20220830172000","25","2","新北市","坪林區","121.705","24.965","30"
"131","374755","20220830172000","185","0","新北市","坪林區","121.705","24.935","132"
"115","374759","20220830172000","396","0","新北市","坪林區","121.710","24.940","123"
"558","374760","20220830172000","370","3","新北市","坪林區","121.720","24.940","696"
"127","374766","20220830172000","214","0","新北市","坪林區","121.700","24.950","157"
"17","374772","20220830172000","19","0","新北市","坪林區","121.710","24.890","28"
"53","374784","20220830172000","39","2","新北市","坪林區","121.700","24.905","56"
"36","374792","20220830172000","27","2","新北市","坪林區","121.700","24.915","59"
"42","374801","20220830172000","32","2","新北市","坪林區","121.700","24.920","61"
"136","374804","20220830172000","158","0","新北市","坪林區","121.695","24.925","160"
"297","374823","20220830172000","252","1","新北市","坪林區","121.715","24.925","292"
"27","374907","20220830172000","24","1","新北市","坪林區","121.785","24.955","30"
"37","374921","20220830172000","39","0","新北市","坪林區","121.730","24.965","30"
"28","374929","20220830172000","19","2","新北市","坪林區","121.770","24.965","19"
"14","374932","20220830172000","12","1","新北市","坪林區","121.785","24.965","15"
"12","374968","20220830172000","14","0","新北市","坪林區","121.740","24.890","37"
"21","374980","20220830172000","14","3","新北市","坪林區","121.730","24.895","28"
"11","375116","20220830172000","40","0","新北市","坪林區","121.680","24.915","12"
"94","375126","20220830172000","82","1","新北市","坪林區","121.680","24.930","93"
"112","375135","20220830172000","67","3","新北市","石碇區","121.665","24.940","107"
"1504","375152","20220830172000","1350","1","新北市","新店區","121.535","24.980","1439"
"279","375153","20220830172000","354","0","新北市","新店區","121.495","24.945","307"
"440","375154","20220830172000","401","1","新北市","新店區","121.495","24.950","471"
"2048","375155","20220830172000","3456","0","新北市","新店區","121.545","24.970","2100"
"388","375159","20220830172000","310","2","新北市","新店區","121.535","24.940","376"
"342","375160","20220830172000","197","3","新北市","新店區","121.540","24.940","381"
"1814","375167","20220830172000","1667","1","桃園市","八德區","121.295","24.960","1792"
"492","375168","20220830172000","336","2","桃園市","中壢區","121.205","24.965","543"
"86","375176","20220830172000","94","0","桃園市","中壢區","121.210","24.975","52"
"2054","375180","20220830172000","2949","0","桃園市","中壢區","121.255","24.975","1914"
"1149","375181","20220830172000","1036","1","桃園市","平鎮區","121.220","24.950","1130"
"1320","375182","20220830172000","1368","0","桃園市","中壢區","121.225","24.945","1299"
"3146","375183","20220830172000","2343","2","桃園市","中壢區","121.230","24.955","3203"
"492","375185","20220830172000","811","0","桃園市","中壢區","121.220","24.985","524"
"2366","375190","20220830172000","2290","1","桃園市","八德區","121.300","24.960","2298"
"1126","375191","20220830172000","915","2","新竹縣","湖口鄉","121.050","24.905","1102"
"459","375194","20220830172000","418","1","新竹縣","湖口鄉","121.055","24.910","499"
"313","375195","20220830172000","239","2","新竹縣","湖口鄉","121.050","24.915","344"
"983","375199","20220830172000","1869","0","桃園市","楊梅區","121.060","24.920","957"
"264","375200","20220830172000","228","1","新竹縣","湖口鄉","121.055","24.925","253"
"1521","375202","20220830172000","1627","0","桃園市","八德區","121.295","24.965","1579"
"2735","375203","20220830172000","2169","2","桃園市","中壢區","121.225","24.955","2746"
"1568","375204","20220830172000","1472","1","桃園市","中壢區","121.225","24.960","1648"
"1070","375206","20220830172000","1267","0","桃園市","中壢區","121.260","24.965","1033"
"956","375207","20220830172000","1094","0","桃園市","八德區","121.300","24.970","978"
"2207","375208","20220830172000","1748","2","桃園市","桃園區","121.305","24.975","2367"
"1205","375209","20220830172000","1601","0","桃園市","八德區","121.300","24.975","987"
"122","375211","20220830172000","40","3","桃園市","八德區","121.315","24.940","96"
"372","375215","20220830172000","288","2","桃園市","八德區","121.300","24.925","367"
"1216","375216","20220830172000","617","3","新北市","土城區","121.450","24.990","981"
"1253","375217","20220830172000","1811","0","新北市","土城區","121.440","24.975","1302"
"1372","375218","20220830172000","1331","1","新北市","土城區","121.465","24.975","1324"
"1471","375220","20220830172000","1401","1","新北市","新店區","121.540","24.970","1465"
"196","375229","20220830172000","221","0","新北市","新店區","121.475","24.940","191"
"73","375230","20220830172000","388","0","新北市","新店區","121.480","24.940","74"
"175","375239","20220830172000","209","0","新北市","新店區","121.485","24.950","157"
"871","375244","20220830172000","1077","0","新北市","新店區","121.510","24.970","791"
"876","375246","20220830172000","908","0","新北市","新店區","121.515","24.970","906"
"1252","375247","20220830172000","1799","0","桃園市","中壢區","121.210","24.965","1120"
"2195","375250","20220830172000","3000","0","桃園市","中壢區","121.235","24.970","2229"
"847","375252","20220830172000","730","1","桃園市","中壢區","121.235","24.975","831"
"566","375253","20220830172000","1496","0","桃園市","中壢區","121.235","24.980","577"
"230","375255","20220830172000","524","0","桃園市","中壢區","121.235","24.985","209"
"1196","375256","20220830172000","1312","0","桃園市","中壢區","121.230","24.990","1144"
"1675","375258","20220830172000","1308","2","桃園市","八德區","121.295","24.945","1646"
"411","375259","20220830172000","462","0","桃園市","八德區","121.295","24.950","390"
"1151","375260","20220830172000","896","2","桃園市","八德區","121.275","24.965","1103"
"669","375261","20220830172000","676","0","桃園市","八德區","121.280","24.970","687"
"1176","375264","20220830172000","2204","0","桃園市","中壢區","121.195","24.960","1243"
"177","375265","20220830172000","170","1","桃園市","中壢區","121.200","24.960","132"
"2036","375266","20220830172000","3740","0","桃園市","平鎮區","121.190","24.965","2044"
"542","375269","20220830172000","739","0","桃園市","平鎮區","121.190","24.970","541"
"2834","375271","20220830172000","1475","3","桃園市","中壢區","121.205","24.960","2696"
"1477","375272","20220830172000","1225","2","桃園市","中壢區","121.260","24.950","1539"
"2298","375273","20220830172000","1281","3","桃園市","中壢區","121.260","24.955","2164"
"541","375274","20220830172000","401","2","桃園市","八德區","121.290","24.960","581"
"512","375275","20220830172000","1204","0","桃園市","八德區","121.265","24.970","568"
"384","375276","20220830172000","1069","0","桃園市","八德區","121.275","24.970","340"
"571","375278","20220830172000","699","0","桃園市","八德區","121.270","24.970","429"
"1137","375279","20220830172000","1145","0","桃園市","八德區","121.275","24.975","1167"
"1096","375281","20220830172000","1138","0","桃園市","八德區","121.295","24.925","1233"
"213","375296","20220830172000","219","0","新竹縣","新豐鄉","121.005","24.925","250"
"250","375299","20220830172000","232","1","新竹縣","新豐鄉","121.020","24.925","248"
"175","375303","20220830172000","150","1","新竹縣","新豐鄉","120.965","24.895","188"
"304","375308","20220830172000","339","0","新竹縣","新豐鄉","120.970","24.900","313"
"1841","375316","20220830172000","2446","0","新北市","土城區","121.420","24.960","1925"
"314","375317","20220830172000","463","0","新北市","土城區","121.410","24.955","334"
"1012","375318","20220830172000","679","2","新北市","土城區","121.415","24.955","948"
"158","375319","20220830172000","141","1","新北市","新店區","121.515","24.980","174"
"128","375320","20220830172000","48","3","新北市","新店區","121.515","24.945","135"
"273","375321","20220830172000","342","0","新北市","新店區","121.520","24.945","303"
"54","375323","20220830172000","93","0","新北市","新店區","121.520","24.950","47"
"69","375324","20220830172000","15","3","新北市","新店區","121.525","24.950","65"
"314","375325","20220830172000","313","1","新北市","新店區","121.515","24.955","267"
"1352","375326","20220830172000","614","3","新北市","新店區","121.520","24.955","1206"
"328","375330","20220830172000","262","2","新北市","新店區","121.530","24.960","317"
"771","375332","20220830172000","663","1","新北市","新店區","121.525","24.965","753"
"24","375333","20220830172000","582","0","新北市","新店區","121.520","24.965","24"
"1655","375335","20220830172000","1971","0","新北市","新店區","121.540","24.975","1544"
"65","375346","20220830172000","1424","0","新北市","新店區","121.505","24.920","596"
"446","375357","20220830172000","347","2","新北市","新店區","121.510","24.925","392"
"12","375359","20220830172000","11","1","新北市","新店區","121.520","24.925","12"
"37","375361","20220830172000","29","2","新北市","新店區","121.530","24.925","44"
"5029","375369","20220830172000","5119","0","新北市","新店區","121.540","24.980","4811"
"862","375370","20220830172000","799","1","新北市","新店區","121.530","24.950","814"
"1027","375371","20220830172000","808","2","新北市","新店區","121.550","24.955","1005"
"105","375372","20220830172000","217","0","新北市","新店區","121.555","24.955","87"
"343","375374","20220830172000","399","0","新北市","新店區","121.555","24.965","354"
"102","375384","20220830172000","57","3","新北市","新店區","121.500","24.920","52"
"18","375387","20220830172000","13","2","新北市","新店區","121.505","24.925","18"
"156","375390","20220830172000","78","3","新北市","新店區","121.505","24.930","142"
"14","375394","20220830172000","21","0","新北市","新店區","121.510","24.935","21"
"238","375399","20220830172000","369","0","新北市","新店區","121.505","24.940","362"
"1175","375400","20220830172000","1056","1","桃園市","八德區","121.320","24.960","1163"
"1403","375401","20220830172000","1251","1","桃園市","八德區","121.325","24.970","1351"
"576","375402","20220830172000","560","1","桃園市","八德區","121.300","24.930","674"
"346","375403","20220830172000","828","0","桃園市","八德區","121.305","24.930","339"
"129","375404","20220830172000","105","2","桃園市","八德區","121.300","24.935","117"
"632","375405","20220830172000","790","0","桃園市","八德區","121.305","24.935","509"
"125","375407","20220830172000","200","0","桃園市","八德區","121.300","24.940","116"
"540","375408","20220830172000","505","1","桃園市","八德區","121.305","24.940","579"
"649","375410","20220830172000","666","0","桃園市","八德區","121.255","24.920","663"
"20","375411","20220830172000","74","0","桃園市","八德區","121.260","24.920","23"
"355","375417","20220830172000","435","0","桃園市","八德區","121.260","24.925","368"
"1392","375419","20220830172000","972","2","桃園市","八德區","121.270","24.975","1253"
"2122","375420","20220830172000","4127","0","桃園市","中壢區","121.240","24.955","2306"
"988","375421","20220830172000","2550","0","桃園市","中壢區","121.240","24.960","930"
"1195","375422","20220830172000","1054","1","桃園市","中壢區","121.245","24.960","1110"
"117","375423","20220830172000","55","3","桃園市","中壢區","121.245","24.965","127"
"1850","375427","20220830172000","1220","3","桃園市","中壢區","121.255","24.960","1769"
"122","375435","20220830172000","126","0","新竹縣","新豐鄉","121.005","24.930","129"
"23","375443","20220830172000","11","3","新竹縣","新豐鄉","121.015","24.935","12"
"136","375452","20220830172000","136","1","新竹縣","新豐鄉","121.000","24.905","160"
"290","375460","20220830172000","268","1","新竹縣","新豐鄉","121.010","24.910","314"
"226","375465","20220830172000","375","0","新竹縣","新豐鄉","121.025","24.915","266"
"296","375468","20220830172000","215","2","新竹縣","新豐鄉","121.035","24.930","271"
"1099","375480","20220830172000","1205","0","新竹縣","新豐鄉","120.985","24.900","1080"
"1371","375481","20220830172000","710","3","新竹縣","新豐鄉","120.990","24.900","1143"
"312","375484","20220830172000","1360","0","桃園市","中壢區","121.235","24.950","295"
"2551","375485","20220830172000","2460","1","新北市","土城區","121.445","24.970","2469"
"840","375486","20220830172000","594","2","新北市","土城區","121.445","24.975","878"
"2138","375487","20220830172000","2144","0","新北市","新店區","121.530","24.970","2296"
"1348","375488","20220830172000","1198","1","新北市","新店區","121.525","24.975","1274"
"793","375489","20220830172000","551","2","新北市","新店區","121.530","24.975","830"
"192","375490","20220830172000","75","3","新北市","新店區","121.525","24.980","193"
"1682","375492","20220830172000","1472","1","新北市","土城區","121.435","24.970","1820"
"1925","375493","20220830172000","2719","0","新北市","新店區","121.545","24.965","1839"
"3605","375495","20220830172000","4795","0","新北市","新店區","121.535","24.975","3339"
"268","375515","20220830172000","291","0","新北市","新店區","121.555","24.930","327"
"115","375517","20220830172000","43","3","新北市","新店區","121.565","24.930","65"
"697","375521","20220830172000","431","3","新北市","新店區","121.550","24.935","652"
"590","375529","20220830172000","941","0","新北市","新店區","121.530","24.965","599"
"494","375530","20220830172000","1018","0","新北市","新店區","121.475","24.955","505"
"587","375534","20220830172000","655","0","新北市","中和區","121.485","24.965","542"
"838","375536","20220830172000","622","2","桃園市","中壢區","121.245","24.935","909"
"1225","375537","20220830172000","1139","1","桃園市","中壢區","121.260","24.970","1155"
"627","375539","20220830172000","941","0","桃園市","中壢區","121.255","24.935","628"
"724","375540","20220830172000","519","2","桃園市","中壢區","121.260","24.935","595"
"853","375541","20220830172000","1225","0","桃園市","中壢區","121.250","24.940","851"
"354","375542","20220830172000","312","1","桃園市","中壢區","121.260","24.940","348"
"1326","375543","20220830172000","1172","1","桃園市","中壢區","121.240","24.950","1303"
"401","375544","20220830172000","347","1","桃園市","中壢區","121.245","24.950","361"
"871","375548","20220830172000","646","2","桃園市","觀音區","121.150","24.965","952"
"274","375551","20220830172000","317","0","桃園市","觀音區","121.140","24.975","305"
"136","375559","20220830172000","84","3","桃園市","觀音區","121.135","24.985","135"
"970","375569","20220830172000","871","1","桃園市","觀音區","121.165","24.990","935"
"407","375572","20220830172000","331","2","桃園市","八德區","121.320","24.945","457"
"685","375574","20220830172000","548","2","桃園市","八德區","121.315","24.950","670"
"673","375577","20220830172000","1313","0","桃園市","八德區","121.315","24.955","683"
"828","375578","20220830172000","926","0","桃園市","八德區","121.295","24.970","838"
"798","375581","20220830172000","444","3","桃園市","蘆竹區","121.270","24.990","618"
"171","375593","20220830172000","231","0","新北市","石碇區","121.675","24.970","166"
"42","375644","20220830172000","31","2","新北市","石碇區","121.635","24.950","41"
"42","375652","20220830172000","52","0","新北市","石碇區","121.635","24.955","50"
"40","375653","20220830172000","34","1","新北市","石碇區","121.640","24.955","42"
"96","375655","20220830172000","107","0","新北市","石碇區","121.650","24.955","120"
"97","375667","20220830172000","109","0","新北市","石碇區","121.630","24.965","101"
"12","375811","20220830172000","19","0","新北市","石碇區","121.645","24.930","16"
"12","375836","20220830172000","16","0","新北市","石碇區","121.660","24.950","14"
"46","375839","20220830172000","65","0","新北市","石碇區","121.670","24.980","54"
"355","375840","20220830172000","28","3","新北市","石碇區","121.675","24.980","327"
"60","375891","20220830172000","50","2","新北市","石碇區","121.660","24.975","56"
"93","375897","20220830172000","94","0","新北市","石碇區","121.665","24.980","110"
"30","375941","20220830172000","41","0","新北市","貢寮區","121.885","24.985","51"
"28","375959","20220830172000","96","0","新北市","土城區","121.445","24.960","23"
"962","375963","20220830172000","992","0","新北市","土城區","121.435","24.975","910"
"957","375967","20220830172000","801","1","新北市","土城區","121.440","24.970","981"
"473","375969","20220830172000","497","0","新北市","土城區","121.455","24.970","467"
"179","375970","20220830172000","166","1","新北市","新店區","121.550","24.960","181"
"343","375971","20220830172000","359","0","新北市","新店區","121.550","24.965","327"
"65","375972","20220830172000","45","2","新北市","新店區","121.580","24.910","62"
"165","375990","20220830172000","115","2","新北市","新店區","121.570","24.930","148"
"63","375994","20220830172000","39","3","新北市","新店區","121.590","24.930","64"
"42","376005","20220830172000","21","3","新北市","新店區","121.570","24.940","32"
"98","376023","20220830172000","95","1","新北市","新店區","121.580","24.950","80"
"111","376024","20220830172000","47","3","新北市","新店區","121.585","24.950","92"
"16","376031","20220830172000","10","3","新北市","新店區","121.595","24.955","15"
"16","376033","20220830172000","22","0","新北市","新店區","121.605","24.955","23"
"245","376045","20220830172000","212","1","新北市","新店區","121.500","24.935","240"
"60","376049","20220830172000","43","2","新北市","新店區","121.500","24.940","54"
"1710","376051","20220830172000","1682","1","新北市","新店區","121.490","24.945","1729"
"327","376052","20220830172000","383","0","新北市","新店區","121.490","24.950","314"
"461","376060","20220830172000","451","1","新北市","新店區","121.545","24.955","451"
"756","376063","20220830172000","696","1","新北市","新店區","121.560","24.955","653"
"852","376064","20220830172000","704","2","新北市","新店區","121.565","24.955","859"
"52","376065","20220830172000","70","0","新北市","新店區","121.570","24.955","57"
"26","376068","20220830172000","63","0","新北市","新店區","121.560","24.960","26"
"14","376072","20220830172000","45","0","新北市","新店區","121.580","24.960","18"
"38","376099","20220830172000","269","0","新北市","新店區","121.555","24.905","27"
"364","376101","20220830172000","382","0","新北市","新店區","121.545","24.910","393"
"649","376106","20220830172000","498","2","桃園市","觀音區","121.155","24.975","721"
"328","376109","20220830172000","223","2","桃園市","觀音區","121.150","24.980","326"
"533","376115","20220830172000","299","3","桃園市","觀音區","121.135","24.990","508"
"1816","376118","20220830172000","2429","0","新北市","新店區","121.515","24.985","1829"
"355","376123","20220830172000","590","0","新北市","土城區","121.445","24.950","399"
"306","376130","20220830172000","158","3","新北市","土城區","121.440","24.965","329"
"717","376131","20220830172000","798","0","新北市","土城區","121.430","24.970","672"
"1696","376132","20220830172000","1574","1","新北市","土城區","121.435","24.965","1667"
"546","376133","20220830172000","479","1","新北市","板橋區","121.430","24.975","569"
"1542","376134","20220830172000","2391","0","臺北市","文山區","121.545","24.985","1564"
"275","376135","20220830172000","650","0","新北市","新店區","121.510","24.950","284"
"990","376136","20220830172000","830","1","新北市","新店區","121.515","24.960","952"
"250","376137","20220830172000","1522","0","新北市","新店區","121.515","24.965","206"
"1863","376141","20220830172000","2566","0","桃園市","八德區","121.320","24.965","1989"
"408","376145","20220830172000","373","1","新竹縣","湖口鄉","121.060","24.895","443"
"410","376148","20220830172000","1173","0","新北市","土城區","121.455","24.980","362"
"320","376149","20220830172000","1029","0","新北市","土城區","121.450","24.980","331"
"311","376150","20220830172000","827","0","新北市","新店區","121.540","24.955","239"
"228","376151","20220830172000","805","0","桃園市","中壢區","121.255","24.940","220"
"796","376153","20220830172000","848","0","桃園市","中壢區","121.250","24.965","815"
"1361","376154","20220830172000","2129","0","桃園市","中壢區","121.255","24.965","1424"
"3872","376155","20220830172000","6482","0","桃園市","中壢區","121.250","24.970","3911"
"225","376156","20220830172000","181","2","桃園市","八德區","121.320","24.955","190"
"437","376157","20220830172000","720","0","桃園市","八德區","121.325","24.955","440"
"589","376160","20220830172000","464","2","桃園市","八德區","121.325","24.965","622"
"3016","376161","20220830172000","2762","1","桃園市","桃園區","121.280","24.990","2998"
"130","376176","20220830172000","134","0","新北市","樹林區","121.405","24.990","118"
"30","376177","20220830172000","61","0","新北市","樹林區","121.410","24.990","28"
"812","376178","20220830172000","450","3","桃園市","平鎮區","121.205","24.895","751"
"529","376179","20220830172000","601","0","桃園市","平鎮區","121.195","24.895","478"
"1634","376180","20220830172000","1839","0","桃園市","平鎮區","121.200","24.895","1610"
"1181","376181","20220830172000","1095","1","桃園市","平鎮區","121.195","24.900","1177"
"286","376183","20220830172000","168","3","桃園市","平鎮區","121.205","24.900","282"
"871","376184","20220830172000","807","1","桃園市","平鎮區","121.195","24.905","885"
"651","376185","20220830172000","681","0","桃園市","平鎮區","121.200","24.905","704"
"152","376189","20220830172000","132","1","桃園市","平鎮區","121.215","24.900","150"
"307","376192","20220830172000","350","0","桃園市","平鎮區","121.215","24.905","354"
"1879","376194","20220830172000","1991","0","桃園市","桃園區","121.315","24.985","1763"
"936","376195","20220830172000","835","1","桃園市","中壢區","121.245","24.945","902"
"482","376196","20220830172000","359","2","桃園市","中壢區","121.250","24.945","497"
"367","376199","20220830172000","205","3","新北市","石碇區","121.660","24.990","322"
"170","376200","20220830172000","47","3","新北市","石碇區","121.685","24.960","108"
"40","376205","20220830172000","60","0","新北市","石碇區","121.680","24.970","55"
"193","376222","20220830172000","305","0","新北市","石碇區","121.690","24.980","163"
"195","376245","20220830172000","462","0","新北市","鶯歌區","121.340","24.960","219"
"294","376246","20220830172000","346","0","新北市","鶯歌區","121.340","24.965","306"
"142","376248","20220830172000","90","3","新北市","鶯歌區","121.340","24.970","148"
"497","376251","20220830172000","571","0","新北市","鶯歌區","121.345","24.975","505"
"342","376258","20220830172000","215","3","新北市","鶯歌區","121.320","24.935","539"
"796","376259","20220830172000","667","1","新北市","鶯歌區","121.325","24.935","806"
"461","376260","20220830172000","557","0","新北市","鶯歌區","121.330","24.935","546"
"684","376263","20220830172000","591","1","新北市","鶯歌區","121.330","24.940","766"
"333","376265","20220830172000","310","1","新北市","鶯歌區","121.335","24.930","348"
"685","376268","20220830172000","516","2","新北市","鶯歌區","121.345","24.935","806"
"2055","376269","20220830172000","2006","1","新北市","鶯歌區","121.355","24.955","2176"
"635","376270","20220830172000","808","0","新北市","鶯歌區","121.360","24.955","632"
"502","376273","20220830172000","489","1","新北市","鶯歌區","121.355","24.940","570"
"386","376274","20220830172000","429","0","新北市","鶯歌區","121.350","24.945","358"
"451","376277","20220830172000","421","1","新北市","鶯歌區","121.350","24.950","439"
"1260","376280","20220830172000","1142","1","新北市","樹林區","121.395","24.970","1218"
"621","376281","20220830172000","821","0","桃園市","楊梅區","121.185","24.915","488"
"855","376282","20220830172000","739","1","桃園市","楊梅區","121.180","24.920","743"
"466","376283","20220830172000","391","1","桃園市","楊梅區","121.185","24.920","418"
"529","376284","20220830172000","417","2","桃園市","中壢區","121.215","24.960","567"
"1145","376285","20220830172000","2956","0","桃園市","中壢區","121.215","24.965","1037"
"431","376287","20220830172000","59","3","桃園市","中壢區","121.175","24.975","444"
"259","376293","20220830172000","311","0","桃園市","中壢區","121.190","24.980","254"
"29","376295","20220830172000","30","0","桃園市","中壢區","121.175","24.980","25"
"1218","376297","20220830172000","967","2","桃園市","中壢區","121.185","24.980","1269"
"219","376300","20220830172000","270","0","桃園市","中壢區","121.175","24.985","227"
"171","376301","20220830172000","109","3","桃園市","中壢區","121.180","24.985","154"
"1667","376307","20220830172000","941","3","桃園市","八德區","121.260","24.930","1518"
"1158","376308","20220830172000","1064","1","桃園市","平鎮區","121.220","24.945","1105"
"1740","376309","20220830172000","2354","0","桃園市","楊梅區","121.150","24.905","1692"
"378","376311","20220830172000","460","0","桃園市","平鎮區","121.220","24.920","384"
"447","376312","20220830172000","461","0","桃園市","平鎮區","121.220","24.925","496"
"932","376313","20220830172000","638","2","桃園市","平鎮區","121.205","24.915","933"
"1316","376315","20220830172000","1283","1","新北市","樹林區","121.390","24.960","1357"
"110","376320","20220830172000","79","2","新北市","樹林區","121.395","24.965","110"
"22","376321","20220830172000","183","0","新北市","樹林區","121.400","24.965","19"
"431","376325","20220830172000","325","2","新北市","樹林區","121.405","24.970","438"
"3050","376326","20220830172000","2953","1","新北市","樹林區","121.380","24.945","3099"
"662","376327","20220830172000","551","2","新北市","樹林區","121.385","24.945","667"
"2883","376330","20220830172000","1629","3","新北市","樹林區","121.380","24.950","2586"
"437","376331","20220830172000","500","0","新北市","樹林區","121.385","24.950","445"
"2569","376333","20220830172000","2658","0","新北市","樹林區","121.395","24.950","2370"
"365","376335","20220830172000","400","0","新北市","板橋區","121.435","24.990","334"
"3656","376337","20220830172000","3146","1","新北市","土城區","121.450","24.985","3643"
"1890","376338","20220830172000","1268","2","桃園市","中壢區","121.245","24.985","1851"
"1381","376341","20220830172000","1999","0","桃園市","中壢區","121.240","24.990","2195"
"488","376344","20220830172000","778","0","桃園市","中壢區","121.255","24.990","538"
"1067","376345","20220830172000","920","1","桃園市","中壢區","121.255","24.980","1068"
"367","376347","20220830172000","467","0","桃園市","中壢區","121.260","24.945","374"
"340","376348","20220830172000","517","0","桃園市","中壢區","121.255","24.950","323"
"948","376349","20220830172000","850","1","桃園市","中壢區","121.165","24.960","930"
"419","376350","20220830172000","500","0","桃園市","中壢區","121.170","24.960","428"
"792","376351","20220830172000","922","0","桃園市","新屋區","121.155","24.960","818"
"339","376352","20220830172000","208","3","桃園市","中壢區","121.155","24.965","302"
"166","376353","20220830172000","733","0","桃園市","中壢區","121.160","24.965","194"
"530","376358","20220830172000","316","3","桃園市","中壢區","121.160","24.970","463"
"1679","376361","20220830172000","1298","2","桃園市","中壢區","121.175","24.970","1863"
"1036","376370","20220830172000","862","2","新北市","樹林區","121.420","24.980","1082"
"775","376373","20220830172000","867","0","新北市","樹林區","121.420","24.975","854"
"2797","376375","20220830172000","2415","1","新北市","板橋區","121.425","24.985","2676"
"1735","376380","20220830172000","2159","0","新北市","板橋區","121.430","24.985","1735"
"846","376381","20220830172000","733","1","桃園市","平鎮區","121.250","24.925","857"
"31","376385","20220830172000","66","0","桃園市","龜山區","121.350","24.985","34"
"453","376391","20220830172000","480","0","桃園市","龜山區","121.360","24.990","422"
"34","376392","20220830172000","15","3","桃園市","龜山區","121.365","24.990","21"
"97","376393","20220830172000","97","1","桃園市","龜山區","121.370","24.990","102"
"96","376400","20220830172000","298","0","桃園市","楊梅區","121.105","24.910","120"
"206","376403","20220830172000","166","2","桃園市","楊梅區","121.120","24.910","223"
"207","376407","20220830172000","310","0","桃園市","楊梅區","121.100","24.915","256"
"956","376412","20220830172000","777","2","桃園市","楊梅區","121.125","24.915","989"
"145","376419","20220830172000","183","0","新竹縣","湖口鄉","121.105","24.895","77"
"25","376422","20220830172000","109","0","桃園市","楊梅區","121.085","24.900","15"
"706","376427","20220830172000","482","2","桃園市","楊梅區","121.060","24.905","709"
"359","376431","20220830172000","240","2","桃園市","楊梅區","121.080","24.905","382"
"915","376438","20220830172000","445","3","桃園市","楊梅區","121.070","24.910","792"
"217","376440","20220830172000","216","1","桃園市","楊梅區","121.080","24.910","222"
"395","376443","20220830172000","331","1","桃園市","楊梅區","121.095","24.910","371"
"290","376447","20220830172000","430","0","桃園市","楊梅區","121.075","24.915","312"
"563","376456","20220830172000","779","0","桃園市","楊梅區","121.125","24.940","559"
"458","376457","20220830172000","195","3","桃園市","楊梅區","121.130","24.940","461"
"134","376471","20220830172000","202","0","新北市","深坑區","121.620","24.980","120"
"294","376485","20220830172000","611","0","新北市","樹林區","121.415","24.985","303"
"2050","376486","20220830172000","1750","1","新北市","樹林區","121.425","24.990","1923"
"765","376487","20220830172000","1094","0","桃園市","平鎮區","121.200","24.945","675"
"4033","376488","20220830172000","3291","2","桃園市","平鎮區","121.205","24.945","3694"
"1235","376490","20220830172000","1772","0","桃園市","平鎮區","121.210","24.950","1166"
"1174","376491","20220830172000","1371","0","桃園市","平鎮區","121.210","24.900","1209"
"1604","376492","20220830172000","1563","1","桃園市","平鎮區","121.210","24.905","1583"
"25","376500","20220830172000","26","0","新北市","土城區","121.445","24.940","34"
"12","376502","20220830172000","44","0","新北市","土城區","121.415","24.945","19"
"456","376508","20220830172000","173","3","新北市","土城區","121.410","24.950","333"
"211","376509","20220830172000","136","3","新北市","土城區","121.415","24.950","163"
"2269","376510","20220830172000","1981","1","桃園市","中壢區","121.230","24.945","2079"
"1765","376511","20220830172000","2055","0","桃園市","中壢區","121.235","24.955","1757"
"24","376512","20220830172000","16","3","桃園市","中壢區","121.220","24.970","19"
"609","376514","20220830172000","561","1","桃園市","中壢區","121.220","24.975","565"
"676","376517","20220830172000","384","3","桃園市","中壢區","121.215","24.980","701"
"68","376518","20220830172000","227","0","桃園市","中壢區","121.220","24.980","64"
"3370","376521","20220830172000","3032","1","桃園市","中壢區","121.220","24.960","3423"
"202","376522","20220830172000","164","2","新竹縣","新豐鄉","121.000","24.895","216"
"180","376524","20220830172000","66","3","新竹縣","新豐鄉","121.010","24.895","162"
"551","376531","20220830172000","558","0","桃園市","平鎮區","121.255","24.925","578"
"796","376532","20220830172000","656","2","新北市","樹林區","121.415","24.975","845"
"406","376533","20220830172000","667","0","新北市","樹林區","121.400","24.970","387"
"2070","376539","20220830172000","2010","1","新北市","樹林區","121.420","24.985","2134"
"2749","376540","20220830172000","2122","2","新北市","土城區","121.460","24.980","2866"
"1211","376541","20220830172000","1413","0","新北市","土城區","121.460","24.985","1138"
"1760","376542","20220830172000","2014","0","新北市","板橋區","121.430","24.990","1801"
"53","376544","20220830172000","36","2","新北市","平溪區","121.725","24.975","49"
"12","376575","20220830172000","13","0","新北市","平溪區","121.760","24.990","12"
"3775","376577","20220830172000","3575","1","新北市","板橋區","121.460","24.990","3804"
"293","376578","20220830172000","896","0","新北市","土城區","121.465","24.980","234"
"441","376584","20220830172000","425","1","新北市","土城區","121.425","24.960","429"
"670","376586","20220830172000","1067","0","新北市","土城區","121.435","24.960","683"
"890","376587","20220830172000","1822","0","新北市","土城區","121.430","24.965","899"
"2427","376588","20220830172000","1737","2","桃園市","八德區","121.305","24.965","2445"
"2050","376589","20220830172000","797","3","桃園市","桃園區","121.295","24.975","1730"
"779","376592","20220830172000","577","2","桃園市","中壢區","121.230","24.940","810"
"1033","376594","20220830172000","980","1","桃園市","平鎮區","121.245","24.915","1166"
"2122","376595","20220830172000","1438","2","桃園市","八德區","121.295","24.955","2111"
"500","376607","20220830172000","552","0","新竹縣","新豐鄉","120.985","24.920","515"
"877","376614","20220830172000","856","1","新竹縣","新豐鄉","120.990","24.930","937"
"643","376622","20220830172000","701","0","桃園市","中壢區","121.230","24.970","589"
"631","376623","20220830172000","500","2","桃園市","中壢區","121.225","24.975","608"
"969","376624","20220830172000","1314","0","桃園市","中壢區","121.230","24.975","1035"
"1380","376627","20220830172000","1117","2","桃園市","中壢區","121.230","24.980","1388"
"201","376628","20220830172000","46","3","新竹縣","湖口鄉","121.035","24.900","138"
"132","376629","20220830172000","113","1","新竹縣","湖口鄉","121.040","24.900","131"
"1033","376633","20220830172000","732","2","新竹縣","湖口鄉","121.040","24.895","1006"
"547","376636","20220830172000","392","2","新竹縣","湖口鄉","121.040","24.915","593"
"91","376641","20220830172000","142","0","新竹縣","湖口鄉","121.040","24.925","66"
"213","376651","20220830172000","127","3","新竹縣","湖口鄉","121.045","24.935","204"
"1640","376653","20220830172000","1852","0","桃園市","中壢區","121.235","24.965","1571"
"220","376655","20220830172000","186","1","桃園市","中壢區","121.240","24.970","210"
"184","376656","20220830172000","543","0","桃園市","中壢區","121.255","24.930","168"
"461","376658","20220830172000","381","2","新竹縣","湖口鄉","121.065","24.895","489"
"416","376665","20220830172000","375","1","新北市","鶯歌區","121.355","24.950","507"
"593","376666","20220830172000","684","0","新北市","鶯歌區","121.335","24.955","558"
"1980","376667","20220830172000","1859","1","新北市","鶯歌區","121.330","24.960","2005"
"110","376668","20220830172000","186","0","新北市","鶯歌區","121.335","24.960","74"
"15","376669","20220830172000","156","0","新北市","鶯歌區","121.335","24.950","13"
"417","376670","20220830172000","320","2","新北市","鶯歌區","121.340","24.950","445"
"1073","376674","20220830172000","945","1","新北市","鶯歌區","121.330","24.965","1026"
"1274","376675","20220830172000","1832","0","新北市","樹林區","121.425","24.980","1437"
"20","376678","20220830172000","178","0","新北市","樹林區","121.400","24.955","14"
"326","376679","20220830172000","200","3","新北市","樹林區","121.405","24.955","315"
"623","376680","20220830172000","623","1","新北市","樹林區","121.405","24.960","615"
"1078","376682","20220830172000","924","1","新北市","樹林區","121.410","24.970","1124"
"336","376685","20220830172000","247","2","新北市","樹林區","121.400","24.975","316"
"786","376686","20220830172000","511","3","新北市","樹林區","121.405","24.975","921"
"1592","376687","20220830172000","2137","0","新北市","樹林區","121.410","24.975","1582"
"74","376690","20220830172000","120","0","新北市","樹林區","121.400","24.980","73"
"11","376691","20220830172000","11","1","新北市","樹林區","121.405","24.980","10"
"1324","376699","20220830172000","1252","1","新北市","樹林區","121.410","24.980","1256"
"614","376700","20220830172000","589","1","新北市","樹林區","121.415","24.990","563"
"1108","376701","20220830172000","821","2","新北市","新店區","121.500","24.945","1056"
"125","376703","20220830172000","124","1","新北市","新店區","121.565","24.905","119"
"392","376717","20220830172000","378","1","新北市","新店區","121.550","24.920","430"
"2750","376725","20220830172000","1686","3","新北市","新店區","121.540","24.960","2767"
"28","376752","20220830172000","18","3","新北市","新店區","121.535","24.905","21"
"28","376759","20220830172000","23","2","新北市","新店區","121.535","24.910","28"
"22","376761","20220830172000","19","1","新北市","新店區","121.520","24.915","21"
"90","376764","20220830172000","78","1","新北市","新店區","121.535","24.915","72"
"35","376766","20220830172000","39","0","新北市","新店區","121.545","24.915","42"
"2269","376768","20220830172000","2727","0","新北市","土城區","121.445","24.985","2288"
"1949","376769","20220830172000","1428","2","新北市","土城區","121.450","24.975","1811"
"548","376770","20220830172000","504","1","新北市","土城區","121.455","24.975","607"
"2907","376772","20220830172000","3155","0","新北市","土城區","121.415","24.960","3007"
"521","376774","20220830172000","2061","0","新北市","土城區","121.420","24.965","549"
"1157","376775","20220830172000","1459","0","新北市","土城區","121.425","24.965","1138"
"884","376777","20220830172000","834","1","新北市","土城區","121.425","24.970","887"
"308","376787","20220830172000","236","2","新北市","土城區","121.470","24.960","336"
"194","376788","20220830172000","173","1","新北市","土城區","121.455","24.965","194"
"628","376796","20220830172000","929","0","新北市","土城區","121.460","24.970","654"
"4063","376798","20220830172000","3685","1","新北市","新店區","121.540","24.965","3927"
"21","376801","20220830172000","13","3","桃園市","大溪區","121.305","24.895","16"
"49","376808","20220830172000","113","0","桃園市","八德區","121.280","24.930","41"
"1006","376809","20220830172000","997","1","桃園市","八德區","121.285","24.930","1000"
"380","376810","20220830172000","371","1","桃園市","八德區","121.280","24.935","381"
"617","376813","20220830172000","647","0","桃園市","八德區","121.270","24.930","642"
"50","376815","20220830172000","43","1","桃園市","八德區","121.270","24.935","50"
"1080","376823","20220830172000","813","2","桃園市","八德區","121.280","24.925","1063"
"1341","376824","20220830172000","1131","1","桃園市","八德區","121.285","24.925","1359"
"3158","376825","20220830172000","4775","0","桃園市","中壢區","121.220","24.955","3206"
"1712","376826","20220830172000","1600","1","桃園市","中壢區","121.230","24.965","1711"
"1317","376828","20220830172000","941","2","桃園市","八德區","121.275","24.980","1358"
"343","376829","20220830172000","552","0","桃園市","八德區","121.280","24.980","340"
"1379","376831","20220830172000","2167","0","新竹縣","湖口鄉","121.050","24.900","1352"
"2429","376832","20220830172000","2913","0","新竹縣","湖口鄉","121.045","24.900","2396"
"95","376834","20220830172000","43","3","新竹縣","湖口鄉","121.030","24.900","96"
"139","376835","20220830172000","56","3","新竹縣","湖口鄉","121.025","24.905","109"
"384","376845","20220830172000","625","0","桃園市","平鎮區","121.230","24.930","380"
"1561","376847","20220830172000","1077","2","桃園市","中壢區","121.230","24.935","1587"
"912","376848","20220830172000","721","2","桃園市","中壢區","121.225","24.940","917"
"1652","376849","20220830172000","1561","1","桃園市","中壢區","121.245","24.975","1620"
"1926","376850","20220830172000","2384","0","桃園市","中壢區","121.245","24.980","1900"
"586","376851","20220830172000","500","1","桃園市","中壢區","121.250","24.985","568"
"438","376852","20220830172000","520","0","桃園市","中壢區","121.240","24.985","464"
"1336","376853","20220830172000","1245","1","桃園市","八德區","121.295","24.935","1357"
"229","376854","20220830172000","245","0","桃園市","八德區","121.295","24.940","277"
"1147","376855","20220830172000","1199","0","桃園市","八德區","121.295","24.930","1168"
"511","376856","20220830172000","484","1","桃園市","龜山區","121.335","24.985","509"
"2184","376857","20220830172000","2598","0","桃園市","龜山區","121.335","24.990","2043"
"556","376860","20220830172000","941","0","桃園市","龜山區","121.345","24.980","556"
"16","376865","20220830172000","121","0","桃園市","龜山區","121.360","24.985","21"
"1527","376866","20220830172000","1884","0","桃園市","平鎮區","121.220","24.940","1557"
"285","376871","20220830172000","287","0","桃園市","楊梅區","121.185","24.905","282"
"195","376875","20220830172000","190","1","桃園市","平鎮區","121.200","24.910","190"
"994","376878","20220830172000","559","3","桃園市","平鎮區","121.200","24.915","1001"
"196","376881","20220830172000","268","0","桃園市","平鎮區","121.200","24.920","203"
"382","376882","20220830172000","1359","0","桃園市","楊梅區","121.180","24.945","390"
"970","376886","20220830172000","767","2","桃園市","平鎮區","121.185","24.955","1021"
"652","376887","20220830172000","581","1","桃園市","中壢區","121.175","24.960","622"
"795","376889","20220830172000","699","1","桃園市","平鎮區","121.185","24.960","833"
"732","376892","20220830172000","1052","0","桃園市","中壢區","121.185","24.970","776"
"322","376894","20220830172000","290","1","桃園市","平鎮區","121.190","24.930","376"
"494","376895","20220830172000","66","3","桃園市","楊梅區","121.185","24.935","393"
"1270","376899","20220830172000","440","3","桃園市","平鎮區","121.190","24.940","1095"
"760","376900","20220830172000","521","2","桃園市","平鎮區","121.195","24.940","871"
"287","376915","20220830172000","421","0","桃園市","大溪區","121.310","24.930","373"
"719","376925","20220830172000","522","2","桃園市","大溪區","121.275","24.895","683"
"1183","376927","20220830172000","1139","1","桃園市","大溪區","121.280","24.895","1219"
"662","376929","20220830172000","663","0","桃園市","大溪區","121.285","24.905","681"
"442","376930","20220830172000","492","0","桃園市","大溪區","121.280","24.900","508"
"1055","376931","20220830172000","645","3","桃園市","大溪區","121.280","24.905","1103"
"1144","376932","20220830172000","1288","0","桃園市","龜山區","121.325","24.990","1142"
"1096","376933","20220830172000","1193","0","桃園市","桃園區","121.325","24.980","1146"
"2502","376934","20220830172000","2370","1","桃園市","龜山區","121.330","24.980","2547"
"2749","376936","20220830172000","2013","2","桃園市","桃園區","121.320","24.985","2773"
"4616","376937","20220830172000","4446","1","桃園市","龜山區","121.325","24.985","4729"
"604","376938","20220830172000","1177","0","桃園市","龜山區","121.330","24.985","606"
"300","376940","20220830172000","227","2","桃園市","新屋區","121.055","24.975","295"
"217","376956","20220830172000","176","2","桃園市","新屋區","121.125","24.955","194"
"503","376971","20220830172000","491","1","桃園市","新屋區","121.135","24.970","516"
"93","376972","20220830172000","141","0","桃園市","觀音區","121.140","24.970","95"
"570","376974","20220830172000","783","0","桃園市","龜山區","121.330","24.990","551"
"3879","376975","20220830172000","5015","0","桃園市","桃園區","121.310","24.990","3879"
"1513","376976","20220830172000","1486","1","桃園市","楊梅區","121.170","24.910","1515"
"473","376978","20220830172000","435","1","桃園市","楊梅區","121.175","24.915","435"
"936","376979","20220830172000","1395","0","桃園市","楊梅區","121.170","24.920","940"
"718","376984","20220830172000","655","1","桃園市","楊梅區","121.110","24.925","680"
"558","376995","20220830172000","748","0","桃園市","楊梅區","121.125","24.930","543"
"151","376998","20220830172000","120","2","桃園市","楊梅區","121.115","24.940","152"
"164","377001","20220830172000","132","2","桃園市","楊梅區","121.175","24.900","174"
"1160","377002","20220830172000","1257","0","桃園市","楊梅區","121.180","24.900","1252"
"1851","377003","20220830172000","1870","0","桃園市","楊梅區","121.175","24.905","1768"
"72","377004","20220830172000","43","3","桃園市","楊梅區","121.180","24.905","79"
"196","377007","20220830172000","180","1","桃園市","楊梅區","121.095","24.930","190"
"846","377008","20220830172000","642","2","桃園市","楊梅區","121.100","24.930","848"
"782","377010","20220830172000","497","3","桃園市","楊梅區","121.090","24.935","833"
"491","377027","20220830172000","500","0","桃園市","新屋區","121.090","24.955","501"
"376","377030","20220830172000","451","0","桃園市","楊梅區","121.160","24.900","386"
"835","377031","20220830172000","787","1","桃園市","楊梅區","121.155","24.900","840"
"462","377033","20220830172000","621","0","桃園市","楊梅區","121.085","24.935","497"
"396","377034","20220830172000","456","0","桃園市","楊梅區","121.075","24.940","384"
"756","377039","20220830172000","546","2","桃園市","桃園區","121.285","24.990","782"
"638","377041","20220830172000","477","2","桃園市","桃園區","121.295","24.980","655"
"4702","377042","20220830172000","6231","0","桃園市","桃園區","121.300","24.990","4043"
"227","377043","20220830172000","208","1","桃園市","桃園區","121.300","24.980","217"
"2238","377045","20220830172000","1930","1","桃園市","桃園區","121.300","24.985","2345"
"513","377046","20220830172000","589","0","桃園市","楊梅區","121.175","24.910","532"
"1464","377047","20220830172000","1257","1","桃園市","八德區","121.300","24.965","1452"
"990","377051","20220830172000","847","1","桃園市","八德區","121.305","24.955","1063"
"600","377052","20220830172000","430","2","桃園市","八德區","121.310","24.955","564"
"100","377054","20220830172000","315","0","桃園市","八德區","121.300","24.945","76"
"413","377056","20220830172000","469","0","桃園市","八德區","121.275","24.940","445"
"774","377058","20220830172000","928","0","桃園市","八德區","121.285","24.940","751"
"524","377059","20220830172000","221","3","桃園市","八德區","121.280","24.945","469"
"396","377061","20220830172000","399","0","桃園市","八德區","121.290","24.950","363"
"36","377068","20220830172000","78","0","桃園市","八德區","121.290","24.955","26"
"405","377069","20220830172000","261","3","桃園市","八德區","121.280","24.960","393"
"764","377070","20220830172000","490","3","桃園市","八德區","121.285","24.960","792"
"2764","377071","20220830172000","2851","0","桃園市","桃園區","121.290","24.985","2769"
"4002","377072","20220830172000","2986","2","桃園市","中壢區","121.220","24.965","4130"
"1164","377073","20220830172000","1434","0","桃園市","中壢區","121.215","24.955","1126"
"434","377077","20220830172000","358","2","桃園市","中壢區","121.205","24.980","460"
"977","377084","20220830172000","639","3","桃園市","中壢區","121.205","24.990","912"
"1801","377086","20220830172000","1098","3","桃園市","中壢區","121.255","24.970","1642"
"1587","377088","20220830172000","1530","1","桃園市","楊梅區","121.155","24.910","1492"
"515","377089","20220830172000","358","2","桃園市","楊梅區","121.160","24.910","482"
"1176","377092","20220830172000","1192","0","桃園市","平鎮區","121.205","24.910","1192"
"1394","377093","20220830172000","1520","0","桃園市","平鎮區","121.205","24.920","1374"
"177","377099","20220830172000","139","2","桃園市","新屋區","121.010","24.960","191"
"608","377106","20220830172000","646","0","桃園市","新屋區","121.120","24.970","600"
"356","377111","20220830172000","223","3","桃園市","新屋區","121.130","24.975","358"
"1227","377117","20220830172000","1205","1","桃園市","新屋區","121.110","24.980","1244"
"674","377122","20220830172000","603","1","桃園市","新屋區","121.110","24.985","682"
"431","377125","20220830172000","569","0","桃園市","新屋區","121.125","24.985","473"
"384","377128","20220830172000","375","1","桃園市","新屋區","121.125","24.990","369"
"811","377135","20220830172000","938","0","桃園市","新屋區","121.100","24.990","832"
"70","377136","20220830172000","37","3","桃園市","新屋區","121.105","24.990","63"
"231","377148","20220830172000","65","3","桃園市","新屋區","121.095","24.960","176"
"280","377155","20220830172000","273","1","桃園市","新屋區","121.070","24.970","256"
"136","377159","20220830172000","130","1","桃園市","新屋區","121.020","24.970","140"
"420","377173","20220830172000","395","1","桃園市","新屋區","121.015","24.985","466"
"250","377175","20220830172000","264","0","桃園市","新屋區","120.990","24.940","280"
"136","377179","20220830172000","94","2","桃園市","新屋區","121.000","24.945","105"
"235","377183","20220830172000","252","0","桃園市","新屋區","121.010","24.950","242"
"545","377187","20220830172000","475","1","桃園市","新屋區","121.080","24.975","577"
"297","377195","20220830172000","301","0","桃園市","新屋區","121.075","24.990","300"
"277","377204","20220830172000","451","0","桃園市","新屋區","121.140","24.960","304"
"725","377205","20220830172000","1065","0","桃園市","新屋區","121.145","24.960","726"
"580","377209","20220830172000","344","3","桃園市","新屋區","121.160","24.960","538"
"103","377211","20220830172000","53","3","桃園市","觀音區","121.145","24.970","87"
"16","377247","20220830172000","15","1","新北市","貢寮區","121.910","24.990","15"
"272","377249","20220830172000","389","0","桃園市","平鎮區","121.210","24.895","247"
"766","377259","20220830172000","692","1","桃園市","桃園區","121.285","24.980","658"
"1639","377261","20220830172000","1109","2","桃園市","楊梅區","121.145","24.915","1570"
"643","377263","20220830172000","648","0","桃園市","楊梅區","121.145","24.910","619"
"129","377264","20220830172000","444","0","桃園市","楊梅區","121.130","24.915","81"
"571","377268","20220830172000","434","2","桃園市","楊梅區","121.130","24.920","584"
"490","377270","20220830172000","703","0","桃園市","楊梅區","121.140","24.920","465"
"2347","377280","20220830172000","2044","1","桃園市","楊梅區","121.145","24.900","2312"
"314","377285","20220830172000","289","1","桃園市","楊梅區","121.170","24.900","334"
"781","377288","20220830172000","619","2","桃園市","楊梅區","121.185","24.925","745"
"488","377289","20220830172000","701","0","桃園市","平鎮區","121.190","24.925","528"
"846","377292","20220830172000","589","2","桃園市","平鎮區","121.195","24.925","870"
"195","377295","20220830172000","384","0","桃園市","平鎮區","121.210","24.935","215"
"2125","377296","20220830172000","1590","2","桃園市","桃園區","121.295","24.990","2148"
"2367","377297","20220830172000","2176","1","桃園市","桃園區","121.285","24.985","2182"
"955","377303","20220830172000","540","3","桃園市","新屋區","121.120","24.950","906"
"179","377308","20220830172000","266","0","桃園市","新屋區","121.100","24.960","200"
"888","377310","20220830172000","416","3","桃園市","新屋區","121.110","24.960","811"
"794","377311","20220830172000","700","1","桃園市","新屋區","121.095","24.965","767"
"573","377322","20220830172000","603","0","桃園市","新屋區","121.045","24.960","565"
"214","377333","20220830172000","182","1","桃園市","新屋區","121.045","24.970","260"
"1441","377335","20220830172000","1938","0","桃園市","桃園區","121.320","24.990","1260"
"1379","377337","20220830172000","1305","1","桃園市","平鎮區","121.250","24.920","1365"
"707","377339","20220830172000","710","0","桃園市","平鎮區","121.240","24.925","680"
"1041","377340","20220830172000","1309","0","桃園市","桃園區","121.305","24.985","1015"
"1160","377342","20220830172000","998","1","桃園市","桃園區","121.325","24.975","1173"
"2581","377344","20220830172000","2110","2","桃園市","桃園區","121.320","24.975","2588"
"2395","377345","20220830172000","2120","1","新北市","鶯歌區","121.330","24.975","2512"
"950","377346","20220830172000","1297","0","桃園市","桃園區","121.320","24.980","897"
"1375","377347","20220830172000","990","2","桃園市","中壢區","121.230","24.960","1380"
"851","377348","20220830172000","1418","0","桃園市","中壢區","121.235","24.960","935"
"341","377349","20220830172000","757","0","桃園市","中壢區","121.230","24.950","365"
"1448","377350","20220830172000","1233","1","桃園市","中壢區","121.225","24.950","1397"
"436","377361","20220830172000","462","0","桃園市","新屋區","121.030","24.950","516"
"271","377372","20220830172000","421","0","桃園市","新屋區","121.090","24.980","311"
"1002","377380","20220830172000","1214","0","桃園市","新屋區","121.110","24.970","1066"
"194","377381","20220830172000","124","3","桃園市","新屋區","121.110","24.975","157"
"2316","377384","20220830172000","2488","0","桃園市","新屋區","121.105","24.975","2115"
"207","377428","20220830172000","148","2","桃園市","新屋區","121.040","24.980","215"
"1076","377433","20220830172000","1036","1","桃園市","新屋區","121.035","24.985","1085"
"467","377434","20220830172000","461","1","桃園市","新屋區","121.040","24.985","487"
"1514","377446","20220830172000","1164","2","桃園市","桃園區","121.315","24.990","1500"
"1506","377447","20220830172000","914","3","桃園市","桃園區","121.270","24.980","1549"
"2765","377449","20220830172000","1918","2","桃園市","桃園區","121.275","24.990","2767"
"2085","377450","20220830172000","2037","1","桃園市","桃園區","121.265","24.975","1972"
"1519","377452","20220830172000","1615","0","桃園市","桃園區","121.265","24.980","1578"
"77","377454","20220830172000","65","1","桃園市","桃園區","121.265","24.985","75"
"1902","377455","20220830172000","2458","0","桃園市","桃園區","121.290","24.990","1824"
"249","377456","20220830172000","629","0","桃園市","平鎮區","121.245","24.905","340"
"84","377457","20220830172000","181","0","桃園市","平鎮區","121.250","24.905","81"
"181","377459","20220830172000","195","0","桃園市","平鎮區","121.250","24.915","174"
"937","377460","20220830172000","703","2","桃園市","平鎮區","121.215","24.935","861"
"1465","377461","20220830172000","1414","1","桃園市","平鎮區","121.215","24.940","1330"
"1770","377462","20220830172000","1437","2","桃園市","平鎮區","121.215","24.945","1680"
"2225","377463","20220830172000","2260","0","桃園市","桃園區","121.310","24.980","2203"
"1767","377464","20220830172000","1843","0","桃園市","桃園區","121.310","24.985","1842"
"1683","377468","20220830172000","1372","2","桃園市","桃園區","121.305","24.980","1680"
"175","377469","20220830172000","115","3","桃園市","楊梅區","121.175","24.950","180"
"1209","377470","20220830172000","1304","0","桃園市","楊梅區","121.170","24.955","1153"
"480","377473","20220830172000","361","2","桃園市","楊梅區","121.115","24.900","465"
"135","377476","20220830172000","150","0","桃園市","楊梅區","121.125","24.910","107"
"549","377481","20220830172000","483","1","桃園市","楊梅區","121.150","24.940","546"
"219","377483","20220830172000","360","0","桃園市","楊梅區","121.150","24.920","233"
"854","377484","20220830172000","1217","0","桃園市","楊梅區","121.155","24.920","898"
"894","377488","20220830172000","664","2","桃園市","楊梅區","121.150","24.925","856"
"451","377489","20220830172000","475","0","桃園市","楊梅區","121.155","24.925","455"
"25","377490","20220830172000","13","3","桃園市","楊梅區","121.160","24.925","22"
"927","377491","20220830172000","775","1","桃園市","楊梅區","121.165","24.925","862"
"258","377493","20220830172000","344","0","桃園市","楊梅區","121.145","24.930","269"
"1376","377497","20220830172000","1284","1","桃園市","楊梅區","121.160","24.930","1495"
"518","377498","20220830172000","818","0","桃園市","楊梅區","121.165","24.930","535"
"1367","377499","20220830172000","897","3","桃園市","楊梅區","121.170","24.930","1333"
"239","377501","20220830172000","429","0","桃園市","楊梅區","121.140","24.930","295"
"1349","377508","20220830172000","1199","1","桃園市","平鎮區","121.210","24.940","1403"
"1434","377509","20220830172000","1223","1","桃園市","平鎮區","121.210","24.945","1400"
"732","377513","20220830172000","491","2","桃園市","平鎮區","121.210","24.930","757"
"1172","377519","20220830172000","1152","1","桃園市","平鎮區","121.230","24.900","1167"
"340","377522","20220830172000","368","0","桃園市","平鎮區","121.245","24.900","355"
"923","377529","20220830172000","1231","0","桃園市","平鎮區","121.225","24.910","945"
"1164","377530","20220830172000","642","3","桃園市","平鎮區","121.230","24.910","1025"
"2247","377532","20220830172000","1856","2","桃園市","桃園區","121.305","24.990","2198"
"963","377533","20220830172000","1128","0","新北市","鶯歌區","121.330","24.970","946"
"377","377534","20220830172000","509","0","新北市","鶯歌區","121.335","24.965","359"
"642","377535","20220830172000","431","2","桃園市","桃園區","121.320","24.970","655"
"1704","377538","20220830172000","1653","1","桃園市","桃園區","121.315","24.980","1981"
"1568","377539","20220830172000","867","3","桃園市","楊梅區","121.175","24.925","1292"
"362","377542","20220830172000","425","0","桃園市","楊梅區","121.180","24.925","427"
"376","377546","20220830172000","182","3","桃園市","楊梅區","121.180","24.930","505"
"718","377547","20220830172000","755","0","桃園市","楊梅區","121.160","24.935","719"
"165","377551","20220830172000","121","2","桃園市","楊梅區","121.180","24.935","191"
"100","377559","20220830172000","85","1","桃園市","楊梅區","121.150","24.945","98"
"43","377561","20220830172000","15","3","桃園市","楊梅區","121.160","24.945","33"
"1900","377564","20220830172000","678","3","桃園市","楊梅區","121.175","24.945","1662"
"879","377565","20220830172000","664","2","桃園市","新屋區","121.150","24.950","918"
"347","377566","20220830172000","246","2","桃園市","楊梅區","121.155","24.950","346"
"31","377568","20220830172000","41","0","桃園市","楊梅區","121.170","24.950","40"
"984","377570","20220830172000","1141","0","桃園市","蘆竹區","121.265","24.990","1042"
"647","377571","20220830172000","1116","0","桃園市","龜山區","121.340","24.980","266"
"40","377572","20220830172000","97","0","桃園市","龜山區","121.340","24.985","37"
"1544","377573","20220830172000","2042","0","桃園市","龜山區","121.345","24.985","1392"
"567","377574","20220830172000","629","0","桃園市","龜山區","121.340","24.990","500"
"361","377575","20220830172000","267","2","桃園市","龜山區","121.345","24.990","320"
"15","377679","20220830172000","13","1","新北市","雙溪區","121.830","24.940","22"
"14","377742","20220830172000","24","0","新北市","雙溪區","121.820","24.965","20"
"17","377753","20220830172000","13","2","新北市","雙溪區","121.810","24.970","16"
"13","377756","20220830172000","14","0","新北市","雙溪區","121.825","24.970","18"
"30","377787","20220830172000","24","2","新北市","雙溪區","121.845","24.980","30"
"1439","377821","20220830172000","1246","1","桃園市","楊梅區","121.145","24.905","1357"
"1537","377823","20220830172000","1464","1","桃園市","楊梅區","121.165","24.910","1493"
"120","377824","20220830172000","291","0","桃園市","楊梅區","121.165","24.915","99"
"39","377826","20220830172000","153","0","桃園市","大溪區","121.280","24.910","35"
"1125","377827","20220830172000","676","3","桃園市","大溪區","121.285","24.910","1052"
"1065","377831","20220830172000","973","1","桃園市","大溪區","121.280","24.915","1085"
"346","377833","20220830172000","347","0","桃園市","大溪區","121.290","24.915","316"
"896","377835","20220830172000","813","1","桃園市","大溪區","121.280","24.920","898"
"716","377837","20220830172000","991","0","桃園市","大溪區","121.290","24.920","689"
"484","377839","20220830172000","501","0","桃園市","大溪區","121.275","24.900","527"
"859","377841","20220830172000","567","3","桃園市","大溪區","121.275","24.905","752"
"1864","377843","20220830172000","2028","0","桃園市","楊梅區","121.180","24.910","1965"
"964","377844","20220830172000","743","2","桃園市","楊梅區","121.180","24.915","957"
"209","377845","20220830172000","223","0","桃園市","平鎮區","121.225","24.925","241"
"510","377847","20220830172000","726","0","桃園市","平鎮區","121.220","24.935","532"
"2327","377848","20220830172000","2048","1","桃園市","平鎮區","121.225","24.930","2304"
"695","377849","20220830172000","594","1","桃園市","平鎮區","121.220","24.930","671"
"368","377851","20220830172000","286","2","桃園市","平鎮區","121.230","24.925","333"
"502","377852","20220830172000","503","0","桃園市","中壢區","121.245","24.925","469"
"1739","377853","20220830172000","1110","3","桃園市","楊梅區","121.150","24.910","1710"
"798","377854","20220830172000","609","2","桃園市","楊梅區","121.150","24.915","747"
"92","377858","20220830172000","116","0","桃園市","楊梅區","121.130","24.905","99"
"674","377859","20220830172000","525","2","桃園市","楊梅區","121.135","24.905","668"
"169","377862","20220830172000","232","0","桃園市","楊梅區","121.135","24.910","164"
"341","377866","20220830172000","160","3","桃園市","楊梅區","121.070","24.930","389"
"458","377868","20220830172000","554","0","桃園市","楊梅區","121.065","24.935","506"
"288","377877","20220830172000","228","2","桃園市","楊梅區","121.100","24.920","299"
"175","377879","20220830172000","350","0","桃園市","楊梅區","121.070","24.925","155"
"220","377895","20220830172000","805","0","桃園市","楊梅區","121.085","24.930","258"
"278","377896","20220830172000","528","0","桃園市","楊梅區","121.160","24.950","307"
"3054","377898","20220830172000","2108","2","桃園市","楊梅區","121.160","24.955","3174"
"434","377901","20220830172000","235","3","桃園市","楊梅區","121.120","24.895","404"
"303","377906","20220830172000","67","3","桃園市","楊梅區","121.125","24.900","248"
"354","377909","20220830172000","222","3","桃園市","平鎮區","121.210","24.910","330"
"3285","377914","20220830172000","1876","3","桃園市","平鎮區","121.210","24.920","3097"
"213","377919","20220830172000","414","0","桃園市","平鎮區","121.195","24.930","225"
"520","377920","20220830172000","764","0","桃園市","平鎮區","121.200","24.940","503"
"121","377924","20220830172000","508","0","桃園市","八德區","121.290","24.945","122"
"1457","377925","20220830172000","1118","2","桃園市","八德區","121.290","24.930","1433"
"895","377933","20220830172000","1288","0","桃園市","八德區","121.275","24.960","869"
"1806","377940","20220830172000","1973","0","臺北市","文山區","121.555","24.985","1793"
"575","377941","20220830172000","428","2","臺北市","文山區","121.560","24.985","651"
"951","377942","20220830172000","969","0","臺北市","文山區","121.565","24.980","715"
"49","377946","20220830172000","54","0","新北市","新店區","121.575","24.965","58"
"105","377947","20220830172000","154","0","臺北市","文山區","121.580","24.965","150"
"687","377948","20220830172000","900","0","臺北市","文山區","121.560","24.970","732"
"213","377953","20220830172000","124","3","臺北市","文山區","121.560","24.975","190"
"48","377955","20220830172000","89","0","臺北市","文山區","121.570","24.975","48"
"35","377956","20220830172000","50","0","臺北市","文山區","121.575","24.975","41"
"85","377957","20220830172000","661","0","臺北市","文山區","121.570","24.980","81"
"1620","377958","20220830172000","1843","0","臺北市","文山區","121.565","24.985","1685"
"198","377962","20220830172000","230","0","臺北市","文山區","121.610","24.965","240"
"116","377964","20220830172000","87","2","臺北市","文山區","121.590","24.965","147"
"32","377974","20220830172000","13","3","臺北市","文山區","121.600","24.970","37"
"214","377978","20220830172000","146","2","臺北市","文山區","121.580","24.975","263"
"223","377979","20220830172000","347","0","臺北市","文山區","121.585","24.975","378"
"172","377980","20220830172000","169","1","臺北市","文山區","121.590","24.975","238"
"998","377982","20220830172000","1599","0","臺北市","文山區","121.575","24.980","958"
"565","377989","20220830172000","660","0","臺北市","文山區","121.585","24.985","492"
"351","377990","20220830172000","778","0","臺北市","文山區","121.590","24.985","372"
"583","377994","20220830172000","96","3","臺北市","文山區","121.590","24.990","601"
"157","377995","20220830172000","135","1","臺北市","文山區","121.595","24.990","217"
"2144","377997","20220830172000","2260","0","臺北市","文山區","121.560","24.990","1783"
"611","377998","20220830172000","2903","0","臺北市","文山區","121.575","24.985","663"
"598","377999","20220830172000","864","0","臺北市","文山區","121.580","24.985","573"
"1936","378000","20220830172000","2114","0","臺北市","文山區","121.575","24.990","1993"
"646","378001","20220830172000","562","1","臺北市","文山區","121.580","24.990","650"
"1534","378002","20220830172000","1789","0","臺北市","文山區","121.550","24.985","1343"
"1062","378003","20220830172000","1550","0","臺北市","文山區","121.565","24.990","1102"
"2617","378004","20220830172000","2501","1","臺北市","文山區","121.570","24.990","2067"
"2037","378005","20220830172000","2774","0","臺北市","文山區","121.555","24.980","1951"
"2411","378006","20220830172000","1981","2","臺北市","文山區","121.560","24.980","2349"
"1299","378007","20220830172000","1137","1","臺北市","文山區","121.555","24.975","1125"
"2315","378008","20220830172000","2464","0","臺北市","文山區","121.570","24.985","2249"
"1869","378009","20220830172000","2736","0","臺北市","文山區","121.545","24.990","2014"
"3086","378010","20220830172000","3377","0","臺北市","文山區","121.540","24.990","2989"
"251","378011","20220830172000","711","0","臺北市","文山區","121.550","24.990","255"
"192","378012","20220830172000","346","0","臺北市","文山區","121.555","24.990","243"
"94","378561","20220830172000","28","3","新北市","貢寮區","121.990","24.995","64"
"14","378916","20220830172000","27","0","新北市","貢寮區","122.000","25.000","45"
"103","379975","20220830172000","54","3","新北市","貢寮區","122.005","25.015","114"
"2114","382513","20220830172000","2607","0","新北市","新莊區","121.450","25.035","2234"
"567","382514","20220830172000","626","0","新北市","新莊區","121.415","25.020","603"
"2356","382515","20220830172000","1892","2","新北市","板橋區","121.430","24.995","2412"
"942","382517","20220830172000","770","2","新北市","新莊區","121.435","25.005","959"
"612","382519","20220830172000","774","0","新北市","板橋區","121.440","25.010","596"
"1328","382521","20220830172000","1840","0","新北市","新莊區","121.430","25.020","1279"
"1850","382522","20220830172000","1716","1","新北市","新莊區","121.430","25.015","1735"
"32","382523","20220830172000","208","0","新北市","新莊區","121.420","25.020","25"
"1609","382525","20220830172000","1881","0","新北市","新莊區","121.410","25.025","1590"
"124","382526","20220830172000","104","1","新北市","新莊區","121.400","25.030","126"
"2715","382528","20220830172000","3182","0","新北市","板橋區","121.470","25.015","2689"
"2212","382530","20220830172000","2241","0","新北市","板橋區","121.465","25.025","2018"
"4212","382531","20220830172000","3973","1","新北市","板橋區","121.460","25.025","4136"
"2746","382532","20220830172000","2264","2","新北市","中和區","121.480","24.995","2244"
"1234","382534","20220830172000","1679","0","新北市","板橋區","121.445","25.000","1228"
"2139","382536","20220830172000","2575","0","新北市","中和區","121.520","24.995","2188"
"1508","382537","20220830172000","2127","0","新北市","板橋區","121.455","25.025","1449"
"895","382538","20220830172000","743","2","臺北市","文山區","121.530","24.995","952"
"612","382539","20220830172000","791","0","新北市","汐止區","121.620","25.045","631"
"791","382546","20220830172000","1088","0","新北市","樹林區","121.410","25.010","819"
"2187","382547","20220830172000","2752","0","新北市","新莊區","121.425","25.015","2131"
"1795","382548","20220830172000","1893","0","新北市","中和區","121.495","24.995","1752"
"1955","382549","20220830172000","2669","0","臺北市","萬華區","121.490","25.015","1919"
"169","382550","20220830172000","112","3","新北市","三重區","121.480","25.050","157"
"1718","382552","20220830172000","1813","0","新北市","中和區","121.480","25.000","1703"
"1661","382553","20220830172000","2173","0","新北市","中和區","121.475","25.005","1726"
"4474","382554","20220830172000","3401","2","新北市","中和區","121.470","25.005","4423"
"2870","382555","20220830172000","3732","0","新北市","中和區","121.500","24.995","2873"
"2856","382556","20220830172000","3059","0","新北市","中和區","121.495","25.005","2780"
"1769","382557","20220830172000","2683","0","新北市","中和區","121.500","25.005","1724"
"843","382558","20220830172000","1947","0","新北市","三重區","121.490","25.055","792"
"1324","382559","20220830172000","1322","1","新北市","三重區","121.475","25.045","1282"
"1177","382560","20220830172000","1519","0","新北市","板橋區","121.445","25.005","1133"
"412","382561","20220830172000","448","0","新北市","板橋區","121.445","25.010","416"
"581","382562","20220830172000","774","0","新北市","板橋區","121.450","25.005","497"
"793","382563","20220830172000","885","0","新北市","板橋區","121.450","25.020","739"
"2140","382564","20220830172000","2008","1","新北市","中和區","121.505","25.005","2174"
"1968","382565","20220830172000","2186","0","新北市","三重區","121.485","25.055","1854"
"2025","382567","20220830172000","1884","1","新北市","三重區","121.495","25.055","1812"
"1481","382568","20220830172000","1493","0","新北市","三重區","121.500","25.045","1518"
"3755","382571","20220830172000","3126","2","新北市","中和區","121.490","25.005","3933"
"3658","382572","20220830172000","3683","0","新北市","中和區","121.490","25.000","3677"
"1364","382574","20220830172000","922","2","新北市","中和區","121.485","25.010","1330"
"3667","382575","20220830172000","3964","0","新北市","中和區","121.485","24.995","3574"
"2852","382576","20220830172000","5290","0","新北市","中和區","121.490","24.995","2822"
"3041","382577","20220830172000","3362","0","新北市","中和區","121.505","24.995","2995"
"301","382579","20220830172000","577","0","新北市","板橋區","121.460","25.030","271"
"2588","382580","20220830172000","2497","1","新北市","板橋區","121.455","25.015","2507"
"276","382582","20220830172000","459","0","新北市","板橋區","121.450","25.025","249"
"294","382583","20220830172000","290","1","新北市","泰山區","121.420","25.045","303"
"469","382584","20220830172000","1258","0","新北市","泰山區","121.425","25.045","484"
"269","382589","20220830172000","97","3","新北市","三重區","121.485","25.045","222"
"835","382592","20220830172000","561","2","新北市","三重區","121.485","25.050","869"
"2036","382593","20220830172000","1526","2","新北市","三重區","121.490","25.050","1852"
"788","382594","20220830172000","391","3","桃園市","龜山區","121.410","25.020","656"
"1691","382595","20220830172000","1600","1","新北市","新莊區","121.460","25.050","1625"
"2177","382596","20220830172000","2380","0","新北市","新莊區","121.465","25.050","2397"
"391","382597","20220830172000","811","0","新北市","新莊區","121.460","25.055","369"
"1598","382598","20220830172000","1877","0","新北市","新莊區","121.465","25.055","1789"
"1977","382600","20220830172000","2545","0","新北市","三重區","121.470","25.045","2119"
"2139","382601","20220830172000","1863","1","新北市","三重區","121.470","25.050","2084"
"793","382602","20220830172000","822","0","新北市","三重區","121.470","25.055","778"
"3990","382603","20220830172000","3463","1","新北市","中和區","121.480","25.010","3899"
"3640","382604","20220830172000","2865","2","新北市","板橋區","121.475","25.010","3678"
"1799","382605","20220830172000","1550","1","新北市","中和區","121.465","24.995","1655"
"2237","382606","20220830172000","2176","1","新北市","新莊區","121.450","25.040","2261"
"4308","382607","20220830172000","2653","3","新北市","新莊區","121.445","25.040","3785"
"2891","382608","20220830172000","3008","0","新北市","新莊區","121.425","25.020","2951"
"393","382609","20220830172000","1646","0","新北市","新莊區","121.455","25.045","310"
"1983","382610","20220830172000","1841","1","新北市","板橋區","121.465","25.005","1928"
"2881","382611","20220830172000","2218","2","新北市","板橋區","121.460","25.005","3249"
"92","382614","20220830172000","158","0","新北市","深坑區","121.630","25.010","73"
"121","382615","20220830172000","131","0","新北市","深坑區","121.620","25.010","128"
"112","382618","20220830172000","178","0","新北市","深坑區","121.630","25.015","89"
"416","382623","20220830172000","772","0","新北市","深坑區","121.605","25.000","427"
"1419","382624","20220830172000","1238","1","新北市","新莊區","121.435","25.015","1345"
"84","382625","20220830172000","345","0","新北市","板橋區","121.450","25.000","68"
"777","382626","20220830172000","577","2","新北市","中和區","121.470","24.995","719"
"66","382627","20220830172000","53","2","新北市","中和區","121.480","24.990","74"
"512","382628","20220830172000","1306","0","新北市","中和區","121.475","25.000","463"
"417","382629","20220830172000","679","0","新北市","中和區","121.505","25.000","434"
"2333","382630","20220830172000","2386","0","新北市","永和區","121.525","25.005","2363"
"1669","382634","20220830172000","1314","2","新北市","樹林區","121.420","24.995","1581"
"1442","382637","20220830172000","1121","2","新北市","樹林區","121.420","25.000","1474"
"691","382638","20220830172000","739","0","新北市","新莊區","121.440","25.030","617"
"2354","382639","20220830172000","1846","2","新北市","新莊區","121.420","25.025","2317"
"2515","382640","20220830172000","2000","2","新北市","新莊區","121.455","25.050","2408"
"2248","382641","20220830172000","2114","1","新北市","中和區","121.470","25.000","2314"
"6338","382642","20220830172000","3508","3","新北市","板橋區","121.455","25.005","6392"
"750","382643","20220830172000","260","3","新北市","板橋區","121.445","25.020","687"
"710","382644","20220830172000","611","1","新北市","板橋區","121.440","25.000","624"
"4396","382645","20220830172000","5979","0","新北市","永和區","121.520","25.010","4154"
"1356","382646","20220830172000","1251","1","新北市","樹林區","121.415","25.000","1285"
"661","382647","20220830172000","509","2","新北市","樹林區","121.415","25.005","651"
"2151","382648","20220830172000","2881","0","新北市","土城區","121.455","24.995","2252"
"24","382660","20220830172000","24","1","新北市","平溪區","121.710","25.020","33"
"2555","382667","20220830172000","2642","0","新北市","新莊區","121.460","25.040","2842"
"4287","382668","20220830172000","4031","1","新北市","新莊區","121.460","25.045","4240"
"952","382671","20220830172000","882","1","新北市","板橋區","121.445","25.015","930"
"5716","382673","20220830172000","4611","2","新北市","板橋區","121.450","24.995","5367"
"3017","382674","20220830172000","2357","2","新北市","板橋區","121.455","25.000","3064"
"4300","382675","20220830172000","2850","3","新北市","永和區","121.520","25.015","4189"
"2661","382676","20220830172000","3586","0","新北市","永和區","121.515","25.015","2274"
"1735","382677","20220830172000","2103","0","新北市","新莊區","121.445","25.030","1717"
"3379","382678","20220830172000","2843","1","新北市","新莊區","121.455","25.035","3200"
"51","382679","20220830172000","725","0","新北市","板橋區","121.460","25.035","34"
"1397","382680","20220830172000","1175","1","新北市","新莊區","121.465","25.040","1221"
"630","382683","20220830172000","451","2","桃園市","中壢區","121.215","25.000","724"
"530","382686","20220830172000","200","3","桃園市","觀音區","121.125","25.030","489"
"2151","382699","20220830172000","2454","0","新北市","板橋區","121.485","25.020","2183"
"6417","382700","20220830172000","5996","1","新北市","板橋區","121.460","25.010","6529"
"3701","382701","20220830172000","2608","2","新北市","板橋區","121.460","24.995","3758"
"896","382702","20220830172000","733","2","新北市","樹林區","121.420","25.015","854"
"909","382703","20220830172000","774","1","新北市","新莊區","121.435","25.010","912"
"1433","382706","20220830172000","1375","1","新北市","新莊區","121.440","25.020","1523"
"163","382710","20220830172000","172","0","新北市","新莊區","121.445","25.025","164"
"2885","382711","20220830172000","2214","2","新北市","永和區","121.505","25.010","2614"
"2710","382712","20220830172000","3232","0","新北市","板橋區","121.475","25.020","2569"
"2569","382713","20220830172000","1928","2","新北市","新莊區","121.430","25.025","2648"
"341","382714","20220830172000","139","3","新北市","新莊區","121.435","25.025","325"
"1263","382715","20220830172000","1281","0","新北市","新莊區","121.425","25.025","1271"
"1175","382716","20220830172000","1167","1","臺北市","萬華區","121.500","25.015","1041"
"1618","382717","20220830172000","1160","2","新北市","新莊區","121.450","25.030","1594"
"239","382724","20220830172000","281","0","桃園市","中壢區","121.180","25.005","219"
"591","382730","20220830172000","582","1","桃園市","中壢區","121.190","25.010","640"
"475","382732","20220830172000","278","3","桃園市","中壢區","121.185","25.015","450"
"415","382735","20220830172000","437","0","桃園市","大園區","121.180","25.025","418"
"1098","382741","20220830172000","1121","0","桃園市","觀音區","121.160","24.995","1087"
"387","382743","20220830172000","479","0","桃園市","觀音區","121.155","25.000","443"
"692","382759","20220830172000","795","0","桃園市","觀音區","121.160","25.020","688"
"11","382763","20220830172000","14","0","桃園市","觀音區","121.150","25.025","18"
"779","382780","20220830172000","641","2","桃園市","觀音區","121.105","25.040","676"
"203","382785","20220830172000","211","0","桃園市","觀音區","121.130","25.020","220"
"446","382813","20220830172000","715","0","桃園市","觀音區","121.110","25.050","503"
"2618","382814","20220830172000","1635","3","桃園市","觀音區","121.115","25.050","2485"
"818","382815","20220830172000","514","3","桃園市","觀音區","121.120","25.050","829"
"210","382816","20220830172000","157","2","桃園市","觀音區","121.125","25.050","244"
"587","382820","20220830172000","392","2","桃園市","觀音區","121.120","25.055","603"
"728","382821","20220830172000","1239","0","桃園市","觀音區","121.125","25.055","722"
"847","382830","20220830172000","795","1","桃園市","觀音區","121.080","25.035","779"
"758","382842","20220830172000","594","2","桃園市","觀音區","121.095","25.050","788"
"349","382853","20220830172000","420","0","桃園市","觀音區","121.145","25.040","328"
"1831","382855","20220830172000","2329","0","桃園市","觀音區","121.140","25.045","1810"
"963","382857","20220830172000","979","0","桃園市","觀音區","121.130","25.050","967"
"433","382858","20220830172000","459","0","桃園市","觀音區","121.135","25.050","473"
"333","382868","20220830172000","191","3","桃園市","觀音區","121.115","25.000","339"
"1007","382888","20220830172000","949","1","桃園市","蘆竹區","121.270","25.010","1050"
"400","382890","20220830172000","246","3","桃園市","蘆竹區","121.265","25.015","469"
"1264","382891","20220830172000","1805","0","桃園市","蘆竹區","121.240","25.025","1941"
"1057","382893","20220830172000","748","2","桃園市","蘆竹區","121.250","25.025","1146"
"351","382894","20220830172000","1004","0","桃園市","大園區","121.235","25.025","364"
"3086","382896","20220830172000","917","3","桃園市","蘆竹區","121.245","25.025","2808"
"323","382898","20220830172000","232","2","桃園市","蘆竹區","121.240","25.030","403"
"133","382911","20220830172000","128","1","新北市","石碇區","121.670","25.010","134"
"94","382935","20220830172000","93","1","新北市","石碇區","121.670","25.030","88"
"14","382938","20220830172000","11","2","新北市","石碇區","121.685","25.030","11"
"83","382953","20220830172000","74","1","新北市","石碇區","121.690","25.005","97"
"104","382971","20220830172000","65","3","新北市","石碇區","121.700","25.015","108"
"207","382976","20220830172000","126","3","新北市","石碇區","121.660","24.995","192"
"127","382980","20220830172000","103","2","新北市","石碇區","121.650","25.000","111"
"33","382991","20220830172000","29","1","新北市","貢寮區","121.885","24.995","27"
"22","382996","20220830172000","12","3","新北市","貢寮區","121.885","25.000","17"
"47","383019","20220830172000","49","0","新北市","貢寮區","122.000","25.005","38"
"81","383024","20220830172000","55","2","新北市","貢寮區","121.990","25.010","106"
"64","383035","20220830172000","66","0","新北市","貢寮區","121.985","25.020","75"
"1797","383037","20220830172000","2718","0","新北市","永和區","121.520","25.000","1716"
"3523","383038","20220830172000","3367","1","新北市","板橋區","121.475","25.025","3600"
"358","383039","20220830172000","530","0","新北市","新莊區","121.410","25.030","355"
"490","383040","20220830172000","352","2","新北市","新莊區","121.415","25.030","468"
"118","383045","20220830172000","84","2","新北市","新莊區","121.405","25.040","100"
"2100","383046","20220830172000","2400","0","新北市","新莊區","121.455","25.055","1972"
"1003","383047","20220830172000","1730","0","新北市","新莊區","121.435","25.030","910"
"1636","383048","20220830172000","1492","1","新北市","新莊區","121.425","25.030","1777"
"936","383049","20220830172000","2043","0","新北市","新莊區","121.430","25.030","853"
"752","383050","20220830172000","1385","0","新北市","新莊區","121.430","25.035","674"
"2977","383054","20220830172000","4197","0","新北市","新莊區","121.445","25.050","2943"
"3453","383055","20220830172000","3172","1","新北市","新莊區","121.450","25.045","3803"
"2473","383056","20220830172000","1530","3","桃園市","蘆竹區","121.290","25.050","2307"
"3495","383057","20220830172000","3086","1","桃園市","蘆竹區","121.280","25.055","3473"
"482","383058","20220830172000","592","0","桃園市","蘆竹區","121.285","25.045","436"
"1737","383059","20220830172000","1731","1","桃園市","蘆竹區","121.285","25.050","2405"
"1781","383060","20220830172000","2231","0","桃園市","蘆竹區","121.285","25.055","1731"
"1221","383094","20220830172000","1560","0","桃園市","觀音區","121.050","25.025","1298"
"311","383096","20220830172000","481","0","桃園市","觀音區","121.080","25.030","319"
"824","383099","20220830172000","722","1","桃園市","觀音區","121.085","25.035","805"
"989","383113","20220830172000","874","1","桃園市","觀音區","121.120","25.025","1003"
"353","383117","20220830172000","417","0","桃園市","觀音區","121.115","25.025","374"
"2654","383118","20220830172000","1372","3","新北市","樹林區","121.410","25.015","2273"
"1038","383121","20220830172000","2023","0","新北市","泰山區","121.440","25.045","971"
"33","383122","20220830172000","347","0","新北市","泰山區","121.430","25.050","36"
"403","383124","20220830172000","263","3","新北市","泰山區","121.440","25.050","428"
"244","383125","20220830172000","374","0","新北市","泰山區","121.435","25.055","218"
"819","383126","20220830172000","662","2","新北市","泰山區","121.425","25.050","738"
"917","383127","20220830172000","1025","0","新北市","新莊區","121.440","25.055","964"
"2107","383128","20220830172000","1999","1","新北市","新莊區","121.445","25.055","2059"
"2852","383129","20220830172000","2746","1","新北市","新莊區","121.450","25.055","2891"
"2903","383130","20220830172000","3560","0","新北市","新莊區","121.450","25.050","3249"
"732","383131","20220830172000","781","0","新北市","新莊區","121.455","25.040","683"
"380","383132","20220830172000","37","3","新北市","板橋區","121.435","24.995","296"
"3897","383141","20220830172000","3779","1","新北市","永和區","121.515","25.005","3727"
"3669","383142","20220830172000","3949","0","新北市","板橋區","121.470","25.025","3709"
"3392","383143","20220830172000","2757","2","新北市","板橋區","121.475","25.030","3352"
"1692","383144","20220830172000","1498","1","新北市","新莊區","121.445","25.045","1631"
"818","383152","20220830172000","387","3","新北市","泰山區","121.400","25.055","720"
"1544","383156","20220830172000","1524","1","新北市","汐止區","121.625","25.040","1585"
"64","383165","20220830172000","48","2","新北市","雙溪區","121.865","25.045","47"
"12","383200","20220830172000","10","2","新北市","雙溪區","121.790","25.015","14"
"136","383202","20220830172000","94","2","新北市","雙溪區","121.800","25.015","102"
"335","383204","20220830172000","349","0","新北市","中和區","121.490","25.010","334"
"483","383205","20220830172000","537","0","新北市","樹林區","121.430","25.000","471"
"2162","383207","20220830172000","2554","0","新北市","永和區","121.515","24.995","2228"
"1679","383208","20220830172000","2132","0","桃園市","桃園區","121.315","25.005","1589"
"552","383209","20220830172000","607","0","桃園市","桃園區","121.315","25.010","535"
"495","383210","20220830172000","453","1","臺北市","萬華區","121.495","25.010","506"
"847","383211","20220830172000","1092","0","新北市","永和區","121.500","25.010","859"
"3139","383212","20220830172000","2847","1","新北市","永和區","121.510","25.015","3182"
"467","383214","20220830172000","745","0","新北市","汐止區","121.625","25.050","562"
"714","383218","20220830172000","858","0","桃園市","蘆竹區","121.290","25.055","816"
"808","383219","20220830172000","625","2","桃園市","蘆竹區","121.295","25.050","768"
"1454","383220","20220830172000","1689","0","桃園市","蘆竹區","121.300","25.050","1301"
"1079","383222","20220830172000","1050","1","桃園市","蘆竹區","121.300","25.055","1119"
"97","383225","20220830172000","27","3","桃園市","蘆竹區","121.315","25.055","79"
"308","383229","20220830172000","244","2","新北市","石碇區","121.645","25.005","332"
"22","383234","20220830172000","28","0","新北市","石碇區","121.700","24.995","16"
"111","383253","20220830172000","89","2","新北市","石碇區","121.665","25.010","127"
"274","383254","20220830172000","340","0","新北市","石碇區","121.645","25.010","388"
"67","383261","20220830172000","63","1","新北市","石碇區","121.655","25.015","59"
"409","383272","20220830172000","356","1","桃園市","觀音區","121.100","25.005","390"
"565","383277","20220830172000","510","1","桃園市","觀音區","121.095","25.020","549"
"362","383281","20220830172000","379","0","桃園市","觀音區","121.095","25.025","379"
"1341","383283","20220830172000","2002","0","桃園市","桃園區","121.285","24.995","1485"
"355","383284","20220830172000","379","0","桃園市","桃園區","121.290","24.995","323"
"795","383285","20220830172000","537","2","桃園市","桃園區","121.285","25.000","827"
"3461","383286","20220830172000","3364","1","桃園市","蘆竹區","121.290","25.045","3356"
"252","383287","20220830172000","160","3","桃園市","桃園區","121.280","25.030","295"
"525","383290","20220830172000","738","0","桃園市","蘆竹區","121.280","25.035","577"
"1126","383291","20220830172000","959","1","桃園市","蘆竹區","121.285","25.035","1183"
"1931","383294","20220830172000","1189","3","桃園市","蘆竹區","121.285","25.040","1911"
"1959","383295","20220830172000","2860","0","桃園市","蘆竹區","121.290","25.040","1971"
"46","383299","20220830172000","197","0","桃園市","蘆竹區","121.255","25.025","41"
"251","383301","20220830172000","311","0","桃園市","蘆竹區","121.250","25.035","259"
"325","383311","20220830172000","196","3","桃園市","蘆竹區","121.240","25.040","315"
"251","383313","20220830172000","116","3","桃園市","蘆竹區","121.255","25.040","214"
"39","383315","20220830172000","327","0","桃園市","蘆竹區","121.250","25.045","37"
"452","383318","20220830172000","642","0","桃園市","蘆竹區","121.265","25.025","477"
"804","383325","20220830172000","873","0","桃園市","蘆竹區","121.275","25.030","815"
"42","383357","20220830172000","76","0","新北市","雙溪區","121.880","25.020","54"
"23","383364","20220830172000","44","0","新北市","雙溪區","121.870","25.030","24"
"6115","383376","20220830172000","7918","0","新北市","中和區","121.485","25.000","5940"
"3663","383377","20220830172000","5203","0","新北市","中和區","121.485","25.005","3718"
"2808","383378","20220830172000","3786","0","新北市","中和區","121.500","25.000","2689"
"3343","383379","20220830172000","3457","0","新北市","板橋區","121.465","25.010","3238"
"2925","383380","20220830172000","2612","1","新北市","板橋區","121.470","25.010","2757"
"1469","383384","20220830172000","569","3","新北市","汐止區","121.635","25.040","1165"
"257","383424","20220830172000","331","0","桃園市","蘆竹區","121.255","25.050","225"
"581","383426","20220830172000","570","1","桃園市","蘆竹區","121.265","25.050","658"
"33","383430","20220830172000","70","0","桃園市","蘆竹區","121.250","25.055","33"
"430","383435","20220830172000","461","0","桃園市","蘆竹區","121.275","25.055","428"
"394","383437","20220830172000","372","1","桃園市","大園區","121.160","25.030","403"
"463","383449","20220830172000","440","1","桃園市","觀音區","121.155","25.050","461"
"1603","383456","20220830172000","1509","1","桃園市","觀音區","121.140","25.010","1485"
"466","383457","20220830172000","485","0","桃園市","觀音區","121.145","25.010","474"
"450","383463","20220830172000","435","1","桃園市","觀音區","121.130","25.005","440"
"246","383469","20220830172000","234","1","桃園市","觀音區","121.060","25.025","253"
"353","383475","20220830172000","431","0","桃園市","觀音區","121.065","25.025","379"
"323","383483","20220830172000","359","0","桃園市","觀音區","121.060","25.035","292"
"309","383485","20220830172000","370","0","桃園市","觀音區","121.070","25.035","322"
"273","383489","20220830172000","313","0","桃園市","觀音區","121.070","25.040","272"
"2514","383492","20220830172000","2507","1","新北市","三重區","121.475","25.050","2364"
"2588","383493","20220830172000","3069","0","新北市","中和區","121.510","24.995","2491"
"3573","383494","20220830172000","3856","0","新北市","中和區","121.510","25.000","3532"
"3024","383495","20220830172000","2863","1","新北市","板橋區","121.455","25.010","3110"
"2944","383496","20220830172000","2591","1","新北市","板橋區","121.455","25.020","3017"
"2023","383500","20220830172000","2149","0","新北市","樹林區","121.425","24.995","1978"
"177","383502","20220830172000","484","0","新北市","樹林區","121.405","25.005","162"
"149","383503","20220830172000","278","0","新北市","樹林區","121.410","25.005","128"
"1560","383507","20220830172000","1245","2","新北市","永和區","121.505","25.015","1492"
"203","383513","20220830172000","303","0","桃園市","中壢區","121.245","24.995","261"
"1890","383515","20220830172000","1534","2","桃園市","中壢區","121.225","25.000","1939"
"28","383518","20220830172000","311","0","桃園市","中壢區","121.240","25.000","12"
"634","383519","20220830172000","502","2","桃園市","中壢區","121.245","25.000","780"
"932","383520","20220830172000","674","2","桃園市","中壢區","121.250","25.000","1212"
"313","383521","20220830172000","170","3","桃園市","中壢區","121.230","25.005","327"
"696","383524","20220830172000","545","2","桃園市","中壢區","121.245","25.005","832"
"352","383526","20220830172000","672","0","桃園市","大園區","121.245","25.010","436"
"1016","383529","20220830172000","967","1","桃園市","中壢區","121.175","24.995","989"
"491","383553","20220830172000","548","0","桃園市","中壢區","121.220","25.005","496"
"75","383554","20220830172000","394","0","桃園市","中壢區","121.215","25.010","75"
"100","383556","20220830172000","311","0","桃園市","中壢區","121.215","25.015","88"
"714","383557","20220830172000","494","2","桃園市","中壢區","121.220","25.015","714"
"1157","383559","20220830172000","1308","0","新北市","板橋區","121.480","25.030","1151"
"411","383560","20220830172000","346","1","新北市","樹林區","121.420","25.005","388"
"2412","383562","20220830172000","1850","2","新北市","新莊區","121.430","25.005","2477"
"769","383563","20220830172000","1345","0","新北市","樹林區","121.425","25.010","819"
"310","383564","20220830172000","1250","0","新北市","樹林區","121.425","25.000","326"
"2669","383565","20220830172000","2360","1","新北市","永和區","121.515","25.000","2705"
"2397","383566","20220830172000","2740","0","新北市","永和區","121.520","25.005","2109"
"2274","383567","20220830172000","1472","3","新北市","中和區","121.480","25.005","2372"
"1680","383568","20220830172000","1854","0","新北市","泰山區","121.415","25.050","1684"
"1739","383572","20220830172000","1747","0","新北市","泰山區","121.430","25.055","1503"
"2095","383573","20220830172000","1630","2","新北市","板橋區","121.460","25.000","2290"
"4734","383574","20220830172000","3987","1","新北市","中和區","121.495","25.000","4846"
"1813","383575","20220830172000","2155","0","新北市","板橋區","121.465","25.030","1641"
"3442","383576","20220830172000","3977","0","新北市","板橋區","121.470","25.030","3233"
"20","383582","20220830172000","483","0","新北市","深坑區","121.620","25.005","24"
"173","383589","20220830172000","361","0","新北市","深坑區","121.615","25.000","245"
"282","383590","20220830172000","512","0","新北市","深坑區","121.620","25.000","297"
"869","383591","20220830172000","765","1","新北市","深坑區","121.625","25.000","902"
"365","383599","20220830172000","208","3","新北市","深坑區","121.635","25.005","323"
"1603","383600","20220830172000","1043","3","新北市","深坑區","121.615","25.005","1567"
"2731","383602","20220830172000","2682","1","新北市","板橋區","121.480","25.025","2657"
"3029","383603","20220830172000","3986","0","新北市","新莊區","121.445","25.035","3131"
"302","383604","20220830172000","442","0","新北市","永和區","121.530","25.000","235"
"2279","383605","20220830172000","3202","0","新北市","板橋區","121.480","25.020","2704"
"3064","383606","20220830172000","3039","1","新北市","板橋區","121.480","25.015","3114"
"1374","383607","20220830172000","1497","0","桃園市","桃園區","121.310","25.010","1388"
"2930","383608","20220830172000","2209","2","桃園市","桃園區","121.310","25.015","2846"
"2255","383609","20220830172000","3024","0","新北市","永和區","121.510","25.010","2235"
"2949","383610","20220830172000","2702","1","新北市","永和區","121.515","25.010","2992"
"3427","383611","20220830172000","3235","1","新北市","板橋區","121.460","25.015","3539"
"1831","383612","20220830172000","2796","0","新北市","板橋區","121.465","25.000","1781"
"1646","383614","20220830172000","1073","3","桃園市","桃園區","121.300","25.010","1642"
"3063","383615","20220830172000","2298","2","桃園市","桃園區","121.315","24.995","2928"
"769","383616","20220830172000","1055","0","新北市","深坑區","121.605","25.005","560"
"179","383618","20220830172000","255","0","新北市","深坑區","121.600","25.010","270"
"2525","383631","20220830172000","2502","1","新北市","深坑區","121.600","25.005","2140"
"1533","383632","20220830172000","1877","0","新北市","中和區","121.485","25.015","1400"
"2460","383633","20220830172000","2181","1","新北市","板橋區","121.475","25.015","2446"
"2876","383634","20220830172000","3834","0","新北市","板橋區","121.450","25.015","2954"
"1563","383635","20220830172000","1916","0","新北市","永和區","121.510","25.005","1530"
"2135","383636","20220830172000","2449","0","新北市","板橋區","121.450","25.010","2070"
"653","383637","20220830172000","864","0","新北市","樹林區","121.405","25.015","633"
"789","383638","20220830172000","791","0","新北市","樹林區","121.420","25.010","779"
"1301","383639","20220830172000","1243","1","新北市","樹林區","121.415","25.015","1293"
"54","383641","20220830172000","42","2","新北市","平溪區","121.765","25.035","67"
"180","383658","20220830172000","229","0","新北市","平溪區","121.775","25.040","211"
"149","383678","20220830172000","154","0","新北市","平溪區","121.740","25.025","163"
"123","383679","20220830172000","110","1","新北市","平溪區","121.745","25.025","102"
"56","383682","20220830172000","44","2","新北市","平溪區","121.745","25.030","67"
"38","383718","20220830172000","20","3","新北市","平溪區","121.780","25.025","72"
"21","383746","20220830172000","11","3","新北市","平溪區","121.765","25.020","12"
"41","383787","20220830172000","53","0","新北市","平溪區","121.750","25.005","39"
"64","383811","20220830172000","229","0","新北市","平溪區","121.715","25.020","81"
"28","383820","20220830172000","20","2","新北市","平溪區","121.735","25.020","23"
"847","383828","20220830172000","1696","0","新北市","中和區","121.475","24.995","855"
"3868","383829","20220830172000","4222","0","新北市","板橋區","121.470","25.020","3857"
"227","383830","20220830172000","191","1","新北市","板橋區","121.440","25.005","239"
"900","383831","20220830172000","993","0","新北市","新莊區","121.440","25.015","926"
"939","383833","20220830172000","1530","0","新北市","永和區","121.515","25.020","900"
"166","383834","20220830172000","169","0","新北市","汐止區","121.645","25.030","168"
"154","383848","20220830172000","184","0","新北市","汐止區","121.645","25.040","224"
"121","383859","20220830172000","94","2","新北市","汐止區","121.670","25.045","72"
"30","383862","20220830172000","80","0","新北市","汐止區","121.660","25.050","31"
"507","383865","20220830172000","539","0","新北市","永和區","121.530","25.005","454"
"2955","383866","20220830172000","3221","0","新北市","新莊區","121.465","25.045","3221"
"1195","383867","20220830172000","1886","0","新北市","新莊區","121.415","25.025","1252"
"1422","383868","20220830172000","1678","0","新北市","中和區","121.525","24.995","1297"
"601","383871","20220830172000","985","0","桃園市","中壢區","121.200","25.010","546"
"507","383880","20220830172000","493","1","桃園市","中壢區","121.200","25.020","547"
"63","383883","20220830172000","123","0","新北市","深坑區","121.635","25.010","86"
"6961","383889","20220830172000","6188","1","新北市","板橋區","121.465","25.015","6687"
"61","383890","20220830172000","170","0","新北市","板橋區","121.475","25.035","63"
"1187","383891","20220830172000","752","3","新北市","板橋區","121.480","25.035","1054"
"5590","383893","20220830172000","5114","1","新北市","板橋區","121.465","25.020","5614"
"2100","383894","20220830172000","2472","0","新北市","板橋區","121.460","25.020","2050"
"2095","383895","20220830172000","1892","1","新北市","永和區","121.525","25.010","2012"
"3663","383896","20220830172000","3357","1","新北市","永和區","121.525","25.000","3595"
"1167","383897","20220830172000","1571","0","桃園市","龜山區","121.365","25.030","1161"
"1815","383900","20220830172000","1725","1","桃園市","龜山區","121.360","25.040","1854"
"989","383902","20220830172000","1078","0","桃園市","龜山區","121.360","25.045","1073"
"1863","383903","20220830172000","1091","3","桃園市","龜山區","121.360","25.050","1714"
"784","383904","20220830172000","1273","0","桃園市","龜山區","121.365","25.050","778"
"1147","383905","20220830172000","1324","0","桃園市","龜山區","121.360","25.055","1182"
"1913","383906","20220830172000","1788","1","桃園市","龜山區","121.365","25.055","1968"
"5626","383907","20220830172000","2981","3","桃園市","龜山區","121.375","25.035","5606"
"1620","383908","20220830172000","1262","2","桃園市","龜山區","121.370","25.040","1615"
"465","383909","20220830172000","598","0","桃園市","龜山區","121.375","25.040","507"
"252","383910","20220830172000","386","0","桃園市","龜山區","121.365","25.045","221"
"2092","383911","20220830172000","2549","0","桃園市","龜山區","121.370","25.045","2216"
"315","383912","20220830172000","495","0","桃園市","龜山區","121.375","25.045","309"
"1828","383913","20220830172000","2870","0","桃園市","龜山區","121.370","25.050","1903"
"6206","383914","20220830172000","4579","2","桃園市","龜山區","121.375","25.050","6239"
"1057","383915","20220830172000","984","1","桃園市","龜山區","121.370","25.055","1095"
"1761","383916","20220830172000","1863","0","桃園市","龜山區","121.375","25.055","1845"
"445","383919","20220830172000","661","0","桃園市","龜山區","121.360","25.000","421"
"228","383920","20220830172000","192","1","桃園市","龜山區","121.365","25.000","248"
"504","383922","20220830172000","535","0","桃園市","龜山區","121.340","25.000","492"
"327","383924","20220830172000","333","0","桃園市","龜山區","121.340","25.005","297"
"980","383928","20220830172000","858","1","桃園市","龜山區","121.365","25.005","1032"
"436","383930","20220830172000","368","1","桃園市","龜山區","121.355","25.010","661"
"401","383939","20220830172000","471","0","桃園市","龜山區","121.360","25.020","278"
"875","383940","20220830172000","972","0","桃園市","龜山區","121.365","25.015","942"
"133","383941","20220830172000","189","0","桃園市","龜山區","121.370","25.020","134"
"128","383945","20220830172000","129","0","桃園市","龜山區","121.365","25.020","121"
"10","383951","20220830172000","14","0","桃園市","龜山區","121.375","25.025","10"
"13","383952","20220830172000","26","0","桃園市","龜山區","121.380","25.025","38"
"1733","383958","20220830172000","1296","2","桃園市","龜山區","121.335","24.995","1512"
"945","383959","20220830172000","509","3","桃園市","龜山區","121.345","25.005","769"
"490","383962","20220830172000","493","0","桃園市","龜山區","121.345","25.010","494"
"340","383966","20220830172000","291","1","桃園市","龜山區","121.345","25.015","340"
"429","383978","20220830172000","449","0","桃園市","龜山區","121.350","25.020","390"
"60","383987","20220830172000","44","2","桃園市","龜山區","121.345","25.030","52"
"219","383989","20220830172000","148","2","桃園市","龜山區","121.355","25.030","200"
"69","383991","20220830172000","136","0","桃園市","龜山區","121.380","25.020","85"
"174","383995","20220830172000","574","0","桃園市","龜山區","121.385","25.025","174"
"40","383996","20220830172000","343","0","桃園市","龜山區","121.390","25.025","30"
"1117","384001","20220830172000","1896","0","桃園市","龜山區","121.390","25.030","960"
"418","384003","20220830172000","823","0","桃園市","龜山區","121.385","25.035","474"
"929","384004","20220830172000","1146","0","桃園市","龜山區","121.390","25.035","794"
"29","384008","20220830172000","13","3","桃園市","龜山區","121.385","25.040","32"
"663","384009","20220830172000","848","0","桃園市","龜山區","121.390","25.040","652"
"1286","384015","20220830172000","2052","0","桃園市","龜山區","121.380","25.050","1337"
"235","384017","20220830172000","444","0","桃園市","龜山區","121.390","25.050","226"
"271","384019","20220830172000","550","0","桃園市","龜山區","121.380","25.055","250"
"7547","384021","20220830172000","8041","0","臺北市","中山區","121.525","25.050","7572"
"8805","384022","20220830172000","9200","0","臺北市","中山區","121.530","25.055","8760"
"554","384040","20220830172000","567","0","桃園市","大園區","121.185","25.045","512"
"701","384041","20220830172000","385","3","桃園市","大園區","121.190","25.045","645"
"122","384058","20220830172000","148","0","桃園市","龜山區","121.355","24.995","132"
"467","384060","20220830172000","416","1","桃園市","龜山區","121.355","25.000","507"
"1632","384064","20220830172000","1891","0","新北市","永和區","121.510","25.020","1747"
"2575","384065","20220830172000","2788","0","臺北市","中正區","121.515","25.025","2440"
"1403","384066","20220830172000","2639","0","臺北市","中正區","121.525","25.020","1494"
"2202","384067","20220830172000","3206","0","臺北市","中正區","121.515","25.040","2344"
"15339","384068","20220830172000","17084","0","臺北市","中正區","121.515","25.045","15952"
"12216","384069","20220830172000","12014","1","臺北市","中山區","121.535","25.055","12305"
"1062","384070","20220830172000","1217","0","臺北市","文山區","121.560","25.005","1139"
"333","384071","20220830172000","431","0","臺北市","大安區","121.560","25.010","402"
"459","384072","20220830172000","1083","0","桃園市","桃園區","121.310","24.995","438"
"5495","384073","20220830172000","5969","0","臺北市","中山區","121.535","25.045","5574"
"4533","384074","20220830172000","6770","0","臺北市","中山區","121.535","25.050","4693"
"5754","384075","20220830172000","5478","1","臺北市","中正區","121.515","25.030","5505"
"5266","384076","20220830172000","5965","0","臺北市","信義區","121.565","25.025","4810"
"1374","384077","20220830172000","1478","0","臺北市","信義區","121.575","25.045","1388"
"304","384078","20220830172000","347","0","臺北市","信義區","121.585","25.035","317"
"532","384079","20220830172000","723","0","臺北市","信義區","121.565","25.020","611"
"822","384081","20220830172000","1112","0","桃園市","桃園區","121.290","25.010","753"
"956","384082","20220830172000","1323","0","桃園市","桃園區","121.285","25.015","985"
"842","384083","20220830172000","691","2","桃園市","桃園區","121.290","25.015","805"
"6729","384084","20220830172000","7730","0","臺北市","中正區","121.525","25.045","6480"
"6661","384085","20220830172000","5810","1","臺北市","中正區","121.530","25.045","7470"
"2906","384086","20220830172000","3919","0","臺北市","中正區","121.530","25.010","2755"
"6780","384087","20220830172000","7699","0","臺北市","中山區","121.525","25.055","6912"
"4316","384088","20220830172000","4041","1","臺北市","中山區","121.540","25.045","4063"
"4608","384089","20220830172000","5293","0","臺北市","大安區","121.540","25.040","4656"
"4018","384090","20220830172000","4706","0","臺北市","中正區","121.520","25.030","4014"
"3169","384091","20220830172000","3351","0","臺北市","中正區","121.520","25.035","3272"
"9296","384092","20220830172000","9183","1","臺北市","中正區","121.520","25.040","9449"
"8325","384093","20220830172000","9815","0","臺北市","中正區","121.525","25.040","8417"
"257","384094","20220830172000","706","0","臺北市","中正區","121.525","25.015","268"
"1467","384100","20220830172000","846","3","桃園市","中壢區","121.200","25.000","1407"
"34","384101","20220830172000","202","0","桃園市","中壢區","121.205","25.000","28"
"561","384103","20220830172000","244","3","桃園市","中壢區","121.200","25.005","501"
"1104","384104","20220830172000","1244","0","新北市","泰山區","121.420","25.030","1063"
"312","384106","20220830172000","322","0","新北市","泰山區","121.425","25.035","316"
"1577","384109","20220830172000","2309","0","新北市","泰山區","121.420","25.040","1633"
"933","384111","20220830172000","847","1","新北市","泰山區","121.425","25.040","905"
"2297","384112","20220830172000","2549","0","新北市","泰山區","121.430","25.040","2240"
"212","384113","20220830172000","99","3","桃園市","龜山區","121.330","24.995","202"
"453","384129","20220830172000","297","3","桃園市","龜山區","121.375","25.010","360"
"667","384131","20220830172000","616","1","桃園市","龜山區","121.385","25.010","707"
"308","384132","20220830172000","264","1","桃園市","龜山區","121.390","25.010","323"
"1140","384140","20220830172000","1178","0","桃園市","龜山區","121.395","25.020","1116"
"456","384141","20220830172000","479","0","桃園市","龜山區","121.400","25.020","474"
"964","384142","20220830172000","937","1","桃園市","龜山區","121.340","24.995","938"
"1775","384145","20220830172000","1669","1","桃園市","龜山區","121.345","25.000","1798"
"9822","384146","20220830172000","11169","0","臺北市","中山區","121.520","25.055","10325"
"845","384147","20220830172000","1300","0","桃園市","桃園區","121.305","25.025","854"
"89","384149","20220830172000","62","2","桃園市","新屋區","121.030","25.000","75"
"205","384152","20220830172000","242","0","桃園市","新屋區","121.030","25.005","207"
"157","384164","20220830172000","96","3","桃園市","新屋區","121.060","24.995","136"
"173","384167","20220830172000","164","1","桃園市","新屋區","121.060","25.000","180"
"452","384185","20220830172000","540","0","桃園市","新屋區","121.075","25.005","469"
"193","384188","20220830172000","639","0","桃園市","桃園區","121.325","25.000","136"
"432","384189","20220830172000","377","1","桃園市","桃園區","121.320","25.005","400"
"918","384190","20220830172000","794","1","桃園市","桃園區","121.325","25.005","1003"
"2466","384194","20220830172000","2908","0","臺北市","中正區","121.510","25.025","1941"
"34","384227","20220830172000","39","0","新北市","貢寮區","121.955","25.005","50"
"52","384234","20220830172000","51","1","新北市","貢寮區","121.950","25.010","76"
"285","384241","20220830172000","275","1","新北市","貢寮區","121.945","25.015","496"
"57","384254","20220830172000","52","1","新北市","貢寮區","121.970","25.025","49"
"11","384264","20220830172000","50","0","新北市","貢寮區","121.890","25.020","13"
"280","384267","20220830172000","363","0","新北市","貢寮區","121.905","25.020","312"
"27","384270","20220830172000","57","0","新北市","貢寮區","121.900","25.025","33"
"13","384288","20220830172000","12","1","新北市","貢寮區","121.930","25.000","15"
"190","384299","20220830172000","138","2","新北市","貢寮區","121.920","25.010","198"
"49","384306","20220830172000","49","1","新北市","貢寮區","121.930","25.015","61"
"31","384338","20220830172000","25","2","新北市","貢寮區","121.905","25.010","37"
"369","384342","20220830172000","309","1","新北市","貢寮區","121.945","25.020","577"
"132","384349","20220830172000","88","3","新北市","貢寮區","121.930","25.030","117"
"118","384353","20220830172000","21","3","新北市","貢寮區","121.930","25.035","80"
"1518","384355","20220830172000","1399","1","桃園市","龜山區","121.400","25.015","1494"
"2557","384356","20220830172000","2698","0","桃園市","龜山區","121.405","25.020","2528"
"253","384362","20220830172000","219","1","桃園市","新屋區","121.045","25.005","227"
"422","384367","20220830172000","259","3","桃園市","桃園區","121.320","24.995","337"
"1519","384368","20220830172000","1250","2","桃園市","桃園區","121.325","24.995","1270"
"1398","384371","20220830172000","1418","0","桃園市","桃園區","121.295","25.000","1403"
"558","384372","20220830172000","431","2","桃園市","桃園區","121.280","25.005","638"
"927","384373","20220830172000","617","3","桃園市","桃園區","121.285","25.005","868"
"1269","384374","20220830172000","2885","0","桃園市","桃園區","121.280","25.010","1273"
"1389","384375","20220830172000","2378","0","桃園市","桃園區","121.300","25.000","1340"
"1064","384376","20220830172000","1059","1","桃園市","桃園區","121.305","25.000","1098"
"1070","384377","20220830172000","853","2","桃園市","桃園區","121.310","25.025","1090"
"406","384378","20220830172000","338","2","桃園市","桃園區","121.310","25.020","408"
"811","384379","20220830172000","494","3","桃園市","桃園區","121.315","25.025","724"
"2220","384382","20220830172000","2043","1","桃園市","桃園區","121.300","25.025","2172"
"1308","384383","20220830172000","1116","1","桃園市","桃園區","121.305","25.020","1330"
"154","384386","20220830172000","130","1","桃園市","桃園區","121.300","25.030","149"
"122","384387","20220830172000","55","3","桃園市","桃園區","121.295","24.995","104"
"3814","384388","20220830172000","4442","0","臺北市","中山區","121.530","25.050","3704"
"3108","384389","20220830172000","3071","1","桃園市","桃園區","121.295","25.025","3047"
"265","384391","20220830172000","288","0","桃園市","蘆竹區","121.295","25.035","275"
"4095","384392","20220830172000","3724","1","桃園市","蘆竹區","121.295","25.040","4182"
"2463","384393","20220830172000","2705","0","桃園市","桃園區","121.300","25.015","2484"
"4878","384394","20220830172000","3736","2","桃園市","桃園區","121.295","25.015","4885"
"2252","384395","20220830172000","1719","2","桃園市","桃園區","121.320","25.010","2133"
"1641","384398","20220830172000","934","3","桃園市","桃園區","121.310","25.000","1611"
"634","384399","20220830172000","608","1","桃園市","桃園區","121.315","25.000","567"
"462","384400","20220830172000","378","2","桃園市","桃園區","121.320","25.000","449"
"813","384401","20220830172000","586","2","桃園市","桃園區","121.310","25.005","799"
"379","384402","20220830172000","238","3","臺北市","南港區","121.590","25.035","297"
"659","384403","20220830172000","279","3","臺北市","大安區","121.550","25.015","406"
"2706","384404","20220830172000","3190","0","臺北市","大安區","121.555","25.020","2628"
"7470","384405","20220830172000","9114","0","臺北市","大安區","121.550","25.020","7359"
"1337","384408","20220830172000","1369","0","桃園市","桃園區","121.305","25.010","1332"
"2990","384409","20220830172000","4599","0","臺北市","中正區","121.530","25.015","3114"
"7652","384410","20220830172000","7026","1","臺北市","中正區","121.525","25.035","6492"
"3736","384411","20220830172000","4733","0","臺北市","中山區","121.540","25.050","3394"
"802","384412","20220830172000","1116","0","桃園市","桃園區","121.290","25.020","837"
"5620","384413","20220830172000","6812","0","臺北市","信義區","121.560","25.045","5806"
"208","384415","20220830172000","308","0","桃園市","桃園區","121.300","24.995","188"
"1385","384416","20220830172000","1532","0","桃園市","桃園區","121.290","25.025","1333"
"897","384417","20220830172000","637","2","桃園市","桃園區","121.290","25.005","884"
"1789","384418","20220830172000","1301","2","桃園市","桃園區","121.295","25.005","1745"
"1011","384419","20220830172000","1369","0","桃園市","桃園區","121.295","25.010","866"
"4423","384420","20220830172000","5486","0","臺北市","大同區","121.510","25.055","4597"
"1324","384421","20220830172000","942","2","臺北市","中正區","121.520","25.020","1082"
"3722","384422","20220830172000","3478","1","臺北市","信義區","121.570","25.025","3939"
"12","384423","20220830172000","25","0","臺北市","信義區","121.575","25.025","11"
"1705","384424","20220830172000","1841","0","臺北市","信義區","121.570","25.030","1706"
"1570","384425","20220830172000","1763","0","臺北市","信義區","121.575","25.030","1484"
"5025","384426","20220830172000","6099","0","臺北市","大同區","121.515","25.050","5577"
"8001","384427","20220830172000","8001","1","臺北市","中山區","121.520","25.050","8701"
"2705","384428","20220830172000","2849","0","臺北市","大同區","121.515","25.055","2726"
"2694","384429","20220830172000","2256","1","桃園市","桃園區","121.305","24.995","2569"
"2051","384430","20220830172000","2090","0","桃園市","桃園區","121.300","25.005","2161"
"1069","384431","20220830172000","1100","0","臺北市","大同區","121.505","25.050","1182"
"4676","384432","20220830172000","5333","0","臺北市","大同區","121.510","25.050","4917"
"1052","384433","20220830172000","1888","0","臺北市","大安區","121.555","25.040","935"
"7025","384434","20220830172000","8421","0","臺北市","大安區","121.555","25.030","7004"
"4964","384435","20220830172000","4482","1","臺北市","大安區","121.530","25.025","3766"
"1872","384436","20220830172000","4322","0","臺北市","大安區","121.525","25.030","1831"
"6190","384437","20220830172000","7791","0","臺北市","大安區","121.525","25.025","6276"
"4285","384438","20220830172000","4301","0","臺北市","大安區","121.545","25.035","4246"
"8110","384439","20220830172000","9928","0","臺北市","大安區","121.545","25.030","7502"
"5016","384440","20220830172000","5595","0","臺北市","大安區","121.555","25.035","5013"
"4414","384441","20220830172000","6683","0","臺北市","大安區","121.550","25.025","4142"
"5806","384442","20220830172000","5468","1","臺北市","中正區","121.530","25.035","6088"
"6500","384443","20220830172000","6599","0","臺北市","中正區","121.510","25.045","6513"
"620","384446","20220830172000","480","2","桃園市","蘆竹區","121.270","25.015","666"
"436","384447","20220830172000","389","1","桃園市","蘆竹區","121.260","25.025","394"
"1256","384448","20220830172000","964","2","桃園市","蘆竹區","121.265","25.020","1193"
"361","384449","20220830172000","362","0","桃園市","蘆竹區","121.270","25.020","353"
"23","384450","20220830172000","21","1","桃園市","蘆竹區","121.270","25.025","25"
"17","384454","20220830172000","24","0","桃園市","蘆竹區","121.255","25.000","17"
"60","384461","20220830172000","139","0","桃園市","蘆竹區","121.260","25.010","51"
"52","384463","20220830172000","196","0","桃園市","蘆竹區","121.250","25.015","74"
"455","384466","20220830172000","462","0","桃園市","蘆竹區","121.250","25.020","464"
"2008","384467","20220830172000","972","3","桃園市","蘆竹區","121.255","25.020","2091"
"2086","384468","20220830172000","2194","0","桃園市","蘆竹區","121.260","25.020","2140"
"2936","384469","20220830172000","2896","1","桃園市","蘆竹區","121.295","25.055","2610"
"853","384473","20220830172000","829","1","桃園市","桃園區","121.305","25.030","935"
"353","384480","20220830172000","514","0","桃園市","龜山區","121.305","25.035","354"
"492","384489","20220830172000","540","0","桃園市","蘆竹區","121.295","25.045","475"
"1076","384497","20220830172000","2341","0","桃園市","龜山區","121.305","25.045","1162"
"266","384499","20220830172000","1107","0","桃園市","龜山區","121.315","25.045","246"
"31","384502","20220830172000","20","3","桃園市","龜山區","121.330","25.045","35"
"424","384507","20220830172000","216","3","桃園市","龜山區","121.320","25.050","402"
"527","384514","20220830172000","315","3","桃園市","龜山區","121.335","25.055","536"
"400","384517","20220830172000","732","0","桃園市","龜山區","121.340","25.035","455"
"244","384521","20220830172000","268","0","桃園市","龜山區","121.345","25.040","239"
"376","384522","20220830172000","316","1","桃園市","龜山區","121.350","25.040","320"
"37","384523","20220830172000","51","0","桃園市","龜山區","121.355","25.040","46"
"657","384525","20220830172000","848","0","桃園市","龜山區","121.350","25.045","521"
"438","384526","20220830172000","759","0","桃園市","龜山區","121.355","25.045","411"
"33","384527","20220830172000","68","0","桃園市","龜山區","121.345","25.050","31"
"767","384528","20220830172000","703","1","桃園市","龜山區","121.350","25.050","652"
"358","384532","20220830172000","239","2","桃園市","龜山區","121.350","25.055","386"
"5901","384533","20220830172000","6412","0","臺北市","信義區","121.570","25.035","5949"
"2668","384534","20220830172000","2936","0","臺北市","信義區","121.575","25.035","2204"
"47","384537","20220830172000","25","3","臺北市","南港區","121.625","25.020","34"
"93","384549","20220830172000","136","0","臺北市","南港區","121.630","25.030","122"
"742","384552","20220830172000","632","1","臺北市","南港區","121.620","25.035","791"
"130","384554","20220830172000","70","3","新北市","汐止區","121.630","25.035","101"
"941","384555","20220830172000","681","2","臺北市","南港區","121.620","25.040","783"
"3833","384556","20220830172000","4346","0","臺北市","信義區","121.575","25.040","3206"
"3395","384557","20220830172000","3942","0","臺北市","南港區","121.585","25.045","3332"
"102","384572","20220830172000","68","3","新北市","雙溪區","121.825","25.025","104"
"33","384597","20220830172000","21","3","新北市","雙溪區","121.850","25.010","26"
"11","384613","20220830172000","53","0","新北市","雙溪區","121.860","25.035","11"
"706","384614","20220830172000","894","0","新北市","雙溪區","121.865","25.035","600"
"45","384624","20220830172000","57","0","新北市","雙溪區","121.830","25.000","52"
"23","384641","20220830172000","40","0","新北市","雙溪區","121.805","25.015","23"
"166","384662","20220830172000","110","3","新北市","雙溪區","121.840","25.035","133"
"235","384679","20220830172000","290","0","新北市","雙溪區","121.865","25.040","284"
"81","384696","20220830172000","37","3","新北市","雙溪區","121.845","24.995","77"
"579","384710","20220830172000","475","2","桃園市","桃園區","121.275","25.020","635"
"432","384711","20220830172000","376","1","桃園市","桃園區","121.280","25.020","498"
"33","384715","20220830172000","232","0","臺北市","信義區","121.560","25.025","23"
"1389","384716","20220830172000","1630","0","臺北市","信義區","121.565","25.030","1321"
"11878","384717","20220830172000","13933","0","臺北市","信義區","121.560","25.030","12038"
"3111","384718","20220830172000","4250","0","臺北市","中正區","121.520","25.025","3244"
"740","384719","20220830172000","1107","0","桃園市","大園區","121.210","25.005","585"
"1202","384720","20220830172000","921","2","桃園市","大園區","121.210","25.010","1262"
"2370","384721","20220830172000","1853","2","桃園市","大園區","121.210","25.015","3026"
"1489","384722","20220830172000","813","3","桃園市","大園區","121.210","25.020","1898"
"218","384723","20220830172000","237","0","桃園市","大園區","121.220","25.020","178"
"717","384726","20220830172000","634","1","桃園市","大園區","121.220","25.025","718"
"509","384729","20220830172000","488","1","桃園市","大園區","121.215","25.025","521"
"437","384731","20220830172000","536","0","桃園市","大園區","121.205","25.035","447"
"389","384739","20220830172000","303","2","桃園市","大園區","121.205","25.050","409"
"71","384743","20220830172000","79","0","桃園市","大園區","121.210","25.055","62"
"3526","384744","20220830172000","4473","0","臺北市","信義區","121.580","25.040","3526"
"1144","384745","20220830172000","1504","0","臺北市","中正區","121.510","25.030","1081"
"8859","384746","20220830172000","8123","1","臺北市","中正區","121.520","25.045","8501"
"2241","384747","20220830172000","3126","0","臺北市","中正區","121.505","25.030","2261"
"5074","384748","20220830172000","5381","0","臺北市","中正區","121.510","25.035","4836"
"1321","384749","20220830172000","1496","0","臺北市","中正區","121.515","25.035","880"
"5395","384750","20220830172000","7232","0","臺北市","中正區","121.510","25.040","5438"
"2268","384751","20220830172000","2012","1","桃園市","桃園區","121.305","25.015","2209"
"1671","384752","20220830172000","1591","1","桃園市","桃園區","121.300","25.020","1688"
"3123","384754","20220830172000","2481","2","桃園市","桃園區","121.295","25.020","3152"
"2398","384756","20220830172000","2816","0","桃園市","桃園區","121.315","25.015","2466"
"435","384757","20220830172000","1095","0","桃園市","桃園區","121.315","25.020","471"
"1775","384759","20220830172000","1654","1","桃園市","桃園區","121.305","25.005","1792"
"3317","384760","20220830172000","4416","0","臺北市","信義區","121.570","25.045","3240"
"456","384761","20220830172000","422","1","臺北市","信義區","121.575","25.015","456"
"525","384763","20220830172000","586","0","臺北市","信義區","121.575","25.020","371"
"640","384770","20220830172000","469","2","桃園市","大園區","121.225","25.015","634"
"720","384775","20220830172000","656","1","桃園市","大園區","121.230","25.020","778"
"223","384776","20220830172000","152","2","桃園市","大園區","121.235","25.020","182"
"313","384777","20220830172000","541","0","桃園市","大園區","121.240","25.020","321"
"243","384783","20220830172000","157","3","桃園市","大園區","121.230","25.025","250"
"218","384787","20220830172000","142","3","桃園市","大園區","121.220","25.035","186"
"584","384788","20220830172000","644","0","桃園市","大園區","121.225","25.035","697"
"448","384790","20220830172000","434","1","桃園市","大園區","121.165","25.050","437"
"601","384794","20220830172000","703","0","桃園市","大園區","121.160","25.055","602"
"318","384798","20220830172000","271","1","桃園市","大園區","121.175","25.055","290"
"299","384806","20220830172000","382","0","桃園市","大園區","121.175","25.030","334"
"277","384811","20220830172000","161","3","桃園市","大園區","121.180","25.035","290"
"301","384818","20220830172000","256","1","桃園市","大園區","121.215","25.035","262"
"472","384824","20220830172000","536","0","桃園市","大園區","121.215","25.045","470"
"108","384830","20220830172000","101","1","桃園市","大園區","121.215","25.055","93"
"519","384831","20220830172000","755","0","桃園市","大園區","121.220","25.055","554"
"4952","384843","20220830172000","6639","0","臺北市","松山區","121.550","25.045","5048"
"2256","384844","20220830172000","2535","0","臺北市","信義區","121.565","25.045","1958"
"100","384845","20220830172000","64","3","臺北市","南港區","121.595","25.035","77"
"4303","384846","20220830172000","4706","0","臺北市","大安區","121.535","25.020","3724"
"968","384847","20220830172000","1141","0","臺北市","大安區","121.535","25.030","1096"
"1003","384848","20220830172000","923","1","臺北市","文山區","121.575","25.000","1140"
"80","384849","20220830172000","105","0","臺北市","文山區","121.590","25.000","96"
"272","384853","20220830172000","393","0","臺北市","文山區","121.585","25.005","337"
"261","384856","20220830172000","216","2","臺北市","文山區","121.570","25.010","289"
"117","384857","20220830172000","144","0","臺北市","文山區","121.575","25.010","111"
"83","384858","20220830172000","82","1","臺北市","文山區","121.580","25.010","71"
"66","384862","20220830172000","55","2","臺北市","文山區","121.590","25.010","69"
"1641","384864","20220830172000","957","3","臺北市","大安區","121.540","25.010","1356"
"3011","384865","20220830172000","2555","1","臺北市","文山區","121.540","25.005","2706"
"1143","384868","20220830172000","1270","0","臺北市","萬華區","121.490","25.035","1139"
"3566","384871","20220830172000","3510","1","臺北市","文山區","121.560","25.000","3315"
"1053","384874","20220830172000","1248","0","臺北市","萬華區","121.495","25.015","1161"
"104","384876","20220830172000","99","1","臺北市","信義區","121.565","25.015","90"
"5343","384878","20220830172000","5442","0","臺北市","大安區","121.550","25.035","4874"
"4449","384879","20220830172000","4072","1","臺北市","中正區","121.530","25.040","4537"
"13279","384880","20220830172000","12007","1","臺北市","大安區","121.550","25.030","13168"
"3268","384881","20220830172000","4164","0","臺北市","信義區","121.555","25.025","3443"
"796","384882","20220830172000","482","3","臺北市","文山區","121.550","24.995","689"
"2073","384883","20220830172000","2072","1","臺北市","文山區","121.550","25.000","1906"
"2583","384884","20220830172000","3488","0","臺北市","萬華區","121.500","25.020","2814"
"4085","384885","20220830172000","4354","0","臺北市","大安區","121.530","25.020","3854"
"5362","384886","20220830172000","6478","0","臺北市","大安區","121.540","25.035","5137"
"271","384888","20220830172000","242","1","臺北市","文山區","121.565","25.000","259"
"375","384889","20220830172000","332","1","臺北市","文山區","121.565","25.005","257"
"793","384890","20220830172000","863","0","臺北市","文山區","121.570","25.005","874"
"151","384893","20220830172000","227","0","臺北市","文山區","121.585","24.995","215"
"325","384895","20220830172000","226","2","臺北市","文山區","121.580","25.000","315"
"153","384896","20220830172000","18","3","臺北市","文山區","121.585","25.000","186"
"364","384897","20220830172000","426","0","新北市","深坑區","121.600","25.000","448"
"3351","384898","20220830172000","4187","0","臺北市","文山區","121.540","24.995","3424"
"221","384899","20220830172000","196","1","臺北市","文山區","121.570","24.995","187"
"1094","384900","20220830172000","1144","0","臺北市","文山區","121.570","25.000","1071"
"3584","384901","20220830172000","3591","0","臺北市","文山區","121.540","25.000","3708"
"861","384903","20220830172000","1248","0","臺北市","萬華區","121.505","25.020","817"
"835","384904","20220830172000","1100","0","臺北市","文山區","121.555","24.995","938"
"1435","384905","20220830172000","1145","2","臺北市","文山區","121.560","24.995","1422"
"1349","384906","20220830172000","1737","0","臺北市","文山區","121.555","25.000","1381"
"1277","384907","20220830172000","1005","2","臺北市","文山區","121.550","25.005","1148"
"341","384908","20220830172000","256","2","臺北市","大安區","121.550","25.010","363"
"1705","384909","20220830172000","2815","0","臺北市","大安區","121.540","25.015","1879"
"2776","384911","20220830172000","5287","0","臺北市","中正區","121.535","25.010","2773"
"701","384913","20220830172000","1247","0","臺北市","大安區","121.545","25.010","771"
"4161","384914","20220830172000","4668","0","臺北市","大安區","121.535","25.015","4096"
"681","384916","20220830172000","1166","0","臺北市","大安區","121.545","25.015","709"
"9113","384917","20220830172000","10732","0","臺北市","大安區","121.550","25.040","9891"
"927","384918","20220830172000","1193","0","臺北市","文山區","121.535","24.995","1163"
"4434","384919","20220830172000","4909","0","臺北市","松山區","121.545","25.045","4764"
"3207","384920","20220830172000","3321","0","臺北市","萬華區","121.500","25.040","3224"
"651","384922","20220830172000","700","0","臺北市","萬華區","121.490","25.030","717"
"7264","384923","20220830172000","8261","0","臺北市","萬華區","121.505","25.045","7936"
"1968","384924","20220830172000","2308","0","臺北市","南港區","121.585","25.050","1911"
"1184","384925","20220830172000","1627","0","臺北市","南港區","121.590","25.050","1220"
"992","384926","20220830172000","1136","0","臺北市","南港區","121.590","25.040","1176"
"417","384927","20220830172000","426","0","臺北市","南港區","121.590","25.045","324"
"1161","384929","20220830172000","850","2","臺北市","南港區","121.595","25.040","952"
"321","384931","20220830172000","605","0","臺北市","南港區","121.595","25.045","278"
"205","384932","20220830172000","191","1","臺北市","南港區","121.600","25.045","203"
"2050","384933","20220830172000","2337","0","臺北市","南港區","121.595","25.050","2112"
"3121","384935","20220830172000","3749","0","臺北市","萬華區","121.495","25.030","2933"
"1775","384936","20220830172000","1280","2","臺北市","萬華區","121.490","25.025","1720"
"974","384937","20220830172000","313","3","臺北市","文山區","121.555","25.010","797"
"108","384938","20220830172000","172","0","臺北市","信義區","121.565","25.010","151"
"1558","384940","20220830172000","1771","0","臺北市","大安區","121.560","25.015","1413"
"6135","384941","20220830172000","6198","0","臺北市","松山區","121.550","25.050","5865"
"820","384942","20220830172000","640","2","臺北市","大安區","121.540","25.020","698"
"261","384943","20220830172000","1941","0","臺北市","大安區","121.540","25.025","170"
"9801","384944","20220830172000","10685","0","臺北市","松山區","121.555","25.050","9879"
"1673","384945","20220830172000","1595","1","臺北市","萬華區","121.495","25.035","1568"
"416","384946","20220830172000","466","0","臺北市","萬華區","121.495","25.040","445"
"571","384947","20220830172000","558","1","臺北市","文山區","121.565","24.995","654"
"5922","384948","20220830172000","5433","1","臺北市","松山區","121.560","25.050","5842"
"4669","384949","20220830172000","6509","0","臺北市","松山區","121.565","25.050","4596"
"1163","384950","20220830172000","934","2","臺北市","萬華區","121.490","25.020","1275"
"1467","384951","20220830172000","1208","2","臺北市","萬華區","121.500","25.030","1469"
"4056","384952","20220830172000","4301","0","臺北市","萬華區","121.505","25.040","4243"
"5543","384955","20220830172000","6925","0","臺北市","大安區","121.535","25.040","5770"
"3927","384956","20220830172000","2651","2","臺北市","松山區","121.555","25.045","3935"
"2090","384957","20220830172000","2046","1","臺北市","松山區","121.575","25.050","2121"
"7031","384958","20220830172000","7735","0","臺北市","南港區","121.580","25.050","7301"
"186","384960","20220830172000","275","0","臺北市","信義區","121.580","25.030","168"
"2036","384961","20220830172000","2826","0","臺北市","信義區","121.580","25.035","1778"
"1656","384962","20220830172000","3630","0","臺北市","信義區","121.580","25.045","1532"
"2838","384963","20220830172000","5485","0","臺北市","萬華區","121.500","25.035","3038"
"6356","384964","20220830172000","7531","0","臺北市","松山區","121.545","25.050","6102"
"1415","384965","20220830172000","1133","2","臺北市","萬華區","121.495","25.020","1382"
"1980","384966","20220830172000","2146","0","臺北市","萬華區","121.500","25.025","1789"
"368","384968","20220830172000","231","3","臺北市","信義區","121.570","25.015","319"
"180","384969","20220830172000","1034","0","臺北市","信義區","121.570","25.020","158"
"2972","384970","20220830172000","5533","0","臺北市","信義區","121.560","25.040","2991"
"4327","384971","20220830172000","5515","0","臺北市","大安區","121.535","25.035","4292"
"1379","384972","20220830172000","1324","1","臺北市","文山區","121.545","24.995","1416"
"1198","384973","20220830172000","1053","1","臺北市","大安區","121.555","25.015","1244"
"2883","384974","20220830172000","3120","0","臺北市","大安區","121.540","25.030","2838"
"137","384975","20220830172000","94","2","臺北市","文山區","121.545","25.005","136"
"628","384976","20220830172000","491","2","臺北市","文山區","121.535","25.000","503"
"414","384977","20220830172000","811","0","臺北市","文山區","121.535","25.005","420"
"2726","384978","20220830172000","3370","0","臺北市","萬華區","121.505","25.025","2567"
"1123","384983","20220830172000","1163","0","臺北市","南港區","121.610","25.050","1217"
"292","384984","20220830172000","249","1","臺北市","南港區","121.615","25.050","220"
"2515","384986","20220830172000","2099","1","臺北市","南港區","121.615","25.040","2496"
"885","384987","20220830172000","2345","0","臺北市","南港區","121.615","25.045","922"
"21","384991","20220830172000","12","3","臺北市","南港區","121.590","25.015","21"
"28","384992","20220830172000","25","1","臺北市","南港區","121.595","25.015","22"
"58","384996","20220830172000","43","2","臺北市","南港區","121.600","25.020","46"
"219","384997","20220830172000","260","0","臺北市","南港區","121.605","25.020","265"
"40","385006","20220830172000","41","0","臺北市","南港區","121.620","25.025","44"
"938","385010","20220830172000","663","2","臺北市","南港區","121.610","25.030","920"
"19","385015","20220830172000","359","0","臺北市","南港區","121.615","25.035","30"
"4288","385016","20220830172000","4598","0","臺北市","大安區","121.535","25.025","4048"
"3897","385018","20220830172000","5266","0","臺北市","大安區","121.545","25.020","3949"
"10884","385019","20220830172000","11878","0","臺北市","信義區","121.565","25.040","10544"
"10465","385020","20220830172000","9668","1","臺北市","信義區","121.570","25.040","10830"
"1958","385021","20220830172000","3251","0","臺北市","信義區","121.560","25.035","1687"
"9452","385022","20220830172000","8719","1","臺北市","信義區","121.565","25.035","9841"
"213","385023","20220830172000","179","1","臺北市","文山區","121.555","25.005","214"
"1604","385025","20220830172000","1346","1","臺北市","文山區","121.545","25.000","1407"
"4428","385026","20220830172000","4626","0","臺北市","萬華區","121.505","25.035","4347"
"1568","385027","20220830172000","1828","0","臺北市","萬華區","121.495","25.025","1682"
"8994","385028","20220830172000","10808","0","臺北市","大安區","121.545","25.040","10029"
"1155","385029","20220830172000","1785","0","臺北市","信義區","121.560","25.020","1405"
"15","385030","20220830172000","19","0","臺北市","信義區","121.585","25.025","21"
"48","385032","20220830172000","34","2","臺北市","信義區","121.590","25.030","34"
"2016","385033","20220830172000","2341","0","臺北市","信義區","121.585","25.040","2036"
"4265","385034","20220830172000","4552","0","臺北市","大安區","121.530","25.030","4535"
"4701","385035","20220830172000","3892","2","臺北市","大安區","121.545","25.025","4109"
"85","387378","20220830172000","59","2","新北市","貢寮區","121.920","25.075","117"
"292","391023","20220830172000","523","0","桃園市","大園區","121.240","25.115","493"
"13","391891","20220830172000","22","0","新北市","瑞芳區","121.880","25.125","13"
"492","392790","20220830172000","554","0","新北市","林口區","121.360","25.135","465"
"1832","392791","20220830172000","1308","2","基隆市","中正區(海)","121.745","25.135","1812"
"159","392792","20220830172000","203","0","新北市","瑞芳區","121.805","25.135","220"
"907","393254","20220830172000","762","1","基隆市","中正區(海)","121.750","25.140","931"
"2676","394037","20220830172000","3296","0","基隆市","七堵區","121.700","25.085","2618"
"97","394044","20220830172000","62","3","基隆市","七堵區","121.715","25.105","95"
"47","394049","20220830172000","28","3","基隆市","安樂區","121.710","25.120","54"
"540","394050","20220830172000","677","0","基隆市","中正區","121.760","25.140","562"
"710","394051","20220830172000","755","0","基隆市","中正區","121.755","25.135","684"
"1025","394053","20220830172000","866","1","基隆市","安樂區","121.720","25.125","968"
"535","394054","20220830172000","850","0","基隆市","中山區","121.730","25.145","549"
"1123","394055","20220830172000","1487","0","新北市","三重區","121.475","25.065","1131"
"1325","394056","20220830172000","971","2","新北市","三重區","121.490","25.070","1335"
"2527","394057","20220830172000","2536","0","新北市","汐止區","121.635","25.065","2595"
"2216","394058","20220830172000","2240","0","新北市","汐止區","121.660","25.065","2287"
"26","394059","20220830172000","29","0","新北市","汐止區","121.665","25.050","46"
"971","394060","20220830172000","619","3","新北市","汐止區","121.670","25.055","757"
"792","394062","20220830172000","953","0","新北市","汐止區","121.665","25.055","711"
"1468","394064","20220830172000","2333","0","新北市","汐止區","121.660","25.060","1197"
"629","394066","20220830172000","575","1","基隆市","七堵區","121.695","25.080","636"
"850","394068","20220830172000","783","1","基隆市","七堵區","121.720","25.100","843"
"1013","394069","20220830172000","1568","0","基隆市","中正區","121.750","25.135","966"
"477","394070","20220830172000","420","1","基隆市","中正區","121.755","25.140","395"
"23","394071","20220830172000","27","0","基隆市","中正區","121.795","25.145","83"
"412","394072","20220830172000","482","0","基隆市","中正區","121.770","25.145","333"
"607","394074","20220830172000","692","0","基隆市","暖暖區","121.730","25.095","619"
"463","394075","20220830172000","445","1","基隆市","暖暖區","121.735","25.105","434"
"340","394076","20220830172000","528","0","基隆市","暖暖區","121.735","25.110","355"
"346","394077","20220830172000","466","0","基隆市","暖暖區","121.740","25.100","385"
"635","394078","20220830172000","696","0","基隆市","中山區","121.735","25.135","532"
"262","394082","20220830172000","192","2","基隆市","安樂區","121.705","25.140","215"
"13","394085","20220830172000","40","0","基隆市","安樂區","121.700","25.145","13"
"1149","394090","20220830172000","983","1","基隆市","安樂區","121.715","25.125","1166"
"2167","394091","20220830172000","2073","1","基隆市","仁愛區","121.740","25.125","2218"
"783","394092","20220830172000","700","1","臺北市","大同區","121.510","25.070","730"
"3123","394093","20220830172000","2398","2","新北市","三重區","121.500","25.055","2942"
"3791","394094","20220830172000","3938","0","新北市","三重區","121.500","25.065","3723"
"576","394095","20220830172000","953","0","基隆市","中山區","121.740","25.135","594"
"2472","394096","20220830172000","2919","0","基隆市","信義區","121.755","25.130","2631"
"656","394097","20220830172000","732","0","基隆市","仁愛區","121.735","25.125","643"
"323","394098","20220830172000","284","1","基隆市","安樂區","121.725","25.140","336"
"195","394099","20220830172000","819","0","基隆市","安樂區","121.730","25.130","216"
"2038","394102","20220830172000","2062","0","新北市","五股區","121.450","25.105","2096"
"1086","394106","20220830172000","955","1","新北市","五股區","121.440","25.090","1169"
"788","394108","20220830172000","647","2","新北市","五股區","121.440","25.095","745"
"193","394109","20220830172000","225","0","新北市","五股區","121.430","25.100","219"
"161","394115","20220830172000","304","0","新北市","五股區","121.445","25.075","171"
"1103","394118","20220830172000","1119","0","新北市","五股區","121.460","25.075","1120"
"1369","394121","20220830172000","904","3","新北市","五股區","121.455","25.080","1264"
"77","394125","20220830172000","74","1","新北市","五股區","121.430","25.085","75"
"1269","394126","20220830172000","1891","0","新北市","五股區","121.435","25.085","1278"
"69","394127","20220830172000","59","1","新北市","五股區","121.420","25.090","71"
"1310","394129","20220830172000","2544","0","新北市","五股區","121.430","25.070","1324"
"1628","394130","20220830172000","1086","2","新北市","五股區","121.435","25.070","1640"
"414","394135","20220830172000","224","3","新北市","五股區","121.425","25.070","348"
"147","394136","20220830172000","40","3","新北市","林口區","121.405","25.075","128"
"146","394138","20220830172000","81","3","新北市","五股區","121.405","25.080","139"
"1937","394139","20220830172000","2457","0","新北市","新莊區","121.450","25.060","1893"
"3858","394141","20220830172000","4625","0","新北市","新莊區","121.455","25.060","3850"
"1694","394142","20220830172000","2090","0","新北市","五股區","121.450","25.070","1681"
"2178","394144","20220830172000","1865","1","新北市","五股區","121.455","25.070","2054"
"1435","394146","20220830172000","1345","1","新北市","五股區","121.465","25.070","1485"
"436","394147","20220830172000","335","2","新北市","五股區","121.465","25.075","445"
"320","394149","20220830172000","312","1","新北市","五股區","121.435","25.105","344"
"211","394150","20220830172000","156","2","新北市","五股區","121.420","25.110","213"
"84","394155","20220830172000","89","0","新北市","五股區","121.420","25.115","67"
"67","394166","20220830172000","36","3","新北市","五股區","121.425","25.120","56"
"115","394170","20220830172000","145","0","新北市","五股區","121.420","25.125","123"
"738","394174","20220830172000","754","0","基隆市","信義區","121.765","25.125","760"
"880","394175","20220830172000","859","1","基隆市","信義區","121.760","25.130","899"
"441","394176","20220830172000","440","1","基隆市","中正區","121.760","25.135","489"
"240","394178","20220830172000","162","2","基隆市","七堵區","121.700","25.070","235"
"542","394179","20220830172000","415","2","基隆市","七堵區","121.695","25.075","519"
"1055","394181","20220830172000","1446","0","基隆市","七堵區","121.715","25.095","1018"
"507","394182","20220830172000","486","1","基隆市","七堵區","121.720","25.095","523"
"703","394185","20220830172000","596","1","基隆市","中山區","121.720","25.140","694"
"1645","394186","20220830172000","1770","0","基隆市","中山區","121.725","25.145","1711"
"782","394187","20220830172000","567","2","新北市","五股區","121.435","25.090","741"
"879","394188","20220830172000","1104","0","新北市","五股區","121.440","25.080","921"
"610","394189","20220830172000","1051","0","新北市","五股區","121.440","25.085","614"
"102","394191","20220830172000","50","3","新北市","五股區","121.415","25.085","88"
"228","394193","20220830172000","235","0","新北市","五股區","121.415","25.090","230"
"189","394196","20220830172000","100","3","新北市","五股區","121.410","25.100","184"
"209","394202","20220830172000","287","0","新北市","五股區","121.405","25.110","206"
"25","394207","20220830172000","84","0","新北市","五股區","121.410","25.110","29"
"44","394208","20220830172000","44","1","新北市","八里區","121.400","25.115","38"
"347","394211","20220830172000","492","0","新北市","五股區","121.425","25.095","358"
"169","394214","20220830172000","589","0","新北市","泰山區","121.435","25.065","125"
"277","394216","20220830172000","277","1","新北市","五股區","121.415","25.075","267"
"130","394218","20220830172000","90","2","新北市","五股區","121.425","25.075","153"
"814","394220","20220830172000","699","1","新北市","五股區","121.435","25.075","801"
"116","394223","20220830172000","115","1","新北市","五股區","121.420","25.080","111"
"715","394226","20220830172000","762","0","新北市","五股區","121.435","25.080","663"
"910","394227","20220830172000","808","1","新北市","五股區","121.445","25.090","958"
"700","394229","20220830172000","474","2","新北市","五股區","121.445","25.095","685"
"90","394230","20220830172000","224","0","新北市","五股區","121.450","25.095","85"
"527","394234","20220830172000","926","0","新北市","五股區","121.450","25.100","539"
"3553","394235","20220830172000","3605","0","新北市","三重區","121.495","25.070","3611"
"2409","394236","20220830172000","2133","1","新北市","三重區","121.500","25.070","2104"
"4363","394237","20220830172000","4942","0","新北市","三重區","121.490","25.065","4372"
"2276","394238","20220830172000","1481","3","基隆市","中正區","121.785","25.135","2359"
"1271","394242","20220830172000","1738","0","基隆市","安樂區","121.720","25.120","1702"
"993","394243","20220830172000","1253","0","新北市","三重區","121.505","25.060","871"
"2617","394244","20220830172000","3152","0","新北市","三重區","121.480","25.060","2559"
"1566","394247","20220830172000","1340","1","新北市","三重區","121.485","25.070","1576"
"1013","394248","20220830172000","544","3","基隆市","中正區","121.790","25.135","963"
"912","394252","20220830172000","982","0","基隆市","信義區","121.765","25.130","928"
"80","394254","20220830172000","267","0","基隆市","信義區","121.770","25.135","61"
"991","394258","20220830172000","1145","0","基隆市","信義區","121.770","25.130","1015"
"615","394259","20220830172000","897","0","基隆市","信義區","121.775","25.130","649"
"241","394262","20220830172000","103","3","基隆市","信義區","121.790","25.115","232"
"138","394265","20220830172000","145","0","基隆市","信義區","121.790","25.120","136"
"499","394266","20220830172000","277","3","基隆市","信義區","121.785","25.125","467"
"1072","394270","20220830172000","1455","0","基隆市","信義區","121.775","25.135","1167"
"469","394272","20220830172000","457","1","基隆市","安樂區","121.725","25.135","495"
"1040","394273","20220830172000","1035","1","基隆市","安樂區","121.715","25.140","1097"
"1629","394275","20220830172000","2207","0","基隆市","中山區","121.735","25.130","1597"
"259","394276","20220830172000","580","0","基隆市","安樂區","121.725","25.125","218"
"895","394277","20220830172000","777","1","基隆市","安樂區","121.725","25.130","928"
"161","394278","20220830172000","212","0","基隆市","中山區","121.720","25.145","148"
"2623","394280","20220830172000","3133","0","基隆市","仁愛區","121.740","25.130","2694"
"744","394281","20220830172000","742","1","基隆市","安樂區","121.730","25.135","701"
"2542","394282","20220830172000","2249","1","新北市","三重區","121.490","25.075","2469"
"3388","394283","20220830172000","3879","0","新北市","三重區","121.490","25.060","3417"
"1696","394284","20220830172000","1932","0","新北市","三重區","121.495","25.060","1704"
"773","394285","20220830172000","591","2","基隆市","中山區","121.740","25.145","761"
"1306","394288","20220830172000","1331","0","基隆市","安樂區","121.710","25.140","1291"
"1133","394290","20220830172000","1031","1","基隆市","安樂區","121.710","25.150","1107"
"410","394291","20220830172000","271","3","基隆市","中山區","121.715","25.145","463"
"256","394292","20220830172000","359","0","新北市","三重區","121.485","25.065","252"
"485","394293","20220830172000","608","0","臺北市","大同區","121.510","25.075","478"
"4176","394294","20220830172000","3644","1","新北市","三重區","121.500","25.060","3577"
"3088","394295","20220830172000","2459","2","新北市","三重區","121.475","25.055","3028"
"514","394297","20220830172000","378","2","新北市","五股區","121.460","25.070","453"
"1494","394298","20220830172000","1488","1","新北市","三重區","121.470","25.060","1707"
"777","394299","20220830172000","1236","0","新北市","三重區","121.470","25.065","743"
"584","394301","20220830172000","415","2","新北市","三重區","121.505","25.075","543"
"1493","394302","20220830172000","1773","0","新北市","三重區","121.485","25.080","1571"
"215","394303","20220830172000","217","0","基隆市","中山區","121.740","25.140","245"
"1562","394304","20220830172000","1471","1","新北市","三重區","121.470","25.070","1501"
"189","394305","20220830172000","195","0","基隆市","信義區","121.780","25.135","164"
"495","394306","20220830172000","1093","0","基隆市","信義區","121.780","25.130","547"
"712","394307","20220830172000","612","1","基隆市","信義區","121.780","25.140","729"
"347","394308","20220830172000","369","0","基隆市","中正區","121.785","25.140","351"
"109","394312","20220830172000","85","2","基隆市","信義區","121.775","25.125","137"
"687","394313","20220830172000","774","0","基隆市","信義區","121.780","25.125","641"
"102","394317","20220830172000","91","1","新北市","瑞芳區","121.760","25.110","113"
"126","394320","20220830172000","123","1","基隆市","信義區","121.765","25.115","114"
"294","394321","20220830172000","215","2","基隆市","信義區","121.765","25.120","255"
"1849","394324","20220830172000","1387","2","基隆市","信義區","121.760","25.125","1690"
"1317","394325","20220830172000","1531","0","新北市","三重區","121.490","25.085","1162"
"473","394326","20220830172000","468","1","新北市","三重區","121.490","25.090","461"
"773","394327","20220830172000","64","3","新北市","三重區","121.495","25.090","566"
"2033","394329","20220830172000","1396","2","新北市","三重區","121.475","25.070","1935"
"2174","394330","20220830172000","2563","0","新北市","三重區","121.480","25.070","2192"
"1813","394332","20220830172000","1059","3","新北市","泰山區","121.430","25.065","1895"
"1045","394333","20220830172000","1172","0","新北市","泰山區","121.440","25.060","1206"
"338","394335","20220830172000","355","0","基隆市","中山區","121.735","25.140","340"
"70","394336","20220830172000","903","0","基隆市","中山區","121.730","25.140","61"
"158","394337","20220830172000","415","0","基隆市","暖暖區","121.735","25.100","163"
"75","394358","20220830172000","69","1","基隆市","暖暖區","121.755","25.075","65"
"46","394364","20220830172000","41","1","基隆市","暖暖區","121.745","25.085","50"
"531","394398","20220830172000","376","2","基隆市","暖暖區","121.740","25.090","522"
"30","394401","20220830172000","179","0","基隆市","暖暖區","121.735","25.095","29"
"28","394402","20220830172000","363","0","基隆市","暖暖區","121.740","25.095","22"
"2586","394404","20220830172000","2712","0","基隆市","暖暖區","121.755","25.095","2636"
"47","394405","20220830172000","400","0","基隆市","暖暖區","121.750","25.090","42"
"494","394407","20220830172000","244","3","基隆市","暖暖區","121.750","25.095","483"
"1286","394413","20220830172000","1342","0","基隆市","暖暖區","121.740","25.105","1279"
"453","394418","20220830172000","398","1","基隆市","暖暖區","121.730","25.100","438"
"1156","394422","20220830172000","1238","0","基隆市","安樂區","121.705","25.145","1146"
"1545","394423","20220830172000","755","3","基隆市","安樂區","121.710","25.145","1481"
"1794","394426","20220830172000","2328","0","新北市","三重區","121.490","25.080","1898"
"1446","394427","20220830172000","1641","0","新北市","三重區","121.485","25.075","1329"
"2752","394428","20220830172000","2644","1","新北市","三重區","121.480","25.075","2640"
"45","394429","20220830172000","209","0","基隆市","中山區","121.735","25.145","41"
"4434","394430","20220830172000","4010","1","新北市","三重區","121.495","25.065","4377"
"2763","394435","20220830172000","2610","1","基隆市","仁愛區","121.745","25.125","2708"
"541","394436","20220830172000","788","0","基隆市","仁愛區","121.745","25.120","528"
"2681","394438","20220830172000","2174","2","新北市","三重區","121.485","25.060","2630"
"1076","394441","20220830172000","1123","0","基隆市","暖暖區","121.750","25.100","1144"
"677","394442","20220830172000","627","1","基隆市","安樂區","121.730","25.115","712"
"4976","394444","20220830172000","4068","2","基隆市","安樂區","121.725","25.120","4618"
"1057","394447","20220830172000","824","2","新北市","三重區","121.495","25.075","647"
"1547","394450","20220830172000","1639","0","新北市","三重區","121.495","25.085","1515"
"3996","394451","20220830172000","3574","1","新北市","三重區","121.480","25.065","3852"
"306","394458","20220830172000","238","2","基隆市","暖暖區","121.730","25.110","330"
"394","394461","20220830172000","257","3","基隆市","七堵區","121.700","25.075","370"
"331","394464","20220830172000","293","1","基隆市","七堵區","121.705","25.085","333"
"1211","394466","20220830172000","1231","0","基隆市","七堵區","121.705","25.090","1177"
"498","394467","20220830172000","400","2","基隆市","七堵區","121.700","25.095","494"
"499","394470","20220830172000","426","1","基隆市","七堵區","121.665","25.090","452"
"55","394480","20220830172000","57","0","基隆市","七堵區","121.670","25.100","50"
"433","394492","20220830172000","286","3","基隆市","七堵區","121.670","25.105","585"
"37","394500","20220830172000","40","0","基隆市","七堵區","121.660","25.115","51"
"90","394518","20220830172000","65","2","基隆市","七堵區","121.660","25.130","82"
"107","394538","20220830172000","224","0","基隆市","七堵區","121.695","25.085","113"
"1041","394546","20220830172000","1375","0","基隆市","七堵區","121.685","25.075","1058"
"542","394547","20220830172000","366","2","基隆市","七堵區","121.690","25.075","618"
"1105","394550","20220830172000","693","3","基隆市","七堵區","121.690","25.085","1094"
"5592","394551","20220830172000","5901","0","基隆市","中正區","121.745","25.130","5514"
"99","394552","20220830172000","252","0","基隆市","仁愛區","121.740","25.120","79"
"2693","394553","20220830172000","2518","1","基隆市","信義區","121.750","25.130","2691"
"273","394554","20220830172000","442","0","基隆市","仁愛區","121.750","25.125","311"
"339","394555","20220830172000","757","0","基隆市","中正區","121.765","25.140","340"
"502","394556","20220830172000","152","3","基隆市","中正區","121.795","25.125","530"
"164","394559","20220830172000","128","2","基隆市","中正區","121.795","25.130","177"
"1031","394564","20220830172000","1271","0","基隆市","中正區","121.790","25.140","1163"
"1372","394565","20220830172000","1011","2","基隆市","中正區","121.795","25.140","1310"
"1519","394567","20220830172000","1332","1","基隆市","中正區","121.760","25.145","1447"
"559","394570","20220830172000","425","2","基隆市","安樂區","121.715","25.120","583"
"791","394576","20220830172000","944","0","基隆市","安樂區","121.715","25.130","811"
"133","394582","20220830172000","128","1","基隆市","仁愛區","121.740","25.110","162"
"182","394583","20220830172000","121","3","基隆市","仁愛區","121.745","25.110","163"
"341","394586","20220830172000","355","0","基隆市","仁愛區","121.745","25.115","357"
"73","394587","20220830172000","41","3","基隆市","仁愛區","121.750","25.115","53"
"820","394590","20220830172000","203","3","基隆市","七堵區","121.710","25.100","699"
"2466","394592","20220830172000","1856","2","基隆市","七堵區","121.715","25.100","2386"
"33","394600","20220830172000","12","3","基隆市","七堵區","121.715","25.075","28"
"1347","394611","20220830172000","1543","0","基隆市","七堵區","121.710","25.090","1304"
"222","394613","20220830172000","393","0","基隆市","七堵區","121.720","25.090","156"
"81","394617","20220830172000","58","2","基隆市","七堵區","121.680","25.100","89"
"278","394625","20220830172000","206","2","基隆市","七堵區","121.695","25.105","243"
"74","394632","20220830172000","64","1","基隆市","七堵區","121.690","25.115","65"
"208","394634","20220830172000","123","3","基隆市","七堵區","121.700","25.115","149"
"52","394645","20220830172000","41","2","基隆市","安樂區","121.700","25.130","40"
"11","394648","20220830172000","10","1","基隆市","七堵區","121.690","25.135","11"
"21","394660","20220830172000","75","0","基隆市","七堵區","121.680","25.120","27"
"55","394663","20220830172000","21","3","基隆市","七堵區","121.680","25.125","46"
"191","394685","20220830172000","167","1","新北市","蘆洲區","121.485","25.090","208"
"1190","394686","20220830172000","1216","0","新北市","汐止區","121.630","25.060","1197"
"3064","394687","20220830172000","1135","3","新北市","汐止區","121.620","25.065","1652"
"2120","394688","20220830172000","2375","0","新北市","汐止區","121.625","25.065","1960"
"28","394694","20220830172000","31","0","新北市","八里區","121.415","25.145","29"
"525","394705","20220830172000","1016","0","新北市","八里區","121.450","25.140","489"
"83","394716","20220830172000","86","0","新北市","八里區","121.415","25.130","100"
"265","394724","20220830172000","159","3","新北市","八里區","121.410","25.145","266"
"64","394725","20220830172000","196","0","新北市","八里區","121.405","25.150","65"
"309","394726","20220830172000","275","1","新北市","八里區","121.410","25.150","318"
"119","394731","20220830172000","169","0","新北市","八里區","121.405","25.125","122"
"1367","394740","20220830172000","1177","1","新北市","蘆洲區","121.465","25.090","1331"
"2751","394741","20220830172000","2107","2","新北市","蘆洲區","121.460","25.085","2672"
"1097","394742","20220830172000","1163","0","新北市","蘆洲區","121.465","25.085","1045"
"958","394743","20220830172000","1610","0","新北市","蘆洲區","121.460","25.090","950"
"361","394744","20220830172000","1791","0","新北市","蘆洲區","121.460","25.095","349"
"222","394745","20220830172000","417","0","新北市","蘆洲區","121.475","25.075","192"
"875","394746","20220830172000","678","2","新北市","蘆洲區","121.475","25.090","838"
"1285","394747","20220830172000","1036","2","新北市","蘆洲區","121.470","25.095","1257"
"84","394748","20220830172000","212","0","新北市","蘆洲區","121.475","25.095","75"
"1337","394749","20220830172000","342","3","新北市","蘆洲區","121.470","25.100","1120"
"1075","394750","20220830172000","1781","0","新北市","新莊區","121.460","25.060","1200"
"2207","394751","20220830172000","2475","0","新北市","新莊區","121.465","25.060","2318"
"1857","394752","20220830172000","1245","2","新北市","五股區","121.465","25.065","1844"
"528","394787","20220830172000","614","0","新北市","瑞芳區","121.770","25.100","548"
"58","394788","20220830172000","106","0","新北市","瑞芳區","121.775","25.100","80"
"94","394798","20220830172000","54","3","新北市","瑞芳區","121.825","25.085","106"
"17","394807","20220830172000","14","2","新北市","瑞芳區","121.805","25.120","17"
"13","394809","20220830172000","30","0","新北市","瑞芳區","121.815","25.120","15"
"438","394810","20220830172000","465","0","新北市","瑞芳區","121.820","25.120","439"
"1098","394819","20220830172000","902","2","新北市","五股區","121.430","25.090","1088"
"2260","394821","20220830172000","1824","2","新北市","八里區","121.395","25.145","2222"
"212","394822","20220830172000","68","3","新北市","八里區","121.390","25.150","195"
"1344","394824","20220830172000","967","2","新北市","八里區","121.400","25.150","1613"
"21","394825","20220830172000","24","0","新北市","八里區","121.395","25.085","24"
"62","394829","20220830172000","58","1","新北市","八里區","121.400","25.100","70"
"177","394833","20220830172000","116","3","新北市","八里區","121.390","25.110","158"
"288","394843","20220830172000","452","0","新北市","林口區","121.375","25.120","289"
"446","394854","20220830172000","549","0","新北市","八里區","121.385","25.130","458"
"2034","394858","20220830172000","1656","2","新北市","瑞芳區","121.805","25.105","1993"
"44","394863","20220830172000","55","0","新北市","瑞芳區","121.795","25.085","43"
"328","394867","20220830172000","241","2","新北市","瑞芳區","121.795","25.090","366"
"542","394873","20220830172000","806","0","新北市","瑞芳區","121.785","25.095","834"
"399","394878","20220830172000","324","2","新北市","瑞芳區","121.790","25.100","448"
"516","394885","20220830172000","386","2","新北市","瑞芳區","121.790","25.110","535"
"108","394888","20220830172000","23","3","新北市","瑞芳區","121.820","25.075","173"
"105","394894","20220830172000","102","1","新北市","瑞芳區","121.825","25.090","144"
"206","394924","20220830172000","138","2","新北市","瑞芳區","121.760","25.100","224"
"35","394926","20220830172000","38","0","新北市","瑞芳區","121.760","25.105","22"
"99","394932","20220830172000","86","1","新北市","瑞芳區","121.775","25.110","111"
"72","394934","20220830172000","43","3","新北市","瑞芳區","121.770","25.115","92"
"557","394937","20220830172000","523","1","新北市","瑞芳區","121.845","25.110","620"
"118","394943","20220830172000","100","1","新北市","瑞芳區","121.830","25.095","174"
"328","394949","20220830172000","331","0","新北市","瑞芳區","121.840","25.095","343"
"245","394954","20220830172000","251","0","新北市","瑞芳區","121.850","25.105","223"
"169","394965","20220830172000","202","0","新北市","瑞芳區","121.815","25.105","180"
"138","394966","20220830172000","111","2","新北市","五股區","121.455","25.115","124"
"501","394972","20220830172000","321","3","新北市","八里區","121.450","25.125","466"
"1376","394973","20220830172000","936","2","新北市","八里區","121.455","25.125","1181"
"852","394979","20220830172000","539","3","新北市","八里區","121.450","25.130","616"
"440","394985","20220830172000","321","2","新北市","八里區","121.450","25.135","312"
"1704","394986","20220830172000","1013","3","新北市","汐止區","121.640","25.065","1631"
"996","394991","20220830172000","1091","0","桃園市","觀音區","121.120","25.060","1039"
"862","394992","20220830172000","918","0","桃園市","觀音區","121.125","25.060","893"
"78","394993","20220830172000","324","0","桃園市","觀音區","121.130","25.060","105"
"981","394996","20220830172000","863","1","桃園市","觀音區","121.110","25.065","910"
"1076","395000","20220830172000","1142","0","桃園市","觀音區","121.130","25.065","1046"
"360","395008","20220830172000","443","0","桃園市","觀音區","121.135","25.060","336"
"1705","395014","20220830172000","1801","0","桃園市","蘆竹區","121.285","25.070","1711"
"244","395019","20220830172000","720","0","桃園市","蘆竹區","121.285","25.075","267"
"484","395023","20220830172000","528","0","桃園市","蘆竹區","121.285","25.080","495"
"869","395029","20220830172000","1211","0","桃園市","蘆竹區","121.255","25.110","857"
"463","395030","20220830172000","590","0","桃園市","蘆竹區","121.260","25.110","447"
"232","395031","20220830172000","389","0","桃園市","蘆竹區","121.265","25.110","248"
"460","395032","20220830172000","393","1","桃園市","蘆竹區","121.270","25.110","432"
"208","395038","20220830172000","198","1","桃園市","蘆竹區","121.255","25.115","172"
"710","395042","20220830172000","1233","0","桃園市","蘆竹區","121.295","25.060","671"
"660","395043","20220830172000","547","2","桃園市","蘆竹區","121.300","25.060","688"
"72","395046","20220830172000","40","3","桃園市","蘆竹區","121.315","25.060","73"
"38","395052","20220830172000","11","3","桃園市","蘆竹區","121.305","25.065","29"
"243","395057","20220830172000","276","0","新北市","瑞芳區","121.860","25.125","258"
"96","395083","20220830172000","311","0","新北市","雙溪區","121.875","25.090","105"
"111","395098","20220830172000","37","3","新北市","貢寮區","121.915","25.095","126"
"164","395109","20220830172000","137","1","新北市","貢寮區","121.920","25.105","156"
"268","395119","20220830172000","313","0","新北市","貢寮區","121.925","25.055","314"
"241","395121","20220830172000","251","0","新北市","貢寮區","121.925","25.060","270"
"76","395125","20220830172000","60","2","新北市","貢寮區","121.925","25.065","72"
"973","395129","20220830172000","871","1","新北市","新莊區","121.455","25.065","1088"
"836","395130","20220830172000","884","0","新北市","五股區","121.445","25.065","855"
"437","395131","20220830172000","553","0","新北市","泰山區","121.435","25.060","499"
"1299","395132","20220830172000","1543","0","新北市","汐止區","121.645","25.060","1193"
"2160","395133","20220830172000","1601","2","新北市","汐止區","121.665","25.065","2021"
"318","395134","20220830172000","434","0","桃園市","蘆竹區","121.270","25.060","342"
"866","395135","20220830172000","1154","0","桃園市","蘆竹區","121.275","25.060","841"
"21","395136","20220830172000","277","0","桃園市","蘆竹區","121.280","25.060","22"
"981","395137","20220830172000","781","2","桃園市","蘆竹區","121.265","25.065","1011"
"890","395141","20220830172000","1145","0","桃園市","蘆竹區","121.270","25.070","912"
"2265","395143","20220830172000","2475","0","新北市","蘆洲區","121.470","25.090","2090"
"23","395145","20220830172000","84","0","新北市","瑞芳區","121.835","25.110","25"
"21","395147","20220830172000","14","3","新北市","瑞芳區","121.830","25.115","21"
"259","395149","20220830172000","189","2","新北市","瑞芳區","121.840","25.115","260"
"39","395156","20220830172000","134","0","新北市","瑞芳區","121.830","25.125","30"
"94","395157","20220830172000","32","3","新北市","瑞芳區","121.835","25.125","101"
"254","395163","20220830172000","470","0","新北市","瑞芳區","121.815","25.130","258"
"976","395173","20220830172000","982","0","新北市","瑞芳區","121.810","25.105","967"
"2268","395174","20220830172000","2810","0","新北市","泰山區","121.445","25.060","2521"
"2510","395175","20220830172000","1993","2","新北市","五股區","121.450","25.065","2477"
"1770","395176","20220830172000","2093","0","新北市","新莊區","121.460","25.065","1692"
"54","395186","20220830172000","56","0","新北市","萬里區","121.605","25.145","51"
"2034","395203","20220830172000","2226","0","新北市","蘆洲區","121.470","25.085","2072"
"155","395204","20220830172000","237","0","新北市","蘆洲區","121.465","25.095","153"
"41","395205","20220830172000","39","1","新北市","蘆洲區","121.465","25.100","49"
"2486","395206","20220830172000","1562","3","新北市","汐止區","121.630","25.065","2219"
"1248","395207","20220830172000","1235","1","新北市","汐止區","121.630","25.070","1314"
"778","395208","20220830172000","1500","0","新北市","汐止區","121.645","25.065","903"
"64","395223","20220830172000","50","2","新北市","瑞芳區","121.820","25.060","89"
"159","395239","20220830172000","50","3","新北市","瑞芳區","121.840","25.105","190"
"203","395245","20220830172000","271","0","新北市","瑞芳區","121.855","25.105","215"
"197","395253","20220830172000","85","3","新北市","瑞芳區","121.915","25.120","200"
"325","395254","20220830172000","350","0","新北市","瑞芳區","121.915","25.125","305"
"400","395256","20220830172000","325","2","新北市","瑞芳區","121.795","25.110","336"
"44","395257","20220830172000","643","0","新北市","瑞芳區","121.800","25.110","29"
"261","395269","20220830172000","223","1","新北市","泰山區","121.385","25.065","291"
"914","395270","20220830172000","304","3","桃園市","龜山區","121.390","25.060","902"
"250","395273","20220830172000","244","1","新北市","泰山區","121.390","25.065","255"
"782","395280","20220830172000","1052","0","新北市","淡水區","121.465","25.135","917"
"62","395284","20220830172000","30","3","新北市","雙溪區","121.855","25.050","34"
"247","395287","20220830172000","205","2","新北市","雙溪區","121.850","25.055","213"
"2637","395319","20220830172000","2446","1","新北市","三重區","121.495","25.080","2528"
"1153","395320","20220830172000","1618","0","新北市","三重區","121.475","25.060","1178"
"483","395322","20220830172000","803","0","新北市","五股區","121.455","25.105","461"
"59","395323","20220830172000","54","1","新北市","五股區","121.450","25.110","60"
"48","395324","20220830172000","98","0","新北市","五股區","121.455","25.110","55"
"257","395329","20220830172000","670","0","新北市","五股區","121.445","25.105","255"
"108","395331","20220830172000","195","0","新北市","五股區","121.445","25.110","110"
"37","395344","20220830172000","90","0","新北市","八里區","121.375","25.140","26"
"329","395346","20220830172000","518","0","新北市","八里區","121.385","25.140","338"
"68","395349","20220830172000","35","3","新北市","瑞芳區","121.800","25.100","72"
"477","395350","20220830172000","486","0","新北市","瑞芳區","121.800","25.105","479"
"325","395351","20220830172000","426","0","新北市","瑞芳區","121.820","25.105","317"
"14","395352","20220830172000","16","0","新北市","瑞芳區","121.825","25.105","23"
"222","395356","20220830172000","314","0","新北市","汐止區","121.670","25.065","238"
"632","395357","20220830172000","848","0","新北市","汐止區","121.670","25.070","627"
"1470","395361","20220830172000","1301","1","桃園市","蘆竹區","121.285","25.060","1437"
"1226","395362","20220830172000","683","3","桃園市","蘆竹區","121.290","25.060","1295"
"208","395363","20220830172000","392","0","桃園市","蘆竹區","121.320","25.060","183"
"485","395367","20220830172000","426","1","桃園市","觀音區","121.140","25.065","488"
"638","395388","20220830172000","336","3","桃園市","蘆竹區","121.265","25.085","669"
"190","395395","20220830172000","251","0","桃園市","蘆竹區","121.265","25.095","200"
"686","395397","20220830172000","428","3","桃園市","蘆竹區","121.275","25.095","949"
"1398","395400","20220830172000","862","3","桃園市","蘆竹區","121.260","25.100","1354"
"22","395417","20220830172000","13","3","桃園市","蘆竹區","121.330","25.065","26"
"124","395420","20220830172000","73","3","桃園市","蘆竹區","121.325","25.065","127"
"82","395423","20220830172000","43","3","桃園市","蘆竹區","121.340","25.070","92"
"553","395424","20220830172000","334","3","桃園市","蘆竹區","121.345","25.065","539"
"37","395433","20220830172000","187","0","桃園市","蘆竹區","121.315","25.075","22"
"23","395434","20220830172000","97","0","桃園市","蘆竹區","121.320","25.075","20"
"79","395436","20220830172000","83","0","桃園市","蘆竹區","121.330","25.075","123"
"158","395447","20220830172000","173","0","桃園市","蘆竹區","121.300","25.080","163"
"168","395448","20220830172000","153","1","桃園市","蘆竹區","121.305","25.080","182"
"44","395464","20220830172000","60","0","桃園市","蘆竹區","121.325","25.090","38"
"1169","395471","20220830172000","808","2","桃園市","蘆竹區","121.280","25.085","1141"
"830","395473","20220830172000","579","2","桃園市","蘆竹區","121.290","25.085","827"
"16","395480","20220830172000","14","1","桃園市","蘆竹區","121.295","25.095","16"
"2135","395483","20220830172000","2241","0","新北市","蘆洲區","121.470","25.080","2135"
"3435","395484","20220830172000","3092","1","新北市","蘆洲區","121.465","25.080","3486"
"3681","395485","20220830172000","4561","0","新北市","三重區","121.485","25.085","3574"
"1719","395486","20220830172000","1552","1","新北市","蘆洲區","121.455","25.090","1635"
"1608","395487","20220830172000","1431","1","新北市","蘆洲區","121.475","25.080","1559"
"747","395488","20220830172000","1111","0","新北市","汐止區","121.665","25.075","972"
"10149","395489","20220830172000","10040","1","新北市","汐止區","121.650","25.060","9735"
"2390","395490","20220830172000","1688","2","新北市","汐止區","121.655","25.060","3352"
"205","395491","20220830172000","147","2","新北市","汐止區","121.625","25.070","202"
"236","395492","20220830172000","254","0","新北市","汐止區","121.625","25.075","308"
"938","395493","20220830172000","732","2","新北市","汐止區","121.630","25.080","884"
"279","395495","20220830172000","402","0","新北市","汐止區","121.650","25.080","314"
"852","395499","20220830172000","843","1","新北市","汐止區","121.645","25.090","949"
"88","395501","20220830172000","72","2","新北市","汐止區","121.655","25.090","85"
"472","395508","20220830172000","577","0","新北市","汐止區","121.650","25.055","325"
"1667","395509","20220830172000","1482","1","新北市","汐止區","121.655","25.055","1397"
"798","395512","20220830172000","1062","0","新北市","汐止區","121.655","25.065","699"
"62","395526","20220830172000","45","2","新北市","汐止區","121.715","25.055","51"
"186","395530","20220830172000","168","1","新北市","汐止區","121.700","25.060","195"
"2841","395539","20220830172000","2920","0","新北市","汐止區","121.635","25.055","2659"
"1832","395541","20220830172000","1829","1","新北市","汐止區","121.635","25.060","1799"
"2727","395542","20220830172000","2324","1","新北市","汐止區","121.640","25.060","2574"
"1984","395544","20220830172000","2736","0","新北市","林口區","121.375","25.070","2053"
"1420","395546","20220830172000","1157","2","新北市","林口區","121.400","25.075","1443"
"1444","395548","20220830172000","1112","2","新北市","林口區","121.400","25.080","1307"
"298","395549","20220830172000","294","1","新北市","林口區","121.400","25.085","300"
"486","395550","20220830172000","431","1","新北市","林口區","121.405","25.085","527"
"85","395553","20220830172000","51","3","新北市","林口區","121.405","25.095","74"
"237","395555","20220830172000","265","0","新北市","林口區","121.405","25.100","231"
"87","395557","20220830172000","271","0","新北市","林口區","121.400","25.065","123"
"2508","395558","20220830172000","2363","1","新北市","林口區","121.390","25.075","2186"
"891","395559","20220830172000","1004","0","新北市","林口區","121.395","25.075","887"
"192","395560","20220830172000","165","1","新北市","林口區","121.385","25.090","160"
"971","395561","20220830172000","728","2","新北市","林口區","121.390","25.090","964"
"516","395565","20220830172000","627","0","新北市","林口區","121.385","25.100","535"
"154","395570","20220830172000","220","0","新北市","林口區","121.385","25.110","232"
"5298","395571","20220830172000","2749","3","新北市","林口區","121.375","25.075","4886"
"872","395572","20220830172000","1004","0","新北市","林口區","121.380","25.075","909"
"1055","395574","20220830172000","1091","0","新北市","林口區","121.370","25.080","1178"
"1446","395575","20220830172000","637","3","新北市","林口區","121.375","25.080","1408"
"1310","395576","20220830172000","603","3","新北市","林口區","121.380","25.080","1343"
"702","395579","20220830172000","519","2","新北市","林口區","121.370","25.085","687"
"1333","395580","20220830172000","1726","0","新北市","林口區","121.375","25.085","1334"
"91","395587","20220830172000","112","0","新北市","林口區","121.365","25.110","86"
"53","395603","20220830172000","42","2","新北市","林口區","121.390","25.080","33"
"307","395604","20220830172000","237","2","新北市","林口區","121.385","25.085","322"
"553","395606","20220830172000","536","1","新北市","汐止區","121.655","25.070","708"
"2018","395607","20220830172000","1464","2","新北市","汐止區","121.660","25.070","1759"
"130","395616","20220830172000","94","2","桃園市","大園區","121.260","25.065","111"
"279","395617","20220830172000","277","1","新北市","汐止區","121.635","25.070","257"
"1544","395618","20220830172000","1148","2","新北市","汐止區","121.640","25.070","1569"
"389","395619","20220830172000","350","1","新北市","汐止區","121.640","25.075","344"
"1118","395622","20220830172000","1114","1","新北市","汐止區","121.640","25.080","1259"
"279","395623","20220830172000","171","3","新北市","汐止區","121.635","25.085","215"
"558","395625","20220830172000","379","2","新北市","汐止區","121.635","25.075","500"
"157","395628","20220830172000","125","2","新北市","汐止區","121.640","25.100","147"
"71","395641","20220830172000","47","3","新北市","汐止區","121.620","25.115","76"
"57","395643","20220830172000","54","1","新北市","汐止區","121.630","25.115","55"
"45","395653","20220830172000","48","0","新北市","汐止區","121.605","25.125","57"
"344","395667","20220830172000","407","0","新北市","汐止區","121.615","25.135","435"
"983","395672","20220830172000","1035","0","新北市","淡水區","121.460","25.130","1171"
"2740","395673","20220830172000","3294","0","新北市","淡水區","121.460","25.135","2673"
"3334","395675","20220830172000","3457","0","新北市","淡水區","121.460","25.140","3191"
"695","395676","20220830172000","437","3","新北市","淡水區","121.465","25.140","702"
"757","395691","20220830172000","652","1","新北市","汐止區","121.675","25.065","789"
"993","395692","20220830172000","945","1","新北市","汐止區","121.665","25.080","968"
"278","395698","20220830172000","506","0","新北市","汐止區","121.670","25.075","323"
"1178","395699","20220830172000","1097","1","新北市","汐止區","121.675","25.075","1045"
"206","395701","20220830172000","180","1","新北市","汐止區","121.610","25.105","235"
"191","395703","20220830172000","147","2","新北市","汐止區","121.605","25.110","170"
"1037","395715","20220830172000","1324","0","新北市","泰山區","121.430","25.060","1001"
"61","395716","20220830172000","354","0","新北市","泰山區","121.425","25.060","70"
"1056","395717","20220830172000","1684","0","新北市","泰山區","121.425","25.065","874"
"1949","395718","20220830172000","1870","1","新北市","蘆洲區","121.480","25.090","1905"
"661","395719","20220830172000","759","0","新北市","蘆洲區","121.480","25.095","555"
"61","395724","20220830172000","47","2","桃園市","蘆竹區","121.300","25.100","57"
"201","395727","20220830172000","282","0","新北市","林口區","121.290","25.105","253"
"602","395732","20220830172000","492","2","新北市","林口區","121.315","25.105","585"
"139","395735","20220830172000","187","0","新北市","林口區","121.295","25.110","177"
"68","395748","20220830172000","141","0","新北市","林口區","121.295","25.115","73"
"176","395749","20220830172000","192","0","新北市","林口區","121.300","25.115","158"
"223","395752","20220830172000","234","0","新北市","林口區","121.295","25.120","235"
"2278","395755","20220830172000","2667","0","新北市","林口區","121.385","25.080","2311"
"1163","395756","20220830172000","533","3","新北市","林口區","121.380","25.085","1129"
"756","395757","20220830172000","989","0","新北市","林口區","121.375","25.090","747"
"3074","395768","20220830172000","3213","0","新北市","林口區","121.365","25.065","3039"
"2425","395769","20220830172000","1712","2","新北市","汐止區","121.665","25.070","2221"
"597","395773","20220830172000","592","1","新北市","汐止區","121.675","25.070","592"
"791","395774","20220830172000","887","0","新北市","汐止區","121.680","25.070","821"
"266","395775","20220830172000","229","1","新北市","汐止區","121.685","25.070","259"
"263","395777","20220830172000","335","0","新北市","汐止區","121.675","25.080","267"
"389","395784","20220830172000","366","1","新北市","汐止區","121.645","25.080","426"
"96","395791","20220830172000","105","0","新北市","汐止區","121.640","25.095","62"
"328","395805","20220830172000","386","0","新北市","林口區","121.390","25.070","277"
"791","395806","20220830172000","381","3","新北市","林口區","121.385","25.075","809"
"254","395809","20220830172000","280","0","新北市","林口區","121.345","25.085","245"
"70","395828","20220830172000","26","3","新北市","林口區","121.315","25.100","63"
"28","395833","20220830172000","63","0","新北市","林口區","121.340","25.100","29"
"88","395837","20220830172000","24","3","新北市","林口區","121.330","25.105","68"
"4518","395840","20220830172000","2593","3","桃園市","龜山區","121.375","25.065","3822"
"2108","395843","20220830172000","803","3","新北市","林口區","121.360","25.065","1870"
"198","395844","20220830172000","136","2","新北市","林口區","121.350","25.070","192"
"1182","395846","20220830172000","989","1","新北市","林口區","121.360","25.070","1278"
"4065","395847","20220830172000","2922","2","新北市","林口區","121.370","25.070","4082"
"92","395848","20220830172000","88","1","新北市","林口區","121.345","25.075","116"
"958","395850","20220830172000","729","2","新北市","林口區","121.355","25.075","998"
"1998","395853","20220830172000","870","3","新北市","林口區","121.370","25.075","1966"
"763","395854","20220830172000","1089","0","新北市","林口區","121.350","25.080","766"
"356","395858","20220830172000","326","1","新北市","林口區","121.345","25.100","413"
"74","395862","20220830172000","86","0","新北市","林口區","121.340","25.105","83"
"93","395869","20220830172000","88","1","新北市","林口區","121.340","25.110","107"
"262","395881","20220830172000","262","1","新北市","林口區","121.320","25.115","228"
"19","395883","20220830172000","33","0","新北市","林口區","121.330","25.115","30"
"160","395900","20220830172000","104","3","新北市","林口區","121.345","25.125","185"
"4610","395909","20220830172000","4971","0","新北市","蘆洲區","121.480","25.080","4699"
"86","395910","20220830172000","218","0","新北市","蘆洲區","121.455","25.085","84"
"2848","395911","20220830172000","2332","2","新北市","林口區","121.365","25.070","3059"
"48","395919","20220830172000","29","3","新北市","平溪區","121.770","25.050","55"
"72","395949","20220830172000","66","1","新北市","平溪區","121.790","25.070","92"
"1925","395961","20220830172000","1872","1","新北市","汐止區","121.630","25.055","1569"
"1507","395962","20220830172000","1567","0","新北市","汐止區","121.625","25.060","1448"
"1251","395965","20220830172000","1844","0","新北市","蘆洲區","121.470","25.075","1323"
"6452","395966","20220830172000","5560","1","桃園市","龜山區","121.370","25.060","6409"
"1549","395968","20220830172000","1212","2","桃園市","龜山區","121.380","25.060","1605"
"1819","395969","20220830172000","1087","3","桃園市","龜山區","121.375","25.060","1793"
"7996","395972","20220830172000","10594","0","臺北市","中山區","121.530","25.060","8009"
"1120","395973","20220830172000","1000","1","桃園市","大園區","121.245","25.105","1140"
"39","395977","20220830172000","16","3","桃園市","大園區","121.250","25.110","25"
"666","395980","20220830172000","644","1","桃園市","大園區","121.180","25.065","727"
"616","395981","20220830172000","915","0","桃園市","大園區","121.190","25.060","682"
"528","395982","20220830172000","316","3","桃園市","大園區","121.195","25.060","497"
"455","395983","20220830172000","540","0","桃園市","大園區","121.185","25.065","491"
"820","395984","20220830172000","797","1","桃園市","大園區","121.190","25.065","796"
"1408","395990","20220830172000","1646","0","桃園市","大園區","121.250","25.095","1371"
"76","395991","20220830172000","49","3","桃園市","大園區","121.255","25.095","69"
"51","395992","20220830172000","76","0","桃園市","大園區","121.235","25.100","56"
"752","395998","20220830172000","1116","0","桃園市","大園區","121.260","25.070","729"
"925","395999","20220830172000","722","2","桃園市","大園區","121.255","25.075","895"
"1947","396009","20220830172000","1867","1","臺北市","中山區","121.530","25.070","1897"
"28","396010","20220830172000","265","0","臺北市","中山區","121.540","25.075","26"
"3019","396012","20220830172000","3793","0","臺北市","中山區","121.530","25.065","3039"
"5588","396013","20220830172000","7038","0","臺北市","中山區","121.540","25.060","5616"
"318","396014","20220830172000","271","1","臺北市","中山區","121.555","25.075","312"
"2686","396015","20220830172000","1775","3","臺北市","中山區","121.550","25.080","2114"
"2673","396016","20220830172000","2092","2","臺北市","中山區","121.555","25.080","2787"
"1704","396018","20220830172000","1572","1","臺北市","中山區","121.525","25.080","1775"
"201","396020","20220830172000","285","0","臺北市","中山區","121.535","25.080","223"
"1381","396021","20220830172000","1630","0","臺北市","中山區","121.540","25.080","1365"
"70","396022","20220830172000","198","0","臺北市","中山區","121.535","25.085","62"
"2115","396025","20220830172000","1942","1","新北市","蘆洲區","121.480","25.085","2145"
"1343","396033","20220830172000","1739","0","新北市","泰山區","121.420","25.065","1255"
"672","396035","20220830172000","168","3","新北市","泰山區","121.440","25.065","497"
"87","396038","20220830172000","118","0","新北市","泰山區","121.410","25.070","98"
"156","396040","20220830172000","111","2","新北市","淡水區","121.460","25.145","129"
"1972","396044","20220830172000","2424","0","臺北市","大同區","121.510","25.065","2006"
"2267","396045","20220830172000","2529","0","臺北市","大同區","121.515","25.075","2378"
"3236","396046","20220830172000","3095","1","臺北市","大同區","121.510","25.060","3277"
"5902","396047","20220830172000","5413","1","臺北市","松山區","121.545","25.060","5771"
"7726","396048","20220830172000","8273","0","臺北市","中山區","121.525","25.060","7300"
"1764","396049","20220830172000","1647","1","新北市","蘆洲區","121.460","25.080","1685"
"2394","396050","20220830172000","2379","1","新北市","蘆洲區","121.475","25.085","2277"
"388","396053","20220830172000","474","0","新北市","貢寮區","121.920","25.050","421"
"243","396054","20220830172000","155","3","新北市","貢寮區","121.925","25.050","220"
"42","396057","20220830172000","35","2","新北市","貢寮區","121.900","25.050","36"
"88","396059","20220830172000","48","3","新北市","貢寮區","121.890","25.055","75"
"85","396074","20220830172000","57","2","新北市","貢寮區","121.900","25.065","96"
"575","396088","20220830172000","324","3","新北市","瑞芳區","121.805","25.110","599"
"147","396089","20220830172000","75","3","新北市","瑞芳區","121.810","25.110","159"
"2121","396099","20220830172000","1287","3","桃園市","龜山區","121.385","25.060","1950"
"2054","396100","20220830172000","2148","0","臺北市","中山區","121.540","25.055","1886"
"1276","396101","20220830172000","1603","0","臺北市","松山區","121.540","25.070","1345"
"1328","396102","20220830172000","1607","0","臺北市","中山區","121.535","25.070","1440"
"289","396103","20220830172000","156","3","臺北市","內湖區","121.615","25.075","293"
"3109","396104","20220830172000","3531","0","臺北市","內湖區","121.610","25.070","3311"
"2610","396105","20220830172000","2370","1","臺北市","北投區","121.500","25.140","2594"
"1379","396106","20220830172000","1972","0","臺北市","北投區","121.505","25.140","1243"
"421","396112","20220830172000","365","1","臺北市","北投區","121.485","25.115","455"
"204","396118","20220830172000","200","1","臺北市","北投區","121.485","25.120","171"
"2361","396121","20220830172000","2601","0","臺北市","北投區","121.500","25.120","2517"
"4120","396123","20220830172000","3057","2","臺北市","北投區","121.500","25.125","4166"
"2505","396124","20220830172000","2313","1","臺北市","北投區","121.510","25.115","2496"
"2757","396126","20220830172000","3020","0","臺北市","中山區","121.535","25.065","2579"
"1772","396127","20220830172000","2187","0","臺北市","中山區","121.550","25.085","1882"
"1295","396128","20220830172000","1763","0","臺北市","中山區","121.555","25.085","1300"
"1515","396130","20220830172000","1926","0","新北市","三重區","121.505","25.065","1626"
"1758","396131","20220830172000","2654","0","臺北市","中山區","121.525","25.070","1877"
"2081","396132","20220830172000","1772","1","新北市","三重區","121.505","25.070","1971"
"815","396133","20220830172000","446","3","桃園市","蘆竹區","121.280","25.065","784"
"1992","396134","20220830172000","1835","1","桃園市","蘆竹區","121.285","25.065","2073"
"619","396135","20220830172000","488","2","桃園市","蘆竹區","121.290","25.065","655"
"1080","396136","20220830172000","979","1","桃園市","蘆竹區","121.275","25.070","1090"
"663","396144","20220830172000","974","0","桃園市","龜山區","121.355","25.060","683"
"3195","396145","20220830172000","3680","0","桃園市","龜山區","121.365","25.060","3143"
"451","396146","20220830172000","373","2","桃園市","蘆竹區","121.340","25.065","359"
"734","396149","20220830172000","465","3","新北市","林口區","121.355","25.065","626"
"226","396150","20220830172000","161","2","桃園市","龜山區","121.355","25.055","217"
"1465","396151","20220830172000","1472","0","新北市","林口區","121.370","25.065","1463"
"2574","396157","20220830172000","2860","0","臺北市","內湖區","121.620","25.070","2760"
"3228","396158","20220830172000","3010","1","臺北市","內湖區","121.595","25.080","3399"
"280","396159","20220830172000","372","0","臺北市","內湖區","121.600","25.080","256"
"105","396164","20220830172000","49","3","臺北市","北投區","121.505","25.150","25"
"412","396165","20220830172000","238","3","臺北市","北投區","121.505","25.125","490"
"969","396166","20220830172000","566","3","臺北市","北投區","121.510","25.125","974"
"1310","396168","20220830172000","991","2","臺北市","北投區","121.505","25.130","1123"
"17","396169","20220830172000","37","0","臺北市","北投區","121.510","25.130","18"
"243","396170","20220830172000","215","1","臺北市","北投區","121.515","25.130","153"
"216","396172","20220830172000","108","3","臺北市","北投區","121.510","25.105","216"
"491","396173","20220830172000","413","1","臺北市","北投區","121.505","25.110","495"
"2114","396175","20220830172000","2456","0","臺北市","南港區","121.595","25.055","2192"
"1146","396176","20220830172000","1663","0","臺北市","南港區","121.600","25.050","1148"
"1128","396177","20220830172000","1584","0","臺北市","南港區","121.590","25.055","1232"
"3455","396178","20220830172000","3612","0","臺北市","內湖區","121.595","25.060","3627"
"689","396179","20220830172000","536","2","臺北市","內湖區","121.600","25.060","442"
"44","396189","20220830172000","43","1","新北市","雙溪區","121.880","25.060","46"
"34","396205","20220830172000","12","3","新北市","雙溪區","121.845","25.060","27"
"17","396211","20220830172000","15","1","新北市","瑞芳區","121.830","25.070","17"
"40","396219","20220830172000","20","3","新北市","雙溪區","121.850","25.075","46"
"2004","396233","20220830172000","2204","0","桃園市","龜山區","121.360","25.060","2015"
"1298","396237","20220830172000","1409","0","臺北市","士林區","121.545","25.100","821"
"1026","396238","20220830172000","992","1","臺北市","士林區","121.550","25.100","966"
"105","396243","20220830172000","126","0","臺北市","士林區","121.560","25.105","87"
"1781","396246","20220830172000","1653","1","臺北市","士林區","121.535","25.105","1763"
"78","396247","20220830172000","104","0","臺北市","士林區","121.545","25.110","73"
"1077","396248","20220830172000","1121","0","臺北市","士林區","121.535","25.110","1115"
"61","396249","20220830172000","64","0","臺北市","士林區","121.550","25.115","48"
"26","396253","20220830172000","18","2","臺北市","士林區","121.570","25.135","16"
"227","396255","20220830172000","140","3","臺北市","士林區","121.560","25.140","172"
"64","396258","20220830172000","53","2","臺北市","士林區","121.555","25.145","51"
"127","396259","20220830172000","159","0","臺北市","士林區","121.560","25.145","125"
"188","396260","20220830172000","207","0","臺北市","士林區","121.565","25.145","244"
"185","396262","20220830172000","151","2","臺北市","士林區","121.555","25.150","177"
"93","396263","20220830172000","78","1","臺北市","士林區","121.560","25.150","94"
"1966","396266","20220830172000","2207","0","臺北市","士林區","121.510","25.085","2287"
"2489","396267","20220830172000","3145","0","臺北市","北投區","121.520","25.110","2517"
"3251","396268","20220830172000","2947","1","臺北市","北投區","121.520","25.115","3174"
"1238","396269","20220830172000","1309","0","臺北市","北投區","121.520","25.105","1239"
"1745","396270","20220830172000","2073","0","臺北市","士林區","121.525","25.100","1664"
"53","396271","20220830172000","32","3","臺北市","士林區","121.545","25.130","39"
"1042","396273","20220830172000","3112","0","臺北市","士林區","121.540","25.135","1010"
"203","396274","20220830172000","293","0","臺北市","士林區","121.545","25.135","249"
"1237","396276","20220830172000","1843","0","臺北市","士林區","121.545","25.140","1197"
"17","396277","20220830172000","18","0","臺北市","士林區","121.550","25.140","11"
"180","396278","20220830172000","117","3","臺北市","士林區","121.550","25.145","216"
"1744","396280","20220830172000","991","3","臺北市","士林區","121.530","25.100","1174"
"625","396281","20220830172000","998","0","臺北市","士林區","121.535","25.100","803"
"1685","396282","20220830172000","1719","0","臺北市","士林區","121.530","25.085","1295"
"83","396283","20220830172000","81","1","臺北市","士林區","121.530","25.090","101"
"1529","396285","20220830172000","1919","0","臺北市","士林區","121.530","25.095","1675"
"565","396286","20220830172000","618","0","臺北市","士林區","121.535","25.095","572"
"1551","396289","20220830172000","1378","1","臺北市","士林區","121.520","25.080","1508"
"2947","396290","20220830172000","3036","0","臺北市","士林區","121.525","25.085","2854"
"343","396294","20220830172000","329","1","臺北市","士林區","121.565","25.105","332"
"8892","396296","20220830172000","8846","1","臺北市","內湖區","121.575","25.075","8818"
"667","396297","20220830172000","617","1","臺北市","內湖區","121.575","25.085","735"
"908","396299","20220830172000","854","1","臺北市","北投區","121.495","25.145","974"
"5354","396301","20220830172000","5305","1","臺北市","士林區","121.525","25.115","5096"
"4032","396302","20220830172000","4084","0","臺北市","內湖區","121.575","25.055","4176"
"2627","396303","20220830172000","2914","0","臺北市","內湖區","121.575","25.060","2693"
"2979","396304","20220830172000","2857","1","臺北市","內湖區","121.585","25.055","2885"
"2628","396305","20220830172000","2890","0","臺北市","內湖區","121.580","25.065","2660"
"1248","396306","20220830172000","1364","0","臺北市","內湖區","121.575","25.065","1515"
"2870","396307","20220830172000","3258","0","臺北市","內湖區","121.575","25.070","2995"
"2118","396308","20220830172000","1776","1","臺北市","內湖區","121.585","25.065","1951"
"4315","396309","20220830172000","5328","0","臺北市","中山區","121.570","25.075","4309"
"3567","396310","20220830172000","3844","0","臺北市","內湖區","121.580","25.070","3607"
"96","396311","20220830172000","46","3","臺北市","內湖區","121.585","25.080","84"
"2967","396312","20220830172000","2840","1","臺北市","內湖區","121.590","25.080","2666"
"613","396313","20220830172000","641","0","臺北市","內湖區","121.585","25.085","555"
"671","396314","20220830172000","508","2","臺北市","內湖區","121.595","25.065","547"
"807","396315","20220830172000","909","0","臺北市","內湖區","121.600","25.065","823"
"2916","396316","20220830172000","3582","0","臺北市","內湖區","121.595","25.070","2546"
"1048","396317","20220830172000","1001","1","臺北市","內湖區","121.600","25.070","1010"
"204","396318","20220830172000","150","2","桃園市","大園區","121.200","25.060","200"
"322","396320","20220830172000","212","3","桃園市","大園區","121.200","25.065","317"
"347","396322","20220830172000","288","2","桃園市","大園區","121.200","25.070","362"
"78","396333","20220830172000","226","0","桃園市","大園區","121.230","25.095","73"
"188","396335","20220830172000","171","1","桃園市","大園區","121.210","25.100","206"
"275","396349","20220830172000","238","1","桃園市","大園區","121.230","25.110","288"
"1228","396355","20220830172000","1262","0","臺北市","北投區","121.505","25.120","1277"
"1845","396356","20220830172000","1901","0","臺北市","北投區","121.510","25.120","1952"
"433","396357","20220830172000","517","0","臺北市","北投區","121.510","25.135","471"
"554","396358","20220830172000","391","2","臺北市","北投區","121.515","25.135","624"
"325","396360","20220830172000","213","3","臺北市","北投區","121.510","25.140","207"
"130","396361","20220830172000","470","0","臺北市","北投區","121.515","25.140","138"
"299","396363","20220830172000","333","0","臺北市","北投區","121.525","25.145","265"
"917","396366","20220830172000","1076","0","臺北市","北投區","121.485","25.135","973"
"1300","396368","20220830172000","936","2","臺北市","北投區","121.485","25.140","1180"
"4107","396370","20220830172000","4392","0","臺北市","士林區","121.525","25.105","4420"
"3454","396371","20220830172000","3696","0","臺北市","士林區","121.530","25.105","3648"
"2825","396372","20220830172000","3223","0","臺北市","北投區","121.515","25.110","2783"
"1693","396373","20220830172000","2027","0","臺北市","士林區","121.520","25.100","1687"
"1165","396376","20220830172000","1508","0","臺北市","士林區","121.530","25.125","1166"
"291","396377","20220830172000","400","0","臺北市","北投區","121.525","25.130","308"
"649","396378","20220830172000","531","2","臺北市","北投區","121.530","25.130","658"
"27","396380","20220830172000","15","3","臺北市","士林區","121.530","25.135","19"
"2722","396382","20220830172000","3020","0","臺北市","北投區","121.515","25.115","2729"
"1146","396383","20220830172000","1519","0","臺北市","北投區","121.515","25.120","1101"
"2639","396384","20220830172000","3085","0","臺北市","北投區","121.520","25.120","2584"
"3218","396385","20220830172000","2996","1","臺北市","北投區","121.525","25.120","3134"
"928","396395","20220830172000","1259","0","臺北市","松山區","121.545","25.070","988"
"1512","396397","20220830172000","436","3","臺北市","中山區","121.540","25.065","965"
"760","396398","20220830172000","653","1","臺北市","中山區","121.535","25.075","781"
"583","396399","20220830172000","335","3","臺北市","松山區","121.550","25.075","547"
"4361","396400","20220830172000","5307","0","臺北市","中山區","121.545","25.080","4585"
"1335","396401","20220830172000","1446","0","臺北市","中山區","121.545","25.085","930"
"1202","396404","20220830172000","944","2","臺北市","北投區","121.495","25.140","1194"
"622","396405","20220830172000","1451","0","臺北市","北投區","121.515","25.105","658"
"6577","396406","20220830172000","8260","0","臺北市","中山區","121.525","25.065","6565"
"3369","396407","20220830172000","4008","0","臺北市","士林區","121.535","25.115","3277"
"1818","396408","20220830172000","2729","0","臺北市","士林區","121.525","25.090","1822"
"751","396409","20220830172000","454","3","臺北市","士林區","121.560","25.115","689"
"309","396410","20220830172000","410","0","臺北市","士林區","121.560","25.120","353"
"99","396412","20220830172000","91","1","臺北市","士林區","121.560","25.125","95"
"139","396416","20220830172000","258","0","臺北市","士林區","121.560","25.135","148"
"3795","396417","20220830172000","5086","0","臺北市","士林區","121.520","25.085","3762"
"2162","396418","20220830172000","2651","0","臺北市","內湖區","121.580","25.080","2206"
"830","396419","20220830172000","765","1","臺北市","內湖區","121.580","25.085","791"
"267","396422","20220830172000","473","0","桃園市","大園區","121.240","25.065","323"
"68","396424","20220830172000","98","0","桃園市","大園區","121.250","25.065","58"
"33","396433","20220830172000","219","0","桃園市","大園區","121.255","25.070","29"
"577","396435","20220830172000","643","0","桃園市","大園區","121.185","25.070","607"
"774","396436","20220830172000","767","1","桃園市","大園區","121.190","25.070","785"
"1271","396438","20220830172000","982","2","桃園市","大園區","121.175","25.075","1307"
"710","396439","20220830172000","841","0","桃園市","大園區","121.180","25.075","722"
"1188","396440","20220830172000","1098","1","桃園市","大園區","121.185","25.075","1148"
"119","396443","20220830172000","145","0","桃園市","大園區","121.180","25.080","118"
"284","396447","20220830172000","238","1","桃園市","大園區","121.185","25.085","293"
"462","396462","20220830172000","330","2","桃園市","大園區","121.160","25.075","490"
"333","396471","20220830172000","243","2","桃園市","大園區","121.165","25.060","338"
"360","396472","20220830172000","337","1","桃園市","大園區","121.170","25.060","400"
"912","396473","20220830172000","880","1","桃園市","大園區","121.175","25.060","736"
"854","396496","20220830172000","756","1","桃園市","大園區","121.210","25.060","930"
"545","396505","20220830172000","285","3","桃園市","大園區","121.220","25.070","629"
"3153","396517","20220830172000","2090","3","桃園市","大園區","121.230","25.075","3313"
"376","396518","20220830172000","315","1","桃園市","大園區","121.235","25.075","322"
"1290","396524","20220830172000","964","2","桃園市","大園區","121.235","25.080","1312"
"945","396531","20220830172000","790","1","桃園市","大園區","121.240","25.085","988"
"434","396532","20220830172000","284","3","桃園市","大園區","121.245","25.085","481"
"624","396533","20220830172000","580","1","桃園市","大園區","121.250","25.085","673"
"1675","396537","20220830172000","1061","3","桃園市","大園區","121.245","25.090","1695"
"474","396541","20220830172000","358","2","桃園市","大園區","121.240","25.100","478"
"1974","396542","20220830172000","1529","2","桃園市","大園區","121.195","25.065","1890"
"1963","396543","20220830172000","2092","0","桃園市","大園區","121.195","25.070","1937"
"124","396549","20220830172000","249","0","桃園市","大園區","121.235","25.065","105"
"269","396555","20220830172000","372","0","桃園市","大園區","121.200","25.085","277"
"332","396560","20220830172000","244","2","桃園市","大園區","121.225","25.090","317"
"4839","396561","20220830172000","5606","0","臺北市","士林區","121.520","25.095","4814"
"1963","396562","20220830172000","1523","2","臺北市","南港區","121.600","25.055","1557"
"4217","396563","20220830172000","4851","0","臺北市","南港區","121.605","25.055","4503"
"28","396564","20220830172000","34","0","臺北市","內湖區","121.615","25.080","51"
"1322","396567","20220830172000","1304","1","臺北市","內湖區","121.615","25.070","1143"
"2592","396568","20220830172000","3073","0","臺北市","內湖區","121.590","25.065","2592"
"585","396569","20220830172000","644","0","臺北市","內湖區","121.585","25.070","521"
"2430","396570","20220830172000","1693","2","臺北市","內湖區","121.590","25.070","2259"
"284","396571","20220830172000","322","0","臺北市","北投區","121.500","25.145","282"
"538","396572","20220830172000","492","1","臺北市","內湖區","121.620","25.075","557"
"19","396573","20220830172000","15","2","臺北市","內湖區","121.620","25.080","25"
"260","396574","20220830172000","141","3","新北市","汐止區","121.625","25.080","225"
"65","396576","20220830172000","80","0","臺北市","內湖區","121.625","25.085","89"
"31","396587","20220830172000","39","0","臺北市","內湖區","121.610","25.100","23"
"792","396590","20220830172000","793","0","臺北市","內湖區","121.610","25.065","735"
"560","396592","20220830172000","617","0","臺北市","內湖區","121.605","25.085","567"
"716","396594","20220830172000","709","1","臺北市","內湖區","121.600","25.090","696"
"54","396599","20220830172000","33","3","臺北市","內湖區","121.605","25.095","57"
"2574","396603","20220830172000","2942","0","臺北市","北投區","121.500","25.130","2585"
"830","396604","20220830172000","1105","0","新北市","汐止區","121.620","25.055","1224"
"2167","396605","20220830172000","2670","0","臺北市","士林區","121.505","25.085","2407"
"673","396606","20220830172000","875","0","臺北市","士林區","121.515","25.085","688"
"822","396607","20220830172000","655","2","臺北市","內湖區","121.590","25.085","728"
"1852","396608","20220830172000","1698","1","臺北市","內湖區","121.595","25.085","1831"
"5732","396609","20220830172000","6193","0","臺北市","內湖區","121.575","25.080","5204"
"9022","396611","20220830172000","9184","0","臺北市","北投區","121.470","25.125","8380"
"434","396612","20220830172000","703","0","臺北市","北投區","121.475","25.125","517"
"1079","396615","20220830172000","1047","1","臺北市","北投區","121.465","25.130","1032"
"807","396616","20220830172000","828","0","臺北市","北投區","121.470","25.130","762"
"93","396617","20220830172000","140","0","臺北市","北投區","121.475","25.130","108"
"956","396619","20220830172000","1966","0","臺北市","北投區","121.470","25.135","1024"
"27","396620","20220830172000","20","2","臺北市","北投區","121.475","25.135","24"
"32","396621","20220830172000","34","0","臺北市","北投區","121.475","25.140","29"
"1699","396622","20220830172000","1701","0","臺北市","南港區","121.610","25.055","1691"
"2689","396623","20220830172000","2251","1","臺北市","內湖區","121.605","25.065","2267"
"5371","396624","20220830172000","6478","0","臺北市","中山區","121.520","25.060","5277"
"529","396625","20220830172000","796","0","臺北市","中山區","121.530","25.075","615"
"327","396626","20220830172000","488","0","臺北市","內湖區","121.570","25.065","370"
"1103","396628","20220830172000","1396","0","臺北市","松山區","121.550","25.070","1275"
"108","396629","20220830172000","143","0","臺北市","松山區","121.555","25.070","121"
"359","396630","20220830172000","483","0","臺北市","松山區","121.560","25.070","488"
"21","396632","20220830172000","67","0","臺北市","中山區","121.565","25.075","35"
"238","396633","20220830172000","2019","0","臺北市","松山區","121.555","25.055","180"
"3439","396634","20220830172000","5245","0","臺北市","松山區","121.570","25.055","3291"
"2679","396635","20220830172000","2589","1","臺北市","士林區","121.530","25.115","2738"
"62","396636","20220830172000","350","0","臺北市","士林區","121.495","25.095","44"
"1728","396637","20220830172000","1890","0","臺北市","士林區","121.500","25.095","1802"
"399","396639","20220830172000","416","0","臺北市","士林區","121.490","25.100","458"
"98","396643","20220830172000","119","0","臺北市","士林區","121.480","25.110","130"
"507","396644","20220830172000","598","0","臺北市","士林區","121.495","25.110","544"
"7573","396647","20220830172000","9093","0","臺北市","松山區","121.550","25.060","7339"
"3435","396648","20220830172000","4047","0","臺北市","松山區","121.555","25.060","3432"
"613","396649","20220830172000","804","0","臺北市","松山區","121.560","25.065","705"
"1653","396650","20220830172000","1941","0","臺北市","松山區","121.555","25.065","1670"
"1216","396651","20220830172000","1202","1","臺北市","中山區","121.545","25.075","1217"
"56","396655","20220830172000","137","0","臺北市","內湖區","121.605","25.080","62"
"1784","396656","20220830172000","1341","2","臺北市","內湖區","121.600","25.085","1841"
"5017","396657","20220830172000","4631","1","臺北市","松山區","121.550","25.065","4986"
"2398","396658","20220830172000","2851","0","臺北市","松山區","121.545","25.065","2603"
"2679","396659","20220830172000","3471","0","臺北市","松山區","121.565","25.055","2794"
"4650","396660","20220830172000","4608","1","臺北市","松山區","121.560","25.060","4883"
"247","396661","20220830172000","1087","0","臺北市","內湖區","121.570","25.060","258"
"2516","396662","20220830172000","2694","0","臺北市","松山區","121.565","25.060","2556"
"213","396663","20220830172000","272","0","臺北市","中山區","121.560","25.075","234"
"930","396665","20220830172000","1035","0","臺北市","松山區","121.570","25.070","842"
"4187","396666","20220830172000","4618","0","臺北市","中山區","121.560","25.080","4660"
"7637","396667","20220830172000","11698","0","臺北市","松山區","121.550","25.055","7592"
"390","396669","20220830172000","525","0","臺北市","士林區","121.535","25.125","420"
"101","396672","20220830172000","129","0","臺北市","士林區","121.535","25.135","111"
"3079","396674","20220830172000","2435","2","臺北市","士林區","121.530","25.120","3165"
"5054","396675","20220830172000","4794","1","臺北市","士林區","121.530","25.110","4970"
"4959","396676","20220830172000","10734","0","臺北市","松山區","121.545","25.055","4902"
"3278","396677","20220830172000","3135","1","臺北市","松山區","121.560","25.055","3579"
"2311","396678","20220830172000","2487","0","臺北市","內湖區","121.580","25.075","2395"
"1904","396680","20220830172000","1942","0","臺北市","內湖區","121.590","25.060","1951"
"1785","396683","20220830172000","1664","1","臺北市","內湖區","121.590","25.090","1924"
"79","396684","20220830172000","13","3","臺北市","內湖區","121.595","25.090","64"
"90","396688","20220830172000","166","0","臺北市","內湖區","121.590","25.100","77"
"141","396690","20220830172000","194","0","臺北市","內湖區","121.580","25.105","120"
"89","396693","20220830172000","108","0","臺北市","內湖區","121.595","25.105","74"
"1746","396701","20220830172000","2801","0","臺北市","北投區","121.495","25.135","1804"
"190","396703","20220830172000","127","2","臺北市","北投區","121.505","25.100","202"
"330","396707","20220830172000","427","0","臺北市","北投區","121.500","25.110","383"
"93","396710","20220830172000","160","0","臺北市","北投區","121.530","25.140","94"
"109","396716","20220830172000","112","0","臺北市","北投區","121.535","25.150","91"
"327","396719","20220830172000","377","0","臺北市","士林區","121.555","25.115","326"
"197","396722","20220830172000","207","0","臺北市","士林區","121.550","25.125","186"
"1693","396727","20220830172000","1896","0","臺北市","士林區","121.510","25.080","1841"
"195","396731","20220830172000","266","0","臺北市","士林區","121.480","25.105","150"
"543","396732","20220830172000","586","0","臺北市","士林區","121.485","25.105","663"
"216","396735","20220830172000","720","0","臺北市","北投區","121.470","25.110","219"
"135","396737","20220830172000","155","0","臺北市","士林區","121.485","25.110","146"
"190","396739","20220830172000","69","3","臺北市","士林區","121.460","25.110","124"
"4187","396740","20220830172000","4009","1","臺北市","大同區","121.515","25.060","3999"
"3066","396741","20220830172000","3999","0","臺北市","中山區","121.520","25.065","3054"
"1146","396742","20220830172000","1216","0","臺北市","內湖區","121.615","25.065","969"
"2689","396743","20220830172000","2177","2","臺北市","內湖區","121.605","25.070","2378"
"115","396744","20220830172000","345","0","臺北市","內湖區","121.605","25.075","498"
"2411","396745","20220830172000","2454","0","臺北市","內湖區","121.610","25.075","2192"
"569","396746","20220830172000","385","2","臺北市","內湖區","121.585","25.090","571"
"8031","396754","20220830172000","9734","0","臺北市","南港區","121.610","25.060","8921"
"2550","396755","20220830172000","2484","1","臺北市","南港區","121.620","25.060","3641"
"2415","396756","20220830172000","2370","1","臺北市","南港區","121.615","25.060","2456"
"2830","396758","20220830172000","3040","0","臺北市","南港區","121.615","25.055","2898"
"1417","396759","20220830172000","1161","2","臺北市","北投區","121.505","25.145","1329"
"334","396762","20220830172000","608","0","臺北市","北投區","121.465","25.115","409"
"2870","396765","20220830172000","2831","1","臺北市","北投區","121.465","25.120","2970"
"1206","396766","20220830172000","1438","0","臺北市","北投區","121.470","25.120","1289"
"2407","396767","20220830172000","2760","0","臺北市","士林區","121.525","25.095","2543"
"1529","396768","20220830172000","1237","2","臺北市","士林區","121.505","25.090","1555"
"1303","396769","20220830172000","797","3","臺北市","士林區","121.510","25.090","1349"
"617","396771","20220830172000","739","0","新北市","三重區","121.500","25.075","650"
"2402","396773","20220830172000","2697","0","臺北市","內湖區","121.585","25.075","2173"
"1028","396774","20220830172000","1077","0","臺北市","內湖區","121.590","25.075","1025"
"612","396775","20220830172000","523","1","臺北市","內湖區","121.595","25.075","587"
"560","396776","20220830172000","613","0","臺北市","內湖區","121.600","25.075","551"
"5593","396777","20220830172000","6619","0","臺北市","中山區","121.535","25.060","5793"
"3731","396778","20220830172000","4854","0","臺北市","大同區","121.515","25.070","3798"
"2965","396779","20220830172000","3304","0","臺北市","大同區","121.515","25.065","2563"
"2549","396781","20220830172000","3039","0","臺北市","北投區","121.510","25.110","2544"
"1269","396785","20220830172000","1480","0","臺北市","北投區","121.490","25.145","1480"
"1628","396788","20220830172000","1996","0","臺北市","北投區","121.505","25.115","1747"
"549","396789","20220830172000","575","0","臺北市","北投區","121.515","25.100","506"
"1804","396790","20220830172000","2018","0","臺北市","士林區","121.525","25.110","1656"
"1751","396791","20220830172000","2103","0","臺北市","中山區","121.520","25.070","1792"
"1586","396792","20220830172000","1657","0","臺北市","大同區","121.520","25.075","1642"
"28","396793","20220830172000","547","0","臺北市","士林區","121.515","25.080","28"
"677","396794","20220830172000","920","0","臺北市","內湖區","121.605","25.060","718"
"1462","396798","20220830172000","1395","1","臺北市","內湖區","121.585","25.060","1482"
"2924","396799","20220830172000","2962","0","臺北市","北投區","121.505","25.135","3067"
"112","396802","20220830172000","43","3","臺北市","士林區","121.575","25.120","112"
"14","396803","20220830172000","21","0","臺北市","士林區","121.570","25.125","21"
"170","396804","20220830172000","146","1","臺北市","士林區","121.575","25.125","201"
"36","396806","20220830172000","29","2","臺北市","士林區","121.570","25.130","37"
"140","396807","20220830172000","196","0","臺北市","士林區","121.575","25.130","123"
"35","396809","20220830172000","13","3","臺北市","士林區","121.575","25.135","23"
"36","396812","20220830172000","40","0","臺北市","士林區","121.580","25.140","40"
"664","396819","20220830172000","730","0","臺北市","士林區","121.515","25.090","656"
"3832","396820","20220830172000","4090","0","臺北市","士林區","121.520","25.090","3772"
"2219","396821","20220830172000","2183","1","臺北市","士林區","121.515","25.095","2460"
"2844","396822","20220830172000","2179","2","臺北市","北投區","121.500","25.135","2781"
"1904","396823","20220830172000","1805","1","臺北市","士林區","121.525","25.075","2111"
"664","396824","20220830172000","885","0","臺北市","士林區","121.540","25.110","690"
"479","396826","20220830172000","450","1","臺北市","士林區","121.545","25.115","527"
"369","396828","20220830172000","161","3","臺北市","士林區","121.540","25.125","300"
"555","396831","20220830172000","511","1","臺北市","士林區","121.505","25.095","600"
"782","396832","20220830172000","335","3","臺北市","士林區","121.540","25.095","904"
"970","396833","20220830172000","1011","0","臺北市","士林區","121.545","25.105","671"
"299","396834","20220830172000","344","0","臺北市","士林區","121.540","25.105","280"
"136","396839","20220830172000","152","0","臺北市","士林區","121.560","25.110","150"
"55","396841","20220830172000","33","3","臺北市","士林區","121.570","25.110","54"
"87","396848","20220830172000","114","0","臺北市","士林區","121.580","25.115","112"
"52","396852","20220830172000","60","0","臺北市","士林區","121.580","25.120","50"
"63","396853","20220830172000","84","0","臺北市","士林區","121.585","25.120","62"
"438","396856","20220830172000","210","3","新北市","汐止區","121.600","25.120","435"
"2811","396878","20220830172000","3186","0","臺北市","內湖區","121.580","25.055","2896"
"2614","396879","20220830172000","2567","1","臺北市","內湖區","121.580","25.060","2779"
"468","396880","20220830172000","889","0","臺北市","內湖區","121.565","25.090","536"
"10278","396884","20220830172000","12114","0","臺北市","內湖區","121.565","25.080","10328"
"1253","396885","20220830172000","1357","0","臺北市","內湖區","121.560","25.085","1345"
"2956","396886","20220830172000","3095","0","臺北市","內湖區","121.565","25.085","2942"
"359","396888","20220830172000","331","1","臺北市","內湖區","121.560","25.090","397"
"8066","396890","20220830172000","9242","0","臺北市","內湖區","121.570","25.080","8586"
"1903","396891","20220830172000","1240","3","臺北市","內湖區","121.570","25.085","1798"
"1740","396892","20220830172000","2606","0","臺北市","松山區","121.570","25.050","1833"
"938","396893","20220830172000","1021","0","臺北市","松山區","121.565","25.065","990"
"942","398951","20220830172000","557","3","新北市","八里區","121.390","25.165","908"
"202","398956","20220830172000","158","2","基隆市","安樂區","121.710","25.165","241"
"131","399938","20220830172000","175","0","基隆市","安樂區","121.710","25.175","126"
"42","402902","20220830172000","93","0","新北市","萬里區","121.680","25.200","44"
"768","403910","20220830172000","477","3","新北市","萬里區","121.700","25.210","824"
"213","406949","20220830172000","152","2","新北市","金山區","121.635","25.240","167"
"71","409009","20220830172000","76","0","新北市","金山區","121.635","25.255","80"
"92","409527","20220830172000","144","0","新北市","三芝區","121.475","25.260","117"
"512","413221","20220830172000","654","0","新北市","石門區","121.565","25.290","507"
"20","413222","20220830172000","24","0","新北市","石門區","121.590","25.290","21"
"111","413767","20220830172000","143","0","新北市","石門區","121.580","25.295","134"
"290","414894","20220830172000","61","3","基隆市","中正區","121.765","25.145","244"
"346","414895","20220830172000","380","0","基隆市","中正區","121.770","25.155","351"
"575","414896","20220830172000","553","1","基隆市","中正區","121.765","25.155","543"
"412","414897","20220830172000","159","3","基隆市","中正區","121.765","25.160","467"
"250","414900","20220830172000","848","0","基隆市","中正區","121.780","25.145","231"
"729","414901","20220830172000","1204","0","基隆市","中正區","121.775","25.150","747"
"84","414906","20220830172000","72","1","基隆市","安樂區","121.695","25.150","85"
"636","414907","20220830172000","539","1","基隆市","安樂區","121.700","25.150","561"
"670","414909","20220830172000","684","0","基隆市","安樂區","121.695","25.155","729"
"237","414910","20220830172000","264","0","基隆市","安樂區","121.700","25.155","253"
"197","414912","20220830172000","89","3","基隆市","安樂區","121.695","25.160","184"
"72","414913","20220830172000","174","0","基隆市","安樂區","121.700","25.160","47"
"252","414921","20220830172000","243","1","基隆市","中山區","121.750","25.145","238"
"803","414923","20220830172000","752","1","基隆市","中山區","121.720","25.150","833"
"285","414929","20220830172000","271","1","基隆市","中山區","121.745","25.150","316"
"501","414936","20220830172000","1087","0","新北市","三芝區","121.495","25.250","500"
"454","414948","20220830172000","266","3","新北市","三芝區","121.490","25.270","405"
"571","414949","20220830172000","551","1","基隆市","中山區","121.740","25.150","576"
"255","414951","20220830172000","239","1","基隆市","中山區","121.740","25.155","289"
"534","414985","20220830172000","381","2","新北市","三芝區","121.510","25.215","475"
"91","415028","20220830172000","99","0","新北市","三芝區","121.530","25.230","91"
"1377","415040","20220830172000","1228","1","新北市","三芝區","121.505","25.255","1356"
"333","415041","20220830172000","479","0","新北市","三芝區","121.505","25.260","344"
"12","415042","20220830172000","12","1","新北市","三芝區","121.505","25.245","14"
"2112","415044","20220830172000","2041","1","新北市","三芝區","121.500","25.255","2065"
"19","415049","20220830172000","59","0","新北市","三芝區","121.540","25.190","20"
"354","415063","20220830172000","115","3","新北市","三芝區","121.505","25.205","317"
"1687","415070","20220830172000","1919","0","基隆市","中正區","121.770","25.150","1573"
"14","415072","20220830172000","15","0","基隆市","中山區","121.730","25.150","12"
"186","415078","20220830172000","156","1","新北市","三芝區","121.465","25.240","185"
"363","415083","20220830172000","366","0","新北市","三芝區","121.455","25.245","350"
"113","415087","20220830172000","78","2","新北市","三芝區","121.475","25.245","126"
"215","415093","20220830172000","277","0","新北市","三芝區","121.465","25.250","253"
"403","415100","20220830172000","358","1","新北市","三芝區","121.475","25.250","406"
"136","415103","20220830172000","65","3","新北市","三芝區","121.505","25.265","140"
"1579","415124","20220830172000","623","3","新北市","三芝區","121.535","25.245","1616"
"102","415149","20220830172000","79","2","新北市","三芝區","121.520","25.225","100"
"27","415158","20220830172000","34","0","新北市","三芝區","121.525","25.185","88"
"278","415181","20220830172000","279","0","新北市","三芝區","121.500","25.210","255"
"219","415188","20220830172000","251","0","新北市","三芝區","121.510","25.255","197"
"145","415196","20220830172000","120","2","新北市","三芝區","121.495","25.235","159"
"33","415202","20220830172000","21","3","新北市","三芝區","121.490","25.245","28"
"132","415205","20220830172000","429","0","新北市","三芝區","121.495","25.245","48"
"338","415211","20220830172000","444","0","基隆市","中山區","121.735","25.150","316"
"531","415212","20220830172000","150","3","基隆市","中山區","121.730","25.155","415"
"528","415214","20220830172000","606","0","基隆市","中正區","121.785","25.145","536"
"289","415224","20220830172000","432","0","新北市","八里區","121.415","25.155","259"
"1277","415226","20220830172000","1384","0","新北市","八里區","121.415","25.160","2080"
"816","415229","20220830172000","964","0","新北市","八里區","121.420","25.160","881"
"132","415237","20220830172000","103","2","新北市","八里區","121.440","25.155","140"
"501","415239","20220830172000","384","2","新北市","八里區","121.430","25.155","502"
"226","415242","20220830172000","258","0","新北市","八里區","121.430","25.160","176"
"555","415250","20220830172000","705","0","新北市","八里區","121.395","25.160","560"
"439","415252","20220830172000","352","2","新北市","八里區","121.405","25.155","312"
"535","415257","20220830172000","294","3","新北市","萬里區","121.675","25.180","568"
"20","415259","20220830172000","35","0","新北市","萬里區","121.685","25.180","18"
"671","415264","20220830172000","363","3","新北市","萬里區","121.640","25.210","563"
"49","415271","20220830172000","48","1","新北市","萬里區","121.645","25.150","40"
"145","415286","20220830172000","141","1","新北市","萬里區","121.665","25.160","167"
"64","415301","20220830172000","50","2","新北市","萬里區","121.625","25.150","78"
"28","415332","20220830172000","13","3","新北市","萬里區","121.615","25.190","28"
"229","415357","20220830172000","74","3","新北市","萬里區","121.620","25.200","196"
"291","415363","20220830172000","314","0","新北市","萬里區","121.650","25.200","291"
"899","415369","20220830172000","902","0","新北市","萬里區","121.690","25.175","901"
"844","415372","20220830172000","697","2","新北市","萬里區","121.690","25.180","816"
"2173","415375","20220830172000","1884","1","新北市","淡水區","121.440","25.175","1996"
"243","415378","20220830172000","340","0","新北市","淡水區","121.450","25.160","261"
"900","415379","20220830172000","661","2","新北市","淡水區","121.455","25.160","905"
"371","415380","20220830172000","461","0","新北市","淡水區","121.460","25.160","375"
"1010","415383","20220830172000","741","2","新北市","淡水區","121.450","25.165","976"
"32","415388","20220830172000","189","0","新北市","淡水區","121.445","25.200","37"
"85","415391","20220830172000","43","3","新北市","淡水區","121.430","25.205","70"
"65","415394","20220830172000","125","0","新北市","淡水區","121.445","25.205","69"
"313","415395","20220830172000","355","0","新北市","淡水區","121.450","25.205","330"
"321","415396","20220830172000","272","1","新北市","淡水區","121.455","25.205","348"
"134","415398","20220830172000","109","2","新北市","淡水區","121.440","25.210","123"
"265","415408","20220830172000","418","0","新北市","淡水區","121.460","25.215","269"
"36","415409","20220830172000","31","1","新北市","淡水區","121.465","25.215","32"
"30","415410","20220830172000","22","2","新北市","淡水區","121.440","25.220","30"
"404","415412","20220830172000","308","2","新北市","淡水區","121.450","25.220","351"
"16","415428","20220830172000","11","2","新北市","石門區","121.580","25.240","13"
"16","415437","20220830172000","50","0","新北市","石門區","121.580","25.245","16"
"215","415462","20220830172000","48","3","新北市","石門區","121.530","25.285","209"
"97","415465","20220830172000","173","0","新北市","石門區","121.535","25.290","129"
"433","415468","20220830172000","522","0","新北市","石門區","121.540","25.290","458"
"181","415521","20220830172000","162","1","新北市","石門區","121.550","25.285","178"
"128","415532","20220830172000","236","0","新北市","石門區","121.515","25.275","136"
"39","415541","20220830172000","46","0","新北市","石門區","121.515","25.285","69"
"367","415546","20220830172000","87","3","新北市","石門區","121.570","25.255","302"
"139","415568","20220830172000","196","0","新北市","石門區","121.550","25.255","114"
"63","415594","20220830172000","75","0","新北市","石門區","121.595","25.270","56"
"84","415595","20220830172000","71","1","新北市","石門區","121.590","25.275","75"
"103","415599","20220830172000","94","1","新北市","石門區","121.590","25.285","95"
"41","415623","20220830172000","22","3","新北市","石門區","121.600","25.280","34"
"116","415625","20220830172000","129","0","新北市","石門區","121.610","25.280","131"
"40","415630","20220830172000","58","0","新北市","萬里區","121.685","25.165","49"
"62","415649","20220830172000","28","3","新北市","萬里區","121.655","25.200","68"
"703","415654","20220830172000","639","1","新北市","萬里區","121.690","25.200","746"
"70","415655","20220830172000","71","0","新北市","萬里區","121.655","25.205","91"
"118","415656","20220830172000","137","0","新北市","萬里區","121.660","25.205","124"
"244","415657","20220830172000","139","3","新北市","萬里區","121.690","25.205","233"
"28","415664","20220830172000","19","2","新北市","淡水區","121.465","25.175","37"
"160","415674","20220830172000","136","1","新北市","淡水區","121.520","25.175","135"
"51","415676","20220830172000","46","1","新北市","淡水區","121.480","25.180","47"
"120","415677","20220830172000","69","3","新北市","淡水區","121.485","25.180","125"
"148","415685","20220830172000","120","2","新北市","淡水區","121.470","25.185","170"
"76","415687","20220830172000","91","0","新北市","淡水區","121.480","25.185","65"
"356","415688","20220830172000","560","0","新北市","淡水區","121.485","25.185","396"
"125","415696","20220830172000","163","0","新北市","淡水區","121.475","25.190","161"
"156","415697","20220830172000","79","3","新北市","淡水區","121.490","25.190","168"
"24","415699","20220830172000","17","2","新北市","淡水區","121.500","25.190","34"
"665","415701","20220830172000","918","0","新北市","淡水區","121.440","25.180","602"
"178","415706","20220830172000","198","0","新北市","淡水區","121.485","25.165","175"
"76","415713","20220830172000","60","2","新北市","淡水區","121.485","25.170","96"
"132","415717","20220830172000","68","3","新北市","淡水區","121.485","25.175","124"
"144","415718","20220830172000","569","0","新北市","淡水區","121.415","25.180","184"
"101","415720","20220830172000","72","2","新北市","淡水區","121.410","25.185","143"
"1230","415722","20220830172000","1023","2","新北市","淡水區","121.420","25.185","1352"
"771","415723","20220830172000","867","0","新北市","淡水區","121.425","25.185","936"
"1006","415724","20220830172000","926","1","新北市","淡水區","121.430","25.185","814"
"102","415731","20220830172000","30","3","新北市","淡水區","121.420","25.195","59"
"609","415732","20220830172000","570","1","新北市","淡水區","121.425","25.195","630"
"586","415734","20220830172000","675","0","新北市","淡水區","121.420","25.175","592"
"131","415735","20220830172000","71","3","新北市","淡水區","121.425","25.175","120"
"44","415738","20220830172000","24","3","新北市","淡水區","121.475","25.210","37"
"42","415743","20220830172000","26","3","新北市","淡水區","121.475","25.215","38"
"56","415744","20220830172000","22","3","新北市","淡水區","121.480","25.215","42"
"123","415745","20220830172000","231","0","新北市","淡水區","121.485","25.215","134"
"38","415753","20220830172000","117","0","新北市","淡水區","121.445","25.225","45"
"219","415754","20220830172000","387","0","新北市","淡水區","121.450","25.225","218"
"122","415755","20220830172000","151","0","新北市","淡水區","121.455","25.225","111"
"30","415761","20220830172000","83","0","新北市","淡水區","121.445","25.230","22"
"145","415762","20220830172000","96","3","新北市","淡水區","121.450","25.230","152"
"133","415775","20220830172000","138","0","新北市","萬里區","121.635","25.165","128"
"120","415799","20220830172000","58","3","新北市","萬里區","121.650","25.175","152"
"221","415830","20220830172000","253","0","新北市","萬里區","121.685","25.190","297"
"311","415832","20220830172000","137","3","新北市","萬里區","121.680","25.195","257"
"522","415838","20220830172000","392","2","新北市","淡水區","121.430","25.175","499"
"1279","415839","20220830172000","1732","0","新北市","淡水區","121.435","25.175","992"
"1183","415840","20220830172000","1425","0","新北市","淡水區","121.435","25.180","1146"
"795","415841","20220830172000","906","0","新北市","淡水區","121.435","25.170","878"
"231","415852","20220830172000","197","1","新北市","三芝區","121.480","25.235","235"
"2210","415853","20220830172000","2452","0","新北市","淡水區","121.445","25.175","2092"
"2322","415854","20220830172000","6258","0","新北市","淡水區","121.450","25.175","1908"
"1831","415857","20220830172000","2051","0","新北市","淡水區","121.460","25.155","1991"
"1001","415860","20220830172000","825","2","新北市","淡水區","121.455","25.155","902"
"460","415861","20220830172000","612","0","新北市","淡水區","121.465","25.160","399"
"194","415870","20220830172000","130","2","新北市","金山區","121.615","25.240","187"
"75","415905","20220830172000","55","2","新北市","金山區","121.590","25.235","69"
"1278","415910","20220830172000","1503","0","新北市","淡水區","121.445","25.180","1394"
"1310","415911","20220830172000","1697","0","新北市","淡水區","121.450","25.180","1230"
"48","415912","20220830172000","107","0","新北市","淡水區","121.455","25.180","44"
"976","415916","20220830172000","1105","0","新北市","淡水區","121.445","25.185","875"
"25","415918","20220830172000","14","3","新北市","淡水區","121.455","25.185","13"
"1095","415921","20220830172000","1078","1","新北市","淡水區","121.455","25.175","975"
"2587","415922","20220830172000","2738","0","新北市","淡水區","121.440","25.170","2563"
"150","415924","20220830172000","141","1","新北市","淡水區","121.485","25.155","169"
"230","415927","20220830172000","317","0","新北市","淡水區","121.485","25.160","228"
"186","415931","20220830172000","231","0","新北市","淡水區","121.470","25.165","166"
"462","415932","20220830172000","517","0","新北市","淡水區","121.440","25.190","460"
"1441","415933","20220830172000","1296","1","新北市","淡水區","121.445","25.190","1535"
"149","415936","20220830172000","237","0","新北市","淡水區","121.460","25.190","99"
"1057","415942","20220830172000","1485","0","新北市","淡水區","121.450","25.200","921"
"317","415944","20220830172000","313","1","新北市","淡水區","121.460","25.200","295"
"551","415946","20220830172000","643","0","新北市","淡水區","121.420","25.180","611"
"1391","415947","20220830172000","1360","1","新北市","淡水區","121.450","25.170","1244"
"428","415948","20220830172000","666","0","新北市","淡水區","121.455","25.170","446"
"339","415951","20220830172000","404","0","新北市","淡水區","121.455","25.235","305"
"691","415961","20220830172000","590","1","新北市","淡水區","121.435","25.185","756"
"216","415962","20220830172000","236","0","新北市","淡水區","121.440","25.185","223"
"1320","415963","20220830172000","1042","2","新北市","淡水區","121.435","25.190","1376"
"601","415964","20220830172000","388","3","新北市","淡水區","121.430","25.195","636"
"414","415968","20220830172000","292","2","新北市","淡水區","121.430","25.200","405"
"1397","415969","20220830172000","1150","2","新北市","淡水區","121.435","25.200","1397"
"213","415971","20220830172000","211","1","新北市","淡水區","121.425","25.205","242"
"68","415972","20220830172000","49","2","新北市","淡水區","121.435","25.205","53"
"173","415975","20220830172000","415","0","新北市","淡水區","121.445","25.170","157"
"25","415977","20220830172000","36","0","新北市","淡水區","121.485","25.190","26"
"41","415979","20220830172000","120","0","新北市","淡水區","121.470","25.195","30"
"172","415984","20220830172000","196","0","新北市","淡水區","121.470","25.200","151"
"140","415986","20220830172000","140","1","新北市","淡水區","121.480","25.200","150"
"1108","416009","20220830172000","1393","0","新北市","金山區","121.640","25.220","1182"
"48","416022","20220830172000","54","0","新北市","金山區","121.625","25.270","35"
"307","416030","20220830172000","378","0","新北市","金山區","121.640","25.225","355"
"299","416031","20220830172000","220","2","新北市","金山區","121.645","25.225","293"
"186","416033","20220830172000","192","0","新北市","金山區","121.645","25.230","210"
"91","416038","20220830172000","64","2","臺北市","北投區","121.500","25.155","91"
"309","416050","20220830172000","309","1","新北市","金山區","121.630","25.225","340"
"313","416051","20220830172000","273","1","新北市","金山區","121.635","25.225","304"
"182","416060","20220830172000","204","0","新北市","金山區","121.615","25.245","172"
"68","416062","20220830172000","62","1","新北市","金山區","121.605","25.245","74"
"45","416063","20220830172000","36","2","新北市","金山區","121.610","25.245","48"
"10","416066","20220830172000","13","0","新北市","金山區","121.605","25.250","13"
"30","416067","20220830172000","37","0","新北市","金山區","121.610","25.250","36"
"160","416122","20220830172000","140","1","新北市","金山區","121.595","25.200","258"
"402","416123","20220830172000","207","3","新北市","金山區","121.600","25.200","463"
"164","416146","20220830172000","109","3","新北市","金山區","121.600","25.215","168"
"596","416155","20220830172000","727","0","新北市","金山區","121.630","25.220","586"
"934","416156","20220830172000","626","2","新北市","金山區","121.635","25.220","933"
"45","416160","20220830172000","77","0","臺北市","士林區","121.555","25.155","55"
"26","416162","20220830172000","22","1","臺北市","士林區","121.565","25.155","28"
"28","416168","20220830172000","42","0","臺北市","士林區","121.575","25.165","83"
"39","416182","20220830172000","72","0","臺北市","士林區","121.570","25.190","51"
"124","416192","20220830172000","67","3","臺北市","北投區","121.530","25.155","113"
"2369","416202","20220830172000","2566","0","新北市","淡水區","121.445","25.165","2333"
"174","416204","20220830172000","173","1","臺北市","北投區","121.540","25.155","183"
"233","416205","20220830172000","251","0","臺北市","北投區","121.545","25.150","264"
"33","416209","20220830172000","72","0","臺北市","北投區","121.545","25.155","16"
"15","416212","20220830172000","15","1","臺北市","北投區","121.540","25.160","15"
"39","416213","20220830172000","44","0","臺北市","北投區","121.545","25.160","44"
"217","416221","20220830172000","107","3","臺北市","北投區","121.540","25.165","271"
"288","416225","20220830172000","93","3","臺北市","北投區","121.560","25.165","214"
"82","416236","20220830172000","144","0","臺北市","北投區","121.535","25.175","111"
"111","416246","20220830172000","117","0","臺北市","北投區","121.545","25.180","109"
"159","416251","20220830172000","165","0","臺北市","北投區","121.535","25.185","111"
"35","416275","20220830172000","109","0","臺北市","北投區","121.490","25.155","45"
"24","616904","20220830172000","29","0","金門縣","金城鎮","118.320","24.390","20"
"23","617429","20220830172000","307","0","金門縣","金城鎮","118.305","24.400","28"
"1115","617430","20220830172000","951","1","金門縣","金城鎮","118.310","24.400","1111"
"372","617700","20220830172000","325","1","金門縣","金城鎮","118.305","24.405","388"
"286","617704","20220830172000","247","1","金門縣","金城鎮","118.325","24.405","291"
"48","617966","20220830172000","19","3","金門縣","烈嶼鄉","118.225","24.405","21"
"80","617974","20220830172000","74","1","金門縣","金城鎮","118.290","24.405","69"
"207","617990","20220830172000","139","2","金門縣","金湖鎮","118.430","24.410","193"
"251","618255","20220830172000","248","1","金門縣","金城鎮","118.285","24.410","209"
"122","618257","20220830172000","301","0","金門縣","金城鎮","118.295","24.410","135"
"170","618258","20220830172000","164","1","金門縣","金城鎮","118.300","24.410","173"
"81","618259","20220830172000","41","3","金門縣","金城鎮","118.305","24.410","76"
"55","618260","20220830172000","49","1","金門縣","金城鎮","118.310","24.410","54"
"14","618262","20220830172000","171","0","金門縣","金城鎮","118.320","24.410","12"
"179","618263","20220830172000","166","1","金門縣","金城鎮","118.325","24.410","168"
"642","618264","20220830172000","490","2","金門縣","金城鎮","118.330","24.410","656"
"177","618266","20220830172000","158","1","金門縣","金城鎮","118.335","24.410","180"
"338","618273","20220830172000","356","0","金門縣","金湖鎮","118.435","24.415","350"
"602","618274","20220830172000","542","1","金門縣","金湖鎮","118.440","24.415","753"
"46","618530","20220830172000","297","0","金門縣","烈嶼鄉","118.230","24.415","48"
"339","618532","20220830172000","598","0","金門縣","烈嶼鄉","118.240","24.415","630"
"228","618541","20220830172000","244","0","金門縣","金城鎮","118.290","24.415","220"
"430","618545","20220830172000","581","0","金門縣","金城鎮","118.310","24.415","415"
"464","618547","20220830172000","686","0","金門縣","金城鎮","118.315","24.415","509"
"222","618552","20220830172000","151","2","金門縣","金寧鄉","118.340","24.415","264"
"153","618560","20220830172000","163","0","金門縣","金湖鎮","118.440","24.420","148"
"510","618813","20220830172000","514","0","金門縣","烈嶼鄉","118.220","24.420","535"
"47","618818","20220830172000","41","1","金門縣","烈嶼鄉","118.245","24.420","39"
"50","618832","20220830172000","831","0","金門縣","金城鎮","118.310","24.420","49"
"140","618833","20220830172000","98","2","金門縣","金城鎮","118.315","24.420","125"
"50","618834","20220830172000","73","0","金門縣","金城鎮","118.320","24.420","45"
"31","618835","20220830172000","37","0","金門縣","金城鎮","118.325","24.420","39"
"223","618836","20220830172000","145","3","金門縣","金寧鄉","118.330","24.420","186"
"34","618838","20220830172000","12","3","金門縣","金寧鄉","118.340","24.420","32"
"302","618851","20220830172000","256","1","金門縣","金湖鎮","118.440","24.425","299"
"1500","619113","20220830172000","1371","1","金門縣","烈嶼鄉","118.245","24.425","1442"
"355","619116","20220830172000","239","2","金門縣","烈嶼鄉","118.260","24.425","369"
"159","619117","20220830172000","75","3","金門縣","烈嶼鄉","118.265","24.425","111"
"80","619126","20220830172000","44","3","金門縣","金城鎮","118.315","24.425","69"
"1768","619127","20220830172000","1342","2","金門縣","金城鎮","118.320","24.425","1778"
"40","619131","20220830172000","193","0","金門縣","金寧鄉","118.340","24.425","35"
"130","619133","20220830172000","138","0","金門縣","金寧鄉","118.350","24.425","120"
"410","619146","20220830172000","397","1","金門縣","金湖鎮","118.430","24.425","410"
"109","619151","20220830172000","100","1","金門縣","金湖鎮","118.455","24.430","99"
"76","619406","20220830172000","57","2","金門縣","烈嶼鄉","118.230","24.430","92"
"145","619420","20220830172000","1602","0","金門縣","金城鎮","118.310","24.430","138"
"1303","619421","20220830172000","1414","0","金門縣","金城鎮","118.315","24.430","1170"
"1157","619422","20220830172000","1458","0","金門縣","金城鎮","118.320","24.430","1148"
"100","619424","20220830172000","90","1","金門縣","金寧鄉","118.330","24.430","108"
"855","619426","20220830172000","776","1","金門縣","金寧鄉","118.340","24.430","908"
"100","619430","20220830172000","62","3","金門縣","金寧鄉","118.360","24.430","116"
"478","619440","20220830172000","789","0","金門縣","金湖鎮","118.410","24.430","428"
"389","619442","20220830172000","432","0","金門縣","金湖鎮","118.420","24.430","391"
"311","619709","20220830172000","333","0","金門縣","烈嶼鄉","118.255","24.435","380"
"26","619710","20220830172000","21","2","金門縣","烈嶼鄉","118.260","24.435","25"
"565","619718","20220830172000","440","2","金門縣","金城鎮","118.310","24.435","546"
"3333","619719","20220830172000","3325","1","金門縣","金城鎮","118.315","24.435","2929"
"40","619721","20220830172000","1039","0","金門縣","金城鎮","118.325","24.435","47"
"251","619722","20220830172000","313","0","金門縣","金寧鄉","118.330","24.435","250"
"85","619726","20220830172000","52","3","金門縣","金寧鄉","118.350","24.435","52"
"90","619728","20220830172000","36","3","金門縣","金寧鄉","118.360","24.435","67"
"649","619729","20220830172000","533","2","金門縣","金湖鎮","118.365","24.435","642"
"129","619731","20220830172000","95","2","金門縣","金湖鎮","118.375","24.435","131"
"126","619734","20220830172000","166","0","金門縣","金湖鎮","118.390","24.435","130"
"704","619737","20220830172000","1447","0","金門縣","金湖鎮","118.405","24.435","714"
"43","619739","20220830172000","104","0","金門縣","金湖鎮","118.415","24.435","44"
"102","619747","20220830172000","100","1","金門縣","金湖鎮","118.455","24.435","101"
"650","620010","20220830172000","324","3","金門縣","金城鎮","118.310","24.440","562"
"4247","620011","20220830172000","2561","3","金門縣","金城鎮","118.315","24.440","4482"
"851","620012","20220830172000","562","3","金門縣","金寧鄉","118.320","24.440","870"
"101","620013","20220830172000","89","1","金門縣","金城鎮","118.325","24.440","95"
"49","620015","20220830172000","589","0","金門縣","金寧鄉","118.335","24.440","56"
"15","620020","20220830172000","204","0","金門縣","金寧鄉","118.360","24.440","15"
"175","620024","20220830172000","97","3","金門縣","金湖鎮","118.380","24.440","126"
"591","620025","20220830172000","757","0","金門縣","金湖鎮","118.385","24.440","594"
"165","620027","20220830172000","62","3","金門縣","金湖鎮","118.395","24.440","134"
"52","620029","20220830172000","145","0","金門縣","金湖鎮","118.405","24.440","56"
"1384","620031","20220830172000","3759","0","金門縣","金湖鎮","118.415","24.440","1351"
"1124","620032","20220830172000","1570","0","金門縣","金湖鎮","118.420","24.440","1003"
"37","620037","20220830172000","171","0","金門縣","金湖鎮","118.445","24.440","27"
"24","620040","20220830172000","76","0","金門縣","金湖鎮","118.460","24.440","26"
"80","620293","20220830172000","350","0","金門縣","烈嶼鄉","118.240","24.440","85"
"764","620304","20220830172000","656","1","金門縣","金寧鄉","118.310","24.445","766"
"235","620306","20220830172000","218","1","金門縣","金寧鄉","118.320","24.445","201"
"54","620312","20220830172000","511","0","金門縣","金寧鄉","118.350","24.445","49"
"12","620315","20220830172000","81","0","金門縣","金湖鎮","118.365","24.445","12"
"43","620317","20220830172000","364","0","金門縣","金湖鎮","118.375","24.445","50"
"395","620318","20220830172000","278","2","金門縣","金湖鎮","118.380","24.445","413"
"110","620319","20220830172000","77","2","金門縣","金湖鎮","118.385","24.445","93"
"47","620323","20220830172000","23","3","金門縣","金湖鎮","118.405","24.445","37"
"151","620326","20220830172000","39","3","金門縣","金湖鎮","118.420","24.445","98"
"40","620327","20220830172000","330","0","金門縣","金湖鎮","118.425","24.445","40"
"20","620335","20220830172000","13","3","金門縣","金湖鎮","118.465","24.445","17"
"165","620336","20220830172000","150","1","金門縣","金湖鎮","118.470","24.445","143"
"140","620593","20220830172000","130","1","金門縣","烈嶼鄉","118.250","24.445","156"
"68","620594","20220830172000","81","0","金門縣","烈嶼鄉","118.255","24.445","81"
"320","620595","20220830172000","48","3","金門縣","烈嶼鄉","118.260","24.445","320"
"312","620604","20220830172000","373","0","金門縣","金寧鄉","118.305","24.450","313"
"705","620605","20220830172000","374","3","金門縣","金寧鄉","118.310","24.450","735"
"293","620607","20220830172000","627","0","金門縣","金寧鄉","118.320","24.450","271"
"414","620608","20220830172000","354","1","金門縣","金寧鄉","118.325","24.450","409"
"1554","620609","20220830172000","1526","1","金門縣","金寧鄉","118.330","24.450","1647"
"614","620610","20220830172000","567","1","金門縣","金寧鄉","118.335","24.450","604"
"337","620611","20220830172000","430","0","金門縣","金寧鄉","118.340","24.450","349"
"62","620613","20220830172000","49","2","金門縣","金寧鄉","118.350","24.450","65"
"107","620618","20220830172000","70","3","金門縣","金湖鎮","118.375","24.450","101"
"61","620625","20220830172000","68","0","金門縣","金湖鎮","118.410","24.450","71"
"26","620634","20220830172000","105","0","金門縣","金沙鎮","118.455","24.450","27"
"511","620912","20220830172000","248","3","金門縣","金寧鄉","118.335","24.455","527"
"13","620916","20220830172000","48","0","金門縣","金寧鄉","118.355","24.455","13"
"366","620919","20220830172000","258","2","金門縣","金湖鎮","118.370","24.455","347"
"365","620920","20220830172000","311","1","金門縣","金湖鎮","118.375","24.455","361"
"511","620921","20220830172000","411","2","金門縣","金湖鎮","118.380","24.455","510"
"105","620922","20220830172000","58","3","金門縣","金湖鎮","118.385","24.455","78"
"24","620927","20220830172000","34","0","金門縣","金湖鎮","118.410","24.455","38"
"55","620928","20220830172000","51","1","金門縣","金湖鎮","118.415","24.455","63"
"35","620930","20220830172000","23","3","金門縣","金湖鎮","118.425","24.455","37"
"398","621210","20220830172000","533","0","金門縣","金寧鄉","118.305","24.455","381"
"60","621214","20220830172000","671","0","金門縣","金寧鄉","118.325","24.455","41"
"244","621221","20220830172000","230","1","金門縣","金寧鄉","118.360","24.460","232"
"24","621226","20220830172000","15","3","金門縣","金沙鎮","118.385","24.460","36"
"172","621230","20220830172000","141","2","金門縣","金沙鎮","118.405","24.460","160"
"139","621231","20220830172000","503","0","金門縣","金湖鎮","118.410","24.460","144"
"85","621233","20220830172000","20","3","金門縣","金湖鎮","118.420","24.460","54"
"23","621239","20220830172000","27","0","金門縣","金沙鎮","118.450","24.460","23"
"669","621509","20220830172000","687","0","金門縣","金寧鄉","118.315","24.460","664"
"139","621510","20220830172000","184","0","金門縣","金寧鄉","118.320","24.460","135"
"175","621511","20220830172000","140","2","金門縣","金寧鄉","118.325","24.460","186"
"21","621523","20220830172000","136","0","金門縣","金沙鎮","118.385","24.465","28"
"21","621529","20220830172000","15","2","金門縣","金沙鎮","118.415","24.465","12"
"44","621530","20220830172000","25","3","金門縣","金湖鎮","118.420","24.465","35"
"86","621533","20220830172000","107","0","金門縣","金沙鎮","118.435","24.465","84"
"87","621534","20220830172000","65","2","金門縣","金沙鎮","118.440","24.465","58"
"189","621810","20220830172000","226","0","金門縣","金沙鎮","118.390","24.465","239"
"86","621816","20220830172000","806","0","金門縣","金沙鎮","118.420","24.470","93"
"344","621823","20220830172000","292","1","金門縣","金沙鎮","118.455","24.470","419"
"76","622075","20220830172000","13","3","金門縣","金寧鄉","118.295","24.470","62"
"412","622079","20220830172000","487","0","金門縣","金寧鄉","118.315","24.470","423"
"288","622096","20220830172000","414","0","金門縣","金沙鎮","118.400","24.470","281"
"10","622101","20220830172000","16","0","金門縣","金沙鎮","118.425","24.475","11"
"64","622102","20220830172000","78","0","金門縣","金沙鎮","118.430","24.475","68"
"249","622377","20220830172000","78","3","金門縣","金沙鎮","118.390","24.475","274"
"148","622643","20220830172000","365","0","金門縣","金寧鄉","118.305","24.480","147"
"64","622644","20220830172000","69","0","金門縣","金寧鄉","118.310","24.480","53"
"43","622657","20220830172000","227","0","金門縣","金沙鎮","118.390","24.480","40"
"146","622658","20220830172000","106","2","金門縣","金沙鎮","118.395","24.480","153"
"12","622921","20220830172000","16","0","金門縣","金寧鄉","118.300","24.485","15"
"1227","622937","20220830172000","817","3","金門縣","金沙鎮","118.415","24.485","1146"
"124","622938","20220830172000","93","2","金門縣","金沙鎮","118.420","24.485","134"
"36","622941","20220830172000","37","0","金門縣","金沙鎮","118.435","24.485","29"
"148","622942","20220830172000","74","3","金門縣","金沙鎮","118.440","24.485","150"
"463","623206","20220830172000","449","1","金門縣","金沙鎮","118.410","24.490","466"
"622","623207","20220830172000","604","1","金門縣","金沙鎮","118.415","24.490","620"
"19","623208","20220830172000","12","3","金門縣","金沙鎮","118.420","24.490","22"
"80","623210","20220830172000","70","1","金門縣","金沙鎮","118.430","24.490","78"
"579","623474","20220830172000","852","0","金門縣","金沙鎮","118.415","24.495","567"
"37","623478","20220830172000","389","0","金門縣","金沙鎮","118.435","24.495","41"
"121","623734","20220830172000","94","2","金門縣","金沙鎮","118.400","24.500","118"
"65","623738","20220830172000","35","3","金門縣","金沙鎮","118.420","24.500","43"
"185","623993","20220830172000","207","0","金門縣","金沙鎮","118.405","24.505","207"
"34","623999","20220830172000","27","2","金門縣","金沙鎮","118.435","24.505","40"
"228","624000","20220830172000","279","0","金門縣","金沙鎮","118.440","24.505","238"
"250","624511","20220830172000","242","1","金門縣","金沙鎮","118.405","24.515","221"
"139","624771","20220830172000","175","0","金門縣","金沙鎮","118.415","24.515","149"
"21","653042","20220830172000","13","3","連江縣","莒光鄉","119.975","25.955","15"
"331","653049","20220830172000","373","0","連江縣","莒光鄉","119.975","25.960","355"
"22","653081","20220830172000","24","0","連江縣","莒光鄉","119.930","25.970","19"
"258","653082","20220830172000","315","0","連江縣","莒光鄉","119.935","25.970","226"
"226","653097","20220830172000","272","0","連江縣","莒光鄉","119.930","25.975","270"
"11","653099","20220830172000","14","0","連江縣","莒光鄉","119.940","25.975","22"
"431","653173","20220830172000","299","2","連江縣","南竿鄉","119.925","26.140","411"
"83","653187","20220830172000","165","0","連江縣","南竿鄉","119.930","26.145","125"
"117","653198","20220830172000","82","2","連江縣","南竿鄉","119.915","26.145","121"
"59","653200","20220830172000","74","0","連江縣","南竿鄉","119.925","26.145","44"
"302","653203","20220830172000","422","0","連江縣","南竿鄉","119.940","26.145","313"
"95","653217","20220830172000","100","0","連江縣","南竿鄉","119.925","26.150","79"
"337","653219","20220830172000","389","0","連江縣","南竿鄉","119.935","26.150","347"
"39","653221","20220830172000","46","0","連江縣","南竿鄉","119.945","26.150","42"
"247","653231","20220830172000","257","0","連江縣","南竿鄉","119.920","26.155","272"
"619","653235","20220830172000","581","1","連江縣","南竿鄉","119.940","26.155","558"
"871","653238","20220830172000","733","1","連江縣","南竿鄉","119.955","26.155","834"
"117","653248","20220830172000","133","0","連江縣","南竿鄉","119.920","26.160","83"
"996","653255","20220830172000","808","2","連江縣","南竿鄉","119.955","26.160","1030"
"43","653257","20220830172000","34","2","連江縣","南竿鄉","119.965","26.160","50"
"566","653272","20220830172000","701","0","連江縣","南竿鄉","119.950","26.165","588"
"136","653282","20220830172000","241","0","連江縣","南竿鄉","119.925","26.170","138"
"306","653344","20220830172000","379","0","連江縣","北竿鄉","119.970","26.205","299"
"98","653365","20220830172000","149","0","連江縣","北竿鄉","119.975","26.215","147"
"69","653382","20220830172000","37","3","連江縣","北竿鄉","120.000","26.220","59"
"54","653393","20220830172000","28","3","連江縣","北竿鄉","119.980","26.225","44"
"1476","653396","20220830172000","1095","2","連江縣","北竿鄉","119.995","26.225","1751"
"388","653397","20220830172000","318","2","連江縣","北竿鄉","120.000","26.225","477"
"194","653411","20220830172000","110","3","連江縣","北竿鄉","120.000","26.230","114"
"21","653580","20220830172000","32","0","連江縣","東引鄉","120.485","26.360","17"
"48","653590","20220830172000","64","0","連江縣","東引鄉","120.490","26.360","88"
"409","653592","20220830172000","686","0","連江縣","東引鄉","120.500","26.360","502"
"748","653602","20220830172000","672","1","連江縣","東引鄉","120.490","26.365","695"
"173","653603","20220830172000","79","3","連江縣","東引鄉","120.495","26.365","194"
"83","653606","20220830172000","17","3","連江縣","東引鄉","120.510","26.365","45"
"230","653623","20220830172000","114","3","連江縣","東引鄉","120.480","26.375","128"
