"POPULATION","G_ID","time","avg","idx","City","Town","x","y","prePop"
"200","6258","20220706005000","83","3","屏東縣","恆春鎮","120.745","21.945","109"
"19","6267","20220706005000","125","0","屏東縣","恆春鎮","120.790","21.945","27"
"107","9415","20220706005000","81","2","屏東縣","恆春鎮","120.715","21.970","74"
"117","9416","20220706005000","49","3","屏東縣","恆春鎮","120.845","21.970","77"
"290","15716","20220706005000","207","2","臺東縣","蘭嶼鄉","121.535","22.025","188"
"35","15719","20220706005000","303","0","臺東縣","蘭嶼鄉","121.550","22.025","38"
"49","18068","20220706005000","35","2","屏東縣","車城鄉","120.695","22.045","48"
"183","20191","20220706005000","590","0","臺東縣","蘭嶼鄉","121.570","22.065","229"
"75","40369","20220706005000","67","1","屏東縣","枋山鄉","120.660","22.245","66"
"53","46865","20220706005000","70","0","臺東縣","大武鄉","120.890","22.305","51"
"61","49782","20220706005000","165","0","屏東縣","琉球鄉","120.355","22.330","194"
"16","49783","20220706005000","148","0","屏東縣","琉球鄉","120.375","22.330","20"
"380","52213","20220706005000","252","3","屏東縣","琉球鄉","120.380","22.355","446"
"32","57589","20220706005000","18","3","屏東縣","春日鄉","120.660","22.365","28"
"71","57606","20220706005000","54","2","屏東縣","春日鄉","120.665","22.365","77"
"124","57748","20220706005000","82","3","屏東縣","春日鄉","120.750","22.405","79"
"241","57758","20220706005000","162","2","屏東縣","春日鄉","120.625","22.365","183"
"30","57858","20220706005000","168","0","屏東縣","恆春鎮","120.730","21.985","28"
"26","57868","20220706005000","228","0","屏東縣","車城鄉","120.730","22.055","27"
"138","57949","20220706005000","64","3","屏東縣","車城鄉","120.715","22.050","126"
"16","57951","20220706005000","141","0","屏東縣","車城鄉","120.710","22.055","13"
"243","57952","20220706005000","159","3","屏東縣","枋寮鄉","120.595","22.375","179"
"123","57962","20220706005000","429","0","屏東縣","枋寮鄉","120.595","22.385","395"
"448","57963","20220706005000","384","1","屏東縣","枋寮鄉","120.600","22.385","312"
"18","57992","20220706005000","14","2","屏東縣","滿州鄉","120.890","22.090","16"
"17","58112","20220706005000","18","0","屏東縣","滿州鄉","120.805","22.015","13"
"138","58150","20220706005000","95","2","屏東縣","滿州鄉","120.875","22.115","99"
"11","58179","20220706005000","11","1","屏東縣","滿州鄉","120.880","22.135","10"
"11","58180","20220706005000","14","0","屏東縣","滿州鄉","120.885","22.135","11"
"100","58209","20220706005000","80","2","屏東縣","滿州鄉","120.840","21.985","95"
"38","58243","20220706005000","40","0","屏東縣","滿州鄉","120.840","22.015","44"
"189","58245","20220706005000","211","0","屏東縣","滿州鄉","120.835","22.020","219"
"25","58246","20220706005000","17","2","屏東縣","滿州鄉","120.840","22.020","15"
"83","58248","20220706005000","95","0","屏東縣","滿州鄉","120.830","22.025","112"
"263","58265","20220706005000","239","1","屏東縣","滿州鄉","120.830","21.995","257"
"56","58303","20220706005000","25","3","屏東縣","滿州鄉","120.850","22.020","33"
"60","58452","20220706005000","45","2","屏東縣","滿州鄉","120.830","22.075","53"
"26","58493","20220706005000","19","2","屏東縣","滿州鄉","120.830","22.095","19"
"16","58500","20220706005000","21","0","屏東縣","滿州鄉","120.840","22.100","16"
"96","58514","20220706005000","59","3","屏東縣","枋山鄉","120.665","22.240","73"
"121","58522","20220706005000","143","0","屏東縣","枋山鄉","120.650","22.260","146"
"53","58529","20220706005000","241","0","屏東縣","枋山鄉","120.690","22.190","61"
"37","58531","20220706005000","107","0","屏東縣","枋山鄉","120.690","22.195","36"
"18","58544","20220706005000","12","3","屏東縣","佳冬鄉","120.525","22.410","22"
"449","58554","20220706005000","579","0","屏東縣","恆春鎮","120.740","22.030","363"
"26","58568","20220706005000","154","0","屏東縣","恆春鎮","120.735","22.040","43"
"85","58585","20220706005000","72","1","屏東縣","恆春鎮","120.720","22.045","59"
"13","58609","20220706005000","60","0","屏東縣","恆春鎮","120.750","21.955","13"
"56","58614","20220706005000","401","0","屏東縣","恆春鎮","120.755","21.960","71"
"25","58615","20220706005000","20","2","屏東縣","恆春鎮","120.760","21.960","20"
"399","58618","20220706005000","580","0","屏東縣","恆春鎮","120.755","21.965","395"
"512","58656","20220706005000","240","3","屏東縣","恆春鎮","120.730","22.010","400"
"410","58663","20220706005000","398","1","屏東縣","恆春鎮","120.745","22.005","305"
"356","58680","20220706005000","244","2","屏東縣","恆春鎮","120.730","21.995","247"
"25","58690","20220706005000","18","2","屏東縣","恆春鎮","120.740","21.920","17"
"437","58691","20220706005000","214","3","屏東縣","恆春鎮","120.725","21.925","318"
"41","58698","20220706005000","18","3","屏東縣","恆春鎮","120.715","21.935","20"
"74","58707","20220706005000","29","3","屏東縣","恆春鎮","120.715","21.945","44"
"324","58723","20220706005000","163","3","屏東縣","恆春鎮","120.720","21.960","279"
"1021","58725","20220706005000","1188","0","屏東縣","恆春鎮","120.740","22.010","1041"
"25","58785","20220706005000","63","0","屏東縣","恆春鎮","120.720","22.040","22"
"113","58793","20220706005000","58","3","屏東縣","恆春鎮","120.695","22.020","76"
"17","58796","20220706005000","20","0","屏東縣","恆春鎮","120.710","22.020","22"
"143","58818","20220706005000","96","2","屏東縣","恆春鎮","120.850","21.905","103"
"21","58819","20220706005000","13","3","屏東縣","恆春鎮","120.855","21.905","19"
"100","58824","20220706005000","45","3","屏東縣","恆春鎮","120.850","21.910","56"
"179","58829","20220706005000","144","2","屏東縣","恆春鎮","120.850","21.915","128"
"75","58837","20220706005000","49","3","屏東縣","恆春鎮","120.830","21.925","61"
"243","58849","20220706005000","94","3","屏東縣","恆春鎮","120.825","21.935","174"
"13","58859","20220706005000","16","0","屏東縣","恆春鎮","120.840","21.940","13"
"29","58893","20220706005000","239","0","屏東縣","車城鄉","120.715","22.070","34"
"96","58924","20220706005000","44","3","屏東縣","獅子鄉","120.730","22.195","77"
"23","58958","20220706005000","112","0","屏東縣","獅子鄉","120.750","22.205","16"
"133","58971","20220706005000","81","3","屏東縣","獅子鄉","120.725","22.210","81"
"20","58997","20220706005000","13","3","屏東縣","獅子鄉","120.785","22.215","13"
"91","59115","20220706005000","448","0","屏東縣","琉球鄉","120.380","22.350","124"
"63","59117","20220706005000","335","0","屏東縣","琉球鄉","120.365","22.325","99"
"396","59120","20220706005000","263","3","屏東縣","琉球鄉","120.370","22.335","338"
"97","59149","20220706005000","123","0","屏東縣","獅子鄉","120.660","22.275","131"
"79","59469","20220706005000","73","1","屏東縣","獅子鄉","120.650","22.315","67"
"127","59772","20220706005000","103","2","屏東縣","獅子鄉","120.685","22.225","114"
"180","60023","20220706005000","121","2","屏東縣","獅子鄉","120.700","22.165","129"
"12","60065","20220706005000","72","0","屏東縣","獅子鄉","120.800","22.230","17"
"1435","60172","20220706005000","1401","1","屏東縣","琉球鄉","120.370","22.340","1475"
"31","60173","20220706005000","19","3","屏東縣","琉球鄉","120.370","22.345","27"
"148","60174","20220706005000","84","3","屏東縣","琉球鄉","120.375","22.345","174"
"103","60189","20220706005000","74","2","屏東縣","車城鄉","120.700","22.040","96"
"59","60193","20220706005000","56","1","屏東縣","車城鄉","120.700","22.050","69"
"27","60196","20220706005000","27","1","屏東縣","琉球鄉","120.365","22.340","34"
"173","60198","20220706005000","163","1","屏東縣","琉球鄉","120.370","22.350","189"
"325","60206","20220706005000","200","3","屏東縣","車城鄉","120.715","22.065","341"
"29","60213","20220706005000","140","0","屏東縣","車城鄉","120.720","22.090","30"
"50","60234","20220706005000","28","3","屏東縣","車城鄉","120.715","22.115","41"
"853","60246","20220706005000","575","2","屏東縣","琉球鄉","120.385","22.350","938"
"67","60260","20220706005000","72","0","屏東縣","車城鄉","120.740","22.085","46"
"175","60283","20220706005000","209","0","屏東縣","車城鄉","120.750","22.095","182"
"14","60314","20220706005000","179","0","屏東縣","枋寮鄉","120.555","22.390","19"
"75","60322","20220706005000","331","0","屏東縣","車城鄉","120.715","22.075","69"
"196","60328","20220706005000","132","2","屏東縣","車城鄉","120.730","22.075","166"
"14","60338","20220706005000","19","0","屏東縣","枋寮鄉","120.595","22.390","16"
"230","60350","20220706005000","173","2","屏東縣","枋寮鄉","120.590","22.405","186"
"71","60369","20220706005000","269","0","屏東縣","枋寮鄉","120.620","22.405","70"
"112","60374","20220706005000","75","2","屏東縣","枋寮鄉","120.590","22.370","85"
"142","60377","20220706005000","185","0","屏東縣","枋寮鄉","120.580","22.375","138"
"674","60401","20220706005000","727","0","屏東縣","枋寮鄉","120.575","22.405","643"
"272","60404","20220706005000","248","1","屏東縣","佳冬鄉","120.565","22.410","296"
"1079","60421","20220706005000","1180","0","屏東縣","枋寮鄉","120.600","22.360","1092"
"528","60428","20220706005000","332","3","屏東縣","枋寮鄉","120.600","22.365","392"
"57","60441","20220706005000","82","0","屏東縣","枋山鄉","120.645","22.295","80"
"72","60442","20220706005000","61","1","屏東縣","獅子鄉","120.640","22.310","51"
"201","60446","20220706005000","206","0","屏東縣","枋山鄉","120.630","22.320","193"
"91","60449","20220706005000","91","1","屏東縣","枋山鄉","120.615","22.330","103"
"219","60455","20220706005000","127","3","屏東縣","枋山鄉","120.620","22.335","268"
"204","60456","20220706005000","111","3","屏東縣","枋山鄉","120.625","22.335","138"
"830","60532","20220706005000","789","1","屏東縣","恆春鎮","120.740","22.000","839"
"476","60533","20220706005000","429","1","屏東縣","恆春鎮","120.740","22.005","460"
"119","60535","20220706005000","205","0","屏東縣","恆春鎮","120.815","21.935","162"
"176","60537","20220706005000","104","3","屏東縣","恆春鎮","120.805","21.940","262"
"24","60539","20220706005000","245","0","屏東縣","恆春鎮","120.795","21.945","64"
"585","60540","20220706005000","522","1","屏東縣","恆春鎮","120.800","21.945","542"
"404","60541","20220706005000","354","1","屏東縣","恆春鎮","120.805","21.945","445"
"77","60543","20220706005000","83","0","屏東縣","恆春鎮","120.780","21.950","106"
"193","60544","20220706005000","83","3","屏東縣","恆春鎮","120.785","21.950","208"
"204","60568","20220706005000","145","2","屏東縣","恆春鎮","120.810","21.955","140"
"98","60589","20220706005000","62","3","屏東縣","恆春鎮","120.815","21.965","64"
"74","60623","20220706005000","343","0","屏東縣","恆春鎮","120.735","21.950","95"
"74","60646","20220706005000","58","2","屏東縣","恆春鎮","120.720","21.975","62"
"107","60651","20220706005000","84","2","屏東縣","恆春鎮","120.715","21.985","83"
"295","60656","20220706005000","131","3","屏東縣","恆春鎮","120.705","21.995","176"
"654","60671","20220706005000","949","0","屏東縣","恆春鎮","120.740","21.995","726"
"411","60672","20220706005000","283","2","屏東縣","恆春鎮","120.745","21.995","449"
"575","60680","20220706005000","646","0","屏東縣","恆春鎮","120.745","22.000","607"
"41","60694","20220706005000","72","0","屏東縣","恆春鎮","120.765","22.000","39"
"39","60732","20220706005000","51","0","屏東縣","牡丹鄉","120.815","22.075","43"
"69","60771","20220706005000","62","1","屏東縣","滿州鄉","120.890","22.140","50"
"18","60778","20220706005000","14","2","屏東縣","牡丹鄉","120.880","22.155","14"
"24","60784","20220706005000","30","0","屏東縣","牡丹鄉","120.880","22.160","19"
"274","60791","20220706005000","210","2","屏東縣","牡丹鄉","120.890","22.165","259"
"42","60821","20220706005000","65","0","屏東縣","牡丹鄉","120.880","22.185","25"
"37","60825","20220706005000","33","1","屏東縣","牡丹鄉","120.880","22.190","32"
"117","60827","20220706005000","66","3","屏東縣","牡丹鄉","120.885","22.190","60"
"37","60884","20220706005000","27","2","屏東縣","牡丹鄉","120.850","22.185","28"
"88","60907","20220706005000","59","2","屏東縣","牡丹鄉","120.855","22.200","96"
"13","60936","20220706005000","15","0","屏東縣","牡丹鄉","120.815","22.150","14"
"68","60994","20220706005000","58","1","屏東縣","牡丹鄉","120.835","22.175","63"
"96","61141","20220706005000","61","3","屏東縣","牡丹鄉","120.770","22.125","98"
"272","61160","20220706005000","229","1","屏東縣","牡丹鄉","120.780","22.130","199"
"21","61331","20220706005000","98","0","屏東縣","牡丹鄉","120.840","22.115","21"
"170","61332","20220706005000","179","0","屏東縣","牡丹鄉","120.845","22.115","136"
"98","61441","20220706005000","67","2","臺東縣","大武鄉","120.880","22.325","102"
"34","61469","20220706005000","174","0","臺東縣","大武鄉","120.905","22.360","46"
"13","61471","20220706005000","105","0","臺東縣","大武鄉","120.900","22.365","24"
"317","61472","20220706005000","231","2","臺東縣","大武鄉","120.905","22.365","258"
"273","61501","20220706005000","258","1","臺東縣","大武鄉","120.910","22.380","213"
"94","61562","20220706005000","335","0","臺東縣","大武鄉","120.885","22.340","93"
"271","61604","20220706005000","226","1","臺東縣","蘭嶼鄉","121.525","22.080","199"
"220","61605","20220706005000","172","2","臺東縣","蘭嶼鄉","121.530","22.080","190"
"37","61620","20220706005000","35","1","臺東縣","蘭嶼鄉","121.590","22.005","28"
"224","61703","20220706005000","225","0","臺東縣","蘭嶼鄉","121.510","22.055","240"
"233","61734","20220706005000","241","0","臺東縣","蘭嶼鄉","121.555","22.025","154"
"37","61738","20220706005000","29","2","臺東縣","蘭嶼鄉","121.535","22.030","34"
"13","61830","20220706005000","81","0","臺東縣","達仁鄉","120.885","22.285","12"
"168","61933","20220706005000","116","2","臺東縣","達仁鄉","120.885","22.295","139"
"55","62017","20220706005000","49","1","臺東縣","達仁鄉","120.855","22.320","46"
"72","62301","20220706005000","52","2","臺東縣","達仁鄉","120.860","22.380","55"
"71","62355","20220706005000","43","3","臺東縣","達仁鄉","120.855","22.390","56"
"34","62479","20220706005000","34","1","臺東縣","達仁鄉","120.855","22.275","37"
"49","62493","20220706005000","35","2","臺東縣","達仁鄉","120.875","22.290","43"
"40","63917","20220706005000","26","3","臺東縣","大武鄉","120.930","22.415","36"
"285","65292","20220706005000","244","1","屏東縣","東港鎮","120.480","22.430","228"
"26","72794","20220706005000","40","0","高雄市","小港區","120.360","22.510","41"
"163","80997","20220706005000","163","1","屏東縣","新埤鄉","120.560","22.475","158"
"216","81026","20220706005000","147","2","屏東縣","新埤鄉","120.540","22.495","168"
"360","81045","20220706005000","415","0","屏東縣","新埤鄉","120.545","22.465","396"
"120","81049","20220706005000","88","2","屏東縣","新埤鄉","120.565","22.465","98"
"14","81063","20220706005000","12","1","屏東縣","新埤鄉","120.610","22.450","14"
"160","81079","20220706005000","129","2","屏東縣","新埤鄉","120.610","22.460","127"
"593","81134","20220706005000","530","1","屏東縣","新埤鄉","120.580","22.505","562"
"215","81174","20220706005000","219","0","屏東縣","新埤鄉","120.615","22.470","225"
"58","81486","20220706005000","58","1","屏東縣","春日鄉","120.630","22.425","60"
"146","81488","20220706005000","84","3","屏東縣","春日鄉","120.640","22.425","138"
"592","81506","20220706005000","425","2","屏東縣","新園鄉","120.435","22.500","616"
"69","81517","20220706005000","57","2","屏東縣","新園鄉","120.440","22.510","65"
"440","81529","20220706005000","496","0","屏東縣","萬巒鄉","120.610","22.590","356"
"827","81547","20220706005000","1377","0","屏東縣","林邊鄉","120.515","22.435","936"
"452","81552","20220706005000","380","1","屏東縣","林邊鄉","120.520","22.430","463"
"20","81557","20220706005000","15","2","屏東縣","林邊鄉","120.490","22.430","15"
"71","81560","20220706005000","31","3","屏東縣","東港鎮","120.495","22.460","67"
"233","81569","20220706005000","278","0","屏東縣","東港鎮","120.455","22.460","245"
"24","81573","20220706005000","30","0","屏東縣","東港鎮","120.465","22.440","21"
"52","81584","20220706005000","41","2","屏東縣","東港鎮","120.455","22.450","43"
"72","81816","20220706005000","59","2","屏東縣","來義鄉","120.680","22.525","50"
"67","81919","20220706005000","56","1","屏東縣","來義鄉","120.640","22.435","64"
"71","82042","20220706005000","70","1","屏東縣","來義鄉","120.635","22.525","69"
"31","82186","20220706005000","37","0","屏東縣","來義鄉","120.665","22.560","21"
"34","82194","20220706005000","370","0","屏東縣","佳冬鄉","120.550","22.415","35"
"861","82204","20220706005000","726","1","屏東縣","佳冬鄉","120.545","22.415","863"
"692","82217","20220706005000","547","2","屏東縣","竹田鄉","120.515","22.575","612"
"328","82239","20220706005000","148","3","屏東縣","東港鎮","120.495","22.455","247"
"62","82241","20220706005000","575","0","屏東縣","東港鎮","120.490","22.455","55"
"661","82243","20220706005000","599","1","屏東縣","東港鎮","120.445","22.465","558"
"285","82245","20220706005000","708","0","屏東縣","東港鎮","120.445","22.460","316"
"764","82256","20220706005000","748","1","屏東縣","東港鎮","120.455","22.470","718"
"104","82257","20220706005000","122","0","屏東縣","東港鎮","120.460","22.470","121"
"1412","82262","20220706005000","750","3","屏東縣","東港鎮","120.460","22.475","1424"
"313","82266","20220706005000","577","0","屏東縣","東港鎮","120.465","22.480","314"
"145","82270","20220706005000","481","0","屏東縣","東港鎮","120.475","22.485","127"
"36","82283","20220706005000","58","0","屏東縣","泰武鄉","120.625","22.590","38"
"99","82284","20220706005000","86","1","屏東縣","泰武鄉","120.635","22.590","90"
"422","82290","20220706005000","327","2","屏東縣","林邊鄉","120.520","22.435","322"
"427","82303","20220706005000","341","2","屏東縣","新園鄉","120.460","22.540","305"
"721","82306","20220706005000","752","0","屏東縣","新園鄉","120.460","22.545","739"
"93","82311","20220706005000","448","0","屏東縣","東港鎮","120.450","22.470","105"
"12","82316","20220706005000","11","1","屏東縣","竹田鄉","120.540","22.570","15"
"453","82324","20220706005000","548","0","屏東縣","竹田鄉","120.540","22.585","458"
"73","82325","20220706005000","101","0","屏東縣","竹田鄉","120.545","22.585","76"
"682","82333","20220706005000","695","0","屏東縣","新園鄉","120.455","22.525","682"
"259","82340","20220706005000","249","1","屏東縣","新園鄉","120.465","22.530","288"
"331","82347","20220706005000","245","2","屏東縣","新園鄉","120.440","22.475","262"
"216","82362","20220706005000","276","0","屏東縣","萬丹鄉","120.460","22.590","210"
"61","82367","20220706005000","52","1","屏東縣","萬丹鄉","120.465","22.595","63"
"396","82441","20220706005000","219","3","屏東縣","泰武鄉","120.650","22.570","342"
"18","82445","20220706005000","171","0","屏東縣","泰武鄉","120.635","22.580","27"
"42","82467","20220706005000","69","0","屏東縣","泰武鄉","120.660","22.570","49"
"52","82513","20220706005000","28","3","屏東縣","泰武鄉","120.665","22.585","39"
"14","82564","20220706005000","44","0","屏東縣","萬丹鄉","120.485","22.570","21"
"21","82568","20220706005000","36","0","屏東縣","萬丹鄉","120.490","22.575","27"
"416","82569","20220706005000","272","3","屏東縣","新園鄉","120.450","22.475","331"
"298","82576","20220706005000","221","2","屏東縣","新園鄉","120.445","22.515","214"
"183","82591","20220706005000","115","3","屏東縣","新園鄉","120.450","22.525","208"
"38","82614","20220706005000","357","0","屏東縣","佳冬鄉","120.515","22.415","38"
"26","82630","20220706005000","359","0","屏東縣","佳冬鄉","120.560","22.430","32"
"225","82634","20220706005000","496","0","屏東縣","佳冬鄉","120.560","22.435","223"
"41","82638","20220706005000","55","0","屏東縣","佳冬鄉","120.535","22.425","54"
"311","82649","20220706005000","606","0","屏東縣","佳冬鄉","120.555","22.420","316"
"197","82700","20220706005000","185","1","屏東縣","來義鄉","120.635","22.515","202"
"62","82715","20220706005000","42","2","屏東縣","來義鄉","120.660","22.525","66"
"14","82720","20220706005000","173","0","屏東縣","南州鄉","120.500","22.480","15"
"26","82722","20220706005000","94","0","屏東縣","南州鄉","120.490","22.485","23"
"252","82723","20220706005000","180","2","屏東縣","南州鄉","120.495","22.485","189"
"91","82736","20220706005000","217","0","屏東縣","南州鄉","120.530","22.465","83"
"20","82738","20220706005000","15","2","屏東縣","南州鄉","120.525","22.470","14"
"323","82740","20220706005000","202","3","屏東縣","南州鄉","120.535","22.470","237"
"591","82742","20220706005000","718","0","屏東縣","南州鄉","120.520","22.475","620"
"172","82751","20220706005000","117","2","屏東縣","南州鄉","120.540","22.485","138"
"50","82754","20220706005000","31","3","屏東縣","南州鄉","120.535","22.490","66"
"38","82763","20220706005000","24","3","屏東縣","崁頂鄉","120.520","22.495","41"
"136","82767","20220706005000","73","3","屏東縣","內埔鄉","120.560","22.585","105"
"28","82779","20220706005000","192","0","屏東縣","萬丹鄉","120.495","22.550","34"
"492","82796","20220706005000","532","0","屏東縣","新園鄉","120.460","22.505","481"
"115","82807","20220706005000","311","0","屏東縣","崁頂鄉","120.505","22.540","134"
"347","82809","20220706005000","301","1","屏東縣","崁頂鄉","120.515","22.540","258"
"52","82821","20220706005000","295","0","屏東縣","崁頂鄉","120.490","22.510","55"
"140","82835","20220706005000","90","3","屏東縣","崁頂鄉","120.520","22.530","89"
"450","82839","20220706005000","681","0","屏東縣","南州鄉","120.510","22.495","476"
"53","82881","20220706005000","147","0","屏東縣","佳冬鄉","120.560","22.445","62"
"148","82883","20220706005000","92","3","屏東縣","佳冬鄉","120.560","22.450","131"
"173","82893","20220706005000","264","0","屏東縣","萬丹鄉","120.495","22.545","204"
"58","82901","20220706005000","44","2","屏東縣","崁頂鄉","120.510","22.510","44"
"352","82906","20220706005000","431","0","屏東縣","崁頂鄉","120.515","22.515","367"
"52","82941","20220706005000","30","3","屏東縣","崁頂鄉","120.490","22.500","37"
"14","82951","20220706005000","31","0","屏東縣","內埔鄉","120.570","22.590","12"
"688","82954","20220706005000","486","2","屏東縣","新園鄉","120.460","22.495","519"
"126","82963","20220706005000","146","0","屏東縣","新園鄉","120.475","22.550","128"
"422","82970","20220706005000","547","0","屏東縣","新園鄉","120.455","22.545","438"
"139","82987","20220706005000","497","0","屏東縣","新園鄉","120.460","22.490","130"
"63","82992","20220706005000","391","0","屏東縣","新園鄉","120.445","22.500","93"
"18","82996","20220706005000","17","1","屏東縣","新園鄉","120.445","22.475","17"
"480","82997","20220706005000","270","3","屏東縣","新園鄉","120.440","22.480","366"
"229","82998","20220706005000","196","1","屏東縣","新園鄉","120.445","22.480","183"
"108","83002","20220706005000","57","3","屏東縣","新園鄉","120.440","22.485","129"
"120","83015","20220706005000","143","0","屏東縣","新埤鄉","120.550","22.505","107"
"511","83024","20220706005000","395","2","屏東縣","潮州鎮","120.530","22.545","378"
"1403","83025","20220706005000","1247","1","屏東縣","潮州鎮","120.535","22.545","1527"
"160","83047","20220706005000","153","1","屏東縣","潮州鎮","120.555","22.550","118"
"378","83049","20220706005000","258","2","屏東縣","潮州鎮","120.565","22.550","320"
"382","83055","20220706005000","416","0","屏東縣","萬丹鄉","120.470","22.560","402"
"53","83064","20220706005000","212","0","屏東縣","萬巒鄉","120.600","22.590","64"
"259","83080","20220706005000","460","0","屏東縣","東港鎮","120.450","22.465","291"
"439","83093","20220706005000","258","3","屏東縣","萬巒鄉","120.595","22.565","369"
"88","83095","20220706005000","331","0","屏東縣","萬巒鄉","120.605","22.565","84"
"181","83096","20220706005000","111","3","屏東縣","萬巒鄉","120.600","22.570","140"
"261","83142","20220706005000","169","3","屏東縣","新埤鄉","120.625","22.525","181"
"37","83161","20220706005000","430","0","屏東縣","萬巒鄉","120.620","22.545","53"
"328","83162","20220706005000","442","0","屏東縣","泰武鄉","120.625","22.545","341"
"191","83177","20220706005000","149","2","屏東縣","萬巒鄉","120.580","22.590","144"
"534","83201","20220706005000","558","0","屏東縣","萬巒鄉","120.570","22.570","560"
"241","83206","20220706005000","350","0","屏東縣","萬巒鄉","120.565","22.575","267"
"209","83210","20220706005000","144","2","屏東縣","內埔鄉","120.565","22.580","212"
"21","83216","20220706005000","14","3","屏東縣","萬丹鄉","120.485","22.555","12"
"29","83222","20220706005000","123","0","屏東縣","東港鎮","120.470","22.485","22"
"51","83231","20220706005000","23","3","屏東縣","東港鎮","120.460","22.460","38"
"739","83232","20220706005000","708","1","屏東縣","東港鎮","120.465","22.460","775"
"660","83234","20220706005000","810","0","屏東縣","東港鎮","120.455","22.465","593"
"198","83235","20220706005000","97","3","屏東縣","東港鎮","120.460","22.465","148"
"275","83236","20220706005000","982","0","屏東縣","東港鎮","120.465","22.465","312"
"25","83237","20220706005000","14","3","屏東縣","東港鎮","120.470","22.465","16"
"492","83241","20220706005000","638","0","屏東縣","東港鎮","120.440","22.460","472"
"572","83257","20220706005000","788","0","屏東縣","竹田鄉","120.525","22.575","573"
"149","83258","20220706005000","126","1","屏東縣","潮州鎮","120.530","22.525","120"
"255","83261","20220706005000","222","1","屏東縣","潮州鎮","120.540","22.525","189"
"180","83267","20220706005000","129","2","屏東縣","潮州鎮","120.535","22.535","173"
"439","83269","20220706005000","279","3","屏東縣","潮州鎮","120.535","22.540","359"
"97","83271","20220706005000","87","1","屏東縣","枋寮鄉","120.580","22.410","91"
"84","83278","20220706005000","66","2","屏東縣","枋寮鄉","120.580","22.415","75"
"32","83323","20220706005000","74","0","屏東縣","枋寮鄉","120.620","22.425","21"
"47","83342","20220706005000","47","1","屏東縣","枋寮鄉","120.595","22.435","48"
"298","83378","20220706005000","253","1","屏東縣","萬丹鄉","120.460","22.575","281"
"54","83380","20220706005000","43","2","屏東縣","萬丹鄉","120.470","22.575","38"
"17","83382","20220706005000","18","0","屏東縣","竹田鄉","120.530","22.595","16"
"355","83383","20220706005000","307","1","屏東縣","竹田鄉","120.535","22.595","263"
"19","83404","20220706005000","13","2","屏東縣","林邊鄉","120.505","22.435","13"
"75","83414","20220706005000","48","3","屏東縣","林邊鄉","120.525","22.455","55"
"176","83430","20220706005000","162","1","屏東縣","萬丹鄉","120.485","22.580","133"
"504","83431","20220706005000","455","1","屏東縣","萬丹鄉","120.490","22.580","376"
"80","83433","20220706005000","74","1","屏東縣","萬丹鄉","120.480","22.565","92"
"515","83435","20220706005000","828","0","屏東縣","竹田鄉","120.490","22.565","554"
"124","83437","20220706005000","90","2","屏東縣","萬丹鄉","120.480","22.570","93"
"38","83438","20220706005000","41","0","屏東縣","萬丹鄉","120.490","22.550","33"
"33","83439","20220706005000","55","0","屏東縣","萬丹鄉","120.490","22.555","38"
"620","83442","20220706005000","826","0","屏東縣","潮州鎮","120.545","22.545","649"
"478","83443","20220706005000","327","2","屏東縣","潮州鎮","120.550","22.545","337"
"1198","83448","20220706005000","859","2","屏東縣","潮州鎮","120.550","22.555","975"
"454","83455","20220706005000","489","0","屏東縣","潮州鎮","120.560","22.515","471"
"96","83457","20220706005000","158","0","屏東縣","潮州鎮","120.570","22.515","107"
"535","83473","20220706005000","612","0","屏東縣","潮州鎮","120.530","22.560","542"
"255","83483","20220706005000","379","0","屏東縣","萬丹鄉","120.465","22.565","276"
"1555","83504","20220706005000","1255","2","屏東縣","潮州鎮","120.540","22.555","1244"
"30","83508","20220706005000","139","0","屏東縣","潮州鎮","120.550","22.560","30"
"461","83516","20220706005000","338","2","屏東縣","潮州鎮","120.540","22.545","319"
"19","83518","20220706005000","19","1","屏東縣","潮州鎮","120.545","22.550","16"
"455","83525","20220706005000","542","0","屏東縣","潮州鎮","120.530","22.540","430"
"179","83540","20220706005000","115","3","屏東縣","潮州鎮","120.580","22.555","134"
"967","83567","20220706005000","833","1","屏東縣","萬丹鄉","120.490","22.590","1038"
"16","83574","20220706005000","12","2","屏東縣","潮州鎮","120.550","22.535","11"
"362","83576","20220706005000","255","2","屏東縣","潮州鎮","120.550","22.540","237"
"679","83577","20220706005000","462","2","屏東縣","潮州鎮","120.535","22.550","549"
"60","83578","20220706005000","683","0","屏東縣","潮州鎮","120.535","22.555","92"
"100","83582","20220706005000","65","3","屏東縣","萬丹鄉","120.500","22.595","74"
"404","83585","20220706005000","487","0","屏東縣","萬丹鄉","120.485","22.585","392"
"251","83586","20220706005000","433","0","屏東縣","萬丹鄉","120.490","22.585","271"
"333","83599","20220706005000","325","1","屏東縣","南州鄉","120.505","22.490","339"
"623","83623","20220706005000","472","2","屏東縣","南州鄉","120.510","22.490","665"
"188","83624","20220706005000","148","2","屏東縣","潮州鎮","120.530","22.510","177"
"170","83625","20220706005000","150","1","屏東縣","潮州鎮","120.535","22.510","141"
"496","83646","20220706005000","329","3","屏東縣","潮州鎮","120.530","22.550","366"
"1320","83648","20220706005000","929","2","高雄市","鳳山區","120.325","22.595","980"
"350","83650","20220706005000","519","0","高雄市","前鎮區","120.320","22.595","326"
"1274","83651","20220706005000","1548","0","高雄市","小港區","120.360","22.565","1089"
"175","83652","20220706005000","108","3","高雄市","小港區(海)","120.335","22.550","195"
"330","83653","20220706005000","243","2","高雄市","小港區","120.335","22.555","247"
"332","83655","20220706005000","307","1","高雄市","小港區","120.340","22.560","278"
"42","83657","20220706005000","60","0","高雄市","小港區","120.370","22.530","51"
"101","83658","20220706005000","131","0","高雄市","小港區","120.365","22.535","73"
"16","83660","20220706005000","131","0","高雄市","小港區","120.370","22.540","22"
"30","83661","20220706005000","24","2","高雄市","小港區","120.375","22.540","28"
"291","83662","20220706005000","141","3","高雄市","小港區","120.370","22.545","226"
"85","83666","20220706005000","48","3","高雄市","小港區","120.375","22.545","35"
"16","83669","20220706005000","153","0","高雄市","小港區","120.375","22.550","20"
"254","83670","20220706005000","63","3","高雄市","小港區","120.370","22.555","220"
"63","83671","20220706005000","779","0","高雄市","小港區","120.365","22.560","68"
"624","83673","20220706005000","748","0","高雄市","小港區","120.375","22.560","500"
"578","83674","20220706005000","1258","0","高雄市","小港區","120.365","22.565","493"
"346","83675","20220706005000","425","0","高雄市","小港區","120.370","22.565","305"
"920","83677","20220706005000","1887","0","高雄市","小港區","120.355","22.570","730"
"570","83684","20220706005000","683","0","高雄市","大寮區","120.380","22.590","582"
"39","83692","20220706005000","578","0","高雄市","大寮區","120.385","22.590","44"
"620","83694","20220706005000","421","2","高雄市","大寮區","120.395","22.590","502"
"75","83701","20220706005000","107","0","高雄市","大寮區","120.420","22.585","69"
"25","83702","20220706005000","329","0","高雄市","大寮區","120.410","22.590","38"
"179","83703","20220706005000","131","2","高雄市","大寮區","120.415","22.590","139"
"969","83704","20220706005000","992","0","高雄市","大寮區","120.420","22.590","752"
"532","83705","20220706005000","471","1","高雄市","大寮區","120.410","22.595","414"
"451","83706","20220706005000","302","2","高雄市","大寮區","120.415","22.595","362"
"14","83712","20220706005000","62","0","高雄市","前鎮區","120.310","22.580","18"
"58","83713","20220706005000","692","0","高雄市","小港區","120.345","22.565","79"
"10","83752","20220706005000","10","1","臺東縣","大武鄉","120.930","22.425","10"
"10","83764","20220706005000","13","0","臺東縣","大武鄉","120.935","22.435","17"
"68","83802","20220706005000","62","1","臺東縣","大武鄉","120.925","22.415","51"
"24","83805","20220706005000","575","0","高雄市","小港區","120.345","22.525","24"
"131","83815","20220706005000","109","2","高雄市","林園區","120.405","22.495","113"
"45","83819","20220706005000","59","0","高雄市","林園區","120.400","22.500","37"
"19","83820","20220706005000","174","0","高雄市","林園區","120.410","22.495","43"
"352","83822","20220706005000","350","1","高雄市","林園區","120.390","22.505","277"
"79","83828","20220706005000","48","3","高雄市","林園區","120.415","22.485","53"
"423","83831","20220706005000","527","0","高雄市","前鎮區","120.315","22.580","327"
"1637","83836","20220706005000","1272","2","高雄市","大寮區","120.405","22.545","1291"
"25","83838","20220706005000","168","0","高雄市","前鎮區","120.300","22.590","30"
"23","83839","20220706005000","219","0","高雄市","前鎮區","120.300","22.585","27"
"153","83840","20220706005000","109","2","高雄市","前鎮區","120.295","22.590","147"
"102","83842","20220706005000","354","0","高雄市","前鎮區","120.305","22.590","134"
"124","83843","20220706005000","88","2","高雄市","前鎮區","120.290","22.595","124"
"176","83844","20220706005000","155","1","高雄市","前鎮區","120.295","22.595","176"
"280","83845","20220706005000","268","1","高雄市","前鎮區","120.310","22.585","238"
"143","83862","20220706005000","167","0","臺東縣","達仁鄉","120.905","22.475","148"
"151","84086","20220706005000","144","1","臺東縣","達仁鄉","120.885","22.455","149"
"254","84511","20220706005000","283","0","臺東縣","金峰鄉","120.960","22.595","272"
"196","85294","20220706005000","180","1","臺東縣","太麻里鄉","120.960","22.530","184"
"569","85296","20220706005000","445","2","高雄市","林園區","120.410","22.480","407"
"11","85297","20220706005000","16","0","高雄市","林園區","120.395","22.490","12"
"411","85301","20220706005000","358","1","高雄市","林園區","120.360","22.505","345"
"530","85302","20220706005000","378","2","高雄市","林園區","120.365","22.505","389"
"471","85305","20220706005000","1092","0","高雄市","小港區","120.335","22.560","418"
"475","85307","20220706005000","376","2","高雄市","鳳山區","120.345","22.585","414"
"714","85308","20220706005000","519","2","高雄市","鳳山區","120.355","22.590","542"
"708","85309","20220706005000","544","2","高雄市","鳳山區","120.360","22.590","523"
"105","85310","20220706005000","410","0","高雄市","鳳山區","120.365","22.590","139"
"1450","85311","20220706005000","1544","0","高雄市","鳳山區","120.355","22.595","1476"
"428","85315","20220706005000","403","1","高雄市","鳳山區","120.360","22.595","421"
"378","85322","20220706005000","559","0","高雄市","小港區","120.350","22.560","335"
"815","85323","20220706005000","743","1","高雄市","小港區","120.355","22.560","616"
"2105","85325","20220706005000","1712","2","高雄市","鳳山區","120.360","22.585","1630"
"91","85327","20220706005000","517","0","高雄市","小港區","120.370","22.570","112"
"116","85328","20220706005000","127","0","高雄市","小港區","120.355","22.565","113"
"450","85329","20220706005000","324","2","高雄市","小港區","120.375","22.570","366"
"37","85331","20220706005000","249","0","高雄市","小港區","120.370","22.575","46"
"859","85332","20220706005000","823","1","高雄市","小港區","120.375","22.575","729"
"66","85337","20220706005000","95","0","高雄市","小港區","120.355","22.540","69"
"84","85340","20220706005000","91","0","高雄市","小港區","120.350","22.540","55"
"257","85343","20220706005000","184","2","高雄市","小港區","120.360","22.540","208"
"63","85345","20220706005000","50","2","高雄市","小港區","120.340","22.545","70"
"215","85347","20220706005000","209","1","高雄市","小港區","120.350","22.545","179"
"46","85353","20220706005000","43","1","高雄市","小港區","120.350","22.550","37"
"80","85354","20220706005000","84","0","高雄市","小港區","120.355","22.550","70"
"192","85355","20220706005000","176","1","高雄市","小港區","120.360","22.550","175"
"25","85356","20220706005000","82","0","高雄市","小港區","120.345","22.555","28"
"245","85359","20220706005000","242","1","高雄市","小港區","120.355","22.555","194"
"329","85360","20220706005000","252","2","高雄市","小港區","120.345","22.560","251"
"102","85367","20220706005000","113","0","高雄市","小港區","120.345","22.530","85"
"39","85368","20220706005000","35","1","高雄市","小港區","120.350","22.530","31"
"147","85370","20220706005000","152","0","高雄市","小港區","120.355","22.530","123"
"334","85371","20220706005000","286","1","高雄市","小港區","120.360","22.530","239"
"132","85372","20220706005000","204","0","高雄市","小港區","120.335","22.535","100"
"119","85374","20220706005000","98","2","高雄市","小港區","120.345","22.535","112"
"73","85377","20220706005000","82","0","高雄市","小港區(海)","120.330","22.540","99"
"57","85382","20220706005000","133","0","高雄市","小港區","120.320","22.545","66"
"720","85384","20220706005000","893","0","高雄市","前鎮區","120.325","22.570","722"
"1025","85385","20220706005000","1055","0","高雄市","前鎮區","120.325","22.575","812"
"618","85386","20220706005000","1358","0","高雄市","前鎮區","120.315","22.590","531"
"244","85387","20220706005000","367","0","高雄市","前鎮區","120.305","22.595","245"
"482","85389","20220706005000","719","0","高雄市","前鎮區","120.310","22.595","478"
"471","85391","20220706005000","276","3","高雄市","前鎮區","120.315","22.575","396"
"281","85392","20220706005000","209","2","高雄市","前鎮區","120.320","22.575","296"
"927","85393","20220706005000","1617","0","高雄市","前鎮區","120.325","22.580","798"
"542","85396","20220706005000","644","0","高雄市","前鎮區","120.330","22.585","512"
"415","85398","20220706005000","578","0","高雄市","鳳山區","120.340","22.585","398"
"138","85400","20220706005000","140","0","臺東縣","太麻里鄉","120.940","22.460","130"
"50","85451","20220706005000","52","0","臺東縣","太麻里鄉","120.955","22.510","37"
"133","85475","20220706005000","116","1","臺東縣","太麻里鄉","120.935","22.520","117"
"282","85487","20220706005000","317","0","高雄市","鳳山區","120.325","22.585","281"
"784","85489","20220706005000","554","2","高雄市","鳳山區","120.350","22.590","715"
"1512","85490","20220706005000","1202","2","高雄市","鳳山區","120.345","22.595","1150"
"678","85491","20220706005000","896","0","高雄市","鳳山區","120.330","22.590","563"
"2811","85492","20220706005000","1997","2","高雄市","鳳山區","120.325","22.590","2113"
"927","85493","20220706005000","927","1","高雄市","前鎮區","120.320","22.585","897"
"505","85496","20220706005000","537","0","高雄市","前鎮區","120.330","22.580","526"
"372","85517","20220706005000","448","0","高雄市","大寮區","120.410","22.560","387"
"283","85519","20220706005000","212","2","高雄市","大寮區","120.420","22.560","201"
"372","85533","20220706005000","315","1","高雄市","大寮區","120.405","22.580","318"
"1364","85535","20220706005000","1250","1","高雄市","鳳山區","120.335","22.595","1095"
"132","85536","20220706005000","443","0","高雄市","小港區","120.360","22.570","160"
"724","85537","20220706005000","677","1","高雄市","林園區","120.385","22.490","610"
"581","85543","20220706005000","499","1","高雄市","鳳山區","120.330","22.595","464"
"254","85544","20220706005000","256","0","高雄市","小港區","120.355","22.515","218"
"88","85546","20220706005000","95","0","高雄市","小港區","120.360","22.525","84"
"311","85559","20220706005000","373","0","臺東縣","太麻里鄉","120.965","22.530","319"
"20","85590","20220706005000","17","1","臺東縣","太麻里鄉","120.965","22.545","25"
"22","85591","20220706005000","16","2","臺東縣","太麻里鄉","120.970","22.545","12"
"182","85656","20220706005000","105","3","臺東縣","太麻里鄉","120.990","22.575","193"
"51","85660","20220706005000","80","0","臺東縣","太麻里鄉","120.990","22.580","32"
"907","85678","20220706005000","727","2","高雄市","鳳山區","120.350","22.595","727"
"308","85680","20220706005000","372","0","高雄市","鳳山區","120.340","22.595","378"
"582","85681","20220706005000","512","1","高雄市","林園區","120.375","22.500","509"
"1314","85683","20220706005000","1168","1","高雄市","林園區","120.385","22.500","1092"
"136","85684","20220706005000","455","0","高雄市","林園區","120.395","22.485","129"
"269","85685","20220706005000","259","1","高雄市","林園區","120.375","22.505","223"
"395","85689","20220706005000","1169","0","高雄市","前鎮區","120.310","22.590","339"
"520","85700","20220706005000","733","0","高雄市","小港區","120.340","22.565","547"
"316","85708","20220706005000","327","0","高雄市","小港區","120.380","22.545","254"
"42","85713","20220706005000","107","0","高雄市","小港區","120.390","22.545","59"
"518","85719","20220706005000","504","1","高雄市","小港區","120.385","22.555","405"
"378","85721","20220706005000","526","0","高雄市","小港區","120.390","22.560","398"
"132","85723","20220706005000","231","0","高雄市","小港區","120.380","22.555","129"
"415","85724","20220706005000","297","2","高雄市","小港區","120.380","22.560","333"
"223","85725","20220706005000","101","3","高雄市","小港區","120.385","22.560","146"
"107","85726","20220706005000","163","0","高雄市","小港區","120.380","22.565","97"
"190","85727","20220706005000","108","3","高雄市","小港區","120.385","22.565","143"
"520","85728","20220706005000","336","3","高雄市","大寮區","120.400","22.590","394"
"22","85729","20220706005000","58","0","高雄市","大寮區","120.390","22.595","27"
"48","85731","20220706005000","42","1","高雄市","大寮區","120.415","22.535","42"
"122","85751","20220706005000","85","2","高雄市","大寮區","120.425","22.555","75"
"234","85754","20220706005000","180","2","高雄市","大寮區","120.425","22.560","178"
"850","85755","20220706005000","835","1","高雄市","前鎮區","120.315","22.585","913"
"351","85756","20220706005000","236","2","高雄市","前鎮區","120.305","22.585","231"
"154","85758","20220706005000","322","0","高雄市","小港區","120.345","22.570","141"
"599","85759","20220706005000","1413","0","高雄市","小港區","120.350","22.570","536"
"330","85764","20220706005000","380","0","高雄市","小港區","120.350","22.575","282"
"360","85768","20220706005000","357","1","高雄市","小港區","120.350","22.580","294"
"495","85770","20220706005000","1076","0","高雄市","鳳山區","120.350","22.585","494"
"1935","85771","20220706005000","2403","0","高雄市","鳳山區","120.355","22.585","1770"
"1639","85772","20220706005000","1639","1","高雄市","小港區","120.350","22.565","1269"
"11","85776","20220706005000","27","0","高雄市","小港區","120.325","22.565","20"
"657","85777","20220706005000","721","0","高雄市","小港區","120.330","22.565","651"
"474","85778","20220706005000","531","0","高雄市","前鎮區","120.330","22.570","477"
"1162","85779","20220706005000","964","2","高雄市","小港區","120.335","22.570","1015"
"265","85780","20220706005000","247","1","高雄市","小港區","120.335","22.565","289"
"14","85783","20220706005000","235","0","高雄市","小港區","120.360","22.515","20"
"517","85790","20220706005000","610","0","高雄市","鳳山區","120.340","22.590","570"
"481","85791","20220706005000","334","2","高雄市","鳳山區","120.345","22.590","447"
"1237","85793","20220706005000","1382","0","高雄市","鳳山區","120.335","22.590","1176"
"589","85794","20220706005000","370","3","高雄市","前鎮區","120.335","22.585","421"
"196","85806","20220706005000","126","3","高雄市","小港區(海)","120.330","22.550","147"
"89","85816","20220706005000","112","0","高雄市","小港區(海)","120.315","22.550","113"
"70","85817","20220706005000","95","0","高雄市","旗津區","120.310","22.555","82"
"59","85821","20220706005000","65","0","高雄市","旗津區(海)","120.300","22.575","67"
"28","85823","20220706005000","45","0","高雄市","前鎮區(海)","120.295","22.585","28"
"109","85826","20220706005000","257","0","高雄市","旗津區(海)","120.295","22.580","110"
"197","85827","20220706005000","139","2","高雄市","旗津區","120.290","22.585","207"
"29","85829","20220706005000","87","0","高雄市","大寮區","120.430","22.560","35"
"27","85834","20220706005000","75","0","高雄市","大寮區","120.430","22.565","17"
"208","85835","20220706005000","148","2","高雄市","大寮區","120.435","22.565","146"
"135","85837","20220706005000","88","3","高雄市","大寮區","120.420","22.570","100"
"423","85839","20220706005000","403","1","高雄市","大寮區","120.430","22.570","361"
"30","85845","20220706005000","19","3","高雄市","大寮區","120.435","22.580","18"
"69","85858","20220706005000","70","0","高雄市","大寮區","120.410","22.575","49"
"304","85859","20220706005000","259","1","高雄市","大寮區","120.415","22.575","227"
"221","85864","20220706005000","211","1","高雄市","大寮區","120.420","22.580","175"
"249","85865","20220706005000","218","1","高雄市","大寮區","120.425","22.580","198"
"29","85866","20220706005000","246","0","高雄市","大寮區","120.430","22.580","35"
"62","85867","20220706005000","64","0","高雄市","大寮區","120.425","22.585","40"
"33","85869","20220706005000","33","1","高雄市","大寮區","120.435","22.585","23"
"22","85872","20220706005000","129","0","高雄市","大寮區","120.425","22.590","30"
"126","85873","20220706005000","132","0","高雄市","大寮區","120.430","22.590","119"
"33","85880","20220706005000","391","0","高雄市","大寮區","120.400","22.595","52"
"581","85881","20220706005000","548","1","高雄市","大寮區","120.405","22.595","499"
"322","85887","20220706005000","316","1","高雄市","前鎮區","120.320","22.570","275"
"116","85888","20220706005000","92","2","高雄市","前鎮區(海)","120.305","22.575","70"
"678","85894","20220706005000","522","2","高雄市","小港區","120.365","22.585","484"
"923","85896","20220706005000","761","2","高雄市","前鎮區","120.320","22.590","758"
"320","85897","20220706005000","349","0","高雄市","林園區","120.395","22.505","263"
"1557","85898","20220706005000","1122","2","高雄市","林園區","120.395","22.510","1159"
"251","85910","20220706005000","218","1","高雄市","林園區","120.405","22.500","231"
"77","85911","20220706005000","94","0","高雄市","林園區","120.410","22.500","61"
"348","85915","20220706005000","345","1","高雄市","林園區","120.405","22.505","274"
"51","85916","20220706005000","39","2","高雄市","林園區","120.410","22.505","35"
"245","85920","20220706005000","215","1","高雄市","林園區","120.405","22.510","172"
"426","85929","20220706005000","315","2","高雄市","林園區","120.405","22.520","334"
"277","85936","20220706005000","244","1","高雄市","林園區","120.390","22.525","178"
"136","85937","20220706005000","222","0","高雄市","林園區","120.395","22.525","115"
"27","85945","20220706005000","118","0","高雄市","前鎮區","120.300","22.595","18"
"973","85946","20220706005000","770","2","高雄市","前鎮區","120.325","22.600","884"
"133","85948","20220706005000","479","0","高雄市","林園區","120.390","22.510","192"
"15","85949","20220706005000","14","1","高雄市","林園區","120.390","22.515","10"
"213","85950","20220706005000","198","1","高雄市","林園區","120.400","22.480","166"
"128","85953","20220706005000","70","3","高雄市","旗津區","120.310","22.560","100"
"50","85954","20220706005000","56","0","高雄市","旗津區","120.305","22.565","80"
"291","85955","20220706005000","356","0","高雄市","旗津區","120.300","22.570","267"
"61","85960","20220706005000","335","0","高雄市","林園區","120.395","22.530","89"
"259","85961","20220706005000","267","0","高雄市","林園區","120.400","22.530","212"
"20","85963","20220706005000","25","0","高雄市","林園區","120.385","22.505","19"
"104","85971","20220706005000","356","0","高雄市","旗津區","120.280","22.595","76"
"130","85972","20220706005000","143","0","高雄市","旗津區","120.285","22.585","144"
"151","85975","20220706005000","127","1","高雄市","旗津區","120.285","22.590","166"
"586","85978","20220706005000","442","2","高雄市","林園區","120.390","22.500","472"
"83","85982","20220706005000","878","0","高雄市","林園區","120.380","22.500","119"
"88","85983","20220706005000","737","0","高雄市","林園區","120.395","22.500","121"
"181","85988","20220706005000","160","1","高雄市","林園區","120.395","22.535","142"
"395","85989","20220706005000","260","3","高雄市","林園區","120.400","22.535","319"
"57","88407","20220706005000","109","0","高雄市","鼓山區","120.260","22.625","47"
"27","90458","20220706005000","13","3","臺東縣","綠島鄉","121.470","22.645","32"
"226","93129","20220706005000","123","3","臺東縣","綠島鄉","121.485","22.680","240"
"416","94971","20220706005000","239","3","高雄市","左營區","120.275","22.700","238"
"30","97490","20220706005000","495","0","屏東縣","屏東市","120.480","22.650","63"
"403","97491","20220706005000","343","1","屏東縣","屏東市","120.485","22.650","318"
"376","97497","20220706005000","492","0","屏東縣","屏東市","120.485","22.645","301"
"348","97501","20220706005000","342","1","屏東縣","屏東市","120.500","22.665","252"
"42","97502","20220706005000","313","0","屏東縣","九如鄉","120.490","22.730","54"
"815","97503","20220706005000","869","0","屏東縣","九如鄉","120.490","22.735","881"
"382","97504","20220706005000","199","3","屏東縣","九如鄉","120.490","22.710","283"
"24","97506","20220706005000","29","0","屏東縣","九如鄉","120.490","22.715","27"
"54","97516","20220706005000","389","0","屏東縣","九如鄉","120.500","22.735","54"
"153","97518","20220706005000","91","3","屏東縣","九如鄉","120.505","22.735","117"
"518","97519","20220706005000","434","1","屏東縣","屏東市","120.475","22.655","385"
"354","97520","20220706005000","216","3","屏東縣","屏東市","120.480","22.655","272"
"14","97527","20220706005000","12","1","屏東縣","屏東市","120.450","22.635","10"
"23","97528","20220706005000","34","0","屏東縣","屏東市","120.455","22.635","21"
"21","97529","20220706005000","14","3","屏東縣","屏東市","120.460","22.635","10"
"15","97534","20220706005000","10","3","屏東縣","屏東市","120.455","22.640","15"
"51","97542","20220706005000","44","1","屏東縣","屏東市","120.495","22.625","46"
"615","97544","20220706005000","492","2","屏東縣","屏東市","120.505","22.625","509"
"1767","97550","20220706005000","1872","0","屏東縣","長治鄉","120.510","22.680","1705"
"13","97551","20220706005000","20","0","屏東縣","屏東市","120.475","22.665","16"
"730","97552","20220706005000","483","3","屏東縣","屏東市","120.485","22.670","565"
"90","97565","20220706005000","71","2","屏東縣","內埔鄉","120.570","22.650","77"
"20","97566","20220706005000","140","0","屏東縣","內埔鄉","120.575","22.650","30"
"22","97567","20220706005000","29","0","屏東縣","內埔鄉","120.560","22.655","11"
"474","97588","20220706005000","324","2","屏東縣","屏東市","120.505","22.690","435"
"1058","97589","20220706005000","1619","0","屏東縣","屏東市","120.495","22.685","1086"
"19","97597","20220706005000","274","0","屏東縣","屏東市","120.510","22.700","30"
"41","97598","20220706005000","59","0","屏東縣","屏東市","120.495","22.705","42"
"224","97600","20220706005000","80","3","屏東縣","屏東市","120.505","22.705","152"
"1205","97606","20220706005000","1097","1","屏東縣","屏東市","120.475","22.660","1006"
"206","97607","20220706005000","409","0","屏東縣","屏東市","120.480","22.660","315"
"2448","97613","20220706005000","1716","2","屏東縣","屏東市","120.475","22.690","1993"
"106","97614","20220706005000","171","0","屏東縣","屏東市","120.470","22.690","80"
"23","97625","20220706005000","25","0","屏東縣","屏東市","120.485","22.700","14"
"349","97627","20220706005000","233","2","屏東縣","屏東市","120.480","22.670","259"
"307","97628","20220706005000","323","0","屏東縣","屏東市","120.495","22.670","257"
"251","97638","20220706005000","329","0","屏東縣","竹田鄉","120.525","22.605","255"
"843","97642","20220706005000","726","1","屏東縣","屏東市","120.495","22.665","702"
"538","97643","20220706005000","542","0","屏東縣","屏東市","120.480","22.640","436"
"407","97654","20220706005000","354","1","屏東縣","鹽埔鄉","120.605","22.725","412"
"19","97655","20220706005000","19","1","屏東縣","屏東市","120.500","22.650","26"
"35","97656","20220706005000","43","0","屏東縣","屏東市","120.505","22.650","37"
"565","97657","20220706005000","383","2","屏東縣","屏東市","120.480","22.675","442"
"1397","97658","20220706005000","1111","2","屏東縣","屏東市","120.490","22.655","1101"
"380","97660","20220706005000","361","1","屏東縣","屏東市","120.490","22.660","372"
"87","97661","20220706005000","75","1","屏東縣","屏東市","120.495","22.660","60"
"174","97663","20220706005000","77","3","屏東縣","屏東市","120.460","22.665","164"
"61","97701","20220706005000","564","0","屏東縣","鹽埔鄉","120.540","22.730","42"
"45","97715","20220706005000","369","0","屏東縣","鹽埔鄉","120.555","22.735","52"
"199","97722","20220706005000","123","3","屏東縣","鹽埔鄉","120.520","22.735","145"
"13","97743","20220706005000","22","0","屏東縣","長治鄉","120.525","22.690","15"
"104","97744","20220706005000","337","0","屏東縣","長治鄉","120.530","22.690","120"
"29","97746","20220706005000","23","2","屏東縣","長治鄉","120.530","22.695","21"
"424","97754","20220706005000","368","1","屏東縣","屏東市","120.490","22.675","308"
"261","97761","20220706005000","876","0","屏東縣","屏東市","120.470","22.655","226"
"36","97765","20220706005000","36","1","屏東縣","屏東市","120.510","22.645","37"
"655","97771","20220706005000","930","0","屏東縣","屏東市","120.495","22.680","682"
"981","97772","20220706005000","448","3","屏東縣","屏東市","120.495","22.675","732"
"127","97773","20220706005000","372","0","屏東縣","屏東市","120.500","22.685","170"
"1748","97774","20220706005000","1571","1","屏東縣","屏東市","120.505","22.685","1307"
"826","97775","20220706005000","826","1","屏東縣","屏東市","120.510","22.685","809"
"572","97777","20220706005000","619","0","屏東縣","屏東市","120.500","22.675","593"
"176","97783","20220706005000","98","3","屏東縣","內埔鄉","120.600","22.650","138"
"278","97786","20220706005000","834","0","屏東縣","內埔鄉","120.615","22.650","315"
"129","97791","20220706005000","712","0","屏東縣","內埔鄉","120.600","22.660","132"
"320","97800","20220706005000","207","3","屏東縣","麟洛鄉","120.535","22.650","241"
"146","97814","20220706005000","119","2","屏東縣","麟洛鄉","120.550","22.660","136"
"88","97818","20220706005000","91","0","屏東縣","麟洛鄉","120.535","22.665","67"
"57","97823","20220706005000","37","3","屏東縣","麟洛鄉","120.515","22.640","51"
"365","97842","20220706005000","267","2","屏東縣","麟洛鄉","120.520","22.645","286"
"15","97844","20220706005000","16","0","屏東縣","屏東市","120.515","22.650","15"
"36","97849","20220706005000","569","0","屏東縣","麟洛鄉","120.525","22.650","58"
"108","97851","20220706005000","556","0","屏東縣","麟洛鄉","120.520","22.655","147"
"82","97914","20220706005000","394","0","屏東縣","萬丹鄉","120.460","22.595","91"
"779","97916","20220706005000","673","1","屏東縣","屏東市","120.490","22.680","588"
"820","97917","20220706005000","766","1","屏東縣","屏東市","120.490","22.685","680"
"1213","97918","20220706005000","849","2","屏東縣","屏東市","120.490","22.690","1047"
"463","97919","20220706005000","681","0","屏東縣","屏東市","120.505","22.670","430"
"1131","97920","20220706005000","1751","0","屏東縣","長治鄉","120.510","22.670","1145"
"195","97925","20220706005000","392","0","屏東縣","長治鄉","120.545","22.690","146"
"18","97933","20220706005000","14","2","屏東縣","屏東市","120.465","22.670","19"
"397","97947","20220706005000","356","1","屏東縣","屏東市","120.475","22.680","337"
"136","97948","20220706005000","309","0","屏東縣","屏東市","120.480","22.680","224"
"92","97953","20220706005000","178","0","屏東縣","屏東市","120.465","22.685","66"
"325","97954","20220706005000","286","1","屏東縣","屏東市","120.470","22.685","229"
"226","97955","20220706005000","467","0","屏東縣","屏東市","120.475","22.685","206"
"777","97964","20220706005000","949","0","屏東縣","屏東市","120.510","22.655","628"
"313","97965","20220706005000","531","0","屏東縣","屏東市","120.505","22.660","314"
"180","97967","20220706005000","812","0","屏東縣","屏東市","120.515","22.660","172"
"535","97969","20220706005000","837","0","屏東縣","屏東市","120.505","22.665","555"
"45","97974","20220706005000","993","0","屏東縣","屏東市","120.505","22.675","60"
"463","97978","20220706005000","412","1","屏東縣","屏東市","120.475","22.670","340"
"547","97984","20220706005000","433","2","屏東縣","萬丹鄉","120.485","22.610","403"
"368","97985","20220706005000","250","2","屏東縣","萬丹鄉","120.490","22.610","291"
"61","97991","20220706005000","221","0","屏東縣","萬丹鄉","120.490","22.620","73"
"28","98035","20220706005000","26","1","屏東縣","泰武鄉","120.700","22.610","20"
"41","98173","20220706005000","148","0","屏東縣","泰武鄉","120.640","22.625","33"
"189","98233","20220706005000","561","0","屏東縣","萬丹鄉","120.470","22.620","219"
"220","98245","20220706005000","127","3","屏東縣","萬丹鄉","120.470","22.610","164"
"243","98249","20220706005000","156","3","屏東縣","內埔鄉","120.600","22.675","194"
"181","98252","20220706005000","96","3","屏東縣","內埔鄉","120.585","22.640","136"
"72","98255","20220706005000","762","0","屏東縣","內埔鄉","120.590","22.645","94"
"284","98266","20220706005000","182","3","屏東縣","瑪家鄉","120.650","22.700","275"
"258","98270","20220706005000","314","0","屏東縣","內埔鄉","120.645","22.705","276"
"1069","98276","20220706005000","759","2","屏東縣","內埔鄉","120.565","22.635","828"
"231","98277","20220706005000","202","1","屏東縣","內埔鄉","120.545","22.640","175"
"530","98281","20220706005000","510","1","屏東縣","麟洛鄉","120.540","22.645","518"
"251","98298","20220706005000","527","0","屏東縣","內埔鄉","120.555","22.600","264"
"615","98309","20220706005000","829","0","屏東縣","內埔鄉","120.595","22.630","615"
"364","98311","20220706005000","249","2","屏東縣","內埔鄉","120.590","22.635","273"
"82","98316","20220706005000","572","0","屏東縣","內埔鄉","120.600","22.640","98"
"97","98328","20220706005000","90","1","屏東縣","瑪家鄉","120.630","22.650","97"
"15","98341","20220706005000","346","0","屏東縣","內埔鄉","120.580","22.620","19"
"55","98346","20220706005000","28","3","屏東縣","內埔鄉","120.545","22.630","40"
"74","98348","20220706005000","306","0","屏東縣","內埔鄉","120.540","22.635","75"
"16","98355","20220706005000","13","2","屏東縣","內埔鄉","120.635","22.685","13"
"340","98362","20220706005000","227","2","屏東縣","內埔鄉","120.640","22.695","343"
"73","98378","20220706005000","369","0","屏東縣","長治鄉","120.550","22.680","86"
"41","98380","20220706005000","29","2","屏東縣","長治鄉","120.540","22.685","32"
"237","98392","20220706005000","482","0","屏東縣","長治鄉","120.550","22.695","264"
"59","98396","20220706005000","30","3","屏東縣","長治鄉","120.535","22.705","42"
"513","98405","20220706005000","940","0","屏東縣","長治鄉","120.535","22.710","407"
"200","98407","20220706005000","152","2","屏東縣","長治鄉","120.545","22.710","68"
"70","98408","20220706005000","269","0","屏東縣","長治鄉","120.525","22.715","68"
"53","98410","20220706005000","120","0","屏東縣","長治鄉","120.535","22.715","43"
"110","98418","20220706005000","414","0","屏東縣","萬丹鄉","120.470","22.615","124"
"186","98422","20220706005000","127","2","屏東縣","萬丹鄉","120.520","22.595","178"
"223","98443","20220706005000","221","1","屏東縣","屏東市","120.495","22.640","165"
"474","98446","20220706005000","406","1","屏東縣","屏東市","120.490","22.645","357"
"250","98453","20220706005000","156","3","屏東縣","屏東市","120.485","22.625","182"
"524","98457","20220706005000","539","0","屏東縣","屏東市","120.480","22.635","388"
"25","98458","20220706005000","29","0","屏東縣","屏東市","120.485","22.635","22"
"268","98459","20220706005000","236","1","屏東縣","屏東市","120.490","22.635","216"
"25","98460","20220706005000","347","0","屏東縣","屏東市","120.485","22.640","24"
"87","98462","20220706005000","527","0","屏東縣","內埔鄉","120.565","22.610","82"
"33","98463","20220706005000","24","2","屏東縣","內埔鄉","120.570","22.610","17"
"857","98464","20220706005000","988","0","屏東縣","內埔鄉","120.570","22.615","876"
"467","98467","20220706005000","703","0","屏東縣","內埔鄉","120.560","22.605","494"
"37","98471","20220706005000","311","0","屏東縣","內埔鄉","120.560","22.600","53"
"246","98472","20220706005000","409","0","屏東縣","內埔鄉","120.565","22.600","251"
"42","98486","20220706005000","200","0","屏東縣","內埔鄉","120.595","22.675","57"
"950","98496","20220706005000","1047","0","屏東縣","屏東市","120.485","22.685","806"
"1267","98497","20220706005000","642","3","屏東縣","屏東市","120.480","22.690","1003"
"789","98498","20220706005000","900","0","屏東縣","屏東市","120.485","22.690","626"
"735","98502","20220706005000","796","0","屏東縣","內埔鄉","120.545","22.625","723"
"17","98511","20220706005000","16","1","屏東縣","內埔鄉","120.570","22.640","16"
"671","98532","20220706005000","733","0","屏東縣","內埔鄉","120.560","22.620","719"
"736","98533","20220706005000","557","2","屏東縣","內埔鄉","120.565","22.620","536"
"17","98544","20220706005000","301","0","屏東縣","內埔鄉","120.600","22.690","263"
"271","98558","20220706005000","364","0","屏東縣","內埔鄉","120.610","22.700","302"
"13","98563","20220706005000","16","0","屏東縣","內埔鄉","120.600","22.665","18"
"409","98589","20220706005000","383","1","屏東縣","屏東市","120.505","22.695","377"
"195","98591","20220706005000","182","1","屏東縣","屏東市","120.445","22.640","189"
"374","98594","20220706005000","353","1","屏東縣","屏東市","120.460","22.640","319"
"17","98596","20220706005000","55","0","屏東縣","屏東市","120.445","22.645","11"
"110","98598","20220706005000","72","3","屏東縣","屏東市","120.455","22.645","81"
"351","98607","20220706005000","267","2","屏東縣","屏東市","120.465","22.650","271"
"12","98616","20220706005000","12","1","屏東縣","屏東市","120.445","22.660","13"
"205","98633","20220706005000","190","1","屏東縣","三地門鄉","120.640","22.715","198"
"387","98636","20220706005000","404","0","屏東縣","三地門鄉","120.655","22.715","346"
"89","98648","20220706005000","57","3","屏東縣","三地門鄉","120.670","22.720","81"
"314","98723","20220706005000","280","1","屏東縣","屏東市","120.495","22.690","296"
"752","98724","20220706005000","490","3","屏東縣","屏東市","120.500","22.690","567"
"929","98725","20220706005000","798","1","屏東縣","屏東市","120.480","22.665","757"
"480","98726","20220706005000","339","2","屏東縣","屏東市","120.495","22.695","402"
"295","98729","20220706005000","244","2","屏東縣","屏東市","120.500","22.695","208"
"899","98734","20220706005000","469","3","屏東縣","屏東市","120.490","22.670","705"
"78","98776","20220706005000","51","3","屏東縣","萬巒鄉","120.625","22.630","70"
"71","98782","20220706005000","41","3","屏東縣","萬巒鄉","120.625","22.640","51"
"48","98803","20220706005000","62","0","屏東縣","萬巒鄉","120.615","22.605","51"
"479","98804","20220706005000","334","2","屏東縣","萬巒鄉","120.620","22.605","357"
"78","98822","20220706005000","53","2","屏東縣","長治鄉","120.535","22.670","76"
"1400","98826","20220706005000","1025","2","屏東縣","長治鄉","120.525","22.675","1184"
"271","98837","20220706005000","256","1","屏東縣","長治鄉","120.515","22.685","238"
"43","98842","20220706005000","1143","0","屏東縣","長治鄉","120.510","22.665","61"
"468","98843","20220706005000","467","1","屏東縣","長治鄉","120.515","22.665","350"
"22","98844","20220706005000","37","0","屏東縣","長治鄉","120.520","22.665","31"
"261","98968","20220706005000","133","3","屏東縣","瑪家鄉","120.670","22.675","174"
"33","99003","20220706005000","31","1","屏東縣","瑪家鄉","120.655","22.705","26"
"72","99078","20220706005000","133","0","屏東縣","瑪家鄉","120.640","22.685","84"
"109","99094","20220706005000","91","1","屏東縣","竹田鄉","120.530","22.630","80"
"221","99099","20220706005000","186","1","屏東縣","竹田鄉","120.535","22.640","192"
"14","99104","20220706005000","21","0","屏東縣","竹田鄉","120.545","22.600","15"
"218","99110","20220706005000","239","0","屏東縣","竹田鄉","120.520","22.615","221"
"188","99116","20220706005000","322","0","屏東縣","竹田鄉","120.525","22.620","193"
"105","99293","20220706005000","487","0","屏東縣","萬丹鄉","120.465","22.605","102"
"328","99294","20220706005000","235","2","屏東縣","萬丹鄉","120.470","22.605","241"
"98","99299","20220706005000","675","0","屏東縣","萬丹鄉","120.495","22.595","100"
"558","99310","20220706005000","546","1","屏東縣","長治鄉","120.520","22.680","459"
"74","99313","20220706005000","115","0","屏東縣","長治鄉","120.525","22.685","49"
"25","99317","20220706005000","300","0","屏東縣","長治鄉","120.565","22.670","34"
"776","99340","20220706005000","381","3","屏東縣","長治鄉","120.590","22.695","570"
"419","99352","20220706005000","549","0","屏東縣","長治鄉","120.575","22.705","375"
"106","99358","20220706005000","65","3","屏東縣","長治鄉","120.580","22.710","96"
"36","99371","20220706005000","26","2","屏東縣","鹽埔鄉","120.580","22.720","31"
"133","99390","20220706005000","90","2","屏東縣","長治鄉","120.570","22.700","109"
"11","99551","20220706005000","39","0","屏東縣","霧台鄉","120.755","22.730","11"
"19","99607","20220706005000","15","2","屏東縣","高樹鄉","120.630","22.735","15"
"71","99617","20220706005000","41","3","屏東縣","萬丹鄉","120.450","22.620","52"
"31","99627","20220706005000","324","0","屏東縣","萬丹鄉","120.465","22.625","33"
"26","99670","20220706005000","187","0","屏東縣","九如鄉","120.485","22.735","22"
"701","99671","20220706005000","922","0","屏東縣","屏東市","120.490","22.665","752"
"15","99680","20220706005000","138","0","屏東縣","九如鄉","120.480","22.710","14"
"331","99690","20220706005000","222","2","屏東縣","九如鄉","120.520","22.710","280"
"14","99705","20220706005000","117","0","屏東縣","九如鄉","120.505","22.725","13"
"532","99716","20220706005000","221","3","臺東縣","綠島鄉","121.470","22.670","309"
"306","99719","20220706005000","270","1","臺東縣","綠島鄉","121.470","22.675","262"
"12","99724","20220706005000","18","0","臺東縣","綠島鄉","121.495","22.640","20"
"53","99732","20220706005000","68","0","臺東縣","綠島鄉","121.500","22.645","91"
"72","99739","20220706005000","27","3","臺東縣","綠島鄉","121.505","22.655","31"
"321","99759","20220706005000","145","3","臺東縣","綠島鄉","121.490","22.675","254"
"23","99760","20220706005000","20","1","臺東縣","綠島鄉","121.495","22.675","20"
"136","99762","20220706005000","60","3","臺東縣","綠島鄉","121.505","22.675","101"
"66","99767","20220706005000","52","2","臺東縣","綠島鄉","121.475","22.650","70"
"438","99769","20220706005000","77","3","臺東縣","綠島鄉","121.485","22.650","78"
"128","99774","20220706005000","183","0","臺東縣","綠島鄉","121.475","22.660","166"
"261","99777","20220706005000","146","3","臺東縣","綠島鄉","121.470","22.665","220"
"511","99779","20220706005000","513","0","臺東縣","綠島鄉","121.465","22.670","599"
"450","99780","20220706005000","391","1","高雄市","楠梓區","120.295","22.715","442"
"146","99782","20220706005000","275","0","高雄市","楠梓區","120.305","22.710","174"
"1151","99783","20220706005000","717","3","高雄市","楠梓區","120.300","22.715","900"
"546","99784","20220706005000","446","2","高雄市","楠梓區","120.305","22.715","399"
"131","99785","20220706005000","427","0","高雄市","楠梓區","120.310","22.715","138"
"270","99787","20220706005000","424","0","高雄市","前金區","120.290","22.625","275"
"932","99788","20220706005000","1078","0","高雄市","前金區","120.300","22.620","1018"
"631","99792","20220706005000","553","1","臺東縣","臺東市","121.050","22.705","457"
"319","99796","20220706005000","401","0","臺東縣","臺東市","121.040","22.705","312"
"861","99800","20220706005000","592","2","臺東縣","臺東市","121.045","22.710","663"
"415","99817","20220706005000","288","2","臺東縣","臺東市","121.060","22.710","251"
"548","99819","20220706005000","657","0","臺東縣","臺東市","121.070","22.710","602"
"174","99837","20220706005000","117","2","臺東縣","臺東市","121.070","22.720","133"
"46","99854","20220706005000","60","0","臺東縣","臺東市","121.085","22.730","31"
"65","99856","20220706005000","55","1","高雄市","大寮區","120.415","22.620","47"
"44","99859","20220706005000","36","2","高雄市","大寮區","120.430","22.620","34"
"283","99862","20220706005000","265","1","高雄市","大寮區","120.425","22.625","209"
"2610","99875","20220706005000","1779","2","高雄市","鳥松區","120.335","22.655","1968"
"431","99876","20220706005000","841","0","高雄市","前鎮區","120.315","22.595","440"
"1200","99877","20220706005000","1012","1","高雄市","三民區","120.320","22.670","1004"
"300","99885","20220706005000","308","0","臺東縣","臺東市","121.055","22.725","240"
"773","99892","20220706005000","891","0","高雄市","前鎮區","120.305","22.605","847"
"1404","99893","20220706005000","1145","2","高雄市","前鎮區","120.315","22.615","1349"
"1466","99894","20220706005000","1223","1","高雄市","前鎮區","120.305","22.600","1265"
"1273","99895","20220706005000","1934","0","高雄市","前鎮區","120.330","22.610","1342"
"27","99897","20220706005000","68","0","高雄市","仁武區","120.330","22.705","37"
"536","99898","20220706005000","600","0","高雄市","仁武區","120.335","22.705","539"
"263","99899","20220706005000","357","0","高雄市","仁武區","120.330","22.710","297"
"310","99900","20220706005000","213","2","高雄市","仁武區","120.335","22.710","280"
"18","99901","20220706005000","15","2","高雄市","仁武區","120.330","22.715","33"
"135","99902","20220706005000","223","0","高雄市","楠梓區","120.330","22.720","171"
"20","99903","20220706005000","16","2","高雄市","三民區","120.290","22.640","16"
"47","99905","20220706005000","803","0","高雄市","仁武區","120.355","22.680","43"
"377","99906","20220706005000","1505","0","高雄市","仁武區","120.355","22.685","388"
"788","99908","20220706005000","758","1","高雄市","仁武區","120.345","22.685","587"
"87","99912","20220706005000","106","0","高雄市","仁武區","120.365","22.690","105"
"16","99913","20220706005000","12","2","高雄市","仁武區","120.370","22.690","11"
"140","99914","20220706005000","183","0","高雄市","仁武區","120.375","22.690","135"
"137","99919","20220706005000","85","3","高雄市","仁武區","120.375","22.695","109"
"373","99924","20220706005000","390","0","高雄市","仁武區","120.365","22.700","408"
"113","99927","20220706005000","116","0","高雄市","仁武區","120.380","22.700","127"
"258","99930","20220706005000","231","1","高雄市","仁武區","120.395","22.700","265"
"1706","99933","20220706005000","2165","0","高雄市","鹽埕區","120.285","22.630","1745"
"1148","99935","20220706005000","1750","0","高雄市","楠梓區","120.325","22.725","1177"
"515","99936","20220706005000","320","3","高雄市","楠梓區","120.315","22.735","466"
"1029","99937","20220706005000","865","1","高雄市","楠梓區","120.320","22.730","809"
"1521","99940","20220706005000","1497","1","高雄市","楠梓區","120.300","22.710","1369"
"1566","99941","20220706005000","1858","0","高雄市","三民區","120.320","22.650","1683"
"1915","99942","20220706005000","2197","0","高雄市","前金區","120.295","22.630","1922"
"526","99943","20220706005000","722","0","高雄市","三民區","120.290","22.645","546"
"66","99944","20220706005000","821","0","高雄市","鳳山區","120.375","22.635","102"
"2017","99945","20220706005000","1611","2","高雄市","鳳山區","120.365","22.625","1775"
"603","99946","20220706005000","661","0","高雄市","鳳山區","120.370","22.625","661"
"39","99951","20220706005000","207","0","高雄市","大樹區","120.420","22.695","38"
"15","99964","20220706005000","16","0","高雄市","大樹區","120.410","22.690","12"
"14","99968","20220706005000","11","2","高雄市","大樹區","120.405","22.690","14"
"63","99973","20220706005000","50","2","高雄市","大樹區","120.400","22.700","51"
"82","99976","20220706005000","151","0","高雄市","大社區","120.340","22.725","87"
"274","99979","20220706005000","436","0","高雄市","大社區","120.345","22.725","194"
"37","99983","20220706005000","428","0","高雄市","左營區","120.300","22.685","36"
"500","99984","20220706005000","502","0","高雄市","左營區","120.305","22.690","379"
"1614","99985","20220706005000","1330","2","高雄市","左營區","120.310","22.685","1384"
"1398","99987","20220706005000","803","3","高雄市","左營區","120.315","22.690","1081"
"866","99989","20220706005000","1004","0","高雄市","新興區","120.305","22.630","915"
"143","99990","20220706005000","244","0","高雄市","大寮區","120.385","22.615","196"
"891","99993","20220706005000","1076","0","高雄市","大寮區","120.380","22.620","694"
"535","99994","20220706005000","302","3","高雄市","大寮區","120.385","22.620","435"
"20","99999","20220706005000","14","2","高雄市","大寮區","120.375","22.600","19"
"1533","100002","20220706005000","2067","0","高雄市","三民區","120.295","22.635","1538"
"629","100003","20220706005000","741","0","高雄市","前金區","120.300","22.625","636"
"1300","100004","20220706005000","1662","0","高雄市","新興區","120.300","22.630","1238"
"563","100005","20220706005000","1046","0","高雄市","大寮區","120.385","22.600","448"
"939","100007","20220706005000","850","1","高雄市","大寮區","120.385","22.610","712"
"128","100010","20220706005000","523","0","高雄市","苓雅區","120.330","22.625","141"
"2755","100011","20220706005000","3019","0","高雄市","鳳山區","120.360","22.635","2622"
"918","100012","20220706005000","883","1","高雄市","鳳山區","120.365","22.630","851"
"370","100013","20220706005000","341","1","高雄市","鳳山區","120.375","22.640","334"
"433","100014","20220706005000","952","0","高雄市","鳳山區","120.350","22.615","337"
"2546","100015","20220706005000","1899","2","高雄市","楠梓區","120.300","22.725","1857"
"1497","100016","20220706005000","1226","2","高雄市","橋頭區","120.300","22.730","1188"
"1020","100017","20220706005000","1871","0","高雄市","橋頭區","120.305","22.730","820"
"805","100019","20220706005000","1525","0","高雄市","鳳山區","120.345","22.615","608"
"863","100021","20220706005000","336","3","高雄市","楠梓區","120.285","22.725","708"
"267","100022","20220706005000","1485","0","高雄市","楠梓區","120.290","22.725","270"
"637","100023","20220706005000","617","1","高雄市","橋頭區","120.295","22.730","601"
"204","100025","20220706005000","303","0","高雄市","楠梓區","120.285","22.730","253"
"22","100026","20220706005000","12","3","高雄市","楠梓區","120.290","22.730","21"
"1258","100028","20220706005000","1618","0","高雄市","楠梓區","120.290","22.715","1215"
"1179","100029","20220706005000","1635","0","高雄市","楠梓區","120.290","22.720","1236"
"947","100032","20220706005000","1314","0","高雄市","苓雅區","120.300","22.610","934"
"1443","100033","20220706005000","1380","1","高雄市","苓雅區","120.335","22.625","1190"
"2651","100034","20220706005000","2933","0","高雄市","前鎮區","120.310","22.615","2462"
"222","100038","20220706005000","213","1","高雄市","大寮區","120.405","22.640","253"
"371","100039","20220706005000","296","2","高雄市","大寮區","120.410","22.640","298"
"3307","100044","20220706005000","2282","2","高雄市","三民區","120.325","22.650","2658"
"661","100045","20220706005000","724","0","高雄市","三民區","120.320","22.655","693"
"900","100047","20220706005000","1590","0","高雄市","鳳山區","120.380","22.630","753"
"4064","100048","20220706005000","4249","0","高雄市","苓雅區","120.320","22.620","4048"
"2365","100049","20220706005000","2803","0","高雄市","新興區","120.310","22.630","1899"
"571","100050","20220706005000","551","1","高雄市","三民區","120.315","22.650","445"
"399","100052","20220706005000","640","0","高雄市","三民區","120.315","22.655","436"
"2486","100053","20220706005000","1500","3","高雄市","三民區","120.330","22.640","1987"
"1311","100054","20220706005000","1016","2","高雄市","三民區","120.315","22.640","1335"
"140","100057","20220706005000","251","0","高雄市","前鎮區","120.285","22.605","131"
"154","100058","20220706005000","141","1","高雄市","前鎮區","120.290","22.605","163"
"377","100059","20220706005000","264","2","高雄市","前鎮區","120.300","22.605","375"
"55","100071","20220706005000","51","1","臺東縣","太麻里鄉","121.025","22.670","59"
"103","100074","20220706005000","113","0","臺東縣","太麻里鄉","121.040","22.670","111"
"115","100530","20220706005000","89","2","臺東縣","金峰鄉","120.950","22.640","79"
"102","100729","20220706005000","87","1","臺東縣","金峰鄉","121.000","22.635","100"
"795","100742","20220706005000","755","1","高雄市","鳳山區","120.360","22.625","626"
"1019","100743","20220706005000","1278","0","高雄市","三民區","120.305","22.640","798"
"169","100744","20220706005000","1151","0","高雄市","楠梓區","120.295","22.725","213"
"2334","100745","20220706005000","1660","2","高雄市","楠梓區","120.300","22.720","1856"
"142","100746","20220706005000","115","2","高雄市","鳳山區","120.365","22.605","169"
"1137","100747","20220706005000","1466","0","高雄市","鳳山區","120.360","22.610","1072"
"614","100753","20220706005000","566","1","高雄市","鳳山區","120.355","22.605","632"
"129","100755","20220706005000","108","1","高雄市","鳳山區","120.365","22.615","125"
"104","100759","20220706005000","96","1","高雄市","左營區","120.295","22.695","105"
"140","100760","20220706005000","116","2","高雄市","左營區","120.295","22.700","123"
"2021","100762","20220706005000","1716","1","高雄市","三民區","120.315","22.645","1584"
"2498","100764","20220706005000","2308","1","高雄市","三民區","120.310","22.640","2240"
"1317","100765","20220706005000","1709","0","高雄市","前金區","120.290","22.630","1357"
"1397","100766","20220706005000","1160","2","高雄市","三民區","120.295","22.645","1471"
"67","100767","20220706005000","61","1","高雄市","仁武區","120.340","22.705","56"
"202","100768","20220706005000","916","0","高雄市","仁武區","120.345","22.705","202"
"170","100771","20220706005000","142","1","高雄市","仁武區","120.340","22.715","112"
"891","100773","20220706005000","1104","0","高雄市","仁武區","120.350","22.690","872"
"992","100775","20220706005000","613","3","高雄市","仁武區","120.350","22.695","881"
"45","100777","20220706005000","622","0","高雄市","仁武區","120.355","22.700","59"
"61","100778","20220706005000","47","2","高雄市","仁武區","120.350","22.705","54"
"170","100779","20220706005000","211","0","高雄市","仁武區","120.355","22.705","183"
"344","100781","20220706005000","412","0","高雄市","仁武區","120.350","22.710","334"
"85","100783","20220706005000","112","0","高雄市","仁武區","120.345","22.715","89"
"108","100784","20220706005000","141","0","高雄市","仁武區","120.350","22.715","55"
"1145","100786","20220706005000","1894","0","高雄市","前鎮區","120.335","22.605","1026"
"3236","100787","20220706005000","2851","1","高雄市","前鎮區","120.330","22.600","2441"
"2275","100788","20220706005000","2282","0","高雄市","三民區","120.335","22.650","2008"
"691","100789","20220706005000","917","0","高雄市","三民區","120.325","22.655","697"
"31","100790","20220706005000","23","2","臺東縣","太麻里鄉","120.975","22.600","23"
"535","100808","20220706005000","647","0","臺東縣","太麻里鄉","121.005","22.610","510"
"2280","100829","20220706005000","2323","0","高雄市","苓雅區","120.340","22.630","1921"
"1506","100830","20220706005000","1898","0","高雄市","鳳山區","120.345","22.630","1481"
"1331","100831","20220706005000","2648","0","高雄市","鳳山區","120.365","22.640","1109"
"2312","100832","20220706005000","2072","1","高雄市","苓雅區","120.325","22.615","2041"
"1852","100833","20220706005000","1596","1","高雄市","左營區","120.305","22.660","1471"
"2868","100834","20220706005000","3041","0","高雄市","左營區","120.310","22.660","2556"
"3234","100835","20220706005000","2841","1","高雄市","左營區","120.305","22.665","2531"
"1438","100836","20220706005000","2389","0","高雄市","左營區","120.310","22.665","1449"
"2001","100837","20220706005000","2317","0","高雄市","左營區","120.300","22.670","1618"
"934","100838","20220706005000","940","0","高雄市","左營區","120.305","22.670","971"
"2553","100839","20220706005000","2510","1","高雄市","左營區","120.300","22.680","1990"
"1359","100842","20220706005000","1570","0","高雄市","新興區","120.305","22.635","1383"
"46","100844","20220706005000","35","2","高雄市","大寮區","120.385","22.635","41"
"2079","100848","20220706005000","1727","2","高雄市","大寮區","120.395","22.640","1657"
"2030","100851","20220706005000","2429","0","高雄市","三民區","120.325","22.675","2028"
"2039","100852","20220706005000","1931","1","高雄市","三民區","120.325","22.660","1660"
"2660","100853","20220706005000","1937","2","高雄市","三民區","120.330","22.660","2061"
"1205","100854","20220706005000","2837","0","高雄市","三民區","120.325","22.665","1276"
"24","100855","20220706005000","472","0","高雄市","鳥松區","120.335","22.665","18"
"82","100856","20220706005000","704","0","高雄市","三民區","120.330","22.665","125"
"361","100858","20220706005000","469","0","高雄市","三民區","120.330","22.670","365"
"2757","100860","20220706005000","2639","1","高雄市","三民區","120.335","22.645","2371"
"157","100861","20220706005000","103","3","高雄市","前鎮區","120.310","22.605","139"
"2465","100862","20220706005000","3135","0","高雄市","前鎮區","120.310","22.610","2174"
"686","100863","20220706005000","1026","0","高雄市","前鎮區","120.315","22.610","727"
"416","100864","20220706005000","212","3","高雄市","左營區","120.290","22.700","300"
"1423","100865","20220706005000","1245","1","高雄市","左營區","120.285","22.680","1099"
"814","100866","20220706005000","537","3","高雄市","左營區","120.290","22.680","650"
"757","100867","20220706005000","980","0","高雄市","鳳山區","120.350","22.640","668"
"2224","100868","20220706005000","1650","2","高雄市","鳳山區","120.350","22.630","1814"
"988","100869","20220706005000","1500","0","高雄市","鳳山區","120.350","22.645","819"
"1250","100870","20220706005000","1990","0","高雄市","鳳山區","120.350","22.635","1157"
"2111","100871","20220706005000","2180","0","高雄市","苓雅區","120.335","22.620","1835"
"1109","100872","20220706005000","2311","0","高雄市","鳳山區","120.340","22.600","983"
"2597","100873","20220706005000","1795","2","高雄市","三民區","120.320","22.645","2315"
"2044","100874","20220706005000","1794","1","高雄市","三民區","120.325","22.645","1551"
"1689","100875","20220706005000","1477","1","高雄市","三民區","120.290","22.635","1722"
"1749","100877","20220706005000","2003","0","高雄市","三民區","120.325","22.670","1433"
"1281","100878","20220706005000","1914","0","高雄市","三民區","120.315","22.660","1060"
"1831","100879","20220706005000","1906","0","高雄市","三民區","120.320","22.660","1361"
"2729","100880","20220706005000","3886","0","高雄市","三民區","120.315","22.665","2233"
"213","100881","20220706005000","2297","0","高雄市","三民區","120.320","22.665","295"
"1183","100883","20220706005000","849","2","高雄市","前鎮區","120.305","22.610","1080"
"211","100888","20220706005000","918","0","高雄市","大寮區","120.390","22.625","271"
"2544","100890","20220706005000","2413","1","高雄市","三民區","120.335","22.640","2312"
"2031","100891","20220706005000","2927","0","高雄市","鳳山區","120.345","22.635","2034"
"443","100909","20220706005000","558","0","臺東縣","臺東市","121.055","22.705","416"
"158","100915","20220706005000","177","0","臺東縣","太麻里鄉","121.010","22.625","168"
"69","100925","20220706005000","35","3","臺東縣","太麻里鄉","121.015","22.640","43"
"426","100938","20220706005000","357","1","臺東縣","臺東市","121.100","22.725","317"
"177","100946","20220706005000","490","0","高雄市","鳥松區","120.350","22.665","179"
"1544","100947","20220706005000","1017","3","高雄市","鳥松區","120.355","22.665","1198"
"352","100948","20220706005000","319","1","高雄市","鳥松區","120.360","22.665","242"
"41","100954","20220706005000","138","0","高雄市","仁武區","120.370","22.680","45"
"13","100961","20220706005000","11","1","高雄市","鳥松區","120.380","22.685","13"
"485","100966","20220706005000","394","2","高雄市","鳥松區","120.395","22.665","384"
"26","100969","20220706005000","63","0","高雄市","鳥松區","120.390","22.675","25"
"1637","100974","20220706005000","1921","0","高雄市","三民區","120.340","22.645","1424"
"303","100975","20220706005000","263","1","高雄市","鳥松區","120.345","22.655","241"
"468","100977","20220706005000","563","0","高雄市","鳥松區","120.340","22.655","474"
"299","100978","20220706005000","268","1","高雄市","鳥松區","120.340","22.660","316"
"403","100982","20220706005000","441","0","高雄市","鳥松區","120.390","22.660","335"
"450","100983","20220706005000","415","1","高雄市","鳥松區","120.395","22.660","353"
"95","100986","20220706005000","1545","0","高雄市","鳳山區","120.360","22.640","137"
"1145","100987","20220706005000","1304","0","高雄市","鳥松區","120.355","22.645","846"
"182","100988","20220706005000","189","0","高雄市","鳳山區","120.360","22.645","149"
"537","100989","20220706005000","265","3","高雄市","鳥松區","120.365","22.645","410"
"935","100992","20220706005000","941","0","高雄市","鳥松區","120.355","22.650","747"
"468","100995","20220706005000","465","1","高雄市","鳥松區","120.370","22.650","398"
"97","100997","20220706005000","131","0","高雄市","鳥松區","120.355","22.655","85"
"1185","100998","20220706005000","940","2","高雄市","鳥松區","120.360","22.655","920"
"579","101004","20220706005000","588","0","高雄市","鳥松區","120.360","22.660","469"
"595","101009","20220706005000","561","1","高雄市","鳥松區","120.370","22.665","487"
"39","101010","20220706005000","109","0","高雄市","鳥松區","120.340","22.665","33"
"528","101014","20220706005000","440","2","高雄市","鳥松區","120.370","22.670","398"
"353","101017","20220706005000","248","2","高雄市","鳥松區","120.380","22.655","255"
"240","101018","20220706005000","149","3","高雄市","鳥松區","120.385","22.655","204"
"106","101019","20220706005000","89","1","高雄市","鳥松區","120.370","22.660","72"
"282","101021","20220706005000","389","0","高雄市","鳥松區","120.380","22.660","251"
"565","101029","20220706005000","677","0","高雄市","鳳山區","120.355","22.625","573"
"2671","101030","20220706005000","2482","1","高雄市","鳳山區","120.355","22.635","2455"
"25","101034","20220706005000","33","0","高雄市","鳳山區","120.380","22.625","25"
"665","101035","20220706005000","550","2","高雄市","楠梓區","120.325","22.705","565"
"34","101038","20220706005000","35","0","高雄市","仁武區","120.330","22.695","64"
"241","101039","20220706005000","363","0","高雄市","仁武區","120.325","22.700","275"
"671","101043","20220706005000","1506","0","高雄市","前鎮區","120.315","22.605","505"
"2581","101044","20220706005000","2784","0","高雄市","三民區","120.335","22.635","2283"
"192","101045","20220706005000","1337","0","高雄市","三民區","120.345","22.640","138"
"203","101046","20220706005000","1417","0","高雄市","仁武區","120.345","22.675","263"
"534","101047","20220706005000","735","0","高雄市","仁武區","120.350","22.675","568"
"287","101048","20220706005000","845","0","高雄市","仁武區","120.340","22.680","319"
"753","101049","20220706005000","557","2","高雄市","仁武區","120.345","22.680","575"
"1732","101052","20220706005000","1612","1","高雄市","仁武區","120.325","22.685","1277"
"1084","101053","20220706005000","849","2","高雄市","仁武區","120.325","22.690","779"
"662","101055","20220706005000","475","2","高雄市","仁武區","120.325","22.695","563"
"416","101056","20220706005000","208","3","高雄市","仁武區","120.320","22.695","326"
"219","101058","20220706005000","239","0","高雄市","仁武區","120.330","22.700","197"
"263","101059","20220706005000","1161","0","高雄市","鳳山區","120.365","22.635","290"
"980","101061","20220706005000","1228","0","高雄市","苓雅區","120.295","22.615","1046"
"1429","101062","20220706005000","1514","0","高雄市","苓雅區","120.320","22.625","1130"
"2105","101063","20220706005000","1805","1","高雄市","鳳山區","120.375","22.625","1739"
"44","101064","20220706005000","1003","0","高雄市","鳳山區","120.375","22.620","71"
"80","101068","20220706005000","50","3","高雄市","鳳山區","120.365","22.620","58"
"628","101069","20220706005000","490","2","高雄市","鳳山區","120.370","22.620","478"
"1946","101074","20220706005000","2060","0","高雄市","左營區","120.290","22.675","1658"
"44","101076","20220706005000","146","0","高雄市","梓官區","120.250","22.730","57"
"989","101077","20220706005000","815","2","高雄市","梓官區","120.255","22.730","858"
"725","101086","20220706005000","585","2","高雄市","楠梓區","120.275","22.725","499"
"19","101090","20220706005000","740","0","高雄市","楠梓區","120.280","22.725","31"
"540","101092","20220706005000","852","0","高雄市","楠梓區","120.280","22.730","577"
"1451","101094","20220706005000","1274","1","高雄市","楠梓區","120.320","22.725","1174"
"1751","101095","20220706005000","1165","3","高雄市","楠梓區","120.285","22.710","1314"
"359","101096","20220706005000","203","3","高雄市","左營區","120.300","22.695","259"
"1209","101100","20220706005000","1555","0","高雄市","苓雅區","120.315","22.625","1290"
"1276","101101","20220706005000","1322","0","高雄市","鹽埕區","120.280","22.625","956"
"1751","101102","20220706005000","1449","2","高雄市","苓雅區","120.325","22.620","1769"
"519","101103","20220706005000","404","2","高雄市","左營區","120.310","22.670","434"
"1635","101104","20220706005000","1113","2","高雄市","左營區","120.315","22.670","1217"
"1982","101105","20220706005000","1823","1","高雄市","左營區","120.300","22.675","1563"
"414","101106","20220706005000","392","1","高雄市","左營區","120.295","22.680","335"
"2602","101107","20220706005000","2343","1","高雄市","左營區","120.305","22.675","1995"
"501","101109","20220706005000","1040","0","高雄市","鳳山區","120.340","22.610","409"
"1342","101110","20220706005000","1457","0","高雄市","鳳山區","120.335","22.615","1153"
"125","101111","20220706005000","810","0","高雄市","鳳山區","120.340","22.615","198"
"537","101113","20220706005000","2594","0","高雄市","鳳山區","120.340","22.605","574"
"951","101114","20220706005000","822","1","高雄市","鼓山區","120.280","22.655","708"
"2073","101115","20220706005000","1974","1","高雄市","鼓山區","120.280","22.660","1737"
"1426","101116","20220706005000","1294","1","高雄市","鼓山區","120.285","22.650","1057"
"1431","101117","20220706005000","1501","0","高雄市","鼓山區","120.290","22.650","1260"
"1339","101119","20220706005000","1820","0","高雄市","鼓山區","120.290","22.655","1338"
"805","101120","20220706005000","1090","0","高雄市","鼓山區","120.285","22.660","602"
"1300","101121","20220706005000","1951","0","高雄市","鼓山區","120.290","22.660","1058"
"921","101122","20220706005000","667","2","高雄市","鼓山區","120.290","22.665","645"
"847","101123","20220706005000","1525","0","高雄市","鼓山區","120.285","22.665","717"
"1282","101124","20220706005000","1203","1","高雄市","鼓山區","120.280","22.645","1079"
"1053","101125","20220706005000","991","1","高雄市","鼓山區","120.270","22.625","846"
"1777","101126","20220706005000","2326","0","高雄市","鼓山區","120.280","22.630","1386"
"25","101127","20220706005000","79","0","高雄市","鼓山區","120.275","22.625","30"
"33","101128","20220706005000","94","0","高雄市","鼓山區","120.270","22.635","48"
"28","101129","20220706005000","37","0","高雄市","鼓山區","120.275","22.635","16"
"1231","101132","20220706005000","1812","0","高雄市","三民區","120.320","22.640","1306"
"878","101133","20220706005000","1690","0","高雄市","鳥松區","120.340","22.650","870"
"3579","101134","20220706005000","2898","2","高雄市","三民區","120.340","22.640","2766"
"1902","101135","20220706005000","2754","0","高雄市","三民區","120.345","22.645","1517"
"232","101137","20220706005000","367","0","高雄市","梓官區","120.260","22.725","227"
"527","101139","20220706005000","345","3","高雄市","梓官區","120.255","22.725","425"
"33","101449","20220706005000","29","1","臺東縣","卑南鄉","120.990","22.690","36"
"449","101488","20220706005000","322","2","臺東縣","卑南鄉","121.020","22.695","216"
"20","101568","20220706005000","159","0","臺東縣","卑南鄉","121.030","22.700","32"
"23","101743","20220706005000","30","0","臺東縣","臺東市","121.130","22.725","14"
"1346","101748","20220706005000","1516","0","高雄市","苓雅區","120.300","22.615","1171"
"1232","101749","20220706005000","1366","0","高雄市","苓雅區","120.325","22.630","958"
"642","101750","20220706005000","1036","0","高雄市","鳳山區","120.340","22.620","669"
"519","101751","20220706005000","825","0","高雄市","鳳山區","120.370","22.630","415"
"1110","101752","20220706005000","1366","0","高雄市","鳳山區","120.355","22.630","1097"
"450","101753","20220706005000","851","0","高雄市","鳳山區","120.360","22.630","392"
"120","101754","20220706005000","301","0","高雄市","鳳山區","120.330","22.615","95"
"138","101757","20220706005000","1298","0","高雄市","苓雅區","120.325","22.635","163"
"61","101758","20220706005000","197","0","高雄市","仁武區","120.350","22.680","34"
"418","101759","20220706005000","394","1","高雄市","鳥松區","120.355","22.670","379"
"179","101760","20220706005000","1562","0","高雄市","仁武區","120.355","22.675","194"
"13","101761","20220706005000","12","1","高雄市","仁武區","120.340","22.690","13"
"20","101763","20220706005000","12","3","高雄市","仁武區","120.335","22.695","20"
"47","101765","20220706005000","39","2","高雄市","仁武區","120.345","22.695","30"
"159","101766","20220706005000","165","0","高雄市","仁武區","120.340","22.700","180"
"909","101767","20220706005000","777","1","高雄市","仁武區","120.345","22.700","679"
"263","101768","20220706005000","772","0","高雄市","仁武區","120.350","22.700","251"
"21","101777","20220706005000","19","1","高雄市","仁武區","120.375","22.710","18"
"26","101778","20220706005000","78","0","高雄市","仁武區","120.380","22.710","29"
"41","101783","20220706005000","65","0","高雄市","仁武區","120.380","22.715","48"
"31","101785","20220706005000","32","0","高雄市","仁武區","120.390","22.715","30"
"29","101790","20220706005000","32","0","高雄市","仁武區","120.390","22.720","37"
"546","101808","20220706005000","499","1","高雄市","三民區","120.335","22.670","502"
"1007","101809","20220706005000","774","2","高雄市","仁武區","120.335","22.680","757"
"2004","101810","20220706005000","1711","1","高雄市","仁武區","120.335","22.685","1643"
"1315","101815","20220706005000","800","3","高雄市","仁武區","120.330","22.680","968"
"107","101817","20220706005000","1657","0","高雄市","仁武區","120.330","22.690","145"
"202","101818","20220706005000","574","0","高雄市","仁武區","120.335","22.690","218"
"1072","101819","20220706005000","911","1","高雄市","仁武區","120.330","22.675","761"
"234","101820","20220706005000","689","0","高雄市","仁武區","120.335","22.675","189"
"668","101822","20220706005000","749","0","高雄市","前鎮區","120.320","22.605","656"
"640","101823","20220706005000","556","1","高雄市","前鎮區","120.325","22.605","480"
"240","101824","20220706005000","1335","0","高雄市","前鎮區","120.325","22.610","766"
"2825","101825","20220706005000","2869","0","高雄市","前鎮區","120.320","22.610","2668"
"181","101826","20220706005000","207","0","高雄市","左營區","120.290","22.685","192"
"513","101827","20220706005000","384","2","高雄市","左營區","120.275","22.690","448"
"305","101829","20220706005000","113","3","高雄市","左營區","120.285","22.690","215"
"314","101832","20220706005000","285","1","高雄市","左營區","120.285","22.695","245"
"416","101833","20220706005000","455","0","高雄市","左營區","120.290","22.695","340"
"118","101835","20220706005000","294","0","高雄市","左營區","120.285","22.700","79"
"127","101836","20220706005000","106","1","高雄市","左營區","120.280","22.705","82"
"239","101837","20220706005000","266","0","高雄市","楠梓區","120.285","22.705","199"
"1206","101838","20220706005000","2355","0","高雄市","左營區","120.290","22.670","1191"
"1490","101839","20220706005000","1407","1","高雄市","苓雅區","120.335","22.630","1413"
"1206","101840","20220706005000","2099","0","高雄市","三民區","120.340","22.635","1007"
"867","101842","20220706005000","1041","0","高雄市","鳳山區","120.345","22.625","837"
"433","101843","20220706005000","759","0","高雄市","鼓山區","120.275","22.660","428"
"57","101852","20220706005000","375","0","臺東縣","太麻里鄉","121.000","22.600","77"
"31","101859","20220706005000","419","0","臺東縣","太麻里鄉","121.010","22.605","49"
"61","101862","20220706005000","77","0","臺東縣","太麻里鄉","121.045","22.675","47"
"310","101876","20220706005000","282","1","臺東縣","太麻里鄉","121.030","22.685","292"
"15","101884","20220706005000","15","1","臺東縣","太麻里鄉","120.995","22.690","16"
"251","101895","20220706005000","164","3","臺東縣","太麻里鄉","121.050","22.690","189"
"35","101899","20220706005000","96","0","臺東縣","卑南鄉","121.010","22.695","24"
"198","101900","20220706005000","196","1","臺東縣","卑南鄉","121.015","22.695","136"
"57","101930","20220706005000","38","3","臺東縣","太麻里鄉","121.020","22.650","34"
"26","101962","20220706005000","119","0","臺東縣","太麻里鄉","121.030","22.660","25"
"820","101964","20220706005000","801","1","高雄市","苓雅區","120.320","22.635","738"
"496","101965","20220706005000","1211","0","高雄市","三民區","120.315","22.635","471"
"1978","101966","20220706005000","2201","0","高雄市","苓雅區","120.330","22.630","1805"
"192","101967","20220706005000","281","0","高雄市","鳳山區","120.350","22.605","177"
"1892","101970","20220706005000","1994","0","高雄市","鳳山區","120.350","22.600","1897"
"2197","101972","20220706005000","1793","2","高雄市","鳳山區","120.335","22.610","1752"
"2753","101973","20220706005000","1950","2","高雄市","苓雅區","120.330","22.635","2422"
"169","101976","20220706005000","104","3","高雄市","大寮區","120.425","22.600","134"
"35","101977","20220706005000","96","0","高雄市","大寮區","120.430","22.600","33"
"76","101981","20220706005000","346","0","高雄市","前金區","120.290","22.620","76"
"1698","101982","20220706005000","1853","0","高雄市","苓雅區","120.340","22.625","1573"
"1158","101983","20220706005000","684","3","高雄市","苓雅區","120.330","22.620","890"
"2579","101984","20220706005000","2379","1","高雄市","鼓山區","120.280","22.650","2125"
"603","101985","20220706005000","1452","0","高雄市","三民區","120.285","22.640","624"
"997","101988","20220706005000","987","1","高雄市","楠梓區","120.285","22.715","1034"
"1990","101989","20220706005000","2207","0","高雄市","苓雅區","120.305","22.620","2051"
"12","101990","20220706005000","28","0","高雄市","苓雅區","120.320","22.615","10"
"87","101991","20220706005000","1326","0","高雄市","苓雅區","120.320","22.630","104"
"1641","101992","20220706005000","1960","0","高雄市","前金區","120.295","22.620","1709"
"975","101993","20220706005000","783","2","高雄市","苓雅區","120.325","22.625","938"
"1385","101995","20220706005000","1412","0","高雄市","鼓山區","120.275","22.620","1099"
"135","101996","20220706005000","160","0","高雄市","鹽埕區","120.280","22.620","162"
"30","101997","20220706005000","751","0","高雄市","左營區","120.295","22.705","41"
"4026","101998","20220706005000","2808","2","高雄市","左營區","120.310","22.675","3099"
"845","101999","20220706005000","897","0","高雄市","左營區","120.315","22.675","658"
"1155","102000","20220706005000","881","2","高雄市","左營區","120.320","22.675","842"
"90","102001","20220706005000","964","0","高雄市","左營區","120.305","22.685","128"
"671","102002","20220706005000","507","2","高雄市","左營區","120.310","22.680","570"
"2926","102003","20220706005000","2131","2","高雄市","左營區","120.320","22.680","2324"
"57","102005","20220706005000","105","0","高雄市","大寮區","120.395","22.600","79"
"309","102006","20220706005000","333","0","高雄市","大寮區","120.390","22.600","241"
"456","102007","20220706005000","419","1","高雄市","大寮區","120.390","22.605","345"
"1019","102008","20220706005000","870","1","高雄市","大寮區","120.395","22.605","794"
"668","102010","20220706005000","658","1","高雄市","大寮區","120.400","22.610","552"
"15","102011","20220706005000","19","0","高雄市","大寮區","120.405","22.610","16"
"847","102013","20220706005000","700","2","高雄市","大寮區","120.405","22.615","656"
"603","102015","20220706005000","858","0","高雄市","鳳山區","120.355","22.640","564"
"793","102017","20220706005000","749","1","高雄市","鼓山區","120.280","22.635","816"
"1106","102018","20220706005000","1078","1","高雄市","鳳山區","120.370","22.635","1165"
"955","102019","20220706005000","1380","0","高雄市","鼓山區","120.295","22.665","717"
"2740","102020","20220706005000","3747","0","高雄市","鼓山區","120.300","22.665","2782"
"29","102021","20220706005000","76","0","高雄市","鼓山區","120.265","22.625","18"
"214","102022","20220706005000","683","0","高雄市","鼓山區","120.265","22.630","166"
"22","102024","20220706005000","150","0","高雄市","鼓山區","120.260","22.635","26"
"123","102030","20220706005000","154","0","高雄市","鼓山區","120.255","22.645","123"
"23","102031","20220706005000","60","0","高雄市","鼓山區","120.260","22.645","25"
"672","102045","20220706005000","777","0","高雄市","鼓山區","120.275","22.650","583"
"555","102046","20220706005000","459","2","高雄市","苓雅區","120.310","22.620","576"
"2655","102047","20220706005000","2813","0","高雄市","左營區","120.295","22.670","2026"
"29","102048","20220706005000","359","0","高雄市","鼓山區","120.285","22.670","56"
"104","102049","20220706005000","1072","0","高雄市","鼓山區","120.280","22.640","112"
"347","102052","20220706005000","347","1","高雄市","大樹區","120.430","22.675","259"
"386","102078","20220706005000","485","0","高雄市","大樹區","120.410","22.675","326"
"217","102079","20220706005000","239","0","高雄市","大樹區","120.405","22.680","172"
"40","102090","20220706005000","49","0","高雄市","大樹區","120.395","22.690","40"
"985","102093","20220706005000","875","1","高雄市","大樹區","120.430","22.690","805"
"440","102098","20220706005000","388","1","高雄市","大樹區","120.435","22.695","344"
"466","102111","20220706005000","613","0","高雄市","大樹區","120.410","22.660","342"
"998","102113","20220706005000","648","3","高雄市","大樹區","120.410","22.665","777"
"321","102120","20220706005000","271","1","高雄市","大樹區","120.445","22.725","288"
"331","102123","20220706005000","308","1","高雄市","大樹區","120.445","22.730","241"
"145","102126","20220706005000","121","1","高雄市","大樹區","120.445","22.735","113"
"93","102132","20220706005000","129","0","高雄市","大樹區","120.425","22.665","93"
"157","102141","20220706005000","99","3","高雄市","大樹區","120.425","22.675","125"
"1168","102143","20220706005000","1574","0","高雄市","左營區","120.295","22.690","1251"
"812","102144","20220706005000","1006","0","高雄市","鳳山區","120.360","22.620","802"
"1565","102146","20220706005000","1924","0","高雄市","鳳山區","120.355","22.620","1462"
"542","102147","20220706005000","496","1","高雄市","鳳山區","120.335","22.600","408"
"3615","102148","20220706005000","2609","2","高雄市","新興區","120.315","22.630","2797"
"1254","102149","20220706005000","1223","1","高雄市","苓雅區","120.305","22.615","1259"
"1945","102150","20220706005000","1445","2","高雄市","鳳山區","120.345","22.605","1420"
"2629","102151","20220706005000","2327","1","高雄市","前鎮區","120.330","22.605","2366"
"1604","102152","20220706005000","1492","1","高雄市","鳥松區","120.345","22.650","1402"
"2048","102153","20220706005000","2390","0","高雄市","三民區","120.330","22.650","1659"
"669","102154","20220706005000","1414","0","高雄市","三民區","120.330","22.655","530"
"51","102157","20220706005000","399","0","高雄市","仁武區","120.360","22.675","79"
"118","102159","20220706005000","115","1","高雄市","仁武區","120.365","22.680","98"
"522","102160","20220706005000","659","0","高雄市","仁武區","120.360","22.685","482"
"168","102165","20220706005000","133","2","高雄市","仁武區","120.365","22.685","138"
"184","102172","20220706005000","254","0","高雄市","大寮區","120.425","22.605","152"
"72","102173","20220706005000","517","0","高雄市","大寮區","120.430","22.605","107"
"1031","102181","20220706005000","799","2","高雄市","大寮區","120.410","22.615","770"
"30","102185","20220706005000","20","3","高雄市","大寮區","120.430","22.615","28"
"346","102186","20220706005000","264","2","高雄市","大寮區","120.420","22.640","262"
"213","102190","20220706005000","272","0","高雄市","大寮區","120.415","22.640","232"
"523","102200","20220706005000","355","2","高雄市","鼓山區","120.270","22.620","394"
"452","102203","20220706005000","614","0","高雄市","大寮區","120.385","22.640","464"
"402","102206","20220706005000","343","1","高雄市","鳥松區","120.385","22.645","298"
"485","102213","20220706005000","224","3","高雄市","鳥松區","120.390","22.650","304"
"777","102215","20220706005000","687","1","高雄市","鳥松區","120.390","22.655","634"
"14","102216","20220706005000","253","0","高雄市","鳥松區","120.395","22.655","17"
"295","102217","20220706005000","143","3","高雄市","鳥松區","120.400","22.655","235"
"442","102227","20220706005000","502","0","高雄市","鼓山區","120.285","22.655","486"
"1065","102228","20220706005000","1390","0","高雄市","三民區","120.295","22.650","1087"
"2420","102229","20220706005000","1511","3","高雄市","鼓山區","120.295","22.655","1781"
"2041","102230","20220706005000","1925","1","高雄市","鼓山區","120.300","22.655","1676"
"1039","102231","20220706005000","1773","0","高雄市","鼓山區","120.305","22.655","953"
"600","102232","20220706005000","599","1","高雄市","左營區","120.310","22.655","457"
"4103","102233","20220706005000","3821","1","高雄市","鼓山區","120.295","22.660","3601"
"138","102235","20220706005000","559","0","高雄市","楠梓區","120.315","22.715","166"
"977","102236","20220706005000","1243","0","高雄市","楠梓區","120.315","22.720","948"
"315","102237","20220706005000","1862","0","高雄市","楠梓區","120.295","22.710","390"
"2274","102238","20220706005000","2424","0","高雄市","苓雅區","120.315","22.620","1971"
"45","102239","20220706005000","78","0","高雄市","旗津區","120.265","22.615","53"
"584","102241","20220706005000","575","1","高雄市","大寮區","120.410","22.620","463"
"379","102243","20220706005000","306","2","高雄市","大寮區","120.410","22.625","314"
"227","102244","20220706005000","205","1","高雄市","大寮區","120.405","22.630","172"
"131","102246","20220706005000","135","0","高雄市","大樹區","120.425","22.715","114"
"10","102251","20220706005000","32","0","高雄市","大樹區","120.425","22.720","15"
"60","102254","20220706005000","1296","0","高雄市","大樹區","120.405","22.725","53"
"90","102259","20220706005000","63","2","高雄市","大樹區","120.430","22.725","65"
"68","102260","20220706005000","1177","0","高雄市","仁武區","120.400","22.730","120"
"17","102261","20220706005000","275","0","高雄市","大樹區","120.405","22.730","17"
"32","102267","20220706005000","53","0","高雄市","大樹區","120.410","22.735","39"
"578","102273","20220706005000","527","1","高雄市","大樹區","120.415","22.655","485"
"371","102274","20220706005000","362","1","高雄市","大樹區","120.420","22.655","267"
"89","102276","20220706005000","609","0","高雄市","大樹區","120.420","22.660","106"
"123","102278","20220706005000","88","2","高雄市","大樹區","120.410","22.645","87"
"61","102279","20220706005000","47","2","高雄市","大樹區","120.415","22.645","41"
"512","102280","20220706005000","930","0","高雄市","大樹區","120.420","22.645","406"
"382","102282","20220706005000","380","1","高雄市","大樹區","120.425","22.650","306"
"510","102285","20220706005000","474","1","高雄市","大樹區","120.425","22.655","427"
"162","102292","20220706005000","242","0","高雄市","大寮區","120.405","22.605","238"
"39","102296","20220706005000","61","0","高雄市","前鎮區(海)","120.285","22.610","36"
"1193","102302","20220706005000","1067","1","高雄市","大寮區","120.390","22.635","998"
"530","102303","20220706005000","633","0","高雄市","大寮區","120.395","22.635","429"
"93","102304","20220706005000","103","0","高雄市","大寮區","120.400","22.635","80"
"263","102305","20220706005000","125","3","高雄市","大寮區","120.400","22.640","210"
"942","102306","20220706005000","1429","0","高雄市","三民區","120.305","22.645","992"
"1722","102307","20220706005000","1581","1","高雄市","三民區","120.305","22.650","1625"
"1941","102308","20220706005000","1747","1","高雄市","鳳山區","120.345","22.620","1728"
"1566","102309","20220706005000","407","3","高雄市","鳳山區","120.350","22.620","1360"
"413","102310","20220706005000","1529","0","高雄市","鳳山區","120.350","22.625","379"
"128","102311","20220706005000","120","1","高雄市","旗津區","120.275","22.605","99"
"310","102312","20220706005000","184","3","高雄市","旗津區(海)","120.275","22.610","229"
"486","102313","20220706005000","568","0","高雄市","旗津區","120.275","22.600","456"
"459","102314","20220706005000","489","0","高雄市","旗津區","120.270","22.610","415"
"77","102316","20220706005000","60","2","高雄市","大社區","120.365","22.715","75"
"334","102319","20220706005000","370","0","高雄市","大社區","120.350","22.720","288"
"90","102326","20220706005000","77","1","高雄市","大社區","120.340","22.730","57"
"683","102327","20220706005000","1141","0","高雄市","大社區","120.350","22.735","583"
"1390","102328","20220706005000","1823","0","高雄市","大社區","120.345","22.730","1363"
"753","102329","20220706005000","1284","0","高雄市","大社區","120.350","22.730","604"
"589","102330","20220706005000","615","0","高雄市","大社區","120.355","22.730","470"
"59","102333","20220706005000","53","1","高雄市","大社區","120.370","22.730","40"
"45","102335","20220706005000","43","1","高雄市","大社區","120.375","22.730","38"
"206","102340","20220706005000","245","0","高雄市","大社區","120.360","22.720","229"
"1213","102341","20220706005000","1321","0","高雄市","大社區","120.350","22.725","955"
"646","102342","20220706005000","562","1","高雄市","大社區","120.355","22.725","456"
"108","102345","20220706005000","353","0","高雄市","左營區","120.300","22.690","123"
"150","102347","20220706005000","157","0","高雄市","左營區","120.265","22.675","121"
"206","102349","20220706005000","142","2","高雄市","左營區","120.275","22.675","149"
"274","102350","20220706005000","124","3","高雄市","左營區","120.280","22.675","218"
"231","102353","20220706005000","260","0","高雄市","左營區","120.275","22.680","181"
"618","102354","20220706005000","1291","0","高雄市","左營區","120.280","22.680","540"
"399","102356","20220706005000","292","2","高雄市","左營區","120.265","22.680","458"
"148","102357","20220706005000","145","1","高雄市","左營區","120.270","22.680","127"
"367","102358","20220706005000","403","0","高雄市","左營區","120.280","22.685","295"
"185","102360","20220706005000","94","3","高雄市","左營區","120.265","22.685","185"
"364","102361","20220706005000","366","0","高雄市","左營區","120.275","22.685","273"
"39","102364","20220706005000","191","0","高雄市","左營區","120.295","22.685","53"
"2178","102365","20220706005000","2146","1","高雄市","新興區","120.310","22.625","1986"
"992","102366","20220706005000","842","1","高雄市","新興區","120.305","22.625","1021"
"1982","102370","20220706005000","1619","2","高雄市","仁武區","120.325","22.680","1584"
"2935","102371","20220706005000","2631","1","高雄市","左營區","120.305","22.680","2297"
"850","102372","20220706005000","2499","0","高雄市","左營區","120.315","22.680","744"
"945","102373","20220706005000","981","0","高雄市","左營區","120.315","22.685","752"
"748","102374","20220706005000","989","0","高雄市","仁武區","120.330","22.685","617"
"294","102375","20220706005000","554","0","高雄市","左營區","120.310","22.690","253"
"2770","102376","20220706005000","2294","2","高雄市","左營區","120.320","22.685","2087"
"2874","102377","20220706005000","3724","0","高雄市","三民區","120.310","22.645","2758"
"536","102378","20220706005000","976","0","高雄市","三民區","120.310","22.650","493"
"1628","102380","20220706005000","1592","1","高雄市","三民區","120.325","22.640","1460"
"582","102381","20220706005000","765","0","高雄市","三民區","120.295","22.640","647"
"1295","102382","20220706005000","1729","0","高雄市","三民區","120.300","22.650","1364"
"1539","102383","20220706005000","1131","2","高雄市","新興區","120.300","22.635","1197"
"1792","102384","20220706005000","1150","3","高雄市","三民區","120.285","22.635","1353"
"1427","102385","20220706005000","1473","0","高雄市","三民區","120.330","22.645","1078"
"18","102386","20220706005000","35","0","高雄市","楠梓區","120.330","22.725","25"
"55","102387","20220706005000","60","0","高雄市","楠梓區","120.330","22.730","47"
"1702","102388","20220706005000","1691","1","高雄市","楠梓區","120.335","22.730","1371"
"2605","102389","20220706005000","2109","2","高雄市","楠梓區","120.325","22.730","2084"
"1087","102390","20220706005000","1494","0","高雄市","楠梓區","120.285","22.720","1225"
"633","102391","20220706005000","772","0","高雄市","楠梓區","120.290","22.705","549"
"92","102393","20220706005000","39","3","高雄市","楠梓區","120.305","22.700","100"
"123","102408","20220706005000","95","2","高雄市","鼓山區(海)","120.295","22.600","136"
"1358","102417","20220706005000","1917","0","高雄市","三民區","120.300","22.645","1402"
"66","102419","20220706005000","121","0","高雄市","新興區","120.310","22.635","108"
"1956","102420","20220706005000","1616","2","高雄市","三民區","120.300","22.640","1560"
"403","102421","20220706005000","592","0","高雄市","鳳山區","120.345","22.600","454"
"3142","102422","20220706005000","3719","0","高雄市","鳳山區","120.345","22.610","2492"
"353","102423","20220706005000","223","3","高雄市","鳳山區","120.355","22.610","266"
"1678","102424","20220706005000","1553","1","高雄市","鹽埕區","120.285","22.625","1334"
"2112","102425","20220706005000","1260","3","高雄市","鹽埕區","120.285","22.620","1637"
"336","102426","20220706005000","337","0","高雄市","楠梓區","120.305","22.720","304"
"701","102427","20220706005000","840","0","高雄市","楠梓區","120.310","22.720","703"
"1007","102428","20220706005000","732","2","高雄市","楠梓區","120.305","22.725","786"
"1230","102429","20220706005000","864","2","高雄市","楠梓區","120.310","22.725","967"
"513","102430","20220706005000","1234","0","高雄市","楠梓區","120.315","22.725","513"
"916","102431","20220706005000","1421","0","高雄市","楠梓區","120.315","22.730","955"
"345","102432","20220706005000","178","3","高雄市","楠梓區","120.265","22.705","111"
"47","102441","20220706005000","308","0","高雄市","楠梓區","120.280","22.715","53"
"260","102442","20220706005000","1156","0","高雄市","楠梓區","120.280","22.720","293"
"524","102444","20220706005000","425","2","高雄市","楠梓區","120.320","22.715","399"
"530","102445","20220706005000","581","0","高雄市","楠梓區","120.325","22.720","539"
"53","102447","20220706005000","741","0","高雄市","楠梓區","120.320","22.720","64"
"154","102448","20220706005000","178","0","高雄市","旗津區","120.270","22.605","118"
"210","102466","20220706005000","164","2","高雄市","大樹區","120.415","22.705","176"
"46","102478","20220706005000","272","0","高雄市","大樹區","120.440","22.710","58"
"252","102482","20220706005000","378","0","高雄市","大樹區","120.445","22.715","187"
"167","111108","20220706005000","640","0","屏東縣","九如鄉","120.480","22.750","171"
"10","111134","20220706005000","17","0","屏東縣","九如鄉","120.490","22.740","10"
"447","111142","20220706005000","217","3","屏東縣","九如鄉","120.500","22.740","357"
"36","111145","20220706005000","222","0","屏東縣","九如鄉","120.500","22.745","50"
"50","111157","20220706005000","392","0","屏東縣","九如鄉","120.500","22.760","38"
"125","111163","20220706005000","100","2","屏東縣","九如鄉","120.495","22.745","98"
"364","111167","20220706005000","206","3","屏東縣","九如鄉","120.490","22.755","282"
"19","111171","20220706005000","163","0","屏東縣","九如鄉","120.495","22.760","20"
"304","111186","20220706005000","167","3","屏東縣","高樹鄉","120.570","22.795","265"
"43","111215","20220706005000","44","0","屏東縣","鹽埔鄉","120.545","22.760","51"
"53","111217","20220706005000","186","0","屏東縣","鹽埔鄉","120.555","22.760","61"
"332","111238","20220706005000","217","3","屏東縣","鹽埔鄉","120.545","22.745","248"
"455","111270","20220706005000","346","2","屏東縣","鹽埔鄉","120.550","22.735","324"
"24","111271","20220706005000","27","0","屏東縣","鹽埔鄉","120.560","22.735","21"
"56","111273","20220706005000","335","0","屏東縣","鹽埔鄉","120.555","22.740","64"
"423","111282","20220706005000","209","3","屏東縣","鹽埔鄉","120.560","22.740","359"
"283","111309","20220706005000","249","1","屏東縣","鹽埔鄉","120.515","22.740","308"
"58","111315","20220706005000","241","0","屏東縣","鹽埔鄉","120.580","22.740","62"
"65","111337","20220706005000","423","0","屏東縣","鹽埔鄉","120.580","22.755","65"
"351","111360","20220706005000","915","0","屏東縣","鹽埔鄉","120.575","22.755","370"
"119","111374","20220706005000","112","1","屏東縣","里港鄉","120.480","22.770","88"
"512","111380","20220706005000","384","2","屏東縣","里港鄉","120.480","22.775","442"
"117","111398","20220706005000","114","1","屏東縣","里港鄉","120.490","22.820","108"
"36","111418","20220706005000","248","0","屏東縣","里港鄉","120.490","22.775","43"
"856","111419","20220706005000","820","1","屏東縣","里港鄉","120.495","22.775","879"
"140","111451","20220706005000","148","0","屏東縣","里港鄉","120.535","22.775","140"
"46","111459","20220706005000","480","0","屏東縣","里港鄉","120.520","22.785","54"
"258","111491","20220706005000","194","2","屏東縣","里港鄉","120.500","22.780","215"
"130","111507","20220706005000","326","0","屏東縣","高樹鄉","120.615","22.815","144"
"29","111605","20220706005000","58","0","屏東縣","三地門鄉","120.700","22.790","17"
"29","111824","20220706005000","41","0","屏東縣","三地門鄉","120.700","22.765","18"
"159","111907","20220706005000","120","2","屏東縣","三地門鄉","120.635","22.745","134"
"11","112026","20220706005000","83","0","屏東縣","霧台鄉","120.740","22.740","21"
"392","112600","20220706005000","214","3","屏東縣","里港鄉","120.505","22.810","289"
"294","112635","20220706005000","230","2","屏東縣","里港鄉","120.490","22.805","200"
"398","112659","20220706005000","327","2","屏東縣","里港鄉","120.505","22.815","334"
"21","112669","20220706005000","102","0","屏東縣","里港鄉","120.505","22.820","24"
"228","112687","20220706005000","174","2","屏東縣","里港鄉","120.535","22.825","178"
"166","112714","20220706005000","114","2","屏東縣","里港鄉","120.485","22.765","125"
"1069","112719","20220706005000","980","1","屏東縣","里港鄉","120.495","22.780","1070"
"24","112920","20220706005000","51","0","屏東縣","霧台鄉","120.725","22.740","23"
"152","112942","20220706005000","157","0","屏東縣","高樹鄉","120.595","22.775","170"
"17","112982","20220706005000","17","1","屏東縣","高樹鄉","120.615","22.760","12"
"176","112999","20220706005000","126","2","屏東縣","高樹鄉","120.635","22.770","135"
"34","113004","20220706005000","23","2","屏東縣","高樹鄉","120.630","22.740","20"
"218","113006","20220706005000","195","1","屏東縣","高樹鄉","120.620","22.740","184"
"45","113023","20220706005000","37","2","屏東縣","高樹鄉","120.625","22.830","44"
"350","113048","20220706005000","345","1","屏東縣","高樹鄉","120.560","22.785","346"
"36","113075","20220706005000","124","0","屏東縣","高樹鄉","120.590","22.825","33"
"328","113097","20220706005000","259","2","屏東縣","高樹鄉","120.610","22.785","260"
"15","113099","20220706005000","209","0","屏東縣","高樹鄉","120.620","22.785","14"
"42","113103","20220706005000","37","1","屏東縣","高樹鄉","120.610","22.790","30"
"92","113129","20220706005000","56","3","屏東縣","高樹鄉","120.595","22.810","69"
"62","113131","20220706005000","49","2","屏東縣","高樹鄉","120.595","22.815","52"
"1174","113133","20220706005000","1092","1","屏東縣","高樹鄉","120.600","22.825","1085"
"1649","113137","20220706005000","2375","0","臺東縣","臺東市","121.155","22.750","1633"
"96","113138","20220706005000","503","0","臺東縣","臺東市","121.135","22.760","143"
"44","113139","20220706005000","34","2","臺東縣","臺東市","121.160","22.760","21"
"1649","113141","20220706005000","1392","1","臺東縣","臺東市","121.155","22.755","1662"
"841","113159","20220706005000","566","2","高雄市","永安區","120.225","22.820","678"
"626","113177","20220706005000","372","3","高雄市","永安區","120.250","22.810","478"
"32","113178","20220706005000","350","0","高雄市","岡山區","120.255","22.810","27"
"86","113182","20220706005000","75","1","高雄市","永安區","120.250","22.815","89"
"180","113185","20220706005000","165","1","高雄市","永安區","120.240","22.815","125"
"29","113196","20220706005000","35","0","高雄市","永安區","120.205","22.840","36"
"456","113206","20220706005000","649","0","臺東縣","臺東市","121.130","22.765","469"
"669","113207","20220706005000","1297","0","臺東縣","臺東市","121.120","22.770","753"
"53","113208","20220706005000","498","0","臺東縣","臺東市","121.125","22.770","74"
"570","113213","20220706005000","546","1","臺東縣","臺東市","121.125","22.780","529"
"1331","113214","20220706005000","1497","0","臺東縣","臺東市","121.120","22.785","1361"
"19","113215","20220706005000","306","0","臺東縣","臺東市","121.125","22.785","22"
"301","113216","20220706005000","167","3","臺東縣","臺東市","121.130","22.770","189"
"1046","113217","20220706005000","846","2","臺東縣","臺東市","121.135","22.770","1088"
"106","113218","20220706005000","105","1","臺東縣","臺東市","121.125","22.775","79"
"305","113219","20220706005000","511","0","臺東縣","臺東市","121.130","22.775","344"
"751","113236","20220706005000","864","0","臺東縣","臺東市","121.115","22.785","755"
"443","113239","20220706005000","240","3","臺東縣","臺東市","121.110","22.790","290"
"56","113251","20220706005000","34","3","臺東縣","臺東市","121.155","22.760","43"
"164","113258","20220706005000","94","3","臺東縣","臺東市","121.175","22.780","113"
"136","113260","20220706005000","69","3","臺東縣","臺東市","121.185","22.790","91"
"11","113262","20220706005000","69","0","臺東縣","臺東市","121.195","22.790","11"
"464","113263","20220706005000","516","0","臺東縣","臺東市","121.190","22.795","415"
"104","113266","20220706005000","67","3","臺東縣","臺東市","121.195","22.800","64"
"44","113269","20220706005000","42","1","臺東縣","臺東市","121.190","22.810","41"
"89","113273","20220706005000","99","0","臺東縣","臺東市","121.195","22.815","93"
"133","113295","20220706005000","205","0","臺東縣","臺東市","121.175","22.785","134"
"171","113299","20220706005000","144","1","臺東縣","臺東市","121.175","22.790","129"
"167","113310","20220706005000","124","2","臺東縣","臺東市","121.150","22.765","104"
"619","113311","20220706005000","747","0","臺東縣","臺東市","121.155","22.765","617"
"172","113314","20220706005000","1144","0","高雄市","岡山區","120.285","22.780","242"
"44","113315","20220706005000","43","1","高雄市","岡山區","120.290","22.780","34"
"101","113317","20220706005000","86","1","高雄市","岡山區","120.290","22.785","75"
"656","113318","20220706005000","872","0","高雄市","岡山區","120.280","22.800","512"
"62","113327","20220706005000","254","0","臺東縣","臺東市","121.065","22.740","66"
"293","113345","20220706005000","274","1","臺東縣","臺東市","121.055","22.760","232"
"211","113347","20220706005000","252","0","臺東縣","臺東市","121.060","22.760","136"
"127","113353","20220706005000","619","0","臺東縣","臺東市","121.140","22.765","139"
"1211","113354","20220706005000","1838","0","臺東縣","臺東市","121.145","22.765","1195"
"491","113355","20220706005000","475","1","臺東縣","臺東市","121.140","22.770","322"
"1179","113356","20220706005000","1404","0","臺東縣","臺東市","121.145","22.770","1208"
"740","113364","20220706005000","978","0","臺東縣","臺東市","121.145","22.745","696"
"1068","113366","20220706005000","1571","0","臺東縣","臺東市","121.140","22.750","907"
"303","113367","20220706005000","390","0","臺東縣","臺東市","121.145","22.750","290"
"251","113369","20220706005000","654","0","臺東縣","臺東市","121.145","22.755","256"
"11","113373","20220706005000","77","0","臺東縣","臺東市","121.165","22.755","11"
"297","113378","20220706005000","224","2","臺東縣","臺東市","121.125","22.790","242"
"491","113380","20220706005000","509","0","臺東縣","臺東市","121.130","22.790","431"
"748","113381","20220706005000","1134","0","臺東縣","臺東市","121.125","22.795","723"
"193","113386","20220706005000","220","0","臺東縣","臺東市","121.125","22.805","213"
"150","113389","20220706005000","73","3","臺東縣","臺東市","121.120","22.810","96"
"983","113416","20220706005000","1121","0","臺東縣","臺東市","121.105","22.750","973"
"238","113423","20220706005000","197","2","臺東縣","臺東市","121.105","22.755","245"
"228","113425","20220706005000","305","0","臺東縣","臺東市","121.075","22.760","185"
"163","113434","20220706005000","499","0","臺東縣","臺東市","121.060","22.735","62"
"49","113448","20220706005000","74","0","屏東縣","里港鄉","120.530","22.830","65"
"97","113450","20220706005000","64","3","高雄市","美濃區","120.540","22.830","73"
"269","113466","20220706005000","226","1","高雄市","美濃區","120.530","22.840","201"
"38","113487","20220706005000","34","1","高雄市","大樹區","120.445","22.740","34"
"67","113496","20220706005000","61","1","高雄市","大樹區","120.445","22.745","47"
"517","113505","20220706005000","743","0","高雄市","大樹區","120.445","22.750","435"
"62","113506","20220706005000","40","3","高雄市","大樹區","120.450","22.750","43"
"80","113513","20220706005000","73","1","高雄市","岡山區","120.270","22.775","57"
"77","113514","20220706005000","330","0","高雄市","楠梓區","120.280","22.735","86"
"360","113564","20220706005000","162","3","臺東縣","卑南鄉","121.075","22.775","256"
"479","113740","20220706005000","422","1","臺東縣","卑南鄉","121.080","22.775","309"
"337","113741","20220706005000","324","1","臺東縣","卑南鄉","121.085","22.775","293"
"576","113742","20220706005000","462","2","臺東縣","卑南鄉","121.090","22.775","408"
"405","113750","20220706005000","266","3","臺東縣","卑南鄉","121.080","22.785","342"
"61","113762","20220706005000","150","0","臺東縣","卑南鄉","121.095","22.790","60"
"253","113792","20220706005000","307","0","臺東縣","卑南鄉","121.100","22.825","240"
"156","113799","20220706005000","101","3","臺東縣","卑南鄉","121.090","22.830","120"
"41","113840","20220706005000","232","0","臺東縣","卑南鄉","121.105","22.795","31"
"372","113843","20220706005000","488","0","臺東縣","卑南鄉","121.090","22.800","395"
"159","113882","20220706005000","132","2","臺東縣","卑南鄉","121.090","22.820","113"
"27","113896","20220706005000","24","1","高雄市","路竹區","120.270","22.840","41"
"420","113902","20220706005000","301","2","高雄市","橋頭區","120.290","22.745","334"
"125","113905","20220706005000","112","1","高雄市","橋頭區","120.295","22.755","55"
"169","113906","20220706005000","439","0","高雄市","楠梓區","120.325","22.755","167"
"100","113911","20220706005000","95","1","高雄市","橋頭區","120.320","22.765","85"
"785","113923","20220706005000","629","2","高雄市","橋頭區","120.305","22.770","592"
"355","113933","20220706005000","298","1","高雄市","橋頭區","120.290","22.760","298"
"396","113934","20220706005000","384","1","高雄市","岡山區","120.280","22.765","363"
"28","113947","20220706005000","33","0","高雄市","路竹區","120.275","22.840","21"
"48","113948","20220706005000","51","0","高雄市","路竹區","120.280","22.840","63"
"275","113950","20220706005000","209","2","高雄市","路竹區","120.275","22.820","220"
"174","113959","20220706005000","153","1","高雄市","路竹區","120.275","22.825","126"
"205","113962","20220706005000","168","2","高雄市","路竹區","120.265","22.830","180"
"24","113965","20220706005000","12","3","高雄市","路竹區","120.265","22.840","22"
"474","113969","20220706005000","542","0","高雄市","路竹區","120.240","22.835","528"
"770","113971","20220706005000","592","2","高雄市","路竹區","120.250","22.835","644"
"359","113978","20220706005000","293","2","高雄市","路竹區","120.245","22.845","286"
"175","113982","20220706005000","169","1","高雄市","路竹區","120.260","22.840","153"
"269","113984","20220706005000","249","1","高雄市","彌陀區","120.245","22.785","234"
"405","113985","20220706005000","264","3","高雄市","彌陀區","120.245","22.790","327"
"61","113992","20220706005000","53","1","高雄市","橋頭區","120.300","22.765","50"
"17","113994","20220706005000","758","0","高雄市","橋頭區","120.320","22.735","48"
"276","113997","20220706005000","307","0","高雄市","橋頭區","120.315","22.745","288"
"326","114001","20220706005000","634","0","高雄市","橋頭區","120.315","22.760","315"
"205","114004","20220706005000","299","0","高雄市","橋頭區","120.310","22.760","217"
"1365","114006","20220706005000","1656","0","高雄市","橋頭區","120.310","22.765","1353"
"10","114044","20220706005000","11","0","高雄市","旗山區","120.465","22.830","10"
"408","114050","20220706005000","401","1","高雄市","橋頭區","120.300","22.740","329"
"896","114055","20220706005000","515","3","高雄市","橋頭區","120.295","22.735","766"
"433","114057","20220706005000","546","0","高雄市","橋頭區","120.295","22.740","353"
"68","114059","20220706005000","664","0","高雄市","橋頭區","120.290","22.765","77"
"350","114062","20220706005000","279","2","高雄市","橋頭區","120.270","22.735","292"
"37","114068","20220706005000","430","0","高雄市","橋頭區","120.280","22.745","55"
"390","114075","20220706005000","328","1","高雄市","永安區","120.240","22.820","408"
"107","114077","20220706005000","70","3","高雄市","永安區","120.250","22.820","69"
"72","114094","20220706005000","92","0","高雄市","永安區","120.210","22.810","68"
"44","114108","20220706005000","52","0","高雄市","永安區","120.205","22.825","34"
"10","114112","20220706005000","82","0","高雄市","路竹區","120.260","22.835","10"
"1291","114116","20220706005000","1775","0","臺東縣","臺東市","121.150","22.755","1260"
"2470","114117","20220706005000","1945","2","臺東縣","臺東市","121.145","22.760","2069"
"737","114118","20220706005000","798","0","臺東縣","臺東市","121.150","22.760","709"
"292","114125","20220706005000","390","0","臺東縣","臺東市","121.115","22.750","345"
"1489","114128","20220706005000","1378","1","臺東縣","臺東市","121.135","22.755","1498"
"889","114129","20220706005000","960","0","臺東縣","臺東市","121.140","22.760","928"
"257","114130","20220706005000","1356","0","臺東縣","臺東市","121.150","22.750","276"
"374","114135","20220706005000","289","2","臺東縣","臺東市","121.100","22.740","276"
"251","114143","20220706005000","630","0","高雄市","燕巢區","120.360","22.765","208"
"763","114144","20220706005000","778","0","高雄市","燕巢區","120.365","22.765","658"
"439","114154","20220706005000","683","0","高雄市","燕巢區","120.360","22.770","373"
"696","114155","20220706005000","563","2","高雄市","岡山區","120.315","22.775","537"
"360","114160","20220706005000","310","1","高雄市","燕巢區","120.340","22.775","271"
"139","114174","20220706005000","117","1","高雄市","燕巢區","120.360","22.775","110"
"91","114194","20220706005000","66","2","高雄市","燕巢區","120.400","22.810","71"
"238","114204","20220706005000","257","0","高雄市","燕巢區","120.340","22.755","208"
"135","114206","20220706005000","204","0","高雄市","燕巢區","120.350","22.755","120"
"535","114207","20220706005000","442","2","高雄市","燕巢區","120.355","22.755","415"
"47","114210","20220706005000","129","0","高雄市","燕巢區","120.335","22.760","59"
"155","114212","20220706005000","210","0","高雄市","燕巢區","120.345","22.760","131"
"25","114214","20220706005000","71","0","高雄市","燕巢區","120.355","22.760","36"
"28","114226","20220706005000","20","2","高雄市","田寮區","120.420","22.820","22"
"13","114268","20220706005000","12","1","高雄市","岡山區","120.270","22.795","11"
"1071","114271","20220706005000","1071","1","高雄市","岡山區","120.285","22.795","968"
"677","114274","20220706005000","572","1","高雄市","岡山區","120.280","22.780","529"
"609","114276","20220706005000","562","1","高雄市","梓官區","120.265","22.750","472"
"716","114278","20220706005000","593","2","高雄市","梓官區","120.260","22.745","549"
"453","114279","20220706005000","179","3","高雄市","梓官區","120.265","22.745","339"
"104","114284","20220706005000","82","2","高雄市","梓官區","120.265","22.765","68"
"974","114288","20220706005000","756","2","高雄市","梓官區","120.265","22.760","720"
"1613","114295","20220706005000","1172","2","高雄市","梓官區","120.270","22.760","1301"
"423","114297","20220706005000","337","2","高雄市","梓官區","120.245","22.740","333"
"129","114302","20220706005000","102","2","高雄市","梓官區","120.245","22.750","108"
"402","114304","20220706005000","370","1","高雄市","梓官區","120.250","22.735","341"
"802","114307","20220706005000","1009","0","高雄市","橋頭區","120.310","22.750","619"
"86","114308","20220706005000","59","2","高雄市","橋頭區","120.315","22.755","91"
"1008","114309","20220706005000","1428","0","高雄市","橋頭區","120.310","22.755","820"
"564","114311","20220706005000","460","2","高雄市","橋頭區","120.305","22.735","445"
"359","114315","20220706005000","315","1","高雄市","橋頭區","120.305","22.740","272"
"641","114318","20220706005000","628","1","高雄市","橋頭區","120.310","22.745","535"
"452","114322","20220706005000","444","1","高雄市","橋頭區","120.300","22.755","340"
"234","114329","20220706005000","124","3","高雄市","旗山區","120.445","22.775","182"
"62","114344","20220706005000","47","2","高雄市","旗山區","120.440","22.785","52"
"11","114349","20220706005000","21","0","高雄市","旗山區","120.430","22.790","11"
"19","114358","20220706005000","22","0","高雄市","旗山區","120.435","22.795","12"
"106","114363","20220706005000","161","0","高雄市","旗山區","120.460","22.795","130"
"57","114393","20220706005000","31","3","高雄市","旗山區","120.455","22.815","46"
"101","114395","20220706005000","80","2","高雄市","旗山區","120.465","22.815","82"
"540","114407","20220706005000","776","0","高雄市","旗山區","120.465","22.840","545"
"101","114408","20220706005000","84","2","高雄市","旗山區","120.450","22.845","80"
"29","114416","20220706005000","560","0","高雄市","梓官區","120.270","22.765","45"
"81","114421","20220706005000","1096","0","高雄市","梓官區","120.260","22.740","80"
"348","114422","20220706005000","327","1","高雄市","橋頭區","120.265","22.740","267"
"23","114424","20220706005000","314","0","臺東縣","卑南鄉","121.160","22.790","24"
"93","114462","20220706005000","63","2","臺東縣","卑南鄉","121.150","22.820","53"
"101","114473","20220706005000","106","0","臺東縣","卑南鄉","121.150","22.830","108"
"111","114575","20220706005000","92","2","臺東縣","卑南鄉","121.055","22.745","97"
"225","114700","20220706005000","311","0","臺東縣","臺東市","121.045","22.760","213"
"162","114840","20220706005000","123","2","臺東縣","卑南鄉","121.070","22.795","138"
"392","114846","20220706005000","359","1","臺東縣","卑南鄉","121.065","22.800","308"
"502","114971","20220706005000","694","0","臺東縣","臺東市","121.125","22.740","501"
"18","114972","20220706005000","554","0","臺東縣","臺東市","121.130","22.740","31"
"1302","114977","20220706005000","1122","1","臺東縣","臺東市","121.135","22.740","1010"
"775","114979","20220706005000","970","0","臺東縣","臺東市","121.120","22.735","746"
"17","114990","20220706005000","12","2","高雄市","岡山區","120.345","22.820","12"
"762","115004","20220706005000","1423","0","高雄市","岡山區","120.285","22.790","1110"
"20","115005","20220706005000","21","0","高雄市","岡山區","120.290","22.790","13"
"351","115006","20220706005000","283","2","高雄市","岡山區","120.295","22.785","301"
"10","115293","20220706005000","13","0","高雄市","田寮區","120.370","22.825","10"
"224","115298","20220706005000","232","0","高雄市","田寮區","120.360","22.830","227"
"110","115300","20220706005000","131","0","高雄市","田寮區","120.370","22.830","107"
"149","115304","20220706005000","102","2","高雄市","田寮區","120.355","22.835","108"
"40","115311","20220706005000","52","0","高雄市","田寮區","120.395","22.835","41"
"133","115312","20220706005000","116","1","高雄市","田寮區","120.345","22.840","126"
"39","115319","20220706005000","49","0","高雄市","田寮區","120.345","22.845","33"
"59","115329","20220706005000","62","0","高雄市","旗山區","120.435","22.830","70"
"97","115367","20220706005000","932","0","高雄市","燕巢區","120.355","22.790","144"
"356","115368","20220706005000","256","2","高雄市","燕巢區","120.360","22.790","257"
"146","115374","20220706005000","149","0","高雄市","燕巢區","120.325","22.785","122"
"186","115375","20220706005000","210","0","高雄市","燕巢區","120.330","22.785","217"
"352","115377","20220706005000","313","1","高雄市","燕巢區","120.340","22.785","287"
"116","115380","20220706005000","106","1","高雄市","燕巢區","120.355","22.785","97"
"344","115382","20220706005000","278","2","高雄市","燕巢區","120.340","22.790","275"
"293","115384","20220706005000","237","2","高雄市","燕巢區","120.350","22.790","225"
"25","115394","20220706005000","24","1","高雄市","燕巢區","120.355","22.810","15"
"26","115398","20220706005000","27","0","高雄市","燕巢區","120.375","22.810","26"
"79","115401","20220706005000","90","0","高雄市","燕巢區","120.390","22.810","71"
"68","115402","20220706005000","57","1","高雄市","燕巢區","120.355","22.815","46"
"24","115404","20220706005000","25","0","高雄市","燕巢區","120.365","22.815","23"
"295","115429","20220706005000","275","1","高雄市","燕巢區","120.365","22.790","239"
"476","115436","20220706005000","454","1","高雄市","燕巢區","120.365","22.795","360"
"167","115437","20220706005000","162","1","高雄市","燕巢區","120.370","22.795","151"
"48","115438","20220706005000","43","1","高雄市","燕巢區","120.375","22.795","35"
"211","115447","20220706005000","639","0","高雄市","燕巢區","120.375","22.760","232"
"223","115450","20220706005000","512","0","高雄市","燕巢區","120.375","22.765","245"
"27","115453","20220706005000","40","0","高雄市","燕巢區","120.390","22.765","28"
"17","115458","20220706005000","99","0","高雄市","燕巢區","120.385","22.770","22"
"60","115463","20220706005000","54","1","高雄市","燕巢區","120.410","22.770","44"
"319","115472","20220706005000","286","1","高雄市","燕巢區","120.385","22.775","214"
"145","115473","20220706005000","179","0","高雄市","燕巢區","120.390","22.775","113"
"17","115475","20220706005000","62","0","高雄市","燕巢區","120.400","22.775","10"
"163","115482","20220706005000","121","2","高雄市","燕巢區","120.385","22.780","129"
"110","115486","20220706005000","140","0","高雄市","燕巢區","120.405","22.780","102"
"131","115500","20220706005000","129","1","高雄市","燕巢區","120.420","22.780","117"
"92","115501","20220706005000","68","2","高雄市","燕巢區","120.425","22.780","79"
"14","115507","20220706005000","30","0","高雄市","燕巢區","120.410","22.785","18"
"15","115513","20220706005000","100","0","高雄市","燕巢區","120.405","22.790","12"
"36","115519","20220706005000","94","0","高雄市","燕巢區","120.410","22.795","22"
"114","115523","20220706005000","94","2","高雄市","岡山區","120.315","22.785","101"
"205","115524","20220706005000","221","0","高雄市","燕巢區","120.320","22.785","183"
"23","115528","20220706005000","113","0","高雄市","燕巢區","120.330","22.790","26"
"41","115531","20220706005000","479","0","高雄市","燕巢區","120.325","22.795","63"
"252","115537","20220706005000","406","0","高雄市","燕巢區","120.335","22.800","186"
"919","115543","20220706005000","895","1","高雄市","燕巢區","120.355","22.795","737"
"208","115544","20220706005000","181","1","高雄市","燕巢區","120.360","22.795","157"
"229","115546","20220706005000","254","0","高雄市","燕巢區","120.355","22.800","173"
"969","115555","20220706005000","2181","0","高雄市","楠梓區","120.325","22.735","244"
"1162","115556","20220706005000","743","3","高雄市","楠梓區","120.330","22.735","1152"
"1180","115557","20220706005000","1706","0","高雄市","楠梓區","120.335","22.735","988"
"944","115559","20220706005000","1014","0","高雄市","楠梓區","120.330","22.740","823"
"1153","115560","20220706005000","1236","0","高雄市","楠梓區","120.335","22.740","950"
"66","115562","20220706005000","624","0","高雄市","楠梓區","120.330","22.745","119"
"31","115563","20220706005000","450","0","高雄市","橋頭區","120.325","22.750","57"
"836","115564","20220706005000","804","1","高雄市","楠梓區","120.330","22.750","709"
"105","115565","20220706005000","62","3","高雄市","岡山區","120.305","22.780","141"
"209","115567","20220706005000","181","1","高雄市","岡山區","120.315","22.825","152"
"260","115568","20220706005000","261","0","高雄市","岡山區","120.325","22.825","286"
"87","115576","20220706005000","224","0","高雄市","岡山區","120.315","22.815","79"
"116","115577","20220706005000","118","0","高雄市","岡山區","120.320","22.815","126"
"17","115580","20220706005000","75","0","高雄市","岡山區","120.325","22.820","17"
"87","115598","20220706005000","1112","0","高雄市","岡山區","120.295","22.795","133"
"274","115599","20220706005000","257","1","高雄市","岡山區","120.290","22.800","200"
"676","115600","20220706005000","668","1","高雄市","岡山區","120.295","22.800","572"
"40","115607","20220706005000","34","1","高雄市","彌陀區","120.230","22.800","25"
"10","115611","20220706005000","12","0","臺東縣","臺東市","121.105","22.765","10"
"541","115616","20220706005000","611","0","臺東縣","臺東市","121.105","22.770","460"
"498","115617","20220706005000","418","1","臺東縣","臺東市","121.110","22.770","390"
"66","115618","20220706005000","678","0","臺東縣","臺東市","121.115","22.770","65"
"44","115620","20220706005000","57","0","高雄市","大樹區","120.440","22.755","33"
"130","115631","20220706005000","46","3","高雄市","大樹區","120.420","22.765","90"
"16","115636","20220706005000","36","0","高雄市","大樹區","120.445","22.765","11"
"244","115644","20220706005000","207","1","高雄市","大樹區","120.450","22.770","196"
"42","115647","20220706005000","35","2","高雄市","旗山區","120.430","22.775","29"
"347","115648","20220706005000","252","2","高雄市","岡山區","120.300","22.815","270"
"1244","115657","20220706005000","913","2","高雄市","岡山區","120.300","22.820","931"
"423","115660","20220706005000","446","0","高雄市","岡山區","120.315","22.820","434"
"52","115663","20220706005000","32","3","高雄市","岡山區","120.295","22.830","43"
"291","115664","20220706005000","232","2","高雄市","岡山區","120.290","22.795","210"
"929","115665","20220706005000","863","1","高雄市","岡山區","120.285","22.800","719"
"12","115669","20220706005000","214","0","高雄市","燕巢區","120.325","22.800","27"
"13","115670","20220706005000","34","0","高雄市","岡山區","120.310","22.805","16"
"29","115676","20220706005000","74","0","高雄市","岡山區","120.320","22.810","27"
"121","115684","20220706005000","169","0","高雄市","岡山區","120.305","22.775","92"
"32","115686","20220706005000","48","0","高雄市","岡山區","120.310","22.775","24"
"22","115687","20220706005000","380","0","高雄市","岡山區","120.300","22.780","37"
"37","115690","20220706005000","930","0","高雄市","岡山區","120.300","22.785","53"
"48","115691","20220706005000","468","0","高雄市","岡山區","120.290","22.805","49"
"147","115692","20220706005000","239","0","高雄市","岡山區","120.295","22.805","104"
"86","115694","20220706005000","669","0","高雄市","岡山區","120.295","22.790","102"
"197","115706","20220706005000","150","2","高雄市","彌陀區","120.240","22.755","132"
"129","115708","20220706005000","125","1","高雄市","梓官區","120.250","22.755","116"
"151","115709","20220706005000","99","3","高雄市","彌陀區","120.235","22.760","131"
"142","115713","20220706005000","125","1","高雄市","彌陀區","120.240","22.765","117"
"407","115714","20220706005000","515","0","高雄市","彌陀區","120.250","22.780","324"
"580","115717","20220706005000","678","0","臺東縣","臺東市","121.140","22.740","576"
"452","115718","20220706005000","295","3","臺東縣","臺東市","121.130","22.745","337"
"1627","115719","20220706005000","2186","0","臺東縣","臺東市","121.135","22.745","1594"
"66","115720","20220706005000","730","0","臺東縣","臺東市","121.140","22.745","89"
"388","115721","20220706005000","429","0","臺東縣","臺東市","121.130","22.750","428"
"938","115722","20220706005000","717","2","臺東縣","臺東市","121.135","22.750","654"
"298","115724","20220706005000","341","0","臺東縣","臺東市","121.120","22.750","328"
"263","115727","20220706005000","288","0","臺東縣","臺東市","121.130","22.755","282"
"205","115728","20220706005000","361","0","臺東縣","臺東市","121.120","22.760","180"
"97","115732","20220706005000","79","2","臺東縣","臺東市","121.090","22.760","71"
"271","115739","20220706005000","310","0","臺東縣","臺東市","121.095","22.765","271"
"414","115745","20220706005000","543","0","臺東縣","臺東市","121.095","22.770","424"
"176","115749","20220706005000","166","1","高雄市","阿蓮區","120.335","22.835","115"
"1413","115782","20220706005000","863","3","高雄市","岡山區","120.300","22.795","1065"
"1174","115783","20220706005000","1145","1","高雄市","岡山區","120.305","22.795","921"
"18","115784","20220706005000","28","0","高雄市","岡山區","120.310","22.795","17"
"511","115787","20220706005000","412","2","高雄市","岡山區","120.270","22.780","420"
"99","115788","20220706005000","371","0","高雄市","岡山區","120.270","22.785","80"
"343","115791","20220706005000","928","0","高雄市","岡山區","120.285","22.785","251"
"515","115793","20220706005000","515","1","高雄市","彌陀區","120.250","22.785","416"
"871","115795","20220706005000","938","0","高雄市","彌陀區","120.235","22.795","874"
"127","115804","20220706005000","142","0","高雄市","彌陀區","120.245","22.775","103"
"84","115805","20220706005000","69","2","高雄市","彌陀區","120.245","22.765","62"
"210","115808","20220706005000","183","1","高雄市","彌陀區","120.245","22.770","162"
"17","115810","20220706005000","168","0","高雄市","彌陀區","120.255","22.770","34"
"1298","115819","20220706005000","1117","1","高雄市","岡山區","120.305","22.785","1222"
"565","115820","20220706005000","1369","0","高雄市","岡山區","120.300","22.790","485"
"959","115821","20220706005000","914","1","高雄市","岡山區","120.305","22.790","752"
"576","115833","20220706005000","262","3","高雄市","岡山區","120.265","22.815","491"
"237","115834","20220706005000","210","1","高雄市","岡山區","120.270","22.815","180"
"149","115836","20220706005000","145","1","高雄市","岡山區","120.255","22.820","132"
"114","115841","20220706005000","111","1","高雄市","岡山區","120.265","22.820","96"
"130","115844","20220706005000","98","2","高雄市","岡山區","120.300","22.830","120"
"475","115849","20220706005000","583","0","高雄市","阿蓮區","120.305","22.835","539"
"40","115851","20220706005000","135","0","高雄市","岡山區","120.280","22.810","46"
"275","115852","20220706005000","175","3","高雄市","岡山區","120.285","22.810","213"
"414","115855","20220706005000","357","1","高雄市","岡山區","120.285","22.815","317"
"30","115856","20220706005000","284","0","高雄市","岡山區","120.290","22.815","48"
"459","115872","20220706005000","352","2","高雄市","彌陀區","120.250","22.775","386"
"16","115876","20220706005000","28","0","高雄市","大社區","120.345","22.735","17"
"21","115878","20220706005000","253","0","高雄市","大社區","120.360","22.740","25"
"50","115879","20220706005000","86","0","高雄市","大社區","120.365","22.740","67"
"229","115883","20220706005000","280","0","高雄市","大社區","120.345","22.740","151"
"891","115886","20220706005000","975","0","高雄市","楠梓區","120.335","22.745","873"
"600","115889","20220706005000","685","0","高雄市","大社區","120.350","22.745","475"
"235","115892","20220706005000","497","0","高雄市","燕巢區","120.340","22.750","188"
"43","115895","20220706005000","43","1","高雄市","大社區","120.355","22.750","38"
"107","115897","20220706005000","156","0","高雄市","大社區","120.365","22.750","117"
"80","115907","20220706005000","151","0","高雄市","大社區","120.375","22.745","81"
"50","115911","20220706005000","57","0","高雄市","大社區","120.395","22.745","37"
"13","115922","20220706005000","34","0","高雄市","大社區","120.405","22.750","13"
"93","115927","20220706005000","61","3","高雄市","大社區","120.390","22.755","77"
"177","115941","20220706005000","146","2","高雄市","大社區","120.370","22.735","181"
"244","115943","20220706005000","382","0","高雄市","大社區","120.380","22.735","276"
"593","115946","20220706005000","545","1","高雄市","岡山區","120.275","22.775","546"
"830","115949","20220706005000","585","2","高雄市","岡山區","120.310","22.790","578"
"1090","115953","20220706005000","1044","1","高雄市","岡山區","120.300","22.800","824"
"60","115954","20220706005000","579","0","高雄市","岡山區","120.305","22.800","97"
"10","115963","20220706005000","17","0","高雄市","旗山區","120.425","22.805","10"
"105","115966","20220706005000","79","2","高雄市","旗山區","120.425","22.815","103"
"13","115972","20220706005000","12","1","高雄市","旗山區","120.435","22.825","13"
"89","124145","20220706005000","410","0","屏東縣","高樹鄉","120.610","22.850","85"
"78","124161","20220706005000","206","0","屏東縣","高樹鄉","120.630","22.865","89"
"83","124176","20220706005000","52","3","屏東縣","高樹鄉","120.640","22.880","67"
"27","124193","20220706005000","36","0","臺南市","仁德區","120.245","22.935","29"
"55","124195","20220706005000","65","0","臺南市","仁德區","120.240","22.940","51"
"513","124197","20220706005000","670","0","臺南市","仁德區","120.250","22.940","513"
"32","124211","20220706005000","31","1","臺南市","關廟區","120.330","22.910","31"
"223","124220","20220706005000","268","0","臺南市","關廟區","120.345","22.915","223"
"54","124243","20220706005000","88","0","高雄市","茄萣區","120.205","22.855","46"
"303","124253","20220706005000","366","0","臺南市","仁德區","120.215","22.910","262"
"335","124255","20220706005000","278","2","高雄市","湖內區","120.225","22.905","258"
"197","124262","20220706005000","489","0","臺南市","南區","120.185","22.920","191"
"41","124268","20220706005000","253","0","臺南市","歸仁區","120.280","22.915","38"
"199","124271","20220706005000","251","0","臺南市","歸仁區","120.270","22.920","246"
"365","124275","20220706005000","244","2","臺南市","歸仁區","120.285","22.920","366"
"221","124278","20220706005000","119","3","臺南市","歸仁區","120.280","22.925","203"
"70","124281","20220706005000","115","0","臺南市","歸仁區","120.270","22.930","72"
"14","124291","20220706005000","117","0","臺南市","南區","120.175","22.940","16"
"213","124293","20220706005000","277","0","臺南市","仁德區","120.245","22.925","218"
"23","124295","20220706005000","22","1","臺南市","仁德區","120.240","22.930","16"
"772","124314","20220706005000","1536","0","臺南市","仁德區","120.260","22.945","741"
"179","124322","20220706005000","546","0","臺南市","歸仁區","120.270","22.905","200"
"568","124323","20220706005000","587","0","臺南市","仁德區","120.255","22.910","639"
"432","124338","20220706005000","430","1","臺南市","仁德區","120.250","22.910","434"
"81","124352","20220706005000","89","0","臺南市","關廟區","120.325","22.950","85"
"256","124363","20220706005000","152","3","臺南市","關廟區","120.335","22.930","205"
"378","124371","20220706005000","241","3","臺南市","關廟區","120.335","22.940","277"
"1227","124386","20220706005000","1070","1","臺南市","仁德區","120.255","22.950","1009"
"13","124397","20220706005000","10","2","臺南市","仁德區","120.230","22.935","13"
"15","124404","20220706005000","68","0","臺南市","仁德區","120.230","22.940","11"
"159","124408","20220706005000","252","0","臺南市","仁德區","120.230","22.945","190"
"295","124415","20220706005000","321","0","臺南市","仁德區","120.260","22.950","222"
"135","124431","20220706005000","153","0","臺南市","歸仁區","120.295","22.925","103"
"266","124453","20220706005000","152","3","臺南市","歸仁區","120.300","22.940","202"
"880","124469","20220706005000","633","2","臺南市","南區","120.180","22.930","608"
"54","124472","20220706005000","149","0","臺南市","南區","120.180","22.935","70"
"184","124474","20220706005000","167","1","臺南市","南區","120.190","22.935","235"
"459","124477","20220706005000","1227","0","臺南市","南區","120.180","22.925","475"
"52","124491","20220706005000","376","0","臺南市","歸仁區","120.275","22.910","54"
"87","124494","20220706005000","182","0","臺南市","歸仁區","120.285","22.910","92"
"180","124504","20220706005000","570","0","臺南市","歸仁區","120.275","22.915","171"
"572","124526","20220706005000","688","0","臺南市","歸仁區","120.275","22.950","606"
"147","124527","20220706005000","170","0","臺南市","歸仁區","120.280","22.950","140"
"33","124538","20220706005000","49","0","臺南市","仁德區","120.220","22.920","34"
"145","124546","20220706005000","173","0","臺南市","南區","120.215","22.950","143"
"10","124548","20220706005000","46","0","臺南市","仁德區","120.220","22.945","13"
"131","124549","20220706005000","171","0","臺南市","仁德區","120.220","22.950","139"
"41","124550","20220706005000","613","0","高雄市","湖內區","120.230","22.915","55"
"452","124551","20220706005000","524","0","臺南市","仁德區","120.235","22.915","340"
"324","124552","20220706005000","778","0","臺南市","仁德區","120.225","22.920","199"
"71","124553","20220706005000","642","0","臺南市","仁德區","120.230","22.920","58"
"52","124555","20220706005000","612","0","臺南市","仁德區","120.240","22.920","47"
"160","124557","20220706005000","229","0","臺南市","仁德區","120.250","22.920","200"
"250","124559","20220706005000","468","0","臺南市","仁德區","120.225","22.925","283"
"85","124563","20220706005000","541","0","臺南市","仁德區","120.230","22.930","56"
"558","124565","20220706005000","431","2","臺南市","仁德區","120.220","22.915","404"
"1062","124569","20220706005000","1042","1","臺南市","仁德區","120.215","22.915","802"
"790","124585","20220706005000","605","2","臺南市","南區","120.180","22.945","653"
"311","124591","20220706005000","311","1","臺南市","南區","120.185","22.950","298"
"17","124593","20220706005000","16","1","臺南市","南區","120.195","22.950","17"
"43","124601","20220706005000","37","1","高雄市","茂林區","120.685","22.905","35"
"1308","124642","20220706005000","1457","0","高雄市","茄萣區","120.185","22.895","1254"
"14","124648","20220706005000","14","1","高雄市","內門區","120.450","22.920","12"
"259","124661","20220706005000","330","0","高雄市","美濃區","120.525","22.850","245"
"83","124668","20220706005000","103","0","高雄市","美濃區","120.535","22.850","80"
"282","124671","20220706005000","367","0","高雄市","美濃區","120.550","22.850","222"
"240","124678","20220706005000","360","0","高雄市","美濃區","120.535","22.860","262"
"144","124706","20220706005000","150","0","高雄市","美濃區","120.580","22.920","153"
"16","124745","20220706005000","14","1","高雄市","美濃區","120.585","22.940","11"
"725","124774","20220706005000","865","0","高雄市","美濃區","120.545","22.900","724"
"256","124778","20220706005000","160","3","高雄市","美濃區","120.555","22.905","174"
"213","124780","20220706005000","255","0","高雄市","美濃區","120.545","22.910","218"
"295","124803","20220706005000","193","3","高雄市","美濃區","120.535","22.865","202"
"443","124809","20220706005000","328","2","高雄市","美濃區","120.535","22.875","314"
"205","124812","20220706005000","198","1","高雄市","美濃區","120.535","22.880","185"
"257","124818","20220706005000","190","2","高雄市","美濃區","120.555","22.885","199"
"228","124831","20220706005000","316","0","高雄市","內門區","120.460","22.925","211"
"32","124869","20220706005000","80","0","高雄市","內門區","120.470","22.910","32"
"16","124870","20220706005000","30","0","高雄市","內門區","120.475","22.910","16"
"237","124897","20220706005000","179","2","高雄市","內門區","120.465","22.930","149"
"176","124903","20220706005000","246","0","高雄市","內門區","120.465","22.940","191"
"320","124908","20220706005000","191","3","高雄市","內門區","120.460","22.920","223"
"21","124962","20220706005000","16","2","臺南市","龍崎區","120.380","22.950","27"
"17","124976","20220706005000","20","0","臺南市","龍崎區","120.395","22.930","18"
"64","124995","20220706005000","56","1","臺南市","龍崎區","120.365","22.915","43"
"43","125006","20220706005000","60","0","臺南市","龍崎區","120.350","22.930","36"
"417","125045","20220706005000","431","0","臺南市","龍崎區","120.425","22.940","482"
"14","125061","20220706005000","12","1","臺南市","龍崎區","120.420","22.945","14"
"53","125099","20220706005000","206","0","臺東縣","卑南鄉","121.090","22.865","47"
"11","125131","20220706005000","58","0","臺東縣","卑南鄉","121.135","22.860","11"
"291","125138","20220706005000","262","1","臺東縣","卑南鄉","121.125","22.870","230"
"89","125172","20220706005000","60","2","臺東縣","卑南鄉","121.190","22.850","57"
"220","125177","20220706005000","255","0","高雄市","湖內區","120.235","22.900","218"
"104","125178","20220706005000","128","0","臺南市","仁德區","120.235","22.905","79"
"416","125179","20220706005000","342","2","高雄市","湖內區","120.230","22.910","354"
"567","125186","20220706005000","469","2","高雄市","路竹區","120.275","22.870","455"
"73","125192","20220706005000","85","0","高雄市","路竹區","120.265","22.885","98"
"473","125206","20220706005000","431","1","高雄市","路竹區","120.270","22.870","383"
"483","125207","20220706005000","468","1","高雄市","路竹區","120.255","22.875","386"
"184","125215","20220706005000","146","2","高雄市","茄萣區","120.180","22.910","142"
"417","125229","20220706005000","393","1","高雄市","路竹區","120.290","22.865","416"
"229","125232","20220706005000","255","0","高雄市","路竹區","120.245","22.860","185"
"1279","125234","20220706005000","1024","2","高雄市","路竹區","120.255","22.860","1034"
"68","125242","20220706005000","67","1","高雄市","路竹區","120.250","22.855","58"
"42","125244","20220706005000","47","0","高雄市","路竹區","120.260","22.865","59"
"425","125249","20220706005000","483","0","高雄市","路竹區","120.235","22.860","368"
"561","125257","20220706005000","636","0","高雄市","路竹區","120.260","22.860","489"
"63","125258","20220706005000","65","0","高雄市","路竹區","120.255","22.865","56"
"484","125263","20220706005000","444","1","高雄市","路竹區","120.225","22.855","373"
"166","125284","20220706005000","88","3","高雄市","旗山區","120.515","22.855","144"
"178","125285","20220706005000","143","2","高雄市","旗山區","120.490","22.860","180"
"23","125295","20220706005000","74","0","高雄市","旗山區","120.490","22.880","26"
"365","125296","20220706005000","168","3","高雄市","旗山區","120.495","22.880","298"
"526","125297","20220706005000","446","1","高雄市","旗山區","120.500","22.880","400"
"867","125340","20220706005000","1226","0","高雄市","旗山區","120.480","22.895","691"
"156","125343","20220706005000","144","1","高雄市","旗山區","120.480","22.900","208"
"73","125346","20220706005000","537","0","高雄市","旗山區","120.475","22.905","83"
"20","125349","20220706005000","392","0","高雄市","旗山區","120.485","22.905","32"
"87","125360","20220706005000","505","0","高雄市","湖內區","120.250","22.880","105"
"719","125361","20220706005000","811","0","高雄市","湖內區","120.245","22.885","617"
"69","125366","20220706005000","291","0","高雄市","湖內區","120.240","22.890","84"
"542","125367","20220706005000","456","1","高雄市","湖內區","120.245","22.890","447"
"46","125374","20220706005000","55","0","高雄市","旗山區","120.445","22.885","50"
"36","125393","20220706005000","53","0","高雄市","內門區","120.420","22.910","35"
"16","125438","20220706005000","14","1","高雄市","茂林區","120.650","22.880","18"
"12","125444","20220706005000","11","1","高雄市","六龜區","120.650","22.890","10"
"63","125487","20220706005000","85","0","高雄市","六龜區","120.620","22.890","51"
"106","125491","20220706005000","107","0","高雄市","六龜區","120.625","22.895","123"
"105","125506","20220706005000","102","1","高雄市","六龜區","120.635","22.910","112"
"15","125528","20220706005000","11","2","高雄市","六龜區","120.615","22.880","16"
"63","125543","20220706005000","73","0","高雄市","六龜區","120.625","22.885","60"
"100","125591","20220706005000","82","2","高雄市","六龜區","120.645","22.925","77"
"891","125608","20220706005000","788","1","高雄市","路竹區","120.265","22.865","723"
"128","125613","20220706005000","128","1","高雄市","路竹區","120.265","22.850","92"
"102","125614","20220706005000","104","0","高雄市","路竹區","120.260","22.855","137"
"309","125624","20220706005000","259","1","高雄市","路竹區","120.290","22.875","303"
"49","125626","20220706005000","52","0","高雄市","路竹區","120.295","22.875","48"
"51","125629","20220706005000","90","0","高雄市","路竹區","120.285","22.880","26"
"209","125646","20220706005000","199","1","臺南市","關廟區","120.345","22.905","195"
"338","125659","20220706005000","298","1","高雄市","阿蓮區","120.290","22.895","245"
"208","125660","20220706005000","193","1","高雄市","阿蓮區","120.295","22.895","155"
"184","125667","20220706005000","593","0","臺南市","歸仁區","120.280","22.905","172"
"19","125673","20220706005000","12","3","高雄市","阿蓮區","120.330","22.875","18"
"164","125675","20220706005000","125","2","高雄市","湖內區","120.195","22.910","118"
"272","125676","20220706005000","116","3","高雄市","湖內區","120.200","22.910","209"
"16","125737","20220706005000","219","0","高雄市","田寮區","120.370","22.865","22"
"62","125772","20220706005000","65","0","高雄市","田寮區","120.400","22.890","41"
"22","125779","20220706005000","41","0","高雄市","田寮區","120.400","22.895","20"
"31","125825","20220706005000","22","2","臺東縣","東河鄉","121.270","22.930","16"
"39","125838","20220706005000","25","3","臺東縣","東河鄉","121.275","22.940","38"
"119","125849","20220706005000","97","2","臺東縣","鹿野鄉","121.150","22.930","86"
"706","125884","20220706005000","1137","0","高雄市","旗山區","120.480","22.880","544"
"451","125896","20220706005000","539","0","高雄市","美濃區","120.540","22.900","438"
"35","125917","20220706005000","34","1","高雄市","美濃區","120.535","22.900","35"
"204","125941","20220706005000","170","2","高雄市","美濃區","120.565","22.865","156"
"18","125950","20220706005000","19","0","高雄市","美濃區","120.570","22.870","18"
"44","125951","20220706005000","33","2","高雄市","美濃區","120.575","22.870","42"
"75","125952","20220706005000","69","1","高雄市","美濃區","120.580","22.870","54"
"328","125955","20220706005000","307","1","高雄市","美濃區","120.565","22.875","254"
"96","125966","20220706005000","81","1","高雄市","美濃區","120.545","22.880","81"
"57","125970","20220706005000","86","0","高雄市","美濃區","120.535","22.885","71"
"305","125981","20220706005000","306","0","高雄市","美濃區","120.515","22.875","368"
"138","125989","20220706005000","130","1","高雄市","旗山區","120.505","22.890","103"
"319","125997","20220706005000","283","1","高雄市","美濃區","120.520","22.895","231"
"196","126001","20220706005000","199","0","高雄市","美濃區","120.520","22.900","199"
"369","126010","20220706005000","418","0","高雄市","美濃區","120.560","22.915","377"
"187","126024","20220706005000","136","2","高雄市","美濃區","120.580","22.925","133"
"287","126043","20220706005000","246","1","高雄市","美濃區","120.550","22.865","237"
"278","126059","20220706005000","278","1","高雄市","美濃區","120.575","22.880","280"
"113","126076","20220706005000","97","1","高雄市","美濃區","120.570","22.895","81"
"540","126092","20220706005000","784","0","高雄市","旗山區","120.480","22.885","470"
"276","126096","20220706005000","607","0","高雄市","路竹區","120.265","22.870","223"
"570","126107","20220706005000","690","0","高雄市","路竹區","120.270","22.865","482"
"357","126119","20220706005000","240","2","高雄市","旗山區","120.490","22.920","288"
"303","126120","20220706005000","381","0","高雄市","旗山區","120.495","22.920","314"
"469","126140","20220706005000","276","3","高雄市","路竹區","120.280","22.850","378"
"38","126141","20220706005000","303","0","高雄市","路竹區","120.270","22.855","59"
"1456","126142","20220706005000","1243","1","高雄市","路竹區","120.265","22.860","1189"
"18","126160","20220706005000","24","0","臺東縣","卑南鄉","121.105","22.850","14"
"604","126178","20220706005000","536","1","臺東縣","卑南鄉","121.105","22.860","503"
"121","126183","20220706005000","60","3","臺東縣","卑南鄉","121.100","22.865","81"
"93","126219","20220706005000","405","0","高雄市","茄萣區","120.185","22.890","109"
"315","126227","20220706005000","307","1","高雄市","湖內區","120.235","22.895","329"
"164","126228","20220706005000","131","2","高雄市","湖內區","120.220","22.900","115"
"101","126236","20220706005000","68","2","高雄市","湖內區","120.225","22.880","87"
"438","126244","20220706005000","544","0","高雄市","湖內區","120.225","22.895","467"
"598","126247","20220706005000","444","2","高雄市","湖內區","120.240","22.870","435"
"236","126249","20220706005000","171","2","高雄市","湖內區","120.235","22.875","171"
"364","126256","20220706005000","281","2","高雄市","湖內區","120.240","22.885","260"
"694","126258","20220706005000","745","0","高雄市","湖內區","120.250","22.875","639"
"188","126273","20220706005000","164","1","高雄市","美濃區","120.545","22.895","152"
"201","126301","20220706005000","265","0","臺東縣","鹿野鄉","121.085","22.900","202"
"260","126303","20220706005000","243","1","臺東縣","延平鄉","121.075","22.905","220"
"47","126423","20220706005000","37","2","臺東縣","延平鄉","121.100","22.910","33"
"118","127499","20220706005000","153","0","臺東縣","延平鄉","121.150","22.900","104"
"40","127566","20220706005000","13","3","臺東縣","鹿野鄉","121.120","22.920","18"
"24","127569","20220706005000","192","0","臺東縣","鹿野鄉","121.120","22.925","30"
"23","127570","20220706005000","15","3","臺東縣","鹿野鄉","121.125","22.925","15"
"335","127581","20220706005000","162","3","臺東縣","鹿野鄉","121.120","22.930","229"
"176","127584","20220706005000","105","3","臺東縣","鹿野鄉","121.135","22.930","102"
"67","127600","20220706005000","45","2","臺東縣","鹿野鄉","121.135","22.945","55"
"84","127605","20220706005000","91","0","高雄市","田寮區","120.395","22.850","70"
"58","127613","20220706005000","50","1","高雄市","田寮區","120.380","22.875","65"
"281","127617","20220706005000","265","1","高雄市","田寮區","120.385","22.880","289"
"46","127622","20220706005000","44","1","高雄市","田寮區","120.390","22.885","49"
"31","127652","20220706005000","51","0","高雄市","田寮區","120.360","22.880","49"
"80","127664","20220706005000","61","2","高雄市","田寮區","120.370","22.890","76"
"26","127666","20220706005000","57","0","高雄市","田寮區","120.360","22.895","37"
"25","127698","20220706005000","47","0","高雄市","田寮區","120.425","22.885","29"
"414","127704","20220706005000","368","1","高雄市","茄萣區","120.180","22.900","306"
"106","127705","20220706005000","475","0","高雄市","茄萣區","120.185","22.900","103"
"191","127717","20220706005000","125","3","臺東縣","鹿野鄉","121.100","22.895","130"
"105","127724","20220706005000","45","3","臺東縣","鹿野鄉","121.135","22.895","80"
"16","127727","20220706005000","17","0","臺東縣","鹿野鄉","121.100","22.900","13"
"206","127733","20220706005000","199","1","臺東縣","鹿野鄉","121.135","22.910","161"
"126","127737","20220706005000","95","2","臺東縣","鹿野鄉","121.135","22.920","74"
"15","127748","20220706005000","128","0","臺東縣","鹿野鄉","121.130","22.900","14"
"246","127754","20220706005000","232","1","臺東縣","鹿野鄉","121.120","22.905","218"
"1223","127765","20220706005000","1460","0","臺南市","仁德區","120.220","22.910","1286"
"214","127770","20220706005000","221","0","高雄市","湖內區","120.215","22.905","212"
"67","127835","20220706005000","49","2","臺東縣","東河鄉","121.235","22.940","52"
"153","127852","20220706005000","160","0","臺東縣","東河鄉","121.250","22.895","130"
"103","127889","20220706005000","87","1","臺東縣","東河鄉","121.255","22.915","90"
"21","127890","20220706005000","12","3","臺東縣","東河鄉","121.260","22.915","14"
"22","127912","20220706005000","180","0","臺東縣","東河鄉","121.265","22.925","24"
"227","127933","20220706005000","159","2","臺東縣","東河鄉","121.190","22.860","166"
"57","127935","20220706005000","50","1","臺東縣","東河鄉","121.200","22.860","34"
"544","127958","20220706005000","788","0","臺東縣","東河鄉","121.225","22.870","582"
"151","127984","20220706005000","16","3","臺東縣","東河鄉","121.225","22.880","104"
"152","127998","20220706005000","88","3","臺東縣","東河鄉","121.235","22.880","111"
"36","128028","20220706005000","57","0","臺東縣","東河鄉","121.245","22.890","40"
"31","128038","20220706005000","51","0","臺東縣","東河鄉","121.235","22.895","34"
"126","128060","20220706005000","199","0","高雄市","阿蓮區","120.345","22.860","145"
"75","128066","20220706005000","508","0","高雄市","阿蓮區","120.320","22.850","86"
"123","128071","20220706005000","113","1","高雄市","阿蓮區","120.320","22.855","94"
"283","128073","20220706005000","211","2","高雄市","阿蓮區","120.330","22.855","218"
"1334","128075","20220706005000","976","2","高雄市","阿蓮區","120.325","22.875","1068"
"1585","128076","20220706005000","1147","2","高雄市","阿蓮區","120.325","22.880","1173"
"15","128078","20220706005000","192","0","高雄市","路竹區","120.305","22.860","24"
"236","128090","20220706005000","207","1","高雄市","阿蓮區","120.310","22.870","208"
"194","128091","20220706005000","152","2","高雄市","阿蓮區","120.315","22.870","141"
"89","128097","20220706005000","83","1","高雄市","阿蓮區","120.315","22.880","57"
"52","128418","20220706005000","55","0","高雄市","茂林區","120.715","22.910","49"
"54","128722","20220706005000","64","0","高雄市","茂林區","120.665","22.885","72"
"39","128723","20220706005000","33","1","高雄市","茂林區","120.670","22.885","41"
"23","128748","20220706005000","270","0","高雄市","旗山區","120.480","22.890","31"
"30","128751","20220706005000","23","2","高雄市","旗山區","120.475","22.850","25"
"343","128754","20220706005000","284","2","高雄市","路竹區","120.300","22.880","275"
"165","128758","20220706005000","130","2","高雄市","阿蓮區","120.305","22.890","123"
"26","128759","20220706005000","269","0","高雄市","阿蓮區","120.310","22.890","269"
"292","128764","20220706005000","235","2","高雄市","阿蓮區","120.330","22.880","237"
"959","128765","20220706005000","768","2","高雄市","阿蓮區","120.335","22.880","709"
"221","128766","20220706005000","201","1","高雄市","阿蓮區","120.340","22.880","154"
"284","128769","20220706005000","236","2","高雄市","阿蓮區","120.330","22.885","220"
"312","128776","20220706005000","245","2","高雄市","阿蓮區","120.320","22.890","227"
"118","128782","20220706005000","107","1","高雄市","阿蓮區","120.335","22.870","81"
"418","128789","20220706005000","325","2","高雄市","田寮區","120.355","22.870","325"
"479","128797","20220706005000","510","0","高雄市","茄萣區","120.185","22.905","473"
"344","128798","20220706005000","240","2","高雄市","茄萣區","120.190","22.905","277"
"106","128803","20220706005000","75","2","高雄市","茄萣區","120.195","22.855","51"
"59","128807","20220706005000","69","0","高雄市","茄萣區","120.195","22.860","52"
"271","128823","20220706005000","276","0","高雄市","茄萣區","120.190","22.870","279"
"343","128824","20220706005000","376","0","高雄市","茄萣區","120.195","22.870","346"
"182","128825","20220706005000","201","0","高雄市","茄萣區","120.200","22.870","125"
"27","128829","20220706005000","17","3","高雄市","茄萣區","120.190","22.875","17"
"531","128830","20220706005000","397","2","高雄市","茄萣區","120.195","22.875","390"
"188","128833","20220706005000","147","2","高雄市","茄萣區","120.210","22.875","131"
"173","128847","20220706005000","207","0","高雄市","茄萣區","120.190","22.910","189"
"500","128850","20220706005000","589","0","高雄市","茄萣區","120.185","22.910","411"
"207","128866","20220706005000","191","1","高雄市","旗山區","120.475","22.870","187"
"109","128884","20220706005000","120","0","高雄市","旗山區","120.455","22.880","85"
"86","128886","20220706005000","222","0","高雄市","旗山區","120.465","22.880","72"
"13","128887","20220706005000","14","0","高雄市","旗山區","120.470","22.880","12"
"648","128898","20220706005000","666","0","高雄市","旗山區","120.470","22.855","653"
"392","128911","20220706005000","341","1","高雄市","旗山區","120.500","22.925","309"
"216","128916","20220706005000","203","1","高雄市","旗山區","120.500","22.930","212"
"127","128946","20220706005000","151","0","高雄市","杉林區","120.525","22.930","137"
"653","134975","20220706005000","376","3","臺南市","安南區","120.210","23.035","449"
"757","134976","20220706005000","570","2","臺南市","安南區","120.210","23.040","614"
"1330","134977","20220706005000","1266","1","臺南市","安南區","120.215","23.040","1093"
"817","134978","20220706005000","867","0","臺南市","安南區","120.215","23.030","852"
"334","134979","20220706005000","361","0","臺南市","安南區","120.215","23.035","368"
"585","134985","20220706005000","496","1","臺南市","安南區","120.195","23.025","479"
"266","134991","20220706005000","335","0","臺南市","關廟區","120.300","22.995","271"
"17","134995","20220706005000","11","3","臺南市","關廟區","120.320","22.995","14"
"252","134999","20220706005000","190","2","臺南市","關廟區","120.305","23.000","252"
"100","135010","20220706005000","93","1","臺南市","關廟區","120.320","23.005","100"
"332","135015","20220706005000","184","3","臺南市","關廟區","120.305","23.010","273"
"678","135022","20220706005000","832","0","臺南市","關廟區","120.325","22.965","661"
"31","135028","20220706005000","195","0","臺南市","關廟區","120.360","22.965","23"
"305","135056","20220706005000","265","1","臺南市","關廟區","120.330","22.965","264"
"21","135059","20220706005000","257","0","臺南市","關廟區","120.325","22.975","24"
"1491","135061","20220706005000","2133","0","臺南市","中西區","120.210","22.985","1501"
"226","135062","20220706005000","1861","0","臺南市","永康區","120.235","23.005","341"
"1614","135063","20220706005000","1563","1","臺南市","東區","120.230","22.980","1228"
"304","135064","20220706005000","225","2","臺南市","安南區","120.125","23.040","168"
"243","135074","20220706005000","225","1","臺南市","南區","120.175","22.965","180"
"1698","135079","20220706005000","1655","1","臺南市","南區","120.185","22.970","1393"
"469","135080","20220706005000","454","1","臺南市","南區","120.175","22.975","414"
"232","135081","20220706005000","286","0","臺南市","南區","120.180","22.975","246"
"1076","135083","20220706005000","886","2","臺南市","南區","120.185","22.980","844"
"1598","135084","20220706005000","1091","2","臺南市","北區","120.210","23.020","1439"
"1071","135085","20220706005000","1458","0","臺南市","南區","120.200","22.980","1112"
"15","135086","20220706005000","93","0","臺南市","南區","120.205","22.970","25"
"322","135087","20220706005000","263","2","臺南市","南區","120.195","22.970","244"
"807","135088","20220706005000","1154","0","臺南市","南區","120.190","22.960","793"
"11","135461","20220706005000","18","0","臺東縣","海端鄉","121.130","23.000","11"
"197","135797","20220706005000","135","2","臺東縣","關山鎮","121.145","23.020","152"
"1658","135951","20220706005000","1873","0","臺南市","永康區","120.230","23.010","1579"
"3397","135952","20220706005000","3832","0","臺南市","永康區","120.225","23.020","2930"
"858","135953","20220706005000","792","1","臺南市","永康區","120.220","23.025","656"
"253","135954","20220706005000","344","0","臺南市","永康區","120.225","23.025","250"
"1253","135956","20220706005000","1435","0","臺南市","永康區","120.235","23.025","1128"
"288","135957","20220706005000","275","1","臺南市","永康區","120.225","23.030","289"
"190","135958","20220706005000","148","2","臺南市","永康區","120.230","23.030","127"
"37","135959","20220706005000","996","0","臺南市","永康區","120.255","22.995","44"
"569","135960","20220706005000","890","0","臺南市","永康區","120.255","23.000","569"
"125","135961","20220706005000","1006","0","臺南市","永康區","120.260","23.000","176"
"505","135963","20220706005000","445","1","臺南市","永康區","120.260","23.005","425"
"1857","135966","20220706005000","1429","2","臺南市","安南區","120.205","23.030","1454"
"894","135967","20220706005000","751","1","臺南市","安南區","120.210","23.030","626"
"313","135969","20220706005000","348","0","臺南市","安南區","120.220","23.040","302"
"1666","135971","20220706005000","1874","0","臺南市","中西區","120.190","23.005","1701"
"207","135972","20220706005000","671","0","臺南市","永康區","120.250","23.005","157"
"502","135976","20220706005000","364","2","臺南市","歸仁區","120.300","22.965","574"
"521","135980","20220706005000","509","1","臺南市","南區","120.195","22.980","580"
"1403","135981","20220706005000","1182","1","臺南市","南區","120.190","22.970","1130"
"549","135982","20220706005000","1308","0","臺南市","中西區","120.190","23.000","595"
"2052","135983","20220706005000","1149","3","臺南市","中西區","120.195","23.000","1545"
"2830","135984","20220706005000","2406","1","臺南市","中西區","120.175","23.005","2474"
"350","135985","20220706005000","294","1","臺南市","中西區","120.180","23.000","317"
"453","135986","20220706005000","462","0","臺南市","安南區","120.165","23.005","457"
"479","135989","20220706005000","1080","0","臺南市","永康區","120.255","23.035","506"
"989","135990","20220706005000","1091","0","臺南市","永康區","120.260","23.030","952"
"1915","135991","20220706005000","2122","0","臺南市","永康區","120.260","23.035","1993"
"498","135992","20220706005000","348","2","臺南市","永康區","120.255","23.040","399"
"2457","135993","20220706005000","2760","0","臺南市","永康區","120.230","23.015","2370"
"748","135994","20220706005000","1176","0","臺南市","永康區","120.230","23.020","750"
"720","135995","20220706005000","502","2","臺南市","安南區","120.205","23.035","523"
"995","135997","20220706005000","931","1","臺南市","永康區","120.220","23.020","760"
"766","135998","20220706005000","701","1","臺南市","北區","120.195","23.010","830"
"1970","136000","20220706005000","2230","0","臺南市","北區","120.195","23.015","1892"
"782","136001","20220706005000","911","0","臺南市","北區","120.200","23.015","867"
"419","136002","20220706005000","443","0","臺南市","北區","120.195","23.005","449"
"1465","136005","20220706005000","1242","1","臺南市","南區","120.190","22.985","1228"
"60","136006","20220706005000","203","0","臺南市","南區","120.210","22.975","85"
"652","136008","20220706005000","492","2","臺南市","北區","120.185","23.010","514"
"826","136009","20220706005000","820","1","臺南市","北區","120.190","23.010","558"
"189","136012","20220706005000","985","0","臺南市","永康區","120.270","23.010","228"
"1142","136013","20220706005000","1270","0","臺南市","中西區","120.195","22.990","1165"
"1031","136014","20220706005000","830","2","臺南市","仁德區","120.255","22.975","787"
"63","136018","20220706005000","95","0","臺南市","仁德區","120.255","22.980","54"
"872","136020","20220706005000","477","3","臺南市","北區","120.200","23.010","625"
"1363","136021","20220706005000","873","3","臺南市","北區","120.200","23.020","1426"
"1468","136022","20220706005000","1178","2","臺南市","北區","120.205","23.015","477"
"2300","136023","20220706005000","1346","3","臺南市","北區","120.210","23.015","2051"
"273","136025","20220706005000","218","2","臺南市","北區","120.205","23.020","251"
"418","136030","20220706005000","341","2","臺南市","永康區","120.275","23.030","339"
"2186","136034","20220706005000","1420","3","臺南市","永康區","120.235","23.020","1739"
"172","136035","20220706005000","324","0","臺南市","永康區","120.240","23.020","147"
"614","136036","20220706005000","797","0","臺南市","永康區","120.245","23.020","485"
"408","136037","20220706005000","1992","0","臺南市","永康區","120.250","23.020","434"
"783","136042","20220706005000","723","1","臺南市","永康區","120.250","23.025","599"
"732","136043","20220706005000","482","3","臺南市","關廟區","120.330","22.955","527"
"600","136044","20220706005000","408","2","臺南市","關廟區","120.330","22.960","438"
"86","136047","20220706005000","77","1","臺南市","關廟區","120.340","22.970","104"
"820","136049","20220706005000","735","1","臺南市","關廟區","120.335","22.960","676"
"190","136054","20220706005000","197","0","臺南市","關廟區","120.345","22.965","186"
"67","136056","20220706005000","58","1","臺南市","關廟區","120.355","22.965","51"
"2002","136059","20220706005000","1258","3","臺南市","北區","120.205","23.005","1477"
"616","136061","20220706005000","879","0","臺南市","南區","120.200","22.970","624"
"374","136062","20220706005000","491","0","臺南市","中西區","120.205","22.990","407"
"696","136063","20220706005000","801","0","臺南市","中西區","120.200","22.985","713"
"1206","136064","20220706005000","1204","1","臺南市","中西區","120.200","22.990","1216"
"697","136065","20220706005000","700","0","臺南市","中西區","120.200","22.995","633"
"425","136067","20220706005000","349","2","臺南市","永康區","120.270","22.995","296"
"89","136070","20220706005000","1030","0","臺南市","永康區","120.265","23.005","111"
"2026","136071","20220706005000","1938","1","臺南市","永康區","120.255","23.030","1879"
"254","136072","20220706005000","541","0","臺南市","關廟區","120.335","22.955","252"
"657","136080","20220706005000","426","3","臺南市","關廟區","120.325","22.955","494"
"205","136081","20220706005000","333","0","臺南市","關廟區","120.315","22.960","201"
"982","136083","20220706005000","547","3","臺南市","關廟區","120.325","22.960","710"
"146","136085","20220706005000","106","2","臺南市","東區","120.220","22.990","120"
"3254","136087","20220706005000","2685","2","臺南市","東區","120.225","22.985","2563"
"1034","136088","20220706005000","1253","0","臺南市","東區","120.230","22.990","1040"
"2315","136089","20220706005000","2039","1","臺南市","東區","120.230","22.995","1811"
"786","136090","20220706005000","893","0","臺南市","東區","120.235","22.995","804"
"1662","136091","20220706005000","1140","2","臺南市","北區","120.220","23.000","1323"
"706","136093","20220706005000","541","2","臺南市","中西區","120.180","23.005","591"
"2016","136094","20220706005000","2216","0","臺南市","中西區","120.185","23.005","2004"
"2068","136095","20220706005000","1545","2","臺南市","北區","120.225","23.005","1579"
"334","136096","20220706005000","414","0","臺南市","北區","120.225","23.000","353"
"176","136100","20220706005000","104","3","臺南市","仁德區","120.235","22.950","128"
"267","136101","20220706005000","213","2","臺南市","仁德區","120.235","22.955","206"
"1202","136102","20220706005000","1280","0","臺南市","仁德區","120.230","22.955","1221"
"153","136104","20220706005000","133","1","臺南市","仁德區","120.240","22.955","108"
"1934","136105","20220706005000","1430","2","臺南市","仁德區","120.255","22.955","1489"
"206","136109","20220706005000","277","0","臺南市","仁德區","120.250","22.955","182"
"20","136111","20220706005000","14","2","臺南市","仁德區","120.265","22.955","20"
"66","136113","20220706005000","482","0","臺南市","仁德區","120.265","22.960","86"
"998","136115","20220706005000","843","1","臺南市","北區","120.220","23.010","801"
"308","136118","20220706005000","1201","0","臺南市","中西區","120.210","22.995","341"
"412","136119","20220706005000","1120","0","臺南市","中西區","120.210","22.990","396"
"895","136120","20220706005000","1424","0","臺南市","北區","120.205","23.000","1317"
"1465","136122","20220706005000","1163","2","臺南市","東區","120.225","22.965","1454"
"1118","136123","20220706005000","988","1","臺南市","東區","120.220","22.970","1112"
"153","136124","20220706005000","892","0","臺南市","東區","120.225","22.970","163"
"1292","136125","20220706005000","1618","0","臺南市","東區","120.225","22.990","998"
"463","136126","20220706005000","688","0","臺南市","東區","120.235","22.990","507"
"876","136128","20220706005000","648","2","臺南市","東區","120.245","22.990","675"
"306","136131","20220706005000","384","0","臺南市","歸仁區","120.275","22.960","309"
"606","136132","20220706005000","430","2","臺南市","歸仁區","120.280","22.960","432"
"34","136145","20220706005000","433","0","臺南市","南區","120.205","22.980","43"
"697","136146","20220706005000","1322","0","臺南市","南區","120.210","22.980","769"
"829","136147","20220706005000","655","2","臺南市","安平區","120.165","22.990","661"
"52","136148","20220706005000","93","0","臺南市","永康區","120.245","22.995","52"
"1032","136149","20220706005000","814","2","臺南市","永康區","120.245","23.005","813"
"1410","136151","20220706005000","1329","1","臺南市","永康區","120.245","23.010","1131"
"159","136152","20220706005000","1251","0","臺南市","永康區","120.250","23.010","222"
"33","136155","20220706005000","27","2","臺南市","關廟區","120.320","22.970","36"
"64","136163","20220706005000","47","2","臺南市","關廟區","120.310","22.980","45"
"1391","136181","20220706005000","1388","1","臺南市","北區","120.200","23.000","1342"
"75","136182","20220706005000","83","0","臺南市","南區","120.195","22.985","85"
"472","136184","20220706005000","292","3","臺南市","仁德區","120.225","22.960","348"
"292","136185","20220706005000","346","0","臺南市","東區","120.230","22.960","312"
"54","136186","20220706005000","57","0","臺南市","歸仁區","120.275","22.995","64"
"378","136188","20220706005000","445","0","臺南市","歸仁區","120.275","23.000","409"
"271","136195","20220706005000","268","1","臺南市","歸仁區","120.290","22.995","258"
"56","136196","20220706005000","357","0","臺南市","歸仁區","120.295","22.995","76"
"1342","136199","20220706005000","1334","1","臺南市","北區","120.210","23.005","1071"
"929","136200","20220706005000","770","2","臺南市","東區","120.215","22.995","901"
"785","136229","20220706005000","583","2","臺南市","安南區","120.195","23.030","560"
"1145","136230","20220706005000","1179","0","臺南市","安南區","120.195","23.035","1057"
"730","136231","20220706005000","542","2","臺南市","南區","120.190","22.965","532"
"14","136248","20220706005000","22","0","臺南市","左鎮區","120.405","22.995","14"
"83","136271","20220706005000","65","2","臺南市","左鎮區","120.420","23.010","56"
"41","136316","20220706005000","78","0","臺南市","左鎮區","120.395","23.010","31"
"33","136343","20220706005000","35","0","臺南市","左鎮區","120.385","23.035","33"
"3906","136422","20220706005000","3740","1","臺南市","東區","120.235","22.985","3289"
"793","136423","20220706005000","684","1","臺南市","東區","120.215","22.990","823"
"422","136430","20220706005000","565","0","臺南市","歸仁區","120.285","22.980","421"
"214","136438","20220706005000","164","2","臺南市","歸仁區","120.280","22.990","160"
"401","136444","20220706005000","451","0","臺南市","歸仁區","120.295","22.975","470"
"709","136452","20220706005000","533","2","臺南市","歸仁區","120.285","22.960","500"
"803","136453","20220706005000","417","3","臺南市","歸仁區","120.280","22.965","598"
"55","136454","20220706005000","59","0","臺南市","歸仁區","120.285","22.965","78"
"622","136455","20220706005000","618","1","臺南市","歸仁區","120.285","22.970","628"
"48","136457","20220706005000","545","0","臺南市","仁德區","120.270","22.970","51"
"777","136458","20220706005000","941","0","臺南市","歸仁區","120.275","22.970","784"
"434","136459","20220706005000","404","1","臺南市","歸仁區","120.280","22.970","416"
"521","136460","20220706005000","358","2","臺南市","南區","120.200","22.975","383"
"823","136461","20220706005000","483","3","臺南市","南區","120.195","22.960","651"
"2205","136462","20220706005000","1884","1","臺南市","南區","120.190","22.980","1910"
"259","136475","20220706005000","301","0","臺南市","安南區","120.130","23.015","268"
"102","136483","20220706005000","49","3","臺南市","安南區","120.135","23.020","45"
"648","136490","20220706005000","512","2","臺南市","安南區","120.185","23.025","614"
"652","136495","20220706005000","587","1","臺南市","東區","120.235","22.980","607"
"344","136496","20220706005000","324","1","臺南市","永康區","120.255","23.010","286"
"1334","136497","20220706005000","1341","0","臺南市","永康區","120.255","23.015","1097"
"653","136498","20220706005000","768","0","臺南市","永康區","120.260","23.015","565"
"38","136501","20220706005000","338","0","臺南市","永康區","120.280","23.010","59"
"147","136503","20220706005000","730","0","臺南市","永康區","120.270","23.015","183"
"1348","136507","20220706005000","929","2","臺南市","永康區","120.275","23.020","1077"
"127","136508","20220706005000","759","0","臺南市","永康區","120.280","23.020","130"
"127","136509","20220706005000","1653","0","臺南市","安平區","120.175","22.995","175"
"366","136512","20220706005000","248","2","臺南市","安南區","120.160","23.005","263"
"997","136513","20220706005000","698","2","臺南市","安平區","120.190","22.990","840"
"382","136515","20220706005000","513","0","臺南市","永康區","120.220","23.030","375"
"556","136516","20220706005000","628","0","臺南市","東區","120.245","22.980","583"
"661","136517","20220706005000","815","0","臺南市","仁德區","120.250","22.980","636"
"3152","136518","20220706005000","1982","3","臺南市","東區","120.215","22.980","2283"
"2187","136520","20220706005000","2465","0","臺南市","東區","120.245","22.985","2058"
"1112","136521","20220706005000","898","2","臺南市","仁德區","120.250","22.985","1103"
"565","136523","20220706005000","718","0","臺南市","安平區","120.160","22.990","587"
"440","136525","20220706005000","479","0","臺南市","安平區","120.160","22.995","468"
"810","136532","20220706005000","896","0","臺南市","安平區","120.165","22.985","811"
"1108","136533","20220706005000","651","3","臺南市","安平區","120.170","22.985","834"
"709","136534","20220706005000","853","0","臺南市","安平區","120.175","22.985","532"
"1596","136535","20220706005000","1091","2","臺南市","安平區","120.170","22.990","1202"
"1020","136536","20220706005000","926","1","臺南市","安平區","120.175","22.990","795"
"186","136539","20220706005000","213","0","臺南市","安平區","120.150","22.995","210"
"225","136541","20220706005000","228","0","臺南市","安平區","120.145","23.000","227"
"203","136542","20220706005000","147","2","臺南市","安平區","120.150","23.000","219"
"268","136543","20220706005000","278","0","臺南市","安平區","120.155","23.000","243"
"212","136544","20220706005000","215","0","臺南市","安平區","120.160","23.000","180"
"917","136545","20220706005000","1593","0","臺南市","東區","120.240","22.980","916"
"666","136546","20220706005000","539","2","臺南市","東區","120.225","22.995","531"
"1519","136547","20220706005000","1670","0","臺南市","東區","120.235","22.965","1462"
"791","136548","20220706005000","771","1","臺南市","東區","120.220","22.975","662"
"546","136549","20220706005000","629","0","臺南市","歸仁區","120.300","22.960","554"
"110","136550","20220706005000","89","2","臺南市","歸仁區","120.305","22.960","139"
"580","136553","20220706005000","510","1","臺南市","歸仁區","120.285","23.005","428"
"199","136560","20220706005000","1755","0","臺南市","南區","120.195","22.975","262"
"385","136561","20220706005000","2125","0","臺南市","永康區","120.240","23.015","510"
"1101","136562","20220706005000","883","2","臺南市","永康區","120.245","23.015","923"
"839","136563","20220706005000","1030","0","臺南市","永康區","120.250","23.015","692"
"1949","136564","20220706005000","1140","3","臺南市","永康區","120.230","23.005","1559"
"1623","136565","20220706005000","2651","0","臺南市","永康區","120.235","23.000","1644"
"1932","136566","20220706005000","1681","1","臺南市","北區","120.230","23.000","1693"
"807","136567","20220706005000","1231","0","臺南市","永康區","120.270","23.005","865"
"1472","136568","20220706005000","1336","1","臺南市","永康區","120.265","23.010","1245"
"221","136570","20220706005000","1389","0","臺南市","永康區","120.265","23.020","306"
"46","136572","20220706005000","542","0","臺南市","永康區","120.260","22.995","57"
"775","136573","20220706005000","778","0","臺南市","永康區","120.265","23.000","646"
"613","136574","20220706005000","508","2","臺南市","安南區","120.200","23.025","468"
"1212","136575","20220706005000","804","3","臺南市","安南區","120.205","23.025","971"
"1166","136576","20220706005000","858","2","臺南市","安南區","120.210","23.025","1045"
"2566","136577","20220706005000","2303","1","臺南市","北區","120.225","23.010","2308"
"1534","136578","20220706005000","1436","1","臺南市","北區","120.215","23.010","1302"
"1340","136579","20220706005000","950","2","臺南市","北區","120.215","23.015","1027"
"149","136580","20220706005000","362","0","臺南市","南化區","120.495","23.030","170"
"10","136581","20220706005000","19","0","臺南市","南化區","120.500","23.030","10"
"75","136584","20220706005000","25","3","臺南市","南化區","120.500","23.035","60"
"44","136586","20220706005000","37","1","臺南市","南化區","120.465","23.040","31"
"29","136602","20220706005000","20","2","臺南市","南化區","120.465","23.010","19"
"1011","136671","20220706005000","1129","0","臺南市","中西區","120.170","23.000","1064"
"1939","136672","20220706005000","1942","0","臺南市","中西區","120.175","23.000","1635"
"343","136674","20220706005000","691","0","臺南市","中西區","120.185","23.000","365"
"1473","136675","20220706005000","1859","0","臺南市","安平區","120.165","22.995","1533"
"680","136676","20220706005000","548","2","臺南市","安平區","120.170","22.995","501"
"1676","136677","20220706005000","1423","1","臺南市","安平區","120.185","22.990","1402"
"301","136678","20220706005000","300","1","臺南市","安平區","120.180","22.995","251"
"855","136679","20220706005000","1174","0","臺南市","安平區","120.185","22.995","874"
"1154","136680","20220706005000","869","2","臺南市","安平區","120.180","22.985","950"
"2091","136681","20220706005000","1406","2","臺南市","安平區","120.180","22.990","1675"
"265","136690","20220706005000","208","2","臺南市","南區","120.215","22.955","250"
"577","136695","20220706005000","451","2","臺南市","南區","120.210","22.965","469"
"1099","136696","20220706005000","876","2","臺南市","南區","120.215","22.965","810"
"2331","136697","20220706005000","1804","2","臺南市","南區","120.185","22.965","1886"
"548","136701","20220706005000","430","2","臺南市","南區","120.170","22.955","558"
"141","136709","20220706005000","91","3","臺南市","南區","120.165","22.965","118"
"772","136712","20220706005000","498","3","臺南市","仁德區","120.220","22.955","586"
"466","136717","20220706005000","361","2","臺南市","仁德區","120.255","22.965","374"
"255","136718","20220706005000","319","0","臺南市","仁德區","120.260","22.965","201"
"45","136720","20220706005000","260","0","臺南市","仁德區","120.270","22.965","69"
"305","136721","20220706005000","1432","0","臺南市","仁德區","120.255","22.970","352"
"732","136722","20220706005000","461","3","臺南市","仁德區","120.260","22.970","540"
"1556","136727","20220706005000","1677","0","臺南市","北區","120.220","23.005","1548"
"1461","136728","20220706005000","1661","0","臺南市","北區","120.200","23.005","1478"
"574","136732","20220706005000","412","2","臺南市","仁德區","120.260","22.985","456"
"1213","136738","20220706005000","854","2","臺南市","仁德區","120.260","22.990","930"
"39","136741","20220706005000","68","0","臺南市","仁德區","120.265","22.995","31"
"669","136752","20220706005000","236","3","臺南市","安南區","120.185","23.035","402"
"828","136755","20220706005000","649","2","臺南市","安南區","120.185","23.040","601"
"2741","136756","20220706005000","2348","1","臺南市","中西區","120.205","22.995","1943"
"356","136758","20220706005000","445","0","臺南市","永康區","120.250","23.000","324"
"409","136763","20220706005000","490","0","臺南市","安南區","120.200","23.040","438"
"1269","136764","20220706005000","2901","0","臺南市","安南區","120.190","23.025","1181"
"87","136765","20220706005000","121","0","臺南市","安南區","120.140","23.000","78"
"1705","136786","20220706005000","1997","0","臺南市","北區","120.210","23.000","1578"
"840","136787","20220706005000","619","2","臺南市","中西區","120.195","22.995","821"
"1008","136788","20220706005000","861","1","臺南市","中西區","120.205","22.985","715"
"660","136789","20220706005000","1070","0","臺南市","東區","120.225","22.980","683"
"4429","136790","20220706005000","3370","2","臺南市","東區","120.220","22.985","3769"
"569","136791","20220706005000","624","0","臺南市","永康區","120.225","23.015","449"
"866","136792","20220706005000","1264","0","臺南市","永康區","120.240","23.005","878"
"207","136793","20220706005000","1077","0","臺南市","永康區","120.240","23.000","232"
"930","136794","20220706005000","1992","0","臺南市","永康區","120.235","23.010","950"
"670","136795","20220706005000","639","1","臺南市","永康區","120.245","23.000","717"
"1394","136799","20220706005000","1885","0","臺南市","新化區","120.300","23.035","1418"
"898","136800","20220706005000","1390","0","臺南市","東區","120.215","22.975","866"
"877","136801","20220706005000","856","1","臺南市","東區","120.230","22.985","867"
"2423","136802","20220706005000","1955","2","臺南市","東區","120.230","22.975","2022"
"161","136803","20220706005000","299","0","臺南市","東區","120.225","22.975","225"
"509","136804","20220706005000","411","2","臺南市","東區","120.230","22.970","538"
"1017","136805","20220706005000","1266","0","臺南市","東區","120.230","22.965","1029"
"567","136806","20220706005000","469","2","臺南市","南區","120.185","22.975","428"
"738","136808","20220706005000","1010","0","臺南市","南區","120.210","22.970","760"
"494","136809","20220706005000","631","0","臺南市","東區","120.215","22.970","541"
"40","136812","20220706005000","327","0","臺南市","仁德區","120.245","22.955","30"
"191","136813","20220706005000","197","0","臺南市","仁德區","120.240","22.960","173"
"194","136814","20220706005000","131","2","臺南市","仁德區","120.245","22.960","152"
"364","136816","20220706005000","773","0","臺南市","仁德區","120.255","22.960","301"
"405","136817","20220706005000","457","0","臺南市","仁德區","120.240","22.965","428"
"71","136820","20220706005000","65","1","臺南市","仁德區","120.240","22.970","82"
"854","136821","20220706005000","539","3","臺南市","仁德區","120.245","22.970","652"
"438","136822","20220706005000","698","0","臺南市","仁德區","120.250","22.970","494"
"1172","136823","20220706005000","638","3","臺南市","仁德區","120.240","22.975","969"
"847","136824","20220706005000","1032","0","臺南市","仁德區","120.245","22.975","835"
"447","136825","20220706005000","520","0","臺南市","仁德區","120.250","22.975","444"
"1461","136826","20220706005000","1659","0","臺南市","北區","120.215","23.005","1417"
"39","136851","20220706005000","242","0","高雄市","內門區","120.445","22.975","274"
"15","136927","20220706005000","17","0","臺東縣","池上鄉","121.195","23.040","13"
"61","136939","20220706005000","33","3","高雄市","內門區","120.435","22.955","28"
"110","136953","20220706005000","93","1","高雄市","內門區","120.465","23.000","88"
"117","136958","20220706005000","225","0","高雄市","內門區","120.470","22.960","122"
"81","136970","20220706005000","67","2","高雄市","內門區","120.465","22.975","47"
"53","136996","20220706005000","55","0","高雄市","內門區","120.495","22.955","36"
"85","137008","20220706005000","129","0","高雄市","內門區","120.490","22.970","76"
"67","137020","20220706005000","67","1","高雄市","內門區","120.510","22.980","55"
"218","137023","20220706005000","294","0","高雄市","內門區","120.500","22.985","211"
"33","137048","20220706005000","85","0","高雄市","六龜區","120.660","23.005","41"
"74","137056","20220706005000","117","0","高雄市","六龜區","120.665","23.010","52"
"27","137071","20220706005000","25","1","臺南市","龍崎區","120.350","22.955","27"
"22","137124","20220706005000","20","1","臺南市","龍崎區","120.385","23.005","16"
"70","137130","20220706005000","61","1","臺南市","關廟區","120.370","22.960","54"
"423","137196","20220706005000","954","0","臺南市","安南區","120.190","23.020","344"
"39","137197","20220706005000","52","0","臺南市","南區","120.195","22.965","61"
"129","137201","20220706005000","292","0","臺南市","歸仁區","120.295","22.960","134"
"687","137202","20220706005000","666","1","臺南市","永康區","120.255","23.005","523"
"194","137251","20220706005000","252","0","高雄市","內門區","120.485","23.015","195"
"35","137259","20220706005000","31","1","高雄市","內門區","120.480","22.965","28"
"101","137275","20220706005000","111","0","高雄市","內門區","120.510","23.015","70"
"129","137311","20220706005000","67","3","高雄市","六龜區","120.650","22.975","105"
"522","137325","20220706005000","810","0","高雄市","六龜區","120.660","22.985","569"
"195","137409","20220706005000","124","3","高雄市","六龜區","120.640","22.990","139"
"171","137466","20220706005000","200","0","高雄市","六龜區","120.660","23.035","178"
"777","137491","20220706005000","803","0","高雄市","六龜區","120.635","22.995","720"
"178","137494","20220706005000","168","1","臺南市","安平區","120.165","23.000","175"
"141","137502","20220706005000","185","0","臺南市","安平區","120.150","22.990","114"
"805","137506","20220706005000","592","2","臺南市","永康區","120.260","23.020","611"
"391","137507","20220706005000","508","0","臺南市","永康區","120.250","23.030","371"
"174","137585","20220706005000","99","3","臺東縣","鹿野鄉","121.140","22.975","126"
"112","137592","20220706005000","118","0","臺東縣","鹿野鄉","121.140","22.985","116"
"96","137600","20220706005000","76","2","臺東縣","鹿野鄉","121.155","22.950","65"
"320","137609","20220706005000","370","0","臺東縣","鹿野鄉","121.155","22.955","329"
"420","137617","20220706005000","524","0","高雄市","旗山區","120.510","22.955","422"
"41","137618","20220706005000","106","0","高雄市","旗山區","120.515","22.955","53"
"224","137627","20220706005000","283","0","高雄市","旗山區","120.515","22.970","157"
"1077","137638","20220706005000","2244","0","臺南市","歸仁區","120.290","22.965","1088"
"30","137642","20220706005000","158","0","臺南市","永康區","120.275","23.035","23"
"57","137643","20220706005000","242","0","臺南市","永康區","120.280","23.035","45"
"20","137645","20220706005000","31","0","臺南市","永康區","120.275","23.040","20"
"674","137648","20220706005000","512","2","臺南市","新化區","120.305","23.030","450"
"920","137649","20220706005000","753","2","臺南市","永康區","120.240","23.010","697"
"652","137650","20220706005000","583","1","臺南市","永康區","120.215","23.020","537"
"657","137651","20220706005000","420","3","臺南市","北區","120.220","23.015","487"
"13","138036","20220706005000","68","0","臺東縣","成功鎮","121.315","22.990","14"
"102","138047","20220706005000","48","3","臺東縣","成功鎮","121.320","23.005","75"
"65","138061","20220706005000","39","3","臺東縣","成功鎮","121.325","23.020","44"
"196","138079","20220706005000","226","0","臺東縣","成功鎮","121.335","23.030","201"
"449","138095","20220706005000","187","3","臺東縣","關山鎮","121.170","23.040","479"
"96","138110","20220706005000","61","3","臺東縣","關山鎮","121.145","23.005","71"
"109","138197","20220706005000","137","0","臺東縣","關山鎮","121.175","23.015","123"
"50","138230","20220706005000","73","0","臺東縣","關山鎮","121.185","23.025","53"
"41","138241","20220706005000","27","3","臺東縣","鹿野鄉","121.130","22.955","34"
"213","138251","20220706005000","199","1","臺東縣","鹿野鄉","121.120","22.970","180"
"165","138278","20220706005000","140","1","臺東縣","鹿野鄉","121.150","22.980","142"
"877","138324","20220706005000","871","1","臺南市","新化區","120.300","23.020","888"
"250","138325","20220706005000","164","3","臺南市","新化區","120.305","23.020","166"
"298","138337","20220706005000","328","0","臺南市","安南區","120.125","23.035","284"
"195","138363","20220706005000","153","2","臺南市","安南區","120.140","23.030","159"
"384","138367","20220706005000","251","3","臺南市","安南區","120.160","23.030","277"
"172","138369","20220706005000","212","0","臺南市","安南區","120.135","23.035","173"
"84","138375","20220706005000","89","0","臺南市","安南區","120.140","23.040","83"
"374","138376","20220706005000","550","0","臺南市","安南區","120.145","23.040","395"
"240","138377","20220706005000","256","0","臺南市","安南區","120.150","23.040","234"
"192","138378","20220706005000","162","1","臺南市","安南區","120.155","23.040","182"
"25","138379","20220706005000","19","2","臺南市","安南區","120.160","23.040","25"
"30","138760","20220706005000","19","3","高雄市","桃源區","120.715","23.035","28"
"2649","138833","20220706005000","2065","2","臺南市","永康區","120.260","23.025","2132"
"23","138836","20220706005000","371","0","臺南市","永康區","120.265","23.030","32"
"991","138838","20220706005000","745","2","臺南市","永康區","120.265","23.035","779"
"235","138839","20220706005000","470","0","臺南市","永康區","120.265","23.040","237"
"11","138842","20220706005000","17","0","臺南市","永康區","120.280","23.040","11"
"84","138843","20220706005000","703","0","臺南市","新化區","120.300","23.040","83"
"19","138851","20220706005000","11","3","臺南市","新化區","120.375","23.010","16"
"252","138868","20220706005000","1148","0","臺南市","新化區","120.305","23.040","269"
"94","138909","20220706005000","156","0","臺南市","新化區","120.325","23.025","108"
"67","138910","20220706005000","25","3","臺南市","新化區","120.330","23.025","47"
"11","138911","20220706005000","76","0","臺南市","新化區","120.335","23.025","10"
"384","138917","20220706005000","1747","0","臺南市","新化區","120.310","23.035","373"
"1440","138922","20220706005000","1333","1","臺南市","東區","120.220","22.980","1549"
"2074","138923","20220706005000","1382","3","臺南市","東區","120.235","22.970","1791"
"605","138926","20220706005000","802","0","臺南市","永康區","120.230","23.035","644"
"1526","138928","20220706005000","1268","2","臺南市","永康區","120.235","23.040","1257"
"908","138932","20220706005000","1162","0","臺南市","永康區","120.240","23.035","859"
"68","138933","20220706005000","216","0","臺南市","永康區","120.245","23.035","59"
"612","138935","20220706005000","747","0","臺南市","永康區","120.240","23.040","643"
"3335","138936","20220706005000","2078","3","臺南市","永康區","120.245","23.040","2746"
"87","138937","20220706005000","145","0","臺南市","永康區","120.250","23.040","97"
"38","138942","20220706005000","244","0","臺東縣","東河鄉","121.285","23.000","48"
"106","138962","20220706005000","88","2","臺東縣","東河鄉","121.280","23.020","77"
"17","138979","20220706005000","76","0","臺東縣","東河鄉","121.285","23.030","25"
"16","139027","20220706005000","71","0","臺東縣","東河鄉","121.240","22.965","37"
"57","139060","20220706005000","280","0","臺東縣","東河鄉","121.300","22.970","61"
"19","139073","20220706005000","12","3","臺東縣","東河鄉","121.300","22.985","15"
"46","139131","20220706005000","28","3","臺東縣","東河鄉","121.260","22.980","35"
"26","139146","20220706005000","23","1","臺東縣","東河鄉","121.265","22.985","29"
"194","139164","20220706005000","121","3","臺東縣","東河鄉","121.280","22.990","171"
"166","139299","20220706005000","109","3","臺南市","新化區","120.330","23.015","128"
"60","139305","20220706005000","545","0","臺南市","新化區","120.310","23.020","62"
"15","139307","20220706005000","204","0","臺南市","新化區","120.330","23.020","22"
"29","139318","20220706005000","54","0","臺南市","新化區","120.355","23.020","23"
"38","139335","20220706005000","94","0","臺南市","新化區","120.335","23.035","36"
"1248","139358","20220706005000","1163","1","臺南市","東區","120.220","22.995","1010"
"71","139360","20220706005000","167","0","臺南市","東區","120.215","23.000","35"
"966","139362","20220706005000","762","2","臺南市","東區","120.235","22.960","973"
"263","139635","20220706005000","306","0","高雄市","杉林區","120.540","22.970","244"
"164","139644","20220706005000","150","1","高雄市","杉林區","120.550","22.975","127"
"140","139672","20220706005000","115","2","高雄市","杉林區","120.565","22.985","96"
"15","139688","20220706005000","12","2","高雄市","杉林區","120.575","23.000","15"
"505","139718","20220706005000","493","1","高雄市","杉林區","120.540","22.965","523"
"51","139735","20220706005000","52","0","高雄市","杉林區","120.550","23.020","47"
"15","139762","20220706005000","15","1","高雄市","杉林區","120.535","23.035","11"
"54","139796","20220706005000","98","0","高雄市","杉林區","120.550","23.000","63"
"141","139852","20220706005000","169","0","高雄市","杉林區","120.585","22.995","116"
"116","139897","20220706005000","166","0","高雄市","杉林區","120.565","23.015","122"
"67","139960","20220706005000","57","1","高雄市","杉林區","120.550","23.040","41"
"155","144971","20220706005000","138","1","臺南市","新市區","120.330","23.105","139"
"249","144982","20220706005000","1036","0","臺南市","善化區","120.295","23.125","276"
"495","144986","20220706005000","371","2","臺南市","善化區","120.310","23.110","528"
"3595","144989","20220706005000","3357","1","臺南市","善化區","120.305","23.115","3599"
"474","144992","20220706005000","491","0","臺南市","善化區","120.320","23.115","470"
"600","144998","20220706005000","398","3","臺南市","善化區","120.310","23.125","521"
"2264","144999","20220706005000","1677","2","臺南市","善化區","120.315","23.125","2078"
"4373","145002","20220706005000","2205","3","臺南市","新市區","120.300","23.105","3534"
"3530","145007","20220706005000","2218","3","臺南市","善化區","120.295","23.115","3598"
"436","145022","20220706005000","338","2","臺南市","安定區","120.235","23.110","406"
"203","145025","20220706005000","316","0","臺南市","安定區","120.235","23.115","209"
"376","145026","20220706005000","412","0","臺南市","安定區","120.240","23.115","414"
"272","145031","20220706005000","137","3","臺南市","安定區","120.255","23.115","272"
"107","145032","20220706005000","236","0","臺南市","安定區","120.235","23.120","103"
"741","145050","20220706005000","760","0","臺南市","七股區","120.160","23.115","792"
"69","145054","20220706005000","56","2","臺南市","安南區","120.135","23.045","52"
"108","145055","20220706005000","118","0","臺南市","安南區","120.155","23.045","97"
"366","145067","20220706005000","2011","0","臺南市","安南區","120.195","23.045","435"
"128","145080","20220706005000","113","1","臺東縣","池上鄉","121.220","23.090","88"
"17","145103","20220706005000","25","0","臺東縣","池上鄉","121.220","23.100","21"
"59","145114","20220706005000","43","2","臺東縣","池上鄉","121.225","23.105","41"
"42","145631","20220706005000","57","0","臺東縣","海端鄉","121.145","23.045","44"
"256","145817","20220706005000","384","0","臺東縣","海端鄉","121.175","23.095","275"
"507","146199","20220706005000","585","0","臺南市","西港區","120.205","23.115","446"
"1263","146201","20220706005000","1149","1","臺南市","西港區","120.200","23.120","1202"
"207","146215","20220706005000","592","0","臺南市","西港區","120.180","23.115","200"
"37","146227","20220706005000","640","0","臺南市","安南區","120.215","23.045","43"
"1281","146231","20220706005000","734","3","臺南市","安南區","120.215","23.050","1053"
"1324","146234","20220706005000","1403","0","臺南市","安南區","120.220","23.045","1351"
"209","146235","20220706005000","350","0","臺南市","安南區","120.225","23.045","240"
"169","146238","20220706005000","504","0","臺南市","安南區","120.235","23.050","190"
"50","146239","20220706005000","70","0","臺南市","永康區","120.240","23.050","61"
"122","146241","20220706005000","85","2","臺南市","安南區","120.235","23.055","89"
"1225","146244","20220706005000","995","2","臺南市","安南區","120.230","23.060","1050"
"69","146245","20220706005000","46","3","臺南市","安南區","120.235","23.060","66"
"427","146251","20220706005000","532","0","臺南市","西港區","120.210","23.115","448"
"472","146255","20220706005000","367","2","臺南市","西港區","120.220","23.120","339"
"50","146265","20220706005000","76","0","臺南市","大內區","120.390","23.110","53"
"241","146341","20220706005000","243","0","臺南市","安南區","120.110","23.080","172"
"431","146347","20220706005000","772","0","臺南市","安南區","120.205","23.045","434"
"441","146348","20220706005000","480","0","臺南市","安南區","120.210","23.045","435"
"87","146361","20220706005000","91","0","臺南市","大內區","120.395","23.120","93"
"79","146366","20220706005000","55","2","臺南市","大內區","120.420","23.120","65"
"525","146385","20220706005000","374","2","臺南市","安南區","120.220","23.055","588"
"867","146387","20220706005000","1055","0","臺南市","安南區","120.215","23.060","866"
"302","146388","20220706005000","328","0","臺南市","安南區","120.220","23.060","303"
"1255","146390","20220706005000","1657","0","臺南市","安南區","120.225","23.065","1265"
"57","146400","20220706005000","60","0","臺南市","七股區","120.160","23.100","66"
"15","146423","20220706005000","28","0","臺南市","七股區","120.100","23.120","15"
"2324","146430","20220706005000","2200","1","臺南市","新市區","120.290","23.070","2372"
"170","146431","20220706005000","473","0","臺南市","新市區","120.290","23.075","137"
"2210","146432","20220706005000","1304","3","臺南市","新市區","120.290","23.080","1737"
"3222","146433","20220706005000","2844","1","臺南市","新市區","120.295","23.080","2804"
"63","146437","20220706005000","574","0","臺南市","新市區","120.290","23.055","62"
"857","146444","20220706005000","591","2","臺南市","新市區","120.300","23.060","666"
"708","146450","20220706005000","313","3","臺南市","新市區","120.295","23.065","384"
"126","146459","20220706005000","139","0","臺南市","新市區","120.305","23.070","150"
"1526","146460","20220706005000","1019","2","臺南市","新市區","120.295","23.075","1420"
"482","146461","20220706005000","319","3","臺南市","新市區","120.300","23.075","312"
"423","146468","20220706005000","507","0","臺南市","新市區","120.300","23.085","425"
"292","146478","20220706005000","223","2","臺南市","新市區","120.325","23.070","245"
"50","146482","20220706005000","37","2","臺南市","新市區","120.320","23.075","40"
"428","146495","20220706005000","401","1","臺南市","新市區","120.280","23.060","470"
"265","146505","20220706005000","177","2","臺南市","新市區","120.280","23.075","215"
"3149","146506","20220706005000","2878","1","臺南市","新市區","120.285","23.075","3151"
"94","146509","20220706005000","90","1","臺南市","新市區","120.285","23.080","85"
"631","146513","20220706005000","472","2","臺南市","新市區","120.280","23.090","637"
"140","146522","20220706005000","252","0","臺南市","新市區","120.255","23.090","169"
"241","146525","20220706005000","221","1","臺南市","新市區","120.270","23.090","214"
"590","146526","20220706005000","577","1","臺南市","新市區","120.275","23.090","576"
"201","146529","20220706005000","167","2","臺南市","新市區","120.255","23.095","179"
"28","146532","20220706005000","38","0","臺南市","新市區","120.270","23.095","26"
"1002","146533","20220706005000","968","1","臺南市","新市區","120.275","23.095","905"
"430","146535","20220706005000","314","2","臺南市","新市區","120.250","23.100","467"
"44","146536","20220706005000","95","0","臺南市","新市區","120.260","23.100","41"
"269","146537","20220706005000","188","2","臺南市","新市區","120.260","23.095","269"
"400","146541","20220706005000","501","0","臺南市","新市區","120.280","23.095","415"
"19","146542","20220706005000","120","0","臺南市","新市區","120.285","23.100","17"
"713","146545","20220706005000","530","2","臺南市","新市區","120.255","23.100","596"
"23","146546","20220706005000","24","0","臺南市","善化區","120.260","23.105","20"
"12","146547","20220706005000","13","0","臺南市","新市區","120.265","23.100","14"
"235","146549","20220706005000","179","2","臺南市","新市區","120.275","23.100","230"
"197","146550","20220706005000","244","0","臺南市","新市區","120.280","23.100","207"
"531","146552","20220706005000","482","1","臺南市","新市區","120.265","23.105","490"
"822","146554","20220706005000","832","0","臺南市","新市區","120.275","23.105","827"
"187","146562","20220706005000","281","0","臺南市","七股區","120.145","23.105","161"
"622","146587","20220706005000","451","2","臺南市","安定區","120.225","23.080","627"
"466","146590","20220706005000","365","2","臺南市","安定區","120.230","23.100","362"
"670","146602","20220706005000","630","1","臺南市","西港區","120.210","23.125","666"
"278","146614","20220706005000","183","3","臺南市","安南區","120.155","23.055","241"
"120","146615","20220706005000","101","1","臺南市","安南區","120.165","23.060","73"
"499","146616","20220706005000","577","0","臺南市","安南區","120.175","23.060","455"
"1083","146621","20220706005000","1054","1","臺南市","安南區","120.175","23.070","1069"
"390","146661","20220706005000","365","1","臺南市","安南區","120.130","23.070","208"
"24","146695","20220706005000","279","0","臺南市","安南區","120.095","23.060","23"
"71","146704","20220706005000","65","1","臺南市","山上區","120.355","23.085","85"
"69","146707","20220706005000","69","1","臺南市","山上區","120.345","23.090","52"
"167","146712","20220706005000","290","0","臺南市","山上區","120.355","23.095","127"
"150","146713","20220706005000","130","1","臺南市","山上區","120.360","23.095","154"
"104","146727","20220706005000","178","0","臺南市","山上區","120.340","23.110","108"
"38","146773","20220706005000","62","0","臺南市","山上區","120.405","23.105","75"
"66","146783","20220706005000","42","3","臺南市","山上區","120.365","23.075","36"
"16","146806","20220706005000","13","2","臺南市","左鎮區","120.380","23.050","16"
"181","146822","20220706005000","115","3","臺南市","左鎮區","120.365","23.065","167"
"79","146848","20220706005000","106","0","臺南市","左鎮區","120.400","23.055","72"
"180","146850","20220706005000","180","1","臺南市","左鎮區","120.410","23.055","160"
"146","146853","20220706005000","155","0","臺南市","左鎮區","120.390","23.060","173"
"156","146890","20220706005000","300","0","臺南市","安南區","120.160","23.065","159"
"467","146891","20220706005000","365","2","臺南市","安南區","120.160","23.070","360"
"392","146892","20220706005000","493","0","臺南市","安南區","120.165","23.070","402"
"160","146896","20220706005000","163","0","臺南市","安南區","120.200","23.075","159"
"76","146931","20220706005000","968","0","臺南市","安南區","120.130","23.060","69"
"70","146932","20220706005000","536","0","臺南市","安南區","120.135","23.060","71"
"39","146947","20220706005000","211","0","臺南市","安南區","120.115","23.055","43"
"595","146954","20220706005000","682","0","臺南市","安南區","120.125","23.060","455"
"441","146957","20220706005000","448","0","臺南市","安南區","120.125","23.065","212"
"845","146965","20220706005000","784","1","臺南市","山上區","120.355","23.105","900"
"129","146969","20220706005000","90","2","臺南市","山上區","120.370","23.080","113"
"111","146971","20220706005000","110","1","臺南市","山上區","120.380","23.080","111"
"361","146979","20220706005000","303","1","臺南市","安定區","120.235","23.100","258"
"1406","146988","20220706005000","1290","1","臺南市","永康區","120.255","23.045","1439"
"37","146992","20220706005000","41","0","臺南市","永康區","120.260","23.050","44"
"129","147017","20220706005000","135","0","臺南市","安南區","120.145","23.075","118"
"460","147019","20220706005000","475","0","臺南市","安南區","120.135","23.080","423"
"155","147031","20220706005000","172","0","臺南市","安定區","120.220","23.105","172"
"99","147043","20220706005000","80","2","臺南市","安定區","120.260","23.110","100"
"47","147044","20220706005000","90","0","臺南市","安定區","120.260","23.115","49"
"450","147045","20220706005000","420","1","臺南市","安定區","120.255","23.120","449"
"3052","147046","20220706005000","2464","2","臺南市","安定區","120.260","23.120","2642"
"17","147047","20220706005000","26","0","臺南市","安定區","120.265","23.120","15"
"57","147048","20220706005000","203","0","臺南市","安定區","120.250","23.125","60"
"580","147051","20220706005000","819","0","臺南市","安定區","120.240","23.095","566"
"292","147056","20220706005000","534","0","臺南市","安定區","120.235","23.085","302"
"423","147068","20220706005000","1295","0","臺南市","安定區","120.235","23.095","437"
"164","147073","20220706005000","154","1","臺南市","安南區","120.180","23.045","184"
"1498","147074","20220706005000","1839","0","臺南市","安南區","120.185","23.045","1529"
"635","147075","20220706005000","756","0","臺南市","安南區","120.180","23.050","657"
"710","147079","20220706005000","397","3","臺南市","安南區","120.190","23.055","502"
"84","147083","20220706005000","204","0","臺南市","南化區","120.450","23.050","97"
"250","147121","20220706005000","252","0","臺南市","南化區","120.485","23.080","270"
"167","147153","20220706005000","196","0","臺南市","南化區","120.475","23.065","169"
"237","147170","20220706005000","245","0","臺南市","南化區","120.475","23.045","252"
"68","147181","20220706005000","61","1","臺南市","南化區","120.515","23.045","51"
"68","147248","20220706005000","73","0","臺南市","南化區","120.515","23.075","73"
"16","147252","20220706005000","15","1","臺南市","南化區","120.535","23.075","10"
"95","147257","20220706005000","63","3","臺南市","南化區","120.510","23.080","69"
"33","147271","20220706005000","30","1","臺南市","南化區","120.525","23.085","25"
"486","147381","20220706005000","380","2","臺南市","安南區","120.165","23.050","340"
"162","147382","20220706005000","557","0","臺南市","安南區","120.170","23.050","184"
"54","147391","20220706005000","41","2","臺東縣","池上鄉","121.205","23.100","39"
"294","147393","20220706005000","133","3","臺東縣","池上鄉","121.200","23.105","174"
"18","147394","20220706005000","12","3","臺東縣","池上鄉","121.205","23.105","12"
"125","147398","20220706005000","100","2","臺東縣","池上鄉","121.200","23.110","115"
"92","147404","20220706005000","67","2","臺東縣","池上鄉","121.200","23.115","71"
"332","147422","20220706005000","458","0","臺東縣","池上鄉","121.220","23.115","346"
"98","147425","20220706005000","71","2","臺東縣","池上鄉","121.210","23.120","75"
"338","147426","20220706005000","437","0","臺東縣","池上鄉","121.215","23.120","365"
"228","147427","20220706005000","914","0","臺東縣","池上鄉","121.220","23.120","203"
"56","147429","20220706005000","486","0","臺南市","安南區","120.120","23.075","61"
"148","147438","20220706005000","887","0","臺南市","安南區","120.205","23.050","148"
"703","147448","20220706005000","867","0","臺南市","安南區","120.195","23.070","724"
"533","147449","20220706005000","382","2","臺南市","安定區","120.200","23.070","375"
"801","147457","20220706005000","520","3","臺南市","新市區","120.280","23.105","713"
"1727","147458","20220706005000","1269","2","臺南市","善化區","120.265","23.110","1544"
"963","147459","20220706005000","984","0","臺南市","善化區","120.270","23.110","792"
"961","147460","20220706005000","631","3","臺南市","善化區","120.275","23.110","905"
"20","147461","20220706005000","12","3","臺南市","善化區","120.280","23.110","23"
"1314","147464","20220706005000","1026","2","臺南市","善化區","120.270","23.115","1157"
"1198","147465","20220706005000","1025","1","臺南市","善化區","120.275","23.115","1062"
"15","147466","20220706005000","12","2","臺南市","善化區","120.280","23.115","12"
"76","147467","20220706005000","70","1","臺南市","善化區","120.285","23.115","63"
"344","147468","20220706005000","258","2","臺南市","善化區","120.270","23.120","268"
"16","147469","20220706005000","47","0","臺南市","善化區","120.275","23.120","17"
"1523","147475","20220706005000","1027","2","臺南市","安南區","120.190","23.045","1526"
"252","147479","20220706005000","156","3","臺南市","安定區","120.215","23.075","176"
"525","147503","20220706005000","558","0","臺南市","大內區","120.370","23.115","498"
"232","147511","20220706005000","196","1","臺南市","安定區","120.205","23.080","178"
"595","147522","20220706005000","520","1","臺南市","安定區","120.210","23.090","485"
"519","147528","20220706005000","467","1","臺南市","安定區","120.215","23.095","478"
"596","147531","20220706005000","505","1","臺南市","安定區","120.210","23.095","449"
"744","147539","20220706005000","595","2","臺南市","新市區","120.290","23.085","699"
"944","147540","20220706005000","584","3","臺南市","新市區","120.285","23.090","767"
"1942","147548","20220706005000","1512","2","臺南市","新市區","120.290","23.100","1533"
"194","147550","20220706005000","188","1","臺南市","新市區","120.285","23.105","178"
"18","147563","20220706005000","24","0","臺南市","新市區","120.255","23.070","21"
"70","147564","20220706005000","134","0","臺南市","新市區","120.260","23.070","81"
"148","147567","20220706005000","97","3","臺南市","新市區","120.250","23.075","155"
"75","147570","20220706005000","78","0","臺南市","新市區","120.265","23.075","71"
"108","147571","20220706005000","97","1","臺南市","新市區","120.255","23.080","123"
"239","147576","20220706005000","199","2","臺南市","新市區","120.305","23.090","203"
"340","147580","20220706005000","490","0","臺南市","新市區","120.300","23.100","377"
"364","147587","20220706005000","355","1","臺南市","新市區","120.310","23.100","422"
"481","147594","20220706005000","497","0","臺南市","新市區","120.320","23.085","385"
"1273","147598","20220706005000","952","2","臺南市","新市區","120.315","23.090","1267"
"521","147603","20220706005000","333","3","臺南市","新市區","120.320","23.095","554"
"45","147613","20220706005000","137","0","臺南市","安南區","120.165","23.045","53"
"476","147619","20220706005000","368","2","臺南市","安南區","120.170","23.045","386"
"143","147620","20220706005000","147","0","臺南市","安南區","120.175","23.045","140"
"817","147621","20220706005000","1112","0","臺南市","安南區","120.175","23.050","794"
"119","147622","20220706005000","449","0","臺南市","安南區","120.175","23.055","150"
"151","147627","20220706005000","113","2","臺南市","七股區","120.120","23.095","138"
"85","147686","20220706005000","102","0","臺南市","七股區","120.075","23.125","76"
"61","147743","20220706005000","27","3","臺南市","七股區","120.050","23.080","53"
"102","147812","20220706005000","126","0","臺南市","七股區","120.090","23.095","86"
"494","147816","20220706005000","465","1","臺南市","七股區","120.110","23.095","462"
"67","147889","20220706005000","62","1","臺東縣","池上鄉","121.220","23.080","67"
"203","147906","20220706005000","134","3","臺東縣","池上鄉","121.230","23.120","149"
"209","147984","20220706005000","169","2","高雄市","甲仙區","120.585","23.080","157"
"256","147985","20220706005000","109","3","高雄市","甲仙區","120.590","23.080","183"
"30","147999","20220706005000","43","0","高雄市","甲仙區","120.610","23.110","43"
"136","148097","20220706005000","162","0","高雄市","六龜區","120.670","23.065","158"
"174","148126","20220706005000","102","3","高雄市","六龜區","120.675","23.080","132"
"473","148173","20220706005000","399","1","臺南市","安南區","120.205","23.060","484"
"503","148177","20220706005000","392","2","臺南市","安南區","120.220","23.070","365"
"495","148178","20220706005000","394","2","臺南市","安南區","120.225","23.070","324"
"155","148201","20220706005000","158","0","高雄市","六龜區","120.690","23.095","131"
"161","148224","20220706005000","146","1","高雄市","六龜區","120.690","23.105","189"
"219","148238","20220706005000","249","0","高雄市","六龜區","120.700","23.110","164"
"13","148255","20220706005000","15","0","高雄市","桃源區","120.710","23.115","11"
"91","148271","20220706005000","91","1","高雄市","六龜區","120.720","23.115","80"
"62","148275","20220706005000","35","3","高雄市","桃源區","120.745","23.115","56"
"25","148342","20220706005000","22","1","高雄市","六龜區","120.715","23.065","30"
"16","148372","20220706005000","12","2","臺南市","新化區","120.330","23.055","20"
"46","148373","20220706005000","54","0","臺南市","新化區","120.335","23.055","55"
"55","148376","20220706005000","49","1","臺南市","新化區","120.335","23.060","41"
"74","148377","20220706005000","78","0","臺南市","新化區","120.340","23.060","86"
"19","148378","20220706005000","15","2","臺南市","新化區","120.345","23.060","19"
"517","148380","20220706005000","553","0","臺南市","新化區","120.345","23.065","541"
"204","148386","20220706005000","233","0","臺南市","新化區","120.355","23.070","159"
"108","148418","20220706005000","112","0","臺東縣","池上鄉","121.235","23.120","111"
"52","148429","20220706005000","96","0","臺南市","玉井區","120.425","23.070","49"
"69","148453","20220706005000","45","3","臺南市","玉井區","120.430","23.085","53"
"34","148472","20220706005000","11","3","臺南市","玉井區","120.440","23.095","31"
"26","148477","20220706005000","27","0","臺南市","玉井區","120.450","23.090","26"
"99","148526","20220706005000","74","2","臺南市","玉井區","120.480","23.110","78"
"16","148531","20220706005000","11","2","臺南市","玉井區","120.505","23.110","16"
"1465","148561","20220706005000","1584","0","臺南市","玉井區","120.460","23.120","1503"
"468","148562","20220706005000","641","0","臺南市","玉井區","120.465","23.120","505"
"480","148578","20220706005000","476","1","臺南市","永康區","120.265","23.045","353"
"57","148580","20220706005000","352","0","臺南市","永康區","120.275","23.045","69"
"43","148582","20220706005000","84","0","臺南市","永康區","120.265","23.050","46"
"248","148583","20220706005000","284","0","臺南市","永康區","120.270","23.050","171"
"49","148584","20220706005000","60","0","臺南市","永康區","120.275","23.050","77"
"61","148586","20220706005000","150","0","臺南市","永康區","120.270","23.055","58"
"45","148590","20220706005000","280","0","臺南市","永康區","120.245","23.050","49"
"151","148594","20220706005000","83","3","臺南市","永康區","120.260","23.055","143"
"284","148600","20220706005000","293","0","臺南市","永康區","120.265","23.055","285"
"22","148632","20220706005000","23","0","臺東縣","成功鎮","121.355","23.120","16"
"403","148641","20220706005000","300","2","臺東縣","成功鎮","121.400","23.120","381"
"30","148653","20220706005000","15","3","臺東縣","成功鎮","121.355","23.105","24"
"143","148657","20220706005000","857","0","臺東縣","成功鎮","121.375","23.105","133"
"92","148690","20220706005000","64","2","臺東縣","成功鎮","121.340","23.045","75"
"27","148696","20220706005000","31","0","臺東縣","成功鎮","121.340","23.050","37"
"134","148718","20220706005000","122","1","臺東縣","成功鎮","121.345","23.065","113"
"185","148763","20220706005000","75","3","臺東縣","成功鎮","121.355","23.090","101"
"25","148769","20220706005000","15","3","臺東縣","成功鎮","121.345","23.095","11"
"16","148782","20220706005000","166","0","臺東縣","成功鎮","121.370","23.100","22"
"947","148784","20220706005000","501","3","臺東縣","成功鎮","121.380","23.100","726"
"543","148795","20220706005000","423","2","臺東縣","關山鎮","121.175","23.070","411"
"126","148817","20220706005000","122","1","臺東縣","關山鎮","121.175","23.080","76"
"468","148847","20220706005000","261","3","臺東縣","關山鎮","121.165","23.045","295"
"58","148852","20220706005000","1178","0","臺東縣","關山鎮","121.165","23.050","89"
"340","148873","20220706005000","405","0","臺東縣","關山鎮","121.165","23.055","339"
"449","148879","20220706005000","333","2","臺東縣","關山鎮","121.155","23.045","333"
"327","148883","20220706005000","516","0","高雄市","甲仙區","120.590","23.085","352"
"62","148899","20220706005000","58","1","高雄市","甲仙區","120.590","23.100","58"
"65","148910","20220706005000","47","2","高雄市","甲仙區","120.550","23.055","58"
"96","148925","20220706005000","88","1","高雄市","甲仙區","120.570","23.065","76"
"237","148938","20220706005000","162","2","高雄市","甲仙區","120.575","23.070","198"
"84","148960","20220706005000","81","1","高雄市","甲仙區","120.560","23.050","57"
"354","148978","20220706005000","319","1","臺南市","新化區","120.290","23.045","353"
"195","148986","20220706005000","126","3","臺南市","新化區","120.295","23.055","231"
"239","148988","20220706005000","94","3","臺南市","安南區","120.145","23.045","140"
"42","149026","20220706005000","31","2","高雄市","桃源區","120.720","23.050","31"
"14","149159","20220706005000","13","1","高雄市","桃源區","120.755","23.070","13"
"13","149519","20220706005000","104","0","高雄市","六龜區","120.685","23.110","13"
"410","149576","20220706005000","239","3","臺南市","新化區","120.295","23.045","298"
"251","149577","20220706005000","657","0","臺南市","新化區","120.300","23.045","245"
"129","149589","20220706005000","393","0","臺南市","永康區","120.235","23.045","162"
"2896","149590","20220706005000","2155","2","臺南市","永康區","120.240","23.045","2946"
"355","149593","20220706005000","251","2","臺南市","永康區","120.250","23.045","359"
"50","149614","20220706005000","67","0","臺南市","玉井區","120.460","23.100","47"
"22","149636","20220706005000","21","1","臺南市","玉井區","120.490","23.095","10"
"101","149651","20220706005000","133","0","臺南市","玉井區","120.480","23.105","97"
"235","149654","20220706005000","1312","0","臺東縣","成功鎮","121.380","23.105","269"
"80","149658","20220706005000","52","3","臺東縣","東河鄉","121.285","23.045","62"
"84","149682","20220706005000","42","3","臺東縣","東河鄉","121.295","23.055","58"
"28","149761","20220706005000","14","3","臺東縣","東河鄉","121.295","23.080","18"
"12","149846","20220706005000","84","0","臺南市","新化區","120.370","23.045","12"
"31","149865","20220706005000","101","0","臺南市","新化區","120.310","23.045","28"
"159","149866","20220706005000","90","3","臺南市","新化區","120.315","23.045","118"
"30","149869","20220706005000","162","0","臺南市","新化區","120.315","23.050","27"
"27","149873","20220706005000","37","0","臺南市","新化區","120.325","23.055","33"
"29","149908","20220706005000","30","0","高雄市","甲仙區","120.600","23.085","24"
"366","149946","20220706005000","268","2","臺南市","善化區","120.270","23.125","329"
"701","149948","20220706005000","787","0","臺南市","大內區","120.355","23.120","719"
"186","154962","20220706005000","171","1","澎湖縣","七美鄉","119.415","23.195","190"
"1118","154965","20220706005000","813","2","臺南市","善化區","120.325","23.140","851"
"312","154980","20220706005000","445","0","臺南市","善化區","120.325","23.135","294"
"1874","154984","20220706005000","1656","1","臺南市","善化區","120.300","23.130","1839"
"663","154985","20220706005000","621","1","臺南市","善化區","120.305","23.130","533"
"1208","154986","20220706005000","760","3","臺南市","善化區","120.310","23.130","1268"
"56","154996","20220706005000","58","0","澎湖縣","七美鄉","119.435","23.200","63"
"194","155092","20220706005000","794","0","臺南市","麻豆區","120.220","23.190","194"
"611","155098","20220706005000","778","0","臺南市","麻豆區","120.245","23.190","492"
"271","155107","20220706005000","198","2","臺南市","佳里區","120.180","23.145","272"
"567","155111","20220706005000","717","0","臺南市","佳里區","120.175","23.150","562"
"312","155114","20220706005000","954","0","臺南市","佳里區","120.175","23.155","383"
"774","155129","20220706005000","847","0","臺南市","佳里區","120.195","23.190","832"
"118","155501","20220706005000","73","3","臺東縣","海端鄉","121.025","23.185","82"
"60","155650","20220706005000","72","0","臺東縣","海端鄉","121.180","23.130","58"
"34","155658","20220706005000","21","3","臺東縣","海端鄉","121.205","23.150","22"
"122","155664","20220706005000","110","1","臺東縣","海端鄉","121.190","23.155","98"
"95","155779","20220706005000","79","2","臺東縣","海端鄉","121.125","23.130","65"
"66","155786","20220706005000","37","3","臺東縣","海端鄉","121.160","23.130","44"
"22","156049","20220706005000","17","2","臺東縣","海端鄉","121.030","23.165","14"
"62","156052","20220706005000","63","0","臺東縣","海端鄉","121.045","23.165","82"
"50","156083","20220706005000","62","0","臺東縣","海端鄉","121.045","23.170","40"
"109","156227","20220706005000","398","0","臺南市","西港區","120.180","23.130","100"
"201","156233","20220706005000","141","2","臺南市","西港區","120.200","23.130","124"
"449","156281","20220706005000","434","1","臺南市","佳里區","120.180","23.165","506"
"40","156284","20220706005000","272","0","臺南市","佳里區","120.180","23.170","46"
"54","156292","20220706005000","29","3","臺南市","佳里區","120.155","23.170","78"
"566","156302","20220706005000","644","0","臺南市","麻豆區","120.215","23.175","584"
"1206","156306","20220706005000","949","2","臺南市","佳里區","120.160","23.160","917"
"1267","156309","20220706005000","1452","0","臺南市","佳里區","120.175","23.160","1292"
"3664","156314","20220706005000","3864","0","臺南市","佳里區","120.175","23.165","3358"
"18","156316","20220706005000","19","0","臺南市","佳里區","120.170","23.170","15"
"257","156333","20220706005000","232","1","臺南市","七股區","120.140","23.140","252"
"404","156339","20220706005000","309","2","臺南市","七股區","120.150","23.150","308"
"251","156348","20220706005000","188","2","花蓮縣","富里鄉","121.255","23.180","211"
"276","156361","20220706005000","226","2","花蓮縣","富里鄉","121.275","23.190","235"
"320","156391","20220706005000","607","0","臺南市","西港區","120.220","23.140","315"
"509","156401","20220706005000","649","0","臺南市","麻豆區","120.240","23.155","529"
"46","156402","20220706005000","13","3","臺南市","麻豆區","120.240","23.160","31"
"63","156413","20220706005000","711","0","臺南市","麻豆區","120.275","23.190","67"
"273","156420","20220706005000","175","3","臺南市","麻豆區","120.270","23.195","158"
"177","156423","20220706005000","50","3","臺南市","麻豆區","120.285","23.195","112"
"87","156427","20220706005000","378","0","臺南市","麻豆區","120.230","23.180","94"
"198","156446","20220706005000","267","0","臺南市","大內區","120.415","23.150","215"
"32","156474","20220706005000","31","1","臺南市","大內區","120.410","23.165","25"
"17","156651","20220706005000","18","0","花蓮縣","富里鄉","121.280","23.130","10"
"621","156721","20220706005000","477","2","臺南市","善化區","120.270","23.145","624"
"298","156727","20220706005000","1040","0","臺南市","善化區","120.275","23.130","286"
"18","156730","20220706005000","20","0","臺南市","大內區","120.405","23.130","15"
"15","156736","20220706005000","20","0","臺南市","大內區","120.435","23.130","16"
"28","156743","20220706005000","53","0","臺南市","大內區","120.430","23.135","28"
"60","156744","20220706005000","83","0","臺南市","玉井區","120.435","23.135","64"
"1595","156765","20220706005000","838","3","臺南市","善化區","120.290","23.135","879"
"262","156769","20220706005000","265","0","臺南市","善化區","120.315","23.155","278"
"890","156781","20220706005000","618","2","臺南市","善化區","120.285","23.150","904"
"60","156784","20220706005000","205","0","臺南市","善化區","120.275","23.155","58"
"565","156792","20220706005000","575","0","臺南市","七股區","120.135","23.140","552"
"211","156851","20220706005000","321","0","臺南市","佳里區","120.155","23.180","214"
"589","156856","20220706005000","405","2","臺南市","佳里區","120.155","23.140","402"
"529","156864","20220706005000","648","0","臺南市","佳里區","120.185","23.145","553"
"248","156865","20220706005000","830","0","臺南市","佳里區","120.180","23.150","255"
"1499","156869","20220706005000","1591","0","臺南市","佳里區","120.180","23.155","1523"
"71","156870","20220706005000","163","0","臺南市","佳里區","120.185","23.155","71"
"661","156873","20220706005000","826","0","臺南市","佳里區","120.155","23.175","687"
"630","156909","20220706005000","537","1","臺南市","麻豆區","120.240","23.190","518"
"72","156922","20220706005000","389","0","臺南市","麻豆區","120.210","23.200","67"
"252","156941","20220706005000","344","0","臺南市","佳里區","120.190","23.190","251"
"383","156942","20220706005000","205","3","臺南市","佳里區","120.185","23.185","396"
"715","156974","20220706005000","929","0","臺南市","七股區","120.090","23.185","736"
"585","156977","20220706005000","257","3","臺南市","西港區","120.200","23.140","447"
"1383","157009","20220706005000","1352","1","臺南市","麻豆區","120.240","23.185","1421"
"764","157010","20220706005000","1024","0","臺南市","麻豆區","120.250","23.185","856"
"248","157011","20220706005000","649","0","臺南市","麻豆區","120.255","23.185","253"
"49","157047","20220706005000","36","2","臺南市","六甲區","120.415","23.205","41"
"104","157077","20220706005000","69","3","臺南市","楠西區","120.505","23.140","77"
"447","157130","20220706005000","380","1","臺南市","將軍區","120.160","23.190","353"
"192","157174","20220706005000","632","0","臺南市","官田區","120.315","23.195","153"
"812","157183","20220706005000","490","3","臺南市","安定區","120.245","23.130","863"
"332","157184","20220706005000","543","0","臺南市","安定區","120.250","23.130","339"
"288","157198","20220706005000","237","2","花蓮縣","富里鄉","121.265","23.155","226"
"93","157258","20220706005000","89","1","臺南市","官田區","120.320","23.200","88"
"141","157259","20220706005000","207","0","臺南市","官田區","120.325","23.200","135"
"67","157263","20220706005000","79","0","臺南市","官田區","120.320","23.205","65"
"122","157265","20220706005000","94","2","臺南市","官田區","120.330","23.205","95"
"61","157312","20220706005000","258","0","臺南市","官田區","120.380","23.185","55"
"190","157333","20220706005000","187","1","臺南市","官田區","120.365","23.195","128"
"19","157334","20220706005000","236","0","臺南市","官田區","120.370","23.195","27"
"152","157360","20220706005000","725","0","臺南市","官田區","120.335","23.180","142"
"204","157382","20220706005000","94","3","臺南市","官田區","120.320","23.170","157"
"39","157399","20220706005000","246","0","臺南市","官田區","120.295","23.185","245"
"42","157419","20220706005000","217","0","臺南市","官田區","120.350","23.160","49"
"73","157422","20220706005000","53","2","臺南市","官田區","120.330","23.165","47"
"94","157424","20220706005000","381","0","臺南市","官田區","120.340","23.165","125"
"53","157463","20220706005000","20","3","臺南市","官田區","120.365","23.180","50"
"101","157477","20220706005000","437","0","臺南市","官田區","120.305","23.195","112"
"748","157478","20220706005000","657","1","臺南市","官田區","120.315","23.190","711"
"40","157597","20220706005000","42","0","臺南市","南化區","120.595","23.165","45"
"58","157624","20220706005000","42","2","臺南市","南化區","120.600","23.175","56"
"97","157646","20220706005000","71","2","臺南市","南化區","120.570","23.185","114"
"309","157733","20220706005000","308","1","臺南市","麻豆區","120.230","23.145","316"
"1929","157737","20220706005000","1935","0","臺南市","麻豆區","120.245","23.180","1992"
"59","157740","20220706005000","77","0","臺南市","麻豆區","120.240","23.195","57"
"736","157752","20220706005000","543","2","臺南市","麻豆區","120.260","23.185","487"
"189","157756","20220706005000","235","0","臺南市","麻豆區","120.265","23.190","181"
"175","157759","20220706005000","169","1","臺南市","麻豆區","120.255","23.190","190"
"51","157773","20220706005000","48","1","臺東縣","池上鄉","121.210","23.125","39"
"150","157789","20220706005000","119","2","臺東縣","池上鄉","121.200","23.140","117"
"51","157809","20220706005000","126","0","臺南市","善化區","120.275","23.145","208"
"320","157818","20220706005000","242","2","花蓮縣","卓溪鄉","121.225","23.160","248"
"142","157895","20220706005000","128","1","花蓮縣","富里鄉","121.250","23.200","105"
"553","157913","20220706005000","867","0","臺南市","善化區","120.295","23.135","543"
"12","157915","20220706005000","30","0","臺南市","善化區","120.305","23.135","16"
"817","157919","20220706005000","721","1","臺南市","善化區","120.305","23.140","834"
"823","157924","20220706005000","407","3","臺南市","善化區","120.290","23.145","719"
"457","157961","20220706005000","648","0","臺南市","善化區","120.285","23.130","406"
"109","157991","20220706005000","64","3","花蓮縣","富里鄉","121.235","23.135","89"
"54","157998","20220706005000","75","0","花蓮縣","富里鄉","121.240","23.140","53"
"325","158028","20220706005000","263","2","花蓮縣","富里鄉","121.250","23.170","266"
"436","158030","20220706005000","354","2","花蓮縣","富里鄉","121.250","23.175","371"
"59","158032","20220706005000","45","2","花蓮縣","富里鄉","121.250","23.180","61"
"741","158045","20220706005000","522","2","臺南市","將軍區","120.140","23.205","735"
"1094","158058","20220706005000","1489","0","臺南市","將軍區","120.160","23.200","1122"
"223","158065","20220706005000","300","0","臺南市","七股區","120.135","23.130","224"
"317","158072","20220706005000","352","0","臺南市","七股區","120.110","23.145","366"
"10","158083","20220706005000","11","0","臺南市","七股區","120.125","23.160","10"
"39","158092","20220706005000","22","3","臺南市","七股區","120.130","23.185","16"
"21","158097","20220706005000","13","3","臺南市","七股區","120.145","23.180","11"
"370","158106","20220706005000","294","2","臺南市","佳里區","120.190","23.165","360"
"47","158107","20220706005000","450","0","臺南市","佳里區","120.195","23.165","59"
"103","158122","20220706005000","156","0","臺南市","佳里區","120.180","23.180","124"
"247","158126","20220706005000","361","0","臺南市","佳里區","120.175","23.185","265"
"36","158128","20220706005000","36","1","臺東縣","池上鄉","121.185","23.130","29"
"255","158181","20220706005000","299","0","臺南市","麻豆區","120.265","23.180","273"
"813","158192","20220706005000","726","1","臺南市","麻豆區","120.245","23.185","805"
"26","158195","20220706005000","220","0","臺南市","麻豆區","120.240","23.180","29"
"20","158363","20220706005000","13","3","高雄市","桃源區","120.790","23.185","12"
"116","158397","20220706005000","97","1","臺東縣","池上鄉","121.235","23.130","85"
"479","158398","20220706005000","440","1","臺南市","玉井區","120.470","23.130","500"
"30","158400","20220706005000","178","0","臺南市","玉井區","120.480","23.130","24"
"159","158410","20220706005000","158","1","臺南市","玉井區","120.440","23.135","164"
"120","158457","20220706005000","68","3","臺南市","楠西區","120.490","23.190","94"
"46","158502","20220706005000","57","0","臺南市","楠西區","120.515","23.200","56"
"20","158508","20220706005000","19","1","臺南市","楠西區","120.545","23.205","12"
"728","158533","20220706005000","647","1","臺南市","楠西區","120.485","23.175","733"
"345","158546","20220706005000","306","1","臺南市","楠西區","120.485","23.170","255"
"28","158547","20220706005000","364","0","臺南市","楠西區","120.480","23.175","26"
"18","158550","20220706005000","191","0","臺南市","楠西區","120.480","23.185","11"
"40","158572","20220706005000","38","1","臺南市","楠西區","120.505","23.160","28"
"19","158634","20220706005000","16","1","臺南市","楠西區","120.560","23.180","24"
"10","158638","20220706005000","48","0","臺南市","楠西區","120.525","23.185","10"
"110","158670","20220706005000","71","3","臺南市","楠西區","120.465","23.190","79"
"47","158687","20220706005000","65","0","臺南市","楠西區","120.490","23.200","31"
"290","158849","20220706005000","215","2","臺東縣","成功鎮","121.400","23.155","240"
"73","158905","20220706005000","64","1","臺東縣","成功鎮","121.400","23.170","52"
"98","158933","20220706005000","99","0","臺東縣","成功鎮","121.395","23.180","100"
"88","159028","20220706005000","108","0","高雄市","甲仙區","120.635","23.150","101"
"16","159158","20220706005000","15","1","高雄市","三民區","120.660","23.200","16"
"147","159527","20220706005000","172","0","高雄市","桃源區","120.765","23.160","149"
"94","159574","20220706005000","78","2","高雄市","桃源區","120.770","23.165","65"
"61","159707","20220706005000","33","3","高雄市","桃源區","120.740","23.135","56"
"132","159838","20220706005000","149","0","臺南市","官田區","120.350","23.150","144"
"58","159846","20220706005000","53","1","臺南市","大內區","120.365","23.155","50"
"185","159859","20220706005000","238","0","臺南市","大內區","120.380","23.145","206"
"92","159883","20220706005000","47","3","臺南市","大內區","120.370","23.160","60"
"94","159912","20220706005000","113","0","臺南市","麻豆區","120.225","23.175","68"
"447","159913","20220706005000","546","0","臺南市","麻豆區","120.220","23.180","447"
"620","159928","20220706005000","706","0","臺南市","麻豆區","120.255","23.180","630"
"796","159936","20220706005000","501","3","臺南市","善化區","120.315","23.145","809"
"737","159943","20220706005000","608","2","臺南市","善化區","120.300","23.150","756"
"50","159947","20220706005000","83","0","臺南市","善化區","120.265","23.130","60"
"387","159950","20220706005000","184","3","臺南市","善化區","120.260","23.135","339"
"135","161053","20220706005000","123","1","澎湖縣","七美鄉","119.430","23.215","152"
"72","162017","20220706005000","51","2","臺東縣","長濱鄉","121.415","23.235","48"
"373","164970","20220706005000","333","1","澎湖縣","七美鄉","119.425","23.205","272"
"55","164978","20220706005000","100","0","澎湖縣","望安鄉","119.670","23.245","147"
"533","165017","20220706005000","551","0","臺南市","學甲區","120.195","23.215","509"
"441","165030","20220706005000","569","0","臺南市","學甲區","120.195","23.230","423"
"50","165342","20220706005000","42","1","臺東縣","海端鄉","120.985","23.250","57"
"40","165457","20220706005000","45","0","臺東縣","海端鄉","120.990","23.270","36"
"44","165593","20220706005000","336","0","臺南市","下營區","120.240","23.220","54"
"63","165611","20220706005000","175","0","臺南市","下營區","120.240","23.235","80"
"1488","165635","20220706005000","1787","0","臺南市","下營區","120.265","23.240","1401"
"636","165652","20220706005000","669","0","臺南市","下營區","120.270","23.245","654"
"270","165697","20220706005000","207","2","花蓮縣","富里鄉","121.275","23.215","240"
"455","165713","20220706005000","416","1","臺南市","下營區","120.270","23.210","445"
"25","165716","20220706005000","27","0","花蓮縣","富里鄉","121.340","23.280","13"
"213","165718","20220706005000","131","3","花蓮縣","玉里鎮","121.345","23.285","149"
"205","165736","20220706005000","124","3","花蓮縣","玉里鎮","121.285","23.280","165"
"248","165743","20220706005000","142","3","花蓮縣","玉里鎮","121.280","23.285","231"
"153","165775","20220706005000","142","1","花蓮縣","富里鄉","121.290","23.240","124"
"62","165778","20220706005000","50","2","花蓮縣","富里鄉","121.305","23.240","48"
"124","165815","20220706005000","107","1","花蓮縣","富里鄉","121.295","23.255","108"
"47","165844","20220706005000","224","0","臺南市","新營區","120.265","23.270","50"
"266","165847","20220706005000","304","0","臺南市","新營區","120.275","23.275","271"
"77","165852","20220706005000","66","1","臺南市","六甲區","120.345","23.230","39"
"28","165853","20220706005000","170","0","臺南市","六甲區","120.335","23.235","26"
"776","165855","20220706005000","740","1","臺南市","北門區","120.135","23.240","288"
"91","165858","20220706005000","146","0","臺南市","北門區","120.130","23.250","34"
"96","165860","20220706005000","652","0","臺南市","六甲區","120.350","23.225","107"
"357","165925","20220706005000","375","0","臺南市","六甲區","120.345","23.235","347"
"51","165938","20220706005000","39","2","臺南市","六甲區","120.340","23.250","57"
"23","165969","20220706005000","29","0","臺南市","六甲區","120.400","23.220","29"
"87","165999","20220706005000","460","0","臺南市","柳營區","120.315","23.275","92"
"23","166011","20220706005000","133","0","臺南市","柳營區","120.315","23.265","16"
"79","166028","20220706005000","314","0","臺南市","柳營區","120.295","23.275","92"
"685","166037","20220706005000","317","3","臺南市","柳營區","120.305","23.280","529"
"102","166056","20220706005000","268","0","臺南市","柳營區","120.360","23.280","90"
"190","166060","20220706005000","102","3","臺南市","柳營區","120.355","23.285","149"
"38","166064","20220706005000","228","0","臺南市","柳營區","120.380","23.285","35"
"465","166071","20220706005000","537","0","臺南市","六甲區","120.340","23.225","435"
"68","166077","20220706005000","38","3","臺南市","六甲區","120.315","23.250","47"
"284","166081","20220706005000","303","0","臺南市","六甲區","120.310","23.255","275"
"66","166097","20220706005000","46","2","臺南市","北門區","120.110","23.260","31"
"105","166128","20220706005000","124","0","臺南市","北門區","120.140","23.265","79"
"132","166144","20220706005000","150","0","臺南市","學甲區","120.180","23.285","46"
"67","166153","20220706005000","377","0","臺南市","將軍區","120.165","23.220","383"
"929","166181","20220706005000","501","3","臺南市","北門區","120.095","23.230","489"
"942","166188","20220706005000","1156","0","臺南市","北門區","120.115","23.235","499"
"177","166204","20220706005000","238","0","臺南市","下營區","120.275","23.215","182"
"29","166206","20220706005000","531","0","臺南市","下營區","120.270","23.220","22"
"627","166224","20220706005000","781","0","臺南市","北門區","120.135","23.280","591"
"538","166238","20220706005000","729","0","臺南市","北門區","120.125","23.270","462"
"77","166250","20220706005000","42","3","花蓮縣","富里鄉","121.315","23.220","73"
"260","166256","20220706005000","195","2","花蓮縣","富里鄉","121.275","23.225","218"
"172","166326","20220706005000","149","1","花蓮縣","富里鄉","121.305","23.255","137"
"104","166340","20220706005000","75","2","花蓮縣","富里鄉","121.305","23.265","105"
"75","166344","20220706005000","69","1","花蓮縣","富里鄉","121.300","23.270","59"
"19","166349","20220706005000","128","0","臺南市","官田區","120.320","23.210","20"
"23","166350","20220706005000","193","0","臺南市","官田區","120.325","23.210","23"
"270","166354","20220706005000","231","1","臺南市","官田區","120.320","23.215","266"
"89","166356","20220706005000","590","0","臺南市","官田區","120.330","23.215","116"
"252","166363","20220706005000","209","2","臺南市","官田區","120.340","23.220","185"
"179","166377","20220706005000","597","0","臺南市","官田區","120.310","23.215","170"
"175","166389","20220706005000","205","0","臺南市","官田區","120.360","23.210","188"
"323","166391","20220706005000","165","3","臺南市","官田區","120.370","23.210","305"
"252","166424","20220706005000","232","1","臺南市","北門區","120.145","23.285","140"
"355","166429","20220706005000","251","2","臺南市","將軍區","120.160","23.220","216"
"105","166442","20220706005000","569","0","臺南市","下營區","120.260","23.230","113"
"296","166445","20220706005000","231","2","臺南市","六甲區","120.355","23.220","311"
"1590","166446","20220706005000","2115","0","臺南市","六甲區","120.355","23.230","1646"
"88","166455","20220706005000","81","1","臺南市","六甲區","120.370","23.230","58"
"136","166458","20220706005000","148","0","臺南市","六甲區","120.365","23.235","123"
"162","166495","20220706005000","135","2","臺南市","北門區","120.125","23.240","58"
"479","166562","20220706005000","371","2","臺南市","麻豆區","120.220","23.220","532"
"35","166785","20220706005000","33","1","花蓮縣","富里鄉","121.265","23.215","28"
"385","167284","20220706005000","320","2","臺南市","下營區","120.290","23.245","248"
"53","167340","20220706005000","36","2","花蓮縣","富里鄉","121.315","23.275","37"
"194","167482","20220706005000","172","1","臺南市","東山區","120.470","23.260","163"
"61","167491","20220706005000","48","2","臺南市","東山區","120.515","23.260","41"
"223","167497","20220706005000","147","3","臺南市","東山區","120.480","23.265","186"
"276","167501","20220706005000","192","2","臺南市","東山區","120.500","23.265","203"
"10","167514","20220706005000","78","0","臺南市","東山區","120.395","23.265","21"
"69","167565","20220706005000","147","0","臺南市","東山區","120.445","23.265","70"
"243","167568","20220706005000","203","1","臺南市","東山區","120.445","23.270","256"
"71","167588","20220706005000","78","0","臺南市","東山區","120.445","23.290","109"
"64","167626","20220706005000","142","0","臺南市","東山區","120.405","23.285","69"
"31","167655","20220706005000","26","1","臺南市","東山區","120.465","23.280","28"
"27","167656","20220706005000","214","0","臺南市","東山區","120.470","23.280","30"
"51","167674","20220706005000","44","1","臺南市","東山區","120.500","23.285","47"
"41","167688","20220706005000","31","2","臺南市","東山區","120.515","23.290","36"
"149","167707","20220706005000","170","0","臺南市","將軍區","120.085","23.215","160"
"165","167714","20220706005000","196","0","臺南市","將軍區","120.120","23.220","179"
"77","167750","20220706005000","99","0","臺南市","學甲區","120.165","23.270","58"
"402","167786","20220706005000","449","0","臺南市","鹽水區","120.205","23.260","431"
"63","167813","20220706005000","40","3","臺東縣","長濱鄉","121.410","23.215","46"
"100","167824","20220706005000","83","2","臺東縣","長濱鄉","121.415","23.225","82"
"290","167894","20220706005000","221","2","臺東縣","長濱鄉","121.415","23.250","198"
"33","167952","20220706005000","35","0","臺南市","學甲區","120.185","23.230","20"
"754","167953","20220706005000","986","0","臺南市","學甲區","120.185","23.235","754"
"1815","167958","20220706005000","1026","3","臺南市","學甲區","120.185","23.225","1389"
"166","167982","20220706005000","134","2","臺南市","學甲區","120.195","23.240","139"
"2046","167993","20220706005000","1957","1","臺南市","學甲區","120.180","23.235","1831"
"58","167995","20220706005000","451","0","臺南市","六甲區","120.345","23.220","54"
"56","167997","20220706005000","139","0","臺南市","六甲區","120.320","23.230","50"
"36","168014","20220706005000","177","0","臺南市","六甲區","120.315","23.245","45"
"183","168093","20220706005000","171","1","高雄市","三民區","120.670","23.235","160"
"48","168132","20220706005000","91","0","高雄市","三民區","120.695","23.235","49"
"76","168149","20220706005000","102","0","高雄市","三民區","120.695","23.240","89"
"74","168296","20220706005000","68","1","高雄市","三民區","120.680","23.265","56"
"24","168304","20220706005000","16","3","高雄市","三民區","120.720","23.265","13"
"185","168347","20220706005000","284","0","高雄市","三民區","120.700","23.275","150"
"278","168351","20220706005000","153","3","高雄市","三民區","120.720","23.275","219"
"613","168445","20220706005000","658","0","臺南市","鹽水區","120.235","23.285","636"
"12","168451","20220706005000","39","0","臺南市","柳營區","120.345","23.270","10"
"48","168459","20220706005000","261","0","臺南市","柳營區","120.335","23.285","53"
"666","168462","20220706005000","1011","0","臺南市","柳營區","120.325","23.290","583"
"127","168468","20220706005000","153","0","臺南市","柳營區","120.405","23.235","137"
"129","168484","20220706005000","127","1","臺南市","柳營區","120.420","23.245","124"
"77","168515","20220706005000","424","0","臺南市","柳營區","120.380","23.265","71"
"534","168538","20220706005000","1435","0","臺南市","柳營區","120.315","23.280","584"
"47","168539","20220706005000","568","0","臺南市","柳營區","120.320","23.280","59"
"13","168541","20220706005000","149","0","臺南市","柳營區","120.330","23.280","11"
"83","168545","20220706005000","32","3","臺南市","柳營區","120.380","23.240","63"
"91","168591","20220706005000","211","0","臺南市","柳營區","120.365","23.265","72"
"151","168619","20220706005000","174","0","臺南市","楠西區","120.495","23.215","147"
"40","168624","20220706005000","31","2","臺南市","楠西區","120.520","23.215","17"
"241","168647","20220706005000","140","3","臺南市","楠西區","120.500","23.225","143"
"35","168692","20220706005000","27","2","臺南市","鹽水區","120.245","23.275","15"
"28","168719","20220706005000","26","1","臺東縣","成功鎮","121.400","23.210","19"
"12","168755","20220706005000","128","0","臺東縣","長濱鄉","121.425","23.275","102"
"32","168771","20220706005000","190","0","臺南市","新營區","120.280","23.285","32"
"69","168825","20220706005000","74","0","高雄市","桃源區","120.805","23.220","62"
"84","168996","20220706005000","56","3","高雄市","桃源區","120.815","23.240","91"
"121","169242","20220706005000","97","2","高雄市","桃源區","120.825","23.265","129"
"288","169480","20220706005000","205","2","臺南市","新營區","120.275","23.265","190"
"113","169490","20220706005000","110","1","臺南市","學甲區","120.195","23.275","125"
"285","169506","20220706005000","331","0","臺南市","學甲區","120.205","23.280","275"
"495","169527","20220706005000","573","0","臺南市","學甲區","120.160","23.245","474"
"19","169530","20220706005000","14","2","臺南市","學甲區","120.150","23.250","25"
"362","169555","20220706005000","352","1","臺南市","鹽水區","120.255","23.250","341"
"56","169556","20220706005000","121","0","臺南市","鹽水區","120.250","23.255","55"
"213","169567","20220706005000","298","0","臺南市","將軍區","120.135","23.225","221"
"26","169664","20220706005000","25","1","嘉義縣","大埔鄉","120.625","23.245","21"
"54","169729","20220706005000","44","2","嘉義縣","大埔鄉","120.590","23.270","39"
"26","169739","20220706005000","27","0","嘉義縣","大埔鄉","120.585","23.275","26"
"38","169788","20220706005000","33","1","嘉義縣","大埔鄉","120.545","23.230","37"
"11","169812","20220706005000","12","0","臺南市","東山區","120.520","23.240","11"
"22","169834","20220706005000","31","0","嘉義縣","大埔鄉","120.565","23.245","25"
"12","169837","20220706005000","18","0","嘉義縣","大埔鄉","120.580","23.245","11"
"31","169842","20220706005000","25","2","嘉義縣","大埔鄉","120.535","23.250","26"
"482","174966","20220706005000","382","2","澎湖縣","望安鄉","119.505","23.360","429"
"15","174989","20220706005000","56","0","臺南市","白河區","120.460","23.350","15"
"62","174993","20220706005000","45","2","臺南市","白河區","120.450","23.355","47"
"142","175007","20220706005000","97","2","臺南市","東山區","120.500","23.295","107"
"55","175048","20220706005000","45","2","臺南市","白河區","120.480","23.320","47"
"25","175054","20220706005000","27","0","臺南市","白河區","120.510","23.320","22"
"359","175059","20220706005000","324","1","臺南市","白河區","120.485","23.325","268"
"73","175081","20220706005000","73","1","臺南市","白河區","120.495","23.335","55"
"155","175083","20220706005000","138","1","臺南市","白河區","120.505","23.335","145"
"45","175092","20220706005000","59","0","臺南市","白河區","120.505","23.340","44"
"1493","175108","20220706005000","1198","2","臺南市","新營區","120.310","23.305","1091"
"152","175181","20220706005000","113","2","花蓮縣","玉里鎮","121.335","23.320","133"
"1075","175206","20220706005000","951","1","花蓮縣","玉里鎮","121.310","23.335","827"
"139","175209","20220706005000","108","2","花蓮縣","玉里鎮","121.310","23.340","115"
"75","175217","20220706005000","63","1","花蓮縣","玉里鎮","121.300","23.300","82"
"349","175262","20220706005000","303","1","花蓮縣","玉里鎮","121.300","23.320","263"
"218","175264","20220706005000","185","1","花蓮縣","玉里鎮","121.310","23.320","169"
"39","175284","20220706005000","20","3","花蓮縣","玉里鎮","121.275","23.290","27"
"19","175299","20220706005000","29","0","花蓮縣","玉里鎮","121.290","23.295","21"
"183","175318","20220706005000","665","0","臺南市","白河區","120.410","23.345","196"
"41","175319","20220706005000","475","0","臺南市","白河區","120.405","23.350","41"
"164","175320","20220706005000","621","0","臺南市","白河區","120.410","23.350","150"
"32","175328","20220706005000","52","0","臺南市","白河區","120.460","23.365","45"
"178","175348","20220706005000","249","0","臺南市","白河區","120.440","23.345","160"
"102","175355","20220706005000","122","0","臺南市","新營區","120.330","23.320","147"
"33","175356","20220706005000","499","0","臺南市","新營區","120.335","23.320","46"
"19","175359","20220706005000","16","1","臺南市","新營區","120.350","23.320","11"
"1263","175362","20220706005000","932","2","臺南市","新營區","120.315","23.325","960"
"163","175369","20220706005000","157","1","臺南市","新營區","120.325","23.310","226"
"42","175372","20220706005000","51","0","臺南市","新營區","120.325","23.305","57"
"43","175397","20220706005000","52","0","臺南市","後壁區","120.310","23.370","44"
"451","175398","20220706005000","380","1","臺南市","後壁區","120.315","23.370","454"
"90","175414","20220706005000","552","0","臺南市","後壁區","120.330","23.340","120"
"527","175425","20220706005000","255","3","臺南市","後壁區","120.375","23.330","302"
"146","175446","20220706005000","485","0","臺南市","新營區","120.320","23.320","168"
"301","175467","20220706005000","472","0","臺南市","北門區","120.170","23.300","112"
"168","175484","20220706005000","213","0","臺南市","後壁區","120.330","23.355","178"
"374","175489","20220706005000","547","0","臺南市","新營區","120.270","23.295","393"
"64","175494","20220706005000","219","0","臺南市","新營區","120.280","23.300","54"
"39","175496","20220706005000","237","0","臺南市","新營區","120.280","23.290","40"
"444","175497","20220706005000","804","0","臺南市","後壁區","120.360","23.370","222"
"2109","175499","20220706005000","2408","0","臺南市","後壁區","120.370","23.370","1110"
"1227","175523","20220706005000","1301","0","臺南市","後壁區","120.395","23.370","643"
"1122","175546","20220706005000","841","2","臺南市","新營區","120.310","23.300","830"
"1983","175547","20220706005000","1341","2","臺南市","新營區","120.315","23.310","1604"
"1987","175548","20220706005000","2214","0","臺南市","新營區","120.315","23.315","2005"
"125","175564","20220706005000","243","0","臺南市","後壁區","120.355","23.365","91"
"328","175571","20220706005000","2124","0","臺南市","新營區","120.305","23.310","363"
"91","175572","20220706005000","83","1","臺南市","新營區","120.305","23.315","113"
"52","175573","20220706005000","41","2","臺南市","新營區","120.295","23.305","59"
"156","175574","20220706005000","824","0","臺南市","新營區","120.300","23.305","179"
"1514","175576","20220706005000","1087","2","臺南市","新營區","120.300","23.310","1579"
"177","175585","20220706005000","122","2","臺南市","北門區","120.110","23.300","102"
"140","175647","20220706005000","406","0","臺南市","新營區","120.295","23.295","165"
"23","175648","20220706005000","33","0","臺南市","新營區","120.290","23.300","26"
"56","175651","20220706005000","36","3","臺南市","柳營區","120.300","23.295","24"
"32","175653","20220706005000","14","3","臺南市","柳營區","120.310","23.295","23"
"80","175658","20220706005000","69","1","臺南市","新營區","120.285","23.310","85"
"34","175712","20220706005000","140","0","臺南市","白河區","120.430","23.330","36"
"440","175737","20220706005000","378","1","臺南市","白河區","120.430","23.355","373"
"25","175874","20220706005000","31","0","花蓮縣","卓溪鄉","121.270","23.305","16"
"164","176357","20220706005000","147","1","花蓮縣","玉里鎮","121.300","23.345","145"
"441","176756","20220706005000","343","2","臺南市","新營區","120.325","23.315","370"
"353","176757","20220706005000","304","1","臺南市","新營區","120.330","23.315","247"
"187","176758","20220706005000","162","1","臺南市","新營區","120.325","23.320","274"
"34","176764","20220706005000","40","0","花蓮縣","玉里鎮","121.330","23.300","29"
"19","176769","20220706005000","17","1","臺南市","後壁區","120.340","23.325","24"
"17","176776","20220706005000","27","0","臺南市","後壁區","120.350","23.330","13"
"23","176782","20220706005000","29","0","臺南市","後壁區","120.310","23.335","24"
"254","176798","20220706005000","267","0","臺南市","後壁區","120.350","23.335","82"
"929","176811","20220706005000","1044","0","臺南市","新營區","120.305","23.300","933"
"1017","176812","20220706005000","750","2","臺南市","新營區","120.315","23.305","870"
"10","176814","20220706005000","10","1","臺南市","東山區","120.385","23.310","10"
"743","176863","20220706005000","781","0","臺南市","東山區","120.405","23.320","743"
"170","176885","20220706005000","168","1","臺南市","東山區","120.405","23.325","162"
"125","176921","20220706005000","312","0","臺南市","東山區","120.390","23.295","131"
"407","176933","20220706005000","400","1","臺南市","東山區","120.415","23.300","364"
"225","176942","20220706005000","195","1","臺南市","東山區","120.345","23.300","152"
"659","176986","20220706005000","461","2","臺南市","白河區","120.395","23.340","332"
"155","176994","20220706005000","95","3","臺南市","白河區","120.400","23.350","108"
"688","177006","20220706005000","771","0","臺南市","鹽水區","120.270","23.325","580"
"613","177007","20220706005000","636","0","嘉義縣","義竹鄉","120.255","23.330","603"
"653","177010","20220706005000","504","2","臺南市","鹽水區","120.270","23.330","475"
"220","177054","20220706005000","145","3","臺東縣","長濱鄉","121.470","23.355","154"
"10","177119","20220706005000","10","1","花蓮縣","玉里鎮","121.340","23.340","10"
"28","177169","20220706005000","35","0","花蓮縣","玉里鎮","121.370","23.350","48"
"1472","177425","20220706005000","758","3","臺南市","新營區","120.315","23.300","1131"
"217","177432","20220706005000","305","0","臺南市","鹽水區","120.280","23.330","252"
"355","177436","20220706005000","208","3","臺南市","鹽水區","120.290","23.335","253"
"983","177466","20220706005000","910","1","臺南市","鹽水區","120.270","23.310","983"
"412","177467","20220706005000","489","0","臺南市","新營區","120.275","23.310","404"
"868","177475","20220706005000","656","2","臺南市","鹽水區","120.265","23.325","790"
"123","177480","20220706005000","83","2","臺南市","白河區","120.480","23.325","99"
"133","177500","20220706005000","81","3","臺南市","白河區","120.495","23.340","47"
"21","177550","20220706005000","13","3","臺南市","白河區","120.455","23.310","22"
"13","177568","20220706005000","13","1","臺南市","白河區","120.445","23.320","12"
"311","177580","20220706005000","1265","0","臺南市","白河區","120.415","23.350","261"
"169","177585","20220706005000","300","0","臺南市","柳營區","120.340","23.290","182"
"199","177586","20220706005000","146","2","臺南市","柳營區","120.325","23.295","170"
"253","177599","20220706005000","839","0","臺南市","柳營區","120.365","23.295","252"
"54","177602","20220706005000","29","3","臺南市","鹽水區","120.270","23.320","39"
"365","177603","20220706005000","315","1","花蓮縣","玉里鎮","121.320","23.320","313"
"626","177605","20220706005000","388","3","花蓮縣","玉里鎮","121.310","23.325","526"
"289","177606","20220706005000","161","3","花蓮縣","玉里鎮","121.315","23.325","223"
"235","177609","20220706005000","234","1","花蓮縣","玉里鎮","121.310","23.330","177"
"2196","177610","20220706005000","2023","1","花蓮縣","玉里鎮","121.315","23.330","1912"
"1103","177613","20220706005000","1062","1","花蓮縣","玉里鎮","121.315","23.340","863"
"159","177617","20220706005000","163","0","花蓮縣","玉里鎮","121.320","23.345","142"
"447","177619","20220706005000","448","0","花蓮縣","玉里鎮","121.320","23.330","367"
"147","177624","20220706005000","116","2","花蓮縣","玉里鎮","121.320","23.350","122"
"269","177632","20220706005000","222","2","花蓮縣","卓溪鄉","121.320","23.355","228"
"32","177682","20220706005000","21","3","臺東縣","長濱鄉","121.440","23.325","25"
"96","177742","20220706005000","48","3","臺東縣","長濱鄉","121.425","23.290","57"
"38","177750","20220706005000","27","2","臺東縣","長濱鄉","121.420","23.295","24"
"326","177808","20220706005000","514","0","臺東縣","長濱鄉","121.455","23.315","446"
"203","177813","20220706005000","178","1","臺東縣","長濱鄉","121.460","23.320","171"
"143","177815","20220706005000","99","2","臺東縣","長濱鄉","121.445","23.325","101"
"199","177826","20220706005000","152","2","臺東縣","長濱鄉","121.465","23.335","154"
"828","178630","20220706005000","622","2","臺南市","鹽水區","120.265","23.320","864"
"279","178643","20220706005000","234","1","臺南市","新營區","120.305","23.320","205"
"126","178644","20220706005000","85","2","臺南市","新營區","120.310","23.320","151"
"47","178697","20220706005000","35","2","嘉義縣","中埔鄉","120.510","23.345","28"
"12","178710","20220706005000","15","0","嘉義縣","中埔鄉","120.520","23.350","11"
"261","178722","20220706005000","107","3","嘉義縣","中埔鄉","120.540","23.355","155"
"81","178756","20220706005000","78","1","嘉義縣","中埔鄉","120.495","23.370","123"
"17","178763","20220706005000","16","1","臺南市","鹽水區","120.245","23.295","22"
"277","178768","20220706005000","301","0","臺南市","鹽水區","120.260","23.295","261"
"224","178886","20220706005000","165","2","嘉義縣","布袋鎮","120.140","23.335","214"
"538","178930","20220706005000","186","3","嘉義縣","布袋鎮","120.160","23.320","259"
"848","178938","20220706005000","1105","0","嘉義縣","布袋鎮","120.165","23.325","852"
"75","178970","20220706005000","52","2","嘉義縣","大埔鄉","120.625","23.300","52"
"27","178978","20220706005000","18","3","嘉義縣","大埔鄉","120.605","23.305","19"
"80","179106","20220706005000","65","2","嘉義縣","大埔鄉","120.590","23.295","52"
"390","179113","20220706005000","539","0","嘉義縣","大埔鄉","120.595","23.295","447"
"108","179189","20220706005000","116","0","嘉義縣","大埔鄉","120.570","23.330","77"
"34","179210","20220706005000","24","2","嘉義縣","大埔鄉","120.555","23.340","21"
"19","179249","20220706005000","12","3","嘉義縣","大埔鄉","120.585","23.360","11"
"26","179312","20220706005000","30","0","嘉義縣","番路鄉","120.605","23.355","22"
"162","179320","20220706005000","146","1","嘉義縣","番路鄉","120.590","23.360","122"
"1031","179352","20220706005000","1263","0","嘉義縣","義竹鄉","120.250","23.340","819"
"506","179448","20220706005000","636","0","嘉義縣","義竹鄉","120.240","23.335","383"
"76","179461","20220706005000","57","2","嘉義縣","義竹鄉","120.245","23.335","82"
"561","179521","20220706005000","430","2","嘉義縣","義竹鄉","120.195","23.305","387"
"20","179523","20220706005000","13","3","嘉義縣","義竹鄉","120.205","23.305","16"
"36","179646","20220706005000","27","2","嘉義縣","阿里山鄉","120.680","23.335","34"
"70","179666","20220706005000","50","2","嘉義縣","阿里山鄉","120.680","23.340","51"
"61","179747","20220706005000","81","0","嘉義縣","阿里山鄉","120.665","23.300","79"
"65","179773","20220706005000","64","1","嘉義縣","阿里山鄉","120.695","23.305","55"
"52","179780","20220706005000","38","2","嘉義縣","阿里山鄉","120.665","23.310","39"
"808","179845","20220706005000","729","1","嘉義縣","義竹鄉","120.225","23.320","509"
"889","179874","20220706005000","705","2","嘉義縣","義竹鄉","120.190","23.335","587"
"451","179880","20220706005000","566","0","嘉義縣","義竹鄉","120.230","23.360","225"
"102","179883","20220706005000","80","2","嘉義縣","義竹鄉","120.245","23.360","40"
"541","179922","20220706005000","669","0","嘉義縣","義竹鄉","120.220","23.360","381"
"157","179933","20220706005000","132","1","嘉義縣","義竹鄉","120.210","23.300","149"
"567","179945","20220706005000","522","1","嘉義縣","義竹鄉","120.270","23.360","346"
"166","180132","20220706005000","249","0","澎湖縣","望安鄉","119.520","23.365","171"
"96","180802","20220706005000","156","0","嘉義縣","布袋鎮","120.140","23.375","83"
"105","180804","20220706005000","67","3","臺東縣","長濱鄉","121.475","23.380","85"
"133","181221","20220706005000","123","1","澎湖縣","望安鄉","119.495","23.380","102"
"125","185223","20220706005000","146","0","嘉義縣","東石鄉","120.135","23.450","139"
"979","185452","20220706005000","1482","0","嘉義市","東區","120.455","23.450","1028"
"949","185456","20220706005000","1091","0","嘉義縣","水上鄉","120.430","23.450","769"
"94","185475","20220706005000","97","0","澎湖縣","望安鄉","119.320","23.395","99"
"16","185483","20220706005000","15","1","花蓮縣","玉里鎮","121.350","23.440","14"
"47","185491","20220706005000","53","0","花蓮縣","瑞穗鄉","121.350","23.450","44"
"121","185499","20220706005000","774","0","臺南市","白河區","120.405","23.395","128"
"25","185543","20220706005000","13","3","花蓮縣","玉里鎮","121.390","23.380","10"
"298","185546","20220706005000","253","1","花蓮縣","玉里鎮","121.355","23.385","269"
"19","185565","20220706005000","12","3","花蓮縣","玉里鎮","121.395","23.390","10"
"64","185576","20220706005000","32","3","花蓮縣","玉里鎮","121.355","23.395","58"
"49","185590","20220706005000","50","0","花蓮縣","玉里鎮","121.365","23.405","42"
"119","185598","20220706005000","343","0","臺南市","白河區","120.415","23.380","132"
"248","185635","20220706005000","318","0","臺南市","後壁區","120.380","23.390","258"
"636","185683","20220706005000","802","0","臺南市","後壁區","120.340","23.380","627"
"210","185698","20220706005000","129","3","臺南市","白河區","120.480","23.385","205"
"172","186808","20220706005000","136","2","花蓮縣","卓溪鄉","121.315","23.435","113"
"324","186812","20220706005000","219","2","花蓮縣","卓溪鄉","121.335","23.435","246"
"79","186826","20220706005000","58","2","花蓮縣","卓溪鄉","121.340","23.440","60"
"26","186875","20220706005000","32","0","臺南市","後壁區","120.335","23.380","20"
"17","186914","20220706005000","25","0","臺南市","白河區","120.445","23.380","23"
"60","186915","20220706005000","448","0","臺南市","白河區","120.450","23.380","52"
"255","186921","20220706005000","181","2","臺南市","白河區","120.435","23.390","242"
"15","187008","20220706005000","20","0","臺東縣","長濱鄉","121.480","23.395","16"
"221","187061","20220706005000","185","1","花蓮縣","玉里鎮","121.320","23.395","189"
"138","187086","20220706005000","110","2","花蓮縣","玉里鎮","121.340","23.415","101"
"180","187099","20220706005000","86","3","花蓮縣","玉里鎮","121.345","23.425","131"
"155","187105","20220706005000","126","2","花蓮縣","玉里鎮","121.345","23.430","127"
"17","187111","20220706005000","19","0","花蓮縣","玉里鎮","121.350","23.435","12"
"145","187173","20220706005000","119","2","花蓮縣","玉里鎮","121.395","23.450","115"
"11","187199","20220706005000","13","0","花蓮縣","玉里鎮","121.390","23.395","10"
"293","187253","20220706005000","222","2","花蓮縣","玉里鎮","121.375","23.425","242"
"280","187296","20220706005000","308","0","臺南市","白河區","120.440","23.400","254"
"183","187322","20220706005000","154","1","花蓮縣","玉里鎮","121.330","23.375","153"
"215","187339","20220706005000","118","3","花蓮縣","玉里鎮","121.325","23.390","166"
"21","187385","20220706005000","23","0","臺東縣","長濱鄉","121.465","23.405","16"
"53","187398","20220706005000","50","1","臺東縣","長濱鄉","121.470","23.410","48"
"12","187401","20220706005000","108","0","臺東縣","長濱鄉","121.485","23.410","141"
"549","188051","20220706005000","620","0","嘉義縣","中埔鄉","120.520","23.430","362"
"274","188063","20220706005000","309","0","嘉義縣","中埔鄉","120.560","23.435","290"
"587","188064","20220706005000","960","0","嘉義縣","中埔鄉","120.520","23.420","555"
"339","188069","20220706005000","204","3","嘉義縣","中埔鄉","120.520","23.425","351"
"116","188090","20220706005000","83","2","嘉義縣","中埔鄉","120.510","23.400","110"
"31","188129","20220706005000","447","0","嘉義縣","中埔鄉","120.460","23.445","41"
"407","188131","20220706005000","271","3","嘉義縣","中埔鄉","120.460","23.450","274"
"580","188132","20220706005000","522","1","嘉義縣","中埔鄉","120.470","23.450","496"
"417","188133","20220706005000","621","0","嘉義縣","中埔鄉","120.475","23.450","429"
"1152","188134","20220706005000","1739","0","嘉義縣","中埔鄉","120.465","23.450","1192"
"183","188136","20220706005000","114","3","嘉義縣","中埔鄉","120.485","23.450","120"
"1066","188141","20220706005000","1351","0","嘉義縣","中埔鄉","120.450","23.435","1124"
"604","188144","20220706005000","499","2","嘉義縣","中埔鄉","120.455","23.445","472"
"374","188147","20220706005000","451","0","嘉義縣","中埔鄉","120.480","23.440","390"
"20","188154","20220706005000","129","0","嘉義縣","中埔鄉","120.490","23.445","20"
"499","188193","20220706005000","532","0","嘉義縣","中埔鄉","120.520","23.385","517"
"187","188241","20220706005000","140","2","嘉義縣","中埔鄉","120.580","23.425","143"
"167","188261","20220706005000","157","1","嘉義縣","中埔鄉","120.540","23.390","203"
"13","188280","20220706005000","76","0","嘉義縣","中埔鄉","120.575","23.380","12"
"50","188314","20220706005000","41","2","嘉義縣","中埔鄉","120.590","23.395","36"
"370","188331","20220706005000","471","0","嘉義縣","中埔鄉","120.555","23.405","377"
"48","188335","20220706005000","13","3","嘉義縣","中埔鄉","120.575","23.405","29"
"842","188368","20220706005000","782","1","嘉義縣","中埔鄉","120.540","23.440","614"
"270","188369","20220706005000","207","2","嘉義縣","中埔鄉","120.545","23.440","181"
"226","188382","20220706005000","206","1","嘉義縣","中埔鄉","120.565","23.445","160"
"376","188390","20220706005000","339","1","嘉義縣","中埔鄉","120.530","23.440","314"
"635","188399","20220706005000","388","3","嘉義縣","中埔鄉","120.535","23.450","463"
"229","188417","20220706005000","313","0","嘉義縣","中埔鄉","120.510","23.435","230"
"551","188421","20220706005000","384","2","嘉義縣","中埔鄉","120.510","23.440","433"
"515","188422","20220706005000","717","0","嘉義縣","中埔鄉","120.495","23.445","611"
"332","188442","20220706005000","427","0","嘉義縣","中埔鄉","120.515","23.410","337"
"179","188445","20220706005000","254","0","嘉義縣","中埔鄉","120.530","23.410","203"
"286","188457","20220706005000","434","0","嘉義縣","中埔鄉","120.505","23.425","293"
"29","188462","20220706005000","35","0","嘉義縣","中埔鄉","120.505","23.375","57"
"162","188463","20220706005000","110","2","嘉義縣","中埔鄉","120.510","23.375","162"
"340","188469","20220706005000","381","0","嘉義縣","鹿草鄉","120.315","23.390","345"
"352","188493","20220706005000","439","0","嘉義縣","鹿草鄉","120.320","23.420","346"
"186","188498","20220706005000","130","2","嘉義縣","鹿草鄉","120.320","23.425","211"
"892","188503","20220706005000","951","0","嘉義縣","鹿草鄉","120.315","23.410","901"
"183","188507","20220706005000","117","3","嘉義縣","太保市","120.335","23.430","120"
"197","188508","20220706005000","112","3","嘉義縣","太保市","120.340","23.430","141"
"97","188510","20220706005000","69","2","嘉義縣","鹿草鄉","120.350","23.430","80"
"35","188516","20220706005000","245","0","嘉義縣","太保市","120.340","23.440","43"
"610","188554","20220706005000","440","2","嘉義縣","鹿草鄉","120.340","23.400","442"
"298","188555","20220706005000","254","1","嘉義縣","鹿草鄉","120.290","23.375","214"
"26","188574","20220706005000","329","0","嘉義縣","朴子市","120.245","23.415","29"
"58","188579","20220706005000","294","0","嘉義縣","水上鄉","120.355","23.410","70"
"175","188626","20220706005000","147","1","嘉義縣","鹿草鄉","120.345","23.405","120"
"188","188631","20220706005000","147","2","嘉義縣","鹿草鄉","120.330","23.410","148"
"283","188646","20220706005000","87","3","嘉義縣","朴子市","120.290","23.445","207"
"112","188650","20220706005000","79","2","嘉義縣","朴子市","120.280","23.450","89"
"556","188654","20220706005000","653","0","嘉義縣","布袋鎮","120.170","23.375","530"
"213","188666","20220706005000","135","3","嘉義縣","布袋鎮","120.220","23.390","161"
"193","188716","20220706005000","146","2","嘉義縣","阿里山鄉","120.715","23.390","139"
"153","188874","20220706005000","917","0","嘉義縣","太保市","120.345","23.450","135"
"37","188885","20220706005000","287","0","嘉義縣","太保市","120.320","23.445","44"
"64","188892","20220706005000","372","0","嘉義縣","太保市","120.340","23.450","69"
"131","188897","20220706005000","98","2","嘉義縣","朴子市","120.235","23.440","96"
"20","188921","20220706005000","11","3","嘉義縣","朴子市","120.240","23.450","30"
"180","188949","20220706005000","134","2","嘉義縣","朴子市","120.255","23.410","125"
"418","188956","20220706005000","403","1","嘉義縣","朴子市","120.260","23.420","403"
"84","188966","20220706005000","112","0","嘉義縣","東石鄉","120.145","23.455","91"
"597","188983","20220706005000","295","3","嘉義縣","布袋鎮","120.190","23.375","370"
"58","189028","20220706005000","332","0","嘉義縣","太保市","120.295","23.440","56"
"205","189044","20220706005000","145","2","嘉義縣","東石鄉","120.170","23.430","162"
"155","189051","20220706005000","147","1","嘉義縣","東石鄉","120.180","23.440","153"
"44","189105","20220706005000","137","0","嘉義縣","東石鄉","120.185","23.450","50"
"45","189112","20220706005000","240","0","嘉義縣","東石鄉","120.200","23.455","46"
"13","189120","20220706005000","12","1","嘉義縣","東石鄉","120.150","23.435","11"
"553","189144","20220706005000","385","2","嘉義縣","布袋鎮","120.165","23.375","403"
"46","189152","20220706005000","344","0","嘉義縣","東石鄉","120.205","23.425","44"
"248","189184","20220706005000","184","2","嘉義縣","水上鄉","120.410","23.430","248"
"24","189187","20220706005000","271","0","嘉義縣","水上鄉","120.415","23.430","30"
"605","189189","20220706005000","610","0","嘉義縣","水上鄉","120.415","23.435","630"
"291","189192","20220706005000","234","2","嘉義縣","水上鄉","120.420","23.440","220"
"534","189195","20220706005000","640","0","嘉義縣","布袋鎮","120.180","23.375","570"
"94","189210","20220706005000","132","0","嘉義縣","布袋鎮","120.200","23.400","109"
"146","189224","20220706005000","85","3","嘉義縣","水上鄉","120.435","23.430","112"
"163","189225","20220706005000","176","0","嘉義縣","水上鄉","120.420","23.430","171"
"836","189233","20220706005000","556","3","嘉義縣","水上鄉","120.425","23.440","662"
"37","189242","20220706005000","192","0","嘉義縣","水上鄉","120.370","23.415","49"
"124","189246","20220706005000","150","0","嘉義縣","水上鄉","120.370","23.420","116"
"65","189248","20220706005000","182","0","嘉義縣","水上鄉","120.360","23.425","77"
"285","189268","20220706005000","323","0","嘉義縣","水上鄉","120.495","23.400","250"
"67","189286","20220706005000","52","2","嘉義縣","水上鄉","120.450","23.415","64"
"141","189288","20220706005000","173","0","嘉義縣","水上鄉","120.460","23.415","124"
"108","189292","20220706005000","62","3","嘉義縣","水上鄉","120.450","23.420","70"
"45","189296","20220706005000","64","0","嘉義縣","水上鄉","120.410","23.445","59"
"272","189322","20220706005000","354","0","嘉義縣","水上鄉","120.370","23.440","310"
"94","189337","20220706005000","624","0","嘉義縣","水上鄉","120.360","23.445","110"
"283","189343","20220706005000","289","0","嘉義縣","水上鄉","120.425","23.445","219"
"1205","189344","20220706005000","947","2","嘉義縣","水上鄉","120.430","23.445","887"
"84","189349","20220706005000","46","3","嘉義縣","水上鄉","120.435","23.415","51"
"399","189350","20220706005000","446","0","嘉義縣","水上鄉","120.430","23.420","399"
"604","189351","20220706005000","688","0","嘉義縣","水上鄉","120.435","23.420","610"
"106","189364","20220706005000","74","2","嘉義縣","布袋鎮","120.150","23.375","86"
"289","189365","20220706005000","262","1","嘉義縣","布袋鎮","120.155","23.375","272"
"246","189369","20220706005000","146","3","嘉義縣","布袋鎮","120.150","23.380","160"
"503","189370","20220706005000","351","2","嘉義縣","布袋鎮","120.155","23.380","374"
"101","189382","20220706005000","864","0","嘉義縣","水上鄉","120.470","23.435","110"
"132","189385","20220706005000","121","1","嘉義縣","水上鄉","120.385","23.405","130"
"56","189387","20220706005000","91","0","嘉義縣","水上鄉","120.390","23.410","53"
"289","189388","20220706005000","190","3","嘉義縣","水上鄉","120.385","23.415","240"
"254","189389","20220706005000","457","0","嘉義縣","水上鄉","120.385","23.420","255"
"13","189392","20220706005000","17","0","嘉義縣","水上鄉","120.405","23.450","21"
"491","189393","20220706005000","490","1","嘉義縣","水上鄉","120.435","23.445","357"
"187","189396","20220706005000","378","0","嘉義縣","水上鄉","120.400","23.425","184"
"110","189397","20220706005000","397","0","嘉義縣","水上鄉","120.395","23.430","121"
"1023","189399","20220706005000","1267","0","嘉義縣","水上鄉","120.400","23.430","1139"
"220","189411","20220706005000","301","0","嘉義縣","水上鄉","120.390","23.425","187"
"80","189413","20220706005000","667","0","嘉義縣","水上鄉","120.395","23.435","88"
"383","189416","20220706005000","493","0","嘉義縣","水上鄉","120.400","23.435","363"
"290","189439","20220706005000","354","0","嘉義縣","水上鄉","120.420","23.420","319"
"53","189459","20220706005000","90","0","嘉義縣","水上鄉","120.385","23.425","53"
"292","189461","20220706005000","369","0","嘉義縣","水上鄉","120.380","23.430","331"
"182","189463","20220706005000","360","0","嘉義縣","水上鄉","120.390","23.430","189"
"729","189474","20220706005000","815","0","嘉義縣","鹿草鄉","120.295","23.380","702"
"141","189491","20220706005000","158","0","嘉義縣","鹿草鄉","120.270","23.395","158"
"304","189518","20220706005000","235","2","嘉義縣","鹿草鄉","120.305","23.415","196"
"37","189555","20220706005000","140","0","嘉義縣","鹿草鄉","120.285","23.435","43"
"49","189575","20220706005000","293","0","嘉義縣","朴子市","120.245","23.430","54"
"443","189579","20220706005000","457","0","嘉義縣","朴子市","120.245","23.435","439"
"168","189583","20220706005000","149","1","嘉義縣","朴子市","120.250","23.440","115"
"1260","189591","20220706005000","1486","0","嘉義縣","東石鄉","120.180","23.420","1201"
"70","189607","20220706005000","253","0","嘉義縣","番路鄉","120.660","23.420","216"
"187","189608","20220706005000","84","3","嘉義縣","番路鄉","120.650","23.425","114"
"31","189630","20220706005000","33","0","嘉義縣","番路鄉","120.640","23.440","21"
"105","189633","20220706005000","113","0","嘉義縣","番路鄉","120.655","23.440","98"
"25","189645","20220706005000","26","0","嘉義縣","番路鄉","120.645","23.440","21"
"215","189663","20220706005000","149","2","嘉義縣","番路鄉","120.670","23.445","153"
"154","189673","20220706005000","100","3","嘉義縣","番路鄉","120.645","23.400","122"
"55","189685","20220706005000","30","3","嘉義縣","番路鄉","120.650","23.405","24"
"24","189703","20220706005000","19","2","嘉義縣","番路鄉","120.640","23.415","21"
"55","189705","20220706005000","26","3","嘉義縣","番路鄉","120.605","23.420","41"
"20","189724","20220706005000","19","1","嘉義縣","番路鄉","120.610","23.430","29"
"19","189740","20220706005000","12","3","嘉義縣","番路鄉","120.610","23.445","19"
"86","189756","20220706005000","73","1","嘉義縣","番路鄉","120.620","23.375","86"
"129","189823","20220706005000","142","0","嘉義縣","番路鄉","120.600","23.435","124"
"160","189837","20220706005000","191","0","嘉義縣","番路鄉","120.580","23.450","181"
"276","189852","20220706005000","248","1","嘉義縣","布袋鎮","120.170","23.385","276"
"109","189978","20220706005000","119","0","嘉義縣","阿里山鄉","120.665","23.380","110"
"11","189981","20220706005000","11","1","嘉義縣","阿里山鄉","120.680","23.380","11"
"119","190321","20220706005000","99","2","嘉義縣","阿里山鄉","120.750","23.440","85"
"55","190374","20220706005000","42","2","嘉義縣","阿里山鄉","120.755","23.450","45"
"134","190402","20220706005000","136","0","嘉義縣","義竹鄉","120.245","23.385","145"
"282","190407","20220706005000","263","1","嘉義縣","義竹鄉","120.240","23.375","271"
"103","192504","20220706005000","99","1","澎湖縣","馬公市","119.515","23.485","91"
"215","192620","20220706005000","247","0","嘉義縣","東石鄉","120.165","23.490","198"
"167","192621","20220706005000","79","3","花蓮縣","豐濱鄉","121.510","23.490","132"
"26","194053","20220706005000","119","0","澎湖縣","馬公市","119.515","23.510","28"
"288","194584","20220706005000","289","0","澎湖縣","馬公市","119.595","23.520","359"
"296","194849","20220706005000","295","1","澎湖縣","馬公市","119.580","23.525","328"
"241","194852","20220706005000","89","3","澎湖縣","馬公市","119.595","23.525","179"
"1406","194945","20220706005000","1008","2","嘉義市","東區","120.455","23.495","1192"
"332","194952","20220706005000","215","3","嘉義市","東區","120.485","23.460","242"
"51","194954","20220706005000","52","0","嘉義市","東區","120.495","23.460","39"
"41","194959","20220706005000","45","0","嘉義市","東區","120.485","23.470","33"
"26","194963","20220706005000","38","0","嘉義市","東區","120.490","23.475","24"
"507","194965","20220706005000","1032","0","嘉義市","西區","120.435","23.460","528"
"828","194966","20220706005000","1612","0","嘉義市","西區","120.440","23.460","717"
"558","194967","20220706005000","384","2","嘉義市","西區","120.445","23.460","396"
"19","194968","20220706005000","54","0","嘉義市","西區","120.440","23.475","25"
"887","194969","20220706005000","531","3","嘉義市","西區","120.440","23.490","681"
"1388","194970","20220706005000","1339","1","嘉義市","東區","120.460","23.480","1262"
"954","194971","20220706005000","895","1","嘉義市","東區","120.450","23.480","750"
"826","194972","20220706005000","785","1","嘉義市","東區","120.450","23.490","854"
"308","194973","20220706005000","2042","0","嘉義市","東區","120.450","23.495","296"
"986","194974","20220706005000","953","1","嘉義市","西區","120.415","23.485","1009"
"444","194975","20220706005000","684","0","嘉義市","西區","120.405","23.490","426"
"1212","194980","20220706005000","2431","0","嘉義市","西區","120.425","23.475","983"
"452","194981","20220706005000","630","0","嘉義市","西區","120.430","23.470","480"
"69","194985","20220706005000","1702","0","嘉義市","東區","120.470","23.490","146"
"502","194986","20220706005000","487","1","嘉義市","東區","120.470","23.495","363"
"415","194988","20220706005000","380","1","嘉義市","東區","120.480","23.495","358"
"976","194993","20220706005000","785","2","嘉義市","東區","120.450","23.500","716"
"48","194994","20220706005000","565","0","嘉義市","東區","120.450","23.505","79"
"786","194995","20220706005000","647","2","嘉義市","東區","120.455","23.505","631"
"206","194996","20220706005000","243","0","嘉義市","東區","120.445","23.510","172"
"469","195001","20220706005000","1481","0","嘉義市","東區","120.485","23.485","464"
"500","195002","20220706005000","407","2","嘉義市","東區","120.490","23.480","398"
"1529","195003","20220706005000","1265","2","嘉義市","東區","120.455","23.490","1326"
"2243","195004","20220706005000","2154","1","嘉義市","東區","120.455","23.480","1766"
"555","195006","20220706005000","288","3","嘉義市","西區","120.420","23.480","402"
"745","195007","20220706005000","1009","0","嘉義市","西區","120.430","23.480","747"
"589","195008","20220706005000","501","1","嘉義市","西區","120.420","23.490","465"
"749","195009","20220706005000","2677","0","嘉義市","西區","120.430","23.465","813"
"1264","195011","20220706005000","882","2","嘉義市","西區","120.425","23.485","1055"
"883","195012","20220706005000","1878","0","嘉義市","西區","120.435","23.480","778"
"1574","195013","20220706005000","2071","0","嘉義市","西區","120.430","23.485","1266"
"22","195015","20220706005000","31","0","嘉義市","西區","120.395","23.490","39"
"110","195016","20220706005000","86","2","嘉義市","西區","120.400","23.490","115"
"22","195017","20220706005000","23","0","嘉義市","西區","120.390","23.495","27"
"1687","195022","20220706005000","1143","2","嘉義市","西區","120.440","23.480","1092"
"538","195024","20220706005000","430","2","嘉義市","西區","120.430","23.495","561"
"952","195025","20220706005000","1478","0","嘉義市","西區","120.425","23.490","935"
"2083","195033","20220706005000","1164","3","嘉義市","東區","120.450","23.475","1564"
"1735","195036","20220706005000","1000","3","嘉義市","東區","120.450","23.460","1388"
"2309","195037","20220706005000","1943","1","嘉義市","東區","120.455","23.455","2085"
"100","195038","20220706005000","1851","0","嘉義市","西區","120.435","23.470","163"
"261","195039","20220706005000","195","2","嘉義市","西區","120.430","23.455","215"
"31","195040","20220706005000","450","0","嘉義市","西區","120.430","23.460","40"
"86","195041","20220706005000","1244","0","嘉義市","西區","120.440","23.485","140"
"105","195042","20220706005000","109","0","嘉義市","西區","120.395","23.465","118"
"418","195047","20220706005000","333","2","嘉義市","西區","120.405","23.470","317"
"438","195049","20220706005000","394","1","嘉義市","西區","120.405","23.475","325"
"63","195053","20220706005000","563","0","嘉義市","西區","120.445","23.500","107"
"1690","195054","20220706005000","1829","0","嘉義市","東區","120.465","23.490","1364"
"29","195055","20220706005000","14","3","嘉義市","東區","120.465","23.495","19"
"538","195056","20220706005000","308","3","嘉義市","東區","120.460","23.470","404"
"1862","195057","20220706005000","1083","3","嘉義市","東區","120.470","23.480","1538"
"37","195058","20220706005000","878","0","嘉義市","東區","120.465","23.475","98"
"2045","195060","20220706005000","1759","1","嘉義市","西區","120.435","23.475","1018"
"1380","195061","20220706005000","771","3","嘉義市","西區","120.440","23.465","665"
"15","195062","20220706005000","452","0","嘉義市","西區","120.450","23.465","22"
"1302","195064","20220706005000","2028","0","嘉義市","西區","120.440","23.470","1050"
"10","195065","20220706005000","11","0","嘉義市","東區","120.455","23.485","12"
"45","195066","20220706005000","636","0","嘉義市","東區","120.450","23.485","73"
"534","195069","20220706005000","498","1","嘉義市","西區","120.415","23.475","504"
"1412","195073","20220706005000","3173","0","嘉義市","西區","120.440","23.455","1263"
"2775","195075","20220706005000","2513","1","嘉義市","西區","120.445","23.475","1560"
"1876","195076","20220706005000","2189","0","嘉義市","東區","120.465","23.465","1469"
"1279","195083","20220706005000","807","3","嘉義市","東區","120.445","23.515","994"
"379","195084","20220706005000","820","0","嘉義市","東區","120.465","23.480","328"
"431","195086","20220706005000","949","0","嘉義市","東區","120.480","23.465","468"
"1131","195090","20220706005000","891","2","嘉義市","東區","120.475","23.475","950"
"44","195093","20220706005000","708","0","嘉義市","東區","120.470","23.485","57"
"860","195094","20220706005000","549","3","嘉義市","東區","120.475","23.485","623"
"39","195098","20220706005000","17","3","嘉義市","東區","120.500","23.475","16"
"12","195100","20220706005000","324","0","嘉義市","東區","120.485","23.480","24"
"709","195103","20220706005000","500","2","嘉義市","東區","120.500","23.480","612"
"558","195108","20220706005000","399","2","嘉義市","東區","120.490","23.485","434"
"13","195109","20220706005000","12","1","嘉義市","東區","120.495","23.485","13"
"61","195113","20220706005000","850","0","嘉義市","東區","120.470","23.475","90"
"875","195114","20220706005000","598","2","嘉義市","東區","120.455","23.500","716"
"153","195115","20220706005000","100","3","嘉義市","東區","120.475","23.490","134"
"789","195118","20220706005000","616","2","嘉義市","東區","120.480","23.490","619"
"948","195120","20220706005000","1890","0","嘉義市","東區","120.455","23.475","772"
"1099","195121","20220706005000","1602","0","嘉義市","西區","120.430","23.490","1078"
"70","195122","20220706005000","903","0","嘉義市","西區","120.435","23.485","123"
"117","195123","20220706005000","990","0","嘉義市","西區","120.435","23.490","153"
"697","195124","20220706005000","657","1","嘉義市","西區","120.450","23.470","547"
"837","195127","20220706005000","436","3","嘉義市","東區","120.470","23.470","657"
"32","195128","20220706005000","716","0","嘉義市","東區","120.475","23.480","56"
"506","195129","20220706005000","458","1","嘉義市","東區","120.465","23.485","417"
"35","195131","20220706005000","41","0","嘉義市","東區","120.480","23.480","55"
"905","195133","20220706005000","758","1","嘉義市","東區","120.460","23.490","726"
"57","195139","20220706005000","529","0","嘉義市","西區","120.405","23.480","65"
"451","195147","20220706005000","306","2","嘉義市","西區","120.415","23.465","361"
"70","195148","20220706005000","1759","0","嘉義市","西區","120.420","23.465","113"
"995","195150","20220706005000","663","3","嘉義市","西區","120.415","23.470","728"
"80","195151","20220706005000","84","0","嘉義市","西區","120.420","23.470","68"
"843","195154","20220706005000","471","3","嘉義市","西區","120.440","23.495","709"
"101","195158","20220706005000","94","1","嘉義市","東區","120.430","23.505","136"
"212","195159","20220706005000","137","3","嘉義市","西區","120.435","23.505","152"
"735","195160","20220706005000","841","0","嘉義市","西區","120.445","23.485","663"
"2098","195161","20220706005000","1333","3","嘉義市","東區","120.460","23.465","1620"
"682","195162","20220706005000","1349","0","嘉義市","西區","120.445","23.470","554"
"155","195164","20220706005000","98","3","嘉義市","西區","120.425","23.465","157"
"55","195165","20220706005000","76","0","嘉義市","西區","120.425","23.480","75"
"1661","195166","20220706005000","1181","2","嘉義市","西區","120.445","23.480","1274"
"634","195167","20220706005000","827","0","嘉義市","東區","120.460","23.455","646"
"329","195169","20220706005000","225","2","嘉義市","東區","120.465","23.460","269"
"2022","195170","20220706005000","1466","2","嘉義市","東區","120.455","23.465","1691"
"651","195171","20220706005000","566","1","嘉義市","東區","120.455","23.470","563"
"364","195183","20220706005000","392","0","澎湖縣","馬公市","119.590","23.515","473"
"272","195202","20220706005000","223","2","澎湖縣","馬公市","119.605","23.525","277"
"175","195219","20220706005000","151","1","花蓮縣","瑞穗鄉","121.375","23.495","153"
"60","195220","20220706005000","64","0","花蓮縣","瑞穗鄉","121.375","23.500","86"
"441","195222","20220706005000","392","1","花蓮縣","瑞穗鄉","121.375","23.505","374"
"295","195231","20220706005000","238","2","花蓮縣","瑞穗鄉","121.390","23.490","226"
"1509","195232","20220706005000","1238","2","花蓮縣","瑞穗鄉","121.380","23.495","1194"
"79","195268","20220706005000","60","2","花蓮縣","瑞穗鄉","121.355","23.465","68"
"76","195289","20220706005000","70","1","花蓮縣","瑞穗鄉","121.360","23.475","57"
"354","195291","20220706005000","274","2","花蓮縣","瑞穗鄉","121.370","23.475","342"
"42","195336","20220706005000","32","2","花蓮縣","瑞穗鄉","121.390","23.520","44"
"21","195346","20220706005000","10","3","花蓮縣","瑞穗鄉","121.390","23.525","13"
"86","195430","20220706005000","51","3","花蓮縣","瑞穗鄉","121.445","23.490","64"
"198","196332","20220706005000","165","2","花蓮縣","瑞穗鄉","121.375","23.515","156"
"75","196345","20220706005000","44","3","花蓮縣","瑞穗鄉","121.360","23.480","58"
"377","196360","20220706005000","198","3","花蓮縣","瑞穗鄉","121.355","23.490","229"
"373","196364","20220706005000","275","2","花蓮縣","瑞穗鄉","121.375","23.490","290"
"72","196368","20220706005000","46","3","花蓮縣","瑞穗鄉","121.360","23.495","67"
"183","196453","20220706005000","161","1","花蓮縣","卓溪鄉","121.325","23.490","160"
"288","196567","20220706005000","185","3","花蓮縣","豐濱鄉","121.505","23.470","280"
"92","196575","20220706005000","36","3","花蓮縣","豐濱鄉","121.505","23.475","69"
"101","196592","20220706005000","53","3","花蓮縣","豐濱鄉","121.510","23.480","57"
"64","196639","20220706005000","51","2","花蓮縣","豐濱鄉","121.500","23.455","52"
"256","196667","20220706005000","138","3","花蓮縣","玉里鎮","121.405","23.465","179"
"144","196709","20220706005000","83","3","花蓮縣","玉里鎮","121.395","23.455","106"
"1035","196774","20220706005000","792","2","嘉義縣","中埔鄉","120.465","23.455","746"
"927","196781","20220706005000","1701","0","嘉義縣","民雄鄉","120.430","23.520","932"
"462","196789","20220706005000","498","0","嘉義縣","民雄鄉","120.440","23.515","401"
"293","196793","20220706005000","228","2","嘉義縣","六腳鄉","120.290","23.520","329"
"544","196815","20220706005000","611","0","嘉義縣","六腳鄉","120.250","23.510","554"
"46","196825","20220706005000","37","2","嘉義縣","六腳鄉","120.225","23.485","37"
"163","196836","20220706005000","103","3","嘉義縣","六腳鄉","120.285","23.500","96"
"200","196856","20220706005000","166","2","雲林縣","水林鄉","120.225","23.505","207"
"69","196879","20220706005000","336","0","嘉義縣","六腳鄉","120.245","23.485","74"
"225","196886","20220706005000","198","1","嘉義縣","民雄鄉","120.415","23.525","231"
"20","196888","20220706005000","14","2","嘉義縣","民雄鄉","120.425","23.525","21"
"66","196895","20220706005000","170","0","嘉義縣","太保市","120.310","23.460","65"
"142","196913","20220706005000","117","2","嘉義縣","新港鄉","120.375","23.515","107"
"217","196921","20220706005000","904","0","嘉義縣","新港鄉","120.380","23.525","274"
"313","196935","20220706005000","326","0","嘉義縣","六腳鄉","120.280","23.505","276"
"522","196963","20220706005000","524","0","嘉義縣","六腳鄉","120.310","23.500","394"
"752","197018","20220706005000","833","0","嘉義縣","太保市","120.335","23.490","809"
"717","197019","20220706005000","484","2","嘉義縣","太保市","120.340","23.495","594"
"2146","197036","20220706005000","2276","0","嘉義縣","太保市","120.365","23.500","2294"
"15","197041","20220706005000","93","0","嘉義縣","太保市","120.360","23.510","20"
"849","197046","20220706005000","592","2","嘉義縣","太保市","120.370","23.500","581"
"20","197053","20220706005000","16","2","嘉義縣","六腳鄉","120.265","23.525","21"
"289","197055","20220706005000","295","0","嘉義縣","六腳鄉","120.275","23.525","294"
"80","197536","20220706005000","82","0","南投縣","信義鄉","120.870","23.470","67"
"29","197634","20220706005000","24","2","南投縣","信義鄉","120.825","23.510","22"
"366","197682","20220706005000","824","0","嘉義縣","民雄鄉","120.440","23.520","377"
"857","197684","20220706005000","1278","0","嘉義縣","民雄鄉","120.440","23.525","883"
"1001","197685","20220706005000","1709","0","嘉義縣","民雄鄉","120.445","23.525","1078"
"50","197686","20220706005000","45","1","嘉義縣","民雄鄉","120.450","23.525","56"
"88","197696","20220706005000","61","2","嘉義縣","民雄鄉","120.425","23.510","69"
"490","197703","20220706005000","354","2","嘉義縣","民雄鄉","120.465","23.505","373"
"468","197710","20220706005000","453","1","嘉義縣","民雄鄉","120.475","23.515","467"
"49","197714","20220706005000","58","0","嘉義縣","民雄鄉","120.480","23.520","64"
"142","197719","20220706005000","88","3","雲林縣","水林鄉","120.205","23.530","91"
"313","197727","20220706005000","140","3","嘉義縣","太保市","120.380","23.490","209"
"263","197729","20220706005000","226","1","嘉義縣","太保市","120.370","23.495","254"
"166","197749","20220706005000","98","3","嘉義縣","太保市","120.385","23.480","153"
"1197","197755","20220706005000","964","2","嘉義縣","朴子市","120.285","23.465","964"
"201","197756","20220706005000","136","2","嘉義縣","朴子市","120.290","23.465","245"
"36","197762","20220706005000","23","3","嘉義縣","太保市","120.290","23.470","29"
"53","197764","20220706005000","224","0","嘉義縣","太保市","120.290","23.475","58"
"231","197766","20220706005000","138","3","嘉義縣","朴子市","120.240","23.470","192"
"27","197770","20220706005000","81","0","嘉義縣","新港鄉","120.310","23.515","29"
"21","197781","20220706005000","100","0","嘉義縣","新港鄉","120.330","23.520","28"
"64","197788","20220706005000","438","0","嘉義縣","朴子市","120.285","23.455","62"
"23","197789","20220706005000","169","0","嘉義縣","朴子市","120.290","23.455","28"
"369","197794","20220706005000","1040","0","嘉義縣","朴子市","120.285","23.460","275"
"40","197795","20220706005000","230","0","嘉義縣","朴子市","120.290","23.460","55"
"845","197796","20220706005000","706","1","嘉義縣","朴子市","120.265","23.465","717"
"66","197797","20220706005000","413","0","嘉義縣","朴子市","120.255","23.455","80"
"62","197799","20220706005000","41","3","嘉義縣","朴子市","120.265","23.455","62"
"691","197800","20220706005000","254","3","嘉義縣","朴子市","120.250","23.460","482"
"104","197802","20220706005000","61","3","嘉義縣","朴子市","120.260","23.460","108"
"403","197804","20220706005000","224","3","嘉義縣","朴子市","120.255","23.465","323"
"143","197820","20220706005000","139","1","嘉義縣","新港鄉","120.365","23.515","158"
"94","197822","20220706005000","294","0","嘉義縣","新港鄉","120.350","23.520","100"
"84","197827","20220706005000","439","0","嘉義縣","新港鄉","120.355","23.520","77"
"42","197830","20220706005000","132","0","嘉義縣","新港鄉","120.330","23.510","41"
"56","197832","20220706005000","57","0","嘉義縣","新港鄉","120.340","23.510","55"
"128","197837","20220706005000","82","3","嘉義縣","新港鄉","120.340","23.515","76"
"55","197862","20220706005000","52","1","嘉義縣","阿里山鄉","120.790","23.505","46"
"203","197867","20220706005000","244","0","嘉義縣","阿里山鄉","120.810","23.515","186"
"122","197868","20220706005000","86","2","嘉義縣","阿里山鄉","120.815","23.515","89"
"290","197899","20220706005000","267","1","嘉義縣","太保市","120.335","23.475","294"
"191","197906","20220706005000","270","0","嘉義縣","太保市","120.345","23.480","174"
"48","197913","20220706005000","171","0","嘉義縣","太保市","120.300","23.465","56"
"24","197924","20220706005000","151","0","嘉義縣","太保市","120.300","23.470","18"
"49","197940","20220706005000","35","2","南投縣","信義鄉","120.890","23.490","44"
"105","198035","20220706005000","114","0","雲林縣","水林鄉","120.230","23.515","74"
"666","198046","20220706005000","462","2","雲林縣","水林鄉","120.230","23.520","532"
"1622","198052","20220706005000","1295","2","嘉義縣","朴子市","120.245","23.470","1430"
"58","198053","20220706005000","479","0","嘉義縣","六腳鄉","120.250","23.470","71"
"136","198057","20220706005000","1090","0","嘉義縣","朴子市","120.245","23.465","147"
"178","198066","20220706005000","1131","0","嘉義縣","朴子市","120.240","23.465","162"
"495","198068","20220706005000","240","3","嘉義縣","朴子市","120.225","23.460","392"
"239","198071","20220706005000","949","0","嘉義縣","朴子市","120.235","23.465","254"
"622","198076","20220706005000","377","3","嘉義縣","朴子市","120.270","23.480","460"
"71","198087","20220706005000","180","0","嘉義縣","太保市","120.355","23.465","72"
"1382","198089","20220706005000","2503","0","嘉義縣","太保市","120.380","23.500","1408"
"12","198113","20220706005000","92","0","雲林縣","水林鄉","120.225","23.510","11"
"730","198129","20220706005000","419","3","嘉義縣","太保市","120.325","23.455","746"
"87","198131","20220706005000","347","0","嘉義縣","太保市","120.335","23.455","74"
"64","198135","20220706005000","324","0","嘉義縣","太保市","120.335","23.460","54"
"97","198141","20220706005000","663","0","嘉義縣","太保市","120.295","23.455","83"
"162","198144","20220706005000","913","0","嘉義縣","太保市","120.295","23.460","160"
"181","198164","20220706005000","168","1","嘉義縣","東石鄉","120.170","23.480","194"
"11","198175","20220706005000","12","0","嘉義縣","東石鄉","120.195","23.465","11"
"41","198190","20220706005000","31","2","嘉義縣","東石鄉","120.145","23.465","22"
"46","198208","20220706005000","34","2","嘉義縣","梅山鄉","120.710","23.520","32"
"135","198214","20220706005000","133","1","嘉義縣","梅山鄉","120.710","23.525","119"
"496","198237","20220706005000","588","0","嘉義縣","東石鄉","120.170","23.465","534"
"369","198282","20220706005000","441","0","嘉義縣","東石鄉","120.185","23.490","380"
"15","198283","20220706005000","11","2","嘉義縣","東石鄉","120.185","23.495","15"
"772","198309","20220706005000","771","1","嘉義縣","東石鄉","120.150","23.460","754"
"337","198354","20220706005000","187","3","嘉義縣","東石鄉","120.155","23.500","217"
"155","198358","20220706005000","169","0","嘉義縣","東石鄉","120.175","23.500","171"
"88","198378","20220706005000","75","1","嘉義縣","東石鄉","120.160","23.510","75"
"201","198419","20220706005000","192","1","嘉義縣","梅山鄉","120.660","23.525","218"
"42","198450","20220706005000","39","1","嘉義縣","民雄鄉","120.450","23.520","58"
"162","198452","20220706005000","106","3","嘉義縣","民雄鄉","120.460","23.520","101"
"52","198455","20220706005000","53","0","嘉義縣","民雄鄉","120.455","23.525","51"
"253","198456","20220706005000","337","0","嘉義縣","民雄鄉","120.460","23.525","219"
"194","198457","20220706005000","130","2","嘉義縣","民雄鄉","120.450","23.530","129"
"862","198458","20220706005000","634","2","嘉義縣","民雄鄉","120.455","23.530","689"
"467","198459","20220706005000","466","1","嘉義縣","民雄鄉","120.460","23.530","457"
"107","198474","20220706005000","113","0","嘉義縣","民雄鄉","120.475","23.525","122"
"37","198490","20220706005000","142","0","嘉義縣","新港鄉","120.390","23.515","31"
"65","198491","20220706005000","54","2","嘉義縣","民雄鄉","120.400","23.515","54"
"536","198495","20220706005000","595","0","嘉義縣","民雄鄉","120.410","23.520","553"
"44","198501","20220706005000","51","0","嘉義縣","民雄鄉","120.415","23.520","57"
"819","198503","20220706005000","880","0","嘉義縣","民雄鄉","120.430","23.530","731"
"416","198542","20220706005000","189","3","嘉義縣","六腳鄉","120.300","23.505","293"
"27","198546","20220706005000","28","0","嘉義縣","六腳鄉","120.300","23.515","27"
"38","198646","20220706005000","109","0","嘉義縣","水上鄉","120.375","23.460","29"
"180","198651","20220706005000","145","2","雲林縣","水林鄉","120.210","23.515","137"
"312","198686","20220706005000","479","0","嘉義縣","水上鄉","120.410","23.455","343"
"319","198687","20220706005000","167","3","嘉義縣","水上鄉","120.415","23.455","229"
"926","198691","20220706005000","365","3","嘉義市","西區","120.415","23.460","773"
"48","198693","20220706005000","90","0","嘉義縣","水上鄉","120.420","23.460","74"
"1194","198697","20220706005000","1009","1","嘉義縣","六腳鄉","120.295","23.490","1216"
"341","198713","20220706005000","249","2","雲林縣","口湖鄉","120.185","23.525","268"
"703","198720","20220706005000","811","0","嘉義縣","水上鄉","120.400","23.455","705"
"217","198726","20220706005000","1148","0","嘉義縣","朴子市","120.245","23.460","239"
"30","198735","20220706005000","17","3","嘉義縣","六腳鄉","120.260","23.530","22"
"22","198765","20220706005000","14","3","嘉義縣","竹崎鄉","120.580","23.520","17"
"191","198769","20220706005000","247","0","嘉義縣","番路鄉","120.555","23.465","183"
"508","198770","20220706005000","677","0","嘉義縣","番路鄉","120.560","23.465","551"
"179","198785","20220706005000","229","0","嘉義縣","番路鄉","120.505","23.455","183"
"93","198844","20220706005000","118","0","嘉義縣","番路鄉","120.620","23.480","95"
"34","198849","20220706005000","16","3","嘉義縣","番路鄉","120.625","23.485","26"
"87","198869","20220706005000","59","2","嘉義縣","番路鄉","120.540","23.460","71"
"268","198871","20220706005000","243","1","嘉義縣","番路鄉","120.550","23.460","189"
"99","198874","20220706005000","141","0","嘉義縣","番路鄉","120.540","23.465","76"
"10","198875","20220706005000","44","0","嘉義縣","番路鄉","120.535","23.470","10"
"200","198880","20220706005000","129","3","嘉義縣","番路鄉","120.600","23.455","137"
"168","198884","20220706005000","227","0","嘉義縣","番路鄉","120.595","23.460","170"
"60","198885","20220706005000","49","2","嘉義縣","番路鄉","120.600","23.460","42"
"20","198891","20220706005000","147","0","嘉義縣","番路鄉","120.530","23.475","16"
"664","198892","20220706005000","768","0","嘉義縣","番路鄉","120.535","23.475","685"
"122","198893","20220706005000","89","2","嘉義縣","番路鄉","120.510","23.480","101"
"30","198896","20220706005000","54","0","嘉義縣","番路鄉","120.525","23.480","32"
"273","198913","20220706005000","195","2","嘉義縣","竹崎鄉","120.685","23.460","173"
"120","198918","20220706005000","111","1","嘉義縣","竹崎鄉","120.695","23.475","112"
"48","198922","20220706005000","34","2","嘉義縣","竹崎鄉","120.700","23.480","25"
"19","198923","20220706005000","14","2","嘉義縣","竹崎鄉","120.705","23.480","14"
"37","198932","20220706005000","27","2","嘉義縣","竹崎鄉","120.705","23.485","22"
"121","198946","20220706005000","123","0","嘉義縣","竹崎鄉","120.695","23.500","89"
"162","198952","20220706005000","170","0","嘉義縣","竹崎鄉","120.695","23.505","152"
"36","198964","20220706005000","29","2","嘉義縣","竹崎鄉","120.660","23.505","19"
"180","198983","20220706005000","128","2","嘉義縣","竹崎鄉","120.635","23.520","114"
"74","199039","20220706005000","58","2","嘉義縣","竹崎鄉","120.650","23.470","60"
"147","199063","20220706005000","120","2","嘉義縣","竹崎鄉","120.680","23.480","103"
"617","199106","20220706005000","568","1","嘉義縣","竹崎鄉","120.570","23.485","411"
"267","199108","20220706005000","265","1","嘉義縣","竹崎鄉","120.555","23.485","276"
"43","199120","20220706005000","22","3","嘉義縣","竹崎鄉","120.540","23.515","33"
"1118","199122","20220706005000","1285","0","嘉義縣","竹崎鄉","120.550","23.515","1204"
"351","199146","20220706005000","470","0","嘉義縣","竹崎鄉","120.570","23.500","331"
"44","199161","20220706005000","397","0","嘉義縣","竹崎鄉","120.550","23.530","51"
"76","199213","20220706005000","48","3","嘉義縣","竹崎鄉","120.590","23.465","46"
"218","199237","20220706005000","170","2","嘉義縣","竹崎鄉","120.605","23.470","214"
"64","199241","20220706005000","56","1","嘉義縣","竹崎鄉","120.585","23.475","43"
"250","199248","20220706005000","201","2","嘉義縣","竹崎鄉","120.575","23.480","158"
"523","199280","20220706005000","429","2","嘉義縣","竹崎鄉","120.505","23.485","410"
"722","199288","20220706005000","822","0","嘉義縣","竹崎鄉","120.500","23.490","773"
"745","199291","20220706005000","581","2","嘉義縣","竹崎鄉","120.520","23.490","534"
"362","199297","20220706005000","456","0","嘉義縣","竹崎鄉","120.495","23.495","379"
"476","199306","20220706005000","295","3","嘉義縣","竹崎鄉","120.500","23.500","301"
"339","199313","20220706005000","312","1","嘉義縣","竹崎鄉","120.505","23.525","268"
"268","199322","20220706005000","295","0","嘉義縣","竹崎鄉","120.515","23.530","260"
"187","199330","20220706005000","231","0","嘉義縣","竹崎鄉","120.495","23.510","188"
"130","199332","20220706005000","92","2","嘉義縣","竹崎鄉","120.495","23.515","104"
"769","199353","20220706005000","782","0","嘉義縣","竹崎鄉","120.570","23.505","750"
"159","199358","20220706005000","129","2","嘉義縣","竹崎鄉","120.610","23.510","138"
"133","199367","20220706005000","161","0","嘉義縣","竹崎鄉","120.605","23.515","91"
"133","199379","20220706005000","58","3","嘉義縣","竹崎鄉","120.610","23.520","115"
"50","199459","20220706005000","61","0","嘉義縣","阿里山鄉","120.950","23.465","37"
"16","199523","20220706005000","12","2","嘉義縣","阿里山鄉","120.795","23.490","11"
"13","199541","20220706005000","11","1","嘉義縣","阿里山鄉","120.800","23.500","10"
"48","199552","20220706005000","40","2","嘉義縣","阿里山鄉","120.815","23.505","39"
"507","199555","20220706005000","575","0","嘉義縣","阿里山鄉","120.805","23.510","496"
"204","199603","20220706005000","163","2","嘉義縣","阿里山鄉","120.730","23.530","166"
"80","199642","20220706005000","100","0","嘉義縣","阿里山鄉","120.755","23.490","83"
"51","199653","20220706005000","40","2","嘉義縣","阿里山鄉","120.745","23.495","47"
"100","199699","20220706005000","49","3","嘉義縣","阿里山鄉","120.740","23.515","55"
"95","199719","20220706005000","67","2","嘉義縣","阿里山鄉","120.720","23.455","33"
"33","199725","20220706005000","38","0","嘉義縣","阿里山鄉","120.700","23.460","32"
"156","199742","20220706005000","136","1","嘉義縣","阿里山鄉","120.730","23.465","86"
"134","199744","20220706005000","55","3","嘉義縣","竹崎鄉","120.695","23.470","121"
"305","199745","20220706005000","356","0","嘉義縣","阿里山鄉","120.700","23.470","348"
"69","199748","20220706005000","61","1","嘉義縣","阿里山鄉","120.715","23.470","61"
"94","199760","20220706005000","77","2","嘉義縣","阿里山鄉","120.715","23.480","74"
"66","199769","20220706005000","52","2","嘉義縣","阿里山鄉","120.720","23.485","46"
"115","199777","20220706005000","128","0","嘉義縣","阿里山鄉","120.750","23.455","110"
"34","199798","20220706005000","18","3","嘉義縣","阿里山鄉","120.775","23.460","15"
"368","199875","20220706005000","213","3","嘉義縣","竹崎鄉","120.595","23.485","243"
"207","199886","20220706005000","127","3","嘉義縣","竹崎鄉","120.595","23.495","155"
"426","199897","20220706005000","402","1","嘉義縣","竹崎鄉","120.550","23.485","344"
"136","199900","20220706005000","260","0","嘉義縣","竹崎鄉","120.540","23.495","129"
"492","199903","20220706005000","676","0","嘉義縣","竹崎鄉","120.540","23.500","508"
"79","199909","20220706005000","70","1","嘉義縣","竹崎鄉","120.595","23.525","75"
"116","199920","20220706005000","120","0","嘉義縣","竹崎鄉","120.510","23.490","130"
"514","199938","20220706005000","592","0","嘉義縣","竹崎鄉","120.525","23.515","495"
"247","200367","20220706005000","366","0","澎湖縣","馬公市","119.550","23.535","214"
"70","201149","20220706005000","68","1","澎湖縣","馬公市","119.570","23.550","120"
"488","201150","20220706005000","208","3","澎湖縣","馬公市","119.575","23.550","306"
"85","201400","20220706005000","167","0","澎湖縣","馬公市","119.570","23.555","71"
"441","202108","20220706005000","549","0","澎湖縣","西嶼鄉","119.485","23.565","404"
"693","202121","20220706005000","574","2","澎湖縣","馬公市","119.565","23.565","701"
"148","202367","20220706005000","170","0","澎湖縣","馬公市","119.565","23.570","200"
"75","202600","20220706005000","60","2","澎湖縣","西嶼鄉","119.500","23.575","71"
"729","202858","20220706005000","978","0","澎湖縣","馬公市","119.575","23.580","654"
"15","202863","20220706005000","13","1","澎湖縣","湖西鄉","119.625","23.580","14"
"112","203106","20220706005000","123","0","澎湖縣","馬公市","119.570","23.585","106"
"738","203108","20220706005000","520","2","澎湖縣","馬公市","119.580","23.585","767"
"178","203109","20220706005000","110","3","澎湖縣","馬公市","119.585","23.585","179"
"20","203624","20220706005000","14","2","澎湖縣","湖西鄉","119.670","23.595","23"
"32","203877","20220706005000","15","3","澎湖縣","湖西鄉","119.640","23.600","34"
"34","203940","20220706005000","40","0","澎湖縣","馬公市","119.570","23.560","60"
"701","203941","20220706005000","861","0","澎湖縣","馬公市","119.570","23.565","845"
"1666","203942","20220706005000","1940","0","澎湖縣","馬公市","119.570","23.570","1563"
"420","203945","20220706005000","333","2","澎湖縣","湖西鄉","119.615","23.570","335"
"48","203947","20220706005000","255","0","澎湖縣","湖西鄉","119.625","23.570","62"
"179","203951","20220706005000","256","0","澎湖縣","馬公市","119.600","23.555","163"
"34","203964","20220706005000","204","0","澎湖縣","湖西鄉","119.620","23.600","53"
"411","203989","20220706005000","260","3","澎湖縣","西嶼鄉","119.480","23.565","309"
"204","203992","20220706005000","210","0","澎湖縣","湖西鄉","119.615","23.595","250"
"99","203994","20220706005000","96","1","澎湖縣","湖西鄉","119.665","23.585","100"
"32","204001","20220706005000","14","3","澎湖縣","馬公市","119.590","23.550","30"
"1370","204013","20220706005000","1146","1","澎湖縣","馬公市","119.600","23.570","1495"
"117","204018","20220706005000","443","0","澎湖縣","馬公市","119.580","23.560","161"
"1649","204021","20220706005000","726","3","澎湖縣","馬公市","119.585","23.565","1400"
"1206","204022","20220706005000","535","3","澎湖縣","馬公市","119.590","23.565","951"
"174","204025","20220706005000","171","1","澎湖縣","湖西鄉","119.630","23.565","184"
"117","204033","20220706005000","201","0","澎湖縣","湖西鄉","119.655","23.565","139"
"380","204042","20220706005000","315","2","澎湖縣","馬公市","119.545","23.540","284"
"449","204045","20220706005000","725","0","澎湖縣","湖西鄉","119.670","23.570","317"
"262","204049","20220706005000","325","0","澎湖縣","馬公市","119.575","23.570","262"
"741","204050","20220706005000","501","2","澎湖縣","馬公市","119.580","23.570","685"
"2824","204052","20220706005000","2920","0","澎湖縣","馬公市","119.575","23.575","2790"
"103","204053","20220706005000","638","0","澎湖縣","馬公市","119.580","23.575","139"
"693","204054","20220706005000","564","2","澎湖縣","馬公市","119.580","23.580","726"
"476","204067","20220706005000","286","3","澎湖縣","馬公市","119.615","23.555","376"
"86","204074","20220706005000","76","1","澎湖縣","湖西鄉","119.620","23.565","104"
"297","204075","20220706005000","300","0","澎湖縣","湖西鄉","119.650","23.570","305"
"502","204080","20220706005000","487","1","澎湖縣","湖西鄉","119.650","23.580","481"
"239","204087","20220706005000","192","2","澎湖縣","西嶼鄉","119.505","23.585","302"
"252","204092","20220706005000","351","0","澎湖縣","西嶼鄉","119.510","23.600","270"
"303","204107","20220706005000","246","2","澎湖縣","馬公市","119.560","23.560","234"
"552","204108","20220706005000","493","1","澎湖縣","馬公市","119.565","23.560","488"
"31","204109","20220706005000","30","1","澎湖縣","馬公市","119.595","23.550","13"
"55","204111","20220706005000","359","0","澎湖縣","馬公市","119.595","23.555","57"
"389","204113","20220706005000","229","3","澎湖縣","馬公市","119.605","23.535","299"
"64","204120","20220706005000","264","0","澎湖縣","馬公市","119.610","23.545","101"
"22","204123","20220706005000","16","2","澎湖縣","馬公市","119.615","23.550","33"
"367","204124","20220706005000","206","3","澎湖縣","馬公市","119.620","23.550","313"
"69","204136","20220706005000","151","0","澎湖縣","湖西鄉","119.640","23.580","70"
"291","204137","20220706005000","348","0","澎湖縣","湖西鄉","119.645","23.580","281"
"131","204161","20220706005000","136","0","澎湖縣","湖西鄉","119.640","23.555","164"
"28","204163","20220706005000","158","0","澎湖縣","湖西鄉","119.635","23.560","35"
"33","204174","20220706005000","430","0","澎湖縣","湖西鄉","119.615","23.590","50"
"89","204179","20220706005000","23","3","澎湖縣","湖西鄉","119.680","23.555","74"
"357","204185","20220706005000","330","1","澎湖縣","湖西鄉","119.670","23.565","347"
"1808","204189","20220706005000","793","3","澎湖縣","馬公市","119.575","23.565","1477"
"100","204191","20220706005000","760","0","澎湖縣","馬公市","119.585","23.555","87"
"568","204192","20220706005000","341","3","澎湖縣","馬公市","119.585","23.560","556"
"58","204194","20220706005000","503","0","澎湖縣","馬公市","119.595","23.560","102"
"1069","204195","20220706005000","985","1","澎湖縣","馬公市","119.600","23.560","1092"
"12","204200","20220706005000","14","0","澎湖縣","馬公市","119.600","23.565","12"
"61","204307","20220706005000","55","1","花蓮縣","瑞穗鄉","121.370","23.575","50"
"283","204313","20220706005000","223","2","花蓮縣","瑞穗鄉","121.375","23.575","227"
"199","204317","20220706005000","149","2","花蓮縣","瑞穗鄉","121.370","23.580","156"
"118","204319","20220706005000","105","1","花蓮縣","瑞穗鄉","121.380","23.580","106"
"53","204320","20220706005000","31","3","花蓮縣","萬榮鄉","121.355","23.585","34"
"135","204355","20220706005000","108","2","花蓮縣","瑞穗鄉","121.385","23.570","105"
"101","204381","20220706005000","71","2","花蓮縣","瑞穗鄉","121.385","23.580","73"
"44","204384","20220706005000","35","2","花蓮縣","瑞穗鄉","121.400","23.580","47"
"168","204421","20220706005000","121","2","花蓮縣","光復鄉","121.390","23.605","129"
"54","204446","20220706005000","40","2","花蓮縣","光復鄉","121.385","23.605","44"
"181","204758","20220706005000","155","1","花蓮縣","瑞穗鄉","121.375","23.540","150"
"37","205305","20220706005000","19","3","花蓮縣","豐濱鄉","121.525","23.575","27"
"124","205386","20220706005000","71","3","花蓮縣","豐濱鄉","121.525","23.595","93"
"206","205403","20220706005000","169","2","花蓮縣","豐濱鄉","121.520","23.600","167"
"73","205422","20220706005000","48","3","花蓮縣","豐濱鄉","121.530","23.605","44"
"31","205447","20220706005000","47","0","花蓮縣","光復鄉","121.420","23.605","29"
"329","205461","20220706005000","427","0","雲林縣","元長鄉","120.350","23.600","269"
"49","205475","20220706005000","60","0","嘉義縣","民雄鄉","120.400","23.555","65"
"503","205481","20220706005000","576","0","嘉義縣","民雄鄉","120.400","23.560","374"
"245","205482","20220706005000","155","3","嘉義縣","溪口鄉","120.405","23.560","184"
"834","205486","20220706005000","638","2","嘉義縣","民雄鄉","120.420","23.550","636"
"27","205488","20220706005000","37","0","嘉義縣","民雄鄉","120.425","23.555","28"
"520","205494","20220706005000","389","2","嘉義縣","民雄鄉","120.380","23.545","416"
"387","205501","20220706005000","329","1","嘉義縣","民雄鄉","120.445","23.560","302"
"432","205502","20220706005000","366","1","嘉義縣","民雄鄉","120.450","23.560","310"
"44","205523","20220706005000","57","0","嘉義縣","民雄鄉","120.450","23.570","77"
"611","205531","20220706005000","585","1","嘉義縣","民雄鄉","120.435","23.565","455"
"85","205537","20220706005000","177","0","嘉義縣","民雄鄉","120.435","23.535","121"
"210","205548","20220706005000","162","2","嘉義縣","六腳鄉","120.295","23.540","163"
"375","205557","20220706005000","270","2","嘉義縣","六腳鄉","120.300","23.550","253"
"102","205571","20220706005000","241","0","雲林縣","水林鄉","120.245","23.605","100"
"75","205579","20220706005000","39","3","雲林縣","水林鄉","120.220","23.595","51"
"10","205586","20220706005000","218","0","雲林縣","水林鄉","120.235","23.605","10"
"83","205593","20220706005000","436","0","嘉義縣","新港鄉","120.345","23.570","95"
"81","205600","20220706005000","396","0","嘉義縣","新港鄉","120.345","23.550","81"
"246","205605","20220706005000","162","3","嘉義縣","新港鄉","120.330","23.560","169"
"117","205606","20220706005000","68","3","嘉義縣","新港鄉","120.335","23.560","73"
"38","205615","20220706005000","161","0","嘉義縣","新港鄉","120.340","23.575","64"
"384","205623","20220706005000","276","2","雲林縣","元長鄉","120.335","23.610","305"
"181","205641","20220706005000","162","1","嘉義縣","新港鄉","120.350","23.590","129"
"79","205670","20220706005000","24","3","雲林縣","口湖鄉","120.170","23.605","31"
"329","206056","20220706005000","304","1","南投縣","信義鄉","120.925","23.560","237"
"538","206426","20220706005000","497","1","南投縣","信義鄉","120.895","23.595","391"
"14","206748","20220706005000","11","2","雲林縣","北港鎮","120.285","23.555","14"
"875","206759","20220706005000","941","0","嘉義縣","溪口鄉","120.400","23.605","838"
"524","206766","20220706005000","680","0","嘉義縣","民雄鄉","120.430","23.550","557"
"1133","206767","20220706005000","976","1","嘉義縣","民雄鄉","120.430","23.555","882"
"763","206768","20220706005000","758","1","嘉義縣","民雄鄉","120.435","23.555","642"
"378","206781","20220706005000","287","2","雲林縣","北港鎮","120.325","23.585","120"
"78","206786","20220706005000","803","0","雲林縣","北港鎮","120.295","23.575","132"
"275","206789","20220706005000","296","0","雲林縣","北港鎮","120.300","23.580","398"
"670","206790","20220706005000","615","1","雲林縣","北港鎮","120.305","23.580","563"
"66","206794","20220706005000","59","1","雲林縣","北港鎮","120.310","23.585","59"
"72","206797","20220706005000","770","0","雲林縣","北港鎮","120.310","23.590","69"
"288","206815","20220706005000","232","2","嘉義縣","大林鎮","120.465","23.600","272"
"398","206822","20220706005000","248","3","嘉義縣","大林鎮","120.470","23.605","304"
"84","206825","20220706005000","499","0","嘉義縣","大林鎮","120.485","23.605","93"
"289","206830","20220706005000","295","0","嘉義縣","民雄鄉","120.445","23.545","192"
"19","206834","20220706005000","26","0","嘉義縣","民雄鄉","120.440","23.550","20"
"138","206837","20220706005000","152","0","嘉義縣","民雄鄉","120.455","23.550","124"
"304","206858","20220706005000","388","0","嘉義縣","民雄鄉","120.480","23.535","285"
"77","206869","20220706005000","94","0","嘉義縣","民雄鄉","120.500","23.540","86"
"17","206879","20220706005000","28","0","嘉義縣","民雄鄉","120.415","23.560","33"
"25","206882","20220706005000","26","0","嘉義縣","民雄鄉","120.410","23.565","21"
"11","206903","20220706005000","87","0","雲林縣","水林鄉","120.235","23.580","18"
"393","206905","20220706005000","216","3","雲林縣","水林鄉","120.230","23.585","284"
"132","206936","20220706005000","79","3","雲林縣","水林鄉","120.265","23.605","104"
"1027","206940","20220706005000","1027","1","雲林縣","北港鎮","120.300","23.565","1060"
"387","206943","20220706005000","221","3","雲林縣","北港鎮","120.310","23.575","325"
"418","206964","20220706005000","324","2","嘉義縣","新港鄉","120.360","23.590","413"
"53","206982","20220706005000","436","0","嘉義縣","新港鄉","120.370","23.555","54"
"341","206991","20220706005000","565","0","嘉義縣","新港鄉","120.350","23.555","337"
"573","206992","20220706005000","398","2","嘉義縣","新港鄉","120.355","23.555","444"
"59","206994","20220706005000","773","0","嘉義縣","新港鄉","120.350","23.560","63"
"675","206997","20220706005000","496","2","嘉義縣","新港鄉","120.320","23.565","504"
"14","207025","20220706005000","156","0","嘉義縣","新港鄉","120.335","23.540","20"
"774","207038","20220706005000","549","2","嘉義縣","新港鄉","120.345","23.555","741"
"51","207039","20220706005000","28","3","嘉義縣","新港鄉","120.345","23.560","36"
"21","207040","20220706005000","101","0","嘉義縣","新港鄉","120.345","23.535","21"
"28","207051","20220706005000","298","0","嘉義縣","新港鄉","120.375","23.560","42"
"20","207166","20220706005000","27","0","南投縣","信義鄉","120.915","23.545","13"
"68","207172","20220706005000","99","0","南投縣","信義鄉","120.880","23.550","100"
"36","207177","20220706005000","42","0","南投縣","信義鄉","120.905","23.550","10"
"209","207208","20220706005000","180","1","南投縣","信義鄉","120.905","23.565","162"
"396","207242","20220706005000","292","2","南投縣","信義鄉","120.890","23.590","297"
"1020","207256","20220706005000","1044","0","雲林縣","北港鎮","120.305","23.565","854"
"214","207266","20220706005000","156","2","嘉義縣","新港鄉","120.310","23.565","141"
"1991","207275","20220706005000","1543","2","雲林縣","北港鎮","120.290","23.575","1749"
"78","207299","20220706005000","50","3","嘉義縣","梅山鄉","120.600","23.560","40"
"147","207304","20220706005000","104","2","嘉義縣","梅山鄉","120.595","23.565","95"
"161","207305","20220706005000","219","0","嘉義縣","梅山鄉","120.605","23.565","164"
"90","207326","20220706005000","120","0","嘉義縣","梅山鄉","120.625","23.550","93"
"296","207338","20220706005000","380","0","嘉義縣","梅山鄉","120.580","23.545","311"
"782","207352","20220706005000","1077","0","嘉義縣","梅山鄉","120.555","23.585","790"
"675","207353","20220706005000","849","0","嘉義縣","梅山鄉","120.560","23.585","662"
"561","207356","20220706005000","403","2","嘉義縣","梅山鄉","120.550","23.590","413"
"407","207360","20220706005000","438","0","嘉義縣","大林鎮","120.450","23.605","373"
"40","207367","20220706005000","422","0","嘉義縣","大林鎮","120.525","23.595","51"
"169","207373","20220706005000","392","0","嘉義縣","大林鎮","120.500","23.605","187"
"878","207387","20220706005000","629","2","雲林縣","北港鎮","120.275","23.600","635"
"236","207403","20220706005000","234","1","雲林縣","北港鎮","120.325","23.595","207"
"455","207414","20220706005000","479","0","雲林縣","北港鎮","120.280","23.560","368"
"183","207435","20220706005000","195","0","雲林縣","古坑鄉","120.540","23.595","156"
"41","207462","20220706005000","111","0","雲林縣","古坑鄉","120.595","23.600","91"
"159","207463","20220706005000","123","2","雲林縣","古坑鄉","120.600","23.600","104"
"145","207465","20220706005000","112","2","雲林縣","古坑鄉","120.610","23.600","109"
"34","207467","20220706005000","24","2","雲林縣","古坑鄉","120.620","23.600","30"
"54","207494","20220706005000","43","2","雲林縣","古坑鄉","120.640","23.605","43"
"21","207498","20220706005000","116","0","雲林縣","古坑鄉","120.570","23.605","13"
"205","207505","20220706005000","256","0","嘉義縣","大林鎮","120.470","23.580","192"
"193","207507","20220706005000","383","0","嘉義縣","大林鎮","120.465","23.585","159"
"55","207511","20220706005000","55","1","嘉義縣","大林鎮","120.505","23.560","51"
"111","207523","20220706005000","375","0","嘉義縣","大林鎮","120.495","23.570","176"
"10","207536","20220706005000","45","0","嘉義縣","大林鎮","120.505","23.575","16"
"50","207556","20220706005000","437","0","嘉義縣","大林鎮","120.500","23.580","60"
"12","207558","20220706005000","103","0","嘉義縣","大林鎮","120.510","23.580","21"
"286","207564","20220706005000","230","2","嘉義縣","大林鎮","120.495","23.585","207"
"19","207576","20220706005000","272","0","嘉義縣","大林鎮","120.475","23.590","26"
"291","207578","20220706005000","304","0","嘉義縣","大林鎮","120.465","23.595","214"
"159","207585","20220706005000","148","1","嘉義縣","大林鎮","120.505","23.590","140"
"14","207587","20220706005000","165","0","嘉義縣","大林鎮","120.515","23.590","13"
"60","207592","20220706005000","530","0","嘉義縣","大林鎮","120.505","23.595","74"
"69","207596","20220706005000","34","3","嘉義縣","大林鎮","120.505","23.600","72"
"188","207602","20220706005000","193","0","嘉義縣","大林鎮","120.455","23.595","130"
"494","207604","20220706005000","780","0","嘉義縣","大林鎮","120.455","23.600","402"
"1299","207605","20220706005000","1426","0","嘉義縣","大林鎮","120.460","23.600","1008"
"165","207606","20220706005000","137","2","嘉義縣","大林鎮","120.460","23.605","115"
"225","207613","20220706005000","284","0","嘉義縣","大林鎮","120.445","23.610","232"
"26","207617","20220706005000","388","0","嘉義縣","大林鎮","120.445","23.595","31"
"1191","207626","20220706005000","1136","1","嘉義縣","大林鎮","120.455","23.605","1037"
"225","207628","20220706005000","1475","0","雲林縣","水林鄉","120.240","23.570","259"
"648","207634","20220706005000","465","2","雲林縣","水林鄉","120.250","23.575","475"
"19","207650","20220706005000","12","3","雲林縣","水林鄉","120.265","23.535","18"
"282","207670","20220706005000","157","3","嘉義縣","溪口鄉","120.395","23.600","191"
"98","207674","20220706005000","71","2","嘉義縣","梅山鄉","120.575","23.560","79"
"151","207675","20220706005000","214","0","嘉義縣","梅山鄉","120.580","23.560","163"
"579","207684","20220706005000","812","0","嘉義縣","梅山鄉","120.565","23.575","603"
"38","207691","20220706005000","43","0","嘉義縣","梅山鄉","120.580","23.580","33"
"100","207701","20220706005000","41","3","嘉義縣","梅山鄉","120.600","23.565","70"
"35","207703","20220706005000","85","0","嘉義縣","梅山鄉","120.580","23.570","28"
"300","207707","20220706005000","139","3","嘉義縣","梅山鄉","120.595","23.570","300"
"81","207721","20220706005000","70","1","嘉義縣","梅山鄉","120.600","23.575","69"
"382","207727","20220706005000","526","0","嘉義縣","梅山鄉","120.555","23.545","392"
"94","207736","20220706005000","75","2","嘉義縣","梅山鄉","120.545","23.555","70"
"83","207753","20220706005000","46","3","嘉義縣","梅山鄉","120.715","23.535","50"
"38","207756","20220706005000","37","1","嘉義縣","梅山鄉","120.730","23.535","22"
"227","207761","20220706005000","163","2","嘉義縣","梅山鄉","120.710","23.540","163"
"150","207793","20220706005000","113","2","嘉義縣","梅山鄉","120.740","23.555","102"
"147","207860","20220706005000","167","0","雲林縣","古坑鄉","120.695","23.580","115"
"116","207910","20220706005000","74","3","雲林縣","古坑鄉","120.690","23.595","68"
"46","207945","20220706005000","44","1","雲林縣","古坑鄉","120.710","23.605","40"
"34","207962","20220706005000","17","3","雲林縣","古坑鄉","120.575","23.595","23"
"19","207964","20220706005000","16","1","雲林縣","古坑鄉","120.585","23.595","18"
"289","207970","20220706005000","122","3","雲林縣","古坑鄉","120.590","23.585","172"
"159","207983","20220706005000","110","2","雲林縣","古坑鄉","120.595","23.595","131"
"96","207985","20220706005000","52","3","雲林縣","古坑鄉","120.585","23.600","71"
"434","207988","20220706005000","353","2","雲林縣","口湖鄉","120.165","23.535","326"
"595","208006","20220706005000","659","0","雲林縣","口湖鄉","120.185","23.585","438"
"109","208021","20220706005000","58","3","嘉義縣","梅山鄉","120.625","23.570","68"
"167","208025","20220706005000","128","2","嘉義縣","梅山鄉","120.625","23.575","169"
"255","208030","20220706005000","236","1","嘉義縣","新港鄉","120.310","23.570","187"
"370","208049","20220706005000","291","2","雲林縣","口湖鄉","120.160","23.560","280"
"48","208080","20220706005000","193","0","雲林縣","口湖鄉","120.150","23.580","37"
"103","208091","20220706005000","16","3","雲林縣","口湖鄉","120.140","23.585","22"
"379","208131","20220706005000","269","2","嘉義縣","民雄鄉","120.410","23.570","282"
"477","208146","20220706005000","495","0","雲林縣","大埤鄉","120.370","23.610","472"
"536","208152","20220706005000","561","0","嘉義縣","梅山鄉","120.560","23.580","549"
"202","208158","20220706005000","159","2","嘉義縣","梅山鄉","120.560","23.565","136"
"195","208165","20220706005000","258","0","嘉義縣","梅山鄉","120.555","23.575","201"
"99","208171","20220706005000","117","0","嘉義縣","梅山鄉","120.680","23.535","87"
"139","208176","20220706005000","188","0","嘉義縣","梅山鄉","120.665","23.540","157"
"132","208180","20220706005000","84","3","嘉義縣","梅山鄉","120.685","23.540","84"
"208","208200","20220706005000","239","0","嘉義縣","梅山鄉","120.665","23.550","243"
"45","208203","20220706005000","31","2","嘉義縣","梅山鄉","120.680","23.550","33"
"132","208265","20220706005000","107","2","嘉義縣","梅山鄉","120.530","23.580","114"
"258","208301","20220706005000","184","2","嘉義縣","梅山鄉","120.525","23.550","197"
"178","208303","20220706005000","160","1","嘉義縣","梅山鄉","120.535","23.550","126"
"446","208323","20220706005000","463","0","嘉義縣","民雄鄉","120.465","23.555","333"
"1149","208324","20220706005000","1992","0","嘉義縣","民雄鄉","120.470","23.555","1096"
"140","208325","20220706005000","139","1","嘉義縣","民雄鄉","120.475","23.555","138"
"24","208326","20220706005000","17","2","嘉義縣","民雄鄉","120.480","23.555","18"
"347","208328","20220706005000","910","0","嘉義縣","民雄鄉","120.470","23.560","294"
"359","208329","20220706005000","543","0","嘉義縣","民雄鄉","120.475","23.560","391"
"71","208332","20220706005000","122","0","嘉義縣","民雄鄉","120.475","23.565","54"
"131","208340","20220706005000","96","2","嘉義縣","民雄鄉","120.410","23.545","90"
"600","208347","20220706005000","395","3","嘉義縣","民雄鄉","120.400","23.535","488"
"59","208352","20220706005000","538","0","嘉義縣","民雄鄉","120.460","23.535","74"
"484","208357","20220706005000","369","2","嘉義縣","民雄鄉","120.460","23.545","356"
"1279","208359","20220706005000","1222","1","嘉義縣","民雄鄉","120.425","23.560","970"
"27","208363","20220706005000","326","0","嘉義縣","民雄鄉","120.425","23.570","50"
"70","208371","20220706005000","161","0","嘉義縣","民雄鄉","120.430","23.575","58"
"381","208380","20220706005000","124","3","嘉義縣","民雄鄉","120.390","23.545","251"
"496","208390","20220706005000","403","2","嘉義縣","民雄鄉","120.420","23.540","421"
"103","208392","20220706005000","135","0","嘉義縣","民雄鄉","120.430","23.540","74"
"243","208407","20220706005000","169","2","雲林縣","口湖鄉","120.175","23.570","181"
"385","208415","20220706005000","318","2","雲林縣","口湖鄉","120.190","23.575","285"
"410","208452","20220706005000","443","0","嘉義縣","溪口鄉","120.430","23.585","426"
"10","208454","20220706005000","297","0","嘉義縣","溪口鄉","120.440","23.585","10"
"452","208468","20220706005000","520","0","嘉義縣","溪口鄉","120.385","23.595","476"
"217","208486","20220706005000","209","1","嘉義縣","溪口鄉","120.390","23.605","221"
"505","208497","20220706005000","499","1","嘉義縣","六腳鄉","120.300","23.560","355"
"445","208503","20220706005000","584","0","嘉義縣","六腳鄉","120.290","23.535","467"
"752","208508","20220706005000","445","3","雲林縣","口湖鄉","120.180","23.585","501"
"314","208528","20220706005000","250","2","雲林縣","口湖鄉","120.140","23.550","255"
"745","208546","20220706005000","330","3","雲林縣","口湖鄉","120.150","23.565","572"
"206","208554","20220706005000","178","1","雲林縣","水林鄉","120.270","23.565","157"
"1168","208568","20220706005000","895","2","雲林縣","口湖鄉","120.190","23.545","889"
"337","208573","20220706005000","319","1","雲林縣","北港鎮","120.285","23.610","271"
"1202","208589","20220706005000","1361","0","雲林縣","北港鎮","120.300","23.570","660"
"825","208590","20220706005000","808","1","雲林縣","北港鎮","120.300","23.575","725"
"55","208617","20220706005000","468","0","雲林縣","水林鄉","120.220","23.560","61"
"397","208629","20220706005000","269","2","雲林縣","水林鄉","120.205","23.575","293"
"457","208638","20220706005000","330","2","雲林縣","水林鄉","120.230","23.540","354"
"130","208647","20220706005000","401","0","雲林縣","水林鄉","120.250","23.550","149"
"190","208695","20220706005000","128","2","嘉義縣","竹崎鄉","120.555","23.540","130"
"177","208704","20220706005000","96","3","嘉義縣","竹崎鄉","120.560","23.540","118"
"78","208793","20220706005000","71","1","嘉義縣","阿里山鄉","120.750","23.570","62"
"57","208821","20220706005000","49","1","嘉義縣","阿里山鄉","120.750","23.580","54"
"31","208866","20220706005000","31","1","嘉義縣","阿里山鄉","120.750","23.590","25"
"80","209129","20220706005000","115","0","澎湖縣","湖西鄉","119.625","23.605","82"
"154","209899","20220706005000","94","3","澎湖縣","白沙鄉","119.570","23.615","113"
"54","209905","20220706005000","222","0","澎湖縣","白沙鄉","119.605","23.615","47"
"87","210790","20220706005000","36","3","花蓮縣","豐濱鄉","121.535","23.635","54"
"82","210927","20220706005000","105","0","澎湖縣","西嶼鄉","119.530","23.635","101"
"181","210940","20220706005000","206","0","澎湖縣","白沙鄉","119.600","23.635","191"
"40","211725","20220706005000","10","3","澎湖縣","白沙鄉","119.630","23.650","19"
"428","212241","20220706005000","242","3","澎湖縣","白沙鄉","119.655","23.660","323"
"603","212745","20220706005000","439","2","澎湖縣","白沙鄉","119.595","23.665","583"
"24","213442","20220706005000","18","2","澎湖縣","白沙鄉","119.555","23.660","38"
"34","213444","20220706005000","149","0","澎湖縣","白沙鄉","119.590","23.655","49"
"20","213447","20220706005000","19","1","澎湖縣","白沙鄉","119.600","23.650","22"
"11","213448","20220706005000","14","0","澎湖縣","白沙鄉","119.560","23.655","13"
"272","213454","20220706005000","118","3","澎湖縣","白沙鄉","119.560","23.660","206"
"129","213465","20220706005000","119","1","澎湖縣","白沙鄉","119.595","23.650","145"
"126","213491","20220706005000","131","0","澎湖縣","西嶼鄉","119.510","23.615","120"
"162","213509","20220706005000","204","0","澎湖縣","西嶼鄉","119.515","23.630","147"
"72","213516","20220706005000","97","0","澎湖縣","西嶼鄉","119.515","23.650","79"
"396","213554","20220706005000","372","1","花蓮縣","光復鄉","121.430","23.675","317"
"99","213627","20220706005000","92","1","花蓮縣","光復鄉","121.420","23.660","91"
"355","213652","20220706005000","332","1","花蓮縣","光復鄉","121.420","23.670","379"
"100","213675","20220706005000","80","2","花蓮縣","光復鄉","121.415","23.680","56"
"105","213820","20220706005000","49","3","花蓮縣","光復鄉","121.430","23.635","65"
"78","214398","20220706005000","43","3","花蓮縣","豐濱鄉","121.540","23.655","60"
"29","214415","20220706005000","16","3","花蓮縣","豐濱鄉","121.545","23.670","22"
"64","214424","20220706005000","48","2","花蓮縣","豐濱鄉","121.530","23.680","52"
"42","214495","20220706005000","35","2","花蓮縣","豐濱鄉","121.485","23.640","30"
"13","214506","20220706005000","157","0","雲林縣","四湖鄉","120.180","23.650","13"
"66","214521","20220706005000","17","3","雲林縣","四湖鄉","120.185","23.660","37"
"263","214544","20220706005000","205","2","雲林縣","四湖鄉","120.275","23.650","191"
"352","214550","20220706005000","243","2","雲林縣","元長鄉","120.275","23.660","292"
"270","214565","20220706005000","189","2","雲林縣","四湖鄉","120.200","23.640","230"
"35","214566","20220706005000","114","0","雲林縣","四湖鄉","120.205","23.640","42"
"525","214578","20220706005000","376","2","雲林縣","四湖鄉","120.220","23.615","411"
"42","214580","20220706005000","189","0","雲林縣","四湖鄉","120.170","23.640","38"
"273","214640","20220706005000","171","3","花蓮縣","光復鄉","121.450","23.655","218"
"170","214665","20220706005000","142","1","花蓮縣","光復鄉","121.405","23.625","157"
"137","214678","20220706005000","115","1","花蓮縣","光復鄉","121.415","23.645","113"
"41","214691","20220706005000","25","3","花蓮縣","光復鄉","121.415","23.655","28"
"15","214697","20220706005000","11","2","花蓮縣","光復鄉","121.410","23.660","15"
"290","214701","20220706005000","210","2","花蓮縣","光復鄉","121.430","23.665","223"
"420","214703","20220706005000","396","1","花蓮縣","光復鄉","121.425","23.670","326"
"700","214705","20220706005000","508","2","花蓮縣","光復鄉","121.420","23.665","525"
"113","214706","20220706005000","102","1","花蓮縣","光復鄉","121.425","23.665","85"
"485","214707","20220706005000","392","2","花蓮縣","光復鄉","121.450","23.660","378"
"256","214728","20220706005000","155","3","雲林縣","元長鄉","120.315","23.675","204"
"14","214731","20220706005000","137","0","雲林縣","元長鄉","120.310","23.680","23"
"54","214762","20220706005000","34","3","雲林縣","元長鄉","120.285","23.640","41"
"341","214797","20220706005000","409","0","雲林縣","元長鄉","120.375","23.645","298"
"218","214824","20220706005000","127","3","雲林縣","東勢鄉","120.260","23.665","158"
"35","214826","20220706005000","267","0","雲林縣","東勢鄉","120.250","23.670","42"
"12","214842","20220706005000","250","0","雲林縣","四湖鄉","120.150","23.625","14"
"47","214846","20220706005000","113","0","雲林縣","口湖鄉","120.155","23.630","50"
"418","214854","20220706005000","348","2","雲林縣","斗南鎮","120.440","23.685","320"
"731","214857","20220706005000","601","2","雲林縣","斗南鎮","120.485","23.685","625"
"161","214861","20220706005000","84","3","雲林縣","斗南鎮","120.490","23.640","120"
"375","214868","20220706005000","329","1","雲林縣","斗南鎮","120.430","23.670","305"
"321","214876","20220706005000","187","3","雲林縣","斗南鎮","120.445","23.675","224"
"1488","214886","20220706005000","1371","1","雲林縣","斗南鎮","120.475","23.665","1210"
"28","214887","20220706005000","208","0","雲林縣","大埤鄉","120.455","23.670","33"
"435","214890","20220706005000","380","1","雲林縣","斗南鎮","120.470","23.670","324"
"1959","214891","20220706005000","1682","1","雲林縣","斗南鎮","120.475","23.670","1495"
"672","214896","20220706005000","636","1","雲林縣","斗南鎮","120.470","23.675","602"
"81","214922","20220706005000","74","1","南投縣","鹿谷鄉","120.790","23.670","81"
"49","214931","20220706005000","38","2","南投縣","鹿谷鄉","120.790","23.675","155"
"211","214932","20220706005000","192","1","南投縣","鹿谷鄉","120.800","23.670","169"
"188","214936","20220706005000","151","2","南投縣","鹿谷鄉","120.795","23.675","161"
"90","214937","20220706005000","62","2","南投縣","鹿谷鄉","120.800","23.675","73"
"213","214940","20220706005000","150","2","南投縣","鹿谷鄉","120.795","23.680","192"
"353","214967","20220706005000","478","0","雲林縣","斗南鎮","120.485","23.640","237"
"494","214975","20220706005000","411","2","雲林縣","斗南鎮","120.480","23.665","369"
"409","214978","20220706005000","214","3","雲林縣","斗南鎮","120.485","23.670","354"
"104","215001","20220706005000","383","0","雲林縣","土庫鎮","120.390","23.665","110"
"595","215006","20220706005000","508","1","雲林縣","土庫鎮","120.380","23.675","458"
"1233","215009","20220706005000","973","2","雲林縣","土庫鎮","120.390","23.680","1067"
"31","215011","20220706005000","97","0","雲林縣","土庫鎮","120.385","23.685","57"
"314","215012","20220706005000","338","0","雲林縣","土庫鎮","120.390","23.685","255"
"161","215013","20220706005000","169","0","雲林縣","土庫鎮","120.365","23.660","189"
"273","215017","20220706005000","228","1","雲林縣","土庫鎮","120.370","23.665","207"
"171","215022","20220706005000","151","1","雲林縣","土庫鎮","120.375","23.670","141"
"320","215044","20220706005000","223","2","雲林縣","元長鄉","120.335","23.615","243"
"339","215049","20220706005000","375","0","雲林縣","元長鄉","120.335","23.620","311"
"41","215072","20220706005000","46","0","雲林縣","元長鄉","120.350","23.615","36"
"295","215075","20220706005000","271","1","雲林縣","元長鄉","120.340","23.635","210"
"77","215100","20220706005000","287","0","雲林縣","元長鄉","120.330","23.660","79"
"832","215115","20220706005000","352","3","雲林縣","口湖鄉","120.165","23.615","571"
"270","215539","20220706005000","216","2","南投縣","信義鄉","120.865","23.625","210"
"78","215550","20220706005000","38","3","南投縣","信義鄉","120.895","23.630","57"
"113","215558","20220706005000","86","2","南投縣","信義鄉","120.880","23.635","99"
"191","215647","20220706005000","152","2","南投縣","信義鄉","120.860","23.665","149"
"69","215656","20220706005000","64","1","南投縣","信義鄉","120.855","23.670","43"
"409","216356","20220706005000","279","2","雲林縣","北港鎮","120.295","23.615","347"
"50","216361","20220706005000","45","1","雲林縣","斗南鎮","120.485","23.675","43"
"52","216367","20220706005000","43","2","雲林縣","斗南鎮","120.500","23.680","38"
"36","216370","20220706005000","351","0","雲林縣","斗南鎮","120.480","23.650","44"
"131","216372","20220706005000","128","1","雲林縣","斗南鎮","120.490","23.650","127"
"496","216377","20220706005000","401","2","雲林縣","斗南鎮","120.475","23.660","415"
"17","216386","20220706005000","13","2","雲林縣","元長鄉","120.335","23.630","17"
"231","216394","20220706005000","194","1","雲林縣","元長鄉","120.355","23.620","199"
"819","216409","20220706005000","706","1","雲林縣","元長鄉","120.360","23.640","691"
"61","216416","20220706005000","52","1","雲林縣","水林鄉","120.250","23.615","40"
"770","216421","20220706005000","489","3","雲林縣","斗南鎮","120.480","23.675","635"
"85","216424","20220706005000","47","3","雲林縣","斗南鎮","120.480","23.670","73"
"19","216438","20220706005000","21","0","雲林縣","斗六市","120.525","23.670","32"
"228","216439","20220706005000","142","3","雲林縣","斗六市","120.530","23.670","161"
"25","216451","20220706005000","24","1","雲林縣","斗六市","120.625","23.685","23"
"63","216459","20220706005000","252","0","雲林縣","土庫鎮","120.345","23.665","56"
"98","216478","20220706005000","80","2","雲林縣","水林鄉","120.260","23.620","83"
"167","216482","20220706005000","157","1","雲林縣","水林鄉","120.265","23.625","116"
"903","216488","20220706005000","589","3","雲林縣","斗南鎮","120.470","23.680","710"
"583","216489","20220706005000","501","1","雲林縣","斗南鎮","120.475","23.680","437"
"1114","216490","20220706005000","902","2","雲林縣","斗南鎮","120.480","23.680","894"
"49","216498","20220706005000","173","0","雲林縣","斗南鎮","120.515","23.645","83"
"402","216500","20220706005000","223","3","雲林縣","斗南鎮","120.505","23.650","289"
"520","216517","20220706005000","338","3","雲林縣","古坑鄉","120.540","23.660","403"
"374","216519","20220706005000","258","2","雲林縣","斗六市","120.525","23.665","277"
"119","216526","20220706005000","195","0","雲林縣","斗南鎮","120.465","23.685","131"
"23","216534","20220706005000","183","0","雲林縣","斗南鎮","120.535","23.650","23"
"329","216543","20220706005000","241","2","雲林縣","斗南鎮","120.505","23.665","269"
"21","216544","20220706005000","134","0","雲林縣","斗南鎮","120.495","23.670","20"
"167","216579","20220706005000","103","3","雲林縣","土庫鎮","120.345","23.660","130"
"157","216583","20220706005000","1003","0","雲林縣","土庫鎮","120.390","23.675","150"
"463","216589","20220706005000","390","1","雲林縣","土庫鎮","120.355","23.685","350"
"87","216593","20220706005000","90","0","雲林縣","北港鎮","120.270","23.615","68"
"78","216595","20220706005000","268","0","雲林縣","大埤鄉","120.465","23.635","84"
"26","216597","20220706005000","164","0","雲林縣","大埤鄉","120.465","23.640","29"
"68","216607","20220706005000","280","0","雲林縣","大埤鄉","120.450","23.650","64"
"71","216617","20220706005000","71","1","南投縣","信義鄉","120.810","23.665","52"
"193","216682","20220706005000","107","3","南投縣","信義鄉","120.865","23.640","153"
"22","216694","20220706005000","25","0","南投縣","信義鄉","120.875","23.660","23"
"25","216718","20220706005000","157","0","雲林縣","古坑鄉","120.565","23.625","49"
"82","216737","20220706005000","869","0","雲林縣","古坑鄉","120.565","23.640","109"
"19","216744","20220706005000","159","0","雲林縣","古坑鄉","120.575","23.645","24"
"40","216754","20220706005000","129","0","雲林縣","古坑鄉","120.550","23.610","45"
"24","216766","20220706005000","164","0","雲林縣","古坑鄉","120.540","23.620","25"
"14","216791","20220706005000","40","0","雲林縣","古坑鄉","120.605","23.670","14"
"27","216800","20220706005000","111","0","雲林縣","古坑鄉","120.590","23.685","29"
"441","216807","20220706005000","462","0","雲林縣","古坑鄉","120.565","23.645","330"
"35","216821","20220706005000","28","2","雲林縣","古坑鄉","120.605","23.655","26"
"285","216832","20220706005000","281","1","雲林縣","古坑鄉","120.575","23.675","215"
"172","216841","20220706005000","662","0","雲林縣","古坑鄉","120.570","23.685","184"
"272","216889","20220706005000","218","2","雲林縣","古坑鄉","120.600","23.685","189"
"31","216891","20220706005000","309","0","雲林縣","古坑鄉","120.610","23.685","27"
"403","216901","20220706005000","210","3","雲林縣","古坑鄉","120.635","23.615","294"
"58","216906","20220706005000","54","1","雲林縣","古坑鄉","120.640","23.620","42"
"45","216928","20220706005000","419","0","雲林縣","古坑鄉","120.560","23.670","61"
"38","216932","20220706005000","28","2","雲林縣","古坑鄉","120.570","23.610","31"
"56","216938","20220706005000","48","1","雲林縣","古坑鄉","120.575","23.615","55"
"410","216939","20220706005000","188","3","雲林縣","古坑鄉","120.580","23.615","118"
"132","216944","20220706005000","520","0","雲林縣","古坑鄉","120.560","23.620","130"
"62","216948","20220706005000","33","3","雲林縣","古坑鄉","120.580","23.620","41"
"265","216990","20220706005000","442","0","嘉義縣","大林鎮","120.470","23.620","288"
"10","217001","20220706005000","70","0","嘉義縣","大林鎮","120.495","23.620","10"
"15","217013","20220706005000","124","0","嘉義縣","大林鎮","120.500","23.625","21"
"28","217022","20220706005000","21","2","嘉義縣","大林鎮","120.490","23.615","27"
"12","217030","20220706005000","224","0","嘉義縣","大林鎮","120.420","23.615","14"
"416","217035","20220706005000","347","1","嘉義縣","大林鎮","120.435","23.620","411"
"41","217047","20220706005000","82","0","嘉義縣","大林鎮","120.460","23.620","26"
"91","217057","20220706005000","366","0","雲林縣","大埤鄉","120.395","23.625","92"
"56","217065","20220706005000","273","0","雲林縣","大埤鄉","120.380","23.620","60"
"42","217073","20220706005000","177","0","雲林縣","大埤鄉","120.425","23.665","32"
"42","217076","20220706005000","33","2","雲林縣","大埤鄉","120.415","23.665","32"
"47","217087","20220706005000","223","0","雲林縣","大埤鄉","120.470","23.655","51"
"103","217105","20220706005000","488","0","雲林縣","古坑鄉","120.555","23.625","114"
"131","217110","20220706005000","214","0","雲林縣","古坑鄉","120.555","23.630","159"
"26","217112","20220706005000","150","0","雲林縣","古坑鄉","120.550","23.640","23"
"36","217135","20220706005000","12","3","雲林縣","土庫鎮","120.395","23.680","30"
"28","217149","20220706005000","31","0","雲林縣","古坑鄉","120.710","23.610","16"
"29","217196","20220706005000","18","3","雲林縣","古坑鄉","120.590","23.650","22"
"50","217209","20220706005000","204","0","雲林縣","古坑鄉","120.575","23.665","59"
"947","217221","20220706005000","441","3","雲林縣","古坑鄉","120.560","23.650","702"
"97","217222","20220706005000","111","0","雲林縣","古坑鄉","120.560","23.655","75"
"27","217230","20220706005000","97","0","雲林縣","古坑鄉","120.515","23.625","31"
"57","217236","20220706005000","153","0","雲林縣","古坑鄉","120.525","23.630","81"
"23","217239","20220706005000","32","0","雲林縣","古坑鄉","120.520","23.635","16"
"73","217259","20220706005000","46","3","雲林縣","大埤鄉","120.420","23.625","82"
"46","217266","20220706005000","467","0","雲林縣","大埤鄉","120.420","23.635","53"
"438","217403","20220706005000","384","1","嘉義縣","溪口鄉","120.410","23.615","449"
"232","217423","20220706005000","103","3","雲林縣","大埤鄉","120.410","23.640","174"
"179","217432","20220706005000","780","0","雲林縣","大埤鄉","120.430","23.645","206"
"35","217442","20220706005000","181","0","雲林縣","大埤鄉","120.415","23.660","42"
"289","217449","20220706005000","128","3","雲林縣","東勢鄉","120.300","23.680","226"
"81","217458","20220706005000","332","0","雲林縣","東勢鄉","120.265","23.675","75"
"109","217463","20220706005000","396","0","雲林縣","東勢鄉","120.255","23.685","121"
"105","217467","20220706005000","732","0","雲林縣","東勢鄉","120.255","23.675","96"
"163","217468","20220706005000","76","3","雲林縣","東勢鄉","120.250","23.680","120"
"83","217492","20220706005000","213","0","雲林縣","四湖鄉","120.155","23.650","102"
"54","217497","20220706005000","180","0","雲林縣","四湖鄉","120.155","23.655","44"
"88","217526","20220706005000","85","1","雲林縣","元長鄉","120.320","23.615","72"
"117","217546","20220706005000","75","3","雲林縣","四湖鄉","120.190","23.620","83"
"20","217550","20220706005000","101","0","雲林縣","四湖鄉","120.185","23.625","18"
"639","217561","20220706005000","611","1","雲林縣","四湖鄉","120.230","23.635","511"
"317","217585","20220706005000","322","0","雲林縣","斗六市","120.525","23.675","222"
"297","217589","20220706005000","197","3","雲林縣","斗六市","120.520","23.680","205"
"98","217593","20220706005000","547","0","雲林縣","斗六市","120.510","23.685","133"
"63","217594","20220706005000","269","0","雲林縣","斗六市","120.515","23.685","79"
"286","217597","20220706005000","133","3","雲林縣","斗南鎮","120.470","23.630","210"
"22","217604","20220706005000","13","3","雲林縣","斗南鎮","120.480","23.640","18"
"149","217605","20220706005000","21","3","雲林縣","四湖鄉","120.140","23.620","89"
"125","217610","20220706005000","65","3","雲林縣","四湖鄉","120.150","23.630","100"
"1116","217637","20220706005000","715","3","雲林縣","口湖鄉","120.160","23.610","693"
"11","217641","20220706005000","199","0","雲林縣","元長鄉","120.310","23.615","11"
"535","217646","20220706005000","407","2","雲林縣","元長鄉","120.305","23.625","392"
"287","217654","20220706005000","153","3","雲林縣","元長鄉","120.325","23.655","221"
"342","217663","20220706005000","193","3","雲林縣","元長鄉","120.315","23.640","254"
"405","217673","20220706005000","1608","0","雲林縣","元長鄉","120.315","23.650","441"
"64","217674","20220706005000","100","0","雲林縣","元長鄉","120.300","23.655","68"
"136","217701","20220706005000","117","1","雲林縣","斗六市","120.560","23.675","91"
"434","217705","20220706005000","325","2","雲林縣","古坑鄉","120.565","23.680","305"
"25","217707","20220706005000","282","0","雲林縣","斗六市","120.550","23.685","42"
"116","217708","20220706005000","120","0","雲林縣","斗六市","120.555","23.685","101"
"194","217711","20220706005000","797","0","雲林縣","斗六市","120.540","23.675","204"
"37","217712","20220706005000","141","0","雲林縣","斗六市","120.545","23.675","38"
"1043","217716","20220706005000","790","2","雲林縣","斗六市","120.545","23.680","798"
"470","217718","20220706005000","539","0","雲林縣","斗六市","120.540","23.685","345"
"69","217728","20220706005000","376","0","雲林縣","大埤鄉","120.450","23.665","61"
"311","217747","20220706005000","210","2","雲林縣","四湖鄉","120.220","23.635","237"
"591","217753","20220706005000","433","2","雲林縣","四湖鄉","120.225","23.645","462"
"71","217774","20220706005000","407","0","雲林縣","四湖鄉","120.175","23.680","73"
"230","217781","20220706005000","171","2","雲林縣","口湖鄉","120.200","23.615","166"
"203","217799","20220706005000","150","2","雲林縣","四湖鄉","120.215","23.635","159"
"633","217801","20220706005000","483","2","雲林縣","四湖鄉","120.225","23.635","523"
"70","217817","20220706005000","136","0","雲林縣","虎尾鎮","120.405","23.680","72"
"49","217819","20220706005000","101","0","雲林縣","虎尾鎮","120.415","23.680","46"
"419","217821","20220706005000","357","1","雲林縣","虎尾鎮","120.410","23.685","347"
"86","217830","20220706005000","72","1","南投縣","竹山鎮","120.660","23.670","68"
"135","217842","20220706005000","607","0","雲林縣","大埤鄉","120.450","23.630","141"
"54","217845","20220706005000","257","0","雲林縣","大埤鄉","120.465","23.630","54"
"55","217877","20220706005000","179","0","雲林縣","大埤鄉","120.395","23.650","58"
"332","217883","20220706005000","200","3","雲林縣","大埤鄉","120.400","23.655","243"
"35","217899","20220706005000","152","0","南投縣","竹山鎮","120.670","23.670","42"
"222","218047","20220706005000","138","3","南投縣","竹山鎮","120.795","23.630","155"
"27","218070","20220706005000","20","2","南投縣","竹山鎮","120.795","23.635","21"
"155","218092","20220706005000","177","0","南投縣","竹山鎮","120.790","23.640","216"
"87","218153","20220706005000","136","0","南投縣","竹山鎮","120.765","23.655","71"
"41","218168","20220706005000","36","1","南投縣","竹山鎮","120.745","23.660","25"
"230","218218","20220706005000","332","0","南投縣","竹山鎮","120.760","23.675","193"
"82","218283","20220706005000","108","0","南投縣","竹山鎮","120.655","23.645","61"
"135","218348","20220706005000","97","2","南投縣","竹山鎮","120.665","23.650","113"
"157","218364","20220706005000","114","2","南投縣","竹山鎮","120.665","23.660","122"
"570","218380","20220706005000","300","3","雲林縣","台西鄉","120.210","23.675","453"
"18","218386","20220706005000","164","0","雲林縣","台西鄉","120.225","23.680","13"
"52","218399","20220706005000","296","0","雲林縣","台西鄉","120.180","23.680","57"
"64","218413","20220706005000","194","0","雲林縣","台西鄉","120.210","23.665","70"
"49","219194","20220706005000","28","3","花蓮縣","豐濱鄉","121.555","23.695","47"
"366","222539","20220706005000","336","1","澎湖縣","白沙鄉","119.610","23.750","330"
"65","223443","20220706005000","49","2","澎湖縣","白沙鄉","119.610","23.745","80"
"660","223474","20220706005000","439","3","花蓮縣","鳳林鎮","121.445","23.745","537"
"88","223481","20220706005000","59","2","花蓮縣","鳳林鎮","121.445","23.750","75"
"123","223503","20220706005000","122","1","花蓮縣","光復鄉","121.410","23.685","96"
"18","223515","20220706005000","12","3","花蓮縣","光復鄉","121.485","23.690","16"
"377","223610","20220706005000","342","1","雲林縣","二崙鄉","120.420","23.755","262"
"19","223616","20220706005000","54","0","雲林縣","二崙鄉","120.425","23.755","33"
"136","223971","20220706005000","87","3","花蓮縣","鳳林鎮","121.455","23.745","95"
"241","223986","20220706005000","198","2","花蓮縣","鳳林鎮","121.465","23.755","187"
"204","224005","20220706005000","141","2","花蓮縣","鳳林鎮","121.505","23.710","160"
"76","224077","20220706005000","48","3","花蓮縣","鳳林鎮","121.500","23.760","61"
"42","224149","20220706005000","29","2","花蓮縣","鳳林鎮","121.410","23.700","27"
"336","224179","20220706005000","476","0","花蓮縣","鳳林鎮","121.420","23.710","271"
"23","224210","20220706005000","16","2","花蓮縣","萬榮鄉","121.395","23.715","12"
"42","224212","20220706005000","67","0","花蓮縣","萬榮鄉","121.405","23.715","36"
"548","224231","20220706005000","371","2","花蓮縣","鳳林鎮","121.450","23.750","397"
"276","224245","20220706005000","231","1","花蓮縣","鳳林鎮","121.440","23.725","231"
"848","224262","20220706005000","849","0","花蓮縣","鳳林鎮","121.450","23.745","698"
"631","224270","20220706005000","395","3","雲林縣","土庫鎮","120.365","23.705","443"
"53","224272","20220706005000","219","0","雲林縣","土庫鎮","120.365","23.710","64"
"17","224301","20220706005000","93","0","雲林縣","二崙鄉","120.410","23.750","19"
"486","224303","20220706005000","401","2","雲林縣","二崙鄉","120.410","23.755","316"
"261","224441","20220706005000","57","3","花蓮縣","萬榮鄉","121.400","23.705","200"
"201","224591","20220706005000","198","1","花蓮縣","鳳林鎮","121.450","23.760","173"
"51","224688","20220706005000","32","3","花蓮縣","豐濱鄉","121.560","23.730","34"
"28","224707","20220706005000","156","0","雲林縣","二崙鄉","120.395","23.750","26"
"34","224725","20220706005000","67","0","雲林縣","元長鄉","120.330","23.690","39"
"338","224731","20220706005000","289","1","雲林縣","斗六市","120.565","23.730","239"
"821","224732","20220706005000","639","2","雲林縣","斗六市","120.555","23.735","626"
"10","224733","20220706005000","13","0","雲林縣","斗六市","120.560","23.735","19"
"517","224734","20220706005000","327","3","雲林縣","斗六市","120.565","23.735","419"
"312","224735","20220706005000","244","2","雲林縣","斗六市","120.550","23.740","250"
"86","224737","20220706005000","87","0","雲林縣","斗六市","120.560","23.740","72"
"242","224742","20220706005000","220","1","雲林縣","斗六市","120.560","23.745","205"
"512","224761","20220706005000","425","2","雲林縣","褒忠鄉","120.280","23.705","399"
"358","224763","20220706005000","235","3","雲林縣","東勢鄉","120.270","23.710","252"
"194","224805","20220706005000","105","3","雲林縣","東勢鄉","120.255","23.735","123"
"234","224806","20220706005000","188","2","雲林縣","斗南鎮","120.485","23.690","229"
"189","224834","20220706005000","171","1","南投縣","鹿谷鄉","120.795","23.690","124"
"110","224863","20220706005000","109","1","南投縣","鹿谷鄉","120.780","23.720","85"
"215","224872","20220706005000","167","2","南投縣","鹿谷鄉","120.745","23.760","149"
"75","224873","20220706005000","55","2","南投縣","鹿谷鄉","120.725","23.765","58"
"264","224875","20220706005000","241","1","南投縣","鹿谷鄉","120.735","23.765","216"
"288","224896","20220706005000","271","1","南投縣","鹿谷鄉","120.780","23.705","239"
"20","224917","20220706005000","143","0","雲林縣","土庫鎮","120.365","23.730","23"
"231","224920","20220706005000","208","1","雲林縣","土庫鎮","120.385","23.690","214"
"494","224923","20220706005000","256","3","雲林縣","土庫鎮","120.390","23.695","407"
"52","224936","20220706005000","287","0","南投縣","鹿谷鄉","120.770","23.730","66"
"280","224950","20220706005000","304","0","南投縣","鹿谷鄉","120.760","23.740","206"
"491","224951","20220706005000","399","2","南投縣","鹿谷鄉","120.765","23.740","349"
"237","224973","20220706005000","841","0","南投縣","鹿谷鄉","120.775","23.750","219"
"354","225062","20220706005000","333","1","南投縣","鹿谷鄉","120.755","23.725","292"
"17","225085","20220706005000","15","1","南投縣","鹿谷鄉","120.740","23.730","16"
"43","225138","20220706005000","55","0","南投縣","鹿谷鄉","120.820","23.720","41"
"475","225159","20220706005000","463","1","南投縣","鹿谷鄉","120.790","23.730","385"
"302","225192","20220706005000","307","0","南投縣","鹿谷鄉","120.755","23.745","241"
"684","225195","20220706005000","485","2","南投縣","鹿谷鄉","120.755","23.750","531"
"156","225196","20220706005000","139","1","南投縣","鹿谷鄉","120.745","23.755","81"
"649","225206","20220706005000","609","1","雲林縣","麥寮鄉","120.185","23.760","523"
"62","225208","20220706005000","65","0","雲林縣","麥寮鄉","120.175","23.765","53"
"850","225215","20220706005000","859","0","雲林縣","斗六市","120.575","23.725","638"
"192","225247","20220706005000","139","2","南投縣","信義鄉","120.850","23.695","154"
"188","225254","20220706005000","164","1","南投縣","信義鄉","120.885","23.695","164"
"149","225259","20220706005000","142","1","南投縣","信義鄉","120.850","23.700","129"
"239","225307","20220706005000","188","2","南投縣","信義鄉","120.850","23.685","196"
"134","225309","20220706005000","136","0","南投縣","信義鄉","120.850","23.690","108"
"217","225972","20220706005000","168","2","雲林縣","斗南鎮","120.500","23.690","159"
"583","225977","20220706005000","484","2","雲林縣","斗南鎮","120.480","23.700","413"
"210","225978","20220706005000","209","1","雲林縣","斗南鎮","120.485","23.700","153"
"327","225980","20220706005000","435","0","雲林縣","斗南鎮","120.495","23.700","264"
"43","225991","20220706005000","175","0","雲林縣","斗六市","120.500","23.710","51"
"241","226020","20220706005000","170","2","南投縣","水里鄉","120.855","23.730","179"
"1750","226032","20220706005000","1029","3","雲林縣","斗六市","120.535","23.700","1239"
"1338","226033","20220706005000","665","3","雲林縣","斗六市","120.540","23.705","882"
"1077","226034","20220706005000","987","1","雲林縣","斗六市","120.555","23.710","880"
"1329","226037","20220706005000","1254","1","雲林縣","斗六市","120.555","23.715","997"
"1509","226039","20220706005000","1036","2","雲林縣","斗六市","120.525","23.695","1056"
"1046","226040","20220706005000","915","1","雲林縣","斗六市","120.530","23.695","878"
"144","226041","20220706005000","100","2","雲林縣","斗六市","120.530","23.700","39"
"3016","226042","20220706005000","1650","3","雲林縣","斗六市","120.535","23.705","2406"
"80","226047","20220706005000","71","1","雲林縣","斗六市","120.560","23.725","64"
"374","226050","20220706005000","425","0","雲林縣","斗六市","120.530","23.730","338"
"76","226056","20220706005000","349","0","雲林縣","斗六市","120.530","23.735","110"
"16","226057","20220706005000","20","0","雲林縣","斗六市","120.535","23.735","15"
"218","226058","20220706005000","205","1","雲林縣","斗六市","120.540","23.735","161"
"404","226062","20220706005000","284","2","雲林縣","斗六市","120.540","23.740","341"
"16","226065","20220706005000","14","1","雲林縣","斗六市","120.505","23.690","13"
"37","226070","20220706005000","31","1","雲林縣","斗六市","120.505","23.700","23"
"304","226075","20220706005000","315","0","雲林縣","斗六市","120.510","23.705","238"
"745","226079","20220706005000","748","0","雲林縣","斗六市","120.525","23.690","609"
"214","226080","20220706005000","860","0","雲林縣","斗六市","120.530","23.690","201"
"508","226081","20220706005000","609","0","雲林縣","斗六市","120.535","23.690","427"
"729","226083","20220706005000","518","2","雲林縣","斗六市","120.595","23.710","566"
"20","226086","20220706005000","79","0","雲林縣","斗六市","120.590","23.715","32"
"248","226091","20220706005000","225","1","雲林縣","斗六市","120.595","23.715","202"
"29","226098","20220706005000","26","1","雲林縣","斗六市","120.625","23.695","19"
"194","226124","20220706005000","157","2","雲林縣","斗六市","120.600","23.715","152"
"16","226125","20220706005000","18","0","雲林縣","斗六市","120.610","23.715","17"
"25","226131","20220706005000","50","0","雲林縣","斗六市","120.605","23.715","20"
"2031","226137","20220706005000","1478","2","雲林縣","斗六市","120.540","23.700","1556"
"164","226143","20220706005000","128","2","雲林縣","斗六市","120.505","23.715","136"
"550","226146","20220706005000","497","1","雲林縣","斗六市","120.525","23.715","441"
"452","226149","20220706005000","363","2","雲林縣","斗六市","120.505","23.720","376"
"115","226151","20220706005000","95","2","雲林縣","斗六市","120.515","23.720","94"
"721","226153","20220706005000","638","1","雲林縣","斗六市","120.525","23.720","617"
"604","226159","20220706005000","540","1","雲林縣","斗六市","120.520","23.725","521"
"159","226168","20220706005000","964","0","雲林縣","土庫鎮","120.355","23.705","178"
"15","226173","20220706005000","195","0","雲林縣","斗南鎮","120.475","23.690","32"
"252","226174","20220706005000","188","2","雲林縣","斗南鎮","120.480","23.690","198"
"274","226175","20220706005000","210","2","雲林縣","斗南鎮","120.465","23.695","211"
"161","226182","20220706005000","135","1","雲林縣","崙背鄉","120.345","23.755","111"
"50","226190","20220706005000","399","0","雲林縣","崙背鄉","120.305","23.755","57"
"217","226206","20220706005000","142","3","雲林縣","土庫鎮","120.345","23.695","151"
"57","226232","20220706005000","340","0","南投縣","水里鄉","120.845","23.745","49"
"87","226253","20220706005000","52","3","南投縣","水里鄉","120.855","23.765","61"
"12","226258","20220706005000","29","0","雲林縣","虎尾鎮","120.460","23.700","10"
"533","226259","20220706005000","442","2","雲林縣","虎尾鎮","120.445","23.705","412"
"408","226261","20220706005000","374","1","雲林縣","虎尾鎮","120.455","23.705","310"
"1219","226263","20220706005000","1164","1","雲林縣","虎尾鎮","120.450","23.710","1072"
"469","226265","20220706005000","251","3","雲林縣","虎尾鎮","120.445","23.710","405"
"465","226266","20220706005000","441","1","雲林縣","虎尾鎮","120.450","23.715","359"
"307","226267","20220706005000","187","3","雲林縣","虎尾鎮","120.415","23.715","220"
"676","226268","20220706005000","478","2","雲林縣","虎尾鎮","120.420","23.715","511"
"419","226277","20220706005000","318","2","雲林縣","虎尾鎮","120.420","23.725","339"
"723","226286","20220706005000","603","1","雲林縣","虎尾鎮","120.425","23.735","609"
"354","226287","20220706005000","361","0","雲林縣","虎尾鎮","120.415","23.740","252"
"323","226291","20220706005000","274","1","雲林縣","斗六市","120.575","23.715","267"
"362","226293","20220706005000","391","0","雲林縣","斗六市","120.580","23.720","293"
"659","226294","20220706005000","649","1","雲林縣","斗六市","120.585","23.720","630"
"324","226298","20220706005000","318","1","雲林縣","斗六市","120.585","23.725","270"
"27","226299","20220706005000","146","0","雲林縣","斗六市","120.590","23.725","50"
"103","226300","20220706005000","89","1","雲林縣","斗六市","120.595","23.725","78"
"346","226302","20220706005000","259","2","雲林縣","斗六市","120.590","23.730","263"
"101","226669","20220706005000","464","0","雲林縣","崙背鄉","120.380","23.750","111"
"365","226678","20220706005000","185","3","雲林縣","崙背鄉","120.375","23.760","279"
"498","226684","20220706005000","362","2","雲林縣","斗六市","120.560","23.695","383"
"205","226686","20220706005000","140","2","雲林縣","斗六市","120.555","23.700","132"
"379","226687","20220706005000","223","3","雲林縣","斗六市","120.560","23.700","325"
"353","226689","20220706005000","267","2","雲林縣","斗六市","120.560","23.705","283"
"554","226695","20220706005000","579","0","雲林縣","斗六市","120.575","23.700","453"
"49","226701","20220706005000","284","0","雲林縣","斗六市","120.605","23.700","65"
"18","226707","20220706005000","14","2","雲林縣","斗六市","120.600","23.705","18"
"911","226714","20220706005000","449","3","雲林縣","虎尾鎮","120.430","23.715","729"
"336","226715","20220706005000","433","0","雲林縣","虎尾鎮","120.440","23.715","268"
"36","226718","20220706005000","85","0","雲林縣","斗六市","120.570","23.690","23"
"127","226726","20220706005000","90","2","雲林縣","古坑鄉","120.605","23.695","91"
"222","226731","20220706005000","191","1","雲林縣","虎尾鎮","120.400","23.715","195"
"78","226733","20220706005000","379","0","雲林縣","虎尾鎮","120.410","23.715","95"
"517","226737","20220706005000","525","0","雲林縣","虎尾鎮","120.445","23.715","384"
"119","226738","20220706005000","89","2","雲林縣","虎尾鎮","120.445","23.720","103"
"616","226739","20220706005000","560","1","雲林縣","虎尾鎮","120.450","23.720","474"
"558","226749","20220706005000","372","3","雲林縣","東勢鄉","120.250","23.715","417"
"619","226761","20220706005000","339","3","雲林縣","莿桐鄉","120.500","23.750","449"
"448","226763","20220706005000","230","3","雲林縣","莿桐鄉","120.510","23.750","328"
"98","226767","20220706005000","887","0","雲林縣","莿桐鄉","120.500","23.760","115"
"45","226768","20220706005000","454","0","雲林縣","莿桐鄉","120.505","23.760","55"
"31","226770","20220706005000","22","2","雲林縣","莿桐鄉","120.500","23.765","40"
"336","226788","20220706005000","297","1","雲林縣","虎尾鎮","120.405","23.700","246"
"435","226802","20220706005000","365","1","雲林縣","虎尾鎮","120.460","23.710","314"
"70","226804","20220706005000","50","2","雲林縣","虎尾鎮","120.470","23.710","44"
"499","226807","20220706005000","508","0","雲林縣","虎尾鎮","120.470","23.715","384"
"244","226810","20220706005000","180","2","雲林縣","虎尾鎮","120.460","23.715","173"
"252","226820","20220706005000","174","2","雲林縣","東勢鄉","120.245","23.690","191"
"15","226824","20220706005000","45","0","雲林縣","斗六市","120.600","23.725","20"
"174","226828","20220706005000","167","1","雲林縣","林內鄉","120.595","23.735","133"
"103","226841","20220706005000","692","0","雲林縣","林內鄉","120.595","23.750","112"
"30","226857","20220706005000","232","0","雲林縣","林內鄉","120.635","23.755","27"
"905","226870","20220706005000","817","1","雲林縣","林內鄉","120.610","23.755","733"
"449","226877","20220706005000","371","2","雲林縣","林內鄉","120.615","23.765","314"
"106","226880","20220706005000","587","0","雲林縣","林內鄉","120.620","23.765","99"
"457","226886","20220706005000","397","1","雲林縣","林內鄉","120.615","23.760","344"
"18","226903","20220706005000","79","0","雲林縣","林內鄉","120.620","23.745","24"
"25","226920","20220706005000","45","0","雲林縣","林內鄉","120.625","23.720","21"
"190","226924","20220706005000","184","1","雲林縣","林內鄉","120.610","23.725","144"
"69","226957","20220706005000","177","0","雲林縣","林內鄉","120.590","23.760","75"
"1653","226964","20220706005000","2081","0","雲林縣","斗六市","120.555","23.705","1330"
"1404","226965","20220706005000","949","2","雲林縣","斗六市","120.530","23.715","1048"
"647","226966","20220706005000","411","3","雲林縣","斗六市","120.535","23.710","481"
"1310","226967","20220706005000","1263","1","雲林縣","斗六市","120.535","23.715","956"
"113","227221","20220706005000","34","3","雲林縣","斗六市","120.545","23.720","86"
"193","227224","20220706005000","241","0","雲林縣","斗六市","120.540","23.725","82"
"48","227240","20220706005000","195","0","雲林縣","東勢鄉","120.270","23.705","46"
"403","227262","20220706005000","248","3","雲林縣","東勢鄉","120.250","23.705","322"
"119","227268","20220706005000","82","2","雲林縣","西螺鎮","120.460","23.760","83"
"1380","227273","20220706005000","839","3","雲林縣","斗六市","120.545","23.715","1128"
"115","227274","20220706005000","110","1","雲林縣","斗六市","120.565","23.710","87"
"884","227276","20220706005000","787","1","雲林縣","斗六市","120.565","23.715","710"
"201","227279","20220706005000","230","0","雲林縣","斗六市","120.560","23.715","167"
"458","227280","20220706005000","400","1","雲林縣","斗六市","120.565","23.720","405"
"81","227287","20220706005000","388","0","雲林縣","土庫鎮","120.345","23.705","72"
"230","227301","20220706005000","120","3","雲林縣","斗六市","120.520","23.695","171"
"20","227302","20220706005000","34","0","雲林縣","斗六市","120.520","23.700","40"
"394","227303","20220706005000","428","0","雲林縣","斗六市","120.525","23.700","303"
"17","227305","20220706005000","48","0","雲林縣","斗六市","120.525","23.705","23"
"77","227306","20220706005000","1418","0","雲林縣","斗六市","120.530","23.705","107"
"23","227309","20220706005000","54","0","雲林縣","斗六市","120.525","23.710","39"
"223","227316","20220706005000","192","1","雲林縣","斗六市","120.515","23.715","141"
"56","227320","20220706005000","162","0","雲林縣","斗六市","120.565","23.695","55"
"853","227328","20220706005000","1138","0","雲林縣","斗六市","120.540","23.710","692"
"1090","227329","20220706005000","850","2","雲林縣","斗六市","120.540","23.715","903"
"983","227330","20220706005000","986","0","雲林縣","斗六市","120.550","23.715","798"
"13","227339","20220706005000","228","0","雲林縣","斗六市","120.565","23.750","23"
"2017","227348","20220706005000","1831","1","雲林縣","斗六市","120.545","23.710","1596"
"379","227349","20220706005000","784","0","雲林縣","斗六市","120.540","23.690","323"
"189","227350","20220706005000","954","0","雲林縣","斗六市","120.550","23.710","116"
"385","227351","20220706005000","147","3","雲林縣","崙背鄉","120.360","23.755","290"
"102","227355","20220706005000","335","0","雲林縣","崙背鄉","120.370","23.755","126"
"917","227359","20220706005000","1040","0","雲林縣","崙背鄉","120.350","23.760","733"
"198","227365","20220706005000","181","1","雲林縣","崙背鄉","120.330","23.750","124"
"524","227373","20220706005000","248","3","雲林縣","崙背鄉","120.315","23.755","402"
"28","227383","20220706005000","177","0","雲林縣","崙背鄉","120.335","23.760","32"
"200","227395","20220706005000","212","0","雲林縣","西螺鎮","120.435","23.755","166"
"143","227444","20220706005000","501","0","雲林縣","台西鄉","120.200","23.715","156"
"123","227446","20220706005000","82","3","雲林縣","台西鄉","120.210","23.715","91"
"233","227476","20220706005000","1360","0","雲林縣","台西鄉","120.200","23.700","230"
"425","227502","20220706005000","986","0","南投縣","竹山鎮","120.695","23.760","376"
"334","227503","20220706005000","321","1","南投縣","竹山鎮","120.685","23.765","247"
"65","227504","20220706005000","80","0","南投縣","竹山鎮","120.690","23.765","90"
"355","227505","20220706005000","301","1","南投縣","竹山鎮","120.695","23.765","264"
"61","227537","20220706005000","110","0","南投縣","竹山鎮","120.725","23.755","49"
"35","227540","20220706005000","74","0","南投縣","竹山鎮","120.710","23.760","32"
"203","227544","20220706005000","185","1","雲林縣","莿桐鄉","120.525","23.735","143"
"40","227559","20220706005000","377","0","雲林縣","莿桐鄉","120.505","23.730","48"
"40","227564","20220706005000","287","0","雲林縣","莿桐鄉","120.515","23.735","38"
"53","227570","20220706005000","449","0","雲林縣","莿桐鄉","120.515","23.740","57"
"17","227577","20220706005000","123","0","雲林縣","莿桐鄉","120.490","23.760","23"
"469","227581","20220706005000","400","1","雲林縣","虎尾鎮","120.435","23.720","383"
"189","227585","20220706005000","106","3","雲林縣","虎尾鎮","120.435","23.735","121"
"622","227588","20220706005000","371","3","雲林縣","虎尾鎮","120.435","23.690","475"
"464","227593","20220706005000","426","1","雲林縣","虎尾鎮","120.435","23.695","344"
"74","227603","20220706005000","475","0","雲林縣","土庫鎮","120.375","23.705","68"
"312","227604","20220706005000","199","3","雲林縣","虎尾鎮","120.380","23.705","255"
"302","227632","20220706005000","185","3","雲林縣","褒忠鄉","120.340","23.735","246"
"795","227636","20220706005000","672","1","南投縣","竹山鎮","120.680","23.750","643"
"760","227637","20220706005000","667","1","南投縣","竹山鎮","120.675","23.755","607"
"2062","227638","20220706005000","1871","1","南投縣","竹山鎮","120.680","23.755","1679"
"71","227639","20220706005000","78","0","南投縣","竹山鎮","120.685","23.755","85"
"64","227640","20220706005000","680","0","雲林縣","虎尾鎮","120.420","23.700","91"
"407","227642","20220706005000","335","2","雲林縣","虎尾鎮","120.420","23.705","318"
"693","227645","20220706005000","665","1","雲林縣","虎尾鎮","120.420","23.710","567"
"2085","227647","20220706005000","1755","1","雲林縣","虎尾鎮","120.435","23.710","1716"
"217","227655","20220706005000","237","0","雲林縣","褒忠鄉","120.310","23.720","209"
"323","227684","20220706005000","326","0","雲林縣","虎尾鎮","120.405","23.725","257"
"151","227697","20220706005000","92","3","雲林縣","虎尾鎮","120.395","23.735","120"
"145","227698","20220706005000","126","1","雲林縣","虎尾鎮","120.400","23.735","134"
"269","227706","20220706005000","203","2","雲林縣","虎尾鎮","120.405","23.740","207"
"1137","227716","20220706005000","1073","1","雲林縣","虎尾鎮","120.430","23.705","904"
"668","227717","20220706005000","593","1","雲林縣","虎尾鎮","120.435","23.705","507"
"136","227722","20220706005000","104","2","雲林縣","崙背鄉","120.345","23.750","103"
"305","227728","20220706005000","810","0","雲林縣","崙背鄉","120.350","23.750","289"
"14","227730","20220706005000","246","0","雲林縣","崙背鄉","120.350","23.755","22"
"28","227733","20220706005000","28","1","雲林縣","虎尾鎮","120.400","23.710","32"
"697","227738","20220706005000","580","2","雲林縣","虎尾鎮","120.430","23.710","562"
"328","227741","20220706005000","242","2","雲林縣","斗南鎮","120.485","23.720","237"
"13","227744","20220706005000","15","0","雲林縣","虎尾鎮","120.485","23.725","16"
"359","227745","20220706005000","258","2","雲林縣","虎尾鎮","120.490","23.725","260"
"205","227748","20220706005000","143","2","雲林縣","虎尾鎮","120.480","23.730","143"
"985","227763","20220706005000","580","3","雲林縣","虎尾鎮","120.440","23.710","809"
"53","227766","20220706005000","646","0","雲林縣","虎尾鎮","120.390","23.705","49"
"375","227798","20220706005000","538","0","南投縣","竹山鎮","120.710","23.765","323"
"561","227807","20220706005000","563","0","南投縣","竹山鎮","120.700","23.765","474"
"178","227808","20220706005000","170","1","南投縣","竹山鎮","120.705","23.765","197"
"382","227840","20220706005000","442","0","南投縣","竹山鎮","120.685","23.760","295"
"211","227841","20220706005000","152","2","南投縣","竹山鎮","120.670","23.760","153"
"131","227842","20220706005000","775","0","南投縣","竹山鎮","120.675","23.760","147"
"188","227852","20220706005000","155","2","南投縣","竹山鎮","120.650","23.705","152"
"21","227871","20220706005000","86","0","南投縣","竹山鎮","120.655","23.720","15"
"401","227882","20220706005000","353","1","雲林縣","虎尾鎮","120.430","23.700","317"
"988","227894","20220706005000","620","3","雲林縣","虎尾鎮","120.460","23.725","732"
"305","227907","20220706005000","160","3","雲林縣","虎尾鎮","120.465","23.740","273"
"2050","227921","20220706005000","1696","2","雲林縣","褒忠鄉","120.315","23.695","1730"
"118","227938","20220706005000","84","2","南投縣","竹山鎮","120.715","23.695","81"
"19","227947","20220706005000","15","2","南投縣","竹山鎮","120.715","23.705","18"
"13","227979","20220706005000","33","0","南投縣","竹山鎮","120.700","23.705","14"
"490","228012","20220706005000","341","2","雲林縣","褒忠鄉","120.285","23.700","382"
"781","228016","20220706005000","664","1","雲林縣","褒忠鄉","120.315","23.710","613"
"242","228047","20220706005000","187","2","南投縣","竹山鎮","120.665","23.755","174"
"457","228051","20220706005000","431","1","南投縣","竹山鎮","120.665","23.760","398"
"694","228091","20220706005000","328","3","雲林縣","台西鄉","120.215","23.740","497"
"233","228138","20220706005000","275","0","雲林縣","崙背鄉","120.295","23.760","183"
"28","228142","20220706005000","366","0","雲林縣","虎尾鎮","120.440","23.720","34"
"753","228151","20220706005000","274","3","雲林縣","麥寮鄉","120.260","23.750","517"
"462","228157","20220706005000","161","3","雲林縣","麥寮鄉","120.255","23.760","283"
"1920","228161","20220706005000","1364","2","雲林縣","斗六市","120.545","23.705","1465"
"342","228162","20220706005000","369","0","雲林縣","斗六市","120.550","23.705","272"
"198","228194","20220706005000","186","1","南投縣","竹山鎮","120.705","23.745","175"
"52","228199","20220706005000","41","2","南投縣","竹山鎮","120.700","23.750","45"
"603","228200","20220706005000","432","2","南投縣","竹山鎮","120.690","23.755","445"
"59","228205","20220706005000","68","0","南投縣","竹山鎮","120.680","23.745","90"
"259","228207","20220706005000","286","0","南投縣","竹山鎮","120.675","23.750","216"
"127","228209","20220706005000","626","0","雲林縣","台西鄉","120.210","23.720","127"
"1248","228228","20220706005000","826","3","雲林縣","台西鄉","120.220","23.720","941"
"36","228231","20220706005000","18","3","雲林縣","台西鄉","120.215","23.700","29"
"78","228245","20220706005000","294","0","雲林縣","台西鄉","120.190","23.700","79"
"53","228266","20220706005000","203","0","雲林縣","麥寮鄉","120.260","23.745","57"
"1553","228271","20220706005000","418","3","雲林縣","麥寮鄉","120.250","23.750","970"
"1734","228272","20220706005000","1754","0","雲林縣","麥寮鄉","120.255","23.750","1394"
"538","228274","20220706005000","341","3","雲林縣","麥寮鄉","120.265","23.750","403"
"60","228278","20220706005000","527","0","雲林縣","莿桐鄉","120.480","23.745","61"
"947","228283","20220706005000","809","1","雲林縣","西螺鎮","120.465","23.755","841"
"226","228312","20220706005000","919","0","雲林縣","麥寮鄉","120.240","23.750","268"
"265","228321","20220706005000","194","2","雲林縣","台西鄉","120.220","23.750","180"
"478","228335","20220706005000","335","2","雲林縣","虎尾鎮","120.420","23.690","379"
"315","228337","20220706005000","354","0","雲林縣","虎尾鎮","120.425","23.695","283"
"2210","228338","20220706005000","2379","0","雲林縣","虎尾鎮","120.425","23.700","1875"
"28","228340","20220706005000","720","0","雲林縣","虎尾鎮","120.425","23.710","48"
"20","228375","20220706005000","77","0","南投縣","竹山鎮","120.665","23.725","26"
"28","228395","20220706005000","101","0","南投縣","竹山鎮","120.690","23.725","34"
"136","228399","20220706005000","90","3","南投縣","竹山鎮","120.710","23.725","97"
"32","228402","20220706005000","187","0","南投縣","竹山鎮","120.690","23.730","31"
"149","228415","20220706005000","821","0","南投縣","竹山鎮","120.680","23.760","196"
"124","228711","20220706005000","120","1","雲林縣","麥寮鄉","120.170","23.770","129"
"129","230307","20220706005000","129","1","雲林縣","麥寮鄉","120.180","23.795","127"
"34","232186","20220706005000","18","3","花蓮縣","壽豐鄉","121.585","23.825","24"
"131","233034","20220706005000","78","3","花蓮縣","壽豐鄉","121.565","23.780","84"
"44","233104","20220706005000","25","3","花蓮縣","壽豐鄉","121.460","23.810","33"
"310","233119","20220706005000","192","3","花蓮縣","壽豐鄉","121.475","23.815","250"
"176","233140","20220706005000","111","3","花蓮縣","壽豐鄉","121.480","23.825","137"
"663","233238","20220706005000","510","2","花蓮縣","壽豐鄉","121.515","23.840","533"
"19","233277","20220706005000","11","3","花蓮縣","壽豐鄉","121.590","23.840","16"
"47","233282","20220706005000","145","0","雲林縣","二崙鄉","120.420","23.815","55"
"12","234003","20220706005000","11","1","花蓮縣","鳳林鎮","121.475","23.795","12"
"233","234014","20220706005000","185","2","花蓮縣","鳳林鎮","121.455","23.800","171"
"72","234015","20220706005000","73","0","花蓮縣","鳳林鎮","121.460","23.800","55"
"301","234042","20220706005000","289","1","花蓮縣","萬榮鄉","121.445","23.810","248"
"967","234074","20220706005000","1249","0","雲林縣","二崙鄉","120.415","23.770","747"
"23","234106","20220706005000","247","0","雲林縣","二崙鄉","120.410","23.815","24"
"42","234119","20220706005000","11","3","雲林縣","二崙鄉","120.415","23.795","30"
"53","234120","20220706005000","354","0","雲林縣","二崙鄉","120.420","23.795","56"
"494","234127","20220706005000","376","2","雲林縣","二崙鄉","120.385","23.795","385"
"323","234130","20220706005000","275","1","雲林縣","二崙鄉","120.380","23.800","268"
"278","234162","20220706005000","132","3","雲林縣","二崙鄉","120.395","23.820","228"
"234","234274","20220706005000","133","3","花蓮縣","鳳林鎮","121.460","23.780","197"
"91","234277","20220706005000","52","3","花蓮縣","鳳林鎮","121.460","23.785","63"
"51","234283","20220706005000","371","0","雲林縣","二崙鄉","120.410","23.805","57"
"24","234324","20220706005000","130","0","雲林縣","二崙鄉","120.395","23.765","26"
"477","234338","20220706005000","410","1","雲林縣","二崙鄉","120.365","23.805","347"
"242","234373","20220706005000","139","3","雲林縣","二崙鄉","120.375","23.795","180"
"157","234386","20220706005000","574","0","雲林縣","二崙鄉","120.395","23.790","197"
"818","234401","20220706005000","360","3","雲林縣","西螺鎮","120.470","23.795","510"
"260","234404","20220706005000","184","2","雲林縣","西螺鎮","120.470","23.800","219"
"249","234406","20220706005000","79","3","雲林縣","西螺鎮","120.480","23.800","140"
"1315","234413","20220706005000","505","3","雲林縣","西螺鎮","120.450","23.785","664"
"477","234424","20220706005000","385","2","雲林縣","麥寮鄉","120.270","23.770","355"
"675","234432","20220706005000","403","3","雲林縣","麥寮鄉","120.265","23.780","463"
"147","234453","20220706005000","25","3","雲林縣","麥寮鄉","120.235","23.790","82"
"182","234454","20220706005000","449","0","雲林縣","麥寮鄉","120.240","23.790","203"
"1780","234481","20220706005000","1450","2","南投縣","水里鄉","120.855","23.815","1451"
"236","234482","20220706005000","158","2","南投縣","水里鄉","120.860","23.815","189"
"295","234539","20220706005000","202","2","雲林縣","西螺鎮","120.450","23.775","233"
"655","234540","20220706005000","148","3","雲林縣","西螺鎮","120.445","23.780","318"
"33","234570","20220706005000","34","0","南投縣","鹿谷鄉","120.740","23.775","29"
"433","234591","20220706005000","303","2","南投縣","水里鄉","120.845","23.820","315"
"185","234630","20220706005000","153","2","南投縣","水里鄉","120.930","23.795","136"
"109","234678","20220706005000","562","0","南投縣","水里鄉","120.850","23.815","104"
"218","234703","20220706005000","181","2","南投縣","水里鄉","120.845","23.775","159"
"492","234721","20220706005000","401","2","彰化縣","溪州鄉","120.515","23.815","356"
"173","234765","20220706005000","120","2","南投縣","鹿谷鄉","120.785","23.790","136"
"13","234802","20220706005000","129","0","南投縣","鹿谷鄉","120.785","23.805","13"
"57","234826","20220706005000","48","1","南投縣","鹿谷鄉","120.785","23.765","44"
"66","234843","20220706005000","45","2","南投縣","鹿谷鄉","120.775","23.775","49"
"136","234859","20220706005000","82","3","南投縣","鹿谷鄉","120.775","23.785","125"
"74","234881","20220706005000","70","1","雲林縣","麥寮鄉","120.195","23.775","59"
"104","234888","20220706005000","83","2","雲林縣","麥寮鄉","120.180","23.785","74"
"45","234892","20220706005000","57","0","雲林縣","麥寮鄉","120.200","23.785","25"
"309","234900","20220706005000","211","2","雲林縣","麥寮鄉","120.205","23.790","238"
"1459","234906","20220706005000","672","3","雲林縣","麥寮鄉","120.260","23.790","1007"
"1173","234915","20220706005000","524","3","雲林縣","麥寮鄉","120.220","23.795","819"
"527","234934","20220706005000","164","3","雲林縣","麥寮鄉","120.230","23.795","345"
"1311","234937","20220706005000","536","3","雲林縣","麥寮鄉","120.245","23.795","764"
"18","234945","20220706005000","16","1","雲林縣","麥寮鄉","120.190","23.800","10"
"45","234949","20220706005000","31","2","雲林縣","麥寮鄉","120.210","23.800","37"
"1467","234952","20220706005000","1412","1","雲林縣","麥寮鄉","120.225","23.800","1117"
"320","234961","20220706005000","202","3","雲林縣","麥寮鄉","120.270","23.800","203"
"50","234965","20220706005000","45","1","雲林縣","麥寮鄉","120.195","23.805","28"
"54","234967","20220706005000","73","0","雲林縣","麥寮鄉","120.205","23.805","42"
"128","234997","20220706005000","162","0","雲林縣","麥寮鄉","120.215","23.815","118"
"11","235214","20220706005000","11","1","南投縣","信義鄉","120.980","23.785","15"
"63","235228","20220706005000","219","0","雲林縣","崙背鄉","120.350","23.775","81"
"238","235235","20220706005000","116","3","雲林縣","崙背鄉","120.345","23.785","173"
"703","235274","20220706005000","648","1","南投縣","水里鄉","120.850","23.810","550"
"314","235297","20220706005000","277","1","彰化縣","溪州鄉","120.505","23.815","233"
"865","235309","20220706005000","799","1","彰化縣","溪州鄉","120.540","23.830","685"
"488","235350","20220706005000","381","2","彰化縣","溪州鄉","120.490","23.830","440"
"152","235352","20220706005000","153","0","彰化縣","溪州鄉","120.475","23.835","107"
"366","235362","20220706005000","282","2","彰化縣","溪州鄉","120.480","23.845","286"
"164","235370","20220706005000","187","0","彰化縣","溪州鄉","120.500","23.840","130"
"527","235385","20220706005000","351","3","雲林縣","崙背鄉","120.325","23.780","432"
"49","235403","20220706005000","44","1","南投縣","水里鄉","120.855","23.795","31"
"305","235405","20220706005000","221","2","南投縣","水里鄉","120.865","23.795","235"
"542","235409","20220706005000","528","1","南投縣","水里鄉","120.860","23.800","439"
"32","235459","20220706005000","256","0","南投縣","水里鄉","120.825","23.810","48"
"55","235505","20220706005000","36","3","南投縣","水里鄉","120.870","23.845","45"
"40","235509","20220706005000","377","0","南投縣","名間鄉","120.635","23.835","49"
"343","235515","20220706005000","279","2","南投縣","名間鄉","120.705","23.820","259"
"241","235521","20220706005000","221","1","南投縣","名間鄉","120.715","23.830","202"
"1074","235523","20220706005000","1010","1","南投縣","名間鄉","120.705","23.835","828"
"72","235527","20220706005000","73","0","南投縣","名間鄉","120.725","23.835","63"
"191","235539","20220706005000","138","2","南投縣","名間鄉","120.665","23.820","176"
"410","235555","20220706005000","380","1","南投縣","集集鎮","120.795","23.825","376"
"94","235556","20220706005000","379","0","南投縣","集集鎮","120.795","23.830","91"
"38","235703","20220706005000","51","0","南投縣","信義鄉","120.915","23.785","38"
"261","235812","20220706005000","198","2","南投縣","信義鄉","120.940","23.795","193"
"29","236275","20220706005000","237","0","南投縣","名間鄉","120.660","23.835","39"
"335","236286","20220706005000","267","2","南投縣","名間鄉","120.655","23.845","279"
"51","236299","20220706005000","60","0","南投縣","名間鄉","120.695","23.810","32"
"103","236318","20220706005000","61","3","彰化縣","二水鄉","120.635","23.830","80"
"486","236322","20220706005000","394","2","南投縣","名間鄉","120.630","23.840","359"
"230","236329","20220706005000","166","2","彰化縣","溪州鄉","120.515","23.830","179"
"125","236334","20220706005000","103","2","彰化縣","溪州鄉","120.520","23.835","99"
"174","236374","20220706005000","149","1","彰化縣","溪州鄉","120.580","23.820","140"
"336","236389","20220706005000","295","1","彰化縣","溪州鄉","120.470","23.830","255"
"246","236394","20220706005000","358","0","南投縣","名間鄉","120.695","23.835","317"
"915","236405","20220706005000","747","2","南投縣","名間鄉","120.700","23.835","657"
"44","236406","20220706005000","28","3","彰化縣","二水鄉","120.650","23.810","32"
"35","236410","20220706005000","199","0","南投縣","名間鄉","120.645","23.820","30"
"206","236415","20220706005000","139","2","南投縣","名間鄉","120.655","23.830","140"
"570","236419","20220706005000","202","3","彰化縣","大城鄉","120.345","23.845","389"
"327","236421","20220706005000","239","2","彰化縣","大城鄉","120.300","23.840","244"
"348","236449","20220706005000","257","2","彰化縣","溪州鄉","120.565","23.815","265"
"246","236455","20220706005000","218","1","彰化縣","溪州鄉","120.560","23.830","217"
"50","236462","20220706005000","301","0","雲林縣","莿桐鄉","120.540","23.765","47"
"414","236463","20220706005000","330","2","雲林縣","莿桐鄉","120.530","23.770","264"
"11","236470","20220706005000","187","0","南投縣","名間鄉","120.630","23.845","13"
"153","236472","20220706005000","131","1","南投縣","名間鄉","120.640","23.845","126"
"360","236479","20220706005000","243","2","南投縣","名間鄉","120.690","23.845","263"
"251","236481","20220706005000","228","1","南投縣","名間鄉","120.700","23.845","176"
"569","236492","20220706005000","472","2","雲林縣","林內鄉","120.610","23.770","462"
"156","236494","20220706005000","159","0","雲林縣","林內鄉","120.610","23.775","111"
"42","236509","20220706005000","232","0","雲林縣","林內鄉","120.625","23.775","51"
"96","236557","20220706005000","342","0","南投縣","集集鎮","120.800","23.825","105"
"10","236558","20220706005000","93","0","南投縣","集集鎮","120.805","23.825","12"
"208","236563","20220706005000","102","3","南投縣","集集鎮","120.765","23.820","132"
"33","236573","20220706005000","104","0","南投縣","集集鎮","120.770","23.845","31"
"191","236578","20220706005000","211","0","南投縣","集集鎮","120.815","23.825","145"
"251","236593","20220706005000","990","0","南投縣","集集鎮","120.785","23.825","262"
"332","236635","20220706005000","236","2","彰化縣","大城鄉","120.350","23.835","236"
"322","236679","20220706005000","233","2","彰化縣","大城鄉","120.275","23.845","262"
"289","236695","20220706005000","212","2","南投縣","信義鄉","120.905","23.770","220"
"33","236721","20220706005000","346","0","彰化縣","二水鄉","120.615","23.810","50"
"1082","236741","20220706005000","260","3","雲林縣","莿桐鄉","120.500","23.780","670"
"203","236758","20220706005000","97","3","彰化縣","二水鄉","120.630","23.830","151"
"317","236765","20220706005000","533","0","彰化縣","二水鄉","120.610","23.815","270"
"350","236771","20220706005000","269","2","彰化縣","二水鄉","120.635","23.795","277"
"15","236772","20220706005000","30","0","彰化縣","二水鄉","120.640","23.795","13"
"1991","236781","20220706005000","1007","3","雲林縣","西螺鎮","120.440","23.780","1386"
"396","236785","20220706005000","301","2","雲林縣","西螺鎮","120.430","23.790","292"
"593","236786","20220706005000","116","3","雲林縣","西螺鎮","120.435","23.790","351"
"19","236796","20220706005000","216","0","彰化縣","二水鄉","120.640","23.805","18"
"35","236801","20220706005000","343","0","彰化縣","二水鄉","120.605","23.825","54"
"267","236814","20220706005000","1054","0","彰化縣","二水鄉","120.620","23.810","275"
"204","237024","20220706005000","349","0","雲林縣","莿桐鄉","120.515","23.775","289"
"394","237025","20220706005000","294","2","雲林縣","莿桐鄉","120.520","23.775","284"
"1249","237039","20220706005000","424","3","雲林縣","西螺鎮","120.435","23.800","655"
"959","237048","20220706005000","215","3","雲林縣","西螺鎮","120.440","23.810","451"
"498","237053","20220706005000","297","3","雲林縣","西螺鎮","120.465","23.795","336"
"1479","237054","20220706005000","1074","2","雲林縣","西螺鎮","120.465","23.800","1089"
"12","237056","20220706005000","263","0","雲林縣","西螺鎮","120.465","23.765","18"
"1230","237062","20220706005000","619","3","雲林縣","西螺鎮","120.475","23.785","627"
"265","237066","20220706005000","109","3","雲林縣","西螺鎮","120.475","23.765","146"
"53","237068","20220706005000","438","0","雲林縣","西螺鎮","120.460","23.795","84"
"920","237069","20220706005000","1026","0","雲林縣","西螺鎮","120.460","23.800","724"
"1824","237075","20220706005000","769","3","雲林縣","西螺鎮","120.440","23.800","890"
"395","237076","20220706005000","278","2","雲林縣","西螺鎮","120.455","23.790","253"
"161","237078","20220706005000","2549","0","雲林縣","西螺鎮","120.455","23.800","239"
"22","237081","20220706005000","120","0","彰化縣","二水鄉","120.635","23.810","14"
"23","237089","20220706005000","19","2","彰化縣","二水鄉","120.640","23.800","14"
"25","237103","20220706005000","276","0","彰化縣","二水鄉","120.630","23.800","22"
"46","237115","20220706005000","34","2","彰化縣","二水鄉","120.655","23.800","42"
"432","237141","20220706005000","350","2","雲林縣","崙背鄉","120.325","23.795","325"
"213","237147","20220706005000","151","2","雲林縣","崙背鄉","120.340","23.800","154"
"138","237182","20220706005000","125","1","雲林縣","崙背鄉","120.310","23.790","108"
"218","237186","20220706005000","232","0","雲林縣","崙背鄉","120.305","23.795","179"
"33","237187","20220706005000","29","1","雲林縣","崙背鄉","120.310","23.795","30"
"950","237189","20220706005000","390","3","雲林縣","麥寮鄉","120.295","23.800","693"
"98","237228","20220706005000","65","3","彰化縣","田中鎮","120.605","23.845","71"
"32","237236","20220706005000","21","3","彰化縣","溪州鄉","120.455","23.825","45"
"25","237241","20220706005000","216","0","彰化縣","竹塘鄉","120.445","23.835","171"
"736","237255","20220706005000","557","2","雲林縣","莿桐鄉","120.565","23.775","507"
"53","237256","20220706005000","235","0","雲林縣","莿桐鄉","120.570","23.775","57"
"231","237302","20220706005000","164","2","雲林縣","莿桐鄉","120.550","23.765","208"
"10","237358","20220706005000","143","0","南投縣","竹山鎮","120.680","23.770","15"
"60","237361","20220706005000","97","0","南投縣","竹山鎮","120.680","23.775","95"
"111","237386","20220706005000","94","1","南投縣","竹山鎮","120.650","23.770","100"
"232","237414","20220706005000","221","1","南投縣","竹山鎮","120.730","23.815","160"
"193","237424","20220706005000","202","0","南投縣","竹山鎮","120.715","23.765","189"
"384","237434","20220706005000","410","0","南投縣","竹山鎮","120.705","23.780","278"
"170","237436","20220706005000","179","0","南投縣","竹山鎮","120.715","23.780","121"
"288","237453","20220706005000","292","0","南投縣","竹山鎮","120.695","23.770","223"
"12","237489","20220706005000","135","0","彰化縣","竹塘鄉","120.400","23.845","16"
"56","237498","20220706005000","425","0","雲林縣","麥寮鄉","120.240","23.770","62"
"203","237499","20220706005000","91","3","雲林縣","麥寮鄉","120.245","23.770","118"
"21","237516","20220706005000","226","0","雲林縣","崙背鄉","120.355","23.765","38"
"130","237531","20220706005000","101","2","南投縣","竹山鎮","120.750","23.815","102"
"335","237559","20220706005000","317","1","南投縣","竹山鎮","120.715","23.800","265"
"160","237593","20220706005000","163","0","南投縣","魚池鄉","120.895","23.835","124"
"177","237595","20220706005000","226","0","南投縣","魚池鄉","120.905","23.835","132"
"360","237603","20220706005000","373","0","南投縣","竹山鎮","120.715","23.805","268"
"283","237607","20220706005000","166","3","南投縣","竹山鎮","120.730","23.810","259"
"294","237611","20220706005000","259","1","南投縣","竹山鎮","120.725","23.810","233"
"140","237614","20220706005000","257","0","南投縣","竹山鎮","120.720","23.815","114"
"16","237626","20220706005000","13","2","南投縣","魚池鄉","120.915","23.835","14"
"84","237670","20220706005000","73","1","南投縣","魚池鄉","120.885","23.820","73"
"385","237685","20220706005000","338","1","雲林縣","麥寮鄉","120.290","23.765","340"
"112","237741","20220706005000","67","3","南投縣","集集鎮","120.760","23.830","76"
"68","237745","20220706005000","66","1","南投縣","集集鎮","120.760","23.835","45"
"163","237775","20220706005000","108","3","南投縣","集集鎮","120.750","23.840","119"
"51","237785","20220706005000","161","0","南投縣","集集鎮","120.745","23.830","64"
"31","237788","20220706005000","25","2","南投縣","集集鎮","120.740","23.835","33"
"42","237801","20220706005000","248","0","南投縣","集集鎮","120.780","23.825","55"
"293","237819","20220706005000","178","3","雲林縣","莿桐鄉","120.505","23.765","231"
"316","237826","20220706005000","231","2","雲林縣","莿桐鄉","120.520","23.765","216"
"1137","237833","20220706005000","442","3","雲林縣","西螺鎮","120.480","23.770","673"
"405","237848","20220706005000","316","2","雲林縣","麥寮鄉","120.290","23.795","305"
"1879","237860","20220706005000","1482","2","雲林縣","麥寮鄉","120.275","23.795","1496"
"531","237864","20220706005000","327","3","雲林縣","麥寮鄉","120.280","23.795","367"
"28","237872","20220706005000","120","0","彰化縣","田中鎮","120.560","23.845","27"
"153","237874","20220706005000","108","2","彰化縣","田中鎮","120.570","23.845","113"
"81","237878","20220706005000","83","0","彰化縣","田中鎮","120.580","23.840","66"
"300","237881","20220706005000","311","0","彰化縣","田中鎮","120.595","23.840","222"
"52","237884","20220706005000","375","0","彰化縣","田中鎮","120.595","23.845","75"
"287","237895","20220706005000","197","2","彰化縣","田中鎮","120.595","23.830","204"
"106","237900","20220706005000","459","0","雲林縣","莿桐鄉","120.535","23.775","114"
"87","240440","20220706005000","57","3","花蓮縣","壽豐鄉","121.605","23.885","60"
"226","242904","20220706005000","155","2","花蓮縣","秀林鄉","121.500","23.920","162"
"233","242957","20220706005000","125","3","花蓮縣","壽豐鄉","121.530","23.865","204"
"153","242963","20220706005000","132","1","花蓮縣","壽豐鄉","121.525","23.870","131"
"944","242988","20220706005000","730","2","花蓮縣","壽豐鄉","121.510","23.870","759"
"712","243010","20220706005000","612","1","花蓮縣","壽豐鄉","121.520","23.890","594"
"34","243014","20220706005000","69","0","花蓮縣","壽豐鄉","121.540","23.890","36"
"431","243023","20220706005000","493","0","花蓮縣","壽豐鄉","121.555","23.895","303"
"56","243053","20220706005000","628","0","花蓮縣","壽豐鄉","121.535","23.895","45"
"210","243054","20220706005000","454","0","花蓮縣","壽豐鄉","121.540","23.895","156"
"251","243055","20220706005000","266","0","花蓮縣","壽豐鄉","121.545","23.895","201"
"337","243057","20220706005000","318","1","花蓮縣","壽豐鄉","121.530","23.895","268"
"391","243065","20220706005000","528","0","花蓮縣","壽豐鄉","121.530","23.900","328"
"436","243069","20220706005000","898","0","花蓮縣","壽豐鄉","121.550","23.900","337"
"861","243073","20220706005000","958","0","花蓮縣","壽豐鄉","121.530","23.905","712"
"184","243089","20220706005000","101","3","花蓮縣","壽豐鄉","121.520","23.915","165"
"97","243103","20220706005000","61","3","花蓮縣","壽豐鄉","121.550","23.920","77"
"63","243143","20220706005000","72","0","花蓮縣","壽豐鄉","121.555","23.865","59"
"63","243149","20220706005000","72","0","花蓮縣","壽豐鄉","121.555","23.870","42"
"38","243164","20220706005000","35","1","花蓮縣","壽豐鄉","121.585","23.880","39"
"43","243184","20220706005000","35","2","花蓮縣","壽豐鄉","121.595","23.905","30"
"59","243230","20220706005000","101","0","花蓮縣","壽豐鄉","121.520","23.845","55"
"538","243249","20220706005000","445","2","花蓮縣","壽豐鄉","121.495","23.850","416"
"543","243255","20220706005000","497","1","花蓮縣","壽豐鄉","121.490","23.855","466"
"110","243262","20220706005000","94","1","花蓮縣","壽豐鄉","121.485","23.855","93"
"129","243315","20220706005000","79","3","花蓮縣","壽豐鄉","121.600","23.870","99"
"38","243324","20220706005000","26","2","花蓮縣","壽豐鄉","121.590","23.885","37"
"10","243336","20220706005000","13","0","花蓮縣","壽豐鄉","121.600","23.900","10"
"191","243338","20220706005000","205","0","花蓮縣","壽豐鄉","121.600","23.905","164"
"74","243339","20220706005000","34","3","花蓮縣","壽豐鄉","121.605","23.905","46"
"597","243392","20220706005000","651","0","彰化縣","二林鎮","120.360","23.895","531"
"1180","243393","20220706005000","890","2","彰化縣","二林鎮","120.370","23.900","959"
"352","243406","20220706005000","305","1","彰化縣","二林鎮","120.390","23.865","280"
"157","243422","20220706005000","189","0","彰化縣","二林鎮","120.415","23.910","107"
"419","243424","20220706005000","401","1","彰化縣","二林鎮","120.425","23.910","339"
"241","243439","20220706005000","225","1","彰化縣","二林鎮","120.360","23.865","176"
"435","243447","20220706005000","302","2","彰化縣","二林鎮","120.360","23.880","337"
"496","243770","20220706005000","431","1","彰化縣","二林鎮","120.365","23.890","413"
"445","243772","20220706005000","691","0","彰化縣","二林鎮","120.370","23.895","366"
"681","243777","20220706005000","474","2","彰化縣","二林鎮","120.425","23.895","553"
"381","243783","20220706005000","411","0","彰化縣","二林鎮","120.365","23.900","285"
"452","243796","20220706005000","371","2","彰化縣","二林鎮","120.440","23.875","351"
"108","243827","20220706005000","96","1","南投縣","水里鄉","120.865","23.905","83"
"332","243861","20220706005000","93","3","彰化縣","大城鄉","120.325","23.860","180"
"1159","243867","20220706005000","1153","1","彰化縣","大城鄉","120.320","23.850","996"
"651","243900","20220706005000","592","1","彰化縣","埤頭鄉","120.470","23.915","529"
"361","243909","20220706005000","200","3","彰化縣","埤頭鄉","120.460","23.925","324"
"69","243970","20220706005000","50","2","南投縣","中寮鄉","120.800","23.905","44"
"133","244008","20220706005000","114","1","南投縣","中寮鄉","120.805","23.925","102"
"283","244044","20220706005000","142","3","南投縣","中寮鄉","120.750","23.895","207"
"26","244051","20220706005000","63","0","南投縣","中寮鄉","120.765","23.900","27"
"17","244098","20220706005000","139","0","南投縣","中寮鄉","120.790","23.860","16"
"630","244122","20220706005000","405","3","彰化縣","埤頭鄉","120.480","23.890","499"
"311","244129","20220706005000","274","1","彰化縣","埤頭鄉","120.460","23.860","233"
"52","244142","20220706005000","360","0","彰化縣","埤頭鄉","120.460","23.880","44"
"1363","244150","20220706005000","1204","1","彰化縣","埤頭鄉","120.465","23.890","1156"
"75","244159","20220706005000","395","0","南投縣","中寮鄉","120.760","23.880","73"
"193","244163","20220706005000","546","0","南投縣","中寮鄉","120.775","23.885","212"
"372","244211","20220706005000","295","2","南投縣","中寮鄉","120.735","23.895","281"
"70","244235","20220706005000","61","1","南投縣","中寮鄉","120.770","23.920","69"
"76","244247","20220706005000","288","0","南投縣","中寮鄉","120.830","23.860","72"
"114","244274","20220706005000","85","2","南投縣","中寮鄉","120.800","23.880","91"
"50","244326","20220706005000","514","0","南投縣","中寮鄉","120.710","23.895","65"
"48","244341","20220706005000","43","1","彰化縣","員林鎮","120.580","23.925","26"
"10","244360","20220706005000","45","0","南投縣","中寮鄉","120.795","23.905","10"
"15","244380","20220706005000","20","0","南投縣","中寮鄉","120.720","23.915","30"
"158","244392","20220706005000","110","2","南投縣","中寮鄉","120.725","23.925","134"
"78","244395","20220706005000","62","2","南投縣","中寮鄉","120.740","23.925","66"
"928","244397","20220706005000","897","1","彰化縣","二林鎮","120.375","23.895","735"
"1236","244398","20220706005000","1068","1","彰化縣","二林鎮","120.380","23.895","1062"
"220","244411","20220706005000","213","1","南投縣","南投市","120.695","23.915","178"
"324","244414","20220706005000","630","0","南投縣","南投市","120.695","23.920","258"
"626","244415","20220706005000","551","1","南投縣","南投市","120.700","23.920","473"
"119","244420","20220706005000","84","2","南投縣","南投市","120.640","23.925","87"
"1820","244422","20220706005000","1690","1","南投縣","南投市","120.690","23.905","1434"
"575","244426","20220706005000","497","1","彰化縣","永靖鄉","120.545","23.920","497"
"318","244429","20220706005000","334","0","彰化縣","永靖鄉","120.570","23.925","231"
"62","244451","20220706005000","49","2","南投縣","水里鄉","120.870","23.880","50"
"639","244465","20220706005000","584","1","彰化縣","溪州鄉","120.500","23.855","537"
"131","244468","20220706005000","126","1","彰化縣","溪州鄉","120.505","23.860","106"
"194","244477","20220706005000","180","1","南投縣","南投市","120.635","23.905","162"
"147","244478","20220706005000","401","0","南投縣","南投市","120.640","23.905","164"
"17","244480","20220706005000","15","1","南投縣","南投市","120.635","23.910","14"
"37","244488","20220706005000","35","1","彰化縣","社頭鄉","120.635","23.920","25"
"129","244490","20220706005000","136","0","南投縣","南投市","120.650","23.920","94"
"475","244492","20220706005000","645","0","彰化縣","永靖鄉","120.535","23.920","365"
"329","244498","20220706005000","343","0","彰化縣","永靖鄉","120.515","23.915","271"
"455","244499","20220706005000","333","2","彰化縣","永靖鄉","120.520","23.915","355"
"463","244512","20220706005000","547","0","彰化縣","永靖鄉","120.560","23.920","382"
"96","244516","20220706005000","377","0","彰化縣","永靖鄉","120.535","23.925","87"
"1439","244517","20220706005000","1668","0","彰化縣","永靖鄉","120.540","23.925","1141"
"369","244520","20220706005000","250","2","彰化縣","永靖鄉","120.560","23.910","273"
"32","244530","20220706005000","288","0","彰化縣","永靖鄉","120.545","23.910","40"
"91","244534","20220706005000","97","0","彰化縣","田尾鄉","120.530","23.910","77"
"52","244537","20220706005000","450","0","彰化縣","永靖鄉","120.550","23.920","78"
"36","244540","20220706005000","495","0","彰化縣","永靖鄉","120.550","23.925","52"
"62","244544","20220706005000","496","0","彰化縣","永靖鄉","120.505","23.920","64"
"446","244566","20220706005000","107","3","彰化縣","大城鄉","120.285","23.865","247"
"205","244576","20220706005000","28","3","彰化縣","大城鄉","120.290","23.870","121"
"568","244605","20220706005000","471","2","彰化縣","芳苑鄉","120.345","23.910","455"
"15","244609","20220706005000","303","0","彰化縣","芳苑鄉","120.350","23.915","23"
"226","244612","20220706005000","185","2","彰化縣","芳苑鄉","120.350","23.920","183"
"19","244615","20220706005000","21","0","彰化縣","芳苑鄉","120.355","23.925","20"
"246","244624","20220706005000","107","3","彰化縣","芳苑鄉","120.315","23.895","162"
"75","244639","20220706005000","57","2","彰化縣","芳苑鄉","120.305","23.905","53"
"1212","244674","20220706005000","988","2","南投縣","南投市","120.695","23.900","1022"
"19","244675","20220706005000","41","0","南投縣","南投市","120.685","23.925","25"
"124","244677","20220706005000","132","0","南投縣","南投市","120.695","23.925","123"
"251","244693","20220706005000","330","0","南投縣","南投市","120.680","23.895","196"
"29","244694","20220706005000","22","2","南投縣","南投市","120.685","23.895","16"
"2189","244695","20220706005000","2035","1","南投縣","南投市","120.685","23.900","1827"
"385","244696","20220706005000","317","2","南投縣","南投市","120.690","23.900","288"
"197","244697","20220706005000","166","1","彰化縣","溪州鄉","120.480","23.850","138"
"36","244698","20220706005000","308","0","彰化縣","溪州鄉","120.485","23.850","47"
"629","244700","20220706005000","590","1","彰化縣","溪州鄉","120.495","23.850","481"
"747","244706","20220706005000","778","0","南投縣","南投市","120.680","23.910","613"
"426","244716","20220706005000","310","2","南投縣","南投市","120.675","23.900","329"
"304","244717","20220706005000","268","1","南投縣","南投市","120.680","23.905","220"
"1290","244720","20220706005000","960","2","南投縣","南投市","120.675","23.905","1018"
"29","244738","20220706005000","22","2","南投縣","埔里鎮","120.990","23.925","30"
"145","244739","20220706005000","134","1","南投縣","埔里鎮","120.995","23.925","118"
"106","244741","20220706005000","86","2","南投縣","仁愛鄉","121.010","23.925","65"
"527","244742","20220706005000","608","0","彰化縣","溪州鄉","120.495","23.855","453"
"10","244748","20220706005000","28","0","彰化縣","溪州鄉","120.515","23.850","14"
"40","244772","20220706005000","33","2","南投縣","水里鄉","120.865","23.855","38"
"236","244790","20220706005000","161","2","南投縣","名間鄉","120.675","23.870","178"
"296","244793","20220706005000","227","2","彰化縣","田中鎮","120.625","23.855","201"
"127","244800","20220706005000","76","3","南投縣","名間鄉","120.630","23.855","109"
"178","244806","20220706005000","104","3","南投縣","名間鄉","120.635","23.860","136"
"626","244815","20220706005000","475","2","南投縣","名間鄉","120.705","23.875","474"
"161","244846","20220706005000","102","3","南投縣","名間鄉","120.635","23.880","128"
"570","244854","20220706005000","316","3","南投縣","南投市","120.690","23.910","452"
"823","244855","20220706005000","749","1","南投縣","南投市","120.690","23.915","667"
"113","244860","20220706005000","122","0","南投縣","南投市","120.655","23.915","94"
"878","244865","20220706005000","692","2","南投縣","南投市","120.665","23.920","703"
"866","244867","20220706005000","582","2","南投縣","南投市","120.675","23.920","715"
"748","244868","20220706005000","787","0","南投縣","南投市","120.680","23.920","631"
"660","244869","20220706005000","482","2","南投縣","南投市","120.670","23.925","511"
"715","244870","20220706005000","661","1","南投縣","南投市","120.675","23.925","593"
"1162","244872","20220706005000","897","2","南投縣","南投市","120.685","23.910","880"
"1821","244873","20220706005000","1804","1","南投縣","南投市","120.685","23.905","1552"
"198","244874","20220706005000","186","1","南投縣","南投市","120.705","23.900","146"
"49","244875","20220706005000","55","0","南投縣","南投市","120.710","23.900","38"
"119","244880","20220706005000","89","2","南投縣","南投市","120.695","23.905","111"
"495","244881","20220706005000","346","2","南投縣","南投市","120.700","23.905","374"
"412","244890","20220706005000","524","0","南投縣","南投市","120.705","23.915","390"
"677","244893","20220706005000","677","1","彰化縣","溪州鄉","120.495","23.865","543"
"523","244909","20220706005000","513","1","彰化縣","埤頭鄉","120.460","23.890","406"
"729","244910","20220706005000","684","1","彰化縣","埤頭鄉","120.455","23.895","613"
"608","244911","20220706005000","562","1","彰化縣","埤頭鄉","120.460","23.895","517"
"552","244918","20220706005000","414","2","彰化縣","埤頭鄉","120.495","23.885","382"
"612","244922","20220706005000","455","2","彰化縣","埤頭鄉","120.495","23.890","531"
"247","244924","20220706005000","205","2","彰化縣","埤頭鄉","120.480","23.895","189"
"443","244925","20220706005000","416","1","彰化縣","埤頭鄉","120.485","23.895","300"
"660","244953","20220706005000","585","1","彰化縣","北斗鎮","120.515","23.875","559"
"424","244955","20220706005000","247","3","彰化縣","北斗鎮","120.515","23.865","316"
"67","244956","20220706005000","404","0","彰化縣","北斗鎮","120.520","23.865","70"
"502","244958","20220706005000","959","0","彰化縣","北斗鎮","120.520","23.870","444"
"524","244960","20220706005000","466","1","彰化縣","埤頭鄉","120.460","23.850","418"
"299","244961","20220706005000","255","1","彰化縣","埤頭鄉","120.465","23.850","211"
"231","244970","20220706005000","152","3","南投縣","名間鄉","120.645","23.865","183"
"176","244972","20220706005000","242","0","南投縣","名間鄉","120.650","23.870","136"
"910","244974","20220706005000","717","2","南投縣","名間鄉","120.655","23.870","713"
"386","244987","20220706005000","357","1","南投縣","名間鄉","120.670","23.850","290"
"353","244993","20220706005000","345","1","南投縣","名間鄉","120.675","23.855","296"
"763","245005","20220706005000","660","1","南投縣","名間鄉","120.695","23.865","646"
"217","245007","20220706005000","220","0","南投縣","名間鄉","120.685","23.870","199"
"392","245016","20220706005000","220","3","南投縣","名間鄉","120.685","23.880","282"
"75","245017","20220706005000","453","0","南投縣","名間鄉","120.690","23.880","116"
"142","245037","20220706005000","158","0","南投縣","名間鄉","120.705","23.865","111"
"287","245042","20220706005000","250","1","彰化縣","溪州鄉","120.525","23.850","243"
"292","245076","20220706005000","36","3","彰化縣","大城鄉","120.295","23.885","180"
"15","245099","20220706005000","168","0","彰化縣","大城鄉","120.300","23.890","13"
"33","245133","20220706005000","183","0","彰化縣","大城鄉","120.330","23.865","22"
"51","245150","20220706005000","199","0","彰化縣","大城鄉","120.295","23.855","60"
"178","245157","20220706005000","192","0","彰化縣","北斗鎮","120.530","23.855","133"
"1313","245161","20220706005000","1241","1","彰化縣","北斗鎮","120.530","23.870","964"
"202","245165","20220706005000","177","1","彰化縣","北斗鎮","120.545","23.870","165"
"410","245169","20220706005000","289","2","彰化縣","芳苑鄉","120.320","23.920","331"
"83","245184","20220706005000","54","3","南投縣","名間鄉","120.625","23.850","67"
"127","245191","20220706005000","130","0","南投縣","名間鄉","120.690","23.850","101"
"200","245192","20220706005000","146","2","南投縣","名間鄉","120.695","23.850","159"
"1382","245211","20220706005000","354","3","彰化縣","大城鄉","120.290","23.860","745"
"132","245214","20220706005000","78","3","彰化縣","大城鄉","120.300","23.865","87"
"237","245216","20220706005000","55","3","彰化縣","大城鄉","120.300","23.870","111"
"620","245296","20220706005000","259","3","南投縣","南投市","120.635","23.895","492"
"571","245305","20220706005000","352","3","南投縣","南投市","120.660","23.925","429"
"33","245312","20220706005000","178","0","南投縣","南投市","120.665","23.910","43"
"427","245314","20220706005000","1284","0","南投縣","南投市","120.675","23.910","420"
"967","245316","20220706005000","1380","0","南投縣","南投市","120.680","23.915","764"
"1519","245320","20220706005000","1012","3","彰化縣","北斗鎮","120.520","23.880","1224"
"696","245325","20220706005000","528","2","彰化縣","北斗鎮","120.530","23.875","513"
"341","245329","20220706005000","253","2","彰化縣","北斗鎮","120.535","23.880","281"
"41","245332","20220706005000","665","0","彰化縣","北斗鎮","120.525","23.870","47"
"547","245335","20220706005000","173","3","彰化縣","大城鄉","120.310","23.875","309"
"374","245353","20220706005000","240","3","彰化縣","大城鄉","120.315","23.870","240"
"360","245376","20220706005000","282","2","彰化縣","北斗鎮","120.510","23.880","250"
"34","245379","20220706005000","262","0","彰化縣","田尾鄉","120.515","23.890","46"
"344","245489","20220706005000","313","1","南投縣","仁愛鄉","120.990","23.905","292"
"38","245503","20220706005000","24","3","南投縣","仁愛鄉","121.005","23.910","22"
"20","245515","20220706005000","20","1","南投縣","埔里鎮","121.010","23.920","21"
"20","245723","20220706005000","18","1","南投縣","仁愛鄉","121.025","23.910","29"
"311","245728","20220706005000","312","0","南投縣","仁愛鄉","121.050","23.910","216"
"32","245748","20220706005000","69","0","南投縣","仁愛鄉","121.030","23.920","58"
"166","246363","20220706005000","375","0","彰化縣","北斗鎮","120.525","23.880","123"
"240","246370","20220706005000","217","1","彰化縣","北斗鎮","120.555","23.855","167"
"500","246377","20220706005000","424","1","彰化縣","北斗鎮","120.550","23.865","387"
"294","246388","20220706005000","223","2","彰化縣","埤頭鄉","120.455","23.850","229"
"390","246394","20220706005000","274","2","彰化縣","二林鎮","120.410","23.920","301"
"27","246402","20220706005000","402","0","彰化縣","二林鎮","120.365","23.895","32"
"631","246404","20220706005000","465","2","彰化縣","二林鎮","120.405","23.895","539"
"191","246436","20220706005000","236","0","彰化縣","芳苑鄉","120.380","23.925","180"
"643","246446","20220706005000","467","2","彰化縣","芳苑鄉","120.330","23.895","500"
"183","246468","20220706005000","129","2","彰化縣","芳苑鄉","120.330","23.915","125"
"194","246471","20220706005000","115","3","彰化縣","芳苑鄉","120.335","23.920","148"
"963","246472","20220706005000","858","1","彰化縣","北斗鎮","120.525","23.875","761"
"217","246476","20220706005000","189","1","彰化縣","北斗鎮","120.560","23.850","171"
"49","246477","20220706005000","75","0","彰化縣","北斗鎮","120.540","23.855","51"
"79","246480","20220706005000","65","2","彰化縣","北斗鎮","120.550","23.855","65"
"535","246488","20220706005000","351","3","彰化縣","北斗鎮","120.535","23.870","382"
"135","246493","20220706005000","120","1","彰化縣","二林鎮","120.395","23.890","107"
"449","246499","20220706005000","300","2","彰化縣","大城鄉","120.315","23.850","317"
"211","246518","20220706005000","242","0","南投縣","南投市","120.670","23.890","183"
"640","246522","20220706005000","563","1","南投縣","南投市","120.690","23.890","536"
"1124","246530","20220706005000","1016","1","彰化縣","社頭鄉","120.605","23.915","866"
"602","246531","20220706005000","279","3","彰化縣","田中鎮","120.585","23.875","377"
"78","246534","20220706005000","175","0","彰化縣","田中鎮","120.575","23.865","80"
"312","246537","20220706005000","188","3","彰化縣","田中鎮","120.575","23.875","182"
"110","246545","20220706005000","99","1","彰化縣","田尾鄉","120.510","23.905","114"
"495","246547","20220706005000","346","2","彰化縣","竹塘鄉","120.415","23.850","370"
"472","246558","20220706005000","497","0","彰化縣","田尾鄉","120.535","23.905","367"
"1747","246566","20220706005000","861","3","彰化縣","社頭鄉","120.580","23.895","960"
"1376","246568","20220706005000","616","3","彰化縣","社頭鄉","120.580","23.900","815"
"2173","246569","20220706005000","1128","3","彰化縣","社頭鄉","120.580","23.905","1323"
"82","246573","20220706005000","253","0","彰化縣","田尾鄉","120.525","23.885","100"
"239","246574","20220706005000","361","0","彰化縣","田尾鄉","120.530","23.885","163"
"236","246579","20220706005000","151","3","彰化縣","田尾鄉","120.535","23.890","218"
"608","246581","20220706005000","459","2","彰化縣","田尾鄉","120.535","23.895","489"
"927","246583","20220706005000","783","1","彰化縣","田尾鄉","120.530","23.900","669"
"26","246608","20220706005000","40","0","彰化縣","社頭鄉","120.620","23.925","30"
"1506","246615","20220706005000","1367","1","彰化縣","竹塘鄉","120.430","23.855","1233"
"635","246618","20220706005000","667","0","彰化縣","竹塘鄉","120.420","23.875","482"
"225","246630","20220706005000","175","2","彰化縣","竹塘鄉","120.375","23.850","167"
"2447","246654","20220706005000","795","3","彰化縣","社頭鄉","120.585","23.900","1181"
"1302","246659","20220706005000","430","3","彰化縣","社頭鄉","120.585","23.890","657"
"430","246669","20220706005000","226","3","彰化縣","竹塘鄉","120.445","23.860","307"
"514","246711","20220706005000","309","3","南投縣","魚池鄉","120.910","23.860","412"
"300","246720","20220706005000","184","3","南投縣","魚池鄉","120.900","23.865","197"
"226","246722","20220706005000","223","1","南投縣","魚池鄉","120.910","23.865","191"
"239","246735","20220706005000","167","2","南投縣","魚池鄉","120.925","23.870","198"
"269","246739","20220706005000","234","1","南投縣","魚池鄉","120.935","23.895","202"
"545","246741","20220706005000","405","2","南投縣","魚池鄉","120.935","23.900","416"
"488","246742","20220706005000","440","1","南投縣","魚池鄉","120.940","23.900","388"
"265","246747","20220706005000","268","0","彰化縣","芳苑鄉","120.350","23.900","207"
"331","246748","20220706005000","250","2","彰化縣","二林鎮","120.355","23.900","260"
"165","246749","20220706005000","144","1","彰化縣","芳苑鄉","120.360","23.900","119"
"36","246750","20220706005000","27","2","彰化縣","芳苑鄉","120.345","23.905","29"
"162","246758","20220706005000","135","2","彰化縣","芳苑鄉","120.355","23.920","130"
"276","246770","20220706005000","270","1","彰化縣","芳苑鄉","120.335","23.890","196"
"17","246777","20220706005000","34","0","南投縣","魚池鄉","120.925","23.875","12"
"250","246788","20220706005000","188","2","南投縣","魚池鄉","120.925","23.885","202"
"184","246822","20220706005000","83","3","南投縣","魚池鄉","120.905","23.880","165"
"18","246823","20220706005000","16","1","南投縣","魚池鄉","120.875","23.885","18"
"14","246824","20220706005000","102","0","南投縣","魚池鄉","120.880","23.885","18"
"56","246826","20220706005000","72","0","南投縣","魚池鄉","120.890","23.885","42"
"16","246832","20220706005000","16","1","南投縣","魚池鄉","120.880","23.890","10"
"18","246857","20220706005000","15","2","南投縣","魚池鄉","120.890","23.905","13"
"29","246858","20220706005000","28","1","南投縣","魚池鄉","120.895","23.905","25"
"26","246870","20220706005000","20","2","南投縣","魚池鄉","120.890","23.910","20"
"91","246893","20220706005000","102","0","南投縣","魚池鄉","120.955","23.900","73"
"214","246906","20220706005000","176","2","南投縣","魚池鄉","120.955","23.910","172"
"122","246920","20220706005000","135","0","南投縣","魚池鄉","120.965","23.915","99"
"71","246922","20220706005000","86","0","南投縣","魚池鄉","120.965","23.920","49"
"22","246930","20220706005000","20","1","南投縣","魚池鄉","120.950","23.865","19"
"83","246935","20220706005000","86","0","南投縣","魚池鄉","120.945","23.870","77"
"24","246941","20220706005000","31","0","南投縣","魚池鄉","120.950","23.875","49"
"14","246945","20220706005000","167","0","南投縣","魚池鄉","120.950","23.880","18"
"26","246955","20220706005000","283","0","南投縣","魚池鄉","120.905","23.905","30"
"349","246964","20220706005000","315","1","南投縣","魚池鄉","120.920","23.910","240"
"39","246970","20220706005000","30","2","南投縣","魚池鄉","120.920","23.915","25"
"259","246989","20220706005000","238","1","南投縣","魚池鄉","120.925","23.910","192"
"175","247005","20220706005000","135","2","南投縣","魚池鄉","120.945","23.925","134"
"810","247013","20220706005000","531","3","南投縣","魚池鄉","120.930","23.850","568"
"16","247024","20220706005000","48","0","南投縣","魚池鄉","120.935","23.855","24"
"426","247088","20220706005000","415","1","南投縣","魚池鄉","120.965","23.890","353"
"608","247100","20220706005000","340","3","南投縣","魚池鄉","120.940","23.895","468"
"33","247101","20220706005000","21","3","南投縣","魚池鄉","120.945","23.895","16"
"88","247117","20220706005000","50","3","彰化縣","竹塘鄉","120.400","23.860","66"
"172","247119","20220706005000","162","1","彰化縣","竹塘鄉","120.410","23.860","147"
"1073","247156","20220706005000","929","1","彰化縣","社頭鄉","120.595","23.900","838"
"59","247158","20220706005000","219","0","彰化縣","田尾鄉","120.550","23.890","66"
"130","247160","20220706005000","110","1","彰化縣","田尾鄉","120.555","23.895","100"
"18","247163","20220706005000","302","0","彰化縣","田尾鄉","120.560","23.900","23"
"591","247166","20220706005000","650","0","彰化縣","田尾鄉","120.525","23.905","485"
"54","247170","20220706005000","17","3","彰化縣","田尾鄉","120.520","23.890","53"
"593","247187","20220706005000","609","0","彰化縣","田尾鄉","120.500","23.920","485"
"101","247189","20220706005000","666","0","彰化縣","溪湖鎮","120.475","23.925","124"
"2580","247194","20220706005000","565","3","彰化縣","社頭鄉","120.585","23.895","1180"
"308","247207","20220706005000","263","1","彰化縣","社頭鄉","120.605","23.895","282"
"37","247218","20220706005000","180","0","彰化縣","田尾鄉","120.540","23.885","49"
"424","247222","20220706005000","699","0","彰化縣","田中鎮","120.585","23.865","312"
"467","247224","20220706005000","439","1","彰化縣","田中鎮","120.585","23.850","346"
"48","247227","20220706005000","726","0","彰化縣","田中鎮","120.600","23.855","39"
"1158","247235","20220706005000","948","2","彰化縣","田中鎮","120.590","23.855","896"
"71","247238","20220706005000","69","1","彰化縣","田尾鄉","120.530","23.895","83"
"219","247244","20220706005000","190","1","彰化縣","北斗鎮","120.545","23.880","183"
"54","247248","20220706005000","55","0","彰化縣","田尾鄉","120.550","23.885","56"
"305","247250","20220706005000","248","2","彰化縣","田尾鄉","120.560","23.890","250"
"110","247251","20220706005000","104","1","彰化縣","田尾鄉","120.565","23.890","93"
"24","247253","20220706005000","431","0","彰化縣","田尾鄉","120.535","23.900","36"
"92","247259","20220706005000","884","0","彰化縣","田尾鄉","120.550","23.900","111"
"547","247268","20220706005000","476","1","彰化縣","社頭鄉","120.585","23.920","418"
"68","247277","20220706005000","54","2","彰化縣","社頭鄉","120.615","23.885","45"
"441","247283","20220706005000","359","2","彰化縣","社頭鄉","120.610","23.890","334"
"21","247286","20220706005000","23","0","彰化縣","社頭鄉","120.570","23.910","19"
"47","247288","20220706005000","48","0","彰化縣","永靖鄉","120.575","23.915","61"
"60","247290","20220706005000","40","3","彰化縣","永靖鄉","120.575","23.920","43"
"25","247291","20220706005000","340","0","彰化縣","社頭鄉","120.595","23.920","33"
"23","247293","20220706005000","330","0","彰化縣","社頭鄉","120.605","23.920","15"
"560","247305","20220706005000","580","0","彰化縣","北斗鎮","120.570","23.850","465"
"324","247308","20220706005000","247","2","彰化縣","田中鎮","120.575","23.855","227"
"692","247312","20220706005000","556","2","彰化縣","田中鎮","120.605","23.855","508"
"498","247316","20220706005000","1125","0","彰化縣","田中鎮","120.580","23.860","431"
"440","247328","20220706005000","386","1","彰化縣","社頭鄉","120.575","23.900","336"
"355","247336","20220706005000","303","1","彰化縣","社頭鄉","120.610","23.905","252"
"16","247347","20220706005000","11","2","彰化縣","社頭鄉","120.630","23.905","13"
"460","247352","20220706005000","433","1","彰化縣","田中鎮","120.560","23.865","365"
"155","247353","20220706005000","179","0","彰化縣","田中鎮","120.565","23.865","122"
"179","247359","20220706005000","113","3","彰化縣","田中鎮","120.590","23.865","148"
"565","247361","20220706005000","546","1","彰化縣","田中鎮","120.585","23.870","491"
"457","247365","20220706005000","484","0","彰化縣","田中鎮","120.585","23.860","419"
"219","247366","20220706005000","179","2","彰化縣","田中鎮","120.570","23.875","156"
"14","247367","20220706005000","227","0","彰化縣","田中鎮","120.560","23.880","15"
"319","247377","20220706005000","279","1","彰化縣","田中鎮","120.605","23.870","254"
"142","247383","20220706005000","147","0","彰化縣","田中鎮","120.605","23.875","111"
"289","247399","20220706005000","240","2","彰化縣","田中鎮","120.595","23.855","224"
"62","247400","20220706005000","231","0","彰化縣","田中鎮","120.590","23.860","70"
"711","247403","20220706005000","313","3","彰化縣","社頭鄉","120.590","23.900","455"
"968","247409","20220706005000","313","3","彰化縣","社頭鄉","120.585","23.885","600"
"53","247637","20220706005000","26","3","花蓮縣","壽豐鄉","121.610","23.920","36"
"183","252412","20220706005000","114","3","花蓮縣","花蓮市","121.640","23.995","155"
"56","252926","20220706005000","50","1","臺中市","霧峰區","120.705","24.010","44"
"198","253141","20220706005000","151","2","花蓮縣","秀林鄉","121.505","23.945","165"
"331","253374","20220706005000","279","1","花蓮縣","秀林鄉","121.555","24.005","284"
"222","253376","20220706005000","215","1","花蓮縣","新城鄉","121.615","24.005","161"
"146","253382","20220706005000","179","0","花蓮縣","吉安鄉","121.580","23.925","125"
"194","253393","20220706005000","152","2","花蓮縣","吉安鄉","121.585","23.930","190"
"230","253400","20220706005000","193","1","花蓮縣","吉安鄉","121.580","23.935","172"
"783","253410","20220706005000","591","2","花蓮縣","吉安鄉","121.595","23.940","661"
"625","253413","20220706005000","528","1","花蓮縣","吉安鄉","121.575","23.945","542"
"1576","253414","20220706005000","1109","2","花蓮縣","吉安鄉","121.585","23.975","1265"
"185","253433","20220706005000","201","0","花蓮縣","吉安鄉","121.550","23.945","147"
"161","253436","20220706005000","125","2","花蓮縣","吉安鄉","121.525","23.945","126"
"18","253450","20220706005000","35","0","花蓮縣","吉安鄉","121.580","23.950","29"
"1415","253452","20220706005000","1072","2","花蓮縣","吉安鄉","121.590","23.950","1140"
"874","253454","20220706005000","787","1","花蓮縣","吉安鄉","121.590","23.955","705"
"535","253457","20220706005000","496","1","花蓮縣","吉安鄉","121.590","23.945","425"
"536","253463","20220706005000","365","2","花蓮縣","吉安鄉","121.600","23.945","404"
"1043","253470","20220706005000","1493","0","花蓮縣","吉安鄉","121.590","23.965","821"
"1194","253471","20220706005000","717","3","花蓮縣","吉安鄉","121.590","23.970","922"
"2843","253472","20220706005000","2349","2","花蓮縣","花蓮市","121.590","23.975","2257"
"1130","253475","20220706005000","1021","1","花蓮縣","吉安鄉","121.590","23.980","956"
"296","253477","20220706005000","243","2","花蓮縣","吉安鄉","121.585","23.985","252"
"343","253478","20220706005000","322","1","花蓮縣","吉安鄉","121.585","23.980","259"
"970","253479","20220706005000","790","2","花蓮縣","花蓮市","121.600","23.985","840"
"360","253480","20220706005000","406","0","花蓮縣","吉安鄉","121.580","23.985","278"
"566","253481","20220706005000","525","1","花蓮縣","吉安鄉","121.585","23.990","451"
"2587","253482","20220706005000","2020","2","花蓮縣","花蓮市","121.595","23.990","2049"
"1977","253484","20220706005000","1467","2","花蓮縣","吉安鄉","121.580","23.970","1543"
"567","253485","20220706005000","609","0","花蓮縣","吉安鄉","121.585","23.970","456"
"164","253506","20220706005000","200","0","花蓮縣","吉安鄉","121.570","23.965","154"
"504","253507","20220706005000","387","2","花蓮縣","吉安鄉","121.575","23.965","407"
"660","253508","20220706005000","512","2","花蓮縣","吉安鄉","121.565","23.970","565"
"90","253517","20220706005000","123","0","花蓮縣","吉安鄉","121.560","23.975","118"
"1614","253520","20220706005000","1103","2","花蓮縣","吉安鄉","121.580","23.975","1276"
"679","253542","20220706005000","620","1","花蓮縣","吉安鄉","121.555","23.990","563"
"150","253545","20220706005000","172","0","花蓮縣","吉安鄉","121.570","23.990","199"
"515","253552","20220706005000","368","2","花蓮縣","吉安鄉","121.570","23.975","400"
"941","253554","20220706005000","490","3","花蓮縣","吉安鄉","121.565","23.980","690"
"1655","253555","20220706005000","1274","2","花蓮縣","吉安鄉","121.570","23.980","1337"
"437","253556","20220706005000","489","0","花蓮縣","吉安鄉","121.575","23.980","341"
"46","253557","20220706005000","35","2","花蓮縣","吉安鄉","121.555","23.985","65"
"837","253559","20220706005000","435","3","花蓮縣","吉安鄉","121.565","23.985","643"
"218","253561","20220706005000","183","1","花蓮縣","吉安鄉","121.605","23.955","181"
"714","253562","20220706005000","508","2","花蓮縣","吉安鄉","121.595","23.960","591"
"571","253563","20220706005000","513","1","花蓮縣","吉安鄉","121.600","23.960","429"
"1639","253565","20220706005000","1719","0","花蓮縣","吉安鄉","121.595","23.965","1252"
"602","253569","20220706005000","646","0","花蓮縣","吉安鄉","121.575","23.985","504"
"545","253575","20220706005000","377","2","花蓮縣","吉安鄉","121.570","23.940","465"
"640","253584","20220706005000","540","1","花蓮縣","吉安鄉","121.560","23.950","497"
"836","253594","20220706005000","799","1","花蓮縣","吉安鄉","121.550","23.965","829"
"69","253595","20220706005000","59","1","花蓮縣","吉安鄉","121.555","23.965","54"
"975","253596","20220706005000","756","2","花蓮縣","吉安鄉","121.560","23.965","772"
"1079","253597","20220706005000","794","2","花蓮縣","吉安鄉","121.565","23.965","807"
"608","253603","20220706005000","342","3","花蓮縣","吉安鄉","121.560","23.970","524"
"468","253608","20220706005000","313","2","花蓮縣","吉安鄉","121.580","23.955","367"
"1008","253609","20220706005000","944","1","花蓮縣","吉安鄉","121.570","23.960","853"
"494","253611","20220706005000","364","2","花蓮縣","吉安鄉","121.580","23.960","363"
"343","253627","20220706005000","324","1","花蓮縣","吉安鄉","121.535","23.930","420"
"569","253648","20220706005000","437","2","花蓮縣","花蓮市","121.625","23.985","377"
"1343","253649","20220706005000","1334","1","花蓮縣","花蓮市","121.620","24.005","1058"
"80","253650","20220706005000","65","2","彰化縣","二林鎮","120.420","23.955","59"
"101","253656","20220706005000","93","1","彰化縣","二林鎮","120.415","23.965","69"
"353","253670","20220706005000","276","2","彰化縣","二林鎮","120.440","23.930","298"
"2206","253672","20220706005000","1723","2","彰化縣","員林鎮","120.580","23.955","1724"
"629","253673","20220706005000","605","1","彰化縣","員林鎮","120.585","23.955","566"
"542","253675","20220706005000","766","0","彰化縣","員林鎮","120.565","23.950","402"
"366","253677","20220706005000","342","1","彰化縣","埔心鄉","120.560","23.940","272"
"781","253681","20220706005000","731","1","彰化縣","員林鎮","120.565","23.945","645"
"12","253686","20220706005000","11","1","彰化縣","員林鎮","120.610","23.980","12"
"1562","253688","20220706005000","1350","1","彰化縣","員林鎮","120.570","23.960","1206"
"2649","253689","20220706005000","2393","1","彰化縣","員林鎮","120.570","23.955","2021"
"264","253764","20220706005000","196","2","花蓮縣","秀林鄉","121.505","23.960","187"
"166","253789","20220706005000","94","3","花蓮縣","秀林鄉","121.495","23.965","129"
"1463","254233","20220706005000","2122","0","花蓮縣","花蓮市","121.605","23.975","1201"
"2636","254234","20220706005000","2143","2","花蓮縣","花蓮市","121.600","23.975","1997"
"1708","254236","20220706005000","1464","1","花蓮縣","花蓮市","121.625","23.990","1254"
"795","254237","20220706005000","720","1","花蓮縣","花蓮市","121.630","23.985","587"
"1402","254238","20220706005000","1132","2","花蓮縣","花蓮市","121.630","23.990","1038"
"18","254239","20220706005000","10","3","花蓮縣","花蓮市","121.635","23.990","13"
"2363","254240","20220706005000","2042","1","花蓮縣","花蓮市","121.635","23.995","1855"
"46","254242","20220706005000","38","2","南投縣","國姓鄉","120.880","23.970","34"
"298","254247","20220706005000","280","1","南投縣","國姓鄉","120.875","23.975","270"
"13","254256","20220706005000","23","0","南投縣","國姓鄉","120.885","23.980","14"
"237","254260","20220706005000","223","1","南投縣","國姓鄉","120.870","23.985","178"
"32","254328","20220706005000","25","2","南投縣","國姓鄉","120.830","23.945","21"
"35","254335","20220706005000","37","0","南投縣","國姓鄉","120.865","23.945","27"
"103","254346","20220706005000","93","1","南投縣","國姓鄉","120.865","23.950","67"
"29","254349","20220706005000","31","0","南投縣","中寮鄉","120.830","23.955","21"
"34","254374","20220706005000","25","2","南投縣","國姓鄉","120.860","23.960","29"
"44","254379","20220706005000","21","3","南投縣","中寮鄉","120.835","23.965","53"
"153","254397","20220706005000","132","1","南投縣","國姓鄉","120.865","23.975","103"
"771","254400","20220706005000","642","2","南投縣","埔里鎮","120.970","23.955","629"
"783","254401","20220706005000","499","3","南投縣","埔里鎮","120.990","23.945","603"
"1378","254411","20220706005000","2352","0","南投縣","埔里鎮","120.975","23.955","1141"
"2374","254415","20220706005000","1878","2","南投縣","埔里鎮","120.975","23.960","1880"
"125","254447","20220706005000","158","0","南投縣","埔里鎮","120.925","23.940","110"
"45","254450","20220706005000","43","1","南投縣","埔里鎮","120.940","23.940","27"
"128","254465","20220706005000","352","0","南投縣","埔里鎮","120.915","23.950","123"
"146","254467","20220706005000","705","0","南投縣","埔里鎮","120.925","23.950","112"
"259","254470","20220706005000","261","0","南投縣","埔里鎮","120.940","23.950","205"
"140","254481","20220706005000","149","0","南投縣","埔里鎮","120.915","23.955","77"
"214","254490","20220706005000","268","0","南投縣","埔里鎮","120.980","23.935","169"
"57","254499","20220706005000","69","0","南投縣","埔里鎮","120.995","23.940","60"
"448","254504","20220706005000","392","1","南投縣","埔里鎮","120.970","23.945","336"
"432","254506","20220706005000","390","1","南投縣","埔里鎮","120.980","23.945","327"
"628","254510","20220706005000","460","2","南投縣","埔里鎮","120.965","23.950","533"
"415","254512","20220706005000","523","0","南投縣","埔里鎮","120.975","23.950","368"
"2259","254517","20220706005000","2087","1","南投縣","埔里鎮","120.970","23.970","1811"
"411","254519","20220706005000","275","2","南投縣","埔里鎮","120.975","23.975","336"
"28","254520","20220706005000","100","0","南投縣","埔里鎮","120.970","23.980","52"
"267","254538","20220706005000","157","3","南投縣","中寮鄉","120.790","23.945","205"
"517","254550","20220706005000","1237","0","南投縣","埔里鎮","120.970","23.965","501"
"288","254560","20220706005000","298","0","南投縣","埔里鎮","120.945","23.960","251"
"22","254571","20220706005000","201","0","南投縣","埔里鎮","120.930","23.970","23"
"344","254589","20220706005000","312","1","南投縣","埔里鎮","120.955","24.005","304"
"1036","254592","20220706005000","978","1","南投縣","埔里鎮","120.965","23.955","846"
"16","254593","20220706005000","16","1","南投縣","埔里鎮","120.910","23.985","13"
"36","254599","20220706005000","27","2","南投縣","埔里鎮","120.915","23.990","24"
"857","254621","20220706005000","564","3","南投縣","埔里鎮","120.960","23.960","737"
"184","254622","20220706005000","120","3","南投縣","埔里鎮","120.965","23.960","229"
"65","254624","20220706005000","1080","0","南投縣","埔里鎮","120.955","23.965","88"
"534","254627","20220706005000","787","0","南投縣","埔里鎮","120.960","23.970","454"
"643","254629","20220706005000","648","0","南投縣","埔里鎮","120.955","23.975","519"
"790","254633","20220706005000","829","0","南投縣","埔里鎮","120.980","23.980","674"
"42","254641","20220706005000","214","0","南投縣","埔里鎮","120.955","23.955","47"
"471","254658","20220706005000","390","2","南投縣","埔里鎮","120.980","23.990","383"
"202","254675","20220706005000","187","1","南投縣","埔里鎮","120.960","24.000","161"
"30","254680","20220706005000","26","1","南投縣","埔里鎮","120.985","24.000","20"
"32","254694","20220706005000","362","0","南投縣","埔里鎮","120.955","23.940","41"
"391","254705","20220706005000","362","1","南投縣","埔里鎮","120.970","24.005","290"
"180","254706","20220706005000","176","1","南投縣","埔里鎮","120.975","24.005","143"
"503","254712","20220706005000","476","1","花蓮縣","花蓮市","121.610","23.970","397"
"1723","254713","20220706005000","1303","2","花蓮縣","花蓮市","121.600","23.965","1373"
"696","254714","20220706005000","574","2","花蓮縣","花蓮市","121.610","23.985","490"
"1456","254716","20220706005000","1379","1","花蓮縣","花蓮市","121.605","23.980","1076"
"1314","254717","20220706005000","1111","1","花蓮縣","花蓮市","121.600","23.980","1010"
"767","254719","20220706005000","970","0","花蓮縣","花蓮市","121.605","23.985","617"
"36","254721","20220706005000","134","0","花蓮縣","花蓮市","121.600","23.970","62"
"1600","254723","20220706005000","1934","0","花蓮縣","花蓮市","121.605","23.970","1277"
"53","254728","20220706005000","107","0","花蓮縣","花蓮市","121.615","23.985","87"
"1186","254729","20220706005000","1198","0","花蓮縣","花蓮市","121.620","24.000","957"
"1714","254730","20220706005000","1733","0","花蓮縣","花蓮市","121.625","23.995","1324"
"871","254732","20220706005000","565","3","花蓮縣","花蓮市","121.615","23.975","721"
"471","254733","20220706005000","326","2","花蓮縣","花蓮市","121.615","23.980","296"
"1697","254735","20220706005000","1400","2","花蓮縣","吉安鄉","121.590","23.985","1401"
"116","254742","20220706005000","334","0","花蓮縣","花蓮市","121.610","24.005","109"
"42","254743","20220706005000","229","0","花蓮縣","吉安鄉","121.580","23.990","83"
"818","254745","20220706005000","511","3","花蓮縣","吉安鄉","121.590","23.990","666"
"484","254746","20220706005000","767","0","花蓮縣","花蓮市","121.585","23.995","415"
"511","254747","20220706005000","464","1","花蓮縣","花蓮市","121.590","23.995","429"
"864","254748","20220706005000","934","0","花蓮縣","花蓮市","121.595","23.995","723"
"357","254754","20220706005000","384","0","花蓮縣","花蓮市","121.590","24.005","274"
"474","254755","20220706005000","484","0","花蓮縣","花蓮市","121.595","24.005","380"
"1477","254756","20220706005000","1521","0","花蓮縣","花蓮市","121.595","23.970","1150"
"913","254757","20220706005000","775","1","花蓮縣","花蓮市","121.595","23.975","743"
"2510","254766","20220706005000","2283","1","彰化縣","員林鎮","120.570","23.970","1997"
"698","254767","20220706005000","598","1","彰化縣","員林鎮","120.575","23.970","579"
"636","254769","20220706005000","570","1","花蓮縣","花蓮市","121.610","23.975","533"
"1818","254770","20220706005000","1188","3","花蓮縣","花蓮市","121.610","23.980","1364"
"850","254771","20220706005000","740","1","花蓮縣","花蓮市","121.615","24.000","678"
"24","254772","20220706005000","38","0","花蓮縣","花蓮市","121.560","24.000","18"
"205","254777","20220706005000","200","1","花蓮縣","花蓮市","121.575","24.005","153"
"2448","254779","20220706005000","2150","1","花蓮縣","花蓮市","121.600","23.990","1900"
"876","254780","20220706005000","773","1","花蓮縣","花蓮市","121.610","23.990","689"
"2840","254781","20220706005000","3123","0","花蓮縣","花蓮市","121.605","23.990","2094"
"602","254782","20220706005000","513","1","花蓮縣","花蓮市","121.605","23.995","440"
"3262","254783","20220706005000","3021","1","花蓮縣","吉安鄉","121.575","23.990","2693"
"1573","254784","20220706005000","1690","0","花蓮縣","吉安鄉","121.565","23.995","1250"
"543","254785","20220706005000","520","1","花蓮縣","花蓮市","121.570","23.995","448"
"157","254786","20220706005000","332","0","花蓮縣","花蓮市","121.575","23.995","147"
"1178","254789","20220706005000","1134","1","花蓮縣","吉安鄉","121.595","23.985","882"
"2404","254790","20220706005000","1720","2","花蓮縣","花蓮市","121.600","23.995","1878"
"27","254887","20220706005000","142","0","南投縣","中寮鄉","120.780","23.945","29"
"258","254901","20220706005000","237","1","南投縣","中寮鄉","120.765","23.940","214"
"237","254913","20220706005000","210","1","彰化縣","員林鎮","120.550","23.975","188"
"608","254920","20220706005000","552","1","彰化縣","員林鎮","120.580","23.935","458"
"61","254922","20220706005000","97","0","彰化縣","員林鎮","120.575","23.940","84"
"380","254925","20220706005000","334","1","彰化縣","員林鎮","120.580","23.945","317"
"84","254926","20220706005000","414","0","彰化縣","員林鎮","120.575","23.945","105"
"704","254940","20220706005000","668","1","花蓮縣","花蓮市","121.620","23.985","619"
"638","254941","20220706005000","650","0","花蓮縣","花蓮市","121.615","23.990","523"
"317","254942","20220706005000","313","1","花蓮縣","花蓮市","121.620","23.990","227"
"15","254945","20220706005000","13","1","花蓮縣","花蓮市","121.630","23.995","15"
"63","254950","20220706005000","66","0","花蓮縣","花蓮市","121.645","24.005","56"
"568","254952","20220706005000","529","1","彰化縣","埔心鄉","120.520","23.965","493"
"29","254964","20220706005000","82","0","彰化縣","芳苑鄉","120.325","23.940","28"
"372","254974","20220706005000","235","3","彰化縣","芳苑鄉","120.330","23.940","262"
"1885","255019","20220706005000","1488","2","彰化縣","員林鎮","120.565","23.965","1582"
"164","255021","20220706005000","750","0","彰化縣","員林鎮","120.600","23.965","182"
"74","255024","20220706005000","50","2","彰化縣","員林鎮","120.610","23.970","64"
"400","255030","20220706005000","378","1","彰化縣","埔心鄉","120.530","23.940","334"
"26","255038","20220706005000","639","0","彰化縣","埔鹽鄉","120.480","23.990","43"
"196","255039","20220706005000","173","1","彰化縣","埔鹽鄉","120.500","23.975","128"
"139","255044","20220706005000","271","0","南投縣","南投市","120.700","23.930","146"
"252","255046","20220706005000","200","2","南投縣","南投市","120.635","23.935","195"
"186","255053","20220706005000","153","2","南投縣","南投市","120.635","23.945","142"
"600","255063","20220706005000","660","0","彰化縣","永靖鄉","120.555","23.935","456"
"53","255064","20220706005000","400","0","彰化縣","永靖鄉","120.560","23.930","62"
"653","255065","20220706005000","596","1","彰化縣","員林鎮","120.555","23.960","500"
"411","255068","20220706005000","203","3","彰化縣","員林鎮","120.560","23.965","353"
"534","255069","20220706005000","409","2","彰化縣","員林鎮","120.555","23.970","353"
"1703","255073","20220706005000","1511","1","南投縣","南投市","120.690","23.945","1463"
"1379","255074","20220706005000","1196","1","南投縣","南投市","120.690","23.950","1136"
"34","255075","20220706005000","177","0","南投縣","南投市","120.685","23.950","49"
"69","255078","20220706005000","276","0","南投縣","南投市","120.675","23.945","76"
"63","255079","20220706005000","585","0","南投縣","南投市","120.680","23.945","75"
"179","255081","20220706005000","181","0","南投縣","草屯鎮","120.675","23.950","130"
"321","255088","20220706005000","327","0","南投縣","南投市","120.660","23.935","228"
"158","255092","20220706005000","256","0","南投縣","南投市","120.665","23.940","122"
"133","255094","20220706005000","112","1","南投縣","南投市","120.650","23.945","87"
"30","255100","20220706005000","160","0","南投縣","南投市","120.655","23.950","38"
"24","255107","20220706005000","17","2","南投縣","南投市","120.650","23.955","16"
"358","255130","20220706005000","245","2","彰化縣","芳苑鄉","120.315","23.930","250"
"17","255153","20220706005000","166","0","彰化縣","芳苑鄉","120.380","23.940","19"
"292","255158","20220706005000","449","0","彰化縣","芳苑鄉","120.380","23.955","558"
"194","255176","20220706005000","530","0","彰化縣","埔心鄉","120.555","23.940","186"
"1237","255177","20220706005000","1334","0","彰化縣","埔心鄉","120.540","23.950","1092"
"23","255178","20220706005000","613","0","彰化縣","埔心鄉","120.545","23.950","36"
"94","255179","20220706005000","86","1","彰化縣","埔心鄉","120.540","23.955","83"
"358","255199","20220706005000","297","2","彰化縣","二林鎮","120.420","23.950","281"
"414","255210","20220706005000","437","0","彰化縣","永靖鄉","120.550","23.930","295"
"311","255220","20220706005000","415","0","彰化縣","大村鄉","120.585","23.990","275"
"764","255222","20220706005000","993","0","彰化縣","大村鄉","120.580","23.995","645"
"14","255223","20220706005000","21","0","彰化縣","大村鄉","120.585","23.995","28"
"36","255227","20220706005000","57","0","彰化縣","大村鄉","120.590","23.995","35"
"30","255230","20220706005000","50","0","彰化縣","大村鄉","120.605","23.995","35"
"139","255232","20220706005000","359","0","彰化縣","大村鄉","120.595","24.000","84"
"647","255234","20220706005000","548","1","彰化縣","大村鄉","120.570","23.975","623"
"753","255238","20220706005000","595","2","彰化縣","大村鄉","120.535","24.000","660"
"26","255239","20220706005000","236","0","彰化縣","大村鄉","120.540","24.000","47"
"291","255251","20220706005000","240","2","彰化縣","埔心鄉","120.515","23.970","221"
"56","255257","20220706005000","48","1","彰化縣","埔心鄉","120.540","23.965","84"
"464","255261","20220706005000","329","2","彰化縣","埔心鄉","120.555","23.950","418"
"143","255262","20220706005000","143","1","彰化縣","埔心鄉","120.550","23.955","113"
"440","255263","20220706005000","350","2","彰化縣","埔心鄉","120.555","23.955","313"
"16","255264","20220706005000","311","0","彰化縣","埔心鄉","120.545","23.960","21"
"758","255265","20220706005000","49","3","彰化縣","埔心鄉","120.560","23.945","546"
"482","255266","20220706005000","243","3","彰化縣","埔心鄉","120.550","23.945","361"
"463","255267","20220706005000","412","1","彰化縣","埔心鄉","120.555","23.945","363"
"176","255273","20220706005000","137","2","彰化縣","埔心鄉","120.515","23.940","148"
"196","255276","20220706005000","163","2","彰化縣","埔心鄉","120.525","23.950","163"
"1091","255277","20220706005000","646","3","彰化縣","埔心鄉","120.525","23.945","867"
"330","255284","20220706005000","315","1","彰化縣","埔心鄉","120.520","23.945","265"
"572","255287","20220706005000","391","2","彰化縣","埔心鄉","120.515","23.950","480"
"225","255292","20220706005000","367","0","南投縣","埔里鎮","120.935","23.995","170"
"13","255303","20220706005000","84","0","南投縣","埔里鎮","120.945","24.000","13"
"283","255308","20220706005000","181","3","南投縣","埔里鎮","120.940","24.005","245"
"96","255309","20220706005000","265","0","南投縣","埔里鎮","120.945","24.005","121"
"592","255312","20220706005000","517","1","彰化縣","溪湖鎮","120.495","23.965","494"
"376","255322","20220706005000","348","1","彰化縣","溪湖鎮","120.510","23.970","318"
"1119","255326","20220706005000","642","3","彰化縣","大村鄉","120.545","23.995","943"
"407","255337","20220706005000","342","1","彰化縣","大村鄉","120.555","24.000","304"
"605","255339","20220706005000","471","2","彰化縣","大村鄉","120.550","24.005","452"
"32","255345","20220706005000","437","0","彰化縣","大村鄉","120.580","24.000","51"
"115","255351","20220706005000","85","2","彰化縣","大村鄉","120.585","24.000","79"
"480","255359","20220706005000","383","2","彰化縣","大村鄉","120.550","23.980","365"
"930","255361","20220706005000","828","1","彰化縣","大村鄉","120.565","23.980","804"
"445","255365","20220706005000","369","2","彰化縣","大村鄉","120.540","23.975","324"
"69","255366","20220706005000","79","0","彰化縣","大村鄉","120.520","23.980","55"
"18","255371","20220706005000","76","0","彰化縣","芳苑鄉","120.355","23.935","20"
"192","255379","20220706005000","74","3","彰化縣","芳苑鄉","120.365","23.940","119"
"58","255396","20220706005000","252","0","彰化縣","芳苑鄉","120.350","23.975","62"
"488","255400","20220706005000","302","3","彰化縣","芳苑鄉","120.345","23.980","362"
"97","255443","20220706005000","220","0","彰化縣","芳苑鄉","120.390","23.980","221"
"24","255448","20220706005000","72","0","彰化縣","芳苑鄉","120.385","23.985","70"
"1731","255463","20220706005000","1517","1","南投縣","埔里鎮","120.975","23.970","1449"
"75","255464","20220706005000","341","0","彰化縣","埔心鄉","120.560","23.950","100"
"402","255466","20220706005000","337","1","南投縣","南投市","120.695","23.940","321"
"612","255472","20220706005000","583","1","南投縣","南投市","120.695","23.945","447"
"52","255475","20220706005000","41","2","南投縣","南投市","120.700","23.950","48"
"282","255480","20220706005000","461","0","南投縣","南投市","120.695","23.950","280"
"126","255482","20220706005000","130","0","南投縣","南投市","120.690","23.955","109"
"58","255490","20220706005000","226","0","南投縣","南投市","120.690","23.930","64"
"1446","255491","20220706005000","988","2","南投縣","南投市","120.695","23.930","1165"
"375","255494","20220706005000","711","0","南投縣","南投市","120.690","23.935","337"
"351","255496","20220706005000","451","0","南投縣","南投市","120.700","23.935","318"
"97","255498","20220706005000","466","0","南投縣","南投市","120.710","23.935","120"
"237","255525","20220706005000","817","0","彰化縣","芳苑鄉","120.335","23.960","238"
"121","255535","20220706005000","98","2","彰化縣","芳苑鄉","120.360","23.970","87"
"228","255545","20220706005000","134","3","彰化縣","二林鎮","120.385","23.945","138"
"188","255549","20220706005000","183","1","彰化縣","芳苑鄉","120.385","23.955","113"
"263","255550","20220706005000","138","3","彰化縣","芳苑鄉","120.390","23.955","147"
"228","255551","20220706005000","151","3","彰化縣","芳苑鄉","120.395","23.955","148"
"196","255559","20220706005000","105","3","彰化縣","芳苑鄉","120.385","23.970","87"
"76","255593","20220706005000","67","1","南投縣","國姓鄉","120.855","23.995","61"
"289","255626","20220706005000","242","1","南投縣","國姓鄉","120.840","24.005","233"
"208","255633","20220706005000","200","1","南投縣","國姓鄉","120.815","24.000","162"
"147","255636","20220706005000","104","2","南投縣","國姓鄉","120.815","24.005","124"
"349","255646","20220706005000","327","1","南投縣","埔里鎮","120.955","23.995","255"
"313","255647","20220706005000","233","2","南投縣","埔里鎮","120.960","23.965","214"
"13","255663","20220706005000","152","0","南投縣","埔里鎮","121.000","23.955","11"
"204","255680","20220706005000","190","1","南投縣","埔里鎮","121.000","23.965","189"
"741","255708","20220706005000","757","0","南投縣","埔里鎮","120.995","23.975","569"
"167","255724","20220706005000","130","2","南投縣","埔里鎮","121.005","23.980","136"
"73","255748","20220706005000","92","0","南投縣","埔里鎮","121.020","23.990","53"
"55","255778","20220706005000","82","0","南投縣","仁愛鄉","121.040","24.000","50"
"11","255784","20220706005000","14","0","南投縣","埔里鎮","121.055","24.000","11"
"889","255785","20220706005000","955","0","南投縣","埔里鎮","120.965","23.965","736"
"41","255786","20220706005000","44","0","南投縣","埔里鎮","120.965","23.970","60"
"296","255794","20220706005000","294","1","南投縣","埔里鎮","120.990","23.930","226"
"762","255798","20220706005000","562","2","彰化縣","埔鹽鄉","120.485","24.005","595"
"541","255803","20220706005000","434","2","彰化縣","埔鹽鄉","120.475","23.995","422"
"916","255804","20220706005000","636","2","彰化縣","埔鹽鄉","120.480","23.995","637"
"276","255810","20220706005000","175","3","彰化縣","埔鹽鄉","120.455","24.010","223"
"21","255814","20220706005000","483","0","彰化縣","埔鹽鄉","120.430","23.980","24"
"331","255817","20220706005000","255","2","彰化縣","埔鹽鄉","120.445","23.960","272"
"337","255822","20220706005000","187","3","彰化縣","埔鹽鄉","120.440","23.975","274"
"740","255835","20220706005000","577","2","彰化縣","埔鹽鄉","120.465","24.000","570"
"273","255836","20220706005000","169","3","彰化縣","埔鹽鄉","120.460","24.005","214"
"761","255841","20220706005000","526","2","彰化縣","花壇鄉","120.575","24.005","651"
"254","255861","20220706005000","133","3","彰化縣","埔鹽鄉","120.450","23.985","187"
"95","255868","20220706005000","365","0","彰化縣","埔鹽鄉","120.445","23.985","93"
"373","255875","20220706005000","271","2","彰化縣","埔鹽鄉","120.465","23.970","280"
"196","255894","20220706005000","228","0","彰化縣","埔鹽鄉","120.490","23.990","153"
"22","255901","20220706005000","270","0","彰化縣","埔鹽鄉","120.490","23.975","28"
"63","255903","20220706005000","498","0","彰化縣","埔鹽鄉","120.480","23.980","78"
"614","255912","20220706005000","516","1","彰化縣","大村鄉","120.530","23.990","516"
"631","255913","20220706005000","494","2","彰化縣","大村鄉","120.535","23.990","448"
"1149","255917","20220706005000","1132","1","彰化縣","大村鄉","120.555","23.990","958"
"209","255920","20220706005000","483","0","彰化縣","大村鄉","120.575","23.985","148"
"458","255921","20220706005000","426","1","彰化縣","大村鄉","120.580","23.985","382"
"487","255923","20220706005000","600","0","彰化縣","大村鄉","120.590","23.985","609"
"136","255924","20220706005000","102","2","彰化縣","大村鄉","120.595","23.985","110"
"173","255941","20220706005000","143","2","彰化縣","大村鄉","120.540","23.980","146"
"292","255950","20220706005000","261","1","彰化縣","大村鄉","120.510","23.985","251"
"340","255953","20220706005000","206","3","彰化縣","大村鄉","120.520","23.985","286"
"120","255956","20220706005000","1022","0","彰化縣","大村鄉","120.560","23.990","176"
"51","255962","20220706005000","32","3","彰化縣","埔鹽鄉","120.430","23.995","47"
"434","255975","20220706005000","245","3","彰化縣","埔鹽鄉","120.420","23.990","334"
"111","255987","20220706005000","580","0","彰化縣","埔鹽鄉","120.450","24.005","123"
"316","256002","20220706005000","570","0","南投縣","埔里鎮","120.945","23.965","262"
"104","256004","20220706005000","971","0","南投縣","埔里鎮","120.945","23.970","129"
"92","256025","20220706005000","72","2","南投縣","埔里鎮","120.890","23.955","63"
"1096","256042","20220706005000","1046","1","南投縣","埔里鎮","120.945","23.975","943"
"453","256043","20220706005000","413","1","南投縣","埔里鎮","120.925","23.980","352"
"62","256061","20220706005000","68","0","彰化縣","員林鎮","120.605","23.950","80"
"1178","256062","20220706005000","836","2","彰化縣","員林鎮","120.605","23.955","960"
"59","256063","20220706005000","505","0","南投縣","南投市","120.670","23.930","81"
"48","256065","20220706005000","354","0","南投縣","南投市","120.675","23.935","75"
"27","256071","20220706005000","27","1","南投縣","南投市","120.730","23.930","16"
"270","256085","20220706005000","197","2","南投縣","南投市","120.660","23.930","209"
"122","256086","20220706005000","102","1","南投縣","南投市","120.665","23.930","88"
"645","256089","20220706005000","592","1","南投縣","南投市","120.670","23.940","505"
"372","256091","20220706005000","328","1","彰化縣","員林鎮","120.570","23.965","302"
"1522","256092","20220706005000","1873","0","彰化縣","員林鎮","120.575","23.965","1263"
"2042","256094","20220706005000","1851","1","彰化縣","員林鎮","120.580","23.960","1633"
"13","256095","20220706005000","15","0","彰化縣","員林鎮","120.585","23.960","16"
"2484","256096","20220706005000","1667","2","彰化縣","員林鎮","120.580","23.965","2066"
"109","256144","20220706005000","103","1","南投縣","仁愛鄉","121.080","23.995","75"
"138","256164","20220706005000","120","1","南投縣","仁愛鄉","121.085","24.000","121"
"100","256171","20220706005000","76","2","南投縣","仁愛鄉","121.070","24.005","73"
"86","256180","20220706005000","58","2","南投縣","仁愛鄉","121.130","23.980","67"
"276","256187","20220706005000","246","1","南投縣","仁愛鄉","121.100","23.990","221"
"84","256354","20220706005000","47","3","南投縣","仁愛鄉","121.075","23.930","76"
"189","256404","20220706005000","138","2","南投縣","仁愛鄉","121.075","23.950","163"
"18","256598","20220706005000","16","1","南投縣","仁愛鄉","121.120","23.950","14"
"45","256646","20220706005000","30","3","南投縣","仁愛鄉","121.180","23.955","35"
"115","256716","20220706005000","58","3","南投縣","仁愛鄉","121.130","23.960","73"
"139","256753","20220706005000","95","2","南投縣","仁愛鄉","121.105","23.965","105"
"124","256953","20220706005000","1501","0","彰化縣","員林鎮","120.575","23.950","183"
"844","256956","20220706005000","634","2","彰化縣","員林鎮","120.595","23.960","677"
"53","256962","20220706005000","49","1","彰化縣","員林鎮","120.615","23.950","46"
"219","256968","20220706005000","168","2","彰化縣","員林鎮","120.625","23.955","176"
"24","256971","20220706005000","281","0","彰化縣","員林鎮","120.550","23.965","28"
"27","256976","20220706005000","33","0","彰化縣","員林鎮","120.605","23.945","26"
"73","256977","20220706005000","72","1","彰化縣","員林鎮","120.610","23.945","68"
"143","256978","20220706005000","169","0","彰化縣","員林鎮","120.615","23.945","106"
"1352","256982","20220706005000","1336","1","彰化縣","員林鎮","120.565","23.955","984"
"1525","256983","20220706005000","1304","1","彰化縣","員林鎮","120.565","23.960","1147"
"510","256986","20220706005000","385","2","彰化縣","員林鎮","120.595","23.975","398"
"644","256988","20220706005000","566","1","彰化縣","大村鄉","120.590","23.980","602"
"1771","256995","20220706005000","1394","2","彰化縣","員林鎮","120.575","23.955","1445"
"88","256996","20220706005000","71","2","彰化縣","員林鎮","120.595","23.935","67"
"108","256997","20220706005000","523","0","彰化縣","員林鎮","120.605","23.935","117"
"18","257007","20220706005000","28","0","彰化縣","員林鎮","120.620","23.940","18"
"333","257021","20220706005000","305","1","彰化縣","二林鎮","120.415","23.955","251"
"125","257028","20220706005000","89","2","彰化縣","二林鎮","120.430","23.955","105"
"446","257055","20220706005000","390","1","彰化縣","二林鎮","120.400","23.930","353"
"746","257083","20220706005000","639","1","南投縣","草屯鎮","120.670","23.950","592"
"354","257088","20220706005000","1140","0","南投縣","草屯鎮","120.680","23.960","340"
"156","257089","20220706005000","911","0","南投縣","草屯鎮","120.680","23.965","173"
"66","257092","20220706005000","598","0","彰化縣","員林鎮","120.570","23.945","68"
"625","257094","20220706005000","513","2","彰化縣","員林鎮","120.590","23.950","488"
"333","257095","20220706005000","251","2","彰化縣","員林鎮","120.595","23.950","226"
"1177","257097","20220706005000","1039","1","彰化縣","員林鎮","120.570","23.950","949"
"87","257100","20220706005000","605","0","彰化縣","員林鎮","120.585","23.970","135"
"420","257103","20220706005000","330","2","彰化縣","二林鎮","120.455","23.930","340"
"188","257115","20220706005000","142","2","彰化縣","二林鎮","120.445","23.945","129"
"998","257118","20220706005000","815","2","彰化縣","二林鎮","120.440","23.950","762"
"460","257124","20220706005000","513","0","彰化縣","員林鎮","120.590","23.940","340"
"214","257135","20220706005000","231","0","彰化縣","埔心鄉","120.510","23.940","190"
"16","257145","20220706005000","359","0","彰化縣","溪湖鎮","120.485","23.940","17"
"374","257149","20220706005000","292","2","彰化縣","溪湖鎮","120.480","23.955","258"
"292","257152","20220706005000","1047","0","南投縣","草屯鎮","120.685","23.975","310"
"725","257154","20220706005000","632","1","南投縣","草屯鎮","120.725","23.980","565"
"76","257160","20220706005000","76","1","南投縣","草屯鎮","120.720","23.990","62"
"126","257162","20220706005000","140","0","南投縣","草屯鎮","120.730","23.990","96"
"608","257166","20220706005000","353","3","南投縣","草屯鎮","120.680","23.970","527"
"2278","257168","20220706005000","1981","1","南投縣","草屯鎮","120.680","23.980","1741"
"12","257171","20220706005000","419","0","南投縣","草屯鎮","120.655","24.000","21"
"489","257173","20220706005000","442","1","南投縣","草屯鎮","120.665","24.000","391"
"484","257176","20220706005000","338","2","南投縣","草屯鎮","120.650","24.005","390"
"317","257181","20220706005000","326","0","南投縣","草屯鎮","120.725","23.995","232"
"168","257193","20220706005000","110","3","南投縣","草屯鎮","120.730","24.000","127"
"647","257213","20220706005000","555","1","彰化縣","溪湖鎮","120.450","23.955","542"
"602","257215","20220706005000","524","1","彰化縣","溪湖鎮","120.460","23.955","429"
"24","257222","20220706005000","13","3","南投縣","草屯鎮","120.750","23.975","17"
"287","257229","20220706005000","219","2","南投縣","草屯鎮","120.750","23.980","234"
"350","257235","20220706005000","370","0","南投縣","草屯鎮","120.750","23.985","293"
"51","257245","20220706005000","37","2","南投縣","草屯鎮","120.720","23.955","35"
"122","257251","20220706005000","99","2","南投縣","中寮鄉","120.750","23.955","104"
"37","257266","20220706005000","31","1","南投縣","草屯鎮","120.740","23.965","25"
"197","257267","20220706005000","146","2","南投縣","草屯鎮","120.745","23.965","151"
"91","257273","20220706005000","100","0","南投縣","草屯鎮","120.705","23.960","87"
"1220","257282","20220706005000","902","2","南投縣","草屯鎮","120.705","23.975","912"
"394","257285","20220706005000","356","1","南投縣","草屯鎮","120.695","23.980","307"
"1613","257286","20220706005000","1586","1","南投縣","草屯鎮","120.700","23.980","1338"
"985","257289","20220706005000","798","2","南投縣","草屯鎮","120.715","23.980","830"
"840","257294","20220706005000","730","1","南投縣","南投市","120.685","23.955","693"
"112","257295","20220706005000","687","0","南投縣","草屯鎮","120.685","23.960","131"
"2074","257299","20220706005000","1713","2","南投縣","草屯鎮","120.690","23.965","1652"
"22","257300","20220706005000","16","2","南投縣","草屯鎮","120.695","23.965","22"
"120","257307","20220706005000","129","0","南投縣","草屯鎮","120.775","23.985","114"
"78","257320","20220706005000","86","0","南投縣","草屯鎮","120.765","23.995","58"
"348","257342","20220706005000","498","0","南投縣","草屯鎮","120.700","23.985","299"
"14","257346","20220706005000","17","0","南投縣","草屯鎮","120.705","23.990","10"
"175","257348","20220706005000","258","0","南投縣","草屯鎮","120.715","23.990","129"
"223","257349","20220706005000","1093","0","南投縣","草屯鎮","120.690","23.995","273"
"216","257351","20220706005000","169","2","南投縣","草屯鎮","120.700","23.995","176"
"569","257354","20220706005000","605","0","南投縣","草屯鎮","120.715","23.995","494"
"567","257356","20220706005000","339","3","南投縣","草屯鎮","120.695","23.995","440"
"751","257362","20220706005000","649","1","南投縣","草屯鎮","120.695","24.000","558"
"112","257365","20220706005000","64","3","南投縣","草屯鎮","120.710","24.000","86"
"104","257366","20220706005000","138","0","南投縣","草屯鎮","120.670","23.960","131"
"437","257368","20220706005000","324","2","南投縣","草屯鎮","120.675","23.965","381"
"273","257369","20220706005000","217","2","南投縣","草屯鎮","120.670","23.970","201"
"585","257370","20220706005000","448","2","南投縣","草屯鎮","120.670","23.975","425"
"400","257373","20220706005000","322","2","南投縣","草屯鎮","120.675","23.980","308"
"935","257376","20220706005000","1237","0","南投縣","草屯鎮","120.680","23.985","752"
"301","257377","20220706005000","284","1","南投縣","草屯鎮","120.670","23.990","221"
"40","257381","20220706005000","256","0","南投縣","草屯鎮","120.670","23.995","48"
"234","257386","20220706005000","129","3","南投縣","草屯鎮","120.685","23.990","186"
"539","257387","20220706005000","444","2","南投縣","草屯鎮","120.680","23.995","399"
"56","257389","20220706005000","384","0","南投縣","草屯鎮","120.680","24.000","62"
"482","257396","20220706005000","391","2","南投縣","草屯鎮","120.680","24.005","419"
"143","257400","20220706005000","707","0","南投縣","草屯鎮","120.685","23.985","174"
"1091","257401","20220706005000","861","2","南投縣","草屯鎮","120.685","23.980","846"
"95","257403","20220706005000","208","0","南投縣","草屯鎮","120.640","23.995","101"
"278","257407","20220706005000","332","0","南投縣","草屯鎮","120.660","23.995","215"
"66","257410","20220706005000","231","0","南投縣","草屯鎮","120.650","23.995","74"
"134","257415","20220706005000","150","0","南投縣","草屯鎮","120.655","23.965","159"
"753","257418","20220706005000","679","1","南投縣","草屯鎮","120.650","23.970","654"
"400","257422","20220706005000","336","1","南投縣","草屯鎮","120.650","23.975","297"
"329","257424","20220706005000","287","1","南投縣","草屯鎮","120.660","23.975","236"
"558","257425","20220706005000","516","1","南投縣","草屯鎮","120.665","23.975","436"
"92","257426","20220706005000","260","0","南投縣","草屯鎮","120.650","23.980","133"
"528","257429","20220706005000","607","0","南投縣","草屯鎮","120.665","23.950","483"
"432","257438","20220706005000","281","3","南投縣","草屯鎮","120.660","23.960","373"
"184","257439","20220706005000","223","0","南投縣","草屯鎮","120.665","23.960","134"
"280","257496","20220706005000","265","1","南投縣","草屯鎮","120.795","23.985","203"
"237","257505","20220706005000","204","1","南投縣","草屯鎮","120.795","23.990","177"
"105","257522","20220706005000","76","2","南投縣","草屯鎮","120.800","24.000","93"
"88","257550","20220706005000","309","0","彰化縣","福興鄉","120.410","24.005","95"
"156","257580","20220706005000","70","3","彰化縣","芳苑鄉","120.400","23.995","96"
"561","257591","20220706005000","368","3","彰化縣","芳苑鄉","120.365","24.000","380"
"266","257595","20220706005000","215","2","彰化縣","芳苑鄉","120.385","24.000","181"
"403","257609","20220706005000","357","1","彰化縣","芳苑鄉","120.370","24.005","317"
"211","257631","20220706005000","113","3","彰化縣","芳苑鄉","120.340","23.965","176"
"124","257632","20220706005000","676","0","彰化縣","芳苑鄉","120.345","23.965","120"
"15","257638","20220706005000","21","0","彰化縣","芳苑鄉","120.325","23.970","21"
"206","257669","20220706005000","730","0","彰化縣","秀水鄉","120.510","23.995","226"
"594","257680","20220706005000","469","2","彰化縣","秀水鄉","120.520","24.000","489"
"136","257685","20220706005000","103","2","彰化縣","福興鄉","120.490","24.010","95"
"916","257686","20220706005000","693","2","彰化縣","福興鄉","120.495","24.010","671"
"18","257694","20220706005000","12","3","彰化縣","芬園鄉","120.605","24.005","13"
"415","257699","20220706005000","277","2","彰化縣","溪湖鎮","120.490","23.950","306"
"559","257700","20220706005000","572","0","彰化縣","溪湖鎮","120.495","23.950","463"
"1387","257703","20220706005000","819","3","彰化縣","溪湖鎮","120.475","23.960","1074"
"468","257704","20220706005000","299","3","彰化縣","溪湖鎮","120.465","23.965","365"
"1514","257708","20220706005000","1460","1","彰化縣","溪湖鎮","120.480","23.960","1363"
"496","257713","20220706005000","360","2","彰化縣","溪湖鎮","120.485","23.935","420"
"20","257720","20220706005000","14","2","彰化縣","溪湖鎮","120.500","23.940","12"
"27","257725","20220706005000","188","0","彰化縣","溪湖鎮","120.505","23.950","44"
"461","257727","20220706005000","372","2","彰化縣","溪湖鎮","120.490","23.955","332"
"46","257728","20220706005000","49","0","彰化縣","溪湖鎮","120.495","23.955","47"
"459","257729","20220706005000","573","0","彰化縣","溪湖鎮","120.485","23.960","401"
"238","257731","20220706005000","203","1","彰化縣","溪湖鎮","120.495","23.960","171"
"323","257733","20220706005000","269","2","彰化縣","溪湖鎮","120.490","23.965","272"
"585","257734","20220706005000","564","1","彰化縣","溪湖鎮","120.485","23.970","477"
"344","257750","20220706005000","289","1","彰化縣","芬園鄉","120.625","23.965","246"
"305","257766","20220706005000","413","0","彰化縣","溪湖鎮","120.475","23.950","236"
"721","257767","20220706005000","892","0","彰化縣","溪湖鎮","120.475","23.955","603"
"295","257778","20220706005000","211","2","彰化縣","溪湖鎮","120.475","23.970","220"
"782","257781","20220706005000","731","1","彰化縣","溪湖鎮","120.470","23.980","631"
"211","257784","20220706005000","174","2","南投縣","草屯鎮","120.670","23.980","186"
"118","257785","20220706005000","388","0","南投縣","草屯鎮","120.650","23.985","134"
"373","257788","20220706005000","502","0","南投縣","草屯鎮","120.665","23.985","292"
"344","257792","20220706005000","318","1","南投縣","草屯鎮","120.665","23.990","297"
"41","257795","20220706005000","505","0","彰化縣","社頭鄉","120.605","23.930","49"
"133","257797","20220706005000","148","0","彰化縣","社頭鄉","120.615","23.930","133"
"89","257798","20220706005000","56","3","彰化縣","社頭鄉","120.620","23.930","54"
"452","257802","20220706005000","336","2","彰化縣","芬園鄉","120.630","23.995","356"
"25","257808","20220706005000","11","3","彰化縣","芬園鄉","120.615","24.005","22"
"1400","257810","20220706005000","1128","2","彰化縣","芬園鄉","120.630","24.010","1158"
"35","257812","20220706005000","282","0","彰化縣","芬園鄉","120.640","24.010","30"
"53","257813","20220706005000","27","3","彰化縣","芬園鄉","120.645","24.010","47"
"391","257817","20220706005000","241","3","彰化縣","埔鹽鄉","120.425","23.995","289"
"34","257823","20220706005000","213","0","彰化縣","埔鹽鄉","120.430","24.005","34"
"271","257824","20220706005000","199","2","彰化縣","福興鄉","120.420","24.010","216"
"24","257825","20220706005000","13","3","彰化縣","福興鄉","120.425","24.010","19"
"183","257827","20220706005000","605","0","彰化縣","秀水鄉","120.515","24.010","203"
"292","257834","20220706005000","203","2","彰化縣","芬園鄉","120.620","23.980","244"
"218","257851","20220706005000","172","2","彰化縣","芬園鄉","120.610","23.995","152"
"94","257857","20220706005000","72","2","彰化縣","芬園鄉","120.625","24.000","80"
"36","257867","20220706005000","215","0","彰化縣","芬園鄉","120.645","23.965","21"
"505","257871","20220706005000","384","2","彰化縣","芬園鄉","120.640","23.975","385"
"28","257882","20220706005000","312","0","彰化縣","花壇鄉","120.550","24.010","34"
"47","257884","20220706005000","42","1","彰化縣","花壇鄉","120.570","24.010","52"
"589","257886","20220706005000","553","1","彰化縣","社頭鄉","120.575","23.930","450"
"431","257898","20220706005000","431","1","南投縣","草屯鎮","120.730","23.975","343"
"289","257902","20220706005000","240","2","南投縣","草屯鎮","120.735","23.980","214"
"637","257907","20220706005000","1291","0","彰化縣","溪湖鎮","120.480","23.965","524"
"29","257908","20220706005000","455","0","彰化縣","溪湖鎮","120.480","23.970","35"
"577","263412","20220706005000","1103","0","臺中市","霧峰區","120.690","24.045","418"
"176","263414","20220706005000","110","3","臺中市","霧峰區","120.685","24.050","135"
"147","263420","20220706005000","145","1","臺中市","霧峰區","120.705","24.045","113"
"22","263428","20220706005000","22","1","臺中市","霧峰區","120.705","24.055","33"
"513","263432","20220706005000","463","1","臺中市","霧峰區","120.705","24.060","407"
"24","263433","20220706005000","416","0","臺中市","霧峰區","120.710","24.060","12"
"40","263450","20220706005000","343","0","臺中市","霧峰區","120.700","24.020","52"
"346","263482","20220706005000","342","1","臺中市","霧峰區","120.700","24.030","253"
"385","263484","20220706005000","345","1","臺中市","霧峰區","120.695","24.035","313"
"345","263486","20220706005000","454","0","臺中市","霧峰區","120.710","24.070","246"
"45","263487","20220706005000","113","0","臺中市","霧峰區","120.715","24.070","44"
"33","263488","20220706005000","37","0","臺中市","霧峰區","120.720","24.070","29"
"336","263490","20220706005000","420","0","臺中市","霧峰區","120.705","24.075","264"
"309","263491","20220706005000","318","0","臺中市","霧峰區","120.710","24.075","299"
"1426","263492","20220706005000","1806","0","臺中市","霧峰區","120.715","24.075","1151"
"25","263493","20220706005000","414","0","臺中市","霧峰區","120.720","24.075","23"
"637","263495","20220706005000","491","2","臺中市","霧峰區","120.710","24.080","506"
"14","263497","20220706005000","19","0","臺中市","大里區","120.720","24.080","15"
"55","263498","20220706005000","381","0","臺中市","霧峰區","120.665","24.055","81"
"11","263518","20220706005000","92","0","臺中市","霧峰區","120.730","24.040","12"
"1107","263528","20220706005000","1162","0","臺中市","霧峰區","120.695","24.040","836"
"38","263539","20220706005000","38","1","臺中市","霧峰區","120.695","24.045","38"
"119","263553","20220706005000","78","3","臺中市","霧峰區","120.725","24.030","96"
"270","263569","20220706005000","170","3","臺中市","霧峰區","120.725","24.035","234"
"934","263579","20220706005000","893","1","臺中市","大里區","120.695","24.080","686"
"2656","263581","20220706005000","2105","2","臺中市","大里區","120.695","24.085","2103"
"308","263583","20220706005000","316","0","臺中市","大里區","120.690","24.085","253"
"121","263584","20220706005000","108","1","臺中市","大里區","120.700","24.080","94"
"1255","263585","20220706005000","1211","1","臺中市","大里區","120.700","24.085","926"
"16","263586","20220706005000","426","0","臺中市","大里區","120.705","24.085","21"
"1334","263587","20220706005000","1248","1","臺中市","大里區","120.705","24.090","1060"
"412","263588","20220706005000","432","0","臺中市","大里區","120.715","24.095","353"
"20","263708","20220706005000","20","1","臺中市","太平區","120.755","24.085","24"
"173","263716","20220706005000","157","1","臺中市","太平區","120.745","24.090","124"
"186","263736","20220706005000","166","1","臺中市","霧峰區","120.700","24.050","167"
"588","263737","20220706005000","575","1","臺中市","霧峰區","120.695","24.055","479"
"119","263738","20220706005000","101","1","臺中市","霧峰區","120.700","24.055","147"
"50","263741","20220706005000","469","0","臺中市","霧峰區","120.680","24.060","64"
"917","263743","20220706005000","808","1","臺中市","霧峰區","120.680","24.065","712"
"16","263745","20220706005000","25","0","臺中市","霧峰區","120.690","24.065","17"
"488","263746","20220706005000","341","2","臺中市","霧峰區","120.680","24.070","405"
"98","263747","20220706005000","878","0","臺中市","霧峰區","120.700","24.070","103"
"117","263753","20220706005000","132","0","臺中市","新社區","120.885","24.095","97"
"413","263758","20220706005000","338","2","臺中市","大里區","120.685","24.075","341"
"480","263759","20220706005000","290","3","臺中市","大里區","120.690","24.075","382"
"127","263764","20220706005000","218","0","臺中市","大里區","120.680","24.085","112"
"349","263766","20220706005000","312","1","臺中市","太平區","120.730","24.095","297"
"405","263776","20220706005000","443","0","臺中市","霧峰區","120.705","24.065","346"
"14","263778","20220706005000","184","0","臺中市","霧峰區","120.715","24.065","12"
"97","263794","20220706005000","91","1","臺中市","霧峰區","120.745","24.045","77"
"94","263828","20220706005000","200","0","臺中市","霧峰區","120.745","24.060","112"
"43","263842","20220706005000","38","1","臺中市","霧峰區","120.760","24.065","36"
"89","263846","20220706005000","55","3","臺中市","霧峰區","120.735","24.070","76"
"362","263863","20220706005000","325","1","臺中市","霧峰區","120.695","24.015","274"
"538","263864","20220706005000","515","1","臺中市","霧峰區","120.685","24.020","420"
"362","263875","20220706005000","268","2","臺中市","烏日區","120.655","24.055","238"
"258","263876","20220706005000","320","0","臺中市","烏日區","120.660","24.055","179"
"305","263878","20220706005000","231","2","臺中市","烏日區","120.655","24.045","241"
"309","263884","20220706005000","250","2","臺中市","烏日區","120.650","24.050","208"
"455","263885","20220706005000","523","0","臺中市","烏日區","120.635","24.070","223"
"1318","263888","20220706005000","1245","1","臺中市","烏日區","120.635","24.080","584"
"502","263891","20220706005000","447","1","臺中市","烏日區","120.625","24.090","289"
"1600","263900","20220706005000","1430","1","臺中市","烏日區","120.640","24.075","702"
"662","263902","20220706005000","581","1","臺中市","烏日區","120.650","24.075","291"
"36","263907","20220706005000","1046","0","臺中市","烏日區","120.645","24.085","46"
"117","263933","20220706005000","152","0","臺中市","烏日區","120.635","24.050","85"
"3433","263942","20220706005000","2149","3","臺中市","大里區","120.680","24.095","2767"
"243","263943","20220706005000","193","2","臺中市","大里區","120.665","24.095","199"
"1355","263945","20220706005000","962","2","臺中市","大里區","120.690","24.090","1107"
"865","263946","20220706005000","973","0","臺中市","大里區","120.695","24.095","793"
"583","263948","20220706005000","555","1","臺中市","大里區","120.705","24.095","414"
"339","263949","20220706005000","431","0","臺中市","大里區","120.710","24.095","236"
"332","263950","20220706005000","312","1","臺中市","大里區","120.715","24.090","285"
"524","263951","20220706005000","545","0","臺中市","大里區","120.720","24.095","425"
"16","263953","20220706005000","474","0","臺中市","大里區","120.695","24.090","29"
"1211","263954","20220706005000","1226","0","臺中市","大里區","120.700","24.095","1009"
"655","263960","20220706005000","437","2","臺中市","大里區","120.735","24.090","481"
"553","263962","20220706005000","507","1","臺中市","大里區","120.720","24.090","449"
"573","263964","20220706005000","526","1","臺中市","大里區","120.730","24.090","475"
"1063","263969","20220706005000","1421","0","臺中市","大里區","120.710","24.085","920"
"374","263970","20220706005000","752","0","臺中市","大里區","120.715","24.085","311"
"131","263971","20220706005000","111","1","臺中市","大里區","120.720","24.085","59"
"31","263975","20220706005000","53","0","臺中市","大里區","120.710","24.090","52"
"122","263977","20220706005000","57","3","臺中市","大里區","120.665","24.085","125"
"297","263979","20220706005000","241","2","臺中市","大里區","120.675","24.085","210"
"235","263989","20220706005000","179","2","臺中市","大里區","120.685","24.095","176"
"457","263990","20220706005000","492","0","臺中市","大里區","120.690","24.095","315"
"113","263991","20220706005000","274","0","臺中市","霧峰區","120.695","24.065","145"
"2155","263992","20220706005000","2632","0","臺中市","霧峰區","120.700","24.065","1710"
"417","263995","20220706005000","290","2","臺中市","霧峰區","120.665","24.065","300"
"172","263999","20220706005000","696","0","臺中市","霧峰區","120.665","24.070","212"
"14","264007","20220706005000","300","0","臺中市","霧峰區","120.655","24.085","11"
"33","264008","20220706005000","329","0","臺中市","霧峰區","120.650","24.085","33"
"218","264016","20220706005000","209","1","臺中市","霧峰區","120.690","24.040","181"
"29","264018","20220706005000","559","0","臺中市","霧峰區","120.685","24.045","32"
"20","264024","20220706005000","471","0","臺中市","霧峰區","120.665","24.040","30"
"70","264029","20220706005000","72","0","臺中市","霧峰區","120.660","24.050","61"
"782","264031","20220706005000","785","0","臺中市","大里區","120.700","24.090","642"
"61","264037","20220706005000","35","3","臺中市","霧峰區","120.670","24.025","44"
"13","264042","20220706005000","148","0","臺中市","霧峰區","120.670","24.030","14"
"176","264047","20220706005000","220","0","花蓮縣","秀林鄉","121.580","24.020","153"
"288","264094","20220706005000","214","2","花蓮縣","秀林鄉","121.595","24.050","236"
"635","264107","20220706005000","708","0","花蓮縣","秀林鄉","121.600","24.055","529"
"382","264435","20220706005000","319","1","花蓮縣","新城鄉","121.610","24.080","313"
"343","264642","20220706005000","325","1","花蓮縣","新城鄉","121.595","24.015","260"
"239","264655","20220706005000","251","0","花蓮縣","新城鄉","121.590","24.035","202"
"282","264661","20220706005000","230","2","花蓮縣","新城鄉","121.595","24.040","240"
"1144","264663","20220706005000","685","3","花蓮縣","新城鄉","121.605","24.030","937"
"413","264665","20220706005000","401","1","花蓮縣","新城鄉","121.605","24.035","311"
"477","264667","20220706005000","386","2","花蓮縣","新城鄉","121.600","24.035","398"
"1702","264676","20220706005000","1327","2","臺中市","烏日區","120.645","24.060","922"
"45","264678","20220706005000","480","0","臺中市","烏日區","120.655","24.060","52"
"371","264683","20220706005000","420","0","臺中市","烏日區","120.640","24.065","227"
"113","264700","20220706005000","86","2","臺中市","烏日區","120.620","24.090","87"
"413","264703","20220706005000","288","2","臺中市","霧峰區","120.675","24.040","342"
"147","264707","20220706005000","154","0","臺中市","霧峰區","120.680","24.045","113"
"330","264712","20220706005000","370","0","臺中市","霧峰區","120.675","24.050","307"
"770","264717","20220706005000","787","0","臺中市","烏日區","120.645","24.090","475"
"208","264719","20220706005000","194","1","臺中市","烏日區","120.635","24.095","113"
"18","264720","20220706005000","16","1","臺中市","烏日區","120.640","24.095","23"
"48","264722","20220706005000","226","0","臺中市","烏日區","120.645","24.095","49"
"455","264725","20220706005000","412","1","臺中市","烏日區","120.655","24.095","210"
"166","264726","20220706005000","99","3","臺中市","大里區","120.660","24.095","180"
"953","264728","20220706005000","868","1","花蓮縣","花蓮市","121.625","24.010","767"
"312","264732","20220706005000","295","1","花蓮縣","花蓮市","121.630","24.015","286"
"370","264737","20220706005000","222","3","花蓮縣","花蓮市","121.635","24.025","263"
"69","265344","20220706005000","46","3","南投縣","國姓鄉","120.830","24.030","52"
"22","265374","20220706005000","21","1","南投縣","國姓鄉","120.800","24.045","18"
"42","265406","20220706005000","34","2","南投縣","國姓鄉","120.825","24.070","34"
"16","265430","20220706005000","15","1","南投縣","國姓鄉","120.880","24.050","12"
"117","265436","20220706005000","126","0","南投縣","國姓鄉","120.910","24.050","94"
"156","265440","20220706005000","119","2","南投縣","國姓鄉","120.930","24.050","124"
"389","265442","20220706005000","404","0","南投縣","國姓鄉","120.880","24.055","320"
"221","265449","20220706005000","211","1","南投縣","國姓鄉","120.915","24.055","189"
"116","265467","20220706005000","95","2","南投縣","國姓鄉","120.940","24.060","89"
"25","265498","20220706005000","24","1","南投縣","國姓鄉","120.930","24.075","20"
"47","265569","20220706005000","438","0","南投縣","國姓鄉","120.850","24.040","56"
"21","265593","20220706005000","149","0","南投縣","埔里鎮","120.910","24.025","19"
"16","265615","20220706005000","266","0","南投縣","埔里鎮","120.920","24.040","21"
"390","265622","20220706005000","265","2","南投縣","國姓鄉","120.930","24.045","305"
"24","265627","20220706005000","23","1","南投縣","埔里鎮","120.950","24.010","22"
"111","265628","20220706005000","291","0","南投縣","埔里鎮","120.945","24.015","135"
"238","265633","20220706005000","201","1","南投縣","埔里鎮","120.950","24.020","178"
"82","265651","20220706005000","80","1","南投縣","埔里鎮","120.950","24.035","62"
"63","265706","20220706005000","106","0","花蓮縣","花蓮市","121.590","24.010","104"
"1171","265708","20220706005000","1272","0","花蓮縣","新城鄉","121.610","24.015","980"
"205","265711","20220706005000","200","1","花蓮縣","新城鄉","121.605","24.020","172"
"773","265716","20220706005000","573","2","花蓮縣","新城鄉","121.605","24.025","659"
"64","265719","20220706005000","66","0","花蓮縣","新城鄉","121.620","24.025","72"
"155","265723","20220706005000","198","0","花蓮縣","新城鄉","121.615","24.030","113"
"56","265734","20220706005000","35","3","花蓮縣","新城鄉","121.625","24.035","46"
"568","265739","20220706005000","428","2","花蓮縣","新城鄉","121.605","24.040","420"
"459","265742","20220706005000","357","2","花蓮縣","新城鄉","121.610","24.045","394"
"10","265743","20220706005000","204","0","花蓮縣","新城鄉","121.615","24.045","13"
"51","265753","20220706005000","42","2","花蓮縣","新城鄉","121.615","24.060","41"
"253","265754","20220706005000","263","0","花蓮縣","新城鄉","121.610","24.065","248"
"985","265773","20220706005000","697","2","彰化縣","彰化市","120.570","24.085","836"
"756","265774","20220706005000","799","0","彰化縣","彰化市","120.575","24.090","601"
"169","265780","20220706005000","174","0","彰化縣","彰化市","120.620","24.045","142"
"396","265784","20220706005000","344","1","彰化縣","彰化市","120.620","24.060","326"
"1147","265794","20220706005000","1523","0","彰化縣","彰化市","120.535","24.090","961"
"715","265797","20220706005000","534","2","彰化縣","彰化市","120.545","24.075","567"
"886","265798","20220706005000","522","3","彰化縣","彰化市","120.555","24.070","629"
"1983","265800","20220706005000","1253","3","彰化縣","彰化市","120.545","24.085","1650"
"533","265801","20220706005000","420","2","彰化縣","彰化市","120.555","24.090","474"
"760","265802","20220706005000","797","0","彰化縣","彰化市","120.555","24.080","633"
"55","265803","20220706005000","1158","0","彰化縣","彰化市","120.560","24.080","49"
"1004","265804","20220706005000","1088","0","彰化縣","彰化市","120.555","24.085","825"
"35","265805","20220706005000","113","0","彰化縣","彰化市","120.560","24.085","52"
"1178","265806","20220706005000","753","3","彰化縣","彰化市","120.535","24.080","977"
"3032","265807","20220706005000","1952","3","彰化縣","彰化市","120.540","24.085","2348"
"2053","265808","20220706005000","1266","3","彰化縣","彰化市","120.545","24.090","1519"
"529","265810","20220706005000","243","3","彰化縣","彰化市","120.550","24.075","411"
"2789","265812","20220706005000","1894","2","彰化縣","彰化市","120.530","24.080","2197"
"50","265817","20220706005000","277","0","彰化縣","鹿港鎮","120.480","24.090","56"
"935","265820","20220706005000","605","3","彰化縣","彰化市","120.535","24.070","728"
"1619","265821","20220706005000","1068","3","彰化縣","彰化市","120.530","24.065","1270"
"2382","265822","20220706005000","1685","2","彰化縣","彰化市","120.530","24.070","1993"
"880","265823","20220706005000","909","0","彰化縣","鹿港鎮","120.445","24.055","682"
"29","265824","20220706005000","416","0","彰化縣","鹿港鎮","120.445","24.060","38"
"24","265825","20220706005000","27","0","彰化縣","鹿港鎮","120.450","24.060","38"
"909","265826","20220706005000","689","2","彰化縣","鹿港鎮","120.445","24.065","644"
"19","265839","20220706005000","18","1","彰化縣","彰化市","120.580","24.075","29"
"346","265841","20220706005000","1576","0","彰化縣","彰化市","120.535","24.075","377"
"674","265848","20220706005000","682","0","彰化縣","鹿港鎮","120.460","24.080","512"
"422","265863","20220706005000","355","1","彰化縣","鹿港鎮","120.435","24.050","338"
"1050","265864","20220706005000","1261","0","彰化縣","彰化市","120.550","24.085","901"
"762","265898","20220706005000","551","2","南投縣","國姓鄉","120.860","24.060","582"
"204","265927","20220706005000","183","1","南投縣","國姓鄉","120.845","24.025","161"
"44","265948","20220706005000","355","0","南投縣","國姓鄉","120.860","24.040","57"
"472","265956","20220706005000","296","3","南投縣","國姓鄉","120.855","24.045","376"
"269","265973","20220706005000","288","0","南投縣","國姓鄉","120.820","24.020","228"
"212","266037","20220706005000","174","2","南投縣","國姓鄉","120.875","24.075","145"
"1936","266081","20220706005000","2861","0","彰化縣","彰化市","120.535","24.065","1561"
"1336","266082","20220706005000","619","3","彰化縣","和美鎮","120.510","24.090","721"
"324","266091","20220706005000","231","2","彰化縣","埔鹽鄉","120.455","24.015","250"
"889","266093","20220706005000","667","2","彰化縣","彰化市","120.540","24.070","642"
"50","266099","20220706005000","640","0","彰化縣","花壇鄉","120.545","24.015","21"
"392","266100","20220706005000","397","0","彰化縣","花壇鄉","120.545","24.020","324"
"66","266107","20220706005000","74","0","彰化縣","花壇鄉","120.545","24.030","102"
"19","266111","20220706005000","72","0","彰化縣","花壇鄉","120.550","24.035","22"
"394","266122","20220706005000","319","2","彰化縣","埔鹽鄉","120.445","24.020","300"
"574","266124","20220706005000","147","3","彰化縣","彰化市","120.520","24.055","323"
"463","266127","20220706005000","497","0","彰化縣","彰化市","120.565","24.090","355"
"1227","266128","20220706005000","743","3","彰化縣","彰化市","120.555","24.095","972"
"355","266129","20220706005000","218","3","彰化縣","彰化市","120.560","24.095","284"
"1129","266131","20220706005000","1028","1","彰化縣","彰化市","120.595","24.070","862"
"163","266132","20220706005000","167","0","彰化縣","彰化市","120.595","24.075","175"
"199","266134","20220706005000","120","3","彰化縣","彰化市","120.605","24.075","156"
"717","266136","20220706005000","597","2","彰化縣","彰化市","120.600","24.080","591"
"427","266138","20220706005000","253","3","彰化縣","彰化市","120.595","24.085","338"
"44","266153","20220706005000","54","0","彰化縣","彰化市","120.605","24.045","45"
"71","266154","20220706005000","31","3","彰化縣","彰化市","120.585","24.050","47"
"56","266155","20220706005000","55","1","彰化縣","彰化市","120.590","24.050","40"
"67","266157","20220706005000","58","1","彰化縣","彰化市","120.600","24.050","55"
"330","266166","20220706005000","245","2","彰化縣","彰化市","120.615","24.055","266"
"662","266168","20220706005000","646","1","彰化縣","彰化市","120.580","24.080","508"
"1006","266169","20220706005000","906","1","彰化縣","彰化市","120.575","24.085","755"
"1189","266170","20220706005000","914","2","彰化縣","彰化市","120.580","24.085","1052"
"283","266171","20220706005000","244","1","彰化縣","彰化市","120.560","24.075","264"
"658","266172","20220706005000","675","0","彰化縣","彰化市","120.550","24.080","541"
"1490","266176","20220706005000","482","3","彰化縣","和美鎮","120.495","24.085","625"
"52","266180","20220706005000","49","1","彰化縣","和美鎮","120.495","24.090","66"
"711","266182","20220706005000","2251","0","彰化縣","彰化市","120.535","24.085","667"
"639","266183","20220706005000","700","0","彰化縣","和美鎮","120.525","24.095","565"
"130","266185","20220706005000","108","2","彰化縣","和美鎮","120.535","24.095","139"
"54","266190","20220706005000","65","0","彰化縣","秀水鄉","120.505","24.065","73"
"1556","266191","20220706005000","441","3","彰化縣","彰化市","120.510","24.065","833"
"1261","266192","20220706005000","911","2","彰化縣","彰化市","120.515","24.065","684"
"698","266194","20220706005000","178","3","彰化縣","彰化市","120.510","24.070","403"
"247","266196","20220706005000","162","3","彰化縣","花壇鄉","120.570","24.055","165"
"15","266205","20220706005000","134","0","彰化縣","彰化市","120.570","24.065","19"
"1424","266210","20220706005000","826","3","彰化縣","彰化市","120.540","24.075","1098"
"2115","266211","20220706005000","1592","2","彰化縣","彰化市","120.540","24.080","1627"
"1456","266214","20220706005000","443","3","彰化縣","彰化市","120.525","24.080","961"
"1059","266216","20220706005000","1048","1","彰化縣","彰化市","120.530","24.085","843"
"1064","266222","20220706005000","993","1","彰化縣","彰化市","120.600","24.090","894"
"241","266224","20220706005000","182","2","彰化縣","彰化市","120.585","24.090","196"
"188","266228","20220706005000","108","3","彰化縣","彰化市","120.580","24.095","136"
"25","266232","20220706005000","21","1","彰化縣","彰化市","120.600","24.095","19"
"510","266233","20220706005000","201","3","彰化縣","秀水鄉","120.500","24.075","308"
"39","266234","20220706005000","576","0","彰化縣","彰化市","120.505","24.075","48"
"822","266237","20220706005000","397","3","彰化縣","彰化市","120.520","24.075","532"
"488","266238","20220706005000","143","3","彰化縣","彰化市","120.510","24.080","287"
"114","266239","20220706005000","300","0","彰化縣","和美鎮","120.515","24.080","115"
"64","266240","20220706005000","210","0","彰化縣","彰化市","120.520","24.080","84"
"516","266241","20220706005000","267","3","彰化縣","彰化市","120.515","24.085","352"
"240","266243","20220706005000","173","2","彰化縣","彰化市","120.525","24.085","172"
"321","266244","20220706005000","683","0","彰化縣","彰化市","120.545","24.095","264"
"36","266245","20220706005000","383","0","彰化縣","彰化市","120.545","24.080","40"
"320","266246","20220706005000","235","2","彰化縣","彰化市","120.565","24.085","246"
"1740","266247","20220706005000","1766","0","彰化縣","彰化市","120.560","24.090","1380"
"645","266248","20220706005000","591","1","彰化縣","彰化市","120.570","24.090","499"
"1005","266249","20220706005000","861","1","彰化縣","和美鎮","120.530","24.090","793"
"122","266250","20220706005000","235","0","彰化縣","彰化市","120.555","24.065","94"
"1459","266251","20220706005000","3256","0","彰化縣","彰化市","120.545","24.070","1253"
"298","266252","20220706005000","272","1","彰化縣","彰化市","120.550","24.070","254"
"25","266255","20220706005000","18","2","彰化縣","彰化市","120.600","24.060","24"
"19","266262","20220706005000","237","0","彰化縣","彰化市","120.610","24.065","17"
"550","266263","20220706005000","529","1","彰化縣","彰化市","120.600","24.070","431"
"43","266264","20220706005000","42","1","彰化縣","彰化市","120.605","24.070","39"
"229","266265","20220706005000","191","1","彰化縣","彰化市","120.610","24.070","200"
"201","266266","20220706005000","1486","0","彰化縣","彰化市","120.540","24.090","228"
"572","266267","20220706005000","424","2","彰化縣","和美鎮","120.520","24.090","366"
"127","266274","20220706005000","542","0","彰化縣","和美鎮","120.505","24.085","96"
"56","266309","20220706005000","48","1","南投縣","仁愛鄉","120.970","24.045","44"
"293","266333","20220706005000","284","1","南投縣","仁愛鄉","120.970","24.060","238"
"165","266406","20220706005000","111","2","南投縣","仁愛鄉","121.095","24.010","132"
"104","266517","20220706005000","68","3","南投縣","仁愛鄉","121.210","24.075","97"
"60","266589","20220706005000","57","1","南投縣","仁愛鄉","121.210","24.090","42"
"12","266666","20220706005000","186","0","南投縣","仁愛鄉","121.130","24.020","13"
"356","266696","20220706005000","302","1","南投縣","仁愛鄉","121.150","24.040","279"
"359","266700","20220706005000","273","2","南投縣","仁愛鄉","121.125","24.045","314"
"156","266706","20220706005000","132","1","南投縣","仁愛鄉","121.155","24.045","108"
"38","266715","20220706005000","30","2","南投縣","仁愛鄉","121.155","24.050","33"
"29","266733","20220706005000","31","0","南投縣","仁愛鄉","121.160","24.055","19"
"366","266768","20220706005000","342","1","南投縣","仁愛鄉","121.165","24.070","318"
"57","266805","20220706005000","28","3","南投縣","仁愛鄉","121.175","24.090","20"
"17","267165","20220706005000","20","0","南投縣","仁愛鄉","121.025","24.090","30"
"255","267268","20220706005000","260","0","南投縣","仁愛鄉","121.175","24.010","228"
"39","267286","20220706005000","291","0","南投縣","仁愛鄉","121.140","24.025","34"
"76","267290","20220706005000","56","2","南投縣","仁愛鄉","121.160","24.025","55"
"728","267410","20220706005000","585","2","南投縣","仁愛鄉","121.180","24.035","732"
"97","267555","20220706005000","69","2","南投縣","仁愛鄉","121.190","24.060","77"
"235","267605","20220706005000","218","1","南投縣","仁愛鄉","121.210","24.070","184"
"129","267630","20220706005000","87","2","彰化縣","花壇鄉","120.530","24.050","108"
"465","267631","20220706005000","376","2","彰化縣","彰化市","120.530","24.055","344"
"1953","267632","20220706005000","1655","1","彰化縣","彰化市","120.530","24.060","1430"
"120","267633","20220706005000","1879","0","彰化縣","彰化市","120.535","24.060","158"
"1549","267634","20220706005000","2113","0","彰化縣","彰化市","120.550","24.090","1308"
"836","267636","20220706005000","662","2","彰化縣","彰化市","120.550","24.095","653"
"41","267637","20220706005000","62","0","彰化縣","彰化市","120.590","24.065","48"
"552","267640","20220706005000","324","3","彰化縣","彰化市","120.585","24.080","378"
"844","267641","20220706005000","695","2","彰化縣","彰化市","120.590","24.080","602"
"625","267646","20220706005000","365","3","彰化縣","彰化市","120.520","24.065","469"
"1544","267649","20220706005000","1352","1","彰化縣","彰化市","120.525","24.070","1232"
"60","267650","20220706005000","80","0","彰化縣","彰化市","120.525","24.075","88"
"554","267652","20220706005000","460","2","彰化縣","彰化市","120.555","24.050","464"
"940","267654","20220706005000","616","3","彰化縣","彰化市","120.535","24.055","755"
"297","267655","20220706005000","196","3","彰化縣","彰化市","120.540","24.055","212"
"401","267656","20220706005000","254","3","彰化縣","彰化市","120.545","24.055","325"
"334","267661","20220706005000","383","0","彰化縣","彰化市","120.540","24.060","253"
"311","267662","20220706005000","405","0","彰化縣","彰化市","120.545","24.060","272"
"141","267664","20220706005000","137","1","彰化縣","彰化市","120.555","24.060","116"
"3519","267665","20220706005000","2945","1","彰化縣","彰化市","120.540","24.065","2802"
"984","267666","20220706005000","914","1","彰化縣","彰化市","120.545","24.065","765"
"302","267667","20220706005000","378","0","彰化縣","彰化市","120.550","24.065","233"
"2254","267669","20220706005000","949","3","彰化縣","彰化市","120.515","24.055","1127"
"3090","267670","20220706005000","1499","3","彰化縣","彰化市","120.515","24.060","1917"
"38","267676","20220706005000","272","0","彰化縣","福興鄉","120.470","24.030","28"
"168","267682","20220706005000","95","3","彰化縣","福興鄉","120.470","24.035","124"
"634","267689","20220706005000","470","2","彰化縣","福興鄉","120.480","24.040","455"
"414","267697","20220706005000","193","3","彰化縣","福興鄉","120.455","24.035","324"
"449","267705","20220706005000","509","0","彰化縣","福興鄉","120.465","24.045","391"
"16","267711","20220706005000","254","0","彰化縣","福興鄉","120.460","24.020","13"
"322","267717","20220706005000","179","3","彰化縣","秀水鄉","120.510","24.015","200"
"29","267718","20220706005000","26","1","彰化縣","秀水鄉","120.500","24.020","21"
"36","267726","20220706005000","112","0","彰化縣","鹿港鎮","120.480","24.085","41"
"1226","267729","20220706005000","782","3","彰化縣","鹿港鎮","120.485","24.090","872"
"1991","267732","20220706005000","1406","2","彰化縣","鹿港鎮","120.435","24.055","1507"
"1188","267736","20220706005000","566","3","彰化縣","鹿港鎮","120.465","24.090","848"
"28","267739","20220706005000","337","0","彰化縣","鹿港鎮","120.470","24.095","34"
"1002","267795","20220706005000","691","2","彰化縣","福興鄉","120.490","24.015","773"
"353","267808","20220706005000","294","2","彰化縣","福興鄉","120.440","24.030","333"
"469","267810","20220706005000","383","2","彰化縣","福興鄉","120.435","24.035","328"
"392","267824","20220706005000","383","1","彰化縣","福興鄉","120.390","24.015","315"
"819","267834","20220706005000","766","1","彰化縣","福興鄉","120.410","24.020","652"
"1091","267844","20220706005000","800","2","彰化縣","秀水鄉","120.495","24.025","794"
"748","267873","20220706005000","542","2","彰化縣","福興鄉","120.400","24.045","605"
"830","267898","20220706005000","478","3","彰化縣","福興鄉","120.430","24.040","712"
"12","267899","20220706005000","99","0","彰化縣","福興鄉","120.425","24.045","12"
"827","267900","20220706005000","663","2","彰化縣","福興鄉","120.430","24.045","675"
"34","267904","20220706005000","337","0","彰化縣","福興鄉","120.430","24.050","37"
"252","267908","20220706005000","133","3","彰化縣","福興鄉","120.430","24.020","182"
"36","267913","20220706005000","19","3","彰化縣","福興鄉","120.425","24.030","26"
"64","267926","20220706005000","58","1","彰化縣","福興鄉","120.405","24.030","59"
"280","267928","20220706005000","210","2","彰化縣","福興鄉","120.415","24.030","207"
"62","267935","20220706005000","56","1","彰化縣","秀水鄉","120.500","24.060","80"
"269","267946","20220706005000","204","2","彰化縣","秀水鄉","120.490","24.050","239"
"56","267947","20220706005000","30","3","彰化縣","秀水鄉","120.495","24.050","42"
"67","267949","20220706005000","418","0","彰化縣","秀水鄉","120.500","24.050","63"
"16","267955","20220706005000","255","0","彰化縣","秀水鄉","120.495","24.060","23"
"97","267957","20220706005000","849","0","彰化縣","秀水鄉","120.500","24.030","95"
"340","267959","20220706005000","1117","0","彰化縣","秀水鄉","120.495","24.035","369"
"81","267960","20220706005000","431","0","彰化縣","秀水鄉","120.500","24.035","83"
"134","267964","20220706005000","89","3","彰化縣","秀水鄉","120.520","24.025","92"
"74","267966","20220706005000","608","0","彰化縣","秀水鄉","120.520","24.030","85"
"838","267972","20220706005000","585","2","彰化縣","鹿港鎮","120.435","24.065","642"
"632","267973","20220706005000","601","1","彰化縣","鹿港鎮","120.440","24.065","534"
"502","267975","20220706005000","448","1","彰化縣","鹿港鎮","120.435","24.070","366"
"26","267978","20220706005000","303","0","彰化縣","鹿港鎮","120.425","24.075","45"
"773","267984","20220706005000","735","1","彰化縣","鹿港鎮","120.410","24.080","570"
"139","267987","20220706005000","111","2","彰化縣","鹿港鎮","120.425","24.080","100"
"23","267991","20220706005000","318","0","彰化縣","鹿港鎮","120.445","24.080","27"
"278","267999","20220706005000","199","2","彰化縣","鹿港鎮","120.415","24.080","218"
"424","268001","20220706005000","317","2","彰化縣","鹿港鎮","120.425","24.085","285"
"968","268005","20220706005000","639","3","彰化縣","鹿港鎮","120.445","24.085","766"
"692","268020","20220706005000","516","2","彰化縣","鹿港鎮","120.475","24.065","557"
"18","268028","20220706005000","334","0","彰化縣","鹿港鎮","120.485","24.080","13"
"994","268031","20220706005000","501","3","彰化縣","鹿港鎮","120.485","24.085","708"
"1067","268032","20220706005000","900","1","彰化縣","鹿港鎮","120.430","24.060","899"
"516","268034","20220706005000","805","0","彰化縣","彰化市","120.525","24.060","375"
"1054","268035","20220706005000","1150","0","彰化縣","彰化市","120.525","24.065","869"
"75","268044","20220706005000","485","0","彰化縣","鹿港鎮","120.450","24.095","91"
"57","268053","20220706005000","45","2","彰化縣","鹿港鎮","120.470","24.075","40"
"326","268057","20220706005000","1030","0","彰化縣","鹿港鎮","120.475","24.080","321"
"181","268061","20220706005000","223","0","彰化縣","鹿港鎮","120.430","24.055","121"
"31","268068","20220706005000","167","0","彰化縣","芬園鄉","120.625","24.025","37"
"34","268073","20220706005000","26","2","彰化縣","芬園鄉","120.615","24.015","33"
"74","268074","20220706005000","73","1","彰化縣","芬園鄉","120.620","24.015","46"
"30","268077","20220706005000","456","0","彰化縣","福興鄉","120.480","24.045","56"
"1291","268085","20220706005000","1177","1","彰化縣","鹿港鎮","120.470","24.055","1003"
"228","268089","20220706005000","227","1","彰化縣","鹿港鎮","120.460","24.060","161"
"124","268108","20220706005000","123","1","彰化縣","鹿港鎮","120.385","24.060","97"
"176","268109","20220706005000","137","2","彰化縣","鹿港鎮","120.390","24.060","128"
"225","268110","20220706005000","228","0","彰化縣","鹿港鎮","120.395","24.060","186"
"11","268126","20220706005000","13","0","彰化縣","鹿港鎮","120.390","24.065","18"
"312","268128","20220706005000","155","3","彰化縣","鹿港鎮","120.400","24.065","243"
"80","268129","20220706005000","67","1","彰化縣","鹿港鎮","120.405","24.065","74"
"436","268130","20220706005000","302","2","彰化縣","鹿港鎮","120.410","24.065","371"
"698","268134","20220706005000","478","2","彰化縣","鹿港鎮","120.430","24.065","478"
"66","268144","20220706005000","61","1","彰化縣","鹿港鎮","120.395","24.070","51"
"169","268157","20220706005000","140","2","彰化縣","鹿港鎮","120.390","24.075","142"
"29","268158","20220706005000","97","0","彰化縣","鹿港鎮","120.395","24.075","40"
"82","268161","20220706005000","84","0","彰化縣","鹿港鎮","120.410","24.075","67"
"48","268162","20220706005000","109","0","彰化縣","鹿港鎮","120.415","24.075","37"
"531","268170","20220706005000","424","2","彰化縣","鹿港鎮","120.395","24.080","431"
"1846","268172","20220706005000","1780","1","彰化縣","鹿港鎮","120.440","24.055","1430"
"130","268173","20220706005000","1137","0","彰化縣","鹿港鎮","120.440","24.060","156"
"2024","268175","20220706005000","1894","1","彰化縣","福興鄉","120.440","24.045","1567"
"21","268176","20220706005000","121","0","彰化縣","花壇鄉","120.550","24.040","35"
"37","268203","20220706005000","17","3","彰化縣","芬園鄉","120.595","24.035","28"
"276","268205","20220706005000","235","1","彰化縣","芬園鄉","120.605","24.035","210"
"458","268224","20220706005000","390","1","彰化縣","芬園鄉","120.650","24.020","368"
"575","268226","20220706005000","235","3","彰化縣","芬園鄉","120.635","24.025","514"
"391","268233","20220706005000","362","1","彰化縣","福興鄉","120.440","24.035","297"
"659","268245","20220706005000","391","3","彰化縣","秀水鄉","120.490","24.070","475"
"376","268249","20220706005000","259","2","彰化縣","秀水鄉","120.505","24.030","290"
"180","268253","20220706005000","690","0","彰化縣","秀水鄉","120.505","24.040","195"
"63","268258","20220706005000","333","0","彰化縣","秀水鄉","120.515","24.020","66"
"23","268261","20220706005000","482","0","彰化縣","福興鄉","120.450","24.030","25"
"593","268262","20220706005000","415","2","彰化縣","福興鄉","120.455","24.030","476"
"943","268271","20220706005000","794","1","彰化縣","福興鄉","120.420","24.035","804"
"52","268274","20220706005000","379","0","彰化縣","福興鄉","120.425","24.035","68"
"473","268277","20220706005000","360","2","彰化縣","芬園鄉","120.660","24.015","390"
"140","268289","20220706005000","686","0","彰化縣","芬園鄉","120.625","24.020","124"
"84","268296","20220706005000","546","0","彰化縣","福興鄉","120.470","24.020","93"
"905","268297","20220706005000","344","3","彰化縣","秀水鄉","120.505","24.035","649"
"30","268301","20220706005000","336","0","彰化縣","秀水鄉","120.495","24.040","37"
"35","268303","20220706005000","362","0","彰化縣","秀水鄉","120.500","24.040","41"
"548","268308","20220706005000","280","3","彰化縣","秀水鄉","120.510","24.045","331"
"80","268311","20220706005000","919","0","彰化縣","秀水鄉","120.510","24.050","84"
"792","268316","20220706005000","598","2","彰化縣","花壇鄉","120.530","24.020","541"
"356","268321","20220706005000","448","0","彰化縣","花壇鄉","120.530","24.040","241"
"54","268322","20220706005000","157","0","彰化縣","花壇鄉","120.520","24.045","91"
"38","268324","20220706005000","619","0","彰化縣","花壇鄉","120.530","24.045","44"
"286","268327","20220706005000","258","1","彰化縣","花壇鄉","120.535","24.030","220"
"603","268328","20220706005000","601","1","彰化縣","花壇鄉","120.535","24.035","440"
"74","268329","20220706005000","286","0","彰化縣","花壇鄉","120.535","24.040","109"
"81","268331","20220706005000","695","0","彰化縣","花壇鄉","120.545","24.040","88"
"627","268333","20220706005000","396","3","彰化縣","花壇鄉","120.540","24.040","456"
"346","268335","20220706005000","310","1","彰化縣","花壇鄉","120.555","24.020","268"
"951","268336","20220706005000","812","1","彰化縣","花壇鄉","120.540","24.025","648"
"406","268338","20220706005000","370","1","彰化縣","花壇鄉","120.550","24.025","366"
"238","268339","20220706005000","189","2","彰化縣","花壇鄉","120.555","24.025","169"
"198","268347","20220706005000","140","2","彰化縣","花壇鄉","120.565","24.020","133"
"15","268352","20220706005000","10","3","彰化縣","花壇鄉","120.575","24.030","15"
"89","268356","20220706005000","81","1","彰化縣","花壇鄉","120.575","24.035","69"
"80","268370","20220706005000","125","0","彰化縣","花壇鄉","120.560","24.015","97"
"67","268371","20220706005000","64","1","彰化縣","花壇鄉","120.570","24.020","53"
"32","268375","20220706005000","22","2","彰化縣","花壇鄉","120.595","24.020","30"
"210","268381","20220706005000","886","0","彰化縣","花壇鄉","120.545","24.045","260"
"54","268391","20220706005000","22","3","彰化縣","花壇鄉","120.540","24.020","62"
"1699","268393","20220706005000","1476","1","彰化縣","花壇鄉","120.535","24.025","1376"
"32","268399","20220706005000","232","0","彰化縣","福興鄉","120.480","24.020","36"
"10","269403","20220706005000","11","0","彰化縣","鹿港鎮","120.395","24.105","15"
"901","274405","20220706005000","1253","0","臺中市","太平區","120.720","24.135","731"
"2235","274408","20220706005000","1882","1","臺中市","太平區","120.720","24.115","1797"
"128","274410","20220706005000","93","2","臺中市","太平區","120.755","24.120","97"
"166","274476","20220706005000","160","1","臺中市","太平區","120.810","24.140","134"
"3179","274515","20220706005000","2353","2","臺中市","南屯區","120.645","24.135","2213"
"3787","274516","20220706005000","3410","1","臺中市","南屯區","120.650","24.140","2854"
"2519","274517","20220706005000","2101","1","臺中市","南屯區","120.650","24.150","1919"
"1107","274518","20220706005000","1078","1","臺中市","西屯區","120.650","24.155","858"
"34","274519","20220706005000","450","0","臺中市","南屯區","120.650","24.135","63"
"1989","274520","20220706005000","1424","2","臺中市","南屯區","120.650","24.130","1600"
"748","274521","20220706005000","573","2","臺中市","南屯區","120.610","24.150","598"
"2335","274522","20220706005000","2033","1","臺中市","南屯區","120.615","24.150","1809"
"20","274523","20220706005000","10","3","臺中市","南屯區","120.620","24.150","21"
"508","274524","20220706005000","413","2","臺中市","南屯區","120.605","24.155","425"
"290","274525","20220706005000","244","1","臺中市","南屯區","120.610","24.155","223"
"66","274530","20220706005000","68","0","臺中市","南屯區","120.600","24.160","45"
"309","274531","20220706005000","348","0","臺中市","南屯區","120.605","24.160","229"
"117","274534","20220706005000","66","3","臺中市","南屯區","120.590","24.165","88"
"1609","274535","20220706005000","1668","0","臺中市","北區","120.690","24.155","1281"
"1951","274536","20220706005000","2259","0","臺中市","北屯區","120.695","24.165","1536"
"2129","274537","20220706005000","1771","2","臺中市","北屯區","120.700","24.160","1664"
"2176","274538","20220706005000","1840","1","臺中市","北區","120.690","24.160","1812"
"1613","274539","20220706005000","1916","0","臺中市","北區","120.680","24.150","1076"
"2368","274540","20220706005000","1446","3","臺中市","北區","120.685","24.150","1401"
"1699","274541","20220706005000","1866","0","臺中市","南區","120.660","24.125","1253"
"2436","274543","20220706005000","2307","1","臺中市","南區","120.675","24.125","1879"
"78","274544","20220706005000","75","1","臺中市","北屯區","120.665","24.185","93"
"944","274545","20220706005000","703","2","臺中市","北屯區","120.725","24.170","756"
"768","274546","20220706005000","1681","0","臺中市","北屯區","120.720","24.175","679"
"1788","274547","20220706005000","1622","1","臺中市","北屯區","120.725","24.175","1388"
"2563","274549","20220706005000","2084","2","臺中市","北屯區","120.725","24.180","1949"
"385","274551","20220706005000","362","1","臺中市","北屯區","120.735","24.180","285"
"1737","274554","20220706005000","1571","1","臺中市","西區","120.675","24.140","1161"
"1567","274556","20220706005000","1464","1","臺中市","大里區","120.675","24.105","1341"
"895","274558","20220706005000","880","1","臺中市","大里區","120.675","24.115","642"
"1754","274559","20220706005000","1721","1","臺中市","西屯區","120.615","24.175","1409"
"781","274560","20220706005000","580","2","臺中市","西屯區","120.630","24.175","772"
"2676","274561","20220706005000","2629","1","臺中市","西屯區","120.615","24.180","2243"
"1158","274562","20220706005000","1333","0","臺中市","西屯區","120.625","24.180","1023"
"998","274564","20220706005000","829","2","臺中市","西屯區","120.630","24.180","719"
"3107","274566","20220706005000","3065","1","臺中市","西屯區","120.640","24.175","2544"
"2009","274567","20220706005000","1777","1","臺中市","西屯區","120.635","24.175","1656"
"1683","274568","20220706005000","975","3","臺中市","西屯區","120.635","24.180","1298"
"144","274569","20220706005000","1096","0","臺中市","西屯區","120.630","24.185","156"
"150","274571","20220706005000","976","0","臺中市","北屯區","120.715","24.175","169"
"1563","274572","20220706005000","1242","2","臺中市","北屯區","120.715","24.180","1268"
"210","274575","20220706005000","561","0","臺中市","北屯區","120.715","24.185","192"
"44","274577","20220706005000","50","0","臺中市","北屯區","120.730","24.185","52"
"514","274578","20220706005000","340","3","臺中市","北屯區","120.720","24.185","377"
"1729","274581","20220706005000","2534","0","臺中市","北區","120.665","24.165","1489"
"2753","274582","20220706005000","2301","1","臺中市","北區","120.670","24.165","2159"
"594","274583","20220706005000","411","2","臺中市","南區","120.670","24.125","454"
"1585","274585","20220706005000","1786","0","臺中市","西屯區","120.610","24.185","1271"
"453","274586","20220706005000","507","0","臺中市","西屯區","120.600","24.180","404"
"1678","274587","20220706005000","1514","1","臺中市","西屯區","120.605","24.180","1328"
"359","274591","20220706005000","2140","0","臺中市","龍井區","120.530","24.180","438"
"700","274593","20220706005000","1363","0","臺中市","烏日區","120.635","24.100","515"
"1425","274595","20220706005000","1741","0","臺中市","烏日區","120.635","24.105","1047"
"1185","274596","20220706005000","1184","1","臺中市","烏日區","120.640","24.105","917"
"65","274603","20220706005000","589","0","臺中市","大肚區","120.530","24.160","99"
"2004","274608","20220706005000","1458","2","臺中市","西區","120.670","24.135","1601"
"797","274609","20220706005000","1818","0","臺中市","西區","120.655","24.150","725"
"3673","274610","20220706005000","3383","1","臺中市","西區","120.655","24.135","2938"
"2451","274611","20220706005000","2928","0","臺中市","西區","120.655","24.145","1952"
"2020","274612","20220706005000","2122","0","臺中市","西區","120.670","24.130","1679"
"234","274615","20220706005000","323","0","臺中市","太平區","120.735","24.135","204"
"36","274616","20220706005000","19","3","臺中市","太平區","120.740","24.140","39"
"2480","274620","20220706005000","1912","2","臺中市","北區","120.685","24.160","1982"
"2474","274621","20220706005000","1669","2","臺中市","北區","120.675","24.150","2001"
"1605","274623","20220706005000","848","3","臺中市","北區","120.690","24.150","979"
"1283","274624","20220706005000","1262","1","臺中市","南區","120.680","24.120","1007"
"2368","274625","20220706005000","1972","2","臺中市","大里區","120.685","24.120","1909"
"1576","274626","20220706005000","1015","3","臺中市","南區","120.660","24.120","1233"
"938","274627","20220706005000","1012","0","臺中市","南區","120.675","24.120","684"
"1066","274628","20220706005000","1567","0","臺中市","東區","120.695","24.130","839"
"1506","274629","20220706005000","2272","0","臺中市","西屯區","120.620","24.185","1247"
"1203","274630","20220706005000","855","2","臺中市","西屯區","120.615","24.185","1027"
"849","274631","20220706005000","1402","0","臺中市","西屯區","120.620","24.190","747"
"3803","274632","20220706005000","3709","1","臺中市","西屯區","120.605","24.185","2995"
"516","274634","20220706005000","754","0","臺中市","西屯區","120.600","24.185","394"
"925","274636","20220706005000","532","3","臺中市","東區","120.705","24.130","694"
"856","274637","20220706005000","847","1","臺中市","東區","120.705","24.135","666"
"2961","274639","20220706005000","2118","2","臺中市","東區","120.695","24.145","2002"
"96","274640","20220706005000","120","0","臺中市","東區","120.700","24.145","104"
"1861","274641","20220706005000","1439","2","臺中市","東區","120.695","24.125","1464"
"2873","274642","20220706005000","2094","2","臺中市","大里區","120.680","24.110","2215"
"233","274644","20220706005000","219","1","臺中市","大里區","120.665","24.100","192"
"67","274646","20220706005000","651","0","臺中市","大里區","120.665","24.105","106"
"248","274647","20220706005000","162","3","臺中市","大里區","120.670","24.105","205"
"69","274648","20220706005000","714","0","臺中市","大里區","120.665","24.110","78"
"1233","274649","20220706005000","892","2","臺中市","大里區","120.670","24.110","884"
"775","274650","20220706005000","729","1","臺中市","大里區","120.700","24.105","678"
"232","274683","20220706005000","229","1","臺中市","太平區","120.765","24.110","191"
"74","274707","20220706005000","70","1","臺中市","太平區","120.795","24.115","77"
"475","274737","20220706005000","545","0","臺中市","太平區","120.720","24.140","408"
"1219","274738","20220706005000","776","3","臺中市","太平區","120.725","24.135","939"
"1425","274739","20220706005000","885","3","臺中市","大里區","120.695","24.120","1093"
"209","274741","20220706005000","155","2","臺中市","東區","120.700","24.130","187"
"199","274742","20220706005000","171","1","臺中市","東區","120.700","24.135","202"
"1943","274744","20220706005000","2164","0","臺中市","大里區","120.685","24.105","1474"
"114","274781","20220706005000","74","3","臺中市","新社區","120.825","24.165","90"
"77","274785","20220706005000","63","2","臺中市","新社區","120.835","24.170","79"
"1194","274786","20220706005000","730","3","臺中市","西屯區","120.610","24.180","917"
"51","274787","20220706005000","488","0","臺中市","南區","120.680","24.125","66"
"1393","274788","20220706005000","802","3","臺中市","東區","120.685","24.135","724"
"3780","274789","20220706005000","1912","3","臺中市","北區","120.685","24.145","2134"
"4400","274790","20220706005000","3892","1","臺中市","北屯區","120.670","24.175","3566"
"607","274792","20220706005000","602","1","臺中市","東區","120.695","24.135","474"
"62","274805","20220706005000","62","1","臺中市","新社區","120.825","24.155","59"
"277","274823","20220706005000","203","2","臺中市","新社區","120.800","24.180","256"
"190","274835","20220706005000","1570","0","臺中市","大肚區","120.540","24.150","238"
"263","274842","20220706005000","273","0","臺中市","大肚區","120.540","24.170","220"
"38","274852","20220706005000","39","0","臺中市","大肚區","120.525","24.175","35"
"114","274869","20220706005000","431","0","臺中市","大肚區","120.545","24.135","114"
"20","274873","20220706005000","236","0","臺中市","大肚區","120.550","24.140","25"
"192","274874","20220706005000","174","1","臺中市","大肚區","120.555","24.140","144"
"2419","274883","20220706005000","2210","1","臺中市","北區","120.670","24.155","1878"
"785","274884","20220706005000","625","2","臺中市","西屯區","120.655","24.175","548"
"153","274885","20220706005000","696","0","臺中市","西屯區","120.660","24.175","165"
"1275","274889","20220706005000","985","2","臺中市","大肚區","120.580","24.110","810"
"33","274891","20220706005000","347","0","臺中市","大肚區","120.570","24.115","34"
"163","274895","20220706005000","164","0","臺中市","大肚區","120.545","24.145","130"
"235","274897","20220706005000","1658","0","臺中市","大肚區","120.550","24.150","302"
"1312","274905","20220706005000","1018","2","臺中市","南區","120.650","24.115","1174"
"99","274907","20220706005000","417","0","臺中市","南區","120.650","24.120","107"
"1479","274908","20220706005000","1445","1","臺中市","南區","120.655","24.120","1094"
"1126","274910","20220706005000","1104","1","臺中市","南區","120.645","24.110","927"
"1810","274911","20220706005000","1889","0","臺中市","南區","120.650","24.110","1327"
"1486","274912","20220706005000","1442","1","臺中市","南區","120.655","24.110","1299"
"856","274913","20220706005000","1332","0","臺中市","南區","120.670","24.115","583"
"551","274917","20220706005000","332","3","臺中市","龍井區","120.575","24.180","426"
"1571","274918","20220706005000","1221","2","臺中市","龍井區","120.580","24.180","1252"
"211","274921","20220706005000","203","1","臺中市","龍井區","120.580","24.185","197"
"214","274926","20220706005000","206","1","臺中市","新社區","120.815","24.180","195"
"11","274937","20220706005000","18","0","臺中市","新社區","120.880","24.105","11"
"66","274950","20220706005000","61","1","南投縣","國姓鄉","120.855","24.120","46"
"22","274969","20220706005000","24","0","臺中市","新社區","120.840","24.130","19"
"54","274972","20220706005000","46","1","臺中市","新社區","120.855","24.130","52"
"14","274976","20220706005000","17","0","臺中市","新社區","120.875","24.130","15"
"45","274982","20220706005000","40","1","臺中市","新社區","120.855","24.135","31"
"63","274997","20220706005000","43","2","臺中市","和平區","120.885","24.140","46"
"15","275017","20220706005000","97","0","臺中市","新社區","120.865","24.155","12"
"16","275019","20220706005000","54","0","臺中市","新社區","120.875","24.155","17"
"266","275027","20220706005000","118","3","臺中市","新社區","120.885","24.160","192"
"1364","275034","20220706005000","1855","0","臺中市","北區","120.675","24.165","1096"
"4892","275035","20220706005000","3658","2","臺中市","北區","120.680","24.165","3933"
"1638","275036","20220706005000","2162","0","臺中市","北區","120.675","24.170","1312"
"940","275037","20220706005000","1094","0","臺中市","南區","120.655","24.115","850"
"1808","275038","20220706005000","2872","0","臺中市","南區","120.660","24.115","1509"
"3051","275039","20220706005000","2411","2","臺中市","南區","120.665","24.120","2466"
"2343","275040","20220706005000","1903","2","臺中市","南區","120.670","24.120","1833"
"227","275041","20220706005000","948","0","臺中市","太平區","120.715","24.115","290"
"1345","275042","20220706005000","1268","1","臺中市","太平區","120.720","24.120","1076"
"4626","275043","20220706005000","4277","1","臺中市","西屯區","120.645","24.175","3681"
"2987","275044","20220706005000","3850","0","臺中市","西屯區","120.650","24.175","2377"
"369","275045","20220706005000","300","2","臺中市","西屯區","120.640","24.185","327"
"147","275048","20220706005000","122","2","臺中市","西屯區","120.625","24.155","120"
"488","275049","20220706005000","415","1","臺中市","西屯區","120.625","24.160","404"
"1908","275052","20220706005000","2077","0","臺中市","龍井區","120.585","24.180","1451"
"1980","275053","20220706005000","2963","0","臺中市","西屯區","120.590","24.185","1493"
"498","275054","20220706005000","609","0","臺中市","龍井區","120.585","24.185","428"
"2083","275055","20220706005000","2398","0","臺中市","龍井區","120.590","24.180","1598"
"601","275056","20220706005000","448","2","臺中市","西屯區","120.595","24.190","515"
"833","275061","20220706005000","880","0","臺中市","東區","120.710","24.145","725"
"1421","275062","20220706005000","1389","1","臺中市","東區","120.710","24.140","1049"
"254","275064","20220706005000","267","0","臺中市","大里區","120.695","24.100","249"
"428","275065","20220706005000","558","0","臺中市","大里區","120.700","24.100","369"
"1601","275066","20220706005000","1479","1","臺中市","大里區","120.685","24.110","1300"
"760","275067","20220706005000","440","3","臺中市","大里區","120.690","24.110","653"
"619","275069","20220706005000","543","1","臺中市","太平區","120.730","24.100","516"
"463","275075","20220706005000","571","0","臺中市","太平區","120.730","24.105","384"
"771","275076","20220706005000","464","3","臺中市","太平區","120.735","24.120","602"
"17","275081","20220706005000","13","2","臺中市","太平區","120.745","24.125","18"
"444","275082","20220706005000","277","3","臺中市","太平區","120.740","24.130","355"
"1522","275083","20220706005000","1334","1","臺中市","北區","120.680","24.155","1233"
"367","275084","20220706005000","318","1","臺中市","太平區","120.750","24.125","286"
"27","275090","20220706005000","33","0","臺中市","太平區","120.755","24.135","41"
"765","275099","20220706005000","505","3","臺中市","太平區","120.735","24.110","579"
"1112","275110","20220706005000","997","1","臺中市","西區","120.665","24.130","876"
"1986","275111","20220706005000","1884","1","臺中市","東區","120.690","24.125","1458"
"144","275112","20220706005000","119","2","臺中市","東區","120.685","24.125","113"
"815","275114","20220706005000","650","2","臺中市","西區","120.665","24.135","666"
"1621","275115","20220706005000","1863","0","臺中市","西區","120.670","24.140","1330"
"2268","275116","20220706005000","991","3","臺中市","南區","120.655","24.130","2560"
"1443","275118","20220706005000","1748","0","臺中市","北區","120.695","24.155","1176"
"2441","275119","20220706005000","2049","1","臺中市","北區","120.695","24.160","1880"
"5427","275120","20220706005000","3935","2","臺中市","西區","120.660","24.135","3842"
"888","275121","20220706005000","966","0","臺中市","東區","120.685","24.130","705"
"2310","275122","20220706005000","1488","3","臺中市","南區","120.675","24.130","1874"
"2079","275123","20220706005000","2074","1","臺中市","南屯區","120.635","24.145","1614"
"3563","275124","20220706005000","2581","2","臺中市","南屯區","120.640","24.145","2756"
"2491","275125","20220706005000","2041","2","臺中市","西區","120.670","24.145","2139"
"2756","275126","20220706005000","3014","0","臺中市","北區","120.665","24.160","2435"
"1442","275128","20220706005000","1701","0","臺中市","北區","120.675","24.160","1133"
"1486","275129","20220706005000","1749","0","臺中市","北區","120.675","24.145","1158"
"2153","275130","20220706005000","1882","1","臺中市","北屯區","120.700","24.185","1668"
"693","275133","20220706005000","260","3","臺中市","北屯區","120.660","24.185","596"
"2236","275134","20220706005000","1575","2","臺中市","北屯區","120.660","24.180","1785"
"370","275137","20220706005000","293","2","臺中市","龍井區","120.565","24.175","284"
"4170","275141","20220706005000","4409","0","臺中市","南屯區","120.655","24.140","3359"
"588","275142","20220706005000","1001","0","臺中市","西區","120.665","24.140","467"
"1054","275143","20220706005000","725","2","臺中市","西屯區","120.625","24.185","763"
"2527","275144","20220706005000","2091","2","臺中市","西屯區","120.655","24.160","1957"
"1361","275145","20220706005000","1196","1","臺中市","西屯區","120.650","24.165","1004"
"4620","275146","20220706005000","3690","2","臺中市","西屯區","120.655","24.165","3653"
"77","275147","20220706005000","506","0","臺中市","烏日區","120.600","24.120","99"
"89","275154","20220706005000","539","0","臺中市","烏日區","120.605","24.125","120"
"47","275159","20220706005000","76","0","臺中市","南屯區","120.600","24.130","43"
"75","275166","20220706005000","71","1","臺中市","烏日區","120.590","24.110","30"
"2625","275167","20220706005000","1745","3","臺中市","烏日區","120.595","24.110","1849"
"1091","275174","20220706005000","834","2","臺中市","烏日區","120.615","24.105","828"
"222","275175","20220706005000","155","2","臺中市","烏日區","120.615","24.110","160"
"369","275177","20220706005000","1200","0","臺中市","烏日區","120.625","24.110","315"
"1158","275179","20220706005000","2291","0","臺中市","北區","120.685","24.165","992"
"689","275181","20220706005000","2078","0","臺中市","北屯區","120.725","24.160","620"
"604","275185","20220706005000","541","1","臺中市","北屯區","120.725","24.165","541"
"1619","275187","20220706005000","1524","1","臺中市","北屯區","120.735","24.165","1308"
"51","275188","20220706005000","59","0","臺中市","北屯區","120.740","24.165","48"
"727","275189","20220706005000","428","3","臺中市","北屯區","120.730","24.170","579"
"406","275192","20220706005000","770","0","臺中市","北屯區","120.735","24.175","334"
"525","275193","20220706005000","474","1","臺中市","北屯區","120.740","24.175","468"
"2460","275194","20220706005000","2597","0","臺中市","北區","120.670","24.170","1826"
"1094","275195","20220706005000","1051","1","臺中市","北屯區","120.690","24.170","894"
"1267","275196","20220706005000","721","3","臺中市","北屯區","120.675","24.175","992"
"5460","275197","20220706005000","4223","2","臺中市","北屯區","120.680","24.175","4222"
"3736","275198","20220706005000","3203","1","臺中市","北屯區","120.685","24.175","2929"
"4132","275199","20220706005000","4400","0","臺中市","南屯區","120.635","24.150","3320"
"1174","275200","20220706005000","869","2","臺中市","南屯區","120.640","24.150","939"
"2331","275201","20220706005000","2218","1","臺中市","南屯區","120.635","24.155","1797"
"2441","275202","20220706005000","1584","3","臺中市","北屯區","120.685","24.190","1859"
"19","275203","20220706005000","112","0","臺中市","南屯區","120.620","24.115","25"
"2352","275204","20220706005000","1438","3","臺中市","南屯區","120.625","24.115","1871"
"419","275206","20220706005000","406","1","臺中市","南屯區","120.625","24.120","275"
"2567","275207","20220706005000","2856","0","臺中市","西屯區","120.650","24.180","1983"
"2405","275208","20220706005000","1865","2","臺中市","西屯區","120.635","24.185","2015"
"3730","275209","20220706005000","4441","0","臺中市","西屯區","120.645","24.180","3252"
"1884","275210","20220706005000","2162","0","臺中市","西屯區","120.640","24.180","1540"
"472","275211","20220706005000","336","2","臺中市","西屯區","120.655","24.185","347"
"1400","275212","20220706005000","878","3","臺中市","西屯區","120.660","24.165","1139"
"2356","275213","20220706005000","2093","1","臺中市","西屯區","120.650","24.160","2023"
"527","275214","20220706005000","479","1","臺中市","西屯區","120.665","24.170","403"
"638","275215","20220706005000","532","1","臺中市","大里區","120.710","24.110","456"
"352","275217","20220706005000","518","0","臺中市","太平區","120.710","24.115","271"
"151","275219","20220706005000","141","1","臺中市","太平區","120.710","24.120","107"
"767","275221","20220706005000","699","1","臺中市","太平區","120.705","24.125","598"
"573","275222","20220706005000","532","1","臺中市","太平區","120.710","24.125","487"
"1212","275223","20220706005000","1371","0","臺中市","太平區","120.715","24.125","1000"
"1407","275227","20220706005000","1209","1","臺中市","北屯區","120.670","24.180","1101"
"1097","275228","20220706005000","711","3","臺中市","北屯區","120.665","24.180","843"
"157","275229","20220706005000","940","0","臺中市","北屯區","120.700","24.165","146"
"1919","275230","20220706005000","2504","0","臺中市","北屯區","120.700","24.170","1572"
"1275","275231","20220706005000","745","3","臺中市","北屯區","120.705","24.165","1042"
"1403","275232","20220706005000","836","3","臺中市","北屯區","120.675","24.180","1018"
"681","275233","20220706005000","388","3","臺中市","北屯區","120.675","24.185","513"
"3222","275234","20220706005000","1958","3","臺中市","北屯區","120.680","24.180","2510"
"2371","275235","20220706005000","1923","2","臺中市","北屯區","120.670","24.185","1971"
"1017","275237","20220706005000","509","3","臺中市","北屯區","120.675","24.190","669"
"190","275238","20220706005000","776","0","臺中市","北屯區","120.680","24.185","157"
"3302","275239","20220706005000","3693","0","臺中市","北區","120.680","24.160","2549"
"2136","275240","20220706005000","2879","0","臺中市","南區","120.660","24.110","1752"
"2685","275241","20220706005000","2404","1","臺中市","南區","120.665","24.115","1814"
"2589","275242","20220706005000","2410","1","臺中市","南區","120.665","24.125","1983"
"1521","275243","20220706005000","1598","0","臺中市","南區","120.655","24.125","1188"
"1586","275245","20220706005000","1394","1","臺中市","南屯區","120.645","24.145","1321"
"2963","275246","20220706005000","3420","0","臺中市","西區","120.650","24.145","2257"
"95","275247","20220706005000","137","0","臺中市","南屯區","120.600","24.140","93"
"557","275249","20220706005000","508","1","臺中市","南屯區","120.610","24.140","445"
"324","275250","20220706005000","247","2","臺中市","南屯區","120.615","24.140","240"
"533","275251","20220706005000","328","3","臺中市","南屯區","120.600","24.145","445"
"1646","275252","20220706005000","1084","3","臺中市","南屯區","120.605","24.145","1348"
"1112","275253","20220706005000","732","3","臺中市","南屯區","120.610","24.145","928"
"1701","275254","20220706005000","1262","2","臺中市","南屯區","120.615","24.145","1260"
"283","275255","20220706005000","318","0","臺中市","南屯區","120.620","24.145","251"
"40","275256","20220706005000","41","0","臺中市","南屯區","120.595","24.150","28"
"193","275257","20220706005000","118","3","臺中市","南屯區","120.600","24.150","165"
"2853","275267","20220706005000","3127","0","臺中市","北屯區","120.690","24.185","2231"
"26","275268","20220706005000","22","1","臺中市","北屯區","120.690","24.190","24"
"527","275270","20220706005000","505","1","臺中市","大肚區","120.555","24.130","442"
"426","275272","20220706005000","510","0","臺中市","大肚區","120.555","24.135","335"
"486","275278","20220706005000","503","0","臺中市","南屯區","120.620","24.140","428"
"240","275280","20220706005000","273","0","臺中市","南屯區","120.625","24.145","167"
"457","275281","20220706005000","411","1","臺中市","南屯區","120.630","24.145","335"
"500","275284","20220706005000","403","2","臺中市","南屯區","120.610","24.130","364"
"606","275286","20220706005000","327","3","臺中市","南屯區","120.600","24.135","399"
"513","275288","20220706005000","455","1","臺中市","南屯區","120.610","24.135","345"
"213","275291","20220706005000","246","0","臺中市","南屯區","120.595","24.135","191"
"691","275293","20220706005000","841","0","臺中市","南屯區","120.605","24.135","563"
"1778","275294","20220706005000","1522","1","臺中市","南屯區","120.615","24.135","1383"
"78","275297","20220706005000","41","3","臺中市","南屯區","120.590","24.140","76"
"10","275298","20220706005000","14","0","臺中市","南屯區","120.595","24.140","10"
"450","275302","20220706005000","277","3","臺中市","南屯區","120.590","24.145","381"
"32","275303","20220706005000","63","0","臺中市","南屯區","120.595","24.145","25"
"140","275307","20220706005000","94","2","臺中市","南屯區","120.590","24.150","115"
"175","275309","20220706005000","236","0","臺中市","南屯區","120.630","24.115","176"
"98","275311","20220706005000","405","0","臺中市","南屯區","120.630","24.120","137"
"457","275312","20220706005000","376","2","臺中市","南屯區","120.635","24.120","342"
"138","275314","20220706005000","42","3","臺中市","南屯區","120.625","24.135","139"
"3059","275315","20220706005000","2277","2","臺中市","南屯區","120.630","24.135","2416"
"973","275316","20220706005000","663","2","臺中市","南屯區","120.630","24.140","731"
"3544","275317","20220706005000","2433","2","臺中市","南屯區","120.635","24.140","2814"
"1124","275318","20220706005000","966","1","臺中市","南屯區","120.645","24.150","908"
"1731","275319","20220706005000","1217","2","臺中市","南屯區","120.640","24.140","1302"
"2044","275320","20220706005000","2596","0","臺中市","南屯區","120.645","24.140","1575"
"364","275322","20220706005000","333","1","臺中市","南屯區","120.635","24.125","274"
"542","275325","20220706005000","512","1","臺中市","南屯區","120.635","24.130","414"
"1761","275326","20220706005000","1237","2","臺中市","南屯區","120.645","24.130","1228"
"1052","275328","20220706005000","793","2","臺中市","南屯區","120.640","24.135","776"
"199","275329","20220706005000","573","0","臺中市","南屯區","120.640","24.130","165"
"69","275330","20220706005000","54","2","臺中市","南屯區","120.620","24.125","57"
"607","275332","20220706005000","342","3","臺中市","南屯區","120.630","24.125","488"
"161","275333","20220706005000","119","2","臺中市","南屯區","120.620","24.130","137"
"225","275336","20220706005000","199","1","臺中市","南屯區","120.640","24.125","197"
"389","275337","20220706005000","333","1","臺中市","南屯區","120.620","24.135","353"
"2213","275340","20220706005000","2338","0","臺中市","太平區","120.700","24.150","1731"
"1366","275341","20220706005000","1133","2","臺中市","北區","120.700","24.155","1033"
"3041","275343","20220706005000","2227","2","臺中市","北屯區","120.685","24.180","2211"
"1159","275344","20220706005000","1194","0","臺中市","北屯區","120.690","24.180","1210"
"485","275350","20220706005000","323","3","臺中市","北屯區","120.745","24.160","369"
"162","275354","20220706005000","146","1","臺中市","太平區","120.770","24.160","121"
"14","275362","20220706005000","13","1","臺中市","北屯區","120.745","24.170","13"
"220","275365","20220706005000","161","2","臺中市","北屯區","120.760","24.170","194"
"29","275378","20220706005000","10","3","臺中市","北屯區","120.765","24.175","11"
"224","275380","20220706005000","221","1","臺中市","北屯區","120.775","24.175","167"
"82","275382","20220706005000","53","3","臺中市","北屯區","120.785","24.175","66"
"162","275386","20220706005000","143","1","臺中市","北屯區","120.750","24.180","156"
"1102","275391","20220706005000","1311","0","臺中市","北屯區","120.710","24.160","974"
"667","275392","20220706005000","396","3","臺中市","北屯區","120.715","24.160","457"
"387","275393","20220706005000","436","0","臺中市","北屯區","120.710","24.165","355"
"764","275394","20220706005000","625","2","臺中市","北屯區","120.715","24.165","574"
"499","275395","20220706005000","687","0","臺中市","北屯區","120.720","24.165","356"
"1947","275396","20220706005000","1939","1","臺中市","北屯區","120.710","24.170","1556"
"491","275397","20220706005000","495","0","臺中市","北屯區","120.715","24.170","372"
"1292","275398","20220706005000","1296","0","臺中市","北屯區","120.720","24.170","1004"
"55","275399","20220706005000","55","1","臺中市","大肚區","120.570","24.150","44"
"177","275400","20220706005000","129","2","臺中市","大肚區","120.570","24.155","159"
"1524","275403","20220706005000","1473","1","臺中市","大肚區","120.570","24.160","1254"
"73","275420","20220706005000","56","2","臺中市","大肚區","120.535","24.150","53"
"2517","275421","20220706005000","2410","1","臺中市","西區","120.655","24.155","2051"
"2786","275422","20220706005000","1814","3","臺中市","西區","120.660","24.155","2009"
"1031","275423","20220706005000","770","2","臺中市","西區","120.660","24.160","705"
"165","275424","20220706005000","196","0","臺中市","大里區","120.675","24.100","193"
"698","275425","20220706005000","667","1","臺中市","大里區","120.680","24.100","513"
"465","275426","20220706005000","312","2","臺中市","大里區","120.680","24.105","411"
"1588","275427","20220706005000","905","3","臺中市","西區","120.680","24.135","1003"
"1136","275428","20220706005000","1149","0","臺中市","中區","120.680","24.145","881"
"2988","275429","20220706005000","1243","3","臺中市","中區","120.680","24.140","1553"
"2742","275430","20220706005000","1736","3","臺中市","北屯區","120.680","24.170","2087"
"661","275431","20220706005000","1035","0","臺中市","北屯區","120.685","24.170","531"
"690","275432","20220706005000","1153","0","臺中市","北屯區","120.690","24.165","609"
"1457","275433","20220706005000","1345","1","臺中市","北屯區","120.695","24.170","1194"
"3916","275434","20220706005000","3555","1","臺中市","北屯區","120.695","24.175","2843"
"3155","275435","20220706005000","2768","1","臺中市","北屯區","120.690","24.175","2492"
"1708","275436","20220706005000","1417","2","臺中市","南屯區","120.630","24.150","1396"
"1009","275437","20220706005000","666","3","臺中市","南屯區","120.630","24.155","790"
"547","275439","20220706005000","1289","0","臺中市","北屯區","120.710","24.175","487"
"449","275440","20220706005000","417","1","臺中市","北屯區","120.695","24.185","401"
"638","275442","20220706005000","703","0","臺中市","北屯區","120.710","24.180","555"
"177","275443","20220706005000","526","0","臺中市","北屯區","120.705","24.180","161"
"1267","275445","20220706005000","1154","1","臺中市","北屯區","120.705","24.185","1019"
"1962","275457","20220706005000","1489","2","臺中市","北區","120.670","24.160","1547"
"1486","275458","20220706005000","1129","2","臺中市","北區","120.685","24.155","1193"
"1588","275459","20220706005000","1061","2","臺中市","北屯區","120.700","24.175","1266"
"653","275461","20220706005000","405","3","臺中市","大里區","120.710","24.100","523"
"864","275462","20220706005000","797","1","臺中市","大里區","120.715","24.100","650"
"1617","275463","20220706005000","2156","0","臺中市","大里區","120.690","24.105","1331"
"596","275464","20220706005000","917","0","臺中市","大里區","120.695","24.105","545"
"1037","275466","20220706005000","1073","0","臺中市","大里區","120.685","24.100","865"
"3485","275467","20220706005000","2767","2","臺中市","大里區","120.680","24.115","2797"
"597","275468","20220706005000","470","2","臺中市","大里區","120.685","24.115","421"
"940","275469","20220706005000","1222","0","臺中市","南屯區","120.635","24.135","749"
"47","275471","20220706005000","853","0","臺中市","大里區","120.695","24.110","88"
"2001","275477","20220706005000","1438","2","臺中市","太平區","120.715","24.155","1661"
"1376","275478","20220706005000","801","3","臺中市","北屯區","120.705","24.170","1052"
"344","275479","20220706005000","330","1","臺中市","北屯區","120.740","24.180","288"
"97","275480","20220706005000","309","0","臺中市","北屯區","120.745","24.180","84"
"10","275487","20220706005000","127","0","臺中市","北屯區","120.745","24.185","16"
"53","275492","20220706005000","42","2","臺中市","北屯區","120.770","24.185","40"
"20","275495","20220706005000","39","0","臺中市","北屯區","120.780","24.185","19"
"45","275502","20220706005000","95","0","臺中市","北屯區","120.765","24.185","57"
"1820","275504","20220706005000","2213","0","臺中市","北屯區","120.695","24.180","1405"
"2149","275505","20220706005000","1775","2","臺中市","西屯區","120.665","24.175","1795"
"542","275506","20220706005000","591","0","臺中市","西屯區","120.640","24.155","474"
"2525","275507","20220706005000","2520","1","臺中市","西屯區","120.645","24.155","2008"
"1121","275508","20220706005000","2441","0","臺中市","西屯區","120.640","24.160","985"
"2108","275509","20220706005000","1246","3","臺中市","西屯區","120.645","24.160","1801"
"375","275510","20220706005000","1021","0","臺中市","西屯區","120.640","24.165","343"
"1947","275511","20220706005000","1893","1","臺中市","西屯區","120.645","24.165","1534"
"1464","275512","20220706005000","1309","1","臺中市","西屯區","120.650","24.170","1165"
"962","275513","20220706005000","645","2","臺中市","太平區","120.720","24.145","800"
"664","275515","20220706005000","629","1","臺中市","太平區","120.715","24.145","533"
"1859","275517","20220706005000","1655","1","臺中市","大里區","120.690","24.115","1442"
"736","275518","20220706005000","615","1","臺中市","大里區","120.690","24.120","682"
"523","275519","20220706005000","375","2","臺中市","東區","120.700","24.125","425"
"24","275662","20220706005000","23","1","臺中市","和平區","120.955","24.160","16"
"155","275685","20220706005000","68","3","臺中市","和平區","120.950","24.165","95"
"40","275710","20220706005000","19","3","臺中市","和平區","120.945","24.170","31"
"15","275716","20220706005000","67","0","臺中市","和平區","120.975","24.170","16"
"325","275829","20220706005000","137","3","臺中市","和平區","120.990","24.185","259"
"116","276007","20220706005000","123","0","臺中市","和平區","120.925","24.180","99"
"235","276027","20220706005000","1161","0","臺中市","北屯區","120.700","24.180","279"
"1671","276028","20220706005000","2150","0","臺中市","南區","120.680","24.130","1317"
"1616","276029","20220706005000","2286","0","臺中市","西屯區","120.620","24.180","1397"
"1035","276033","20220706005000","1712","0","臺中市","西屯區","120.650","24.185","816"
"722","276037","20220706005000","536","2","臺中市","西屯區","120.635","24.160","549"
"1433","276039","20220706005000","1131","2","臺中市","西屯區","120.635","24.165","1166"
"350","276040","20220706005000","257","2","臺中市","西屯區","120.630","24.170","283"
"907","276041","20220706005000","736","2","臺中市","西屯區","120.635","24.170","716"
"2104","276043","20220706005000","1827","1","臺中市","太平區","120.715","24.140","1677"
"133","276044","20220706005000","996","0","臺中市","太平區","120.720","24.155","170"
"2762","276045","20220706005000","2549","1","臺中市","西區","120.660","24.140","2143"
"2021","276046","20220706005000","2070","0","臺中市","西區","120.660","24.145","1631"
"1376","276048","20220706005000","1431","0","臺中市","南區","120.660","24.130","1028"
"61","276451","20220706005000","115","0","花蓮縣","秀林鄉","121.285","24.140","67"
"274","276521","20220706005000","211","2","花蓮縣","秀林鄉","121.635","24.140","226"
"13","276664","20220706005000","72","0","花蓮縣","秀林鄉","121.625","24.150","71"
"175","276735","20220706005000","89","3","花蓮縣","秀林鄉","121.625","24.155","119"
"66","276803","20220706005000","42","3","花蓮縣","秀林鄉","121.620","24.160","62"
"46","276945","20220706005000","50","0","花蓮縣","秀林鄉","121.300","24.175","32"
"77","277000","20220706005000","58","2","花蓮縣","秀林鄉","121.570","24.175","39"
"19","277055","20220706005000","10","3","花蓮縣","秀林鄉","121.510","24.180","19"
"357","277116","20220706005000","218","3","花蓮縣","秀林鄉","121.495","24.180","241"
"636","277183","20220706005000","403","3","花蓮縣","秀林鄉","121.655","24.125","508"
"72","277187","20220706005000","40","3","花蓮縣","秀林鄉","121.645","24.135","38"
"289","277214","20220706005000","241","1","花蓮縣","秀林鄉","121.650","24.155","240"
"160","277223","20220706005000","118","2","花蓮縣","秀林鄉","121.655","24.160","114"
"99","277237","20220706005000","87","1","花蓮縣","秀林鄉","121.655","24.170","95"
"2370","277409","20220706005000","3580","0","臺中市","西屯區","120.645","24.170","2027"
"631","277410","20220706005000","515","2","臺中市","太平區","120.730","24.155","513"
"224","277411","20220706005000","960","0","臺中市","太平區","120.735","24.155","237"
"24","277415","20220706005000","261","0","臺中市","大肚區","120.550","24.120","32"
"1041","277420","20220706005000","1006","1","臺中市","大肚區","120.570","24.120","816"
"113","277421","20220706005000","736","0","臺中市","大肚區","120.575","24.120","145"
"487","277423","20220706005000","413","1","臺中市","大肚區","120.570","24.125","419"
"39","277425","20220706005000","419","0","臺中市","大肚區","120.580","24.125","68"
"195","277426","20220706005000","175","1","臺中市","大肚區","120.570","24.130","117"
"239","277434","20220706005000","229","1","臺中市","大肚區","120.585","24.135","197"
"11","277436","20220706005000","11","1","臺中市","大肚區","120.580","24.140","19"
"2562","277437","20220706005000","2652","0","臺中市","大里區","120.705","24.105","2156"
"651","277439","20220706005000","571","1","臺中市","大里區","120.705","24.110","489"
"64","277440","20220706005000","522","0","臺中市","太平區","120.705","24.150","39"
"471","277441","20220706005000","894","0","臺中市","太平區","120.710","24.150","391"
"554","277442","20220706005000","373","2","臺中市","烏日區","120.625","24.100","455"
"836","277443","20220706005000","770","1","臺中市","烏日區","120.630","24.100","600"
"1499","277444","20220706005000","1039","2","臺中市","烏日區","120.620","24.105","1199"
"594","277445","20220706005000","441","2","臺中市","烏日區","120.625","24.105","409"
"107","277450","20220706005000","74","2","臺中市","西屯區","120.595","24.165","76"
"249","277451","20220706005000","223","1","臺中市","西屯區","120.600","24.165","195"
"144","277452","20220706005000","204","0","臺中市","西屯區","120.605","24.165","124"
"428","277453","20220706005000","351","2","臺中市","西屯區","120.610","24.165","287"
"533","277457","20220706005000","517","1","臺中市","西屯區","120.590","24.170","408"
"71","277458","20220706005000","50","2","臺中市","西屯區","120.595","24.170","53"
"55","277460","20220706005000","52","1","臺中市","西屯區","120.605","24.170","49"
"294","277461","20220706005000","481","0","臺中市","西屯區","120.610","24.170","214"
"110","277462","20220706005000","192","0","臺中市","西屯區","120.615","24.170","95"
"691","277463","20220706005000","547","2","臺中市","西屯區","120.620","24.170","541"
"98","277467","20220706005000","99","0","臺中市","西屯區","120.605","24.175","67"
"438","277468","20220706005000","438","1","臺中市","西屯區","120.595","24.175","374"
"475","277471","20220706005000","282","3","臺中市","西屯區","120.620","24.175","399"
"1124","277473","20220706005000","1777","0","臺中市","西屯區","120.595","24.180","1013"
"367","277474","20220706005000","123","3","臺中市","西屯區","120.595","24.185","340"
"58","277475","20220706005000","772","0","臺中市","西屯區","120.600","24.175","67"
"2269","277477","20220706005000","2368","0","臺中市","太平區","120.720","24.130","1847"
"37","277478","20220706005000","278","0","臺中市","太平區","120.710","24.130","47"
"108","277480","20220706005000","1174","0","臺中市","太平區","120.715","24.135","161"
"1995","277481","20220706005000","1670","1","臺中市","太平區","120.730","24.150","1542"
"31","277483","20220706005000","259","0","臺中市","大肚區","120.575","24.170","43"
"643","277484","20220706005000","1024","0","臺中市","大肚區","120.580","24.170","576"
"2014","277487","20220706005000","2160","0","臺中市","大肚區","120.545","24.155","1687"
"92","277488","20220706005000","687","0","臺中市","大肚區","120.540","24.160","105"
"796","277489","20220706005000","722","1","臺中市","大肚區","120.545","24.160","630"
"272","277492","20220706005000","222","2","臺中市","大肚區","120.535","24.165","196"
"782","277493","20220706005000","1215","0","臺中市","大里區","120.690","24.100","582"
"469","277496","20220706005000","391","1","臺中市","太平區","120.735","24.105","335"
"889","277503","20220706005000","1010","0","臺中市","太平區","120.730","24.140","733"
"1075","277504","20220706005000","1256","0","臺中市","太平區","120.735","24.140","936"
"17","277507","20220706005000","27","0","臺中市","太平區","120.730","24.145","32"
"1604","277508","20220706005000","1427","1","臺中市","太平區","120.735","24.145","1142"
"1619","277520","20220706005000","1510","1","臺中市","太平區","120.740","24.155","1367"
"240","277531","20220706005000","981","0","臺中市","太平區","120.730","24.125","301"
"137","277532","20220706005000","255","0","臺中市","太平區","120.725","24.130","97"
"1475","277533","20220706005000","1399","1","臺中市","東區","120.690","24.130","1117"
"1244","277534","20220706005000","1018","2","臺中市","東區","120.690","24.140","938"
"2284","277535","20220706005000","1385","3","臺中市","中區","120.685","24.140","1635"
"21","277537","20220706005000","245","0","臺中市","太平區","120.735","24.130","28"
"768","277538","20220706005000","1072","0","臺中市","太平區","120.720","24.100","657"
"752","277540","20220706005000","573","2","臺中市","太平區","120.720","24.105","622"
"978","277541","20220706005000","1017","0","臺中市","太平區","120.725","24.140","768"
"533","277542","20220706005000","519","1","臺中市","太平區","120.730","24.135","388"
"1006","277544","20220706005000","902","1","臺中市","龍井區","120.540","24.175","745"
"685","277557","20220706005000","463","2","臺中市","大肚區","120.560","24.125","525"
"142","277558","20220706005000","726","0","臺中市","大肚區","120.565","24.125","98"
"854","277564","20220706005000","911","0","臺中市","龍井區","120.575","24.175","696"
"224","277565","20220706005000","594","0","臺中市","龍井區","120.580","24.175","212"
"635","277566","20220706005000","653","0","臺中市","太平區","120.725","24.145","498"
"896","277567","20220706005000","767","1","臺中市","太平區","120.720","24.125","684"
"26","277587","20220706005000","17","3","臺中市","東勢區","120.855","24.175","15"
"76","277597","20220706005000","73","1","臺中市","東勢區","120.840","24.185","61"
"12","277611","20220706005000","11","1","臺中市","東勢區","120.865","24.185","11"
"773","277614","20220706005000","857","0","臺中市","太平區","120.710","24.135","628"
"1847","277615","20220706005000","1598","1","臺中市","東區","120.705","24.140","1386"
"1637","277617","20220706005000","1336","2","臺中市","東區","120.695","24.150","1177"
"134","277618","20220706005000","2055","0","臺中市","太平區","120.705","24.155","178"
"857","277619","20220706005000","830","1","臺中市","太平區","120.705","24.160","805"
"1945","277620","20220706005000","1027","3","臺中市","太平區","120.710","24.155","1625"
"1895","277621","20220706005000","1489","2","臺中市","東區","120.690","24.135","1524"
"668","277622","20220706005000","649","1","臺中市","東區","120.690","24.145","485"
"2158","277623","20220706005000","1611","2","臺中市","東區","120.700","24.140","1698"
"1822","277624","20220706005000","1910","0","臺中市","北區","120.675","24.155","1551"
"1824","277625","20220706005000","1773","1","臺中市","西區","120.660","24.150","1495"
"2167","277626","20220706005000","1814","1","臺中市","西區","120.665","24.155","1741"
"28","277630","20220706005000","512","0","臺中市","龍井區","120.550","24.185","38"
"238","277637","20220706005000","202","1","臺中市","烏日區","120.650","24.105","195"
"1008","277638","20220706005000","1050","0","臺中市","烏日區","120.655","24.105","754"
"3540","277639","20220706005000","3046","1","臺中市","西屯區","120.640","24.170","2739"
"1367","277640","20220706005000","1778","0","臺中市","西屯區","120.655","24.170","1101"
"4189","277641","20220706005000","3916","1","臺中市","西屯區","120.660","24.170","3490"
"1948","277642","20220706005000","2317","0","臺中市","太平區","120.720","24.150","1499"
"387","277643","20220706005000","310","2","臺中市","太平區","120.725","24.150","273"
"1924","277644","20220706005000","1815","1","臺中市","太平區","120.725","24.155","1610"
"1416","277646","20220706005000","678","3","臺中市","烏日區","120.605","24.105","1038"
"451","277647","20220706005000","314","2","臺中市","烏日區","120.610","24.105","270"
"85","277648","20220706005000","65","2","臺中市","烏日區","120.600","24.110","76"
"1057","277649","20220706005000","1682","0","臺中市","烏日區","120.605","24.110","731"
"21","277650","20220706005000","15","2","臺中市","烏日區","120.610","24.110","16"
"494","277652","20220706005000","437","1","臺中市","烏日區","120.605","24.115","358"
"304","277653","20220706005000","163","3","臺中市","烏日區","120.610","24.115","196"
"112","277655","20220706005000","126","0","臺中市","烏日區","120.595","24.120","114"
"399","277656","20220706005000","1090","0","臺中市","烏日區","120.635","24.110","345"
"1156","277657","20220706005000","1154","1","臺中市","烏日區","120.640","24.110","864"
"2204","277661","20220706005000","1340","3","臺中市","西區","120.665","24.150","1669"
"291","277662","20220706005000","404","0","臺中市","西區","120.670","24.150","238"
"1699","277663","20220706005000","2858","0","臺中市","西區","120.675","24.135","1431"
"1985","277664","20220706005000","1903","1","臺中市","西區","120.665","24.145","1571"
"204","277681","20220706005000","150","2","花蓮縣","秀林鄉","121.630","24.115","138"
"97","277712","20220706005000","81","1","花蓮縣","秀林鄉","121.630","24.125","75"
"297","277713","20220706005000","239","2","花蓮縣","秀林鄉","121.635","24.125","235"
"239","277756","20220706005000","216","1","花蓮縣","新城鄉","121.615","24.100","208"
"168","277759","20220706005000","130","2","花蓮縣","新城鄉","121.620","24.105","160"
"396","277766","20220706005000","300","2","花蓮縣","新城鄉","121.640","24.115","302"
"67","277799","20220706005000","62","1","花蓮縣","新城鄉","121.650","24.125","54"
"179","277805","20220706005000","156","1","花蓮縣","新城鄉","121.645","24.130","144"
"33","277807","20220706005000","35","0","彰化縣","彰化市","120.545","24.100","38"
"1232","277812","20220706005000","1084","1","彰化縣","和美鎮","120.495","24.115","913"
"329","277817","20220706005000","254","2","彰化縣","彰化市","120.560","24.105","259"
"372","277821","20220706005000","150","3","彰化縣","和美鎮","120.505","24.140","228"
"1240","277830","20220706005000","1333","0","彰化縣","和美鎮","120.500","24.105","813"
"1911","277831","20220706005000","1637","1","彰化縣","和美鎮","120.495","24.110","1477"
"1656","277832","20220706005000","1664","0","彰化縣","和美鎮","120.500","24.110","1270"
"118","277834","20220706005000","1149","0","彰化縣","伸港鄉","120.480","24.140","118"
"110","277848","20220706005000","90","2","南投縣","國姓鄉","120.895","24.110","88"
"22","277865","20220706005000","18","2","南投縣","國姓鄉","120.850","24.105","18"
"56","277866","20220706005000","37","3","南投縣","國姓鄉","120.855","24.105","42"
"720","277889","20220706005000","605","1","彰化縣","和美鎮","120.490","24.110","532"
"228","277890","20220706005000","202","1","彰化縣","和美鎮","120.490","24.115","183"
"205","277892","20220706005000","255","0","彰化縣","和美鎮","120.515","24.125","166"
"37","277895","20220706005000","31","1","彰化縣","和美鎮","120.520","24.130","41"
"403","277898","20220706005000","312","2","彰化縣","和美鎮","120.515","24.135","311"
"465","277902","20220706005000","420","1","彰化縣","和美鎮","120.500","24.130","364"
"24","277906","20220706005000","15","3","彰化縣","和美鎮","120.505","24.135","37"
"22","277907","20220706005000","17","2","彰化縣","和美鎮","120.510","24.135","14"
"1596","277912","20220706005000","1327","2","彰化縣","和美鎮","120.490","24.120","1434"
"736","277913","20220706005000","657","1","彰化縣","和美鎮","120.495","24.120","541"
"96","277919","20220706005000","172","0","彰化縣","伸港鄉","120.510","24.160","108"
"73","277922","20220706005000","47","3","彰化縣","伸港鄉","120.510","24.165","60"
"144","277925","20220706005000","615","0","彰化縣","伸港鄉","120.505","24.170","123"
"123","277926","20220706005000","114","1","彰化縣","伸港鄉","120.510","24.170","72"
"12","277928","20220706005000","261","0","彰化縣","伸港鄉","120.505","24.175","12"
"347","277931","20220706005000","184","3","彰化縣","伸港鄉","120.505","24.180","237"
"877","277935","20220706005000","490","3","彰化縣","彰化市","120.575","24.100","709"
"61","277953","20220706005000","874","0","彰化縣","和美鎮","120.530","24.110","81"
"17","277963","20220706005000","13","2","彰化縣","和美鎮","120.535","24.105","17"
"64","277967","20220706005000","567","0","彰化縣","和美鎮","120.545","24.110","79"
"14","277968","20220706005000","33","0","彰化縣","和美鎮","120.540","24.115","26"
"44","277971","20220706005000","42","1","彰化縣","和美鎮","120.530","24.100","44"
"1427","277975","20220706005000","1142","2","彰化縣","和美鎮","120.525","24.115","1114"
"24","277978","20220706005000","13","3","彰化縣","和美鎮","120.485","24.135","30"
"184","277979","20220706005000","188","0","彰化縣","和美鎮","120.485","24.140","180"
"657","277980","20220706005000","2329","0","彰化縣","伸港鄉","120.485","24.145","690"
"362","277982","20220706005000","730","0","彰化縣","伸港鄉","120.490","24.150","335"
"299","277984","20220706005000","177","3","彰化縣","伸港鄉","120.470","24.145","216"
"77","277985","20220706005000","358","0","彰化縣","伸港鄉","120.475","24.145","84"
"216","277994","20220706005000","815","0","彰化縣","伸港鄉","120.500","24.140","221"
"217","277998","20220706005000","290","0","彰化縣","伸港鄉","120.480","24.155","192"
"1009","278002","20220706005000","918","1","彰化縣","和美鎮","120.490","24.105","846"
"53","278003","20220706005000","89","0","彰化縣","和美鎮","120.490","24.125","59"
"734","278011","20220706005000","554","2","彰化縣","和美鎮","120.515","24.105","480"
"702","278012","20220706005000","561","2","彰化縣","和美鎮","120.510","24.110","539"
"193","278018","20220706005000","482","0","彰化縣","和美鎮","120.510","24.150","197"
"62","278026","20220706005000","572","0","彰化縣","線西鄉","120.455","24.145","54"
"177","278032","20220706005000","89","3","彰化縣","伸港鄉","120.450","24.155","134"
"1465","278037","20220706005000","1400","1","彰化縣","和美鎮","120.500","24.115","1206"
"1129","278047","20220706005000","579","3","彰化縣","和美鎮","120.490","24.130","890"
"1164","278050","20220706005000","599","3","彰化縣","和美鎮","120.490","24.100","847"
"1889","278052","20220706005000","709","3","彰化縣","和美鎮","120.515","24.100","981"
"983","278053","20220706005000","555","3","彰化縣","和美鎮","120.520","24.100","565"
"158","278058","20220706005000","129","2","彰化縣","和美鎮","120.485","24.100","128"
"548","278060","20220706005000","558","0","彰化縣","和美鎮","120.485","24.110","399"
"122","278065","20220706005000","207","0","彰化縣","伸港鄉","120.475","24.155","130"
"34","278066","20220706005000","11","3","彰化縣","伸港鄉","120.470","24.160","32"
"1196","278099","20220706005000","1239","0","彰化縣","和美鎮","120.530","24.105","928"
"525","278100","20220706005000","466","1","彰化縣","和美鎮","120.515","24.120","438"
"206","278175","20220706005000","177","1","南投縣","仁愛鄉","121.190","24.145","153"
"323","278457","20220706005000","300","1","南投縣","仁愛鄉","121.205","24.110","281"
"62","278506","20220706005000","67","0","南投縣","仁愛鄉","121.270","24.140","75"
"30","278518","20220706005000","35","0","南投縣","仁愛鄉","121.285","24.160","20"
"125","278973","20220706005000","112","1","南投縣","仁愛鄉","121.185","24.120","111"
"264","279090","20220706005000","273","0","南投縣","仁愛鄉","121.170","24.155","281"
"43","279213","20220706005000","76","0","南投縣","仁愛鄉","121.200","24.180","30"
"195","279218","20220706005000","214","0","南投縣","仁愛鄉","121.225","24.180","136"
"516","279255","20220706005000","1913","0","彰化縣","伸港鄉","120.485","24.160","502"
"372","279258","20220706005000","809","0","彰化縣","伸港鄉","120.495","24.160","340"
"35","279282","20220706005000","31","1","彰化縣","線西鄉","120.420","24.130","28"
"92","279286","20220706005000","466","0","彰化縣","和美鎮","120.480","24.105","99"
"32","279292","20220706005000","396","0","彰化縣","鹿港鎮","120.460","24.105","39"
"18","279293","20220706005000","462","0","彰化縣","鹿港鎮","120.465","24.105","21"
"708","279295","20220706005000","343","3","彰化縣","鹿港鎮","120.465","24.110","538"
"420","279296","20220706005000","227","3","彰化縣","鹿港鎮","120.460","24.115","294"
"1854","279303","20220706005000","1416","2","彰化縣","線西鄉","120.465","24.130","1407"
"300","279311","20220706005000","237","2","彰化縣","線西鄉","120.435","24.140","235"
"658","279350","20220706005000","452","2","彰化縣","鹿港鎮","120.450","24.115","434"
"260","279359","20220706005000","163","3","彰化縣","鹿港鎮","120.455","24.120","216"
"67","279366","20220706005000","58","1","彰化縣","線西鄉","120.460","24.130","48"
"396","279368","20220706005000","372","1","彰化縣","線西鄉","120.430","24.130","303"
"413","279371","20220706005000","224","3","彰化縣","線西鄉","120.425","24.135","270"
"54","279375","20220706005000","408","0","彰化縣","線西鄉","120.470","24.135","371"
"149","279379","20220706005000","98","3","彰化縣","線西鄉","120.440","24.150","113"
"160","279387","20220706005000","166","0","彰化縣","線西鄉","120.445","24.150","100"
"521","279389","20220706005000","379","2","彰化縣","線西鄉","120.480","24.115","400"
"252","279392","20220706005000","240","1","彰化縣","和美鎮","120.485","24.120","188"
"431","279396","20220706005000","426","1","彰化縣","線西鄉","120.480","24.125","291"
"711","279398","20220706005000","442","3","彰化縣","線西鄉","120.470","24.130","548"
"22","285400","20220706005000","15","2","臺中市","清水區","120.555","24.270","14"
"295","285401","20220706005000","254","1","臺中市","清水區","120.560","24.270","239"
"2393","285403","20220706005000","2207","1","臺中市","清水區","120.550","24.275","1733"
"684","285405","20220706005000","695","0","臺中市","清水區","120.540","24.275","612"
"173","285406","20220706005000","921","0","臺中市","北屯區","120.665","24.195","201"
"838","285409","20220706005000","631","2","臺中市","北屯區","120.680","24.195","668"
"741","285410","20220706005000","513","2","臺中市","北屯區","120.665","24.200","618"
"521","285412","20220706005000","492","1","臺中市","北屯區","120.675","24.200","467"
"439","285413","20220706005000","446","0","臺中市","北屯區","120.680","24.200","375"
"553","285414","20220706005000","482","1","臺中市","北屯區","120.685","24.200","417"
"42","285415","20220706005000","21","3","臺中市","北屯區","120.665","24.190","69"
"1671","285416","20220706005000","905","3","臺中市","北屯區","120.670","24.190","1293"
"13","285418","20220706005000","837","0","臺中市","沙鹿區","120.560","24.240","13"
"1851","285419","20220706005000","2465","0","臺中市","沙鹿區","120.565","24.240","1449"
"66","285422","20220706005000","69","0","臺中市","沙鹿區","120.565","24.245","45"
"425","285423","20220706005000","645","0","臺中市","沙鹿區","120.570","24.245","368"
"428","285425","20220706005000","442","0","臺中市","沙鹿區","120.560","24.250","358"
"682","285426","20220706005000","353","3","臺中市","沙鹿區","120.565","24.250","487"
"617","285428","20220706005000","464","2","臺中市","沙鹿區","120.565","24.255","455"
"1862","285431","20220706005000","826","3","臺中市","清水區","120.575","24.275","1486"
"1513","285434","20220706005000","1277","1","臺中市","潭子區","120.715","24.205","1056"
"440","285437","20220706005000","342","2","臺中市","潭子區","120.700","24.200","430"
"603","285439","20220706005000","596","1","臺中市","潭子區","120.700","24.205","484"
"694","285440","20220706005000","639","1","臺中市","潭子區","120.700","24.210","573"
"1614","285441","20220706005000","1714","0","臺中市","潭子區","120.705","24.210","1269"
"1447","285442","20220706005000","1350","1","臺中市","潭子區","120.700","24.215","1043"
"125","285443","20220706005000","159","0","臺中市","潭子區","120.710","24.195","138"
"92","285444","20220706005000","84","1","臺中市","潭子區","120.705","24.200","67"
"733","285445","20220706005000","676","1","臺中市","潭子區","120.710","24.200","561"
"1498","285446","20220706005000","1693","0","臺中市","潭子區","120.705","24.205","1297"
"3392","285447","20220706005000","2572","2","臺中市","潭子區","120.710","24.205","2874"
"302","285453","20220706005000","239","2","臺中市","潭子區","120.720","24.195","243"
"379","285454","20220706005000","332","1","臺中市","潭子區","120.725","24.195","310"
"550","285459","20220706005000","483","1","臺中市","潭子區","120.725","24.200","465"
"1137","285460","20220706005000","1129","1","臺中市","潭子區","120.730","24.200","952"
"53","285468","20220706005000","54","0","臺中市","潭子區","120.745","24.210","58"
"4240","285469","20220706005000","3476","2","臺中市","北屯區","120.705","24.190","3350"
"61","285470","20220706005000","71","0","臺中市","北屯區","120.705","24.195","93"
"467","285472","20220706005000","320","2","臺中市","大雅區","120.615","24.235","358"
"694","285473","20220706005000","441","3","臺中市","沙鹿區","120.610","24.240","576"
"85","285474","20220706005000","591","0","臺中市","沙鹿區","120.615","24.240","113"
"20","285488","20220706005000","104","0","臺中市","沙鹿區","120.575","24.240","14"
"418","285500","20220706005000","427","0","臺中市","沙鹿區","120.560","24.225","400"
"1128","285503","20220706005000","1308","0","臺中市","沙鹿區","120.565","24.225","967"
"105","285504","20220706005000","428","0","臺中市","神岡區","120.655","24.250","135"
"10","285505","20220706005000","15","0","臺中市","神岡區","120.660","24.250","12"
"31","285507","20220706005000","27","1","臺中市","神岡區","120.660","24.255","13"
"622","285509","20220706005000","369","3","臺中市","神岡區","120.675","24.260","372"
"726","285515","20220706005000","625","1","臺中市","神岡區","120.680","24.265","521"
"71","285519","20220706005000","824","0","臺中市","神岡區","120.655","24.275","79"
"823","285522","20220706005000","2000","0","臺中市","豐原區","120.705","24.240","767"
"853","285523","20220706005000","718","1","臺中市","豐原區","120.700","24.245","688"
"886","285524","20220706005000","1242","0","臺中市","豐原區","120.705","24.245","758"
"358","285525","20220706005000","286","2","臺中市","龍井區","120.560","24.190","324"
"417","285526","20220706005000","328","2","臺中市","龍井區","120.535","24.195","355"
"45","285527","20220706005000","36","2","臺中市","龍井區","120.540","24.195","44"
"565","285528","20220706005000","531","1","臺中市","龍井區","120.545","24.195","428"
"782","285531","20220706005000","659","1","臺中市","龍井區","120.560","24.195","630"
"698","285533","20220706005000","758","0","臺中市","龍井區","120.545","24.200","535"
"428","285536","20220706005000","378","1","臺中市","龍井區","120.560","24.200","326"
"532","285538","20220706005000","508","1","臺中市","潭子區","120.705","24.215","439"
"58","285539","20220706005000","48","2","臺中市","潭子區","120.700","24.220","72"
"712","285540","20220706005000","748","0","臺中市","潭子區","120.705","24.220","523"
"1350","285541","20220706005000","1396","0","臺中市","潭子區","120.705","24.225","1177"
"419","285542","20220706005000","540","0","臺中市","龍井區","120.590","24.190","365"
"199","285544","20220706005000","157","2","臺中市","西屯區","120.605","24.190","172"
"749","285547","20220706005000","641","1","臺中市","神岡區","120.690","24.265","613"
"187","285549","20220706005000","110","3","臺中市","神岡區","120.685","24.270","139"
"180","285551","20220706005000","104","3","臺中市","神岡區","120.675","24.275","114"
"318","285553","20220706005000","337","0","臺中市","神岡區","120.685","24.275","245"
"347","285559","20220706005000","155","3","臺中市","神岡區","120.690","24.275","250"
"1084","285561","20220706005000","739","2","臺中市","神岡區","120.680","24.240","764"
"558","285565","20220706005000","500","1","臺中市","神岡區","120.680","24.245","423"
"715","285567","20220706005000","621","1","臺中市","神岡區","120.675","24.250","502"
"1367","285568","20220706005000","1384","0","臺中市","神岡區","120.685","24.245","1083"
"49","285569","20220706005000","60","0","臺中市","神岡區","120.680","24.250","36"
"48","285570","20220706005000","455","0","臺中市","神岡區","120.685","24.250","61"
"97","285571","20220706005000","97","1","臺中市","神岡區","120.690","24.250","130"
"298","285573","20220706005000","296","1","臺中市","神岡區","120.685","24.255","247"
"114","285574","20220706005000","110","1","臺中市","神岡區","120.690","24.255","87"
"1963","285581","20220706005000","1650","1","臺中市","沙鹿區","120.555","24.230","1480"
"947","285582","20220706005000","1029","0","臺中市","沙鹿區","120.555","24.235","769"
"122","285584","20220706005000","187","0","臺中市","沙鹿區","120.580","24.250","104"
"271","285593","20220706005000","289","0","臺中市","沙鹿區","120.600","24.255","201"
"445","285599","20220706005000","363","2","臺中市","沙鹿區","120.600","24.260","352"
"308","285602","20220706005000","120","3","臺中市","沙鹿區","120.585","24.265","172"
"528","285607","20220706005000","345","3","臺中市","大雅區","120.655","24.210","360"
"388","285613","20220706005000","498","0","臺中市","大雅區","120.665","24.220","322"
"48","285618","20220706005000","463","0","臺中市","新社區","120.805","24.250","50"
"344","285621","20220706005000","287","1","臺中市","新社區","120.805","24.255","287"
"87","285626","20220706005000","72","2","臺中市","梧棲區","120.515","24.260","87"
"217","285627","20220706005000","131","3","臺中市","梧棲區","120.520","24.260","170"
"65","285630","20220706005000","126","0","臺中市","梧棲區","120.515","24.270","35"
"1135","285634","20220706005000","1300","0","臺中市","梧棲區","120.535","24.255","883"
"961","285635","20220706005000","743","2","臺中市","梧棲區","120.550","24.255","737"
"743","285637","20220706005000","902","0","臺中市","梧棲區","120.560","24.255","614"
"1458","285638","20220706005000","1124","2","臺中市","梧棲區","120.540","24.260","1168"
"569","285642","20220706005000","630","0","臺中市","梧棲區","120.555","24.240","434"
"2041","285644","20220706005000","1413","2","臺中市","梧棲區","120.545","24.245","1557"
"556","285646","20220706005000","1228","0","臺中市","神岡區","120.695","24.245","396"
"645","285648","20220706005000","649","0","臺中市","神岡區","120.695","24.255","518"
"104","285657","20220706005000","72","2","臺中市","梧棲區(海)","120.490","24.255","62"
"18","285659","20220706005000","37","0","臺中市","梧棲區(海)","120.500","24.255","18"
"174","285667","20220706005000","163","1","臺中市","梧棲區(海)","120.500","24.265","149"
"58","285671","20220706005000","70","0","臺中市","梧棲區(海)","120.500","24.270","49"
"34","285677","20220706005000","42","0","臺中市","梧棲區(海)","120.505","24.275","36"
"10","285681","20220706005000","113","0","臺中市","梧棲區","120.525","24.260","21"
"124","285682","20220706005000","103","2","臺中市","梧棲區","120.530","24.260","173"
"418","285683","20220706005000","307","2","臺中市","北屯區","120.790","24.205","320"
"271","285685","20220706005000","245","1","臺中市","新社區","120.805","24.190","212"
"156","285695","20220706005000","165","0","臺中市","新社區","120.815","24.200","120"
"170","285697","20220706005000","150","1","臺中市","新社區","120.805","24.205","129"
"163","285701","20220706005000","145","1","臺中市","新社區","120.805","24.210","125"
"280","285707","20220706005000","298","0","臺中市","新社區","120.800","24.220","221"
"168","285713","20220706005000","124","2","臺中市","新社區","120.795","24.235","122"
"33","285717","20220706005000","350","0","臺中市","新社區","120.795","24.230","42"
"149","285720","20220706005000","107","2","臺中市","新社區","120.780","24.230","142"
"52","285727","20220706005000","443","0","臺中市","新社區","120.785","24.235","54"
"1194","285738","20220706005000","944","2","臺中市","神岡區","120.700","24.250","975"
"652","285742","20220706005000","498","2","臺中市","神岡區","120.645","24.250","447"
"197","285745","20220706005000","158","2","臺中市","神岡區","120.645","24.255","148"
"118","285747","20220706005000","101","1","臺中市","神岡區","120.635","24.260","70"
"664","285750","20220706005000","1429","0","臺中市","豐原區","120.710","24.245","561"
"1371","285752","20220706005000","747","3","臺中市","豐原區","120.720","24.260","1075"
"3408","285754","20220706005000","2918","1","臺中市","豐原區","120.720","24.265","2408"
"434","285758","20220706005000","322","2","臺中市","豐原區","120.715","24.275","340"
"858","285759","20220706005000","294","3","臺中市","豐原區","120.720","24.275","474"
"199","285761","20220706005000","201","0","臺中市","豐原區","120.720","24.280","154"
"1530","285764","20220706005000","1251","2","臺中市","梧棲區","120.545","24.240","1189"
"1115","285765","20220706005000","1251","0","臺中市","梧棲區","120.540","24.245","935"
"277","285766","20220706005000","292","0","臺中市","梧棲區","120.520","24.255","238"
"725","285767","20220706005000","904","0","臺中市","梧棲區","120.525","24.255","519"
"260","285773","20220706005000","197","2","臺中市","新社區","120.810","24.225","178"
"384","285777","20220706005000","389","0","臺中市","新社區","120.805","24.230","281"
"2750","285782","20220706005000","1612","3","臺中市","豐原區","120.725","24.255","2170"
"642","285783","20220706005000","713","0","臺中市","豐原區","120.705","24.250","522"
"705","285785","20220706005000","566","2","臺中市","豐原區","120.720","24.240","517"
"1493","285787","20220706005000","1525","0","臺中市","豐原區","120.715","24.235","1114"
"1879","285788","20220706005000","1521","2","臺中市","豐原區","120.720","24.235","1521"
"858","285789","20220706005000","777","1","臺中市","豐原區","120.725","24.235","691"
"3247","285791","20220706005000","1796","3","臺中市","豐原區","120.715","24.245","2400"
"145","285792","20220706005000","135","1","臺中市","豐原區","120.710","24.240","103"
"65","285793","20220706005000","74","0","臺中市","豐原區","120.725","24.250","72"
"608","285796","20220706005000","376","3","臺中市","豐原區","120.740","24.240","488"
"628","285799","20220706005000","1114","0","臺中市","豐原區","120.730","24.245","552"
"889","285800","20220706005000","605","2","臺中市","豐原區","120.735","24.245","757"
"1147","285803","20220706005000","628","3","臺中市","豐原區","120.730","24.250","847"
"1079","285804","20220706005000","684","3","臺中市","豐原區","120.735","24.250","790"
"1113","285805","20220706005000","947","1","臺中市","豐原區","120.740","24.250","856"
"30","285806","20220706005000","716","0","臺中市","龍井區","120.525","24.210","41"
"288","285812","20220706005000","373","0","臺中市","龍井區","120.515","24.215","222"
"506","285819","20220706005000","338","2","臺中市","龍井區","120.510","24.220","278"
"626","285821","20220706005000","351","3","臺中市","龍井區","120.520","24.220","357"
"2280","285822","20220706005000","1075","3","臺中市","龍井區","120.525","24.220","1363"
"715","285849","20220706005000","853","0","臺中市","新社區","120.805","24.240","602"
"310","285852","20220706005000","146","3","臺中市","新社區","120.820","24.205","226"
"64","285856","20220706005000","44","2","臺中市","北屯區","120.780","24.210","55"
"20","285859","20220706005000","156","0","臺中市","新社區","120.795","24.210","20"
"579","285862","20220706005000","331","3","臺中市","新社區","120.780","24.215","410"
"292","285867","20220706005000","226","2","臺中市","新社區","120.775","24.220","216"
"130","285871","20220706005000","113","1","臺中市","新社區","120.775","24.225","102"
"127","285886","20220706005000","75","3","臺中市","梧棲區","120.515","24.225","105"
"157","285894","20220706005000","158","0","臺中市","清水區","120.635","24.265","112"
"720","285910","20220706005000","810","0","臺中市","梧棲區","120.535","24.250","557"
"41","285912","20220706005000","478","0","臺中市","梧棲區","120.545","24.250","58"
"532","285914","20220706005000","493","1","臺中市","梧棲區","120.540","24.255","367"
"329","285916","20220706005000","282","1","臺中市","豐原區","120.700","24.230","246"
"365","285918","20220706005000","382","0","臺中市","豐原區","120.705","24.235","270"
"298","285919","20220706005000","221","2","臺中市","豐原區","120.700","24.235","254"
"429","285920","20220706005000","420","1","臺中市","豐原區","120.700","24.240","361"
"54","285921","20220706005000","43","2","臺中市","豐原區","120.760","24.235","40"
"39","285923","20220706005000","48","0","臺中市","豐原區","120.755","24.240","30"
"22","285925","20220706005000","20","1","臺中市","豐原區","120.765","24.240","19"
"77","285927","20220706005000","83","0","臺中市","豐原區","120.750","24.245","52"
"499","285933","20220706005000","388","2","臺中市","豐原區","120.745","24.250","398"
"89","285937","20220706005000","67","2","臺中市","豐原區","120.765","24.250","60"
"14","285943","20220706005000","14","1","臺中市","豐原區","120.765","24.255","14"
"236","285948","20220706005000","151","3","臺中市","石岡區","120.770","24.260","175"
"49","285949","20220706005000","51","0","臺中市","豐原區","120.760","24.265","36"
"136","285953","20220706005000","82","3","臺中市","石岡區","120.765","24.270","115"
"1119","285954","20220706005000","766","2","臺中市","豐原區","120.730","24.255","965"
"322","285955","20220706005000","415","0","臺中市","豐原區","120.735","24.255","273"
"1254","285956","20220706005000","1017","2","臺中市","豐原區","120.745","24.255","968"
"648","285957","20220706005000","282","3","臺中市","豐原區","120.740","24.260","434"
"487","285958","20220706005000","300","3","臺中市","豐原區","120.745","24.260","387"
"35","285959","20220706005000","362","0","臺中市","豐原區","120.750","24.260","39"
"219","285960","20220706005000","225","0","臺中市","豐原區","120.755","24.265","152"
"2642","285962","20220706005000","2646","0","臺中市","豐原區","120.725","24.240","2179"
"1520","285963","20220706005000","1844","0","臺中市","豐原區","120.730","24.240","1237"
"37","285964","20220706005000","63","0","臺中市","龍井區","120.580","24.190","42"
"76","285965","20220706005000","66","1","臺中市","龍井區","120.585","24.190","77"
"36","285980","20220706005000","512","0","臺中市","沙鹿區","120.570","24.225","40"
"2357","285981","20220706005000","2235","1","臺中市","沙鹿區","120.570","24.230","1835"
"609","285983","20220706005000","1372","0","臺中市","沙鹿區","120.565","24.215","514"
"1895","285984","20220706005000","1751","1","臺中市","沙鹿區","120.555","24.220","1451"
"279","285985","20220706005000","265","1","臺中市","沙鹿區","120.560","24.220","270"
"677","285990","20220706005000","443","3","臺中市","沙鹿區","120.575","24.200","573"
"2017","285991","20220706005000","1559","2","臺中市","沙鹿區","120.580","24.200","1690"
"563","285994","20220706005000","523","1","臺中市","沙鹿區","120.570","24.205","431"
"630","285999","20220706005000","698","0","臺中市","沙鹿區","120.575","24.210","537"
"149","286001","20220706005000","134","1","臺中市","沙鹿區","120.560","24.235","111"
"635","286002","20220706005000","572","1","臺中市","豐原區","120.710","24.250","434"
"2396","286003","20220706005000","1932","2","臺中市","豐原區","120.715","24.250","1945"
"460","286005","20220706005000","503","0","臺中市","豐原區","120.725","24.225","349"
"387","286006","20220706005000","344","1","臺中市","豐原區","120.730","24.225","282"
"603","286008","20220706005000","460","2","臺中市","豐原區","120.725","24.230","463"
"260","286010","20220706005000","240","1","臺中市","豐原區","120.735","24.230","183"
"523","286012","20220706005000","495","1","臺中市","豐原區","120.730","24.230","423"
"1123","286014","20220706005000","974","1","臺中市","北屯區","120.660","24.190","880"
"1876","286023","20220706005000","670","3","臺中市","龍井區","120.520","24.205","1014"
"890","286024","20220706005000","217","3","臺中市","龍井區","120.525","24.205","519"
"966","286027","20220706005000","370","3","臺中市","龍井區","120.505","24.210","493"
"152","286031","20220706005000","102","2","臺中市","龍井區","120.545","24.205","134"
"1434","286036","20220706005000","1464","0","臺中市","龍井區","120.550","24.210","1293"
"480","286039","20220706005000","419","1","臺中市","龍井區","120.545","24.215","366"
"406","286043","20220706005000","226","3","臺中市","東勢區","120.830","24.235","298"
"523","286047","20220706005000","393","2","臺中市","東勢區","120.830","24.240","400"
"1004","286051","20220706005000","1359","0","臺中市","東勢區","120.830","24.245","784"
"250","286052","20220706005000","193","2","臺中市","東勢區","120.835","24.245","189"
"714","286053","20220706005000","622","1","臺中市","東勢區","120.840","24.245","504"
"722","286054","20220706005000","670","1","臺中市","東勢區","120.825","24.255","542"
"67","286060","20220706005000","65","1","臺中市","東勢區","120.845","24.275","59"
"173","286071","20220706005000","136","2","臺中市","清水區","120.580","24.270","127"
"2038","286072","20220706005000","1388","2","臺中市","北屯區","120.685","24.185","1397"
"44","286075","20220706005000","297","0","臺中市","北屯區","120.690","24.195","76"
"1697","286078","20220706005000","1376","2","臺中市","豐原區","120.720","24.250","1298"
"3296","286079","20220706005000","3364","0","臺中市","梧棲區","120.535","24.260","2503"
"505","286081","20220706005000","574","0","臺中市","梧棲區","120.530","24.265","431"
"926","286084","20220706005000","924","1","臺中市","梧棲區","120.530","24.270","736"
"792","286088","20220706005000","727","1","臺中市","沙鹿區","120.565","24.200","628"
"423","286090","20220706005000","278","3","臺中市","沙鹿區","120.560","24.205","387"
"28","286091","20220706005000","566","0","臺中市","沙鹿區","120.565","24.205","34"
"59","286092","20220706005000","601","0","臺中市","沙鹿區","120.555","24.210","86"
"21","286093","20220706005000","311","0","臺中市","沙鹿區","120.560","24.210","30"
"297","286094","20220706005000","248","1","臺中市","沙鹿區","120.565","24.210","225"
"127","286095","20220706005000","139","0","臺中市","沙鹿區","120.555","24.215","93"
"302","286097","20220706005000","226","2","臺中市","沙鹿區","120.605","24.240","215"
"377","286098","20220706005000","380","0","臺中市","沙鹿區","120.605","24.245","316"
"736","286099","20220706005000","515","2","臺中市","沙鹿區","120.610","24.245","540"
"397","286100","20220706005000","241","3","臺中市","沙鹿區","120.600","24.250","315"
"304","286105","20220706005000","291","1","臺中市","北屯區","120.685","24.195","216"
"307","286108","20220706005000","296","1","臺中市","北屯區","120.750","24.190","254"
"10","286112","20220706005000","87","0","臺中市","北屯區","120.745","24.195","10"
"151","286113","20220706005000","118","2","臺中市","北屯區","120.750","24.195","112"
"13","286116","20220706005000","55","0","臺中市","北屯區","120.765","24.195","12"
"38","286118","20220706005000","37","1","臺中市","北屯區","120.745","24.200","28"
"36","286121","20220706005000","39","0","臺中市","北屯區","120.760","24.200","32"
"1581","286135","20220706005000","958","3","臺中市","北屯區","120.680","24.190","1025"
"801","286137","20220706005000","695","1","臺中市","清水區","120.545","24.265","713"
"817","286140","20220706005000","865","0","臺中市","清水區","120.545","24.270","679"
"643","286141","20220706005000","596","1","臺中市","清水區","120.550","24.270","507"
"1389","286147","20220706005000","2124","0","臺中市","潭子區","120.710","24.215","1196"
"28","286149","20220706005000","339","0","臺中市","潭子區","120.710","24.220","27"
"10","286151","20220706005000","11","0","臺中市","潭子區","120.715","24.225","10"
"575","286153","20220706005000","539","1","臺中市","豐原區","120.720","24.230","444"
"420","286156","20220706005000","398","1","臺中市","潭子區","120.680","24.225","358"
"826","286159","20220706005000","660","2","臺中市","潭子區","120.685","24.230","712"
"1726","286161","20220706005000","1356","2","臺中市","潭子區","120.690","24.225","1386"
"331","286162","20220706005000","313","1","臺中市","潭子區","120.695","24.225","334"
"401","286167","20220706005000","401","1","臺中市","梧棲區","120.525","24.225","272"
"274","286169","20220706005000","306","0","臺中市","梧棲區","120.510","24.230","201"
"102","286173","20220706005000","99","1","臺中市","梧棲區","120.505","24.235","93"
"22","286175","20220706005000","25","0","臺中市","梧棲區","120.515","24.235","23"
"931","286177","20220706005000","1239","0","臺中市","梧棲區","120.525","24.235","732"
"12","286179","20220706005000","16","0","臺中市","梧棲區","120.505","24.240","27"
"173","286180","20220706005000","200","0","臺中市","梧棲區","120.510","24.240","109"
"97","286181","20220706005000","109","0","臺中市","梧棲區","120.515","24.240","88"
"873","286183","20220706005000","532","3","臺中市","梧棲區","120.525","24.240","704"
"64","286186","20220706005000","52","2","臺中市","梧棲區","120.510","24.245","46"
"182","286187","20220706005000","261","0","臺中市","梧棲區","120.515","24.245","172"
"961","286190","20220706005000","1256","0","臺中市","梧棲區","120.530","24.245","777"
"229","286195","20220706005000","207","1","臺中市","梧棲區","120.525","24.250","253"
"13","286196","20220706005000","57","0","臺中市","梧棲區","120.530","24.250","13"
"144","286199","20220706005000","250","0","臺中市","沙鹿區","120.580","24.220","129"
"1477","286203","20220706005000","1979","0","臺中市","沙鹿區","120.575","24.225","1244"
"538","286204","20220706005000","935","0","臺中市","沙鹿區","120.580","24.225","460"
"380","286205","20220706005000","717","0","臺中市","沙鹿區","120.585","24.225","315"
"407","286208","20220706005000","493","0","臺中市","沙鹿區","120.575","24.230","310"
"27","286209","20220706005000","566","0","臺中市","沙鹿區","120.580","24.230","23"
"73","286215","20220706005000","754","0","臺中市","沙鹿區","120.550","24.225","94"
"22","286221","20220706005000","15","2","臺中市","北屯區","120.770","24.195","15"
"24","286224","20220706005000","240","0","臺中市","北屯區","120.780","24.195","24"
"34","286235","20220706005000","28","2","臺中市","北屯區","120.770","24.205","30"
"927","286244","20220706005000","1373","0","臺中市","大雅區","120.650","24.225","781"
"144","286246","20220706005000","103","2","臺中市","大雅區","120.605","24.225","119"
"156","286248","20220706005000","116","2","臺中市","大雅區","120.615","24.225","119"
"467","286260","20220706005000","363","2","臺中市","大雅區","120.620","24.235","348"
"1508","286262","20220706005000","1121","2","臺中市","大雅區","120.645","24.215","1175"
"491","286263","20220706005000","362","2","臺中市","大雅區","120.645","24.220","290"
"878","286264","20220706005000","743","1","臺中市","大雅區","120.645","24.225","679"
"485","286266","20220706005000","283","3","臺中市","大雅區","120.635","24.205","358"
"31","286267","20220706005000","283","0","臺中市","大雅區","120.640","24.205","39"
"2077","286269","20220706005000","1398","2","臺中市","大雅區","120.615","24.210","1839"
"423","286270","20220706005000","284","2","臺中市","大雅區","120.620","24.210","340"
"738","286272","20220706005000","653","1","臺中市","大雅區","120.630","24.210","543"
"349","286273","20220706005000","266","2","臺中市","大雅區","120.635","24.210","251"
"184","286276","20220706005000","192","0","臺中市","大雅區","120.605","24.215","171"
"583","286279","20220706005000","745","0","臺中市","大雅區","120.620","24.215","534"
"812","286281","20220706005000","593","2","臺中市","大雅區","120.635","24.215","618"
"89","286282","20220706005000","75","1","臺中市","大雅區","120.600","24.220","76"
"81","286284","20220706005000","90","0","臺中市","大雅區","120.610","24.220","52"
"266","286285","20220706005000","139","3","臺中市","大雅區","120.615","24.220","213"
"700","286287","20220706005000","415","3","臺中市","大雅區","120.640","24.220","567"
"222","286288","20220706005000","173","2","臺中市","大雅區","120.630","24.215","156"
"47","286289","20220706005000","71","0","臺中市","大雅區","120.625","24.220","43"
"687","286292","20220706005000","554","2","臺中市","大雅區","120.625","24.225","547"
"1250","286293","20220706005000","1037","2","臺中市","大雅區","120.630","24.225","985"
"497","286296","20220706005000","338","2","臺中市","大雅區","120.620","24.230","447"
"259","286300","20220706005000","170","3","臺中市","大雅區","120.625","24.230","192"
"562","286302","20220706005000","447","2","臺中市","潭子區","120.670","24.205","400"
"121","286305","20220706005000","97","2","臺中市","大雅區","120.670","24.215","159"
"474","286306","20220706005000","289","3","臺中市","大雅區","120.675","24.215","376"
"729","286307","20220706005000","786","0","臺中市","大雅區","120.670","24.220","656"
"657","286318","20220706005000","416","3","臺中市","東勢區","120.835","24.220","450"
"233","286323","20220706005000","190","2","臺中市","東勢區","120.820","24.275","166"
"378","286344","20220706005000","370","1","臺中市","東勢區","120.850","24.260","298"
"191","286375","20220706005000","155","2","臺中市","沙鹿區","120.590","24.230","137"
"505","286377","20220706005000","644","0","臺中市","沙鹿區","120.565","24.235","381"
"2638","286384","20220706005000","2997","0","臺中市","沙鹿區","120.570","24.240","2148"
"558","286386","20220706005000","801","0","臺中市","東勢區","120.830","24.255","453"
"474","286388","20220706005000","695","0","臺中市","東勢區","120.825","24.250","373"
"430","286389","20220706005000","398","1","臺中市","梧棲區","120.530","24.230","316"
"751","286392","20220706005000","806","0","臺中市","梧棲區","120.545","24.230","562"
"1122","286398","20220706005000","1111","1","臺中市","豐原區","120.715","24.255","826"
"127","286399","20220706005000","1212","0","臺中市","豐原區","120.720","24.255","151"
"2344","286400","20220706005000","654","3","臺中市","豐原區","120.735","24.270","1394"
"109","286406","20220706005000","340","0","臺中市","豐原區","120.745","24.275","64"
"501","286408","20220706005000","320","3","臺中市","豐原區","120.755","24.275","374"
"677","286413","20220706005000","618","1","臺中市","東勢區","120.760","24.280","525"
"329","286418","20220706005000","141","3","臺中市","豐原區","120.725","24.275","189"
"600","286422","20220706005000","131","3","臺中市","豐原區","120.735","24.280","289"
"194","286436","20220706005000","149","2","臺中市","豐原區","120.760","24.230","130"
"201","286446","20220706005000","163","2","臺中市","豐原區","120.740","24.235","140"
"226","286447","20220706005000","138","3","臺中市","豐原區","120.745","24.235","183"
"185","286461","20220706005000","1518","0","臺中市","龍井區","120.520","24.195","238"
"1123","286465","20220706005000","358","3","臺中市","龍井區","120.500","24.200","497"
"565","286475","20220706005000","214","3","臺中市","龍井區","120.510","24.200","273"
"82","286482","20220706005000","298","0","臺中市","龍井區","120.515","24.205","112"
"358","286485","20220706005000","183","3","臺中市","石岡區","120.770","24.280","273"
"1048","286486","20220706005000","937","1","臺中市","石岡區","120.775","24.275","824"
"595","286489","20220706005000","588","1","臺中市","石岡區","120.795","24.270","457"
"111","286497","20220706005000","69","3","臺中市","石岡區","120.775","24.255","82"
"29","286500","20220706005000","20","2","臺中市","石岡區","120.775","24.260","15"
"191","286510","20220706005000","172","1","臺中市","石岡區","120.770","24.275","159"
"189","286511","20220706005000","110","3","臺中市","新社區","120.795","24.245","114"
"11","286515","20220706005000","77","0","臺中市","石岡區","120.790","24.255","10"
"285","286517","20220706005000","200","2","臺中市","石岡區","120.785","24.260","223"
"435","286522","20220706005000","366","1","臺中市","潭子區","120.695","24.230","377"
"629","286525","20220706005000","434","2","臺中市","神岡區","120.695","24.235","427"
"484","286526","20220706005000","360","2","臺中市","神岡區","120.690","24.240","333"
"64","286528","20220706005000","443","0","臺中市","豐原區","120.740","24.265","79"
"2616","286530","20220706005000","2453","1","臺中市","清水區","120.570","24.265","2042"
"417","286531","20220706005000","337","2","臺中市","清水區","120.570","24.270","336"
"677","286535","20220706005000","478","2","臺中市","清水區","120.630","24.275","490"
"140","286541","20220706005000","119","1","臺中市","清水區","120.565","24.275","207"
"217","286544","20220706005000","129","3","臺中市","西屯區","120.640","24.190","197"
"348","286547","20220706005000","374","0","臺中市","西屯區","120.645","24.195","274"
"606","286549","20220706005000","329","3","臺中市","西屯區","120.645","24.200","518"
"49","286550","20220706005000","337","0","臺中市","西屯區","120.650","24.200","51"
"14","286551","20220706005000","37","0","臺中市","西屯區","120.650","24.205","16"
"44","286554","20220706005000","490","0","臺中市","神岡區","120.670","24.255","66"
"1009","286555","20220706005000","848","1","臺中市","神岡區","120.675","24.255","751"
"1556","286556","20220706005000","726","3","臺中市","神岡區","120.665","24.260","1072"
"19","286558","20220706005000","149","0","臺中市","神岡區","120.655","24.265","21"
"434","286561","20220706005000","285","3","臺中市","神岡區","120.665","24.270","312"
"124","286563","20220706005000","45","3","臺中市","神岡區","120.665","24.275","88"
"277","286566","20220706005000","366","0","臺中市","神岡區","120.645","24.265","292"
"63","286569","20220706005000","103","0","臺中市","神岡區","120.650","24.270","34"
"615","286570","20220706005000","366","3","臺中市","神岡區","120.655","24.270","506"
"36","286572","20220706005000","495","0","臺中市","神岡區","120.650","24.275","52"
"644","286574","20220706005000","476","2","臺中市","神岡區","120.660","24.275","507"
"140","286598","20220706005000","81","3","臺中市","和平區","120.895","24.230","110"
"30","286652","20220706005000","28","1","臺中市","和平區","120.905","24.240","26"
"118","286658","20220706005000","97","2","臺中市","和平區","120.935","24.240","78"
"96","286690","20220706005000","69","2","臺中市","和平區","120.900","24.250","86"
"66","286794","20220706005000","44","3","臺中市","和平區","121.015","24.195","49"
"173","286822","20220706005000","132","2","臺中市","和平區","121.005","24.200","120"
"174","286823","20220706005000","246","0","臺中市","和平區","121.010","24.200","141"
"151","286853","20220706005000","190","0","臺中市","和平區","121.015","24.205","82"
"25","286950","20220706005000","15","3","臺中市","和平區","120.965","24.225","25"
"117","287119","20220706005000","80","2","臺中市","和平區","121.010","24.255","94"
"30","287154","20220706005000","19","3","臺中市","和平區","121.000","24.265","17"
"27","287173","20220706005000","17","3","臺中市","和平區","121.015","24.270","18"
"171","287678","20220706005000","166","1","臺中市","和平區","121.245","24.245","134"
"200","287725","20220706005000","118","3","臺中市","和平區","121.245","24.250","156"
"175","287726","20220706005000","161","1","臺中市","和平區","121.250","24.250","128"
"28","287756","20220706005000","33","0","臺中市","和平區","121.165","24.255","25"
"19","287766","20220706005000","27","0","臺中市","和平區","121.215","24.255","17"
"236","287770","20220706005000","160","2","臺中市","和平區","121.235","24.255","193"
"251","287774","20220706005000","228","1","臺中市","和平區","121.255","24.255","194"
"178","287776","20220706005000","139","2","臺中市","和平區","121.265","24.255","135"
"13","287809","20220706005000","11","1","臺中市","和平區","121.190","24.260","10"
"496","287823","20220706005000","391","2","臺中市","和平區","121.260","24.260","399"
"56","288103","20220706005000","37","3","臺中市","和平區","120.890","24.275","43"
"10","288133","20220706005000","14","0","臺中市","和平區","120.945","24.280","11"
"14","288159","20220706005000","21","0","臺中市","和平區","121.025","24.280","16"
"839","288160","20220706005000","864","0","臺中市","清水區","120.555","24.260","669"
"823","288161","20220706005000","792","1","臺中市","清水區","120.560","24.260","659"
"1338","288163","20220706005000","1127","1","臺中市","清水區","120.550","24.265","1045"
"584","288166","20220706005000","1232","0","臺中市","清水區","120.565","24.265","504"
"1476","288169","20220706005000","1024","2","臺中市","清水區","120.560","24.275","1196"
"344","288179","20220706005000","341","1","臺中市","清水區","120.605","24.275","308"
"99","288182","20220706005000","130","0","臺中市","清水區","120.600","24.275","78"
"98","288184","20220706005000","78","2","臺中市","清水區","120.610","24.275","86"
"145","288192","20220706005000","142","1","臺中市","潭子區","120.725","24.215","127"
"296","288194","20220706005000","265","1","臺中市","潭子區","120.735","24.215","234"
"530","288198","20220706005000","479","1","臺中市","潭子區","120.720","24.220","374"
"1629","288207","20220706005000","1366","1","臺中市","潭子區","120.680","24.205","1207"
"48","288208","20220706005000","49","0","臺中市","潭子區","120.685","24.205","57"
"592","288209","20220706005000","503","1","臺中市","北屯區","120.690","24.205","473"
"170","288212","20220706005000","92","3","臺中市","潭子區","120.690","24.210","115"
"764","288215","20220706005000","687","1","臺中市","潭子區","120.685","24.215","595"
"1268","288216","20220706005000","1336","0","臺中市","潭子區","120.690","24.215","1089"
"484","288219","20220706005000","439","1","臺中市","潭子區","120.690","24.220","366"
"1686","288223","20220706005000","1418","1","臺中市","潭子區","120.710","24.230","1390"
"224","288224","20220706005000","276","0","臺中市","豐原區","120.715","24.230","236"
"892","288225","20220706005000","656","2","臺中市","潭子區","120.705","24.230","753"
"2551","288228","20220706005000","1394","3","臺中市","神岡區","120.660","24.260","1633"
"1016","288232","20220706005000","916","1","臺中市","神岡區","120.700","24.265","813"
"1289","288240","20220706005000","1193","1","臺中市","神岡區","120.710","24.255","1018"
"680","288242","20220706005000","472","2","臺中市","神岡區","120.705","24.260","505"
"146","288243","20220706005000","1275","0","臺中市","神岡區","120.710","24.260","166"
"695","288247","20220706005000","604","1","臺中市","神岡區","120.705","24.275","524"
"482","288250","20220706005000","413","1","臺中市","神岡區","120.710","24.275","398"
"117","288252","20220706005000","119","0","臺中市","西屯區","120.605","24.195","134"
"114","288253","20220706005000","156","0","臺中市","西屯區","120.610","24.195","103"
"31","288259","20220706005000","31","1","臺中市","西屯區","120.600","24.200","33"
"47","288260","20220706005000","34","2","臺中市","西屯區","120.605","24.200","33"
"20","288261","20220706005000","34","0","臺中市","西屯區","120.610","24.200","15"
"794","288262","20220706005000","724","1","臺中市","西屯區","120.615","24.200","680"
"759","288264","20220706005000","455","3","臺中市","西屯區","120.625","24.200","535"
"509","288265","20220706005000","457","1","臺中市","西屯區","120.630","24.200","448"
"32","288267","20220706005000","20","3","臺中市","西屯區","120.595","24.205","30"
"885","288268","20220706005000","541","3","臺中市","西屯區","120.600","24.205","575"
"217","288269","20220706005000","246","0","臺中市","西屯區","120.605","24.205","181"
"188","288270","20220706005000","169","1","臺中市","西屯區","120.610","24.205","152"
"652","288271","20220706005000","634","1","臺中市","西屯區","120.615","24.205","571"
"772","288272","20220706005000","762","1","臺中市","西屯區","120.620","24.205","667"
"131","288276","20220706005000","131","1","臺中市","西屯區","120.605","24.210","124"
"1440","288277","20220706005000","1416","1","臺中市","西屯區","120.610","24.210","1182"
"4036","288279","20220706005000","3791","1","臺中市","西屯區","120.610","24.190","3351"
"267","288281","20220706005000","163","3","臺中市","西屯區","120.625","24.190","201"
"128","288284","20220706005000","30","3","臺中市","西屯區","120.595","24.195","88"
"147","288287","20220706005000","76","3","臺中市","西屯區","120.655","24.190","110"
"612","288289","20220706005000","412","2","臺中市","西屯區","120.655","24.195","510"
"1305","288290","20220706005000","1192","1","臺中市","西屯區","120.660","24.195","1082"
"492","288291","20220706005000","297","3","臺中市","西屯區","120.655","24.200","387"
"235","288294","20220706005000","197","1","臺中市","西屯區","120.660","24.205","190"
"496","288298","20220706005000","459","1","臺中市","東勢區","120.850","24.240","428"
"293","288299","20220706005000","195","3","臺中市","東勢區","120.845","24.245","239"
"364","288302","20220706005000","562","0","臺中市","東勢區","120.825","24.260","306"
"1083","288304","20220706005000","939","1","臺中市","東勢區","120.825","24.265","892"
"258","288312","20220706005000","177","2","臺中市","東勢區","120.835","24.230","193"
"39","288317","20220706005000","339","0","臺中市","東勢區","120.840","24.235","37"
"76","288339","20220706005000","32","3","臺中市","東勢區","120.875","24.215","43"
"58","288351","20220706005000","39","2","臺中市","東勢區","120.895","24.220","49"
"10","288365","20220706005000","117","0","臺中市","東勢區","120.880","24.230","14"
"124","288382","20220706005000","102","2","臺中市","東勢區","120.865","24.240","110"
"761","288395","20220706005000","523","2","臺中市","沙鹿區","120.560","24.230","616"
"1352","288396","20220706005000","1282","1","臺中市","潭子區","120.710","24.235","968"
"253","288397","20220706005000","1380","0","臺中市","豐原區","120.715","24.240","317"
"841","288401","20220706005000","1125","0","臺中市","清水區","120.570","24.260","714"
"14","288402","20220706005000","81","0","臺中市","清水區","120.575","24.270","19"
"1874","288403","20220706005000","2040","0","臺中市","清水區","120.580","24.275","1475"
"311","288407","20220706005000","1319","0","臺中市","潭子區","120.700","24.190","390"
"105","288459","20220706005000","79","2","花蓮縣","秀林鄉","121.715","24.245","83"
"108","288610","20220706005000","44","3","花蓮縣","秀林鄉","121.740","24.260","82"
"36","288819","20220706005000","41","0","花蓮縣","秀林鄉","121.485","24.190","29"
"31","288993","20220706005000","35","0","花蓮縣","秀林鄉","121.480","24.205","42"
"38","289039","20220706005000","17","3","花蓮縣","秀林鄉","121.450","24.210","18"
"1253","289851","20220706005000","1519","0","臺中市","大雅區","120.650","24.220","1058"
"668","289852","20220706005000","1088","0","臺中市","大雅區","120.655","24.220","531"
"440","289853","20220706005000","317","2","臺中市","大雅區","120.660","24.220","404"
"3811","289854","20220706005000","2994","2","臺中市","大雅區","120.655","24.225","2994"
"147","289855","20220706005000","113","2","臺中市","大雅區","120.660","24.225","82"
"968","289860","20220706005000","985","0","臺中市","大雅區","120.635","24.235","775"
"1390","289863","20220706005000","1104","2","臺中市","大雅區","120.630","24.240","1070"
"302","289868","20220706005000","281","1","臺中市","大雅區","120.635","24.245","213"
"31","289874","20220706005000","28","1","臺中市","大雅區","120.635","24.255","21"
"2102","289875","20220706005000","1423","2","臺中市","大雅區","120.645","24.230","1576"
"879","289879","20220706005000","745","1","臺中市","大雅區","120.655","24.230","743"
"707","289882","20220706005000","576","2","臺中市","大雅區","120.655","24.235","462"
"319","289884","20220706005000","196","3","臺中市","大雅區","120.645","24.240","233"
"992","289886","20220706005000","741","2","臺中市","大雅區","120.655","24.240","786"
"286","289893","20220706005000","301","0","臺中市","豐原區","120.735","24.260","210"
"1056","289895","20220706005000","523","3","臺中市","豐原區","120.750","24.265","831"
"456","289898","20220706005000","329","2","臺中市","豐原區","120.735","24.265","314"
"158","289907","20220706005000","129","2","臺中市","新社區","120.815","24.240","107"
"45","289909","20220706005000","503","0","臺中市","豐原區","120.720","24.245","52"
"1179","289910","20220706005000","1013","1","臺中市","豐原區","120.725","24.245","872"
"499","289912","20220706005000","475","1","臺中市","大雅區","120.670","24.225","368"
"716","289916","20220706005000","1385","0","臺中市","大雅區","120.650","24.230","593"
"39","289918","20220706005000","266","0","臺中市","大雅區","120.645","24.210","30"
"842","289919","20220706005000","749","1","臺中市","大雅區","120.650","24.210","635"
"325","289920","20220706005000","450","0","臺中市","大雅區","120.650","24.215","201"
"1255","289921","20220706005000","1001","2","臺中市","大雅區","120.660","24.230","898"
"628","289922","20220706005000","634","0","臺中市","大雅區","120.665","24.230","508"
"1735","289923","20220706005000","1719","1","臺中市","大雅區","120.670","24.230","1345"
"510","289927","20220706005000","576","0","臺中市","大雅區","120.675","24.240","417"
"1093","289928","20220706005000","808","2","臺中市","東勢區","120.830","24.250","803"
"731","289929","20220706005000","678","1","臺中市","東勢區","120.835","24.250","582"
"679","289937","20220706005000","541","2","臺中市","石岡區","120.785","24.275","547"
"735","289944","20220706005000","586","2","臺中市","石岡區","120.815","24.260","577"
"76","289946","20220706005000","246","0","臺中市","石岡區","120.805","24.265","78"
"28","289955","20220706005000","286","0","臺中市","石岡區","120.795","24.275","30"
"793","289964","20220706005000","209","3","臺中市","龍井區","120.480","24.210","511"
"182","289976","20220706005000","105","3","臺中市","龍井區","120.485","24.220","128"
"134","289982","20220706005000","115","1","臺中市","龍井區","120.490","24.225","100"
"406","289983","20220706005000","291","2","臺中市","龍井區","120.495","24.225","304"
"65","289992","20220706005000","79","0","臺中市","龍井區","120.490","24.230","85"
"801","289996","20220706005000","939","0","臺中市","沙鹿區","120.580","24.210","615"
"110","289999","20220706005000","1184","0","臺中市","沙鹿區","120.575","24.215","156"
"391","290000","20220706005000","549","0","臺中市","沙鹿區","120.580","24.215","291"
"198","290001","20220706005000","227","0","臺中市","沙鹿區","120.585","24.215","213"
"1297","290004","20220706005000","1072","2","臺中市","沙鹿區","120.570","24.220","1054"
"471","290005","20220706005000","391","2","臺中市","沙鹿區","120.575","24.220","323"
"46","290008","20220706005000","38","2","臺中市","東勢區","120.840","24.190","30"
"75","290010","20220706005000","74","1","臺中市","東勢區","120.835","24.195","57"
"429","290015","20220706005000","297","2","臺中市","東勢區","120.840","24.200","344"
"170","290025","20220706005000","175","0","臺中市","東勢區","120.840","24.210","137"
"15","290037","20220706005000","338","0","臺中市","東勢區","120.850","24.195","18"
"765","290046","20220706005000","851","0","臺中市","龍井區","120.545","24.190","587"
"183","290051","20220706005000","177","1","臺中市","潭子區","120.695","24.195","212"
"2222","290052","20220706005000","1851","2","臺中市","潭子區","120.700","24.195","1688"
"79","290182","20220706005000","90","0","南投縣","仁愛鄉","121.260","24.230","63"
"111","290292","20220706005000","118","0","南投縣","仁愛鄉","121.220","24.190","89"
"183","290293","20220706005000","107","3","南投縣","仁愛鄉","121.225","24.190","145"
"42","296900","20220706005000","46","0","宜蘭縣","南澳鄉","121.750","24.320","36"
"341","296924","20220706005000","187","3","宜蘭縣","南澳鄉","121.745","24.330","255"
"10","296946","20220706005000","16","0","宜蘭縣","南澳鄉","121.770","24.335","10"
"730","297399","20220706005000","479","3","臺中市","清水區","120.580","24.280","510"
"1362","297407","20220706005000","1381","0","臺中市","外埔區","120.620","24.335","1128"
"212","297413","20220706005000","130","3","臺中市","神岡區","120.650","24.280","156"
"381","297416","20220706005000","191","3","臺中市","神岡區","120.640","24.285","306"
"76","297422","20220706005000","63","2","臺中市","神岡區","120.640","24.290","61"
"210","297424","20220706005000","128","3","臺中市","神岡區","120.650","24.290","139"
"134","297433","20220706005000","1198","0","臺中市","大甲區","120.620","24.345","191"
"234","297434","20220706005000","195","2","臺中市","梧棲區(海)","120.510","24.280","160"
"37","297444","20220706005000","12","3","臺中市","清水區","120.620","24.285","23"
"96","297446","20220706005000","66","2","臺中市","大甲區","120.640","24.345","138"
"1151","297450","20220706005000","1105","1","臺中市","大甲區","120.630","24.355","898"
"522","297453","20220706005000","564","0","臺中市","大甲區","120.645","24.355","408"
"30","297457","20220706005000","42","0","臺中市","大甲區","120.650","24.360","21"
"41","297458","20220706005000","335","0","臺中市","大甲區","120.640","24.365","54"
"105","297462","20220706005000","156","0","臺中市","東勢區","120.795","24.295","103"
"132","297485","20220706005000","104","2","臺中市","東勢區","120.785","24.310","100"
"276","297494","20220706005000","271","1","臺中市","東勢區","120.780","24.315","224"
"100","297510","20220706005000","118","0","臺中市","東勢區","120.870","24.280","71"
"148","297533","20220706005000","100","2","臺中市","清水區","120.560","24.310","179"
"13","297539","20220706005000","242","0","臺中市","清水區","120.555","24.305","27"
"197","297540","20220706005000","189","1","臺中市","清水區","120.550","24.310","178"
"469","297546","20220706005000","463","1","臺中市","清水區","120.560","24.320","359"
"14","297575","20220706005000","12","1","臺中市","清水區","120.540","24.300","11"
"162","297586","20220706005000","224","0","臺中市","清水區","120.545","24.305","133"
"179","297618","20220706005000","215","0","臺中市","后里區","120.665","24.305","120"
"556","297627","20220706005000","468","1","臺中市","后里區","120.680","24.310","457"
"195","297639","20220706005000","164","1","臺中市","后里區","120.725","24.285","142"
"12","297641","20220706005000","12","1","臺中市","后里區","120.735","24.285","12"
"313","297645","20220706005000","286","1","臺中市","后里區","120.725","24.290","245"
"318","297646","20220706005000","253","2","臺中市","后里區","120.730","24.290","288"
"118","297647","20220706005000","54","3","臺中市","后里區","120.735","24.290","89"
"221","297648","20220706005000","100","3","臺中市","后里區","120.740","24.290","158"
"306","297654","20220706005000","750","0","臺中市","后里區","120.730","24.295","324"
"50","297656","20220706005000","42","1","臺中市","后里區","120.740","24.295","43"
"187","297659","20220706005000","196","0","臺中市","后里區","120.755","24.295","144"
"53","297664","20220706005000","60","0","臺中市","后里區","120.735","24.300","39"
"13","297665","20220706005000","80","0","臺中市","后里區","120.740","24.300","15"
"717","297671","20220706005000","678","1","臺中市","后里區","120.725","24.305","596"
"73","297672","20220706005000","17","3","臺中市","后里區","120.735","24.305","86"
"626","297689","20220706005000","518","2","臺中市","大安區","120.585","24.365","486"
"1952","297697","20220706005000","1772","1","臺中市","大甲區","120.630","24.350","1552"
"18","297701","20220706005000","14","2","苗栗縣","苑裡鎮","120.700","24.365","16"
"1518","297704","20220706005000","1182","2","臺中市","大甲區","120.625","24.350","1285"
"1915","297705","20220706005000","1811","1","臺中市","大甲區","120.620","24.355","1529"
"1510","297706","20220706005000","1448","1","臺中市","大甲區","120.615","24.345","1209"
"711","297725","20220706005000","730","0","臺中市","大甲區","120.635","24.370","559"
"392","297760","20220706005000","320","2","臺中市","清水區","120.605","24.305","299"
"520","297763","20220706005000","439","1","臺中市","清水區","120.605","24.310","412"
"209","297775","20220706005000","1222","0","臺中市","后里區","120.710","24.305","268"
"209","297776","20220706005000","149","2","臺中市","后里區","120.700","24.310","176"
"245","297778","20220706005000","167","2","臺中市","后里區","120.735","24.310","184"
"51","297782","20220706005000","55","0","臺中市","后里區","120.755","24.310","37"
"277","297783","20220706005000","278","0","臺中市","后里區","120.740","24.315","210"
"17","297787","20220706005000","16","1","臺中市","后里區","120.760","24.315","13"
"180","297795","20220706005000","176","1","臺中市","后里區","120.735","24.325","141"
"329","297801","20220706005000","307","1","臺中市","后里區","120.740","24.330","271"
"348","297811","20220706005000","245","2","臺中市","后里區","120.725","24.340","266"
"359","297831","20220706005000","376","0","臺中市","外埔區","120.700","24.345","286"
"654","297868","20220706005000","630","1","臺中市","外埔區","120.645","24.320","490"
"505","297883","20220706005000","421","1","臺中市","外埔區","120.670","24.320","395"
"210","297885","20220706005000","198","1","臺中市","外埔區","120.680","24.320","175"
"882","297886","20220706005000","767","1","臺中市","外埔區","120.665","24.325","783"
"694","297921","20220706005000","509","2","臺中市","外埔區","120.650","24.330","558"
"2122","297922","20220706005000","2132","0","臺中市","外埔區","120.655","24.330","1714"
"2701","297926","20220706005000","2609","1","臺中市","外埔區","120.635","24.340","2200"
"386","297928","20220706005000","344","1","臺中市","外埔區","120.645","24.340","296"
"193","297941","20220706005000","227","0","臺中市","外埔區","120.625","24.320","190"
"488","297947","20220706005000","321","3","臺中市","外埔區","120.630","24.325","337"
"51","297954","20220706005000","38","2","臺中市","外埔區","120.635","24.330","82"
"343","297957","20220706005000","233","2","臺中市","外埔區","120.630","24.335","235"
"285","297959","20220706005000","248","1","臺中市","外埔區","120.685","24.325","260"
"45","297961","20220706005000","73","0","臺中市","外埔區","120.675","24.330","42"
"297","297967","20220706005000","220","2","臺中市","后里區","120.710","24.330","216"
"593","297988","20220706005000","516","1","臺中市","外埔區","120.665","24.340","522"
"430","297992","20220706005000","298","2","臺中市","外埔區","120.685","24.340","340"
"801","297995","20220706005000","919","0","臺中市","大安區","120.585","24.345","670"
"27","298020","20220706005000","25","1","臺中市","大安區","120.570","24.340","31"
"63","298024","20220706005000","88","0","臺中市","大安區","120.570","24.345","49"
"341","298036","20220706005000","307","1","臺中市","大安區","120.590","24.335","293"
"328","298040","20220706005000","429","0","臺中市","大安區","120.590","24.340","271"
"73","298043","20220706005000","717","0","臺中市","大安區","120.605","24.365","99"
"1530","298045","20220706005000","1445","1","臺中市","后里區","120.720","24.310","1273"
"406","298047","20220706005000","502","0","臺中市","后里區","120.720","24.320","322"
"134","298050","20220706005000","839","0","臺中市","后里區","120.725","24.315","139"
"367","298051","20220706005000","315","1","臺中市","后里區","120.730","24.315","257"
"1758","298052","20220706005000","1202","2","臺中市","后里區","120.725","24.320","1629"
"120","298053","20220706005000","155","0","臺中市","后里區","120.730","24.320","106"
"53","298054","20220706005000","70","0","臺中市","后里區","120.735","24.320","53"
"81","298056","20220706005000","87","0","臺中市","后里區","120.725","24.325","54"
"828","298059","20220706005000","695","1","臺中市","后里區","120.710","24.310","590"
"218","298060","20220706005000","158","2","臺中市","后里區","120.715","24.310","163"
"386","298062","20220706005000","180","3","臺中市","后里區","120.710","24.315","265"
"157","298066","20220706005000","117","2","臺中市","后里區","120.705","24.320","115"
"111","298069","20220706005000","131","0","臺中市","外埔區","120.695","24.325","63"
"305","298070","20220706005000","204","2","臺中市","后里區","120.700","24.325","218"
"23","298074","20220706005000","21","1","臺中市","后里區","120.705","24.325","14"
"330","298075","20220706005000","332","0","臺中市","后里區","120.710","24.325","324"
"346","298078","20220706005000","312","1","臺中市","后里區","120.705","24.330","267"
"44","298081","20220706005000","224","0","臺中市","后里區","120.745","24.325","42"
"104","298082","20220706005000","103","1","臺中市","后里區","120.750","24.325","81"
"166","298092","20220706005000","134","2","臺中市","后里區","120.680","24.315","152"
"69","298093","20220706005000","38","3","臺中市","后里區","120.685","24.315","54"
"598","298094","20220706005000","590","1","臺中市","后里區","120.690","24.315","503"
"583","298095","20220706005000","414","2","臺中市","后里區","120.695","24.315","418"
"114","298096","20220706005000","87","2","臺中市","外埔區","120.685","24.320","136"
"50","298098","20220706005000","482","0","臺中市","大安區","120.600","24.345","59"
"37","298100","20220706005000","477","0","臺中市","大安區","120.600","24.350","64"
"131","298108","20220706005000","122","1","臺中市","大甲區","120.680","24.365","104"
"278","298116","20220706005000","276","1","臺中市","大甲區","120.675","24.370","219"
"653","298125","20220706005000","821","0","臺中市","大甲區","120.625","24.340","496"
"361","298126","20220706005000","321","1","臺中市","大甲區","120.630","24.340","302"
"165","298128","20220706005000","164","1","臺中市","大甲區","120.620","24.340","111"
"2459","298129","20220706005000","2416","1","臺中市","大甲區","120.625","24.345","2012"
"251","298135","20220706005000","253","0","臺中市","后里區","120.715","24.295","174"
"1408","298141","20220706005000","1620","0","臺中市","后里區","120.715","24.305","1285"
"363","298142","20220706005000","479","0","臺中市","后里區","120.720","24.305","443"
"513","298151","20220706005000","511","1","臺中市","清水區","120.610","24.290","408"
"151","298155","20220706005000","142","1","臺中市","清水區","120.610","24.295","121"
"1088","298159","20220706005000","997","1","臺中市","大甲區","120.615","24.350","880"
"325","298177","20220706005000","322","1","臺中市","大甲區","120.605","24.325","252"
"260","298178","20220706005000","298","0","臺中市","大甲區","120.595","24.330","203"
"1427","298182","20220706005000","1100","2","臺中市","后里區","120.725","24.310","1148"
"134","298183","20220706005000","187","0","臺中市","后里區","120.730","24.305","101"
"411","298184","20220706005000","599","0","臺中市","后里區","120.730","24.310","349"
"34","298185","20220706005000","26","2","臺中市","后里區","120.735","24.315","24"
"124","298202","20220706005000","108","1","臺中市","后里區","120.700","24.285","87"
"15","298208","20220706005000","262","0","臺中市","后里區","120.675","24.290","27"
"426","298213","20220706005000","354","2","臺中市","后里區","120.700","24.290","345"
"27","298360","20220706005000","31","0","臺中市","和平區","121.280","24.305","30"
"360","298427","20220706005000","397","0","臺中市","和平區","121.295","24.315","428"
"156","298504","20220706005000","71","3","臺中市","和平區","121.310","24.325","112"
"152","298630","20220706005000","137","1","臺中市","和平區","121.310","24.335","134"
"137","298631","20220706005000","80","3","臺中市","和平區","121.315","24.335","79"
"119","298723","20220706005000","95","2","臺中市","和平區","121.310","24.345","104"
"142","298770","20220706005000","139","1","臺中市","和平區","121.310","24.350","146"
"59","298818","20220706005000","52","1","臺中市","和平區","121.315","24.355","74"
"48","298866","20220706005000","39","2","臺中市","和平區","121.315","24.360","30"
"15","298968","20220706005000","13","1","臺中市","和平區","121.340","24.370","14"
"21","299078","20220706005000","15","2","臺中市","和平區","121.265","24.285","18"
"23","299174","20220706005000","13","3","臺中市","和平區","121.275","24.295","17"
"77","299584","20220706005000","74","1","臺中市","和平區","120.905","24.290","74"
"13","299585","20220706005000","10","2","臺中市","和平區","120.910","24.290","13"
"59","299602","20220706005000","53","1","臺中市","和平區","120.930","24.295","40"
"51","299659","20220706005000","50","1","臺中市","和平區","120.940","24.300","33"
"14","299678","20220706005000","12","1","臺中市","和平區","120.925","24.305","14"
"73","299703","20220706005000","60","2","臺中市","和平區","120.940","24.310","55"
"18","299761","20220706005000","18","1","臺中市","和平區","120.930","24.325","17"
"117","299779","20220706005000","88","2","臺中市","和平區","120.925","24.325","78"
"136","299781","20220706005000","139","0","臺中市","和平區","120.935","24.325","127"
"1054","299822","20220706005000","1098","0","臺中市","清水區","120.565","24.290","852"
"32","299823","20220706005000","418","0","臺中市","清水區","120.560","24.295","50"
"64","299826","20220706005000","40","3","臺中市","清水區","120.600","24.280","63"
"41","299828","20220706005000","19","3","臺中市","清水區","120.610","24.280","52"
"112","299830","20220706005000","80","2","臺中市","清水區","120.600","24.285","90"
"704","299831","20220706005000","670","1","臺中市","清水區","120.575","24.285","464"
"563","299835","20220706005000","505","1","臺中市","清水區","120.575","24.300","442"
"96","299845","20220706005000","104","0","臺中市","東勢區","120.790","24.285","74"
"319","299852","20220706005000","254","2","臺中市","東勢區","120.795","24.285","256"
"40","299868","20220706005000","28","2","臺中市","東勢區","120.805","24.300","22"
"170","299869","20220706005000","175","0","臺中市","東勢區","120.810","24.300","127"
"540","299873","20220706005000","422","2","臺中市","清水區","120.555","24.280","411"
"199","299884","20220706005000","986","0","臺中市","清水區","120.540","24.285","224"
"22","299886","20220706005000","324","0","臺中市","清水區","120.525","24.290","34"
"29","299888","20220706005000","11","3","臺中市","清水區","120.535","24.290","19"
"49","299892","20220706005000","41","1","臺中市","清水區","120.520","24.295","42"
"615","299901","20220706005000","473","2","臺中市","清水區","120.630","24.290","505"
"47","299913","20220706005000","62","0","臺中市","清水區","120.630","24.300","55"
"65","299923","20220706005000","110","0","臺中市","清水區","120.580","24.290","99"
"655","299926","20220706005000","571","1","臺中市","清水區","120.590","24.295","521"
"107","300263","20220706005000","80","2","花蓮縣","秀林鄉","121.755","24.300","80"
"296","300401","20220706005000","183","3","花蓮縣","秀林鄉","121.750","24.310","257"
"61","300404","20220706005000","35","3","花蓮縣","秀林鄉","121.765","24.310","34"
"23","300405","20220706005000","14","3","花蓮縣","秀林鄉","121.765","24.305","14"
"16","300877","20220706005000","62","0","苗栗縣","三義鄉","120.740","24.365","22"
"63","300918","20220706005000","34","3","苗栗縣","三義鄉","120.750","24.345","46"
"185","300926","20220706005000","126","2","苗栗縣","三義鄉","120.745","24.350","127"
"15","300932","20220706005000","104","0","苗栗縣","三義鄉","120.735","24.355","25"
"106","300935","20220706005000","72","2","苗栗縣","三義鄉","120.750","24.355","79"
"12","300937","20220706005000","133","0","苗栗縣","三義鄉","120.760","24.355","12"
"45","300943","20220706005000","36","2","苗栗縣","三義鄉","120.770","24.355","37"
"75","300949","20220706005000","71","1","苗栗縣","三義鄉","120.780","24.360","57"
"10","300965","20220706005000","49","0","苗栗縣","三義鄉","120.795","24.370","12"
"221","300971","20220706005000","191","1","苗栗縣","卓蘭鎮","120.835","24.300","194"
"35","300982","20220706005000","25","2","苗栗縣","卓蘭鎮","120.845","24.310","29"
"25","301006","20220706005000","204","0","臺中市","東勢區","120.805","24.280","31"
"345","301007","20220706005000","236","2","臺中市","東勢區","120.810","24.280","264"
"15","301013","20220706005000","11","2","苗栗縣","苑裡鎮","120.715","24.365","18"
"675","301021","20220706005000","590","1","苗栗縣","卓蘭鎮","120.830","24.310","544"
"305","301030","20220706005000","222","2","苗栗縣","卓蘭鎮","120.845","24.320","263"
"292","301060","20220706005000","235","2","苗栗縣","卓蘭鎮","120.810","24.330","223"
"183","301079","20220706005000","150","2","苗栗縣","卓蘭鎮","120.785","24.330","154"
"154","301082","20220706005000","125","2","苗栗縣","卓蘭鎮","120.825","24.330","101"
"46","301093","20220706005000","30","3","苗栗縣","卓蘭鎮","120.805","24.335","38"
"34","301097","20220706005000","23","2","苗栗縣","卓蘭鎮","120.825","24.335","35"
"23","301176","20220706005000","13","3","臺中市","和平區","121.040","24.295","36"
"100","301582","20220706005000","69","2","苗栗縣","泰安鄉","120.965","24.360","74"
"148","301609","20220706005000","100","2","苗栗縣","泰安鄉","120.960","24.370","132"
"14","301626","20220706005000","146","0","苗栗縣","卓蘭鎮","120.845","24.295","13"
"124","301629","20220706005000","118","1","苗栗縣","卓蘭鎮","120.860","24.295","84"
"131","301639","20220706005000","94","2","苗栗縣","卓蘭鎮","120.840","24.300","99"
"69","301640","20220706005000","90","0","苗栗縣","卓蘭鎮","120.845","24.300","44"
"68","301669","20220706005000","46","2","苗栗縣","卓蘭鎮","120.880","24.315","54"
"178","301723","20220706005000","163","1","苗栗縣","卓蘭鎮","120.850","24.340","138"
"172","301727","20220706005000","107","3","苗栗縣","卓蘭鎮","120.870","24.340","138"
"123","301752","20220706005000","138","0","苗栗縣","卓蘭鎮","120.825","24.305","106"
"625","301756","20220706005000","578","1","苗栗縣","卓蘭鎮","120.820","24.315","506"
"870","301757","20220706005000","696","2","苗栗縣","卓蘭鎮","120.825","24.315","679"
"23","301775","20220706005000","75","0","苗栗縣","卓蘭鎮","120.855","24.355","24"
"47","301787","20220706005000","37","2","苗栗縣","大湖鄉","120.870","24.360","43"
"15","301810","20220706005000","96","0","苗栗縣","大湖鄉","120.825","24.345","15"
"127","301882","20220706005000","92","2","苗栗縣","大湖鄉","120.875","24.365","94"
"18","308048","20220706005000","17","1","宜蘭縣","南澳鄉","121.765","24.440","18"
"30","308125","20220706005000","23","2","宜蘭縣","南澳鄉","121.775","24.450","22"
"291","308964","20220706005000","215","2","宜蘭縣","南澳鄉","121.750","24.425","221"
"52","309060","20220706005000","24","3","宜蘭縣","南澳鄉","121.750","24.435","45"
"28","309298","20220706005000","46","0","宜蘭縣","大同鄉","121.355","24.395","43"
"483","309501","20220706005000","292","3","宜蘭縣","大同鄉","121.380","24.435","348"
"108","309740","20220706005000","87","2","宜蘭縣","蘇澳鎮","121.805","24.445","90"
"196","309750","20220706005000","192","1","宜蘭縣","蘇澳鎮","121.790","24.455","189"
"180","309853","20220706005000","99","3","臺中市","大甲區","120.640","24.410","142"
"88","309860","20220706005000","804","0","臺中市","大甲區","120.630","24.415","129"
"353","309867","20220706005000","342","1","臺中市","大甲區","120.635","24.390","313"
"61","309881","20220706005000","518","0","臺中市","大甲區","120.635","24.410","78"
"644","309883","20220706005000","604","1","臺中市","大甲區","120.640","24.415","511"
"16","309891","20220706005000","395","0","臺中市","大安區","120.600","24.370","19"
"419","309899","20220706005000","381","1","臺中市","大安區","120.605","24.385","306"
"347","309910","20220706005000","323","1","臺中市","大安區","120.600","24.395","315"
"37","309925","20220706005000","458","0","臺中市","大甲區","120.670","24.380","29"
"14","309935","20220706005000","16","0","臺中市","大甲區","120.665","24.390","31"
"22","309937","20220706005000","421","0","臺中市","大甲區","120.660","24.395","30"
"561","309939","20220706005000","507","1","苗栗縣","苑裡鎮","120.665","24.400","380"
"678","309942","20220706005000","533","2","臺中市","大甲區","120.645","24.400","551"
"1629","309947","20220706005000","1872","0","臺中市","大甲區","120.650","24.405","1425"
"402","309948","20220706005000","475","0","臺中市","大甲區","120.655","24.405","338"
"208","309960","20220706005000","229","0","臺中市","大安區","120.595","24.385","155"
"45","309972","20220706005000","314","0","臺中市","大安區","120.585","24.375","55"
"415","309973","20220706005000","415","1","臺中市","大安區","120.590","24.375","343"
"48","309975","20220706005000","50","0","臺中市","大安區","120.585","24.380","47"
"49","309977","20220706005000","43","1","臺中市","大安區","120.610","24.375","69"
"383","309986","20220706005000","313","2","臺中市","大甲區","120.660","24.370","273"
"1537","310004","20220706005000","1805","0","臺中市","大甲區","120.655","24.380","1274"
"36","310009","20220706005000","1132","0","臺中市","大甲區","120.650","24.390","45"
"411","310033","20220706005000","362","1","臺中市","大甲區","120.615","24.415","336"
"535","310040","20220706005000","517","1","臺中市","大甲區","120.620","24.370","363"
"62","310149","20220706005000","15","3","臺中市","和平區","121.305","24.380","42"
"48","310150","20220706005000","38","2","臺中市","和平區","121.310","24.380","33"
"56","310180","20220706005000","26","3","臺中市","和平區","121.300","24.385","41"
"32","310235","20220706005000","26","2","臺中市","和平區","121.305","24.395","48"
"44","310390","20220706005000","40","1","苗栗縣","三義鄉","120.780","24.385","28"
"198","310395","20220706005000","216","0","苗栗縣","三義鄉","120.750","24.395","140"
"357","310396","20220706005000","338","1","苗栗縣","三義鄉","120.755","24.395","307"
"1978","310412","20220706005000","1775","1","苗栗縣","三義鄉","120.760","24.405","1558"
"490","310415","20220706005000","391","2","苗栗縣","三義鄉","120.765","24.410","333"
"851","310419","20220706005000","937","0","苗栗縣","三義鄉","120.770","24.415","680"
"179","310423","20220706005000","168","1","苗栗縣","三義鄉","120.745","24.370","163"
"18","310429","20220706005000","27","0","苗栗縣","三義鄉","120.770","24.370","20"
"181","310433","20220706005000","152","1","苗栗縣","三義鄉","120.750","24.375","133"
"36","310441","20220706005000","32","1","苗栗縣","三義鄉","120.750","24.380","30"
"80","310450","20220706005000","58","2","苗栗縣","三義鄉","120.755","24.385","65"
"17","310451","20220706005000","154","0","苗栗縣","三義鄉","120.760","24.385","29"
"25","310456","20220706005000","11","3","苗栗縣","三義鄉","120.755","24.390","17"
"133","310458","20220706005000","49","3","苗栗縣","三義鄉","120.760","24.390","49"
"27","310469","20220706005000","29","0","苗栗縣","三義鄉","120.780","24.375","23"
"597","310489","20220706005000","607","0","苗栗縣","三義鄉","120.775","24.420","472"
"138","310506","20220706005000","136","1","苗栗縣","三義鄉","120.770","24.435","119"
"30","310521","20220706005000","25","2","苗栗縣","三義鄉","120.805","24.385","22"
"18","310527","20220706005000","21","0","苗栗縣","三義鄉","120.795","24.390","18"
"64","310542","20220706005000","12","3","苗栗縣","三義鄉","120.775","24.405","14"
"306","310551","20220706005000","274","1","苗栗縣","三義鄉","120.790","24.410","227"
"25","310552","20220706005000","23","1","苗栗縣","三義鄉","120.795","24.410","20"
"134","310580","20220706005000","112","1","苗栗縣","公館鄉","120.860","24.460","102"
"21","310595","20220706005000","18","1","苗栗縣","苑裡鎮","120.660","24.430","22"
"758","310596","20220706005000","632","1","苗栗縣","苑裡鎮","120.665","24.430","581"
"39","310601","20220706005000","314","0","苗栗縣","苑裡鎮","120.710","24.375","37"
"82","310623","20220706005000","71","1","苗栗縣","苑裡鎮","120.695","24.400","65"
"11","310630","20220706005000","13","0","苗栗縣","苑裡鎮","120.670","24.445","15"
"619","310636","20220706005000","465","2","苗栗縣","苑裡鎮","120.660","24.440","478"
"36","310637","20220706005000","41","0","苗栗縣","苑裡鎮","120.655","24.445","51"
"33","310639","20220706005000","20","3","苗栗縣","苑裡鎮","120.665","24.445","46"
"23","310640","20220706005000","14","3","苗栗縣","通霄鎮","120.660","24.450","29"
"502","310644","20220706005000","386","2","苗栗縣","苑裡鎮","120.655","24.450","454"
"33","310647","20220706005000","50","0","苗栗縣","通霄鎮","120.660","24.455","45"
"10","310648","20220706005000","11","0","苗栗縣","苑裡鎮","120.650","24.460","13"
"23","310656","20220706005000","179","0","苗栗縣","三義鄉","120.745","24.395","24"
"17","310670","20220706005000","88","0","苗栗縣","苑裡鎮","120.715","24.410","18"
"91","310685","20220706005000","83","1","苗栗縣","苑裡鎮","120.710","24.420","70"
"54","310688","20220706005000","28","3","苗栗縣","苑裡鎮","120.660","24.435","84"
"312","310695","20220706005000","260","2","苗栗縣","苑裡鎮","120.670","24.405","232"
"247","310698","20220706005000","259","0","苗栗縣","苑裡鎮","120.690","24.410","159"
"138","310699","20220706005000","58","3","苗栗縣","苑裡鎮","120.690","24.415","162"
"46","310721","20220706005000","467","0","苗栗縣","苑裡鎮","120.645","24.435","55"
"106","310722","20220706005000","88","2","苗栗縣","苑裡鎮","120.650","24.435","117"
"559","310727","20220706005000","465","2","苗栗縣","苑裡鎮","120.635","24.445","486"
"13","310728","20220706005000","15","0","苗栗縣","苑裡鎮","120.655","24.410","20"
"13","310729","20220706005000","12","1","苗栗縣","苑裡鎮","120.650","24.415","25"
"452","310730","20220706005000","377","1","苗栗縣","苑裡鎮","120.655","24.415","353"
"293","310737","20220706005000","286","1","苗栗縣","苑裡鎮","120.650","24.425","240"
"253","310752","20220706005000","216","1","苗栗縣","苑裡鎮","120.700","24.435","206"
"46","310755","20220706005000","43","1","苗栗縣","苑裡鎮","120.680","24.440","49"
"390","310758","20220706005000","296","2","苗栗縣","苑裡鎮","120.700","24.385","280"
"293","310763","20220706005000","327","0","苗栗縣","苑裡鎮","120.695","24.395","228"
"12","310764","20220706005000","13","0","苗栗縣","苑裡鎮","120.685","24.400","30"
"47","310766","20220706005000","14","3","苗栗縣","苑裡鎮","120.685","24.405","53"
"1103","310776","20220706005000","1025","1","苗栗縣","大湖鄉","120.870","24.425","881"
"10","310779","20220706005000","14","0","苗栗縣","大湖鄉","120.885","24.425","17"
"278","310796","20220706005000","224","2","苗栗縣","大湖鄉","120.865","24.400","225"
"51","310800","20220706005000","51","1","苗栗縣","大湖鄉","120.855","24.405","38"
"17","310825","20220706005000","173","0","苗栗縣","大湖鄉","120.900","24.410","20"
"192","310860","20220706005000","117","3","苗栗縣","大湖鄉","120.870","24.405","161"
"14","310881","20220706005000","261","0","苗栗縣","大湖鄉","120.860","24.420","16"
"15","310888","20220706005000","206","0","苗栗縣","苑裡鎮","120.695","24.370","11"
"419","310894","20220706005000","505","0","苗栗縣","苑裡鎮","120.655","24.440","354"
"1243","310905","20220706005000","1117","1","苗栗縣","苑裡鎮","120.680","24.385","1008"
"145","310911","20220706005000","114","2","苗栗縣","苑裡鎮","120.660","24.410","103"
"357","310914","20220706005000","168","3","苗栗縣","苑裡鎮","120.660","24.415","276"
"44","310926","20220706005000","40","1","苗栗縣","苑裡鎮","120.720","24.395","26"
"12","310927","20220706005000","68","0","苗栗縣","苑裡鎮","120.725","24.395","13"
"16","310930","20220706005000","12","2","苗栗縣","苑裡鎮","120.715","24.400","17"
"44","310938","20220706005000","31","2","苗栗縣","苑裡鎮","120.705","24.410","22"
"31","310941","20220706005000","41","0","苗栗縣","苑裡鎮","120.675","24.400","52"
"20","310942","20220706005000","14","2","苗栗縣","苑裡鎮","120.680","24.400","23"
"64","310943","20220706005000","533","0","苗栗縣","苑裡鎮","120.675","24.405","54"
"406","310949","20220706005000","232","3","苗栗縣","苑裡鎮","120.670","24.415","330"
"20","310953","20220706005000","14","2","苗栗縣","苑裡鎮","120.670","24.425","21"
"14","310959","20220706005000","14","1","苗栗縣","苑裡鎮","120.680","24.410","26"
"192","310964","20220706005000","1149","0","苗栗縣","苑裡鎮","120.685","24.415","239"
"211","310996","20220706005000","181","1","苗栗縣","銅鑼鄉","120.810","24.465","179"
"14","310999","20220706005000","25","0","苗栗縣","銅鑼鄉","120.755","24.445","19"
"16","311009","20220706005000","18","0","苗栗縣","銅鑼鄉","120.765","24.460","13"
"248","311014","20220706005000","179","2","苗栗縣","銅鑼鄉","120.760","24.460","189"
"51","311016","20220706005000","60","0","苗栗縣","銅鑼鄉","120.770","24.465","37"
"120","311031","20220706005000","63","3","苗栗縣","銅鑼鄉","120.810","24.405","88"
"154","311073","20220706005000","66","3","苗栗縣","銅鑼鄉","120.835","24.420","104"
"18","311089","20220706005000","12","3","苗栗縣","銅鑼鄉","120.765","24.435","17"
"163","311108","20220706005000","139","1","苗栗縣","銅鑼鄉","120.780","24.450","126"
"357","311118","20220706005000","384","0","苗栗縣","銅鑼鄉","120.780","24.465","266"
"1886","311279","20220706005000","2037","0","苗栗縣","苑裡鎮","120.650","24.440","1515"
"192","311280","20220706005000","201","0","苗栗縣","苑裡鎮","120.650","24.445","126"
"19","311281","20220706005000","17","1","苗栗縣","苑裡鎮","120.645","24.445","23"
"369","311283","20220706005000","386","0","苗栗縣","苑裡鎮","120.650","24.450","260"
"65","311310","20220706005000","52","2","苗栗縣","泰安鄉","120.925","24.390","58"
"18","311446","20220706005000","10","3","苗栗縣","泰安鄉","120.980","24.445","12"
"108","311474","20220706005000","90","2","苗栗縣","泰安鄉","120.935","24.420","72"
"203","311478","20220706005000","135","3","苗栗縣","泰安鄉","120.925","24.420","159"
"12","311666","20220706005000","104","0","苗栗縣","泰安鄉","120.980","24.390","12"
"18","312076","20220706005000","12","3","苗栗縣","泰安鄉","121.015","24.425","18"
"27","312522","20220706005000","91","0","苗栗縣","泰安鄉","120.925","24.440","80"
"136","312590","20220706005000","90","3","苗栗縣","通霄鎮","120.735","24.410","104"
"150","312624","20220706005000","135","1","苗栗縣","通霄鎮","120.680","24.455","155"
"108","312636","20220706005000","73","2","苗栗縣","通霄鎮","120.690","24.465","67"
"33","312656","20220706005000","12","3","苗栗縣","通霄鎮","120.745","24.440","33"
"140","312664","20220706005000","57","3","苗栗縣","通霄鎮","120.725","24.450","89"
"17","312666","20220706005000","15","1","苗栗縣","通霄鎮","120.735","24.450","13"
"60","312668","20220706005000","111","0","苗栗縣","通霄鎮","120.720","24.425","63"
"79","312670","20220706005000","218","0","苗栗縣","通霄鎮","120.720","24.430","77"
"207","312677","20220706005000","188","1","苗栗縣","通霄鎮","120.715","24.440","159"
"203","312691","20220706005000","256","0","苗栗縣","通霄鎮","120.700","24.455","164"
"34","312717","20220706005000","30","1","苗栗縣","通霄鎮","120.730","24.460","34"
"66","312744","20220706005000","78","0","苗栗縣","大湖鄉","120.865","24.430","53"
"25","312752","20220706005000","174","0","苗栗縣","大湖鄉","120.865","24.435","23"
"71","312778","20220706005000","56","2","苗栗縣","大湖鄉","120.905","24.445","52"
"52","312782","20220706005000","33","3","苗栗縣","大湖鄉","120.880","24.450","43"
"189","312784","20220706005000","179","1","苗栗縣","大湖鄉","120.875","24.455","164"
"62","312785","20220706005000","699","0","苗栗縣","大湖鄉","120.865","24.420","74"
"205","312798","20220706005000","227","0","苗栗縣","大湖鄉","120.900","24.375","147"
"11","312821","20220706005000","203","0","苗栗縣","大湖鄉","120.835","24.370","11"
"341","312833","20220706005000","278","2","苗栗縣","三義鄉","120.820","24.380","286"
"149","312851","20220706005000","111","2","苗栗縣","大湖鄉","120.865","24.375","115"
"103","312863","20220706005000","191","0","苗栗縣","大湖鄉","120.850","24.385","60"
"31","317431","20220706005000","26","1","宜蘭縣","蘇澳鎮","121.845","24.520","31"
"372","319889","20220706005000","257","2","宜蘭縣","南澳鄉","121.800","24.465","302"
"460","319890","20220706005000","483","0","宜蘭縣","蘇澳鎮","121.805","24.465","387"
"24","319894","20220706005000","14","3","宜蘭縣","南澳鄉","121.810","24.470","14"
"106","320020","20220706005000","75","2","宜蘭縣","蘇澳鎮","121.830","24.515","76"
"17","320043","20220706005000","12","2","宜蘭縣","南澳鄉","121.830","24.530","16"
"21","320054","20220706005000","18","1","宜蘭縣","南澳鄉","121.835","24.535","12"
"52","320069","20220706005000","52","1","宜蘭縣","蘇澳鎮","121.850","24.535","37"
"250","320197","20220706005000","210","1","宜蘭縣","南澳鄉","121.790","24.470","212"
"21","320298","20220706005000","14","3","宜蘭縣","南澳鄉","121.785","24.460","16"
"195","320807","20220706005000","124","3","宜蘭縣","大同鄉","121.430","24.485","138"
"135","320829","20220706005000","136","0","宜蘭縣","大同鄉","121.430","24.490","127"
"87","321192","20220706005000","98","0","宜蘭縣","大同鄉","121.530","24.500","79"
"32","321219","20220706005000","10","3","宜蘭縣","大同鄉","121.530","24.505","32"
"110","321699","20220706005000","70","3","宜蘭縣","大同鄉","121.450","24.530","51"
"13","321804","20220706005000","13","1","宜蘭縣","蘇澳鎮","121.810","24.465","10"
"155","321823","20220706005000","178","0","宜蘭縣","蘇澳鎮","121.840","24.485","126"
"46","321846","20220706005000","26","3","宜蘭縣","蘇澳鎮","121.835","24.510","35"
"251","321850","20220706005000","141","3","宜蘭縣","蘇澳鎮","121.835","24.520","182"
"145","321880","20220706005000","97","2","宜蘭縣","蘇澳鎮","121.820","24.460","118"
"16","321882","20220706005000","14","1","宜蘭縣","蘇澳鎮","121.820","24.465","12"
"31","321898","20220706005000","23","2","宜蘭縣","蘇澳鎮","121.825","24.485","29"
"10","322586","20220706005000","17","0","新竹縣","五峰鄉","121.090","24.500","11"
"14","322590","20220706005000","10","2","新竹縣","五峰鄉","121.075","24.505","14"
"109","322716","20220706005000","100","1","新竹縣","五峰鄉","121.110","24.525","76"
"39","322717","20220706005000","37","1","新竹縣","五峰鄉","121.115","24.525","43"
"38","322744","20220706005000","32","1","新竹縣","五峰鄉","121.125","24.530","12"
"88","322792","20220706005000","65","2","新竹縣","五峰鄉","121.125","24.540","51"
"19","322897","20220706005000","23","0","新竹縣","五峰鄉","121.130","24.560","27"
"67","322913","20220706005000","447","0","苗栗縣","公館鄉","120.820","24.495","91"
"20","322918","20220706005000","218","0","苗栗縣","公館鄉","120.815","24.510","23"
"212","322920","20220706005000","302","0","苗栗縣","公館鄉","120.815","24.515","163"
"363","322921","20220706005000","349","1","苗栗縣","銅鑼鄉","120.810","24.515","313"
"308","322933","20220706005000","241","2","苗栗縣","公館鄉","120.835","24.510","235"
"424","322941","20220706005000","414","1","苗栗縣","公館鄉","120.835","24.530","339"
"11","322961","20220706005000","101","0","苗栗縣","公館鄉","120.850","24.530","19"
"91","322992","20220706005000","64","2","苗栗縣","公館鄉","120.890","24.540","57"
"157","323065","20220706005000","142","1","苗栗縣","公館鄉","120.835","24.500","130"
"172","323078","20220706005000","162","1","苗栗縣","公館鄉","120.835","24.545","140"
"1100","323086","20220706005000","800","2","苗栗縣","公館鄉","120.825","24.510","876"
"54","323090","20220706005000","755","0","苗栗縣","公館鄉","120.820","24.515","68"
"314","323092","20220706005000","485","0","苗栗縣","公館鄉","120.825","24.520","245"
"347","323094","20220706005000","334","1","苗栗縣","公館鄉","120.825","24.465","370"
"149","323105","20220706005000","197","0","苗栗縣","公館鄉","120.835","24.465","116"
"49","323120","20220706005000","34","2","苗栗縣","公館鄉","120.855","24.475","37"
"507","323126","20220706005000","418","2","苗栗縣","公館鄉","120.825","24.475","355"
"402","323131","20220706005000","436","0","苗栗縣","公館鄉","120.820","24.480","324"
"666","323137","20220706005000","504","2","苗栗縣","公館鄉","120.830","24.485","502"
"566","323139","20220706005000","537","1","苗栗縣","公館鄉","120.825","24.500","424"
"787","323140","20220706005000","801","0","苗栗縣","公館鄉","120.825","24.505","665"
"1235","323143","20220706005000","1454","0","苗栗縣","公館鄉","120.820","24.500","988"
"32","323150","20220706005000","265","0","苗栗縣","公館鄉","120.830","24.530","32"
"220","323152","20220706005000","176","2","苗栗縣","公館鄉","120.830","24.535","170"
"884","323159","20220706005000","654","2","苗栗縣","公館鄉","120.825","24.530","692"
"163","323161","20220706005000","137","1","苗栗縣","苗栗市","120.835","24.555","138"
"418","323164","20220706005000","746","0","苗栗縣","苗栗市","120.820","24.560","341"
"28","323166","20220706005000","43","0","苗栗縣","通霄鎮","120.695","24.540","19"
"261","323174","20220706005000","165","3","苗栗縣","通霄鎮","120.700","24.550","185"
"226","323187","20220706005000","198","1","苗栗縣","通霄鎮","120.695","24.475","192"
"19","323189","20220706005000","484","0","苗栗縣","通霄鎮","120.685","24.480","21"
"74","323210","20220706005000","57","2","苗栗縣","通霄鎮","120.730","24.490","81"
"21","323218","20220706005000","61","0","苗栗縣","通霄鎮","120.740","24.495","17"
"19","323221","20220706005000","16","1","苗栗縣","通霄鎮","120.750","24.485","19"
"17","323223","20220706005000","11","3","苗栗縣","通霄鎮","120.760","24.485","17"
"83","323237","20220706005000","77","1","苗栗縣","通霄鎮","120.720","24.505","78"
"80","323242","20220706005000","71","1","苗栗縣","通霄鎮","120.740","24.505","70"
"55","323248","20220706005000","44","2","苗栗縣","通霄鎮","120.730","24.510","39"
"23","323299","20220706005000","19","2","苗栗縣","南庄鄉","120.960","24.520","20"
"93","323333","20220706005000","91","1","苗栗縣","南庄鄉","120.965","24.535","77"
"30","323356","20220706005000","124","0","苗栗縣","南庄鄉","120.970","24.545","20"
"2608","323391","20220706005000","2295","1","苗栗縣","苗栗市","120.825","24.555","2049"
"22","323392","20220706005000","23","0","苗栗縣","苗栗市","120.820","24.540","30"
"996","323394","20220706005000","732","2","苗栗縣","苗栗市","120.825","24.545","808"
"816","323395","20220706005000","1794","0","苗栗縣","苗栗市","120.815","24.550","599"
"82","323396","20220706005000","97","0","苗栗縣","苗栗市","120.820","24.550","97"
"1437","323397","20220706005000","1355","1","苗栗縣","苗栗市","120.815","24.555","1200"
"750","323400","20220706005000","562","2","苗栗縣","苗栗市","120.820","24.555","552"
"186","323402","20220706005000","183","1","苗栗縣","苗栗市","120.830","24.555","183"
"608","323403","20220706005000","467","2","苗栗縣","苗栗市","120.825","24.565","466"
"17","323405","20220706005000","31","0","苗栗縣","苗栗市","120.790","24.525","22"
"23","323411","20220706005000","204","0","苗栗縣","苗栗市","120.785","24.535","26"
"22","323412","20220706005000","52","0","苗栗縣","苗栗市","120.790","24.535","18"
"283","323414","20220706005000","112","3","苗栗縣","苗栗市","120.800","24.535","231"
"20","323530","20220706005000","25","0","苗栗縣","南庄鄉","121.025","24.535","17"
"46","323545","20220706005000","31","2","苗栗縣","南庄鄉","121.030","24.540","28"
"115","323601","20220706005000","66","3","苗栗縣","頭屋鄉","120.855","24.555","57"
"22","323631","20220706005000","49","0","苗栗縣","頭屋鄉","120.870","24.560","21"
"15","323638","20220706005000","15","1","苗栗縣","頭屋鄉","120.905","24.550","13"
"10","323656","20220706005000","13","0","苗栗縣","銅鑼鄉","120.765","24.490","10"
"201","323661","20220706005000","175","1","苗栗縣","銅鑼鄉","120.775","24.495","166"
"20","323663","20220706005000","27","0","苗栗縣","西湖鄉","120.770","24.500","13"
"10","323666","20220706005000","121","0","苗栗縣","銅鑼鄉","120.780","24.505","10"
"290","323674","20220706005000","218","2","苗栗縣","銅鑼鄉","120.790","24.470","223"
"351","323678","20220706005000","283","2","苗栗縣","銅鑼鄉","120.790","24.475","303"
"39","323679","20220706005000","49","0","苗栗縣","銅鑼鄉","120.795","24.475","24"
"496","323682","20220706005000","447","1","苗栗縣","銅鑼鄉","120.785","24.480","434"
"569","323683","20220706005000","500","1","苗栗縣","銅鑼鄉","120.790","24.480","430"
"428","323685","20220706005000","479","0","苗栗縣","銅鑼鄉","120.785","24.485","332"
"809","323686","20220706005000","1118","0","苗栗縣","銅鑼鄉","120.785","24.490","676"
"62","323691","20220706005000","60","1","苗栗縣","通霄鎮","120.725","24.520","49"
"33","323727","20220706005000","160","0","苗栗縣","通霄鎮","120.675","24.485","39"
"415","323728","20220706005000","933","0","苗栗縣","苗栗市","120.810","24.545","270"
"65","323734","20220706005000","43","3","苗栗縣","西湖鄉","120.790","24.550","46"
"158","323738","20220706005000","142","1","苗栗縣","苗栗市","120.795","24.555","126"
"455","323740","20220706005000","426","1","苗栗縣","苗栗市","120.805","24.555","332"
"373","323743","20220706005000","374","0","苗栗縣","苗栗市","120.800","24.560","298"
"111","323744","20220706005000","268","0","苗栗縣","苗栗市","120.805","24.560","82"
"472","323747","20220706005000","436","1","苗栗縣","苗栗市","120.815","24.530","413"
"1316","323751","20220706005000","1655","0","苗栗縣","苗栗市","120.815","24.540","1046"
"242","323752","20220706005000","192","2","苗栗縣","苗栗市","120.805","24.545","192"
"29","323753","20220706005000","41","0","苗栗縣","苗栗市","120.805","24.550","56"
"77","323763","20220706005000","221","0","苗栗縣","西湖鄉","120.730","24.555","72"
"151","323770","20220706005000","140","1","苗栗縣","西湖鄉","120.745","24.555","123"
"98","323782","20220706005000","73","2","苗栗縣","西湖鄉","120.765","24.520","74"
"157","323800","20220706005000","164","0","苗栗縣","西湖鄉","120.785","24.525","105"
"86","323808","20220706005000","50","3","苗栗縣","西湖鄉","120.745","24.525","73"
"40","323810","20220706005000","78","0","苗栗縣","西湖鄉","120.740","24.530","42"
"47","323815","20220706005000","34","2","苗栗縣","西湖鄉","120.750","24.535","32"
"161","323828","20220706005000","153","1","苗栗縣","通霄鎮","120.680","24.500","129"
"234","323830","20220706005000","275","0","苗栗縣","通霄鎮","120.690","24.500","195"
"151","323838","20220706005000","31","3","苗栗縣","通霄鎮","120.690","24.510","118"
"193","323845","20220706005000","209","0","苗栗縣","通霄鎮","120.695","24.515","163"
"80","323854","20220706005000","56","2","苗栗縣","通霄鎮","120.695","24.530","53"
"29","323864","20220706005000","13","3","苗栗縣","通霄鎮","120.675","24.490","10"
"1325","323865","20220706005000","1159","1","苗栗縣","通霄鎮","120.680","24.490","1055"
"720","323876","20220706005000","697","1","苗栗縣","銅鑼鄉","120.800","24.490","589"
"425","323879","20220706005000","532","0","苗栗縣","銅鑼鄉","120.800","24.495","336"
"269","323881","20220706005000","268","1","苗栗縣","銅鑼鄉","120.810","24.495","222"
"20","323884","20220706005000","181","0","苗栗縣","銅鑼鄉","120.805","24.500","18"
"262","323893","20220706005000","191","2","苗栗縣","銅鑼鄉","120.805","24.510","170"
"51","323896","20220706005000","67","0","苗栗縣","銅鑼鄉","120.810","24.520","55"
"188","323898","20220706005000","153","2","苗栗縣","銅鑼鄉","120.760","24.465","160"
"57","323899","20220706005000","100","0","苗栗縣","銅鑼鄉","120.765","24.465","42"
"194","323904","20220706005000","159","2","苗栗縣","銅鑼鄉","120.770","24.470","153"
"196","323913","20220706005000","208","0","苗栗縣","銅鑼鄉","120.790","24.485","150"
"210","323918","20220706005000","152","2","苗栗縣","銅鑼鄉","120.790","24.505","153"
"109","323920","20220706005000","66","3","苗栗縣","銅鑼鄉","120.785","24.510","74"
"312","323923","20220706005000","344","0","苗栗縣","西湖鄉","120.785","24.515","253"
"49","323948","20220706005000","43","1","苗栗縣","泰安鄉","120.950","24.465","13"
"49","323952","20220706005000","102","0","苗栗縣","泰安鄉","120.970","24.465","43"
"143","323970","20220706005000","116","2","苗栗縣","泰安鄉","120.945","24.470","106"
"61","323976","20220706005000","79","0","苗栗縣","泰安鄉","120.975","24.470","44"
"11","323977","20220706005000","16","0","苗栗縣","泰安鄉","120.980","24.470","11"
"24","324112","20220706005000","15","3","苗栗縣","獅潭鄉","120.910","24.505","18"
"11","324115","20220706005000","41","0","苗栗縣","獅潭鄉","120.925","24.505","11"
"39","324130","20220706005000","29","2","苗栗縣","獅潭鄉","120.910","24.510","25"
"302","324200","20220706005000","172","3","苗栗縣","獅潭鄉","120.920","24.540","213"
"54","324206","20220706005000","33","3","苗栗縣","獅潭鄉","120.950","24.540","47"
"103","324257","20220706005000","91","1","苗栗縣","獅潭鄉","120.935","24.555","76"
"59","324281","20220706005000","34","3","苗栗縣","獅潭鄉","120.910","24.465","34"
"148","324285","20220706005000","139","1","苗栗縣","獅潭鄉","120.880","24.470","109"
"23","324297","20220706005000","15","3","苗栗縣","獅潭鄉","120.915","24.475","14"
"64","324301","20220706005000","69","0","苗栗縣","獅潭鄉","120.900","24.485","56"
"68","324306","20220706005000","36","3","苗栗縣","獅潭鄉","120.900","24.490","50"
"60","324349","20220706005000","62","0","苗栗縣","泰安鄉","120.945","24.485","44"
"48","324420","20220706005000","39","2","苗栗縣","泰安鄉","121.205","24.465","44"
"12","324615","20220706005000","20","0","苗栗縣","泰安鄉","121.070","24.495","18"
"13","324700","20220706005000","14","0","苗栗縣","通霄鎮","120.700","24.505","23"
"20","324701","20220706005000","12","3","苗栗縣","通霄鎮","120.705","24.505","16"
"89","324706","20220706005000","54","3","苗栗縣","通霄鎮","120.715","24.510","55"
"85","324721","20220706005000","80","1","苗栗縣","西湖鄉","120.780","24.550","77"
"87","324736","20220706005000","51","3","苗栗縣","西湖鄉","120.755","24.495","80"
"51","324766","20220706005000","32","3","苗栗縣","西湖鄉","120.785","24.540","34"
"53","324767","20220706005000","47","1","苗栗縣","西湖鄉","120.755","24.545","41"
"52","324782","20220706005000","30","3","苗栗縣","通霄鎮","120.680","24.465","31"
"431","324784","20220706005000","439","0","苗栗縣","通霄鎮","120.665","24.470","347"
"78","324791","20220706005000","875","0","苗栗縣","通霄鎮","120.675","24.475","121"
"297","324812","20220706005000","281","1","苗栗縣","通霄鎮","120.710","24.555","237"
"12","324828","20220706005000","14","0","苗栗縣","通霄鎮","120.700","24.500","15"
"32","324833","20220706005000","177","0","苗栗縣","通霄鎮","120.710","24.505","42"
"115","324841","20220706005000","80","2","苗栗縣","通霄鎮","120.705","24.475","81"
"16","324850","20220706005000","32","0","苗栗縣","通霄鎮","120.715","24.480","14"
"54","324851","20220706005000","44","2","苗栗縣","通霄鎮","120.720","24.480","38"
"261","324858","20220706005000","183","2","苗栗縣","通霄鎮","120.720","24.465","216"
"115","324872","20220706005000","69","3","苗栗縣","通霄鎮","120.685","24.485","97"
"41","324877","20220706005000","825","0","苗栗縣","通霄鎮","120.690","24.495","46"
"36","324879","20220706005000","312","0","苗栗縣","通霄鎮","120.695","24.500","38"
"164","328071","20220706005000","153","1","宜蘭縣","蘇澳鎮","121.860","24.600","112"
"131","328073","20220706005000","123","1","宜蘭縣","蘇澳鎮","121.870","24.600","152"
"929","328074","20220706005000","362","3","宜蘭縣","蘇澳鎮","121.880","24.600","820"
"18","328390","20220706005000","34","0","宜蘭縣","蘇澳鎮","121.880","24.605","17"
"285","331880","20220706005000","264","1","宜蘭縣","冬山鄉","121.750","24.645","234"
"18","331921","20220706005000","13","2","宜蘭縣","南澳鄉","121.805","24.555","19"
"1311","332115","20220706005000","1107","1","宜蘭縣","蘇澳鎮","121.865","24.580","1198"
"145","332120","20220706005000","114","2","宜蘭縣","冬山鄉","121.815","24.630","127"
"150","332121","20220706005000","106","2","宜蘭縣","蘇澳鎮","121.820","24.625","112"
"646","332122","20220706005000","616","1","宜蘭縣","冬山鄉","121.810","24.630","501"
"270","332124","20220706005000","192","2","宜蘭縣","冬山鄉","121.820","24.630","225"
"284","332146","20220706005000","243","1","宜蘭縣","冬山鄉","121.710","24.635","222"
"76","332175","20220706005000","102","0","宜蘭縣","冬山鄉","121.765","24.620","62"
"656","332186","20220706005000","572","1","宜蘭縣","冬山鄉","121.770","24.630","519"
"499","332216","20220706005000","542","0","宜蘭縣","冬山鄉","121.785","24.625","411"
"192","332233","20220706005000","197","0","宜蘭縣","冬山鄉","121.730","24.650","148"
"294","332244","20220706005000","227","2","宜蘭縣","冬山鄉","121.805","24.625","239"
"13","332340","20220706005000","13","1","宜蘭縣","大同鄉","121.495","24.570","13"
"86","332362","20220706005000","32","3","宜蘭縣","大同鄉","121.480","24.575","44"
"124","332385","20220706005000","74","3","宜蘭縣","大同鄉","121.495","24.580","54"
"23","332698","20220706005000","29","0","宜蘭縣","大同鄉","121.685","24.610","24"
"179","332699","20220706005000","126","2","宜蘭縣","大同鄉","121.690","24.610","126"
"24","332745","20220706005000","58","0","宜蘭縣","大同鄉","121.685","24.625","16"
"15","332848","20220706005000","18","0","宜蘭縣","大同鄉","121.635","24.615","15"
"12","332886","20220706005000","11","1","宜蘭縣","大同鄉","121.590","24.630","12"
"50","332889","20220706005000","63","0","宜蘭縣","大同鄉","121.605","24.630","42"
"23","332899","20220706005000","14","3","宜蘭縣","三星鄉","121.605","24.635","29"
"70","332902","20220706005000","66","1","宜蘭縣","大同鄉","121.560","24.640","62"
"80","333040","20220706005000","116","0","宜蘭縣","大同鄉","121.530","24.595","77"
"88","333282","20220706005000","61","2","宜蘭縣","大同鄉","121.525","24.630","60"
"18","333369","20220706005000","17","1","宜蘭縣","大同鄉","121.475","24.650","18"
"144","333370","20220706005000","66","3","宜蘭縣","大同鄉","121.480","24.650","79"
"312","333450","20220706005000","524","0","宜蘭縣","蘇澳鎮","121.870","24.580","312"
"474","333451","20220706005000","548","0","宜蘭縣","蘇澳鎮","121.875","24.580","400"
"1053","333457","20220706005000","763","2","宜蘭縣","蘇澳鎮","121.855","24.595","791"
"108","333458","20220706005000","64","3","宜蘭縣","蘇澳鎮","121.875","24.600","52"
"21","333460","20220706005000","12","3","宜蘭縣","蘇澳鎮","121.860","24.605","16"
"81","333462","20220706005000","49","3","宜蘭縣","蘇澳鎮","121.870","24.605","46"
"667","333474","20220706005000","518","2","宜蘭縣","蘇澳鎮","121.835","24.590","519"
"1051","333478","20220706005000","1039","1","宜蘭縣","蘇澳鎮","121.835","24.595","878"
"315","333479","20220706005000","341","0","宜蘭縣","蘇澳鎮","121.840","24.595","253"
"173","333488","20220706005000","138","2","宜蘭縣","蘇澳鎮","121.835","24.605","135"
"39","333492","20220706005000","42","0","宜蘭縣","蘇澳鎮","121.830","24.610","44"
"667","333495","20220706005000","586","1","宜蘭縣","蘇澳鎮","121.830","24.615","552"
"804","333504","20220706005000","695","1","宜蘭縣","五結鄉","121.835","24.650","621"
"429","333511","20220706005000","288","2","宜蘭縣","冬山鄉","121.795","24.640","274"
"50","333515","20220706005000","59","0","宜蘭縣","冬山鄉","121.780","24.650","31"
"245","333516","20220706005000","122","3","宜蘭縣","冬山鄉","121.785","24.650","199"
"639","333519","20220706005000","579","1","宜蘭縣","蘇澳鎮","121.835","24.620","557"
"1750","333520","20220706005000","1496","1","宜蘭縣","蘇澳鎮","121.840","24.620","1453"
"121","333521","20220706005000","94","2","宜蘭縣","蘇澳鎮","121.845","24.620","98"
"399","333522","20220706005000","389","1","宜蘭縣","蘇澳鎮","121.835","24.625","463"
"49","333545","20220706005000","39","2","宜蘭縣","蘇澳鎮","121.845","24.565","26"
"170","333557","20220706005000","157","1","宜蘭縣","蘇澳鎮","121.840","24.575","135"
"26","333558","20220706005000","17","3","宜蘭縣","蘇澳鎮","121.845","24.575","19"
"189","333564","20220706005000","260","0","宜蘭縣","蘇澳鎮","121.855","24.605","230"
"96","333566","20220706005000","85","1","宜蘭縣","蘇澳鎮","121.850","24.610","139"
"512","333569","20220706005000","469","1","宜蘭縣","蘇澳鎮","121.850","24.615","368"
"427","333653","20220706005000","401","1","宜蘭縣","三星鄉","121.615","24.650","377"
"687","333661","20220706005000","536","2","宜蘭縣","冬山鄉","121.805","24.640","537"
"139","333695","20220706005000","107","2","宜蘭縣","蘇澳鎮","121.850","24.575","108"
"20","333704","20220706005000","21","0","宜蘭縣","蘇澳鎮","121.845","24.580","20"
"28","333737","20220706005000","29","0","宜蘭縣","蘇澳鎮","121.815","24.610","16"
"171","333739","20220706005000","144","1","宜蘭縣","蘇澳鎮","121.815","24.615","143"
"58","333741","20220706005000","53","1","宜蘭縣","蘇澳鎮","121.825","24.615","47"
"447","333742","20220706005000","366","2","宜蘭縣","蘇澳鎮","121.815","24.620","375"
"213","333747","20220706005000","134","3","宜蘭縣","蘇澳鎮","121.830","24.625","210"
"976","333751","20220706005000","911","1","宜蘭縣","冬山鄉","121.765","24.650","773"
"263","333753","20220706005000","414","0","宜蘭縣","冬山鄉","121.795","24.630","254"
"675","333754","20220706005000","678","0","宜蘭縣","冬山鄉","121.800","24.630","538"
"28","333764","20220706005000","33","0","宜蘭縣","冬山鄉","121.725","24.625","31"
"34","333769","20220706005000","22","3","宜蘭縣","冬山鄉","121.750","24.625","24"
"45","333770","20220706005000","18","3","宜蘭縣","冬山鄉","121.760","24.625","31"
"23","333774","20220706005000","65","0","宜蘭縣","冬山鄉","121.740","24.630","24"
"151","333781","20220706005000","162","0","宜蘭縣","冬山鄉","121.750","24.635","118"
"239","333789","20220706005000","204","1","宜蘭縣","冬山鄉","121.765","24.640","185"
"87","333791","20220706005000","90","0","宜蘭縣","冬山鄉","121.760","24.645","66"
"868","333802","20220706005000","730","1","宜蘭縣","冬山鄉","121.790","24.635","748"
"1329","333804","20220706005000","1074","2","宜蘭縣","冬山鄉","121.795","24.635","1093"
"1115","333809","20220706005000","595","3","宜蘭縣","蘇澳鎮","121.835","24.640","869"
"93","333810","20220706005000","112","0","宜蘭縣","蘇澳鎮","121.840","24.640","147"
"716","333814","20220706005000","650","1","宜蘭縣","蘇澳鎮","121.830","24.630","574"
"645","333818","20220706005000","534","2","宜蘭縣","蘇澳鎮","121.830","24.640","571"
"688","333821","20220706005000","608","1","宜蘭縣","蘇澳鎮","121.830","24.645","554"
"10","333875","20220706005000","10","1","新竹縣","北埔鄉","121.060","24.635","10"
"79","333899","20220706005000","52","3","新竹縣","竹東鎮","121.095","24.645","111"
"140","334213","20220706005000","73","3","新竹縣","尖石鄉","121.340","24.650","114"
"84","334309","20220706005000","26","3","新竹縣","尖石鄉","121.310","24.570","82"
"114","334366","20220706005000","86","2","新竹縣","尖石鄉","121.305","24.580","87"
"92","334372","20220706005000","43","3","新竹縣","尖石鄉","121.335","24.580","72"
"42","334487","20220706005000","36","1","新竹縣","尖石鄉","121.290","24.605","28"
"288","334532","20220706005000","183","3","新竹縣","尖石鄉","121.295","24.610","219"
"67","334547","20220706005000","62","1","新竹縣","尖石鄉","121.285","24.615","34"
"26","334623","20220706005000","23","1","新竹縣","尖石鄉","121.275","24.640","19"
"58","334698","20220706005000","37","3","新竹縣","峨眉鄉","121.025","24.655","44"
"109","334723","20220706005000","106","1","宜蘭縣","蘇澳鎮","121.840","24.590","83"
"76","334725","20220706005000","72","1","宜蘭縣","蘇澳鎮","121.850","24.590","57"
"755","334726","20220706005000","670","1","宜蘭縣","蘇澳鎮","121.845","24.595","603"
"26","334737","20220706005000","33","0","新竹縣","五峰鄉","121.090","24.605","18"
"37","334763","20220706005000","25","2","新竹縣","五峰鄉","121.105","24.615","30"
"26","334770","20220706005000","22","1","新竹縣","五峰鄉","121.085","24.625","24"
"157","334783","20220706005000","104","3","新竹縣","五峰鄉","121.120","24.630","112"
"359","334790","20220706005000","356","1","新竹縣","五峰鄉","121.100","24.640","388"
"21","334829","20220706005000","18","1","新竹縣","五峰鄉","121.090","24.565","19"
"95","334868","20220706005000","56","3","新竹縣","五峰鄉","121.105","24.580","65"
"23","334869","20220706005000","15","3","新竹縣","五峰鄉","121.110","24.580","12"
"79","334891","20220706005000","60","2","新竹縣","五峰鄉","121.115","24.590","56"
"86","334969","20220706005000","58","2","新竹縣","五峰鄉","121.125","24.590","71"
"38","335076","20220706005000","27","2","新竹縣","五峰鄉","121.155","24.610","20"
"61","335109","20220706005000","46","2","新竹縣","五峰鄉","121.110","24.620","44"
"19","335134","20220706005000","17","1","新竹縣","五峰鄉","121.145","24.625","14"
"59","335187","20220706005000","69","0","新竹縣","五峰鄉","121.150","24.645","52"
"104","335195","20220706005000","73","2","新竹縣","竹東鎮","121.125","24.650","89"
"43","335200","20220706005000","45","0","新竹縣","五峰鄉","121.150","24.650","35"
"120","335230","20220706005000","91","2","新竹縣","五峰鄉","121.180","24.655","72"
"255","335366","20220706005000","126","3","桃園市","復興區","121.400","24.640","210"
"25","335480","20220706005000","23","1","苗栗縣","三灣鄉","120.960","24.610","21"
"10","335488","20220706005000","68","0","苗栗縣","三灣鄉","120.950","24.615","10"
"99","335520","20220706005000","73","2","苗栗縣","三灣鄉","120.925","24.640","65"
"225","335553","20220706005000","230","0","苗栗縣","三灣鄉","121.005","24.645","176"
"145","335569","20220706005000","944","0","苗栗縣","三灣鄉","120.955","24.650","128"
"54","335581","20220706005000","24","3","苗栗縣","三灣鄉","120.945","24.655","42"
"123","335594","20220706005000","80","3","苗栗縣","三灣鄉","120.975","24.645","93"
"207","335619","20220706005000","172","2","苗栗縣","三灣鄉","120.905","24.625","158"
"394","335630","20220706005000","291","2","苗栗縣","後龍鎮","120.770","24.615","277"
"77","335632","20220706005000","58","2","苗栗縣","後龍鎮","120.765","24.620","71"
"368","335635","20220706005000","727","0","苗栗縣","後龍鎮","120.780","24.620","475"
"34","335639","20220706005000","652","0","苗栗縣","後龍鎮","120.780","24.625","53"
"436","335647","20220706005000","579","0","苗栗縣","苗栗市","120.830","24.560","368"
"296","335648","20220706005000","251","1","苗栗縣","苗栗市","120.835","24.560","209"
"827","335652","20220706005000","700","1","苗栗縣","苗栗市","120.825","24.585","726"
"138","335655","20220706005000","149","0","苗栗縣","苗栗市","120.815","24.595","116"
"212","335657","20220706005000","178","1","苗栗縣","苗栗市","120.825","24.595","205"
"823","335658","20220706005000","402","3","苗栗縣","苗栗市","120.825","24.575","649"
"1684","335660","20220706005000","1598","1","苗栗縣","苗栗市","120.825","24.580","1289"
"286","335662","20220706005000","275","1","苗栗縣","苗栗市","120.810","24.560","213"
"1841","335663","20220706005000","2315","0","苗栗縣","苗栗市","120.815","24.560","1423"
"191","335666","20220706005000","352","0","苗栗縣","通霄鎮","120.715","24.560","129"
"123","335669","20220706005000","60","3","苗栗縣","通霄鎮","120.715","24.565","50"
"100","335671","20220706005000","143","0","苗栗縣","通霄鎮","120.710","24.570","93"
"170","335675","20220706005000","165","1","苗栗縣","通霄鎮","120.710","24.565","103"
"126","335689","20220706005000","119","1","苗栗縣","南庄鄉","121.005","24.615","108"
"163","335701","20220706005000","109","2","苗栗縣","南庄鄉","121.010","24.635","136"
"1928","335706","20220706005000","2014","0","苗栗縣","苗栗市","120.820","24.565","1526"
"133","335707","20220706005000","1008","0","苗栗縣","苗栗市","120.820","24.570","164"
"402","335708","20220706005000","454","0","苗栗縣","苗栗市","120.820","24.575","302"
"515","335717","20220706005000","419","2","苗栗縣","後龍鎮","120.775","24.650","439"
"25","335748","20220706005000","299","0","苗栗縣","南庄鄉","120.985","24.635","32"
"1135","335753","20220706005000","813","2","苗栗縣","苗栗市","120.830","24.575","838"
"286","335754","20220706005000","167","3","苗栗縣","苗栗市","120.830","24.580","237"
"69","335762","20220706005000","1890","0","苗栗縣","苗栗市","120.830","24.570","85"
"1069","335763","20220706005000","872","2","苗栗縣","苗栗市","120.835","24.570","866"
"35","335766","20220706005000","116","0","苗栗縣","苗栗市","120.840","24.575","29"
"509","335767","20220706005000","317","3","苗栗縣","苗栗市","120.835","24.580","384"
"299","335776","20220706005000","301","0","苗栗縣","頭屋鄉","120.845","24.595","221"
"56","335787","20220706005000","42","2","苗栗縣","頭屋鄉","120.860","24.570","41"
"332","335795","20220706005000","221","3","苗栗縣","頭屋鄉","120.855","24.580","276"
"191","335796","20220706005000","174","1","苗栗縣","頭屋鄉","120.860","24.580","149"
"34","335799","20220706005000","296","0","苗栗縣","頭屋鄉","120.875","24.580","38"
"45","335801","20220706005000","292","0","苗栗縣","頭屋鄉","120.850","24.570","43"
"59","335802","20220706005000","54","1","苗栗縣","頭屋鄉","120.855","24.570","45"
"503","335804","20220706005000","411","2","苗栗縣","頭屋鄉","120.850","24.575","442"
"78","335805","20220706005000","258","0","苗栗縣","頭屋鄉","120.855","24.575","88"
"107","335817","20220706005000","123","0","苗栗縣","後龍鎮","120.730","24.590","101"
"145","335832","20220706005000","138","1","苗栗縣","後龍鎮","120.735","24.605","132"
"12","335881","20220706005000","76","0","苗栗縣","南庄鄉","120.985","24.570","12"
"30","335884","20220706005000","24","2","苗栗縣","南庄鄉","121.000","24.570","21"
"19","335915","20220706005000","143","0","苗栗縣","南庄鄉","120.995","24.585","16"
"150","335931","20220706005000","147","1","苗栗縣","南庄鄉","121.015","24.595","112"
"432","335948","20220706005000","412","1","苗栗縣","南庄鄉","120.955","24.640","355"
"385","335954","20220706005000","315","2","苗栗縣","南庄鄉","121.000","24.600","298"
"394","335959","20220706005000","381","1","苗栗縣","南庄鄉","121.000","24.605","306"
"32","336014","20220706005000","31","1","苗栗縣","南庄鄉","121.035","24.585","19"
"21","336050","20220706005000","109","0","苗栗縣","南庄鄉","121.040","24.600","19"
"214","336097","20220706005000","166","2","苗栗縣","南庄鄉","121.035","24.620","170"
"42","336103","20220706005000","39","1","苗栗縣","南庄鄉","121.020","24.620","21"
"48","336149","20220706005000","184","0","苗栗縣","頭屋鄉","120.890","24.585","39"
"173","336180","20220706005000","155","1","苗栗縣","頭屋鄉","120.885","24.600","128"
"229","336185","20220706005000","229","1","苗栗縣","頭屋鄉","120.845","24.560","180"
"17","336218","20220706005000","20","0","苗栗縣","頭屋鄉","120.895","24.570","17"
"36","336244","20220706005000","340","0","苗栗縣","頭份鎮","120.880","24.645","48"
"201","336248","20220706005000","178","1","苗栗縣","頭份鎮","120.880","24.650","164"
"500","336249","20220706005000","435","1","苗栗縣","頭份鎮","120.885","24.650","420"
"770","336266","20220706005000","804","0","苗栗縣","後龍鎮","120.785","24.610","678"
"353","336274","20220706005000","289","2","苗栗縣","後龍鎮","120.820","24.615","265"
"30","336275","20220706005000","20","3","苗栗縣","後龍鎮","120.825","24.615","42"
"570","336278","20220706005000","577","0","苗栗縣","後龍鎮","120.810","24.620","483"
"168","336282","20220706005000","189","0","苗栗縣","造橋鄉","120.815","24.625","142"
"1948","336283","20220706005000","1538","2","苗栗縣","苗栗市","120.810","24.565","1531"
"1650","336284","20220706005000","1289","2","苗栗縣","苗栗市","120.815","24.565","1216"
"186","336285","20220706005000","165","1","苗栗縣","苗栗市","120.805","24.570","161"
"23","336287","20220706005000","345","0","苗栗縣","苗栗市","120.815","24.570","21"
"71","336288","20220706005000","75","0","苗栗縣","苗栗市","120.810","24.575","101"
"391","336292","20220706005000","407","0","苗栗縣","苗栗市","120.810","24.585","336"
"204","336295","20220706005000","170","2","苗栗縣","苗栗市","120.810","24.590","148"
"16","336306","20220706005000","12","2","苗栗縣","苗栗市","120.790","24.570","18"
"14","336318","20220706005000","20","0","苗栗縣","苗栗市","120.795","24.580","17"
"10","336321","20220706005000","13","0","苗栗縣","苗栗市","120.785","24.585","10"
"33","336323","20220706005000","36","0","苗栗縣","苗栗市","120.795","24.585","28"
"530","336331","20220706005000","923","0","苗栗縣","苗栗市","120.825","24.570","479"
"10","336351","20220706005000","202","0","苗栗縣","後龍鎮","120.800","24.645","13"
"107","336352","20220706005000","584","0","苗栗縣","後龍鎮","120.805","24.645","138"
"169","336359","20220706005000","105","3","苗栗縣","後龍鎮","120.805","24.650","132"
"2044","336369","20220706005000","1598","2","苗栗縣","後龍鎮","120.790","24.610","1725"
"95","336376","20220706005000","433","0","苗栗縣","後龍鎮","120.810","24.610","116"
"180","336382","20220706005000","161","1","苗栗縣","後龍鎮","120.800","24.625","127"
"149","336386","20220706005000","134","1","苗栗縣","後龍鎮","120.800","24.630","131"
"308","336390","20220706005000","232","2","苗栗縣","後龍鎮","120.800","24.635","258"
"88","336395","20220706005000","68","2","苗栗縣","後龍鎮","120.825","24.605","61"
"163","336400","20220706005000","219","0","苗栗縣","後龍鎮","120.825","24.610","128"
"52","336426","20220706005000","356","0","苗栗縣","造橋鄉","120.890","24.620","57"
"83","336440","20220706005000","76","1","苗栗縣","造橋鄉","120.925","24.600","70"
"82","336466","20220706005000","56","2","苗栗縣","造橋鄉","120.910","24.620","61"
"41","336470","20220706005000","104","0","苗栗縣","造橋鄉","120.865","24.605","49"
"80","336492","20220706005000","75","1","苗栗縣","造橋鄉","120.855","24.620","52"
"36","336494","20220706005000","19","3","苗栗縣","造橋鄉","120.865","24.620","30"
"25","336501","20220706005000","168","0","苗栗縣","造橋鄉","120.865","24.630","29"
"42","336504","20220706005000","28","3","苗栗縣","造橋鄉","120.860","24.645","23"
"262","336507","20220706005000","201","2","苗栗縣","造橋鄉","120.870","24.650","179"
"333","336511","20220706005000","184","3","苗栗縣","造橋鄉","120.860","24.655","252"
"99","336512","20220706005000","79","2","苗栗縣","造橋鄉","120.865","24.655","91"
"232","336520","20220706005000","131","3","苗栗縣","造橋鄉","120.850","24.645","169"
"236","336523","20220706005000","230","1","苗栗縣","造橋鄉","120.845","24.650","191"
"153","336526","20220706005000","243","0","苗栗縣","造橋鄉","120.840","24.650","104"
"90","336531","20220706005000","105","0","苗栗縣","造橋鄉","120.855","24.655","54"
"185","336542","20220706005000","201","0","苗栗縣","造橋鄉","120.840","24.610","154"
"13","336543","20220706005000","10","2","苗栗縣","造橋鄉","120.845","24.610","13"
"55","336546","20220706005000","35","3","苗栗縣","造橋鄉","120.840","24.615","41"
"16","336549","20220706005000","12","2","苗栗縣","造橋鄉","120.830","24.620","16"
"134","336556","20220706005000","132","1","苗栗縣","造橋鄉","120.840","24.625","130"
"39","336559","20220706005000","38","1","苗栗縣","造橋鄉","120.855","24.625","35"
"68","336569","20220706005000","47","2","苗栗縣","造橋鄉","120.860","24.640","66"
"334","336572","20220706005000","333","1","苗栗縣","造橋鄉","120.875","24.640","239"
"232","336573","20220706005000","162","2","苗栗縣","造橋鄉","120.865","24.645","163"
"103","336574","20220706005000","106","0","苗栗縣","造橋鄉","120.870","24.645","78"
"54","336587","20220706005000","34","3","苗栗縣","造橋鄉","120.820","24.630","41"
"18","336597","20220706005000","134","0","苗栗縣","造橋鄉","120.825","24.640","12"
"32","336604","20220706005000","31","1","苗栗縣","造橋鄉","120.840","24.645","23"
"141","336605","20220706005000","55","3","苗栗縣","造橋鄉","120.830","24.650","118"
"69","336610","20220706005000","61","1","苗栗縣","造橋鄉","120.840","24.655","61"
"345","336662","20220706005000","224","3","苗栗縣","獅潭鄉","120.940","24.590","254"
"1362","336672","20220706005000","1033","2","苗栗縣","頭份鎮","120.890","24.625","1032"
"293","336679","20220706005000","242","2","苗栗縣","頭份鎮","120.885","24.635","236"
"216","336689","20220706005000","124","3","苗栗縣","頭份鎮","120.885","24.645","166"
"17","336694","20220706005000","17","1","苗栗縣","頭份鎮","120.905","24.650","16"
"167","336696","20220706005000","107","3","苗栗縣","後龍鎮","120.815","24.635","131"
"172","336716","20220706005000","155","1","苗栗縣","後龍鎮","120.765","24.590","155"
"156","336717","20220706005000","130","2","苗栗縣","後龍鎮","120.750","24.595","121"
"187","336734","20220706005000","153","2","苗栗縣","後龍鎮","120.760","24.635","168"
"31","336737","20220706005000","30","1","苗栗縣","後龍鎮","120.775","24.635","24"
"123","336741","20220706005000","127","0","苗栗縣","後龍鎮","120.770","24.640","106"
"468","336749","20220706005000","421","1","苗栗縣","後龍鎮","120.825","24.600","390"
"241","336751","20220706005000","290","0","苗栗縣","後龍鎮","120.815","24.605","226"
"154","336767","20220706005000","152","1","苗栗縣","後龍鎮","120.790","24.590","105"
"53","336777","20220706005000","328","0","苗栗縣","後龍鎮","120.780","24.600","65"
"193","336816","20220706005000","317","0","苗栗縣","西湖鄉","120.755","24.560","164"
"348","336818","20220706005000","314","1","苗栗縣","西湖鄉","120.755","24.565","297"
"30","336841","20220706005000","646","0","苗栗縣","後龍鎮","120.790","24.615","47"
"246","336849","20220706005000","243","1","苗栗縣","後龍鎮","120.735","24.570","210"
"57","336860","20220706005000","54","1","苗栗縣","後龍鎮","120.715","24.585","46"
"67","336867","20220706005000","64","1","苗栗縣","後龍鎮","120.725","24.590","46"
"10","336873","20220706005000","13","0","苗栗縣","後龍鎮","120.725","24.600","11"
"1190","345384","20220706005000","937","2","宜蘭縣","員山鄉","121.730","24.730","936"
"755","345386","20220706005000","538","2","宜蘭縣","冬山鄉","121.750","24.655","592"
"1033","345394","20220706005000","936","1","宜蘭縣","員山鄉","121.725","24.740","801"
"915","345398","20220706005000","813","1","宜蘭縣","員山鄉","121.725","24.745","724"
"198","345405","20220706005000","178","1","宜蘭縣","員山鄉","121.705","24.730","151"
"292","345413","20220706005000","161","3","宜蘭縣","員山鄉","121.715","24.735","240"
"390","345414","20220706005000","342","1","宜蘭縣","員山鄉","121.720","24.735","297"
"18","345418","20220706005000","474","0","宜蘭縣","宜蘭市","121.760","24.755","11"
"994","345419","20220706005000","1194","0","宜蘭縣","宜蘭市","121.755","24.755","750"
"299","345420","20220706005000","262","1","宜蘭縣","員山鄉","121.730","24.710","238"
"678","345431","20220706005000","519","2","宜蘭縣","宜蘭市","121.740","24.725","611"
"61","345442","20220706005000","53","1","宜蘭縣","員山鄉","121.630","24.690","54"
"22","345460","20220706005000","27","0","宜蘭縣","員山鄉","121.645","24.700","19"
"105","345472","20220706005000","80","2","宜蘭縣","員山鄉","121.645","24.705","83"
"56","345493","20220706005000","54","1","宜蘭縣","員山鄉","121.665","24.710","50"
"37","345545","20220706005000","59","0","宜蘭縣","員山鄉","121.680","24.715","33"
"384","345546","20220706005000","256","3","宜蘭縣","員山鄉","121.685","24.715","303"
"422","345550","20220706005000","335","2","宜蘭縣","員山鄉","121.685","24.720","334"
"1039","345564","20220706005000","763","2","宜蘭縣","冬山鄉","121.705","24.655","848"
"525","345567","20220706005000","440","1","宜蘭縣","冬山鄉","121.745","24.670","428"
"35","345571","20220706005000","301","0","宜蘭縣","羅東鎮","121.750","24.685","53"
"18","345574","20220706005000","12","3","宜蘭縣","冬山鄉","121.730","24.660","23"
"442","345575","20220706005000","329","2","宜蘭縣","冬山鄉","121.735","24.660","361"
"500","345579","20220706005000","429","1","宜蘭縣","冬山鄉","121.745","24.665","468"
"596","345580","20220706005000","331","3","宜蘭縣","冬山鄉","121.750","24.670","508"
"440","345593","20220706005000","309","2","宜蘭縣","冬山鄉","121.735","24.680","393"
"337","345596","20220706005000","245","2","宜蘭縣","冬山鄉","121.730","24.685","214"
"525","345600","20220706005000","244","3","宜蘭縣","冬山鄉","121.740","24.690","386"
"290","345608","20220706005000","210","2","宜蘭縣","壯圍鄉","121.780","24.725","284"
"632","345621","20220706005000","372","3","宜蘭縣","宜蘭市","121.755","24.765","508"
"197","345623","20220706005000","411","0","宜蘭縣","三星鄉","121.685","24.700","170"
"283","345646","20220706005000","205","2","宜蘭縣","五結鄉","121.775","24.700","212"
"55","345649","20220706005000","162","0","宜蘭縣","五結鄉","121.790","24.700","100"
"339","345652","20220706005000","266","2","宜蘭縣","五結鄉","121.785","24.705","265"
"312","345678","20220706005000","292","1","宜蘭縣","三星鄉","121.675","24.685","292"
"569","345685","20220706005000","388","2","宜蘭縣","三星鄉","121.670","24.690","411"
"28","345695","20220706005000","139","0","宜蘭縣","三星鄉","121.685","24.695","57"
"290","345711","20220706005000","204","2","宜蘭縣","三星鄉","121.630","24.665","190"
"1017","345715","20220706005000","1032","0","宜蘭縣","宜蘭市","121.755","24.760","854"
"525","345716","20220706005000","423","2","宜蘭縣","三星鄉","121.655","24.670","407"
"1439","345720","20220706005000","1273","1","宜蘭縣","三星鄉","121.650","24.665","1187"
"925","345726","20220706005000","1062","0","宜蘭縣","壯圍鄉","121.815","24.760","781"
"229","345731","20220706005000","185","2","宜蘭縣","大同鄉","121.600","24.675","235"
"198","345738","20220706005000","161","2","宜蘭縣","大同鄉","121.610","24.680","158"
"130","345857","20220706005000","103","2","宜蘭縣","大同鄉","121.580","24.655","95"
"171","345897","20220706005000","116","2","宜蘭縣","大同鄉","121.590","24.665","134"
"36","345918","20220706005000","24","3","宜蘭縣","大同鄉","121.590","24.670","28"
"400","345998","20220706005000","393","1","宜蘭縣","宜蘭市","121.745","24.760","321"
"430","346004","20220706005000","417","1","宜蘭縣","壯圍鄉","121.820","24.725","352"
"546","346010","20220706005000","495","1","宜蘭縣","員山鄉","121.685","24.730","433"
"425","346029","20220706005000","250","3","宜蘭縣","員山鄉","121.705","24.710","356"
"165","346033","20220706005000","128","2","宜蘭縣","員山鄉","121.725","24.710","125"
"1183","346041","20220706005000","851","2","宜蘭縣","員山鄉","121.720","24.725","1042"
"287","346048","20220706005000","261","1","宜蘭縣","員山鄉","121.700","24.745","242"
"23","346150","20220706005000","21","1","宜蘭縣","員山鄉","121.670","24.745","17"
"331","346153","20220706005000","232","2","宜蘭縣","員山鄉","121.685","24.745","275"
"34","346174","20220706005000","18","3","宜蘭縣","員山鄉","121.590","24.755","34"
"30","346184","20220706005000","36","0","宜蘭縣","員山鄉","121.640","24.755","19"
"230","346231","20220706005000","198","1","宜蘭縣","冬山鄉","121.790","24.655","171"
"523","346234","20220706005000","442","1","宜蘭縣","冬山鄉","121.805","24.655","389"
"683","346247","20220706005000","643","1","宜蘭縣","羅東鎮","121.775","24.685","507"
"333","346248","20220706005000","281","1","宜蘭縣","五結鄉","121.775","24.690","236"
"941","346251","20220706005000","696","2","宜蘭縣","五結鄉","121.770","24.695","811"
"399","346252","20220706005000","299","2","宜蘭縣","五結鄉","121.775","24.695","326"
"2710","346254","20220706005000","2398","1","宜蘭縣","羅東鎮","121.770","24.680","2123"
"40","346256","20220706005000","31","2","宜蘭縣","員山鄉","121.720","24.760","34"
"2876","346259","20220706005000","2104","2","宜蘭縣","五結鄉","121.770","24.705","2198"
"1124","346261","20220706005000","720","3","宜蘭縣","五結鄉","121.785","24.685","928"
"1738","346263","20220706005000","1946","0","宜蘭縣","五結鄉","121.795","24.685","1651"
"1042","346264","20220706005000","906","1","宜蘭縣","五結鄉","121.800","24.685","793"
"1333","346266","20220706005000","1271","1","宜蘭縣","五結鄉","121.795","24.690","1065"
"745","346267","20220706005000","675","1","宜蘭縣","五結鄉","121.795","24.695","633"
"1022","346274","20220706005000","981","1","宜蘭縣","五結鄉","121.820","24.665","925"
"50","346275","20220706005000","15","3","宜蘭縣","五結鄉","121.825","24.665","40"
"663","346280","20220706005000","496","2","宜蘭縣","五結鄉","121.810","24.675","489"
"129","346281","20220706005000","106","2","宜蘭縣","五結鄉","121.815","24.675","89"
"474","346284","20220706005000","384","2","宜蘭縣","五結鄉","121.815","24.680","369"
"228","346286","20220706005000","174","2","宜蘭縣","五結鄉","121.800","24.680","166"
"52","346292","20220706005000","330","0","宜蘭縣","壯圍鄉","121.795","24.760","96"
"19","346296","20220706005000","19","1","宜蘭縣","三星鄉","121.665","24.675","14"
"279","346360","20220706005000","347","0","宜蘭縣","壯圍鄉","121.815","24.745","258"
"39","346378","20220706005000","28","2","宜蘭縣","壯圍鄉","121.805","24.765","30"
"2096","346379","20220706005000","2024","1","宜蘭縣","宜蘭市","121.750","24.750","1725"
"444","346389","20220706005000","383","1","宜蘭縣","五結鄉","121.810","24.700","351"
"272","346394","20220706005000","233","1","宜蘭縣","五結鄉","121.830","24.675","260"
"407","346399","20220706005000","476","0","宜蘭縣","五結鄉","121.825","24.680","361"
"29","346400","20220706005000","92","0","宜蘭縣","五結鄉","121.830","24.680","37"
"22","346401","20220706005000","20","1","宜蘭縣","五結鄉","121.835","24.680","47"
"40","346403","20220706005000","64","0","宜蘭縣","五結鄉","121.825","24.685","76"
"182","346413","20220706005000","146","2","宜蘭縣","五結鄉","121.835","24.660","149"
"243","346416","20220706005000","107","3","宜蘭縣","五結鄉","121.835","24.665","171"
"719","346420","20220706005000","783","0","宜蘭縣","五結鄉","121.795","24.680","555"
"726","346421","20220706005000","539","2","宜蘭縣","五結鄉","121.800","24.675","696"
"718","346423","20220706005000","372","3","宜蘭縣","五結鄉","121.785","24.680","558"
"706","346429","20220706005000","372","3","宜蘭縣","冬山鄉","121.775","24.660","569"
"265","346430","20220706005000","393","0","宜蘭縣","冬山鄉","121.770","24.665","201"
"309","346431","20220706005000","560","0","宜蘭縣","宜蘭市","121.745","24.755","243"
"671","346436","20220706005000","621","1","宜蘭縣","宜蘭市","121.750","24.740","552"
"850","346437","20220706005000","817","1","宜蘭縣","宜蘭市","121.750","24.760","718"
"53","346440","20220706005000","95","0","宜蘭縣","冬山鄉","121.765","24.665","43"
"338","346442","20220706005000","253","2","宜蘭縣","冬山鄉","121.780","24.660","246"
"547","346443","20220706005000","431","2","宜蘭縣","冬山鄉","121.785","24.660","409"
"178","346456","20220706005000","170","1","宜蘭縣","宜蘭市","121.770","24.720","132"
"1025","346457","20220706005000","781","2","宜蘭縣","宜蘭市","121.760","24.720","817"
"266","346458","20220706005000","212","2","宜蘭縣","宜蘭市","121.765","24.720","225"
"137","346461","20220706005000","161","0","宜蘭縣","五結鄉","121.820","24.695","128"
"169","346470","20220706005000","115","2","宜蘭縣","五結鄉","121.810","24.705","136"
"586","346472","20220706005000","427","2","宜蘭縣","五結鄉","121.820","24.705","439"
"235","346534","20220706005000","209","1","宜蘭縣","三星鄉","121.680","24.665","192"
"384","346538","20220706005000","269","2","宜蘭縣","三星鄉","121.680","24.670","314"
"474","346540","20220706005000","477","0","宜蘭縣","宜蘭市","121.740","24.760","391"
"281","346545","20220706005000","795","0","宜蘭縣","員山鄉","121.710","24.750","272"
"378","346553","20220706005000","248","3","宜蘭縣","員山鄉","121.715","24.760","307"
"716","346555","20220706005000","545","2","宜蘭縣","羅東鎮","121.765","24.690","549"
"589","346556","20220706005000","659","0","宜蘭縣","五結鄉","121.770","24.690","503"
"370","346558","20220706005000","249","2","宜蘭縣","壯圍鄉","121.800","24.730","327"
"2022","346566","20220706005000","1454","2","宜蘭縣","壯圍鄉","121.785","24.745","1552"
"412","346572","20220706005000","383","1","宜蘭縣","三星鄉","121.690","24.680","318"
"122","346599","20220706005000","303","0","宜蘭縣","三星鄉","121.700","24.665","97"
"687","346607","20220706005000","532","2","宜蘭縣","三星鄉","121.710","24.670","558"
"651","346608","20220706005000","568","1","宜蘭縣","三星鄉","121.715","24.670","473"
"301","346611","20220706005000","235","2","宜蘭縣","冬山鄉","121.730","24.670","250"
"572","346626","20220706005000","772","0","宜蘭縣","員山鄉","121.725","24.765","529"
"1803","346628","20220706005000","3131","0","宜蘭縣","羅東鎮","121.770","24.675","1662"
"3606","346629","20220706005000","3104","1","宜蘭縣","羅東鎮","121.760","24.680","2955"
"2427","346630","20220706005000","2167","1","宜蘭縣","羅東鎮","121.760","24.675","1953"
"368","346634","20220706005000","270","2","宜蘭縣","宜蘭市","121.775","24.735","334"
"880","346635","20220706005000","806","1","宜蘭縣","宜蘭市","121.765","24.740","660"
"1502","346642","20220706005000","1596","0","宜蘭縣","宜蘭市","121.770","24.750","1288"
"17","346652","20220706005000","74","0","宜蘭縣","壯圍鄉","121.805","24.720","13"
"1769","346668","20220706005000","1165","3","宜蘭縣","宜蘭市","121.750","24.755","1424"
"925","346672","20220706005000","888","1","宜蘭縣","冬山鄉","121.770","24.655","774"
"1127","346673","20220706005000","969","1","宜蘭縣","冬山鄉","121.755","24.660","829"
"513","346674","20220706005000","461","1","宜蘭縣","冬山鄉","121.760","24.660","442"
"734","346675","20220706005000","520","2","宜蘭縣","冬山鄉","121.765","24.660","595"
"1167","346678","20220706005000","961","2","宜蘭縣","羅東鎮","121.780","24.675","843"
"531","346684","20220706005000","497","1","宜蘭縣","宜蘭市","121.770","24.725","424"
"431","346685","20220706005000","343","2","宜蘭縣","宜蘭市","121.765","24.725","400"
"13","346689","20220706005000","12","1","宜蘭縣","宜蘭市","121.760","24.735","10"
"2014","346692","20220706005000","1724","1","宜蘭縣","宜蘭市","121.755","24.745","1568"
"584","346698","20220706005000","295","3","宜蘭縣","三星鄉","121.725","24.690","449"
"577","346702","20220706005000","497","1","宜蘭縣","三星鄉","121.730","24.695","493"
"669","346710","20220706005000","629","1","宜蘭縣","羅東鎮","121.755","24.670","545"
"736","346712","20220706005000","774","0","宜蘭縣","羅東鎮","121.765","24.670","673"
"751","346713","20220706005000","644","1","宜蘭縣","五結鄉","121.800","24.690","602"
"1115","346714","20220706005000","978","1","宜蘭縣","五結鄉","121.800","24.695","889"
"424","346718","20220706005000","414","1","宜蘭縣","五結鄉","121.790","24.705","301"
"277","346731","20220706005000","259","1","宜蘭縣","三星鄉","121.745","24.700","199"
"2519","346739","20220706005000","2290","1","新竹縣","竹東鎮","121.100","24.720","1937"
"61","346747","20220706005000","74","0","新竹縣","竹東鎮","121.035","24.760","60"
"2888","346754","20220706005000","2020","2","新竹縣","竹東鎮","121.090","24.745","2097"
"789","346790","20220706005000","879","0","新竹市","香山區","120.955","24.750","641"
"96","346791","20220706005000","120","0","新竹市","香山區","120.940","24.755","53"
"241","346792","20220706005000","190","2","新竹市","香山區","120.945","24.755","209"
"536","346793","20220706005000","1256","0","新竹市","香山區","120.950","24.755","421"
"166","346794","20220706005000","117","2","新竹市","香山區","120.920","24.720","121"
"518","346797","20220706005000","501","1","新竹市","香山區","120.915","24.730","381"
"290","346804","20220706005000","243","1","新竹市","香山區","120.915","24.735","217"
"394","346806","20220706005000","422","0","新竹市","香山區","120.915","24.740","251"
"1168","346812","20220706005000","844","2","新竹市","香山區","120.910","24.745","853"
"113","346817","20220706005000","128","0","新竹市","香山區","120.880","24.735","93"
"20","346819","20220706005000","14","2","新竹市","香山區","120.890","24.735","11"
"318","346825","20220706005000","344","0","新竹市","香山區","120.895","24.740","228"
"130","346835","20220706005000","96","2","新竹市","香山區","120.925","24.715","118"
"155","346841","20220706005000","117","2","新竹市","香山區","120.930","24.725","133"
"128","346860","20220706005000","111","1","新竹縣","關西鎮","121.210","24.760","100"
"37","346863","20220706005000","35","1","新竹縣","關西鎮","121.225","24.760","34"
"59","346867","20220706005000","56","1","新竹縣","關西鎮","121.215","24.765","52"
"134","346868","20220706005000","83","3","新竹縣","關西鎮","121.220","24.765","83"
"99","346896","20220706005000","79","2","新竹縣","關西鎮","121.240","24.765","89"
"238","346907","20220706005000","161","2","新竹縣","關西鎮","121.230","24.770","180"
"1692","346918","20220706005000","1558","1","新竹市","東區","121.020","24.760","1476"
"66","346919","20220706005000","92","0","新竹市","東區","121.025","24.760","46"
"434","346920","20220706005000","555","0","新竹市","東區","121.020","24.765","376"
"896","346921","20220706005000","905","0","新竹市","東區","121.025","24.765","837"
"5733","346922","20220706005000","4424","2","新竹市","東區","121.015","24.770","4857"
"1243","346923","20220706005000","1654","0","新竹市","東區","121.020","24.770","1085"
"390","346924","20220706005000","376","1","新竹市","東區","121.025","24.770","384"
"175","346931","20220706005000","644","0","新竹縣","竹東鎮","121.090","24.735","147"
"196","346936","20220706005000","374","0","新竹縣","橫山鄉","121.100","24.710","509"
"867","346937","20220706005000","739","1","新竹縣","竹東鎮","121.100","24.715","703"
"436","346949","20220706005000","400","1","新竹縣","橫山鄉","121.180","24.705","291"
"227","346961","20220706005000","218","1","新竹縣","橫山鄉","121.165","24.710","199"
"180","346964","20220706005000","166","1","新竹縣","橫山鄉","121.150","24.715","147"
"15","346967","20220706005000","40","0","新竹縣","橫山鄉","121.165","24.715","15"
"1002","347497","20220706005000","1226","0","新竹市","東區","120.975","24.765","823"
"924","347498","20220706005000","563","3","新竹市","東區","120.980","24.765","680"
"382","347499","20220706005000","316","2","新竹市","東區","120.970","24.770","307"
"2026","347500","20220706005000","1649","2","新竹市","東區","120.975","24.770","1652"
"437","347505","20220706005000","312","2","新竹市","東區","120.965","24.765","292"
"1018","347506","20220706005000","1102","0","新竹市","東區","120.970","24.765","818"
"83","347507","20220706005000","76","1","新竹市","東區","120.965","24.770","81"
"1324","347508","20220706005000","1175","1","新竹縣","竹東鎮","121.085","24.735","991"
"325","347515","20220706005000","512","0","新竹縣","竹東鎮","121.075","24.725","254"
"404","347520","20220706005000","409","0","新竹縣","竹東鎮","121.090","24.730","309"
"1604","347521","20220706005000","1333","2","新竹縣","竹東鎮","121.085","24.740","1254"
"943","347522","20220706005000","849","1","新竹縣","竹東鎮","121.100","24.745","894"
"487","347533","20220706005000","488","0","新竹縣","芎林鄉","121.125","24.725","416"
"351","347538","20220706005000","322","1","新竹縣","芎林鄉","121.120","24.735","220"
"171","347547","20220706005000","169","1","新竹縣","芎林鄉","121.135","24.745","150"
"57","347555","20220706005000","43","2","新竹縣","芎林鄉","121.140","24.750","37"
"93","347573","20220706005000","74","2","新竹縣","關西鎮","121.185","24.755","75"
"10","347587","20220706005000","36","0","新竹縣","關西鎮","121.205","24.765","10"
"29","347621","20220706005000","24","2","新竹縣","關西鎮","121.195","24.750","29"
"34","347640","20220706005000","70","0","新竹縣","關西鎮","121.180","24.745","27"
"48","347650","20220706005000","38","2","新竹縣","關西鎮","121.170","24.755","38"
"125","347665","20220706005000","73","3","新竹縣","關西鎮","121.170","24.765","93"
"188","347670","20220706005000","164","1","新竹縣","關西鎮","121.170","24.770","145"
"2920","347702","20220706005000","2716","1","新竹縣","竹東鎮","121.090","24.740","2208"
"257","347705","20220706005000","245","1","新竹縣","竹東鎮","121.100","24.695","183"
"1473","347714","20220706005000","1371","1","新竹縣","竹東鎮","121.050","24.770","1076"
"168","347720","20220706005000","116","2","新竹縣","寶山鄉","121.030","24.735","129"
"34","347723","20220706005000","97","0","新竹縣","寶山鄉","121.020","24.740","42"
"125","347740","20220706005000","174","0","新竹縣","寶山鄉","121.030","24.750","124"
"111","347774","20220706005000","74","3","新竹縣","寶山鄉","121.050","24.730","89"
"115","347788","20220706005000","97","1","新竹縣","寶山鄉","121.040","24.745","118"
"106","347794","20220706005000","95","1","新竹縣","寶山鄉","121.045","24.745","78"
"22","347799","20220706005000","14","3","新竹縣","寶山鄉","121.050","24.750","20"
"181","347805","20220706005000","187","0","新竹縣","寶山鄉","120.960","24.725","149"
"151","347806","20220706005000","114","2","新竹縣","寶山鄉","120.965","24.725","133"
"31","347808","20220706005000","20","3","新竹縣","寶山鄉","120.975","24.725","24"
"211","347809","20220706005000","185","1","新竹縣","寶山鄉","120.980","24.725","179"
"333","347812","20220706005000","292","1","新竹縣","寶山鄉","120.965","24.730","273"
"20","347817","20220706005000","12","3","新竹縣","寶山鄉","120.965","24.735","12"
"14","347818","20220706005000","24","0","新竹縣","寶山鄉","120.970","24.735","19"
"64","347821","20220706005000","54","1","新竹縣","寶山鄉","120.985","24.735","50"
"128","347823","20220706005000","97","2","新竹縣","寶山鄉","120.970","24.740","107"
"98","347832","20220706005000","93","1","新竹縣","寶山鄉","120.980","24.745","82"
"223","347835","20220706005000","200","1","新竹縣","寶山鄉","120.980","24.755","134"
"89","347842","20220706005000","79","1","新竹縣","寶山鄉","121.000","24.715","55"
"120","347845","20220706005000","82","2","新竹縣","寶山鄉","121.015","24.715","81"
"510","347878","20220706005000","483","1","新竹縣","寶山鄉","120.940","24.725","392"
"58","347882","20220706005000","49","1","新竹縣","寶山鄉","120.945","24.740","46"
"139","347889","20220706005000","143","0","新竹縣","寶山鄉","120.960","24.745","106"
"14","347900","20220706005000","56","0","新竹縣","北埔鄉","121.055","24.670","16"
"1439","347925","20220706005000","1297","1","新竹縣","北埔鄉","121.055","24.695","1123"
"158","347926","20220706005000","134","1","新竹縣","北埔鄉","121.045","24.700","112"
"380","347927","20220706005000","249","3","新竹縣","北埔鄉","121.050","24.700","276"
"50","347930","20220706005000","44","1","新竹縣","北埔鄉","121.045","24.705","47"
"25","347931","20220706005000","30","0","新竹縣","北埔鄉","121.050","24.705","39"
"71","347934","20220706005000","59","2","新竹縣","北埔鄉","121.045","24.715","55"
"287","347949","20220706005000","238","2","新竹縣","北埔鄉","121.065","24.675","241"
"474","347958","20220706005000","394","2","新竹縣","橫山鄉","121.130","24.725","377"
"44","347972","20220706005000","254","0","新竹縣","橫山鄉","121.140","24.715","46"
"421","347976","20220706005000","401","1","新竹縣","橫山鄉","121.140","24.720","296"
"63","347986","20220706005000","19","3","新竹縣","橫山鄉","121.130","24.700","46"
"78","347995","20220706005000","156","0","新竹縣","橫山鄉","121.115","24.710","57"
"507","348000","20220706005000","462","1","新竹縣","橫山鄉","121.110","24.715","385"
"121","348001","20220706005000","127","0","新竹縣","橫山鄉","121.115","24.715","102"
"14","348003","20220706005000","87","0","新竹縣","橫山鄉","121.125","24.715","13"
"39","348006","20220706005000","169","0","新竹縣","橫山鄉","121.115","24.720","61"
"515","348007","20220706005000","677","0","新竹縣","橫山鄉","121.120","24.720","349"
"29","348008","20220706005000","46","0","新竹縣","橫山鄉","121.125","24.720","35"
"354","348022","20220706005000","271","2","新竹縣","橫山鄉","121.160","24.740","258"
"137","348032","20220706005000","82","3","新竹縣","橫山鄉","121.165","24.745","100"
"63","348040","20220706005000","37","3","新竹縣","橫山鄉","121.105","24.680","50"
"65","348074","20220706005000","56","1","新竹縣","橫山鄉","121.165","24.730","55"
"33","348081","20220706005000","34","0","新竹縣","橫山鄉","121.170","24.735","32"
"19","348083","20220706005000","22","0","新竹縣","橫山鄉","121.180","24.735","19"
"10","348089","20220706005000","13","0","新竹縣","關西鎮","121.185","24.740","10"
"267","348136","20220706005000","141","3","新竹縣","橫山鄉","121.140","24.700","212"
"1215","348137","20220706005000","1069","1","新竹縣","竹東鎮","121.095","24.735","940"
"1629","348138","20220706005000","1511","1","新竹縣","竹東鎮","121.100","24.735","1238"
"40","348144","20220706005000","34","1","新竹縣","芎林鄉","121.110","24.770","52"
"732","348163","20220706005000","689","1","新竹縣","芎林鄉","121.085","24.765","558"
"27","348164","20220706005000","20","2","新竹縣","芎林鄉","121.085","24.770","17"
"348","348165","20220706005000","396","0","新竹縣","芎林鄉","121.095","24.760","274"
"94","348190","20220706005000","64","2","新竹縣","芎林鄉","121.125","24.755","82"
"10","348191","20220706005000","12","0","新竹縣","芎林鄉","121.130","24.755","10"
"184","348207","20220706005000","218","0","新竹縣","寶山鄉","120.985","24.750","316"
"246","348212","20220706005000","257","0","新竹縣","寶山鄉","120.995","24.755","205"
"1610","348213","20220706005000","1358","1","新竹縣","寶山鄉","120.985","24.760","1174"
"811","348217","20220706005000","865","0","新竹縣","寶山鄉","120.990","24.765","622"
"179","348225","20220706005000","153","1","新竹縣","尖石鄉","121.200","24.705","139"
"19","348257","20220706005000","22","0","新竹縣","尖石鄉","121.235","24.720","19"
"60","348272","20220706005000","48","2","新竹縣","尖石鄉","121.225","24.730","64"
"79","348276","20220706005000","50","3","新竹縣","尖石鄉","121.245","24.730","68"
"54","348320","20220706005000","30","3","新竹縣","尖石鄉","121.260","24.705","43"
"137","348345","20220706005000","113","2","新竹縣","尖石鄉","121.270","24.715","97"
"136","348353","20220706005000","111","2","新竹縣","尖石鄉","121.250","24.720","105"
"113","348419","20220706005000","99","1","新竹縣","尖石鄉","121.265","24.745","113"
"31","348461","20220706005000","32","0","新竹縣","尖石鄉","121.185","24.665","30"
"70","348468","20220706005000","47","2","新竹縣","尖石鄉","121.195","24.670","56"
"37","348469","20220706005000","27","2","新竹縣","尖石鄉","121.200","24.670","27"
"66","348470","20220706005000","46","2","新竹縣","尖石鄉","121.205","24.670","40"
"118","348506","20220706005000","56","3","新竹縣","尖石鄉","121.350","24.660","94"
"52","348549","20220706005000","44","1","新竹縣","尖石鄉","121.310","24.685","45"
"204","348577","20220706005000","128","3","新竹縣","尖石鄉","121.280","24.665","159"
"129","348584","20220706005000","142","0","新竹縣","五峰鄉","121.150","24.670","115"
"55","348588","20220706005000","40","2","新竹縣","尖石鄉","121.170","24.670","43"
"46","348599","20220706005000","30","3","新竹縣","尖石鄉","121.170","24.680","32"
"64","348600","20220706005000","80","0","新竹縣","尖石鄉","121.175","24.680","56"
"21","348608","20220706005000","18","1","新竹縣","尖石鄉","121.185","24.685","20"
"14","348708","20220706005000","11","2","新竹縣","尖石鄉","121.235","24.680","19"
"161","348711","20220706005000","104","3","新竹縣","尖石鄉","121.250","24.680","153"
"76","348720","20220706005000","120","0","新竹縣","尖石鄉","121.220","24.685","69"
"303","348785","20220706005000","164","3","新竹縣","尖石鄉","121.220","24.705","257"
"56","348819","20220706005000","49","1","新竹縣","峨眉鄉","121.035","24.695","42"
"68","348820","20220706005000","158","0","新竹縣","北埔鄉","121.040","24.695","195"
"97","348822","20220706005000","88","1","新竹縣","峨眉鄉","121.035","24.700","86"
"84","348831","20220706005000","85","0","新竹縣","峨眉鄉","120.985","24.685","53"
"35","348834","20220706005000","31","1","新竹縣","峨眉鄉","120.970","24.690","21"
"129","348838","20220706005000","116","1","新竹縣","峨眉鄉","120.990","24.690","114"
"63","348845","20220706005000","52","2","新竹縣","峨眉鄉","120.985","24.700","40"
"32","348851","20220706005000","39","0","新竹縣","峨眉鄉","120.990","24.705","40"
"410","348861","20220706005000","372","1","新竹縣","峨眉鄉","121.025","24.685","328"
"282","348863","20220706005000","210","2","新竹縣","峨眉鄉","121.020","24.690","203"
"163","348870","20220706005000","169","0","新竹縣","北埔鄉","121.055","24.685","132"
"169","348889","20220706005000","131","2","新竹縣","北埔鄉","121.090","24.690","141"
"95","348892","20220706005000","63","3","新竹縣","北埔鄉","121.070","24.695","78"
"570","348909","20220706005000","507","1","新竹縣","北埔鄉","121.060","24.700","423"
"46","348910","20220706005000","52","0","新竹縣","北埔鄉","121.065","24.700","41"
"26","348919","20220706005000","23","1","新竹縣","北埔鄉","121.060","24.710","24"
"12","348944","20220706005000","13","0","新竹縣","寶山鄉","121.000","24.720","13"
"124","348947","20220706005000","103","2","新竹縣","寶山鄉","121.000","24.725","86"
"75","348952","20220706005000","60","2","新竹縣","寶山鄉","121.005","24.730","63"
"403","348957","20220706005000","310","2","新竹縣","寶山鄉","120.990","24.740","367"
"81","348958","20220706005000","58","2","新竹縣","寶山鄉","120.995","24.740","58"
"54","348969","20220706005000","52","1","新竹縣","寶山鄉","121.005","24.745","64"
"848","348971","20220706005000","1037","0","新竹縣","寶山鄉","121.005","24.750","710"
"682","348978","20220706005000","688","0","新竹縣","寶山鄉","121.020","24.755","575"
"312","348983","20220706005000","402","0","新竹縣","寶山鄉","121.000","24.765","215"
"960","348986","20220706005000","1036","0","新竹縣","寶山鄉","121.015","24.765","887"
"747","348987","20220706005000","956","0","新竹縣","寶山鄉","121.000","24.770","686"
"104","348988","20220706005000","55","3","新竹縣","寶山鄉","121.005","24.770","115"
"204","348989","20220706005000","441","0","新竹縣","寶山鄉","121.010","24.770","209"
"72","348993","20220706005000","62","1","新竹縣","峨眉鄉","120.990","24.665","59"
"25","349000","20220706005000","22","1","新竹縣","峨眉鄉","120.995","24.670","16"
"72","349005","20220706005000","42","3","新竹縣","峨眉鄉","120.985","24.675","61"
"93","349012","20220706005000","79","1","新竹縣","峨眉鄉","120.990","24.680","75"
"161","349031","20220706005000","116","2","新竹縣","峨眉鄉","121.000","24.700","142"
"1375","349060","20220706005000","1323","1","新竹縣","竹東鎮","121.060","24.750","1070"
"335","349062","20220706005000","285","1","新竹縣","竹東鎮","121.070","24.750","244"
"906","349066","20220706005000","931","0","新竹縣","竹東鎮","121.070","24.755","620"
"2023","349070","20220706005000","1834","1","新竹縣","竹東鎮","121.065","24.760","1676"
"5370","349073","20220706005000","4833","1","新竹縣","竹東鎮","121.060","24.765","4007"
"228","349074","20220706005000","89","3","新竹縣","竹東鎮","121.065","24.765","250"
"155","349079","20220706005000","117","2","新竹縣","竹東鎮","121.120","24.660","118"
"132","349087","20220706005000","340","0","新竹縣","竹東鎮","121.090","24.720","172"
"2300","349088","20220706005000","2211","1","新竹縣","竹東鎮","121.095","24.720","1708"
"3024","349089","20220706005000","2720","1","新竹縣","竹東鎮","121.090","24.725","2477"
"799","349090","20220706005000","832","0","新竹縣","竹東鎮","121.095","24.725","589"
"1984","349092","20220706005000","1374","2","新竹縣","竹東鎮","121.095","24.730","1530"
"279","349094","20220706005000","346","0","新竹縣","竹東鎮","121.105","24.730","220"
"349","349096","20220706005000","500","0","新竹縣","竹東鎮","121.055","24.755","256"
"65","349099","20220706005000","70","0","新竹縣","竹東鎮","121.045","24.765","53"
"863","349103","20220706005000","878","0","新竹縣","竹東鎮","121.060","24.770","779"
"769","349105","20220706005000","672","1","新竹縣","竹東鎮","121.080","24.735","558"
"202","349109","20220706005000","92","3","新竹縣","竹東鎮","121.080","24.740","172"
"94","349110","20220706005000","67","2","新竹縣","竹東鎮","121.075","24.745","79"
"1088","349113","20220706005000","1267","0","新竹縣","竹東鎮","121.080","24.745","840"
"1815","349114","20220706005000","1637","1","新竹縣","竹東鎮","121.085","24.745","1338"
"269","349115","20220706005000","207","2","新竹縣","竹東鎮","121.080","24.750","227"
"666","349118","20220706005000","681","0","宜蘭縣","宜蘭市","121.780","24.750","595"
"889","349120","20220706005000","817","1","宜蘭縣","宜蘭市","121.765","24.755","718"
"608","349124","20220706005000","797","0","宜蘭縣","宜蘭市","121.765","24.760","555"
"430","349125","20220706005000","439","0","宜蘭縣","宜蘭市","121.770","24.760","354"
"75","349130","20220706005000","100","0","宜蘭縣","宜蘭市","121.760","24.725","58"
"520","349131","20220706005000","393","2","宜蘭縣","宜蘭市","121.755","24.730","375"
"75","349132","20220706005000","42","3","宜蘭縣","宜蘭市","121.760","24.730","61"
"541","349136","20220706005000","537","1","宜蘭縣","宜蘭市","121.755","24.740","455"
"545","349139","20220706005000","482","1","宜蘭縣","宜蘭市","121.735","24.755","346"
"975","349140","20220706005000","1006","0","宜蘭縣","宜蘭市","121.740","24.755","804"
"30","349143","20220706005000","33","0","宜蘭縣","羅東鎮","121.755","24.680","37"
"2010","349144","20220706005000","1790","1","宜蘭縣","羅東鎮","121.775","24.680","1772"
"1514","349145","20220706005000","1519","0","宜蘭縣","羅東鎮","121.775","24.675","1330"
"936","349146","20220706005000","765","2","宜蘭縣","羅東鎮","121.750","24.675","772"
"637","349147","20220706005000","596","1","宜蘭縣","羅東鎮","121.770","24.685","515"
"383","349149","20220706005000","149","3","宜蘭縣","羅東鎮","121.750","24.680","294"
"188","349158","20220706005000","65","3","新竹市","香山區","120.930","24.745","166"
"87","349160","20220706005000","87","1","新竹市","香山區","120.925","24.750","69"
"473","349162","20220706005000","387","2","新竹市","香山區","120.915","24.760","399"
"941","349166","20220706005000","868","1","新竹市","香山區","120.915","24.765","695"
"92","349176","20220706005000","126","0","新竹市","香山區","120.955","24.760","93"
"28","349177","20220706005000","25","1","新竹市","東區","120.960","24.760","26"
"1413","349183","20220706005000","1343","1","新竹市","香山區","120.955","24.770","1060"
"495","349184","20220706005000","522","0","新竹市","香山區","120.960","24.770","432"
"95","349186","20220706005000","66","2","新竹市","香山區","120.910","24.755","75"
"13","349189","20220706005000","13","1","新竹市","香山區","120.925","24.755","10"
"378","349196","20220706005000","339","1","新竹市","香山區","120.920","24.760","321"
"83","349198","20220706005000","71","1","新竹市","香山區","120.930","24.760","72"
"167","349199","20220706005000","66","3","新竹市","香山區","120.935","24.760","110"
"91","349203","20220706005000","101","0","宜蘭縣","宜蘭市","121.765","24.745","117"
"1011","349204","20220706005000","1099","0","宜蘭縣","宜蘭市","121.760","24.750","872"
"1064","349205","20220706005000","925","1","宜蘭縣","宜蘭市","121.765","24.750","790"
"2065","349206","20220706005000","1996","1","宜蘭縣","羅東鎮","121.775","24.670","1684"
"1122","349207","20220706005000","1079","1","宜蘭縣","羅東鎮","121.755","24.675","931"
"41","349208","20220706005000","289","0","宜蘭縣","羅東鎮","121.755","24.690","54"
"92","349210","20220706005000","123","0","宜蘭縣","羅東鎮","121.755","24.695","135"
"859","349211","20220706005000","669","2","宜蘭縣","羅東鎮","121.760","24.695","706"
"980","349214","20220706005000","1738","0","宜蘭縣","羅東鎮","121.770","24.670","896"
"565","349216","20220706005000","619","0","宜蘭縣","羅東鎮","121.800","24.665","492"
"1229","349222","20220706005000","626","3","宜蘭縣","羅東鎮","121.795","24.675","939"
"798","349224","20220706005000","761","1","宜蘭縣","羅東鎮","121.785","24.675","655"
"2625","349225","20220706005000","2063","2","宜蘭縣","羅東鎮","121.780","24.680","2018"
"1380","349227","20220706005000","1635","0","宜蘭縣","宜蘭市","121.750","24.745","1149"
"1153","349228","20220706005000","1148","1","宜蘭縣","員山鄉","121.735","24.745","922"
"1813","349229","20220706005000","2334","0","宜蘭縣","宜蘭市","121.740","24.745","1496"
"1431","349230","20220706005000","1236","1","宜蘭縣","宜蘭市","121.745","24.745","1181"
"530","349231","20220706005000","445","1","宜蘭縣","宜蘭市","121.730","24.750","422"
"1571","349232","20220706005000","1754","0","宜蘭縣","宜蘭市","121.735","24.750","1300"
"1564","349234","20220706005000","1418","1","宜蘭縣","羅東鎮","121.765","24.675","1177"
"819","349235","20220706005000","847","0","宜蘭縣","宜蘭市","121.760","24.760","700"
"853","349236","20220706005000","692","2","宜蘭縣","宜蘭市","121.750","24.765","705"
"413","349237","20220706005000","417","0","宜蘭縣","宜蘭市","121.745","24.750","362"
"585","349238","20220706005000","506","1","宜蘭縣","宜蘭市","121.760","24.765","425"
"894","349240","20220706005000","724","2","宜蘭縣","羅東鎮","121.755","24.685","653"
"23","349296","20220706005000","20","1","桃園市","復興區","121.350","24.760","19"
"47","349304","20220706005000","44","1","桃園市","復興區","121.360","24.770","34"
"96","349422","20220706005000","66","2","桃園市","復興區","121.390","24.660","76"
"31","349482","20220706005000","21","2","桃園市","復興區","121.385","24.680","24"
"328","349502","20220706005000","127","3","桃園市","復興區","121.395","24.685","208"
"391","349582","20220706005000","125","3","桃園市","復興區","121.410","24.705","242"
"14","349642","20220706005000","12","1","桃園市","復興區","121.365","24.695","14"
"26","349676","20220706005000","11","3","桃園市","復興區","121.350","24.705","23"
"35","349865","20220706005000","16","3","桃園市","復興區","121.365","24.740","28"
"151","349883","20220706005000","191","0","新竹市","香山區","120.940","24.760","113"
"278","349889","20220706005000","237","1","新竹市","香山區","120.935","24.770","197"
"315","349896","20220706005000","272","1","新竹市","香山區","120.905","24.750","248"
"526","349897","20220706005000","313","3","新竹市","香山區","120.910","24.750","403"
"1129","349904","20220706005000","1054","1","新竹縣","竹東鎮","121.030","24.770","969"
"60","349937","20220706005000","49","2","桃園市","復興區","121.365","24.675","52"
"19","349983","20220706005000","112","0","苗栗縣","三灣鄉","120.965","24.665","16"
"324","349985","20220706005000","251","2","苗栗縣","三灣鄉","120.975","24.665","255"
"172","350003","20220706005000","205","0","苗栗縣","三灣鄉","120.950","24.670","123"
"194","350012","20220706005000","143","2","苗栗縣","頭份鎮","120.955","24.680","149"
"415","350014","20220706005000","278","2","苗栗縣","頭份鎮","120.965","24.680","297"
"58","350017","20220706005000","367","0","苗栗縣","頭份鎮","120.960","24.685","54"
"359","350018","20220706005000","239","3","苗栗縣","頭份鎮","120.965","24.685","295"
"172","350019","20220706005000","140","2","苗栗縣","竹南鎮","120.880","24.680","138"
"3115","350021","20220706005000","2601","1","苗栗縣","竹南鎮","120.885","24.685","2590"
"30","350023","20220706005000","28","1","苗栗縣","頭份鎮","120.925","24.690","20"
"1153","350024","20220706005000","798","2","苗栗縣","頭份鎮","120.930","24.690","879"
"425","350031","20220706005000","352","2","苗栗縣","頭份鎮","120.920","24.665","343"
"66","350036","20220706005000","493","0","苗栗縣","頭份鎮","120.920","24.670","77"
"293","350042","20220706005000","316","0","苗栗縣","頭份鎮","120.925","24.675","262"
"48","350052","20220706005000","145","0","苗栗縣","後龍鎮","120.820","24.660","48"
"364","350068","20220706005000","291","2","苗栗縣","頭份鎮","120.910","24.690","278"
"923","350073","20220706005000","743","2","苗栗縣","竹南鎮","120.885","24.695","723"
"954","350075","20220706005000","673","2","苗栗縣","頭份鎮","120.890","24.695","846"
"1779","350077","20220706005000","1220","2","苗栗縣","頭份鎮","120.910","24.695","1347"
"1025","350078","20220706005000","851","2","苗栗縣","頭份鎮","120.910","24.700","770"
"661","350080","20220706005000","545","2","苗栗縣","頭份鎮","120.940","24.680","538"
"202","350082","20220706005000","277","0","苗栗縣","頭份鎮","120.950","24.680","140"
"723","350085","20220706005000","668","1","苗栗縣","頭份鎮","120.925","24.685","600"
"459","350087","20220706005000","382","2","苗栗縣","頭份鎮","120.935","24.685","344"
"2199","350090","20220706005000","1535","2","苗栗縣","頭份鎮","120.895","24.690","1686"
"1310","350091","20220706005000","1674","0","苗栗縣","頭份鎮","120.905","24.690","994"
"431","350092","20220706005000","962","0","苗栗縣","頭份鎮","120.905","24.685","386"
"194","350095","20220706005000","455","0","苗栗縣","頭份鎮","120.945","24.690","208"
"39","350102","20220706005000","197","0","苗栗縣","頭份鎮","120.935","24.700","40"
"40","350103","20220706005000","409","0","苗栗縣","頭份鎮","120.940","24.695","45"
"144","350109","20220706005000","134","1","苗栗縣","頭份鎮","120.940","24.700","125"
"15","350110","20220706005000","22","0","苗栗縣","頭份鎮","120.945","24.700","13"
"778","350112","20220706005000","491","3","苗栗縣","頭份鎮","120.930","24.705","635"
"177","350117","20220706005000","188","0","苗栗縣","頭份鎮","120.935","24.710","131"
"427","350118","20220706005000","419","1","苗栗縣","頭份鎮","120.885","24.665","362"
"39","350124","20220706005000","297","0","苗栗縣","頭份鎮","120.885","24.675","47"
"469","350127","20220706005000","556","0","苗栗縣","頭份鎮","120.905","24.700","407"
"829","350128","20220706005000","1448","0","苗栗縣","頭份鎮","120.900","24.695","764"
"1189","350129","20220706005000","1010","1","苗栗縣","頭份鎮","120.905","24.695","960"
"164","350131","20220706005000","455","0","苗栗縣","頭份鎮","120.915","24.690","207"
"1293","350132","20220706005000","1515","0","苗栗縣","頭份鎮","120.915","24.695","1038"
"25","350142","20220706005000","31","0","苗栗縣","頭份鎮","120.915","24.665","31"
"62","350146","20220706005000","471","0","苗栗縣","頭份鎮","120.915","24.670","118"
"775","350150","20220706005000","637","2","苗栗縣","竹南鎮","120.860","24.695","656"
"918","350151","20220706005000","590","3","苗栗縣","竹南鎮","120.865","24.695","709"
"280","350154","20220706005000","749","0","苗栗縣","竹南鎮","120.870","24.695","213"
"134","350155","20220706005000","685","0","苗栗縣","竹南鎮","120.880","24.695","185"
"373","350156","20220706005000","339","1","苗栗縣","竹南鎮","120.865","24.680","276"
"455","350157","20220706005000","434","1","苗栗縣","竹南鎮","120.910","24.710","422"
"674","350159","20220706005000","702","0","苗栗縣","竹南鎮","120.920","24.705","500"
"360","350160","20220706005000","552","0","苗栗縣","頭份鎮","120.925","24.705","364"
"138","350161","20220706005000","120","1","苗栗縣","竹南鎮","120.915","24.705","128"
"1264","350162","20220706005000","1260","1","苗栗縣","竹南鎮","120.915","24.710","901"
"312","350163","20220706005000","336","0","苗栗縣","竹南鎮","120.920","24.710","307"
"133","350165","20220706005000","150","0","苗栗縣","竹南鎮","120.930","24.710","133"
"333","350166","20220706005000","369","0","苗栗縣","竹南鎮","120.915","24.715","290"
"210","350167","20220706005000","227","0","苗栗縣","竹南鎮","120.920","24.715","176"
"1659","350169","20220706005000","1543","1","苗栗縣","頭份鎮","120.910","24.685","1254"
"3100","350170","20220706005000","2969","1","苗栗縣","頭份鎮","120.895","24.700","2379"
"1709","350172","20220706005000","1099","3","苗栗縣","頭份鎮","120.905","24.680","1257"
"815","350173","20220706005000","640","2","苗栗縣","竹南鎮","120.875","24.700","653"
"874","350174","20220706005000","671","2","苗栗縣","竹南鎮","120.870","24.700","684"
"387","350176","20220706005000","376","1","苗栗縣","頭份鎮","120.920","24.690","323"
"133","350177","20220706005000","111","1","苗栗縣","頭份鎮","120.880","24.660","99"
"869","350179","20220706005000","1033","0","苗栗縣","頭份鎮","120.900","24.700","692"
"34","350180","20220706005000","33","1","苗栗縣","竹南鎮","120.910","24.705","33"
"466","350182","20220706005000","548","0","苗栗縣","頭份鎮","120.920","24.700","448"
"1063","350183","20220706005000","1513","0","苗栗縣","頭份鎮","120.895","24.695","1060"
"539","350203","20220706005000","334","3","苗栗縣","竹南鎮","120.860","24.685","378"
"34","350206","20220706005000","290","0","苗栗縣","竹南鎮","120.865","24.700","55"
"748","350208","20220706005000","448","3","苗栗縣","竹南鎮","120.875","24.705","566"
"1207","350209","20220706005000","1357","0","苗栗縣","竹南鎮","120.880","24.700","984"
"990","350210","20220706005000","639","3","苗栗縣","頭份鎮","120.885","24.700","824"
"730","350211","20220706005000","394","3","苗栗縣","竹南鎮","120.880","24.705","555"
"109","350214","20220706005000","114","0","苗栗縣","竹南鎮","120.865","24.705","84"
"43","350220","20220706005000","283","0","苗栗縣","竹南鎮","120.880","24.710","37"
"164","350223","20220706005000","136","2","苗栗縣","竹南鎮","120.865","24.715","119"
"348","350224","20220706005000","363","0","苗栗縣","竹南鎮","120.870","24.715","283"
"222","350225","20220706005000","397","0","苗栗縣","竹南鎮","120.875","24.715","233"
"60","350226","20220706005000","58","1","苗栗縣","竹南鎮","120.880","24.715","42"
"38","350229","20220706005000","38","1","苗栗縣","竹南鎮","120.865","24.720","29"
"89","350236","20220706005000","99","0","苗栗縣","竹南鎮","120.870","24.725","64"
"288","350240","20220706005000","210","2","苗栗縣","竹南鎮","120.890","24.725","237"
"62","350247","20220706005000","57","1","苗栗縣","竹南鎮","120.880","24.685","70"
"2060","350248","20220706005000","1745","1","苗栗縣","竹南鎮","120.880","24.690","1593"
"1687","350250","20220706005000","1944","0","苗栗縣","竹南鎮","120.890","24.690","1400"
"2289","350251","20220706005000","2589","0","苗栗縣","竹南鎮","120.875","24.685","1771"
"420","350258","20220706005000","354","1","苗栗縣","竹南鎮","120.855","24.675","356"
"358","350264","20220706005000","308","1","苗栗縣","竹南鎮","120.850","24.680","273"
"17","350275","20220706005000","186","0","苗栗縣","竹南鎮","120.850","24.670","30"
"1247","350277","20220706005000","996","2","苗栗縣","竹南鎮","120.860","24.670","987"
"43","350278","20220706005000","31","2","苗栗縣","竹南鎮","120.845","24.675","37"
"90","350279","20220706005000","84","1","苗栗縣","造橋鄉","120.855","24.660","78"
"107","350285","20220706005000","281","0","苗栗縣","頭份鎮","120.900","24.685","115"
"274","350286","20220706005000","309","0","苗栗縣","頭份鎮","120.895","24.675","236"
"695","350288","20220706005000","603","1","苗栗縣","頭份鎮","120.890","24.680","540"
"1083","350290","20220706005000","1114","0","苗栗縣","頭份鎮","120.900","24.680","879"
"545","350291","20220706005000","496","1","苗栗縣","頭份鎮","120.945","24.685","444"
"174","350303","20220706005000","144","2","苗栗縣","頭份鎮","120.960","24.700","125"
"100","350311","20220706005000","74","2","苗栗縣","頭份鎮","120.965","24.705","83"
"1012","350314","20220706005000","1639","0","苗栗縣","竹南鎮","120.870","24.690","949"
"712","350316","20220706005000","600","1","苗栗縣","竹南鎮","120.855","24.690","617"
"1350","350319","20220706005000","1434","0","苗栗縣","竹南鎮","120.865","24.685","1100"
"859","350320","20220706005000","989","0","苗栗縣","竹南鎮","120.875","24.695","692"
"111","350321","20220706005000","800","0","苗栗縣","竹南鎮","120.875","24.690","154"
"255","350326","20220706005000","392","0","苗栗縣","竹南鎮","120.910","24.720","225"
"207","350328","20220706005000","40","3","苗栗縣","竹南鎮","120.895","24.725","177"
"17","350330","20220706005000","249","0","苗栗縣","竹南鎮","120.905","24.725","20"
"254","350331","20220706005000","207","2","苗栗縣","竹南鎮","120.910","24.725","195"
"376","350334","20220706005000","241","3","苗栗縣","竹南鎮","120.905","24.730","385"
"165","350336","20220706005000","93","3","新竹市","香山區","120.900","24.735","149"
"20","350338","20220706005000","281","0","新竹市","香山區","120.905","24.740","48"
"666","350340","20220706005000","668","0","苗栗縣","竹南鎮","120.875","24.660","560"
"1193","350347","20220706005000","1092","1","苗栗縣","竹南鎮","120.865","24.675","969"
"48","350349","20220706005000","305","0","苗栗縣","竹南鎮","120.875","24.675","64"
"622","350350","20220706005000","533","1","苗栗縣","竹南鎮","120.880","24.675","441"
"691","350351","20220706005000","426","3","苗栗縣","竹南鎮","120.870","24.680","567"
"471","350352","20220706005000","548","0","苗栗縣","竹南鎮","120.875","24.680","348"
"2190","350353","20220706005000","2221","0","苗栗縣","竹南鎮","120.870","24.685","1742"
"120","350357","20220706005000","461","0","苗栗縣","竹南鎮","120.890","24.705","134"
"274","350358","20220706005000","231","1","苗栗縣","竹南鎮","120.895","24.705","215"
"791","350359","20220706005000","596","2","苗栗縣","竹南鎮","120.900","24.705","544"
"450","350363","20220706005000","593","0","苗栗縣","竹南鎮","120.900","24.710","366"
"295","350364","20220706005000","171","3","苗栗縣","竹南鎮","120.905","24.710","381"
"245","350365","20220706005000","225","1","苗栗縣","竹南鎮","120.895","24.715","219"
"499","350367","20220706005000","381","2","苗栗縣","竹南鎮","120.905","24.715","410"
"123","350369","20220706005000","108","1","苗栗縣","竹南鎮","120.895","24.720","95"
"78","356638","20220706005000","85","0","宜蘭縣","頭城鎮","121.940","24.840","141"
"930","360378","20220706005000","693","2","宜蘭縣","礁溪鄉","121.765","24.825","758"
"1515","360379","20220706005000","1720","0","宜蘭縣","礁溪鄉","121.770","24.825","1262"
"676","360380","20220706005000","483","2","宜蘭縣","礁溪鄉","121.775","24.825","449"
"527","360392","20220706005000","403","2","宜蘭縣","礁溪鄉","121.810","24.815","437"
"151","360394","20220706005000","114","2","宜蘭縣","礁溪鄉","121.795","24.815","127"
"19","360410","20220706005000","132","0","宜蘭縣","礁溪鄉","121.720","24.815","19"
"31","360417","20220706005000","80","0","宜蘭縣","礁溪鄉","121.720","24.820","33"
"27","360419","20220706005000","88","0","宜蘭縣","礁溪鄉","121.730","24.820","19"
"73","360427","20220706005000","353","0","宜蘭縣","礁溪鄉","121.725","24.820","26"
"253","360433","20220706005000","354","0","宜蘭縣","礁溪鄉","121.755","24.820","202"
"15","360437","20220706005000","47","0","宜蘭縣","礁溪鄉","121.740","24.825","12"
"1950","360439","20220706005000","1674","1","宜蘭縣","宜蘭市","121.755","24.770","1465"
"495","360442","20220706005000","350","2","宜蘭縣","宜蘭市","121.745","24.775","365"
"987","360449","20220706005000","852","1","宜蘭縣","壯圍鄉","121.785","24.775","834"
"14","360451","20220706005000","14","1","宜蘭縣","壯圍鄉","121.780","24.780","11"
"405","360457","20220706005000","272","2","宜蘭縣","壯圍鄉","121.795","24.790","310"
"151","360471","20220706005000","215","0","宜蘭縣","頭城鎮","121.820","24.855","125"
"37","360474","20220706005000","45","0","宜蘭縣","頭城鎮","121.835","24.885","40"
"101","360476","20220706005000","76","2","宜蘭縣","頭城鎮","121.845","24.885","70"
"628","360478","20220706005000","617","1","宜蘭縣","頭城鎮","121.830","24.855","432"
"693","360482","20220706005000","772","0","宜蘭縣","頭城鎮","121.820","24.860","541"
"355","360484","20220706005000","257","2","宜蘭縣","頭城鎮","121.815","24.860","262"
"730","360485","20220706005000","574","2","宜蘭縣","頭城鎮","121.820","24.865","522"
"284","360486","20220706005000","272","1","宜蘭縣","頭城鎮","121.810","24.865","241"
"143","360502","20220706005000","155","0","宜蘭縣","頭城鎮","121.815","24.850","113"
"658","360507","20220706005000","684","0","宜蘭縣","頭城鎮","121.825","24.865","546"
"184","360520","20220706005000","142","2","宜蘭縣","頭城鎮","121.835","24.870","141"
"33","360521","20220706005000","68","0","宜蘭縣","頭城鎮","121.840","24.870","26"
"224","360524","20220706005000","145","3","宜蘭縣","頭城鎮","121.840","24.875","163"
"38","360537","20220706005000","29","2","新北市","三峽區","121.345","24.845","32"
"79","360552","20220706005000","88","0","新北市","三峽區","121.360","24.855","85"
"20","360554","20220706005000","12","3","新北市","三峽區","121.370","24.855","14"
"21","360559","20220706005000","19","1","新北市","三峽區","121.365","24.860","16"
"74","360569","20220706005000","53","2","新北市","三峽區","121.355","24.870","74"
"40","360573","20220706005000","44","0","新北市","三峽區","121.375","24.870","42"
"33","360625","20220706005000","30","1","宜蘭縣","頭城鎮","121.820","24.825","30"
"83","360631","20220706005000","114","0","宜蘭縣","頭城鎮","121.790","24.845","54"
"265","360639","20220706005000","266","0","宜蘭縣","頭城鎮","121.795","24.855","214"
"600","360641","20220706005000","495","2","宜蘭縣","頭城鎮","121.805","24.855","491"
"218","360684","20220706005000","182","1","宜蘭縣","礁溪鄉","121.765","24.800","188"
"262","360687","20220706005000","250","1","宜蘭縣","礁溪鄉","121.760","24.810","206"
"282","360689","20220706005000","268","1","宜蘭縣","礁溪鄉","121.755","24.815","204"
"110","360694","20220706005000","78","2","宜蘭縣","員山鄉","121.700","24.780","84"
"63","360702","20220706005000","39","3","宜蘭縣","礁溪鄉","121.680","24.785","51"
"210","360788","20220706005000","166","2","宜蘭縣","礁溪鄉","121.780","24.810","143"
"516","360803","20220706005000","443","1","宜蘭縣","壯圍鄉","121.810","24.800","395"
"556","360806","20220706005000","465","1","宜蘭縣","壯圍鄉","121.815","24.805","444"
"535","360817","20220706005000","491","1","宜蘭縣","礁溪鄉","121.780","24.785","429"
"610","360820","20220706005000","534","1","宜蘭縣","礁溪鄉","121.775","24.815","461"
"985","360822","20220706005000","906","1","宜蘭縣","礁溪鄉","121.770","24.820","786"
"235","360828","20220706005000","271","0","宜蘭縣","礁溪鄉","121.730","24.790","220"
"111","360848","20220706005000","103","1","宜蘭縣","礁溪鄉","121.710","24.810","102"
"585","360876","20220706005000","512","1","宜蘭縣","礁溪鄉","121.760","24.785","467"
"92","360877","20220706005000","81","1","宜蘭縣","礁溪鄉","121.750","24.790","70"
"466","360879","20220706005000","290","3","宜蘭縣","礁溪鄉","121.760","24.790","360"
"532","360881","20220706005000","428","2","宜蘭縣","礁溪鄉","121.765","24.815","406"
"603","360883","20220706005000","447","2","宜蘭縣","礁溪鄉","121.765","24.820","470"
"338","360888","20220706005000","230","2","宜蘭縣","礁溪鄉","121.755","24.825","287"
"522","360889","20220706005000","469","1","宜蘭縣","礁溪鄉","121.760","24.825","405"
"32","360898","20220706005000","18","3","宜蘭縣","礁溪鄉","121.745","24.830","18"
"51","360964","20220706005000","39","2","新北市","三峽區","121.410","24.865","44"
"187","360967","20220706005000","170","1","新北市","三峽區","121.410","24.870","156"
"118","360994","20220706005000","74","3","新北市","三峽區","121.415","24.885","95"
"19","361075","20220706005000","15","2","新北市","三峽區","121.445","24.830","11"
"16","361124","20220706005000","18","0","新北市","三峽區","121.430","24.845","15"
"20","361179","20220706005000","29","0","新北市","三峽區","121.435","24.860","21"
"10","361193","20220706005000","10","1","新北市","三峽區","121.430","24.865","10"
"27","361195","20220706005000","19","2","新北市","三峽區","121.440","24.865","28"
"12","361256","20220706005000","19","0","新北市","三峽區","121.450","24.890","13"
"10","361279","20220706005000","10","1","新北市","三峽區","121.390","24.875","10"
"31","361304","20220706005000","31","1","新北市","三峽區","121.375","24.885","28"
"35","361308","20220706005000","22","3","新北市","三峽區","121.400","24.885","34"
"723","361316","20220706005000","584","2","宜蘭縣","員山鄉","121.720","24.770","660"
"159","361349","20220706005000","264","0","宜蘭縣","員山鄉","121.715","24.775","352"
"405","361393","20220706005000","334","2","宜蘭縣","壯圍鄉","121.800","24.770","353"
"264","361412","20220706005000","211","2","宜蘭縣","宜蘭市","121.735","24.775","224"
"10","361413","20220706005000","15","0","宜蘭縣","宜蘭市","121.740","24.775","15"
"147","361414","20220706005000","140","1","宜蘭縣","宜蘭市","121.730","24.780","100"
"15","361433","20220706005000","13","1","宜蘭縣","頭城鎮","121.800","24.830","10"
"696","361441","20220706005000","532","2","宜蘭縣","頭城鎮","121.790","24.835","576"
"39","361461","20220706005000","21","3","宜蘭縣","頭城鎮","121.775","24.860","23"
"12","361466","20220706005000","21","0","新北市","坪林區","121.770","24.865","13"
"575","361479","20220706005000","498","1","宜蘭縣","頭城鎮","121.815","24.835","476"
"521","361482","20220706005000","346","3","宜蘭縣","頭城鎮","121.810","24.845","416"
"4363","361485","20220706005000","3984","1","新竹市","東區","120.985","24.800","3423"
"2612","361486","20220706005000","2093","2","新竹市","東區","120.985","24.810","2077"
"188","361502","20220706005000","91","3","桃園市","大溪區","121.330","24.880","161"
"147","361509","20220706005000","106","2","桃園市","大溪區","121.325","24.885","122"
"27","361515","20220706005000","36","0","桃園市","大溪區","121.325","24.890","25"
"22","361517","20220706005000","36","0","桃園市","大溪區","121.335","24.890","17"
"287","361521","20220706005000","236","2","桃園市","大溪區","121.250","24.865","204"
"47","361525","20220706005000","36","2","桃園市","大溪區","121.255","24.870","38"
"414","361530","20220706005000","641","0","桃園市","大溪區","121.260","24.875","371"
"689","361536","20220706005000","481","2","桃園市","大溪區","121.260","24.880","529"
"75","361538","20220706005000","124","0","桃園市","大溪區","121.275","24.880","79"
"885","361539","20220706005000","845","1","桃園市","大溪區","121.250","24.880","691"
"382","361545","20220706005000","270","2","桃園市","大溪區","121.275","24.885","322"
"172","361546","20220706005000","169","1","桃園市","大溪區","121.280","24.885","105"
"536","361547","20220706005000","356","3","桃園市","大溪區","121.275","24.890","424"
"1573","361550","20220706005000","1224","2","桃園市","大溪區","121.295","24.885","1165"
"102","361551","20220706005000","143","0","桃園市","大溪區","121.300","24.880","170"
"127","361552","20220706005000","269","0","桃園市","大溪區","121.290","24.880","90"
"83","361556","20220706005000","83","1","新竹縣","新埔鎮","121.080","24.835","59"
"363","361565","20220706005000","347","1","新竹縣","新埔鎮","121.080","24.840","319"
"61","361570","20220706005000","42","2","新竹縣","新埔鎮","121.130","24.860","65"
"35","361579","20220706005000","30","1","新竹縣","新埔鎮","121.140","24.870","30"
"100","361585","20220706005000","68","2","新竹縣","新埔鎮","121.135","24.875","77"
"888","361597","20220706005000","676","2","新竹縣","新豐鄉","120.995","24.885","690"
"1322","361600","20220706005000","1315","1","新竹縣","新豐鄉","121.010","24.885","1132"
"622","361602","20220706005000","473","2","新竹市","東區","120.975","24.805","448"
"2398","361603","20220706005000","2723","0","新竹市","東區","120.980","24.805","1825"
"981","361604","20220706005000","899","1","新竹市","東區","120.980","24.810","730"
"1110","361605","20220706005000","1041","1","新竹市","東區","120.975","24.800","852"
"137","361609","20220706005000","128","1","新竹市","東區","120.985","24.785","129"
"8236","361610","20220706005000","6069","2","新竹市","東區","121.020","24.780","6914"
"3051","361611","20220706005000","3208","0","新竹市","東區","121.015","24.785","2399"
"216","361614","20220706005000","180","2","新竹縣","新埔鎮","121.105","24.845","195"
"66","361615","20220706005000","50","2","新竹縣","新埔鎮","121.115","24.845","52"
"62","361621","20220706005000","44","2","新竹縣","新埔鎮","121.120","24.850","60"
"40","361623","20220706005000","24","3","新竹縣","新埔鎮","121.100","24.855","33"
"62","361624","20220706005000","63","0","新竹縣","新埔鎮","121.105","24.855","53"
"31","361628","20220706005000","28","1","新竹縣","新埔鎮","121.125","24.855","23"
"14","361635","20220706005000","13","1","新竹縣","新埔鎮","121.105","24.865","12"
"113","361642","20220706005000","93","2","新竹縣","新埔鎮","121.115","24.875","110"
"662","361646","20220706005000","776","0","新竹縣","新埔鎮","121.070","24.825","467"
"939","361648","20220706005000","667","2","新竹縣","新埔鎮","121.080","24.825","627"
"452","361651","20220706005000","458","0","新竹縣","新埔鎮","121.070","24.830","346"
"137","361655","20220706005000","83","3","新竹縣","新埔鎮","121.135","24.845","105"
"415","361668","20220706005000","519","0","新竹縣","新豐鄉","120.980","24.870","296"
"56","361671","20220706005000","29","3","新竹縣","新豐鄉","120.970","24.880","46"
"3111","361683","20220706005000","2118","2","新竹縣","竹東鎮","121.030","24.775","2746"
"284","361685","20220706005000","447","0","新竹縣","湖口鄉","121.010","24.855","266"
"434","361687","20220706005000","382","1","新竹縣","湖口鄉","121.020","24.855","336"
"365","361688","20220706005000","467","0","新竹縣","湖口鄉","121.025","24.855","169"
"1410","361692","20220706005000","1339","1","新竹縣","湖口鄉","121.010","24.860","1093"
"3083","361694","20220706005000","3557","0","新竹縣","湖口鄉","120.995","24.865","2394"
"1023","361695","20220706005000","836","2","新竹縣","湖口鄉","121.000","24.865","808"
"30","361696","20220706005000","121","0","新竹縣","湖口鄉","121.005","24.865","24"
"188","361697","20220706005000","140","2","新竹縣","湖口鄉","121.010","24.865","146"
"1811","361698","20220706005000","1459","2","新竹縣","湖口鄉","121.000","24.870","1601"
"4508","361700","20220706005000","353","3","新竹縣","湖口鄉","121.010","24.870","2737"
"3035","361702","20220706005000","903","3","新竹縣","湖口鄉","121.010","24.875","1492"
"957","361703","20220706005000","1006","0","新竹縣","竹北市","121.030","24.810","798"
"1408","361704","20220706005000","1714","0","新竹縣","竹北市","121.035","24.810","1612"
"524","361705","20220706005000","425","2","新竹縣","竹北市","121.030","24.815","395"
"328","361712","20220706005000","387","0","桃園市","大溪區","121.260","24.890","247"
"323","361715","20220706005000","354","0","新竹市","香山區","120.920","24.810","257"
"364","361721","20220706005000","262","2","新竹市","香山區","120.925","24.815","248"
"103","361725","20220706005000","88","1","新竹市","香山區","120.915","24.820","88"
"647","361727","20220706005000","610","1","新竹市","香山區","120.925","24.820","550"
"723","361733","20220706005000","490","2","新竹市","北區","120.925","24.825","544"
"1364","361736","20220706005000","1470","0","新竹市","香山區","120.930","24.790","1046"
"759","361738","20220706005000","536","2","新竹市","香山區","120.930","24.795","558"
"410","361744","20220706005000","367","1","新竹市","香山區","120.915","24.780","318"
"228","361752","20220706005000","262","0","新竹市","香山區","120.920","24.785","190"
"1274","361756","20220706005000","1441","0","新竹市","香山區","120.920","24.805","995"
"1019","361758","20220706005000","901","1","新竹市","香山區","120.935","24.805","776"
"891","361761","20220706005000","1015","0","新竹市","香山區","120.940","24.805","696"
"3527","361763","20220706005000","2799","2","新竹市","香山區","120.945","24.795","2632"
"400","361765","20220706005000","594","0","新竹市","香山區","120.940","24.790","325"
"85","361766","20220706005000","1027","0","新竹市","香山區","120.935","24.790","95"
"147","361767","20220706005000","193","0","新竹市","香山區","120.935","24.800","115"
"687","361768","20220706005000","778","0","新竹市","香山區","120.940","24.795","609"
"47","362002","20220706005000","44","1","新竹縣","關西鎮","121.260","24.775","44"
"10","362024","20220706005000","19","0","新竹縣","湖口鄉","121.015","24.880","10"
"91","362027","20220706005000","123","0","新竹縣","湖口鄉","121.030","24.880","76"
"847","362033","20220706005000","1010","0","新竹縣","湖口鄉","121.025","24.885","640"
"982","362036","20220706005000","1038","0","新竹縣","竹北市","120.965","24.860","787"
"131","362037","20220706005000","106","2","新竹縣","竹北市","120.970","24.860","98"
"518","362039","20220706005000","373","2","新竹縣","竹北市","120.980","24.860","460"
"133","362040","20220706005000","84","3","新竹縣","竹北市","120.970","24.865","99"
"1716","362056","20220706005000","1702","1","新竹縣","竹北市","121.015","24.825","1289"
"1601","362057","20220706005000","1931","0","新竹縣","竹北市","121.010","24.830","1212"
"356","362058","20220706005000","204","3","新竹縣","竹北市","121.040","24.810","293"
"1518","362059","20220706005000","1357","1","新竹縣","竹北市","121.035","24.815","996"
"141","362060","20220706005000","349","0","新竹縣","竹北市","121.040","24.815","186"
"2791","362063","20220706005000","3222","0","新竹縣","竹北市","121.030","24.820","2529"
"1405","362064","20220706005000","1444","0","新竹縣","竹北市","121.035","24.820","1097"
"1066","362066","20220706005000","1346","0","新竹縣","竹北市","121.020","24.825","1654"
"1323","362067","20220706005000","964","2","新竹縣","竹北市","121.025","24.825","1118"
"4708","362068","20220706005000","4736","0","新竹縣","竹北市","121.030","24.825","3524"
"1986","362069","20220706005000","1499","2","新竹縣","竹北市","121.035","24.825","1585"
"2047","362070","20220706005000","2002","1","新竹縣","竹北市","121.015","24.830","1495"
"1122","362071","20220706005000","910","2","新竹縣","竹北市","121.020","24.830","711"
"1748","362072","20220706005000","1333","2","新竹縣","竹北市","121.025","24.830","1196"
"1731","362073","20220706005000","1422","2","新竹縣","新埔鎮","121.030","24.830","1357"
"60","362075","20220706005000","23","3","新竹縣","竹北市","120.990","24.855","59"
"519","362076","20220706005000","545","0","新竹縣","竹北市","120.995","24.855","379"
"345","362077","20220706005000","359","0","新竹縣","竹北市","120.990","24.860","270"
"115","362079","20220706005000","124","0","新竹縣","竹北市","120.995","24.860","86"
"3408","362081","20220706005000","2095","3","新竹市","東區","120.995","24.800","2775"
"655","362082","20220706005000","667","0","新竹市","東區","121.000","24.805","462"
"129","362085","20220706005000","320","0","新竹市","東區","121.000","24.810","121"
"627","362086","20220706005000","595","1","新竹市","東區","121.005","24.810","445"
"1112","362087","20220706005000","715","3","新竹市","東區","121.010","24.810","984"
"783","362088","20220706005000","633","2","新竹市","東區","120.995","24.815","610"
"968","362092","20220706005000","1139","0","新竹市","東區","121.010","24.775","799"
"934","362093","20220706005000","940","0","新竹市","東區","121.015","24.775","869"
"2443","362094","20220706005000","2435","1","新竹市","東區","121.020","24.775","1964"
"4218","362095","20220706005000","4258","0","新竹市","東區","121.025","24.775","3423"
"2933","362096","20220706005000","2928","1","新竹市","東區","120.990","24.780","2296"
"873","362097","20220706005000","845","1","新竹市","東區","121.005","24.775","846"
"994","362098","20220706005000","842","1","新竹市","東區","121.005","24.780","816"
"1803","362099","20220706005000","1375","2","新竹市","東區","121.010","24.780","1510"
"2789","362100","20220706005000","2257","2","新竹市","東區","121.015","24.780","2433"
"1929","362101","20220706005000","1876","1","新竹市","東區","121.005","24.785","1809"
"1738","362102","20220706005000","1609","1","新竹市","東區","121.010","24.785","1419"
"537","362103","20220706005000","558","0","新竹市","北區","120.945","24.835","422"
"407","362104","20220706005000","524","0","新竹市","北區","120.950","24.835","331"
"873","362107","20220706005000","708","2","新竹縣","竹東鎮","121.045","24.785","775"
"185","362108","20220706005000","217","0","新竹縣","竹東鎮","121.050","24.785","145"
"1362","362117","20220706005000","1004","2","新竹縣","竹東鎮","121.035","24.790","1169"
"652","362122","20220706005000","1349","0","新竹縣","竹東鎮","121.030","24.795","461"
"153","362128","20220706005000","151","1","新竹縣","竹北市","120.960","24.855","91"
"594","362141","20220706005000","513","1","新竹縣","竹北市","120.955","24.870","414"
"2066","362143","20220706005000","1670","2","新竹縣","竹北市","121.015","24.835","1495"
"247","362158","20220706005000","232","1","新竹縣","新豐鄉","120.975","24.890","199"
"1949","362159","20220706005000","1898","1","新竹市","東區","121.005","24.790","1481"
"6054","362160","20220706005000","4242","2","新竹市","東區","121.015","24.790","4875"
"53","362275","20220706005000","38","2","新北市","烏來區","121.525","24.835","42"
"16","362568","20220706005000","10","3","新北市","烏來區","121.590","24.850","15"
"122","362673","20220706005000","106","1","新北市","烏來區","121.550","24.875","100"
"58","362692","20220706005000","58","1","新北市","烏來區","121.545","24.880","44"
"102","362700","20220706005000","136","0","新北市","烏來區","121.550","24.885","77"
"174","362717","20220706005000","167","1","新北市","烏來區","121.555","24.845","115"
"48","362740","20220706005000","51","0","新北市","烏來區","121.560","24.860","38"
"293","362744","20220706005000","428","0","新北市","烏來區","121.550","24.865","220"
"60","362793","20220706005000","45","2","新北市","烏來區","121.510","24.775","46"
"1752","362984","20220706005000","2205","0","新竹市","東區","120.960","24.795","1346"
"7133","362985","20220706005000","6225","1","新竹市","東區","121.020","24.790","5543"
"1287","362988","20220706005000","1266","1","新竹市","東區","120.970","24.775","1040"
"2911","362990","20220706005000","2415","2","新竹市","東區","120.985","24.805","2087"
"37","362991","20220706005000","37","1","新竹市","東區","120.965","24.775","31"
"1148","362992","20220706005000","1371","0","新竹市","北區","120.960","24.805","890"
"530","362994","20220706005000","409","2","新竹縣","竹北市","120.945","24.850","404"
"873","362996","20220706005000","1119","0","新竹縣","竹北市","120.945","24.855","717"
"1908","362998","20220706005000","1782","1","新竹縣","竹北市","120.995","24.840","1393"
"1671","362999","20220706005000","1779","0","新竹縣","竹北市","121.000","24.840","1272"
"588","363002","20220706005000","643","0","新竹縣","竹北市","121.035","24.800","502"
"1318","363004","20220706005000","1077","2","新竹縣","竹北市","121.025","24.805","1142"
"1951","363005","20220706005000","1888","1","新竹縣","竹北市","121.030","24.805","1693"
"3727","363006","20220706005000","3101","2","新竹縣","竹北市","121.035","24.805","3029"
"3751","363007","20220706005000","3407","1","新竹縣","竹北市","121.025","24.810","3192"
"120","363008","20220706005000","76","3","新竹縣","芎林鄉","121.065","24.790","94"
"748","363013","20220706005000","644","1","新竹縣","竹北市","121.050","24.805","620"
"220","363016","20220706005000","385","0","新竹縣","竹北市","121.045","24.810","216"
"2883","363021","20220706005000","2729","1","新竹縣","竹北市","121.005","24.840","2309"
"713","363023","20220706005000","480","2","新竹縣","竹北市","121.020","24.840","576"
"1525","363024","20220706005000","1713","0","新竹縣","竹北市","121.000","24.845","1160"
"1155","363025","20220706005000","705","3","新竹縣","竹北市","121.000","24.855","975"
"785","363026","20220706005000","710","1","新竹縣","竹北市","121.010","24.845","620"
"266","363027","20220706005000","482","0","新竹縣","新埔鎮","121.015","24.850","207"
"338","363028","20220706005000","295","1","新竹縣","竹北市","121.020","24.845","268"
"121","363029","20220706005000","67","3","新竹縣","竹北市","121.000","24.850","113"
"1440","363032","20220706005000","1062","2","新竹縣","芎林鄉","121.080","24.775","1051"
"23","363046","20220706005000","13","3","新竹縣","關西鎮","121.140","24.790","18"
"13","363048","20220706005000","11","1","新竹縣","關西鎮","121.150","24.790","15"
"115","363062","20220706005000","94","2","新竹縣","關西鎮","121.185","24.800","98"
"363","363073","20220706005000","356","1","新竹縣","關西鎮","121.200","24.810","269"
"101","363082","20220706005000","63","3","新竹縣","關西鎮","121.180","24.820","72"
"91","363084","20220706005000","84","1","新竹縣","關西鎮","121.175","24.825","69"
"949","363085","20220706005000","897","1","桃園市","龍潭區","121.180","24.825","837"
"836","363086","20220706005000","901","0","新竹市","東區","120.975","24.795","668"
"1250","363088","20220706005000","1342","0","新竹縣","寶山鄉","120.985","24.775","1085"
"562","363090","20220706005000","456","2","新竹市","東區","120.980","24.780","422"
"1492","363093","20220706005000","1572","0","新竹市","東區","120.980","24.785","1167"
"1512","363094","20220706005000","1156","2","新竹縣","新豐鄉","121.000","24.875","1099"
"1091","363095","20220706005000","1047","1","新竹縣","新豐鄉","120.995","24.880","780"
"635","363096","20220706005000","485","2","新竹縣","新豐鄉","121.000","24.880","527"
"399","363097","20220706005000","368","1","新竹縣","新豐鄉","121.005","24.880","323"
"2249","363098","20220706005000","1601","2","新竹縣","新豐鄉","120.990","24.870","1671"
"3816","363099","20220706005000","3722","1","新竹縣","新豐鄉","120.995","24.870","2926"
"1795","363100","20220706005000","1763","1","新竹縣","新豐鄉","120.985","24.865","1384"
"633","363101","20220706005000","344","3","新竹縣","新豐鄉","120.990","24.865","580"
"165","363102","20220706005000","457","0","新竹縣","新豐鄉","120.985","24.870","127"
"784","363103","20220706005000","596","2","新竹縣","新豐鄉","120.985","24.875","644"
"642","363109","20220706005000","628","1","新竹縣","關西鎮","121.145","24.805","546"
"30","363127","20220706005000","40","0","新竹縣","關西鎮","121.120","24.780","20"
"17","363131","20220706005000","14","2","新竹縣","關西鎮","121.115","24.785","17"
"183","363143","20220706005000","144","2","新竹縣","關西鎮","121.130","24.790","152"
"100","363153","20220706005000","52","3","新竹縣","關西鎮","121.200","24.775","96"
"1075","363158","20220706005000","978","1","新竹縣","關西鎮","121.175","24.785","796"
"77","363159","20220706005000","46","3","新竹縣","關西鎮","121.180","24.790","60"
"1121","363160","20220706005000","985","1","新竹縣","關西鎮","121.185","24.790","862"
"486","363164","20220706005000","379","2","新竹縣","關西鎮","121.190","24.795","359"
"42","363183","20220706005000","26","3","新竹縣","關西鎮","121.205","24.780","33"
"14","363187","20220706005000","17","0","新竹縣","關西鎮","121.195","24.785","14"
"242","363195","20220706005000","141","3","新竹縣","關西鎮","121.195","24.790","172"
"18","363197","20220706005000","14","2","新竹縣","關西鎮","121.205","24.790","17"
"51","363217","20220706005000","49","1","新竹縣","關西鎮","121.230","24.795","53"
"64","363223","20220706005000","70","0","新竹縣","關西鎮","121.235","24.800","70"
"22","363229","20220706005000","17","2","新竹縣","關西鎮","121.135","24.820","30"
"444","363233","20220706005000","498","0","新竹縣","關西鎮","121.115","24.825","404"
"302","363245","20220706005000","215","2","新竹縣","關西鎮","121.115","24.830","210"
"712","363256","20220706005000","524","2","新竹縣","關西鎮","121.165","24.830","638"
"79","363258","20220706005000","54","2","新竹縣","新埔鎮","121.125","24.835","67"
"227","363272","20220706005000","244","0","新竹縣","關西鎮","121.150","24.840","205"
"1104","363274","20220706005000","997","1","新竹縣","關西鎮","121.135","24.810","839"
"52","363279","20220706005000","50","1","新竹縣","關西鎮","121.130","24.815","70"
"24","363288","20220706005000","18","2","新竹縣","關西鎮","121.165","24.795","26"
"466","363291","20220706005000","462","1","新竹縣","關西鎮","121.165","24.800","376"
"2761","363304","20220706005000","2305","1","新竹縣","關西鎮","121.175","24.790","2071"
"269","363305","20220706005000","263","1","新竹縣","關西鎮","121.170","24.795","218"
"342","363306","20220706005000","400","0","新竹縣","關西鎮","121.175","24.795","258"
"59","363308","20220706005000","63","0","新竹縣","關西鎮","121.175","24.805","50"
"3338","363344","20220706005000","2324","2","桃園市","龍潭區","121.230","24.875","2591"
"404","363345","20220706005000","418","0","桃園市","龍潭區","121.230","24.880","286"
"1031","363346","20220706005000","862","1","桃園市","龍潭區","121.225","24.855","747"
"92","363347","20220706005000","106","0","桃園市","龍潭區","121.230","24.855","120"
"40","363355","20220706005000","36","1","桃園市","龍潭區","121.235","24.865","79"
"68","363358","20220706005000","369","0","桃園市","龍潭區","121.230","24.870","125"
"552","363359","20220706005000","566","0","桃園市","龍潭區","121.235","24.870","371"
"286","363362","20220706005000","388","0","桃園市","平鎮區","121.245","24.875","206"
"1137","363365","20220706005000","1129","1","桃園市","龍潭區","121.235","24.840","902"
"1524","363366","20220706005000","1450","1","桃園市","龍潭區","121.240","24.835","1179"
"219","363369","20220706005000","248","0","桃園市","龍潭區","121.240","24.845","160"
"196","363370","20220706005000","120","3","桃園市","龍潭區","121.245","24.850","163"
"94","363371","20220706005000","65","2","桃園市","龍潭區","121.250","24.850","74"
"405","363374","20220706005000","250","3","桃園市","龍潭區","121.250","24.855","355"
"18","363376","20220706005000","26","0","桃園市","龍潭區","121.255","24.860","10"
"241","363377","20220706005000","204","1","桃園市","龍潭區","121.180","24.870","192"
"1090","363380","20220706005000","1047","1","桃園市","龍潭區","121.195","24.870","880"
"479","363388","20220706005000","401","1","桃園市","龍潭區","121.185","24.880","444"
"1498","363392","20220706005000","1227","2","桃園市","龍潭區","121.185","24.885","1399"
"33","363394","20220706005000","25","2","桃園市","龍潭區","121.180","24.885","36"
"264","363396","20220706005000","258","1","桃園市","龍潭區","121.190","24.885","188"
"107","363397","20220706005000","93","1","桃園市","龍潭區","121.190","24.890","83"
"4514","363481","20220706005000","4061","1","新竹市","東區","120.975","24.810","3377"
"2968","363482","20220706005000","2537","1","新竹市","東區","120.970","24.800","2258"
"950","363483","20220706005000","950","1","新竹市","東區","120.970","24.810","697"
"881","363484","20220706005000","727","2","新竹市","東區","120.970","24.785","809"
"1622","363485","20220706005000","1001","3","新竹市","東區","120.975","24.785","1313"
"4731","363486","20220706005000","4426","1","新竹市","東區","120.965","24.795","3738"
"654","363502","20220706005000","685","0","桃園市","龍潭區","121.185","24.840","598"
"539","363507","20220706005000","594","0","桃園市","龍潭區","121.185","24.845","433"
"173","363514","20220706005000","189","0","桃園市","龍潭區","121.195","24.850","158"
"250","363523","20220706005000","171","2","桃園市","龍潭區","121.190","24.860","200"
"427","363528","20220706005000","464","0","桃園市","龍潭區","121.245","24.835","427"
"299","363532","20220706005000","251","1","桃園市","龍潭區","121.245","24.840","215"
"106","363557","20220706005000","93","1","桃園市","龍潭區","121.240","24.830","84"
"655","363560","20220706005000","596","1","桃園市","龍潭區","121.230","24.835","552"
"54","363589","20220706005000","35","3","桃園市","龍潭區","121.160","24.870","44"
"819","363593","20220706005000","683","1","桃園市","龍潭區","121.210","24.840","684"
"392","363597","20220706005000","311","2","桃園市","龍潭區","121.200","24.855","344"
"655","363599","20220706005000","712","0","桃園市","龍潭區","121.210","24.855","507"
"1386","363602","20220706005000","877","3","桃園市","龍潭區","121.225","24.845","1105"
"318","363603","20220706005000","543","0","桃園市","龍潭區","121.230","24.845","241"
"17","363605","20220706005000","22","0","桃園市","龍潭區","121.225","24.850","17"
"1650","363611","20220706005000","1506","1","桃園市","龍潭區","121.220","24.850","1467"
"1165","363613","20220706005000","958","2","桃園市","龍潭區","121.215","24.865","952"
"621","363614","20220706005000","771","0","桃園市","龍潭區","121.220","24.865","492"
"499","363615","20220706005000","539","0","桃園市","龍潭區","121.210","24.870","417"
"965","363616","20220706005000","815","1","桃園市","龍潭區","121.215","24.870","748"
"630","363620","20220706005000","604","1","桃園市","龍潭區","121.220","24.860","483"
"377","363625","20220706005000","401","0","桃園市","龍潭區","121.205","24.865","253"
"160","363626","20220706005000","171","0","桃園市","龍潭區","121.200","24.870","173"
"1774","363627","20220706005000","1192","2","桃園市","龍潭區","121.205","24.870","1424"
"3666","363628","20220706005000","3148","1","新竹縣","竹北市","121.020","24.835","2957"
"2154","363629","20220706005000","2087","1","新竹縣","竹北市","121.025","24.835","1617"
"1127","363630","20220706005000","1285","0","新竹縣","竹北市","121.010","24.835","904"
"466","363633","20220706005000","419","1","新竹市","東區","120.960","24.780","325"
"642","363634","20220706005000","507","2","新竹市","東區","120.965","24.780","509"
"1514","363637","20220706005000","1337","1","新竹市","東區","120.965","24.785","1176"
"4062","363639","20220706005000","3627","1","新竹市","東區","120.965","24.790","3021"
"2237","363641","20220706005000","2950","0","新竹市","東區","121.020","24.785","1677"
"414","363642","20220706005000","482","0","新竹縣","竹東鎮","121.025","24.785","336"
"1009","363644","20220706005000","918","1","新竹縣","竹東鎮","121.035","24.775","804"
"215","363646","20220706005000","149","2","新竹縣","竹東鎮","121.045","24.775","167"
"3172","363648","20220706005000","3184","0","新竹縣","竹東鎮","121.030","24.780","2421"
"430","363649","20220706005000","600","0","新竹縣","竹東鎮","121.035","24.780","336"
"112","363651","20220706005000","331","0","新竹縣","竹東鎮","121.045","24.780","90"
"1048","363655","20220706005000","1163","0","桃園市","龍潭區","121.235","24.880","1065"
"1043","363658","20220706005000","943","1","桃園市","龍潭區","121.240","24.880","825"
"67","363661","20220706005000","46","2","桃園市","龍潭區","121.240","24.810","49"
"558","363663","20220706005000","527","1","桃園市","龍潭區","121.240","24.815","414"
"11","363664","20220706005000","35","0","桃園市","龍潭區","121.235","24.820","11"
"316","363667","20220706005000","306","1","桃園市","龍潭區","121.230","24.825","256"
"700","363668","20220706005000","611","1","桃園市","龍潭區","121.235","24.825","542"
"1030","363676","20220706005000","861","1","桃園市","龍潭區","121.230","24.840","843"
"610","363677","20220706005000","493","2","新竹縣","竹北市","121.005","24.845","513"
"1607","363682","20220706005000","1458","1","新竹縣","芎林鄉","121.080","24.780","1234"
"273","363685","20220706005000","157","3","新竹縣","芎林鄉","121.075","24.785","190"
"1278","363687","20220706005000","1171","1","新竹縣","芎林鄉","121.070","24.790","954"
"810","363696","20220706005000","671","2","新竹縣","芎林鄉","121.060","24.795","650"
"748","363709","20220706005000","721","1","新竹縣","芎林鄉","121.090","24.775","572"
"41","363721","20220706005000","35","1","新竹縣","芎林鄉","121.085","24.780","29"
"15","363725","20220706005000","64","0","新竹縣","芎林鄉","121.100","24.780","15"
"302","363728","20220706005000","301","1","新竹縣","芎林鄉","121.100","24.785","293"
"1166","363737","20220706005000","966","2","新竹縣","竹北市","120.985","24.835","905"
"678","363744","20220706005000","457","2","新竹縣","竹北市","120.975","24.840","535"
"748","363746","20220706005000","722","1","新竹縣","竹北市","120.955","24.840","597"
"567","363748","20220706005000","469","2","新竹縣","竹北市","120.965","24.840","423"
"192","363755","20220706005000","122","3","新竹縣","竹北市","120.960","24.850","131"
"72","363765","20220706005000","321","0","宜蘭縣","礁溪鄉","121.790","24.795","80"
"40","363769","20220706005000","115","0","宜蘭縣","礁溪鄉","121.780","24.800","28"
"204","363770","20220706005000","243","0","宜蘭縣","礁溪鄉","121.785","24.800","183"
"212","363777","20220706005000","203","1","宜蘭縣","礁溪鄉","121.790","24.810","179"
"1014","363779","20220706005000","1009","1","宜蘭縣","礁溪鄉","121.775","24.830","741"
"646","363783","20220706005000","514","2","宜蘭縣","礁溪鄉","121.780","24.835","495"
"398","363797","20220706005000","338","1","宜蘭縣","礁溪鄉","121.790","24.830","363"
"21","363798","20220706005000","44","0","宜蘭縣","礁溪鄉","121.785","24.835","43"
"1398","363803","20220706005000","1007","2","桃園市","平鎮區","121.200","24.890","1173"
"1749","363805","20220706005000","1852","0","新竹市","北區","120.955","24.805","1444"
"553","363808","20220706005000","923","0","新竹市","北區","120.945","24.815","410"
"113","363811","20220706005000","22","3","新竹市","北區","120.955","24.785","132"
"2464","363814","20220706005000","2020","2","新竹市","北區","120.955","24.790","1968"
"876","363815","20220706005000","1027","0","新竹市","香山區","120.950","24.795","715"
"1075","363816","20220706005000","1082","0","桃園市","大溪區","121.290","24.885","866"
"1701","363817","20220706005000","1550","1","新竹縣","寶山鄉","120.990","24.775","1424"
"742","363818","20220706005000","554","2","新竹縣","寶山鄉","120.995","24.775","713"
"1818","363819","20220706005000","1700","1","新竹縣","寶山鄉","121.000","24.775","1638"
"1485","363821","20220706005000","1126","2","新竹市","東區","120.995","24.780","1340"
"2284","363824","20220706005000","1264","3","新竹縣","竹北市","121.010","24.820","1816"
"1938","363825","20220706005000","1821","1","新竹縣","竹北市","121.015","24.820","1487"
"2205","363826","20220706005000","1748","2","新竹縣","竹北市","121.005","24.825","1579"
"3595","363827","20220706005000","3065","1","新竹縣","竹北市","121.010","24.825","2813"
"2562","363828","20220706005000","2215","1","新竹縣","竹北市","121.005","24.830","2026"
"734","363835","20220706005000","542","2","新竹縣","新埔鎮","121.050","24.835","602"
"641","363837","20220706005000","669","0","新竹縣","新埔鎮","121.045","24.840","483"
"522","363839","20220706005000","39","3","新竹縣","新埔鎮","121.055","24.840","393"
"10","363850","20220706005000","14","0","新竹縣","新埔鎮","121.035","24.840","13"
"783","363852","20220706005000","755","1","新竹縣","新埔鎮","121.025","24.845","661"
"338","363854","20220706005000","52","3","新竹縣","新埔鎮","121.035","24.845","221"
"94","363855","20220706005000","278","0","新竹縣","新埔鎮","121.040","24.845","66"
"31","363860","20220706005000","25","2","新竹縣","新埔鎮","121.030","24.850","15"
"16","363864","20220706005000","16","1","桃園市","龍潭區","121.210","24.875","12"
"1535","363865","20220706005000","1453","1","桃園市","龍潭區","121.205","24.880","1292"
"330","363866","20220706005000","337","0","新竹縣","竹北市","120.980","24.840","241"
"879","363870","20220706005000","866","1","新竹縣","竹北市","120.975","24.850","599"
"576","363871","20220706005000","565","1","新竹縣","竹北市","120.980","24.850","453"
"103","363872","20220706005000","349","0","新竹縣","竹東鎮","121.055","24.775","139"
"1472","363875","20220706005000","532","3","新竹縣","竹東鎮","121.055","24.780","1245"
"180","363877","20220706005000","183","0","新竹縣","竹東鎮","121.055","24.785","167"
"66","363882","20220706005000","70","0","宜蘭縣","礁溪鄉","121.745","24.800","50"
"254","363884","20220706005000","241","1","宜蘭縣","礁溪鄉","121.755","24.800","204"
"1301","363890","20220706005000","855","3","宜蘭縣","礁溪鄉","121.740","24.780","1029"
"146","363899","20220706005000","118","2","宜蘭縣","礁溪鄉","121.740","24.790","111"
"414","363936","20220706005000","632","0","新竹市","香山區","120.950","24.775","301"
"509","363940","20220706005000","469","1","新竹市","香山區","120.950","24.780","376"
"288","363941","20220706005000","355","0","新竹市","香山區","120.935","24.795","241"
"658","363948","20220706005000","548","2","新竹市","香山區","120.925","24.800","546"
"2815","363957","20220706005000","1936","2","新竹縣","竹北市","120.995","24.835","2146"
"760","363960","20220706005000","1056","0","新竹縣","竹北市","121.000","24.825","567"
"898","363961","20220706005000","493","3","新竹縣","竹北市","120.990","24.830","805"
"1578","363963","20220706005000","1196","2","新竹縣","竹北市","121.000","24.830","1356"
"1707","363964","20220706005000","1698","1","新竹縣","竹北市","121.000","24.835","1285"
"649","363965","20220706005000","649","1","新竹縣","竹北市","121.005","24.835","484"
"702","363968","20220706005000","703","0","新竹縣","竹北市","120.970","24.835","574"
"3197","363976","20220706005000","2799","1","桃園市","龍潭區","121.215","24.860","2570"
"1108","363977","20220706005000","755","2","桃園市","龍潭區","121.210","24.865","1083"
"343","363980","20220706005000","216","3","新竹縣","新埔鎮","121.110","24.815","249"
"92","363983","20220706005000","48","3","新竹縣","新埔鎮","121.100","24.820","70"
"665","363985","20220706005000","595","1","新竹縣","新埔鎮","121.090","24.825","492"
"295","363989","20220706005000","270","1","新竹縣","關西鎮","121.110","24.825","279"
"270","363993","20220706005000","565","0","新竹市","北區","120.965","24.820","215"
"2885","363994","20220706005000","2545","1","新竹市","北區","120.970","24.820","2259"
"2159","363995","20220706005000","2494","0","新竹市","北區","120.955","24.810","1592"
"3073","363996","20220706005000","2744","1","新竹市","北區","120.960","24.810","2366"
"829","363997","20220706005000","792","1","宜蘭縣","頭城鎮","121.825","24.860","652"
"34","364010","20220706005000","31","1","桃園市","大溪區","121.295","24.835","26"
"38","364013","20220706005000","39","0","桃園市","大溪區","121.280","24.840","29"
"743","364024","20220706005000","591","2","桃園市","大溪區","121.285","24.850","611"
"25","364032","20220706005000","318","0","桃園市","大溪區","121.295","24.855","27"
"19","364043","20220706005000","19","1","桃園市","大溪區","121.305","24.860","18"
"317","364050","20220706005000","271","1","桃園市","大溪區","121.295","24.865","205"
"79","364052","20220706005000","83","0","桃園市","大溪區","121.305","24.865","61"
"304","364061","20220706005000","283","1","桃園市","大溪區","121.300","24.870","292"
"199","364068","20220706005000","220","0","桃園市","大溪區","121.300","24.875","159"
"45","364070","20220706005000","35","2","桃園市","大溪區","121.310","24.875","37"
"193","364110","20220706005000","233","0","桃園市","大溪區","121.270","24.840","156"
"31","364116","20220706005000","17","3","桃園市","大溪區","121.275","24.850","31"
"706","364119","20220706005000","572","2","新竹縣","新豐鄉","121.005","24.885","558"
"791","364123","20220706005000","634","2","新竹縣","新豐鄉","121.005","24.890","619"
"424","364126","20220706005000","373","1","新竹縣","湖口鄉","121.020","24.890","282"
"187","364127","20220706005000","70","3","新竹縣","新豐鄉","120.995","24.875","165"
"482","364129","20220706005000","474","1","新竹縣","新豐鄉","120.990","24.880","357"
"197","364130","20220706005000","257","0","新竹縣","新豐鄉","120.990","24.885","170"
"1432","364132","20220706005000","1362","1","新竹縣","新豐鄉","120.990","24.890","1140"
"333","364139","20220706005000","360","0","新竹縣","湖口鄉","121.025","24.890","311"
"764","364141","20220706005000","738","1","新竹縣","湖口鄉","121.035","24.890","515"
"754","364143","20220706005000","691","1","新竹縣","湖口鄉","121.020","24.860","609"
"158","364146","20220706005000","151","1","新竹縣","湖口鄉","121.015","24.865","136"
"287","364147","20220706005000","184","3","新竹縣","湖口鄉","121.020","24.865","201"
"1840","364148","20220706005000","1321","2","新竹縣","湖口鄉","121.025","24.865","1343"
"591","364149","20220706005000","761","0","新竹縣","湖口鄉","121.030","24.865","450"
"353","364163","20220706005000","500","0","新竹縣","湖口鄉","121.035","24.875","276"
"814","364164","20220706005000","909","0","新竹縣","湖口鄉","121.040","24.875","760"
"320","364168","20220706005000","373","0","新竹縣","湖口鄉","121.035","24.880","240"
"335","364171","20220706005000","349","0","新竹縣","湖口鄉","121.050","24.880","225"
"10","364179","20220706005000","19","0","新竹縣","湖口鄉","121.065","24.875","18"
"10","364180","20220706005000","13","0","新竹縣","湖口鄉","121.070","24.875","12"
"217","364189","20220706005000","220","0","新竹縣","湖口鄉","121.075","24.880","178"
"208","364194","20220706005000","205","1","新竹縣","湖口鄉","121.070","24.885","144"
"253","364195","20220706005000","179","2","新竹縣","湖口鄉","121.075","24.885","208"
"773","364201","20220706005000","729","1","新竹縣","湖口鄉","121.055","24.880","706"
"399","364202","20220706005000","310","2","新竹縣","湖口鄉","121.060","24.880","266"
"769","364205","20220706005000","650","1","新竹縣","湖口鄉","121.050","24.885","572"
"86","364211","20220706005000","85","1","新竹縣","湖口鄉","121.105","24.880","64"
"398","364216","20220706005000","427","0","新竹縣","湖口鄉","121.090","24.885","304"
"203","364221","20220706005000","142","2","新竹縣","湖口鄉","121.095","24.885","202"
"42","364222","20220706005000","37","1","新竹縣","湖口鄉","121.100","24.885","36"
"90","364228","20220706005000","87","1","新竹縣","湖口鄉","121.110","24.890","77"
"197","364231","20220706005000","160","2","新竹縣","湖口鄉","121.085","24.885","171"
"436","364236","20220706005000","338","2","新竹縣","湖口鄉","121.080","24.890","293"
"300","364238","20220706005000","357","0","新竹縣","湖口鄉","121.090","24.890","260"
"2565","364239","20220706005000","2537","1","新竹縣","湖口鄉","121.015","24.870","2217"
"539","364240","20220706005000","736","0","新竹縣","湖口鄉","121.015","24.875","445"
"1024","364242","20220706005000","767","2","新竹縣","湖口鄉","121.025","24.875","766"
"486","364243","20220706005000","488","0","新竹縣","湖口鄉","121.010","24.880","362"
"3619","364244","20220706005000","2776","2","新竹市","北區","120.965","24.805","2698"
"31","364290","20220706005000","23","2","新北市","新店區","121.510","24.890","38"
"30","364291","20220706005000","16","3","新北市","新店區","121.515","24.890","12"
"553","364296","20220706005000","691","0","桃園市","大溪區","121.265","24.885","456"
"439","364314","20220706005000","333","2","桃園市","大溪區","121.280","24.870","455"
"22","364340","20220706005000","28","0","桃園市","大溪區","121.285","24.820","21"
"100","364352","20220706005000","87","1","桃園市","大溪區","121.310","24.825","84"
"33","364359","20220706005000","25","2","桃園市","大溪區","121.305","24.830","25"
"766","364405","20220706005000","563","2","桃園市","大溪區","121.300","24.890","587"
"906","364409","20220706005000","639","2","新竹縣","湖口鄉","121.045","24.890","733"
"92","364410","20220706005000","113","0","新竹縣","湖口鄉","121.050","24.890","82"
"177","364419","20220706005000","140","2","新竹縣","湖口鄉","121.040","24.860","111"
"1323","364424","20220706005000","1173","1","新竹縣","湖口鄉","121.035","24.865","950"
"240","364429","20220706005000","149","3","新竹縣","湖口鄉","121.020","24.870","205"
"1110","364430","20220706005000","1730","0","新竹縣","湖口鄉","121.025","24.870","874"
"1258","364431","20220706005000","1281","0","新竹縣","湖口鄉","121.030","24.870","951"
"1231","364432","20220706005000","1486","0","新竹縣","湖口鄉","121.035","24.870","880"
"1252","364436","20220706005000","672","3","新竹縣","湖口鄉","121.030","24.875","1021"
"34","364448","20220706005000","31","1","新竹縣","新埔鎮","121.095","24.805","32"
"269","364453","20220706005000","260","1","新竹縣","新埔鎮","121.090","24.810","213"
"95","364455","20220706005000","55","3","新竹縣","新埔鎮","121.100","24.810","80"
"146","364470","20220706005000","89","3","新竹縣","新埔鎮","121.095","24.855","114"
"359","364480","20220706005000","512","0","新竹縣","新埔鎮","121.060","24.835","318"
"324","364482","20220706005000","240","2","新竹縣","新埔鎮","121.060","24.840","267"
"2192","364497","20220706005000","2217","0","新竹縣","新埔鎮","121.085","24.830","1687"
"75","364505","20220706005000","54","2","新竹縣","芎林鄉","121.085","24.790","72"
"80","364507","20220706005000","61","2","新竹縣","新埔鎮","121.085","24.795","62"
"95","364516","20220706005000","49","3","新竹縣","新埔鎮","121.080","24.810","91"
"186","364518","20220706005000","178","1","新竹縣","新埔鎮","121.080","24.815","153"
"584","364538","20220706005000","558","1","新竹縣","新埔鎮","121.120","24.840","507"
"564","364549","20220706005000","606","0","新竹縣","新埔鎮","121.060","24.820","410"
"89","364554","20220706005000","11","3","新竹縣","新埔鎮","121.055","24.825","93"
"11","364555","20220706005000","175","0","新竹縣","新埔鎮","121.060","24.825","32"
"42","364557","20220706005000","625","0","新竹縣","新埔鎮","121.035","24.830","47"
"818","364558","20220706005000","735","1","新竹縣","新埔鎮","121.040","24.830","650"
"4318","364561","20220706005000","2493","3","新竹縣","新埔鎮","121.030","24.835","3520"
"36","364571","20220706005000","60","0","新竹縣","新埔鎮","121.145","24.855","35"
"1328","364579","20220706005000","1233","1","新竹縣","新埔鎮","121.080","24.830","1028"
"90","364580","20220706005000","57","3","新竹縣","新埔鎮","121.075","24.830","81"
"291","364581","20220706005000","264","1","宜蘭縣","宜蘭市","121.760","24.770","249"
"419","364583","20220706005000","283","2","宜蘭縣","宜蘭市","121.770","24.770","342"
"149","364585","20220706005000","147","1","宜蘭縣","宜蘭市","121.765","24.770","115"
"258","364586","20220706005000","191","2","宜蘭縣","宜蘭市","121.760","24.775","196"
"453","364587","20220706005000","352","2","宜蘭縣","宜蘭市","121.760","24.780","396"
"44","364588","20220706005000","36","2","桃園市","平鎮區","121.185","24.890","26"
"289","364590","20220706005000","238","2","桃園市","大溪區","121.285","24.865","259"
"719","364594","20220706005000","519","2","桃園市","大溪區","121.285","24.875","603"
"1235","364597","20220706005000","1189","1","桃園市","大溪區","121.285","24.880","1040"
"940","364599","20220706005000","1193","0","桃園市","大溪區","121.295","24.880","674"
"1371","364601","20220706005000","1237","1","桃園市","大溪區","121.270","24.880","1022"
"12","364604","20220706005000","15","0","桃園市","楊梅區","121.175","24.885","10"
"317","364607","20220706005000","307","1","桃園市","楊梅區","121.180","24.890","220"
"494","364609","20220706005000","521","0","桃園市","龍潭區","121.235","24.875","383"
"593","364612","20220706005000","505","1","桃園市","龍潭區","121.220","24.870","459"
"1051","364613","20220706005000","755","2","桃園市","龍潭區","121.225","24.870","810"
"743","364614","20220706005000","523","2","桃園市","龍潭區","121.205","24.885","518"
"139","364615","20220706005000","101","2","桃園市","龍潭區","121.205","24.890","160"
"1063","364616","20220706005000","1089","0","桃園市","龍潭區","121.210","24.885","750"
"387","364618","20220706005000","353","1","新竹縣","竹北市","120.990","24.835","271"
"409","364620","20220706005000","456","0","新竹縣","竹北市","120.990","24.840","312"
"644","364623","20220706005000","670","0","新竹縣","竹北市","120.990","24.845","502"
"789","364629","20220706005000","1672","0","新竹縣","竹北市","121.045","24.795","645"
"1548","364631","20220706005000","1308","1","新竹縣","竹北市","121.040","24.800","1166"
"1014","364632","20220706005000","665","3","新竹縣","竹北市","121.045","24.800","861"
"515","364633","20220706005000","614","0","新竹縣","竹北市","121.050","24.800","381"
"1545","364634","20220706005000","1292","1","新竹縣","竹北市","121.040","24.805","1293"
"522","364635","20220706005000","480","1","新竹縣","竹北市","121.045","24.805","352"
"2114","364637","20220706005000","1635","2","新竹縣","竹北市","121.020","24.810","1573"
"2439","364639","20220706005000","2127","1","新竹縣","竹北市","121.020","24.815","1960"
"1963","364640","20220706005000","2608","0","新竹縣","竹北市","121.025","24.815","1633"
"701","364641","20220706005000","388","3","新竹縣","竹北市","121.020","24.820","617"
"2329","364642","20220706005000","3454","0","新竹縣","竹北市","121.025","24.820","1803"
"1458","364648","20220706005000","1047","2","新竹市","北區","120.925","24.840","1190"
"838","364657","20220706005000","840","0","桃園市","龍潭區","121.210","24.890","672"
"70","364662","20220706005000","42","3","桃園市","復興區","121.325","24.775","61"
"13","364692","20220706005000","13","1","桃園市","復興區","121.335","24.790","11"
"116","364720","20220706005000","99","1","桃園市","復興區","121.345","24.805","101"
"202","364731","20220706005000","159","2","桃園市","復興區","121.350","24.815","125"
"94","364735","20220706005000","92","1","桃園市","復興區","121.350","24.820","76"
"90","364741","20220706005000","76","1","桃園市","復興區","121.370","24.825","62"
"108","364767","20220706005000","137","0","桃園市","復興區","121.375","24.800","91"
"27","364824","20220706005000","33","0","桃園市","復興區","121.375","24.785","24"
"28","364825","20220706005000","18","3","桃園市","復興區","121.380","24.785","31"
"57","364828","20220706005000","27","3","桃園市","復興區","121.395","24.785","45"
"13","364892","20220706005000","12","1","桃園市","復興區","121.275","24.790","11"
"91","364934","20220706005000","79","1","桃園市","復興區","121.305","24.800","72"
"41","364969","20220706005000","40","1","桃園市","復興區","121.400","24.805","31"
"54","365017","20220706005000","34","3","桃園市","復興區","121.390","24.825","36"
"91","365042","20220706005000","43","3","桃園市","復興區","121.385","24.835","68"
"197","365054","20220706005000","251","0","桃園市","楊梅區","121.155","24.880","167"
"92","365058","20220706005000","80","1","桃園市","楊梅區","121.155","24.885","95"
"355","365063","20220706005000","309","1","桃園市","楊梅區","121.150","24.885","290"
"217","365065","20220706005000","220","0","桃園市","楊梅區","121.160","24.885","180"
"43","365067","20220706005000","200","0","桃園市","楊梅區","121.150","24.890","79"
"1038","365068","20220706005000","1037","1","桃園市","楊梅區","121.155","24.890","813"
"1186","365070","20220706005000","878","2","桃園市","楊梅區","121.170","24.885","1000"
"3189","365073","20220706005000","3381","0","新竹市","北區","120.955","24.795","2514"
"163","365074","20220706005000","194","0","新竹市","香山區","120.955","24.780","128"
"2070","365075","20220706005000","1773","1","新竹市","香山區","120.945","24.790","1574"
"671","365076","20220706005000","538","2","新竹市","香山區","120.950","24.790","549"
"1021","365079","20220706005000","1092","0","新竹市","香山區","120.925","24.790","836"
"2687","365080","20220706005000","2756","0","新竹市","香山區","120.925","24.795","2033"
"992","365083","20220706005000","990","1","新竹市","香山區","120.940","24.775","834"
"114","365084","20220706005000","80","2","新竹市","香山區","120.930","24.780","89"
"335","365086","20220706005000","466","0","新竹市","香山區","120.940","24.780","261"
"325","365089","20220706005000","293","1","新竹市","香山區","120.935","24.785","256"
"2336","365090","20220706005000","1711","2","新竹縣","竹北市","121.015","24.840","1853"
"4258","365091","20220706005000","3807","1","新竹縣","竹北市","121.010","24.840","3146"
"1134","365092","20220706005000","951","1","桃園市","龍潭區","121.210","24.880","797"
"562","365093","20220706005000","394","2","桃園市","龍潭區","121.215","24.880","706"
"669","365094","20220706005000","666","1","桃園市","龍潭區","121.215","24.885","490"
"472","365099","20220706005000","484","0","桃園市","龍潭區","121.200","24.875","366"
"593","365102","20220706005000","603","0","桃園市","龍潭區","121.195","24.885","458"
"270","365105","20220706005000","215","2","桃園市","龍潭區","121.200","24.885","292"
"974","365121","20220706005000","738","2","桃園市","龍潭區","121.180","24.835","693"
"362","365122","20220706005000","453","0","桃園市","龍潭區","121.185","24.835","272"
"470","365124","20220706005000","567","0","桃園市","龍潭區","121.195","24.835","451"
"675","365133","20220706005000","857","0","桃園市","龍潭區","121.200","24.850","579"
"532","365138","20220706005000","446","1","桃園市","龍潭區","121.210","24.810","370"
"70","365145","20220706005000","91","0","桃園市","龍潭區","121.205","24.820","57"
"135","365150","20220706005000","141","0","桃園市","龍潭區","121.205","24.825","148"
"64","365153","20220706005000","63","1","桃園市","龍潭區","121.220","24.825","65"
"656","365158","20220706005000","575","1","桃園市","龍潭區","121.205","24.835","503"
"866","365161","20220706005000","781","1","桃園市","龍潭區","121.205","24.840","684"
"405","365169","20220706005000","414","0","桃園市","龍潭區","121.230","24.885","306"
"1311","365173","20220706005000","1350","0","新竹市","北區","120.965","24.815","999"
"1024","365174","20220706005000","871","1","新竹市","北區","120.960","24.820","780"
"1599","365175","20220706005000","1479","1","新竹市","北區","120.960","24.800","1257"
"2482","365176","20220706005000","2167","1","新竹市","東區","120.980","24.795","2108"
"1183","365177","20220706005000","1509","0","新竹市","東區","120.985","24.795","955"
"53","365178","20220706005000","160","0","新竹市","東區","120.985","24.790","66"
"2310","365183","20220706005000","1612","2","新竹市","北區","120.975","24.820","1780"
"1519","365184","20220706005000","1549","0","新竹市","北區","120.975","24.825","1330"
"668","365185","20220706005000","685","0","新竹市","北區","120.980","24.825","479"
"14","365199","20220706005000","136","0","新竹市","北區","120.950","24.820","15"
"1482","365210","20220706005000","1545","0","新竹市","東區","121.000","24.800","1268"
"2248","365211","20220706005000","1979","1","新竹市","東區","121.000","24.795","1214"
"1168","365212","20220706005000","906","2","新竹市","東區","121.025","24.780","937"
"357","365213","20220706005000","402","0","桃園市","龍潭區","121.245","24.880","317"
"377","365219","20220706005000","458","0","桃園市","平鎮區","121.240","24.890","302"
"1505","365221","20220706005000","1448","1","新竹市","北區","120.930","24.835","1107"
"1064","365222","20220706005000","1027","1","新竹市","北區","120.935","24.835","871"
"4234","365223","20220706005000","3621","1","新竹市","北區","120.970","24.825","3228"
"5265","365224","20220706005000","4441","1","新竹市","東區","120.975","24.815","4094"
"3373","365225","20220706005000","2598","2","新竹市","東區","120.980","24.815","2621"
"1977","365226","20220706005000","1246","3","新竹市","北區","120.965","24.825","1542"
"673","365227","20220706005000","462","2","新竹市","北區","120.965","24.830","517"
"115","365229","20220706005000","106","1","桃園市","楊梅區","121.140","24.885","109"
"109","365231","20220706005000","101","1","桃園市","楊梅區","121.135","24.885","105"
"319","365234","20220706005000","149","3","桃園市","楊梅區","121.135","24.890","211"
"376","365235","20220706005000","384","0","桃園市","楊梅區","121.140","24.890","302"
"629","365236","20220706005000","786","0","桃園市","楊梅區","121.145","24.890","456"
"1121","365237","20220706005000","1042","1","新竹市","北區","120.950","24.805","919"
"1576","365238","20220706005000","1345","1","新竹市","北區","120.940","24.840","1228"
"1062","365240","20220706005000","1123","0","新竹市","北區","120.930","24.840","780"
"885","365241","20220706005000","717","2","新竹市","北區","120.935","24.840","685"
"111","365242","20220706005000","73","3","新竹市","北區","120.920","24.845","90"
"169","365243","20220706005000","140","2","新竹市","北區","120.925","24.845","127"
"923","365244","20220706005000","862","1","新竹市","北區","120.930","24.845","710"
"1716","365253","20220706005000","1600","1","新竹市","東區","120.965","24.800","1348"
"6727","365254","20220706005000","5603","2","新竹市","東區","121.005","24.795","5569"
"3519","365255","20220706005000","3176","1","新竹市","東區","121.010","24.795","2943"
"1162","365258","20220706005000","1050","1","新竹市","東區","121.015","24.795","815"
"1124","365259","20220706005000","732","3","新竹市","東區","120.970","24.790","875"
"1257","365261","20220706005000","1173","1","新竹市","北區","120.955","24.815","997"
"6110","365262","20220706005000","5525","1","新竹市","北區","120.960","24.815","4667"
"48","365263","20220706005000","254","0","新竹市","北區","120.955","24.820","30"
"785","365264","20220706005000","813","0","新竹市","北區","120.955","24.825","543"
"2942","365265","20220706005000","2783","1","新竹市","東區","121.010","24.790","2308"
"654","365266","20220706005000","1148","0","新竹市","東區","120.970","24.795","584"
"1087","365267","20220706005000","1042","1","新竹市","東區","120.980","24.790","821"
"2211","365268","20220706005000","1953","1","新竹市","東區","120.970","24.805","1786"
"737","365269","20220706005000","810","0","新竹市","北區","120.945","24.805","624"
"831","365270","20220706005000","1172","0","新竹市","香山區","120.950","24.800","585"
"2298","365271","20220706005000","2142","1","新竹市","北區","120.955","24.800","1732"
"65","365292","20220706005000","81","0","桃園市","復興區","121.340","24.820","54"
"63","365296","20220706005000","36","3","桃園市","復興區","121.340","24.825","52"
"229","365304","20220706005000","199","1","桃園市","大溪區","121.330","24.835","176"
"115","365315","20220706005000","93","2","桃園市","復興區","121.350","24.835","84"
"1746","365322","20220706005000","1610","1","新竹市","東區","120.970","24.815","1354"
"3589","365323","20220706005000","3137","1","新竹市","北區","120.965","24.810","2865"
"2564","365324","20220706005000","2759","0","新竹市","東區","120.990","24.800","1929"
"51","365325","20220706005000","77","0","新竹市","東區","120.990","24.805","42"
"86","365326","20220706005000","86","1","新竹市","東區","120.995","24.805","128"
"595","365327","20220706005000","1537","0","新竹市","東區","120.995","24.785","392"
"313","365328","20220706005000","636","0","新竹市","東區","121.000","24.780","202"
"211","365330","20220706005000","246","0","新竹市","東區","120.990","24.785","157"
"1491","365331","20220706005000","2612","0","新竹市","東區","121.000","24.790","1051"
"1085","365332","20220706005000","1018","1","新竹市","東區","121.000","24.785","818"
"158","365334","20220706005000","531","0","新竹市","東區","120.990","24.795","115"
"991","365335","20220706005000","1792","0","新竹市","東區","120.990","24.790","667"
"1722","365336","20220706005000","1700","1","新竹市","東區","120.995","24.795","1347"
"1545","365337","20220706005000","1383","1","新竹市","東區","120.995","24.790","1339"
"810","365338","20220706005000","895","0","新竹市","北區","120.960","24.790","644"
"1420","365339","20220706005000","1202","1","新竹市","東區","120.980","24.800","1096"
"353","365340","20220706005000","302","1","新竹市","東區","120.990","24.810","245"
"1763","365341","20220706005000","1836","0","新竹市","東區","120.985","24.815","1321"
"722","365346","20220706005000","927","0","新竹市","東區","120.995","24.820","615"
"23","365352","20220706005000","232","0","新竹市","東區","121.015","24.805","29"
"238","365356","20220706005000","313","0","桃園市","楊梅區","121.130","24.885","218"
"143","365363","20220706005000","142","1","桃園市","楊梅區","121.125","24.890","99"
"213","365364","20220706005000","229","0","桃園市","楊梅區","121.130","24.890","167"
"30","367498","20220706005000","26","1","宜蘭縣","頭城鎮","121.880","24.910","17"
"67","369694","20220706005000","60","1","宜蘭縣","頭城鎮","121.895","24.940","81"
"27","369695","20220706005000","185","0","宜蘭縣","頭城鎮","121.900","24.940","45"
"501","373866","20220706005000","589","0","新北市","板橋區","121.435","24.985","351"
"2108","373867","20220706005000","3556","0","新北市","中和區","121.515","24.990","2033"
"35","373876","20220706005000","32","1","宜蘭縣","頭城鎮","121.850","24.895","25"
"207","373895","20220706005000","232","0","宜蘭縣","頭城鎮","121.890","24.940","149"
"75","373934","20220706005000","101","0","宜蘭縣","頭城鎮","121.900","24.945","52"
"22","373935","20220706005000","14","3","宜蘭縣","頭城鎮","121.900","24.950","16"
"32","373940","20220706005000","20","3","宜蘭縣","頭城鎮","121.915","24.950","27"
"137","373951","20220706005000","117","1","宜蘭縣","頭城鎮","121.920","24.960","135"
"107","373977","20220706005000","174","0","新北市","雙溪區","121.795","24.900","101"
"211","373991","20220706005000","221","0","宜蘭縣","頭城鎮","121.865","24.905","164"
"55","373993","20220706005000","64","0","宜蘭縣","頭城鎮","121.850","24.905","77"
"2426","374034","20220706005000","3304","0","新北市","中和區","121.525","24.990","2020"
"3284","374036","20220706005000","6611","0","新北市","土城區","121.465","24.985","3096"
"3329","374037","20220706005000","3348","0","新北市","土城區","121.470","24.990","2936"
"982","374042","20220706005000","1133","0","新北市","土城區","121.470","24.975","873"
"1504","374045","20220706005000","2253","0","新北市","新店區","121.545","24.980","1161"
"1001","374046","20220706005000","1076","0","新北市","中和區","121.480","24.965","871"
"23","374051","20220706005000","28","0","新北市","中和區","121.490","24.970","19"
"15","374054","20220706005000","22","0","新北市","中和區","121.495","24.975","19"
"381","374055","20220706005000","450","0","新北市","中和區","121.495","24.980","282"
"1650","374056","20220706005000","2169","0","新北市","中和區","121.505","24.985","1425"
"514","374067","20220706005000","449","1","新北市","三峽區","121.380","24.925","402"
"1854","374070","20220706005000","1735","1","新北市","三峽區","121.370","24.930","1504"
"382","374083","20220706005000","274","2","新北市","三峽區","121.405","24.905","315"
"65","374086","20220706005000","44","2","新北市","三峽區","121.380","24.910","58"
"53","374103","20220706005000","68","0","新北市","三峽區","121.350","24.900","47"
"115","374104","20220706005000","89","2","新北市","三峽區","121.355","24.900","85"
"69","374106","20220706005000","97","0","新北市","三峽區","121.365","24.900","63"
"357","374107","20220706005000","259","2","新北市","三峽區","121.360","24.905","285"
"100","374108","20220706005000","183","0","新北市","三峽區","121.365","24.905","118"
"704","374109","20220706005000","710","0","新北市","三峽區","121.365","24.910","530"
"170","374111","20220706005000","153","1","新北市","三峽區","121.365","24.920","136"
"56","374139","20220706005000","51","1","新北市","三峽區","121.465","24.915","56"
"70","374147","20220706005000","35","3","新北市","三峽區","121.455","24.920","58"
"18","374151","20220706005000","13","2","新北市","三峽區","121.475","24.920","32"
"128","374167","20220706005000","100","2","新北市","三峽區","121.445","24.925","113"
"155","374179","20220706005000","117","2","新北市","三峽區","121.455","24.930","132"
"44","374183","20220706005000","44","1","新北市","三峽區","121.445","24.935","37"
"2821","374196","20220706005000","2981","0","新北市","新店區","121.550","24.970","2383"
"328","374198","20220706005000","520","0","新北市","新店區","121.550","24.975","245"
"829","374199","20220706005000","917","0","新北市","土城區","121.455","24.990","299"
"1298","374200","20220706005000","1067","2","新北市","土城區","121.440","24.980","1000"
"337","374201","20220706005000","489","0","新北市","土城區","121.445","24.980","433"
"3337","374203","20220706005000","3278","1","新北市","中和區","121.495","24.990","2577"
"2158","374204","20220706005000","2352","0","新北市","中和區","121.510","24.985","1703"
"4725","374205","20220706005000","5343","0","新北市","新店區","121.545","24.975","3692"
"1036","374206","20220706005000","1131","0","新北市","新店區","121.550","24.980","825"
"1999","374207","20220706005000","2877","0","新北市","中和區","121.505","24.980","1664"
"29","374212","20220706005000","31","0","新北市","中和區","121.485","24.980","21"
"207","374215","20220706005000","214","0","新北市","中和區","121.485","24.990","208"
"113","374216","20220706005000","82","2","新北市","中和區","121.500","24.970","116"
"119","374217","20220706005000","115","1","新北市","中和區","121.500","24.975","85"
"809","374218","20220706005000","609","2","新北市","中和區","121.505","24.975","589"
"484","374219","20220706005000","634","0","新北市","新店區","121.510","24.975","329"
"42","374220","20220706005000","30","2","新北市","中和區","121.500","24.980","30"
"4185","374221","20220706005000","4379","0","新北市","樹林區","121.375","24.945","3119"
"1403","374222","20220706005000","1174","1","新北市","三峽區","121.370","24.925","1076"
"1120","374223","20220706005000","2091","0","新北市","三峽區","121.365","24.930","863"
"178","374240","20220706005000","109","3","新北市","三峽區","121.345","24.915","136"
"33","374252","20220706005000","203","0","新北市","三峽區","121.360","24.925","53"
"149","374255","20220706005000","113","2","新北市","三峽區","121.420","24.925","114"
"882","374266","20220706005000","545","3","新北市","中和區","121.500","24.985","662"
"298","374267","20220706005000","1972","0","新北市","中和區","121.500","24.990","382"
"5321","374268","20220706005000","5893","0","新北市","中和區","121.510","24.990","4243"
"2508","374272","20220706005000","2589","0","新北市","三峽區","121.370","24.935","1885"
"356","374277","20220706005000","334","1","新北市","三峽區","121.370","24.900","257"
"233","374283","20220706005000","213","1","新北市","三峽區","121.395","24.935","147"
"252","374286","20220706005000","275","0","新北市","三峽區","121.400","24.940","256"
"85","374288","20220706005000","109","0","新北市","三峽區","121.405","24.945","69"
"463","374295","20220706005000","425","1","新北市","三峽區","121.390","24.930","349"
"507","374297","20220706005000","408","2","新北市","三峽區","121.400","24.930","388"
"231","374300","20220706005000","175","2","新北市","三峽區","121.415","24.925","186"
"430","374302","20220706005000","475","0","新北市","三峽區","121.410","24.930","339"
"20","374321","20220706005000","20","1","新北市","三峽區","121.420","24.900","31"
"89","374335","20220706005000","61","2","新北市","三峽區","121.435","24.905","74"
"101","374343","20220706005000","93","1","新北市","三峽區","121.420","24.910","83"
"166","374363","20220706005000","106","3","新北市","三峽區","121.425","24.920","144"
"165","374371","20220706005000","150","1","新北市","三峽區","121.425","24.925","119"
"34","374390","20220706005000","190","0","新北市","三峽區","121.360","24.935","40"
"2564","374391","20220706005000","2536","1","新北市","三峽區","121.365","24.935","2001"
"1235","374393","20220706005000","1340","0","新北市","三峽區","121.375","24.935","900"
"655","374394","20220706005000","491","2","新北市","三峽區","121.380","24.935","497"
"1683","374396","20220706005000","1775","0","新北市","三峽區","121.380","24.940","1390"
"10","374399","20220706005000","13","0","新北市","三峽區","121.395","24.945","10"
"1548","374402","20220706005000","1743","0","新北市","三峽區","121.370","24.940","1226"
"1586","374403","20220706005000","2612","0","新北市","三峽區","121.375","24.940","1402"
"184","374405","20220706005000","195","0","新北市","三峽區","121.370","24.945","125"
"623","374408","20220706005000","560","1","新北市","三峽區","121.365","24.925","497"
"53","374410","20220706005000","30","3","新北市","三峽區","121.370","24.920","37"
"785","374412","20220706005000","884","0","新北市","三峽區","121.375","24.925","720"
"11","374414","20220706005000","18","0","新北市","三峽區","121.340","24.900","13"
"528","374418","20220706005000","613","0","新北市","三峽區","121.355","24.910","380"
"1855","374420","20220706005000","1837","1","新北市","三峽區","121.375","24.930","1350"
"500","374421","20220706005000","671","0","新北市","三峽區","121.385","24.930","384"
"2316","374422","20220706005000","4311","0","新北市","中和區","121.505","24.990","1933"
"1399","374423","20220706005000","2397","0","新北市","土城區","121.455","24.985","1724"
"1864","374424","20220706005000","1556","1","新北市","土城區","121.470","24.985","1493"
"213","374427","20220706005000","24","3","宜蘭縣","頭城鎮","121.870","24.910","181"
"24","374433","20220706005000","26","0","宜蘭縣","頭城鎮","121.880","24.920","17"
"34","374451","20220706005000","29","1","宜蘭縣","頭城鎮","121.885","24.935","31"
"2860","374458","20220706005000","4657","0","新北市","中和區","121.520","24.990","2669"
"3607","374459","20220706005000","3784","0","新北市","樹林區","121.415","24.980","2622"
"1191","374462","20220706005000","1171","1","新北市","樹林區","121.385","24.955","879"
"42","374467","20220706005000","128","0","新北市","樹林區","121.385","24.970","37"
"219","374493","20220706005000","987","0","新北市","新店區","121.535","24.990","281"
"479","374494","20220706005000","287","3","新北市","新店區","121.530","24.955","356"
"194","374495","20220706005000","157","2","新北市","新店區","121.535","24.955","194"
"997","374496","20220706005000","877","1","新北市","新店區","121.535","24.960","739"
"405","374498","20220706005000","450","0","新北市","新店區","121.520","24.970","517"
"1619","374500","20220706005000","2069","0","新北市","新店區","121.515","24.975","1276"
"1660","374512","20220706005000","2286","0","新北市","樹林區","121.420","24.990","1443"
"3895","374513","20220706005000","3635","1","新北市","中和區","121.510","24.980","3140"
"1728","374514","20220706005000","1502","1","新北市","土城區","121.460","24.975","1283"
"586","374515","20220706005000","602","0","新北市","新店區","121.520","24.980","403"
"1250","374516","20220706005000","1858","0","新北市","新店區","121.520","24.985","1066"
"147","374517","20220706005000","127","1","桃園市","大溪區","121.310","24.895","116"
"18","374520","20220706005000","16","1","桃園市","大溪區","121.330","24.895","14"
"21","374524","20220706005000","26","0","桃園市","大溪區","121.320","24.905","18"
"53","374544","20220706005000","50","1","桃園市","大溪區","121.305","24.925","72"
"972","374548","20220706005000","909","1","桃園市","中壢區","121.240","24.940","806"
"121","374549","20220706005000","110","1","桃園市","中壢區","121.245","24.940","174"
"237","374550","20220706005000","167","2","桃園市","中壢區","121.235","24.945","163"
"819","374551","20220706005000","699","1","桃園市","中壢區","121.240","24.945","651"
"461","374552","20220706005000","466","0","桃園市","中壢區","121.240","24.980","425"
"775","374554","20220706005000","640","2","桃園市","中壢區","121.240","24.930","561"
"244","374555","20220706005000","516","0","桃園市","中壢區","121.245","24.930","370"
"955","374556","20220706005000","1053","0","桃園市","中壢區","121.235","24.930","717"
"2282","374558","20220706005000","2038","1","桃園市","中壢區","121.250","24.930","1843"
"378","374560","20220706005000","376","1","桃園市","平鎮區","121.205","24.930","285"
"1213","374561","20220706005000","1036","1","桃園市","平鎮區","121.200","24.935","916"
"107","374562","20220706005000","155","0","桃園市","平鎮區","121.205","24.935","158"
"897","374563","20220706005000","1134","0","桃園市","平鎮區","121.205","24.940","694"
"1959","374564","20220706005000","2373","0","桃園市","平鎮區","121.210","24.955","1584"
"1835","374565","20220706005000","1750","1","桃園市","平鎮區","121.205","24.955","1649"
"701","374566","20220706005000","720","0","桃園市","平鎮區","121.240","24.910","540"
"89","374575","20220706005000","92","0","桃園市","平鎮區","121.195","24.945","127"
"2406","374577","20220706005000","2688","0","桃園市","平鎮區","121.200","24.950","2003"
"1751","374578","20220706005000","1702","1","桃園市","平鎮區","121.200","24.955","1342"
"1279","374579","20220706005000","1265","1","桃園市","平鎮區","121.215","24.950","1078"
"286","374580","20220706005000","395","0","新北市","樹林區","121.365","24.950","336"
"386","374582","20220706005000","466","0","新北市","樹林區","121.375","24.950","375"
"630","374587","20220706005000","652","0","新竹縣","新豐鄉","120.980","24.910","482"
"62","374593","20220706005000","35","3","新竹縣","新豐鄉","120.985","24.915","44"
"460","374594","20220706005000","413","1","新竹縣","新豐鄉","120.970","24.920","409"
"1851","374598","20220706005000","1948","0","桃園市","中壢區","121.245","24.970","1508"
"849","374599","20220706005000","748","1","桃園市","中壢區","121.240","24.975","607"
"1885","374600","20220706005000","1364","2","桃園市","中壢區","121.250","24.980","1352"
"781","374601","20220706005000","711","1","桃園市","中壢區","121.250","24.975","721"
"1829","374602","20220706005000","1991","0","桃園市","中壢區","121.260","24.975","1496"
"544","374603","20220706005000","882","0","桃園市","中壢區","121.210","24.960","516"
"1038","374604","20220706005000","1002","1","新北市","中和區","121.490","24.990","878"
"236","374605","20220706005000","324","0","新北市","土城區","121.445","24.990","174"
"293","374606","20220706005000","275","1","新北市","新店區","121.545","24.960","240"
"1867","374607","20220706005000","2335","0","新北市","新店區","121.535","24.965","1574"
"3864","374608","20220706005000","3190","2","新北市","新店區","121.535","24.970","3051"
"1872","374609","20220706005000","1381","2","新北市","鶯歌區","121.350","24.955","1448"
"1925","374610","20220706005000","1641","1","新北市","鶯歌區","121.345","24.950","1505"
"363","374612","20220706005000","214","3","桃園市","龜山區","121.335","24.980","277"
"2686","374613","20220706005000","2204","2","新北市","鶯歌區","121.335","24.975","2062"
"1484","374614","20220706005000","1612","0","新北市","鶯歌區","121.340","24.940","1168"
"155","374617","20220706005000","234","0","新北市","鶯歌區","121.335","24.945","230"
"560","374618","20220706005000","502","1","新北市","鶯歌區","121.340","24.945","421"
"138","374620","20220706005000","217","0","新北市","鶯歌區","121.330","24.950","133"
"3272","374622","20220706005000","3021","1","新北市","鶯歌區","121.345","24.955","2635"
"73","374623","20220706005000","65","1","新北市","鶯歌區","121.365","24.955","55"
"296","374626","20220706005000","157","3","新北市","鶯歌區","121.370","24.960","245"
"359","374630","20220706005000","207","3","新北市","鶯歌區","121.375","24.965","189"
"141","374631","20220706005000","170","0","新北市","樹林區","121.380","24.965","147"
"65","374641","20220706005000","65","1","新北市","鶯歌區","121.355","24.975","54"
"2761","374648","20220706005000","2053","2","桃園市","中壢區","121.250","24.935","2137"
"120","374649","20220706005000","61","3","新竹縣","新豐鄉","120.980","24.895","96"
"762","374653","20220706005000","596","2","桃園市","八德區","121.300","24.955","646"
"1821","374654","20220706005000","2050","0","桃園市","中壢區","121.225","24.965","1554"
"71","374656","20220706005000","65","1","桃園市","大溪區","121.250","24.895","70"
"290","374659","20220706005000","314","0","桃園市","大溪區","121.265","24.895","224"
"289","374662","20220706005000","511","0","桃園市","大溪區","121.265","24.900","276"
"804","374664","20220706005000","1048","0","桃園市","大溪區","121.260","24.905","599"
"3506","374674","20220706005000","3743","0","新北市","新店區","121.535","24.985","2621"
"79","374675","20220706005000","137","0","新北市","新店區","121.540","24.985","88"
"134","374676","20220706005000","1525","0","新北市","新店區","121.505","24.945","203"
"745","374679","20220706005000","584","2","新北市","新店區","121.500","24.955","622"
"818","374680","20220706005000","475","3","新北市","新店區","121.505","24.955","822"
"45","374683","20220706005000","35","2","新北市","新店區","121.500","24.960","32"
"3491","374685","20220706005000","4180","0","新北市","新店區","121.510","24.960","2806"
"419","374692","20220706005000","692","0","新北市","中和區","121.490","24.980","295"
"1344","374694","20220706005000","1227","1","新北市","中和區","121.490","24.985","1019"
"393","374695","20220706005000","361","1","新北市","中和區","121.495","24.985","295"
"13","374714","20220706005000","21","0","新北市","坪林區","121.735","24.950","14"
"131","374733","20220706005000","134","0","新北市","坪林區","121.700","24.960","101"
"107","374748","20220706005000","100","1","新北市","坪林區","121.725","24.960","97"
"39","374749","20220706005000","35","1","新北市","坪林區","121.705","24.965","29"
"179","374755","20220706005000","162","1","新北市","坪林區","121.705","24.935","128"
"35","374759","20220706005000","60","0","新北市","坪林區","121.710","24.940","56"
"130","374760","20220706005000","133","0","新北市","坪林區","121.720","24.940","106"
"37","374766","20220706005000","15","3","新北市","坪林區","121.700","24.950","14"
"21","374772","20220706005000","23","0","新北市","坪林區","121.710","24.890","18"
"35","374784","20220706005000","25","2","新北市","坪林區","121.700","24.905","33"
"24","374792","20220706005000","27","0","新北市","坪林區","121.700","24.915","28"
"31","374801","20220706005000","30","1","新北市","坪林區","121.700","24.920","20"
"177","374804","20220706005000","145","2","新北市","坪林區","121.695","24.925","179"
"159","374823","20220706005000","182","0","新北市","坪林區","121.715","24.925","165"
"24","374907","20220706005000","20","2","新北市","坪林區","121.785","24.955","21"
"34","374921","20220706005000","34","1","新北市","坪林區","121.730","24.965","27"
"19","374929","20220706005000","15","2","新北市","坪林區","121.770","24.965","19"
"18","374980","20220706005000","13","2","新北市","坪林區","121.730","24.895","26"
"18","375116","20220706005000","40","0","新北市","坪林區","121.680","24.915","12"
"72","375126","20220706005000","72","1","新北市","坪林區","121.680","24.930","62"
"45","375135","20220706005000","56","0","新北市","石碇區","121.665","24.940","53"
"978","375152","20220706005000","1053","0","新北市","新店區","121.535","24.980","801"
"683","375153","20220706005000","630","1","新北市","新店區","121.495","24.945","577"
"800","375154","20220706005000","651","2","新北市","新店區","121.495","24.950","551"
"2340","375155","20220706005000","4689","0","新北市","新店區","121.545","24.970","1806"
"456","375159","20220706005000","356","2","新北市","新店區","121.535","24.940","338"
"478","375160","20220706005000","270","3","新北市","新店區","121.540","24.940","346"
"2655","375167","20220706005000","2395","1","桃園市","八德區","121.295","24.960","2114"
"414","375168","20220706005000","409","1","桃園市","中壢區","121.205","24.965","397"
"11","375172","20220706005000","17","0","桃園市","中壢區","121.190","24.975","15"
"23","375176","20220706005000","65","0","桃園市","中壢區","121.210","24.975","25"
"2302","375180","20220706005000","2565","0","桃園市","中壢區","121.255","24.975","1874"
"1410","375181","20220706005000","1342","1","桃園市","平鎮區","121.220","24.950","1109"
"1693","375182","20220706005000","1453","1","桃園市","中壢區","121.225","24.945","1339"
"3747","375183","20220706005000","3072","2","桃園市","中壢區","121.230","24.955","3096"
"449","375185","20220706005000","602","0","桃園市","中壢區","121.220","24.985","379"
"2561","375190","20220706005000","2595","0","桃園市","八德區","121.300","24.960","2154"
"1752","375191","20220706005000","1586","1","新竹縣","湖口鄉","121.050","24.905","1235"
"754","375194","20220706005000","747","1","新竹縣","湖口鄉","121.055","24.910","640"
"544","375195","20220706005000","427","2","新竹縣","湖口鄉","121.050","24.915","413"
"1270","375199","20220706005000","1594","0","桃園市","楊梅區","121.060","24.920","927"
"211","375200","20220706005000","226","0","新竹縣","湖口鄉","121.055","24.925","229"
"1808","375202","20220706005000","2052","0","桃園市","八德區","121.295","24.965","1506"
"1692","375203","20220706005000","1471","1","桃園市","中壢區","121.225","24.955","1342"
"1672","375204","20220706005000","1660","1","桃園市","中壢區","121.225","24.960","1409"
"1470","375206","20220706005000","2090","0","桃園市","中壢區","121.260","24.965","1453"
"1463","375207","20220706005000","1192","2","桃園市","八德區","121.300","24.970","1133"
"3290","375208","20220706005000","2606","2","桃園市","桃園區","121.305","24.975","2476"
"1303","375209","20220706005000","1173","1","桃園市","八德區","121.300","24.975","1039"
"10","375211","20220706005000","18","0","桃園市","八德區","121.315","24.940","31"
"536","375215","20220706005000","477","1","桃園市","八德區","121.300","24.925","418"
"1490","375216","20220706005000","996","2","新北市","土城區","121.450","24.990","1210"
"1689","375217","20220706005000","2089","0","新北市","土城區","121.440","24.975","1169"
"2007","375218","20220706005000","1922","1","新北市","土城區","121.465","24.975","1539"
"2170","375220","20220706005000","1846","1","新北市","新店區","121.540","24.970","1554"
"319","375229","20220706005000","363","0","新北市","新店區","121.475","24.940","220"
"76","375230","20220706005000","680","0","新北市","新店區","121.480","24.940","100"
"267","375239","20220706005000","353","0","新北市","新店區","121.485","24.950","172"
"1178","375244","20220706005000","1508","0","新北市","新店區","121.510","24.970","933"
"1338","375246","20220706005000","1604","0","新北市","新店區","121.515","24.970","1109"
"1408","375247","20220706005000","1930","0","桃園市","中壢區","121.210","24.965","1208"
"1349","375250","20220706005000","1347","1","桃園市","中壢區","121.235","24.970","1336"
"538","375252","20220706005000","540","0","桃園市","中壢區","121.235","24.975","502"
"258","375253","20220706005000","460","0","桃園市","中壢區","121.235","24.980","135"
"66","375255","20220706005000","191","0","桃園市","中壢區","121.235","24.985","82"
"1050","375256","20220706005000","1196","0","桃園市","中壢區","121.230","24.990","933"
"2394","375258","20220706005000","1966","2","桃園市","八德區","121.295","24.945","1901"
"450","375259","20220706005000","488","0","桃園市","八德區","121.295","24.950","362"
"1080","375260","20220706005000","810","2","桃園市","八德區","121.275","24.965","894"
"512","375261","20220706005000","589","0","桃園市","八德區","121.280","24.970","420"
"1156","375264","20220706005000","1359","0","桃園市","中壢區","121.195","24.960","864"
"63","375265","20220706005000","206","0","桃園市","中壢區","121.200","24.960","123"
"2134","375266","20220706005000","3425","0","桃園市","平鎮區","121.190","24.965","1611"
"536","375269","20220706005000","817","0","桃園市","平鎮區","121.190","24.970","384"
"2964","375271","20220706005000","1966","3","桃園市","中壢區","121.205","24.960","2294"
"2612","375272","20220706005000","2195","1","桃園市","中壢區","121.260","24.950","2070"
"2810","375273","20220706005000","1966","2","桃園市","中壢區","121.260","24.955","2414"
"657","375274","20220706005000","611","1","桃園市","八德區","121.290","24.960","510"
"815","375275","20220706005000","1155","0","桃園市","八德區","121.265","24.970","626"
"187","375276","20220706005000","323","0","桃園市","八德區","121.275","24.970","149"
"527","375278","20220706005000","464","1","桃園市","八德區","121.270","24.970","380"
"1236","375279","20220706005000","1050","1","桃園市","八德區","121.275","24.975","1005"
"1178","375281","20220706005000","1089","1","桃園市","八德區","121.295","24.925","943"
"378","375296","20220706005000","295","2","新竹縣","新豐鄉","121.005","24.925","258"
"332","375299","20220706005000","383","0","新竹縣","新豐鄉","121.020","24.925","320"
"164","375303","20220706005000","142","1","新竹縣","新豐鄉","120.965","24.895","126"
"255","375308","20220706005000","194","2","新竹縣","新豐鄉","120.970","24.900","222"
"1170","375316","20220706005000","1457","0","新北市","土城區","121.420","24.960","876"
"576","375317","20220706005000","814","0","新北市","土城區","121.410","24.955","447"
"1255","375318","20220706005000","1037","2","新北市","土城區","121.415","24.955","903"
"253","375319","20220706005000","260","0","新北市","新店區","121.515","24.980","213"
"192","375320","20220706005000","94","3","新北市","新店區","121.515","24.945","125"
"434","375321","20220706005000","550","0","新北市","新店區","121.520","24.945","298"
"51","375323","20220706005000","72","0","新北市","新店區","121.520","24.950","49"
"68","375324","20220706005000","21","3","新北市","新店區","121.525","24.950","42"
"362","375325","20220706005000","497","0","新北市","新店區","121.515","24.955","250"
"1446","375326","20220706005000","686","3","新北市","新店區","121.520","24.955","1046"
"218","375330","20220706005000","166","2","新北市","新店區","121.530","24.960","212"
"676","375332","20220706005000","694","0","新北市","新店區","121.525","24.965","649"
"30","375333","20220706005000","784","0","新北市","新店區","121.520","24.965","24"
"2579","375335","20220706005000","3267","0","新北市","新店區","121.540","24.975","2029"
"630","375346","20220706005000","866","0","新北市","新店區","121.505","24.920","643"
"644","375357","20220706005000","647","0","新北市","新店區","121.510","24.925","471"
"27","375361","20220706005000","19","2","新北市","新店區","121.530","24.925","27"
"3916","375369","20220706005000","4525","0","新北市","新店區","121.540","24.980","3065"
"1138","375370","20220706005000","1424","0","新北市","新店區","121.530","24.950","949"
"1915","375371","20220706005000","1577","2","新北市","新店區","121.550","24.955","1491"
"170","375372","20220706005000","407","0","新北市","新店區","121.555","24.955","125"
"657","375374","20220706005000","653","1","新北市","新店區","121.555","24.965","493"
"87","375384","20220706005000","78","1","新北市","新店區","121.500","24.920","48"
"83","375390","20220706005000","89","0","新北市","新店區","121.505","24.930","59"
"34","375394","20220706005000","42","0","新北市","新店區","121.510","24.935","27"
"601","375399","20220706005000","621","0","新北市","新店區","121.505","24.940","519"
"1297","375400","20220706005000","1151","1","桃園市","八德區","121.320","24.960","1086"
"1929","375401","20220706005000","1692","1","桃園市","八德區","121.325","24.970","1702"
"888","375402","20220706005000","752","1","桃園市","八德區","121.300","24.930","722"
"599","375403","20220706005000","683","0","桃園市","八德區","121.305","24.930","452"
"179","375404","20220706005000","173","1","桃園市","八德區","121.300","24.935","148"
"377","375405","20220706005000","470","0","桃園市","八德區","121.305","24.935","319"
"264","375407","20220706005000","285","0","桃園市","八德區","121.300","24.940","216"
"687","375408","20220706005000","581","1","桃園市","八德區","121.305","24.940","541"
"707","375410","20220706005000","787","0","桃園市","八德區","121.255","24.920","649"
"327","375417","20220706005000","337","0","桃園市","八德區","121.260","24.925","263"
"1140","375419","20220706005000","1059","1","桃園市","八德區","121.270","24.975","942"
"2332","375420","20220706005000","3823","0","桃園市","中壢區","121.240","24.955","1786"
"943","375421","20220706005000","2082","0","桃園市","中壢區","121.240","24.960","776"
"696","375422","20220706005000","961","0","桃園市","中壢區","121.245","24.960","631"
"2437","375427","20220706005000","1619","3","桃園市","中壢區","121.255","24.960","1910"
"136","375435","20220706005000","159","0","新竹縣","新豐鄉","121.005","24.930","80"
"219","375452","20220706005000","209","1","新竹縣","新豐鄉","121.000","24.905","182"
"446","375460","20220706005000","490","0","新竹縣","新豐鄉","121.010","24.910","345"
"499","375465","20220706005000","526","0","新竹縣","新豐鄉","121.025","24.915","366"
"453","375468","20220706005000","324","2","新竹縣","新豐鄉","121.035","24.930","331"
"1402","375480","20220706005000","1429","0","新竹縣","新豐鄉","120.985","24.900","1043"
"1278","375481","20220706005000","810","3","新竹縣","新豐鄉","120.990","24.900","1016"
"957","375484","20220706005000","1899","0","桃園市","中壢區","121.235","24.950","856"
"2749","375485","20220706005000","2435","1","新北市","土城區","121.445","24.970","2018"
"998","375486","20220706005000","863","1","新北市","土城區","121.445","24.975","742"
"3019","375487","20220706005000","2960","1","新北市","新店區","121.530","24.970","2209"
"2253","375488","20220706005000","1965","1","新北市","新店區","121.525","24.975","1850"
"1026","375489","20220706005000","946","1","新北市","新店區","121.530","24.975","830"
"308","375490","20220706005000","171","3","新北市","新店區","121.525","24.980","238"
"2156","375492","20220706005000","1964","1","新北市","土城區","121.435","24.970","1644"
"2466","375493","20220706005000","3441","0","新北市","新店區","121.545","24.965","1961"
"4458","375495","20220706005000","5931","0","新北市","新店區","121.535","24.975","3572"
"509","375515","20220706005000","482","1","新北市","新店區","121.555","24.930","396"
"49","375517","20220706005000","40","2","新北市","新店區","121.565","24.930","60"
"648","375521","20220706005000","545","1","新北市","新店區","121.550","24.935","724"
"870","375529","20220706005000","1061","0","新北市","新店區","121.530","24.965","605"
"1614","375530","20220706005000","2306","0","新北市","新店區","121.475","24.955","1361"
"1104","375534","20220706005000","1291","0","新北市","中和區","121.485","24.965","874"
"1802","375536","20220706005000","1374","2","桃園市","中壢區","121.245","24.935","1293"
"1464","375537","20220706005000","1393","1","桃園市","中壢區","121.260","24.970","1213"
"649","375539","20220706005000","796","0","桃園市","中壢區","121.255","24.935","519"
"421","375540","20220706005000","596","0","桃園市","中壢區","121.260","24.935","426"
"1225","375541","20220706005000","1954","0","桃園市","中壢區","121.250","24.940","1119"
"618","375542","20220706005000","599","1","桃園市","中壢區","121.260","24.940","423"
"1955","375543","20220706005000","1780","1","桃園市","中壢區","121.240","24.950","1525"
"486","375544","20220706005000","504","0","桃園市","中壢區","121.245","24.950","452"
"1120","375548","20220706005000","819","2","桃園市","觀音區","121.150","24.965","978"
"343","375551","20220706005000","328","1","桃園市","觀音區","121.140","24.975","270"
"177","375559","20220706005000","146","2","桃園市","觀音區","121.135","24.985","119"
"1169","375569","20220706005000","1030","1","桃園市","觀音區","121.165","24.990","979"
"426","375572","20220706005000","470","0","桃園市","八德區","121.320","24.945","343"
"182","375574","20220706005000","338","0","桃園市","八德區","121.315","24.950","189"
"834","375577","20220706005000","1233","0","桃園市","八德區","121.315","24.955","689"
"1336","375578","20220706005000","1390","0","桃園市","八德區","121.295","24.970","1100"
"379","375581","20220706005000","369","1","桃園市","蘆竹區","121.270","24.990","411"
"46","375593","20220706005000","37","2","新北市","石碇區","121.675","24.970","46"
"24","375644","20220706005000","25","0","新北市","石碇區","121.635","24.950","29"
"44","375652","20220706005000","44","1","新北市","石碇區","121.635","24.955","39"
"50","375653","20220706005000","41","2","新北市","石碇區","121.640","24.955","37"
"94","375655","20220706005000","99","0","新北市","石碇區","121.650","24.955","86"
"98","375667","20220706005000","97","1","新北市","石碇區","121.630","24.965","112"
"12","375836","20220706005000","14","0","新北市","石碇區","121.660","24.950","12"
"28","375839","20220706005000","29","0","新北市","石碇區","121.670","24.980","34"
"23","375840","20220706005000","14","3","新北市","石碇區","121.675","24.980","24"
"78","375891","20220706005000","63","2","新北市","石碇區","121.660","24.975","58"
"23","375897","20220706005000","25","0","新北市","石碇區","121.665","24.980","41"
"40","375941","20220706005000","26","3","新北市","貢寮區","121.885","24.985","37"
"198","375959","20220706005000","153","2","新北市","土城區","121.445","24.960","154"
"735","375963","20220706005000","745","0","新北市","土城區","121.435","24.975","527"
"1369","375967","20220706005000","1315","1","新北市","土城區","121.440","24.970","991"
"405","375969","20220706005000","417","0","新北市","土城區","121.455","24.970","301"
"325","375970","20220706005000","301","1","新北市","新店區","121.550","24.960","250"
"638","375971","20220706005000","702","0","新北市","新店區","121.550","24.965","496"
"37","375972","20220706005000","30","2","新北市","新店區","121.580","24.910","33"
"239","375990","20220706005000","259","0","新北市","新店區","121.570","24.930","202"
"63","375994","20220706005000","47","2","新北市","新店區","121.590","24.930","51"
"113","376023","20220706005000","81","2","新北市","新店區","121.580","24.950","76"
"44","376024","20220706005000","41","1","新北市","新店區","121.585","24.950","43"
"28","376033","20220706005000","19","2","新北市","新店區","121.605","24.955","17"
"257","376045","20220706005000","302","0","新北市","新店區","121.500","24.935","238"
"71","376049","20220706005000","64","1","新北市","新店區","121.500","24.940","97"
"2192","376051","20220706005000","2348","0","新北市","新店區","121.490","24.945","1764"
"359","376052","20220706005000","406","0","新北市","新店區","121.490","24.950","245"
"641","376060","20220706005000","618","1","新北市","新店區","121.545","24.955","476"
"1176","376063","20220706005000","1250","0","新北市","新店區","121.560","24.955","847"
"1437","376064","20220706005000","1320","1","新北市","新店區","121.565","24.955","1184"
"65","376065","20220706005000","51","2","新北市","新店區","121.570","24.955","48"
"30","376068","20220706005000","97","0","新北市","新店區","121.560","24.960","26"
"10","376072","20220706005000","77","0","新北市","新店區","121.580","24.960","10"
"24","376099","20220706005000","270","0","新北市","新店區","121.555","24.905","34"
"479","376101","20220706005000","492","0","新北市","新店區","121.545","24.910","401"
"862","376106","20220706005000","671","2","桃園市","觀音區","121.155","24.975","675"
"474","376109","20220706005000","327","2","桃園市","觀音區","121.150","24.980","339"
"249","376115","20220706005000","313","0","桃園市","觀音區","121.135","24.990","285"
"2561","376118","20220706005000","4343","0","新北市","新店區","121.515","24.985","2271"
"564","376123","20220706005000","677","0","新北市","土城區","121.445","24.950","436"
"247","376130","20220706005000","127","3","新北市","土城區","121.440","24.965","173"
"262","376131","20220706005000","308","0","新北市","土城區","121.430","24.970","195"
"809","376132","20220706005000","773","1","新北市","土城區","121.435","24.965","571"
"294","376133","20220706005000","325","0","新北市","板橋區","121.430","24.975","252"
"1761","376134","20220706005000","3026","0","臺北市","文山區","121.545","24.985","1382"
"278","376135","20220706005000","479","0","新北市","新店區","121.510","24.950","230"
"1314","376136","20220706005000","1278","1","新北市","新店區","121.515","24.960","1004"
"156","376137","20220706005000","1942","0","新北市","新店區","121.515","24.965","241"
"1709","376141","20220706005000","1880","0","桃園市","八德區","121.320","24.965","1414"
"577","376145","20220706005000","482","1","新竹縣","湖口鄉","121.060","24.895","397"
"264","376148","20220706005000","1542","0","新北市","土城區","121.455","24.980","363"
"556","376149","20220706005000","1273","0","新北市","土城區","121.450","24.980","418"
"247","376150","20220706005000","1101","0","新北市","新店區","121.540","24.955","243"
"258","376151","20220706005000","814","0","桃園市","中壢區","121.255","24.940","275"
"1376","376153","20220706005000","1406","0","桃園市","中壢區","121.250","24.965","1081"
"2317","376154","20220706005000","2867","0","桃園市","中壢區","121.255","24.965","1772"
"2064","376155","20220706005000","3133","0","桃園市","中壢區","121.250","24.970","1798"
"53","376156","20220706005000","86","0","桃園市","八德區","121.320","24.955","58"
"102","376157","20220706005000","282","0","桃園市","八德區","121.325","24.955","123"
"980","376160","20220706005000","751","2","桃園市","八德區","121.325","24.965","712"
"4128","376161","20220706005000","3834","1","桃園市","桃園區","121.280","24.990","3495"
"156","376176","20220706005000","189","0","新北市","樹林區","121.405","24.990","127"
"967","376178","20220706005000","623","3","桃園市","平鎮區","121.205","24.895","787"
"243","376179","20220706005000","290","0","桃園市","平鎮區","121.195","24.895","225"
"1040","376180","20220706005000","1172","0","桃園市","平鎮區","121.200","24.895","852"
"816","376181","20220706005000","601","2","桃園市","平鎮區","121.195","24.900","603"
"562","376183","20220706005000","302","3","桃園市","平鎮區","121.205","24.900","292"
"259","376184","20220706005000","289","0","桃園市","平鎮區","121.195","24.905","258"
"301","376185","20220706005000","346","0","桃園市","平鎮區","121.200","24.905","253"
"200","376189","20220706005000","153","2","桃園市","平鎮區","121.215","24.900","171"
"533","376192","20220706005000","643","0","桃園市","平鎮區","121.215","24.905","565"
"2188","376194","20220706005000","1990","1","桃園市","桃園區","121.315","24.985","1640"
"1291","376195","20220706005000","1246","1","桃園市","中壢區","121.245","24.945","1059"
"845","376196","20220706005000","709","1","桃園市","中壢區","121.250","24.945","617"
"276","376199","20220706005000","187","2","新北市","石碇區","121.660","24.990","201"
"73","376200","20220706005000","54","2","新北市","石碇區","121.685","24.960","53"
"51","376205","20220706005000","58","0","新北市","石碇區","121.680","24.970","45"
"155","376222","20220706005000","259","0","新北市","石碇區","121.690","24.980","132"
"326","376245","20220706005000","585","0","新北市","鶯歌區","121.340","24.960","272"
"197","376246","20220706005000","216","0","新北市","鶯歌區","121.340","24.965","191"
"170","376248","20220706005000","136","2","新北市","鶯歌區","121.340","24.970","115"
"465","376251","20220706005000","471","0","新北市","鶯歌區","121.345","24.975","356"
"160","376258","20220706005000","124","2","新北市","鶯歌區","121.320","24.935","136"
"760","376259","20220706005000","778","0","新北市","鶯歌區","121.325","24.935","691"
"326","376260","20220706005000","439","0","新北市","鶯歌區","121.330","24.935","272"
"287","376263","20220706005000","326","0","新北市","鶯歌區","121.330","24.940","269"
"266","376265","20220706005000","258","1","新北市","鶯歌區","121.335","24.930","202"
"607","376268","20220706005000","500","2","新北市","鶯歌區","121.345","24.935","515"
"2481","376269","20220706005000","2350","1","新北市","鶯歌區","121.355","24.955","1939"
"913","376270","20220706005000","813","1","新北市","鶯歌區","121.360","24.955","694"
"586","376273","20220706005000","595","0","新北市","鶯歌區","121.355","24.940","426"
"204","376274","20220706005000","421","0","新北市","鶯歌區","121.350","24.945","156"
"520","376277","20220706005000","423","2","新北市","鶯歌區","121.350","24.950","411"
"1560","376280","20220706005000","1619","0","新北市","樹林區","121.395","24.970","1143"
"754","376281","20220706005000","659","1","桃園市","楊梅區","121.185","24.915","542"
"649","376282","20220706005000","720","0","桃園市","楊梅區","121.180","24.920","555"
"588","376283","20220706005000","470","2","桃園市","楊梅區","121.185","24.920","501"
"476","376284","20220706005000","418","1","桃園市","中壢區","121.215","24.960","360"
"1215","376285","20220706005000","1942","0","桃園市","中壢區","121.215","24.965","979"
"20","376287","20220706005000","16","2","桃園市","中壢區","121.175","24.975","42"
"185","376293","20220706005000","229","0","桃園市","中壢區","121.190","24.980","254"
"43","376295","20220706005000","50","0","桃園市","中壢區","121.175","24.980","42"
"1259","376297","20220706005000","1054","1","桃園市","中壢區","121.185","24.980","1035"
"304","376300","20220706005000","288","1","桃園市","中壢區","121.175","24.985","222"
"184","376301","20220706005000","150","2","桃園市","中壢區","121.180","24.985","132"
"2120","376307","20220706005000","1496","2","桃園市","八德區","121.260","24.930","1808"
"1478","376308","20220706005000","1515","0","桃園市","平鎮區","121.220","24.945","1236"
"1267","376309","20220706005000","1414","0","桃園市","楊梅區","121.150","24.905","1115"
"472","376311","20220706005000","384","2","桃園市","平鎮區","121.220","24.920","360"
"614","376312","20220706005000","656","0","桃園市","平鎮區","121.220","24.925","477"
"1323","376313","20220706005000","877","3","桃園市","平鎮區","121.205","24.915","1139"
"838","376315","20220706005000","703","1","新北市","樹林區","121.390","24.960","632"
"18","376320","20220706005000","42","0","新北市","樹林區","121.395","24.965","32"
"118","376325","20220706005000","119","0","新北市","樹林區","121.405","24.970","96"
"4662","376326","20220706005000","5045","0","新北市","樹林區","121.380","24.945","3651"
"705","376327","20220706005000","620","1","新北市","樹林區","121.385","24.945","578"
"2574","376330","20220706005000","2353","1","新北市","樹林區","121.380","24.950","2357"
"662","376331","20220706005000","733","0","新北市","樹林區","121.385","24.950","519"
"1823","376333","20220706005000","1490","2","新北市","樹林區","121.395","24.950","1347"
"674","376335","20220706005000","677","0","新北市","板橋區","121.435","24.990","506"
"5486","376337","20220706005000","5219","1","新北市","土城區","121.450","24.985","4846"
"452","376338","20220706005000","517","0","桃園市","中壢區","121.245","24.985","473"
"973","376341","20220706005000","940","1","桃園市","中壢區","121.240","24.990","761"
"402","376344","20220706005000","522","0","桃園市","中壢區","121.255","24.990","303"
"1726","376345","20220706005000","1531","1","桃園市","中壢區","121.255","24.980","1399"
"655","376347","20220706005000","769","0","桃園市","中壢區","121.260","24.945","599"
"389","376348","20220706005000","470","0","桃園市","中壢區","121.255","24.950","195"
"1581","376349","20220706005000","1095","2","桃園市","中壢區","121.165","24.960","1250"
"503","376350","20220706005000","409","2","桃園市","中壢區","121.170","24.960","346"
"771","376351","20220706005000","684","1","桃園市","新屋區","121.155","24.960","612"
"66","376353","20220706005000","488","0","桃園市","中壢區","121.160","24.965","118"
"222","376358","20220706005000","277","0","桃園市","中壢區","121.160","24.970","250"
"1899","376361","20220706005000","1550","2","桃園市","中壢區","121.175","24.970","1548"
"1363","376370","20220706005000","1373","0","新北市","樹林區","121.420","24.980","995"
"1709","376373","20220706005000","1483","1","新北市","樹林區","121.420","24.975","1479"
"2859","376375","20220706005000","2307","2","新北市","板橋區","121.425","24.985","2208"
"2872","376380","20220706005000","3264","0","新北市","板橋區","121.430","24.985","2201"
"1150","376381","20220706005000","1063","1","桃園市","平鎮區","121.250","24.925","928"
"21","376385","20220706005000","52","0","桃園市","龜山區","121.350","24.985","22"
"569","376391","20220706005000","725","0","桃園市","龜山區","121.360","24.990","464"
"38","376392","20220706005000","33","1","桃園市","龜山區","121.365","24.990","32"
"92","376393","20220706005000","80","1","桃園市","龜山區","121.370","24.990","71"
"133","376400","20220706005000","317","0","桃園市","楊梅區","121.105","24.910","102"
"308","376403","20220706005000","306","1","桃園市","楊梅區","121.120","24.910","265"
"275","376407","20220706005000","252","1","桃園市","楊梅區","121.100","24.915","235"
"1517","376412","20220706005000","980","3","桃園市","楊梅區","121.125","24.915","1072"
"163","376419","20220706005000","164","0","新竹縣","湖口鄉","121.105","24.895","161"
"15","376422","20220706005000","110","0","桃園市","楊梅區","121.085","24.900","27"
"991","376427","20220706005000","743","2","桃園市","楊梅區","121.060","24.905","809"
"486","376431","20220706005000","359","2","桃園市","楊梅區","121.080","24.905","314"
"797","376438","20220706005000","651","2","桃園市","楊梅區","121.070","24.910","719"
"376","376440","20220706005000","275","2","桃園市","楊梅區","121.080","24.910","294"
"502","376443","20220706005000","480","1","桃園市","楊梅區","121.095","24.910","372"
"642","376447","20220706005000","684","0","桃園市","楊梅區","121.075","24.915","474"
"559","376456","20220706005000","520","1","桃園市","楊梅區","121.125","24.940","396"
"460","376457","20220706005000","203","3","桃園市","楊梅區","121.130","24.940","365"
"194","376471","20220706005000","243","0","新北市","深坑區","121.620","24.980","181"
"676","376485","20220706005000","879","0","新北市","樹林區","121.415","24.985","449"
"1919","376486","20220706005000","1622","1","新北市","樹林區","121.425","24.990","1409"
"986","376487","20220706005000","1121","0","桃園市","平鎮區","121.200","24.945","829"
"3931","376488","20220706005000","3557","1","桃園市","平鎮區","121.205","24.945","3077"
"1475","376490","20220706005000","1993","0","桃園市","平鎮區","121.210","24.950","1298"
"1255","376491","20220706005000","1333","0","桃園市","平鎮區","121.210","24.900","951"
"2189","376492","20220706005000","1902","1","桃園市","平鎮區","121.210","24.905","1685"
"13","376500","20220706005000","12","1","新北市","土城區","121.445","24.940","15"
"39","376502","20220706005000","39","1","新北市","土城區","121.415","24.945","43"
"222","376508","20220706005000","247","0","新北市","土城區","121.410","24.950","216"
"284","376509","20220706005000","292","0","新北市","土城區","121.415","24.950","212"
"3427","376510","20220706005000","2789","2","桃園市","中壢區","121.230","24.945","2897"
"2321","376511","20220706005000","2756","0","桃園市","中壢區","121.235","24.955","1978"
"451","376514","20220706005000","559","0","桃園市","中壢區","121.220","24.975","360"
"885","376517","20220706005000","558","3","桃園市","中壢區","121.215","24.980","729"
"25","376518","20220706005000","143","0","桃園市","中壢區","121.220","24.980","42"
"3053","376521","20220706005000","3059","0","桃園市","中壢區","121.220","24.960","2433"
"372","376522","20220706005000","348","1","新竹縣","新豐鄉","121.000","24.895","255"
"183","376524","20220706005000","104","3","新竹縣","新豐鄉","121.010","24.895","168"
"993","376531","20220706005000","907","1","桃園市","平鎮區","121.255","24.925","696"
"754","376532","20220706005000","684","1","新北市","樹林區","121.415","24.975","522"
"340","376533","20220706005000","529","0","新北市","樹林區","121.400","24.970","278"
"2744","376539","20220706005000","2221","2","新北市","樹林區","121.420","24.985","2008"
"3611","376540","20220706005000","2823","2","新北市","土城區","121.460","24.980","2817"
"1568","376541","20220706005000","2064","0","新北市","土城區","121.460","24.985","1331"
"2682","376542","20220706005000","3227","0","新北市","板橋區","121.430","24.990","2214"
"24","376544","20220706005000","24","1","新北市","平溪區","121.725","24.975","28"
"5701","376577","20220706005000","4916","1","新北市","板橋區","121.460","24.990","4383"
"632","376578","20220706005000","1110","0","新北市","土城區","121.465","24.980","349"
"486","376584","20220706005000","661","0","新北市","土城區","121.425","24.960","355"
"364","376586","20220706005000","310","1","新北市","土城區","121.435","24.960","281"
"863","376587","20220706005000","1201","0","新北市","土城區","121.430","24.965","636"
"3359","376588","20220706005000","2375","2","桃園市","八德區","121.305","24.965","2754"
"1119","376589","20220706005000","811","2","桃園市","桃園區","121.295","24.975","1164"
"1066","376592","20220706005000","945","1","桃園市","中壢區","121.230","24.940","878"
"2052","376594","20220706005000","1455","2","桃園市","平鎮區","121.245","24.915","1571"
"1937","376595","20220706005000","1729","1","桃園市","八德區","121.295","24.955","1609"
"473","376607","20220706005000","423","1","新竹縣","新豐鄉","120.985","24.920","415"
"1358","376614","20220706005000","1209","1","新竹縣","新豐鄉","120.990","24.930","984"
"907","376622","20220706005000","865","1","桃園市","中壢區","121.230","24.970","702"
"878","376623","20220706005000","837","1","桃園市","中壢區","121.225","24.975","794"
"1280","376624","20220706005000","1382","0","桃園市","中壢區","121.230","24.975","1050"
"614","376627","20220706005000","629","0","桃園市","中壢區","121.230","24.980","519"
"138","376628","20220706005000","69","3","新竹縣","湖口鄉","121.035","24.900","96"
"167","376629","20220706005000","137","2","新竹縣","湖口鄉","121.040","24.900","211"
"1100","376633","20220706005000","924","1","新竹縣","湖口鄉","121.040","24.895","864"
"945","376636","20220706005000","670","2","新竹縣","湖口鄉","121.040","24.915","711"
"65","376641","20220706005000","248","0","新竹縣","湖口鄉","121.040","24.925","77"
"258","376651","20220706005000","222","1","新竹縣","湖口鄉","121.045","24.935","229"
"1414","376653","20220706005000","1334","1","桃園市","中壢區","121.235","24.965","1251"
"47","376655","20220706005000","19","3","桃園市","中壢區","121.240","24.970","52"
"213","376656","20220706005000","842","0","桃園市","中壢區","121.255","24.930","220"
"706","376658","20220706005000","672","1","新竹縣","湖口鄉","121.065","24.895","544"
"376","376665","20220706005000","363","1","新北市","鶯歌區","121.355","24.950","302"
"744","376666","20220706005000","886","0","新北市","鶯歌區","121.335","24.955","618"
"2203","376667","20220706005000","2151","1","新北市","鶯歌區","121.330","24.960","1734"
"40","376668","20220706005000","261","0","新北市","鶯歌區","121.335","24.960","93"
"467","376670","20220706005000","345","2","新北市","鶯歌區","121.340","24.950","330"
"1398","376674","20220706005000","1225","1","新北市","鶯歌區","121.330","24.965","1102"
"2233","376675","20220706005000","2157","1","新北市","樹林區","121.425","24.980","1964"
"87","376679","20220706005000","68","2","新北市","樹林區","121.405","24.955","93"
"679","376680","20220706005000","560","2","新北市","樹林區","121.405","24.960","552"
"396","376682","20220706005000","413","0","新北市","樹林區","121.410","24.970","310"
"279","376685","20220706005000","263","1","新北市","樹林區","121.400","24.975","235"
"424","376686","20220706005000","322","2","新北市","樹林區","121.405","24.975","307"
"1275","376687","20220706005000","1291","0","新北市","樹林區","121.410","24.975","951"
"74","376690","20220706005000","90","0","新北市","樹林區","121.400","24.980","47"
"1627","376699","20220706005000","1765","0","新北市","樹林區","121.410","24.980","1281"
"823","376700","20220706005000","887","0","新北市","樹林區","121.415","24.990","654"
"1789","376701","20220706005000","1499","1","新北市","新店區","121.500","24.945","1525"
"71","376703","20220706005000","60","1","新北市","新店區","121.565","24.905","62"
"474","376717","20220706005000","418","1","新北市","新店區","121.550","24.920","369"
"3366","376725","20220706005000","2081","3","新北市","新店區","121.540","24.960","2512"
"23","376752","20220706005000","15","3","新北市","新店區","121.535","24.905","16"
"30","376759","20220706005000","27","1","新北市","新店區","121.535","24.910","30"
"26","376761","20220706005000","21","2","新北市","新店區","121.520","24.915","24"
"64","376764","20220706005000","61","1","新北市","新店區","121.535","24.915","51"
"55","376766","20220706005000","45","2","新北市","新店區","121.545","24.915","34"
"2883","376768","20220706005000","3743","0","新北市","土城區","121.445","24.985","2239"
"956","376769","20220706005000","1004","0","新北市","土城區","121.450","24.975","952"
"589","376770","20220706005000","763","0","新北市","土城區","121.455","24.975","521"
"1774","376772","20220706005000","1812","0","新北市","土城區","121.415","24.960","1364"
"120","376774","20220706005000","1137","0","新北市","土城區","121.420","24.965","142"
"415","376775","20220706005000","633","0","新北市","土城區","121.425","24.965","375"
"248","376777","20220706005000","281","0","新北市","土城區","121.425","24.970","184"
"120","376787","20220706005000","112","1","新北市","土城區","121.470","24.960","129"
"105","376788","20220706005000","104","1","新北市","土城區","121.455","24.965","72"
"39","376791","20220706005000","33","1","新北市","土城區","121.470","24.965","29"
"942","376796","20220706005000","1072","0","新北市","土城區","121.460","24.970","724"
"5218","376798","20220706005000","5062","1","新北市","新店區","121.540","24.965","4060"
"20","376801","20220706005000","14","2","桃園市","大溪區","121.305","24.895","12"
"19","376808","20220706005000","185","0","桃園市","八德區","121.280","24.930","40"
"1656","376809","20220706005000","1582","1","桃園市","八德區","121.285","24.930","1320"
"616","376810","20220706005000","565","1","桃園市","八德區","121.280","24.935","441"
"763","376813","20220706005000","725","1","桃園市","八德區","121.270","24.930","583"
"50","376815","20220706005000","68","0","桃園市","八德區","121.270","24.935","54"
"1687","376823","20220706005000","1200","2","桃園市","八德區","121.280","24.925","1318"
"1796","376824","20220706005000","1477","2","桃園市","八德區","121.285","24.925","1367"
"1752","376825","20220706005000","2146","0","桃園市","中壢區","121.220","24.955","1310"
"2286","376826","20220706005000","2418","0","桃園市","中壢區","121.230","24.965","1778"
"1773","376828","20220706005000","1451","2","桃園市","八德區","121.275","24.980","1381"
"507","376829","20220706005000","559","0","桃園市","八德區","121.280","24.980","377"
"1417","376831","20220706005000","1631","0","新竹縣","湖口鄉","121.050","24.900","1148"
"3356","376832","20220706005000","3311","1","新竹縣","湖口鄉","121.045","24.900","2517"
"142","376834","20220706005000","102","2","新竹縣","湖口鄉","121.030","24.900","98"
"151","376835","20220706005000","117","2","新竹縣","湖口鄉","121.025","24.905","110"
"552","376845","20220706005000","972","0","桃園市","平鎮區","121.230","24.930","457"
"2681","376847","20220706005000","1592","3","桃園市","中壢區","121.230","24.935","2110"
"1117","376848","20220706005000","1093","1","桃園市","中壢區","121.225","24.940","871"
"2063","376849","20220706005000","1778","1","桃園市","中壢區","121.245","24.975","1626"
"2342","376850","20220706005000","2207","1","桃園市","中壢區","121.245","24.980","1844"
"872","376851","20220706005000","803","1","桃園市","中壢區","121.250","24.985","736"
"138","376852","20220706005000","136","1","桃園市","中壢區","121.240","24.985","97"
"1160","376853","20220706005000","1161","0","桃園市","八德區","121.295","24.935","1023"
"273","376854","20220706005000","273","1","桃園市","八德區","121.295","24.940","227"
"1285","376855","20220706005000","1322","0","桃園市","八德區","121.295","24.930","1114"
"578","376856","20220706005000","932","0","桃園市","龜山區","121.335","24.985","505"
"2403","376857","20220706005000","2697","0","桃園市","龜山區","121.335","24.990","1900"
"467","376860","20220706005000","787","0","桃園市","龜山區","121.345","24.980","365"
"25","376865","20220706005000","133","0","桃園市","龜山區","121.360","24.985","28"
"2558","376866","20220706005000","2203","1","桃園市","平鎮區","121.220","24.940","1928"
"325","376871","20220706005000","291","1","桃園市","楊梅區","121.185","24.905","265"
"243","376875","20220706005000","217","1","桃園市","平鎮區","121.200","24.910","186"
"1486","376878","20220706005000","848","3","桃園市","平鎮區","121.200","24.915","1187"
"199","376881","20220706005000","243","0","桃園市","平鎮區","121.200","24.920","169"
"500","376882","20220706005000","851","0","桃園市","楊梅區","121.180","24.945","344"
"1103","376886","20220706005000","924","1","桃園市","平鎮區","121.185","24.955","855"
"837","376887","20220706005000","813","1","桃園市","中壢區","121.175","24.960","615"
"806","376889","20220706005000","768","1","桃園市","平鎮區","121.185","24.960","704"
"488","376892","20220706005000","574","0","桃園市","中壢區","121.185","24.970","380"
"282","376894","20220706005000","242","1","桃園市","平鎮區","121.190","24.930","213"
"286","376899","20220706005000","253","1","桃園市","平鎮區","121.190","24.940","251"
"588","376900","20220706005000","513","1","桃園市","平鎮區","121.195","24.940","494"
"313","376915","20220706005000","263","1","桃園市","大溪區","121.310","24.930","249"
"893","376925","20220706005000","752","1","桃園市","大溪區","121.275","24.895","821"
"1508","376927","20220706005000","1333","1","桃園市","大溪區","121.280","24.895","1302"
"907","376929","20220706005000","738","2","桃園市","大溪區","121.285","24.905","669"
"700","376930","20220706005000","671","1","桃園市","大溪區","121.280","24.900","497"
"606","376931","20220706005000","472","2","桃園市","大溪區","121.280","24.905","562"
"1371","376932","20220706005000","1126","2","桃園市","龜山區","121.325","24.990","1132"
"569","376933","20220706005000","563","1","桃園市","桃園區","121.325","24.980","394"
"1453","376934","20220706005000","1586","0","桃園市","龜山區","121.330","24.980","1241"
"1887","376936","20220706005000","1325","2","桃園市","桃園區","121.320","24.985","1422"
"2501","376937","20220706005000","2232","1","桃園市","龜山區","121.325","24.985","1901"
"749","376938","20220706005000","1084","0","桃園市","龜山區","121.330","24.985","552"
"379","376940","20220706005000","321","1","桃園市","新屋區","121.055","24.975","331"
"197","376956","20220706005000","159","2","桃園市","新屋區","121.125","24.955","163"
"412","376971","20220706005000","357","1","桃園市","新屋區","121.135","24.970","304"
"104","376972","20220706005000","96","1","桃園市","觀音區","121.140","24.970","66"
"660","376974","20220706005000","725","0","桃園市","龜山區","121.330","24.990","537"
"1595","376975","20220706005000","3211","0","桃園市","桃園區","121.310","24.990","1577"
"2127","376976","20220706005000","2083","1","桃園市","楊梅區","121.170","24.910","1679"
"729","376978","20220706005000","682","1","桃園市","楊梅區","121.175","24.915","616"
"1191","376979","20220706005000","1274","0","桃園市","楊梅區","121.170","24.920","871"
"517","376984","20220706005000","439","1","桃園市","楊梅區","121.110","24.925","464"
"843","376995","20220706005000","818","1","桃園市","楊梅區","121.125","24.930","645"
"131","376998","20220706005000","129","1","桃園市","楊梅區","121.115","24.940","124"
"319","377001","20220706005000","296","1","桃園市","楊梅區","121.175","24.900","251"
"934","377002","20220706005000","1051","0","桃園市","楊梅區","121.180","24.900","809"
"3000","377003","20220706005000","2827","1","桃園市","楊梅區","121.175","24.905","2651"
"97","377004","20220706005000","90","1","桃園市","楊梅區","121.180","24.905","87"
"65","377007","20220706005000","95","0","桃園市","楊梅區","121.095","24.930","75"
"544","377008","20220706005000","477","1","桃園市","楊梅區","121.100","24.930","576"
"1223","377010","20220706005000","742","3","桃園市","楊梅區","121.090","24.935","992"
"395","377027","20220706005000","389","1","桃園市","新屋區","121.090","24.955","351"
"635","377030","20220706005000","555","1","桃園市","楊梅區","121.160","24.900","610"
"1275","377031","20220706005000","1183","1","桃園市","楊梅區","121.155","24.900","986"
"591","377033","20220706005000","707","0","桃園市","楊梅區","121.085","24.935","481"
"375","377034","20220706005000","414","0","桃園市","楊梅區","121.075","24.940","288"
"936","377039","20220706005000","776","2","桃園市","桃園區","121.285","24.990","703"
"912","377041","20220706005000","721","2","桃園市","桃園區","121.295","24.980","751"
"2372","377042","20220706005000","3347","0","桃園市","桃園區","121.300","24.990","2061"
"353","377043","20220706005000","310","1","桃園市","桃園區","121.300","24.980","277"
"3244","377045","20220706005000","2897","1","桃園市","桃園區","121.300","24.985","2516"
"876","377046","20220706005000","838","1","桃園市","楊梅區","121.175","24.910","671"
"2165","377047","20220706005000","1594","2","桃園市","八德區","121.300","24.965","1602"
"1448","377051","20220706005000","1049","2","桃園市","八德區","121.305","24.955","1132"
"480","377052","20220706005000","402","1","桃園市","八德區","121.310","24.955","383"
"268","377054","20220706005000","304","0","桃園市","八德區","121.300","24.945","315"
"551","377056","20220706005000","463","1","桃園市","八德區","121.275","24.940","396"
"894","377058","20220706005000","1145","0","桃園市","八德區","121.285","24.940","784"
"230","377059","20220706005000","202","1","桃園市","八德區","121.280","24.945","217"
"355","377061","20220706005000","408","0","桃園市","八德區","121.290","24.950","344"
"143","377068","20220706005000","126","1","桃園市","八德區","121.290","24.955","145"
"386","377069","20220706005000","286","2","桃園市","八德區","121.280","24.960","293"
"885","377070","20220706005000","706","2","桃園市","八德區","121.285","24.960","701"
"3785","377071","20220706005000","3646","1","桃園市","桃園區","121.290","24.985","3152"
"3993","377072","20220706005000","3231","2","桃園市","中壢區","121.220","24.965","3136"
"806","377073","20220706005000","930","0","桃園市","中壢區","121.215","24.955","715"
"386","377077","20220706005000","409","0","桃園市","中壢區","121.205","24.980","300"
"408","377084","20220706005000","368","1","桃園市","中壢區","121.205","24.990","408"
"1529","377086","20220706005000","1607","0","桃園市","中壢區","121.255","24.970","1461"
"1844","377088","20220706005000","2039","0","桃園市","楊梅區","121.155","24.910","1424"
"932","377089","20220706005000","769","2","桃園市","楊梅區","121.160","24.910","749"
"1833","377092","20220706005000","1697","1","桃園市","平鎮區","121.205","24.910","1487"
"2029","377093","20220706005000","1940","1","桃園市","平鎮區","121.205","24.920","1633"
"171","377099","20220706005000","151","1","桃園市","新屋區","121.010","24.960","127"
"609","377106","20220706005000","605","1","桃園市","新屋區","121.120","24.970","471"
"344","377111","20220706005000","199","3","桃園市","新屋區","121.130","24.975","261"
"1117","377117","20220706005000","1037","1","桃園市","新屋區","121.110","24.980","970"
"559","377122","20220706005000","563","0","桃園市","新屋區","121.110","24.985","438"
"449","377125","20220706005000","461","0","桃園市","新屋區","121.125","24.985","341"
"486","377128","20220706005000","463","1","桃園市","新屋區","121.125","24.990","375"
"678","377135","20220706005000","668","1","桃園市","新屋區","121.100","24.990","515"
"26","377136","20220706005000","28","0","桃園市","新屋區","121.105","24.990","41"
"48","377148","20220706005000","49","0","桃園市","新屋區","121.095","24.960","68"
"303","377155","20220706005000","307","0","桃園市","新屋區","121.070","24.970","247"
"148","377159","20220706005000","143","1","桃園市","新屋區","121.020","24.970","138"
"286","377173","20220706005000","252","1","桃園市","新屋區","121.015","24.985","275"
"229","377175","20220706005000","207","1","桃園市","新屋區","120.990","24.940","185"
"184","377179","20220706005000","102","3","桃園市","新屋區","121.000","24.945","145"
"299","377183","20220706005000","279","1","桃園市","新屋區","121.010","24.950","214"
"614","377187","20220706005000","559","1","桃園市","新屋區","121.080","24.975","527"
"373","377195","20220706005000","313","1","桃園市","新屋區","121.075","24.990","285"
"253","377204","20220706005000","282","0","桃園市","新屋區","121.140","24.960","184"
"561","377205","20220706005000","644","0","桃園市","新屋區","121.145","24.960","473"
"345","377209","20220706005000","318","1","桃園市","新屋區","121.160","24.960","348"
"37","377211","20220706005000","35","1","桃園市","觀音區","121.145","24.970","51"
"11","377247","20220706005000","11","1","新北市","貢寮區","121.910","24.990","12"
"439","377249","20220706005000","598","0","桃園市","平鎮區","121.210","24.895","331"
"830","377259","20220706005000","817","1","桃園市","桃園區","121.285","24.980","634"
"1465","377261","20220706005000","964","3","桃園市","楊梅區","121.145","24.915","1274"
"324","377263","20220706005000","398","0","桃園市","楊梅區","121.145","24.910","229"
"18","377264","20220706005000","282","0","桃園市","楊梅區","121.130","24.915","52"
"648","377268","20220706005000","584","1","桃園市","楊梅區","121.130","24.920","479"
"631","377270","20220706005000","640","0","桃園市","楊梅區","121.140","24.920","552"
"3259","377280","20220706005000","2911","1","桃園市","楊梅區","121.145","24.900","2797"
"741","377285","20220706005000","525","2","桃園市","楊梅區","121.170","24.900","552"
"884","377288","20220706005000","846","1","桃園市","楊梅區","121.185","24.925","708"
"743","377289","20220706005000","761","0","桃園市","平鎮區","121.190","24.925","526"
"651","377292","20220706005000","563","1","桃園市","平鎮區","121.195","24.925","505"
"271","377295","20220706005000","674","0","桃園市","平鎮區","121.210","24.935","230"
"2055","377296","20220706005000","1710","2","桃園市","桃園區","121.295","24.990","1885"
"2991","377297","20220706005000","2897","1","桃園市","桃園區","121.285","24.985","2380"
"741","377303","20220706005000","693","1","桃園市","新屋區","121.120","24.950","654"
"313","377308","20220706005000","304","1","桃園市","新屋區","121.100","24.960","217"
"454","377310","20220706005000","358","2","桃園市","新屋區","121.110","24.960","447"
"636","377311","20220706005000","612","1","桃園市","新屋區","121.095","24.965","493"
"775","377322","20220706005000","660","1","桃園市","新屋區","121.045","24.960","592"
"244","377333","20220706005000","170","2","桃園市","新屋區","121.045","24.970","180"
"1725","377335","20220706005000","1631","1","桃園市","桃園區","121.320","24.990","1362"
"2142","377337","20220706005000","1869","1","桃園市","平鎮區","121.250","24.920","1583"
"766","377339","20220706005000","846","0","桃園市","平鎮區","121.240","24.925","840"
"1320","377340","20220706005000","1358","0","桃園市","桃園區","121.305","24.985","1067"
"1208","377342","20220706005000","1124","1","桃園市","桃園區","121.325","24.975","1022"
"2757","377344","20220706005000","2312","1","桃園市","桃園區","121.320","24.975","2177"
"858","377345","20220706005000","502","3","新北市","鶯歌區","121.330","24.975","710"
"746","377346","20220706005000","773","0","桃園市","桃園區","121.320","24.980","548"
"1549","377347","20220706005000","1127","2","桃園市","中壢區","121.230","24.960","1215"
"1169","377348","20220706005000","1769","0","桃園市","中壢區","121.235","24.960","935"
"619","377349","20220706005000","955","0","桃園市","中壢區","121.230","24.950","442"
"1690","377350","20220706005000","1479","1","桃園市","中壢區","121.225","24.950","1333"
"515","377361","20220706005000","486","1","桃園市","新屋區","121.030","24.950","414"
"457","377372","20220706005000","556","0","桃園市","新屋區","121.090","24.980","375"
"1243","377380","20220706005000","1196","1","桃園市","新屋區","121.110","24.970","938"
"71","377381","20220706005000","83","0","桃園市","新屋區","121.110","24.975","139"
"2485","377384","20220706005000","2503","0","桃園市","新屋區","121.105","24.975","1926"
"118","377428","20220706005000","93","2","桃園市","新屋區","121.040","24.980","83"
"903","377433","20220706005000","949","0","桃園市","新屋區","121.035","24.985","789"
"445","377434","20220706005000","391","1","桃園市","新屋區","121.040","24.985","331"
"1200","377446","20220706005000","1130","1","桃園市","桃園區","121.315","24.990","987"
"2490","377447","20220706005000","1635","3","桃園市","桃園區","121.270","24.980","1947"
"3562","377449","20220706005000","2716","2","桃園市","桃園區","121.275","24.990","2756"
"1162","377450","20220706005000","1420","0","桃園市","桃園區","121.265","24.975","891"
"2308","377452","20220706005000","2146","1","桃園市","桃園區","121.265","24.980","1748"
"33","377454","20220706005000","29","1","桃園市","桃園區","121.265","24.985","57"
"2297","377455","20220706005000","2303","0","桃園市","桃園區","121.290","24.990","1821"
"483","377456","20220706005000","490","0","桃園市","平鎮區","121.245","24.905","398"
"14","377457","20220706005000","92","0","桃園市","平鎮區","121.250","24.905","64"
"248","377459","20220706005000","295","0","桃園市","平鎮區","121.250","24.915","304"
"777","377460","20220706005000","691","1","桃園市","平鎮區","121.215","24.935","639"
"1869","377461","20220706005000","1819","1","桃園市","平鎮區","121.215","24.940","1545"
"2170","377462","20220706005000","1717","2","桃園市","平鎮區","121.215","24.945","1671"
"2813","377463","20220706005000","2399","1","桃園市","桃園區","121.310","24.980","2180"
"1177","377464","20220706005000","1490","0","桃園市","桃園區","121.310","24.985","1041"
"2289","377468","20220706005000","2054","1","桃園市","桃園區","121.305","24.980","1813"
"167","377469","20220706005000","144","1","桃園市","楊梅區","121.175","24.950","181"
"1848","377470","20220706005000","1587","1","桃園市","楊梅區","121.170","24.955","1406"
"365","377473","20220706005000","256","2","桃園市","楊梅區","121.115","24.900","378"
"172","377476","20220706005000","336","0","桃園市","楊梅區","121.125","24.910","175"
"480","377481","20220706005000","460","1","桃園市","楊梅區","121.150","24.940","505"
"229","377483","20220706005000","248","0","桃園市","楊梅區","121.150","24.920","140"
"1121","377484","20220706005000","1135","0","桃園市","楊梅區","121.155","24.920","944"
"775","377488","20220706005000","659","1","桃園市","楊梅區","121.150","24.925","661"
"37","377489","20220706005000","96","0","桃園市","楊梅區","121.155","24.925","50"
"37","377490","20220706005000","24","3","桃園市","楊梅區","121.160","24.925","36"
"695","377491","20220706005000","610","1","桃園市","楊梅區","121.165","24.925","551"
"393","377493","20220706005000","429","0","桃園市","楊梅區","121.145","24.930","384"
"423","377497","20220706005000","395","1","桃園市","楊梅區","121.160","24.930","379"
"124","377498","20220706005000","290","0","桃園市","楊梅區","121.165","24.930","129"
"593","377499","20220706005000","342","3","桃園市","楊梅區","121.170","24.930","429"
"386","377501","20220706005000","407","0","桃園市","楊梅區","121.140","24.930","285"
"2100","377508","20220706005000","1910","1","桃園市","平鎮區","121.210","24.940","1631"
"2342","377509","20220706005000","2012","1","桃園市","平鎮區","121.210","24.945","1761"
"756","377513","20220706005000","613","2","桃園市","平鎮區","121.210","24.930","562"
"1421","377519","20220706005000","944","3","桃園市","平鎮區","121.230","24.900","1002"
"302","377522","20220706005000","318","0","桃園市","平鎮區","121.245","24.900","222"
"1053","377529","20220706005000","1188","0","桃園市","平鎮區","121.225","24.910","885"
"505","377530","20220706005000","435","1","桃園市","平鎮區","121.230","24.910","473"
"1748","377532","20220706005000","1443","2","桃園市","桃園區","121.305","24.990","1523"
"1154","377533","20220706005000","1097","1","新北市","鶯歌區","121.330","24.970","830"
"427","377534","20220706005000","506","0","新北市","鶯歌區","121.335","24.965","296"
"960","377535","20220706005000","653","2","桃園市","桃園區","121.320","24.970","775"
"1999","377538","20220706005000","2310","0","桃園市","桃園區","121.315","24.980","1655"
"732","377539","20220706005000","625","1","桃園市","楊梅區","121.175","24.925","744"
"361","377542","20220706005000","162","3","桃園市","楊梅區","121.180","24.925","214"
"339","377546","20220706005000","200","3","桃園市","楊梅區","121.180","24.930","243"
"893","377547","20220706005000","711","2","桃園市","楊梅區","121.160","24.935","655"
"81","377551","20220706005000","87","0","桃園市","楊梅區","121.180","24.935","70"
"48","377559","20220706005000","74","0","桃園市","楊梅區","121.150","24.945","48"
"17","377561","20220706005000","15","1","桃園市","楊梅區","121.160","24.945","16"
"314","377564","20220706005000","319","0","桃園市","楊梅區","121.175","24.945","401"
"578","377565","20220706005000","589","0","桃園市","新屋區","121.150","24.950","531"
"429","377566","20220706005000","331","2","桃園市","楊梅區","121.155","24.950","346"
"33","377568","20220706005000","22","3","桃園市","楊梅區","121.170","24.950","34"
"792","377570","20220706005000","842","0","桃園市","蘆竹區","121.265","24.990","615"
"107","377571","20220706005000","353","0","桃園市","龜山區","121.340","24.980","111"
"17","377572","20220706005000","47","0","桃園市","龜山區","121.340","24.985","17"
"2127","377573","20220706005000","2851","0","桃園市","龜山區","121.345","24.985","1760"
"910","377574","20220706005000","1107","0","桃園市","龜山區","121.340","24.990","718"
"522","377575","20220706005000","553","0","桃園市","龜山區","121.345","24.990","377"
"15","377650","20220706005000","11","2","新北市","雙溪區","121.810","24.930","15"
"17","377742","20220706005000","16","1","新北市","雙溪區","121.820","24.965","12"
"12","377753","20220706005000","10","2","新北市","雙溪區","121.810","24.970","18"
"15","377756","20220706005000","13","1","新北市","雙溪區","121.825","24.970","11"
"15","377787","20220706005000","17","0","新北市","雙溪區","121.845","24.980","11"
"1396","377821","20220706005000","1336","1","桃園市","楊梅區","121.145","24.905","1055"
"1643","377823","20220706005000","1627","1","桃園市","楊梅區","121.165","24.910","1285"
"18","377824","20220706005000","75","0","桃園市","楊梅區","121.165","24.915","37"
"350","377826","20220706005000","265","2","桃園市","大溪區","121.280","24.910","311"
"1042","377827","20220706005000","1047","0","桃園市","大溪區","121.285","24.910","892"
"1358","377831","20220706005000","1125","2","桃園市","大溪區","121.280","24.915","1098"
"321","377833","20220706005000","333","0","桃園市","大溪區","121.290","24.915","286"
"832","377835","20220706005000","808","1","桃園市","大溪區","121.280","24.920","721"
"733","377837","20220706005000","987","0","桃園市","大溪區","121.290","24.920","670"
"788","377839","20220706005000","671","1","桃園市","大溪區","121.275","24.900","571"
"834","377841","20220706005000","593","2","桃園市","大溪區","121.275","24.905","640"
"2919","377843","20220706005000","2893","1","桃園市","楊梅區","121.180","24.910","2295"
"1382","377844","20220706005000","979","2","桃園市","楊梅區","121.180","24.915","992"
"313","377845","20220706005000","322","0","桃園市","平鎮區","121.225","24.925","231"
"544","377847","20220706005000","692","0","桃園市","平鎮區","121.220","24.935","460"
"3415","377848","20220706005000","2709","2","桃園市","平鎮區","121.225","24.930","2794"
"861","377849","20220706005000","753","1","桃園市","平鎮區","121.220","24.930","716"
"591","377851","20220706005000","421","2","桃園市","平鎮區","121.230","24.925","420"
"616","377852","20220706005000","598","1","桃園市","中壢區","121.245","24.925","493"
"1679","377853","20220706005000","1374","2","桃園市","楊梅區","121.150","24.910","1328"
"982","377854","20220706005000","826","1","桃園市","楊梅區","121.150","24.915","791"
"100","377858","20220706005000","117","0","桃園市","楊梅區","121.130","24.905","71"
"653","377859","20220706005000","666","0","桃園市","楊梅區","121.135","24.905","520"
"74","377862","20220706005000","137","0","桃園市","楊梅區","121.135","24.910","65"
"364","377866","20220706005000","143","3","桃園市","楊梅區","121.070","24.930","249"
"444","377868","20220706005000","431","1","桃園市","楊梅區","121.065","24.935","346"
"365","377877","20220706005000","267","2","桃園市","楊梅區","121.100","24.920","259"
"82","377879","20220706005000","419","0","桃園市","楊梅區","121.070","24.925","164"
"544","377895","20220706005000","1231","0","桃園市","楊梅區","121.085","24.930","377"
"196","377896","20220706005000","221","0","桃園市","楊梅區","121.160","24.950","151"
"3350","377898","20220706005000","2684","2","桃園市","楊梅區","121.160","24.955","2832"
"221","377901","20220706005000","158","2","桃園市","楊梅區","121.120","24.895","123"
"75","377906","20220706005000","80","0","桃園市","楊梅區","121.125","24.900","109"
"293","377909","20220706005000","225","2","桃園市","平鎮區","121.210","24.910","225"
"2296","377914","20220706005000","1891","2","桃園市","平鎮區","121.210","24.920","2018"
"275","377919","20220706005000","297","0","桃園市","平鎮區","121.195","24.930","223"
"973","377920","20220706005000","1004","0","桃園市","平鎮區","121.200","24.940","763"
"182","377924","20220706005000","618","0","桃園市","八德區","121.290","24.945","147"
"1849","377925","20220706005000","1469","2","桃園市","八德區","121.290","24.930","1608"
"1111","377933","20220706005000","1141","0","桃園市","八德區","121.275","24.960","1029"
"1807","377940","20220706005000","2087","0","臺北市","文山區","121.555","24.985","1396"
"984","377941","20220706005000","812","2","臺北市","文山區","121.560","24.985","804"
"1184","377942","20220706005000","1711","0","臺北市","文山區","121.565","24.980","863"
"30","377946","20220706005000","37","0","新北市","新店區","121.575","24.965","28"
"116","377947","20220706005000","132","0","臺北市","文山區","121.580","24.965","88"
"308","377948","20220706005000","314","0","臺北市","文山區","121.560","24.970","316"
"230","377953","20220706005000","261","0","臺北市","文山區","121.560","24.975","202"
"118","377955","20220706005000","189","0","臺北市","文山區","121.570","24.975","109"
"237","377957","20220706005000","1448","0","臺北市","文山區","121.570","24.980","188"
"2551","377958","20220706005000","2787","0","臺北市","文山區","121.565","24.985","2043"
"182","377962","20220706005000","185","0","臺北市","文山區","121.610","24.965","136"
"148","377964","20220706005000","28","3","臺北市","文山區","121.590","24.965","122"
"97","377978","20220706005000","143","0","臺北市","文山區","121.580","24.975","104"
"418","377979","20220706005000","580","0","臺北市","文山區","121.585","24.975","380"
"106","377980","20220706005000","110","0","臺北市","文山區","121.590","24.975","103"
"1299","377982","20220706005000","1773","0","臺北市","文山區","121.575","24.980","793"
"582","377989","20220706005000","812","0","臺北市","文山區","121.585","24.985","427"
"861","377990","20220706005000","1209","0","臺北市","文山區","121.590","24.985","876"
"760","377994","20220706005000","27","3","臺北市","文山區","121.590","24.990","594"
"40","377995","20220706005000","29","2","臺北市","文山區","121.595","24.990","48"
"3147","377997","20220706005000","3135","1","臺北市","文山區","121.560","24.990","2415"
"474","377998","20220706005000","1638","0","臺北市","文山區","121.575","24.985","363"
"966","377999","20220706005000","1286","0","臺北市","文山區","121.580","24.985","756"
"2354","378000","20220706005000","2372","0","臺北市","文山區","121.575","24.990","1880"
"1124","378001","20220706005000","1001","1","臺北市","文山區","121.580","24.990","850"
"1318","378002","20220706005000","1791","0","臺北市","文山區","121.550","24.985","1145"
"1632","378003","20220706005000","2642","0","臺北市","文山區","121.565","24.990","1351"
"2077","378004","20220706005000","2894","0","臺北市","文山區","121.570","24.990","1620"
"1815","378005","20220706005000","2093","0","臺北市","文山區","121.555","24.980","1566"
"2798","378006","20220706005000","2676","1","臺北市","文山區","121.560","24.980","2247"
"298","378007","20220706005000","483","0","臺北市","文山區","121.555","24.975","273"
"3018","378008","20220706005000","3082","0","臺北市","文山區","121.570","24.985","2462"
"2596","378009","20220706005000","2882","0","臺北市","文山區","121.545","24.990","2309"
"3032","378010","20220706005000","3403","0","臺北市","文山區","121.540","24.990","2516"
"327","378011","20220706005000","723","0","臺北市","文山區","121.550","24.990","245"
"648","378012","20220706005000","707","0","臺北市","文山區","121.555","24.990","535"
"25","378561","20220706005000","14","3","新北市","貢寮區","121.990","24.995","15"
"11","378916","20220706005000","17","0","新北市","貢寮區","122.000","25.000","10"
"52","379975","20220706005000","30","3","新北市","貢寮區","122.005","25.015","41"
"2297","382513","20220706005000","2266","1","新北市","新莊區","121.450","25.035","1990"
"870","382514","20220706005000","978","0","新北市","新莊區","121.415","25.020","758"
"3061","382515","20220706005000","2544","2","新北市","板橋區","121.430","24.995","2329"
"761","382517","20220706005000","693","1","新北市","新莊區","121.435","25.005","654"
"543","382519","20220706005000","667","0","新北市","板橋區","121.440","25.010","426"
"1803","382521","20220706005000","2235","0","新北市","新莊區","121.430","25.020","1324"
"2481","382522","20220706005000","2224","1","新北市","新莊區","121.430","25.015","1994"
"12","382523","20220706005000","395","0","新北市","新莊區","121.420","25.020","12"
"2778","382525","20220706005000","2686","1","新北市","新莊區","121.410","25.025","2132"
"133","382526","20220706005000","139","0","新北市","新莊區","121.400","25.030","111"
"3397","382528","20220706005000","4583","0","新北市","板橋區","121.470","25.015","2409"
"3145","382530","20220706005000","3518","0","新北市","板橋區","121.465","25.025","2564"
"5847","382531","20220706005000","6194","0","新北市","板橋區","121.460","25.025","4558"
"2685","382532","20220706005000","3050","0","新北市","中和區","121.480","24.995","2287"
"2003","382534","20220706005000","3139","0","新北市","板橋區","121.445","25.000","1630"
"2985","382536","20220706005000","4289","0","新北市","中和區","121.520","24.995","2407"
"2915","382537","20220706005000","3443","0","新北市","板橋區","121.455","25.025","2097"
"1304","382538","20220706005000","1469","0","臺北市","文山區","121.530","24.995","1250"
"1159","382539","20220706005000","1398","0","新北市","汐止區","121.620","25.045","1005"
"756","382546","20220706005000","790","0","新北市","樹林區","121.410","25.010","531"
"2764","382547","20220706005000","3199","0","新北市","新莊區","121.425","25.015","2202"
"2226","382548","20220706005000","2427","0","新北市","中和區","121.495","24.995","1733"
"638","382549","20220706005000","689","0","臺北市","萬華區","121.490","25.015","510"
"74","382550","20220706005000","70","1","新北市","三重區","121.480","25.050","79"
"2513","382552","20220706005000","2586","0","新北市","中和區","121.480","25.000","1953"
"1373","382553","20220706005000","2077","0","新北市","中和區","121.475","25.005","1179"
"7007","382554","20220706005000","5830","2","新北市","中和區","121.470","25.005","5047"
"4317","382555","20220706005000","7203","0","新北市","中和區","121.500","24.995","3490"
"3626","382556","20220706005000","2757","2","新北市","中和區","121.495","25.005","2852"
"2285","382557","20220706005000","3681","0","新北市","中和區","121.500","25.005","1909"
"2131","382558","20220706005000","2366","0","新北市","三重區","121.490","25.055","1269"
"782","382559","20220706005000","547","2","新北市","三重區","121.475","25.045","650"
"1844","382560","20220706005000","1864","0","新北市","板橋區","121.445","25.005","1343"
"562","382561","20220706005000","660","0","新北市","板橋區","121.445","25.010","465"
"468","382562","20220706005000","628","0","新北市","板橋區","121.450","25.005","370"
"955","382563","20220706005000","1082","0","新北市","板橋區","121.450","25.020","967"
"2832","382564","20220706005000","3261","0","新北市","中和區","121.505","25.005","2467"
"2467","382565","20220706005000","2765","0","新北市","三重區","121.485","25.055","2068"
"2593","382567","20220706005000","2839","0","新北市","三重區","121.495","25.055","2313"
"1640","382568","20220706005000","1617","1","新北市","三重區","121.500","25.045","1365"
"1139","382571","20220706005000","1026","1","新北市","中和區","121.490","25.005","847"
"1169","382572","20220706005000","936","2","新北市","中和區","121.490","25.000","948"
"1125","382574","20220706005000","882","2","新北市","中和區","121.485","25.010","857"
"3527","382575","20220706005000","3210","1","新北市","中和區","121.485","24.995","2713"
"2705","382576","20220706005000","3160","0","新北市","中和區","121.490","24.995","2035"
"4292","382577","20220706005000","5158","0","新北市","中和區","121.505","24.995","3411"
"172","382579","20220706005000","125","2","新北市","板橋區","121.460","25.030","106"
"3484","382580","20220706005000","4104","0","新北市","板橋區","121.455","25.015","2935"
"358","382582","20220706005000","901","0","新北市","板橋區","121.450","25.025","337"
"608","382583","20220706005000","565","1","新北市","泰山區","121.420","25.045","421"
"987","382584","20220706005000","1481","0","新北市","泰山區","121.425","25.045","667"
"184","382589","20220706005000","131","2","新北市","三重區","121.485","25.045","125"
"1205","382592","20220706005000","980","2","新北市","三重區","121.485","25.050","921"
"2548","382593","20220706005000","2735","0","新北市","三重區","121.490","25.050","2186"
"621","382594","20220706005000","636","0","桃園市","龜山區","121.410","25.020","596"
"2446","382595","20220706005000","2239","1","新北市","新莊區","121.460","25.050","1995"
"1577","382596","20220706005000","1480","1","新北市","新莊區","121.465","25.050","1290"
"450","382597","20220706005000","828","0","新北市","新莊區","121.460","25.055","335"
"1277","382598","20220706005000","1439","0","新北市","新莊區","121.465","25.055","1135"
"1235","382600","20220706005000","1183","1","新北市","三重區","121.470","25.045","1001"
"816","382601","20220706005000","691","1","新北市","三重區","121.470","25.050","641"
"2326","382603","20220706005000","2312","1","新北市","中和區","121.480","25.010","1950"
"4144","382604","20220706005000","3630","1","新北市","板橋區","121.475","25.010","3139"
"2452","382605","20220706005000","2798","0","新北市","中和區","121.465","24.995","2093"
"2948","382606","20220706005000","2884","1","新北市","新莊區","121.450","25.040","2447"
"3883","382607","20220706005000","3660","1","新北市","新莊區","121.445","25.040","3060"
"3829","382608","20220706005000","4676","0","新北市","新莊區","121.425","25.020","3026"
"310","382609","20220706005000","2262","0","新北市","新莊區","121.455","25.045","417"
"2621","382610","20220706005000","2689","0","新北市","板橋區","121.465","25.005","2050"
"3095","382611","20220706005000","2992","1","新北市","板橋區","121.460","25.005","2621"
"93","382614","20220706005000","277","0","新北市","深坑區","121.630","25.010","88"
"262","382615","20220706005000","262","1","新北市","深坑區","121.620","25.010","192"
"122","382618","20220706005000","372","0","新北市","深坑區","121.630","25.015","126"
"273","382623","20220706005000","500","0","新北市","深坑區","121.605","25.000","228"
"1949","382624","20220706005000","2129","0","新北市","新莊區","121.435","25.015","1713"
"45","382625","20220706005000","526","0","新北市","板橋區","121.450","25.000","72"
"639","382626","20220706005000","624","1","新北市","中和區","121.470","24.995","461"
"147","382627","20220706005000","127","1","新北市","中和區","121.480","24.990","119"
"605","382628","20220706005000","1954","0","新北市","中和區","121.475","25.000","566"
"215","382629","20220706005000","742","0","新北市","中和區","121.505","25.000","254"
"3623","382630","20220706005000","3711","0","新北市","永和區","121.525","25.005","2352"
"1551","382634","20220706005000","1213","2","新北市","樹林區","121.420","24.995","1102"
"1018","382637","20220706005000","712","2","新北市","樹林區","121.420","25.000","747"
"581","382638","20220706005000","504","1","新北市","新莊區","121.440","25.030","431"
"2705","382639","20220706005000","2456","1","新北市","新莊區","121.420","25.025","2180"
"3217","382640","20220706005000","3414","0","新北市","新莊區","121.455","25.050","2478"
"4123","382641","20220706005000","3607","1","新北市","中和區","121.470","25.000","3140"
"7905","382642","20220706005000","4595","3","新北市","板橋區","121.455","25.005","6208"
"909","382643","20220706005000","289","3","新北市","板橋區","121.445","25.020","757"
"892","382644","20220706005000","1031","0","新北市","板橋區","121.440","25.000","729"
"5661","382645","20220706005000","8717","0","新北市","永和區","121.520","25.010","4810"
"1193","382646","20220706005000","1104","1","新北市","樹林區","121.415","25.000","1020"
"1267","382647","20220706005000","999","2","新北市","樹林區","121.415","25.005","926"
"2686","382648","20220706005000","3177","0","新北市","土城區","121.455","24.995","2262"
"21","382660","20220706005000","21","1","新北市","平溪區","121.710","25.020","16"
"1604","382667","20220706005000","1533","1","新北市","新莊區","121.460","25.040","1625"
"4418","382668","20220706005000","4146","1","新北市","新莊區","121.460","25.045","3457"
"965","382671","20220706005000","1184","0","新北市","板橋區","121.445","25.015","849"
"5693","382673","20220706005000","4266","2","新北市","板橋區","121.450","24.995","4370"
"1660","382674","20220706005000","1846","0","新北市","板橋區","121.455","25.000","1387"
"5873","382675","20220706005000","4191","2","新北市","永和區","121.520","25.015","4311"
"2702","382676","20220706005000","4181","0","新北市","永和區","121.515","25.015","2171"
"2542","382677","20220706005000","3337","0","新北市","新莊區","121.445","25.030","1911"
"3425","382678","20220706005000","2664","2","新北市","新莊區","121.455","25.035","3019"
"27","382679","20220706005000","806","0","新北市","板橋區","121.460","25.035","36"
"624","382680","20220706005000","586","1","新北市","新莊區","121.465","25.040","513"
"1081","382683","20220706005000","726","2","桃園市","中壢區","121.215","25.000","780"
"389","382686","20220706005000","313","2","桃園市","觀音區","121.125","25.030","392"
"3481","382699","20220706005000","3879","0","新北市","板橋區","121.485","25.020","2778"
"5329","382700","20220706005000","4499","1","新北市","板橋區","121.460","25.010","4108"
"4125","382701","20220706005000","2439","3","新北市","板橋區","121.460","24.995","3013"
"1628","382702","20220706005000","1376","1","新北市","樹林區","121.420","25.015","1156"
"733","382703","20220706005000","528","2","新北市","新莊區","121.435","25.010","598"
"808","382706","20220706005000","1004","0","新北市","新莊區","121.440","25.020","736"
"337","382710","20220706005000","323","1","新北市","新莊區","121.445","25.025","223"
"4542","382711","20220706005000","4044","1","新北市","永和區","121.505","25.010","3405"
"3145","382712","20220706005000","3484","0","新北市","板橋區","121.475","25.020","2480"
"2993","382713","20220706005000","2559","1","新北市","新莊區","121.430","25.025","2323"
"1580","382715","20220706005000","1926","0","新北市","新莊區","121.425","25.025","1270"
"1647","382716","20220706005000","1375","1","臺北市","萬華區","121.500","25.015","1524"
"2291","382717","20220706005000","1974","1","新北市","新莊區","121.450","25.030","1836"
"334","382724","20220706005000","317","1","桃園市","中壢區","121.180","25.005","252"
"755","382730","20220706005000","568","2","桃園市","中壢區","121.190","25.010","818"
"831","382732","20220706005000","404","3","桃園市","中壢區","121.185","25.015","598"
"711","382735","20220706005000","596","1","桃園市","大園區","121.180","25.025","508"
"1088","382741","20220706005000","1038","1","桃園市","觀音區","121.160","24.995","1066"
"467","382743","20220706005000","459","1","桃園市","觀音區","121.155","25.000","351"
"1029","382759","20220706005000","848","2","桃園市","觀音區","121.160","25.020","825"
"369","382780","20220706005000","343","1","桃園市","觀音區","121.105","25.040","307"
"208","382785","20220706005000","188","1","桃園市","觀音區","121.130","25.020","173"
"197","382813","20220706005000","251","0","桃園市","觀音區","121.110","25.050","140"
"1484","382814","20220706005000","1324","1","桃園市","觀音區","121.115","25.050","1415"
"1595","382815","20220706005000","876","3","桃園市","觀音區","121.120","25.050","1165"
"416","382816","20220706005000","251","3","桃園市","觀音區","121.125","25.050","355"
"212","382820","20220706005000","126","3","桃園市","觀音區","121.120","25.055","217"
"885","382821","20220706005000","938","0","桃園市","觀音區","121.125","25.055","715"
"725","382830","20220706005000","678","1","桃園市","觀音區","121.080","25.035","638"
"391","382842","20220706005000","274","2","桃園市","觀音區","121.095","25.050","282"
"443","382853","20220706005000","645","0","桃園市","觀音區","121.145","25.040","473"
"2588","382855","20220706005000","2700","0","桃園市","觀音區","121.140","25.045","2272"
"741","382857","20220706005000","675","1","桃園市","觀音區","121.130","25.050","611"
"248","382858","20220706005000","212","1","桃園市","觀音區","121.135","25.050","160"
"485","382868","20220706005000","266","3","桃園市","觀音區","121.115","25.000","381"
"1586","382888","20220706005000","1210","2","桃園市","蘆竹區","121.270","25.010","1315"
"45","382890","20220706005000","64","0","桃園市","蘆竹區","121.265","25.015","131"
"1217","382891","20220706005000","1101","1","桃園市","蘆竹區","121.240","25.025","900"
"1308","382893","20220706005000","861","3","桃園市","蘆竹區","121.250","25.025","1004"
"442","382894","20220706005000","508","0","桃園市","大園區","121.235","25.025","339"
"1091","382896","20220706005000","953","1","桃園市","蘆竹區","121.245","25.025","1219"
"469","382898","20220706005000","345","2","桃園市","蘆竹區","121.240","25.030","353"
"174","382911","20220706005000","155","1","新北市","石碇區","121.670","25.010","145"
"77","382935","20220706005000","75","1","新北市","石碇區","121.670","25.030","61"
"129","382953","20220706005000","91","2","新北市","石碇區","121.690","25.005","106"
"51","382971","20220706005000","40","2","新北市","石碇區","121.700","25.015","36"
"81","382976","20220706005000","77","1","新北市","石碇區","121.660","24.995","101"
"37","382980","20220706005000","41","0","新北市","石碇區","121.650","25.000","61"
"23","382991","20220706005000","30","0","新北市","貢寮區","121.885","24.995","19"
"25","382996","20220706005000","11","3","新北市","貢寮區","121.885","25.000","22"
"28","383019","20220706005000","37","0","新北市","貢寮區","122.000","25.005","28"
"77","383024","20220706005000","43","3","新北市","貢寮區","121.990","25.010","60"
"51","383035","20220706005000","54","0","新北市","貢寮區","121.985","25.020","44"
"2303","383037","20220706005000","3812","0","新北市","永和區","121.520","25.000","1867"
"5086","383038","20220706005000","4595","1","新北市","板橋區","121.475","25.025","3841"
"517","383039","20220706005000","957","0","新北市","新莊區","121.410","25.030","495"
"780","383040","20220706005000","757","1","新北市","新莊區","121.415","25.030","632"
"73","383045","20220706005000","68","1","新北市","新莊區","121.405","25.040","54"
"3444","383046","20220706005000","4400","0","新北市","新莊區","121.455","25.055","2923"
"923","383047","20220706005000","1331","0","新北市","新莊區","121.435","25.030","711"
"1569","383048","20220706005000","1382","1","新北市","新莊區","121.425","25.030","1152"
"369","383049","20220706005000","1354","0","新北市","新莊區","121.430","25.030","450"
"669","383050","20220706005000","956","0","新北市","新莊區","121.430","25.035","534"
"4318","383054","20220706005000","5859","0","新北市","新莊區","121.445","25.050","3342"
"4751","383055","20220706005000","4420","1","新北市","新莊區","121.450","25.045","4051"
"1372","383056","20220706005000","1415","0","桃園市","蘆竹區","121.290","25.050","1026"
"1544","383057","20220706005000","1329","1","桃園市","蘆竹區","121.280","25.055","1392"
"543","383058","20220706005000","550","0","桃園市","蘆竹區","121.285","25.045","439"
"1745","383059","20220706005000","1024","3","桃園市","蘆竹區","121.285","25.050","1312"
"953","383060","20220706005000","1227","0","桃園市","蘆竹區","121.285","25.055","821"
"492","383094","20220706005000","560","0","桃園市","觀音區","121.050","25.025","407"
"418","383096","20220706005000","647","0","桃園市","觀音區","121.080","25.030","352"
"773","383099","20220706005000","736","1","桃園市","觀音區","121.085","25.035","665"
"1405","383113","20220706005000","841","3","桃園市","觀音區","121.120","25.025","1109"
"465","383117","20220706005000","456","1","桃園市","觀音區","121.115","25.025","377"
"1121","383118","20220706005000","1169","0","新北市","樹林區","121.410","25.015","1190"
"1491","383121","20220706005000","1660","0","新北市","泰山區","121.440","25.045","1144"
"33","383122","20220706005000","403","0","新北市","泰山區","121.430","25.050","65"
"972","383124","20220706005000","703","2","新北市","泰山區","121.440","25.050","742"
"176","383125","20220706005000","766","0","新北市","泰山區","121.435","25.055","269"
"1199","383126","20220706005000","1238","0","新北市","泰山區","121.425","25.050","982"
"951","383127","20220706005000","813","1","新北市","新莊區","121.440","25.055","731"
"1255","383128","20220706005000","2281","0","新北市","新莊區","121.445","25.055","1124"
"4344","383129","20220706005000","4555","0","新北市","新莊區","121.450","25.055","3516"
"5250","383130","20220706005000","6296","0","新北市","新莊區","121.450","25.050","4330"
"748","383131","20220706005000","1315","0","新北市","新莊區","121.455","25.040","508"
"218","383132","20220706005000","42","3","新北市","板橋區","121.435","24.995","201"
"1284","383134","20220706005000","1400","0","新北市","板橋區","121.445","24.995","1059"
"3736","383141","20220706005000","4875","0","新北市","永和區","121.515","25.005","3323"
"4208","383142","20220706005000","4707","0","新北市","板橋區","121.470","25.025","3611"
"4487","383143","20220706005000","4492","0","新北市","板橋區","121.475","25.030","3607"
"2460","383144","20220706005000","2832","0","新北市","新莊區","121.445","25.045","2054"
"207","383152","20220706005000","114","3","新北市","泰山區","121.400","25.055","147"
"3392","383156","20220706005000","3158","1","新北市","汐止區","121.625","25.040","2800"
"20","383164","20220706005000","20","1","新北市","雙溪區","121.860","25.045","19"
"30","383165","20220706005000","44","0","新北市","雙溪區","121.865","25.045","31"
"105","383202","20220706005000","93","1","新北市","雙溪區","121.800","25.015","77"
"507","383204","20220706005000","573","0","新北市","中和區","121.490","25.010","383"
"440","383205","20220706005000","680","0","新北市","樹林區","121.430","25.000","365"
"2691","383207","20220706005000","3338","0","新北市","永和區","121.515","24.995","2235"
"2452","383208","20220706005000","2332","1","桃園市","桃園區","121.315","25.005","1939"
"923","383209","20220706005000","1261","0","桃園市","桃園區","121.315","25.010","799"
"444","383210","20220706005000","522","0","臺北市","萬華區","121.495","25.010","378"
"1300","383211","20220706005000","2147","0","新北市","永和區","121.500","25.010","1075"
"4070","383212","20220706005000","4058","1","新北市","永和區","121.510","25.015","3258"
"646","383214","20220706005000","662","0","新北市","汐止區","121.625","25.050","541"
"711","383218","20220706005000","625","1","桃園市","蘆竹區","121.290","25.055","474"
"1059","383219","20220706005000","980","1","桃園市","蘆竹區","121.295","25.050","1064"
"1514","383220","20220706005000","2269","0","桃園市","蘆竹區","121.300","25.050","1249"
"2154","383222","20220706005000","1898","1","桃園市","蘆竹區","121.300","25.055","1646"
"13","383225","20220706005000","14","0","桃園市","蘆竹區","121.315","25.055","27"
"174","383229","20220706005000","129","2","新北市","石碇區","121.645","25.005","158"
"30","383234","20220706005000","26","1","新北市","石碇區","121.700","24.995","18"
"64","383253","20220706005000","71","0","新北市","石碇區","121.665","25.010","53"
"151","383254","20220706005000","135","1","新北市","石碇區","121.645","25.010","155"
"107","383261","20220706005000","95","1","新北市","石碇區","121.655","25.015","90"
"461","383272","20220706005000","425","1","桃園市","觀音區","121.100","25.005","410"
"690","383277","20220706005000","657","1","桃園市","觀音區","121.095","25.020","611"
"329","383281","20220706005000","334","0","桃園市","觀音區","121.095","25.025","238"
"1810","383283","20220706005000","2121","0","桃園市","桃園區","121.285","24.995","1480"
"254","383284","20220706005000","411","0","桃園市","桃園區","121.290","24.995","279"
"708","383285","20220706005000","512","2","桃園市","桃園區","121.285","25.000","546"
"4214","383286","20220706005000","4038","1","桃園市","蘆竹區","121.290","25.045","3551"
"284","383287","20220706005000","199","2","桃園市","桃園區","121.280","25.030","193"
"678","383290","20220706005000","685","0","桃園市","蘆竹區","121.280","25.035","503"
"1606","383291","20220706005000","1597","1","桃園市","蘆竹區","121.285","25.035","1294"
"2778","383294","20220706005000","2049","2","桃園市","蘆竹區","121.285","25.040","2256"
"3339","383295","20220706005000","4606","0","桃園市","蘆竹區","121.290","25.040","2946"
"22","383299","20220706005000","162","0","桃園市","蘆竹區","121.255","25.025","39"
"324","383301","20220706005000","314","1","桃園市","蘆竹區","121.250","25.035","241"
"259","383311","20220706005000","231","1","桃園市","蘆竹區","121.240","25.040","191"
"163","383313","20220706005000","147","1","桃園市","蘆竹區","121.255","25.040","154"
"22","383315","20220706005000","95","0","桃園市","蘆竹區","121.250","25.045","30"
"588","383318","20220706005000","697","0","桃園市","蘆竹區","121.265","25.025","494"
"686","383325","20220706005000","601","1","桃園市","蘆竹區","121.275","25.030","583"
"51","383357","20220706005000","65","0","新北市","雙溪區","121.880","25.020","33"
"22","383364","20220706005000","37","0","新北市","雙溪區","121.870","25.030","33"
"2019","383376","20220706005000","3052","0","新北市","中和區","121.485","25.000","1759"
"2225","383377","20220706005000","3033","0","新北市","中和區","121.485","25.005","1717"
"2285","383378","20220706005000","5028","0","新北市","中和區","121.500","25.000","2256"
"2756","383379","20220706005000","3429","0","新北市","板橋區","121.465","25.010","2276"
"3670","383380","20220706005000","3334","1","新北市","板橋區","121.470","25.010","2803"
"1153","383384","20220706005000","1035","1","新北市","汐止區","121.635","25.040","1036"
"240","383424","20220706005000","261","0","桃園市","蘆竹區","121.255","25.050","179"
"647","383426","20220706005000","455","2","桃園市","蘆竹區","121.265","25.050","478"
"68","383430","20220706005000","49","2","桃園市","蘆竹區","121.250","25.055","68"
"495","383435","20220706005000","362","2","桃園市","蘆竹區","121.275","25.055","369"
"499","383437","20220706005000","451","1","桃園市","大園區","121.160","25.030","634"
"493","383449","20220706005000","453","1","桃園市","觀音區","121.155","25.050","425"
"1460","383456","20220706005000","1248","1","桃園市","觀音區","121.140","25.010","1242"
"679","383457","20220706005000","723","0","桃園市","觀音區","121.145","25.010","621"
"545","383463","20220706005000","482","1","桃園市","觀音區","121.130","25.005","420"
"176","383469","20220706005000","208","0","桃園市","觀音區","121.060","25.025","190"
"313","383475","20220706005000","351","0","桃園市","觀音區","121.065","25.025","261"
"111","383483","20220706005000","114","0","桃園市","觀音區","121.060","25.035","74"
"115","383485","20220706005000","177","0","桃園市","觀音區","121.070","25.035","105"
"101","383489","20220706005000","87","1","桃園市","觀音區","121.070","25.040","80"
"1272","383492","20220706005000","1371","0","新北市","三重區","121.475","25.050","1021"
"4203","383493","20220706005000","5150","0","新北市","中和區","121.510","24.995","3460"
"4637","383494","20220706005000","5814","0","新北市","中和區","121.510","25.000","3938"
"3037","383495","20220706005000","2853","1","新北市","板橋區","121.455","25.010","2355"
"4260","383496","20220706005000","4435","0","新北市","板橋區","121.455","25.020","3364"
"2468","383500","20220706005000","3131","0","新北市","樹林區","121.425","24.995","2044"
"256","383502","20220706005000","648","0","新北市","樹林區","121.405","25.005","269"
"89","383503","20220706005000","525","0","新北市","樹林區","121.410","25.005","195"
"2446","383507","20220706005000","2521","0","新北市","永和區","121.505","25.015","1745"
"102","383513","20220706005000","130","0","桃園市","中壢區","121.245","24.995","107"
"1220","383515","20220706005000","965","2","桃園市","中壢區","121.225","25.000","1043"
"508","383519","20220706005000","433","1","桃園市","中壢區","121.245","25.000","338"
"515","383520","20220706005000","426","2","桃園市","中壢區","121.250","25.000","530"
"392","383521","20220706005000","251","3","桃園市","中壢區","121.230","25.005","307"
"591","383524","20220706005000","456","2","桃園市","中壢區","121.245","25.005","495"
"462","383526","20220706005000","488","0","桃園市","大園區","121.245","25.010","339"
"1375","383529","20220706005000","989","2","桃園市","中壢區","121.175","24.995","1130"
"768","383553","20220706005000","691","1","桃園市","中壢區","121.220","25.005","615"
"132","383554","20220706005000","217","0","桃園市","中壢區","121.215","25.010","171"
"14","383556","20220706005000","83","0","桃園市","中壢區","121.215","25.015","15"
"903","383557","20220706005000","699","2","桃園市","中壢區","121.220","25.015","749"
"1785","383559","20220706005000","2083","0","新北市","板橋區","121.480","25.030","1375"
"236","383560","20220706005000","204","1","新北市","樹林區","121.420","25.005","169"
"2333","383562","20220706005000","1828","2","新北市","新莊區","121.430","25.005","1789"
"1348","383563","20220706005000","1422","0","新北市","樹林區","121.425","25.010","893"
"251","383564","20220706005000","1163","0","新北市","樹林區","121.425","25.000","231"
"4040","383565","20220706005000","3898","1","新北市","永和區","121.515","25.000","3101"
"3565","383566","20220706005000","3629","0","新北市","永和區","121.520","25.005","2694"
"2347","383567","20220706005000","1692","2","新北市","中和區","121.480","25.005","1788"
"526","383568","20220706005000","529","0","新北市","泰山區","121.415","25.050","431"
"1865","383572","20220706005000","2261","0","新北市","泰山區","121.430","25.055","1664"
"2600","383573","20220706005000","2269","1","新北市","板橋區","121.460","25.000","2130"
"3919","383574","20220706005000","3802","1","新北市","中和區","121.495","25.000","3138"
"2769","383575","20220706005000","3008","0","新北市","板橋區","121.465","25.030","2229"
"4492","383576","20220706005000","4409","1","新北市","板橋區","121.470","25.030","3349"
"203","383589","20220706005000","215","0","新北市","深坑區","121.615","25.000","135"
"473","383590","20220706005000","951","0","新北市","深坑區","121.620","25.000","422"
"1531","383591","20220706005000","1363","1","新北市","深坑區","121.625","25.000","1263"
"564","383599","20220706005000","350","3","新北市","深坑區","121.635","25.005","457"
"1527","383600","20220706005000","1323","1","新北市","深坑區","121.615","25.005","1379"
"4622","383602","20220706005000","4797","0","新北市","板橋區","121.480","25.025","3599"
"3785","383603","20220706005000","4947","0","新北市","新莊區","121.445","25.035","3415"
"323","383604","20220706005000","818","0","新北市","永和區","121.530","25.000","382"
"2525","383605","20220706005000","3725","0","新北市","板橋區","121.480","25.020","1988"
"4609","383606","20220706005000","4506","1","新北市","板橋區","121.480","25.015","3392"
"1615","383607","20220706005000","1731","0","桃園市","桃園區","121.310","25.010","1504"
"3839","383608","20220706005000","2885","2","桃園市","桃園區","121.310","25.015","3279"
"3438","383609","20220706005000","4803","0","新北市","永和區","121.510","25.010","2817"
"3946","383610","20220706005000","4342","0","新北市","永和區","121.515","25.010","3040"
"2573","383611","20220706005000","2756","0","新北市","板橋區","121.460","25.015","1940"
"2690","383612","20220706005000","3731","0","新北市","板橋區","121.465","25.000","2110"
"2138","383614","20220706005000","1368","3","桃園市","桃園區","121.300","25.010","1762"
"3344","383615","20220706005000","2969","1","桃園市","桃園區","121.315","24.995","2791"
"201","383616","20220706005000","227","0","新北市","深坑區","121.605","25.005","147"
"81","383618","20220706005000","103","0","新北市","深坑區","121.600","25.010","86"
"1879","383631","20220706005000","2015","0","新北市","深坑區","121.600","25.005","1514"
"2216","383632","20220706005000","2528","0","新北市","中和區","121.485","25.015","1663"
"3114","383633","20220706005000","3186","0","新北市","板橋區","121.475","25.015","2427"
"4503","383634","20220706005000","4765","0","新北市","板橋區","121.450","25.015","3389"
"2512","383635","20220706005000","3134","0","新北市","永和區","121.510","25.005","2034"
"2576","383636","20220706005000","2930","0","新北市","板橋區","121.450","25.010","2010"
"893","383637","20220706005000","922","0","新北市","樹林區","121.405","25.015","661"
"295","383638","20220706005000","247","1","新北市","樹林區","121.420","25.010","247"
"1380","383639","20220706005000","1139","2","新北市","樹林區","121.415","25.015","1025"
"48","383641","20220706005000","36","2","新北市","平溪區","121.765","25.035","41"
"188","383658","20220706005000","186","1","新北市","平溪區","121.775","25.040","168"
"115","383678","20220706005000","101","1","新北市","平溪區","121.740","25.025","94"
"124","383679","20220706005000","107","1","新北市","平溪區","121.745","25.025","93"
"21","383682","20220706005000","21","1","新北市","平溪區","121.745","25.030","33"
"18","383718","20220706005000","13","2","新北市","平溪區","121.780","25.025","25"
"12","383746","20220706005000","11","1","新北市","平溪區","121.765","25.020","12"
"37","383787","20220706005000","30","2","新北市","平溪區","121.750","25.005","34"
"71","383811","20220706005000","224","0","新北市","平溪區","121.715","25.020","65"
"1230","383828","20220706005000","2541","0","新北市","中和區","121.475","24.995","971"
"4602","383829","20220706005000","5940","0","新北市","板橋區","121.470","25.020","3616"
"333","383830","20220706005000","362","0","新北市","板橋區","121.440","25.005","252"
"1641","383831","20220706005000","937","3","新北市","新莊區","121.440","25.015","1181"
"1872","383833","20220706005000","2796","0","新北市","永和區","121.515","25.020","1532"
"196","383834","20220706005000","159","2","新北市","汐止區","121.645","25.030","152"
"353","383848","20220706005000","327","1","新北市","汐止區","121.645","25.040","304"
"30","383859","20220706005000","53","0","新北市","汐止區","121.670","25.045","31"
"45","383862","20220706005000","110","0","新北市","汐止區","121.660","25.050","44"
"634","383865","20220706005000","698","0","新北市","永和區","121.530","25.005","525"
"768","383866","20220706005000","784","0","新北市","新莊區","121.465","25.045","673"
"1907","383867","20220706005000","2419","0","新北市","新莊區","121.415","25.025","1460"
"2205","383868","20220706005000","3091","0","新北市","中和區","121.525","24.995","2036"
"1018","383871","20220706005000","1524","0","桃園市","中壢區","121.200","25.010","735"
"717","383880","20220706005000","597","2","桃園市","中壢區","121.200","25.020","644"
"101","383883","20220706005000","162","0","新北市","深坑區","121.635","25.010","97"
"2946","383889","20220706005000","2119","2","新北市","板橋區","121.465","25.015","2348"
"35","383890","20220706005000","295","0","新北市","板橋區","121.475","25.035","52"
"1112","383891","20220706005000","1065","1","新北市","板橋區","121.480","25.035","857"
"5400","383893","20220706005000","5389","1","新北市","板橋區","121.465","25.020","4130"
"3305","383894","20220706005000","2998","1","新北市","板橋區","121.460","25.020","2883"
"3241","383895","20220706005000","2934","1","新北市","永和區","121.525","25.010","2382"
"5297","383896","20220706005000","5805","0","新北市","永和區","121.525","25.000","4369"
"434","383897","20220706005000","492","0","桃園市","龜山區","121.365","25.030","323"
"739","383900","20220706005000","639","1","桃園市","龜山區","121.360","25.040","502"
"697","383902","20220706005000","656","1","桃園市","龜山區","121.360","25.045","481"
"1622","383903","20220706005000","1305","2","桃園市","龜山區","121.360","25.050","1773"
"1256","383904","20220706005000","1880","0","桃園市","龜山區","121.365","25.050","941"
"1563","383905","20220706005000","1716","0","桃園市","龜山區","121.360","25.055","1290"
"3943","383906","20220706005000","2842","2","桃園市","龜山區","121.365","25.055","2927"
"1410","383907","20220706005000","987","2","桃園市","龜山區","121.375","25.035","1486"
"378","383908","20220706005000","334","1","桃園市","龜山區","121.370","25.040","366"
"387","383909","20220706005000","189","3","桃園市","龜山區","121.375","25.040","327"
"113","383910","20220706005000","115","0","桃園市","龜山區","121.365","25.045","96"
"717","383911","20220706005000","537","2","桃園市","龜山區","121.370","25.045","621"
"72","383912","20220706005000","161","0","桃園市","龜山區","121.375","25.045","150"
"760","383913","20220706005000","902","0","桃園市","龜山區","121.370","25.050","650"
"469","383914","20220706005000","283","3","桃園市","龜山區","121.375","25.050","514"
"1774","383915","20220706005000","1655","1","桃園市","龜山區","121.370","25.055","1314"
"2177","383916","20220706005000","1773","2","桃園市","龜山區","121.375","25.055","1685"
"484","383919","20220706005000","641","0","桃園市","龜山區","121.360","25.000","410"
"418","383920","20220706005000","369","1","桃園市","龜山區","121.365","25.000","316"
"911","383922","20220706005000","868","1","桃園市","龜山區","121.340","25.000","672"
"565","383924","20220706005000","461","2","桃園市","龜山區","121.340","25.005","425"
"1053","383928","20220706005000","1028","1","桃園市","龜山區","121.365","25.005","965"
"373","383930","20220706005000","277","2","桃園市","龜山區","121.355","25.010","345"
"229","383939","20220706005000","294","0","桃園市","龜山區","121.360","25.020","173"
"612","383940","20220706005000","595","1","桃園市","龜山區","121.365","25.015","474"
"161","383941","20220706005000","216","0","桃園市","龜山區","121.370","25.020","128"
"117","383945","20220706005000","120","0","桃園市","龜山區","121.365","25.020","90"
"1343","383958","20220706005000","1171","1","桃園市","龜山區","121.335","24.995","1100"
"1100","383959","20220706005000","1079","1","桃園市","龜山區","121.345","25.005","1019"
"864","383962","20220706005000","811","1","桃園市","龜山區","121.345","25.010","645"
"569","383966","20220706005000","518","1","桃園市","龜山區","121.345","25.015","474"
"251","383978","20220706005000","280","0","桃園市","龜山區","121.350","25.020","220"
"37","383987","20220706005000","34","1","桃園市","龜山區","121.345","25.030","50"
"122","383989","20220706005000","103","1","桃園市","龜山區","121.355","25.030","98"
"36","383991","20220706005000","74","0","桃園市","龜山區","121.380","25.020","40"
"203","383995","20220706005000","526","0","桃園市","龜山區","121.385","25.025","165"
"52","383996","20220706005000","453","0","桃園市","龜山區","121.390","25.025","32"
"989","384001","20220706005000","1775","0","桃園市","龜山區","121.390","25.030","711"
"509","384003","20220706005000","282","3","桃園市","龜山區","121.385","25.035","348"
"926","384004","20220706005000","1398","0","桃園市","龜山區","121.390","25.035","708"
"46","384008","20220706005000","20","3","桃園市","龜山區","121.385","25.040","30"
"1465","384009","20220706005000","1353","1","桃園市","龜山區","121.390","25.040","1169"
"1692","384015","20220706005000","780","3","桃園市","龜山區","121.380","25.050","1255"
"174","384019","20220706005000","546","0","桃園市","龜山區","121.380","25.055","293"
"6067","384021","20220706005000","7085","0","臺北市","中山區","121.525","25.050","5012"
"5707","384022","20220706005000","6113","0","臺北市","中山區","121.530","25.055","4827"
"412","384040","20220706005000","431","0","桃園市","大園區","121.185","25.045","356"
"292","384041","20220706005000","359","0","桃園市","大園區","121.190","25.045","368"
"200","384058","20220706005000","187","1","桃園市","龜山區","121.355","24.995","158"
"229","384060","20220706005000","198","1","桃園市","龜山區","121.355","25.000","301"
"2552","384064","20220706005000","2781","0","新北市","永和區","121.510","25.020","2270"
"2501","384065","20220706005000","2944","0","臺北市","中正區","121.515","25.025","2175"
"1825","384066","20220706005000","3747","0","臺北市","中正區","121.525","25.020","1596"
"402","384067","20220706005000","480","0","臺北市","中正區","121.515","25.040","309"
"3424","384068","20220706005000","4160","0","臺北市","中正區","121.515","25.045","2798"
"4556","384069","20220706005000","4171","1","臺北市","中山區","121.535","25.055","3535"
"1718","384070","20220706005000","1835","0","臺北市","文山區","121.560","25.005","1441"
"898","384071","20220706005000","863","1","臺北市","大安區","121.560","25.010","695"
"346","384072","20220706005000","1208","0","桃園市","桃園區","121.310","24.995","302"
"3413","384073","20220706005000","3463","0","臺北市","中山區","121.535","25.045","2801"
"1742","384074","20220706005000","2289","0","臺北市","中山區","121.535","25.050","1371"
"3058","384075","20220706005000","2544","2","臺北市","中正區","121.515","25.030","2492"
"4142","384076","20220706005000","6049","0","臺北市","信義區","121.565","25.025","3671"
"1602","384077","20220706005000","2260","0","臺北市","信義區","121.575","25.045","1502"
"536","384078","20220706005000","577","0","臺北市","信義區","121.585","25.035","465"
"1281","384079","20220706005000","1546","0","臺北市","信義區","121.565","25.020","1076"
"870","384081","20220706005000","1172","0","桃園市","桃園區","121.290","25.010","774"
"1045","384082","20220706005000","1392","0","桃園市","桃園區","121.285","25.015","845"
"1142","384083","20220706005000","959","1","桃園市","桃園區","121.290","25.015","864"
"3015","384084","20220706005000","3728","0","臺北市","中正區","121.525","25.045","2741"
"3905","384085","20220706005000","3169","2","臺北市","中正區","121.530","25.045","3100"
"1315","384086","20220706005000","2345","0","臺北市","中正區","121.530","25.010","1096"
"4724","384087","20220706005000","4991","0","臺北市","中山區","121.525","25.055","3746"
"2597","384088","20220706005000","2777","0","臺北市","中山區","121.540","25.045","2042"
"2950","384089","20220706005000","3667","0","臺北市","大安區","121.540","25.040","2554"
"3109","384090","20220706005000","3034","1","臺北市","中正區","121.520","25.030","2455"
"922","384091","20220706005000","911","1","臺北市","中正區","121.520","25.035","794"
"2231","384092","20220706005000","2190","1","臺北市","中正區","121.520","25.040","1748"
"6274","384093","20220706005000","7057","0","臺北市","中正區","121.525","25.040","5112"
"360","384094","20220706005000","815","0","臺北市","中正區","121.525","25.015","339"
"1585","384100","20220706005000","925","3","桃園市","中壢區","121.200","25.000","1304"
"149","384101","20220706005000","199","0","桃園市","中壢區","121.205","25.000","162"
"864","384103","20220706005000","486","3","桃園市","中壢區","121.200","25.005","656"
"1000","384104","20220706005000","1158","0","新北市","泰山區","121.420","25.030","754"
"400","384106","20220706005000","390","1","新北市","泰山區","121.425","25.035","292"
"1895","384109","20220706005000","2663","0","新北市","泰山區","121.420","25.040","1472"
"1114","384111","20220706005000","1237","0","新北市","泰山區","121.425","25.040","990"
"1510","384112","20220706005000","1529","0","新北市","泰山區","121.430","25.040","1210"
"122","384113","20220706005000","118","1","桃園市","龜山區","121.330","24.995","149"
"51","384129","20220706005000","56","0","桃園市","龜山區","121.375","25.010","66"
"489","384131","20220706005000","404","2","桃園市","龜山區","121.385","25.010","413"
"183","384132","20220706005000","147","2","桃園市","龜山區","121.390","25.010","151"
"1007","384140","20220706005000","1119","0","桃園市","龜山區","121.395","25.020","809"
"614","384141","20220706005000","569","1","桃園市","龜山區","121.400","25.020","385"
"1407","384142","20220706005000","1304","1","桃園市","龜山區","121.340","24.995","1125"
"2008","384145","20220706005000","2026","0","桃園市","龜山區","121.345","25.000","1651"
"4624","384146","20220706005000","5748","0","臺北市","中山區","121.520","25.055","3768"
"1238","384147","20220706005000","1319","0","桃園市","桃園區","121.305","25.025","965"
"63","384149","20220706005000","59","1","桃園市","新屋區","121.030","25.000","53"
"149","384152","20220706005000","161","0","桃園市","新屋區","121.030","25.005","120"
"99","384164","20220706005000","128","0","桃園市","新屋區","121.060","24.995","151"
"326","384167","20220706005000","267","2","桃園市","新屋區","121.060","25.000","205"
"679","384185","20220706005000","663","1","桃園市","新屋區","121.075","25.005","513"
"10","384188","20220706005000","72","0","桃園市","桃園區","121.325","25.000","13"
"87","384189","20220706005000","95","0","桃園市","桃園區","121.320","25.005","87"
"971","384190","20220706005000","808","2","桃園市","桃園區","121.325","25.005","697"
"2495","384194","20220706005000","3947","0","臺北市","中正區","121.510","25.025","1868"
"30","384227","20220706005000","31","0","新北市","貢寮區","121.955","25.005","32"
"24","384234","20220706005000","23","1","新北市","貢寮區","121.950","25.010","17"
"341","384241","20220706005000","272","2","新北市","貢寮區","121.945","25.015","263"
"63","384254","20220706005000","40","3","新北市","貢寮區","121.970","25.025","51"
"40","384264","20220706005000","38","1","新北市","貢寮區","121.890","25.020","34"
"323","384267","20220706005000","299","1","新北市","貢寮區","121.905","25.020","251"
"22","384270","20220706005000","28","0","新北市","貢寮區","121.900","25.025","17"
"120","384299","20220706005000","110","1","新北市","貢寮區","121.920","25.010","103"
"24","384306","20220706005000","33","0","新北市","貢寮區","121.930","25.015","26"
"16","384313","20220706005000","12","2","新北市","貢寮區","121.925","25.025","16"
"27","384338","20220706005000","24","1","新北市","貢寮區","121.905","25.010","22"
"318","384342","20220706005000","237","2","新北市","貢寮區","121.945","25.020","255"
"101","384349","20220706005000","72","2","新北市","貢寮區","121.930","25.030","82"
"14","384353","20220706005000","11","2","新北市","貢寮區","121.930","25.035","10"
"2420","384355","20220706005000","1971","2","桃園市","龜山區","121.400","25.015","1851"
"2954","384356","20220706005000","2841","1","桃園市","龜山區","121.405","25.020","2390"
"251","384362","20220706005000","188","2","桃園市","新屋區","121.045","25.005","170"
"255","384367","20220706005000","290","0","桃園市","桃園區","121.320","24.995","364"
"1611","384368","20220706005000","1422","1","桃園市","桃園區","121.325","24.995","1272"
"1814","384371","20220706005000","1684","1","桃園市","桃園區","121.295","25.000","1453"
"547","384372","20220706005000","416","2","桃園市","桃園區","121.280","25.005","422"
"128","384373","20220706005000","92","2","桃園市","桃園區","121.285","25.005","173"
"980","384374","20220706005000","1284","0","桃園市","桃園區","121.280","25.010","713"
"1790","384375","20220706005000","2499","0","桃園市","桃園區","121.300","25.000","1468"
"1469","384376","20220706005000","1424","1","桃園市","桃園區","121.305","25.000","1180"
"1230","384377","20220706005000","1012","2","桃園市","桃園區","121.310","25.025","956"
"524","384378","20220706005000","369","2","桃園市","桃園區","121.310","25.020","424"
"888","384379","20220706005000","539","3","桃園市","桃園區","121.315","25.025","660"
"1178","384382","20220706005000","1219","0","桃園市","桃園區","121.300","25.025","949"
"926","384383","20220706005000","863","1","桃園市","桃園區","121.305","25.020","897"
"33","384387","20220706005000","36","0","桃園市","桃園區","121.295","24.995","35"
"2462","384388","20220706005000","3478","0","臺北市","中山區","121.530","25.050","2062"
"4284","384389","20220706005000","4196","1","桃園市","桃園區","121.295","25.025","3492"
"3133","384392","20220706005000","2941","1","桃園市","蘆竹區","121.295","25.040","2470"
"2326","384393","20220706005000","2545","0","桃園市","桃園區","121.300","25.015","1926"
"5378","384394","20220706005000","4292","2","桃園市","桃園區","121.295","25.015","4257"
"3358","384395","20220706005000","2729","2","桃園市","桃園區","121.320","25.010","2614"
"1845","384398","20220706005000","1140","3","桃園市","桃園區","121.310","25.000","1494"
"860","384399","20220706005000","849","1","桃園市","桃園區","121.315","25.000","669"
"445","384400","20220706005000","424","1","桃園市","桃園區","121.320","25.000","314"
"933","384401","20220706005000","831","1","桃園市","桃園區","121.310","25.005","726"
"372","384402","20220706005000","332","1","臺北市","南港區","121.590","25.035","335"
"272","384403","20220706005000","336","0","臺北市","大安區","121.550","25.015","272"
"3732","384404","20220706005000","4518","0","臺北市","大安區","121.555","25.020","3014"
"5118","384405","20220706005000","5126","0","臺北市","大安區","121.550","25.020","4296"
"2377","384408","20220706005000","2230","1","桃園市","桃園區","121.305","25.010","1816"
"3211","384409","20220706005000","3636","0","臺北市","中正區","121.530","25.015","2273"
"3171","384410","20220706005000","3476","0","臺北市","中正區","121.525","25.035","2655"
"1472","384411","20220706005000","2164","0","臺北市","中山區","121.540","25.050","1242"
"1408","384412","20220706005000","1616","0","桃園市","桃園區","121.290","25.020","1345"
"3832","384413","20220706005000","4799","0","臺北市","信義區","121.560","25.045","3239"
"64","384415","20220706005000","202","0","桃園市","桃園區","121.300","24.995","84"
"1836","384416","20220706005000","2167","0","桃園市","桃園區","121.290","25.025","1580"
"922","384417","20220706005000","680","2","桃園市","桃園區","121.290","25.005","690"
"2171","384418","20220706005000","2034","1","桃園市","桃園區","121.295","25.005","1709"
"1153","384419","20220706005000","1744","0","桃園市","桃園區","121.295","25.010","1229"
"3189","384420","20220706005000","3658","0","臺北市","大同區","121.510","25.055","2566"
"1644","384421","20220706005000","1723","0","臺北市","中正區","121.520","25.020","1281"
"5465","384422","20220706005000","4646","1","臺北市","信義區","121.570","25.025","4844"
"1595","384424","20220706005000","1453","1","臺北市","信義區","121.570","25.030","1214"
"1181","384425","20220706005000","1600","0","臺北市","信義區","121.575","25.030","1587"
"2573","384426","20220706005000","2930","0","臺北市","大同區","121.515","25.050","2122"
"3306","384427","20220706005000","3345","0","臺北市","中山區","121.520","25.050","2892"
"2419","384428","20220706005000","2778","0","臺北市","大同區","121.515","25.055","1978"
"2673","384429","20220706005000","2311","1","桃園市","桃園區","121.305","24.995","2113"
"2906","384430","20220706005000","2775","1","桃園市","桃園區","121.300","25.005","2342"
"768","384431","20220706005000","718","1","臺北市","大同區","121.505","25.050","711"
"1709","384432","20220706005000","1808","0","臺北市","大同區","121.510","25.050","1361"
"290","384433","20220706005000","1319","0","臺北市","大安區","121.555","25.040","334"
"5504","384434","20220706005000","6080","0","臺北市","大安區","121.555","25.030","4380"
"3451","384435","20220706005000","3698","0","臺北市","大安區","121.530","25.025","2737"
"938","384436","20220706005000","2329","0","臺北市","大安區","121.525","25.030","764"
"4454","384437","20220706005000","4876","0","臺北市","大安區","121.525","25.025","4033"
"2513","384438","20220706005000","2651","0","臺北市","大安區","121.545","25.035","2079"
"5371","384439","20220706005000","6585","0","臺北市","大安區","121.545","25.030","4867"
"3552","384440","20220706005000","4192","0","臺北市","大安區","121.555","25.035","2738"
"3004","384441","20220706005000","4948","0","臺北市","大安區","121.550","25.025","2469"
"5714","384442","20220706005000","5514","1","臺北市","中正區","121.530","25.035","4664"
"2510","384443","20220706005000","2424","1","臺北市","中正區","121.510","25.045","2042"
"399","384446","20220706005000","330","2","桃園市","蘆竹區","121.270","25.015","291"
"555","384447","20220706005000","460","2","桃園市","蘆竹區","121.260","25.025","457"
"1635","384448","20220706005000","1273","2","桃園市","蘆竹區","121.265","25.020","1241"
"275","384449","20220706005000","420","0","桃園市","蘆竹區","121.270","25.020","291"
"18","384454","20220706005000","20","0","桃園市","蘆竹區","121.255","25.000","16"
"23","384461","20220706005000","78","0","桃園市","蘆竹區","121.260","25.010","40"
"19","384463","20220706005000","128","0","桃園市","蘆竹區","121.250","25.015","41"
"593","384466","20220706005000","510","1","桃園市","蘆竹區","121.250","25.020","384"
"1818","384467","20220706005000","1419","2","桃園市","蘆竹區","121.255","25.020","1659"
"3134","384468","20220706005000","2438","2","桃園市","蘆竹區","121.260","25.020","2544"
"2915","384469","20220706005000","3441","0","桃園市","蘆竹區","121.295","25.055","2517"
"448","384473","20220706005000","354","2","桃園市","桃園區","121.305","25.030","305"
"91","384480","20220706005000","173","0","桃園市","龜山區","121.305","25.035","141"
"1051","384489","20220706005000","786","2","桃園市","蘆竹區","121.295","25.045","783"
"508","384497","20220706005000","1176","0","桃園市","龜山區","121.305","25.045","658"
"180","384499","20220706005000","287","0","桃園市","龜山區","121.315","25.045","134"
"22","384502","20220706005000","18","2","桃園市","龜山區","121.330","25.045","27"
"117","384507","20220706005000","142","0","桃園市","龜山區","121.320","25.050","158"
"224","384514","20220706005000","191","1","桃園市","龜山區","121.335","25.055","145"
"372","384517","20220706005000","531","0","桃園市","龜山區","121.340","25.035","264"
"288","384521","20220706005000","262","1","桃園市","龜山區","121.345","25.040","196"
"260","384522","20220706005000","197","2","桃園市","龜山區","121.350","25.040","233"
"21","384523","20220706005000","22","0","桃園市","龜山區","121.355","25.040","16"
"392","384525","20220706005000","592","0","桃園市","龜山區","121.350","25.045","257"
"511","384526","20220706005000","488","1","桃園市","龜山區","121.355","25.045","367"
"30","384527","20220706005000","47","0","桃園市","龜山區","121.345","25.050","18"
"553","384528","20220706005000","761","0","桃園市","龜山區","121.350","25.050","485"
"412","384532","20220706005000","256","3","桃園市","龜山區","121.350","25.055","253"
"1025","384533","20220706005000","1995","0","臺北市","信義區","121.570","25.035","880"
"2402","384534","20220706005000","3272","0","臺北市","信義區","121.575","25.035","2048"
"24","384549","20220706005000","37","0","臺北市","南港區","121.630","25.030","15"
"1207","384552","20220706005000","988","2","臺北市","南港區","121.620","25.035","1054"
"104","384554","20220706005000","88","1","新北市","汐止區","121.630","25.035","82"
"1332","384555","20220706005000","1109","2","臺北市","南港區","121.620","25.040","1028"
"3574","384556","20220706005000","5088","0","臺北市","信義區","121.575","25.040","2767"
"3793","384557","20220706005000","4673","0","臺北市","南港區","121.585","25.045","3049"
"112","384572","20220706005000","55","3","新北市","雙溪區","121.825","25.025","81"
"79","384613","20220706005000","80","0","新北市","雙溪區","121.860","25.035","71"
"820","384614","20220706005000","760","1","新北市","雙溪區","121.865","25.035","638"
"32","384624","20220706005000","29","1","新北市","雙溪區","121.830","25.000","34"
"27","384641","20220706005000","36","0","新北市","雙溪區","121.805","25.015","23"
"11","384650","20220706005000","10","1","新北市","雙溪區","121.810","25.020","11"
"124","384662","20220706005000","113","1","新北市","雙溪區","121.840","25.035","107"
"318","384679","20220706005000","264","2","新北市","雙溪區","121.865","25.040","243"
"33","384696","20220706005000","24","2","新北市","雙溪區","121.845","24.995","43"
"462","384710","20220706005000","364","2","桃園市","桃園區","121.275","25.020","341"
"403","384711","20220706005000","399","1","桃園市","桃園區","121.280","25.020","322"
"13","384715","20220706005000","322","0","臺北市","信義區","121.560","25.025","13"
"238","384716","20220706005000","590","0","臺北市","信義區","121.565","25.030","207"
"7611","384717","20220706005000","7978","0","臺北市","信義區","121.560","25.030","6260"
"2873","384718","20220706005000","3703","0","臺北市","中正區","121.520","25.025","2441"
"1262","384719","20220706005000","1304","0","桃園市","大園區","121.210","25.005","1230"
"970","384720","20220706005000","736","2","桃園市","大園區","121.210","25.010","647"
"1713","384721","20220706005000","1077","3","桃園市","大園區","121.210","25.015","1529"
"881","384722","20220706005000","608","2","桃園市","大園區","121.210","25.020","665"
"129","384723","20220706005000","159","0","桃園市","大園區","121.220","25.020","227"
"770","384726","20220706005000","677","1","桃園市","大園區","121.220","25.025","551"
"615","384729","20220706005000","542","1","桃園市","大園區","121.215","25.025","430"
"738","384731","20220706005000","680","1","桃園市","大園區","121.205","25.035","499"
"485","384739","20220706005000","424","1","桃園市","大園區","121.205","25.050","441"
"57","384743","20220706005000","68","0","桃園市","大園區","121.210","25.055","51"
"3228","384744","20220706005000","3873","0","臺北市","信義區","121.580","25.040","2659"
"919","384745","20220706005000","1157","0","臺北市","中正區","121.510","25.030","695"
"1860","384746","20220706005000","2020","0","臺北市","中正區","121.520","25.045","1513"
"2671","384747","20220706005000","3506","0","臺北市","中正區","121.505","25.030","2171"
"1672","384748","20220706005000","1288","2","臺北市","中正區","121.510","25.035","1262"
"92","384749","20220706005000","266","0","臺北市","中正區","121.515","25.035","78"
"1178","384750","20220706005000","1510","0","臺北市","中正區","121.510","25.040","1028"
"1981","384751","20220706005000","1778","1","桃園市","桃園區","121.305","25.015","1585"
"2163","384752","20220706005000","2224","0","桃園市","桃園區","121.300","25.020","1620"
"4046","384754","20220706005000","3471","1","桃園市","桃園區","121.295","25.020","3405"
"3744","384756","20220706005000","4166","0","桃園市","桃園區","121.315","25.015","3335"
"728","384757","20220706005000","2239","0","桃園市","桃園區","121.315","25.020","664"
"2181","384759","20220706005000","2248","0","桃園市","桃園區","121.305","25.005","1872"
"3859","384760","20220706005000","4341","0","臺北市","信義區","121.570","25.045","3180"
"720","384761","20220706005000","700","1","臺北市","信義區","121.575","25.015","672"
"668","384763","20220706005000","849","0","臺北市","信義區","121.575","25.020","84"
"624","384770","20220706005000","462","2","桃園市","大園區","121.225","25.015","571"
"724","384775","20220706005000","726","0","桃園市","大園區","121.230","25.020","603"
"40","384776","20220706005000","37","1","桃園市","大園區","121.235","25.020","48"
"482","384777","20220706005000","518","0","桃園市","大園區","121.240","25.020","340"
"164","384783","20220706005000","166","0","桃園市","大園區","121.230","25.025","132"
"77","384787","20220706005000","94","0","桃園市","大園區","121.220","25.035","134"
"613","384788","20220706005000","590","1","桃園市","大園區","121.225","25.035","429"
"453","384790","20220706005000","396","1","桃園市","大園區","121.165","25.050","339"
"741","384794","20220706005000","651","1","桃園市","大園區","121.160","25.055","559"
"266","384798","20220706005000","259","1","桃園市","大園區","121.175","25.055","294"
"503","384806","20220706005000","493","1","桃園市","大園區","121.175","25.030","369"
"330","384811","20220706005000","220","3","桃園市","大園區","121.180","25.035","237"
"239","384818","20220706005000","236","1","桃園市","大園區","121.215","25.035","202"
"442","384824","20220706005000","521","0","桃園市","大園區","121.215","25.045","378"
"174","384830","20220706005000","173","1","桃園市","大園區","121.215","25.055","120"
"656","384831","20220706005000","754","0","桃園市","大園區","121.220","25.055","499"
"3252","384843","20220706005000","4579","0","臺北市","松山區","121.550","25.045","2926"
"2136","384844","20220706005000","2768","0","臺北市","信義區","121.565","25.045","1772"
"78","384845","20220706005000","74","1","臺北市","南港區","121.595","25.035","71"
"2318","384846","20220706005000","2713","0","臺北市","大安區","121.535","25.020","1889"
"605","384847","20220706005000","559","1","臺北市","大安區","121.535","25.030","438"
"1451","384848","20220706005000","1088","2","臺北市","文山區","121.575","25.000","1137"
"42","384849","20220706005000","54","0","臺北市","文山區","121.590","25.000","34"
"128","384853","20220706005000","154","0","臺北市","文山區","121.585","25.005","126"
"549","384856","20220706005000","388","2","臺北市","文山區","121.570","25.010","452"
"101","384857","20220706005000","157","0","臺北市","文山區","121.575","25.010","91"
"46","384862","20220706005000","30","3","臺北市","文山區","121.590","25.010","46"
"585","384864","20220706005000","667","0","臺北市","大安區","121.540","25.010","745"
"4028","384865","20220706005000","3959","1","臺北市","文山區","121.540","25.005","3105"
"1536","384868","20220706005000","1584","0","臺北市","萬華區","121.490","25.035","1410"
"2553","384871","20220706005000","2754","0","臺北市","文山區","121.560","25.000","2050"
"1505","384874","20220706005000","1601","0","臺北市","萬華區","121.495","25.015","1329"
"50","384876","20220706005000","58","0","臺北市","信義區","121.565","25.015","85"
"2610","384878","20220706005000","3377","0","臺北市","大安區","121.550","25.035","3052"
"3194","384879","20220706005000","3422","0","臺北市","中正區","121.530","25.040","2719"
"9633","384880","20220706005000","8379","1","臺北市","大安區","121.550","25.030","6859"
"3906","384881","20220706005000","5145","0","臺北市","信義區","121.555","25.025","3184"
"1239","384882","20220706005000","982","2","臺北市","文山區","121.550","24.995","835"
"3292","384883","20220706005000","3400","0","臺北市","文山區","121.550","25.000","2292"
"4359","384884","20220706005000","4681","0","臺北市","萬華區","121.500","25.020","3638"
"4091","384885","20220706005000","4275","0","臺北市","大安區","121.530","25.020","3360"
"4246","384886","20220706005000","3880","1","臺北市","大安區","121.540","25.035","3433"
"543","384888","20220706005000","508","1","臺北市","文山區","121.565","25.000","406"
"274","384889","20220706005000","471","0","臺北市","文山區","121.565","25.005","350"
"954","384890","20220706005000","1171","0","臺北市","文山區","121.570","25.005","777"
"50","384893","20220706005000","47","1","臺北市","文山區","121.585","24.995","30"
"375","384895","20220706005000","345","1","臺北市","文山區","121.580","25.000","312"
"236","384897","20220706005000","355","0","新北市","深坑區","121.600","25.000","326"
"3846","384898","20220706005000","4822","0","臺北市","文山區","121.540","24.995","3181"
"195","384899","20220706005000","221","0","臺北市","文山區","121.570","24.995","150"
"1827","384900","20220706005000","1714","1","臺北市","文山區","121.570","25.000","1487"
"5150","384901","20220706005000","5458","0","臺北市","文山區","121.540","25.000","4190"
"1108","384903","20220706005000","1734","0","臺北市","萬華區","121.505","25.020","928"
"1561","384904","20220706005000","1586","0","臺北市","文山區","121.555","24.995","1345"
"1556","384905","20220706005000","1370","1","臺北市","文山區","121.560","24.995","1149"
"1696","384906","20220706005000","2354","0","臺北市","文山區","121.555","25.000","1412"
"2063","384907","20220706005000","2169","0","臺北市","文山區","121.550","25.005","1718"
"711","384908","20220706005000","623","1","臺北市","大安區","121.550","25.010","604"
"1468","384909","20220706005000","1776","0","臺北市","大安區","121.540","25.015","1204"
"688","384911","20220706005000","1820","0","臺北市","中正區","121.535","25.010","621"
"428","384913","20220706005000","1001","0","臺北市","大安區","121.545","25.010","353"
"2820","384914","20220706005000","3278","0","臺北市","大安區","121.535","25.015","2404"
"640","384916","20220706005000","1087","0","臺北市","大安區","121.545","25.015","483"
"4294","384917","20220706005000","4739","0","臺北市","大安區","121.550","25.040","3496"
"1050","384918","20220706005000","1054","0","臺北市","文山區","121.535","24.995","1072"
"2826","384919","20220706005000","2657","1","臺北市","松山區","121.545","25.045","2225"
"3448","384920","20220706005000","3569","0","臺北市","萬華區","121.500","25.040","2842"
"862","384922","20220706005000","907","0","臺北市","萬華區","121.490","25.030","761"
"5604","384923","20220706005000","5847","0","臺北市","萬華區","121.505","25.045","4596"
"2050","384924","20220706005000","2448","0","臺北市","南港區","121.585","25.050","1638"
"1024","384925","20220706005000","1627","0","臺北市","南港區","121.590","25.050","943"
"2128","384926","20220706005000","2118","1","臺北市","南港區","121.590","25.040","1819"
"466","384927","20220706005000","662","0","臺北市","南港區","121.590","25.045","472"
"1591","384929","20220706005000","1751","0","臺北市","南港區","121.595","25.040","1175"
"398","384931","20220706005000","735","0","臺北市","南港區","121.595","25.045","350"
"51","384932","20220706005000","65","0","臺北市","南港區","121.600","25.045","43"
"1444","384933","20220706005000","1176","2","臺北市","南港區","121.595","25.050","1068"
"3702","384935","20220706005000","4477","0","臺北市","萬華區","121.495","25.030","2968"
"2026","384936","20220706005000","1503","2","臺北市","萬華區","121.490","25.025","1737"
"75","384937","20220706005000","67","1","臺北市","文山區","121.555","25.010","50"
"126","384938","20220706005000","136","0","臺北市","信義區","121.565","25.010","93"
"2346","384940","20220706005000","3093","0","臺北市","大安區","121.560","25.015","1880"
"3553","384941","20220706005000","3024","1","臺北市","松山區","121.550","25.050","2806"
"144","384942","20220706005000","256","0","臺北市","大安區","121.540","25.020","193"
"60","384943","20220706005000","1982","0","臺北市","大安區","121.540","25.025","62"
"7126","384944","20220706005000","7168","0","臺北市","松山區","121.555","25.050","5944"
"2088","384945","20220706005000","1804","1","臺北市","萬華區","121.495","25.035","1701"
"418","384946","20220706005000","385","1","臺北市","萬華區","121.495","25.040","338"
"1200","384947","20220706005000","1180","1","臺北市","文山區","121.565","24.995","934"
"3792","384948","20220706005000","3367","1","臺北市","松山區","121.560","25.050","3081"
"3374","384949","20220706005000","4506","0","臺北市","松山區","121.565","25.050","2697"
"1929","384950","20220706005000","1501","2","臺北市","萬華區","121.490","25.020","1544"
"697","384951","20220706005000","534","2","臺北市","萬華區","121.500","25.030","576"
"3885","384952","20220706005000","4297","0","臺北市","萬華區","121.505","25.040","3220"
"3631","384955","20220706005000","4621","0","臺北市","大安區","121.535","25.040","3294"
"3594","384956","20220706005000","2728","2","臺北市","松山區","121.555","25.045","2981"
"2564","384957","20220706005000","2149","1","臺北市","松山區","121.575","25.050","1973"
"4875","384958","20220706005000","4852","1","臺北市","南港區","121.580","25.050","3918"
"228","384960","20220706005000","286","0","臺北市","信義區","121.580","25.030","201"
"2268","384961","20220706005000","3563","0","臺北市","信義區","121.580","25.035","1936"
"2634","384962","20220706005000","4654","0","臺北市","信義區","121.580","25.045","2134"
"1980","384963","20220706005000","3348","0","臺北市","萬華區","121.500","25.035","1826"
"3698","384964","20220706005000","4941","0","臺北市","松山區","121.545","25.050","3212"
"2335","384965","20220706005000","2022","1","臺北市","萬華區","121.495","25.020","1839"
"2350","384966","20220706005000","2535","0","臺北市","萬華區","121.500","25.025","1868"
"580","384968","20220706005000","466","2","臺北市","信義區","121.570","25.015","479"
"176","384969","20220706005000","1840","0","臺北市","信義區","121.570","25.020","167"
"1149","384970","20220706005000","2452","0","臺北市","信義區","121.560","25.040","947"
"3487","384971","20220706005000","4315","0","臺北市","大安區","121.535","25.035","2883"
"2083","384972","20220706005000","2136","0","臺北市","文山區","121.545","24.995","1800"
"1912","384973","20220706005000","1709","1","臺北市","大安區","121.555","25.015","1617"
"2144","384974","20220706005000","3491","0","臺北市","大安區","121.540","25.030","2543"
"219","384975","20220706005000","217","1","臺北市","文山區","121.545","25.005","212"
"767","384976","20220706005000","747","1","臺北市","文山區","121.535","25.000","537"
"614","384977","20220706005000","946","0","臺北市","文山區","121.535","25.005","451"
"3642","384978","20220706005000","4539","0","臺北市","萬華區","121.505","25.025","2959"
"1345","384983","20220706005000","1300","1","臺北市","南港區","121.610","25.050","1127"
"14","384984","20220706005000","93","0","臺北市","南港區","121.615","25.050","15"
"919","384986","20220706005000","795","1","臺北市","南港區","121.615","25.040","849"
"1070","384987","20220706005000","2357","0","臺北市","南港區","121.615","25.045","1725"
"23","384992","20220706005000","19","2","臺北市","南港區","121.595","25.015","22"
"44","384996","20220706005000","40","1","臺北市","南港區","121.600","25.020","42"
"53","384997","20220706005000","50","1","臺北市","南港區","121.605","25.020","66"
"65","385006","20220706005000","63","1","臺北市","南港區","121.620","25.025","48"
"1093","385010","20220706005000","709","3","臺北市","南港區","121.610","25.030","1032"
"25","385015","20220706005000","673","0","臺北市","南港區","121.615","25.035","21"
"4251","385016","20220706005000","3554","1","臺北市","大安區","121.535","25.025","3244"
"2422","385018","20220706005000","3284","0","臺北市","大安區","121.545","25.020","1953"
"2164","385019","20220706005000","2474","0","臺北市","信義區","121.565","25.040","1820"
"2921","385020","20220706005000","3263","0","臺北市","信義區","121.570","25.040","2364"
"1551","385021","20220706005000","3491","0","臺北市","信義區","121.560","25.035","1814"
"1346","385022","20220706005000","1420","0","臺北市","信義區","121.565","25.035","1146"
"378","385023","20220706005000","322","1","臺北市","文山區","121.555","25.005","320"
"2183","385025","20220706005000","2243","0","臺北市","文山區","121.545","25.000","1748"
"3736","385026","20220706005000","3882","0","臺北市","萬華區","121.505","25.035","3203"
"1610","385027","20220706005000","1502","1","臺北市","萬華區","121.495","25.025","1450"
"5076","385028","20220706005000","5796","0","臺北市","大安區","121.545","25.040","4114"
"1955","385029","20220706005000","2012","0","臺北市","信義區","121.560","25.020","1524"
"14","385031","20220706005000","11","2","臺北市","信義區","121.585","25.030","22"
"3831","385033","20220706005000","3880","0","臺北市","信義區","121.585","25.040","3124"
"4052","385034","20220706005000","3805","1","臺北市","大安區","121.530","25.030","3228"
"3414","385035","20220706005000","3442","0","臺北市","大安區","121.545","25.025","2686"
"83","387378","20220706005000","44","3","新北市","貢寮區","121.920","25.075","64"
"285","391023","20220706005000","270","1","桃園市","大園區","121.240","25.115","229"
"206","392790","20220706005000","199","1","新北市","林口區","121.360","25.135","209"
"748","392791","20220706005000","580","2","基隆市","中正區(海)","121.745","25.135","687"
"87","392792","20220706005000","81","1","新北市","瑞芳區","121.805","25.135","57"
"995","393254","20220706005000","858","1","基隆市","中正區(海)","121.750","25.140","728"
"3342","394037","20220706005000","3871","0","基隆市","七堵區","121.700","25.085","2755"
"97","394044","20220706005000","67","2","基隆市","七堵區","121.715","25.105","89"
"12","394049","20220706005000","12","1","基隆市","安樂區","121.710","25.120","12"
"720","394050","20220706005000","670","1","基隆市","中正區","121.760","25.140","645"
"935","394051","20220706005000","938","0","基隆市","中正區","121.755","25.135","713"
"1969","394053","20220706005000","1519","2","基隆市","安樂區","121.720","25.125","1516"
"971","394054","20220706005000","1162","0","基隆市","中山區","121.730","25.145","764"
"1552","394055","20220706005000","1854","0","新北市","三重區","121.475","25.065","1217"
"1931","394056","20220706005000","1478","2","新北市","三重區","121.490","25.070","1711"
"4787","394057","20220706005000","4311","1","新北市","汐止區","121.635","25.065","3613"
"2784","394058","20220706005000","2492","1","新北市","汐止區","121.660","25.065","2162"
"23","394059","20220706005000","21","1","新北市","汐止區","121.665","25.050","18"
"1207","394060","20220706005000","1090","1","新北市","汐止區","121.670","25.055","974"
"1013","394062","20220706005000","1544","0","新北市","汐止區","121.665","25.055","969"
"1240","394064","20220706005000","3201","0","新北市","汐止區","121.660","25.060","1089"
"999","394066","20220706005000","731","2","基隆市","七堵區","121.695","25.080","804"
"1089","394068","20220706005000","1122","0","基隆市","七堵區","121.720","25.100","867"
"1162","394069","20220706005000","1618","0","基隆市","中正區","121.750","25.135","1114"
"161","394070","20220706005000","223","0","基隆市","中正區","121.755","25.140","213"
"539","394072","20220706005000","535","1","基隆市","中正區","121.770","25.145","446"
"973","394074","20220706005000","1039","0","基隆市","暖暖區","121.730","25.095","845"
"359","394075","20220706005000","362","0","基隆市","暖暖區","121.735","25.105","282"
"416","394076","20220706005000","546","0","基隆市","暖暖區","121.735","25.110","384"
"612","394077","20220706005000","439","2","基隆市","暖暖區","121.740","25.100","445"
"708","394078","20220706005000","761","0","基隆市","中山區","121.735","25.135","560"
"287","394082","20220706005000","253","1","基隆市","安樂區","121.705","25.140","254"
"25","394085","20220706005000","17","2","基隆市","安樂區","121.700","25.145","28"
"2038","394090","20220706005000","1738","1","基隆市","安樂區","121.715","25.125","1537"
"2342","394091","20220706005000","2398","0","基隆市","仁愛區","121.740","25.125","1943"
"1221","394092","20220706005000","1084","1","臺北市","大同區","121.510","25.070","1044"
"4722","394093","20220706005000","3964","1","新北市","三重區","121.500","25.055","3599"
"5680","394094","20220706005000","5474","1","新北市","三重區","121.500","25.065","4342"
"446","394095","20220706005000","496","0","基隆市","中山區","121.740","25.135","319"
"3182","394096","20220706005000","3596","0","基隆市","信義區","121.755","25.130","2427"
"1039","394097","20220706005000","1196","0","基隆市","仁愛區","121.735","25.125","824"
"451","394098","20220706005000","454","0","基隆市","安樂區","121.725","25.140","356"
"200","394099","20220706005000","1168","0","基隆市","安樂區","121.730","25.130","370"
"3069","394102","20220706005000","3162","0","新北市","五股區","121.450","25.105","2425"
"1299","394106","20220706005000","1041","2","新北市","五股區","121.440","25.090","1004"
"1381","394108","20220706005000","1197","1","新北市","五股區","121.440","25.095","1108"
"240","394109","20220706005000","241","0","新北市","五股區","121.430","25.100","168"
"108","394115","20220706005000","357","0","新北市","五股區","121.445","25.075","133"
"1201","394118","20220706005000","1172","1","新北市","五股區","121.460","25.075","909"
"2052","394121","20220706005000","1419","2","新北市","五股區","121.455","25.080","1629"
"95","394125","20220706005000","147","0","新北市","五股區","121.430","25.085","107"
"1576","394126","20220706005000","1999","0","新北市","五股區","121.435","25.085","1124"
"36","394127","20220706005000","25","2","新北市","五股區","121.420","25.090","33"
"2317","394129","20220706005000","2806","0","新北市","五股區","121.430","25.070","1688"
"2206","394130","20220706005000","1968","1","新北市","五股區","121.435","25.070","1574"
"283","394135","20220706005000","328","0","新北市","五股區","121.425","25.070","262"
"34","394136","20220706005000","25","2","新北市","林口區","121.405","25.075","32"
"52","394138","20220706005000","26","3","新北市","五股區","121.405","25.080","52"
"542","394139","20220706005000","522","1","新北市","新莊區","121.450","25.060","379"
"889","394141","20220706005000","894","0","新北市","新莊區","121.455","25.060","759"
"233","394142","20220706005000","275","0","新北市","五股區","121.450","25.070","164"
"693","394144","20220706005000","459","3","新北市","五股區","121.455","25.070","499"
"1345","394146","20220706005000","1335","1","新北市","五股區","121.465","25.070","1100"
"625","394147","20220706005000","631","0","新北市","五股區","121.465","25.075","599"
"117","394149","20220706005000","119","0","新北市","五股區","121.435","25.105","102"
"128","394150","20220706005000","110","1","新北市","五股區","121.420","25.110","102"
"12","394155","20220706005000","13","0","新北市","五股區","121.420","25.115","12"
"53","394166","20220706005000","33","3","新北市","五股區","121.425","25.120","60"
"83","394170","20220706005000","94","0","新北市","五股區","121.420","25.125","58"
"1308","394174","20220706005000","1194","1","基隆市","信義區","121.765","25.125","927"
"1155","394175","20220706005000","911","2","基隆市","信義區","121.760","25.130","902"
"728","394176","20220706005000","661","1","基隆市","中正區","121.760","25.135","745"
"376","394178","20220706005000","350","1","基隆市","七堵區","121.700","25.070","344"
"594","394179","20220706005000","546","1","基隆市","七堵區","121.695","25.075","455"
"1182","394181","20220706005000","1237","0","基隆市","七堵區","121.715","25.095","893"
"776","394182","20220706005000","858","0","基隆市","七堵區","121.720","25.095","721"
"1025","394185","20220706005000","935","1","基隆市","中山區","121.720","25.140","781"
"2681","394186","20220706005000","2901","0","基隆市","中山區","121.725","25.145","2188"
"1354","394187","20220706005000","1165","1","新北市","五股區","121.435","25.090","1007"
"573","394188","20220706005000","641","0","新北市","五股區","121.440","25.080","457"
"777","394189","20220706005000","1296","0","新北市","五股區","121.440","25.085","624"
"64","394191","20220706005000","48","2","新北市","五股區","121.415","25.085","46"
"81","394193","20220706005000","93","0","新北市","五股區","121.415","25.090","84"
"77","394196","20220706005000","70","1","新北市","五股區","121.410","25.100","65"
"172","394202","20220706005000","187","0","新北市","五股區","121.405","25.110","119"
"33","394207","20220706005000","57","0","新北市","五股區","121.410","25.110","28"
"14","394208","20220706005000","16","0","新北市","八里區","121.400","25.115","13"
"224","394211","20220706005000","265","0","新北市","五股區","121.425","25.095","196"
"133","394214","20220706005000","624","0","新北市","泰山區","121.435","25.065","119"
"127","394216","20220706005000","126","1","新北市","五股區","121.415","25.075","126"
"130","394218","20220706005000","134","0","新北市","五股區","121.425","25.075","96"
"882","394220","20220706005000","809","1","新北市","五股區","121.435","25.075","703"
"50","394223","20220706005000","39","2","新北市","五股區","121.420","25.080","28"
"1176","394226","20220706005000","1110","1","新北市","五股區","121.435","25.080","850"
"1476","394227","20220706005000","1220","2","新北市","五股區","121.445","25.090","1205"
"1128","394229","20220706005000","954","1","新北市","五股區","121.445","25.095","853"
"38","394230","20220706005000","448","0","新北市","五股區","121.450","25.095","81"
"794","394234","20220706005000","1454","0","新北市","五股區","121.450","25.100","604"
"4827","394235","20220706005000","4995","0","新北市","三重區","121.495","25.070","3869"
"3558","394236","20220706005000","3399","1","新北市","三重區","121.500","25.070","2841"
"4781","394237","20220706005000","5130","0","新北市","三重區","121.490","25.065","3893"
"4223","394238","20220706005000","2535","3","基隆市","中正區","121.785","25.135","3477"
"3347","394242","20220706005000","3293","1","基隆市","安樂區","121.720","25.120","2713"
"1492","394243","20220706005000","2045","0","新北市","三重區","121.505","25.060","1114"
"4055","394244","20220706005000","4931","0","新北市","三重區","121.480","25.060","3044"
"2600","394247","20220706005000","2421","1","新北市","三重區","121.485","25.070","2171"
"1131","394248","20220706005000","704","3","基隆市","中正區","121.790","25.135","966"
"1291","394252","20220706005000","1162","1","基隆市","信義區","121.765","25.130","1075"
"77","394254","20220706005000","479","0","基隆市","信義區","121.770","25.135","136"
"1638","394258","20220706005000","1753","0","基隆市","信義區","121.770","25.130","1261"
"950","394259","20220706005000","1112","0","基隆市","信義區","121.775","25.130","775"
"54","394262","20220706005000","69","0","基隆市","信義區","121.790","25.115","101"
"64","394265","20220706005000","53","2","基隆市","信義區","121.790","25.120","103"
"579","394266","20220706005000","513","1","基隆市","信義區","121.785","25.125","492"
"2136","394270","20220706005000","2402","0","基隆市","信義區","121.775","25.135","1615"
"652","394272","20220706005000","715","0","基隆市","安樂區","121.725","25.135","593"
"1696","394273","20220706005000","1804","0","基隆市","安樂區","121.715","25.140","1298"
"2126","394275","20220706005000","2475","0","基隆市","中山區","121.735","25.130","1686"
"357","394276","20220706005000","1008","0","基隆市","安樂區","121.725","25.125","294"
"1579","394277","20220706005000","1557","1","基隆市","安樂區","121.725","25.130","1271"
"218","394278","20220706005000","322","0","基隆市","中山區","121.720","25.145","240"
"1574","394280","20220706005000","1574","1","基隆市","仁愛區","121.740","25.130","1227"
"1025","394281","20220706005000","955","1","基隆市","安樂區","121.730","25.135","823"
"3273","394282","20220706005000","3096","1","新北市","三重區","121.490","25.075","2553"
"4795","394283","20220706005000","5365","0","新北市","三重區","121.490","25.060","3904"
"2416","394284","20220706005000","3105","0","新北市","三重區","121.495","25.060","1935"
"632","394285","20220706005000","615","1","基隆市","中山區","121.740","25.145","534"
"1709","394288","20220706005000","2014","0","基隆市","安樂區","121.710","25.140","1491"
"1380","394290","20220706005000","1285","1","基隆市","安樂區","121.710","25.150","1107"
"931","394291","20220706005000","625","2","基隆市","中山區","121.715","25.145","674"
"84","394292","20220706005000","421","0","新北市","三重區","121.485","25.065","99"
"773","394293","20220706005000","1067","0","臺北市","大同區","121.510","25.075","613"
"4466","394294","20220706005000","4558","0","新北市","三重區","121.500","25.060","3736"
"1759","394295","20220706005000","1283","2","新北市","三重區","121.475","25.055","1433"
"206","394297","20220706005000","210","0","新北市","五股區","121.460","25.070","158"
"469","394298","20220706005000","346","2","新北市","三重區","121.470","25.060","596"
"766","394299","20220706005000","896","0","新北市","三重區","121.470","25.065","508"
"835","394301","20220706005000","757","1","新北市","三重區","121.505","25.075","652"
"2416","394302","20220706005000","2804","0","新北市","三重區","121.485","25.080","1925"
"261","394303","20220706005000","336","0","基隆市","中山區","121.740","25.140","213"
"1103","394304","20220706005000","1011","1","新北市","三重區","121.470","25.070","786"
"240","394305","20220706005000","322","0","基隆市","信義區","121.780","25.135","229"
"815","394306","20220706005000","1623","0","基隆市","信義區","121.780","25.130","621"
"1137","394307","20220706005000","1119","1","基隆市","信義區","121.780","25.140","1049"
"521","394308","20220706005000","733","0","基隆市","中正區","121.785","25.140","447"
"263","394312","20220706005000","176","2","基隆市","信義區","121.775","25.125","236"
"1009","394313","20220706005000","1178","0","基隆市","信義區","121.780","25.125","932"
"109","394317","20220706005000","110","0","新北市","瑞芳區","121.760","25.110","96"
"38","394320","20220706005000","40","0","基隆市","信義區","121.765","25.115","22"
"374","394321","20220706005000","347","1","基隆市","信義區","121.765","25.120","310"
"1076","394324","20220706005000","1118","0","基隆市","信義區","121.760","25.125","1043"
"1841","394325","20220706005000","1987","0","新北市","三重區","121.490","25.085","1404"
"738","394326","20220706005000","655","1","新北市","三重區","121.490","25.090","663"
"262","394327","20220706005000","87","3","新北市","三重區","121.495","25.090","220"
"1667","394329","20220706005000","1445","1","新北市","三重區","121.475","25.070","1217"
"2912","394330","20220706005000","3284","0","新北市","三重區","121.480","25.070","2161"
"2241","394332","20220706005000","1410","3","新北市","泰山區","121.430","25.065","1547"
"968","394333","20220706005000","985","0","新北市","泰山區","121.440","25.060","774"
"456","394335","20220706005000","423","1","基隆市","中山區","121.735","25.140","363"
"69","394336","20220706005000","1113","0","基隆市","中山區","121.730","25.140","99"
"138","394337","20220706005000","527","0","基隆市","暖暖區","121.735","25.100","213"
"26","394358","20220706005000","45","0","基隆市","暖暖區","121.755","25.075","24"
"56","394364","20220706005000","42","2","基隆市","暖暖區","121.745","25.085","52"
"774","394398","20220706005000","663","1","基隆市","暖暖區","121.740","25.090","611"
"16","394401","20220706005000","226","0","基隆市","暖暖區","121.735","25.095","37"
"12","394402","20220706005000","654","0","基隆市","暖暖區","121.740","25.095","31"
"4262","394404","20220706005000","4234","1","基隆市","暖暖區","121.755","25.095","3306"
"60","394405","20220706005000","821","0","基隆市","暖暖區","121.750","25.090","98"
"472","394407","20220706005000","408","1","基隆市","暖暖區","121.750","25.095","518"
"1733","394413","20220706005000","1575","1","基隆市","暖暖區","121.740","25.105","1429"
"253","394418","20220706005000","262","0","基隆市","暖暖區","121.730","25.100","257"
"1169","394422","20220706005000","1122","1","基隆市","安樂區","121.705","25.145","935"
"1890","394423","20220706005000","1379","2","基隆市","安樂區","121.710","25.145","1619"
"2957","394426","20220706005000","3497","0","新北市","三重區","121.490","25.080","2523"
"1736","394427","20220706005000","2013","0","新北市","三重區","121.485","25.075","1612"
"4820","394428","20220706005000","4284","1","新北市","三重區","121.480","25.075","3656"
"25","394429","20220706005000","220","0","基隆市","中山區","121.735","25.145","141"
"5419","394430","20220706005000","5652","0","新北市","三重區","121.495","25.065","4400"
"2638","394435","20220706005000","2747","0","基隆市","仁愛區","121.745","25.125","2249"
"839","394436","20220706005000","894","0","基隆市","仁愛區","121.745","25.120","635"
"2714","394438","20220706005000","3163","0","新北市","三重區","121.485","25.060","2061"
"1781","394441","20220706005000","1511","1","基隆市","暖暖區","121.750","25.100","1217"
"897","394442","20220706005000","861","1","基隆市","安樂區","121.730","25.115","583"
"3059","394444","20220706005000","2719","1","基隆市","安樂區","121.725","25.120","2669"
"709","394447","20220706005000","1118","0","新北市","三重區","121.495","25.075","596"
"2707","394450","20220706005000","2768","0","新北市","三重區","121.495","25.085","2117"
"4892","394451","20220706005000","4675","1","新北市","三重區","121.480","25.065","3663"
"313","394458","20220706005000","302","1","基隆市","暖暖區","121.730","25.110","217"
"720","394461","20220706005000","464","3","基隆市","七堵區","121.700","25.075","531"
"171","394464","20220706005000","196","0","基隆市","七堵區","121.705","25.085","142"
"915","394466","20220706005000","944","0","基隆市","七堵區","121.705","25.090","761"
"228","394467","20220706005000","202","1","基隆市","七堵區","121.700","25.095","184"
"723","394470","20220706005000","826","0","基隆市","七堵區","121.665","25.090","642"
"34","394480","20220706005000","20","3","基隆市","七堵區","121.670","25.100","21"
"553","394492","20220706005000","408","2","基隆市","七堵區","121.670","25.105","458"
"51","394500","20220706005000","48","1","基隆市","七堵區","121.660","25.115","45"
"69","394518","20220706005000","73","0","基隆市","七堵區","121.660","25.130","71"
"78","394538","20220706005000","340","0","基隆市","七堵區","121.695","25.085","123"
"1284","394546","20220706005000","1333","0","基隆市","七堵區","121.685","25.075","977"
"586","394547","20220706005000","408","2","基隆市","七堵區","121.690","25.075","442"
"1150","394550","20220706005000","906","2","基隆市","七堵區","121.690","25.085","863"
"3147","394551","20220706005000","3449","0","基隆市","中正區","121.745","25.130","2342"
"119","394552","20220706005000","441","0","基隆市","仁愛區","121.740","25.120","200"
"1874","394553","20220706005000","1564","1","基隆市","信義區","121.750","25.130","1434"
"236","394554","20220706005000","626","0","基隆市","仁愛區","121.750","25.125","223"
"549","394555","20220706005000","796","0","基隆市","中正區","121.765","25.140","424"
"261","394556","20220706005000","212","2","基隆市","中正區","121.795","25.125","206"
"250","394559","20220706005000","162","3","基隆市","中正區","121.795","25.130","199"
"1467","394564","20220706005000","1600","0","基隆市","中正區","121.790","25.140","1283"
"1223","394565","20220706005000","1172","1","基隆市","中正區","121.795","25.140","1043"
"1652","394567","20220706005000","1522","1","基隆市","中正區","121.760","25.145","1466"
"1128","394570","20220706005000","998","1","基隆市","安樂區","121.715","25.120","1000"
"1317","394576","20220706005000","1463","0","基隆市","安樂區","121.715","25.130","1082"
"28","394582","20220706005000","36","0","基隆市","仁愛區","121.740","25.110","31"
"104","394583","20220706005000","75","2","基隆市","仁愛區","121.745","25.110","86"
"499","394586","20220706005000","514","0","基隆市","仁愛區","121.745","25.115","383"
"96","394587","20220706005000","101","0","基隆市","仁愛區","121.750","25.115","75"
"322","394590","20220706005000","199","3","基隆市","七堵區","121.710","25.100","356"
"3038","394592","20220706005000","2555","1","基隆市","七堵區","121.715","25.100","2361"
"111","394607","20220706005000","73","3","基隆市","七堵區","121.710","25.085","150"
"1768","394611","20220706005000","2019","0","基隆市","七堵區","121.710","25.090","1376"
"222","394613","20220706005000","241","0","基隆市","七堵區","121.720","25.090","188"
"30","394617","20220706005000","25","2","基隆市","七堵區","121.680","25.100","23"
"62","394625","20220706005000","74","0","基隆市","七堵區","121.695","25.105","72"
"46","394632","20220706005000","40","1","基隆市","七堵區","121.690","25.115","42"
"50","394634","20220706005000","56","0","基隆市","七堵區","121.700","25.115","57"
"15","394645","20220706005000","11","2","基隆市","安樂區","121.700","25.130","18"
"35","394660","20220706005000","85","0","基隆市","七堵區","121.680","25.120","42"
"37","394663","20220706005000","21","3","基隆市","七堵區","121.680","25.125","31"
"217","394685","20220706005000","228","0","新北市","蘆洲區","121.485","25.090","170"
"754","394686","20220706005000","762","0","新北市","汐止區","121.630","25.060","596"
"2326","394687","20220706005000","1327","3","新北市","汐止區","121.620","25.065","1565"
"2407","394688","20220706005000","2230","1","新北市","汐止區","121.625","25.065","1575"
"13","394694","20220706005000","17","0","新北市","八里區","121.415","25.145","24"
"872","394705","20220706005000","1109","0","新北市","八里區","121.450","25.140","573"
"46","394716","20220706005000","37","2","新北市","八里區","121.415","25.130","32"
"128","394724","20220706005000","124","1","新北市","八里區","121.410","25.145","98"
"19","394725","20220706005000","258","0","新北市","八里區","121.405","25.150","49"
"441","394726","20220706005000","506","0","新北市","八里區","121.410","25.150","321"
"78","394731","20220706005000","91","0","新北市","八里區","121.405","25.125","64"
"1594","394740","20220706005000","1612","0","新北市","蘆洲區","121.465","25.090","1262"
"3281","394741","20220706005000","3231","1","新北市","蘆洲區","121.460","25.085","2795"
"1788","394742","20220706005000","2181","0","新北市","蘆洲區","121.465","25.085","1495"
"2324","394743","20220706005000","2163","1","新北市","蘆洲區","121.460","25.090","1718"
"743","394744","20220706005000","1536","0","新北市","蘆洲區","121.460","25.095","655"
"320","394745","20220706005000","664","0","新北市","蘆洲區","121.475","25.075","373"
"1233","394746","20220706005000","1309","0","新北市","蘆洲區","121.475","25.090","1140"
"1940","394747","20220706005000","1716","1","新北市","蘆洲區","121.470","25.095","1500"
"40","394748","20220706005000","310","0","新北市","蘆洲區","121.475","25.095","65"
"447","394749","20220706005000","376","1","新北市","蘆洲區","121.470","25.100","410"
"697","394750","20220706005000","1771","0","新北市","新莊區","121.460","25.060","723"
"2052","394751","20220706005000","2402","0","新北市","新莊區","121.465","25.060","1778"
"1301","394752","20220706005000","1214","1","新北市","五股區","121.465","25.065","1021"
"369","394787","20220706005000","504","0","新北市","瑞芳區","121.770","25.100","343"
"15","394788","20220706005000","22","0","新北市","瑞芳區","121.775","25.100","16"
"102","394798","20220706005000","54","3","新北市","瑞芳區","121.825","25.085","53"
"484","394810","20220706005000","464","1","新北市","瑞芳區","121.820","25.120","438"
"1492","394819","20220706005000","1327","1","新北市","五股區","121.430","25.090","1125"
"2512","394821","20220706005000","2002","2","新北市","八里區","121.395","25.145","1901"
"30","394822","20220706005000","22","2","新北市","八里區","121.390","25.150","29"
"2088","394824","20220706005000","1569","2","新北市","八里區","121.400","25.150","1575"
"47","394829","20220706005000","46","1","新北市","八里區","121.400","25.100","32"
"75","394833","20220706005000","91","0","新北市","八里區","121.390","25.110","81"
"231","394843","20220706005000","351","0","新北市","林口區","121.375","25.120","195"
"470","394854","20220706005000","474","0","新北市","八里區","121.385","25.130","382"
"1722","394858","20220706005000","1586","1","新北市","瑞芳區","121.805","25.105","1412"
"14","394863","20220706005000","39","0","新北市","瑞芳區","121.795","25.085","12"
"87","394867","20220706005000","93","0","新北市","瑞芳區","121.795","25.090","61"
"712","394873","20220706005000","401","3","新北市","瑞芳區","121.785","25.095","535"
"70","394878","20220706005000","69","1","新北市","瑞芳區","121.790","25.100","58"
"540","394885","20220706005000","460","1","新北市","瑞芳區","121.790","25.110","410"
"90","394894","20220706005000","62","2","新北市","瑞芳區","121.825","25.090","53"
"343","394924","20220706005000","223","3","新北市","瑞芳區","121.760","25.100","252"
"18","394926","20220706005000","24","0","新北市","瑞芳區","121.760","25.105","16"
"25","394932","20220706005000","30","0","新北市","瑞芳區","121.775","25.110","23"
"28","394934","20220706005000","29","0","新北市","瑞芳區","121.770","25.115","66"
"413","394937","20220706005000","404","1","新北市","瑞芳區","121.845","25.110","292"
"68","394943","20220706005000","92","0","新北市","瑞芳區","121.830","25.095","89"
"319","394949","20220706005000","312","1","新北市","瑞芳區","121.840","25.095","317"
"253","394954","20220706005000","252","1","新北市","瑞芳區","121.850","25.105","217"
"256","394965","20220706005000","264","0","新北市","瑞芳區","121.815","25.105","223"
"96","394966","20220706005000","116","0","新北市","五股區","121.455","25.115","70"
"703","394972","20220706005000","540","2","新北市","八里區","121.450","25.125","598"
"1111","394973","20220706005000","1048","1","新北市","八里區","121.455","25.125","906"
"803","394979","20220706005000","897","0","新北市","八里區","121.450","25.130","624"
"575","394985","20220706005000","491","1","新北市","八里區","121.450","25.135","446"
"2629","394986","20220706005000","2381","1","新北市","汐止區","121.640","25.065","2289"
"329","394991","20220706005000","311","1","桃園市","觀音區","121.120","25.060","239"
"425","394992","20220706005000","396","1","桃園市","觀音區","121.125","25.060","268"
"16","394993","20220706005000","119","0","桃園市","觀音區","121.130","25.060","35"
"364","394996","20220706005000","324","1","桃園市","觀音區","121.110","25.065","311"
"542","395000","20220706005000","503","1","桃園市","觀音區","121.130","25.065","397"
"179","395008","20220706005000","191","0","桃園市","觀音區","121.135","25.060","126"
"1106","395014","20220706005000","1206","0","桃園市","蘆竹區","121.285","25.070","941"
"168","395019","20220706005000","438","0","桃園市","蘆竹區","121.285","25.075","175"
"388","395023","20220706005000","386","1","桃園市","蘆竹區","121.285","25.080","311"
"579","395029","20220706005000","681","0","桃園市","蘆竹區","121.255","25.110","471"
"149","395030","20220706005000","207","0","桃園市","蘆竹區","121.260","25.110","129"
"216","395031","20220706005000","295","0","桃園市","蘆竹區","121.265","25.110","165"
"374","395032","20220706005000","292","2","桃園市","蘆竹區","121.270","25.110","330"
"194","395038","20220706005000","196","0","桃園市","蘆竹區","121.255","25.115","153"
"1686","395042","20220706005000","1875","0","桃園市","蘆竹區","121.295","25.060","1509"
"1356","395043","20220706005000","1188","1","桃園市","蘆竹區","121.300","25.060","1032"
"16","395046","20220706005000","14","1","桃園市","蘆竹區","121.315","25.060","10"
"249","395057","20220706005000","232","1","新北市","瑞芳區","121.860","25.125","202"
"236","395083","20220706005000","237","0","新北市","雙溪區","121.875","25.090","105"
"20","395098","20220706005000","23","0","新北市","貢寮區","121.915","25.095","20"
"88","395109","20220706005000","90","0","新北市","貢寮區","121.920","25.105","55"
"368","395119","20220706005000","345","1","新北市","貢寮區","121.925","25.055","276"
"236","395121","20220706005000","247","0","新北市","貢寮區","121.925","25.060","238"
"60","395125","20220706005000","48","2","新北市","貢寮區","121.925","25.065","46"
"128","395129","20220706005000","382","0","新北市","新莊區","121.455","25.065","119"
"1069","395130","20220706005000","951","1","新北市","五股區","121.445","25.065","1015"
"432","395131","20220706005000","557","0","新北市","泰山區","121.435","25.060","309"
"206","395132","20220706005000","354","0","新北市","汐止區","121.645","25.060","277"
"3132","395133","20220706005000","2814","1","新北市","汐止區","121.665","25.065","2332"
"220","395134","20220706005000","216","1","桃園市","蘆竹區","121.270","25.060","181"
"440","395135","20220706005000","636","0","桃園市","蘆竹區","121.275","25.060","351"
"838","395137","20220706005000","657","2","桃園市","蘆竹區","121.265","25.065","680"
"852","395141","20220706005000","816","1","桃園市","蘆竹區","121.270","25.070","635"
"3230","395143","20220706005000","4056","0","新北市","蘆洲區","121.470","25.090","2785"
"34","395145","20220706005000","34","1","新北市","瑞芳區","121.835","25.110","30"
"15","395147","20220706005000","14","1","新北市","瑞芳區","121.830","25.115","14"
"262","395149","20220706005000","153","3","新北市","瑞芳區","121.840","25.115","206"
"198","395156","20220706005000","157","2","新北市","瑞芳區","121.830","25.125","169"
"142","395163","20220706005000","430","0","新北市","瑞芳區","121.815","25.130","129"
"1689","395173","20220706005000","1620","1","新北市","瑞芳區","121.810","25.105","1304"
"2311","395174","20220706005000","2247","1","新北市","泰山區","121.445","25.060","1720"
"958","395175","20220706005000","661","2","新北市","五股區","121.450","25.065","757"
"1542","395176","20220706005000","1559","0","新北市","新莊區","121.460","25.065","1193"
"49","395186","20220706005000","41","1","新北市","萬里區","121.605","25.145","40"
"2808","395203","20220706005000","2525","1","新北市","蘆洲區","121.470","25.085","2115"
"90","395204","20220706005000","210","0","新北市","蘆洲區","121.465","25.095","129"
"20","395205","20220706005000","17","1","新北市","蘆洲區","121.465","25.100","24"
"2769","395206","20220706005000","2358","1","新北市","汐止區","121.630","25.065","2159"
"2746","395207","20220706005000","2283","2","新北市","汐止區","121.630","25.070","2076"
"1819","395208","20220706005000","1910","0","新北市","汐止區","121.645","25.065","1514"
"37","395223","20220706005000","27","2","新北市","瑞芳區","121.820","25.060","26"
"10","395228","20220706005000","10","1","新北市","瑞芳區","121.820","25.065","10"
"80","395239","20220706005000","43","3","新北市","瑞芳區","121.840","25.105","77"
"185","395245","20220706005000","157","1","新北市","瑞芳區","121.855","25.105","156"
"105","395253","20220706005000","82","2","新北市","瑞芳區","121.915","25.120","103"
"228","395254","20220706005000","258","0","新北市","瑞芳區","121.915","25.125","203"
"286","395256","20220706005000","198","2","新北市","瑞芳區","121.795","25.110","260"
"65","395269","20220706005000","57","1","新北市","泰山區","121.385","25.065","56"
"497","395270","20220706005000","282","3","桃園市","龜山區","121.390","25.060","347"
"183","395273","20220706005000","118","3","新北市","泰山區","121.390","25.065","179"
"1763","395280","20220706005000","1710","1","新北市","淡水區","121.465","25.135","1387"
"22","395284","20220706005000","13","3","新北市","雙溪區","121.855","25.050","22"
"292","395287","20220706005000","244","1","新北市","雙溪區","121.850","25.055","244"
"3495","395319","20220706005000","4187","0","新北市","三重區","121.495","25.080","2700"
"1998","395320","20220706005000","2371","0","新北市","三重區","121.475","25.060","1487"
"474","395322","20220706005000","778","0","新北市","五股區","121.455","25.105","351"
"44","395323","20220706005000","50","0","新北市","五股區","121.450","25.110","44"
"43","395324","20220706005000","80","0","新北市","五股區","121.455","25.110","32"
"195","395329","20220706005000","779","0","新北市","五股區","121.445","25.105","126"
"31","395331","20220706005000","69","0","新北市","五股區","121.445","25.110","30"
"26","395344","20220706005000","112","0","新北市","八里區","121.375","25.140","22"
"300","395346","20220706005000","372","0","新北市","八里區","121.385","25.140","241"
"111","395349","20220706005000","81","2","新北市","瑞芳區","121.800","25.100","83"
"720","395350","20220706005000","740","0","新北市","瑞芳區","121.800","25.105","559"
"498","395351","20220706005000","495","1","新北市","瑞芳區","121.820","25.105","381"
"564","395356","20220706005000","726","0","新北市","汐止區","121.670","25.065","378"
"1164","395357","20220706005000","1434","0","新北市","汐止區","121.670","25.070","942"
"769","395361","20220706005000","732","1","桃園市","蘆竹區","121.285","25.060","651"
"1325","395362","20220706005000","722","3","桃園市","蘆竹區","121.290","25.060","918"
"42","395363","20220706005000","60","0","桃園市","蘆竹區","121.320","25.060","30"
"289","395367","20220706005000","222","2","桃園市","觀音區","121.140","25.065","253"
"782","395388","20220706005000","560","2","桃園市","蘆竹區","121.265","25.085","566"
"98","395395","20220706005000","142","0","桃園市","蘆竹區","121.265","25.095","78"
"325","395397","20220706005000","172","3","桃園市","蘆竹區","121.275","25.095","270"
"824","395400","20220706005000","572","2","桃園市","蘆竹區","121.260","25.100","681"
"20","395417","20220706005000","22","0","桃園市","蘆竹區","121.330","25.065","17"
"187","395420","20220706005000","108","3","桃園市","蘆竹區","121.325","25.065","133"
"79","395423","20220706005000","46","3","桃園市","蘆竹區","121.340","25.070","57"
"196","395424","20220706005000","172","1","桃園市","蘆竹區","121.345","25.065","144"
"12","395433","20220706005000","140","0","桃園市","蘆竹區","121.315","25.075","21"
"13","395434","20220706005000","48","0","桃園市","蘆竹區","121.320","25.075","16"
"43","395436","20220706005000","35","2","桃園市","蘆竹區","121.330","25.075","43"
"153","395447","20220706005000","218","0","桃園市","蘆竹區","121.300","25.080","116"
"253","395448","20220706005000","214","1","桃園市","蘆竹區","121.305","25.080","182"
"64","395464","20220706005000","54","1","桃園市","蘆竹區","121.325","25.090","47"
"1229","395471","20220706005000","1047","1","桃園市","蘆竹區","121.280","25.085","999"
"940","395473","20220706005000","719","2","桃園市","蘆竹區","121.290","25.085","680"
"12","395480","20220706005000","14","0","桃園市","蘆竹區","121.295","25.095","14"
"2950","395483","20220706005000","3207","0","新北市","蘆洲區","121.470","25.080","2352"
"4912","395484","20220706005000","5003","0","新北市","蘆洲區","121.465","25.080","3836"
"5722","395485","20220706005000","6590","0","新北市","三重區","121.485","25.085","4287"
"2813","395486","20220706005000","2962","0","新北市","蘆洲區","121.455","25.090","2276"
"1929","395487","20220706005000","2390","0","新北市","蘆洲區","121.475","25.080","1574"
"1382","395488","20220706005000","1402","0","新北市","汐止區","121.665","25.075","1147"
"792","395489","20220706005000","860","0","新北市","汐止區","121.650","25.060","613"
"3995","395490","20220706005000","3007","2","新北市","汐止區","121.655","25.060","2942"
"22","395491","20220706005000","21","1","新北市","汐止區","121.625","25.070","27"
"422","395492","20220706005000","409","1","新北市","汐止區","121.625","25.075","386"
"1727","395493","20220706005000","1629","1","新北市","汐止區","121.630","25.080","1435"
"410","395495","20220706005000","445","0","新北市","汐止區","121.650","25.080","342"
"1364","395499","20220706005000","1342","1","新北市","汐止區","121.645","25.090","1149"
"24","395501","20220706005000","45","0","新北市","汐止區","121.655","25.090","53"
"221","395508","20220706005000","406","0","新北市","汐止區","121.650","25.055","291"
"2480","395509","20220706005000","2881","0","新北市","汐止區","121.655","25.055","1872"
"760","395512","20220706005000","1133","0","新北市","汐止區","121.655","25.065","743"
"28","395526","20220706005000","33","0","新北市","汐止區","121.715","25.055","31"
"180","395530","20220706005000","142","2","新北市","汐止區","121.700","25.060","161"
"1020","395539","20220706005000","1103","0","新北市","汐止區","121.635","25.055","775"
"2288","395541","20220706005000","2196","1","新北市","汐止區","121.635","25.060","1821"
"2240","395542","20220706005000","1868","1","新北市","汐止區","121.640","25.060","1833"
"2960","395544","20220706005000","2422","2","新北市","林口區","121.375","25.070","1960"
"1369","395546","20220706005000","953","2","新北市","林口區","121.400","25.075","1015"
"360","395548","20220706005000","431","0","新北市","林口區","121.400","25.080","352"
"118","395549","20220706005000","134","0","新北市","林口區","121.400","25.085","90"
"251","395550","20220706005000","235","1","新北市","林口區","121.405","25.085","213"
"21","395553","20220706005000","16","2","新北市","林口區","121.405","25.095","25"
"73","395555","20220706005000","205","0","新北市","林口區","121.405","25.100","62"
"83","395557","20220706005000","246","0","新北市","林口區","121.400","25.065","62"
"2632","395558","20220706005000","2030","2","新北市","林口區","121.390","25.075","2008"
"1042","395559","20220706005000","1260","0","新北市","林口區","121.395","25.075","824"
"14","395560","20220706005000","30","0","新北市","林口區","121.385","25.090","30"
"977","395561","20220706005000","797","2","新北市","林口區","121.390","25.090","721"
"629","395565","20220706005000","669","0","新北市","林口區","121.385","25.100","506"
"92","395570","20220706005000","82","1","新北市","林口區","121.385","25.110","83"
"5401","395571","20220706005000","3802","2","新北市","林口區","121.375","25.075","4685"
"1226","395572","20220706005000","1211","1","新北市","林口區","121.380","25.075","872"
"1872","395574","20220706005000","1897","0","新北市","林口區","121.370","25.080","1427"
"1540","395575","20220706005000","1300","1","新北市","林口區","121.375","25.080","1536"
"1518","395576","20220706005000","936","3","新北市","林口區","121.380","25.080","1463"
"930","395579","20220706005000","665","2","新北市","林口區","121.370","25.085","755"
"2397","395580","20220706005000","2528","0","新北市","林口區","121.375","25.085","1852"
"38","395587","20220706005000","44","0","新北市","林口區","121.365","25.110","41"
"446","395604","20220706005000","411","1","新北市","林口區","121.385","25.085","338"
"716","395606","20220706005000","851","0","新北市","汐止區","121.655","25.070","651"
"2236","395607","20220706005000","2155","1","新北市","汐止區","121.660","25.070","1617"
"26","395616","20220706005000","30","0","桃園市","大園區","121.260","25.065","35"
"545","395617","20220706005000","602","0","新北市","汐止區","121.635","25.070","474"
"2885","395618","20220706005000","2146","2","新北市","汐止區","121.640","25.070","2312"
"564","395619","20220706005000","808","0","新北市","汐止區","121.640","25.075","405"
"2728","395622","20220706005000","2181","2","新北市","汐止區","121.640","25.080","1919"
"349","395623","20220706005000","482","0","新北市","汐止區","121.635","25.085","387"
"494","395625","20220706005000","690","0","新北市","汐止區","121.635","25.075","624"
"224","395628","20220706005000","225","0","新北市","汐止區","121.640","25.100","181"
"112","395641","20220706005000","81","2","新北市","汐止區","121.620","25.115","95"
"52","395643","20220706005000","53","0","新北市","汐止區","121.630","25.115","58"
"33","395653","20220706005000","37","0","新北市","汐止區","121.605","25.125","41"
"601","395667","20220706005000","436","2","新北市","汐止區","121.615","25.135","584"
"1809","395672","20220706005000","1699","1","新北市","淡水區","121.460","25.130","1643"
"2799","395673","20220706005000","3912","0","新北市","淡水區","121.460","25.135","2365"
"2146","395675","20220706005000","2930","0","新北市","淡水區","121.460","25.140","1816"
"1107","395676","20220706005000","923","1","新北市","淡水區","121.465","25.140","924"
"1042","395691","20220706005000","1147","0","新北市","汐止區","121.675","25.065","807"
"1342","395692","20220706005000","1674","0","新北市","汐止區","121.665","25.080","1071"
"362","395698","20220706005000","597","0","新北市","汐止區","121.670","25.075","357"
"614","395699","20220706005000","901","0","新北市","汐止區","121.675","25.075","465"
"338","395701","20220706005000","328","1","新北市","汐止區","121.610","25.105","301"
"145","395703","20220706005000","172","0","新北市","汐止區","121.605","25.110","128"
"1509","395715","20220706005000","2048","0","新北市","泰山區","121.430","25.060","1187"
"54","395716","20220706005000","865","0","新北市","泰山區","121.425","25.060","84"
"718","395717","20220706005000","1677","0","新北市","泰山區","121.425","25.065","1011"
"3127","395718","20220706005000","3265","0","新北市","蘆洲區","121.480","25.090","2281"
"397","395719","20220706005000","525","0","新北市","蘆洲區","121.480","25.095","342"
"40","395724","20220706005000","29","2","桃園市","蘆竹區","121.300","25.100","52"
"202","395727","20220706005000","216","0","新北市","林口區","121.290","25.105","165"
"221","395732","20220706005000","228","0","新北市","林口區","121.315","25.105","211"
"23","395735","20220706005000","48","0","新北市","林口區","121.295","25.110","24"
"75","395748","20220706005000","92","0","新北市","林口區","121.295","25.115","63"
"144","395749","20220706005000","112","2","新北市","林口區","121.300","25.115","145"
"74","395752","20220706005000","61","2","新北市","林口區","121.295","25.120","49"
"2895","395755","20220706005000","3033","0","新北市","林口區","121.385","25.080","2272"
"989","395756","20220706005000","823","2","新北市","林口區","121.380","25.085","933"
"589","395757","20220706005000","619","0","新北市","林口區","121.375","25.090","481"
"3763","395768","20220706005000","3868","0","新北市","林口區","121.365","25.065","3122"
"3341","395769","20220706005000","2854","1","新北市","汐止區","121.665","25.070","2892"
"27","395773","20220706005000","25","1","新北市","汐止區","121.675","25.070","18"
"499","395774","20220706005000","486","1","新北市","汐止區","121.680","25.070","417"
"153","395775","20220706005000","195","0","新北市","汐止區","121.685","25.070","100"
"358","395777","20220706005000","678","0","新北市","汐止區","121.675","25.080","299"
"624","395784","20220706005000","516","2","新北市","汐止區","121.645","25.080","507"
"38","395791","20220706005000","130","0","新北市","汐止區","121.640","25.095","34"
"217","395805","20220706005000","629","0","新北市","林口區","121.390","25.070","246"
"845","395806","20220706005000","567","2","新北市","林口區","121.385","25.075","694"
"171","395809","20220706005000","124","2","新北市","林口區","121.345","25.085","138"
"16","395833","20220706005000","40","0","新北市","林口區","121.340","25.100","21"
"36","395837","20220706005000","30","2","新北市","林口區","121.330","25.105","23"
"2674","395840","20220706005000","2606","1","桃園市","龜山區","121.375","25.065","2552"
"1274","395843","20220706005000","979","2","新北市","林口區","121.360","25.065","1272"
"303","395844","20220706005000","180","3","新北市","林口區","121.350","25.070","253"
"1738","395846","20220706005000","1387","2","新北市","林口區","121.360","25.070","1387"
"4337","395847","20220706005000","3804","1","新北市","林口區","121.370","25.070","3843"
"65","395848","20220706005000","44","2","新北市","林口區","121.345","25.075","55"
"1541","395850","20220706005000","1192","2","新北市","林口區","121.355","25.075","1138"
"2004","395853","20220706005000","1478","2","新北市","林口區","121.370","25.075","1915"
"1347","395854","20220706005000","1394","0","新北市","林口區","121.350","25.080","1032"
"328","395858","20220706005000","288","1","新北市","林口區","121.345","25.100","374"
"61","395862","20220706005000","78","0","新北市","林口區","121.340","25.105","41"
"90","395869","20220706005000","61","2","新北市","林口區","121.340","25.110","63"
"108","395881","20220706005000","93","1","新北市","林口區","121.320","25.115","111"
"10","395883","20220706005000","14","0","新北市","林口區","121.330","25.115","25"
"103","395900","20220706005000","69","2","新北市","林口區","121.345","25.125","109"
"6430","395909","20220706005000","6637","0","新北市","蘆洲區","121.480","25.080","4871"
"217","395910","20220706005000","343","0","新北市","蘆洲區","121.455","25.085","154"
"3361","395911","20220706005000","2804","1","新北市","林口區","121.365","25.070","2530"
"57","395949","20220706005000","39","2","新北市","平溪區","121.790","25.070","39"
"722","395961","20220706005000","654","1","新北市","汐止區","121.630","25.055","525"
"776","395962","20220706005000","710","1","新北市","汐止區","121.625","25.060","546"
"1012","395965","20220706005000","1265","0","新北市","蘆洲區","121.470","25.075","818"
"2291","395966","20220706005000","2375","0","桃園市","龜山區","121.370","25.060","2036"
"1527","395968","20220706005000","1067","2","桃園市","龜山區","121.380","25.060","1107"
"667","395969","20220706005000","416","3","桃園市","龜山區","121.375","25.060","469"
"4823","395972","20220706005000","5543","0","臺北市","中山區","121.530","25.060","3990"
"881","395973","20220706005000","958","0","桃園市","大園區","121.245","25.105","643"
"11","395977","20220706005000","14","0","桃園市","大園區","121.250","25.110","20"
"533","395980","20220706005000","620","0","桃園市","大園區","121.180","25.065","403"
"1051","395981","20220706005000","1058","0","桃園市","大園區","121.190","25.060","716"
"246","395982","20220706005000","428","0","桃園市","大園區","121.195","25.060","271"
"260","395983","20220706005000","318","0","桃園市","大園區","121.185","25.065","241"
"772","395984","20220706005000","694","1","桃園市","大園區","121.190","25.065","643"
"452","395990","20220706005000","559","0","桃園市","大園區","121.250","25.095","511"
"62","395992","20220706005000","117","0","桃園市","大園區","121.235","25.100","69"
"1119","395998","20220706005000","1203","0","桃園市","大園區","121.260","25.070","871"
"811","395999","20220706005000","882","0","桃園市","大園區","121.255","25.075","1146"
"2490","396009","20220706005000","2686","0","臺北市","中山區","121.530","25.070","2165"
"2784","396012","20220706005000","3814","0","臺北市","中山區","121.530","25.065","2210"
"4009","396013","20220706005000","4520","0","臺北市","中山區","121.540","25.060","3266"
"414","396014","20220706005000","437","0","臺北市","中山區","121.555","25.075","279"
"1485","396015","20220706005000","2003","0","臺北市","中山區","121.550","25.080","1224"
"2608","396016","20220706005000","1884","2","臺北市","中山區","121.555","25.080","2152"
"1386","396018","20220706005000","1326","1","臺北市","中山區","121.525","25.080","1206"
"288","396020","20220706005000","351","0","臺北市","中山區","121.535","25.080","210"
"1355","396021","20220706005000","1452","0","臺北市","中山區","121.540","25.080","1148"
"123","396022","20220706005000","335","0","臺北市","中山區","121.535","25.085","110"
"3431","396025","20220706005000","3341","1","新北市","蘆洲區","121.480","25.085","2966"
"960","396033","20220706005000","1499","0","新北市","泰山區","121.420","25.065","857"
"309","396035","20220706005000","292","1","新北市","泰山區","121.440","25.065","282"
"58","396038","20220706005000","86","0","新北市","泰山區","121.410","25.070","40"
"81","396040","20220706005000","113","0","新北市","淡水區","121.460","25.145","106"
"2244","396044","20220706005000","2624","0","臺北市","大同區","121.510","25.065","1854"
"1632","396045","20220706005000","1690","0","臺北市","大同區","121.515","25.075","1312"
"3375","396046","20220706005000","2904","1","臺北市","大同區","121.510","25.060","2770"
"4012","396047","20220706005000","3958","1","臺北市","松山區","121.545","25.060","3209"
"4647","396048","20220706005000","6179","0","臺北市","中山區","121.525","25.060","4075"
"2288","396049","20220706005000","2885","0","新北市","蘆洲區","121.460","25.080","1897"
"3258","396050","20220706005000","2904","1","新北市","蘆洲區","121.475","25.085","2414"
"523","396053","20220706005000","474","1","新北市","貢寮區","121.920","25.050","389"
"77","396054","20220706005000","84","0","新北市","貢寮區","121.925","25.050","79"
"38","396057","20220706005000","30","2","新北市","貢寮區","121.900","25.050","32"
"34","396059","20220706005000","33","1","新北市","貢寮區","121.890","25.055","44"
"95","396074","20220706005000","65","2","新北市","貢寮區","121.900","25.065","92"
"646","396088","20220706005000","407","3","新北市","瑞芳區","121.805","25.110","472"
"166","396089","20220706005000","96","3","新北市","瑞芳區","121.810","25.110","150"
"730","396099","20220706005000","1522","0","桃園市","龜山區","121.385","25.060","855"
"1622","396100","20220706005000","2204","0","臺北市","中山區","121.540","25.055","1388"
"1771","396101","20220706005000","2193","0","臺北市","松山區","121.540","25.070","1425"
"932","396102","20220706005000","1248","0","臺北市","中山區","121.535","25.070","765"
"631","396103","20220706005000","381","3","臺北市","內湖區","121.615","25.075","481"
"4351","396104","20220706005000","4224","1","臺北市","內湖區","121.610","25.070","3492"
"3447","396105","20220706005000","3433","1","臺北市","北投區","121.500","25.140","2751"
"1805","396106","20220706005000","2446","0","臺北市","北投區","121.505","25.140","1455"
"381","396112","20220706005000","349","1","臺北市","北投區","121.485","25.115","323"
"32","396118","20220706005000","52","0","臺北市","北投區","121.485","25.120","60"
"1677","396121","20220706005000","1690","0","臺北市","北投區","121.500","25.120","1290"
"3328","396123","20220706005000","2157","3","臺北市","北投區","121.500","25.125","2654"
"3659","396124","20220706005000","3476","1","臺北市","北投區","121.510","25.115","2983"
"2866","396126","20220706005000","3369","0","臺北市","中山區","121.535","25.065","2410"
"1800","396127","20220706005000","2223","0","臺北市","中山區","121.550","25.085","1417"
"545","396128","20220706005000","914","0","臺北市","中山區","121.555","25.085","439"
"2167","396130","20220706005000","2475","0","新北市","三重區","121.505","25.065","1795"
"2008","396131","20220706005000","2840","0","臺北市","中山區","121.525","25.070","1567"
"2089","396132","20220706005000","2079","1","新北市","三重區","121.505","25.070","1863"
"214","396133","20220706005000","192","1","桃園市","蘆竹區","121.280","25.065","309"
"1317","396134","20220706005000","938","2","桃園市","蘆竹區","121.285","25.065","957"
"634","396135","20220706005000","376","3","桃園市","蘆竹區","121.290","25.065","480"
"436","396136","20220706005000","342","2","桃園市","蘆竹區","121.275","25.070","413"
"276","396144","20220706005000","638","0","桃園市","龜山區","121.355","25.060","576"
"2253","396145","20220706005000","3113","0","桃園市","龜山區","121.365","25.060","1881"
"102","396146","20220706005000","125","0","桃園市","蘆竹區","121.340","25.065","202"
"414","396149","20220706005000","349","1","新北市","林口區","121.355","25.065","276"
"204","396150","20220706005000","152","2","桃園市","龜山區","121.355","25.055","153"
"926","396151","20220706005000","906","1","新北市","林口區","121.370","25.065","737"
"4553","396157","20220706005000","4940","0","臺北市","內湖區","121.620","25.070","3690"
"4218","396158","20220706005000","4053","1","臺北市","內湖區","121.595","25.080","3388"
"309","396159","20220706005000","627","0","臺北市","內湖區","121.600","25.080","315"
"29","396164","20220706005000","71","0","臺北市","北投區","121.505","25.150","22"
"830","396165","20220706005000","424","3","臺北市","北投區","121.505","25.125","649"
"1596","396166","20220706005000","919","3","臺北市","北投區","121.510","25.125","1282"
"1444","396168","20220706005000","1473","0","臺北市","北投區","121.505","25.130","1076"
"10","396169","20220706005000","56","0","臺北市","北投區","121.510","25.130","14"
"240","396170","20220706005000","398","0","臺北市","北投區","121.515","25.130","164"
"35","396172","20220706005000","44","0","臺北市","北投區","121.510","25.105","23"
"259","396173","20220706005000","291","0","臺北市","北投區","121.505","25.110","232"
"1004","396175","20220706005000","1179","0","臺北市","南港區","121.595","25.055","836"
"750","396176","20220706005000","875","0","臺北市","南港區","121.600","25.050","599"
"945","396177","20220706005000","1212","0","臺北市","南港區","121.590","25.055","796"
"3346","396178","20220706005000","3425","0","臺北市","內湖區","121.595","25.060","2915"
"407","396179","20220706005000","651","0","臺北市","內湖區","121.600","25.060","865"
"54","396189","20220706005000","35","3","新北市","雙溪區","121.880","25.060","48"
"25","396219","20220706005000","21","1","新北市","雙溪區","121.850","25.075","22"
"3076","396233","20220706005000","2628","1","桃園市","龜山區","121.360","25.060","2453"
"496","396237","20220706005000","594","0","臺北市","士林區","121.545","25.100","471"
"775","396238","20220706005000","800","0","臺北市","士林區","121.550","25.100","622"
"98","396243","20220706005000","120","0","臺北市","士林區","121.560","25.105","93"
"1681","396246","20220706005000","1544","1","臺北市","士林區","121.535","25.105","1391"
"81","396247","20220706005000","204","0","臺北市","士林區","121.545","25.110","61"
"966","396248","20220706005000","1069","0","臺北市","士林區","121.535","25.110","790"
"61","396249","20220706005000","78","0","臺北市","士林區","121.550","25.115","43"
"16","396253","20220706005000","18","0","臺北市","士林區","121.570","25.135","16"
"128","396255","20220706005000","106","2","臺北市","士林區","121.560","25.140","104"
"24","396258","20220706005000","81","0","臺北市","士林區","121.555","25.145","25"
"90","396259","20220706005000","137","0","臺北市","士林區","121.560","25.145","59"
"227","396260","20220706005000","213","1","臺北市","士林區","121.565","25.145","171"
"150","396262","20220706005000","192","0","臺北市","士林區","121.555","25.150","133"
"95","396263","20220706005000","87","1","臺北市","士林區","121.560","25.150","77"
"2662","396266","20220706005000","2685","0","臺北市","士林區","121.510","25.085","2169"
"3547","396267","20220706005000","4698","0","臺北市","北投區","121.520","25.110","2875"
"1968","396268","20220706005000","1769","1","臺北市","北投區","121.520","25.115","1649"
"1556","396269","20220706005000","1492","1","臺北市","北投區","121.520","25.105","1250"
"1696","396270","20220706005000","2315","0","臺北市","士林區","121.525","25.100","1425"
"37","396271","20220706005000","34","1","臺北市","士林區","121.545","25.130","24"
"734","396273","20220706005000","2111","0","臺北市","士林區","121.540","25.135","795"
"213","396274","20220706005000","263","0","臺北市","士林區","121.545","25.135","154"
"1255","396276","20220706005000","2089","0","臺北市","士林區","121.545","25.140","1102"
"240","396278","20220706005000","148","3","臺北市","士林區","121.550","25.145","200"
"1556","396280","20220706005000","1529","1","臺北市","士林區","121.530","25.100","1380"
"959","396281","20220706005000","1233","0","臺北市","士林區","121.535","25.100","730"
"706","396282","20220706005000","778","0","臺北市","士林區","121.530","25.085","586"
"30","396283","20220706005000","23","2","臺北市","士林區","121.530","25.090","25"
"1304","396285","20220706005000","1357","0","臺北市","士林區","121.530","25.095","1030"
"500","396286","20220706005000","598","0","臺北市","士林區","121.535","25.095","421"
"2173","396289","20220706005000","2344","0","臺北市","士林區","121.520","25.080","1853"
"1820","396290","20220706005000","1693","1","臺北市","士林區","121.525","25.085","1576"
"409","396294","20220706005000","488","0","臺北市","士林區","121.565","25.105","376"
"2282","396296","20220706005000","2576","0","臺北市","內湖區","121.575","25.075","1766"
"1309","396297","20220706005000","1252","1","臺北市","內湖區","121.575","25.085","1077"
"1454","396299","20220706005000","1454","1","臺北市","北投區","121.495","25.145","1172"
"4149","396301","20220706005000","4534","0","臺北市","士林區","121.525","25.115","3329"
"1107","396302","20220706005000","1179","0","臺北市","內湖區","121.575","25.055","936"
"445","396303","20220706005000","498","0","臺北市","內湖區","121.575","25.060","388"
"344","396304","20220706005000","377","0","臺北市","內湖區","121.585","25.055","291"
"842","396305","20220706005000","1095","0","臺北市","內湖區","121.580","25.065","700"
"332","396306","20220706005000","338","0","臺北市","內湖區","121.575","25.065","269"
"696","396307","20220706005000","764","0","臺北市","內湖區","121.575","25.070","611"
"731","396308","20220706005000","830","0","臺北市","內湖區","121.585","25.065","658"
"277","396309","20220706005000","461","0","臺北市","中山區","121.570","25.075","221"
"1283","396310","20220706005000","1280","1","臺北市","內湖區","121.580","25.070","1001"
"148","396311","20220706005000","116","2","臺北市","內湖區","121.585","25.080","107"
"3193","396312","20220706005000","3369","0","臺北市","內湖區","121.590","25.080","2696"
"827","396313","20220706005000","919","0","臺北市","內湖區","121.585","25.085","740"
"667","396314","20220706005000","694","0","臺北市","內湖區","121.595","25.065","530"
"1186","396315","20220706005000","1392","0","臺北市","內湖區","121.600","25.065","930"
"1104","396316","20220706005000","2168","0","臺北市","內湖區","121.595","25.070","928"
"1102","396317","20220706005000","1260","0","臺北市","內湖區","121.600","25.070","872"
"177","396318","20220706005000","152","1","桃園市","大園區","121.200","25.060","242"
"293","396320","20220706005000","205","2","桃園市","大園區","121.200","25.065","253"
"345","396322","20220706005000","258","2","桃園市","大園區","121.200","25.070","239"
"116","396333","20220706005000","218","0","桃園市","大園區","121.230","25.095","75"
"153","396335","20220706005000","106","2","桃園市","大園區","121.210","25.100","109"
"309","396349","20220706005000","228","2","桃園市","大園區","121.230","25.110","247"
"2057","396355","20220706005000","1973","1","臺北市","北投區","121.505","25.120","1612"
"3060","396356","20220706005000","3078","0","臺北市","北投區","121.510","25.120","2230"
"409","396357","20220706005000","416","0","臺北市","北投區","121.510","25.135","351"
"567","396358","20220706005000","436","2","臺北市","北投區","121.515","25.135","465"
"260","396360","20220706005000","220","1","臺北市","北投區","121.510","25.140","207"
"303","396361","20220706005000","644","0","臺北市","北投區","121.515","25.140","223"
"136","396363","20220706005000","177","0","臺北市","北投區","121.525","25.145","105"
"857","396366","20220706005000","1112","0","臺北市","北投區","121.485","25.135","707"
"2131","396368","20220706005000","1742","2","臺北市","北投區","121.485","25.140","1514"
"2768","396370","20220706005000","2926","0","臺北市","士林區","121.525","25.105","2233"
"3811","396371","20220706005000","4116","0","臺北市","士林區","121.530","25.105","3079"
"2829","396372","20220706005000","2975","0","臺北市","北投區","121.515","25.110","2354"
"2172","396373","20220706005000","2562","0","臺北市","士林區","121.520","25.100","1732"
"1552","396376","20220706005000","2677","0","臺北市","士林區","121.530","25.125","1381"
"532","396377","20220706005000","784","0","臺北市","北投區","121.525","25.130","440"
"1035","396378","20220706005000","1041","0","臺北市","北投區","121.530","25.130","900"
"33","396380","20220706005000","36","0","臺北市","士林區","121.530","25.135","37"
"2642","396382","20220706005000","2991","0","臺北市","北投區","121.515","25.115","2130"
"631","396383","20220706005000","1260","0","臺北市","北投區","121.515","25.120","524"
"1848","396384","20220706005000","1995","0","臺北市","北投區","121.520","25.120","1531"
"4149","396385","20220706005000","3957","1","臺北市","北投區","121.525","25.120","3263"
"407","396395","20220706005000","454","0","臺北市","松山區","121.545","25.070","402"
"319","396397","20220706005000","280","1","臺北市","中山區","121.540","25.065","232"
"927","396398","20220706005000","782","1","臺北市","中山區","121.535","25.075","742"
"785","396399","20220706005000","533","2","臺北市","松山區","121.550","25.075","632"
"3736","396400","20220706005000","4176","0","臺北市","中山區","121.545","25.080","3015"
"731","396401","20220706005000","1014","0","臺北市","中山區","121.545","25.085","588"
"1737","396404","20220706005000","1432","2","臺北市","北投區","121.495","25.140","1285"
"930","396405","20220706005000","2391","0","臺北市","北投區","121.515","25.105","723"
"5185","396406","20220706005000","6099","0","臺北市","中山區","121.525","25.065","4029"
"3793","396407","20220706005000","4766","0","臺北市","士林區","121.535","25.115","3000"
"1346","396408","20220706005000","1897","0","臺北市","士林區","121.525","25.090","1107"
"1123","396409","20220706005000","911","2","臺北市","士林區","121.560","25.115","800"
"478","396410","20220706005000","505","0","臺北市","士林區","121.560","25.120","364"
"181","396412","20220706005000","187","0","臺北市","士林區","121.560","25.125","162"
"196","396416","20220706005000","264","0","臺北市","士林區","121.560","25.135","177"
"4595","396417","20220706005000","5521","0","臺北市","士林區","121.520","25.085","3777"
"2820","396418","20220706005000","3359","0","臺北市","內湖區","121.580","25.080","2370"
"1192","396419","20220706005000","1188","1","臺北市","內湖區","121.580","25.085","1033"
"378","396422","20220706005000","452","0","桃園市","大園區","121.240","25.065","269"
"28","396424","20220706005000","39","0","桃園市","大園區","121.250","25.065","22"
"30","396433","20220706005000","205","0","桃園市","大園區","121.255","25.070","48"
"266","396435","20220706005000","313","0","桃園市","大園區","121.185","25.070","189"
"405","396436","20220706005000","384","1","桃園市","大園區","121.190","25.070","333"
"922","396438","20220706005000","753","2","桃園市","大園區","121.175","25.075","776"
"410","396439","20220706005000","482","0","桃園市","大園區","121.180","25.075","294"
"555","396440","20220706005000","480","1","桃園市","大園區","121.185","25.075","453"
"131","396443","20220706005000","133","0","桃園市","大園區","121.180","25.080","91"
"335","396447","20220706005000","268","2","桃園市","大園區","121.185","25.085","264"
"373","396462","20220706005000","307","2","桃園市","大園區","121.160","25.075","357"
"287","396471","20220706005000","233","2","桃園市","大園區","121.165","25.060","221"
"321","396472","20220706005000","256","2","桃園市","大園區","121.170","25.060","242"
"1008","396473","20220706005000","993","1","桃園市","大園區","121.175","25.060","745"
"701","396496","20220706005000","641","1","桃園市","大園區","121.210","25.060","492"
"113","396505","20220706005000","75","3","桃園市","大園區","121.220","25.070","41"
"1288","396517","20220706005000","901","2","桃園市","大園區","121.230","25.075","907"
"132","396518","20220706005000","151","0","桃園市","大園區","121.235","25.075","109"
"372","396524","20220706005000","380","0","桃園市","大園區","121.235","25.080","326"
"342","396531","20220706005000","345","0","桃園市","大園區","121.240","25.085","293"
"160","396532","20220706005000","106","3","桃園市","大園區","121.245","25.085","122"
"688","396533","20220706005000","663","1","桃園市","大園區","121.250","25.085","495"
"747","396537","20220706005000","291","3","桃園市","大園區","121.245","25.090","706"
"510","396541","20220706005000","430","1","桃園市","大園區","121.240","25.100","458"
"1350","396542","20220706005000","1444","0","桃園市","大園區","121.195","25.065","1252"
"1934","396543","20220706005000","1800","1","桃園市","大園區","121.195","25.070","1466"
"118","396549","20220706005000","274","0","桃園市","大園區","121.235","25.065","104"
"269","396555","20220706005000","356","0","桃園市","大園區","121.200","25.085","224"
"287","396560","20220706005000","244","1","桃園市","大園區","121.225","25.090","229"
"3303","396561","20220706005000","3855","0","臺北市","士林區","121.520","25.095","2764"
"835","396562","20220706005000","1145","0","臺北市","南港區","121.600","25.055","954"
"3147","396563","20220706005000","3596","0","臺北市","南港區","121.605","25.055","2552"
"45","396564","20220706005000","43","1","臺北市","內湖區","121.615","25.080","36"
"1764","396567","20220706005000","2339","0","臺北市","內湖區","121.615","25.070","1519"
"3488","396568","20220706005000","3159","1","臺北市","內湖區","121.590","25.065","2793"
"71","396569","20220706005000","66","1","臺北市","內湖區","121.585","25.070","70"
"2119","396570","20220706005000","1516","2","臺北市","內湖區","121.590","25.070","1655"
"352","396571","20220706005000","505","0","臺北市","北投區","121.500","25.145","341"
"931","396572","20220706005000","989","0","臺北市","內湖區","121.620","25.075","904"
"251","396574","20220706005000","237","1","新北市","汐止區","121.625","25.080","227"
"112","396576","20220706005000","100","1","臺北市","內湖區","121.625","25.085","88"
"18","396587","20220706005000","40","0","臺北市","內湖區","121.610","25.100","17"
"1442","396590","20220706005000","1289","1","臺北市","內湖區","121.610","25.065","1227"
"477","396592","20220706005000","569","0","臺北市","內湖區","121.605","25.085","411"
"1199","396594","20220706005000","1535","0","臺北市","內湖區","121.600","25.090","965"
"19","396599","20220706005000","17","1","臺北市","內湖區","121.605","25.095","21"
"3046","396603","20220706005000","3247","0","臺北市","北投區","121.500","25.130","2405"
"746","396604","20220706005000","828","0","新北市","汐止區","121.620","25.055","574"
"3355","396605","20220706005000","3900","0","臺北市","士林區","121.505","25.085","2720"
"1113","396606","20220706005000","1691","0","臺北市","士林區","121.515","25.085","949"
"1342","396607","20220706005000","1183","1","臺北市","內湖區","121.590","25.085","1258"
"2275","396608","20220706005000","2216","1","臺北市","內湖區","121.595","25.085","1798"
"2388","396609","20220706005000","2102","1","臺北市","內湖區","121.575","25.080","1911"
"1378","396611","20220706005000","1666","0","臺北市","北投區","121.470","25.125","1077"
"203","396612","20220706005000","308","0","臺北市","北投區","121.475","25.125","153"
"1545","396615","20220706005000","2018","0","臺北市","北投區","121.465","25.130","1334"
"811","396616","20220706005000","899","0","臺北市","北投區","121.470","25.130","640"
"199","396617","20220706005000","184","1","臺北市","北投區","121.475","25.130","137"
"1337","396619","20220706005000","1755","0","臺北市","北投區","121.470","25.135","1197"
"68","396620","20220706005000","49","2","臺北市","北投區","121.475","25.135","57"
"24","396621","20220706005000","21","1","臺北市","北投區","121.475","25.140","16"
"126","396622","20220706005000","136","0","臺北市","南港區","121.610","25.055","111"
"738","396623","20220706005000","699","1","臺北市","內湖區","121.605","25.065","811"
"4678","396624","20220706005000","5155","0","臺北市","中山區","121.520","25.060","3967"
"188","396625","20220706005000","283","0","臺北市","中山區","121.530","25.075","164"
"419","396626","20220706005000","554","0","臺北市","內湖區","121.570","25.065","341"
"1086","396628","20220706005000","1076","1","臺北市","松山區","121.550","25.070","902"
"164","396629","20220706005000","217","0","臺北市","松山區","121.555","25.070","128"
"156","396630","20220706005000","145","1","臺北市","松山區","121.560","25.070","132"
"12","396632","20220706005000","19","0","臺北市","中山區","121.565","25.075","10"
"141","396633","20220706005000","2204","0","臺北市","松山區","121.555","25.055","169"
"2572","396634","20220706005000","4935","0","臺北市","松山區","121.570","25.055","2125"
"2128","396635","20220706005000","2052","1","臺北市","士林區","121.530","25.115","1747"
"23","396636","20220706005000","331","0","臺北市","士林區","121.495","25.095","36"
"1643","396637","20220706005000","1726","0","臺北市","士林區","121.500","25.095","1387"
"274","396639","20220706005000","300","0","臺北市","士林區","121.490","25.100","261"
"113","396643","20220706005000","115","0","臺北市","士林區","121.480","25.110","92"
"279","396644","20220706005000","303","0","臺北市","士林區","121.495","25.110","258"
"2469","396647","20220706005000","3308","0","臺北市","松山區","121.550","25.060","2114"
"3282","396648","20220706005000","3982","0","臺北市","松山區","121.555","25.060","2735"
"394","396649","20220706005000","454","0","臺北市","松山區","121.560","25.065","339"
"1565","396650","20220706005000","2053","0","臺北市","松山區","121.555","25.065","1247"
"1203","396651","20220706005000","1191","1","臺北市","中山區","121.545","25.075","956"
"72","396655","20220706005000","168","0","臺北市","內湖區","121.605","25.080","77"
"2937","396656","20220706005000","2169","2","臺北市","內湖區","121.600","25.085","2409"
"3939","396657","20220706005000","3204","2","臺北市","松山區","121.550","25.065","3228"
"1413","396658","20220706005000","1581","0","臺北市","松山區","121.545","25.065","1095"
"3565","396659","20220706005000","4307","0","臺北市","松山區","121.565","25.055","2954"
"4147","396660","20220706005000","4248","0","臺北市","松山區","121.560","25.060","3306"
"306","396661","20220706005000","1343","0","臺北市","內湖區","121.570","25.060","253"
"2516","396662","20220706005000","2769","0","臺北市","松山區","121.565","25.060","2064"
"264","396663","20220706005000","260","1","臺北市","中山區","121.560","25.075","213"
"72","396665","20220706005000","59","2","臺北市","松山區","121.570","25.070","54"
"2499","396666","20220706005000","2823","0","臺北市","中山區","121.560","25.080","1992"
"3649","396667","20220706005000","4983","0","臺北市","松山區","121.550","25.055","2979"
"451","396669","20220706005000","612","0","臺北市","士林區","121.535","25.125","309"
"133","396672","20220706005000","172","0","臺北市","士林區","121.535","25.135","133"
"4585","396674","20220706005000","3631","2","臺北市","士林區","121.530","25.120","3571"
"5366","396675","20220706005000","5570","0","臺北市","士林區","121.530","25.110","4443"
"2011","396676","20220706005000","4251","0","臺北市","松山區","121.545","25.055","1721"
"4167","396677","20220706005000","3685","1","臺北市","松山區","121.560","25.055","3376"
"3261","396678","20220706005000","3612","0","臺北市","內湖區","121.580","25.075","2633"
"1068","396680","20220706005000","1194","0","臺北市","內湖區","121.590","25.060","1014"
"3816","396683","20220706005000","3539","1","臺北市","內湖區","121.590","25.090","3220"
"92","396684","20220706005000","23","3","臺北市","內湖區","121.595","25.090","78"
"39","396688","20220706005000","157","0","臺北市","內湖區","121.590","25.100","61"
"126","396690","20220706005000","183","0","臺北市","內湖區","121.580","25.105","149"
"115","396693","20220706005000","106","1","臺北市","內湖區","121.595","25.105","98"
"2481","396701","20220706005000","3454","0","臺北市","北投區","121.495","25.135","1983"
"287","396703","20220706005000","234","2","臺北市","北投區","121.505","25.100","201"
"213","396707","20220706005000","236","0","臺北市","北投區","121.500","25.110","187"
"47","396710","20220706005000","60","0","臺北市","北投區","121.530","25.140","42"
"96","396716","20220706005000","123","0","臺北市","北投區","121.535","25.150","79"
"413","396719","20220706005000","483","0","臺北市","士林區","121.555","25.115","351"
"180","396722","20220706005000","241","0","臺北市","士林區","121.550","25.125","152"
"2423","396727","20220706005000","2548","0","臺北市","士林區","121.510","25.080","1921"
"165","396731","20220706005000","280","0","臺北市","士林區","121.480","25.105","161"
"541","396732","20220706005000","393","2","臺北市","士林區","121.485","25.105","430"
"220","396735","20220706005000","684","0","臺北市","北投區","121.470","25.110","183"
"126","396737","20220706005000","128","0","臺北市","士林區","121.485","25.110","112"
"82","396739","20220706005000","42","3","臺北市","士林區","121.460","25.110","48"
"4105","396740","20220706005000","3720","1","臺北市","大同區","121.515","25.060","3287"
"2301","396741","20220706005000","2744","0","臺北市","中山區","121.520","25.065","1909"
"957","396742","20220706005000","1441","0","臺北市","內湖區","121.615","25.065","831"
"3090","396743","20220706005000","2767","1","臺北市","內湖區","121.605","25.070","2419"
"535","396744","20220706005000","430","2","臺北市","內湖區","121.605","25.075","444"
"2913","396745","20220706005000","3213","0","臺北市","內湖區","121.610","25.075","2357"
"944","396746","20220706005000","732","2","臺北市","內湖區","121.585","25.090","737"
"1524","396754","20220706005000","1393","1","臺北市","南港區","121.610","25.060","1213"
"618","396755","20220706005000","729","0","臺北市","南港區","121.620","25.060","622"
"2061","396756","20220706005000","2425","0","臺北市","南港區","121.615","25.060","1954"
"3446","396758","20220706005000","3513","0","臺北市","南港區","121.615","25.055","2865"
"2192","396759","20220706005000","1806","2","臺北市","北投區","121.505","25.145","1749"
"441","396762","20220706005000","632","0","臺北市","北投區","121.465","25.115","352"
"3357","396765","20220706005000","2699","2","臺北市","北投區","121.465","25.120","2858"
"809","396766","20220706005000","904","0","臺北市","北投區","121.470","25.120","677"
"2477","396767","20220706005000","2483","0","臺北市","士林區","121.525","25.095","2062"
"2239","396768","20220706005000","1771","2","臺北市","士林區","121.505","25.090","1943"
"2082","396769","20220706005000","1410","2","臺北市","士林區","121.510","25.090","1714"
"703","396771","20220706005000","885","0","新北市","三重區","121.500","25.075","599"
"3672","396773","20220706005000","4093","0","臺北市","內湖區","121.585","25.075","3081"
"1697","396774","20220706005000","1629","1","臺北市","內湖區","121.590","25.075","1324"
"1160","396775","20220706005000","1164","0","臺北市","內湖區","121.595","25.075","956"
"969","396776","20220706005000","1173","0","臺北市","內湖區","121.600","25.075","839"
"3786","396777","20220706005000","4702","0","臺北市","中山區","121.535","25.060","3108"
"1953","396778","20220706005000","2423","0","臺北市","大同區","121.515","25.070","1612"
"1910","396779","20220706005000","2280","0","臺北市","大同區","121.515","25.065","1621"
"3314","396781","20220706005000","3669","0","臺北市","北投區","121.510","25.110","2742"
"1894","396785","20220706005000","2311","0","臺北市","北投區","121.490","25.145","1548"
"2530","396788","20220706005000","2902","0","臺北市","北投區","121.505","25.115","2106"
"560","396789","20220706005000","548","1","臺北市","北投區","121.515","25.100","427"
"2133","396790","20220706005000","2861","0","臺北市","士林區","121.525","25.110","1677"
"1376","396791","20220706005000","1389","0","臺北市","中山區","121.520","25.070","1185"
"2047","396792","20220706005000","1907","1","臺北市","大同區","121.520","25.075","1672"
"10","396793","20220706005000","538","0","臺北市","士林區","121.515","25.080","18"
"447","396794","20220706005000","592","0","臺北市","內湖區","121.605","25.060","380"
"2497","396798","20220706005000","2296","1","臺北市","內湖區","121.585","25.060","1926"
"3928","396799","20220706005000","3900","1","臺北市","北投區","121.505","25.135","3165"
"39","396802","20220706005000","49","0","臺北市","士林區","121.575","25.120","44"
"30","396803","20220706005000","26","1","臺北市","士林區","121.570","25.125","48"
"253","396804","20220706005000","200","2","臺北市","士林區","121.575","25.125","196"
"21","396806","20220706005000","30","0","臺北市","士林區","121.570","25.130","22"
"185","396807","20220706005000","321","0","臺北市","士林區","121.575","25.130","158"
"33","396809","20220706005000","23","2","臺北市","士林區","121.575","25.135","23"
"53","396812","20220706005000","55","0","臺北市","士林區","121.580","25.140","51"
"578","396819","20220706005000","628","0","臺北市","士林區","121.515","25.090","465"
"5485","396820","20220706005000","4568","2","臺北市","士林區","121.520","25.090","4401"
"1258","396821","20220706005000","1166","1","臺北市","士林區","121.515","25.095","1014"
"2904","396822","20220706005000","2348","2","臺北市","北投區","121.500","25.135","2295"
"1392","396823","20220706005000","1188","1","臺北市","士林區","121.525","25.075","1147"
"1124","396824","20220706005000","1595","0","臺北市","士林區","121.540","25.110","955"
"563","396826","20220706005000","473","1","臺北市","士林區","121.545","25.115","483"
"235","396828","20220706005000","218","1","臺北市","士林區","121.540","25.125","216"
"876","396831","20220706005000","832","1","臺北市","士林區","121.505","25.095","710"
"1124","396832","20220706005000","458","3","臺北市","士林區","121.540","25.095","964"
"587","396833","20220706005000","609","0","臺北市","士林區","121.545","25.105","487"
"312","396834","20220706005000","308","1","臺北市","士林區","121.540","25.105","279"
"138","396839","20220706005000","125","1","臺北市","士林區","121.560","25.110","89"
"52","396841","20220706005000","50","1","臺北市","士林區","121.570","25.110","47"
"113","396848","20220706005000","113","1","臺北市","士林區","121.580","25.115","92"
"63","396852","20220706005000","65","0","臺北市","士林區","121.580","25.120","42"
"86","396853","20220706005000","105","0","臺北市","士林區","121.585","25.120","68"
"218","396856","20220706005000","206","1","新北市","汐止區","121.600","25.120","230"
"1479","396878","20220706005000","2109","0","臺北市","內湖區","121.580","25.055","1288"
"2584","396879","20220706005000","2510","1","臺北市","內湖區","121.580","25.060","2086"
"983","396880","20220706005000","1267","0","臺北市","內湖區","121.565","25.090","605"
"2918","396884","20220706005000","3350","0","臺北市","內湖區","121.565","25.080","2421"
"1370","396885","20220706005000","1395","0","臺北市","內湖區","121.560","25.085","1157"
"3465","396886","20220706005000","3322","1","臺北市","內湖區","121.565","25.085","2826"
"992","396888","20220706005000","807","2","臺北市","內湖區","121.560","25.090","632"
"1573","396890","20220706005000","1587","0","臺北市","內湖區","121.570","25.080","1236"
"2516","396891","20220706005000","2343","1","臺北市","內湖區","121.570","25.085","1966"
"3099","396892","20220706005000","3593","0","臺北市","松山區","121.570","25.050","2517"
"1088","396893","20220706005000","1273","0","臺北市","松山區","121.565","25.065","894"
"170","398951","20220706005000","163","1","新北市","八里區","121.390","25.165","244"
"56","398956","20220706005000","43","2","基隆市","安樂區","121.710","25.165","58"
"69","399938","20220706005000","69","1","基隆市","安樂區","121.710","25.175","45"
"22","402902","20220706005000","19","1","新北市","萬里區","121.680","25.200","16"
"231","403910","20220706005000","316","0","新北市","萬里區","121.700","25.210","344"
"163","406949","20220706005000","103","3","新北市","金山區","121.635","25.240","125"
"33","409009","20220706005000","37","0","新北市","金山區","121.635","25.255","30"
"81","409527","20220706005000","94","0","新北市","三芝區","121.475","25.260","70"
"477","413221","20220706005000","546","0","新北市","石門區","121.565","25.290","411"
"10","413222","20220706005000","35","0","新北市","石門區","121.590","25.290","10"
"87","413767","20220706005000","75","1","新北市","石門區","121.580","25.295","90"
"155","414894","20220706005000","83","3","基隆市","中正區","121.765","25.145","163"
"416","414895","20220706005000","430","0","基隆市","中正區","121.770","25.155","409"
"620","414896","20220706005000","532","1","基隆市","中正區","121.765","25.155","495"
"73","414897","20220706005000","57","2","基隆市","中正區","121.765","25.160","94"
"88","414900","20220706005000","539","0","基隆市","中正區","121.780","25.145","51"
"495","414901","20220706005000","832","0","基隆市","中正區","121.775","25.150","382"
"153","414906","20220706005000","157","0","基隆市","安樂區","121.695","25.150","141"
"453","414907","20220706005000","441","1","基隆市","安樂區","121.700","25.150","445"
"1266","414909","20220706005000","1064","1","基隆市","安樂區","121.695","25.155","936"
"452","414910","20220706005000","379","1","基隆市","安樂區","121.700","25.155","336"
"309","414912","20220706005000","189","3","基隆市","安樂區","121.695","25.160","279"
"20","414913","20220706005000","187","0","基隆市","安樂區","121.700","25.160","43"
"250","414921","20220706005000","237","1","基隆市","中山區","121.750","25.145","260"
"1413","414923","20220706005000","1484","0","基隆市","中山區","121.720","25.150","1235"
"312","414929","20220706005000","234","2","基隆市","中山區","121.745","25.150","277"
"798","414936","20220706005000","1032","0","新北市","三芝區","121.495","25.250","612"
"206","414948","20220706005000","236","0","新北市","三芝區","121.490","25.270","202"
"859","414949","20220706005000","704","2","基隆市","中山區","121.740","25.150","672"
"193","414951","20220706005000","204","0","基隆市","中山區","121.740","25.155","155"
"387","414985","20220706005000","350","1","新北市","三芝區","121.510","25.215","302"
"72","415028","20220706005000","68","1","新北市","三芝區","121.530","25.230","71"
"2196","415040","20220706005000","2066","1","新北市","三芝區","121.505","25.255","1722"
"598","415041","20220706005000","511","1","新北市","三芝區","121.505","25.260","373"
"2373","415044","20220706005000","2314","1","新北市","三芝區","121.500","25.255","1980"
"271","415063","20220706005000","133","3","新北市","三芝區","121.505","25.205","243"
"1741","415070","20220706005000","1922","0","基隆市","中正區","121.770","25.150","1565"
"142","415078","20220706005000","138","1","新北市","三芝區","121.465","25.240","116"
"255","415083","20220706005000","249","1","新北市","三芝區","121.455","25.245","178"
"134","415087","20220706005000","124","1","新北市","三芝區","121.475","25.245","117"
"93","415093","20220706005000","137","0","新北市","三芝區","121.465","25.250","99"
"282","415100","20220706005000","268","1","新北市","三芝區","121.475","25.250","238"
"62","415103","20220706005000","67","0","新北市","三芝區","121.505","25.265","60"
"1090","415124","20220706005000","633","3","新北市","三芝區","121.535","25.245","1264"
"140","415149","20220706005000","126","1","新北市","三芝區","121.520","25.225","104"
"367","415181","20220706005000","245","2","新北市","三芝區","121.500","25.210","310"
"320","415188","20220706005000","437","0","新北市","三芝區","121.510","25.255","314"
"152","415196","20220706005000","118","2","新北市","三芝區","121.495","25.235","162"
"15","415202","20220706005000","15","1","新北市","三芝區","121.490","25.245","18"
"68","415205","20220706005000","487","0","新北市","三芝區","121.495","25.245","307"
"374","415211","20220706005000","326","1","基隆市","中山區","121.735","25.150","307"
"238","415212","20220706005000","126","3","基隆市","中山區","121.730","25.155","227"
"371","415214","20220706005000","381","0","基隆市","中正區","121.785","25.145","285"
"224","415224","20220706005000","313","0","新北市","八里區","121.415","25.155","201"
"1621","415226","20220706005000","1456","1","新北市","八里區","121.415","25.160","1162"
"741","415229","20220706005000","707","1","新北市","八里區","121.420","25.160","556"
"113","415237","20220706005000","81","2","新北市","八里區","121.440","25.155","78"
"486","415239","20220706005000","345","2","新北市","八里區","121.430","25.155","328"
"236","415242","20220706005000","179","2","新北市","八里區","121.430","25.160","139"
"296","415250","20220706005000","243","2","新北市","八里區","121.395","25.160","158"
"178","415252","20220706005000","221","0","新北市","八里區","121.405","25.155","192"
"297","415257","20220706005000","317","0","新北市","萬里區","121.675","25.180","268"
"415","415264","20220706005000","344","2","新北市","萬里區","121.640","25.210","353"
"45","415271","20220706005000","46","0","新北市","萬里區","121.645","25.150","48"
"106","415286","20220706005000","96","1","新北市","萬里區","121.665","25.160","112"
"48","415301","20220706005000","48","1","新北市","萬里區","121.625","25.150","48"
"104","415357","20220706005000","44","3","新北市","萬里區","121.620","25.200","93"
"237","415363","20220706005000","262","0","新北市","萬里區","121.650","25.200","220"
"1119","415369","20220706005000","1006","1","新北市","萬里區","121.690","25.175","952"
"722","415372","20220706005000","643","1","新北市","萬里區","121.690","25.180","567"
"2528","415375","20220706005000","2548","0","新北市","淡水區","121.440","25.175","2263"
"424","415378","20220706005000","501","0","新北市","淡水區","121.450","25.160","322"
"1509","415379","20220706005000","1371","1","新北市","淡水區","121.455","25.160","1066"
"531","415380","20220706005000","733","0","新北市","淡水區","121.460","25.160","573"
"707","415383","20220706005000","649","1","新北市","淡水區","121.450","25.165","656"
"11","415391","20220706005000","21","0","新北市","淡水區","121.430","25.205","30"
"31","415394","20220706005000","91","0","新北市","淡水區","121.445","25.205","41"
"244","415395","20220706005000","283","0","新北市","淡水區","121.450","25.205","179"
"178","415396","20220706005000","149","1","新北市","淡水區","121.455","25.205","130"
"31","415398","20220706005000","23","2","新北市","淡水區","121.440","25.210","26"
"212","415408","20220706005000","265","0","新北市","淡水區","121.460","25.215","160"
"60","415409","20220706005000","60","1","新北市","淡水區","121.465","25.215","30"
"341","415412","20220706005000","346","0","新北市","淡水區","121.450","25.220","263"
"10","415428","20220706005000","12","0","新北市","石門區","121.580","25.240","10"
"10","415437","20220706005000","21","0","新北市","石門區","121.580","25.245","10"
"50","415462","20220706005000","27","3","新北市","石門區","121.530","25.285","56"
"107","415465","20220706005000","103","1","新北市","石門區","121.535","25.290","65"
"464","415468","20220706005000","383","2","新北市","石門區","121.540","25.290","413"
"143","415521","20220706005000","183","0","新北市","石門區","121.550","25.285","139"
"180","415532","20220706005000","152","1","新北市","石門區","121.515","25.275","115"
"251","415546","20220706005000","107","3","新北市","石門區","121.570","25.255","196"
"97","415568","20220706005000","160","0","新北市","石門區","121.550","25.255","127"
"65","415594","20220706005000","72","0","新北市","石門區","121.595","25.270","66"
"23","415595","20220706005000","28","0","新北市","石門區","121.590","25.275","24"
"68","415599","20220706005000","62","1","新北市","石門區","121.590","25.285","65"
"20","415623","20220706005000","27","0","新北市","石門區","121.600","25.280","28"
"122","415625","20220706005000","100","2","新北市","石門區","121.610","25.280","95"
"40","415630","20220706005000","34","1","新北市","萬里區","121.685","25.165","30"
"23","415649","20220706005000","17","2","新北市","萬里區","121.655","25.200","24"
"704","415654","20220706005000","661","1","新北市","萬里區","121.690","25.200","591"
"59","415655","20220706005000","49","2","新北市","萬里區","121.655","25.205","43"
"92","415656","20220706005000","75","2","新北市","萬里區","121.660","25.205","75"
"203","415657","20220706005000","150","2","新北市","萬里區","121.690","25.205","172"
"28","415664","20220706005000","20","2","新北市","淡水區","121.465","25.175","20"
"99","415674","20220706005000","82","2","新北市","淡水區","121.520","25.175","126"
"10","415675","20220706005000","11","0","新北市","淡水區","121.475","25.180","10"
"57","415676","20220706005000","87","0","新北市","淡水區","121.480","25.180","44"
"158","415677","20220706005000","142","1","新北市","淡水區","121.485","25.180","121"
"130","415685","20220706005000","106","2","新北市","淡水區","121.470","25.185","90"
"527","415688","20220706005000","550","0","新北市","淡水區","121.485","25.185","336"
"170","415696","20220706005000","150","1","新北市","淡水區","121.475","25.190","121"
"201","415697","20220706005000","130","3","新北市","淡水區","121.490","25.190","137"
"14","415699","20220706005000","12","1","新北市","淡水區","121.500","25.190","18"
"562","415701","20220706005000","1295","0","新北市","淡水區","121.440","25.180","703"
"177","415706","20220706005000","256","0","新北市","淡水區","121.485","25.165","250"
"65","415713","20220706005000","75","0","新北市","淡水區","121.485","25.170","57"
"131","415717","20220706005000","149","0","新北市","淡水區","121.485","25.175","103"
"30","415718","20220706005000","324","0","新北市","淡水區","121.415","25.180","59"
"105","415720","20220706005000","60","3","新北市","淡水區","121.410","25.185","68"
"1907","415722","20220706005000","1565","2","新北市","淡水區","121.420","25.185","1483"
"1168","415723","20220706005000","1284","0","新北市","淡水區","121.425","25.185","924"
"1017","415724","20220706005000","1383","0","新北市","淡水區","121.430","25.185","970"
"694","415730","20220706005000","466","2","新北市","淡水區","121.430","25.190","507"
"27","415731","20220706005000","25","1","新北市","淡水區","121.420","25.195","36"
"854","415732","20220706005000","768","1","新北市","淡水區","121.425","25.195","794"
"669","415734","20220706005000","601","1","新北市","淡水區","121.420","25.175","506"
"157","415735","20220706005000","125","2","新北市","淡水區","121.425","25.175","132"
"66","415738","20220706005000","38","3","新北市","淡水區","121.475","25.210","51"
"25","415743","20220706005000","20","2","新北市","淡水區","121.475","25.215","24"
"61","415744","20220706005000","46","2","新北市","淡水區","121.480","25.215","40"
"146","415745","20220706005000","225","0","新北市","淡水區","121.485","25.215","110"
"15","415749","20220706005000","79","0","新北市","淡水區","121.475","25.220","22"
"46","415753","20220706005000","136","0","新北市","淡水區","121.445","25.225","42"
"128","415754","20220706005000","224","0","新北市","淡水區","121.450","25.225","147"
"175","415755","20220706005000","179","0","新北市","淡水區","121.455","25.225","142"
"17","415761","20220706005000","58","0","新北市","淡水區","121.445","25.230","24"
"172","415762","20220706005000","153","1","新北市","淡水區","121.450","25.230","147"
"138","415775","20220706005000","100","2","新北市","萬里區","121.635","25.165","106"
"105","415799","20220706005000","62","3","新北市","萬里區","121.650","25.175","54"
"259","415830","20220706005000","244","1","新北市","萬里區","121.685","25.190","179"
"163","415832","20220706005000","110","2","新北市","萬里區","121.680","25.195","176"
"192","415838","20220706005000","223","0","新北市","淡水區","121.430","25.175","147"
"1484","415839","20220706005000","1962","0","新北市","淡水區","121.435","25.175","1097"
"2018","415840","20220706005000","2501","0","新北市","淡水區","121.435","25.180","1630"
"459","415841","20220706005000","432","1","新北市","淡水區","121.435","25.170","359"
"16","415849","20220706005000","15","1","新北市","淡水區","121.485","25.230","10"
"175","415852","20220706005000","165","1","新北市","三芝區","121.480","25.235","131"
"2738","415853","20220706005000","3196","0","新北市","淡水區","121.445","25.175","2061"
"2380","415854","20220706005000","4907","0","新北市","淡水區","121.450","25.175","2144"
"2190","415857","20220706005000","2247","0","新北市","淡水區","121.460","25.155","1916"
"1109","415860","20220706005000","1155","0","新北市","淡水區","121.455","25.155","789"
"201","415861","20220706005000","676","0","新北市","淡水區","121.465","25.160","359"
"14","415863","20220706005000","70","0","新北市","淡水區","121.470","25.155","19"
"81","415870","20220706005000","80","1","新北市","金山區","121.615","25.240","100"
"19","415905","20220706005000","48","0","新北市","金山區","121.590","25.235","44"
"2010","415910","20220706005000","2907","0","新北市","淡水區","121.445","25.180","1516"
"2236","415911","20220706005000","2876","0","新北市","淡水區","121.450","25.180","1817"
"69","415912","20220706005000","202","0","新北市","淡水區","121.455","25.180","111"
"1107","415916","20220706005000","1800","0","新北市","淡水區","121.445","25.185","1003"
"1422","415921","20220706005000","1840","0","新北市","淡水區","121.455","25.175","1218"
"2505","415922","20220706005000","2726","0","新北市","淡水區","121.440","25.170","2061"
"183","415924","20220706005000","139","2","新北市","淡水區","121.485","25.155","141"
"410","415927","20220706005000","463","0","新北市","淡水區","121.485","25.160","280"
"288","415931","20220706005000","319","0","新北市","淡水區","121.470","25.165","214"
"456","415932","20220706005000","470","0","新北市","淡水區","121.440","25.190","403"
"1769","415933","20220706005000","1908","0","新北市","淡水區","121.445","25.190","1211"
"42","415936","20220706005000","81","0","新北市","淡水區","121.460","25.190","32"
"726","415942","20220706005000","776","0","新北市","淡水區","121.450","25.200","597"
"225","415944","20220706005000","240","0","新北市","淡水區","121.460","25.200","200"
"830","415946","20220706005000","871","0","新北市","淡水區","121.420","25.180","640"
"2084","415947","20220706005000","2416","0","新北市","淡水區","121.450","25.170","1717"
"924","415948","20220706005000","1197","0","新北市","淡水區","121.455","25.170","632"
"274","415951","20220706005000","297","0","新北市","淡水區","121.455","25.235","263"
"1424","415961","20220706005000","1136","2","新北市","淡水區","121.435","25.185","980"
"411","415962","20220706005000","439","0","新北市","淡水區","121.440","25.185","251"
"2435","415963","20220706005000","2119","1","新北市","淡水區","121.435","25.190","1793"
"1309","415964","20220706005000","896","2","新北市","淡水區","121.430","25.195","749"
"664","415968","20220706005000","492","2","新北市","淡水區","121.430","25.200","636"
"1345","415969","20220706005000","1553","0","新北市","淡水區","121.435","25.200","1184"
"368","415971","20220706005000","344","1","新北市","淡水區","121.425","25.205","257"
"41","415972","20220706005000","34","2","新北市","淡水區","121.435","25.205","63"
"116","415975","20220706005000","531","0","新北市","淡水區","121.445","25.170","158"
"45","415977","20220706005000","49","0","新北市","淡水區","121.485","25.190","37"
"28","415979","20220706005000","104","0","新北市","淡水區","121.470","25.195","24"
"157","415984","20220706005000","196","0","新北市","淡水區","121.470","25.200","114"
"102","415986","20220706005000","106","0","新北市","淡水區","121.480","25.200","89"
"1225","416009","20220706005000","1273","0","新北市","金山區","121.640","25.220","1099"
"29","416022","20220706005000","18","3","新北市","金山區","121.625","25.270","15"
"315","416030","20220706005000","288","1","新北市","金山區","121.640","25.225","241"
"191","416031","20220706005000","216","0","新北市","金山區","121.645","25.225","138"
"231","416033","20220706005000","202","1","新北市","金山區","121.645","25.230","175"
"67","416038","20220706005000","112","0","臺北市","北投區","121.500","25.155","66"
"308","416050","20220706005000","291","1","新北市","金山區","121.630","25.225","239"
"444","416051","20220706005000","395","1","新北市","金山區","121.635","25.225","384"
"168","416060","20220706005000","171","0","新北市","金山區","121.615","25.245","151"
"51","416062","20220706005000","22","3","新北市","金山區","121.605","25.245","32"
"21","416063","20220706005000","21","1","新北市","金山區","121.610","25.245","17"
"12","416067","20220706005000","18","0","新北市","金山區","121.610","25.250","15"
"211","416122","20220706005000","103","3","新北市","金山區","121.595","25.200","103"
"258","416123","20220706005000","155","3","新北市","金山區","121.600","25.200","201"
"94","416146","20220706005000","82","1","新北市","金山區","121.600","25.215","85"
"555","416155","20220706005000","647","0","新北市","金山區","121.630","25.220","420"
"1193","416156","20220706005000","762","3","新北市","金山區","121.635","25.220","917"
"39","416160","20220706005000","48","0","臺北市","士林區","121.555","25.155","38"
"16","416182","20220706005000","21","0","臺北市","士林區","121.570","25.190","11"
"43","416192","20220706005000","50","0","臺北市","北投區","121.530","25.155","40"
"2181","416202","20220706005000","2549","0","新北市","淡水區","121.445","25.165","1779"
"199","416204","20220706005000","162","2","臺北市","北投區","121.540","25.155","185"
"159","416205","20220706005000","160","0","臺北市","北投區","121.545","25.150","124"
"10","416209","20220706005000","36","0","臺北市","北投區","121.545","25.155","10"
"10","416212","20220706005000","10","1","臺北市","北投區","121.540","25.160","13"
"47","416213","20220706005000","30","3","臺北市","北投區","121.545","25.160","48"
"298","416221","20220706005000","111","3","臺北市","北投區","121.540","25.165","236"
"187","416225","20220706005000","39","3","臺北市","北投區","121.560","25.165","134"
"39","416236","20220706005000","37","1","臺北市","北投區","121.535","25.175","34"
"68","416246","20220706005000","75","0","臺北市","北投區","121.545","25.180","72"
"87","416251","20220706005000","113","0","臺北市","北投區","121.535","25.185","80"
"57","416275","20220706005000","121","0","臺北市","北投區","121.490","25.155","40"
"1216","617430","20220706005000","1065","1","金門縣","金城鎮","118.310","24.400","618"
"408","617700","20220706005000","422","0","金門縣","金城鎮","118.305","24.405","168"
"274","617704","20220706005000","265","1","金門縣","金城鎮","118.325","24.405","183"
"29","617966","20220706005000","20","2","金門縣","烈嶼鄉","118.225","24.405","17"
"79","617974","20220706005000","56","2","金門縣","金城鎮","118.290","24.405","60"
"70","617990","20220706005000","62","1","金門縣","金湖鎮","118.430","24.410","53"
"91","618255","20220706005000","90","1","金門縣","金城鎮","118.285","24.410","66"
"93","618257","20220706005000","348","0","金門縣","金城鎮","118.295","24.410","46"
"164","618258","20220706005000","190","0","金門縣","金城鎮","118.300","24.410","101"
"32","618259","20220706005000","33","0","金門縣","金城鎮","118.305","24.410","18"
"62","618260","20220706005000","64","0","金門縣","金城鎮","118.310","24.410","25"
"173","618263","20220706005000","209","0","金門縣","金城鎮","118.325","24.410","96"
"778","618264","20220706005000","633","2","金門縣","金城鎮","118.330","24.410","513"
"223","618266","20220706005000","199","1","金門縣","金城鎮","118.335","24.410","137"
"358","618273","20220706005000","351","1","金門縣","金湖鎮","118.435","24.415","187"
"597","618274","20220706005000","567","1","金門縣","金湖鎮","118.440","24.415","470"
"56","618530","20220706005000","345","0","金門縣","烈嶼鄉","118.230","24.415","39"
"305","618532","20220706005000","566","0","金門縣","烈嶼鄉","118.240","24.415","244"
"152","618541","20220706005000","149","1","金門縣","金城鎮","118.290","24.415","102"
"506","618545","20220706005000","679","0","金門縣","金城鎮","118.310","24.415","271"
"680","618547","20220706005000","780","0","金門縣","金城鎮","118.315","24.415","382"
"267","618552","20220706005000","178","3","金門縣","金寧鄉","118.340","24.415","168"
"168","618560","20220706005000","189","0","金門縣","金湖鎮","118.440","24.420","65"
"441","618813","20220706005000","454","0","金門縣","烈嶼鄉","118.220","24.420","277"
"40","618818","20220706005000","22","3","金門縣","烈嶼鄉","118.245","24.420","19"
"32","618832","20220706005000","998","0","金門縣","金城鎮","118.310","24.420","46"
"124","618833","20220706005000","110","1","金門縣","金城鎮","118.315","24.420","52"
"44","618834","20220706005000","81","0","金門縣","金城鎮","118.320","24.420","29"
"31","618835","20220706005000","38","0","金門縣","金城鎮","118.325","24.420","18"
"119","618836","20220706005000","189","0","金門縣","金寧鄉","118.330","24.420","63"
"18","618838","20220706005000","10","3","金門縣","金寧鄉","118.340","24.420","18"
"1203","619113","20220706005000","1246","0","金門縣","烈嶼鄉","118.245","24.425","613"
"333","619116","20220706005000","216","3","金門縣","烈嶼鄉","118.260","24.425","214"
"36","619117","20220706005000","26","2","金門縣","烈嶼鄉","118.265","24.425","22"
"1469","619127","20220706005000","1286","1","金門縣","金城鎮","118.320","24.425","770"
"215","619131","20220706005000","127","3","金門縣","金寧鄉","118.340","24.425","136"
"149","619133","20220706005000","177","0","金門縣","金寧鄉","118.350","24.425","62"
"264","619146","20220706005000","218","2","金門縣","金湖鎮","118.430","24.425","176"
"124","619151","20220706005000","124","1","金門縣","金湖鎮","118.455","24.430","55"
"74","619406","20220706005000","62","1","金門縣","烈嶼鄉","118.230","24.430","24"
"58","619420","20220706005000","1303","0","金門縣","金城鎮","118.310","24.430","56"
"756","619421","20220706005000","1298","0","金門縣","金城鎮","118.315","24.430","380"
"918","619422","20220706005000","1078","0","金門縣","金城鎮","118.320","24.430","377"
"104","619424","20220706005000","176","0","金門縣","金寧鄉","118.330","24.430","50"
"267","619426","20220706005000","292","0","金門縣","金寧鄉","118.340","24.430","155"
"85","619430","20220706005000","47","3","金門縣","金寧鄉","118.360","24.430","67"
"466","619440","20220706005000","975","0","金門縣","金湖鎮","118.410","24.430","269"
"463","619442","20220706005000","553","0","金門縣","金湖鎮","118.420","24.430","284"
"303","619709","20220706005000","368","0","金門縣","烈嶼鄉","118.255","24.435","191"
"24","619710","20220706005000","24","1","金門縣","烈嶼鄉","118.260","24.435","21"
"607","619718","20220706005000","619","0","金門縣","金城鎮","118.310","24.435","389"
"2275","619719","20220706005000","2837","0","金門縣","金城鎮","118.315","24.435","1031"
"34","619721","20220706005000","997","0","金門縣","金城鎮","118.325","24.435","49"
"298","619722","20220706005000","396","0","金門縣","金寧鄉","118.330","24.435","99"
"47","619729","20220706005000","39","2","金門縣","金湖鎮","118.365","24.435","40"
"152","619731","20220706005000","103","2","金門縣","金湖鎮","118.375","24.435","65"
"125","619734","20220706005000","183","0","金門縣","金湖鎮","118.390","24.435","54"
"259","619736","20220706005000","320","0","金門縣","金湖鎮","118.400","24.435","141"
"1461","619737","20220706005000","1587","0","金門縣","金湖鎮","118.405","24.435","780"
"57","619739","20220706005000","96","0","金門縣","金湖鎮","118.415","24.435","20"
"113","619747","20220706005000","120","0","金門縣","金湖鎮","118.455","24.435","42"
"206","620001","20220706005000","155","2","金門縣","烈嶼鄉","118.250","24.440","163"
"538","620010","20220706005000","366","2","金門縣","金城鎮","118.310","24.440","367"
"4177","620011","20220706005000","2351","3","金門縣","金城鎮","118.315","24.440","2274"
"677","620012","20220706005000","526","2","金門縣","金寧鄉","118.320","24.440","335"
"76","620013","20220706005000","97","0","金門縣","金城鎮","118.325","24.440","33"
"379","620015","20220706005000","375","1","金門縣","金寧鄉","118.335","24.440","255"
"22","620021","20220706005000","21","1","金門縣","金湖鎮","118.365","24.440","23"
"113","620024","20220706005000","116","0","金門縣","金湖鎮","118.380","24.440","70"
"753","620025","20220706005000","800","0","金門縣","金湖鎮","118.385","24.440","399"
"68","620027","20220706005000","48","2","金門縣","金湖鎮","118.395","24.440","52"
"76","620029","20220706005000","196","0","金門縣","金湖鎮","118.405","24.440","73"
"832","620031","20220706005000","3374","0","金門縣","金湖鎮","118.415","24.440","487"
"1016","620032","20220706005000","1226","0","金門縣","金湖鎮","118.420","24.440","553"
"289","620037","20220706005000","130","3","金門縣","金湖鎮","118.445","24.440","184"
"15","620040","20220706005000","128","0","金門縣","金湖鎮","118.460","24.440","15"
"429","620293","20220706005000","378","1","金門縣","烈嶼鄉","118.240","24.440","242"
"862","620304","20220706005000","921","0","金門縣","金寧鄉","118.310","24.445","570"
"165","620306","20220706005000","199","0","金門縣","金寧鄉","118.320","24.445","55"
"39","620312","20220706005000","431","0","金門縣","金寧鄉","118.350","24.445","32"
"26","620317","20220706005000","267","0","金門縣","金湖鎮","118.375","24.445","19"
"339","620318","20220706005000","263","2","金門縣","金湖鎮","118.380","24.445","133"
"31","620319","20220706005000","27","1","金門縣","金湖鎮","118.385","24.445","20"
"21","620323","20220706005000","20","1","金門縣","金湖鎮","118.405","24.445","23"
"42","620326","20220706005000","22","3","金門縣","金湖鎮","118.420","24.445","21"
"24","620327","20220706005000","312","0","金門縣","金湖鎮","118.425","24.445","47"
"13","620335","20220706005000","14","0","金門縣","金湖鎮","118.465","24.445","10"
"115","620336","20220706005000","132","0","金門縣","金湖鎮","118.470","24.445","76"
"144","620593","20220706005000","154","0","金門縣","烈嶼鄉","118.250","24.445","73"
"75","620594","20220706005000","94","0","金門縣","烈嶼鄉","118.255","24.445","53"
"305","620595","20220706005000","54","3","金門縣","烈嶼鄉","118.260","24.445","230"
"211","620604","20220706005000","358","0","金門縣","金寧鄉","118.305","24.450","159"
"738","620605","20220706005000","448","3","金門縣","金寧鄉","118.310","24.450","417"
"175","620607","20220706005000","477","0","金門縣","金寧鄉","118.320","24.450","75"
"488","620608","20220706005000","360","2","金門縣","金寧鄉","118.325","24.450","303"
"1582","620609","20220706005000","1622","0","金門縣","金寧鄉","118.330","24.450","982"
"667","620610","20220706005000","584","1","金門縣","金寧鄉","118.335","24.450","415"
"409","620611","20220706005000","508","0","金門縣","金寧鄉","118.340","24.450","204"
"66","620613","20220706005000","57","1","金門縣","金寧鄉","118.350","24.450","36"
"40","620618","20220706005000","62","0","金門縣","金湖鎮","118.375","24.450","45"
"55","620623","20220706005000","52","1","金門縣","金湖鎮","118.400","24.450","44"
"33","620624","20220706005000","49","0","金門縣","金湖鎮","118.405","24.450","36"
"67","620625","20220706005000","58","1","金門縣","金湖鎮","118.410","24.450","71"
"531","620912","20220706005000","291","3","金門縣","金寧鄉","118.335","24.455","306"
"323","620919","20220706005000","273","1","金門縣","金湖鎮","118.370","24.455","139"
"381","620920","20220706005000","357","1","金門縣","金湖鎮","118.375","24.455","150"
"423","620921","20220706005000","361","1","金門縣","金湖鎮","118.380","24.455","265"
"109","620922","20220706005000","47","3","金門縣","金湖鎮","118.385","24.455","72"
"43","620927","20220706005000","26","3","金門縣","金湖鎮","118.410","24.455","27"
"43","620928","20220706005000","44","0","金門縣","金湖鎮","118.415","24.455","28"
"47","620930","20220706005000","29","3","金門縣","金湖鎮","118.425","24.455","19"
"385","621210","20220706005000","621","0","金門縣","金寧鄉","118.305","24.455","162"
"32","621214","20220706005000","656","0","金門縣","金寧鄉","118.325","24.455","60"
"251","621221","20220706005000","275","0","金門縣","金寧鄉","118.360","24.460","100"
"15","621226","20220706005000","14","1","金門縣","金沙鎮","118.385","24.460","15"
"59","621230","20220706005000","111","0","金門縣","金沙鎮","118.405","24.460","45"
"849","621231","20220706005000","494","3","金門縣","金湖鎮","118.410","24.460","528"
"48","621233","20220706005000","26","3","金門縣","金湖鎮","118.420","24.460","31"
"16","621239","20220706005000","32","0","金門縣","金沙鎮","118.450","24.460","17"
"601","621509","20220706005000","880","0","金門縣","金寧鄉","118.315","24.460","352"
"164","621510","20220706005000","217","0","金門縣","金寧鄉","118.320","24.460","65"
"171","621511","20220706005000","168","1","金門縣","金寧鄉","118.325","24.460","92"
"18","621529","20220706005000","20","0","金門縣","金沙鎮","118.415","24.465","16"
"12","621530","20220706005000","10","2","金門縣","金湖鎮","118.420","24.465","12"
"85","621533","20220706005000","90","0","金門縣","金沙鎮","118.435","24.465","127"
"76","621534","20220706005000","72","1","金門縣","金沙鎮","118.440","24.465","42"
"136","621810","20220706005000","245","0","金門縣","金沙鎮","118.390","24.465","112"
"897","621816","20220706005000","753","1","金門縣","金沙鎮","118.420","24.470","375"
"320","621823","20220706005000","269","1","金門縣","金沙鎮","118.455","24.470","183"
"425","622079","20220706005000","529","0","金門縣","金寧鄉","118.315","24.470","240"
"64","622096","20220706005000","479","0","金門縣","金沙鎮","118.400","24.470","44"
"14","622101","20220706005000","14","1","金門縣","金沙鎮","118.425","24.475","30"
"54","622102","20220706005000","59","0","金門縣","金沙鎮","118.430","24.475","34"
"267","622377","20220706005000","166","3","金門縣","金沙鎮","118.390","24.475","194"
"144","622643","20220706005000","422","0","金門縣","金寧鄉","118.305","24.480","50"
"63","622644","20220706005000","88","0","金門縣","金寧鄉","118.310","24.480","24"
"35","622657","20220706005000","280","0","金門縣","金沙鎮","118.390","24.480","36"
"177","622658","20220706005000","131","2","金門縣","金沙鎮","118.395","24.480","77"
"15","622921","20220706005000","16","0","金門縣","金寧鄉","118.300","24.485","13"
"1184","622937","20220706005000","917","2","金門縣","金沙鎮","118.415","24.485","739"
"142","622938","20220706005000","107","2","金門縣","金沙鎮","118.420","24.485","56"
"42","622941","20220706005000","40","1","金門縣","金沙鎮","118.435","24.485","20"
"181","623204","20220706005000","178","1","金門縣","金沙鎮","118.400","24.490","82"
"362","623206","20220706005000","436","0","金門縣","金沙鎮","118.410","24.490","337"
"530","623207","20220706005000","553","0","金門縣","金沙鎮","118.415","24.490","182"
"11","623208","20220706005000","12","0","金門縣","金沙鎮","118.420","24.490","11"
"93","623210","20220706005000","93","1","金門縣","金沙鎮","118.430","24.490","51"
"602","623474","20220706005000","925","0","金門縣","金沙鎮","118.415","24.495","428"
"343","623478","20220706005000","411","0","金門縣","金沙鎮","118.435","24.495","195"
"79","623734","20220706005000","83","0","金門縣","金沙鎮","118.400","24.500","50"
"56","623738","20220706005000","39","2","金門縣","金沙鎮","118.420","24.500","15"
"188","623993","20220706005000","232","0","金門縣","金沙鎮","118.405","24.505","142"
"17","623999","20220706005000","17","1","金門縣","金沙鎮","118.435","24.505","21"
"201","624000","20220706005000","255","0","金門縣","金沙鎮","118.440","24.505","101"
"234","624511","20220706005000","213","1","金門縣","金沙鎮","118.405","24.515","116"
"183","624771","20220706005000","215","0","金門縣","金沙鎮","118.415","24.515","100"
"409","653049","20220706005000","377","1","連江縣","莒光鄉","119.975","25.960","387"
"201","653082","20220706005000","241","0","連江縣","莒光鄉","119.935","25.970","148"
"188","653097","20220706005000","167","1","連江縣","莒光鄉","119.930","25.975","148"
"34","653099","20220706005000","23","2","連江縣","莒光鄉","119.940","25.975","20"
"493","653173","20220706005000","344","2","連江縣","南竿鄉","119.925","26.140","391"
"70","653187","20220706005000","73","0","連江縣","南竿鄉","119.930","26.145","65"
"153","653198","20220706005000","129","1","連江縣","南竿鄉","119.915","26.145","173"
"56","653200","20220706005000","71","0","連江縣","南竿鄉","119.925","26.145","33"
"312","653203","20220706005000","431","0","連江縣","南竿鄉","119.940","26.145","281"
"33","653217","20220706005000","51","0","連江縣","南竿鄉","119.925","26.150","70"
"381","653219","20220706005000","429","0","連江縣","南竿鄉","119.935","26.150","331"
"41","653221","20220706005000","57","0","連江縣","南竿鄉","119.945","26.150","32"
"219","653231","20220706005000","288","0","連江縣","南竿鄉","119.920","26.155","185"
"585","653235","20220706005000","445","2","連江縣","南竿鄉","119.940","26.155","467"
"941","653238","20220706005000","870","1","連江縣","南竿鄉","119.955","26.155","836"
"146","653248","20220706005000","87","3","連江縣","南竿鄉","119.920","26.160","150"
"1049","653255","20220706005000","806","2","連江縣","南竿鄉","119.955","26.160","821"
"464","653272","20220706005000","479","0","連江縣","南竿鄉","119.950","26.165","393"
"105","653282","20220706005000","115","0","連江縣","南竿鄉","119.925","26.170","68"
"142","653344","20220706005000","143","0","連江縣","北竿鄉","119.970","26.205","138"
"154","653365","20220706005000","166","0","連江縣","北竿鄉","119.975","26.215","90"
"21","653380","20220706005000","37","0","連江縣","北竿鄉","119.990","26.220","16"
"18","653382","20220706005000","24","0","連江縣","北竿鄉","120.000","26.220","33"
"11","653393","20220706005000","14","0","連江縣","北竿鄉","119.980","26.225","21"
"676","653396","20220706005000","975","0","連江縣","北竿鄉","119.995","26.225","698"
"453","653397","20220706005000","324","2","連江縣","北竿鄉","120.000","26.225","388"
"105","653411","20220706005000","87","2","連江縣","北竿鄉","120.000","26.230","84"
"15","653580","20220706005000","49","0","連江縣","東引鄉","120.485","26.360","24"
"69","653590","20220706005000","40","3","連江縣","東引鄉","120.490","26.360","57"
"254","653592","20220706005000","540","0","連江縣","東引鄉","120.500","26.360","407"
"845","653602","20220706005000","711","1","連江縣","東引鄉","120.490","26.365","740"
"38","653603","20220706005000","41","0","連江縣","東引鄉","120.495","26.365","88"
"27","653606","20220706005000","16","3","連江縣","東引鄉","120.510","26.365","52"
"109","653623","20220706005000","108","1","連江縣","東引鄉","120.480","26.375","94"
