"POPULATION","G_ID","time","avg","idx","City","Town","x","y","prePop"
"177","6258","20220727031000","88","3","屏東縣","恆春鎮","120.745","21.945","158"
"24","6267","20220727031000","126","0","屏東縣","恆春鎮","120.790","21.945","29"
"118","9415","20220727031000","81","2","屏東縣","恆春鎮","120.715","21.970","102"
"90","9416","20220727031000","49","3","屏東縣","恆春鎮","120.845","21.970","112"
"297","15716","20220727031000","206","2","臺東縣","蘭嶼鄉","121.535","22.025","268"
"31","15719","20220727031000","294","0","臺東縣","蘭嶼鄉","121.550","22.025","23"
"65","18068","20220727031000","33","3","屏東縣","車城鄉","120.695","22.045","52"
"181","20191","20220727031000","552","0","臺東縣","蘭嶼鄉","121.570","22.065","177"
"76","40369","20220727031000","66","1","屏東縣","枋山鄉","120.660","22.245","64"
"59","46865","20220727031000","68","0","臺東縣","大武鄉","120.890","22.305","57"
"66","49782","20220727031000","171","0","屏東縣","琉球鄉","120.355","22.330","73"
"15","49783","20220727031000","141","0","屏東縣","琉球鄉","120.375","22.330","11"
"431","52213","20220727031000","241","3","屏東縣","琉球鄉","120.380","22.355","392"
"31","57589","20220727031000","18","3","屏東縣","春日鄉","120.660","22.365","21"
"56","57606","20220727031000","51","1","屏東縣","春日鄉","120.665","22.365","60"
"126","57748","20220727031000","85","2","屏東縣","春日鄉","120.750","22.405","81"
"220","57758","20220727031000","159","2","屏東縣","春日鄉","120.625","22.365","216"
"21","57858","20220727031000","162","0","屏東縣","恆春鎮","120.730","21.985","17"
"16","57868","20220727031000","222","0","屏東縣","車城鄉","120.730","22.055","17"
"121","57949","20220727031000","56","3","屏東縣","車城鄉","120.715","22.050","120"
"195","57952","20220727031000","146","2","屏東縣","枋寮鄉","120.595","22.375","222"
"77","57962","20220727031000","408","0","屏東縣","枋寮鄉","120.595","22.385","77"
"363","57963","20220727031000","366","0","屏東縣","枋寮鄉","120.600","22.385","359"
"18","57992","20220727031000","15","2","屏東縣","滿州鄉","120.890","22.090","16"
"21","58112","20220727031000","16","2","屏東縣","滿州鄉","120.805","22.015","19"
"118","58150","20220727031000","95","2","屏東縣","滿州鄉","120.875","22.115","115"
"14","58179","20220727031000","14","1","屏東縣","滿州鄉","120.880","22.135","12"
"91","58209","20220727031000","83","1","屏東縣","滿州鄉","120.840","21.985","104"
"42","58243","20220727031000","40","1","屏東縣","滿州鄉","120.840","22.015","43"
"199","58245","20220727031000","200","0","屏東縣","滿州鄉","120.835","22.020","201"
"17","58246","20220727031000","16","1","屏東縣","滿州鄉","120.840","22.020","17"
"99","58248","20220727031000","88","1","屏東縣","滿州鄉","120.830","22.025","110"
"250","58265","20220727031000","226","1","屏東縣","滿州鄉","120.830","21.995","253"
"41","58303","20220727031000","23","3","屏東縣","滿州鄉","120.850","22.020","47"
"57","58452","20220727031000","45","2","屏東縣","滿州鄉","120.830","22.075","61"
"24","58493","20220727031000","20","2","屏東縣","滿州鄉","120.830","22.095","23"
"11","58500","20220727031000","20","0","屏東縣","滿州鄉","120.840","22.100","16"
"67","58514","20220727031000","50","2","屏東縣","枋山鄉","120.665","22.240","97"
"111","58522","20220727031000","138","0","屏東縣","枋山鄉","120.650","22.260","127"
"34","58529","20220727031000","234","0","屏東縣","枋山鄉","120.690","22.190","38"
"33","58531","20220727031000","100","0","屏東縣","枋山鄉","120.690","22.195","24"
"12","58544","20220727031000","11","1","屏東縣","佳冬鄉","120.525","22.410","12"
"366","58554","20220727031000","553","0","屏東縣","恆春鎮","120.740","22.030","356"
"35","58568","20220727031000","143","0","屏東縣","恆春鎮","120.735","22.040","35"
"118","58585","20220727031000","67","3","屏東縣","恆春鎮","120.720","22.045","87"
"13","58609","20220727031000","44","0","屏東縣","恆春鎮","120.750","21.955","10"
"59","58614","20220727031000","382","0","屏東縣","恆春鎮","120.755","21.960","56"
"22","58615","20220727031000","20","1","屏東縣","恆春鎮","120.760","21.960","17"
"344","58618","20220727031000","552","0","屏東縣","恆春鎮","120.755","21.965","363"
"544","58656","20220727031000","227","3","屏東縣","恆春鎮","120.730","22.010","467"
"411","58663","20220727031000","369","1","屏東縣","恆春鎮","120.745","22.005","382"
"329","58680","20220727031000","235","2","屏東縣","恆春鎮","120.730","21.995","346"
"16","58690","20220727031000","18","0","屏東縣","恆春鎮","120.740","21.920","24"
"379","58691","20220727031000","189","3","屏東縣","恆春鎮","120.725","21.925","369"
"34","58698","20220727031000","14","3","屏東縣","恆春鎮","120.715","21.935","33"
"71","58707","20220727031000","26","3","屏東縣","恆春鎮","120.715","21.945","59"
"261","58723","20220727031000","161","3","屏東縣","恆春鎮","120.720","21.960","271"
"1013","58725","20220727031000","1159","0","屏東縣","恆春鎮","120.740","22.010","993"
"14","58785","20220727031000","59","0","屏東縣","恆春鎮","120.720","22.040","17"
"92","58793","20220727031000","52","3","屏東縣","恆春鎮","120.695","22.020","81"
"18","58796","20220727031000","17","1","屏東縣","恆春鎮","120.710","22.020","16"
"188","58818","20220727031000","94","3","屏東縣","恆春鎮","120.850","21.905","221"
"25","58819","20220727031000","14","3","屏東縣","恆春鎮","120.855","21.905","25"
"96","58824","20220727031000","42","3","屏東縣","恆春鎮","120.850","21.910","97"
"223","58829","20220727031000","138","3","屏東縣","恆春鎮","120.850","21.915","175"
"74","58837","20220727031000","45","3","屏東縣","恆春鎮","120.830","21.925","68"
"281","58849","20220727031000","92","3","屏東縣","恆春鎮","120.825","21.935","246"
"12","58859","20220727031000","14","0","屏東縣","恆春鎮","120.840","21.940","10"
"19","58893","20220727031000","228","0","屏東縣","車城鄉","120.715","22.070","21"
"71","58924","20220727031000","43","3","屏東縣","獅子鄉","120.730","22.195","74"
"15","58958","20220727031000","108","0","屏東縣","獅子鄉","120.750","22.205","17"
"101","58971","20220727031000","77","2","屏東縣","獅子鄉","120.725","22.210","99"
"23","58997","20220727031000","12","3","屏東縣","獅子鄉","120.785","22.215","21"
"62","59115","20220727031000","415","0","屏東縣","琉球鄉","120.380","22.350","51"
"22","59117","20220727031000","327","0","屏東縣","琉球鄉","120.365","22.325","22"
"421","59120","20220727031000","264","3","屏東縣","琉球鄉","120.370","22.335","427"
"86","59149","20220727031000","115","0","屏東縣","獅子鄉","120.660","22.275","83"
"84","59469","20220727031000","67","2","屏東縣","獅子鄉","120.650","22.315","86"
"126","59772","20220727031000","96","2","屏東縣","獅子鄉","120.685","22.225","133"
"164","60023","20220727031000","113","2","屏東縣","獅子鄉","120.700","22.165","179"
"11","60065","20220727031000","68","0","屏東縣","獅子鄉","120.800","22.230","11"
"1484","60172","20220727031000","1364","1","屏東縣","琉球鄉","120.370","22.340","1458"
"28","60173","20220727031000","17","3","屏東縣","琉球鄉","120.370","22.345","24"
"128","60174","20220727031000","73","3","屏東縣","琉球鄉","120.375","22.345","119"
"144","60189","20220727031000","70","3","屏東縣","車城鄉","120.700","22.040","152"
"56","60193","20220727031000","51","1","屏東縣","車城鄉","120.700","22.050","58"
"29","60196","20220727031000","25","1","屏東縣","琉球鄉","120.365","22.340","33"
"17","60197","20220727031000","33","0","屏東縣","琉球鄉","120.365","22.345","13"
"220","60198","20220727031000","161","2","屏東縣","琉球鄉","120.370","22.350","217"
"291","60206","20220727031000","200","2","屏東縣","車城鄉","120.715","22.065","265"
"20","60213","20220727031000","130","0","屏東縣","車城鄉","120.720","22.090","20"
"35","60234","20220727031000","23","3","屏東縣","車城鄉","120.715","22.115","39"
"872","60246","20220727031000","563","3","屏東縣","琉球鄉","120.385","22.350","871"
"75","60260","20220727031000","66","1","屏東縣","車城鄉","120.740","22.085","69"
"163","60283","20220727031000","201","0","屏東縣","車城鄉","120.750","22.095","165"
"14","60314","20220727031000","174","0","屏東縣","枋寮鄉","120.555","22.390","14"
"38","60322","20220727031000","316","0","屏東縣","車城鄉","120.715","22.075","36"
"186","60328","20220727031000","130","2","屏東縣","車城鄉","120.730","22.075","166"
"14","60338","20220727031000","18","0","屏東縣","枋寮鄉","120.595","22.390","18"
"200","60350","20220727031000","163","2","屏東縣","枋寮鄉","120.590","22.405","203"
"54","60369","20220727031000","262","0","屏東縣","枋寮鄉","120.620","22.405","52"
"84","60374","20220727031000","70","2","屏東縣","枋寮鄉","120.590","22.370","88"
"129","60377","20220727031000","170","0","屏東縣","枋寮鄉","120.580","22.375","145"
"597","60401","20220727031000","711","0","屏東縣","枋寮鄉","120.575","22.405","614"
"245","60404","20220727031000","232","1","屏東縣","佳冬鄉","120.565","22.410","239"
"966","60421","20220727031000","1111","0","屏東縣","枋寮鄉","120.600","22.360","1024"
"442","60428","20220727031000","324","2","屏東縣","枋寮鄉","120.600","22.365","399"
"62","60441","20220727031000","74","0","屏東縣","枋山鄉","120.645","22.295","51"
"56","60442","20220727031000","56","1","屏東縣","獅子鄉","120.640","22.310","50"
"196","60446","20220727031000","201","0","屏東縣","枋山鄉","120.630","22.320","180"
"86","60449","20220727031000","87","0","屏東縣","枋山鄉","120.615","22.330","77"
"232","60455","20220727031000","141","3","屏東縣","枋山鄉","120.620","22.335","237"
"190","60456","20220727031000","100","3","屏東縣","枋山鄉","120.625","22.335","178"
"832","60532","20220727031000","745","1","屏東縣","恆春鎮","120.740","22.000","810"
"480","60533","20220727031000","412","1","屏東縣","恆春鎮","120.740","22.005","468"
"158","60535","20220727031000","197","0","屏東縣","恆春鎮","120.815","21.935","134"
"270","60537","20220727031000","101","3","屏東縣","恆春鎮","120.805","21.940","180"
"33","60539","20220727031000","235","0","屏東縣","恆春鎮","120.795","21.945","40"
"717","60540","20220727031000","492","2","屏東縣","恆春鎮","120.800","21.945","725"
"462","60541","20220727031000","339","2","屏東縣","恆春鎮","120.805","21.945","437"
"80","60543","20220727031000","77","1","屏東縣","恆春鎮","120.780","21.950","97"
"178","60544","20220727031000","80","3","屏東縣","恆春鎮","120.785","21.950","170"
"196","60568","20220727031000","128","3","屏東縣","恆春鎮","120.810","21.955","227"
"83","60589","20220727031000","49","3","屏東縣","恆春鎮","120.815","21.965","70"
"73","60623","20220727031000","335","0","屏東縣","恆春鎮","120.735","21.950","52"
"85","60646","20220727031000","56","3","屏東縣","恆春鎮","120.720","21.975","77"
"106","60651","20220727031000","81","2","屏東縣","恆春鎮","120.715","21.985","99"
"342","60656","20220727031000","127","3","屏東縣","恆春鎮","120.705","21.995","346"
"714","60671","20220727031000","909","0","屏東縣","恆春鎮","120.740","21.995","719"
"416","60672","20220727031000","273","3","屏東縣","恆春鎮","120.745","21.995","404"
"607","60680","20220727031000","609","0","屏東縣","恆春鎮","120.745","22.000","590"
"36","60694","20220727031000","67","0","屏東縣","恆春鎮","120.765","22.000","37"
"38","60732","20220727031000","47","0","屏東縣","牡丹鄉","120.815","22.075","38"
"42","60771","20220727031000","76","0","屏東縣","滿州鄉","120.890","22.140","45"
"16","60778","20220727031000","14","1","屏東縣","牡丹鄉","120.880","22.155","14"
"28","60784","20220727031000","30","0","屏東縣","牡丹鄉","120.880","22.160","31"
"183","60791","20220727031000","193","0","屏東縣","牡丹鄉","120.890","22.165","156"
"27","60821","20220727031000","61","0","屏東縣","牡丹鄉","120.880","22.185","46"
"41","60825","20220727031000","31","2","屏東縣","牡丹鄉","120.880","22.190","40"
"81","60827","20220727031000","63","2","屏東縣","牡丹鄉","120.885","22.190","66"
"39","60884","20220727031000","25","3","屏東縣","牡丹鄉","120.850","22.185","31"
"43","60907","20220727031000","57","0","屏東縣","牡丹鄉","120.855","22.200","45"
"17","60936","20220727031000","16","1","屏東縣","牡丹鄉","120.815","22.150","14"
"61","60994","20220727031000","55","1","屏東縣","牡丹鄉","120.835","22.175","64"
"75","61141","20220727031000","58","2","屏東縣","牡丹鄉","120.770","22.125","90"
"237","61160","20220727031000","225","1","屏東縣","牡丹鄉","120.780","22.130","239"
"22","61331","20220727031000","88","0","屏東縣","牡丹鄉","120.840","22.115","17"
"176","61332","20220727031000","168","1","屏東縣","牡丹鄉","120.845","22.115","166"
"94","61441","20220727031000","62","3","臺東縣","大武鄉","120.880","22.325","99"
"32","61469","20220727031000","174","0","臺東縣","大武鄉","120.905","22.360","23"
"10","61471","20220727031000","104","0","臺東縣","大武鄉","120.900","22.365","12"
"269","61472","20220727031000","230","1","臺東縣","大武鄉","120.905","22.365","291"
"36","61501","20220727031000","251","0","臺東縣","大武鄉","120.910","22.380","40"
"65","61562","20220727031000","320","0","臺東縣","大武鄉","120.885","22.340","63"
"248","61604","20220727031000","231","1","臺東縣","蘭嶼鄉","121.525","22.080","276"
"235","61605","20220727031000","170","2","臺東縣","蘭嶼鄉","121.530","22.080","260"
"39","61620","20220727031000","34","1","臺東縣","蘭嶼鄉","121.590","22.005","40"
"184","61703","20220727031000","202","0","臺東縣","蘭嶼鄉","121.510","22.055","176"
"228","61734","20220727031000","238","0","臺東縣","蘭嶼鄉","121.555","22.025","217"
"36","61738","20220727031000","24","3","臺東縣","蘭嶼鄉","121.535","22.030","28"
"13","61830","20220727031000","79","0","臺東縣","達仁鄉","120.885","22.285","13"
"10","61910","20220727031000","55","0","臺東縣","達仁鄉","120.870","22.290","10"
"159","61933","20220727031000","114","2","臺東縣","達仁鄉","120.885","22.295","160"
"52","62017","20220727031000","47","1","臺東縣","達仁鄉","120.855","22.320","54"
"63","62301","20220727031000","52","2","臺東縣","達仁鄉","120.860","22.380","65"
"76","62355","20220727031000","42","3","臺東縣","達仁鄉","120.855","22.390","78"
"41","62479","20220727031000","35","1","臺東縣","達仁鄉","120.855","22.275","38"
"44","62493","20220727031000","39","1","臺東縣","達仁鄉","120.875","22.290","51"
"37","63917","20220727031000","20","3","臺東縣","大武鄉","120.930","22.415","31"
"268","65292","20220727031000","227","1","屏東縣","東港鎮","120.480","22.430","256"
"16","72794","20220727031000","32","0","高雄市","小港區","120.360","22.510","20"
"157","80997","20220727031000","154","1","屏東縣","新埤鄉","120.560","22.475","149"
"12","81026","20220727031000","139","0","屏東縣","新埤鄉","120.540","22.495","15"
"356","81045","20220727031000","397","0","屏東縣","新埤鄉","120.545","22.465","405"
"112","81049","20220727031000","80","2","屏東縣","新埤鄉","120.565","22.465","113"
"146","81079","20220727031000","125","1","屏東縣","新埤鄉","120.610","22.460","155"
"567","81134","20220727031000","509","1","屏東縣","新埤鄉","120.580","22.505","567"
"224","81174","20220727031000","212","1","屏東縣","新埤鄉","120.615","22.470","219"
"57","81486","20220727031000","58","0","屏東縣","春日鄉","120.630","22.425","61"
"119","81488","20220727031000","82","2","屏東縣","春日鄉","120.640","22.425","133"
"527","81506","20220727031000","417","2","屏東縣","新園鄉","120.435","22.500","577"
"55","81517","20220727031000","50","1","屏東縣","新園鄉","120.440","22.510","57"
"375","81529","20220727031000","479","0","屏東縣","萬巒鄉","120.610","22.590","368"
"705","81547","20220727031000","1293","0","屏東縣","林邊鄉","120.515","22.435","704"
"425","81552","20220727031000","354","2","屏東縣","林邊鄉","120.520","22.430","411"
"15","81557","20220727031000","14","1","屏東縣","林邊鄉","120.490","22.430","11"
"49","81560","20220727031000","30","3","屏東縣","東港鎮","120.495","22.460","52"
"218","81569","20220727031000","264","0","屏東縣","東港鎮","120.455","22.460","240"
"18","81573","20220727031000","28","0","屏東縣","東港鎮","120.465","22.440","24"
"35","81584","20220727031000","43","0","屏東縣","東港鎮","120.455","22.450","39"
"53","81816","20220727031000","55","0","屏東縣","來義鄉","120.680","22.525","54"
"55","81919","20220727031000","54","1","屏東縣","來義鄉","120.640","22.435","53"
"76","82042","20220727031000","69","1","屏東縣","來義鄉","120.635","22.525","67"
"33","82186","20220727031000","35","0","屏東縣","來義鄉","120.665","22.560","42"
"25","82194","20220727031000","353","0","屏東縣","佳冬鄉","120.550","22.415","18"
"670","82204","20220727031000","717","0","屏東縣","佳冬鄉","120.545","22.415","721"
"632","82217","20220727031000","509","2","屏東縣","竹田鄉","120.515","22.575","653"
"279","82239","20220727031000","137","3","屏東縣","東港鎮","120.495","22.455","276"
"36","82241","20220727031000","537","0","屏東縣","東港鎮","120.490","22.455","35"
"527","82243","20220727031000","590","0","屏東縣","東港鎮","120.445","22.465","539"
"208","82245","20220727031000","644","0","屏東縣","東港鎮","120.445","22.460","231"
"628","82256","20220727031000","710","0","屏東縣","東港鎮","120.455","22.470","660"
"53","82257","20220727031000","109","0","屏東縣","東港鎮","120.460","22.470","62"
"1203","82262","20220727031000","671","3","屏東縣","東港鎮","120.460","22.475","1144"
"186","82266","20220727031000","537","0","屏東縣","東港鎮","120.465","22.480","182"
"91","82270","20220727031000","452","0","屏東縣","東港鎮","120.475","22.485","104"
"34","82283","20220727031000","54","0","屏東縣","泰武鄉","120.625","22.590","39"
"73","82284","20220727031000","80","0","屏東縣","泰武鄉","120.635","22.590","99"
"358","82290","20220727031000","301","1","屏東縣","林邊鄉","120.520","22.435","383"
"380","82303","20220727031000","333","1","屏東縣","新園鄉","120.460","22.540","380"
"630","82306","20220727031000","708","0","屏東縣","新園鄉","120.460","22.545","641"
"58","82311","20220727031000","399","0","屏東縣","東港鎮","120.450","22.470","54"
"14","82316","20220727031000","11","2","屏東縣","竹田鄉","120.540","22.570","14"
"397","82324","20220727031000","516","0","屏東縣","竹田鄉","120.540","22.585","404"
"71","82325","20220727031000","88","0","屏東縣","竹田鄉","120.545","22.585","75"
"676","82333","20220727031000","658","1","屏東縣","新園鄉","120.455","22.525","668"
"243","82340","20220727031000","237","1","屏東縣","新園鄉","120.465","22.530","268"
"296","82347","20220727031000","235","2","屏東縣","新園鄉","120.440","22.475","300"
"199","82362","20220727031000","246","0","屏東縣","萬丹鄉","120.460","22.590","175"
"49","82367","20220727031000","46","1","屏東縣","萬丹鄉","120.465","22.595","42"
"381","82441","20220727031000","207","3","屏東縣","泰武鄉","120.650","22.570","344"
"12","82445","20220727031000","164","0","屏東縣","泰武鄉","120.635","22.580","12"
"53","82467","20220727031000","67","0","屏東縣","泰武鄉","120.660","22.570","50"
"51","82513","20220727031000","29","3","屏東縣","泰武鄉","120.665","22.585","55"
"16","82564","20220727031000","34","0","屏東縣","萬丹鄉","120.485","22.570","16"
"22","82568","20220727031000","33","0","屏東縣","萬丹鄉","120.490","22.575","23"
"307","82569","20220727031000","256","1","屏東縣","新園鄉","120.450","22.475","309"
"271","82576","20220727031000","210","2","屏東縣","新園鄉","120.445","22.515","269"
"165","82591","20220727031000","103","3","屏東縣","新園鄉","120.450","22.525","159"
"29","82614","20220727031000","329","0","屏東縣","佳冬鄉","120.515","22.415","34"
"16","82630","20220727031000","340","0","屏東縣","佳冬鄉","120.560","22.430","19"
"145","82634","20220727031000","472","0","屏東縣","佳冬鄉","120.560","22.435","146"
"54","82638","20220727031000","55","0","屏東縣","佳冬鄉","120.535","22.425","58"
"210","82649","20220727031000","561","0","屏東縣","佳冬鄉","120.555","22.420","231"
"190","82700","20220727031000","181","1","屏東縣","來義鄉","120.635","22.515","199"
"55","82715","20220727031000","43","2","屏東縣","來義鄉","120.660","22.525","68"
"12","82720","20220727031000","164","0","屏東縣","南州鄉","120.500","22.480","12"
"11","82722","20220727031000","83","0","屏東縣","南州鄉","120.490","22.485","24"
"221","82723","20220727031000","165","2","屏東縣","南州鄉","120.495","22.485","241"
"74","82736","20220727031000","200","0","屏東縣","南州鄉","120.530","22.465","76"
"12","82738","20220727031000","14","0","屏東縣","南州鄉","120.525","22.470","10"
"271","82740","20220727031000","186","2","屏東縣","南州鄉","120.535","22.470","278"
"538","82742","20220727031000","678","0","屏東縣","南州鄉","120.520","22.475","552"
"133","82751","20220727031000","110","2","屏東縣","南州鄉","120.540","22.485","152"
"42","82754","20220727031000","26","3","屏東縣","南州鄉","120.535","22.490","43"
"36","82763","20220727031000","23","3","屏東縣","崁頂鄉","120.520","22.495","34"
"118","82767","20220727031000","68","3","屏東縣","內埔鄉","120.560","22.585","109"
"22","82779","20220727031000","181","0","屏東縣","萬丹鄉","120.495","22.550","26"
"421","82796","20220727031000","511","0","屏東縣","新園鄉","120.460","22.505","460"
"79","82807","20220727031000","294","0","屏東縣","崁頂鄉","120.505","22.540","80"
"325","82809","20220727031000","280","1","屏東縣","崁頂鄉","120.515","22.540","309"
"31","82821","20220727031000","277","0","屏東縣","崁頂鄉","120.490","22.510","44"
"114","82835","20220727031000","76","3","屏東縣","崁頂鄉","120.520","22.530","119"
"480","82839","20220727031000","647","0","屏東縣","南州鄉","120.510","22.495","453"
"42","82881","20220727031000","144","0","屏東縣","佳冬鄉","120.560","22.445","50"
"142","82883","20220727031000","88","3","屏東縣","佳冬鄉","120.560","22.450","128"
"169","82893","20220727031000","247","0","屏東縣","萬丹鄉","120.495","22.545","187"
"64","82901","20220727031000","42","3","屏東縣","崁頂鄉","120.510","22.510","41"
"206","82906","20220727031000","412","0","屏東縣","崁頂鄉","120.515","22.515","248"
"42","82941","20220727031000","30","2","屏東縣","崁頂鄉","120.490","22.500","46"
"16","82951","20220727031000","26","0","屏東縣","內埔鄉","120.570","22.590","17"
"565","82954","20220727031000","446","2","屏東縣","新園鄉","120.460","22.495","580"
"122","82963","20220727031000","134","0","屏東縣","新園鄉","120.475","22.550","113"
"409","82970","20220727031000","520","0","屏東縣","新園鄉","120.455","22.545","409"
"83","82987","20220727031000","475","0","屏東縣","新園鄉","120.460","22.490","83"
"84","82992","20220727031000","369","0","屏東縣","新園鄉","120.445","22.500","66"
"17","82996","20220727031000","15","1","屏東縣","新園鄉","120.445","22.475","17"
"389","82997","20220727031000","252","3","屏東縣","新園鄉","120.440","22.480","375"
"199","82998","20220727031000","193","1","屏東縣","新園鄉","120.445","22.480","193"
"19","83002","20220727031000","50","0","屏東縣","新園鄉","120.440","22.485","25"
"105","83015","20220727031000","135","0","屏東縣","新埤鄉","120.550","22.505","108"
"462","83024","20220727031000","376","2","屏東縣","潮州鎮","120.530","22.545","470"
"1292","83025","20220727031000","1164","1","屏東縣","潮州鎮","120.535","22.545","1379"
"161","83047","20220727031000","139","1","屏東縣","潮州鎮","120.555","22.550","146"
"345","83049","20220727031000","235","2","屏東縣","潮州鎮","120.565","22.550","368"
"367","83055","20220727031000","391","0","屏東縣","萬丹鄉","120.470","22.560","369"
"41","83064","20220727031000","202","0","屏東縣","萬巒鄉","120.600","22.590","35"
"163","83080","20220727031000","386","0","屏東縣","東港鎮","120.450","22.465","178"
"390","83093","20220727031000","249","3","屏東縣","萬巒鄉","120.595","22.565","364"
"66","83095","20220727031000","316","0","屏東縣","萬巒鄉","120.605","22.565","78"
"160","83096","20220727031000","97","3","屏東縣","萬巒鄉","120.600","22.570","155"
"10","83099","20220727031000","13","0","屏東縣","萬巒鄉","120.595","22.570","10"
"245","83142","20220727031000","162","3","屏東縣","新埤鄉","120.625","22.525","228"
"40","83161","20220727031000","411","0","屏東縣","萬巒鄉","120.620","22.545","45"
"303","83162","20220727031000","427","0","屏東縣","泰武鄉","120.625","22.545","321"
"150","83177","20220727031000","135","1","屏東縣","萬巒鄉","120.580","22.590","163"
"530","83201","20220727031000","519","1","屏東縣","萬巒鄉","120.570","22.570","541"
"234","83206","20220727031000","324","0","屏東縣","萬巒鄉","120.565","22.575","227"
"181","83210","20220727031000","135","2","屏東縣","內埔鄉","120.565","22.580","186"
"16","83216","20220727031000","15","1","屏東縣","萬丹鄉","120.485","22.555","19"
"18","83222","20220727031000","117","0","屏東縣","東港鎮","120.470","22.485","13"
"35","83231","20220727031000","26","2","屏東縣","東港鎮","120.460","22.460","41"
"658","83232","20220727031000","677","0","屏東縣","東港鎮","120.465","22.460","691"
"573","83234","20220727031000","726","0","屏東縣","東港鎮","120.455","22.465","579"
"159","83235","20220727031000","89","3","屏東縣","東港鎮","120.460","22.465","154"
"154","83236","20220727031000","889","0","屏東縣","東港鎮","120.465","22.465","170"
"21","83237","20220727031000","12","3","屏東縣","東港鎮","120.470","22.465","23"
"379","83241","20220727031000","597","0","屏東縣","東港鎮","120.440","22.460","399"
"488","83257","20220727031000","728","0","屏東縣","竹田鄉","120.525","22.575","565"
"142","83258","20220727031000","112","2","屏東縣","潮州鎮","120.530","22.525","130"
"245","83261","20220727031000","203","2","屏東縣","潮州鎮","120.540","22.525","230"
"146","83267","20220727031000","122","1","屏東縣","潮州鎮","120.535","22.535","175"
"381","83269","20220727031000","251","3","屏東縣","潮州鎮","120.535","22.540","376"
"102","83271","20220727031000","88","1","屏東縣","枋寮鄉","120.580","22.410","96"
"74","83278","20220727031000","62","1","屏東縣","枋寮鄉","120.580","22.415","89"
"27","83323","20220727031000","67","0","屏東縣","枋寮鄉","120.620","22.425","28"
"56","83342","20220727031000","39","2","屏東縣","枋寮鄉","120.595","22.435","49"
"257","83378","20220727031000","235","1","屏東縣","萬丹鄉","120.460","22.575","252"
"37","83380","20220727031000","43","0","屏東縣","萬丹鄉","120.470","22.575","45"
"16","83382","20220727031000","18","0","屏東縣","竹田鄉","120.530","22.595","17"
"333","83383","20220727031000","297","1","屏東縣","竹田鄉","120.535","22.595","334"
"15","83404","20220727031000","12","2","屏東縣","林邊鄉","120.505","22.435","13"
"63","83414","20220727031000","42","3","屏東縣","林邊鄉","120.525","22.455","66"
"156","83430","20220727031000","142","1","屏東縣","萬丹鄉","120.485","22.580","145"
"459","83431","20220727031000","428","1","屏東縣","萬丹鄉","120.490","22.580","467"
"56","83433","20220727031000","65","0","屏東縣","萬丹鄉","120.480","22.565","68"
"498","83435","20220727031000","768","0","屏東縣","竹田鄉","120.490","22.565","527"
"115","83437","20220727031000","86","2","屏東縣","萬丹鄉","120.480","22.570","118"
"35","83438","20220727031000","39","0","屏東縣","萬丹鄉","120.490","22.550","23"
"41","83439","20220727031000","51","0","屏東縣","萬丹鄉","120.490","22.555","37"
"615","83442","20220727031000","772","0","屏東縣","潮州鎮","120.545","22.545","616"
"437","83443","20220727031000","309","2","屏東縣","潮州鎮","120.550","22.545","439"
"1044","83448","20220727031000","807","2","屏東縣","潮州鎮","120.550","22.555","1060"
"435","83455","20220727031000","467","0","屏東縣","潮州鎮","120.560","22.515","439"
"88","83457","20220727031000","142","0","屏東縣","潮州鎮","120.570","22.515","82"
"468","83473","20220727031000","579","0","屏東縣","潮州鎮","120.530","22.560","497"
"247","83483","20220727031000","363","0","屏東縣","萬丹鄉","120.465","22.565","258"
"1410","83504","20220727031000","1145","2","屏東縣","潮州鎮","120.540","22.555","1426"
"23","83508","20220727031000","129","0","屏東縣","潮州鎮","120.550","22.560","24"
"420","83516","20220727031000","313","2","屏東縣","潮州鎮","120.540","22.545","417"
"21","83518","20220727031000","14","3","屏東縣","潮州鎮","120.545","22.550","19"
"444","83525","20220727031000","528","0","屏東縣","潮州鎮","120.530","22.540","452"
"152","83540","20220727031000","107","2","屏東縣","潮州鎮","120.580","22.555","147"
"846","83567","20220727031000","767","1","屏東縣","萬丹鄉","120.490","22.590","850"
"13","83574","20220727031000","13","1","屏東縣","潮州鎮","120.550","22.535","10"
"328","83576","20220727031000","235","2","屏東縣","潮州鎮","120.550","22.540","320"
"595","83577","20220727031000","409","2","屏東縣","潮州鎮","120.535","22.550","597"
"60","83578","20220727031000","636","0","屏東縣","潮州鎮","120.535","22.555","58"
"85","83582","20220727031000","63","2","屏東縣","萬丹鄉","120.500","22.595","84"
"376","83585","20220727031000","457","0","屏東縣","萬丹鄉","120.485","22.585","392"
"153","83586","20220727031000","397","0","屏東縣","萬丹鄉","120.490","22.585","161"
"36","83599","20220727031000","305","0","屏東縣","南州鄉","120.505","22.490","20"
"541","83623","20220727031000","423","2","屏東縣","南州鄉","120.510","22.490","590"
"171","83624","20220727031000","138","2","屏東縣","潮州鎮","120.530","22.510","196"
"169","83625","20220727031000","144","1","屏東縣","潮州鎮","120.535","22.510","172"
"485","83646","20220727031000","307","3","屏東縣","潮州鎮","120.530","22.550","481"
"1186","83648","20220727031000","910","2","高雄市","鳳山區","120.325","22.595","1157"
"339","83650","20220727031000","475","0","高雄市","前鎮區","120.320","22.595","352"
"1162","83651","20220727031000","1403","0","高雄市","小港區","120.360","22.565","1208"
"154","83652","20220727031000","105","2","高雄市","小港區(海)","120.335","22.550","146"
"287","83653","20220727031000","243","1","高雄市","小港區","120.335","22.555","294"
"326","83655","20220727031000","299","1","高雄市","小港區","120.340","22.560","332"
"53","83657","20220727031000","57","0","高雄市","小港區","120.370","22.530","40"
"106","83658","20220727031000","121","0","高雄市","小港區","120.365","22.535","96"
"20","83660","20220727031000","127","0","高雄市","小港區","120.370","22.540","20"
"31","83661","20220727031000","26","1","高雄市","小港區","120.375","22.540","32"
"270","83662","20220727031000","139","3","高雄市","小港區","120.370","22.545","270"
"58","83666","20220727031000","50","1","高雄市","小港區","120.375","22.545","85"
"18","83669","20220727031000","142","0","高雄市","小港區","120.375","22.550","13"
"273","83670","20220727031000","84","3","高雄市","小港區","120.370","22.555","258"
"50","83671","20220727031000","762","0","高雄市","小港區","120.365","22.560","57"
"620","83673","20220727031000","708","0","高雄市","小港區","120.375","22.560","590"
"540","83674","20220727031000","1178","0","高雄市","小港區","120.365","22.565","536"
"318","83675","20220727031000","402","0","高雄市","小港區","120.370","22.565","311"
"846","83677","20220727031000","1749","0","高雄市","小港區","120.355","22.570","843"
"530","83684","20220727031000","637","0","高雄市","大寮區","120.380","22.590","597"
"44","83692","20220727031000","560","0","高雄市","大寮區","120.385","22.590","42"
"587","83694","20220727031000","397","2","高雄市","大寮區","120.395","22.590","574"
"89","83701","20220727031000","105","0","高雄市","大寮區","120.420","22.585","91"
"24","83702","20220727031000","309","0","高雄市","大寮區","120.410","22.590","18"
"167","83703","20220727031000","123","2","高雄市","大寮區","120.415","22.590","169"
"912","83704","20220727031000","929","0","高雄市","大寮區","120.420","22.590","930"
"542","83705","20220727031000","462","1","高雄市","大寮區","120.410","22.595","527"
"424","83706","20220727031000","283","2","高雄市","大寮區","120.415","22.595","394"
"11","83712","20220727031000","46","0","高雄市","前鎮區","120.310","22.580","12"
"54","83713","20220727031000","654","0","高雄市","小港區","120.345","22.565","50"
"16","83752","20220727031000","11","2","臺東縣","大武鄉","120.930","22.425","19"
"10","83764","20220727031000","13","0","臺東縣","大武鄉","120.935","22.435","10"
"73","83802","20220727031000","60","2","臺東縣","大武鄉","120.925","22.415","73"
"19","83805","20220727031000","556","0","高雄市","小港區","120.345","22.525","21"
"138","83815","20220727031000","111","2","高雄市","林園區","120.405","22.495","142"
"44","83819","20220727031000","56","0","高雄市","林園區","120.400","22.500","46"
"16","83820","20220727031000","171","0","高雄市","林園區","120.410","22.495","14"
"347","83822","20220727031000","312","1","高雄市","林園區","120.390","22.505","341"
"51","83828","20220727031000","44","1","高雄市","林園區","120.415","22.485","55"
"374","83831","20220727031000","500","0","高雄市","前鎮區","120.315","22.580","374"
"1572","83836","20220727031000","1199","2","高雄市","大寮區","120.405","22.545","1558"
"29","83838","20220727031000","172","0","高雄市","前鎮區","120.300","22.590","22"
"20","83839","20220727031000","210","0","高雄市","前鎮區","120.300","22.585","20"
"147","83840","20220727031000","105","2","高雄市","前鎮區","120.295","22.590","158"
"84","83842","20220727031000","324","0","高雄市","前鎮區","120.305","22.590","85"
"114","83843","20220727031000","88","2","高雄市","前鎮區","120.290","22.595","115"
"142","83844","20220727031000","130","1","高雄市","前鎮區","120.295","22.595","132"
"221","83845","20220727031000","260","0","高雄市","前鎮區","120.310","22.585","235"
"128","83862","20220727031000","161","0","臺東縣","達仁鄉","120.905","22.475","154"
"154","84086","20220727031000","138","1","臺東縣","達仁鄉","120.885","22.455","153"
"253","84511","20220727031000","276","0","臺東縣","金峰鄉","120.960","22.595","268"
"196","85294","20220727031000","172","1","臺東縣","太麻里鄉","120.960","22.530","177"
"487","85296","20220727031000","414","1","高雄市","林園區","120.410","22.480","482"
"14","85297","20220727031000","12","1","高雄市","林園區","120.395","22.490","12"
"420","85301","20220727031000","334","2","高雄市","林園區","120.360","22.505","423"
"503","85302","20220727031000","348","2","高雄市","林園區","120.365","22.505","502"
"355","85305","20220727031000","1032","0","高雄市","小港區","120.335","22.560","357"
"417","85307","20220727031000","345","2","高雄市","鳳山區","120.345","22.585","407"
"647","85308","20220727031000","472","2","高雄市","鳳山區","120.355","22.590","625"
"631","85309","20220727031000","532","1","高雄市","鳳山區","120.360","22.590","658"
"82","85310","20220727031000","393","0","高雄市","鳳山區","120.365","22.590","75"
"1368","85311","20220727031000","1406","0","高雄市","鳳山區","120.355","22.595","1410"
"417","85315","20220727031000","357","1","高雄市","鳳山區","120.360","22.595","410"
"343","85322","20220727031000","531","0","高雄市","小港區","120.350","22.560","353"
"797","85323","20220727031000","704","1","高雄市","小港區","120.355","22.560","809"
"1876","85325","20220727031000","1653","1","高雄市","鳳山區","120.360","22.585","1891"
"80","85327","20220727031000","502","0","高雄市","小港區","120.370","22.570","86"
"116","85328","20220727031000","120","0","高雄市","小港區","120.355","22.565","122"
"411","85329","20220727031000","302","2","高雄市","小港區","120.375","22.570","407"
"35","85331","20220727031000","223","0","高雄市","小港區","120.370","22.575","34"
"802","85332","20220727031000","770","1","高雄市","小港區","120.375","22.575","783"
"66","85337","20220727031000","91","0","高雄市","小港區","120.355","22.540","67"
"68","85340","20220727031000","87","0","高雄市","小港區","120.350","22.540","69"
"258","85343","20220727031000","176","2","高雄市","小港區","120.360","22.540","253"
"68","85345","20220727031000","45","3","高雄市","小港區","120.340","22.545","103"
"216","85347","20220727031000","193","1","高雄市","小港區","120.350","22.545","202"
"41","85353","20220727031000","43","0","高雄市","小港區","120.350","22.550","45"
"97","85354","20220727031000","78","2","高雄市","小港區","120.355","22.550","85"
"180","85355","20220727031000","162","1","高雄市","小港區","120.360","22.550","208"
"30","85356","20220727031000","93","0","高雄市","小港區","120.345","22.555","34"
"243","85359","20220727031000","229","1","高雄市","小港區","120.355","22.555","259"
"273","85360","20220727031000","222","2","高雄市","小港區","120.345","22.560","284"
"102","85367","20220727031000","104","0","高雄市","小港區","120.345","22.530","93"
"37","85368","20220727031000","36","1","高雄市","小港區","120.350","22.530","27"
"153","85370","20220727031000","144","1","高雄市","小港區","120.355","22.530","141"
"282","85371","20220727031000","253","1","高雄市","小港區","120.360","22.530","268"
"151","85372","20220727031000","187","0","高雄市","小港區","120.335","22.535","154"
"96","85374","20220727031000","93","1","高雄市","小港區","120.345","22.535","105"
"157","85377","20220727031000","80","3","高雄市","小港區(海)","120.330","22.540","59"
"77","85382","20220727031000","144","0","高雄市","小港區","120.320","22.545","37"
"682","85384","20220727031000","860","0","高雄市","前鎮區","120.325","22.570","727"
"899","85385","20220727031000","963","0","高雄市","前鎮區","120.325","22.575","893"
"494","85386","20220727031000","1282","0","高雄市","前鎮區","120.315","22.590","502"
"234","85387","20220727031000","326","0","高雄市","前鎮區","120.305","22.595","235"
"443","85389","20220727031000","662","0","高雄市","前鎮區","120.310","22.595","477"
"506","85391","20220727031000","317","3","高雄市","前鎮區","120.315","22.575","511"
"257","85392","20220727031000","200","2","高雄市","前鎮區","120.320","22.575","264"
"854","85393","20220727031000","1513","0","高雄市","前鎮區","120.325","22.580","850"
"499","85396","20220727031000","583","0","高雄市","前鎮區","120.330","22.585","514"
"374","85398","20220727031000","542","0","高雄市","鳳山區","120.340","22.585","356"
"126","85400","20220727031000","137","0","臺東縣","太麻里鄉","120.940","22.460","127"
"10","85417","20220727031000","16","0","臺東縣","太麻里鄉","120.950","22.480","11"
"37","85451","20220727031000","50","0","臺東縣","太麻里鄉","120.955","22.510","44"
"131","85475","20220727031000","111","1","臺東縣","太麻里鄉","120.935","22.520","132"
"265","85487","20220727031000","274","0","高雄市","鳳山區","120.325","22.585","273"
"709","85489","20220727031000","506","2","高雄市","鳳山區","120.350","22.590","722"
"1396","85490","20220727031000","1130","2","高雄市","鳳山區","120.345","22.595","1361"
"597","85491","20220727031000","869","0","高雄市","鳳山區","120.330","22.590","601"
"2595","85492","20220727031000","1868","2","高雄市","鳳山區","120.325","22.590","2552"
"850","85493","20220727031000","882","0","高雄市","前鎮區","120.320","22.585","886"
"477","85496","20220727031000","475","1","高雄市","前鎮區","120.330","22.580","507"
"344","85517","20220727031000","428","0","高雄市","大寮區","120.410","22.560","350"
"288","85519","20220727031000","206","2","高雄市","大寮區","120.420","22.560","270"
"322","85533","20220727031000","299","1","高雄市","大寮區","120.405","22.580","364"
"1284","85535","20220727031000","1184","1","高雄市","鳳山區","120.335","22.595","1292"
"118","85536","20220727031000","423","0","高雄市","小港區","120.360","22.570","129"
"570","85537","20220727031000","648","0","高雄市","林園區","120.385","22.490","560"
"516","85543","20220727031000","463","1","高雄市","鳳山區","120.330","22.595","506"
"253","85544","20220727031000","250","1","高雄市","小港區","120.355","22.515","251"
"100","85546","20220727031000","94","1","高雄市","小港區","120.360","22.525","92"
"290","85559","20220727031000","370","0","臺東縣","太麻里鄉","120.965","22.530","292"
"24","85590","20220727031000","16","3","臺東縣","太麻里鄉","120.965","22.545","21"
"25","85591","20220727031000","16","3","臺東縣","太麻里鄉","120.970","22.545","23"
"202","85656","20220727031000","98","3","臺東縣","太麻里鄉","120.990","22.575","222"
"53","85660","20220727031000","81","0","臺東縣","太麻里鄉","120.990","22.580","47"
"795","85678","20220727031000","664","1","高雄市","鳳山區","120.350","22.595","786"
"283","85680","20220727031000","321","0","高雄市","鳳山區","120.340","22.595","270"
"573","85681","20220727031000","457","2","高雄市","林園區","120.375","22.500","607"
"1217","85683","20220727031000","1055","1","高雄市","林園區","120.385","22.500","1249"
"131","85684","20220727031000","430","0","高雄市","林園區","120.395","22.485","129"
"250","85685","20220727031000","242","1","高雄市","林園區","120.375","22.505","260"
"313","85689","20220727031000","1096","0","高雄市","前鎮區","120.310","22.590","301"
"520","85700","20220727031000","658","0","高雄市","小港區","120.340","22.565","528"
"308","85708","20220727031000","304","1","高雄市","小港區","120.380","22.545","310"
"53","85713","20220727031000","98","0","高雄市","小港區","120.390","22.545","52"
"486","85719","20220727031000","480","1","高雄市","小港區","120.385","22.555","486"
"386","85721","20220727031000","517","0","高雄市","小港區","120.390","22.560","377"
"131","85723","20220727031000","210","0","高雄市","小港區","120.380","22.555","148"
"361","85724","20220727031000","267","2","高雄市","小港區","120.380","22.560","375"
"194","85725","20220727031000","90","3","高雄市","小港區","120.385","22.560","193"
"102","85726","20220727031000","151","0","高雄市","小港區","120.380","22.565","109"
"212","85727","20220727031000","99","3","高雄市","小港區","120.385","22.565","187"
"512","85728","20220727031000","332","3","高雄市","大寮區","120.400","22.590","516"
"23","85729","20220727031000","50","0","高雄市","大寮區","120.390","22.595","25"
"46","85731","20220727031000","37","2","高雄市","大寮區","120.415","22.535","53"
"102","85751","20220727031000","81","2","高雄市","大寮區","120.425","22.555","109"
"218","85754","20220727031000","169","2","高雄市","大寮區","120.425","22.560","218"
"840","85755","20220727031000","797","1","高雄市","前鎮區","120.315","22.585","845"
"305","85756","20220727031000","219","2","高雄市","前鎮區","120.305","22.585","302"
"142","85758","20220727031000","290","0","高雄市","小港區","120.345","22.570","154"
"601","85759","20220727031000","1322","0","高雄市","小港區","120.350","22.570","597"
"293","85764","20220727031000","333","0","高雄市","小港區","120.350","22.575","309"
"356","85768","20220727031000","324","1","高雄市","小港區","120.350","22.580","327"
"428","85770","20220727031000","1004","0","高雄市","鳳山區","120.350","22.585","469"
"1794","85771","20220727031000","2286","0","高雄市","鳳山區","120.355","22.585","1742"
"1524","85772","20220727031000","1557","0","高雄市","小港區","120.350","22.565","1533"
"16","85776","20220727031000","29","0","高雄市","小港區","120.325","22.565","10"
"615","85777","20220727031000","688","0","高雄市","小港區","120.330","22.565","613"
"469","85778","20220727031000","493","0","高雄市","前鎮區","120.330","22.570","444"
"912","85779","20220727031000","906","1","高雄市","小港區","120.335","22.570","1064"
"261","85780","20220727031000","220","1","高雄市","小港區","120.335","22.565","238"
"493","85790","20220727031000","566","0","高雄市","鳳山區","120.340","22.590","494"
"371","85791","20220727031000","342","1","高雄市","鳳山區","120.345","22.590","388"
"1204","85793","20220727031000","1256","0","高雄市","鳳山區","120.335","22.590","1186"
"533","85794","20220727031000","327","3","高雄市","前鎮區","120.335","22.585","531"
"107","85806","20220727031000","138","0","高雄市","小港區(海)","120.330","22.550","191"
"110","85816","20220727031000","102","1","高雄市","小港區(海)","120.315","22.550","169"
"107","85817","20220727031000","86","2","高雄市","旗津區","120.310","22.555","116"
"34","85821","20220727031000","54","0","高雄市","旗津區(海)","120.300","22.575","46"
"23","85823","20220727031000","38","0","高雄市","前鎮區(海)","120.295","22.585","31"
"94","85826","20220727031000","235","0","高雄市","旗津區(海)","120.295","22.580","99"
"193","85827","20220727031000","131","2","高雄市","旗津區","120.290","22.585","196"
"32","85829","20220727031000","80","0","高雄市","大寮區","120.430","22.560","29"
"14","85834","20220727031000","66","0","高雄市","大寮區","120.430","22.565","18"
"176","85835","20220727031000","141","2","高雄市","大寮區","120.435","22.565","176"
"133","85837","20220727031000","87","3","高雄市","大寮區","120.420","22.570","147"
"403","85839","20220727031000","380","1","高雄市","大寮區","120.430","22.570","401"
"22","85845","20220727031000","20","1","高雄市","大寮區","120.435","22.580","25"
"74","85858","20220727031000","64","1","高雄市","大寮區","120.410","22.575","61"
"307","85859","20220727031000","242","2","高雄市","大寮區","120.415","22.575","298"
"192","85864","20220727031000","201","0","高雄市","大寮區","120.420","22.580","196"
"257","85865","20220727031000","215","1","高雄市","大寮區","120.425","22.580","232"
"22","85866","20220727031000","229","0","高雄市","大寮區","120.430","22.580","24"
"64","85867","20220727031000","64","1","高雄市","大寮區","120.425","22.585","52"
"23","85869","20220727031000","29","0","高雄市","大寮區","120.435","22.585","31"
"23","85872","20220727031000","124","0","高雄市","大寮區","120.425","22.590","19"
"125","85873","20220727031000","124","1","高雄市","大寮區","120.430","22.590","126"
"30","85880","20220727031000","353","0","高雄市","大寮區","120.400","22.595","24"
"589","85881","20220727031000","510","1","高雄市","大寮區","120.405","22.595","608"
"325","85887","20220727031000","311","1","高雄市","前鎮區","120.320","22.570","294"
"77","85888","20220727031000","89","0","高雄市","前鎮區(海)","120.305","22.575","141"
"637","85894","20220727031000","484","2","高雄市","小港區","120.365","22.585","606"
"819","85896","20220727031000","722","1","高雄市","前鎮區","120.320","22.590","833"
"303","85897","20220727031000","309","0","高雄市","林園區","120.395","22.505","317"
"1521","85898","20220727031000","1046","2","高雄市","林園區","120.395","22.510","1525"
"244","85910","20220727031000","209","1","高雄市","林園區","120.405","22.500","250"
"63","85911","20220727031000","82","0","高雄市","林園區","120.410","22.500","84"
"345","85915","20220727031000","328","1","高雄市","林園區","120.405","22.505","358"
"52","85916","20220727031000","37","2","高雄市","林園區","120.410","22.505","45"
"219","85920","20220727031000","203","1","高雄市","林園區","120.405","22.510","219"
"405","85929","20220727031000","303","2","高雄市","林園區","120.405","22.520","420"
"230","85936","20220727031000","223","1","高雄市","林園區","120.390","22.525","222"
"143","85937","20220727031000","212","0","高雄市","林園區","120.395","22.525","136"
"23","85945","20220727031000","114","0","高雄市","前鎮區","120.300","22.595","18"
"915","85946","20220727031000","701","2","高雄市","前鎮區","120.325","22.600","958"
"119","85948","20220727031000","469","0","高雄市","林園區","120.390","22.510","129"
"16","85949","20220727031000","15","1","高雄市","林園區","120.390","22.515","16"
"212","85950","20220727031000","185","1","高雄市","林園區","120.400","22.480","213"
"101","85953","20220727031000","55","3","高雄市","旗津區","120.310","22.560","96"
"32","85954","20220727031000","48","0","高雄市","旗津區","120.305","22.565","45"
"243","85955","20220727031000","324","0","高雄市","旗津區","120.300","22.570","252"
"51","85960","20220727031000","318","0","高雄市","林園區","120.395","22.530","51"
"229","85961","20220727031000","239","0","高雄市","林園區","120.400","22.530","241"
"21","85963","20220727031000","20","1","高雄市","林園區","120.385","22.505","21"
"51","85971","20220727031000","330","0","高雄市","旗津區","120.280","22.595","55"
"105","85972","20220727031000","133","0","高雄市","旗津區","120.285","22.585","116"
"136","85975","20220727031000","125","1","高雄市","旗津區","120.285","22.590","137"
"599","85978","20220727031000","418","2","高雄市","林園區","120.390","22.500","543"
"81","85982","20220727031000","820","0","高雄市","林園區","120.380","22.500","77"
"71","85983","20220727031000","663","0","高雄市","林園區","120.395","22.500","70"
"177","85988","20220727031000","154","1","高雄市","林園區","120.395","22.535","160"
"363","85989","20220727031000","241","3","高雄市","林園區","120.400","22.535","358"
"42","88407","20220727031000","94","0","高雄市","鼓山區","120.260","22.625","43"
"45","90458","20220727031000","11","3","臺東縣","綠島鄉","121.470","22.645","33"
"336","93129","20220727031000","122","3","臺東縣","綠島鄉","121.485","22.680","354"
"644","94971","20220727031000","217","3","高雄市","左營區","120.275","22.700","544"
"34","97490","20220727031000","528","0","屏東縣","屏東市","120.480","22.650","32"
"367","97491","20220727031000","316","1","屏東縣","屏東市","120.485","22.650","361"
"346","97497","20220727031000","468","0","屏東縣","屏東市","120.485","22.645","375"
"24","97500","20220727031000","15","3","屏東縣","屏東市","120.500","22.660","22"
"320","97501","20220727031000","305","1","屏東縣","屏東市","120.500","22.665","318"
"35","97502","20220727031000","297","0","屏東縣","九如鄉","120.490","22.730","32"
"735","97503","20220727031000","814","0","屏東縣","九如鄉","120.490","22.735","777"
"300","97504","20220727031000","188","3","屏東縣","九如鄉","120.490","22.710","288"
"21","97506","20220727031000","28","0","屏東縣","九如鄉","120.490","22.715","22"
"22","97516","20220727031000","370","0","屏東縣","九如鄉","120.500","22.735","29"
"140","97518","20220727031000","84","3","屏東縣","九如鄉","120.505","22.735","128"
"458","97519","20220727031000","401","1","屏東縣","屏東市","120.475","22.655","484"
"316","97520","20220727031000","189","3","屏東縣","屏東市","120.480","22.655","304"
"11","97527","20220727031000","10","1","屏東縣","屏東市","120.450","22.635","11"
"22","97528","20220727031000","29","0","屏東縣","屏東市","120.455","22.635","18"
"15","97529","20220727031000","13","1","屏東縣","屏東市","120.460","22.635","14"
"45","97542","20220727031000","41","1","屏東縣","屏東市","120.495","22.625","49"
"541","97544","20220727031000","453","1","屏東縣","屏東市","120.505","22.625","567"
"1581","97550","20220727031000","1720","0","屏東縣","長治鄉","120.510","22.680","1634"
"10","97551","20220727031000","18","0","屏東縣","屏東市","120.475","22.665","13"
"671","97552","20220727031000","439","3","屏東縣","屏東市","120.485","22.670","693"
"69","97565","20220727031000","65","1","屏東縣","內埔鄉","120.570","22.650","74"
"16","97566","20220727031000","128","0","屏東縣","內埔鄉","120.575","22.650","27"
"11","97567","20220727031000","25","0","屏東縣","內埔鄉","120.560","22.655","12"
"428","97588","20220727031000","289","2","屏東縣","屏東市","120.505","22.690","447"
"985","97589","20220727031000","1500","0","屏東縣","屏東市","120.495","22.685","1051"
"19","97597","20220727031000","255","0","屏東縣","屏東市","120.510","22.700","16"
"64","97598","20220727031000","63","1","屏東縣","屏東市","120.495","22.705","63"
"206","97600","20220727031000","73","3","屏東縣","屏東市","120.505","22.705","190"
"1172","97606","20220727031000","1024","1","屏東縣","屏東市","120.475","22.660","1184"
"166","97607","20220727031000","359","0","屏東縣","屏東市","120.480","22.660","170"
"2371","97613","20220727031000","1621","2","屏東縣","屏東市","120.475","22.690","2306"
"115","97614","20220727031000","166","0","屏東縣","屏東市","120.470","22.690","89"
"26","97625","20220727031000","36","0","屏東縣","屏東市","120.485","22.700","20"
"349","97627","20220727031000","212","3","屏東縣","屏東市","120.480","22.670","340"
"304","97628","20220727031000","288","1","屏東縣","屏東市","120.495","22.670","326"
"234","97638","20220727031000","310","0","屏東縣","竹田鄉","120.525","22.605","227"
"778","97642","20220727031000","668","1","屏東縣","屏東市","120.495","22.665","780"
"502","97643","20220727031000","521","0","屏東縣","屏東市","120.480","22.640","478"
"360","97654","20220727031000","335","1","屏東縣","鹽埔鄉","120.605","22.725","340"
"14","97655","20220727031000","18","0","屏東縣","屏東市","120.500","22.650","21"
"29","97656","20220727031000","38","0","屏東縣","屏東市","120.505","22.650","31"
"508","97657","20220727031000","350","2","屏東縣","屏東市","120.480","22.675","525"
"1370","97658","20220727031000","1031","2","屏東縣","屏東市","120.490","22.655","1384"
"363","97660","20220727031000","324","1","屏東縣","屏東市","120.490","22.660","369"
"73","97661","20220727031000","67","1","屏東縣","屏東市","120.495","22.660","79"
"183","97663","20220727031000","70","3","屏東縣","屏東市","120.460","22.665","184"
"33","97701","20220727031000","545","0","屏東縣","鹽埔鄉","120.540","22.730","34"
"28","97715","20220727031000","360","0","屏東縣","鹽埔鄉","120.555","22.735","29"
"174","97722","20220727031000","113","3","屏東縣","鹽埔鄉","120.520","22.735","172"
"12","97743","20220727031000","18","0","屏東縣","長治鄉","120.525","22.690","10"
"68","97744","20220727031000","314","0","屏東縣","長治鄉","120.530","22.690","75"
"35","97746","20220727031000","21","3","屏東縣","長治鄉","120.530","22.695","43"
"356","97754","20220727031000","316","1","屏東縣","屏東市","120.490","22.675","360"
"250","97761","20220727031000","823","0","屏東縣","屏東市","120.470","22.655","236"
"26","97765","20220727031000","30","0","屏東縣","屏東市","120.510","22.645","27"
"648","97771","20220727031000","850","0","屏東縣","屏東市","120.495","22.680","645"
"860","97772","20220727031000","408","3","屏東縣","屏東市","120.495","22.675","878"
"135","97773","20220727031000","331","0","屏東縣","屏東市","120.500","22.685","123"
"1602","97774","20220727031000","1434","1","屏東縣","屏東市","120.505","22.685","1616"
"800","97775","20220727031000","748","1","屏東縣","屏東市","120.510","22.685","784"
"529","97777","20220727031000","561","0","屏東縣","屏東市","120.500","22.675","534"
"128","97783","20220727031000","102","2","屏東縣","內埔鄉","120.600","22.650","130"
"178","97786","20220727031000","822","0","屏東縣","內埔鄉","120.615","22.650","228"
"83","97791","20220727031000","682","0","屏東縣","內埔鄉","120.600","22.660","80"
"304","97800","20220727031000","190","3","屏東縣","麟洛鄉","120.535","22.650","296"
"108","97814","20220727031000","111","0","屏東縣","麟洛鄉","120.550","22.660","112"
"87","97818","20220727031000","84","1","屏東縣","麟洛鄉","120.535","22.665","88"
"45","97823","20220727031000","30","3","屏東縣","麟洛鄉","120.515","22.640","44"
"338","97842","20220727031000","249","2","屏東縣","麟洛鄉","120.520","22.645","337"
"16","97844","20220727031000","16","1","屏東縣","屏東市","120.515","22.650","18"
"40","97849","20220727031000","527","0","屏東縣","麟洛鄉","120.525","22.650","39"
"92","97851","20220727031000","514","0","屏東縣","麟洛鄉","120.520","22.655","97"
"50","97914","20220727031000","368","0","屏東縣","萬丹鄉","120.460","22.595","50"
"718","97916","20220727031000","624","1","屏東縣","屏東市","120.490","22.680","737"
"706","97917","20220727031000","682","1","屏東縣","屏東市","120.490","22.685","701"
"1143","97918","20220727031000","768","2","屏東縣","屏東市","120.490","22.690","1176"
"397","97919","20220727031000","653","0","屏東縣","屏東市","120.505","22.670","403"
"1076","97920","20220727031000","1622","0","屏東縣","長治鄉","120.510","22.670","1032"
"134","97925","20220727031000","363","0","屏東縣","長治鄉","120.545","22.690","142"
"33","97933","20220727031000","16","3","屏東縣","屏東市","120.465","22.670","16"
"368","97947","20220727031000","340","1","屏東縣","屏東市","120.475","22.680","393"
"121","97948","20220727031000","275","0","屏東縣","屏東市","120.480","22.680","120"
"109","97953","20220727031000","171","0","屏東縣","屏東市","120.465","22.685","92"
"295","97954","20220727031000","265","1","屏東縣","屏東市","120.470","22.685","290"
"202","97955","20220727031000","430","0","屏東縣","屏東市","120.475","22.685","218"
"715","97964","20220727031000","907","0","屏東縣","屏東市","120.510","22.655","750"
"291","97965","20220727031000","498","0","屏東縣","屏東市","120.505","22.660","296"
"165","97967","20220727031000","787","0","屏東縣","屏東市","120.515","22.660","162"
"500","97969","20220727031000","797","0","屏東縣","屏東市","120.505","22.665","534"
"44","97974","20220727031000","924","0","屏東縣","屏東市","120.505","22.675","45"
"427","97978","20220727031000","384","1","屏東縣","屏東市","120.475","22.670","448"
"481","97984","20220727031000","394","2","屏東縣","萬丹鄉","120.485","22.610","500"
"359","97985","20220727031000","242","2","屏東縣","萬丹鄉","120.490","22.610","330"
"47","97991","20220727031000","212","0","屏東縣","萬丹鄉","120.490","22.620","58"
"13","98035","20220727031000","27","0","屏東縣","泰武鄉","120.700","22.610","24"
"26","98173","20220727031000","141","0","屏東縣","泰武鄉","120.640","22.625","28"
"118","98233","20220727031000","515","0","屏東縣","萬丹鄉","120.470","22.620","140"
"168","98245","20220727031000","144","1","屏東縣","萬丹鄉","120.470","22.610","175"
"202","98249","20220727031000","153","2","屏東縣","內埔鄉","120.600","22.675","199"
"135","98252","20220727031000","97","2","屏東縣","內埔鄉","120.585","22.640","142"
"53","98255","20220727031000","737","0","屏東縣","內埔鄉","120.590","22.645","63"
"242","98266","20220727031000","171","2","屏東縣","瑪家鄉","120.650","22.700","245"
"243","98270","20220727031000","305","0","屏東縣","內埔鄉","120.645","22.705","252"
"964","98276","20220727031000","720","2","屏東縣","內埔鄉","120.565","22.635","956"
"206","98277","20220727031000","197","1","屏東縣","內埔鄉","120.545","22.640","208"
"476","98281","20220727031000","460","1","屏東縣","麟洛鄉","120.540","22.645","509"
"227","98298","20220727031000","487","0","屏東縣","內埔鄉","120.555","22.600","236"
"570","98309","20220727031000","815","0","屏東縣","內埔鄉","120.595","22.630","555"
"287","98311","20220727031000","248","1","屏東縣","內埔鄉","120.590","22.635","289"
"70","98316","20220727031000","540","0","屏東縣","內埔鄉","120.600","22.640","60"
"13","98322","20220727031000","154","0","屏東縣","內埔鄉","120.610","22.645","13"
"104","98328","20220727031000","89","1","屏東縣","瑪家鄉","120.630","22.650","103"
"15","98341","20220727031000","320","0","屏東縣","內埔鄉","120.580","22.620","13"
"43","98346","20220727031000","26","3","屏東縣","內埔鄉","120.545","22.630","40"
"60","98348","20220727031000","283","0","屏東縣","內埔鄉","120.540","22.635","66"
"14","98355","20220727031000","11","2","屏東縣","內埔鄉","120.635","22.685","19"
"288","98362","20220727031000","218","2","屏東縣","內埔鄉","120.640","22.695","297"
"24","98378","20220727031000","343","0","屏東縣","長治鄉","120.550","22.680","55"
"24","98380","20220727031000","23","1","屏東縣","長治鄉","120.540","22.685","26"
"172","98392","20220727031000","446","0","屏東縣","長治鄉","120.550","22.695","164"
"47","98396","20220727031000","29","3","屏東縣","長治鄉","120.535","22.705","42"
"493","98405","20220727031000","795","0","屏東縣","長治鄉","120.535","22.710","468"
"40","98407","20220727031000","158","0","屏東縣","長治鄉","120.545","22.710","71"
"52","98408","20220727031000","254","0","屏東縣","長治鄉","120.525","22.715","46"
"29","98410","20220727031000","119","0","屏東縣","長治鄉","120.535","22.715","35"
"81","98418","20220727031000","379","0","屏東縣","萬丹鄉","120.470","22.615","81"
"167","98422","20220727031000","115","2","屏東縣","萬丹鄉","120.520","22.595","161"
"190","98443","20220727031000","204","0","屏東縣","屏東市","120.495","22.640","205"
"427","98446","20220727031000","374","1","屏東縣","屏東市","120.490","22.645","451"
"226","98453","20220727031000","157","2","屏東縣","屏東市","120.485","22.625","211"
"443","98457","20220727031000","502","0","屏東縣","屏東市","120.480","22.635","455"
"22","98458","20220727031000","24","0","屏東縣","屏東市","120.485","22.635","18"
"250","98459","20220727031000","219","1","屏東縣","屏東市","120.490","22.635","242"
"23","98460","20220727031000","316","0","屏東縣","屏東市","120.485","22.640","23"
"65","98462","20220727031000","491","0","屏東縣","內埔鄉","120.565","22.610","55"
"29","98463","20220727031000","20","2","屏東縣","內埔鄉","120.570","22.610","28"
"775","98464","20220727031000","908","0","屏東縣","內埔鄉","120.570","22.615","807"
"422","98467","20220727031000","636","0","屏東縣","內埔鄉","120.560","22.605","415"
"39","98471","20220727031000","286","0","屏東縣","內埔鄉","120.560","22.600","38"
"221","98472","20220727031000","386","0","屏東縣","內埔鄉","120.565","22.600","230"
"31","98486","20220727031000","191","0","屏東縣","內埔鄉","120.595","22.675","38"
"862","98496","20220727031000","952","0","屏東縣","屏東市","120.485","22.685","882"
"1179","98497","20220727031000","593","3","屏東縣","屏東市","120.480","22.690","1181"
"762","98498","20220727031000","827","0","屏東縣","屏東市","120.485","22.690","736"
"714","98502","20220727031000","724","0","屏東縣","內埔鄉","120.545","22.625","688"
"16","98511","20220727031000","13","2","屏東縣","內埔鄉","120.570","22.640","13"
"622","98532","20220727031000","671","0","屏東縣","內埔鄉","120.560","22.620","664"
"581","98533","20220727031000","530","1","屏東縣","內埔鄉","120.565","22.620","583"
"18","98544","20220727031000","282","0","屏東縣","內埔鄉","120.600","22.690","22"
"244","98558","20220727031000","340","0","屏東縣","內埔鄉","120.610","22.700","286"
"17","98563","20220727031000","13","2","屏東縣","內埔鄉","120.600","22.665","15"
"393","98589","20220727031000","352","1","屏東縣","屏東市","120.505","22.695","388"
"178","98591","20220727031000","159","1","屏東縣","屏東市","120.445","22.640","158"
"349","98594","20220727031000","339","1","屏東縣","屏東市","120.460","22.640","346"
"103","98598","20220727031000","63","3","屏東縣","屏東市","120.455","22.645","106"
"328","98607","20220727031000","254","2","屏東縣","屏東市","120.465","22.650","324"
"11","98616","20220727031000","13","0","屏東縣","屏東市","120.445","22.660","10"
"205","98633","20220727031000","173","1","屏東縣","三地門鄉","120.640","22.715","206"
"341","98636","20220727031000","395","0","屏東縣","三地門鄉","120.655","22.715","356"
"83","98648","20220727031000","56","2","屏東縣","三地門鄉","120.670","22.720","84"
"306","98723","20220727031000","254","2","屏東縣","屏東市","120.495","22.690","303"
"664","98724","20220727031000","432","3","屏東縣","屏東市","120.500","22.690","646"
"867","98725","20220727031000","739","1","屏東縣","屏東市","120.480","22.665","874"
"462","98726","20220727031000","327","2","屏東縣","屏東市","120.495","22.695","466"
"263","98729","20220727031000","224","1","屏東縣","屏東市","120.500","22.695","295"
"767","98734","20220727031000","410","3","屏東縣","屏東市","120.490","22.670","803"
"69","98776","20220727031000","54","2","屏東縣","萬巒鄉","120.625","22.630","66"
"63","98782","20220727031000","37","3","屏東縣","萬巒鄉","120.625","22.640","60"
"31","98803","20220727031000","62","0","屏東縣","萬巒鄉","120.615","22.605","40"
"399","98804","20220727031000","312","2","屏東縣","萬巒鄉","120.620","22.605","441"
"71","98822","20220727031000","50","2","屏東縣","長治鄉","120.535","22.670","70"
"1296","98826","20220727031000","936","2","屏東縣","長治鄉","120.525","22.675","1285"
"229","98837","20220727031000","238","0","屏東縣","長治鄉","120.515","22.685","233"
"28","98842","20220727031000","1052","0","屏東縣","長治鄉","120.510","22.665","39"
"425","98843","20220727031000","435","0","屏東縣","長治鄉","120.515","22.665","424"
"25","98844","20220727031000","30","0","屏東縣","長治鄉","120.520","22.665","23"
"165","98968","20220727031000","128","2","屏東縣","瑪家鄉","120.670","22.675","196"
"33","99003","20220727031000","28","1","屏東縣","瑪家鄉","120.655","22.705","28"
"91","99078","20220727031000","127","0","屏東縣","瑪家鄉","120.640","22.685","75"
"79","99094","20220727031000","89","0","屏東縣","竹田鄉","120.530","22.630","74"
"190","99099","20220727031000","170","1","屏東縣","竹田鄉","120.535","22.640","179"
"206","99110","20220727031000","221","0","屏東縣","竹田鄉","120.520","22.615","187"
"177","99116","20220727031000","288","0","屏東縣","竹田鄉","120.525","22.620","196"
"72","99293","20220727031000","454","0","屏東縣","萬丹鄉","120.465","22.605","79"
"283","99294","20220727031000","214","2","屏東縣","萬丹鄉","120.470","22.605","292"
"56","99299","20220727031000","634","0","屏東縣","萬丹鄉","120.495","22.595","60"
"556","99310","20220727031000","516","1","屏東縣","長治鄉","120.520","22.680","566"
"62","99313","20220727031000","112","0","屏東縣","長治鄉","120.525","22.685","62"
"20","99317","20220727031000","284","0","屏東縣","長治鄉","120.565","22.670","19"
"734","99340","20220727031000","368","3","屏東縣","長治鄉","120.590","22.695","722"
"375","99352","20220727031000","520","0","屏東縣","長治鄉","120.575","22.705","361"
"106","99358","20220727031000","59","3","屏東縣","長治鄉","120.580","22.710","106"
"36","99371","20220727031000","24","3","屏東縣","鹽埔鄉","120.580","22.720","35"
"103","99390","20220727031000","83","2","屏東縣","長治鄉","120.570","22.700","112"
"11","99551","20220727031000","38","0","屏東縣","霧台鄉","120.755","22.730","10"
"11","99607","20220727031000","17","0","屏東縣","高樹鄉","120.630","22.735","16"
"57","99617","20220727031000","41","2","屏東縣","萬丹鄉","120.450","22.620","50"
"23","99627","20220727031000","305","0","屏東縣","萬丹鄉","120.465","22.625","21"
"19","99670","20220727031000","176","0","屏東縣","九如鄉","120.485","22.735","16"
"674","99671","20220727031000","843","0","屏東縣","屏東市","120.490","22.665","664"
"10","99677","20220727031000","12","0","屏東縣","屏東市","120.485","22.705","10"
"12","99680","20220727031000","138","0","屏東縣","九如鄉","120.480","22.710","10"
"277","99690","20220727031000","201","2","屏東縣","九如鄉","120.520","22.710","294"
"10","99705","20220727031000","110","0","屏東縣","九如鄉","120.505","22.725","10"
"413","99716","20220727031000","220","3","臺東縣","綠島鄉","121.470","22.670","410"
"265","99719","20220727031000","338","0","臺東縣","綠島鄉","121.470","22.675","304"
"30","99724","20220727031000","13","3","臺東縣","綠島鄉","121.495","22.640","25"
"137","99732","20220727031000","66","3","臺東縣","綠島鄉","121.500","22.645","120"
"35","99739","20220727031000","28","2","臺東縣","綠島鄉","121.505","22.655","38"
"264","99759","20220727031000","228","1","臺東縣","綠島鄉","121.490","22.675","309"
"30","99760","20220727031000","21","2","臺東縣","綠島鄉","121.495","22.675","30"
"84","99762","20220727031000","57","2","臺東縣","綠島鄉","121.505","22.675","106"
"103","99767","20220727031000","56","3","臺東縣","綠島鄉","121.475","22.650","84"
"146","99769","20220727031000","76","3","臺東縣","綠島鄉","121.485","22.650","122"
"241","99774","20220727031000","174","2","臺東縣","綠島鄉","121.475","22.660","240"
"302","99777","20220727031000","144","3","臺東縣","綠島鄉","121.470","22.665","331"
"677","99779","20220727031000","496","2","臺東縣","綠島鄉","121.465","22.670","681"
"364","99780","20220727031000","365","0","高雄市","楠梓區","120.295","22.715","375"
"121","99782","20220727031000","256","0","高雄市","楠梓區","120.305","22.710","117"
"969","99783","20220727031000","657","2","高雄市","楠梓區","120.300","22.715","940"
"505","99784","20220727031000","441","1","高雄市","楠梓區","120.305","22.715","525"
"101","99785","20220727031000","389","0","高雄市","楠梓區","120.310","22.715","107"
"267","99787","20220727031000","406","0","高雄市","前金區","120.290","22.625","258"
"851","99788","20220727031000","971","0","高雄市","前金區","120.300","22.620","910"
"604","99792","20220727031000","535","1","臺東縣","臺東市","121.050","22.705","570"
"291","99796","20220727031000","396","0","臺東縣","臺東市","121.040","22.705","328"
"928","99800","20220727031000","568","3","臺東縣","臺東市","121.045","22.710","853"
"445","99817","20220727031000","292","3","臺東縣","臺東市","121.060","22.710","398"
"549","99819","20220727031000","622","0","臺東縣","臺東市","121.070","22.710","594"
"166","99837","20220727031000","117","2","臺東縣","臺東市","121.070","22.720","152"
"46","99854","20220727031000","64","0","臺東縣","臺東市","121.085","22.730","47"
"58","99856","20220727031000","53","1","高雄市","大寮區","120.415","22.620","53"
"54","99859","20220727031000","34","3","高雄市","大寮區","120.430","22.620","46"
"236","99862","20220727031000","245","0","高雄市","大寮區","120.425","22.625","228"
"2411","99875","20220727031000","1693","2","高雄市","鳥松區","120.335","22.655","2365"
"420","99876","20220727031000","783","0","高雄市","前鎮區","120.315","22.595","443"
"1109","99877","20220727031000","948","1","高雄市","三民區","120.320","22.670","1118"
"324","99885","20220727031000","289","1","臺東縣","臺東市","121.055","22.725","306"
"750","99892","20220727031000","844","0","高雄市","前鎮區","120.305","22.605","750"
"1366","99893","20220727031000","1093","2","高雄市","前鎮區","120.315","22.615","1326"
"1334","99894","20220727031000","1157","1","高雄市","前鎮區","120.305","22.600","1348"
"1270","99895","20220727031000","1800","0","高雄市","前鎮區","120.330","22.610","1293"
"41","99897","20220727031000","56","0","高雄市","仁武區","120.330","22.705","19"
"625","99898","20220727031000","584","1","高雄市","仁武區","120.335","22.705","522"
"289","99899","20220727031000","339","0","高雄市","仁武區","120.330","22.710","291"
"335","99900","20220727031000","211","3","高雄市","仁武區","120.335","22.710","274"
"17","99901","20220727031000","13","2","高雄市","仁武區","120.330","22.715","17"
"151","99902","20220727031000","212","0","高雄市","楠梓區","120.330","22.720","146"
"15","99903","20220727031000","17","0","高雄市","三民區","120.290","22.640","20"
"180","99905","20220727031000","755","0","高雄市","仁武區","120.355","22.680","44"
"624","99906","20220727031000","1429","0","高雄市","仁武區","120.355","22.685","315"
"727","99908","20220727031000","744","0","高雄市","仁武區","120.345","22.685","662"
"86","99912","20220727031000","95","0","高雄市","仁武區","120.365","22.690","97"
"18","99913","20220727031000","11","3","高雄市","仁武區","120.370","22.690","17"
"142","99914","20220727031000","174","0","高雄市","仁武區","120.375","22.690","132"
"122","99919","20220727031000","99","2","高雄市","仁武區","120.375","22.695","132"
"412","99924","20220727031000","376","1","高雄市","仁武區","120.365","22.700","366"
"114","99927","20220727031000","109","1","高雄市","仁武區","120.380","22.700","105"
"249","99930","20220727031000","220","1","高雄市","仁武區","120.395","22.700","235"
"1637","99933","20220727031000","2031","0","高雄市","鹽埕區","120.285","22.630","1617"
"1112","99935","20220727031000","1665","0","高雄市","楠梓區","120.325","22.725","1139"
"56","99936","20220727031000","287","0","高雄市","楠梓區","120.315","22.735","58"
"998","99937","20220727031000","839","1","高雄市","楠梓區","120.320","22.730","1003"
"1313","99940","20220727031000","1387","0","高雄市","楠梓區","120.300","22.710","1352"
"1502","99941","20220727031000","1733","0","高雄市","三民區","120.320","22.650","1542"
"1682","99942","20220727031000","2036","0","高雄市","前金區","120.295","22.630","1644"
"487","99943","20220727031000","663","0","高雄市","三民區","120.290","22.645","489"
"59","99944","20220727031000","757","0","高雄市","鳳山區","120.375","22.635","55"
"1927","99945","20220727031000","1487","2","高雄市","鳳山區","120.365","22.625","1937"
"590","99946","20220727031000","611","0","高雄市","鳳山區","120.370","22.625","615"
"47","99951","20220727031000","198","0","高雄市","大樹區","120.420","22.695","45"
"19","99963","20220727031000","303","0","高雄市","大樹區","120.415","22.685","19"
"13","99964","20220727031000","14","0","高雄市","大樹區","120.410","22.690","15"
"54","99973","20220727031000","51","1","高雄市","大樹區","120.400","22.700","57"
"81","99976","20220727031000","137","0","高雄市","大社區","120.340","22.725","82"
"266","99979","20220727031000","423","0","高雄市","大社區","120.345","22.725","257"
"22","99983","20220727031000","397","0","高雄市","左營區","120.300","22.685","31"
"450","99984","20220727031000","468","0","高雄市","左營區","120.305","22.690","469"
"1454","99985","20220727031000","1207","2","高雄市","左營區","120.310","22.685","1429"
"1280","99987","20220727031000","755","3","高雄市","左營區","120.315","22.690","1316"
"791","99989","20220727031000","906","0","高雄市","新興區","120.305","22.630","775"
"124","99990","20220727031000","199","0","高雄市","大寮區","120.385","22.615","141"
"826","99993","20220727031000","1011","0","高雄市","大寮區","120.380","22.620","868"
"490","99994","20220727031000","278","3","高雄市","大寮區","120.385","22.620","488"
"18","99999","20220727031000","13","2","高雄市","大寮區","120.375","22.600","18"
"1411","100002","20220727031000","1896","0","高雄市","三民區","120.295","22.635","1446"
"587","100003","20220727031000","679","0","高雄市","前金區","120.300","22.625","598"
"1180","100004","20220727031000","1517","0","高雄市","新興區","120.300","22.630","1146"
"507","100005","20220727031000","1010","0","高雄市","大寮區","120.385","22.600","510"
"844","100007","20220727031000","771","1","高雄市","大寮區","120.385","22.610","858"
"121","100010","20220727031000","477","0","高雄市","苓雅區","120.330","22.625","116"
"2619","100011","20220727031000","2809","0","高雄市","鳳山區","120.360","22.635","2676"
"826","100012","20220727031000","826","1","高雄市","鳳山區","120.365","22.630","827"
"349","100013","20220727031000","320","1","高雄市","鳳山區","120.375","22.640","349"
"420","100014","20220727031000","956","0","高雄市","鳳山區","120.350","22.615","418"
"2257","100015","20220727031000","1827","2","高雄市","楠梓區","120.300","22.725","2308"
"1376","100016","20220727031000","1158","1","高雄市","橋頭區","120.300","22.730","1439"
"948","100017","20220727031000","1802","0","高雄市","橋頭區","120.305","22.730","966"
"709","100019","20220727031000","1461","0","高雄市","鳳山區","120.345","22.615","707"
"687","100021","20220727031000","326","3","高雄市","楠梓區","120.285","22.725","707"
"225","100022","20220727031000","1374","0","高雄市","楠梓區","120.290","22.725","255"
"505","100023","20220727031000","602","0","高雄市","橋頭區","120.295","22.730","619"
"182","100025","20220727031000","319","0","高雄市","楠梓區","120.285","22.730","226"
"12","100026","20220727031000","11","1","高雄市","楠梓區","120.290","22.730","11"
"914","100028","20220727031000","1495","0","高雄市","楠梓區","120.290","22.715","960"
"1124","100029","20220727031000","1535","0","高雄市","楠梓區","120.290","22.720","1124"
"867","100032","20220727031000","1214","0","高雄市","苓雅區","120.300","22.610","846"
"1336","100033","20220727031000","1309","1","高雄市","苓雅區","120.335","22.625","1306"
"2478","100034","20220727031000","2698","0","高雄市","前鎮區","120.310","22.615","2475"
"212","100038","20220727031000","182","1","高雄市","大寮區","120.405","22.640","212"
"368","100039","20220727031000","275","2","高雄市","大寮區","120.410","22.640","360"
"3050","100044","20220727031000","2133","2","高雄市","三民區","120.325","22.650","3083"
"658","100045","20220727031000","680","0","高雄市","三民區","120.320","22.655","679"
"865","100047","20220727031000","1499","0","高雄市","鳳山區","120.380","22.630","894"
"3708","100048","20220727031000","3979","0","高雄市","苓雅區","120.320","22.620","3704"
"2085","100049","20220727031000","2616","0","高雄市","新興區","120.310","22.630","2148"
"487","100050","20220727031000","484","1","高雄市","三民區","120.315","22.650","449"
"395","100052","20220727031000","592","0","高雄市","三民區","120.315","22.655","387"
"2224","100053","20220727031000","1409","3","高雄市","三民區","120.330","22.640","2208"
"1242","100054","20220727031000","948","2","高雄市","三民區","120.315","22.640","1276"
"113","100057","20220727031000","217","0","高雄市","前鎮區","120.285","22.605","110"
"150","100058","20220727031000","134","1","高雄市","前鎮區","120.290","22.605","157"
"328","100059","20220727031000","253","2","高雄市","前鎮區","120.300","22.605","350"
"67","100071","20220727031000","50","2","臺東縣","太麻里鄉","121.025","22.670","61"
"90","100074","20220727031000","110","0","臺東縣","太麻里鄉","121.040","22.670","98"
"137","100530","20220727031000","82","3","臺東縣","金峰鄉","120.950","22.640","117"
"93","100729","20220727031000","84","1","臺東縣","金峰鄉","121.000","22.635","90"
"706","100742","20220727031000","681","1","高雄市","鳳山區","120.360","22.625","683"
"964","100743","20220727031000","1197","0","高雄市","三民區","120.305","22.640","954"
"124","100744","20220727031000","1145","0","高雄市","楠梓區","120.295","22.725","129"
"2126","100745","20220727031000","1529","2","高雄市","楠梓區","120.300","22.720","2119"
"112","100746","20220727031000","99","1","高雄市","鳳山區","120.365","22.605","127"
"1045","100747","20220727031000","1311","0","高雄市","鳳山區","120.360","22.610","1038"
"557","100753","20220727031000","533","1","高雄市","鳳山區","120.355","22.605","596"
"113","100755","20220727031000","96","1","高雄市","鳳山區","120.365","22.615","111"
"178","100759","20220727031000","88","3","高雄市","左營區","120.295","22.695","118"
"109","100760","20220727031000","100","1","高雄市","左營區","120.295","22.700","130"
"1894","100762","20220727031000","1641","1","高雄市","三民區","120.315","22.645","1920"
"2045","100764","20220727031000","2217","0","高雄市","三民區","120.310","22.640","1998"
"1291","100765","20220727031000","1620","0","高雄市","前金區","120.290","22.630","1315"
"1369","100766","20220727031000","1087","2","高雄市","三民區","120.295","22.645","1389"
"62","100767","20220727031000","57","1","高雄市","仁武區","120.340","22.705","59"
"268","100768","20220727031000","862","0","高雄市","仁武區","120.345","22.705","145"
"173","100771","20220727031000","132","2","高雄市","仁武區","120.340","22.715","144"
"861","100773","20220727031000","1048","0","高雄市","仁武區","120.350","22.690","866"
"996","100775","20220727031000","618","3","高雄市","仁武區","120.350","22.695","927"
"126","100777","20220727031000","582","0","高雄市","仁武區","120.355","22.700","43"
"57","100778","20220727031000","53","1","高雄市","仁武區","120.350","22.705","49"
"189","100779","20220727031000","206","0","高雄市","仁武區","120.355","22.705","186"
"302","100781","20220727031000","393","0","高雄市","仁武區","120.350","22.710","302"
"75","100783","20220727031000","109","0","高雄市","仁武區","120.345","22.715","82"
"104","100784","20220727031000","133","0","高雄市","仁武區","120.350","22.715","87"
"989","100786","20220727031000","1780","0","高雄市","前鎮區","120.335","22.605","1034"
"2968","100787","20220727031000","2686","1","高雄市","前鎮區","120.330","22.600","2912"
"2040","100788","20220727031000","2104","0","高雄市","三民區","120.335","22.650","2069"
"640","100789","20220727031000","844","0","高雄市","三民區","120.325","22.655","641"
"27","100790","20220727031000","23","1","臺東縣","太麻里鄉","120.975","22.600","30"
"519","100808","20220727031000","623","0","臺東縣","太麻里鄉","121.005","22.610","520"
"2069","100829","20220727031000","2136","0","高雄市","苓雅區","120.340","22.630","2116"
"1392","100830","20220727031000","1746","0","高雄市","鳳山區","120.345","22.630","1394"
"1230","100831","20220727031000","2534","0","高雄市","鳳山區","120.365","22.640","1255"
"2024","100832","20220727031000","1953","1","高雄市","苓雅區","120.325","22.615","2037"
"1649","100833","20220727031000","1431","1","高雄市","左營區","120.305","22.660","1655"
"2587","100834","20220727031000","2851","0","高雄市","左營區","120.310","22.660","2678"
"2976","100835","20220727031000","2637","1","高雄市","左營區","120.305","22.665","2939"
"1335","100836","20220727031000","2231","0","高雄市","左營區","120.310","22.665","1365"
"1775","100837","20220727031000","2161","0","高雄市","左營區","120.300","22.670","1732"
"876","100838","20220727031000","855","1","高雄市","左營區","120.305","22.670","899"
"2325","100839","20220727031000","2356","0","高雄市","左營區","120.300","22.680","2395"
"1308","100842","20220727031000","1480","0","高雄市","新興區","120.305","22.635","1291"
"39","100844","20220727031000","31","2","高雄市","大寮區","120.385","22.635","42"
"2000","100848","20220727031000","1599","2","高雄市","大寮區","120.395","22.640","1952"
"2077","100851","20220727031000","2255","0","高雄市","三民區","120.325","22.675","2026"
"1876","100852","20220727031000","1801","1","高雄市","三民區","120.325","22.660","1876"
"2419","100853","20220727031000","1823","2","高雄市","三民區","120.330","22.660","2495"
"1133","100854","20220727031000","2601","0","高雄市","三民區","120.325","22.665","1128"
"12","100855","20220727031000","440","0","高雄市","鳥松區","120.335","22.665","17"
"69","100856","20220727031000","647","0","高雄市","三民區","120.330","22.665","59"
"365","100858","20220727031000","447","0","高雄市","三民區","120.330","22.670","325"
"2505","100860","20220727031000","2466","1","高雄市","三民區","120.335","22.645","2512"
"139","100861","20220727031000","87","3","高雄市","前鎮區","120.310","22.605","122"
"2170","100862","20220727031000","2909","0","高雄市","前鎮區","120.310","22.610","2118"
"627","100863","20220727031000","944","0","高雄市","前鎮區","120.315","22.610","608"
"391","100864","20220727031000","247","3","高雄市","左營區","120.290","22.700","364"
"1398","100865","20220727031000","1123","2","高雄市","左營區","120.285","22.680","1341"
"729","100866","20220727031000","488","2","高雄市","左營區","120.290","22.680","735"
"697","100867","20220727031000","925","0","高雄市","鳳山區","120.350","22.640","689"
"2052","100868","20220727031000","1586","2","高雄市","鳳山區","120.350","22.630","2050"
"865","100869","20220727031000","1414","0","高雄市","鳳山區","120.350","22.645","841"
"1189","100870","20220727031000","1864","0","高雄市","鳳山區","120.350","22.635","1173"
"1917","100871","20220727031000","2040","0","高雄市","苓雅區","120.335","22.620","1923"
"1026","100872","20220727031000","2181","0","高雄市","鳳山區","120.340","22.600","1008"
"2323","100873","20220727031000","1700","2","高雄市","三民區","120.320","22.645","2329"
"1919","100874","20220727031000","1700","1","高雄市","三民區","120.325","22.645","1876"
"1624","100875","20220727031000","1361","1","高雄市","三民區","120.290","22.635","1631"
"1428","100877","20220727031000","1898","0","高雄市","三民區","120.325","22.670","1501"
"1144","100878","20220727031000","1751","0","高雄市","三民區","120.315","22.660","1134"
"1550","100879","20220727031000","1796","0","高雄市","三民區","120.320","22.660","1508"
"2390","100880","20220727031000","3663","0","高雄市","三民區","120.315","22.665","2472"
"187","100881","20220727031000","2195","0","高雄市","三民區","120.320","22.665","157"
"1163","100883","20220727031000","746","3","高雄市","前鎮區","120.305","22.610","1180"
"218","100888","20220727031000","881","0","高雄市","大寮區","120.390","22.625","214"
"2357","100890","20220727031000","2248","1","高雄市","三民區","120.335","22.640","2366"
"1943","100891","20220727031000","2721","0","高雄市","鳳山區","120.345","22.635","1907"
"387","100909","20220727031000","542","0","臺東縣","臺東市","121.055","22.705","443"
"169","100915","20220727031000","168","1","臺東縣","太麻里鄉","121.010","22.625","184"
"56","100925","20220727031000","32","3","臺東縣","太麻里鄉","121.015","22.640","47"
"477","100938","20220727031000","335","2","臺東縣","臺東市","121.100","22.725","458"
"187","100946","20220727031000","474","0","高雄市","鳥松區","120.350","22.665","163"
"1415","100947","20220727031000","953","2","高雄市","鳥松區","120.355","22.665","1348"
"321","100948","20220727031000","296","1","高雄市","鳥松區","120.360","22.665","298"
"104","100954","20220727031000","134","0","高雄市","仁武區","120.370","22.680","91"
"46","100961","20220727031000","12","3","高雄市","鳥松區","120.380","22.685","10"
"486","100966","20220727031000","370","2","高雄市","鳥松區","120.395","22.665","460"
"39","100969","20220727031000","54","0","高雄市","鳥松區","120.390","22.675","25"
"1496","100974","20220727031000","1809","0","高雄市","三民區","120.340","22.645","1558"
"295","100975","20220727031000","243","2","高雄市","鳥松區","120.345","22.655","306"
"328","100977","20220727031000","534","0","高雄市","鳥松區","120.340","22.655","332"
"284","100978","20220727031000","250","1","高雄市","鳥松區","120.340","22.660","293"
"373","100982","20220727031000","406","0","高雄市","鳥松區","120.390","22.660","358"
"434","100983","20220727031000","384","1","高雄市","鳥松區","120.395","22.660","426"
"90","100986","20220727031000","1473","0","高雄市","鳳山區","120.360","22.640","85"
"1126","100987","20220727031000","1250","0","高雄市","鳥松區","120.355","22.645","1101"
"191","100988","20220727031000","184","1","高雄市","鳳山區","120.360","22.645","184"
"526","100989","20220727031000","255","3","高雄市","鳥松區","120.365","22.645","505"
"839","100992","20220727031000","841","0","高雄市","鳥松區","120.355","22.650","853"
"448","100995","20220727031000","461","0","高雄市","鳥松區","120.370","22.650","453"
"92","100997","20220727031000","120","0","高雄市","鳥松區","120.355","22.655","90"
"1134","100998","20220727031000","881","2","高雄市","鳥松區","120.360","22.655","1152"
"534","101004","20220727031000","545","0","高雄市","鳥松區","120.360","22.660","569"
"517","101009","20220727031000","528","0","高雄市","鳥松區","120.370","22.665","523"
"46","101010","20220727031000","83","0","高雄市","鳥松區","120.340","22.665","41"
"479","101014","20220727031000","422","1","高雄市","鳥松區","120.370","22.670","499"
"299","101017","20220727031000","228","2","高雄市","鳥松區","120.380","22.655","313"
"214","101018","20220727031000","134","3","高雄市","鳥松區","120.385","22.655","215"
"86","101019","20220727031000","82","1","高雄市","鳥松區","120.370","22.660","99"
"275","101021","20220727031000","376","0","高雄市","鳥松區","120.380","22.660","266"
"532","101029","20220727031000","571","0","高雄市","鳳山區","120.355","22.625","604"
"2508","101030","20220727031000","2348","1","高雄市","鳳山區","120.355","22.635","2598"
"35","101034","20220727031000","30","1","高雄市","鳳山區","120.380","22.625","27"
"588","101035","20220727031000","508","1","高雄市","楠梓區","120.325","22.705","599"
"65","101038","20220727031000","31","3","高雄市","仁武區","120.330","22.695","30"
"265","101039","20220727031000","362","0","高雄市","仁武區","120.325","22.700","282"
"561","101043","20220727031000","1402","0","高雄市","前鎮區","120.315","22.605","565"
"2289","101044","20220727031000","2645","0","高雄市","三民區","120.335","22.635","2309"
"180","101045","20220727031000","1257","0","高雄市","三民區","120.345","22.640","187"
"343","101046","20220727031000","1317","0","高雄市","仁武區","120.345","22.675","146"
"559","101047","20220727031000","702","0","高雄市","仁武區","120.350","22.675","526"
"322","101048","20220727031000","787","0","高雄市","仁武區","120.340","22.680","218"
"788","101049","20220727031000","542","2","高雄市","仁武區","120.345","22.680","691"
"1624","101052","20220727031000","1570","1","高雄市","仁武區","120.325","22.685","1595"
"1004","101053","20220727031000","819","2","高雄市","仁武區","120.325","22.690","956"
"592","101055","20220727031000","437","2","高雄市","仁武區","120.325","22.695","629"
"385","101056","20220727031000","185","3","高雄市","仁武區","120.320","22.695","352"
"197","101058","20220727031000","205","0","高雄市","仁武區","120.330","22.700","180"
"206","101059","20220727031000","1088","0","高雄市","鳳山區","120.365","22.635","220"
"931","101061","20220727031000","1161","0","高雄市","苓雅區","120.295","22.615","978"
"1240","101062","20220727031000","1377","0","高雄市","苓雅區","120.320","22.625","1377"
"1962","101063","20220727031000","1710","1","高雄市","鳳山區","120.375","22.625","1956"
"48","101064","20220727031000","952","0","高雄市","鳳山區","120.375","22.620","54"
"87","101068","20220727031000","48","3","高雄市","鳳山區","120.365","22.620","83"
"582","101069","20220727031000","475","2","高雄市","鳳山區","120.370","22.620","592"
"1804","101074","20220727031000","1943","0","高雄市","左營區","120.290","22.675","1813"
"41","101076","20220727031000","128","0","高雄市","梓官區","120.250","22.730","40"
"981","101077","20220727031000","744","2","高雄市","梓官區","120.255","22.730","947"
"626","101086","20220727031000","575","1","高雄市","楠梓區","120.275","22.725","639"
"17","101090","20220727031000","723","0","高雄市","楠梓區","120.280","22.725","19"
"496","101092","20220727031000","821","0","高雄市","楠梓區","120.280","22.730","530"
"1347","101094","20220727031000","1227","1","高雄市","楠梓區","120.320","22.725","1378"
"1536","101095","20220727031000","1073","2","高雄市","楠梓區","120.285","22.710","1541"
"1157","101100","20220727031000","1439","0","高雄市","苓雅區","120.315","22.625","1264"
"1277","101101","20220727031000","1283","0","高雄市","鹽埕區","120.280","22.625","1215"
"1592","101102","20220727031000","1334","1","高雄市","苓雅區","120.325","22.620","1632"
"472","101103","20220727031000","368","2","高雄市","左營區","120.310","22.670","454"
"1560","101104","20220727031000","1027","3","高雄市","左營區","120.315","22.670","1508"
"1810","101105","20220727031000","1728","1","高雄市","左營區","120.300","22.675","1768"
"459","101106","20220727031000","373","2","高雄市","左營區","120.295","22.680","389"
"2184","101107","20220727031000","2201","0","高雄市","左營區","120.305","22.675","2376"
"509","101109","20220727031000","971","0","高雄市","鳳山區","120.340","22.610","483"
"1246","101110","20220727031000","1367","0","高雄市","鳳山區","120.335","22.615","1217"
"143","101111","20220727031000","760","0","高雄市","鳳山區","120.340","22.615","109"
"512","101113","20220727031000","2443","0","高雄市","鳳山區","120.340","22.605","485"
"857","101114","20220727031000","760","1","高雄市","鼓山區","120.280","22.655","888"
"1893","101115","20220727031000","1854","1","高雄市","鼓山區","120.280","22.660","1907"
"1303","101116","20220727031000","1232","1","高雄市","鼓山區","120.285","22.650","1291"
"1342","101117","20220727031000","1396","0","高雄市","鼓山區","120.290","22.650","1339"
"1271","101119","20220727031000","1688","0","高雄市","鼓山區","120.290","22.655","1258"
"754","101120","20220727031000","992","0","高雄市","鼓山區","120.285","22.660","718"
"1213","101121","20220727031000","1829","0","高雄市","鼓山區","120.290","22.660","1244"
"834","101122","20220727031000","652","2","高雄市","鼓山區","120.290","22.665","862"
"759","101123","20220727031000","1462","0","高雄市","鼓山區","120.285","22.665","778"
"1182","101124","20220727031000","1114","1","高雄市","鼓山區","120.280","22.645","1184"
"1053","101125","20220727031000","948","1","高雄市","鼓山區","120.270","22.625","1060"
"1611","101126","20220727031000","2194","0","高雄市","鼓山區","120.280","22.630","1642"
"39","101127","20220727031000","65","0","高雄市","鼓山區","120.275","22.625","41"
"48","101128","20220727031000","85","0","高雄市","鼓山區","120.270","22.635","47"
"28","101129","20220727031000","36","0","高雄市","鼓山區","120.275","22.635","29"
"1129","101132","20220727031000","1659","0","高雄市","三民區","120.320","22.640","1167"
"803","101133","20220727031000","1545","0","高雄市","鳥松區","120.340","22.650","817"
"3198","101134","20220727031000","2660","2","高雄市","三民區","120.340","22.640","3187"
"1761","101135","20220727031000","2558","0","高雄市","三民區","120.345","22.645","1747"
"265","101137","20220727031000","332","0","高雄市","梓官區","120.260","22.725","272"
"517","101139","20220727031000","333","3","高雄市","梓官區","120.255","22.725","514"
"30","101449","20220727031000","27","1","臺東縣","卑南鄉","120.990","22.690","27"
"500","101488","20220727031000","296","3","臺東縣","卑南鄉","121.020","22.695","530"
"18","101568","20220727031000","154","0","臺東縣","卑南鄉","121.030","22.700","21"
"24","101743","20220727031000","28","0","臺東縣","臺東市","121.130","22.725","25"
"1223","101748","20220727031000","1426","0","高雄市","苓雅區","120.300","22.615","1128"
"1111","101749","20220727031000","1272","0","高雄市","苓雅區","120.325","22.630","1062"
"613","101750","20220727031000","980","0","高雄市","鳳山區","120.340","22.620","610"
"435","101751","20220727031000","762","0","高雄市","鳳山區","120.370","22.630","426"
"964","101752","20220727031000","1262","0","高雄市","鳳山區","120.355","22.630","976"
"410","101753","20220727031000","799","0","高雄市","鳳山區","120.360","22.630","418"
"92","101754","20220727031000","270","0","高雄市","鳳山區","120.330","22.615","92"
"89","101757","20220727031000","1264","0","高雄市","苓雅區","120.325","22.635","82"
"36","101758","20220727031000","199","0","高雄市","仁武區","120.350","22.680","26"
"391","101759","20220727031000","378","1","高雄市","鳥松區","120.355","22.670","376"
"381","101760","20220727031000","1452","0","高雄市","仁武區","120.355","22.675","111"
"16","101761","20220727031000","12","2","高雄市","仁武區","120.340","22.690","13"
"21","101763","20220727031000","12","3","高雄市","仁武區","120.335","22.695","20"
"44","101765","20220727031000","36","2","高雄市","仁武區","120.345","22.695","37"
"140","101766","20220727031000","142","0","高雄市","仁武區","120.340","22.700","138"
"851","101767","20220727031000","762","1","高雄市","仁武區","120.345","22.700","821"
"369","101768","20220727031000","721","0","高雄市","仁武區","120.350","22.700","208"
"27","101777","20220727031000","18","3","高雄市","仁武區","120.375","22.710","19"
"24","101778","20220727031000","71","0","高雄市","仁武區","120.380","22.710","26"
"38","101783","20220727031000","68","0","高雄市","仁武區","120.380","22.715","52"
"35","101785","20220727031000","30","1","高雄市","仁武區","120.390","22.715","28"
"33","101790","20220727031000","27","2","高雄市","仁武區","120.390","22.720","33"
"568","101808","20220727031000","441","2","高雄市","三民區","120.335","22.670","494"
"918","101809","20220727031000","746","2","高雄市","仁武區","120.335","22.680","897"
"1861","101810","20220727031000","1592","1","高雄市","仁武區","120.335","22.685","1831"
"1195","101815","20220727031000","800","2","高雄市","仁武區","120.330","22.680","1169"
"379","101817","20220727031000","1574","0","高雄市","仁武區","120.330","22.690","101"
"286","101818","20220727031000","537","0","高雄市","仁武區","120.335","22.690","87"
"966","101819","20220727031000","896","1","高雄市","仁武區","120.330","22.675","928"
"265","101820","20220727031000","667","0","高雄市","仁武區","120.335","22.675","212"
"616","101822","20220727031000","697","0","高雄市","前鎮區","120.320","22.605","629"
"563","101823","20220727031000","525","1","高雄市","前鎮區","120.325","22.605","524"
"173","101824","20220727031000","1310","0","高雄市","前鎮區","120.325","22.610","160"
"2528","101825","20220727031000","2723","0","高雄市","前鎮區","120.320","22.610","2607"
"160","101826","20220727031000","193","0","高雄市","左營區","120.290","22.685","155"
"531","101827","20220727031000","364","2","高雄市","左營區","120.275","22.690","479"
"243","101829","20220727031000","110","3","高雄市","左營區","120.285","22.690","291"
"362","101832","20220727031000","241","3","高雄市","左營區","120.285","22.695","188"
"379","101833","20220727031000","442","0","高雄市","左營區","120.290","22.695","452"
"181","101835","20220727031000","256","0","高雄市","左營區","120.285","22.700","103"
"166","101836","20220727031000","104","3","高雄市","左營區","120.280","22.705","101"
"243","101837","20220727031000","237","1","高雄市","楠梓區","120.285","22.705","232"
"1069","101838","20220727031000","2204","0","高雄市","左營區","120.290","22.670","1093"
"1479","101839","20220727031000","1281","1","高雄市","苓雅區","120.335","22.630","1402"
"1098","101840","20220727031000","1931","0","高雄市","三民區","120.340","22.635","960"
"810","101842","20220727031000","968","0","高雄市","鳳山區","120.345","22.625","861"
"419","101843","20220727031000","713","0","高雄市","鼓山區","120.275","22.660","447"
"44","101852","20220727031000","366","0","臺東縣","太麻里鄉","121.000","22.600","41"
"30","101859","20220727031000","406","0","臺東縣","太麻里鄉","121.010","22.605","18"
"52","101862","20220727031000","68","0","臺東縣","太麻里鄉","121.045","22.675","74"
"284","101876","20220727031000","275","1","臺東縣","太麻里鄉","121.030","22.685","273"
"11","101884","20220727031000","12","0","臺東縣","太麻里鄉","120.995","22.690","11"
"242","101895","20220727031000","159","3","臺東縣","太麻里鄉","121.050","22.690","236"
"17","101899","20220727031000","92","0","臺東縣","卑南鄉","121.010","22.695","20"
"211","101900","20220727031000","191","1","臺東縣","卑南鄉","121.015","22.695","169"
"58","101930","20220727031000","34","3","臺東縣","太麻里鄉","121.020","22.650","52"
"25","101962","20220727031000","118","0","臺東縣","太麻里鄉","121.030","22.660","19"
"766","101964","20220727031000","720","1","高雄市","苓雅區","120.320","22.635","784"
"455","101965","20220727031000","1146","0","高雄市","三民區","120.315","22.635","443"
"1343","101966","20220727031000","2036","0","高雄市","苓雅區","120.330","22.630","1783"
"179","101967","20220727031000","259","0","高雄市","鳳山區","120.350","22.605","185"
"1750","101970","20220727031000","1855","0","高雄市","鳳山區","120.350","22.600","1815"
"748","101972","20220727031000","1695","0","高雄市","鳳山區","120.335","22.610","719"
"2511","101973","20220727031000","1829","2","高雄市","苓雅區","120.330","22.635","2512"
"148","101976","20220727031000","98","3","高雄市","大寮區","120.425","22.600","151"
"43","101977","20220727031000","83","0","高雄市","大寮區","120.430","22.600","36"
"63","101981","20220727031000","326","0","高雄市","前金區","120.290","22.620","70"
"1586","101982","20220727031000","1738","0","高雄市","苓雅區","120.340","22.625","1561"
"995","101983","20220727031000","578","3","高雄市","苓雅區","120.330","22.620","1040"
"2339","101984","20220727031000","2240","1","高雄市","鼓山區","120.280","22.650","2291"
"564","101985","20220727031000","1385","0","高雄市","三民區","120.285","22.640","604"
"1024","101988","20220727031000","942","1","高雄市","楠梓區","120.285","22.715","975"
"1839","101989","20220727031000","2006","0","高雄市","苓雅區","120.305","22.620","1884"
"10","101990","20220727031000","23","0","高雄市","苓雅區","120.320","22.615","10"
"80","101991","20220727031000","1232","0","高雄市","苓雅區","120.320","22.630","86"
"1656","101992","20220727031000","1808","0","高雄市","前金區","120.295","22.620","1592"
"928","101993","20220727031000","693","2","高雄市","苓雅區","120.325","22.625","900"
"1342","101995","20220727031000","1366","0","高雄市","鼓山區","120.275","22.620","1314"
"149","101996","20220727031000","143","1","高雄市","鹽埕區","120.280","22.620","131"
"31","101997","20220727031000","717","0","高雄市","左營區","120.295","22.705","32"
"3669","101998","20220727031000","2632","2","高雄市","左營區","120.310","22.675","3694"
"776","101999","20220727031000","875","0","高雄市","左營區","120.315","22.675","771"
"1029","102000","20220727031000","805","2","高雄市","左營區","120.320","22.675","1036"
"70","102001","20220727031000","911","0","高雄市","左營區","120.305","22.685","73"
"617","102002","20220727031000","455","2","高雄市","左營區","120.310","22.680","608"
"2786","102003","20220727031000","1986","2","高雄市","左營區","120.320","22.680","2753"
"51","102005","20220727031000","111","0","高雄市","大寮區","120.395","22.600","56"
"291","102006","20220727031000","318","0","高雄市","大寮區","120.390","22.600","296"
"421","102007","20220727031000","401","1","高雄市","大寮區","120.390","22.605","413"
"950","102008","20220727031000","831","1","高雄市","大寮區","120.395","22.605","973"
"630","102010","20220727031000","620","1","高雄市","大寮區","120.400","22.610","651"
"15","102011","20220727031000","16","0","高雄市","大寮區","120.405","22.610","10"
"812","102013","20220727031000","662","2","高雄市","大寮區","120.405","22.615","807"
"556","102015","20220727031000","807","0","高雄市","鳳山區","120.355","22.640","568"
"756","102017","20220727031000","712","1","高雄市","鼓山區","120.280","22.635","760"
"1094","102018","20220727031000","1043","1","高雄市","鳳山區","120.370","22.635","1098"
"828","102019","20220727031000","1276","0","高雄市","鼓山區","120.295","22.665","829"
"2499","102020","20220727031000","3455","0","高雄市","鼓山區","120.300","22.665","2563"
"22","102021","20220727031000","59","0","高雄市","鼓山區","120.265","22.625","21"
"189","102022","20220727031000","647","0","高雄市","鼓山區","120.265","22.630","166"
"26","102024","20220727031000","150","0","高雄市","鼓山區","120.260","22.635","14"
"153","102030","20220727031000","150","1","高雄市","鼓山區","120.255","22.645","127"
"40","102031","20220727031000","54","0","高雄市","鼓山區","120.260","22.645","34"
"605","102045","20220727031000","734","0","高雄市","鼓山區","120.275","22.650","605"
"522","102046","20220727031000","425","2","高雄市","苓雅區","120.310","22.620","560"
"2256","102047","20220727031000","2605","0","高雄市","左營區","120.295","22.670","2316"
"24","102048","20220727031000","340","0","高雄市","鼓山區","120.285","22.670","23"
"88","102049","20220727031000","1003","0","高雄市","鼓山區","120.280","22.640","92"
"330","102052","20220727031000","325","1","高雄市","大樹區","120.430","22.675","312"
"385","102078","20220727031000","449","0","高雄市","大樹區","120.410","22.675","357"
"202","102079","20220727031000","221","0","高雄市","大樹區","120.405","22.680","204"
"106","102090","20220727031000","47","3","高雄市","大樹區","120.395","22.690","72"
"961","102093","20220727031000","832","1","高雄市","大樹區","120.430","22.690","951"
"423","102098","20220727031000","367","1","高雄市","大樹區","120.435","22.695","434"
"411","102111","20220727031000","579","0","高雄市","大樹區","120.410","22.660","457"
"927","102113","20220727031000","601","3","高雄市","大樹區","120.410","22.665","937"
"294","102120","20220727031000","255","1","高雄市","大樹區","120.445","22.725","312"
"299","102123","20220727031000","288","1","高雄市","大樹區","120.445","22.730","304"
"133","102126","20220727031000","121","1","高雄市","大樹區","120.445","22.735","131"
"89","102132","20220727031000","123","0","高雄市","大樹區","120.425","22.665","107"
"154","102141","20220727031000","97","3","高雄市","大樹區","120.425","22.675","142"
"1122","102143","20220727031000","1447","0","高雄市","左營區","120.295","22.690","1149"
"719","102144","20220727031000","924","0","高雄市","鳳山區","120.360","22.620","723"
"1411","102146","20220727031000","1750","0","高雄市","鳳山區","120.355","22.620","1372"
"467","102147","20220727031000","472","0","高雄市","鳳山區","120.335","22.600","491"
"3366","102148","20220727031000","2394","2","高雄市","新興區","120.315","22.630","3331"
"1066","102149","20220727031000","1068","0","高雄市","苓雅區","120.305","22.615","1027"
"1777","102150","20220727031000","1369","2","高雄市","鳳山區","120.345","22.605","1786"
"2390","102151","20220727031000","2147","1","高雄市","前鎮區","120.330","22.605","2392"
"1461","102152","20220727031000","1403","1","高雄市","鳥松區","120.345","22.650","1519"
"1711","102153","20220727031000","2251","0","高雄市","三民區","120.330","22.650","1690"
"549","102154","20220727031000","1328","0","高雄市","三民區","120.330","22.655","562"
"43","102157","20220727031000","360","0","高雄市","仁武區","120.360","22.675","47"
"99","102159","20220727031000","106","0","高雄市","仁武區","120.365","22.680","89"
"523","102160","20220727031000","623","0","高雄市","仁武區","120.360","22.685","457"
"159","102165","20220727031000","124","2","高雄市","仁武區","120.365","22.685","133"
"160","102172","20220727031000","276","0","高雄市","大寮區","120.425","22.605","186"
"61","102173","20220727031000","487","0","高雄市","大寮區","120.430","22.605","65"
"955","102181","20220727031000","763","2","高雄市","大寮區","120.410","22.615","981"
"25","102185","20220727031000","21","1","高雄市","大寮區","120.430","22.615","31"
"318","102186","20220727031000","256","2","高雄市","大寮區","120.420","22.640","302"
"189","102190","20220727031000","242","0","高雄市","大寮區","120.415","22.640","208"
"501","102200","20220727031000","330","3","高雄市","鼓山區","120.270","22.620","482"
"415","102203","20220727031000","580","0","高雄市","大寮區","120.385","22.640","419"
"361","102206","20220727031000","318","1","高雄市","鳥松區","120.385","22.645","356"
"452","102213","20220727031000","204","3","高雄市","鳥松區","120.390","22.650","445"
"746","102215","20220727031000","667","1","高雄市","鳥松區","120.390","22.655","757"
"23","102216","20220727031000","239","0","高雄市","鳥松區","120.395","22.655","20"
"260","102217","20220727031000","139","3","高雄市","鳥松區","120.400","22.655","265"
"432","102227","20220727031000","494","0","高雄市","鼓山區","120.285","22.655","466"
"889","102228","20220727031000","1318","0","高雄市","三民區","120.295","22.650","865"
"2151","102229","20220727031000","1427","3","高雄市","鼓山區","120.295","22.655","2085"
"1896","102230","20220727031000","1841","1","高雄市","鼓山區","120.300","22.655","1905"
"949","102231","20220727031000","1633","0","高雄市","鼓山區","120.305","22.655","997"
"547","102232","20220727031000","583","0","高雄市","左營區","120.310","22.655","529"
"3784","102233","20220727031000","3618","1","高雄市","鼓山區","120.295","22.660","3795"
"111","102235","20220727031000","530","0","高雄市","楠梓區","120.315","22.715","109"
"988","102236","20220727031000","1123","0","高雄市","楠梓區","120.315","22.720","981"
"371","102237","20220727031000","1723","0","高雄市","楠梓區","120.295","22.710","344"
"2074","102238","20220727031000","2213","0","高雄市","苓雅區","120.315","22.620","2082"
"42","102239","20220727031000","76","0","高雄市","旗津區","120.265","22.615","69"
"568","102241","20220727031000","516","1","高雄市","大寮區","120.410","22.620","573"
"355","102243","20220727031000","292","2","高雄市","大寮區","120.410","22.625","350"
"220","102244","20220727031000","196","1","高雄市","大寮區","120.405","22.630","214"
"135","102246","20220727031000","123","1","高雄市","大樹區","120.425","22.715","129"
"10","102251","20220727031000","29","0","高雄市","大樹區","120.425","22.720","10"
"64","102254","20220727031000","1292","0","高雄市","大樹區","120.405","22.725","56"
"81","102259","20220727031000","58","2","高雄市","大樹區","120.430","22.725","83"
"93","102260","20220727031000","1145","0","高雄市","仁武區","120.400","22.730","74"
"18","102261","20220727031000","249","0","高雄市","大樹區","120.405","22.730","16"
"30","102267","20220727031000","53","0","高雄市","大樹區","120.410","22.735","33"
"556","102273","20220727031000","495","1","高雄市","大樹區","120.415","22.655","547"
"353","102274","20220727031000","333","1","高雄市","大樹區","120.420","22.655","350"
"85","102276","20220727031000","580","0","高雄市","大樹區","120.420","22.660","73"
"127","102278","20220727031000","86","2","高雄市","大樹區","120.410","22.645","113"
"49","102279","20220727031000","43","1","高雄市","大樹區","120.415","22.645","58"
"489","102280","20220727031000","893","0","高雄市","大樹區","120.420","22.645","491"
"388","102282","20220727031000","357","1","高雄市","大樹區","120.425","22.650","357"
"439","102285","20220727031000","434","1","高雄市","大樹區","120.425","22.655","435"
"155","102292","20220727031000","216","0","高雄市","大寮區","120.405","22.605","162"
"42","102296","20220727031000","57","0","高雄市","前鎮區(海)","120.285","22.610","25"
"1163","102302","20220727031000","980","1","高雄市","大寮區","120.390","22.635","1093"
"481","102303","20220727031000","599","0","高雄市","大寮區","120.395","22.635","501"
"95","102304","20220727031000","96","0","高雄市","大寮區","120.400","22.635","97"
"243","102305","20220727031000","116","3","高雄市","大寮區","120.400","22.640","237"
"937","102306","20220727031000","1301","0","高雄市","三民區","120.305","22.645","893"
"1626","102307","20220727031000","1504","1","高雄市","三民區","120.305","22.650","1602"
"1789","102308","20220727031000","1620","1","高雄市","鳳山區","120.345","22.620","1756"
"545","102309","20220727031000","381","2","高雄市","鳳山區","120.350","22.620","1476"
"361","102310","20220727031000","1363","0","高雄市","鳳山區","120.350","22.625","346"
"124","102311","20220727031000","103","2","高雄市","旗津區","120.275","22.605","104"
"325","102312","20220727031000","214","3","高雄市","旗津區(海)","120.275","22.610","222"
"413","102313","20220727031000","535","0","高雄市","旗津區","120.275","22.600","394"
"483","102314","20220727031000","452","1","高雄市","旗津區","120.270","22.610","433"
"65","102316","20220727031000","58","1","高雄市","大社區","120.365","22.715","72"
"328","102319","20220727031000","354","0","高雄市","大社區","120.350","22.720","323"
"72","102326","20220727031000","67","1","高雄市","大社區","120.340","22.730","65"
"537","102327","20220727031000","1122","0","高雄市","大社區","120.350","22.735","553"
"1379","102328","20220727031000","1768","0","高雄市","大社區","120.345","22.730","1388"
"748","102329","20220727031000","1193","0","高雄市","大社區","120.350","22.730","762"
"546","102330","20220727031000","584","0","高雄市","大社區","120.355","22.730","539"
"61","102333","20220727031000","47","2","高雄市","大社區","120.370","22.730","63"
"39","102335","20220727031000","40","0","高雄市","大社區","120.375","22.730","40"
"59","102340","20220727031000","240","0","高雄市","大社區","120.360","22.720","189"
"1134","102341","20220727031000","1285","0","高雄市","大社區","120.350","22.725","1124"
"592","102342","20220727031000","552","1","高雄市","大社區","120.355","22.725","599"
"107","102345","20220727031000","339","0","高雄市","左營區","120.300","22.690","99"
"123","102347","20220727031000","150","0","高雄市","左營區","120.265","22.675","165"
"250","102349","20220727031000","136","3","高雄市","左營區","120.275","22.675","196"
"304","102350","20220727031000","114","3","高雄市","左營區","120.280","22.675","238"
"189","102353","20220727031000","233","0","高雄市","左營區","120.275","22.680","139"
"634","102354","20220727031000","1228","0","高雄市","左營區","120.280","22.680","623"
"265","102356","20220727031000","257","1","高雄市","左營區","120.265","22.680","200"
"169","102357","20220727031000","141","1","高雄市","左營區","120.270","22.680","133"
"399","102358","20220727031000","360","1","高雄市","左營區","120.280","22.685","337"
"138","102360","20220727031000","81","3","高雄市","左營區","120.265","22.685","93"
"505","102361","20220727031000","292","3","高雄市","左營區","120.275","22.685","333"
"44","102364","20220727031000","164","0","高雄市","左營區","120.295","22.685","38"
"1967","102365","20220727031000","1920","1","高雄市","新興區","120.310","22.625","1898"
"942","102366","20220727031000","761","2","高雄市","新興區","120.305","22.625","947"
"1804","102370","20220727031000","1484","2","高雄市","仁武區","120.325","22.680","1760"
"2738","102371","20220727031000","2428","1","高雄市","左營區","120.305","22.680","2722"
"746","102372","20220727031000","2345","0","高雄市","左營區","120.315","22.680","803"
"920","102373","20220727031000","924","0","高雄市","左營區","120.315","22.685","941"
"726","102374","20220727031000","960","0","高雄市","仁武區","120.330","22.685","704"
"264","102375","20220727031000","503","0","高雄市","左營區","120.310","22.690","286"
"2654","102376","20220727031000","2145","2","高雄市","左營區","120.320","22.685","2645"
"2608","102377","20220727031000","3364","0","高雄市","三民區","120.310","22.645","2752"
"414","102378","20220727031000","909","0","高雄市","三民區","120.310","22.650","407"
"1584","102380","20220727031000","1515","1","高雄市","三民區","120.325","22.640","1569"
"568","102381","20220727031000","730","0","高雄市","三民區","120.295","22.640","580"
"1310","102382","20220727031000","1598","0","高雄市","三民區","120.300","22.650","1312"
"1414","102383","20220727031000","1073","2","高雄市","新興區","120.300","22.635","1421"
"1605","102384","20220727031000","1094","2","高雄市","三民區","120.285","22.635","1538"
"1297","102385","20220727031000","1406","0","高雄市","三民區","120.330","22.645","1254"
"15","102386","20220727031000","35","0","高雄市","楠梓區","120.330","22.725","16"
"58","102387","20220727031000","61","0","高雄市","楠梓區","120.330","22.730","59"
"1635","102388","20220727031000","1548","1","高雄市","楠梓區","120.335","22.730","1621"
"2473","102389","20220727031000","1983","2","高雄市","楠梓區","120.325","22.730","2458"
"1032","102390","20220727031000","1384","0","高雄市","楠梓區","120.285","22.720","1086"
"558","102391","20220727031000","717","0","高雄市","楠梓區","120.290","22.705","551"
"58","102393","20220727031000","37","3","高雄市","楠梓區","120.305","22.700","78"
"114","102408","20220727031000","86","2","高雄市","鼓山區(海)","120.295","22.600","120"
"1324","102417","20220727031000","1749","0","高雄市","三民區","120.300","22.645","1353"
"58","102419","20220727031000","104","0","高雄市","新興區","120.310","22.635","72"
"1454","102420","20220727031000","1490","0","高雄市","三民區","120.300","22.640","1442"
"384","102421","20220727031000","530","0","高雄市","鳳山區","120.345","22.600","386"
"2995","102422","20220727031000","3555","0","高雄市","鳳山區","120.345","22.610","3019"
"285","102423","20220727031000","232","2","高雄市","鳳山區","120.355","22.610","271"
"1505","102424","20220727031000","1415","1","高雄市","鹽埕區","120.285","22.625","1561"
"1990","102425","20220727031000","1173","3","高雄市","鹽埕區","120.285","22.620","1992"
"289","102426","20220727031000","303","0","高雄市","楠梓區","120.305","22.720","283"
"637","102427","20220727031000","795","0","高雄市","楠梓區","120.310","22.720","621"
"972","102428","20220727031000","726","2","高雄市","楠梓區","120.305","22.725","966"
"1059","102429","20220727031000","802","2","高雄市","楠梓區","120.310","22.725","1047"
"457","102430","20220727031000","1196","0","高雄市","楠梓區","120.315","22.725","494"
"840","102431","20220727031000","1322","0","高雄市","楠梓區","120.315","22.730","928"
"191","102432","20220727031000","158","2","高雄市","楠梓區","120.265","22.705","382"
"38","102441","20220727031000","276","0","高雄市","楠梓區","120.280","22.715","30"
"247","102442","20220727031000","1126","0","高雄市","楠梓區","120.280","22.720","252"
"517","102444","20220727031000","440","1","高雄市","楠梓區","120.320","22.715","529"
"519","102445","20220727031000","545","0","高雄市","楠梓區","120.325","22.720","505"
"40","102447","20220727031000","706","0","高雄市","楠梓區","120.320","22.720","42"
"126","102448","20220727031000","170","0","高雄市","旗津區","120.270","22.605","130"
"197","102466","20220727031000","153","2","高雄市","大樹區","120.415","22.705","198"
"56","102478","20220727031000","243","0","高雄市","大樹區","120.440","22.710","54"
"261","102482","20220727031000","249","1","高雄市","大樹區","120.445","22.715","234"
"131","111108","20220727031000","610","0","屏東縣","九如鄉","120.480","22.750","108"
"364","111142","20220727031000","207","3","屏東縣","九如鄉","120.500","22.740","382"
"35","111145","20220727031000","217","0","屏東縣","九如鄉","120.500","22.745","28"
"27","111157","20220727031000","383","0","屏東縣","九如鄉","120.500","22.760","29"
"113","111163","20220727031000","93","2","屏東縣","九如鄉","120.495","22.745","121"
"275","111167","20220727031000","187","2","屏東縣","九如鄉","120.490","22.755","268"
"232","111186","20220727031000","157","2","屏東縣","高樹鄉","120.570","22.795","240"
"35","111215","20220727031000","40","0","屏東縣","鹽埔鄉","120.545","22.760","29"
"30","111217","20220727031000","173","0","屏東縣","鹽埔鄉","120.555","22.760","31"
"307","111238","20220727031000","205","2","屏東縣","鹽埔鄉","120.545","22.745","311"
"364","111270","20220727031000","338","1","屏東縣","鹽埔鄉","120.550","22.735","352"
"27","111271","20220727031000","25","1","屏東縣","鹽埔鄉","120.560","22.735","22"
"34","111273","20220727031000","318","0","屏東縣","鹽埔鄉","120.555","22.740","29"
"362","111282","20220727031000","198","3","屏東縣","鹽埔鄉","120.560","22.740","339"
"233","111309","20220727031000","233","1","屏東縣","鹽埔鄉","120.515","22.740","272"
"34","111315","20220727031000","223","0","屏東縣","鹽埔鄉","120.580","22.740","34"
"45","111337","20220727031000","392","0","屏東縣","鹽埔鄉","120.580","22.755","42"
"271","111360","20220727031000","874","0","屏東縣","鹽埔鄉","120.575","22.755","257"
"115","111374","20220727031000","107","1","屏東縣","里港鄉","120.480","22.770","111"
"460","111380","20220727031000","370","2","屏東縣","里港鄉","120.480","22.775","466"
"104","111398","20220727031000","108","0","屏東縣","里港鄉","120.490","22.820","100"
"17","111418","20220727031000","228","0","屏東縣","里港鄉","120.490","22.775","19"
"725","111419","20220727031000","745","0","屏東縣","里港鄉","120.495","22.775","742"
"82","111451","20220727031000","137","0","屏東縣","里港鄉","120.535","22.775","91"
"31","111459","20220727031000","448","0","屏東縣","里港鄉","120.520","22.785","37"
"210","111491","20220727031000","183","1","屏東縣","里港鄉","120.500","22.780","215"
"95","111507","20220727031000","309","0","屏東縣","高樹鄉","120.615","22.815","95"
"21","111605","20220727031000","56","0","屏東縣","三地門鄉","120.700","22.790","23"
"19","111824","20220727031000","40","0","屏東縣","三地門鄉","120.700","22.765","22"
"154","111907","20220727031000","113","2","屏東縣","三地門鄉","120.635","22.745","172"
"10","112026","20220727031000","82","0","屏東縣","霧台鄉","120.740","22.740","13"
"404","112600","20220727031000","207","3","屏東縣","里港鄉","120.505","22.810","426"
"272","112635","20220727031000","217","2","屏東縣","里港鄉","120.490","22.805","268"
"331","112659","20220727031000","309","1","屏東縣","里港鄉","120.505","22.815","334"
"22","112669","20220727031000","96","0","屏東縣","里港鄉","120.505","22.820","29"
"210","112687","20220727031000","161","2","屏東縣","里港鄉","120.535","22.825","210"
"166","112714","20220727031000","108","3","屏東縣","里港鄉","120.485","22.765","166"
"940","112719","20220727031000","934","1","屏東縣","里港鄉","120.495","22.780","953"
"29","112920","20220727031000","48","0","屏東縣","霧台鄉","120.725","22.740","21"
"158","112942","20220727031000","145","1","屏東縣","高樹鄉","120.595","22.775","138"
"14","112982","20220727031000","15","0","屏東縣","高樹鄉","120.615","22.760","14"
"16","112995","20220727031000","10","3","屏東縣","高樹鄉","120.615","22.770","15"
"153","112999","20220727031000","120","2","屏東縣","高樹鄉","120.635","22.770","172"
"21","113004","20220727031000","22","0","屏東縣","高樹鄉","120.630","22.740","23"
"207","113006","20220727031000","182","1","屏東縣","高樹鄉","120.620","22.740","197"
"45","113023","20220727031000","35","2","屏東縣","高樹鄉","120.625","22.830","41"
"62","113048","20220727031000","329","0","屏東縣","高樹鄉","120.560","22.785","55"
"28","113075","20220727031000","115","0","屏東縣","高樹鄉","120.590","22.825","37"
"282","113097","20220727031000","245","1","屏東縣","高樹鄉","120.610","22.785","273"
"32","113103","20220727031000","31","1","屏東縣","高樹鄉","120.610","22.790","36"
"73","113129","20220727031000","47","3","屏東縣","高樹鄉","120.595","22.810","73"
"53","113131","20220727031000","42","2","屏東縣","高樹鄉","120.595","22.815","50"
"996","113133","20220727031000","1018","0","屏東縣","高樹鄉","120.600","22.825","995"
"1445","113137","20220727031000","2285","0","臺東縣","臺東市","121.155","22.750","1519"
"73","113138","20220727031000","452","0","臺東縣","臺東市","121.135","22.760","64"
"31","113139","20220727031000","31","1","臺東縣","臺東市","121.160","22.760","32"
"1547","113141","20220727031000","1314","1","臺東縣","臺東市","121.155","22.755","1555"
"785","113159","20220727031000","539","2","高雄市","永安區","120.225","22.820","770"
"607","113177","20220727031000","352","3","高雄市","永安區","120.250","22.810","607"
"32","113178","20220727031000","334","0","高雄市","岡山區","120.255","22.810","37"
"71","113182","20220727031000","70","1","高雄市","永安區","120.250","22.815","76"
"194","113185","20220727031000","167","1","高雄市","永安區","120.240","22.815","173"
"22","113196","20220727031000","26","0","高雄市","永安區","120.205","22.840","26"
"416","113206","20220727031000","588","0","臺東縣","臺東市","121.130","22.765","435"
"674","113207","20220727031000","1244","0","臺東縣","臺東市","121.120","22.770","687"
"42","113208","20220727031000","482","0","臺東縣","臺東市","121.125","22.770","36"
"533","113213","20220727031000","508","1","臺東縣","臺東市","121.125","22.780","564"
"1241","113214","20220727031000","1435","0","臺東縣","臺東市","121.120","22.785","1256"
"12","113215","20220727031000","290","0","臺東縣","臺東市","121.125","22.785","12"
"251","113216","20220727031000","149","3","臺東縣","臺東市","121.130","22.770","231"
"1058","113217","20220727031000","797","2","臺東縣","臺東市","121.135","22.770","1037"
"95","113218","20220727031000","104","0","臺東縣","臺東市","121.125","22.775","97"
"340","113219","20220727031000","491","0","臺東縣","臺東市","121.130","22.775","331"
"687","113236","20220727031000","838","0","臺東縣","臺東市","121.115","22.785","700"
"401","113239","20220727031000","231","3","臺東縣","臺東市","121.110","22.790","380"
"52","113251","20220727031000","33","3","臺東縣","臺東市","121.155","22.760","43"
"176","113258","20220727031000","87","3","臺東縣","臺東市","121.175","22.780","140"
"109","113260","20220727031000","67","3","臺東縣","臺東市","121.185","22.790","123"
"434","113263","20220727031000","488","0","臺東縣","臺東市","121.190","22.795","453"
"130","113266","20220727031000","68","3","臺東縣","臺東市","121.195","22.800","89"
"49","113269","20220727031000","39","2","臺東縣","臺東市","121.190","22.810","54"
"104","113273","20220727031000","95","1","臺東縣","臺東市","121.195","22.815","121"
"165","113295","20220727031000","195","0","臺東縣","臺東市","121.175","22.785","135"
"196","113299","20220727031000","138","2","臺東縣","臺東市","121.175","22.790","132"
"149","113310","20220727031000","115","2","臺東縣","臺東市","121.150","22.765","146"
"645","113311","20220727031000","745","0","臺東縣","臺東市","121.155","22.765","638"
"158","113314","20220727031000","1094","0","高雄市","岡山區","120.285","22.780","165"
"49","113315","20220727031000","42","1","高雄市","岡山區","120.290","22.780","45"
"94","113317","20220727031000","84","1","高雄市","岡山區","120.290","22.785","87"
"846","113318","20220727031000","816","1","高雄市","岡山區","120.280","22.800","815"
"67","113327","20220727031000","243","0","臺東縣","臺東市","121.065","22.740","66"
"283","113345","20220727031000","273","1","臺東縣","臺東市","121.055","22.760","265"
"184","113347","20220727031000","249","0","臺東縣","臺東市","121.060","22.760","190"
"85","113353","20220727031000","576","0","臺東縣","臺東市","121.140","22.765","72"
"1139","113354","20220727031000","1641","0","臺東縣","臺東市","121.145","22.765","1187"
"449","113355","20220727031000","462","0","臺東縣","臺東市","121.140","22.770","445"
"1180","113356","20220727031000","1359","0","臺東縣","臺東市","121.145","22.770","1153"
"674","113364","20220727031000","948","0","臺東縣","臺東市","121.145","22.745","685"
"872","113366","20220727031000","1442","0","臺東縣","臺東市","121.140","22.750","822"
"275","113367","20220727031000","320","0","臺東縣","臺東市","121.145","22.750","309"
"192","113369","20220727031000","613","0","臺東縣","臺東市","121.145","22.755","224"
"323","113378","20220727031000","210","3","臺東縣","臺東市","121.125","22.790","296"
"439","113380","20220727031000","491","0","臺東縣","臺東市","121.130","22.790","486"
"796","113381","20220727031000","1089","0","臺東縣","臺東市","121.125","22.795","810"
"192","113386","20220727031000","210","0","臺東縣","臺東市","121.125","22.805","200"
"123","113389","20220727031000","70","3","臺東縣","臺東市","121.120","22.810","128"
"896","113416","20220727031000","1072","0","臺東縣","臺東市","121.105","22.750","947"
"231","113423","20220727031000","174","2","臺東縣","臺東市","121.105","22.755","214"
"284","113425","20220727031000","292","0","臺東縣","臺東市","121.075","22.760","256"
"173","113434","20220727031000","504","0","臺東縣","臺東市","121.060","22.735","183"
"60","113448","20220727031000","91","0","屏東縣","里港鄉","120.530","22.830","50"
"97","113450","20220727031000","60","3","高雄市","美濃區","120.540","22.830","94"
"267","113466","20220727031000","220","2","高雄市","美濃區","120.530","22.840","261"
"22","113487","20220727031000","34","0","高雄市","大樹區","120.445","22.740","27"
"60","113496","20220727031000","55","1","高雄市","大樹區","120.445","22.745","65"
"479","113505","20220727031000","646","0","高雄市","大樹區","120.445","22.750","492"
"51","113506","20220727031000","38","2","高雄市","大樹區","120.450","22.750","51"
"76","113513","20220727031000","67","1","高雄市","岡山區","120.270","22.775","77"
"78","113514","20220727031000","328","0","高雄市","楠梓區","120.280","22.735","84"
"324","113564","20220727031000","155","3","臺東縣","卑南鄉","121.075","22.775","315"
"465","113740","20220727031000","398","1","臺東縣","卑南鄉","121.080","22.775","436"
"318","113741","20220727031000","316","1","臺東縣","卑南鄉","121.085","22.775","306"
"518","113742","20220727031000","430","2","臺東縣","卑南鄉","121.090","22.775","546"
"390","113750","20220727031000","249","3","臺東縣","卑南鄉","121.080","22.785","399"
"37","113762","20220727031000","141","0","臺東縣","卑南鄉","121.095","22.790","40"
"259","113792","20220727031000","296","0","臺東縣","卑南鄉","121.100","22.825","244"
"140","113799","20220727031000","98","2","臺東縣","卑南鄉","121.090","22.830","140"
"24","113840","20220727031000","219","0","臺東縣","卑南鄉","121.105","22.795","26"
"361","113843","20220727031000","464","0","臺東縣","卑南鄉","121.090","22.800","380"
"151","113882","20220727031000","125","2","臺東縣","卑南鄉","121.090","22.820","123"
"26","113896","20220727031000","25","1","高雄市","路竹區","120.270","22.840","22"
"396","113902","20220727031000","274","2","高雄市","橋頭區","120.290","22.745","376"
"116","113905","20220727031000","110","1","高雄市","橋頭區","120.295","22.755","119"
"166","113906","20220727031000","445","0","高雄市","楠梓區","120.325","22.755","156"
"93","113911","20220727031000","89","1","高雄市","橋頭區","120.320","22.765","99"
"714","113923","20220727031000","595","2","高雄市","橋頭區","120.305","22.770","725"
"328","113933","20220727031000","270","2","高雄市","橋頭區","120.290","22.760","336"
"418","113934","20220727031000","354","1","高雄市","岡山區","120.280","22.765","407"
"32","113947","20220727031000","30","1","高雄市","路竹區","120.275","22.840","32"
"47","113948","20220727031000","45","1","高雄市","路竹區","120.280","22.840","48"
"286","113950","20220727031000","195","2","高雄市","路竹區","120.275","22.820","279"
"148","113959","20220727031000","144","1","高雄市","路竹區","120.275","22.825","158"
"204","113962","20220727031000","140","2","高雄市","路竹區","120.265","22.830","191"
"18","113965","20220727031000","12","3","高雄市","路竹區","120.265","22.840","22"
"419","113969","20220727031000","507","0","高雄市","路竹區","120.240","22.835","471"
"711","113971","20220727031000","585","2","高雄市","路竹區","120.250","22.835","742"
"354","113978","20220727031000","304","1","高雄市","路竹區","120.245","22.845","342"
"158","113982","20220727031000","153","1","高雄市","路竹區","120.260","22.840","168"
"41","113984","20220727031000","239","0","高雄市","彌陀區","120.245","22.785","35"
"231","113985","20220727031000","249","0","高雄市","彌陀區","120.245","22.790","219"
"56","113992","20220727031000","52","1","高雄市","橋頭區","120.300","22.765","58"
"20","113994","20220727031000","749","0","高雄市","橋頭區","120.320","22.735","17"
"263","113997","20220727031000","289","0","高雄市","橋頭區","120.315","22.745","274"
"331","114001","20220727031000","628","0","高雄市","橋頭區","120.315","22.760","343"
"207","114004","20220727031000","270","0","高雄市","橋頭區","120.310","22.760","209"
"1275","114006","20220727031000","1542","0","高雄市","橋頭區","120.310","22.765","1305"
"10","114044","20220727031000","13","0","高雄市","旗山區","120.465","22.830","10"
"417","114050","20220727031000","385","1","高雄市","橋頭區","120.300","22.740","402"
"677","114055","20220727031000","499","2","高雄市","橋頭區","120.295","22.735","659"
"293","114057","20220727031000","489","0","高雄市","橋頭區","120.295","22.740","406"
"55","114059","20220727031000","634","0","高雄市","橋頭區","120.290","22.765","58"
"394","114062","20220727031000","256","3","高雄市","橋頭區","120.270","22.735","336"
"27","114068","20220727031000","419","0","高雄市","橋頭區","120.280","22.745","21"
"371","114075","20220727031000","292","2","高雄市","永安區","120.240","22.820","379"
"101","114077","20220727031000","68","2","高雄市","永安區","120.250","22.820","102"
"84","114094","20220727031000","90","0","高雄市","永安區","120.210","22.810","78"
"40","114108","20220727031000","47","0","高雄市","永安區","120.205","22.825","39"
"12","114112","20220727031000","81","0","高雄市","路竹區","120.260","22.835","12"
"1355","114116","20220727031000","1680","0","臺東縣","臺東市","121.150","22.755","1372"
"2186","114117","20220727031000","1833","1","臺東縣","臺東市","121.145","22.760","2148"
"677","114118","20220727031000","768","0","臺東縣","臺東市","121.150","22.760","704"
"285","114125","20220727031000","372","0","臺東縣","臺東市","121.115","22.750","287"
"1408","114128","20220727031000","1341","1","臺東縣","臺東市","121.135","22.755","1397"
"793","114129","20220727031000","901","0","臺東縣","臺東市","121.140","22.760","880"
"228","114130","20220727031000","1252","0","臺東縣","臺東市","121.150","22.750","224"
"324","114135","20220727031000","272","1","臺東縣","臺東市","121.100","22.740","316"
"252","114143","20220727031000","588","0","高雄市","燕巢區","120.360","22.765","238"
"785","114144","20220727031000","746","1","高雄市","燕巢區","120.365","22.765","751"
"460","114154","20220727031000","690","0","高雄市","燕巢區","120.360","22.770","455"
"655","114155","20220727031000","535","2","高雄市","岡山區","120.315","22.775","644"
"356","114160","20220727031000","293","2","高雄市","燕巢區","120.340","22.775","346"
"115","114174","20220727031000","112","1","高雄市","燕巢區","120.360","22.775","113"
"92","114194","20220727031000","67","2","高雄市","燕巢區","120.400","22.810","93"
"230","114204","20220727031000","243","0","高雄市","燕巢區","120.340","22.755","248"
"130","114206","20220727031000","188","0","高雄市","燕巢區","120.350","22.755","141"
"491","114207","20220727031000","424","1","高雄市","燕巢區","120.355","22.755","508"
"49","114210","20220727031000","108","0","高雄市","燕巢區","120.335","22.760","48"
"167","114212","20220727031000","206","0","高雄市","燕巢區","120.345","22.760","156"
"28","114214","20220727031000","75","0","高雄市","燕巢區","120.355","22.760","20"
"30","114226","20220727031000","18","3","高雄市","田寮區","120.420","22.820","24"
"11","114264","20220727031000","144","0","高雄市","岡山區","120.270","22.790","11"
"13","114268","20220727031000","12","1","高雄市","岡山區","120.270","22.795","13"
"996","114271","20220727031000","1025","0","高雄市","岡山區","120.285","22.795","1099"
"678","114274","20220727031000","550","2","高雄市","岡山區","120.280","22.780","685"
"625","114276","20220727031000","533","1","高雄市","梓官區","120.265","22.750","594"
"698","114278","20220727031000","562","2","高雄市","梓官區","120.260","22.745","688"
"362","114279","20220727031000","168","3","高雄市","梓官區","120.265","22.745","360"
"890","114288","20220727031000","692","2","高雄市","梓官區","120.265","22.760","902"
"1513","114295","20220727031000","1114","2","高雄市","梓官區","120.270","22.760","1526"
"429","114297","20220727031000","327","2","高雄市","梓官區","120.245","22.740","421"
"129","114302","20220727031000","95","2","高雄市","梓官區","120.245","22.750","107"
"414","114304","20220727031000","344","2","高雄市","梓官區","120.250","22.735","395"
"784","114307","20220727031000","948","0","高雄市","橋頭區","120.310","22.750","746"
"85","114308","20220727031000","63","2","高雄市","橋頭區","120.315","22.755","85"
"1019","114309","20220727031000","1355","0","高雄市","橋頭區","120.310","22.755","979"
"536","114311","20220727031000","429","2","高雄市","橋頭區","120.305","22.735","528"
"40","114315","20220727031000","292","0","高雄市","橋頭區","120.305","22.740","37"
"559","114318","20220727031000","596","0","高雄市","橋頭區","120.310","22.745","612"
"442","114322","20220727031000","420","1","高雄市","橋頭區","120.300","22.755","429"
"233","114329","20220727031000","121","3","高雄市","旗山區","120.445","22.775","215"
"57","114344","20220727031000","42","2","高雄市","旗山區","120.440","22.785","64"
"10","114349","20220727031000","22","0","高雄市","旗山區","120.430","22.790","10"
"11","114358","20220727031000","19","0","高雄市","旗山區","120.435","22.795","19"
"114","114363","20220727031000","151","0","高雄市","旗山區","120.460","22.795","109"
"61","114393","20220727031000","39","3","高雄市","旗山區","120.455","22.815","40"
"94","114395","20220727031000","77","2","高雄市","旗山區","120.465","22.815","99"
"497","114407","20220727031000","730","0","高雄市","旗山區","120.465","22.840","472"
"54","114408","20220727031000","81","0","高雄市","旗山區","120.450","22.845","61"
"21","114416","20220727031000","524","0","高雄市","梓官區","120.270","22.765","22"
"49","114421","20220727031000","1020","0","高雄市","梓官區","120.260","22.740","74"
"326","114422","20220727031000","302","1","高雄市","橋頭區","120.265","22.740","298"
"19","114424","20220727031000","313","0","臺東縣","卑南鄉","121.160","22.790","18"
"72","114462","20220727031000","52","2","臺東縣","卑南鄉","121.150","22.820","64"
"110","114473","20220727031000","102","1","臺東縣","卑南鄉","121.150","22.830","113"
"120","114575","20220727031000","83","2","臺東縣","卑南鄉","121.055","22.745","110"
"215","114700","20220727031000","302","0","臺東縣","臺東市","121.045","22.760","225"
"153","114840","20220727031000","114","2","臺東縣","卑南鄉","121.070","22.795","166"
"295","114846","20220727031000","345","0","臺東縣","卑南鄉","121.065","22.800","393"
"531","114971","20220727031000","672","0","臺東縣","臺東市","121.125","22.740","518"
"17","114972","20220727031000","542","0","臺東縣","臺東市","121.130","22.740","20"
"1134","114977","20220727031000","1054","1","臺東縣","臺東市","121.135","22.740","1114"
"709","114979","20220727031000","927","0","臺東縣","臺東市","121.120","22.735","743"
"774","115004","20220727031000","1340","0","高雄市","岡山區","120.285","22.790","746"
"22","115005","20220727031000","19","1","高雄市","岡山區","120.290","22.790","16"
"335","115006","20220727031000","265","2","高雄市","岡山區","120.295","22.785","341"
"12","115293","20220727031000","11","1","高雄市","田寮區","120.370","22.825","12"
"226","115298","20220727031000","208","1","高雄市","田寮區","120.360","22.830","248"
"100","115300","20220727031000","127","0","高雄市","田寮區","120.370","22.830","108"
"75","115304","20220727031000","101","0","高雄市","田寮區","120.355","22.835","76"
"46","115311","20220727031000","47","0","高雄市","田寮區","120.395","22.835","54"
"127","115312","20220727031000","111","1","高雄市","田寮區","120.345","22.840","115"
"61","115319","20220727031000","48","2","高雄市","田寮區","120.345","22.845","38"
"83","115329","20220727031000","61","2","高雄市","旗山區","120.435","22.830","69"
"97","115367","20220727031000","885","0","高雄市","燕巢區","120.355","22.790","84"
"321","115368","20220727031000","245","2","高雄市","燕巢區","120.360","22.790","295"
"138","115374","20220727031000","147","0","高雄市","燕巢區","120.325","22.785","160"
"176","115375","20220727031000","198","0","高雄市","燕巢區","120.330","22.785","178"
"352","115377","20220727031000","306","1","高雄市","燕巢區","120.340","22.785","364"
"120","115380","20220727031000","106","1","高雄市","燕巢區","120.355","22.785","127"
"327","115382","20220727031000","266","2","高雄市","燕巢區","120.340","22.790","340"
"266","115384","20220727031000","209","2","高雄市","燕巢區","120.350","22.790","246"
"20","115394","20220727031000","21","0","高雄市","燕巢區","120.355","22.810","19"
"22","115398","20220727031000","22","1","高雄市","燕巢區","120.375","22.810","27"
"77","115401","20220727031000","78","0","高雄市","燕巢區","120.390","22.810","76"
"64","115402","20220727031000","55","1","高雄市","燕巢區","120.355","22.815","58"
"20","115404","20220727031000","23","0","高雄市","燕巢區","120.365","22.815","21"
"294","115429","20220727031000","255","1","高雄市","燕巢區","120.365","22.790","291"
"434","115436","20220727031000","425","1","高雄市","燕巢區","120.365","22.795","443"
"154","115437","20220727031000","158","0","高雄市","燕巢區","120.370","22.795","151"
"46","115438","20220727031000","43","1","高雄市","燕巢區","120.375","22.795","46"
"214","115447","20220727031000","629","0","高雄市","燕巢區","120.375","22.760","209"
"225","115450","20220727031000","501","0","高雄市","燕巢區","120.375","22.765","222"
"32","115453","20220727031000","33","0","高雄市","燕巢區","120.390","22.765","19"
"13","115458","20220727031000","89","0","高雄市","燕巢區","120.385","22.770","16"
"52","115463","20220727031000","48","1","高雄市","燕巢區","120.410","22.770","55"
"279","115472","20220727031000","281","0","高雄市","燕巢區","120.385","22.775","285"
"144","115473","20220727031000","171","0","高雄市","燕巢區","120.390","22.775","155"
"15","115475","20220727031000","63","0","高雄市","燕巢區","120.400","22.775","13"
"171","115482","20220727031000","117","2","高雄市","燕巢區","120.385","22.780","170"
"93","115486","20220727031000","148","0","高雄市","燕巢區","120.405","22.780","99"
"127","115500","20220727031000","121","1","高雄市","燕巢區","120.420","22.780","132"
"94","115501","20220727031000","60","3","高雄市","燕巢區","120.425","22.780","95"
"15","115507","20220727031000","27","0","高雄市","燕巢區","120.410","22.785","18"
"12","115513","20220727031000","93","0","高雄市","燕巢區","120.405","22.790","13"
"37","115519","20220727031000","86","0","高雄市","燕巢區","120.410","22.795","38"
"111","115523","20220727031000","91","2","高雄市","岡山區","120.315","22.785","109"
"198","115524","20220727031000","204","0","高雄市","燕巢區","120.320","22.785","203"
"21","115528","20220727031000","109","0","高雄市","燕巢區","120.330","22.790","23"
"44","115531","20220727031000","444","0","高雄市","燕巢區","120.325","22.795","56"
"222","115537","20220727031000","388","0","高雄市","燕巢區","120.335","22.800","178"
"926","115543","20220727031000","864","1","高雄市","燕巢區","120.355","22.795","945"
"201","115544","20220727031000","172","1","高雄市","燕巢區","120.360","22.795","204"
"250","115546","20220727031000","253","0","高雄市","燕巢區","120.355","22.800","230"
"867","115555","20220727031000","2063","0","高雄市","楠梓區","120.325","22.735","889"
"1134","115556","20220727031000","699","3","高雄市","楠梓區","120.330","22.735","1135"
"1096","115557","20220727031000","1651","0","高雄市","楠梓區","120.335","22.735","1106"
"894","115559","20220727031000","946","0","高雄市","楠梓區","120.330","22.740","873"
"1121","115560","20220727031000","1141","0","高雄市","楠梓區","120.335","22.740","1129"
"49","115562","20220727031000","603","0","高雄市","楠梓區","120.330","22.745","55"
"38","115563","20220727031000","433","0","高雄市","橋頭區","120.325","22.750","33"
"804","115564","20220727031000","770","1","高雄市","楠梓區","120.330","22.750","815"
"136","115565","20220727031000","61","3","高雄市","岡山區","120.305","22.780","94"
"187","115567","20220727031000","162","1","高雄市","岡山區","120.315","22.825","190"
"240","115568","20220727031000","252","0","高雄市","岡山區","120.325","22.825","250"
"81","115576","20220727031000","245","0","高雄市","岡山區","120.315","22.815","96"
"104","115577","20220727031000","111","0","高雄市","岡山區","120.320","22.815","96"
"25","115580","20220727031000","72","0","高雄市","岡山區","120.325","22.820","44"
"83","115598","20220727031000","1036","0","高雄市","岡山區","120.295","22.795","88"
"257","115599","20220727031000","249","1","高雄市","岡山區","120.290","22.800","248"
"617","115600","20220727031000","628","0","高雄市","岡山區","120.295","22.800","607"
"11","115611","20220727031000","11","1","臺東縣","臺東市","121.105","22.765","13"
"536","115616","20220727031000","596","0","臺東縣","臺東市","121.105","22.770","528"
"463","115617","20220727031000","393","1","臺東縣","臺東市","121.110","22.770","457"
"64","115618","20220727031000","668","0","臺東縣","臺東市","121.115","22.770","50"
"43","115620","20220727031000","55","0","高雄市","大樹區","120.440","22.755","50"
"106","115631","20220727031000","50","3","高雄市","大樹區","120.420","22.765","123"
"21","115636","20220727031000","32","0","高雄市","大樹區","120.445","22.765","18"
"267","115644","20220727031000","198","2","高雄市","大樹區","120.450","22.770","235"
"33","115647","20220727031000","31","1","高雄市","旗山區","120.430","22.775","33"
"363","115648","20220727031000","251","2","高雄市","岡山區","120.300","22.815","351"
"1132","115657","20220727031000","873","2","高雄市","岡山區","120.300","22.820","1106"
"418","115660","20220727031000","426","0","高雄市","岡山區","120.315","22.820","427"
"54","115663","20220727031000","33","3","高雄市","岡山區","120.295","22.830","57"
"273","115664","20220727031000","203","2","高雄市","岡山區","120.290","22.795","257"
"887","115665","20220727031000","829","1","高雄市","岡山區","120.285","22.800","883"
"14","115669","20220727031000","194","0","高雄市","燕巢區","120.325","22.800","10"
"13","115670","20220727031000","33","0","高雄市","岡山區","120.310","22.805","13"
"22","115676","20220727031000","64","0","高雄市","岡山區","120.320","22.810","27"
"107","115684","20220727031000","162","0","高雄市","岡山區","120.305","22.775","95"
"28","115686","20220727031000","46","0","高雄市","岡山區","120.310","22.775","28"
"29","115687","20220727031000","360","0","高雄市","岡山區","120.300","22.780","20"
"29","115690","20220727031000","879","0","高雄市","岡山區","120.300","22.785","30"
"42","115691","20220727031000","447","0","高雄市","岡山區","120.290","22.805","39"
"133","115692","20220727031000","231","0","高雄市","岡山區","120.295","22.805","132"
"79","115694","20220727031000","625","0","高雄市","岡山區","120.295","22.790","73"
"167","115706","20220727031000","145","1","高雄市","彌陀區","120.240","22.755","173"
"126","115708","20220727031000","123","1","高雄市","梓官區","120.250","22.755","126"
"138","115709","20220727031000","97","2","高雄市","彌陀區","120.235","22.760","152"
"157","115713","20220727031000","119","2","高雄市","彌陀區","120.240","22.765","157"
"376","115714","20220727031000","496","0","高雄市","彌陀區","120.250","22.780","401"
"531","115717","20220727031000","636","0","臺東縣","臺東市","121.140","22.740","551"
"411","115718","20220727031000","297","2","臺東縣","臺東市","121.130","22.745","396"
"1559","115719","20220727031000","2091","0","臺東縣","臺東市","121.135","22.745","1641"
"35","115720","20220727031000","719","0","臺東縣","臺東市","121.140","22.745","28"
"340","115721","20220727031000","413","0","臺東縣","臺東市","121.130","22.750","374"
"816","115722","20220727031000","699","1","臺東縣","臺東市","121.135","22.750","806"
"287","115724","20220727031000","330","0","臺東縣","臺東市","121.120","22.750","292"
"298","115727","20220727031000","288","1","臺東縣","臺東市","121.130","22.755","293"
"200","115728","20220727031000","332","0","臺東縣","臺東市","121.120","22.760","177"
"95","115732","20220727031000","76","2","臺東縣","臺東市","121.090","22.760","94"
"252","115739","20220727031000","299","0","臺東縣","臺東市","121.095","22.765","287"
"390","115745","20220727031000","516","0","臺東縣","臺東市","121.095","22.770","397"
"173","115749","20220727031000","156","1","高雄市","阿蓮區","120.335","22.835","164"
"1417","115782","20220727031000","819","3","高雄市","岡山區","120.300","22.795","1385"
"1151","115783","20220727031000","1096","1","高雄市","岡山區","120.305","22.795","1143"
"24","115784","20220727031000","29","0","高雄市","岡山區","120.310","22.795","17"
"585","115787","20220727031000","393","2","高雄市","岡山區","120.270","22.780","511"
"87","115788","20220727031000","405","0","高雄市","岡山區","120.270","22.785","87"
"310","115791","20220727031000","878","0","高雄市","岡山區","120.285","22.785","308"
"496","115793","20220727031000","486","1","高雄市","彌陀區","120.250","22.785","500"
"869","115795","20220727031000","896","0","高雄市","彌陀區","120.235","22.795","842"
"137","115804","20220727031000","133","1","高雄市","彌陀區","120.245","22.775","128"
"82","115805","20220727031000","67","2","高雄市","彌陀區","120.245","22.765","75"
"173","115808","20220727031000","171","1","高雄市","彌陀區","120.245","22.770","188"
"20","115810","20220727031000","156","0","高雄市","彌陀區","120.255","22.770","17"
"13","115812","20220727031000","35","0","高雄市","大樹區","120.405","22.735","13"
"1403","115819","20220727031000","1051","2","高雄市","岡山區","120.305","22.785","1406"
"504","115820","20220727031000","1294","0","高雄市","岡山區","120.300","22.790","509"
"867","115821","20220727031000","848","1","高雄市","岡山區","120.305","22.790","866"
"477","115833","20220727031000","242","3","高雄市","岡山區","120.265","22.815","504"
"232","115834","20220727031000","203","1","高雄市","岡山區","120.270","22.815","240"
"176","115836","20220727031000","131","2","高雄市","岡山區","120.255","22.820","176"
"102","115841","20220727031000","97","1","高雄市","岡山區","120.265","22.820","102"
"134","115844","20220727031000","94","2","高雄市","岡山區","120.300","22.830","139"
"409","115849","20220727031000","541","0","高雄市","阿蓮區","120.305","22.835","445"
"32","115851","20220727031000","124","0","高雄市","岡山區","120.280","22.810","36"
"262","115852","20220727031000","166","3","高雄市","岡山區","120.285","22.810","261"
"400","115855","20220727031000","343","1","高雄市","岡山區","120.285","22.815","399"
"31","115856","20220727031000","272","0","高雄市","岡山區","120.290","22.815","41"
"464","115872","20220727031000","334","2","高雄市","彌陀區","120.250","22.775","466"
"23","115876","20220727031000","31","0","高雄市","大社區","120.345","22.735","20"
"17","115878","20220727031000","239","0","高雄市","大社區","120.360","22.740","20"
"69","115879","20220727031000","77","0","高雄市","大社區","120.365","22.740","63"
"241","115883","20220727031000","260","0","高雄市","大社區","120.345","22.740","243"
"894","115886","20220727031000","971","0","高雄市","楠梓區","120.335","22.745","853"
"377","115889","20220727031000","660","0","高雄市","大社區","120.350","22.745","355"
"202","115892","20220727031000","483","0","高雄市","燕巢區","120.340","22.750","198"
"46","115895","20220727031000","41","1","高雄市","大社區","120.355","22.750","40"
"113","115897","20220727031000","155","0","高雄市","大社區","120.365","22.750","126"
"87","115907","20220727031000","142","0","高雄市","大社區","120.375","22.745","76"
"38","115911","20220727031000","52","0","高雄市","大社區","120.395","22.745","42"
"11","115922","20220727031000","35","0","高雄市","大社區","120.405","22.750","10"
"70","115927","20220727031000","57","2","高雄市","大社區","120.390","22.755","92"
"198","115941","20220727031000","143","2","高雄市","大社區","120.370","22.735","172"
"274","115943","20220727031000","377","0","高雄市","大社區","120.380","22.735","266"
"604","115946","20220727031000","512","1","高雄市","岡山區","120.275","22.775","588"
"697","115949","20220727031000","549","2","高雄市","岡山區","120.310","22.790","707"
"1016","115953","20220727031000","973","1","高雄市","岡山區","120.300","22.800","955"
"70","115954","20220727031000","530","0","高雄市","岡山區","120.305","22.800","70"
"85","115966","20220727031000","68","2","高雄市","旗山區","120.425","22.815","86"
"16","115972","20220727031000","11","2","高雄市","旗山區","120.435","22.825","16"
"52","124145","20220727031000","386","0","屏東縣","高樹鄉","120.610","22.850","53"
"63","124161","20220727031000","194","0","屏東縣","高樹鄉","120.630","22.865","57"
"83","124176","20220727031000","50","3","屏東縣","高樹鄉","120.640","22.880","87"
"33","124193","20220727031000","36","0","臺南市","仁德區","120.245","22.935","31"
"39","124195","20220727031000","70","0","臺南市","仁德區","120.240","22.940","49"
"456","124197","20220727031000","642","0","臺南市","仁德區","120.250","22.940","446"
"25","124211","20220727031000","27","0","臺南市","關廟區","120.330","22.910","31"
"219","124220","20220727031000","258","0","臺南市","關廟區","120.345","22.915","228"
"63","124243","20220727031000","79","0","高雄市","茄萣區","120.205","22.855","55"
"326","124253","20220727031000","349","0","臺南市","仁德區","120.215","22.910","266"
"332","124255","20220727031000","257","2","高雄市","湖內區","120.225","22.905","305"
"115","124262","20220727031000","434","0","臺南市","南區","120.185","22.920","127"
"21","124268","20220727031000","245","0","臺南市","歸仁區","120.280","22.915","15"
"162","124271","20220727031000","238","0","臺南市","歸仁區","120.270","22.920","165"
"309","124275","20220727031000","233","2","臺南市","歸仁區","120.285","22.920","299"
"189","124278","20220727031000","116","3","臺南市","歸仁區","120.280","22.925","192"
"52","124281","20220727031000","107","0","臺南市","歸仁區","120.270","22.930","43"
"14","124291","20220727031000","112","0","臺南市","南區","120.175","22.940","16"
"182","124293","20220727031000","255","0","臺南市","仁德區","120.245","22.925","182"
"18","124295","20220727031000","21","0","臺南市","仁德區","120.240","22.930","17"
"682","124314","20220727031000","1485","0","臺南市","仁德區","120.260","22.945","230"
"127","124322","20220727031000","525","0","臺南市","歸仁區","120.270","22.905","144"
"542","124323","20220727031000","555","0","臺南市","仁德區","120.255","22.910","548"
"448","124338","20220727031000","407","1","臺南市","仁德區","120.250","22.910","424"
"77","124352","20220727031000","80","0","臺南市","關廟區","120.325","22.950","72"
"289","124363","20220727031000","144","3","臺南市","關廟區","120.335","22.930","254"
"30","124371","20220727031000","231","0","臺南市","關廟區","120.335","22.940","366"
"1182","124386","20220727031000","1026","1","臺南市","仁德區","120.255","22.950","1202"
"133","124408","20220727031000","226","0","臺南市","仁德區","120.230","22.945","121"
"277","124415","20220727031000","294","0","臺南市","仁德區","120.260","22.950","319"
"143","124431","20220727031000","149","0","臺南市","歸仁區","120.295","22.925","125"
"236","124453","20220727031000","138","3","臺南市","歸仁區","120.300","22.940","221"
"745","124469","20220727031000","592","2","臺南市","南區","120.180","22.930","719"
"44","124472","20220727031000","129","0","臺南市","南區","120.180","22.935","38"
"135","124474","20220727031000","117","1","臺南市","南區","120.190","22.935","124"
"317","124477","20220727031000","1140","0","臺南市","南區","120.180","22.925","302"
"37","124491","20220727031000","367","0","臺南市","歸仁區","120.275","22.910","38"
"95","124494","20220727031000","175","0","臺南市","歸仁區","120.285","22.910","86"
"130","124504","20220727031000","559","0","臺南市","歸仁區","120.275","22.915","126"
"557","124526","20220727031000","664","0","臺南市","歸仁區","120.275","22.950","588"
"128","124527","20220727031000","165","0","臺南市","歸仁區","120.280","22.950","139"
"17","124538","20220727031000","40","0","臺南市","仁德區","120.220","22.920","28"
"132","124546","20220727031000","155","0","臺南市","南區","120.215","22.950","122"
"15","124548","20220727031000","50","0","臺南市","仁德區","120.220","22.945","11"
"110","124549","20220727031000","150","0","臺南市","仁德區","120.220","22.950","131"
"50","124550","20220727031000","587","0","高雄市","湖內區","120.230","22.915","38"
"431","124551","20220727031000","522","0","臺南市","仁德區","120.235","22.915","401"
"271","124552","20220727031000","780","0","臺南市","仁德區","120.225","22.920","281"
"64","124553","20220727031000","638","0","臺南市","仁德區","120.230","22.920","58"
"46","124555","20220727031000","585","0","臺南市","仁德區","120.240","22.920","50"
"169","124557","20220727031000","220","0","臺南市","仁德區","120.250","22.920","163"
"251","124559","20220727031000","466","0","臺南市","仁德區","120.225","22.925","249"
"32","124563","20220727031000","538","0","臺南市","仁德區","120.230","22.930","32"
"292","124565","20220727031000","419","0","臺南市","仁德區","120.220","22.915","367"
"1122","124569","20220727031000","976","1","臺南市","仁德區","120.215","22.915","1070"
"685","124585","20220727031000","537","2","臺南市","南區","120.180","22.945","663"
"258","124591","20220727031000","282","0","臺南市","南區","120.185","22.950","284"
"26","124601","20220727031000","35","0","高雄市","茂林區","120.685","22.905","37"
"1118","124642","20220727031000","1398","0","高雄市","茄萣區","120.185","22.895","1105"
"13","124648","20220727031000","16","0","高雄市","內門區","120.450","22.920","10"
"211","124661","20220727031000","315","0","高雄市","美濃區","120.525","22.850","217"
"82","124668","20220727031000","97","0","高雄市","美濃區","120.535","22.850","74"
"260","124671","20220727031000","354","0","高雄市","美濃區","120.550","22.850","294"
"256","124678","20220727031000","335","0","高雄市","美濃區","120.535","22.860","241"
"148","124706","20220727031000","139","1","高雄市","美濃區","120.580","22.920","135"
"12","124745","20220727031000","13","0","高雄市","美濃區","120.585","22.940","23"
"683","124774","20220727031000","819","0","高雄市","美濃區","120.545","22.900","706"
"214","124778","20220727031000","152","2","高雄市","美濃區","120.555","22.905","216"
"220","124780","20220727031000","241","0","高雄市","美濃區","120.545","22.910","212"
"251","124803","20220727031000","180","2","高雄市","美濃區","120.535","22.865","254"
"365","124809","20220727031000","302","2","高雄市","美濃區","120.535","22.875","376"
"177","124812","20220727031000","189","0","高雄市","美濃區","120.535","22.880","173"
"235","124818","20220727031000","179","2","高雄市","美濃區","120.555","22.885","223"
"209","124831","20220727031000","296","0","高雄市","內門區","120.460","22.925","209"
"31","124869","20220727031000","87","0","高雄市","內門區","120.470","22.910","30"
"16","124870","20220727031000","30","0","高雄市","內門區","120.475","22.910","16"
"204","124897","20220727031000","176","1","高雄市","內門區","120.465","22.930","202"
"176","124903","20220727031000","232","0","高雄市","內門區","120.465","22.940","157"
"254","124908","20220727031000","180","2","高雄市","內門區","120.460","22.920","261"
"24","124962","20220727031000","14","3","臺南市","龍崎區","120.380","22.950","21"
"11","124976","20220727031000","19","0","臺南市","龍崎區","120.395","22.930","12"
"63","124995","20220727031000","50","2","臺南市","龍崎區","120.365","22.915","55"
"49","125006","20220727031000","71","0","臺南市","龍崎區","120.350","22.930","53"
"314","125045","20220727031000","398","0","臺南市","龍崎區","120.425","22.940","329"
"11","125061","20220727031000","11","1","臺南市","龍崎區","120.420","22.945","16"
"45","125099","20220727031000","189","0","臺東縣","卑南鄉","121.090","22.865","44"
"290","125138","20220727031000","254","1","臺東縣","卑南鄉","121.125","22.870","225"
"68","125172","20220727031000","53","2","臺東縣","卑南鄉","121.190","22.850","66"
"207","125177","20220727031000","249","0","高雄市","湖內區","120.235","22.900","185"
"91","125178","20220727031000","122","0","臺南市","仁德區","120.235","22.905","86"
"460","125179","20220727031000","300","3","高雄市","湖內區","120.230","22.910","381"
"524","125186","20220727031000","438","1","高雄市","路竹區","120.275","22.870","511"
"63","125192","20220727031000","75","0","高雄市","路竹區","120.265","22.885","69"
"460","125206","20220727031000","404","1","高雄市","路竹區","120.270","22.870","479"
"426","125207","20220727031000","432","0","高雄市","路竹區","120.255","22.875","417"
"164","125215","20220727031000","130","2","高雄市","茄萣區","120.180","22.910","159"
"433","125229","20220727031000","376","1","高雄市","路竹區","120.290","22.865","427"
"248","125232","20220727031000","249","0","高雄市","路竹區","120.245","22.860","238"
"1198","125234","20220727031000","951","2","高雄市","路竹區","120.255","22.860","1228"
"72","125242","20220727031000","69","1","高雄市","路竹區","120.250","22.855","73"
"33","125244","20220727031000","43","0","高雄市","路竹區","120.260","22.865","41"
"429","125249","20220727031000","464","0","高雄市","路竹區","120.235","22.860","400"
"457","125257","20220727031000","585","0","高雄市","路竹區","120.260","22.860","539"
"70","125258","20220727031000","65","1","高雄市","路竹區","120.255","22.865","61"
"434","125263","20220727031000","431","1","高雄市","路竹區","120.225","22.855","459"
"156","125284","20220727031000","81","3","高雄市","旗山區","120.515","22.855","153"
"152","125285","20220727031000","134","1","高雄市","旗山區","120.490","22.860","165"
"21","125295","20220727031000","65","0","高雄市","旗山區","120.490","22.880","16"
"342","125296","20220727031000","161","3","高雄市","旗山區","120.495","22.880","340"
"417","125297","20220727031000","418","0","高雄市","旗山區","120.500","22.880","468"
"821","125340","20220727031000","1184","0","高雄市","旗山區","120.480","22.895","803"
"144","125343","20220727031000","129","1","高雄市","旗山區","120.480","22.900","154"
"61","125346","20220727031000","505","0","高雄市","旗山區","120.475","22.905","62"
"39","125349","20220727031000","376","0","高雄市","旗山區","120.485","22.905","20"
"86","125360","20220727031000","467","0","高雄市","湖內區","120.250","22.880","95"
"244","125361","20220727031000","797","0","高雄市","湖內區","120.245","22.885","257"
"35","125366","20220727031000","274","0","高雄市","湖內區","120.240","22.890","52"
"547","125367","20220727031000","427","2","高雄市","湖內區","120.245","22.890","522"
"45","125374","20220727031000","51","0","高雄市","旗山區","120.445","22.885","52"
"31","125393","20220727031000","48","0","高雄市","內門區","120.420","22.910","28"
"12","125438","20220727031000","13","0","高雄市","茂林區","120.650","22.880","17"
"64","125487","20220727031000","79","0","高雄市","六龜區","120.620","22.890","59"
"98","125491","20220727031000","98","1","高雄市","六龜區","120.625","22.895","97"
"94","125506","20220727031000","103","0","高雄市","六龜區","120.635","22.910","93"
"10","125528","20220727031000","11","0","高雄市","六龜區","120.615","22.880","15"
"63","125543","20220727031000","70","0","高雄市","六龜區","120.625","22.885","67"
"89","125591","20220727031000","79","1","高雄市","六龜區","120.645","22.925","94"
"906","125608","20220727031000","745","2","高雄市","路竹區","120.265","22.865","849"
"121","125613","20220727031000","121","1","高雄市","路竹區","120.265","22.850","128"
"106","125614","20220727031000","99","1","高雄市","路竹區","120.260","22.855","90"
"280","125624","20220727031000","245","1","高雄市","路竹區","120.290","22.875","294"
"48","125626","20220727031000","54","0","高雄市","路竹區","120.295","22.875","44"
"43","125629","20220727031000","77","0","高雄市","路竹區","120.285","22.880","49"
"174","125646","20220727031000","184","0","臺南市","關廟區","120.345","22.905","170"
"308","125659","20220727031000","276","1","高雄市","阿蓮區","120.290","22.895","317"
"181","125660","20220727031000","179","1","高雄市","阿蓮區","120.295","22.895","173"
"113","125667","20220727031000","579","0","臺南市","歸仁區","120.280","22.905","124"
"16","125673","20220727031000","14","1","高雄市","阿蓮區","120.330","22.875","20"
"273","125676","20220727031000","114","3","高雄市","湖內區","120.200","22.910","278"
"20","125737","20220727031000","207","0","高雄市","田寮區","120.370","22.865","23"
"58","125772","20220727031000","59","0","高雄市","田寮區","120.400","22.890","64"
"22","125779","20220727031000","38","0","高雄市","田寮區","120.400","22.895","18"
"29","125825","20220727031000","22","2","臺東縣","東河鄉","121.270","22.930","25"
"45","125838","20220727031000","20","3","臺東縣","東河鄉","121.275","22.940","32"
"113","125849","20220727031000","90","2","臺東縣","鹿野鄉","121.150","22.930","129"
"653","125884","20220727031000","1079","0","高雄市","旗山區","120.480","22.880","636"
"426","125896","20220727031000","513","0","高雄市","美濃區","120.540","22.900","409"
"30","125917","20220727031000","32","0","高雄市","美濃區","120.535","22.900","32"
"169","125941","20220727031000","161","1","高雄市","美濃區","120.565","22.865","190"
"16","125950","20220727031000","18","0","高雄市","美濃區","120.570","22.870","15"
"37","125951","20220727031000","30","2","高雄市","美濃區","120.575","22.870","46"
"62","125952","20220727031000","64","0","高雄市","美濃區","120.580","22.870","69"
"300","125955","20220727031000","288","1","高雄市","美濃區","120.565","22.875","295"
"89","125966","20220727031000","75","1","高雄市","美濃區","120.545","22.880","102"
"59","125970","20220727031000","84","0","高雄市","美濃區","120.535","22.885","58"
"254","125981","20220727031000","273","0","高雄市","美濃區","120.515","22.875","313"
"133","125989","20220727031000","126","1","高雄市","旗山區","120.505","22.890","137"
"290","125997","20220727031000","266","1","高雄市","美濃區","120.520","22.895","300"
"187","126001","20220727031000","185","1","高雄市","美濃區","120.520","22.900","177"
"366","126010","20220727031000","398","0","高雄市","美濃區","120.560","22.915","358"
"150","126024","20220727031000","128","1","高雄市","美濃區","120.580","22.925","161"
"304","126043","20220727031000","232","2","高雄市","美濃區","120.550","22.865","274"
"254","126059","20220727031000","261","0","高雄市","美濃區","120.575","22.880","239"
"94","126076","20220727031000","94","1","高雄市","美濃區","120.570","22.895","99"
"531","126092","20220727031000","745","0","高雄市","旗山區","120.480","22.885","520"
"265","126096","20220727031000","588","0","高雄市","路竹區","120.265","22.870","265"
"551","126107","20220727031000","654","0","高雄市","路竹區","120.270","22.865","525"
"410","126119","20220727031000","228","3","高雄市","旗山區","120.490","22.920","346"
"315","126120","20220727031000","357","0","高雄市","旗山區","120.495","22.920","303"
"414","126140","20220727031000","258","3","高雄市","路竹區","120.280","22.850","427"
"40","126141","20220727031000","269","0","高雄市","路竹區","120.270","22.855","44"
"1378","126142","20220727031000","1151","1","高雄市","路竹區","120.265","22.860","1357"
"23","126160","20220727031000","23","1","臺東縣","卑南鄉","121.105","22.850","19"
"586","126178","20220727031000","536","1","臺東縣","卑南鄉","121.105","22.860","584"
"104","126183","20220727031000","55","3","臺東縣","卑南鄉","121.100","22.865","104"
"70","126219","20220727031000","390","0","高雄市","茄萣區","120.185","22.890","60"
"276","126227","20220727031000","296","0","高雄市","湖內區","120.235","22.895","282"
"91","126236","20220727031000","56","3","高雄市","湖內區","120.225","22.880","76"
"445","126244","20220727031000","523","0","高雄市","湖內區","120.225","22.895","459"
"568","126247","20220727031000","424","2","高雄市","湖內區","120.240","22.870","575"
"221","126249","20220727031000","159","2","高雄市","湖內區","120.235","22.875","211"
"390","126256","20220727031000","272","2","高雄市","湖內區","120.240","22.885","368"
"616","126258","20220727031000","723","0","高雄市","湖內區","120.250","22.875","675"
"184","126273","20220727031000","154","1","高雄市","美濃區","120.545","22.895","167"
"196","126301","20220727031000","252","0","臺東縣","鹿野鄉","121.085","22.900","209"
"242","126303","20220727031000","233","1","臺東縣","延平鄉","121.075","22.905","238"
"43","126423","20220727031000","36","1","臺東縣","延平鄉","121.100","22.910","33"
"103","127499","20220727031000","157","0","臺東縣","延平鄉","121.150","22.900","117"
"44","127566","20220727031000","12","3","臺東縣","鹿野鄉","121.120","22.920","35"
"22","127569","20220727031000","185","0","臺東縣","鹿野鄉","121.120","22.925","22"
"18","127570","20220727031000","13","2","臺東縣","鹿野鄉","121.125","22.925","23"
"323","127581","20220727031000","151","3","臺東縣","鹿野鄉","121.120","22.930","310"
"192","127584","20220727031000","102","3","臺東縣","鹿野鄉","121.135","22.930","161"
"67","127600","20220727031000","44","3","臺東縣","鹿野鄉","121.135","22.945","60"
"83","127605","20220727031000","86","0","高雄市","田寮區","120.395","22.850","75"
"57","127613","20220727031000","50","1","高雄市","田寮區","120.380","22.875","61"
"249","127617","20220727031000","253","0","高雄市","田寮區","120.385","22.880","250"
"53","127622","20220727031000","42","2","高雄市","田寮區","120.390","22.885","51"
"33","127652","20220727031000","45","0","高雄市","田寮區","120.360","22.880","33"
"75","127664","20220727031000","58","2","高雄市","田寮區","120.370","22.890","84"
"28","127666","20220727031000","52","0","高雄市","田寮區","120.360","22.895","31"
"23","127698","20220727031000","42","0","高雄市","田寮區","120.425","22.885","25"
"321","127704","20220727031000","349","0","高雄市","茄萣區","120.180","22.900","344"
"58","127705","20220727031000","447","0","高雄市","茄萣區","120.185","22.900","64"
"230","127717","20220727031000","121","3","臺東縣","鹿野鄉","121.100","22.895","224"
"76","127724","20220727031000","41","3","臺東縣","鹿野鄉","121.135","22.895","91"
"11","127727","20220727031000","16","0","臺東縣","鹿野鄉","121.100","22.900","14"
"176","127733","20220727031000","197","0","臺東縣","鹿野鄉","121.135","22.910","193"
"139","127737","20220727031000","91","3","臺東縣","鹿野鄉","121.135","22.920","117"
"16","127748","20220727031000","126","0","臺東縣","鹿野鄉","121.130","22.900","13"
"240","127754","20220727031000","216","1","臺東縣","鹿野鄉","121.120","22.905","261"
"1002","127765","20220727031000","1392","0","臺南市","仁德區","120.220","22.910","1257"
"49","127770","20220727031000","213","0","高雄市","湖內區","120.215","22.905","48"
"54","127835","20220727031000","47","1","臺東縣","東河鄉","121.235","22.940","57"
"131","127852","20220727031000","154","0","臺東縣","東河鄉","121.250","22.895","143"
"120","127889","20220727031000","81","2","臺東縣","東河鄉","121.255","22.915","106"
"12","127890","20220727031000","10","2","臺東縣","東河鄉","121.260","22.915","13"
"16","127912","20220727031000","177","0","臺東縣","東河鄉","121.265","22.925","23"
"234","127933","20220727031000","146","3","臺東縣","東河鄉","121.190","22.860","234"
"49","127935","20220727031000","52","0","臺東縣","東河鄉","121.200","22.860","53"
"588","127958","20220727031000","761","0","臺東縣","東河鄉","121.225","22.870","612"
"134","127984","20220727031000","14","3","臺東縣","東河鄉","121.225","22.880","134"
"157","127998","20220727031000","86","3","臺東縣","東河鄉","121.235","22.880","122"
"41","128028","20220727031000","57","0","臺東縣","東河鄉","121.245","22.890","50"
"29","128038","20220727031000","51","0","臺東縣","東河鄉","121.235","22.895","35"
"113","128060","20220727031000","186","0","高雄市","阿蓮區","120.345","22.860","112"
"51","128066","20220727031000","473","0","高雄市","阿蓮區","120.320","22.850","56"
"137","128071","20220727031000","102","2","高雄市","阿蓮區","120.320","22.855","129"
"233","128073","20220727031000","192","2","高雄市","阿蓮區","120.330","22.855","242"
"1288","128075","20220727031000","923","2","高雄市","阿蓮區","120.325","22.875","1275"
"1468","128076","20220727031000","1063","2","高雄市","阿蓮區","120.325","22.880","1466"
"17","128078","20220727031000","191","0","高雄市","路竹區","120.305","22.860","13"
"239","128090","20220727031000","202","1","高雄市","阿蓮區","120.310","22.870","234"
"167","128091","20220727031000","144","1","高雄市","阿蓮區","120.315","22.870","167"
"86","128097","20220727031000","79","1","高雄市","阿蓮區","120.315","22.880","84"
"43","128418","20220727031000","54","0","高雄市","茂林區","120.715","22.910","44"
"54","128722","20220727031000","61","0","高雄市","茂林區","120.665","22.885","52"
"34","128723","20220727031000","33","1","高雄市","茂林區","120.670","22.885","33"
"20","128748","20220727031000","258","0","高雄市","旗山區","120.480","22.890","26"
"30","128751","20220727031000","21","2","高雄市","旗山區","120.475","22.850","29"
"315","128754","20220727031000","271","1","高雄市","路竹區","120.300","22.880","334"
"151","128758","20220727031000","114","2","高雄市","阿蓮區","120.305","22.890","141"
"16","128759","20220727031000","256","0","高雄市","阿蓮區","120.310","22.890","21"
"292","128764","20220727031000","224","2","高雄市","阿蓮區","120.330","22.880","281"
"929","128765","20220727031000","729","2","高雄市","阿蓮區","120.335","22.880","927"
"190","128766","20220727031000","179","1","高雄市","阿蓮區","120.340","22.880","198"
"279","128769","20220727031000","228","2","高雄市","阿蓮區","120.330","22.885","276"
"298","128776","20220727031000","235","2","高雄市","阿蓮區","120.320","22.890","280"
"116","128782","20220727031000","97","1","高雄市","阿蓮區","120.335","22.870","111"
"387","128789","20220727031000","309","2","高雄市","田寮區","120.355","22.870","368"
"481","128797","20220727031000","462","1","高雄市","茄萣區","120.185","22.905","508"
"300","128798","20220727031000","225","2","高雄市","茄萣區","120.190","22.905","292"
"97","128803","20220727031000","71","2","高雄市","茄萣區","120.195","22.855","66"
"48","128807","20220727031000","60","0","高雄市","茄萣區","120.195","22.860","63"
"260","128823","20220727031000","253","1","高雄市","茄萣區","120.190","22.870","264"
"318","128824","20220727031000","356","0","高雄市","茄萣區","120.195","22.870","347"
"177","128825","20220727031000","187","0","高雄市","茄萣區","120.200","22.870","170"
"27","128829","20220727031000","19","2","高雄市","茄萣區","120.190","22.875","25"
"503","128830","20220727031000","389","2","高雄市","茄萣區","120.195","22.875","498"
"141","128833","20220727031000","143","0","高雄市","茄萣區","120.210","22.875","153"
"163","128847","20220727031000","200","0","高雄市","茄萣區","120.190","22.910","154"
"456","128850","20220727031000","546","0","高雄市","茄萣區","120.185","22.910","432"
"199","128866","20220727031000","182","1","高雄市","旗山區","120.475","22.870","187"
"83","128884","20220727031000","113","0","高雄市","旗山區","120.455","22.880","121"
"79","128886","20220727031000","209","0","高雄市","旗山區","120.465","22.880","72"
"13","128887","20220727031000","14","0","高雄市","旗山區","120.470","22.880","14"
"641","128898","20220727031000","625","1","高雄市","旗山區","120.470","22.855","645"
"365","128911","20220727031000","323","1","高雄市","旗山區","120.500","22.925","369"
"227","128916","20220727031000","194","1","高雄市","旗山區","120.500","22.930","202"
"150","128946","20220727031000","134","1","高雄市","杉林區","120.525","22.930","120"
"617","134975","20220727031000","348","3","臺南市","安南區","120.210","23.035","598"
"707","134976","20220727031000","526","2","臺南市","安南區","120.210","23.040","723"
"1271","134977","20220727031000","1196","1","臺南市","安南區","120.215","23.040","1237"
"801","134978","20220727031000","832","0","臺南市","安南區","120.215","23.030","825"
"345","134979","20220727031000","323","1","臺南市","安南區","120.215","23.035","350"
"561","134985","20220727031000","464","2","臺南市","安南區","120.195","23.025","526"
"247","134991","20220727031000","296","0","臺南市","關廟區","120.300","22.995","256"
"227","134999","20220727031000","179","2","臺南市","關廟區","120.305","23.000","239"
"77","135010","20220727031000","85","0","臺南市","關廟區","120.320","23.005","80"
"282","135015","20220727031000","176","3","臺南市","關廟區","120.305","23.010","294"
"638","135022","20220727031000","803","0","臺南市","關廟區","120.325","22.965","661"
"24","135028","20220727031000","180","0","臺南市","關廟區","120.360","22.965","25"
"274","135056","20220727031000","249","1","臺南市","關廟區","120.330","22.965","276"
"24","135059","20220727031000","234","0","臺南市","關廟區","120.325","22.975","19"
"398","135061","20220727031000","2056","0","臺南市","中西區","120.210","22.985","876"
"190","135062","20220727031000","1722","0","臺南市","永康區","120.235","23.005","207"
"1519","135063","20220727031000","1483","1","臺南市","東區","120.230","22.980","1513"
"280","135064","20220727031000","218","2","臺南市","安南區","120.125","23.040","275"
"336","135074","20220727031000","215","3","臺南市","南區","120.175","22.965","297"
"10","135075","20220727031000","10","1","臺南市","南區","120.180","22.965","10"
"1612","135079","20220727031000","1622","0","臺南市","南區","120.185","22.970","1596"
"476","135080","20220727031000","422","1","臺南市","南區","120.175","22.975","615"
"232","135081","20220727031000","298","0","臺南市","南區","120.180","22.975","249"
"1013","135083","20220727031000","846","1","臺南市","南區","120.185","22.980","1034"
"1534","135084","20220727031000","1009","3","臺南市","北區","120.210","23.020","1494"
"1047","135085","20220727031000","1423","0","臺南市","南區","120.200","22.980","1021"
"17","135086","20220727031000","85","0","臺南市","南區","120.205","22.970","20"
"295","135087","20220727031000","251","1","臺南市","南區","120.195","22.970","305"
"736","135088","20220727031000","1110","0","臺南市","南區","120.190","22.960","789"
"174","135797","20220727031000","131","2","臺東縣","關山鎮","121.145","23.020","182"
"1496","135951","20220727031000","1755","0","臺南市","永康區","120.230","23.010","1510"
"3101","135952","20220727031000","3658","0","臺南市","永康區","120.225","23.020","3121"
"784","135953","20220727031000","807","0","臺南市","永康區","120.220","23.025","778"
"243","135954","20220727031000","327","0","臺南市","永康區","120.225","23.025","238"
"1275","135956","20220727031000","1390","0","臺南市","永康區","120.235","23.025","1298"
"275","135957","20220727031000","253","1","臺南市","永康區","120.225","23.030","243"
"179","135958","20220727031000","172","1","臺南市","永康區","120.230","23.030","173"
"29","135959","20220727031000","920","0","臺南市","永康區","120.255","22.995","34"
"559","135960","20220727031000","867","0","臺南市","永康區","120.255","23.000","593"
"147","135961","20220727031000","987","0","臺南市","永康區","120.260","23.000","140"
"525","135963","20220727031000","432","2","臺南市","永康區","120.260","23.005","541"
"1441","135966","20220727031000","1396","1","臺南市","安南區","120.205","23.030","1471"
"842","135967","20220727031000","715","1","臺南市","安南區","120.210","23.030","836"
"286","135969","20220727031000","309","0","臺南市","安南區","120.220","23.040","279"
"1662","135971","20220727031000","1778","0","臺南市","中西區","120.190","23.005","1640"
"177","135972","20220727031000","658","0","臺南市","永康區","120.250","23.005","185"
"388","135976","20220727031000","312","2","臺南市","歸仁區","120.300","22.965","396"
"510","135980","20220727031000","473","1","臺南市","南區","120.195","22.980","510"
"1349","135981","20220727031000","1096","2","臺南市","南區","120.190","22.970","1289"
"536","135982","20220727031000","1228","0","臺南市","中西區","120.190","23.000","567"
"1939","135983","20220727031000","1058","3","臺南市","中西區","120.195","23.000","1898"
"2680","135984","20220727031000","2266","1","臺南市","中西區","120.175","23.005","2649"
"286","135985","20220727031000","279","1","臺南市","中西區","120.180","23.000","286"
"456","135986","20220727031000","441","1","臺南市","安南區","120.165","23.005","451"
"94","135989","20220727031000","1019","0","臺南市","永康區","120.255","23.035","89"
"907","135990","20220727031000","1035","0","臺南市","永康區","120.260","23.030","933"
"1900","135991","20220727031000","2077","0","臺南市","永康區","120.260","23.035","1919"
"467","135992","20220727031000","334","2","臺南市","永康區","120.255","23.040","439"
"2374","135993","20220727031000","2668","0","臺南市","永康區","120.230","23.015","2395"
"712","135994","20220727031000","1131","0","臺南市","永康區","120.230","23.020","727"
"682","135995","20220727031000","473","2","臺南市","安南區","120.205","23.035","655"
"941","135997","20220727031000","890","1","臺南市","永康區","120.220","23.020","903"
"777","135998","20220727031000","642","2","臺南市","北區","120.195","23.010","722"
"1894","136000","20220727031000","2108","0","臺南市","北區","120.195","23.015","1953"
"756","136001","20220727031000","860","0","臺南市","北區","120.200","23.015","705"
"421","136002","20220727031000","410","1","臺南市","北區","120.195","23.005","426"
"1410","136005","20220727031000","1159","2","臺南市","南區","120.190","22.985","1399"
"53","136006","20220727031000","201","0","臺南市","南區","120.210","22.975","60"
"611","136008","20220727031000","478","2","臺南市","北區","120.185","23.010","603"
"745","136009","20220727031000","767","0","臺南市","北區","120.190","23.010","739"
"162","136012","20220727031000","924","0","臺南市","永康區","120.270","23.010","149"
"1128","136013","20220727031000","1136","0","臺南市","中西區","120.195","22.990","1194"
"996","136014","20220727031000","784","2","臺南市","仁德區","120.255","22.975","993"
"62","136018","20220727031000","91","0","臺南市","仁德區","120.255","22.980","65"
"817","136020","20220727031000","443","3","臺南市","北區","120.200","23.010","798"
"1312","136021","20220727031000","803","3","臺南市","北區","120.200","23.020","1319"
"1414","136022","20220727031000","1122","2","臺南市","北區","120.205","23.015","1416"
"2129","136023","20220727031000","1244","3","臺南市","北區","120.210","23.015","2199"
"267","136025","20220727031000","198","2","臺南市","北區","120.205","23.020","256"
"392","136030","20220727031000","313","2","臺南市","永康區","120.275","23.030","396"
"2180","136034","20220727031000","1405","3","臺南市","永康區","120.235","23.020","2088"
"163","136035","20220727031000","301","0","臺南市","永康區","120.240","23.020","164"
"560","136036","20220727031000","772","0","臺南市","永康區","120.245","23.020","591"
"382","136037","20220727031000","1896","0","臺南市","永康區","120.250","23.020","392"
"712","136042","20220727031000","682","1","臺南市","永康區","120.250","23.025","684"
"682","136043","20220727031000","458","2","臺南市","關廟區","120.330","22.955","681"
"549","136044","20220727031000","399","2","臺南市","關廟區","120.330","22.960","533"
"76","136047","20220727031000","69","1","臺南市","關廟區","120.340","22.970","80"
"695","136049","20220727031000","685","1","臺南市","關廟區","120.335","22.960","697"
"157","136054","20220727031000","192","0","臺南市","關廟區","120.345","22.965","210"
"71","136056","20220727031000","57","2","臺南市","關廟區","120.355","22.965","66"
"1717","136059","20220727031000","1158","2","臺南市","北區","120.205","23.005","1736"
"636","136061","20220727031000","807","0","臺南市","南區","120.200","22.970","643"
"407","136062","20220727031000","456","0","臺南市","中西區","120.205","22.990","402"
"666","136063","20220727031000","742","0","臺南市","中西區","120.200","22.985","681"
"957","136064","20220727031000","1133","0","臺南市","中西區","120.200","22.990","982"
"619","136065","20220727031000","642","0","臺南市","中西區","120.200","22.995","669"
"368","136067","20220727031000","341","1","臺南市","永康區","120.270","22.995","375"
"81","136070","20220727031000","992","0","臺南市","永康區","120.265","23.005","76"
"1892","136071","20220727031000","1861","1","臺南市","永康區","120.255","23.030","1896"
"148","136072","20220727031000","494","0","臺南市","關廟區","120.335","22.955","147"
"620","136080","20220727031000","408","3","臺南市","關廟區","120.325","22.955","626"
"176","136081","20220727031000","274","0","臺南市","關廟區","120.315","22.960","151"
"885","136083","20220727031000","505","3","臺南市","關廟區","120.325","22.960","909"
"172","136085","20220727031000","96","3","臺南市","東區","120.220","22.990","154"
"3021","136087","20220727031000","2536","1","臺南市","東區","120.225","22.985","2937"
"1006","136088","20220727031000","1174","0","臺南市","東區","120.230","22.990","1039"
"2144","136089","20220727031000","1918","1","臺南市","東區","120.230","22.995","2094"
"740","136090","20220727031000","806","0","臺南市","東區","120.235","22.995","770"
"1504","136091","20220727031000","1108","2","臺南市","北區","120.220","23.000","1483"
"632","136093","20220727031000","513","2","臺南市","中西區","120.180","23.005","652"
"1891","136094","20220727031000","2029","0","臺南市","中西區","120.185","23.005","1930"
"1945","136095","20220727031000","1462","2","臺南市","北區","120.225","23.005","1880"
"382","136096","20220727031000","390","0","臺南市","北區","120.225","23.000","387"
"147","136100","20220727031000","96","3","臺南市","仁德區","120.235","22.950","162"
"250","136101","20220727031000","206","2","臺南市","仁德區","120.235","22.955","250"
"1161","136102","20220727031000","1178","0","臺南市","仁德區","120.230","22.955","1149"
"130","136104","20220727031000","127","1","臺南市","仁德區","120.240","22.955","119"
"1833","136105","20220727031000","1360","2","臺南市","仁德區","120.255","22.955","1834"
"179","136109","20220727031000","245","0","臺南市","仁德區","120.250","22.955","182"
"13","136111","20220727031000","14","0","臺南市","仁德區","120.265","22.955","14"
"73","136113","20220727031000","463","0","臺南市","仁德區","120.265","22.960","77"
"1018","136115","20220727031000","786","2","臺南市","北區","120.220","23.010","985"
"282","136118","20220727031000","1114","0","臺南市","中西區","120.210","22.995","276"
"369","136119","20220727031000","1053","0","臺南市","中西區","120.210","22.990","382"
"919","136120","20220727031000","1288","0","臺南市","北區","120.205","23.000","904"
"1327","136122","20220727031000","1055","2","臺南市","東區","120.225","22.965","1359"
"1036","136123","20220727031000","900","1","臺南市","東區","120.220","22.970","1003"
"115","136124","20220727031000","839","0","臺南市","東區","120.225","22.970","101"
"1158","136125","20220727031000","1552","0","臺南市","東區","120.225","22.990","1152"
"466","136126","20220727031000","607","0","臺南市","東區","120.235","22.990","448"
"801","136128","20220727031000","590","2","臺南市","東區","120.245","22.990","792"
"299","136131","20220727031000","356","0","臺南市","歸仁區","120.275","22.960","305"
"561","136132","20220727031000","409","2","臺南市","歸仁區","120.280","22.960","538"
"21","136145","20220727031000","401","0","臺南市","南區","120.205","22.980","27"
"660","136146","20220727031000","1232","0","臺南市","南區","120.210","22.980","660"
"809","136147","20220727031000","609","2","臺南市","安平區","120.165","22.990","824"
"44","136148","20220727031000","84","0","臺南市","永康區","120.245","22.995","45"
"1033","136149","20220727031000","793","2","臺南市","永康區","120.245","23.005","992"
"1316","136151","20220727031000","1273","1","臺南市","永康區","120.245","23.010","1303"
"139","136152","20220727031000","1193","0","臺南市","永康區","120.250","23.010","151"
"30","136155","20220727031000","24","2","臺南市","關廟區","120.320","22.970","33"
"44","136163","20220727031000","44","1","臺南市","關廟區","120.310","22.980","51"
"1385","136181","20220727031000","1322","1","臺南市","北區","120.200","23.000","1444"
"74","136182","20220727031000","71","1","臺南市","南區","120.195","22.985","66"
"425","136184","20220727031000","276","3","臺南市","仁德區","120.225","22.960","400"
"264","136185","20220727031000","332","0","臺南市","東區","120.230","22.960","265"
"43","136186","20220727031000","48","0","臺南市","歸仁區","120.275","22.995","45"
"372","136188","20220727031000","432","0","臺南市","歸仁區","120.275","23.000","378"
"251","136195","20220727031000","253","0","臺南市","歸仁區","120.290","22.995","257"
"55","136196","20220727031000","332","0","臺南市","歸仁區","120.295","22.995","57"
"1441","136199","20220727031000","1301","1","臺南市","北區","120.210","23.005","1450"
"924","136200","20220727031000","726","2","臺南市","東區","120.215","22.995","943"
"696","136229","20220727031000","571","2","臺南市","安南區","120.195","23.030","682"
"930","136230","20220727031000","1120","0","臺南市","安南區","120.195","23.035","924"
"657","136231","20220727031000","511","2","臺南市","南區","120.190","22.965","659"
"16","136248","20220727031000","22","0","臺南市","左鎮區","120.405","22.995","14"
"67","136271","20220727031000","62","1","臺南市","左鎮區","120.420","23.010","72"
"30","136316","20220727031000","76","0","臺南市","左鎮區","120.395","23.010","30"
"29","136343","20220727031000","35","0","臺南市","左鎮區","120.385","23.035","30"
"3581","136422","20220727031000","3577","1","臺南市","東區","120.235","22.985","3626"
"735","136423","20220727031000","664","1","臺南市","東區","120.215","22.990","770"
"400","136430","20220727031000","534","0","臺南市","歸仁區","120.285","22.980","432"
"206","136438","20220727031000","152","2","臺南市","歸仁區","120.280","22.990","202"
"379","136444","20220727031000","425","0","臺南市","歸仁區","120.295","22.975","370"
"659","136452","20220727031000","504","2","臺南市","歸仁區","120.285","22.960","653"
"723","136453","20220727031000","392","3","臺南市","歸仁區","120.280","22.965","723"
"39","136454","20220727031000","49","0","臺南市","歸仁區","120.285","22.965","38"
"615","136455","20220727031000","609","1","臺南市","歸仁區","120.285","22.970","628"
"44","136457","20220727031000","515","0","臺南市","仁德區","120.270","22.970","40"
"729","136458","20220727031000","884","0","臺南市","歸仁區","120.275","22.970","758"
"380","136459","20220727031000","370","1","臺南市","歸仁區","120.280","22.970","404"
"464","136460","20220727031000","332","2","臺南市","南區","120.200","22.975","474"
"792","136461","20220727031000","453","3","臺南市","南區","120.195","22.960","761"
"2011","136462","20220727031000","1791","1","臺南市","南區","120.190","22.980","2073"
"276","136475","20220727031000","293","0","臺南市","安南區","120.130","23.015","267"
"93","136483","20220727031000","45","3","臺南市","安南區","120.135","23.020","81"
"656","136490","20220727031000","535","2","臺南市","安南區","120.185","23.025","661"
"638","136495","20220727031000","551","1","臺南市","東區","120.235","22.980","619"
"337","136496","20220727031000","294","1","臺南市","永康區","120.255","23.010","328"
"1268","136497","20220727031000","1265","1","臺南市","永康區","120.255","23.015","1225"
"605","136498","20220727031000","787","0","臺南市","永康區","120.260","23.015","631"
"37","136501","20220727031000","306","0","臺南市","永康區","120.280","23.010","40"
"132","136503","20220727031000","696","0","臺南市","永康區","120.270","23.015","138"
"1246","136507","20220727031000","877","2","臺南市","永康區","120.275","23.020","1276"
"87","136508","20220727031000","716","0","臺南市","永康區","120.280","23.020","104"
"124","136509","20220727031000","1608","0","臺南市","安平區","120.175","22.995","109"
"316","136512","20220727031000","229","2","臺南市","安南區","120.160","23.005","313"
"908","136513","20220727031000","639","2","臺南市","安平區","120.190","22.990","895"
"355","136515","20220727031000","492","0","臺南市","永康區","120.220","23.030","377"
"498","136516","20220727031000","607","0","臺南市","東區","120.245","22.980","541"
"644","136517","20220727031000","758","0","臺南市","仁德區","120.250","22.980","622"
"2847","136518","20220727031000","1804","3","臺南市","東區","120.215","22.980","2752"
"1965","136520","20220727031000","2362","0","臺南市","東區","120.245","22.985","1945"
"1041","136521","20220727031000","850","2","臺南市","仁德區","120.250","22.985","1088"
"560","136523","20220727031000","702","0","臺南市","安平區","120.160","22.990","587"
"466","136525","20220727031000","556","0","臺南市","安平區","120.160","22.995","499"
"772","136532","20220727031000","864","0","臺南市","安平區","120.165","22.985","785"
"1061","136533","20220727031000","607","3","臺南市","安平區","120.170","22.985","1074"
"727","136534","20220727031000","800","0","臺南市","安平區","120.175","22.985","706"
"1591","136535","20220727031000","1034","3","臺南市","安平區","120.170","22.990","1558"
"978","136536","20220727031000","868","1","臺南市","安平區","120.175","22.990","965"
"184","136539","20220727031000","205","0","臺南市","安平區","120.150","22.995","211"
"262","136541","20220727031000","218","2","臺南市","安平區","120.145","23.000","252"
"219","136542","20220727031000","137","3","臺南市","安平區","120.150","23.000","207"
"269","136543","20220727031000","262","1","臺南市","安平區","120.155","23.000","276"
"202","136544","20220727031000","212","0","臺南市","安平區","120.160","23.000","218"
"782","136545","20220727031000","1494","0","臺南市","東區","120.240","22.980","794"
"592","136546","20220727031000","501","1","臺南市","東區","120.225","22.995","575"
"1464","136547","20220727031000","1551","0","臺南市","東區","120.235","22.965","1428"
"732","136548","20220727031000","698","1","臺南市","東區","120.220","22.975","736"
"484","136549","20220727031000","583","0","臺南市","歸仁區","120.300","22.960","507"
"75","136550","20220727031000","76","0","臺南市","歸仁區","120.305","22.960","65"
"535","136553","20220727031000","477","1","臺南市","歸仁區","120.285","23.005","530"
"183","136560","20220727031000","1654","0","臺南市","南區","120.195","22.975","192"
"368","136561","20220727031000","2006","0","臺南市","永康區","120.240","23.015","356"
"1056","136562","20220727031000","828","2","臺南市","永康區","120.245","23.015","1050"
"763","136563","20220727031000","990","0","臺南市","永康區","120.250","23.015","810"
"1826","136564","20220727031000","1086","3","臺南市","永康區","120.230","23.005","1793"
"1514","136565","20220727031000","2461","0","臺南市","永康區","120.235","23.000","1474"
"976","136566","20220727031000","1613","0","臺南市","北區","120.230","23.000","1839"
"769","136567","20220727031000","1164","0","臺南市","永康區","120.270","23.005","818"
"1424","136568","20220727031000","1242","1","臺南市","永康區","120.265","23.010","1392"
"219","136570","20220727031000","1266","0","臺南市","永康區","120.265","23.020","221"
"37","136572","20220727031000","506","0","臺南市","永康區","120.260","22.995","37"
"752","136573","20220727031000","707","1","臺南市","永康區","120.265","23.000","738"
"560","136574","20220727031000","506","1","臺南市","安南區","120.200","23.025","561"
"1150","136575","20220727031000","763","3","臺南市","安南區","120.205","23.025","1156"
"1126","136576","20220727031000","802","2","臺南市","安南區","120.210","23.025","1141"
"2440","136577","20220727031000","2221","1","臺南市","北區","120.225","23.010","2497"
"1458","136578","20220727031000","1362","1","臺南市","北區","120.215","23.010","1491"
"1276","136579","20220727031000","906","2","臺南市","北區","120.215","23.015","1245"
"151","136580","20220727031000","347","0","臺南市","南化區","120.495","23.030","150"
"61","136584","20220727031000","23","3","臺南市","南化區","120.500","23.035","57"
"33","136586","20220727031000","35","0","臺南市","南化區","120.465","23.040","26"
"26","136602","20220727031000","19","2","臺南市","南化區","120.465","23.010","23"
"917","136671","20220727031000","1076","0","臺南市","中西區","120.170","23.000","1045"
"1814","136672","20220727031000","1826","0","臺南市","中西區","120.175","23.000","1843"
"323","136674","20220727031000","640","0","臺南市","中西區","120.185","23.000","342"
"1428","136675","20220727031000","1794","0","臺南市","安平區","120.165","22.995","1456"
"629","136676","20220727031000","523","2","臺南市","安平區","120.170","22.995","624"
"1577","136677","20220727031000","1287","2","臺南市","安平區","120.185","22.990","1568"
"305","136678","20220727031000","284","1","臺南市","安平區","120.180","22.995","277"
"801","136679","20220727031000","1141","0","臺南市","安平區","120.185","22.995","804"
"1082","136680","20220727031000","810","2","臺南市","安平區","120.180","22.985","1091"
"2016","136681","20220727031000","1324","3","臺南市","安平區","120.180","22.990","2001"
"28","136684","20220727031000","463","0","臺南市","安南區","120.190","23.040","30"
"182","136690","20220727031000","192","0","臺南市","南區","120.215","22.955","190"
"527","136695","20220727031000","408","2","臺南市","南區","120.210","22.965","527"
"949","136696","20220727031000","862","1","臺南市","南區","120.215","22.965","896"
"2169","136697","20220727031000","1688","2","臺南市","南區","120.185","22.965","2211"
"480","136701","20220727031000","399","2","臺南市","南區","120.170","22.955","510"
"141","136709","20220727031000","82","3","臺南市","南區","120.165","22.965","119"
"516","136712","20220727031000","447","1","臺南市","仁德區","120.220","22.955","478"
"459","136717","20220727031000","326","2","臺南市","仁德區","120.255","22.965","463"
"239","136718","20220727031000","300","0","臺南市","仁德區","120.260","22.965","249"
"48","136720","20220727031000","245","0","臺南市","仁德區","120.270","22.965","41"
"259","136721","20220727031000","1378","0","臺南市","仁德區","120.255","22.970","270"
"678","136722","20220727031000","428","3","臺南市","仁德區","120.260","22.970","673"
"1575","136727","20220727031000","1598","0","臺南市","北區","120.220","23.005","1579"
"1449","136728","20220727031000","1548","0","臺南市","北區","120.200","23.005","1478"
"567","136732","20220727031000","386","2","臺南市","仁德區","120.260","22.985","543"
"1193","136738","20220727031000","804","2","臺南市","仁德區","120.260","22.990","1159"
"29","136741","20220727031000","56","0","臺南市","仁德區","120.265","22.995","30"
"578","136752","20220727031000","228","3","臺南市","安南區","120.185","23.035","534"
"764","136755","20220727031000","622","2","臺南市","安南區","120.185","23.040","727"
"2629","136756","20220727031000","2177","2","臺南市","中西區","120.205","22.995","2576"
"307","136758","20220727031000","447","0","臺南市","永康區","120.250","23.000","329"
"396","136763","20220727031000","456","0","臺南市","安南區","120.200","23.040","386"
"1037","136764","20220727031000","2703","0","臺南市","安南區","120.190","23.025","1067"
"96","136765","20220727031000","120","0","臺南市","安南區","120.140","23.000","75"
"1722","136786","20220727031000","1859","0","臺南市","北區","120.210","23.000","1785"
"838","136787","20220727031000","562","2","臺南市","中西區","120.195","22.995","888"
"882","136788","20220727031000","826","1","臺南市","中西區","120.205","22.985","850"
"640","136789","20220727031000","998","0","臺南市","東區","120.225","22.980","675"
"4111","136790","20220727031000","3155","2","臺南市","東區","120.220","22.985","4089"
"529","136791","20220727031000","554","0","臺南市","永康區","120.225","23.015","505"
"890","136792","20220727031000","1228","0","臺南市","永康區","120.240","23.005","850"
"170","136793","20220727031000","1020","0","臺南市","永康區","120.240","23.000","144"
"920","136794","20220727031000","1953","0","臺南市","永康區","120.235","23.010","928"
"615","136795","20220727031000","609","1","臺南市","永康區","120.245","23.000","607"
"1160","136799","20220727031000","1786","0","臺南市","新化區","120.300","23.035","1140"
"830","136800","20220727031000","1301","0","臺南市","東區","120.215","22.975","827"
"839","136801","20220727031000","815","1","臺南市","東區","120.230","22.985","889"
"2277","136802","20220727031000","1785","2","臺南市","東區","120.230","22.975","2261"
"131","136803","20220727031000","255","0","臺南市","東區","120.225","22.975","125"
"456","136804","20220727031000","391","1","臺南市","東區","120.230","22.970","479"
"959","136805","20220727031000","1166","0","臺南市","東區","120.230","22.965","986"
"526","136806","20220727031000","437","2","臺南市","南區","120.185","22.975","522"
"653","136808","20220727031000","941","0","臺南市","南區","120.210","22.970","682"
"492","136809","20220727031000","577","0","臺南市","東區","120.215","22.970","528"
"30","136812","20220727031000","326","0","臺南市","仁德區","120.245","22.955","32"
"188","136813","20220727031000","188","1","臺南市","仁德區","120.240","22.960","185"
"214","136814","20220727031000","129","3","臺南市","仁德區","120.245","22.960","212"
"337","136816","20220727031000","727","0","臺南市","仁德區","120.255","22.960","345"
"386","136817","20220727031000","438","0","臺南市","仁德區","120.240","22.965","391"
"48","136820","20220727031000","56","0","臺南市","仁德區","120.240","22.970","52"
"866","136821","20220727031000","528","3","臺南市","仁德區","120.245","22.970","841"
"411","136822","20220727031000","648","0","臺南市","仁德區","120.250","22.970","402"
"1107","136823","20220727031000","590","3","臺南市","仁德區","120.240","22.975","1114"
"765","136824","20220727031000","993","0","臺南市","仁德區","120.245","22.975","799"
"397","136825","20220727031000","499","0","臺南市","仁德區","120.250","22.975","451"
"1361","136826","20220727031000","1527","0","臺南市","北區","120.215","23.005","1445"
"34","136851","20220727031000","227","0","高雄市","內門區","120.445","22.975","29"
"11","136927","20220727031000","14","0","臺東縣","池上鄉","121.195","23.040","21"
"73","136939","20220727031000","27","3","高雄市","內門區","120.435","22.955","70"
"98","136953","20220727031000","86","1","高雄市","內門區","120.465","23.000","103"
"131","136958","20220727031000","221","0","高雄市","內門區","120.470","22.960","124"
"54","136970","20220727031000","61","0","高雄市","內門區","120.465","22.975","63"
"40","136996","20220727031000","51","0","高雄市","內門區","120.495","22.955","47"
"77","137008","20220727031000","125","0","高雄市","內門區","120.490","22.970","72"
"68","137020","20220727031000","65","1","高雄市","內門區","120.510","22.980","56"
"222","137023","20220727031000","280","0","高雄市","內門區","120.500","22.985","211"
"35","137048","20220727031000","81","0","高雄市","六龜區","120.660","23.005","30"
"50","137056","20220727031000","105","0","高雄市","六龜區","120.665","23.010","65"
"20","137071","20220727031000","23","0","臺南市","龍崎區","120.350","22.955","22"
"24","137124","20220727031000","18","2","臺南市","龍崎區","120.385","23.005","28"
"69","137130","20220727031000","58","1","臺南市","關廟區","120.370","22.960","67"
"366","137196","20220727031000","904","0","臺南市","安南區","120.190","23.020","348"
"38","137197","20220727031000","44","0","臺南市","南區","120.195","22.965","35"
"105","137201","20220727031000","276","0","臺南市","歸仁區","120.295","22.960","88"
"639","137202","20220727031000","606","1","臺南市","永康區","120.255","23.005","644"
"182","137251","20220727031000","243","0","高雄市","內門區","120.485","23.015","193"
"33","137259","20220727031000","28","1","高雄市","內門區","120.480","22.965","35"
"87","137275","20220727031000","105","0","高雄市","內門區","120.510","23.015","82"
"105","137311","20220727031000","66","3","高雄市","六龜區","120.650","22.975","117"
"562","137325","20220727031000","773","0","高雄市","六龜區","120.660","22.985","514"
"167","137409","20220727031000","114","2","高雄市","六龜區","120.640","22.990","170"
"157","137466","20220727031000","193","0","高雄市","六龜區","120.660","23.035","147"
"710","137491","20220727031000","772","0","高雄市","六龜區","120.635","22.995","723"
"156","137494","20220727031000","160","0","臺南市","安平區","120.165","23.000","162"
"130","137502","20220727031000","151","0","臺南市","安平區","120.150","22.990","135"
"789","137506","20220727031000","558","2","臺南市","永康區","120.260","23.020","754"
"416","137507","20220727031000","484","0","臺南市","永康區","120.250","23.030","399"
"165","137585","20220727031000","92","3","臺東縣","鹿野鄉","121.140","22.975","158"
"134","137592","20220727031000","114","1","臺東縣","鹿野鄉","121.140","22.985","128"
"89","137600","20220727031000","78","1","臺東縣","鹿野鄉","121.155","22.950","75"
"309","137609","20220727031000","345","0","臺東縣","鹿野鄉","121.155","22.955","309"
"383","137617","20220727031000","496","0","高雄市","旗山區","120.510","22.955","395"
"48","137618","20220727031000","103","0","高雄市","旗山區","120.515","22.955","50"
"185","137627","20220727031000","274","0","高雄市","旗山區","120.515","22.970","205"
"944","137638","20220727031000","2101","0","臺南市","歸仁區","120.290","22.965","926"
"33","137642","20220727031000","150","0","臺南市","永康區","120.275","23.035","28"
"36","137643","20220727031000","224","0","臺南市","永康區","120.280","23.035","46"
"20","137645","20220727031000","26","0","臺南市","永康區","120.275","23.040","16"
"571","137648","20220727031000","470","2","臺南市","新化區","120.305","23.030","574"
"852","137649","20220727031000","730","1","臺南市","永康區","120.240","23.010","832"
"640","137650","20220727031000","541","1","臺南市","永康區","120.215","23.020","630"
"609","137651","20220727031000","413","2","臺南市","北區","120.220","23.015","618"
"12","138036","20220727031000","65","0","臺東縣","成功鎮","121.315","22.990","11"
"94","138047","20220727031000","47","3","臺東縣","成功鎮","121.320","23.005","114"
"54","138061","20220727031000","37","2","臺東縣","成功鎮","121.325","23.020","52"
"214","138079","20220727031000","217","0","臺東縣","成功鎮","121.335","23.030","204"
"444","138095","20220727031000","179","3","臺東縣","關山鎮","121.170","23.040","456"
"102","138110","20220727031000","55","3","臺東縣","關山鎮","121.145","23.005","91"
"107","138197","20220727031000","132","0","臺東縣","關山鎮","121.175","23.015","124"
"55","138230","20220727031000","72","0","臺東縣","關山鎮","121.185","23.025","55"
"42","138241","20220727031000","26","3","臺東縣","鹿野鄉","121.130","22.955","45"
"161","138251","20220727031000","191","0","臺東縣","鹿野鄉","121.120","22.970","162"
"168","138278","20220727031000","135","2","臺東縣","鹿野鄉","121.150","22.980","158"
"793","138324","20220727031000","827","0","臺南市","新化區","120.300","23.020","780"
"181","138325","20220727031000","155","1","臺南市","新化區","120.305","23.020","179"
"265","138337","20220727031000","318","0","臺南市","安南區","120.125","23.035","274"
"199","138363","20220727031000","159","2","臺南市","安南區","120.140","23.030","194"
"361","138367","20220727031000","246","2","臺南市","安南區","120.160","23.030","367"
"181","138369","20220727031000","207","0","臺南市","安南區","120.135","23.035","183"
"106","138375","20220727031000","82","2","臺南市","安南區","120.140","23.040","108"
"371","138376","20220727031000","524","0","臺南市","安南區","120.145","23.040","406"
"225","138377","20220727031000","241","0","臺南市","安南區","120.150","23.040","247"
"177","138378","20220727031000","157","1","臺南市","安南區","120.155","23.040","182"
"30","138379","20220727031000","20","3","臺南市","安南區","120.160","23.040","31"
"28","138760","20220727031000","18","3","高雄市","桃源區","120.715","23.035","30"
"2407","138833","20220727031000","1898","2","臺南市","永康區","120.260","23.025","2448"
"25","138836","20220727031000","359","0","臺南市","永康區","120.265","23.030","27"
"953","138838","20220727031000","714","2","臺南市","永康區","120.265","23.035","937"
"219","138839","20220727031000","470","0","臺南市","永康區","120.265","23.040","186"
"13","138842","20220727031000","16","0","臺南市","永康區","120.280","23.040","13"
"51","138843","20220727031000","671","0","臺南市","新化區","120.300","23.040","54"
"17","138851","20220727031000","12","2","臺南市","新化區","120.375","23.010","19"
"171","138868","20220727031000","1106","0","臺南市","新化區","120.305","23.040","181"
"77","138909","20220727031000","139","0","臺南市","新化區","120.325","23.025","84"
"52","138910","20220727031000","22","3","臺南市","新化區","120.330","23.025","53"
"245","138917","20220727031000","1671","0","臺南市","新化區","120.310","23.035","232"
"1372","138922","20220727031000","1269","1","臺南市","東區","120.220","22.980","1417"
"1921","138923","20220727031000","1318","2","臺南市","東區","120.235","22.970","1965"
"633","138926","20220727031000","733","0","臺南市","永康區","120.230","23.035","629"
"1461","138928","20220727031000","1218","1","臺南市","永康區","120.235","23.040","1504"
"915","138932","20220727031000","1136","0","臺南市","永康區","120.240","23.035","920"
"62","138933","20220727031000","200","0","臺南市","永康區","120.245","23.035","54"
"561","138935","20220727031000","711","0","臺南市","永康區","120.240","23.040","615"
"3197","138936","20220727031000","2048","3","臺南市","永康區","120.245","23.040","3122"
"115","138937","20220727031000","137","0","臺南市","永康區","120.250","23.040","99"
"19","138942","20220727031000","237","0","臺東縣","東河鄉","121.285","23.000","22"
"100","138962","20220727031000","86","1","臺東縣","東河鄉","121.280","23.020","96"
"12","138979","20220727031000","75","0","臺東縣","東河鄉","121.285","23.030","17"
"12","139027","20220727031000","71","0","臺東縣","東河鄉","121.240","22.965","12"
"46","139060","20220727031000","273","0","臺東縣","東河鄉","121.300","22.970","49"
"22","139073","20220727031000","12","3","臺東縣","東河鄉","121.300","22.985","23"
"40","139131","20220727031000","26","3","臺東縣","東河鄉","121.260","22.980","40"
"31","139146","20220727031000","23","2","臺東縣","東河鄉","121.265","22.985","25"
"180","139164","20220727031000","116","3","臺東縣","東河鄉","121.280","22.990","194"
"141","139299","20220727031000","101","2","臺南市","新化區","120.330","23.015","114"
"41","139305","20220727031000","511","0","臺南市","新化區","120.310","23.020","34"
"15","139307","20220727031000","195","0","臺南市","新化區","120.330","23.020","15"
"25","139318","20220727031000","51","0","臺南市","新化區","120.355","23.020","23"
"34","139335","20220727031000","91","0","臺南市","新化區","120.335","23.035","31"
"1124","139358","20220727031000","1106","1","臺南市","東區","120.220","22.995","1124"
"41","139360","20220727031000","132","0","臺南市","東區","120.215","23.000","40"
"905","139362","20220727031000","703","2","臺南市","東區","120.235","22.960","914"
"249","139635","20220727031000","291","0","高雄市","杉林區","120.540","22.970","237"
"151","139644","20220727031000","140","1","高雄市","杉林區","120.550","22.975","142"
"118","139672","20220727031000","107","1","高雄市","杉林區","120.565","22.985","123"
"12","139688","20220727031000","10","2","高雄市","杉林區","120.575","23.000","12"
"429","139718","20220727031000","476","0","高雄市","杉林區","120.540","22.965","471"
"40","139735","20220727031000","49","0","高雄市","杉林區","120.550","23.020","45"
"10","139762","20220727031000","13","0","高雄市","杉林區","120.535","23.035","14"
"59","139796","20220727031000","94","0","高雄市","杉林區","120.550","23.000","46"
"129","139852","20220727031000","162","0","高雄市","杉林區","120.585","22.995","135"
"105","139897","20220727031000","163","0","高雄市","杉林區","120.565","23.015","104"
"64","139960","20220727031000","56","1","高雄市","杉林區","120.550","23.040","62"
"143","144971","20220727031000","130","1","臺南市","新市區","120.330","23.105","130"
"237","144982","20220727031000","984","0","臺南市","善化區","120.295","23.125","218"
"480","144986","20220727031000","358","2","臺南市","善化區","120.310","23.110","491"
"3580","144989","20220727031000","3301","1","臺南市","善化區","120.305","23.115","3602"
"412","144992","20220727031000","467","0","臺南市","善化區","120.320","23.115","439"
"626","144998","20220727031000","376","3","臺南市","善化區","120.310","23.125","559"
"1988","144999","20220727031000","1630","2","臺南市","善化區","120.315","23.125","2063"
"4359","145002","20220727031000","2162","3","臺南市","新市區","120.300","23.105","4314"
"3458","145007","20220727031000","2144","3","臺南市","善化區","120.295","23.115","3450"
"396","145022","20220727031000","344","1","臺南市","安定區","120.235","23.110","427"
"186","145025","20220727031000","299","0","臺南市","安定區","120.235","23.115","165"
"391","145026","20220727031000","406","0","臺南市","安定區","120.240","23.115","383"
"361","145031","20220727031000","143","3","臺南市","安定區","120.255","23.115","362"
"81","145032","20220727031000","220","0","臺南市","安定區","120.235","23.120","85"
"682","145050","20220727031000","723","0","臺南市","七股區","120.160","23.115","687"
"64","145054","20220727031000","57","1","臺南市","安南區","120.135","23.045","57"
"103","145055","20220727031000","106","0","臺南市","安南區","120.155","23.045","96"
"301","145067","20220727031000","1911","0","臺南市","安南區","120.195","23.045","285"
"129","145080","20220727031000","113","1","臺東縣","池上鄉","121.220","23.090","122"
"21","145103","20220727031000","24","0","臺東縣","池上鄉","121.220","23.100","12"
"57","145114","20220727031000","41","2","臺東縣","池上鄉","121.225","23.105","58"
"42","145631","20220727031000","51","0","臺東縣","海端鄉","121.145","23.045","57"
"252","145817","20220727031000","371","0","臺東縣","海端鄉","121.175","23.095","273"
"462","146199","20220727031000","574","0","臺南市","西港區","120.205","23.115","488"
"1076","146201","20220727031000","1097","0","臺南市","西港區","120.200","23.120","1085"
"163","146215","20220727031000","545","0","臺南市","西港區","120.180","23.115","155"
"27","146227","20220727031000","604","0","臺南市","安南區","120.215","23.045","26"
"1155","146231","20220727031000","681","3","臺南市","安南區","120.215","23.050","1135"
"1246","146234","20220727031000","1322","0","臺南市","安南區","120.220","23.045","1226"
"160","146235","20220727031000","320","0","臺南市","安南區","120.225","23.045","168"
"168","146238","20220727031000","484","0","臺南市","安南區","120.235","23.050","155"
"60","146239","20220727031000","66","0","臺南市","永康區","120.240","23.050","47"
"103","146241","20220727031000","82","2","臺南市","安南區","120.235","23.055","106"
"1146","146244","20220727031000","944","2","臺南市","安南區","120.230","23.060","1127"
"82","146245","20220727031000","44","3","臺南市","安南區","120.235","23.060","71"
"410","146251","20220727031000","493","0","臺南市","西港區","120.210","23.115","436"
"45","146265","20220727031000","72","0","臺南市","大內區","120.390","23.110","51"
"262","146341","20220727031000","239","1","臺南市","安南區","120.110","23.080","242"
"417","146347","20220727031000","759","0","臺南市","安南區","120.205","23.045","374"
"376","146348","20220727031000","460","0","臺南市","安南區","120.210","23.045","395"
"91","146361","20220727031000","91","1","臺南市","大內區","120.395","23.120","77"
"89","146366","20220727031000","54","3","臺南市","大內區","120.420","23.120","83"
"508","146385","20220727031000","362","2","臺南市","安南區","120.220","23.055","553"
"830","146387","20220727031000","1009","0","臺南市","安南區","120.215","23.060","839"
"293","146388","20220727031000","311","0","臺南市","安南區","120.220","23.060","309"
"1155","146390","20220727031000","1531","0","臺南市","安南區","120.225","23.065","1118"
"49","146400","20220727031000","57","0","臺南市","七股區","120.160","23.100","54"
"17","146423","20220727031000","26","0","臺南市","七股區","120.100","23.120","15"
"2274","146430","20220727031000","2130","1","臺南市","新市區","120.290","23.070","2315"
"2002","146432","20220727031000","1275","3","臺南市","新市區","120.290","23.080","2008"
"2910","146433","20220727031000","2779","1","臺南市","新市區","120.295","23.080","2985"
"41","146437","20220727031000","562","0","臺南市","新市區","120.290","23.055","53"
"815","146444","20220727031000","584","2","臺南市","新市區","120.300","23.060","804"
"539","146450","20220727031000","315","3","臺南市","新市區","120.295","23.065","537"
"128","146459","20220727031000","126","1","臺南市","新市區","120.305","23.070","129"
"1534","146460","20220727031000","982","3","臺南市","新市區","120.295","23.075","1512"
"400","146461","20220727031000","304","2","臺南市","新市區","120.300","23.075","412"
"415","146468","20220727031000","493","0","臺南市","新市區","120.300","23.085","411"
"272","146478","20220727031000","204","2","臺南市","新市區","120.325","23.070","263"
"52","146482","20220727031000","37","2","臺南市","新市區","120.320","23.075","49"
"386","146495","20220727031000","388","0","臺南市","新市區","120.280","23.060","388"
"264","146505","20220727031000","168","3","臺南市","新市區","120.280","23.075","249"
"2810","146506","20220727031000","2832","0","臺南市","新市區","120.285","23.075","2876"
"77","146509","20220727031000","91","0","臺南市","新市區","120.285","23.080","88"
"659","146513","20220727031000","455","2","臺南市","新市區","120.280","23.090","659"
"142","146522","20220727031000","239","0","臺南市","新市區","120.255","23.090","157"
"10","146523","20220727031000","16","0","臺南市","新市區","120.260","23.090","10"
"231","146525","20220727031000","215","1","臺南市","新市區","120.270","23.090","224"
"572","146526","20220727031000","478","1","臺南市","新市區","120.275","23.090","607"
"217","146529","20220727031000","167","2","臺南市","新市區","120.255","23.095","211"
"32","146532","20220727031000","39","0","臺南市","新市區","120.270","23.095","27"
"1016","146533","20220727031000","905","1","臺南市","新市區","120.275","23.095","889"
"400","146535","20220727031000","291","2","臺南市","新市區","120.250","23.100","446"
"44","146536","20220727031000","89","0","臺南市","新市區","120.260","23.100","43"
"250","146537","20220727031000","176","2","臺南市","新市區","120.260","23.095","231"
"465","146541","20220727031000","492","0","臺南市","新市區","120.280","23.095","402"
"11","146542","20220727031000","128","0","臺南市","新市區","120.285","23.100","11"
"632","146545","20220727031000","451","2","臺南市","新市區","120.255","23.100","632"
"18","146546","20220727031000","22","0","臺南市","善化區","120.260","23.105","20"
"13","146547","20220727031000","13","1","臺南市","新市區","120.265","23.100","17"
"248","146549","20220727031000","192","2","臺南市","新市區","120.275","23.100","256"
"201","146550","20220727031000","221","0","臺南市","新市區","120.280","23.100","205"
"472","146552","20220727031000","429","1","臺南市","新市區","120.265","23.105","487"
"782","146554","20220727031000","789","0","臺南市","新市區","120.275","23.105","776"
"164","146562","20220727031000","257","0","臺南市","七股區","120.145","23.105","172"
"528","146587","20220727031000","433","2","臺南市","安定區","120.225","23.080","550"
"459","146590","20220727031000","353","2","臺南市","安定區","120.230","23.100","465"
"632","146602","20220727031000","588","1","臺南市","西港區","120.210","23.125","636"
"276","146614","20220727031000","172","3","臺南市","安南區","120.155","23.055","265"
"96","146615","20220727031000","101","0","臺南市","安南區","120.165","23.060","84"
"429","146616","20220727031000","537","0","臺南市","安南區","120.175","23.060","450"
"966","146621","20220727031000","1015","0","臺南市","安南區","120.175","23.070","999"
"11","146652","20220727031000","122","0","臺南市","七股區","120.150","23.120","11"
"344","146661","20220727031000","352","0","臺南市","安南區","120.130","23.070","368"
"29","146695","20220727031000","273","0","臺南市","安南區","120.095","23.060","20"
"73","146704","20220727031000","64","1","臺南市","山上區","120.355","23.085","75"
"72","146707","20220727031000","69","1","臺南市","山上區","120.345","23.090","64"
"155","146712","20220727031000","277","0","臺南市","山上區","120.355","23.095","149"
"137","146713","20220727031000","123","1","臺南市","山上區","120.360","23.095","163"
"91","146727","20220727031000","163","0","臺南市","山上區","120.340","23.110","103"
"38","146773","20220727031000","59","0","臺南市","山上區","120.405","23.105","38"
"51","146783","20220727031000","37","2","臺南市","山上區","120.365","23.075","50"
"16","146806","20220727031000","13","2","臺南市","左鎮區","120.380","23.050","18"
"182","146822","20220727031000","122","2","臺南市","左鎮區","120.365","23.065","166"
"73","146848","20220727031000","99","0","臺南市","左鎮區","120.400","23.055","64"
"162","146850","20220727031000","181","0","臺南市","左鎮區","120.410","23.055","163"
"138","146853","20220727031000","142","0","臺南市","左鎮區","120.390","23.060","141"
"155","146890","20220727031000","288","0","臺南市","安南區","120.160","23.065","146"
"446","146891","20220727031000","350","2","臺南市","安南區","120.160","23.070","431"
"364","146892","20220727031000","485","0","臺南市","安南區","120.165","23.070","368"
"137","146896","20220727031000","152","0","臺南市","安南區","120.200","23.075","145"
"55","146931","20220727031000","957","0","臺南市","安南區","120.130","23.060","56"
"59","146932","20220727031000","516","0","臺南市","安南區","120.135","23.060","55"
"28","146947","20220727031000","217","0","臺南市","安南區","120.115","23.055","26"
"568","146954","20220727031000","663","0","臺南市","安南區","120.125","23.060","571"
"453","146957","20220727031000","445","1","臺南市","安南區","120.125","23.065","471"
"842","146965","20220727031000","741","1","臺南市","山上區","120.355","23.105","862"
"127","146969","20220727031000","83","3","臺南市","山上區","120.370","23.080","114"
"79","146971","20220727031000","103","0","臺南市","山上區","120.380","23.080","73"
"21","146979","20220727031000","283","0","臺南市","安定區","120.235","23.100","26"
"1317","146988","20220727031000","1227","1","臺南市","永康區","120.255","23.045","1320"
"46","146992","20220727031000","38","2","臺南市","永康區","120.260","23.050","51"
"124","147017","20220727031000","120","1","臺南市","安南區","120.145","23.075","127"
"419","147019","20220727031000","455","0","臺南市","安南區","120.135","23.080","462"
"158","147031","20220727031000","168","0","臺南市","安定區","120.220","23.105","158"
"85","147043","20220727031000","75","1","臺南市","安定區","120.260","23.110","88"
"56","147044","20220727031000","70","0","臺南市","安定區","120.260","23.115","64"
"490","147045","20220727031000","450","1","臺南市","安定區","120.255","23.120","477"
"2695","147046","20220727031000","2090","2","臺南市","安定區","120.260","23.120","2660"
"17","147047","20220727031000","33","0","臺南市","安定區","120.265","23.120","17"
"47","147048","20220727031000","184","0","臺南市","安定區","120.250","23.125","46"
"474","147051","20220727031000","788","0","臺南市","安定區","120.240","23.095","497"
"250","147056","20220727031000","490","0","臺南市","安定區","120.235","23.085","231"
"332","147068","20220727031000","1237","0","臺南市","安定區","120.235","23.095","339"
"153","147073","20220727031000","144","1","臺南市","安南區","120.180","23.045","155"
"1410","147074","20220727031000","1717","0","臺南市","安南區","120.185","23.045","1434"
"592","147075","20220727031000","705","0","臺南市","安南區","120.180","23.050","650"
"634","147079","20220727031000","358","3","臺南市","安南區","120.190","23.055","620"
"68","147083","20220727031000","191","0","臺南市","南化區","120.450","23.050","79"
"241","147121","20220727031000","245","0","臺南市","南化區","120.485","23.080","248"
"172","147153","20220727031000","190","0","臺南市","南化區","120.475","23.065","174"
"225","147170","20220727031000","235","0","臺南市","南化區","120.475","23.045","248"
"55","147181","20220727031000","57","0","臺南市","南化區","120.515","23.045","53"
"54","147248","20220727031000","71","0","臺南市","南化區","120.515","23.075","73"
"15","147252","20220727031000","14","1","臺南市","南化區","120.535","23.075","14"
"89","147257","20220727031000","61","2","臺南市","南化區","120.510","23.080","104"
"30","147271","20220727031000","29","1","臺南市","南化區","120.525","23.085","32"
"425","147381","20220727031000","348","2","臺南市","安南區","120.165","23.050","451"
"128","147382","20220727031000","565","0","臺南市","安南區","120.170","23.050","125"
"56","147391","20220727031000","35","3","臺東縣","池上鄉","121.205","23.100","64"
"276","147393","20220727031000","127","3","臺東縣","池上鄉","121.200","23.105","241"
"13","147394","20220727031000","12","1","臺東縣","池上鄉","121.205","23.105","21"
"127","147398","20220727031000","97","2","臺東縣","池上鄉","121.200","23.110","114"
"71","147404","20220727031000","60","1","臺東縣","池上鄉","121.200","23.115","78"
"355","147422","20220727031000","432","0","臺東縣","池上鄉","121.220","23.115","369"
"80","147425","20220727031000","63","2","臺東縣","池上鄉","121.210","23.120","80"
"355","147426","20220727031000","417","0","臺東縣","池上鄉","121.215","23.120","405"
"202","147427","20220727031000","870","0","臺東縣","池上鄉","121.220","23.120","198"
"39","147429","20220727031000","475","0","臺南市","安南區","120.120","23.075","36"
"119","147438","20220727031000","879","0","臺南市","安南區","120.205","23.050","110"
"676","147448","20220727031000","844","0","臺南市","安南區","120.195","23.070","702"
"500","147449","20220727031000","357","2","臺南市","安定區","120.200","23.070","481"
"664","147457","20220727031000","476","2","臺南市","新市區","120.280","23.105","718"
"1445","147458","20220727031000","1064","2","臺南市","善化區","120.265","23.110","1410"
"771","147459","20220727031000","933","0","臺南市","善化區","120.270","23.110","812"
"845","147460","20220727031000","584","2","臺南市","善化區","120.275","23.110","991"
"30","147461","20220727031000","15","3","臺南市","善化區","120.280","23.110","29"
"1230","147464","20220727031000","893","2","臺南市","善化區","120.270","23.115","1045"
"1079","147465","20220727031000","944","1","臺南市","善化區","120.275","23.115","1168"
"15","147466","20220727031000","12","2","臺南市","善化區","120.280","23.115","12"
"73","147467","20220727031000","71","1","臺南市","善化區","120.285","23.115","59"
"564","147468","20220727031000","239","3","臺南市","善化區","120.270","23.120","478"
"16","147469","20220727031000","53","0","臺南市","善化區","120.275","23.120","18"
"1410","147475","20220727031000","981","2","臺南市","安南區","120.190","23.045","1440"
"205","147479","20220727031000","137","2","臺南市","安定區","120.215","23.075","198"
"498","147503","20220727031000","533","0","臺南市","大內區","120.370","23.115","495"
"184","147511","20220727031000","186","0","臺南市","安定區","120.205","23.080","184"
"566","147522","20220727031000","476","1","臺南市","安定區","120.210","23.090","561"
"418","147528","20220727031000","452","0","臺南市","安定區","120.215","23.095","399"
"563","147531","20220727031000","503","1","臺南市","安定區","120.210","23.095","580"
"742","147539","20220727031000","604","2","臺南市","新市區","120.290","23.085","729"
"844","147540","20220727031000","557","3","臺南市","新市區","120.285","23.090","814"
"1944","147548","20220727031000","1484","2","臺南市","新市區","120.290","23.100","1907"
"191","147550","20220727031000","174","1","臺南市","新市區","120.285","23.105","173"
"58","147564","20220727031000","125","0","臺南市","新市區","120.260","23.070","63"
"130","147567","20220727031000","78","3","臺南市","新市區","120.250","23.075","123"
"90","147570","20220727031000","77","1","臺南市","新市區","120.265","23.075","91"
"106","147571","20220727031000","96","1","臺南市","新市區","120.255","23.080","110"
"217","147576","20220727031000","190","1","臺南市","新市區","120.305","23.090","219"
"328","147580","20220727031000","486","0","臺南市","新市區","120.300","23.100","323"
"369","147587","20220727031000","333","1","臺南市","新市區","120.310","23.100","346"
"450","147594","20220727031000","472","0","臺南市","新市區","120.320","23.085","445"
"1243","147598","20220727031000","916","2","臺南市","新市區","120.315","23.090","1297"
"544","147603","20220727031000","312","3","臺南市","新市區","120.320","23.095","523"
"37","147613","20220727031000","133","0","臺南市","安南區","120.165","23.045","26"
"430","147619","20220727031000","343","2","臺南市","安南區","120.170","23.045","416"
"137","147620","20220727031000","144","0","臺南市","安南區","120.175","23.045","140"
"775","147621","20220727031000","1080","0","臺南市","安南區","120.175","23.050","808"
"103","147622","20220727031000","396","0","臺南市","安南區","120.175","23.055","89"
"148","147627","20220727031000","109","2","臺南市","七股區","120.120","23.095","148"
"90","147686","20220727031000","100","0","臺南市","七股區","120.075","23.125","84"
"62","147743","20220727031000","31","3","臺南市","七股區","120.050","23.080","69"
"90","147812","20220727031000","134","0","臺南市","七股區","120.090","23.095","95"
"428","147816","20220727031000","455","0","臺南市","七股區","120.110","23.095","445"
"65","147889","20220727031000","65","1","臺東縣","池上鄉","121.220","23.080","57"
"174","147906","20220727031000","135","2","臺東縣","池上鄉","121.230","23.120","179"
"178","147984","20220727031000","157","1","高雄市","甲仙區","120.585","23.080","178"
"228","147985","20220727031000","102","3","高雄市","甲仙區","120.590","23.080","231"
"41","147999","20220727031000","41","1","高雄市","甲仙區","120.610","23.110","47"
"15","148032","20220727031000","11","2","高雄市","甲仙區","120.630","23.115","17"
"153","148097","20220727031000","161","0","高雄市","六龜區","120.670","23.065","138"
"151","148126","20220727031000","97","3","高雄市","六龜區","120.675","23.080","147"
"425","148173","20220727031000","373","1","臺南市","安南區","120.205","23.060","445"
"456","148177","20220727031000","356","2","臺南市","安南區","120.220","23.070","437"
"444","148178","20220727031000","375","1","臺南市","安南區","120.225","23.070","452"
"175","148201","20220727031000","150","1","高雄市","六龜區","120.690","23.095","183"
"147","148224","20220727031000","146","1","高雄市","六龜區","120.690","23.105","164"
"180","148238","20220727031000","240","0","高雄市","六龜區","120.700","23.110","296"
"13","148255","20220727031000","13","1","高雄市","桃源區","120.710","23.115","11"
"95","148271","20220727031000","88","1","高雄市","六龜區","120.720","23.115","85"
"56","148275","20220727031000","33","3","高雄市","桃源區","120.745","23.115","41"
"28","148342","20220727031000","21","2","高雄市","六龜區","120.715","23.065","52"
"18","148372","20220727031000","12","3","臺南市","新化區","120.330","23.055","16"
"28","148373","20220727031000","50","0","臺南市","新化區","120.335","23.055","37"
"55","148376","20220727031000","45","2","臺南市","新化區","120.335","23.060","49"
"77","148377","20220727031000","72","1","臺南市","新化區","120.340","23.060","73"
"19","148378","20220727031000","13","2","臺南市","新化區","120.345","23.060","16"
"473","148380","20220727031000","539","0","臺南市","新化區","120.345","23.065","474"
"199","148386","20220727031000","214","0","臺南市","新化區","120.355","23.070","199"
"119","148418","20220727031000","107","1","臺東縣","池上鄉","121.235","23.120","134"
"39","148429","20220727031000","93","0","臺南市","玉井區","120.425","23.070","48"
"56","148453","20220727031000","41","2","臺南市","玉井區","120.430","23.085","55"
"30","148472","20220727031000","14","3","臺南市","玉井區","120.440","23.095","22"
"18","148477","20220727031000","27","0","臺南市","玉井區","120.450","23.090","18"
"90","148526","20220727031000","66","2","臺南市","玉井區","120.480","23.110","103"
"13","148531","20220727031000","10","2","臺南市","玉井區","120.505","23.110","13"
"1424","148561","20220727031000","1538","0","臺南市","玉井區","120.460","23.120","1455"
"457","148562","20220727031000","607","0","臺南市","玉井區","120.465","23.120","477"
"439","148578","20220727031000","429","1","臺南市","永康區","120.265","23.045","424"
"54","148580","20220727031000","329","0","臺南市","永康區","120.275","23.045","58"
"31","148582","20220727031000","69","0","臺南市","永康區","120.265","23.050","38"
"214","148583","20220727031000","272","0","臺南市","永康區","120.270","23.050","218"
"46","148584","20220727031000","50","0","臺南市","永康區","120.275","23.050","55"
"47","148586","20220727031000","140","0","臺南市","永康區","120.270","23.055","49"
"41","148590","20220727031000","247","0","臺南市","永康區","120.245","23.050","43"
"144","148594","20220727031000","81","3","臺南市","永康區","120.260","23.055","143"
"290","148600","20220727031000","280","1","臺南市","永康區","120.265","23.055","273"
"28","148632","20220727031000","28","1","臺東縣","成功鎮","121.355","23.120","20"
"334","148641","20220727031000","283","1","臺東縣","成功鎮","121.400","23.120","322"
"25","148653","20220727031000","12","3","臺東縣","成功鎮","121.355","23.105","26"
"80","148657","20220727031000","838","0","臺東縣","成功鎮","121.375","23.105","78"
"71","148690","20220727031000","66","1","臺東縣","成功鎮","121.340","23.045","78"
"30","148696","20220727031000","31","0","臺東縣","成功鎮","121.340","23.050","30"
"143","148718","20220727031000","122","1","臺東縣","成功鎮","121.345","23.065","136"
"150","148763","20220727031000","74","3","臺東縣","成功鎮","121.355","23.090","126"
"17","148769","20220727031000","12","2","臺東縣","成功鎮","121.345","23.095","23"
"13","148782","20220727031000","164","0","臺東縣","成功鎮","121.370","23.100","10"
"679","148784","20220727031000","467","2","臺東縣","成功鎮","121.380","23.100","690"
"538","148795","20220727031000","410","2","臺東縣","關山鎮","121.175","23.070","535"
"112","148817","20220727031000","112","1","臺東縣","關山鎮","121.175","23.080","108"
"387","148847","20220727031000","252","3","臺東縣","關山鎮","121.165","23.045","373"
"49","148852","20220727031000","1117","0","臺東縣","關山鎮","121.165","23.050","41"
"333","148873","20220727031000","386","0","臺東縣","關山鎮","121.165","23.055","379"
"427","148879","20220727031000","319","2","臺東縣","關山鎮","121.155","23.045","423"
"347","148883","20220727031000","502","0","高雄市","甲仙區","120.590","23.085","326"
"59","148899","20220727031000","54","1","高雄市","甲仙區","120.590","23.100","60"
"104","148910","20220727031000","47","3","高雄市","甲仙區","120.550","23.055","66"
"121","148925","20220727031000","84","2","高雄市","甲仙區","120.570","23.065","89"
"210","148938","20220727031000","152","2","高雄市","甲仙區","120.575","23.070","212"
"292","148978","20220727031000","308","0","臺南市","新化區","120.290","23.045","308"
"178","148986","20220727031000","117","3","臺南市","新化區","120.295","23.055","173"
"204","148988","20220727031000","90","3","臺南市","安南區","120.145","23.045","192"
"50","149026","20220727031000","28","3","高雄市","桃源區","120.720","23.050","38"
"18","149092","20220727031000","12","3","高雄市","桃源區","120.735","23.060","18"
"12","149159","20220727031000","11","1","高雄市","桃源區","120.755","23.070","13"
"13","149519","20220727031000","97","0","高雄市","六龜區","120.685","23.110","11"
"319","149576","20220727031000","228","2","臺南市","新化區","120.295","23.045","311"
"154","149577","20220727031000","631","0","臺南市","新化區","120.300","23.045","157"
"139","149589","20220727031000","360","0","臺南市","永康區","120.235","23.045","135"
"2934","149590","20220727031000","2070","2","臺南市","永康區","120.240","23.045","2965"
"328","149593","20220727031000","228","2","臺南市","永康區","120.250","23.045","368"
"51","149614","20220727031000","63","0","臺南市","玉井區","120.460","23.100","42"
"15","149636","20220727031000","19","0","臺南市","玉井區","120.490","23.095","48"
"89","149651","20220727031000","125","0","臺南市","玉井區","120.480","23.105","82"
"141","149654","20220727031000","1261","0","臺東縣","成功鎮","121.380","23.105","144"
"68","149658","20220727031000","49","2","臺東縣","東河鄉","121.285","23.045","80"
"65","149682","20220727031000","39","3","臺東縣","東河鄉","121.295","23.055","71"
"17","149761","20220727031000","14","2","臺東縣","東河鄉","121.295","23.080","19"
"51","149865","20220727031000","95","0","臺南市","新化區","120.310","23.045","32"
"137","149866","20220727031000","89","3","臺南市","新化區","120.315","23.045","149"
"24","149869","20220727031000","163","0","臺南市","新化區","120.315","23.050","29"
"28","149873","20220727031000","41","0","臺南市","新化區","120.325","23.055","25"
"26","149908","20220727031000","28","0","高雄市","甲仙區","120.600","23.085","21"
"319","149946","20220727031000","267","1","臺南市","善化區","120.270","23.125","343"
"690","149948","20220727031000","747","0","臺南市","大內區","120.355","23.120","674"
"231","154962","20220727031000","155","2","澎湖縣","七美鄉","119.415","23.195","173"
"1049","154965","20220727031000","765","2","臺南市","善化區","120.325","23.140","1056"
"305","154980","20220727031000","427","0","臺南市","善化區","120.325","23.135","312"
"1743","154984","20220727031000","1595","1","臺南市","善化區","120.300","23.130","1765"
"654","154985","20220727031000","605","1","臺南市","善化區","120.305","23.130","625"
"1219","154986","20220727031000","742","3","臺南市","善化區","120.310","23.130","1162"
"64","154996","20220727031000","56","1","澎湖縣","七美鄉","119.435","23.200","58"
"144","155092","20220727031000","773","0","臺南市","麻豆區","120.220","23.190","135"
"557","155098","20220727031000","750","0","臺南市","麻豆區","120.245","23.190","525"
"260","155107","20220727031000","190","2","臺南市","佳里區","120.180","23.145","271"
"550","155111","20220727031000","677","0","臺南市","佳里區","120.175","23.150","547"
"228","155114","20220727031000","873","0","臺南市","佳里區","120.175","23.155","227"
"778","155129","20220727031000","798","0","臺南市","佳里區","120.195","23.190","779"
"74","155501","20220727031000","74","1","臺東縣","海端鄉","121.025","23.185","76"
"60","155650","20220727031000","67","0","臺東縣","海端鄉","121.180","23.130","75"
"28","155658","20220727031000","18","3","臺東縣","海端鄉","121.205","23.150","33"
"108","155664","20220727031000","106","1","臺東縣","海端鄉","121.190","23.155","112"
"59","155779","20220727031000","76","0","臺東縣","海端鄉","121.125","23.130","58"
"58","155786","20220727031000","35","3","臺東縣","海端鄉","121.160","23.130","60"
"36","156049","20220727031000","19","3","臺東縣","海端鄉","121.030","23.165","31"
"65","156052","20220727031000","64","1","臺東縣","海端鄉","121.045","23.165","63"
"58","156083","20220727031000","61","0","臺東縣","海端鄉","121.045","23.170","59"
"82","156227","20220727031000","382","0","臺南市","西港區","120.180","23.130","84"
"195","156233","20220727031000","137","2","臺南市","西港區","120.200","23.130","177"
"455","156281","20220727031000","396","1","臺南市","佳里區","120.180","23.165","436"
"33","156284","20220727031000","261","0","臺南市","佳里區","120.180","23.170","35"
"48","156292","20220727031000","30","3","臺南市","佳里區","120.155","23.170","41"
"477","156302","20220727031000","605","0","臺南市","麻豆區","120.215","23.175","480"
"1104","156306","20220727031000","883","2","臺南市","佳里區","120.160","23.160","1103"
"1198","156309","20220727031000","1399","0","臺南市","佳里區","120.175","23.160","1201"
"3268","156314","20220727031000","3590","0","臺南市","佳里區","120.175","23.165","3311"
"11","156316","20220727031000","15","0","臺南市","佳里區","120.170","23.170","11"
"276","156333","20220727031000","204","2","臺南市","七股區","120.140","23.140","259"
"384","156339","20220727031000","287","2","臺南市","七股區","120.150","23.150","384"
"252","156348","20220727031000","182","2","花蓮縣","富里鄉","121.255","23.180","241"
"301","156361","20220727031000","213","2","花蓮縣","富里鄉","121.275","23.190","277"
"243","156391","20220727031000","582","0","臺南市","西港區","120.220","23.140","247"
"480","156401","20220727031000","607","0","臺南市","麻豆區","120.240","23.155","483"
"38","156402","20220727031000","12","3","臺南市","麻豆區","120.240","23.160","33"
"59","156413","20220727031000","700","0","臺南市","麻豆區","120.275","23.190","67"
"212","156420","20220727031000","151","2","臺南市","麻豆區","120.270","23.195","213"
"126","156423","20220727031000","44","3","臺南市","麻豆區","120.285","23.195","136"
"82","156427","20220727031000","350","0","臺南市","麻豆區","120.230","23.180","68"
"215","156446","20220727031000","259","0","臺南市","大內區","120.415","23.150","205"
"30","156474","20220727031000","29","1","臺南市","大內區","120.410","23.165","29"
"48","156651","20220727031000","16","3","花蓮縣","富里鄉","121.280","23.130","18"
"564","156721","20220727031000","463","2","臺南市","善化區","120.270","23.145","568"
"196","156727","20220727031000","1020","0","臺南市","善化區","120.275","23.130","196"
"26","156730","20220727031000","18","2","臺南市","大內區","120.405","23.130","22"
"21","156736","20220727031000","18","1","臺南市","大內區","120.435","23.130","20"
"45","156744","20220727031000","80","0","臺南市","玉井區","120.435","23.135","50"
"1423","156753","20220727031000","700","3","臺南市","善化區","120.285","23.135","1443"
"132","156765","20220727031000","800","0","臺南市","善化區","120.290","23.135","145"
"264","156769","20220727031000","255","1","臺南市","善化區","120.315","23.155","291"
"822","156781","20220727031000","589","2","臺南市","善化區","120.285","23.150","835"
"37","156784","20220727031000","194","0","臺南市","善化區","120.275","23.155","33"
"541","156792","20220727031000","556","0","臺南市","七股區","120.135","23.140","549"
"196","156851","20220727031000","308","0","臺南市","佳里區","120.155","23.180","193"
"503","156856","20220727031000","389","2","臺南市","佳里區","120.155","23.140","466"
"500","156864","20220727031000","605","0","臺南市","佳里區","120.185","23.145","494"
"187","156865","20220727031000","776","0","臺南市","佳里區","120.180","23.150","196"
"1411","156869","20220727031000","1501","0","臺南市","佳里區","120.180","23.155","1391"
"61","156870","20220727031000","153","0","臺南市","佳里區","120.185","23.155","54"
"666","156873","20220727031000","792","0","臺南市","佳里區","120.155","23.175","679"
"574","156909","20220727031000","500","1","臺南市","麻豆區","120.240","23.190","538"
"47","156922","20220727031000","365","0","臺南市","麻豆區","120.210","23.200","45"
"236","156941","20220727031000","329","0","臺南市","佳里區","120.190","23.190","251"
"320","156942","20220727031000","176","3","臺南市","佳里區","120.185","23.185","356"
"724","156974","20220727031000","889","0","臺南市","七股區","120.090","23.185","715"
"539","156977","20220727031000","235","3","臺南市","西港區","120.200","23.140","502"
"1297","157009","20220727031000","1286","1","臺南市","麻豆區","120.240","23.185","1307"
"740","157010","20220727031000","954","0","臺南市","麻豆區","120.250","23.185","752"
"211","157011","20220727031000","609","0","臺南市","麻豆區","120.255","23.185","193"
"38","157047","20220727031000","32","1","臺南市","六甲區","120.415","23.205","44"
"104","157077","20220727031000","66","3","臺南市","楠西區","120.505","23.140","113"
"447","157130","20220727031000","358","2","臺南市","將軍區","120.160","23.190","428"
"147","157174","20220727031000","604","0","臺南市","官田區","120.315","23.195","151"
"791","157183","20220727031000","469","3","臺南市","安定區","120.245","23.130","790"
"236","157184","20220727031000","532","0","臺南市","安定區","120.250","23.130","249"
"260","157198","20220727031000","228","1","花蓮縣","富里鄉","121.265","23.155","277"
"58","157258","20220727031000","87","0","臺南市","官田區","120.320","23.200","57"
"121","157259","20220727031000","189","0","臺南市","官田區","120.325","23.200","122"
"57","157263","20220727031000","73","0","臺南市","官田區","120.320","23.205","65"
"114","157265","20220727031000","87","2","臺南市","官田區","120.330","23.205","94"
"77","157312","20220727031000","243","0","臺南市","官田區","120.380","23.185","77"
"175","157333","20220727031000","179","0","臺南市","官田區","120.365","23.195","167"
"26","157334","20220727031000","244","0","臺南市","官田區","120.370","23.195","19"
"10","157335","20220727031000","105","0","臺南市","官田區","120.375","23.195","10"
"101","157360","20220727031000","683","0","臺南市","官田區","120.335","23.180","109"
"175","157382","20220727031000","88","3","臺南市","官田區","120.320","23.170","172"
"19","157399","20220727031000","237","0","臺南市","官田區","120.295","23.185","24"
"34","157419","20220727031000","213","0","臺南市","官田區","120.350","23.160","37"
"68","157422","20220727031000","52","2","臺南市","官田區","120.330","23.165","56"
"80","157424","20220727031000","348","0","臺南市","官田區","120.340","23.165","81"
"32","157463","20220727031000","20","3","臺南市","官田區","120.365","23.180","32"
"67","157477","20220727031000","399","0","臺南市","官田區","120.305","23.195","75"
"633","157478","20220727031000","626","1","臺南市","官田區","120.315","23.190","617"
"41","157597","20220727031000","41","1","臺南市","南化區","120.595","23.165","43"
"53","157624","20220727031000","41","2","臺南市","南化區","120.600","23.175","55"
"119","157646","20220727031000","68","3","臺南市","南化區","120.570","23.185","107"
"280","157733","20220727031000","284","0","臺南市","麻豆區","120.230","23.145","289"
"1809","157737","20220727031000","1829","0","臺南市","麻豆區","120.245","23.180","1794"
"50","157740","20220727031000","71","0","臺南市","麻豆區","120.240","23.195","72"
"632","157752","20220727031000","509","2","臺南市","麻豆區","120.260","23.185","587"
"180","157756","20220727031000","208","0","臺南市","麻豆區","120.265","23.190","185"
"182","157759","20220727031000","160","1","臺南市","麻豆區","120.255","23.190","189"
"54","157773","20220727031000","47","1","臺東縣","池上鄉","121.210","23.125","55"
"133","157789","20220727031000","115","1","臺東縣","池上鄉","121.200","23.140","141"
"45","157809","20220727031000","119","0","臺南市","善化區","120.275","23.145","45"
"303","157818","20220727031000","235","2","花蓮縣","卓溪鄉","121.225","23.160","311"
"149","157895","20220727031000","122","2","花蓮縣","富里鄉","121.250","23.200","135"
"548","157913","20220727031000","838","0","臺南市","善化區","120.295","23.135","568"
"12","157915","20220727031000","23","0","臺南市","善化區","120.305","23.135","14"
"812","157919","20220727031000","694","1","臺南市","善化區","120.305","23.140","787"
"607","157924","20220727031000","392","3","臺南市","善化區","120.290","23.145","628"
"310","157961","20220727031000","629","0","臺南市","善化區","120.285","23.130","321"
"87","157991","20220727031000","68","2","花蓮縣","富里鄉","121.235","23.135","102"
"66","157998","20220727031000","73","0","花蓮縣","富里鄉","121.240","23.140","75"
"339","158028","20220727031000","251","2","花蓮縣","富里鄉","121.250","23.170","321"
"427","158030","20220727031000","340","2","花蓮縣","富里鄉","121.250","23.175","417"
"59","158032","20220727031000","44","2","花蓮縣","富里鄉","121.250","23.180","55"
"633","158045","20220727031000","492","2","臺南市","將軍區","120.140","23.205","703"
"1112","158058","20220727031000","1428","0","臺南市","將軍區","120.160","23.200","1103"
"188","158065","20220727031000","280","0","臺南市","七股區","120.135","23.130","192"
"316","158072","20220727031000","340","0","臺南市","七股區","120.110","23.145","323"
"21","158092","20220727031000","21","1","臺南市","七股區","120.130","23.185","18"
"25","158097","20220727031000","13","3","臺南市","七股區","120.145","23.180","23"
"348","158106","20220727031000","276","2","臺南市","佳里區","120.190","23.165","323"
"42","158107","20220727031000","429","0","臺南市","佳里區","120.195","23.165","33"
"120","158122","20220727031000","158","0","臺南市","佳里區","120.180","23.180","124"
"236","158126","20220727031000","333","0","臺南市","佳里區","120.175","23.185","227"
"35","158128","20220727031000","33","1","臺東縣","池上鄉","121.185","23.130","32"
"257","158181","20220727031000","292","0","臺南市","麻豆區","120.265","23.180","263"
"783","158192","20220727031000","681","1","臺南市","麻豆區","120.245","23.185","808"
"24","158195","20220727031000","206","0","臺南市","麻豆區","120.240","23.180","29"
"20","158363","20220727031000","15","2","高雄市","桃源區","120.790","23.185","23"
"107","158397","20220727031000","83","2","臺東縣","池上鄉","121.235","23.130","107"
"451","158398","20220727031000","412","1","臺南市","玉井區","120.470","23.130","433"
"25","158400","20220727031000","168","0","臺南市","玉井區","120.480","23.130","30"
"151","158410","20220727031000","148","1","臺南市","玉井區","120.440","23.135","161"
"99","158457","20220727031000","69","2","臺南市","楠西區","120.490","23.190","101"
"53","158502","20220727031000","56","0","臺南市","楠西區","120.515","23.200","56"
"16","158508","20220727031000","19","0","臺南市","楠西區","120.545","23.205","16"
"654","158533","20220727031000","627","1","臺南市","楠西區","120.485","23.175","665"
"311","158546","20220727031000","290","1","臺南市","楠西區","120.485","23.170","333"
"21","158547","20220727031000","348","0","臺南市","楠西區","120.480","23.175","28"
"14","158550","20220727031000","183","0","臺南市","楠西區","120.480","23.185","10"
"35","158572","20220727031000","38","0","臺南市","楠西區","120.505","23.160","32"
"25","158634","20220727031000","14","3","臺南市","楠西區","120.560","23.180","17"
"81","158670","20220727031000","68","1","臺南市","楠西區","120.465","23.190","93"
"42","158687","20220727031000","60","0","臺南市","楠西區","120.490","23.200","44"
"273","158849","20220727031000","215","2","臺東縣","成功鎮","121.400","23.155","297"
"75","158905","20220727031000","66","1","臺東縣","成功鎮","121.400","23.170","72"
"108","158933","20220727031000","97","1","臺東縣","成功鎮","121.395","23.180","80"
"81","159028","20220727031000","100","0","高雄市","甲仙區","120.635","23.150","82"
"12","159274","20220727031000","10","2","高雄市","桃源區","120.800","23.210","14"
"162","159527","20220727031000","166","0","高雄市","桃源區","120.765","23.160","154"
"67","159574","20220727031000","75","0","高雄市","桃源區","120.770","23.165","69"
"55","159707","20220727031000","33","3","高雄市","桃源區","120.740","23.135","59"
"117","159838","20220727031000","135","0","臺南市","官田區","120.350","23.150","130"
"51","159846","20220727031000","48","1","臺南市","大內區","120.365","23.155","51"
"194","159859","20220727031000","220","0","臺南市","大內區","120.380","23.145","199"
"77","159883","20220727031000","45","3","臺南市","大內區","120.370","23.160","64"
"162","159912","20220727031000","106","3","臺南市","麻豆區","120.225","23.175","156"
"395","159913","20220727031000","523","0","臺南市","麻豆區","120.220","23.180","427"
"598","159928","20220727031000","662","0","臺南市","麻豆區","120.255","23.180","628"
"777","159936","20220727031000","488","3","臺南市","善化區","120.315","23.145","792"
"714","159943","20220727031000","569","2","臺南市","善化區","120.300","23.150","746"
"46","159947","20220727031000","70","0","臺南市","善化區","120.265","23.130","52"
"348","159950","20220727031000","176","3","臺南市","善化區","120.260","23.135","330"
"122","161053","20220727031000","122","1","澎湖縣","七美鄉","119.430","23.215","114"
"80","162017","20220727031000","48","3","臺東縣","長濱鄉","121.415","23.235","114"
"393","164970","20220727031000","331","1","澎湖縣","七美鄉","119.425","23.205","378"
"135","164978","20220727031000","81","3","澎湖縣","望安鄉","119.670","23.245","52"
"463","165017","20220727031000","531","0","臺南市","學甲區","120.195","23.215","470"
"377","165030","20220727031000","539","0","臺南市","學甲區","120.195","23.230","392"
"73","165342","20220727031000","41","3","臺東縣","海端鄉","120.985","23.250","77"
"36","165457","20220727031000","48","0","臺東縣","海端鄉","120.990","23.270","45"
"47","165593","20220727031000","334","0","臺南市","下營區","120.240","23.220","42"
"53","165611","20220727031000","172","0","臺南市","下營區","120.240","23.235","57"
"1359","165635","20220727031000","1731","0","臺南市","下營區","120.265","23.240","1360"
"613","165652","20220727031000","632","0","臺南市","下營區","120.270","23.245","643"
"270","165697","20220727031000","197","2","花蓮縣","富里鄉","121.275","23.215","277"
"375","165713","20220727031000","378","0","臺南市","下營區","120.270","23.210","398"
"56","165716","20220727031000","23","3","花蓮縣","富里鄉","121.340","23.280","48"
"176","165718","20220727031000","119","2","花蓮縣","玉里鎮","121.345","23.285","181"
"199","165736","20220727031000","119","3","花蓮縣","玉里鎮","121.285","23.280","200"
"248","165743","20220727031000","133","3","花蓮縣","玉里鎮","121.280","23.285","246"
"141","165775","20220727031000","139","1","花蓮縣","富里鄉","121.290","23.240","166"
"62","165778","20220727031000","49","2","花蓮縣","富里鄉","121.305","23.240","54"
"144","165815","20220727031000","106","2","花蓮縣","富里鄉","121.295","23.255","140"
"33","165844","20220727031000","210","0","臺南市","新營區","120.265","23.270","38"
"254","165847","20220727031000","284","0","臺南市","新營區","120.275","23.275","279"
"36","165852","20220727031000","57","0","臺南市","六甲區","120.345","23.230","43"
"21","165853","20220727031000","165","0","臺南市","六甲區","120.335","23.235","25"
"774","165855","20220727031000","730","1","臺南市","北門區","120.135","23.240","844"
"79","165858","20220727031000","143","0","臺南市","北門區","120.130","23.250","94"
"66","165860","20220727031000","608","0","臺南市","六甲區","120.350","23.225","73"
"310","165925","20220727031000","365","0","臺南市","六甲區","120.345","23.235","316"
"40","165938","20220727031000","38","1","臺南市","六甲區","120.340","23.250","41"
"21","165969","20220727031000","30","0","臺南市","六甲區","120.400","23.220","27"
"40","165999","20220727031000","434","0","臺南市","柳營區","120.315","23.275","57"
"54","166028","20220727031000","298","0","臺南市","柳營區","120.295","23.275","46"
"530","166037","20220727031000","298","3","臺南市","柳營區","120.305","23.280","561"
"57","166056","20220727031000","258","0","臺南市","柳營區","120.360","23.280","68"
"160","166060","20220727031000","96","3","臺南市","柳營區","120.355","23.285","154"
"28","166064","20220727031000","221","0","臺南市","柳營區","120.380","23.285","31"
"385","166071","20220727031000","505","0","臺南市","六甲區","120.340","23.225","386"
"55","166077","20220727031000","35","3","臺南市","六甲區","120.315","23.250","63"
"251","166081","20220727031000","283","0","臺南市","六甲區","120.310","23.255","241"
"76","166097","20220727031000","59","2","臺南市","北門區","120.110","23.260","63"
"125","166128","20220727031000","123","1","臺南市","北門區","120.140","23.265","125"
"137","166144","20220727031000","142","0","臺南市","學甲區","120.180","23.285","119"
"66","166153","20220727031000","355","0","臺南市","將軍區","120.165","23.220","65"
"972","166181","20220727031000","484","3","臺南市","北門區","120.095","23.230","811"
"883","166188","20220727031000","1149","0","臺南市","北門區","120.115","23.235","971"
"151","166204","20220727031000","211","0","臺南市","下營區","120.275","23.215","142"
"23","166206","20220727031000","513","0","臺南市","下營區","120.270","23.220","29"
"624","166224","20220727031000","763","0","臺南市","北門區","120.135","23.280","633"
"548","166238","20220727031000","713","0","臺南市","北門區","120.125","23.270","573"
"79","166250","20220727031000","38","3","花蓮縣","富里鄉","121.315","23.220","75"
"251","166256","20220727031000","185","2","花蓮縣","富里鄉","121.275","23.225","232"
"157","166326","20220727031000","142","1","花蓮縣","富里鄉","121.305","23.255","91"
"113","166340","20220727031000","71","3","花蓮縣","富里鄉","121.305","23.265","125"
"62","166344","20220727031000","67","0","花蓮縣","富里鄉","121.300","23.270","67"
"14","166349","20220727031000","122","0","臺南市","官田區","120.320","23.210","14"
"25","166350","20220727031000","177","0","臺南市","官田區","120.325","23.210","15"
"256","166354","20220727031000","217","1","臺南市","官田區","120.320","23.215","251"
"82","166356","20220727031000","562","0","臺南市","官田區","120.330","23.215","79"
"204","166363","20220727031000","200","1","臺南市","官田區","120.340","23.220","213"
"119","166377","20220727031000","579","0","臺南市","官田區","120.310","23.215","125"
"182","166389","20220727031000","191","0","臺南市","官田區","120.360","23.210","191"
"234","166391","20220727031000","151","3","臺南市","官田區","120.370","23.210","224"
"260","166424","20220727031000","231","1","臺南市","北門區","120.145","23.285","221"
"327","166429","20220727031000","236","2","臺南市","將軍區","120.160","23.220","290"
"83","166442","20220727031000","538","0","臺南市","下營區","120.260","23.230","88"
"274","166445","20220727031000","218","2","臺南市","六甲區","120.355","23.220","271"
"1490","166446","20220727031000","2004","0","臺南市","六甲區","120.355","23.230","1512"
"86","166455","20220727031000","75","1","臺南市","六甲區","120.370","23.230","72"
"124","166458","20220727031000","139","0","臺南市","六甲區","120.365","23.235","132"
"152","166495","20220727031000","133","1","臺南市","北門區","120.125","23.240","132"
"455","166562","20220727031000","345","2","臺南市","麻豆區","120.220","23.220","460"
"41","166785","20220727031000","30","2","花蓮縣","富里鄉","121.265","23.215","39"
"373","167284","20220727031000","308","2","臺南市","下營區","120.290","23.245","353"
"42","167340","20220727031000","35","2","花蓮縣","富里鄉","121.315","23.275","51"
"186","167482","20220727031000","169","1","臺南市","東山區","120.470","23.260","196"
"54","167491","20220727031000","42","2","臺南市","東山區","120.515","23.260","57"
"205","167497","20220727031000","143","2","臺南市","東山區","120.480","23.265","191"
"274","167501","20220727031000","180","3","臺南市","東山區","120.500","23.265","237"
"10","167514","20220727031000","75","0","臺南市","東山區","120.395","23.265","11"
"73","167565","20220727031000","138","0","臺南市","東山區","120.445","23.265","66"
"207","167568","20220727031000","196","1","臺南市","東山區","120.445","23.270","210"
"69","167588","20220727031000","76","0","臺南市","東山區","120.445","23.290","55"
"40","167626","20220727031000","135","0","臺南市","東山區","120.405","23.285","33"
"16","167655","20220727031000","25","0","臺南市","東山區","120.465","23.280","22"
"22","167656","20220727031000","201","0","臺南市","東山區","120.470","23.280","23"
"54","167674","20220727031000","40","2","臺南市","東山區","120.500","23.285","43"
"46","167688","20220727031000","26","3","臺南市","東山區","120.515","23.290","36"
"132","167707","20220727031000","163","0","臺南市","將軍區","120.085","23.215","135"
"159","167714","20220727031000","196","0","臺南市","將軍區","120.120","23.220","166"
"55","167750","20220727031000","94","0","臺南市","學甲區","120.165","23.270","79"
"412","167786","20220727031000","423","0","臺南市","鹽水區","120.205","23.260","421"
"72","167813","20220727031000","40","3","臺東縣","長濱鄉","121.410","23.215","73"
"127","167824","20220727031000","80","3","臺東縣","長濱鄉","121.415","23.225","126"
"267","167894","20220727031000","207","2","臺東縣","長濱鄉","121.415","23.250","288"
"14","167952","20220727031000","33","0","臺南市","學甲區","120.185","23.230","22"
"789","167953","20220727031000","932","0","臺南市","學甲區","120.185","23.235","780"
"1709","167958","20220727031000","992","3","臺南市","學甲區","120.185","23.225","1649"
"169","167982","20220727031000","129","2","臺南市","學甲區","120.195","23.240","174"
"1897","167993","20220727031000","1881","1","臺南市","學甲區","120.180","23.235","1918"
"54","167995","20220727031000","436","0","臺南市","六甲區","120.345","23.220","44"
"44","167997","20220727031000","118","0","臺南市","六甲區","120.320","23.230","40"
"38","168014","20220727031000","173","0","臺南市","六甲區","120.315","23.245","36"
"171","168093","20220727031000","161","1","高雄市","三民區","120.670","23.235","171"
"57","168132","20220727031000","98","0","高雄市","三民區","120.695","23.235","64"
"91","168149","20220727031000","93","0","高雄市","三民區","120.695","23.240","85"
"76","168296","20220727031000","61","2","高雄市","三民區","120.680","23.265","80"
"16","168304","20220727031000","15","1","高雄市","三民區","120.720","23.265","18"
"165","168347","20220727031000","272","0","高雄市","三民區","120.700","23.275","197"
"301","168351","20220727031000","150","3","高雄市","三民區","120.720","23.275","299"
"568","168445","20220727031000","611","0","臺南市","鹽水區","120.235","23.285","601"
"11","168451","20220727031000","33","0","臺南市","柳營區","120.345","23.270","12"
"28","168459","20220727031000","244","0","臺南市","柳營區","120.335","23.285","33"
"589","168462","20220727031000","905","0","臺南市","柳營區","120.325","23.290","560"
"103","168468","20220727031000","152","0","臺南市","柳營區","120.405","23.235","106"
"110","168484","20220727031000","119","0","臺南市","柳營區","120.420","23.245","110"
"37","168515","20220727031000","407","0","臺南市","柳營區","120.380","23.265","53"
"396","168538","20220727031000","1339","0","臺南市","柳營區","120.315","23.280","386"
"27","168539","20220727031000","546","0","臺南市","柳營區","120.320","23.280","33"
"21","168541","20220727031000","146","0","臺南市","柳營區","120.330","23.280","25"
"39","168545","20220727031000","31","2","臺南市","柳營區","120.380","23.240","42"
"71","168560","20220727031000","413","0","臺南市","柳營區","120.375","23.250","80"
"38","168591","20220727031000","201","0","臺南市","柳營區","120.365","23.265","40"
"131","168619","20220727031000","167","0","臺南市","楠西區","120.495","23.215","129"
"39","168624","20220727031000","30","2","臺南市","楠西區","120.520","23.215","30"
"234","168647","20220727031000","131","3","臺南市","楠西區","120.500","23.225","216"
"23","168692","20220727031000","27","0","臺南市","鹽水區","120.245","23.275","20"
"27","168719","20220727031000","25","1","臺東縣","成功鎮","121.400","23.210","25"
"21","168771","20220727031000","181","0","臺南市","新營區","120.280","23.285","27"
"61","168825","20220727031000","70","0","高雄市","桃源區","120.805","23.220","64"
"88","168996","20220727031000","61","2","高雄市","桃源區","120.815","23.240","109"
"151","169242","20220727031000","91","3","高雄市","桃源區","120.825","23.265","143"
"238","169480","20220727031000","195","2","臺南市","新營區","120.275","23.265","247"
"106","169490","20220727031000","108","0","臺南市","學甲區","120.195","23.275","110"
"248","169506","20220727031000","326","0","臺南市","學甲區","120.205","23.280","244"
"481","169527","20220727031000","552","0","臺南市","學甲區","120.160","23.245","493"
"22","169530","20220727031000","12","3","臺南市","學甲區","120.150","23.250","20"
"270","169555","20220727031000","329","0","臺南市","鹽水區","120.255","23.250","264"
"45","169556","20220727031000","118","0","臺南市","鹽水區","120.250","23.255","38"
"174","169567","20220727031000","292","0","臺南市","將軍區","120.135","23.225","181"
"18","169664","20220727031000","24","0","嘉義縣","大埔鄉","120.625","23.245","26"
"51","169729","20220727031000","41","2","嘉義縣","大埔鄉","120.590","23.270","52"
"18","169739","20220727031000","24","0","嘉義縣","大埔鄉","120.585","23.275","23"
"48","169788","20220727031000","29","3","嘉義縣","大埔鄉","120.545","23.230","39"
"12","169812","20220727031000","10","2","臺南市","東山區","120.520","23.240","12"
"22","169834","20220727031000","33","0","嘉義縣","大埔鄉","120.565","23.245","20"
"13","169837","20220727031000","18","0","嘉義縣","大埔鄉","120.580","23.245","20"
"24","169842","20220727031000","22","1","嘉義縣","大埔鄉","120.535","23.250","24"
"438","174966","20220727031000","373","1","澎湖縣","望安鄉","119.505","23.360","398"
"11","174989","20220727031000","57","0","臺南市","白河區","120.460","23.350","14"
"120","175007","20220727031000","88","2","臺南市","東山區","120.500","23.295","118"
"56","175048","20220727031000","42","2","臺南市","白河區","120.480","23.320","47"
"19","175054","20220727031000","24","0","臺南市","白河區","120.510","23.320","19"
"321","175059","20220727031000","301","1","臺南市","白河區","120.485","23.325","334"
"77","175081","20220727031000","67","1","臺南市","白河區","120.495","23.335","75"
"113","175083","20220727031000","135","0","臺南市","白河區","120.505","23.335","145"
"53","175092","20220727031000","58","0","臺南市","白河區","120.505","23.340","67"
"1309","175108","20220727031000","1120","1","臺南市","新營區","120.310","23.305","1260"
"138","175181","20220727031000","109","2","花蓮縣","玉里鎮","121.335","23.320","148"
"1034","175206","20220727031000","980","1","花蓮縣","玉里鎮","121.310","23.335","1044"
"131","175209","20220727031000","89","2","花蓮縣","玉里鎮","121.310","23.340","130"
"73","175217","20220727031000","60","2","花蓮縣","玉里鎮","121.300","23.300","67"
"357","175262","20220727031000","322","1","花蓮縣","玉里鎮","121.300","23.320","345"
"202","175264","20220727031000","171","1","花蓮縣","玉里鎮","121.310","23.320","206"
"40","175284","20220727031000","18","3","花蓮縣","玉里鎮","121.275","23.290","42"
"20","175299","20220727031000","28","0","花蓮縣","玉里鎮","121.290","23.295","23"
"120","175318","20220727031000","628","0","臺南市","白河區","120.410","23.345","126"
"28","175319","20220727031000","444","0","臺南市","白河區","120.405","23.350","34"
"104","175320","20220727031000","602","0","臺南市","白河區","120.410","23.350","85"
"54","175328","20220727031000","52","1","臺南市","白河區","120.460","23.365","51"
"128","175348","20220727031000","229","0","臺南市","白河區","120.440","23.345","114"
"111","175355","20220727031000","105","1","臺南市","新營區","120.330","23.320","91"
"31","175356","20220727031000","481","0","臺南市","新營區","120.335","23.320","25"
"29","175359","20220727031000","15","3","臺南市","新營區","120.350","23.320","39"
"1101","175362","20220727031000","868","2","臺南市","新營區","120.315","23.325","1071"
"141","175369","20220727031000","127","1","臺南市","新營區","120.325","23.310","145"
"39","175372","20220727031000","36","1","臺南市","新營區","120.325","23.305","45"
"35","175397","20220727031000","49","0","臺南市","後壁區","120.310","23.370","43"
"426","175398","20220727031000","354","2","臺南市","後壁區","120.315","23.370","453"
"93","175414","20220727031000","540","0","臺南市","後壁區","120.330","23.340","89"
"462","175425","20220727031000","239","3","臺南市","後壁區","120.375","23.330","391"
"65","175446","20220727031000","451","0","臺南市","新營區","120.320","23.320","76"
"289","175467","20220727031000","474","0","臺南市","北門區","120.170","23.300","328"
"192","175484","20220727031000","196","0","臺南市","後壁區","120.330","23.355","162"
"367","175489","20220727031000","509","0","臺南市","新營區","120.270","23.295","391"
"56","175494","20220727031000","206","0","臺南市","新營區","120.280","23.300","54"
"39","175496","20220727031000","219","0","臺南市","新營區","120.280","23.290","25"
"450","175497","20220727031000","805","0","臺南市","後壁區","120.360","23.370","474"
"2145","175499","20220727031000","2346","0","臺南市","後壁區","120.370","23.370","2353"
"1130","175523","20220727031000","1291","0","臺南市","後壁區","120.395","23.370","1250"
"1017","175546","20220727031000","794","2","臺南市","新營區","120.310","23.300","1036"
"1835","175547","20220727031000","1242","2","臺南市","新營區","120.315","23.310","1821"
"1680","175548","20220727031000","2057","0","臺南市","新營區","120.315","23.315","1683"
"126","175564","20220727031000","233","0","臺南市","後壁區","120.355","23.365","130"
"262","175571","20220727031000","1977","0","臺南市","新營區","120.305","23.310","268"
"68","175572","20220727031000","70","0","臺南市","新營區","120.305","23.315","74"
"36","175573","20220727031000","35","1","臺南市","新營區","120.295","23.305","43"
"120","175574","20220727031000","778","0","臺南市","新營區","120.300","23.305","118"
"1390","175576","20220727031000","1027","2","臺南市","新營區","120.300","23.310","1434"
"176","175585","20220727031000","115","3","臺南市","北門區","120.110","23.300","175"
"97","175647","20220727031000","384","0","臺南市","新營區","120.295","23.295","117"
"20","175648","20220727031000","31","0","臺南市","新營區","120.290","23.300","18"
"39","175651","20220727031000","32","2","臺南市","柳營區","120.300","23.295","43"
"69","175658","20220727031000","64","1","臺南市","新營區","120.285","23.310","62"
"15","175712","20220727031000","136","0","臺南市","白河區","120.430","23.330","21"
"301","175737","20220727031000","368","0","臺南市","白河區","120.430","23.355","319"
"27","175874","20220727031000","28","0","花蓮縣","卓溪鄉","121.270","23.305","21"
"178","176357","20220727031000","140","2","花蓮縣","玉里鎮","121.300","23.345","178"
"402","176756","20220727031000","310","2","臺南市","新營區","120.325","23.315","427"
"313","176757","20220727031000","275","1","臺南市","新營區","120.330","23.315","307"
"165","176758","20220727031000","152","1","臺南市","新營區","120.325","23.320","176"
"32","176764","20220727031000","36","0","花蓮縣","玉里鎮","121.330","23.300","31"
"12","176769","20220727031000","15","0","臺南市","後壁區","120.340","23.325","15"
"12","176776","20220727031000","26","0","臺南市","後壁區","120.350","23.330","12"
"15","176782","20220727031000","28","0","臺南市","後壁區","120.310","23.335","25"
"225","176798","20220727031000","258","0","臺南市","後壁區","120.350","23.335","226"
"867","176811","20220727031000","972","0","臺南市","新營區","120.305","23.300","898"
"992","176812","20220727031000","690","2","臺南市","新營區","120.315","23.305","968"
"11","176814","20220727031000","11","1","臺南市","東山區","120.385","23.310","11"
"657","176863","20220727031000","756","0","臺南市","東山區","120.405","23.320","690"
"132","176885","20220727031000","159","0","臺南市","東山區","120.405","23.325","136"
"78","176921","20220727031000","293","0","臺南市","東山區","120.390","23.295","78"
"292","176933","20220727031000","385","0","臺南市","東山區","120.415","23.300","306"
"181","176942","20220727031000","186","0","臺南市","東山區","120.345","23.300","185"
"570","176986","20220727031000","466","2","臺南市","白河區","120.395","23.340","423"
"676","177006","20220727031000","732","0","臺南市","鹽水區","120.270","23.325","674"
"591","177007","20220727031000","609","0","嘉義縣","義竹鄉","120.255","23.330","547"
"590","177010","20220727031000","482","2","臺南市","鹽水區","120.270","23.330","604"
"218","177054","20220727031000","137","3","臺東縣","長濱鄉","121.470","23.355","202"
"25","177169","20220727031000","34","0","花蓮縣","玉里鎮","121.370","23.350","26"
"1316","177425","20220727031000","697","3","臺南市","新營區","120.315","23.300","1323"
"204","177432","20220727031000","282","0","臺南市","鹽水區","120.280","23.330","198"
"330","177436","20220727031000","197","3","臺南市","鹽水區","120.290","23.335","310"
"944","177466","20220727031000","860","1","臺南市","鹽水區","120.270","23.310","915"
"406","177467","20220727031000","472","0","臺南市","新營區","120.275","23.310","419"
"830","177475","20220727031000","614","2","臺南市","鹽水區","120.265","23.325","832"
"65","177480","20220727031000","80","0","臺南市","白河區","120.480","23.325","79"
"139","177500","20220727031000","80","3","臺南市","白河區","120.495","23.340","126"
"10","177550","20220727031000","13","0","臺南市","白河區","120.455","23.310","10"
"172","177580","20220727031000","1209","0","臺南市","白河區","120.415","23.350","180"
"122","177585","20220727031000","281","0","臺南市","柳營區","120.340","23.290","130"
"163","177586","20220727031000","134","2","臺南市","柳營區","120.325","23.295","163"
"142","177599","20220727031000","787","0","臺南市","柳營區","120.365","23.295","160"
"43","177602","20220727031000","30","2","臺南市","鹽水區","120.270","23.320","49"
"356","177603","20220727031000","304","1","花蓮縣","玉里鎮","121.320","23.320","356"
"622","177605","20220727031000","359","3","花蓮縣","玉里鎮","121.310","23.325","641"
"280","177606","20220727031000","148","3","花蓮縣","玉里鎮","121.315","23.325","283"
"248","177609","20220727031000","202","2","花蓮縣","玉里鎮","121.310","23.330","251"
"2181","177610","20220727031000","2025","1","花蓮縣","玉里鎮","121.315","23.330","2145"
"1098","177613","20220727031000","977","1","花蓮縣","玉里鎮","121.315","23.340","1057"
"170","177617","20220727031000","142","1","花蓮縣","玉里鎮","121.320","23.345","161"
"449","177619","20220727031000","402","1","花蓮縣","玉里鎮","121.320","23.330","445"
"151","177624","20220727031000","108","2","花蓮縣","玉里鎮","121.320","23.350","130"
"255","177632","20220727031000","205","2","花蓮縣","卓溪鄉","121.320","23.355","270"
"21","177682","20220727031000","21","1","臺東縣","長濱鄉","121.440","23.325","35"
"94","177742","20220727031000","47","3","臺東縣","長濱鄉","121.425","23.290","91"
"31","177750","20220727031000","26","1","臺東縣","長濱鄉","121.420","23.295","25"
"300","177808","20220727031000","489","0","臺東縣","長濱鄉","121.455","23.315","288"
"203","177813","20220727031000","169","2","臺東縣","長濱鄉","121.460","23.320","220"
"127","177815","20220727031000","94","2","臺東縣","長濱鄉","121.445","23.325","131"
"182","177826","20220727031000","149","2","臺東縣","長濱鄉","121.465","23.335","208"
"789","178630","20220727031000","570","2","臺南市","鹽水區","120.265","23.320","806"
"163","178643","20220727031000","212","0","臺南市","新營區","120.305","23.320","159"
"116","178644","20220727031000","67","3","臺南市","新營區","120.310","23.320","104"
"43","178697","20220727031000","35","2","嘉義縣","中埔鄉","120.510","23.345","42"
"15","178710","20220727031000","14","1","嘉義縣","中埔鄉","120.520","23.350","14"
"193","178722","20220727031000","119","3","嘉義縣","中埔鄉","120.540","23.355","198"
"85","178756","20220727031000","73","1","嘉義縣","中埔鄉","120.495","23.370","84"
"10","178763","20220727031000","14","0","臺南市","鹽水區","120.245","23.295","10"
"248","178768","20220727031000","285","0","臺南市","鹽水區","120.260","23.295","270"
"219","178886","20220727031000","160","2","嘉義縣","布袋鎮","120.140","23.335","209"
"611","178930","20220727031000","185","3","嘉義縣","布袋鎮","120.160","23.320","530"
"808","178938","20220727031000","1099","0","嘉義縣","布袋鎮","120.165","23.325","804"
"87","178970","20220727031000","50","3","嘉義縣","大埔鄉","120.625","23.300","88"
"18","178978","20220727031000","17","1","嘉義縣","大埔鄉","120.605","23.305","24"
"88","179106","20220727031000","77","1","嘉義縣","大埔鄉","120.590","23.295","71"
"406","179113","20220727031000","518","0","嘉義縣","大埔鄉","120.595","23.295","398"
"127","179189","20220727031000","105","2","嘉義縣","大埔鄉","120.570","23.330","124"
"33","179210","20220727031000","21","3","嘉義縣","大埔鄉","120.555","23.340","23"
"22","179249","20220727031000","12","3","嘉義縣","大埔鄉","120.585","23.360","22"
"31","179312","20220727031000","34","0","嘉義縣","番路鄉","120.605","23.355","35"
"155","179320","20220727031000","116","2","嘉義縣","番路鄉","120.590","23.360","150"
"1056","179352","20220727031000","1257","0","嘉義縣","義竹鄉","120.250","23.340","1124"
"470","179448","20220727031000","622","0","嘉義縣","義竹鄉","120.240","23.335","489"
"64","179461","20220727031000","49","2","嘉義縣","義竹鄉","120.245","23.335","54"
"603","179521","20220727031000","426","2","嘉義縣","義竹鄉","120.195","23.305","619"
"16","179523","20220727031000","11","2","嘉義縣","義竹鄉","120.205","23.305","16"
"37","179646","20220727031000","26","2","嘉義縣","阿里山鄉","120.680","23.335","37"
"64","179666","20220727031000","47","2","嘉義縣","阿里山鄉","120.680","23.340","62"
"71","179747","20220727031000","80","0","嘉義縣","阿里山鄉","120.665","23.300","83"
"63","179773","20220727031000","65","0","嘉義縣","阿里山鄉","120.695","23.305","64"
"48","179780","20220727031000","38","2","嘉義縣","阿里山鄉","120.665","23.310","40"
"800","179845","20220727031000","733","1","嘉義縣","義竹鄉","120.225","23.320","820"
"892","179874","20220727031000","701","2","嘉義縣","義竹鄉","120.190","23.335","917"
"403","179880","20220727031000","450","0","嘉義縣","義竹鄉","120.230","23.360","395"
"104","179883","20220727031000","96","1","嘉義縣","義竹鄉","120.245","23.360","93"
"613","179922","20220727031000","686","0","嘉義縣","義竹鄉","120.220","23.360","606"
"165","179933","20220727031000","129","2","嘉義縣","義竹鄉","120.210","23.300","148"
"526","179945","20220727031000","509","1","嘉義縣","義竹鄉","120.270","23.360","565"
"148","180132","20220727031000","241","0","澎湖縣","望安鄉","119.520","23.365","148"
"63","180802","20220727031000","127","0","嘉義縣","布袋鎮","120.140","23.375","66"
"103","180804","20220727031000","64","3","臺東縣","長濱鄉","121.475","23.380","98"
"171","181221","20220727031000","115","2","澎湖縣","望安鄉","119.495","23.380","149"
"127","185223","20220727031000","152","0","嘉義縣","東石鄉","120.135","23.450","132"
"949","185452","20220727031000","1441","0","嘉義市","東區","120.455","23.450","944"
"887","185456","20220727031000","990","0","嘉義縣","水上鄉","120.430","23.450","860"
"71","185475","20220727031000","91","0","澎湖縣","望安鄉","119.320","23.395","95"
"10","185483","20220727031000","13","0","花蓮縣","玉里鎮","121.350","23.440","17"
"49","185491","20220727031000","43","1","花蓮縣","瑞穗鄉","121.350","23.450","40"
"97","185499","20220727031000","738","0","臺南市","白河區","120.405","23.395","95"
"25","185543","20220727031000","11","3","花蓮縣","玉里鎮","121.390","23.380","21"
"304","185546","20220727031000","238","2","花蓮縣","玉里鎮","121.355","23.385","293"
"25","185565","20220727031000","15","3","花蓮縣","玉里鎮","121.395","23.390","17"
"61","185576","20220727031000","29","3","花蓮縣","玉里鎮","121.355","23.395","62"
"53","185590","20220727031000","51","1","花蓮縣","玉里鎮","121.365","23.405","48"
"85","185598","20220727031000","329","0","臺南市","白河區","120.415","23.380","85"
"231","185635","20220727031000","295","0","臺南市","後壁區","120.380","23.390","231"
"576","185683","20220727031000","723","0","臺南市","後壁區","120.340","23.380","593"
"209","185698","20220727031000","125","3","臺南市","白河區","120.480","23.385","202"
"153","186808","20220727031000","131","1","花蓮縣","卓溪鄉","121.315","23.435","162"
"260","186812","20220727031000","202","2","花蓮縣","卓溪鄉","121.335","23.435","274"
"86","186826","20220727031000","54","3","花蓮縣","卓溪鄉","121.340","23.440","76"
"21","186875","20220727031000","28","0","臺南市","後壁區","120.335","23.380","24"
"31","186914","20220727031000","25","2","臺南市","白河區","120.445","23.380","22"
"28","186915","20220727031000","420","0","臺南市","白河區","120.450","23.380","34"
"207","186921","20220727031000","180","1","臺南市","白河區","120.435","23.390","183"
"19","187008","20220727031000","18","1","臺東縣","長濱鄉","121.480","23.395","10"
"225","187061","20220727031000","176","2","花蓮縣","玉里鎮","121.320","23.395","208"
"137","187086","20220727031000","107","2","花蓮縣","玉里鎮","121.340","23.415","139"
"164","187099","20220727031000","81","3","花蓮縣","玉里鎮","121.345","23.425","160"
"146","187105","20220727031000","121","2","花蓮縣","玉里鎮","121.345","23.430","142"
"20","187111","20220727031000","18","1","花蓮縣","玉里鎮","121.350","23.435","23"
"145","187173","20220727031000","117","2","花蓮縣","玉里鎮","121.395","23.450","136"
"11","187199","20220727031000","11","1","花蓮縣","玉里鎮","121.390","23.395","13"
"293","187253","20220727031000","210","2","花蓮縣","玉里鎮","121.375","23.425","299"
"241","187296","20220727031000","278","0","臺南市","白河區","120.440","23.400","240"
"174","187322","20220727031000","142","2","花蓮縣","玉里鎮","121.330","23.375","156"
"206","187339","20220727031000","111","3","花蓮縣","玉里鎮","121.325","23.390","206"
"16","187385","20220727031000","22","0","臺東縣","長濱鄉","121.465","23.405","22"
"54","187398","20220727031000","47","1","臺東縣","長濱鄉","121.470","23.410","56"
"11","187401","20220727031000","103","0","臺東縣","長濱鄉","121.485","23.410","15"
"395","188051","20220727031000","565","0","嘉義縣","中埔鄉","120.520","23.430","400"
"263","188063","20220727031000","280","0","嘉義縣","中埔鄉","120.560","23.435","277"
"467","188064","20220727031000","878","0","嘉義縣","中埔鄉","120.520","23.420","495"
"338","188069","20220727031000","229","2","嘉義縣","中埔鄉","120.520","23.425","349"
"94","188090","20220727031000","82","1","嘉義縣","中埔鄉","120.510","23.400","88"
"29","188129","20220727031000","442","0","嘉義縣","中埔鄉","120.460","23.445","28"
"384","188131","20220727031000","264","2","嘉義縣","中埔鄉","120.460","23.450","360"
"544","188132","20220727031000","486","1","嘉義縣","中埔鄉","120.470","23.450","546"
"336","188133","20220727031000","594","0","嘉義縣","中埔鄉","120.475","23.450","368"
"1052","188134","20220727031000","1645","0","嘉義縣","中埔鄉","120.465","23.450","1104"
"166","188136","20220727031000","113","2","嘉義縣","中埔鄉","120.485","23.450","152"
"1044","188141","20220727031000","1289","0","嘉義縣","中埔鄉","120.450","23.435","1061"
"564","188144","20220727031000","507","1","嘉義縣","中埔鄉","120.455","23.445","540"
"348","188147","20220727031000","448","0","嘉義縣","中埔鄉","120.480","23.440","340"
"17","188154","20220727031000","119","0","嘉義縣","中埔鄉","120.490","23.445","12"
"509","188193","20220727031000","537","0","嘉義縣","中埔鄉","120.520","23.385","492"
"184","188241","20220727031000","125","2","嘉義縣","中埔鄉","120.580","23.425","179"
"167","188261","20220727031000","144","1","嘉義縣","中埔鄉","120.540","23.390","169"
"15","188280","20220727031000","73","0","嘉義縣","中埔鄉","120.575","23.380","23"
"40","188314","20220727031000","39","1","嘉義縣","中埔鄉","120.590","23.395","47"
"357","188331","20220727031000","466","0","嘉義縣","中埔鄉","120.555","23.405","364"
"32","188335","20220727031000","13","3","嘉義縣","中埔鄉","120.575","23.405","32"
"785","188368","20220727031000","687","1","嘉義縣","中埔鄉","120.540","23.440","771"
"277","188369","20220727031000","242","1","嘉義縣","中埔鄉","120.545","23.440","259"
"214","188382","20220727031000","193","1","嘉義縣","中埔鄉","120.565","23.445","199"
"355","188390","20220727031000","334","1","嘉義縣","中埔鄉","120.530","23.440","346"
"601","188399","20220727031000","364","3","嘉義縣","中埔鄉","120.535","23.450","570"
"213","188417","20220727031000","325","0","嘉義縣","中埔鄉","120.510","23.435","222"
"506","188421","20220727031000","380","2","嘉義縣","中埔鄉","120.510","23.440","471"
"557","188422","20220727031000","680","0","嘉義縣","中埔鄉","120.495","23.445","537"
"301","188442","20220727031000","401","0","嘉義縣","中埔鄉","120.515","23.410","314"
"193","188445","20220727031000","244","0","嘉義縣","中埔鄉","120.530","23.410","193"
"257","188457","20220727031000","403","0","嘉義縣","中埔鄉","120.505","23.425","274"
"33","188462","20220727031000","33","1","嘉義縣","中埔鄉","120.505","23.375","37"
"145","188463","20220727031000","102","2","嘉義縣","中埔鄉","120.510","23.375","133"
"309","188469","20220727031000","374","0","嘉義縣","鹿草鄉","120.315","23.390","314"
"353","188493","20220727031000","422","0","嘉義縣","鹿草鄉","120.320","23.420","350"
"170","188498","20220727031000","123","2","嘉義縣","鹿草鄉","120.320","23.425","171"
"806","188503","20220727031000","905","0","嘉義縣","鹿草鄉","120.315","23.410","834"
"124","188507","20220727031000","94","2","嘉義縣","太保市","120.335","23.430","129"
"149","188508","20220727031000","104","2","嘉義縣","太保市","120.340","23.430","146"
"89","188510","20220727031000","66","2","嘉義縣","鹿草鄉","120.350","23.430","80"
"19","188516","20220727031000","236","0","嘉義縣","太保市","120.340","23.440","27"
"583","188554","20220727031000","412","2","嘉義縣","鹿草鄉","120.340","23.400","560"
"263","188555","20220727031000","244","1","嘉義縣","鹿草鄉","120.290","23.375","256"
"55","188574","20220727031000","322","0","嘉義縣","朴子市","120.245","23.415","52"
"47","188579","20220727031000","262","0","嘉義縣","水上鄉","120.355","23.410","45"
"170","188626","20220727031000","142","1","嘉義縣","鹿草鄉","120.345","23.405","161"
"176","188631","20220727031000","139","2","嘉義縣","鹿草鄉","120.330","23.410","176"
"161","188646","20220727031000","80","3","嘉義縣","朴子市","120.290","23.445","172"
"78","188650","20220727031000","75","1","嘉義縣","朴子市","120.280","23.450","83"
"536","188654","20220727031000","627","0","嘉義縣","布袋鎮","120.170","23.375","539"
"202","188666","20220727031000","130","3","嘉義縣","布袋鎮","120.220","23.390","187"
"121","188716","20220727031000","140","0","嘉義縣","阿里山鄉","120.715","23.390","143"
"85","188874","20220727031000","872","0","嘉義縣","太保市","120.345","23.450","84"
"23","188885","20220727031000","285","0","嘉義縣","太保市","120.320","23.445","17"
"44","188892","20220727031000","353","0","嘉義縣","太保市","120.340","23.450","39"
"114","188897","20220727031000","95","2","嘉義縣","朴子市","120.235","23.440","127"
"18","188921","20220727031000","12","3","嘉義縣","朴子市","120.240","23.450","14"
"145","188949","20220727031000","126","1","嘉義縣","朴子市","120.255","23.410","138"
"340","188956","20220727031000","380","0","嘉義縣","朴子市","120.260","23.420","368"
"89","188966","20220727031000","112","0","嘉義縣","東石鄉","120.145","23.455","85"
"551","188983","20220727031000","292","3","嘉義縣","布袋鎮","120.190","23.375","545"
"22","189028","20220727031000","320","0","嘉義縣","太保市","120.295","23.440","31"
"210","189044","20220727031000","141","2","嘉義縣","東石鄉","120.170","23.430","179"
"145","189051","20220727031000","142","1","嘉義縣","東石鄉","120.180","23.440","142"
"33","189105","20220727031000","134","0","嘉義縣","東石鄉","120.185","23.450","31"
"34","189112","20220727031000","211","0","嘉義縣","東石鄉","120.200","23.455","27"
"501","189144","20220727031000","368","2","嘉義縣","布袋鎮","120.165","23.375","511"
"53","189152","20220727031000","338","0","嘉義縣","東石鄉","120.205","23.425","39"
"241","189184","20220727031000","176","2","嘉義縣","水上鄉","120.410","23.430","229"
"17","189187","20220727031000","253","0","嘉義縣","水上鄉","120.415","23.430","22"
"554","189189","20220727031000","577","0","嘉義縣","水上鄉","120.415","23.435","567"
"268","189192","20220727031000","232","1","嘉義縣","水上鄉","120.420","23.440","270"
"466","189195","20220727031000","606","0","嘉義縣","布袋鎮","120.180","23.375","484"
"95","189210","20220727031000","124","0","嘉義縣","布袋鎮","120.200","23.400","87"
"124","189224","20220727031000","80","3","嘉義縣","水上鄉","120.435","23.430","120"
"154","189225","20220727031000","170","0","嘉義縣","水上鄉","120.420","23.430","152"
"780","189233","20220727031000","534","2","嘉義縣","水上鄉","120.425","23.440","770"
"39","189242","20220727031000","178","0","嘉義縣","水上鄉","120.370","23.415","36"
"91","189246","20220727031000","142","0","嘉義縣","水上鄉","120.370","23.420","101"
"47","189248","20220727031000","153","0","嘉義縣","水上鄉","120.360","23.425","55"
"258","189268","20220727031000","291","0","嘉義縣","水上鄉","120.495","23.400","266"
"61","189286","20220727031000","54","1","嘉義縣","水上鄉","120.450","23.415","66"
"112","189288","20220727031000","166","0","嘉義縣","水上鄉","120.460","23.415","123"
"92","189292","20220727031000","57","3","嘉義縣","水上鄉","120.450","23.420","92"
"44","189296","20220727031000","58","0","嘉義縣","水上鄉","120.410","23.445","40"
"252","189322","20220727031000","334","0","嘉義縣","水上鄉","120.370","23.440","245"
"46","189337","20220727031000","587","0","嘉義縣","水上鄉","120.360","23.445","52"
"269","189343","20220727031000","270","0","嘉義縣","水上鄉","120.425","23.445","261"
"1178","189344","20220727031000","921","2","嘉義縣","水上鄉","120.430","23.445","1196"
"70","189349","20220727031000","45","3","嘉義縣","水上鄉","120.435","23.415","66"
"359","189350","20220727031000","424","0","嘉義縣","水上鄉","120.430","23.420","364"
"603","189351","20220727031000","668","0","嘉義縣","水上鄉","120.435","23.420","590"
"128","189364","20220727031000","59","3","嘉義縣","布袋鎮","120.150","23.375","117"
"269","189365","20220727031000","253","1","嘉義縣","布袋鎮","120.155","23.375","279"
"231","189369","20220727031000","142","3","嘉義縣","布袋鎮","120.150","23.380","236"
"476","189370","20220727031000","338","2","嘉義縣","布袋鎮","120.155","23.380","461"
"73","189382","20220727031000","809","0","嘉義縣","水上鄉","120.470","23.435","81"
"118","189385","20220727031000","112","1","嘉義縣","水上鄉","120.385","23.405","99"
"61","189387","20220727031000","83","0","嘉義縣","水上鄉","120.390","23.410","49"
"247","189388","20220727031000","174","2","嘉義縣","水上鄉","120.385","23.415","256"
"223","189389","20220727031000","428","0","嘉義縣","水上鄉","120.385","23.420","270"
"15","189392","20220727031000","17","0","嘉義縣","水上鄉","120.405","23.450","13"
"464","189393","20220727031000","474","0","嘉義縣","水上鄉","120.435","23.445","471"
"164","189396","20220727031000","359","0","嘉義縣","水上鄉","120.400","23.425","150"
"68","189397","20220727031000","369","0","嘉義縣","水上鄉","120.395","23.430","54"
"984","189399","20220727031000","1206","0","嘉義縣","水上鄉","120.400","23.430","975"
"185","189411","20220727031000","282","0","嘉義縣","水上鄉","120.390","23.425","185"
"55","189413","20220727031000","637","0","嘉義縣","水上鄉","120.395","23.435","65"
"338","189416","20220727031000","440","0","嘉義縣","水上鄉","120.400","23.435","315"
"270","189439","20220727031000","332","0","嘉義縣","水上鄉","120.420","23.420","268"
"56","189459","20220727031000","89","0","嘉義縣","水上鄉","120.385","23.425","50"
"292","189461","20220727031000","334","0","嘉義縣","水上鄉","120.380","23.430","293"
"204","189463","20220727031000","335","0","嘉義縣","水上鄉","120.390","23.430","212"
"675","189474","20220727031000","797","0","嘉義縣","鹿草鄉","120.295","23.380","688"
"140","189491","20220727031000","145","0","嘉義縣","鹿草鄉","120.270","23.395","131"
"284","189518","20220727031000","234","2","嘉義縣","鹿草鄉","120.305","23.415","284"
"24","189555","20220727031000","129","0","嘉義縣","鹿草鄉","120.285","23.435","23"
"53","189575","20220727031000","292","0","嘉義縣","朴子市","120.245","23.430","57"
"374","189579","20220727031000","433","0","嘉義縣","朴子市","120.245","23.435","369"
"131","189583","20220727031000","143","0","嘉義縣","朴子市","120.250","23.440","134"
"1086","189591","20220727031000","1456","0","嘉義縣","東石鄉","120.180","23.420","1212"
"218","189607","20220727031000","234","0","嘉義縣","番路鄉","120.660","23.420","228"
"108","189608","20220727031000","82","2","嘉義縣","番路鄉","120.650","23.425","123"
"30","189630","20220727031000","32","0","嘉義縣","番路鄉","120.640","23.440","27"
"118","189633","20220727031000","106","1","嘉義縣","番路鄉","120.655","23.440","114"
"14","189645","20220727031000","27","0","嘉義縣","番路鄉","120.645","23.440","21"
"217","189663","20220727031000","140","3","嘉義縣","番路鄉","120.670","23.445","170"
"159","189673","20220727031000","96","3","嘉義縣","番路鄉","120.645","23.400","161"
"37","189685","20220727031000","27","2","嘉義縣","番路鄉","120.650","23.405","45"
"31","189703","20220727031000","19","3","嘉義縣","番路鄉","120.640","23.415","34"
"46","189705","20220727031000","28","3","嘉義縣","番路鄉","120.605","23.420","47"
"25","189724","20220727031000","19","2","嘉義縣","番路鄉","120.610","23.430","21"
"16","189740","20220727031000","10","3","嘉義縣","番路鄉","120.610","23.445","15"
"79","189756","20220727031000","71","1","嘉義縣","番路鄉","120.620","23.375","70"
"109","189823","20220727031000","135","0","嘉義縣","番路鄉","120.600","23.435","111"
"154","189837","20220727031000","192","0","嘉義縣","番路鄉","120.580","23.450","161"
"274","189852","20220727031000","235","1","嘉義縣","布袋鎮","120.170","23.385","245"
"121","189978","20220727031000","118","1","嘉義縣","阿里山鄉","120.665","23.380","134"
"120","190321","20220727031000","93","2","嘉義縣","阿里山鄉","120.750","23.440","88"
"44","190374","20220727031000","38","1","嘉義縣","阿里山鄉","120.755","23.450","52"
"146","190402","20220727031000","127","1","嘉義縣","義竹鄉","120.245","23.385","133"
"261","190407","20220727031000","261","1","嘉義縣","義竹鄉","120.240","23.375","255"
"88","192504","20220727031000","98","0","澎湖縣","馬公市","119.515","23.485","93"
"186","192620","20220727031000","240","0","嘉義縣","東石鄉","120.165","23.490","199"
"127","192621","20220727031000","74","3","花蓮縣","豐濱鄉","121.510","23.490","146"
"25","194053","20220727031000","112","0","澎湖縣","馬公市","119.515","23.510","15"
"313","194584","20220727031000","271","1","澎湖縣","馬公市","119.595","23.520","292"
"359","194849","20220727031000","287","2","澎湖縣","馬公市","119.580","23.525","299"
"208","194852","20220727031000","105","3","澎湖縣","馬公市","119.595","23.525","190"
"1372","194945","20220727031000","951","2","嘉義市","東區","120.455","23.495","1330"
"329","194952","20220727031000","211","3","嘉義市","東區","120.485","23.460","342"
"58","194954","20220727031000","49","1","嘉義市","東區","120.495","23.460","50"
"38","194959","20220727031000","36","1","嘉義市","東區","120.485","23.470","41"
"21","194963","20220727031000","29","0","嘉義市","東區","120.490","23.475","14"
"486","194965","20220727031000","970","0","嘉義市","西區","120.435","23.460","520"
"764","194966","20220727031000","1521","0","嘉義市","西區","120.440","23.460","769"
"510","194967","20220727031000","350","2","嘉義市","西區","120.445","23.460","494"
"16","194968","20220727031000","48","0","嘉義市","西區","120.440","23.475","20"
"818","194969","20220727031000","475","3","嘉義市","西區","120.440","23.490","826"
"1343","194970","20220727031000","1262","1","嘉義市","東區","120.460","23.480","1320"
"905","194971","20220727031000","821","1","嘉義市","東區","120.450","23.480","892"
"783","194972","20220727031000","739","1","嘉義市","東區","120.450","23.490","853"
"292","194973","20220727031000","1940","0","嘉義市","東區","120.450","23.495","280"
"895","194974","20220727031000","913","0","嘉義市","西區","120.415","23.485","919"
"429","194975","20220727031000","626","0","嘉義市","西區","120.405","23.490","447"
"1096","194980","20220727031000","2320","0","嘉義市","西區","120.425","23.475","1134"
"445","194981","20220727031000","580","0","嘉義市","西區","120.430","23.470","445"
"112","194985","20220727031000","1593","0","嘉義市","東區","120.470","23.490","70"
"465","194986","20220727031000","464","1","嘉義市","東區","120.470","23.495","463"
"395","194988","20220727031000","346","1","嘉義市","東區","120.480","23.495","375"
"879","194993","20220727031000","720","2","嘉義市","東區","120.450","23.500","885"
"41","194994","20220727031000","519","0","嘉義市","東區","120.450","23.505","47"
"758","194995","20220727031000","614","2","嘉義市","東區","120.455","23.505","775"
"202","194996","20220727031000","216","0","嘉義市","東區","120.445","23.510","185"
"481","195001","20220727031000","1410","0","嘉義市","東區","120.485","23.485","495"
"456","195002","20220727031000","375","2","嘉義市","東區","120.490","23.480","466"
"1361","195003","20220727031000","1168","1","嘉義市","東區","120.455","23.490","1356"
"2155","195004","20220727031000","1958","1","嘉義市","東區","120.455","23.480","2114"
"509","195006","20220727031000","258","3","嘉義市","西區","120.420","23.480","487"
"756","195007","20220727031000","965","0","嘉義市","西區","120.430","23.480","753"
"561","195008","20220727031000","471","1","嘉義市","西區","120.420","23.490","538"
"781","195009","20220727031000","2556","0","嘉義市","西區","120.430","23.465","778"
"1291","195011","20220727031000","796","3","嘉義市","西區","120.425","23.485","1234"
"923","195012","20220727031000","1757","0","嘉義市","西區","120.435","23.480","913"
"1473","195013","20220727031000","1904","0","嘉義市","西區","120.430","23.485","1533"
"31","195015","20220727031000","32","0","嘉義市","西區","120.395","23.490","29"
"125","195016","20220727031000","81","3","嘉義市","西區","120.400","23.490","109"
"16","195017","20220727031000","23","0","嘉義市","西區","120.390","23.495","19"
"1722","195022","20220727031000","1078","3","嘉義市","西區","120.440","23.480","1705"
"506","195024","20220727031000","397","2","嘉義市","西區","120.430","23.495","532"
"58","195025","20220727031000","1415","0","嘉義市","西區","120.425","23.490","1022"
"1879","195033","20220727031000","1074","3","嘉義市","東區","120.450","23.475","1924"
"1685","195036","20220727031000","948","3","嘉義市","東區","120.450","23.460","1679"
"2104","195037","20220727031000","1810","1","嘉義市","東區","120.455","23.455","2198"
"91","195038","20220727031000","1768","0","嘉義市","西區","120.435","23.470","98"
"236","195039","20220727031000","176","2","嘉義市","西區","120.430","23.455","259"
"24","195040","20220727031000","421","0","嘉義市","西區","120.430","23.460","27"
"84","195041","20220727031000","1166","0","嘉義市","西區","120.440","23.485","75"
"135","195042","20220727031000","94","2","嘉義市","西區","120.395","23.465","105"
"379","195047","20220727031000","317","1","嘉義市","西區","120.405","23.470","382"
"383","195049","20220727031000","371","1","嘉義市","西區","120.405","23.475","399"
"55","195053","20220727031000","543","0","嘉義市","西區","120.445","23.500","58"
"1438","195054","20220727031000","1720","0","嘉義市","東區","120.465","23.490","1592"
"27","195055","20220727031000","12","3","嘉義市","東區","120.465","23.495","26"
"475","195056","20220727031000","298","3","嘉義市","東區","120.460","23.470","467"
"1887","195057","20220727031000","1068","3","嘉義市","東區","120.470","23.480","1953"
"104","195058","20220727031000","832","0","嘉義市","東區","120.465","23.475","95"
"1968","195060","20220727031000","1687","1","嘉義市","西區","120.435","23.475","2079"
"1382","195061","20220727031000","743","3","嘉義市","西區","120.440","23.465","1363"
"13","195062","20220727031000","426","0","嘉義市","西區","120.450","23.465","17"
"1280","195064","20220727031000","1906","0","嘉義市","西區","120.440","23.470","1249"
"15","195065","20220727031000","12","2","嘉義市","東區","120.455","23.485","16"
"43","195066","20220727031000","586","0","嘉義市","東區","120.450","23.485","44"
"518","195069","20220727031000","474","1","嘉義市","西區","120.415","23.475","501"
"1382","195073","20220727031000","3088","0","嘉義市","西區","120.440","23.455","1377"
"2702","195075","20220727031000","2374","1","嘉義市","西區","120.445","23.475","2696"
"1809","195076","20220727031000","2039","0","嘉義市","東區","120.465","23.465","1884"
"1187","195083","20220727031000","764","3","嘉義市","東區","120.445","23.515","1168"
"386","195084","20220727031000","746","0","嘉義市","東區","120.465","23.480","374"
"394","195086","20220727031000","930","0","嘉義市","東區","120.480","23.465","386"
"1047","195090","20220727031000","856","2","嘉義市","東區","120.475","23.475","1070"
"44","195093","20220727031000","660","0","嘉義市","東區","120.470","23.485","34"
"835","195094","20220727031000","510","3","嘉義市","東區","120.475","23.485","820"
"18","195098","20220727031000","16","1","嘉義市","東區","120.500","23.475","19"
"19","195100","20220727031000","300","0","嘉義市","東區","120.485","23.480","18"
"669","195103","20220727031000","468","2","嘉義市","東區","120.500","23.480","686"
"530","195108","20220727031000","372","2","嘉義市","東區","120.490","23.485","539"
"15","195109","20220727031000","13","1","嘉義市","東區","120.495","23.485","10"
"48","195113","20220727031000","777","0","嘉義市","東區","120.470","23.475","47"
"859","195114","20220727031000","550","3","嘉義市","東區","120.455","23.500","870"
"137","195115","20220727031000","121","1","嘉義市","東區","120.475","23.490","142"
"736","195118","20220727031000","577","2","嘉義市","東區","120.480","23.490","756"
"898","195120","20220727031000","1759","0","嘉義市","東區","120.455","23.475","910"
"1070","195121","20220727031000","1524","0","嘉義市","西區","120.430","23.490","1127"
"68","195122","20220727031000","850","0","嘉義市","西區","120.435","23.485","66"
"98","195123","20220727031000","941","0","嘉義市","西區","120.435","23.490","109"
"633","195124","20220727031000","621","1","嘉義市","西區","120.450","23.470","650"
"767","195127","20220727031000","409","3","嘉義市","東區","120.470","23.470","734"
"28","195128","20220727031000","679","0","嘉義市","東區","120.475","23.480","33"
"491","195129","20220727031000","421","1","嘉義市","東區","120.465","23.485","474"
"30","195131","20220727031000","36","0","嘉義市","東區","120.480","23.480","29"
"833","195133","20220727031000","727","1","嘉義市","東區","120.460","23.490","823"
"55","195139","20220727031000","508","0","嘉義市","西區","120.405","23.480","54"
"427","195147","20220727031000","277","3","嘉義市","西區","120.415","23.465","435"
"68","195148","20220727031000","1724","0","嘉義市","西區","120.420","23.465","59"
"953","195150","20220727031000","621","3","嘉義市","西區","120.415","23.470","958"
"79","195151","20220727031000","67","1","嘉義市","西區","120.420","23.470","67"
"817","195154","20220727031000","443","3","嘉義市","西區","120.440","23.495","811"
"86","195158","20220727031000","83","1","嘉義市","東區","120.430","23.505","81"
"211","195159","20220727031000","113","3","嘉義市","西區","120.435","23.505","193"
"682","195160","20220727031000","768","0","嘉義市","西區","120.445","23.485","675"
"1775","195161","20220727031000","1237","2","嘉義市","東區","120.460","23.465","1677"
"682","195162","20220727031000","1292","0","嘉義市","西區","120.445","23.470","689"
"124","195164","20220727031000","91","2","嘉義市","西區","120.425","23.465","135"
"50","195165","20220727031000","69","0","嘉義市","西區","120.425","23.480","56"
"1558","195166","20220727031000","1076","2","嘉義市","西區","120.445","23.480","1535"
"641","195167","20220727031000","800","0","嘉義市","東區","120.460","23.455","638"
"298","195169","20220727031000","247","2","嘉義市","東區","120.465","23.460","302"
"1986","195170","20220727031000","1418","2","嘉義市","東區","120.455","23.465","1975"
"648","195171","20220727031000","515","2","嘉義市","東區","120.455","23.470","645"
"402","195183","20220727031000","372","1","澎湖縣","馬公市","119.590","23.515","370"
"281","195202","20220727031000","202","2","澎湖縣","馬公市","119.605","23.525","300"
"174","195219","20220727031000","145","2","花蓮縣","瑞穗鄉","121.375","23.495","184"
"54","195220","20220727031000","59","0","花蓮縣","瑞穗鄉","121.375","23.500","46"
"437","195222","20220727031000","377","1","花蓮縣","瑞穗鄉","121.375","23.505","492"
"260","195231","20220727031000","220","1","花蓮縣","瑞穗鄉","121.390","23.490","251"
"1520","195232","20220727031000","1172","2","花蓮縣","瑞穗鄉","121.380","23.495","1438"
"84","195268","20220727031000","59","2","花蓮縣","瑞穗鄉","121.355","23.465","84"
"71","195289","20220727031000","65","1","花蓮縣","瑞穗鄉","121.360","23.475","73"
"382","195291","20220727031000","261","2","花蓮縣","瑞穗鄉","121.370","23.475","377"
"64","195336","20220727031000","27","3","花蓮縣","瑞穗鄉","121.390","23.520","67"
"11","195428","20220727031000","13","0","花蓮縣","瑞穗鄉","121.435","23.490","10"
"82","195430","20220727031000","49","3","花蓮縣","瑞穗鄉","121.445","23.490","112"
"197","196332","20220727031000","156","2","花蓮縣","瑞穗鄉","121.375","23.515","182"
"63","196345","20220727031000","40","3","花蓮縣","瑞穗鄉","121.360","23.480","67"
"320","196360","20220727031000","182","3","花蓮縣","瑞穗鄉","121.355","23.490","355"
"354","196364","20220727031000","265","2","花蓮縣","瑞穗鄉","121.375","23.490","347"
"66","196368","20220727031000","44","3","花蓮縣","瑞穗鄉","121.360","23.495","78"
"187","196453","20220727031000","153","2","花蓮縣","卓溪鄉","121.325","23.490","211"
"308","196567","20220727031000","176","3","花蓮縣","豐濱鄉","121.505","23.470","405"
"97","196575","20220727031000","38","3","花蓮縣","豐濱鄉","121.505","23.475","109"
"89","196592","20220727031000","50","3","花蓮縣","豐濱鄉","121.510","23.480","100"
"81","196639","20220727031000","48","3","花蓮縣","豐濱鄉","121.500","23.455","83"
"239","196667","20220727031000","130","3","花蓮縣","玉里鎮","121.405","23.465","212"
"143","196709","20220727031000","80","3","花蓮縣","玉里鎮","121.395","23.455","138"
"1014","196774","20220727031000","757","2","嘉義縣","中埔鄉","120.465","23.455","965"
"819","196781","20220727031000","1642","0","嘉義縣","民雄鄉","120.430","23.520","874"
"438","196789","20220727031000","458","0","嘉義縣","民雄鄉","120.440","23.515","446"
"288","196793","20220727031000","217","2","嘉義縣","六腳鄉","120.290","23.520","296"
"531","196815","20220727031000","592","0","嘉義縣","六腳鄉","120.250","23.510","552"
"40","196825","20220727031000","33","2","嘉義縣","六腳鄉","120.225","23.485","41"
"148","196836","20220727031000","91","3","嘉義縣","六腳鄉","120.285","23.500","126"
"197","196856","20220727031000","156","2","雲林縣","水林鄉","120.225","23.505","201"
"48","196879","20220727031000","326","0","嘉義縣","六腳鄉","120.245","23.485","55"
"217","196886","20220727031000","189","1","嘉義縣","民雄鄉","120.415","23.525","217"
"50","196888","20220727031000","22","3","嘉義縣","民雄鄉","120.425","23.525","53"
"36","196895","20220727031000","163","0","嘉義縣","太保市","120.310","23.460","32"
"81","196913","20220727031000","78","1","嘉義縣","新港鄉","120.375","23.515","75"
"170","196921","20220727031000","847","0","嘉義縣","新港鄉","120.380","23.525","150"
"261","196935","20220727031000","315","0","嘉義縣","六腳鄉","120.280","23.505","280"
"429","196963","20220727031000","505","0","嘉義縣","六腳鄉","120.310","23.500","464"
"719","197018","20220727031000","798","0","嘉義縣","太保市","120.335","23.490","731"
"663","197019","20220727031000","440","3","嘉義縣","太保市","120.340","23.495","614"
"2019","197036","20220727031000","2197","0","嘉義縣","太保市","120.365","23.500","2030"
"15","197041","20220727031000","91","0","嘉義縣","太保市","120.360","23.510","21"
"721","197046","20220727031000","544","2","嘉義縣","太保市","120.370","23.500","677"
"26","197053","20220727031000","16","3","嘉義縣","六腳鄉","120.265","23.525","23"
"288","197055","20220727031000","292","0","嘉義縣","六腳鄉","120.275","23.525","313"
"141","197536","20220727031000","97","2","南投縣","信義鄉","120.870","23.470","123"
"14","197634","20220727031000","20","0","南投縣","信義鄉","120.825","23.510","21"
"342","197682","20220727031000","791","0","嘉義縣","民雄鄉","120.440","23.520","365"
"790","197684","20220727031000","1191","0","嘉義縣","民雄鄉","120.440","23.525","830"
"923","197685","20220727031000","1591","0","嘉義縣","民雄鄉","120.445","23.525","935"
"53","197686","20220727031000","44","2","嘉義縣","民雄鄉","120.450","23.525","58"
"92","197696","20220727031000","59","3","嘉義縣","民雄鄉","120.425","23.510","88"
"469","197703","20220727031000","342","2","嘉義縣","民雄鄉","120.465","23.505","469"
"436","197710","20220727031000","433","1","嘉義縣","民雄鄉","120.475","23.515","435"
"40","197714","20220727031000","47","0","嘉義縣","民雄鄉","120.480","23.520","36"
"147","197719","20220727031000","89","3","雲林縣","水林鄉","120.205","23.530","144"
"241","197727","20220727031000","127","3","嘉義縣","太保市","120.380","23.490","207"
"242","197729","20220727031000","213","1","嘉義縣","太保市","120.370","23.495","269"
"152","197749","20220727031000","94","3","嘉義縣","太保市","120.385","23.480","160"
"903","197755","20220727031000","833","1","嘉義縣","朴子市","120.285","23.465","872"
"124","197756","20220727031000","88","2","嘉義縣","朴子市","120.290","23.465","143"
"31","197762","20220727031000","22","2","嘉義縣","太保市","120.290","23.470","32"
"34","197764","20220727031000","194","0","嘉義縣","太保市","120.290","23.475","30"
"204","197766","20220727031000","123","3","嘉義縣","朴子市","120.240","23.470","191"
"18","197770","20220727031000","72","0","嘉義縣","新港鄉","120.310","23.515","26"
"20","197781","20220727031000","64","0","嘉義縣","新港鄉","120.330","23.520","13"
"40","197788","20220727031000","433","0","嘉義縣","朴子市","120.285","23.455","34"
"11","197789","20220727031000","151","0","嘉義縣","朴子市","120.290","23.455","16"
"298","197794","20220727031000","948","0","嘉義縣","朴子市","120.285","23.460","292"
"25","197795","20220727031000","216","0","嘉義縣","朴子市","120.290","23.460","29"
"691","197796","20220727031000","666","1","嘉義縣","朴子市","120.265","23.465","726"
"46","197797","20220727031000","395","0","嘉義縣","朴子市","120.255","23.455","44"
"47","197799","20220727031000","40","1","嘉義縣","朴子市","120.265","23.455","44"
"504","197800","20220727031000","235","3","嘉義縣","朴子市","120.250","23.460","496"
"67","197802","20220727031000","55","2","嘉義縣","朴子市","120.260","23.460","72"
"320","197804","20220727031000","211","3","嘉義縣","朴子市","120.255","23.465","325"
"110","197820","20220727031000","88","2","嘉義縣","新港鄉","120.365","23.515","95"
"62","197822","20220727031000","273","0","嘉義縣","新港鄉","120.350","23.520","60"
"44","197827","20220727031000","388","0","嘉義縣","新港鄉","120.355","23.520","54"
"36","197830","20220727031000","121","0","嘉義縣","新港鄉","120.330","23.510","40"
"62","197832","20220727031000","56","1","嘉義縣","新港鄉","120.340","23.510","61"
"96","197837","20220727031000","74","2","嘉義縣","新港鄉","120.340","23.515","101"
"77","197862","20220727031000","49","3","嘉義縣","阿里山鄉","120.790","23.505","83"
"251","197867","20220727031000","229","1","嘉義縣","阿里山鄉","120.810","23.515","217"
"110","197868","20220727031000","82","2","嘉義縣","阿里山鄉","120.815","23.515","118"
"226","197899","20220727031000","236","0","嘉義縣","太保市","120.335","23.475","223"
"174","197906","20220727031000","248","0","嘉義縣","太保市","120.345","23.480","202"
"32","197913","20220727031000","160","0","嘉義縣","太保市","120.300","23.465","37"
"10","197924","20220727031000","143","0","嘉義縣","太保市","120.300","23.470","10"
"78","197940","20220727031000","34","3","南投縣","信義鄉","120.890","23.490","88"
"95","198035","20220727031000","111","0","雲林縣","水林鄉","120.230","23.515","104"
"579","198046","20220727031000","430","2","雲林縣","水林鄉","120.230","23.520","582"
"1262","198052","20220727031000","1225","1","嘉義縣","朴子市","120.245","23.470","1324"
"42","198053","20220727031000","471","0","嘉義縣","六腳鄉","120.250","23.470","50"
"80","198057","20220727031000","990","0","嘉義縣","朴子市","120.245","23.465","79"
"77","198066","20220727031000","1035","0","嘉義縣","朴子市","120.240","23.465","88"
"334","198068","20220727031000","222","3","嘉義縣","朴子市","120.225","23.460","347"
"128","198071","20220727031000","892","0","嘉義縣","朴子市","120.235","23.465","126"
"558","198076","20220727031000","359","3","嘉義縣","朴子市","120.270","23.480","511"
"60","198087","20220727031000","173","0","嘉義縣","太保市","120.355","23.465","53"
"1252","198089","20220727031000","2438","0","嘉義縣","太保市","120.380","23.500","1283"
"583","198129","20220727031000","391","2","嘉義縣","太保市","120.325","23.455","622"
"40","198131","20220727031000","327","0","嘉義縣","太保市","120.335","23.455","35"
"36","198135","20220727031000","306","0","嘉義縣","太保市","120.335","23.460","38"
"49","198141","20220727031000","624","0","嘉義縣","太保市","120.295","23.455","50"
"76","198144","20220727031000","842","0","嘉義縣","太保市","120.295","23.460","77"
"204","198164","20220727031000","169","2","嘉義縣","東石鄉","120.170","23.480","198"
"10","198175","20220727031000","11","0","嘉義縣","東石鄉","120.195","23.465","10"
"27","198190","20220727031000","28","0","嘉義縣","東石鄉","120.145","23.465","29"
"44","198208","20220727031000","36","2","嘉義縣","梅山鄉","120.710","23.520","50"
"136","198214","20220727031000","118","1","嘉義縣","梅山鄉","120.710","23.525","154"
"455","198237","20220727031000","566","0","嘉義縣","東石鄉","120.170","23.465","447"
"342","198282","20220727031000","436","0","嘉義縣","東石鄉","120.185","23.490","382"
"13","198283","20220727031000","12","1","嘉義縣","東石鄉","120.185","23.495","12"
"723","198309","20220727031000","748","0","嘉義縣","東石鄉","120.150","23.460","746"
"307","198354","20220727031000","189","3","嘉義縣","東石鄉","120.155","23.500","272"
"137","198358","20220727031000","169","0","嘉義縣","東石鄉","120.175","23.500","118"
"75","198378","20220727031000","72","1","嘉義縣","東石鄉","120.160","23.510","87"
"240","198419","20220727031000","185","2","嘉義縣","梅山鄉","120.660","23.525","208"
"35","198450","20220727031000","29","2","嘉義縣","民雄鄉","120.450","23.520","39"
"166","198452","20220727031000","101","3","嘉義縣","民雄鄉","120.460","23.520","149"
"33","198455","20220727031000","50","0","嘉義縣","民雄鄉","120.455","23.525","36"
"232","198456","20220727031000","324","0","嘉義縣","民雄鄉","120.460","23.525","229"
"177","198457","20220727031000","121","2","嘉義縣","民雄鄉","120.450","23.530","175"
"826","198458","20220727031000","587","2","嘉義縣","民雄鄉","120.455","23.530","778"
"434","198459","20220727031000","431","1","嘉義縣","民雄鄉","120.460","23.530","427"
"93","198474","20220727031000","104","0","嘉義縣","民雄鄉","120.475","23.525","97"
"23","198490","20220727031000","122","0","嘉義縣","新港鄉","120.390","23.515","31"
"35","198491","20220727031000","46","0","嘉義縣","民雄鄉","120.400","23.515","39"
"504","198495","20220727031000","553","0","嘉義縣","民雄鄉","120.410","23.520","468"
"33","198501","20220727031000","41","0","嘉義縣","民雄鄉","120.415","23.520","34"
"730","198503","20220727031000","795","0","嘉義縣","民雄鄉","120.430","23.530","765"
"391","198542","20220727031000","174","3","嘉義縣","六腳鄉","120.300","23.505","359"
"23","198546","20220727031000","29","0","嘉義縣","六腳鄉","120.300","23.515","22"
"21","198646","20220727031000","108","0","嘉義縣","水上鄉","120.375","23.460","24"
"161","198651","20220727031000","143","1","雲林縣","水林鄉","120.210","23.515","162"
"351","198686","20220727031000","448","0","嘉義縣","水上鄉","120.410","23.455","334"
"282","198687","20220727031000","153","3","嘉義縣","水上鄉","120.415","23.455","293"
"822","198691","20220727031000","336","3","嘉義市","西區","120.415","23.460","863"
"53","198693","20220727031000","83","0","嘉義縣","水上鄉","120.420","23.460","56"
"1119","198697","20220727031000","978","1","嘉義縣","六腳鄉","120.295","23.490","1166"
"317","198713","20220727031000","244","2","雲林縣","口湖鄉","120.185","23.525","334"
"853","198720","20220727031000","795","1","嘉義縣","水上鄉","120.400","23.455","665"
"123","198726","20220727031000","1100","0","嘉義縣","朴子市","120.245","23.460","118"
"29","198735","20220727031000","17","3","嘉義縣","六腳鄉","120.260","23.530","24"
"23","198765","20220727031000","15","3","嘉義縣","竹崎鄉","120.580","23.520","24"
"184","198769","20220727031000","223","0","嘉義縣","番路鄉","120.555","23.465","170"
"543","198770","20220727031000","731","0","嘉義縣","番路鄉","120.560","23.465","578"
"242","198785","20220727031000","194","2","嘉義縣","番路鄉","120.505","23.455","227"
"108","198844","20220727031000","108","1","嘉義縣","番路鄉","120.620","23.480","110"
"28","198849","20220727031000","18","3","嘉義縣","番路鄉","120.625","23.485","16"
"75","198869","20220727031000","52","2","嘉義縣","番路鄉","120.540","23.460","75"
"231","198871","20220727031000","206","1","嘉義縣","番路鄉","120.550","23.460","238"
"122","198874","20220727031000","127","0","嘉義縣","番路鄉","120.540","23.465","109"
"15","198875","20220727031000","43","0","嘉義縣","番路鄉","120.535","23.470","11"
"191","198880","20220727031000","127","3","嘉義縣","番路鄉","120.600","23.455","189"
"157","198884","20220727031000","204","0","嘉義縣","番路鄉","120.595","23.460","165"
"58","198885","20220727031000","42","2","嘉義縣","番路鄉","120.600","23.460","56"
"12","198891","20220727031000","144","0","嘉義縣","番路鄉","120.530","23.475","10"
"623","198892","20220727031000","774","0","嘉義縣","番路鄉","120.535","23.475","636"
"92","198893","20220727031000","84","1","嘉義縣","番路鄉","120.510","23.480","110"
"30","198896","20220727031000","56","0","嘉義縣","番路鄉","120.525","23.480","25"
"290","198913","20220727031000","197","2","嘉義縣","竹崎鄉","120.685","23.460","295"
"131","198918","20220727031000","103","2","嘉義縣","竹崎鄉","120.695","23.475","118"
"35","198922","20220727031000","30","1","嘉義縣","竹崎鄉","120.700","23.480","38"
"36","198923","20220727031000","15","3","嘉義縣","竹崎鄉","120.705","23.480","24"
"66","198932","20220727031000","24","3","嘉義縣","竹崎鄉","120.705","23.485","46"
"142","198946","20220727031000","109","2","嘉義縣","竹崎鄉","120.695","23.500","153"
"190","198952","20220727031000","174","1","嘉義縣","竹崎鄉","120.695","23.505","181"
"22","198964","20220727031000","28","0","嘉義縣","竹崎鄉","120.660","23.505","23"
"140","198983","20220727031000","118","1","嘉義縣","竹崎鄉","120.635","23.520","130"
"81","199039","20220727031000","56","2","嘉義縣","竹崎鄉","120.650","23.470","91"
"148","199063","20220727031000","114","2","嘉義縣","竹崎鄉","120.680","23.480","162"
"538","199106","20220727031000","513","1","嘉義縣","竹崎鄉","120.570","23.485","470"
"258","199108","20220727031000","253","1","嘉義縣","竹崎鄉","120.555","23.485","283"
"36","199120","20220727031000","22","3","嘉義縣","竹崎鄉","120.540","23.515","28"
"1088","199122","20220727031000","1247","0","嘉義縣","竹崎鄉","120.550","23.515","1084"
"377","199146","20220727031000","461","0","嘉義縣","竹崎鄉","120.570","23.500","375"
"27","199161","20220727031000","385","0","嘉義縣","竹崎鄉","120.550","23.530","27"
"76","199213","20220727031000","47","3","嘉義縣","竹崎鄉","120.590","23.465","71"
"175","199237","20220727031000","150","1","嘉義縣","竹崎鄉","120.605","23.470","199"
"53","199241","20220727031000","51","1","嘉義縣","竹崎鄉","120.585","23.475","51"
"221","199248","20220727031000","185","1","嘉義縣","竹崎鄉","120.575","23.480","199"
"456","199280","20220727031000","406","1","嘉義縣","竹崎鄉","120.505","23.485","468"
"659","199288","20220727031000","765","0","嘉義縣","竹崎鄉","120.500","23.490","682"
"706","199291","20220727031000","567","2","嘉義縣","竹崎鄉","120.520","23.490","713"
"351","199297","20220727031000","438","0","嘉義縣","竹崎鄉","120.495","23.495","336"
"404","199306","20220727031000","276","2","嘉義縣","竹崎鄉","120.500","23.500","394"
"317","199313","20220727031000","297","1","嘉義縣","竹崎鄉","120.505","23.525","329"
"266","199322","20220727031000","284","0","嘉義縣","竹崎鄉","120.515","23.530","268"
"188","199330","20220727031000","225","0","嘉義縣","竹崎鄉","120.495","23.510","217"
"122","199332","20220727031000","91","2","嘉義縣","竹崎鄉","120.495","23.515","111"
"678","199353","20220727031000","738","0","嘉義縣","竹崎鄉","120.570","23.505","668"
"143","199358","20220727031000","130","1","嘉義縣","竹崎鄉","120.610","23.510","140"
"142","199367","20220727031000","151","0","嘉義縣","竹崎鄉","120.605","23.515","153"
"145","199379","20220727031000","55","3","嘉義縣","竹崎鄉","120.610","23.520","134"
"47","199459","20220727031000","56","0","嘉義縣","阿里山鄉","120.950","23.465","43"
"14","199523","20220727031000","11","2","嘉義縣","阿里山鄉","120.795","23.490","16"
"11","199541","20220727031000","10","1","嘉義縣","阿里山鄉","120.800","23.500","12"
"66","199552","20220727031000","37","3","嘉義縣","阿里山鄉","120.815","23.505","64"
"609","199555","20220727031000","560","1","嘉義縣","阿里山鄉","120.805","23.510","617"
"190","199603","20220727031000","155","2","嘉義縣","阿里山鄉","120.730","23.530","205"
"84","199642","20220727031000","99","0","嘉義縣","阿里山鄉","120.755","23.490","94"
"57","199653","20220727031000","40","2","嘉義縣","阿里山鄉","120.745","23.495","48"
"107","199699","20220727031000","55","3","嘉義縣","阿里山鄉","120.740","23.515","72"
"109","199719","20220727031000","66","3","嘉義縣","阿里山鄉","120.720","23.455","138"
"35","199725","20220727031000","38","0","嘉義縣","阿里山鄉","120.700","23.460","34"
"135","199742","20220727031000","125","1","嘉義縣","阿里山鄉","120.730","23.465","114"
"152","199744","20220727031000","64","3","嘉義縣","竹崎鄉","120.695","23.470","128"
"313","199745","20220727031000","333","0","嘉義縣","阿里山鄉","120.700","23.470","305"
"85","199748","20220727031000","57","2","嘉義縣","阿里山鄉","120.715","23.470","77"
"91","199760","20220727031000","73","2","嘉義縣","阿里山鄉","120.715","23.480","82"
"59","199769","20220727031000","36","3","嘉義縣","阿里山鄉","120.720","23.485","58"
"109","199777","20220727031000","126","0","嘉義縣","阿里山鄉","120.750","23.455","108"
"22","199798","20220727031000","15","2","嘉義縣","阿里山鄉","120.775","23.460","19"
"353","199875","20220727031000","212","3","嘉義縣","竹崎鄉","120.595","23.485","344"
"193","199886","20220727031000","115","3","嘉義縣","竹崎鄉","120.595","23.495","192"
"412","199897","20220727031000","389","1","嘉義縣","竹崎鄉","120.550","23.485","398"
"116","199900","20220727031000","238","0","嘉義縣","竹崎鄉","120.540","23.495","107"
"533","199903","20220727031000","680","0","嘉義縣","竹崎鄉","120.540","23.500","523"
"84","199909","20220727031000","65","2","嘉義縣","竹崎鄉","120.595","23.525","88"
"118","199920","20220727031000","112","1","嘉義縣","竹崎鄉","120.510","23.490","125"
"484","199938","20220727031000","562","0","嘉義縣","竹崎鄉","120.525","23.515","509"
"203","200367","20220727031000","342","0","澎湖縣","馬公市","119.550","23.535","193"
"67","201149","20220727031000","67","1","澎湖縣","馬公市","119.570","23.550","34"
"438","201150","20220727031000","198","3","澎湖縣","馬公市","119.575","23.550","367"
"139","201400","20220727031000","148","0","澎湖縣","馬公市","119.570","23.555","35"
"417","202108","20220727031000","529","0","澎湖縣","西嶼鄉","119.485","23.565","412"
"613","202121","20220727031000","508","2","澎湖縣","馬公市","119.565","23.565","586"
"171","202367","20220727031000","153","1","澎湖縣","馬公市","119.565","23.570","189"
"79","202600","20220727031000","58","2","澎湖縣","西嶼鄉","119.500","23.575","68"
"630","202858","20220727031000","946","0","澎湖縣","馬公市","119.575","23.580","633"
"103","203106","20220727031000","120","0","澎湖縣","馬公市","119.570","23.585","114"
"754","203108","20220727031000","492","3","澎湖縣","馬公市","119.580","23.585","673"
"181","203109","20220727031000","99","3","澎湖縣","馬公市","119.585","23.585","163"
"15","203624","20220727031000","11","2","澎湖縣","湖西鄉","119.670","23.595","20"
"29","203877","20220727031000","13","3","澎湖縣","湖西鄉","119.640","23.600","35"
"29","203940","20220727031000","33","0","澎湖縣","馬公市","119.570","23.560","41"
"629","203941","20220727031000","773","0","澎湖縣","馬公市","119.570","23.565","666"
"1480","203942","20220727031000","1804","0","澎湖縣","馬公市","119.570","23.570","1429"
"415","203945","20220727031000","313","2","澎湖縣","湖西鄉","119.615","23.570","347"
"35","203947","20220727031000","240","0","澎湖縣","湖西鄉","119.625","23.570","30"
"192","203951","20220727031000","234","0","澎湖縣","馬公市","119.600","23.555","171"
"34","203964","20220727031000","196","0","澎湖縣","湖西鄉","119.620","23.600","26"
"401","203989","20220727031000","251","3","澎湖縣","西嶼鄉","119.480","23.565","405"
"205","203992","20220727031000","194","1","澎湖縣","湖西鄉","119.615","23.595","226"
"96","203994","20220727031000","98","0","澎湖縣","湖西鄉","119.665","23.585","95"
"11","204001","20220727031000","11","1","澎湖縣","馬公市","119.590","23.550","15"
"1258","204013","20220727031000","1077","1","澎湖縣","馬公市","119.600","23.570","1242"
"105","204018","20220727031000","437","0","澎湖縣","馬公市","119.580","23.560","114"
"1571","204021","20220727031000","684","3","澎湖縣","馬公市","119.585","23.565","1697"
"1150","204022","20220727031000","500","3","澎湖縣","馬公市","119.590","23.565","1180"
"206","204025","20220727031000","163","2","澎湖縣","湖西鄉","119.630","23.565","188"
"116","204033","20220727031000","188","0","澎湖縣","湖西鄉","119.655","23.565","131"
"331","204042","20220727031000","308","1","澎湖縣","馬公市","119.545","23.540","336"
"231","204045","20220727031000","692","0","澎湖縣","湖西鄉","119.670","23.570","256"
"233","204049","20220727031000","303","0","澎湖縣","馬公市","119.575","23.570","242"
"703","204050","20220727031000","479","2","澎湖縣","馬公市","119.580","23.570","755"
"2540","204052","20220727031000","2793","0","澎湖縣","馬公市","119.575","23.575","2523"
"68","204053","20220727031000","586","0","澎湖縣","馬公市","119.580","23.575","66"
"660","204054","20220727031000","545","2","澎湖縣","馬公市","119.580","23.580","684"
"429","204067","20220727031000","279","3","澎湖縣","馬公市","119.615","23.555","420"
"77","204074","20220727031000","74","1","澎湖縣","湖西鄉","119.620","23.565","104"
"258","204075","20220727031000","301","0","澎湖縣","湖西鄉","119.650","23.570","237"
"460","204080","20220727031000","471","0","澎湖縣","湖西鄉","119.650","23.580","479"
"274","204087","20220727031000","178","3","澎湖縣","西嶼鄉","119.505","23.585","226"
"218","204092","20220727031000","345","0","澎湖縣","西嶼鄉","119.510","23.600","253"
"407","204107","20220727031000","235","3","澎湖縣","馬公市","119.560","23.560","284"
"529","204108","20220727031000","468","1","澎湖縣","馬公市","119.565","23.560","551"
"14","204109","20220727031000","28","0","澎湖縣","馬公市","119.595","23.550","13"
"30","204111","20220727031000","340","0","澎湖縣","馬公市","119.595","23.555","23"
"369","204113","20220727031000","227","3","澎湖縣","馬公市","119.605","23.535","340"
"71","204120","20220727031000","244","0","澎湖縣","馬公市","119.610","23.545","63"
"18","204123","20220727031000","17","1","澎湖縣","馬公市","119.615","23.550","21"
"68","204124","20220727031000","196","0","澎湖縣","馬公市","119.620","23.550","66"
"67","204136","20220727031000","141","0","澎湖縣","湖西鄉","119.640","23.580","63"
"259","204137","20220727031000","326","0","澎湖縣","湖西鄉","119.645","23.580","313"
"150","204161","20220727031000","124","2","澎湖縣","湖西鄉","119.640","23.555","151"
"22","204163","20220727031000","152","0","澎湖縣","湖西鄉","119.635","23.560","18"
"28","204174","20220727031000","397","0","澎湖縣","湖西鄉","119.615","23.590","22"
"116","204179","20220727031000","29","3","澎湖縣","湖西鄉","119.680","23.555","98"
"342","204185","20220727031000","330","1","澎湖縣","湖西鄉","119.670","23.565","326"
"1580","204189","20220727031000","717","3","澎湖縣","馬公市","119.575","23.565","1471"
"28","204191","20220727031000","744","0","澎湖縣","馬公市","119.585","23.555","49"
"505","204192","20220727031000","322","3","澎湖縣","馬公市","119.585","23.560","530"
"48","204194","20220727031000","477","0","澎湖縣","馬公市","119.595","23.560","48"
"985","204195","20220727031000","950","1","澎湖縣","馬公市","119.600","23.560","1012"
"72","204307","20220727031000","54","2","花蓮縣","瑞穗鄉","121.370","23.575","68"
"285","204313","20220727031000","215","2","花蓮縣","瑞穗鄉","121.375","23.575","282"
"187","204317","20220727031000","145","2","花蓮縣","瑞穗鄉","121.370","23.580","194"
"132","204319","20220727031000","100","2","花蓮縣","瑞穗鄉","121.380","23.580","119"
"47","204320","20220727031000","31","3","花蓮縣","萬榮鄉","121.355","23.585","55"
"135","204355","20220727031000","103","2","花蓮縣","瑞穗鄉","121.385","23.570","123"
"95","204381","20220727031000","67","2","花蓮縣","瑞穗鄉","121.385","23.580","104"
"54","204384","20220727031000","34","3","花蓮縣","瑞穗鄉","121.400","23.580","46"
"145","204421","20220727031000","113","2","花蓮縣","光復鄉","121.390","23.605","148"
"68","204446","20220727031000","38","3","花蓮縣","光復鄉","121.385","23.605","63"
"184","204758","20220727031000","145","2","花蓮縣","瑞穗鄉","121.375","23.540","183"
"40","205305","20220727031000","18","3","花蓮縣","豐濱鄉","121.525","23.575","51"
"115","205386","20220727031000","69","3","花蓮縣","豐濱鄉","121.525","23.595","110"
"227","205403","20220727031000","164","2","花蓮縣","豐濱鄉","121.520","23.600","229"
"66","205422","20220727031000","47","2","花蓮縣","豐濱鄉","121.530","23.605","62"
"28","205447","20220727031000","41","0","花蓮縣","光復鄉","121.420","23.605","27"
"313","205461","20220727031000","296","1","雲林縣","元長鄉","120.350","23.600","289"
"45","205475","20220727031000","53","0","嘉義縣","民雄鄉","120.400","23.555","38"
"461","205481","20220727031000","516","0","嘉義縣","民雄鄉","120.400","23.560","476"
"219","205482","20220727031000","160","2","嘉義縣","溪口鄉","120.405","23.560","215"
"725","205486","20220727031000","564","2","嘉義縣","民雄鄉","120.420","23.550","719"
"21","205488","20220727031000","31","0","嘉義縣","民雄鄉","120.425","23.555","17"
"460","205494","20220727031000","364","2","嘉義縣","民雄鄉","120.380","23.545","448"
"402","205501","20220727031000","364","1","嘉義縣","民雄鄉","120.445","23.560","366"
"390","205502","20220727031000","340","1","嘉義縣","民雄鄉","120.450","23.560","403"
"35","205523","20220727031000","48","0","嘉義縣","民雄鄉","120.450","23.570","31"
"559","205531","20220727031000","586","0","嘉義縣","民雄鄉","120.435","23.565","548"
"57","205537","20220727031000","153","0","嘉義縣","民雄鄉","120.435","23.535","60"
"178","205548","20220727031000","156","1","嘉義縣","六腳鄉","120.295","23.540","186"
"314","205557","20220727031000","252","2","嘉義縣","六腳鄉","120.300","23.550","306"
"77","205571","20220727031000","232","0","雲林縣","水林鄉","120.245","23.605","68"
"68","205579","20220727031000","36","3","雲林縣","水林鄉","120.220","23.595","69"
"14","205586","20220727031000","204","0","雲林縣","水林鄉","120.235","23.605","22"
"40","205593","20220727031000","422","0","嘉義縣","新港鄉","120.345","23.570","49"
"46","205600","20220727031000","355","0","嘉義縣","新港鄉","120.345","23.550","41"
"199","205605","20220727031000","150","2","嘉義縣","新港鄉","120.330","23.560","209"
"94","205606","20220727031000","65","2","嘉義縣","新港鄉","120.335","23.560","97"
"21","205615","20220727031000","137","0","嘉義縣","新港鄉","120.340","23.575","19"
"336","205623","20220727031000","270","2","雲林縣","元長鄉","120.335","23.610","322"
"156","205641","20220727031000","151","1","嘉義縣","新港鄉","120.350","23.590","155"
"27","205649","20220727031000","306","0","嘉義縣","新港鄉","120.315","23.550","28"
"83","205670","20220727031000","23","3","雲林縣","口湖鄉","120.170","23.605","74"
"471","206056","20220727031000","290","3","南投縣","信義鄉","120.925","23.560","463"
"519","206426","20220727031000","476","1","南投縣","信義鄉","120.895","23.595","474"
"13","206748","20220727031000","11","1","雲林縣","北港鎮","120.285","23.555","15"
"800","206759","20220727031000","910","0","嘉義縣","溪口鄉","120.400","23.605","786"
"506","206766","20220727031000","600","0","嘉義縣","民雄鄉","120.430","23.550","503"
"1050","206767","20220727031000","925","1","嘉義縣","民雄鄉","120.430","23.555","1026"
"712","206768","20220727031000","718","0","嘉義縣","民雄鄉","120.435","23.555","748"
"369","206781","20220727031000","273","2","雲林縣","北港鎮","120.325","23.585","370"
"70","206786","20220727031000","785","0","雲林縣","北港鎮","120.295","23.575","68"
"242","206789","20220727031000","273","0","雲林縣","北港鎮","120.300","23.580","234"
"614","206790","20220727031000","595","1","雲林縣","北港鎮","120.305","23.580","592"
"71","206794","20220727031000","48","2","雲林縣","北港鎮","120.310","23.585","59"
"80","206797","20220727031000","736","0","雲林縣","北港鎮","120.310","23.590","63"
"243","206815","20220727031000","221","1","嘉義縣","大林鎮","120.465","23.600","263"
"353","206822","20220727031000","230","3","嘉義縣","大林鎮","120.470","23.605","335"
"43","206825","20220727031000","481","0","嘉義縣","大林鎮","120.485","23.605","55"
"251","206830","20220727031000","272","0","嘉義縣","民雄鄉","120.445","23.545","242"
"21","206834","20220727031000","22","0","嘉義縣","民雄鄉","120.440","23.550","21"
"166","206837","20220727031000","145","1","嘉義縣","民雄鄉","120.455","23.550","189"
"289","206858","20220727031000","376","0","嘉義縣","民雄鄉","120.480","23.535","310"
"61","206869","20220727031000","88","0","嘉義縣","民雄鄉","120.500","23.540","72"
"18","206879","20220727031000","24","0","嘉義縣","民雄鄉","120.415","23.560","15"
"25","206882","20220727031000","26","0","嘉義縣","民雄鄉","120.410","23.565","26"
"340","206905","20220727031000","208","3","雲林縣","水林鄉","120.230","23.585","358"
"11","206936","20220727031000","79","0","雲林縣","水林鄉","120.265","23.605","128"
"934","206940","20220727031000","954","0","雲林縣","北港鎮","120.300","23.565","1009"
"370","206943","20220727031000","218","3","雲林縣","北港鎮","120.310","23.575","373"
"406","206964","20220727031000","309","2","嘉義縣","新港鄉","120.360","23.590","398"
"33","206982","20220727031000","415","0","嘉義縣","新港鄉","120.370","23.555","31"
"258","206991","20220727031000","535","0","嘉義縣","新港鄉","120.350","23.555","270"
"480","206992","20220727031000","379","2","嘉義縣","新港鄉","120.355","23.555","474"
"44","206994","20220727031000","727","0","嘉義縣","新港鄉","120.350","23.560","48"
"558","206997","20220727031000","480","1","嘉義縣","新港鄉","120.320","23.565","554"
"13","207025","20220727031000","147","0","嘉義縣","新港鄉","120.335","23.540","13"
"632","207038","20220727031000","516","2","嘉義縣","新港鄉","120.345","23.555","663"
"32","207039","20220727031000","26","2","嘉義縣","新港鄉","120.345","23.560","32"
"24","207051","20220727031000","277","0","嘉義縣","新港鄉","120.375","23.560","19"
"14","207166","20220727031000","25","0","南投縣","信義鄉","120.915","23.545","17"
"103","207170","20220727031000","97","1","南投縣","信義鄉","120.870","23.550","104"
"117","207172","20220727031000","95","2","南投縣","信義鄉","120.880","23.550","109"
"242","207208","20220727031000","175","2","南投縣","信義鄉","120.905","23.565","223"
"369","207242","20220727031000","283","2","南投縣","信義鄉","120.890","23.590","373"
"980","207256","20220727031000","984","0","雲林縣","北港鎮","120.305","23.565","1022"
"180","207266","20220727031000","146","2","嘉義縣","新港鄉","120.310","23.565","163"
"1900","207275","20220727031000","1485","2","雲林縣","北港鎮","120.290","23.575","1951"
"63","207299","20220727031000","49","2","嘉義縣","梅山鄉","120.600","23.560","68"
"114","207304","20220727031000","100","1","嘉義縣","梅山鄉","120.595","23.565","112"
"187","207305","20220727031000","209","0","嘉義縣","梅山鄉","120.605","23.565","189"
"96","207326","20220727031000","115","0","嘉義縣","梅山鄉","120.625","23.550","102"
"289","207338","20220727031000","365","0","嘉義縣","梅山鄉","120.580","23.545","301"
"777","207352","20220727031000","1013","0","嘉義縣","梅山鄉","120.555","23.585","752"
"678","207353","20220727031000","825","0","嘉義縣","梅山鄉","120.560","23.585","665"
"485","207356","20220727031000","387","2","嘉義縣","梅山鄉","120.550","23.590","492"
"394","207360","20220727031000","419","0","嘉義縣","大林鎮","120.450","23.605","369"
"29","207367","20220727031000","400","0","嘉義縣","大林鎮","120.525","23.595","25"
"109","207373","20220727031000","368","0","嘉義縣","大林鎮","120.500","23.605","104"
"807","207387","20220727031000","616","2","雲林縣","北港鎮","120.275","23.600","781"
"221","207403","20220727031000","223","0","雲林縣","北港鎮","120.325","23.595","228"
"453","207414","20220727031000","463","0","雲林縣","北港鎮","120.280","23.560","477"
"54","207432","20220727031000","229","0","雲林縣","口湖鄉","120.180","23.605","20"
"146","207435","20220727031000","173","0","雲林縣","古坑鄉","120.540","23.595","157"
"34","207462","20220727031000","109","0","雲林縣","古坑鄉","120.595","23.600","43"
"150","207463","20220727031000","114","2","雲林縣","古坑鄉","120.600","23.600","166"
"138","207465","20220727031000","103","2","雲林縣","古坑鄉","120.610","23.600","126"
"50","207467","20220727031000","20","3","雲林縣","古坑鄉","120.620","23.600","27"
"65","207494","20220727031000","40","3","雲林縣","古坑鄉","120.640","23.605","48"
"18","207498","20220727031000","106","0","雲林縣","古坑鄉","120.570","23.605","15"
"199","207505","20220727031000","253","0","嘉義縣","大林鎮","120.470","23.580","196"
"156","207507","20220727031000","372","0","嘉義縣","大林鎮","120.465","23.585","176"
"45","207511","20220727031000","52","0","嘉義縣","大林鎮","120.505","23.560","44"
"121","207523","20220727031000","357","0","嘉義縣","大林鎮","120.495","23.570","93"
"12","207536","20220727031000","43","0","嘉義縣","大林鎮","120.505","23.575","12"
"49","207556","20220727031000","453","0","嘉義縣","大林鎮","120.500","23.580","47"
"241","207564","20220727031000","227","1","嘉義縣","大林鎮","120.495","23.585","225"
"20","207576","20220727031000","257","0","嘉義縣","大林鎮","120.475","23.590","19"
"240","207578","20220727031000","304","0","嘉義縣","大林鎮","120.465","23.595","257"
"46","207585","20220727031000","24","3","嘉義縣","大林鎮","120.505","23.590","47"
"42","207592","20220727031000","505","0","嘉義縣","大林鎮","120.505","23.595","47"
"42","207596","20220727031000","32","2","嘉義縣","大林鎮","120.505","23.600","43"
"133","207602","20220727031000","168","0","嘉義縣","大林鎮","120.455","23.595","130"
"451","207604","20220727031000","726","0","嘉義縣","大林鎮","120.455","23.600","445"
"1159","207605","20220727031000","1330","0","嘉義縣","大林鎮","120.460","23.600","1158"
"152","207606","20220727031000","121","2","嘉義縣","大林鎮","120.460","23.605","138"
"215","207613","20220727031000","274","0","嘉義縣","大林鎮","120.445","23.610","219"
"27","207617","20220727031000","363","0","嘉義縣","大林鎮","120.445","23.595","19"
"1109","207626","20220727031000","1066","1","嘉義縣","大林鎮","120.455","23.605","1108"
"184","207628","20220727031000","1424","0","雲林縣","水林鄉","120.240","23.570","188"
"512","207634","20220727031000","435","1","雲林縣","水林鄉","120.250","23.575","495"
"18","207650","20220727031000","10","3","雲林縣","水林鄉","120.265","23.535","17"
"230","207670","20220727031000","157","2","嘉義縣","溪口鄉","120.395","23.600","221"
"80","207674","20220727031000","67","1","嘉義縣","梅山鄉","120.575","23.560","92"
"160","207675","20220727031000","208","0","嘉義縣","梅山鄉","120.580","23.560","160"
"538","207684","20220727031000","775","0","嘉義縣","梅山鄉","120.565","23.575","568"
"44","207691","20220727031000","44","1","嘉義縣","梅山鄉","120.580","23.580","33"
"88","207701","20220727031000","41","3","嘉義縣","梅山鄉","120.600","23.565","82"
"34","207703","20220727031000","83","0","嘉義縣","梅山鄉","120.580","23.570","39"
"267","207707","20220727031000","133","3","嘉義縣","梅山鄉","120.595","23.570","297"
"88","207721","20220727031000","70","2","嘉義縣","梅山鄉","120.600","23.575","92"
"379","207727","20220727031000","500","0","嘉義縣","梅山鄉","120.555","23.545","396"
"65","207736","20220727031000","74","0","嘉義縣","梅山鄉","120.545","23.555","62"
"73","207753","20220727031000","45","3","嘉義縣","梅山鄉","120.715","23.535","77"
"32","207756","20220727031000","36","0","嘉義縣","梅山鄉","120.730","23.535","32"
"239","207761","20220727031000","166","2","嘉義縣","梅山鄉","120.710","23.540","230"
"147","207793","20220727031000","106","2","嘉義縣","梅山鄉","120.740","23.555","146"
"166","207860","20220727031000","160","1","雲林縣","古坑鄉","120.695","23.580","164"
"88","207910","20220727031000","70","2","雲林縣","古坑鄉","120.690","23.595","103"
"69","207945","20220727031000","43","3","雲林縣","古坑鄉","120.710","23.605","55"
"20","207964","20220727031000","15","2","雲林縣","古坑鄉","120.585","23.595","21"
"218","207970","20220727031000","118","3","雲林縣","古坑鄉","120.590","23.585","217"
"138","207983","20220727031000","108","2","雲林縣","古坑鄉","120.595","23.595","141"
"95","207985","20220727031000","51","3","雲林縣","古坑鄉","120.585","23.600","80"
"425","207988","20220727031000","343","2","雲林縣","口湖鄉","120.165","23.535","424"
"587","208006","20220727031000","626","0","雲林縣","口湖鄉","120.185","23.585","610"
"59","208021","20220727031000","56","1","嘉義縣","梅山鄉","120.625","23.570","74"
"159","208025","20220727031000","126","2","嘉義縣","梅山鄉","120.625","23.575","149"
"268","208030","20220727031000","217","2","嘉義縣","新港鄉","120.310","23.570","206"
"38","208049","20220727031000","289","0","雲林縣","口湖鄉","120.160","23.560","383"
"121","208080","20220727031000","190","0","雲林縣","口湖鄉","120.150","23.580","40"
"95","208091","20220727031000","17","3","雲林縣","口湖鄉","120.140","23.585","87"
"320","208131","20220727031000","247","2","嘉義縣","民雄鄉","120.410","23.570","313"
"443","208146","20220727031000","468","0","雲林縣","大埤鄉","120.370","23.610","454"
"541","208152","20220727031000","531","1","嘉義縣","梅山鄉","120.560","23.580","526"
"203","208158","20220727031000","156","2","嘉義縣","梅山鄉","120.560","23.565","190"
"162","208165","20220727031000","239","0","嘉義縣","梅山鄉","120.555","23.575","186"
"94","208171","20220727031000","120","0","嘉義縣","梅山鄉","120.680","23.535","91"
"139","208176","20220727031000","175","0","嘉義縣","梅山鄉","120.665","23.540","134"
"122","208180","20220727031000","76","3","嘉義縣","梅山鄉","120.685","23.540","135"
"226","208200","20220727031000","232","0","嘉義縣","梅山鄉","120.665","23.550","216"
"48","208203","20220727031000","30","3","嘉義縣","梅山鄉","120.680","23.550","38"
"106","208265","20220727031000","94","1","嘉義縣","梅山鄉","120.530","23.580","116"
"252","208301","20220727031000","183","2","嘉義縣","梅山鄉","120.525","23.550","243"
"114","208303","20220727031000","158","0","嘉義縣","梅山鄉","120.535","23.550","130"
"408","208323","20220727031000","446","0","嘉義縣","民雄鄉","120.465","23.555","406"
"1096","208324","20220727031000","2027","0","嘉義縣","民雄鄉","120.470","23.555","1090"
"129","208325","20220727031000","129","1","嘉義縣","民雄鄉","120.475","23.555","108"
"18","208326","20220727031000","19","0","嘉義縣","民雄鄉","120.480","23.555","17"
"341","208328","20220727031000","869","0","嘉義縣","民雄鄉","120.470","23.560","328"
"341","208329","20220727031000","493","0","嘉義縣","民雄鄉","120.475","23.560","321"
"40","208332","20220727031000","103","0","嘉義縣","民雄鄉","120.475","23.565","32"
"135","208340","20220727031000","90","3","嘉義縣","民雄鄉","120.410","23.545","125"
"526","208347","20220727031000","397","2","嘉義縣","民雄鄉","120.400","23.535","554"
"44","208352","20220727031000","511","0","嘉義縣","民雄鄉","120.460","23.535","45"
"428","208357","20220727031000","350","2","嘉義縣","民雄鄉","120.460","23.545","456"
"1221","208359","20220727031000","1143","1","嘉義縣","民雄鄉","120.425","23.560","1183"
"32","208363","20220727031000","291","0","嘉義縣","民雄鄉","120.425","23.570","24"
"61","208371","20220727031000","146","0","嘉義縣","民雄鄉","120.430","23.575","62"
"306","208380","20220727031000","142","3","嘉義縣","民雄鄉","120.390","23.545","317"
"442","208390","20220727031000","387","1","嘉義縣","民雄鄉","120.420","23.540","487"
"99","208392","20220727031000","130","0","嘉義縣","民雄鄉","120.430","23.540","98"
"249","208407","20220727031000","162","3","雲林縣","口湖鄉","120.175","23.570","232"
"437","208415","20220727031000","312","2","雲林縣","口湖鄉","120.190","23.575","433"
"348","208452","20220727031000","410","0","嘉義縣","溪口鄉","120.430","23.585","343"
"30","208454","20220727031000","286","0","嘉義縣","溪口鄉","120.440","23.585","29"
"411","208468","20220727031000","509","0","嘉義縣","溪口鄉","120.385","23.595","451"
"206","208486","20220727031000","188","1","嘉義縣","溪口鄉","120.390","23.605","212"
"437","208497","20220727031000","475","0","嘉義縣","六腳鄉","120.300","23.560","421"
"417","208503","20220727031000","558","0","嘉義縣","六腳鄉","120.290","23.535","431"
"789","208508","20220727031000","431","3","雲林縣","口湖鄉","120.180","23.585","765"
"347","208528","20220727031000","240","2","雲林縣","口湖鄉","120.140","23.550","302"
"39","208546","20220727031000","321","0","雲林縣","口湖鄉","120.150","23.565","512"
"204","208554","20220727031000","175","1","雲林縣","水林鄉","120.270","23.565","199"
"1082","208568","20220727031000","857","2","雲林縣","口湖鄉","120.190","23.545","1113"
"320","208573","20220727031000","304","1","雲林縣","北港鎮","120.285","23.610","341"
"1155","208589","20220727031000","1297","0","雲林縣","北港鎮","120.300","23.570","1135"
"738","208590","20220727031000","762","0","雲林縣","北港鎮","120.300","23.575","758"
"48","208617","20220727031000","455","0","雲林縣","水林鄉","120.220","23.560","39"
"377","208629","20220727031000","262","2","雲林縣","水林鄉","120.205","23.575","365"
"11","208633","20220727031000","11","1","雲林縣","水林鄉","120.225","23.535","14"
"425","208638","20220727031000","315","2","雲林縣","水林鄉","120.230","23.540","432"
"89","208647","20220727031000","375","0","雲林縣","水林鄉","120.250","23.550","85"
"168","208695","20220727031000","120","2","嘉義縣","竹崎鄉","120.555","23.540","157"
"137","208704","20220727031000","93","2","嘉義縣","竹崎鄉","120.560","23.540","137"
"102","208793","20220727031000","65","3","嘉義縣","阿里山鄉","120.750","23.570","81"
"56","208821","20220727031000","48","1","嘉義縣","阿里山鄉","120.750","23.580","60"
"75","209129","20220727031000","109","0","澎湖縣","湖西鄉","119.625","23.605","87"
"163","209899","20220727031000","92","3","澎湖縣","白沙鄉","119.570","23.615","183"
"39","209905","20220727031000","218","0","澎湖縣","白沙鄉","119.605","23.615","39"
"85","210790","20220727031000","32","3","花蓮縣","豐濱鄉","121.535","23.635","75"
"66","210927","20220727031000","99","0","澎湖縣","西嶼鄉","119.530","23.635","60"
"177","210940","20220727031000","203","0","澎湖縣","白沙鄉","119.600","23.635","175"
"11","211725","20220727031000","10","1","澎湖縣","白沙鄉","119.630","23.650","25"
"363","212241","20220727031000","234","3","澎湖縣","白沙鄉","119.655","23.660","376"
"601","212745","20220727031000","437","2","澎湖縣","白沙鄉","119.595","23.665","570"
"11","213441","20220727031000","49","0","澎湖縣","白沙鄉","119.555","23.655","11"
"31","213442","20220727031000","18","3","澎湖縣","白沙鄉","119.555","23.660","56"
"31","213444","20220727031000","143","0","澎湖縣","白沙鄉","119.590","23.655","31"
"20","213447","20220727031000","19","1","澎湖縣","白沙鄉","119.600","23.650","22"
"252","213454","20220727031000","114","3","澎湖縣","白沙鄉","119.560","23.660","268"
"102","213465","20220727031000","111","0","澎湖縣","白沙鄉","119.595","23.650","111"
"123","213491","20220727031000","128","0","澎湖縣","西嶼鄉","119.510","23.615","130"
"132","213509","20220727031000","200","0","澎湖縣","西嶼鄉","119.515","23.630","140"
"82","213516","20220727031000","96","0","澎湖縣","西嶼鄉","119.515","23.650","83"
"401","213554","20220727031000","360","1","花蓮縣","光復鄉","121.430","23.675","404"
"89","213627","20220727031000","81","1","花蓮縣","光復鄉","121.420","23.660","96"
"347","213652","20220727031000","302","1","花蓮縣","光復鄉","121.420","23.670","327"
"89","213675","20220727031000","80","1","花蓮縣","光復鄉","121.415","23.680","84"
"91","213820","20220727031000","49","3","花蓮縣","光復鄉","121.430","23.635","90"
"15","213864","20220727031000","158","0","雲林縣","四湖鄉","120.185","23.650","15"
"75","214398","20220727031000","44","3","花蓮縣","豐濱鄉","121.540","23.655","78"
"33","214415","20220727031000","13","3","花蓮縣","豐濱鄉","121.545","23.670","20"
"86","214424","20220727031000","45","3","花蓮縣","豐濱鄉","121.530","23.680","51"
"38","214495","20220727031000","34","1","花蓮縣","豐濱鄉","121.485","23.640","40"
"21","214506","20220727031000","141","0","雲林縣","四湖鄉","120.180","23.650","13"
"49","214521","20220727031000","16","3","雲林縣","四湖鄉","120.185","23.660","46"
"253","214544","20220727031000","197","2","雲林縣","四湖鄉","120.275","23.650","229"
"51","214550","20220727031000","235","0","雲林縣","元長鄉","120.275","23.660","314"
"232","214565","20220727031000","179","2","雲林縣","四湖鄉","120.200","23.640","234"
"67","214566","20220727031000","115","0","雲林縣","四湖鄉","120.205","23.640","87"
"477","214578","20220727031000","359","2","雲林縣","四湖鄉","120.220","23.615","506"
"48","214580","20220727031000","182","0","雲林縣","四湖鄉","120.170","23.640","37"
"309","214640","20220727031000","162","3","花蓮縣","光復鄉","121.450","23.655","269"
"135","214665","20220727031000","132","1","花蓮縣","光復鄉","121.405","23.625","135"
"146","214678","20220727031000","111","2","花蓮縣","光復鄉","121.415","23.645","130"
"44","214691","20220727031000","25","3","花蓮縣","光復鄉","121.415","23.655","38"
"12","214697","20220727031000","10","2","花蓮縣","光復鄉","121.410","23.660","16"
"294","214701","20220727031000","198","2","花蓮縣","光復鄉","121.430","23.665","286"
"423","214703","20220727031000","385","1","花蓮縣","光復鄉","121.425","23.670","411"
"640","214705","20220727031000","492","2","花蓮縣","光復鄉","121.420","23.665","633"
"109","214706","20220727031000","92","1","花蓮縣","光復鄉","121.425","23.665","123"
"453","214707","20220727031000","373","2","花蓮縣","光復鄉","121.450","23.660","474"
"235","214728","20220727031000","152","3","雲林縣","元長鄉","120.315","23.675","223"
"11","214731","20220727031000","138","0","雲林縣","元長鄉","120.310","23.680","11"
"32","214762","20220727031000","32","1","雲林縣","元長鄉","120.285","23.640","40"
"305","214797","20220727031000","407","0","雲林縣","元長鄉","120.375","23.645","295"
"127","214824","20220727031000","118","1","雲林縣","東勢鄉","120.260","23.665","174"
"23","214826","20220727031000","254","0","雲林縣","東勢鄉","120.250","23.670","23"
"26","214842","20220727031000","236","0","雲林縣","四湖鄉","120.150","23.625","23"
"22","214846","20220727031000","111","0","雲林縣","口湖鄉","120.155","23.630","26"
"405","214854","20220727031000","337","2","雲林縣","斗南鎮","120.440","23.685","424"
"671","214857","20220727031000","549","2","雲林縣","斗南鎮","120.485","23.685","720"
"131","214861","20220727031000","81","3","雲林縣","斗南鎮","120.490","23.640","144"
"279","214868","20220727031000","320","0","雲林縣","斗南鎮","120.430","23.670","291"
"281","214876","20220727031000","174","3","雲林縣","斗南鎮","120.445","23.675","289"
"1361","214886","20220727031000","1317","1","雲林縣","斗南鎮","120.475","23.665","1362"
"22","214887","20220727031000","194","0","雲林縣","大埤鄉","120.455","23.670","21"
"427","214890","20220727031000","357","1","雲林縣","斗南鎮","120.470","23.670","424"
"1765","214891","20220727031000","1613","1","雲林縣","斗南鎮","120.475","23.670","1698"
"664","214896","20220727031000","606","1","雲林縣","斗南鎮","120.470","23.675","665"
"78","214922","20220727031000","71","1","南投縣","鹿谷鄉","120.790","23.670","84"
"85","214931","20220727031000","34","3","南投縣","鹿谷鄉","120.790","23.675","36"
"368","214932","20220727031000","181","3","南投縣","鹿谷鄉","120.800","23.670","293"
"249","214936","20220727031000","143","3","南投縣","鹿谷鄉","120.795","23.675","235"
"127","214937","20220727031000","57","3","南投縣","鹿谷鄉","120.800","23.675","124"
"288","214940","20220727031000","146","3","南投縣","鹿谷鄉","120.795","23.680","275"
"333","214967","20220727031000","456","0","雲林縣","斗南鎮","120.485","23.640","331"
"487","214975","20220727031000","383","2","雲林縣","斗南鎮","120.480","23.665","482"
"396","214978","20220727031000","206","3","雲林縣","斗南鎮","120.485","23.670","438"
"64","215001","20220727031000","419","0","雲林縣","土庫鎮","120.390","23.665","54"
"512","215006","20220727031000","488","1","雲林縣","土庫鎮","120.380","23.675","514"
"1022","215009","20220727031000","924","1","雲林縣","土庫鎮","120.390","23.680","1057"
"28","215011","20220727031000","91","0","雲林縣","土庫鎮","120.385","23.685","29"
"291","215012","20220727031000","312","0","雲林縣","土庫鎮","120.390","23.685","288"
"103","215013","20220727031000","162","0","雲林縣","土庫鎮","120.365","23.660","111"
"177","215017","20220727031000","226","0","雲林縣","土庫鎮","120.370","23.665","174"
"146","215022","20220727031000","148","0","雲林縣","土庫鎮","120.375","23.670","155"
"290","215044","20220727031000","218","2","雲林縣","元長鄉","120.335","23.615","286"
"314","215049","20220727031000","337","0","雲林縣","元長鄉","120.335","23.620","328"
"37","215072","20220727031000","47","0","雲林縣","元長鄉","120.350","23.615","44"
"241","215075","20220727031000","252","0","雲林縣","元長鄉","120.340","23.635","259"
"48","215100","20220727031000","280","0","雲林縣","元長鄉","120.330","23.660","41"
"755","215115","20220727031000","344","3","雲林縣","口湖鄉","120.165","23.615","754"
"266","215539","20220727031000","204","2","南投縣","信義鄉","120.865","23.625","276"
"70","215550","20220727031000","36","3","南投縣","信義鄉","120.895","23.630","68"
"98","215558","20220727031000","86","1","南投縣","信義鄉","120.880","23.635","103"
"178","215647","20220727031000","140","2","南投縣","信義鄉","120.860","23.665","172"
"69","215656","20220727031000","63","1","南投縣","信義鄉","120.855","23.670","69"
"330","216356","20220727031000","275","2","雲林縣","北港鎮","120.295","23.615","374"
"46","216361","20220727031000","45","1","雲林縣","斗南鎮","120.485","23.675","48"
"41","216367","20220727031000","40","1","雲林縣","斗南鎮","120.500","23.680","52"
"30","216370","20220727031000","333","0","雲林縣","斗南鎮","120.480","23.650","24"
"119","216372","20220727031000","111","1","雲林縣","斗南鎮","120.490","23.650","118"
"449","216377","20220727031000","380","1","雲林縣","斗南鎮","120.475","23.660","445"
"17","216386","20220727031000","14","2","雲林縣","元長鄉","120.335","23.630","20"
"216","216394","20220727031000","176","2","雲林縣","元長鄉","120.355","23.620","209"
"757","216409","20220727031000","655","1","雲林縣","元長鄉","120.360","23.640","756"
"71","216416","20220727031000","51","2","雲林縣","水林鄉","120.250","23.615","66"
"740","216421","20220727031000","455","3","雲林縣","斗南鎮","120.480","23.675","718"
"75","216424","20220727031000","42","3","雲林縣","斗南鎮","120.480","23.670","88"
"23","216438","20220727031000","20","1","雲林縣","斗六市","120.525","23.670","20"
"187","216439","20220727031000","132","2","雲林縣","斗六市","120.530","23.670","211"
"13","216451","20220727031000","23","0","雲林縣","斗六市","120.625","23.685","19"
"60","216459","20220727031000","240","0","雲林縣","土庫鎮","120.345","23.665","51"
"97","216478","20220727031000","77","2","雲林縣","水林鄉","120.260","23.620","102"
"148","216482","20220727031000","144","1","雲林縣","水林鄉","120.265","23.625","156"
"870","216488","20220727031000","555","3","雲林縣","斗南鎮","120.470","23.680","843"
"556","216489","20220727031000","469","1","雲林縣","斗南鎮","120.475","23.680","575"
"1097","216490","20220727031000","850","2","雲林縣","斗南鎮","120.480","23.680","1086"
"60","216498","20220727031000","165","0","雲林縣","斗南鎮","120.515","23.645","51"
"350","216500","20220727031000","218","3","雲林縣","斗南鎮","120.505","23.650","356"
"434","216517","20220727031000","325","2","雲林縣","古坑鄉","120.540","23.660","451"
"336","216519","20220727031000","253","2","雲林縣","斗六市","120.525","23.665","323"
"98","216526","20220727031000","183","0","雲林縣","斗南鎮","120.465","23.685","91"
"13","216534","20220727031000","169","0","雲林縣","斗南鎮","120.535","23.650","11"
"274","216543","20220727031000","225","2","雲林縣","斗南鎮","120.505","23.665","289"
"17","216544","20220727031000","131","0","雲林縣","斗南鎮","120.495","23.670","11"
"146","216579","20220727031000","101","2","雲林縣","土庫鎮","120.345","23.660","146"
"113","216583","20220727031000","993","0","雲林縣","土庫鎮","120.390","23.675","87"
"446","216589","20220727031000","368","2","雲林縣","土庫鎮","120.355","23.685","428"
"92","216593","20220727031000","90","1","雲林縣","北港鎮","120.270","23.615","89"
"57","216595","20220727031000","255","0","雲林縣","大埤鄉","120.465","23.635","39"
"20","216597","20220727031000","158","0","雲林縣","大埤鄉","120.465","23.640","17"
"46","216607","20220727031000","261","0","雲林縣","大埤鄉","120.450","23.650","41"
"64","216617","20220727031000","67","0","南投縣","信義鄉","120.810","23.665","60"
"193","216682","20220727031000","105","3","南投縣","信義鄉","120.865","23.640","195"
"22","216694","20220727031000","25","0","南投縣","信義鄉","120.875","23.660","31"
"29","216718","20220727031000","154","0","雲林縣","古坑鄉","120.565","23.625","22"
"71","216737","20220727031000","839","0","雲林縣","古坑鄉","120.565","23.640","67"
"27","216744","20220727031000","159","0","雲林縣","古坑鄉","120.575","23.645","16"
"12","216747","20220727031000","59","0","雲林縣","古坑鄉","120.585","23.645","12"
"33","216754","20220727031000","115","0","雲林縣","古坑鄉","120.550","23.610","34"
"15","216766","20220727031000","152","0","雲林縣","古坑鄉","120.540","23.620","18"
"13","216791","20220727031000","38","0","雲林縣","古坑鄉","120.605","23.670","15"
"20","216800","20220727031000","110","0","雲林縣","古坑鄉","120.590","23.685","18"
"343","216807","20220727031000","441","0","雲林縣","古坑鄉","120.565","23.645","345"
"31","216821","20220727031000","23","2","雲林縣","古坑鄉","120.605","23.655","24"
"247","216832","20220727031000","270","0","雲林縣","古坑鄉","120.575","23.675","242"
"125","216841","20220727031000","620","0","雲林縣","古坑鄉","120.570","23.685","93"
"251","216889","20220727031000","213","1","雲林縣","古坑鄉","120.600","23.685","242"
"24","216891","20220727031000","294","0","雲林縣","古坑鄉","120.610","23.685","23"
"339","216901","20220727031000","209","3","雲林縣","古坑鄉","120.635","23.615","341"
"45","216906","20220727031000","51","0","雲林縣","古坑鄉","120.640","23.620","54"
"47","216928","20220727031000","405","0","雲林縣","古坑鄉","120.560","23.670","34"
"29","216932","20220727031000","25","1","雲林縣","古坑鄉","120.570","23.610","35"
"53","216938","20220727031000","42","2","雲林縣","古坑鄉","120.575","23.615","43"
"161","216939","20220727031000","184","0","雲林縣","古坑鄉","120.580","23.615","177"
"80","216944","20220727031000","485","0","雲林縣","古坑鄉","120.560","23.620","82"
"33","216948","20220727031000","28","1","雲林縣","古坑鄉","120.580","23.620","45"
"213","216990","20220727031000","430","0","嘉義縣","大林鎮","120.470","23.620","220"
"18","217013","20220727031000","120","0","嘉義縣","大林鎮","120.500","23.625","13"
"32","217022","20220727031000","22","2","嘉義縣","大林鎮","120.490","23.615","25"
"13","217030","20220727031000","209","0","嘉義縣","大林鎮","120.420","23.615","13"
"350","217035","20220727031000","327","1","嘉義縣","大林鎮","120.435","23.620","347"
"28","217047","20220727031000","76","0","嘉義縣","大林鎮","120.460","23.620","33"
"60","217057","20220727031000","347","0","雲林縣","大埤鄉","120.395","23.625","64"
"42","217065","20220727031000","265","0","雲林縣","大埤鄉","120.380","23.620","37"
"26","217073","20220727031000","169","0","雲林縣","大埤鄉","120.425","23.665","25"
"33","217076","20220727031000","33","1","雲林縣","大埤鄉","120.415","23.665","32"
"40","217087","20220727031000","213","0","雲林縣","大埤鄉","120.470","23.655","37"
"67","217105","20220727031000","470","0","雲林縣","古坑鄉","120.555","23.625","56"
"97","217110","20220727031000","201","0","雲林縣","古坑鄉","120.555","23.630","93"
"14","217112","20220727031000","138","0","雲林縣","古坑鄉","120.550","23.640","13"
"15","217135","20220727031000","11","2","雲林縣","土庫鎮","120.395","23.680","19"
"35","217149","20220727031000","31","1","雲林縣","古坑鄉","120.710","23.610","52"
"24","217196","20220727031000","19","2","雲林縣","古坑鄉","120.590","23.650","28"
"37","217209","20220727031000","194","0","雲林縣","古坑鄉","120.575","23.665","41"
"779","217221","20220727031000","421","3","雲林縣","古坑鄉","120.560","23.650","762"
"91","217222","20220727031000","114","0","雲林縣","古坑鄉","120.560","23.655","93"
"18","217230","20220727031000","91","0","雲林縣","古坑鄉","120.515","23.625","13"
"47","217236","20220727031000","119","0","雲林縣","古坑鄉","120.525","23.630","44"
"17","217239","20220727031000","27","0","雲林縣","古坑鄉","120.520","23.635","22"
"54","217259","20220727031000","42","2","雲林縣","大埤鄉","120.420","23.625","48"
"32","217266","20220727031000","439","0","雲林縣","大埤鄉","120.420","23.635","24"
"396","217403","20220727031000","371","1","嘉義縣","溪口鄉","120.410","23.615","385"
"174","217423","20220727031000","97","3","雲林縣","大埤鄉","120.410","23.640","172"
"113","217432","20220727031000","749","0","雲林縣","大埤鄉","120.430","23.645","108"
"19","217442","20220727031000","162","0","雲林縣","大埤鄉","120.415","23.660","15"
"252","217449","20220727031000","122","3","雲林縣","東勢鄉","120.300","23.680","246"
"76","217458","20220727031000","318","0","雲林縣","東勢鄉","120.265","23.675","53"
"108","217463","20220727031000","376","0","雲林縣","東勢鄉","120.255","23.685","94"
"78","217467","20220727031000","701","0","雲林縣","東勢鄉","120.255","23.675","63"
"138","217468","20220727031000","75","3","雲林縣","東勢鄉","120.250","23.680","120"
"51","217492","20220727031000","204","0","雲林縣","四湖鄉","120.155","23.650","71"
"30","217497","20220727031000","174","0","雲林縣","四湖鄉","120.155","23.655","36"
"73","217526","20220727031000","83","0","雲林縣","元長鄉","120.320","23.615","71"
"20","217532","20220727031000","329","0","雲林縣","元長鄉","120.320","23.625","17"
"124","217546","20220727031000","70","3","雲林縣","四湖鄉","120.190","23.620","135"
"31","217550","20220727031000","97","0","雲林縣","四湖鄉","120.185","23.625","19"
"134","217561","20220727031000","589","0","雲林縣","四湖鄉","120.230","23.635","635"
"304","217585","20220727031000","328","0","雲林縣","斗六市","120.525","23.675","304"
"266","217589","20220727031000","189","2","雲林縣","斗六市","120.520","23.680","257"
"88","217593","20220727031000","521","0","雲林縣","斗六市","120.510","23.685","71"
"61","217594","20220727031000","250","0","雲林縣","斗六市","120.515","23.685","51"
"227","217597","20220727031000","123","3","雲林縣","斗南鎮","120.470","23.630","217"
"33","217604","20220727031000","13","3","雲林縣","斗南鎮","120.480","23.640","20"
"173","217605","20220727031000","19","3","雲林縣","四湖鄉","120.140","23.620","170"
"121","217610","20220727031000","63","3","雲林縣","四湖鄉","120.150","23.630","115"
"1170","217637","20220727031000","684","3","雲林縣","口湖鄉","120.160","23.610","1140"
"20","217641","20220727031000","200","0","雲林縣","元長鄉","120.310","23.615","25"
"518","217646","20220727031000","394","2","雲林縣","元長鄉","120.305","23.625","496"
"197","217654","20220727031000","155","2","雲林縣","元長鄉","120.325","23.655","199"
"264","217663","20220727031000","167","3","雲林縣","元長鄉","120.315","23.640","261"
"295","217673","20220727031000","1564","0","雲林縣","元長鄉","120.315","23.650","282"
"48","217674","20220727031000","98","0","雲林縣","元長鄉","120.300","23.655","51"
"116","217701","20220727031000","115","1","雲林縣","斗六市","120.560","23.675","119"
"12","217703","20220727031000","40","0","雲林縣","斗六市","120.555","23.680","12"
"376","217705","20220727031000","329","1","雲林縣","古坑鄉","120.565","23.680","369"
"17","217707","20220727031000","279","0","雲林縣","斗六市","120.550","23.685","17"
"121","217708","20220727031000","120","1","雲林縣","斗六市","120.555","23.685","142"
"126","217711","20220727031000","771","0","雲林縣","斗六市","120.540","23.675","109"
"27","217712","20220727031000","141","0","雲林縣","斗六市","120.545","23.675","25"
"948","217716","20220727031000","752","2","雲林縣","斗六市","120.545","23.680","912"
"457","217718","20220727031000","529","0","雲林縣","斗六市","120.540","23.685","459"
"41","217728","20220727031000","348","0","雲林縣","大埤鄉","120.450","23.665","38"
"304","217747","20220727031000","206","2","雲林縣","四湖鄉","120.220","23.635","281"
"58","217753","20220727031000","420","0","雲林縣","四湖鄉","120.225","23.645","589"
"53","217774","20220727031000","405","0","雲林縣","四湖鄉","120.175","23.680","44"
"241","217781","20220727031000","164","2","雲林縣","口湖鄉","120.200","23.615","224"
"194","217799","20220727031000","142","2","雲林縣","四湖鄉","120.215","23.635","164"
"671","217801","20220727031000","460","2","雲林縣","四湖鄉","120.225","23.635","571"
"52","217817","20220727031000","144","0","雲林縣","虎尾鎮","120.405","23.680","60"
"29","217819","20220727031000","95","0","雲林縣","虎尾鎮","120.415","23.680","31"
"361","217821","20220727031000","333","1","雲林縣","虎尾鎮","120.410","23.685","377"
"88","217830","20220727031000","71","2","南投縣","竹山鎮","120.660","23.670","95"
"85","217842","20220727031000","568","0","雲林縣","大埤鄉","120.450","23.630","91"
"23","217845","20220727031000","244","0","雲林縣","大埤鄉","120.465","23.630","34"
"37","217877","20220727031000","171","0","雲林縣","大埤鄉","120.395","23.650","34"
"266","217883","20220727031000","176","3","雲林縣","大埤鄉","120.400","23.655","299"
"29","217899","20220727031000","144","0","南投縣","竹山鎮","120.670","23.670","24"
"209","218047","20220727031000","128","3","南投縣","竹山鎮","120.795","23.630","211"
"34","218070","20220727031000","18","3","南投縣","竹山鎮","120.795","23.635","31"
"315","218092","20220727031000","169","3","南投縣","竹山鎮","120.790","23.640","272"
"77","218153","20220727031000","129","0","南投縣","竹山鎮","120.765","23.655","93"
"50","218168","20220727031000","35","2","南投縣","竹山鎮","120.745","23.660","55"
"180","218218","20220727031000","314","0","南投縣","竹山鎮","120.760","23.675","201"
"75","218283","20220727031000","104","0","南投縣","竹山鎮","120.655","23.645","76"
"131","218348","20220727031000","93","2","南投縣","竹山鎮","120.665","23.650","134"
"148","218364","20220727031000","110","2","南投縣","竹山鎮","120.665","23.660","145"
"478","218380","20220727031000","281","3","雲林縣","台西鄉","120.210","23.675","476"
"19","218386","20220727031000","158","0","雲林縣","台西鄉","120.225","23.680","13"
"41","218399","20220727031000","286","0","雲林縣","台西鄉","120.180","23.680","42"
"50","218413","20220727031000","190","0","雲林縣","台西鄉","120.210","23.665","45"
"43","219194","20220727031000","34","2","花蓮縣","豐濱鄉","121.555","23.695","46"
"390","222539","20220727031000","326","1","澎湖縣","白沙鄉","119.610","23.750","425"
"118","223443","20220727031000","50","3","澎湖縣","白沙鄉","119.610","23.745","131"
"683","223474","20220727031000","408","3","花蓮縣","鳳林鎮","121.445","23.745","556"
"99","223481","20220727031000","51","3","花蓮縣","鳳林鎮","121.445","23.750","103"
"113","223503","20220727031000","111","1","花蓮縣","光復鄉","121.410","23.685","116"
"12","223515","20220727031000","11","1","花蓮縣","光復鄉","121.485","23.690","14"
"338","223610","20220727031000","333","1","雲林縣","二崙鄉","120.420","23.755","327"
"18","223616","20220727031000","46","0","雲林縣","二崙鄉","120.425","23.755","15"
"133","223971","20220727031000","80","3","花蓮縣","鳳林鎮","121.455","23.745","122"
"261","223986","20220727031000","191","2","花蓮縣","鳳林鎮","121.465","23.755","249"
"208","224005","20220727031000","139","2","花蓮縣","鳳林鎮","121.505","23.710","202"
"82","224077","20220727031000","43","3","花蓮縣","鳳林鎮","121.500","23.760","76"
"39","224149","20220727031000","27","2","花蓮縣","鳳林鎮","121.410","23.700","34"
"321","224179","20220727031000","451","0","花蓮縣","鳳林鎮","121.420","23.710","329"
"20","224210","20220727031000","19","1","花蓮縣","萬榮鄉","121.395","23.715","20"
"49","224212","20220727031000","63","0","花蓮縣","萬榮鄉","121.405","23.715","48"
"560","224231","20220727031000","356","3","花蓮縣","鳳林鎮","121.450","23.750","555"
"296","224245","20220727031000","213","2","花蓮縣","鳳林鎮","121.440","23.725","288"
"874","224262","20220727031000","828","1","花蓮縣","鳳林鎮","121.450","23.745","857"
"419","224270","20220727031000","376","1","雲林縣","土庫鎮","120.365","23.705","410"
"36","224272","20220727031000","211","0","雲林縣","土庫鎮","120.365","23.710","43"
"14","224301","20220727031000","85","0","雲林縣","二崙鄉","120.410","23.750","11"
"431","224303","20220727031000","385","1","雲林縣","二崙鄉","120.410","23.755","434"
"277","224441","20220727031000","46","3","花蓮縣","萬榮鄉","121.400","23.705","223"
"209","224591","20220727031000","184","1","花蓮縣","鳳林鎮","121.450","23.760","193"
"47","224688","20220727031000","30","3","花蓮縣","豐濱鄉","121.560","23.730","50"
"28","224707","20220727031000","150","0","雲林縣","二崙鄉","120.395","23.750","25"
"18","224725","20220727031000","66","0","雲林縣","元長鄉","120.330","23.690","20"
"312","224731","20220727031000","282","1","雲林縣","斗六市","120.565","23.730","318"
"803","224732","20220727031000","613","2","雲林縣","斗六市","120.555","23.735","757"
"14","224733","20220727031000","12","1","雲林縣","斗六市","120.560","23.735","14"
"510","224734","20220727031000","311","3","雲林縣","斗六市","120.565","23.735","494"
"335","224735","20220727031000","241","2","雲林縣","斗六市","120.550","23.740","292"
"84","224737","20220727031000","85","0","雲林縣","斗六市","120.560","23.740","81"
"217","224742","20220727031000","213","1","雲林縣","斗六市","120.560","23.745","239"
"491","224761","20220727031000","416","1","雲林縣","褒忠鄉","120.280","23.705","471"
"286","224763","20220727031000","226","2","雲林縣","東勢鄉","120.270","23.710","321"
"155","224805","20220727031000","106","2","雲林縣","東勢鄉","120.255","23.735","142"
"238","224806","20220727031000","187","2","雲林縣","斗南鎮","120.485","23.690","245"
"282","224834","20220727031000","166","3","南投縣","鹿谷鄉","120.795","23.690","222"
"120","224863","20220727031000","100","2","南投縣","鹿谷鄉","120.780","23.720","107"
"251","224872","20220727031000","156","3","南投縣","鹿谷鄉","120.745","23.760","209"
"61","224873","20220727031000","54","1","南投縣","鹿谷鄉","120.725","23.765","60"
"229","224875","20220727031000","227","1","南投縣","鹿谷鄉","120.735","23.765","236"
"348","224896","20220727031000","251","2","南投縣","鹿谷鄉","120.780","23.705","363"
"17","224917","20220727031000","137","0","雲林縣","土庫鎮","120.365","23.730","11"
"218","224920","20220727031000","194","1","雲林縣","土庫鎮","120.385","23.690","216"
"408","224923","20220727031000","243","3","雲林縣","土庫鎮","120.390","23.695","394"
"35","224936","20220727031000","274","0","南投縣","鹿谷鄉","120.770","23.730","55"
"265","224950","20220727031000","287","0","南投縣","鹿谷鄉","120.760","23.740","254"
"445","224951","20220727031000","371","1","南投縣","鹿谷鄉","120.765","23.740","426"
"253","224973","20220727031000","810","0","南投縣","鹿谷鄉","120.775","23.750","254"
"353","225062","20220727031000","316","1","南投縣","鹿谷鄉","120.755","23.725","342"
"15","225085","20220727031000","13","1","南投縣","鹿谷鄉","120.740","23.730","13"
"47","225138","20220727031000","54","0","南投縣","鹿谷鄉","120.820","23.720","46"
"435","225159","20220727031000","445","0","南投縣","鹿谷鄉","120.790","23.730","448"
"286","225192","20220727031000","283","1","南投縣","鹿谷鄉","120.755","23.745","285"
"681","225195","20220727031000","454","3","南投縣","鹿谷鄉","120.755","23.750","671"
"133","225196","20220727031000","131","1","南投縣","鹿谷鄉","120.745","23.755","135"
"605","225206","20220727031000","590","1","雲林縣","麥寮鄉","120.185","23.760","639"
"63","225208","20220727031000","59","1","雲林縣","麥寮鄉","120.175","23.765","45"
"812","225215","20220727031000","824","0","雲林縣","斗六市","120.575","23.725","822"
"179","225247","20220727031000","132","2","南投縣","信義鄉","120.850","23.695","177"
"211","225254","20220727031000","158","2","南投縣","信義鄉","120.885","23.695","210"
"144","225259","20220727031000","130","1","南投縣","信義鄉","120.850","23.700","150"
"228","225307","20220727031000","176","2","南投縣","信義鄉","120.850","23.685","228"
"129","225309","20220727031000","131","0","南投縣","信義鄉","120.850","23.690","132"
"198","225972","20220727031000","156","2","雲林縣","斗南鎮","120.500","23.690","196"
"591","225977","20220727031000","463","2","雲林縣","斗南鎮","120.480","23.700","511"
"209","225978","20220727031000","186","1","雲林縣","斗南鎮","120.485","23.700","210"
"416","225980","20220727031000","423","0","雲林縣","斗南鎮","120.495","23.700","305"
"34","225991","20220727031000","164","0","雲林縣","斗六市","120.500","23.710","29"
"220","226020","20220727031000","162","2","南投縣","水里鄉","120.855","23.730","215"
"2628","226032","20220727031000","976","3","雲林縣","斗六市","120.535","23.700","1771"
"2197","226033","20220727031000","618","3","雲林縣","斗六市","120.540","23.705","2164"
"1003","226034","20220727031000","913","1","雲林縣","斗六市","120.555","23.710","1049"
"1238","226037","20220727031000","1190","1","雲林縣","斗六市","120.555","23.715","1190"
"1546","226039","20220727031000","985","3","雲林縣","斗六市","120.525","23.695","1529"
"1793","226040","20220727031000","902","3","雲林縣","斗六市","120.530","23.695","1765"
"121","226041","20220727031000","89","2","雲林縣","斗六市","120.530","23.700","161"
"3199","226042","20220727031000","1566","3","雲林縣","斗六市","120.535","23.705","3099"
"74","226047","20220727031000","67","1","雲林縣","斗六市","120.560","23.725","79"
"362","226050","20220727031000","404","0","雲林縣","斗六市","120.530","23.730","355"
"82","226056","20220727031000","332","0","雲林縣","斗六市","120.530","23.735","67"
"12","226057","20220727031000","20","0","雲林縣","斗六市","120.535","23.735","16"
"201","226058","20220727031000","186","1","雲林縣","斗六市","120.540","23.735","189"
"406","226062","20220727031000","272","2","雲林縣","斗六市","120.540","23.740","428"
"12","226065","20220727031000","10","2","雲林縣","斗六市","120.505","23.690","13"
"42","226070","20220727031000","29","2","雲林縣","斗六市","120.505","23.700","33"
"292","226075","20220727031000","301","0","雲林縣","斗六市","120.510","23.705","294"
"761","226079","20220727031000","760","1","雲林縣","斗六市","120.525","23.690","766"
"384","226080","20220727031000","826","0","雲林縣","斗六市","120.530","23.690","331"
"516","226081","20220727031000","575","0","雲林縣","斗六市","120.535","23.690","519"
"682","226083","20220727031000","495","2","雲林縣","斗六市","120.595","23.710","680"
"15","226086","20220727031000","75","0","雲林縣","斗六市","120.590","23.715","23"
"267","226091","20220727031000","212","2","雲林縣","斗六市","120.595","23.715","236"
"27","226098","20220727031000","22","2","雲林縣","斗六市","120.625","23.695","26"
"172","226124","20220727031000","150","1","雲林縣","斗六市","120.600","23.715","175"
"13","226125","20220727031000","15","0","雲林縣","斗六市","120.610","23.715","12"
"21","226131","20220727031000","48","0","雲林縣","斗六市","120.605","23.715","20"
"2950","226137","20220727031000","1369","3","雲林縣","斗六市","120.540","23.700","2979"
"126","226143","20220727031000","116","1","雲林縣","斗六市","120.505","23.715","131"
"525","226146","20220727031000","458","1","雲林縣","斗六市","120.525","23.715","536"
"455","226149","20220727031000","346","2","雲林縣","斗六市","120.505","23.720","457"
"91","226151","20220727031000","89","1","雲林縣","斗六市","120.515","23.720","85"
"700","226153","20220727031000","605","1","雲林縣","斗六市","120.525","23.720","669"
"589","226159","20220727031000","510","1","雲林縣","斗六市","120.520","23.725","580"
"121","226168","20220727031000","913","0","雲林縣","土庫鎮","120.355","23.705","112"
"25","226173","20220727031000","177","0","雲林縣","斗南鎮","120.475","23.690","21"
"253","226174","20220727031000","181","2","雲林縣","斗南鎮","120.480","23.690","248"
"267","226175","20220727031000","206","2","雲林縣","斗南鎮","120.465","23.695","236"
"12","226182","20220727031000","132","0","雲林縣","崙背鄉","120.345","23.755","12"
"46","226190","20220727031000","385","0","雲林縣","崙背鄉","120.305","23.755","49"
"200","226206","20220727031000","137","2","雲林縣","土庫鎮","120.345","23.695","199"
"45","226232","20220727031000","329","0","南投縣","水里鄉","120.845","23.745","47"
"57","226253","20220727031000","49","1","南投縣","水里鄉","120.855","23.765","58"
"12","226258","20220727031000","31","0","雲林縣","虎尾鎮","120.460","23.700","12"
"521","226259","20220727031000","432","2","雲林縣","虎尾鎮","120.445","23.705","500"
"390","226261","20220727031000","361","1","雲林縣","虎尾鎮","120.455","23.705","395"
"1193","226263","20220727031000","1131","1","雲林縣","虎尾鎮","120.450","23.710","1220"
"458","226265","20220727031000","239","3","雲林縣","虎尾鎮","120.445","23.710","469"
"421","226266","20220727031000","409","1","雲林縣","虎尾鎮","120.450","23.715","438"
"304","226267","20220727031000","176","3","雲林縣","虎尾鎮","120.415","23.715","283"
"667","226268","20220727031000","463","2","雲林縣","虎尾鎮","120.420","23.715","656"
"374","226277","20220727031000","296","2","雲林縣","虎尾鎮","120.420","23.725","368"
"694","226286","20220727031000","571","2","雲林縣","虎尾鎮","120.425","23.735","748"
"256","226287","20220727031000","347","0","雲林縣","虎尾鎮","120.415","23.740","290"
"284","226291","20220727031000","248","1","雲林縣","斗六市","120.575","23.715","261"
"337","226293","20220727031000","381","0","雲林縣","斗六市","120.580","23.720","326"
"632","226294","20220727031000","603","1","雲林縣","斗六市","120.585","23.720","627"
"291","226298","20220727031000","290","1","雲林縣","斗六市","120.585","23.725","308"
"22","226299","20220727031000","141","0","雲林縣","斗六市","120.590","23.725","31"
"89","226300","20220727031000","85","1","雲林縣","斗六市","120.595","23.725","105"
"453","226302","20220727031000","250","3","雲林縣","斗六市","120.590","23.730","435"
"69","226669","20220727031000","449","0","雲林縣","崙背鄉","120.380","23.750","59"
"341","226678","20220727031000","172","3","雲林縣","崙背鄉","120.375","23.760","360"
"473","226684","20220727031000","359","2","雲林縣","斗六市","120.560","23.695","467"
"164","226686","20220727031000","120","2","雲林縣","斗六市","120.555","23.700","153"
"350","226687","20220727031000","210","3","雲林縣","斗六市","120.560","23.700","366"
"321","226689","20220727031000","249","2","雲林縣","斗六市","120.560","23.705","318"
"517","226695","20220727031000","556","0","雲林縣","斗六市","120.575","23.700","531"
"43","226701","20220727031000","273","0","雲林縣","斗六市","120.605","23.700","39"
"19","226707","20220727031000","16","1","雲林縣","斗六市","120.600","23.705","18"
"878","226714","20220727031000","411","3","雲林縣","虎尾鎮","120.430","23.715","839"
"316","226715","20220727031000","410","0","雲林縣","虎尾鎮","120.440","23.715","326"
"35","226718","20220727031000","85","0","雲林縣","斗六市","120.570","23.690","34"
"112","226726","20220727031000","88","2","雲林縣","古坑鄉","120.605","23.695","111"
"190","226731","20220727031000","182","1","雲林縣","虎尾鎮","120.400","23.715","194"
"58","226733","20220727031000","365","0","雲林縣","虎尾鎮","120.410","23.715","52"
"465","226737","20220727031000","503","0","雲林縣","虎尾鎮","120.445","23.715","476"
"113","226738","20220727031000","82","2","雲林縣","虎尾鎮","120.445","23.720","119"
"570","226739","20220727031000","532","1","雲林縣","虎尾鎮","120.450","23.720","567"
"524","226749","20220727031000","355","2","雲林縣","東勢鄉","120.250","23.715","547"
"513","226761","20220727031000","325","3","雲林縣","莿桐鄉","120.500","23.750","502"
"391","226763","20220727031000","225","3","雲林縣","莿桐鄉","120.510","23.750","361"
"77","226767","20220727031000","839","0","雲林縣","莿桐鄉","120.500","23.760","72"
"38","226768","20220727031000","440","0","雲林縣","莿桐鄉","120.505","23.760","39"
"16","226770","20220727031000","23","0","雲林縣","莿桐鄉","120.500","23.765","26"
"313","226788","20220727031000","280","1","雲林縣","虎尾鎮","120.405","23.700","326"
"421","226802","20220727031000","345","2","雲林縣","虎尾鎮","120.460","23.710","401"
"57","226804","20220727031000","50","1","雲林縣","虎尾鎮","120.470","23.710","52"
"479","226807","20220727031000","487","0","雲林縣","虎尾鎮","120.470","23.715","475"
"239","226810","20220727031000","167","2","雲林縣","虎尾鎮","120.460","23.715","225"
"236","226820","20220727031000","168","2","雲林縣","東勢鄉","120.245","23.690","238"
"20","226824","20220727031000","43","0","雲林縣","斗六市","120.600","23.725","20"
"157","226828","20220727031000","153","1","雲林縣","林內鄉","120.595","23.735","148"
"80","226841","20220727031000","650","0","雲林縣","林內鄉","120.595","23.750","65"
"25","226857","20220727031000","221","0","雲林縣","林內鄉","120.635","23.755","14"
"841","226870","20220727031000","788","1","雲林縣","林內鄉","120.610","23.755","816"
"430","226877","20220727031000","351","2","雲林縣","林內鄉","120.615","23.765","388"
"57","226880","20220727031000","554","0","雲林縣","林內鄉","120.620","23.765","54"
"409","226886","20220727031000","379","1","雲林縣","林內鄉","120.615","23.760","435"
"14","226903","20220727031000","76","0","雲林縣","林內鄉","120.620","23.745","11"
"14","226920","20220727031000","45","0","雲林縣","林內鄉","120.625","23.720","18"
"184","226924","20220727031000","174","1","雲林縣","林內鄉","120.610","23.725","172"
"52","226957","20220727031000","160","0","雲林縣","林內鄉","120.590","23.760","47"
"1595","226964","20220727031000","1966","0","雲林縣","斗六市","120.555","23.705","1547"
"1312","226965","20220727031000","860","3","雲林縣","斗六市","120.530","23.715","1347"
"610","226966","20220727031000","376","3","雲林縣","斗六市","120.535","23.710","603"
"1276","226967","20220727031000","1192","1","雲林縣","斗六市","120.535","23.715","1346"
"105","227221","20220727031000","35","3","雲林縣","斗六市","120.545","23.720","105"
"163","227224","20220727031000","232","0","雲林縣","斗六市","120.540","23.725","195"
"42","227240","20220727031000","185","0","雲林縣","東勢鄉","120.270","23.705","35"
"34","227244","20220727031000","205","0","雲林縣","東勢鄉","120.285","23.690","26"
"39","227262","20220727031000","243","0","雲林縣","東勢鄉","120.250","23.705","262"
"110","227268","20220727031000","77","2","雲林縣","西螺鎮","120.460","23.760","89"
"1375","227273","20220727031000","790","3","雲林縣","斗六市","120.545","23.715","1314"
"100","227274","20220727031000","100","1","雲林縣","斗六市","120.565","23.710","101"
"830","227276","20220727031000","735","1","雲林縣","斗六市","120.565","23.715","816"
"194","227279","20220727031000","222","0","雲林縣","斗六市","120.560","23.715","215"
"452","227280","20220727031000","365","2","雲林縣","斗六市","120.565","23.720","483"
"52","227287","20220727031000","379","0","雲林縣","土庫鎮","120.345","23.705","47"
"225","227301","20220727031000","117","3","雲林縣","斗六市","120.520","23.695","198"
"22","227302","20220727031000","31","0","雲林縣","斗六市","120.520","23.700","21"
"365","227303","20220727031000","410","0","雲林縣","斗六市","120.525","23.700","374"
"14","227305","20220727031000","64","0","雲林縣","斗六市","120.525","23.705","16"
"61","227306","20220727031000","1316","0","雲林縣","斗六市","120.530","23.705","54"
"24","227309","20220727031000","50","0","雲林縣","斗六市","120.525","23.710","23"
"221","227316","20220727031000","180","2","雲林縣","斗六市","120.515","23.715","221"
"37","227320","20220727031000","150","0","雲林縣","斗六市","120.565","23.695","39"
"798","227328","20220727031000","1047","0","雲林縣","斗六市","120.540","23.710","756"
"1038","227329","20220727031000","786","2","雲林縣","斗六市","120.540","23.715","1051"
"960","227330","20220727031000","943","1","雲林縣","斗六市","120.550","23.715","973"
"15","227339","20220727031000","218","0","雲林縣","斗六市","120.565","23.750","19"
"1969","227348","20220727031000","1746","1","雲林縣","斗六市","120.545","23.710","1836"
"575","227349","20220727031000","759","0","雲林縣","斗六市","120.540","23.690","561"
"154","227350","20220727031000","904","0","雲林縣","斗六市","120.550","23.710","153"
"318","227351","20220727031000","141","3","雲林縣","崙背鄉","120.360","23.755","291"
"69","227355","20220727031000","319","0","雲林縣","崙背鄉","120.370","23.755","60"
"764","227359","20220727031000","1000","0","雲林縣","崙背鄉","120.350","23.760","784"
"177","227365","20220727031000","170","1","雲林縣","崙背鄉","120.330","23.750","185"
"442","227373","20220727031000","241","3","雲林縣","崙背鄉","120.315","23.755","459"
"17","227383","20220727031000","171","0","雲林縣","崙背鄉","120.335","23.760","25"
"159","227395","20220727031000","208","0","雲林縣","西螺鎮","120.435","23.755","161"
"121","227444","20220727031000","476","0","雲林縣","台西鄉","120.200","23.715","111"
"94","227446","20220727031000","81","1","雲林縣","台西鄉","120.210","23.715","97"
"151","227476","20220727031000","1310","0","雲林縣","台西鄉","120.200","23.700","121"
"363","227502","20220727031000","924","0","南投縣","竹山鎮","120.695","23.760","342"
"256","227503","20220727031000","300","0","南投縣","竹山鎮","120.685","23.765","240"
"56","227504","20220727031000","75","0","南投縣","竹山鎮","120.690","23.765","51"
"329","227505","20220727031000","277","1","南投縣","竹山鎮","120.695","23.765","314"
"41","227537","20220727031000","105","0","南投縣","竹山鎮","120.725","23.755","41"
"23","227540","20220727031000","73","0","南投縣","竹山鎮","120.710","23.760","24"
"167","227544","20220727031000","191","0","雲林縣","莿桐鄉","120.525","23.735","164"
"37","227559","20220727031000","357","0","雲林縣","莿桐鄉","120.505","23.730","34"
"21","227564","20220727031000","270","0","雲林縣","莿桐鄉","120.515","23.735","29"
"50","227570","20220727031000","429","0","雲林縣","莿桐鄉","120.515","23.740","37"
"14","227577","20220727031000","113","0","雲林縣","莿桐鄉","120.490","23.760","19"
"461","227581","20220727031000","392","1","雲林縣","虎尾鎮","120.435","23.720","458"
"163","227585","20220727031000","99","3","雲林縣","虎尾鎮","120.435","23.735","163"
"588","227588","20220727031000","344","3","雲林縣","虎尾鎮","120.435","23.690","588"
"429","227593","20220727031000","412","1","雲林縣","虎尾鎮","120.435","23.695","406"
"44","227603","20220727031000","446","0","雲林縣","土庫鎮","120.375","23.705","56"
"267","227604","20220727031000","193","2","雲林縣","虎尾鎮","120.380","23.705","260"
"302","227632","20220727031000","183","3","雲林縣","褒忠鄉","120.340","23.735","280"
"790","227636","20220727031000","651","2","南投縣","竹山鎮","120.680","23.750","760"
"661","227637","20220727031000","633","1","南投縣","竹山鎮","120.675","23.755","663"
"1851","227638","20220727031000","1757","1","南投縣","竹山鎮","120.680","23.755","1848"
"76","227639","20220727031000","71","1","南投縣","竹山鎮","120.685","23.755","61"
"52","227640","20220727031000","640","0","雲林縣","虎尾鎮","120.420","23.700","67"
"393","227642","20220727031000","323","2","雲林縣","虎尾鎮","120.420","23.705","402"
"635","227645","20220727031000","642","0","雲林縣","虎尾鎮","120.420","23.710","643"
"2003","227647","20220727031000","1631","2","雲林縣","虎尾鎮","120.435","23.710","2029"
"208","227655","20220727031000","234","0","雲林縣","褒忠鄉","120.310","23.720","216"
"318","227684","20220727031000","311","1","雲林縣","虎尾鎮","120.405","23.725","307"
"160","227697","20220727031000","94","3","雲林縣","虎尾鎮","120.395","23.735","155"
"134","227698","20220727031000","120","1","雲林縣","虎尾鎮","120.400","23.735","141"
"236","227706","20220727031000","185","2","雲林縣","虎尾鎮","120.405","23.740","228"
"1068","227716","20220727031000","1003","1","雲林縣","虎尾鎮","120.430","23.705","1065"
"625","227717","20220727031000","566","1","雲林縣","虎尾鎮","120.435","23.705","628"
"137","227722","20220727031000","94","2","雲林縣","崙背鄉","120.345","23.750","124"
"145","227728","20220727031000","772","0","雲林縣","崙背鄉","120.350","23.750","127"
"22","227730","20220727031000","233","0","雲林縣","崙背鄉","120.350","23.755","22"
"27","227733","20220727031000","25","1","雲林縣","虎尾鎮","120.400","23.710","23"
"635","227738","20220727031000","564","1","雲林縣","虎尾鎮","120.430","23.710","617"
"311","227741","20220727031000","232","2","雲林縣","斗南鎮","120.485","23.720","309"
"14","227744","20220727031000","13","1","雲林縣","虎尾鎮","120.485","23.725","11"
"338","227745","20220727031000","249","2","雲林縣","虎尾鎮","120.490","23.725","336"
"184","227748","20220727031000","130","2","雲林縣","虎尾鎮","120.480","23.730","199"
"992","227763","20220727031000","549","3","雲林縣","虎尾鎮","120.440","23.710","1008"
"39","227766","20220727031000","628","0","雲林縣","虎尾鎮","120.390","23.705","39"
"348","227798","20220727031000","504","0","南投縣","竹山鎮","120.710","23.765","341"
"538","227807","20220727031000","539","0","南投縣","竹山鎮","120.700","23.765","561"
"139","227808","20220727031000","156","0","南投縣","竹山鎮","120.705","23.765","134"
"355","227840","20220727031000","402","0","南投縣","竹山鎮","120.685","23.760","346"
"192","227841","20220727031000","144","2","南投縣","竹山鎮","120.670","23.760","180"
"84","227842","20220727031000","722","0","南投縣","竹山鎮","120.675","23.760","90"
"182","227852","20220727031000","145","2","南投縣","竹山鎮","120.650","23.705","206"
"384","227882","20220727031000","329","1","雲林縣","虎尾鎮","120.430","23.700","359"
"949","227894","20220727031000","587","3","雲林縣","虎尾鎮","120.460","23.725","913"
"277","227907","20220727031000","149","3","雲林縣","虎尾鎮","120.465","23.740","279"
"1909","227921","20220727031000","1642","1","雲林縣","褒忠鄉","120.315","23.695","1916"
"106","227938","20220727031000","74","2","南投縣","竹山鎮","120.715","23.695","108"
"12","227943","20220727031000","11","1","南投縣","竹山鎮","120.715","23.700","12"
"21","227947","20220727031000","13","3","南投縣","竹山鎮","120.715","23.705","31"
"10","227979","20220727031000","32","0","南投縣","竹山鎮","120.700","23.705","11"
"442","228012","20220727031000","326","2","雲林縣","褒忠鄉","120.285","23.700","404"
"763","228016","20220727031000","638","1","雲林縣","褒忠鄉","120.315","23.710","761"
"219","228047","20220727031000","175","2","南投縣","竹山鎮","120.665","23.755","204"
"428","228051","20220727031000","401","1","南投縣","竹山鎮","120.665","23.760","453"
"676","228091","20220727031000","311","3","雲林縣","台西鄉","120.215","23.740","635"
"193","228138","20220727031000","265","0","雲林縣","崙背鄉","120.295","23.760","182"
"29","228142","20220727031000","352","0","雲林縣","虎尾鎮","120.440","23.720","22"
"749","228151","20220727031000","270","3","雲林縣","麥寮鄉","120.260","23.750","750"
"468","228157","20220727031000","163","3","雲林縣","麥寮鄉","120.255","23.760","478"
"1829","228161","20220727031000","1293","2","雲林縣","斗六市","120.545","23.705","1794"
"378","228162","20220727031000","361","1","雲林縣","斗六市","120.550","23.705","374"
"166","228194","20220727031000","184","0","南投縣","竹山鎮","120.705","23.745","182"
"55","228199","20220727031000","36","3","南投縣","竹山鎮","120.700","23.750","57"
"576","228200","20220727031000","400","2","南投縣","竹山鎮","120.690","23.755","574"
"46","228205","20220727031000","61","0","南投縣","竹山鎮","120.680","23.745","52"
"215","228207","20220727031000","268","0","南投縣","竹山鎮","120.675","23.750","233"
"88","228209","20220727031000","594","0","雲林縣","台西鄉","120.210","23.720","76"
"1007","228228","20220727031000","811","2","雲林縣","台西鄉","120.220","23.720","1129"
"18","228231","20220727031000","17","1","雲林縣","台西鄉","120.215","23.700","19"
"52","228245","20220727031000","290","0","雲林縣","台西鄉","120.190","23.700","45"
"33","228266","20220727031000","191","0","雲林縣","麥寮鄉","120.260","23.745","34"
"1434","228271","20220727031000","391","3","雲林縣","麥寮鄉","120.250","23.750","1389"
"1487","228272","20220727031000","1672","0","雲林縣","麥寮鄉","120.255","23.750","1506"
"499","228274","20220727031000","325","3","雲林縣","麥寮鄉","120.265","23.750","451"
"50","228278","20220727031000","512","0","雲林縣","莿桐鄉","120.480","23.745","41"
"869","228283","20220727031000","770","1","雲林縣","西螺鎮","120.465","23.755","895"
"252","228312","20220727031000","874","0","雲林縣","麥寮鄉","120.240","23.750","151"
"243","228321","20220727031000","191","2","雲林縣","台西鄉","120.220","23.750","240"
"465","228335","20220727031000","313","2","雲林縣","虎尾鎮","120.420","23.690","486"
"303","228337","20220727031000","343","0","雲林縣","虎尾鎮","120.425","23.695","318"
"2119","228338","20220727031000","2314","0","雲林縣","虎尾鎮","120.425","23.700","2074"
"24","228340","20220727031000","686","0","雲林縣","虎尾鎮","120.425","23.710","28"
"14","228375","20220727031000","75","0","南投縣","竹山鎮","120.665","23.725","21"
"27","228395","20220727031000","95","0","南投縣","竹山鎮","120.690","23.725","28"
"89","228399","20220727031000","86","1","南投縣","竹山鎮","120.710","23.725","103"
"18","228402","20220727031000","169","0","南投縣","竹山鎮","120.690","23.730","21"
"84","228415","20220727031000","767","0","南投縣","竹山鎮","120.680","23.760","73"
"136","228711","20220727031000","119","1","雲林縣","麥寮鄉","120.170","23.770","155"
"131","230307","20220727031000","119","1","雲林縣","麥寮鄉","120.180","23.795","132"
"30","232186","20220727031000","17","3","花蓮縣","壽豐鄉","121.585","23.825","31"
"117","233034","20220727031000","77","3","花蓮縣","壽豐鄉","121.565","23.780","104"
"47","233104","20220727031000","25","3","花蓮縣","壽豐鄉","121.460","23.810","46"
"284","233119","20220727031000","181","3","花蓮縣","壽豐鄉","121.475","23.815","291"
"172","233140","20220727031000","111","3","花蓮縣","壽豐鄉","121.480","23.825","172"
"598","233238","20220727031000","494","2","花蓮縣","壽豐鄉","121.515","23.840","635"
"25","233277","20220727031000","11","3","花蓮縣","壽豐鄉","121.590","23.840","38"
"31","233282","20220727031000","136","0","雲林縣","二崙鄉","120.420","23.815","31"
"227","234014","20220727031000","170","2","花蓮縣","鳳林鎮","121.455","23.800","217"
"109","234015","20220727031000","70","3","花蓮縣","鳳林鎮","121.460","23.800","73"
"10","234031","20220727031000","45","0","花蓮縣","鳳林鎮","121.465","23.805","10"
"312","234042","20220727031000","271","1","花蓮縣","萬榮鄉","121.445","23.810","316"
"868","234074","20220727031000","1186","0","雲林縣","二崙鄉","120.415","23.770","885"
"15","234106","20220727031000","238","0","雲林縣","二崙鄉","120.410","23.815","21"
"23","234119","20220727031000","12","3","雲林縣","二崙鄉","120.415","23.795","23"
"45","234120","20220727031000","340","0","雲林縣","二崙鄉","120.420","23.795","44"
"466","234127","20220727031000","367","2","雲林縣","二崙鄉","120.385","23.795","475"
"297","234130","20220727031000","263","1","雲林縣","二崙鄉","120.380","23.800","307"
"253","234162","20220727031000","118","3","雲林縣","二崙鄉","120.395","23.820","56"
"187","234274","20220727031000","129","2","花蓮縣","鳳林鎮","121.460","23.780","214"
"89","234277","20220727031000","50","3","花蓮縣","鳳林鎮","121.460","23.785","78"
"43","234283","20220727031000","358","0","雲林縣","二崙鄉","120.410","23.805","29"
"24","234324","20220727031000","125","0","雲林縣","二崙鄉","120.395","23.765","17"
"456","234338","20220727031000","403","1","雲林縣","二崙鄉","120.365","23.805","441"
"222","234373","20220727031000","139","3","雲林縣","二崙鄉","120.375","23.795","231"
"126","234386","20220727031000","546","0","雲林縣","二崙鄉","120.395","23.790","116"
"841","234401","20220727031000","347","3","雲林縣","西螺鎮","120.470","23.795","849"
"248","234404","20220727031000","183","2","雲林縣","西螺鎮","120.470","23.800","242"
"236","234406","20220727031000","69","3","雲林縣","西螺鎮","120.480","23.800","208"
"1271","234413","20220727031000","475","3","雲林縣","西螺鎮","120.450","23.785","1287"
"455","234424","20220727031000","356","2","雲林縣","麥寮鄉","120.270","23.770","472"
"649","234432","20220727031000","403","3","雲林縣","麥寮鄉","120.265","23.780","624"
"141","234453","20220727031000","22","3","雲林縣","麥寮鄉","120.235","23.790","145"
"535","234454","20220727031000","442","2","雲林縣","麥寮鄉","120.240","23.790","114"
"1663","234481","20220727031000","1382","2","南投縣","水里鄉","120.855","23.815","1684"
"224","234482","20220727031000","146","3","南投縣","水里鄉","120.860","23.815","231"
"11","234513","20220727031000","248","0","雲林縣","西螺鎮","120.485","23.785","13"
"310","234539","20220727031000","198","3","雲林縣","西螺鎮","120.450","23.775","309"
"640","234540","20220727031000","145","3","雲林縣","西螺鎮","120.445","23.780","648"
"33","234570","20220727031000","32","1","南投縣","鹿谷鄉","120.740","23.775","31"
"382","234591","20220727031000","295","2","南投縣","水里鄉","120.845","23.820","385"
"179","234630","20220727031000","150","1","南投縣","水里鄉","120.930","23.795","176"
"89","234678","20220727031000","534","0","南投縣","水里鄉","120.850","23.815","92"
"188","234703","20220727031000","172","1","南投縣","水里鄉","120.845","23.775","180"
"412","234721","20220727031000","386","1","彰化縣","溪州鄉","120.515","23.815","443"
"145","234765","20220727031000","116","2","南投縣","鹿谷鄉","120.785","23.790","154"
"12","234802","20220727031000","125","0","南投縣","鹿谷鄉","120.785","23.805","12"
"51","234826","20220727031000","45","1","南投縣","鹿谷鄉","120.785","23.765","49"
"61","234843","20220727031000","49","2","南投縣","鹿谷鄉","120.775","23.775","65"
"138","234859","20220727031000","77","3","南投縣","鹿谷鄉","120.775","23.785","140"
"59","234881","20220727031000","49","2","雲林縣","麥寮鄉","120.195","23.775","55"
"117","234888","20220727031000","75","3","雲林縣","麥寮鄉","120.180","23.785","74"
"49","234892","20220727031000","55","0","雲林縣","麥寮鄉","120.200","23.785","45"
"273","234900","20220727031000","197","2","雲林縣","麥寮鄉","120.205","23.790","285"
"1413","234906","20220727031000","649","3","雲林縣","麥寮鄉","120.260","23.790","1421"
"1007","234915","20220727031000","452","3","雲林縣","麥寮鄉","120.220","23.795","1021"
"543","234934","20220727031000","138","3","雲林縣","麥寮鄉","120.230","23.795","524"
"1139","234937","20220727031000","526","3","雲林縣","麥寮鄉","120.245","23.795","1181"
"15","234945","20220727031000","12","2","雲林縣","麥寮鄉","120.190","23.800","14"
"33","234949","20220727031000","31","1","雲林縣","麥寮鄉","120.210","23.800","55"
"1498","234952","20220727031000","1383","1","雲林縣","麥寮鄉","120.225","23.800","1493"
"303","234961","20220727031000","200","3","雲林縣","麥寮鄉","120.270","23.800","302"
"42","234965","20220727031000","40","1","雲林縣","麥寮鄉","120.195","23.805","49"
"45","234967","20220727031000","68","0","雲林縣","麥寮鄉","120.205","23.805","41"
"109","234997","20220727031000","127","0","雲林縣","麥寮鄉","120.215","23.815","121"
"23","235080","20220727031000","101","0","南投縣","信義鄉","120.940","23.820","23"
"59","235228","20220727031000","213","0","雲林縣","崙背鄉","120.350","23.775","49"
"219","235235","20220727031000","118","3","雲林縣","崙背鄉","120.345","23.785","209"
"13","235239","20220727031000","285","0","雲林縣","崙背鄉","120.350","23.790","12"
"596","235274","20220727031000","601","0","南投縣","水里鄉","120.850","23.810","588"
"288","235297","20220727031000","260","1","彰化縣","溪州鄉","120.505","23.815","314"
"767","235309","20220727031000","750","1","彰化縣","溪州鄉","120.540","23.830","845"
"484","235350","20220727031000","357","2","彰化縣","溪州鄉","120.490","23.830","478"
"168","235352","20220727031000","145","1","彰化縣","溪州鄉","120.475","23.835","168"
"394","235362","20220727031000","266","2","彰化縣","溪州鄉","120.480","23.845","366"
"167","235370","20220727031000","182","0","彰化縣","溪州鄉","120.500","23.840","163"
"497","235385","20220727031000","334","2","雲林縣","崙背鄉","120.325","23.780","502"
"49","235403","20220727031000","43","1","南投縣","水里鄉","120.855","23.795","44"
"305","235405","20220727031000","207","2","南投縣","水里鄉","120.865","23.795","274"
"472","235409","20220727031000","508","0","南投縣","水里鄉","120.860","23.800","453"
"19","235459","20220727031000","240","0","南投縣","水里鄉","120.825","23.810","30"
"41","235505","20220727031000","33","2","南投縣","水里鄉","120.870","23.845","40"
"34","235509","20220727031000","357","0","南投縣","名間鄉","120.635","23.835","28"
"329","235515","20220727031000","262","2","南投縣","名間鄉","120.705","23.820","319"
"233","235521","20220727031000","210","1","南投縣","名間鄉","120.715","23.830","243"
"1040","235523","20220727031000","940","1","南投縣","名間鄉","120.705","23.835","1036"
"72","235527","20220727031000","67","1","南投縣","名間鄉","120.725","23.835","87"
"188","235539","20220727031000","127","2","南投縣","名間鄉","120.665","23.820","179"
"287","235555","20220727031000","363","0","南投縣","集集鎮","120.795","23.825","294"
"50","235556","20220727031000","366","0","南投縣","集集鎮","120.795","23.830","50"
"41","235703","20220727031000","49","0","南投縣","信義鄉","120.915","23.785","41"
"265","235812","20220727031000","189","2","南投縣","信義鄉","120.940","23.795","231"
"26","236275","20220727031000","223","0","南投縣","名間鄉","120.660","23.835","24"
"293","236286","20220727031000","259","1","南投縣","名間鄉","120.655","23.845","283"
"46","236299","20220727031000","54","0","南投縣","名間鄉","120.695","23.810","56"
"86","236318","20220727031000","62","2","彰化縣","二水鄉","120.635","23.830","93"
"397","236322","20220727031000","377","1","南投縣","名間鄉","120.630","23.840","408"
"227","236329","20220727031000","156","2","彰化縣","溪州鄉","120.515","23.830","222"
"122","236334","20220727031000","101","2","彰化縣","溪州鄉","120.520","23.835","127"
"13","236347","20220727031000","33","0","彰化縣","溪州鄉","120.510","23.845","13"
"185","236374","20220727031000","139","2","彰化縣","溪州鄉","120.580","23.820","160"
"301","236389","20220727031000","286","1","彰化縣","溪州鄉","120.470","23.830","311"
"340","236394","20220727031000","348","0","南投縣","名間鄉","120.695","23.835","331"
"761","236405","20220727031000","708","1","南投縣","名間鄉","120.700","23.835","717"
"25","236406","20220727031000","27","0","彰化縣","二水鄉","120.650","23.810","37"
"33","236410","20220727031000","185","0","南投縣","名間鄉","120.645","23.820","29"
"180","236415","20220727031000","126","2","南投縣","名間鄉","120.655","23.830","167"
"583","236419","20220727031000","192","3","彰化縣","大城鄉","120.345","23.845","604"
"281","236421","20220727031000","231","2","彰化縣","大城鄉","120.300","23.840","281"
"322","236449","20220727031000","253","2","彰化縣","溪州鄉","120.565","23.815","351"
"202","236455","20220727031000","209","0","彰化縣","溪州鄉","120.560","23.830","210"
"44","236462","20220727031000","282","0","雲林縣","莿桐鄉","120.540","23.765","29"
"364","236463","20220727031000","319","1","雲林縣","莿桐鄉","120.530","23.770","355"
"12","236470","20220727031000","185","0","南投縣","名間鄉","120.630","23.845","10"
"153","236472","20220727031000","123","2","南投縣","名間鄉","120.640","23.845","154"
"336","236479","20220727031000","228","2","南投縣","名間鄉","120.690","23.845","337"
"217","236481","20220727031000","216","1","南投縣","名間鄉","120.700","23.845","229"
"542","236492","20220727031000","450","2","雲林縣","林內鄉","120.610","23.770","487"
"151","236494","20220727031000","154","0","雲林縣","林內鄉","120.610","23.775","155"
"29","236509","20220727031000","218","0","雲林縣","林內鄉","120.625","23.775","28"
"45","236557","20220727031000","323","0","南投縣","集集鎮","120.800","23.825","50"
"145","236563","20220727031000","98","2","南投縣","集集鎮","120.765","23.820","138"
"27","236573","20220727031000","102","0","南投縣","集集鎮","120.770","23.845","31"
"90","236578","20220727031000","199","0","南投縣","集集鎮","120.815","23.825","105"
"149","236593","20220727031000","942","0","南投縣","集集鎮","120.785","23.825","121"
"312","236635","20220727031000","224","2","彰化縣","大城鄉","120.350","23.835","289"
"333","236679","20220727031000","230","2","彰化縣","大城鄉","120.275","23.845","320"
"238","236695","20220727031000","203","1","南投縣","信義鄉","120.905","23.770","272"
"42","236721","20220727031000","328","0","彰化縣","二水鄉","120.615","23.810","26"
"1089","236741","20220727031000","247","3","雲林縣","莿桐鄉","120.500","23.780","1149"
"137","236758","20220727031000","87","3","彰化縣","二水鄉","120.630","23.830","134"
"326","236765","20220727031000","501","0","彰化縣","二水鄉","120.610","23.815","177"
"295","236771","20220727031000","260","1","彰化縣","二水鄉","120.635","23.795","295"
"12","236772","20220727031000","30","0","彰化縣","二水鄉","120.640","23.795","11"
"2452","236781","20220727031000","989","3","雲林縣","西螺鎮","120.440","23.780","2337"
"309","236785","20220727031000","277","1","雲林縣","西螺鎮","120.430","23.790","314"
"548","236786","20220727031000","117","3","雲林縣","西螺鎮","120.435","23.790","659"
"15","236796","20220727031000","215","0","彰化縣","二水鄉","120.640","23.805","13"
"58","236801","20220727031000","323","0","彰化縣","二水鄉","120.605","23.825","38"
"322","236814","20220727031000","1006","0","彰化縣","二水鄉","120.620","23.810","202"
"187","237024","20220727031000","334","0","雲林縣","莿桐鄉","120.515","23.775","178"
"367","237025","20220727031000","293","2","雲林縣","莿桐鄉","120.520","23.775","351"
"1226","237039","20220727031000","396","3","雲林縣","西螺鎮","120.435","23.800","1222"
"946","237048","20220727031000","212","3","雲林縣","西螺鎮","120.440","23.810","881"
"458","237053","20220727031000","275","3","雲林縣","西螺鎮","120.465","23.795","450"
"1376","237054","20220727031000","1007","2","雲林縣","西螺鎮","120.465","23.800","1320"
"1246","237062","20220727031000","594","3","雲林縣","西螺鎮","120.475","23.785","1269"
"277","237066","20220727031000","107","3","雲林縣","西螺鎮","120.475","23.765","251"
"58","237068","20220727031000","413","0","雲林縣","西螺鎮","120.460","23.795","39"
"843","237069","20220727031000","939","0","雲林縣","西螺鎮","120.460","23.800","862"
"1793","237075","20220727031000","715","3","雲林縣","西螺鎮","120.440","23.800","1754"
"399","237076","20220727031000","255","3","雲林縣","西螺鎮","120.455","23.790","414"
"157","237078","20220727031000","2428","0","雲林縣","西螺鎮","120.455","23.800","150"
"22","237081","20220727031000","111","0","彰化縣","二水鄉","120.635","23.810","16"
"11","237089","20220727031000","14","0","彰化縣","二水鄉","120.640","23.800","12"
"18","237103","20220727031000","259","0","彰化縣","二水鄉","120.630","23.800","10"
"46","237115","20220727031000","33","2","彰化縣","二水鄉","120.655","23.800","31"
"420","237141","20220727031000","334","2","雲林縣","崙背鄉","120.325","23.795","426"
"194","237147","20220727031000","145","2","雲林縣","崙背鄉","120.340","23.800","180"
"131","237182","20220727031000","130","1","雲林縣","崙背鄉","120.310","23.790","122"
"207","237186","20220727031000","221","0","雲林縣","崙背鄉","120.305","23.795","208"
"25","237187","20220727031000","26","0","雲林縣","崙背鄉","120.310","23.795","27"
"938","237189","20220727031000","372","3","雲林縣","麥寮鄉","120.295","23.800","920"
"101","237228","20220727031000","60","3","彰化縣","田中鎮","120.605","23.845","96"
"29","237236","20220727031000","19","3","彰化縣","溪州鄉","120.455","23.825","21"
"30","237241","20220727031000","209","0","彰化縣","竹塘鄉","120.445","23.835","21"
"55","237255","20220727031000","530","0","雲林縣","莿桐鄉","120.565","23.775","589"
"70","237256","20220727031000","223","0","雲林縣","莿桐鄉","120.570","23.775","52"
"220","237302","20220727031000","161","2","雲林縣","莿桐鄉","120.550","23.765","226"
"12","237358","20220727031000","131","0","南投縣","竹山鎮","120.680","23.770","11"
"65","237361","20220727031000","90","0","南投縣","竹山鎮","120.680","23.775","63"
"104","237386","20220727031000","87","1","南投縣","竹山鎮","120.650","23.770","97"
"216","237414","20220727031000","217","0","南投縣","竹山鎮","120.730","23.815","212"
"197","237424","20220727031000","186","1","南投縣","竹山鎮","120.715","23.765","188"
"366","237434","20220727031000","381","0","南投縣","竹山鎮","120.705","23.780","376"
"181","237436","20220727031000","175","1","南投縣","竹山鎮","120.715","23.780","167"
"274","237453","20220727031000","282","0","南投縣","竹山鎮","120.695","23.770","271"
"24","237489","20220727031000","133","0","彰化縣","竹塘鄉","120.400","23.845","15"
"41","237498","20220727031000","417","0","雲林縣","麥寮鄉","120.240","23.770","40"
"172","237499","20220727031000","85","3","雲林縣","麥寮鄉","120.245","23.770","177"
"27","237516","20220727031000","215","0","雲林縣","崙背鄉","120.355","23.765","29"
"111","237531","20220727031000","96","1","南投縣","竹山鎮","120.750","23.815","107"
"346","237559","20220727031000","299","1","南投縣","竹山鎮","120.715","23.800","336"
"147","237593","20220727031000","158","0","南投縣","魚池鄉","120.895","23.835","135"
"194","237595","20220727031000","218","0","南投縣","魚池鄉","120.905","23.835","207"
"331","237603","20220727031000","361","0","南投縣","竹山鎮","120.715","23.805","350"
"287","237607","20220727031000","156","3","南投縣","竹山鎮","120.730","23.810","299"
"272","237611","20220727031000","255","1","南投縣","竹山鎮","120.725","23.810","294"
"128","237614","20220727031000","227","0","南投縣","竹山鎮","120.720","23.815","142"
"82","237670","20220727031000","71","1","南投縣","魚池鄉","120.885","23.820","95"
"372","237685","20220727031000","321","1","雲林縣","麥寮鄉","120.290","23.765","356"
"89","237741","20220727031000","57","3","南投縣","集集鎮","120.760","23.830","83"
"64","237745","20220727031000","67","0","南投縣","集集鎮","120.760","23.835","43"
"171","237775","20220727031000","97","3","南投縣","集集鎮","120.750","23.840","144"
"34","237785","20220727031000","154","0","南投縣","集集鎮","120.745","23.830","38"
"27","237788","20220727031000","20","2","南投縣","集集鎮","120.740","23.835","31"
"26","237801","20220727031000","231","0","南投縣","集集鎮","120.780","23.825","26"
"243","237819","20220727031000","168","2","雲林縣","莿桐鄉","120.505","23.765","238"
"307","237826","20220727031000","216","2","雲林縣","莿桐鄉","120.520","23.765","293"
"1105","237833","20220727031000","420","3","雲林縣","西螺鎮","120.480","23.770","1048"
"431","237848","20220727031000","306","2","雲林縣","麥寮鄉","120.290","23.795","419"
"1833","237860","20220727031000","1454","2","雲林縣","麥寮鄉","120.275","23.795","1823"
"514","237864","20220727031000","313","3","雲林縣","麥寮鄉","120.280","23.795","515"
"17","237872","20220727031000","115","0","彰化縣","田中鎮","120.560","23.845","13"
"133","237874","20220727031000","103","2","彰化縣","田中鎮","120.570","23.845","140"
"83","237878","20220727031000","77","1","彰化縣","田中鎮","120.580","23.840","80"
"292","237881","20220727031000","290","1","彰化縣","田中鎮","120.595","23.840","286"
"42","237884","20220727031000","350","0","彰化縣","田中鎮","120.595","23.845","36"
"242","237895","20220727031000","187","2","彰化縣","田中鎮","120.595","23.830","287"
"75","237900","20220727031000","430","0","雲林縣","莿桐鄉","120.535","23.775","79"
"120","240440","20220727031000","51","3","花蓮縣","壽豐鄉","121.605","23.885","102"
"211","242904","20220727031000","150","2","花蓮縣","秀林鄉","121.500","23.920","257"
"285","242957","20220727031000","119","3","花蓮縣","壽豐鄉","121.530","23.865","272"
"144","242963","20220727031000","113","2","花蓮縣","壽豐鄉","121.525","23.870","164"
"950","242988","20220727031000","690","2","花蓮縣","壽豐鄉","121.510","23.870","947"
"722","243010","20220727031000","550","2","花蓮縣","壽豐鄉","121.520","23.890","724"
"21","243014","20220727031000","61","0","花蓮縣","壽豐鄉","121.540","23.890","18"
"433","243023","20220727031000","446","0","花蓮縣","壽豐鄉","121.555","23.895","404"
"50","243053","20220727031000","687","0","花蓮縣","壽豐鄉","121.535","23.895","56"
"217","243054","20220727031000","400","0","花蓮縣","壽豐鄉","121.540","23.895","202"
"243","243055","20220727031000","280","0","花蓮縣","壽豐鄉","121.545","23.895","241"
"303","243057","20220727031000","316","0","花蓮縣","壽豐鄉","121.530","23.895","318"
"376","243065","20220727031000","545","0","花蓮縣","壽豐鄉","121.530","23.900","360"
"417","243069","20220727031000","887","0","花蓮縣","壽豐鄉","121.550","23.900","398"
"817","243073","20220727031000","994","0","花蓮縣","壽豐鄉","121.530","23.905","826"
"231","243089","20220727031000","94","3","花蓮縣","壽豐鄉","121.520","23.915","173"
"89","243103","20220727031000","60","2","花蓮縣","壽豐鄉","121.550","23.920","102"
"77","243143","20220727031000","67","1","花蓮縣","壽豐鄉","121.555","23.865","69"
"57","243149","20220727031000","63","0","花蓮縣","壽豐鄉","121.555","23.870","52"
"51","243164","20220727031000","32","3","花蓮縣","壽豐鄉","121.585","23.880","42"
"50","243184","20220727031000","30","3","花蓮縣","壽豐鄉","121.595","23.905","36"
"81","243230","20220727031000","96","0","花蓮縣","壽豐鄉","121.520","23.845","118"
"490","243249","20220727031000","423","1","花蓮縣","壽豐鄉","121.495","23.850","481"
"555","243255","20220727031000","472","1","花蓮縣","壽豐鄉","121.490","23.855","532"
"110","243262","20220727031000","90","2","花蓮縣","壽豐鄉","121.485","23.855","111"
"148","243315","20220727031000","72","3","花蓮縣","壽豐鄉","121.600","23.870","150"
"42","243324","20220727031000","22","3","花蓮縣","壽豐鄉","121.590","23.885","51"
"11","243336","20220727031000","11","1","花蓮縣","壽豐鄉","121.600","23.900","11"
"274","243338","20220727031000","181","3","花蓮縣","壽豐鄉","121.600","23.905","261"
"61","243339","20220727031000","35","3","花蓮縣","壽豐鄉","121.605","23.905","65"
"617","243392","20220727031000","610","1","彰化縣","二林鎮","120.360","23.895","660"
"1152","243393","20220727031000","849","2","彰化縣","二林鎮","120.370","23.900","1157"
"311","243406","20220727031000","303","1","彰化縣","二林鎮","120.390","23.865","346"
"147","243422","20220727031000","177","0","彰化縣","二林鎮","120.415","23.910","151"
"421","243424","20220727031000","383","1","彰化縣","二林鎮","120.425","23.910","409"
"234","243439","20220727031000","220","1","彰化縣","二林鎮","120.360","23.865","226"
"373","243447","20220727031000","280","2","彰化縣","二林鎮","120.360","23.880","385"
"481","243770","20220727031000","416","1","彰化縣","二林鎮","120.365","23.890","455"
"427","243772","20220727031000","645","0","彰化縣","二林鎮","120.370","23.895","443"
"625","243777","20220727031000","455","2","彰化縣","二林鎮","120.425","23.895","627"
"349","243783","20220727031000","389","0","彰化縣","二林鎮","120.365","23.900","352"
"450","243796","20220727031000","377","1","彰化縣","二林鎮","120.440","23.875","456"
"99","243827","20220727031000","92","1","南投縣","水里鄉","120.865","23.905","102"
"296","243861","20220727031000","84","3","彰化縣","大城鄉","120.325","23.860","292"
"1120","243867","20220727031000","1114","1","彰化縣","大城鄉","120.320","23.850","1096"
"224","243900","20220727031000","588","0","彰化縣","埤頭鄉","120.470","23.915","173"
"315","243909","20220727031000","187","3","彰化縣","埤頭鄉","120.460","23.925","360"
"59","243970","20220727031000","43","2","南投縣","中寮鄉","120.800","23.905","58"
"115","244008","20220727031000","109","1","南投縣","中寮鄉","120.805","23.925","124"
"208","244044","20220727031000","131","3","南投縣","中寮鄉","120.750","23.895","204"
"63","244051","20220727031000","56","1","南投縣","中寮鄉","120.765","23.900","62"
"10","244098","20220727031000","128","0","南投縣","中寮鄉","120.790","23.860","12"
"13","244101","20220727031000","56","0","南投縣","中寮鄉","120.805","23.860","13"
"544","244122","20220727031000","369","2","彰化縣","埤頭鄉","120.480","23.890","588"
"282","244129","20220727031000","273","1","彰化縣","埤頭鄉","120.460","23.860","293"
"72","244142","20220727031000","343","0","彰化縣","埤頭鄉","120.460","23.880","38"
"1378","244150","20220727031000","1148","2","彰化縣","埤頭鄉","120.465","23.890","1277"
"56","244159","20220727031000","379","0","南投縣","中寮鄉","120.760","23.880","47"
"162","244163","20220727031000","507","0","南投縣","中寮鄉","120.775","23.885","163"
"350","244211","20220727031000","282","2","南投縣","中寮鄉","120.735","23.895","349"
"69","244235","20220727031000","55","2","南投縣","中寮鄉","120.770","23.920","78"
"55","244247","20220727031000","273","0","南投縣","中寮鄉","120.830","23.860","73"
"89","244274","20220727031000","79","1","南投縣","中寮鄉","120.800","23.880","84"
"15","244321","20220727031000","12","2","南投縣","中寮鄉","120.845","23.900","15"
"39","244326","20220727031000","480","0","南投縣","中寮鄉","120.710","23.895","44"
"41","244341","20220727031000","36","1","彰化縣","員林鎮","120.580","23.925","40"
"12","244360","20220727031000","40","0","南投縣","中寮鄉","120.795","23.905","12"
"10","244380","20220727031000","17","0","南投縣","中寮鄉","120.720","23.915","15"
"141","244392","20220727031000","99","2","南投縣","中寮鄉","120.725","23.925","141"
"66","244395","20220727031000","63","1","南投縣","中寮鄉","120.740","23.925","60"
"927","244397","20220727031000","858","1","彰化縣","二林鎮","120.375","23.895","872"
"1200","244398","20220727031000","1014","1","彰化縣","二林鎮","120.380","23.895","1213"
"206","244411","20220727031000","192","1","南投縣","南投市","120.695","23.915","205"
"329","244414","20220727031000","588","0","南投縣","南投市","120.695","23.920","324"
"544","244415","20220727031000","500","1","南投縣","南投市","120.700","23.920","563"
"112","244420","20220727031000","77","2","南投縣","南投市","120.640","23.925","104"
"1744","244422","20220727031000","1586","1","南投縣","南投市","120.690","23.905","1736"
"535","244426","20220727031000","466","1","彰化縣","永靖鄉","120.545","23.920","496"
"294","244429","20220727031000","311","0","彰化縣","永靖鄉","120.570","23.925","308"
"48","244451","20220727031000","48","1","南投縣","水里鄉","120.870","23.880","47"
"526","244465","20220727031000","556","0","彰化縣","溪州鄉","120.500","23.855","680"
"129","244468","20220727031000","124","1","彰化縣","溪州鄉","120.505","23.860","129"
"169","244477","20220727031000","171","0","南投縣","南投市","120.635","23.905","172"
"114","244478","20220727031000","375","0","南投縣","南投市","120.640","23.905","121"
"16","244480","20220727031000","15","1","南投縣","南投市","120.635","23.910","15"
"33","244488","20220727031000","34","0","彰化縣","社頭鄉","120.635","23.920","37"
"97","244490","20220727031000","127","0","南投縣","南投市","120.650","23.920","135"
"464","244492","20220727031000","593","0","彰化縣","永靖鄉","120.535","23.920","447"
"317","244498","20220727031000","322","0","彰化縣","永靖鄉","120.515","23.915","304"
"414","244499","20220727031000","314","2","彰化縣","永靖鄉","120.520","23.915","428"
"433","244512","20220727031000","508","0","彰化縣","永靖鄉","120.560","23.920","428"
"111","244516","20220727031000","363","0","彰化縣","永靖鄉","120.535","23.925","90"
"1262","244517","20220727031000","1575","0","彰化縣","永靖鄉","120.540","23.925","1217"
"312","244520","20220727031000","228","2","彰化縣","永靖鄉","120.560","23.910","311"
"43","244530","20220727031000","269","0","彰化縣","永靖鄉","120.545","23.910","31"
"83","244534","20220727031000","97","0","彰化縣","田尾鄉","120.530","23.910","102"
"44","244537","20220727031000","434","0","彰化縣","永靖鄉","120.550","23.920","28"
"36","244540","20220727031000","467","0","彰化縣","永靖鄉","120.550","23.925","30"
"71","244544","20220727031000","470","0","彰化縣","永靖鄉","120.505","23.920","53"
"432","244566","20220727031000","106","3","彰化縣","大城鄉","120.285","23.865","499"
"200","244576","20220727031000","27","3","彰化縣","大城鄉","120.290","23.870","181"
"533","244605","20220727031000","450","1","彰化縣","芳苑鄉","120.345","23.910","561"
"14","244609","20220727031000","294","0","彰化縣","芳苑鄉","120.350","23.915","13"
"213","244612","20220727031000","180","1","彰化縣","芳苑鄉","120.350","23.920","232"
"24","244615","20220727031000","16","3","彰化縣","芳苑鄉","120.355","23.925","18"
"254","244624","20220727031000","103","3","彰化縣","芳苑鄉","120.315","23.895","252"
"71","244639","20220727031000","54","2","彰化縣","芳苑鄉","120.305","23.905","69"
"1167","244674","20220727031000","916","2","南投縣","南投市","120.695","23.900","1133"
"16","244675","20220727031000","35","0","南投縣","南投市","120.685","23.925","12"
"53","244677","20220727031000","77","0","南投縣","南投市","120.695","23.925","51"
"224","244693","20220727031000","311","0","南投縣","南投市","120.680","23.895","229"
"26","244694","20220727031000","21","2","南投縣","南投市","120.685","23.895","25"
"2035","244695","20220727031000","1934","1","南投縣","南投市","120.685","23.900","2060"
"347","244696","20220727031000","298","1","南投縣","南投市","120.690","23.900","374"
"200","244697","20220727031000","153","2","彰化縣","溪州鄉","120.480","23.850","181"
"33","244698","20220727031000","295","0","彰化縣","溪州鄉","120.485","23.850","40"
"627","244700","20220727031000","550","1","彰化縣","溪州鄉","120.495","23.850","583"
"715","244706","20220727031000","732","0","南投縣","南投市","120.680","23.910","697"
"401","244716","20220727031000","284","2","南投縣","南投市","120.675","23.900","402"
"286","244717","20220727031000","248","1","南投縣","南投市","120.680","23.905","292"
"1259","244720","20220727031000","915","2","南投縣","南投市","120.675","23.905","1222"
"28","244738","20220727031000","22","2","南投縣","埔里鎮","120.990","23.925","27"
"148","244739","20220727031000","126","1","南投縣","埔里鎮","120.995","23.925","150"
"88","244741","20220727031000","83","1","南投縣","仁愛鄉","121.010","23.925","92"
"510","244742","20220727031000","581","0","彰化縣","溪州鄉","120.495","23.855","514"
"12","244748","20220727031000","25","0","彰化縣","溪州鄉","120.515","23.850","12"
"39","244772","20220727031000","34","1","南投縣","水里鄉","120.865","23.855","36"
"224","244790","20220727031000","148","3","南投縣","名間鄉","120.675","23.870","216"
"272","244793","20220727031000","220","2","彰化縣","田中鎮","120.625","23.855","254"
"121","244800","20220727031000","72","3","南投縣","名間鄉","120.630","23.855","134"
"136","244806","20220727031000","96","2","南投縣","名間鄉","120.635","23.860","130"
"545","244815","20220727031000","456","1","南投縣","名間鄉","120.705","23.875","575"
"137","244846","20220727031000","94","2","南投縣","名間鄉","120.635","23.880","125"
"517","244854","20220727031000","287","3","南投縣","南投市","120.690","23.910","534"
"791","244855","20220727031000","716","1","南投縣","南投市","120.690","23.915","793"
"97","244860","20220727031000","113","0","南投縣","南投市","120.655","23.915","105"
"866","244865","20220727031000","654","2","南投縣","南投市","120.665","23.920","926"
"828","244867","20220727031000","538","3","南投縣","南投市","120.675","23.920","844"
"697","244868","20220727031000","739","0","南投縣","南投市","120.680","23.920","703"
"602","244869","20220727031000","442","2","南投縣","南投市","120.670","23.925","586"
"696","244870","20220727031000","620","1","南投縣","南投市","120.675","23.925","638"
"1053","244872","20220727031000","836","2","南投縣","南投市","120.685","23.910","1066"
"1693","244873","20220727031000","1697","0","南投縣","南投市","120.685","23.905","1684"
"200","244874","20220727031000","179","1","南投縣","南投市","120.705","23.900","184"
"49","244875","20220727031000","49","1","南投縣","南投市","120.710","23.900","57"
"113","244880","20220727031000","81","2","南投縣","南投市","120.695","23.905","117"
"438","244881","20220727031000","324","2","南投縣","南投市","120.700","23.905","439"
"418","244890","20220727031000","511","0","南投縣","南投市","120.705","23.915","424"
"615","244893","20220727031000","633","0","彰化縣","溪州鄉","120.495","23.865","671"
"501","244909","20220727031000","480","1","彰化縣","埤頭鄉","120.460","23.890","496"
"704","244910","20220727031000","655","1","彰化縣","埤頭鄉","120.455","23.895","707"
"592","244911","20220727031000","521","1","彰化縣","埤頭鄉","120.460","23.895","619"
"555","244918","20220727031000","383","2","彰化縣","埤頭鄉","120.495","23.885","475"
"570","244922","20220727031000","434","2","彰化縣","埤頭鄉","120.495","23.890","525"
"211","244924","20220727031000","185","1","彰化縣","埤頭鄉","120.480","23.895","228"
"427","244925","20220727031000","381","1","彰化縣","埤頭鄉","120.485","23.895","410"
"643","244953","20220727031000","548","1","彰化縣","北斗鎮","120.515","23.875","605"
"394","244955","20220727031000","238","3","彰化縣","北斗鎮","120.515","23.865","399"
"50","244956","20220727031000","385","0","彰化縣","北斗鎮","120.520","23.865","33"
"524","244958","20220727031000","898","0","彰化縣","北斗鎮","120.520","23.870","477"
"600","244960","20220727031000","433","2","彰化縣","埤頭鄉","120.460","23.850","640"
"60","244961","20220727031000","235","0","彰化縣","埤頭鄉","120.465","23.850","36"
"201","244970","20220727031000","143","2","南投縣","名間鄉","120.645","23.865","201"
"175","244972","20220727031000","236","0","南投縣","名間鄉","120.650","23.870","168"
"873","244974","20220727031000","687","2","南投縣","名間鄉","120.655","23.870","871"
"383","244987","20220727031000","340","1","南投縣","名間鄉","120.670","23.850","391"
"331","244993","20220727031000","328","1","南投縣","名間鄉","120.675","23.855","330"
"718","245005","20220727031000","622","1","南投縣","名間鄉","120.695","23.865","745"
"205","245007","20220727031000","206","0","南投縣","名間鄉","120.685","23.870","202"
"414","245016","20220727031000","206","3","南投縣","名間鄉","120.685","23.880","408"
"93","245017","20220727031000","434","0","南投縣","名間鄉","120.690","23.880","88"
"143","245037","20220727031000","152","0","南投縣","名間鄉","120.705","23.865","133"
"247","245042","20220727031000","244","1","彰化縣","溪州鄉","120.525","23.850","264"
"270","245076","20220727031000","34","3","彰化縣","大城鄉","120.295","23.885","258"
"11","245099","20220727031000","165","0","彰化縣","大城鄉","120.300","23.890","11"
"397","245133","20220727031000","176","3","彰化縣","大城鄉","120.330","23.865","397"
"96","245150","20220727031000","194","0","彰化縣","大城鄉","120.295","23.855","32"
"156","245157","20220727031000","188","0","彰化縣","北斗鎮","120.530","23.855","175"
"1143","245161","20220727031000","1175","0","彰化縣","北斗鎮","120.530","23.870","1197"
"187","245165","20220727031000","166","1","彰化縣","北斗鎮","120.545","23.870","187"
"429","245169","20220727031000","278","3","彰化縣","芳苑鄉","120.320","23.920","426"
"92","245184","20220727031000","52","3","南投縣","名間鄉","120.625","23.850","80"
"119","245191","20220727031000","123","0","南投縣","名間鄉","120.690","23.850","112"
"194","245192","20220727031000","122","3","南投縣","名間鄉","120.695","23.850","159"
"1359","245211","20220727031000","344","3","彰化縣","大城鄉","120.290","23.860","1310"
"118","245214","20220727031000","77","3","彰化縣","大城鄉","120.300","23.865","110"
"240","245216","20220727031000","54","3","彰化縣","大城鄉","120.300","23.870","271"
"587","245296","20220727031000","248","3","南投縣","南投市","120.635","23.895","592"
"460","245305","20220727031000","299","3","南投縣","南投市","120.660","23.925","494"
"19","245312","20220727031000","159","0","南投縣","南投市","120.665","23.910","23"
"331","245314","20220727031000","1189","0","南投縣","南投市","120.675","23.910","366"
"877","245316","20220727031000","1303","0","南投縣","南投市","120.680","23.915","841"
"1325","245320","20220727031000","942","2","彰化縣","北斗鎮","120.520","23.880","1277"
"571","245325","20220727031000","495","1","彰化縣","北斗鎮","120.530","23.875","585"
"315","245329","20220727031000","239","2","彰化縣","北斗鎮","120.535","23.880","306"
"52","245332","20220727031000","614","0","彰化縣","北斗鎮","120.525","23.870","15"
"539","245335","20220727031000","168","3","彰化縣","大城鄉","120.310","23.875","483"
"365","245353","20220727031000","232","3","彰化縣","大城鄉","120.315","23.870","406"
"321","245376","20220727031000","276","1","彰化縣","北斗鎮","120.510","23.880","319"
"43","245379","20220727031000","240","0","彰化縣","田尾鄉","120.515","23.890","24"
"329","245489","20220727031000","304","1","南投縣","仁愛鄉","120.990","23.905","339"
"37","245503","20220727031000","23","3","南投縣","仁愛鄉","121.005","23.910","33"
"21","245515","20220727031000","19","1","南投縣","埔里鎮","121.010","23.920","19"
"33","245723","20220727031000","15","3","南投縣","仁愛鄉","121.025","23.910","35"
"353","245728","20220727031000","298","1","南投縣","仁愛鄉","121.050","23.910","335"
"36","245748","20220727031000","70","0","南投縣","仁愛鄉","121.030","23.920","73"
"150","246363","20220727031000","355","0","彰化縣","北斗鎮","120.525","23.880","132"
"192","246370","20220727031000","213","0","彰化縣","北斗鎮","120.555","23.855","204"
"510","246377","20220727031000","398","2","彰化縣","北斗鎮","120.550","23.865","505"
"306","246388","20220727031000","215","2","彰化縣","埤頭鄉","120.455","23.850","289"
"396","246394","20220727031000","261","3","彰化縣","二林鎮","120.410","23.920","377"
"29","246402","20220727031000","380","0","彰化縣","二林鎮","120.365","23.895","16"
"603","246404","20220727031000","451","2","彰化縣","二林鎮","120.405","23.895","641"
"158","246436","20220727031000","231","0","彰化縣","芳苑鄉","120.380","23.925","151"
"642","246446","20220727031000","452","2","彰化縣","芳苑鄉","120.330","23.895","632"
"159","246468","20220727031000","127","2","彰化縣","芳苑鄉","120.330","23.915","171"
"187","246471","20220727031000","110","3","彰化縣","芳苑鄉","120.335","23.920","176"
"930","246472","20220727031000","815","1","彰化縣","北斗鎮","120.525","23.875","959"
"188","246476","20220727031000","177","1","彰化縣","北斗鎮","120.560","23.850","220"
"44","246477","20220727031000","70","0","彰化縣","北斗鎮","120.540","23.855","61"
"76","246480","20220727031000","62","2","彰化縣","北斗鎮","120.550","23.855","72"
"484","246488","20220727031000","329","2","彰化縣","北斗鎮","120.535","23.870","481"
"95","246493","20220727031000","112","0","彰化縣","二林鎮","120.395","23.890","100"
"356","246499","20220727031000","281","2","彰化縣","大城鄉","120.315","23.850","395"
"189","246518","20220727031000","229","0","南投縣","南投市","120.670","23.890","206"
"592","246522","20220727031000","540","1","南投縣","南投市","120.690","23.890","594"
"1106","246530","20220727031000","953","1","彰化縣","社頭鄉","120.605","23.915","1040"
"622","246531","20220727031000","258","3","彰化縣","田中鎮","120.585","23.875","572"
"75","246534","20220727031000","163","0","彰化縣","田中鎮","120.575","23.865","71"
"321","246537","20220727031000","157","3","彰化縣","田中鎮","120.575","23.875","323"
"92","246545","20220727031000","75","2","彰化縣","田尾鄉","120.510","23.905","79"
"432","246547","20220727031000","344","2","彰化縣","竹塘鄉","120.415","23.850","457"
"464","246558","20220727031000","485","0","彰化縣","田尾鄉","120.535","23.905","427"
"1634","246566","20220727031000","802","3","彰化縣","社頭鄉","120.580","23.895","1668"
"1390","246568","20220727031000","581","3","彰化縣","社頭鄉","120.580","23.900","1420"
"2186","246569","20220727031000","1061","3","彰化縣","社頭鄉","120.580","23.905","2167"
"56","246573","20220727031000","233","0","彰化縣","田尾鄉","120.525","23.885","45"
"193","246574","20220727031000","321","0","彰化縣","田尾鄉","120.530","23.885","166"
"197","246579","20220727031000","108","3","彰化縣","田尾鄉","120.535","23.890","98"
"572","246581","20220727031000","418","2","彰化縣","田尾鄉","120.535","23.895","496"
"844","246583","20220727031000","730","1","彰化縣","田尾鄉","120.530","23.900","875"
"21","246608","20220727031000","34","0","彰化縣","社頭鄉","120.620","23.925","13"
"1458","246615","20220727031000","1300","1","彰化縣","竹塘鄉","120.430","23.855","1418"
"628","246618","20220727031000","643","0","彰化縣","竹塘鄉","120.420","23.875","620"
"213","246630","20220727031000","168","2","彰化縣","竹塘鄉","120.375","23.850","202"
"2533","246654","20220727031000","746","3","彰化縣","社頭鄉","120.585","23.900","2547"
"1318","246659","20220727031000","405","3","彰化縣","社頭鄉","120.585","23.890","1230"
"403","246669","20220727031000","216","3","彰化縣","竹塘鄉","120.445","23.860","390"
"648","246711","20220727031000","292","3","南投縣","魚池鄉","120.910","23.860","575"
"349","246720","20220727031000","171","3","南投縣","魚池鄉","120.900","23.865","376"
"264","246722","20220727031000","215","2","南投縣","魚池鄉","120.910","23.865","256"
"253","246735","20220727031000","152","3","南投縣","魚池鄉","120.925","23.870","225"
"259","246739","20220727031000","226","1","南投縣","魚池鄉","120.935","23.895","264"
"505","246741","20220727031000","381","2","南投縣","魚池鄉","120.935","23.900","521"
"563","246742","20220727031000","415","2","南投縣","魚池鄉","120.940","23.900","588"
"254","246747","20220727031000","259","0","彰化縣","芳苑鄉","120.350","23.900","266"
"334","246748","20220727031000","239","2","彰化縣","二林鎮","120.355","23.900","334"
"156","246749","20220727031000","139","1","彰化縣","芳苑鄉","120.360","23.900","151"
"37","246750","20220727031000","24","3","彰化縣","芳苑鄉","120.345","23.905","32"
"157","246758","20220727031000","124","2","彰化縣","芳苑鄉","120.355","23.920","145"
"266","246770","20220727031000","262","1","彰化縣","芳苑鄉","120.335","23.890","262"
"20","246777","20220727031000","33","0","南投縣","魚池鄉","120.925","23.875","19"
"264","246788","20220727031000","176","3","南投縣","魚池鄉","120.925","23.885","267"
"178","246822","20220727031000","77","3","南投縣","魚池鄉","120.905","23.880","176"
"15","246823","20220727031000","14","1","南投縣","魚池鄉","120.875","23.885","18"
"17","246824","20220727031000","100","0","南投縣","魚池鄉","120.880","23.885","17"
"62","246826","20220727031000","69","0","南投縣","魚池鄉","120.890","23.885","69"
"20","246832","20220727031000","15","2","南投縣","魚池鄉","120.880","23.890","17"
"22","246857","20220727031000","13","3","南投縣","魚池鄉","120.890","23.905","18"
"29","246858","20220727031000","28","1","南投縣","魚池鄉","120.895","23.905","26"
"16","246870","20220727031000","19","0","南投縣","魚池鄉","120.890","23.910","19"
"90","246893","20220727031000","98","0","南投縣","魚池鄉","120.955","23.900","102"
"191","246906","20220727031000","162","1","南投縣","魚池鄉","120.955","23.910","198"
"124","246920","20220727031000","133","0","南投縣","魚池鄉","120.965","23.915","134"
"57","246922","20220727031000","81","0","南投縣","魚池鄉","120.965","23.920","59"
"23","246930","20220727031000","19","2","南投縣","魚池鄉","120.950","23.865","24"
"125","246935","20220727031000","81","3","南投縣","魚池鄉","120.945","23.870","100"
"31","246941","20220727031000","30","1","南投縣","魚池鄉","120.950","23.875","45"
"13","246945","20220727031000","158","0","南投縣","魚池鄉","120.950","23.880","13"
"24","246955","20220727031000","260","0","南投縣","魚池鄉","120.905","23.905","28"
"324","246964","20220727031000","301","1","南投縣","魚池鄉","120.920","23.910","323"
"47","246970","20220727031000","33","2","南投縣","魚池鄉","120.920","23.915","49"
"252","246989","20220727031000","231","1","南投縣","魚池鄉","120.925","23.910","249"
"169","247005","20220727031000","129","2","南投縣","魚池鄉","120.945","23.925","172"
"1001","247013","20220727031000","519","3","南投縣","魚池鄉","120.930","23.850","866"
"23","247024","20220727031000","44","0","南投縣","魚池鄉","120.935","23.855","48"
"418","247088","20220727031000","398","1","南投縣","魚池鄉","120.965","23.890","404"
"578","247100","20220727031000","334","3","南投縣","魚池鄉","120.940","23.895","571"
"27","247101","20220727031000","24","1","南投縣","魚池鄉","120.945","23.895","30"
"85","247117","20220727031000","48","3","彰化縣","竹塘鄉","120.400","23.860","77"
"158","247119","20220727031000","155","1","彰化縣","竹塘鄉","120.410","23.860","173"
"1074","247156","20220727031000","883","2","彰化縣","社頭鄉","120.595","23.900","1062"
"54","247158","20220727031000","198","0","彰化縣","田尾鄉","120.550","23.890","45"
"116","247160","20220727031000","99","1","彰化縣","田尾鄉","120.555","23.895","124"
"24","247163","20220727031000","288","0","彰化縣","田尾鄉","120.560","23.900","11"
"568","247166","20220727031000","598","0","彰化縣","田尾鄉","120.525","23.905","569"
"44","247170","20220727031000","13","3","彰化縣","田尾鄉","120.520","23.890","32"
"551","247187","20220727031000","579","0","彰化縣","田尾鄉","120.500","23.920","569"
"125","247189","20220727031000","617","0","彰化縣","溪湖鎮","120.475","23.925","89"
"2557","247194","20220727031000","532","3","彰化縣","社頭鄉","120.585","23.895","2562"
"294","247207","20220727031000","254","1","彰化縣","社頭鄉","120.605","23.895","303"
"32","247218","20220727031000","162","0","彰化縣","田尾鄉","120.540","23.885","26"
"415","247222","20220727031000","647","0","彰化縣","田中鎮","120.585","23.865","371"
"466","247224","20220727031000","413","1","彰化縣","田中鎮","120.585","23.850","438"
"40","247227","20220727031000","673","0","彰化縣","田中鎮","120.600","23.855","40"
"1074","247235","20220727031000","883","2","彰化縣","田中鎮","120.590","23.855","1025"
"60","247238","20220727031000","40","3","彰化縣","田尾鄉","120.530","23.895","29"
"215","247244","20220727031000","163","2","彰化縣","北斗鎮","120.545","23.880","193"
"59","247248","20220727031000","37","3","彰化縣","田尾鄉","120.550","23.885","39"
"245","247250","20220727031000","222","1","彰化縣","田尾鄉","120.560","23.890","259"
"106","247251","20220727031000","98","1","彰化縣","田尾鄉","120.565","23.890","106"
"21","247253","20220727031000","379","0","彰化縣","田尾鄉","120.535","23.900","11"
"103","247259","20220727031000","826","0","彰化縣","田尾鄉","120.550","23.900","71"
"547","247268","20220727031000","459","1","彰化縣","社頭鄉","120.585","23.920","519"
"57","247277","20220727031000","48","1","彰化縣","社頭鄉","120.615","23.885","58"
"408","247283","20220727031000","327","2","彰化縣","社頭鄉","120.610","23.890","400"
"24","247286","20220727031000","20","2","彰化縣","社頭鄉","120.570","23.910","19"
"46","247288","20220727031000","46","1","彰化縣","永靖鄉","120.575","23.915","36"
"56","247290","20220727031000","36","3","彰化縣","永靖鄉","120.575","23.920","50"
"18","247291","20220727031000","322","0","彰化縣","社頭鄉","120.595","23.920","25"
"37","247293","20220727031000","313","0","彰化縣","社頭鄉","120.605","23.920","16"
"514","247305","20220727031000","549","0","彰化縣","北斗鎮","120.570","23.850","540"
"250","247308","20220727031000","223","1","彰化縣","田中鎮","120.575","23.855","277"
"708","247312","20220727031000","535","2","彰化縣","田中鎮","120.605","23.855","634"
"490","247316","20220727031000","1049","0","彰化縣","田中鎮","120.580","23.860","454"
"556","247328","20220727031000","361","3","彰化縣","社頭鄉","120.575","23.900","528"
"340","247336","20220727031000","293","1","彰化縣","社頭鄉","120.610","23.905","329"
"25","247347","20220727031000","10","3","彰化縣","社頭鄉","120.630","23.905","14"
"446","247352","20220727031000","404","1","彰化縣","田中鎮","120.560","23.865","434"
"131","247353","20220727031000","161","0","彰化縣","田中鎮","120.565","23.865","150"
"197","247359","20220727031000","105","3","彰化縣","田中鎮","120.590","23.865","197"
"542","247361","20220727031000","510","1","彰化縣","田中鎮","120.585","23.870","557"
"474","247365","20220727031000","455","1","彰化縣","田中鎮","120.585","23.860","466"
"232","247366","20220727031000","175","2","彰化縣","田中鎮","120.570","23.875","205"
"17","247367","20220727031000","215","0","彰化縣","田中鎮","120.560","23.880","16"
"316","247377","20220727031000","266","1","彰化縣","田中鎮","120.605","23.870","299"
"152","247383","20220727031000","138","1","彰化縣","田中鎮","120.605","23.875","155"
"270","247399","20220727031000","230","1","彰化縣","田中鎮","120.595","23.855","257"
"72","247400","20220727031000","218","0","彰化縣","田中鎮","120.590","23.860","71"
"655","247403","20220727031000","296","3","彰化縣","社頭鄉","120.590","23.900","671"
"993","247409","20220727031000","293","3","彰化縣","社頭鄉","120.585","23.885","935"
"61","247637","20220727031000","24","3","花蓮縣","壽豐鄉","121.610","23.920","49"
"188","252412","20220727031000","110","3","花蓮縣","花蓮市","121.640","23.995","203"
"54","252926","20220727031000","46","1","臺中市","霧峰區","120.705","24.010","53"
"197","253141","20220727031000","144","2","花蓮縣","秀林鄉","121.505","23.945","209"
"337","253374","20220727031000","259","2","花蓮縣","秀林鄉","121.555","24.005","333"
"184","253376","20220727031000","222","0","花蓮縣","新城鄉","121.615","24.005","218"
"153","253382","20220727031000","152","1","花蓮縣","吉安鄉","121.580","23.925","162"
"206","253393","20220727031000","148","2","花蓮縣","吉安鄉","121.585","23.930","185"
"219","253400","20220727031000","166","2","花蓮縣","吉安鄉","121.580","23.935","241"
"755","253410","20220727031000","603","2","花蓮縣","吉安鄉","121.595","23.940","783"
"634","253413","20220727031000","552","1","花蓮縣","吉安鄉","121.575","23.945","671"
"1531","253414","20220727031000","1025","2","花蓮縣","吉安鄉","121.585","23.975","1521"
"188","253433","20220727031000","179","1","花蓮縣","吉安鄉","121.550","23.945","198"
"148","253436","20220727031000","115","2","花蓮縣","吉安鄉","121.525","23.945","145"
"16","253450","20220727031000","28","0","花蓮縣","吉安鄉","121.580","23.950","20"
"1359","253452","20220727031000","1055","2","花蓮縣","吉安鄉","121.590","23.950","1344"
"827","253454","20220727031000","691","1","花蓮縣","吉安鄉","121.590","23.955","842"
"553","253457","20220727031000","429","2","花蓮縣","吉安鄉","121.590","23.945","546"
"533","253463","20220727031000","382","2","花蓮縣","吉安鄉","121.600","23.945","551"
"1010","253470","20220727031000","1536","0","花蓮縣","吉安鄉","121.590","23.965","1040"
"1105","253471","20220727031000","598","3","花蓮縣","吉安鄉","121.590","23.970","1132"
"2927","253472","20220727031000","2361","2","花蓮縣","花蓮市","121.590","23.975","2870"
"1126","253475","20220727031000","1030","1","花蓮縣","吉安鄉","121.590","23.980","1106"
"355","253477","20220727031000","294","2","花蓮縣","吉安鄉","121.585","23.985","350"
"345","253478","20220727031000","267","2","花蓮縣","吉安鄉","121.585","23.980","320"
"915","253479","20220727031000","761","2","花蓮縣","花蓮市","121.600","23.985","988"
"337","253480","20220727031000","312","1","花蓮縣","吉安鄉","121.580","23.985","372"
"570","253481","20220727031000","526","1","花蓮縣","吉安鄉","121.585","23.990","541"
"2474","253482","20220727031000","1768","2","花蓮縣","花蓮市","121.595","23.990","2430"
"1931","253484","20220727031000","1339","2","花蓮縣","吉安鄉","121.580","23.970","1917"
"562","253485","20220727031000","516","1","花蓮縣","吉安鄉","121.585","23.970","555"
"161","253506","20220727031000","178","0","花蓮縣","吉安鄉","121.570","23.965","163"
"512","253507","20220727031000","325","3","花蓮縣","吉安鄉","121.575","23.965","500"
"617","253508","20220727031000","459","2","花蓮縣","吉安鄉","121.565","23.970","632"
"82","253517","20220727031000","98","0","花蓮縣","吉安鄉","121.560","23.975","82"
"1546","253520","20220727031000","1096","2","花蓮縣","吉安鄉","121.580","23.975","1535"
"679","253542","20220727031000","566","1","花蓮縣","吉安鄉","121.555","23.990","651"
"136","253545","20220727031000","128","1","花蓮縣","吉安鄉","121.570","23.990","124"
"522","253552","20220727031000","333","3","花蓮縣","吉安鄉","121.570","23.975","496"
"924","253554","20220727031000","460","3","花蓮縣","吉安鄉","121.565","23.980","918"
"1604","253555","20220727031000","1170","2","花蓮縣","吉安鄉","121.570","23.980","1597"
"445","253556","20220727031000","430","1","花蓮縣","吉安鄉","121.575","23.980","458"
"45","253557","20220727031000","34","2","花蓮縣","吉安鄉","121.555","23.985","44"
"780","253559","20220727031000","395","3","花蓮縣","吉安鄉","121.565","23.985","811"
"283","253561","20220727031000","155","3","花蓮縣","吉安鄉","121.605","23.955","246"
"741","253562","20220727031000","502","2","花蓮縣","吉安鄉","121.595","23.960","734"
"526","253563","20220727031000","460","1","花蓮縣","吉安鄉","121.600","23.960","555"
"1592","253565","20220727031000","1714","0","花蓮縣","吉安鄉","121.595","23.965","1588"
"585","253569","20220727031000","569","1","花蓮縣","吉安鄉","121.575","23.985","560"
"521","253575","20220727031000","342","3","花蓮縣","吉安鄉","121.570","23.940","534"
"551","253584","20220727031000","523","1","花蓮縣","吉安鄉","121.560","23.950","626"
"870","253594","20220727031000","714","2","花蓮縣","吉安鄉","121.550","23.965","860"
"66","253595","20220727031000","55","2","花蓮縣","吉安鄉","121.555","23.965","73"
"912","253596","20220727031000","797","1","花蓮縣","吉安鄉","121.560","23.965","942"
"1109","253597","20220727031000","708","3","花蓮縣","吉安鄉","121.565","23.965","1085"
"559","253603","20220727031000","309","3","花蓮縣","吉安鄉","121.560","23.970","562"
"512","253608","20220727031000","255","3","花蓮縣","吉安鄉","121.580","23.955","541"
"981","253609","20220727031000","909","1","花蓮縣","吉安鄉","121.570","23.960","977"
"454","253611","20220727031000","396","1","花蓮縣","吉安鄉","121.580","23.960","478"
"347","253627","20220727031000","274","2","花蓮縣","吉安鄉","121.535","23.930","311"
"537","253648","20220727031000","439","2","花蓮縣","花蓮市","121.625","23.985","534"
"1355","253649","20220727031000","1343","1","花蓮縣","花蓮市","121.620","24.005","1359"
"82","253650","20220727031000","61","2","彰化縣","二林鎮","120.420","23.955","79"
"96","253656","20220727031000","92","1","彰化縣","二林鎮","120.415","23.965","106"
"333","253670","20220727031000","265","2","彰化縣","二林鎮","120.440","23.930","356"
"1992","253672","20220727031000","1606","2","彰化縣","員林鎮","120.580","23.955","1985"
"625","253673","20220727031000","552","1","彰化縣","員林鎮","120.585","23.955","620"
"517","253675","20220727031000","719","0","彰化縣","員林鎮","120.565","23.950","534"
"373","253677","20220727031000","306","2","彰化縣","埔心鄉","120.560","23.940","331"
"757","253681","20220727031000","709","1","彰化縣","員林鎮","120.565","23.945","764"
"12","253686","20220727031000","11","1","彰化縣","員林鎮","120.610","23.980","12"
"1405","253688","20220727031000","1253","1","彰化縣","員林鎮","120.570","23.960","1392"
"2426","253689","20220727031000","2219","1","彰化縣","員林鎮","120.570","23.955","2416"
"239","253764","20220727031000","190","2","花蓮縣","秀林鄉","121.505","23.960","242"
"152","253789","20220727031000","90","3","花蓮縣","秀林鄉","121.495","23.965","155"
"1533","254233","20220727031000","1692","0","花蓮縣","花蓮市","121.605","23.975","1463"
"2605","254234","20220727031000","2181","1","花蓮縣","花蓮市","121.600","23.975","2726"
"1733","254236","20220727031000","1388","2","花蓮縣","花蓮市","121.625","23.990","1680"
"730","254237","20220727031000","713","1","花蓮縣","花蓮市","121.630","23.985","688"
"1370","254238","20220727031000","1093","2","花蓮縣","花蓮市","121.630","23.990","1322"
"2292","254240","20220727031000","2020","1","花蓮縣","花蓮市","121.635","23.995","2330"
"54","254242","20220727031000","35","3","南投縣","國姓鄉","120.880","23.970","31"
"288","254247","20220727031000","265","1","南投縣","國姓鄉","120.875","23.975","288"
"13","254256","20220727031000","21","0","南投縣","國姓鄉","120.885","23.980","13"
"235","254260","20220727031000","219","1","南投縣","國姓鄉","120.870","23.985","251"
"50","254328","20220727031000","26","3","南投縣","國姓鄉","120.830","23.945","29"
"37","254335","20220727031000","33","1","南投縣","國姓鄉","120.865","23.945","39"
"100","254346","20220727031000","88","1","南投縣","國姓鄉","120.865","23.950","102"
"34","254349","20220727031000","28","2","南投縣","中寮鄉","120.830","23.955","24"
"38","254374","20220727031000","25","3","南投縣","國姓鄉","120.860","23.960","37"
"60","254379","20220727031000","17","3","南投縣","中寮鄉","120.835","23.965","56"
"148","254397","20220727031000","126","1","南投縣","國姓鄉","120.865","23.975","153"
"803","254400","20220727031000","623","2","南投縣","埔里鎮","120.970","23.955","768"
"702","254401","20220727031000","474","2","南投縣","埔里鎮","120.990","23.945","763"
"1293","254411","20220727031000","2231","0","南投縣","埔里鎮","120.975","23.955","1253"
"2174","254415","20220727031000","1756","2","南投縣","埔里鎮","120.975","23.960","2142"
"116","254447","20220727031000","159","0","南投縣","埔里鎮","120.925","23.940","141"
"31","254450","20220727031000","41","0","南投縣","埔里鎮","120.940","23.940","52"
"122","254465","20220727031000","373","0","南投縣","埔里鎮","120.915","23.950","129"
"132","254467","20220727031000","676","0","南投縣","埔里鎮","120.925","23.950","123"
"274","254470","20220727031000","257","1","南投縣","埔里鎮","120.940","23.950","263"
"111","254481","20220727031000","136","0","南投縣","埔里鎮","120.915","23.955","103"
"201","254490","20220727031000","249","0","南投縣","埔里鎮","120.980","23.935","177"
"57","254499","20220727031000","71","0","南投縣","埔里鎮","120.995","23.940","60"
"439","254504","20220727031000","375","1","南投縣","埔里鎮","120.970","23.945","416"
"445","254506","20220727031000","373","1","南投縣","埔里鎮","120.980","23.945","439"
"614","254510","20220727031000","440","2","南投縣","埔里鎮","120.965","23.950","648"
"426","254512","20220727031000","499","0","南投縣","埔里鎮","120.975","23.950","393"
"2168","254517","20220727031000","1967","1","南投縣","埔里鎮","120.970","23.970","2118"
"354","254519","20220727031000","251","2","南投縣","埔里鎮","120.975","23.975","347"
"27","254520","20220727031000","93","0","南投縣","埔里鎮","120.970","23.980","20"
"243","254538","20220727031000","149","3","南投縣","中寮鄉","120.790","23.945","258"
"427","254550","20220727031000","1150","0","南投縣","埔里鎮","120.970","23.965","425"
"272","254560","20220727031000","287","0","南投縣","埔里鎮","120.945","23.960","253"
"29","254571","20220727031000","189","0","南投縣","埔里鎮","120.930","23.970","22"
"327","254589","20220727031000","296","1","南投縣","埔里鎮","120.955","24.005","355"
"947","254592","20220727031000","929","1","南投縣","埔里鎮","120.965","23.955","950"
"32","254599","20220727031000","28","1","南投縣","埔里鎮","120.915","23.990","32"
"857","254621","20220727031000","535","3","南投縣","埔里鎮","120.960","23.960","840"
"138","254622","20220727031000","113","2","南投縣","埔里鎮","120.965","23.960","147"
"59","254624","20220727031000","1046","0","南投縣","埔里鎮","120.955","23.965","54"
"505","254627","20220727031000","746","0","南投縣","埔里鎮","120.960","23.970","467"
"652","254629","20220727031000","626","1","南投縣","埔里鎮","120.955","23.975","680"
"752","254633","20220727031000","784","0","南投縣","埔里鎮","120.980","23.980","720"
"50","254641","20220727031000","209","0","南投縣","埔里鎮","120.955","23.955","45"
"433","254658","20220727031000","367","1","南投縣","埔里鎮","120.980","23.990","430"
"219","254675","20220727031000","183","1","南投縣","埔里鎮","120.960","24.000","205"
"38","254680","20220727031000","24","3","南投縣","埔里鎮","120.985","24.000","34"
"30","254694","20220727031000","347","0","南投縣","埔里鎮","120.955","23.940","21"
"361","254705","20220727031000","330","1","南投縣","埔里鎮","120.970","24.005","360"
"199","254706","20220727031000","165","2","南投縣","埔里鎮","120.975","24.005","190"
"531","254712","20220727031000","459","1","花蓮縣","花蓮市","121.610","23.970","541"
"1639","254713","20220727031000","1229","2","花蓮縣","花蓮市","121.600","23.965","1718"
"667","254714","20220727031000","555","2","花蓮縣","花蓮市","121.610","23.985","626"
"1528","254716","20220727031000","1391","1","花蓮縣","花蓮市","121.605","23.980","1477"
"1328","254717","20220727031000","1043","2","花蓮縣","花蓮市","121.600","23.980","1268"
"777","254719","20220727031000","909","0","花蓮縣","花蓮市","121.605","23.985","759"
"32","254721","20220727031000","108","0","花蓮縣","花蓮市","121.600","23.970","29"
"1627","254723","20220727031000","1999","0","花蓮縣","花蓮市","121.605","23.970","1595"
"60","254728","20220727031000","85","0","花蓮縣","花蓮市","121.615","23.985","51"
"1142","254729","20220727031000","1210","0","花蓮縣","花蓮市","121.620","24.000","1116"
"1702","254730","20220727031000","1657","1","花蓮縣","花蓮市","121.625","23.995","1696"
"942","254732","20220727031000","540","3","花蓮縣","花蓮市","121.615","23.975","952"
"419","254733","20220727031000","319","2","花蓮縣","花蓮市","121.615","23.980","439"
"1664","254735","20220727031000","1370","2","花蓮縣","吉安鄉","121.590","23.985","1616"
"114","254742","20220727031000","242","0","花蓮縣","花蓮市","121.610","24.005","110"
"39","254743","20220727031000","166","0","花蓮縣","吉安鄉","121.580","23.990","40"
"759","254745","20220727031000","521","2","花蓮縣","吉安鄉","121.590","23.990","803"
"505","254746","20220727031000","810","0","花蓮縣","花蓮市","121.585","23.995","485"
"537","254747","20220727031000","493","1","花蓮縣","花蓮市","121.590","23.995","567"
"793","254748","20220727031000","867","0","花蓮縣","花蓮市","121.595","23.995","752"
"386","254754","20220727031000","387","0","花蓮縣","花蓮市","121.590","24.005","379"
"483","254755","20220727031000","418","1","花蓮縣","花蓮市","121.595","24.005","456"
"1474","254756","20220727031000","1573","0","花蓮縣","花蓮市","121.595","23.970","1421"
"909","254757","20220727031000","680","2","花蓮縣","花蓮市","121.595","23.975","883"
"2375","254766","20220727031000","2152","1","彰化縣","員林鎮","120.570","23.970","2411"
"634","254767","20220727031000","561","1","彰化縣","員林鎮","120.575","23.970","630"
"696","254769","20220727031000","554","2","花蓮縣","花蓮市","121.610","23.975","685"
"1833","254770","20220727031000","1115","3","花蓮縣","花蓮市","121.610","23.980","1807"
"804","254771","20220727031000","748","1","花蓮縣","花蓮市","121.615","24.000","849"
"20","254772","20220727031000","31","0","花蓮縣","花蓮市","121.560","24.000","23"
"206","254777","20220727031000","160","2","花蓮縣","花蓮市","121.575","24.005","203"
"2418","254779","20220727031000","2180","1","花蓮縣","花蓮市","121.600","23.990","2421"
"875","254780","20220727031000","793","1","花蓮縣","花蓮市","121.610","23.990","943"
"2894","254781","20220727031000","2729","1","花蓮縣","花蓮市","121.605","23.990","2835"
"634","254782","20220727031000","527","2","花蓮縣","花蓮市","121.605","23.995","722"
"3149","254783","20220727031000","3055","1","花蓮縣","吉安鄉","121.575","23.990","3174"
"1547","254784","20220727031000","1760","0","花蓮縣","吉安鄉","121.565","23.995","1538"
"569","254785","20220727031000","433","2","花蓮縣","花蓮市","121.570","23.995","500"
"165","254786","20220727031000","329","0","花蓮縣","花蓮市","121.575","23.995","154"
"1163","254789","20220727031000","1157","1","花蓮縣","吉安鄉","121.595","23.985","1123"
"2300","254790","20220727031000","1714","2","花蓮縣","花蓮市","121.600","23.995","2340"
"21","254887","20220727031000","136","0","南投縣","中寮鄉","120.780","23.945","24"
"230","254901","20220727031000","219","1","南投縣","中寮鄉","120.765","23.940","226"
"242","254913","20220727031000","202","1","彰化縣","員林鎮","120.550","23.975","239"
"565","254920","20220727031000","526","1","彰化縣","員林鎮","120.580","23.935","535"
"59","254922","20220727031000","92","0","彰化縣","員林鎮","120.575","23.940","54"
"357","254925","20220727031000","311","1","彰化縣","員林鎮","120.580","23.945","360"
"75","254926","20220727031000","379","0","彰化縣","員林鎮","120.575","23.945","67"
"688","254940","20220727031000","660","1","花蓮縣","花蓮市","121.620","23.985","705"
"712","254941","20220727031000","616","1","花蓮縣","花蓮市","121.615","23.990","651"
"291","254942","20220727031000","314","0","花蓮縣","花蓮市","121.620","23.990","299"
"104","254950","20220727031000","70","2","花蓮縣","花蓮市","121.645","24.005","72"
"551","254952","20220727031000","505","1","彰化縣","埔心鄉","120.520","23.965","563"
"35","254964","20220727031000","84","0","彰化縣","芳苑鄉","120.325","23.940","28"
"331","254974","20220727031000","227","2","彰化縣","芳苑鄉","120.330","23.940","323"
"1874","255019","20220727031000","1416","2","彰化縣","員林鎮","120.565","23.965","1812"
"145","255021","20220727031000","724","0","彰化縣","員林鎮","120.600","23.965","132"
"66","255024","20220727031000","48","2","彰化縣","員林鎮","120.610","23.970","65"
"375","255030","20220727031000","359","1","彰化縣","埔心鄉","120.530","23.940","378"
"29","255038","20220727031000","599","0","彰化縣","埔鹽鄉","120.480","23.990","26"
"185","255039","20220727031000","158","1","彰化縣","埔鹽鄉","120.500","23.975","168"
"119","255044","20220727031000","244","0","南投縣","南投市","120.700","23.930","141"
"234","255046","20220727031000","191","2","南投縣","南投市","120.635","23.935","236"
"162","255053","20220727031000","147","1","南投縣","南投市","120.635","23.945","168"
"580","255063","20220727031000","612","0","彰化縣","永靖鄉","120.555","23.935","573"
"55","255064","20220727031000","368","0","彰化縣","永靖鄉","120.560","23.930","28"
"592","255065","20220727031000","557","1","彰化縣","員林鎮","120.555","23.960","611"
"355","255068","20220727031000","188","3","彰化縣","員林鎮","120.560","23.965","369"
"482","255069","20220727031000","379","2","彰化縣","員林鎮","120.555","23.970","469"
"1536","255073","20220727031000","1396","1","南投縣","南投市","120.690","23.945","1554"
"1238","255074","20220727031000","1076","1","南投縣","南投市","120.690","23.950","1220"
"26","255075","20220727031000","156","0","南投縣","南投市","120.685","23.950","29"
"51","255078","20220727031000","256","0","南投縣","南投市","120.675","23.945","50"
"32","255079","20220727031000","549","0","南投縣","南投市","120.680","23.945","42"
"127","255081","20220727031000","170","0","南投縣","草屯鎮","120.675","23.950","131"
"295","255088","20220727031000","314","0","南投縣","南投市","120.660","23.935","305"
"152","255092","20220727031000","241","0","南投縣","南投市","120.665","23.940","139"
"101","255094","20220727031000","115","0","南投縣","南投市","120.650","23.945","112"
"14","255100","20220727031000","151","0","南投縣","南投市","120.655","23.950","14"
"320","255130","20220727031000","239","2","彰化縣","芳苑鄉","120.315","23.930","328"
"22","255153","20220727031000","157","0","彰化縣","芳苑鄉","120.380","23.940","13"
"630","255158","20220727031000","433","2","彰化縣","芳苑鄉","120.380","23.955","593"
"202","255176","20220727031000","497","0","彰化縣","埔心鄉","120.555","23.940","177"
"1201","255177","20220727031000","1239","0","彰化縣","埔心鄉","120.540","23.950","1232"
"31","255178","20220727031000","576","0","彰化縣","埔心鄉","120.545","23.950","20"
"94","255179","20220727031000","81","1","彰化縣","埔心鄉","120.540","23.955","89"
"339","255199","20220727031000","285","1","彰化縣","二林鎮","120.420","23.950","363"
"389","255210","20220727031000","416","0","彰化縣","永靖鄉","120.550","23.930","377"
"333","255220","20220727031000","404","0","彰化縣","大村鄉","120.585","23.990","302"
"728","255222","20220727031000","979","0","彰化縣","大村鄉","120.580","23.995","723"
"13","255223","20220727031000","18","0","彰化縣","大村鄉","120.585","23.995","12"
"52","255227","20220727031000","57","0","彰化縣","大村鄉","120.590","23.995","60"
"30","255230","20220727031000","44","0","彰化縣","大村鄉","120.605","23.995","32"
"126","255232","20220727031000","338","0","彰化縣","大村鄉","120.595","24.000","116"
"583","255234","20220727031000","500","1","彰化縣","大村鄉","120.570","23.975","593"
"719","255238","20220727031000","565","2","彰化縣","大村鄉","120.535","24.000","696"
"16","255239","20220727031000","223","0","彰化縣","大村鄉","120.540","24.000","19"
"261","255251","20220727031000","225","1","彰化縣","埔心鄉","120.515","23.970","264"
"72","255257","20220727031000","44","3","彰化縣","埔心鄉","120.540","23.965","39"
"509","255261","20220727031000","313","3","彰化縣","埔心鄉","120.555","23.950","485"
"124","255262","20220727031000","134","0","彰化縣","埔心鄉","120.550","23.955","122"
"357","255263","20220727031000","317","1","彰化縣","埔心鄉","120.555","23.955","381"
"12","255264","20220727031000","286","0","彰化縣","埔心鄉","120.545","23.960","22"
"710","255265","20220727031000","43","3","彰化縣","埔心鄉","120.560","23.945","698"
"441","255266","20220727031000","231","3","彰化縣","埔心鄉","120.550","23.945","461"
"451","255267","20220727031000","394","1","彰化縣","埔心鄉","120.555","23.945","434"
"177","255273","20220727031000","128","2","彰化縣","埔心鄉","120.515","23.940","162"
"240","255276","20220727031000","150","3","彰化縣","埔心鄉","120.525","23.950","169"
"945","255277","20220727031000","604","3","彰化縣","埔心鄉","120.525","23.945","1051"
"353","255284","20220727031000","299","1","彰化縣","埔心鄉","120.520","23.945","306"
"647","255287","20220727031000","419","3","彰化縣","埔心鄉","120.515","23.950","668"
"325","255292","20220727031000","315","1","南投縣","埔里鎮","120.935","23.995","239"
"21","255303","20220727031000","54","0","南投縣","埔里鎮","120.945","24.000","19"
"269","255308","20220727031000","165","3","南投縣","埔里鎮","120.940","24.005","257"
"97","255309","20220727031000","255","0","南投縣","埔里鎮","120.945","24.005","95"
"655","255312","20220727031000","501","2","彰化縣","溪湖鎮","120.495","23.965","580"
"404","255322","20220727031000","328","2","彰化縣","溪湖鎮","120.510","23.970","333"
"1128","255326","20220727031000","597","3","彰化縣","大村鄉","120.545","23.995","1078"
"354","255337","20220727031000","319","1","彰化縣","大村鄉","120.555","24.000","363"
"558","255339","20220727031000","437","2","彰化縣","大村鄉","120.550","24.005","582"
"27","255345","20220727031000","411","0","彰化縣","大村鄉","120.580","24.000","23"
"85","255351","20220727031000","77","1","彰化縣","大村鄉","120.585","24.000","84"
"420","255359","20220727031000","361","1","彰化縣","大村鄉","120.550","23.980","440"
"1024","255361","20220727031000","802","2","彰化縣","大村鄉","120.565","23.980","944"
"430","255365","20220727031000","357","2","彰化縣","大村鄉","120.540","23.975","426"
"74","255366","20220727031000","71","1","彰化縣","大村鄉","120.520","23.980","58"
"36","255371","20220727031000","76","0","彰化縣","芳苑鄉","120.355","23.935","17"
"153","255379","20220727031000","72","3","彰化縣","芳苑鄉","120.365","23.940","141"
"138","255396","20220727031000","243","0","彰化縣","芳苑鄉","120.350","23.975","52"
"549","255400","20220727031000","282","3","彰化縣","芳苑鄉","120.345","23.980","460"
"293","255443","20220727031000","217","2","彰化縣","芳苑鄉","120.390","23.980","261"
"87","255448","20220727031000","74","1","彰化縣","芳苑鄉","120.385","23.985","80"
"1662","255463","20220727031000","1446","1","南投縣","埔里鎮","120.975","23.970","1704"
"46","255464","20220727031000","318","0","彰化縣","埔心鄉","120.560","23.950","55"
"354","255466","20220727031000","313","1","南投縣","南投市","120.695","23.940","365"
"574","255472","20220727031000","525","1","南投縣","南投市","120.695","23.945","560"
"48","255475","20220727031000","33","2","南投縣","南投市","120.700","23.950","40"
"288","255480","20220727031000","436","0","南投縣","南投市","120.695","23.950","274"
"100","255482","20220727031000","114","0","南投縣","南投市","120.690","23.955","106"
"46","255490","20220727031000","194","0","南投縣","南投市","120.690","23.930","39"
"1292","255491","20220727031000","898","2","南投縣","南投市","120.695","23.930","1254"
"306","255494","20220727031000","657","0","南投縣","南投市","120.690","23.935","304"
"284","255496","20220727031000","421","0","南投縣","南投市","120.700","23.935","293"
"66","255498","20220727031000","438","0","南投縣","南投市","120.710","23.935","65"
"307","255525","20220727031000","777","0","彰化縣","芳苑鄉","120.335","23.960","175"
"111","255535","20220727031000","92","2","彰化縣","芳苑鄉","120.360","23.970","101"
"157","255545","20220727031000","123","2","彰化縣","二林鎮","120.385","23.945","159"
"160","255549","20220727031000","177","0","彰化縣","芳苑鄉","120.385","23.955","174"
"182","255550","20220727031000","129","2","彰化縣","芳苑鄉","120.390","23.955","151"
"180","255551","20220727031000","151","1","彰化縣","芳苑鄉","120.395","23.955","191"
"88","255559","20220727031000","96","0","彰化縣","芳苑鄉","120.385","23.970","118"
"75","255593","20220727031000","64","1","南投縣","國姓鄉","120.855","23.995","79"
"269","255626","20220727031000","234","1","南投縣","國姓鄉","120.840","24.005","260"
"188","255633","20220727031000","186","1","南投縣","國姓鄉","120.815","24.000","180"
"155","255636","20220727031000","101","3","南投縣","國姓鄉","120.815","24.005","145"
"23","255646","20220727031000","323","0","南投縣","埔里鎮","120.955","23.995","227"
"265","255647","20220727031000","212","2","南投縣","埔里鎮","120.960","23.965","275"
"12","255663","20220727031000","139","0","南投縣","埔里鎮","121.000","23.955","12"
"224","255680","20220727031000","186","2","南投縣","埔里鎮","121.000","23.965","233"
"716","255708","20220727031000","716","1","南投縣","埔里鎮","120.995","23.975","686"
"150","255724","20220727031000","130","1","南投縣","埔里鎮","121.005","23.980","181"
"87","255748","20220727031000","90","0","南投縣","埔里鎮","121.020","23.990","82"
"101","255778","20220727031000","78","2","南投縣","仁愛鄉","121.040","24.000","77"
"12","255784","20220727031000","15","0","南投縣","埔里鎮","121.055","24.000","14"
"671","255785","20220727031000","911","0","南投縣","埔里鎮","120.965","23.965","657"
"31","255786","20220727031000","39","0","南投縣","埔里鎮","120.965","23.970","28"
"295","255794","20220727031000","277","1","南投縣","埔里鎮","120.990","23.930","300"
"703","255798","20220727031000","539","2","彰化縣","埔鹽鄉","120.485","24.005","713"
"513","255803","20220727031000","403","2","彰化縣","埔鹽鄉","120.475","23.995","502"
"825","255804","20220727031000","609","2","彰化縣","埔鹽鄉","120.480","23.995","852"
"233","255810","20220727031000","171","2","彰化縣","埔鹽鄉","120.455","24.010","249"
"24","255814","20220727031000","460","0","彰化縣","埔鹽鄉","120.430","23.980","19"
"293","255817","20220727031000","244","2","彰化縣","埔鹽鄉","120.445","23.960","292"
"346","255822","20220727031000","177","3","彰化縣","埔鹽鄉","120.440","23.975","310"
"678","255835","20220727031000","554","2","彰化縣","埔鹽鄉","120.465","24.000","674"
"206","255836","20220727031000","155","2","彰化縣","埔鹽鄉","120.460","24.005","229"
"735","255841","20220727031000","503","2","彰化縣","花壇鄉","120.575","24.005","729"
"299","255861","20220727031000","119","3","彰化縣","埔鹽鄉","120.450","23.985","278"
"45","255868","20220727031000","351","0","彰化縣","埔鹽鄉","120.445","23.985","29"
"335","255875","20220727031000","245","2","彰化縣","埔鹽鄉","120.465","23.970","351"
"171","255894","20220727031000","219","0","彰化縣","埔鹽鄉","120.490","23.990","192"
"22","255901","20220727031000","256","0","彰化縣","埔鹽鄉","120.490","23.975","13"
"71","255903","20220727031000","465","0","彰化縣","埔鹽鄉","120.480","23.980","49"
"645","255912","20220727031000","479","2","彰化縣","大村鄉","120.530","23.990","612"
"399","255913","20220727031000","458","0","彰化縣","大村鄉","120.535","23.990","531"
"1103","255917","20220727031000","1078","1","彰化縣","大村鄉","120.555","23.990","1126"
"168","255920","20220727031000","461","0","彰化縣","大村鄉","120.575","23.985","169"
"430","255921","20220727031000","420","1","彰化縣","大村鄉","120.580","23.985","453"
"464","255923","20220727031000","598","0","彰化縣","大村鄉","120.590","23.985","514"
"125","255924","20220727031000","102","2","彰化縣","大村鄉","120.595","23.985","133"
"177","255941","20220727031000","140","2","彰化縣","大村鄉","120.540","23.980","165"
"267","255950","20220727031000","237","1","彰化縣","大村鄉","120.510","23.985","286"
"339","255953","20220727031000","203","3","彰化縣","大村鄉","120.520","23.985","335"
"170","255956","20220727031000","953","0","彰化縣","大村鄉","120.560","23.990","124"
"51","255962","20220727031000","37","2","彰化縣","埔鹽鄉","120.430","23.995","44"
"410","255975","20220727031000","225","3","彰化縣","埔鹽鄉","120.420","23.990","396"
"107","255987","20220727031000","555","0","彰化縣","埔鹽鄉","120.450","24.005","91"
"326","256002","20220727031000","542","0","南投縣","埔里鎮","120.945","23.965","334"
"85","256004","20220727031000","936","0","南投縣","埔里鎮","120.945","23.970","82"
"85","256025","20220727031000","70","2","南投縣","埔里鎮","120.890","23.955","80"
"1034","256042","20220727031000","999","1","南投縣","埔里鎮","120.945","23.975","1037"
"438","256043","20220727031000","400","1","南投縣","埔里鎮","120.925","23.980","404"
"65","256061","20220727031000","62","1","彰化縣","員林鎮","120.605","23.950","51"
"1114","256062","20220727031000","808","2","彰化縣","員林鎮","120.605","23.955","1145"
"49","256063","20220727031000","473","0","南投縣","南投市","120.670","23.930","63"
"53","256065","20220727031000","328","0","南投縣","南投市","120.675","23.935","45"
"26","256071","20220727031000","27","0","南投縣","南投市","120.730","23.930","28"
"266","256085","20220727031000","191","2","南投縣","南投市","120.660","23.930","250"
"95","256086","20220727031000","86","1","南投縣","南投市","120.665","23.930","110"
"617","256089","20220727031000","565","1","南投縣","南投市","120.670","23.940","625"
"332","256091","20220727031000","308","1","彰化縣","員林鎮","120.570","23.965","335"
"1404","256092","20220727031000","1716","0","彰化縣","員林鎮","120.575","23.965","1356"
"1938","256094","20220727031000","1710","1","彰化縣","員林鎮","120.580","23.960","1970"
"2336","256096","20220727031000","1542","3","彰化縣","員林鎮","120.580","23.965","2350"
"102","256144","20220727031000","101","1","南投縣","仁愛鄉","121.080","23.995","98"
"131","256164","20220727031000","116","1","南投縣","仁愛鄉","121.085","24.000","121"
"90","256171","20220727031000","77","1","南投縣","仁愛鄉","121.070","24.005","88"
"76","256180","20220727031000","56","2","南投縣","仁愛鄉","121.130","23.980","83"
"279","256187","20220727031000","239","1","南投縣","仁愛鄉","121.100","23.990","250"
"92","256354","20220727031000","45","3","南投縣","仁愛鄉","121.075","23.930","86"
"188","256404","20220727031000","136","2","南投縣","仁愛鄉","121.075","23.950","195"
"23","256598","20220727031000","15","3","南投縣","仁愛鄉","121.120","23.950","17"
"77","256646","20220727031000","28","3","南投縣","仁愛鄉","121.180","23.955","61"
"96","256716","20220727031000","55","3","南投縣","仁愛鄉","121.130","23.960","109"
"111","256753","20220727031000","93","1","南投縣","仁愛鄉","121.105","23.965","121"
"96","256953","20220727031000","1418","0","彰化縣","員林鎮","120.575","23.950","91"
"807","256956","20220727031000","606","2","彰化縣","員林鎮","120.595","23.960","805"
"60","256962","20220727031000","42","2","彰化縣","員林鎮","120.615","23.950","52"
"193","256968","20220727031000","160","2","彰化縣","員林鎮","120.625","23.955","197"
"28","256971","20220727031000","262","0","彰化縣","員林鎮","120.550","23.965","28"
"22","256976","20220727031000","31","0","彰化縣","員林鎮","120.605","23.945","26"
"70","256977","20220727031000","65","1","彰化縣","員林鎮","120.610","23.945","69"
"141","256978","20220727031000","162","0","彰化縣","員林鎮","120.615","23.945","146"
"1269","256982","20220727031000","1254","1","彰化縣","員林鎮","120.565","23.955","1277"
"1386","256983","20220727031000","1232","1","彰化縣","員林鎮","120.565","23.960","1377"
"478","256986","20220727031000","363","2","彰化縣","員林鎮","120.595","23.975","510"
"659","256988","20220727031000","544","2","彰化縣","大村鄉","120.590","23.980","646"
"1696","256995","20220727031000","1307","2","彰化縣","員林鎮","120.575","23.955","1647"
"91","256996","20220727031000","68","2","彰化縣","員林鎮","120.595","23.935","86"
"88","256997","20220727031000","484","0","彰化縣","員林鎮","120.605","23.935","80"
"318","257021","20220727031000","289","1","彰化縣","二林鎮","120.415","23.955","292"
"114","257028","20220727031000","82","2","彰化縣","二林鎮","120.430","23.955","111"
"446","257055","20220727031000","369","2","彰化縣","二林鎮","120.400","23.930","424"
"654","257083","20220727031000","594","1","南投縣","草屯鎮","120.670","23.950","624"
"191","257088","20220727031000","975","0","南投縣","草屯鎮","120.680","23.960","212"
"87","257089","20220727031000","843","0","南投縣","草屯鎮","120.680","23.965","91"
"51","257092","20220727031000","570","0","彰化縣","員林鎮","120.570","23.945","51"
"523","257094","20220727031000","487","1","彰化縣","員林鎮","120.590","23.950","558"
"332","257095","20220727031000","243","2","彰化縣","員林鎮","120.595","23.950","319"
"1124","257097","20220727031000","933","2","彰化縣","員林鎮","120.570","23.950","1123"
"86","257100","20220727031000","558","0","彰化縣","員林鎮","120.585","23.970","73"
"407","257103","20220727031000","319","2","彰化縣","二林鎮","120.455","23.930","383"
"193","257115","20220727031000","144","2","彰化縣","二林鎮","120.445","23.945","184"
"989","257118","20220727031000","788","2","彰化縣","二林鎮","120.440","23.950","959"
"449","257124","20220727031000","484","0","彰化縣","員林鎮","120.590","23.940","429"
"185","257135","20220727031000","221","0","彰化縣","埔心鄉","120.510","23.940","225"
"24","257145","20220727031000","333","0","彰化縣","溪湖鎮","120.485","23.940","13"
"339","257149","20220727031000","274","2","彰化縣","溪湖鎮","120.480","23.955","334"
"167","257152","20220727031000","848","0","南投縣","草屯鎮","120.685","23.975","179"
"911","257154","20220727031000","594","3","南投縣","草屯鎮","120.725","23.980","709"
"85","257160","20220727031000","71","1","南投縣","草屯鎮","120.720","23.990","71"
"136","257162","20220727031000","137","0","南投縣","草屯鎮","120.730","23.990","128"
"494","257166","20220727031000","332","2","南投縣","草屯鎮","120.680","23.970","479"
"1993","257168","20220727031000","1844","1","南投縣","草屯鎮","120.680","23.980","2051"
"15","257171","20220727031000","394","0","南投縣","草屯鎮","120.655","24.000","17"
"455","257173","20220727031000","418","1","南投縣","草屯鎮","120.665","24.000","444"
"441","257176","20220727031000","331","2","南投縣","草屯鎮","120.650","24.005","365"
"301","257181","20220727031000","310","0","南投縣","草屯鎮","120.725","23.995","303"
"170","257193","20220727031000","109","3","南投縣","草屯鎮","120.730","24.000","159"
"595","257213","20220727031000","493","2","彰化縣","溪湖鎮","120.450","23.955","634"
"599","257215","20220727031000","497","2","彰化縣","溪湖鎮","120.460","23.955","549"
"23","257222","20220727031000","11","3","南投縣","草屯鎮","120.750","23.975","19"
"259","257229","20220727031000","208","2","南投縣","草屯鎮","120.750","23.980","262"
"330","257235","20220727031000","356","0","南投縣","草屯鎮","120.750","23.985","311"
"53","257245","20220727031000","37","2","南投縣","草屯鎮","120.720","23.955","50"
"98","257251","20220727031000","86","1","南投縣","中寮鄉","120.750","23.955","99"
"35","257266","20220727031000","29","2","南投縣","草屯鎮","120.740","23.965","37"
"180","257267","20220727031000","143","2","南投縣","草屯鎮","120.745","23.965","177"
"94","257273","20220727031000","94","1","南投縣","草屯鎮","120.705","23.960","85"
"1184","257282","20220727031000","847","2","南投縣","草屯鎮","120.705","23.975","1132"
"326","257285","20220727031000","332","0","南投縣","草屯鎮","120.695","23.980","305"
"1559","257286","20220727031000","1492","1","南投縣","草屯鎮","120.700","23.980","1514"
"698","257294","20220727031000","659","1","南投縣","南投市","120.685","23.955","714"
"83","257295","20220727031000","624","0","南投縣","草屯鎮","120.685","23.960","94"
"1801","257299","20220727031000","1574","1","南投縣","草屯鎮","120.690","23.965","1859"
"18","257300","20220727031000","13","2","南投縣","草屯鎮","120.695","23.965","16"
"131","257307","20220727031000","130","1","南投縣","草屯鎮","120.775","23.985","127"
"75","257320","20220727031000","77","0","南投縣","草屯鎮","120.765","23.995","80"
"344","257342","20220727031000","459","0","南投縣","草屯鎮","120.700","23.985","345"
"231","257348","20220727031000","242","0","南投縣","草屯鎮","120.715","23.990","166"
"168","257349","20220727031000","1045","0","南投縣","草屯鎮","120.690","23.995","168"
"198","257351","20220727031000","165","2","南投縣","草屯鎮","120.700","23.995","205"
"595","257354","20220727031000","555","1","南投縣","草屯鎮","120.715","23.995","538"
"488","257356","20220727031000","309","3","南投縣","草屯鎮","120.695","23.995","487"
"697","257362","20220727031000","612","1","南投縣","草屯鎮","120.695","24.000","688"
"100","257365","20220727031000","62","3","南投縣","草屯鎮","120.710","24.000","92"
"58","257366","20220727031000","127","0","南投縣","草屯鎮","120.670","23.960","71"
"377","257368","20220727031000","312","2","南投縣","草屯鎮","120.675","23.965","405"
"253","257369","20220727031000","210","2","南投縣","草屯鎮","120.670","23.970","266"
"537","257370","20220727031000","424","2","南投縣","草屯鎮","120.670","23.975","578"
"368","257373","20220727031000","294","2","南投縣","草屯鎮","120.675","23.980","334"
"802","257376","20220727031000","1143","0","南投縣","草屯鎮","120.680","23.985","805"
"288","257377","20220727031000","263","1","南投縣","草屯鎮","120.670","23.990","275"
"24","257381","20220727031000","244","0","南投縣","草屯鎮","120.670","23.995","34"
"162","257386","20220727031000","118","2","南投縣","草屯鎮","120.685","23.990","151"
"469","257387","20220727031000","419","1","南投縣","草屯鎮","120.680","23.995","499"
"53","257389","20220727031000","360","0","南投縣","草屯鎮","120.680","24.000","38"
"447","257396","20220727031000","361","2","南投縣","草屯鎮","120.680","24.005","433"
"76","257400","20220727031000","632","0","南投縣","草屯鎮","120.685","23.985","81"
"800","257401","20220727031000","672","1","南投縣","草屯鎮","120.685","23.980","895"
"65","257403","20220727031000","190","0","南投縣","草屯鎮","120.640","23.995","69"
"247","257407","20220727031000","302","0","南投縣","草屯鎮","120.660","23.995","228"
"47","257410","20220727031000","214","0","南投縣","草屯鎮","120.650","23.995","39"
"133","257415","20220727031000","138","0","南投縣","草屯鎮","120.655","23.965","122"
"704","257418","20220727031000","639","1","南投縣","草屯鎮","120.650","23.970","726"
"363","257422","20220727031000","308","1","南投縣","草屯鎮","120.650","23.975","353"
"316","257424","20220727031000","275","1","南投縣","草屯鎮","120.660","23.975","316"
"546","257425","20220727031000","478","1","南投縣","草屯鎮","120.665","23.975","525"
"68","257426","20220727031000","240","0","南投縣","草屯鎮","120.650","23.980","69"
"462","257429","20220727031000","564","0","南投縣","草屯鎮","120.665","23.950","482"
"407","257438","20220727031000","265","3","南投縣","草屯鎮","120.660","23.960","402"
"143","257439","20220727031000","217","0","南投縣","草屯鎮","120.665","23.960","127"
"273","257496","20220727031000","254","1","南投縣","草屯鎮","120.795","23.985","258"
"208","257505","20220727031000","201","1","南投縣","草屯鎮","120.795","23.990","220"
"105","257522","20220727031000","70","3","南投縣","草屯鎮","120.800","24.000","115"
"69","257550","20220727031000","302","0","彰化縣","福興鄉","120.410","24.005","69"
"104","257580","20220727031000","68","3","彰化縣","芳苑鄉","120.400","23.995","117"
"495","257591","20220727031000","372","2","彰化縣","芳苑鄉","120.365","24.000","475"
"239","257595","20220727031000","210","1","彰化縣","芳苑鄉","120.385","24.000","231"
"416","257609","20220727031000","343","2","彰化縣","芳苑鄉","120.370","24.005","394"
"168","257631","20220727031000","103","3","彰化縣","芳苑鄉","120.340","23.965","132"
"187","257632","20220727031000","658","0","彰化縣","芳苑鄉","120.345","23.965","72"
"57","257638","20220727031000","16","3","彰化縣","芳苑鄉","120.325","23.970","13"
"210","257669","20220727031000","686","0","彰化縣","秀水鄉","120.510","23.995","146"
"515","257680","20220727031000","441","1","彰化縣","秀水鄉","120.520","24.000","503"
"140","257685","20220727031000","95","2","彰化縣","福興鄉","120.490","24.010","129"
"802","257686","20220727031000","655","2","彰化縣","福興鄉","120.495","24.010","787"
"16","257694","20220727031000","13","2","彰化縣","芬園鄉","120.605","24.005","16"
"347","257699","20220727031000","251","2","彰化縣","溪湖鎮","120.490","23.950","363"
"548","257700","20220727031000","536","1","彰化縣","溪湖鎮","120.495","23.950","547"
"1296","257703","20220727031000","771","3","彰化縣","溪湖鎮","120.475","23.960","1273"
"405","257704","20220727031000","281","2","彰化縣","溪湖鎮","120.465","23.965","425"
"1571","257708","20220727031000","1324","1","彰化縣","溪湖鎮","120.480","23.960","1426"
"501","257713","20220727031000","341","2","彰化縣","溪湖鎮","120.485","23.935","472"
"20","257720","20220727031000","10","3","彰化縣","溪湖鎮","120.500","23.940","12"
"46","257725","20220727031000","167","0","彰化縣","溪湖鎮","120.505","23.950","32"
"455","257727","20220727031000","365","2","彰化縣","溪湖鎮","120.490","23.955","468"
"45","257728","20220727031000","45","1","彰化縣","溪湖鎮","120.495","23.955","34"
"382","257729","20220727031000","544","0","彰化縣","溪湖鎮","120.485","23.960","364"
"187","257731","20220727031000","225","0","彰化縣","溪湖鎮","120.495","23.960","216"
"306","257733","20220727031000","243","2","彰化縣","溪湖鎮","120.490","23.965","291"
"609","257734","20220727031000","529","1","彰化縣","溪湖鎮","120.485","23.970","598"
"303","257750","20220727031000","278","1","彰化縣","芬園鄉","120.625","23.965","289"
"267","257766","20220727031000","365","0","彰化縣","溪湖鎮","120.475","23.950","306"
"603","257767","20220727031000","840","0","彰化縣","溪湖鎮","120.475","23.955","667"
"286","257778","20220727031000","204","2","彰化縣","溪湖鎮","120.475","23.970","266"
"750","257781","20220727031000","691","1","彰化縣","溪湖鎮","120.470","23.980","782"
"161","257784","20220727031000","154","1","南投縣","草屯鎮","120.670","23.980","161"
"72","257785","20220727031000","366","0","南投縣","草屯鎮","120.650","23.985","81"
"349","257788","20220727031000","461","0","南投縣","草屯鎮","120.665","23.985","345"
"315","257792","20220727031000","294","1","南投縣","草屯鎮","120.665","23.990","330"
"28","257795","20220727031000","479","0","彰化縣","社頭鄉","120.605","23.930","32"
"132","257797","20220727031000","144","0","彰化縣","社頭鄉","120.615","23.930","130"
"79","257798","20220727031000","46","3","彰化縣","社頭鄉","120.620","23.930","79"
"403","257802","20220727031000","323","2","彰化縣","芬園鄉","120.630","23.995","390"
"106","257808","20220727031000","12","3","彰化縣","芬園鄉","120.615","24.005","15"
"1287","257810","20220727031000","1069","2","彰化縣","芬園鄉","120.630","24.010","1265"
"57","257812","20220727031000","258","0","彰化縣","芬園鄉","120.640","24.010","20"
"45","257813","20220727031000","25","3","彰化縣","芬園鄉","120.645","24.010","40"
"307","257817","20220727031000","224","2","彰化縣","埔鹽鄉","120.425","23.995","292"
"37","257823","20220727031000","206","0","彰化縣","埔鹽鄉","120.430","24.005","21"
"232","257824","20220727031000","185","2","彰化縣","福興鄉","120.420","24.010","233"
"22","257825","20220727031000","13","3","彰化縣","福興鄉","120.425","24.010","22"
"205","257827","20220727031000","578","0","彰化縣","秀水鄉","120.515","24.010","127"
"267","257834","20220727031000","193","2","彰化縣","芬園鄉","120.620","23.980","272"
"207","257851","20220727031000","158","2","彰化縣","芬園鄉","120.610","23.995","191"
"72","257857","20220727031000","67","1","彰化縣","芬園鄉","120.625","24.000","78"
"18","257867","20220727031000","211","0","彰化縣","芬園鄉","120.645","23.965","16"
"433","257871","20220727031000","356","2","彰化縣","芬園鄉","120.640","23.975","433"
"29","257882","20220727031000","297","0","彰化縣","花壇鄉","120.550","24.010","25"
"50","257884","20220727031000","37","2","彰化縣","花壇鄉","120.570","24.010","30"
"512","257886","20220727031000","516","0","彰化縣","社頭鄉","120.575","23.930","557"
"600","257898","20220727031000","410","2","南投縣","草屯鎮","120.730","23.975","416"
"308","257902","20220727031000","225","2","南投縣","草屯鎮","120.735","23.980","279"
"557","257907","20220727031000","1196","0","彰化縣","溪湖鎮","120.480","23.965","572"
"32","257908","20220727031000","424","0","彰化縣","溪湖鎮","120.480","23.970","19"
"519","263412","20220727031000","1084","0","臺中市","霧峰區","120.690","24.045","485"
"156","263414","20220727031000","86","3","臺中市","霧峰區","120.685","24.050","178"
"154","263420","20220727031000","130","1","臺中市","霧峰區","120.705","24.045","135"
"36","263428","20220727031000","18","3","臺中市","霧峰區","120.705","24.055","22"
"468","263432","20220727031000","439","1","臺中市","霧峰區","120.705","24.060","484"
"34","263433","20220727031000","409","0","臺中市","霧峰區","120.710","24.060","20"
"66","263450","20220727031000","325","0","臺中市","霧峰區","120.700","24.020","33"
"417","263484","20220727031000","335","2","臺中市","霧峰區","120.695","24.035","367"
"332","263486","20220727031000","443","0","臺中市","霧峰區","120.710","24.070","318"
"42","263487","20220727031000","96","0","臺中市","霧峰區","120.715","24.070","42"
"38","263488","20220727031000","31","2","臺中市","霧峰區","120.720","24.070","36"
"337","263490","20220727031000","397","0","臺中市","霧峰區","120.705","24.075","296"
"298","263491","20220727031000","300","0","臺中市","霧峰區","120.710","24.075","305"
"1303","263492","20220727031000","1793","0","臺中市","霧峰區","120.715","24.075","1372"
"21","263493","20220727031000","405","0","臺中市","霧峰區","120.720","24.075","20"
"571","263495","20220727031000","476","1","臺中市","霧峰區","120.710","24.080","562"
"19","263497","20220727031000","19","1","臺中市","大里區","120.720","24.080","18"
"37","263498","20220727031000","364","0","臺中市","霧峰區","120.665","24.055","43"
"1023","263528","20220727031000","1101","0","臺中市","霧峰區","120.695","24.040","998"
"20","263539","20220727031000","33","0","臺中市","霧峰區","120.695","24.045","24"
"101","263553","20220727031000","72","2","臺中市","霧峰區","120.725","24.030","99"
"244","263569","20220727031000","163","2","臺中市","霧峰區","120.725","24.035","246"
"873","263579","20220727031000","850","1","臺中市","大里區","120.695","24.080","827"
"2486","263581","20220727031000","1986","2","臺中市","大里區","120.695","24.085","2595"
"276","263583","20220727031000","308","0","臺中市","大里區","120.690","24.085","295"
"110","263584","20220727031000","101","1","臺中市","大里區","120.700","24.080","104"
"1191","263585","20220727031000","1144","1","臺中市","大里區","120.700","24.085","1152"
"14","263586","20220727031000","403","0","臺中市","大里區","120.705","24.085","10"
"1272","263587","20220727031000","1169","1","臺中市","大里區","120.705","24.090","1281"
"411","263588","20220727031000","407","1","臺中市","大里區","120.715","24.095","409"
"20","263708","20220727031000","19","1","臺中市","太平區","120.755","24.085","19"
"117","263716","20220727031000","144","0","臺中市","太平區","120.745","24.090","132"
"167","263736","20220727031000","168","0","臺中市","霧峰區","120.700","24.050","185"
"547","263737","20220727031000","541","1","臺中市","霧峰區","120.695","24.055","558"
"91","263738","20220727031000","93","0","臺中市","霧峰區","120.700","24.055","86"
"51","263741","20220727031000","446","0","臺中市","霧峰區","120.680","24.060","39"
"850","263743","20220727031000","776","1","臺中市","霧峰區","120.680","24.065","845"
"16","263745","20220727031000","21","0","臺中市","霧峰區","120.690","24.065","13"
"443","263746","20220727031000","324","2","臺中市","霧峰區","120.680","24.070","442"
"71","263747","20220727031000","843","0","臺中市","霧峰區","120.700","24.070","90"
"117","263753","20220727031000","124","0","臺中市","新社區","120.885","24.095","114"
"381","263758","20220727031000","325","1","臺中市","大里區","120.685","24.075","387"
"470","263759","20220727031000","272","3","臺中市","大里區","120.690","24.075","448"
"108","263764","20220727031000","207","0","臺中市","大里區","120.680","24.085","121"
"316","263766","20220727031000","305","1","臺中市","太平區","120.730","24.095","340"
"389","263776","20220727031000","430","0","臺中市","霧峰區","120.705","24.065","393"
"11","263778","20220727031000","180","0","臺中市","霧峰區","120.715","24.065","10"
"102","263794","20220727031000","83","2","臺中市","霧峰區","120.745","24.045","105"
"105","263828","20220727031000","185","0","臺中市","霧峰區","120.745","24.060","87"
"39","263842","20220727031000","34","1","臺中市","霧峰區","120.760","24.065","37"
"82","263846","20220727031000","54","3","臺中市","霧峰區","120.735","24.070","84"
"343","263863","20220727031000","301","1","臺中市","霧峰區","120.695","24.015","310"
"537","263864","20220727031000","493","1","臺中市","霧峰區","120.685","24.020","519"
"360","263875","20220727031000","262","2","臺中市","烏日區","120.655","24.055","378"
"295","263876","20220727031000","314","0","臺中市","烏日區","120.660","24.055","217"
"281","263878","20220727031000","222","2","臺中市","烏日區","120.655","24.045","268"
"298","263884","20220727031000","236","2","臺中市","烏日區","120.650","24.050","283"
"448","263885","20220727031000","511","0","臺中市","烏日區","120.635","24.070","453"
"1309","263888","20220727031000","1230","1","臺中市","烏日區","120.635","24.080","1307"
"412","263891","20220727031000","429","0","臺中市","烏日區","120.625","24.090","411"
"1576","263900","20220727031000","1395","1","臺中市","烏日區","120.640","24.075","1515"
"654","263902","20220727031000","569","1","臺中市","烏日區","120.650","24.075","675"
"42","263907","20220727031000","1032","0","臺中市","烏日區","120.645","24.085","37"
"129","263933","20220727031000","145","0","臺中市","烏日區","120.635","24.050","103"
"2928","263942","20220727031000","2034","2","臺中市","大里區","120.680","24.095","2872"
"219","263943","20220727031000","175","2","臺中市","大里區","120.665","24.095","205"
"1163","263945","20220727031000","904","2","臺中市","大里區","120.690","24.090","1194"
"851","263946","20220727031000","913","0","臺中市","大里區","120.695","24.095","862"
"553","263948","20220727031000","538","1","臺中市","大里區","120.705","24.095","533"
"300","263949","20220727031000","404","0","臺中市","大里區","120.710","24.095","293"
"325","263950","20220727031000","284","1","臺中市","大里區","120.715","24.090","298"
"479","263951","20220727031000","500","0","臺中市","大里區","120.720","24.095","505"
"16","263953","20220727031000","446","0","臺中市","大里區","120.695","24.090","18"
"1150","263954","20220727031000","1176","0","臺中市","大里區","120.700","24.095","1172"
"649","263960","20220727031000","430","3","臺中市","大里區","120.735","24.090","677"
"531","263962","20220727031000","493","1","臺中市","大里區","120.720","24.090","536"
"565","263964","20220727031000","500","1","臺中市","大里區","120.730","24.090","538"
"984","263969","20220727031000","1352","0","臺中市","大里區","120.710","24.085","986"
"355","263970","20220727031000","716","0","臺中市","大里區","120.715","24.085","384"
"112","263971","20220727031000","100","1","臺中市","大里區","120.720","24.085","112"
"28","263975","20220727031000","49","0","臺中市","大里區","120.710","24.090","32"
"92","263977","20220727031000","47","3","臺中市","大里區","120.665","24.085","95"
"272","263979","20220727031000","225","2","臺中市","大里區","120.675","24.085","244"
"130","263989","20220727031000","157","0","臺中市","大里區","120.685","24.095","125"
"340","263990","20220727031000","461","0","臺中市","大里區","120.690","24.095","368"
"78","263991","20220727031000","253","0","臺中市","霧峰區","120.695","24.065","76"
"2020","263992","20220727031000","2525","0","臺中市","霧峰區","120.700","24.065","1957"
"397","263995","20220727031000","271","2","臺中市","霧峰區","120.665","24.065","370"
"159","263999","20220727031000","679","0","臺中市","霧峰區","120.665","24.070","149"
"15","264007","20220727031000","297","0","臺中市","霧峰區","120.655","24.085","12"
"23","264008","20220727031000","324","0","臺中市","霧峰區","120.650","24.085","27"
"181","264016","20220727031000","207","0","臺中市","霧峰區","120.690","24.040","191"
"16","264018","20220727031000","570","0","臺中市","霧峰區","120.685","24.045","13"
"16","264024","20220727031000","465","0","臺中市","霧峰區","120.665","24.040","17"
"86","264029","20220727031000","70","2","臺中市","霧峰區","120.660","24.050","62"
"732","264031","20220727031000","745","0","臺中市","大里區","120.700","24.090","752"
"60","264037","20220727031000","34","3","臺中市","霧峰區","120.670","24.025","55"
"11","264042","20220727031000","135","0","臺中市","霧峰區","120.670","24.030","13"
"216","264047","20220727031000","192","1","花蓮縣","秀林鄉","121.580","24.020","175"
"286","264094","20220727031000","207","2","花蓮縣","秀林鄉","121.595","24.050","262"
"650","264107","20220727031000","671","0","花蓮縣","秀林鄉","121.600","24.055","652"
"371","264435","20220727031000","297","2","花蓮縣","新城鄉","121.610","24.080","359"
"368","264642","20220727031000","269","2","花蓮縣","新城鄉","121.595","24.015","357"
"362","264655","20220727031000","215","3","花蓮縣","新城鄉","121.590","24.035","276"
"319","264661","20220727031000","213","2","花蓮縣","新城鄉","121.595","24.040","307"
"1146","264663","20220727031000","689","3","花蓮縣","新城鄉","121.605","24.030","1107"
"416","264665","20220727031000","397","1","花蓮縣","新城鄉","121.605","24.035","426"
"448","264667","20220727031000","374","1","花蓮縣","新城鄉","121.600","24.035","448"
"1628","264676","20220727031000","1314","2","臺中市","烏日區","120.645","24.060","1656"
"47","264678","20220727031000","466","0","臺中市","烏日區","120.655","24.060","40"
"367","264683","20220727031000","400","0","臺中市","烏日區","120.640","24.065","360"
"86","264700","20220727031000","83","1","臺中市","烏日區","120.620","24.090","89"
"399","264703","20220727031000","270","2","臺中市","霧峰區","120.675","24.040","392"
"137","264707","20220727031000","144","0","臺中市","霧峰區","120.680","24.045","119"
"399","264712","20220727031000","355","1","臺中市","霧峰區","120.675","24.050","349"
"687","264717","20220727031000","766","0","臺中市","烏日區","120.645","24.090","714"
"198","264719","20220727031000","193","1","臺中市","烏日區","120.635","24.095","203"
"19","264720","20220727031000","15","2","臺中市","烏日區","120.640","24.095","12"
"32","264722","20220727031000","212","0","臺中市","烏日區","120.645","24.095","37"
"455","264725","20220727031000","399","1","臺中市","烏日區","120.655","24.095","426"
"129","264726","20220727031000","94","2","臺中市","大里區","120.660","24.095","128"
"1083","264728","20220727031000","910","1","花蓮縣","花蓮市","121.625","24.010","966"
"332","264732","20220727031000","308","1","花蓮縣","花蓮市","121.630","24.015","321"
"406","264737","20220727031000","217","3","花蓮縣","花蓮市","121.635","24.025","372"
"49","265344","20220727031000","44","1","南投縣","國姓鄉","120.830","24.030","52"
"15","265374","20220727031000","21","0","南投縣","國姓鄉","120.800","24.045","17"
"34","265406","20220727031000","35","0","南投縣","國姓鄉","120.825","24.070","33"
"18","265430","20220727031000","14","2","南投縣","國姓鄉","120.880","24.050","14"
"112","265436","20220727031000","121","0","南投縣","國姓鄉","120.910","24.050","104"
"126","265440","20220727031000","106","1","南投縣","國姓鄉","120.930","24.050","140"
"481","265442","20220727031000","385","2","南投縣","國姓鄉","120.880","24.055","384"
"214","265449","20220727031000","202","1","南投縣","國姓鄉","120.915","24.055","211"
"111","265467","20220727031000","89","2","南投縣","國姓鄉","120.940","24.060","114"
"29","265498","20220727031000","24","2","南投縣","國姓鄉","120.930","24.075","30"
"40","265569","20220727031000","413","0","南投縣","國姓鄉","120.850","24.040","39"
"21","265593","20220727031000","146","0","南投縣","埔里鎮","120.910","24.025","15"
"14","265615","20220727031000","256","0","南投縣","埔里鎮","120.920","24.040","13"
"372","265622","20220727031000","246","3","南投縣","國姓鄉","120.930","24.045","372"
"25","265627","20220727031000","22","1","南投縣","埔里鎮","120.950","24.010","23"
"93","265628","20220727031000","274","0","南投縣","埔里鎮","120.945","24.015","86"
"227","265633","20220727031000","188","2","南投縣","埔里鎮","120.950","24.020","234"
"81","265651","20220727031000","78","1","南投縣","埔里鎮","120.950","24.035","70"
"75","265706","20220727031000","92","0","花蓮縣","花蓮市","121.590","24.010","62"
"1173","265708","20220727031000","1130","1","花蓮縣","新城鄉","121.610","24.015","1123"
"201","265711","20220727031000","196","1","花蓮縣","新城鄉","121.605","24.020","209"
"676","265716","20220727031000","571","1","花蓮縣","新城鄉","121.605","24.025","678"
"91","265719","20220727031000","57","3","花蓮縣","新城鄉","121.620","24.025","59"
"155","265723","20220727031000","203","0","花蓮縣","新城鄉","121.615","24.030","150"
"78","265734","20220727031000","32","3","花蓮縣","新城鄉","121.625","24.035","56"
"520","265739","20220727031000","432","2","花蓮縣","新城鄉","121.605","24.040","549"
"499","265742","20220727031000","319","3","花蓮縣","新城鄉","121.610","24.045","421"
"11","265743","20220727031000","187","0","花蓮縣","新城鄉","121.615","24.045","11"
"62","265753","20220727031000","39","3","花蓮縣","新城鄉","121.615","24.060","51"
"242","265754","20220727031000","242","1","花蓮縣","新城鄉","121.610","24.065","241"
"932","265773","20220727031000","656","2","彰化縣","彰化市","120.570","24.085","919"
"742","265774","20220727031000","750","0","彰化縣","彰化市","120.575","24.090","768"
"152","265780","20220727031000","159","0","彰化縣","彰化市","120.620","24.045","161"
"368","265784","20220727031000","320","1","彰化縣","彰化市","120.620","24.060","370"
"1098","265794","20220727031000","1408","0","彰化縣","彰化市","120.535","24.090","1095"
"686","265797","20220727031000","496","2","彰化縣","彰化市","120.545","24.075","638"
"823","265798","20220727031000","497","3","彰化縣","彰化市","120.555","24.070","776"
"1905","265800","20220727031000","1176","3","彰化縣","彰化市","120.545","24.085","1901"
"514","265801","20220727031000","385","2","彰化縣","彰化市","120.555","24.090","508"
"810","265802","20220727031000","767","1","彰化縣","彰化市","120.555","24.080","820"
"68","265803","20220727031000","1151","0","彰化縣","彰化市","120.560","24.080","49"
"968","265804","20220727031000","1039","0","彰化縣","彰化市","120.555","24.085","964"
"32","265805","20220727031000","114","0","彰化縣","彰化市","120.560","24.085","32"
"1169","265806","20220727031000","719","3","彰化縣","彰化市","120.535","24.080","1185"
"2848","265807","20220727031000","1860","3","彰化縣","彰化市","120.540","24.085","2779"
"1901","265808","20220727031000","1176","3","彰化縣","彰化市","120.545","24.090","1873"
"482","265810","20220727031000","216","3","彰化縣","彰化市","120.550","24.075","453"
"3438","265812","20220727031000","1816","3","彰化縣","彰化市","120.530","24.080","3441"
"158","265817","20220727031000","260","0","彰化縣","鹿港鎮","120.480","24.090","50"
"931","265820","20220727031000","577","3","彰化縣","彰化市","120.535","24.070","887"
"1547","265821","20220727031000","1011","3","彰化縣","彰化市","120.530","24.065","1535"
"2468","265822","20220727031000","1572","3","彰化縣","彰化市","120.530","24.070","2539"
"858","265823","20220727031000","873","0","彰化縣","鹿港鎮","120.445","24.055","823"
"31","265824","20220727031000","385","0","彰化縣","鹿港鎮","120.445","24.060","25"
"33","265825","20220727031000","25","2","彰化縣","鹿港鎮","120.450","24.060","20"
"873","265826","20220727031000","636","2","彰化縣","鹿港鎮","120.445","24.065","821"
"19","265839","20220727031000","16","1","彰化縣","彰化市","120.580","24.075","13"
"292","265841","20220727031000","1525","0","彰化縣","彰化市","120.535","24.075","297"
"654","265848","20220727031000","647","1","彰化縣","鹿港鎮","120.460","24.080","643"
"369","265863","20220727031000","332","1","彰化縣","鹿港鎮","120.435","24.050","404"
"934","265864","20220727031000","1204","0","彰化縣","彰化市","120.550","24.085","984"
"338","265898","20220727031000","534","0","南投縣","國姓鄉","120.860","24.060","656"
"187","265927","20220727031000","174","1","南投縣","國姓鄉","120.845","24.025","175"
"51","265948","20220727031000","332","0","南投縣","國姓鄉","120.860","24.040","40"
"481","265956","20220727031000","287","3","南投縣","國姓鄉","120.855","24.045","410"
"217","265973","20220727031000","277","0","南投縣","國姓鄉","120.820","24.020","244"
"256","266037","20220727031000","171","2","南投縣","國姓鄉","120.875","24.075","202"
"2223","266081","20220727031000","2750","0","彰化縣","彰化市","120.535","24.065","2150"
"1304","266082","20220727031000","587","3","彰化縣","和美鎮","120.510","24.090","1343"
"279","266091","20220727031000","219","2","彰化縣","埔鹽鄉","120.455","24.015","279"
"891","266093","20220727031000","591","3","彰化縣","彰化市","120.540","24.070","869"
"50","266099","20220727031000","610","0","彰化縣","花壇鄉","120.545","24.015","37"
"346","266100","20220727031000","377","0","彰化縣","花壇鄉","120.545","24.020","347"
"98","266107","20220727031000","68","2","彰化縣","花壇鄉","120.545","24.030","64"
"368","266122","20220727031000","298","2","彰化縣","埔鹽鄉","120.445","24.020","342"
"519","266124","20220727031000","136","3","彰化縣","彰化市","120.520","24.055","564"
"436","266127","20220727031000","469","0","彰化縣","彰化市","120.565","24.090","424"
"1184","266128","20220727031000","696","3","彰化縣","彰化市","120.555","24.095","1199"
"336","266129","20220727031000","199","3","彰化縣","彰化市","120.560","24.095","329"
"1104","266131","20220727031000","986","1","彰化縣","彰化市","120.595","24.070","1110"
"154","266132","20220727031000","160","0","彰化縣","彰化市","120.595","24.075","154"
"174","266134","20220727031000","105","3","彰化縣","彰化市","120.605","24.075","171"
"696","266136","20220727031000","559","2","彰化縣","彰化市","120.600","24.080","701"
"399","266138","20220727031000","230","3","彰化縣","彰化市","120.595","24.085","404"
"52","266153","20220727031000","49","1","彰化縣","彰化市","120.605","24.045","47"
"43","266154","20220727031000","31","2","彰化縣","彰化市","120.585","24.050","62"
"60","266155","20220727031000","52","1","彰化縣","彰化市","120.590","24.050","39"
"65","266157","20220727031000","52","2","彰化縣","彰化市","120.600","24.050","63"
"325","266166","20220727031000","237","2","彰化縣","彰化市","120.615","24.055","327"
"656","266168","20220727031000","621","1","彰化縣","彰化市","120.580","24.080","666"
"1001","266169","20220727031000","869","1","彰化縣","彰化市","120.575","24.085","938"
"1149","266170","20220727031000","867","2","彰化縣","彰化市","120.580","24.085","1184"
"280","266171","20220727031000","228","2","彰化縣","彰化市","120.560","24.075","270"
"643","266172","20220727031000","635","1","彰化縣","彰化市","120.550","24.080","651"
"1482","266176","20220727031000","458","3","彰化縣","和美鎮","120.495","24.085","1465"
"60","266180","20220727031000","46","2","彰化縣","和美鎮","120.495","24.090","55"
"619","266182","20220727031000","2138","0","彰化縣","彰化市","120.535","24.085","613"
"640","266183","20220727031000","663","0","彰化縣","和美鎮","120.525","24.095","620"
"86","266185","20220727031000","105","0","彰化縣","和美鎮","120.535","24.095","74"
"53","266190","20220727031000","54","0","彰化縣","秀水鄉","120.505","24.065","46"
"1565","266191","20220727031000","416","3","彰化縣","彰化市","120.510","24.065","1528"
"1270","266192","20220727031000","873","2","彰化縣","彰化市","120.515","24.065","1268"
"803","266194","20220727031000","176","3","彰化縣","彰化市","120.510","24.070","780"
"216","266196","20220727031000","151","2","彰化縣","花壇鄉","120.570","24.055","192"
"14","266205","20220727031000","126","0","彰化縣","彰化市","120.570","24.065","14"
"1524","266210","20220727031000","772","3","彰化縣","彰化市","120.540","24.075","1383"
"1990","266211","20220727031000","1481","2","彰化縣","彰化市","120.540","24.080","2036"
"1864","266214","20220727031000","411","3","彰化縣","彰化市","120.525","24.080","1889"
"1235","266216","20220727031000","983","2","彰化縣","彰化市","120.530","24.085","1220"
"990","266222","20220727031000","935","1","彰化縣","彰化市","120.600","24.090","1073"
"253","266224","20220727031000","173","2","彰化縣","彰化市","120.585","24.090","229"
"175","266228","20220727031000","104","3","彰化縣","彰化市","120.580","24.095","181"
"24","266232","20220727031000","19","2","彰化縣","彰化市","120.600","24.095","19"
"470","266233","20220727031000","184","3","彰化縣","秀水鄉","120.500","24.075","472"
"23","266234","20220727031000","548","0","彰化縣","彰化市","120.505","24.075","26"
"837","266237","20220727031000","378","3","彰化縣","彰化市","120.520","24.075","806"
"460","266238","20220727031000","133","3","彰化縣","彰化市","120.510","24.080","435"
"588","266239","20220727031000","281","3","彰化縣","和美鎮","120.515","24.080","327"
"39","266240","20220727031000","194","0","彰化縣","彰化市","120.520","24.080","58"
"661","266241","20220727031000","253","3","彰化縣","彰化市","120.515","24.085","645"
"247","266243","20220727031000","162","3","彰化縣","彰化市","120.525","24.085","263"
"302","266244","20220727031000","637","0","彰化縣","彰化市","120.545","24.095","289"
"28","266245","20220727031000","353","0","彰化縣","彰化市","120.545","24.080","23"
"295","266246","20220727031000","218","2","彰化縣","彰化市","120.565","24.085","322"
"1693","266247","20220727031000","1711","0","彰化縣","彰化市","120.560","24.090","1733"
"618","266248","20220727031000","570","1","彰化縣","彰化市","120.570","24.090","633"
"993","266249","20220727031000","818","2","彰化縣","和美鎮","120.530","24.090","967"
"128","266250","20220727031000","235","0","彰化縣","彰化市","120.555","24.065","127"
"2094","266251","20220727031000","3099","0","彰化縣","彰化市","120.545","24.070","2042"
"676","266252","20220727031000","259","3","彰化縣","彰化市","120.550","24.070","716"
"25","266255","20220727031000","19","2","彰化縣","彰化市","120.600","24.060","26"
"530","266263","20220727031000","502","1","彰化縣","彰化市","120.600","24.070","545"
"50","266264","20220727031000","42","1","彰化縣","彰化市","120.605","24.070","50"
"219","266265","20220727031000","185","1","彰化縣","彰化市","120.610","24.070","247"
"187","266266","20220727031000","1401","0","彰化縣","彰化市","120.540","24.090","172"
"566","266267","20220727031000","398","2","彰化縣","和美鎮","120.520","24.090","581"
"312","266274","20220727031000","503","0","彰化縣","和美鎮","120.505","24.085","55"
"49","266309","20220727031000","44","1","南投縣","仁愛鄉","120.970","24.045","52"
"291","266333","20220727031000","272","1","南投縣","仁愛鄉","120.970","24.060","287"
"148","266406","20220727031000","105","2","南投縣","仁愛鄉","121.095","24.010","141"
"99","266517","20220727031000","70","2","南投縣","仁愛鄉","121.210","24.075","93"
"47","266589","20220727031000","52","0","南投縣","仁愛鄉","121.210","24.090","54"
"431","266696","20220727031000","286","3","南投縣","仁愛鄉","121.150","24.040","425"
"39","266697","20220727031000","25","3","南投縣","仁愛鄉","121.155","24.040","34"
"378","266700","20220727031000","257","2","南投縣","仁愛鄉","121.125","24.045","356"
"250","266706","20220727031000","130","3","南投縣","仁愛鄉","121.155","24.045","184"
"38","266715","20220727031000","28","2","南投縣","仁愛鄉","121.155","24.050","43"
"36","266733","20220727031000","33","1","南投縣","仁愛鄉","121.160","24.055","29"
"509","266768","20220727031000","323","3","南投縣","仁愛鄉","121.165","24.070","453"
"52","266805","20220727031000","25","3","南投縣","仁愛鄉","121.175","24.090","47"
"63","267165","20220727031000","20","3","南投縣","仁愛鄉","121.025","24.090","70"
"27","267167","20220727031000","12","3","南投縣","仁愛鄉","121.035","24.090","25"
"302","267268","20220727031000","249","2","南投縣","仁愛鄉","121.175","24.010","262"
"32","267286","20220727031000","280","0","南投縣","仁愛鄉","121.140","24.025","21"
"77","267290","20220727031000","54","2","南投縣","仁愛鄉","121.160","24.025","65"
"935","267410","20220727031000","553","3","南投縣","仁愛鄉","121.180","24.035","864"
"87","267555","20220727031000","65","2","南投縣","仁愛鄉","121.190","24.060","94"
"346","267605","20220727031000","211","3","南投縣","仁愛鄉","121.210","24.070","335"
"118","267630","20220727031000","80","2","彰化縣","花壇鄉","120.530","24.050","116"
"419","267631","20220727031000","344","2","彰化縣","彰化市","120.530","24.055","415"
"1894","267632","20220727031000","1592","1","彰化縣","彰化市","120.530","24.060","1860"
"85","267633","20220727031000","1772","0","彰化縣","彰化市","120.535","24.060","92"
"1484","267634","20220727031000","1985","0","彰化縣","彰化市","120.550","24.090","1507"
"831","267636","20220727031000","610","2","彰化縣","彰化市","120.550","24.095","781"
"45","267637","20220727031000","51","0","彰化縣","彰化市","120.590","24.065","56"
"482","267640","20220727031000","305","3","彰化縣","彰化市","120.585","24.080","484"
"768","267641","20220727031000","660","1","彰化縣","彰化市","120.590","24.080","768"
"577","267646","20220727031000","346","3","彰化縣","彰化市","120.520","24.065","600"
"1488","267649","20220727031000","1272","1","彰化縣","彰化市","120.525","24.070","1452"
"55","267650","20220727031000","74","0","彰化縣","彰化市","120.525","24.075","38"
"553","267652","20220727031000","432","2","彰化縣","彰化市","120.555","24.050","518"
"899","267654","20220727031000","577","3","彰化縣","彰化市","120.535","24.055","848"
"267","267655","20220727031000","183","2","彰化縣","彰化市","120.540","24.055","265"
"368","267656","20220727031000","238","3","彰化縣","彰化市","120.545","24.055","371"
"313","267661","20220727031000","351","0","彰化縣","彰化市","120.540","24.060","293"
"301","267662","20220727031000","370","0","彰化縣","彰化市","120.545","24.060","287"
"133","267664","20220727031000","129","1","彰化縣","彰化市","120.555","24.060","139"
"3629","267665","20220727031000","2793","2","彰化縣","彰化市","120.540","24.065","3583"
"966","267666","20220727031000","867","1","彰化縣","彰化市","120.545","24.065","950"
"276","267667","20220727031000","367","0","彰化縣","彰化市","120.550","24.065","251"
"2212","267669","20220727031000","891","3","彰化縣","彰化市","120.515","24.055","2240"
"3395","267670","20220727031000","1458","3","彰化縣","彰化市","120.515","24.060","3426"
"27","267676","20220727031000","257","0","彰化縣","福興鄉","120.470","24.030","32"
"150","267682","20220727031000","84","3","彰化縣","福興鄉","120.470","24.035","151"
"524","267689","20220727031000","450","1","彰化縣","福興鄉","120.480","24.040","538"
"379","267697","20220727031000","184","3","彰化縣","福興鄉","120.455","24.035","384"
"450","267705","20220727031000","482","0","彰化縣","福興鄉","120.465","24.045","465"
"18","267711","20220727031000","241","0","彰化縣","福興鄉","120.460","24.020","18"
"269","267717","20220727031000","168","3","彰化縣","秀水鄉","120.510","24.015","240"
"28","267718","20220727031000","24","1","彰化縣","秀水鄉","120.500","24.020","30"
"36","267726","20220727031000","104","0","彰化縣","鹿港鎮","120.480","24.085","29"
"1100","267729","20220727031000","742","2","彰化縣","鹿港鎮","120.485","24.090","1058"
"1889","267732","20220727031000","1325","2","彰化縣","鹿港鎮","120.435","24.055","1872"
"1084","267736","20220727031000","534","3","彰化縣","鹿港鎮","120.465","24.090","1037"
"146","267739","20220727031000","311","0","彰化縣","鹿港鎮","120.470","24.095","31"
"862","267795","20220727031000","662","2","彰化縣","福興鄉","120.490","24.015","892"
"358","267808","20220727031000","286","2","彰化縣","福興鄉","120.440","24.030","338"
"436","267810","20220727031000","362","2","彰化縣","福興鄉","120.435","24.035","449"
"351","267824","20220727031000","383","0","彰化縣","福興鄉","120.390","24.015","373"
"753","267834","20220727031000","734","1","彰化縣","福興鄉","120.410","24.020","754"
"926","267844","20220727031000","767","2","彰化縣","秀水鄉","120.495","24.025","869"
"661","267873","20220727031000","525","2","彰化縣","福興鄉","120.400","24.045","724"
"834","267898","20220727031000","447","3","彰化縣","福興鄉","120.430","24.040","774"
"10","267899","20220727031000","90","0","彰化縣","福興鄉","120.425","24.045","10"
"759","267900","20220727031000","612","2","彰化縣","福興鄉","120.430","24.045","764"
"36","267904","20220727031000","312","0","彰化縣","福興鄉","120.430","24.050","24"
"211","267908","20220727031000","124","3","彰化縣","福興鄉","120.430","24.020","219"
"36","267913","20220727031000","21","3","彰化縣","福興鄉","120.425","24.030","32"
"76","267926","20220727031000","50","3","彰化縣","福興鄉","120.405","24.030","63"
"256","267928","20220727031000","196","2","彰化縣","福興鄉","120.415","24.030","252"
"77","267935","20220727031000","56","2","彰化縣","秀水鄉","120.500","24.060","46"
"215","267946","20220727031000","196","1","彰化縣","秀水鄉","120.490","24.050","187"
"50","267947","20220727031000","25","3","彰化縣","秀水鄉","120.495","24.050","47"
"57","267949","20220727031000","396","0","彰化縣","秀水鄉","120.500","24.050","50"
"45","267955","20220727031000","241","0","彰化縣","秀水鄉","120.495","24.060","15"
"110","267957","20220727031000","798","0","彰化縣","秀水鄉","120.500","24.030","65"
"290","267959","20220727031000","1058","0","彰化縣","秀水鄉","120.495","24.035","176"
"73","267960","20220727031000","404","0","彰化縣","秀水鄉","120.500","24.035","47"
"112","267964","20220727031000","80","2","彰化縣","秀水鄉","120.520","24.025","104"
"68","267966","20220727031000","592","0","彰化縣","秀水鄉","120.520","24.030","58"
"763","267972","20220727031000","554","2","彰化縣","鹿港鎮","120.435","24.065","774"
"581","267973","20220727031000","570","1","彰化縣","鹿港鎮","120.440","24.065","612"
"478","267975","20220727031000","424","1","彰化縣","鹿港鎮","120.435","24.070","452"
"26","267978","20220727031000","283","0","彰化縣","鹿港鎮","120.425","24.075","20"
"742","267984","20220727031000","702","1","彰化縣","鹿港鎮","120.410","24.080","726"
"135","267987","20220727031000","108","2","彰化縣","鹿港鎮","120.425","24.080","127"
"18","267991","20220727031000","303","0","彰化縣","鹿港鎮","120.445","24.080","13"
"293","267999","20220727031000","197","2","彰化縣","鹿港鎮","120.415","24.080","284"
"389","268001","20220727031000","300","2","彰化縣","鹿港鎮","120.425","24.085","382"
"887","268005","20220727031000","621","2","彰化縣","鹿港鎮","120.445","24.085","893"
"652","268020","20220727031000","491","2","彰化縣","鹿港鎮","120.475","24.065","599"
"120","268028","20220727031000","314","0","彰化縣","鹿港鎮","120.485","24.080","27"
"919","268031","20220727031000","478","3","彰化縣","鹿港鎮","120.485","24.085","868"
"1024","268032","20220727031000","864","1","彰化縣","鹿港鎮","120.430","24.060","1040"
"497","268034","20220727031000","753","0","彰化縣","彰化市","120.525","24.060","354"
"1002","268035","20220727031000","1076","0","彰化縣","彰化市","120.525","24.065","992"
"216","268044","20220727031000","460","0","彰化縣","鹿港鎮","120.450","24.095","83"
"54","268053","20220727031000","45","2","彰化縣","鹿港鎮","120.470","24.075","58"
"328","268057","20220727031000","984","0","彰化縣","鹿港鎮","120.475","24.080","227"
"147","268061","20220727031000","223","0","彰化縣","鹿港鎮","120.430","24.055","164"
"35","268068","20220727031000","150","0","彰化縣","芬園鄉","120.625","24.025","24"
"20","268073","20220727031000","24","0","彰化縣","芬園鄉","120.615","24.015","29"
"61","268074","20220727031000","67","0","彰化縣","芬園鄉","120.620","24.015","57"
"49","268077","20220727031000","424","0","彰化縣","福興鄉","120.480","24.045","33"
"1168","268085","20220727031000","1123","1","彰化縣","鹿港鎮","120.470","24.055","1137"
"202","268089","20220727031000","214","0","彰化縣","鹿港鎮","120.460","24.060","198"
"131","268108","20220727031000","117","1","彰化縣","鹿港鎮","120.385","24.060","122"
"163","268109","20220727031000","132","2","彰化縣","鹿港鎮","120.390","24.060","159"
"219","268110","20220727031000","217","1","彰化縣","鹿港鎮","120.395","24.060","232"
"16","268126","20220727031000","14","1","彰化縣","鹿港鎮","120.390","24.065","19"
"288","268128","20220727031000","138","3","彰化縣","鹿港鎮","120.400","24.065","263"
"90","268129","20220727031000","71","2","彰化縣","鹿港鎮","120.405","24.065","68"
"456","268130","20220727031000","295","3","彰化縣","鹿港鎮","120.410","24.065","429"
"631","268134","20220727031000","458","2","彰化縣","鹿港鎮","120.430","24.065","638"
"68","268144","20220727031000","60","1","彰化縣","鹿港鎮","120.395","24.070","61"
"177","268157","20220727031000","138","2","彰化縣","鹿港鎮","120.390","24.075","162"
"35","268158","20220727031000","92","0","彰化縣","鹿港鎮","120.395","24.075","30"
"81","268161","20220727031000","82","0","彰化縣","鹿港鎮","120.410","24.075","79"
"64","268162","20220727031000","111","0","彰化縣","鹿港鎮","120.415","24.075","57"
"526","268170","20220727031000","415","2","彰化縣","鹿港鎮","120.395","24.080","490"
"1756","268172","20220727031000","1686","1","彰化縣","鹿港鎮","120.440","24.055","1707"
"148","268173","20220727031000","1070","0","彰化縣","鹿港鎮","120.440","24.060","109"
"1919","268175","20220727031000","1796","1","彰化縣","福興鄉","120.440","24.045","1943"
"14","268176","20220727031000","118","0","彰化縣","花壇鄉","120.550","24.040","14"
"33","268203","20220727031000","14","3","彰化縣","芬園鄉","120.595","24.035","36"
"218","268205","20220727031000","230","0","彰化縣","芬園鄉","120.605","24.035","251"
"427","268224","20220727031000","364","1","彰化縣","芬園鄉","120.650","24.020","425"
"536","268226","20220727031000","224","3","彰化縣","芬園鄉","120.635","24.025","523"
"361","268233","20220727031000","349","1","彰化縣","福興鄉","120.440","24.035","368"
"583","268245","20220727031000","372","3","彰化縣","秀水鄉","120.490","24.070","630"
"342","268249","20220727031000","244","2","彰化縣","秀水鄉","120.505","24.030","342"
"233","268253","20220727031000","652","0","彰化縣","秀水鄉","120.505","24.040","132"
"60","268258","20220727031000","324","0","彰化縣","秀水鄉","120.515","24.020","35"
"26","268261","20220727031000","459","0","彰化縣","福興鄉","120.450","24.030","21"
"553","268262","20220727031000","397","2","彰化縣","福興鄉","120.455","24.030","532"
"860","268271","20220727031000","755","1","彰化縣","福興鄉","120.420","24.035","871"
"66","268274","20220727031000","370","0","彰化縣","福興鄉","120.425","24.035","47"
"423","268277","20220727031000","329","2","彰化縣","芬園鄉","120.660","24.015","416"
"178","268289","20220727031000","654","0","彰化縣","芬園鄉","120.625","24.020","85"
"87","268296","20220727031000","521","0","彰化縣","福興鄉","120.470","24.020","50"
"830","268297","20220727031000","323","3","彰化縣","秀水鄉","120.505","24.035","734"
"40","268301","20220727031000","323","0","彰化縣","秀水鄉","120.495","24.040","28"
"42","268303","20220727031000","335","0","彰化縣","秀水鄉","120.500","24.040","35"
"521","268308","20220727031000","276","3","彰化縣","秀水鄉","120.510","24.045","507"
"56","268310","20220727031000","192","0","彰化縣","秀水鄉","120.505","24.050","56"
"67","268311","20220727031000","859","0","彰化縣","秀水鄉","120.510","24.050","62"
"697","268316","20220727031000","575","2","彰化縣","花壇鄉","120.530","24.020","671"
"336","268321","20220727031000","418","0","彰化縣","花壇鄉","120.530","24.040","356"
"59","268322","20220727031000","140","0","彰化縣","花壇鄉","120.520","24.045","49"
"33","268324","20220727031000","580","0","彰化縣","花壇鄉","120.530","24.045","37"
"288","268327","20220727031000","248","1","彰化縣","花壇鄉","120.535","24.030","270"
"585","268328","20220727031000","569","1","彰化縣","花壇鄉","120.535","24.035","578"
"53","268329","20220727031000","276","0","彰化縣","花壇鄉","120.535","24.040","44"
"61","268331","20220727031000","652","0","彰化縣","花壇鄉","120.545","24.040","50"
"471","268333","20220727031000","358","2","彰化縣","花壇鄉","120.540","24.040","512"
"301","268335","20220727031000","299","1","彰化縣","花壇鄉","120.555","24.020","337"
"902","268336","20220727031000","770","1","彰化縣","花壇鄉","120.540","24.025","873"
"422","268338","20220727031000","353","1","彰化縣","花壇鄉","120.550","24.025","411"
"220","268339","20220727031000","176","2","彰化縣","花壇鄉","120.555","24.025","212"
"148","268347","20220727031000","134","1","彰化縣","花壇鄉","120.565","24.020","177"
"73","268356","20220727031000","76","0","彰化縣","花壇鄉","120.575","24.035","78"
"74","268370","20220727031000","112","0","彰化縣","花壇鄉","120.560","24.015","63"
"55","268371","20220727031000","62","0","彰化縣","花壇鄉","120.570","24.020","66"
"32","268375","20220727031000","18","3","彰化縣","花壇鄉","120.595","24.020","26"
"173","268381","20220727031000","841","0","彰化縣","花壇鄉","120.545","24.045","143"
"59","268391","20220727031000","19","3","彰化縣","花壇鄉","120.540","24.020","41"
"1631","268393","20220727031000","1402","1","彰化縣","花壇鄉","120.535","24.025","1648"
"54","268399","20220727031000","221","0","彰化縣","福興鄉","120.480","24.020","25"
"14","269403","20220727031000","11","2","彰化縣","鹿港鎮","120.395","24.105","14"
"844","274405","20220727031000","1212","0","臺中市","太平區","120.720","24.135","813"
"2161","274408","20220727031000","1793","2","臺中市","太平區","120.720","24.115","2140"
"122","274410","20220727031000","88","2","臺中市","太平區","120.755","24.120","110"
"21","274433","20220727031000","43","0","臺中市","太平區","120.760","24.130","21"
"176","274476","20220727031000","153","1","臺中市","太平區","120.810","24.140","156"
"3608","274515","20220727031000","2208","3","臺中市","南屯區","120.645","24.135","3626"
"2845","274516","20220727031000","3230","0","臺中市","南屯區","120.650","24.140","3545"
"2442","274517","20220727031000","1964","2","臺中市","南屯區","120.650","24.150","2475"
"1018","274518","20220727031000","983","1","臺中市","西屯區","120.650","24.155","1003"
"35","274519","20220727031000","423","0","臺中市","南屯區","120.650","24.135","35"
"1875","274520","20220727031000","1368","2","臺中市","南屯區","120.650","24.130","1873"
"716","274521","20220727031000","547","2","臺中市","南屯區","120.610","24.150","716"
"2135","274522","20220727031000","1968","1","臺中市","南屯區","120.615","24.150","2044"
"13","274523","20220727031000","11","1","臺中市","南屯區","120.620","24.150","12"
"506","274524","20220727031000","394","2","臺中市","南屯區","120.605","24.155","515"
"291","274525","20220727031000","231","2","臺中市","南屯區","120.610","24.155","290"
"68","274530","20220727031000","63","1","臺中市","南屯區","120.600","24.160","73"
"281","274531","20220727031000","321","0","臺中市","南屯區","120.605","24.160","286"
"104","274534","20220727031000","64","3","臺中市","南屯區","120.590","24.165","111"
"1491","274535","20220727031000","1618","0","臺中市","北區","120.690","24.155","1523"
"1885","274536","20220727031000","2157","0","臺中市","北屯區","120.695","24.165","1932"
"1937","274537","20220727031000","1676","1","臺中市","北屯區","120.700","24.160","1904"
"2061","274538","20220727031000","1752","1","臺中市","北區","120.690","24.160","2050"
"1612","274539","20220727031000","1881","0","臺中市","北區","120.680","24.150","1618"
"2286","274540","20220727031000","1338","3","臺中市","北區","120.685","24.150","2208"
"1563","274541","20220727031000","1801","0","臺中市","南區","120.660","24.125","1498"
"2258","274543","20220727031000","2216","1","臺中市","南區","120.675","24.125","2242"
"74","274544","20220727031000","71","1","臺中市","北屯區","120.665","24.185","73"
"930","274545","20220727031000","667","2","臺中市","北屯區","120.725","24.170","917"
"731","274546","20220727031000","1584","0","臺中市","北屯區","120.720","24.175","763"
"1717","274547","20220727031000","1543","1","臺中市","北屯區","120.725","24.175","1734"
"2373","274549","20220727031000","1996","1","臺中市","北屯區","120.725","24.180","2321"
"329","274551","20220727031000","337","0","臺中市","北屯區","120.735","24.180","325"
"1606","274554","20220727031000","1510","1","臺中市","西區","120.675","24.140","1541"
"1463","274556","20220727031000","1389","1","臺中市","大里區","120.675","24.105","1486"
"767","274558","20220727031000","809","0","臺中市","大里區","120.675","24.115","762"
"1735","274559","20220727031000","1655","1","臺中市","西屯區","120.615","24.175","1669"
"806","274560","20220727031000","551","2","臺中市","西屯區","120.630","24.175","826"
"2522","274561","20220727031000","2484","1","臺中市","西屯區","120.615","24.180","2567"
"1223","274562","20220727031000","1248","0","臺中市","西屯區","120.625","24.180","1235"
"901","274564","20220727031000","804","1","臺中市","西屯區","120.630","24.180","922"
"2942","274566","20220727031000","2963","0","臺中市","西屯區","120.640","24.175","2967"
"2016","274567","20220727031000","1685","1","臺中市","西屯區","120.635","24.175","2008"
"1607","274568","20220727031000","940","3","臺中市","西屯區","120.635","24.180","1598"
"144","274569","20220727031000","1043","0","臺中市","西屯區","120.630","24.185","157"
"135","274571","20220727031000","935","0","臺中市","北屯區","120.715","24.175","131"
"1402","274572","20220727031000","1164","2","臺中市","北屯區","120.715","24.180","1396"
"209","274575","20220727031000","527","0","臺中市","北屯區","120.715","24.185","185"
"67","274577","20220727031000","45","2","臺中市","北屯區","120.730","24.185","48"
"468","274578","20220727031000","323","2","臺中市","北屯區","120.720","24.185","464"
"1593","274581","20220727031000","2322","0","臺中市","北區","120.665","24.165","1546"
"2532","274582","20220727031000","2193","1","臺中市","北區","120.670","24.165","2574"
"585","274583","20220727031000","384","3","臺中市","南區","120.670","24.125","593"
"1551","274585","20220727031000","1752","0","臺中市","西屯區","120.610","24.185","1552"
"398","274586","20220727031000","385","1","臺中市","西屯區","120.600","24.180","417"
"1638","274587","20220727031000","1433","1","臺中市","西屯區","120.605","24.180","1602"
"285","274591","20220727031000","2038","0","臺中市","龍井區","120.530","24.180","282"
"708","274593","20220727031000","1293","0","臺中市","烏日區","120.635","24.100","668"
"1304","274595","20220727031000","1668","0","臺中市","烏日區","120.635","24.105","1290"
"1161","274596","20220727031000","1162","0","臺中市","烏日區","120.640","24.105","1170"
"69","274603","20220727031000","568","0","臺中市","大肚區","120.530","24.160","68"
"1948","274608","20220727031000","1353","2","臺中市","西區","120.670","24.135","1913"
"754","274609","20220727031000","1659","0","臺中市","西區","120.655","24.150","757"
"3542","274610","20220727031000","3216","1","臺中市","西區","120.655","24.135","3647"
"2289","274611","20220727031000","2775","0","臺中市","西區","120.655","24.145","2312"
"1924","274612","20220727031000","2027","0","臺中市","西區","120.670","24.130","1955"
"245","274615","20220727031000","318","0","臺中市","太平區","120.735","24.135","253"
"88","274616","20220727031000","20","3","臺中市","太平區","120.740","24.140","28"
"2299","274620","20220727031000","1830","2","臺中市","北區","120.685","24.160","2325"
"2378","274621","20220727031000","1577","3","臺中市","北區","120.675","24.150","2410"
"1480","274623","20220727031000","819","3","臺中市","北區","120.690","24.150","1514"
"1171","274624","20220727031000","1192","0","臺中市","南區","120.680","24.120","1275"
"2242","274625","20220727031000","1907","1","臺中市","大里區","120.685","24.120","2201"
"1601","274626","20220727031000","970","3","臺中市","南區","120.660","24.120","1552"
"912","274627","20220727031000","1006","0","臺中市","南區","120.675","24.120","871"
"1063","274628","20220727031000","1472","0","臺中市","東區","120.695","24.130","999"
"1548","274629","20220727031000","2150","0","臺中市","西屯區","120.620","24.185","1527"
"1137","274630","20220727031000","835","2","臺中市","西屯區","120.615","24.185","1195"
"856","274631","20220727031000","1358","0","臺中市","西屯區","120.620","24.190","863"
"3760","274632","20220727031000","3655","1","臺中市","西屯區","120.605","24.185","3729"
"449","274634","20220727031000","714","0","臺中市","西屯區","120.600","24.185","416"
"844","274636","20220727031000","514","3","臺中市","東區","120.705","24.130","843"
"805","274637","20220727031000","809","0","臺中市","東區","120.705","24.135","793"
"2907","274639","20220727031000","2024","2","臺中市","東區","120.695","24.145","2898"
"93","274640","20220727031000","119","0","臺中市","東區","120.700","24.145","77"
"1773","274641","20220727031000","1369","2","臺中市","東區","120.695","24.125","1755"
"2734","274642","20220727031000","1979","2","臺中市","大里區","120.680","24.110","2804"
"224","274644","20220727031000","208","1","臺中市","大里區","120.665","24.100","218"
"61","274646","20220727031000","601","0","臺中市","大里區","120.665","24.105","51"
"211","274647","20220727031000","153","2","臺中市","大里區","120.670","24.105","231"
"60","274648","20220727031000","673","0","臺中市","大里區","120.665","24.110","61"
"1227","274649","20220727031000","862","2","臺中市","大里區","120.670","24.110","1170"
"736","274650","20220727031000","703","1","臺中市","大里區","120.700","24.105","732"
"220","274683","20220727031000","213","1","臺中市","太平區","120.765","24.110","225"
"81","274707","20220727031000","66","2","臺中市","太平區","120.795","24.115","84"
"12","274708","20220727031000","10","2","臺中市","太平區","120.800","24.115","12"
"479","274737","20220727031000","520","0","臺中市","太平區","120.720","24.140","447"
"1105","274738","20220727031000","750","2","臺中市","太平區","120.725","24.135","1208"
"1337","274739","20220727031000","854","3","臺中市","大里區","120.695","24.120","1331"
"197","274741","20220727031000","142","2","臺中市","東區","120.700","24.130","202"
"190","274742","20220727031000","156","2","臺中市","東區","120.700","24.135","186"
"1818","274744","20220727031000","2033","0","臺中市","大里區","120.685","24.105","1775"
"114","274781","20220727031000","67","3","臺中市","新社區","120.825","24.165","118"
"67","274785","20220727031000","61","1","臺中市","新社區","120.835","24.170","61"
"1107","274786","20220727031000","697","3","臺中市","西屯區","120.610","24.180","1120"
"37","274787","20220727031000","469","0","臺中市","南區","120.680","24.125","38"
"1445","274788","20220727031000","742","3","臺中市","東區","120.685","24.135","1398"
"3707","274789","20220727031000","1783","3","臺中市","北區","120.685","24.145","3570"
"4305","274790","20220727031000","3798","1","臺中市","北屯區","120.670","24.175","4420"
"650","274792","20220727031000","583","1","臺中市","東區","120.695","24.135","601"
"65","274805","20220727031000","57","1","臺中市","新社區","120.825","24.155","66"
"309","274823","20220727031000","195","3","臺中市","新社區","120.800","24.180","277"
"179","274835","20220727031000","1481","0","臺中市","大肚區","120.540","24.150","168"
"253","274842","20220727031000","251","1","臺中市","大肚區","120.540","24.170","253"
"35","274852","20220727031000","39","0","臺中市","大肚區","120.525","24.175","34"
"102","274869","20220727031000","409","0","臺中市","大肚區","120.545","24.135","102"
"17","274873","20220727031000","231","0","臺中市","大肚區","120.550","24.140","20"
"176","274874","20220727031000","166","1","臺中市","大肚區","120.555","24.140","174"
"2317","274883","20220727031000","2089","1","臺中市","北區","120.670","24.155","2342"
"703","274884","20220727031000","603","1","臺中市","西屯區","120.655","24.175","673"
"125","274885","20220727031000","658","0","臺中市","西屯區","120.660","24.175","148"
"1256","274889","20220727031000","953","2","臺中市","大肚區","120.580","24.110","1194"
"33","274891","20220727031000","323","0","臺中市","大肚區","120.570","24.115","36"
"169","274895","20220727031000","160","1","臺中市","大肚區","120.545","24.145","159"
"204","274897","20220727031000","1570","0","臺中市","大肚區","120.550","24.150","208"
"1295","274905","20220727031000","986","2","臺中市","南區","120.650","24.115","1280"
"75","274907","20220727031000","390","0","臺中市","南區","120.650","24.120","78"
"1377","274908","20220727031000","1383","0","臺中市","南區","120.655","24.120","1324"
"1121","274910","20220727031000","1039","1","臺中市","南區","120.645","24.110","1131"
"1739","274911","20220727031000","1843","0","臺中市","南區","120.650","24.110","1679"
"1418","274912","20220727031000","1388","1","臺中市","南區","120.655","24.110","1457"
"881","274913","20220727031000","1300","0","臺中市","南區","120.670","24.115","881"
"539","274917","20220727031000","304","3","臺中市","龍井區","120.575","24.180","490"
"1555","274918","20220727031000","1184","2","臺中市","龍井區","120.580","24.180","1543"
"167","274921","20220727031000","180","0","臺中市","龍井區","120.580","24.185","189"
"223","274926","20220727031000","201","1","臺中市","新社區","120.815","24.180","207"
"10","274937","20220727031000","14","0","臺中市","新社區","120.880","24.105","12"
"83","274950","20220727031000","60","2","南投縣","國姓鄉","120.855","24.120","71"
"28","274969","20220727031000","24","1","臺中市","新社區","120.840","24.130","32"
"56","274972","20220727031000","47","1","臺中市","新社區","120.855","24.130","52"
"16","274976","20220727031000","18","0","臺中市","新社區","120.875","24.130","15"
"41","274982","20220727031000","37","1","臺中市","新社區","120.855","24.135","34"
"66","274997","20220727031000","42","3","臺中市","和平區","120.885","24.140","70"
"18","275017","20220727031000","95","0","臺中市","新社區","120.865","24.155","18"
"19","275019","20220727031000","54","0","臺中市","新社區","120.875","24.155","13"
"217","275027","20220727031000","110","3","臺中市","新社區","120.885","24.160","208"
"10","275030","20220727031000","88","0","臺中市","新社區","120.885","24.165","10"
"1300","275034","20220727031000","1726","0","臺中市","北區","120.675","24.165","1262"
"4511","275035","20220727031000","3478","2","臺中市","北區","120.680","24.165","4568"
"1558","275036","20220727031000","2045","0","臺中市","北區","120.675","24.170","1581"
"911","275037","20220727031000","1053","0","臺中市","南區","120.655","24.115","923"
"1709","275038","20220727031000","2729","0","臺中市","南區","120.660","24.115","1715"
"2955","275039","20220727031000","2324","2","臺中市","南區","120.665","24.120","3000"
"2308","275040","20220727031000","1841","2","臺中市","南區","120.670","24.120","2340"
"179","275041","20220727031000","915","0","臺中市","太平區","120.715","24.115","160"
"1320","275042","20220727031000","1203","1","臺中市","太平區","120.720","24.120","1325"
"4330","275043","20220727031000","4116","1","臺中市","西屯區","120.645","24.175","4282"
"2747","275044","20220727031000","3767","0","臺中市","西屯區","120.650","24.175","2704"
"332","275045","20220727031000","250","2","臺中市","西屯區","120.640","24.185","327"
"141","275048","20220727031000","118","1","臺中市","西屯區","120.625","24.155","105"
"437","275049","20220727031000","404","1","臺中市","西屯區","120.625","24.160","504"
"1801","275052","20220727031000","2071","0","臺中市","龍井區","120.585","24.180","1696"
"1884","275053","20220727031000","2932","0","臺中市","西屯區","120.590","24.185","1886"
"499","275054","20220727031000","590","0","臺中市","龍井區","120.585","24.185","527"
"2042","275055","20220727031000","2362","0","臺中市","龍井區","120.590","24.180","1982"
"588","275056","20220727031000","432","2","臺中市","西屯區","120.595","24.190","600"
"702","275061","20220727031000","823","0","臺中市","東區","120.710","24.145","702"
"1280","275062","20220727031000","1305","0","臺中市","東區","120.710","24.140","1303"
"235","275064","20220727031000","248","0","臺中市","大里區","120.695","24.100","215"
"430","275065","20220727031000","534","0","臺中市","大里區","120.700","24.100","429"
"1544","275066","20220727031000","1397","1","臺中市","大里區","120.685","24.110","1562"
"681","275067","20220727031000","417","3","臺中市","大里區","120.690","24.110","748"
"597","275069","20220727031000","512","1","臺中市","太平區","120.730","24.100","595"
"442","275075","20220727031000","540","0","臺中市","太平區","120.730","24.105","452"
"727","275076","20220727031000","436","3","臺中市","太平區","120.735","24.120","710"
"22","275081","20220727031000","13","3","臺中市","太平區","120.745","24.125","20"
"455","275082","20220727031000","267","3","臺中市","太平區","120.740","24.130","412"
"1450","275083","20220727031000","1203","2","臺中市","北區","120.680","24.155","1476"
"503","275084","20220727031000","297","3","臺中市","太平區","120.750","24.125","367"
"704","275099","20220727031000","473","2","臺中市","太平區","120.735","24.110","732"
"1098","275110","20220727031000","973","1","臺中市","西區","120.665","24.130","1077"
"1720","275111","20220727031000","1800","0","臺中市","東區","120.690","24.125","1639"
"137","275112","20220727031000","105","2","臺中市","東區","120.685","24.125","114"
"736","275114","20220727031000","588","2","臺中市","西區","120.665","24.135","719"
"1456","275115","20220727031000","1764","0","臺中市","西區","120.670","24.140","1410"
"1509","275116","20220727031000","927","3","臺中市","南區","120.655","24.130","1523"
"1370","275118","20220727031000","1662","0","臺中市","北區","120.695","24.155","1384"
"2346","275119","20220727031000","1942","2","臺中市","北區","120.695","24.160","2356"
"5632","275120","20220727031000","3730","3","臺中市","西區","120.660","24.135","5485"
"897","275121","20220727031000","940","0","臺中市","東區","120.685","24.130","869"
"2238","275122","20220727031000","1417","3","臺中市","南區","120.675","24.130","2229"
"1988","275123","20220727031000","1984","1","臺中市","南屯區","120.635","24.145","2014"
"3331","275124","20220727031000","2379","2","臺中市","南屯區","120.640","24.145","3337"
"2314","275125","20220727031000","1887","2","臺中市","西區","120.670","24.145","2517"
"3067","275126","20220727031000","2880","1","臺中市","北區","120.665","24.160","3098"
"982","275128","20220727031000","1616","0","臺中市","北區","120.675","24.160","1279"
"1442","275129","20220727031000","1643","0","臺中市","北區","120.675","24.145","1387"
"1998","275130","20220727031000","1800","1","臺中市","北屯區","120.700","24.185","2072"
"695","275133","20220727031000","248","3","臺中市","北屯區","120.660","24.185","741"
"2146","275134","20220727031000","1513","2","臺中市","北屯區","120.660","24.180","2089"
"362","275137","20220727031000","281","2","臺中市","龍井區","120.565","24.175","367"
"4131","275141","20220727031000","4147","0","臺中市","南屯區","120.655","24.140","3956"
"339","275142","20220727031000","944","0","臺中市","西區","120.665","24.140","230"
"946","275143","20220727031000","708","2","臺中市","西屯區","120.625","24.185","882"
"2386","275144","20220727031000","1995","1","臺中市","西屯區","120.655","24.160","2363"
"1312","275145","20220727031000","1154","1","臺中市","西屯區","120.650","24.165","1287"
"4475","275146","20220727031000","3479","2","臺中市","西屯區","120.655","24.165","4395"
"64","275147","20220727031000","480","0","臺中市","烏日區","120.600","24.120","53"
"95","275154","20220727031000","518","0","臺中市","烏日區","120.605","24.125","75"
"67","275159","20220727031000","78","0","臺中市","南屯區","120.600","24.130","59"
"83","275166","20220727031000","70","1","臺中市","烏日區","120.590","24.110","75"
"2430","275167","20220727031000","1681","2","臺中市","烏日區","120.595","24.110","2437"
"953","275174","20220727031000","783","2","臺中市","烏日區","120.615","24.105","952"
"220","275175","20220727031000","134","3","臺中市","烏日區","120.615","24.110","187"
"284","275177","20220727031000","1143","0","臺中市","烏日區","120.625","24.110","277"
"1108","275179","20220727031000","2182","0","臺中市","北區","120.685","24.165","1078"
"697","275181","20220727031000","1979","0","臺中市","北屯區","120.725","24.160","709"
"592","275185","20220727031000","534","1","臺中市","北屯區","120.725","24.165","620"
"1655","275187","20220727031000","1480","1","臺中市","北屯區","120.735","24.165","1583"
"53","275188","20220727031000","53","1","臺中市","北屯區","120.740","24.165","53"
"697","275189","20220727031000","417","3","臺中市","北屯區","120.730","24.170","677"
"348","275192","20220727031000","744","0","臺中市","北屯區","120.735","24.175","358"
"462","275193","20220727031000","441","1","臺中市","北屯區","120.740","24.175","475"
"2315","275194","20220727031000","2488","0","臺中市","北區","120.670","24.170","2320"
"1058","275195","20220727031000","1020","1","臺中市","北屯區","120.690","24.170","1081"
"1240","275196","20220727031000","683","3","臺中市","北屯區","120.675","24.175","1238"
"5363","275197","20220727031000","4036","2","臺中市","北屯區","120.680","24.175","5308"
"3368","275198","20220727031000","3032","1","臺中市","北屯區","120.685","24.175","3434"
"4081","275199","20220727031000","4169","0","臺中市","南屯區","120.635","24.150","4067"
"1118","275200","20220727031000","827","2","臺中市","南屯區","120.640","24.150","1183"
"1888","275201","20220727031000","2048","0","臺中市","南屯區","120.635","24.155","1951"
"2183","275202","20220727031000","1491","2","臺中市","北屯區","120.685","24.190","2223"
"16","275203","20220727031000","102","0","臺中市","南屯區","120.620","24.115","15"
"2234","275204","20220727031000","1377","3","臺中市","南屯區","120.625","24.115","2214"
"369","275206","20220727031000","360","1","臺中市","南屯區","120.625","24.120","347"
"2625","275207","20220727031000","2780","0","臺中市","西屯區","120.650","24.180","2426"
"2275","275208","20220727031000","1816","2","臺中市","西屯區","120.635","24.185","2506"
"3707","275209","20220727031000","4229","0","臺中市","西屯區","120.645","24.180","3862"
"1869","275210","20220727031000","2116","0","臺中市","西屯區","120.640","24.180","1919"
"449","275211","20220727031000","319","2","臺中市","西屯區","120.655","24.185","443"
"1348","275212","20220727031000","843","3","臺中市","西屯區","120.660","24.165","1344"
"2266","275213","20220727031000","1923","1","臺中市","西屯區","120.650","24.160","2247"
"503","275214","20220727031000","459","1","臺中市","西屯區","120.665","24.170","477"
"605","275215","20220727031000","514","1","臺中市","大里區","120.710","24.110","568"
"333","275217","20220727031000","484","0","臺中市","太平區","120.710","24.115","371"
"154","275219","20220727031000","155","0","臺中市","太平區","120.710","24.120","160"
"706","275221","20220727031000","659","1","臺中市","太平區","120.705","24.125","720"
"559","275222","20220727031000","504","1","臺中市","太平區","120.710","24.125","557"
"1124","275223","20220727031000","1290","0","臺中市","太平區","120.715","24.125","1142"
"1306","275227","20220727031000","1179","1","臺中市","北屯區","120.670","24.180","1350"
"1054","275228","20220727031000","677","3","臺中市","北屯區","120.665","24.180","1054"
"101","275229","20220727031000","884","0","臺中市","北屯區","120.700","24.165","109"
"1595","275230","20220727031000","2386","0","臺中市","北屯區","120.700","24.170","1713"
"1195","275231","20220727031000","711","3","臺中市","北屯區","120.705","24.165","1203"
"1223","275232","20220727031000","783","3","臺中市","北屯區","120.675","24.180","1258"
"619","275233","20220727031000","368","3","臺中市","北屯區","120.675","24.185","634"
"2924","275234","20220727031000","1843","3","臺中市","北屯區","120.680","24.180","3051"
"2287","275235","20220727031000","1841","2","臺中市","北屯區","120.670","24.185","2300"
"965","275237","20220727031000","474","3","臺中市","北屯區","120.675","24.190","899"
"292","275238","20220727031000","716","0","臺中市","北屯區","120.680","24.185","63"
"3065","275239","20220727031000","3576","0","臺中市","北區","120.680","24.160","3156"
"2040","275240","20220727031000","2744","0","臺中市","南區","120.660","24.110","1919"
"2516","275241","20220727031000","2276","1","臺中市","南區","120.665","24.115","2500"
"2431","275242","20220727031000","2293","1","臺中市","南區","120.665","24.125","2420"
"1449","275243","20220727031000","1523","0","臺中市","南區","120.655","24.125","1476"
"1516","275245","20220727031000","1310","1","臺中市","南屯區","120.645","24.145","1482"
"2728","275246","20220727031000","3225","0","臺中市","西區","120.650","24.145","2736"
"94","275247","20220727031000","132","0","臺中市","南屯區","120.600","24.140","103"
"597","275249","20220727031000","490","2","臺中市","南屯區","120.610","24.140","604"
"311","275250","20220727031000","254","2","臺中市","南屯區","120.615","24.140","308"
"531","275251","20220727031000","313","3","臺中市","南屯區","120.600","24.145","530"
"1669","275252","20220727031000","1063","3","臺中市","南屯區","120.605","24.145","1664"
"1135","275253","20220727031000","703","3","臺中市","南屯區","120.610","24.145","1111"
"1579","275254","20220727031000","1209","2","臺中市","南屯區","120.615","24.145","1591"
"349","275255","20220727031000","389","0","臺中市","南屯區","120.620","24.145","398"
"37","275256","20220727031000","37","1","臺中市","南屯區","120.595","24.150","41"
"189","275257","20220727031000","118","3","臺中市","南屯區","120.600","24.150","178"
"10","275259","20220727031000","29","0","臺中市","南屯區","120.580","24.155","10"
"2644","275267","20220727031000","2971","0","臺中市","北屯區","120.690","24.185","2623"
"17","275268","20220727031000","22","0","臺中市","北屯區","120.690","24.190","16"
"498","275270","20220727031000","478","1","臺中市","大肚區","120.555","24.130","503"
"437","275272","20220727031000","492","0","臺中市","大肚區","120.555","24.135","413"
"477","275278","20220727031000","477","1","臺中市","南屯區","120.620","24.140","512"
"248","275280","20220727031000","259","0","臺中市","南屯區","120.625","24.145","261"
"426","275281","20220727031000","388","1","臺中市","南屯區","120.630","24.145","430"
"455","275284","20220727031000","370","2","臺中市","南屯區","120.610","24.130","446"
"569","275286","20220727031000","321","3","臺中市","南屯區","120.600","24.135","559"
"505","275288","20220727031000","461","1","臺中市","南屯區","120.610","24.135","465"
"222","275291","20220727031000","235","0","臺中市","南屯區","120.595","24.135","229"
"602","275293","20220727031000","813","0","臺中市","南屯區","120.605","24.135","683"
"1741","275294","20220727031000","1491","1","臺中市","南屯區","120.615","24.135","1735"
"78","275297","20220727031000","36","3","臺中市","南屯區","120.590","24.140","80"
"415","275302","20220727031000","263","3","臺中市","南屯區","120.590","24.145","423"
"21","275303","20220727031000","63","0","臺中市","南屯區","120.595","24.145","22"
"155","275307","20220727031000","94","3","臺中市","南屯區","120.590","24.150","141"
"173","275309","20220727031000","227","0","臺中市","南屯區","120.630","24.115","176"
"78","275311","20220727031000","376","0","臺中市","南屯區","120.630","24.120","78"
"396","275312","20220727031000","360","1","臺中市","南屯區","120.635","24.120","409"
"121","275314","20220727031000","34","3","臺中市","南屯區","120.625","24.135","131"
"2959","275315","20220727031000","2172","2","臺中市","南屯區","120.630","24.135","3094"
"960","275316","20220727031000","635","3","臺中市","南屯區","120.630","24.140","958"
"3333","275317","20220727031000","2317","2","臺中市","南屯區","120.635","24.140","3357"
"1050","275318","20220727031000","896","1","臺中市","南屯區","120.645","24.150","1096"
"2030","275319","20220727031000","1147","3","臺中市","南屯區","120.640","24.140","2046"
"1916","275320","20220727031000","2476","0","臺中市","南屯區","120.645","24.140","1884"
"318","275322","20220727031000","310","1","臺中市","南屯區","120.635","24.125","340"
"524","275325","20220727031000","489","1","臺中市","南屯區","120.635","24.130","521"
"1546","275326","20220727031000","1115","2","臺中市","南屯區","120.645","24.130","1669"
"993","275328","20220727031000","740","2","臺中市","南屯區","120.640","24.135","615"
"187","275329","20220727031000","536","0","臺中市","南屯區","120.640","24.130","170"
"74","275330","20220727031000","48","3","臺中市","南屯區","120.620","24.125","76"
"554","275332","20220727031000","319","3","臺中市","南屯區","120.630","24.125","543"
"144","275333","20220727031000","107","2","臺中市","南屯區","120.620","24.130","147"
"202","275336","20220727031000","189","1","臺中市","南屯區","120.640","24.125","216"
"341","275337","20220727031000","305","1","臺中市","南屯區","120.620","24.135","370"
"2106","275340","20220727031000","2276","0","臺中市","太平區","120.700","24.150","2176"
"1288","275341","20220727031000","1093","1","臺中市","北區","120.700","24.155","1193"
"2822","275343","20220727031000","2051","2","臺中市","北屯區","120.685","24.180","2785"
"1447","275344","20220727031000","1142","2","臺中市","北屯區","120.690","24.180","1472"
"456","275350","20220727031000","288","3","臺中市","北屯區","120.745","24.160","456"
"153","275354","20220727031000","138","1","臺中市","太平區","120.770","24.160","149"
"12","275362","20220727031000","12","1","臺中市","北屯區","120.745","24.170","14"
"228","275365","20220727031000","153","2","臺中市","北屯區","120.760","24.170","224"
"225","275380","20220727031000","210","1","臺中市","北屯區","120.775","24.175","207"
"95","275382","20220727031000","51","3","臺中市","北屯區","120.785","24.175","80"
"137","275386","20220727031000","129","1","臺中市","北屯區","120.750","24.180","146"
"958","275391","20220727031000","1269","0","臺中市","北屯區","120.710","24.160","1030"
"588","275392","20220727031000","369","3","臺中市","北屯區","120.715","24.160","584"
"384","275393","20220727031000","424","0","臺中市","北屯區","120.710","24.165","425"
"721","275394","20220727031000","594","2","臺中市","北屯區","120.715","24.165","687"
"414","275395","20220727031000","656","0","臺中市","北屯區","120.720","24.165","393"
"1774","275396","20220727031000","1827","0","臺中市","北屯區","120.710","24.170","1767"
"432","275397","20220727031000","468","0","臺中市","北屯區","120.715","24.170","424"
"1258","275398","20220727031000","1207","1","臺中市","北屯區","120.720","24.170","1164"
"70","275399","20220727031000","48","2","臺中市","大肚區","120.570","24.150","52"
"170","275400","20220727031000","135","2","臺中市","大肚區","120.570","24.155","163"
"1520","275403","20220727031000","1411","1","臺中市","大肚區","120.570","24.160","1523"
"68","275420","20220727031000","54","2","臺中市","大肚區","120.535","24.150","56"
"2229","275421","20220727031000","2301","0","臺中市","西區","120.655","24.155","2357"
"2531","275422","20220727031000","1729","2","臺中市","西區","120.660","24.155","2409"
"785","275423","20220727031000","745","1","臺中市","西區","120.660","24.160","785"
"161","275424","20220727031000","172","0","臺中市","大里區","120.675","24.100","145"
"395","275425","20220727031000","621","0","臺中市","大里區","120.680","24.100","408"
"423","275426","20220727031000","290","2","臺中市","大里區","120.680","24.105","429"
"1644","275427","20220727031000","841","3","臺中市","西區","120.680","24.135","1559"
"1085","275428","20220727031000","1092","0","臺中市","中區","120.680","24.145","1117"
"2850","275429","20220727031000","1174","3","臺中市","中區","120.680","24.140","2949"
"2591","275430","20220727031000","1635","3","臺中市","北屯區","120.680","24.170","2578"
"612","275431","20220727031000","972","0","臺中市","北屯區","120.685","24.170","606"
"618","275432","20220727031000","1099","0","臺中市","北屯區","120.690","24.165","624"
"1380","275433","20220727031000","1277","1","臺中市","北屯區","120.695","24.170","1385"
"3665","275434","20220727031000","3404","1","臺中市","北屯區","120.695","24.175","3588"
"2746","275435","20220727031000","2594","1","臺中市","北屯區","120.690","24.175","2814"
"1663","275436","20220727031000","1325","2","臺中市","南屯區","120.630","24.150","1655"
"981","275437","20220727031000","612","3","臺中市","南屯區","120.630","24.155","961"
"618","275439","20220727031000","1217","0","臺中市","北屯區","120.710","24.175","569"
"391","275440","20220727031000","409","0","臺中市","北屯區","120.695","24.185","411"
"644","275442","20220727031000","663","0","臺中市","北屯區","120.710","24.180","623"
"159","275443","20220727031000","469","0","臺中市","北屯區","120.705","24.180","136"
"1172","275445","20220727031000","1099","1","臺中市","北屯區","120.705","24.185","1154"
"1884","275457","20220727031000","1458","2","臺中市","北區","120.670","24.160","1925"
"1426","275458","20220727031000","1069","2","臺中市","北區","120.685","24.155","1411"
"1457","275459","20220727031000","992","2","臺中市","北屯區","120.700","24.175","1527"
"640","275461","20220727031000","398","3","臺中市","大里區","120.710","24.100","650"
"827","275462","20220727031000","757","1","臺中市","大里區","120.715","24.100","790"
"1504","275463","20220727031000","1988","0","臺中市","大里區","120.690","24.105","1491"
"541","275464","20220727031000","861","0","臺中市","大里區","120.695","24.105","561"
"746","275466","20220727031000","1004","0","臺中市","大里區","120.685","24.100","722"
"3207","275467","20220727031000","2586","2","臺中市","大里區","120.680","24.115","3111"
"553","275468","20220727031000","437","2","臺中市","大里區","120.685","24.115","537"
"939","275469","20220727031000","1165","0","臺中市","南屯區","120.635","24.135","933"
"40","275471","20220727031000","821","0","臺中市","大里區","120.695","24.110","40"
"1939","275477","20220727031000","1388","2","臺中市","太平區","120.715","24.155","1860"
"1244","275478","20220727031000","760","3","臺中市","北屯區","120.705","24.170","1238"
"312","275479","20220727031000","324","0","臺中市","北屯區","120.740","24.180","298"
"73","275480","20220727031000","297","0","臺中市","北屯區","120.745","24.180","89"
"48","275492","20220727031000","43","1","臺中市","北屯區","120.770","24.185","48"
"19","275495","20220727031000","37","0","臺中市","北屯區","120.780","24.185","15"
"48","275502","20220727031000","82","0","臺中市","北屯區","120.765","24.185","45"
"1580","275504","20220727031000","2126","0","臺中市","北屯區","120.695","24.180","1594"
"1993","275505","20220727031000","1704","1","臺中市","西屯區","120.665","24.175","1940"
"735","275506","20220727031000","549","2","臺中市","西屯區","120.640","24.155","689"
"2308","275507","20220727031000","2381","0","臺中市","西屯區","120.645","24.155","2331"
"1083","275508","20220727031000","2324","0","臺中市","西屯區","120.640","24.160","1045"
"1476","275509","20220727031000","1169","2","臺中市","西屯區","120.645","24.160","1553"
"404","275510","20220727031000","893","0","臺中市","西屯區","120.640","24.165","365"
"1506","275511","20220727031000","1666","0","臺中市","西屯區","120.645","24.165","1597"
"1427","275512","20220727031000","1267","1","臺中市","西屯區","120.650","24.170","1374"
"910","275513","20220727031000","606","3","臺中市","太平區","120.720","24.145","929"
"678","275515","20220727031000","606","1","臺中市","太平區","120.715","24.145","638"
"1768","275517","20220727031000","1600","1","臺中市","大里區","120.690","24.115","1766"
"642","275518","20220727031000","587","1","臺中市","大里區","120.690","24.120","642"
"914","275519","20220727031000","340","3","臺中市","東區","120.700","24.125","897"
"11","275662","20220727031000","20","0","臺中市","和平區","120.955","24.160","17"
"141","275685","20220727031000","65","3","臺中市","和平區","120.950","24.165","122"
"47","275710","20220727031000","21","3","臺中市","和平區","120.945","24.170","38"
"13","275716","20220727031000","66","0","臺中市","和平區","120.975","24.170","12"
"12","275771","20220727031000","101","0","臺中市","和平區","120.980","24.180","12"
"258","275829","20220727031000","129","3","臺中市","和平區","120.990","24.185","283"
"134","276007","20220727031000","119","1","臺中市","和平區","120.925","24.180","113"
"175","276027","20220727031000","1105","0","臺中市","北屯區","120.700","24.180","173"
"1556","276028","20220727031000","2021","0","臺中市","南區","120.680","24.130","1563"
"1564","276029","20220727031000","2192","0","臺中市","西屯區","120.620","24.180","1586"
"1076","276033","20220727031000","1688","0","臺中市","西屯區","120.650","24.185","997"
"631","276037","20220727031000","492","2","臺中市","西屯區","120.635","24.160","653"
"1346","276039","20220727031000","1056","2","臺中市","西屯區","120.635","24.165","1389"
"334","276040","20220727031000","238","2","臺中市","西屯區","120.630","24.170","324"
"832","276041","20220727031000","696","1","臺中市","西屯區","120.635","24.170","802"
"1984","276043","20220727031000","1732","1","臺中市","太平區","120.715","24.140","1988"
"107","276044","20220727031000","928","0","臺中市","太平區","120.720","24.155","107"
"2579","276045","20220727031000","2385","1","臺中市","西區","120.660","24.140","2528"
"1978","276046","20220727031000","1960","1","臺中市","西區","120.660","24.145","1888"
"1257","276048","20220727031000","1367","0","臺中市","南區","120.660","24.130","1173"
"99","276451","20220727031000","115","0","花蓮縣","秀林鄉","121.285","24.140","84"
"265","276521","20220727031000","199","2","花蓮縣","秀林鄉","121.635","24.140","262"
"149","276735","20220727031000","86","3","花蓮縣","秀林鄉","121.625","24.155","154"
"59","276803","20220727031000","42","2","花蓮縣","秀林鄉","121.620","24.160","66"
"68","276945","20220727031000","50","2","花蓮縣","秀林鄉","121.300","24.175","65"
"65","277000","20220727031000","52","2","花蓮縣","秀林鄉","121.570","24.175","51"
"20","277055","20220727031000","10","3","花蓮縣","秀林鄉","121.510","24.180","15"
"406","277116","20220727031000","210","3","花蓮縣","秀林鄉","121.495","24.180","347"
"568","277183","20220727031000","382","2","花蓮縣","秀林鄉","121.655","24.125","668"
"55","277187","20220727031000","41","2","花蓮縣","秀林鄉","121.645","24.135","56"
"306","277214","20220727031000","231","2","花蓮縣","秀林鄉","121.650","24.155","299"
"154","277223","20220727031000","115","2","花蓮縣","秀林鄉","121.655","24.160","139"
"129","277237","20220727031000","85","3","花蓮縣","秀林鄉","121.655","24.170","118"
"2381","277409","20220727031000","3415","0","臺中市","西屯區","120.645","24.170","2354"
"603","277410","20220727031000","488","2","臺中市","太平區","120.730","24.155","643"
"145","277411","20220727031000","903","0","臺中市","太平區","120.735","24.155","129"
"25","277415","20220727031000","249","0","臺中市","大肚區","120.550","24.120","23"
"967","277420","20220727031000","943","1","臺中市","大肚區","120.570","24.120","990"
"96","277421","20220727031000","697","0","臺中市","大肚區","120.575","24.120","102"
"474","277423","20220727031000","395","2","臺中市","大肚區","120.570","24.125","488"
"44","277425","20220727031000","399","0","臺中市","大肚區","120.580","24.125","41"
"141","277426","20220727031000","126","1","臺中市","大肚區","120.570","24.130","156"
"267","277434","20220727031000","222","2","臺中市","大肚區","120.585","24.135","256"
"2437","277437","20220727031000","2545","0","臺中市","大里區","120.705","24.105","2529"
"581","277439","20220727031000","547","1","臺中市","大里區","120.705","24.110","544"
"40","277440","20220727031000","505","0","臺中市","太平區","120.705","24.150","50"
"435","277441","20220727031000","857","0","臺中市","太平區","120.710","24.150","405"
"507","277442","20220727031000","355","2","臺中市","烏日區","120.625","24.100","499"
"867","277443","20220727031000","755","1","臺中市","烏日區","120.630","24.100","836"
"1485","277444","20220727031000","984","3","臺中市","烏日區","120.620","24.105","1510"
"534","277445","20220727031000","415","2","臺中市","烏日區","120.625","24.105","535"
"114","277450","20220727031000","89","2","臺中市","西屯區","120.595","24.165","106"
"219","277451","20220727031000","205","1","臺中市","西屯區","120.600","24.165","223"
"144","277452","20220727031000","191","0","臺中市","西屯區","120.605","24.165","144"
"390","277453","20220727031000","333","1","臺中市","西屯區","120.610","24.165","371"
"492","277457","20220727031000","518","0","臺中市","西屯區","120.590","24.170","494"
"68","277458","20220727031000","47","2","臺中市","西屯區","120.595","24.170","77"
"51","277460","20220727031000","46","1","臺中市","西屯區","120.605","24.170","49"
"265","277461","20220727031000","456","0","臺中市","西屯區","120.610","24.170","291"
"101","277462","20220727031000","181","0","臺中市","西屯區","120.615","24.170","109"
"690","277463","20220727031000","529","2","臺中市","西屯區","120.620","24.170","712"
"98","277467","20220727031000","92","1","臺中市","西屯區","120.605","24.175","91"
"450","277468","20220727031000","406","1","臺中市","西屯區","120.595","24.175","448"
"434","277471","20220727031000","243","3","臺中市","西屯區","120.620","24.175","435"
"1277","277473","20220727031000","1772","0","臺中市","西屯區","120.595","24.180","1210"
"424","277474","20220727031000","98","3","臺中市","西屯區","120.595","24.185","380"
"54","277475","20220727031000","774","0","臺中市","西屯區","120.600","24.175","65"
"2108","277477","20220727031000","2243","0","臺中市","太平區","120.720","24.130","2203"
"40","277478","20220727031000","257","0","臺中市","太平區","120.710","24.130","24"
"91","277480","20220727031000","1115","0","臺中市","太平區","120.715","24.135","88"
"1857","277481","20220727031000","1623","1","臺中市","太平區","120.730","24.150","1883"
"38","277483","20220727031000","241","0","臺中市","大肚區","120.575","24.170","38"
"669","277484","20220727031000","970","0","臺中市","大肚區","120.580","24.170","642"
"2001","277487","20220727031000","2072","0","臺中市","大肚區","120.545","24.155","1976"
"71","277488","20220727031000","652","0","臺中市","大肚區","120.540","24.160","60"
"777","277489","20220727031000","696","1","臺中市","大肚區","120.545","24.160","756"
"247","277492","20220727031000","213","1","臺中市","大肚區","120.535","24.165","212"
"620","277493","20220727031000","1147","0","臺中市","大里區","120.690","24.100","649"
"469","277496","20220727031000","377","2","臺中市","太平區","120.735","24.105","447"
"848","277503","20220727031000","991","0","臺中市","太平區","120.730","24.140","875"
"1014","277504","20220727031000","1237","0","臺中市","太平區","120.735","24.140","1043"
"19","277507","20220727031000","25","0","臺中市","太平區","120.730","24.145","18"
"1428","277508","20220727031000","1386","1","臺中市","太平區","120.735","24.145","1404"
"1504","277520","20220727031000","1460","1","臺中市","太平區","120.740","24.155","1533"
"192","277531","20220727031000","915","0","臺中市","太平區","120.730","24.125","201"
"122","277532","20220727031000","241","0","臺中市","太平區","120.725","24.130","114"
"1310","277533","20220727031000","1322","0","臺中市","東區","120.690","24.130","1378"
"1032","277534","20220727031000","966","1","臺中市","東區","120.690","24.140","1001"
"2150","277535","20220727031000","1261","3","臺中市","中區","120.685","24.140","2230"
"16","277537","20220727031000","229","0","臺中市","太平區","120.735","24.130","22"
"756","277538","20220727031000","1024","0","臺中市","太平區","120.720","24.100","743"
"731","277540","20220727031000","554","2","臺中市","太平區","120.720","24.105","723"
"923","277541","20220727031000","955","0","臺中市","太平區","120.725","24.140","923"
"549","277542","20220727031000","484","1","臺中市","太平區","120.730","24.135","482"
"950","277544","20220727031000","861","1","臺中市","龍井區","120.540","24.175","915"
"573","277557","20220727031000","435","2","臺中市","大肚區","120.560","24.125","575"
"124","277558","20220727031000","691","0","臺中市","大肚區","120.565","24.125","121"
"861","277564","20220727031000","861","1","臺中市","龍井區","120.575","24.175","856"
"189","277565","20220727031000","566","0","臺中市","龍井區","120.580","24.175","192"
"600","277566","20220727031000","611","0","臺中市","太平區","120.725","24.145","631"
"790","277567","20220727031000","724","1","臺中市","太平區","120.720","24.125","840"
"26","277587","20220727031000","16","3","臺中市","東勢區","120.855","24.175","21"
"79","277597","20220727031000","67","1","臺中市","東勢區","120.840","24.185","76"
"10","277611","20220727031000","10","1","臺中市","東勢區","120.865","24.185","11"
"667","277614","20220727031000","832","0","臺中市","太平區","120.710","24.135","752"
"1578","277615","20220727031000","1472","1","臺中市","東區","120.705","24.140","1670"
"1568","277617","20220727031000","1287","2","臺中市","東區","120.695","24.150","1553"
"214","277618","20220727031000","1963","0","臺中市","太平區","120.705","24.155","80"
"848","277619","20220727031000","807","1","臺中市","太平區","120.705","24.160","840"
"1870","277620","20220727031000","957","3","臺中市","太平區","120.710","24.155","1828"
"1893","277621","20220727031000","1462","2","臺中市","東區","120.690","24.135","1887"
"574","277622","20220727031000","597","0","臺中市","東區","120.690","24.145","581"
"2075","277623","20220727031000","1563","2","臺中市","東區","120.700","24.140","2070"
"1775","277624","20220727031000","1818","0","臺中市","北區","120.675","24.155","1803"
"1851","277625","20220727031000","1699","1","臺中市","西區","120.660","24.150","1817"
"2056","277626","20220727031000","1710","2","臺中市","西區","120.665","24.155","2138"
"27","277630","20220727031000","486","0","臺中市","龍井區","120.550","24.185","26"
"218","277637","20220727031000","188","1","臺中市","烏日區","120.650","24.105","224"
"957","277638","20220727031000","988","0","臺中市","烏日區","120.655","24.105","949"
"3304","277639","20220727031000","2886","1","臺中市","西屯區","120.640","24.170","3298"
"1266","277640","20220727031000","1739","0","臺中市","西屯區","120.655","24.170","1341"
"3980","277641","20220727031000","3756","1","臺中市","西屯區","120.660","24.170","4029"
"1823","277642","20220727031000","2212","0","臺中市","太平區","120.720","24.150","1758"
"341","277643","20220727031000","297","1","臺中市","太平區","120.725","24.150","345"
"1762","277644","20220727031000","1752","1","臺中市","太平區","120.725","24.155","1725"
"1399","277646","20220727031000","662","3","臺中市","烏日區","120.605","24.105","1386"
"445","277647","20220727031000","309","2","臺中市","烏日區","120.610","24.105","432"
"76","277648","20220727031000","56","2","臺中市","烏日區","120.600","24.110","74"
"1105","277649","20220727031000","1627","0","臺中市","烏日區","120.605","24.110","996"
"23","277650","20220727031000","14","3","臺中市","烏日區","120.610","24.110","21"
"457","277652","20220727031000","419","1","臺中市","烏日區","120.605","24.115","484"
"270","277653","20220727031000","136","3","臺中市","烏日區","120.610","24.115","227"
"144","277655","20220727031000","114","2","臺中市","烏日區","120.595","24.120","155"
"296","277656","20220727031000","1009","0","臺中市","烏日區","120.635","24.110","310"
"1190","277657","20220727031000","1087","1","臺中市","烏日區","120.640","24.110","1186"
"1948","277661","20220727031000","1234","3","臺中市","西區","120.665","24.150","1940"
"263","277662","20220727031000","376","0","臺中市","西區","120.670","24.150","249"
"1613","277663","20220727031000","2731","0","臺中市","西區","120.675","24.135","1652"
"1809","277664","20220727031000","1786","1","臺中市","西區","120.665","24.145","1775"
"207","277681","20220727031000","134","3","花蓮縣","秀林鄉","121.630","24.115","194"
"99","277712","20220727031000","74","2","花蓮縣","秀林鄉","121.630","24.125","98"
"291","277713","20220727031000","222","2","花蓮縣","秀林鄉","121.635","24.125","312"
"230","277756","20220727031000","203","1","花蓮縣","新城鄉","121.615","24.100","236"
"171","277759","20220727031000","116","2","花蓮縣","新城鄉","121.620","24.105","156"
"402","277766","20220727031000","289","2","花蓮縣","新城鄉","121.640","24.115","337"
"75","277799","20220727031000","58","2","花蓮縣","新城鄉","121.650","24.125","65"
"168","277805","20220727031000","143","1","花蓮縣","新城鄉","121.645","24.130","157"
"38","277807","20220727031000","34","1","彰化縣","彰化市","120.545","24.100","32"
"1177","277812","20220727031000","1015","1","彰化縣","和美鎮","120.495","24.115","1115"
"310","277817","20220727031000","230","2","彰化縣","彰化市","120.560","24.105","322"
"294","277821","20220727031000","144","3","彰化縣","和美鎮","120.505","24.140","285"
"1183","277830","20220727031000","1238","0","彰化縣","和美鎮","120.500","24.105","1189"
"1797","277831","20220727031000","1523","1","彰化縣","和美鎮","120.495","24.110","1762"
"1550","277832","20220727031000","1581","0","彰化縣","和美鎮","120.500","24.110","1542"
"150","277834","20220727031000","1082","0","彰化縣","伸港鄉","120.480","24.140","80"
"102","277848","20220727031000","89","1","南投縣","國姓鄉","120.895","24.110","95"
"18","277865","20220727031000","19","0","南投縣","國姓鄉","120.850","24.105","20"
"41","277866","20220727031000","34","2","南投縣","國姓鄉","120.855","24.105","39"
"655","277889","20220727031000","578","1","彰化縣","和美鎮","120.490","24.110","653"
"222","277890","20220727031000","193","1","彰化縣","和美鎮","120.490","24.115","232"
"193","277892","20220727031000","243","0","彰化縣","和美鎮","120.515","24.125","201"
"34","277895","20220727031000","30","1","彰化縣","和美鎮","120.520","24.130","20"
"389","277898","20220727031000","299","2","彰化縣","和美鎮","120.515","24.135","345"
"445","277902","20220727031000","391","1","彰化縣","和美鎮","120.500","24.130","421"
"20","277906","20220727031000","14","2","彰化縣","和美鎮","120.505","24.135","21"
"22","277907","20220727031000","16","2","彰化縣","和美鎮","120.510","24.135","25"
"1401","277912","20220727031000","1233","1","彰化縣","和美鎮","120.490","24.120","1455"
"731","277913","20220727031000","626","1","彰化縣","和美鎮","120.495","24.120","707"
"74","277919","20220727031000","124","0","彰化縣","伸港鄉","120.510","24.160","68"
"60","277922","20220727031000","44","2","彰化縣","伸港鄉","120.510","24.165","70"
"196","277925","20220727031000","592","0","彰化縣","伸港鄉","120.505","24.170","90"
"131","277926","20220727031000","110","1","彰化縣","伸港鄉","120.510","24.170","78"
"13","277928","20220727031000","249","0","彰化縣","伸港鄉","120.505","24.175","13"
"298","277931","20220727031000","181","3","彰化縣","伸港鄉","120.505","24.180","279"
"852","277935","20220727031000","462","3","彰化縣","彰化市","120.575","24.100","859"
"51","277953","20220727031000","811","0","彰化縣","和美鎮","120.530","24.110","46"
"11","277963","20220727031000","14","0","彰化縣","和美鎮","120.535","24.105","10"
"50","277967","20220727031000","537","0","彰化縣","和美鎮","120.545","24.110","45"
"18","277968","20220727031000","31","0","彰化縣","和美鎮","120.540","24.115","17"
"41","277971","20220727031000","43","0","彰化縣","和美鎮","120.530","24.100","35"
"1356","277975","20220727031000","1098","2","彰化縣","和美鎮","120.525","24.115","1377"
"21","277978","20220727031000","14","3","彰化縣","和美鎮","120.485","24.135","27"
"175","277979","20220727031000","180","0","彰化縣","和美鎮","120.485","24.140","102"
"785","277980","20220727031000","2189","0","彰化縣","伸港鄉","120.485","24.145","367"
"359","277982","20220727031000","694","0","彰化縣","伸港鄉","120.490","24.150","185"
"239","277984","20220727031000","172","2","彰化縣","伸港鄉","120.470","24.145","221"
"99","277985","20220727031000","345","0","彰化縣","伸港鄉","120.475","24.145","72"
"238","277994","20220727031000","776","0","彰化縣","伸港鄉","120.500","24.140","126"
"184","277998","20220727031000","279","0","彰化縣","伸港鄉","120.480","24.155","126"
"993","278002","20220727031000","854","1","彰化縣","和美鎮","120.490","24.105","950"
"46","278003","20220727031000","80","0","彰化縣","和美鎮","120.490","24.125","37"
"659","278011","20220727031000","528","2","彰化縣","和美鎮","120.515","24.105","674"
"648","278012","20220727031000","529","2","彰化縣","和美鎮","120.510","24.110","646"
"134","278018","20220727031000","455","0","彰化縣","和美鎮","120.510","24.150","113"
"73","278026","20220727031000","544","0","彰化縣","線西鄉","120.455","24.145","38"
"172","278032","20220727031000","92","3","彰化縣","伸港鄉","120.450","24.155","154"
"1448","278037","20220727031000","1335","1","彰化縣","和美鎮","120.500","24.115","1420"
"1011","278047","20220727031000","562","3","彰化縣","和美鎮","120.490","24.130","955"
"1096","278050","20220727031000","566","3","彰化縣","和美鎮","120.490","24.100","1105"
"1859","278052","20220727031000","679","3","彰化縣","和美鎮","120.515","24.100","1949"
"980","278053","20220727031000","515","3","彰化縣","和美鎮","120.520","24.100","891"
"174","278058","20220727031000","121","2","彰化縣","和美鎮","120.485","24.100","173"
"465","278060","20220727031000","520","0","彰化縣","和美鎮","120.485","24.110","527"
"99","278065","20220727031000","204","0","彰化縣","伸港鄉","120.475","24.155","71"
"36","278066","20220727031000","11","3","彰化縣","伸港鄉","120.470","24.160","33"
"1068","278099","20220727031000","1151","0","彰化縣","和美鎮","120.530","24.105","1095"
"507","278100","20220727031000","438","1","彰化縣","和美鎮","120.515","24.120","525"
"192","278175","20220727031000","180","1","南投縣","仁愛鄉","121.190","24.145","190"
"406","278457","20220727031000","289","2","南投縣","仁愛鄉","121.205","24.110","368"
"119","278506","20220727031000","69","3","南投縣","仁愛鄉","121.270","24.140","76"
"61","278518","20220727031000","40","3","南投縣","仁愛鄉","121.285","24.160","58"
"115","278973","20220727031000","106","1","南投縣","仁愛鄉","121.185","24.120","127"
"289","279090","20220727031000","263","1","南投縣","仁愛鄉","121.170","24.155","270"
"52","279213","20220727031000","77","0","南投縣","仁愛鄉","121.200","24.180","40"
"186","279218","20220727031000","219","0","南投縣","仁愛鄉","121.225","24.180","198"
"393","279255","20220727031000","1809","0","彰化縣","伸港鄉","120.485","24.160","241"
"244","279258","20220727031000","778","0","彰化縣","伸港鄉","120.495","24.160","237"
"34","279282","20220727031000","27","2","彰化縣","線西鄉","120.420","24.130","35"
"67","279286","20220727031000","441","0","彰化縣","和美鎮","120.480","24.105","72"
"36","279292","20220727031000","383","0","彰化縣","鹿港鎮","120.460","24.105","19"
"10","279293","20220727031000","436","0","彰化縣","鹿港鎮","120.465","24.105","13"
"634","279295","20220727031000","340","3","彰化縣","鹿港鎮","120.465","24.110","633"
"378","279296","20220727031000","198","3","彰化縣","鹿港鎮","120.460","24.115","386"
"1700","279303","20220727031000","1362","2","彰化縣","線西鄉","120.465","24.130","1695"
"296","279311","20220727031000","230","2","彰化縣","線西鄉","120.435","24.140","287"
"602","279350","20220727031000","437","2","彰化縣","鹿港鎮","120.450","24.115","596"
"260","279359","20220727031000","154","3","彰化縣","鹿港鎮","120.455","24.120","252"
"60","279366","20220727031000","53","1","彰化縣","線西鄉","120.460","24.130","62"
"382","279368","20220727031000","357","1","彰化縣","線西鄉","120.430","24.130","374"
"375","279371","20220727031000","219","3","彰化縣","線西鄉","120.425","24.135","369"
"30","279375","20220727031000","389","0","彰化縣","線西鄉","120.470","24.135","16"
"154","279379","20220727031000","78","3","彰化縣","線西鄉","120.440","24.150","148"
"157","279387","20220727031000","155","1","彰化縣","線西鄉","120.445","24.150","159"
"500","279389","20220727031000","364","2","彰化縣","線西鄉","120.480","24.115","498"
"234","279392","20220727031000","228","1","彰化縣","和美鎮","120.485","24.120","234"
"382","279396","20220727031000","409","0","彰化縣","線西鄉","120.480","24.125","385"
"652","279398","20220727031000","426","3","彰化縣","線西鄉","120.470","24.130","660"
"265","285401","20220727031000","249","1","臺中市","清水區","120.560","24.270","273"
"2135","285403","20220727031000","2100","1","臺中市","清水區","120.550","24.275","2181"
"701","285405","20220727031000","693","1","臺中市","清水區","120.540","24.275","713"
"122","285406","20220727031000","884","0","臺中市","北屯區","120.665","24.195","108"
"788","285409","20220727031000","592","2","臺中市","北屯區","120.680","24.195","780"
"689","285410","20220727031000","490","2","臺中市","北屯區","120.665","24.200","699"
"496","285412","20220727031000","469","1","臺中市","北屯區","120.675","24.200","542"
"411","285413","20220727031000","423","0","臺中市","北屯區","120.680","24.200","415"
"514","285414","20220727031000","467","1","臺中市","北屯區","120.685","24.200","542"
"39","285415","20220727031000","22","3","臺中市","北屯區","120.665","24.190","33"
"1469","285416","20220727031000","874","3","臺中市","北屯區","120.670","24.190","1519"
"15","285418","20220727031000","808","0","臺中市","沙鹿區","120.560","24.240","12"
"1738","285419","20220727031000","2372","0","臺中市","沙鹿區","120.565","24.240","1741"
"54","285422","20220727031000","69","0","臺中市","沙鹿區","120.565","24.245","58"
"418","285423","20220727031000","614","0","臺中市","沙鹿區","120.570","24.245","413"
"381","285425","20220727031000","434","0","臺中市","沙鹿區","120.560","24.250","380"
"649","285426","20220727031000","336","3","臺中市","沙鹿區","120.565","24.250","649"
"543","285428","20220727031000","432","2","臺中市","沙鹿區","120.565","24.255","574"
"1738","285431","20220727031000","783","3","臺中市","清水區","120.575","24.275","1764"
"1442","285434","20220727031000","1239","1","臺中市","潭子區","120.715","24.205","1403"
"463","285437","20220727031000","324","2","臺中市","潭子區","120.700","24.200","475"
"558","285439","20220727031000","575","0","臺中市","潭子區","120.700","24.205","571"
"628","285440","20220727031000","606","1","臺中市","潭子區","120.700","24.210","634"
"1471","285441","20220727031000","1630","0","臺中市","潭子區","120.705","24.210","1469"
"1352","285442","20220727031000","1279","1","臺中市","潭子區","120.700","24.215","1296"
"106","285443","20220727031000","149","0","臺中市","潭子區","120.710","24.195","102"
"89","285444","20220727031000","82","1","臺中市","潭子區","120.705","24.200","73"
"725","285445","20220727031000","632","1","臺中市","潭子區","120.710","24.200","702"
"1477","285446","20220727031000","1622","0","臺中市","潭子區","120.705","24.205","1439"
"3218","285447","20220727031000","2448","2","臺中市","潭子區","120.710","24.205","3212"
"315","285453","20220727031000","226","2","臺中市","潭子區","120.720","24.195","257"
"364","285454","20220727031000","304","1","臺中市","潭子區","120.725","24.195","341"
"530","285459","20220727031000","460","1","臺中市","潭子區","120.725","24.200","516"
"1110","285460","20220727031000","1049","1","臺中市","潭子區","120.730","24.200","1141"
"53","285468","20220727031000","52","1","臺中市","潭子區","120.745","24.210","61"
"3991","285469","20220727031000","3288","2","臺中市","北屯區","120.705","24.190","3950"
"71","285470","20220727031000","65","1","臺中市","北屯區","120.705","24.195","64"
"11","285471","20220727031000","200","0","臺中市","西屯區","120.645","24.190","11"
"440","285472","20220727031000","308","2","臺中市","大雅區","120.615","24.235","436"
"699","285473","20220727031000","409","3","臺中市","沙鹿區","120.610","24.240","685"
"85","285474","20220727031000","548","0","臺中市","沙鹿區","120.615","24.240","81"
"396","285500","20220727031000","414","0","臺中市","沙鹿區","120.560","24.225","393"
"1043","285503","20220727031000","1265","0","臺中市","沙鹿區","120.565","24.225","1104"
"106","285504","20220727031000","398","0","臺中市","神岡區","120.655","24.250","89"
"26","285507","20220727031000","24","1","臺中市","神岡區","120.660","24.255","22"
"613","285509","20220727031000","342","3","臺中市","神岡區","120.675","24.260","541"
"770","285515","20220727031000","598","2","臺中市","神岡區","120.680","24.265","766"
"65","285519","20220727031000","792","0","臺中市","神岡區","120.655","24.275","69"
"691","285522","20220727031000","1886","0","臺中市","豐原區","120.705","24.240","746"
"732","285523","20220727031000","666","1","臺中市","豐原區","120.700","24.245","719"
"801","285524","20220727031000","1188","0","臺中市","豐原區","120.705","24.245","794"
"371","285525","20220727031000","278","2","臺中市","龍井區","120.560","24.190","387"
"378","285526","20220727031000","311","2","臺中市","龍井區","120.535","24.195","357"
"52","285527","20220727031000","36","2","臺中市","龍井區","120.540","24.195","50"
"558","285528","20220727031000","507","1","臺中市","龍井區","120.545","24.195","556"
"597","285531","20220727031000","617","0","臺中市","龍井區","120.560","24.195","711"
"645","285533","20220727031000","718","0","臺中市","龍井區","120.545","24.200","668"
"408","285536","20220727031000","363","1","臺中市","龍井區","120.560","24.200","372"
"524","285538","20220727031000","491","1","臺中市","潭子區","120.705","24.215","496"
"33","285539","20220727031000","27","2","臺中市","潭子區","120.700","24.220","49"
"629","285540","20220727031000","639","0","臺中市","潭子區","120.705","24.220","593"
"1313","285541","20220727031000","1344","0","臺中市","潭子區","120.705","24.225","1290"
"395","285542","20220727031000","505","0","臺中市","龍井區","120.590","24.190","409"
"183","285544","20220727031000","140","2","臺中市","西屯區","120.605","24.190","186"
"737","285547","20220727031000","606","2","臺中市","神岡區","120.690","24.265","690"
"212","285549","20220727031000","100","3","臺中市","神岡區","120.685","24.270","196"
"164","285551","20220727031000","96","3","臺中市","神岡區","120.675","24.275","158"
"322","285553","20220727031000","329","0","臺中市","神岡區","120.685","24.275","305"
"346","285559","20220727031000","183","3","臺中市","神岡區","120.690","24.275","338"
"868","285561","20220727031000","697","2","臺中市","神岡區","120.680","24.240","1061"
"538","285565","20220727031000","463","1","臺中市","神岡區","120.680","24.245","531"
"959","285567","20220727031000","589","3","臺中市","神岡區","120.675","24.250","714"
"1343","285568","20220727031000","1292","1","臺中市","神岡區","120.685","24.245","1340"
"50","285569","20220727031000","54","0","臺中市","神岡區","120.680","24.250","52"
"47","285570","20220727031000","444","0","臺中市","神岡區","120.685","24.250","49"
"88","285571","20220727031000","94","0","臺中市","神岡區","120.690","24.250","76"
"338","285573","20220727031000","278","2","臺中市","神岡區","120.685","24.255","312"
"144","285574","20220727031000","101","2","臺中市","神岡區","120.690","24.255","149"
"1841","285581","20220727031000","1574","1","臺中市","沙鹿區","120.555","24.230","1876"
"906","285582","20220727031000","946","0","臺中市","沙鹿區","120.555","24.235","863"
"118","285584","20220727031000","186","0","臺中市","沙鹿區","120.580","24.250","138"
"295","285593","20220727031000","277","1","臺中市","沙鹿區","120.600","24.255","264"
"409","285599","20220727031000","351","1","臺中市","沙鹿區","120.600","24.260","410"
"284","285602","20220727031000","109","3","臺中市","沙鹿區","120.585","24.265","272"
"489","285607","20220727031000","319","3","臺中市","大雅區","120.655","24.210","454"
"363","285613","20220727031000","463","0","臺中市","大雅區","120.665","24.220","353"
"44","285618","20220727031000","438","0","臺中市","新社區","120.805","24.250","34"
"319","285621","20220727031000","269","1","臺中市","新社區","120.805","24.255","333"
"83","285626","20220727031000","73","1","臺中市","梧棲區","120.515","24.260","82"
"195","285627","20220727031000","129","3","臺中市","梧棲區","120.520","24.260","172"
"46","285630","20220727031000","127","0","臺中市","梧棲區","120.515","24.270","85"
"1075","285634","20220727031000","1234","0","臺中市","梧棲區","120.535","24.255","1057"
"899","285635","20220727031000","716","2","臺中市","梧棲區","120.550","24.255","930"
"613","285637","20220727031000","869","0","臺中市","梧棲區","120.560","24.255","723"
"1329","285638","20220727031000","1087","2","臺中市","梧棲區","120.540","24.260","1372"
"540","285642","20220727031000","589","0","臺中市","梧棲區","120.555","24.240","545"
"1965","285644","20220727031000","1362","2","臺中市","梧棲區","120.545","24.245","1892"
"486","285646","20220727031000","1155","0","臺中市","神岡區","120.695","24.245","415"
"681","285648","20220727031000","615","1","臺中市","神岡區","120.695","24.255","662"
"87","285657","20220727031000","79","1","臺中市","梧棲區(海)","120.490","24.255","81"
"17","285659","20220727031000","34","0","臺中市","梧棲區(海)","120.500","24.255","17"
"155","285667","20220727031000","150","1","臺中市","梧棲區(海)","120.500","24.265","229"
"51","285671","20220727031000","70","0","臺中市","梧棲區(海)","120.500","24.270","87"
"60","285677","20220727031000","41","2","臺中市","梧棲區(海)","120.505","24.275","54"
"97","285682","20220727031000","91","1","臺中市","梧棲區","120.530","24.260","106"
"183","285683","20220727031000","295","0","臺中市","北屯區","120.790","24.205","321"
"255","285685","20220727031000","240","1","臺中市","新社區","120.805","24.190","257"
"138","285695","20220727031000","152","0","臺中市","新社區","120.815","24.200","146"
"191","285697","20220727031000","142","2","臺中市","新社區","120.805","24.205","159"
"188","285701","20220727031000","143","2","臺中市","新社區","120.805","24.210","162"
"264","285707","20220727031000","292","0","臺中市","新社區","120.800","24.220","245"
"176","285713","20220727031000","120","2","臺中市","新社區","120.795","24.235","158"
"44","285717","20220727031000","339","0","臺中市","新社區","120.795","24.230","31"
"157","285720","20220727031000","102","3","臺中市","新社區","120.780","24.230","123"
"62","285727","20220727031000","425","0","臺中市","新社區","120.785","24.235","34"
"1125","285738","20220727031000","885","2","臺中市","神岡區","120.700","24.250","1139"
"651","285742","20220727031000","469","2","臺中市","神岡區","120.645","24.250","596"
"149","285745","20220727031000","157","0","臺中市","神岡區","120.645","24.255","195"
"75","285747","20220727031000","86","0","臺中市","神岡區","120.635","24.260","68"
"519","285750","20220727031000","1350","0","臺中市","豐原區","120.710","24.245","519"
"1234","285752","20220727031000","707","3","臺中市","豐原區","120.720","24.260","1208"
"3249","285754","20220727031000","2761","1","臺中市","豐原區","120.720","24.265","3271"
"388","285758","20220727031000","297","2","臺中市","豐原區","120.715","24.275","390"
"829","285759","20220727031000","276","3","臺中市","豐原區","120.720","24.275","790"
"197","285761","20220727031000","189","1","臺中市","豐原區","120.720","24.280","187"
"1467","285764","20220727031000","1190","2","臺中市","梧棲區","120.545","24.240","1478"
"1027","285765","20220727031000","1168","0","臺中市","梧棲區","120.540","24.245","1008"
"269","285766","20220727031000","277","0","臺中市","梧棲區","120.520","24.255","261"
"688","285767","20220727031000","866","0","臺中市","梧棲區","120.525","24.255","700"
"236","285773","20220727031000","187","2","臺中市","新社區","120.810","24.225","240"
"333","285777","20220727031000","373","0","臺中市","新社區","120.805","24.230","336"
"2556","285782","20220727031000","1532","3","臺中市","豐原區","120.725","24.255","2633"
"652","285783","20220727031000","722","0","臺中市","豐原區","120.705","24.250","667"
"616","285785","20220727031000","545","1","臺中市","豐原區","120.720","24.240","631"
"1314","285787","20220727031000","1461","0","臺中市","豐原區","120.715","24.235","1325"
"1789","285788","20220727031000","1435","2","臺中市","豐原區","120.720","24.235","1841"
"788","285789","20220727031000","750","1","臺中市","豐原區","120.725","24.235","775"
"2979","285791","20220727031000","1731","3","臺中市","豐原區","120.715","24.245","2984"
"115","285792","20220727031000","126","0","臺中市","豐原區","120.710","24.240","114"
"59","285793","20220727031000","65","0","臺中市","豐原區","120.725","24.250","53"
"564","285796","20220727031000","358","3","臺中市","豐原區","120.740","24.240","535"
"554","285799","20220727031000","1046","0","臺中市","豐原區","120.730","24.245","560"
"863","285800","20220727031000","579","2","臺中市","豐原區","120.735","24.245","876"
"1081","285803","20220727031000","599","3","臺中市","豐原區","120.730","24.250","1065"
"1003","285804","20220727031000","649","3","臺中市","豐原區","120.735","24.250","970"
"1020","285805","20220727031000","900","1","臺中市","豐原區","120.740","24.250","993"
"31","285806","20220727031000","685","0","臺中市","龍井區","120.525","24.210","25"
"268","285812","20220727031000","358","0","臺中市","龍井區","120.515","24.215","275"
"520","285819","20220727031000","317","3","臺中市","龍井區","120.510","24.220","500"
"603","285821","20220727031000","334","3","臺中市","龍井區","120.520","24.220","642"
"2243","285822","20220727031000","1017","3","臺中市","龍井區","120.525","24.220","2209"
"555","285849","20220727031000","816","0","臺中市","新社區","120.805","24.240","631"
"276","285852","20220727031000","144","3","臺中市","新社區","120.820","24.205","263"
"98","285856","20220727031000","41","3","臺中市","北屯區","120.780","24.210","54"
"27","285859","20220727031000","152","0","臺中市","新社區","120.795","24.210","15"
"498","285862","20220727031000","299","3","臺中市","新社區","120.780","24.215","497"
"288","285867","20220727031000","217","2","臺中市","新社區","120.775","24.220","267"
"120","285871","20220727031000","110","1","臺中市","新社區","120.775","24.225","131"
"132","285886","20220727031000","72","3","臺中市","梧棲區","120.515","24.225","136"
"166","285894","20220727031000","151","1","臺中市","清水區","120.635","24.265","113"
"681","285910","20220727031000","753","0","臺中市","梧棲區","120.535","24.250","655"
"35","285912","20220727031000","446","0","臺中市","梧棲區","120.545","24.250","36"
"483","285914","20220727031000","475","1","臺中市","梧棲區","120.540","24.255","477"
"317","285916","20220727031000","268","1","臺中市","豐原區","120.700","24.230","304"
"324","285918","20220727031000","355","0","臺中市","豐原區","120.705","24.235","348"
"253","285919","20220727031000","209","2","臺中市","豐原區","120.700","24.235","273"
"384","285920","20220727031000","389","0","臺中市","豐原區","120.700","24.240","389"
"59","285921","20220727031000","41","2","臺中市","豐原區","120.760","24.235","55"
"25","285923","20220727031000","48","0","臺中市","豐原區","120.755","24.240","30"
"20","285925","20220727031000","19","1","臺中市","豐原區","120.765","24.240","24"
"67","285927","20220727031000","83","0","臺中市","豐原區","120.750","24.245","73"
"414","285933","20220727031000","366","1","臺中市","豐原區","120.745","24.250","424"
"81","285937","20220727031000","57","2","臺中市","豐原區","120.765","24.250","75"
"10","285943","20220727031000","12","0","臺中市","豐原區","120.765","24.255","11"
"217","285948","20220727031000","143","3","臺中市","石岡區","120.770","24.260","246"
"49","285949","20220727031000","51","0","臺中市","豐原區","120.760","24.265","49"
"127","285953","20220727031000","73","3","臺中市","石岡區","120.765","24.270","129"
"1054","285954","20220727031000","725","2","臺中市","豐原區","120.730","24.255","1052"
"307","285955","20220727031000","388","0","臺中市","豐原區","120.735","24.255","313"
"1228","285956","20220727031000","986","2","臺中市","豐原區","120.745","24.255","1236"
"515","285957","20220727031000","265","3","臺中市","豐原區","120.740","24.260","484"
"424","285958","20220727031000","278","3","臺中市","豐原區","120.745","24.260","457"
"21","285959","20220727031000","343","0","臺中市","豐原區","120.750","24.260","27"
"171","285960","20220727031000","206","0","臺中市","豐原區","120.755","24.265","209"
"2511","285962","20220727031000","2510","1","臺中市","豐原區","120.725","24.240","2565"
"1288","285963","20220727031000","1719","0","臺中市","豐原區","120.730","24.240","1307"
"18","285964","20220727031000","40","0","臺中市","龍井區","120.580","24.190","22"
"56","285965","20220727031000","58","0","臺中市","龍井區","120.585","24.190","59"
"42","285980","20220727031000","491","0","臺中市","沙鹿區","120.570","24.225","35"
"2161","285981","20220727031000","2168","0","臺中市","沙鹿區","120.570","24.230","2149"
"567","285983","20220727031000","1313","0","臺中市","沙鹿區","120.565","24.215","537"
"1774","285984","20220727031000","1660","1","臺中市","沙鹿區","120.555","24.220","1826"
"310","285985","20220727031000","254","2","臺中市","沙鹿區","120.560","24.220","299"
"590","285990","20220727031000","415","2","臺中市","沙鹿區","120.575","24.200","581"
"1978","285991","20220727031000","1465","2","臺中市","沙鹿區","120.580","24.200","2053"
"486","285994","20220727031000","504","0","臺中市","沙鹿區","120.570","24.205","493"
"614","285999","20220727031000","677","0","臺中市","沙鹿區","120.575","24.210","642"
"127","286001","20220727031000","124","1","臺中市","沙鹿區","120.560","24.235","138"
"591","286002","20220727031000","551","1","臺中市","豐原區","120.710","24.250","570"
"2202","286003","20220727031000","1856","1","臺中市","豐原區","120.715","24.250","2247"
"434","286005","20220727031000","481","0","臺中市","豐原區","120.725","24.225","439"
"343","286006","20220727031000","322","1","臺中市","豐原區","120.730","24.225","340"
"542","286008","20220727031000","439","2","臺中市","豐原區","120.725","24.230","552"
"237","286010","20220727031000","226","1","臺中市","豐原區","120.735","24.230","224"
"502","286012","20220727031000","476","1","臺中市","豐原區","120.730","24.230","514"
"972","286014","20220727031000","914","1","臺中市","北屯區","120.660","24.190","982"
"1851","286023","20220727031000","654","3","臺中市","龍井區","120.520","24.205","1798"
"897","286024","20220727031000","203","3","臺中市","龍井區","120.525","24.205","918"
"1048","286027","20220727031000","354","3","臺中市","龍井區","120.505","24.210","1089"
"147","286031","20220727031000","96","3","臺中市","龍井區","120.545","24.205","133"
"1424","286036","20220727031000","1398","1","臺中市","龍井區","120.550","24.210","1428"
"465","286039","20220727031000","399","1","臺中市","龍井區","120.545","24.215","441"
"366","286043","20220727031000","215","3","臺中市","東勢區","120.830","24.235","364"
"499","286047","20220727031000","369","2","臺中市","東勢區","120.830","24.240","473"
"861","286051","20220727031000","1289","0","臺中市","東勢區","120.830","24.245","873"
"228","286052","20220727031000","187","2","臺中市","東勢區","120.835","24.245","228"
"662","286053","20220727031000","589","1","臺中市","東勢區","120.840","24.245","648"
"623","286054","20220727031000","633","0","臺中市","東勢區","120.825","24.255","633"
"71","286060","20220727031000","60","1","臺中市","東勢區","120.845","24.275","67"
"143","286071","20220727031000","127","1","臺中市","清水區","120.580","24.270","133"
"1878","286072","20220727031000","1294","2","臺中市","北屯區","120.685","24.185","1847"
"41","286075","20220727031000","281","0","臺中市","北屯區","120.690","24.195","34"
"1422","286078","20220727031000","1234","1","臺中市","豐原區","120.720","24.250","1457"
"3096","286079","20220727031000","3150","0","臺中市","梧棲區","120.535","24.260","3135"
"532","286081","20220727031000","560","0","臺中市","梧棲區","120.530","24.265","496"
"890","286084","20220727031000","905","0","臺中市","梧棲區","120.530","24.270","865"
"759","286088","20220727031000","723","1","臺中市","沙鹿區","120.565","24.200","728"
"386","286090","20220727031000","254","3","臺中市","沙鹿區","120.560","24.205","387"
"30","286091","20220727031000","546","0","臺中市","沙鹿區","120.565","24.205","25"
"44","286092","20220727031000","570","0","臺中市","沙鹿區","120.555","24.210","31"
"15","286093","20220727031000","282","0","臺中市","沙鹿區","120.560","24.210","17"
"282","286094","20220727031000","241","1","臺中市","沙鹿區","120.565","24.210","248"
"135","286095","20220727031000","131","1","臺中市","沙鹿區","120.555","24.215","136"
"278","286097","20220727031000","218","2","臺中市","沙鹿區","120.605","24.240","265"
"376","286098","20220727031000","362","1","臺中市","沙鹿區","120.605","24.245","426"
"702","286099","20220727031000","493","2","臺中市","沙鹿區","120.610","24.245","694"
"373","286100","20220727031000","214","3","臺中市","沙鹿區","120.600","24.250","374"
"294","286105","20220727031000","268","1","臺中市","北屯區","120.685","24.195","266"
"380","286108","20220727031000","281","2","臺中市","北屯區","120.750","24.190","385"
"132","286113","20220727031000","113","1","臺中市","北屯區","120.750","24.195","136"
"34","286118","20220727031000","34","1","臺中市","北屯區","120.745","24.200","40"
"34","286121","20220727031000","35","0","臺中市","北屯區","120.760","24.200","34"
"1568","286135","20220727031000","913","3","臺中市","北屯區","120.680","24.190","1523"
"763","286137","20220727031000","648","1","臺中市","清水區","120.545","24.265","762"
"794","286140","20220727031000","814","0","臺中市","清水區","120.545","24.270","822"
"623","286141","20220727031000","574","1","臺中市","清水區","120.550","24.270","623"
"1314","286147","20220727031000","2037","0","臺中市","潭子區","120.710","24.215","1352"
"23","286149","20220727031000","317","0","臺中市","潭子區","120.710","24.220","21"
"563","286153","20220727031000","519","1","臺中市","豐原區","120.720","24.230","564"
"435","286156","20220727031000","376","1","臺中市","潭子區","120.680","24.225","415"
"771","286159","20220727031000","615","2","臺中市","潭子區","120.685","24.230","853"
"1635","286161","20220727031000","1281","2","臺中市","潭子區","120.690","24.225","1600"
"295","286162","20220727031000","289","1","臺中市","潭子區","120.695","24.225","294"
"388","286167","20220727031000","396","0","臺中市","梧棲區","120.525","24.225","403"
"247","286169","20220727031000","274","0","臺中市","梧棲區","120.510","24.230","240"
"103","286173","20220727031000","106","0","臺中市","梧棲區","120.505","24.235","80"
"20","286175","20220727031000","20","1","臺中市","梧棲區","120.515","24.235","14"
"934","286177","20220727031000","1220","0","臺中市","梧棲區","120.525","24.235","981"
"15","286179","20220727031000","13","1","臺中市","梧棲區","120.505","24.240","12"
"191","286180","20220727031000","193","0","臺中市","梧棲區","120.510","24.240","182"
"75","286181","20220727031000","98","0","臺中市","梧棲區","120.515","24.240","72"
"824","286183","20220727031000","494","3","臺中市","梧棲區","120.525","24.240","834"
"70","286186","20220727031000","51","2","臺中市","梧棲區","120.510","24.245","60"
"190","286187","20220727031000","246","0","臺中市","梧棲區","120.515","24.245","197"
"943","286190","20220727031000","1183","0","臺中市","梧棲區","120.530","24.245","893"
"211","286195","20220727031000","196","1","臺中市","梧棲區","120.525","24.250","209"
"11","286196","20220727031000","54","0","臺中市","梧棲區","120.530","24.250","11"
"197","286199","20220727031000","246","0","臺中市","沙鹿區","120.580","24.220","193"
"1450","286203","20220727031000","1921","0","臺中市","沙鹿區","120.575","24.225","1457"
"502","286204","20220727031000","930","0","臺中市","沙鹿區","120.580","24.225","485"
"351","286205","20220727031000","721","0","臺中市","沙鹿區","120.585","24.225","348"
"386","286208","20220727031000","472","0","臺中市","沙鹿區","120.575","24.230","382"
"22","286209","20220727031000","551","0","臺中市","沙鹿區","120.580","24.230","22"
"65","286215","20220727031000","716","0","臺中市","沙鹿區","120.550","24.225","63"
"20","286221","20220727031000","17","1","臺中市","北屯區","120.770","24.195","20"
"20","286224","20220727031000","222","0","臺中市","北屯區","120.780","24.195","22"
"31","286235","20220727031000","23","2","臺中市","北屯區","120.770","24.205","34"
"1066","286244","20220727031000","1296","0","臺中市","大雅區","120.650","24.225","831"
"128","286246","20220727031000","99","2","臺中市","大雅區","120.605","24.225","118"
"154","286248","20220727031000","112","2","臺中市","大雅區","120.615","24.225","153"
"421","286260","20220727031000","348","2","臺中市","大雅區","120.620","24.235","435"
"1478","286262","20220727031000","1077","2","臺中市","大雅區","120.645","24.215","1499"
"400","286263","20220727031000","341","1","臺中市","大雅區","120.645","24.220","390"
"815","286264","20220727031000","707","1","臺中市","大雅區","120.645","24.225","822"
"462","286266","20220727031000","262","3","臺中市","大雅區","120.635","24.205","465"
"30","286267","20220727031000","272","0","臺中市","大雅區","120.640","24.205","33"
"1908","286269","20220727031000","1269","3","臺中市","大雅區","120.615","24.210","1870"
"313","286270","20220727031000","250","2","臺中市","大雅區","120.620","24.210","363"
"754","286272","20220727031000","619","2","臺中市","大雅區","120.630","24.210","742"
"318","286273","20220727031000","249","2","臺中市","大雅區","120.635","24.210","317"
"161","286276","20220727031000","140","1","臺中市","大雅區","120.605","24.215","148"
"522","286279","20220727031000","704","0","臺中市","大雅區","120.620","24.215","531"
"771","286281","20220727031000","572","2","臺中市","大雅區","120.635","24.215","774"
"100","286282","20220727031000","70","2","臺中市","大雅區","120.600","24.220","77"
"84","286284","20220727031000","87","0","臺中市","大雅區","120.610","24.220","79"
"248","286285","20220727031000","132","3","臺中市","大雅區","120.615","24.220","271"
"722","286287","20220727031000","400","3","臺中市","大雅區","120.640","24.220","755"
"209","286288","20220727031000","160","2","臺中市","大雅區","120.630","24.215","204"
"44","286289","20220727031000","70","0","臺中市","大雅區","120.625","24.220","46"
"642","286292","20220727031000","555","1","臺中市","大雅區","120.625","24.225","642"
"1182","286293","20220727031000","993","1","臺中市","大雅區","120.630","24.225","1138"
"531","286296","20220727031000","328","3","臺中市","大雅區","120.620","24.230","531"
"265","286300","20220727031000","161","3","臺中市","大雅區","120.625","24.230","256"
"521","286302","20220727031000","422","2","臺中市","潭子區","120.670","24.205","486"
"93","286305","20220727031000","86","1","臺中市","大雅區","120.670","24.215","108"
"463","286306","20220727031000","280","3","臺中市","大雅區","120.675","24.215","433"
"688","286307","20220727031000","745","0","臺中市","大雅區","120.670","24.220","696"
"572","286318","20220727031000","392","2","臺中市","東勢區","120.835","24.220","561"
"43","286321","20220727031000","446","0","臺中市","東勢區","120.825","24.270","32"
"228","286323","20220727031000","185","2","臺中市","東勢區","120.820","24.275","223"
"348","286344","20220727031000","354","0","臺中市","東勢區","120.850","24.260","378"
"177","286375","20220727031000","145","2","臺中市","沙鹿區","120.590","24.230","160"
"450","286377","20220727031000","595","0","臺中市","沙鹿區","120.565","24.235","433"
"2543","286384","20220727031000","2845","0","臺中市","沙鹿區","120.570","24.240","2500"
"520","286386","20220727031000","760","0","臺中市","東勢區","120.830","24.255","527"
"446","286388","20220727031000","661","0","臺中市","東勢區","120.825","24.250","450"
"440","286389","20220727031000","379","1","臺中市","梧棲區","120.530","24.230","376"
"674","286392","20220727031000","794","0","臺中市","梧棲區","120.545","24.230","676"
"955","286398","20220727031000","1051","0","臺中市","豐原區","120.715","24.255","941"
"91","286399","20220727031000","1132","0","臺中市","豐原區","120.720","24.255","82"
"2285","286400","20220727031000","635","3","臺中市","豐原區","120.735","24.270","2315"
"257","286406","20220727031000","324","0","臺中市","豐原區","120.745","24.275","48"
"462","286408","20220727031000","296","3","臺中市","豐原區","120.755","24.275","440"
"624","286413","20220727031000","577","1","臺中市","東勢區","120.760","24.280","637"
"346","286418","20220727031000","133","3","臺中市","豐原區","120.725","24.275","336"
"588","286422","20220727031000","150","3","臺中市","豐原區","120.735","24.280","583"
"169","286436","20220727031000","140","2","臺中市","豐原區","120.760","24.230","174"
"176","286446","20220727031000","154","1","臺中市","豐原區","120.740","24.235","177"
"217","286447","20220727031000","130","3","臺中市","豐原區","120.745","24.235","209"
"144","286461","20220727031000","1437","0","臺中市","龍井區","120.520","24.195","145"
"1299","286465","20220727031000","344","3","臺中市","龍井區","120.500","24.200","1284"
"601","286475","20220727031000","206","3","臺中市","龍井區","120.510","24.200","600"
"61","286482","20220727031000","282","0","臺中市","龍井區","120.515","24.205","53"
"335","286485","20220727031000","229","2","臺中市","石岡區","120.770","24.280","337"
"1028","286486","20220727031000","874","1","臺中市","石岡區","120.775","24.275","974"
"501","286489","20220727031000","417","2","臺中市","石岡區","120.795","24.270","456"
"101","286497","20220727031000","64","3","臺中市","石岡區","120.775","24.255","106"
"15","286500","20220727031000","22","0","臺中市","石岡區","120.775","24.260","21"
"190","286510","20220727031000","137","2","臺中市","石岡區","120.770","24.275","174"
"184","286511","20220727031000","99","3","臺中市","新社區","120.795","24.245","113"
"267","286517","20220727031000","195","2","臺中市","石岡區","120.785","24.260","236"
"432","286522","20220727031000","361","1","臺中市","潭子區","120.695","24.230","459"
"554","286525","20220727031000","403","2","臺中市","神岡區","120.695","24.235","559"
"458","286526","20220727031000","339","2","臺中市","神岡區","120.690","24.240","460"
"48","286528","20220727031000","416","0","臺中市","豐原區","120.740","24.265","49"
"2504","286530","20220727031000","2312","1","臺中市","清水區","120.570","24.265","2436"
"426","286531","20220727031000","320","2","臺中市","清水區","120.570","24.270","399"
"648","286535","20220727031000","461","2","臺中市","清水區","120.630","24.275","632"
"121","286541","20220727031000","116","1","臺中市","清水區","120.565","24.275","114"
"280","286544","20220727031000","109","3","臺中市","西屯區","120.640","24.190","188"
"314","286547","20220727031000","346","0","臺中市","西屯區","120.645","24.195","320"
"532","286549","20220727031000","291","3","臺中市","西屯區","120.645","24.200","564"
"50","286550","20220727031000","322","0","臺中市","西屯區","120.650","24.200","43"
"20","286551","20220727031000","39","0","臺中市","西屯區","120.650","24.205","15"
"49","286554","20220727031000","466","0","臺中市","神岡區","120.670","24.255","36"
"1217","286555","20220727031000","795","3","臺中市","神岡區","120.675","24.255","1125"
"1829","286556","20220727031000","683","3","臺中市","神岡區","120.665","24.260","1564"
"17","286558","20220727031000","139","0","臺中市","神岡區","120.655","24.265","14"
"426","286561","20220727031000","275","3","臺中市","神岡區","120.665","24.270","404"
"112","286563","20220727031000","45","3","臺中市","神岡區","120.665","24.275","121"
"562","286566","20220727031000","369","3","臺中市","神岡區","120.645","24.265","349"
"53","286569","20220727031000","98","0","臺中市","神岡區","120.650","24.270","50"
"717","286570","20220727031000","347","3","臺中市","神岡區","120.655","24.270","602"
"28","286572","20220727031000","485","0","臺中市","神岡區","120.650","24.275","35"
"629","286574","20220727031000","455","2","臺中市","神岡區","120.660","24.275","585"
"120","286598","20220727031000","82","2","臺中市","和平區","120.895","24.230","135"
"37","286652","20220727031000","26","2","臺中市","和平區","120.905","24.240","40"
"109","286658","20220727031000","98","1","臺中市","和平區","120.935","24.240","114"
"101","286690","20220727031000","68","2","臺中市","和平區","120.900","24.250","78"
"68","286794","20220727031000","43","3","臺中市","和平區","121.015","24.195","67"
"231","286822","20220727031000","123","3","臺中市","和平區","121.005","24.200","232"
"298","286823","20220727031000","224","2","臺中市","和平區","121.010","24.200","232"
"185","286853","20220727031000","195","0","臺中市","和平區","121.015","24.205","153"
"27","286950","20220727031000","15","3","臺中市","和平區","120.965","24.225","18"
"123","287119","20220727031000","75","3","臺中市","和平區","121.010","24.255","144"
"26","287154","20220727031000","16","3","臺中市","和平區","121.000","24.265","31"
"19","287173","20220727031000","14","2","臺中市","和平區","121.015","24.270","25"
"229","287678","20220727031000","161","2","臺中市","和平區","121.245","24.245","185"
"191","287725","20220727031000","114","3","臺中市","和平區","121.245","24.250","205"
"225","287726","20220727031000","148","3","臺中市","和平區","121.250","24.250","178"
"29","287756","20220727031000","31","0","臺中市","和平區","121.165","24.255","36"
"26","287766","20220727031000","27","0","臺中市","和平區","121.215","24.255","20"
"289","287770","20220727031000","154","3","臺中市","和平區","121.235","24.255","266"
"368","287774","20220727031000","219","3","臺中市","和平區","121.255","24.255","314"
"242","287776","20220727031000","138","3","臺中市","和平區","121.265","24.255","194"
"10","287809","20220727031000","10","1","臺中市","和平區","121.190","24.260","13"
"618","287823","20220727031000","385","3","臺中市","和平區","121.260","24.260","531"
"51","288103","20220727031000","36","2","臺中市","和平區","120.890","24.275","51"
"15","288133","20220727031000","14","1","臺中市","和平區","120.945","24.280","17"
"19","288159","20220727031000","16","1","臺中市","和平區","121.025","24.280","15"
"689","288160","20220727031000","808","0","臺中市","清水區","120.555","24.260","802"
"245","288161","20220727031000","752","0","臺中市","清水區","120.560","24.260","746"
"1273","288163","20220727031000","1079","1","臺中市","清水區","120.550","24.265","1281"
"519","288166","20220727031000","1171","0","臺中市","清水區","120.565","24.265","560"
"1395","288169","20220727031000","958","2","臺中市","清水區","120.560","24.275","1430"
"333","288179","20220727031000","323","1","臺中市","清水區","120.605","24.275","338"
"70","288182","20220727031000","121","0","臺中市","清水區","120.600","24.275","70"
"101","288184","20220727031000","73","2","臺中市","清水區","120.610","24.275","99"
"137","288192","20220727031000","138","0","臺中市","潭子區","120.725","24.215","136"
"282","288194","20220727031000","251","1","臺中市","潭子區","120.735","24.215","273"
"475","288198","20220727031000","442","1","臺中市","潭子區","120.720","24.220","499"
"1529","288207","20220727031000","1280","1","臺中市","潭子區","120.680","24.205","1495"
"51","288208","20220727031000","44","1","臺中市","潭子區","120.685","24.205","34"
"536","288209","20220727031000","473","1","臺中市","北屯區","120.690","24.205","549"
"174","288212","20220727031000","83","3","臺中市","潭子區","120.690","24.210","143"
"725","288215","20220727031000","664","1","臺中市","潭子區","120.685","24.215","717"
"1214","288216","20220727031000","1275","0","臺中市","潭子區","120.690","24.215","1268"
"455","288219","20220727031000","425","1","臺中市","潭子區","120.690","24.220","446"
"1514","288223","20220727031000","1316","1","臺中市","潭子區","120.710","24.230","1528"
"275","288224","20220727031000","269","1","臺中市","豐原區","120.715","24.230","271"
"893","288225","20220727031000","607","2","臺中市","潭子區","120.705","24.230","909"
"2738","288228","20220727031000","1306","3","臺中市","神岡區","120.660","24.260","2336"
"963","288232","20220727031000","858","1","臺中市","神岡區","120.700","24.265","951"
"1268","288240","20220727031000","1147","1","臺中市","神岡區","120.710","24.255","1262"
"636","288242","20220727031000","460","2","臺中市","神岡區","120.705","24.260","625"
"108","288243","20220727031000","1215","0","臺中市","神岡區","120.710","24.260","98"
"682","288247","20220727031000","589","1","臺中市","神岡區","120.705","24.275","701"
"472","288250","20220727031000","383","2","臺中市","神岡區","120.710","24.275","471"
"120","288252","20220727031000","117","1","臺中市","西屯區","120.605","24.195","108"
"111","288253","20220727031000","148","0","臺中市","西屯區","120.610","24.195","125"
"36","288259","20220727031000","36","1","臺中市","西屯區","120.600","24.200","29"
"35","288260","20220727031000","33","1","臺中市","西屯區","120.605","24.200","32"
"14","288261","20220727031000","23","0","臺中市","西屯區","120.610","24.200","12"
"788","288262","20220727031000","711","1","臺中市","西屯區","120.615","24.200","729"
"729","288264","20220727031000","433","3","臺中市","西屯區","120.625","24.200","664"
"493","288265","20220727031000","417","1","臺中市","西屯區","120.630","24.200","538"
"28","288267","20220727031000","20","2","臺中市","西屯區","120.595","24.205","24"
"787","288268","20220727031000","526","2","臺中市","西屯區","120.600","24.205","839"
"205","288269","20220727031000","215","0","臺中市","西屯區","120.605","24.205","202"
"184","288270","20220727031000","178","1","臺中市","西屯區","120.610","24.205","152"
"615","288271","20220727031000","591","1","臺中市","西屯區","120.615","24.205","638"
"753","288272","20220727031000","733","1","臺中市","西屯區","120.620","24.205","777"
"218","288276","20220727031000","184","1","臺中市","西屯區","120.605","24.210","203"
"1060","288277","20220727031000","1133","0","臺中市","西屯區","120.610","24.210","1136"
"3837","288279","20220727031000","3754","1","臺中市","西屯區","120.610","24.190","3843"
"240","288281","20220727031000","153","3","臺中市","西屯區","120.625","24.190","236"
"156","288284","20220727031000","31","3","臺中市","西屯區","120.595","24.195","121"
"115","288287","20220727031000","64","3","臺中市","西屯區","120.655","24.190","107"
"621","288289","20220727031000","420","2","臺中市","西屯區","120.655","24.195","662"
"1193","288290","20220727031000","1132","1","臺中市","西屯區","120.660","24.195","1152"
"516","288291","20220727031000","322","3","臺中市","西屯區","120.655","24.200","516"
"211","288294","20220727031000","178","1","臺中市","西屯區","120.660","24.205","188"
"468","288298","20220727031000","431","1","臺中市","東勢區","120.850","24.240","477"
"297","288299","20220727031000","185","3","臺中市","東勢區","120.845","24.245","279"
"346","288302","20220727031000","531","0","臺中市","東勢區","120.825","24.260","355"
"932","288304","20220727031000","878","1","臺中市","東勢區","120.825","24.265","922"
"253","288312","20220727031000","170","2","臺中市","東勢區","120.835","24.230","221"
"29","288317","20220727031000","318","0","臺中市","東勢區","120.840","24.235","21"
"66","288339","20220727031000","32","3","臺中市","東勢區","120.875","24.215","59"
"56","288351","20220727031000","38","2","臺中市","東勢區","120.895","24.220","51"
"115","288382","20220727031000","93","2","臺中市","東勢區","120.865","24.240","117"
"710","288395","20220727031000","496","2","臺中市","沙鹿區","120.560","24.230","716"
"1025","288396","20220727031000","1219","0","臺中市","潭子區","120.710","24.235","1167"
"165","288397","20220727031000","1345","0","臺中市","豐原區","120.715","24.240","171"
"756","288401","20220727031000","1073","0","臺中市","清水區","120.570","24.260","819"
"13","288402","20220727031000","76","0","臺中市","清水區","120.575","24.270","15"
"1759","288403","20220727031000","1936","0","臺中市","清水區","120.580","24.275","1771"
"286","288407","20220727031000","1251","0","臺中市","潭子區","120.700","24.190","262"
"87","288459","20220727031000","79","1","花蓮縣","秀林鄉","121.715","24.245","86"
"101","288610","20220727031000","44","3","花蓮縣","秀林鄉","121.740","24.260","92"
"60","288819","20220727031000","35","3","花蓮縣","秀林鄉","121.485","24.190","54"
"32","288993","20220727031000","34","0","花蓮縣","秀林鄉","121.480","24.205","25"
"25","289039","20220727031000","16","3","花蓮縣","秀林鄉","121.450","24.210","23"
"1277","289851","20220727031000","1440","0","臺中市","大雅區","120.650","24.220","1307"
"587","289852","20220727031000","1036","0","臺中市","大雅區","120.655","24.220","539"
"429","289853","20220727031000","297","2","臺中市","大雅區","120.660","24.220","423"
"3612","289854","20220727031000","2818","2","臺中市","大雅區","120.655","24.225","3625"
"109","289855","20220727031000","106","1","臺中市","大雅區","120.660","24.225","109"
"1025","289860","20220727031000","963","1","臺中市","大雅區","120.635","24.235","1032"
"1312","289863","20220727031000","1062","2","臺中市","大雅區","120.630","24.240","1302"
"352","289868","20220727031000","264","2","臺中市","大雅區","120.635","24.245","328"
"50","289874","20220727031000","21","3","臺中市","大雅區","120.635","24.255","18"
"1959","289875","20220727031000","1342","2","臺中市","大雅區","120.645","24.230","1900"
"878","289879","20220727031000","709","2","臺中市","大雅區","120.655","24.230","886"
"648","289882","20220727031000","547","1","臺中市","大雅區","120.655","24.235","640"
"304","289884","20220727031000","189","3","臺中市","大雅區","120.645","24.240","306"
"1153","289886","20220727031000","701","3","臺中市","大雅區","120.655","24.240","1116"
"253","289893","20220727031000","291","0","臺中市","豐原區","120.735","24.260","282"
"973","289895","20220727031000","510","3","臺中市","豐原區","120.750","24.265","945"
"412","289898","20220727031000","311","2","臺中市","豐原區","120.735","24.265","429"
"135","289907","20220727031000","121","1","臺中市","新社區","120.815","24.240","121"
"33","289909","20220727031000","474","0","臺中市","豐原區","120.720","24.245","30"
"1103","289910","20220727031000","974","1","臺中市","豐原區","120.725","24.245","1107"
"462","289912","20220727031000","455","1","臺中市","大雅區","120.670","24.225","454"
"667","289916","20220727031000","1317","0","臺中市","大雅區","120.650","24.230","646"
"30","289918","20220727031000","245","0","臺中市","大雅區","120.645","24.210","28"
"795","289919","20220727031000","689","1","臺中市","大雅區","120.650","24.210","800"
"284","289920","20220727031000","418","0","臺中市","大雅區","120.650","24.215","265"
"103","289921","20220727031000","966","0","臺中市","大雅區","120.660","24.230","107"
"505","289922","20220727031000","603","0","臺中市","大雅區","120.665","24.230","526"
"1693","289923","20220727031000","1628","1","臺中市","大雅區","120.670","24.230","1684"
"596","289927","20220727031000","525","1","臺中市","大雅區","120.675","24.240","517"
"1003","289928","20220727031000","777","2","臺中市","東勢區","120.830","24.250","983"
"695","289929","20220727031000","638","1","臺中市","東勢區","120.835","24.250","706"
"641","289937","20220727031000","510","2","臺中市","石岡區","120.785","24.275","638"
"731","289944","20220727031000","559","2","臺中市","石岡區","120.815","24.260","680"
"53","289946","20220727031000","235","0","臺中市","石岡區","120.805","24.265","60"
"33","289955","20220727031000","270","0","臺中市","石岡區","120.795","24.275","23"
"304","289964","20220727031000","188","3","臺中市","龍井區","120.480","24.210","340"
"198","289976","20220727031000","125","3","臺中市","龍井區","120.485","24.220","213"
"129","289982","20220727031000","106","2","臺中市","龍井區","120.490","24.225","116"
"417","289983","20220727031000","281","2","臺中市","龍井區","120.495","24.225","440"
"748","289996","20220727031000","901","0","臺中市","沙鹿區","120.580","24.210","710"
"115","289999","20220727031000","1180","0","臺中市","沙鹿區","120.575","24.215","110"
"341","290000","20220727031000","521","0","臺中市","沙鹿區","120.580","24.215","373"
"212","290001","20220727031000","207","1","臺中市","沙鹿區","120.585","24.215","187"
"1046","290004","20220727031000","1051","0","臺中市","沙鹿區","120.570","24.220","1020"
"434","290005","20220727031000","402","1","臺中市","沙鹿區","120.575","24.220","414"
"39","290008","20220727031000","36","1","臺中市","東勢區","120.840","24.190","31"
"75","290010","20220727031000","72","1","臺中市","東勢區","120.835","24.195","83"
"397","290015","20220727031000","279","2","臺中市","東勢區","120.840","24.200","382"
"160","290025","20220727031000","164","0","臺中市","東勢區","120.840","24.210","176"
"14","290037","20220727031000","316","0","臺中市","東勢區","120.850","24.195","17"
"710","290046","20220727031000","806","0","臺中市","龍井區","120.545","24.190","710"
"170","290051","20220727031000","167","1","臺中市","潭子區","120.695","24.195","183"
"1982","290052","20220727031000","1756","1","臺中市","潭子區","120.700","24.195","1965"
"19","290171","20220727031000","12","3","南投縣","仁愛鄉","121.290","24.225","14"
"107","290182","20220727031000","91","1","南投縣","仁愛鄉","121.260","24.230","102"
"121","290292","20220727031000","113","1","南投縣","仁愛鄉","121.220","24.190","135"
"226","290293","20220727031000","100","3","南投縣","仁愛鄉","121.225","24.190","203"
"39","296900","20220727031000","51","0","宜蘭縣","南澳鄉","121.750","24.320","73"
"332","296924","20220727031000","185","3","宜蘭縣","南澳鄉","121.745","24.330","307"
"11","296946","20220727031000","16","0","宜蘭縣","南澳鄉","121.770","24.335","11"
"660","297399","20220727031000","449","2","臺中市","清水區","120.580","24.280","646"
"1269","297407","20220727031000","1301","0","臺中市","外埔區","120.620","24.335","1247"
"211","297413","20220727031000","124","3","臺中市","神岡區","120.650","24.280","211"
"370","297416","20220727031000","182","3","臺中市","神岡區","120.640","24.285","377"
"66","297422","20220727031000","59","1","臺中市","神岡區","120.640","24.290","79"
"186","297424","20220727031000","121","3","臺中市","神岡區","120.650","24.290","171"
"73","297433","20220727031000","1109","0","臺中市","大甲區","120.620","24.345","85"
"193","297434","20220727031000","186","1","臺中市","梧棲區(海)","120.510","24.280","164"
"35","297444","20220727031000","12","3","臺中市","清水區","120.620","24.285","38"
"77","297446","20220727031000","62","2","臺中市","大甲區","120.640","24.345","80"
"1123","297450","20220727031000","1034","1","臺中市","大甲區","120.630","24.355","1127"
"530","297453","20220727031000","546","0","臺中市","大甲區","120.645","24.355","510"
"217","297457","20220727031000","41","3","臺中市","大甲區","120.650","24.360","211"
"39","297458","20220727031000","326","0","臺中市","大甲區","120.640","24.365","38"
"99","297462","20220727031000","148","0","臺中市","東勢區","120.795","24.295","106"
"119","297485","20220727031000","99","2","臺中市","東勢區","120.785","24.310","135"
"284","297494","20220727031000","254","1","臺中市","東勢區","120.780","24.315","273"
"145","297510","20220727031000","115","2","臺中市","東勢區","120.870","24.280","111"
"119","297533","20220727031000","94","2","臺中市","清水區","120.560","24.310","124"
"23","297539","20220727031000","228","0","臺中市","清水區","120.555","24.305","15"
"187","297540","20220727031000","178","1","臺中市","清水區","120.550","24.310","191"
"431","297546","20220727031000","445","0","臺中市","清水區","120.560","24.320","440"
"12","297575","20220727031000","13","0","臺中市","清水區","120.540","24.300","10"
"163","297586","20220727031000","228","0","臺中市","清水區","120.545","24.305","167"
"182","297618","20220727031000","202","0","臺中市","后里區","120.665","24.305","163"
"493","297627","20220727031000","450","1","臺中市","后里區","120.680","24.310","523"
"198","297639","20220727031000","149","2","臺中市","后里區","120.725","24.285","176"
"255","297645","20220727031000","279","0","臺中市","后里區","120.725","24.290","303"
"241","297646","20220727031000","247","0","臺中市","后里區","120.730","24.290","361"
"136","297647","20220727031000","52","3","臺中市","后里區","120.735","24.290","104"
"223","297648","20220727031000","98","3","臺中市","后里區","120.740","24.290","197"
"287","297654","20220727031000","723","0","臺中市","后里區","120.730","24.295","292"
"52","297656","20220727031000","42","2","臺中市","后里區","120.740","24.295","45"
"175","297659","20220727031000","187","0","臺中市","后里區","120.755","24.295","167"
"11","297662","20220727031000","12","0","臺中市","后里區","120.725","24.300","10"
"50","297664","20220727031000","55","0","臺中市","后里區","120.735","24.300","52"
"709","297671","20220727031000","629","1","臺中市","后里區","120.725","24.305","712"
"67","297672","20220727031000","16","3","臺中市","后里區","120.735","24.305","69"
"585","297689","20220727031000","490","1","臺中市","大安區","120.585","24.365","591"
"1757","297697","20220727031000","1667","1","臺中市","大甲區","120.630","24.350","1738"
"13","297701","20220727031000","11","1","苗栗縣","苑裡鎮","120.700","24.365","12"
"1397","297704","20220727031000","1092","2","臺中市","大甲區","120.625","24.350","1432"
"1818","297705","20220727031000","1730","1","臺中市","大甲區","120.620","24.355","1750"
"1335","297706","20220727031000","1373","0","臺中市","大甲區","120.615","24.345","1362"
"658","297725","20220727031000","698","0","臺中市","大甲區","120.635","24.370","679"
"353","297760","20220727031000","300","1","臺中市","清水區","120.605","24.305","347"
"470","297763","20220727031000","417","1","臺中市","清水區","120.605","24.310","465"
"168","297775","20220727031000","1168","0","臺中市","后里區","120.710","24.305","178"
"206","297776","20220727031000","142","2","臺中市","后里區","120.700","24.310","190"
"222","297778","20220727031000","157","2","臺中市","后里區","120.735","24.310","241"
"42","297782","20220727031000","52","0","臺中市","后里區","120.755","24.310","48"
"263","297783","20220727031000","268","0","臺中市","后里區","120.740","24.315","240"
"17","297787","20220727031000","15","1","臺中市","后里區","120.760","24.315","16"
"162","297795","20220727031000","167","0","臺中市","后里區","120.735","24.325","177"
"334","297801","20220727031000","289","1","臺中市","后里區","120.740","24.330","331"
"298","297811","20220727031000","231","2","臺中市","后里區","120.725","24.340","287"
"354","297831","20220727031000","367","0","臺中市","外埔區","120.700","24.345","354"
"613","297868","20220727031000","596","1","臺中市","外埔區","120.645","24.320","610"
"509","297883","20220727031000","411","2","臺中市","外埔區","120.670","24.320","508"
"193","297885","20220727031000","193","1","臺中市","外埔區","120.680","24.320","195"
"871","297886","20220727031000","721","2","臺中市","外埔區","120.665","24.325","837"
"677","297921","20220727031000","468","2","臺中市","外埔區","120.650","24.330","679"
"2035","297922","20220727031000","2057","0","臺中市","外埔區","120.655","24.330","2083"
"2532","297926","20220727031000","2466","1","臺中市","外埔區","120.635","24.340","2503"
"341","297928","20220727031000","322","1","臺中市","外埔區","120.645","24.340","333"
"198","297941","20220727031000","210","0","臺中市","外埔區","120.625","24.320","170"
"466","297947","20220727031000","301","3","臺中市","外埔區","120.630","24.325","455"
"46","297954","20220727031000","35","2","臺中市","外埔區","120.635","24.330","45"
"311","297957","20220727031000","250","2","臺中市","外埔區","120.630","24.335","290"
"280","297959","20220727031000","234","1","臺中市","外埔區","120.685","24.325","285"
"48","297961","20220727031000","69","0","臺中市","外埔區","120.675","24.330","48"
"314","297967","20220727031000","206","3","臺中市","后里區","120.710","24.330","258"
"603","297988","20220727031000","478","2","臺中市","外埔區","120.665","24.340","589"
"414","297992","20220727031000","285","2","臺中市","外埔區","120.685","24.340","410"
"792","297995","20220727031000","879","0","臺中市","大安區","120.585","24.345","757"
"26","298020","20220727031000","23","1","臺中市","大安區","120.570","24.340","28"
"64","298024","20220727031000","86","0","臺中市","大安區","120.570","24.345","67"
"321","298036","20220727031000","297","1","臺中市","大安區","120.590","24.335","339"
"335","298040","20220727031000","402","0","臺中市","大安區","120.590","24.340","331"
"64","298043","20220727031000","672","0","臺中市","大安區","120.605","24.365","61"
"1450","298045","20220727031000","1386","1","臺中市","后里區","120.720","24.310","1413"
"394","298047","20220727031000","481","0","臺中市","后里區","120.720","24.320","399"
"127","298050","20220727031000","835","0","臺中市","后里區","120.725","24.315","125"
"327","298051","20220727031000","299","1","臺中市","后里區","120.730","24.315","345"
"1833","298052","20220727031000","1149","3","臺中市","后里區","120.725","24.320","1759"
"116","298053","20220727031000","155","0","臺中市","后里區","120.730","24.320","109"
"53","298054","20220727031000","68","0","臺中市","后里區","120.735","24.320","48"
"82","298056","20220727031000","88","0","臺中市","后里區","120.725","24.325","71"
"794","298059","20220727031000","668","1","臺中市","后里區","120.710","24.310","772"
"21","298060","20220727031000","141","0","臺中市","后里區","120.715","24.310","26"
"357","298062","20220727031000","171","3","臺中市","后里區","120.710","24.315","355"
"148","298066","20220727031000","109","2","臺中市","后里區","120.705","24.320","156"
"132","298069","20220727031000","128","1","臺中市","外埔區","120.695","24.325","141"
"311","298070","20220727031000","196","3","臺中市","后里區","120.700","24.325","288"
"23","298074","20220727031000","20","1","臺中市","后里區","120.705","24.325","20"
"337","298075","20220727031000","339","0","臺中市","后里區","120.710","24.325","364"
"326","298078","20220727031000","303","1","臺中市","后里區","120.705","24.330","335"
"36","298081","20220727031000","217","0","臺中市","后里區","120.745","24.325","39"
"103","298082","20220727031000","101","1","臺中市","后里區","120.750","24.325","111"
"167","298092","20220727031000","135","2","臺中市","后里區","120.680","24.315","161"
"67","298093","20220727031000","35","3","臺中市","后里區","120.685","24.315","58"
"629","298094","20220727031000","567","1","臺中市","后里區","120.690","24.315","633"
"542","298095","20220727031000","390","2","臺中市","后里區","120.695","24.315","533"
"142","298096","20220727031000","83","3","臺中市","外埔區","120.685","24.320","119"
"49","298098","20220727031000","457","0","臺中市","大安區","120.600","24.345","45"
"34","298100","20220727031000","465","0","臺中市","大安區","120.600","24.350","33"
"109","298108","20220727031000","123","0","臺中市","大甲區","120.680","24.365","116"
"267","298116","20220727031000","265","1","臺中市","大甲區","120.675","24.370","268"
"569","298125","20220727031000","748","0","臺中市","大甲區","120.625","24.340","639"
"320","298126","20220727031000","301","1","臺中市","大甲區","120.630","24.340","319"
"127","298128","20220727031000","160","0","臺中市","大甲區","120.620","24.340","135"
"2375","298129","20220727031000","2268","1","臺中市","大甲區","120.625","24.345","2449"
"253","298135","20220727031000","242","1","臺中市","后里區","120.715","24.295","222"
"1553","298141","20220727031000","1537","1","臺中市","后里區","120.715","24.305","1555"
"328","298142","20220727031000","453","0","臺中市","后里區","120.720","24.305","342"
"485","298151","20220727031000","483","1","臺中市","清水區","120.610","24.290","483"
"141","298155","20220727031000","141","1","臺中市","清水區","120.610","24.295","134"
"948","298159","20220727031000","930","1","臺中市","大甲區","120.615","24.350","970"
"273","298177","20220727031000","284","0","臺中市","大甲區","120.605","24.325","292"
"236","298178","20220727031000","283","0","臺中市","大甲區","120.595","24.330","232"
"1370","298182","20220727031000","1038","2","臺中市","后里區","120.725","24.310","1331"
"125","298183","20220727031000","187","0","臺中市","后里區","120.730","24.305","138"
"361","298184","20220727031000","582","0","臺中市","后里區","120.730","24.310","396"
"34","298185","20220727031000","23","2","臺中市","后里區","120.735","24.315","33"
"112","298202","20220727031000","110","1","臺中市","后里區","120.700","24.285","112"
"22","298208","20220727031000","246","0","臺中市","后里區","120.675","24.290","19"
"402","298213","20220727031000","339","1","臺中市","后里區","120.700","24.290","384"
"24","298360","20220727031000","27","0","臺中市","和平區","121.280","24.305","25"
"527","298427","20220727031000","389","2","臺中市","和平區","121.295","24.315","460"
"112","298504","20220727031000","68","3","臺中市","和平區","121.310","24.325","126"
"177","298630","20220727031000","129","2","臺中市","和平區","121.310","24.335","177"
"127","298631","20220727031000","75","3","臺中市","和平區","121.315","24.335","114"
"15","298674","20220727031000","24","0","臺中市","和平區","121.300","24.340","15"
"126","298723","20220727031000","89","2","臺中市","和平區","121.310","24.345","144"
"221","298770","20220727031000","129","3","臺中市","和平區","121.310","24.350","213"
"17","298772","20220727031000","24","0","臺中市","和平區","121.320","24.350","20"
"91","298818","20220727031000","48","3","臺中市","和平區","121.315","24.355","79"
"37","298866","20220727031000","37","1","臺中市","和平區","121.315","24.360","41"
"22","298968","20220727031000","15","2","臺中市","和平區","121.340","24.370","22"
"21","299078","20220727031000","14","3","臺中市","和平區","121.265","24.285","32"
"22","299174","20220727031000","13","3","臺中市","和平區","121.275","24.295","20"
"75","299584","20220727031000","73","1","臺中市","和平區","120.905","24.290","84"
"10","299585","20220727031000","10","1","臺中市","和平區","120.910","24.290","10"
"61","299602","20220727031000","50","2","臺中市","和平區","120.930","24.295","60"
"53","299659","20220727031000","49","1","臺中市","和平區","120.940","24.300","48"
"12","299678","20220727031000","10","2","臺中市","和平區","120.925","24.305","13"
"74","299703","20220727031000","58","2","臺中市","和平區","120.940","24.310","69"
"26","299761","20220727031000","13","3","臺中市","和平區","120.930","24.325","25"
"119","299779","20220727031000","83","2","臺中市","和平區","120.925","24.325","120"
"156","299781","20220727031000","135","1","臺中市","和平區","120.935","24.325","171"
"11","299796","20220727031000","14","0","臺中市","和平區","120.920","24.330","10"
"1019","299822","20220727031000","1027","0","臺中市","清水區","120.565","24.290","1010"
"19","299823","20220727031000","392","0","臺中市","清水區","120.560","24.295","26"
"67","299826","20220727031000","48","2","臺中市","清水區","120.600","24.280","95"
"35","299828","20220727031000","15","3","臺中市","清水區","120.610","24.280","39"
"109","299830","20220727031000","76","2","臺中市","清水區","120.600","24.285","102"
"663","299831","20220727031000","637","1","臺中市","清水區","120.575","24.285","620"
"489","299835","20220727031000","470","1","臺中市","清水區","120.575","24.300","517"
"96","299845","20220727031000","100","0","臺中市","東勢區","120.790","24.285","95"
"260","299852","20220727031000","232","1","臺中市","東勢區","120.795","24.285","289"
"38","299868","20220727031000","27","2","臺中市","東勢區","120.805","24.300","44"
"161","299869","20220727031000","170","0","臺中市","東勢區","120.810","24.300","163"
"508","299873","20220727031000","426","1","臺中市","清水區","120.555","24.280","514"
"199","299884","20220727031000","966","0","臺中市","清水區","120.540","24.285","167"
"24","299886","20220727031000","323","0","臺中市","清水區","120.525","24.290","16"
"26","299888","20220727031000","11","3","臺中市","清水區","120.535","24.290","23"
"55","299892","20220727031000","38","2","臺中市","清水區","120.520","24.295","56"
"570","299901","20220727031000","456","2","臺中市","清水區","120.630","24.290","583"
"48","299913","20220727031000","58","0","臺中市","清水區","120.630","24.300","67"
"76","299923","20220727031000","100","0","臺中市","清水區","120.580","24.290","67"
"605","299926","20220727031000","539","1","臺中市","清水區","120.590","24.295","617"
"106","300263","20220727031000","77","2","花蓮縣","秀林鄉","121.755","24.300","111"
"310","300401","20220727031000","178","3","花蓮縣","秀林鄉","121.750","24.310","281"
"53","300404","20220727031000","36","2","花蓮縣","秀林鄉","121.765","24.310","84"
"19","300405","20220727031000","14","2","花蓮縣","秀林鄉","121.765","24.305","24"
"14","300877","20220727031000","57","0","苗栗縣","三義鄉","120.740","24.365","12"
"72","300914","20220727031000","110","0","苗栗縣","三義鄉","120.765","24.340","72"
"60","300918","20220727031000","34","3","苗栗縣","三義鄉","120.750","24.345","55"
"184","300926","20220727031000","121","3","苗栗縣","三義鄉","120.745","24.350","180"
"25","300932","20220727031000","94","0","苗栗縣","三義鄉","120.735","24.355","15"
"105","300935","20220727031000","71","2","苗栗縣","三義鄉","120.750","24.355","91"
"70","300937","20220727031000","129","0","苗栗縣","三義鄉","120.760","24.355","70"
"36","300943","20220727031000","35","1","苗栗縣","三義鄉","120.770","24.355","36"
"74","300949","20220727031000","69","1","苗栗縣","三義鄉","120.780","24.360","65"
"10","300965","20220727031000","46","0","苗栗縣","三義鄉","120.795","24.370","10"
"220","300971","20220727031000","177","2","苗栗縣","卓蘭鎮","120.835","24.300","209"
"37","300982","20220727031000","25","2","苗栗縣","卓蘭鎮","120.845","24.310","40"
"20","301006","20220727031000","197","0","臺中市","東勢區","120.805","24.280","16"
"253","301007","20220727031000","230","1","臺中市","東勢區","120.810","24.280","307"
"677","301021","20220727031000","551","2","苗栗縣","卓蘭鎮","120.830","24.310","671"
"272","301030","20220727031000","213","2","苗栗縣","卓蘭鎮","120.845","24.320","253"
"253","301060","20220727031000","226","1","苗栗縣","卓蘭鎮","120.810","24.330","299"
"229","301079","20220727031000","145","3","苗栗縣","卓蘭鎮","120.785","24.330","169"
"141","301082","20220727031000","118","1","苗栗縣","卓蘭鎮","120.825","24.330","148"
"42","301093","20220727031000","27","3","苗栗縣","卓蘭鎮","120.805","24.335","40"
"30","301097","20220727031000","19","3","苗栗縣","卓蘭鎮","120.825","24.335","27"
"13","301176","20220727031000","13","1","臺中市","和平區","121.040","24.295","20"
"97","301582","20220727031000","64","3","苗栗縣","泰安鄉","120.965","24.360","101"
"153","301609","20220727031000","93","3","苗栗縣","泰安鄉","120.960","24.370","142"
"121","301629","20220727031000","110","1","苗栗縣","卓蘭鎮","120.860","24.295","117"
"107","301639","20220727031000","89","2","苗栗縣","卓蘭鎮","120.840","24.300","103"
"63","301640","20220727031000","83","0","苗栗縣","卓蘭鎮","120.845","24.300","58"
"75","301669","20220727031000","43","3","苗栗縣","卓蘭鎮","120.880","24.315","67"
"173","301723","20220727031000","157","1","苗栗縣","卓蘭鎮","120.850","24.340","176"
"163","301727","20220727031000","100","3","苗栗縣","卓蘭鎮","120.870","24.340","169"
"117","301752","20220727031000","138","0","苗栗縣","卓蘭鎮","120.825","24.305","122"
"633","301756","20220727031000","566","1","苗栗縣","卓蘭鎮","120.820","24.315","630"
"790","301757","20220727031000","677","1","苗栗縣","卓蘭鎮","120.825","24.315","809"
"16","301775","20220727031000","73","0","苗栗縣","卓蘭鎮","120.855","24.355","13"
"52","301787","20220727031000","38","2","苗栗縣","大湖鄉","120.870","24.360","50"
"112","301882","20220727031000","89","2","苗栗縣","大湖鄉","120.875","24.365","122"
"22","308048","20220727031000","16","2","宜蘭縣","南澳鄉","121.765","24.440","15"
"14","308051","20220727031000","11","2","宜蘭縣","南澳鄉","121.780","24.440","18"
"28","308125","20220727031000","21","2","宜蘭縣","南澳鄉","121.775","24.450","29"
"249","308964","20220727031000","204","2","宜蘭縣","南澳鄉","121.750","24.425","276"
"41","309060","20220727031000","22","3","宜蘭縣","南澳鄉","121.750","24.435","49"
"43","309298","20220727031000","31","2","宜蘭縣","大同鄉","121.355","24.395","29"
"476","309501","20220727031000","274","3","宜蘭縣","大同鄉","121.380","24.435","473"
"100","309740","20220727031000","85","1","宜蘭縣","蘇澳鎮","121.805","24.445","109"
"182","309750","20220727031000","161","1","宜蘭縣","蘇澳鎮","121.790","24.455","194"
"192","309853","20220727031000","113","3","臺中市","大甲區","120.640","24.410","164"
"81","309860","20220727031000","778","0","臺中市","大甲區","120.630","24.415","84"
"352","309867","20220727031000","316","1","臺中市","大甲區","120.635","24.390","341"
"58","309881","20220727031000","484","0","臺中市","大甲區","120.635","24.410","60"
"619","309883","20220727031000","570","1","臺中市","大甲區","120.640","24.415","628"
"402","309899","20220727031000","376","1","臺中市","大安區","120.605","24.385","387"
"338","309910","20220727031000","322","1","臺中市","大安區","120.600","24.395","354"
"38","309925","20220727031000","427","0","臺中市","大甲區","120.670","24.380","35"
"17","309935","20220727031000","15","1","臺中市","大甲區","120.665","24.390","10"
"21","309937","20220727031000","416","0","臺中市","大甲區","120.660","24.395","18"
"494","309939","20220727031000","472","1","苗栗縣","苑裡鎮","120.665","24.400","465"
"661","309942","20220727031000","516","2","臺中市","大甲區","120.645","24.400","659"
"1560","309947","20220727031000","1774","0","臺中市","大甲區","120.650","24.405","1591"
"379","309948","20220727031000","467","0","臺中市","大甲區","120.655","24.405","374"
"187","309960","20220727031000","210","0","臺中市","大安區","120.595","24.385","181"
"50","309972","20220727031000","307","0","臺中市","大安區","120.585","24.375","36"
"388","309973","20220727031000","402","0","臺中市","大安區","120.590","24.375","400"
"45","309975","20220727031000","48","0","臺中市","大安區","120.585","24.380","40"
"36","309977","20220727031000","38","0","臺中市","大安區","120.610","24.375","36"
"270","309986","20220727031000","300","0","臺中市","大甲區","120.660","24.370","333"
"1506","310004","20220727031000","1717","0","臺中市","大甲區","120.655","24.380","1476"
"33","310009","20220727031000","1056","0","臺中市","大甲區","120.650","24.390","34"
"394","310033","20220727031000","334","1","臺中市","大甲區","120.615","24.415","404"
"489","310040","20220727031000","494","0","臺中市","大甲區","120.620","24.370","469"
"102","310149","20220727031000","15","3","臺中市","和平區","121.305","24.380","110"
"52","310150","20220727031000","34","3","臺中市","和平區","121.310","24.380","56"
"55","310180","20220727031000","26","3","臺中市","和平區","121.300","24.385","77"
"40","310235","20220727031000","25","3","臺中市","和平區","121.305","24.395","39"
"40","310390","20220727031000","41","0","苗栗縣","三義鄉","120.780","24.385","41"
"184","310395","20220727031000","207","0","苗栗縣","三義鄉","120.750","24.395","200"
"348","310396","20220727031000","322","1","苗栗縣","三義鄉","120.755","24.395","362"
"1889","310412","20220727031000","1678","1","苗栗縣","三義鄉","120.760","24.405","1886"
"434","310415","20220727031000","363","1","苗栗縣","三義鄉","120.765","24.410","405"
"805","310419","20220727031000","895","0","苗栗縣","三義鄉","120.770","24.415","840"
"193","310423","20220727031000","157","2","苗栗縣","三義鄉","120.745","24.370","176"
"38","310429","20220727031000","26","2","苗栗縣","三義鄉","120.770","24.370","31"
"170","310433","20220727031000","137","2","苗栗縣","三義鄉","120.750","24.375","173"
"28","310441","20220727031000","31","0","苗栗縣","三義鄉","120.750","24.380","47"
"79","310450","20220727031000","54","2","苗栗縣","三義鄉","120.755","24.385","78"
"23","310451","20220727031000","156","0","苗栗縣","三義鄉","120.760","24.385","23"
"16","310456","20220727031000","10","3","苗栗縣","三義鄉","120.755","24.390","19"
"131","310458","20220727031000","46","3","苗栗縣","三義鄉","120.760","24.390","83"
"30","310469","20220727031000","27","1","苗栗縣","三義鄉","120.780","24.375","23"
"583","310489","20220727031000","586","0","苗栗縣","三義鄉","120.775","24.420","617"
"128","310506","20220727031000","126","1","苗栗縣","三義鄉","120.770","24.435","133"
"28","310521","20220727031000","24","1","苗栗縣","三義鄉","120.805","24.385","31"
"17","310527","20220727031000","20","0","苗栗縣","三義鄉","120.795","24.390","23"
"18","310542","20220727031000","14","2","苗栗縣","三義鄉","120.775","24.405","57"
"300","310551","20220727031000","258","1","苗栗縣","三義鄉","120.790","24.410","278"
"26","310552","20220727031000","22","1","苗栗縣","三義鄉","120.795","24.410","19"
"133","310580","20220727031000","107","2","苗栗縣","公館鄉","120.860","24.460","128"
"14","310595","20220727031000","19","0","苗栗縣","苑裡鎮","120.660","24.430","14"
"678","310596","20220727031000","601","1","苗栗縣","苑裡鎮","120.665","24.430","687"
"25","310601","20220727031000","307","0","苗栗縣","苑裡鎮","120.710","24.375","26"
"83","310623","20220727031000","61","2","苗栗縣","苑裡鎮","120.695","24.400","86"
"11","310630","20220727031000","14","0","苗栗縣","苑裡鎮","120.670","24.445","10"
"563","310636","20220727031000","436","2","苗栗縣","苑裡鎮","120.660","24.440","612"
"28","310637","20220727031000","35","0","苗栗縣","苑裡鎮","120.655","24.445","35"
"33","310639","20220727031000","16","3","苗栗縣","苑裡鎮","120.665","24.445","27"
"17","310640","20220727031000","15","1","苗栗縣","通霄鎮","120.660","24.450","22"
"502","310644","20220727031000","377","2","苗栗縣","苑裡鎮","120.655","24.450","518"
"43","310647","20220727031000","60","0","苗栗縣","通霄鎮","120.660","24.455","42"
"10","310656","20220727031000","175","0","苗栗縣","三義鄉","120.745","24.395","19"
"13","310670","20220727031000","82","0","苗栗縣","苑裡鎮","120.715","24.410","12"
"75","310685","20220727031000","80","0","苗栗縣","苑裡鎮","120.710","24.420","76"
"42","310688","20220727031000","23","3","苗栗縣","苑裡鎮","120.660","24.435","49"
"262","310695","20220727031000","248","1","苗栗縣","苑裡鎮","120.670","24.405","270"
"184","310698","20220727031000","241","0","苗栗縣","苑裡鎮","120.690","24.410","187"
"94","310699","20220727031000","53","3","苗栗縣","苑裡鎮","120.690","24.415","92"
"36","310721","20220727031000","429","0","苗栗縣","苑裡鎮","120.645","24.435","36"
"114","310722","20220727031000","79","2","苗栗縣","苑裡鎮","120.650","24.435","87"
"548","310727","20220727031000","448","2","苗栗縣","苑裡鎮","120.635","24.445","544"
"19","310728","20220727031000","12","3","苗栗縣","苑裡鎮","120.655","24.410","17"
"10","310729","20220727031000","12","0","苗栗縣","苑裡鎮","120.650","24.415","14"
"413","310730","20220727031000","355","1","苗栗縣","苑裡鎮","120.655","24.415","426"
"302","310737","20220727031000","269","1","苗栗縣","苑裡鎮","120.650","24.425","307"
"245","310752","20220727031000","224","1","苗栗縣","苑裡鎮","120.700","24.435","234"
"42","310755","20220727031000","41","1","苗栗縣","苑裡鎮","120.680","24.440","32"
"311","310758","20220727031000","280","1","苗栗縣","苑裡鎮","120.700","24.385","299"
"258","310763","20220727031000","306","0","苗栗縣","苑裡鎮","120.695","24.395","264"
"27","310766","20220727031000","12","3","苗栗縣","苑裡鎮","120.685","24.405","24"
"1058","310776","20220727031000","967","1","苗栗縣","大湖鄉","120.870","24.425","1055"
"16","310779","20220727031000","13","2","苗栗縣","大湖鄉","120.885","24.425","18"
"268","310796","20220727031000","214","2","苗栗縣","大湖鄉","120.865","24.400","270"
"48","310800","20220727031000","47","1","苗栗縣","大湖鄉","120.855","24.405","43"
"29","310825","20220727031000","172","0","苗栗縣","大湖鄉","120.900","24.410","14"
"177","310860","20220727031000","117","3","苗栗縣","大湖鄉","120.870","24.405","196"
"20","310881","20220727031000","245","0","苗栗縣","大湖鄉","120.860","24.420","18"
"411","310894","20220727031000","483","0","苗栗縣","苑裡鎮","120.655","24.440","399"
"12","310899","20220727031000","19","0","苗栗縣","苑裡鎮","120.690","24.375","12"
"1110","310905","20220727031000","1070","1","苗栗縣","苑裡鎮","120.680","24.385","1096"
"144","310911","20220727031000","118","2","苗栗縣","苑裡鎮","120.660","24.410","115"
"337","310914","20220727031000","159","3","苗栗縣","苑裡鎮","120.660","24.415","319"
"35","310926","20220727031000","40","0","苗栗縣","苑裡鎮","120.720","24.395","40"
"12","310927","20220727031000","67","0","苗栗縣","苑裡鎮","120.725","24.395","13"
"12","310930","20220727031000","11","1","苗栗縣","苑裡鎮","120.715","24.400","13"
"34","310938","20220727031000","31","1","苗栗縣","苑裡鎮","120.705","24.410","45"
"19","310941","20220727031000","40","0","苗栗縣","苑裡鎮","120.675","24.400","22"
"14","310942","20220727031000","15","0","苗栗縣","苑裡鎮","120.680","24.400","12"
"42","310943","20220727031000","510","0","苗栗縣","苑裡鎮","120.675","24.405","32"
"340","310949","20220727031000","223","3","苗栗縣","苑裡鎮","120.670","24.415","341"
"11","310953","20220727031000","13","0","苗栗縣","苑裡鎮","120.670","24.425","13"
"167","310964","20220727031000","1069","0","苗栗縣","苑裡鎮","120.685","24.415","141"
"204","310996","20220727031000","177","1","苗栗縣","銅鑼鄉","120.810","24.465","202"
"13","310999","20220727031000","21","0","苗栗縣","銅鑼鄉","120.755","24.445","19"
"23","311009","20220727031000","17","2","苗栗縣","銅鑼鄉","120.765","24.460","27"
"231","311014","20220727031000","155","2","苗栗縣","銅鑼鄉","120.760","24.460","247"
"54","311016","20220727031000","57","0","苗栗縣","銅鑼鄉","120.770","24.465","45"
"94","311031","20220727031000","62","3","苗栗縣","銅鑼鄉","120.810","24.405","118"
"115","311073","20220727031000","63","3","苗栗縣","銅鑼鄉","120.835","24.420","113"
"22","311089","20220727031000","12","3","苗栗縣","銅鑼鄉","120.765","24.435","21"
"150","311108","20220727031000","131","1","苗栗縣","銅鑼鄉","120.780","24.450","146"
"339","311118","20220727031000","372","0","苗栗縣","銅鑼鄉","120.780","24.465","360"
"1779","311279","20220727031000","1931","0","苗栗縣","苑裡鎮","120.650","24.440","1766"
"168","311280","20220727031000","188","0","苗栗縣","苑裡鎮","120.650","24.445","162"
"12","311281","20220727031000","16","0","苗栗縣","苑裡鎮","120.645","24.445","16"
"359","311283","20220727031000","355","1","苗栗縣","苑裡鎮","120.650","24.450","385"
"61","311310","20220727031000","50","2","苗栗縣","泰安鄉","120.925","24.390","68"
"14","311446","20220727031000","10","2","苗栗縣","泰安鄉","120.980","24.445","16"
"128","311474","20220727031000","86","2","苗栗縣","泰安鄉","120.935","24.420","124"
"18","311478","20220727031000","123","0","苗栗縣","泰安鄉","120.925","24.420","176"
"12","311666","20220727031000","104","0","苗栗縣","泰安鄉","120.980","24.390","12"
"16","312076","20220727031000","13","2","苗栗縣","泰安鄉","121.015","24.425","29"
"14","312522","20220727031000","92","0","苗栗縣","泰安鄉","120.925","24.440","12"
"129","312590","20220727031000","89","2","苗栗縣","通霄鎮","120.735","24.410","111"
"135","312624","20220727031000","128","1","苗栗縣","通霄鎮","120.680","24.455","154"
"84","312636","20220727031000","68","2","苗栗縣","通霄鎮","120.690","24.465","82"
"30","312656","20220727031000","12","3","苗栗縣","通霄鎮","120.745","24.440","56"
"117","312664","20220727031000","52","3","苗栗縣","通霄鎮","120.725","24.450","138"
"12","312666","20220727031000","14","0","苗栗縣","通霄鎮","120.735","24.450","12"
"49","312668","20220727031000","102","0","苗栗縣","通霄鎮","120.720","24.425","53"
"61","312670","20220727031000","206","0","苗栗縣","通霄鎮","120.720","24.430","62"
"200","312677","20220727031000","186","1","苗栗縣","通霄鎮","120.715","24.440","206"
"200","312691","20220727031000","243","0","苗栗縣","通霄鎮","120.700","24.455","211"
"40","312717","20220727031000","29","2","苗栗縣","通霄鎮","120.730","24.460","39"
"70","312744","20220727031000","77","0","苗栗縣","大湖鄉","120.865","24.430","58"
"26","312752","20220727031000","168","0","苗栗縣","大湖鄉","120.865","24.435","27"
"60","312778","20220727031000","55","1","苗栗縣","大湖鄉","120.905","24.445","57"
"37","312782","20220727031000","31","1","苗栗縣","大湖鄉","120.880","24.450","41"
"177","312784","20220727031000","167","1","苗栗縣","大湖鄉","120.875","24.455","181"
"73","312785","20220727031000","665","0","苗栗縣","大湖鄉","120.865","24.420","49"
"201","312798","20220727031000","236","0","苗栗縣","大湖鄉","120.900","24.375","191"
"318","312833","20220727031000","268","1","苗栗縣","三義鄉","120.820","24.380","297"
"154","312851","20220727031000","112","2","苗栗縣","大湖鄉","120.865","24.375","164"
"80","312863","20220727031000","151","0","苗栗縣","大湖鄉","120.850","24.385","52"
"35","317431","20220727031000","24","2","宜蘭縣","蘇澳鎮","121.845","24.520","34"
"381","319889","20220727031000","242","3","宜蘭縣","南澳鄉","121.800","24.465","377"
"444","319890","20220727031000","465","0","宜蘭縣","蘇澳鎮","121.805","24.465","436"
"26","319894","20220727031000","15","3","宜蘭縣","南澳鄉","121.810","24.470","21"
"113","320020","20220727031000","73","3","宜蘭縣","蘇澳鎮","121.830","24.515","113"
"14","320043","20220727031000","10","2","宜蘭縣","南澳鄉","121.830","24.530","14"
"11","320054","20220727031000","14","0","宜蘭縣","南澳鄉","121.835","24.535","17"
"42","320069","20220727031000","47","0","宜蘭縣","蘇澳鎮","121.850","24.535","32"
"274","320197","20220727031000","200","2","宜蘭縣","南澳鄉","121.790","24.470","306"
"15","320298","20220727031000","11","2","宜蘭縣","南澳鄉","121.785","24.460","16"
"191","320807","20220727031000","116","3","宜蘭縣","大同鄉","121.430","24.485","185"
"160","320829","20220727031000","129","2","宜蘭縣","大同鄉","121.430","24.490","154"
"105","321192","20220727031000","92","1","宜蘭縣","大同鄉","121.530","24.500","107"
"116","321699","20220727031000","68","3","宜蘭縣","大同鄉","121.450","24.530","82"
"446","321823","20220727031000","172","3","宜蘭縣","蘇澳鎮","121.840","24.485","351"
"46","321846","20220727031000","23","3","宜蘭縣","蘇澳鎮","121.835","24.510","56"
"198","321850","20220727031000","132","3","宜蘭縣","蘇澳鎮","121.835","24.520","210"
"138","321880","20220727031000","94","2","宜蘭縣","蘇澳鎮","121.820","24.460","147"
"15","321882","20220727031000","13","1","宜蘭縣","蘇澳鎮","121.820","24.465","14"
"27","321898","20220727031000","17","3","宜蘭縣","蘇澳鎮","121.825","24.485","24"
"118","322716","20220727031000","97","2","新竹縣","五峰鄉","121.110","24.525","132"
"31","322717","20220727031000","34","0","新竹縣","五峰鄉","121.115","24.525","34"
"60","322744","20220727031000","29","3","新竹縣","五峰鄉","121.125","24.530","63"
"79","322792","20220727031000","59","2","新竹縣","五峰鄉","121.125","24.540","75"
"32","322897","20220727031000","24","2","新竹縣","五峰鄉","121.130","24.560","32"
"51","322913","20220727031000","439","0","苗栗縣","公館鄉","120.820","24.495","55"
"21","322918","20220727031000","207","0","苗栗縣","公館鄉","120.815","24.510","17"
"207","322920","20220727031000","297","0","苗栗縣","公館鄉","120.815","24.515","207"
"332","322921","20220727031000","326","1","苗栗縣","銅鑼鄉","120.810","24.515","371"
"281","322933","20220727031000","227","2","苗栗縣","公館鄉","120.835","24.510","273"
"383","322941","20220727031000","401","0","苗栗縣","公館鄉","120.835","24.530","381"
"11","322961","20220727031000","94","0","苗栗縣","公館鄉","120.850","24.530","12"
"95","322992","20220727031000","61","3","苗栗縣","公館鄉","120.890","24.540","83"
"153","323065","20220727031000","137","1","苗栗縣","公館鄉","120.835","24.500","148"
"168","323078","20220727031000","151","1","苗栗縣","公館鄉","120.835","24.545","164"
"1038","323086","20220727031000","748","2","苗栗縣","公館鄉","120.825","24.510","1071"
"66","323090","20220727031000","710","0","苗栗縣","公館鄉","120.820","24.515","61"
"279","323092","20220727031000","470","0","苗栗縣","公館鄉","120.825","24.520","314"
"444","323094","20220727031000","311","2","苗栗縣","公館鄉","120.825","24.465","443"
"122","323105","20220727031000","185","0","苗栗縣","公館鄉","120.835","24.465","120"
"35","323120","20220727031000","33","1","苗栗縣","公館鄉","120.855","24.475","39"
"435","323126","20220727031000","398","1","苗栗縣","公館鄉","120.825","24.475","423"
"365","323131","20220727031000","426","0","苗栗縣","公館鄉","120.820","24.480","369"
"614","323137","20220727031000","482","2","苗栗縣","公館鄉","120.830","24.485","627"
"540","323139","20220727031000","510","1","苗栗縣","公館鄉","120.825","24.500","534"
"744","323140","20220727031000","752","0","苗栗縣","公館鄉","120.825","24.505","774"
"1174","323143","20220727031000","1387","0","苗栗縣","公館鄉","120.820","24.500","1202"
"25","323150","20220727031000","256","0","苗栗縣","公館鄉","120.830","24.530","29"
"198","323152","20220727031000","164","2","苗栗縣","公館鄉","120.830","24.535","200"
"855","323159","20220727031000","625","2","苗栗縣","公館鄉","120.825","24.530","819"
"153","323161","20220727031000","130","1","苗栗縣","苗栗市","120.835","24.555","156"
"402","323164","20220727031000","693","0","苗栗縣","苗栗市","120.820","24.560","401"
"33","323166","20220727031000","43","0","苗栗縣","通霄鎮","120.695","24.540","22"
"267","323174","20220727031000","162","3","苗栗縣","通霄鎮","120.700","24.550","267"
"213","323187","20220727031000","190","1","苗栗縣","通霄鎮","120.695","24.475","229"
"27","323189","20220727031000","462","0","苗栗縣","通霄鎮","120.685","24.480","17"
"68","323210","20220727031000","53","2","苗栗縣","通霄鎮","120.730","24.490","64"
"22","323218","20220727031000","68","0","苗栗縣","通霄鎮","120.740","24.495","15"
"14","323221","20220727031000","15","0","苗栗縣","通霄鎮","120.750","24.485","21"
"89","323237","20220727031000","81","1","苗栗縣","通霄鎮","120.720","24.505","86"
"66","323242","20220727031000","70","0","苗栗縣","通霄鎮","120.740","24.505","83"
"57","323248","20220727031000","44","2","苗栗縣","通霄鎮","120.730","24.510","58"
"24","323299","20220727031000","19","2","苗栗縣","南庄鄉","120.960","24.520","26"
"101","323333","20220727031000","90","1","苗栗縣","南庄鄉","120.965","24.535","101"
"20","323356","20220727031000","120","0","苗栗縣","南庄鄉","120.970","24.545","23"
"2381","323391","20220727031000","2188","1","苗栗縣","苗栗市","120.825","24.555","2338"
"25","323392","20220727031000","21","1","苗栗縣","苗栗市","120.820","24.540","25"
"980","323394","20220727031000","693","2","苗栗縣","苗栗市","120.825","24.545","1002"
"752","323395","20220727031000","1706","0","苗栗縣","苗栗市","120.815","24.550","762"
"67","323396","20220727031000","97","0","苗栗縣","苗栗市","120.820","24.550","72"
"1440","323397","20220727031000","1280","1","苗栗縣","苗栗市","120.815","24.555","1442"
"703","323400","20220727031000","528","2","苗栗縣","苗栗市","120.820","24.555","703"
"192","323402","20220727031000","179","1","苗栗縣","苗栗市","120.830","24.555","182"
"561","323403","20220727031000","457","2","苗栗縣","苗栗市","120.825","24.565","577"
"17","323405","20220727031000","32","0","苗栗縣","苗栗市","120.790","24.525","19"
"17","323411","20220727031000","205","0","苗栗縣","苗栗市","120.785","24.535","22"
"24","323412","20220727031000","50","0","苗栗縣","苗栗市","120.790","24.535","24"
"266","323414","20220727031000","111","3","苗栗縣","苗栗市","120.800","24.535","279"
"38","323530","20220727031000","22","3","苗栗縣","南庄鄉","121.025","24.535","39"
"35","323545","20220727031000","29","2","苗栗縣","南庄鄉","121.030","24.540","31"
"99","323601","20220727031000","66","3","苗栗縣","頭屋鄉","120.855","24.555","102"
"17","323631","20220727031000","46","0","苗栗縣","頭屋鄉","120.870","24.560","18"
"16","323638","20220727031000","16","1","苗栗縣","頭屋鄉","120.905","24.550","15"
"201","323661","20220727031000","171","1","苗栗縣","銅鑼鄉","120.775","24.495","194"
"21","323663","20220727031000","27","0","苗栗縣","西湖鄉","120.770","24.500","20"
"289","323674","20220727031000","208","2","苗栗縣","銅鑼鄉","120.790","24.470","280"
"336","323678","20220727031000","271","2","苗栗縣","銅鑼鄉","120.790","24.475","326"
"41","323679","20220727031000","41","1","苗栗縣","銅鑼鄉","120.795","24.475","39"
"458","323682","20220727031000","419","1","苗栗縣","銅鑼鄉","120.785","24.480","476"
"483","323683","20220727031000","460","1","苗栗縣","銅鑼鄉","120.790","24.480","505"
"429","323685","20220727031000","453","0","苗栗縣","銅鑼鄉","120.785","24.485","442"
"759","323686","20220727031000","1052","0","苗栗縣","銅鑼鄉","120.785","24.490","732"
"63","323691","20220727031000","52","2","苗栗縣","通霄鎮","120.725","24.520","66"
"11","323700","20220727031000","24","0","苗栗縣","通霄鎮","120.735","24.525","11"
"35","323727","20220727031000","155","0","苗栗縣","通霄鎮","120.675","24.485","31"
"367","323728","20220727031000","940","0","苗栗縣","苗栗市","120.810","24.545","325"
"49","323734","20220727031000","41","1","苗栗縣","西湖鄉","120.790","24.550","59"
"165","323738","20220727031000","134","2","苗栗縣","苗栗市","120.795","24.555","155"
"441","323740","20220727031000","405","1","苗栗縣","苗栗市","120.805","24.555","435"
"349","323743","20220727031000","343","1","苗栗縣","苗栗市","120.800","24.560","354"
"96","323744","20220727031000","253","0","苗栗縣","苗栗市","120.805","24.560","84"
"461","323747","20220727031000","424","1","苗栗縣","苗栗市","120.815","24.530","485"
"1247","323751","20220727031000","1591","0","苗栗縣","苗栗市","120.815","24.540","1272"
"238","323752","20220727031000","186","2","苗栗縣","苗栗市","120.805","24.545","224"
"29","323753","20220727031000","36","0","苗栗縣","苗栗市","120.805","24.550","33"
"55","323763","20220727031000","210","0","苗栗縣","西湖鄉","120.730","24.555","72"
"148","323770","20220727031000","134","1","苗栗縣","西湖鄉","120.745","24.555","143"
"81","323782","20220727031000","75","1","苗栗縣","西湖鄉","120.765","24.520","91"
"136","323800","20220727031000","161","0","苗栗縣","西湖鄉","120.785","24.525","142"
"91","323808","20220727031000","45","3","苗栗縣","西湖鄉","120.745","24.525","80"
"29","323810","20220727031000","78","0","苗栗縣","西湖鄉","120.740","24.530","31"
"42","323815","20220727031000","31","2","苗栗縣","西湖鄉","120.750","24.535","41"
"159","323828","20220727031000","151","1","苗栗縣","通霄鎮","120.680","24.500","147"
"211","323830","20220727031000","264","0","苗栗縣","通霄鎮","120.690","24.500","218"
"145","323838","20220727031000","27","3","苗栗縣","通霄鎮","120.690","24.510","149"
"181","323845","20220727031000","199","0","苗栗縣","通霄鎮","120.695","24.515","186"
"80","323854","20220727031000","56","2","苗栗縣","通霄鎮","120.695","24.530","71"
"28","323864","20220727031000","10","3","苗栗縣","通霄鎮","120.675","24.490","11"
"1277","323865","20220727031000","1104","1","苗栗縣","通霄鎮","120.680","24.490","1251"
"693","323876","20220727031000","674","1","苗栗縣","銅鑼鄉","120.800","24.490","732"
"438","323879","20220727031000","511","0","苗栗縣","銅鑼鄉","120.800","24.495","472"
"258","323881","20220727031000","255","1","苗栗縣","銅鑼鄉","120.810","24.495","256"
"12","323884","20220727031000","173","0","苗栗縣","銅鑼鄉","120.805","24.500","15"
"225","323893","20220727031000","177","2","苗栗縣","銅鑼鄉","120.805","24.510","200"
"51","323896","20220727031000","64","0","苗栗縣","銅鑼鄉","120.810","24.520","46"
"176","323898","20220727031000","147","1","苗栗縣","銅鑼鄉","120.760","24.465","202"
"52","323899","20220727031000","89","0","苗栗縣","銅鑼鄉","120.765","24.465","53"
"160","323904","20220727031000","157","1","苗栗縣","銅鑼鄉","120.770","24.470","164"
"206","323913","20220727031000","200","1","苗栗縣","銅鑼鄉","120.790","24.485","194"
"202","323918","20220727031000","144","2","苗栗縣","銅鑼鄉","120.790","24.505","170"
"101","323920","20220727031000","61","3","苗栗縣","銅鑼鄉","120.785","24.510","103"
"290","323923","20220727031000","334","0","苗栗縣","西湖鄉","120.785","24.515","312"
"58","323948","20220727031000","42","2","苗栗縣","泰安鄉","120.950","24.465","73"
"72","323952","20220727031000","97","0","苗栗縣","泰安鄉","120.970","24.465","66"
"140","323970","20220727031000","113","2","苗栗縣","泰安鄉","120.945","24.470","146"
"85","323976","20220727031000","77","1","苗栗縣","泰安鄉","120.975","24.470","74"
"19","324112","20220727031000","13","2","苗栗縣","獅潭鄉","120.910","24.505","20"
"36","324130","20220727031000","30","2","苗栗縣","獅潭鄉","120.910","24.510","35"
"272","324200","20220727031000","160","3","苗栗縣","獅潭鄉","120.920","24.540","261"
"46","324206","20220727031000","32","2","苗栗縣","獅潭鄉","120.950","24.540","44"
"79","324257","20220727031000","83","0","苗栗縣","獅潭鄉","120.935","24.555","76"
"48","324281","20220727031000","33","2","苗栗縣","獅潭鄉","120.910","24.465","45"
"141","324285","20220727031000","132","1","苗栗縣","獅潭鄉","120.880","24.470","146"
"23","324297","20220727031000","12","3","苗栗縣","獅潭鄉","120.915","24.475","26"
"59","324301","20220727031000","64","0","苗栗縣","獅潭鄉","120.900","24.485","67"
"70","324306","20220727031000","36","3","苗栗縣","獅潭鄉","120.900","24.490","64"
"53","324349","20220727031000","58","0","苗栗縣","泰安鄉","120.945","24.485","60"
"60","324420","20220727031000","45","2","苗栗縣","泰安鄉","121.205","24.465","51"
"14","324700","20220727031000","11","2","苗栗縣","通霄鎮","120.700","24.505","18"
"22","324701","20220727031000","12","3","苗栗縣","通霄鎮","120.705","24.505","23"
"61","324706","20220727031000","47","2","苗栗縣","通霄鎮","120.715","24.510","63"
"79","324721","20220727031000","74","1","苗栗縣","西湖鄉","120.780","24.550","75"
"86","324736","20220727031000","48","3","苗栗縣","西湖鄉","120.755","24.495","82"
"10","324754","20220727031000","10","1","苗栗縣","西湖鄉","120.775","24.530","10"
"50","324766","20220727031000","30","3","苗栗縣","西湖鄉","120.785","24.540","42"
"57","324767","20220727031000","43","2","苗栗縣","西湖鄉","120.755","24.545","55"
"70","324782","20220727031000","28","3","苗栗縣","通霄鎮","120.680","24.465","37"
"412","324784","20220727031000","427","0","苗栗縣","通霄鎮","120.665","24.470","440"
"102","324791","20220727031000","839","0","苗栗縣","通霄鎮","120.675","24.475","76"
"273","324812","20220727031000","273","1","苗栗縣","通霄鎮","120.710","24.555","298"
"13","324828","20220727031000","15","0","苗栗縣","通霄鎮","120.700","24.500","13"
"44","324833","20220727031000","170","0","苗栗縣","通霄鎮","120.710","24.505","27"
"114","324841","20220727031000","78","2","苗栗縣","通霄鎮","120.705","24.475","106"
"14","324850","20220727031000","32","0","苗栗縣","通霄鎮","120.715","24.480","11"
"48","324851","20220727031000","43","1","苗栗縣","通霄鎮","120.720","24.480","48"
"237","324858","20220727031000","174","2","苗栗縣","通霄鎮","120.720","24.465","253"
"115","324872","20220727031000","62","3","苗栗縣","通霄鎮","120.685","24.485","90"
"54","324877","20220727031000","781","0","苗栗縣","通霄鎮","120.690","24.495","42"
"50","324879","20220727031000","300","0","苗栗縣","通霄鎮","120.695","24.500","23"
"276","328071","20220727031000","147","3","宜蘭縣","蘇澳鎮","121.860","24.600","269"
"161","328073","20220727031000","98","3","宜蘭縣","蘇澳鎮","121.870","24.600","136"
"244","328074","20220727031000","301","0","宜蘭縣","蘇澳鎮","121.880","24.600","468"
"33","328390","20220727031000","30","1","宜蘭縣","蘇澳鎮","121.880","24.605","41"
"268","331880","20220727031000","249","1","宜蘭縣","冬山鄉","121.750","24.645","292"
"13","331921","20220727031000","13","1","宜蘭縣","南澳鄉","121.805","24.555","17"
"1242","332115","20220727031000","1136","1","宜蘭縣","蘇澳鎮","121.865","24.580","1224"
"145","332120","20220727031000","106","2","宜蘭縣","冬山鄉","121.815","24.630","142"
"154","332121","20220727031000","106","2","宜蘭縣","蘇澳鎮","121.820","24.625","150"
"677","332122","20220727031000","576","1","宜蘭縣","冬山鄉","121.810","24.630","635"
"252","332124","20220727031000","188","2","宜蘭縣","冬山鄉","121.820","24.630","263"
"297","332146","20220727031000","220","2","宜蘭縣","冬山鄉","121.710","24.635","251"
"91","332175","20220727031000","98","0","宜蘭縣","冬山鄉","121.765","24.620","81"
"645","332186","20220727031000","540","1","宜蘭縣","冬山鄉","121.770","24.630","641"
"492","332216","20220727031000","525","0","宜蘭縣","冬山鄉","121.785","24.625","484"
"175","332233","20220727031000","186","0","宜蘭縣","冬山鄉","121.730","24.650","227"
"289","332244","20220727031000","214","2","宜蘭縣","冬山鄉","121.805","24.625","280"
"11","332340","20220727031000","14","0","宜蘭縣","大同鄉","121.495","24.570","10"
"69","332362","20220727031000","35","3","宜蘭縣","大同鄉","121.480","24.575","59"
"141","332385","20220727031000","70","3","宜蘭縣","大同鄉","121.495","24.580","122"
"23","332698","20220727031000","27","0","宜蘭縣","大同鄉","121.685","24.610","17"
"166","332699","20220727031000","118","2","宜蘭縣","大同鄉","121.690","24.610","176"
"15","332745","20220727031000","56","0","宜蘭縣","大同鄉","121.685","24.625","17"
"20","332848","20220727031000","17","1","宜蘭縣","大同鄉","121.635","24.615","14"
"12","332886","20220727031000","11","1","宜蘭縣","大同鄉","121.590","24.630","12"
"31","332889","20220727031000","60","0","宜蘭縣","大同鄉","121.605","24.630","53"
"19","332899","20220727031000","14","2","宜蘭縣","三星鄉","121.605","24.635","22"
"62","332902","20220727031000","65","0","宜蘭縣","大同鄉","121.560","24.640","61"
"82","333040","20220727031000","110","0","宜蘭縣","大同鄉","121.530","24.595","84"
"10","333196","20220727031000","47","0","宜蘭縣","大同鄉","121.525","24.610","10"
"91","333282","20220727031000","57","3","宜蘭縣","大同鄉","121.525","24.630","65"
"14","333369","20220727031000","18","0","宜蘭縣","大同鄉","121.475","24.650","19"
"134","333370","20220727031000","61","3","宜蘭縣","大同鄉","121.480","24.650","128"
"11","333448","20220727031000","252","0","宜蘭縣","蘇澳鎮","121.865","24.575","13"
"312","333450","20220727031000","466","0","宜蘭縣","蘇澳鎮","121.870","24.580","336"
"493","333451","20220727031000","549","0","宜蘭縣","蘇澳鎮","121.875","24.580","472"
"967","333457","20220727031000","721","2","宜蘭縣","蘇澳鎮","121.855","24.595","1068"
"68","333458","20220727031000","73","0","宜蘭縣","蘇澳鎮","121.875","24.600","54"
"29","333460","20220727031000","14","3","宜蘭縣","蘇澳鎮","121.860","24.605","15"
"50","333462","20220727031000","50","1","宜蘭縣","蘇澳鎮","121.870","24.605","44"
"649","333474","20220727031000","506","2","宜蘭縣","蘇澳鎮","121.835","24.590","629"
"1018","333478","20220727031000","984","1","宜蘭縣","蘇澳鎮","121.835","24.595","1003"
"344","333479","20220727031000","320","1","宜蘭縣","蘇澳鎮","121.840","24.595","332"
"189","333488","20220727031000","136","2","宜蘭縣","蘇澳鎮","121.835","24.605","171"
"52","333492","20220727031000","40","2","宜蘭縣","蘇澳鎮","121.830","24.610","41"
"613","333495","20220727031000","540","1","宜蘭縣","蘇澳鎮","121.830","24.615","637"
"705","333504","20220727031000","657","1","宜蘭縣","五結鄉","121.835","24.650","688"
"414","333511","20220727031000","276","3","宜蘭縣","冬山鄉","121.795","24.640","413"
"53","333515","20220727031000","57","0","宜蘭縣","冬山鄉","121.780","24.650","44"
"241","333516","20220727031000","119","3","宜蘭縣","冬山鄉","121.785","24.650","258"
"623","333519","20220727031000","541","1","宜蘭縣","蘇澳鎮","121.835","24.620","619"
"1676","333520","20220727031000","1447","1","宜蘭縣","蘇澳鎮","121.840","24.620","1675"
"110","333521","20220727031000","88","2","宜蘭縣","蘇澳鎮","121.845","24.620","116"
"386","333522","20220727031000","378","1","宜蘭縣","蘇澳鎮","121.835","24.625","380"
"42","333545","20220727031000","35","2","宜蘭縣","蘇澳鎮","121.845","24.565","34"
"166","333557","20220727031000","152","1","宜蘭縣","蘇澳鎮","121.840","24.575","169"
"22","333558","20220727031000","14","3","宜蘭縣","蘇澳鎮","121.845","24.575","30"
"162","333564","20220727031000","217","0","宜蘭縣","蘇澳鎮","121.855","24.605","155"
"99","333566","20220727031000","69","2","宜蘭縣","蘇澳鎮","121.850","24.610","105"
"529","333569","20220727031000","458","1","宜蘭縣","蘇澳鎮","121.850","24.615","527"
"429","333653","20220727031000","381","1","宜蘭縣","三星鄉","121.615","24.650","448"
"583","333661","20220727031000","510","1","宜蘭縣","冬山鄉","121.805","24.640","612"
"136","333695","20220727031000","101","2","宜蘭縣","蘇澳鎮","121.850","24.575","127"
"23","333704","20220727031000","20","1","宜蘭縣","蘇澳鎮","121.845","24.580","20"
"21","333737","20220727031000","22","0","宜蘭縣","蘇澳鎮","121.815","24.610","20"
"147","333739","20220727031000","144","1","宜蘭縣","蘇澳鎮","121.815","24.615","163"
"57","333741","20220727031000","47","2","宜蘭縣","蘇澳鎮","121.825","24.615","58"
"404","333742","20220727031000","338","1","宜蘭縣","蘇澳鎮","121.815","24.620","437"
"205","333747","20220727031000","101","3","宜蘭縣","蘇澳鎮","121.830","24.625","196"
"985","333751","20220727031000","868","1","宜蘭縣","冬山鄉","121.765","24.650","1002"
"251","333753","20220727031000","371","0","宜蘭縣","冬山鄉","121.795","24.630","244"
"649","333754","20220727031000","637","1","宜蘭縣","冬山鄉","121.800","24.630","636"
"23","333764","20220727031000","34","0","宜蘭縣","冬山鄉","121.725","24.625","26"
"33","333769","20220727031000","21","3","宜蘭縣","冬山鄉","121.750","24.625","32"
"34","333770","20220727031000","17","3","宜蘭縣","冬山鄉","121.760","24.625","31"
"19","333774","20220727031000","62","0","宜蘭縣","冬山鄉","121.740","24.630","19"
"125","333781","20220727031000","145","0","宜蘭縣","冬山鄉","121.750","24.635","141"
"215","333789","20220727031000","184","1","宜蘭縣","冬山鄉","121.765","24.640","206"
"92","333791","20220727031000","90","1","宜蘭縣","冬山鄉","121.760","24.645","90"
"859","333802","20220727031000","676","2","宜蘭縣","冬山鄉","121.790","24.635","869"
"1281","333804","20220727031000","1045","2","宜蘭縣","冬山鄉","121.795","24.635","1276"
"1060","333809","20220727031000","543","3","宜蘭縣","蘇澳鎮","121.835","24.640","1040"
"84","333810","20220727031000","117","0","宜蘭縣","蘇澳鎮","121.840","24.640","91"
"695","333814","20220727031000","628","1","宜蘭縣","蘇澳鎮","121.830","24.630","710"
"630","333818","20220727031000","504","2","宜蘭縣","蘇澳鎮","121.830","24.640","612"
"654","333821","20220727031000","580","1","宜蘭縣","蘇澳鎮","121.830","24.645","666"
"58","333899","20220727031000","47","2","新竹縣","竹東鎮","121.095","24.645","52"
"139","334213","20220727031000","71","3","新竹縣","尖石鄉","121.340","24.650","133"
"60","334309","20220727031000","33","3","新竹縣","尖石鄉","121.310","24.570","71"
"121","334366","20220727031000","79","3","新竹縣","尖石鄉","121.305","24.580","116"
"113","334372","20220727031000","43","3","新竹縣","尖石鄉","121.335","24.580","110"
"38","334487","20220727031000","32","1","新竹縣","尖石鄉","121.290","24.605","44"
"265","334532","20220727031000","172","3","新竹縣","尖石鄉","121.295","24.610","299"
"44","334547","20220727031000","62","0","新竹縣","尖石鄉","121.285","24.615","39"
"24","334623","20220727031000","20","2","新竹縣","尖石鄉","121.275","24.640","27"
"39","334698","20220727031000","32","2","新竹縣","峨眉鄉","121.025","24.655","41"
"106","334723","20220727031000","96","1","宜蘭縣","蘇澳鎮","121.840","24.590","117"
"67","334725","20220727031000","65","1","宜蘭縣","蘇澳鎮","121.850","24.590","79"
"691","334726","20220727031000","661","1","宜蘭縣","蘇澳鎮","121.845","24.595","732"
"24","334737","20220727031000","27","0","新竹縣","五峰鄉","121.090","24.605","31"
"33","334763","20220727031000","26","2","新竹縣","五峰鄉","121.105","24.615","30"
"23","334770","20220727031000","19","2","新竹縣","五峰鄉","121.085","24.625","20"
"135","334783","20220727031000","96","2","新竹縣","五峰鄉","121.120","24.630","140"
"354","334790","20220727031000","305","1","新竹縣","五峰鄉","121.100","24.640","340"
"31","334829","20220727031000","17","3","新竹縣","五峰鄉","121.090","24.565","29"
"71","334868","20220727031000","51","2","新竹縣","五峰鄉","121.105","24.580","73"
"17","334869","20220727031000","15","1","新竹縣","五峰鄉","121.110","24.580","26"
"93","334891","20220727031000","63","2","新竹縣","五峰鄉","121.115","24.590","85"
"87","334969","20220727031000","62","2","新竹縣","五峰鄉","121.125","24.590","46"
"43","335076","20220727031000","22","3","新竹縣","五峰鄉","121.155","24.610","42"
"49","335109","20220727031000","52","0","新竹縣","五峰鄉","121.110","24.620","52"
"19","335134","20220727031000","19","1","新竹縣","五峰鄉","121.145","24.625","18"
"76","335187","20220727031000","65","1","新竹縣","五峰鄉","121.150","24.645","73"
"94","335195","20220727031000","71","2","新竹縣","竹東鎮","121.125","24.650","101"
"33","335200","20220727031000","44","0","新竹縣","五峰鄉","121.150","24.650","41"
"131","335230","20220727031000","94","2","新竹縣","五峰鄉","121.180","24.655","111"
"213","335366","20220727031000","116","3","桃園市","復興區","121.400","24.640","233"
"26","335480","20220727031000","21","2","苗栗縣","三灣鄉","120.960","24.610","25"
"87","335520","20220727031000","68","2","苗栗縣","三灣鄉","120.925","24.640","91"
"193","335553","20220727031000","219","0","苗栗縣","三灣鄉","121.005","24.645","205"
"85","335569","20220727031000","915","0","苗栗縣","三灣鄉","120.955","24.650","89"
"40","335581","20220727031000","25","3","苗栗縣","三灣鄉","120.945","24.655","38"
"92","335594","20220727031000","80","1","苗栗縣","三灣鄉","120.975","24.645","102"
"178","335619","20220727031000","161","1","苗栗縣","三灣鄉","120.905","24.625","173"
"353","335630","20220727031000","284","2","苗栗縣","後龍鎮","120.770","24.615","334"
"79","335632","20220727031000","53","2","苗栗縣","後龍鎮","120.765","24.620","71"
"328","335635","20220727031000","756","0","苗栗縣","後龍鎮","120.780","24.620","299"
"27","335639","20220727031000","632","0","苗栗縣","後龍鎮","120.780","24.625","29"
"433","335647","20220727031000","544","0","苗栗縣","苗栗市","120.830","24.560","435"
"271","335648","20220727031000","238","1","苗栗縣","苗栗市","120.835","24.560","256"
"738","335652","20220727031000","670","1","苗栗縣","苗栗市","120.825","24.585","774"
"99","335655","20220727031000","144","0","苗栗縣","苗栗市","120.815","24.595","120"
"157","335657","20220727031000","136","1","苗栗縣","苗栗市","120.825","24.595","192"
"774","335658","20220727031000","377","3","苗栗縣","苗栗市","120.825","24.575","761"
"1568","335660","20220727031000","1516","1","苗栗縣","苗栗市","120.825","24.580","1565"
"271","335662","20220727031000","256","1","苗栗縣","苗栗市","120.810","24.560","258"
"1731","335663","20220727031000","2231","0","苗栗縣","苗栗市","120.815","24.560","1671"
"10","335664","20220727031000","180","0","苗栗縣","苗栗市","120.805","24.565","10"
"183","335666","20220727031000","340","0","苗栗縣","通霄鎮","120.715","24.560","180"
"133","335669","20220727031000","54","3","苗栗縣","通霄鎮","120.715","24.565","65"
"186","335671","20220727031000","143","2","苗栗縣","通霄鎮","120.710","24.570","103"
"170","335675","20220727031000","161","1","苗栗縣","通霄鎮","120.710","24.565","145"
"104","335689","20220727031000","109","0","苗栗縣","南庄鄉","121.005","24.615","116"
"167","335701","20220727031000","103","3","苗栗縣","南庄鄉","121.010","24.635","168"
"1780","335706","20220727031000","1890","0","苗栗縣","苗栗市","120.820","24.565","1784"
"81","335707","20220727031000","957","0","苗栗縣","苗栗市","120.820","24.570","104"
"359","335708","20220727031000","422","0","苗栗縣","苗栗市","120.820","24.575","370"
"433","335717","20220727031000","405","1","苗栗縣","後龍鎮","120.775","24.650","435"
"22","335748","20220727031000","286","0","苗栗縣","南庄鄉","120.985","24.635","19"
"1061","335753","20220727031000","767","2","苗栗縣","苗栗市","120.830","24.575","1054"
"280","335754","20220727031000","158","3","苗栗縣","苗栗市","120.830","24.580","297"
"54","335762","20220727031000","1775","0","苗栗縣","苗栗市","120.830","24.570","60"
"1028","335763","20220727031000","820","2","苗栗縣","苗栗市","120.835","24.570","1057"
"22","335766","20220727031000","108","0","苗栗縣","苗栗市","120.840","24.575","22"
"482","335767","20220727031000","305","3","苗栗縣","苗栗市","120.835","24.580","491"
"288","335776","20220727031000","294","0","苗栗縣","頭屋鄉","120.845","24.595","283"
"59","335787","20220727031000","42","2","苗栗縣","頭屋鄉","120.860","24.570","57"
"316","335795","20220727031000","208","3","苗栗縣","頭屋鄉","120.855","24.580","302"
"156","335796","20220727031000","165","0","苗栗縣","頭屋鄉","120.860","24.580","167"
"21","335799","20220727031000","280","0","苗栗縣","頭屋鄉","120.875","24.580","18"
"31","335801","20220727031000","274","0","苗栗縣","頭屋鄉","120.850","24.570","27"
"61","335802","20220727031000","53","1","苗栗縣","頭屋鄉","120.855","24.570","62"
"424","335804","20220727031000","386","1","苗栗縣","頭屋鄉","120.850","24.575","424"
"56","335805","20220727031000","238","0","苗栗縣","頭屋鄉","120.855","24.575","61"
"105","335817","20220727031000","116","0","苗栗縣","後龍鎮","120.730","24.590","122"
"143","335832","20220727031000","124","1","苗栗縣","後龍鎮","120.735","24.605","145"
"28","335884","20220727031000","26","1","苗栗縣","南庄鄉","121.000","24.570","21"
"150","335931","20220727031000","144","1","苗栗縣","南庄鄉","121.015","24.595","153"
"407","335948","20220727031000","400","1","苗栗縣","南庄鄉","120.955","24.640","395"
"322","335954","20220727031000","308","1","苗栗縣","南庄鄉","121.000","24.600","329"
"385","335959","20220727031000","369","1","苗栗縣","南庄鄉","121.000","24.605","384"
"39","336014","20220727031000","30","2","苗栗縣","南庄鄉","121.035","24.585","34"
"13","336050","20220727031000","111","0","苗栗縣","南庄鄉","121.040","24.600","12"
"190","336097","20220727031000","149","2","苗栗縣","南庄鄉","121.035","24.620","165"
"47","336103","20220727031000","40","1","苗栗縣","南庄鄉","121.020","24.620","41"
"36","336149","20220727031000","171","0","苗栗縣","頭屋鄉","120.890","24.585","28"
"161","336180","20220727031000","146","1","苗栗縣","頭屋鄉","120.885","24.600","156"
"225","336185","20220727031000","208","1","苗栗縣","頭屋鄉","120.845","24.560","208"
"12","336218","20220727031000","19","0","苗栗縣","頭屋鄉","120.895","24.570","17"
"41","336244","20220727031000","322","0","苗栗縣","頭份鎮","120.880","24.645","37"
"183","336248","20220727031000","170","1","苗栗縣","頭份鎮","120.880","24.650","193"
"495","336249","20220727031000","410","2","苗栗縣","頭份鎮","120.885","24.650","503"
"735","336266","20220727031000","762","0","苗栗縣","後龍鎮","120.785","24.610","738"
"351","336274","20220727031000","296","1","苗栗縣","後龍鎮","120.820","24.615","327"
"39","336275","20220727031000","18","3","苗栗縣","後龍鎮","120.825","24.615","39"
"574","336278","20220727031000","546","1","苗栗縣","後龍鎮","120.810","24.620","581"
"164","336282","20220727031000","178","0","苗栗縣","造橋鄉","120.815","24.625","164"
"1806","336283","20220727031000","1462","2","苗栗縣","苗栗市","120.810","24.565","1893"
"1522","336284","20220727031000","1179","2","苗栗縣","苗栗市","120.815","24.565","1470"
"188","336285","20220727031000","165","1","苗栗縣","苗栗市","120.805","24.570","190"
"11","336287","20220727031000","329","0","苗栗縣","苗栗市","120.815","24.570","14"
"71","336288","20220727031000","70","1","苗栗縣","苗栗市","120.810","24.575","66"
"415","336292","20220727031000","389","1","苗栗縣","苗栗市","120.810","24.585","399"
"199","336295","20220727031000","162","2","苗栗縣","苗栗市","120.810","24.590","183"
"13","336306","20220727031000","11","1","苗栗縣","苗栗市","120.790","24.570","20"
"12","336318","20220727031000","17","0","苗栗縣","苗栗市","120.795","24.580","11"
"26","336323","20220727031000","32","0","苗栗縣","苗栗市","120.795","24.585","24"
"518","336331","20220727031000","875","0","苗栗縣","苗栗市","120.825","24.570","477"
"83","336352","20220727031000","569","0","苗栗縣","後龍鎮","120.805","24.645","85"
"147","336359","20220727031000","104","2","苗栗縣","後龍鎮","120.805","24.650","140"
"1957","336369","20220727031000","1520","2","苗栗縣","後龍鎮","120.790","24.610","1958"
"86","336376","20220727031000","415","0","苗栗縣","後龍鎮","120.810","24.610","88"
"167","336382","20220727031000","156","1","苗栗縣","後龍鎮","120.800","24.625","162"
"165","336386","20220727031000","123","2","苗栗縣","後龍鎮","120.800","24.630","143"
"281","336390","20220727031000","223","2","苗栗縣","後龍鎮","120.800","24.635","316"
"78","336395","20220727031000","67","1","苗栗縣","後龍鎮","120.825","24.605","81"
"166","336400","20220727031000","205","0","苗栗縣","後龍鎮","120.825","24.610","173"
"25","336426","20220727031000","352","0","苗栗縣","造橋鄉","120.890","24.620","39"
"93","336440","20220727031000","73","2","苗栗縣","造橋鄉","120.925","24.600","89"
"80","336466","20220727031000","51","3","苗栗縣","造橋鄉","120.910","24.620","75"
"36","336470","20220727031000","87","0","苗栗縣","造橋鄉","120.865","24.605","30"
"88","336492","20220727031000","72","2","苗栗縣","造橋鄉","120.855","24.620","72"
"25","336494","20220727031000","15","3","苗栗縣","造橋鄉","120.865","24.620","21"
"23","336501","20220727031000","153","0","苗栗縣","造橋鄉","120.865","24.630","27"
"36","336504","20220727031000","24","3","苗栗縣","造橋鄉","120.860","24.645","29"
"231","336507","20220727031000","187","2","苗栗縣","造橋鄉","120.870","24.650","225"
"316","336511","20220727031000","174","3","苗栗縣","造橋鄉","120.860","24.655","304"
"114","336512","20220727031000","77","2","苗栗縣","造橋鄉","120.865","24.655","110"
"239","336520","20220727031000","121","3","苗栗縣","造橋鄉","120.850","24.645","210"
"232","336523","20220727031000","227","1","苗栗縣","造橋鄉","120.845","24.650","206"
"151","336526","20220727031000","231","0","苗栗縣","造橋鄉","120.840","24.650","150"
"80","336531","20220727031000","96","0","苗栗縣","造橋鄉","120.855","24.655","66"
"177","336542","20220727031000","199","0","苗栗縣","造橋鄉","120.840","24.610","168"
"14","336543","20220727031000","10","2","苗栗縣","造橋鄉","120.845","24.610","13"
"48","336546","20220727031000","28","3","苗栗縣","造橋鄉","120.840","24.615","49"
"15","336549","20220727031000","13","1","苗栗縣","造橋鄉","120.830","24.620","11"
"144","336556","20220727031000","118","2","苗栗縣","造橋鄉","120.840","24.625","121"
"37","336559","20220727031000","35","1","苗栗縣","造橋鄉","120.855","24.625","37"
"13","336568","20220727031000","16","0","苗栗縣","造橋鄉","120.855","24.640","13"
"53","336569","20220727031000","46","1","苗栗縣","造橋鄉","120.860","24.640","50"
"302","336572","20220727031000","328","0","苗栗縣","造橋鄉","120.875","24.640","306"
"219","336573","20220727031000","151","2","苗栗縣","造橋鄉","120.865","24.645","211"
"90","336574","20220727031000","97","0","苗栗縣","造橋鄉","120.870","24.645","91"
"62","336587","20220727031000","33","3","苗栗縣","造橋鄉","120.820","24.630","72"
"12","336597","20220727031000","134","0","苗栗縣","造橋鄉","120.825","24.640","12"
"24","336604","20220727031000","25","0","苗栗縣","造橋鄉","120.840","24.645","25"
"119","336605","20220727031000","52","3","苗栗縣","造橋鄉","120.830","24.650","115"
"74","336610","20220727031000","58","2","苗栗縣","造橋鄉","120.840","24.655","76"
"306","336662","20220727031000","211","2","苗栗縣","獅潭鄉","120.940","24.590","283"
"1260","336672","20220727031000","987","2","苗栗縣","頭份鎮","120.890","24.625","1273"
"264","336679","20220727031000","226","1","苗栗縣","頭份鎮","120.885","24.635","263"
"211","336689","20220727031000","117","3","苗栗縣","頭份鎮","120.885","24.645","204"
"18","336694","20220727031000","15","2","苗栗縣","頭份鎮","120.905","24.650","20"
"173","336696","20220727031000","97","3","苗栗縣","後龍鎮","120.815","24.635","139"
"168","336716","20220727031000","148","1","苗栗縣","後龍鎮","120.765","24.590","167"
"155","336717","20220727031000","101","3","苗栗縣","後龍鎮","120.750","24.595","151"
"196","336734","20220727031000","145","2","苗栗縣","後龍鎮","120.760","24.635","200"
"24","336737","20220727031000","30","0","苗栗縣","後龍鎮","120.775","24.635","25"
"125","336741","20220727031000","124","1","苗栗縣","後龍鎮","120.770","24.640","124"
"431","336749","20220727031000","377","1","苗栗縣","後龍鎮","120.825","24.600","400"
"190","336751","20220727031000","276","0","苗栗縣","後龍鎮","120.815","24.605","179"
"138","336767","20220727031000","144","0","苗栗縣","後龍鎮","120.790","24.590","133"
"48","336777","20220727031000","314","0","苗栗縣","後龍鎮","120.780","24.600","34"
"200","336816","20220727031000","317","0","苗栗縣","西湖鄉","120.755","24.560","200"
"356","336818","20220727031000","301","1","苗栗縣","西湖鄉","120.755","24.565","368"
"33","336841","20220727031000","632","0","苗栗縣","後龍鎮","120.790","24.615","34"
"250","336849","20220727031000","233","1","苗栗縣","後龍鎮","120.735","24.570","220"
"55","336860","20220727031000","48","1","苗栗縣","後龍鎮","120.715","24.585","56"
"83","336867","20220727031000","66","2","苗栗縣","後龍鎮","120.725","24.590","82"
"19","336873","20220727031000","10","3","苗栗縣","後龍鎮","120.725","24.600","23"
"1159","345384","20220727031000","884","2","宜蘭縣","員山鄉","121.730","24.730","1148"
"718","345386","20220727031000","493","2","宜蘭縣","冬山鄉","121.750","24.655","705"
"964","345394","20220727031000","855","1","宜蘭縣","員山鄉","121.725","24.740","958"
"866","345398","20220727031000","762","1","宜蘭縣","員山鄉","121.725","24.745","853"
"193","345405","20220727031000","168","1","宜蘭縣","員山鄉","121.705","24.730","180"
"288","345413","20220727031000","150","3","宜蘭縣","員山鄉","121.715","24.735","276"
"361","345414","20220727031000","346","1","宜蘭縣","員山鄉","121.720","24.735","353"
"18","345418","20220727031000","474","0","宜蘭縣","宜蘭市","121.760","24.755","23"
"890","345419","20220727031000","1160","0","宜蘭縣","宜蘭市","121.755","24.755","952"
"292","345420","20220727031000","243","2","宜蘭縣","員山鄉","121.730","24.710","282"
"622","345431","20220727031000","482","2","宜蘭縣","宜蘭市","121.740","24.725","623"
"60","345442","20220727031000","50","2","宜蘭縣","員山鄉","121.630","24.690","65"
"14","345460","20220727031000","27","0","宜蘭縣","員山鄉","121.645","24.700","18"
"105","345472","20220727031000","78","2","宜蘭縣","員山鄉","121.645","24.705","104"
"68","345493","20220727031000","58","1","宜蘭縣","員山鄉","121.665","24.710","69"
"44","345545","20220727031000","58","0","宜蘭縣","員山鄉","121.680","24.715","38"
"348","345546","20220727031000","245","2","宜蘭縣","員山鄉","121.685","24.715","339"
"411","345550","20220727031000","324","2","宜蘭縣","員山鄉","121.685","24.720","404"
"1014","345564","20220727031000","721","2","宜蘭縣","冬山鄉","121.705","24.655","1021"
"457","345567","20220727031000","419","1","宜蘭縣","冬山鄉","121.745","24.670","496"
"21","345571","20220727031000","300","0","宜蘭縣","羅東鎮","121.750","24.685","29"
"20","345574","20220727031000","12","3","宜蘭縣","冬山鄉","121.730","24.660","17"
"443","345575","20220727031000","312","2","宜蘭縣","冬山鄉","121.735","24.660","441"
"503","345579","20220727031000","395","2","宜蘭縣","冬山鄉","121.745","24.665","466"
"592","345580","20220727031000","315","3","宜蘭縣","冬山鄉","121.750","24.670","615"
"475","345593","20220727031000","293","3","宜蘭縣","冬山鄉","121.735","24.680","476"
"317","345596","20220727031000","242","2","宜蘭縣","冬山鄉","121.730","24.685","307"
"512","345600","20220727031000","215","3","宜蘭縣","冬山鄉","121.740","24.690","502"
"262","345608","20220727031000","195","2","宜蘭縣","壯圍鄉","121.780","24.725","260"
"617","345621","20220727031000","376","3","宜蘭縣","宜蘭市","121.755","24.765","611"
"200","345623","20220727031000","396","0","宜蘭縣","三星鄉","121.685","24.700","207"
"260","345646","20220727031000","217","1","宜蘭縣","五結鄉","121.775","24.700","255"
"50","345649","20220727031000","167","0","宜蘭縣","五結鄉","121.790","24.700","38"
"300","345652","20220727031000","226","2","宜蘭縣","五結鄉","121.785","24.705","326"
"336","345678","20220727031000","280","2","宜蘭縣","三星鄉","121.675","24.685","320"
"457","345685","20220727031000","368","2","宜蘭縣","三星鄉","121.670","24.690","485"
"38","345695","20220727031000","130","0","宜蘭縣","三星鄉","121.685","24.695","31"
"284","345711","20220727031000","195","2","宜蘭縣","三星鄉","121.630","24.665","255"
"959","345715","20220727031000","971","0","宜蘭縣","宜蘭市","121.755","24.760","978"
"514","345716","20220727031000","414","2","宜蘭縣","三星鄉","121.655","24.670","516"
"1342","345720","20220727031000","1212","1","宜蘭縣","三星鄉","121.650","24.665","1378"
"925","345726","20220727031000","993","0","宜蘭縣","壯圍鄉","121.815","24.760","945"
"264","345731","20220727031000","175","3","宜蘭縣","大同鄉","121.600","24.675","245"
"165","345738","20220727031000","150","1","宜蘭縣","大同鄉","121.610","24.680","174"
"123","345857","20220727031000","100","2","宜蘭縣","大同鄉","121.580","24.655","126"
"224","345897","20220727031000","113","3","宜蘭縣","大同鄉","121.590","24.665","190"
"41","345918","20220727031000","23","3","宜蘭縣","大同鄉","121.590","24.670","38"
"393","345998","20220727031000","402","0","宜蘭縣","宜蘭市","121.745","24.760","400"
"411","346004","20220727031000","427","0","宜蘭縣","壯圍鄉","121.820","24.725","421"
"486","346010","20220727031000","465","1","宜蘭縣","員山鄉","121.685","24.730","482"
"414","346029","20220727031000","241","3","宜蘭縣","員山鄉","121.705","24.710","441"
"124","346033","20220727031000","111","1","宜蘭縣","員山鄉","121.725","24.710","131"
"1205","346041","20220727031000","798","3","宜蘭縣","員山鄉","121.720","24.725","1162"
"279","346048","20220727031000","251","1","宜蘭縣","員山鄉","121.700","24.745","300"
"24","346150","20220727031000","19","2","宜蘭縣","員山鄉","121.670","24.745","22"
"304","346153","20220727031000","217","2","宜蘭縣","員山鄉","121.685","24.745","312"
"18","346174","20220727031000","24","0","宜蘭縣","員山鄉","121.590","24.755","12"
"24","346184","20220727031000","29","0","宜蘭縣","員山鄉","121.640","24.755","25"
"217","346231","20220727031000","184","1","宜蘭縣","冬山鄉","121.790","24.655","218"
"470","346234","20220727031000","393","1","宜蘭縣","冬山鄉","121.805","24.655","458"
"657","346247","20220727031000","654","1","宜蘭縣","羅東鎮","121.775","24.685","669"
"300","346248","20220727031000","303","0","宜蘭縣","五結鄉","121.775","24.690","310"
"853","346251","20220727031000","618","2","宜蘭縣","五結鄉","121.770","24.695","875"
"390","346252","20220727031000","300","2","宜蘭縣","五結鄉","121.775","24.695","385"
"2530","346254","20220727031000","2371","1","宜蘭縣","羅東鎮","121.770","24.680","2650"
"36","346256","20220727031000","30","2","宜蘭縣","員山鄉","121.720","24.760","42"
"2771","346259","20220727031000","2125","2","宜蘭縣","五結鄉","121.770","24.705","2843"
"1182","346261","20220727031000","634","3","宜蘭縣","五結鄉","121.785","24.685","1189"
"2040","346263","20220727031000","1874","1","宜蘭縣","五結鄉","121.795","24.685","2077"
"1071","346264","20220727031000","926","1","宜蘭縣","五結鄉","121.800","24.685","1054"
"1424","346266","20220727031000","1227","1","宜蘭縣","五結鄉","121.795","24.690","1408"
"763","346267","20220727031000","651","1","宜蘭縣","五結鄉","121.795","24.695","787"
"815","346274","20220727031000","973","0","宜蘭縣","五結鄉","121.820","24.665","837"
"16","346275","20220727031000","14","1","宜蘭縣","五結鄉","121.825","24.665","16"
"696","346280","20220727031000","519","2","宜蘭縣","五結鄉","121.810","24.675","670"
"133","346281","20220727031000","111","1","宜蘭縣","五結鄉","121.815","24.675","125"
"479","346284","20220727031000","399","2","宜蘭縣","五結鄉","121.815","24.680","441"
"245","346286","20220727031000","163","3","宜蘭縣","五結鄉","121.800","24.680","230"
"34","346292","20220727031000","242","0","宜蘭縣","壯圍鄉","121.795","24.760","47"
"21","346296","20220727031000","14","3","宜蘭縣","三星鄉","121.665","24.675","20"
"20","346343","20220727031000","17","1","宜蘭縣","三星鄉","121.700","24.695","19"
"265","346360","20220727031000","310","0","宜蘭縣","壯圍鄉","121.815","24.745","269"
"42","346378","20220727031000","27","3","宜蘭縣","壯圍鄉","121.805","24.765","39"
"1990","346379","20220727031000","2071","0","宜蘭縣","宜蘭市","121.750","24.750","1985"
"462","346389","20220727031000","333","2","宜蘭縣","五結鄉","121.810","24.700","431"
"169","346394","20220727031000","199","0","宜蘭縣","五結鄉","121.830","24.675","169"
"425","346399","20220727031000","598","0","宜蘭縣","五結鄉","121.825","24.680","426"
"33","346400","20220727031000","81","0","宜蘭縣","五結鄉","121.830","24.680","34"
"17","346401","20220727031000","18","0","宜蘭縣","五結鄉","121.835","24.680","18"
"53","346403","20220727031000","50","1","宜蘭縣","五結鄉","121.825","24.685","50"
"144","346413","20220727031000","139","1","宜蘭縣","五結鄉","121.835","24.660","145"
"140","346416","20220727031000","96","2","宜蘭縣","五結鄉","121.835","24.665","164"
"649","346420","20220727031000","790","0","宜蘭縣","五結鄉","121.795","24.680","637"
"758","346421","20220727031000","542","2","宜蘭縣","五結鄉","121.800","24.675","764"
"678","346423","20220727031000","379","3","宜蘭縣","五結鄉","121.785","24.680","674"
"701","346429","20220727031000","326","3","宜蘭縣","冬山鄉","121.775","24.660","690"
"240","346430","20220727031000","343","0","宜蘭縣","冬山鄉","121.770","24.665","233"
"335","346431","20220727031000","478","0","宜蘭縣","宜蘭市","121.745","24.755","318"
"641","346436","20220727031000","572","1","宜蘭縣","宜蘭市","121.750","24.740","678"
"868","346437","20220727031000","799","1","宜蘭縣","宜蘭市","121.750","24.760","851"
"51","346440","20220727031000","86","0","宜蘭縣","冬山鄉","121.765","24.665","53"
"289","346442","20220727031000","272","1","宜蘭縣","冬山鄉","121.780","24.660","300"
"557","346443","20220727031000","401","2","宜蘭縣","冬山鄉","121.785","24.660","540"
"165","346456","20220727031000","131","2","宜蘭縣","宜蘭市","121.770","24.720","167"
"987","346457","20220727031000","720","2","宜蘭縣","宜蘭市","121.760","24.720","978"
"244","346458","20220727031000","198","2","宜蘭縣","宜蘭市","121.765","24.720","263"
"156","346461","20220727031000","136","1","宜蘭縣","五結鄉","121.820","24.695","162"
"172","346470","20220727031000","97","3","宜蘭縣","五結鄉","121.810","24.705","176"
"566","346472","20220727031000","474","1","宜蘭縣","五結鄉","121.820","24.705","591"
"234","346534","20220727031000","199","1","宜蘭縣","三星鄉","121.680","24.665","233"
"357","346538","20220727031000","252","2","宜蘭縣","三星鄉","121.680","24.670","321"
"426","346540","20220727031000","434","0","宜蘭縣","宜蘭市","121.740","24.760","445"
"303","346545","20220727031000","756","0","宜蘭縣","員山鄉","121.710","24.750","311"
"347","346553","20220727031000","224","3","宜蘭縣","員山鄉","121.715","24.760","340"
"675","346555","20220727031000","542","2","宜蘭縣","羅東鎮","121.765","24.690","626"
"535","346556","20220727031000","603","0","宜蘭縣","五結鄉","121.770","24.690","541"
"357","346558","20220727031000","222","3","宜蘭縣","壯圍鄉","121.800","24.730","349"
"1919","346566","20220727031000","1432","2","宜蘭縣","壯圍鄉","121.785","24.745","1859"
"382","346572","20220727031000","365","1","宜蘭縣","三星鄉","121.690","24.680","395"
"109","346599","20220727031000","285","0","宜蘭縣","三星鄉","121.700","24.665","109"
"661","346607","20220727031000","483","2","宜蘭縣","三星鄉","121.710","24.670","652"
"609","346608","20220727031000","534","1","宜蘭縣","三星鄉","121.715","24.670","615"
"315","346611","20220727031000","223","2","宜蘭縣","冬山鄉","121.730","24.670","309"
"612","346626","20220727031000","726","0","宜蘭縣","員山鄉","121.725","24.765","577"
"1700","346628","20220727031000","3058","0","宜蘭縣","羅東鎮","121.770","24.675","1884"
"3256","346629","20220727031000","2916","1","宜蘭縣","羅東鎮","121.760","24.680","3280"
"2213","346630","20220727031000","2178","1","宜蘭縣","羅東鎮","121.760","24.675","2267"
"526","346634","20220727031000","382","2","宜蘭縣","宜蘭市","121.775","24.735","539"
"869","346635","20220727031000","714","2","宜蘭縣","宜蘭市","121.765","24.740","851"
"1497","346642","20220727031000","1604","0","宜蘭縣","宜蘭市","121.770","24.750","1421"
"10","346652","20220727031000","68","0","宜蘭縣","壯圍鄉","121.805","24.720","13"
"1676","346668","20220727031000","1110","3","宜蘭縣","宜蘭市","121.750","24.755","1706"
"863","346672","20220727031000","835","1","宜蘭縣","冬山鄉","121.770","24.655","871"
"1064","346673","20220727031000","924","1","宜蘭縣","冬山鄉","121.755","24.660","1041"
"482","346674","20220727031000","435","1","宜蘭縣","冬山鄉","121.760","24.660","504"
"691","346675","20220727031000","488","2","宜蘭縣","冬山鄉","121.765","24.660","703"
"1034","346678","20220727031000","896","1","宜蘭縣","羅東鎮","121.780","24.675","1136"
"478","346684","20220727031000","451","1","宜蘭縣","宜蘭市","121.770","24.725","473"
"441","346685","20220727031000","332","2","宜蘭縣","宜蘭市","121.765","24.725","438"
"1967","346692","20220727031000","1560","2","宜蘭縣","宜蘭市","121.755","24.745","1921"
"567","346698","20220727031000","269","3","宜蘭縣","三星鄉","121.725","24.690","570"
"548","346702","20220727031000","450","2","宜蘭縣","三星鄉","121.730","24.695","542"
"660","346710","20220727031000","596","1","宜蘭縣","羅東鎮","121.755","24.670","645"
"677","346712","20220727031000","754","0","宜蘭縣","羅東鎮","121.765","24.670","707"
"752","346713","20220727031000","618","2","宜蘭縣","五結鄉","121.800","24.690","803"
"1111","346714","20220727031000","937","1","宜蘭縣","五結鄉","121.800","24.695","1114"
"385","346718","20220727031000","440","0","宜蘭縣","五結鄉","121.790","24.705","413"
"269","346731","20220727031000","277","0","宜蘭縣","三星鄉","121.745","24.700","265"
"2442","346739","20220727031000","2363","1","新竹縣","竹東鎮","121.100","24.720","2452"
"71","346747","20220727031000","54","2","新竹縣","竹東鎮","121.035","24.760","76"
"2803","346754","20220727031000","2036","2","新竹縣","竹東鎮","121.090","24.745","2820"
"285","346790","20220727031000","894","0","新竹市","香山區","120.955","24.750","864"
"97","346791","20220727031000","103","0","新竹市","香山區","120.940","24.755","86"
"294","346792","20220727031000","201","2","新竹市","香山區","120.945","24.755","279"
"1044","346793","20220727031000","1211","0","新竹市","香山區","120.950","24.755","588"
"174","346794","20220727031000","118","2","新竹市","香山區","120.920","24.720","179"
"547","346797","20220727031000","459","1","新竹市","香山區","120.915","24.730","511"
"296","346804","20220727031000","235","2","新竹市","香山區","120.915","24.735","289"
"393","346806","20220727031000","355","1","新竹市","香山區","120.915","24.740","400"
"1135","346812","20220727031000","860","2","新竹市","香山區","120.910","24.745","1144"
"102","346817","20220727031000","125","0","新竹市","香山區","120.880","24.735","96"
"338","346825","20220727031000","303","1","新竹市","香山區","120.895","24.740","323"
"21","346835","20220727031000","101","0","新竹市","香山區","120.925","24.715","21"
"24","346841","20220727031000","111","0","新竹市","香山區","120.930","24.725","24"
"161","346860","20220727031000","97","3","新竹縣","關西鎮","121.210","24.760","110"
"38","346863","20220727031000","36","1","新竹縣","關西鎮","121.225","24.760","34"
"97","346867","20220727031000","50","3","新竹縣","關西鎮","121.215","24.765","71"
"127","346868","20220727031000","80","3","新竹縣","關西鎮","121.220","24.765","115"
"105","346896","20220727031000","73","2","新竹縣","關西鎮","121.240","24.765","111"
"263","346907","20220727031000","155","3","新竹縣","關西鎮","121.230","24.770","251"
"1545","346918","20220727031000","1384","1","新竹市","東區","121.020","24.760","1528"
"62","346919","20220727031000","87","0","新竹市","東區","121.025","24.760","71"
"461","346920","20220727031000","533","0","新竹市","東區","121.020","24.765","477"
"877","346921","20220727031000","908","0","新竹市","東區","121.025","24.765","915"
"5048","346922","20220727031000","4057","2","新竹市","東區","121.015","24.770","5024"
"1188","346923","20220727031000","1542","0","新竹市","東區","121.020","24.770","1105"
"370","346924","20220727031000","320","1","新竹市","東區","121.025","24.770","343"
"121","346931","20220727031000","704","0","新竹縣","竹東鎮","121.090","24.735","115"
"178","346936","20220727031000","346","0","新竹縣","橫山鄉","121.100","24.710","162"
"800","346937","20220727031000","766","1","新竹縣","竹東鎮","121.100","24.715","845"
"414","346949","20220727031000","382","1","新竹縣","橫山鄉","121.180","24.705","419"
"203","346961","20220727031000","200","1","新竹縣","橫山鄉","121.165","24.710","208"
"187","346964","20220727031000","156","1","新竹縣","橫山鄉","121.150","24.715","168"
"12","346967","20220727031000","41","0","新竹縣","橫山鄉","121.165","24.715","14"
"1433","347497","20220727031000","1269","1","新竹市","東區","120.975","24.765","1003"
"228","347498","20220727031000","564","0","新竹市","東區","120.980","24.765","895"
"369","347499","20220727031000","306","2","新竹市","東區","120.970","24.770","376"
"1953","347500","20220727031000","1629","1","新竹市","東區","120.975","24.770","1897"
"380","347505","20220727031000","297","2","新竹市","東區","120.965","24.765","407"
"1038","347506","20220727031000","949","1","新竹市","東區","120.970","24.765","999"
"85","347507","20220727031000","84","1","新竹市","東區","120.965","24.770","71"
"1203","347508","20220727031000","946","2","新竹縣","竹東鎮","121.085","24.735","1203"
"338","347515","20220727031000","509","0","新竹縣","竹東鎮","121.075","24.725","322"
"380","347520","20220727031000","398","0","新竹縣","竹東鎮","121.090","24.730","386"
"1504","347521","20220727031000","1304","1","新竹縣","竹東鎮","121.085","24.740","1470"
"1051","347522","20220727031000","851","2","新竹縣","竹東鎮","121.100","24.745","1021"
"480","347533","20220727031000","409","1","新竹縣","芎林鄉","121.125","24.725","462"
"343","347538","20220727031000","314","1","新竹縣","芎林鄉","121.120","24.735","334"
"166","347547","20220727031000","156","1","新竹縣","芎林鄉","121.135","24.745","161"
"50","347555","20220727031000","44","1","新竹縣","芎林鄉","121.140","24.750","52"
"87","347573","20220727031000","71","2","新竹縣","關西鎮","121.185","24.755","83"
"31","347587","20220727031000","37","0","新竹縣","關西鎮","121.205","24.765","31"
"30","347621","20220727031000","22","2","新竹縣","關西鎮","121.195","24.750","26"
"35","347640","20220727031000","67","0","新竹縣","關西鎮","121.180","24.745","34"
"45","347650","20220727031000","40","1","新竹縣","關西鎮","121.170","24.755","39"
"127","347665","20220727031000","76","3","新竹縣","關西鎮","121.170","24.765","127"
"169","347670","20220727031000","149","1","新竹縣","關西鎮","121.170","24.770","177"
"2937","347702","20220727031000","2797","1","新竹縣","竹東鎮","121.090","24.740","2921"
"266","347705","20220727031000","259","1","新竹縣","竹東鎮","121.100","24.695","256"
"1535","347714","20220727031000","1441","1","新竹縣","竹東鎮","121.050","24.770","1565"
"169","347720","20220727031000","110","3","新竹縣","寶山鄉","121.030","24.735","153"
"13","347723","20220727031000","89","0","新竹縣","寶山鄉","121.020","24.740","13"
"115","347740","20220727031000","179","0","新竹縣","寶山鄉","121.030","24.750","125"
"106","347774","20220727031000","66","3","新竹縣","寶山鄉","121.050","24.730","109"
"142","347788","20220727031000","77","3","新竹縣","寶山鄉","121.040","24.745","129"
"99","347794","20220727031000","90","1","新竹縣","寶山鄉","121.045","24.745","101"
"24","347799","20220727031000","16","3","新竹縣","寶山鄉","121.050","24.750","22"
"191","347805","20220727031000","170","1","新竹縣","寶山鄉","120.960","24.725","199"
"141","347806","20220727031000","114","2","新竹縣","寶山鄉","120.965","24.725","136"
"29","347808","20220727031000","16","3","新竹縣","寶山鄉","120.975","24.725","31"
"186","347809","20220727031000","188","0","新竹縣","寶山鄉","120.980","24.725","183"
"270","347812","20220727031000","308","0","新竹縣","寶山鄉","120.965","24.730","227"
"11","347817","20220727031000","14","0","新竹縣","寶山鄉","120.965","24.735","10"
"17","347818","20220727031000","14","2","新竹縣","寶山鄉","120.970","24.735","15"
"63","347821","20220727031000","54","1","新竹縣","寶山鄉","120.985","24.735","69"
"123","347823","20220727031000","94","2","新竹縣","寶山鄉","120.970","24.740","117"
"97","347832","20220727031000","90","1","新竹縣","寶山鄉","120.980","24.745","102"
"228","347835","20220727031000","209","1","新竹縣","寶山鄉","120.980","24.755","234"
"83","347842","20220727031000","73","1","新竹縣","寶山鄉","121.000","24.715","77"
"112","347845","20220727031000","82","2","新竹縣","寶山鄉","121.015","24.715","117"
"508","347878","20220727031000","483","1","新竹縣","寶山鄉","120.940","24.725","503"
"52","347882","20220727031000","48","1","新竹縣","寶山鄉","120.945","24.740","54"
"129","347889","20220727031000","136","0","新竹縣","寶山鄉","120.960","24.745","137"
"1335","347925","20220727031000","1186","1","新竹縣","北埔鄉","121.055","24.695","1359"
"162","347926","20220727031000","134","2","新竹縣","北埔鄉","121.045","24.700","162"
"388","347927","20220727031000","231","3","新竹縣","北埔鄉","121.050","24.700","412"
"49","347930","20220727031000","42","1","新竹縣","北埔鄉","121.045","24.705","46"
"21","347931","20220727031000","24","0","新竹縣","北埔鄉","121.050","24.705","28"
"76","347934","20220727031000","60","2","新竹縣","北埔鄉","121.045","24.715","66"
"291","347949","20220727031000","217","2","新竹縣","北埔鄉","121.065","24.675","304"
"460","347958","20220727031000","370","2","新竹縣","橫山鄉","121.130","24.725","444"
"40","347972","20220727031000","276","0","新竹縣","橫山鄉","121.140","24.715","30"
"495","347976","20220727031000","362","2","新竹縣","橫山鄉","121.140","24.720","403"
"33","347986","20220727031000","17","3","新竹縣","橫山鄉","121.130","24.700","22"
"75","347995","20220727031000","144","0","新竹縣","橫山鄉","121.115","24.710","74"
"487","348000","20220727031000","392","2","新竹縣","橫山鄉","121.110","24.715","490"
"143","348001","20220727031000","129","1","新竹縣","橫山鄉","121.115","24.715","126"
"27","348006","20220727031000","160","0","新竹縣","橫山鄉","121.115","24.720","24"
"538","348007","20220727031000","708","0","新竹縣","橫山鄉","121.120","24.720","510"
"13","348008","20220727031000","34","0","新竹縣","橫山鄉","121.125","24.720","14"
"321","348022","20220727031000","258","2","新竹縣","橫山鄉","121.160","24.740","327"
"135","348032","20220727031000","76","3","新竹縣","橫山鄉","121.165","24.745","134"
"55","348040","20220727031000","32","3","新竹縣","橫山鄉","121.105","24.680","56"
"67","348074","20220727031000","55","2","新竹縣","橫山鄉","121.165","24.730","65"
"20","348083","20220727031000","19","1","新竹縣","橫山鄉","121.180","24.735","19"
"12","348089","20220727031000","12","1","新竹縣","關西鎮","121.185","24.740","16"
"319","348136","20220727031000","139","3","新竹縣","橫山鄉","121.140","24.700","256"
"1145","348137","20220727031000","1088","1","新竹縣","竹東鎮","121.095","24.735","1106"
"1612","348138","20220727031000","1604","1","新竹縣","竹東鎮","121.100","24.735","1672"
"38","348144","20220727031000","33","1","新竹縣","芎林鄉","121.110","24.770","38"
"707","348163","20220727031000","613","1","新竹縣","芎林鄉","121.085","24.765","715"
"17","348164","20220727031000","21","0","新竹縣","芎林鄉","121.085","24.770","14"
"436","348165","20220727031000","420","1","新竹縣","芎林鄉","121.095","24.760","458"
"95","348190","20220727031000","59","3","新竹縣","芎林鄉","121.125","24.755","84"
"13","348191","20220727031000","12","1","新竹縣","芎林鄉","121.130","24.755","11"
"268","348207","20220727031000","217","2","新竹縣","寶山鄉","120.985","24.750","204"
"246","348212","20220727031000","249","0","新竹縣","寶山鄉","120.995","24.755","239"
"1622","348213","20220727031000","1203","2","新竹縣","寶山鄉","120.985","24.760","1616"
"801","348217","20220727031000","782","1","新竹縣","寶山鄉","120.990","24.765","807"
"158","348225","20220727031000","144","1","新竹縣","尖石鄉","121.200","24.705","166"
"14","348257","20220727031000","22","0","新竹縣","尖石鄉","121.235","24.720","14"
"62","348272","20220727031000","41","3","新竹縣","尖石鄉","121.225","24.730","67"
"82","348276","20220727031000","45","3","新竹縣","尖石鄉","121.245","24.730","78"
"46","348320","20220727031000","27","3","新竹縣","尖石鄉","121.260","24.705","48"
"130","348345","20220727031000","116","1","新竹縣","尖石鄉","121.270","24.715","122"
"160","348353","20220727031000","106","3","新竹縣","尖石鄉","121.250","24.720","155"
"97","348419","20220727031000","92","1","新竹縣","尖石鄉","121.265","24.745","96"
"40","348461","20220727031000","31","2","新竹縣","尖石鄉","121.185","24.665","38"
"68","348468","20220727031000","48","2","新竹縣","尖石鄉","121.195","24.670","67"
"32","348469","20220727031000","29","1","新竹縣","尖石鄉","121.200","24.670","36"
"55","348470","20220727031000","44","2","新竹縣","尖石鄉","121.205","24.670","59"
"102","348506","20220727031000","53","3","新竹縣","尖石鄉","121.350","24.660","110"
"79","348549","20220727031000","43","3","新竹縣","尖石鄉","121.310","24.685","73"
"173","348577","20220727031000","118","2","新竹縣","尖石鄉","121.280","24.665","173"
"145","348584","20220727031000","136","1","新竹縣","五峰鄉","121.150","24.670","151"
"60","348588","20220727031000","41","2","新竹縣","尖石鄉","121.170","24.670","41"
"35","348599","20220727031000","29","2","新竹縣","尖石鄉","121.170","24.680","51"
"89","348600","20220727031000","85","1","新竹縣","尖石鄉","121.175","24.680","70"
"17","348608","20220727031000","15","1","新竹縣","尖石鄉","121.185","24.685","21"
"21","348708","20220727031000","11","3","新竹縣","尖石鄉","121.235","24.680","17"
"163","348711","20220727031000","80","3","新竹縣","尖石鄉","121.250","24.680","173"
"61","348720","20220727031000","107","0","新竹縣","尖石鄉","121.220","24.685","70"
"321","348785","20220727031000","160","3","新竹縣","尖石鄉","121.220","24.705","292"
"54","348819","20220727031000","48","1","新竹縣","峨眉鄉","121.035","24.695","47"
"73","348820","20220727031000","165","0","新竹縣","北埔鄉","121.040","24.695","66"
"96","348822","20220727031000","84","1","新竹縣","峨眉鄉","121.035","24.700","109"
"74","348831","20220727031000","82","0","新竹縣","峨眉鄉","120.985","24.685","85"
"36","348834","20220727031000","35","1","新竹縣","峨眉鄉","120.970","24.690","33"
"130","348838","20220727031000","120","1","新竹縣","峨眉鄉","120.990","24.690","129"
"58","348845","20220727031000","45","2","新竹縣","峨眉鄉","120.985","24.700","61"
"28","348851","20220727031000","36","0","新竹縣","峨眉鄉","120.990","24.705","31"
"433","348861","20220727031000","337","2","新竹縣","峨眉鄉","121.025","24.685","433"
"254","348863","20220727031000","205","2","新竹縣","峨眉鄉","121.020","24.690","242"
"145","348870","20220727031000","175","0","新竹縣","北埔鄉","121.055","24.685","134"
"145","348889","20220727031000","117","2","新竹縣","北埔鄉","121.090","24.690","160"
"100","348892","20220727031000","58","3","新竹縣","北埔鄉","121.070","24.695","102"
"563","348909","20220727031000","480","1","新竹縣","北埔鄉","121.060","24.700","571"
"54","348910","20220727031000","50","1","新竹縣","北埔鄉","121.065","24.700","127"
"18","348919","20220727031000","22","0","新竹縣","北埔鄉","121.060","24.710","18"
"141","348947","20220727031000","106","2","新竹縣","寶山鄉","121.000","24.725","139"
"57","348952","20220727031000","62","0","新竹縣","寶山鄉","121.005","24.730","53"
"367","348957","20220727031000","268","2","新竹縣","寶山鄉","120.990","24.740","390"
"78","348958","20220727031000","63","2","新竹縣","寶山鄉","120.995","24.740","75"
"52","348969","20220727031000","42","2","新竹縣","寶山鄉","121.005","24.745","40"
"830","348971","20220727031000","972","0","新竹縣","寶山鄉","121.005","24.750","843"
"728","348978","20220727031000","721","1","新竹縣","寶山鄉","121.020","24.755","723"
"295","348983","20220727031000","345","0","新竹縣","寶山鄉","121.000","24.765","308"
"878","348986","20220727031000","951","0","新竹縣","寶山鄉","121.015","24.765","922"
"749","348987","20220727031000","803","0","新竹縣","寶山鄉","121.000","24.770","751"
"93","348988","20220727031000","61","3","新竹縣","寶山鄉","121.005","24.770","70"
"251","348989","20220727031000","429","0","新竹縣","寶山鄉","121.010","24.770","248"
"64","348993","20220727031000","58","1","新竹縣","峨眉鄉","120.990","24.665","71"
"31","349000","20220727031000","21","2","新竹縣","峨眉鄉","120.995","24.670","28"
"63","349005","20220727031000","46","2","新竹縣","峨眉鄉","120.985","24.675","67"
"83","349012","20220727031000","69","2","新竹縣","峨眉鄉","120.990","24.680","94"
"137","349031","20220727031000","117","1","新竹縣","峨眉鄉","121.000","24.700","142"
"1299","349060","20220727031000","1254","1","新竹縣","竹東鎮","121.060","24.750","1332"
"337","349062","20220727031000","317","1","新竹縣","竹東鎮","121.070","24.750","326"
"877","349066","20220727031000","823","1","新竹縣","竹東鎮","121.070","24.755","903"
"1918","349070","20220727031000","1700","1","新竹縣","竹東鎮","121.065","24.760","1916"
"5404","349073","20220727031000","5039","1","新竹縣","竹東鎮","121.060","24.765","5431"
"107","349074","20220727031000","88","2","新竹縣","竹東鎮","121.065","24.765","91"
"146","349079","20220727031000","110","2","新竹縣","竹東鎮","121.120","24.660","156"
"99","349087","20220727031000","336","0","新竹縣","竹東鎮","121.090","24.720","74"
"2232","349088","20220727031000","1942","1","新竹縣","竹東鎮","121.095","24.720","2287"
"2990","349089","20220727031000","2742","1","新竹縣","竹東鎮","121.090","24.725","2952"
"793","349090","20220727031000","734","1","新竹縣","竹東鎮","121.095","24.725","841"
"1962","349092","20220727031000","1212","3","新竹縣","竹東鎮","121.095","24.730","1921"
"291","349094","20220727031000","357","0","新竹縣","竹東鎮","121.105","24.730","307"
"352","349096","20220727031000","366","0","新竹縣","竹東鎮","121.055","24.755","357"
"55","349099","20220727031000","45","2","新竹縣","竹東鎮","121.045","24.765","61"
"844","349103","20220727031000","734","1","新竹縣","竹東鎮","121.060","24.770","798"
"807","349105","20220727031000","595","2","新竹縣","竹東鎮","121.080","24.735","821"
"124","349109","20220727031000","84","2","新竹縣","竹東鎮","121.080","24.740","130"
"106","349110","20220727031000","63","3","新竹縣","竹東鎮","121.075","24.745","108"
"1088","349113","20220727031000","1181","0","新竹縣","竹東鎮","121.080","24.745","1071"
"1851","349114","20220727031000","1493","2","新竹縣","竹東鎮","121.085","24.745","1884"
"237","349115","20220727031000","199","1","新竹縣","竹東鎮","121.080","24.750","278"
"663","349118","20220727031000","668","0","宜蘭縣","宜蘭市","121.780","24.750","655"
"857","349120","20220727031000","791","1","宜蘭縣","宜蘭市","121.765","24.755","883"
"597","349124","20220727031000","670","0","宜蘭縣","宜蘭市","121.765","24.760","578"
"381","349125","20220727031000","444","0","宜蘭縣","宜蘭市","121.770","24.760","374"
"83","349130","20220727031000","126","0","宜蘭縣","宜蘭市","121.760","24.725","79"
"475","349131","20220727031000","372","2","宜蘭縣","宜蘭市","121.755","24.730","498"
"68","349132","20220727031000","37","3","宜蘭縣","宜蘭市","121.760","24.730","63"
"508","349136","20220727031000","463","1","宜蘭縣","宜蘭市","121.755","24.740","527"
"537","349139","20220727031000","417","2","宜蘭縣","宜蘭市","121.735","24.755","494"
"882","349140","20220727031000","1052","0","宜蘭縣","宜蘭市","121.740","24.755","941"
"26","349143","20220727031000","27","0","宜蘭縣","羅東鎮","121.755","24.680","21"
"2003","349144","20220727031000","1752","1","宜蘭縣","羅東鎮","121.775","24.680","2062"
"1606","349145","20220727031000","1548","1","宜蘭縣","羅東鎮","121.775","24.675","1588"
"911","349146","20220727031000","689","2","宜蘭縣","羅東鎮","121.750","24.675","935"
"619","349147","20220727031000","564","1","宜蘭縣","羅東鎮","121.770","24.685","618"
"376","349149","20220727031000","151","3","宜蘭縣","羅東鎮","121.750","24.680","362"
"205","349158","20220727031000","54","3","新竹市","香山區","120.930","24.745","208"
"107","349160","20220727031000","88","2","新竹市","香山區","120.925","24.750","118"
"589","349162","20220727031000","379","3","新竹市","香山區","120.915","24.760","600"
"959","349166","20220727031000","781","2","新竹市","香山區","120.915","24.765","992"
"93","349176","20220727031000","120","0","新竹市","香山區","120.955","24.760","85"
"26","349177","20220727031000","23","1","新竹市","東區","120.960","24.760","25"
"1397","349183","20220727031000","1316","1","新竹市","香山區","120.955","24.770","1417"
"408","349184","20220727031000","461","0","新竹市","香山區","120.960","24.770","384"
"12","349194","20220727031000","65","0","新竹市","香山區","120.905","24.760","12"
"94","349196","20220727031000","327","0","新竹市","香山區","120.920","24.760","84"
"68","349198","20220727031000","68","1","新竹市","香山區","120.930","24.760","76"
"154","349199","20220727031000","67","3","新竹市","香山區","120.935","24.760","128"
"77","349203","20220727031000","84","0","宜蘭縣","宜蘭市","121.765","24.745","86"
"922","349204","20220727031000","1060","0","宜蘭縣","宜蘭市","121.760","24.750","929"
"944","349205","20220727031000","832","1","宜蘭縣","宜蘭市","121.765","24.750","999"
"1983","349206","20220727031000","2004","0","宜蘭縣","羅東鎮","121.775","24.670","2055"
"1102","349207","20220727031000","1076","1","宜蘭縣","羅東鎮","121.755","24.675","1090"
"33","349208","20220727031000","248","0","宜蘭縣","羅東鎮","121.755","24.690","33"
"86","349210","20220727031000","102","0","宜蘭縣","羅東鎮","121.755","24.695","82"
"844","349211","20220727031000","587","2","宜蘭縣","羅東鎮","121.760","24.695","843"
"908","349214","20220727031000","1678","0","宜蘭縣","羅東鎮","121.770","24.670","953"
"620","349216","20220727031000","627","0","宜蘭縣","羅東鎮","121.800","24.665","611"
"1251","349222","20220727031000","556","3","宜蘭縣","羅東鎮","121.795","24.675","1213"
"787","349224","20220727031000","718","1","宜蘭縣","羅東鎮","121.785","24.675","789"
"2798","349225","20220727031000","2081","2","宜蘭縣","羅東鎮","121.780","24.680","2748"
"1331","349227","20220727031000","1545","0","宜蘭縣","宜蘭市","121.750","24.745","1370"
"1062","349228","20220727031000","1083","0","宜蘭縣","員山鄉","121.735","24.745","1093"
"1678","349229","20220727031000","2151","0","宜蘭縣","宜蘭市","121.740","24.745","1713"
"1427","349230","20220727031000","1147","2","宜蘭縣","宜蘭市","121.745","24.745","1371"
"485","349231","20220727031000","396","2","宜蘭縣","宜蘭市","121.730","24.750","494"
"1466","349232","20220727031000","1634","0","宜蘭縣","宜蘭市","121.735","24.750","1518"
"1487","349234","20220727031000","1293","1","宜蘭縣","羅東鎮","121.765","24.675","1474"
"765","349235","20220727031000","834","0","宜蘭縣","宜蘭市","121.760","24.760","754"
"838","349236","20220727031000","683","2","宜蘭縣","宜蘭市","121.750","24.765","819"
"406","349237","20220727031000","416","0","宜蘭縣","宜蘭市","121.745","24.750","417"
"575","349238","20220727031000","433","2","宜蘭縣","宜蘭市","121.760","24.765","564"
"806","349240","20220727031000","744","1","宜蘭縣","羅東鎮","121.755","24.685","850"
"23","349296","20220727031000","18","2","桃園市","復興區","121.350","24.760","27"
"40","349304","20220727031000","41","0","桃園市","復興區","121.360","24.770","35"
"139","349422","20220727031000","60","3","桃園市","復興區","121.390","24.660","151"
"30","349482","20220727031000","22","2","桃園市","復興區","121.385","24.680","29"
"252","349502","20220727031000","117","3","桃園市","復興區","121.395","24.685","286"
"466","349582","20220727031000","123","3","桃園市","復興區","121.410","24.705","554"
"17","349642","20220727031000","10","3","桃園市","復興區","121.365","24.695","18"
"67","349762","20220727031000","46","2","桃園市","復興區","121.345","24.725","75"
"29","349769","20220727031000","11","3","桃園市","復興區","121.380","24.725","22"
"10","349794","20220727031000","13","0","桃園市","復興區","121.375","24.730","19"
"25","349865","20220727031000","15","3","桃園市","復興區","121.365","24.740","23"
"71","349883","20220727031000","187","0","新竹市","香山區","120.940","24.760","165"
"326","349889","20220727031000","234","2","新竹市","香山區","120.935","24.770","287"
"316","349896","20220727031000","268","1","新竹市","香山區","120.905","24.750","311"
"540","349897","20220727031000","318","3","新竹市","香山區","120.910","24.750","543"
"965","349904","20220727031000","989","0","新竹縣","竹東鎮","121.030","24.770","913"
"80","349937","20220727031000","46","3","桃園市","復興區","121.365","24.675","54"
"13","349983","20220727031000","108","0","苗栗縣","三灣鄉","120.965","24.665","15"
"302","349985","20220727031000","240","2","苗栗縣","三灣鄉","120.975","24.665","295"
"152","350003","20220727031000","197","0","苗栗縣","三灣鄉","120.950","24.670","156"
"162","350012","20220727031000","129","2","苗栗縣","頭份鎮","120.955","24.680","154"
"358","350014","20220727031000","273","2","苗栗縣","頭份鎮","120.965","24.680","354"
"41","350017","20220727031000","352","0","苗栗縣","頭份鎮","120.960","24.685","42"
"324","350018","20220727031000","224","2","苗栗縣","頭份鎮","120.965","24.685","314"
"163","350019","20220727031000","139","1","苗栗縣","竹南鎮","120.880","24.680","161"
"2903","350021","20220727031000","2492","1","苗栗縣","竹南鎮","120.885","24.685","2932"
"26","350023","20220727031000","28","0","苗栗縣","頭份鎮","120.925","24.690","29"
"1080","350024","20220727031000","772","2","苗栗縣","頭份鎮","120.930","24.690","1066"
"434","350031","20220727031000","337","2","苗栗縣","頭份鎮","120.920","24.665","385"
"51","350036","20220727031000","482","0","苗栗縣","頭份鎮","120.920","24.670","56"
"271","350042","20220727031000","309","0","苗栗縣","頭份鎮","120.925","24.675","280"
"39","350052","20220727031000","134","0","苗栗縣","後龍鎮","120.820","24.660","26"
"338","350068","20220727031000","278","2","苗栗縣","頭份鎮","120.910","24.690","364"
"925","350073","20220727031000","720","2","苗栗縣","竹南鎮","120.885","24.695","876"
"911","350075","20220727031000","642","2","苗栗縣","頭份鎮","120.890","24.695","923"
"1654","350077","20220727031000","1155","2","苗栗縣","頭份鎮","120.910","24.695","1678"
"917","350078","20220727031000","811","1","苗栗縣","頭份鎮","120.910","24.700","908"
"646","350080","20220727031000","516","2","苗栗縣","頭份鎮","120.940","24.680","655"
"178","350082","20220727031000","269","0","苗栗縣","頭份鎮","120.950","24.680","186"
"718","350085","20220727031000","650","1","苗栗縣","頭份鎮","120.925","24.685","700"
"423","350087","20220727031000","360","1","苗栗縣","頭份鎮","120.935","24.685","408"
"2114","350090","20220727031000","1493","2","苗栗縣","頭份鎮","120.895","24.690","2135"
"1244","350091","20220727031000","1567","0","苗栗縣","頭份鎮","120.905","24.690","1163"
"486","350092","20220727031000","924","0","苗栗縣","頭份鎮","120.905","24.685","487"
"175","350095","20220727031000","439","0","苗栗縣","頭份鎮","120.945","24.690","159"
"30","350102","20220727031000","191","0","苗栗縣","頭份鎮","120.935","24.700","25"
"35","350103","20220727031000","391","0","苗栗縣","頭份鎮","120.940","24.695","41"
"136","350109","20220727031000","130","1","苗栗縣","頭份鎮","120.940","24.700","130"
"14","350110","20220727031000","22","0","苗栗縣","頭份鎮","120.945","24.700","14"
"811","350112","20220727031000","466","3","苗栗縣","頭份鎮","120.930","24.705","754"
"192","350117","20220727031000","177","1","苗栗縣","頭份鎮","120.935","24.710","218"
"389","350118","20220727031000","406","0","苗栗縣","頭份鎮","120.885","24.665","422"
"38","350124","20220727031000","284","0","苗栗縣","頭份鎮","120.885","24.675","38"
"478","350127","20220727031000","537","0","苗栗縣","頭份鎮","120.905","24.700","489"
"829","350128","20220727031000","1404","0","苗栗縣","頭份鎮","120.900","24.695","809"
"1170","350129","20220727031000","966","2","苗栗縣","頭份鎮","120.905","24.695","1187"
"161","350131","20220727031000","430","0","苗栗縣","頭份鎮","120.915","24.690","145"
"1309","350132","20220727031000","1468","0","苗栗縣","頭份鎮","120.915","24.695","1295"
"25","350142","20220727031000","29","0","苗栗縣","頭份鎮","120.915","24.665","22"
"71","350146","20220727031000","453","0","苗栗縣","頭份鎮","120.915","24.670","73"
"795","350150","20220727031000","612","2","苗栗縣","竹南鎮","120.860","24.695","903"
"843","350151","20220727031000","567","2","苗栗縣","竹南鎮","120.865","24.695","814"
"272","350154","20220727031000","722","0","苗栗縣","竹南鎮","120.870","24.695","251"
"111","350155","20220727031000","641","0","苗栗縣","竹南鎮","120.880","24.695","106"
"346","350156","20220727031000","330","1","苗栗縣","竹南鎮","120.865","24.680","336"
"466","350157","20220727031000","350","2","苗栗縣","竹南鎮","120.910","24.710","446"
"688","350159","20220727031000","686","1","苗栗縣","竹南鎮","120.920","24.705","641"
"431","350160","20220727031000","536","0","苗栗縣","頭份鎮","120.925","24.705","366"
"154","350161","20220727031000","114","2","苗栗縣","竹南鎮","120.915","24.705","134"
"1241","350162","20220727031000","1215","1","苗栗縣","竹南鎮","120.915","24.710","1182"
"323","350163","20220727031000","305","1","苗栗縣","竹南鎮","120.920","24.710","308"
"84","350165","20220727031000","120","0","苗栗縣","竹南鎮","120.930","24.710","100"
"304","350166","20220727031000","323","0","苗栗縣","竹南鎮","120.915","24.715","263"
"169","350167","20220727031000","235","0","苗栗縣","竹南鎮","120.920","24.715","144"
"1516","350169","20220727031000","1463","1","苗栗縣","頭份鎮","120.910","24.685","1462"
"2888","350170","20220727031000","2905","0","苗栗縣","頭份鎮","120.895","24.700","2803"
"1549","350172","20220727031000","1057","2","苗栗縣","頭份鎮","120.905","24.680","1565"
"806","350173","20220727031000","597","2","苗栗縣","竹南鎮","120.875","24.700","767"
"883","350174","20220727031000","650","2","苗栗縣","竹南鎮","120.870","24.700","831"
"358","350176","20220727031000","362","0","苗栗縣","頭份鎮","120.920","24.690","388"
"135","350177","20220727031000","104","2","苗栗縣","頭份鎮","120.880","24.660","128"
"835","350179","20220727031000","990","0","苗栗縣","頭份鎮","120.900","24.700","901"
"31","350180","20220727031000","32","0","苗栗縣","竹南鎮","120.910","24.705","23"
"466","350182","20220727031000","518","0","苗栗縣","頭份鎮","120.920","24.700","495"
"990","350183","20220727031000","1459","0","苗栗縣","頭份鎮","120.895","24.695","982"
"516","350203","20220727031000","316","3","苗栗縣","竹南鎮","120.860","24.685","517"
"36","350206","20220727031000","281","0","苗栗縣","竹南鎮","120.865","24.700","28"
"707","350208","20220727031000","430","3","苗栗縣","竹南鎮","120.875","24.705","681"
"1166","350209","20220727031000","1326","0","苗栗縣","竹南鎮","120.880","24.700","1202"
"993","350210","20220727031000","613","3","苗栗縣","頭份鎮","120.885","24.700","1019"
"679","350211","20220727031000","382","3","苗栗縣","竹南鎮","120.880","24.705","663"
"104","350214","20220727031000","115","0","苗栗縣","竹南鎮","120.865","24.705","107"
"38","350220","20220727031000","285","0","苗栗縣","竹南鎮","120.880","24.710","38"
"149","350223","20220727031000","126","1","苗栗縣","竹南鎮","120.865","24.715","150"
"356","350224","20220727031000","348","1","苗栗縣","竹南鎮","120.870","24.715","363"
"244","350225","20220727031000","383","0","苗栗縣","竹南鎮","120.875","24.715","229"
"55","350226","20220727031000","56","0","苗栗縣","竹南鎮","120.880","24.715","50"
"32","350229","20220727031000","32","1","苗栗縣","竹南鎮","120.865","24.720","40"
"78","350236","20220727031000","97","0","苗栗縣","竹南鎮","120.870","24.725","69"
"338","350240","20220727031000","200","3","苗栗縣","竹南鎮","120.890","24.725","310"
"56","350247","20220727031000","53","1","苗栗縣","竹南鎮","120.880","24.685","66"
"1992","350248","20220727031000","1640","2","苗栗縣","竹南鎮","120.880","24.690","1999"
"1626","350250","20220727031000","1827","0","苗栗縣","竹南鎮","120.890","24.690","1729"
"2047","350251","20220727031000","2459","0","苗栗縣","竹南鎮","120.875","24.685","1996"
"389","350258","20220727031000","336","1","苗栗縣","竹南鎮","120.855","24.675","439"
"11","350259","20220727031000","33","0","苗栗縣","竹南鎮","120.860","24.675","11"
"345","350264","20220727031000","290","1","苗栗縣","竹南鎮","120.850","24.680","341"
"18","350275","20220727031000","181","0","苗栗縣","竹南鎮","120.850","24.670","21"
"1225","350277","20220727031000","943","2","苗栗縣","竹南鎮","120.860","24.670","1230"
"39","350278","20220727031000","30","2","苗栗縣","竹南鎮","120.845","24.675","36"
"79","350279","20220727031000","83","0","苗栗縣","造橋鄉","120.855","24.660","83"
"96","350285","20220727031000","270","0","苗栗縣","頭份鎮","120.900","24.685","95"
"285","350286","20220727031000","305","0","苗栗縣","頭份鎮","120.895","24.675","273"
"633","350288","20220727031000","564","1","苗栗縣","頭份鎮","120.890","24.680","597"
"1115","350290","20220727031000","1102","1","苗栗縣","頭份鎮","120.900","24.680","1099"
"482","350291","20220727031000","476","1","苗栗縣","頭份鎮","120.945","24.685","500"
"159","350303","20220727031000","137","1","苗栗縣","頭份鎮","120.960","24.700","163"
"95","350311","20220727031000","90","1","苗栗縣","頭份鎮","120.965","24.705","94"
"942","350314","20220727031000","1541","0","苗栗縣","竹南鎮","120.870","24.690","910"
"660","350316","20220727031000","585","1","苗栗縣","竹南鎮","120.855","24.690","660"
"1289","350319","20220727031000","1362","0","苗栗縣","竹南鎮","120.865","24.685","1325"
"835","350320","20220727031000","939","0","苗栗縣","竹南鎮","120.875","24.695","820"
"133","350321","20220727031000","771","0","苗栗縣","竹南鎮","120.875","24.690","119"
"253","350326","20220727031000","315","0","苗栗縣","竹南鎮","120.910","24.720","240"
"155","350328","20220727031000","41","3","苗栗縣","竹南鎮","120.895","24.725","112"
"22","350330","20220727031000","226","0","苗栗縣","竹南鎮","120.905","24.725","18"
"255","350331","20220727031000","215","1","苗栗縣","竹南鎮","120.910","24.725","257"
"285","350334","20220727031000","228","2","苗栗縣","竹南鎮","120.905","24.730","304"
"137","350336","20220727031000","78","3","新竹市","香山區","120.900","24.735","123"
"22","350338","20220727031000","257","0","新竹市","香山區","120.905","24.740","18"
"642","350340","20220727031000","641","1","苗栗縣","竹南鎮","120.875","24.660","650"
"1189","350347","20220727031000","1068","1","苗栗縣","竹南鎮","120.865","24.675","1159"
"43","350349","20220727031000","292","0","苗栗縣","竹南鎮","120.875","24.675","44"
"660","350350","20220727031000","525","2","苗栗縣","竹南鎮","120.880","24.675","576"
"711","350351","20220727031000","405","3","苗栗縣","竹南鎮","120.870","24.680","708"
"452","350352","20220727031000","513","0","苗栗縣","竹南鎮","120.875","24.680","423"
"2097","350353","20220727031000","2150","0","苗栗縣","竹南鎮","120.870","24.685","2102"
"101","350357","20220727031000","440","0","苗栗縣","竹南鎮","120.890","24.705","101"
"265","350358","20220727031000","210","2","苗栗縣","竹南鎮","120.895","24.705","279"
"824","350359","20220727031000","594","2","苗栗縣","竹南鎮","120.900","24.705","841"
"433","350363","20220727031000","575","0","苗栗縣","竹南鎮","120.900","24.710","399"
"284","350364","20220727031000","176","3","苗栗縣","竹南鎮","120.905","24.710","281"
"222","350365","20220727031000","211","1","苗栗縣","竹南鎮","120.895","24.715","192"
"477","350367","20220727031000","363","2","苗栗縣","竹南鎮","120.905","24.715","464"
"125","350369","20220727031000","108","1","苗栗縣","竹南鎮","120.895","24.720","111"
"109","356638","20220727031000","82","2","宜蘭縣","頭城鎮","121.940","24.840","57"
"926","360378","20220727031000","704","2","宜蘭縣","礁溪鄉","121.765","24.825","966"
"1957","360379","20220727031000","1734","1","宜蘭縣","礁溪鄉","121.770","24.825","1867"
"790","360380","20220727031000","481","3","宜蘭縣","礁溪鄉","121.775","24.825","742"
"498","360392","20220727031000","418","1","宜蘭縣","礁溪鄉","121.810","24.815","511"
"193","360394","20220727031000","120","3","宜蘭縣","礁溪鄉","121.795","24.815","190"
"12","360410","20220727031000","112","0","宜蘭縣","礁溪鄉","121.720","24.815","18"
"32","360417","20220727031000","85","0","宜蘭縣","礁溪鄉","121.720","24.820","17"
"18","360419","20220727031000","76","0","宜蘭縣","礁溪鄉","121.730","24.820","22"
"19","360427","20220727031000","348","0","宜蘭縣","礁溪鄉","121.725","24.820","27"
"264","360433","20220727031000","360","0","宜蘭縣","礁溪鄉","121.755","24.820","250"
"14","360437","20220727031000","54","0","宜蘭縣","礁溪鄉","121.740","24.825","26"
"1915","360439","20220727031000","1558","2","宜蘭縣","宜蘭市","121.755","24.770","1895"
"457","360442","20220727031000","329","2","宜蘭縣","宜蘭市","121.745","24.775","456"
"1043","360449","20220727031000","795","2","宜蘭縣","壯圍鄉","121.785","24.775","1012"
"18","360451","20220727031000","12","3","宜蘭縣","壯圍鄉","121.780","24.780","17"
"362","360457","20220727031000","254","2","宜蘭縣","壯圍鄉","121.795","24.790","410"
"147","360471","20220727031000","164","0","宜蘭縣","頭城鎮","121.820","24.855","148"
"78","360474","20220727031000","44","3","宜蘭縣","頭城鎮","121.835","24.885","56"
"124","360476","20220727031000","74","3","宜蘭縣","頭城鎮","121.845","24.885","99"
"651","360478","20220727031000","608","1","宜蘭縣","頭城鎮","121.830","24.855","610"
"669","360482","20220727031000","776","0","宜蘭縣","頭城鎮","121.820","24.860","663"
"351","360484","20220727031000","256","2","宜蘭縣","頭城鎮","121.815","24.860","331"
"657","360485","20220727031000","493","2","宜蘭縣","頭城鎮","121.820","24.865","670"
"274","360486","20220727031000","249","1","宜蘭縣","頭城鎮","121.810","24.865","267"
"138","360502","20220727031000","144","0","宜蘭縣","頭城鎮","121.815","24.850","138"
"660","360507","20220727031000","702","0","宜蘭縣","頭城鎮","121.825","24.865","686"
"210","360520","20220727031000","135","3","宜蘭縣","頭城鎮","121.835","24.870","183"
"30","360521","20220727031000","64","0","宜蘭縣","頭城鎮","121.840","24.870","29"
"271","360524","20220727031000","143","3","宜蘭縣","頭城鎮","121.840","24.875","233"
"40","360537","20220727031000","22","3","新北市","三峽區","121.345","24.845","41"
"87","360552","20220727031000","81","1","新北市","三峽區","121.360","24.855","82"
"22","360554","20220727031000","14","3","新北市","三峽區","121.370","24.855","18"
"18","360559","20220727031000","19","0","新北市","三峽區","121.365","24.860","20"
"67","360569","20220727031000","52","2","新北市","三峽區","121.355","24.870","74"
"46","360573","20220727031000","36","2","新北市","三峽區","121.375","24.870","47"
"41","360625","20220727031000","26","3","宜蘭縣","頭城鎮","121.820","24.825","34"
"73","360631","20220727031000","86","0","宜蘭縣","頭城鎮","121.790","24.845","68"
"274","360639","20220727031000","238","1","宜蘭縣","頭城鎮","121.795","24.855","255"
"555","360641","20220727031000","476","1","宜蘭縣","頭城鎮","121.805","24.855","572"
"188","360684","20220727031000","157","1","宜蘭縣","礁溪鄉","121.765","24.800","191"
"254","360687","20220727031000","257","0","宜蘭縣","礁溪鄉","121.760","24.810","262"
"286","360689","20220727031000","282","1","宜蘭縣","礁溪鄉","121.755","24.815","269"
"93","360694","20220727031000","65","2","宜蘭縣","員山鄉","121.700","24.780","104"
"49","360702","20220727031000","35","2","宜蘭縣","礁溪鄉","121.680","24.785","52"
"196","360788","20220727031000","172","1","宜蘭縣","礁溪鄉","121.780","24.810","177"
"481","360803","20220727031000","417","1","宜蘭縣","壯圍鄉","121.810","24.800","490"
"575","360806","20220727031000","438","2","宜蘭縣","壯圍鄉","121.815","24.805","556"
"522","360817","20220727031000","468","1","宜蘭縣","礁溪鄉","121.780","24.785","532"
"578","360820","20220727031000","524","1","宜蘭縣","礁溪鄉","121.775","24.815","561"
"984","360822","20220727031000","895","1","宜蘭縣","礁溪鄉","121.770","24.820","976"
"245","360828","20220727031000","248","0","宜蘭縣","礁溪鄉","121.730","24.790","223"
"115","360848","20220727031000","89","2","宜蘭縣","礁溪鄉","121.710","24.810","115"
"532","360876","20220727031000","481","1","宜蘭縣","礁溪鄉","121.760","24.785","541"
"92","360877","20220727031000","80","1","宜蘭縣","礁溪鄉","121.750","24.790","90"
"423","360879","20220727031000","259","3","宜蘭縣","礁溪鄉","121.760","24.790","415"
"502","360881","20220727031000","411","2","宜蘭縣","礁溪鄉","121.765","24.815","484"
"560","360883","20220727031000","406","2","宜蘭縣","礁溪鄉","121.765","24.820","561"
"342","360888","20220727031000","223","3","宜蘭縣","礁溪鄉","121.755","24.825","379"
"529","360889","20220727031000","500","1","宜蘭縣","礁溪鄉","121.760","24.825","564"
"31","360898","20220727031000","14","3","宜蘭縣","礁溪鄉","121.745","24.830","25"
"51","360964","20220727031000","37","2","新北市","三峽區","121.410","24.865","53"
"266","360967","20220727031000","160","3","新北市","三峽區","121.410","24.870","300"
"103","360994","20220727031000","68","3","新北市","三峽區","121.415","24.885","110"
"15","361075","20220727031000","14","1","新北市","三峽區","121.445","24.830","18"
"15","361124","20220727031000","15","1","新北市","三峽區","121.430","24.845","13"
"19","361179","20220727031000","27","0","新北市","三峽區","121.435","24.860","26"
"19","361195","20220727031000","17","1","新北市","三峽區","121.440","24.865","25"
"10","361256","20220727031000","19","0","新北市","三峽區","121.450","24.890","12"
"32","361304","20220727031000","28","1","新北市","三峽區","121.375","24.885","31"
"30","361308","20220727031000","22","2","新北市","三峽區","121.400","24.885","25"
"663","361316","20220727031000","545","2","宜蘭縣","員山鄉","121.720","24.770","682"
"203","361349","20220727031000","213","0","宜蘭縣","員山鄉","121.715","24.775","205"
"375","361393","20220727031000","315","1","宜蘭縣","壯圍鄉","121.800","24.770","372"
"221","361412","20220727031000","208","1","宜蘭縣","宜蘭市","121.735","24.775","246"
"12","361413","20220727031000","12","1","宜蘭縣","宜蘭市","121.740","24.775","12"
"145","361414","20220727031000","126","1","宜蘭縣","宜蘭市","121.730","24.780","156"
"11","361433","20220727031000","13","0","宜蘭縣","頭城鎮","121.800","24.830","12"
"656","361441","20220727031000","550","1","宜蘭縣","頭城鎮","121.790","24.835","685"
"29","361461","20220727031000","20","2","宜蘭縣","頭城鎮","121.775","24.860","25"
"15","361466","20220727031000","21","0","新北市","坪林區","121.770","24.865","18"
"585","361479","20220727031000","464","2","宜蘭縣","頭城鎮","121.815","24.835","584"
"490","361482","20220727031000","316","3","宜蘭縣","頭城鎮","121.810","24.845","508"
"4389","361485","20220727031000","3962","1","新竹市","東區","120.985","24.800","4185"
"2615","361486","20220727031000","2152","2","新竹市","東區","120.985","24.810","2581"
"95","361502","20220727031000","85","1","桃園市","大溪區","121.330","24.880","129"
"121","361509","20220727031000","98","2","桃園市","大溪區","121.325","24.885","143"
"25","361515","20220727031000","36","0","桃園市","大溪區","121.325","24.890","28"
"40","361517","20220727031000","37","1","桃園市","大溪區","121.335","24.890","20"
"282","361521","20220727031000","224","2","桃園市","大溪區","121.250","24.865","267"
"33","361525","20220727031000","33","1","桃園市","大溪區","121.255","24.870","32"
"329","361530","20220727031000","626","0","桃園市","大溪區","121.260","24.875","357"
"647","361536","20220727031000","460","2","桃園市","大溪區","121.260","24.880","636"
"80","361538","20220727031000","98","0","桃園市","大溪區","121.275","24.880","73"
"834","361539","20220727031000","790","1","桃園市","大溪區","121.250","24.880","927"
"397","361545","20220727031000","288","2","桃園市","大溪區","121.275","24.885","359"
"151","361546","20220727031000","146","1","桃園市","大溪區","121.280","24.885","156"
"466","361547","20220727031000","330","2","桃園市","大溪區","121.275","24.890","493"
"1497","361550","20220727031000","1247","2","桃園市","大溪區","121.295","24.885","1569"
"97","361551","20220727031000","118","0","桃園市","大溪區","121.300","24.880","94"
"123","361552","20220727031000","231","0","桃園市","大溪區","121.290","24.880","152"
"77","361556","20220727031000","85","0","新竹縣","新埔鎮","121.080","24.835","121"
"348","361565","20220727031000","319","1","新竹縣","新埔鎮","121.080","24.840","348"
"60","361570","20220727031000","40","3","新竹縣","新埔鎮","121.130","24.860","67"
"32","361579","20220727031000","28","1","新竹縣","新埔鎮","121.140","24.870","29"
"94","361585","20220727031000","68","2","新竹縣","新埔鎮","121.135","24.875","87"
"832","361597","20220727031000","684","2","新竹縣","新豐鄉","120.995","24.885","883"
"1227","361600","20220727031000","1129","1","新竹縣","新豐鄉","121.010","24.885","1230"
"642","361602","20220727031000","493","2","新竹市","東區","120.975","24.805","664"
"2355","361603","20220727031000","2286","1","新竹市","東區","120.980","24.805","2303"
"998","361604","20220727031000","890","1","新竹市","東區","120.980","24.810","1005"
"1051","361605","20220727031000","1039","1","新竹市","東區","120.975","24.800","1039"
"58","361609","20220727031000","85","0","新竹市","東區","120.985","24.785","48"
"7015","361610","20220727031000","6179","1","新竹市","東區","121.020","24.780","7420"
"3034","361611","20220727031000","2737","1","新竹市","東區","121.015","24.785","3219"
"177","361614","20220727031000","175","1","新竹縣","新埔鎮","121.105","24.845","166"
"57","361615","20220727031000","50","1","新竹縣","新埔鎮","121.115","24.845","52"
"58","361621","20220727031000","45","2","新竹縣","新埔鎮","121.120","24.850","63"
"31","361623","20220727031000","26","1","新竹縣","新埔鎮","121.100","24.855","34"
"64","361624","20220727031000","54","1","新竹縣","新埔鎮","121.105","24.855","68"
"22","361628","20220727031000","31","0","新竹縣","新埔鎮","121.125","24.855","24"
"22","361635","20220727031000","13","3","新竹縣","新埔鎮","121.105","24.865","15"
"108","361642","20220727031000","91","1","新竹縣","新埔鎮","121.115","24.875","113"
"654","361646","20220727031000","679","0","新竹縣","新埔鎮","121.070","24.825","660"
"908","361648","20220727031000","711","2","新竹縣","新埔鎮","121.080","24.825","911"
"437","361651","20220727031000","412","1","新竹縣","新埔鎮","121.070","24.830","434"
"142","361655","20220727031000","83","3","新竹縣","新埔鎮","121.135","24.845","129"
"456","361668","20220727031000","434","1","新竹縣","新豐鄉","120.980","24.870","481"
"43","361671","20220727031000","30","2","新竹縣","新豐鄉","120.970","24.880","44"
"2868","361683","20220727031000","2180","2","新竹縣","竹東鎮","121.030","24.775","2844"
"281","361685","20220727031000","359","0","新竹縣","湖口鄉","121.010","24.855","288"
"400","361687","20220727031000","339","1","新竹縣","湖口鄉","121.020","24.855","418"
"719","361688","20220727031000","481","2","新竹縣","湖口鄉","121.025","24.855","532"
"1306","361692","20220727031000","1385","0","新竹縣","湖口鄉","121.010","24.860","1355"
"2969","361694","20220727031000","3194","0","新竹縣","湖口鄉","120.995","24.865","3016"
"946","361695","20220727031000","912","1","新竹縣","湖口鄉","121.000","24.865","996"
"24","361696","20220727031000","110","0","新竹縣","湖口鄉","121.005","24.865","21"
"167","361697","20220727031000","144","1","新竹縣","湖口鄉","121.010","24.865","165"
"1708","361698","20220727031000","1401","2","新竹縣","湖口鄉","121.000","24.870","1731"
"1705","361700","20220727031000","281","3","新竹縣","湖口鄉","121.010","24.870","4989"
"1974","361702","20220727031000","855","3","新竹縣","湖口鄉","121.010","24.875","3443"
"730","361703","20220727031000","1002","0","新竹縣","竹北市","121.030","24.810","763"
"1147","361704","20220727031000","1695","0","新竹縣","竹北市","121.035","24.810","1047"
"516","361705","20220727031000","426","2","新竹縣","竹北市","121.030","24.815","526"
"308","361712","20220727031000","351","0","桃園市","大溪區","121.260","24.890","311"
"295","361715","20220727031000","292","1","新竹市","香山區","120.920","24.810","284"
"338","361721","20220727031000","265","2","新竹市","香山區","120.925","24.815","350"
"102","361725","20220727031000","94","1","新竹市","香山區","120.915","24.820","102"
"641","361727","20220727031000","632","1","新竹市","香山區","120.925","24.820","623"
"712","361733","20220727031000","442","3","新竹市","北區","120.925","24.825","702"
"1310","361736","20220727031000","1490","0","新竹市","香山區","120.930","24.790","1293"
"764","361738","20220727031000","545","2","新竹市","香山區","120.930","24.795","767"
"419","361744","20220727031000","385","1","新竹市","香山區","120.915","24.780","430"
"213","361752","20220727031000","205","1","新竹市","香山區","120.920","24.785","213"
"1281","361756","20220727031000","1335","0","新竹市","香山區","120.920","24.805","1269"
"985","361758","20220727031000","811","2","新竹市","香山區","120.935","24.805","970"
"903","361761","20220727031000","942","0","新竹市","香山區","120.940","24.805","926"
"3404","361763","20220727031000","2809","2","新竹市","香山區","120.945","24.795","3445"
"402","361765","20220727031000","593","0","新竹市","香山區","120.940","24.790","413"
"69","361766","20220727031000","850","0","新竹市","香山區","120.935","24.790","49"
"121","361767","20220727031000","197","0","新竹市","香山區","120.935","24.800","134"
"621","361768","20220727031000","673","0","新竹市","香山區","120.940","24.795","600"
"49","362002","20220727031000","43","1","新竹縣","關西鎮","121.260","24.775","53"
"66","362027","20220727031000","133","0","新竹縣","湖口鄉","121.030","24.880","78"
"844","362033","20220727031000","869","0","新竹縣","湖口鄉","121.025","24.885","883"
"976","362036","20220727031000","980","0","新竹縣","竹北市","120.965","24.860","999"
"110","362037","20220727031000","109","1","新竹縣","竹北市","120.970","24.860","108"
"442","362039","20220727031000","398","1","新竹縣","竹北市","120.980","24.860","402"
"99","362040","20220727031000","86","1","新竹縣","竹北市","120.970","24.865","105"
"1700","362056","20220727031000","1593","1","新竹縣","竹北市","121.015","24.825","1697"
"1636","362057","20220727031000","1840","0","新竹縣","竹北市","121.010","24.830","1586"
"285","362058","20220727031000","191","2","新竹縣","竹北市","121.040","24.810","299"
"1542","362059","20220727031000","1415","1","新竹縣","竹北市","121.035","24.815","1583"
"119","362060","20220727031000","295","0","新竹縣","竹北市","121.040","24.815","107"
"2866","362063","20220727031000","3242","0","新竹縣","竹北市","121.030","24.820","2884"
"1457","362064","20220727031000","1474","0","新竹縣","竹北市","121.035","24.820","1428"
"1039","362066","20220727031000","1130","0","新竹縣","竹北市","121.020","24.825","1073"
"981","362067","20220727031000","1026","0","新竹縣","竹北市","121.025","24.825","983"
"4688","362068","20220727031000","4581","1","新竹縣","竹北市","121.030","24.825","4640"
"1774","362069","20220727031000","1486","1","新竹縣","竹北市","121.035","24.825","1816"
"2031","362070","20220727031000","1978","1","新竹縣","竹北市","121.015","24.830","2043"
"1082","362071","20220727031000","952","1","新竹縣","竹北市","121.020","24.830","1056"
"1945","362072","20220727031000","1143","3","新竹縣","竹北市","121.025","24.830","2052"
"1780","362073","20220727031000","1532","1","新竹縣","新埔鎮","121.030","24.830","1816"
"46","362075","20220727031000","24","3","新竹縣","竹北市","120.990","24.855","46"
"534","362076","20220727031000","491","1","新竹縣","竹北市","120.995","24.855","559"
"360","362077","20220727031000","323","1","新竹縣","竹北市","120.990","24.860","349"
"113","362079","20220727031000","107","1","新竹縣","竹北市","120.995","24.860","133"
"3283","362081","20220727031000","1923","3","新竹市","東區","120.995","24.800","3200"
"632","362082","20220727031000","709","0","新竹市","東區","121.000","24.805","662"
"111","362085","20220727031000","240","0","新竹市","東區","121.000","24.810","92"
"650","362086","20220727031000","440","2","新竹市","東區","121.005","24.810","621"
"1042","362087","20220727031000","708","2","新竹市","東區","121.010","24.810","1082"
"741","362088","20220727031000","641","1","新竹市","東區","120.995","24.815","740"
"1118","362092","20220727031000","1090","1","新竹市","東區","121.010","24.775","1123"
"867","362093","20220727031000","857","1","新竹市","東區","121.015","24.775","925"
"2385","362094","20220727031000","2474","0","新竹市","東區","121.020","24.775","2400"
"4415","362095","20220727031000","4375","1","新竹市","東區","121.025","24.775","4456"
"2987","362096","20220727031000","3096","0","新竹市","東區","120.990","24.780","3006"
"900","362097","20220727031000","827","1","新竹市","東區","121.005","24.775","835"
"1063","362098","20220727031000","815","2","新竹市","東區","121.005","24.780","1111"
"1500","362099","20220727031000","1113","2","新竹市","東區","121.010","24.780","1511"
"2535","362100","20220727031000","2408","1","新竹市","東區","121.015","24.780","2436"
"1471","362101","20220727031000","1518","0","新竹市","東區","121.005","24.785","1455"
"1623","362102","20220727031000","1443","1","新竹市","東區","121.010","24.785","1562"
"513","362103","20220727031000","571","0","新竹市","北區","120.945","24.835","514"
"375","362104","20220727031000","402","0","新竹市","北區","120.950","24.835","383"
"815","362107","20220727031000","715","1","新竹縣","竹東鎮","121.045","24.785","812"
"233","362108","20220727031000","219","1","新竹縣","竹東鎮","121.050","24.785","191"
"1317","362117","20220727031000","1042","2","新竹縣","竹東鎮","121.035","24.790","1347"
"788","362122","20220727031000","836","0","新竹縣","竹東鎮","121.030","24.795","783"
"157","362128","20220727031000","172","0","新竹縣","竹北市","120.960","24.855","146"
"617","362141","20220727031000","521","1","新竹縣","竹北市","120.955","24.870","599"
"2029","362143","20220727031000","1663","2","新竹縣","竹北市","121.015","24.835","2065"
"235","362158","20220727031000","183","2","新竹縣","新豐鄉","120.975","24.890","223"
"2136","362159","20220727031000","1943","1","新竹市","東區","121.005","24.790","2116"
"6231","362160","20220727031000","3840","3","新竹市","東區","121.015","24.790","6233"
"51","362275","20220727031000","37","2","新北市","烏來區","121.525","24.835","47"
"22","362568","20220727031000","11","3","新北市","烏來區","121.590","24.850","16"
"129","362673","20220727031000","103","2","新北市","烏來區","121.550","24.875","127"
"56","362692","20220727031000","55","1","新北市","烏來區","121.545","24.880","57"
"110","362700","20220727031000","127","0","新北市","烏來區","121.550","24.885","109"
"151","362717","20220727031000","154","0","新北市","烏來區","121.555","24.845","151"
"50","362740","20220727031000","45","1","新北市","烏來區","121.560","24.860","53"
"278","362744","20220727031000","414","0","新北市","烏來區","121.550","24.865","285"
"53","362793","20220727031000","43","2","新北市","烏來區","121.510","24.775","54"
"1688","362984","20220727031000","2018","0","新竹市","東區","120.960","24.795","1714"
"7330","362985","20220727031000","6269","1","新竹市","東區","121.020","24.790","7320"
"1510","362988","20220727031000","1292","1","新竹市","東區","120.970","24.775","1484"
"2855","362990","20220727031000","2170","2","新竹市","東區","120.985","24.805","2881"
"26","362991","20220727031000","31","0","新竹市","東區","120.965","24.775","27"
"1070","362992","20220727031000","1324","0","新竹市","北區","120.960","24.805","1105"
"517","362994","20220727031000","423","2","新竹縣","竹北市","120.945","24.850","533"
"852","362996","20220727031000","933","0","新竹縣","竹北市","120.945","24.855","829"
"1957","362998","20220727031000","1848","1","新竹縣","竹北市","120.995","24.840","1932"
"1680","362999","20220727031000","1578","1","新竹縣","竹北市","121.000","24.840","1708"
"555","363002","20220727031000","635","0","新竹縣","竹北市","121.035","24.800","534"
"998","363004","20220727031000","1102","0","新竹縣","竹北市","121.025","24.805","958"
"1588","363005","20220727031000","1855","0","新竹縣","竹北市","121.030","24.805","1578"
"3455","363006","20220727031000","2687","2","新竹縣","竹北市","121.035","24.805","3490"
"3736","363007","20220727031000","3484","1","新竹縣","竹北市","121.025","24.810","3764"
"98","363008","20220727031000","81","2","新竹縣","芎林鄉","121.065","24.790","95"
"729","363013","20220727031000","612","1","新竹縣","竹北市","121.050","24.805","711"
"255","363016","20220727031000","349","0","新竹縣","竹北市","121.045","24.810","233"
"2912","363021","20220727031000","2804","1","新竹縣","竹北市","121.005","24.840","2882"
"649","363023","20220727031000","461","2","新竹縣","竹北市","121.020","24.840","637"
"1641","363024","20220727031000","1461","1","新竹縣","竹北市","121.000","24.845","1608"
"994","363025","20220727031000","730","2","新竹縣","竹北市","121.000","24.855","970"
"715","363026","20220727031000","580","2","新竹縣","竹北市","121.010","24.845","699"
"261","363027","20220727031000","427","0","新竹縣","新埔鎮","121.015","24.850","275"
"311","363028","20220727031000","254","2","新竹縣","竹北市","121.020","24.845","300"
"108","363029","20220727031000","68","3","新竹縣","竹北市","121.000","24.850","102"
"1463","363032","20220727031000","998","2","新竹縣","芎林鄉","121.080","24.775","1443"
"17","363046","20220727031000","12","2","新竹縣","關西鎮","121.140","24.790","16"
"14","363048","20220727031000","11","2","新竹縣","關西鎮","121.150","24.790","15"
"118","363062","20220727031000","96","2","新竹縣","關西鎮","121.185","24.800","106"
"388","363073","20220727031000","318","2","新竹縣","關西鎮","121.200","24.810","363"
"133","363082","20220727031000","58","3","新竹縣","關西鎮","121.180","24.820","99"
"87","363084","20220727031000","80","1","新竹縣","關西鎮","121.175","24.825","92"
"1023","363085","20220727031000","832","2","桃園市","龍潭區","121.180","24.825","978"
"903","363086","20220727031000","856","1","新竹市","東區","120.975","24.795","915"
"1314","363088","20220727031000","1245","1","新竹縣","寶山鄉","120.985","24.775","1307"
"573","363090","20220727031000","459","2","新竹市","東區","120.980","24.780","574"
"1449","363093","20220727031000","1425","1","新竹市","東區","120.980","24.785","1479"
"1505","363094","20220727031000","1183","2","新竹縣","新豐鄉","121.000","24.875","1536"
"1035","363095","20220727031000","951","1","新竹縣","新豐鄉","120.995","24.880","1044"
"459","363096","20220727031000","477","0","新竹縣","新豐鄉","121.000","24.880","452"
"436","363097","20220727031000","368","1","新竹縣","新豐鄉","121.005","24.880","394"
"2351","363098","20220727031000","1520","3","新竹縣","新豐鄉","120.990","24.870","2314"
"3723","363099","20220727031000","3417","1","新竹縣","新豐鄉","120.995","24.870","3709"
"1869","363100","20220727031000","1655","1","新竹縣","新豐鄉","120.985","24.865","1853"
"511","363101","20220727031000","418","2","新竹縣","新豐鄉","120.990","24.865","504"
"124","363102","20220727031000","428","0","新竹縣","新豐鄉","120.985","24.870","113"
"747","363103","20220727031000","604","2","新竹縣","新豐鄉","120.985","24.875","760"
"594","363109","20220727031000","577","1","新竹縣","關西鎮","121.145","24.805","590"
"35","363127","20220727031000","38","0","新竹縣","關西鎮","121.120","24.780","32"
"18","363131","20220727031000","16","1","新竹縣","關西鎮","121.115","24.785","18"
"164","363143","20220727031000","131","2","新竹縣","關西鎮","121.130","24.790","166"
"91","363153","20220727031000","49","3","新竹縣","關西鎮","121.200","24.775","93"
"1069","363158","20220727031000","922","1","新竹縣","關西鎮","121.175","24.785","1077"
"60","363159","20220727031000","50","2","新竹縣","關西鎮","121.180","24.790","60"
"1071","363160","20220727031000","916","1","新竹縣","關西鎮","121.185","24.790","1077"
"420","363164","20220727031000","349","2","新竹縣","關西鎮","121.190","24.795","407"
"12","363183","20220727031000","25","0","新竹縣","關西鎮","121.205","24.780","18"
"27","363187","20220727031000","21","2","新竹縣","關西鎮","121.195","24.785","24"
"230","363195","20220727031000","144","3","新竹縣","關西鎮","121.195","24.790","238"
"16","363197","20220727031000","13","2","新竹縣","關西鎮","121.205","24.790","18"
"43","363217","20220727031000","46","0","新竹縣","關西鎮","121.230","24.795","46"
"102","363223","20220727031000","63","3","新竹縣","關西鎮","121.235","24.800","94"
"15","363229","20220727031000","12","2","新竹縣","關西鎮","121.135","24.820","14"
"467","363233","20220727031000","491","0","新竹縣","關西鎮","121.115","24.825","432"
"430","363245","20220727031000","243","3","新竹縣","關西鎮","121.115","24.830","363"
"761","363256","20220727031000","475","3","新竹縣","關西鎮","121.165","24.830","739"
"72","363258","20220727031000","49","2","新竹縣","新埔鎮","121.125","24.835","72"
"195","363272","20220727031000","219","0","新竹縣","關西鎮","121.150","24.840","223"
"1108","363274","20220727031000","920","2","新竹縣","關西鎮","121.135","24.810","1100"
"30","363279","20220727031000","48","0","新竹縣","關西鎮","121.130","24.815","32"
"22","363288","20220727031000","19","1","新竹縣","關西鎮","121.165","24.795","22"
"482","363291","20220727031000","424","1","新竹縣","關西鎮","121.165","24.800","471"
"2660","363304","20220727031000","2161","2","新竹縣","關西鎮","121.175","24.790","2649"
"199","363305","20220727031000","265","0","新竹縣","關西鎮","121.170","24.795","210"
"348","363306","20220727031000","353","0","新竹縣","關西鎮","121.175","24.795","345"
"67","363308","20220727031000","59","1","新竹縣","關西鎮","121.175","24.805","57"
"3283","363344","20220727031000","2137","3","桃園市","龍潭區","121.230","24.875","3213"
"396","363345","20220727031000","443","0","桃園市","龍潭區","121.230","24.880","391"
"1054","363346","20220727031000","986","1","桃園市","龍潭區","121.225","24.855","1051"
"91","363347","20220727031000","78","1","桃園市","龍潭區","121.230","24.855","77"
"40","363355","20220727031000","39","1","桃園市","龍潭區","121.235","24.865","37"
"67","363358","20220727031000","376","0","桃園市","龍潭區","121.230","24.870","78"
"585","363359","20220727031000","561","1","桃園市","龍潭區","121.235","24.870","529"
"264","363362","20220727031000","368","0","桃園市","平鎮區","121.245","24.875","249"
"1080","363365","20220727031000","1050","1","桃園市","龍潭區","121.235","24.840","1096"
"1495","363366","20220727031000","1382","1","桃園市","龍潭區","121.240","24.835","1500"
"236","363369","20220727031000","219","1","桃園市","龍潭區","121.240","24.845","251"
"203","363370","20220727031000","114","3","桃園市","龍潭區","121.245","24.850","193"
"82","363371","20220727031000","57","2","桃園市","龍潭區","121.250","24.850","85"
"466","363374","20220727031000","236","3","桃園市","龍潭區","121.250","24.855","486"
"13","363376","20220727031000","27","0","桃園市","龍潭區","121.255","24.860","10"
"276","363377","20220727031000","204","2","桃園市","龍潭區","121.180","24.870","245"
"1069","363380","20220727031000","999","1","桃園市","龍潭區","121.195","24.870","1078"
"479","363388","20220727031000","386","2","桃園市","龍潭區","121.185","24.880","458"
"1544","363392","20220727031000","1086","2","桃園市","龍潭區","121.185","24.885","1497"
"31","363394","20220727031000","26","1","桃園市","龍潭區","121.180","24.885","34"
"252","363396","20220727031000","240","1","桃園市","龍潭區","121.190","24.885","266"
"97","363397","20220727031000","89","1","桃園市","龍潭區","121.190","24.890","88"
"4338","363481","20220727031000","3922","1","新竹市","東區","120.975","24.810","4352"
"2862","363482","20220727031000","2414","1","新竹市","東區","120.970","24.800","2966"
"954","363483","20220727031000","927","1","新竹市","東區","120.970","24.810","910"
"752","363484","20220727031000","629","1","新竹市","東區","120.970","24.785","720"
"1478","363485","20220727031000","965","3","新竹市","東區","120.975","24.785","1484"
"4711","363486","20220727031000","4191","1","新竹市","東區","120.965","24.795","4558"
"740","363502","20220727031000","625","1","桃園市","龍潭區","121.185","24.840","645"
"523","363507","20220727031000","567","0","桃園市","龍潭區","121.185","24.845","503"
"178","363514","20220727031000","178","1","桃園市","龍潭區","121.195","24.850","161"
"288","363523","20220727031000","198","2","桃園市","龍潭區","121.190","24.860","272"
"435","363528","20220727031000","444","0","桃園市","龍潭區","121.245","24.835","451"
"350","363532","20220727031000","243","2","桃園市","龍潭區","121.245","24.840","373"
"102","363557","20220727031000","88","1","桃園市","龍潭區","121.240","24.830","99"
"650","363560","20220727031000","555","1","桃園市","龍潭區","121.230","24.835","645"
"63","363589","20220727031000","32","3","桃園市","龍潭區","121.160","24.870","56"
"891","363593","20220727031000","635","2","桃園市","龍潭區","121.210","24.840","832"
"445","363597","20220727031000","306","2","桃園市","龍潭區","121.200","24.855","381"
"622","363599","20220727031000","638","0","桃園市","龍潭區","121.210","24.855","638"
"1385","363602","20220727031000","844","3","桃園市","龍潭區","121.225","24.845","1309"
"306","363603","20220727031000","508","0","桃園市","龍潭區","121.230","24.845","312"
"14","363605","20220727031000","16","0","桃園市","龍潭區","121.225","24.850","14"
"1636","363611","20220727031000","1481","1","桃園市","龍潭區","121.220","24.850","1627"
"1215","363613","20220727031000","1006","2","桃園市","龍潭區","121.215","24.865","1260"
"610","363614","20220727031000","604","1","桃園市","龍潭區","121.220","24.865","600"
"639","363615","20220727031000","480","2","桃園市","龍潭區","121.210","24.870","545"
"913","363616","20220727031000","832","1","桃園市","龍潭區","121.215","24.870","896"
"637","363620","20220727031000","561","1","桃園市","龍潭區","121.220","24.860","628"
"400","363625","20220727031000","336","1","桃園市","龍潭區","121.205","24.865","373"
"181","363626","20220727031000","161","1","桃園市","龍潭區","121.200","24.870","174"
"1672","363627","20220727031000","1128","2","桃園市","龍潭區","121.205","24.870","1565"
"3446","363628","20220727031000","3086","1","新竹縣","竹北市","121.020","24.835","3463"
"2296","363629","20220727031000","1921","1","新竹縣","竹北市","121.025","24.835","2430"
"1102","363630","20220727031000","1262","0","新竹縣","竹北市","121.010","24.835","1115"
"464","363633","20220727031000","414","1","新竹市","東區","120.960","24.780","479"
"614","363634","20220727031000","513","1","新竹市","東區","120.965","24.780","620"
"1518","363637","20220727031000","1337","1","新竹市","東區","120.965","24.785","1579"
"3934","363639","20220727031000","3515","1","新竹市","東區","120.965","24.790","3966"
"2700","363641","20220727031000","2982","0","新竹市","東區","121.020","24.785","2543"
"570","363642","20220727031000","335","3","新竹縣","竹東鎮","121.025","24.785","518"
"1110","363644","20220727031000","921","2","新竹縣","竹東鎮","121.035","24.775","1103"
"203","363646","20220727031000","141","2","新竹縣","竹東鎮","121.045","24.775","214"
"3317","363648","20220727031000","2798","1","新竹縣","竹東鎮","121.030","24.780","3294"
"335","363649","20220727031000","614","0","新竹縣","竹東鎮","121.035","24.780","329"
"99","363651","20220727031000","345","0","新竹縣","竹東鎮","121.045","24.780","98"
"1055","363655","20220727031000","1073","0","桃園市","龍潭區","121.235","24.880","1051"
"1052","363658","20220727031000","898","1","桃園市","龍潭區","121.240","24.880","1002"
"68","363661","20220727031000","48","2","桃園市","龍潭區","121.240","24.810","62"
"625","363663","20220727031000","495","2","桃園市","龍潭區","121.240","24.815","619"
"12","363664","20220727031000","32","0","桃園市","龍潭區","121.235","24.820","12"
"304","363667","20220727031000","298","1","桃園市","龍潭區","121.230","24.825","300"
"647","363668","20220727031000","566","1","桃園市","龍潭區","121.235","24.825","735"
"1042","363676","20220727031000","815","2","桃園市","龍潭區","121.230","24.840","1021"
"563","363677","20220727031000","497","1","新竹縣","竹北市","121.005","24.845","575"
"1595","363682","20220727031000","1273","2","新竹縣","芎林鄉","121.080","24.780","1605"
"239","363685","20220727031000","164","2","新竹縣","芎林鄉","121.075","24.785","239"
"1250","363687","20220727031000","1204","1","新竹縣","芎林鄉","121.070","24.790","1245"
"860","363696","20220727031000","506","3","新竹縣","芎林鄉","121.060","24.795","879"
"729","363709","20220727031000","683","1","新竹縣","芎林鄉","121.090","24.775","761"
"38","363721","20220727031000","34","1","新竹縣","芎林鄉","121.085","24.780","36"
"12","363725","20220727031000","63","0","新竹縣","芎林鄉","121.100","24.780","14"
"313","363728","20220727031000","281","1","新竹縣","芎林鄉","121.100","24.785","305"
"1114","363737","20220727031000","976","1","新竹縣","竹北市","120.985","24.835","1243"
"659","363744","20220727031000","471","2","新竹縣","竹北市","120.975","24.840","646"
"766","363746","20220727031000","610","2","新竹縣","竹北市","120.955","24.840","787"
"551","363748","20220727031000","473","1","新竹縣","竹北市","120.965","24.840","555"
"138","363755","20220727031000","139","0","新竹縣","竹北市","120.960","24.850","138"
"49","363765","20220727031000","296","0","宜蘭縣","礁溪鄉","121.790","24.795","49"
"45","363769","20220727031000","94","0","宜蘭縣","礁溪鄉","121.780","24.800","48"
"197","363770","20220727031000","187","1","宜蘭縣","礁溪鄉","121.785","24.800","216"
"231","363777","20220727031000","181","2","宜蘭縣","礁溪鄉","121.790","24.810","222"
"1295","363779","20220727031000","844","3","宜蘭縣","礁溪鄉","121.775","24.830","1164"
"665","363783","20220727031000","561","1","宜蘭縣","礁溪鄉","121.780","24.835","660"
"382","363797","20220727031000","294","2","宜蘭縣","礁溪鄉","121.790","24.830","397"
"26","363798","20220727031000","33","0","宜蘭縣","礁溪鄉","121.785","24.835","20"
"1395","363803","20220727031000","974","2","桃園市","平鎮區","121.200","24.890","1394"
"1708","363805","20220727031000","1788","0","新竹市","北區","120.955","24.805","1700"
"620","363808","20220727031000","720","0","新竹市","北區","120.945","24.815","558"
"15","363811","20220727031000","20","0","新竹市","北區","120.955","24.785","10"
"2558","363814","20220727031000","2153","1","新竹市","北區","120.955","24.790","2513"
"884","363815","20220727031000","897","0","新竹市","香山區","120.950","24.795","885"
"1093","363816","20220727031000","1081","1","桃園市","大溪區","121.290","24.885","1089"
"1698","363817","20220727031000","1534","1","新竹縣","寶山鄉","120.990","24.775","1656"
"663","363818","20220727031000","523","2","新竹縣","寶山鄉","120.995","24.775","653"
"1783","363819","20220727031000","1573","1","新竹縣","寶山鄉","121.000","24.775","1683"
"1385","363821","20220727031000","1064","2","新竹市","東區","120.995","24.780","1405"
"2150","363824","20220727031000","1240","3","新竹縣","竹北市","121.010","24.820","2184"
"2026","363825","20220727031000","1805","1","新竹縣","竹北市","121.015","24.820","2036"
"2262","363826","20220727031000","1756","2","新竹縣","竹北市","121.005","24.825","2281"
"3502","363827","20220727031000","2990","1","新竹縣","竹北市","121.010","24.825","3464"
"2608","363828","20220727031000","2110","2","新竹縣","竹北市","121.005","24.830","2623"
"614","363835","20220727031000","561","1","新竹縣","新埔鎮","121.050","24.835","619"
"718","363837","20220727031000","567","2","新竹縣","新埔鎮","121.045","24.840","744"
"259","363839","20220727031000","35","3","新竹縣","新埔鎮","121.055","24.840","243"
"828","363852","20220727031000","717","1","新竹縣","新埔鎮","121.025","24.845","841"
"236","363854","20220727031000","62","3","新竹縣","新埔鎮","121.035","24.845","217"
"102","363855","20220727031000","288","0","新竹縣","新埔鎮","121.040","24.845","105"
"22","363860","20220727031000","26","0","新竹縣","新埔鎮","121.030","24.850","21"
"18","363864","20220727031000","15","2","桃園市","龍潭區","121.210","24.875","18"
"1562","363865","20220727031000","1357","1","桃園市","龍潭區","121.205","24.880","1548"
"361","363866","20220727031000","368","0","新竹縣","竹北市","120.980","24.840","359"
"945","363870","20220727031000","910","1","新竹縣","竹北市","120.975","24.850","933"
"535","363871","20220727031000","475","1","新竹縣","竹北市","120.980","24.850","524"
"89","363872","20220727031000","340","0","新竹縣","竹東鎮","121.055","24.775","74"
"982","363875","20220727031000","525","3","新竹縣","竹東鎮","121.055","24.780","920"
"137","363877","20220727031000","173","0","新竹縣","竹東鎮","121.055","24.785","165"
"54","363882","20220727031000","56","0","宜蘭縣","礁溪鄉","121.745","24.800","63"
"265","363884","20220727031000","231","1","宜蘭縣","礁溪鄉","121.755","24.800","263"
"1275","363890","20220727031000","809","3","宜蘭縣","礁溪鄉","121.740","24.780","1280"
"136","363899","20220727031000","113","2","宜蘭縣","礁溪鄉","121.740","24.790","143"
"418","363936","20220727031000","531","0","新竹市","香山區","120.950","24.775","420"
"483","363940","20220727031000","461","1","新竹市","香山區","120.950","24.780","508"
"279","363941","20220727031000","353","0","新竹市","香山區","120.935","24.795","267"
"607","363948","20220727031000","567","1","新竹市","香山區","120.925","24.800","643"
"2615","363957","20220727031000","1841","2","新竹縣","竹北市","120.995","24.835","2615"
"771","363960","20220727031000","940","0","新竹縣","竹北市","121.000","24.825","767"
"649","363961","20220727031000","535","2","新竹縣","竹北市","120.990","24.830","591"
"1276","363963","20220727031000","1076","1","新竹縣","竹北市","121.000","24.830","1276"
"1766","363964","20220727031000","1715","1","新竹縣","竹北市","121.000","24.835","1728"
"686","363965","20220727031000","683","1","新竹縣","竹北市","121.005","24.835","655"
"701","363968","20220727031000","696","1","新竹縣","竹北市","120.970","24.835","672"
"3224","363976","20220727031000","2677","2","桃園市","龍潭區","121.215","24.860","3155"
"1141","363977","20220727031000","664","3","桃園市","龍潭區","121.210","24.865","1078"
"349","363980","20220727031000","220","3","新竹縣","新埔鎮","121.110","24.815","358"
"63","363983","20220727031000","49","2","新竹縣","新埔鎮","121.100","24.820","56"
"605","363985","20220727031000","517","1","新竹縣","新埔鎮","121.090","24.825","637"
"371","363989","20220727031000","219","3","新竹縣","關西鎮","121.110","24.825","292"
"183","363993","20220727031000","528","0","新竹市","北區","120.965","24.820","192"
"2775","363994","20220727031000","2342","1","新竹市","北區","120.970","24.820","2769"
"2038","363995","20220727031000","2467","0","新竹市","北區","120.955","24.810","2051"
"3053","363996","20220727031000","2699","1","新竹市","北區","120.960","24.810","3055"
"805","363997","20220727031000","775","1","宜蘭縣","頭城鎮","121.825","24.860","826"
"36","364010","20220727031000","30","2","桃園市","大溪區","121.295","24.835","34"
"39","364013","20220727031000","37","1","桃園市","大溪區","121.280","24.840","43"
"816","364024","20220727031000","565","2","桃園市","大溪區","121.285","24.850","966"
"16","364043","20220727031000","17","0","桃園市","大溪區","121.305","24.860","15"
"388","364050","20220727031000","253","3","桃園市","大溪區","121.295","24.865","315"
"73","364052","20220727031000","73","1","桃園市","大溪區","121.305","24.865","67"
"365","364061","20220727031000","259","2","桃園市","大溪區","121.300","24.870","349"
"216","364068","20220727031000","194","1","桃園市","大溪區","121.300","24.875","237"
"48","364070","20220727031000","35","2","桃園市","大溪區","121.310","24.875","83"
"204","364110","20220727031000","214","0","桃園市","大溪區","121.270","24.840","224"
"50","364116","20220727031000","18","3","桃園市","大溪區","121.275","24.850","58"
"730","364119","20220727031000","482","3","新竹縣","新豐鄉","121.005","24.885","734"
"838","364123","20220727031000","688","2","新竹縣","新豐鄉","121.005","24.890","879"
"431","364126","20220727031000","406","1","新竹縣","湖口鄉","121.020","24.890","399"
"138","364127","20220727031000","64","3","新竹縣","新豐鄉","120.995","24.875","143"
"477","364129","20220727031000","463","1","新竹縣","新豐鄉","120.990","24.880","472"
"176","364130","20220727031000","260","0","新竹縣","新豐鄉","120.990","24.885","187"
"1401","364132","20220727031000","1396","1","新竹縣","新豐鄉","120.990","24.890","1406"
"287","364139","20220727031000","288","0","新竹縣","湖口鄉","121.025","24.890","281"
"721","364141","20220727031000","774","0","新竹縣","湖口鄉","121.035","24.890","768"
"785","364143","20220727031000","685","1","新竹縣","湖口鄉","121.020","24.860","782"
"166","364146","20220727031000","154","1","新竹縣","湖口鄉","121.015","24.865","166"
"302","364147","20220727031000","167","3","新竹縣","湖口鄉","121.020","24.865","296"
"1845","364148","20220727031000","1442","2","新竹縣","湖口鄉","121.025","24.865","1841"
"595","364149","20220727031000","625","0","新竹縣","湖口鄉","121.030","24.865","626"
"327","364163","20220727031000","496","0","新竹縣","湖口鄉","121.035","24.875","328"
"791","364164","20220727031000","820","0","新竹縣","湖口鄉","121.040","24.875","779"
"299","364168","20220727031000","424","0","新竹縣","湖口鄉","121.035","24.880","296"
"320","364171","20220727031000","355","0","新竹縣","湖口鄉","121.050","24.880","326"
"222","364189","20220727031000","184","2","新竹縣","湖口鄉","121.075","24.880","217"
"211","364194","20220727031000","204","1","新竹縣","湖口鄉","121.070","24.885","200"
"252","364195","20220727031000","195","2","新竹縣","湖口鄉","121.075","24.885","294"
"684","364201","20220727031000","680","1","新竹縣","湖口鄉","121.055","24.880","650"
"365","364202","20220727031000","242","3","新竹縣","湖口鄉","121.060","24.880","371"
"553","364205","20220727031000","613","0","新竹縣","湖口鄉","121.050","24.885","532"
"84","364211","20220727031000","87","0","新竹縣","湖口鄉","121.105","24.880","80"
"398","364216","20220727031000","429","0","新竹縣","湖口鄉","121.090","24.885","397"
"153","364221","20220727031000","142","1","新竹縣","湖口鄉","121.095","24.885","148"
"44","364222","20220727031000","33","2","新竹縣","湖口鄉","121.100","24.885","62"
"73","364228","20220727031000","60","2","新竹縣","湖口鄉","121.110","24.890","85"
"202","364231","20220727031000","143","2","新竹縣","湖口鄉","121.085","24.885","178"
"477","364236","20220727031000","364","2","新竹縣","湖口鄉","121.080","24.890","505"
"310","364238","20220727031000","346","0","新竹縣","湖口鄉","121.090","24.890","362"
"2541","364239","20220727031000","2538","1","新竹縣","湖口鄉","121.015","24.870","2691"
"537","364240","20220727031000","661","0","新竹縣","湖口鄉","121.015","24.875","536"
"1008","364242","20220727031000","800","2","新竹縣","湖口鄉","121.025","24.875","1025"
"499","364243","20220727031000","491","1","新竹縣","湖口鄉","121.010","24.880","520"
"3415","364244","20220727031000","2632","2","新竹市","北區","120.965","24.805","3397"
"21","364290","20220727031000","21","1","新北市","新店區","121.510","24.890","17"
"18","364291","20220727031000","14","2","新北市","新店區","121.515","24.890","15"
"473","364296","20220727031000","655","0","桃園市","大溪區","121.265","24.885","500"
"500","364314","20220727031000","299","3","桃園市","大溪區","121.280","24.870","515"
"27","364340","20220727031000","26","1","桃園市","大溪區","121.285","24.820","32"
"94","364352","20220727031000","83","1","桃園市","大溪區","121.310","24.825","101"
"36","364359","20220727031000","20","3","桃園市","大溪區","121.305","24.830","41"
"11","364384","20220727031000","66","0","桃園市","大溪區","121.335","24.845","21"
"715","364405","20220727031000","496","2","桃園市","大溪區","121.300","24.890","768"
"802","364409","20220727031000","643","2","新竹縣","湖口鄉","121.045","24.890","854"
"51","364410","20220727031000","118","0","新竹縣","湖口鄉","121.050","24.890","45"
"157","364419","20220727031000","152","1","新竹縣","湖口鄉","121.040","24.860","185"
"1306","364424","20220727031000","1231","1","新竹縣","湖口鄉","121.035","24.865","1361"
"243","364429","20220727031000","156","3","新竹縣","湖口鄉","121.020","24.870","241"
"1101","364430","20220727031000","1606","0","新竹縣","湖口鄉","121.025","24.870","1082"
"1334","364431","20220727031000","1310","1","新竹縣","湖口鄉","121.030","24.870","1336"
"1327","364432","20220727031000","1520","0","新竹縣","湖口鄉","121.035","24.870","1385"
"906","364436","20220727031000","549","3","新竹縣","湖口鄉","121.030","24.875","845"
"31","364448","20220727031000","31","1","新竹縣","新埔鎮","121.095","24.805","28"
"278","364453","20220727031000","281","0","新竹縣","新埔鎮","121.090","24.810","254"
"57","364455","20220727031000","55","1","新竹縣","新埔鎮","121.100","24.810","71"
"138","364470","20220727031000","82","3","新竹縣","新埔鎮","121.095","24.855","136"
"372","364480","20220727031000","491","0","新竹縣","新埔鎮","121.060","24.835","357"
"326","364482","20220727031000","230","2","新竹縣","新埔鎮","121.060","24.840","328"
"2162","364497","20220727031000","2067","1","新竹縣","新埔鎮","121.085","24.830","2175"
"64","364505","20220727031000","52","2","新竹縣","芎林鄉","121.085","24.790","58"
"82","364507","20220727031000","56","2","新竹縣","新埔鎮","121.085","24.795","88"
"79","364516","20220727031000","60","2","新竹縣","新埔鎮","121.080","24.810","81"
"186","364518","20220727031000","178","1","新竹縣","新埔鎮","121.080","24.815","189"
"589","364538","20220727031000","476","2","新竹縣","新埔鎮","121.120","24.840","563"
"571","364549","20220727031000","612","0","新竹縣","新埔鎮","121.060","24.820","582"
"20","364554","20220727031000","13","3","新竹縣","新埔鎮","121.055","24.825","12"
"40","364557","20220727031000","666","0","新竹縣","新埔鎮","121.035","24.830","34"
"798","364558","20220727031000","642","2","新竹縣","新埔鎮","121.040","24.830","825"
"3382","364561","20220727031000","2180","3","新竹縣","新埔鎮","121.030","24.835","3217"
"28","364571","20220727031000","57","0","新竹縣","新埔鎮","121.145","24.855","31"
"1317","364579","20220727031000","1154","1","新竹縣","新埔鎮","121.080","24.830","1323"
"71","364580","20220727031000","58","2","新竹縣","新埔鎮","121.075","24.830","60"
"267","364581","20220727031000","239","1","宜蘭縣","宜蘭市","121.760","24.770","290"
"409","364583","20220727031000","246","3","宜蘭縣","宜蘭市","121.770","24.770","383"
"136","364585","20220727031000","136","1","宜蘭縣","宜蘭市","121.765","24.770","127"
"207","364586","20220727031000","181","1","宜蘭縣","宜蘭市","121.760","24.775","213"
"433","364587","20220727031000","339","2","宜蘭縣","宜蘭市","121.760","24.780","425"
"34","364588","20220727031000","34","1","桃園市","平鎮區","121.185","24.890","27"
"295","364590","20220727031000","225","2","桃園市","大溪區","121.285","24.865","345"
"680","364594","20220727031000","487","2","桃園市","大溪區","121.285","24.875","707"
"1265","364597","20220727031000","1138","1","桃園市","大溪區","121.285","24.880","1248"
"859","364599","20220727031000","1159","0","桃園市","大溪區","121.295","24.880","901"
"1330","364601","20220727031000","1187","1","桃園市","大溪區","121.270","24.880","1405"
"13","364604","20220727031000","14","0","桃園市","楊梅區","121.175","24.885","19"
"302","364607","20220727031000","286","1","桃園市","楊梅區","121.180","24.890","319"
"462","364609","20220727031000","524","0","桃園市","龍潭區","121.235","24.875","456"
"601","364612","20220727031000","497","2","桃園市","龍潭區","121.220","24.870","569"
"995","364613","20220727031000","773","2","桃園市","龍潭區","121.225","24.870","1025"
"691","364614","20220727031000","501","2","桃園市","龍潭區","121.205","24.885","720"
"164","364615","20220727031000","94","3","桃園市","龍潭區","121.205","24.890","155"
"976","364616","20220727031000","1043","0","桃園市","龍潭區","121.210","24.885","1081"
"426","364618","20220727031000","366","1","新竹縣","竹北市","120.990","24.835","391"
"407","364620","20220727031000","444","0","新竹縣","竹北市","120.990","24.840","399"
"645","364623","20220727031000","707","0","新竹縣","竹北市","120.990","24.845","704"
"794","364629","20220727031000","1277","0","新竹縣","竹北市","121.045","24.795","782"
"1510","364631","20220727031000","1355","1","新竹縣","竹北市","121.040","24.800","1557"
"797","364632","20220727031000","710","1","新竹縣","竹北市","121.045","24.800","789"
"549","364633","20220727031000","564","0","新竹縣","竹北市","121.050","24.800","559"
"1621","364634","20220727031000","1254","2","新竹縣","竹北市","121.040","24.805","1635"
"573","364635","20220727031000","500","1","新竹縣","竹北市","121.045","24.805","636"
"2042","364637","20220727031000","1344","3","新竹縣","竹北市","121.020","24.810","2059"
"2405","364639","20220727031000","2129","1","新竹縣","竹北市","121.020","24.815","2351"
"1917","364640","20220727031000","2178","0","新竹縣","竹北市","121.025","24.815","1939"
"476","364641","20220727031000","338","2","新竹縣","竹北市","121.020","24.820","448"
"2255","364642","20220727031000","3023","0","新竹縣","竹北市","121.025","24.820","2262"
"1388","364648","20220727031000","1070","2","新竹市","北區","120.925","24.840","1375"
"754","364657","20220727031000","790","0","桃園市","龍潭區","121.210","24.890","732"
"65","364662","20220727031000","41","3","桃園市","復興區","121.325","24.775","77"
"12","364692","20220727031000","12","1","桃園市","復興區","121.335","24.790","16"
"115","364720","20220727031000","96","1","桃園市","復興區","121.345","24.805","104"
"188","364731","20220727031000","137","2","桃園市","復興區","121.350","24.815","214"
"94","364735","20220727031000","83","1","桃園市","復興區","121.350","24.820","98"
"79","364741","20220727031000","68","1","桃園市","復興區","121.370","24.825","81"
"112","364767","20220727031000","127","0","桃園市","復興區","121.375","24.800","111"
"27","364824","20220727031000","31","0","桃園市","復興區","121.375","24.785","29"
"27","364825","20220727031000","19","2","桃園市","復興區","121.380","24.785","23"
"56","364828","20220727031000","23","3","桃園市","復興區","121.395","24.785","59"
"74","364934","20220727031000","74","1","桃園市","復興區","121.305","24.800","93"
"47","364969","20220727031000","38","2","桃園市","復興區","121.400","24.805","42"
"60","365017","20220727031000","32","3","桃園市","復興區","121.390","24.825","49"
"118","365042","20220727031000","43","3","桃園市","復興區","121.385","24.835","65"
"204","365054","20220727031000","223","0","桃園市","楊梅區","121.155","24.880","203"
"90","365058","20220727031000","79","1","桃園市","楊梅區","121.155","24.885","104"
"393","365063","20220727031000","336","1","桃園市","楊梅區","121.150","24.885","351"
"275","365065","20220727031000","193","2","桃園市","楊梅區","121.160","24.885","221"
"36","365067","20220727031000","175","0","桃園市","楊梅區","121.150","24.890","37"
"986","365068","20220727031000","942","1","桃園市","楊梅區","121.155","24.890","1060"
"1239","365070","20220727031000","773","3","桃園市","楊梅區","121.170","24.885","1185"
"3068","365073","20220727031000","2990","1","新竹市","北區","120.955","24.795","3131"
"162","365074","20220727031000","148","1","新竹市","香山區","120.955","24.780","133"
"1896","365075","20220727031000","1649","1","新竹市","香山區","120.945","24.790","1914"
"665","365076","20220727031000","561","1","新竹市","香山區","120.950","24.790","681"
"1019","365079","20220727031000","1026","0","新竹市","香山區","120.925","24.790","1046"
"2613","365080","20220727031000","2773","0","新竹市","香山區","120.925","24.795","2613"
"1000","365083","20220727031000","1022","0","新竹市","香山區","120.940","24.775","959"
"344","365086","20220727031000","432","0","新竹市","香山區","120.940","24.780","336"
"341","365089","20220727031000","240","2","新竹市","香山區","120.935","24.785","338"
"2139","365090","20220727031000","1419","3","新竹縣","竹北市","121.015","24.840","2146"
"4163","365091","20220727031000","3803","1","新竹縣","竹北市","121.010","24.840","4166"
"1126","365092","20220727031000","975","1","桃園市","龍潭區","121.210","24.880","1101"
"657","365093","20220727031000","389","3","桃園市","龍潭區","121.215","24.880","624"
"782","365094","20220727031000","675","1","桃園市","龍潭區","121.215","24.885","680"
"456","365099","20220727031000","438","1","桃園市","龍潭區","121.200","24.875","447"
"589","365102","20220727031000","582","1","桃園市","龍潭區","121.195","24.885","582"
"257","365105","20220727031000","209","2","桃園市","龍潭區","121.200","24.885","258"
"944","365121","20220727031000","751","2","桃園市","龍潭區","121.180","24.835","926"
"400","365122","20220727031000","464","0","桃園市","龍潭區","121.185","24.835","376"
"495","365124","20220727031000","510","0","桃園市","龍潭區","121.195","24.835","420"
"698","365133","20220727031000","767","0","桃園市","龍潭區","121.200","24.850","637"
"574","365138","20220727031000","414","2","桃園市","龍潭區","121.210","24.810","540"
"77","365145","20220727031000","86","0","桃園市","龍潭區","121.205","24.820","71"
"168","365150","20220727031000","131","2","桃園市","龍潭區","121.205","24.825","134"
"73","365153","20220727031000","56","2","桃園市","龍潭區","121.220","24.825","62"
"692","365158","20220727031000","543","2","桃園市","龍潭區","121.205","24.835","653"
"885","365161","20220727031000","739","1","桃園市","龍潭區","121.205","24.840","847"
"418","365169","20220727031000","382","1","桃園市","龍潭區","121.230","24.885","420"
"1307","365173","20220727031000","1385","0","新竹市","北區","120.965","24.815","1317"
"978","365174","20220727031000","871","1","新竹市","北區","120.960","24.820","996"
"1563","365175","20220727031000","1617","0","新竹市","北區","120.960","24.800","1573"
"2351","365176","20220727031000","2098","1","新竹市","東區","120.980","24.795","2353"
"1186","365177","20220727031000","1510","0","新竹市","東區","120.985","24.795","1260"
"46","365178","20220727031000","146","0","新竹市","東區","120.985","24.790","47"
"2210","365183","20220727031000","1617","2","新竹市","北區","120.975","24.820","2171"
"1531","365184","20220727031000","1524","1","新竹市","北區","120.975","24.825","1484"
"695","365185","20220727031000","534","2","新竹市","北區","120.980","24.825","709"
"1526","365210","20220727031000","1507","1","新竹市","東區","121.000","24.800","1530"
"1888","365211","20220727031000","1929","0","新竹市","東區","121.000","24.795","1874"
"1154","365212","20220727031000","926","2","新竹市","東區","121.025","24.780","1200"
"330","365213","20220727031000","369","0","桃園市","龍潭區","121.245","24.880","300"
"360","365219","20220727031000","451","0","桃園市","平鎮區","121.240","24.890","354"
"1521","365221","20220727031000","1341","1","新竹市","北區","120.930","24.835","1536"
"1008","365222","20220727031000","908","1","新竹市","北區","120.935","24.835","987"
"4154","365223","20220727031000","3563","1","新竹市","北區","120.970","24.825","4207"
"4934","365224","20220727031000","4136","1","新竹市","東區","120.975","24.815","4892"
"3049","365225","20220727031000","2848","1","新竹市","東區","120.980","24.815","3133"
"1930","365226","20220727031000","1162","3","新竹市","北區","120.965","24.825","1923"
"674","365227","20220727031000","495","2","新竹市","北區","120.965","24.830","685"
"105","365229","20220727031000","103","1","桃園市","楊梅區","121.140","24.885","132"
"101","365231","20220727031000","106","0","桃園市","楊梅區","121.135","24.885","104"
"255","365234","20220727031000","106","3","桃園市","楊梅區","121.135","24.890","280"
"379","365235","20220727031000","350","1","桃園市","楊梅區","121.140","24.890","400"
"627","365236","20220727031000","713","0","桃園市","楊梅區","121.145","24.890","628"
"1121","365237","20220727031000","1045","1","新竹市","北區","120.950","24.805","1101"
"1559","365238","20220727031000","1335","1","新竹市","北區","120.940","24.840","1521"
"1039","365240","20220727031000","969","1","新竹市","北區","120.930","24.840","1042"
"874","365241","20220727031000","737","1","新竹市","北區","120.935","24.840","878"
"138","365243","20220727031000","138","1","新竹市","北區","120.925","24.845","164"
"957","365244","20220727031000","859","1","新竹市","北區","120.930","24.845","930"
"1631","365253","20220727031000","1533","1","新竹市","東區","120.965","24.800","1593"
"6441","365254","20220727031000","5690","1","新竹市","東區","121.005","24.795","6178"
"3590","365255","20220727031000","3338","1","新竹市","東區","121.010","24.795","3634"
"1099","365258","20220727031000","1068","1","新竹市","東區","121.015","24.795","1167"
"1092","365259","20220727031000","714","3","新竹市","東區","120.970","24.790","1058"
"1250","365261","20220727031000","920","2","新竹市","北區","120.955","24.815","1219"
"5908","365262","20220727031000","5183","1","新竹市","北區","120.960","24.815","5883"
"32","365263","20220727031000","291","0","新竹市","北區","120.955","24.820","28"
"794","365264","20220727031000","858","0","新竹市","北區","120.955","24.825","776"
"2797","365265","20220727031000","2821","0","新竹市","東區","121.010","24.790","2893"
"575","365266","20220727031000","1048","0","新竹市","東區","120.970","24.795","630"
"1082","365267","20220727031000","1036","1","新竹市","東區","120.980","24.790","1070"
"2195","365268","20220727031000","1853","1","新竹市","東區","120.970","24.805","2118"
"687","365269","20220727031000","695","0","新竹市","北區","120.945","24.805","659"
"827","365270","20220727031000","1211","0","新竹市","香山區","120.950","24.800","849"
"2236","365271","20220727031000","2075","1","新竹市","北區","120.955","24.800","2264"
"79","365292","20220727031000","76","1","桃園市","復興區","121.340","24.820","76"
"11","365296","20220727031000","35","0","桃園市","復興區","121.340","24.825","12"
"213","365304","20220727031000","188","1","桃園市","大溪區","121.330","24.835","236"
"112","365315","20220727031000","88","2","桃園市","復興區","121.350","24.835","118"
"1674","365322","20220727031000","1593","1","新竹市","東區","120.970","24.815","1673"
"3439","365323","20220727031000","2920","1","新竹市","北區","120.965","24.810","3458"
"2618","365324","20220727031000","2281","1","新竹市","東區","120.990","24.800","2607"
"54","365325","20220727031000","71","0","新竹市","東區","120.990","24.805","60"
"69","365326","20220727031000","69","1","新竹市","東區","120.995","24.805","84"
"599","365327","20220727031000","1035","0","新竹市","東區","120.995","24.785","609"
"307","365328","20220727031000","778","0","新竹市","東區","121.000","24.780","305"
"119","365330","20220727031000","207","0","新竹市","東區","120.990","24.785","115"
"1476","365331","20220727031000","2378","0","新竹市","東區","121.000","24.790","1527"
"1300","365332","20220727031000","1077","2","新竹市","東區","121.000","24.785","1380"
"141","365334","20220727031000","495","0","新竹市","東區","120.990","24.795","143"
"1015","365335","20220727031000","1929","0","新竹市","東區","120.990","24.790","997"
"1751","365336","20220727031000","1710","1","新竹市","東區","120.995","24.795","1733"
"1553","365337","20220727031000","1423","1","新竹市","東區","120.995","24.790","1585"
"799","365338","20220727031000","844","0","新竹市","北區","120.960","24.790","787"
"1434","365339","20220727031000","1220","1","新竹市","東區","120.980","24.800","1432"
"358","365340","20220727031000","335","1","新竹市","東區","120.990","24.810","364"
"1713","365341","20220727031000","1537","1","新竹市","東區","120.985","24.815","1710"
"695","365346","20220727031000","749","0","新竹市","東區","120.995","24.820","746"
"27","365352","20220727031000","146","0","新竹市","東區","121.015","24.805","20"
"232","365356","20220727031000","264","0","桃園市","楊梅區","121.130","24.885","253"
"146","365363","20220727031000","151","0","桃園市","楊梅區","121.125","24.890","160"
"196","365364","20220727031000","218","0","桃園市","楊梅區","121.130","24.890","203"
"32","367498","20220727031000","33","0","宜蘭縣","頭城鎮","121.880","24.910","39"
"59","369694","20220727031000","60","0","宜蘭縣","頭城鎮","121.895","24.940","55"
"17","369695","20220727031000","176","0","宜蘭縣","頭城鎮","121.900","24.940","21"
"504","373866","20220727031000","667","0","新北市","板橋區","121.435","24.985","495"
"2163","373867","20220727031000","3386","0","新北市","中和區","121.515","24.990","2117"
"28","373876","20220727031000","31","0","宜蘭縣","頭城鎮","121.850","24.895","38"
"181","373895","20220727031000","226","0","宜蘭縣","頭城鎮","121.890","24.940","204"
"66","373934","20220727031000","100","0","宜蘭縣","頭城鎮","121.900","24.945","62"
"19","373935","20220727031000","14","2","宜蘭縣","頭城鎮","121.900","24.950","24"
"31","373940","20220727031000","22","2","宜蘭縣","頭城鎮","121.915","24.950","36"
"154","373951","20220727031000","119","2","宜蘭縣","頭城鎮","121.920","24.960","151"
"156","373977","20220727031000","160","0","新北市","雙溪區","121.795","24.900","148"
"217","373991","20220727031000","211","1","宜蘭縣","頭城鎮","121.865","24.905","213"
"56","373993","20220727031000","60","0","宜蘭縣","頭城鎮","121.850","24.905","80"
"2433","374034","20220727031000","3178","0","新北市","中和區","121.525","24.990","2502"
"3169","374036","20220727031000","6198","0","新北市","土城區","121.465","24.985","3150"
"3307","374037","20220727031000","3300","1","新北市","土城區","121.470","24.990","3323"
"995","374042","20220727031000","1023","0","新北市","土城區","121.470","24.975","949"
"1184","374045","20220727031000","2066","0","新北市","新店區","121.545","24.980","1166"
"855","374046","20220727031000","963","0","新北市","中和區","121.480","24.965","811"
"18","374051","20220727031000","24","0","新北市","中和區","121.490","24.970","19"
"23","374054","20220727031000","20","1","新北市","中和區","121.495","24.975","17"
"420","374055","20220727031000","392","1","新北市","中和區","121.495","24.980","403"
"1475","374056","20220727031000","1921","0","新北市","中和區","121.505","24.985","1446"
"520","374067","20220727031000","480","1","新北市","三峽區","121.380","24.925","545"
"1846","374070","20220727031000","1832","1","新北市","三峽區","121.370","24.930","1836"
"354","374083","20220727031000","239","2","新北市","三峽區","121.405","24.905","370"
"60","374086","20220727031000","40","3","新北市","三峽區","121.380","24.910","63"
"54","374103","20220727031000","48","1","新北市","三峽區","121.350","24.900","50"
"110","374104","20220727031000","94","1","新北市","三峽區","121.355","24.900","118"
"102","374106","20220727031000","94","1","新北市","三峽區","121.365","24.900","86"
"357","374107","20220727031000","290","2","新北市","三峽區","121.360","24.905","351"
"88","374108","20220727031000","143","0","新北市","三峽區","121.365","24.905","76"
"731","374109","20220727031000","734","0","新北市","三峽區","121.365","24.910","744"
"180","374111","20220727031000","163","1","新北市","三峽區","121.365","24.920","175"
"60","374139","20220727031000","51","1","新北市","三峽區","121.465","24.915","68"
"63","374147","20220727031000","49","2","新北市","三峽區","121.455","24.920","66"
"18","374151","20220727031000","15","2","新北市","三峽區","121.475","24.920","16"
"136","374167","20220727031000","94","2","新北市","三峽區","121.445","24.925","130"
"146","374179","20220727031000","117","2","新北市","三峽區","121.455","24.930","166"
"46","374183","20220727031000","45","1","新北市","三峽區","121.445","24.935","45"
"2584","374196","20220727031000","2662","0","新北市","新店區","121.550","24.970","2591"
"381","374198","20220727031000","583","0","新北市","新店區","121.550","24.975","393"
"840","374199","20220727031000","924","0","新北市","土城區","121.455","24.990","829"
"1380","374200","20220727031000","977","2","新北市","土城區","121.440","24.980","1372"
"278","374201","20220727031000","445","0","新北市","土城區","121.445","24.980","261"
"3301","374203","20220727031000","3158","1","新北市","中和區","121.495","24.990","3328"
"2176","374204","20220727031000","2248","0","新北市","中和區","121.510","24.985","2152"
"4681","374205","20220727031000","5096","0","新北市","新店區","121.545","24.975","4715"
"1208","374206","20220727031000","1275","0","新北市","新店區","121.550","24.980","1246"
"2055","374207","20220727031000","2833","0","新北市","中和區","121.505","24.980","2152"
"33","374212","20220727031000","30","1","新北市","中和區","121.485","24.980","40"
"214","374215","20220727031000","223","0","新北市","中和區","121.485","24.990","226"
"77","374216","20220727031000","60","2","新北市","中和區","121.500","24.970","75"
"107","374217","20220727031000","115","0","新北市","中和區","121.500","24.975","121"
"790","374218","20220727031000","687","1","新北市","中和區","121.505","24.975","776"
"511","374219","20220727031000","516","0","新北市","新店區","121.510","24.975","501"
"29","374220","20220727031000","26","1","新北市","中和區","121.500","24.980","39"
"3943","374221","20220727031000","4291","0","新北市","樹林區","121.375","24.945","4015"
"1145","374222","20220727031000","1028","1","新北市","三峽區","121.370","24.925","1165"
"1087","374223","20220727031000","1834","0","新北市","三峽區","121.365","24.930","1096"
"168","374240","20220727031000","107","3","新北市","三峽區","121.345","24.915","168"
"21","374252","20220727031000","179","0","新北市","三峽區","121.360","24.925","17"
"156","374255","20220727031000","108","2","新北市","三峽區","121.420","24.925","158"
"923","374266","20220727031000","562","3","新北市","中和區","121.500","24.985","909"
"280","374267","20220727031000","1838","0","新北市","中和區","121.500","24.990","276"
"5523","374268","20220727031000","5977","0","新北市","中和區","121.510","24.990","5602"
"2591","374272","20220727031000","2559","1","新北市","三峽區","121.370","24.935","2535"
"365","374277","20220727031000","350","1","新北市","三峽區","121.370","24.900","347"
"157","374283","20220727031000","189","0","新北市","三峽區","121.395","24.935","165"
"280","374286","20220727031000","243","1","新北市","三峽區","121.400","24.940","256"
"89","374288","20220727031000","111","0","新北市","三峽區","121.405","24.945","96"
"529","374295","20220727031000","401","2","新北市","三峽區","121.390","24.930","504"
"469","374297","20220727031000","391","1","新北市","三峽區","121.400","24.930","484"
"235","374300","20220727031000","170","2","新北市","三峽區","121.415","24.925","238"
"515","374302","20220727031000","426","2","新北市","三峽區","121.410","24.930","488"
"20","374321","20220727031000","17","1","新北市","三峽區","121.420","24.900","24"
"90","374335","20220727031000","58","3","新北市","三峽區","121.435","24.905","79"
"104","374343","20220727031000","93","1","新北市","三峽區","121.420","24.910","105"
"174","374363","20220727031000","99","3","新北市","三峽區","121.425","24.920","175"
"165","374371","20220727031000","142","1","新北市","三峽區","121.425","24.925","160"
"19","374390","20220727031000","138","0","新北市","三峽區","121.360","24.935","17"
"2582","374391","20220727031000","2476","1","新北市","三峽區","121.365","24.935","2577"
"846","374393","20220727031000","1156","0","新北市","三峽區","121.375","24.935","871"
"626","374394","20220727031000","517","2","新北市","三峽區","121.380","24.935","651"
"1683","374396","20220727031000","1442","1","新北市","三峽區","121.380","24.940","1707"
"1481","374402","20220727031000","1659","0","新北市","三峽區","121.370","24.940","1469"
"1450","374403","20220727031000","2459","0","新北市","三峽區","121.375","24.940","1426"
"201","374405","20220727031000","219","0","新北市","三峽區","121.370","24.945","190"
"703","374408","20220727031000","599","1","新北市","三峽區","121.365","24.925","717"
"43","374410","20220727031000","35","2","新北市","三峽區","121.370","24.920","41"
"807","374412","20220727031000","771","1","新北市","三峽區","121.375","24.925","766"
"18","374414","20220727031000","18","1","新北市","三峽區","121.340","24.900","16"
"526","374418","20220727031000","511","1","新北市","三峽區","121.355","24.910","537"
"1812","374420","20220727031000","1919","0","新北市","三峽區","121.375","24.930","1795"
"519","374421","20220727031000","565","0","新北市","三峽區","121.385","24.930","552"
"2402","374422","20220727031000","4193","0","新北市","中和區","121.505","24.990","2476"
"1368","374423","20220727031000","2186","0","新北市","土城區","121.455","24.985","1329"
"1931","374424","20220727031000","1481","2","新北市","土城區","121.470","24.985","1939"
"193","374427","20220727031000","20","3","宜蘭縣","頭城鎮","121.870","24.910","185"
"30","374433","20220727031000","23","2","宜蘭縣","頭城鎮","121.880","24.920","28"
"38","374451","20220727031000","29","2","宜蘭縣","頭城鎮","121.885","24.935","32"
"3025","374458","20220727031000","4315","0","新北市","中和區","121.520","24.990","2991"
"3567","374459","20220727031000","3473","1","新北市","樹林區","121.415","24.980","3589"
"1005","374462","20220727031000","981","1","新北市","樹林區","121.385","24.955","1025"
"11","374466","20220727031000","14","0","新北市","樹林區","121.380","24.970","12"
"59","374467","20220727031000","131","0","新北市","樹林區","121.385","24.970","53"
"160","374493","20220727031000","912","0","新北市","新店區","121.535","24.990","150"
"396","374494","20220727031000","266","2","新北市","新店區","121.530","24.955","400"
"168","374495","20220727031000","151","1","新北市","新店區","121.535","24.955","179"
"916","374496","20220727031000","846","1","新北市","新店區","121.535","24.960","1004"
"132","374498","20220727031000","405","0","新北市","新店區","121.520","24.970","264"
"1563","374500","20220727031000","1870","0","新北市","新店區","121.515","24.975","1677"
"1836","374512","20220727031000","2228","0","新北市","樹林區","121.420","24.990","1807"
"4112","374513","20220727031000","3637","1","新北市","中和區","121.510","24.980","4099"
"1678","374514","20220727031000","1574","1","新北市","土城區","121.460","24.975","1706"
"625","374515","20220727031000","643","0","新北市","新店區","121.520","24.980","612"
"1150","374516","20220727031000","1678","0","新北市","新店區","121.520","24.985","1136"
"135","374517","20220727031000","118","1","桃園市","大溪區","121.310","24.895","137"
"10","374520","20220727031000","16","0","桃園市","大溪區","121.330","24.895","13"
"24","374524","20220727031000","26","0","桃園市","大溪區","121.320","24.905","36"
"61","374544","20220727031000","49","2","桃園市","大溪區","121.305","24.925","69"
"926","374548","20220727031000","782","1","桃園市","中壢區","121.240","24.940","946"
"140","374549","20220727031000","84","3","桃園市","中壢區","121.245","24.940","107"
"184","374550","20220727031000","176","1","桃園市","中壢區","121.235","24.945","208"
"788","374551","20220727031000","706","1","桃園市","中壢區","121.240","24.945","803"
"313","374552","20220727031000","458","0","桃園市","中壢區","121.240","24.980","415"
"762","374554","20220727031000","669","1","桃園市","中壢區","121.240","24.930","788"
"209","374555","20220727031000","412","0","桃園市","中壢區","121.245","24.930","200"
"896","374556","20220727031000","975","0","桃園市","中壢區","121.235","24.930","888"
"2187","374558","20220727031000","2060","1","桃園市","中壢區","121.250","24.930","2211"
"368","374560","20220727031000","397","0","桃園市","平鎮區","121.205","24.930","379"
"1102","374561","20220727031000","1076","1","桃園市","平鎮區","121.200","24.935","1174"
"103","374562","20220727031000","109","0","桃園市","平鎮區","121.205","24.935","83"
"837","374563","20220727031000","1173","0","桃園市","平鎮區","121.205","24.940","839"
"1860","374564","20220727031000","2243","0","桃園市","平鎮區","121.210","24.955","1810"
"1726","374565","20220727031000","1692","1","桃園市","平鎮區","121.205","24.955","1739"
"655","374566","20220727031000","678","0","桃園市","平鎮區","121.240","24.910","672"
"106","374575","20220727031000","62","3","桃園市","平鎮區","121.195","24.945","91"
"2256","374577","20220727031000","2632","0","桃園市","平鎮區","121.200","24.950","2278"
"1646","374578","20220727031000","1492","1","桃園市","平鎮區","121.200","24.955","1603"
"1138","374579","20220727031000","1249","0","桃園市","平鎮區","121.215","24.950","1140"
"294","374580","20220727031000","268","1","新北市","樹林區","121.365","24.950","260"
"419","374582","20220727031000","459","0","新北市","樹林區","121.375","24.950","440"
"642","374587","20220727031000","696","0","新竹縣","新豐鄉","120.980","24.910","624"
"46","374593","20220727031000","36","2","新竹縣","新豐鄉","120.985","24.915","43"
"507","374594","20220727031000","349","2","新竹縣","新豐鄉","120.970","24.920","485"
"1800","374598","20220727031000","2020","0","桃園市","中壢區","121.245","24.970","1808"
"775","374599","20220727031000","742","1","桃園市","中壢區","121.240","24.975","791"
"1800","374600","20220727031000","1221","2","桃園市","中壢區","121.250","24.980","1832"
"778","374601","20220727031000","772","1","桃園市","中壢區","121.250","24.975","810"
"1775","374602","20220727031000","1742","1","桃園市","中壢區","121.260","24.975","1777"
"523","374603","20220727031000","767","0","桃園市","中壢區","121.210","24.960","493"
"983","374604","20220727031000","958","1","新北市","中和區","121.490","24.990","991"
"232","374605","20220727031000","248","0","新北市","土城區","121.445","24.990","238"
"278","374606","20220727031000","277","1","新北市","新店區","121.545","24.960","269"
"1798","374607","20220727031000","2154","0","新北市","新店區","121.535","24.965","1809"
"3337","374608","20220727031000","2979","1","新北市","新店區","121.535","24.970","3386"
"1756","374609","20220727031000","1394","2","新北市","鶯歌區","121.350","24.955","1768"
"1831","374610","20220727031000","1742","1","新北市","鶯歌區","121.345","24.950","1821"
"349","374612","20220727031000","228","3","桃園市","龜山區","121.335","24.980","365"
"2583","374613","20220727031000","2206","1","新北市","鶯歌區","121.335","24.975","2609"
"1410","374614","20220727031000","1604","0","新北市","鶯歌區","121.340","24.940","1412"
"36","374617","20220727031000","174","0","新北市","鶯歌區","121.335","24.945","39"
"544","374618","20220727031000","528","1","新北市","鶯歌區","121.340","24.945","545"
"146","374620","20220727031000","181","0","新北市","鶯歌區","121.330","24.950","115"
"3093","374622","20220727031000","2736","1","新北市","鶯歌區","121.345","24.955","3152"
"67","374623","20220727031000","77","0","新北市","鶯歌區","121.365","24.955","81"
"228","374626","20220727031000","155","2","新北市","鶯歌區","121.370","24.960","197"
"216","374630","20220727031000","253","0","新北市","鶯歌區","121.375","24.965","239"
"250","374631","20220727031000","210","1","新北市","樹林區","121.380","24.965","266"
"82","374641","20220727031000","66","2","新北市","鶯歌區","121.355","24.975","61"
"2677","374648","20220727031000","2070","2","桃園市","中壢區","121.250","24.935","2580"
"64","374649","20220727031000","51","2","新竹縣","新豐鄉","120.980","24.895","57"
"707","374653","20220727031000","623","1","桃園市","八德區","121.300","24.955","680"
"1681","374654","20220727031000","1902","0","桃園市","中壢區","121.225","24.965","1780"
"83","374656","20220727031000","59","2","桃園市","大溪區","121.250","24.895","87"
"294","374659","20220727031000","313","0","桃園市","大溪區","121.265","24.895","265"
"308","374662","20220727031000","486","0","桃園市","大溪區","121.265","24.900","302"
"891","374664","20220727031000","991","0","桃園市","大溪區","121.260","24.905","890"
"3445","374674","20220727031000","3693","0","新北市","新店區","121.535","24.985","3477"
"64","374675","20220727031000","121","0","新北市","新店區","121.540","24.985","71"
"72","374676","20220727031000","1413","0","新北市","新店區","121.505","24.945","57"
"716","374679","20220727031000","658","1","新北市","新店區","121.500","24.955","731"
"423","374680","20220727031000","416","1","新北市","新店區","121.505","24.955","433"
"41","374683","20220727031000","33","2","新北市","新店區","121.500","24.960","42"
"3191","374685","20220727031000","3915","0","新北市","新店區","121.510","24.960","3265"
"355","374692","20220727031000","613","0","新北市","中和區","121.490","24.980","368"
"1336","374694","20220727031000","1250","1","新北市","中和區","121.490","24.985","1325"
"412","374695","20220727031000","366","1","新北市","中和區","121.495","24.985","426"
"19","374714","20220727031000","21","0","新北市","坪林區","121.735","24.950","16"
"141","374733","20220727031000","128","1","新北市","坪林區","121.700","24.960","135"
"117","374748","20220727031000","95","2","新北市","坪林區","121.725","24.960","105"
"38","374749","20220727031000","32","1","新北市","坪林區","121.705","24.965","36"
"165","374755","20220727031000","156","1","新北市","坪林區","121.705","24.935","190"
"27","374759","20220727031000","46","0","新北市","坪林區","121.710","24.940","34"
"102","374760","20220727031000","118","0","新北市","坪林區","121.720","24.940","106"
"11","374766","20220727031000","10","1","新北市","坪林區","121.700","24.950","11"
"15","374772","20220727031000","22","0","新北市","坪林區","121.710","24.890","22"
"33","374784","20220727031000","27","2","新北市","坪林區","121.700","24.905","37"
"28","374792","20220727031000","28","1","新北市","坪林區","121.700","24.915","32"
"26","374801","20220727031000","29","0","新北市","坪林區","121.700","24.920","26"
"181","374804","20220727031000","140","2","新北市","坪林區","121.695","24.925","187"
"178","374823","20220727031000","182","0","新北市","坪林區","121.715","24.925","169"
"26","374907","20220727031000","20","2","新北市","坪林區","121.785","24.955","25"
"33","374921","20220727031000","34","0","新北市","坪林區","121.730","24.965","30"
"13","374929","20220727031000","14","0","新北市","坪林區","121.770","24.965","17"
"13","374932","20220727031000","10","2","新北市","坪林區","121.785","24.965","13"
"19","374980","20220727031000","13","2","新北市","坪林區","121.730","24.895","22"
"81","375126","20220727031000","70","1","新北市","坪林區","121.680","24.930","72"
"46","375135","20220727031000","54","0","新北市","石碇區","121.665","24.940","42"
"1008","375152","20220727031000","1126","0","新北市","新店區","121.535","24.980","1052"
"533","375153","20220727031000","601","0","新北市","新店區","121.495","24.945","533"
"829","375154","20220727031000","612","2","新北市","新店區","121.495","24.950","837"
"2192","375155","20220727031000","4373","0","新北市","新店區","121.545","24.970","2206"
"439","375159","20220727031000","352","2","新北市","新店區","121.535","24.940","448"
"437","375160","20220727031000","246","3","新北市","新店區","121.540","24.940","432"
"2557","375167","20220727031000","2250","1","桃園市","八德區","121.295","24.960","2568"
"449","375168","20220727031000","438","1","桃園市","中壢區","121.205","24.965","423"
"14","375172","20220727031000","13","1","桃園市","中壢區","121.190","24.975","14"
"31","375176","20220727031000","60","0","桃園市","中壢區","121.210","24.975","24"
"2139","375180","20220727031000","2397","0","桃園市","中壢區","121.255","24.975","2119"
"1354","375181","20220727031000","1327","1","桃園市","平鎮區","121.220","24.950","1333"
"1609","375182","20220727031000","1351","1","桃園市","中壢區","121.225","24.945","1659"
"3579","375183","20220727031000","3063","1","桃園市","中壢區","121.230","24.955","3593"
"431","375185","20220727031000","508","0","桃園市","中壢區","121.220","24.985","437"
"2547","375190","20220727031000","2439","1","桃園市","八德區","121.300","24.960","2529"
"1717","375191","20220727031000","1666","1","新竹縣","湖口鄉","121.050","24.905","1727"
"746","375194","20220727031000","760","0","新竹縣","湖口鄉","121.055","24.910","729"
"499","375195","20220727031000","449","1","新竹縣","湖口鄉","121.050","24.915","503"
"1376","375199","20220727031000","1319","1","桃園市","楊梅區","121.060","24.920","1343"
"231","375200","20220727031000","227","1","新竹縣","湖口鄉","121.055","24.925","220"
"1730","375202","20220727031000","2005","0","桃園市","八德區","121.295","24.965","1681"
"1561","375203","20220727031000","1453","1","桃園市","中壢區","121.225","24.955","1536"
"1626","375204","20220727031000","1669","0","桃園市","中壢區","121.225","24.960","1586"
"1458","375206","20220727031000","2071","0","桃園市","中壢區","121.260","24.965","1471"
"1333","375207","20220727031000","1032","2","桃園市","八德區","121.300","24.970","1368"
"3102","375208","20220727031000","2752","1","桃園市","桃園區","121.305","24.975","3241"
"1120","375209","20220727031000","1004","1","桃園市","八德區","121.300","24.975","1120"
"16","375211","20220727031000","16","1","桃園市","八德區","121.315","24.940","16"
"549","375215","20220727031000","452","2","桃園市","八德區","121.300","24.925","581"
"1532","375216","20220727031000","1145","2","新北市","土城區","121.450","24.990","1515"
"1401","375217","20220727031000","1836","0","新北市","土城區","121.440","24.975","1399"
"2084","375218","20220727031000","1862","1","新北市","土城區","121.465","24.975","2160"
"1518","375220","20220727031000","1674","0","新北市","新店區","121.540","24.970","1606"
"253","375229","20220727031000","252","1","新北市","新店區","121.475","24.940","255"
"48","375230","20220727031000","654","0","新北市","新店區","121.480","24.940","47"
"279","375239","20220727031000","337","0","新北市","新店區","121.485","24.950","292"
"1075","375244","20220727031000","1422","0","新北市","新店區","121.510","24.970","1113"
"1279","375246","20220727031000","1566","0","新北市","新店區","121.515","24.970","1302"
"1284","375247","20220727031000","1802","0","桃園市","中壢區","121.210","24.965","1325"
"1370","375250","20220727031000","1139","2","桃園市","中壢區","121.235","24.970","1243"
"516","375252","20220727031000","489","1","桃園市","中壢區","121.235","24.975","520"
"225","375253","20220727031000","483","0","桃園市","中壢區","121.235","24.980","235"
"54","375255","20220727031000","176","0","桃園市","中壢區","121.235","24.985","42"
"1050","375256","20220727031000","1236","0","桃園市","中壢區","121.230","24.990","1097"
"2440","375258","20220727031000","1891","2","桃園市","八德區","121.295","24.945","2348"
"422","375259","20220727031000","429","0","桃園市","八德區","121.295","24.950","402"
"1089","375260","20220727031000","753","2","桃園市","八德區","121.275","24.965","1047"
"471","375261","20220727031000","525","0","桃園市","八德區","121.280","24.970","478"
"1014","375264","20220727031000","1175","0","桃園市","中壢區","121.195","24.960","1028"
"47","375265","20220727031000","217","0","桃園市","中壢區","121.200","24.960","59"
"2050","375266","20220727031000","3326","0","桃園市","平鎮區","121.190","24.965","2093"
"534","375269","20220727031000","870","0","桃園市","平鎮區","121.190","24.970","539"
"2959","375271","20220727031000","2106","2","桃園市","中壢區","121.205","24.960","3038"
"2452","375272","20220727031000","2228","1","桃園市","中壢區","121.260","24.950","2482"
"2677","375273","20220727031000","1884","2","桃園市","中壢區","121.260","24.955","2648"
"666","375274","20220727031000","640","1","桃園市","八德區","121.290","24.960","621"
"754","375275","20220727031000","1014","0","桃園市","八德區","121.265","24.970","765"
"177","375276","20220727031000","257","0","桃園市","八德區","121.275","24.970","185"
"499","375278","20220727031000","468","1","桃園市","八德區","121.270","24.970","483"
"1231","375279","20220727031000","976","2","桃園市","八德區","121.275","24.975","1207"
"1150","375281","20220727031000","1027","1","桃園市","八德區","121.295","24.925","1157"
"393","375296","20220727031000","302","2","新竹縣","新豐鄉","121.005","24.925","384"
"297","375299","20220727031000","384","0","新竹縣","新豐鄉","121.020","24.925","298"
"168","375303","20220727031000","146","1","新竹縣","新豐鄉","120.965","24.895","165"
"231","375308","20220727031000","165","2","新竹縣","新豐鄉","120.970","24.900","228"
"1158","375316","20220727031000","1340","0","新北市","土城區","121.420","24.960","1096"
"624","375317","20220727031000","751","0","新北市","土城區","121.410","24.955","609"
"1256","375318","20220727031000","1104","1","新北市","土城區","121.415","24.955","1344"
"229","375319","20220727031000","241","0","新北市","新店區","121.515","24.980","240"
"179","375320","20220727031000","96","3","新北市","新店區","121.515","24.945","179"
"367","375321","20220727031000","414","0","新北市","新店區","121.520","24.945","380"
"49","375323","20220727031000","70","0","新北市","新店區","121.520","24.950","42"
"71","375324","20220727031000","22","3","新北市","新店區","121.525","24.950","67"
"384","375325","20220727031000","530","0","新北市","新店區","121.515","24.955","413"
"1553","375326","20220727031000","685","3","新北市","新店區","121.520","24.955","1542"
"202","375330","20220727031000","156","2","新北市","新店區","121.530","24.960","221"
"587","375332","20220727031000","717","0","新北市","新店區","121.525","24.965","616"
"2539","375335","20220727031000","3036","0","新北市","新店區","121.540","24.975","2462"
"668","375346","20220727031000","798","0","新北市","新店區","121.505","24.920","655"
"656","375357","20220727031000","613","1","新北市","新店區","121.510","24.925","656"
"22","375361","20220727031000","16","2","新北市","新店區","121.530","24.925","22"
"3903","375369","20220727031000","4545","0","新北市","新店區","121.540","24.980","3844"
"1105","375370","20220727031000","1333","0","新北市","新店區","121.530","24.950","1079"
"1731","375371","20220727031000","1464","1","新北市","新店區","121.550","24.955","1718"
"155","375372","20220727031000","388","0","新北市","新店區","121.555","24.955","154"
"657","375374","20220727031000","567","1","新北市","新店區","121.555","24.965","670"
"78","375384","20220727031000","75","1","新北市","新店區","121.500","24.920","82"
"139","375390","20220727031000","83","3","新北市","新店區","121.505","24.930","122"
"44","375394","20220727031000","39","1","新北市","新店區","121.510","24.935","37"
"663","375399","20220727031000","566","1","新北市","新店區","121.505","24.940","654"
"1293","375400","20220727031000","1069","2","桃園市","八德區","121.320","24.960","1296"
"1857","375401","20220727031000","1519","2","桃園市","八德區","121.325","24.970","1799"
"833","375402","20220727031000","717","1","桃園市","八德區","121.300","24.930","849"
"627","375403","20220727031000","661","0","桃園市","八德區","121.305","24.930","540"
"175","375404","20220727031000","160","1","桃園市","八德區","121.300","24.935","159"
"420","375405","20220727031000","438","0","桃園市","八德區","121.305","24.935","391"
"186","375407","20220727031000","263","0","桃園市","八德區","121.300","24.940","191"
"667","375408","20220727031000","558","1","桃園市","八德區","121.305","24.940","653"
"722","375410","20220727031000","739","0","桃園市","八德區","121.255","24.920","691"
"313","375417","20220727031000","302","1","桃園市","八德區","121.260","24.925","317"
"1156","375419","20220727031000","972","1","桃園市","八德區","121.270","24.975","1165"
"2292","375420","20220727031000","3905","0","桃園市","中壢區","121.240","24.955","2262"
"894","375421","20220727031000","1971","0","桃園市","中壢區","121.240","24.960","899"
"648","375422","20220727031000","938","0","桃園市","中壢區","121.245","24.960","653"
"2246","375427","20220727031000","1519","2","桃園市","中壢區","121.255","24.960","2214"
"138","375435","20220727031000","168","0","新竹縣","新豐鄉","121.005","24.930","137"
"226","375452","20220727031000","219","1","新竹縣","新豐鄉","121.000","24.905","225"
"459","375460","20220727031000","526","0","新竹縣","新豐鄉","121.010","24.910","468"
"516","375465","20220727031000","465","1","新竹縣","新豐鄉","121.025","24.915","539"
"440","375468","20220727031000","304","2","新竹縣","新豐鄉","121.035","24.930","455"
"1426","375480","20220727031000","1384","1","新竹縣","新豐鄉","120.985","24.900","1431"
"957","375481","20220727031000","676","2","新竹縣","新豐鄉","120.990","24.900","925"
"372","375484","20220727031000","1655","0","桃園市","中壢區","121.235","24.950","358"
"2791","375485","20220727031000","2392","1","新北市","土城區","121.445","24.970","2772"
"1085","375486","20220727031000","910","1","新北市","土城區","121.445","24.975","1057"
"2801","375487","20220727031000","2950","0","新北市","新店區","121.530","24.970","2859"
"2116","375488","20220727031000","1816","1","新北市","新店區","121.525","24.975","2290"
"1068","375489","20220727031000","1068","1","新北市","新店區","121.530","24.975","1109"
"199","375490","20220727031000","162","2","新北市","新店區","121.525","24.980","192"
"2190","375492","20220727031000","1861","1","新北市","土城區","121.435","24.970","2233"
"2542","375493","20220727031000","3273","0","新北市","新店區","121.545","24.965","2556"
"3765","375495","20220727031000","5565","0","新北市","新店區","121.535","24.975","3732"
"438","375515","20220727031000","445","0","新北市","新店區","121.555","24.930","456"
"46","375517","20220727031000","32","2","新北市","新店區","121.565","24.930","27"
"579","375521","20220727031000","524","1","新北市","新店區","121.550","24.935","612"
"873","375529","20220727031000","895","0","新北市","新店區","121.530","24.965","929"
"860","375530","20220727031000","2193","0","新北市","新店區","121.475","24.955","846"
"1097","375534","20220727031000","1200","0","新北市","中和區","121.485","24.965","1123"
"1741","375536","20220727031000","1527","1","桃園市","中壢區","121.245","24.935","1695"
"1422","375537","20220727031000","1437","0","桃園市","中壢區","121.260","24.970","1411"
"464","375539","20220727031000","705","0","桃園市","中壢區","121.255","24.935","617"
"420","375540","20220727031000","546","0","桃園市","中壢區","121.260","24.935","399"
"1122","375541","20220727031000","1793","0","桃園市","中壢區","121.250","24.940","1121"
"580","375542","20220727031000","687","0","桃園市","中壢區","121.260","24.940","599"
"1780","375543","20220727031000","1980","0","桃園市","中壢區","121.240","24.950","1779"
"482","375544","20220727031000","504","0","桃園市","中壢區","121.245","24.950","477"
"1058","375548","20220727031000","821","2","桃園市","觀音區","121.150","24.965","1066"
"337","375551","20220727031000","311","1","桃園市","觀音區","121.140","24.975","329"
"137","375559","20220727031000","153","0","桃園市","觀音區","121.135","24.985","152"
"1076","375569","20220727031000","964","1","桃園市","觀音區","121.165","24.990","1086"
"445","375572","20220727031000","504","0","桃園市","八德區","121.320","24.945","442"
"177","375574","20220727031000","348","0","桃園市","八德區","121.315","24.950","178"
"808","375577","20220727031000","1092","0","桃園市","八德區","121.315","24.955","796"
"1270","375578","20220727031000","1248","1","桃園市","八德區","121.295","24.970","1232"
"408","375581","20220727031000","312","2","桃園市","蘆竹區","121.270","24.990","367"
"46","375593","20220727031000","33","2","新北市","石碇區","121.675","24.970","29"
"19","375644","20220727031000","24","0","新北市","石碇區","121.635","24.950","26"
"45","375652","20220727031000","41","1","新北市","石碇區","121.635","24.955","39"
"44","375653","20220727031000","37","1","新北市","石碇區","121.640","24.955","51"
"100","375655","20220727031000","98","1","新北市","石碇區","121.650","24.955","103"
"91","375667","20220727031000","94","0","新北市","石碇區","121.630","24.965","98"
"12","375811","20220727031000","13","0","新北市","石碇區","121.645","24.930","10"
"17","375836","20220727031000","13","2","新北市","石碇區","121.660","24.950","17"
"30","375839","20220727031000","31","0","新北市","石碇區","121.670","24.980","27"
"25","375840","20220727031000","13","3","新北市","石碇區","121.675","24.980","24"
"78","375891","20220727031000","60","2","新北市","石碇區","121.660","24.975","71"
"26","375897","20220727031000","21","2","新北市","石碇區","121.665","24.980","26"
"47","375941","20220727031000","32","2","新北市","貢寮區","121.885","24.985","42"
"172","375959","20220727031000","141","2","新北市","土城區","121.445","24.960","173"
"720","375963","20220727031000","717","1","新北市","土城區","121.435","24.975","747"
"1429","375967","20220727031000","1379","1","新北市","土城區","121.440","24.970","1420"
"414","375969","20220727031000","448","0","新北市","土城區","121.455","24.970","394"
"323","375970","20220727031000","272","1","新北市","新店區","121.550","24.960","329"
"695","375971","20220727031000","661","1","新北市","新店區","121.550","24.965","653"
"30","375972","20220727031000","30","1","新北市","新店區","121.580","24.910","43"
"219","375990","20220727031000","238","0","新北市","新店區","121.570","24.930","218"
"62","375994","20220727031000","46","2","新北市","新店區","121.590","24.930","65"
"15","376009","20220727031000","10","3","新北市","新店區","121.590","24.940","14"
"81","376023","20220727031000","74","1","新北市","新店區","121.580","24.950","86"
"45","376024","20220727031000","37","2","新北市","新店區","121.585","24.950","38"
"24","376031","20220727031000","10","3","新北市","新店區","121.595","24.955","27"
"20","376033","20220727031000","20","1","新北市","新店區","121.605","24.955","25"
"246","376045","20220727031000","297","0","新北市","新店區","121.500","24.935","236"
"49","376049","20220727031000","60","0","新北市","新店區","121.500","24.940","45"
"2094","376051","20220727031000","2252","0","新北市","新店區","121.490","24.945","2092"
"375","376052","20220727031000","384","0","新北市","新店區","121.490","24.950","365"
"620","376060","20220727031000","529","1","新北市","新店區","121.545","24.955","609"
"1211","376063","20220727031000","1193","1","新北市","新店區","121.560","24.955","1208"
"1425","376064","20220727031000","1230","1","新北市","新店區","121.565","24.955","1413"
"65","376065","20220727031000","49","2","新北市","新店區","121.570","24.955","51"
"14","376068","20220727031000","90","0","新北市","新店區","121.560","24.960","12"
"12","376072","20220727031000","66","0","新北市","新店區","121.580","24.960","12"
"23","376099","20220727031000","257","0","新北市","新店區","121.555","24.905","27"
"469","376101","20220727031000","476","0","新北市","新店區","121.545","24.910","471"
"802","376106","20220727031000","688","1","桃園市","觀音區","121.155","24.975","795"
"377","376109","20220727031000","360","1","桃園市","觀音區","121.150","24.980","371"
"256","376115","20220727031000","286","0","桃園市","觀音區","121.135","24.990","255"
"2831","376118","20220727031000","4176","0","新北市","新店區","121.515","24.985","2832"
"543","376123","20220727031000","623","0","新北市","土城區","121.445","24.950","532"
"236","376130","20220727031000","146","3","新北市","土城區","121.440","24.965","228"
"255","376131","20220727031000","309","0","新北市","土城區","121.430","24.970","248"
"792","376132","20220727031000","799","0","新北市","土城區","121.435","24.965","772"
"290","376133","20220727031000","341","0","新北市","板橋區","121.430","24.975","273"
"1581","376134","20220727031000","2554","0","臺北市","文山區","121.545","24.985","1213"
"308","376135","20220727031000","550","0","新北市","新店區","121.510","24.950","274"
"1318","376136","20220727031000","1360","0","新北市","新店區","121.515","24.960","1312"
"93","376137","20220727031000","1792","0","新北市","新店區","121.515","24.965","99"
"1661","376141","20220727031000","1702","0","桃園市","八德區","121.320","24.965","1656"
"581","376145","20220727031000","502","1","新竹縣","湖口鄉","121.060","24.895","607"
"162","376148","20220727031000","1295","0","新北市","土城區","121.455","24.980","147"
"467","376149","20220727031000","1097","0","新北市","土城區","121.450","24.980","466"
"180","376150","20220727031000","962","0","新北市","新店區","121.540","24.955","194"
"306","376151","20220727031000","710","0","桃園市","中壢區","121.255","24.940","266"
"1320","376153","20220727031000","1354","0","桃園市","中壢區","121.250","24.965","1289"
"2210","376154","20220727031000","2534","0","桃園市","中壢區","121.255","24.965","2260"
"1947","376155","20220727031000","3055","0","桃園市","中壢區","121.250","24.970","1948"
"60","376156","20220727031000","85","0","桃園市","八德區","121.320","24.955","56"
"134","376157","20220727031000","239","0","桃園市","八德區","121.325","24.955","134"
"880","376160","20220727031000","764","1","桃園市","八德區","121.325","24.965","939"
"3851","376161","20220727031000","3590","1","桃園市","桃園區","121.280","24.990","3936"
"162","376176","20220727031000","175","0","新北市","樹林區","121.405","24.990","150"
"928","376178","20220727031000","583","3","桃園市","平鎮區","121.205","24.895","920"
"212","376179","20220727031000","275","0","桃園市","平鎮區","121.195","24.895","226"
"1009","376180","20220727031000","1107","0","桃園市","平鎮區","121.200","24.895","988"
"753","376181","20220727031000","569","2","桃園市","平鎮區","121.195","24.900","780"
"555","376183","20220727031000","283","3","桃園市","平鎮區","121.205","24.900","562"
"283","376184","20220727031000","256","1","桃園市","平鎮區","121.195","24.905","276"
"304","376185","20220727031000","320","0","桃園市","平鎮區","121.200","24.905","291"
"192","376189","20220727031000","143","2","桃園市","平鎮區","121.215","24.900","182"
"659","376192","20220727031000","603","1","桃園市","平鎮區","121.215","24.905","662"
"1997","376194","20220727031000","1800","1","桃園市","桃園區","121.315","24.985","1958"
"1235","376195","20220727031000","1221","1","桃園市","中壢區","121.245","24.945","1249"
"840","376196","20220727031000","749","1","桃園市","中壢區","121.250","24.945","833"
"260","376199","20220727031000","181","2","新北市","石碇區","121.660","24.990","257"
"64","376200","20220727031000","48","2","新北市","石碇區","121.685","24.960","55"
"46","376205","20220727031000","53","0","新北市","石碇區","121.680","24.970","48"
"130","376222","20220727031000","249","0","新北市","石碇區","121.690","24.980","133"
"233","376245","20220727031000","543","0","新北市","鶯歌區","121.340","24.960","237"
"196","376246","20220727031000","163","2","新北市","鶯歌區","121.340","24.965","233"
"167","376248","20220727031000","151","1","新北市","鶯歌區","121.340","24.970","167"
"424","376251","20220727031000","419","1","新北市","鶯歌區","121.345","24.975","456"
"150","376258","20220727031000","132","1","新北市","鶯歌區","121.320","24.935","152"
"764","376259","20220727031000","839","0","新北市","鶯歌區","121.325","24.935","742"
"329","376260","20220727031000","446","0","新北市","鶯歌區","121.330","24.935","325"
"264","376263","20220727031000","319","0","新北市","鶯歌區","121.330","24.940","247"
"250","376265","20220727031000","200","2","新北市","鶯歌區","121.335","24.930","267"
"552","376268","20220727031000","533","1","新北市","鶯歌區","121.345","24.935","547"
"2433","376269","20220727031000","2241","1","新北市","鶯歌區","121.355","24.955","2377"
"800","376270","20220727031000","688","1","新北市","鶯歌區","121.360","24.955","818"
"700","376273","20220727031000","616","1","新北市","鶯歌區","121.355","24.940","685"
"345","376274","20220727031000","353","0","新北市","鶯歌區","121.350","24.945","346"
"464","376277","20220727031000","446","1","新北市","鶯歌區","121.350","24.950","463"
"1632","376280","20220727031000","1681","0","新北市","樹林區","121.395","24.970","1637"
"760","376281","20220727031000","683","1","桃園市","楊梅區","121.185","24.915","731"
"656","376282","20220727031000","698","0","桃園市","楊梅區","121.180","24.920","643"
"569","376283","20220727031000","406","2","桃園市","楊梅區","121.185","24.920","587"
"404","376284","20220727031000","428","0","桃園市","中壢區","121.215","24.960","443"
"1183","376285","20220727031000","1624","0","桃園市","中壢區","121.215","24.965","1169"
"18","376287","20220727031000","17","1","桃園市","中壢區","121.175","24.975","18"
"142","376293","20220727031000","186","0","桃園市","中壢區","121.190","24.980","140"
"39","376295","20220727031000","48","0","桃園市","中壢區","121.175","24.980","37"
"1137","376297","20220727031000","1052","1","桃園市","中壢區","121.185","24.980","1144"
"291","376300","20220727031000","249","1","桃園市","中壢區","121.175","24.985","268"
"202","376301","20220727031000","152","2","桃園市","中壢區","121.180","24.985","173"
"2114","376307","20220727031000","1357","3","桃園市","八德區","121.260","24.930","2024"
"1449","376308","20220727031000","1505","0","桃園市","平鎮區","121.220","24.945","1434"
"1409","376309","20220727031000","1209","1","桃園市","楊梅區","121.150","24.905","1264"
"431","376311","20220727031000","356","2","桃園市","平鎮區","121.220","24.920","422"
"573","376312","20220727031000","649","0","桃園市","平鎮區","121.220","24.925","600"
"1225","376313","20220727031000","816","3","桃園市","平鎮區","121.205","24.915","1281"
"716","376315","20220727031000","617","1","新北市","樹林區","121.390","24.960","765"
"22","376320","20220727031000","34","0","新北市","樹林區","121.395","24.965","29"
"138","376325","20220727031000","134","1","新北市","樹林區","121.405","24.970","143"
"4440","376326","20220727031000","4944","0","新北市","樹林區","121.380","24.945","4442"
"652","376327","20220727031000","607","1","新北市","樹林區","121.385","24.945","652"
"2331","376330","20220727031000","2145","1","新北市","樹林區","121.380","24.950","2324"
"631","376331","20220727031000","707","0","新北市","樹林區","121.385","24.950","641"
"1454","376333","20220727031000","1364","1","新北市","樹林區","121.395","24.950","1521"
"573","376335","20220727031000","628","0","新北市","板橋區","121.435","24.990","564"
"5256","376337","20220727031000","5037","1","新北市","土城區","121.450","24.985","5527"
"466","376338","20220727031000","429","1","桃園市","中壢區","121.245","24.985","441"
"817","376341","20220727031000","950","0","桃園市","中壢區","121.240","24.990","842"
"413","376344","20220727031000","462","0","桃園市","中壢區","121.255","24.990","408"
"1641","376345","20220727031000","1606","1","桃園市","中壢區","121.255","24.980","1680"
"616","376347","20220727031000","717","0","桃園市","中壢區","121.260","24.945","617"
"333","376348","20220727031000","372","0","桃園市","中壢區","121.255","24.950","463"
"1519","376349","20220727031000","950","3","桃園市","中壢區","121.165","24.960","1523"
"483","376350","20220727031000","356","2","桃園市","中壢區","121.170","24.960","481"
"761","376351","20220727031000","588","2","桃園市","新屋區","121.155","24.960","777"
"13","376352","20220727031000","10","2","桃園市","中壢區","121.155","24.965","15"
"67","376353","20220727031000","431","0","桃園市","中壢區","121.160","24.965","67"
"217","376358","20220727031000","251","0","桃園市","中壢區","121.160","24.970","208"
"1834","376361","20220727031000","1615","1","桃園市","中壢區","121.175","24.970","1859"
"1396","376370","20220727031000","1516","0","新北市","樹林區","121.420","24.980","1362"
"1467","376373","20220727031000","1340","1","新北市","樹林區","121.420","24.975","1421"
"2976","376375","20220727031000","2256","2","新北市","板橋區","121.425","24.985","2953"
"2877","376380","20220727031000","2918","0","新北市","板橋區","121.430","24.985","2872"
"1109","376381","20220727031000","1063","1","桃園市","平鎮區","121.250","24.925","1139"
"14","376385","20220727031000","41","0","桃園市","龜山區","121.350","24.985","17"
"529","376391","20220727031000","681","0","桃園市","龜山區","121.360","24.990","526"
"43","376392","20220727031000","31","2","桃園市","龜山區","121.365","24.990","33"
"74","376393","20220727031000","75","0","桃園市","龜山區","121.370","24.990","80"
"147","376400","20220727031000","285","0","桃園市","楊梅區","121.105","24.910","136"
"309","376403","20220727031000","294","1","桃園市","楊梅區","121.120","24.910","304"
"268","376407","20220727031000","208","2","桃園市","楊梅區","121.100","24.915","277"
"1544","376412","20220727031000","916","3","桃園市","楊梅區","121.125","24.915","1565"
"160","376419","20220727031000","152","1","新竹縣","湖口鄉","121.105","24.895","161"
"18","376422","20220727031000","96","0","桃園市","楊梅區","121.085","24.900","16"
"915","376427","20220727031000","738","2","桃園市","楊梅區","121.060","24.905","986"
"398","376431","20220727031000","372","1","桃園市","楊梅區","121.080","24.905","428"
"653","376438","20220727031000","560","1","桃園市","楊梅區","121.070","24.910","644"
"328","376440","20220727031000","248","2","桃園市","楊梅區","121.080","24.910","341"
"434","376443","20220727031000","486","0","桃園市","楊梅區","121.095","24.910","474"
"615","376447","20220727031000","602","1","桃園市","楊梅區","121.075","24.915","620"
"533","376456","20220727031000","471","1","桃園市","楊梅區","121.125","24.940","580"
"466","376457","20220727031000","213","3","桃園市","楊梅區","121.130","24.940","508"
"163","376471","20220727031000","218","0","新北市","深坑區","121.620","24.980","178"
"651","376485","20220727031000","795","0","新北市","樹林區","121.415","24.985","684"
"1631","376486","20220727031000","1364","1","新北市","樹林區","121.425","24.990","1768"
"896","376487","20220727031000","957","0","桃園市","平鎮區","121.200","24.945","981"
"3934","376488","20220727031000","3407","1","桃園市","平鎮區","121.205","24.945","3803"
"1459","376490","20220727031000","1800","0","桃園市","平鎮區","121.210","24.950","1473"
"1158","376491","20220727031000","1275","0","桃園市","平鎮區","121.210","24.900","1226"
"2006","376492","20220727031000","1796","1","桃園市","平鎮區","121.210","24.905","2040"
"11","376500","20220727031000","10","1","新北市","土城區","121.445","24.940","10"
"217","376508","20220727031000","233","0","新北市","土城區","121.410","24.950","192"
"268","376509","20220727031000","315","0","新北市","土城區","121.415","24.950","268"
"2800","376510","20220727031000","2815","0","桃園市","中壢區","121.230","24.945","2930"
"2166","376511","20220727031000","2651","0","桃園市","中壢區","121.235","24.955","2111"
"440","376514","20220727031000","557","0","桃園市","中壢區","121.220","24.975","441"
"890","376517","20220727031000","611","2","桃園市","中壢區","121.215","24.980","882"
"23","376518","20220727031000","122","0","桃園市","中壢區","121.220","24.980","21"
"2773","376521","20220727031000","3021","0","桃園市","中壢區","121.220","24.960","2773"
"399","376522","20220727031000","371","1","新竹縣","新豐鄉","121.000","24.895","388"
"124","376524","20220727031000","90","2","新竹縣","新豐鄉","121.010","24.895","94"
"999","376531","20220727031000","846","1","桃園市","平鎮區","121.255","24.925","902"
"717","376532","20220727031000","732","0","新北市","樹林區","121.415","24.975","745"
"336","376533","20220727031000","449","0","新北市","樹林區","121.400","24.970","330"
"2725","376539","20220727031000","2023","2","新北市","樹林區","121.420","24.985","2737"
"3574","376540","20220727031000","2989","1","新北市","土城區","121.460","24.980","3600"
"1648","376541","20220727031000","2133","0","新北市","土城區","121.460","24.985","1592"
"2761","376542","20220727031000","3208","0","新北市","板橋區","121.430","24.990","2762"
"18","376544","20220727031000","23","0","新北市","平溪區","121.725","24.975","21"
"5180","376577","20220727031000","4520","1","新北市","板橋區","121.460","24.990","5127"
"556","376578","20220727031000","982","0","新北市","土城區","121.465","24.980","572"
"452","376584","20220727031000","703","0","新北市","土城區","121.425","24.960","464"
"349","376586","20220727031000","250","2","新北市","土城區","121.435","24.960","360"
"838","376587","20220727031000","1061","0","新北市","土城區","121.430","24.965","840"
"3216","376588","20220727031000","2335","2","桃園市","八德區","121.305","24.965","2741"
"1296","376589","20220727031000","662","3","桃園市","桃園區","121.295","24.975","1248"
"962","376592","20220727031000","939","1","桃園市","中壢區","121.230","24.940","990"
"1887","376594","20220727031000","1353","2","桃園市","平鎮區","121.245","24.915","1877"
"1990","376595","20220727031000","1651","2","桃園市","八德區","121.295","24.955","1896"
"471","376607","20220727031000","380","2","新竹縣","新豐鄉","120.985","24.920","471"
"1434","376614","20220727031000","1198","1","新竹縣","新豐鄉","120.990","24.930","1475"
"865","376622","20220727031000","753","1","桃園市","中壢區","121.230","24.970","873"
"869","376623","20220727031000","832","1","桃園市","中壢區","121.225","24.975","873"
"1271","376624","20220727031000","1213","1","桃園市","中壢區","121.230","24.975","1284"
"538","376627","20220727031000","631","0","桃園市","中壢區","121.230","24.980","525"
"117","376628","20220727031000","78","3","新竹縣","湖口鄉","121.035","24.900","106"
"97","376629","20220727031000","119","0","新竹縣","湖口鄉","121.040","24.900","96"
"1126","376633","20220727031000","980","1","新竹縣","湖口鄉","121.040","24.895","1122"
"1019","376636","20220727031000","694","2","新竹縣","湖口鄉","121.040","24.915","1009"
"45","376641","20220727031000","270","0","新竹縣","湖口鄉","121.040","24.925","30"
"328","376651","20220727031000","238","2","新竹縣","湖口鄉","121.045","24.935","324"
"1305","376653","20220727031000","1304","1","桃園市","中壢區","121.235","24.965","1380"
"51","376655","20220727031000","17","3","桃園市","中壢區","121.240","24.970","42"
"202","376656","20220727031000","855","0","桃園市","中壢區","121.255","24.930","196"
"719","376658","20220727031000","680","1","新竹縣","湖口鄉","121.065","24.895","725"
"338","376665","20220727031000","364","0","新北市","鶯歌區","121.355","24.950","337"
"738","376666","20220727031000","811","0","新北市","鶯歌區","121.335","24.955","741"
"2123","376667","20220727031000","2162","0","新北市","鶯歌區","121.330","24.960","2114"
"42","376668","20220727031000","230","0","新北市","鶯歌區","121.335","24.960","48"
"427","376670","20220727031000","387","1","新北市","鶯歌區","121.340","24.950","438"
"1367","376674","20220727031000","1169","1","新北市","鶯歌區","121.330","24.965","1392"
"1976","376675","20220727031000","2007","0","新北市","樹林區","121.425","24.980","2071"
"77","376679","20220727031000","63","2","新北市","樹林區","121.405","24.955","69"
"578","376680","20220727031000","527","1","新北市","樹林區","121.405","24.960","560"
"392","376682","20220727031000","377","1","新北市","樹林區","121.410","24.970","389"
"292","376685","20220727031000","261","1","新北市","樹林區","121.400","24.975","281"
"333","376686","20220727031000","319","1","新北市","樹林區","121.405","24.975","364"
"1272","376687","20220727031000","1133","1","新北市","樹林區","121.410","24.975","1227"
"76","376690","20220727031000","80","0","新北市","樹林區","121.400","24.980","75"
"1586","376699","20220727031000","1890","0","新北市","樹林區","121.410","24.980","1566"
"794","376700","20220727031000","963","0","新北市","樹林區","121.415","24.990","805"
"1768","376701","20220727031000","1426","2","新北市","新店區","121.500","24.945","1743"
"71","376703","20220727031000","62","1","新北市","新店區","121.565","24.905","69"
"473","376717","20220727031000","395","1","新北市","新店區","121.550","24.920","485"
"3527","376725","20220727031000","2279","3","新北市","新店區","121.540","24.960","3432"
"15","376752","20220727031000","13","1","新北市","新店區","121.535","24.905","14"
"31","376759","20220727031000","27","1","新北市","新店區","121.535","24.910","27"
"24","376761","20220727031000","19","2","新北市","新店區","121.520","24.915","28"
"56","376764","20220727031000","59","0","新北市","新店區","121.535","24.915","58"
"54","376766","20220727031000","44","2","新北市","新店區","121.545","24.915","61"
"2861","376768","20220727031000","3526","0","新北市","土城區","121.445","24.985","2909"
"915","376769","20220727031000","948","0","新北市","土城區","121.450","24.975","956"
"562","376770","20220727031000","816","0","新北市","土城區","121.455","24.975","559"
"1718","376772","20220727031000","1620","1","新北市","土城區","121.415","24.960","1682"
"94","376774","20220727031000","1065","0","新北市","土城區","121.420","24.965","89"
"453","376775","20220727031000","662","0","新北市","土城區","121.425","24.965","416"
"244","376777","20220727031000","291","0","新北市","土城區","121.425","24.970","219"
"78","376787","20220727031000","88","0","新北市","土城區","121.470","24.960","75"
"87","376788","20220727031000","49","3","新北市","土城區","121.455","24.965","76"
"34","376791","20220727031000","36","0","新北市","土城區","121.470","24.965","38"
"932","376796","20220727031000","931","1","新北市","土城區","121.460","24.970","936"
"5273","376798","20220727031000","5126","1","新北市","新店區","121.540","24.965","5265"
"23","376801","20220727031000","14","3","桃園市","大溪區","121.305","24.895","23"
"22","376808","20220727031000","179","0","桃園市","八德區","121.280","24.930","19"
"1630","376809","20220727031000","1523","1","桃園市","八德區","121.285","24.930","1631"
"491","376810","20220727031000","519","0","桃園市","八德區","121.280","24.935","484"
"754","376813","20220727031000","677","1","桃園市","八德區","121.270","24.930","706"
"50","376815","20220727031000","65","0","桃園市","八德區","121.270","24.935","55"
"1646","376823","20220727031000","1127","2","桃園市","八德區","121.280","24.925","1661"
"1696","376824","20220727031000","1410","2","桃園市","八德區","121.285","24.925","1647"
"1667","376825","20220727031000","1766","0","桃園市","中壢區","121.220","24.955","1654"
"2187","376826","20220727031000","2364","0","桃園市","中壢區","121.230","24.965","2156"
"1760","376828","20220727031000","1543","1","桃園市","八德區","121.275","24.980","1711"
"510","376829","20220727031000","435","1","桃園市","八德區","121.280","24.980","470"
"1384","376831","20220727031000","1363","1","新竹縣","湖口鄉","121.050","24.900","1408"
"3314","376832","20220727031000","2966","1","新竹縣","湖口鄉","121.045","24.900","3286"
"111","376834","20220727031000","112","0","新竹縣","湖口鄉","121.030","24.900","112"
"132","376835","20220727031000","122","1","新竹縣","湖口鄉","121.025","24.905","122"
"574","376845","20220727031000","936","0","桃園市","平鎮區","121.230","24.930","565"
"2500","376847","20220727031000","1545","3","桃園市","中壢區","121.230","24.935","2578"
"1112","376848","20220727031000","1114","0","桃園市","中壢區","121.225","24.940","1073"
"1937","376849","20220727031000","1694","1","桃園市","中壢區","121.245","24.975","2005"
"2257","376850","20220727031000","2009","1","桃園市","中壢區","121.245","24.980","2308"
"860","376851","20220727031000","752","1","桃園市","中壢區","121.250","24.985","830"
"126","376852","20220727031000","147","0","桃園市","中壢區","121.240","24.985","137"
"1220","376853","20220727031000","1100","1","桃園市","八德區","121.295","24.935","1194"
"276","376854","20220727031000","266","1","桃園市","八德區","121.295","24.940","263"
"1234","376855","20220727031000","1248","0","桃園市","八德區","121.295","24.930","1208"
"592","376856","20220727031000","891","0","桃園市","龜山區","121.335","24.985","570"
"2205","376857","20220727031000","2486","0","桃園市","龜山區","121.335","24.990","2280"
"460","376860","20220727031000","726","0","桃園市","龜山區","121.345","24.980","459"
"22","376865","20220727031000","129","0","桃園市","龜山區","121.360","24.985","18"
"2440","376866","20220727031000","1942","2","桃園市","平鎮區","121.220","24.940","2439"
"299","376871","20220727031000","271","1","桃園市","楊梅區","121.185","24.905","313"
"231","376875","20220727031000","207","1","桃園市","平鎮區","121.200","24.910","231"
"1440","376878","20220727031000","839","3","桃園市","平鎮區","121.200","24.915","1448"
"211","376881","20220727031000","232","0","桃園市","平鎮區","121.200","24.920","220"
"507","376882","20220727031000","713","0","桃園市","楊梅區","121.180","24.945","493"
"1040","376886","20220727031000","928","1","桃園市","平鎮區","121.185","24.955","1028"
"813","376887","20220727031000","884","0","桃園市","中壢區","121.175","24.960","830"
"722","376889","20220727031000","730","0","桃園市","平鎮區","121.185","24.960","701"
"419","376892","20220727031000","509","0","桃園市","中壢區","121.185","24.970","405"
"267","376894","20220727031000","215","2","桃園市","平鎮區","121.190","24.930","266"
"290","376899","20220727031000","229","2","桃園市","平鎮區","121.190","24.940","259"
"549","376900","20220727031000","532","1","桃園市","平鎮區","121.195","24.940","542"
"332","376915","20220727031000","235","2","桃園市","大溪區","121.310","24.930","322"
"904","376925","20220727031000","705","2","桃園市","大溪區","121.275","24.895","890"
"1457","376927","20220727031000","1248","1","桃園市","大溪區","121.280","24.895","1482"
"879","376929","20220727031000","684","2","桃園市","大溪區","121.285","24.905","918"
"683","376930","20220727031000","637","1","桃園市","大溪區","121.280","24.900","702"
"550","376931","20220727031000","427","2","桃園市","大溪區","121.280","24.905","580"
"1410","376932","20220727031000","1025","2","桃園市","龜山區","121.325","24.990","1342"
"601","376933","20220727031000","638","0","桃園市","桃園區","121.325","24.980","568"
"1410","376934","20220727031000","1540","0","桃園市","龜山區","121.330","24.980","1409"
"1717","376936","20220727031000","1528","1","桃園市","桃園區","121.320","24.985","1754"
"2280","376937","20220727031000","2100","1","桃園市","龜山區","121.325","24.985","2567"
"732","376938","20220727031000","946","0","桃園市","龜山區","121.330","24.985","694"
"347","376940","20220727031000","308","1","桃園市","新屋區","121.055","24.975","342"
"192","376956","20220727031000","155","2","桃園市","新屋區","121.125","24.955","194"
"415","376971","20220727031000","323","2","桃園市","新屋區","121.135","24.970","403"
"95","376972","20220727031000","84","1","桃園市","觀音區","121.140","24.970","93"
"644","376974","20220727031000","628","1","桃園市","龜山區","121.330","24.990","629"
"1719","376975","20220727031000","3022","0","桃園市","桃園區","121.310","24.990","1384"
"2221","376976","20220727031000","2055","1","桃園市","楊梅區","121.170","24.910","2072"
"730","376978","20220727031000","703","1","桃園市","楊梅區","121.175","24.915","693"
"1120","376979","20220727031000","1161","0","桃園市","楊梅區","121.170","24.920","1062"
"506","376984","20220727031000","428","1","桃園市","楊梅區","121.110","24.925","530"
"734","376995","20220727031000","772","0","桃園市","楊梅區","121.125","24.930","820"
"134","376998","20220727031000","141","0","桃園市","楊梅區","121.115","24.940","169"
"309","377001","20220727031000","285","1","桃園市","楊梅區","121.175","24.900","313"
"861","377002","20220727031000","980","0","桃園市","楊梅區","121.180","24.900","912"
"2899","377003","20220727031000","2653","1","桃園市","楊梅區","121.175","24.905","2904"
"108","377004","20220727031000","87","2","桃園市","楊梅區","121.180","24.905","102"
"74","377007","20220727031000","89","0","桃園市","楊梅區","121.095","24.930","82"
"745","377008","20220727031000","463","3","桃園市","楊梅區","121.100","24.930","774"
"1302","377010","20220727031000","675","3","桃園市","楊梅區","121.090","24.935","1296"
"427","377027","20220727031000","370","1","桃園市","新屋區","121.090","24.955","387"
"624","377030","20220727031000","493","2","桃園市","楊梅區","121.160","24.900","602"
"1290","377031","20220727031000","1124","1","桃園市","楊梅區","121.155","24.900","1272"
"628","377033","20220727031000","627","1","桃園市","楊梅區","121.085","24.935","585"
"264","377034","20220727031000","399","0","桃園市","楊梅區","121.075","24.940","262"
"910","377039","20220727031000","830","1","桃園市","桃園區","121.285","24.990","911"
"882","377041","20220727031000","777","1","桃園市","桃園區","121.295","24.980","879"
"2305","377042","20220727031000","3165","0","桃園市","桃園區","121.300","24.990","2236"
"375","377043","20220727031000","263","2","桃園市","桃園區","121.300","24.980","338"
"3128","377045","20220727031000","2883","1","桃園市","桃園區","121.300","24.985","3156"
"927","377046","20220727031000","755","2","桃園市","楊梅區","121.175","24.910","877"
"2087","377047","20220727031000","1532","2","桃園市","八德區","121.300","24.965","2380"
"1403","377051","20220727031000","964","2","桃園市","八德區","121.305","24.955","1406"
"474","377052","20220727031000","400","1","桃園市","八德區","121.310","24.955","476"
"31","377054","20220727031000","275","0","桃園市","八德區","121.300","24.945","32"
"511","377056","20220727031000","414","2","桃園市","八德區","121.275","24.940","514"
"843","377058","20220727031000","1075","0","桃園市","八德區","121.285","24.940","862"
"229","377059","20220727031000","185","2","桃園市","八德區","121.280","24.945","208"
"368","377061","20220727031000","366","1","桃園市","八德區","121.290","24.950","356"
"146","377068","20220727031000","109","2","桃園市","八德區","121.290","24.955","126"
"349","377069","20220727031000","293","1","桃園市","八德區","121.280","24.960","356"
"866","377070","20220727031000","711","2","桃園市","八德區","121.285","24.960","849"
"3561","377071","20220727031000","3382","1","桃園市","桃園區","121.290","24.985","3544"
"3863","377072","20220727031000","3202","2","桃園市","中壢區","121.220","24.965","3818"
"787","377073","20220727031000","780","1","桃園市","中壢區","121.215","24.955","781"
"393","377077","20220727031000","424","0","桃園市","中壢區","121.205","24.980","372"
"364","377084","20220727031000","314","1","桃園市","中壢區","121.205","24.990","385"
"1540","377086","20220727031000","1509","1","桃園市","中壢區","121.255","24.970","1501"
"1895","377088","20220727031000","2032","0","桃園市","楊梅區","121.155","24.910","1826"
"882","377089","20220727031000","792","1","桃園市","楊梅區","121.160","24.910","905"
"1794","377092","20220727031000","1577","1","桃園市","平鎮區","121.205","24.910","1832"
"1798","377093","20220727031000","1841","0","桃園市","平鎮區","121.205","24.920","1942"
"177","377099","20220727031000","150","1","桃園市","新屋區","121.010","24.960","184"
"583","377106","20220727031000","582","1","桃園市","新屋區","121.120","24.970","584"
"321","377111","20220727031000","197","3","桃園市","新屋區","121.130","24.975","315"
"1017","377117","20220727031000","1026","0","桃園市","新屋區","121.110","24.980","1036"
"615","377122","20220727031000","521","1","桃園市","新屋區","121.110","24.985","630"
"492","377125","20220727031000","432","1","桃園市","新屋區","121.125","24.985","505"
"404","377128","20220727031000","439","0","桃園市","新屋區","121.125","24.990","415"
"626","377135","20220727031000","658","0","桃園市","新屋區","121.100","24.990","627"
"10","377136","20220727031000","26","0","桃園市","新屋區","121.105","24.990","10"
"65","377148","20220727031000","47","2","桃園市","新屋區","121.095","24.960","67"
"287","377155","20220727031000","284","1","桃園市","新屋區","121.070","24.970","294"
"142","377159","20220727031000","136","1","桃園市","新屋區","121.020","24.970","143"
"272","377173","20220727031000","246","1","桃園市","新屋區","121.015","24.985","274"
"193","377175","20220727031000","192","1","桃園市","新屋區","120.990","24.940","179"
"174","377179","20220727031000","97","3","桃園市","新屋區","121.000","24.945","182"
"264","377183","20220727031000","267","0","桃園市","新屋區","121.010","24.950","275"
"583","377187","20220727031000","545","1","桃園市","新屋區","121.080","24.975","587"
"378","377195","20220727031000","305","2","桃園市","新屋區","121.075","24.990","382"
"224","377204","20220727031000","262","0","桃園市","新屋區","121.140","24.960","228"
"505","377205","20220727031000","590","0","桃園市","新屋區","121.145","24.960","526"
"356","377209","20220727031000","270","2","桃園市","新屋區","121.160","24.960","337"
"34","377211","20220727031000","32","1","桃園市","觀音區","121.145","24.970","34"
"10","377247","20220727031000","11","0","新北市","貢寮區","121.910","24.990","11"
"394","377249","20220727031000","579","0","桃園市","平鎮區","121.210","24.895","405"
"786","377259","20220727031000","835","0","桃園市","桃園區","121.285","24.980","795"
"1284","377261","20220727031000","896","2","桃園市","楊梅區","121.145","24.915","1267"
"639","377263","20220727031000","330","3","桃園市","楊梅區","121.145","24.910","567"
"24","377264","20220727031000","230","0","桃園市","楊梅區","121.130","24.915","12"
"652","377268","20220727031000","608","1","桃園市","楊梅區","121.130","24.920","657"
"662","377270","20220727031000","564","1","桃園市","楊梅區","121.140","24.920","663"
"3349","377280","20220727031000","2897","1","桃園市","楊梅區","121.145","24.900","3321"
"740","377285","20220727031000","473","3","桃園市","楊梅區","121.170","24.900","759"
"845","377288","20220727031000","846","0","桃園市","楊梅區","121.185","24.925","856"
"665","377289","20220727031000","667","0","桃園市","平鎮區","121.190","24.925","690"
"634","377292","20220727031000","602","1","桃園市","平鎮區","121.195","24.925","610"
"257","377295","20220727031000","581","0","桃園市","平鎮區","121.210","24.935","249"
"1900","377296","20220727031000","1714","1","桃園市","桃園區","121.295","24.990","1919"
"2904","377297","20220727031000","2799","1","桃園市","桃園區","121.285","24.985","2850"
"772","377303","20220727031000","670","1","桃園市","新屋區","121.120","24.950","791"
"303","377308","20220727031000","283","1","桃園市","新屋區","121.100","24.960","301"
"421","377310","20220727031000","333","2","桃園市","新屋區","121.110","24.960","403"
"606","377311","20220727031000","587","1","桃園市","新屋區","121.095","24.965","642"
"697","377322","20220727031000","612","1","桃園市","新屋區","121.045","24.960","730"
"235","377333","20220727031000","156","3","桃園市","新屋區","121.045","24.970","260"
"1582","377335","20220727031000","1481","1","桃園市","桃園區","121.320","24.990","1629"
"1992","377337","20220727031000","1783","1","桃園市","平鎮區","121.250","24.920","2028"
"695","377339","20220727031000","708","0","桃園市","平鎮區","121.240","24.925","684"
"1225","377340","20220727031000","1278","0","桃園市","桃園區","121.305","24.985","1248"
"1210","377342","20220727031000","1166","1","桃園市","桃園區","121.325","24.975","1199"
"2621","377344","20220727031000","2340","1","桃園市","桃園區","121.320","24.975","2679"
"761","377345","20220727031000","470","3","新北市","鶯歌區","121.330","24.975","774"
"540","377346","20220727031000","664","0","桃園市","桃園區","121.320","24.980","526"
"1480","377347","20220727031000","1052","2","桃園市","中壢區","121.230","24.960","1494"
"1143","377348","20220727031000","1730","0","桃園市","中壢區","121.235","24.960","1120"
"572","377349","20220727031000","857","0","桃園市","中壢區","121.230","24.950","623"
"1601","377350","20220727031000","1529","1","桃園市","中壢區","121.225","24.950","1669"
"441","377361","20220727031000","448","0","桃園市","新屋區","121.030","24.950","461"
"414","377372","20220727031000","524","0","桃園市","新屋區","121.090","24.980","421"
"1191","377380","20220727031000","1113","1","桃園市","新屋區","121.110","24.970","1188"
"59","377381","20220727031000","76","0","桃園市","新屋區","121.110","24.975","63"
"2291","377384","20220727031000","2393","0","桃園市","新屋區","121.105","24.975","2314"
"91","377428","20220727031000","86","1","桃園市","新屋區","121.040","24.980","113"
"895","377433","20220727031000","900","0","桃園市","新屋區","121.035","24.985","865"
"436","377434","20220727031000","380","1","桃園市","新屋區","121.040","24.985","432"
"1091","377446","20220727031000","1014","1","桃園市","桃園區","121.315","24.990","1109"
"2429","377447","20220727031000","1627","2","桃園市","桃園區","121.270","24.980","2347"
"3482","377449","20220727031000","2710","2","桃園市","桃園區","121.275","24.990","3463"
"1155","377450","20220727031000","1423","0","桃園市","桃園區","121.265","24.975","1169"
"2229","377452","20220727031000","2100","1","桃園市","桃園區","121.265","24.980","2135"
"31","377454","20220727031000","23","2","桃園市","桃園區","121.265","24.985","26"
"2198","377455","20220727031000","2042","1","桃園市","桃園區","121.290","24.990","2185"
"435","377456","20220727031000","466","0","桃園市","平鎮區","121.245","24.905","459"
"17","377457","20220727031000","77","0","桃園市","平鎮區","121.250","24.905","14"
"291","377459","20220727031000","281","1","桃園市","平鎮區","121.250","24.915","256"
"736","377460","20220727031000","723","1","桃園市","平鎮區","121.215","24.935","751"
"1689","377461","20220727031000","1777","0","桃園市","平鎮區","121.215","24.940","1738"
"2088","377462","20220727031000","1713","2","桃園市","平鎮區","121.215","24.945","2077"
"2648","377463","20220727031000","2259","1","桃園市","桃園區","121.310","24.980","2657"
"1102","377464","20220727031000","1413","0","桃園市","桃園區","121.310","24.985","1104"
"2204","377468","20220727031000","2121","1","桃園市","桃園區","121.305","24.980","2205"
"166","377469","20220727031000","159","1","桃園市","楊梅區","121.175","24.950","154"
"1811","377470","20220727031000","1412","2","桃園市","楊梅區","121.170","24.955","1848"
"310","377473","20220727031000","227","2","桃園市","楊梅區","121.115","24.900","318"
"168","377476","20220727031000","317","0","桃園市","楊梅區","121.125","24.910","167"
"558","377481","20220727031000","432","2","桃園市","楊梅區","121.150","24.940","552"
"275","377483","20220727031000","224","2","桃園市","楊梅區","121.150","24.920","261"
"1138","377484","20220727031000","933","2","桃園市","楊梅區","121.155","24.920","1163"
"888","377488","20220727031000","628","2","桃園市","楊梅區","121.150","24.925","832"
"34","377489","20220727031000","81","0","桃園市","楊梅區","121.155","24.925","21"
"38","377490","20220727031000","23","3","桃園市","楊梅區","121.160","24.925","39"
"760","377491","20220727031000","663","1","桃園市","楊梅區","121.165","24.925","711"
"395","377493","20220727031000","394","1","桃園市","楊梅區","121.145","24.930","373"
"472","377497","20220727031000","384","2","桃園市","楊梅區","121.160","24.930","450"
"157","377498","20220727031000","251","0","桃園市","楊梅區","121.165","24.930","116"
"583","377499","20220727031000","341","3","桃園市","楊梅區","121.170","24.930","612"
"422","377501","20220727031000","372","1","桃園市","楊梅區","121.140","24.930","416"
"2030","377508","20220727031000","1991","1","桃園市","平鎮區","121.210","24.940","2047"
"2227","377509","20220727031000","1999","1","桃園市","平鎮區","121.210","24.945","2232"
"709","377513","20220727031000","614","1","桃園市","平鎮區","121.210","24.930","714"
"1305","377519","20220727031000","909","2","桃園市","平鎮區","121.230","24.900","1318"
"308","377522","20220727031000","303","1","桃園市","平鎮區","121.245","24.900","301"
"980","377529","20220727031000","1131","0","桃園市","平鎮區","121.225","24.910","1010"
"493","377530","20220727031000","400","2","桃園市","平鎮區","121.230","24.910","490"
"1729","377532","20220727031000","1417","2","桃園市","桃園區","121.305","24.990","1742"
"1105","377533","20220727031000","944","1","新北市","鶯歌區","121.330","24.970","1110"
"427","377534","20220727031000","451","0","新北市","鶯歌區","121.335","24.965","421"
"948","377535","20220727031000","711","2","桃園市","桃園區","121.320","24.970","954"
"2323","377538","20220727031000","2223","1","桃園市","桃園區","121.315","24.980","2342"
"838","377539","20220727031000","574","2","桃園市","楊梅區","121.175","24.925","716"
"334","377542","20220727031000","138","3","桃園市","楊梅區","121.180","24.925","345"
"299","377546","20220727031000","222","2","桃園市","楊梅區","121.180","24.930","325"
"930","377547","20220727031000","662","2","桃園市","楊梅區","121.160","24.935","846"
"66","377551","20220727031000","83","0","桃園市","楊梅區","121.180","24.935","65"
"53","377559","20220727031000","67","0","桃園市","楊梅區","121.150","24.945","57"
"17","377561","20220727031000","13","2","桃園市","楊梅區","121.160","24.945","18"
"448","377564","20220727031000","263","3","桃園市","楊梅區","121.175","24.945","424"
"603","377565","20220727031000","599","1","桃園市","新屋區","121.150","24.950","597"
"373","377566","20220727031000","350","1","桃園市","楊梅區","121.155","24.950","416"
"26","377568","20220727031000","19","2","桃園市","楊梅區","121.170","24.950","35"
"771","377570","20220727031000","792","0","桃園市","蘆竹區","121.265","24.990","824"
"102","377571","20220727031000","293","0","桃園市","龜山區","121.340","24.980","117"
"18","377572","20220727031000","40","0","桃園市","龜山區","121.340","24.985","22"
"2024","377573","20220727031000","2823","0","桃園市","龜山區","121.345","24.985","2029"
"880","377574","20220727031000","1183","0","桃園市","龜山區","121.340","24.990","838"
"510","377575","20220727031000","609","0","桃園市","龜山區","121.345","24.990","528"
"14","377742","20220727031000","17","0","新北市","雙溪區","121.820","24.965","14"
"16","377753","20220727031000","10","3","新北市","雙溪區","121.810","24.970","14"
"13","377756","20220727031000","11","1","新北市","雙溪區","121.825","24.970","23"
"18","377787","20220727031000","16","1","新北市","雙溪區","121.845","24.980","13"
"1439","377821","20220727031000","1377","1","桃園市","楊梅區","121.145","24.905","1306"
"1666","377823","20220727031000","1645","1","桃園市","楊梅區","121.165","24.910","1628"
"29","377824","20220727031000","77","0","桃園市","楊梅區","121.165","24.915","27"
"334","377826","20220727031000","265","2","桃園市","大溪區","121.280","24.910","345"
"1072","377827","20220727031000","1016","1","桃園市","大溪區","121.285","24.910","1008"
"1344","377831","20220727031000","1028","2","桃園市","大溪區","121.280","24.915","1335"
"308","377833","20220727031000","313","0","桃園市","大溪區","121.290","24.915","329"
"788","377835","20220727031000","804","0","桃園市","大溪區","121.280","24.920","818"
"699","377837","20220727031000","953","0","桃園市","大溪區","121.290","24.920","741"
"769","377839","20220727031000","634","2","桃園市","大溪區","121.275","24.900","794"
"839","377841","20220727031000","585","2","桃園市","大溪區","121.275","24.905","826"
"2870","377843","20220727031000","2666","1","桃園市","楊梅區","121.180","24.910","2872"
"1333","377844","20220727031000","1070","2","桃園市","楊梅區","121.180","24.915","1355"
"336","377845","20220727031000","315","1","桃園市","平鎮區","121.225","24.925","334"
"535","377847","20220727031000","622","0","桃園市","平鎮區","121.220","24.935","517"
"3251","377848","20220727031000","2524","2","桃園市","平鎮區","121.225","24.930","3217"
"824","377849","20220727031000","692","1","桃園市","平鎮區","121.220","24.930","843"
"581","377851","20220727031000","387","3","桃園市","平鎮區","121.230","24.925","590"
"632","377852","20220727031000","551","1","桃園市","中壢區","121.245","24.925","613"
"1623","377853","20220727031000","1441","1","桃園市","楊梅區","121.150","24.910","1604"
"1095","377854","20220727031000","789","2","桃園市","楊梅區","121.150","24.915","962"
"138","377858","20220727031000","99","2","桃園市","楊梅區","121.130","24.905","97"
"597","377859","20220727031000","648","0","桃園市","楊梅區","121.135","24.905","582"
"84","377862","20220727031000","116","0","桃園市","楊梅區","121.135","24.910","87"
"343","377866","20220727031000","154","3","桃園市","楊梅區","121.070","24.930","365"
"413","377868","20220727031000","395","1","桃園市","楊梅區","121.065","24.935","436"
"378","377877","20220727031000","293","2","桃園市","楊梅區","121.100","24.920","441"
"90","377879","20220727031000","384","0","桃園市","楊梅區","121.070","24.925","83"
"554","377895","20220727031000","1291","0","桃園市","楊梅區","121.085","24.930","556"
"180","377896","20220727031000","172","1","桃園市","楊梅區","121.160","24.950","195"
"3311","377898","20220727031000","2743","2","桃園市","楊梅區","121.160","24.955","3318"
"127","377901","20220727031000","132","0","桃園市","楊梅區","121.120","24.895","148"
"108","377906","20220727031000","87","2","桃園市","楊梅區","121.125","24.900","117"
"282","377909","20220727031000","214","2","桃園市","平鎮區","121.210","24.910","283"
"2272","377914","20220727031000","1781","2","桃園市","平鎮區","121.210","24.920","2202"
"245","377919","20220727031000","244","1","桃園市","平鎮區","121.195","24.930","254"
"923","377920","20220727031000","879","1","桃園市","平鎮區","121.200","24.940","916"
"184","377924","20220727031000","561","0","桃園市","八德區","121.290","24.945","186"
"1770","377925","20220727031000","1371","2","桃園市","八德區","121.290","24.930","1814"
"1325","377933","20220727031000","1024","2","桃園市","八德區","121.275","24.960","1230"
"1691","377940","20220727031000","1903","0","臺北市","文山區","121.555","24.985","829"
"854","377941","20220727031000","757","1","臺北市","文山區","121.560","24.985","1017"
"1343","377942","20220727031000","1598","0","臺北市","文山區","121.565","24.980","1411"
"38","377946","20220727031000","38","1","新北市","新店區","121.575","24.965","31"
"115","377947","20220727031000","120","0","臺北市","文山區","121.580","24.965","98"
"259","377948","20220727031000","229","1","臺北市","文山區","121.560","24.970","313"
"240","377953","20220727031000","243","0","臺北市","文山區","121.560","24.975","199"
"102","377955","20220727031000","186","0","臺北市","文山區","121.570","24.975","118"
"113","377957","20220727031000","1510","0","臺北市","文山區","121.570","24.980","330"
"2271","377958","20220727031000","2649","0","臺北市","文山區","121.565","24.985","2310"
"190","377962","20220727031000","171","1","臺北市","文山區","121.610","24.965","172"
"129","377964","20220727031000","31","3","臺北市","文山區","121.590","24.965","124"
"53","377978","20220727031000","120","0","臺北市","文山區","121.580","24.975","57"
"372","377979","20220727031000","540","0","臺北市","文山區","121.585","24.975","374"
"101","377980","20220727031000","131","0","臺北市","文山區","121.590","24.975","100"
"1138","377982","20220727031000","1603","0","臺北市","文山區","121.575","24.980","1126"
"1117","377989","20220727031000","991","1","臺北市","文山區","121.585","24.985","890"
"1191","377990","20220727031000","1410","0","臺北市","文山區","121.590","24.985","924"
"17","377994","20220727031000","27","0","臺北市","文山區","121.590","24.990","788"
"45","377995","20220727031000","25","3","臺北市","文山區","121.595","24.990","44"
"3027","377997","20220727031000","2948","1","臺北市","文山區","121.560","24.990","3183"
"475","377998","20220727031000","1598","0","臺北市","文山區","121.575","24.985","450"
"971","377999","20220727031000","1314","0","臺北市","文山區","121.580","24.985","986"
"2290","378000","20220727031000","2246","1","臺北市","文山區","121.575","24.990","2237"
"1008","378001","20220727031000","958","1","臺北市","文山區","121.580","24.990","1005"
"1219","378002","20220727031000","1729","0","臺北市","文山區","121.550","24.985","1240"
"1457","378003","20220727031000","2512","0","臺北市","文山區","121.565","24.990","1445"
"2203","378004","20220727031000","2740","0","臺北市","文山區","121.570","24.990","2203"
"1640","378005","20220727031000","1919","0","臺北市","文山區","121.555","24.980","1719"
"2742","378006","20220727031000","2607","1","臺北市","文山區","121.560","24.980","2805"
"300","378007","20220727031000","480","0","臺北市","文山區","121.555","24.975","301"
"2905","378008","20220727031000","2909","0","臺北市","文山區","121.570","24.985","2913"
"2203","378009","20220727031000","2761","0","臺北市","文山區","121.545","24.990","2251"
"2907","378010","20220727031000","3119","0","臺北市","文山區","121.540","24.990","2857"
"384","378011","20220727031000","697","0","臺北市","文山區","121.550","24.990","418"
"588","378012","20220727031000","668","0","臺北市","文山區","121.555","24.990","568"
"37","378561","20220727031000","20","3","新北市","貢寮區","121.990","24.995","26"
"58","379975","20220727031000","32","3","新北市","貢寮區","122.005","25.015","53"
"1922","382513","20220727031000","2019","0","新北市","新莊區","121.450","25.035","1892"
"856","382514","20220727031000","955","0","新北市","新莊區","121.415","25.020","869"
"2784","382515","20220727031000","2310","2","新北市","板橋區","121.430","24.995","2750"
"737","382517","20220727031000","712","1","新北市","新莊區","121.435","25.005","731"
"556","382519","20220727031000","690","0","新北市","板橋區","121.440","25.010","544"
"1637","382521","20220727031000","1942","0","新北市","新莊區","121.430","25.020","1632"
"2344","382522","20220727031000","2106","1","新北市","新莊區","121.430","25.015","2310"
"12","382523","20220727031000","395","0","新北市","新莊區","121.420","25.020","11"
"2758","382525","20220727031000","2469","1","新北市","新莊區","121.410","25.025","2780"
"148","382526","20220727031000","138","1","新北市","新莊區","121.400","25.030","138"
"3618","382528","20220727031000","4783","0","新北市","板橋區","121.470","25.015","3702"
"2957","382530","20220727031000","3329","0","新北市","板橋區","121.465","25.025","2879"
"5944","382531","20220727031000","6069","0","新北市","板橋區","121.460","25.025","5995"
"2661","382532","20220727031000","3049","0","新北市","中和區","121.480","24.995","2609"
"1920","382534","20220727031000","3085","0","新北市","板橋區","121.445","25.000","2001"
"3309","382536","20220727031000","4323","0","新北市","中和區","121.520","24.995","3250"
"2451","382537","20220727031000","3199","0","新北市","板橋區","121.455","25.025","2375"
"1569","382538","20220727031000","1543","1","臺北市","文山區","121.530","24.995","1318"
"1095","382539","20220727031000","1382","0","新北市","汐止區","121.620","25.045","1100"
"651","382546","20220727031000","665","0","新北市","樹林區","121.410","25.010","589"
"2626","382547","20220727031000","3009","0","新北市","新莊區","121.425","25.015","2600"
"2318","382548","20220727031000","2123","1","新北市","中和區","121.495","24.995","2256"
"646","382549","20220727031000","684","0","臺北市","萬華區","121.490","25.015","629"
"77","382550","20220727031000","63","2","新北市","三重區","121.480","25.050","66"
"2596","382552","20220727031000","2503","1","新北市","中和區","121.480","25.000","2563"
"1312","382553","20220727031000","1906","0","新北市","中和區","121.475","25.005","1272"
"6964","382554","20220727031000","5929","1","新北市","中和區","121.470","25.005","6994"
"4735","382555","20220727031000","7103","0","新北市","中和區","121.500","24.995","4739"
"3154","382556","20220727031000","2445","2","新北市","中和區","121.495","25.005","3191"
"2348","382557","20220727031000","3695","0","新北市","中和區","121.500","25.005","2576"
"1951","382558","20220727031000","2027","0","新北市","三重區","121.490","25.055","1969"
"810","382559","20220727031000","525","3","新北市","三重區","121.475","25.045","839"
"1823","382560","20220727031000","1830","0","新北市","板橋區","121.445","25.005","1777"
"597","382561","20220727031000","595","1","新北市","板橋區","121.445","25.010","608"
"465","382562","20220727031000","589","0","新北市","板橋區","121.450","25.005","464"
"920","382563","20220727031000","965","0","新北市","板橋區","121.450","25.020","919"
"2795","382564","20220727031000","3120","0","新北市","中和區","121.505","25.005","2783"
"2375","382565","20220727031000","2648","0","新北市","三重區","121.485","25.055","2184"
"2530","382567","20220727031000","2926","0","新北市","三重區","121.495","25.055","2520"
"1591","382568","20220727031000","1606","0","新北市","三重區","121.500","25.045","1675"
"1152","382571","20220727031000","1031","1","新北市","中和區","121.490","25.005","1182"
"1295","382572","20220727031000","915","2","新北市","中和區","121.490","25.000","1274"
"1197","382574","20220727031000","909","2","新北市","中和區","121.485","25.010","1174"
"3810","382575","20220727031000","3260","1","新北市","中和區","121.485","24.995","3801"
"2493","382576","20220727031000","3001","0","新北市","中和區","121.490","24.995","2638"
"4299","382577","20220727031000","5000","0","新北市","中和區","121.505","24.995","4257"
"69","382579","20220727031000","76","0","新北市","板橋區","121.460","25.030","66"
"3390","382580","20220727031000","3970","0","新北市","板橋區","121.455","25.015","3364"
"362","382582","20220727031000","810","0","新北市","板橋區","121.450","25.025","356"
"477","382583","20220727031000","609","0","新北市","泰山區","121.420","25.045","507"
"834","382584","20220727031000","1267","0","新北市","泰山區","121.425","25.045","826"
"304","382589","20220727031000","136","3","新北市","三重區","121.485","25.045","319"
"1506","382592","20220727031000","1082","2","新北市","三重區","121.485","25.050","1529"
"2977","382593","20220727031000","2823","1","新北市","三重區","121.490","25.050","3022"
"759","382594","20220727031000","639","1","桃園市","龜山區","121.410","25.020","759"
"2166","382595","20220727031000","2117","1","新北市","新莊區","121.460","25.050","2149"
"1406","382596","20220727031000","1367","1","新北市","新莊區","121.465","25.050","1469"
"415","382597","20220727031000","786","0","新北市","新莊區","121.460","25.055","395"
"1048","382598","20220727031000","1404","0","新北市","新莊區","121.465","25.055","1078"
"1071","382600","20220727031000","1071","1","新北市","三重區","121.470","25.045","1044"
"826","382601","20220727031000","662","2","新北市","三重區","121.470","25.050","832"
"10","382602","20220727031000","12","0","新北市","三重區","121.470","25.055","10"
"2591","382603","20220727031000","2303","1","新北市","中和區","121.480","25.010","2481"
"3880","382604","20220727031000","3622","1","新北市","板橋區","121.475","25.010","3943"
"2147","382605","20220727031000","2643","0","新北市","中和區","121.465","24.995","2119"
"2716","382606","20220727031000","2769","0","新北市","新莊區","121.450","25.040","2767"
"3847","382607","20220727031000","3536","1","新北市","新莊區","121.445","25.040","3787"
"3723","382608","20220727031000","4611","0","新北市","新莊區","121.425","25.020","3723"
"226","382609","20220727031000","2123","0","新北市","新莊區","121.455","25.045","217"
"2524","382610","20220727031000","2533","0","新北市","板橋區","121.465","25.005","2502"
"3248","382611","20220727031000","2981","1","新北市","板橋區","121.460","25.005","3212"
"93","382614","20220727031000","267","0","新北市","深坑區","121.630","25.010","96"
"243","382615","20220727031000","258","0","新北市","深坑區","121.620","25.010","249"
"113","382618","20220727031000","361","0","新北市","深坑區","121.630","25.015","110"
"249","382623","20220727031000","474","0","新北市","深坑區","121.605","25.000","255"
"1871","382624","20220727031000","2155","0","新北市","新莊區","121.435","25.015","1893"
"32","382625","20220727031000","446","0","新北市","板橋區","121.450","25.000","30"
"658","382626","20220727031000","662","0","新北市","中和區","121.470","24.995","681"
"135","382627","20220727031000","112","2","新北市","中和區","121.480","24.990","139"
"421","382628","20220727031000","1752","0","新北市","中和區","121.475","25.000","396"
"164","382629","20220727031000","701","0","新北市","中和區","121.505","25.000","149"
"3715","382630","20220727031000","3751","0","新北市","永和區","121.525","25.005","3584"
"1586","382634","20220727031000","1193","2","新北市","樹林區","121.420","24.995","1561"
"866","382637","20220727031000","771","1","新北市","樹林區","121.420","25.000","850"
"371","382638","20220727031000","513","0","新北市","新莊區","121.440","25.030","366"
"2732","382639","20220727031000","2465","1","新北市","新莊區","121.420","25.025","2731"
"3117","382640","20220727031000","3499","0","新北市","新莊區","121.455","25.050","3127"
"4269","382641","20220727031000","3467","2","新北市","中和區","121.470","25.000","4307"
"6881","382642","20220727031000","4112","3","新北市","板橋區","121.455","25.005","6841"
"1113","382643","20220727031000","371","3","新北市","板橋區","121.445","25.020","1179"
"1104","382644","20220727031000","1065","1","新北市","板橋區","121.440","25.000","1054"
"5353","382645","20220727031000","8546","0","新北市","永和區","121.520","25.010","5371"
"1057","382646","20220727031000","991","1","新北市","樹林區","121.415","25.000","999"
"1138","382647","20220727031000","1086","1","新北市","樹林區","121.415","25.005","1127"
"2582","382648","20220727031000","3139","0","新北市","土城區","121.455","24.995","2579"
"22","382660","20220727031000","20","1","新北市","平溪區","121.710","25.020","16"
"1241","382667","20220727031000","1343","0","新北市","新莊區","121.460","25.040","1260"
"4115","382668","20220727031000","3922","1","新北市","新莊區","121.460","25.045","4323"
"1019","382671","20220727031000","1166","0","新北市","板橋區","121.445","25.015","1022"
"5037","382673","20220727031000","3878","2","新北市","板橋區","121.450","24.995","5057"
"1829","382674","20220727031000","1896","0","新北市","板橋區","121.455","25.000","1826"
"5366","382675","20220727031000","4198","2","新北市","永和區","121.520","25.015","5382"
"2502","382676","20220727031000","3719","0","新北市","永和區","121.515","25.015","2452"
"2578","382677","20220727031000","3275","0","新北市","新莊區","121.445","25.030","2578"
"3098","382678","20220727031000","2456","2","新北市","新莊區","121.455","25.035","3058"
"26","382679","20220727031000","759","0","新北市","板橋區","121.460","25.035","20"
"616","382680","20220727031000","584","1","新北市","新莊區","121.465","25.040","624"
"1028","382683","20220727031000","747","2","桃園市","中壢區","121.215","25.000","1023"
"377","382686","20220727031000","344","1","桃園市","觀音區","121.125","25.030","372"
"3561","382699","20220727031000","3535","1","新北市","板橋區","121.485","25.020","3417"
"5236","382700","20220727031000","4112","2","新北市","板橋區","121.460","25.010","5151"
"3704","382701","20220727031000","2263","3","新北市","板橋區","121.460","24.995","3697"
"1589","382702","20220727031000","1402","1","新北市","樹林區","121.420","25.015","1612"
"732","382703","20220727031000","523","2","新北市","新莊區","121.435","25.010","743"
"976","382706","20220727031000","989","0","新北市","新莊區","121.440","25.020","991"
"324","382710","20220727031000","334","0","新北市","新莊區","121.445","25.025","328"
"4715","382711","20220727031000","4022","1","新北市","永和區","121.505","25.010","4688"
"3359","382712","20220727031000","3288","1","新北市","板橋區","121.475","25.020","3363"
"2982","382713","20220727031000","2564","1","新北市","新莊區","121.430","25.025","2936"
"16","382714","20220727031000","14","1","新北市","新莊區","121.435","25.025","15"
"1516","382715","20220727031000","1864","0","新北市","新莊區","121.425","25.025","1566"
"1304","382716","20220727031000","1246","1","臺北市","萬華區","121.500","25.015","1042"
"2591","382717","20220727031000","1973","2","新北市","新莊區","121.450","25.030","2578"
"274","382724","20220727031000","287","0","桃園市","中壢區","121.180","25.005","273"
"894","382730","20220727031000","510","3","桃園市","中壢區","121.190","25.010","939"
"816","382732","20220727031000","383","3","桃園市","中壢區","121.185","25.015","847"
"648","382735","20220727031000","553","1","桃園市","大園區","121.180","25.025","655"
"1007","382741","20220727031000","960","1","桃園市","觀音區","121.160","24.995","1022"
"456","382743","20220727031000","416","1","桃園市","觀音區","121.155","25.000","451"
"948","382759","20220727031000","798","1","桃園市","觀音區","121.160","25.020","988"
"332","382780","20220727031000","328","1","桃園市","觀音區","121.105","25.040","340"
"197","382785","20220727031000","181","1","桃園市","觀音區","121.130","25.020","197"
"199","382813","20220727031000","244","0","桃園市","觀音區","121.110","25.050","201"
"1569","382814","20220727031000","1243","2","桃園市","觀音區","121.115","25.050","1503"
"1494","382815","20220727031000","863","3","桃園市","觀音區","121.120","25.050","1505"
"412","382816","20220727031000","234","3","桃園市","觀音區","121.125","25.050","397"
"208","382820","20220727031000","117","3","桃園市","觀音區","121.120","25.055","205"
"811","382821","20220727031000","871","0","桃園市","觀音區","121.125","25.055","840"
"669","382830","20220727031000","622","1","桃園市","觀音區","121.080","25.035","701"
"381","382842","20220727031000","264","2","桃園市","觀音區","121.095","25.050","382"
"400","382853","20220727031000","603","0","桃園市","觀音區","121.145","25.040","418"
"2009","382855","20220727031000","2549","0","桃園市","觀音區","121.140","25.045","2470"
"704","382857","20220727031000","638","1","桃園市","觀音區","121.130","25.050","711"
"192","382858","20220727031000","198","0","桃園市","觀音區","121.135","25.050","220"
"496","382868","20220727031000","253","3","桃園市","觀音區","121.115","25.000","451"
"1591","382888","20220727031000","1332","1","桃園市","蘆竹區","121.270","25.010","1543"
"45","382890","20220727031000","42","1","桃園市","蘆竹區","121.265","25.015","48"
"1146","382891","20220727031000","1046","1","桃園市","蘆竹區","121.240","25.025","1138"
"1438","382893","20220727031000","794","3","桃園市","蘆竹區","121.250","25.025","1317"
"442","382894","20220727031000","431","1","桃園市","大園區","121.235","25.025","437"
"1098","382896","20220727031000","867","2","桃園市","蘆竹區","121.245","25.025","1009"
"447","382898","20220727031000","371","2","桃園市","蘆竹區","121.240","25.030","461"
"144","382911","20220727031000","149","0","新北市","石碇區","121.670","25.010","147"
"67","382935","20220727031000","70","0","新北市","石碇區","121.670","25.030","66"
"120","382953","20220727031000","88","2","新北市","石碇區","121.690","25.005","121"
"40","382971","20220727031000","36","1","新北市","石碇區","121.700","25.015","39"
"75","382976","20220727031000","67","1","新北市","石碇區","121.660","24.995","72"
"44","382980","20220727031000","37","1","新北市","石碇區","121.650","25.000","36"
"26","382991","20220727031000","29","0","新北市","貢寮區","121.885","24.995","23"
"23","382996","20220727031000","11","3","新北市","貢寮區","121.885","25.000","23"
"26","383019","20220727031000","26","1","新北市","貢寮區","122.000","25.005","19"
"73","383024","20220727031000","44","3","新北市","貢寮區","121.990","25.010","77"
"61","383035","20220727031000","51","1","新北市","貢寮區","121.985","25.020","54"
"2199","383037","20220727031000","3724","0","新北市","永和區","121.520","25.000","2221"
"4640","383038","20220727031000","4526","1","新北市","板橋區","121.475","25.025","4762"
"565","383039","20220727031000","962","0","新北市","新莊區","121.410","25.030","539"
"692","383040","20220727031000","854","0","新北市","新莊區","121.415","25.030","691"
"75","383045","20220727031000","63","1","新北市","新莊區","121.405","25.040","62"
"3360","383046","20220727031000","4157","0","新北市","新莊區","121.455","25.055","3292"
"989","383047","20220727031000","1222","0","新北市","新莊區","121.435","25.030","1032"
"1620","383048","20220727031000","1390","1","新北市","新莊區","121.425","25.030","1634"
"402","383049","20220727031000","1367","0","新北市","新莊區","121.430","25.030","432"
"578","383050","20220727031000","1003","0","新北市","新莊區","121.430","25.035","614"
"3966","383054","20220727031000","5263","0","新北市","新莊區","121.445","25.050","4074"
"4070","383055","20220727031000","4292","0","新北市","新莊區","121.450","25.045","4089"
"1441","383056","20220727031000","1330","1","桃園市","蘆竹區","121.290","25.050","1331"
"1484","383057","20220727031000","1347","1","桃園市","蘆竹區","121.280","25.055","1520"
"554","383058","20220727031000","490","1","桃園市","蘆竹區","121.285","25.045","560"
"1706","383059","20220727031000","1011","3","桃園市","蘆竹區","121.285","25.050","1713"
"930","383060","20220727031000","1118","0","桃園市","蘆竹區","121.285","25.055","908"
"489","383094","20220727031000","552","0","桃園市","觀音區","121.050","25.025","472"
"406","383096","20220727031000","627","0","桃園市","觀音區","121.080","25.030","388"
"788","383099","20220727031000","720","1","桃園市","觀音區","121.085","25.035","758"
"1281","383113","20220727031000","757","3","桃園市","觀音區","121.120","25.025","1309"
"446","383117","20220727031000","425","1","桃園市","觀音區","121.115","25.025","473"
"1111","383118","20220727031000","1072","1","新北市","樹林區","121.410","25.015","960"
"1285","383121","20220727031000","1369","0","新北市","泰山區","121.440","25.045","1221"
"31","383122","20220727031000","409","0","新北市","泰山區","121.430","25.050","28"
"960","383124","20220727031000","715","2","新北市","泰山區","121.440","25.050","957"
"86","383125","20220727031000","775","0","新北市","泰山區","121.435","25.055","78"
"1266","383126","20220727031000","1250","1","新北市","泰山區","121.425","25.050","1215"
"1035","383127","20220727031000","894","1","新北市","新莊區","121.440","25.055","1063"
"1164","383128","20220727031000","2181","0","新北市","新莊區","121.445","25.055","1197"
"4115","383129","20220727031000","4355","0","新北市","新莊區","121.450","25.055","4093"
"4621","383130","20220727031000","6015","0","新北市","新莊區","121.450","25.050","4679"
"1101","383131","20220727031000","1302","0","新北市","新莊區","121.455","25.040","833"
"201","383132","20220727031000","40","3","新北市","板橋區","121.435","24.995","201"
"1381","383134","20220727031000","1434","0","新北市","板橋區","121.445","24.995","1371"
"3625","383141","20220727031000","4495","0","新北市","永和區","121.515","25.005","3543"
"4050","383142","20220727031000","4634","0","新北市","板橋區","121.470","25.025","4006"
"4451","383143","20220727031000","4700","0","新北市","板橋區","121.475","25.030","4452"
"2466","383144","20220727031000","2908","0","新北市","新莊區","121.445","25.045","2426"
"105","383152","20220727031000","102","1","新北市","泰山區","121.400","25.055","117"
"2993","383156","20220727031000","2948","1","新北市","汐止區","121.625","25.040","2984"
"16","383165","20220727031000","37","0","新北市","雙溪區","121.865","25.045","27"
"95","383202","20220727031000","98","0","新北市","雙溪區","121.800","25.015","98"
"537","383204","20220727031000","621","0","新北市","中和區","121.490","25.010","559"
"364","383205","20220727031000","671","0","新北市","樹林區","121.430","25.000","358"
"3003","383207","20220727031000","3119","0","新北市","永和區","121.515","24.995","3029"
"2302","383208","20220727031000","1985","1","桃園市","桃園區","121.315","25.005","2284"
"854","383209","20220727031000","1320","0","桃園市","桃園區","121.315","25.010","890"
"517","383210","20220727031000","586","0","臺北市","萬華區","121.495","25.010","534"
"1432","383211","20220727031000","2037","0","新北市","永和區","121.500","25.010","1380"
"4063","383212","20220727031000","3823","1","新北市","永和區","121.510","25.015","4103"
"600","383214","20220727031000","590","1","新北市","汐止區","121.625","25.050","598"
"687","383218","20220727031000","573","1","桃園市","蘆竹區","121.290","25.055","643"
"1091","383219","20220727031000","928","1","桃園市","蘆竹區","121.295","25.050","1104"
"1478","383220","20220727031000","2120","0","桃園市","蘆竹區","121.300","25.050","1196"
"2109","383222","20220727031000","1775","1","桃園市","蘆竹區","121.300","25.055","2077"
"12","383225","20220727031000","12","1","桃園市","蘆竹區","121.315","25.055","16"
"166","383229","20220727031000","126","2","新北市","石碇區","121.645","25.005","161"
"22","383234","20220727031000","23","0","新北市","石碇區","121.700","24.995","23"
"65","383253","20220727031000","69","0","新北市","石碇區","121.665","25.010","71"
"142","383254","20220727031000","126","1","新北市","石碇區","121.645","25.010","146"
"83","383261","20220727031000","92","0","新北市","石碇區","121.655","25.015","106"
"450","383272","20220727031000","417","1","桃園市","觀音區","121.100","25.005","469"
"679","383277","20220727031000","633","1","桃園市","觀音區","121.095","25.020","696"
"323","383281","20220727031000","334","0","桃園市","觀音區","121.095","25.025","306"
"1713","383283","20220727031000","1858","0","桃園市","桃園區","121.285","24.995","1691"
"276","383284","20220727031000","374","0","桃園市","桃園區","121.290","24.995","231"
"636","383285","20220727031000","556","1","桃園市","桃園區","121.285","25.000","626"
"3942","383286","20220727031000","3795","1","桃園市","蘆竹區","121.290","25.045","3958"
"282","383287","20220727031000","211","2","桃園市","桃園區","121.280","25.030","273"
"663","383290","20220727031000","599","1","桃園市","蘆竹區","121.280","25.035","586"
"1308","383291","20220727031000","1611","0","桃園市","蘆竹區","121.285","25.035","1538"
"2737","383294","20220727031000","2006","2","桃園市","蘆竹區","121.285","25.040","2710"
"3014","383295","20220727031000","4289","0","桃園市","蘆竹區","121.290","25.040","3182"
"22","383299","20220727031000","148","0","桃園市","蘆竹區","121.255","25.025","21"
"291","383301","20220727031000","295","0","桃園市","蘆竹區","121.250","25.035","290"
"264","383311","20220727031000","242","1","桃園市","蘆竹區","121.240","25.040","273"
"169","383313","20220727031000","130","2","桃園市","蘆竹區","121.255","25.040","158"
"17","383315","20220727031000","82","0","桃園市","蘆竹區","121.250","25.045","17"
"580","383318","20220727031000","630","0","桃園市","蘆竹區","121.265","25.025","582"
"719","383325","20220727031000","529","2","桃園市","蘆竹區","121.275","25.030","689"
"41","383357","20220727031000","57","0","新北市","雙溪區","121.880","25.020","44"
"2024","383376","20220727031000","2788","0","新北市","中和區","121.485","25.000","1974"
"2330","383377","20220727031000","2994","0","新北市","中和區","121.485","25.005","2367"
"2609","383378","20220727031000","4763","0","新北市","中和區","121.500","25.000","2552"
"2608","383379","20220727031000","3372","0","新北市","板橋區","121.465","25.010","2522"
"3595","383380","20220727031000","3168","1","新北市","板橋區","121.470","25.010","3602"
"1134","383384","20220727031000","986","1","新北市","汐止區","121.635","25.040","1115"
"188","383424","20220727031000","260","0","桃園市","蘆竹區","121.255","25.050","212"
"623","383426","20220727031000","403","3","桃園市","蘆竹區","121.265","25.050","627"
"45","383430","20220727031000","40","1","桃園市","蘆竹區","121.250","25.055","67"
"449","383435","20220727031000","351","2","桃園市","蘆竹區","121.275","25.055","468"
"459","383437","20220727031000","431","1","桃園市","大園區","121.160","25.030","474"
"449","383449","20220727031000","422","1","桃園市","觀音區","121.155","25.050","475"
"1431","383456","20220727031000","1178","2","桃園市","觀音區","121.140","25.010","1383"
"675","383457","20220727031000","673","1","桃園市","觀音區","121.145","25.010","666"
"514","383463","20220727031000","464","1","桃園市","觀音區","121.130","25.005","567"
"174","383469","20220727031000","204","0","桃園市","觀音區","121.060","25.025","175"
"319","383475","20220727031000","337","0","桃園市","觀音區","121.065","25.025","329"
"108","383483","20220727031000","115","0","桃園市","觀音區","121.060","25.035","99"
"112","383485","20220727031000","164","0","桃園市","觀音區","121.070","25.035","106"
"87","383489","20220727031000","80","1","桃園市","觀音區","121.070","25.040","98"
"1277","383492","20220727031000","1343","0","新北市","三重區","121.475","25.050","1283"
"4238","383493","20220727031000","4566","0","新北市","中和區","121.510","24.995","4420"
"4663","383494","20220727031000","5713","0","新北市","中和區","121.510","25.000","4706"
"2807","383495","20220727031000","2754","1","新北市","板橋區","121.455","25.010","2742"
"4448","383496","20220727031000","4427","1","新北市","板橋區","121.455","25.020","4433"
"2300","383500","20220727031000","3216","0","新北市","樹林區","121.425","24.995","2337"
"277","383502","20220727031000","564","0","新北市","樹林區","121.405","25.005","267"
"83","383503","20220727031000","501","0","新北市","樹林區","121.410","25.005","64"
"2849","383507","20220727031000","2700","1","新北市","永和區","121.505","25.015","2809"
"56","383513","20220727031000","67","0","桃園市","中壢區","121.245","24.995","40"
"1175","383515","20220727031000","945","2","桃園市","中壢區","121.225","25.000","1157"
"411","383519","20220727031000","422","0","桃園市","中壢區","121.245","25.000","422"
"503","383520","20220727031000","395","2","桃園市","中壢區","121.250","25.000","500"
"384","383521","20220727031000","237","3","桃園市","中壢區","121.230","25.005","394"
"544","383524","20220727031000","481","1","桃園市","中壢區","121.245","25.005","579"
"450","383526","20220727031000","432","1","桃園市","大園區","121.245","25.010","466"
"1373","383529","20220727031000","907","3","桃園市","中壢區","121.175","24.995","1346"
"726","383553","20220727031000","619","1","桃園市","中壢區","121.220","25.005","735"
"121","383554","20220727031000","147","0","桃園市","中壢區","121.215","25.010","105"
"14","383556","20220727031000","55","0","桃園市","中壢區","121.215","25.015","11"
"887","383557","20220727031000","713","2","桃園市","中壢區","121.220","25.015","867"
"1741","383559","20220727031000","1824","0","新北市","板橋區","121.480","25.030","1675"
"285","383560","20220727031000","229","2","新北市","樹林區","121.420","25.005","306"
"2420","383562","20220727031000","2013","2","新北市","新莊區","121.430","25.005","2368"
"1084","383563","20220727031000","1252","0","新北市","樹林區","121.425","25.010","1099"
"231","383564","20220727031000","917","0","新北市","樹林區","121.425","25.000","221"
"4087","383565","20220727031000","3888","1","新北市","永和區","121.515","25.000","4102"
"3116","383566","20220727031000","3263","0","新北市","永和區","121.520","25.005","3172"
"2380","383567","20220727031000","1756","2","新北市","中和區","121.480","25.005","2348"
"468","383568","20220727031000","473","0","新北市","泰山區","121.415","25.050","479"
"1937","383572","20220727031000","1970","0","新北市","泰山區","121.430","25.055","1928"
"2865","383573","20220727031000","2360","2","新北市","板橋區","121.460","25.000","2866"
"4288","383574","20220727031000","4059","1","新北市","中和區","121.495","25.000","4277"
"2295","383575","20220727031000","2794","0","新北市","板橋區","121.465","25.030","2284"
"4476","383576","20220727031000","3988","1","新北市","板橋區","121.470","25.030","4494"
"10","383582","20220727031000","873","0","新北市","深坑區","121.620","25.005","13"
"187","383589","20220727031000","197","0","新北市","深坑區","121.615","25.000","188"
"467","383590","20220727031000","888","0","新北市","深坑區","121.620","25.000","470"
"1460","383591","20220727031000","1343","1","新北市","深坑區","121.625","25.000","1519"
"542","383599","20220727031000","344","3","新北市","深坑區","121.635","25.005","563"
"1464","383600","20220727031000","1355","1","新北市","深坑區","121.615","25.005","1440"
"4514","383602","20220727031000","4726","0","新北市","板橋區","121.480","25.025","4482"
"3579","383603","20220727031000","4526","0","新北市","新莊區","121.445","25.035","3544"
"269","383604","20220727031000","744","0","新北市","永和區","121.530","25.000","296"
"2445","383605","20220727031000","3424","0","新北市","板橋區","121.480","25.020","2400"
"4624","383606","20220727031000","4486","1","新北市","板橋區","121.480","25.015","4648"
"1597","383607","20220727031000","1591","1","桃園市","桃園區","121.310","25.010","1523"
"3558","383608","20220727031000","2751","2","桃園市","桃園區","121.310","25.015","3478"
"3370","383609","20220727031000","4746","0","新北市","永和區","121.510","25.010","3380"
"4091","383610","20220727031000","4259","0","新北市","永和區","121.515","25.010","4084"
"2653","383611","20220727031000","2709","0","新北市","板橋區","121.460","25.015","2677"
"2579","383612","20220727031000","3418","0","新北市","板橋區","121.465","25.000","2552"
"1987","383614","20220727031000","1464","2","桃園市","桃園區","121.300","25.010","2028"
"3129","383615","20220727031000","2896","1","桃園市","桃園區","121.315","24.995","3064"
"195","383616","20220727031000","231","0","新北市","深坑區","121.605","25.005","207"
"76","383618","20220727031000","97","0","新北市","深坑區","121.600","25.010","79"
"1840","383631","20220727031000","1950","0","新北市","深坑區","121.600","25.005","1839"
"2295","383632","20220727031000","2301","0","新北市","中和區","121.485","25.015","2300"
"3030","383633","20220727031000","3114","0","新北市","板橋區","121.475","25.015","3113"
"4187","383634","20220727031000","4309","0","新北市","板橋區","121.450","25.015","4289"
"2447","383635","20220727031000","2970","0","新北市","永和區","121.510","25.005","2444"
"2513","383636","20220727031000","2527","0","新北市","板橋區","121.450","25.010","2532"
"848","383637","20220727031000","935","0","新北市","樹林區","121.405","25.015","831"
"317","383638","20220727031000","208","3","新北市","樹林區","121.420","25.010","477"
"1280","383639","20220727031000","1111","1","新北市","樹林區","121.415","25.015","1245"
"49","383641","20220727031000","34","2","新北市","平溪區","121.765","25.035","49"
"248","383658","20220727031000","175","2","新北市","平溪區","121.775","25.040","181"
"108","383678","20220727031000","79","2","新北市","平溪區","121.740","25.025","122"
"116","383679","20220727031000","100","1","新北市","平溪區","121.745","25.025","127"
"28","383682","20220727031000","19","2","新北市","平溪區","121.745","25.030","21"
"16","383718","20220727031000","11","2","新北市","平溪區","121.780","25.025","11"
"34","383787","20220727031000","30","1","新北市","平溪區","121.750","25.005","33"
"63","383811","20220727031000","220","0","新北市","平溪區","121.715","25.020","63"
"1137","383828","20220727031000","2335","0","新北市","中和區","121.475","24.995","1071"
"4530","383829","20220727031000","5820","0","新北市","板橋區","121.470","25.020","4536"
"397","383830","20220727031000","397","1","新北市","板橋區","121.440","25.005","423"
"1168","383831","20220727031000","690","3","新北市","新莊區","121.440","25.015","1189"
"1533","383833","20220727031000","2538","0","新北市","永和區","121.515","25.020","1564"
"153","383834","20220727031000","152","1","新北市","汐止區","121.645","25.030","162"
"323","383848","20220727031000","298","1","新北市","汐止區","121.645","25.040","360"
"28","383859","20220727031000","30","0","新北市","汐止區","121.670","25.045","26"
"42","383862","20220727031000","96","0","新北市","汐止區","121.660","25.050","42"
"644","383865","20220727031000","622","1","新北市","永和區","121.530","25.005","656"
"639","383866","20220727031000","726","0","新北市","新莊區","121.465","25.045","658"
"1757","383867","20220727031000","2090","0","新北市","新莊區","121.415","25.025","1728"
"1711","383868","20220727031000","2943","0","新北市","中和區","121.525","24.995","1955"
"974","383871","20220727031000","1422","0","桃園市","中壢區","121.200","25.010","945"
"684","383880","20220727031000","540","2","桃園市","中壢區","121.200","25.020","676"
"98","383883","20220727031000","158","0","新北市","深坑區","121.635","25.010","98"
"2903","383889","20220727031000","1920","3","新北市","板橋區","121.465","25.015","2917"
"21","383890","20220727031000","255","0","新北市","板橋區","121.475","25.035","21"
"1118","383891","20220727031000","1096","1","新北市","板橋區","121.480","25.035","1164"
"5235","383893","20220727031000","5050","1","新北市","板橋區","121.465","25.020","5218"
"3206","383894","20220727031000","2943","1","新北市","板橋區","121.460","25.020","3176"
"3302","383895","20220727031000","2880","1","新北市","永和區","121.525","25.010","3307"
"5105","383896","20220727031000","5290","0","新北市","永和區","121.525","25.000","5245"
"381","383897","20220727031000","446","0","桃園市","龜山區","121.365","25.030","381"
"618","383900","20220727031000","635","0","桃園市","龜山區","121.360","25.040","633"
"670","383902","20220727031000","702","0","桃園市","龜山區","121.360","25.045","653"
"1544","383903","20220727031000","1281","2","桃園市","龜山區","121.360","25.050","1518"
"1142","383904","20220727031000","1751","0","桃園市","龜山區","121.365","25.050","1160"
"1503","383905","20220727031000","1616","0","桃園市","龜山區","121.360","25.055","1496"
"3824","383906","20220727031000","2574","2","桃園市","龜山區","121.365","25.055","3792"
"2185","383907","20220727031000","1032","3","桃園市","龜山區","121.375","25.035","1812"
"377","383908","20220727031000","333","1","桃園市","龜山區","121.370","25.040","364"
"292","383909","20220727031000","163","3","桃園市","龜山區","121.375","25.040","279"
"108","383910","20220727031000","91","1","桃園市","龜山區","121.365","25.045","101"
"614","383911","20220727031000","482","2","桃園市","龜山區","121.370","25.045","672"
"129","383912","20220727031000","159","0","桃園市","龜山區","121.375","25.045","124"
"738","383913","20220727031000","825","0","桃園市","龜山區","121.370","25.050","740"
"448","383914","20220727031000","250","3","桃園市","龜山區","121.375","25.050","458"
"1724","383915","20220727031000","1791","0","桃園市","龜山區","121.370","25.055","1663"
"1974","383916","20220727031000","1595","2","桃園市","龜山區","121.375","25.055","2020"
"478","383919","20220727031000","582","0","桃園市","龜山區","121.360","25.000","467"
"418","383920","20220727031000","403","1","桃園市","龜山區","121.365","25.000","414"
"870","383922","20220727031000","819","1","桃園市","龜山區","121.340","25.000","892"
"492","383924","20220727031000","422","1","桃園市","龜山區","121.340","25.005","512"
"971","383928","20220727031000","991","0","桃園市","龜山區","121.365","25.005","991"
"357","383930","20220727031000","261","2","桃園市","龜山區","121.355","25.010","312"
"197","383939","20220727031000","276","0","桃園市","龜山區","121.360","25.020","193"
"585","383940","20220727031000","557","1","桃園市","龜山區","121.365","25.015","571"
"152","383941","20220727031000","212","0","桃園市","龜山區","121.370","25.020","154"
"128","383945","20220727031000","128","1","桃園市","龜山區","121.365","25.020","116"
"1302","383958","20220727031000","1109","1","桃園市","龜山區","121.335","24.995","1237"
"1060","383959","20220727031000","1008","1","桃園市","龜山區","121.345","25.005","1006"
"842","383962","20220727031000","770","1","桃園市","龜山區","121.345","25.010","823"
"538","383966","20220727031000","484","1","桃園市","龜山區","121.345","25.015","529"
"238","383978","20220727031000","259","0","桃園市","龜山區","121.350","25.020","237"
"32","383987","20220727031000","32","1","桃園市","龜山區","121.345","25.030","35"
"114","383989","20220727031000","99","1","桃園市","龜山區","121.355","25.030","110"
"47","383991","20220727031000","71","0","桃園市","龜山區","121.380","25.020","60"
"209","383995","20220727031000","491","0","桃園市","龜山區","121.385","25.025","221"
"47","383996","20220727031000","373","0","桃園市","龜山區","121.390","25.025","39"
"779","384001","20220727031000","1918","0","桃園市","龜山區","121.390","25.030","881"
"399","384003","20220727031000","254","3","桃園市","龜山區","121.385","25.035","395"
"875","384004","20220727031000","1387","0","桃園市","龜山區","121.390","25.035","904"
"49","384008","20220727031000","24","3","桃園市","龜山區","121.385","25.040","60"
"1198","384009","20220727031000","1219","0","桃園市","龜山區","121.390","25.040","1259"
"1739","384015","20220727031000","656","3","桃園市","龜山區","121.380","25.050","1670"
"184","384019","20220727031000","511","0","桃園市","龜山區","121.380","25.055","152"
"6185","384021","20220727031000","6624","0","臺北市","中山區","121.525","25.050","6095"
"5690","384022","20220727031000","5873","0","臺北市","中山區","121.530","25.055","5715"
"408","384040","20220727031000","380","1","桃園市","大園區","121.185","25.045","404"
"295","384041","20220727031000","317","0","桃園市","大園區","121.190","25.045","287"
"197","384058","20220727031000","176","1","桃園市","龜山區","121.355","24.995","193"
"245","384060","20220727031000","177","2","桃園市","龜山區","121.355","25.000","248"
"2326","384064","20220727031000","2626","0","新北市","永和區","121.510","25.020","2200"
"2535","384065","20220727031000","2799","0","臺北市","中正區","121.515","25.025","2509"
"1661","384066","20220727031000","3575","0","臺北市","中正區","121.525","25.020","1629"
"416","384067","20220727031000","450","0","臺北市","中正區","121.515","25.040","391"
"3461","384068","20220727031000","4076","0","臺北市","中正區","121.515","25.045","3555"
"4467","384069","20220727031000","3975","1","臺北市","中山區","121.535","25.055","4570"
"1681","384070","20220727031000","1752","0","臺北市","文山區","121.560","25.005","1678"
"809","384071","20220727031000","825","0","臺北市","大安區","121.560","25.010","832"
"283","384072","20220727031000","1170","0","桃園市","桃園區","121.310","24.995","300"
"3436","384073","20220727031000","3415","1","臺北市","中山區","121.535","25.045","3476"
"1634","384074","20220727031000","2214","0","臺北市","中山區","121.535","25.050","1680"
"2894","384075","20220727031000","2401","2","臺北市","中正區","121.515","25.030","2857"
"3988","384076","20220727031000","5831","0","臺北市","信義區","121.565","25.025","3990"
"1788","384077","20220727031000","2106","0","臺北市","信義區","121.575","25.045","1778"
"468","384078","20220727031000","547","0","臺北市","信義區","121.585","25.035","480"
"1214","384079","20220727031000","1486","0","臺北市","信義區","121.565","25.020","1180"
"891","384081","20220727031000","935","0","桃園市","桃園區","121.290","25.010","843"
"872","384082","20220727031000","1465","0","桃園市","桃園區","121.285","25.015","850"
"1123","384083","20220727031000","977","1","桃園市","桃園區","121.290","25.015","1097"
"3243","384084","20220727031000","3660","0","臺北市","中正區","121.525","25.045","3243"
"3852","384085","20220727031000","3006","2","臺北市","中正區","121.530","25.045","3869"
"1224","384086","20220727031000","2237","0","臺北市","中正區","121.530","25.010","1220"
"4541","384087","20220727031000","4751","0","臺北市","中山區","121.525","25.055","4527"
"2571","384088","20220727031000","2665","0","臺北市","中山區","121.540","25.045","2502"
"3035","384089","20220727031000","3566","0","臺北市","大安區","121.540","25.040","3189"
"2858","384090","20220727031000","2860","0","臺北市","中正區","121.520","25.030","2874"
"941","384091","20220727031000","869","1","臺北市","中正區","121.520","25.035","967"
"2164","384092","20220727031000","2049","1","臺北市","中正區","121.520","25.040","2131"
"6245","384093","20220727031000","6989","0","臺北市","中正區","121.525","25.040","6451"
"311","384094","20220727031000","800","0","臺北市","中正區","121.525","25.015","327"
"1508","384100","20220727031000","1003","3","桃園市","中壢區","121.200","25.000","1506"
"154","384101","20220727031000","143","1","桃園市","中壢區","121.205","25.000","150"
"802","384103","20220727031000","576","2","桃園市","中壢區","121.200","25.005","794"
"1068","384104","20220727031000","1187","0","新北市","泰山區","121.420","25.030","1052"
"436","384106","20220727031000","392","1","新北市","泰山區","121.425","25.035","432"
"1992","384109","20220727031000","2680","0","新北市","泰山區","121.420","25.040","1984"
"1086","384111","20220727031000","1217","0","新北市","泰山區","121.425","25.040","1103"
"1638","384112","20220727031000","1597","1","新北市","泰山區","121.430","25.040","1737"
"125","384113","20220727031000","109","1","桃園市","龜山區","121.330","24.995","109"
"69","384129","20220727031000","48","2","桃園市","龜山區","121.375","25.010","53"
"462","384131","20220727031000","402","1","桃園市","龜山區","121.385","25.010","456"
"141","384132","20220727031000","151","0","桃園市","龜山區","121.390","25.010","151"
"1134","384140","20220727031000","1112","1","桃園市","龜山區","121.395","25.020","1154"
"447","384141","20220727031000","696","0","桃園市","龜山區","121.400","25.020","482"
"1358","384142","20220727031000","1270","1","桃園市","龜山區","121.340","24.995","1352"
"2055","384145","20220727031000","1901","1","桃園市","龜山區","121.345","25.000","2100"
"4516","384146","20220727031000","5516","0","臺北市","中山區","121.520","25.055","4481"
"1221","384147","20220727031000","1079","1","桃園市","桃園區","121.305","25.025","1242"
"58","384149","20220727031000","58","1","桃園市","新屋區","121.030","25.000","68"
"132","384152","20220727031000","147","0","桃園市","新屋區","121.030","25.005","142"
"119","384164","20220727031000","120","0","桃園市","新屋區","121.060","24.995","94"
"284","384167","20220727031000","259","1","桃園市","新屋區","121.060","25.000","287"
"632","384185","20220727031000","630","1","桃園市","新屋區","121.075","25.005","649"
"14","384188","20220727031000","42","0","桃園市","桃園區","121.325","25.000","13"
"112","384189","20220727031000","80","2","桃園市","桃園區","121.320","25.005","89"
"914","384190","20220727031000","845","1","桃園市","桃園區","121.325","25.005","932"
"3315","384194","20220727031000","3721","0","臺北市","中正區","121.510","25.025","3366"
"23","384227","20220727031000","28","0","新北市","貢寮區","121.955","25.005","24"
"20","384234","20220727031000","20","1","新北市","貢寮區","121.950","25.010","19"
"366","384241","20220727031000","264","2","新北市","貢寮區","121.945","25.015","352"
"77","384254","20220727031000","46","3","新北市","貢寮區","121.970","25.025","63"
"38","384264","20220727031000","41","0","新北市","貢寮區","121.890","25.020","36"
"309","384267","20220727031000","288","1","新北市","貢寮區","121.905","25.020","315"
"23","384270","20220727031000","25","0","新北市","貢寮區","121.900","25.025","25"
"125","384299","20220727031000","109","1","新北市","貢寮區","121.920","25.010","119"
"103","384306","20220727031000","31","3","新北市","貢寮區","121.930","25.015","32"
"13","384313","20220727031000","11","1","新北市","貢寮區","121.925","25.025","13"
"32","384338","20220727031000","25","2","新北市","貢寮區","121.905","25.010","25"
"408","384342","20220727031000","228","3","新北市","貢寮區","121.945","25.020","366"
"106","384349","20220727031000","69","3","新北市","貢寮區","121.930","25.030","101"
"16","384353","20220727031000","13","2","新北市","貢寮區","121.930","25.035","16"
"2231","384355","20220727031000","1824","2","桃園市","龜山區","121.400","25.015","2282"
"2947","384356","20220727031000","2711","1","桃園市","龜山區","121.405","25.020","2929"
"206","384362","20220727031000","178","1","桃園市","新屋區","121.045","25.005","215"
"240","384367","20220727031000","249","0","桃園市","桃園區","121.320","24.995","237"
"1594","384368","20220727031000","1494","1","桃園市","桃園區","121.325","24.995","1557"
"1768","384371","20220727031000","1684","1","桃園市","桃園區","121.295","25.000","1730"
"516","384372","20220727031000","446","1","桃園市","桃園區","121.280","25.005","494"
"118","384373","20220727031000","73","3","桃園市","桃園區","121.285","25.005","103"
"876","384374","20220727031000","981","0","桃園市","桃園區","121.280","25.010","900"
"1742","384375","20220727031000","2143","0","桃園市","桃園區","121.300","25.000","1704"
"1474","384376","20220727031000","1446","1","桃園市","桃園區","121.305","25.000","1441"
"1230","384377","20220727031000","1044","1","桃園市","桃園區","121.310","25.025","1250"
"483","384378","20220727031000","348","2","桃園市","桃園區","121.310","25.020","492"
"860","384379","20220727031000","578","2","桃園市","桃園區","121.315","25.025","883"
"1143","384382","20220727031000","1213","0","桃園市","桃園區","121.300","25.025","1134"
"876","384383","20220727031000","796","1","桃園市","桃園區","121.305","25.020","880"
"16","384386","20220727031000","10","3","桃園市","桃園區","121.300","25.030","12"
"28","384387","20220727031000","29","0","桃園市","桃園區","121.295","24.995","26"
"2195","384388","20220727031000","3248","0","臺北市","中山區","121.530","25.050","2370"
"4077","384389","20220727031000","4150","0","桃園市","桃園區","121.295","25.025","4116"
"2926","384392","20220727031000","2967","0","桃園市","蘆竹區","121.295","25.040","2947"
"2233","384393","20220727031000","2449","0","桃園市","桃園區","121.300","25.015","2264"
"5230","384394","20220727031000","4116","2","桃園市","桃園區","121.295","25.015","5226"
"3077","384395","20220727031000","2745","1","桃園市","桃園區","121.320","25.010","3144"
"1872","384398","20220727031000","1104","3","桃園市","桃園區","121.310","25.000","1739"
"780","384399","20220727031000","821","0","桃園市","桃園區","121.315","25.000","801"
"417","384400","20220727031000","430","0","桃園市","桃園區","121.320","25.000","395"
"982","384401","20220727031000","858","1","桃園市","桃園區","121.310","25.005","894"
"302","384402","20220727031000","329","0","臺北市","南港區","121.590","25.035","314"
"308","384403","20220727031000","340","0","臺北市","大安區","121.550","25.015","254"
"3457","384404","20220727031000","4366","0","臺北市","大安區","121.555","25.020","3600"
"4823","384405","20220727031000","4828","0","臺北市","大安區","121.550","25.020","4958"
"2299","384408","20220727031000","2125","1","桃園市","桃園區","121.305","25.010","2338"
"1942","384409","20220727031000","3617","0","臺北市","中正區","121.530","25.015","1999"
"3159","384410","20220727031000","3266","0","臺北市","中正區","121.525","25.035","3163"
"1488","384411","20220727031000","2088","0","臺北市","中山區","121.540","25.050","1575"
"1311","384412","20220727031000","1414","0","桃園市","桃園區","121.290","25.020","1353"
"3784","384413","20220727031000","4629","0","臺北市","信義區","121.560","25.045","3923"
"59","384415","20220727031000","162","0","桃園市","桃園區","121.300","24.995","57"
"1734","384416","20220727031000","2048","0","桃園市","桃園區","121.290","25.025","1737"
"889","384417","20220727031000","700","2","桃園市","桃園區","121.290","25.005","881"
"2025","384418","20220727031000","2018","1","桃園市","桃園區","121.295","25.005","2064"
"1110","384419","20220727031000","1530","0","桃園市","桃園區","121.295","25.010","1113"
"3152","384420","20220727031000","3557","0","臺北市","大同區","121.510","25.055","3104"
"1809","384421","20220727031000","1611","1","臺北市","中正區","121.520","25.020","1738"
"5343","384422","20220727031000","4421","2","臺北市","信義區","121.570","25.025","5471"
"1512","384424","20220727031000","1391","1","臺北市","信義區","121.570","25.030","1504"
"1114","384425","20220727031000","1494","0","臺北市","信義區","121.575","25.030","1118"
"2631","384426","20220727031000","2848","0","臺北市","大同區","121.515","25.050","2687"
"3393","384427","20220727031000","3275","1","臺北市","中山區","121.520","25.050","3372"
"2286","384428","20220727031000","2611","0","臺北市","大同區","121.515","25.055","2333"
"2485","384429","20220727031000","2262","1","桃園市","桃園區","121.305","24.995","2481"
"2980","384430","20220727031000","2539","1","桃園市","桃園區","121.300","25.005","2845"
"606","384431","20220727031000","612","0","臺北市","大同區","121.505","25.050","571"
"1546","384432","20220727031000","1656","0","臺北市","大同區","121.510","25.050","1619"
"272","384433","20220727031000","1215","0","臺北市","大安區","121.555","25.040","215"
"5546","384434","20220727031000","5844","0","臺北市","大安區","121.555","25.030","5587"
"3550","384435","20220727031000","3526","1","臺北市","大安區","121.530","25.025","3595"
"943","384436","20220727031000","2201","0","臺北市","大安區","121.525","25.030","905"
"3845","384437","20220727031000","4415","0","臺北市","大安區","121.525","25.025","3797"
"2471","384438","20220727031000","2512","0","臺北市","大安區","121.545","25.035","2468"
"5060","384439","20220727031000","6130","0","臺北市","大安區","121.545","25.030","5161"
"3625","384440","20220727031000","4006","0","臺北市","大安區","121.555","25.035","3530"
"2938","384441","20220727031000","4799","0","臺北市","大安區","121.550","25.025","2785"
"5489","384442","20220727031000","5268","1","臺北市","中正區","121.530","25.035","5484"
"2461","384443","20220727031000","2255","1","臺北市","中正區","121.510","25.045","2518"
"368","384446","20220727031000","354","1","桃園市","蘆竹區","121.270","25.015","349"
"530","384447","20220727031000","404","2","桃園市","蘆竹區","121.260","25.025","527"
"1538","384448","20220727031000","1277","2","桃園市","蘆竹區","121.265","25.020","1559"
"281","384449","20220727031000","386","0","桃園市","蘆竹區","121.270","25.020","264"
"18","384454","20220727031000","17","1","桃園市","蘆竹區","121.255","25.000","14"
"24","384461","20220727031000","62","0","桃園市","蘆竹區","121.260","25.010","20"
"27","384463","20220727031000","105","0","桃園市","蘆竹區","121.250","25.015","16"
"573","384466","20220727031000","492","1","桃園市","蘆竹區","121.250","25.020","605"
"1761","384467","20220727031000","1345","2","桃園市","蘆竹區","121.255","25.020","1739"
"3040","384468","20220727031000","2300","2","桃園市","蘆竹區","121.260","25.020","3015"
"2765","384469","20220727031000","3191","0","桃園市","蘆竹區","121.295","25.055","2749"
"403","384473","20220727031000","358","1","桃園市","桃園區","121.305","25.030","385"
"79","384480","20220727031000","129","0","桃園市","龜山區","121.305","25.035","92"
"956","384489","20220727031000","862","1","桃園市","蘆竹區","121.295","25.045","933"
"463","384497","20220727031000","986","0","桃園市","龜山區","121.305","25.045","877"
"179","384499","20220727031000","219","0","桃園市","龜山區","121.315","25.045","181"
"20","384502","20220727031000","19","1","桃園市","龜山區","121.330","25.045","17"
"102","384507","20220727031000","142","0","桃園市","龜山區","121.320","25.050","101"
"182","384514","20220727031000","194","0","桃園市","龜山區","121.335","25.055","196"
"420","384517","20220727031000","482","0","桃園市","龜山區","121.340","25.035","389"
"281","384521","20220727031000","260","1","桃園市","龜山區","121.345","25.040","276"
"242","384522","20220727031000","179","2","桃園市","龜山區","121.350","25.040","232"
"14","384523","20220727031000","18","0","桃園市","龜山區","121.355","25.040","13"
"360","384525","20220727031000","586","0","桃園市","龜山區","121.350","25.045","378"
"443","384526","20220727031000","411","1","桃園市","龜山區","121.355","25.045","489"
"24","384527","20220727031000","42","0","桃園市","龜山區","121.345","25.050","26"
"535","384528","20220727031000","814","0","桃園市","龜山區","121.350","25.050","561"
"374","384532","20220727031000","272","2","桃園市","龜山區","121.350","25.055","389"
"772","384533","20220727031000","1738","0","臺北市","信義區","121.570","25.035","745"
"2272","384534","20220727031000","3128","0","臺北市","信義區","121.575","25.035","2341"
"15","384549","20220727031000","32","0","臺北市","南港區","121.630","25.030","16"
"1154","384552","20220727031000","942","2","臺北市","南港區","121.620","25.035","1182"
"110","384554","20220727031000","86","2","新北市","汐止區","121.630","25.035","105"
"1268","384555","20220727031000","1049","2","臺北市","南港區","121.620","25.040","1262"
"3439","384556","20220727031000","4951","0","臺北市","信義區","121.575","25.040","3357"
"3621","384557","20220727031000","4456","0","臺北市","南港區","121.585","25.045","3597"
"101","384572","20220727031000","78","2","新北市","雙溪區","121.825","25.025","108"
"628","384614","20220727031000","719","0","新北市","雙溪區","121.865","25.035","624"
"30","384624","20220727031000","26","1","新北市","雙溪區","121.830","25.000","35"
"25","384641","20220727031000","29","0","新北市","雙溪區","121.805","25.015","33"
"120","384662","20220727031000","107","1","新北市","雙溪區","121.840","25.035","124"
"322","384679","20220727031000","246","2","新北市","雙溪區","121.865","25.040","304"
"33","384696","20220727031000","22","3","新北市","雙溪區","121.845","24.995","35"
"442","384710","20220727031000","389","1","桃園市","桃園區","121.275","25.020","420"
"359","384711","20220727031000","418","0","桃園市","桃園區","121.280","25.020","378"
"244","384716","20220727031000","553","0","臺北市","信義區","121.565","25.030","233"
"7232","384717","20220727031000","7514","0","臺北市","信義區","121.560","25.030","7244"
"2591","384718","20220727031000","3527","0","臺北市","中正區","121.520","25.025","2574"
"1284","384719","20220727031000","1085","1","桃園市","大園區","121.210","25.005","1259"
"988","384720","20220727031000","776","2","桃園市","大園區","121.210","25.010","961"
"1585","384721","20220727031000","1031","3","桃園市","大園區","121.210","25.015","1520"
"869","384722","20220727031000","669","2","桃園市","大園區","121.210","25.020","779"
"132","384723","20220727031000","112","1","桃園市","大園區","121.220","25.020","118"
"693","384726","20220727031000","706","0","桃園市","大園區","121.220","25.025","714"
"581","384729","20220727031000","622","0","桃園市","大園區","121.215","25.025","599"
"693","384731","20220727031000","622","1","桃園市","大園區","121.205","25.035","657"
"487","384739","20220727031000","409","1","桃園市","大園區","121.205","25.050","499"
"53","384743","20220727031000","61","0","桃園市","大園區","121.210","25.055","45"
"2699","384744","20220727031000","3621","0","臺北市","信義區","121.580","25.040","2998"
"635","384745","20220727031000","1111","0","臺北市","中正區","121.510","25.030","635"
"1923","384746","20220727031000","1958","0","臺北市","中正區","121.520","25.045","1952"
"2857","384747","20220727031000","3285","0","臺北市","中正區","121.505","25.030","2858"
"1545","384748","20220727031000","1223","2","臺北市","中正區","121.510","25.035","1519"
"90","384749","20220727031000","253","0","臺北市","中正區","121.515","25.035","72"
"1191","384750","20220727031000","1408","0","臺北市","中正區","121.510","25.040","1264"
"1876","384751","20220727031000","1701","1","桃園市","桃園區","121.305","25.015","1872"
"2023","384752","20220727031000","2250","0","桃園市","桃園區","121.300","25.020","2058"
"3912","384754","20220727031000","3542","1","桃園市","桃園區","121.295","25.020","3888"
"3753","384756","20220727031000","3609","1","桃園市","桃園區","121.315","25.015","3765"
"726","384757","20220727031000","2430","0","桃園市","桃園區","121.315","25.020","684"
"1936","384759","20220727031000","2257","0","桃園市","桃園區","121.305","25.005","2007"
"3600","384760","20220727031000","4113","0","臺北市","信義區","121.570","25.045","3582"
"718","384761","20220727031000","675","1","臺北市","信義區","121.575","25.015","744"
"571","384763","20220727031000","809","0","臺北市","信義區","121.575","25.020","399"
"654","384770","20220727031000","425","3","桃園市","大園區","121.225","25.015","610"
"712","384775","20220727031000","744","0","桃園市","大園區","121.230","25.020","736"
"32","384776","20220727031000","30","1","桃園市","大園區","121.235","25.020","25"
"461","384777","20220727031000","470","0","桃園市","大園區","121.240","25.020","469"
"162","384783","20220727031000","163","0","桃園市","大園區","121.230","25.025","142"
"78","384787","20220727031000","87","0","桃園市","大園區","121.220","25.035","73"
"564","384788","20220727031000","587","0","桃園市","大園區","121.225","25.035","585"
"433","384790","20220727031000","369","1","桃園市","大園區","121.165","25.050","444"
"676","384794","20220727031000","615","1","桃園市","大園區","121.160","25.055","708"
"277","384798","20220727031000","242","1","桃園市","大園區","121.175","25.055","277"
"465","384806","20220727031000","448","1","桃園市","大園區","121.175","25.030","486"
"304","384811","20220727031000","213","2","桃園市","大園區","121.180","25.035","329"
"254","384818","20220727031000","205","2","桃園市","大園區","121.215","25.035","251"
"426","384824","20220727031000","486","0","桃園市","大園區","121.215","25.045","432"
"148","384830","20220727031000","170","0","桃園市","大園區","121.215","25.055","155"
"669","384831","20220727031000","734","0","桃園市","大園區","121.220","25.055","660"
"3077","384843","20220727031000","4327","0","臺北市","松山區","121.550","25.045","3119"
"2001","384844","20220727031000","2629","0","臺北市","信義區","121.565","25.045","2006"
"75","384845","20220727031000","70","1","臺北市","南港區","121.595","25.035","67"
"2038","384846","20220727031000","2564","0","臺北市","大安區","121.535","25.020","2189"
"504","384847","20220727031000","511","0","臺北市","大安區","121.535","25.030","532"
"1380","384848","20220727031000","1073","2","臺北市","文山區","121.575","25.000","1361"
"42","384849","20220727031000","52","0","臺北市","文山區","121.590","25.000","35"
"119","384853","20220727031000","130","0","臺北市","文山區","121.585","25.005","118"
"589","384856","20220727031000","362","3","臺北市","文山區","121.570","25.010","564"
"77","384857","20220727031000","142","0","臺北市","文山區","121.575","25.010","82"
"45","384862","20220727031000","31","2","臺北市","文山區","121.590","25.010","44"
"575","384864","20220727031000","596","0","臺北市","大安區","121.540","25.010","538"
"3869","384865","20220727031000","3817","1","臺北市","文山區","121.540","25.005","3162"
"1452","384868","20220727031000","1517","0","臺北市","萬華區","121.490","25.035","1442"
"2437","384871","20220727031000","2660","0","臺北市","文山區","121.560","25.000","2463"
"1793","384874","20220727031000","1712","1","臺北市","萬華區","121.495","25.015","1929"
"49","384876","20220727031000","58","0","臺北市","信義區","121.565","25.015","51"
"2931","384878","20220727031000","3223","0","臺北市","大安區","121.550","25.035","2940"
"3034","384879","20220727031000","3329","0","臺北市","中正區","121.530","25.040","3312"
"9452","384880","20220727031000","8120","1","臺北市","大安區","121.550","25.030","9724"
"3861","384881","20220727031000","4920","0","臺北市","信義區","121.555","25.025","3873"
"1378","384882","20220727031000","1004","2","臺北市","文山區","121.550","24.995","1410"
"3687","384883","20220727031000","3228","1","臺北市","文山區","121.550","25.000","3819"
"4065","384884","20220727031000","4430","0","臺北市","萬華區","121.500","25.020","4018"
"3767","384885","20220727031000","4068","0","臺北市","大安區","121.530","25.020","3806"
"4234","384886","20220727031000","3694","1","臺北市","大安區","121.540","25.035","4163"
"525","384888","20220727031000","484","1","臺北市","文山區","121.565","25.000","540"
"241","384889","20220727031000","446","0","臺北市","文山區","121.565","25.005","216"
"987","384890","20220727031000","1135","0","臺北市","文山區","121.570","25.005","1008"
"40","384893","20220727031000","37","1","臺北市","文山區","121.585","24.995","33"
"358","384895","20220727031000","346","1","臺北市","文山區","121.580","25.000","334"
"248","384897","20220727031000","323","0","新北市","深坑區","121.600","25.000","242"
"3581","384898","20220727031000","4469","0","臺北市","文山區","121.540","24.995","3610"
"232","384899","20220727031000","214","1","臺北市","文山區","121.570","24.995","241"
"1732","384900","20220727031000","1566","1","臺北市","文山區","121.570","25.000","1720"
"4886","384901","20220727031000","5168","0","臺北市","文山區","121.540","25.000","5273"
"1549","384903","20220727031000","1885","0","臺北市","萬華區","121.505","25.020","1527"
"1375","384904","20220727031000","1493","0","臺北市","文山區","121.555","24.995","1434"
"1618","384905","20220727031000","1319","2","臺北市","文山區","121.560","24.995","1599"
"1579","384906","20220727031000","2232","0","臺北市","文山區","121.555","25.000","1374"
"2047","384907","20220727031000","2086","0","臺北市","文山區","121.550","25.005","1995"
"613","384908","20220727031000","599","1","臺北市","大安區","121.550","25.010","642"
"1256","384909","20220727031000","1626","0","臺北市","大安區","121.540","25.015","1283"
"551","384911","20220727031000","1646","0","臺北市","中正區","121.535","25.010","561"
"421","384913","20220727031000","1017","0","臺北市","大安區","121.545","25.010","386"
"2447","384914","20220727031000","3103","0","臺北市","大安區","121.535","25.015","2486"
"556","384916","20220727031000","1110","0","臺北市","大安區","121.545","25.015","576"
"4088","384917","20220727031000","4310","0","臺北市","大安區","121.550","25.040","3855"
"732","384918","20220727031000","925","0","臺北市","文山區","121.535","24.995","716"
"2790","384919","20220727031000","2587","1","臺北市","松山區","121.545","25.045","2829"
"3345","384920","20220727031000","3377","0","臺北市","萬華區","121.500","25.040","3278"
"753","384922","20220727031000","937","0","臺北市","萬華區","121.490","25.030","738"
"5566","384923","20220727031000","5546","1","臺北市","萬華區","121.505","25.045","5646"
"1966","384924","20220727031000","2359","0","臺北市","南港區","121.585","25.050","1867"
"1027","384925","20220727031000","1539","0","臺北市","南港區","121.590","25.050","1045"
"1951","384926","20220727031000","2012","0","臺北市","南港區","121.590","25.040","2089"
"420","384927","20220727031000","638","0","臺北市","南港區","121.590","25.045","430"
"1513","384929","20220727031000","1682","0","臺北市","南港區","121.595","25.040","1473"
"396","384931","20220727031000","660","0","臺北市","南港區","121.595","25.045","384"
"50","384932","20220727031000","59","0","臺北市","南港區","121.600","25.045","41"
"1433","384933","20220727031000","1123","2","臺北市","南港區","121.595","25.050","1387"
"3521","384935","20220727031000","4231","0","臺北市","萬華區","121.495","25.030","3482"
"2435","384936","20220727031000","1477","3","臺北市","萬華區","121.490","25.025","1894"
"49","384937","20220727031000","51","0","臺北市","文山區","121.555","25.010","29"
"102","384938","20220727031000","115","0","臺北市","信義區","121.565","25.010","93"
"2314","384940","20220727031000","2923","0","臺北市","大安區","121.560","25.015","2246"
"3551","384941","20220727031000","2890","2","臺北市","松山區","121.550","25.050","3570"
"118","384942","20220727031000","223","0","臺北市","大安區","121.540","25.020","119"
"57","384943","20220727031000","1859","0","臺北市","大安區","121.540","25.025","55"
"6923","384944","20220727031000","6810","1","臺北市","松山區","121.555","25.050","7075"
"1977","384945","20220727031000","1724","1","臺北市","萬華區","121.495","25.035","1981"
"403","384946","20220727031000","358","1","臺北市","萬華區","121.495","25.040","393"
"1185","384947","20220727031000","1153","1","臺北市","文山區","121.565","24.995","1237"
"3475","384948","20220727031000","3130","1","臺北市","松山區","121.560","25.050","3520"
"3219","384949","20220727031000","4311","0","臺北市","松山區","121.565","25.050","3195"
"981","384950","20220727031000","1364","0","臺北市","萬華區","121.490","25.020","1789"
"720","384951","20220727031000","557","2","臺北市","萬華區","121.500","25.030","733"
"3753","384952","20220727031000","4130","0","臺北市","萬華區","121.505","25.040","3882"
"3818","384955","20220727031000","4499","0","臺北市","大安區","121.535","25.040","4000"
"3730","384956","20220727031000","2627","2","臺北市","松山區","121.555","25.045","3674"
"2474","384957","20220727031000","2113","1","臺北市","松山區","121.575","25.050","2500"
"4584","384958","20220727031000","4663","0","臺北市","南港區","121.580","25.050","4636"
"229","384960","20220727031000","268","0","臺北市","信義區","121.580","25.030","204"
"2156","384961","20220727031000","3347","0","臺北市","信義區","121.580","25.035","2216"
"1412","384962","20220727031000","4379","0","臺北市","信義區","121.580","25.045","2258"
"1547","384963","20220727031000","2926","0","臺北市","萬華區","121.500","25.035","1611"
"3786","384964","20220727031000","4826","0","臺北市","松山區","121.545","25.050","3646"
"2345","384965","20220727031000","2041","1","臺北市","萬華區","121.495","25.020","2269"
"2250","384966","20220727031000","2398","0","臺北市","萬華區","121.500","25.025","2239"
"553","384968","20220727031000","444","2","臺北市","信義區","121.570","25.015","517"
"144","384969","20220727031000","1771","0","臺北市","信義區","121.570","25.020","140"
"1182","384970","20220727031000","2326","0","臺北市","信義區","121.560","25.040","1153"
"3444","384971","20220727031000","4083","0","臺北市","大安區","121.535","25.035","3395"
"1926","384972","20220727031000","2012","0","臺北市","文山區","121.545","24.995","2011"
"1935","384973","20220727031000","1663","1","臺北市","大安區","121.555","25.015","1864"
"2858","384974","20220727031000","3361","0","臺北市","大安區","121.540","25.030","2889"
"224","384975","20220727031000","210","1","臺北市","文山區","121.545","25.005","328"
"841","384976","20220727031000","709","1","臺北市","文山區","121.535","25.000","815"
"672","384977","20220727031000","930","0","臺北市","文山區","121.535","25.005","744"
"3617","384978","20220727031000","4279","0","臺北市","萬華區","121.505","25.025","3630"
"1266","384983","20220727031000","1229","1","臺北市","南港區","121.610","25.050","1220"
"20","384984","20220727031000","87","0","臺北市","南港區","121.615","25.050","16"
"813","384986","20220727031000","714","1","臺北市","南港區","121.615","25.040","772"
"984","384987","20220727031000","2265","0","臺北市","南港區","121.615","25.045","1003"
"17","384992","20220727031000","19","0","臺北市","南港區","121.595","25.015","21"
"46","384996","20220727031000","38","2","臺北市","南港區","121.600","25.020","48"
"38","384997","20220727031000","32","1","臺北市","南港區","121.605","25.020","34"
"58","385006","20220727031000","63","0","臺北市","南港區","121.620","25.025","58"
"989","385010","20220727031000","678","2","臺北市","南港區","121.610","25.030","1006"
"19","385015","20220727031000","619","0","臺北市","南港區","121.615","25.035","20"
"3666","385016","20220727031000","3316","1","臺北市","大安區","121.535","25.025","3713"
"2282","385018","20220727031000","3091","0","臺北市","大安區","121.545","25.020","2348"
"2028","385019","20220727031000","2287","0","臺北市","信義區","121.565","25.040","1997"
"2947","385020","20220727031000","3057","0","臺北市","信義區","121.570","25.040","2862"
"1407","385021","20220727031000","3355","0","臺北市","信義區","121.560","25.035","1405"
"1307","385022","20220727031000","1224","1","臺北市","信義區","121.565","25.035","1308"
"365","385023","20220727031000","308","1","臺北市","文山區","121.555","25.005","376"
"2273","385025","20220727031000","2068","1","臺北市","文山區","121.545","25.000","2202"
"3767","385026","20220727031000","3676","1","臺北市","萬華區","121.505","25.035","3663"
"1592","385027","20220727031000","1439","1","臺北市","萬華區","121.495","25.025","1528"
"4752","385028","20220727031000","5373","0","臺北市","大安區","121.545","25.040","4720"
"1859","385029","20220727031000","1968","0","臺北市","信義區","121.560","25.020","1922"
"3347","385033","20220727031000","3694","0","臺北市","信義區","121.585","25.040","3701"
"3905","385034","20220727031000","3497","1","臺北市","大安區","121.530","25.030","3796"
"3229","385035","20220727031000","3226","1","臺北市","大安區","121.545","25.025","3226"
"99","387378","20220727031000","44","3","新北市","貢寮區","121.920","25.075","85"
"247","391023","20220727031000","237","1","桃園市","大園區","121.240","25.115","252"
"207","392790","20220727031000","184","1","新北市","林口區","121.360","25.135","204"
"759","392791","20220727031000","585","2","基隆市","中正區(海)","121.745","25.135","756"
"77","392792","20220727031000","74","1","新北市","瑞芳區","121.805","25.135","85"
"1054","393254","20220727031000","902","1","基隆市","中正區(海)","121.750","25.140","938"
"3185","394037","20220727031000","3563","0","基隆市","七堵區","121.700","25.085","3169"
"88","394044","20220727031000","63","2","基隆市","七堵區","121.715","25.105","89"
"703","394050","20220727031000","639","1","基隆市","中正區","121.760","25.140","697"
"879","394051","20220727031000","962","0","基隆市","中正區","121.755","25.135","945"
"1834","394053","20220727031000","1574","1","基隆市","安樂區","121.720","25.125","1887"
"942","394054","20220727031000","947","0","基隆市","中山區","121.730","25.145","962"
"1468","394055","20220727031000","1587","0","新北市","三重區","121.475","25.065","1487"
"2020","394056","20220727031000","1562","2","新北市","三重區","121.490","25.070","1928"
"4353","394057","20220727031000","4048","1","新北市","汐止區","121.635","25.065","4453"
"2717","394058","20220727031000","2317","1","新北市","汐止區","121.660","25.065","2773"
"19","394059","20220727031000","16","1","新北市","汐止區","121.665","25.050","17"
"1010","394060","20220727031000","872","1","新北市","汐止區","121.670","25.055","967"
"1082","394062","20220727031000","1466","0","新北市","汐止區","121.665","25.055","1013"
"1352","394064","20220727031000","3186","0","新北市","汐止區","121.660","25.060","1401"
"968","394066","20220727031000","703","2","基隆市","七堵區","121.695","25.080","974"
"1071","394068","20220727031000","1148","0","基隆市","七堵區","121.720","25.100","1019"
"1123","394069","20220727031000","1487","0","基隆市","中正區","121.750","25.135","1033"
"143","394070","20220727031000","177","0","基隆市","中正區","121.755","25.140","136"
"527","394072","20220727031000","540","0","基隆市","中正區","121.770","25.145","524"
"898","394074","20220727031000","956","0","基隆市","暖暖區","121.730","25.095","899"
"330","394075","20220727031000","354","0","基隆市","暖暖區","121.735","25.105","341"
"404","394076","20220727031000","496","0","基隆市","暖暖區","121.735","25.110","408"
"549","394077","20220727031000","372","2","基隆市","暖暖區","121.740","25.100","569"
"684","394078","20220727031000","755","0","基隆市","中山區","121.735","25.135","714"
"286","394082","20220727031000","285","1","基隆市","安樂區","121.705","25.140","299"
"24","394085","20220727031000","15","3","基隆市","安樂區","121.700","25.145","21"
"1993","394090","20220727031000","1780","1","基隆市","安樂區","121.715","25.125","1941"
"2284","394091","20220727031000","2411","0","基隆市","仁愛區","121.740","25.125","2259"
"1170","394092","20220727031000","942","2","臺北市","大同區","121.510","25.070","1162"
"4825","394093","20220727031000","3936","2","新北市","三重區","121.500","25.055","4817"
"5418","394094","20220727031000","5008","1","新北市","三重區","121.500","25.065","5427"
"405","394095","20220727031000","403","1","基隆市","中山區","121.740","25.135","444"
"2977","394096","20220727031000","3577","0","基隆市","信義區","121.755","25.130","3022"
"996","394097","20220727031000","1163","0","基隆市","仁愛區","121.735","25.125","986"
"461","394098","20220727031000","446","1","基隆市","安樂區","121.725","25.140","451"
"179","394099","20220727031000","1016","0","基隆市","安樂區","121.730","25.130","185"
"3088","394102","20220727031000","3072","1","新北市","五股區","121.450","25.105","3132"
"1357","394106","20220727031000","987","2","新北市","五股區","121.440","25.090","1346"
"1268","394108","20220727031000","1145","1","新北市","五股區","121.440","25.095","1241"
"248","394109","20220727031000","212","1","新北市","五股區","121.430","25.100","245"
"101","394115","20220727031000","359","0","新北市","五股區","121.445","25.075","96"
"1213","394118","20220727031000","1245","0","新北市","五股區","121.460","25.075","1201"
"1671","394121","20220727031000","1239","2","新北市","五股區","121.455","25.080","1605"
"75","394125","20220727031000","164","0","新北市","五股區","121.430","25.085","72"
"1545","394126","20220727031000","1822","0","新北市","五股區","121.435","25.085","1597"
"33","394127","20220727031000","24","2","新北市","五股區","121.420","25.090","39"
"2248","394129","20220727031000","2475","0","新北市","五股區","121.430","25.070","2348"
"2115","394130","20220727031000","2118","0","新北市","五股區","121.435","25.070","2157"
"273","394135","20220727031000","341","0","新北市","五股區","121.425","25.070","278"
"34","394136","20220727031000","26","2","新北市","林口區","121.405","25.075","34"
"48","394138","20220727031000","27","3","新北市","五股區","121.405","25.080","39"
"400","394139","20220727031000","516","0","新北市","新莊區","121.450","25.060","397"
"765","394141","20220727031000","830","0","新北市","新莊區","121.455","25.060","786"
"194","394142","20220727031000","245","0","新北市","五股區","121.450","25.070","188"
"411","394144","20220727031000","418","0","新北市","五股區","121.455","25.070","424"
"1273","394146","20220727031000","1316","0","新北市","五股區","121.465","25.070","1265"
"523","394147","20220727031000","575","0","新北市","五股區","121.465","25.075","515"
"106","394149","20220727031000","111","0","新北市","五股區","121.435","25.105","121"
"130","394150","20220727031000","104","2","新北市","五股區","121.420","25.110","129"
"11","394166","20220727031000","31","0","新北市","五股區","121.425","25.120","48"
"115","394170","20220727031000","88","2","新北市","五股區","121.420","25.125","87"
"1288","394174","20220727031000","1246","1","基隆市","信義區","121.765","25.125","1267"
"1086","394175","20220727031000","841","2","基隆市","信義區","121.760","25.130","1109"
"674","394176","20220727031000","603","1","基隆市","中正區","121.760","25.135","694"
"366","394178","20220727031000","324","1","基隆市","七堵區","121.700","25.070","368"
"579","394179","20220727031000","577","1","基隆市","七堵區","121.695","25.075","558"
"1112","394181","20220727031000","1135","0","基隆市","七堵區","121.715","25.095","1084"
"709","394182","20220727031000","861","0","基隆市","七堵區","121.720","25.095","751"
"944","394185","20220727031000","964","0","基隆市","中山區","121.720","25.140","933"
"2613","394186","20220727031000","2941","0","基隆市","中山區","121.725","25.145","2581"
"1326","394187","20220727031000","1145","1","新北市","五股區","121.435","25.090","1360"
"573","394188","20220727031000","574","0","新北市","五股區","121.440","25.080","623"
"815","394189","20220727031000","1297","0","新北市","五股區","121.440","25.085","803"
"56","394191","20220727031000","48","1","新北市","五股區","121.415","25.085","55"
"87","394193","20220727031000","85","1","新北市","五股區","121.415","25.090","89"
"78","394196","20220727031000","70","1","新北市","五股區","121.410","25.100","72"
"188","394202","20220727031000","173","1","新北市","五股區","121.405","25.110","192"
"30","394207","20220727031000","58","0","新北市","五股區","121.410","25.110","30"
"13","394208","20220727031000","16","0","新北市","八里區","121.400","25.115","17"
"202","394211","20220727031000","229","0","新北市","五股區","121.425","25.095","207"
"97","394214","20220727031000","472","0","新北市","泰山區","121.435","25.065","97"
"122","394216","20220727031000","121","1","新北市","五股區","121.415","25.075","121"
"120","394218","20220727031000","130","0","新北市","五股區","121.425","25.075","100"
"890","394220","20220727031000","847","1","新北市","五股區","121.435","25.075","944"
"42","394223","20220727031000","37","1","新北市","五股區","121.420","25.080","45"
"1043","394226","20220727031000","996","1","新北市","五股區","121.435","25.080","1018"
"1457","394227","20220727031000","1201","2","新北市","五股區","121.445","25.090","1460"
"1128","394229","20220727031000","994","1","新北市","五股區","121.445","25.095","1133"
"39","394230","20220727031000","463","0","新北市","五股區","121.450","25.095","42"
"798","394234","20220727031000","1438","0","新北市","五股區","121.450","25.100","811"
"4941","394235","20220727031000","4571","1","新北市","三重區","121.495","25.070","4939"
"3523","394236","20220727031000","3281","1","新北市","三重區","121.500","25.070","3549"
"4497","394237","20220727031000","4689","0","新北市","三重區","121.490","25.065","4540"
"4088","394238","20220727031000","2409","3","基隆市","中正區","121.785","25.135","4078"
"3214","394242","20220727031000","2957","1","基隆市","安樂區","121.720","25.120","3310"
"1483","394243","20220727031000","2215","0","新北市","三重區","121.505","25.060","1481"
"4095","394244","20220727031000","4602","0","新北市","三重區","121.480","25.060","4086"
"2397","394247","20220727031000","2454","0","新北市","三重區","121.485","25.070","2374"
"1158","394248","20220727031000","642","3","基隆市","中正區","121.790","25.135","1116"
"1204","394252","20220727031000","1017","1","基隆市","信義區","121.765","25.130","1213"
"72","394254","20220727031000","480","0","基隆市","信義區","121.770","25.135","69"
"1531","394258","20220727031000","1781","0","基隆市","信義區","121.770","25.130","1570"
"951","394259","20220727031000","961","0","基隆市","信義區","121.775","25.130","923"
"77","394262","20220727031000","56","2","基隆市","信義區","121.790","25.115","64"
"65","394265","20220727031000","42","3","基隆市","信義區","121.790","25.120","56"
"558","394266","20220727031000","499","1","基隆市","信義區","121.785","25.125","540"
"2063","394270","20220727031000","2259","0","基隆市","信義區","121.775","25.135","2108"
"628","394272","20220727031000","674","0","基隆市","安樂區","121.725","25.135","633"
"1560","394273","20220727031000","1886","0","基隆市","安樂區","121.715","25.140","1669"
"2103","394275","20220727031000","2292","0","基隆市","中山區","121.735","25.130","2024"
"344","394276","20220727031000","1092","0","基隆市","安樂區","121.725","25.125","342"
"1515","394277","20220727031000","1545","0","基隆市","安樂區","121.725","25.130","1484"
"194","394278","20220727031000","269","0","基隆市","中山區","121.720","25.145","193"
"1443","394280","20220727031000","1399","1","基隆市","仁愛區","121.740","25.130","1426"
"1000","394281","20220727031000","860","1","基隆市","安樂區","121.730","25.135","977"
"3222","394282","20220727031000","3087","1","新北市","三重區","121.490","25.075","3227"
"4483","394283","20220727031000","4934","0","新北市","三重區","121.490","25.060","4466"
"2397","394284","20220727031000","3244","0","新北市","三重區","121.495","25.060","2390"
"679","394285","20220727031000","611","1","基隆市","中山區","121.740","25.145","632"
"1683","394288","20220727031000","1778","0","基隆市","安樂區","121.710","25.140","1620"
"1373","394290","20220727031000","1215","1","基隆市","安樂區","121.710","25.150","1347"
"883","394291","20220727031000","647","2","基隆市","中山區","121.715","25.145","940"
"77","394292","20220727031000","423","0","新北市","三重區","121.485","25.065","64"
"815","394293","20220727031000","1024","0","臺北市","大同區","121.510","25.075","825"
"4340","394294","20220727031000","4239","1","新北市","三重區","121.500","25.060","4361"
"1679","394295","20220727031000","1249","2","新北市","三重區","121.475","25.055","1635"
"285","394297","20220727031000","199","2","新北市","五股區","121.460","25.070","289"
"334","394298","20220727031000","269","2","新北市","三重區","121.470","25.060","278"
"761","394299","20220727031000","815","0","新北市","三重區","121.470","25.065","759"
"751","394301","20220727031000","779","0","新北市","三重區","121.505","25.075","759"
"2523","394302","20220727031000","2599","0","新北市","三重區","121.485","25.080","2510"
"285","394303","20220727031000","358","0","基隆市","中山區","121.740","25.140","268"
"1069","394304","20220727031000","1062","1","新北市","三重區","121.470","25.070","1125"
"213","394305","20220727031000","294","0","基隆市","信義區","121.780","25.135","211"
"755","394306","20220727031000","1534","0","基隆市","信義區","121.780","25.130","771"
"1121","394307","20220727031000","1052","1","基隆市","信義區","121.780","25.140","1087"
"475","394308","20220727031000","720","0","基隆市","中正區","121.785","25.140","478"
"279","394312","20220727031000","161","3","基隆市","信義區","121.775","25.125","278"
"954","394313","20220727031000","1112","0","基隆市","信義區","121.780","25.125","993"
"113","394317","20220727031000","101","1","新北市","瑞芳區","121.760","25.110","96"
"29","394320","20220727031000","37","0","基隆市","信義區","121.765","25.115","30"
"384","394321","20220727031000","306","2","基隆市","信義區","121.765","25.120","366"
"1063","394324","20220727031000","916","1","基隆市","信義區","121.760","25.125","1010"
"1534","394325","20220727031000","1841","0","新北市","三重區","121.490","25.085","1547"
"585","394326","20220727031000","619","0","新北市","三重區","121.490","25.090","539"
"215","394327","20220727031000","103","3","新北市","三重區","121.495","25.090","189"
"1698","394329","20220727031000","1527","1","新北市","三重區","121.475","25.070","1684"
"2842","394330","20220727031000","3056","0","新北市","三重區","121.480","25.070","2902"
"2381","394332","20220727031000","1486","3","新北市","泰山區","121.430","25.065","2438"
"1003","394333","20220727031000","1032","0","新北市","泰山區","121.440","25.060","1028"
"443","394335","20220727031000","428","1","基隆市","中山區","121.735","25.140","461"
"67","394336","20220727031000","988","0","基隆市","中山區","121.730","25.140","61"
"121","394337","20220727031000","492","0","基隆市","暖暖區","121.735","25.100","111"
"22","394358","20220727031000","40","0","基隆市","暖暖區","121.755","25.075","21"
"48","394364","20220727031000","40","2","基隆市","暖暖區","121.745","25.085","47"
"739","394398","20220727031000","630","1","基隆市","暖暖區","121.740","25.090","734"
"21","394401","20220727031000","206","0","基隆市","暖暖區","121.735","25.095","18"
"19","394402","20220727031000","651","0","基隆市","暖暖區","121.740","25.095","14"
"4177","394404","20220727031000","4088","1","基隆市","暖暖區","121.755","25.095","4208"
"50","394405","20220727031000","778","0","基隆市","暖暖區","121.750","25.090","45"
"475","394407","20220727031000","392","2","基隆市","暖暖區","121.750","25.095","452"
"1617","394413","20220727031000","1499","1","基隆市","暖暖區","121.740","25.105","1661"
"224","394418","20220727031000","248","0","基隆市","暖暖區","121.730","25.100","219"
"1173","394422","20220727031000","1051","1","基隆市","安樂區","121.705","25.145","1159"
"1831","394423","20220727031000","1386","2","基隆市","安樂區","121.710","25.145","1732"
"2752","394426","20220727031000","3283","0","新北市","三重區","121.490","25.080","2711"
"1407","394427","20220727031000","1852","0","新北市","三重區","121.485","25.075","1394"
"4095","394428","20220727031000","4119","0","新北市","三重區","121.480","25.075","4153"
"24","394429","20220727031000","194","0","基隆市","中山區","121.735","25.145","26"
"5223","394430","20220727031000","5763","0","新北市","三重區","121.495","25.065","5185"
"2637","394435","20220727031000","2714","0","基隆市","仁愛區","121.745","25.125","2605"
"759","394436","20220727031000","812","0","基隆市","仁愛區","121.745","25.120","766"
"2735","394438","20220727031000","3078","0","新北市","三重區","121.485","25.060","2697"
"1657","394441","20220727031000","1493","1","基隆市","暖暖區","121.750","25.100","1695"
"888","394442","20220727031000","840","1","基隆市","安樂區","121.730","25.115","860"
"2877","394444","20220727031000","2569","1","基隆市","安樂區","121.725","25.120","2872"
"663","394447","20220727031000","1198","0","新北市","三重區","121.495","25.075","703"
"2668","394450","20220727031000","2701","0","新北市","三重區","121.495","25.085","2589"
"4991","394451","20220727031000","4626","1","新北市","三重區","121.480","25.065","5024"
"310","394458","20220727031000","302","1","基隆市","暖暖區","121.730","25.110","297"
"696","394461","20220727031000","446","3","基隆市","七堵區","121.700","25.075","708"
"176","394464","20220727031000","201","0","基隆市","七堵區","121.705","25.085","168"
"859","394466","20220727031000","854","1","基隆市","七堵區","121.705","25.090","874"
"194","394467","20220727031000","201","0","基隆市","七堵區","121.700","25.095","199"
"716","394470","20220727031000","794","0","基隆市","七堵區","121.665","25.090","734"
"32","394480","20220727031000","17","3","基隆市","七堵區","121.670","25.100","30"
"480","394492","20220727031000","350","2","基隆市","七堵區","121.670","25.105","442"
"38","394500","20220727031000","39","0","基隆市","七堵區","121.660","25.115","39"
"74","394518","20220727031000","82","0","基隆市","七堵區","121.660","25.130","76"
"64","394538","20220727031000","332","0","基隆市","七堵區","121.695","25.085","67"
"1309","394546","20220727031000","1273","1","基隆市","七堵區","121.685","25.075","1315"
"546","394547","20220727031000","410","2","基隆市","七堵區","121.690","25.075","509"
"1071","394550","20220727031000","924","1","基隆市","七堵區","121.690","25.085","1113"
"2484","394551","20220727031000","3271","0","基隆市","中正區","121.745","25.130","2960"
"112","394552","20220727031000","434","0","基隆市","仁愛區","121.740","25.120","108"
"1799","394553","20220727031000","1445","2","基隆市","信義區","121.750","25.130","1863"
"225","394554","20220727031000","597","0","基隆市","仁愛區","121.750","25.125","201"
"542","394555","20220727031000","722","0","基隆市","中正區","121.765","25.140","529"
"260","394556","20220727031000","203","2","基隆市","中正區","121.795","25.125","273"
"264","394559","20220727031000","148","3","基隆市","中正區","121.795","25.130","245"
"1474","394564","20220727031000","1524","0","基隆市","中正區","121.790","25.140","1406"
"1206","394565","20220727031000","1132","1","基隆市","中正區","121.795","25.140","1240"
"1616","394567","20220727031000","1452","1","基隆市","中正區","121.760","25.145","1563"
"1068","394570","20220727031000","1031","1","基隆市","安樂區","121.715","25.120","1058"
"1295","394576","20220727031000","1186","1","基隆市","安樂區","121.715","25.130","1290"
"31","394582","20220727031000","30","1","基隆市","仁愛區","121.740","25.110","27"
"96","394583","20220727031000","77","2","基隆市","仁愛區","121.745","25.110","98"
"484","394586","20220727031000","514","0","基隆市","仁愛區","121.745","25.115","477"
"97","394587","20220727031000","101","0","基隆市","仁愛區","121.750","25.115","96"
"302","394590","20220727031000","177","3","基隆市","七堵區","121.710","25.100","296"
"2954","394592","20220727031000","2557","1","基隆市","七堵區","121.715","25.100","2926"
"129","394607","20220727031000","79","3","基隆市","七堵區","121.710","25.085","105"
"1635","394611","20220727031000","1898","0","基隆市","七堵區","121.710","25.090","1643"
"196","394613","20220727031000","174","1","基隆市","七堵區","121.720","25.090","191"
"25","394617","20220727031000","25","1","基隆市","七堵區","121.680","25.100","35"
"57","394625","20220727031000","66","0","基隆市","七堵區","121.695","25.105","63"
"43","394632","20220727031000","42","1","基隆市","七堵區","121.690","25.115","47"
"47","394634","20220727031000","52","0","基隆市","七堵區","121.700","25.115","42"
"15","394645","20220727031000","10","3","基隆市","安樂區","121.700","25.130","17"
"32","394660","20220727031000","79","0","基隆市","七堵區","121.680","25.120","33"
"39","394663","20220727031000","19","3","基隆市","七堵區","121.680","25.125","34"
"297","394685","20220727031000","310","0","新北市","蘆洲區","121.485","25.090","315"
"697","394686","20220727031000","681","1","新北市","汐止區","121.630","25.060","706"
"2219","394687","20220727031000","1303","3","新北市","汐止區","121.620","25.065","2235"
"2129","394688","20220727031000","1995","1","新北市","汐止區","121.625","25.065","2161"
"13","394694","20220727031000","15","0","新北市","八里區","121.415","25.145","18"
"776","394705","20220727031000","940","0","新北市","八里區","121.450","25.140","772"
"38","394716","20220727031000","36","1","新北市","八里區","121.415","25.130","44"
"116","394724","20220727031000","113","1","新北市","八里區","121.410","25.145","113"
"18","394725","20220727031000","251","0","新北市","八里區","121.405","25.150","21"
"454","394726","20220727031000","546","0","新北市","八里區","121.410","25.150","451"
"65","394731","20220727031000","84","0","新北市","八里區","121.405","25.125","64"
"1688","394740","20220727031000","1643","1","新北市","蘆洲區","121.465","25.090","1700"
"3130","394741","20220727031000","3127","1","新北市","蘆洲區","121.460","25.085","3159"
"1687","394742","20220727031000","2216","0","新北市","蘆洲區","121.465","25.085","1680"
"1983","394743","20220727031000","1978","1","新北市","蘆洲區","121.460","25.090","2007"
"758","394744","20220727031000","1375","0","新北市","蘆洲區","121.460","25.095","770"
"256","394745","20220727031000","601","0","新北市","蘆洲區","121.475","25.075","233"
"1066","394746","20220727031000","1264","0","新北市","蘆洲區","121.475","25.090","1071"
"2249","394747","20220727031000","1677","2","新北市","蘆洲區","121.470","25.095","2067"
"34","394748","20220727031000","272","0","新北市","蘆洲區","121.475","25.095","24"
"280","394749","20220727031000","404","0","新北市","蘆洲區","121.470","25.100","257"
"593","394750","20220727031000","1615","0","新北市","新莊區","121.460","25.060","557"
"1897","394751","20220727031000","2304","0","新北市","新莊區","121.465","25.060","1853"
"1424","394752","20220727031000","1318","1","新北市","五股區","121.465","25.065","1435"
"323","394787","20220727031000","502","0","新北市","瑞芳區","121.770","25.100","346"
"16","394788","20220727031000","17","0","新北市","瑞芳區","121.775","25.100","15"
"71","394798","20220727031000","55","2","新北市","瑞芳區","121.825","25.085","101"
"485","394810","20220727031000","440","1","新北市","瑞芳區","121.820","25.120","494"
"1296","394819","20220727031000","1210","1","新北市","五股區","121.430","25.090","1288"
"2405","394821","20220727031000","1938","2","新北市","八里區","121.395","25.145","2349"
"23","394822","20220727031000","22","1","新北市","八里區","121.390","25.150","26"
"1981","394824","20220727031000","1609","2","新北市","八里區","121.400","25.150","1987"
"50","394829","20220727031000","45","1","新北市","八里區","121.400","25.100","51"
"48","394833","20220727031000","94","0","新北市","八里區","121.390","25.110","65"
"255","394843","20220727031000","307","0","新北市","林口區","121.375","25.120","251"
"453","394854","20220727031000","438","1","新北市","八里區","121.385","25.130","473"
"1173","394858","20220727031000","1557","0","新北市","瑞芳區","121.805","25.105","1665"
"16","394863","20220727031000","26","0","新北市","瑞芳區","121.795","25.085","15"
"81","394867","20220727031000","88","0","新北市","瑞芳區","121.795","25.090","81"
"620","394873","20220727031000","389","3","新北市","瑞芳區","121.785","25.095","600"
"86","394878","20220727031000","65","2","新北市","瑞芳區","121.790","25.100","86"
"560","394885","20220727031000","464","2","新北市","瑞芳區","121.790","25.110","542"
"77","394894","20220727031000","62","2","新北市","瑞芳區","121.825","25.090","80"
"315","394924","20220727031000","312","1","新北市","瑞芳區","121.760","25.100","320"
"10","394926","20220727031000","23","0","新北市","瑞芳區","121.760","25.105","18"
"28","394932","20220727031000","28","1","新北市","瑞芳區","121.775","25.110","27"
"48","394934","20220727031000","28","3","新北市","瑞芳區","121.770","25.115","28"
"400","394937","20220727031000","402","0","新北市","瑞芳區","121.845","25.110","407"
"97","394943","20220727031000","85","1","新北市","瑞芳區","121.830","25.095","71"
"343","394949","20220727031000","279","2","新北市","瑞芳區","121.840","25.095","345"
"231","394954","20220727031000","247","0","新北市","瑞芳區","121.850","25.105","235"
"243","394965","20220727031000","275","0","新北市","瑞芳區","121.815","25.105","238"
"88","394966","20220727031000","131","0","新北市","五股區","121.455","25.115","88"
"638","394972","20220727031000","546","1","新北市","八里區","121.450","25.125","661"
"955","394973","20220727031000","1008","0","新北市","八里區","121.455","25.125","944"
"932","394979","20220727031000","899","1","新北市","八里區","121.450","25.130","964"
"500","394985","20220727031000","511","0","新北市","八里區","121.450","25.135","498"
"2631","394986","20220727031000","2205","1","新北市","汐止區","121.640","25.065","2534"
"304","394991","20220727031000","306","0","桃園市","觀音區","121.120","25.060","303"
"354","394992","20220727031000","366","0","桃園市","觀音區","121.125","25.060","357"
"15","394993","20220727031000","112","0","桃園市","觀音區","121.130","25.060","15"
"341","394996","20220727031000","289","1","桃園市","觀音區","121.110","25.065","352"
"534","395000","20220727031000","476","1","桃園市","觀音區","121.130","25.065","561"
"167","395008","20220727031000","174","0","桃園市","觀音區","121.135","25.060","175"
"1071","395014","20220727031000","1221","0","桃園市","蘆竹區","121.285","25.070","1042"
"167","395019","20220727031000","364","0","桃園市","蘆竹區","121.285","25.075","179"
"393","395023","20220727031000","346","1","桃園市","蘆竹區","121.285","25.080","397"
"564","395029","20220727031000","633","0","桃園市","蘆竹區","121.255","25.110","569"
"156","395030","20220727031000","201","0","桃園市","蘆竹區","121.260","25.110","136"
"213","395031","20220727031000","271","0","桃園市","蘆竹區","121.265","25.110","235"
"358","395032","20220727031000","279","2","桃園市","蘆竹區","121.270","25.110","360"
"190","395038","20220727031000","190","1","桃園市","蘆竹區","121.255","25.115","210"
"1065","395042","20220727031000","1711","0","桃園市","蘆竹區","121.295","25.060","1091"
"1279","395043","20220727031000","1195","1","桃園市","蘆竹區","121.300","25.060","1321"
"13","395046","20220727031000","14","0","桃園市","蘆竹區","121.315","25.060","11"
"256","395057","20220727031000","224","1","新北市","瑞芳區","121.860","25.125","262"
"200","395083","20220727031000","228","0","新北市","雙溪區","121.875","25.090","179"
"43","395098","20220727031000","24","3","新北市","貢寮區","121.915","25.095","29"
"93","395109","20220727031000","86","1","新北市","貢寮區","121.920","25.105","109"
"378","395119","20220727031000","343","1","新北市","貢寮區","121.925","25.055","374"
"291","395121","20220727031000","233","2","新北市","貢寮區","121.925","25.060","228"
"57","395125","20220727031000","38","3","新北市","貢寮區","121.925","25.065","53"
"119","395129","20220727031000","350","0","新北市","新莊區","121.455","25.065","121"
"885","395130","20220727031000","846","1","新北市","五股區","121.445","25.065","820"
"444","395131","20220727031000","509","0","新北市","泰山區","121.435","25.060","319"
"173","395132","20220727031000","292","0","新北市","汐止區","121.645","25.060","159"
"3299","395133","20220727031000","2835","1","新北市","汐止區","121.665","25.065","3340"
"196","395134","20220727031000","188","1","桃園市","蘆竹區","121.270","25.060","220"
"409","395135","20220727031000","625","0","桃園市","蘆竹區","121.275","25.060","419"
"776","395137","20220727031000","665","1","桃園市","蘆竹區","121.265","25.065","801"
"818","395141","20220727031000","750","1","桃園市","蘆竹區","121.270","25.070","835"
"2872","395143","20220727031000","3771","0","新北市","蘆洲區","121.470","25.090","2915"
"21","395145","20220727031000","25","0","新北市","瑞芳區","121.835","25.110","22"
"14","395147","20220727031000","15","0","新北市","瑞芳區","121.830","25.115","22"
"241","395149","20220727031000","143","3","新北市","瑞芳區","121.840","25.115","221"
"187","395156","20220727031000","162","1","新北市","瑞芳區","121.830","25.125","187"
"29","395157","20220727031000","10","3","新北市","瑞芳區","121.835","25.125","21"
"144","395163","20220727031000","418","0","新北市","瑞芳區","121.815","25.130","141"
"1892","395173","20220727031000","1615","1","新北市","瑞芳區","121.810","25.105","1624"
"2481","395174","20220727031000","2080","1","新北市","泰山區","121.445","25.060","2506"
"776","395175","20220727031000","643","2","新北市","五股區","121.450","25.065","787"
"1313","395176","20220727031000","1434","0","新北市","新莊區","121.460","25.065","1321"
"49","395186","20220727031000","37","2","新北市","萬里區","121.605","25.145","53"
"2375","395203","20220727031000","2237","1","新北市","蘆洲區","121.470","25.085","2361"
"54","395204","20220727031000","216","0","新北市","蘆洲區","121.465","25.095","50"
"17","395205","20220727031000","14","2","新北市","蘆洲區","121.465","25.100","14"
"2628","395206","20220727031000","2442","1","新北市","汐止區","121.630","25.065","2624"
"2616","395207","20220727031000","2126","2","新北市","汐止區","121.630","25.070","2686"
"1647","395208","20220727031000","1792","0","新北市","汐止區","121.645","25.065","1696"
"34","395223","20220727031000","26","2","新北市","瑞芳區","121.820","25.060","28"
"87","395239","20220727031000","62","2","新北市","瑞芳區","121.840","25.105","67"
"165","395245","20220727031000","128","2","新北市","瑞芳區","121.855","25.105","184"
"121","395253","20220727031000","82","2","新北市","瑞芳區","121.915","25.120","111"
"238","395254","20220727031000","255","0","新北市","瑞芳區","121.915","25.125","239"
"312","395256","20220727031000","172","3","新北市","瑞芳區","121.795","25.110","265"
"11","395257","20220727031000","453","0","新北市","瑞芳區","121.800","25.110","19"
"39","395269","20220727031000","30","2","新北市","泰山區","121.385","25.065","43"
"395","395270","20220727031000","272","2","桃園市","龜山區","121.390","25.060","409"
"176","395273","20220727031000","112","3","新北市","泰山區","121.390","25.065","171"
"1566","395280","20220727031000","1710","0","新北市","淡水區","121.465","25.135","1616"
"18","395284","20220727031000","12","3","新北市","雙溪區","121.855","25.050","22"
"288","395287","20220727031000","241","1","新北市","雙溪區","121.850","25.055","276"
"3662","395319","20220727031000","4048","0","新北市","三重區","121.495","25.080","3594"
"1995","395320","20220727031000","2253","0","新北市","三重區","121.475","25.060","2030"
"739","395322","20220727031000","720","1","新北市","五股區","121.455","25.105","761"
"44","395323","20220727031000","47","0","新北市","五股區","121.450","25.110","49"
"56","395324","20220727031000","70","0","新北市","五股區","121.455","25.110","52"
"178","395329","20220727031000","721","0","新北市","五股區","121.445","25.105","178"
"32","395331","20220727031000","56","0","新北市","五股區","121.445","25.110","33"
"19","395344","20220727031000","115","0","新北市","八里區","121.375","25.140","19"
"286","395346","20220727031000","348","0","新北市","八里區","121.385","25.140","285"
"111","395349","20220727031000","88","2","新北市","瑞芳區","121.800","25.100","110"
"703","395350","20220727031000","746","0","新北市","瑞芳區","121.800","25.105","688"
"455","395351","20220727031000","445","1","新北市","瑞芳區","121.820","25.105","430"
"508","395356","20220727031000","770","0","新北市","汐止區","121.670","25.065","579"
"1131","395357","20220727031000","1320","0","新北市","汐止區","121.670","25.070","1155"
"769","395361","20220727031000","701","1","桃園市","蘆竹區","121.285","25.060","733"
"1240","395362","20220727031000","817","3","桃園市","蘆竹區","121.290","25.060","1286"
"32","395363","20220727031000","39","0","桃園市","蘆竹區","121.320","25.060","26"
"261","395367","20220727031000","211","2","桃園市","觀音區","121.140","25.065","265"
"752","395388","20220727031000","639","1","桃園市","蘆竹區","121.265","25.085","798"
"91","395395","20220727031000","106","0","桃園市","蘆竹區","121.265","25.095","98"
"310","395397","20220727031000","182","3","桃園市","蘆竹區","121.275","25.095","325"
"801","395400","20220727031000","621","2","桃園市","蘆竹區","121.260","25.100","854"
"14","395417","20220727031000","27","0","桃園市","蘆竹區","121.330","25.065","21"
"166","395420","20220727031000","106","3","桃園市","蘆竹區","121.325","25.065","163"
"79","395423","20220727031000","65","2","桃園市","蘆竹區","121.340","25.070","80"
"199","395424","20220727031000","178","1","桃園市","蘆竹區","121.345","25.065","238"
"13","395433","20220727031000","130","0","桃園市","蘆竹區","121.315","25.075","11"
"10","395434","20220727031000","40","0","桃園市","蘆竹區","121.320","25.075","10"
"43","395436","20220727031000","34","2","桃園市","蘆竹區","121.330","25.075","50"
"140","395447","20220727031000","212","0","桃園市","蘆竹區","121.300","25.080","128"
"230","395448","20220727031000","211","1","桃園市","蘆竹區","121.305","25.080","239"
"62","395464","20220727031000","44","2","桃園市","蘆竹區","121.325","25.090","73"
"1192","395471","20220727031000","1067","1","桃園市","蘆竹區","121.280","25.085","1235"
"895","395473","20220727031000","745","2","桃園市","蘆竹區","121.290","25.085","900"
"14","395480","20220727031000","12","1","桃園市","蘆竹區","121.295","25.095","11"
"2853","395483","20220727031000","3018","0","新北市","蘆洲區","121.470","25.080","2834"
"5014","395484","20220727031000","4863","1","新北市","蘆洲區","121.465","25.080","4991"
"5140","395485","20220727031000","6189","0","新北市","三重區","121.485","25.085","5202"
"2838","395486","20220727031000","2917","0","新北市","蘆洲區","121.455","25.090","2828"
"1809","395487","20220727031000","2390","0","新北市","蘆洲區","121.475","25.080","1785"
"1276","395488","20220727031000","1225","1","新北市","汐止區","121.665","25.075","1339"
"712","395489","20220727031000","736","0","新北市","汐止區","121.650","25.060","825"
"3655","395490","20220727031000","3111","1","新北市","汐止區","121.655","25.060","4373"
"22","395491","20220727031000","21","1","新北市","汐止區","121.625","25.070","23"
"390","395492","20220727031000","349","1","新北市","汐止區","121.625","25.075","423"
"1758","395493","20220727031000","1517","1","新北市","汐止區","121.630","25.080","1616"
"383","395495","20220727031000","425","0","新北市","汐止區","121.650","25.080","405"
"1311","395499","20220727031000","1283","1","新北市","汐止區","121.645","25.090","1304"
"19","395501","20220727031000","37","0","新北市","汐止區","121.655","25.090","24"
"108","395508","20220727031000","348","0","新北市","汐止區","121.650","25.055","245"
"2905","395509","20220727031000","2922","0","新北市","汐止區","121.655","25.055","1680"
"810","395512","20220727031000","1027","0","新北市","汐止區","121.655","25.065","809"
"17","395526","20220727031000","25","0","新北市","汐止區","121.715","25.055","29"
"160","395530","20220727031000","131","2","新北市","汐止區","121.700","25.060","164"
"1024","395539","20220727031000","1127","0","新北市","汐止區","121.635","25.055","1038"
"2439","395541","20220727031000","2137","1","新北市","汐止區","121.635","25.060","2317"
"2416","395542","20220727031000","1825","2","新北市","汐止區","121.640","25.060","2425"
"2778","395544","20220727031000","2153","2","新北市","林口區","121.375","25.070","2850"
"1320","395546","20220727031000","940","2","新北市","林口區","121.400","25.075","1371"
"464","395548","20220727031000","382","2","新北市","林口區","121.400","25.080","461"
"117","395549","20220727031000","148","0","新北市","林口區","121.400","25.085","104"
"259","395550","20220727031000","242","1","新北市","林口區","121.405","25.085","261"
"24","395553","20220727031000","17","2","新北市","林口區","121.405","25.095","27"
"76","395555","20220727031000","183","0","新北市","林口區","121.405","25.100","63"
"81","395557","20220727031000","197","0","新北市","林口區","121.400","25.065","73"
"2787","395558","20220727031000","1931","2","新北市","林口區","121.390","25.075","2857"
"1235","395559","20220727031000","1153","1","新北市","林口區","121.395","25.075","1207"
"19","395560","20220727031000","16","1","新北市","林口區","121.385","25.090","14"
"895","395561","20220727031000","838","1","新北市","林口區","121.390","25.090","902"
"632","395565","20220727031000","605","1","新北市","林口區","121.385","25.100","624"
"115","395570","20220727031000","71","3","新北市","林口區","121.385","25.110","84"
"5230","395571","20220727031000","3713","2","新北市","林口區","121.375","25.075","5181"
"1141","395572","20220727031000","1279","0","新北市","林口區","121.380","25.075","1190"
"1684","395574","20220727031000","1997","0","新北市","林口區","121.370","25.080","1732"
"1526","395575","20220727031000","1325","1","新北市","林口區","121.375","25.080","1446"
"1638","395576","20220727031000","854","3","新北市","林口區","121.380","25.080","1503"
"855","395579","20220727031000","664","2","新北市","林口區","121.370","25.085","868"
"2354","395580","20220727031000","2274","1","新北市","林口區","121.375","25.085","2331"
"32","395587","20220727031000","38","0","新北市","林口區","121.365","25.110","31"
"15","395603","20220727031000","25","0","新北市","林口區","121.390","25.080","15"
"485","395604","20220727031000","416","1","新北市","林口區","121.385","25.085","466"
"623","395606","20220727031000","897","0","新北市","汐止區","121.655","25.070","619"
"2118","395607","20220727031000","1879","1","新北市","汐止區","121.660","25.070","1994"
"32","395616","20220727031000","24","2","桃園市","大園區","121.260","25.065","25"
"644","395617","20220727031000","564","1","新北市","汐止區","121.635","25.070","635"
"2838","395618","20220727031000","1995","2","新北市","汐止區","121.640","25.070","2782"
"665","395619","20220727031000","889","0","新北市","汐止區","121.640","25.075","683"
"2430","395622","20220727031000","1984","2","新北市","汐止區","121.640","25.080","2468"
"457","395623","20220727031000","501","0","新北市","汐止區","121.635","25.085","454"
"466","395625","20220727031000","638","0","新北市","汐止區","121.635","25.075","427"
"223","395628","20220727031000","217","1","新北市","汐止區","121.640","25.100","219"
"125","395641","20220727031000","76","3","新北市","汐止區","121.620","25.115","126"
"52","395643","20220727031000","50","1","新北市","汐止區","121.630","25.115","50"
"32","395653","20220727031000","31","1","新北市","汐止區","121.605","25.125","28"
"590","395667","20220727031000","335","3","新北市","汐止區","121.615","25.135","534"
"1385","395672","20220727031000","1524","0","新北市","淡水區","121.460","25.130","1590"
"2492","395673","20220727031000","3655","0","新北市","淡水區","121.460","25.135","2618"
"2045","395675","20220727031000","2672","0","新北市","淡水區","121.460","25.140","1986"
"1093","395676","20220727031000","1017","1","新北市","淡水區","121.465","25.140","1074"
"1347","395691","20220727031000","1168","1","新北市","汐止區","121.675","25.065","1143"
"1399","395692","20220727031000","1702","0","新北市","汐止區","121.665","25.080","1403"
"270","395698","20220727031000","448","0","新北市","汐止區","121.670","25.075","286"
"655","395699","20220727031000","874","0","新北市","汐止區","121.675","25.075","566"
"387","395701","20220727031000","311","2","新北市","汐止區","121.610","25.105","388"
"148","395703","20220727031000","155","0","新北市","汐止區","121.605","25.110","125"
"1581","395715","20220727031000","1888","0","新北市","泰山區","121.430","25.060","1535"
"28","395716","20220727031000","863","0","新北市","泰山區","121.425","25.060","23"
"517","395717","20220727031000","1529","0","新北市","泰山區","121.425","25.065","499"
"3154","395718","20220727031000","3280","0","新北市","蘆洲區","121.480","25.090","3189"
"463","395719","20220727031000","539","0","新北市","蘆洲區","121.480","25.095","458"
"46","395724","20220727031000","23","3","桃園市","蘆竹區","121.300","25.100","35"
"172","395727","20220727031000","149","1","新北市","林口區","121.290","25.105","164"
"175","395732","20220727031000","196","0","新北市","林口區","121.315","25.105","185"
"26","395735","20220727031000","38","0","新北市","林口區","121.295","25.110","23"
"72","395748","20220727031000","82","0","新北市","林口區","121.295","25.115","75"
"129","395749","20220727031000","126","1","新北市","林口區","121.300","25.115","142"
"63","395752","20220727031000","53","1","新北市","林口區","121.295","25.120","60"
"3014","395755","20220727031000","2743","1","新北市","林口區","121.385","25.080","2988"
"845","395756","20220727031000","890","0","新北市","林口區","121.380","25.085","951"
"555","395757","20220727031000","536","1","新北市","林口區","121.375","25.090","571"
"3625","395768","20220727031000","3515","1","新北市","林口區","121.365","25.065","3569"
"3070","395769","20220727031000","2771","1","新北市","汐止區","121.665","25.070","3079"
"23","395773","20220727031000","17","2","新北市","汐止區","121.675","25.070","21"
"484","395774","20220727031000","503","0","新北市","汐止區","121.680","25.070","519"
"184","395775","20220727031000","209","0","新北市","汐止區","121.685","25.070","151"
"341","395777","20220727031000","665","0","新北市","汐止區","121.675","25.080","323"
"544","395784","20220727031000","454","1","新北市","汐止區","121.645","25.080","541"
"37","395791","20220727031000","123","0","新北市","汐止區","121.640","25.095","30"
"243","395805","20220727031000","623","0","新北市","林口區","121.390","25.070","245"
"787","395806","20220727031000","584","2","新北市","林口區","121.385","25.075","825"
"159","395809","20220727031000","115","2","新北市","林口區","121.345","25.085","158"
"19","395833","20220727031000","34","0","新北市","林口區","121.340","25.100","20"
"35","395837","20220727031000","25","2","新北市","林口區","121.330","25.105","30"
"2564","395840","20220727031000","2359","1","桃園市","龜山區","121.375","25.065","2518"
"1302","395843","20220727031000","982","2","新北市","林口區","121.360","25.065","1214"
"304","395844","20220727031000","185","3","新北市","林口區","121.350","25.070","300"
"1615","395846","20220727031000","1314","2","新北市","林口區","121.360","25.070","1629"
"4134","395847","20220727031000","3608","1","新北市","林口區","121.370","25.070","4153"
"56","395848","20220727031000","47","1","新北市","林口區","121.345","25.075","55"
"1446","395850","20220727031000","1275","1","新北市","林口區","121.355","25.075","1481"
"1997","395853","20220727031000","1580","2","新北市","林口區","121.370","25.075","1972"
"1296","395854","20220727031000","1118","1","新北市","林口區","121.350","25.080","1336"
"313","395858","20220727031000","257","2","新北市","林口區","121.345","25.100","291"
"62","395862","20220727031000","78","0","新北市","林口區","121.340","25.105","61"
"83","395869","20220727031000","60","2","新北市","林口區","121.340","25.110","71"
"92","395881","20220727031000","76","2","新北市","林口區","121.320","25.115","101"
"73","395900","20220727031000","61","1","新北市","林口區","121.345","25.125","84"
"6500","395909","20220727031000","6596","0","新北市","蘆洲區","121.480","25.080","6555"
"191","395910","20220727031000","306","0","新北市","蘆洲區","121.455","25.085","189"
"3104","395911","20220727031000","2791","1","新北市","林口區","121.365","25.070","3152"
"50","395949","20220727031000","37","2","新北市","平溪區","121.790","25.070","51"
"604","395961","20220727031000","584","1","新北市","汐止區","121.630","25.055","583"
"730","395962","20220727031000","685","1","新北市","汐止區","121.625","25.060","732"
"1070","395965","20220727031000","1148","0","新北市","蘆洲區","121.470","25.075","1024"
"2153","395966","20220727031000","2150","1","桃園市","龜山區","121.370","25.060","2080"
"1482","395968","20220727031000","1161","2","桃園市","龜山區","121.380","25.060","1452"
"601","395969","20220727031000","421","2","桃園市","龜山區","121.375","25.060","641"
"4861","395972","20220727031000","5365","0","臺北市","中山區","121.530","25.060","4834"
"764","395973","20220727031000","976","0","桃園市","大園區","121.245","25.105","778"
"10","395977","20220727031000","13","0","桃園市","大園區","121.250","25.110","10"
"507","395980","20220727031000","644","0","桃園市","大園區","121.180","25.065","515"
"933","395981","20220727031000","991","0","桃園市","大園區","121.190","25.060","972"
"248","395982","20220727031000","408","0","桃園市","大園區","121.195","25.060","241"
"262","395983","20220727031000","301","0","桃園市","大園區","121.185","25.065","245"
"780","395984","20220727031000","726","1","桃園市","大園區","121.190","25.065","735"
"467","395990","20220727031000","440","1","桃園市","大園區","121.250","25.095","418"
"75","395992","20220727031000","111","0","桃園市","大園區","121.235","25.100","59"
"1086","395998","20220727031000","1113","0","桃園市","大園區","121.260","25.070","1102"
"789","395999","20220727031000","811","0","桃園市","大園區","121.255","25.075","777"
"2424","396009","20220727031000","2605","0","臺北市","中山區","121.530","25.070","2475"
"2465","396012","20220727031000","3611","0","臺北市","中山區","121.530","25.065","2672"
"3798","396013","20220727031000","4228","0","臺北市","中山區","121.540","25.060","3770"
"417","396014","20220727031000","409","1","臺北市","中山區","121.555","25.075","377"
"1087","396015","20220727031000","1894","0","臺北市","中山區","121.550","25.080","1387"
"2512","396016","20220727031000","1775","2","臺北市","中山區","121.555","25.080","2512"
"1325","396018","20220727031000","1233","1","臺北市","中山區","121.525","25.080","1295"
"319","396020","20220727031000","354","0","臺北市","中山區","121.535","25.080","269"
"1426","396021","20220727031000","1383","1","臺北市","中山區","121.540","25.080","1285"
"135","396022","20220727031000","318","0","臺北市","中山區","121.535","25.085","113"
"3219","396025","20220727031000","3102","1","新北市","蘆洲區","121.480","25.085","3217"
"940","396033","20220727031000","1479","0","新北市","泰山區","121.420","25.065","916"
"346","396035","20220727031000","313","1","新北市","泰山區","121.440","25.065","257"
"57","396038","20220727031000","86","0","新北市","泰山區","121.410","25.070","68"
"49","396040","20220727031000","132","0","新北市","淡水區","121.460","25.145","53"
"2186","396044","20220727031000","2490","0","臺北市","大同區","121.510","25.065","2218"
"1562","396045","20220727031000","1600","0","臺北市","大同區","121.515","25.075","1537"
"3113","396046","20220727031000","2759","1","臺北市","大同區","121.510","25.060","3161"
"3930","396047","20220727031000","3735","1","臺北市","松山區","121.545","25.060","3917"
"4806","396048","20220727031000","5847","0","臺北市","中山區","121.525","25.060","4653"
"2077","396049","20220727031000","2868","0","新北市","蘆洲區","121.460","25.080","2064"
"3268","396050","20220727031000","2752","1","新北市","蘆洲區","121.475","25.085","3170"
"513","396053","20220727031000","454","1","新北市","貢寮區","121.920","25.050","506"
"102","396054","20220727031000","78","2","新北市","貢寮區","121.925","25.050","82"
"43","396057","20220727031000","28","3","新北市","貢寮區","121.900","25.050","30"
"48","396059","20220727031000","29","3","新北市","貢寮區","121.890","25.055","36"
"83","396074","20220727031000","64","2","新北市","貢寮區","121.900","25.065","74"
"852","396088","20220727031000","427","3","新北市","瑞芳區","121.805","25.110","679"
"156","396089","20220727031000","88","3","新北市","瑞芳區","121.810","25.110","162"
"726","396099","20220727031000","1386","0","桃園市","龜山區","121.385","25.060","668"
"1531","396100","20220727031000","2076","0","臺北市","中山區","121.540","25.055","1523"
"1840","396101","20220727031000","2163","0","臺北市","松山區","121.540","25.070","1795"
"876","396102","20220727031000","1198","0","臺北市","中山區","121.535","25.070","879"
"630","396103","20220727031000","363","3","臺北市","內湖區","121.615","25.075","611"
"4073","396104","20220727031000","4033","1","臺北市","內湖區","121.610","25.070","4227"
"3285","396105","20220727031000","3296","0","臺北市","北投區","121.500","25.140","3243"
"1716","396106","20220727031000","2331","0","臺北市","北投區","121.505","25.140","1692"
"298","396112","20220727031000","312","0","臺北市","北投區","121.485","25.115","310"
"44","396118","20220727031000","44","1","臺北市","北投區","121.485","25.120","45"
"1518","396121","20220727031000","1600","0","臺北市","北投區","121.500","25.120","1527"
"3184","396123","20220727031000","2070","3","臺北市","北投區","121.500","25.125","3157"
"3433","396124","20220727031000","3279","1","臺北市","北投區","121.510","25.115","3456"
"2609","396126","20220727031000","3234","0","臺北市","中山區","121.535","25.065","2585"
"1911","396127","20220727031000","2086","0","臺北市","中山區","121.550","25.085","1722"
"536","396128","20220727031000","874","0","臺北市","中山區","121.555","25.085","529"
"2054","396130","20220727031000","2354","0","新北市","三重區","121.505","25.065","2056"
"1970","396131","20220727031000","2721","0","臺北市","中山區","121.525","25.070","1955"
"1841","396132","20220727031000","1938","0","新北市","三重區","121.505","25.070","1763"
"277","396133","20220727031000","149","3","桃園市","蘆竹區","121.280","25.065","227"
"1269","396134","20220727031000","917","2","桃園市","蘆竹區","121.285","25.065","1297"
"636","396135","20220727031000","381","3","桃園市","蘆竹區","121.290","25.065","630"
"411","396136","20220727031000","349","1","桃園市","蘆竹區","121.275","25.070","407"
"448","396144","20220727031000","557","0","桃園市","龜山區","121.355","25.060","436"
"2416","396145","20220727031000","3145","0","桃園市","龜山區","121.365","25.060","2429"
"110","396146","20220727031000","102","1","桃園市","蘆竹區","121.340","25.065","106"
"367","396149","20220727031000","394","0","新北市","林口區","121.355","25.065","401"
"185","396150","20220727031000","138","2","桃園市","龜山區","121.355","25.055","190"
"909","396151","20220727031000","854","1","新北市","林口區","121.370","25.065","881"
"4343","396157","20220727031000","4675","0","臺北市","內湖區","121.620","25.070","4358"
"4025","396158","20220727031000","3826","1","臺北市","內湖區","121.595","25.080","3971"
"318","396159","20220727031000","568","0","臺北市","內湖區","121.600","25.080","295"
"36","396164","20220727031000","59","0","臺北市","北投區","121.505","25.150","26"
"771","396165","20220727031000","411","3","臺北市","北投區","121.505","25.125","785"
"1433","396166","20220727031000","840","3","臺北市","北投區","121.510","25.125","1475"
"1630","396168","20220727031000","1418","1","臺北市","北投區","121.505","25.130","1408"
"298","396170","20220727031000","382","0","臺北市","北投區","121.515","25.130","291"
"43","396172","20220727031000","36","1","臺北市","北投區","121.510","25.105","42"
"261","396173","20220727031000","296","0","臺北市","北投區","121.505","25.110","278"
"985","396175","20220727031000","1119","0","臺北市","南港區","121.595","25.055","1012"
"669","396176","20220727031000","809","0","臺北市","南港區","121.600","25.050","696"
"958","396177","20220727031000","1158","0","臺北市","南港區","121.590","25.055","964"
"3254","396178","20220727031000","3318","0","臺北市","內湖區","121.595","25.060","3226"
"431","396179","20220727031000","644","0","臺北市","內湖區","121.600","25.060","419"
"58","396189","20220727031000","42","2","新北市","雙溪區","121.880","25.060","55"
"3079","396233","20220727031000","2605","1","桃園市","龜山區","121.360","25.060","2916"
"457","396237","20220727031000","561","0","臺北市","士林區","121.545","25.100","484"
"737","396238","20220727031000","724","1","臺北市","士林區","121.550","25.100","709"
"95","396243","20220727031000","106","0","臺北市","士林區","121.560","25.105","87"
"1590","396246","20220727031000","1472","1","臺北市","士林區","121.535","25.105","1548"
"66","396247","20220727031000","186","0","臺北市","士林區","121.545","25.110","65"
"910","396248","20220727031000","1010","0","臺北市","士林區","121.535","25.110","902"
"57","396249","20220727031000","75","0","臺北市","士林區","121.550","25.115","56"
"18","396253","20220727031000","17","1","臺北市","士林區","121.570","25.135","17"
"126","396255","20220727031000","101","2","臺北市","士林區","121.560","25.140","115"
"23","396258","20220727031000","73","0","臺北市","士林區","121.555","25.145","30"
"95","396259","20220727031000","125","0","臺北市","士林區","121.560","25.145","87"
"222","396260","20220727031000","202","1","臺北市","士林區","121.565","25.145","205"
"166","396262","20220727031000","184","0","臺北市","士林區","121.555","25.150","161"
"84","396263","20220727031000","82","1","臺北市","士林區","121.560","25.150","84"
"2322","396266","20220727031000","2532","0","臺北市","士林區","121.510","25.085","2542"
"3344","396267","20220727031000","4518","0","臺北市","北投區","121.520","25.110","3406"
"1774","396268","20220727031000","1640","1","臺北市","北投區","121.520","25.115","1764"
"1298","396269","20220727031000","1421","0","臺北市","北投區","121.520","25.105","1280"
"1619","396270","20220727031000","2189","0","臺北市","士林區","121.525","25.100","1627"
"30","396271","20220727031000","34","0","臺北市","士林區","121.545","25.130","25"
"672","396273","20220727031000","2038","0","臺北市","士林區","121.540","25.135","637"
"193","396274","20220727031000","258","0","臺北市","士林區","121.545","25.135","184"
"1209","396276","20220727031000","2052","0","臺北市","士林區","121.545","25.140","1223"
"217","396278","20220727031000","163","2","臺北市","士林區","121.550","25.145","195"
"1378","396280","20220727031000","1397","0","臺北市","士林區","121.530","25.100","1398"
"810","396281","20220727031000","1165","0","臺北市","士林區","121.535","25.100","841"
"757","396282","20220727031000","741","1","臺北市","士林區","121.530","25.085","713"
"25","396283","20220727031000","24","1","臺北市","士林區","121.530","25.090","24"
"1103","396285","20220727031000","1248","0","臺北市","士林區","121.530","25.095","1002"
"474","396286","20220727031000","561","0","臺北市","士林區","121.535","25.095","411"
"2051","396289","20220727031000","2196","0","臺北市","士林區","121.520","25.080","2088"
"1759","396290","20220727031000","1670","1","臺北市","士林區","121.525","25.085","1757"
"336","396294","20220727031000","456","0","臺北市","士林區","121.565","25.105","359"
"2285","396296","20220727031000","2361","0","臺北市","內湖區","121.575","25.075","2145"
"1230","396297","20220727031000","1290","0","臺北市","內湖區","121.575","25.085","1233"
"1384","396299","20220727031000","1390","0","臺北市","北投區","121.495","25.145","1425"
"3929","396301","20220727031000","4334","0","臺北市","士林區","121.525","25.115","3868"
"988","396302","20220727031000","1025","0","臺北市","內湖區","121.575","25.055","933"
"428","396303","20220727031000","526","0","臺北市","內湖區","121.575","25.060","444"
"318","396304","20220727031000","317","1","臺北市","內湖區","121.585","25.055","323"
"758","396305","20220727031000","1031","0","臺北市","內湖區","121.580","25.065","770"
"286","396306","20220727031000","290","0","臺北市","內湖區","121.575","25.065","290"
"661","396307","20220727031000","674","0","臺北市","內湖區","121.575","25.070","630"
"683","396308","20220727031000","752","0","臺北市","內湖區","121.585","25.065","702"
"240","396309","20220727031000","424","0","臺北市","中山區","121.570","25.075","254"
"1259","396310","20220727031000","1199","1","臺北市","內湖區","121.580","25.070","1264"
"143","396311","20220727031000","122","1","臺北市","內湖區","121.585","25.080","138"
"3034","396312","20220727031000","3140","0","臺北市","內湖區","121.590","25.080","3102"
"769","396313","20220727031000","868","0","臺北市","內湖區","121.585","25.085","772"
"636","396314","20220727031000","673","0","臺北市","內湖區","121.595","25.065","640"
"1085","396315","20220727031000","1357","0","臺北市","內湖區","121.600","25.065","1121"
"1039","396316","20220727031000","2043","0","臺北市","內湖區","121.595","25.070","1013"
"1078","396317","20220727031000","1242","0","臺北市","內湖區","121.600","25.070","1042"
"157","396318","20220727031000","139","1","桃園市","大園區","121.200","25.060","155"
"261","396320","20220727031000","234","1","桃園市","大園區","121.200","25.065","272"
"317","396322","20220727031000","239","2","桃園市","大園區","121.200","25.070","332"
"91","396333","20220727031000","192","0","桃園市","大園區","121.230","25.095","109"
"151","396335","20220727031000","96","3","桃園市","大園區","121.210","25.100","120"
"272","396349","20220727031000","206","2","桃園市","大園區","121.230","25.110","286"
"1989","396355","20220727031000","1868","1","臺北市","北投區","121.505","25.120","1966"
"2865","396356","20220727031000","3017","0","臺北市","北投區","121.510","25.120","2849"
"402","396357","20220727031000","390","1","臺北市","北投區","121.510","25.135","432"
"651","396358","20220727031000","413","3","臺北市","北投區","121.515","25.135","639"
"302","396360","20220727031000","213","2","臺北市","北投區","121.510","25.140","298"
"266","396361","20220727031000","619","0","臺北市","北投區","121.515","25.140","267"
"106","396363","20220727031000","152","0","臺北市","北投區","121.525","25.145","107"
"838","396366","20220727031000","999","0","臺北市","北投區","121.485","25.135","867"
"2034","396368","20220727031000","1651","2","臺北市","北投區","121.485","25.140","2085"
"2732","396370","20220727031000","2753","0","臺北市","士林區","121.525","25.105","2731"
"3690","396371","20220727031000","3918","0","臺北市","士林區","121.530","25.105","3651"
"3093","396372","20220727031000","2837","1","臺北市","北投區","121.515","25.110","3098"
"2023","396373","20220727031000","2415","0","臺北市","士林區","121.520","25.100","2103"
"1521","396376","20220727031000","2521","0","臺北市","士林區","121.530","25.125","1503"
"543","396377","20220727031000","746","0","臺北市","北投區","121.525","25.130","552"
"983","396378","20220727031000","992","0","臺北市","北投區","121.530","25.130","940"
"32","396380","20220727031000","36","0","臺北市","士林區","121.530","25.135","33"
"2456","396382","20220727031000","2847","0","臺北市","北投區","121.515","25.115","2459"
"608","396383","20220727031000","1209","0","臺北市","北投區","121.515","25.120","603"
"1826","396384","20220727031000","1929","0","臺北市","北投區","121.520","25.120","1760"
"3865","396385","20220727031000","3798","1","臺北市","北投區","121.525","25.120","3928"
"394","396395","20220727031000","425","0","臺北市","松山區","121.545","25.070","396"
"378","396397","20220727031000","263","2","臺北市","中山區","121.540","25.065","299"
"865","396398","20220727031000","729","1","臺北市","中山區","121.535","25.075","832"
"768","396399","20220727031000","520","2","臺北市","松山區","121.550","25.075","789"
"3810","396400","20220727031000","3975","0","臺北市","中山區","121.545","25.080","3627"
"761","396401","20220727031000","969","0","臺北市","中山區","121.545","25.085","721"
"1601","396404","20220727031000","1389","1","臺北市","北投區","121.495","25.140","1552"
"845","396405","20220727031000","2240","0","臺北市","北投區","121.515","25.105","869"
"4951","396406","20220727031000","5845","0","臺北市","中山區","121.525","25.065","4945"
"3607","396407","20220727031000","4500","0","臺北市","士林區","121.535","25.115","3612"
"1204","396408","20220727031000","1744","0","臺北市","士林區","121.525","25.090","1158"
"1010","396409","20220727031000","933","1","臺北市","士林區","121.560","25.115","1194"
"417","396410","20220727031000","477","0","臺北市","士林區","121.560","25.120","414"
"180","396412","20220727031000","176","1","臺北市","士林區","121.560","25.125","181"
"166","396416","20220727031000","250","0","臺北市","士林區","121.560","25.135","193"
"4430","396417","20220727031000","5208","0","臺北市","士林區","121.520","25.085","4514"
"2519","396418","20220727031000","3196","0","臺北市","內湖區","121.580","25.080","2735"
"1177","396419","20220727031000","1104","1","臺北市","內湖區","121.580","25.085","1130"
"377","396422","20220727031000","412","0","桃園市","大園區","121.240","25.065","373"
"25","396424","20220727031000","40","0","桃園市","大園區","121.250","25.065","25"
"24","396433","20220727031000","193","0","桃園市","大園區","121.255","25.070","25"
"282","396435","20220727031000","273","1","桃園市","大園區","121.185","25.070","286"
"391","396436","20220727031000","368","1","桃園市","大園區","121.190","25.070","378"
"880","396438","20220727031000","723","2","桃園市","大園區","121.175","25.075","880"
"392","396439","20220727031000","458","0","桃園市","大園區","121.180","25.075","397"
"507","396440","20220727031000","455","1","桃園市","大園區","121.185","25.075","504"
"126","396443","20220727031000","117","1","桃園市","大園區","121.180","25.080","126"
"318","396447","20220727031000","253","2","桃園市","大園區","121.185","25.085","328"
"371","396462","20220727031000","306","2","桃園市","大園區","121.160","25.075","347"
"266","396471","20220727031000","235","1","桃園市","大園區","121.165","25.060","280"
"314","396472","20220727031000","257","2","桃園市","大園區","121.170","25.060","313"
"959","396473","20220727031000","1020","0","桃園市","大園區","121.175","25.060","1004"
"623","396496","20220727031000","614","1","桃園市","大園區","121.210","25.060","625"
"92","396505","20220727031000","74","2","桃園市","大園區","121.220","25.070","94"
"1052","396517","20220727031000","757","2","桃園市","大園區","121.230","25.075","967"
"66","396518","20220727031000","88","0","桃園市","大園區","121.235","25.075","62"
"356","396524","20220727031000","326","1","桃園市","大園區","121.235","25.080","387"
"310","396531","20220727031000","371","0","桃園市","大園區","121.240","25.085","315"
"195","396532","20220727031000","117","3","桃園市","大園區","121.245","25.085","160"
"651","396533","20220727031000","713","0","桃園市","大園區","121.250","25.085","709"
"727","396537","20220727031000","244","3","桃園市","大園區","121.245","25.090","671"
"449","396541","20220727031000","426","1","桃園市","大園區","121.240","25.100","488"
"1244","396542","20220727031000","1356","0","桃園市","大園區","121.195","25.065","1289"
"1926","396543","20220727031000","1656","1","桃園市","大園區","121.195","25.070","1931"
"107","396549","20220727031000","258","0","桃園市","大園區","121.235","25.065","120"
"268","396555","20220727031000","330","0","桃園市","大園區","121.200","25.085","267"
"216","396560","20220727031000","248","0","桃園市","大園區","121.225","25.090","223"
"3090","396561","20220727031000","3624","0","臺北市","士林區","121.520","25.095","3090"
"829","396562","20220727031000","1101","0","臺北市","南港區","121.600","25.055","840"
"3105","396563","20220727031000","3303","0","臺北市","南港區","121.605","25.055","3194"
"44","396564","20220727031000","38","1","臺北市","內湖區","121.615","25.080","45"
"1630","396567","20220727031000","2219","0","臺北市","內湖區","121.615","25.070","1613"
"3479","396568","20220727031000","3058","1","臺北市","內湖區","121.590","25.065","3371"
"65","396569","20220727031000","58","1","臺北市","內湖區","121.585","25.070","56"
"2105","396570","20220727031000","1426","2","臺北市","內湖區","121.590","25.070","2085"
"309","396571","20220727031000","476","0","臺北市","北投區","121.500","25.145","306"
"910","396572","20220727031000","915","0","臺北市","內湖區","121.620","25.075","917"
"206","396574","20220727031000","201","1","新北市","汐止區","121.625","25.080","210"
"100","396576","20220727031000","92","1","臺北市","內湖區","121.625","25.085","107"
"21","396587","20220727031000","39","0","臺北市","內湖區","121.610","25.100","19"
"1392","396590","20220727031000","1223","1","臺北市","內湖區","121.610","25.065","1392"
"443","396592","20220727031000","532","0","臺北市","內湖區","121.605","25.085","443"
"1167","396594","20220727031000","1473","0","臺北市","內湖區","121.600","25.090","1168"
"15","396599","20220727031000","13","1","臺北市","內湖區","121.605","25.095","10"
"2849","396603","20220727031000","3078","0","臺北市","北投區","121.500","25.130","2868"
"732","396604","20220727031000","786","0","新北市","汐止區","121.620","25.055","695"
"3112","396605","20220727031000","3699","0","臺北市","士林區","121.505","25.085","3158"
"1034","396606","20220727031000","1601","0","臺北市","士林區","121.515","25.085","1062"
"1304","396607","20220727031000","1132","1","臺北市","內湖區","121.590","25.085","1271"
"2195","396608","20220727031000","2095","1","臺北市","內湖區","121.595","25.085","2215"
"2297","396609","20220727031000","1928","1","臺北市","內湖區","121.575","25.080","2266"
"1458","396611","20220727031000","1577","0","臺北市","北投區","121.470","25.125","1419"
"192","396612","20220727031000","312","0","臺北市","北投區","121.475","25.125","173"
"1604","396615","20220727031000","1953","0","臺北市","北投區","121.465","25.130","1431"
"946","396616","20220727031000","853","1","臺北市","北投區","121.470","25.130","1000"
"138","396617","20220727031000","170","0","臺北市","北投區","121.475","25.130","144"
"1229","396619","20220727031000","1592","0","臺北市","北投區","121.470","25.135","1197"
"60","396620","20220727031000","50","2","臺北市","北投區","121.475","25.135","56"
"16","396621","20220727031000","19","0","臺北市","北投區","121.475","25.140","16"
"115","396622","20220727031000","95","2","臺北市","南港區","121.610","25.055","117"
"681","396623","20220727031000","658","1","臺北市","內湖區","121.605","25.065","671"
"4271","396624","20220727031000","5037","0","臺北市","中山區","121.520","25.060","4282"
"126","396625","20220727031000","256","0","臺北市","中山區","121.530","25.075","131"
"401","396626","20220727031000","564","0","臺北市","內湖區","121.570","25.065","404"
"919","396628","20220727031000","1020","0","臺北市","松山區","121.550","25.070","1037"
"150","396629","20220727031000","209","0","臺北市","松山區","121.555","25.070","139"
"135","396630","20220727031000","136","0","臺北市","松山區","121.560","25.070","145"
"131","396633","20220727031000","2128","0","臺北市","松山區","121.555","25.055","95"
"2462","396634","20220727031000","4677","0","臺北市","松山區","121.570","25.055","2516"
"1977","396635","20220727031000","1928","1","臺北市","士林區","121.530","25.115","2021"
"29","396636","20220727031000","312","0","臺北市","士林區","121.495","25.095","20"
"1556","396637","20220727031000","1604","0","臺北市","士林區","121.500","25.095","1527"
"266","396639","20220727031000","274","0","臺北市","士林區","121.490","25.100","244"
"114","396643","20220727031000","107","1","臺北市","士林區","121.480","25.110","127"
"274","396644","20220727031000","288","0","臺北市","士林區","121.495","25.110","278"
"2419","396647","20220727031000","3125","0","臺北市","松山區","121.550","25.060","2498"
"3288","396648","20220727031000","3961","0","臺北市","松山區","121.555","25.060","3309"
"372","396649","20220727031000","434","0","臺北市","松山區","121.560","25.065","316"
"1574","396650","20220727031000","1950","0","臺北市","松山區","121.555","25.065","1610"
"1115","396651","20220727031000","1145","0","臺北市","中山區","121.545","25.075","1128"
"62","396655","20220727031000","153","0","臺北市","內湖區","121.605","25.080","65"
"2815","396656","20220727031000","2039","2","臺北市","內湖區","121.600","25.085","2829"
"3829","396657","20220727031000","3025","2","臺北市","松山區","121.550","25.065","3852"
"1350","396658","20220727031000","1508","0","臺北市","松山區","121.545","25.065","1312"
"3426","396659","20220727031000","4080","0","臺北市","松山區","121.565","25.055","3414"
"3826","396660","20220727031000","4027","0","臺北市","松山區","121.560","25.060","3823"
"269","396661","20220727031000","1292","0","臺北市","內湖區","121.570","25.060","251"
"2355","396662","20220727031000","2542","0","臺北市","松山區","121.565","25.060","2320"
"218","396663","20220727031000","236","0","臺北市","中山區","121.560","25.075","249"
"57","396665","20220727031000","48","1","臺北市","松山區","121.570","25.070","54"
"2319","396666","20220727031000","2599","0","臺北市","中山區","121.560","25.080","2307"
"3631","396667","20220727031000","4764","0","臺北市","松山區","121.550","25.055","3603"
"433","396669","20220727031000","580","0","臺北市","士林區","121.535","25.125","422"
"83","396672","20220727031000","121","0","臺北市","士林區","121.535","25.135","38"
"4303","396674","20220727031000","3434","2","臺北市","士林區","121.530","25.120","4315"
"5116","396675","20220727031000","5317","0","臺北市","士林區","121.530","25.110","5150"
"1947","396676","20220727031000","3929","0","臺北市","松山區","121.545","25.055","1932"
"3863","396677","20220727031000","3483","1","臺北市","松山區","121.560","25.055","3852"
"3079","396678","20220727031000","3566","0","臺北市","內湖區","121.580","25.075","3215"
"942","396680","20220727031000","1112","0","臺北市","內湖區","121.590","25.060","945"
"3675","396683","20220727031000","3352","1","臺北市","內湖區","121.590","25.090","3660"
"92","396684","20220727031000","22","3","臺北市","內湖區","121.595","25.090","114"
"48","396688","20220727031000","142","0","臺北市","內湖區","121.590","25.100","70"
"92","396690","20220727031000","158","0","臺北市","內湖區","121.580","25.105","83"
"115","396693","20220727031000","99","1","臺北市","內湖區","121.595","25.105","113"
"2179","396701","20220727031000","3291","0","臺北市","北投區","121.495","25.135","2236"
"286","396703","20220727031000","276","1","臺北市","北投區","121.505","25.100","279"
"189","396707","20220727031000","217","0","臺北市","北投區","121.500","25.110","191"
"27","396710","20220727031000","34","0","臺北市","北投區","121.530","25.140","31"
"89","396716","20220727031000","111","0","臺北市","北投區","121.535","25.150","97"
"361","396719","20220727031000","444","0","臺北市","士林區","121.555","25.115","372"
"168","396722","20220727031000","226","0","臺北市","士林區","121.550","25.125","168"
"2279","396727","20220727031000","2422","0","臺北市","士林區","121.510","25.080","2250"
"143","396731","20220727031000","261","0","臺北市","士林區","121.480","25.105","145"
"509","396732","20220727031000","378","2","臺北市","士林區","121.485","25.105","485"
"183","396735","20220727031000","623","0","臺北市","北投區","121.470","25.110","167"
"121","396737","20220727031000","126","0","臺北市","士林區","121.485","25.110","122"
"46","396739","20220727031000","32","2","臺北市","士林區","121.460","25.110","35"
"3820","396740","20220727031000","3539","1","臺北市","大同區","121.515","25.060","3765"
"2257","396741","20220727031000","2617","0","臺北市","中山區","121.520","25.065","2240"
"890","396742","20220727031000","1350","0","臺北市","內湖區","121.615","25.065","909"
"2924","396743","20220727031000","2606","1","臺北市","內湖區","121.605","25.070","2980"
"530","396744","20220727031000","412","2","臺北市","內湖區","121.605","25.075","519"
"2759","396745","20220727031000","3031","0","臺北市","內湖區","121.610","25.075","2777"
"916","396746","20220727031000","699","2","臺北市","內湖區","121.585","25.090","873"
"1432","396754","20220727031000","1321","1","臺北市","南港區","121.610","25.060","1464"
"637","396755","20220727031000","654","0","臺北市","南港區","121.620","25.060","614"
"2034","396756","20220727031000","2333","0","臺北市","南港區","121.615","25.060","2033"
"3369","396758","20220727031000","3359","1","臺北市","南港區","121.615","25.055","3377"
"2134","396759","20220727031000","1743","2","臺北市","北投區","121.505","25.145","2119"
"386","396762","20220727031000","555","0","臺北市","北投區","121.465","25.115","413"
"3165","396765","20220727031000","2596","2","臺北市","北投區","121.465","25.120","3118"
"732","396766","20220727031000","835","0","臺北市","北投區","121.470","25.120","761"
"2350","396767","20220727031000","2286","1","臺北市","士林區","121.525","25.095","2309"
"2092","396768","20220727031000","1676","2","臺北市","士林區","121.505","25.090","2146"
"1999","396769","20220727031000","1392","2","臺北市","士林區","121.510","25.090","1968"
"710","396771","20220727031000","819","0","新北市","三重區","121.500","25.075","691"
"3556","396773","20220727031000","3853","0","臺北市","內湖區","121.585","25.075","3561"
"1579","396774","20220727031000","1572","1","臺北市","內湖區","121.590","25.075","1651"
"1139","396775","20220727031000","1103","1","臺北市","內湖區","121.595","25.075","1112"
"878","396776","20220727031000","1107","0","臺北市","內湖區","121.600","25.075","980"
"3662","396777","20220727031000","4500","0","臺北市","中山區","121.535","25.060","3666"
"1838","396778","20220727031000","2211","0","臺北市","大同區","121.515","25.070","1833"
"1751","396779","20220727031000","2177","0","臺北市","大同區","121.515","25.065","1738"
"2933","396781","20220727031000","3502","0","臺北市","北投區","121.510","25.110","2957"
"1911","396785","20220727031000","2241","0","臺北市","北投區","121.490","25.145","1757"
"2463","396788","20220727031000","2800","0","臺北市","北投區","121.505","25.115","2452"
"468","396789","20220727031000","497","0","臺北市","北投區","121.515","25.100","483"
"2068","396790","20220727031000","2694","0","臺北市","士林區","121.525","25.110","2076"
"1313","396791","20220727031000","1275","1","臺北市","中山區","121.520","25.070","1312"
"1945","396792","20220727031000","1827","1","臺北市","大同區","121.520","25.075","1897"
"15","396793","20220727031000","517","0","臺北市","士林區","121.515","25.080","14"
"439","396794","20220727031000","555","0","臺北市","內湖區","121.605","25.060","430"
"2351","396798","20220727031000","2192","1","臺北市","內湖區","121.585","25.060","2382"
"3745","396799","20220727031000","3718","1","臺北市","北投區","121.505","25.135","3724"
"35","396802","20220727031000","44","0","臺北市","士林區","121.575","25.120","26"
"20","396803","20220727031000","18","1","臺北市","士林區","121.570","25.125","30"
"227","396804","20220727031000","186","2","臺北市","士林區","121.575","25.125","213"
"19","396806","20220727031000","25","0","臺北市","士林區","121.570","25.130","19"
"194","396807","20220727031000","301","0","臺北市","士林區","121.575","25.130","203"
"35","396809","20220727031000","22","3","臺北市","士林區","121.575","25.135","30"
"56","396812","20220727031000","48","1","臺北市","士林區","121.580","25.140","52"
"539","396819","20220727031000","603","0","臺北市","士林區","121.515","25.090","546"
"5292","396820","20220727031000","4380","2","臺北市","士林區","121.520","25.090","5250"
"1166","396821","20220727031000","1029","1","臺北市","士林區","121.515","25.095","1124"
"2673","396822","20220727031000","2231","1","臺北市","北投區","121.500","25.135","2697"
"1410","396823","20220727031000","1113","2","臺北市","士林區","121.525","25.075","1443"
"1027","396824","20220727031000","1487","0","臺北市","士林區","121.540","25.110","1035"
"553","396826","20220727031000","426","2","臺北市","士林區","121.545","25.115","533"
"249","396828","20220727031000","196","2","臺北市","士林區","121.540","25.125","213"
"868","396831","20220727031000","795","1","臺北市","士林區","121.505","25.095","828"
"986","396832","20220727031000","384","3","臺北市","士林區","121.540","25.095","990"
"565","396833","20220727031000","583","0","臺北市","士林區","121.545","25.105","573"
"253","396834","20220727031000","276","0","臺北市","士林區","121.540","25.105","263"
"92","396839","20220727031000","97","0","臺北市","士林區","121.560","25.110","88"
"43","396841","20220727031000","45","0","臺北市","士林區","121.570","25.110","44"
"98","396848","20220727031000","90","1","臺北市","士林區","121.580","25.115","88"
"57","396852","20220727031000","59","0","臺北市","士林區","121.580","25.120","66"
"71","396853","20220727031000","97","0","臺北市","士林區","121.585","25.120","79"
"288","396856","20220727031000","195","2","新北市","汐止區","121.600","25.120","293"
"1439","396878","20220727031000","2022","0","臺北市","內湖區","121.580","25.055","1462"
"2540","396879","20220727031000","2408","1","臺北市","內湖區","121.580","25.060","2518"
"769","396880","20220727031000","1193","0","臺北市","內湖區","121.565","25.090","747"
"2762","396884","20220727031000","3128","0","臺北市","內湖區","121.565","25.080","2814"
"1293","396885","20220727031000","1291","1","臺北市","內湖區","121.560","25.085","1288"
"3384","396886","20220727031000","3157","1","臺北市","內湖區","121.565","25.085","3363"
"855","396888","20220727031000","764","1","臺北市","內湖區","121.560","25.090","669"
"1514","396890","20220727031000","1506","1","臺北市","內湖區","121.570","25.080","1479"
"2454","396891","20220727031000","2200","1","臺北市","內湖區","121.570","25.085","2420"
"2884","396892","20220727031000","3454","0","臺北市","松山區","121.570","25.050","2895"
"1064","396893","20220727031000","1204","0","臺北市","松山區","121.565","25.065","1045"
"230","398951","20220727031000","151","3","新北市","八里區","121.390","25.165","237"
"51","398956","20220727031000","32","3","基隆市","安樂區","121.710","25.165","45"
"63","399938","20220727031000","60","1","基隆市","安樂區","121.710","25.175","71"
"15","402902","20220727031000","16","0","新北市","萬里區","121.680","25.200","14"
"275","403910","20220727031000","268","1","新北市","萬里區","121.700","25.210","233"
"151","406949","20220727031000","93","3","新北市","金山區","121.635","25.240","165"
"41","409009","20220727031000","35","1","新北市","金山區","121.635","25.255","48"
"73","409527","20220727031000","86","0","新北市","三芝區","121.475","25.260","83"
"444","413221","20220727031000","530","0","新北市","石門區","121.565","25.290","462"
"96","413767","20220727031000","58","3","新北市","石門區","121.580","25.295","91"
"156","414894","20220727031000","72","3","基隆市","中正區","121.765","25.145","152"
"386","414895","20220727031000","409","0","基隆市","中正區","121.770","25.155","418"
"578","414896","20220727031000","521","1","基隆市","中正區","121.765","25.155","594"
"74","414897","20220727031000","48","3","基隆市","中正區","121.765","25.160","56"
"75","414900","20220727031000","531","0","基隆市","中正區","121.780","25.145","77"
"442","414901","20220727031000","790","0","基隆市","中正區","121.775","25.150","481"
"137","414906","20220727031000","141","0","基隆市","安樂區","121.695","25.150","127"
"425","414907","20220727031000","428","0","基隆市","安樂區","121.700","25.150","417"
"1173","414909","20220727031000","1052","1","基隆市","安樂區","121.695","25.155","1234"
"417","414910","20220727031000","352","1","基隆市","安樂區","121.700","25.155","413"
"317","414912","20220727031000","180","3","基隆市","安樂區","121.695","25.160","289"
"13","414913","20220727031000","179","0","基隆市","安樂區","121.700","25.160","10"
"238","414921","20220727031000","206","1","基隆市","中山區","121.750","25.145","236"
"1293","414923","20220727031000","1475","0","基隆市","中山區","121.720","25.150","1357"
"260","414929","20220727031000","238","1","基隆市","中山區","121.745","25.150","256"
"694","414936","20220727031000","913","0","新北市","三芝區","121.495","25.250","758"
"205","414948","20220727031000","197","1","新北市","三芝區","121.490","25.270","185"
"833","414949","20220727031000","688","2","基隆市","中山區","121.740","25.150","834"
"198","414951","20220727031000","196","1","基隆市","中山區","121.740","25.155","190"
"344","414985","20220727031000","302","1","新北市","三芝區","121.510","25.215","300"
"71","415028","20220727031000","68","1","新北市","三芝區","121.530","25.230","68"
"2093","415040","20220727031000","2173","0","新北市","三芝區","121.505","25.255","2143"
"569","415041","20220727031000","459","2","新北市","三芝區","121.505","25.260","636"
"14","415042","20220727031000","10","2","新北市","三芝區","121.505","25.245","14"
"2271","415044","20220727031000","2183","1","新北市","三芝區","121.500","25.255","2287"
"221","415063","20220727031000","151","2","新北市","三芝區","121.505","25.205","226"
"1737","415070","20220727031000","1840","0","基隆市","中正區","121.770","25.150","1702"
"161","415078","20220727031000","133","2","新北市","三芝區","121.465","25.240","160"
"238","415083","20220727031000","217","1","新北市","三芝區","121.455","25.245","234"
"128","415087","20220727031000","125","1","新北市","三芝區","121.475","25.245","128"
"122","415093","20220727031000","120","1","新北市","三芝區","121.465","25.250","92"
"239","415100","20220727031000","250","0","新北市","三芝區","121.475","25.250","285"
"73","415103","20220727031000","61","1","新北市","三芝區","121.505","25.265","65"
"1119","415124","20220727031000","570","3","新北市","三芝區","121.535","25.245","1031"
"113","415149","20220727031000","121","0","新北市","三芝區","121.520","25.225","120"
"279","415181","20220727031000","223","2","新北市","三芝區","121.500","25.210","245"
"270","415188","20220727031000","386","0","新北市","三芝區","121.510","25.255","277"
"131","415196","20220727031000","120","1","新北市","三芝區","121.495","25.235","141"
"20","415202","20220727031000","14","2","新北市","三芝區","121.490","25.245","13"
"58","415205","20220727031000","539","0","新北市","三芝區","121.495","25.245","39"
"298","415211","20220727031000","302","0","基隆市","中山區","121.735","25.150","315"
"290","415212","20220727031000","120","3","基隆市","中山區","121.730","25.155","241"
"313","415214","20220727031000","328","0","基隆市","中正區","121.785","25.145","361"
"233","415224","20220727031000","262","0","新北市","八里區","121.415","25.155","251"
"1553","415226","20220727031000","1366","1","新北市","八里區","121.415","25.160","1524"
"638","415229","20220727031000","667","0","新北市","八里區","121.420","25.160","664"
"94","415237","20220727031000","89","1","新北市","八里區","121.440","25.155","95"
"272","415239","20220727031000","358","0","新北市","八里區","121.430","25.155","261"
"187","415242","20220727031000","153","2","新北市","八里區","121.430","25.160","196"
"289","415250","20220727031000","202","2","新北市","八里區","121.395","25.160","282"
"190","415252","20220727031000","211","0","新北市","八里區","121.405","25.155","177"
"318","415257","20220727031000","291","1","新北市","萬里區","121.675","25.180","296"
"283","415264","20220727031000","313","0","新北市","萬里區","121.640","25.210","263"
"45","415271","20220727031000","44","1","新北市","萬里區","121.645","25.150","49"
"105","415286","20220727031000","88","1","新北市","萬里區","121.665","25.160","108"
"50","415301","20220727031000","45","1","新北市","萬里區","121.625","25.150","46"
"102","415357","20220727031000","43","3","新北市","萬里區","121.620","25.200","86"
"272","415363","20220727031000","241","1","新北市","萬里區","121.650","25.200","284"
"1037","415369","20220727031000","961","1","新北市","萬里區","121.690","25.175","1094"
"679","415372","20220727031000","598","1","新北市","萬里區","121.690","25.180","709"
"2226","415375","20220727031000","2366","0","新北市","淡水區","121.440","25.175","2199"
"453","415378","20220727031000","477","0","新北市","淡水區","121.450","25.160","471"
"1554","415379","20220727031000","1434","1","新北市","淡水區","121.455","25.160","1524"
"476","415380","20220727031000","653","0","新北市","淡水區","121.460","25.160","492"
"749","415383","20220727031000","634","1","新北市","淡水區","121.450","25.165","731"
"21","415391","20220727031000","19","1","新北市","淡水區","121.430","25.205","13"
"32","415394","20220727031000","84","0","新北市","淡水區","121.445","25.205","33"
"238","415395","20220727031000","259","0","新北市","淡水區","121.450","25.205","242"
"189","415396","20220727031000","156","2","新北市","淡水區","121.455","25.205","183"
"18","415398","20220727031000","21","0","新北市","淡水區","121.440","25.210","24"
"234","415408","20220727031000","240","0","新北市","淡水區","121.460","25.215","217"
"56","415409","20220727031000","63","0","新北市","淡水區","121.465","25.215","56"
"402","415412","20220727031000","364","1","新北市","淡水區","121.450","25.220","396"
"12","415428","20220727031000","11","1","新北市","石門區","121.580","25.240","12"
"10","415437","20220727031000","23","0","新北市","石門區","121.580","25.245","10"
"56","415462","20220727031000","27","3","新北市","石門區","121.530","25.285","51"
"86","415465","20220727031000","95","0","新北市","石門區","121.535","25.290","79"
"449","415468","20220727031000","364","2","新北市","石門區","121.540","25.290","406"
"137","415521","20220727031000","159","0","新北市","石門區","121.550","25.285","156"
"153","415532","20220727031000","126","2","新北市","石門區","121.515","25.275","175"
"219","415546","20220727031000","116","3","新北市","石門區","121.570","25.255","211"
"107","415568","20220727031000","134","0","新北市","石門區","121.550","25.255","98"
"54","415594","20220727031000","71","0","新北市","石門區","121.595","25.270","61"
"25","415595","20220727031000","24","1","新北市","石門區","121.590","25.275","23"
"49","415599","20220727031000","63","0","新北市","石門區","121.590","25.285","70"
"38","415623","20220727031000","17","3","新北市","石門區","121.600","25.280","10"
"107","415625","20220727031000","93","1","新北市","石門區","121.610","25.280","112"
"32","415630","20220727031000","28","1","新北市","萬里區","121.685","25.165","35"
"23","415649","20220727031000","16","2","新北市","萬里區","121.655","25.200","14"
"735","415654","20220727031000","608","2","新北市","萬里區","121.690","25.200","748"
"55","415655","20220727031000","46","1","新北市","萬里區","121.655","25.205","60"
"82","415656","20220727031000","68","2","新北市","萬里區","121.660","25.205","98"
"195","415657","20220727031000","163","1","新北市","萬里區","121.690","25.205","222"
"23","415664","20220727031000","19","2","新北市","淡水區","121.465","25.175","20"
"78","415674","20220727031000","62","2","新北市","淡水區","121.520","25.175","68"
"53","415676","20220727031000","90","0","新北市","淡水區","121.480","25.180","55"
"156","415677","20220727031000","146","1","新北市","淡水區","121.485","25.180","155"
"133","415685","20220727031000","109","2","新北市","淡水區","121.470","25.185","126"
"26","415687","20220727031000","111","0","新北市","淡水區","121.480","25.185","26"
"493","415688","20220727031000","485","1","新北市","淡水區","121.485","25.185","476"
"129","415696","20220727031000","131","0","新北市","淡水區","121.475","25.190","128"
"243","415697","20220727031000","153","3","新北市","淡水區","121.490","25.190","234"
"13","415699","20220727031000","12","1","新北市","淡水區","121.500","25.190","13"
"402","415701","20220727031000","1201","0","新北市","淡水區","121.440","25.180","357"
"112","415706","20220727031000","224","0","新北市","淡水區","121.485","25.165","112"
"61","415713","20220727031000","72","0","新北市","淡水區","121.485","25.170","67"
"113","415717","20220727031000","165","0","新北市","淡水區","121.485","25.175","115"
"28","415718","20220727031000","236","0","新北市","淡水區","121.415","25.180","34"
"94","415720","20220727031000","65","2","新北市","淡水區","121.410","25.185","84"
"1632","415722","20220727031000","1595","1","新北市","淡水區","121.420","25.185","1671"
"1110","415723","20220727031000","1207","0","新北市","淡水區","121.425","25.185","1111"
"977","415724","20220727031000","1306","0","新北市","淡水區","121.430","25.185","1003"
"883","415730","20220727031000","521","3","新北市","淡水區","121.430","25.190","895"
"24","415731","20220727031000","37","0","新北市","淡水區","121.420","25.195","24"
"836","415732","20220727031000","722","1","新北市","淡水區","121.425","25.195","802"
"597","415734","20220727031000","553","1","新北市","淡水區","121.420","25.175","608"
"150","415735","20220727031000","134","1","新北市","淡水區","121.425","25.175","136"
"57","415738","20220727031000","55","1","新北市","淡水區","121.475","25.210","62"
"20","415743","20220727031000","20","1","新北市","淡水區","121.475","25.215","22"
"48","415744","20220727031000","52","0","新北市","淡水區","121.480","25.215","50"
"162","415745","20220727031000","185","0","新北市","淡水區","121.485","25.215","188"
"41","415753","20220727031000","130","0","新北市","淡水區","121.445","25.225","44"
"154","415754","20220727031000","210","0","新北市","淡水區","121.450","25.225","150"
"138","415755","20220727031000","160","0","新北市","淡水區","121.455","25.225","157"
"16","415761","20220727031000","53","0","新北市","淡水區","121.445","25.230","16"
"189","415762","20220727031000","166","1","新北市","淡水區","121.450","25.230","221"
"122","415775","20220727031000","95","2","新北市","萬里區","121.635","25.165","119"
"121","415799","20220727031000","48","3","新北市","萬里區","121.650","25.175","110"
"281","415830","20220727031000","243","1","新北市","萬里區","121.685","25.190","243"
"154","415832","20220727031000","103","2","新北市","萬里區","121.680","25.195","150"
"219","415838","20220727031000","221","0","新北市","淡水區","121.430","25.175","217"
"1501","415839","20220727031000","2038","0","新北市","淡水區","121.435","25.175","1502"
"2023","415840","20220727031000","2416","0","新北市","淡水區","121.435","25.180","1967"
"457","415841","20220727031000","417","1","新北市","淡水區","121.435","25.170","493"
"17","415849","20220727031000","14","2","新北市","淡水區","121.485","25.230","17"
"175","415852","20220727031000","159","1","新北市","三芝區","121.480","25.235","166"
"2688","415853","20220727031000","3375","0","新北市","淡水區","121.445","25.175","2771"
"2174","415854","20220727031000","4666","0","新北市","淡水區","121.450","25.175","2182"
"2072","415857","20220727031000","2098","0","新北市","淡水區","121.460","25.155","2066"
"1259","415860","20220727031000","1219","1","新北市","淡水區","121.455","25.155","1249"
"161","415861","20220727031000","702","0","新北市","淡水區","121.465","25.160","156"
"78","415870","20220727031000","59","2","新北市","金山區","121.615","25.240","73"
"51","415905","20220727031000","47","1","新北市","金山區","121.590","25.235","46"
"2015","415910","20220727031000","2972","0","新北市","淡水區","121.445","25.180","2001"
"2061","415911","20220727031000","2705","0","新北市","淡水區","121.450","25.180","2151"
"32","415912","20220727031000","228","0","新北市","淡水區","121.455","25.180","66"
"1019","415916","20220727031000","1727","0","新北市","淡水區","121.445","25.185","1021"
"1308","415921","20220727031000","1898","0","新北市","淡水區","121.455","25.175","1394"
"2484","415922","20220727031000","2563","0","新北市","淡水區","121.440","25.170","2469"
"147","415924","20220727031000","133","1","新北市","淡水區","121.485","25.155","139"
"454","415927","20220727031000","401","1","新北市","淡水區","121.485","25.160","489"
"275","415931","20220727031000","245","1","新北市","淡水區","121.470","25.165","279"
"476","415932","20220727031000","373","2","新北市","淡水區","121.440","25.190","477"
"1785","415933","20220727031000","1990","0","新北市","淡水區","121.445","25.190","1780"
"58","415936","20220727031000","62","0","新北市","淡水區","121.460","25.190","48"
"722","415942","20220727031000","608","1","新北市","淡水區","121.450","25.200","722"
"209","415944","20220727031000","196","1","新北市","淡水區","121.460","25.200","209"
"760","415946","20220727031000","760","1","新北市","淡水區","121.420","25.180","783"
"1998","415947","20220727031000","2506","0","新北市","淡水區","121.450","25.170","1990"
"930","415948","20220727031000","1023","0","新北市","淡水區","121.455","25.170","937"
"256","415951","20220727031000","278","0","新北市","淡水區","121.455","25.235","262"
"1258","415961","20220727031000","1108","1","新北市","淡水區","121.435","25.185","1240"
"422","415962","20220727031000","461","0","新北市","淡水區","121.440","25.185","435"
"2577","415963","20220727031000","2218","1","新北市","淡水區","121.435","25.190","2596"
"1037","415964","20220727031000","907","1","新北市","淡水區","121.430","25.195","1026"
"592","415968","20220727031000","458","2","新北市","淡水區","121.430","25.200","576"
"1394","415969","20220727031000","1672","0","新北市","淡水區","121.435","25.200","1417"
"444","415971","20220727031000","373","1","新北市","淡水區","121.425","25.205","439"
"30","415972","20220727031000","20","3","新北市","淡水區","121.435","25.205","27"
"65","415975","20220727031000","490","0","新北市","淡水區","121.445","25.170","68"
"40","415977","20220727031000","46","0","新北市","淡水區","121.485","25.190","49"
"30","415979","20220727031000","95","0","新北市","淡水區","121.470","25.195","29"
"155","415984","20220727031000","176","0","新北市","淡水區","121.470","25.200","155"
"97","415986","20220727031000","98","0","新北市","淡水區","121.480","25.200","101"
"1271","416009","20220727031000","1204","1","新北市","金山區","121.640","25.220","1234"
"25","416022","20220727031000","15","3","新北市","金山區","121.625","25.270","40"
"324","416030","20220727031000","278","1","新北市","金山區","121.640","25.225","305"
"194","416031","20220727031000","210","0","新北市","金山區","121.645","25.225","183"
"226","416033","20220727031000","194","1","新北市","金山區","121.645","25.230","231"
"67","416038","20220727031000","112","0","臺北市","北投區","121.500","25.155","64"
"345","416050","20220727031000","278","2","新北市","金山區","121.630","25.225","280"
"454","416051","20220727031000","392","1","新北市","金山區","121.635","25.225","434"
"146","416060","20220727031000","150","0","新北市","金山區","121.615","25.245","142"
"38","416062","20220727031000","21","3","新北市","金山區","121.605","25.245","31"
"20","416063","20220727031000","21","0","新北市","金山區","121.610","25.245","20"
"15","416067","20220727031000","21","0","新北市","金山區","121.610","25.250","15"
"169","416122","20220727031000","98","3","新北市","金山區","121.595","25.200","188"
"258","416123","20220727031000","147","3","新北市","金山區","121.600","25.200","208"
"95","416146","20220727031000","74","2","新北市","金山區","121.600","25.215","94"
"495","416155","20220727031000","592","0","新北市","金山區","121.630","25.220","549"
"1137","416156","20220727031000","726","3","新北市","金山區","121.635","25.220","1144"
"33","416160","20220727031000","45","0","臺北市","士林區","121.555","25.155","33"
"15","416182","20220727031000","16","0","臺北市","士林區","121.570","25.190","21"
"34","416192","20220727031000","47","0","臺北市","北投區","121.530","25.155","43"
"2089","416202","20220727031000","2357","0","新北市","淡水區","121.445","25.165","2073"
"186","416204","20220727031000","150","2","臺北市","北投區","121.540","25.155","191"
"144","416205","20220727031000","141","1","臺北市","北投區","121.545","25.150","139"
"10","416212","20220727031000","11","0","臺北市","北投區","121.540","25.160","11"
"35","416213","20220727031000","27","2","臺北市","北投區","121.545","25.160","37"
"235","416221","20220727031000","105","3","臺北市","北投區","121.540","25.165","250"
"197","416225","20220727031000","36","3","臺北市","北投區","121.560","25.165","277"
"38","416236","20220727031000","37","1","臺北市","北投區","121.535","25.175","37"
"107","416246","20220727031000","70","3","臺北市","北投區","121.545","25.180","67"
"91","416251","20220727031000","103","0","臺北市","北投區","121.535","25.185","80"
"46","416275","20220727031000","101","0","臺北市","北投區","121.490","25.155","50"
"14","617429","20220727031000","176","0","金門縣","金城鎮","118.305","24.400","14"
"1235","617430","20220727031000","1043","1","金門縣","金城鎮","118.310","24.400","1214"
"409","617700","20220727031000","418","0","金門縣","金城鎮","118.305","24.405","431"
"262","617704","20220727031000","262","1","金門縣","金城鎮","118.325","24.405","253"
"33","617966","20220727031000","18","3","金門縣","烈嶼鄉","118.225","24.405","25"
"48","617974","20220727031000","53","0","金門縣","金城鎮","118.290","24.405","47"
"89","617990","20220727031000","56","3","金門縣","金湖鎮","118.430","24.410","98"
"65","618255","20220727031000","77","0","金門縣","金城鎮","118.285","24.410","80"
"94","618257","20220727031000","346","0","金門縣","金城鎮","118.295","24.410","89"
"178","618258","20220727031000","183","0","金門縣","金城鎮","118.300","24.410","158"
"32","618259","20220727031000","33","0","金門縣","金城鎮","118.305","24.410","28"
"53","618260","20220727031000","61","0","金門縣","金城鎮","118.310","24.410","48"
"177","618263","20220727031000","200","0","金門縣","金城鎮","118.325","24.410","180"
"803","618264","20220727031000","624","2","金門縣","金城鎮","118.330","24.410","793"
"213","618266","20220727031000","191","1","金門縣","金城鎮","118.335","24.410","203"
"362","618273","20220727031000","345","1","金門縣","金湖鎮","118.435","24.415","364"
"563","618274","20220727031000","536","1","金門縣","金湖鎮","118.440","24.415","518"
"72","618530","20220727031000","345","0","金門縣","烈嶼鄉","118.230","24.415","48"
"286","618532","20220727031000","545","0","金門縣","烈嶼鄉","118.240","24.415","556"
"169","618541","20220727031000","141","1","金門縣","金城鎮","118.290","24.415","157"
"511","618545","20220727031000","678","0","金門縣","金城鎮","118.310","24.415","513"
"651","618547","20220727031000","758","0","金門縣","金城鎮","118.315","24.415","679"
"288","618552","20220727031000","173","3","金門縣","金寧鄉","118.340","24.415","279"
"161","618560","20220727031000","187","0","金門縣","金湖鎮","118.440","24.420","161"
"413","618813","20220727031000","443","0","金門縣","烈嶼鄉","118.220","24.420","476"
"43","618818","20220727031000","21","3","金門縣","烈嶼鄉","118.245","24.420","30"
"29","618832","20220727031000","991","0","金門縣","金城鎮","118.310","24.420","27"
"125","618833","20220727031000","105","1","金門縣","金城鎮","118.315","24.420","113"
"44","618834","20220727031000","80","0","金門縣","金城鎮","118.320","24.420","54"
"31","618835","20220727031000","38","0","金門縣","金城鎮","118.325","24.420","32"
"116","618836","20220727031000","188","0","金門縣","金寧鄉","118.330","24.420","128"
"25","618838","20220727031000","11","3","金門縣","金寧鄉","118.340","24.420","23"
"331","618851","20220727031000","314","1","金門縣","金湖鎮","118.440","24.425","98"
"1146","619113","20220727031000","1230","0","金門縣","烈嶼鄉","118.245","24.425","1246"
"320","619116","20220727031000","209","3","金門縣","烈嶼鄉","118.260","24.425","323"
"26","619117","20220727031000","26","1","金門縣","烈嶼鄉","118.265","24.425","33"
"1479","619127","20220727031000","1267","1","金門縣","金城鎮","118.320","24.425","1471"
"178","619131","20220727031000","130","2","金門縣","金寧鄉","118.340","24.425","173"
"152","619133","20220727031000","173","0","金門縣","金寧鄉","118.350","24.425","147"
"195","619146","20220727031000","219","0","金門縣","金湖鎮","118.430","24.425","240"
"119","619151","20220727031000","126","0","金門縣","金湖鎮","118.455","24.430","124"
"72","619406","20220727031000","66","1","金門縣","烈嶼鄉","118.230","24.430","74"
"55","619420","20220727031000","1273","0","金門縣","金城鎮","118.310","24.430","55"
"736","619421","20220727031000","1293","0","金門縣","金城鎮","118.315","24.430","739"
"958","619422","20220727031000","1030","0","金門縣","金城鎮","118.320","24.430","923"
"111","619424","20220727031000","170","0","金門縣","金寧鄉","118.330","24.430","109"
"269","619426","20220727031000","289","0","金門縣","金寧鄉","118.340","24.430","270"
"123","619430","20220727031000","45","3","金門縣","金寧鄉","118.360","24.430","93"
"422","619440","20220727031000","950","0","金門縣","金湖鎮","118.410","24.430","406"
"416","619442","20220727031000","533","0","金門縣","金湖鎮","118.420","24.430","379"
"298","619709","20220727031000","351","0","金門縣","烈嶼鄉","118.255","24.435","249"
"29","619710","20220727031000","23","2","金門縣","烈嶼鄉","118.260","24.435","20"
"622","619718","20220727031000","604","1","金門縣","金城鎮","118.310","24.435","628"
"2236","619719","20220727031000","2774","0","金門縣","金城鎮","118.315","24.435","2342"
"30","619721","20220727031000","964","0","金門縣","金城鎮","118.325","24.435","25"
"279","619722","20220727031000","380","0","金門縣","金寧鄉","118.330","24.435","281"
"49","619729","20220727031000","39","2","金門縣","金湖鎮","118.365","24.435","52"
"142","619731","20220727031000","105","2","金門縣","金湖鎮","118.375","24.435","151"
"125","619734","20220727031000","184","0","金門縣","金湖鎮","118.390","24.435","129"
"233","619736","20220727031000","301","0","金門縣","金湖鎮","118.400","24.435","236"
"1409","619737","20220727031000","1567","0","金門縣","金湖鎮","118.405","24.435","1454"
"53","619739","20220727031000","97","0","金門縣","金湖鎮","118.415","24.435","54"
"115","619747","20220727031000","119","0","金門縣","金湖鎮","118.455","24.435","112"
"224","620001","20220727031000","107","3","金門縣","烈嶼鄉","118.250","24.440","188"
"571","620010","20220727031000","341","3","金門縣","金城鎮","118.310","24.440","569"
"3972","620011","20220727031000","2277","3","金門縣","金城鎮","118.315","24.440","4193"
"708","620012","20220727031000","508","2","金門縣","金寧鄉","118.320","24.440","701"
"86","620013","20220727031000","90","0","金門縣","金城鎮","118.325","24.440","72"
"28","620015","20220727031000","340","0","金門縣","金寧鄉","118.335","24.440","375"
"20","620021","20220727031000","20","1","金門縣","金湖鎮","118.365","24.440","26"
"105","620024","20220727031000","109","0","金門縣","金湖鎮","118.380","24.440","106"
"744","620025","20220727031000","783","0","金門縣","金湖鎮","118.385","24.440","732"
"70","620027","20220727031000","56","2","金門縣","金湖鎮","118.395","24.440","73"
"80","620029","20220727031000","192","0","金門縣","金湖鎮","118.405","24.440","86"
"816","620031","20220727031000","3308","0","金門縣","金湖鎮","118.415","24.440","817"
"1032","620032","20220727031000","1188","0","金門縣","金湖鎮","118.420","24.440","1061"
"258","620037","20220727031000","123","3","金門縣","金湖鎮","118.445","24.440","306"
"10","620040","20220727031000","131","0","金門縣","金湖鎮","118.460","24.440","13"
"399","620293","20220727031000","352","1","金門縣","烈嶼鄉","118.240","24.440","397"
"883","620304","20220727031000","893","0","金門縣","金寧鄉","118.310","24.445","863"
"153","620306","20220727031000","197","0","金門縣","金寧鄉","118.320","24.445","154"
"32","620312","20220727031000","423","0","金門縣","金寧鄉","118.350","24.445","29"
"20","620317","20220727031000","254","0","金門縣","金湖鎮","118.375","24.445","16"
"327","620318","20220727031000","258","2","金門縣","金湖鎮","118.380","24.445","323"
"29","620319","20220727031000","26","1","金門縣","金湖鎮","118.385","24.445","27"
"41","620323","20220727031000","17","3","金門縣","金湖鎮","118.405","24.445","25"
"64","620326","20220727031000","19","3","金門縣","金湖鎮","118.420","24.445","65"
"18","620327","20220727031000","298","0","金門縣","金湖鎮","118.425","24.445","13"
"15","620335","20220727031000","11","2","金門縣","金湖鎮","118.465","24.445","29"
"141","620336","20220727031000","133","1","金門縣","金湖鎮","118.470","24.445","121"
"147","620593","20220727031000","156","0","金門縣","烈嶼鄉","118.250","24.445","148"
"77","620594","20220727031000","93","0","金門縣","烈嶼鄉","118.255","24.445","85"
"263","620595","20220727031000","55","3","金門縣","烈嶼鄉","118.260","24.445","263"
"210","620604","20220727031000","349","0","金門縣","金寧鄉","118.305","24.450","225"
"739","620605","20220727031000","431","3","金門縣","金寧鄉","118.310","24.450","705"
"179","620607","20220727031000","479","0","金門縣","金寧鄉","118.320","24.450","183"
"454","620608","20220727031000","363","2","金門縣","金寧鄉","118.325","24.450","522"
"1549","620609","20220727031000","1575","0","金門縣","金寧鄉","118.330","24.450","1534"
"692","620610","20220727031000","573","2","金門縣","金寧鄉","118.335","24.450","679"
"406","620611","20220727031000","507","0","金門縣","金寧鄉","118.340","24.450","415"
"59","620613","20220727031000","57","1","金門縣","金寧鄉","118.350","24.450","68"
"72","620618","20220727031000","54","2","金門縣","金湖鎮","118.375","24.450","50"
"77","620623","20220727031000","49","3","金門縣","金湖鎮","118.400","24.450","48"
"50","620624","20220727031000","47","1","金門縣","金湖鎮","118.405","24.450","34"
"84","620625","20220727031000","54","3","金門縣","金湖鎮","118.410","24.450","76"
"505","620912","20220727031000","291","3","金門縣","金寧鄉","118.335","24.455","526"
"330","620919","20220727031000","267","2","金門縣","金湖鎮","118.370","24.455","347"
"402","620920","20220727031000","348","1","金門縣","金湖鎮","118.375","24.455","391"
"446","620921","20220727031000","357","2","金門縣","金湖鎮","118.380","24.455","432"
"126","620922","20220727031000","55","3","金門縣","金湖鎮","118.385","24.455","120"
"64","620927","20220727031000","23","3","金門縣","金湖鎮","118.410","24.455","54"
"62","620928","20220727031000","42","2","金門縣","金湖鎮","118.415","24.455","38"
"49","620930","20220727031000","28","3","金門縣","金湖鎮","118.425","24.455","47"
"310","621210","20220727031000","623","0","金門縣","金寧鄉","118.305","24.455","337"
"24","621214","20220727031000","638","0","金門縣","金寧鄉","118.325","24.455","29"
"247","621221","20220727031000","272","0","金門縣","金寧鄉","118.360","24.460","253"
"11","621226","20220727031000","13","0","金門縣","金沙鎮","118.385","24.460","11"
"107","621230","20220727031000","106","1","金門縣","金沙鎮","118.405","24.460","66"
"866","621231","20220727031000","477","3","金門縣","金湖鎮","118.410","24.460","816"
"47","621233","20220727031000","21","3","金門縣","金湖鎮","118.420","24.460","28"
"21","621239","20220727031000","31","0","金門縣","金沙鎮","118.450","24.460","17"
"591","621509","20220727031000","848","0","金門縣","金寧鄉","118.315","24.460","602"
"151","621510","20220727031000","214","0","金門縣","金寧鄉","118.320","24.460","145"
"182","621511","20220727031000","164","1","金門縣","金寧鄉","118.325","24.460","202"
"26","621529","20220727031000","19","2","金門縣","金沙鎮","118.415","24.465","17"
"11","621530","20220727031000","10","1","金門縣","金湖鎮","118.420","24.465","12"
"83","621533","20220727031000","88","0","金門縣","金沙鎮","118.435","24.465","82"
"73","621534","20220727031000","71","1","金門縣","金沙鎮","118.440","24.465","75"
"167","621810","20220727031000","231","0","金門縣","金沙鎮","118.390","24.465","150"
"868","621816","20220727031000","760","1","金門縣","金沙鎮","118.420","24.470","835"
"320","621823","20220727031000","259","2","金門縣","金沙鎮","118.455","24.470","276"
"403","622079","20220727031000","509","0","金門縣","金寧鄉","118.315","24.470","421"
"68","622096","20220727031000","462","0","金門縣","金沙鎮","118.400","24.470","72"
"49","622102","20220727031000","53","0","金門縣","金沙鎮","118.430","24.475","55"
"305","622377","20220727031000","154","3","金門縣","金沙鎮","118.390","24.475","295"
"154","622643","20220727031000","418","0","金門縣","金寧鄉","118.305","24.480","168"
"64","622644","20220727031000","84","0","金門縣","金寧鄉","118.310","24.480","72"
"20","622657","20220727031000","267","0","金門縣","金沙鎮","118.390","24.480","22"
"167","622658","20220727031000","125","2","金門縣","金沙鎮","118.395","24.480","166"
"15","622921","20220727031000","22","0","金門縣","金寧鄉","118.300","24.485","12"
"1198","622937","20220727031000","900","2","金門縣","金沙鎮","118.415","24.485","1188"
"137","622938","20220727031000","105","2","金門縣","金沙鎮","118.420","24.485","123"
"36","622941","20220727031000","39","0","金門縣","金沙鎮","118.435","24.485","35"
"179","622942","20220727031000","97","3","金門縣","金沙鎮","118.440","24.485","179"
"405","623206","20220727031000","422","0","金門縣","金沙鎮","118.410","24.490","421"
"552","623207","20220727031000","547","1","金門縣","金沙鎮","118.415","24.490","530"
"19","623208","20220727031000","12","3","金門縣","金沙鎮","118.420","24.490","16"
"91","623210","20220727031000","92","0","金門縣","金沙鎮","118.430","24.490","88"
"586","623474","20220727031000","898","0","金門縣","金沙鎮","118.415","24.495","609"
"325","623478","20220727031000","403","0","金門縣","金沙鎮","118.435","24.495","311"
"109","623734","20220727031000","84","2","金門縣","金沙鎮","118.400","24.500","79"
"49","623738","20220727031000","38","2","金門縣","金沙鎮","118.420","24.500","37"
"180","623993","20220727031000","230","0","金門縣","金沙鎮","118.405","24.505","183"
"10","623999","20220727031000","16","0","金門縣","金沙鎮","118.435","24.505","14"
"172","624000","20220727031000","254","0","金門縣","金沙鎮","118.440","24.505","204"
"223","624511","20220727031000","207","1","金門縣","金沙鎮","118.405","24.515","220"
"179","624771","20220727031000","213","0","金門縣","金沙鎮","118.415","24.515","157"
"390","653049","20220727031000","336","1","連江縣","莒光鄉","119.975","25.960","379"
"220","653082","20220727031000","227","0","連江縣","莒光鄉","119.935","25.970","174"
"105","653097","20220727031000","167","0","連江縣","莒光鄉","119.930","25.975","115"
"29","653099","20220727031000","24","2","連江縣","莒光鄉","119.940","25.975","25"
"465","653173","20220727031000","302","3","連江縣","南竿鄉","119.925","26.140","474"
"57","653187","20220727031000","50","1","連江縣","南竿鄉","119.930","26.145","72"
"199","653198","20220727031000","124","3","連江縣","南竿鄉","119.915","26.145","178"
"65","653200","20220727031000","65","1","連江縣","南竿鄉","119.925","26.145","48"
"294","653203","20220727031000","421","0","連江縣","南竿鄉","119.940","26.145","294"
"31","653217","20220727031000","38","0","連江縣","南竿鄉","119.925","26.150","28"
"398","653219","20220727031000","420","0","連江縣","南竿鄉","119.935","26.150","394"
"59","653221","20220727031000","56","1","連江縣","南竿鄉","119.945","26.150","55"
"222","653231","20220727031000","290","0","連江縣","南竿鄉","119.920","26.155","205"
"592","653235","20220727031000","442","2","連江縣","南竿鄉","119.940","26.155","576"
"884","653238","20220727031000","875","1","連江縣","南竿鄉","119.955","26.155","858"
"146","653248","20220727031000","69","3","連江縣","南竿鄉","119.920","26.160","148"
"1025","653255","20220727031000","852","2","連江縣","南竿鄉","119.955","26.160","1030"
"409","653272","20220727031000","376","1","連江縣","南竿鄉","119.950","26.165","426"
"100","653282","20220727031000","89","1","連江縣","南竿鄉","119.925","26.170","90"
"128","653344","20220727031000","124","1","連江縣","北竿鄉","119.970","26.205","142"
"186","653365","20220727031000","160","1","連江縣","北竿鄉","119.975","26.215","122"
"27","653380","20220727031000","35","0","連江縣","北竿鄉","119.990","26.220","31"
"22","653382","20220727031000","25","0","連江縣","北竿鄉","120.000","26.220","18"
"12","653393","20220727031000","12","1","連江縣","北竿鄉","119.980","26.225","15"
"1024","653396","20220727031000","781","2","連江縣","北竿鄉","119.995","26.225","1134"
"431","653397","20220727031000","329","2","連江縣","北竿鄉","120.000","26.225","403"
"11","653410","20220727031000","11","1","連江縣","北竿鄉","119.995","26.230","14"
"140","653411","20220727031000","82","3","連江縣","北竿鄉","120.000","26.230","113"
"33","653580","20220727031000","48","0","連江縣","東引鄉","120.485","26.360","19"
"70","653590","20220727031000","37","3","連江縣","東引鄉","120.490","26.360","67"
"444","653592","20220727031000","441","1","連江縣","東引鄉","120.500","26.360","145"
"884","653602","20220727031000","751","1","連江縣","東引鄉","120.490","26.365","894"
"100","653603","20220727031000","41","3","連江縣","東引鄉","120.495","26.365","93"
"37","653606","20220727031000","16","3","連江縣","東引鄉","120.510","26.365","24"
"125","653623","20220727031000","89","2","連江縣","東引鄉","120.480","26.375","114"
