"POPULATION","G_ID","time","avg","idx","City","Town","x","y","prePop"
"129","6258","20220921080000","131","0","屏東縣","恆春鎮","120.745","21.945","152"
"16","6267","20220921080000","129","0","屏東縣","恆春鎮","120.790","21.945","12"
"131","9415","20220921080000","68","3","屏東縣","恆春鎮","120.715","21.970","130"
"64","9416","20220921080000","51","2","屏東縣","恆春鎮","120.845","21.970","76"
"252","15716","20220921080000","208","2","臺東縣","蘭嶼鄉","121.535","22.025","207"
"69","18068","20220921080000","40","3","屏東縣","車城鄉","120.695","22.045","42"
"122","40369","20220921080000","64","3","屏東縣","枋山鄉","120.660","22.245","104"
"67","46865","20220921080000","68","0","臺東縣","大武鄉","120.890","22.305","59"
"75","49782","20220921080000","144","0","屏東縣","琉球鄉","120.355","22.330","58"
"16","49783","20220921080000","149","0","屏東縣","琉球鄉","120.375","22.330","20"
"636","52213","20220921080000","283","3","屏東縣","琉球鄉","120.380","22.355","466"
"35","57589","20220921080000","26","2","屏東縣","春日鄉","120.660","22.365","46"
"88","57606","20220921080000","54","3","屏東縣","春日鄉","120.665","22.365","90"
"146","57748","20220921080000","101","2","屏東縣","春日鄉","120.750","22.405","106"
"247","57758","20220921080000","189","2","屏東縣","春日鄉","120.625","22.365","234"
"30","57868","20220921080000","193","0","屏東縣","車城鄉","120.730","22.055","23"
"13","57911","20220921080000","11","1","屏東縣","車城鄉","120.775","22.070","13"
"114","57949","20220921080000","66","3","屏東縣","車城鄉","120.715","22.050","112"
"21","57951","20220921080000","114","0","屏東縣","車城鄉","120.710","22.055","15"
"344","57952","20220921080000","220","3","屏東縣","枋寮鄉","120.595","22.375","316"
"111","57962","20220921080000","369","0","屏東縣","枋寮鄉","120.595","22.385","120"
"433","57963","20220921080000","338","2","屏東縣","枋寮鄉","120.600","22.385","424"
"13","57992","20220921080000","17","0","屏東縣","滿州鄉","120.890","22.090","10"
"34","58022","20220921080000","17","3","屏東縣","滿州鄉","120.895","22.100","29"
"19","58112","20220921080000","19","1","屏東縣","滿州鄉","120.805","22.015","20"
"110","58150","20220921080000","115","0","屏東縣","滿州鄉","120.875","22.115","136"
"22","58179","20220921080000","30","0","屏東縣","滿州鄉","120.880","22.135","17"
"10","58180","20220921080000","20","0","屏東縣","滿州鄉","120.885","22.135","10"
"88","58209","20220921080000","85","1","屏東縣","滿州鄉","120.840","21.985","119"
"74","58243","20220921080000","49","3","屏東縣","滿州鄉","120.840","22.015","62"
"224","58245","20220921080000","191","1","屏東縣","滿州鄉","120.835","22.020","257"
"26","58246","20220921080000","16","3","屏東縣","滿州鄉","120.840","22.020","27"
"90","58248","20220921080000","72","2","屏東縣","滿州鄉","120.830","22.025","229"
"317","58265","20220921080000","260","2","屏東縣","滿州鄉","120.830","21.995","319"
"32","58303","20220921080000","19","3","屏東縣","滿州鄉","120.850","22.020","29"
"60","58452","20220921080000","41","2","屏東縣","滿州鄉","120.830","22.075","66"
"41","58493","20220921080000","21","3","屏東縣","滿州鄉","120.830","22.095","29"
"18","58500","20220921080000","23","0","屏東縣","滿州鄉","120.840","22.100","17"
"137","58514","20220921080000","103","2","屏東縣","枋山鄉","120.665","22.240","154"
"169","58522","20220921080000","210","0","屏東縣","枋山鄉","120.650","22.260","177"
"53","58529","20220921080000","230","0","屏東縣","枋山鄉","120.690","22.190","56"
"44","58531","20220921080000","127","0","屏東縣","枋山鄉","120.690","22.195","48"
"15","58544","20220921080000","11","2","屏東縣","佳冬鄉","120.525","22.410","15"
"427","58554","20220921080000","525","0","屏東縣","恆春鎮","120.740","22.030","508"
"21","58568","20220921080000","217","0","屏東縣","恆春鎮","120.735","22.040","27"
"72","58585","20220921080000","51","2","屏東縣","恆春鎮","120.720","22.045","90"
"18","58609","20220921080000","626","0","屏東縣","恆春鎮","120.750","21.955","18"
"39","58614","20220921080000","460","0","屏東縣","恆春鎮","120.755","21.960","50"
"26","58615","20220921080000","10","3","屏東縣","恆春鎮","120.760","21.960","23"
"689","58618","20220921080000","516","2","屏東縣","恆春鎮","120.755","21.965","707"
"404","58656","20220921080000","211","3","屏東縣","恆春鎮","120.730","22.010","420"
"297","58663","20220921080000","312","0","屏東縣","恆春鎮","120.745","22.005","297"
"205","58680","20220921080000","171","1","屏東縣","恆春鎮","120.730","21.995","217"
"15","58690","20220921080000","21","0","屏東縣","恆春鎮","120.740","21.920","21"
"267","58691","20220921080000","183","2","屏東縣","恆春鎮","120.725","21.925","267"
"25","58698","20220921080000","14","3","屏東縣","恆春鎮","120.715","21.935","20"
"30","58707","20220921080000","28","1","屏東縣","恆春鎮","120.715","21.945","108"
"224","58723","20220921080000","164","2","屏東縣","恆春鎮","120.720","21.960","207"
"1032","58725","20220921080000","1081","0","屏東縣","恆春鎮","120.740","22.010","1062"
"16","58785","20220921080000","88","0","屏東縣","恆春鎮","120.720","22.040","21"
"89","58793","20220921080000","49","3","屏東縣","恆春鎮","120.695","22.020","85"
"12","58796","20220921080000","12","1","屏東縣","恆春鎮","120.710","22.020","14"
"108","58818","20220921080000","101","1","屏東縣","恆春鎮","120.850","21.905","124"
"26","58819","20220921080000","17","3","屏東縣","恆春鎮","120.855","21.905","25"
"57","58824","20220921080000","45","2","屏東縣","恆春鎮","120.850","21.910","59"
"201","58829","20220921080000","161","2","屏東縣","恆春鎮","120.850","21.915","190"
"70","58837","20220921080000","44","3","屏東縣","恆春鎮","120.830","21.925","56"
"153","58849","20220921080000","92","3","屏東縣","恆春鎮","120.825","21.935","248"
"20","58893","20220921080000","213","0","屏東縣","車城鄉","120.715","22.070","23"
"159","58924","20220921080000","79","3","屏東縣","獅子鄉","120.730","22.195","168"
"21","58958","20220921080000","112","0","屏東縣","獅子鄉","120.750","22.205","23"
"132","58971","20220921080000","109","2","屏東縣","獅子鄉","120.725","22.210","127"
"44","58997","20220921080000","17","3","屏東縣","獅子鄉","120.785","22.215","34"
"61","59115","20220921080000","464","0","屏東縣","琉球鄉","120.380","22.350","67"
"37","59117","20220921080000","286","0","屏東縣","琉球鄉","120.365","22.325","25"
"428","59120","20220921080000","257","3","屏東縣","琉球鄉","120.370","22.335","393"
"91","59149","20220921080000","106","0","屏東縣","獅子鄉","120.660","22.275","79"
"12","59374","20220921080000","15","0","屏東縣","獅子鄉","120.655","22.310","12"
"57","59469","20220921080000","48","1","屏東縣","獅子鄉","120.650","22.315","58"
"10","59727","20220921080000","115","0","屏東縣","獅子鄉","120.710","22.195","10"
"120","59772","20220921080000","99","2","屏東縣","獅子鄉","120.685","22.225","114"
"206","60023","20220921080000","147","2","屏東縣","獅子鄉","120.700","22.165","282"
"14","60065","20220921080000","82","0","屏東縣","獅子鄉","120.800","22.230","10"
"20","60076","20220921080000","22","0","屏東縣","獅子鄉","120.805","22.235","31"
"1397","60172","20220921080000","1323","1","屏東縣","琉球鄉","120.370","22.340","1497"
"23","60174","20220921080000","67","0","屏東縣","琉球鄉","120.375","22.345","51"
"81","60189","20220921080000","64","2","屏東縣","車城鄉","120.700","22.040","86"
"86","60193","20220921080000","67","2","屏東縣","車城鄉","120.700","22.050","73"
"42","60196","20220921080000","30","2","屏東縣","琉球鄉","120.365","22.340","27"
"17","60197","20220921080000","42","0","屏東縣","琉球鄉","120.365","22.345","17"
"218","60198","20220921080000","198","1","屏東縣","琉球鄉","120.370","22.350","154"
"481","60206","20220921080000","237","3","屏東縣","車城鄉","120.715","22.065","507"
"27","60213","20220921080000","135","0","屏東縣","車城鄉","120.720","22.090","23"
"111","60234","20220921080000","44","3","屏東縣","車城鄉","120.715","22.115","120"
"1150","60246","20220921080000","607","3","屏東縣","琉球鄉","120.385","22.350","1074"
"101","60260","20220921080000","92","1","屏東縣","車城鄉","120.740","22.085","107"
"215","60283","20220921080000","200","1","屏東縣","車城鄉","120.750","22.095","219"
"17","60314","20220921080000","155","0","屏東縣","枋寮鄉","120.555","22.390","16"
"39","60322","20220921080000","381","0","屏東縣","車城鄉","120.715","22.075","46"
"289","60328","20220921080000","130","3","屏東縣","車城鄉","120.730","22.075","242"
"11","60338","20220921080000","10","1","屏東縣","枋寮鄉","120.595","22.390","11"
"325","60350","20220921080000","250","2","屏東縣","枋寮鄉","120.590","22.405","307"
"50","60369","20220921080000","245","0","屏東縣","枋寮鄉","120.620","22.405","50"
"198","60374","20220921080000","179","1","屏東縣","枋寮鄉","120.590","22.370","227"
"249","60377","20220921080000","244","1","屏東縣","枋寮鄉","120.580","22.375","270"
"825","60401","20220921080000","674","2","屏東縣","枋寮鄉","120.575","22.405","816"
"686","60404","20220921080000","435","3","屏東縣","佳冬鄉","120.565","22.410","655"
"1250","60421","20220921080000","1082","1","屏東縣","枋寮鄉","120.600","22.360","1282"
"368","60428","20220921080000","243","3","屏東縣","枋寮鄉","120.600","22.365","366"
"87","60441","20220921080000","91","0","屏東縣","枋山鄉","120.645","22.295","123"
"154","60442","20220921080000","109","2","屏東縣","獅子鄉","120.640","22.310","127"
"223","60446","20220921080000","179","2","屏東縣","枋山鄉","120.630","22.320","216"
"111","60449","20220921080000","74","3","屏東縣","枋山鄉","120.615","22.330","117"
"378","60455","20220921080000","184","3","屏東縣","枋山鄉","120.620","22.335","321"
"139","60456","20220921080000","119","1","屏東縣","枋山鄉","120.625","22.335","190"
"1405","60532","20220921080000","904","3","屏東縣","恆春鎮","120.740","22.000","1398"
"578","60533","20220921080000","398","2","屏東縣","恆春鎮","120.740","22.005","598"
"151","60535","20220921080000","222","0","屏東縣","恆春鎮","120.815","21.935","127"
"211","60537","20220921080000","89","3","屏東縣","恆春鎮","120.805","21.940","173"
"32","60539","20220921080000","225","0","屏東縣","恆春鎮","120.795","21.945","19"
"591","60540","20220921080000","479","2","屏東縣","恆春鎮","120.800","21.945","537"
"524","60541","20220921080000","402","2","屏東縣","恆春鎮","120.805","21.945","516"
"103","60543","20220921080000","105","0","屏東縣","恆春鎮","120.780","21.950","107"
"213","60544","20220921080000","99","3","屏東縣","恆春鎮","120.785","21.950","214"
"129","60568","20220921080000","136","0","屏東縣","恆春鎮","120.810","21.955","136"
"100","60589","20220921080000","74","2","屏東縣","恆春鎮","120.815","21.965","75"
"32","60623","20220921080000","292","0","屏東縣","恆春鎮","120.735","21.950","48"
"66","60646","20220921080000","50","2","屏東縣","恆春鎮","120.720","21.975","73"
"74","60651","20220921080000","61","2","屏東縣","恆春鎮","120.715","21.985","68"
"170","60656","20220921080000","132","2","屏東縣","恆春鎮","120.705","21.995","558"
"85","60671","20220921080000","914","0","屏東縣","恆春鎮","120.740","21.995","75"
"63","60672","20220921080000","288","0","屏東縣","恆春鎮","120.745","21.995","68"
"769","60680","20220921080000","635","2","屏東縣","恆春鎮","120.745","22.000","788"
"44","60694","20220921080000","75","0","屏東縣","恆春鎮","120.765","22.000","87"
"46","60732","20220921080000","59","0","屏東縣","牡丹鄉","120.815","22.075","46"
"97","60771","20220921080000","167","0","屏東縣","滿州鄉","120.890","22.140","97"
"88","60778","20220921080000","47","3","屏東縣","牡丹鄉","120.880","22.155","96"
"31","60784","20220921080000","19","3","屏東縣","牡丹鄉","120.880","22.160","36"
"175","60791","20220921080000","167","1","屏東縣","牡丹鄉","120.890","22.165","141"
"49","60821","20220921080000","53","0","屏東縣","牡丹鄉","120.880","22.185","48"
"26","60825","20220921080000","18","2","屏東縣","牡丹鄉","120.880","22.190","31"
"62","60827","20220921080000","53","1","屏東縣","牡丹鄉","120.885","22.190","57"
"26","60884","20220921080000","25","1","屏東縣","牡丹鄉","120.850","22.185","27"
"51","60907","20220921080000","81","0","屏東縣","牡丹鄉","120.855","22.200","52"
"24","60936","20220921080000","21","1","屏東縣","牡丹鄉","120.815","22.150","12"
"79","60994","20220921080000","56","2","屏東縣","牡丹鄉","120.835","22.175","83"
"78","61141","20220921080000","54","2","屏東縣","牡丹鄉","120.770","22.125","70"
"218","61160","20220921080000","209","1","屏東縣","牡丹鄉","120.780","22.130","201"
"18","61331","20220921080000","89","0","屏東縣","牡丹鄉","120.840","22.115","18"
"136","61332","20220921080000","162","0","屏東縣","牡丹鄉","120.845","22.115","143"
"19","61377","20220921080000","18","1","屏東縣","牡丹鄉","120.885","22.140","42"
"15","61398","20220921080000","14","1","屏東縣","牡丹鄉","120.875","22.150","14"
"137","61441","20220921080000","79","3","臺東縣","大武鄉","120.880","22.325","146"
"29","61469","20220921080000","194","0","臺東縣","大武鄉","120.905","22.360","38"
"465","61472","20220921080000","298","3","臺東縣","大武鄉","120.905","22.365","430"
"24","61501","20220921080000","236","0","臺東縣","大武鄉","120.910","22.380","64"
"187","61604","20220921080000","187","1","臺東縣","蘭嶼鄉","121.525","22.080","199"
"226","61605","20220921080000","170","2","臺東縣","蘭嶼鄉","121.530","22.080","176"
"40","61620","20220921080000","89","0","臺東縣","蘭嶼鄉","121.590","22.005","46"
"261","61703","20220921080000","265","0","臺東縣","蘭嶼鄉","121.510","22.055","189"
"252","61734","20220921080000","217","1","臺東縣","蘭嶼鄉","121.555","22.025","191"
"41","61738","20220921080000","32","2","臺東縣","蘭嶼鄉","121.535","22.030","31"
"172","61933","20220921080000","136","2","臺東縣","達仁鄉","120.885","22.295","202"
"33","62017","20220921080000","34","0","臺東縣","達仁鄉","120.855","22.320","41"
"59","62355","20220921080000","31","3","臺東縣","達仁鄉","120.855","22.390","65"
"30","62479","20220921080000","28","1","臺東縣","達仁鄉","120.855","22.275","42"
"84","62493","20220921080000","48","3","臺東縣","達仁鄉","120.875","22.290","79"
"44","63917","20220921080000","34","2","臺東縣","大武鄉","120.930","22.415","53"
"46","65292","20220921080000","214","0","屏東縣","東港鎮","120.480","22.430","45"
"19","72794","20220921080000","39","0","高雄市","小港區","120.360","22.510","19"
"20","72795","20220921080000","20","1","臺東縣","太麻里鄉","120.960","22.510","19"
"199","80997","20220921080000","155","2","屏東縣","新埤鄉","120.560","22.475","205"
"642","81045","20220921080000","474","2","屏東縣","新埤鄉","120.545","22.465","657"
"248","81049","20220921080000","130","3","屏東縣","新埤鄉","120.565","22.465","241"
"34","81063","20220921080000","21","3","屏東縣","新埤鄉","120.610","22.450","26"
"202","81079","20220921080000","160","2","屏東縣","新埤鄉","120.610","22.460","202"
"597","81134","20220921080000","505","1","屏東縣","新埤鄉","120.580","22.505","569"
"266","81174","20220921080000","212","2","屏東縣","新埤鄉","120.615","22.470","245"
"66","81486","20220921080000","51","2","屏東縣","春日鄉","120.630","22.425","73"
"242","81488","20220921080000","147","3","屏東縣","春日鄉","120.640","22.425","262"
"715","81506","20220921080000","423","3","屏東縣","新園鄉","120.435","22.500","734"
"159","81517","20220921080000","109","2","屏東縣","新園鄉","120.440","22.510","147"
"330","81529","20220921080000","359","0","屏東縣","萬巒鄉","120.610","22.590","319"
"853","81547","20220921080000","1323","0","屏東縣","林邊鄉","120.515","22.435","840"
"19","81550","20220921080000","12","3","屏東縣","林邊鄉","120.510","22.430","22"
"826","81552","20220921080000","393","3","屏東縣","林邊鄉","120.520","22.430","676"
"32","81557","20220921080000","16","3","屏東縣","林邊鄉","120.490","22.430","31"
"53","81560","20220921080000","27","3","屏東縣","東港鎮","120.495","22.460","59"
"251","81569","20220921080000","239","1","屏東縣","東港鎮","120.455","22.460","259"
"35","81573","20220921080000","22","3","屏東縣","東港鎮","120.465","22.440","29"
"90","81584","20220921080000","65","2","屏東縣","東港鎮","120.455","22.450","115"
"39","81816","20220921080000","37","1","屏東縣","來義鄉","120.680","22.525","47"
"42","81919","20220921080000","46","0","屏東縣","來義鄉","120.640","22.435","56"
"93","82042","20220921080000","55","3","屏東縣","來義鄉","120.635","22.525","95"
"22","82186","20220921080000","18","2","屏東縣","來義鄉","120.665","22.560","15"
"27","82194","20220921080000","343","0","屏東縣","佳冬鄉","120.550","22.415","27"
"1374","82204","20220921080000","891","3","屏東縣","佳冬鄉","120.545","22.415","1354"
"628","82217","20220921080000","517","2","屏東縣","竹田鄉","120.515","22.575","639"
"325","82239","20220921080000","126","3","屏東縣","東港鎮","120.495","22.455","368"
"48","82241","20220921080000","532","0","屏東縣","東港鎮","120.490","22.455","43"
"798","82243","20220921080000","848","0","屏東縣","東港鎮","120.445","22.465","841"
"162","82245","20220921080000","574","0","屏東縣","東港鎮","120.445","22.460","166"
"1003","82256","20220921080000","742","2","屏東縣","東港鎮","120.455","22.470","1007"
"64","82257","20220921080000","115","0","屏東縣","東港鎮","120.460","22.470","65"
"1783","82262","20220921080000","747","3","屏東縣","東港鎮","120.460","22.475","1807"
"191","82266","20220921080000","470","0","屏東縣","東港鎮","120.465","22.480","191"
"108","82270","20220921080000","392","0","屏東縣","東港鎮","120.475","22.485","112"
"72","82283","20220921080000","62","1","屏東縣","泰武鄉","120.625","22.590","76"
"132","82284","20220921080000","105","2","屏東縣","泰武鄉","120.635","22.590","129"
"284","82290","20220921080000","252","1","屏東縣","林邊鄉","120.520","22.435","270"
"335","82303","20220921080000","287","1","屏東縣","新園鄉","120.460","22.540","360"
"849","82306","20220921080000","802","1","屏東縣","新園鄉","120.460","22.545","861"
"84","82311","20220921080000","537","0","屏東縣","東港鎮","120.450","22.470","75"
"15","82316","20220921080000","10","3","屏東縣","竹田鄉","120.540","22.570","13"
"500","82324","20220921080000","562","0","屏東縣","竹田鄉","120.540","22.585","482"
"76","82325","20220921080000","91","0","屏東縣","竹田鄉","120.545","22.585","87"
"708","82333","20220921080000","506","2","屏東縣","新園鄉","120.455","22.525","685"
"301","82340","20220921080000","241","2","屏東縣","新園鄉","120.465","22.530","278"
"262","82347","20220921080000","209","2","屏東縣","新園鄉","120.440","22.475","263"
"72","82367","20220921080000","51","2","屏東縣","萬丹鄉","120.465","22.595","83"
"387","82441","20220921080000","242","3","屏東縣","泰武鄉","120.650","22.570","381"
"16","82445","20220921080000","128","0","屏東縣","泰武鄉","120.635","22.580","20"
"44","82467","20220921080000","57","0","屏東縣","泰武鄉","120.660","22.570","57"
"62","82513","20220921080000","40","3","屏東縣","泰武鄉","120.665","22.585","62"
"23","82568","20220921080000","24","0","屏東縣","萬丹鄉","120.490","22.575","26"
"444","82569","20220921080000","252","3","屏東縣","新園鄉","120.450","22.475","423"
"441","82576","20220921080000","346","2","屏東縣","新園鄉","120.445","22.515","440"
"123","82591","20220921080000","111","1","屏東縣","新園鄉","120.450","22.525","107"
"32","82614","20220921080000","287","0","屏東縣","佳冬鄉","120.515","22.415","36"
"19","82630","20220921080000","303","0","屏東縣","佳冬鄉","120.560","22.430","19"
"202","82634","20220921080000","444","0","屏東縣","佳冬鄉","120.560","22.435","203"
"107","82638","20220921080000","80","2","屏東縣","佳冬鄉","120.535","22.425","104"
"275","82649","20220921080000","579","0","屏東縣","佳冬鄉","120.555","22.420","255"
"213","82700","20220921080000","165","2","屏東縣","來義鄉","120.635","22.515","203"
"74","82715","20220921080000","35","3","屏東縣","來義鄉","120.660","22.525","61"
"84","82722","20220921080000","68","2","屏東縣","南州鄉","120.490","22.485","81"
"476","82723","20220921080000","201","3","屏東縣","南州鄉","120.495","22.485","479"
"50","82736","20220921080000","179","0","屏東縣","南州鄉","120.530","22.465","67"
"14","82738","20220921080000","11","2","屏東縣","南州鄉","120.525","22.470","10"
"54","82740","20220921080000","205","0","屏東縣","南州鄉","120.535","22.470","58"
"681","82742","20220921080000","565","2","屏東縣","南州鄉","120.520","22.475","708"
"236","82751","20220921080000","171","2","屏東縣","南州鄉","120.540","22.485","226"
"54","82754","20220921080000","45","2","屏東縣","南州鄉","120.535","22.490","47"
"40","82763","20220921080000","25","3","屏東縣","崁頂鄉","120.520","22.495","58"
"135","82767","20220921080000","67","3","屏東縣","內埔鄉","120.560","22.585","130"
"16","82779","20220921080000","148","0","屏東縣","萬丹鄉","120.495","22.550","15"
"541","82796","20220921080000","454","1","屏東縣","新園鄉","120.460","22.505","535"
"96","82807","20220921080000","278","0","屏東縣","崁頂鄉","120.505","22.540","79"
"40","82821","20220921080000","296","0","屏東縣","崁頂鄉","120.490","22.510","41"
"27","82835","20220921080000","151","0","屏東縣","崁頂鄉","120.520","22.530","26"
"747","82839","20220921080000","660","1","屏東縣","南州鄉","120.510","22.495","706"
"68","82881","20220921080000","238","0","屏東縣","佳冬鄉","120.560","22.445","62"
"171","82883","20220921080000","70","3","屏東縣","佳冬鄉","120.560","22.450","179"
"299","82893","20220921080000","260","1","屏東縣","萬丹鄉","120.495","22.545","267"
"60","82901","20220921080000","45","2","屏東縣","崁頂鄉","120.510","22.510","72"
"402","82906","20220921080000","539","0","屏東縣","崁頂鄉","120.515","22.515","401"
"90","82941","20220921080000","39","3","屏東縣","崁頂鄉","120.490","22.500","80"
"21","82951","20220921080000","28","0","屏東縣","內埔鄉","120.570","22.590","20"
"683","82954","20220921080000","423","3","屏東縣","新園鄉","120.460","22.495","711"
"125","82963","20220921080000","108","1","屏東縣","新園鄉","120.475","22.550","131"
"380","82970","20220921080000","375","1","屏東縣","新園鄉","120.455","22.545","390"
"113","82987","20220921080000","413","0","屏東縣","新園鄉","120.460","22.490","99"
"98","82992","20220921080000","468","0","屏東縣","新園鄉","120.445","22.500","81"
"19","82996","20220921080000","13","2","屏東縣","新園鄉","120.445","22.475","17"
"293","82997","20220921080000","180","3","屏東縣","新園鄉","120.440","22.480","288"
"123","82998","20220921080000","142","0","屏東縣","新園鄉","120.445","22.480","140"
"24","83002","20220921080000","42","0","屏東縣","新園鄉","120.440","22.485","18"
"146","83015","20220921080000","129","1","屏東縣","新埤鄉","120.550","22.505","138"
"665","83024","20220921080000","513","2","屏東縣","潮州鎮","120.530","22.545","639"
"1542","83025","20220921080000","1035","2","屏東縣","潮州鎮","120.535","22.545","1532"
"56","83041","20220921080000","39","2","屏東縣","潮州鎮","120.590","22.540","44"
"224","83047","20220921080000","175","2","屏東縣","潮州鎮","120.555","22.550","182"
"360","83049","20220921080000","268","2","屏東縣","潮州鎮","120.565","22.550","368"
"519","83055","20220921080000","451","1","屏東縣","萬丹鄉","120.470","22.560","498"
"40","83064","20220921080000","207","0","屏東縣","萬巒鄉","120.600","22.590","47"
"231","83080","20220921080000","538","0","屏東縣","東港鎮","120.450","22.465","214"
"426","83093","20220921080000","267","3","屏東縣","萬巒鄉","120.595","22.565","429"
"48","83095","20220921080000","250","0","屏東縣","萬巒鄉","120.605","22.565","54"
"174","83096","20220921080000","88","3","屏東縣","萬巒鄉","120.600","22.570","170"
"33","83099","20220921080000","25","2","屏東縣","萬巒鄉","120.595","22.570","22"
"294","83142","20220921080000","193","3","屏東縣","新埤鄉","120.625","22.525","289"
"54","83161","20220921080000","371","0","屏東縣","萬巒鄉","120.620","22.545","61"
"454","83162","20220921080000","462","0","屏東縣","泰武鄉","120.625","22.545","430"
"644","83201","20220921080000","504","2","屏東縣","萬巒鄉","120.570","22.570","674"
"333","83206","20220921080000","325","1","屏東縣","萬巒鄉","120.565","22.575","324"
"175","83210","20220921080000","166","1","屏東縣","內埔鄉","120.565","22.580","188"
"12","83216","20220921080000","16","0","屏東縣","萬丹鄉","120.485","22.555","14"
"16","83222","20220921080000","86","0","屏東縣","東港鎮","120.470","22.485","16"
"80","83231","20220921080000","45","3","屏東縣","東港鎮","120.460","22.460","83"
"934","83232","20220921080000","631","2","屏東縣","東港鎮","120.465","22.460","955"
"1051","83234","20220921080000","887","1","屏東縣","東港鎮","120.455","22.465","1069"
"119","83235","20220921080000","70","3","屏東縣","東港鎮","120.460","22.465","143"
"194","83236","20220921080000","874","0","屏東縣","東港鎮","120.465","22.465","176"
"13","83237","20220921080000","10","2","屏東縣","東港鎮","120.470","22.465","18"
"740","83241","20220921080000","781","0","屏東縣","東港鎮","120.440","22.460","777"
"94","83257","20220921080000","1037","0","屏東縣","竹田鄉","120.525","22.575","103"
"327","83258","20220921080000","251","2","屏東縣","潮州鎮","120.530","22.525","349"
"274","83261","20220921080000","258","1","屏東縣","潮州鎮","120.540","22.525","299"
"314","83267","20220921080000","195","3","屏東縣","潮州鎮","120.535","22.535","301"
"276","83269","20220921080000","207","2","屏東縣","潮州鎮","120.535","22.540","281"
"181","83271","20220921080000","223","0","屏東縣","枋寮鄉","120.580","22.410","161"
"252","83278","20220921080000","166","3","屏東縣","枋寮鄉","120.580","22.415","253"
"41","83323","20220921080000","66","0","屏東縣","枋寮鄉","120.620","22.425","40"
"89","83342","20220921080000","88","1","屏東縣","枋寮鄉","120.595","22.435","139"
"30","83378","20220921080000","189","0","屏東縣","萬丹鄉","120.460","22.575","29"
"79","83380","20220921080000","45","3","屏東縣","萬丹鄉","120.470","22.575","82"
"13","83382","20220921080000","16","0","屏東縣","竹田鄉","120.530","22.595","17"
"276","83383","20220921080000","232","1","屏東縣","竹田鄉","120.535","22.595","247"
"107","83414","20220921080000","56","3","屏東縣","林邊鄉","120.525","22.455","120"
"178","83430","20220921080000","150","1","屏東縣","萬丹鄉","120.485","22.580","190"
"512","83431","20220921080000","375","2","屏東縣","萬丹鄉","120.490","22.580","475"
"58","83433","20220921080000","50","1","屏東縣","萬丹鄉","120.480","22.565","57"
"654","83435","20220921080000","748","0","屏東縣","竹田鄉","120.490","22.565","590"
"273","83437","20220921080000","164","3","屏東縣","萬丹鄉","120.480","22.570","221"
"26","83438","20220921080000","23","1","屏東縣","萬丹鄉","120.490","22.550","22"
"40","83439","20220921080000","34","1","屏東縣","萬丹鄉","120.490","22.555","28"
"756","83442","20220921080000","775","0","屏東縣","潮州鎮","120.545","22.545","737"
"392","83443","20220921080000","255","3","屏東縣","潮州鎮","120.550","22.545","390"
"853","83448","20220921080000","676","2","屏東縣","潮州鎮","120.550","22.555","886"
"528","83455","20220921080000","497","1","屏東縣","潮州鎮","120.560","22.515","523"
"102","83457","20220921080000","158","0","屏東縣","潮州鎮","120.570","22.515","113"
"708","83473","20220921080000","703","1","屏東縣","潮州鎮","120.530","22.560","706"
"346","83483","20220921080000","340","1","屏東縣","萬丹鄉","120.465","22.565","400"
"740","83504","20220921080000","1049","0","屏東縣","潮州鎮","120.540","22.555","710"
"28","83508","20220921080000","208","0","屏東縣","潮州鎮","120.550","22.560","39"
"15","83518","20220921080000","21","0","屏東縣","潮州鎮","120.545","22.550","24"
"406","83525","20220921080000","418","0","屏東縣","潮州鎮","120.530","22.540","446"
"199","83540","20220921080000","122","3","屏東縣","潮州鎮","120.580","22.555","205"
"1433","83567","20220921080000","861","3","屏東縣","萬丹鄉","120.490","22.590","1406"
"17","83574","20220921080000","16","1","屏東縣","潮州鎮","120.550","22.535","19"
"305","83576","20220921080000","257","1","屏東縣","潮州鎮","120.550","22.540","323"
"683","83577","20220921080000","525","2","屏東縣","潮州鎮","120.535","22.550","734"
"73","83578","20220921080000","858","0","屏東縣","潮州鎮","120.535","22.555","57"
"172","83582","20220921080000","81","3","屏東縣","萬丹鄉","120.500","22.595","170"
"542","83585","20220921080000","432","2","屏東縣","萬丹鄉","120.485","22.585","533"
"203","83586","20220921080000","491","0","屏東縣","萬丹鄉","120.490","22.585","185"
"45","83599","20220921080000","313","0","屏東縣","南州鄉","120.505","22.490","40"
"906","83623","20220921080000","523","3","屏東縣","南州鄉","120.510","22.490","895"
"230","83624","20220921080000","180","2","屏東縣","潮州鎮","120.530","22.510","185"
"216","83625","20220921080000","169","2","屏東縣","潮州鎮","120.535","22.510","241"
"354","83646","20220921080000","240","2","屏東縣","潮州鎮","120.530","22.550","311"
"942","83648","20220921080000","760","2","高雄市","鳳山區","120.325","22.595","920"
"435","83650","20220921080000","426","1","高雄市","前鎮區","120.320","22.595","401"
"1149","83651","20220921080000","1340","0","高雄市","小港區","120.360","22.565","1216"
"217","83652","20220921080000","146","2","高雄市","小港區(海)","120.335","22.550","183"
"37","83653","20220921080000","264","0","高雄市","小港區","120.335","22.555","27"
"364","83655","20220921080000","308","1","高雄市","小港區","120.340","22.560","345"
"36","83657","20220921080000","103","0","高雄市","小港區","120.370","22.530","41"
"384","83658","20220921080000","591","0","高雄市","小港區","120.365","22.535","382"
"35","83660","20220921080000","496","0","高雄市","小港區","120.370","22.540","29"
"172","83661","20220921080000","93","3","高雄市","小港區","120.375","22.540","165"
"721","83662","20220921080000","411","3","高雄市","小港區","120.370","22.545","739"
"241","83666","20220921080000","167","2","高雄市","小港區","120.375","22.545","216"
"15","83669","20220921080000","210","0","高雄市","小港區","120.375","22.550","12"
"259","83670","20220921080000","79","3","高雄市","小港區","120.370","22.555","280"
"51","83671","20220921080000","725","0","高雄市","小港區","120.365","22.560","38"
"585","83673","20220921080000","664","0","高雄市","小港區","120.375","22.560","518"
"410","83674","20220921080000","907","0","高雄市","小港區","120.365","22.565","354"
"261","83675","20220921080000","441","0","高雄市","小港區","120.370","22.565","240"
"206","83677","20220921080000","1396","0","高雄市","小港區","120.355","22.570","302"
"713","83684","20220921080000","773","0","高雄市","大寮區","120.380","22.590","722"
"34","83692","20220921080000","510","0","高雄市","大寮區","120.385","22.590","38"
"663","83694","20220921080000","410","3","高雄市","大寮區","120.395","22.590","675"
"50","83701","20220921080000","307","0","高雄市","大寮區","120.420","22.585","49"
"38","83702","20220921080000","542","0","高雄市","大寮區","120.410","22.590","34"
"134","83703","20220921080000","99","2","高雄市","大寮區","120.415","22.590","146"
"1359","83704","20220921080000","1207","1","高雄市","大寮區","120.420","22.590","1321"
"466","83705","20220921080000","431","1","高雄市","大寮區","120.410","22.595","451"
"465","83706","20220921080000","299","3","高雄市","大寮區","120.415","22.595","413"
"15","83712","20220921080000","55","0","高雄市","前鎮區","120.310","22.580","23"
"72","83713","20220921080000","841","0","高雄市","小港區","120.345","22.565","54"
"30","83752","20220921080000","19","3","臺東縣","大武鄉","120.930","22.425","26"
"14","83764","20220921080000","17","0","臺東縣","大武鄉","120.935","22.435","13"
"58","83802","20220921080000","48","2","臺東縣","大武鄉","120.925","22.415","60"
"20","83805","20220921080000","759","0","高雄市","小港區","120.345","22.525","23"
"273","83815","20220921080000","218","2","高雄市","林園區","120.405","22.495","301"
"10","83817","20220921080000","155","0","高雄市","林園區","120.415","22.495","10"
"237","83819","20220921080000","248","0","高雄市","林園區","120.400","22.500","235"
"33","83820","20220921080000","484","0","高雄市","林園區","120.410","22.495","39"
"235","83822","20220921080000","230","1","高雄市","林園區","120.390","22.505","253"
"170","83828","20220921080000","125","2","高雄市","林園區","120.415","22.485","166"
"380","83831","20220921080000","493","0","高雄市","前鎮區","120.315","22.580","384"
"1362","83836","20220921080000","1084","2","高雄市","大寮區","120.405","22.545","1355"
"53","83838","20220921080000","531","0","高雄市","前鎮區","120.300","22.590","56"
"28","83839","20220921080000","214","0","高雄市","前鎮區","120.300","22.585","33"
"286","83840","20220921080000","171","3","高雄市","前鎮區","120.295","22.590","297"
"86","83842","20220921080000","375","0","高雄市","前鎮區","120.305","22.590","77"
"172","83843","20220921080000","105","3","高雄市","前鎮區","120.290","22.595","219"
"475","83844","20220921080000","337","2","高雄市","前鎮區","120.295","22.595","497"
"238","83845","20220921080000","232","1","高雄市","前鎮區","120.310","22.585","220"
"166","83862","20220921080000","146","1","臺東縣","達仁鄉","120.905","22.475","173"
"138","84086","20220921080000","124","1","臺東縣","達仁鄉","120.885","22.455","172"
"256","84511","20220921080000","233","1","臺東縣","金峰鄉","120.960","22.595","260"
"241","85294","20220921080000","216","1","臺東縣","太麻里鄉","120.960","22.530","279"
"563","85296","20220921080000","456","2","高雄市","林園區","120.410","22.480","549"
"38","85297","20220921080000","23","3","高雄市","林園區","120.395","22.490","40"
"485","85301","20220921080000","410","1","高雄市","林園區","120.360","22.505","514"
"397","85302","20220921080000","300","2","高雄市","林園區","120.365","22.505","380"
"317","85305","20220921080000","997","0","高雄市","小港區","120.335","22.560","305"
"352","85307","20220921080000","296","1","高雄市","鳳山區","120.345","22.585","342"
"453","85308","20220921080000","338","2","高雄市","鳳山區","120.355","22.590","461"
"517","85309","20220921080000","451","1","高雄市","鳳山區","120.360","22.590","553"
"58","85310","20220921080000","379","0","高雄市","鳳山區","120.365","22.590","67"
"1470","85311","20220921080000","1193","2","高雄市","鳳山區","120.355","22.595","1498"
"760","85315","20220921080000","536","2","高雄市","鳳山區","120.360","22.595","718"
"315","85322","20220921080000","567","0","高雄市","小港區","120.350","22.560","348"
"432","85323","20220921080000","896","0","高雄市","小港區","120.355","22.560","460"
"1345","85325","20220921080000","1254","1","高雄市","鳳山區","120.360","22.585","1298"
"91","85327","20220921080000","401","0","高雄市","小港區","120.370","22.570","73"
"95","85328","20220921080000","144","0","高雄市","小港區","120.355","22.565","92"
"307","85329","20220921080000","204","3","高雄市","小港區","120.375","22.570","294"
"27","85331","20220921080000","318","0","高雄市","小港區","120.370","22.575","28"
"657","85332","20220921080000","602","1","高雄市","小港區","120.375","22.575","660"
"315","85337","20220921080000","452","0","高雄市","小港區","120.355","22.540","327"
"413","85340","20220921080000","383","1","高雄市","小港區","120.350","22.540","370"
"1005","85343","20220921080000","702","2","高雄市","小港區","120.360","22.540","951"
"260","85345","20220921080000","178","2","高雄市","小港區","120.340","22.545","206"
"810","85347","20220921080000","602","2","高雄市","小港區","120.350","22.545","802"
"227","85353","20220921080000","223","1","高雄市","小港區","120.350","22.550","243"
"263","85354","20220921080000","228","1","高雄市","小港區","120.355","22.550","243"
"905","85355","20220921080000","839","1","高雄市","小港區","120.360","22.550","965"
"87","85356","20220921080000","135","0","高雄市","小港區","120.345","22.555","78"
"824","85359","20220921080000","810","1","高雄市","小港區","120.355","22.555","781"
"675","85360","20220921080000","552","2","高雄市","小港區","120.345","22.560","715"
"104","85367","20220921080000","121","0","高雄市","小港區","120.345","22.530","115"
"217","85368","20220921080000","166","2","高雄市","小港區","120.350","22.530","202"
"655","85370","20220921080000","600","1","高雄市","小港區","120.355","22.530","692"
"709","85371","20220921080000","617","1","高雄市","小港區","120.360","22.530","673"
"399","85372","20220921080000","581","0","高雄市","小港區","120.335","22.535","364"
"299","85374","20220921080000","242","2","高雄市","小港區","120.345","22.535","269"
"210","85377","20220921080000","146","2","高雄市","小港區(海)","120.330","22.540","160"
"178","85382","20220921080000","356","0","高雄市","小港區","120.320","22.545","199"
"1030","85384","20220921080000","1242","0","高雄市","前鎮區","120.325","22.570","1010"
"800","85385","20220921080000","888","0","高雄市","前鎮區","120.325","22.575","810"
"491","85386","20220921080000","1215","0","高雄市","前鎮區","120.315","22.590","516"
"367","85387","20220921080000","384","0","高雄市","前鎮區","120.305","22.595","393"
"793","85389","20220921080000","978","0","高雄市","前鎮區","120.310","22.595","860"
"670","85391","20220921080000","720","0","高雄市","前鎮區","120.315","22.575","695"
"519","85392","20220921080000","423","2","高雄市","前鎮區","120.320","22.575","558"
"836","85393","20220921080000","1443","0","高雄市","前鎮區","120.325","22.580","843"
"1260","85396","20220921080000","631","3","高雄市","前鎮區","120.330","22.585","1276"
"452","85398","20220921080000","627","0","高雄市","鳳山區","120.340","22.585","402"
"201","85400","20220921080000","171","1","臺東縣","太麻里鄉","120.940","22.460","203"
"46","85417","20220921080000","40","1","臺東縣","太麻里鄉","120.950","22.480","45"
"47","85451","20220921080000","52","0","臺東縣","太麻里鄉","120.955","22.510","45"
"138","85475","20220921080000","96","2","臺東縣","太麻里鄉","120.935","22.520","148"
"864","85487","20220921080000","762","1","高雄市","鳳山區","120.325","22.585","857"
"954","85489","20220921080000","520","3","高雄市","鳳山區","120.350","22.590","824"
"785","85490","20220921080000","882","0","高雄市","鳳山區","120.345","22.595","751"
"467","85491","20220921080000","661","0","高雄市","鳳山區","120.330","22.590","440"
"2326","85492","20220921080000","1807","2","高雄市","鳳山區","120.325","22.590","2253"
"1169","85493","20220921080000","927","2","高雄市","前鎮區","120.320","22.585","1182"
"1046","85496","20220921080000","1052","0","高雄市","前鎮區","120.330","22.580","989"
"785","85517","20220921080000","729","1","高雄市","大寮區","120.410","22.560","673"
"393","85519","20220921080000","292","2","高雄市","大寮區","120.420","22.560","404"
"805","85533","20220921080000","623","2","高雄市","大寮區","120.405","22.580","770"
"965","85535","20220921080000","848","1","高雄市","鳳山區","120.335","22.595","933"
"111","85536","20220921080000","347","0","高雄市","小港區","120.360","22.570","120"
"622","85537","20220921080000","520","1","高雄市","林園區","120.385","22.490","623"
"428","85543","20220921080000","381","1","高雄市","鳳山區","120.330","22.595","415"
"214","85544","20220921080000","199","1","高雄市","小港區","120.355","22.515","220"
"241","85546","20220921080000","210","1","高雄市","小港區","120.360","22.525","251"
"394","85559","20220921080000","352","1","臺東縣","太麻里鄉","120.965","22.530","369"
"20","85590","20220921080000","25","0","臺東縣","太麻里鄉","120.965","22.545","26"
"62","85591","20220921080000","37","3","臺東縣","太麻里鄉","120.970","22.545","49"
"12","85646","20220921080000","14","0","臺東縣","太麻里鄉","120.980","22.565","12"
"308","85656","20220921080000","137","3","臺東縣","太麻里鄉","120.990","22.575","300"
"32","85660","20220921080000","86","0","臺東縣","太麻里鄉","120.990","22.580","35"
"675","85678","20220921080000","571","1","高雄市","鳳山區","120.350","22.595","658"
"270","85680","20220921080000","377","0","高雄市","鳳山區","120.340","22.595","299"
"491","85681","20220921080000","408","2","高雄市","林園區","120.375","22.500","476"
"968","85683","20220921080000","841","1","高雄市","林園區","120.385","22.500","999"
"98","85684","20220921080000","420","0","高雄市","林園區","120.395","22.485","113"
"168","85685","20220921080000","176","0","高雄市","林園區","120.375","22.505","176"
"244","85689","20220921080000","1032","0","高雄市","前鎮區","120.310","22.590","262"
"911","85700","20220921080000","847","1","高雄市","小港區","120.340","22.565","914"
"14","85702","20220921080000","16","0","高雄市","小港區","120.375","22.530","15"
"298","85708","20220921080000","283","1","高雄市","小港區","120.380","22.545","294"
"76","85713","20220921080000","96","0","高雄市","小港區","120.390","22.545","85"
"304","85719","20220921080000","387","0","高雄市","小港區","120.385","22.555","333"
"488","85721","20220921080000","492","0","高雄市","小港區","120.390","22.560","457"
"128","85723","20220921080000","140","0","高雄市","小港區","120.380","22.555","128"
"290","85724","20220921080000","186","3","高雄市","小港區","120.380","22.560","298"
"206","85725","20220921080000","84","3","高雄市","小港區","120.385","22.560","198"
"157","85726","20220921080000","157","1","高雄市","小港區","120.380","22.565","123"
"422","85728","20220921080000","303","2","高雄市","大寮區","120.400","22.590","403"
"396","85729","20220921080000","450","0","高雄市","大寮區","120.390","22.595","464"
"111","85731","20220921080000","83","2","高雄市","大寮區","120.415","22.535","99"
"117","85751","20220921080000","86","2","高雄市","大寮區","120.425","22.555","113"
"226","85754","20220921080000","184","2","高雄市","大寮區","120.425","22.560","266"
"1700","85755","20220921080000","1147","2","高雄市","前鎮區","120.315","22.585","1679"
"340","85756","20220921080000","227","2","高雄市","前鎮區","120.305","22.585","319"
"369","85758","20220921080000","757","0","高雄市","小港區","120.345","22.570","367"
"126","85759","20220921080000","1104","0","高雄市","小港區","120.350","22.570","128"
"117","85764","20220921080000","307","0","高雄市","小港區","120.350","22.575","131"
"224","85768","20220921080000","241","0","高雄市","小港區","120.350","22.580","227"
"483","85770","20220921080000","831","0","高雄市","鳳山區","120.350","22.585","493"
"1647","85771","20220921080000","1725","0","高雄市","鳳山區","120.355","22.585","1662"
"1472","85772","20220921080000","1575","0","高雄市","小港區","120.350","22.565","1351"
"19","85776","20220921080000","53","0","高雄市","小港區","120.325","22.565","23"
"781","85777","20220921080000","659","1","高雄市","小港區","120.330","22.565","808"
"655","85778","20220921080000","563","1","高雄市","前鎮區","120.330","22.570","679"
"966","85779","20220921080000","1111","0","高雄市","小港區","120.335","22.570","1006"
"324","85780","20220921080000","221","2","高雄市","小港區","120.335","22.565","318"
"11","85783","20220921080000","357","0","高雄市","小港區","120.360","22.515","10"
"452","85790","20220921080000","424","1","高雄市","鳳山區","120.340","22.590","469"
"316","85791","20220921080000","259","2","高雄市","鳳山區","120.345","22.590","329"
"1175","85793","20220921080000","1019","1","高雄市","鳳山區","120.335","22.590","1154"
"480","85794","20220921080000","317","3","高雄市","前鎮區","120.335","22.585","469"
"74","85806","20220921080000","150","0","高雄市","小港區(海)","120.330","22.550","64"
"274","85816","20220921080000","175","3","高雄市","小港區(海)","120.315","22.550","212"
"169","85817","20220921080000","158","1","高雄市","旗津區","120.310","22.555","142"
"41","85821","20220921080000","61","0","高雄市","旗津區(海)","120.300","22.575","38"
"15","85823","20220921080000","46","0","高雄市","前鎮區(海)","120.295","22.585","14"
"193","85826","20220921080000","354","0","高雄市","旗津區(海)","120.295","22.580","184"
"285","85827","20220921080000","189","3","高雄市","旗津區","120.290","22.585","307"
"42","85829","20220921080000","108","0","高雄市","大寮區","120.430","22.560","29"
"13","85834","20220921080000","61","0","高雄市","大寮區","120.430","22.565","12"
"191","85835","20220921080000","115","3","高雄市","大寮區","120.435","22.565","178"
"220","85837","20220921080000","180","2","高雄市","大寮區","120.420","22.570","221"
"632","85839","20220921080000","554","1","高雄市","大寮區","120.430","22.570","589"
"120","85845","20220921080000","93","2","高雄市","大寮區","120.435","22.580","126"
"152","85858","20220921080000","154","0","高雄市","大寮區","120.410","22.575","146"
"372","85859","20220921080000","290","2","高雄市","大寮區","120.415","22.575","353"
"223","85864","20220921080000","231","0","高雄市","大寮區","120.420","22.580","247"
"706","85865","20220921080000","553","2","高雄市","大寮區","120.425","22.580","687"
"49","85866","20220921080000","795","0","高雄市","大寮區","120.430","22.580","37"
"152","85867","20220921080000","128","1","高雄市","大寮區","120.425","22.585","157"
"206","85869","20220921080000","172","1","高雄市","大寮區","120.435","22.585","202"
"14","85872","20220921080000","347","0","高雄市","大寮區","120.425","22.590","19"
"697","85873","20220921080000","700","0","高雄市","大寮區","120.430","22.590","711"
"23","85880","20220921080000","306","0","高雄市","大寮區","120.400","22.595","19"
"567","85881","20220921080000","453","2","高雄市","大寮區","120.405","22.595","575"
"268","85887","20220921080000","373","0","高雄市","前鎮區","120.320","22.570","277"
"107","85888","20220921080000","111","0","高雄市","前鎮區(海)","120.305","22.575","103"
"200","85894","20220921080000","427","0","高雄市","小港區","120.365","22.585","146"
"886","85896","20220921080000","793","1","高雄市","前鎮區","120.320","22.590","924"
"311","85897","20220921080000","324","0","高雄市","林園區","120.395","22.505","293"
"1646","85898","20220921080000","1150","2","高雄市","林園區","120.395","22.510","1663"
"224","85910","20220921080000","212","1","高雄市","林園區","120.405","22.500","226"
"364","85911","20220921080000","359","1","高雄市","林園區","120.410","22.500","393"
"404","85915","20220921080000","406","0","高雄市","林園區","120.405","22.505","411"
"245","85916","20220921080000","213","1","高雄市","林園區","120.410","22.505","239"
"227","85920","20220921080000","215","1","高雄市","林園區","120.405","22.510","220"
"483","85929","20220921080000","347","2","高雄市","林園區","120.405","22.520","480"
"241","85936","20220921080000","203","1","高雄市","林園區","120.390","22.525","242"
"84","85937","20220921080000","178","0","高雄市","林園區","120.395","22.525","85"
"22","85945","20220921080000","294","0","高雄市","前鎮區","120.300","22.595","29"
"869","85946","20220921080000","615","2","高雄市","前鎮區","120.325","22.600","907"
"95","85948","20220921080000","386","0","高雄市","林園區","120.390","22.510","114"
"212","85950","20220921080000","144","2","高雄市","林園區","120.400","22.480","211"
"234","85953","20220921080000","115","3","高雄市","旗津區","120.310","22.560","233"
"112","85954","20220921080000","81","2","高雄市","旗津區","120.305","22.565","83"
"304","85955","20220921080000","343","0","高雄市","旗津區","120.300","22.570","345"
"48","85960","20220921080000","247","0","高雄市","林園區","120.395","22.530","48"
"187","85961","20220921080000","216","0","高雄市","林園區","120.400","22.530","205"
"19","85963","20220921080000","18","1","高雄市","林園區","120.385","22.505","18"
"48","85971","20220921080000","250","0","高雄市","旗津區","120.280","22.595","47"
"305","85972","20220921080000","232","2","高雄市","旗津區","120.285","22.585","284"
"186","85975","20220921080000","169","1","高雄市","旗津區","120.285","22.590","203"
"487","85978","20220921080000","409","1","高雄市","林園區","120.390","22.500","462"
"54","85982","20220921080000","668","0","高雄市","林園區","120.380","22.500","46"
"89","85983","20220921080000","772","0","高雄市","林園區","120.395","22.500","73"
"37","85988","20220921080000","114","0","高雄市","林園區","120.395","22.535","145"
"348","85989","20220921080000","216","3","高雄市","林園區","120.400","22.535","340"
"101","88407","20220921080000","159","0","高雄市","鼓山區","120.260","22.625","106"
"44","90458","20220921080000","19","3","臺東縣","綠島鄉","121.470","22.645","21"
"244","93129","20220921080000","118","3","臺東縣","綠島鄉","121.485","22.680","194"
"717","94971","20220921080000","391","3","高雄市","左營區","120.275","22.700","740"
"32","97490","20220921080000","553","0","屏東縣","屏東市","120.480","22.650","45"
"269","97491","20220921080000","255","1","屏東縣","屏東市","120.485","22.650","281"
"258","97497","20220921080000","326","0","屏東縣","屏東市","120.485","22.645","246"
"22","97500","20220921080000","35","0","屏東縣","屏東市","120.500","22.660","27"
"366","97501","20220921080000","320","1","屏東縣","屏東市","120.500","22.665","371"
"44","97502","20220921080000","332","0","屏東縣","九如鄉","120.490","22.730","28"
"1072","97503","20220921080000","698","3","屏東縣","九如鄉","120.490","22.735","1031"
"661","97504","20220921080000","369","3","屏東縣","九如鄉","120.490","22.710","615"
"35","97506","20220921080000","55","0","屏東縣","九如鄉","120.490","22.715","33"
"11","97509","20220921080000","29","0","屏東縣","九如鄉","120.495","22.720","12"
"46","97516","20220921080000","275","0","屏東縣","九如鄉","120.500","22.735","42"
"408","97519","20220921080000","291","2","屏東縣","屏東市","120.475","22.655","381"
"262","97520","20220921080000","162","3","屏東縣","屏東市","120.480","22.655","249"
"67","97527","20220921080000","54","2","屏東縣","屏東市","120.450","22.635","75"
"67","97528","20220921080000","103","0","屏東縣","屏東市","120.455","22.635","79"
"78","97529","20220921080000","68","1","屏東縣","屏東市","120.460","22.635","72"
"63","97534","20220921080000","79","0","屏東縣","屏東市","120.455","22.640","74"
"36","97542","20220921080000","28","2","屏東縣","屏東市","120.495","22.625","32"
"572","97544","20220921080000","426","2","屏東縣","屏東市","120.505","22.625","549"
"1540","97550","20220921080000","1506","1","屏東縣","長治鄉","120.510","22.680","1549"
"692","97552","20220921080000","500","2","屏東縣","屏東市","120.485","22.670","697"
"93","97565","20220921080000","60","3","屏東縣","內埔鄉","120.570","22.650","89"
"21","97566","20220921080000","151","0","屏東縣","內埔鄉","120.575","22.650","17"
"49","97567","20220921080000","57","0","屏東縣","內埔鄉","120.560","22.655","54"
"315","97588","20220921080000","239","2","屏東縣","屏東市","120.505","22.690","285"
"1204","97589","20220921080000","1442","0","屏東縣","屏東市","120.495","22.685","1157"
"17","97597","20220921080000","221","0","屏東縣","屏東市","120.510","22.700","13"
"92","97598","20220921080000","116","0","屏東縣","屏東市","120.495","22.705","112"
"152","97600","20220921080000","64","3","屏東縣","屏東市","120.505","22.705","164"
"993","97606","20220921080000","919","1","屏東縣","屏東市","120.475","22.660","1010"
"159","97607","20220921080000","327","0","屏東縣","屏東市","120.480","22.660","150"
"1549","97613","20220921080000","1169","2","屏東縣","屏東市","120.475","22.690","1618"
"95","97614","20220921080000","148","0","屏東縣","屏東市","120.470","22.690","96"
"70","97625","20220921080000","47","2","屏東縣","屏東市","120.485","22.700","63"
"341","97627","20220921080000","231","2","屏東縣","屏東市","120.480","22.670","369"
"394","97628","20220921080000","366","1","屏東縣","屏東市","120.495","22.670","368"
"469","97638","20220921080000","385","2","屏東縣","竹田鄉","120.525","22.605","443"
"736","97642","20220921080000","670","1","屏東縣","屏東市","120.495","22.665","725"
"389","97643","20220921080000","402","0","屏東縣","屏東市","120.480","22.640","420"
"468","97654","20220921080000","316","2","屏東縣","鹽埔鄉","120.605","22.725","455"
"32","97655","20220921080000","37","0","屏東縣","屏東市","120.500","22.650","33"
"40","97656","20220921080000","45","0","屏東縣","屏東市","120.505","22.650","42"
"434","97657","20220921080000","308","2","屏東縣","屏東市","120.480","22.675","448"
"1507","97658","20220921080000","1153","2","屏東縣","屏東市","120.490","22.655","1424"
"497","97660","20220921080000","390","2","屏東縣","屏東市","120.490","22.660","520"
"90","97661","20220921080000","85","1","屏東縣","屏東市","120.495","22.660","92"
"244","97663","20220921080000","143","3","屏東縣","屏東市","120.460","22.665","248"
"55","97701","20220921080000","717","0","屏東縣","鹽埔鄉","120.540","22.730","69"
"56","97715","20220921080000","284","0","屏東縣","鹽埔鄉","120.555","22.735","49"
"35","97722","20220921080000","233","0","屏東縣","鹽埔鄉","120.520","22.735","21"
"74","97744","20220921080000","276","0","屏東縣","長治鄉","120.530","22.690","66"
"46","97746","20220921080000","32","2","屏東縣","長治鄉","120.530","22.695","49"
"507","97754","20220921080000","464","1","屏東縣","屏東市","120.490","22.675","508"
"379","97761","20220921080000","1130","0","屏東縣","屏東市","120.470","22.655","420"
"31","97765","20220921080000","32","0","屏東縣","屏東市","120.510","22.645","28"
"1075","97771","20220921080000","1211","0","屏東縣","屏東市","120.495","22.680","1098"
"1471","97772","20220921080000","781","3","屏東縣","屏東市","120.495","22.675","1457"
"185","97773","20220921080000","328","0","屏東縣","屏東市","120.500","22.685","194"
"1677","97774","20220921080000","1435","1","屏東縣","屏東市","120.505","22.685","1653"
"945","97775","20220921080000","701","2","屏東縣","屏東市","120.510","22.685","914"
"721","97777","20220921080000","664","1","屏東縣","屏東市","120.500","22.675","706"
"247","97783","20220921080000","89","3","屏東縣","內埔鄉","120.600","22.650","252"
"617","97786","20220921080000","832","0","屏東縣","內埔鄉","120.615","22.650","632"
"126","97791","20220921080000","630","0","屏東縣","內埔鄉","120.600","22.660","124"
"325","97800","20220921080000","217","2","屏東縣","麟洛鄉","120.535","22.650","309"
"339","97814","20220921080000","194","3","屏東縣","麟洛鄉","120.550","22.660","339"
"81","97818","20220921080000","80","1","屏東縣","麟洛鄉","120.535","22.665","88"
"43","97823","20220921080000","34","2","屏東縣","麟洛鄉","120.515","22.640","36"
"291","97842","20220921080000","219","2","屏東縣","麟洛鄉","120.520","22.645","263"
"33","97849","20220921080000","614","0","屏東縣","麟洛鄉","120.525","22.650","28"
"71","97851","20220921080000","466","0","屏東縣","麟洛鄉","120.520","22.655","67"
"60","97914","20220921080000","294","0","屏東縣","萬丹鄉","120.460","22.595","61"
"748","97916","20220921080000","672","1","屏東縣","屏東市","120.490","22.680","722"
"999","97917","20220921080000","847","1","屏東縣","屏東市","120.490","22.685","991"
"1190","97918","20220921080000","893","2","屏東縣","屏東市","120.490","22.690","1376"
"655","97919","20220921080000","703","0","屏東縣","屏東市","120.505","22.670","635"
"1374","97920","20220921080000","1362","1","屏東縣","長治鄉","120.510","22.670","1337"
"166","97925","20220921080000","404","0","屏東縣","長治鄉","120.545","22.690","171"
"434","97947","20220921080000","354","2","屏東縣","屏東市","120.475","22.680","434"
"120","97948","20220921080000","304","0","屏東縣","屏東市","120.480","22.680","116"
"396","97953","20220921080000","490","0","屏東縣","屏東市","120.465","22.685","434"
"212","97954","20220921080000","196","1","屏東縣","屏東市","120.470","22.685","222"
"186","97955","20220921080000","377","0","屏東縣","屏東市","120.475","22.685","167"
"1415","97964","20220921080000","1267","1","屏東縣","屏東市","120.510","22.655","1321"
"509","97965","20220921080000","682","0","屏東縣","屏東市","120.505","22.660","512"
"265","97967","20220921080000","730","0","屏東縣","屏東市","120.515","22.660","255"
"840","97969","20220921080000","878","0","屏東縣","屏東市","120.505","22.665","840"
"40","97974","20220921080000","1284","0","屏東縣","屏東市","120.505","22.675","41"
"358","97978","20220921080000","331","1","屏東縣","屏東市","120.475","22.670","387"
"18","97984","20220921080000","433","0","屏東縣","萬丹鄉","120.485","22.610","19"
"412","97985","20220921080000","199","3","屏東縣","萬丹鄉","120.490","22.610","401"
"36","97991","20220921080000","214","0","屏東縣","萬丹鄉","120.490","22.620","57"
"39","98035","20220921080000","72","0","屏東縣","泰武鄉","120.700","22.610","25"
"41","98173","20220921080000","106","0","屏東縣","泰武鄉","120.640","22.625","31"
"154","98233","20220921080000","468","0","屏東縣","萬丹鄉","120.470","22.620","160"
"223","98245","20220921080000","110","3","屏東縣","萬丹鄉","120.470","22.610","220"
"32","98249","20220921080000","157","0","屏東縣","內埔鄉","120.600","22.675","25"
"190","98252","20220921080000","85","3","屏東縣","內埔鄉","120.585","22.640","186"
"56","98255","20220921080000","670","0","屏東縣","內埔鄉","120.590","22.645","55"
"220","98266","20220921080000","137","3","屏東縣","瑪家鄉","120.650","22.700","238"
"316","98270","20220921080000","274","1","屏東縣","內埔鄉","120.645","22.705","324"
"987","98276","20220921080000","636","3","屏東縣","內埔鄉","120.565","22.635","978"
"199","98277","20220921080000","153","2","屏東縣","內埔鄉","120.545","22.640","204"
"818","98281","20220921080000","800","1","屏東縣","麟洛鄉","120.540","22.645","881"
"361","98298","20220921080000","470","0","屏東縣","內埔鄉","120.555","22.600","368"
"970","98309","20220921080000","726","2","屏東縣","內埔鄉","120.595","22.630","982"
"517","98311","20220921080000","241","3","屏東縣","內埔鄉","120.590","22.635","526"
"74","98316","20220921080000","586","0","屏東縣","內埔鄉","120.600","22.640","81"
"15","98321","20220921080000","145","0","屏東縣","內埔鄉","120.605","22.645","22"
"148","98328","20220921080000","92","3","屏東縣","瑪家鄉","120.630","22.650","131"
"13","98341","20220921080000","301","0","屏東縣","內埔鄉","120.580","22.620","21"
"25","98346","20220921080000","19","2","屏東縣","內埔鄉","120.545","22.630","22"
"10","98347","20220921080000","10","1","屏東縣","內埔鄉","120.550","22.630","10"
"50","98348","20220921080000","319","0","屏東縣","內埔鄉","120.540","22.635","45"
"15","98355","20220921080000","19","0","屏東縣","內埔鄉","120.635","22.685","32"
"309","98362","20220921080000","183","3","屏東縣","內埔鄉","120.640","22.695","308"
"61","98378","20220921080000","353","0","屏東縣","長治鄉","120.550","22.680","68"
"65","98380","20220921080000","27","3","屏東縣","長治鄉","120.540","22.685","58"
"242","98392","20220921080000","553","0","屏東縣","長治鄉","120.550","22.695","236"
"117","98396","20220921080000","53","3","屏東縣","長治鄉","120.535","22.705","114"
"37","98403","20220921080000","26","2","屏東縣","長治鄉","120.525","22.710","37"
"533","98405","20220921080000","809","0","屏東縣","長治鄉","120.535","22.710","497"
"11","98406","20220921080000","239","0","屏東縣","長治鄉","120.540","22.710","15"
"294","98407","20220921080000","167","3","屏東縣","長治鄉","120.545","22.710","295"
"81","98408","20220921080000","413","0","屏東縣","長治鄉","120.525","22.715","72"
"42","98410","20220921080000","227","0","屏東縣","長治鄉","120.535","22.715","42"
"82","98418","20220921080000","332","0","屏東縣","萬丹鄉","120.470","22.615","75"
"73","98422","20220921080000","150","0","屏東縣","萬丹鄉","120.520","22.595","80"
"172","98443","20220921080000","185","0","屏東縣","屏東市","120.495","22.640","169"
"312","98446","20220921080000","315","0","屏東縣","屏東市","120.490","22.645","309"
"408","98453","20220921080000","244","3","屏東縣","屏東市","120.485","22.625","417"
"483","98457","20220921080000","466","1","屏東縣","屏東市","120.480","22.635","470"
"61","98458","20220921080000","49","2","屏東縣","屏東市","120.485","22.635","56"
"313","98459","20220921080000","279","1","屏東縣","屏東市","120.490","22.635","295"
"16","98460","20220921080000","345","0","屏東縣","屏東市","120.485","22.640","15"
"53","98462","20220921080000","522","0","屏東縣","內埔鄉","120.565","22.610","57"
"38","98463","20220921080000","33","1","屏東縣","內埔鄉","120.570","22.610","37"
"817","98464","20220921080000","787","1","屏東縣","內埔鄉","120.570","22.615","868"
"516","98467","20220921080000","629","0","屏東縣","內埔鄉","120.560","22.605","516"
"42","98471","20220921080000","616","0","屏東縣","內埔鄉","120.560","22.600","43"
"219","98472","20220921080000","326","0","屏東縣","內埔鄉","120.565","22.600","230"
"56","98486","20220921080000","224","0","屏東縣","內埔鄉","120.595","22.675","52"
"778","98496","20220921080000","875","0","屏東縣","屏東市","120.485","22.685","782"
"930","98497","20220921080000","480","3","屏東縣","屏東市","120.480","22.690","949"
"633","98498","20220921080000","649","0","屏東縣","屏東市","120.485","22.690","579"
"758","98502","20220921080000","676","1","屏東縣","內埔鄉","120.545","22.625","759"
"12","98511","20220921080000","14","0","屏東縣","內埔鄉","120.570","22.640","12"
"773","98532","20220921080000","625","2","屏東縣","內埔鄉","120.560","22.620","726"
"591","98533","20220921080000","463","2","屏東縣","內埔鄉","120.565","22.620","566"
"33","98544","20220921080000","248","0","屏東縣","內埔鄉","120.600","22.690","41"
"318","98558","20220921080000","318","1","屏東縣","內埔鄉","120.610","22.700","326"
"59","98566","20220921080000","19","3","屏東縣","內埔鄉","120.600","22.670","65"
"458","98589","20220921080000","394","1","屏東縣","屏東市","120.505","22.695","464"
"432","98591","20220921080000","422","1","屏東縣","屏東市","120.445","22.640","442"
"327","98594","20220921080000","333","0","屏東縣","屏東市","120.460","22.640","381"
"37","98596","20220921080000","278","0","屏東縣","屏東市","120.445","22.645","38"
"409","98598","20220921080000","372","1","屏東縣","屏東市","120.455","22.645","431"
"319","98607","20220921080000","249","2","屏東縣","屏東市","120.465","22.650","307"
"23","98616","20220921080000","34","0","屏東縣","屏東市","120.445","22.660","22"
"266","98633","20220921080000","332","0","屏東縣","三地門鄉","120.640","22.715","270"
"440","98636","20220921080000","371","1","屏東縣","三地門鄉","120.655","22.715","443"
"121","98648","20220921080000","101","1","屏東縣","三地門鄉","120.670","22.720","122"
"37","98661","20220921080000","28","2","屏東縣","三地門鄉","120.640","22.735","22"
"265","98723","20220921080000","270","0","屏東縣","屏東市","120.495","22.690","259"
"551","98724","20220921080000","409","2","屏東縣","屏東市","120.500","22.690","555"
"820","98725","20220921080000","716","1","屏東縣","屏東市","120.480","22.665","840"
"626","98726","20220921080000","432","2","屏東縣","屏東市","120.495","22.695","631"
"322","98729","20220921080000","281","1","屏東縣","屏東市","120.500","22.695","306"
"1080","98734","20220921080000","566","3","屏東縣","屏東市","120.490","22.670","1064"
"81","98776","20220921080000","61","2","屏東縣","萬巒鄉","120.625","22.630","86"
"89","98782","20220921080000","52","3","屏東縣","萬巒鄉","120.625","22.640","99"
"56","98803","20220921080000","58","0","屏東縣","萬巒鄉","120.615","22.605","54"
"615","98804","20220921080000","343","3","屏東縣","萬巒鄉","120.620","22.605","582"
"67","98822","20220921080000","46","2","屏東縣","長治鄉","120.535","22.670","64"
"1128","98826","20220921080000","755","2","屏東縣","長治鄉","120.525","22.675","1200"
"206","98837","20220921080000","197","1","屏東縣","長治鄉","120.515","22.685","222"
"31","98842","20220921080000","860","0","屏東縣","長治鄉","120.510","22.665","29"
"418","98843","20220921080000","406","1","屏東縣","長治鄉","120.515","22.665","420"
"22","98844","20220921080000","37","0","屏東縣","長治鄉","120.520","22.665","17"
"11","98884","20220921080000","16","0","屏東縣","瑪家鄉","120.705","22.675","10"
"463","98968","20220921080000","208","3","屏東縣","瑪家鄉","120.670","22.675","489"
"39","99003","20220921080000","39","1","屏東縣","瑪家鄉","120.655","22.705","43"
"11","99033","20220921080000","13","0","屏東縣","瑪家鄉","120.690","22.680","18"
"110","99078","20220921080000","111","0","屏東縣","瑪家鄉","120.640","22.685","112"
"15","99093","20220921080000","15","1","屏東縣","麟洛鄉","120.525","22.630","16"
"191","99094","20220921080000","204","0","屏東縣","竹田鄉","120.530","22.630","202"
"401","99099","20220921080000","276","2","屏東縣","竹田鄉","120.535","22.640","430"
"13","99104","20220921080000","22","0","屏東縣","竹田鄉","120.545","22.600","19"
"237","99110","20220921080000","210","1","屏東縣","竹田鄉","120.520","22.615","226"
"15","99116","20220921080000","321","0","屏東縣","竹田鄉","120.525","22.620","13"
"87","99293","20220921080000","466","0","屏東縣","萬丹鄉","120.465","22.605","80"
"327","99294","20220921080000","177","3","屏東縣","萬丹鄉","120.470","22.605","360"
"67","99299","20220921080000","561","0","屏東縣","萬丹鄉","120.495","22.595","74"
"441","99310","20220921080000","437","1","屏東縣","長治鄉","120.520","22.680","425"
"45","99313","20220921080000","79","0","屏東縣","長治鄉","120.525","22.685","43"
"42","99317","20220921080000","387","0","屏東縣","長治鄉","120.565","22.670","49"
"855","99340","20220921080000","396","3","屏東縣","長治鄉","120.590","22.695","822"
"326","99352","20220921080000","411","0","屏東縣","長治鄉","120.575","22.705","323"
"178","99358","20220921080000","111","3","屏東縣","長治鄉","120.580","22.710","175"
"49","99371","20220921080000","34","2","屏東縣","鹽埔鄉","120.580","22.720","48"
"243","99390","20220921080000","140","3","屏東縣","長治鄉","120.570","22.700","232"
"38","99607","20220921080000","26","2","屏東縣","高樹鄉","120.630","22.735","37"
"115","99617","20220921080000","50","3","屏東縣","萬丹鄉","120.450","22.620","123"
"46","99627","20220921080000","305","0","屏東縣","萬丹鄉","120.465","22.625","45"
"39","99670","20220921080000","138","0","屏東縣","九如鄉","120.485","22.735","36"
"1183","99671","20220921080000","1328","0","屏東縣","屏東市","120.490","22.665","1176"
"25","99677","20220921080000","23","1","屏東縣","屏東市","120.485","22.705","21"
"14","99680","20220921080000","116","0","屏東縣","九如鄉","120.480","22.710","19"
"525","99690","20220921080000","262","3","屏東縣","九如鄉","120.520","22.710","567"
"15","99705","20220921080000","115","0","屏東縣","九如鄉","120.505","22.725","14"
"295","99716","20220921080000","232","2","臺東縣","綠島鄉","121.470","22.670","290"
"359","99719","20220921080000","256","2","臺東縣","綠島鄉","121.470","22.675","316"
"34","99724","20220921080000","15","3","臺東縣","綠島鄉","121.495","22.640","15"
"81","99732","20220921080000","51","3","臺東縣","綠島鄉","121.500","22.645","48"
"67","99739","20220921080000","33","3","臺東縣","綠島鄉","121.505","22.655","51"
"246","99759","20220921080000","171","2","臺東縣","綠島鄉","121.490","22.675","224"
"40","99760","20220921080000","28","2","臺東縣","綠島鄉","121.495","22.675","25"
"45","99762","20220921080000","49","0","臺東縣","綠島鄉","121.505","22.675","75"
"66","99767","20220921080000","53","2","臺東縣","綠島鄉","121.475","22.650","62"
"102","99769","20220921080000","110","0","臺東縣","綠島鄉","121.485","22.650","88"
"248","99774","20220921080000","207","1","臺東縣","綠島鄉","121.475","22.660","205"
"210","99777","20220921080000","132","3","臺東縣","綠島鄉","121.470","22.665","178"
"731","99779","20220921080000","516","2","臺東縣","綠島鄉","121.465","22.670","585"
"466","99780","20220921080000","357","2","高雄市","楠梓區","120.295","22.715","513"
"290","99782","20220921080000","467","0","高雄市","楠梓區","120.305","22.710","276"
"791","99783","20220921080000","672","1","高雄市","楠梓區","120.300","22.715","781"
"989","99784","20220921080000","773","2","高雄市","楠梓區","120.305","22.715","984"
"94","99785","20220921080000","472","0","高雄市","楠梓區","120.310","22.715","92"
"634","99787","20220921080000","663","0","高雄市","前金區","120.290","22.625","627"
"1202","99788","20220921080000","1069","1","高雄市","前金區","120.300","22.620","1256"
"418","99792","20220921080000","450","0","臺東縣","臺東市","121.050","22.705","462"
"348","99796","20220921080000","374","0","臺東縣","臺東市","121.040","22.705","386"
"660","99800","20220921080000","566","1","臺東縣","臺東市","121.045","22.710","845"
"746","99819","20220921080000","810","0","臺東縣","臺東市","121.070","22.710","831"
"151","99837","20220921080000","78","3","臺東縣","臺東市","121.070","22.720","127"
"52","99854","20220921080000","102","0","臺東縣","臺東市","121.085","22.730","47"
"57","99856","20220921080000","59","0","高雄市","大寮區","120.415","22.620","67"
"126","99859","20220921080000","75","3","高雄市","大寮區","120.430","22.620","136"
"363","99862","20220921080000","358","1","高雄市","大寮區","120.425","22.625","365"
"1600","99875","20220921080000","1577","1","高雄市","鳥松區","120.335","22.655","1776"
"682","99876","20220921080000","941","0","高雄市","前鎮區","120.315","22.595","728"
"1346","99877","20220921080000","1055","2","高雄市","三民區","120.320","22.670","1363"
"269","99885","20220921080000","263","1","臺東縣","臺東市","121.055","22.725","293"
"793","99892","20220921080000","776","1","高雄市","前鎮區","120.305","22.605","809"
"1378","99893","20220921080000","919","2","高雄市","前鎮區","120.315","22.615","1388"
"1304","99894","20220921080000","1074","2","高雄市","前鎮區","120.305","22.600","1330"
"1237","99895","20220921080000","1409","0","高雄市","前鎮區","120.330","22.610","1257"
"119","99897","20220921080000","248","0","高雄市","仁武區","120.330","22.705","106"
"1319","99898","20220921080000","1480","0","高雄市","仁武區","120.335","22.705","1314"
"854","99899","20220921080000","682","2","高雄市","仁武區","120.330","22.710","864"
"657","99900","20220921080000","411","3","高雄市","仁武區","120.335","22.710","623"
"24","99901","20220921080000","41","0","高雄市","仁武區","120.330","22.715","25"
"552","99902","20220921080000","677","0","高雄市","楠梓區","120.330","22.720","540"
"17","99903","20220921080000","14","2","高雄市","三民區","120.290","22.640","21"
"31","99905","20220921080000","823","0","高雄市","仁武區","120.355","22.680","28"
"224","99906","20220921080000","1346","0","高雄市","仁武區","120.355","22.685","228"
"572","99908","20220921080000","546","1","高雄市","仁武區","120.345","22.685","541"
"277","99912","20220921080000","246","1","高雄市","仁武區","120.365","22.690","309"
"47","99913","20220921080000","27","3","高雄市","仁武區","120.370","22.690","38"
"180","99914","20220921080000","144","2","高雄市","仁武區","120.375","22.690","186"
"139","99919","20220921080000","98","2","高雄市","仁武區","120.375","22.695","157"
"739","99924","20220921080000","638","1","高雄市","仁武區","120.365","22.700","762"
"280","99927","20220921080000","223","2","高雄市","仁武區","120.380","22.700","282"
"386","99930","20220921080000","269","2","高雄市","仁武區","120.395","22.700","376"
"2129","99933","20220921080000","2055","1","高雄市","鹽埕區","120.285","22.630","2092"
"1455","99935","20220921080000","1788","0","高雄市","楠梓區","120.325","22.725","1479"
"49","99936","20220921080000","249","0","高雄市","楠梓區","120.315","22.735","51"
"825","99937","20220921080000","670","2","高雄市","楠梓區","120.320","22.730","784"
"1437","99940","20220921080000","1180","2","高雄市","楠梓區","120.300","22.710","1339"
"1628","99941","20220921080000","1632","0","高雄市","三民區","120.320","22.650","1620"
"2435","99942","20220921080000","2584","0","高雄市","前金區","120.295","22.630","2430"
"868","99943","20220921080000","946","0","高雄市","三民區","120.290","22.645","844"
"48","99944","20220921080000","1049","0","高雄市","鳳山區","120.375","22.635","58"
"2072","99945","20220921080000","1393","2","高雄市","鳳山區","120.365","22.625","2121"
"877","99946","20220921080000","681","2","高雄市","鳳山區","120.370","22.625","872"
"26","99951","20220921080000","221","0","高雄市","大樹區","120.420","22.695","29"
"13","99964","20220921080000","13","1","高雄市","大樹區","120.410","22.690","14"
"12","99968","20220921080000","12","1","高雄市","大樹區","120.405","22.690","20"
"150","99973","20220921080000","112","2","高雄市","大樹區","120.400","22.700","129"
"280","99976","20220921080000","336","0","高雄市","大社區","120.340","22.725","276"
"169","99979","20220921080000","325","0","高雄市","大社區","120.345","22.725","201"
"154","99983","20220921080000","1176","0","高雄市","左營區","120.300","22.685","157"
"19","99984","20220921080000","532","0","高雄市","左營區","120.305","22.690","14"
"1850","99985","20220921080000","2144","0","高雄市","左營區","120.310","22.685","1919"
"1364","99987","20220921080000","733","3","高雄市","左營區","120.315","22.690","1289"
"1398","99989","20220921080000","1148","2","高雄市","新興區","120.305","22.630","1433"
"104","99990","20220921080000","191","0","高雄市","大寮區","120.385","22.615","108"
"718","99993","20220921080000","799","0","高雄市","大寮區","120.380","22.620","704"
"426","99994","20220921080000","237","3","高雄市","大寮區","120.385","22.620","409"
"40","99999","20220921080000","43","0","高雄市","大寮區","120.375","22.600","32"
"1746","100002","20220921080000","1868","0","高雄市","三民區","120.295","22.635","1824"
"965","100003","20220921080000","957","1","高雄市","前金區","120.300","22.625","978"
"1562","100004","20220921080000","1698","0","高雄市","新興區","120.300","22.630","1589"
"602","100005","20220921080000","1400","0","高雄市","大寮區","120.385","22.600","690"
"693","100007","20220921080000","629","1","高雄市","大寮區","120.385","22.610","663"
"356","100010","20220921080000","843","0","高雄市","苓雅區","120.330","22.625","356"
"3120","100011","20220921080000","2687","1","高雄市","鳳山區","120.360","22.635","3169"
"509","100012","20220921080000","823","0","高雄市","鳳山區","120.365","22.630","475"
"428","100013","20220921080000","304","2","高雄市","鳳山區","120.375","22.640","348"
"393","100014","20220921080000","1266","0","高雄市","鳳山區","120.350","22.615","441"
"2432","100015","20220921080000","2071","1","高雄市","楠梓區","120.300","22.725","2428"
"1149","100016","20220921080000","948","2","高雄市","橋頭區","120.300","22.730","1154"
"683","100017","20220921080000","1572","0","高雄市","橋頭區","120.305","22.730","673"
"641","100019","20220921080000","1272","0","高雄市","鳳山區","120.345","22.615","628"
"704","100021","20220921080000","259","3","高雄市","楠梓區","120.285","22.725","641"
"55","100022","20220921080000","1186","0","高雄市","楠梓區","120.290","22.725","53"
"753","100023","20220921080000","819","0","高雄市","橋頭區","120.295","22.730","753"
"260","100025","20220921080000","261","0","高雄市","楠梓區","120.285","22.730","302"
"1012","100028","20220921080000","1317","0","高雄市","楠梓區","120.290","22.715","1015"
"1255","100029","20220921080000","1206","1","高雄市","楠梓區","120.290","22.720","1183"
"917","100032","20220921080000","1240","0","高雄市","苓雅區","120.300","22.610","951"
"1279","100033","20220921080000","1148","1","高雄市","苓雅區","120.335","22.625","1157"
"2387","100034","20220921080000","2519","0","高雄市","前鎮區","120.310","22.615","2337"
"683","100038","20220921080000","523","2","高雄市","大寮區","120.405","22.640","662"
"290","100039","20220921080000","228","2","高雄市","大寮區","120.410","22.640","314"
"3238","100044","20220921080000","2437","2","高雄市","三民區","120.325","22.650","3248"
"939","100045","20220921080000","774","2","高雄市","三民區","120.320","22.655","955"
"856","100047","20220921080000","1430","0","高雄市","鳳山區","120.380","22.630","862"
"4403","100048","20220921080000","3790","1","高雄市","苓雅區","120.320","22.620","4272"
"2320","100049","20220921080000","2763","0","高雄市","新興區","120.310","22.630","2376"
"178","100050","20220921080000","878","0","高雄市","三民區","120.315","22.650","176"
"706","100052","20220921080000","817","0","高雄市","三民區","120.315","22.655","698"
"2079","100053","20220921080000","1194","3","高雄市","三民區","120.330","22.640","2127"
"1469","100054","20220921080000","865","3","高雄市","三民區","120.315","22.640","1533"
"564","100057","20220921080000","577","0","高雄市","前鎮區","120.285","22.605","488"
"191","100058","20220921080000","241","0","高雄市","前鎮區","120.290","22.605","184"
"835","100059","20220921080000","549","3","高雄市","前鎮區","120.300","22.605","862"
"80","100071","20220921080000","63","2","臺東縣","太麻里鄉","121.025","22.670","84"
"129","100074","20220921080000","121","1","臺東縣","太麻里鄉","121.040","22.670","136"
"99","100530","20220921080000","133","0","臺東縣","金峰鄉","120.950","22.640","144"
"102","100729","20220921080000","82","2","臺東縣","金峰鄉","121.000","22.635","114"
"731","100742","20220921080000","772","0","高雄市","鳳山區","120.360","22.625","712"
"1127","100743","20220921080000","1279","0","高雄市","三民區","120.305","22.640","1096"
"104","100744","20220921080000","905","0","高雄市","楠梓區","120.295","22.725","103"
"2510","100745","20220921080000","2063","2","高雄市","楠梓區","120.300","22.720","2501"
"96","100746","20220921080000","91","1","高雄市","鳳山區","120.365","22.605","94"
"994","100747","20220921080000","1084","0","高雄市","鳳山區","120.360","22.610","899"
"615","100753","20220921080000","489","2","高雄市","鳳山區","120.355","22.605","651"
"217","100755","20220921080000","152","2","高雄市","鳳山區","120.365","22.615","223"
"21","100759","20220921080000","167","0","高雄市","左營區","120.295","22.695","12"
"248","100760","20220921080000","166","2","高雄市","左營區","120.295","22.700","267"
"1763","100762","20220921080000","1519","1","高雄市","三民區","120.315","22.645","1728"
"2404","100764","20220921080000","2339","1","高雄市","三民區","120.310","22.640","2317"
"1659","100765","20220921080000","1591","1","高雄市","前金區","120.290","22.630","1609"
"1870","100766","20220921080000","1069","3","高雄市","三民區","120.295","22.645","1889"
"159","100767","20220921080000","194","0","高雄市","仁武區","120.340","22.705","157"
"164","100768","20220921080000","1052","0","高雄市","仁武區","120.345","22.705","151"
"370","100771","20220921080000","331","1","高雄市","仁武區","120.340","22.715","387"
"978","100773","20220921080000","1019","0","高雄市","仁武區","120.350","22.690","977"
"759","100775","20220921080000","441","3","高雄市","仁武區","120.350","22.695","748"
"35","100777","20220921080000","823","0","高雄市","仁武區","120.355","22.700","35"
"42","100778","20220921080000","37","1","高雄市","仁武區","120.350","22.705","45"
"396","100779","20220921080000","265","2","高雄市","仁武區","120.355","22.705","354"
"377","100781","20220921080000","327","1","高雄市","仁武區","120.350","22.710","391"
"176","100783","20220921080000","176","1","高雄市","仁武區","120.345","22.715","162"
"1044","100786","20220921080000","1487","0","高雄市","前鎮區","120.335","22.605","1015"
"1872","100787","20220921080000","2298","0","高雄市","前鎮區","120.330","22.600","1992"
"2047","100788","20220921080000","1807","1","高雄市","三民區","120.335","22.650","2064"
"1141","100789","20220921080000","1132","1","高雄市","三民區","120.325","22.655","1161"
"26","100790","20220921080000","25","1","臺東縣","太麻里鄉","120.975","22.600","25"
"611","100808","20220921080000","658","0","臺東縣","太麻里鄉","121.005","22.610","632"
"2854","100829","20220921080000","2579","1","高雄市","苓雅區","120.340","22.630","2875"
"1887","100830","20220921080000","1789","1","高雄市","鳳山區","120.345","22.630","1897"
"1054","100831","20220921080000","2030","0","高雄市","鳳山區","120.365","22.640","1044"
"2112","100832","20220921080000","1687","2","高雄市","苓雅區","120.325","22.615","2084"
"1872","100833","20220921080000","1457","2","高雄市","左營區","120.305","22.660","1712"
"2436","100834","20220921080000","2587","0","高雄市","左營區","120.310","22.660","2588"
"2653","100835","20220921080000","2426","1","高雄市","左營區","120.305","22.665","2711"
"1649","100836","20220921080000","1979","0","高雄市","左營區","120.310","22.665","1622"
"1843","100837","20220921080000","1993","0","高雄市","左營區","120.300","22.670","1812"
"1021","100838","20220921080000","831","2","高雄市","左營區","120.305","22.670","1149"
"2285","100839","20220921080000","2203","1","高雄市","左營區","120.300","22.680","2421"
"1852","100842","20220921080000","1655","1","高雄市","新興區","120.305","22.635","1927"
"35","100844","20220921080000","34","1","高雄市","大寮區","120.385","22.635","28"
"2065","100848","20220921080000","1577","2","高雄市","大寮區","120.395","22.640","2025"
"2119","100851","20220921080000","2052","1","高雄市","三民區","120.325","22.675","2148"
"1926","100852","20220921080000","1628","1","高雄市","三民區","120.325","22.660","1886"
"2083","100853","20220921080000","1530","2","高雄市","三民區","120.330","22.660","2051"
"1256","100854","20220921080000","2438","0","高雄市","三民區","120.325","22.665","1258"
"37","100855","20220921080000","741","0","高雄市","鳥松區","120.335","22.665","29"
"192","100856","20220921080000","1597","0","高雄市","三民區","120.330","22.665","250"
"581","100858","20220921080000","593","0","高雄市","三民區","120.330","22.670","615"
"2450","100860","20220921080000","2288","1","高雄市","三民區","120.335","22.645","2463"
"320","100861","20220921080000","253","2","高雄市","前鎮區","120.310","22.605","307"
"1987","100862","20220921080000","2586","0","高雄市","前鎮區","120.310","22.610","2004"
"567","100863","20220921080000","863","0","高雄市","前鎮區","120.315","22.610","592"
"21","100864","20220921080000","405","0","高雄市","左營區","120.290","22.700","17"
"1217","100865","20220921080000","1078","1","高雄市","左營區","120.285","22.680","1309"
"1086","100866","20220921080000","663","3","高雄市","左營區","120.290","22.680","1109"
"973","100867","20220921080000","1025","0","高雄市","鳳山區","120.350","22.640","930"
"1802","100868","20220921080000","1303","2","高雄市","鳳山區","120.350","22.630","1737"
"553","100869","20220921080000","2317","0","高雄市","鳳山區","120.350","22.645","1559"
"1117","100870","20220921080000","1739","0","高雄市","鳳山區","120.350","22.635","1175"
"1887","100871","20220921080000","1872","1","高雄市","苓雅區","120.335","22.620","1874"
"1097","100872","20220921080000","1856","0","高雄市","鳳山區","120.340","22.600","1059"
"2149","100873","20220921080000","1424","3","高雄市","三民區","120.320","22.645","2318"
"1527","100874","20220921080000","1419","1","高雄市","三民區","120.325","22.645","1458"
"2138","100875","20220921080000","1344","3","高雄市","三民區","120.290","22.635","2130"
"1510","100877","20220921080000","1576","0","高雄市","三民區","120.325","22.670","1376"
"998","100878","20220921080000","1623","0","高雄市","三民區","120.315","22.660","984"
"1394","100879","20220921080000","1506","0","高雄市","三民區","120.320","22.660","1355"
"1853","100880","20220921080000","2969","0","高雄市","三民區","120.315","22.665","1886"
"181","100881","20220921080000","2540","0","高雄市","三民區","120.320","22.665","209"
"1302","100883","20220921080000","830","3","高雄市","前鎮區","120.305","22.610","1108"
"156","100888","20220921080000","1045","0","高雄市","大寮區","120.390","22.625","159"
"2856","100890","20220921080000","2460","1","高雄市","三民區","120.335","22.640","2880"
"2624","100891","20220921080000","2669","0","高雄市","鳳山區","120.345","22.635","2429"
"446","100909","20220921080000","466","0","臺東縣","臺東市","121.055","22.705","497"
"210","100915","20220921080000","179","1","臺東縣","太麻里鄉","121.010","22.625","219"
"59","100925","20220921080000","46","2","臺東縣","太麻里鄉","121.015","22.640","58"
"404","100938","20220921080000","387","1","臺東縣","臺東市","121.100","22.725","396"
"133","100946","20220921080000","384","0","高雄市","鳥松區","120.350","22.665","154"
"1139","100947","20220921080000","835","2","高雄市","鳥松區","120.355","22.665","1098"
"266","100948","20220921080000","263","1","高雄市","鳥松區","120.360","22.665","270"
"154","100954","20220921080000","165","0","高雄市","仁武區","120.370","22.680","180"
"27","100961","20220921080000","14","3","高雄市","鳥松區","120.380","22.685","19"
"402","100966","20220921080000","280","2","高雄市","鳥松區","120.395","22.665","396"
"46","100969","20220921080000","64","0","高雄市","鳥松區","120.390","22.675","33"
"1444","100974","20220921080000","1576","0","高雄市","三民區","120.340","22.645","1402"
"1055","100975","20220921080000","597","3","高雄市","鳥松區","120.345","22.655","859"
"485","100977","20220921080000","594","0","高雄市","鳥松區","120.340","22.655","507"
"533","100978","20220921080000","384","2","高雄市","鳥松區","120.340","22.660","539"
"292","100982","20220921080000","330","0","高雄市","鳥松區","120.390","22.660","274"
"26","100983","20220921080000","263","0","高雄市","鳥松區","120.395","22.660","28"
"71","100986","20220921080000","1194","0","高雄市","鳳山區","120.360","22.640","67"
"92","100987","20220921080000","1258","0","高雄市","鳥松區","120.355","22.645","1152"
"420","100988","20220921080000","199","3","高雄市","鳳山區","120.360","22.645","179"
"468","100989","20220921080000","230","3","高雄市","鳥松區","120.365","22.645","418"
"1445","100992","20220921080000","1846","0","高雄市","鳥松區","120.355","22.650","1941"
"569","100995","20220921080000","635","0","高雄市","鳥松區","120.370","22.650","619"
"110","100997","20220921080000","140","0","高雄市","鳥松區","120.355","22.655","68"
"1300","100998","20220921080000","1023","2","高雄市","鳥松區","120.360","22.655","1307"
"802","101004","20220921080000","710","1","高雄市","鳥松區","120.360","22.660","745"
"632","101009","20220921080000","583","1","高雄市","鳥松區","120.370","22.665","572"
"162","101010","20220921080000","167","0","高雄市","鳥松區","120.340","22.665","143"
"373","101014","20220921080000","297","2","高雄市","鳥松區","120.370","22.670","337"
"313","101017","20220921080000","255","2","高雄市","鳥松區","120.380","22.655","304"
"149","101018","20220921080000","114","2","高雄市","鳥松區","120.385","22.655","174"
"237","101019","20220921080000","220","1","高雄市","鳥松區","120.370","22.660","249"
"223","101021","20220921080000","396","0","高雄市","鳥松區","120.380","22.660","223"
"1004","101029","20220921080000","782","2","高雄市","鳳山區","120.355","22.625","990"
"2771","101030","20220921080000","2262","2","高雄市","鳳山區","120.355","22.635","2701"
"13","101034","20220921080000","17","0","高雄市","鳳山區","120.380","22.625","19"
"1163","101035","20220921080000","1139","1","高雄市","楠梓區","120.325","22.705","1342"
"29","101038","20220921080000","36","0","高雄市","仁武區","120.330","22.695","28"
"307","101039","20220921080000","431","0","高雄市","仁武區","120.325","22.700","364"
"466","101043","20220921080000","1082","0","高雄市","前鎮區","120.315","22.605","452"
"1917","101044","20220921080000","2665","0","高雄市","三民區","120.335","22.635","1804"
"167","101045","20220921080000","1008","0","高雄市","三民區","120.345","22.640","202"
"126","101046","20220921080000","1236","0","高雄市","仁武區","120.345","22.675","120"
"511","101047","20220921080000","528","0","高雄市","仁武區","120.350","22.675","486"
"187","101048","20220921080000","877","0","高雄市","仁武區","120.340","22.680","186"
"513","101049","20220921080000","435","1","高雄市","仁武區","120.345","22.680","499"
"1307","101052","20220921080000","1347","0","高雄市","仁武區","120.325","22.685","1338"
"745","101053","20220921080000","593","2","高雄市","仁武區","120.325","22.690","702"
"719","101055","20220921080000","482","2","高雄市","仁武區","120.325","22.695","731"
"695","101056","20220921080000","337","3","高雄市","仁武區","120.320","22.695","753"
"862","101058","20220921080000","706","2","高雄市","仁武區","120.330","22.700","930"
"334","101059","20220921080000","997","0","高雄市","鳳山區","120.365","22.635","314"
"1286","101061","20220921080000","1235","1","高雄市","苓雅區","120.295","22.615","1245"
"1237","101062","20220921080000","1520","0","高雄市","苓雅區","120.320","22.625","1220"
"1622","101063","20220921080000","1405","1","高雄市","鳳山區","120.375","22.625","1648"
"45","101064","20220921080000","872","0","高雄市","鳳山區","120.375","22.620","59"
"42","101068","20220921080000","47","0","高雄市","鳳山區","120.365","22.620","39"
"477","101069","20220921080000","405","1","高雄市","鳳山區","120.370","22.620","449"
"1544","101074","20220921080000","2178","0","高雄市","左營區","120.290","22.675","1532"
"45","101076","20220921080000","129","0","高雄市","梓官區","120.250","22.730","34"
"740","101077","20220921080000","612","2","高雄市","梓官區","120.255","22.730","662"
"593","101086","20220921080000","494","2","高雄市","楠梓區","120.275","22.725","567"
"15","101090","20220921080000","525","0","高雄市","楠梓區","120.280","22.725","12"
"730","101092","20220921080000","691","1","高雄市","楠梓區","120.280","22.730","688"
"1697","101094","20220921080000","1315","2","高雄市","楠梓區","120.320","22.725","1654"
"1173","101095","20220921080000","819","2","高雄市","楠梓區","120.285","22.710","1097"
"1685","101100","20220921080000","1541","1","高雄市","苓雅區","120.315","22.625","1646"
"1201","101101","20220921080000","1241","0","高雄市","鹽埕區","120.280","22.625","1194"
"2711","101102","20220921080000","1408","3","高雄市","苓雅區","120.325","22.620","2674"
"401","101103","20220921080000","345","1","高雄市","左營區","120.310","22.670","421"
"1204","101104","20220921080000","803","2","高雄市","左營區","120.315","22.670","1132"
"1662","101105","20220921080000","1605","1","高雄市","左營區","120.300","22.675","1571"
"754","101106","20220921080000","319","3","高雄市","左營區","120.295","22.680","589"
"1837","101107","20220921080000","1920","0","高雄市","左營區","120.305","22.675","1867"
"359","101109","20220921080000","1063","0","高雄市","鳳山區","120.340","22.610","350"
"1593","101110","20220921080000","1680","0","高雄市","鳳山區","120.335","22.615","1618"
"105","101111","20220921080000","744","0","高雄市","鳳山區","120.340","22.615","104"
"659","101113","20220921080000","2350","0","高雄市","鳳山區","120.340","22.605","656"
"744","101114","20220921080000","635","1","高雄市","鼓山區","120.280","22.655","743"
"1686","101115","20220921080000","1629","1","高雄市","鼓山區","120.280","22.660","1613"
"1062","101116","20220921080000","1064","0","高雄市","鼓山區","120.285","22.650","1066"
"696","101117","20220921080000","1399","0","高雄市","鼓山區","120.290","22.650","667"
"2011","101119","20220921080000","2035","0","高雄市","鼓山區","120.290","22.655","2002"
"68","101120","20220921080000","886","0","高雄市","鼓山區","120.285","22.660","69"
"865","101121","20220921080000","1546","0","高雄市","鼓山區","120.290","22.660","874"
"663","101122","20220921080000","543","2","高雄市","鼓山區","120.290","22.665","629"
"583","101123","20220921080000","1231","0","高雄市","鼓山區","120.285","22.665","536"
"1140","101124","20220921080000","937","2","高雄市","鼓山區","120.280","22.645","1064"
"1096","101125","20220921080000","894","2","高雄市","鼓山區","120.270","22.625","1110"
"1457","101126","20220921080000","2156","0","高雄市","鼓山區","120.280","22.630","1493"
"59","101127","20220921080000","76","0","高雄市","鼓山區","120.275","22.625","59"
"62","101128","20220921080000","110","0","高雄市","鼓山區","120.270","22.635","114"
"36","101129","20220921080000","38","0","高雄市","鼓山區","120.275","22.635","15"
"1598","101132","20220921080000","1714","0","高雄市","三民區","120.320","22.640","1503"
"834","101133","20220921080000","1343","0","高雄市","鳥松區","120.340","22.650","798"
"2199","101134","20220921080000","2368","0","高雄市","三民區","120.340","22.640","2328"
"1805","101135","20220921080000","2581","0","高雄市","三民區","120.345","22.645","1706"
"319","101137","20220921080000","290","1","高雄市","梓官區","120.260","22.725","179"
"53","101139","20220921080000","251","0","高雄市","梓官區","120.255","22.725","454"
"27","101449","20220921080000","37","0","臺東縣","卑南鄉","120.990","22.690","37"
"311","101488","20220921080000","336","0","臺東縣","卑南鄉","121.020","22.695","536"
"1655","101748","20220921080000","2007","0","高雄市","苓雅區","120.300","22.615","1691"
"1424","101749","20220921080000","1610","0","高雄市","苓雅區","120.325","22.630","1420"
"729","101750","20220921080000","1014","0","高雄市","鳳山區","120.340","22.620","744"
"343","101751","20220921080000","657","0","高雄市","鳳山區","120.370","22.630","349"
"1624","101752","20220921080000","1465","1","高雄市","鳳山區","120.355","22.630","1644"
"456","101753","20220921080000","847","0","高雄市","鳳山區","120.360","22.630","474"
"80","101754","20220921080000","210","0","高雄市","鳳山區","120.330","22.615","80"
"78","101757","20220921080000","1080","0","高雄市","苓雅區","120.325","22.635","66"
"65","101758","20220921080000","172","0","高雄市","仁武區","120.350","22.680","66"
"271","101759","20220921080000","294","0","高雄市","鳥松區","120.355","22.670","251"
"153","101760","20220921080000","1439","0","高雄市","仁武區","120.355","22.675","151"
"12","101761","20220921080000","10","2","高雄市","仁武區","120.340","22.690","12"
"12","101763","20220921080000","10","2","高雄市","仁武區","120.335","22.695","16"
"76","101765","20220921080000","64","1","高雄市","仁武區","120.345","22.695","79"
"421","101766","20220921080000","357","1","高雄市","仁武區","120.340","22.700","418"
"1181","101767","20220921080000","1050","1","高雄市","仁武區","120.345","22.700","1172"
"260","101768","20220921080000","748","0","高雄市","仁武區","120.350","22.700","214"
"29","101777","20220921080000","27","1","高雄市","仁武區","120.375","22.710","32"
"29","101778","20220921080000","75","0","高雄市","仁武區","120.380","22.710","34"
"61","101783","20220921080000","63","0","高雄市","仁武區","120.380","22.715","80"
"104","101785","20220921080000","104","1","高雄市","仁武區","120.390","22.715","103"
"65","101790","20220921080000","59","1","高雄市","仁武區","120.390","22.720","55"
"396","101808","20220921080000","360","1","高雄市","三民區","120.335","22.670","420"
"537","101809","20220921080000","592","0","高雄市","仁武區","120.335","22.680","531"
"1345","101810","20220921080000","1198","1","高雄市","仁武區","120.335","22.685","1349"
"68","101815","20220921080000","656","0","高雄市","仁武區","120.330","22.680","73"
"66","101817","20220921080000","1234","0","高雄市","仁武區","120.330","22.690","68"
"118","101818","20220921080000","519","0","高雄市","仁武區","120.335","22.690","116"
"1001","101819","20220921080000","808","2","高雄市","仁武區","120.330","22.675","1047"
"175","101820","20220921080000","619","0","高雄市","仁武區","120.335","22.675","180"
"852","101822","20220921080000","718","1","高雄市","前鎮區","120.320","22.605","805"
"420","101823","20220921080000","501","0","高雄市","前鎮區","120.325","22.605","444"
"160","101824","20220921080000","1142","0","高雄市","前鎮區","120.325","22.610","187"
"2591","101825","20220921080000","2723","0","高雄市","前鎮區","120.320","22.610","2955"
"255","101826","20220921080000","252","1","高雄市","左營區","120.290","22.685","236"
"1066","101827","20220921080000","667","3","高雄市","左營區","120.275","22.690","1065"
"403","101829","20220921080000","172","3","高雄市","左營區","120.285","22.690","371"
"431","101832","20220921080000","304","2","高雄市","左營區","120.285","22.695","453"
"407","101833","20220921080000","437","0","高雄市","左營區","120.290","22.695","462"
"234","101835","20220921080000","360","0","高雄市","左營區","120.285","22.700","226"
"124","101836","20220921080000","98","2","高雄市","左營區","120.280","22.705","130"
"221","101837","20220921080000","179","2","高雄市","楠梓區","120.285","22.705","200"
"1737","101838","20220921080000","2215","0","高雄市","左營區","120.290","22.670","1758"
"2772","101839","20220921080000","2085","2","高雄市","苓雅區","120.335","22.630","2451"
"974","101840","20220921080000","1699","0","高雄市","三民區","120.340","22.635","928"
"1275","101842","20220921080000","1138","1","高雄市","鳳山區","120.345","22.625","1251"
"532","101843","20220921080000","629","0","高雄市","鼓山區","120.275","22.660","530"
"15","101848","20220921080000","28","0","高雄市","鼓山區","120.275","22.670","10"
"74","101862","20220921080000","82","0","臺東縣","太麻里鄉","121.045","22.675","79"
"466","101876","20220921080000","318","2","臺東縣","太麻里鄉","121.030","22.685","506"
"214","101895","20220921080000","160","2","臺東縣","太麻里鄉","121.050","22.690","231"
"132","101900","20220921080000","121","1","臺東縣","卑南鄉","121.015","22.695","140"
"56","101930","20220921080000","46","2","臺東縣","太麻里鄉","121.020","22.650","55"
"1480","101964","20220921080000","1133","2","高雄市","苓雅區","120.320","22.635","1475"
"352","101965","20220921080000","1066","0","高雄市","三民區","120.315","22.635","369"
"1851","101966","20220921080000","2108","0","高雄市","苓雅區","120.330","22.630","1797"
"203","101967","20220921080000","251","0","高雄市","鳳山區","120.350","22.605","213"
"1576","101970","20220921080000","1337","1","高雄市","鳳山區","120.350","22.600","1558"
"727","101972","20220921080000","1419","0","高雄市","鳳山區","120.335","22.610","764"
"2779","101973","20220921080000","1856","2","高雄市","苓雅區","120.330","22.635","2749"
"95","101976","20220921080000","56","3","高雄市","大寮區","120.425","22.600","82"
"70","101977","20220921080000","112","0","高雄市","大寮區","120.430","22.600","49"
"36","101981","20220921080000","313","0","高雄市","前金區","120.290","22.620","45"
"2079","101982","20220921080000","1828","1","高雄市","苓雅區","120.340","22.625","2073"
"522","101983","20220921080000","477","1","高雄市","苓雅區","120.330","22.620","718"
"2193","101984","20220921080000","2177","1","高雄市","鼓山區","120.280","22.650","2194"
"580","101985","20220921080000","1157","0","高雄市","三民區","120.285","22.640","572"
"1035","101988","20220921080000","702","2","高雄市","楠梓區","120.285","22.715","957"
"2462","101989","20220921080000","2095","1","高雄市","苓雅區","120.305","22.620","2544"
"15","101990","20220921080000","34","0","高雄市","苓雅區","120.320","22.615","18"
"155","101991","20220921080000","1526","0","高雄市","苓雅區","120.320","22.630","165"
"2313","101992","20220921080000","2232","1","高雄市","前金區","120.295","22.620","2365"
"1795","101993","20220921080000","1123","3","高雄市","苓雅區","120.325","22.625","1774"
"1379","101995","20220921080000","1360","1","高雄市","鼓山區","120.275","22.620","1461"
"165","101996","20220921080000","180","0","高雄市","鹽埕區","120.280","22.620","171"
"29","101997","20220921080000","680","0","高雄市","左營區","120.295","22.705","22"
"2997","101998","20220921080000","2305","2","高雄市","左營區","120.310","22.675","3036"
"632","101999","20220921080000","718","0","高雄市","左營區","120.315","22.675","622"
"1099","102000","20220921080000","841","2","高雄市","左營區","120.320","22.675","1029"
"212","102001","20220921080000","1004","0","高雄市","左營區","120.305","22.685","192"
"825","102002","20220921080000","637","2","高雄市","左營區","120.310","22.680","760"
"3277","102003","20220921080000","2180","3","高雄市","左營區","120.320","22.680","3292"
"57","102005","20220921080000","135","0","高雄市","大寮區","120.395","22.600","60"
"616","102006","20220921080000","625","0","高雄市","大寮區","120.390","22.600","534"
"445","102007","20220921080000","353","2","高雄市","大寮區","120.390","22.605","410"
"996","102008","20220921080000","842","1","高雄市","大寮區","120.395","22.605","935"
"557","102010","20220921080000","589","0","高雄市","大寮區","120.400","22.610","587"
"99","102013","20220921080000","585","0","高雄市","大寮區","120.405","22.615","87"
"684","102015","20220921080000","697","0","高雄市","鳳山區","120.355","22.640","734"
"948","102017","20220921080000","654","2","高雄市","鼓山區","120.280","22.635","957"
"1284","102018","20220921080000","916","2","高雄市","鳳山區","120.370","22.635","1307"
"774","102019","20220921080000","1092","0","高雄市","鼓山區","120.295","22.665","739"
"2741","102020","20220921080000","3298","0","高雄市","鼓山區","120.300","22.665","2775"
"45","102021","20220921080000","56","0","高雄市","鼓山區","120.265","22.625","43"
"414","102022","20220921080000","652","0","高雄市","鼓山區","120.265","22.630","410"
"47","102024","20220921080000","178","0","高雄市","鼓山區","120.260","22.635","60"
"144","102030","20220921080000","188","0","高雄市","鼓山區","120.255","22.645","167"
"52","102031","20220921080000","66","0","高雄市","鼓山區","120.260","22.645","29"
"667","102045","20220921080000","761","0","高雄市","鼓山區","120.275","22.650","688"
"641","102046","20220921080000","455","2","高雄市","苓雅區","120.310","22.620","609"
"2176","102047","20220921080000","2671","0","高雄市","左營區","120.295","22.670","2190"
"17","102048","20220921080000","343","0","高雄市","鼓山區","120.285","22.670","17"
"63","102049","20220921080000","865","0","高雄市","鼓山區","120.280","22.640","64"
"15","102052","20220921080000","246","0","高雄市","大樹區","120.430","22.675","10"
"38","102067","20220921080000","28","2","高雄市","大樹區","120.430","22.700","44"
"338","102078","20220921080000","385","0","高雄市","大樹區","120.410","22.675","337"
"184","102079","20220921080000","203","0","高雄市","大樹區","120.405","22.680","169"
"44","102090","20220921080000","28","3","高雄市","大樹區","120.395","22.690","53"
"809","102093","20220921080000","769","1","高雄市","大樹區","120.430","22.690","810"
"381","102098","20220921080000","333","1","高雄市","大樹區","120.435","22.695","376"
"395","102111","20220921080000","525","0","高雄市","大樹區","120.410","22.660","364"
"699","102113","20220921080000","466","3","高雄市","大樹區","120.410","22.665","709"
"266","102120","20220921080000","285","0","高雄市","大樹區","120.445","22.725","261"
"335","102123","20220921080000","292","1","高雄市","大樹區","120.445","22.730","367"
"267","102126","20220921080000","217","2","高雄市","大樹區","120.445","22.735","265"
"208","102132","20220921080000","236","0","高雄市","大樹區","120.425","22.665","195"
"139","102141","20220921080000","91","3","高雄市","大樹區","120.425","22.675","140"
"1704","102143","20220921080000","1762","0","高雄市","左營區","120.295","22.690","1611"
"953","102144","20220921080000","910","1","高雄市","鳳山區","120.360","22.620","928"
"1350","102146","20220921080000","1584","0","高雄市","鳳山區","120.355","22.620","1303"
"475","102147","20220921080000","420","1","高雄市","鳳山區","120.335","22.600","495"
"3749","102148","20220921080000","2817","2","高雄市","新興區","120.315","22.630","3851"
"1244","102149","20220921080000","1185","1","高雄市","苓雅區","120.305","22.615","1398"
"1255","102150","20220921080000","1402","0","高雄市","鳳山區","120.345","22.605","1195"
"2093","102151","20220921080000","1729","2","高雄市","前鎮區","120.330","22.605","2092"
"1826","102152","20220921080000","1448","2","高雄市","鳥松區","120.345","22.650","1841"
"1730","102153","20220921080000","2080","0","高雄市","三民區","120.330","22.650","1809"
"614","102154","20220921080000","1189","0","高雄市","三民區","120.330","22.655","553"
"63","102157","20220921080000","497","0","高雄市","仁武區","120.360","22.675","66"
"136","102159","20220921080000","138","0","高雄市","仁武區","120.365","22.680","133"
"676","102160","20220921080000","669","1","高雄市","仁武區","120.360","22.685","674"
"16","102165","20220921080000","176","0","高雄市","仁武區","120.365","22.685","18"
"418","102172","20220921080000","427","0","高雄市","大寮區","120.425","22.605","419"
"88","102173","20220921080000","810","0","高雄市","大寮區","120.430","22.605","87"
"718","102181","20220921080000","545","2","高雄市","大寮區","120.410","22.615","668"
"87","102185","20220921080000","74","1","高雄市","大寮區","120.430","22.615","99"
"320","102186","20220921080000","246","2","高雄市","大寮區","120.420","22.640","335"
"278","102190","20220921080000","340","0","高雄市","大寮區","120.415","22.640","288"
"490","102200","20220921080000","328","2","高雄市","鼓山區","120.270","22.620","504"
"515","102203","20220921080000","593","0","高雄市","大寮區","120.385","22.640","542"
"611","102206","20220921080000","524","1","高雄市","鳥松區","120.385","22.645","661"
"441","102213","20220921080000","205","3","高雄市","鳥松區","120.390","22.650","402"
"556","102215","20220921080000","498","1","高雄市","鳥松區","120.390","22.655","565"
"22","102216","20220921080000","210","0","高雄市","鳥松區","120.395","22.655","17"
"306","102217","20220921080000","163","3","高雄市","鳥松區","120.400","22.655","293"
"553","102227","20220921080000","443","2","高雄市","鼓山區","120.285","22.655","540"
"1015","102228","20220921080000","1294","0","高雄市","三民區","120.295","22.650","986"
"1275","102229","20220921080000","1264","1","高雄市","鼓山區","120.295","22.655","1238"
"1851","102230","20220921080000","1779","1","高雄市","鼓山區","120.300","22.655","1824"
"1588","102231","20220921080000","1926","0","高雄市","鼓山區","120.305","22.655","1343"
"690","102232","20220921080000","549","2","高雄市","左營區","120.310","22.655","726"
"3719","102233","20220921080000","3354","1","高雄市","鼓山區","120.295","22.660","3776"
"70","102235","20220921080000","383","0","高雄市","楠梓區","120.315","22.715","67"
"1177","102236","20220921080000","1082","1","高雄市","楠梓區","120.315","22.720","1137"
"446","102237","20220921080000","1588","0","高雄市","楠梓區","120.295","22.710","392"
"2989","102238","20220921080000","2683","1","高雄市","苓雅區","120.315","22.620","2970"
"35","102239","20220921080000","49","0","高雄市","旗津區","120.265","22.615","46"
"457","102241","20220921080000","414","1","高雄市","大寮區","120.410","22.620","486"
"397","102243","20220921080000","301","2","高雄市","大寮區","120.410","22.625","396"
"164","102244","20220921080000","186","0","高雄市","大寮區","120.405","22.630","178"
"122","102246","20220921080000","111","1","高雄市","大樹區","120.425","22.715","129"
"57","102251","20220921080000","40","2","高雄市","大樹區","120.425","22.720","46"
"335","102254","20220921080000","1440","0","高雄市","大樹區","120.405","22.725","349"
"69","102259","20220921080000","64","1","高雄市","大樹區","120.430","22.725","68"
"92","102260","20220921080000","1437","0","高雄市","仁武區","120.400","22.730","83"
"22","102261","20220921080000","323","0","高雄市","大樹區","120.405","22.730","23"
"41","102267","20220921080000","51","0","高雄市","大樹區","120.410","22.735","40"
"470","102273","20220921080000","482","0","高雄市","大樹區","120.415","22.655","465"
"327","102274","20220921080000","236","2","高雄市","大樹區","120.420","22.655","328"
"82","102276","20220921080000","565","0","高雄市","大樹區","120.420","22.660","68"
"141","102278","20220921080000","111","2","高雄市","大樹區","120.410","22.645","129"
"66","102279","20220921080000","52","2","高雄市","大樹區","120.415","22.645","61"
"465","102280","20220921080000","991","0","高雄市","大樹區","120.420","22.645","414"
"270","102282","20220921080000","309","0","高雄市","大樹區","120.425","22.650","254"
"677","102285","20220921080000","672","1","高雄市","大樹區","120.425","22.655","702"
"94","102292","20220921080000","212","0","高雄市","大寮區","120.405","22.605","104"
"86","102296","20220921080000","100","0","高雄市","前鎮區(海)","120.285","22.610","80"
"963","102302","20220921080000","913","1","高雄市","大寮區","120.390","22.635","916"
"383","102303","20220921080000","481","0","高雄市","大寮區","120.395","22.635","384"
"116","102304","20220921080000","110","1","高雄市","大寮區","120.400","22.635","101"
"201","102305","20220921080000","106","3","高雄市","大寮區","120.400","22.640","199"
"1753","102306","20220921080000","1842","0","高雄市","三民區","120.305","22.645","1668"
"1998","102307","20220921080000","1514","2","高雄市","三民區","120.305","22.650","1905"
"2193","102308","20220921080000","1941","1","高雄市","鳳山區","120.345","22.620","2137"
"704","102309","20220921080000","363","3","高雄市","鳳山區","120.350","22.620","733"
"299","102310","20220921080000","1256","0","高雄市","鳳山區","120.350","22.625","314"
"137","102311","20220921080000","110","2","高雄市","旗津區","120.275","22.605","147"
"276","102312","20220921080000","276","1","高雄市","旗津區(海)","120.275","22.610","481"
"658","102313","20220921080000","570","1","高雄市","旗津區","120.275","22.600","763"
"553","102314","20220921080000","467","1","高雄市","旗津區","120.270","22.610","625"
"121","102316","20220921080000","132","0","高雄市","大社區","120.365","22.715","136"
"264","102319","20220921080000","285","0","高雄市","大社區","120.350","22.720","277"
"88","102326","20220921080000","73","2","高雄市","大社區","120.340","22.730","69"
"495","102327","20220921080000","1321","0","高雄市","大社區","120.350","22.735","470"
"1564","102328","20220921080000","1505","1","高雄市","大社區","120.345","22.730","1594"
"615","102329","20220921080000","930","0","高雄市","大社區","120.350","22.730","588"
"590","102330","20220921080000","506","1","高雄市","大社區","120.355","22.730","586"
"110","102333","20220921080000","80","2","高雄市","大社區","120.370","22.730","104"
"72","102335","20220921080000","84","0","高雄市","大社區","120.375","22.730","82"
"79","102340","20220921080000","489","0","高雄市","大社區","120.360","22.720","83"
"979","102341","20220921080000","965","1","高雄市","大社區","120.350","22.725","983"
"463","102342","20220921080000","420","1","高雄市","大社區","120.355","22.725","442"
"47","102343","20220921080000","35","2","高雄市","大社區","120.360","22.725","34"
"53","102344","20220921080000","35","3","高雄市","左營區","120.295","22.675","63"
"194","102345","20220921080000","490","0","高雄市","左營區","120.300","22.690","196"
"10","102346","20220921080000","14","0","高雄市","左營區","120.260","22.670","10"
"137","102347","20220921080000","151","0","高雄市","左營區","120.265","22.675","162"
"290","102349","20220921080000","115","3","高雄市","左營區","120.275","22.675","191"
"451","102350","20220921080000","184","3","高雄市","左營區","120.280","22.675","499"
"558","102353","20220921080000","376","2","高雄市","左營區","120.275","22.680","569"
"410","102354","20220921080000","1231","0","高雄市","左營區","120.280","22.680","425"
"597","102356","20220921080000","354","3","高雄市","左營區","120.265","22.680","586"
"256","102357","20220921080000","247","1","高雄市","左營區","120.270","22.680","249"
"394","102358","20220921080000","457","0","高雄市","左營區","120.280","22.685","444"
"357","102360","20220921080000","176","3","高雄市","左營區","120.265","22.685","435"
"866","102361","20220921080000","669","2","高雄市","左營區","120.275","22.685","1041"
"25","102364","20220921080000","178","0","高雄市","左營區","120.295","22.685","22"
"2200","102365","20220921080000","2119","1","高雄市","新興區","120.310","22.625","2213"
"1535","102366","20220921080000","1113","2","高雄市","新興區","120.305","22.625","1490"
"2539","102370","20220921080000","2534","1","高雄市","仁武區","120.325","22.680","2690"
"2118","102371","20220921080000","2174","0","高雄市","左營區","120.305","22.680","2135"
"1100","102372","20220921080000","2222","0","高雄市","左營區","120.315","22.680","1051"
"861","102373","20220921080000","804","1","高雄市","左營區","120.315","22.685","799"
"636","102374","20220921080000","764","0","高雄市","仁武區","120.330","22.685","626"
"272","102375","20220921080000","410","0","高雄市","左營區","120.310","22.690","238"
"1388","102376","20220921080000","1740","0","高雄市","左營區","120.320","22.685","2031"
"4584","102377","20220921080000","4945","0","高雄市","三民區","120.310","22.645","4566"
"292","102378","20220921080000","1003","0","高雄市","三民區","120.310","22.650","325"
"1843","102380","20220921080000","1427","2","高雄市","三民區","120.325","22.640","1852"
"944","102381","20220921080000","881","1","高雄市","三民區","120.295","22.640","917"
"1658","102382","20220921080000","1521","1","高雄市","三民區","120.300","22.650","1570"
"1742","102383","20220921080000","1431","2","高雄市","新興區","120.300","22.635","1987"
"454","102384","20220921080000","1070","0","高雄市","三民區","120.285","22.635","1454"
"1371","102385","20220921080000","1248","1","高雄市","三民區","120.330","22.645","1337"
"21","102386","20220921080000","31","0","高雄市","楠梓區","120.330","22.725","26"
"45","102387","20220921080000","39","1","高雄市","楠梓區","120.330","22.730","37"
"1655","102388","20220921080000","1486","1","高雄市","楠梓區","120.335","22.730","1663"
"2430","102389","20220921080000","1812","2","高雄市","楠梓區","120.325","22.730","2375"
"1223","102390","20220921080000","1216","1","高雄市","楠梓區","120.285","22.720","1194"
"419","102391","20220921080000","532","0","高雄市","楠梓區","120.290","22.705","425"
"317","102393","20220921080000","150","3","高雄市","楠梓區","120.305","22.700","313"
"412","102408","20220921080000","237","3","高雄市","鼓山區(海)","120.295","22.600","405"
"1696","102417","20220921080000","1646","1","高雄市","三民區","120.300","22.645","1644"
"77","102419","20220921080000","123","0","高雄市","新興區","120.310","22.635","75"
"1651","102420","20220921080000","1608","1","高雄市","三民區","120.300","22.640","1653"
"657","102421","20220921080000","680","0","高雄市","鳳山區","120.345","22.600","617"
"2344","102422","20220921080000","2796","0","高雄市","鳳山區","120.345","22.610","2355"
"216","102423","20220921080000","287","0","高雄市","鳳山區","120.355","22.610","226"
"1635","102424","20220921080000","1582","1","高雄市","鹽埕區","120.285","22.625","1755"
"2208","102425","20220921080000","1254","3","高雄市","鹽埕區","120.285","22.620","2263"
"708","102426","20220921080000","681","1","高雄市","楠梓區","120.305","22.720","706"
"1116","102427","20220921080000","1243","0","高雄市","楠梓區","120.310","22.720","1187"
"2535","102428","20220921080000","1680","3","高雄市","楠梓區","120.305","22.725","2521"
"1328","102429","20220921080000","1010","2","高雄市","楠梓區","120.310","22.725","1385"
"559","102430","20220921080000","1292","0","高雄市","楠梓區","120.315","22.725","547"
"1564","102431","20220921080000","1393","1","高雄市","楠梓區","120.315","22.730","1514"
"20","102432","20220921080000","230","0","高雄市","楠梓區","120.265","22.705","20"
"26","102441","20220921080000","209","0","高雄市","楠梓區","120.280","22.715","23"
"237","102442","20220921080000","813","0","高雄市","楠梓區","120.280","22.720","191"
"887","102444","20220921080000","727","2","高雄市","楠梓區","120.320","22.715","880"
"559","102445","20220921080000","445","2","高雄市","楠梓區","120.325","22.720","554"
"70","102447","20220921080000","1319","0","高雄市","楠梓區","120.320","22.720","84"
"130","102448","20220921080000","139","0","高雄市","旗津區","120.270","22.605","116"
"10","102461","20220921080000","10","1","高雄市","大樹區","120.420","22.700","12"
"123","102466","20220921080000","101","2","高雄市","大樹區","120.415","22.705","133"
"31","102478","20220921080000","247","0","高雄市","大樹區","120.440","22.710","39"
"333","102482","20220921080000","281","1","高雄市","大樹區","120.445","22.715","321"
"178","111108","20220921080000","657","0","屏東縣","九如鄉","120.480","22.750","164"
"45","111134","20220921080000","31","2","屏東縣","九如鄉","120.490","22.740","37"
"35","111142","20220921080000","178","0","屏東縣","九如鄉","120.500","22.740","31"
"52","111145","20220921080000","178","0","屏東縣","九如鄉","120.500","22.745","57"
"40","111157","20220921080000","354","0","屏東縣","九如鄉","120.500","22.760","47"
"251","111163","20220921080000","120","3","屏東縣","九如鄉","120.495","22.745","262"
"22","111167","20220921080000","242","0","屏東縣","九如鄉","120.490","22.755","28"
"17","111171","20220921080000","140","0","屏東縣","九如鄉","120.495","22.760","11"
"373","111186","20220921080000","191","3","屏東縣","高樹鄉","120.570","22.795","436"
"230","111215","20220921080000","81","3","屏東縣","鹽埔鄉","120.545","22.760","269"
"48","111217","20220921080000","181","0","屏東縣","鹽埔鄉","120.555","22.760","39"
"369","111238","20220921080000","275","2","屏東縣","鹽埔鄉","120.545","22.745","369"
"519","111270","20220921080000","298","3","屏東縣","鹽埔鄉","120.550","22.735","626"
"25","111271","20220921080000","25","1","屏東縣","鹽埔鄉","120.560","22.735","21"
"35","111273","20220921080000","289","0","屏東縣","鹽埔鄉","120.555","22.740","36"
"492","111282","20220921080000","201","3","屏東縣","鹽埔鄉","120.560","22.740","555"
"564","111309","20220921080000","273","3","屏東縣","鹽埔鄉","120.515","22.740","576"
"46","111315","20220921080000","179","0","屏東縣","鹽埔鄉","120.580","22.740","50"
"44","111337","20220921080000","330","0","屏東縣","鹽埔鄉","120.580","22.755","56"
"303","111360","20220921080000","862","0","屏東縣","鹽埔鄉","120.575","22.755","313"
"131","111374","20220921080000","100","2","屏東縣","里港鄉","120.480","22.770","121"
"442","111380","20220921080000","369","1","屏東縣","里港鄉","120.480","22.775","413"
"32","111398","20220921080000","135","0","屏東縣","里港鄉","120.490","22.820","155"
"24","111418","20220921080000","162","0","屏東縣","里港鄉","120.490","22.775","25"
"1536","111419","20220921080000","909","3","屏東縣","里港鄉","120.495","22.775","1535"
"169","111451","20220921080000","153","1","屏東縣","里港鄉","120.535","22.775","170"
"59","111459","20220921080000","406","0","屏東縣","里港鄉","120.520","22.785","63"
"253","111491","20220921080000","157","3","屏東縣","里港鄉","120.500","22.780","235"
"149","111507","20220921080000","331","0","屏東縣","高樹鄉","120.615","22.815","140"
"36","111605","20220921080000","65","0","屏東縣","三地門鄉","120.700","22.790","22"
"16","111824","20220921080000","49","0","屏東縣","三地門鄉","120.700","22.765","18"
"141","111907","20220921080000","120","1","屏東縣","三地門鄉","120.635","22.745","173"
"13","112026","20220921080000","50","0","屏東縣","霧台鄉","120.740","22.740","17"
"45","112635","20220921080000","390","0","屏東縣","里港鄉","120.490","22.805","541"
"654","112659","20220921080000","383","3","屏東縣","里港鄉","120.505","22.815","553"
"17","112661","20220921080000","15","1","屏東縣","里港鄉","120.525","22.815","19"
"33","112669","20220921080000","109","0","屏東縣","里港鄉","120.505","22.820","30"
"268","112687","20220921080000","173","3","屏東縣","里港鄉","120.535","22.825","253"
"134","112714","20220921080000","78","3","屏東縣","里港鄉","120.485","22.765","173"
"1250","112719","20220921080000","821","3","屏東縣","里港鄉","120.495","22.780","1132"
"15","112920","20220921080000","79","0","屏東縣","霧台鄉","120.725","22.740","25"
"176","112942","20220921080000","130","2","屏東縣","高樹鄉","120.595","22.775","176"
"19","112982","20220921080000","15","2","屏東縣","高樹鄉","120.615","22.760","22"
"22","112995","20220921080000","14","3","屏東縣","高樹鄉","120.615","22.770","16"
"191","112999","20220921080000","149","2","屏東縣","高樹鄉","120.635","22.770","200"
"21","113004","20220921080000","27","0","屏東縣","高樹鄉","120.630","22.740","36"
"166","113006","20220921080000","154","1","屏東縣","高樹鄉","120.620","22.740","164"
"66","113023","20220921080000","29","3","屏東縣","高樹鄉","120.625","22.830","66"
"88","113048","20220921080000","390","0","屏東縣","高樹鄉","120.560","22.785","131"
"42","113075","20220921080000","112","0","屏東縣","高樹鄉","120.590","22.825","41"
"346","113097","20220921080000","271","2","屏東縣","高樹鄉","120.610","22.785","331"
"29","113099","20220921080000","220","0","屏東縣","高樹鄉","120.620","22.785","28"
"20","113103","20220921080000","20","1","屏東縣","高樹鄉","120.610","22.790","19"
"129","113129","20220921080000","68","3","屏東縣","高樹鄉","120.595","22.810","134"
"66","113131","20220921080000","45","2","屏東縣","高樹鄉","120.595","22.815","52"
"1481","113133","20220921080000","1116","2","屏東縣","高樹鄉","120.600","22.825","1411"
"1481","113137","20220921080000","2416","0","臺東縣","臺東市","121.155","22.750","1687"
"100","113139","20220921080000","64","3","臺東縣","臺東市","121.160","22.760","57"
"1872","113141","20220921080000","1180","3","臺東縣","臺東市","121.155","22.755","1866"
"783","113159","20220921080000","506","3","高雄市","永安區","120.225","22.820","786"
"918","113177","20220921080000","553","3","高雄市","永安區","120.250","22.810","883"
"90","113178","20220921080000","578","0","高雄市","岡山區","120.255","22.810","93"
"156","113182","20220921080000","140","1","高雄市","永安區","120.250","22.815","148"
"224","113185","20220921080000","179","2","高雄市","永安區","120.240","22.815","213"
"35","113196","20220921080000","37","0","高雄市","永安區","120.205","22.840","34"
"634","113206","20220921080000","668","0","臺東縣","臺東市","121.130","22.765","635"
"679","113207","20220921080000","1232","0","臺東縣","臺東市","121.120","22.770","700"
"501","113213","20220921080000","383","2","臺東縣","臺東市","121.125","22.780","507"
"1159","113214","20220921080000","1211","0","臺東縣","臺東市","121.120","22.785","1180"
"226","113216","20220921080000","172","2","臺東縣","臺東市","121.130","22.770","229"
"1445","113217","20220921080000","948","3","臺東縣","臺東市","121.135","22.770","1439"
"64","113218","20220921080000","112","0","臺東縣","臺東市","121.125","22.775","65"
"634","113219","20220921080000","655","0","臺東縣","臺東市","121.130","22.775","650"
"664","113236","20220921080000","713","0","臺東縣","臺東市","121.115","22.785","783"
"344","113239","20220921080000","266","2","臺東縣","臺東市","121.110","22.790","313"
"65","113251","20220921080000","83","0","臺東縣","臺東市","121.155","22.760","100"
"280","113258","20220921080000","209","2","臺東縣","臺東市","121.175","22.780","298"
"80","113260","20220921080000","66","2","臺東縣","臺東市","121.185","22.790","93"
"442","113263","20220921080000","516","0","臺東縣","臺東市","121.190","22.795","451"
"120","113266","20220921080000","106","1","臺東縣","臺東市","121.195","22.800","141"
"24","113269","20220921080000","28","0","臺東縣","臺東市","121.190","22.810","19"
"144","113273","20220921080000","150","0","臺東縣","臺東市","121.195","22.815","186"
"347","113295","20220921080000","274","2","臺東縣","臺東市","121.175","22.785","345"
"152","113299","20220921080000","107","2","臺東縣","臺東市","121.175","22.790","119"
"119","113310","20220921080000","105","1","臺東縣","臺東市","121.150","22.765","117"
"769","113311","20220921080000","816","0","臺東縣","臺東市","121.155","22.765","786"
"144","113314","20220921080000","1027","0","高雄市","岡山區","120.285","22.780","152"
"33","113315","20220921080000","26","2","高雄市","岡山區","120.290","22.780","35"
"75","113317","20220921080000","68","1","高雄市","岡山區","120.290","22.785","75"
"1711","113318","20220921080000","1349","2","高雄市","岡山區","120.280","22.800","1752"
"369","113327","20220921080000","356","1","臺東縣","臺東市","121.065","22.740","391"
"223","113345","20220921080000","256","0","臺東縣","臺東市","121.055","22.760","223"
"212","113347","20220921080000","194","1","臺東縣","臺東市","121.060","22.760","188"
"1334","113354","20220921080000","1694","0","臺東縣","臺東市","121.145","22.765","1372"
"367","113355","20220921080000","411","0","臺東縣","臺東市","121.140","22.770","375"
"1384","113356","20220921080000","1269","1","臺東縣","臺東市","121.145","22.770","1405"
"1076","113364","20220921080000","1157","0","臺東縣","臺東市","121.145","22.745","1071"
"786","113366","20220921080000","1718","0","臺東縣","臺東市","121.140","22.750","922"
"677","113367","20220921080000","813","0","臺東縣","臺東市","121.145","22.750","722"
"364","113369","20220921080000","1005","0","臺東縣","臺東市","121.145","22.755","424"
"13","113372","20220921080000","59","0","臺東縣","臺東市","121.160","22.755","14"
"186","113378","20220921080000","171","1","臺東縣","臺東市","121.125","22.790","214"
"392","113380","20220921080000","414","0","臺東縣","臺東市","121.130","22.790","478"
"764","113381","20220921080000","1160","0","臺東縣","臺東市","121.125","22.795","879"
"396","113386","20220921080000","340","1","臺東縣","臺東市","121.125","22.805","391"
"78","113389","20220921080000","48","3","臺東縣","臺東市","121.120","22.810","85"
"941","113416","20220921080000","830","1","臺東縣","臺東市","121.105","22.750","971"
"284","113423","20220921080000","220","2","臺東縣","臺東市","121.105","22.755","299"
"400","113425","20220921080000","424","0","臺東縣","臺東市","121.075","22.760","452"
"511","113434","20220921080000","488","1","臺東縣","臺東市","121.060","22.735","510"
"90","113448","20220921080000","80","1","屏東縣","里港鄉","120.530","22.830","103"
"128","113450","20220921080000","88","2","高雄市","美濃區","120.540","22.830","135"
"223","113466","20220921080000","210","1","高雄市","美濃區","120.530","22.840","223"
"27","113487","20220921080000","21","2","高雄市","大樹區","120.445","22.740","23"
"51","113496","20220921080000","45","1","高雄市","大樹區","120.445","22.745","52"
"577","113505","20220921080000","743","0","高雄市","大樹區","120.445","22.750","592"
"146","113506","20220921080000","111","2","高雄市","大樹區","120.450","22.750","166"
"57","113513","20220921080000","45","2","高雄市","岡山區","120.270","22.775","50"
"368","113514","20220921080000","325","1","高雄市","楠梓區","120.280","22.735","359"
"14","113561","20220921080000","157","0","臺東縣","卑南鄉","121.060","22.775","11"
"271","113564","20220921080000","148","3","臺東縣","卑南鄉","121.075","22.775","298"
"335","113740","20220921080000","334","1","臺東縣","卑南鄉","121.080","22.775","342"
"280","113741","20220921080000","287","0","臺東縣","卑南鄉","121.085","22.775","275"
"387","113742","20220921080000","340","1","臺東縣","卑南鄉","121.090","22.775","409"
"345","113750","20220921080000","223","3","臺東縣","卑南鄉","121.080","22.785","333"
"344","113792","20220921080000","340","1","臺東縣","卑南鄉","121.100","22.825","376"
"186","113799","20220921080000","117","3","臺東縣","卑南鄉","121.090","22.830","188"
"16","113812","20220921080000","10","3","臺東縣","卑南鄉","121.100","22.835","10"
"425","113843","20220921080000","462","0","臺東縣","卑南鄉","121.090","22.800","475"
"159","113882","20220921080000","158","1","臺東縣","卑南鄉","121.090","22.820","187"
"24","113896","20220921080000","31","0","高雄市","路竹區","120.270","22.840","18"
"461","113902","20220921080000","349","2","高雄市","橋頭區","120.290","22.745","543"
"77","113905","20220921080000","93","0","高雄市","橋頭區","120.295","22.755","82"
"632","113906","20220921080000","575","1","高雄市","楠梓區","120.325","22.755","668"
"138","113911","20220921080000","110","2","高雄市","橋頭區","120.320","22.765","131"
"803","113923","20220921080000","684","1","高雄市","橋頭區","120.305","22.770","799"
"364","113933","20220921080000","315","1","高雄市","橋頭區","120.290","22.760","423"
"891","113934","20220921080000","710","2","高雄市","岡山區","120.280","22.765","887"
"85","113947","20220921080000","75","1","高雄市","路竹區","120.275","22.840","66"
"65","113948","20220921080000","66","0","高雄市","路竹區","120.280","22.840","60"
"540","113950","20220921080000","360","3","高雄市","路竹區","120.275","22.820","525"
"350","113959","20220921080000","342","1","高雄市","路竹區","120.275","22.825","366"
"865","113962","20220921080000","683","2","高雄市","路竹區","120.265","22.830","885"
"222","113965","20220921080000","11","3","高雄市","路竹區","120.265","22.840","201"
"627","113969","20220921080000","621","1","高雄市","路竹區","120.240","22.835","619"
"1421","113971","20220921080000","1155","2","高雄市","路竹區","120.250","22.835","1451"
"559","113978","20220921080000","573","0","高雄市","路竹區","120.245","22.845","614"
"541","113982","20220921080000","533","1","高雄市","路竹區","120.260","22.840","525"
"22","113984","20220921080000","183","0","高雄市","彌陀區","120.245","22.785","27"
"345","113985","20220921080000","339","1","高雄市","彌陀區","120.245","22.790","306"
"45","113992","20220921080000","34","2","高雄市","橋頭區","120.300","22.765","39"
"16","113994","20220921080000","625","0","高雄市","橋頭區","120.320","22.735","13"
"633","113997","20220921080000","431","2","高雄市","橋頭區","120.315","22.745","471"
"499","114001","20220921080000","561","0","高雄市","橋頭區","120.315","22.760","447"
"318","114004","20220921080000","360","0","高雄市","橋頭區","120.310","22.760","346"
"1376","114006","20220921080000","1348","1","高雄市","橋頭區","120.310","22.765","1367"
"13","114044","20220921080000","13","1","高雄市","旗山區","120.465","22.830","10"
"383","114050","20220921080000","341","1","高雄市","橋頭區","120.300","22.740","386"
"531","114055","20220921080000","438","2","高雄市","橋頭區","120.295","22.735","556"
"252","114057","20220921080000","375","0","高雄市","橋頭區","120.295","22.740","260"
"58","114059","20220921080000","524","0","高雄市","橋頭區","120.290","22.765","56"
"491","114062","20220921080000","294","3","高雄市","橋頭區","120.270","22.735","513"
"29","114068","20220921080000","294","0","高雄市","橋頭區","120.280","22.745","13"
"504","114075","20220921080000","362","2","高雄市","永安區","120.240","22.820","522"
"262","114077","20220921080000","202","2","高雄市","永安區","120.250","22.820","240"
"237","114094","20220921080000","196","2","高雄市","永安區","120.210","22.810","215"
"54","114108","20220921080000","54","1","高雄市","永安區","120.205","22.825","57"
"17","114112","20220921080000","382","0","高雄市","路竹區","120.260","22.835","16"
"2310","114116","20220921080000","2590","0","臺東縣","臺東市","121.150","22.755","2560"
"2268","114117","20220921080000","1913","1","臺東縣","臺東市","121.145","22.760","2454"
"803","114118","20220921080000","803","1","臺東縣","臺東市","121.150","22.760","839"
"397","114125","20220921080000","366","1","臺東縣","臺東市","121.115","22.750","426"
"1419","114128","20220921080000","1179","2","臺東縣","臺東市","121.135","22.755","1511"
"873","114129","20220921080000","800","1","臺東縣","臺東市","121.140","22.760","911"
"140","114130","20220921080000","1480","0","臺東縣","臺東市","121.150","22.750","222"
"335","114135","20220921080000","321","1","臺東縣","臺東市","121.100","22.740","355"
"739","114143","20220921080000","962","0","高雄市","燕巢區","120.360","22.765","754"
"1836","114144","20220921080000","1471","2","高雄市","燕巢區","120.365","22.765","1794"
"471","114154","20220921080000","844","0","高雄市","燕巢區","120.360","22.770","488"
"545","114155","20220921080000","414","2","高雄市","岡山區","120.315","22.775","551"
"29","114158","20220921080000","24","2","高雄市","燕巢區","120.330","22.775","22"
"727","114160","20220921080000","673","1","高雄市","燕巢區","120.340","22.775","700"
"277","114174","20220921080000","282","0","高雄市","燕巢區","120.360","22.775","252"
"64","114194","20220921080000","62","1","高雄市","燕巢區","120.400","22.810","80"
"171","114204","20220921080000","179","0","高雄市","燕巢區","120.340","22.755","177"
"171","114206","20220921080000","267","0","高雄市","燕巢區","120.350","22.755","160"
"390","114207","20220921080000","332","1","高雄市","燕巢區","120.355","22.755","365"
"79","114210","20220921080000","151","0","高雄市","燕巢區","120.335","22.760","76"
"270","114212","20220921080000","242","1","高雄市","燕巢區","120.345","22.760","273"
"20","114214","20220921080000","144","0","高雄市","燕巢區","120.355","22.760","12"
"87","114226","20220921080000","99","0","高雄市","田寮區","120.420","22.820","87"
"49","114268","20220921080000","39","2","高雄市","岡山區","120.270","22.795","47"
"1055","114271","20220921080000","786","2","高雄市","岡山區","120.285","22.795","977"
"837","114274","20220921080000","670","2","高雄市","岡山區","120.280","22.780","811"
"485","114276","20220921080000","444","1","高雄市","梓官區","120.265","22.750","490"
"612","114278","20220921080000","474","2","高雄市","梓官區","120.260","22.745","600"
"262","114279","20220921080000","128","3","高雄市","梓官區","120.265","22.745","260"
"709","114288","20220921080000","563","2","高雄市","梓官區","120.265","22.760","702"
"1370","114295","20220921080000","977","2","高雄市","梓官區","120.270","22.760","1314"
"376","114297","20220921080000","292","2","高雄市","梓官區","120.245","22.740","378"
"190","114302","20220921080000","174","1","高雄市","梓官區","120.245","22.750","199"
"363","114304","20220921080000","275","2","高雄市","梓官區","120.250","22.735","346"
"700","114307","20220921080000","731","0","高雄市","橋頭區","120.310","22.750","538"
"125","114308","20220921080000","49","3","高雄市","橋頭區","120.315","22.755","92"
"763","114309","20220921080000","1245","0","高雄市","橋頭區","120.310","22.755","681"
"638","114311","20220921080000","617","1","高雄市","橋頭區","120.305","22.735","600"
"34","114315","20220921080000","233","0","高雄市","橋頭區","120.305","22.740","33"
"36","114318","20220921080000","469","0","高雄市","橋頭區","120.310","22.745","523"
"452","114322","20220921080000","391","1","高雄市","橋頭區","120.300","22.755","488"
"191","114329","20220921080000","138","2","高雄市","旗山區","120.445","22.775","229"
"64","114344","20220921080000","55","1","高雄市","旗山區","120.440","22.785","55"
"48","114349","20220921080000","43","1","高雄市","旗山區","120.430","22.790","22"
"40","114358","20220921080000","40","1","高雄市","旗山區","120.435","22.795","40"
"249","114363","20220921080000","250","0","高雄市","旗山區","120.460","22.795","205"
"182","114393","20220921080000","57","3","高雄市","旗山區","120.455","22.815","92"
"126","114395","20220921080000","87","2","高雄市","旗山區","120.465","22.815","108"
"562","114407","20220921080000","616","0","高雄市","旗山區","120.465","22.840","545"
"74","114408","20220921080000","76","0","高雄市","旗山區","120.450","22.845","74"
"26","114416","20220921080000","429","0","高雄市","梓官區","120.270","22.765","35"
"39","114421","20220921080000","917","0","高雄市","梓官區","120.260","22.740","29"
"307","114422","20220921080000","279","1","高雄市","橋頭區","120.265","22.740","300"
"92","114448","20220921080000","76","2","臺東縣","卑南鄉","121.180","22.805","66"
"75","114462","20220921080000","72","1","臺東縣","卑南鄉","121.150","22.820","69"
"67","114473","20220921080000","87","0","臺東縣","卑南鄉","121.150","22.830","85"
"94","114575","20220921080000","94","1","臺東縣","卑南鄉","121.055","22.745","171"
"240","114700","20220921080000","231","1","臺東縣","臺東市","121.045","22.760","249"
"200","114840","20220921080000","170","1","臺東縣","卑南鄉","121.070","22.795","264"
"405","114846","20220921080000","416","0","臺東縣","卑南鄉","121.065","22.800","419"
"567","114971","20220921080000","585","0","臺東縣","臺東市","121.125","22.740","519"
"728","114977","20220921080000","873","0","臺東縣","臺東市","121.135","22.740","811"
"1018","114979","20220921080000","991","1","臺東縣","臺東市","121.120","22.735","981"
"1181","115004","20220921080000","1075","1","高雄市","岡山區","120.285","22.790","1131"
"23","115005","20220921080000","18","2","高雄市","岡山區","120.290","22.790","21"
"257","115006","20220921080000","202","2","高雄市","岡山區","120.295","22.785","253"
"19","115293","20220921080000","16","1","高雄市","田寮區","120.370","22.825","16"
"249","115298","20220921080000","183","2","高雄市","田寮區","120.360","22.830","229"
"103","115300","20220921080000","107","0","高雄市","田寮區","120.370","22.830","110"
"97","115304","20220921080000","95","1","高雄市","田寮區","120.355","22.835","91"
"118","115311","20220921080000","108","1","高雄市","田寮區","120.395","22.835","121"
"166","115312","20220921080000","157","1","高雄市","田寮區","120.345","22.840","182"
"49","115319","20220921080000","52","0","高雄市","田寮區","120.345","22.845","46"
"36","115329","20220921080000","61","0","高雄市","旗山區","120.435","22.830","41"
"90","115367","20220921080000","763","0","高雄市","燕巢區","120.355","22.790","80"
"322","115368","20220921080000","259","2","高雄市","燕巢區","120.360","22.790","303"
"82","115373","20220921080000","84","0","高雄市","燕巢區","120.360","22.780","78"
"326","115374","20220921080000","251","2","高雄市","燕巢區","120.325","22.785","352"
"350","115375","20220921080000","327","1","高雄市","燕巢區","120.330","22.785","356"
"287","115377","20220921080000","263","1","高雄市","燕巢區","120.340","22.785","267"
"334","115380","20220921080000","414","0","高雄市","燕巢區","120.355","22.785","363"
"412","115382","20220921080000","323","2","高雄市","燕巢區","120.340","22.790","403"
"251","115384","20220921080000","206","2","高雄市","燕巢區","120.350","22.790","289"
"20","115394","20220921080000","16","2","高雄市","燕巢區","120.355","22.810","21"
"32","115398","20220921080000","26","2","高雄市","燕巢區","120.375","22.810","26"
"85","115401","20220921080000","82","1","高雄市","燕巢區","120.390","22.810","80"
"76","115402","20220921080000","61","2","高雄市","燕巢區","120.355","22.815","70"
"158","115429","20220921080000","158","1","高雄市","燕巢區","120.365","22.790","156"
"386","115436","20220921080000","378","1","高雄市","燕巢區","120.365","22.795","366"
"124","115437","20220921080000","100","2","高雄市","燕巢區","120.370","22.795","109"
"30","115438","20220921080000","27","1","高雄市","燕巢區","120.375","22.795","25"
"581","115447","20220921080000","803","0","高雄市","燕巢區","120.375","22.760","591"
"1081","115450","20220921080000","800","2","高雄市","燕巢區","120.375","22.765","1075"
"167","115453","20220921080000","190","0","高雄市","燕巢區","120.390","22.765","159"
"21","115456","20220921080000","20","1","高雄市","燕巢區","120.415","22.765","17"
"12","115458","20220921080000","72","0","高雄市","燕巢區","120.385","22.770","11"
"25","115461","20220921080000","44","0","高雄市","燕巢區","120.400","22.770","18"
"65","115463","20220921080000","42","3","高雄市","燕巢區","120.410","22.770","55"
"361","115472","20220921080000","275","2","高雄市","燕巢區","120.385","22.775","335"
"153","115473","20220921080000","131","1","高雄市","燕巢區","120.390","22.775","151"
"96","115475","20220921080000","84","1","高雄市","燕巢區","120.400","22.775","115"
"35","115478","20220921080000","20","3","高雄市","燕巢區","120.415","22.775","41"
"161","115482","20220921080000","100","3","高雄市","燕巢區","120.385","22.780","147"
"187","115486","20220921080000","143","2","高雄市","燕巢區","120.405","22.780","150"
"154","115500","20220921080000","110","2","高雄市","燕巢區","120.420","22.780","146"
"303","115501","20220921080000","137","3","高雄市","燕巢區","120.425","22.780","261"
"20","115507","20220921080000","30","0","高雄市","燕巢區","120.410","22.785","13"
"103","115513","20220921080000","96","1","高雄市","燕巢區","120.405","22.790","32"
"156","115519","20220921080000","96","3","高雄市","燕巢區","120.410","22.795","97"
"328","115523","20220921080000","198","3","高雄市","岡山區","120.315","22.785","277"
"603","115524","20220921080000","544","1","高雄市","燕巢區","120.320","22.785","538"
"24","115528","20220921080000","266","0","高雄市","燕巢區","120.330","22.790","26"
"43","115531","20220921080000","385","0","高雄市","燕巢區","120.325","22.795","52"
"359","115537","20220921080000","567","0","高雄市","燕巢區","120.335","22.800","369"
"758","115543","20220921080000","654","1","高雄市","燕巢區","120.355","22.795","731"
"124","115544","20220921080000","114","1","高雄市","燕巢區","120.360","22.795","128"
"452","115546","20220921080000","411","1","高雄市","燕巢區","120.355","22.800","404"
"686","115555","20220921080000","1675","0","高雄市","楠梓區","120.325","22.735","682"
"1328","115556","20220921080000","685","3","高雄市","楠梓區","120.330","22.735","1347"
"837","115557","20220921080000","1290","0","高雄市","楠梓區","120.335","22.735","809"
"888","115559","20220921080000","844","1","高雄市","楠梓區","120.330","22.740","934"
"923","115560","20220921080000","907","1","高雄市","楠梓區","120.335","22.740","915"
"50","115562","20220921080000","541","0","高雄市","楠梓區","120.330","22.745","45"
"18","115563","20220921080000","323","0","高雄市","橋頭區","120.325","22.750","24"
"872","115564","20220921080000","636","2","高雄市","楠梓區","120.330","22.750","942"
"117","115565","20220921080000","67","3","高雄市","岡山區","120.305","22.780","111"
"208","115567","20220921080000","165","2","高雄市","岡山區","120.315","22.825","179"
"359","115568","20220921080000","355","1","高雄市","岡山區","120.325","22.825","397"
"316","115576","20220921080000","569","0","高雄市","岡山區","120.315","22.815","306"
"598","115577","20220921080000","487","2","高雄市","岡山區","120.320","22.815","576"
"75","115580","20220921080000","93","0","高雄市","岡山區","120.325","22.820","49"
"87","115598","20220921080000","1629","0","高雄市","岡山區","120.295","22.795","88"
"244","115599","20220921080000","233","1","高雄市","岡山區","120.290","22.800","235"
"586","115600","20220921080000","545","1","高雄市","岡山區","120.295","22.800","615"
"799","115616","20220921080000","820","0","臺東縣","臺東市","121.105","22.770","820"
"357","115617","20220921080000","320","1","臺東縣","臺東市","121.110","22.770","388"
"196","115631","20220921080000","95","3","高雄市","大樹區","120.420","22.765","156"
"15","115632","20220921080000","15","1","高雄市","大樹區","120.425","22.765","26"
"126","115636","20220921080000","140","0","高雄市","大樹區","120.445","22.765","146"
"18","115639","20220921080000","14","2","高雄市","大樹區","120.425","22.770","18"
"234","115644","20220921080000","212","1","高雄市","大樹區","120.450","22.770","246"
"109","115647","20220921080000","76","2","高雄市","旗山區","120.430","22.775","77"
"585","115648","20220921080000","354","3","高雄市","岡山區","120.300","22.815","582"
"1174","115657","20220921080000","924","2","高雄市","岡山區","120.300","22.820","1172"
"580","115660","20220921080000","484","1","高雄市","岡山區","120.315","22.820","544"
"197","115663","20220921080000","162","2","高雄市","岡山區","120.295","22.830","190"
"243","115664","20220921080000","185","2","高雄市","岡山區","120.290","22.795","236"
"739","115665","20220921080000","717","1","高雄市","岡山區","120.285","22.800","690"
"12","115669","20220921080000","236","0","高雄市","燕巢區","120.325","22.800","12"
"18","115670","20220921080000","47","0","高雄市","岡山區","120.310","22.805","12"
"84","115676","20220921080000","171","0","高雄市","岡山區","120.320","22.810","62"
"208","115684","20220921080000","286","0","高雄市","岡山區","120.305","22.775","230"
"17","115686","20220921080000","30","0","高雄市","岡山區","120.310","22.775","19"
"27","115687","20220921080000","498","0","高雄市","岡山區","120.300","22.780","30"
"32","115690","20220921080000","832","0","高雄市","岡山區","120.300","22.785","29"
"69","115691","20220921080000","1302","0","高雄市","岡山區","120.290","22.805","63"
"161","115692","20220921080000","283","0","高雄市","岡山區","120.295","22.805","178"
"91","115694","20220921080000","740","0","高雄市","岡山區","120.295","22.790","102"
"144","115706","20220921080000","118","2","高雄市","彌陀區","120.240","22.755","140"
"121","115708","20220921080000","126","0","高雄市","梓官區","120.250","22.755","120"
"125","115709","20220921080000","86","2","高雄市","彌陀區","120.235","22.760","123"
"147","115713","20220921080000","129","1","高雄市","彌陀區","120.240","22.765","159"
"315","115714","20220921080000","427","0","高雄市","彌陀區","120.250","22.780","320"
"498","115717","20220921080000","469","1","臺東縣","臺東市","121.140","22.740","543"
"273","115718","20220921080000","227","2","臺東縣","臺東市","121.130","22.745","270"
"1616","115719","20220921080000","1711","0","臺東縣","臺東市","121.135","22.745","1685"
"470","115721","20220921080000","548","0","臺東縣","臺東市","121.130","22.750","557"
"640","115722","20220921080000","576","1","臺東縣","臺東市","121.135","22.750","613"
"369","115724","20220921080000","282","2","臺東縣","臺東市","121.120","22.750","429"
"309","115727","20220921080000","340","0","臺東縣","臺東市","121.130","22.755","388"
"531","115728","20220921080000","618","0","臺東縣","臺東市","121.120","22.760","515"
"81","115732","20220921080000","102","0","臺東縣","臺東市","121.090","22.760","110"
"331","115739","20220921080000","331","1","臺東縣","臺東市","121.095","22.765","346"
"745","115745","20220921080000","815","0","臺東縣","臺東市","121.095","22.770","845"
"187","115749","20220921080000","187","1","高雄市","阿蓮區","120.335","22.835","203"
"11","115751","20220921080000","11","1","高雄市","阿蓮區","120.325","22.840","11"
"1186","115782","20220921080000","823","2","高雄市","岡山區","120.300","22.795","1332"
"1029","115783","20220921080000","987","1","高雄市","岡山區","120.305","22.795","1043"
"61","115784","20220921080000","54","1","高雄市","岡山區","120.310","22.795","53"
"928","115787","20220921080000","688","2","高雄市","岡山區","120.270","22.780","870"
"98","115788","20220921080000","532","0","高雄市","岡山區","120.270","22.785","81"
"218","115791","20220921080000","755","0","高雄市","岡山區","120.285","22.785","214"
"414","115793","20220921080000","424","0","高雄市","彌陀區","120.250","22.785","413"
"949","115795","20220921080000","777","2","高雄市","彌陀區","120.235","22.795","974"
"106","115804","20220921080000","110","0","高雄市","彌陀區","120.245","22.775","115"
"116","115805","20220921080000","101","1","高雄市","彌陀區","120.245","22.765","117"
"151","115808","20220921080000","138","1","高雄市","彌陀區","120.245","22.770","145"
"33","115810","20220921080000","297","0","高雄市","彌陀區","120.255","22.770","25"
"1133","115819","20220921080000","844","2","高雄市","岡山區","120.305","22.785","1128"
"429","115820","20220921080000","1515","0","高雄市","岡山區","120.300","22.790","439"
"839","115821","20220921080000","853","0","高雄市","岡山區","120.305","22.790","880"
"647","115833","20220921080000","429","3","高雄市","岡山區","120.265","22.815","798"
"666","115834","20220921080000","550","2","高雄市","岡山區","120.270","22.815","589"
"435","115836","20220921080000","375","1","高雄市","岡山區","120.255","22.820","419"
"372","115841","20220921080000","327","1","高雄市","岡山區","120.265","22.820","381"
"366","115844","20220921080000","236","3","高雄市","岡山區","120.300","22.830","392"
"740","115849","20220921080000","843","0","高雄市","阿蓮區","120.305","22.835","701"
"31","115851","20220921080000","193","0","高雄市","岡山區","120.280","22.810","37"
"429","115852","20220921080000","287","2","高雄市","岡山區","120.285","22.810","428"
"365","115855","20220921080000","310","1","高雄市","岡山區","120.285","22.815","327"
"55","115856","20220921080000","479","0","高雄市","岡山區","120.290","22.815","71"
"462","115872","20220921080000","348","2","高雄市","彌陀區","120.250","22.775","444"
"27","115876","20220921080000","25","1","高雄市","大社區","120.345","22.735","24"
"21","115878","20220921080000","461","0","高雄市","大社區","120.360","22.740","22"
"141","115879","20220921080000","165","0","高雄市","大社區","120.365","22.740","159"
"348","115883","20220921080000","338","1","高雄市","大社區","120.345","22.740","362"
"781","115886","20220921080000","735","1","高雄市","楠梓區","120.335","22.745","733"
"577","115889","20220921080000","906","0","高雄市","大社區","120.350","22.745","610"
"179","115892","20220921080000","473","0","高雄市","燕巢區","120.340","22.750","193"
"18","115895","20220921080000","22","0","高雄市","大社區","120.355","22.750","16"
"439","115897","20220921080000","277","3","高雄市","大社區","120.365","22.750","402"
"41","115911","20220921080000","50","0","高雄市","大社區","120.395","22.745","37"
"15","115922","20220921080000","33","0","高雄市","大社區","120.405","22.750","10"
"247","115927","20220921080000","80","3","高雄市","大社區","120.390","22.755","239"
"13","115937","20220921080000","12","1","高雄市","燕巢區","120.400","22.765","11"
"216","115941","20220921080000","135","3","高雄市","大社區","120.370","22.735","206"
"323","115943","20220921080000","345","0","高雄市","大社區","120.380","22.735","347"
"21","115944","20220921080000","21","1","高雄市","大社區","120.380","22.740","31"
"494","115946","20220921080000","523","0","高雄市","岡山區","120.275","22.775","490"
"729","115949","20220921080000","589","2","高雄市","岡山區","120.310","22.790","706"
"702","115953","20220921080000","729","0","高雄市","岡山區","120.300","22.800","701"
"51","115954","20220921080000","515","0","高雄市","岡山區","120.305","22.800","55"
"68","115966","20220921080000","57","1","高雄市","旗山區","120.425","22.815","66"
"14","115972","20220921080000","12","1","高雄市","旗山區","120.435","22.825","12"
"101","124145","20220921080000","375","0","屏東縣","高樹鄉","120.610","22.850","116"
"90","124161","20220921080000","228","0","屏東縣","高樹鄉","120.630","22.865","98"
"134","124176","20220921080000","63","3","屏東縣","高樹鄉","120.640","22.880","138"
"37","124193","20220921080000","37","1","臺南市","仁德區","120.245","22.935","32"
"656","124197","20220921080000","680","0","臺南市","仁德區","120.250","22.940","668"
"143","124211","20220921080000","69","3","臺南市","關廟區","120.330","22.910","87"
"435","124220","20220921080000","420","1","臺南市","關廟區","120.345","22.915","452"
"67","124243","20220921080000","200","0","高雄市","茄萣區","120.205","22.855","79"
"388","124253","20220921080000","336","1","臺南市","仁德區","120.215","22.910","410"
"271","124255","20220921080000","197","2","高雄市","湖內區","120.225","22.905","273"
"130","124262","20220921080000","426","0","臺南市","南區","120.185","22.920","121"
"19","124268","20220921080000","218","0","臺南市","歸仁區","120.280","22.915","18"
"388","124271","20220921080000","487","0","臺南市","歸仁區","120.270","22.920","411"
"741","124275","20220921080000","890","0","臺南市","歸仁區","120.285","22.920","787"
"407","124278","20220921080000","209","3","臺南市","歸仁區","120.280","22.925","413"
"74","124281","20220921080000","229","0","臺南市","歸仁區","120.270","22.930","74"
"39","124291","20220921080000","112","0","臺南市","南區","120.175","22.940","38"
"680","124293","20220921080000","809","0","臺南市","仁德區","120.245","22.925","736"
"11","124295","20220921080000","18","0","臺南市","仁德區","120.240","22.930","11"
"505","124314","20220921080000","1206","0","臺南市","仁德區","120.260","22.945","475"
"914","124322","20220921080000","1043","0","臺南市","歸仁區","120.270","22.905","954"
"587","124323","20220921080000","588","0","臺南市","仁德區","120.255","22.910","634"
"541","124338","20220921080000","361","2","臺南市","仁德區","120.250","22.910","513"
"66","124352","20220921080000","63","1","臺南市","關廟區","120.325","22.950","72"
"466","124363","20220921080000","232","3","臺南市","關廟區","120.335","22.930","463"
"30","124371","20220921080000","229","0","臺南市","關廟區","120.335","22.940","34"
"1149","124386","20220921080000","996","1","臺南市","仁德區","120.255","22.950","1138"
"19","124397","20220921080000","16","1","臺南市","仁德區","120.230","22.935","18"
"219","124408","20220921080000","400","0","臺南市","仁德區","120.230","22.945","220"
"203","124415","20220921080000","197","1","臺南市","仁德區","120.260","22.950","197"
"188","124431","20220921080000","158","1","臺南市","歸仁區","120.295","22.925","205"
"460","124453","20220921080000","331","2","臺南市","歸仁區","120.300","22.940","481"
"847","124469","20220921080000","535","3","臺南市","南區","120.180","22.930","830"
"42","124472","20220921080000","169","0","臺南市","南區","120.180","22.935","36"
"170","124474","20220921080000","222","0","臺南市","南區","120.190","22.935","200"
"330","124477","20220921080000","981","0","臺南市","南區","120.180","22.925","334"
"59","124481","20220921080000","31","3","臺南市","歸仁區","120.275","22.905","48"
"72","124491","20220921080000","350","0","臺南市","歸仁區","120.275","22.910","65"
"193","124494","20220921080000","226","0","臺南市","歸仁區","120.285","22.910","187"
"135","124504","20220921080000","512","0","臺南市","歸仁區","120.275","22.915","131"
"804","124526","20220921080000","736","1","臺南市","歸仁區","120.275","22.950","815"
"251","124527","20220921080000","244","1","臺南市","歸仁區","120.280","22.950","255"
"100","124538","20220921080000","131","0","臺南市","仁德區","120.220","22.920","101"
"322","124546","20220921080000","347","0","臺南市","南區","120.215","22.950","329"
"33","124548","20220921080000","81","0","臺南市","仁德區","120.220","22.945","31"
"286","124549","20220921080000","241","1","臺南市","仁德區","120.220","22.950","294"
"70","124550","20220921080000","700","0","高雄市","湖內區","120.230","22.915","54"
"466","124551","20220921080000","491","0","臺南市","仁德區","120.235","22.915","460"
"770","124552","20220921080000","854","0","臺南市","仁德區","120.225","22.920","763"
"424","124553","20220921080000","678","0","臺南市","仁德區","120.230","22.920","394"
"37","124555","20220921080000","651","0","臺南市","仁德區","120.240","22.920","47"
"504","124557","20220921080000","490","1","臺南市","仁德區","120.250","22.920","508"
"598","124559","20220921080000","789","0","臺南市","仁德區","120.225","22.925","612"
"46","124563","20220921080000","642","0","臺南市","仁德區","120.230","22.930","57"
"342","124565","20220921080000","330","1","臺南市","仁德區","120.220","22.915","441"
"1005","124569","20220921080000","941","1","臺南市","仁德區","120.215","22.915","1017"
"824","124585","20220921080000","559","2","臺南市","南區","120.180","22.945","843"
"468","124591","20220921080000","481","0","臺南市","南區","120.185","22.950","495"
"14","124593","20220921080000","27","0","臺南市","南區","120.195","22.950","16"
"47","124601","20220921080000","38","2","高雄市","茂林區","120.685","22.905","53"
"1212","124642","20220921080000","1119","1","高雄市","茄萣區","120.185","22.895","1251"
"14","124648","20220921080000","14","1","高雄市","內門區","120.450","22.920","16"
"272","124661","20220921080000","180","3","高雄市","美濃區","120.525","22.850","288"
"105","124668","20220921080000","106","0","高雄市","美濃區","120.535","22.850","107"
"216","124671","20220921080000","321","0","高雄市","美濃區","120.550","22.850","245"
"303","124678","20220921080000","316","0","高雄市","美濃區","120.535","22.860","271"
"204","124706","20220921080000","134","3","高雄市","美濃區","120.580","22.920","215"
"11","124745","20220921080000","15","0","高雄市","美濃區","120.585","22.940","10"
"1091","124774","20220921080000","972","1","高雄市","美濃區","120.545","22.900","1060"
"212","124778","20220921080000","150","2","高雄市","美濃區","120.555","22.905","203"
"261","124780","20220921080000","218","1","高雄市","美濃區","120.545","22.910","269"
"262","124803","20220921080000","178","2","高雄市","美濃區","120.535","22.865","254"
"372","124809","20220921080000","284","2","高雄市","美濃區","120.535","22.875","367"
"250","124812","20220921080000","165","3","高雄市","美濃區","120.535","22.880","255"
"275","124818","20220921080000","181","3","高雄市","美濃區","120.555","22.885","251"
"240","124831","20220921080000","310","0","高雄市","內門區","120.460","22.925","279"
"85","124869","20220921080000","82","1","高雄市","內門區","120.470","22.910","87"
"15","124870","20220921080000","33","0","高雄市","內門區","120.475","22.910","15"
"227","124903","20220921080000","204","1","高雄市","內門區","120.465","22.940","243"
"54","124908","20220921080000","191","0","高雄市","內門區","120.460","22.920","53"
"16","124948","20220921080000","17","0","臺南市","龍崎區","120.360","22.940","18"
"32","124962","20220921080000","31","1","臺南市","龍崎區","120.380","22.950","37"
"17","124976","20220921080000","19","0","臺南市","龍崎區","120.395","22.930","20"
"97","124995","20220921080000","66","2","臺南市","龍崎區","120.365","22.915","101"
"236","125006","20220921080000","288","0","臺南市","龍崎區","120.350","22.930","260"
"399","125045","20220921080000","412","0","臺南市","龍崎區","120.425","22.940","396"
"16","125051","20220921080000","17","0","臺南市","龍崎區","120.400","22.950","17"
"250","125138","20220921080000","320","0","臺東縣","卑南鄉","121.125","22.870","238"
"89","125172","20220921080000","73","2","臺東縣","卑南鄉","121.190","22.850","97"
"478","125177","20220921080000","494","0","高雄市","湖內區","120.235","22.900","517"
"135","125178","20220921080000","227","0","臺南市","仁德區","120.235","22.905","124"
"921","125179","20220921080000","538","3","高雄市","湖內區","120.230","22.910","950"
"426","125186","20220921080000","357","1","高雄市","路竹區","120.275","22.870","449"
"284","125192","20220921080000","515","0","高雄市","路竹區","120.265","22.885","330"
"343","125206","20220921080000","310","1","高雄市","路竹區","120.270","22.870","357"
"677","125207","20220921080000","744","0","高雄市","路竹區","120.255","22.875","682"
"289","125215","20220921080000","145","3","高雄市","茄萣區","120.180","22.910","266"
"510","125229","20220921080000","493","1","高雄市","路竹區","120.290","22.865","573"
"322","125232","20220921080000","356","0","高雄市","路竹區","120.245","22.860","327"
"1074","125234","20220921080000","860","2","高雄市","路竹區","120.255","22.860","1082"
"152","125242","20220921080000","126","2","高雄市","路竹區","120.250","22.855","169"
"24","125244","20220921080000","42","0","高雄市","路竹區","120.260","22.865","32"
"364","125249","20220921080000","447","0","高雄市","路竹區","120.235","22.860","401"
"330","125257","20220921080000","444","0","高雄市","路竹區","120.260","22.860","326"
"42","125258","20220921080000","44","0","高雄市","路竹區","120.255","22.865","47"
"365","125263","20220921080000","340","1","高雄市","路竹區","120.225","22.855","336"
"134","125284","20220921080000","81","3","高雄市","旗山區","120.515","22.855","148"
"354","125285","20220921080000","333","1","高雄市","旗山區","120.490","22.860","393"
"18","125295","20220921080000","72","0","高雄市","旗山區","120.490","22.880","21"
"369","125296","20220921080000","199","3","高雄市","旗山區","120.495","22.880","415"
"512","125297","20220921080000","488","1","高雄市","旗山區","120.500","22.880","524"
"725","125340","20220921080000","1153","0","高雄市","旗山區","120.480","22.895","734"
"79","125343","20220921080000","162","0","高雄市","旗山區","120.480","22.900","78"
"590","125346","20220921080000","555","1","高雄市","旗山區","120.475","22.905","565"
"24","125349","20220921080000","488","0","高雄市","旗山區","120.485","22.905","24"
"89","125360","20220921080000","459","0","高雄市","湖內區","120.250","22.880","90"
"239","125361","20220921080000","583","0","高雄市","湖內區","120.245","22.885","240"
"26","125366","20220921080000","253","0","高雄市","湖內區","120.240","22.890","39"
"530","125367","20220921080000","392","2","高雄市","湖內區","120.245","22.890","507"
"49","125374","20220921080000","65","0","高雄市","旗山區","120.445","22.885","61"
"51","125393","20220921080000","55","0","高雄市","內門區","120.420","22.910","45"
"38","125438","20220921080000","20","3","高雄市","茂林區","120.650","22.880","39"
"113","125487","20220921080000","104","1","高雄市","六龜區","120.620","22.890","114"
"128","125491","20220921080000","113","1","高雄市","六龜區","120.625","22.895","151"
"131","125506","20220921080000","150","0","高雄市","六龜區","120.635","22.910","146"
"14","125528","20220921080000","19","0","高雄市","六龜區","120.615","22.880","22"
"23","125541","20220921080000","34","0","高雄市","六龜區","120.615","22.885","23"
"159","125543","20220921080000","131","2","高雄市","六龜區","120.625","22.885","191"
"105","125591","20220921080000","91","1","高雄市","六龜區","120.645","22.925","134"
"600","125608","20220921080000","522","1","高雄市","路竹區","120.265","22.865","565"
"227","125613","20220921080000","214","1","高雄市","路竹區","120.265","22.850","224"
"66","125614","20220921080000","110","0","高雄市","路竹區","120.260","22.855","84"
"24","125615","20220921080000","521","0","高雄市","路竹區","120.265","22.855","20"
"396","125624","20220921080000","313","2","高雄市","路竹區","120.290","22.875","415"
"164","125626","20220921080000","122","2","高雄市","路竹區","120.295","22.875","141"
"299","125629","20220921080000","336","0","高雄市","路竹區","120.285","22.880","296"
"384","125646","20220921080000","380","1","臺南市","關廟區","120.345","22.905","390"
"261","125659","20220921080000","218","1","高雄市","阿蓮區","120.290","22.895","269"
"249","125660","20220921080000","238","1","高雄市","阿蓮區","120.295","22.895","290"
"528","125667","20220921080000","593","0","臺南市","歸仁區","120.280","22.905","520"
"19","125675","20220921080000","112","0","高雄市","湖內區","120.195","22.910","13"
"383","125676","20220921080000","122","3","高雄市","湖內區","120.200","22.910","369"
"30","125737","20220921080000","322","0","高雄市","田寮區","120.370","22.865","25"
"63","125772","20220921080000","70","0","高雄市","田寮區","120.400","22.890","64"
"29","125779","20220921080000","40","0","高雄市","田寮區","120.400","22.895","37"
"31","125825","20220921080000","25","2","臺東縣","東河鄉","121.270","22.930","42"
"57","125838","20220921080000","46","2","臺東縣","東河鄉","121.275","22.940","75"
"154","125849","20220921080000","98","3","臺東縣","鹿野鄉","121.150","22.930","151"
"1039","125884","20220921080000","1213","0","高雄市","旗山區","120.480","22.880","1032"
"562","125896","20220921080000","558","1","高雄市","美濃區","120.540","22.900","565"
"26","125917","20220921080000","34","0","高雄市","美濃區","120.535","22.900","24"
"155","125941","20220921080000","164","0","高雄市","美濃區","120.565","22.865","133"
"10","125950","20220921080000","10","1","高雄市","美濃區","120.570","22.870","10"
"42","125951","20220921080000","29","2","高雄市","美濃區","120.575","22.870","34"
"70","125952","20220921080000","77","0","高雄市","美濃區","120.580","22.870","86"
"304","125955","20220921080000","284","1","高雄市","美濃區","120.565","22.875","351"
"119","125966","20220921080000","99","2","高雄市","美濃區","120.545","22.880","139"
"69","125970","20220921080000","67","1","高雄市","美濃區","120.535","22.885","66"
"285","125981","20220921080000","280","1","高雄市","美濃區","120.515","22.875","298"
"158","125989","20220921080000","149","1","高雄市","旗山區","120.505","22.890","158"
"305","125997","20220921080000","281","1","高雄市","美濃區","120.520","22.895","317"
"234","126001","20220921080000","186","2","高雄市","美濃區","120.520","22.900","234"
"404","126010","20220921080000","355","1","高雄市","美濃區","120.560","22.915","388"
"134","126024","20220921080000","119","1","高雄市","美濃區","120.580","22.925","136"
"250","126043","20220921080000","214","1","高雄市","美濃區","120.550","22.865","262"
"303","126059","20220921080000","272","1","高雄市","美濃區","120.575","22.880","286"
"64","126076","20220921080000","78","0","高雄市","美濃區","120.570","22.895","67"
"847","126092","20220921080000","1063","0","高雄市","旗山區","120.480","22.885","832"
"238","126096","20220921080000","439","0","高雄市","路竹區","120.265","22.870","228"
"457","126107","20220921080000","504","0","高雄市","路竹區","120.270","22.865","433"
"278","126119","20220921080000","221","2","高雄市","旗山區","120.490","22.920","261"
"379","126120","20220921080000","351","1","高雄市","旗山區","120.495","22.920","300"
"346","126140","20220921080000","237","2","高雄市","路竹區","120.280","22.850","372"
"45","126141","20220921080000","382","0","高雄市","路竹區","120.270","22.855","37"
"1259","126142","20220921080000","1094","1","高雄市","路竹區","120.265","22.860","1290"
"45","126160","20220921080000","24","3","臺東縣","卑南鄉","121.105","22.850","30"
"152","126183","20220921080000","68","3","臺東縣","卑南鄉","121.100","22.865","147"
"74","126219","20220921080000","337","0","高雄市","茄萣區","120.185","22.890","71"
"436","126227","20220921080000","366","1","高雄市","湖內區","120.235","22.895","458"
"193","126236","20220921080000","113","3","高雄市","湖內區","120.225","22.880","191"
"469","126244","20220921080000","388","2","高雄市","湖內區","120.225","22.895","480"
"397","126247","20220921080000","276","2","高雄市","湖內區","120.240","22.870","412"
"174","126249","20220921080000","133","2","高雄市","湖內區","120.235","22.875","172"
"188","126256","20220921080000","170","1","高雄市","湖內區","120.240","22.885","182"
"637","126258","20220921080000","620","1","高雄市","湖內區","120.250","22.875","628"
"190","126273","20220921080000","150","2","高雄市","美濃區","120.545","22.895","177"
"214","126301","20220921080000","228","0","臺東縣","鹿野鄉","121.085","22.900","239"
"258","126303","20220921080000","249","1","臺東縣","延平鄉","121.075","22.905","274"
"15","126313","20220921080000","31","0","臺東縣","延平鄉","121.090","22.915","23"
"38","126423","20220921080000","27","2","臺東縣","延平鄉","121.100","22.910","26"
"127","127499","20220921080000","163","0","臺東縣","延平鄉","121.150","22.900","141"
"26","127566","20220921080000","17","3","臺東縣","鹿野鄉","121.120","22.920","19"
"11","127570","20220921080000","15","0","臺東縣","鹿野鄉","121.125","22.925","12"
"211","127581","20220921080000","146","2","臺東縣","鹿野鄉","121.120","22.930","222"
"101","127584","20220921080000","105","0","臺東縣","鹿野鄉","121.135","22.930","135"
"68","127600","20220921080000","47","2","臺東縣","鹿野鄉","121.135","22.945","70"
"175","127605","20220921080000","110","3","高雄市","田寮區","120.395","22.850","162"
"59","127613","20220921080000","39","3","高雄市","田寮區","120.380","22.875","75"
"241","127617","20220921080000","255","0","高雄市","田寮區","120.385","22.880","228"
"58","127622","20220921080000","40","2","高雄市","田寮區","120.390","22.885","48"
"135","127652","20220921080000","102","2","高雄市","田寮區","120.360","22.880","136"
"102","127664","20220921080000","84","2","高雄市","田寮區","120.370","22.890","107"
"90","127666","20220921080000","77","1","高雄市","田寮區","120.360","22.895","72"
"26","127698","20220921080000","44","0","高雄市","田寮區","120.425","22.885","20"
"303","127704","20220921080000","296","1","高雄市","茄萣區","120.180","22.900","285"
"51","127705","20220921080000","369","0","高雄市","茄萣區","120.185","22.900","56"
"155","127717","20220921080000","151","1","臺東縣","鹿野鄉","121.100","22.895","180"
"64","127724","20220921080000","38","3","臺東縣","鹿野鄉","121.135","22.895","55"
"256","127733","20220921080000","293","0","臺東縣","鹿野鄉","121.135","22.910","286"
"109","127737","20220921080000","110","0","臺東縣","鹿野鄉","121.135","22.920","104"
"201","127754","20220921080000","221","0","臺東縣","鹿野鄉","121.120","22.905","250"
"1085","127765","20220921080000","1165","0","臺南市","仁德區","120.220","22.910","1051"
"50","127770","20220921080000","166","0","高雄市","湖內區","120.215","22.905","53"
"69","127835","20220921080000","65","1","臺東縣","東河鄉","121.235","22.940","76"
"187","127852","20220921080000","180","1","臺東縣","東河鄉","121.250","22.895","225"
"138","127889","20220921080000","85","3","臺東縣","東河鄉","121.255","22.915","125"
"38","127890","20220921080000","18","3","臺東縣","東河鄉","121.260","22.915","38"
"174","127933","20220921080000","160","1","臺東縣","東河鄉","121.190","22.860","217"
"43","127935","20220921080000","50","0","臺東縣","東河鄉","121.200","22.860","41"
"694","127958","20220921080000","773","0","臺東縣","東河鄉","121.225","22.870","700"
"108","127984","20220921080000","14","3","臺東縣","東河鄉","121.225","22.880","100"
"127","127998","20220921080000","93","2","臺東縣","東河鄉","121.235","22.880","122"
"61","128028","20220921080000","51","1","臺東縣","東河鄉","121.245","22.890","52"
"40","128038","20220921080000","55","0","臺東縣","東河鄉","121.235","22.895","40"
"244","128060","20220921080000","306","0","高雄市","阿蓮區","120.345","22.860","222"
"58","128066","20220921080000","504","0","高雄市","阿蓮區","120.320","22.850","60"
"144","128071","20220921080000","91","3","高雄市","阿蓮區","120.320","22.855","140"
"316","128073","20220921080000","160","3","高雄市","阿蓮區","120.330","22.855","204"
"1125","128075","20220921080000","870","2","高雄市","阿蓮區","120.325","22.875","1124"
"1304","128076","20220921080000","982","2","高雄市","阿蓮區","120.325","22.880","1353"
"15","128078","20220921080000","300","0","高雄市","路竹區","120.305","22.860","11"
"215","128090","20220921080000","205","1","高雄市","阿蓮區","120.310","22.870","226"
"149","128091","20220921080000","107","2","高雄市","阿蓮區","120.315","22.870","143"
"72","128097","20220921080000","73","0","高雄市","阿蓮區","120.315","22.880","78"
"58","128418","20220921080000","57","1","高雄市","茂林區","120.715","22.910","67"
"96","128722","20220921080000","78","2","高雄市","茂林區","120.665","22.885","94"
"63","128723","20220921080000","38","3","高雄市","茂林區","120.670","22.885","73"
"25","128748","20220921080000","234","0","高雄市","旗山區","120.480","22.890","21"
"15","128751","20220921080000","10","3","高雄市","旗山區","120.475","22.850","15"
"548","128754","20220921080000","444","2","高雄市","路竹區","120.300","22.880","600"
"139","128758","20220921080000","124","1","高雄市","阿蓮區","120.305","22.890","143"
"16","128759","20220921080000","195","0","高雄市","阿蓮區","120.310","22.890","17"
"257","128764","20220921080000","220","1","高雄市","阿蓮區","120.330","22.880","274"
"870","128765","20220921080000","643","2","高雄市","阿蓮區","120.335","22.880","854"
"176","128766","20220921080000","164","1","高雄市","阿蓮區","120.340","22.880","174"
"252","128769","20220921080000","173","2","高雄市","阿蓮區","120.330","22.885","219"
"224","128776","20220921080000","191","1","高雄市","阿蓮區","120.320","22.890","208"
"177","128782","20220921080000","163","1","高雄市","阿蓮區","120.335","22.870","171"
"385","128789","20220921080000","273","2","高雄市","田寮區","120.355","22.870","400"
"643","128797","20220921080000","402","3","高雄市","茄萣區","120.185","22.905","627"
"281","128798","20220921080000","176","3","高雄市","茄萣區","120.190","22.905","290"
"94","128803","20220921080000","144","0","高雄市","茄萣區","120.195","22.855","101"
"91","128807","20220921080000","136","0","高雄市","茄萣區","120.195","22.860","79"
"270","128823","20220921080000","209","2","高雄市","茄萣區","120.190","22.870","262"
"373","128824","20220921080000","262","2","高雄市","茄萣區","120.195","22.870","339"
"204","128825","20220921080000","233","0","高雄市","茄萣區","120.200","22.870","213"
"22","128829","20220921080000","11","3","高雄市","茄萣區","120.190","22.875","16"
"365","128830","20220921080000","325","1","高雄市","茄萣區","120.195","22.875","361"
"417","128833","20220921080000","436","0","高雄市","茄萣區","120.210","22.875","391"
"171","128847","20220921080000","195","0","高雄市","茄萣區","120.190","22.910","181"
"432","128850","20220921080000","576","0","高雄市","茄萣區","120.185","22.910","425"
"266","128866","20220921080000","232","1","高雄市","旗山區","120.475","22.870","265"
"87","128884","20220921080000","84","1","高雄市","旗山區","120.455","22.880","79"
"64","128886","20220921080000","153","0","高雄市","旗山區","120.465","22.880","64"
"15","128887","20220921080000","14","1","高雄市","旗山區","120.470","22.880","17"
"713","128898","20220921080000","534","2","高雄市","旗山區","120.470","22.855","660"
"284","128911","20220921080000","334","0","高雄市","旗山區","120.500","22.925","400"
"275","128916","20220921080000","173","3","高雄市","旗山區","120.500","22.930","214"
"196","128946","20220921080000","136","2","高雄市","杉林區","120.525","22.930","178"
"840","134975","20220921080000","498","3","臺南市","安南區","120.210","23.035","871"
"518","134976","20220921080000","417","2","臺南市","安南區","120.210","23.040","516"
"1300","134977","20220921080000","1134","1","臺南市","安南區","120.215","23.040","1302"
"1133","134978","20220921080000","990","1","臺南市","安南區","120.215","23.030","1064"
"548","134979","20220921080000","432","2","臺南市","安南區","120.215","23.035","479"
"359","134985","20220921080000","344","1","臺南市","安南區","120.195","23.025","372"
"475","134991","20220921080000","343","2","臺南市","關廟區","120.300","22.995","465"
"147","134995","20220921080000","29","3","臺南市","關廟區","120.320","22.995","147"
"56","134999","20220921080000","218","0","臺南市","關廟區","120.305","23.000","47"
"88","135010","20220921080000","198","0","臺南市","關廟區","120.320","23.005","89"
"451","135015","20220921080000","205","3","臺南市","關廟區","120.305","23.010","453"
"809","135022","20220921080000","745","1","臺南市","關廟區","120.325","22.965","830"
"32","135028","20220921080000","208","0","臺南市","關廟區","120.360","22.965","34"
"219","135056","20220921080000","160","2","臺南市","關廟區","120.330","22.965","231"
"50","135059","20220921080000","409","0","臺南市","關廟區","120.325","22.975","46"
"392","135061","20220921080000","2734","0","臺南市","中西區","120.210","22.985","441"
"302","135062","20220921080000","1775","0","臺南市","永康區","120.235","23.005","260"
"1248","135063","20220921080000","1246","1","臺南市","東區","120.230","22.980","1177"
"335","135064","20220921080000","224","2","臺南市","安南區","120.125","23.040","326"
"446","135074","20220921080000","474","0","臺南市","南區","120.175","22.965","453"
"13","135075","20220921080000","17","0","臺南市","南區","120.180","22.965","13"
"1118","135079","20220921080000","1413","0","臺南市","南區","120.185","22.970","1132"
"774","135080","20220921080000","906","0","臺南市","南區","120.175","22.975","723"
"381","135081","20220921080000","516","0","臺南市","南區","120.180","22.975","399"
"1079","135083","20220921080000","880","2","臺南市","南區","120.185","22.980","1053"
"1426","135084","20220921080000","983","2","臺南市","北區","120.210","23.020","1458"
"1694","135085","20220921080000","1881","0","臺南市","南區","120.200","22.980","1776"
"267","135087","20220921080000","209","2","臺南市","南區","120.195","22.970","252"
"833","135088","20220921080000","950","0","臺南市","南區","120.190","22.960","802"
"40","135461","20220921080000","36","1","臺東縣","海端鄉","121.130","23.000","25"
"143","135797","20220921080000","118","2","臺東縣","關山鎮","121.145","23.020","167"
"1836","135951","20220921080000","1617","1","臺南市","永康區","120.230","23.010","1854"
"5278","135952","20220921080000","4442","1","臺南市","永康區","120.225","23.020","5368"
"1217","135953","20220921080000","1079","1","臺南市","永康區","120.220","23.025","1168"
"615","135954","20220921080000","572","1","臺南市","永康區","120.225","23.025","623"
"1305","135956","20220921080000","1256","1","臺南市","永康區","120.235","23.025","1310"
"679","135957","20220921080000","579","1","臺南市","永康區","120.225","23.030","694"
"225","135958","20220921080000","175","2","臺南市","永康區","120.230","23.030","189"
"48","135959","20220921080000","1068","0","臺南市","永康區","120.255","22.995","48"
"931","135960","20220921080000","937","0","臺南市","永康區","120.255","23.000","958"
"126","135961","20220921080000","1155","0","臺南市","永康區","120.260","23.000","115"
"319","135963","20220921080000","390","0","臺南市","永康區","120.260","23.005","328"
"1499","135966","20220921080000","1229","2","臺南市","安南區","120.205","23.030","1516"
"665","135967","20220921080000","600","1","臺南市","安南區","120.210","23.030","689"
"443","135969","20220921080000","351","2","臺南市","安南區","120.220","23.040","454"
"1838","135971","20220921080000","1527","2","臺南市","中西區","120.190","23.005","1808"
"134","135972","20220921080000","519","0","臺南市","永康區","120.250","23.005","132"
"404","135976","20220921080000","418","0","臺南市","歸仁區","120.300","22.965","399"
"633","135980","20220921080000","400","3","臺南市","南區","120.195","22.980","619"
"1030","135981","20220921080000","855","2","臺南市","南區","120.190","22.970","1002"
"665","135982","20220921080000","1193","0","臺南市","中西區","120.190","23.000","674"
"1632","135983","20220921080000","1046","3","臺南市","中西區","120.195","23.000","1627"
"2229","135984","20220921080000","1879","1","臺南市","中西區","120.175","23.005","2167"
"212","135985","20220921080000","222","0","臺南市","中西區","120.180","23.000","214"
"662","135986","20220921080000","496","2","臺南市","安南區","120.165","23.005","667"
"80","135989","20220921080000","769","0","臺南市","永康區","120.255","23.035","69"
"899","135990","20220921080000","811","1","臺南市","永康區","120.260","23.030","876"
"1688","135991","20220921080000","1537","1","臺南市","永康區","120.260","23.035","1684"
"394","135992","20220921080000","256","3","臺南市","永康區","120.255","23.040","407"
"2713","135993","20220921080000","2557","1","臺南市","永康區","120.230","23.015","2737"
"1192","135994","20220921080000","1087","1","臺南市","永康區","120.230","23.020","1173"
"447","135995","20220921080000","308","2","臺南市","安南區","120.205","23.035","445"
"832","135997","20220921080000","804","1","臺南市","永康區","120.220","23.020","813"
"883","135998","20220921080000","589","2","臺南市","北區","120.195","23.010","909"
"1858","136000","20220921080000","1745","1","臺南市","北區","120.195","23.015","1857"
"698","136001","20220921080000","658","1","臺南市","北區","120.200","23.015","668"
"443","136002","20220921080000","326","2","臺南市","北區","120.195","23.005","496"
"1197","136005","20220921080000","970","2","臺南市","南區","120.190","22.985","1238"
"33","136006","20220921080000","164","0","臺南市","南區","120.210","22.975","35"
"555","136008","20220921080000","417","2","臺南市","北區","120.185","23.010","513"
"539","136009","20220921080000","739","0","臺南市","北區","120.190","23.010","557"
"143","136012","20220921080000","833","0","臺南市","永康區","120.270","23.010","136"
"1685","136013","20220921080000","1299","2","臺南市","中西區","120.195","22.990","1634"
"1105","136014","20220921080000","965","1","臺南市","仁德區","120.255","22.975","1174"
"146","136018","20220921080000","208","0","臺南市","仁德區","120.255","22.980","138"
"514","136020","20220921080000","348","2","臺南市","北區","120.200","23.010","556"
"267","136021","20220921080000","626","0","臺南市","北區","120.200","23.020","276"
"1273","136022","20220921080000","878","2","臺南市","北區","120.205","23.015","1268"
"1913","136023","20220921080000","1093","3","臺南市","北區","120.210","23.015","1936"
"205","136025","20220921080000","159","2","臺南市","北區","120.205","23.020","213"
"676","136030","20220921080000","559","2","臺南市","永康區","120.275","23.030","651"
"1473","136034","20220921080000","1173","2","臺南市","永康區","120.235","23.020","1451"
"279","136035","20220921080000","464","0","臺南市","永康區","120.240","23.020","301"
"472","136036","20220921080000","624","0","臺南市","永康區","120.245","23.020","463"
"341","136037","20220921080000","2356","0","臺南市","永康區","120.250","23.020","337"
"918","136042","20220921080000","980","0","臺南市","永康區","120.250","23.025","944"
"610","136043","20220921080000","375","3","臺南市","關廟區","120.330","22.955","626"
"460","136044","20220921080000","305","3","臺南市","關廟區","120.330","22.960","409"
"17","136047","20220921080000","108","0","臺南市","關廟區","120.340","22.970","23"
"590","136049","20220921080000","543","1","臺南市","關廟區","120.335","22.960","583"
"425","136054","20220921080000","248","3","臺南市","關廟區","120.345","22.965","440"
"32","136056","20220921080000","33","0","臺南市","關廟區","120.355","22.965","35"
"1852","136059","20220921080000","1242","2","臺南市","北區","120.205","23.005","1769"
"769","136061","20220921080000","842","0","臺南市","南區","120.200","22.970","733"
"640","136062","20220921080000","551","1","臺南市","中西區","120.205","22.990","665"
"1146","136063","20220921080000","1141","1","臺南市","中西區","120.200","22.985","1154"
"1472","136064","20220921080000","1562","0","臺南市","中西區","120.200","22.990","1491"
"928","136065","20220921080000","777","1","臺南市","中西區","120.200","22.995","953"
"454","136067","20220921080000","454","1","臺南市","永康區","120.270","22.995","495"
"64","136070","20220921080000","915","0","臺南市","永康區","120.265","23.005","62"
"1793","136071","20220921080000","1580","1","臺南市","永康區","120.255","23.030","1765"
"163","136072","20220921080000","378","0","臺南市","關廟區","120.335","22.955","146"
"461","136080","20220921080000","304","3","臺南市","關廟區","120.325","22.955","439"
"561","136081","20220921080000","592","0","臺南市","關廟區","120.315","22.960","546"
"905","136083","20220921080000","525","3","臺南市","關廟區","120.325","22.960","887"
"246","136085","20220921080000","128","3","臺南市","東區","120.220","22.990","219"
"2659","136087","20220921080000","2302","1","臺南市","東區","120.225","22.985","2631"
"1265","136088","20220921080000","1054","2","臺南市","東區","120.230","22.990","1309"
"1892","136089","20220921080000","1689","1","臺南市","東區","120.230","22.995","1846"
"810","136090","20220921080000","611","2","臺南市","東區","120.235","22.995","781"
"1177","136091","20220921080000","830","2","臺南市","北區","120.220","23.000","1188"
"535","136093","20220921080000","414","2","臺南市","中西區","120.180","23.005","545"
"1735","136094","20220921080000","1802","0","臺南市","中西區","120.185","23.005","1766"
"1942","136095","20220921080000","1457","2","臺南市","北區","120.225","23.005","1976"
"461","136096","20220921080000","344","2","臺南市","北區","120.225","23.000","423"
"126","136100","20220921080000","86","2","臺南市","仁德區","120.235","22.950","128"
"188","136101","20220921080000","162","1","臺南市","仁德區","120.235","22.955","184"
"1138","136102","20220921080000","909","2","臺南市","仁德區","120.230","22.955","1100"
"276","136104","20220921080000","210","2","臺南市","仁德區","120.240","22.955","316"
"1794","136105","20220921080000","1341","2","臺南市","仁德區","120.255","22.955","1818"
"318","136109","20220921080000","292","1","臺南市","仁德區","120.250","22.955","341"
"55","136111","20220921080000","52","1","臺南市","仁德區","120.265","22.955","66"
"89","136113","20220921080000","797","0","臺南市","仁德區","120.265","22.960","86"
"804","136115","20220921080000","645","2","臺南市","北區","120.220","23.010","797"
"318","136118","20220921080000","1251","0","臺南市","中西區","120.210","22.995","348"
"638","136119","20220921080000","1059","0","臺南市","中西區","120.210","22.990","626"
"1137","136120","20220921080000","1553","0","臺南市","北區","120.205","23.000","1133"
"1858","136122","20220921080000","1375","2","臺南市","東區","120.225","22.965","1880"
"1008","136123","20220921080000","772","2","臺南市","東區","120.220","22.970","1014"
"84","136124","20220921080000","801","0","臺南市","東區","120.225","22.970","77"
"1180","136125","20220921080000","1774","0","臺南市","東區","120.225","22.990","1175"
"702","136126","20220921080000","668","1","臺南市","東區","120.235","22.990","656"
"1184","136128","20220921080000","916","2","臺南市","東區","120.245","22.990","1141"
"304","136131","20220921080000","302","1","臺南市","歸仁區","120.275","22.960","297"
"476","136132","20220921080000","325","2","臺南市","歸仁區","120.280","22.960","428"
"17","136145","20220921080000","613","0","臺南市","南區","120.205","22.980","31"
"761","136146","20220921080000","1235","0","臺南市","南區","120.210","22.980","745"
"528","136147","20220921080000","481","1","臺南市","安平區","120.165","22.990","552"
"27","136148","20220921080000","76","0","臺南市","永康區","120.245","22.995","30"
"768","136149","20220921080000","576","2","臺南市","永康區","120.245","23.005","728"
"1347","136151","20220921080000","983","2","臺南市","永康區","120.245","23.010","1256"
"128","136152","20220921080000","899","0","臺南市","永康區","120.250","23.010","118"
"171","136155","20220921080000","62","3","臺南市","關廟區","120.320","22.970","196"
"12","136156","20220921080000","11","1","臺南市","關廟區","120.310","22.975","17"
"153","136163","20220921080000","110","2","臺南市","關廟區","120.310","22.980","160"
"1791","136181","20220921080000","1233","2","臺南市","北區","120.200","23.000","1823"
"46","136182","20220921080000","84","0","臺南市","南區","120.195","22.985","50"
"462","136184","20220921080000","284","3","臺南市","仁德區","120.225","22.960","464"
"324","136185","20220921080000","269","2","臺南市","東區","120.230","22.960","302"
"43","136186","20220921080000","53","0","臺南市","歸仁區","120.275","22.995","43"
"391","136188","20220921080000","345","1","臺南市","歸仁區","120.275","23.000","355"
"303","136195","20220921080000","238","2","臺南市","歸仁區","120.290","22.995","342"
"55","136196","20220921080000","332","0","臺南市","歸仁區","120.295","22.995","58"
"1811","136199","20220921080000","1263","2","臺南市","北區","120.210","23.005","1828"
"1695","136200","20220921080000","941","3","臺南市","東區","120.215","22.995","1906"
"468","136229","20220921080000","404","1","臺南市","安南區","120.195","23.030","287"
"892","136230","20220921080000","799","1","臺南市","安南區","120.195","23.035","903"
"413","136231","20220921080000","384","1","臺南市","南區","120.190","22.965","396"
"16","136248","20220921080000","16","1","臺南市","左鎮區","120.405","22.995","12"
"62","136271","20220921080000","54","1","臺南市","左鎮區","120.420","23.010","55"
"40","136316","20220921080000","74","0","臺南市","左鎮區","120.395","23.010","34"
"45","136343","20220921080000","22","3","臺南市","左鎮區","120.385","23.035","47"
"3263","136422","20220921080000","3212","1","臺南市","東區","120.235","22.985","3271"
"1177","136423","20220921080000","745","3","臺南市","東區","120.215","22.990","1146"
"512","136430","20220921080000","529","0","臺南市","歸仁區","120.285","22.980","491"
"185","136438","20220921080000","144","2","臺南市","歸仁區","120.280","22.990","182"
"411","136444","20220921080000","376","1","臺南市","歸仁區","120.295","22.975","427"
"506","136452","20220921080000","374","2","臺南市","歸仁區","120.285","22.960","495"
"709","136453","20220921080000","375","3","臺南市","歸仁區","120.280","22.965","746"
"64","136454","20220921080000","50","2","臺南市","歸仁區","120.285","22.965","55"
"704","136455","20220921080000","573","2","臺南市","歸仁區","120.285","22.970","675"
"36","136457","20220921080000","623","0","臺南市","仁德區","120.270","22.970","29"
"1038","136458","20220921080000","1031","1","臺南市","歸仁區","120.275","22.970","1014"
"369","136459","20220921080000","291","2","臺南市","歸仁區","120.280","22.970","347"
"358","136460","20220921080000","301","1","臺南市","南區","120.200","22.975","354"
"669","136461","20220921080000","364","3","臺南市","南區","120.195","22.960","629"
"1980","136462","20220921080000","1671","1","臺南市","南區","120.190","22.980","1938"
"358","136475","20220921080000","309","1","臺南市","安南區","120.130","23.015","366"
"114","136483","20220921080000","64","3","臺南市","安南區","120.135","23.020","114"
"776","136490","20220921080000","521","2","臺南市","安南區","120.185","23.025","895"
"499","136495","20220921080000","401","2","臺南市","東區","120.235","22.980","447"
"262","136496","20220921080000","234","1","臺南市","永康區","120.255","23.010","245"
"881","136497","20220921080000","982","0","臺南市","永康區","120.255","23.015","894"
"455","136498","20220921080000","555","0","臺南市","永康區","120.260","23.015","424"
"32","136501","20220921080000","312","0","臺南市","永康區","120.280","23.010","34"
"99","136503","20220921080000","467","0","臺南市","永康區","120.270","23.015","80"
"1102","136507","20220921080000","764","2","臺南市","永康區","120.275","23.020","1070"
"89","136508","20220921080000","628","0","臺南市","永康區","120.280","23.020","88"
"66","136509","20220921080000","1485","0","臺南市","安平區","120.175","22.995","78"
"444","136512","20220921080000","234","3","臺南市","安南區","120.160","23.005","390"
"960","136513","20220921080000","617","3","臺南市","安平區","120.190","22.990","941"
"366","136515","20220921080000","417","0","臺南市","永康區","120.220","23.030","361"
"511","136516","20220921080000","420","2","臺南市","東區","120.245","22.980","499"
"636","136517","20220921080000","670","0","臺南市","仁德區","120.250","22.980","627"
"2536","136518","20220921080000","1836","2","臺南市","東區","120.215","22.980","2592"
"1793","136520","20220921080000","1968","0","臺南市","東區","120.245","22.985","1821"
"1127","136521","20220921080000","818","2","臺南市","仁德區","120.250","22.985","1058"
"755","136523","20220921080000","716","1","臺南市","安平區","120.160","22.990","782"
"485","136525","20220921080000","440","1","臺南市","安平區","120.160","22.995","488"
"919","136532","20220921080000","778","1","臺南市","安平區","120.165","22.985","922"
"999","136533","20220921080000","592","3","臺南市","安平區","120.170","22.985","955"
"792","136534","20220921080000","694","1","臺南市","安平區","120.175","22.985","619"
"1224","136535","20220921080000","856","2","臺南市","安平區","120.170","22.990","1174"
"938","136536","20220921080000","838","1","臺南市","安平區","120.175","22.990","994"
"347","136539","20220921080000","339","1","臺南市","安平區","120.150","22.995","331"
"271","136541","20220921080000","231","1","臺南市","安平區","120.145","23.000","264"
"197","136542","20220921080000","120","3","臺南市","安平區","120.150","23.000","184"
"336","136543","20220921080000","271","2","臺南市","安平區","120.155","23.000","337"
"225","136544","20220921080000","187","2","臺南市","安平區","120.160","23.000","199"
"1085","136545","20220921080000","1460","0","臺南市","東區","120.240","22.980","1069"
"544","136546","20220921080000","463","1","臺南市","東區","120.225","22.995","551"
"1326","136547","20220921080000","1256","1","臺南市","東區","120.235","22.965","1397"
"1025","136548","20220921080000","835","2","臺南市","東區","120.220","22.975","924"
"536","136549","20220921080000","540","0","臺南市","歸仁區","120.300","22.960","536"
"63","136550","20220921080000","89","0","臺南市","歸仁區","120.305","22.960","65"
"662","136553","20220921080000","563","1","臺南市","歸仁區","120.285","23.005","596"
"119","136560","20220921080000","1470","0","臺南市","南區","120.195","22.975","117"
"263","136561","20220921080000","1722","0","臺南市","永康區","120.240","23.015","232"
"738","136562","20220921080000","592","2","臺南市","永康區","120.245","23.015","742"
"617","136563","20220921080000","741","0","臺南市","永康區","120.250","23.015","618"
"1546","136564","20220921080000","885","3","臺南市","永康區","120.230","23.005","1556"
"1939","136565","20220921080000","2336","0","臺南市","永康區","120.235","23.000","1950"
"1206","136566","20220921080000","1648","0","臺南市","北區","120.230","23.000","1165"
"791","136567","20220921080000","1065","0","臺南市","永康區","120.270","23.005","772"
"1034","136568","20220921080000","912","1","臺南市","永康區","120.265","23.010","1082"
"164","136570","20220921080000","1144","0","臺南市","永康區","120.265","23.020","170"
"32","136572","20220921080000","434","0","臺南市","永康區","120.260","22.995","30"
"701","136573","20220921080000","642","1","臺南市","永康區","120.265","23.000","674"
"485","136574","20220921080000","441","1","臺南市","安南區","120.200","23.025","503"
"1043","136575","20220921080000","629","3","臺南市","安南區","120.205","23.025","954"
"1083","136576","20220921080000","717","3","臺南市","安南區","120.210","23.025","1057"
"2570","136577","20220921080000","2064","2","臺南市","北區","120.225","23.010","2526"
"1448","136578","20220921080000","1324","1","臺南市","北區","120.215","23.010","1441"
"1287","136579","20220921080000","804","3","臺南市","北區","120.215","23.015","1243"
"183","136580","20220921080000","371","0","臺南市","南化區","120.495","23.030","184"
"45","136584","20220921080000","21","3","臺南市","南化區","120.500","23.035","43"
"23","136586","20220921080000","27","0","臺南市","南化區","120.465","23.040","24"
"46","136602","20220921080000","23","3","臺南市","南化區","120.465","23.010","40"
"1132","136671","20220921080000","893","2","臺南市","中西區","120.170","23.000","1064"
"1651","136672","20220921080000","1567","1","臺南市","中西區","120.175","23.000","1648"
"391","136674","20220921080000","657","0","臺南市","中西區","120.185","23.000","389"
"1689","136675","20220921080000","1650","1","臺南市","安平區","120.165","22.995","1743"
"470","136676","20220921080000","425","1","臺南市","安平區","120.170","22.995","485"
"1763","136677","20220921080000","1463","2","臺南市","安平區","120.185","22.990","1813"
"268","136678","20220921080000","268","1","臺南市","安平區","120.180","22.995","257"
"1153","136679","20220921080000","1345","0","臺南市","安平區","120.185","22.995","1144"
"1045","136680","20220921080000","848","2","臺南市","安平區","120.180","22.985","1081"
"1911","136681","20220921080000","1336","2","臺南市","安平區","120.180","22.990","1841"
"303","136690","20220921080000","313","0","臺南市","南區","120.215","22.955","328"
"419","136695","20220921080000","351","1","臺南市","南區","120.210","22.965","424"
"741","136696","20220921080000","867","0","臺南市","南區","120.215","22.965","712"
"3362","136697","20220921080000","1878","3","臺南市","南區","120.185","22.965","3315"
"577","136701","20220921080000","479","2","臺南市","南區","120.170","22.955","609"
"225","136709","20220921080000","114","3","臺南市","南區","120.165","22.965","244"
"581","136712","20220921080000","513","1","臺南市","仁德區","120.220","22.955","604"
"396","136717","20220921080000","284","2","臺南市","仁德區","120.255","22.965","399"
"222","136718","20220921080000","270","0","臺南市","仁德區","120.260","22.965","242"
"39","136720","20220921080000","422","0","臺南市","仁德區","120.270","22.965","38"
"117","136721","20220921080000","1233","0","臺南市","仁德區","120.255","22.970","202"
"688","136722","20220921080000","417","3","臺南市","仁德區","120.260","22.970","602"
"2432","136727","20220921080000","1676","2","臺南市","北區","120.220","23.005","2318"
"1611","136728","20220921080000","1401","1","臺南市","北區","120.200","23.005","1642"
"594","136732","20220921080000","438","2","臺南市","仁德區","120.260","22.985","576"
"1019","136738","20220921080000","683","2","臺南市","仁德區","120.260","22.990","1004"
"37","136741","20220921080000","82","0","臺南市","仁德區","120.265","22.995","29"
"421","136752","20220921080000","169","3","臺南市","安南區","120.185","23.035","524"
"598","136755","20220921080000","567","1","臺南市","安南區","120.185","23.040","675"
"3052","136756","20220921080000","2494","2","臺南市","中西區","120.205","22.995","3086"
"601","136758","20220921080000","606","0","臺南市","永康區","120.250","23.000","600"
"397","136763","20220921080000","342","1","臺南市","安南區","120.200","23.040","384"
"1016","136764","20220921080000","2392","0","臺南市","安南區","120.190","23.025","345"
"153","136765","20220921080000","151","1","臺南市","安南區","120.140","23.000","159"
"2713","136786","20220921080000","2661","1","臺南市","北區","120.210","23.000","2770"
"995","136787","20220921080000","568","3","臺南市","中西區","120.195","22.995","1043"
"1122","136788","20220921080000","818","2","臺南市","中西區","120.205","22.985","1113"
"1347","136789","20220921080000","1460","0","臺南市","東區","120.225","22.980","1315"
"5142","136790","20220921080000","3675","2","臺南市","東區","120.220","22.985","5219"
"553","136791","20220921080000","560","0","臺南市","永康區","120.225","23.015","591"
"104","136792","20220921080000","1046","0","臺南市","永康區","120.240","23.005","1121"
"187","136793","20220921080000","1184","0","臺南市","永康區","120.240","23.000","184"
"1001","136794","20220921080000","1593","0","臺南市","永康區","120.235","23.010","971"
"1298","136795","20220921080000","776","3","臺南市","永康區","120.245","23.000","1178"
"2086","136799","20220921080000","1854","1","臺南市","新化區","120.300","23.035","2082"
"935","136800","20220921080000","1188","0","臺南市","東區","120.215","22.975","866"
"905","136801","20220921080000","633","2","臺南市","東區","120.230","22.985","906"
"2090","136802","20220921080000","1717","2","臺南市","東區","120.230","22.975","2107"
"113","136803","20220921080000","350","0","臺南市","東區","120.225","22.975","128"
"454","136804","20220921080000","309","2","臺南市","東區","120.230","22.970","437"
"1189","136805","20220921080000","1104","1","臺南市","東區","120.230","22.965","1217"
"615","136806","20220921080000","516","1","臺南市","南區","120.185","22.975","580"
"878","136808","20220921080000","975","0","臺南市","南區","120.210","22.970","822"
"733","136809","20220921080000","562","2","臺南市","東區","120.215","22.970","674"
"378","136812","20220921080000","314","2","臺南市","仁德區","120.245","22.955","402"
"215","136813","20220921080000","166","2","臺南市","仁德區","120.240","22.960","205"
"276","136814","20220921080000","156","3","臺南市","仁德區","120.245","22.960","289"
"248","136816","20220921080000","574","0","臺南市","仁德區","120.255","22.960","241"
"388","136817","20220921080000","368","1","臺南市","仁德區","120.240","22.965","370"
"36","136820","20220921080000","47","0","臺南市","仁德區","120.240","22.970","33"
"843","136821","20220921080000","507","3","臺南市","仁德區","120.245","22.970","769"
"849","136822","20220921080000","1016","0","臺南市","仁德區","120.250","22.970","789"
"1050","136823","20220921080000","523","3","臺南市","仁德區","120.240","22.975","1075"
"1081","136824","20220921080000","1077","1","臺南市","仁德區","120.245","22.975","977"
"553","136825","20220921080000","510","1","臺南市","仁德區","120.250","22.975","518"
"2994","136826","20220921080000","2831","1","臺南市","北區","120.215","23.005","3000"
"29","136851","20220921080000","193","0","高雄市","內門區","120.445","22.975","27"
"121","136939","20220921080000","38","3","高雄市","內門區","120.435","22.955","133"
"63","136953","20220921080000","58","1","高雄市","內門區","120.465","23.000","65"
"141","136958","20220921080000","183","0","高雄市","內門區","120.470","22.960","119"
"83","136970","20220921080000","67","2","高雄市","內門區","120.465","22.975","84"
"48","136996","20220921080000","49","0","高雄市","內門區","120.495","22.955","49"
"85","137008","20220921080000","112","0","高雄市","內門區","120.490","22.970","81"
"82","137020","20220921080000","89","0","高雄市","內門區","120.510","22.980","74"
"213","137023","20220921080000","246","0","高雄市","內門區","120.500","22.985","221"
"24","137048","20220921080000","89","0","高雄市","六龜區","120.660","23.005","23"
"77","137056","20220921080000","122","0","高雄市","六龜區","120.665","23.010","105"
"15","137071","20220921080000","74","0","臺南市","龍崎區","120.350","22.955","30"
"15","137124","20220921080000","19","0","臺南市","龍崎區","120.385","23.005","19"
"127","137130","20220921080000","84","3","臺南市","關廟區","120.370","22.960","118"
"265","137196","20220921080000","733","0","臺南市","安南區","120.190","23.020","263"
"24","137197","20220921080000","42","0","臺南市","南區","120.195","22.965","25"
"58","137201","20220921080000","191","0","臺南市","歸仁區","120.295","22.960","52"
"583","137202","20220921080000","588","0","臺南市","永康區","120.255","23.005","641"
"163","137251","20220921080000","221","0","高雄市","內門區","120.485","23.015","172"
"26","137259","20220921080000","24","1","高雄市","內門區","120.480","22.965","32"
"99","137275","20220921080000","96","1","高雄市","內門區","120.510","23.015","97"
"167","137311","20220921080000","87","3","高雄市","六龜區","120.650","22.975","197"
"363","137325","20220921080000","789","0","高雄市","六龜區","120.660","22.985","361"
"115","137409","20220921080000","95","2","高雄市","六龜區","120.640","22.990","100"
"169","137466","20220921080000","174","0","高雄市","六龜區","120.660","23.035","166"
"1092","137491","20220921080000","854","2","高雄市","六龜區","120.635","22.995","1193"
"174","137494","20220921080000","157","1","臺南市","安平區","120.165","23.000","189"
"21","137498","20220921080000","30","0","臺南市","安平區","120.155","22.980","27"
"241","137502","20220921080000","243","0","臺南市","安平區","120.150","22.990","226"
"535","137506","20220921080000","383","2","臺南市","永康區","120.260","23.020","514"
"406","137507","20220921080000","394","1","臺南市","永康區","120.250","23.030","390"
"121","137585","20220921080000","83","2","臺東縣","鹿野鄉","121.140","22.975","128"
"167","137592","20220921080000","124","2","臺東縣","鹿野鄉","121.140","22.985","160"
"63","137600","20220921080000","66","0","臺東縣","鹿野鄉","121.155","22.950","64"
"295","137609","20220921080000","333","0","臺東縣","鹿野鄉","121.155","22.955","341"
"454","137617","20220921080000","468","0","高雄市","旗山區","120.510","22.955","458"
"66","137618","20220921080000","93","0","高雄市","旗山區","120.515","22.955","65"
"214","137627","20220921080000","277","0","高雄市","旗山區","120.515","22.970","258"
"1053","137638","20220921080000","2187","0","臺南市","歸仁區","120.290","22.965","1045"
"99","137642","20220921080000","344","0","臺南市","永康區","120.275","23.035","100"
"61","137643","20220921080000","596","0","臺南市","永康區","120.280","23.035","53"
"19","137645","20220921080000","20","0","臺南市","永康區","120.275","23.040","26"
"528","137648","20220921080000","345","3","臺南市","新化區","120.305","23.030","577"
"716","137649","20220921080000","548","2","臺南市","永康區","120.240","23.010","517"
"1289","137650","20220921080000","1074","2","臺南市","永康區","120.215","23.020","1403"
"707","137651","20220921080000","391","3","臺南市","北區","120.220","23.015","735"
"115","138047","20220921080000","54","3","臺東縣","成功鎮","121.320","23.005","117"
"53","138061","20220921080000","46","1","臺東縣","成功鎮","121.325","23.020","93"
"241","138079","20220921080000","207","1","臺東縣","成功鎮","121.335","23.030","266"
"531","138095","20220921080000","133","3","臺東縣","關山鎮","121.170","23.040","557"
"119","138110","20220921080000","80","2","臺東縣","關山鎮","121.145","23.005","128"
"116","138197","20220921080000","128","0","臺東縣","關山鎮","121.175","23.015","153"
"63","138230","20220921080000","78","0","臺東縣","關山鎮","121.185","23.025","81"
"99","138241","20220921080000","45","3","臺東縣","鹿野鄉","121.130","22.955","80"
"205","138251","20220921080000","205","1","臺東縣","鹿野鄉","121.120","22.970","224"
"150","138278","20220921080000","116","2","臺東縣","鹿野鄉","121.150","22.980","144"
"143","138324","20220921080000","741","0","臺南市","新化區","120.300","23.020","158"
"535","138325","20220921080000","235","3","臺南市","新化區","120.305","23.020","532"
"401","138337","20220921080000","383","1","臺南市","安南區","120.125","23.035","409"
"152","138363","20220921080000","116","2","臺南市","安南區","120.140","23.030","156"
"884","138367","20220921080000","654","2","臺南市","安南區","120.160","23.030","871"
"386","138369","20220921080000","397","0","臺南市","安南區","120.135","23.035","369"
"298","138375","20220921080000","221","2","臺南市","安南區","120.140","23.040","298"
"808","138376","20220921080000","973","0","臺南市","安南區","120.145","23.040","852"
"659","138377","20220921080000","632","1","臺南市","安南區","120.150","23.040","657"
"629","138378","20220921080000","435","2","臺南市","安南區","120.155","23.040","652"
"60","138379","20220921080000","32","3","臺南市","安南區","120.160","23.040","42"
"31","138760","20220921080000","30","1","高雄市","桃源區","120.715","23.035","38"
"2291","138833","20220921080000","1629","2","臺南市","永康區","120.260","23.025","2295"
"25","138836","20220921080000","354","0","臺南市","永康區","120.265","23.030","17"
"728","138838","20220921080000","606","2","臺南市","永康區","120.265","23.035","716"
"136","138839","20220921080000","392","0","臺南市","永康區","120.265","23.040","155"
"22","138840","20220921080000","19","1","臺南市","新化區","120.285","23.035","19"
"129","138842","20220921080000","111","1","臺南市","永康區","120.280","23.040","120"
"57","138843","20220921080000","454","0","臺南市","新化區","120.300","23.040","48"
"54","138851","20220921080000","13","3","臺南市","新化區","120.375","23.010","46"
"38","138856","20220921080000","14","3","臺南市","新化區","120.365","23.010","36"
"204","138868","20220921080000","893","0","臺南市","新化區","120.305","23.040","205"
"95","138909","20220921080000","263","0","臺南市","新化區","120.325","23.025","104"
"191","138910","20220921080000","31","3","臺南市","新化區","120.330","23.025","161"
"10","138911","20220921080000","106","0","臺南市","新化區","120.335","23.025","13"
"389","138917","20220921080000","2122","0","臺南市","新化區","120.310","23.035","357"
"2651","138922","20220921080000","1572","3","臺南市","東區","120.220","22.980","2653"
"1705","138923","20220921080000","1047","3","臺南市","東區","120.235","22.970","1669"
"1361","138926","20220921080000","1359","1","臺南市","永康區","120.230","23.035","1351"
"1723","138928","20220921080000","1263","2","臺南市","永康區","120.235","23.040","1740"
"1569","138932","20220921080000","1185","2","臺南市","永康區","120.240","23.035","1536"
"423","138933","20220921080000","569","0","臺南市","永康區","120.245","23.035","392"
"1024","138935","20220921080000","744","2","臺南市","永康區","120.240","23.040","1039"
"3329","138936","20220921080000","1957","3","臺南市","永康區","120.245","23.040","3414"
"171","138937","20220921080000","194","0","臺南市","永康區","120.250","23.040","179"
"150","138962","20220921080000","123","2","臺東縣","東河鄉","121.280","23.020","142"
"47","139039","20220921080000","11","3","臺東縣","東河鄉","121.280","22.955","51"
"52","139073","20220921080000","33","3","臺東縣","東河鄉","121.300","22.985","64"
"34","139131","20220921080000","21","3","臺東縣","東河鄉","121.260","22.980","35"
"37","139146","20220921080000","29","2","臺東縣","東河鄉","121.265","22.985","41"
"217","139164","20220921080000","114","3","臺東縣","東河鄉","121.280","22.990","211"
"213","139299","20220921080000","103","3","臺南市","新化區","120.330","23.015","201"
"32","139305","20220921080000","388","0","臺南市","新化區","120.310","23.020","29"
"26","139307","20220921080000","206","0","臺南市","新化區","120.330","23.020","15"
"90","139318","20220921080000","153","0","臺南市","新化區","120.355","23.020","108"
"16","139335","20220921080000","127","0","臺南市","新化區","120.335","23.035","23"
"59","139336","20220921080000","34","3","臺南市","新化區","120.340","23.035","54"
"1906","139358","20220921080000","1308","2","臺南市","東區","120.220","22.995","1885"
"121","139360","20220921080000","389","0","臺南市","東區","120.215","23.000","95"
"859","139362","20220921080000","540","3","臺南市","東區","120.235","22.960","844"
"350","139635","20220921080000","355","0","高雄市","杉林區","120.540","22.970","340"
"125","139644","20220921080000","127","0","高雄市","杉林區","120.550","22.975","131"
"118","139672","20220921080000","111","1","高雄市","杉林區","120.565","22.985","122"
"498","139718","20220921080000","367","2","高雄市","杉林區","120.540","22.965","481"
"44","139735","20220921080000","45","0","高雄市","杉林區","120.550","23.020","49"
"10","139762","20220921080000","13","0","高雄市","杉林區","120.535","23.035","14"
"50","139796","20220921080000","69","0","高雄市","杉林區","120.550","23.000","50"
"110","139852","20220921080000","170","0","高雄市","杉林區","120.585","22.995","135"
"241","139897","20220921080000","172","2","高雄市","杉林區","120.565","23.015","152"
"45","139960","20220921080000","54","0","高雄市","杉林區","120.550","23.040","69"
"324","144971","20220921080000","283","1","臺南市","新市區","120.330","23.105","343"
"2077","144989","20220921080000","2439","0","臺南市","善化區","120.305","23.115","2840"
"494","144992","20220921080000","563","0","臺南市","善化區","120.320","23.115","526"
"285","144998","20220921080000","298","0","臺南市","善化區","120.310","23.125","382"
"1817","144999","20220921080000","1355","2","臺南市","善化區","120.315","23.125","2100"
"3311","145002","20220921080000","1795","3","臺南市","新市區","120.300","23.105","3690"
"3177","145007","20220921080000","2330","2","臺南市","善化區","120.295","23.115","4056"
"622","145022","20220921080000","568","1","臺南市","安定區","120.235","23.110","802"
"281","145031","20220921080000","162","3","臺南市","安定區","120.255","23.115","237"
"51","145032","20220921080000","273","0","臺南市","安定區","120.235","23.120","137"
"782","145050","20220921080000","607","2","臺南市","七股區","120.160","23.115","797"
"126","145054","20220921080000","96","2","臺南市","安南區","120.135","23.045","137"
"337","145055","20220921080000","326","1","臺南市","安南區","120.155","23.045","333"
"189","145067","20220921080000","1917","0","臺南市","安南區","120.195","23.045","190"
"32","145103","20220921080000","23","2","臺東縣","池上鄉","121.220","23.100","37"
"42","145114","20220921080000","28","3","臺東縣","池上鄉","121.225","23.105","47"
"67","145631","20220921080000","46","2","臺東縣","海端鄉","121.145","23.045","57"
"294","145817","20220921080000","426","0","臺東縣","海端鄉","121.175","23.095","327"
"644","146199","20220921080000","514","2","臺南市","西港區","120.205","23.115","621"
"2104","146201","20220921080000","1434","2","臺南市","西港區","120.200","23.120","2005"
"187","146215","20220921080000","563","0","臺南市","西港區","120.180","23.115","192"
"25","146227","20220921080000","522","0","臺南市","安南區","120.215","23.045","18"
"932","146231","20220921080000","528","3","臺南市","安南區","120.215","23.050","885"
"1585","146234","20220921080000","1236","2","臺南市","安南區","120.220","23.045","1448"
"668","146235","20220921080000","607","1","臺南市","安南區","120.225","23.045","541"
"962","146238","20220921080000","773","2","臺南市","安南區","120.235","23.050","263"
"212","146239","20220921080000","155","2","臺南市","永康區","120.240","23.050","202"
"154","146241","20220921080000","106","2","臺南市","安南區","120.235","23.055","184"
"1287","146244","20220921080000","957","2","臺南市","安南區","120.230","23.060","1082"
"126","146245","20220921080000","73","3","臺南市","安南區","120.235","23.060","124"
"861","146251","20220921080000","684","2","臺南市","西港區","120.210","23.115","753"
"71","146265","20220921080000","64","1","臺南市","大內區","120.390","23.110","64"
"322","146341","20220921080000","224","2","臺南市","安南區","120.110","23.080","307"
"407","146347","20220921080000","814","0","臺南市","安南區","120.205","23.045","400"
"404","146348","20220921080000","446","0","臺南市","安南區","120.210","23.045","384"
"86","146361","20220921080000","71","2","臺南市","大內區","120.395","23.120","98"
"81","146366","20220921080000","55","2","臺南市","大內區","120.420","23.120","74"
"516","146385","20220921080000","314","3","臺南市","安南區","120.220","23.055","572"
"994","146387","20220921080000","915","1","臺南市","安南區","120.215","23.060","855"
"539","146388","20220921080000","444","2","臺南市","安南區","120.220","23.060","539"
"1510","146390","20220921080000","1962","0","臺南市","安南區","120.225","23.065","1512"
"65","146400","20220921080000","53","2","臺南市","七股區","120.160","23.100","69"
"33","146423","20220921080000","28","1","臺南市","七股區","120.100","23.120","32"
"1796","146430","20220921080000","1858","0","臺南市","新市區","120.290","23.070","2202"
"1374","146432","20220921080000","1214","1","臺南市","新市區","120.290","23.080","1688"
"2626","146433","20220921080000","2728","0","臺南市","新市區","120.295","23.080","3192"
"685","146444","20220921080000","495","2","臺南市","新市區","120.300","23.060","734"
"515","146450","20220921080000","301","3","臺南市","新市區","120.295","23.065","525"
"1204","146460","20220921080000","879","2","臺南市","新市區","120.295","23.075","1631"
"510","146461","20220921080000","320","3","臺南市","新市區","120.300","23.075","529"
"367","146468","20220921080000","449","0","臺南市","新市區","120.300","23.085","446"
"390","146478","20220921080000","296","2","臺南市","新市區","120.325","23.070","406"
"45","146482","20220921080000","42","1","臺南市","新市區","120.320","23.075","53"
"1263","146495","20220921080000","1459","0","臺南市","新市區","120.280","23.060","1201"
"119","146505","20220921080000","127","0","臺南市","新市區","120.280","23.075","170"
"2500","146506","20220921080000","2640","0","臺南市","新市區","120.285","23.075","3124"
"99","146509","20220921080000","61","3","臺南市","新市區","120.285","23.080","90"
"1401","146513","20220921080000","1033","2","臺南市","新市區","120.280","23.090","1686"
"31","146523","20220921080000","31","1","臺南市","新市區","120.260","23.090","37"
"785","146525","20220921080000","683","1","臺南市","新市區","120.270","23.090","801"
"2066","146526","20220921080000","1396","2","臺南市","新市區","120.275","23.090","2105"
"413","146529","20220921080000","323","2","臺南市","新市區","120.255","23.095","496"
"572","146533","20220921080000","1582","0","臺南市","新市區","120.275","23.095","1412"
"1133","146535","20220921080000","669","3","臺南市","新市區","120.250","23.100","1227"
"791","146537","20220921080000","951","0","臺南市","新市區","120.260","23.095","969"
"44","146542","20220921080000","127","0","臺南市","新市區","120.285","23.100","37"
"2298","146545","20220921080000","2207","1","臺南市","新市區","120.255","23.100","2771"
"39","146546","20220921080000","54","0","臺南市","善化區","120.260","23.105","53"
"32","146547","20220921080000","26","2","臺南市","新市區","120.265","23.100","40"
"530","146549","20220921080000","305","3","臺南市","新市區","120.275","23.100","602"
"515","146550","20220921080000","656","0","臺南市","新市區","120.280","23.100","605"
"903","146552","20220921080000","836","1","臺南市","新市區","120.265","23.105","928"
"1669","146554","20220921080000","1774","0","臺南市","新市區","120.275","23.105","1982"
"291","146562","20220921080000","298","0","臺南市","七股區","120.145","23.105","270"
"1178","146587","20220921080000","437","3","臺南市","安定區","120.225","23.080","1057"
"808","146590","20220921080000","532","3","臺南市","安定區","120.230","23.100","986"
"822","146602","20220921080000","613","2","臺南市","西港區","120.210","23.125","804"
"498","146614","20220921080000","231","3","臺南市","安南區","120.155","23.055","507"
"209","146615","20220921080000","132","3","臺南市","安南區","120.165","23.060","193"
"530","146616","20220921080000","451","1","臺南市","安南區","120.175","23.060","510"
"1090","146621","20220921080000","902","2","臺南市","安南區","120.175","23.070","1036"
"530","146661","20220921080000","388","2","臺南市","安南區","120.130","23.070","518"
"14","146695","20220921080000","279","0","臺南市","安南區","120.095","23.060","19"
"226","146704","20220921080000","84","3","臺南市","山上區","120.355","23.085","266"
"197","146707","20220921080000","160","2","臺南市","山上區","120.345","23.090","175"
"194","146712","20220921080000","328","0","臺南市","山上區","120.355","23.095","186"
"166","146713","20220921080000","135","2","臺南市","山上區","120.360","23.095","178"
"361","146727","20220921080000","433","0","臺南市","山上區","120.340","23.110","396"
"86","146773","20220921080000","79","1","臺南市","山上區","120.405","23.105","77"
"111","146783","20220921080000","91","2","臺南市","山上區","120.365","23.075","119"
"22","146806","20220921080000","16","2","臺南市","左鎮區","120.380","23.050","24"
"209","146822","20220921080000","121","3","臺南市","左鎮區","120.365","23.065","182"
"92","146848","20220921080000","118","0","臺南市","左鎮區","120.400","23.055","104"
"216","146850","20220921080000","204","1","臺南市","左鎮區","120.410","23.055","226"
"182","146853","20220921080000","164","1","臺南市","左鎮區","120.390","23.060","177"
"172","146890","20220921080000","229","0","臺南市","安南區","120.160","23.065","204"
"346","146891","20220921080000","256","2","臺南市","安南區","120.160","23.070","353"
"435","146892","20220921080000","418","1","臺南市","安南區","120.165","23.070","452"
"222","146896","20220921080000","177","2","臺南市","安南區","120.200","23.075","224"
"50","146931","20220921080000","909","0","臺南市","安南區","120.130","23.060","52"
"52","146932","20220921080000","569","0","臺南市","安南區","120.135","23.060","44"
"23","146947","20220921080000","218","0","臺南市","安南區","120.115","23.055","19"
"662","146954","20220921080000","553","1","臺南市","安南區","120.125","23.060","634"
"617","146957","20220921080000","452","2","臺南市","安南區","120.125","23.065","616"
"859","146965","20220921080000","626","2","臺南市","山上區","120.355","23.105","940"
"164","146969","20220921080000","103","3","臺南市","山上區","120.370","23.080","158"
"82","146971","20220921080000","96","0","臺南市","山上區","120.380","23.080","80"
"2067","146988","20220921080000","1527","2","臺南市","永康區","120.255","23.045","2064"
"194","146992","20220921080000","99","3","臺南市","永康區","120.260","23.050","190"
"142","147017","20220921080000","120","1","臺南市","安南區","120.145","23.075","146"
"648","147019","20220921080000","551","1","臺南市","安南區","120.135","23.080","692"
"141","147031","20220921080000","157","0","臺南市","安定區","120.220","23.105","189"
"318","147043","20220921080000","647","0","臺南市","安定區","120.260","23.110","448"
"44","147044","20220921080000","43","1","臺南市","安定區","120.260","23.115","42"
"876","147045","20220921080000","794","1","臺南市","安定區","120.255","23.120","971"
"7478","147046","20220921080000","6908","1","臺南市","安定區","120.260","23.120","8235"
"149","147073","20220921080000","124","2","臺南市","安南區","120.180","23.045","144"
"1632","147074","20220921080000","1518","1","臺南市","安南區","120.185","23.045","1587"
"584","147075","20220921080000","590","0","臺南市","安南區","120.180","23.050","550"
"820","147079","20220921080000","498","3","臺南市","安南區","120.190","23.055","821"
"89","147083","20220921080000","196","0","臺南市","南化區","120.450","23.050","91"
"330","147121","20220921080000","222","2","臺南市","南化區","120.485","23.080","330"
"217","147153","20220921080000","184","1","臺南市","南化區","120.475","23.065","232"
"383","147170","20220921080000","243","3","臺南市","南化區","120.475","23.045","362"
"77","147181","20220921080000","114","0","臺南市","南化區","120.515","23.045","79"
"72","147248","20220921080000","61","1","臺南市","南化區","120.515","23.075","84"
"36","147252","20220921080000","32","1","臺南市","南化區","120.535","23.075","46"
"99","147257","20220921080000","88","1","臺南市","南化區","120.510","23.080","113"
"27","147271","20220921080000","38","0","臺南市","南化區","120.525","23.085","33"
"293","147381","20220921080000","252","1","臺南市","安南區","120.165","23.050","309"
"61","147382","20220921080000","351","0","臺南市","安南區","120.170","23.050","65"
"43","147391","20220921080000","34","2","臺東縣","池上鄉","121.205","23.100","62"
"193","147393","20220921080000","166","1","臺東縣","池上鄉","121.200","23.105","328"
"13","147394","20220921080000","10","2","臺東縣","池上鄉","121.205","23.105","16"
"107","147398","20220921080000","100","1","臺東縣","池上鄉","121.200","23.110","202"
"112","147404","20220921080000","110","1","臺東縣","池上鄉","121.200","23.115","115"
"310","147422","20220921080000","405","0","臺東縣","池上鄉","121.220","23.115","412"
"73","147425","20220921080000","75","0","臺東縣","池上鄉","121.210","23.120","78"
"455","147426","20220921080000","402","1","臺東縣","池上鄉","121.215","23.120","491"
"77","147427","20220921080000","953","0","臺東縣","池上鄉","121.220","23.120","171"
"15","147429","20220921080000","450","0","臺南市","安南區","120.120","23.075","11"
"82","147438","20220921080000","922","0","臺南市","安南區","120.205","23.050","64"
"1247","147448","20220921080000","1101","1","臺南市","安南區","120.195","23.070","1152"
"589","147449","20220921080000","371","3","臺南市","安定區","120.200","23.070","426"
"1223","147457","20220921080000","1035","1","臺南市","新市區","120.280","23.105","1331"
"2914","147458","20220921080000","2127","2","臺南市","善化區","120.265","23.110","3090"
"1183","147459","20220921080000","1211","0","臺南市","善化區","120.270","23.110","1228"
"1754","147460","20220921080000","1282","2","臺南市","善化區","120.275","23.110","1955"
"64","147461","20220921080000","34","3","臺南市","善化區","120.280","23.110","62"
"2205","147464","20220921080000","1568","2","臺南市","善化區","120.270","23.115","2144"
"2200","147465","20220921080000","2206","0","臺南市","善化區","120.275","23.115","3011"
"26","147466","20220921080000","26","1","臺南市","善化區","120.280","23.115","24"
"53","147467","20220921080000","117","0","臺南市","善化區","120.285","23.115","121"
"1199","147468","20220921080000","638","3","臺南市","善化區","120.270","23.120","1002"
"1531","147475","20220921080000","758","3","臺南市","安南區","120.190","23.045","1448"
"598","147479","20220921080000","307","3","臺南市","安定區","120.215","23.075","531"
"721","147503","20220921080000","521","2","臺南市","大內區","120.370","23.115","649"
"243","147511","20220921080000","196","2","臺南市","安定區","120.205","23.080","253"
"21","147517","20220921080000","11","3","臺南市","安定區","120.215","23.085","24"
"131","147522","20220921080000","708","0","臺南市","安定區","120.210","23.090","119"
"108","147528","20220921080000","656","0","臺南市","安定區","120.215","23.095","71"
"832","147531","20220921080000","453","3","臺南市","安定區","120.210","23.095","777"
"1536","147539","20220921080000","496","3","臺南市","新市區","120.290","23.085","1400"
"1130","147540","20220921080000","757","2","臺南市","新市區","120.285","23.090","1350"
"1810","147548","20220921080000","1837","0","臺南市","新市區","120.290","23.100","2061"
"310","147550","20220921080000","385","0","臺南市","新市區","120.285","23.105","473"
"22","147563","20220921080000","25","0","臺南市","新市區","120.255","23.070","22"
"210","147570","20220921080000","253","0","臺南市","新市區","120.265","23.075","299"
"379","147571","20220921080000","320","1","臺南市","新市區","120.255","23.080","488"
"147","147576","20220921080000","143","1","臺南市","新市區","120.305","23.090","160"
"310","147587","20220921080000","261","1","臺南市","新市區","120.310","23.100","339"
"446","147594","20220921080000","502","0","臺南市","新市區","120.320","23.085","474"
"978","147598","20220921080000","679","2","臺南市","新市區","120.315","23.090","1154"
"25","147613","20220921080000","221","0","臺南市","安南區","120.165","23.045","33"
"352","147619","20220921080000","305","1","臺南市","安南區","120.170","23.045","357"
"317","147620","20220921080000","216","2","臺南市","安南區","120.175","23.045","321"
"724","147621","20220921080000","828","0","臺南市","安南區","120.175","23.050","758"
"49","147622","20220921080000","344","0","臺南市","安南區","120.175","23.055","54"
"116","147627","20220921080000","77","3","臺南市","七股區","120.120","23.095","120"
"101","147686","20220921080000","154","0","臺南市","七股區","120.075","23.125","110"
"85","147743","20220921080000","52","3","臺南市","七股區","120.050","23.080","62"
"110","147812","20220921080000","125","0","臺南市","七股區","120.090","23.095","114"
"751","147816","20220921080000","529","2","臺南市","七股區","120.110","23.095","724"
"54","147889","20220921080000","73","0","臺東縣","池上鄉","121.220","23.080","56"
"118","147906","20220921080000","131","0","臺東縣","池上鄉","121.230","23.120","140"
"110","147984","20220921080000","123","0","高雄市","甲仙區","120.585","23.080","97"
"200","147985","20220921080000","107","3","高雄市","甲仙區","120.590","23.080","193"
"49","147999","20220921080000","45","1","高雄市","甲仙區","120.610","23.110","57"
"16","148032","20220921080000","15","1","高雄市","甲仙區","120.630","23.115","19"
"155","148097","20220921080000","193","0","高雄市","六龜區","120.670","23.065","187"
"129","148126","20220921080000","88","2","高雄市","六龜區","120.675","23.080","133"
"692","148173","20220921080000","462","2","臺南市","安南區","120.205","23.060","621"
"420","148177","20220921080000","346","2","臺南市","安南區","120.220","23.070","431"
"288","148178","20220921080000","242","1","臺南市","安南區","120.225","23.070","345"
"199","148201","20220921080000","130","3","高雄市","六龜區","120.690","23.095","193"
"169","148224","20220921080000","156","1","高雄市","六龜區","120.690","23.105","187"
"143","148238","20220921080000","228","0","高雄市","六龜區","120.700","23.110","178"
"15","148255","20220921080000","23","0","高雄市","桃源區","120.710","23.115","23"
"73","148271","20220921080000","103","0","高雄市","六龜區","120.720","23.115","92"
"49","148275","20220921080000","47","1","高雄市","桃源區","120.745","23.115","70"
"64","148342","20220921080000","41","3","高雄市","六龜區","120.715","23.065","70"
"77","148372","20220921080000","68","1","臺南市","新化區","120.330","23.055","93"
"110","148373","20220921080000","98","1","臺南市","新化區","120.335","23.055","117"
"92","148376","20220921080000","74","2","臺南市","新化區","120.335","23.060","101"
"104","148377","20220921080000","115","0","臺南市","新化區","120.340","23.060","124"
"19","148378","20220921080000","16","1","臺南市","新化區","120.345","23.060","19"
"456","148380","20220921080000","412","1","臺南市","新化區","120.345","23.065","465"
"180","148386","20220921080000","210","0","臺南市","新化區","120.355","23.070","209"
"91","148418","20220921080000","90","1","臺東縣","池上鄉","121.235","23.120","95"
"39","148429","20220921080000","98","0","臺南市","玉井區","120.425","23.070","46"
"119","148453","20220921080000","72","3","臺南市","玉井區","120.430","23.085","96"
"10","148472","20220921080000","14","0","臺南市","玉井區","120.440","23.095","11"
"29","148477","20220921080000","38","0","臺南市","玉井區","120.450","23.090","28"
"98","148526","20220921080000","80","2","臺南市","玉井區","120.480","23.110","120"
"13","148531","20220921080000","13","1","臺南市","玉井區","120.505","23.110","12"
"1839","148561","20220921080000","1669","1","臺南市","玉井區","120.460","23.120","1819"
"573","148562","20220921080000","568","1","臺南市","玉井區","120.465","23.120","585"
"725","148578","20220921080000","848","0","臺南市","永康區","120.265","23.045","773"
"279","148582","20220921080000","410","0","臺南市","永康區","120.265","23.050","325"
"633","148583","20220921080000","358","3","臺南市","永康區","120.270","23.050","586"
"34","148584","20220921080000","131","0","臺南市","永康區","120.275","23.050","117"
"70","148590","20220921080000","432","0","臺南市","永康區","120.245","23.050","64"
"16","148592","20220921080000","109","0","臺南市","永康區","120.250","23.050","37"
"458","148594","20220921080000","238","3","臺南市","永康區","120.260","23.055","468"
"521","148600","20220921080000","528","0","臺南市","永康區","120.265","23.055","645"
"49","148632","20220921080000","24","3","臺東縣","成功鎮","121.355","23.120","52"
"574","148641","20220921080000","291","3","臺東縣","成功鎮","121.400","23.120","556"
"10","148643","20220921080000","12","0","臺東縣","成功鎮","121.410","23.120","23"
"30","148653","20220921080000","19","3","臺東縣","成功鎮","121.355","23.105","25"
"105","148690","20220921080000","58","3","臺東縣","成功鎮","121.340","23.045","113"
"30","148696","20220921080000","39","0","臺東縣","成功鎮","121.340","23.050","53"
"148","148718","20220921080000","114","2","臺東縣","成功鎮","121.345","23.065","115"
"207","148763","20220921080000","74","3","臺東縣","成功鎮","121.355","23.090","200"
"22","148769","20220921080000","14","3","臺東縣","成功鎮","121.345","23.095","21"
"1024","148784","20220921080000","556","3","臺東縣","成功鎮","121.380","23.100","973"
"419","148795","20220921080000","431","0","臺東縣","關山鎮","121.175","23.070","489"
"111","148817","20220921080000","100","1","臺東縣","關山鎮","121.175","23.080","108"
"329","148847","20220921080000","285","1","臺東縣","關山鎮","121.165","23.045","334"
"481","148873","20220921080000","451","1","臺東縣","關山鎮","121.165","23.055","497"
"392","148879","20220921080000","308","2","臺東縣","關山鎮","121.155","23.045","390"
"510","148883","20220921080000","517","0","高雄市","甲仙區","120.590","23.085","469"
"61","148899","20220921080000","66","0","高雄市","甲仙區","120.590","23.100","60"
"78","148910","20220921080000","54","2","高雄市","甲仙區","120.550","23.055","84"
"80","148925","20220921080000","96","0","高雄市","甲仙區","120.570","23.065","90"
"238","148938","20220921080000","125","3","高雄市","甲仙區","120.575","23.070","303"
"73","148960","20220921080000","74","0","高雄市","甲仙區","120.560","23.050","67"
"445","148978","20220921080000","364","2","臺南市","新化區","120.290","23.045","468"
"603","148988","20220921080000","274","3","臺南市","安南區","120.145","23.045","607"
"36","149026","20220921080000","28","2","高雄市","桃源區","120.720","23.050","30"
"28","149159","20220921080000","29","0","高雄市","桃源區","120.755","23.070","38"
"10","149519","20220921080000","79","0","高雄市","六龜區","120.685","23.110","10"
"269","149576","20220921080000","170","3","臺南市","新化區","120.295","23.045","249"
"98","149589","20220921080000","298","0","臺南市","永康區","120.235","23.045","84"
"3093","149590","20220921080000","1816","3","臺南市","永康區","120.240","23.045","3120"
"25","149592","20220921080000","24","1","臺南市","永康區","120.245","23.045","28"
"517","149593","20220921080000","278","3","臺南市","永康區","120.250","23.045","538"
"52","149614","20220921080000","37","2","臺南市","玉井區","120.460","23.100","56"
"22","149636","20220921080000","30","0","臺南市","玉井區","120.490","23.095","34"
"133","149651","20220921080000","167","0","臺南市","玉井區","120.480","23.105","142"
"87","149658","20220921080000","45","3","臺東縣","東河鄉","121.285","23.045","87"
"65","149682","20220921080000","47","2","臺東縣","東河鄉","121.295","23.055","97"
"14","149761","20220921080000","15","0","臺東縣","東河鄉","121.295","23.080","18"
"62","149865","20220921080000","81","0","臺南市","新化區","120.310","23.045","48"
"317","149866","20220921080000","103","3","臺南市","新化區","120.315","23.045","327"
"152","149873","20220921080000","134","1","臺南市","新化區","120.325","23.055","167"
"32","149908","20220921080000","26","2","高雄市","甲仙區","120.600","23.085","35"
"910","149946","20220921080000","608","2","臺南市","善化區","120.270","23.125","1159"
"693","149948","20220921080000","747","0","臺南市","大內區","120.355","23.120","733"
"258","154962","20220921080000","183","2","澎湖縣","七美鄉","119.415","23.195","239"
"896","154965","20220921080000","649","2","臺南市","善化區","120.325","23.140","991"
"346","154980","20220921080000","320","1","臺南市","善化區","120.325","23.135","342"
"2214","154984","20220921080000","1693","2","臺南市","善化區","120.300","23.130","2404"
"444","154985","20220921080000","461","0","臺南市","善化區","120.305","23.130","468"
"737","154986","20220921080000","635","1","臺南市","善化區","120.310","23.130","1154"
"66","154996","20220921080000","58","1","澎湖縣","七美鄉","119.435","23.200","66"
"20","155085","20220921080000","11","3","臺南市","西港區","120.230","23.135","25"
"322","155098","20220921080000","669","0","臺南市","麻豆區","120.245","23.190","418"
"299","155107","20220921080000","155","3","臺南市","佳里區","120.180","23.145","296"
"512","155111","20220921080000","507","1","臺南市","佳里區","120.175","23.150","527"
"187","155114","20220921080000","812","0","臺南市","佳里區","120.175","23.155","150"
"829","155129","20220921080000","669","2","臺南市","佳里區","120.195","23.190","828"
"76","155501","20220921080000","50","3","臺東縣","海端鄉","121.025","23.185","82"
"65","155650","20220921080000","60","1","臺東縣","海端鄉","121.180","23.130","65"
"57","155658","20220921080000","35","3","臺東縣","海端鄉","121.205","23.150","46"
"90","155664","20220921080000","85","1","臺東縣","海端鄉","121.190","23.155","97"
"61","155779","20220921080000","63","0","臺東縣","海端鄉","121.125","23.130","74"
"65","155786","20220921080000","39","3","臺東縣","海端鄉","121.160","23.130","92"
"11","155909","20220921080000","15","0","臺東縣","海端鄉","121.085","23.140","19"
"20","156049","20220921080000","80","0","臺東縣","海端鄉","121.030","23.165","51"
"69","156052","20220921080000","65","1","臺東縣","海端鄉","121.045","23.165","101"
"17","156083","20220921080000","47","0","臺東縣","海端鄉","121.045","23.170","92"
"82","156227","20220921080000","345","0","臺南市","西港區","120.180","23.130","58"
"290","156233","20220921080000","305","0","臺南市","西港區","120.200","23.130","300"
"421","156281","20220921080000","291","2","臺南市","佳里區","120.180","23.165","414"
"26","156284","20220921080000","280","0","臺南市","佳里區","120.180","23.170","23"
"47","156292","20220921080000","42","1","臺南市","佳里區","120.155","23.170","52"
"611","156302","20220921080000","641","0","臺南市","麻豆區","120.215","23.175","566"
"771","156306","20220921080000","634","2","臺南市","佳里區","120.160","23.160","761"
"1670","156309","20220921080000","1546","1","臺南市","佳里區","120.175","23.160","1614"
"3824","156314","20220921080000","3844","0","臺南市","佳里區","120.175","23.165","3734"
"11","156316","20220921080000","12","0","臺南市","佳里區","120.170","23.170","13"
"296","156333","20220921080000","198","2","臺南市","七股區","120.140","23.140","282"
"323","156339","20220921080000","269","2","臺南市","七股區","120.150","23.150","308"
"177","156348","20220921080000","158","1","花蓮縣","富里鄉","121.255","23.180","202"
"288","156361","20220921080000","264","1","花蓮縣","富里鄉","121.275","23.190","307"
"451","156391","20220921080000","535","0","臺南市","西港區","120.220","23.140","434"
"623","156401","20220921080000","563","1","臺南市","麻豆區","120.240","23.155","652"
"41","156402","20220921080000","17","3","臺南市","麻豆區","120.240","23.160","26"
"336","156420","20220921080000","219","3","臺南市","麻豆區","120.270","23.195","314"
"171","156423","20220921080000","68","3","臺南市","麻豆區","120.285","23.195","181"
"230","156446","20220921080000","225","1","臺南市","大內區","120.415","23.150","224"
"26","156474","20220921080000","23","1","臺南市","大內區","120.410","23.165","17"
"553","156721","20220921080000","394","2","臺南市","善化區","120.270","23.145","686"
"25","156730","20220921080000","24","1","臺南市","大內區","120.405","23.130","35"
"14","156736","20220921080000","25","0","臺南市","大內區","120.435","23.130","20"
"70","156743","20220921080000","45","3","臺南市","大內區","120.430","23.135","96"
"81","156744","20220921080000","93","0","臺南市","玉井區","120.435","23.135","75"
"1454","156753","20220921080000","725","3","臺南市","善化區","120.285","23.135","1732"
"70","156765","20220921080000","693","0","臺南市","善化區","120.290","23.135","114"
"892","156781","20220921080000","731","2","臺南市","善化區","120.285","23.150","999"
"814","156792","20220921080000","675","2","臺南市","七股區","120.135","23.140","849"
"220","156851","20220921080000","281","0","臺南市","佳里區","120.155","23.180","225"
"408","156856","20220921080000","328","2","臺南市","佳里區","120.155","23.140","406"
"519","156864","20220921080000","496","1","臺南市","佳里區","120.185","23.145","549"
"127","156865","20220921080000","629","0","臺南市","佳里區","120.180","23.150","114"
"1468","156869","20220921080000","1232","1","臺南市","佳里區","120.180","23.155","1446"
"45","156870","20220921080000","143","0","臺南市","佳里區","120.185","23.155","37"
"769","156873","20220921080000","678","1","臺南市","佳里區","120.155","23.175","724"
"392","156909","20220921080000","321","2","臺南市","麻豆區","120.240","23.190","397"
"321","156941","20220921080000","340","0","臺南市","佳里區","120.190","23.190","313"
"798","156942","20220921080000","442","3","臺南市","佳里區","120.185","23.185","616"
"785","156974","20220921080000","792","0","臺南市","七股區","120.090","23.185","868"
"682","156977","20220921080000","327","3","臺南市","西港區","120.200","23.140","678"
"1559","157009","20220921080000","1286","2","臺南市","麻豆區","120.240","23.185","1699"
"707","157010","20220921080000","1031","0","臺南市","麻豆區","120.250","23.185","849"
"20","157011","20220921080000","490","0","臺南市","麻豆區","120.255","23.185","105"
"17","157047","20220921080000","38","0","臺南市","六甲區","120.415","23.205","37"
"101","157077","20220921080000","74","2","臺南市","楠西區","120.505","23.140","103"
"397","157130","20220921080000","318","2","臺南市","將軍區","120.160","23.190","372"
"79","157174","20220921080000","513","0","臺南市","官田區","120.315","23.195","114"
"904","157183","20220921080000","569","3","臺南市","安定區","120.245","23.130","1231"
"210","157198","20220921080000","207","1","花蓮縣","富里鄉","121.265","23.155","230"
"436","157259","20220921080000","513","0","臺南市","官田區","120.325","23.200","496"
"226","157263","20220921080000","246","0","臺南市","官田區","120.320","23.205","254"
"227","157265","20220921080000","176","2","臺南市","官田區","120.330","23.205","231"
"274","157334","20220921080000","242","1","臺南市","官田區","120.370","23.195","259"
"31","157335","20220921080000","106","0","臺南市","官田區","120.375","23.195","51"
"13","157360","20220921080000","620","0","臺南市","官田區","120.335","23.180","190"
"313","157382","20220921080000","151","3","臺南市","官田區","120.320","23.170","360"
"299","157394","20220921080000","224","2","臺南市","官田區","120.310","23.175","229"
"10","157419","20220921080000","379","0","臺南市","官田區","120.350","23.160","63"
"78","157422","20220921080000","46","3","臺南市","官田區","120.330","23.165","72"
"13","157477","20220921080000","300","0","臺南市","官田區","120.305","23.195","63"
"835","157478","20220921080000","669","2","臺南市","官田區","120.315","23.190","914"
"48","157597","20220921080000","33","2","臺南市","南化區","120.595","23.165","37"
"58","157624","20220921080000","50","1","臺南市","南化區","120.600","23.175","63"
"66","157646","20220921080000","84","0","臺南市","南化區","120.570","23.185","73"
"15","157724","20220921080000","11","2","臺南市","南化區","120.625","23.205","14"
"2022","157737","20220921080000","2147","0","臺南市","麻豆區","120.245","23.180","2519"
"137","157740","20220921080000","111","2","臺南市","麻豆區","120.240","23.195","181"
"577","157752","20220921080000","497","1","臺南市","麻豆區","120.260","23.185","606"
"455","157756","20220921080000","386","1","臺南市","麻豆區","120.265","23.190","500"
"235","157759","20220921080000","192","2","臺南市","麻豆區","120.255","23.190","266"
"48","157773","20220921080000","41","1","臺東縣","池上鄉","121.210","23.125","62"
"87","157789","20220921080000","87","1","臺東縣","池上鄉","121.200","23.140","88"
"272","157818","20220921080000","236","1","花蓮縣","卓溪鄉","121.225","23.160","261"
"134","157895","20220921080000","117","1","花蓮縣","富里鄉","121.250","23.200","100"
"510","157913","20220921080000","723","0","臺南市","善化區","120.295","23.135","551"
"150","157915","20220921080000","162","0","臺南市","善化區","120.305","23.135","137"
"1009","157919","20220921080000","597","3","臺南市","善化區","120.305","23.140","1021"
"635","157924","20220921080000","429","2","臺南市","善化區","120.290","23.145","780"
"62","157961","20220921080000","520","0","臺南市","善化區","120.285","23.130","243"
"131","157991","20220921080000","95","2","花蓮縣","富里鄉","121.235","23.135","130"
"57","157998","20220921080000","72","0","花蓮縣","富里鄉","121.240","23.140","52"
"277","158028","20220921080000","232","1","花蓮縣","富里鄉","121.250","23.170","298"
"482","158030","20220921080000","410","1","花蓮縣","富里鄉","121.250","23.175","439"
"86","158032","20220921080000","62","2","花蓮縣","富里鄉","121.250","23.180","83"
"917","158045","20220921080000","496","3","臺南市","將軍區","120.140","23.205","936"
"1292","158058","20220921080000","1304","0","臺南市","將軍區","120.160","23.200","1284"
"270","158065","20220921080000","298","0","臺南市","七股區","120.135","23.130","289"
"426","158072","20220921080000","366","1","臺南市","七股區","120.110","23.145","436"
"29","158092","20220921080000","38","0","臺南市","七股區","120.130","23.185","28"
"28","158097","20220921080000","19","2","臺南市","七股區","120.145","23.180","26"
"530","158106","20220921080000","293","3","臺南市","佳里區","120.190","23.165","454"
"47","158107","20220921080000","526","0","臺南市","佳里區","120.195","23.165","39"
"527","158122","20220921080000","545","0","臺南市","佳里區","120.180","23.180","529"
"426","158126","20220921080000","428","0","臺南市","佳里區","120.175","23.185","404"
"36","158128","20220921080000","30","2","臺東縣","池上鄉","121.185","23.130","42"
"240","158181","20220921080000","238","1","臺南市","麻豆區","120.265","23.180","259"
"912","158192","20220921080000","681","2","臺南市","麻豆區","120.245","23.185","924"
"11","158363","20220921080000","26","0","高雄市","桃源區","120.790","23.185","33"
"60","158397","20220921080000","88","0","臺東縣","池上鄉","121.235","23.130","88"
"562","158398","20220921080000","354","3","臺南市","玉井區","120.470","23.130","545"
"35","158400","20220921080000","232","0","臺南市","玉井區","120.480","23.130","26"
"224","158410","20220921080000","182","2","臺南市","玉井區","120.440","23.135","247"
"122","158457","20220921080000","80","3","臺南市","楠西區","120.490","23.190","120"
"63","158502","20220921080000","66","0","臺南市","楠西區","120.515","23.200","72"
"31","158508","20220921080000","32","0","臺南市","楠西區","120.545","23.205","32"
"817","158533","20220921080000","497","3","臺南市","楠西區","120.485","23.175","770"
"326","158546","20220921080000","292","1","臺南市","楠西區","120.485","23.170","349"
"24","158547","20220921080000","279","0","臺南市","楠西區","120.480","23.175","27"
"29","158550","20220921080000","214","0","臺南市","楠西區","120.480","23.185","31"
"43","158572","20220921080000","54","0","臺南市","楠西區","120.505","23.160","41"
"29","158634","20220921080000","27","1","臺南市","楠西區","120.560","23.180","26"
"11","158638","20220921080000","50","0","臺南市","楠西區","120.525","23.185","12"
"129","158670","20220921080000","90","2","臺南市","楠西區","120.465","23.190","119"
"93","158687","20220921080000","83","1","臺南市","楠西區","120.490","23.200","47"
"83","158905","20220921080000","74","1","臺東縣","成功鎮","121.400","23.170","100"
"113","158933","20220921080000","107","1","臺東縣","成功鎮","121.395","23.180","117"
"127","159028","20220921080000","118","1","高雄市","甲仙區","120.635","23.150","141"
"24","159158","20220921080000","13","3","高雄市","三民區","120.660","23.200","25"
"32","159274","20220921080000","36","0","高雄市","桃源區","120.800","23.210","61"
"22","159434","20220921080000","41","0","高雄市","桃源區","120.755","23.145","51"
"194","159527","20220921080000","196","0","高雄市","桃源區","120.765","23.160","224"
"77","159574","20220921080000","106","0","高雄市","桃源區","120.770","23.165","101"
"14","159705","20220921080000","19","0","高雄市","桃源區","120.730","23.135","31"
"57","159707","20220921080000","38","3","高雄市","桃源區","120.740","23.135","76"
"343","159838","20220921080000","176","3","臺南市","官田區","120.350","23.150","262"
"183","159846","20220921080000","149","2","臺南市","大內區","120.365","23.155","227"
"335","159859","20220921080000","298","1","臺南市","大內區","120.380","23.145","322"
"60","159883","20220921080000","39","3","臺南市","大內區","120.370","23.160","60"
"131","159912","20220921080000","214","0","臺南市","麻豆區","120.225","23.175","265"
"691","159913","20220921080000","864","0","臺南市","麻豆區","120.220","23.180","788"
"758","159928","20220921080000","623","2","臺南市","麻豆區","120.255","23.180","781"
"70","159936","20220921080000","378","0","臺南市","善化區","120.315","23.145","239"
"629","159943","20220921080000","437","2","臺南市","善化區","120.300","23.150","700"
"41","159947","20220921080000","237","0","臺南市","善化區","120.265","23.130","129"
"432","159950","20220921080000","193","3","臺南市","善化區","120.260","23.135","510"
"157","161053","20220921080000","108","2","澎湖縣","七美鄉","119.430","23.215","148"
"88","162017","20220921080000","44","3","臺東縣","長濱鄉","121.415","23.235","94"
"325","164970","20220921080000","317","1","澎湖縣","七美鄉","119.425","23.205","289"
"30","164978","20220921080000","106","0","澎湖縣","望安鄉","119.670","23.245","42"
"615","165017","20220921080000","469","2","臺南市","學甲區","120.195","23.215","599"
"604","165030","20220921080000","490","2","臺南市","學甲區","120.195","23.230","501"
"44","165342","20220921080000","93","0","臺東縣","海端鄉","120.985","23.250","80"
"1364","165635","20220921080000","1565","0","臺南市","下營區","120.265","23.240","1625"
"764","165652","20220921080000","641","1","臺南市","下營區","120.270","23.245","811"
"269","165697","20220921080000","221","2","花蓮縣","富里鄉","121.275","23.215","297"
"403","165713","20220921080000","303","2","臺南市","下營區","120.270","23.210","431"
"34","165716","20220921080000","30","1","花蓮縣","富里鄉","121.340","23.280","46"
"148","165718","20220921080000","143","1","花蓮縣","玉里鎮","121.345","23.285","188"
"184","165736","20220921080000","118","3","花蓮縣","玉里鎮","121.285","23.280","178"
"209","165743","20220921080000","117","3","花蓮縣","玉里鎮","121.280","23.285","204"
"106","165775","20220921080000","147","0","花蓮縣","富里鄉","121.290","23.240","121"
"36","165778","20220921080000","46","0","花蓮縣","富里鄉","121.305","23.240","49"
"130","165815","20220921080000","105","2","花蓮縣","富里鄉","121.295","23.255","109"
"234","165847","20220921080000","257","0","臺南市","新營區","120.275","23.275","234"
"50","165852","20220921080000","49","1","臺南市","六甲區","120.345","23.230","45"
"1026","165855","20220921080000","728","2","臺南市","北門區","120.135","23.240","1048"
"134","165858","20220921080000","165","0","臺南市","北門區","120.130","23.250","124"
"310","165925","20220921080000","285","1","臺南市","六甲區","120.345","23.235","300"
"170","165938","20220921080000","55","3","臺南市","六甲區","120.340","23.250","148"
"28","165969","20220921080000","27","1","臺南市","六甲區","120.400","23.220","26"
"67","166033","20220921080000","40","3","臺南市","柳營區","120.310","23.260","59"
"421","166037","20220921080000","196","3","臺南市","柳營區","120.305","23.280","451"
"261","166071","20220921080000","410","0","臺南市","六甲區","120.340","23.225","344"
"40","166077","20220921080000","30","2","臺南市","六甲區","120.315","23.250","36"
"402","166081","20220921080000","312","2","臺南市","六甲區","120.310","23.255","480"
"77","166097","20220921080000","41","3","臺南市","北門區","120.110","23.260","70"
"139","166128","20220921080000","117","1","臺南市","北門區","120.140","23.265","140"
"150","166144","20220921080000","165","0","臺南市","學甲區","120.180","23.285","150"
"77","166153","20220921080000","330","0","臺南市","將軍區","120.165","23.220","78"
"43","166181","20220921080000","468","0","臺南市","北門區","120.095","23.230","33"
"1063","166188","20220921080000","1065","0","臺南市","北門區","120.115","23.235","1068"
"807","166224","20220921080000","705","1","臺南市","北門區","120.135","23.280","823"
"858","166238","20220921080000","796","1","臺南市","北門區","120.125","23.270","822"
"99","166250","20220921080000","49","3","花蓮縣","富里鄉","121.315","23.220","87"
"238","166256","20220921080000","215","1","花蓮縣","富里鄉","121.275","23.225","203"
"166","166326","20220921080000","155","1","花蓮縣","富里鄉","121.305","23.255","169"
"116","166340","20220921080000","82","2","花蓮縣","富里鄉","121.305","23.265","132"
"92","166344","20220921080000","82","1","花蓮縣","富里鄉","121.300","23.270","79"
"404","166354","20220921080000","302","2","臺南市","官田區","120.320","23.215","423"
"182","166363","20220921080000","171","1","臺南市","官田區","120.340","23.220","181"
"21","166377","20220921080000","915","0","臺南市","官田區","120.310","23.215","152"
"319","166389","20220921080000","238","2","臺南市","官田區","120.360","23.210","297"
"478","166391","20220921080000","173","3","臺南市","官田區","120.370","23.210","450"
"244","166424","20220921080000","298","0","臺南市","北門區","120.145","23.285","225"
"316","166429","20220921080000","216","2","臺南市","將軍區","120.160","23.220","309"
"1595","166446","20220921080000","1763","0","臺南市","六甲區","120.355","23.230","1752"
"111","166455","20220921080000","109","1","臺南市","六甲區","120.370","23.230","113"
"127","166495","20220921080000","136","0","臺南市","北門區","120.125","23.240","158"
"572","166562","20220921080000","445","2","臺南市","麻豆區","120.220","23.220","743"
"55","166785","20220921080000","38","2","花蓮縣","富里鄉","121.265","23.215","63"
"392","167284","20220921080000","333","1","臺南市","下營區","120.290","23.245","407"
"13","167323","20220921080000","11","1","花蓮縣","富里鄉","121.360","23.265","19"
"91","167340","20220921080000","46","3","花蓮縣","富里鄉","121.315","23.275","74"
"28","167482","20220921080000","124","0","臺南市","東山區","120.470","23.260","22"
"70","167491","20220921080000","57","2","臺南市","東山區","120.515","23.260","71"
"288","167497","20220921080000","139","3","臺南市","東山區","120.480","23.265","285"
"30","167501","20220921080000","189","0","臺南市","東山區","120.500","23.265","26"
"16","167514","20220921080000","78","0","臺南市","東山區","120.395","23.265","19"
"55","167565","20220921080000","154","0","臺南市","東山區","120.445","23.265","55"
"342","167568","20220921080000","191","3","臺南市","東山區","120.445","23.270","333"
"178","167588","20220921080000","118","3","臺南市","東山區","120.445","23.290","147"
"112","167626","20220921080000","383","0","臺南市","東山區","120.405","23.285","81"
"50","167655","20220921080000","32","3","臺南市","東山區","120.465","23.280","58"
"31","167656","20220921080000","144","0","臺南市","東山區","120.470","23.280","20"
"60","167674","20220921080000","54","1","臺南市","東山區","120.500","23.285","62"
"45","167688","20220921080000","31","2","臺南市","東山區","120.515","23.290","52"
"192","167707","20220921080000","206","0","臺南市","將軍區","120.085","23.215","207"
"237","167714","20220921080000","178","2","臺南市","將軍區","120.120","23.220","229"
"805","167786","20220921080000","518","3","臺南市","鹽水區","120.205","23.260","776"
"53","167813","20220921080000","34","3","臺東縣","長濱鄉","121.410","23.215","64"
"111","167824","20220921080000","80","2","臺東縣","長濱鄉","121.415","23.225","93"
"17","167910","20220921080000","16","1","臺東縣","長濱鄉","121.385","23.260","17"
"23","167952","20220921080000","32","0","臺南市","學甲區","120.185","23.230","24"
"1003","167953","20220921080000","878","1","臺南市","學甲區","120.185","23.235","1032"
"1320","167958","20220921080000","824","3","臺南市","學甲區","120.185","23.225","1304"
"58","167982","20220921080000","282","0","臺南市","學甲區","120.195","23.240","59"
"1739","167993","20220921080000","1786","0","臺南市","學甲區","120.180","23.235","1727"
"165","168093","20220921080000","205","0","高雄市","三民區","120.670","23.235","202"
"100","168132","20220921080000","86","1","高雄市","三民區","120.695","23.235","100"
"80","168149","20220921080000","62","2","高雄市","三民區","120.695","23.240","79"
"54","168296","20220921080000","53","1","高雄市","三民區","120.680","23.265","64"
"11","168304","20220921080000","15","0","高雄市","三民區","120.720","23.265","13"
"185","168347","20220921080000","271","0","高雄市","三民區","120.700","23.275","189"
"272","168351","20220921080000","152","3","高雄市","三民區","120.720","23.275","265"
"11","168370","20220921080000","12","0","高雄市","三民區","120.685","23.280","15"
"679","168445","20220921080000","606","1","臺南市","鹽水區","120.235","23.285","744"
"1129","168462","20220921080000","1693","0","臺南市","柳營區","120.325","23.290","1273"
"143","168468","20220921080000","155","0","臺南市","柳營區","120.405","23.235","154"
"172","168484","20220921080000","132","2","臺南市","柳營區","120.420","23.245","153"
"16","168515","20220921080000","490","0","臺南市","柳營區","120.380","23.265","112"
"44","168538","20220921080000","1127","0","臺南市","柳營區","120.315","23.280","311"
"427","168541","20220921080000","198","3","臺南市","柳營區","120.330","23.280","432"
"180","168545","20220921080000","56","3","臺南市","柳營區","120.380","23.240","200"
"172","168619","20220921080000","192","0","臺南市","楠西區","120.495","23.215","196"
"71","168624","20220921080000","44","3","臺南市","楠西區","120.520","23.215","79"
"99","168647","20220921080000","153","0","臺南市","楠西區","120.500","23.225","143"
"22","168692","20220921080000","21","1","臺南市","鹽水區","120.245","23.275","24"
"20","168719","20220921080000","19","1","臺東縣","成功鎮","121.400","23.210","21"
"77","168825","20220921080000","55","2","高雄市","桃源區","120.805","23.220","69"
"90","168996","20220921080000","62","2","高雄市","桃源區","120.815","23.240","126"
"74","169242","20220921080000","99","0","高雄市","桃源區","120.825","23.265","197"
"12","169401","20220921080000","11","1","高雄市","桃源區","120.895","23.285","74"
"227","169480","20220921080000","179","2","臺南市","新營區","120.275","23.265","277"
"126","169490","20220921080000","101","2","臺南市","學甲區","120.195","23.275","125"
"314","169506","20220921080000","350","0","臺南市","學甲區","120.205","23.280","297"
"668","169527","20220921080000","591","1","臺南市","學甲區","120.160","23.245","662"
"533","169555","20220921080000","385","2","臺南市","鹽水區","120.255","23.250","554"
"221","169567","20220921080000","303","0","臺南市","將軍區","120.135","23.225","204"
"28","169664","20220921080000","19","2","嘉義縣","大埔鄉","120.625","23.245","25"
"36","169729","20220921080000","37","0","嘉義縣","大埔鄉","120.590","23.270","45"
"40","169739","20220921080000","34","1","嘉義縣","大埔鄉","120.585","23.275","50"
"54","169788","20220921080000","41","2","嘉義縣","大埔鄉","120.545","23.230","49"
"53","169812","20220921080000","38","2","臺南市","東山區","120.520","23.240","39"
"47","169834","20220921080000","36","2","嘉義縣","大埔鄉","120.565","23.245","59"
"20","169837","20220921080000","16","2","嘉義縣","大埔鄉","120.580","23.245","14"
"50","169842","20220921080000","31","3","嘉義縣","大埔鄉","120.535","23.250","47"
"345","174966","20220921080000","381","0","澎湖縣","望安鄉","119.505","23.360","334"
"18","174989","20220921080000","67","0","臺南市","白河區","120.460","23.350","20"
"173","175007","20220921080000","139","2","臺南市","東山區","120.500","23.295","192"
"88","175048","20220921080000","44","3","臺南市","白河區","120.480","23.320","118"
"115","175054","20220921080000","60","3","臺南市","白河區","120.510","23.320","105"
"362","175059","20220921080000","323","1","臺南市","白河區","120.485","23.325","369"
"84","175081","20220921080000","78","1","臺南市","白河區","120.495","23.335","90"
"168","175083","20220921080000","159","1","臺南市","白河區","120.505","23.335","204"
"82","175092","20220921080000","68","2","臺南市","白河區","120.505","23.340","65"
"1379","175108","20220921080000","1235","1","臺南市","新營區","120.310","23.305","1430"
"154","175181","20220921080000","129","1","花蓮縣","玉里鎮","121.335","23.320","145"
"1398","175206","20220921080000","1418","0","花蓮縣","玉里鎮","121.310","23.335","1395"
"201","175209","20220921080000","176","1","花蓮縣","玉里鎮","121.310","23.340","229"
"79","175217","20220921080000","68","1","花蓮縣","玉里鎮","121.300","23.300","65"
"321","175262","20220921080000","331","0","花蓮縣","玉里鎮","121.300","23.320","314"
"193","175264","20220921080000","166","1","花蓮縣","玉里鎮","121.310","23.320","186"
"26","175284","20220921080000","19","2","花蓮縣","玉里鎮","121.275","23.290","27"
"45","175299","20220921080000","54","0","花蓮縣","玉里鎮","121.290","23.295","46"
"186","175318","20220921080000","711","0","臺南市","白河區","120.410","23.345","164"
"26","175319","20220921080000","388","0","臺南市","白河區","120.405","23.350","22"
"139","175320","20220921080000","632","0","臺南市","白河區","120.410","23.350","143"
"50","175328","20220921080000","35","2","臺南市","白河區","120.460","23.365","31"
"151","175348","20220921080000","304","0","臺南市","白河區","120.440","23.345","209"
"412","175355","20220921080000","103","3","臺南市","新營區","120.330","23.320","408"
"33","175359","20220921080000","15","3","臺南市","新營區","120.350","23.320","33"
"1063","175362","20220921080000","855","2","臺南市","新營區","120.315","23.325","1086"
"19","175372","20220921080000","107","0","臺南市","新營區","120.325","23.305","57"
"504","175398","20220921080000","488","1","臺南市","後壁區","120.315","23.370","614"
"499","175425","20220921080000","275","3","臺南市","後壁區","120.375","23.330","483"
"14","175446","20220921080000","294","0","臺南市","新營區","120.320","23.320","60"
"442","175467","20220921080000","522","0","臺南市","北門區","120.170","23.300","452"
"181","175484","20220921080000","279","0","臺南市","後壁區","120.330","23.355","242"
"512","175489","20220921080000","637","0","臺南市","新營區","120.270","23.295","559"
"627","175497","20220921080000","922","0","臺南市","後壁區","120.360","23.370","652"
"2624","175499","20220921080000","2352","1","臺南市","後壁區","120.370","23.370","2654"
"1630","175523","20220921080000","1264","2","臺南市","後壁區","120.395","23.370","1618"
"1203","175546","20220921080000","955","2","臺南市","新營區","120.310","23.300","1241"
"1918","175547","20220921080000","1643","1","臺南市","新營區","120.315","23.310","2080"
"1600","175548","20220921080000","2198","0","臺南市","新營區","120.315","23.315","1967"
"215","175564","20220921080000","345","0","臺南市","後壁區","120.355","23.365","213"
"1428","175576","20220921080000","871","3","臺南市","新營區","120.300","23.310","1539"
"230","175585","20220921080000","131","3","臺南市","北門區","120.110","23.300","226"
"16","175648","20220921080000","27","0","臺南市","新營區","120.290","23.300","12"
"24","175651","20220921080000","26","0","臺南市","柳營區","120.300","23.295","29"
"147","175653","20220921080000","63","3","臺南市","柳營區","120.310","23.295","132"
"38","175712","20220921080000","183","0","臺南市","白河區","120.430","23.330","42"
"21","175737","20220921080000","337","0","臺南市","白河區","120.430","23.355","21"
"21","175874","20220921080000","30","0","花蓮縣","卓溪鄉","121.270","23.305","27"
"176","176357","20220921080000","170","1","花蓮縣","玉里鎮","121.300","23.345","244"
"409","176756","20220921080000","330","2","臺南市","新營區","120.325","23.315","407"
"338","176757","20220921080000","321","1","臺南市","新營區","120.330","23.315","347"
"52","176764","20220921080000","45","1","花蓮縣","玉里鎮","121.330","23.300","52"
"291","176798","20220921080000","270","1","臺南市","後壁區","120.350","23.335","277"
"897","176811","20220921080000","820","1","臺南市","新營區","120.305","23.300","1018"
"1141","176812","20220921080000","970","1","臺南市","新營區","120.315","23.305","1197"
"25","176814","20220921080000","17","2","臺南市","東山區","120.385","23.310","24"
"34","176830","20220921080000","123","0","臺南市","東山區","120.390","23.330","30"
"896","176863","20220921080000","733","2","臺南市","東山區","120.405","23.320","831"
"180","176885","20220921080000","197","0","臺南市","東山區","120.405","23.325","188"
"178","176921","20220921080000","327","0","臺南市","東山區","120.390","23.295","126"
"684","176933","20220921080000","454","3","臺南市","東山區","120.415","23.300","661"
"224","176942","20220921080000","186","2","臺南市","東山區","120.345","23.300","210"
"1278","176986","20220921080000","593","3","臺南市","白河區","120.395","23.340","1039"
"900","177006","20220921080000","911","0","臺南市","鹽水區","120.270","23.325","900"
"670","177007","20220921080000","604","1","嘉義縣","義竹鄉","120.255","23.330","757"
"495","177010","20220921080000","415","1","臺南市","鹽水區","120.270","23.330","531"
"29","177169","20220921080000","43","0","花蓮縣","玉里鎮","121.370","23.350","30"
"1770","177425","20220921080000","1008","3","臺南市","新營區","120.315","23.300","1850"
"335","177432","20220921080000","413","0","臺南市","鹽水區","120.280","23.330","353"
"612","177436","20220921080000","484","2","臺南市","鹽水區","120.290","23.335","687"
"1027","177466","20220921080000","858","1","臺南市","鹽水區","120.270","23.310","1133"
"634","177467","20220921080000","679","0","臺南市","新營區","120.275","23.310","694"
"801","177475","20220921080000","516","3","臺南市","鹽水區","120.265","23.325","782"
"113","177480","20220921080000","106","1","臺南市","白河區","120.480","23.325","105"
"117","177500","20220921080000","101","1","臺南市","白河區","120.495","23.340","116"
"303","177580","20220921080000","1360","0","臺南市","白河區","120.415","23.350","283"
"459","177586","20220921080000","200","3","臺南市","柳營區","120.325","23.295","488"
"19","177599","20220921080000","713","0","臺南市","柳營區","120.365","23.295","215"
"59","177602","20220921080000","46","2","臺南市","鹽水區","120.270","23.320","35"
"307","177603","20220921080000","256","1","花蓮縣","玉里鎮","121.320","23.320","291"
"507","177605","20220921080000","314","3","花蓮縣","玉里鎮","121.310","23.325","483"
"260","177606","20220921080000","147","3","花蓮縣","玉里鎮","121.315","23.325","253"
"274","177609","20220921080000","227","2","花蓮縣","玉里鎮","121.310","23.330","304"
"2002","177610","20220921080000","2082","0","花蓮縣","玉里鎮","121.315","23.330","2013"
"1036","177613","20220921080000","960","1","花蓮縣","玉里鎮","121.315","23.340","1006"
"156","177617","20220921080000","143","1","花蓮縣","玉里鎮","121.320","23.345","161"
"407","177619","20220921080000","338","2","花蓮縣","玉里鎮","121.320","23.330","377"
"15","177621","20220921080000","10","3","花蓮縣","玉里鎮","121.315","23.335","14"
"376","177624","20220921080000","249","3","花蓮縣","玉里鎮","121.320","23.350","360"
"277","177632","20220921080000","227","2","花蓮縣","卓溪鄉","121.320","23.355","293"
"24","177682","20220921080000","17","2","臺東縣","長濱鄉","121.440","23.325","26"
"154","177742","20220921080000","50","3","臺東縣","長濱鄉","121.425","23.290","139"
"22","177750","20220921080000","24","0","臺東縣","長濱鄉","121.420","23.295","28"
"356","177808","20220921080000","622","0","臺東縣","長濱鄉","121.455","23.315","388"
"159","177813","20220921080000","164","0","臺東縣","長濱鄉","121.460","23.320","198"
"128","177815","20220921080000","86","2","臺東縣","長濱鄉","121.445","23.325","149"
"205","177826","20220921080000","134","3","臺東縣","長濱鄉","121.465","23.335","205"
"1003","178630","20220921080000","638","3","臺南市","鹽水區","120.265","23.320","1052"
"244","178643","20220921080000","227","1","臺南市","新營區","120.305","23.320","227"
"24","178644","20220921080000","103","0","臺南市","新營區","120.310","23.320","107"
"42","178697","20220921080000","35","2","嘉義縣","中埔鄉","120.510","23.345","41"
"22","178710","20220921080000","17","2","嘉義縣","中埔鄉","120.520","23.350","33"
"358","178722","20220921080000","121","3","嘉義縣","中埔鄉","120.540","23.355","364"
"74","178756","20220921080000","45","3","嘉義縣","中埔鄉","120.495","23.370","66"
"267","178768","20220921080000","235","1","臺南市","鹽水區","120.260","23.295","281"
"224","178886","20220921080000","137","3","嘉義縣","布袋鎮","120.140","23.335","233"
"611","178930","20220921080000","195","3","嘉義縣","布袋鎮","120.160","23.320","562"
"924","178938","20220921080000","1012","0","嘉義縣","布袋鎮","120.165","23.325","922"
"86","178970","20220921080000","63","2","嘉義縣","大埔鄉","120.625","23.300","80"
"46","178978","20220921080000","31","2","嘉義縣","大埔鄉","120.605","23.305","31"
"64","179106","20220921080000","63","1","嘉義縣","大埔鄉","120.590","23.295","59"
"483","179113","20220921080000","466","1","嘉義縣","大埔鄉","120.595","23.295","454"
"110","179189","20220921080000","133","0","嘉義縣","大埔鄉","120.570","23.330","110"
"44","179210","20220921080000","27","3","嘉義縣","大埔鄉","120.555","23.340","67"
"34","179249","20220921080000","21","3","嘉義縣","大埔鄉","120.585","23.360","58"
"41","179312","20220921080000","45","0","嘉義縣","番路鄉","120.605","23.355","64"
"199","179320","20220921080000","116","3","嘉義縣","番路鄉","120.590","23.360","212"
"1389","179352","20220921080000","1340","1","嘉義縣","義竹鄉","120.250","23.340","1373"
"678","179448","20220921080000","695","0","嘉義縣","義竹鄉","120.240","23.335","697"
"75","179461","20220921080000","77","0","嘉義縣","義竹鄉","120.245","23.335","74"
"753","179521","20220921080000","430","3","嘉義縣","義竹鄉","120.195","23.305","779"
"21","179523","20220921080000","12","3","嘉義縣","義竹鄉","120.205","23.305","15"
"43","179646","20220921080000","26","3","嘉義縣","阿里山鄉","120.680","23.335","40"
"82","179666","20220921080000","45","3","嘉義縣","阿里山鄉","120.680","23.340","87"
"94","179747","20220921080000","73","2","嘉義縣","阿里山鄉","120.665","23.300","91"
"79","179773","20220921080000","86","0","嘉義縣","阿里山鄉","120.695","23.305","78"
"39","179780","20220921080000","34","1","嘉義縣","阿里山鄉","120.665","23.310","40"
"942","179845","20220921080000","655","2","嘉義縣","義竹鄉","120.225","23.320","943"
"1016","179874","20220921080000","647","3","嘉義縣","義竹鄉","120.190","23.335","999"
"646","179880","20220921080000","574","1","嘉義縣","義竹鄉","120.230","23.360","599"
"119","179883","20220921080000","89","2","嘉義縣","義竹鄉","120.245","23.360","115"
"818","179922","20220921080000","737","1","嘉義縣","義竹鄉","120.220","23.360","865"
"176","179933","20220921080000","103","3","嘉義縣","義竹鄉","120.210","23.300","183"
"782","179945","20220921080000","547","2","嘉義縣","義竹鄉","120.270","23.360","740"
"195","180132","20220921080000","223","0","澎湖縣","望安鄉","119.520","23.365","170"
"195","180802","20220921080000","295","0","嘉義縣","布袋鎮","120.140","23.375","223"
"115","180804","20220921080000","64","3","臺東縣","長濱鄉","121.475","23.380","108"
"159","181221","20220921080000","154","1","澎湖縣","望安鄉","119.495","23.380","211"
"207","185223","20220921080000","185","1","嘉義縣","東石鄉","120.135","23.450","222"
"880","185452","20220921080000","958","0","嘉義市","東區","120.455","23.450","912"
"1180","185456","20220921080000","1100","1","嘉義縣","水上鄉","120.430","23.450","1197"
"62","185475","20220921080000","99","0","澎湖縣","望安鄉","119.320","23.395","80"
"24","185483","20220921080000","45","0","花蓮縣","玉里鎮","121.350","23.440","20"
"79","185491","20220921080000","74","1","花蓮縣","瑞穗鄉","121.350","23.450","73"
"114","185499","20220921080000","646","0","臺南市","白河區","120.405","23.395","98"
"257","185546","20220921080000","215","1","花蓮縣","玉里鎮","121.355","23.385","262"
"84","185576","20220921080000","34","3","花蓮縣","玉里鎮","121.355","23.395","58"
"62","185590","20220921080000","53","1","花蓮縣","玉里鎮","121.365","23.405","55"
"106","185598","20220921080000","293","0","臺南市","白河區","120.415","23.380","119"
"251","185635","20220921080000","396","0","臺南市","後壁區","120.380","23.390","320"
"573","185683","20220921080000","828","0","臺南市","後壁區","120.340","23.380","708"
"205","185698","20220921080000","120","3","臺南市","白河區","120.480","23.385","196"
"109","186808","20220921080000","108","1","花蓮縣","卓溪鄉","121.315","23.435","110"
"273","186812","20220921080000","224","2","花蓮縣","卓溪鄉","121.335","23.435","267"
"87","186826","20220921080000","53","3","花蓮縣","卓溪鄉","121.340","23.440","70"
"30","186875","20220921080000","29","1","臺南市","後壁區","120.335","23.380","21"
"65","186914","20220921080000","32","3","臺南市","白河區","120.445","23.380","47"
"41","186915","20220921080000","422","0","臺南市","白河區","120.450","23.380","53"
"97","186921","20220921080000","222","0","臺南市","白河區","120.435","23.390","101"
"50","187008","20220921080000","26","3","臺東縣","長濱鄉","121.480","23.395","47"
"180","187061","20220921080000","143","2","花蓮縣","玉里鎮","121.320","23.395","142"
"149","187086","20220921080000","158","0","花蓮縣","玉里鎮","121.340","23.415","183"
"164","187099","20220921080000","91","3","花蓮縣","玉里鎮","121.345","23.425","157"
"167","187105","20220921080000","134","2","花蓮縣","玉里鎮","121.345","23.430","139"
"130","187173","20220921080000","101","2","花蓮縣","玉里鎮","121.395","23.450","158"
"303","187253","20220921080000","280","1","花蓮縣","玉里鎮","121.375","23.425","300"
"154","187296","20220921080000","461","0","臺南市","白河區","120.440","23.400","122"
"185","187322","20220921080000","154","2","花蓮縣","玉里鎮","121.330","23.375","207"
"255","187339","20220921080000","167","3","花蓮縣","玉里鎮","121.325","23.390","270"
"21","187385","20220921080000","17","2","臺東縣","長濱鄉","121.465","23.405","17"
"34","187398","20220921080000","37","0","臺東縣","長濱鄉","121.470","23.410","53"
"36","188051","20220921080000","498","0","嘉義縣","中埔鄉","120.520","23.430","31"
"359","188063","20220921080000","250","2","嘉義縣","中埔鄉","120.560","23.435","355"
"644","188064","20220921080000","1026","0","嘉義縣","中埔鄉","120.520","23.420","659"
"426","188069","20220921080000","265","3","嘉義縣","中埔鄉","120.520","23.425","428"
"76","188090","20220921080000","82","0","嘉義縣","中埔鄉","120.510","23.400","68"
"20","188129","20220921080000","313","0","嘉義縣","中埔鄉","120.460","23.445","24"
"297","188131","20220921080000","219","2","嘉義縣","中埔鄉","120.460","23.450","292"
"371","188132","20220921080000","360","1","嘉義縣","中埔鄉","120.470","23.450","384"
"602","188133","20220921080000","720","0","嘉義縣","中埔鄉","120.475","23.450","564"
"1293","188134","20220921080000","1435","0","嘉義縣","中埔鄉","120.465","23.450","1331"
"332","188136","20220921080000","175","3","嘉義縣","中埔鄉","120.485","23.450","315"
"1165","188141","20220921080000","1177","0","嘉義縣","中埔鄉","120.450","23.435","1177"
"362","188144","20220921080000","376","0","嘉義縣","中埔鄉","120.455","23.445","351"
"490","188147","20220921080000","454","1","嘉義縣","中埔鄉","120.480","23.440","460"
"562","188193","20220921080000","442","2","嘉義縣","中埔鄉","120.520","23.385","534"
"165","188241","20220921080000","105","3","嘉義縣","中埔鄉","120.580","23.425","147"
"170","188261","20220921080000","123","2","嘉義縣","中埔鄉","120.540","23.390","158"
"19","188280","20220921080000","71","0","嘉義縣","中埔鄉","120.575","23.380","36"
"70","188314","20220921080000","40","3","嘉義縣","中埔鄉","120.590","23.395","59"
"493","188331","20220921080000","390","2","嘉義縣","中埔鄉","120.555","23.405","493"
"27","188335","20220921080000","10","3","嘉義縣","中埔鄉","120.575","23.405","32"
"78","188368","20220921080000","645","0","嘉義縣","中埔鄉","120.540","23.440","76"
"313","188369","20220921080000","201","3","嘉義縣","中埔鄉","120.545","23.440","292"
"256","188382","20220921080000","233","1","嘉義縣","中埔鄉","120.565","23.445","263"
"625","188390","20220921080000","398","3","嘉義縣","中埔鄉","120.530","23.440","616"
"340","188417","20220921080000","308","1","嘉義縣","中埔鄉","120.510","23.435","318"
"507","188421","20220921080000","366","2","嘉義縣","中埔鄉","120.510","23.440","509"
"743","188422","20220921080000","719","1","嘉義縣","中埔鄉","120.495","23.445","748"
"384","188442","20220921080000","374","1","嘉義縣","中埔鄉","120.515","23.410","392"
"226","188445","20220921080000","213","1","嘉義縣","中埔鄉","120.530","23.410","222"
"314","188457","20220921080000","356","0","嘉義縣","中埔鄉","120.505","23.425","329"
"19","188462","20220921080000","19","1","嘉義縣","中埔鄉","120.505","23.375","24"
"139","188463","20220921080000","92","3","嘉義縣","中埔鄉","120.510","23.375","110"
"384","188469","20220921080000","355","1","嘉義縣","鹿草鄉","120.315","23.390","366"
"520","188493","20220921080000","447","1","嘉義縣","鹿草鄉","120.320","23.420","545"
"619","188498","20220921080000","180","3","嘉義縣","鹿草鄉","120.320","23.425","600"
"1220","188503","20220921080000","1079","1","嘉義縣","鹿草鄉","120.315","23.410","1195"
"14","188507","20220921080000","126","0","嘉義縣","太保市","120.335","23.430","17"
"308","188508","20220921080000","102","3","嘉義縣","太保市","120.340","23.430","312"
"34","188516","20220921080000","185","0","嘉義縣","太保市","120.340","23.440","27"
"47","188554","20220921080000","372","0","嘉義縣","鹿草鄉","120.340","23.400","53"
"199","188555","20220921080000","175","1","嘉義縣","鹿草鄉","120.290","23.375","166"
"65","188574","20220921080000","346","0","嘉義縣","朴子市","120.245","23.415","63"
"94","188579","20220921080000","382","0","嘉義縣","水上鄉","120.355","23.410","72"
"147","188626","20220921080000","99","2","嘉義縣","鹿草鄉","120.345","23.405","156"
"244","188631","20220921080000","191","2","嘉義縣","鹿草鄉","120.330","23.410","258"
"32","188646","20220921080000","199","0","嘉義縣","朴子市","120.290","23.445","30"
"379","188650","20220921080000","121","3","嘉義縣","朴子市","120.280","23.450","348"
"753","188654","20220921080000","779","0","嘉義縣","布袋鎮","120.170","23.375","758"
"188","188666","20220921080000","175","1","嘉義縣","布袋鎮","120.220","23.390","193"
"178","188716","20220921080000","163","1","嘉義縣","阿里山鄉","120.715","23.390","178"
"136","188874","20220921080000","794","0","嘉義縣","太保市","120.345","23.450","137"
"50","188885","20220921080000","325","0","嘉義縣","太保市","120.320","23.445","31"
"74","188892","20220921080000","349","0","嘉義縣","太保市","120.340","23.450","76"
"111","188897","20220921080000","83","2","嘉義縣","朴子市","120.235","23.440","108"
"16","188921","20220921080000","12","2","嘉義縣","朴子市","120.240","23.450","13"
"139","188949","20220921080000","109","2","嘉義縣","朴子市","120.255","23.410","123"
"667","188956","20220921080000","377","3","嘉義縣","朴子市","120.260","23.420","669"
"94","188966","20220921080000","91","1","嘉義縣","東石鄉","120.145","23.455","92"
"511","188983","20220921080000","263","3","嘉義縣","布袋鎮","120.190","23.375","473"
"48","189028","20220921080000","234","0","嘉義縣","太保市","120.295","23.440","41"
"196","189044","20220921080000","148","2","嘉義縣","東石鄉","120.170","23.430","198"
"210","189051","20220921080000","119","3","嘉義縣","東石鄉","120.180","23.440","209"
"40","189105","20220921080000","117","0","嘉義縣","東石鄉","120.185","23.450","32"
"43","189112","20220921080000","248","0","嘉義縣","東石鄉","120.200","23.455","50"
"13","189120","20220921080000","12","1","嘉義縣","東石鄉","120.150","23.435","13"
"556","189144","20220921080000","417","2","嘉義縣","布袋鎮","120.165","23.375","587"
"51","189152","20220921080000","351","0","嘉義縣","東石鄉","120.205","23.425","65"
"15","189187","20220921080000","215","0","嘉義縣","水上鄉","120.415","23.430","19"
"536","189189","20220921080000","455","1","嘉義縣","水上鄉","120.415","23.435","537"
"234","189192","20220921080000","226","1","嘉義縣","水上鄉","120.420","23.440","247"
"665","189195","20220921080000","586","1","嘉義縣","布袋鎮","120.180","23.375","635"
"182","189210","20220921080000","217","0","嘉義縣","布袋鎮","120.200","23.400","167"
"17","189224","20220921080000","131","0","嘉義縣","水上鄉","120.435","23.430","17"
"143","189225","20220921080000","115","2","嘉義縣","水上鄉","120.420","23.430","143"
"623","189233","20220921080000","485","2","嘉義縣","水上鄉","120.425","23.440","645"
"34","189242","20220921080000","159","0","嘉義縣","水上鄉","120.370","23.415","36"
"325","189246","20220921080000","308","1","嘉義縣","水上鄉","120.370","23.420","321"
"55","189248","20220921080000","276","0","嘉義縣","水上鄉","120.360","23.425","45"
"328","189268","20220921080000","284","1","嘉義縣","水上鄉","120.495","23.400","309"
"102","189286","20220921080000","133","0","嘉義縣","水上鄉","120.450","23.415","42"
"34","189288","20220921080000","261","0","嘉義縣","水上鄉","120.460","23.415","47"
"259","189292","20220921080000","77","3","嘉義縣","水上鄉","120.450","23.420","215"
"41","189296","20220921080000","66","0","嘉義縣","水上鄉","120.410","23.445","43"
"722","189322","20220921080000","635","1","嘉義縣","水上鄉","120.370","23.440","700"
"91","189337","20220921080000","526","0","嘉義縣","水上鄉","120.360","23.445","91"
"183","189343","20220921080000","191","0","嘉義縣","水上鄉","120.425","23.445","199"
"884","189344","20220921080000","666","2","嘉義縣","水上鄉","120.430","23.445","858"
"165","189349","20220921080000","71","3","嘉義縣","水上鄉","120.435","23.415","185"
"488","189350","20220921080000","379","2","嘉義縣","水上鄉","120.430","23.420","459"
"821","189351","20220921080000","571","2","嘉義縣","水上鄉","120.435","23.420","818"
"120","189364","20220921080000","70","3","嘉義縣","布袋鎮","120.150","23.375","116"
"381","189365","20220921080000","266","2","嘉義縣","布袋鎮","120.155","23.375","405"
"181","189369","20220921080000","109","3","嘉義縣","布袋鎮","120.150","23.380","181"
"379","189370","20220921080000","281","2","嘉義縣","布袋鎮","120.155","23.380","376"
"54","189382","20220921080000","836","0","嘉義縣","水上鄉","120.470","23.435","65"
"272","189385","20220921080000","301","0","嘉義縣","水上鄉","120.385","23.405","248"
"57","189387","20220921080000","74","0","嘉義縣","水上鄉","120.390","23.410","72"
"302","189388","20220921080000","195","3","嘉義縣","水上鄉","120.385","23.415","277"
"426","189389","20220921080000","535","0","嘉義縣","水上鄉","120.385","23.420","397"
"12","189392","20220921080000","10","2","嘉義縣","水上鄉","120.405","23.450","17"
"550","189393","20220921080000","415","2","嘉義縣","水上鄉","120.435","23.445","523"
"219","189396","20220921080000","372","0","嘉義縣","水上鄉","120.400","23.425","209"
"74","189397","20220921080000","454","0","嘉義縣","水上鄉","120.395","23.430","90"
"1094","189399","20220921080000","1117","0","嘉義縣","水上鄉","120.400","23.430","1087"
"171","189411","20220921080000","222","0","嘉義縣","水上鄉","120.390","23.425","158"
"65","189413","20220921080000","757","0","嘉義縣","水上鄉","120.395","23.435","70"
"542","189416","20220921080000","595","0","嘉義縣","水上鄉","120.400","23.435","541"
"523","189439","20220921080000","375","2","嘉義縣","水上鄉","120.420","23.420","501"
"59","189459","20220921080000","55","1","嘉義縣","水上鄉","120.385","23.425","59"
"344","189461","20220921080000","314","1","嘉義縣","水上鄉","120.380","23.430","310"
"262","189463","20220921080000","386","0","嘉義縣","水上鄉","120.390","23.430","264"
"796","189474","20220921080000","732","1","嘉義縣","鹿草鄉","120.295","23.380","797"
"176","189491","20220921080000","131","2","嘉義縣","鹿草鄉","120.270","23.395","161"
"273","189518","20220921080000","203","2","嘉義縣","鹿草鄉","120.305","23.415","267"
"82","189555","20220921080000","286","0","嘉義縣","鹿草鄉","120.285","23.435","73"
"68","189575","20220921080000","305","0","嘉義縣","朴子市","120.245","23.430","64"
"703","189579","20220921080000","492","2","嘉義縣","朴子市","120.245","23.435","730"
"323","189583","20220921080000","242","2","嘉義縣","朴子市","120.250","23.440","293"
"1293","189591","20220921080000","1404","0","嘉義縣","東石鄉","120.180","23.420","1307"
"310","189607","20220921080000","283","1","嘉義縣","番路鄉","120.660","23.420","342"
"188","189608","20220921080000","123","3","嘉義縣","番路鄉","120.650","23.425","273"
"23","189629","20220921080000","25","0","嘉義縣","番路鄉","120.635","23.440","15"
"37","189630","20220921080000","56","0","嘉義縣","番路鄉","120.640","23.440","40"
"200","189633","20220921080000","139","2","嘉義縣","番路鄉","120.655","23.440","164"
"27","189645","20220921080000","31","0","嘉義縣","番路鄉","120.645","23.440","31"
"267","189663","20220921080000","210","2","嘉義縣","番路鄉","120.670","23.445","240"
"146","189673","20220921080000","102","2","嘉義縣","番路鄉","120.645","23.400","165"
"33","189685","20220921080000","32","1","嘉義縣","番路鄉","120.650","23.405","67"
"49","189703","20220921080000","34","2","嘉義縣","番路鄉","120.640","23.415","45"
"79","189705","20220921080000","50","3","嘉義縣","番路鄉","120.605","23.420","88"
"48","189724","20220921080000","33","2","嘉義縣","番路鄉","120.610","23.430","42"
"97","189756","20220921080000","82","1","嘉義縣","番路鄉","120.620","23.375","117"
"212","189823","20220921080000","157","2","嘉義縣","番路鄉","120.600","23.435","173"
"248","189837","20220921080000","156","3","嘉義縣","番路鄉","120.580","23.450","241"
"283","189852","20220921080000","194","2","嘉義縣","布袋鎮","120.170","23.385","276"
"105","189978","20220921080000","105","1","嘉義縣","阿里山鄉","120.665","23.380","123"
"138","190321","20220921080000","155","0","嘉義縣","阿里山鄉","120.750","23.440","161"
"77","190374","20220921080000","49","3","嘉義縣","阿里山鄉","120.755","23.450","61"
"187","190402","20220921080000","151","2","嘉義縣","義竹鄉","120.245","23.385","168"
"338","190407","20220921080000","263","2","嘉義縣","義竹鄉","120.240","23.375","352"
"137","192504","20220921080000","90","3","澎湖縣","馬公市","119.515","23.485","120"
"238","192620","20220921080000","233","1","嘉義縣","東石鄉","120.165","23.490","236"
"129","192621","20220921080000","87","2","花蓮縣","豐濱鄉","121.510","23.490","130"
"25","194053","20220921080000","104","0","澎湖縣","馬公市","119.515","23.510","30"
"297","194584","20220921080000","255","1","澎湖縣","馬公市","119.595","23.520","322"
"425","194849","20220921080000","292","2","澎湖縣","馬公市","119.580","23.525","366"
"151","194852","20220921080000","79","3","澎湖縣","馬公市","119.595","23.525","148"
"1147","194945","20220921080000","851","2","嘉義市","東區","120.455","23.495","1130"
"378","194952","20220921080000","193","3","嘉義市","東區","120.485","23.460","382"
"79","194954","20220921080000","75","1","嘉義市","東區","120.495","23.460","81"
"161","194959","20220921080000","140","1","嘉義市","東區","120.485","23.470","215"
"705","194965","20220921080000","1054","0","嘉義市","西區","120.435","23.460","698"
"661","194966","20220921080000","1387","0","嘉義市","西區","120.440","23.460","656"
"471","194967","20220921080000","300","3","嘉義市","西區","120.445","23.460","591"
"30","194968","20220921080000","71","0","嘉義市","西區","120.440","23.475","34"
"780","194969","20220921080000","440","3","嘉義市","西區","120.440","23.490","761"
"976","194970","20220921080000","1450","0","嘉義市","東區","120.460","23.480","1046"
"1640","194971","20220921080000","1288","2","嘉義市","東區","120.450","23.480","1542"
"1238","194972","20220921080000","734","3","嘉義市","東區","120.450","23.490","1275"
"734","194973","20220921080000","2397","0","嘉義市","東區","120.450","23.495","629"
"1375","194974","20220921080000","1093","2","嘉義市","西區","120.415","23.485","1363"
"784","194975","20220921080000","947","0","嘉義市","西區","120.405","23.490","751"
"1022","194980","20220921080000","2018","0","嘉義市","西區","120.425","23.475","1017"
"595","194981","20220921080000","685","0","嘉義市","西區","120.430","23.470","625"
"83","194985","20220921080000","1534","0","嘉義市","東區","120.470","23.490","64"
"355","194986","20220921080000","342","1","嘉義市","東區","120.470","23.495","339"
"374","194988","20220921080000","312","1","嘉義市","東區","120.480","23.495","349"
"904","194993","20220921080000","1031","0","嘉義市","東區","120.450","23.500","915"
"47","194994","20220921080000","808","0","嘉義市","東區","120.450","23.505","50"
"589","194995","20220921080000","533","1","嘉義市","東區","120.455","23.505","621"
"295","194996","20220921080000","321","0","嘉義市","東區","120.445","23.510","291"
"517","195001","20220921080000","1321","0","嘉義市","東區","120.485","23.485","488"
"403","195002","20220921080000","340","1","嘉義市","東區","120.490","23.480","379"
"728","195003","20220921080000","1311","0","嘉義市","東區","120.455","23.490","704"
"2740","195004","20220921080000","2568","1","嘉義市","東區","120.455","23.480","2774"
"611","195006","20220921080000","384","3","嘉義市","西區","120.420","23.480","640"
"781","195007","20220921080000","854","0","嘉義市","西區","120.430","23.480","779"
"481","195008","20220921080000","374","2","嘉義市","西區","120.420","23.490","459"
"799","195009","20220921080000","2043","0","嘉義市","西區","120.430","23.465","809"
"1165","195011","20220921080000","814","2","嘉義市","西區","120.425","23.485","1174"
"736","195012","20220921080000","1573","0","嘉義市","西區","120.435","23.480","773"
"1403","195013","20220921080000","1735","0","嘉義市","西區","120.430","23.485","1277"
"27","195015","20220921080000","41","0","嘉義市","西區","120.395","23.490","22"
"267","195016","20220921080000","219","2","嘉義市","西區","120.400","23.490","226"
"19","195017","20220921080000","30","0","嘉義市","西區","120.390","23.495","21"
"1715","195022","20220921080000","1211","2","嘉義市","西區","120.440","23.480","1751"
"530","195024","20220921080000","297","3","嘉義市","西區","120.430","23.495","562"
"53","195025","20220921080000","1492","0","嘉義市","西區","120.425","23.490","60"
"2012","195033","20220921080000","1216","3","嘉義市","東區","120.450","23.475","1927"
"1427","195036","20220921080000","753","3","嘉義市","東區","120.450","23.460","1490"
"2031","195037","20220921080000","1555","2","嘉義市","東區","120.455","23.455","2022"
"81","195038","20220921080000","1559","0","嘉義市","西區","120.435","23.470","88"
"255","195039","20220921080000","195","2","嘉義市","西區","120.430","23.455","249"
"23","195040","20220921080000","419","0","嘉義市","西區","120.430","23.460","19"
"57","195041","20220921080000","1022","0","嘉義市","西區","120.440","23.485","66"
"287","195042","20220921080000","190","3","嘉義市","西區","120.395","23.465","267"
"246","195047","20220921080000","215","1","嘉義市","西區","120.405","23.470","252"
"355","195049","20220921080000","338","1","嘉義市","西區","120.405","23.475","336"
"53","195053","20220921080000","1016","0","嘉義市","西區","120.445","23.500","50"
"1277","195054","20220921080000","1344","0","嘉義市","東區","120.465","23.490","1266"
"26","195055","20220921080000","10","3","嘉義市","東區","120.465","23.495","22"
"915","195056","20220921080000","610","3","嘉義市","東區","120.460","23.470","943"
"2509","195057","20220921080000","1463","3","嘉義市","東區","120.470","23.480","2502"
"291","195058","20220921080000","1737","0","嘉義市","東區","120.465","23.475","162"
"2209","195060","20220921080000","1836","2","嘉義市","西區","120.435","23.475","2185"
"1474","195061","20220921080000","842","3","嘉義市","西區","120.440","23.465","1440"
"17","195062","20220921080000","445","0","嘉義市","西區","120.450","23.465","13"
"1190","195064","20220921080000","1746","0","嘉義市","西區","120.440","23.470","1218"
"138","195065","20220921080000","83","3","嘉義市","東區","120.455","23.485","119"
"47","195066","20220921080000","860","0","嘉義市","東區","120.450","23.485","34"
"606","195069","20220921080000","482","2","嘉義市","西區","120.415","23.475","564"
"1205","195073","20220921080000","2737","0","嘉義市","西區","120.440","23.455","1223"
"2915","195075","20220921080000","2529","1","嘉義市","西區","120.445","23.475","2840"
"1777","195076","20220921080000","1734","1","嘉義市","東區","120.465","23.465","1789"
"874","195083","20220921080000","549","3","嘉義市","東區","120.445","23.515","831"
"572","195084","20220921080000","1209","0","嘉義市","東區","120.465","23.480","567"
"926","195086","20220921080000","951","0","嘉義市","東區","120.480","23.465","943"
"1735","195090","20220921080000","1146","3","嘉義市","東區","120.475","23.475","1750"
"56","195093","20220921080000","1001","0","嘉義市","東區","120.470","23.485","55"
"663","195094","20220921080000","414","3","嘉義市","東區","120.475","23.485","655"
"83","195098","20220921080000","53","3","嘉義市","東區","120.500","23.475","82"
"14","195100","20220921080000","524","0","嘉義市","東區","120.485","23.480","25"
"540","195103","20220921080000","385","2","嘉義市","東區","120.500","23.480","550"
"404","195108","20220921080000","293","2","嘉義市","東區","120.490","23.485","429"
"86","195109","20220921080000","32","3","嘉義市","東區","120.495","23.485","91"
"68","195113","20220921080000","1098","0","嘉義市","東區","120.470","23.475","57"
"726","195114","20220921080000","466","3","嘉義市","東區","120.455","23.500","670"
"102","195115","20220921080000","58","3","嘉義市","東區","120.475","23.490","103"
"643","195118","20220921080000","519","2","嘉義市","東區","120.480","23.490","638"
"1445","195120","20220921080000","2678","0","嘉義市","東區","120.455","23.475","1321"
"1318","195121","20220921080000","1407","0","嘉義市","西區","120.430","23.490","1325"
"80","195122","20220921080000","737","0","嘉義市","西區","120.435","23.485","70"
"79","195123","20220921080000","766","0","嘉義市","西區","120.435","23.490","88"
"785","195124","20220921080000","982","0","嘉義市","西區","120.450","23.470","849"
"736","195127","20220921080000","388","3","嘉義市","東區","120.470","23.470","763"
"30","195128","20220921080000","618","0","嘉義市","東區","120.475","23.480","33"
"669","195129","20220921080000","665","1","嘉義市","東區","120.465","23.485","675"
"35","195131","20220921080000","45","0","嘉義市","東區","120.480","23.480","25"
"742","195133","20220921080000","778","0","嘉義市","東區","120.460","23.490","750"
"37","195139","20220921080000","373","0","嘉義市","西區","120.405","23.480","43"
"287","195147","20220921080000","224","2","嘉義市","西區","120.415","23.465","274"
"51","195148","20220921080000","1478","0","嘉義市","西區","120.420","23.465","55"
"770","195150","20220921080000","555","2","嘉義市","西區","120.415","23.470","823"
"307","195151","20220921080000","283","1","嘉義市","西區","120.420","23.470","277"
"965","195154","20220921080000","555","3","嘉義市","西區","120.440","23.495","964"
"57","195158","20220921080000","77","0","嘉義市","東區","120.430","23.505","59"
"293","195159","20220921080000","174","3","嘉義市","西區","120.435","23.505","281"
"742","195160","20220921080000","779","0","嘉義市","西區","120.445","23.485","723"
"1468","195161","20220921080000","988","2","嘉義市","東區","120.460","23.465","1470"
"587","195162","20220921080000","1374","0","嘉義市","西區","120.445","23.470","539"
"102","195164","20220921080000","77","2","嘉義市","西區","120.425","23.465","110"
"46","195165","20220921080000","78","0","嘉義市","西區","120.425","23.480","55"
"1512","195166","20220921080000","1060","2","嘉義市","西區","120.445","23.480","1490"
"706","195167","20220921080000","650","1","嘉義市","東區","120.460","23.455","679"
"250","195169","20220921080000","210","1","嘉義市","東區","120.465","23.460","246"
"1184","195170","20220921080000","1479","0","嘉義市","東區","120.455","23.465","1183"
"653","195171","20220921080000","519","2","嘉義市","東區","120.455","23.470","661"
"404","195183","20220921080000","326","2","澎湖縣","馬公市","119.590","23.515","409"
"338","195202","20220921080000","206","3","澎湖縣","馬公市","119.605","23.525","312"
"231","195219","20220921080000","216","1","花蓮縣","瑞穗鄉","121.375","23.495","247"
"55","195220","20220921080000","73","0","花蓮縣","瑞穗鄉","121.375","23.500","47"
"393","195222","20220921080000","405","0","花蓮縣","瑞穗鄉","121.375","23.505","421"
"222","195231","20220921080000","195","1","花蓮縣","瑞穗鄉","121.390","23.490","219"
"1276","195232","20220921080000","1199","1","花蓮縣","瑞穗鄉","121.380","23.495","1281"
"56","195268","20220921080000","60","0","花蓮縣","瑞穗鄉","121.355","23.465","66"
"69","195289","20220921080000","70","0","花蓮縣","瑞穗鄉","121.360","23.475","64"
"321","195291","20220921080000","297","1","花蓮縣","瑞穗鄉","121.370","23.475","374"
"69","195336","20220921080000","30","3","花蓮縣","瑞穗鄉","121.390","23.520","82"
"13","195428","20220921080000","19","0","花蓮縣","瑞穗鄉","121.435","23.490","18"
"59","195430","20220921080000","48","2","花蓮縣","瑞穗鄉","121.445","23.490","64"
"264","196332","20220921080000","177","2","花蓮縣","瑞穗鄉","121.375","23.515","284"
"74","196345","20220921080000","46","3","花蓮縣","瑞穗鄉","121.360","23.480","52"
"310","196360","20220921080000","227","2","花蓮縣","瑞穗鄉","121.355","23.490","269"
"336","196364","20220921080000","255","2","花蓮縣","瑞穗鄉","121.375","23.490","295"
"56","196368","20220921080000","53","1","花蓮縣","瑞穗鄉","121.360","23.495","64"
"132","196453","20220921080000","140","0","花蓮縣","卓溪鄉","121.325","23.490","133"
"318","196567","20220921080000","183","3","花蓮縣","豐濱鄉","121.505","23.470","315"
"70","196575","20220921080000","30","3","花蓮縣","豐濱鄉","121.505","23.475","79"
"55","196592","20220921080000","52","1","花蓮縣","豐濱鄉","121.510","23.480","63"
"68","196639","20220921080000","43","3","花蓮縣","豐濱鄉","121.500","23.455","70"
"182","196667","20220921080000","124","2","花蓮縣","玉里鎮","121.405","23.465","161"
"132","196709","20220921080000","53","3","花蓮縣","玉里鎮","121.395","23.455","115"
"765","196774","20220921080000","570","2","嘉義縣","中埔鄉","120.465","23.455","747"
"1143","196781","20220921080000","1552","0","嘉義縣","民雄鄉","120.430","23.520","1166"
"319","196789","20220921080000","328","0","嘉義縣","民雄鄉","120.440","23.515","334"
"345","196793","20220921080000","209","3","嘉義縣","六腳鄉","120.290","23.520","335"
"720","196815","20220921080000","584","2","嘉義縣","六腳鄉","120.250","23.510","705"
"36","196825","20220921080000","22","3","嘉義縣","六腳鄉","120.225","23.485","30"
"118","196836","20220921080000","75","3","嘉義縣","六腳鄉","120.285","23.500","116"
"245","196856","20220921080000","149","3","雲林縣","水林鄉","120.225","23.505","232"
"51","196879","20220921080000","350","0","嘉義縣","六腳鄉","120.245","23.485","56"
"377","196886","20220921080000","217","3","嘉義縣","民雄鄉","120.415","23.525","391"
"56","196888","20220921080000","19","3","嘉義縣","民雄鄉","120.425","23.525","58"
"58","196895","20220921080000","191","0","嘉義縣","太保市","120.310","23.460","81"
"653","196913","20220921080000","600","1","嘉義縣","新港鄉","120.375","23.515","661"
"379","196921","20220921080000","1675","0","嘉義縣","新港鄉","120.380","23.525","387"
"337","196935","20220921080000","279","2","嘉義縣","六腳鄉","120.280","23.505","341"
"408","196963","20220921080000","452","0","嘉義縣","六腳鄉","120.310","23.500","411"
"1010","197018","20220921080000","739","2","嘉義縣","太保市","120.335","23.490","1013"
"499","197019","20220921080000","312","3","嘉義縣","太保市","120.340","23.495","499"
"1000","197036","20220921080000","2293","0","嘉義縣","太保市","120.365","23.500","999"
"147","197041","20220921080000","302","0","嘉義縣","太保市","120.360","23.510","140"
"662","197046","20220921080000","492","2","嘉義縣","太保市","120.370","23.500","678"
"13","197053","20220921080000","10","2","嘉義縣","六腳鄉","120.265","23.525","14"
"422","197055","20220921080000","272","3","嘉義縣","六腳鄉","120.275","23.525","415"
"138","197536","20220921080000","167","0","南投縣","信義鄉","120.870","23.470","137"
"41","197634","20220921080000","42","0","南投縣","信義鄉","120.825","23.510","50"
"528","197682","20220921080000","835","0","嘉義縣","民雄鄉","120.440","23.520","527"
"1345","197684","20220921080000","1627","0","嘉義縣","民雄鄉","120.440","23.525","1390"
"1141","197685","20220921080000","1652","0","嘉義縣","民雄鄉","120.445","23.525","1194"
"163","197686","20220921080000","121","2","嘉義縣","民雄鄉","120.450","23.525","156"
"76","197696","20220921080000","54","2","嘉義縣","民雄鄉","120.425","23.510","71"
"439","197703","20220921080000","346","2","嘉義縣","民雄鄉","120.465","23.505","446"
"476","197710","20220921080000","386","2","嘉義縣","民雄鄉","120.475","23.515","500"
"45","197714","20220921080000","65","0","嘉義縣","民雄鄉","120.480","23.520","37"
"154","197719","20220921080000","96","3","雲林縣","水林鄉","120.205","23.530","158"
"22","197727","20220921080000","250","0","嘉義縣","太保市","120.380","23.490","27"
"388","197729","20220921080000","238","3","嘉義縣","太保市","120.370","23.495","401"
"12","197740","20220921080000","160","0","嘉義縣","太保市","120.380","23.475","12"
"185","197749","20220921080000","91","3","嘉義縣","太保市","120.385","23.480","178"
"2350","197755","20220921080000","1551","3","嘉義縣","朴子市","120.285","23.465","2335"
"203","197756","20220921080000","172","1","嘉義縣","朴子市","120.290","23.465","206"
"47","197762","20220921080000","37","2","嘉義縣","太保市","120.290","23.470","50"
"30","197764","20220921080000","204","0","嘉義縣","太保市","120.290","23.475","32"
"233","197766","20220921080000","112","3","嘉義縣","朴子市","120.240","23.470","262"
"26","197770","20220921080000","72","0","嘉義縣","新港鄉","120.310","23.515","30"
"32","197781","20220921080000","78","0","嘉義縣","新港鄉","120.330","23.520","27"
"57","197788","20220921080000","430","0","嘉義縣","朴子市","120.285","23.455","58"
"21","197789","20220921080000","143","0","嘉義縣","朴子市","120.290","23.455","15"
"378","197794","20220921080000","1191","0","嘉義縣","朴子市","120.285","23.460","390"
"44","197795","20220921080000","360","0","嘉義縣","朴子市","120.290","23.460","38"
"718","197796","20220921080000","579","2","嘉義縣","朴子市","120.265","23.465","779"
"61","197797","20220921080000","398","0","嘉義縣","朴子市","120.255","23.455","70"
"71","197799","20220921080000","26","3","嘉義縣","朴子市","120.265","23.455","82"
"1021","197800","20220921080000","280","3","嘉義縣","朴子市","120.250","23.460","897"
"84","197802","20220921080000","58","2","嘉義縣","朴子市","120.260","23.460","71"
"387","197804","20220921080000","202","3","嘉義縣","朴子市","120.255","23.465","386"
"331","197820","20220921080000","407","0","嘉義縣","新港鄉","120.365","23.515","311"
"106","197822","20220921080000","266","0","嘉義縣","新港鄉","120.350","23.520","94"
"60","197827","20220921080000","416","0","嘉義縣","新港鄉","120.355","23.520","60"
"26","197830","20220921080000","156","0","嘉義縣","新港鄉","120.330","23.510","34"
"72","197862","20220921080000","49","2","嘉義縣","阿里山鄉","120.790","23.505","73"
"258","197867","20220921080000","262","0","嘉義縣","阿里山鄉","120.810","23.515","282"
"150","197868","20220921080000","92","3","嘉義縣","阿里山鄉","120.815","23.515","147"
"676","197899","20220921080000","392","3","嘉義縣","太保市","120.335","23.475","608"
"372","197906","20220921080000","362","1","嘉義縣","太保市","120.345","23.480","436"
"43","197913","20220921080000","177","0","嘉義縣","太保市","120.300","23.465","43"
"49","197940","20220921080000","57","0","南投縣","信義鄉","120.890","23.490","64"
"91","198035","20220921080000","94","0","雲林縣","水林鄉","120.230","23.515","81"
"603","198046","20220921080000","419","2","雲林縣","水林鄉","120.230","23.520","636"
"2489","198052","20220921080000","1360","3","嘉義縣","朴子市","120.245","23.470","2438"
"54","198053","20220921080000","706","0","嘉義縣","六腳鄉","120.250","23.470","55"
"160","198057","20220921080000","1264","0","嘉義縣","朴子市","120.245","23.465","139"
"128","198066","20220921080000","1069","0","嘉義縣","朴子市","120.240","23.465","120"
"679","198068","20220921080000","258","3","嘉義縣","朴子市","120.225","23.460","742"
"187","198071","20220921080000","837","0","嘉義縣","朴子市","120.235","23.465","164"
"305","198076","20220921080000","295","1","嘉義縣","朴子市","120.270","23.480","308"
"69","198087","20220921080000","183","0","嘉義縣","太保市","120.355","23.465","73"
"1781","198089","20220921080000","2695","0","嘉義縣","太保市","120.380","23.500","1714"
"16","198113","20220921080000","72","0","雲林縣","水林鄉","120.225","23.510","16"
"1732","198129","20220921080000","743","3","嘉義縣","太保市","120.325","23.455","1692"
"43","198135","20220921080000","240","0","嘉義縣","太保市","120.335","23.460","38"
"70","198141","20220921080000","562","0","嘉義縣","太保市","120.295","23.455","70"
"124","198144","20220921080000","978","0","嘉義縣","太保市","120.295","23.460","125"
"203","198164","20220921080000","152","2","嘉義縣","東石鄉","120.170","23.480","214"
"40","198190","20220921080000","27","2","嘉義縣","東石鄉","120.145","23.465","44"
"34","198208","20220921080000","53","0","嘉義縣","梅山鄉","120.710","23.520","35"
"146","198214","20220921080000","151","0","嘉義縣","梅山鄉","120.710","23.525","232"
"733","198237","20220921080000","627","1","嘉義縣","東石鄉","120.170","23.465","744"
"443","198282","20220921080000","449","0","嘉義縣","東石鄉","120.185","23.490","449"
"18","198283","20220921080000","31","0","嘉義縣","東石鄉","120.185","23.495","26"
"854","198309","20220921080000","775","1","嘉義縣","東石鄉","120.150","23.460","853"
"257","198354","20220921080000","197","2","嘉義縣","東石鄉","120.155","23.500","327"
"177","198358","20220921080000","191","0","嘉義縣","東石鄉","120.175","23.500","185"
"67","198378","20220921080000","63","1","嘉義縣","東石鄉","120.160","23.510","71"
"251","198419","20220921080000","202","2","嘉義縣","梅山鄉","120.660","23.525","258"
"54","198450","20220921080000","68","0","嘉義縣","民雄鄉","120.450","23.520","62"
"354","198452","20220921080000","229","3","嘉義縣","民雄鄉","120.460","23.520","343"
"15","198455","20220921080000","37","0","嘉義縣","民雄鄉","120.455","23.525","19"
"498","198456","20220921080000","621","0","嘉義縣","民雄鄉","120.460","23.525","477"
"126","198457","20220921080000","99","2","嘉義縣","民雄鄉","120.450","23.530","120"
"626","198458","20220921080000","438","2","嘉義縣","民雄鄉","120.455","23.530","615"
"488","198459","20220921080000","420","1","嘉義縣","民雄鄉","120.460","23.530","532"
"142","198474","20220921080000","127","1","嘉義縣","民雄鄉","120.475","23.525","151"
"36","198490","20220921080000","112","0","嘉義縣","新港鄉","120.390","23.515","37"
"43","198491","20220921080000","57","0","嘉義縣","民雄鄉","120.400","23.515","38"
"650","198495","20220921080000","501","2","嘉義縣","民雄鄉","120.410","23.520","632"
"38","198501","20220921080000","68","0","嘉義縣","民雄鄉","120.415","23.520","37"
"1582","198503","20220921080000","1392","1","嘉義縣","民雄鄉","120.430","23.530","1648"
"327","198542","20220921080000","156","3","嘉義縣","六腳鄉","120.300","23.505","324"
"38","198546","20220921080000","27","2","嘉義縣","六腳鄉","120.300","23.515","41"
"17","198646","20220921080000","124","0","嘉義縣","水上鄉","120.375","23.460","22"
"159","198651","20220921080000","124","2","雲林縣","水林鄉","120.210","23.515","157"
"407","198686","20220921080000","384","1","嘉義縣","水上鄉","120.410","23.455","383"
"288","198687","20220921080000","158","3","嘉義縣","水上鄉","120.415","23.455","277"
"612","198691","20220921080000","257","3","嘉義市","西區","120.415","23.460","650"
"49","198693","20220921080000","88","0","嘉義縣","水上鄉","120.420","23.460","54"
"1723","198697","20220921080000","1065","3","嘉義縣","六腳鄉","120.295","23.490","1744"
"392","198713","20220921080000","279","2","雲林縣","口湖鄉","120.185","23.525","410"
"1077","198720","20220921080000","783","2","嘉義縣","水上鄉","120.400","23.455","989"
"192","198726","20220921080000","1129","0","嘉義縣","朴子市","120.245","23.460","196"
"14","198735","20220921080000","11","2","嘉義縣","六腳鄉","120.260","23.530","20"
"21","198765","20220921080000","20","1","嘉義縣","竹崎鄉","120.580","23.520","22"
"313","198769","20220921080000","289","1","嘉義縣","番路鄉","120.555","23.465","293"
"701","198770","20220921080000","642","1","嘉義縣","番路鄉","120.560","23.465","671"
"278","198785","20220921080000","227","2","嘉義縣","番路鄉","120.505","23.455","260"
"189","198844","20220921080000","116","3","嘉義縣","番路鄉","120.620","23.480","171"
"24","198849","20220921080000","18","2","嘉義縣","番路鄉","120.625","23.485","20"
"90","198869","20220921080000","81","1","嘉義縣","番路鄉","120.540","23.460","133"
"217","198871","20220921080000","184","1","嘉義縣","番路鄉","120.550","23.460","236"
"135","198874","20220921080000","143","0","嘉義縣","番路鄉","120.540","23.465","147"
"25","198875","20220921080000","43","0","嘉義縣","番路鄉","120.535","23.470","42"
"148","198880","20220921080000","103","2","嘉義縣","番路鄉","120.600","23.455","143"
"182","198884","20220921080000","175","1","嘉義縣","番路鄉","120.595","23.460","200"
"67","198885","20220921080000","31","3","嘉義縣","番路鄉","120.600","23.460","78"
"891","198892","20220921080000","748","1","嘉義縣","番路鄉","120.535","23.475","897"
"163","198893","20220921080000","110","2","嘉義縣","番路鄉","120.510","23.480","156"
"27","198896","20220921080000","50","0","嘉義縣","番路鄉","120.525","23.480","29"
"322","198913","20220921080000","246","2","嘉義縣","竹崎鄉","120.685","23.460","319"
"182","198918","20220921080000","126","2","嘉義縣","竹崎鄉","120.695","23.475","179"
"32","198922","20220921080000","36","0","嘉義縣","竹崎鄉","120.700","23.480","34"
"16","198923","20220921080000","18","0","嘉義縣","竹崎鄉","120.705","23.480","17"
"30","198932","20220921080000","31","0","嘉義縣","竹崎鄉","120.705","23.485","37"
"169","198946","20220921080000","145","1","嘉義縣","竹崎鄉","120.695","23.500","189"
"164","198952","20220921080000","165","0","嘉義縣","竹崎鄉","120.695","23.505","170"
"14","198964","20220921080000","30","0","嘉義縣","竹崎鄉","120.660","23.505","19"
"173","198983","20220921080000","141","2","嘉義縣","竹崎鄉","120.635","23.520","161"
"121","199063","20220921080000","120","1","嘉義縣","竹崎鄉","120.680","23.480","139"
"306","199106","20220921080000","415","0","嘉義縣","竹崎鄉","120.570","23.485","329"
"352","199108","20220921080000","290","2","嘉義縣","竹崎鄉","120.555","23.485","338"
"57","199120","20220921080000","49","1","嘉義縣","竹崎鄉","120.540","23.515","54"
"1270","199122","20220921080000","1239","1","嘉義縣","竹崎鄉","120.550","23.515","1258"
"400","199146","20220921080000","326","2","嘉義縣","竹崎鄉","120.570","23.500","392"
"56","199161","20220921080000","475","0","嘉義縣","竹崎鄉","120.550","23.530","50"
"65","199213","20220921080000","33","3","嘉義縣","竹崎鄉","120.590","23.465","60"
"275","199237","20220921080000","132","3","嘉義縣","竹崎鄉","120.605","23.470","222"
"57","199241","20220921080000","50","1","嘉義縣","竹崎鄉","120.585","23.475","53"
"147","199248","20220921080000","137","1","嘉義縣","竹崎鄉","120.575","23.480","154"
"517","199280","20220921080000","455","1","嘉義縣","竹崎鄉","120.505","23.485","519"
"757","199288","20220921080000","684","1","嘉義縣","竹崎鄉","120.500","23.490","780"
"596","199291","20220921080000","480","2","嘉義縣","竹崎鄉","120.520","23.490","596"
"478","199297","20220921080000","478","1","嘉義縣","竹崎鄉","120.495","23.495","475"
"270","199306","20220921080000","197","2","嘉義縣","竹崎鄉","120.500","23.500","264"
"230","199313","20220921080000","223","1","嘉義縣","竹崎鄉","120.505","23.525","238"
"279","199322","20220921080000","240","1","嘉義縣","竹崎鄉","120.515","23.530","367"
"284","199330","20220921080000","274","1","嘉義縣","竹崎鄉","120.495","23.510","305"
"146","199332","20220921080000","99","2","嘉義縣","竹崎鄉","120.495","23.515","137"
"759","199353","20220921080000","600","2","嘉義縣","竹崎鄉","120.570","23.505","729"
"157","199358","20220921080000","106","2","嘉義縣","竹崎鄉","120.610","23.510","143"
"137","199367","20220921080000","122","1","嘉義縣","竹崎鄉","120.605","23.515","134"
"129","199379","20220921080000","55","3","嘉義縣","竹崎鄉","120.610","23.520","144"
"17","199459","20220921080000","45","0","嘉義縣","阿里山鄉","120.950","23.465","17"
"35","199523","20220921080000","25","2","嘉義縣","阿里山鄉","120.795","23.490","24"
"14","199541","20220921080000","14","1","嘉義縣","阿里山鄉","120.800","23.500","16"
"18","199544","20220921080000","19","0","嘉義縣","阿里山鄉","120.795","23.505","16"
"108","199552","20220921080000","91","1","嘉義縣","阿里山鄉","120.815","23.505","94"
"619","199555","20220921080000","555","1","嘉義縣","阿里山鄉","120.805","23.510","670"
"180","199603","20220921080000","154","1","嘉義縣","阿里山鄉","120.730","23.530","205"
"85","199642","20220921080000","87","0","嘉義縣","阿里山鄉","120.755","23.490","92"
"30","199653","20220921080000","28","1","嘉義縣","阿里山鄉","120.745","23.495","43"
"66","199699","20220921080000","47","2","嘉義縣","阿里山鄉","120.740","23.515","107"
"76","199719","20220921080000","76","1","嘉義縣","阿里山鄉","120.720","23.455","113"
"46","199725","20220921080000","52","0","嘉義縣","阿里山鄉","120.700","23.460","68"
"179","199742","20220921080000","167","1","嘉義縣","阿里山鄉","120.730","23.465","182"
"140","199744","20220921080000","92","3","嘉義縣","竹崎鄉","120.695","23.470","195"
"385","199745","20220921080000","337","1","嘉義縣","阿里山鄉","120.700","23.470","415"
"84","199748","20220921080000","104","0","嘉義縣","阿里山鄉","120.715","23.470","102"
"99","199760","20220921080000","99","1","嘉義縣","阿里山鄉","120.715","23.480","108"
"79","199769","20220921080000","51","3","嘉義縣","阿里山鄉","120.720","23.485","95"
"116","199777","20220921080000","111","1","嘉義縣","阿里山鄉","120.750","23.455","139"
"30","199798","20220921080000","26","1","嘉義縣","阿里山鄉","120.775","23.460","40"
"301","199875","20220921080000","163","3","嘉義縣","竹崎鄉","120.595","23.485","277"
"156","199886","20220921080000","87","3","嘉義縣","竹崎鄉","120.595","23.495","145"
"356","199897","20220921080000","331","1","嘉義縣","竹崎鄉","120.550","23.485","359"
"132","199900","20220921080000","257","0","嘉義縣","竹崎鄉","120.540","23.495","107"
"673","199903","20220921080000","624","1","嘉義縣","竹崎鄉","120.540","23.500","643"
"120","199909","20220921080000","65","3","嘉義縣","竹崎鄉","120.595","23.525","115"
"160","199920","20220921080000","115","2","嘉義縣","竹崎鄉","120.510","23.490","156"
"627","199938","20220921080000","512","2","嘉義縣","竹崎鄉","120.525","23.515","574"
"311","200367","20220921080000","358","0","澎湖縣","馬公市","119.550","23.535","298"
"31","201149","20220921080000","56","0","澎湖縣","馬公市","119.570","23.550","23"
"434","201150","20220921080000","239","3","澎湖縣","馬公市","119.575","23.550","303"
"178","201400","20220921080000","339","0","澎湖縣","馬公市","119.570","23.555","141"
"543","202108","20220921080000","521","1","澎湖縣","西嶼鄉","119.485","23.565","551"
"981","202121","20220921080000","711","2","澎湖縣","馬公市","119.565","23.565","977"
"447","202367","20220921080000","483","0","澎湖縣","馬公市","119.565","23.570","449"
"79","202600","20220921080000","52","3","澎湖縣","西嶼鄉","119.500","23.575","68"
"462","202858","20220921080000","713","0","澎湖縣","馬公市","119.575","23.580","487"
"12","202863","20220921080000","14","0","澎湖縣","湖西鄉","119.625","23.580","16"
"127","203106","20220921080000","103","2","澎湖縣","馬公市","119.570","23.585","133"
"455","203108","20220921080000","374","2","澎湖縣","馬公市","119.580","23.585","468"
"121","203109","20220921080000","94","2","澎湖縣","馬公市","119.585","23.585","138"
"24","203877","20220921080000","11","3","澎湖縣","湖西鄉","119.640","23.600","18"
"22","203940","20220921080000","39","0","澎湖縣","馬公市","119.570","23.560","30"
"928","203941","20220921080000","923","1","澎湖縣","馬公市","119.570","23.565","873"
"1527","203942","20220921080000","2188","0","澎湖縣","馬公市","119.570","23.570","1484"
"291","203945","20220921080000","366","0","澎湖縣","湖西鄉","119.615","23.570","248"
"16","203947","20220921080000","320","0","澎湖縣","湖西鄉","119.625","23.570","26"
"361","203951","20220921080000","250","2","澎湖縣","馬公市","119.600","23.555","322"
"322","203989","20220921080000","211","3","澎湖縣","西嶼鄉","119.480","23.565","322"
"317","203992","20220921080000","236","2","澎湖縣","湖西鄉","119.615","23.595","313"
"95","203994","20220921080000","59","3","澎湖縣","湖西鄉","119.665","23.585","88"
"26","204001","20220921080000","18","2","澎湖縣","馬公市","119.590","23.550","26"
"1454","204013","20220921080000","1109","2","澎湖縣","馬公市","119.600","23.570","1416"
"79","204018","20220921080000","454","0","澎湖縣","馬公市","119.580","23.560","79"
"2281","204021","20220921080000","717","3","澎湖縣","馬公市","119.585","23.565","2218"
"1419","204022","20220921080000","483","3","澎湖縣","馬公市","119.590","23.565","1436"
"545","204025","20220921080000","415","2","澎湖縣","湖西鄉","119.630","23.565","494"
"174","204033","20220921080000","204","0","澎湖縣","湖西鄉","119.655","23.565","210"
"278","204042","20220921080000","242","1","澎湖縣","馬公市","119.545","23.540","264"
"115","204045","20220921080000","592","0","澎湖縣","湖西鄉","119.670","23.570","255"
"382","204049","20220921080000","357","1","澎湖縣","馬公市","119.575","23.570","373"
"1174","204050","20220921080000","748","3","澎湖縣","馬公市","119.580","23.570","1162"
"2234","204052","20220921080000","2405","0","澎湖縣","馬公市","119.575","23.575","2243"
"51","204053","20220921080000","689","0","澎湖縣","馬公市","119.580","23.575","56"
"750","204054","20220921080000","459","3","澎湖縣","馬公市","119.580","23.580","741"
"359","204067","20220921080000","262","2","澎湖縣","馬公市","119.615","23.555","364"
"97","204074","20220921080000","85","1","澎湖縣","湖西鄉","119.620","23.565","97"
"446","204075","20220921080000","282","3","澎湖縣","湖西鄉","119.650","23.570","404"
"620","204080","20220921080000","502","2","澎湖縣","湖西鄉","119.650","23.580","651"
"167","204087","20220921080000","151","1","澎湖縣","西嶼鄉","119.505","23.585","172"
"342","204092","20220921080000","410","0","澎湖縣","西嶼鄉","119.510","23.600","396"
"233","204107","20220921080000","230","1","澎湖縣","馬公市","119.560","23.560","261"
"449","204108","20220921080000","524","0","澎湖縣","馬公市","119.565","23.560","433"
"53","204109","20220921080000","19","3","澎湖縣","馬公市","119.595","23.550","52"
"22","204111","20220921080000","288","0","澎湖縣","馬公市","119.595","23.555","29"
"275","204113","20220921080000","192","2","澎湖縣","馬公市","119.605","23.535","255"
"52","204120","20220921080000","242","0","澎湖縣","馬公市","119.610","23.545","51"
"12","204123","20220921080000","20","0","澎湖縣","馬公市","119.615","23.550","17"
"41","204124","20220921080000","196","0","澎湖縣","馬公市","119.620","23.550","45"
"32","204136","20220921080000","135","0","澎湖縣","湖西鄉","119.640","23.580","36"
"312","204137","20220921080000","270","1","澎湖縣","湖西鄉","119.645","23.580","325"
"267","204161","20220921080000","115","3","澎湖縣","湖西鄉","119.640","23.555","279"
"58","204162","20220921080000","469","0","澎湖縣","湖西鄉","119.630","23.560","81"
"16","204163","20220921080000","219","0","澎湖縣","湖西鄉","119.635","23.560","15"
"65","204179","20220921080000","23","3","澎湖縣","湖西鄉","119.680","23.555","86"
"468","204185","20220921080000","298","3","澎湖縣","湖西鄉","119.670","23.565","458"
"2160","204189","20220921080000","1267","3","澎湖縣","馬公市","119.575","23.565","2089"
"73","204191","20220921080000","764","0","澎湖縣","馬公市","119.585","23.555","69"
"705","204192","20220921080000","269","3","澎湖縣","馬公市","119.585","23.560","661"
"23","204194","20220921080000","348","0","澎湖縣","馬公市","119.595","23.560","28"
"2285","204195","20220921080000","991","3","澎湖縣","馬公市","119.600","23.560","2189"
"60","204307","20220921080000","41","2","花蓮縣","瑞穗鄉","121.370","23.575","50"
"310","204313","20220921080000","218","2","花蓮縣","瑞穗鄉","121.375","23.575","227"
"135","204317","20220921080000","137","0","花蓮縣","瑞穗鄉","121.370","23.580","151"
"153","204319","20220921080000","127","2","花蓮縣","瑞穗鄉","121.380","23.580","153"
"46","204320","20220921080000","35","2","花蓮縣","萬榮鄉","121.355","23.585","47"
"138","204355","20220921080000","121","1","花蓮縣","瑞穗鄉","121.385","23.570","128"
"77","204381","20220921080000","66","1","花蓮縣","瑞穗鄉","121.385","23.580","75"
"43","204384","20220921080000","47","0","花蓮縣","瑞穗鄉","121.400","23.580","59"
"143","204421","20220921080000","130","1","花蓮縣","光復鄉","121.390","23.605","141"
"61","204446","20220921080000","45","2","花蓮縣","光復鄉","121.385","23.605","57"
"208","204758","20220921080000","175","1","花蓮縣","瑞穗鄉","121.375","23.540","233"
"36","205305","20220921080000","28","2","花蓮縣","豐濱鄉","121.525","23.575","45"
"119","205386","20220921080000","63","3","花蓮縣","豐濱鄉","121.525","23.595","120"
"297","205403","20220921080000","200","2","花蓮縣","豐濱鄉","121.520","23.600","254"
"86","205422","20220921080000","44","3","花蓮縣","豐濱鄉","121.530","23.605","78"
"52","205447","20220921080000","63","0","花蓮縣","光復鄉","121.420","23.605","43"
"418","205461","20220921080000","405","1","雲林縣","元長鄉","120.350","23.600","437"
"37","205475","20220921080000","49","0","嘉義縣","民雄鄉","120.400","23.555","39"
"415","205481","20220921080000","513","0","嘉義縣","民雄鄉","120.400","23.560","433"
"215","205482","20220921080000","144","2","嘉義縣","溪口鄉","120.405","23.560","194"
"984","205486","20220921080000","752","2","嘉義縣","民雄鄉","120.420","23.550","1032"
"23","205488","20220921080000","39","0","嘉義縣","民雄鄉","120.425","23.555","18"
"601","205494","20220921080000","348","3","嘉義縣","民雄鄉","120.380","23.545","562"
"459","205501","20220921080000","329","2","嘉義縣","民雄鄉","120.445","23.560","426"
"362","205502","20220921080000","292","2","嘉義縣","民雄鄉","120.450","23.560","374"
"41","205523","20220921080000","51","0","嘉義縣","民雄鄉","120.450","23.570","48"
"510","205531","20220921080000","475","1","嘉義縣","民雄鄉","120.435","23.565","516"
"64","205537","20220921080000","196","0","嘉義縣","民雄鄉","120.435","23.535","66"
"174","205548","20220921080000","151","1","嘉義縣","六腳鄉","120.295","23.540","191"
"294","205557","20220921080000","267","1","嘉義縣","六腳鄉","120.300","23.550","296"
"122","205571","20220921080000","233","0","雲林縣","水林鄉","120.245","23.605","131"
"100","205579","20220921080000","33","3","雲林縣","水林鄉","120.220","23.595","85"
"11","205586","20220921080000","198","0","雲林縣","水林鄉","120.235","23.605","15"
"58","205593","20220921080000","339","0","嘉義縣","新港鄉","120.345","23.570","61"
"75","205600","20220921080000","432","0","嘉義縣","新港鄉","120.345","23.550","60"
"232","205605","20220921080000","155","2","嘉義縣","新港鄉","120.330","23.560","225"
"114","205606","20220921080000","74","3","嘉義縣","新港鄉","120.335","23.560","116"
"31","205615","20220921080000","197","0","嘉義縣","新港鄉","120.340","23.575","27"
"360","205623","20220921080000","347","1","雲林縣","元長鄉","120.335","23.610","380"
"123","205641","20220921080000","103","1","嘉義縣","新港鄉","120.350","23.590","97"
"29","205649","20220921080000","230","0","嘉義縣","新港鄉","120.315","23.550","30"
"135","205670","20220921080000","46","3","雲林縣","口湖鄉","120.170","23.605","149"
"348","206056","20220921080000","282","2","南投縣","信義鄉","120.925","23.560","409"
"593","206426","20220921080000","521","1","南投縣","信義鄉","120.895","23.595","621"
"1350","206759","20220921080000","979","2","嘉義縣","溪口鄉","120.400","23.605","1361"
"720","206766","20220921080000","909","0","嘉義縣","民雄鄉","120.430","23.550","738"
"1320","206767","20220921080000","1152","1","嘉義縣","民雄鄉","120.430","23.555","1270"
"673","206768","20220921080000","624","1","嘉義縣","民雄鄉","120.435","23.555","708"
"386","206781","20220921080000","286","2","雲林縣","北港鎮","120.325","23.585","397"
"63","206786","20220921080000","724","0","雲林縣","北港鎮","120.295","23.575","62"
"15","206787","20220921080000","11","2","雲林縣","北港鎮","120.305","23.575","15"
"242","206789","20220921080000","293","0","雲林縣","北港鎮","120.300","23.580","252"
"809","206790","20220921080000","781","1","雲林縣","北港鎮","120.305","23.580","852"
"55","206794","20220921080000","31","3","雲林縣","北港鎮","120.310","23.585","67"
"188","206797","20220921080000","877","0","雲林縣","北港鎮","120.310","23.590","202"
"280","206815","20220921080000","149","3","嘉義縣","大林鎮","120.465","23.600","247"
"528","206822","20220921080000","266","3","嘉義縣","大林鎮","120.470","23.605","521"
"64","206825","20220921080000","419","0","嘉義縣","大林鎮","120.485","23.605","76"
"239","206830","20220921080000","227","1","嘉義縣","民雄鄉","120.445","23.545","205"
"51","206834","20220921080000","27","3","嘉義縣","民雄鄉","120.440","23.550","40"
"178","206837","20220921080000","133","2","嘉義縣","民雄鄉","120.455","23.550","177"
"380","206858","20220921080000","340","1","嘉義縣","民雄鄉","120.480","23.535","386"
"406","206869","20220921080000","149","3","嘉義縣","民雄鄉","120.500","23.540","365"
"23","206879","20220921080000","30","0","嘉義縣","民雄鄉","120.415","23.560","27"
"24","206882","20220921080000","24","1","嘉義縣","民雄鄉","120.410","23.565","42"
"446","206905","20220921080000","185","3","雲林縣","水林鄉","120.230","23.585","438"
"1062","206940","20220921080000","1153","0","雲林縣","北港鎮","120.300","23.565","1027"
"411","206943","20220921080000","271","3","雲林縣","北港鎮","120.310","23.575","414"
"505","206964","20220921080000","291","3","嘉義縣","新港鄉","120.360","23.590","516"
"46","206982","20220921080000","358","0","嘉義縣","新港鄉","120.370","23.555","48"
"599","206991","20220921080000","543","1","嘉義縣","新港鄉","120.350","23.555","601"
"694","206992","20220921080000","344","3","嘉義縣","新港鄉","120.355","23.555","669"
"69","206994","20220921080000","848","0","嘉義縣","新港鄉","120.350","23.560","74"
"704","206997","20220921080000","460","3","嘉義縣","新港鄉","120.320","23.565","662"
"24","207025","20220921080000","190","0","嘉義縣","新港鄉","120.335","23.540","21"
"1187","207038","20220921080000","633","3","嘉義縣","新港鄉","120.345","23.555","1185"
"72","207039","20220921080000","27","3","嘉義縣","新港鄉","120.345","23.560","63"
"16","207040","20220921080000","129","0","嘉義縣","新港鄉","120.345","23.535","16"
"34","207051","20220921080000","259","0","嘉義縣","新港鄉","120.375","23.560","44"
"58","207166","20220921080000","42","2","南投縣","信義鄉","120.915","23.545","76"
"113","207170","20220921080000","106","1","南投縣","信義鄉","120.870","23.550","89"
"162","207172","20220921080000","112","2","南投縣","信義鄉","120.880","23.550","151"
"22","207177","20220921080000","77","0","南投縣","信義鄉","120.905","23.550","17"
"299","207208","20220921080000","208","2","南投縣","信義鄉","120.905","23.565","213"
"26","207242","20220921080000","252","0","南投縣","信義鄉","120.890","23.590","33"
"1073","207256","20220921080000","1115","0","雲林縣","北港鎮","120.305","23.565","1095"
"163","207266","20220921080000","154","1","嘉義縣","新港鄉","120.310","23.565","194"
"1774","207275","20220921080000","1339","2","雲林縣","北港鎮","120.290","23.575","1775"
"73","207299","20220921080000","60","2","嘉義縣","梅山鄉","120.600","23.560","72"
"260","207305","20220921080000","230","1","嘉義縣","梅山鄉","120.605","23.565","288"
"159","207326","20220921080000","107","2","嘉義縣","梅山鄉","120.625","23.550","184"
"371","207338","20220921080000","308","2","嘉義縣","梅山鄉","120.580","23.545","376"
"945","207352","20220921080000","902","1","嘉義縣","梅山鄉","120.555","23.585","920"
"740","207353","20220921080000","646","1","嘉義縣","梅山鄉","120.560","23.585","664"
"370","207356","20220921080000","311","1","嘉義縣","梅山鄉","120.550","23.590","362"
"579","207360","20220921080000","370","3","嘉義縣","大林鎮","120.450","23.605","506"
"69","207367","20220921080000","837","0","嘉義縣","大林鎮","120.525","23.595","53"
"175","207373","20220921080000","447","0","嘉義縣","大林鎮","120.500","23.605","188"
"89","207387","20220921080000","593","0","雲林縣","北港鎮","120.275","23.600","87"
"237","207403","20220921080000","217","1","雲林縣","北港鎮","120.325","23.595","236"
"394","207414","20220921080000","371","1","雲林縣","北港鎮","120.280","23.560","411"
"29","207432","20220921080000","201","0","雲林縣","口湖鄉","120.180","23.605","22"
"509","207435","20220921080000","286","3","雲林縣","古坑鄉","120.540","23.595","500"
"45","207462","20220921080000","95","0","雲林縣","古坑鄉","120.595","23.600","32"
"217","207463","20220921080000","117","3","雲林縣","古坑鄉","120.600","23.600","194"
"149","207465","20220921080000","90","3","雲林縣","古坑鄉","120.610","23.600","157"
"63","207467","20220921080000","26","3","雲林縣","古坑鄉","120.620","23.600","74"
"56","207494","20220921080000","55","1","雲林縣","古坑鄉","120.640","23.605","57"
"13","207498","20220921080000","94","0","雲林縣","古坑鄉","120.570","23.605","10"
"194","207505","20220921080000","190","1","嘉義縣","大林鎮","120.470","23.580","194"
"277","207507","20220921080000","362","0","嘉義縣","大林鎮","120.465","23.585","310"
"127","207511","20220921080000","47","3","嘉義縣","大林鎮","120.505","23.560","125"
"271","207522","20220921080000","244","1","嘉義縣","大林鎮","120.490","23.570","284"
"419","207523","20220921080000","399","1","嘉義縣","大林鎮","120.495","23.570","424"
"17","207536","20220921080000","119","0","嘉義縣","大林鎮","120.505","23.575","17"
"34","207556","20220921080000","491","0","嘉義縣","大林鎮","120.500","23.580","46"
"28","207558","20220921080000","311","0","嘉義縣","大林鎮","120.510","23.580","36"
"354","207564","20220921080000","196","3","嘉義縣","大林鎮","120.495","23.585","329"
"20","207576","20220921080000","183","0","嘉義縣","大林鎮","120.475","23.590","13"
"239","207578","20220921080000","255","0","嘉義縣","大林鎮","120.465","23.595","198"
"579","207585","20220921080000","524","1","嘉義縣","大林鎮","120.505","23.590","588"
"11","207587","20220921080000","353","0","嘉義縣","大林鎮","120.515","23.590","11"
"42","207592","20220921080000","436","0","嘉義縣","大林鎮","120.505","23.595","60"
"64","207596","20220921080000","28","3","嘉義縣","大林鎮","120.505","23.600","56"
"492","207602","20220921080000","548","0","嘉義縣","大林鎮","120.455","23.595","528"
"414","207604","20220921080000","875","0","嘉義縣","大林鎮","120.455","23.600","424"
"1013","207605","20220921080000","1139","0","嘉義縣","大林鎮","120.460","23.600","989"
"111","207606","20220921080000","107","1","嘉義縣","大林鎮","120.460","23.605","104"
"318","207613","20220921080000","228","2","嘉義縣","大林鎮","120.445","23.610","271"
"15","207617","20220921080000","422","0","嘉義縣","大林鎮","120.445","23.595","22"
"1443","207626","20220921080000","1179","2","嘉義縣","大林鎮","120.455","23.605","1364"
"199","207628","20220921080000","1469","0","雲林縣","水林鄉","120.240","23.570","218"
"13","207629","20220921080000","15","0","雲林縣","水林鄉","120.245","23.570","14"
"743","207634","20220921080000","479","3","雲林縣","水林鄉","120.250","23.575","707"
"16","207650","20220921080000","11","2","雲林縣","水林鄉","120.265","23.535","12"
"220","207670","20220921080000","161","2","嘉義縣","溪口鄉","120.395","23.600","205"
"99","207674","20220921080000","77","2","嘉義縣","梅山鄉","120.575","23.560","96"
"217","207675","20220921080000","175","2","嘉義縣","梅山鄉","120.580","23.560","179"
"771","207684","20220921080000","801","0","嘉義縣","梅山鄉","120.565","23.575","746"
"117","207691","20220921080000","73","3","嘉義縣","梅山鄉","120.580","23.580","58"
"109","207701","20220921080000","55","3","嘉義縣","梅山鄉","120.600","23.565","161"
"35","207703","20220921080000","77","0","嘉義縣","梅山鄉","120.580","23.570","24"
"469","207707","20220921080000","118","3","嘉義縣","梅山鄉","120.595","23.570","469"
"112","207721","20220921080000","75","2","嘉義縣","梅山鄉","120.600","23.575","144"
"408","207727","20220921080000","417","0","嘉義縣","梅山鄉","120.555","23.545","390"
"51","207736","20220921080000","44","1","嘉義縣","梅山鄉","120.545","23.555","45"
"68","207753","20220921080000","47","2","嘉義縣","梅山鄉","120.715","23.535","109"
"33","207756","20220921080000","104","0","嘉義縣","梅山鄉","120.730","23.535","36"
"256","207761","20220921080000","229","1","嘉義縣","梅山鄉","120.710","23.540","329"
"191","207793","20220921080000","117","3","嘉義縣","梅山鄉","120.740","23.555","204"
"190","207860","20220921080000","141","2","雲林縣","古坑鄉","120.695","23.580","158"
"140","207910","20220921080000","99","2","雲林縣","古坑鄉","120.690","23.595","166"
"58","207945","20220921080000","44","2","雲林縣","古坑鄉","120.710","23.605","31"
"23","207962","20220921080000","15","3","雲林縣","古坑鄉","120.575","23.595","24"
"36","207964","20220921080000","23","3","雲林縣","古坑鄉","120.585","23.595","37"
"333","207970","20220921080000","126","3","雲林縣","古坑鄉","120.590","23.585","356"
"177","207983","20220921080000","112","3","雲林縣","古坑鄉","120.595","23.595","171"
"91","207985","20220921080000","51","3","雲林縣","古坑鄉","120.585","23.600","98"
"344","207988","20220921080000","322","1","雲林縣","口湖鄉","120.165","23.535","464"
"893","208006","20220921080000","703","2","雲林縣","口湖鄉","120.185","23.585","915"
"103","208021","20220921080000","69","2","嘉義縣","梅山鄉","120.625","23.570","65"
"242","208025","20220921080000","146","3","嘉義縣","梅山鄉","120.625","23.575","223"
"217","208030","20220921080000","219","0","嘉義縣","新港鄉","120.310","23.570","214"
"27","208049","20220921080000","304","0","雲林縣","口湖鄉","120.160","23.560","38"
"58","208080","20220921080000","199","0","雲林縣","口湖鄉","120.150","23.580","64"
"134","208091","20220921080000","17","3","雲林縣","口湖鄉","120.140","23.585","156"
"383","208131","20220921080000","259","2","嘉義縣","民雄鄉","120.410","23.570","367"
"470","208146","20220921080000","367","2","雲林縣","大埤鄉","120.370","23.610","459"
"750","208152","20220921080000","607","2","嘉義縣","梅山鄉","120.560","23.580","772"
"154","208158","20220921080000","147","1","嘉義縣","梅山鄉","120.560","23.565","149"
"220","208165","20220921080000","200","1","嘉義縣","梅山鄉","120.555","23.575","223"
"191","208171","20220921080000","126","3","嘉義縣","梅山鄉","120.680","23.535","134"
"241","208176","20220921080000","176","2","嘉義縣","梅山鄉","120.665","23.540","212"
"163","208180","20220921080000","119","2","嘉義縣","梅山鄉","120.685","23.540","202"
"352","208200","20220921080000","293","2","嘉義縣","梅山鄉","120.665","23.550","470"
"67","208203","20220921080000","46","2","嘉義縣","梅山鄉","120.680","23.550","62"
"214","208265","20220921080000","125","3","嘉義縣","梅山鄉","120.530","23.580","209"
"19","208273","20220921080000","95","0","嘉義縣","梅山鄉","120.535","23.590","15"
"211","208301","20220921080000","161","2","嘉義縣","梅山鄉","120.525","23.550","234"
"103","208303","20220921080000","108","0","嘉義縣","梅山鄉","120.535","23.550","121"
"528","208323","20220921080000","408","2","嘉義縣","民雄鄉","120.465","23.555","546"
"2224","208324","20220921080000","1866","1","嘉義縣","民雄鄉","120.470","23.555","2237"
"151","208325","20220921080000","113","2","嘉義縣","民雄鄉","120.475","23.555","156"
"16","208326","20220921080000","16","1","嘉義縣","民雄鄉","120.480","23.555","19"
"1087","208328","20220921080000","964","1","嘉義縣","民雄鄉","120.470","23.560","1058"
"619","208329","20220921080000","610","1","嘉義縣","民雄鄉","120.475","23.560","628"
"173","208332","20220921080000","188","0","嘉義縣","民雄鄉","120.475","23.565","200"
"529","208347","20220921080000","338","3","嘉義縣","民雄鄉","120.400","23.535","508"
"41","208352","20220921080000","483","0","嘉義縣","民雄鄉","120.460","23.535","41"
"281","208357","20220921080000","239","1","嘉義縣","民雄鄉","120.460","23.545","286"
"1149","208359","20220921080000","1150","0","嘉義縣","民雄鄉","120.425","23.560","1168"
"14","208360","20220921080000","25","0","嘉義縣","民雄鄉","120.430","23.560","15"
"27","208363","20220921080000","308","0","嘉義縣","民雄鄉","120.425","23.570","24"
"342","208380","20220921080000","135","3","嘉義縣","民雄鄉","120.390","23.545","357"
"564","208390","20220921080000","389","2","嘉義縣","民雄鄉","120.420","23.540","607"
"215","208392","20220921080000","181","1","嘉義縣","民雄鄉","120.430","23.540","216"
"307","208407","20220921080000","148","3","雲林縣","口湖鄉","120.175","23.570","78"
"473","208415","20220921080000","278","3","雲林縣","口湖鄉","120.190","23.575","470"
"634","208452","20220921080000","492","2","嘉義縣","溪口鄉","120.430","23.585","620"
"36","208454","20220921080000","281","0","嘉義縣","溪口鄉","120.440","23.585","40"
"475","208468","20220921080000","414","1","嘉義縣","溪口鄉","120.385","23.595","468"
"249","208486","20220921080000","167","2","嘉義縣","溪口鄉","120.390","23.605","238"
"548","208497","20220921080000","518","1","嘉義縣","六腳鄉","120.300","23.560","589"
"475","208503","20220921080000","510","0","嘉義縣","六腳鄉","120.290","23.535","487"
"62","208508","20220921080000","433","0","雲林縣","口湖鄉","120.180","23.585","57"
"408","208528","20220921080000","226","3","雲林縣","口湖鄉","120.140","23.550","502"
"69","208546","20220921080000","327","0","雲林縣","口湖鄉","120.150","23.565","91"
"193","208554","20220921080000","165","1","雲林縣","水林鄉","120.270","23.565","228"
"1112","208568","20220921080000","831","2","雲林縣","口湖鄉","120.190","23.545","1189"
"134","208573","20220921080000","315","0","雲林縣","北港鎮","120.285","23.610","151"
"1237","208589","20220921080000","1542","0","雲林縣","北港鎮","120.300","23.570","1246"
"765","208590","20220921080000","816","0","雲林縣","北港鎮","120.300","23.575","812"
"47","208617","20220921080000","383","0","雲林縣","水林鄉","120.220","23.560","50"
"60","208629","20220921080000","245","0","雲林縣","水林鄉","120.205","23.575","63"
"17","208633","20220921080000","16","1","雲林縣","水林鄉","120.225","23.535","17"
"428","208638","20220921080000","294","2","雲林縣","水林鄉","120.230","23.540","410"
"101","208647","20220921080000","379","0","雲林縣","水林鄉","120.250","23.550","113"
"120","208695","20220921080000","95","2","嘉義縣","竹崎鄉","120.555","23.540","128"
"150","208704","20220921080000","77","3","嘉義縣","竹崎鄉","120.560","23.540","177"
"89","208793","20220921080000","75","1","嘉義縣","阿里山鄉","120.750","23.570","101"
"53","208821","20220921080000","50","1","嘉義縣","阿里山鄉","120.750","23.580","46"
"95","209129","20220921080000","84","1","澎湖縣","湖西鄉","119.625","23.605","91"
"130","209899","20220921080000","83","3","澎湖縣","白沙鄉","119.570","23.615","122"
"27","209905","20220921080000","206","0","澎湖縣","白沙鄉","119.605","23.615","33"
"107","210790","20220921080000","33","3","花蓮縣","豐濱鄉","121.535","23.635","90"
"99","210927","20220921080000","132","0","澎湖縣","西嶼鄉","119.530","23.635","95"
"304","210940","20220921080000","241","2","澎湖縣","白沙鄉","119.600","23.635","309"
"13","211725","20220921080000","13","1","澎湖縣","白沙鄉","119.630","23.650","24"
"324","212241","20220921080000","219","2","澎湖縣","白沙鄉","119.655","23.660","277"
"741","212745","20220921080000","419","3","澎湖縣","白沙鄉","119.595","23.665","771"
"20","213442","20220921080000","23","0","澎湖縣","白沙鄉","119.555","23.660","50"
"16","213444","20220921080000","156","0","澎湖縣","白沙鄉","119.590","23.655","21"
"12","213447","20220921080000","24","0","澎湖縣","白沙鄉","119.600","23.650","18"
"14","213448","20220921080000","13","1","澎湖縣","白沙鄉","119.560","23.655","14"
"236","213454","20220921080000","97","3","澎湖縣","白沙鄉","119.560","23.660","173"
"174","213465","20220921080000","133","2","澎湖縣","白沙鄉","119.595","23.650","181"
"139","213491","20220921080000","127","1","澎湖縣","西嶼鄉","119.510","23.615","129"
"174","213509","20220921080000","193","0","澎湖縣","西嶼鄉","119.515","23.630","144"
"84","213516","20220921080000","105","0","澎湖縣","西嶼鄉","119.515","23.650","108"
"418","213554","20220921080000","356","1","花蓮縣","光復鄉","121.430","23.675","406"
"135","213627","20220921080000","141","0","花蓮縣","光復鄉","121.420","23.660","138"
"317","213652","20220921080000","366","0","花蓮縣","光復鄉","121.420","23.670","306"
"83","213675","20220921080000","74","1","花蓮縣","光復鄉","121.415","23.680","94"
"79","213820","20220921080000","58","2","花蓮縣","光復鄉","121.430","23.635","79"
"23","214415","20220921080000","25","0","花蓮縣","豐濱鄉","121.545","23.670","36"
"67","214424","20220921080000","55","2","花蓮縣","豐濱鄉","121.530","23.680","74"
"45","214495","20220921080000","48","0","花蓮縣","豐濱鄉","121.485","23.640","46"
"21","214506","20220921080000","135","0","雲林縣","四湖鄉","120.180","23.650","18"
"181","214521","20220921080000","32","3","雲林縣","四湖鄉","120.185","23.660","190"
"338","214544","20220921080000","176","3","雲林縣","四湖鄉","120.275","23.650","406"
"84","214550","20220921080000","235","0","雲林縣","元長鄉","120.275","23.660","97"
"342","214565","20220921080000","197","3","雲林縣","四湖鄉","120.200","23.640","385"
"60","214566","20220921080000","93","0","雲林縣","四湖鄉","120.205","23.640","26"
"128","214578","20220921080000","393","0","雲林縣","四湖鄉","120.220","23.615","140"
"55","214580","20220921080000","183","0","雲林縣","四湖鄉","120.170","23.640","55"
"251","214640","20220921080000","141","3","花蓮縣","光復鄉","121.450","23.655","250"
"177","214665","20220921080000","207","0","花蓮縣","光復鄉","121.405","23.625","146"
"159","214678","20220921080000","121","2","花蓮縣","光復鄉","121.415","23.645","155"
"23","214691","20220921080000","25","0","花蓮縣","光復鄉","121.415","23.655","23"
"16","214697","20220921080000","13","2","花蓮縣","光復鄉","121.410","23.660","19"
"285","214701","20220921080000","211","2","花蓮縣","光復鄉","121.430","23.665","308"
"431","214703","20220921080000","400","1","花蓮縣","光復鄉","121.425","23.670","421"
"656","214705","20220921080000","570","1","花蓮縣","光復鄉","121.420","23.665","644"
"158","214706","20220921080000","133","1","花蓮縣","光復鄉","121.425","23.665","130"
"385","214707","20220921080000","345","1","花蓮縣","光復鄉","121.450","23.660","414"
"398","214728","20220921080000","164","3","雲林縣","元長鄉","120.315","23.675","419"
"15","214731","20220921080000","118","0","雲林縣","元長鄉","120.310","23.680","26"
"33","214762","20220921080000","25","2","雲林縣","元長鄉","120.285","23.640","35"
"335","214797","20220921080000","368","0","雲林縣","元長鄉","120.375","23.645","323"
"200","214824","20220921080000","89","3","雲林縣","東勢鄉","120.260","23.665","184"
"30","214826","20220921080000","203","0","雲林縣","東勢鄉","120.250","23.670","36"
"13","214842","20220921080000","187","0","雲林縣","四湖鄉","120.150","23.625","14"
"32","214846","20220921080000","104","0","雲林縣","口湖鄉","120.155","23.630","31"
"450","214854","20220921080000","298","3","雲林縣","斗南鎮","120.440","23.685","469"
"757","214857","20220921080000","523","2","雲林縣","斗南鎮","120.485","23.685","734"
"169","214861","20220921080000","67","3","雲林縣","斗南鎮","120.490","23.640","162"
"416","214868","20220921080000","255","3","雲林縣","斗南鎮","120.430","23.670","398"
"327","214876","20220921080000","216","3","雲林縣","斗南鎮","120.445","23.675","297"
"1397","214886","20220921080000","1063","2","雲林縣","斗南鎮","120.475","23.665","1399"
"26","214887","20220921080000","225","0","雲林縣","大埤鄉","120.455","23.670","23"
"329","214890","20220921080000","277","1","雲林縣","斗南鎮","120.470","23.670","315"
"1887","214891","20220921080000","1780","1","雲林縣","斗南鎮","120.475","23.670","1792"
"555","214896","20220921080000","548","1","雲林縣","斗南鎮","120.470","23.675","567"
"78","214922","20220921080000","87","0","南投縣","鹿谷鄉","120.790","23.670","97"
"124","214931","20220921080000","108","1","南投縣","鹿谷鄉","120.790","23.675","145"
"470","214932","20220921080000","225","3","南投縣","鹿谷鄉","120.800","23.670","319"
"218","214936","20220921080000","147","2","南投縣","鹿谷鄉","120.795","23.675","192"
"17","214937","20220921080000","73","0","南投縣","鹿谷鄉","120.800","23.675","13"
"287","214940","20220921080000","163","3","南投縣","鹿谷鄉","120.795","23.680","221"
"355","214967","20220921080000","523","0","雲林縣","斗南鎮","120.485","23.640","337"
"303","214975","20220921080000","257","1","雲林縣","斗南鎮","120.480","23.665","276"
"431","214978","20220921080000","218","3","雲林縣","斗南鎮","120.485","23.670","419"
"95","215001","20220921080000","363","0","雲林縣","土庫鎮","120.390","23.665","88"
"830","215006","20220921080000","656","2","雲林縣","土庫鎮","120.380","23.675","931"
"1171","215009","20220921080000","845","2","雲林縣","土庫鎮","120.390","23.680","1188"
"31","215011","20220921080000","73","0","雲林縣","土庫鎮","120.385","23.685","29"
"218","215012","20220921080000","225","0","雲林縣","土庫鎮","120.390","23.685","221"
"215","215013","20220921080000","167","2","雲林縣","土庫鎮","120.365","23.660","211"
"256","215017","20220921080000","219","1","雲林縣","土庫鎮","120.370","23.665","240"
"247","215022","20220921080000","157","3","雲林縣","土庫鎮","120.375","23.670","235"
"359","215044","20220921080000","275","2","雲林縣","元長鄉","120.335","23.615","376"
"363","215049","20220921080000","378","0","雲林縣","元長鄉","120.335","23.620","363"
"15","215053","20220921080000","159","0","雲林縣","元長鄉","120.280","23.655","17"
"60","215072","20220921080000","53","1","雲林縣","元長鄉","120.350","23.615","55"
"336","215075","20220921080000","284","1","雲林縣","元長鄉","120.340","23.635","333"
"102","215100","20220921080000","231","0","雲林縣","元長鄉","120.330","23.660","96"
"759","215115","20220921080000","284","3","雲林縣","口湖鄉","120.165","23.615","925"
"212","215539","20220921080000","162","2","南投縣","信義鄉","120.865","23.625","220"
"117","215550","20220921080000","72","3","南投縣","信義鄉","120.895","23.630","117"
"101","215558","20220921080000","135","0","南投縣","信義鄉","120.880","23.635","96"
"213","215647","20220921080000","194","1","南投縣","信義鄉","120.860","23.665","248"
"41","215656","20220921080000","39","1","南投縣","信義鄉","120.855","23.670","43"
"80","216356","20220921080000","251","0","雲林縣","北港鎮","120.295","23.615","89"
"30","216361","20220921080000","28","1","雲林縣","斗南鎮","120.485","23.675","29"
"17","216370","20220921080000","325","0","雲林縣","斗南鎮","120.480","23.650","29"
"90","216372","20220921080000","77","1","雲林縣","斗南鎮","120.490","23.650","102"
"425","216377","20220921080000","422","1","雲林縣","斗南鎮","120.475","23.660","417"
"19","216386","20220921080000","11","3","雲林縣","元長鄉","120.335","23.630","13"
"180","216394","20220921080000","144","2","雲林縣","元長鄉","120.355","23.620","184"
"880","216409","20220921080000","711","2","雲林縣","元長鄉","120.360","23.640","825"
"116","216416","20220921080000","52","3","雲林縣","水林鄉","120.250","23.615","111"
"847","216421","20220921080000","550","3","雲林縣","斗南鎮","120.480","23.675","863"
"85","216424","20220921080000","48","3","雲林縣","斗南鎮","120.480","23.670","90"
"19","216438","20220921080000","19","1","雲林縣","斗六市","120.525","23.670","16"
"159","216439","20220921080000","90","3","雲林縣","斗六市","120.530","23.670","173"
"21","216451","20220921080000","35","0","雲林縣","斗六市","120.625","23.685","23"
"53","216459","20220921080000","264","0","雲林縣","土庫鎮","120.345","23.665","70"
"136","216478","20220921080000","72","3","雲林縣","水林鄉","120.260","23.620","129"
"67","216482","20220921080000","146","0","雲林縣","水林鄉","120.265","23.625","94"
"737","216488","20220921080000","475","3","雲林縣","斗南鎮","120.470","23.680","722"
"633","216489","20220921080000","582","1","雲林縣","斗南鎮","120.475","23.680","614"
"1273","216490","20220921080000","1057","2","雲林縣","斗南鎮","120.480","23.680","1256"
"76","216498","20220921080000","228","0","雲林縣","斗南鎮","120.515","23.645","75"
"362","216500","20220921080000","191","3","雲林縣","斗南鎮","120.505","23.650","363"
"135","216517","20220921080000","365","0","雲林縣","古坑鄉","120.540","23.660","157"
"53","216519","20220921080000","261","0","雲林縣","斗六市","120.525","23.665","48"
"77","216526","20220921080000","181","0","雲林縣","斗南鎮","120.465","23.685","86"
"17","216534","20220921080000","160","0","雲林縣","斗南鎮","120.535","23.650","16"
"48","216543","20220921080000","251","0","雲林縣","斗南鎮","120.505","23.665","65"
"290","216579","20220921080000","129","3","雲林縣","土庫鎮","120.345","23.660","264"
"203","216583","20220921080000","1024","0","雲林縣","土庫鎮","120.390","23.675","191"
"96","216589","20220921080000","374","0","雲林縣","土庫鎮","120.355","23.685","100"
"102","216595","20220921080000","311","0","雲林縣","大埤鄉","120.465","23.635","82"
"40","216597","20220921080000","227","0","雲林縣","大埤鄉","120.465","23.640","41"
"69","216607","20220921080000","252","0","雲林縣","大埤鄉","120.450","23.650","61"
"197","216617","20220921080000","204","0","南投縣","信義鄉","120.810","23.665","213"
"188","216682","20220921080000","110","3","南投縣","信義鄉","120.865","23.640","188"
"52","216694","20220921080000","47","1","南投縣","信義鄉","120.875","23.660","52"
"40","216718","20220921080000","184","0","雲林縣","古坑鄉","120.565","23.625","25"
"98","216737","20220921080000","780","0","雲林縣","古坑鄉","120.565","23.640","85"
"32","216744","20220921080000","203","0","雲林縣","古坑鄉","120.575","23.645","39"
"130","216754","20220921080000","352","0","雲林縣","古坑鄉","120.550","23.610","92"
"20","216766","20220921080000","133","0","雲林縣","古坑鄉","120.540","23.620","26"
"10","216791","20220921080000","29","0","雲林縣","古坑鄉","120.605","23.670","13"
"11","216792","20220921080000","31","0","雲林縣","古坑鄉","120.595","23.670","11"
"41","216800","20220921080000","173","0","雲林縣","古坑鄉","120.590","23.685","28"
"516","216807","20220921080000","399","2","雲林縣","古坑鄉","120.565","23.645","499"
"33","216821","20220921080000","28","1","雲林縣","古坑鄉","120.605","23.655","32"
"259","216832","20220921080000","245","1","雲林縣","古坑鄉","120.575","23.675","267"
"115","216841","20220921080000","561","0","雲林縣","古坑鄉","120.570","23.685","108"
"300","216889","20220921080000","186","3","雲林縣","古坑鄉","120.600","23.685","266"
"16","216891","20220921080000","209","0","雲林縣","古坑鄉","120.610","23.685","17"
"724","216901","20220921080000","275","3","雲林縣","古坑鄉","120.635","23.615","773"
"53","216906","20220921080000","49","1","雲林縣","古坑鄉","120.640","23.620","48"
"45","216928","20220921080000","363","0","雲林縣","古坑鄉","120.560","23.670","49"
"32","216932","20220921080000","26","2","雲林縣","古坑鄉","120.570","23.610","29"
"65","216938","20220921080000","52","2","雲林縣","古坑鄉","120.575","23.615","79"
"465","216939","20220921080000","226","3","雲林縣","古坑鄉","120.580","23.615","474"
"98","216944","20220921080000","490","0","雲林縣","古坑鄉","120.560","23.620","109"
"51","216948","20220921080000","35","2","雲林縣","古坑鄉","120.580","23.620","53"
"716","216990","20220921080000","583","2","嘉義縣","大林鎮","120.470","23.620","660"
"19","217013","20220921080000","159","0","嘉義縣","大林鎮","120.500","23.625","15"
"53","217022","20220921080000","17","3","嘉義縣","大林鎮","120.490","23.615","57"
"144","217035","20220921080000","676","0","嘉義縣","大林鎮","120.435","23.620","104"
"310","217047","20220921080000","439","0","嘉義縣","大林鎮","120.460","23.620","314"
"55","217057","20220921080000","262","0","雲林縣","大埤鄉","120.395","23.625","65"
"52","217065","20220921080000","180","0","雲林縣","大埤鄉","120.380","23.620","42"
"29","217073","20220921080000","174","0","雲林縣","大埤鄉","120.425","23.665","38"
"34","217076","20220921080000","21","3","雲林縣","大埤鄉","120.415","23.665","36"
"83","217087","20220921080000","315","0","雲林縣","大埤鄉","120.470","23.655","84"
"107","217105","20220921080000","394","0","雲林縣","古坑鄉","120.555","23.625","101"
"140","217110","20220921080000","198","0","雲林縣","古坑鄉","120.555","23.630","154"
"26","217112","20220921080000","126","0","雲林縣","古坑鄉","120.550","23.640","32"
"79","217149","20220921080000","23","3","雲林縣","古坑鄉","120.710","23.610","20"
"27","217196","20220921080000","15","3","雲林縣","古坑鄉","120.590","23.650","30"
"51","217209","20220921080000","244","0","雲林縣","古坑鄉","120.575","23.665","44"
"949","217221","20220921080000","357","3","雲林縣","古坑鄉","120.560","23.650","897"
"103","217222","20220921080000","118","0","雲林縣","古坑鄉","120.560","23.655","110"
"19","217230","20220921080000","74","0","雲林縣","古坑鄉","120.515","23.625","14"
"232","217236","20220921080000","225","1","雲林縣","古坑鄉","120.525","23.630","208"
"49","217239","20220921080000","54","0","雲林縣","古坑鄉","120.520","23.635","47"
"53","217259","20220921080000","48","1","雲林縣","大埤鄉","120.420","23.625","58"
"33","217266","20220921080000","355","0","雲林縣","大埤鄉","120.420","23.635","45"
"652","217403","20220921080000","338","3","嘉義縣","溪口鄉","120.410","23.615","671"
"353","217423","20220921080000","96","3","雲林縣","大埤鄉","120.410","23.640","343"
"171","217432","20220921080000","858","0","雲林縣","大埤鄉","120.430","23.645","217"
"52","217442","20220921080000","162","0","雲林縣","大埤鄉","120.415","23.660","31"
"439","217449","20220921080000","108","3","雲林縣","東勢鄉","120.300","23.680","482"
"91","217458","20220921080000","281","0","雲林縣","東勢鄉","120.265","23.675","90"
"172","217463","20220921080000","423","0","雲林縣","東勢鄉","120.255","23.685","170"
"90","217467","20220921080000","691","0","雲林縣","東勢鄉","120.255","23.675","103"
"81","217492","20220921080000","177","0","雲林縣","四湖鄉","120.155","23.650","107"
"39","217497","20220921080000","163","0","雲林縣","四湖鄉","120.155","23.655","45"
"198","217526","20220921080000","100","3","雲林縣","元長鄉","120.320","23.615","183"
"21","217532","20220921080000","373","0","雲林縣","元長鄉","120.320","23.625","20"
"143","217546","20220921080000","58","3","雲林縣","四湖鄉","120.190","23.620","141"
"21","217550","20220921080000","100","0","雲林縣","四湖鄉","120.185","23.625","29"
"177","217561","20220921080000","601","0","雲林縣","四湖鄉","120.230","23.635","180"
"273","217585","20220921080000","228","1","雲林縣","斗六市","120.525","23.675","276"
"237","217589","20220921080000","137","3","雲林縣","斗六市","120.520","23.680","232"
"113","217593","20220921080000","630","0","雲林縣","斗六市","120.510","23.685","105"
"46","217594","20220921080000","218","0","雲林縣","斗六市","120.515","23.685","41"
"441","217597","20220921080000","208","3","雲林縣","斗南鎮","120.470","23.630","439"
"30","217604","20220921080000","25","2","雲林縣","斗南鎮","120.480","23.640","42"
"250","217605","20220921080000","45","3","雲林縣","四湖鄉","120.140","23.620","219"
"115","217610","20220921080000","63","3","雲林縣","四湖鄉","120.150","23.630","129"
"1095","217637","20220921080000","654","3","雲林縣","口湖鄉","120.160","23.610","1136"
"24","217641","20220921080000","194","0","雲林縣","元長鄉","120.310","23.615","16"
"89","217646","20220921080000","421","0","雲林縣","元長鄉","120.305","23.625","92"
"405","217654","20220921080000","134","3","雲林縣","元長鄉","120.325","23.655","416"
"53","217663","20220921080000","226","0","雲林縣","元長鄉","120.315","23.640","43"
"403","217673","20220921080000","1536","0","雲林縣","元長鄉","120.315","23.650","403"
"56","217674","20220921080000","84","0","雲林縣","元長鄉","120.300","23.655","61"
"201","217701","20220921080000","150","2","雲林縣","斗六市","120.560","23.675","203"
"15","217703","20220921080000","39","0","雲林縣","斗六市","120.555","23.680","10"
"500","217705","20220921080000","295","3","雲林縣","古坑鄉","120.565","23.680","479"
"19","217707","20220921080000","215","0","雲林縣","斗六市","120.550","23.685","17"
"118","217708","20220921080000","99","1","雲林縣","斗六市","120.555","23.685","116"
"166","217711","20220921080000","726","0","雲林縣","斗六市","120.540","23.675","158"
"15","217712","20220921080000","117","0","雲林縣","斗六市","120.545","23.675","11"
"816","217716","20220921080000","568","2","雲林縣","斗六市","120.545","23.680","814"
"573","217718","20220921080000","512","1","雲林縣","斗六市","120.540","23.685","606"
"45","217728","20220921080000","394","0","雲林縣","大埤鄉","120.450","23.665","45"
"265","217747","20220921080000","156","3","雲林縣","四湖鄉","120.220","23.635","293"
"101","217753","20220921080000","428","0","雲林縣","四湖鄉","120.225","23.645","105"
"108","217774","20220921080000","457","0","雲林縣","四湖鄉","120.175","23.680","122"
"15","217781","20220921080000","135","0","雲林縣","口湖鄉","120.200","23.615","14"
"335","217799","20220921080000","142","3","雲林縣","四湖鄉","120.215","23.635","307"
"1217","217801","20220921080000","636","3","雲林縣","四湖鄉","120.225","23.635","1203"
"53","217817","20220921080000","119","0","雲林縣","虎尾鎮","120.405","23.680","49"
"36","217819","20220921080000","152","0","雲林縣","虎尾鎮","120.415","23.680","39"
"566","217821","20220921080000","446","2","雲林縣","虎尾鎮","120.410","23.685","552"
"120","217830","20220921080000","84","2","南投縣","竹山鎮","120.660","23.670","108"
"164","217842","20220921080000","718","0","雲林縣","大埤鄉","120.450","23.630","236"
"30","217845","20220921080000","272","0","雲林縣","大埤鄉","120.465","23.630","41"
"56","217877","20220921080000","170","0","雲林縣","大埤鄉","120.395","23.650","64"
"16","217883","20220921080000","148","0","雲林縣","大埤鄉","120.400","23.655","11"
"35","217899","20220921080000","143","0","南投縣","竹山鎮","120.670","23.670","36"
"13","218026","20220921080000","17","0","南投縣","竹山鎮","120.800","23.625","13"
"224","218047","20220921080000","169","2","南投縣","竹山鎮","120.795","23.630","225"
"16","218070","20220921080000","14","1","南投縣","竹山鎮","120.795","23.635","17"
"243","218092","20220921080000","173","2","南投縣","竹山鎮","120.790","23.640","220"
"191","218153","20220921080000","320","0","南投縣","竹山鎮","120.765","23.655","228"
"100","218168","20220921080000","87","1","南投縣","竹山鎮","120.745","23.660","125"
"384","218218","20220921080000","695","0","南投縣","竹山鎮","120.760","23.675","428"
"66","218283","20220921080000","89","0","南投縣","竹山鎮","120.655","23.645","78"
"152","218348","20220921080000","113","2","南投縣","竹山鎮","120.665","23.650","139"
"141","218364","20220921080000","104","2","南投縣","竹山鎮","120.665","23.660","120"
"156","218380","20220921080000","272","0","雲林縣","台西鄉","120.210","23.675","144"
"15","218386","20220921080000","165","0","雲林縣","台西鄉","120.225","23.680","30"
"64","218399","20220921080000","224","0","雲林縣","台西鄉","120.180","23.680","73"
"71","218413","20220921080000","179","0","雲林縣","台西鄉","120.210","23.665","91"
"57","219194","20220921080000","33","3","花蓮縣","豐濱鄉","121.555","23.695","48"
"320","222539","20220921080000","299","1","澎湖縣","白沙鄉","119.610","23.750","350"
"786","223474","20220921080000","538","2","花蓮縣","鳳林鎮","121.445","23.745","854"
"97","223481","20220921080000","50","3","花蓮縣","鳳林鎮","121.445","23.750","84"
"130","223503","20220921080000","124","1","花蓮縣","光復鄉","121.410","23.685","104"
"23","223515","20220921080000","11","3","花蓮縣","光復鄉","121.485","23.690","20"
"290","223610","20220921080000","273","1","雲林縣","二崙鄉","120.420","23.755","287"
"25","223616","20220921080000","43","0","雲林縣","二崙鄉","120.425","23.755","22"
"129","223971","20220921080000","89","2","花蓮縣","鳳林鎮","121.455","23.745","185"
"195","223986","20220921080000","175","1","花蓮縣","鳳林鎮","121.465","23.755","206"
"269","224005","20220921080000","228","1","花蓮縣","鳳林鎮","121.505","23.710","253"
"72","224077","20220921080000","47","3","花蓮縣","鳳林鎮","121.500","23.760","66"
"63","224149","20220921080000","48","2","花蓮縣","鳳林鎮","121.410","23.700","59"
"368","224179","20220921080000","446","0","花蓮縣","鳳林鎮","121.420","23.710","308"
"28","224210","20220921080000","24","1","花蓮縣","萬榮鄉","121.395","23.715","27"
"46","224212","20220921080000","70","0","花蓮縣","萬榮鄉","121.405","23.715","51"
"509","224231","20220921080000","317","3","花蓮縣","鳳林鎮","121.450","23.750","523"
"341","224245","20220921080000","254","2","花蓮縣","鳳林鎮","121.440","23.725","353"
"814","224262","20220921080000","950","0","花蓮縣","鳳林鎮","121.450","23.745","775"
"38","224270","20220921080000","355","0","雲林縣","土庫鎮","120.365","23.705","42"
"67","224272","20220921080000","232","0","雲林縣","土庫鎮","120.365","23.710","71"
"13","224301","20220921080000","68","0","雲林縣","二崙鄉","120.410","23.750","13"
"486","224303","20220921080000","393","2","雲林縣","二崙鄉","120.410","23.755","500"
"227","224441","20220921080000","99","3","花蓮縣","萬榮鄉","121.400","23.705","232"
"272","224591","20220921080000","215","2","花蓮縣","鳳林鎮","121.450","23.760","257"
"68","224688","20220921080000","40","3","花蓮縣","豐濱鄉","121.560","23.730","75"
"20","224707","20220921080000","115","0","雲林縣","二崙鄉","120.395","23.750","19"
"27","224725","20220921080000","52","0","雲林縣","元長鄉","120.330","23.690","22"
"264","224731","20220921080000","244","1","雲林縣","斗六市","120.565","23.730","255"
"878","224732","20220921080000","667","2","雲林縣","斗六市","120.555","23.735","955"
"12","224733","20220921080000","14","0","雲林縣","斗六市","120.560","23.735","17"
"408","224734","20220921080000","252","3","雲林縣","斗六市","120.565","23.735","415"
"388","224735","20220921080000","307","2","雲林縣","斗六市","120.550","23.740","370"
"50","224737","20220921080000","52","0","雲林縣","斗六市","120.560","23.740","50"
"218","224742","20220921080000","235","0","雲林縣","斗六市","120.560","23.745","217"
"39","224761","20220921080000","377","0","雲林縣","褒忠鄉","120.280","23.705","50"
"372","224763","20220921080000","189","3","雲林縣","東勢鄉","120.270","23.710","368"
"374","224805","20220921080000","176","3","雲林縣","東勢鄉","120.255","23.735","380"
"196","224806","20220921080000","169","1","雲林縣","斗南鎮","120.485","23.690","200"
"247","224834","20220921080000","179","2","南投縣","鹿谷鄉","120.795","23.690","231"
"21","224863","20220921080000","121","0","南投縣","鹿谷鄉","120.780","23.720","24"
"200","224872","20220921080000","161","2","南投縣","鹿谷鄉","120.745","23.760","264"
"141","224873","20220921080000","131","1","南投縣","鹿谷鄉","120.725","23.765","128"
"324","224875","20220921080000","357","0","南投縣","鹿谷鄉","120.735","23.765","323"
"350","224896","20220921080000","303","1","南投縣","鹿谷鄉","120.780","23.705","316"
"29","224917","20220921080000","126","0","雲林縣","土庫鎮","120.365","23.730","28"
"370","224920","20220921080000","293","2","雲林縣","土庫鎮","120.385","23.690","425"
"560","224923","20220921080000","295","3","雲林縣","土庫鎮","120.390","23.695","591"
"54","224936","20220921080000","252","0","南投縣","鹿谷鄉","120.770","23.730","48"
"284","224950","20220921080000","285","0","南投縣","鹿谷鄉","120.760","23.740","298"
"420","224951","20220921080000","363","1","南投縣","鹿谷鄉","120.765","23.740","379"
"186","224973","20220921080000","775","0","南投縣","鹿谷鄉","120.775","23.750","195"
"317","225062","20220921080000","338","0","南投縣","鹿谷鄉","120.755","23.725","388"
"35","225085","20220921080000","15","3","南投縣","鹿谷鄉","120.740","23.730","21"
"63","225138","20220921080000","83","0","南投縣","鹿谷鄉","120.820","23.720","55"
"403","225159","20220921080000","393","1","南投縣","鹿谷鄉","120.790","23.730","368"
"305","225192","20220921080000","318","0","南投縣","鹿谷鄉","120.755","23.745","302"
"691","225195","20220921080000","503","2","南投縣","鹿谷鄉","120.755","23.750","704"
"159","225196","20220921080000","143","1","南投縣","鹿谷鄉","120.745","23.755","170"
"1252","225206","20220921080000","862","2","雲林縣","麥寮鄉","120.185","23.760","1192"
"276","225208","20220921080000","268","1","雲林縣","麥寮鄉","120.175","23.765","262"
"651","225215","20220921080000","653","0","雲林縣","斗六市","120.575","23.725","626"
"244","225247","20220921080000","187","2","南投縣","信義鄉","120.850","23.695","245"
"255","225254","20220921080000","213","1","南投縣","信義鄉","120.885","23.695","275"
"35","225259","20220921080000","147","0","南投縣","信義鄉","120.850","23.700","33"
"237","225307","20220921080000","153","3","南投縣","信義鄉","120.850","23.685","219"
"135","225309","20220921080000","106","2","南投縣","信義鄉","120.850","23.690","134"
"406","225972","20220921080000","242","3","雲林縣","斗南鎮","120.500","23.690","331"
"63","225977","20220921080000","696","0","雲林縣","斗南鎮","120.480","23.700","1174"
"23","225978","20220921080000","297","0","雲林縣","斗南鎮","120.485","23.700","323"
"267","225980","20220921080000","346","0","雲林縣","斗南鎮","120.495","23.700","223"
"10","225985","20220921080000","14","0","雲林縣","斗南鎮","120.485","23.710","13"
"54","225991","20220921080000","291","0","雲林縣","斗六市","120.500","23.710","57"
"294","226020","20220921080000","154","3","南投縣","水里鄉","120.855","23.730","276"
"2696","226032","20220921080000","891","3","雲林縣","斗六市","120.535","23.700","2643"
"1103","226033","20220921080000","545","3","雲林縣","斗六市","120.540","23.705","1100"
"955","226034","20220921080000","815","1","雲林縣","斗六市","120.555","23.710","924"
"1296","226037","20220921080000","1216","1","雲林縣","斗六市","120.555","23.715","1368"
"2584","226039","20220921080000","1656","3","雲林縣","斗六市","120.525","23.695","2611"
"2029","226040","20220921080000","857","3","雲林縣","斗六市","120.530","23.695","2040"
"2914","226042","20220921080000","1369","3","雲林縣","斗六市","120.535","23.705","2895"
"219","226047","20220921080000","88","3","雲林縣","斗六市","120.560","23.725","191"
"677","226050","20220921080000","409","3","雲林縣","斗六市","120.530","23.730","494"
"78","226056","20220921080000","356","0","雲林縣","斗六市","120.530","23.735","77"
"33","226057","20220921080000","43","0","雲林縣","斗六市","120.535","23.735","31"
"201","226058","20220921080000","187","1","雲林縣","斗六市","120.540","23.735","188"
"460","226062","20220921080000","330","2","雲林縣","斗六市","120.540","23.740","443"
"39","226065","20220921080000","32","2","雲林縣","斗六市","120.505","23.690","34"
"29","226070","20220921080000","26","1","雲林縣","斗六市","120.505","23.700","32"
"222","226075","20220921080000","255","0","雲林縣","斗六市","120.510","23.705","212"
"1749","226079","20220921080000","692","3","雲林縣","斗六市","120.525","23.690","1705"
"518","226080","20220921080000","735","0","雲林縣","斗六市","120.530","23.690","506"
"1426","226081","20220921080000","570","3","雲林縣","斗六市","120.535","23.690","1396"
"1059","226083","20220921080000","790","2","雲林縣","斗六市","120.595","23.710","1099"
"14","226086","20220921080000","67","0","雲林縣","斗六市","120.590","23.715","16"
"743","226091","20220921080000","695","1","雲林縣","斗六市","120.595","23.715","737"
"45","226098","20220921080000","36","2","雲林縣","斗六市","120.625","23.695","53"
"240","226124","20220921080000","193","2","雲林縣","斗六市","120.600","23.715","234"
"12","226125","20220921080000","21","0","雲林縣","斗六市","120.610","23.715","19"
"14","226131","20220921080000","32","0","雲林縣","斗六市","120.605","23.715","16"
"3101","226137","20220921080000","1549","3","雲林縣","斗六市","120.540","23.700","3145"
"178","226143","20220921080000","182","0","雲林縣","斗六市","120.505","23.715","167"
"1067","226146","20220921080000","404","3","雲林縣","斗六市","120.525","23.715","629"
"789","226149","20220921080000","607","2","雲林縣","斗六市","120.505","23.720","739"
"130","226151","20220921080000","143","0","雲林縣","斗六市","120.515","23.720","154"
"1238","226153","20220921080000","610","3","雲林縣","斗六市","120.525","23.720","828"
"1536","226159","20220921080000","1056","2","雲林縣","斗六市","120.520","23.725","1261"
"174","226168","20220921080000","858","0","雲林縣","土庫鎮","120.355","23.705","175"
"30","226173","20220921080000","398","0","雲林縣","斗南鎮","120.475","23.690","20"
"311","226174","20220921080000","252","2","雲林縣","斗南鎮","120.480","23.690","251"
"365","226175","20220921080000","314","1","雲林縣","斗南鎮","120.465","23.695","346"
"21","226182","20220921080000","143","0","雲林縣","崙背鄉","120.345","23.755","14"
"61","226190","20220921080000","356","0","雲林縣","崙背鄉","120.305","23.755","60"
"333","226206","20220921080000","125","3","雲林縣","土庫鎮","120.345","23.695","359"
"58","226232","20220921080000","373","0","南投縣","水里鄉","120.845","23.745","66"
"13","226258","20220921080000","70","0","雲林縣","虎尾鎮","120.460","23.700","12"
"417","226259","20220921080000","310","2","雲林縣","虎尾鎮","120.445","23.705","418"
"359","226261","20220921080000","331","1","雲林縣","虎尾鎮","120.455","23.705","393"
"1087","226263","20220921080000","1027","1","雲林縣","虎尾鎮","120.450","23.710","1074"
"512","226265","20220921080000","379","2","雲林縣","虎尾鎮","120.445","23.710","566"
"268","226266","20220921080000","271","0","雲林縣","虎尾鎮","120.450","23.715","265"
"474","226267","20220921080000","205","3","雲林縣","虎尾鎮","120.415","23.715","322"
"386","226277","20220921080000","267","2","雲林縣","虎尾鎮","120.420","23.725","268"
"1065","226286","20220921080000","937","1","雲林縣","虎尾鎮","120.425","23.735","1023"
"440","226287","20220921080000","392","1","雲林縣","虎尾鎮","120.415","23.740","434"
"524","226291","20220921080000","489","1","雲林縣","斗六市","120.575","23.715","543"
"351","226293","20220921080000","445","0","雲林縣","斗六市","120.580","23.720","354"
"904","226294","20220921080000","950","0","雲林縣","斗六市","120.585","23.720","912"
"801","226298","20220921080000","847","0","雲林縣","斗六市","120.585","23.725","825"
"40","226299","20220921080000","172","0","雲林縣","斗六市","120.590","23.725","38"
"370","226302","20220921080000","269","2","雲林縣","斗六市","120.590","23.730","362"
"81","226669","20220921080000","444","0","雲林縣","崙背鄉","120.380","23.750","73"
"25","226674","20220921080000","115","0","雲林縣","崙背鄉","120.385","23.755","31"
"376","226678","20220921080000","162","3","雲林縣","崙背鄉","120.375","23.760","396"
"439","226684","20220921080000","285","3","雲林縣","斗六市","120.560","23.695","449"
"148","226686","20220921080000","93","3","雲林縣","斗六市","120.555","23.700","150"
"253","226687","20220921080000","145","3","雲林縣","斗六市","120.560","23.700","269"
"367","226689","20220921080000","231","3","雲林縣","斗六市","120.560","23.705","363"
"431","226695","20220921080000","543","0","雲林縣","斗六市","120.575","23.700","450"
"26","226701","20220921080000","253","0","雲林縣","斗六市","120.605","23.700","59"
"25","226707","20220921080000","17","2","雲林縣","斗六市","120.600","23.705","19"
"1176","226714","20220921080000","650","3","雲林縣","虎尾鎮","120.430","23.715","1124"
"339","226715","20220921080000","461","0","雲林縣","虎尾鎮","120.440","23.715","353"
"27","226718","20220921080000","58","0","雲林縣","斗六市","120.570","23.690","34"
"110","226726","20220921080000","60","3","雲林縣","古坑鄉","120.605","23.695","111"
"245","226731","20220921080000","225","1","雲林縣","虎尾鎮","120.400","23.715","279"
"59","226733","20220921080000","337","0","雲林縣","虎尾鎮","120.410","23.715","41"
"424","226737","20220921080000","382","1","雲林縣","虎尾鎮","120.445","23.715","395"
"107","226738","20220921080000","86","2","雲林縣","虎尾鎮","120.445","23.720","95"
"608","226739","20220921080000","455","2","雲林縣","虎尾鎮","120.450","23.720","604"
"510","226749","20220921080000","293","3","雲林縣","東勢鄉","120.250","23.715","507"
"779","226761","20220921080000","432","3","雲林縣","莿桐鄉","120.500","23.750","795"
"646","226763","20220921080000","274","3","雲林縣","莿桐鄉","120.510","23.750","624"
"100","226767","20220921080000","942","0","雲林縣","莿桐鄉","120.500","23.760","114"
"45","226768","20220921080000","364","0","雲林縣","莿桐鄉","120.505","23.760","50"
"29","226770","20220921080000","26","1","雲林縣","莿桐鄉","120.500","23.765","38"
"26","226788","20220921080000","221","0","雲林縣","虎尾鎮","120.405","23.700","34"
"387","226802","20220921080000","250","3","雲林縣","虎尾鎮","120.460","23.710","356"
"69","226804","20220921080000","79","0","雲林縣","虎尾鎮","120.470","23.710","69"
"731","226807","20220921080000","577","2","雲林縣","虎尾鎮","120.470","23.715","640"
"181","226810","20220921080000","140","2","雲林縣","虎尾鎮","120.460","23.715","205"
"50","226820","20220921080000","164","0","雲林縣","東勢鄉","120.245","23.690","65"
"29","226824","20220921080000","99","0","雲林縣","斗六市","120.600","23.725","27"
"279","226828","20220921080000","204","2","雲林縣","林內鄉","120.595","23.735","227"
"93","226841","20220921080000","661","0","雲林縣","林內鄉","120.595","23.750","76"
"44","226857","20220921080000","228","0","雲林縣","林內鄉","120.635","23.755","31"
"1454","226870","20220921080000","836","3","雲林縣","林內鄉","120.610","23.755","1321"
"32","226877","20220921080000","267","0","雲林縣","林內鄉","120.615","23.765","465"
"86","226880","20220921080000","427","0","雲林縣","林內鄉","120.620","23.765","88"
"33","226886","20220921080000","339","0","雲林縣","林內鄉","120.615","23.760","42"
"23","226903","20220921080000","60","0","雲林縣","林內鄉","120.620","23.745","23"
"14","226920","20220921080000","67","0","雲林縣","林內鄉","120.625","23.720","15"
"154","226924","20220921080000","126","2","雲林縣","林內鄉","120.610","23.725","160"
"73","226957","20220921080000","307","0","雲林縣","林內鄉","120.590","23.760","93"
"1489","226964","20220921080000","1889","0","雲林縣","斗六市","120.555","23.705","1474"
"1492","226965","20220921080000","927","3","雲林縣","斗六市","120.530","23.715","1684"
"667","226966","20220921080000","383","3","雲林縣","斗六市","120.535","23.710","652"
"1615","226967","20220921080000","1206","2","雲林縣","斗六市","120.535","23.715","1440"
"69","227221","20220921080000","31","3","雲林縣","斗六市","120.545","23.720","78"
"327","227224","20220921080000","200","3","雲林縣","斗六市","120.540","23.725","264"
"41","227240","20220921080000","153","0","雲林縣","東勢鄉","120.270","23.705","49"
"37","227244","20220921080000","184","0","雲林縣","東勢鄉","120.285","23.690","38"
"38","227262","20220921080000","225","0","雲林縣","東勢鄉","120.250","23.705","38"
"127","227268","20220921080000","73","3","雲林縣","西螺鎮","120.460","23.760","120"
"1640","227273","20220921080000","928","3","雲林縣","斗六市","120.545","23.715","1588"
"85","227274","20220921080000","80","1","雲林縣","斗六市","120.565","23.710","90"
"812","227276","20220921080000","732","1","雲林縣","斗六市","120.565","23.715","807"
"172","227279","20220921080000","191","0","雲林縣","斗六市","120.560","23.715","171"
"577","227280","20220921080000","561","1","雲林縣","斗六市","120.565","23.720","536"
"59","227287","20220921080000","345","0","雲林縣","土庫鎮","120.345","23.705","69"
"209","227301","20220921080000","125","3","雲林縣","斗六市","120.520","23.695","203"
"19","227302","20220921080000","35","0","雲林縣","斗六市","120.520","23.700","14"
"296","227303","20220921080000","336","0","雲林縣","斗六市","120.525","23.700","284"
"70","227306","20220921080000","1240","0","雲林縣","斗六市","120.530","23.705","64"
"29","227309","20220921080000","61","0","雲林縣","斗六市","120.525","23.710","31"
"30","227320","20220921080000","107","0","雲林縣","斗六市","120.565","23.695","28"
"1105","227328","20220921080000","1333","0","雲林縣","斗六市","120.540","23.710","1179"
"919","227329","20220921080000","736","2","雲林縣","斗六市","120.540","23.715","916"
"713","227330","20220921080000","753","0","雲林縣","斗六市","120.550","23.715","675"
"27","227339","20220921080000","262","0","雲林縣","斗六市","120.565","23.750","21"
"2600","227348","20220921080000","2390","1","雲林縣","斗六市","120.545","23.710","2616"
"785","227349","20220921080000","884","0","雲林縣","斗六市","120.540","23.690","791"
"307","227350","20220921080000","976","0","雲林縣","斗六市","120.550","23.710","274"
"83","227351","20220921080000","134","0","雲林縣","崙背鄉","120.360","23.755","66"
"100","227355","20220921080000","269","0","雲林縣","崙背鄉","120.370","23.755","103"
"847","227359","20220921080000","846","1","雲林縣","崙背鄉","120.350","23.760","860"
"167","227365","20220921080000","156","1","雲林縣","崙背鄉","120.330","23.750","162"
"601","227373","20220921080000","230","3","雲林縣","崙背鄉","120.315","23.755","587"
"26","227383","20220921080000","153","0","雲林縣","崙背鄉","120.335","23.760","27"
"181","227395","20220921080000","187","0","雲林縣","西螺鎮","120.435","23.755","162"
"148","227444","20220921080000","580","0","雲林縣","台西鄉","120.200","23.715","151"
"100","227446","20220921080000","53","3","雲林縣","台西鄉","120.210","23.715","90"
"224","227476","20220921080000","1275","0","雲林縣","台西鄉","120.200","23.700","226"
"342","227502","20220921080000","843","0","南投縣","竹山鎮","120.695","23.760","362"
"386","227503","20220921080000","462","0","南投縣","竹山鎮","120.685","23.765","364"
"46","227504","20220921080000","81","0","南投縣","竹山鎮","120.690","23.765","47"
"249","227505","20220921080000","222","1","南投縣","竹山鎮","120.695","23.765","263"
"36","227537","20220921080000","100","0","南投縣","竹山鎮","120.725","23.755","31"
"14","227540","20220921080000","53","0","南投縣","竹山鎮","120.710","23.760","13"
"136","227544","20220921080000","139","0","雲林縣","莿桐鄉","120.525","23.735","184"
"60","227559","20220921080000","417","0","雲林縣","莿桐鄉","120.505","23.730","66"
"29","227564","20220921080000","274","0","雲林縣","莿桐鄉","120.515","23.735","30"
"52","227570","20220921080000","365","0","雲林縣","莿桐鄉","120.515","23.740","51"
"17","227577","20220921080000","113","0","雲林縣","莿桐鄉","120.490","23.760","24"
"20","227580","20220921080000","38","0","雲林縣","虎尾鎮","120.435","23.715","20"
"359","227581","20220921080000","323","1","雲林縣","虎尾鎮","120.435","23.720","374"
"212","227585","20220921080000","130","3","雲林縣","虎尾鎮","120.435","23.735","236"
"426","227588","20220921080000","278","3","雲林縣","虎尾鎮","120.435","23.690","477"
"375","227593","20220921080000","360","1","雲林縣","虎尾鎮","120.435","23.695","389"
"73","227603","20220921080000","375","0","雲林縣","土庫鎮","120.375","23.705","77"
"338","227604","20220921080000","141","3","雲林縣","虎尾鎮","120.380","23.705","340"
"521","227632","20220921080000","253","3","雲林縣","褒忠鄉","120.340","23.735","514"
"666","227636","20220921080000","543","2","南投縣","竹山鎮","120.680","23.750","637"
"545","227637","20220921080000","485","1","南投縣","竹山鎮","120.675","23.755","567"
"2226","227638","20220921080000","1971","1","南投縣","竹山鎮","120.680","23.755","2122"
"49","227639","20220921080000","71","0","南投縣","竹山鎮","120.685","23.755","50"
"50","227640","20220921080000","569","0","雲林縣","虎尾鎮","120.420","23.700","52"
"272","227642","20220921080000","219","2","雲林縣","虎尾鎮","120.420","23.705","252"
"502","227645","20220921080000","479","1","雲林縣","虎尾鎮","120.420","23.710","507"
"2518","227647","20220921080000","2115","1","雲林縣","虎尾鎮","120.435","23.710","2488"
"224","227655","20220921080000","203","1","雲林縣","褒忠鄉","120.310","23.720","228"
"237","227684","20220921080000","229","1","雲林縣","虎尾鎮","120.405","23.725","241"
"342","227697","20220921080000","117","3","雲林縣","虎尾鎮","120.395","23.735","323"
"279","227698","20220921080000","254","1","雲林縣","虎尾鎮","120.400","23.735","301"
"387","227706","20220921080000","307","2","雲林縣","虎尾鎮","120.405","23.740","373"
"1244","227716","20220921080000","1030","2","雲林縣","虎尾鎮","120.430","23.705","1282"
"661","227717","20220921080000","516","2","雲林縣","虎尾鎮","120.435","23.705","690"
"230","227722","20220921080000","160","2","雲林縣","崙背鄉","120.345","23.750","243"
"162","227728","20220921080000","664","0","雲林縣","崙背鄉","120.350","23.750","173"
"31","227730","20220921080000","362","0","雲林縣","崙背鄉","120.350","23.755","32"
"113","227733","20220921080000","91","2","雲林縣","虎尾鎮","120.400","23.710","107"
"518","227738","20220921080000","476","1","雲林縣","虎尾鎮","120.430","23.710","533"
"43","227741","20220921080000","224","0","雲林縣","斗南鎮","120.485","23.720","36"
"13","227744","20220921080000","12","1","雲林縣","虎尾鎮","120.485","23.725","18"
"492","227745","20220921080000","261","3","雲林縣","虎尾鎮","120.490","23.725","466"
"209","227748","20220921080000","128","3","雲林縣","虎尾鎮","120.480","23.730","178"
"1125","227763","20220921080000","591","3","雲林縣","虎尾鎮","120.440","23.710","1107"
"40","227766","20220921080000","558","0","雲林縣","虎尾鎮","120.390","23.705","42"
"390","227798","20220921080000","620","0","南投縣","竹山鎮","120.710","23.765","397"
"545","227807","20220921080000","581","0","南投縣","竹山鎮","120.700","23.765","510"
"133","227808","20220921080000","155","0","南投縣","竹山鎮","120.705","23.765","140"
"362","227840","20220921080000","439","0","南投縣","竹山鎮","120.685","23.760","393"
"105","227842","20220921080000","589","0","南投縣","竹山鎮","120.675","23.760","105"
"218","227852","20220921080000","144","3","南投縣","竹山鎮","120.650","23.705","236"
"22","227871","20220921080000","83","0","南投縣","竹山鎮","120.655","23.720","18"
"495","227882","20220921080000","339","2","雲林縣","虎尾鎮","120.430","23.700","461"
"116","227894","20220921080000","588","0","雲林縣","虎尾鎮","120.460","23.725","124"
"44","227907","20220921080000","183","0","雲林縣","虎尾鎮","120.465","23.740","498"
"1460","227921","20220921080000","1812","0","雲林縣","褒忠鄉","120.315","23.695","1426"
"89","227938","20220921080000","82","1","南投縣","竹山鎮","120.715","23.695","106"
"22","227947","20220921080000","29","0","南投縣","竹山鎮","120.715","23.705","53"
"19","227979","20220921080000","36","0","南投縣","竹山鎮","120.700","23.705","14"
"69","228012","20220921080000","277","0","雲林縣","褒忠鄉","120.285","23.700","60"
"1207","228016","20220921080000","671","3","雲林縣","褒忠鄉","120.315","23.710","1209"
"222","228047","20220921080000","129","3","南投縣","竹山鎮","120.665","23.755","198"
"554","228051","20220921080000","482","1","南投縣","竹山鎮","120.665","23.760","502"
"707","228091","20220921080000","335","3","雲林縣","台西鄉","120.215","23.740","760"
"227","228138","20220921080000","255","0","雲林縣","崙背鄉","120.295","23.760","253"
"21","228142","20220921080000","251","0","雲林縣","虎尾鎮","120.440","23.720","27"
"779","228151","20220921080000","215","3","雲林縣","麥寮鄉","120.260","23.750","783"
"864","228157","20220921080000","403","3","雲林縣","麥寮鄉","120.255","23.760","808"
"1933","228161","20220921080000","1388","2","雲林縣","斗六市","120.545","23.705","1930"
"350","228162","20220921080000","370","0","雲林縣","斗六市","120.550","23.705","360"
"11","228176","20220921080000","315","0","南投縣","竹山鎮","120.665","23.740","11"
"153","228194","20220921080000","153","1","南投縣","竹山鎮","120.705","23.745","144"
"37","228199","20220921080000","23","3","南投縣","竹山鎮","120.700","23.750","47"
"478","228200","20220921080000","333","2","南投縣","竹山鎮","120.690","23.755","505"
"38","228205","20220921080000","51","0","南投縣","竹山鎮","120.680","23.745","38"
"178","228207","20220921080000","198","0","南投縣","竹山鎮","120.675","23.750","196"
"119","228209","20220921080000","499","0","雲林縣","台西鄉","120.210","23.720","108"
"1436","228228","20220921080000","707","3","雲林縣","台西鄉","120.220","23.720","1329"
"22","228231","20220921080000","19","1","雲林縣","台西鄉","120.215","23.700","22"
"103","228245","20220921080000","345","0","雲林縣","台西鄉","120.190","23.700","106"
"46","228266","20220921080000","156","0","雲林縣","麥寮鄉","120.260","23.745","44"
"463","228271","20220921080000","425","1","雲林縣","麥寮鄉","120.250","23.750","442"
"332","228272","20220921080000","1555","0","雲林縣","麥寮鄉","120.255","23.750","341"
"486","228274","20220921080000","254","3","雲林縣","麥寮鄉","120.265","23.750","534"
"64","228278","20220921080000","458","0","雲林縣","莿桐鄉","120.480","23.745","49"
"1186","228283","20220921080000","948","2","雲林縣","西螺鎮","120.465","23.755","1094"
"166","228312","20220921080000","799","0","雲林縣","麥寮鄉","120.240","23.750","197"
"191","228321","20220921080000","155","2","雲林縣","台西鄉","120.220","23.750","186"
"380","228335","20220921080000","282","2","雲林縣","虎尾鎮","120.420","23.690","348"
"331","228337","20220921080000","281","1","雲林縣","虎尾鎮","120.425","23.695","314"
"3062","228338","20220921080000","2190","2","雲林縣","虎尾鎮","120.425","23.700","3034"
"29","228340","20220921080000","602","0","雲林縣","虎尾鎮","120.425","23.710","25"
"26","228375","20220921080000","77","0","南投縣","竹山鎮","120.665","23.725","21"
"30","228395","20220921080000","91","0","南投縣","竹山鎮","120.690","23.725","32"
"209","228399","20220921080000","101","3","南投縣","竹山鎮","120.710","23.725","226"
"29","228402","20220921080000","144","0","南投縣","竹山鎮","120.690","23.730","23"
"129","228415","20220921080000","811","0","南投縣","竹山鎮","120.680","23.760","123"
"427","228711","20220921080000","394","1","雲林縣","麥寮鄉","120.170","23.770","415"
"425","230307","20220921080000","528","0","雲林縣","麥寮鄉","120.180","23.795","446"
"32","232186","20220921080000","17","3","花蓮縣","壽豐鄉","121.585","23.825","26"
"101","233034","20220921080000","78","2","花蓮縣","壽豐鄉","121.565","23.780","113"
"93","233104","20220921080000","52","3","花蓮縣","壽豐鄉","121.460","23.810","125"
"308","233119","20220921080000","205","3","花蓮縣","壽豐鄉","121.475","23.815","356"
"216","233140","20220921080000","154","2","花蓮縣","壽豐鄉","121.480","23.825","238"
"432","233238","20220921080000","485","0","花蓮縣","壽豐鄉","121.515","23.840","566"
"16","233277","20220921080000","15","1","花蓮縣","壽豐鄉","121.590","23.840","21"
"45","233282","20220921080000","98","0","雲林縣","二崙鄉","120.420","23.815","48"
"18","234003","20220921080000","14","2","花蓮縣","鳳林鎮","121.475","23.795","10"
"167","234014","20220921080000","163","1","花蓮縣","鳳林鎮","121.455","23.800","190"
"155","234015","20220921080000","107","2","花蓮縣","鳳林鎮","121.460","23.800","188"
"21","234031","20220921080000","18","1","花蓮縣","鳳林鎮","121.465","23.805","29"
"301","234042","20220921080000","232","2","花蓮縣","萬榮鄉","121.445","23.810","305"
"948","234074","20220921080000","1209","0","雲林縣","二崙鄉","120.415","23.770","970"
"16","234106","20220921080000","155","0","雲林縣","二崙鄉","120.410","23.815","28"
"57","234119","20220921080000","12","3","雲林縣","二崙鄉","120.415","23.795","64"
"64","234120","20220921080000","323","0","雲林縣","二崙鄉","120.420","23.795","63"
"552","234127","20220921080000","315","3","雲林縣","二崙鄉","120.385","23.795","526"
"370","234130","20220921080000","230","3","雲林縣","二崙鄉","120.380","23.800","379"
"463","234162","20220921080000","217","3","雲林縣","二崙鄉","120.395","23.820","462"
"217","234274","20220921080000","146","2","花蓮縣","鳳林鎮","121.460","23.780","245"
"85","234277","20220921080000","63","2","花蓮縣","鳳林鎮","121.460","23.785","113"
"69","234283","20220921080000","396","0","雲林縣","二崙鄉","120.410","23.805","63"
"20","234324","20220921080000","126","0","雲林縣","二崙鄉","120.395","23.765","23"
"34","234338","20220921080000","384","0","雲林縣","二崙鄉","120.365","23.805","39"
"168","234386","20220921080000","566","0","雲林縣","二崙鄉","120.395","23.790","167"
"1022","234401","20220921080000","475","3","雲林縣","西螺鎮","120.470","23.795","1045"
"281","234404","20220921080000","248","1","雲林縣","西螺鎮","120.470","23.800","273"
"308","234406","20220921080000","196","3","雲林縣","西螺鎮","120.480","23.800","297"
"1389","234413","20220921080000","553","3","雲林縣","西螺鎮","120.450","23.785","1341"
"411","234424","20220921080000","274","3","雲林縣","麥寮鄉","120.270","23.770","383"
"607","234432","20220921080000","358","3","雲林縣","麥寮鄉","120.265","23.780","617"
"150","234453","20220921080000","22","3","雲林縣","麥寮鄉","120.235","23.790","145"
"89","234454","20220921080000","409","0","雲林縣","麥寮鄉","120.240","23.790","105"
"1885","234481","20220921080000","1448","2","南投縣","水里鄉","120.855","23.815","1918"
"188","234482","20220921080000","112","3","南投縣","水里鄉","120.860","23.815","189"
"13","234513","20220921080000","244","0","雲林縣","西螺鎮","120.485","23.785","18"
"318","234539","20220921080000","199","3","雲林縣","西螺鎮","120.450","23.775","313"
"826","234540","20220921080000","296","3","雲林縣","西螺鎮","120.445","23.780","849"
"28","234570","20220921080000","27","1","南投縣","鹿谷鄉","120.740","23.775","32"
"305","234591","20220921080000","216","2","南投縣","水里鄉","120.845","23.820","328"
"186","234630","20220921080000","174","1","南投縣","水里鄉","120.930","23.795","198"
"101","234678","20220921080000","633","0","南投縣","水里鄉","120.850","23.815","89"
"233","234703","20220921080000","182","2","南投縣","水里鄉","120.845","23.775","212"
"425","234721","20220921080000","332","2","彰化縣","溪州鄉","120.515","23.815","412"
"207","234765","20220921080000","102","3","南投縣","鹿谷鄉","120.785","23.790","203"
"61","234826","20220921080000","42","2","南投縣","鹿谷鄉","120.785","23.765","48"
"57","234843","20220921080000","45","2","南投縣","鹿谷鄉","120.775","23.775","56"
"133","234859","20220921080000","76","3","南投縣","鹿谷鄉","120.775","23.785","161"
"346","234881","20220921080000","296","1","雲林縣","麥寮鄉","120.195","23.775","348"
"325","234888","20220921080000","219","2","雲林縣","麥寮鄉","120.180","23.785","443"
"158","234892","20220921080000","321","0","雲林縣","麥寮鄉","120.200","23.785","184"
"658","234900","20220921080000","761","0","雲林縣","麥寮鄉","120.205","23.790","608"
"1490","234906","20220921080000","771","3","雲林縣","麥寮鄉","120.260","23.790","1497"
"2963","234915","20220921080000","2114","2","雲林縣","麥寮鄉","120.220","23.795","2847"
"684","234934","20220921080000","315","3","雲林縣","麥寮鄉","120.230","23.795","685"
"1317","234937","20220921080000","593","3","雲林縣","麥寮鄉","120.245","23.795","1224"
"70","234945","20220921080000","35","3","雲林縣","麥寮鄉","120.190","23.800","78"
"291","234949","20220921080000","188","3","雲林縣","麥寮鄉","120.210","23.800","281"
"1639","234952","20220921080000","1575","1","雲林縣","麥寮鄉","120.225","23.800","1717"
"369","234961","20220921080000","196","3","雲林縣","麥寮鄉","120.270","23.800","330"
"273","234965","20220921080000","204","2","雲林縣","麥寮鄉","120.195","23.805","266"
"426","234967","20220921080000","488","0","雲林縣","麥寮鄉","120.205","23.805","435"
"736","234997","20220921080000","800","0","雲林縣","麥寮鄉","120.215","23.815","728"
"36","235214","20220921080000","19","3","南投縣","信義鄉","120.980","23.785","19"
"55","235228","20220921080000","219","0","雲林縣","崙背鄉","120.350","23.775","61"
"231","235235","20220921080000","103","3","雲林縣","崙背鄉","120.345","23.785","252"
"24","235239","20220921080000","273","0","雲林縣","崙背鄉","120.350","23.790","20"
"750","235274","20220921080000","614","2","南投縣","水里鄉","120.850","23.810","780"
"362","235297","20220921080000","286","2","彰化縣","溪州鄉","120.505","23.815","371"
"839","235309","20220921080000","748","1","彰化縣","溪州鄉","120.540","23.830","859"
"498","235350","20220921080000","391","2","彰化縣","溪州鄉","120.490","23.830","500"
"254","235352","20220921080000","237","1","彰化縣","溪州鄉","120.475","23.835","259"
"397","235362","20220921080000","318","2","彰化縣","溪州鄉","120.480","23.845","370"
"207","235370","20220921080000","204","1","彰化縣","溪州鄉","120.500","23.840","219"
"430","235385","20220921080000","302","2","雲林縣","崙背鄉","120.325","23.780","423"
"311","235405","20220921080000","191","3","南投縣","水里鄉","120.865","23.795","298"
"552","235409","20220921080000","565","0","南投縣","水里鄉","120.860","23.800","489"
"45","235459","20220921080000","342","0","南投縣","水里鄉","120.825","23.810","49"
"114","235505","20220921080000","60","3","南投縣","水里鄉","120.870","23.845","104"
"37","235509","20220921080000","328","0","南投縣","名間鄉","120.635","23.835","29"
"14","235515","20220921080000","437","0","南投縣","名間鄉","120.705","23.820","12"
"223","235521","20220921080000","203","1","南投縣","名間鄉","120.715","23.830","223"
"1242","235523","20220921080000","1068","1","南投縣","名間鄉","120.705","23.835","1204"
"198","235527","20220921080000","104","3","南投縣","名間鄉","120.725","23.835","200"
"23","235539","20220921080000","151","0","南投縣","名間鄉","120.665","23.820","21"
"434","235555","20220921080000","330","2","南投縣","集集鎮","120.795","23.825","397"
"69","235556","20220921080000","335","0","南投縣","集集鎮","120.795","23.830","68"
"44","235703","20220921080000","50","0","南投縣","信義鄉","120.915","23.785","37"
"194","235812","20220921080000","191","1","南投縣","信義鄉","120.940","23.795","201"
"28","236275","20220921080000","208","0","南投縣","名間鄉","120.660","23.835","19"
"315","236286","20220921080000","243","2","南投縣","名間鄉","120.655","23.845","315"
"66","236299","20220921080000","79","0","南投縣","名間鄉","120.695","23.810","69"
"110","236318","20220921080000","82","2","彰化縣","二水鄉","120.635","23.830","118"
"461","236322","20220921080000","375","2","南投縣","名間鄉","120.630","23.840","456"
"52","236329","20220921080000","208","0","彰化縣","溪州鄉","120.515","23.830","46"
"141","236334","20220921080000","87","3","彰化縣","溪州鄉","120.520","23.835","179"
"10","236347","20220921080000","36","0","彰化縣","溪州鄉","120.510","23.845","14"
"260","236374","20220921080000","173","3","彰化縣","溪州鄉","120.580","23.820","211"
"268","236389","20220921080000","256","1","彰化縣","溪州鄉","120.470","23.830","245"
"291","236394","20220921080000","318","0","南投縣","名間鄉","120.695","23.835","313"
"24","236405","20220921080000","560","0","南投縣","名間鄉","120.700","23.835","18"
"79","236406","20220921080000","40","3","彰化縣","二水鄉","120.650","23.810","78"
"20","236410","20220921080000","183","0","南投縣","名間鄉","120.645","23.820","25"
"178","236415","20220921080000","102","3","南投縣","名間鄉","120.655","23.830","199"
"620","236419","20220921080000","183","3","彰化縣","大城鄉","120.345","23.845","630"
"275","236421","20220921080000","207","2","彰化縣","大城鄉","120.300","23.840","278"
"411","236449","20220921080000","262","3","彰化縣","溪州鄉","120.565","23.815","406"
"285","236455","20220921080000","219","2","彰化縣","溪州鄉","120.560","23.830","278"
"35","236462","20220921080000","296","0","雲林縣","莿桐鄉","120.540","23.765","48"
"37","236463","20220921080000","241","0","雲林縣","莿桐鄉","120.530","23.770","385"
"136","236472","20220921080000","117","1","南投縣","名間鄉","120.640","23.845","137"
"374","236479","20220921080000","238","3","南投縣","名間鄉","120.690","23.845","386"
"351","236481","20220921080000","297","1","南投縣","名間鄉","120.700","23.845","370"
"102","236492","20220921080000","477","0","雲林縣","林內鄉","120.610","23.770","71"
"247","236494","20220921080000","162","3","雲林縣","林內鄉","120.610","23.775","253"
"98","236509","20220921080000","394","0","雲林縣","林內鄉","120.625","23.775","97"
"57","236557","20220921080000","299","0","南投縣","集集鎮","120.800","23.825","60"
"14","236563","20220921080000","142","0","南投縣","集集鎮","120.765","23.820","16"
"23","236573","20220921080000","90","0","南投縣","集集鎮","120.770","23.845","28"
"142","236578","20220921080000","273","0","南投縣","集集鎮","120.815","23.825","148"
"272","236593","20220921080000","984","0","南投縣","集集鎮","120.785","23.825","231"
"275","236635","20220921080000","210","2","彰化縣","大城鄉","120.350","23.835","270"
"365","236679","20220921080000","244","2","彰化縣","大城鄉","120.275","23.845","317"
"247","236695","20220921080000","180","2","南投縣","信義鄉","120.905","23.770","243"
"39","236721","20220921080000","374","0","彰化縣","二水鄉","120.615","23.810","41"
"1256","236741","20220921080000","273","3","雲林縣","莿桐鄉","120.500","23.780","1262"
"272","236758","20220921080000","122","3","彰化縣","二水鄉","120.630","23.830","271"
"216","236765","20220921080000","461","0","彰化縣","二水鄉","120.610","23.815","214"
"625","236771","20220921080000","316","3","彰化縣","二水鄉","120.635","23.795","562"
"16","236772","20220921080000","32","0","彰化縣","二水鄉","120.640","23.795","13"
"2749","236781","20220921080000","1316","3","雲林縣","西螺鎮","120.440","23.780","2769"
"308","236785","20220921080000","256","2","雲林縣","西螺鎮","120.430","23.790","327"
"653","236786","20220921080000","132","3","雲林縣","西螺鎮","120.435","23.790","620"
"12","236796","20220921080000","156","0","彰化縣","二水鄉","120.640","23.805","17"
"32","236801","20220921080000","295","0","彰化縣","二水鄉","120.605","23.825","29"
"223","236814","20220921080000","995","0","彰化縣","二水鄉","120.620","23.810","223"
"261","237024","20220921080000","343","0","雲林縣","莿桐鄉","120.515","23.775","223"
"465","237025","20220921080000","266","3","雲林縣","莿桐鄉","120.520","23.775","373"
"1250","237039","20220921080000","378","3","雲林縣","西螺鎮","120.435","23.800","1264"
"1138","237048","20220921080000","356","3","雲林縣","西螺鎮","120.440","23.810","1143"
"480","237053","20220921080000","277","3","雲林縣","西螺鎮","120.465","23.795","439"
"594","237054","20220921080000","1164","0","雲林縣","西螺鎮","120.465","23.800","1460"
"1458","237062","20220921080000","875","3","雲林縣","西螺鎮","120.475","23.785","1450"
"286","237066","20220921080000","106","3","雲林縣","西螺鎮","120.475","23.765","285"
"52","237068","20220921080000","438","0","雲林縣","西螺鎮","120.460","23.795","37"
"831","237069","20220921080000","1026","0","雲林縣","西螺鎮","120.460","23.800","832"
"1654","237075","20220921080000","587","3","雲林縣","西螺鎮","120.440","23.800","1686"
"362","237076","20220921080000","221","3","雲林縣","西螺鎮","120.455","23.790","374"
"133","237078","20220921080000","2076","0","雲林縣","西螺鎮","120.455","23.800","125"
"16","237081","20220921080000","110","0","彰化縣","二水鄉","120.635","23.810","14"
"15","237089","20220921080000","14","1","彰化縣","二水鄉","120.640","23.800","13"
"25","237103","20220921080000","255","0","彰化縣","二水鄉","120.630","23.800","31"
"69","237115","20220921080000","47","2","彰化縣","二水鄉","120.655","23.800","67"
"395","237141","20220921080000","289","2","雲林縣","崙背鄉","120.325","23.795","390"
"190","237147","20220921080000","119","3","雲林縣","崙背鄉","120.340","23.800","166"
"91","237182","20220921080000","96","0","雲林縣","崙背鄉","120.310","23.790","89"
"132","237186","20220921080000","140","0","雲林縣","崙背鄉","120.305","23.795","134"
"47","237187","20220921080000","42","1","雲林縣","崙背鄉","120.310","23.795","50"
"705","237189","20220921080000","321","3","雲林縣","麥寮鄉","120.295","23.800","894"
"77","237228","20220921080000","48","3","彰化縣","田中鎮","120.605","23.845","81"
"19","237236","20220921080000","25","0","彰化縣","溪州鄉","120.455","23.825","17"
"24","237241","20220921080000","209","0","彰化縣","竹塘鄉","120.445","23.835","24"
"82","237255","20220921080000","466","0","雲林縣","莿桐鄉","120.565","23.775","93"
"66","237256","20220921080000","178","0","雲林縣","莿桐鄉","120.570","23.775","64"
"296","237302","20220921080000","159","3","雲林縣","莿桐鄉","120.550","23.765","322"
"22","237358","20220921080000","179","0","南投縣","竹山鎮","120.680","23.770","24"
"113","237361","20220921080000","204","0","南投縣","竹山鎮","120.680","23.775","115"
"25","237386","20220921080000","204","0","南投縣","竹山鎮","120.650","23.770","27"
"333","237414","20220921080000","202","3","南投縣","竹山鎮","120.730","23.815","330"
"274","237424","20220921080000","301","0","南投縣","竹山鎮","120.715","23.765","311"
"80","237434","20220921080000","553","0","南投縣","竹山鎮","120.705","23.780","124"
"216","237436","20220921080000","193","1","南投縣","竹山鎮","120.715","23.780","265"
"25","237453","20220921080000","291","0","南投縣","竹山鎮","120.695","23.770","29"
"13","237489","20220921080000","162","0","彰化縣","竹塘鄉","120.400","23.845","21"
"50","237498","20220921080000","429","0","雲林縣","麥寮鄉","120.240","23.770","53"
"172","237499","20220921080000","86","3","雲林縣","麥寮鄉","120.245","23.770","179"
"34","237516","20220921080000","224","0","雲林縣","崙背鄉","120.355","23.765","30"
"146","237531","20220921080000","82","3","南投縣","竹山鎮","120.750","23.815","127"
"793","237559","20220921080000","580","2","南投縣","竹山鎮","120.715","23.800","735"
"124","237593","20220921080000","140","0","南投縣","魚池鄉","120.895","23.835","123"
"137","237595","20220921080000","205","0","南投縣","魚池鄉","120.905","23.835","148"
"396","237603","20220921080000","363","1","南投縣","竹山鎮","120.715","23.805","360"
"260","237607","20220921080000","139","3","南投縣","竹山鎮","120.730","23.810","264"
"346","237611","20220921080000","279","2","南投縣","竹山鎮","120.725","23.810","373"
"187","237614","20220921080000","367","0","南投縣","竹山鎮","120.720","23.815","212"
"15","237626","20220921080000","23","0","南投縣","魚池鄉","120.915","23.835","15"
"12","237638","20220921080000","13","0","南投縣","魚池鄉","120.915","23.845","14"
"90","237670","20220921080000","83","1","南投縣","魚池鄉","120.885","23.820","91"
"414","237685","20220921080000","352","1","雲林縣","麥寮鄉","120.290","23.765","413"
"294","237741","20220921080000","73","3","南投縣","集集鎮","120.760","23.830","300"
"37","237775","20220921080000","140","0","南投縣","集集鎮","120.750","23.840","39"
"76","237785","20220921080000","221","0","南投縣","集集鎮","120.745","23.830","58"
"40","237788","20220921080000","30","2","南投縣","集集鎮","120.740","23.835","44"
"57","237801","20220921080000","213","0","南投縣","集集鎮","120.780","23.825","44"
"273","237819","20220921080000","130","3","雲林縣","莿桐鄉","120.505","23.765","269"
"1286","237833","20220921080000","510","3","雲林縣","西螺鎮","120.480","23.770","1315"
"464","237848","20220921080000","294","3","雲林縣","麥寮鄉","120.290","23.795","423"
"1577","237860","20220921080000","1225","2","雲林縣","麥寮鄉","120.275","23.795","1481"
"450","237864","20220921080000","261","3","雲林縣","麥寮鄉","120.280","23.795","437"
"13","237872","20220921080000","115","0","彰化縣","田中鎮","120.560","23.845","18"
"192","237874","20220921080000","143","2","彰化縣","田中鎮","120.570","23.845","187"
"112","237878","20220921080000","89","2","彰化縣","田中鎮","120.580","23.840","149"
"280","237881","20220921080000","296","0","彰化縣","田中鎮","120.595","23.840","288"
"42","237884","20220921080000","418","0","彰化縣","田中鎮","120.595","23.845","49"
"237","237895","20220921080000","144","3","彰化縣","田中鎮","120.595","23.830","219"
"117","237900","20220921080000","336","0","雲林縣","莿桐鄉","120.535","23.775","97"
"62","240440","20220921080000","59","1","花蓮縣","壽豐鄉","121.605","23.885","77"
"215","242904","20220921080000","148","2","花蓮縣","秀林鄉","121.500","23.920","193"
"181","242957","20220921080000","121","2","花蓮縣","壽豐鄉","121.530","23.865","204"
"225","242963","20220921080000","178","2","花蓮縣","壽豐鄉","121.525","23.870","240"
"1038","242988","20220921080000","790","2","花蓮縣","壽豐鄉","121.510","23.870","1014"
"726","243010","20220921080000","578","2","花蓮縣","壽豐鄉","121.520","23.890","772"
"18","243014","20220921080000","69","0","花蓮縣","壽豐鄉","121.540","23.890","12"
"516","243023","20220921080000","500","1","花蓮縣","壽豐鄉","121.555","23.895","529"
"721","243053","20220921080000","658","1","花蓮縣","壽豐鄉","121.535","23.895","745"
"392","243054","20220921080000","358","1","花蓮縣","壽豐鄉","121.540","23.895","358"
"382","243055","20220921080000","369","1","花蓮縣","壽豐鄉","121.545","23.895","375"
"308","243057","20220921080000","282","1","花蓮縣","壽豐鄉","121.530","23.895","294"
"564","243065","20220921080000","523","1","花蓮縣","壽豐鄉","121.530","23.900","572"
"928","243069","20220921080000","859","1","花蓮縣","壽豐鄉","121.550","23.900","917"
"940","243073","20220921080000","978","0","花蓮縣","壽豐鄉","121.530","23.905","950"
"182","243089","20220921080000","131","2","花蓮縣","壽豐鄉","121.520","23.915","233"
"80","243103","20220921080000","49","3","花蓮縣","壽豐鄉","121.550","23.920","86"
"53","243143","20220921080000","50","1","花蓮縣","壽豐鄉","121.555","23.865","58"
"73","243149","20220921080000","84","0","花蓮縣","壽豐鄉","121.555","23.870","83"
"65","243164","20220921080000","63","1","花蓮縣","壽豐鄉","121.585","23.880","85"
"43","243184","20220921080000","66","0","花蓮縣","壽豐鄉","121.595","23.905","48"
"45","243230","20220921080000","101","0","花蓮縣","壽豐鄉","121.520","23.845","38"
"487","243249","20220921080000","452","1","花蓮縣","壽豐鄉","121.495","23.850","492"
"403","243255","20220921080000","404","0","花蓮縣","壽豐鄉","121.490","23.855","402"
"70","243262","20220921080000","88","0","花蓮縣","壽豐鄉","121.485","23.855","67"
"118","243315","20220921080000","78","3","花蓮縣","壽豐鄉","121.600","23.870","106"
"53","243324","20220921080000","29","3","花蓮縣","壽豐鄉","121.590","23.885","68"
"19","243336","20220921080000","20","0","花蓮縣","壽豐鄉","121.600","23.900","22"
"182","243338","20220921080000","245","0","花蓮縣","壽豐鄉","121.600","23.905","218"
"62","243339","20220921080000","45","2","花蓮縣","壽豐鄉","121.605","23.905","57"
"750","243392","20220921080000","762","0","彰化縣","二林鎮","120.360","23.895","787"
"1199","243393","20220921080000","878","2","彰化縣","二林鎮","120.370","23.900","1183"
"358","243406","20220921080000","285","2","彰化縣","二林鎮","120.390","23.865","371"
"127","243422","20220921080000","126","1","彰化縣","二林鎮","120.415","23.910","124"
"405","243424","20220921080000","346","1","彰化縣","二林鎮","120.425","23.910","372"
"389","243439","20220921080000","358","1","彰化縣","二林鎮","120.360","23.865","420"
"409","243447","20220921080000","292","2","彰化縣","二林鎮","120.360","23.880","390"
"489","243770","20220921080000","468","1","彰化縣","二林鎮","120.365","23.890","456"
"516","243772","20220921080000","698","0","彰化縣","二林鎮","120.370","23.895","553"
"671","243777","20220921080000","453","2","彰化縣","二林鎮","120.425","23.895","628"
"338","243783","20220921080000","358","0","彰化縣","二林鎮","120.365","23.900","308"
"437","243796","20220921080000","372","1","彰化縣","二林鎮","120.440","23.875","427"
"111","243827","20220921080000","96","1","南投縣","水里鄉","120.865","23.905","106"
"355","243861","20220921080000","104","3","彰化縣","大城鄉","120.325","23.860","355"
"1432","243867","20220921080000","1272","1","彰化縣","大城鄉","120.320","23.850","1357"
"282","243900","20220921080000","775","0","彰化縣","埤頭鄉","120.470","23.915","274"
"267","243909","20220921080000","156","3","彰化縣","埤頭鄉","120.460","23.925","306"
"89","243970","20220921080000","47","3","南投縣","中寮鄉","120.800","23.905","91"
"22","244008","20220921080000","141","0","南投縣","中寮鄉","120.805","23.925","22"
"311","244044","20220921080000","127","3","南投縣","中寮鄉","120.750","23.895","332"
"104","244051","20220921080000","66","3","南投縣","中寮鄉","120.765","23.900","100"
"10","244098","20220921080000","90","0","南投縣","中寮鄉","120.790","23.860","15"
"12","244101","20220921080000","57","0","南投縣","中寮鄉","120.805","23.860","12"
"680","244122","20220921080000","411","3","彰化縣","埤頭鄉","120.480","23.890","662"
"307","244129","20220921080000","260","1","彰化縣","埤頭鄉","120.460","23.860","329"
"44","244142","20220921080000","447","0","彰化縣","埤頭鄉","120.460","23.880","41"
"1456","244150","20220921080000","1124","2","彰化縣","埤頭鄉","120.465","23.890","1340"
"67","244159","20220921080000","321","0","南投縣","中寮鄉","120.760","23.880","67"
"212","244163","20220921080000","526","0","南投縣","中寮鄉","120.775","23.885","191"
"304","244211","20220921080000","234","2","南投縣","中寮鄉","120.735","23.895","305"
"92","244235","20220921080000","66","2","南投縣","中寮鄉","120.770","23.920","112"
"72","244247","20220921080000","269","0","南投縣","中寮鄉","120.830","23.860","72"
"148","244274","20220921080000","100","2","南投縣","中寮鄉","120.800","23.880","150"
"41","244326","20220921080000","564","0","南投縣","中寮鄉","120.710","23.895","42"
"69","244341","20220921080000","56","2","彰化縣","員林鎮","120.580","23.925","72"
"11","244360","20220921080000","39","0","南投縣","中寮鄉","120.795","23.905","15"
"13","244380","20220921080000","15","0","南投縣","中寮鄉","120.720","23.915","22"
"174","244392","20220921080000","115","3","南投縣","中寮鄉","120.725","23.925","201"
"986","244397","20220921080000","1034","0","彰化縣","二林鎮","120.375","23.895","1066"
"1165","244398","20220921080000","886","2","彰化縣","二林鎮","120.380","23.895","1059"
"252","244411","20220921080000","187","2","南投縣","南投市","120.695","23.915","226"
"308","244414","20220921080000","518","0","南投縣","南投市","120.695","23.920","303"
"498","244415","20220921080000","395","2","南投縣","南投市","120.700","23.920","507"
"22","244420","20220921080000","92","0","南投縣","南投市","120.640","23.925","21"
"2022","244422","20220921080000","1944","1","南投縣","南投市","120.690","23.905","1941"
"619","244426","20220921080000","608","1","彰化縣","永靖鄉","120.545","23.920","632"
"178","244429","20220921080000","297","0","彰化縣","永靖鄉","120.570","23.925","169"
"56","244451","20220921080000","54","1","南投縣","水里鄉","120.870","23.880","56"
"513","244465","20220921080000","473","1","彰化縣","溪州鄉","120.500","23.855","534"
"133","244468","20220921080000","150","0","彰化縣","溪州鄉","120.505","23.860","140"
"157","244477","20220921080000","122","2","南投縣","南投市","120.635","23.905","175"
"116","244478","20220921080000","379","0","南投縣","南投市","120.640","23.905","128"
"21","244480","20220921080000","16","2","南投縣","南投市","120.635","23.910","33"
"82","244488","20220921080000","43","3","彰化縣","社頭鄉","120.635","23.920","82"
"280","244490","20220921080000","284","0","南投縣","南投市","120.650","23.920","277"
"391","244492","20220921080000","498","0","彰化縣","永靖鄉","120.535","23.920","375"
"298","244498","20220921080000","301","0","彰化縣","永靖鄉","120.515","23.915","265"
"411","244499","20220921080000","295","2","彰化縣","永靖鄉","120.520","23.915","387"
"338","244512","20220921080000","422","0","彰化縣","永靖鄉","120.560","23.920","343"
"70","244516","20220921080000","325","0","彰化縣","永靖鄉","120.535","23.925","87"
"1332","244517","20220921080000","1723","0","彰化縣","永靖鄉","120.540","23.925","1330"
"207","244520","20220921080000","169","2","彰化縣","永靖鄉","120.560","23.910","245"
"24","244530","20220921080000","240","0","彰化縣","永靖鄉","120.545","23.910","27"
"113","244534","20220921080000","98","1","彰化縣","田尾鄉","120.530","23.910","106"
"41","244537","20220921080000","584","0","彰化縣","永靖鄉","120.550","23.920","43"
"26","244540","20220921080000","424","0","彰化縣","永靖鄉","120.550","23.925","29"
"54","244544","20220921080000","449","0","彰化縣","永靖鄉","120.505","23.920","53"
"597","244566","20220921080000","93","3","彰化縣","大城鄉","120.285","23.865","559"
"238","244576","20220921080000","44","3","彰化縣","大城鄉","120.290","23.870","229"
"655","244605","20220921080000","563","1","彰化縣","芳苑鄉","120.345","23.910","662"
"335","244612","20220921080000","322","1","彰化縣","芳苑鄉","120.350","23.920","356"
"28","244615","20220921080000","26","1","彰化縣","芳苑鄉","120.355","23.925","21"
"289","244624","20220921080000","108","3","彰化縣","芳苑鄉","120.315","23.895","284"
"21","244639","20220921080000","55","0","彰化縣","芳苑鄉","120.305","23.905","15"
"1730","244674","20220921080000","1302","2","南投縣","南投市","120.695","23.900","1631"
"153","244675","20220921080000","146","1","南投縣","南投市","120.685","23.925","113"
"63","244677","20220921080000","111","0","南投縣","南投市","120.695","23.925","82"
"232","244693","20220921080000","378","0","南投縣","南投市","120.680","23.895","221"
"1928","244695","20220921080000","1741","1","南投縣","南投市","120.685","23.900","1877"
"266","244696","20220921080000","254","1","南投縣","南投市","120.690","23.900","278"
"122","244697","20220921080000","101","2","彰化縣","溪州鄉","120.480","23.850","122"
"27","244698","20220921080000","421","0","彰化縣","溪州鄉","120.485","23.850","38"
"634","244700","20220921080000","588","1","彰化縣","溪州鄉","120.495","23.850","673"
"799","244706","20220921080000","925","0","南投縣","南投市","120.680","23.910","870"
"311","244716","20220921080000","291","1","南投縣","南投市","120.675","23.900","311"
"189","244717","20220921080000","185","1","南投縣","南投市","120.680","23.905","210"
"1593","244720","20220921080000","1167","2","南投縣","南投市","120.675","23.905","1519"
"16","244738","20220921080000","35","0","南投縣","埔里鎮","120.990","23.925","19"
"160","244739","20220921080000","130","2","南投縣","埔里鎮","120.995","23.925","163"
"96","244741","20220921080000","102","0","南投縣","仁愛鄉","121.010","23.925","101"
"500","244742","20220921080000","574","0","彰化縣","溪州鄉","120.495","23.855","458"
"87","244772","20220921080000","75","1","南投縣","水里鄉","120.865","23.855","92"
"203","244790","20220921080000","120","3","南投縣","名間鄉","120.675","23.870","189"
"337","244793","20220921080000","243","2","彰化縣","田中鎮","120.625","23.855","308"
"101","244800","20220921080000","66","3","南投縣","名間鄉","120.630","23.855","104"
"153","244806","20220921080000","94","3","南投縣","名間鄉","120.635","23.860","149"
"628","244815","20220921080000","528","1","南投縣","名間鄉","120.705","23.875","611"
"143","244846","20220921080000","82","3","南投縣","名間鄉","120.635","23.880","137"
"478","244854","20220921080000","267","3","南投縣","南投市","120.690","23.910","490"
"645","244855","20220921080000","577","1","南投縣","南投市","120.690","23.915","660"
"244","244860","20220921080000","410","0","南投縣","南投市","120.655","23.915","277"
"1019","244865","20220921080000","795","2","南投縣","南投市","120.665","23.920","1005"
"541","244867","20220921080000","601","0","南投縣","南投市","120.675","23.920","539"
"562","244868","20220921080000","629","0","南投縣","南投市","120.680","23.920","577"
"967","244869","20220921080000","724","2","南投縣","南投市","120.670","23.925","948"
"587","244870","20220921080000","533","1","南投縣","南投市","120.675","23.925","592"
"1230","244872","20220921080000","995","2","南投縣","南投市","120.685","23.910","1227"
"1956","244873","20220921080000","1974","0","南投縣","南投市","120.685","23.905","1975"
"207","244874","20220921080000","181","1","南投縣","南投市","120.705","23.900","191"
"306","244875","20220921080000","557","0","南投縣","南投市","120.710","23.900","327"
"112","244880","20220921080000","83","2","南投縣","南投市","120.695","23.905","113"
"476","244881","20220921080000","358","2","南投縣","南投市","120.700","23.905","484"
"339","244890","20220921080000","440","0","南投縣","南投市","120.705","23.915","344"
"811","244893","20220921080000","729","1","彰化縣","溪州鄉","120.495","23.865","849"
"766","244909","20220921080000","600","2","彰化縣","埤頭鄉","120.460","23.890","686"
"707","244910","20220921080000","609","1","彰化縣","埤頭鄉","120.455","23.895","630"
"68","244911","20220921080000","470","0","彰化縣","埤頭鄉","120.460","23.895","594"
"442","244918","20220921080000","357","2","彰化縣","埤頭鄉","120.495","23.885","478"
"820","244922","20220921080000","609","2","彰化縣","埤頭鄉","120.495","23.890","838"
"163","244924","20220921080000","145","1","彰化縣","埤頭鄉","120.480","23.895","159"
"362","244925","20220921080000","313","1","彰化縣","埤頭鄉","120.485","23.895","386"
"639","244953","20220921080000","540","1","彰化縣","北斗鎮","120.515","23.875","646"
"37","244955","20220921080000","273","0","彰化縣","北斗鎮","120.515","23.865","462"
"27","244956","20220921080000","335","0","彰化縣","北斗鎮","120.520","23.865","24"
"366","244958","20220921080000","723","0","彰化縣","北斗鎮","120.520","23.870","331"
"552","244960","20220921080000","393","2","彰化縣","埤頭鄉","120.460","23.850","547"
"32","244961","20220921080000","224","0","彰化縣","埤頭鄉","120.465","23.850","34"
"162","244972","20220921080000","199","0","南投縣","名間鄉","120.650","23.870","160"
"851","244974","20220921080000","560","3","南投縣","名間鄉","120.655","23.870","821"
"372","244987","20220921080000","376","0","南投縣","名間鄉","120.670","23.850","377"
"295","244993","20220921080000","289","1","南投縣","名間鄉","120.675","23.855","334"
"709","245005","20220921080000","583","2","南投縣","名間鄉","120.695","23.865","637"
"256","245007","20220921080000","242","1","南投縣","名間鄉","120.685","23.870","252"
"353","245016","20220921080000","206","3","南投縣","名間鄉","120.685","23.880","364"
"48","245017","20220921080000","345","0","南投縣","名間鄉","120.690","23.880","57"
"115","245037","20220921080000","128","0","南投縣","名間鄉","120.705","23.865","135"
"302","245042","20220921080000","276","1","彰化縣","溪州鄉","120.525","23.850","306"
"287","245076","20220921080000","35","3","彰化縣","大城鄉","120.295","23.885","282"
"13","245099","20220921080000","164","0","彰化縣","大城鄉","120.300","23.890","16"
"49","245150","20220921080000","211","0","彰化縣","大城鄉","120.295","23.855","47"
"166","245157","20220921080000","186","0","彰化縣","北斗鎮","120.530","23.855","176"
"979","245161","20220921080000","1036","0","彰化縣","北斗鎮","120.530","23.870","1024"
"230","245165","20220921080000","190","2","彰化縣","北斗鎮","120.545","23.870","227"
"514","245169","20220921080000","370","2","彰化縣","芳苑鄉","120.320","23.920","554"
"104","245184","20220921080000","58","3","南投縣","名間鄉","120.625","23.850","93"
"136","245191","20220921080000","127","1","南投縣","名間鄉","120.690","23.850","125"
"29","245192","20220921080000","222","0","南投縣","名間鄉","120.695","23.850","27"
"1063","245211","20220921080000","290","3","彰化縣","大城鄉","120.290","23.860","1082"
"155","245214","20220921080000","75","3","彰化縣","大城鄉","120.300","23.865","126"
"121","245216","20220921080000","51","3","彰化縣","大城鄉","120.300","23.870","131"
"516","245296","20220921080000","208","3","南投縣","南投市","120.635","23.895","534"
"10","245302","20220921080000","45","0","南投縣","南投市","120.655","23.900","10"
"1215","245305","20220921080000","885","2","南投縣","南投市","120.660","23.925","1230"
"39","245311","20220921080000","36","1","南投縣","南投市","120.670","23.905","39"
"22","245312","20220921080000","174","0","南投縣","南投市","120.665","23.910","29"
"259","245314","20220921080000","1019","0","南投縣","南投市","120.675","23.910","290"
"744","245316","20220921080000","1105","0","南投縣","南投市","120.680","23.915","727"
"2207","245320","20220921080000","1648","2","彰化縣","北斗鎮","120.520","23.880","2134"
"540","245325","20220921080000","430","2","彰化縣","北斗鎮","120.530","23.875","526"
"256","245329","20220921080000","196","2","彰化縣","北斗鎮","120.535","23.880","266"
"70","245332","20220921080000","604","0","彰化縣","北斗鎮","120.525","23.870","56"
"579","245335","20220921080000","134","3","彰化縣","大城鄉","120.310","23.875","594"
"354","245353","20220921080000","183","3","彰化縣","大城鄉","120.315","23.870","372"
"257","245376","20220921080000","207","2","彰化縣","北斗鎮","120.510","23.880","264"
"28","245379","20220921080000","254","0","彰化縣","田尾鄉","120.515","23.890","37"
"252","245489","20220921080000","256","0","南投縣","仁愛鄉","120.990","23.905","256"
"49","245503","20220921080000","34","2","南投縣","仁愛鄉","121.005","23.910","52"
"21","245515","20220921080000","15","2","南投縣","埔里鎮","121.010","23.920","17"
"39","245723","20220921080000","28","2","南投縣","仁愛鄉","121.025","23.910","44"
"288","245728","20220921080000","276","1","南投縣","仁愛鄉","121.050","23.910","334"
"37","245748","20220921080000","90","0","南投縣","仁愛鄉","121.030","23.920","21"
"10","246363","20220921080000","432","0","彰化縣","北斗鎮","120.525","23.880","148"
"214","246370","20220921080000","226","0","彰化縣","北斗鎮","120.555","23.855","203"
"957","246377","20220921080000","818","1","彰化縣","北斗鎮","120.550","23.865","987"
"333","246388","20220921080000","224","2","彰化縣","埤頭鄉","120.455","23.850","290"
"573","246394","20220921080000","241","3","彰化縣","二林鎮","120.410","23.920","591"
"15","246402","20220921080000","389","0","彰化縣","二林鎮","120.365","23.895","15"
"532","246404","20220921080000","432","2","彰化縣","二林鎮","120.405","23.895","498"
"143","246436","20220921080000","222","0","彰化縣","芳苑鄉","120.380","23.925","149"
"543","246446","20220921080000","407","2","彰化縣","芳苑鄉","120.330","23.895","557"
"229","246468","20220921080000","156","2","彰化縣","芳苑鄉","120.330","23.915","226"
"190","246471","20220921080000","128","2","彰化縣","芳苑鄉","120.335","23.920","184"
"1143","246472","20220921080000","1058","1","彰化縣","北斗鎮","120.525","23.875","1132"
"230","246476","20220921080000","168","2","彰化縣","北斗鎮","120.560","23.850","154"
"57","246477","20220921080000","71","0","彰化縣","北斗鎮","120.540","23.855","56"
"101","246480","20220921080000","84","2","彰化縣","北斗鎮","120.550","23.855","94"
"357","246488","20220921080000","250","2","彰化縣","北斗鎮","120.535","23.870","357"
"94","246493","20220921080000","94","1","彰化縣","二林鎮","120.395","23.890","96"
"33","246499","20220921080000","278","0","彰化縣","大城鄉","120.315","23.850","395"
"215","246518","20220921080000","276","0","南投縣","南投市","120.670","23.890","225"
"530","246522","20220921080000","488","1","南投縣","南投市","120.690","23.890","487"
"1014","246530","20220921080000","900","1","彰化縣","社頭鄉","120.605","23.915","1064"
"736","246531","20220921080000","364","3","彰化縣","田中鎮","120.585","23.875","681"
"75","246534","20220921080000","178","0","彰化縣","田中鎮","120.575","23.865","80"
"387","246537","20220921080000","315","2","彰化縣","田中鎮","120.575","23.875","386"
"94","246545","20220921080000","103","0","彰化縣","田尾鄉","120.510","23.905","105"
"469","246547","20220921080000","309","3","彰化縣","竹塘鄉","120.415","23.850","471"
"298","246558","20220921080000","406","0","彰化縣","田尾鄉","120.535","23.905","320"
"1739","246566","20220921080000","811","3","彰化縣","社頭鄉","120.580","23.895","1780"
"1399","246568","20220921080000","488","3","彰化縣","社頭鄉","120.580","23.900","1406"
"2133","246569","20220921080000","1100","3","彰化縣","社頭鄉","120.580","23.905","2111"
"27","246573","20220921080000","234","0","彰化縣","田尾鄉","120.525","23.885","30"
"162","246579","20220921080000","154","1","彰化縣","田尾鄉","120.535","23.890","166"
"597","246581","20220921080000","479","2","彰化縣","田尾鄉","120.535","23.895","587"
"706","246583","20220921080000","585","2","彰化縣","田尾鄉","120.530","23.900","723"
"20","246608","20220921080000","54","0","彰化縣","社頭鄉","120.620","23.925","21"
"1456","246615","20220921080000","1261","1","彰化縣","竹塘鄉","120.430","23.855","1403"
"524","246618","20220921080000","542","0","彰化縣","竹塘鄉","120.420","23.875","541"
"221","246630","20220921080000","165","2","彰化縣","竹塘鄉","120.375","23.850","237"
"2635","246654","20220921080000","782","3","彰化縣","社頭鄉","120.585","23.900","2638"
"1266","246659","20220921080000","447","3","彰化縣","社頭鄉","120.585","23.890","1264"
"370","246669","20220921080000","199","3","彰化縣","竹塘鄉","120.445","23.860","409"
"29","246687","20220921080000","25","1","南投縣","魚池鄉","120.905","23.850","27"
"570","246711","20220921080000","371","3","南投縣","魚池鄉","120.910","23.860","610"
"230","246720","20220921080000","188","2","南投縣","魚池鄉","120.900","23.865","300"
"163","246722","20220921080000","237","0","南投縣","魚池鄉","120.910","23.865","197"
"306","246735","20220921080000","226","2","南投縣","魚池鄉","120.925","23.870","312"
"333","246739","20220921080000","264","2","南投縣","魚池鄉","120.935","23.895","347"
"517","246741","20220921080000","394","2","南投縣","魚池鄉","120.935","23.900","477"
"501","246742","20220921080000","358","2","南投縣","魚池鄉","120.940","23.900","512"
"316","246747","20220921080000","260","2","彰化縣","芳苑鄉","120.350","23.900","286"
"275","246748","20220921080000","200","2","彰化縣","二林鎮","120.355","23.900","276"
"135","246749","20220921080000","136","0","彰化縣","芳苑鄉","120.360","23.900","162"
"58","246750","20220921080000","42","2","彰化縣","芳苑鄉","120.345","23.905","51"
"262","246758","20220921080000","208","2","彰化縣","芳苑鄉","120.355","23.920","248"
"334","246770","20220921080000","224","2","彰化縣","芳苑鄉","120.335","23.890","251"
"15","246777","20220921080000","23","0","南投縣","魚池鄉","120.925","23.875","12"
"256","246788","20220921080000","199","2","南投縣","魚池鄉","120.925","23.885","246"
"199","246822","20220921080000","108","3","南投縣","魚池鄉","120.905","23.880","189"
"16","246823","20220921080000","14","1","南投縣","魚池鄉","120.875","23.885","16"
"17","246824","20220921080000","93","0","南投縣","魚池鄉","120.880","23.885","13"
"40","246826","20220921080000","61","0","南投縣","魚池鄉","120.890","23.885","34"
"12","246832","20220921080000","16","0","南投縣","魚池鄉","120.880","23.890","16"
"16","246857","20220921080000","15","1","南投縣","魚池鄉","120.890","23.905","12"
"25","246858","20220921080000","28","0","南投縣","魚池鄉","120.895","23.905","20"
"17","246870","20220921080000","21","0","南投縣","魚池鄉","120.890","23.910","16"
"127","246893","20220921080000","112","1","南投縣","魚池鄉","120.955","23.900","112"
"235","246906","20220921080000","202","1","南投縣","魚池鄉","120.955","23.910","260"
"118","246920","20220921080000","126","0","南投縣","魚池鄉","120.965","23.915","125"
"78","246922","20220921080000","105","0","南投縣","魚池鄉","120.965","23.920","89"
"28","246930","20220921080000","23","2","南投縣","魚池鄉","120.950","23.865","44"
"88","246935","20220921080000","89","0","南投縣","魚池鄉","120.945","23.870","91"
"63","246941","20220921080000","35","3","南投縣","魚池鄉","120.950","23.875","48"
"11","246945","20220921080000","160","0","南投縣","魚池鄉","120.950","23.880","11"
"23","246955","20220921080000","319","0","南投縣","魚池鄉","120.905","23.905","28"
"378","246964","20220921080000","322","1","南投縣","魚池鄉","120.920","23.910","383"
"46","246970","20220921080000","34","2","南投縣","魚池鄉","120.920","23.915","33"
"248","246989","20220921080000","240","1","南投縣","魚池鄉","120.925","23.910","228"
"175","247005","20220921080000","134","2","南投縣","魚池鄉","120.945","23.925","175"
"644","247013","20220921080000","529","2","南投縣","魚池鄉","120.930","23.850","660"
"53","247024","20220921080000","47","1","南投縣","魚池鄉","120.935","23.855","10"
"384","247088","20220921080000","388","0","南投縣","魚池鄉","120.965","23.890","390"
"51","247100","20220921080000","322","0","南投縣","魚池鄉","120.940","23.895","29"
"16","247101","20220921080000","18","0","南投縣","魚池鄉","120.945","23.895","10"
"59","247117","20220921080000","34","3","彰化縣","竹塘鄉","120.400","23.860","59"
"176","247119","20220921080000","143","2","彰化縣","竹塘鄉","120.410","23.860","169"
"29","247152","20220921080000","20","2","彰化縣","田中鎮","120.570","23.870","30"
"834","247156","20220921080000","748","1","彰化縣","社頭鄉","120.595","23.900","853"
"56","247158","20220921080000","171","0","彰化縣","田尾鄉","120.550","23.890","36"
"85","247160","20220921080000","80","1","彰化縣","田尾鄉","120.555","23.895","84"
"13","247163","20220921080000","260","0","彰化縣","田尾鄉","120.560","23.900","11"
"538","247166","20220921080000","533","1","彰化縣","田尾鄉","120.525","23.905","555"
"35","247170","20220921080000","13","3","彰化縣","田尾鄉","120.520","23.890","32"
"697","247187","20220921080000","761","0","彰化縣","田尾鄉","120.500","23.920","666"
"73","247189","20220921080000","574","0","彰化縣","溪湖鎮","120.475","23.925","74"
"2580","247194","20220921080000","499","3","彰化縣","社頭鄉","120.585","23.895","2548"
"227","247207","20220921080000","213","1","彰化縣","社頭鄉","120.605","23.895","238"
"44","247218","20220921080000","172","0","彰化縣","田尾鄉","120.540","23.885","25"
"331","247222","20220921080000","654","0","彰化縣","田中鎮","120.585","23.865","351"
"317","247224","20220921080000","291","1","彰化縣","田中鎮","120.585","23.850","300"
"31","247227","20220921080000","568","0","彰化縣","田中鎮","120.600","23.855","27"
"1123","247235","20220921080000","990","1","彰化縣","田中鎮","120.590","23.855","1103"
"45","247238","20220921080000","68","0","彰化縣","田尾鄉","120.530","23.895","53"
"229","247244","20220921080000","169","2","彰化縣","北斗鎮","120.545","23.880","221"
"31","247248","20220921080000","42","0","彰化縣","田尾鄉","120.550","23.885","26"
"318","247250","20220921080000","239","2","彰化縣","田尾鄉","120.560","23.890","312"
"98","247251","20220921080000","101","0","彰化縣","田尾鄉","120.565","23.890","110"
"27","247253","20220921080000","288","0","彰化縣","田尾鄉","120.535","23.900","27"
"60","247259","20220921080000","699","0","彰化縣","田尾鄉","120.550","23.900","79"
"556","247268","20220921080000","442","2","彰化縣","社頭鄉","120.585","23.920","490"
"62","247277","20220921080000","60","1","彰化縣","社頭鄉","120.615","23.885","51"
"435","247283","20220921080000","330","2","彰化縣","社頭鄉","120.610","23.890","448"
"14","247286","20220921080000","15","0","彰化縣","社頭鄉","120.570","23.910","15"
"23","247288","20220921080000","49","0","彰化縣","永靖鄉","120.575","23.915","32"
"45","247290","20220921080000","35","2","彰化縣","永靖鄉","120.575","23.920","50"
"30","247291","20220921080000","278","0","彰化縣","社頭鄉","120.595","23.920","21"
"28","247293","20220921080000","248","0","彰化縣","社頭鄉","120.605","23.920","19"
"707","247305","20220921080000","742","0","彰化縣","北斗鎮","120.570","23.850","716"
"294","247308","20220921080000","239","2","彰化縣","田中鎮","120.575","23.855","283"
"1086","247312","20220921080000","1172","0","彰化縣","田中鎮","120.605","23.855","1100"
"523","247316","20220921080000","1025","0","彰化縣","田中鎮","120.580","23.860","501"
"412","247328","20220921080000","331","2","彰化縣","社頭鄉","120.575","23.900","418"
"338","247336","20220921080000","279","2","彰化縣","社頭鄉","120.610","23.905","309"
"33","247347","20220921080000","20","3","彰化縣","社頭鄉","120.630","23.905","32"
"494","247352","20220921080000","499","0","彰化縣","田中鎮","120.560","23.865","476"
"103","247353","20220921080000","139","0","彰化縣","田中鎮","120.565","23.865","115"
"500","247359","20220921080000","366","2","彰化縣","田中鎮","120.590","23.865","419"
"511","247361","20220921080000","491","1","彰化縣","田中鎮","120.585","23.870","494"
"435","247365","20220921080000","441","0","彰化縣","田中鎮","120.585","23.860","414"
"223","247366","20220921080000","200","1","彰化縣","田中鎮","120.570","23.875","232"
"10","247367","20220921080000","218","0","彰化縣","田中鎮","120.560","23.880","11"
"269","247377","20220921080000","225","1","彰化縣","田中鎮","120.605","23.870","263"
"121","247383","20220921080000","119","1","彰化縣","田中鎮","120.605","23.875","126"
"268","247399","20220921080000","198","2","彰化縣","田中鎮","120.595","23.855","230"
"73","247400","20220921080000","210","0","彰化縣","田中鎮","120.590","23.860","61"
"588","247403","20220921080000","248","3","彰化縣","社頭鄉","120.590","23.900","578"
"888","247409","20220921080000","230","3","彰化縣","社頭鄉","120.585","23.885","901"
"36","247637","20220921080000","36","1","花蓮縣","壽豐鄉","121.610","23.920","40"
"194","252412","20220921080000","149","2","花蓮縣","花蓮市","121.640","23.995","228"
"53","252926","20220921080000","33","3","臺中市","霧峰區","120.705","24.010","52"
"171","253141","20220921080000","126","2","花蓮縣","秀林鄉","121.505","23.945","207"
"189","253374","20220921080000","199","0","花蓮縣","秀林鄉","121.555","24.005","220"
"317","253376","20220921080000","295","1","花蓮縣","新城鄉","121.615","24.005","361"
"204","253382","20220921080000","229","0","花蓮縣","吉安鄉","121.580","23.925","227"
"394","253393","20220921080000","337","1","花蓮縣","吉安鄉","121.585","23.930","385"
"302","253400","20220921080000","146","3","花蓮縣","吉安鄉","121.580","23.935","272"
"746","253410","20220921080000","640","1","花蓮縣","吉安鄉","121.595","23.940","840"
"567","253413","20220921080000","504","1","花蓮縣","吉安鄉","121.575","23.945","612"
"1224","253414","20220921080000","903","2","花蓮縣","吉安鄉","121.585","23.975","1194"
"225","253433","20220921080000","215","1","花蓮縣","吉安鄉","121.550","23.945","227"
"160","253436","20220921080000","123","2","花蓮縣","吉安鄉","121.525","23.945","165"
"13","253450","20220921080000","29","0","花蓮縣","吉安鄉","121.580","23.950","39"
"1153","253452","20220921080000","996","1","花蓮縣","吉安鄉","121.590","23.950","1193"
"570","253454","20220921080000","559","1","花蓮縣","吉安鄉","121.590","23.955","585"
"388","253457","20220921080000","358","1","花蓮縣","吉安鄉","121.590","23.945","398"
"482","253463","20220921080000","377","2","花蓮縣","吉安鄉","121.600","23.945","510"
"830","253470","20220921080000","1338","0","花蓮縣","吉安鄉","121.590","23.965","826"
"928","253471","20220921080000","523","3","花蓮縣","吉安鄉","121.590","23.970","887"
"2604","253472","20220921080000","2216","1","花蓮縣","花蓮市","121.590","23.975","2541"
"981","253475","20220921080000","957","1","花蓮縣","吉安鄉","121.590","23.980","1009"
"603","253477","20220921080000","599","1","花蓮縣","吉安鄉","121.585","23.985","585"
"265","253478","20220921080000","244","1","花蓮縣","吉安鄉","121.585","23.980","294"
"977","253479","20220921080000","804","2","花蓮縣","花蓮市","121.600","23.985","937"
"402","253480","20220921080000","411","0","花蓮縣","吉安鄉","121.580","23.985","436"
"589","253481","20220921080000","529","1","花蓮縣","吉安鄉","121.585","23.990","547"
"2157","253482","20220921080000","1705","2","花蓮縣","花蓮市","121.595","23.990","2155"
"1623","253484","20220921080000","1065","3","花蓮縣","吉安鄉","121.580","23.970","1590"
"649","253485","20220921080000","596","1","花蓮縣","吉安鄉","121.585","23.970","630"
"93","253506","20220921080000","151","0","花蓮縣","吉安鄉","121.570","23.965","86"
"482","253507","20220921080000","306","3","花蓮縣","吉安鄉","121.575","23.965","436"
"467","253508","20220921080000","338","2","花蓮縣","吉安鄉","121.565","23.970","452"
"51","253517","20220921080000","137","0","花蓮縣","吉安鄉","121.560","23.975","109"
"1214","253520","20220921080000","974","2","花蓮縣","吉安鄉","121.580","23.975","1205"
"584","253542","20220921080000","463","2","花蓮縣","吉安鄉","121.555","23.990","571"
"95","253545","20220921080000","128","0","花蓮縣","吉安鄉","121.570","23.990","91"
"26","253550","20220921080000","25","1","花蓮縣","吉安鄉","121.555","23.995","25"
"350","253552","20220921080000","280","2","花蓮縣","吉安鄉","121.570","23.975","344"
"763","253554","20220921080000","390","3","花蓮縣","吉安鄉","121.565","23.980","713"
"1216","253555","20220921080000","918","2","花蓮縣","吉安鄉","121.570","23.980","1204"
"406","253556","20220921080000","376","1","花蓮縣","吉安鄉","121.575","23.980","422"
"35","253557","20220921080000","44","0","花蓮縣","吉安鄉","121.555","23.985","30"
"502","253559","20220921080000","318","3","花蓮縣","吉安鄉","121.565","23.985","484"
"328","253561","20220921080000","206","3","花蓮縣","吉安鄉","121.605","23.955","293"
"569","253562","20220921080000","410","2","花蓮縣","吉安鄉","121.595","23.960","602"
"386","253563","20220921080000","362","1","花蓮縣","吉安鄉","121.600","23.960","393"
"1451","253565","20220921080000","1541","0","花蓮縣","吉安鄉","121.595","23.965","1437"
"417","253569","20220921080000","485","0","花蓮縣","吉安鄉","121.575","23.985","417"
"376","253575","20220921080000","264","2","花蓮縣","吉安鄉","121.570","23.940","350"
"601","253584","20220921080000","557","1","花蓮縣","吉安鄉","121.560","23.950","580"
"726","253594","20220921080000","706","1","花蓮縣","吉安鄉","121.550","23.965","748"
"743","253596","20220921080000","654","1","花蓮縣","吉安鄉","121.560","23.965","728"
"1103","253597","20220921080000","559","3","花蓮縣","吉安鄉","121.565","23.965","998"
"416","253603","20220921080000","287","2","花蓮縣","吉安鄉","121.560","23.970","423"
"421","253608","20220921080000","256","3","花蓮縣","吉安鄉","121.580","23.955","408"
"766","253609","20220921080000","738","1","花蓮縣","吉安鄉","121.570","23.960","798"
"381","253611","20220921080000","413","0","花蓮縣","吉安鄉","121.580","23.960","441"
"340","253627","20220921080000","335","1","花蓮縣","吉安鄉","121.535","23.930","353"
"10","253641","20220921080000","18","0","花蓮縣","壽豐鄉","121.605","23.925","10"
"714","253648","20220921080000","615","1","花蓮縣","花蓮市","121.625","23.985","748"
"1170","253649","20220921080000","1372","0","花蓮縣","花蓮市","121.620","24.005","1113"
"64","253650","20220921080000","55","1","彰化縣","二林鎮","120.420","23.955","74"
"73","253656","20220921080000","68","1","彰化縣","二林鎮","120.415","23.965","80"
"93","253670","20220921080000","330","0","彰化縣","二林鎮","120.440","23.930","90"
"1883","253672","20220921080000","1590","1","彰化縣","員林鎮","120.580","23.955","1866"
"575","253673","20220921080000","534","1","彰化縣","員林鎮","120.585","23.955","562"
"431","253675","20220921080000","834","0","彰化縣","員林鎮","120.565","23.950","454"
"404","253677","20220921080000","387","1","彰化縣","埔心鄉","120.560","23.940","424"
"817","253681","20220921080000","747","1","彰化縣","員林鎮","120.565","23.945","798"
"63","253686","20220921080000","63","1","彰化縣","員林鎮","120.610","23.980","75"
"1914","253688","20220921080000","1804","1","彰化縣","員林鎮","120.570","23.960","1923"
"2964","253689","20220921080000","3104","0","彰化縣","員林鎮","120.570","23.955","2991"
"180","253764","20220921080000","163","1","花蓮縣","秀林鄉","121.505","23.960","170"
"154","253789","20220921080000","92","3","花蓮縣","秀林鄉","121.495","23.965","173"
"1598","254233","20220921080000","2076","0","花蓮縣","花蓮市","121.605","23.975","1647"
"2886","254234","20220921080000","2521","1","花蓮縣","花蓮市","121.600","23.975","2898"
"1735","254236","20220921080000","1581","1","花蓮縣","花蓮市","121.625","23.990","1765"
"1449","254237","20220921080000","1329","1","花蓮縣","花蓮市","121.630","23.985","1472"
"1448","254238","20220921080000","1294","1","花蓮縣","花蓮市","121.630","23.990","1365"
"2136","254240","20220921080000","2165","0","花蓮縣","花蓮市","121.635","23.995","2194"
"85","254242","20220921080000","41","3","南投縣","國姓鄉","120.880","23.970","54"
"30","254247","20220921080000","258","0","南投縣","國姓鄉","120.875","23.975","37"
"277","254260","20220921080000","211","2","南投縣","國姓鄉","120.870","23.985","256"
"104","254328","20220921080000","49","3","南投縣","國姓鄉","120.830","23.945","95"
"78","254335","20220921080000","38","3","南投縣","國姓鄉","120.865","23.945","74"
"11","254346","20220921080000","73","0","南投縣","國姓鄉","120.865","23.950","10"
"33","254349","20220921080000","33","1","南投縣","中寮鄉","120.830","23.955","28"
"43","254374","20220921080000","24","3","南投縣","國姓鄉","120.860","23.960","33"
"85","254379","20220921080000","30","3","南投縣","中寮鄉","120.835","23.965","78"
"222","254397","20220921080000","147","3","南投縣","國姓鄉","120.865","23.975","216"
"931","254400","20220921080000","593","3","南投縣","埔里鎮","120.970","23.955","907"
"89","254401","20220921080000","422","0","南投縣","埔里鎮","120.990","23.945","757"
"1324","254411","20220921080000","2126","0","南投縣","埔里鎮","120.975","23.955","1482"
"2106","254415","20220921080000","1520","2","南投縣","埔里鎮","120.975","23.960","2173"
"192","254447","20220921080000","156","2","南投縣","埔里鎮","120.925","23.940","160"
"37","254450","20220921080000","41","0","南投縣","埔里鎮","120.940","23.940","35"
"417","254465","20220921080000","360","1","南投縣","埔里鎮","120.915","23.950","400"
"711","254467","20220921080000","669","1","南投縣","埔里鎮","120.925","23.950","738"
"380","254470","20220921080000","282","2","南投縣","埔里鎮","120.940","23.950","375"
"195","254481","20220921080000","164","1","南投縣","埔里鎮","120.915","23.955","238"
"12","254499","20220921080000","64","0","南投縣","埔里鎮","120.995","23.940","53"
"47","254504","20220921080000","379","0","南投縣","埔里鎮","120.970","23.945","44"
"47","254506","20220921080000","288","0","南投縣","埔里鎮","120.980","23.945","50"
"722","254510","20220921080000","404","3","南投縣","埔里鎮","120.965","23.950","722"
"512","254512","20220921080000","459","1","南投縣","埔里鎮","120.975","23.950","442"
"2069","254517","20220921080000","1806","1","南投縣","埔里鎮","120.970","23.970","2048"
"285","254519","20220921080000","178","3","南投縣","埔里鎮","120.975","23.975","287"
"28","254520","20220921080000","102","0","南投縣","埔里鎮","120.970","23.980","42"
"247","254538","20220921080000","131","3","南投縣","中寮鄉","120.790","23.945","235"
"26","254548","20220921080000","13","3","南投縣","中寮鄉","120.790","23.955","20"
"630","254550","20220921080000","1441","0","南投縣","埔里鎮","120.970","23.965","576"
"295","254560","20220921080000","263","1","南投縣","埔里鎮","120.945","23.960","290"
"28","254571","20220921080000","189","0","南投縣","埔里鎮","120.930","23.970","25"
"474","254589","20220921080000","377","2","南投縣","埔里鎮","120.955","24.005","381"
"894","254592","20220921080000","849","1","南投縣","埔里鎮","120.965","23.955","861"
"31","254599","20220921080000","31","1","南投縣","埔里鎮","120.915","23.990","26"
"777","254621","20220921080000","473","3","南投縣","埔里鎮","120.960","23.960","772"
"129","254622","20220921080000","130","0","南投縣","埔里鎮","120.965","23.960","144"
"53","254624","20220921080000","1050","0","南投縣","埔里鎮","120.955","23.965","56"
"71","254627","20220921080000","680","0","南投縣","埔里鎮","120.960","23.970","73"
"662","254629","20220921080000","596","1","南投縣","埔里鎮","120.955","23.975","666"
"675","254633","20220921080000","720","0","南投縣","埔里鎮","120.980","23.980","670"
"30","254641","20220921080000","217","0","南投縣","埔里鎮","120.955","23.955","29"
"392","254658","20220921080000","338","1","南投縣","埔里鎮","120.980","23.990","409"
"18","254675","20220921080000","182","0","南投縣","埔里鎮","120.960","24.000","232"
"39","254680","20220921080000","29","2","南投縣","埔里鎮","120.985","24.000","40"
"370","254705","20220921080000","321","1","南投縣","埔里鎮","120.970","24.005","342"
"173","254706","20220921080000","166","1","南投縣","埔里鎮","120.975","24.005","174"
"729","254712","20220921080000","728","1","花蓮縣","花蓮市","121.610","23.970","727"
"1452","254713","20220921080000","1079","2","花蓮縣","花蓮市","121.600","23.965","1479"
"720","254714","20220921080000","699","1","花蓮縣","花蓮市","121.610","23.985","732"
"1442","254716","20220921080000","1545","0","花蓮縣","花蓮市","121.605","23.980","1416"
"1339","254717","20220921080000","1108","2","花蓮縣","花蓮市","121.600","23.980","1265"
"864","254719","20220921080000","1078","0","花蓮縣","花蓮市","121.605","23.985","855"
"32","254721","20220921080000","93","0","花蓮縣","花蓮市","121.600","23.970","34"
"1541","254723","20220921080000","1936","0","花蓮縣","花蓮市","121.605","23.970","1463"
"38","254728","20220921080000","88","0","花蓮縣","花蓮市","121.615","23.985","42"
"1317","254729","20220921080000","1474","0","花蓮縣","花蓮市","121.620","24.000","1361"
"1477","254730","20220921080000","1515","0","花蓮縣","花蓮市","121.625","23.995","1455"
"966","254732","20220921080000","797","2","花蓮縣","花蓮市","121.615","23.975","1023"
"815","254733","20220921080000","792","1","花蓮縣","花蓮市","121.615","23.980","780"
"1921","254735","20220921080000","1549","2","花蓮縣","吉安鄉","121.590","23.985","1770"
"143","254742","20220921080000","469","0","花蓮縣","花蓮市","121.610","24.005","156"
"29","254743","20220921080000","167","0","花蓮縣","吉安鄉","121.580","23.990","36"
"932","254745","20220921080000","679","2","花蓮縣","吉安鄉","121.590","23.990","944"
"776","254746","20220921080000","702","1","花蓮縣","花蓮市","121.585","23.995","734"
"838","254747","20220921080000","915","0","花蓮縣","花蓮市","121.590","23.995","851"
"1736","254748","20220921080000","1847","0","花蓮縣","花蓮市","121.595","23.995","1755"
"697","254754","20220921080000","422","3","花蓮縣","花蓮市","121.590","24.005","396"
"1176","254756","20220921080000","1350","0","花蓮縣","花蓮市","121.595","23.970","1199"
"747","254757","20220921080000","570","2","花蓮縣","花蓮市","121.595","23.975","684"
"2361","254766","20220921080000","2236","1","彰化縣","員林鎮","120.570","23.970","2277"
"521","254767","20220921080000","491","1","彰化縣","員林鎮","120.575","23.970","546"
"585","254769","20220921080000","693","0","花蓮縣","花蓮市","121.610","23.975","618"
"2062","254770","20220921080000","1579","2","花蓮縣","花蓮市","121.610","23.980","2237"
"799","254771","20220921080000","707","1","花蓮縣","花蓮市","121.615","24.000","775"
"21","254772","20220921080000","35","0","花蓮縣","花蓮市","121.560","24.000","28"
"202","254777","20220921080000","183","1","花蓮縣","花蓮市","121.575","24.005","213"
"2215","254779","20220921080000","2178","1","花蓮縣","花蓮市","121.600","23.990","2115"
"751","254780","20220921080000","773","0","花蓮縣","花蓮市","121.610","23.990","708"
"2125","254781","20220921080000","2604","0","花蓮縣","花蓮市","121.605","23.990","2339"
"544","254782","20220921080000","493","1","花蓮縣","花蓮市","121.605","23.995","546"
"2446","254783","20220921080000","2389","1","花蓮縣","吉安鄉","121.575","23.990","2438"
"1704","254784","20220921080000","1754","0","花蓮縣","吉安鄉","121.565","23.995","1785"
"355","254785","20220921080000","306","1","花蓮縣","花蓮市","121.570","23.995","354"
"725","254786","20220921080000","698","1","花蓮縣","花蓮市","121.575","23.995","718"
"1006","254789","20220921080000","1046","0","花蓮縣","吉安鄉","121.595","23.985","961"
"2022","254790","20220921080000","1738","1","花蓮縣","花蓮市","121.600","23.995","2132"
"11","254798","20220921080000","63","0","南投縣","中寮鄉","120.745","23.935","14"
"14","254887","20220921080000","108","0","南投縣","中寮鄉","120.780","23.945","19"
"281","254901","20220921080000","225","2","南投縣","中寮鄉","120.765","23.940","264"
"189","254913","20220921080000","194","0","彰化縣","員林鎮","120.550","23.975","192"
"31","254920","20220921080000","491","0","彰化縣","員林鎮","120.580","23.935","37"
"48","254922","20220921080000","117","0","彰化縣","員林鎮","120.575","23.940","47"
"252","254925","20220921080000","229","1","彰化縣","員林鎮","120.580","23.945","256"
"88","254926","20220921080000","385","0","彰化縣","員林鎮","120.575","23.945","95"
"1098","254940","20220921080000","1008","1","花蓮縣","花蓮市","121.620","23.985","1028"
"652","254941","20220921080000","675","0","花蓮縣","花蓮市","121.615","23.990","716"
"560","254942","20220921080000","562","0","花蓮縣","花蓮市","121.620","23.990","543"
"92","254945","20220921080000","36","3","花蓮縣","花蓮市","121.630","23.995","122"
"113","254950","20220921080000","102","1","花蓮縣","花蓮市","121.645","24.005","99"
"549","254952","20220921080000","529","1","彰化縣","埔心鄉","120.520","23.965","558"
"29","254964","20220921080000","95","0","彰化縣","芳苑鄉","120.325","23.940","30"
"342","254974","20220921080000","212","3","彰化縣","芳苑鄉","120.330","23.940","340"
"1739","255019","20220921080000","1326","2","彰化縣","員林鎮","120.565","23.965","1680"
"156","255021","20220921080000","638","0","彰化縣","員林鎮","120.600","23.965","142"
"78","255024","20220921080000","76","1","彰化縣","員林鎮","120.610","23.970","82"
"363","255030","20220921080000","330","1","彰化縣","埔心鄉","120.530","23.940","416"
"18","255038","20220921080000","522","0","彰化縣","埔鹽鄉","120.480","23.990","20"
"303","255039","20220921080000","181","3","彰化縣","埔鹽鄉","120.500","23.975","303"
"112","255044","20220921080000","181","0","南投縣","南投市","120.700","23.930","138"
"262","255046","20220921080000","217","2","南投縣","南投市","120.635","23.935","265"
"195","255053","20220921080000","144","2","南投縣","南投市","120.635","23.945","180"
"733","255063","20220921080000","775","0","彰化縣","永靖鄉","120.555","23.935","753"
"43","255064","20220921080000","351","0","彰化縣","永靖鄉","120.560","23.930","37"
"515","255065","20220921080000","486","1","彰化縣","員林鎮","120.555","23.960","532"
"281","255068","20220921080000","164","3","彰化縣","員林鎮","120.560","23.965","296"
"412","255069","20220921080000","353","1","彰化縣","員林鎮","120.555","23.970","409"
"935","255073","20220921080000","1263","0","南投縣","南投市","120.690","23.945","1368"
"1219","255074","20220921080000","1087","1","南投縣","南投市","120.690","23.950","1249"
"39","255075","20220921080000","229","0","南投縣","南投市","120.685","23.950","54"
"38","255078","20220921080000","294","0","南投縣","南投市","120.675","23.945","37"
"43","255079","20220921080000","496","0","南投縣","南投市","120.680","23.945","49"
"173","255081","20220921080000","144","2","南投縣","草屯鎮","120.675","23.950","179"
"541","255088","20220921080000","594","0","南投縣","南投市","120.660","23.935","560"
"514","255092","20220921080000","578","0","南投縣","南投市","120.665","23.940","474"
"14","255093","20220921080000","24","0","南投縣","南投市","120.645","23.945","16"
"306","255094","20220921080000","154","3","南投縣","南投市","120.650","23.945","301"
"15","255100","20220921080000","131","0","南投縣","南投市","120.655","23.950","13"
"307","255107","20220921080000","282","1","南投縣","南投市","120.650","23.955","240"
"297","255130","20220921080000","226","2","彰化縣","芳苑鄉","120.315","23.930","331"
"16","255153","20220921080000","172","0","彰化縣","芳苑鄉","120.380","23.940","18"
"709","255158","20220921080000","518","2","彰化縣","芳苑鄉","120.380","23.955","699"
"161","255176","20220921080000","435","0","彰化縣","埔心鄉","120.555","23.940","149"
"1245","255177","20220921080000","1297","0","彰化縣","埔心鄉","120.540","23.950","1253"
"31","255178","20220921080000","581","0","彰化縣","埔心鄉","120.545","23.950","32"
"72","255179","20220921080000","64","1","彰化縣","埔心鄉","120.540","23.955","69"
"320","255199","20220921080000","234","2","彰化縣","二林鎮","120.420","23.950","317"
"350","255210","20220921080000","374","0","彰化縣","永靖鄉","120.550","23.930","346"
"340","255220","20220921080000","345","0","彰化縣","大村鄉","120.585","23.990","336"
"880","255222","20220921080000","904","0","彰化縣","大村鄉","120.580","23.995","851"
"18","255223","20220921080000","26","0","彰化縣","大村鄉","120.585","23.995","11"
"113","255227","20220921080000","91","2","彰化縣","大村鄉","120.590","23.995","101"
"18","255228","20220921080000","15","2","彰化縣","大村鄉","120.595","23.995","19"
"186","255229","20220921080000","248","0","彰化縣","大村鄉","120.600","23.995","152"
"25","255230","20220921080000","41","0","彰化縣","大村鄉","120.605","23.995","29"
"454","255232","20220921080000","460","0","彰化縣","大村鄉","120.595","24.000","493"
"487","255234","20220921080000","505","0","彰化縣","大村鄉","120.570","23.975","496"
"551","255238","20220921080000","452","2","彰化縣","大村鄉","120.535","24.000","546"
"14","255239","20220921080000","168","0","彰化縣","大村鄉","120.540","24.000","12"
"11","255251","20220921080000","220","0","彰化縣","埔心鄉","120.515","23.970","11"
"60","255257","20220921080000","69","0","彰化縣","埔心鄉","120.540","23.965","63"
"399","255261","20220921080000","277","2","彰化縣","埔心鄉","120.555","23.950","399"
"257","255262","20220921080000","271","0","彰化縣","埔心鄉","120.550","23.955","270"
"378","255263","20220921080000","315","2","彰化縣","埔心鄉","120.555","23.955","348"
"16","255264","20220921080000","345","0","彰化縣","埔心鄉","120.545","23.960","16"
"930","255265","20220921080000","69","3","彰化縣","埔心鄉","120.560","23.945","893"
"407","255266","20220921080000","231","3","彰化縣","埔心鄉","120.550","23.945","411"
"413","255267","20220921080000","387","1","彰化縣","埔心鄉","120.555","23.945","436"
"128","255273","20220921080000","88","2","彰化縣","埔心鄉","120.515","23.940","113"
"206","255276","20220921080000","173","1","彰化縣","埔心鄉","120.525","23.950","211"
"1311","255277","20220921080000","842","3","彰化縣","埔心鄉","120.525","23.945","1362"
"305","255284","20220921080000","294","1","彰化縣","埔心鄉","120.520","23.945","335"
"626","255287","20220921080000","369","3","彰化縣","埔心鄉","120.515","23.950","641"
"191","255292","20220921080000","371","0","南投縣","埔里鎮","120.935","23.995","177"
"108","255303","20220921080000","96","1","南投縣","埔里鎮","120.945","24.000","114"
"245","255308","20220921080000","171","2","南投縣","埔里鎮","120.940","24.005","270"
"123","255309","20220921080000","324","0","南投縣","埔里鎮","120.945","24.005","145"
"588","255312","20220921080000","413","2","彰化縣","溪湖鎮","120.495","23.965","560"
"81","255322","20220921080000","457","0","彰化縣","溪湖鎮","120.510","23.970","83"
"1128","255326","20220921080000","647","3","彰化縣","大村鄉","120.545","23.995","1112"
"368","255337","20220921080000","338","1","彰化縣","大村鄉","120.555","24.000","394"
"753","255339","20220921080000","603","2","彰化縣","大村鄉","120.550","24.005","718"
"11","255342","20220921080000","11","1","彰化縣","大村鄉","120.565","23.995","14"
"27","255345","20220921080000","388","0","彰化縣","大村鄉","120.580","24.000","21"
"153","255351","20220921080000","108","2","彰化縣","大村鄉","120.585","24.000","156"
"378","255359","20220921080000","317","1","彰化縣","大村鄉","120.550","23.980","420"
"1595","255361","20220921080000","1365","1","彰化縣","大村鄉","120.565","23.980","1663"
"506","255365","20220921080000","393","2","彰化縣","大村鄉","120.540","23.975","477"
"67","255366","20220921080000","82","0","彰化縣","大村鄉","120.520","23.980","68"
"26","255371","20220921080000","128","0","彰化縣","芳苑鄉","120.355","23.935","22"
"286","255379","20220921080000","117","3","彰化縣","芳苑鄉","120.365","23.940","278"
"60","255396","20220921080000","243","0","彰化縣","芳苑鄉","120.350","23.975","62"
"577","255400","20220921080000","229","3","彰化縣","芳苑鄉","120.345","23.980","594"
"38","255443","20220921080000","207","0","彰化縣","芳苑鄉","120.390","23.980","50"
"132","255448","20220921080000","98","2","彰化縣","芳苑鄉","120.385","23.985","133"
"1642","255463","20220921080000","1479","1","南投縣","埔里鎮","120.975","23.970","1670"
"57","255464","20220921080000","286","0","彰化縣","埔心鄉","120.560","23.950","43"
"17","255465","20220921080000","98","0","彰化縣","埔心鄉","120.560","23.955","17"
"323","255466","20220921080000","287","1","南投縣","南投市","120.695","23.940","333"
"592","255472","20220921080000","588","1","南投縣","南投市","120.695","23.945","584"
"41","255475","20220921080000","34","2","南投縣","南投市","120.700","23.950","41"
"979","255480","20220921080000","899","1","南投縣","南投市","120.695","23.950","881"
"293","255482","20220921080000","261","1","南投縣","南投市","120.690","23.955","241"
"52","255490","20220921080000","192","0","南投縣","南投市","120.690","23.930","55"
"1317","255491","20220921080000","818","3","南投縣","南投市","120.695","23.930","1260"
"285","255494","20220921080000","571","0","南投縣","南投市","120.690","23.935","265"
"790","255496","20220921080000","559","2","南投縣","南投市","120.700","23.935","744"
"44","255498","20220921080000","462","0","南投縣","南投市","120.710","23.935","32"
"188","255525","20220921080000","744","0","彰化縣","芳苑鄉","120.335","23.960","194"
"144","255535","20220921080000","79","3","彰化縣","芳苑鄉","120.360","23.970","123"
"144","255545","20220921080000","115","2","彰化縣","二林鎮","120.385","23.945","137"
"133","255549","20220921080000","149","0","彰化縣","芳苑鄉","120.385","23.955","139"
"131","255550","20220921080000","107","2","彰化縣","芳苑鄉","120.390","23.955","139"
"197","255551","20220921080000","141","2","彰化縣","芳苑鄉","120.395","23.955","192"
"161","255559","20220921080000","91","3","彰化縣","芳苑鄉","120.385","23.970","162"
"74","255593","20220921080000","65","1","南投縣","國姓鄉","120.855","23.995","60"
"280","255626","20220921080000","233","2","南投縣","國姓鄉","120.840","24.005","278"
"57","255633","20220921080000","332","0","南投縣","國姓鄉","120.815","24.000","61"
"11","255636","20220921080000","90","0","南投縣","國姓鄉","120.815","24.005","10"
"36","255646","20220921080000","385","0","南投縣","埔里鎮","120.955","23.995","30"
"449","255647","20220921080000","242","3","南投縣","埔里鎮","120.960","23.965","457"
"16","255663","20220921080000","184","0","南投縣","埔里鎮","121.000","23.955","16"
"214","255680","20220921080000","211","1","南投縣","埔里鎮","121.000","23.965","231"
"873","255708","20220921080000","937","0","南投縣","埔里鎮","120.995","23.975","833"
"250","255724","20220921080000","177","2","南投縣","埔里鎮","121.005","23.980","220"
"84","255748","20220921080000","163","0","南投縣","埔里鎮","121.020","23.990","68"
"141","255778","20220921080000","113","2","南投縣","仁愛鄉","121.040","24.000","189"
"43","255784","20220921080000","57","0","南投縣","埔里鎮","121.055","24.000","44"
"871","255785","20220921080000","1045","0","南投縣","埔里鎮","120.965","23.965","893"
"30","255786","20220921080000","49","0","南投縣","埔里鎮","120.965","23.970","27"
"362","255794","20220921080000","238","3","南投縣","埔里鎮","120.990","23.930","317"
"778","255798","20220921080000","582","2","彰化縣","埔鹽鄉","120.485","24.005","758"
"531","255803","20220921080000","399","2","彰化縣","埔鹽鄉","120.475","23.995","551"
"847","255804","20220921080000","593","2","彰化縣","埔鹽鄉","120.480","23.995","835"
"259","255810","20220921080000","169","3","彰化縣","埔鹽鄉","120.455","24.010","275"
"17","255814","20220921080000","442","0","彰化縣","埔鹽鄉","120.430","23.980","28"
"299","255817","20220921080000","235","2","彰化縣","埔鹽鄉","120.445","23.960","328"
"323","255822","20220921080000","155","3","彰化縣","埔鹽鄉","120.440","23.975","317"
"679","255835","20220921080000","660","1","彰化縣","埔鹽鄉","120.465","24.000","694"
"223","255836","20220921080000","154","2","彰化縣","埔鹽鄉","120.460","24.005","256"
"655","255841","20220921080000","472","2","彰化縣","花壇鄉","120.575","24.005","664"
"279","255861","20220921080000","112","3","彰化縣","埔鹽鄉","120.450","23.985","285"
"65","255868","20220921080000","336","0","彰化縣","埔鹽鄉","120.445","23.985","60"
"311","255875","20220921080000","228","2","彰化縣","埔鹽鄉","120.465","23.970","323"
"250","255894","20220921080000","208","2","彰化縣","埔鹽鄉","120.490","23.990","231"
"15","255901","20220921080000","222","0","彰化縣","埔鹽鄉","120.490","23.975","17"
"40","255903","20220921080000","449","0","彰化縣","埔鹽鄉","120.480","23.980","51"
"650","255912","20220921080000","517","2","彰化縣","大村鄉","120.530","23.990","640"
"562","255913","20220921080000","490","1","彰化縣","大村鄉","120.535","23.990","582"
"942","255917","20220921080000","947","0","彰化縣","大村鄉","120.555","23.990","923"
"338","255920","20220921080000","750","0","彰化縣","大村鄉","120.575","23.985","360"
"373","255921","20220921080000","349","1","彰化縣","大村鄉","120.580","23.985","368"
"473","255923","20220921080000","484","0","彰化縣","大村鄉","120.590","23.985","451"
"86","255924","20220921080000","76","1","彰化縣","大村鄉","120.595","23.985","93"
"158","255941","20220921080000","139","1","彰化縣","大村鄉","120.540","23.980","162"
"540","255950","20220921080000","370","2","彰化縣","大村鄉","120.510","23.985","518"
"319","255953","20220921080000","206","3","彰化縣","大村鄉","120.520","23.985","325"
"166","255956","20220921080000","1337","0","彰化縣","大村鄉","120.560","23.990","180"
"73","255962","20220921080000","57","2","彰化縣","埔鹽鄉","120.430","23.995","73"
"422","255975","20220921080000","211","3","彰化縣","埔鹽鄉","120.420","23.990","403"
"84","255987","20220921080000","461","0","彰化縣","埔鹽鄉","120.450","24.005","72"
"356","256002","20220921080000","643","0","南投縣","埔里鎮","120.945","23.965","397"
"101","256004","20220921080000","1102","0","南投縣","埔里鎮","120.945","23.970","96"
"59","256025","20220921080000","59","1","南投縣","埔里鎮","120.890","23.955","61"
"918","256042","20220921080000","1087","0","南投縣","埔里鎮","120.945","23.975","937"
"477","256043","20220921080000","458","1","南投縣","埔里鎮","120.925","23.980","495"
"43","256061","20220921080000","66","0","彰化縣","員林鎮","120.605","23.950","52"
"1033","256062","20220921080000","725","2","彰化縣","員林鎮","120.605","23.955","956"
"53","256063","20220921080000","456","0","南投縣","南投市","120.670","23.930","46"
"42","256065","20220921080000","304","0","南投縣","南投市","120.675","23.935","43"
"743","256085","20220921080000","556","2","南投縣","南投市","120.660","23.930","774"
"421","256086","20220921080000","442","0","南投縣","南投市","120.665","23.930","429"
"552","256089","20220921080000","440","2","南投縣","南投市","120.670","23.940","579"
"281","256091","20220921080000","257","1","彰化縣","員林鎮","120.570","23.965","307"
"1190","256092","20220921080000","1468","0","彰化縣","員林鎮","120.575","23.965","1149"
"2075","256094","20220921080000","1920","1","彰化縣","員林鎮","120.580","23.960","2062"
"10","256095","20220921080000","17","0","彰化縣","員林鎮","120.585","23.960","15"
"1905","256096","20220921080000","1223","3","彰化縣","員林鎮","120.580","23.965","1855"
"126","256144","20220921080000","129","0","南投縣","仁愛鄉","121.080","23.995","103"
"160","256164","20220921080000","147","1","南投縣","仁愛鄉","121.085","24.000","162"
"423","256187","20220921080000","260","3","南投縣","仁愛鄉","121.100","23.990","375"
"77","256354","20220921080000","50","3","南投縣","仁愛鄉","121.075","23.930","81"
"171","256404","20220921080000","113","3","南投縣","仁愛鄉","121.075","23.950","159"
"26","256598","20220921080000","18","2","南投縣","仁愛鄉","121.120","23.950","26"
"183","256716","20220921080000","80","3","南投縣","仁愛鄉","121.130","23.960","139"
"121","256953","20220921080000","1504","0","彰化縣","員林鎮","120.575","23.950","108"
"631","256956","20220921080000","471","2","彰化縣","員林鎮","120.595","23.960","668"
"54","256962","20220921080000","44","2","彰化縣","員林鎮","120.615","23.950","52"
"36","256968","20220921080000","174","0","彰化縣","員林鎮","120.625","23.955","41"
"18","256971","20220921080000","206","0","彰化縣","員林鎮","120.550","23.965","20"
"171","256976","20220921080000","181","0","彰化縣","員林鎮","120.605","23.945","160"
"68","256977","20220921080000","51","2","彰化縣","員林鎮","120.610","23.945","61"
"152","256978","20220921080000","182","0","彰化縣","員林鎮","120.615","23.945","131"
"1397","256982","20220921080000","1338","1","彰化縣","員林鎮","120.565","23.955","1399"
"2088","256983","20220921080000","1857","1","彰化縣","員林鎮","120.565","23.960","2090"
"436","256986","20220921080000","285","3","彰化縣","員林鎮","120.595","23.975","441"
"457","256988","20220921080000","388","1","彰化縣","大村鄉","120.590","23.980","475"
"1548","256995","20220921080000","1215","2","彰化縣","員林鎮","120.575","23.955","1584"
"93","256996","20220921080000","64","2","彰化縣","員林鎮","120.595","23.935","102"
"75","256997","20220921080000","450","0","彰化縣","員林鎮","120.605","23.935","70"
"47","257007","20220921080000","62","0","彰化縣","員林鎮","120.620","23.940","57"
"318","257021","20220921080000","269","1","彰化縣","二林鎮","120.415","23.955","304"
"101","257028","20220921080000","81","2","彰化縣","二林鎮","120.430","23.955","107"
"488","257055","20220921080000","377","2","彰化縣","二林鎮","120.400","23.930","496"
"809","257083","20220921080000","586","2","南投縣","草屯鎮","120.670","23.950","840"
"12","257086","20220921080000","303","0","南投縣","草屯鎮","120.680","23.955","12"
"272","257088","20220921080000","1374","0","南投縣","草屯鎮","120.680","23.960","277"
"102","257089","20220921080000","822","0","南投縣","草屯鎮","120.680","23.965","106"
"60","257092","20220921080000","550","0","彰化縣","員林鎮","120.570","23.945","55"
"456","257094","20220921080000","463","0","彰化縣","員林鎮","120.590","23.950","504"
"278","257095","20220921080000","197","2","彰化縣","員林鎮","120.595","23.950","284"
"1014","257097","20220921080000","996","1","彰化縣","員林鎮","120.570","23.950","1034"
"59","257100","20220921080000","512","0","彰化縣","員林鎮","120.585","23.970","76"
"600","257103","20220921080000","337","3","彰化縣","二林鎮","120.455","23.930","599"
"218","257115","20220921080000","144","3","彰化縣","二林鎮","120.445","23.945","234"
"953","257118","20220921080000","696","2","彰化縣","二林鎮","120.440","23.950","921"
"752","257124","20220921080000","705","1","彰化縣","員林鎮","120.590","23.940","696"
"205","257135","20220921080000","210","0","彰化縣","埔心鄉","120.510","23.940","201"
"15","257145","20220921080000","327","0","彰化縣","溪湖鎮","120.485","23.940","11"
"20","257149","20220921080000","221","0","彰化縣","溪湖鎮","120.480","23.955","22"
"243","257152","20220921080000","1141","0","南投縣","草屯鎮","120.685","23.975","254"
"623","257154","20220921080000","562","1","南投縣","草屯鎮","120.725","23.980","628"
"61","257160","20220921080000","60","1","南投縣","草屯鎮","120.720","23.990","58"
"125","257162","20220921080000","122","1","南投縣","草屯鎮","120.730","23.990","129"
"657","257166","20220921080000","363","3","南投縣","草屯鎮","120.680","23.970","656"
"1433","257168","20220921080000","1810","0","南投縣","草屯鎮","120.680","23.980","1572"
"12","257171","20220921080000","376","0","南投縣","草屯鎮","120.655","24.000","15"
"441","257173","20220921080000","403","1","南投縣","草屯鎮","120.665","24.000","430"
"70","257176","20220921080000","390","0","南投縣","草屯鎮","120.650","24.005","584"
"263","257181","20220921080000","269","0","南投縣","草屯鎮","120.725","23.995","246"
"340","257193","20220921080000","258","2","南投縣","草屯鎮","120.730","24.000","548"
"559","257213","20220921080000","497","1","彰化縣","溪湖鎮","120.450","23.955","543"
"593","257215","20220921080000","475","2","彰化縣","溪湖鎮","120.460","23.955","591"
"17","257222","20220921080000","13","2","南投縣","草屯鎮","120.750","23.975","14"
"370","257229","20220921080000","254","2","南投縣","草屯鎮","120.750","23.980","330"
"313","257235","20220921080000","339","0","南投縣","草屯鎮","120.750","23.985","323"
"50","257245","20220921080000","40","2","南投縣","草屯鎮","120.720","23.955","49"
"117","257251","20220921080000","110","1","南投縣","中寮鄉","120.750","23.955","95"
"31","257266","20220921080000","28","1","南投縣","草屯鎮","120.740","23.965","27"
"140","257267","20220921080000","129","1","南投縣","草屯鎮","120.745","23.965","155"
"108","257273","20220921080000","89","2","南投縣","草屯鎮","120.705","23.960","120"
"931","257282","20220921080000","642","2","南投縣","草屯鎮","120.705","23.975","947"
"734","257285","20220921080000","595","2","南投縣","草屯鎮","120.695","23.980","817"
"1464","257286","20220921080000","1358","1","南投縣","草屯鎮","120.700","23.980","1478"
"802","257289","20220921080000","753","1","南投縣","草屯鎮","120.715","23.980","800"
"955","257294","20220921080000","711","2","南投縣","南投市","120.685","23.955","903"
"79","257295","20220921080000","579","0","南投縣","草屯鎮","120.685","23.960","90"
"1689","257299","20220921080000","1298","2","南投縣","草屯鎮","120.690","23.965","1684"
"27","257300","20220921080000","20","2","南投縣","草屯鎮","120.695","23.965","18"
"147","257307","20220921080000","145","1","南投縣","草屯鎮","120.775","23.985","140"
"54","257320","20220921080000","74","0","南投縣","草屯鎮","120.765","23.995","52"
"368","257342","20220921080000","449","0","南投縣","草屯鎮","120.700","23.985","373"
"33","257346","20220921080000","50","0","南投縣","草屯鎮","120.705","23.990","33"
"160","257348","20220921080000","203","0","南投縣","草屯鎮","120.715","23.990","153"
"213","257349","20220921080000","980","0","南投縣","草屯鎮","120.690","23.995","196"
"164","257351","20220921080000","153","1","南投縣","草屯鎮","120.700","23.995","166"
"512","257354","20220921080000","489","1","南投縣","草屯鎮","120.715","23.995","477"
"516","257356","20220921080000","358","2","南投縣","草屯鎮","120.695","23.995","496"
"775","257362","20220921080000","673","1","南投縣","草屯鎮","120.695","24.000","778"
"245","257365","20220921080000","193","2","南投縣","草屯鎮","120.710","24.000","320"
"59","257366","20220921080000","126","0","南投縣","草屯鎮","120.670","23.960","56"
"316","257368","20220921080000","208","3","南投縣","草屯鎮","120.675","23.965","354"
"222","257369","20220921080000","168","2","南投縣","草屯鎮","120.670","23.970","245"
"544","257370","20220921080000","370","2","南投縣","草屯鎮","120.670","23.975","519"
"341","257373","20220921080000","246","2","南投縣","草屯鎮","120.675","23.980","316"
"824","257376","20220921080000","1105","0","南投縣","草屯鎮","120.680","23.985","848"
"338","257377","20220921080000","248","2","南投縣","草屯鎮","120.670","23.990","329"
"36","257381","20220921080000","202","0","南投縣","草屯鎮","120.670","23.995","30"
"311","257386","20220921080000","152","3","南投縣","草屯鎮","120.685","23.990","298"
"495","257387","20220921080000","363","2","南投縣","草屯鎮","120.680","23.995","440"
"61","257389","20220921080000","315","0","南投縣","草屯鎮","120.680","24.000","54"
"517","257396","20220921080000","407","2","南投縣","草屯鎮","120.680","24.005","532"
"103","257400","20220921080000","733","0","南投縣","草屯鎮","120.685","23.985","96"
"1400","257401","20220921080000","1121","2","南投縣","草屯鎮","120.685","23.980","1341"
"63","257403","20220921080000","189","0","南投縣","草屯鎮","120.640","23.995","78"
"371","257407","20220921080000","407","0","南投縣","草屯鎮","120.660","23.995","386"
"41","257410","20220921080000","240","0","南投縣","草屯鎮","120.650","23.995","39"
"168","257415","20220921080000","116","2","南投縣","草屯鎮","120.655","23.965","152"
"656","257418","20220921080000","528","2","南投縣","草屯鎮","120.650","23.970","605"
"501","257422","20220921080000","299","3","南投縣","草屯鎮","120.650","23.975","489"
"318","257424","20220921080000","208","3","南投縣","草屯鎮","120.660","23.975","254"
"77","257426","20220921080000","298","0","南投縣","草屯鎮","120.650","23.980","57"
"164","257429","20220921080000","683","0","南投縣","草屯鎮","120.665","23.950","159"
"91","257438","20220921080000","314","0","南投縣","草屯鎮","120.660","23.960","69"
"156","257439","20220921080000","158","0","南投縣","草屯鎮","120.665","23.960","161"
"228","257496","20220921080000","204","1","南投縣","草屯鎮","120.795","23.985","227"
"226","257505","20220921080000","195","1","南投縣","草屯鎮","120.795","23.990","213"
"317","257522","20220921080000","145","3","南投縣","草屯鎮","120.800","24.000","311"
"58","257550","20220921080000","258","0","彰化縣","福興鄉","120.410","24.005","67"
"129","257580","20220921080000","98","2","彰化縣","芳苑鄉","120.400","23.995","137"
"498","257591","20220921080000","391","2","彰化縣","芳苑鄉","120.365","24.000","478"
"244","257595","20220921080000","202","2","彰化縣","芳苑鄉","120.385","24.000","256"
"381","257609","20220921080000","298","2","彰化縣","芳苑鄉","120.370","24.005","375"
"294","257631","20220921080000","153","3","彰化縣","芳苑鄉","120.340","23.965","273"
"91","257632","20220921080000","613","0","彰化縣","芳苑鄉","120.345","23.965","99"
"22","257638","20220921080000","23","0","彰化縣","芳苑鄉","120.325","23.970","28"
"258","257669","20220921080000","1024","0","彰化縣","秀水鄉","120.510","23.995","238"
"588","257680","20220921080000","387","3","彰化縣","秀水鄉","120.520","24.000","563"
"668","257685","20220921080000","488","2","彰化縣","福興鄉","120.490","24.010","670"
"1761","257686","20220921080000","1434","2","彰化縣","福興鄉","120.495","24.010","1745"
"26","257694","20220921080000","18","2","彰化縣","芬園鄉","120.605","24.005","33"
"385","257699","20220921080000","212","3","彰化縣","溪湖鎮","120.490","23.950","383"
"635","257700","20220921080000","525","2","彰化縣","溪湖鎮","120.495","23.950","661"
"921","257703","20220921080000","596","3","彰化縣","溪湖鎮","120.475","23.960","958"
"301","257704","20220921080000","239","2","彰化縣","溪湖鎮","120.465","23.965","301"
"1956","257708","20220921080000","1676","1","彰化縣","溪湖鎮","120.480","23.960","1915"
"443","257713","20220921080000","330","2","彰化縣","溪湖鎮","120.485","23.935","427"
"25","257720","20220921080000","17","2","彰化縣","溪湖鎮","120.500","23.940","16"
"40","257725","20220921080000","236","0","彰化縣","溪湖鎮","120.505","23.950","45"
"11","257726","20220921080000","221","0","彰化縣","溪湖鎮","120.510","23.950","12"
"65","257727","20220921080000","423","0","彰化縣","溪湖鎮","120.490","23.955","60"
"46","257728","20220921080000","95","0","彰化縣","溪湖鎮","120.495","23.955","38"
"390","257729","20220921080000","518","0","彰化縣","溪湖鎮","120.485","23.960","443"
"498","257733","20220921080000","390","2","彰化縣","溪湖鎮","120.490","23.965","471"
"432","257734","20220921080000","411","1","彰化縣","溪湖鎮","120.485","23.970","423"
"306","257750","20220921080000","257","1","彰化縣","芬園鄉","120.625","23.965","299"
"181","257766","20220921080000","243","0","彰化縣","溪湖鎮","120.475","23.950","185"
"500","257767","20220921080000","689","0","彰化縣","溪湖鎮","120.475","23.955","484"
"237","257778","20220921080000","200","1","彰化縣","溪湖鎮","120.475","23.970","218"
"833","257781","20220921080000","722","1","彰化縣","溪湖鎮","120.470","23.980","828"
"196","257784","20220921080000","157","2","南投縣","草屯鎮","120.670","23.980","186"
"104","257785","20220921080000","472","0","南投縣","草屯鎮","120.650","23.985","91"
"266","257788","20220921080000","372","0","南投縣","草屯鎮","120.665","23.985","242"
"312","257792","20220921080000","328","0","南投縣","草屯鎮","120.665","23.990","285"
"35","257795","20220921080000","403","0","彰化縣","社頭鄉","120.605","23.930","34"
"108","257797","20220921080000","153","0","彰化縣","社頭鄉","120.615","23.930","119"
"85","257798","20220921080000","57","2","彰化縣","社頭鄉","120.620","23.930","79"
"397","257802","20220921080000","278","2","彰化縣","芬園鄉","120.630","23.995","372"
"13","257808","20220921080000","12","1","彰化縣","芬園鄉","120.615","24.005","14"
"1423","257810","20220921080000","1087","2","彰化縣","芬園鄉","120.630","24.010","1440"
"18","257812","20220921080000","213","0","彰化縣","芬園鄉","120.640","24.010","25"
"48","257813","20220921080000","31","3","彰化縣","芬園鄉","120.645","24.010","43"
"376","257817","20220921080000","220","3","彰化縣","埔鹽鄉","120.425","23.995","379"
"21","257823","20220921080000","190","0","彰化縣","埔鹽鄉","120.430","24.005","30"
"306","257824","20220921080000","158","3","彰化縣","福興鄉","120.420","24.010","241"
"19","257825","20220921080000","12","3","彰化縣","福興鄉","120.425","24.010","18"
"254","257827","20220921080000","898","0","彰化縣","秀水鄉","120.515","24.010","251"
"245","257834","20220921080000","165","2","彰化縣","芬園鄉","120.620","23.980","264"
"234","257851","20220921080000","126","3","彰化縣","芬園鄉","120.610","23.995","221"
"74","257857","20220921080000","62","1","彰化縣","芬園鄉","120.625","24.000","80"
"14","257867","20220921080000","210","0","彰化縣","芬園鄉","120.645","23.965","23"
"446","257871","20220921080000","287","3","彰化縣","芬園鄉","120.640","23.975","454"
"22","257882","20220921080000","319","0","彰化縣","花壇鄉","120.550","24.010","21"
"36","257884","20220921080000","46","0","彰化縣","花壇鄉","120.570","24.010","36"
"558","257886","20220921080000","499","1","彰化縣","社頭鄉","120.575","23.930","544"
"340","257898","20220921080000","350","0","南投縣","草屯鎮","120.730","23.975","339"
"261","257902","20220921080000","207","2","南投縣","草屯鎮","120.735","23.980","245"
"603","257907","20220921080000","1176","0","彰化縣","溪湖鎮","120.480","23.965","614"
"16","257908","20220921080000","362","0","彰化縣","溪湖鎮","120.480","23.970","21"
"1411","263412","20220921080000","1371","1","臺中市","霧峰區","120.690","24.045","1351"
"430","263414","20220921080000","294","2","臺中市","霧峰區","120.685","24.050","445"
"190","263420","20220921080000","146","2","臺中市","霧峰區","120.705","24.045","162"
"27","263428","20220921080000","26","1","臺中市","霧峰區","120.705","24.055","26"
"595","263432","20220921080000","649","0","臺中市","霧峰區","120.705","24.060","623"
"17","263433","20220921080000","360","0","臺中市","霧峰區","120.710","24.060","25"
"45","263450","20220921080000","302","0","臺中市","霧峰區","120.700","24.020","41"
"347","263482","20220921080000","367","0","臺中市","霧峰區","120.700","24.030","385"
"435","263484","20220921080000","412","1","臺中市","霧峰區","120.695","24.035","441"
"344","263486","20220921080000","404","0","臺中市","霧峰區","120.710","24.070","355"
"415","263487","20220921080000","262","3","臺中市","霧峰區","120.715","24.070","454"
"107","263488","20220921080000","69","3","臺中市","霧峰區","120.720","24.070","89"
"573","263490","20220921080000","517","1","臺中市","霧峰區","120.705","24.075","552"
"313","263491","20220921080000","322","0","臺中市","霧峰區","120.710","24.075","341"
"1723","263492","20220921080000","1607","1","臺中市","霧峰區","120.715","24.075","1743"
"11","263493","20220921080000","329","0","臺中市","霧峰區","120.720","24.075","14"
"622","263495","20220921080000","463","2","臺中市","霧峰區","120.710","24.080","647"
"20","263499","20220921080000","62","0","臺中市","霧峰區","120.665","24.060","17"
"14","263518","20220921080000","80","0","臺中市","霧峰區","120.730","24.040","13"
"1084","263528","20220921080000","1057","1","臺中市","霧峰區","120.695","24.040","1071"
"48","263539","20220921080000","85","0","臺中市","霧峰區","120.695","24.045","46"
"128","263553","20220921080000","58","3","臺中市","霧峰區","120.725","24.030","135"
"246","263569","20220921080000","138","3","臺中市","霧峰區","120.725","24.035","253"
"13","263573","20220921080000","109","0","臺中市","霧峰區","120.750","24.035","12"
"686","263579","20220921080000","643","1","臺中市","大里區","120.695","24.080","674"
"2412","263581","20220921080000","2004","2","臺中市","大里區","120.695","24.085","2410"
"264","263583","20220921080000","287","0","臺中市","大里區","120.690","24.085","272"
"101","263584","20220921080000","97","1","臺中市","大里區","120.700","24.080","111"
"1269","263585","20220921080000","1229","1","臺中市","大里區","120.700","24.085","1355"
"12","263586","20220921080000","321","0","臺中市","大里區","120.705","24.085","13"
"1062","263587","20220921080000","1015","1","臺中市","大里區","120.705","24.090","1036"
"449","263588","20220921080000","400","1","臺中市","大里區","120.715","24.095","400"
"41","263708","20220921080000","26","3","臺中市","太平區","120.755","24.085","59"
"43","263716","20220921080000","122","0","臺中市","太平區","120.745","24.090","29"
"261","263736","20220921080000","250","1","臺中市","霧峰區","120.700","24.050","249"
"773","263737","20220921080000","589","2","臺中市","霧峰區","120.695","24.055","720"
"95","263738","20220921080000","98","0","臺中市","霧峰區","120.700","24.055","83"
"50","263741","20220921080000","485","0","臺中市","霧峰區","120.680","24.060","52"
"1148","263743","20220921080000","922","2","臺中市","霧峰區","120.680","24.065","1074"
"16","263745","20220921080000","25","0","臺中市","霧峰區","120.690","24.065","15"
"579","263746","20220921080000","463","2","臺中市","霧峰區","120.680","24.070","567"
"72","263747","20220921080000","708","0","臺中市","霧峰區","120.700","24.070","77"
"112","263753","20220921080000","110","1","臺中市","新社區","120.885","24.095","112"
"597","263758","20220921080000","511","1","臺中市","大里區","120.685","24.075","644"
"510","263759","20220921080000","335","3","臺中市","大里區","120.690","24.075","521"
"255","263764","20220921080000","509","0","臺中市","大里區","120.680","24.085","282"
"298","263766","20220921080000","272","1","臺中市","太平區","120.730","24.095","288"
"15","263775","20220921080000","12","2","臺中市","霧峰區","120.725","24.060","34"
"402","263776","20220921080000","421","0","臺中市","霧峰區","120.705","24.065","442"
"218","263778","20220921080000","197","1","臺中市","霧峰區","120.715","24.065","240"
"96","263828","20220921080000","186","0","臺中市","霧峰區","120.745","24.060","111"
"49","263842","20220921080000","39","2","臺中市","霧峰區","120.760","24.065","60"
"76","263846","20220921080000","44","3","臺中市","霧峰區","120.735","24.070","81"
"411","263863","20220921080000","354","1","臺中市","霧峰區","120.695","24.015","401"
"814","263864","20220921080000","720","1","臺中市","霧峰區","120.685","24.020","772"
"484","263875","20220921080000","355","2","臺中市","烏日區","120.655","24.055","493"
"509","263876","20220921080000","422","2","臺中市","烏日區","120.660","24.055","540"
"332","263878","20220921080000","275","2","臺中市","烏日區","120.655","24.045","362"
"326","263884","20220921080000","277","1","臺中市","烏日區","120.650","24.050","327"
"460","263885","20220921080000","586","0","臺中市","烏日區","120.635","24.070","451"
"1499","263888","20220921080000","1457","1","臺中市","烏日區","120.635","24.080","1515"
"525","263891","20220921080000","481","1","臺中市","烏日區","120.625","24.090","551"
"1627","263900","20220921080000","1484","1","臺中市","烏日區","120.640","24.075","1621"
"869","263902","20220921080000","754","1","臺中市","烏日區","120.650","24.075","851"
"22","263907","20220921080000","1078","0","臺中市","烏日區","120.645","24.085","25"
"209","263933","20220921080000","230","0","臺中市","烏日區","120.635","24.050","202"
"2982","263942","20220921080000","2191","2","臺中市","大里區","120.680","24.095","2986"
"313","263943","20220921080000","263","1","臺中市","大里區","120.665","24.095","345"
"1287","263945","20220921080000","1106","1","臺中市","大里區","120.690","24.090","1256"
"1149","263946","20220921080000","1073","1","臺中市","大里區","120.695","24.095","1153"
"440","263948","20220921080000","388","1","臺中市","大里區","120.705","24.095","430"
"268","263949","20220921080000","298","0","臺中市","大里區","120.710","24.095","286"
"395","263950","20220921080000","416","0","臺中市","大里區","120.715","24.090","378"
"713","263951","20220921080000","732","0","臺中市","大里區","120.720","24.095","729"
"1103","263954","20220921080000","1110","0","臺中市","大里區","120.700","24.095","1090"
"578","263960","20220921080000","434","2","臺中市","大里區","120.735","24.090","567"
"737","263962","20220921080000","877","0","臺中市","大里區","120.720","24.090","758"
"540","263964","20220921080000","504","1","臺中市","大里區","120.730","24.090","506"
"863","263969","20220921080000","1135","0","臺中市","大里區","120.710","24.085","911"
"282","263970","20220921080000","525","0","臺中市","大里區","120.715","24.085","269"
"193","263971","20220921080000","194","0","臺中市","大里區","120.720","24.085","200"
"37","263975","20220921080000","56","0","臺中市","大里區","120.710","24.090","32"
"123","263977","20220921080000","92","2","臺中市","大里區","120.665","24.085","130"
"23","263979","20220921080000","370","0","臺中市","大里區","120.675","24.085","390"
"157","263989","20220921080000","246","0","臺中市","大里區","120.685","24.095","135"
"384","263990","20220921080000","371","1","臺中市","大里區","120.690","24.095","287"
"117","263991","20220921080000","266","0","臺中市","霧峰區","120.695","24.065","125"
"2324","263992","20220921080000","2503","0","臺中市","霧峰區","120.700","24.065","2307"
"646","263995","20220921080000","390","3","臺中市","霧峰區","120.665","24.065","680"
"174","263999","20220921080000","762","0","臺中市","霧峰區","120.665","24.070","147"
"22","264007","20220921080000","703","0","臺中市","霧峰區","120.655","24.085","22"
"21","264008","20220921080000","464","0","臺中市","霧峰區","120.650","24.085","31"
"257","264016","20220921080000","207","2","臺中市","霧峰區","120.690","24.040","261"
"27","264018","20220921080000","543","0","臺中市","霧峰區","120.685","24.045","27"
"13","264024","20220921080000","440","0","臺中市","霧峰區","120.665","24.040","23"
"209","264029","20220921080000","160","2","臺中市","霧峰區","120.660","24.050","222"
"842","264031","20220921080000","629","2","臺中市","大里區","120.700","24.090","831"
"85","264037","20220921080000","65","2","臺中市","霧峰區","120.670","24.025","88"
"17","264042","20220921080000","276","0","臺中市","霧峰區","120.670","24.030","25"
"192","264047","20220921080000","216","0","花蓮縣","秀林鄉","121.580","24.020","180"
"219","264094","20220921080000","190","1","花蓮縣","秀林鄉","121.595","24.050","232"
"827","264107","20220921080000","942","0","花蓮縣","秀林鄉","121.600","24.055","845"
"356","264435","20220921080000","324","1","花蓮縣","新城鄉","121.610","24.080","387"
"258","264642","20220921080000","264","0","花蓮縣","新城鄉","121.595","24.015","307"
"238","264655","20220921080000","238","1","花蓮縣","新城鄉","121.590","24.035","266"
"218","264661","20220921080000","188","1","花蓮縣","新城鄉","121.595","24.040","218"
"926","264663","20220921080000","612","3","花蓮縣","新城鄉","121.605","24.030","985"
"361","264665","20220921080000","370","0","花蓮縣","新城鄉","121.605","24.035","395"
"388","264667","20220921080000","355","1","花蓮縣","新城鄉","121.600","24.035","386"
"1924","264676","20220921080000","1544","2","臺中市","烏日區","120.645","24.060","1926"
"65","264678","20220921080000","534","0","臺中市","烏日區","120.655","24.060","65"
"361","264683","20220921080000","455","0","臺中市","烏日區","120.640","24.065","332"
"239","264700","20220921080000","186","2","臺中市","烏日區","120.620","24.090","210"
"435","264703","20220921080000","328","2","臺中市","霧峰區","120.675","24.040","476"
"286","264707","20220921080000","193","2","臺中市","霧峰區","120.680","24.045","295"
"480","264712","20220921080000","394","2","臺中市","霧峰區","120.675","24.050","484"
"1150","264717","20220921080000","1177","0","臺中市","烏日區","120.645","24.090","1154"
"433","264719","20220921080000","412","1","臺中市","烏日區","120.635","24.095","411"
"24","264720","20220921080000","19","2","臺中市","烏日區","120.640","24.095","25"
"36","264722","20220921080000","203","0","臺中市","烏日區","120.645","24.095","34"
"466","264725","20220921080000","445","1","臺中市","烏日區","120.655","24.095","469"
"154","264726","20220921080000","122","2","臺中市","大里區","120.660","24.095","134"
"843","264728","20220921080000","873","0","花蓮縣","花蓮市","121.625","24.010","848"
"528","264732","20220921080000","498","1","花蓮縣","花蓮市","121.630","24.015","581"
"288","264737","20220921080000","308","0","花蓮縣","花蓮市","121.635","24.025","325"
"96","265344","20220921080000","61","3","南投縣","國姓鄉","120.830","24.030","90"
"14","265374","20220921080000","12","1","南投縣","國姓鄉","120.800","24.045","13"
"52","265406","20220921080000","39","2","南投縣","國姓鄉","120.825","24.070","70"
"29","265430","20220921080000","20","2","南投縣","國姓鄉","120.880","24.050","23"
"102","265436","20220921080000","112","0","南投縣","國姓鄉","120.910","24.050","136"
"130","265440","20220921080000","117","1","南投縣","國姓鄉","120.930","24.050","176"
"510","265442","20220921080000","384","2","南投縣","國姓鄉","120.880","24.055","395"
"247","265449","20220921080000","203","2","南投縣","國姓鄉","120.915","24.055","216"
"41","265465","20220921080000","14","3","南投縣","國姓鄉","120.930","24.060","16"
"101","265467","20220921080000","88","1","南投縣","國姓鄉","120.940","24.060","97"
"17","265498","20220921080000","17","1","南投縣","國姓鄉","120.930","24.075","15"
"48","265569","20220921080000","406","0","南投縣","國姓鄉","120.850","24.040","56"
"30","265593","20220921080000","155","0","南投縣","埔里鎮","120.910","24.025","24"
"341","265622","20220921080000","243","2","南投縣","國姓鄉","120.930","24.045","360"
"36","265627","20220921080000","38","0","南投縣","埔里鎮","120.950","24.010","39"
"83","265628","20220921080000","315","0","南投縣","埔里鎮","120.945","24.015","73"
"19","265631","20220921080000","18","1","南投縣","埔里鎮","120.940","24.020","12"
"220","265633","20220921080000","189","1","南投縣","埔里鎮","120.950","24.020","222"
"93","265651","20220921080000","88","1","南投縣","埔里鎮","120.950","24.035","88"
"60","265706","20220921080000","103","0","花蓮縣","花蓮市","121.590","24.010","54"
"1063","265708","20220921080000","1063","1","花蓮縣","新城鄉","121.610","24.015","1075"
"126","265711","20220921080000","140","0","花蓮縣","新城鄉","121.605","24.020","126"
"735","265716","20220921080000","614","1","花蓮縣","新城鄉","121.605","24.025","745"
"156","265719","20220921080000","145","1","花蓮縣","新城鄉","121.620","24.025","155"
"146","265723","20220921080000","205","0","花蓮縣","新城鄉","121.615","24.030","129"
"58","265734","20220921080000","48","2","花蓮縣","新城鄉","121.625","24.035","59"
"470","265739","20220921080000","451","1","花蓮縣","新城鄉","121.605","24.040","449"
"348","265742","20220921080000","261","2","花蓮縣","新城鄉","121.610","24.045","358"
"12","265743","20220921080000","265","0","花蓮縣","新城鄉","121.615","24.045","14"
"68","265753","20220921080000","50","2","花蓮縣","新城鄉","121.615","24.060","56"
"265","265754","20220921080000","265","1","花蓮縣","新城鄉","121.610","24.065","236"
"666","265773","20220921080000","499","2","彰化縣","彰化市","120.570","24.085","668"
"660","265774","20220921080000","643","1","彰化縣","彰化市","120.575","24.090","634"
"272","265780","20220921080000","253","1","彰化縣","彰化市","120.620","24.045","269"
"366","265784","20220921080000","308","1","彰化縣","彰化市","120.620","24.060","346"
"1206","265794","20220921080000","1553","0","彰化縣","彰化市","120.535","24.090","1147"
"999","265797","20220921080000","745","2","彰化縣","彰化市","120.545","24.075","992"
"1136","265798","20220921080000","525","3","彰化縣","彰化市","120.555","24.070","1149"
"2058","265800","20220921080000","1316","3","彰化縣","彰化市","120.545","24.085","1990"
"399","265801","20220921080000","315","2","彰化縣","彰化市","120.555","24.090","421"
"1459","265802","20220921080000","1245","1","彰化縣","彰化市","120.555","24.080","1479"
"232","265803","20220921080000","1048","0","彰化縣","彰化市","120.560","24.080","222"
"1447","265804","20220921080000","1277","1","彰化縣","彰化市","120.555","24.085","1510"
"51","265805","20220921080000","102","0","彰化縣","彰化市","120.560","24.085","48"
"681","265806","20220921080000","735","0","彰化縣","彰化市","120.535","24.080","682"
"2398","265807","20220921080000","1605","2","彰化縣","彰化市","120.540","24.085","2475"
"2263","265808","20220921080000","1426","3","彰化縣","彰化市","120.545","24.090","2180"
"578","265810","20220921080000","286","3","彰化縣","彰化市","120.550","24.075","568"
"3640","265812","20220921080000","1509","3","彰化縣","彰化市","120.530","24.080","3588"
"45","265817","20220921080000","260","0","彰化縣","鹿港鎮","120.480","24.090","59"
"1030","265820","20220921080000","558","3","彰化縣","彰化市","120.535","24.070","1017"
"1426","265821","20220921080000","932","3","彰化縣","彰化市","120.530","24.065","1414"
"2396","265822","20220921080000","1519","3","彰化縣","彰化市","120.530","24.070","2423"
"633","265823","20220921080000","715","0","彰化縣","鹿港鎮","120.445","24.055","655"
"20","265824","20220921080000","307","0","彰化縣","鹿港鎮","120.445","24.060","20"
"22","265825","20220921080000","34","0","彰化縣","鹿港鎮","120.450","24.060","15"
"468","265826","20220921080000","542","0","彰化縣","鹿港鎮","120.445","24.065","504"
"16","265839","20220921080000","20","0","彰化縣","彰化市","120.580","24.075","19"
"299","265841","20220921080000","1498","0","彰化縣","彰化市","120.535","24.075","314"
"608","265848","20220921080000","647","0","彰化縣","鹿港鎮","120.460","24.080","632"
"409","265863","20220921080000","378","1","彰化縣","鹿港鎮","120.435","24.050","391"
"963","265864","20220921080000","1224","0","彰化縣","彰化市","120.550","24.085","998"
"136","265898","20220921080000","473","0","南投縣","國姓鄉","120.860","24.060","681"
"269","265927","20220921080000","194","2","南投縣","國姓鄉","120.845","24.025","236"
"43","265948","20220921080000","303","0","南投縣","國姓鄉","120.860","24.040","25"
"588","265956","20220921080000","313","3","南投縣","國姓鄉","120.855","24.045","487"
"356","265973","20220921080000","297","1","南投縣","國姓鄉","120.820","24.020","325"
"3472","266081","20220921080000","3024","1","彰化縣","彰化市","120.535","24.065","3444"
"2152","266082","20220921080000","794","3","彰化縣","和美鎮","120.510","24.090","2130"
"290","266091","20220921080000","246","1","彰化縣","埔鹽鄉","120.455","24.015","293"
"2209","266093","20220921080000","1188","3","彰化縣","彰化市","120.540","24.070","2169"
"25","266099","20220921080000","575","0","彰化縣","花壇鄉","120.545","24.015","40"
"485","266100","20220921080000","360","2","彰化縣","花壇鄉","120.545","24.020","482"
"64","266107","20220921080000","71","0","彰化縣","花壇鄉","120.545","24.030","67"
"13","266111","20220921080000","57","0","彰化縣","花壇鄉","120.550","24.035","16"
"431","266122","20220921080000","336","2","彰化縣","埔鹽鄉","120.445","24.020","378"
"637","266124","20220921080000","179","3","彰化縣","彰化市","120.520","24.055","632"
"648","266127","20220921080000","728","0","彰化縣","彰化市","120.565","24.090","598"
"1064","266128","20220921080000","634","3","彰化縣","彰化市","120.555","24.095","1063"
"323","266129","20220921080000","244","2","彰化縣","彰化市","120.560","24.095","345"
"841","266131","20220921080000","753","1","彰化縣","彰化市","120.595","24.070","821"
"93","266132","20220921080000","140","0","彰化縣","彰化市","120.595","24.075","97"
"234","266134","20220921080000","163","2","彰化縣","彰化市","120.605","24.075","224"
"687","266136","20220921080000","571","2","彰化縣","彰化市","120.600","24.080","659"
"547","266138","20220921080000","366","2","彰化縣","彰化市","120.595","24.085","553"
"115","266153","20220921080000","95","2","彰化縣","彰化市","120.605","24.045","117"
"251","266154","20220921080000","134","3","彰化縣","彰化市","120.585","24.050","198"
"64","266155","20220921080000","99","0","彰化縣","彰化市","120.590","24.050","64"
"48","266157","20220921080000","46","1","彰化縣","彰化市","120.600","24.050","55"
"423","266166","20220921080000","275","3","彰化縣","彰化市","120.615","24.055","419"
"443","266168","20220921080000","413","1","彰化縣","彰化市","120.580","24.080","443"
"649","266169","20220921080000","610","1","彰化縣","彰化市","120.575","24.085","661"
"1233","266170","20220921080000","962","2","彰化縣","彰化市","120.580","24.085","1225"
"227","266171","20220921080000","217","1","彰化縣","彰化市","120.560","24.075","221"
"947","266172","20220921080000","1010","0","彰化縣","彰化市","120.550","24.080","923"
"1502","266176","20220921080000","394","3","彰化縣","和美鎮","120.495","24.085","1446"
"67","266180","20220921080000","59","1","彰化縣","和美鎮","120.495","24.090","62"
"884","266182","20220921080000","2341","0","彰化縣","彰化市","120.535","24.085","869"
"744","266183","20220921080000","771","0","彰化縣","和美鎮","120.525","24.095","731"
"91","266185","20220921080000","134","0","彰化縣","和美鎮","120.535","24.095","96"
"49","266190","20220921080000","62","0","彰化縣","秀水鄉","120.505","24.065","49"
"1573","266191","20220921080000","399","3","彰化縣","彰化市","120.510","24.065","1540"
"1305","266192","20220921080000","991","2","彰化縣","彰化市","120.515","24.065","1290"
"779","266194","20220921080000","205","3","彰化縣","彰化市","120.510","24.070","813"
"352","266196","20220921080000","280","2","彰化縣","花壇鄉","120.570","24.055","349"
"16","266199","20220921080000","28","0","彰化縣","彰化市","120.560","24.060","11"
"20","266205","20220921080000","203","0","彰化縣","彰化市","120.570","24.065","20"
"2630","266210","20220921080000","837","3","彰化縣","彰化市","120.540","24.075","2638"
"3250","266211","20220921080000","2287","2","彰化縣","彰化市","120.540","24.080","3226"
"1947","266214","20220921080000","445","3","彰化縣","彰化市","120.525","24.080","1943"
"1015","266216","20220921080000","818","2","彰化縣","彰化市","120.530","24.085","1010"
"1444","266222","20220921080000","1419","1","彰化縣","彰化市","120.600","24.090","1375"
"505","266224","20220921080000","388","2","彰化縣","彰化市","120.585","24.090","454"
"210","266228","20220921080000","154","2","彰化縣","彰化市","120.580","24.095","215"
"547","266233","20220921080000","207","3","彰化縣","秀水鄉","120.500","24.075","542"
"44","266234","20220921080000","519","0","彰化縣","彰化市","120.505","24.075","41"
"832","266237","20220921080000","333","3","彰化縣","彰化市","120.520","24.075","811"
"385","266238","20220921080000","162","3","彰化縣","彰化市","120.510","24.080","400"
"182","266239","20220921080000","379","0","彰化縣","和美鎮","120.515","24.080","215"
"49","266240","20220921080000","197","0","彰化縣","彰化市","120.520","24.080","49"
"596","266241","20220921080000","277","3","彰化縣","彰化市","120.515","24.085","625"
"295","266243","20220921080000","207","2","彰化縣","彰化市","120.525","24.085","314"
"403","266244","20220921080000","654","0","彰化縣","彰化市","120.545","24.095","400"
"56","266245","20220921080000","576","0","彰化縣","彰化市","120.545","24.080","45"
"214","266246","20220921080000","186","1","彰化縣","彰化市","120.565","24.085","238"
"1636","266247","20220921080000","1551","1","彰化縣","彰化市","120.560","24.090","1628"
"463","266248","20220921080000","462","1","彰化縣","彰化市","120.570","24.090","490"
"850","266249","20220921080000","677","2","彰化縣","和美鎮","120.530","24.090","829"
"427","266250","20220921080000","340","2","彰化縣","彰化市","120.555","24.065","458"
"2530","266251","20220921080000","3511","0","彰化縣","彰化市","120.545","24.070","2524"
"923","266252","20220921080000","438","3","彰化縣","彰化市","120.550","24.070","918"
"14","266255","20220921080000","23","0","彰化縣","彰化市","120.600","24.060","14"
"10","266262","20220921080000","204","0","彰化縣","彰化市","120.610","24.065","10"
"359","266263","20220921080000","316","1","彰化縣","彰化市","120.600","24.070","362"
"34","266264","20220921080000","32","1","彰化縣","彰化市","120.605","24.070","36"
"257","266265","20220921080000","209","2","彰化縣","彰化市","120.610","24.070","257"
"145","266266","20220921080000","1303","0","彰化縣","彰化市","120.540","24.090","160"
"581","266267","20220921080000","449","2","彰化縣","和美鎮","120.520","24.090","616"
"55","266274","20220921080000","446","0","彰化縣","和美鎮","120.505","24.085","52"
"52","266309","20220921080000","41","2","南投縣","仁愛鄉","120.970","24.045","44"
"212","266333","20220921080000","244","0","南投縣","仁愛鄉","120.970","24.060","221"
"165","266406","20220921080000","172","0","南投縣","仁愛鄉","121.095","24.010","172"
"129","266517","20220921080000","125","1","南投縣","仁愛鄉","121.210","24.075","136"
"40","266589","20220921080000","45","0","南投縣","仁愛鄉","121.210","24.090","40"
"21","266666","20220921080000","339","0","南投縣","仁愛鄉","121.130","24.020","14"
"387","266696","20220921080000","327","1","南投縣","仁愛鄉","121.150","24.040","395"
"13","266697","20220921080000","16","0","南投縣","仁愛鄉","121.155","24.040","12"
"580","266700","20220921080000","383","3","南投縣","仁愛鄉","121.125","24.045","585"
"173","266706","20220921080000","153","1","南投縣","仁愛鄉","121.155","24.045","157"
"27","266715","20220921080000","29","0","南投縣","仁愛鄉","121.155","24.050","27"
"45","266733","20220921080000","67","0","南投縣","仁愛鄉","121.160","24.055","42"
"316","266768","20220921080000","321","0","南投縣","仁愛鄉","121.165","24.070","284"
"20","267165","20220921080000","32","0","南投縣","仁愛鄉","121.025","24.090","29"
"16","267167","20220921080000","23","0","南投縣","仁愛鄉","121.035","24.090","21"
"71","267268","20220921080000","238","0","南投縣","仁愛鄉","121.175","24.010","50"
"36","267286","20220921080000","280","0","南投縣","仁愛鄉","121.140","24.025","34"
"12","267290","20220921080000","60","0","南投縣","仁愛鄉","121.160","24.025","11"
"620","267410","20220921080000","581","1","南投縣","仁愛鄉","121.180","24.035","604"
"94","267555","20220921080000","62","3","南投縣","仁愛鄉","121.190","24.060","97"
"275","267605","20220921080000","296","0","南投縣","仁愛鄉","121.210","24.070","235"
"177","267630","20220921080000","161","1","彰化縣","花壇鄉","120.530","24.050","202"
"668","267631","20220921080000","569","1","彰化縣","彰化市","120.530","24.055","670"
"1610","267632","20220921080000","1331","2","彰化縣","彰化市","120.530","24.060","1631"
"112","267633","20220921080000","1639","0","彰化縣","彰化市","120.535","24.060","113"
"1807","267634","20220921080000","1711","1","彰化縣","彰化市","120.550","24.090","1773"
"648","267636","20220921080000","537","2","彰化縣","彰化市","120.550","24.095","639"
"120","267637","20220921080000","96","2","彰化縣","彰化市","120.590","24.065","136"
"450","267640","20220921080000","302","2","彰化縣","彰化市","120.585","24.080","480"
"612","267641","20220921080000","529","1","彰化縣","彰化市","120.590","24.080","644"
"766","267646","20220921080000","502","3","彰化縣","彰化市","120.520","24.065","809"
"1824","267649","20220921080000","1579","1","彰化縣","彰化市","120.525","24.070","1785"
"57","267650","20220921080000","102","0","彰化縣","彰化市","120.525","24.075","62"
"551","267652","20220921080000","429","2","彰化縣","彰化市","120.555","24.050","500"
"718","267654","20220921080000","512","2","彰化縣","彰化市","120.535","24.055","751"
"311","267655","20220921080000","252","2","彰化縣","彰化市","120.540","24.055","394"
"293","267656","20220921080000","199","2","彰化縣","彰化市","120.545","24.055","283"
"216","267661","20220921080000","258","0","彰化縣","彰化市","120.540","24.060","209"
"304","267662","20220921080000","364","0","彰化縣","彰化市","120.545","24.060","297"
"133","267664","20220921080000","84","3","彰化縣","彰化市","120.555","24.060","148"
"3519","267665","20220921080000","2705","2","彰化縣","彰化市","120.540","24.065","3582"
"668","267666","20220921080000","689","0","彰化縣","彰化市","120.545","24.065","690"
"506","267667","20220921080000","547","0","彰化縣","彰化市","120.550","24.065","525"
"4151","267669","20220921080000","1346","3","彰化縣","彰化市","120.515","24.055","4009"
"3862","267670","20220921080000","1798","3","彰化縣","彰化市","120.515","24.060","3765"
"20","267676","20220921080000","226","0","彰化縣","福興鄉","120.470","24.030","15"
"155","267682","20220921080000","82","3","彰化縣","福興鄉","120.470","24.035","147"
"611","267689","20220921080000","399","3","彰化縣","福興鄉","120.480","24.040","495"
"340","267697","20220921080000","155","3","彰化縣","福興鄉","120.455","24.035","334"
"719","267705","20220921080000","716","1","彰化縣","福興鄉","120.465","24.045","726"
"11","267711","20220921080000","234","0","彰化縣","福興鄉","120.460","24.020","11"
"272","267717","20220921080000","150","3","彰化縣","秀水鄉","120.510","24.015","289"
"29","267718","20220921080000","24","2","彰化縣","秀水鄉","120.500","24.020","29"
"27","267726","20220921080000","98","0","彰化縣","鹿港鎮","120.480","24.085","29"
"1090","267729","20220921080000","616","3","彰化縣","鹿港鎮","120.485","24.090","1092"
"2165","267732","20220921080000","1649","2","彰化縣","鹿港鎮","120.435","24.055","2155"
"1295","267736","20220921080000","654","3","彰化縣","鹿港鎮","120.465","24.090","1251"
"32","267739","20220921080000","311","0","彰化縣","鹿港鎮","120.470","24.095","36"
"1552","267795","20220921080000","892","3","彰化縣","福興鄉","120.490","24.015","1258"
"336","267808","20220921080000","304","1","彰化縣","福興鄉","120.440","24.030","322"
"376","267810","20220921080000","330","1","彰化縣","福興鄉","120.435","24.035","397"
"452","267824","20220921080000","430","1","彰化縣","福興鄉","120.390","24.015","487"
"580","267834","20220921080000","648","0","彰化縣","福興鄉","120.410","24.020","583"
"62","267844","20220921080000","772","0","彰化縣","秀水鄉","120.495","24.025","1214"
"706","267873","20220921080000","544","2","彰化縣","福興鄉","120.400","24.045","744"
"662","267898","20220921080000","401","3","彰化縣","福興鄉","120.430","24.040","685"
"803","267900","20220921080000","598","2","彰化縣","福興鄉","120.430","24.045","765"
"25","267904","20220921080000","278","0","彰化縣","福興鄉","120.430","24.050","27"
"232","267908","20220921080000","134","3","彰化縣","福興鄉","120.430","24.020","214"
"30","267913","20220921080000","21","2","彰化縣","福興鄉","120.425","24.030","25"
"49","267926","20220921080000","39","2","彰化縣","福興鄉","120.405","24.030","48"
"311","267928","20220921080000","224","2","彰化縣","福興鄉","120.415","24.030","308"
"58","267935","20220921080000","59","0","彰化縣","秀水鄉","120.500","24.060","53"
"223","267946","20220921080000","222","1","彰化縣","秀水鄉","120.490","24.050","268"
"208","267947","20220921080000","61","3","彰化縣","秀水鄉","120.495","24.050","198"
"94","267949","20220921080000","527","0","彰化縣","秀水鄉","120.500","24.050","104"
"16","267955","20220921080000","241","0","彰化縣","秀水鄉","120.495","24.060","21"
"115","267957","20220921080000","760","0","彰化縣","秀水鄉","120.500","24.030","106"
"243","267959","20220921080000","814","0","彰化縣","秀水鄉","120.495","24.035","194"
"80","267960","20220921080000","742","0","彰化縣","秀水鄉","120.500","24.035","84"
"231","267964","20220921080000","95","3","彰化縣","秀水鄉","120.520","24.025","193"
"46","267966","20220921080000","522","0","彰化縣","秀水鄉","120.520","24.030","45"
"448","267972","20220921080000","405","1","彰化縣","鹿港鎮","120.435","24.065","448"
"541","267973","20220921080000","519","1","彰化縣","鹿港鎮","120.440","24.065","512"
"332","267975","20220921080000","353","0","彰化縣","鹿港鎮","120.435","24.070","333"
"24","267978","20220921080000","290","0","彰化縣","鹿港鎮","120.425","24.075","24"
"1756","267984","20220921080000","1615","1","彰化縣","鹿港鎮","120.410","24.080","1789"
"191","267987","20220921080000","190","1","彰化縣","鹿港鎮","120.425","24.080","202"
"11","267991","20220921080000","299","0","彰化縣","鹿港鎮","120.445","24.080","18"
"675","267999","20220921080000","543","2","彰化縣","鹿港鎮","120.415","24.080","673"
"522","268001","20220921080000","479","1","彰化縣","鹿港鎮","120.425","24.085","544"
"867","268005","20220921080000","534","3","彰化縣","鹿港鎮","120.445","24.085","826"
"568","268020","20220921080000","396","2","彰化縣","鹿港鎮","120.475","24.065","575"
"19","268028","20220921080000","281","0","彰化縣","鹿港鎮","120.485","24.080","23"
"1063","268031","20220921080000","468","3","彰化縣","鹿港鎮","120.485","24.085","1077"
"1127","268032","20220921080000","1021","1","彰化縣","鹿港鎮","120.430","24.060","1161"
"385","268034","20220921080000","591","0","彰化縣","彰化市","120.525","24.060","387"
"852","268035","20220921080000","964","0","彰化縣","彰化市","120.525","24.065","848"
"129","268044","20220921080000","453","0","彰化縣","鹿港鎮","120.450","24.095","113"
"41","268053","20220921080000","22","3","彰化縣","鹿港鎮","120.470","24.075","45"
"276","268057","20220921080000","1099","0","彰化縣","鹿港鎮","120.475","24.080","261"
"295","268061","20220921080000","422","0","彰化縣","鹿港鎮","120.430","24.055","308"
"14","268068","20220921080000","144","0","彰化縣","芬園鄉","120.625","24.025","26"
"13","268070","20220921080000","29","0","彰化縣","花壇鄉","120.600","24.015","12"
"24","268073","20220921080000","27","0","彰化縣","芬園鄉","120.615","24.015","23"
"63","268074","20220921080000","74","0","彰化縣","芬園鄉","120.620","24.015","63"
"33","268077","20220921080000","432","0","彰化縣","福興鄉","120.480","24.045","32"
"1076","268085","20220921080000","1012","1","彰化縣","鹿港鎮","120.470","24.055","1086"
"143","268089","20220921080000","144","0","彰化縣","鹿港鎮","120.460","24.060","145"
"196","268108","20220921080000","192","1","彰化縣","鹿港鎮","120.385","24.060","188"
"353","268109","20220921080000","239","2","彰化縣","鹿港鎮","120.390","24.060","347"
"441","268110","20220921080000","407","1","彰化縣","鹿港鎮","120.395","24.060","433"
"20","268126","20220921080000","19","1","彰化縣","鹿港鎮","120.390","24.065","16"
"598","268128","20220921080000","308","3","彰化縣","鹿港鎮","120.400","24.065","597"
"227","268129","20220921080000","213","1","彰化縣","鹿港鎮","120.405","24.065","243"
"487","268130","20220921080000","371","2","彰化縣","鹿港鎮","120.410","24.065","524"
"598","268134","20220921080000","477","2","彰化縣","鹿港鎮","120.430","24.065","575"
"126","268144","20220921080000","138","0","彰化縣","鹿港鎮","120.395","24.070","134"
"353","268157","20220921080000","344","1","彰化縣","鹿港鎮","120.390","24.075","372"
"62","268158","20220921080000","184","0","彰化縣","鹿港鎮","120.395","24.075","65"
"227","268161","20220921080000","218","1","彰化縣","鹿港鎮","120.410","24.075","199"
"37","268162","20220921080000","60","0","彰化縣","鹿港鎮","120.415","24.075","41"
"985","268170","20220921080000","873","1","彰化縣","鹿港鎮","120.395","24.080","973"
"1401","268172","20220921080000","1490","0","彰化縣","鹿港鎮","120.440","24.055","1411"
"114","268173","20220921080000","1074","0","彰化縣","鹿港鎮","120.440","24.060","118"
"2051","268175","20220921080000","1931","1","彰化縣","福興鄉","120.440","24.045","2043"
"14","268176","20220921080000","131","0","彰化縣","花壇鄉","120.550","24.040","14"
"37","268203","20220921080000","25","2","彰化縣","芬園鄉","120.595","24.035","38"
"190","268205","20220921080000","163","1","彰化縣","芬園鄉","120.605","24.035","176"
"502","268224","20220921080000","415","2","彰化縣","芬園鄉","120.650","24.020","509"
"669","268226","20220921080000","303","3","彰化縣","芬園鄉","120.635","24.025","666"
"343","268233","20220921080000","363","0","彰化縣","福興鄉","120.440","24.035","344"
"681","268245","20220921080000","345","3","彰化縣","秀水鄉","120.490","24.070","668"
"383","268249","20220921080000","207","3","彰化縣","秀水鄉","120.505","24.030","366"
"201","268253","20220921080000","787","0","彰化縣","秀水鄉","120.505","24.040","186"
"54","268258","20220921080000","339","0","彰化縣","秀水鄉","120.515","24.020","66"
"14","268261","20220921080000","390","0","彰化縣","福興鄉","120.450","24.030","18"
"559","268262","20220921080000","376","2","彰化縣","福興鄉","120.455","24.030","568"
"837","268271","20220921080000","697","2","彰化縣","福興鄉","120.420","24.035","819"
"44","268274","20220921080000","358","0","彰化縣","福興鄉","120.425","24.035","40"
"783","268277","20220921080000","685","1","彰化縣","芬園鄉","120.660","24.015","779"
"82","268289","20220921080000","501","0","彰化縣","芬園鄉","120.625","24.020","81"
"65","268296","20220921080000","528","0","彰化縣","福興鄉","120.470","24.020","63"
"1030","268297","20220921080000","281","3","彰化縣","秀水鄉","120.505","24.035","1004"
"23","268301","20220921080000","288","0","彰化縣","秀水鄉","120.495","24.040","20"
"32","268303","20220921080000","359","0","彰化縣","秀水鄉","120.500","24.040","35"
"904","268308","20220921080000","328","3","彰化縣","秀水鄉","120.510","24.045","898"
"678","268316","20220921080000","528","2","彰化縣","花壇鄉","120.530","24.020","722"
"365","268321","20220921080000","377","0","彰化縣","花壇鄉","120.530","24.040","384"
"65","268322","20220921080000","348","0","彰化縣","花壇鄉","120.520","24.045","45"
"39","268324","20220921080000","679","0","彰化縣","花壇鄉","120.530","24.045","34"
"221","268327","20220921080000","198","1","彰化縣","花壇鄉","120.535","24.030","210"
"524","268328","20220921080000","501","1","彰化縣","花壇鄉","120.535","24.035","511"
"32","268329","20220921080000","241","0","彰化縣","花壇鄉","120.535","24.040","50"
"60","268331","20220921080000","464","0","彰化縣","花壇鄉","120.545","24.040","46"
"419","268333","20220921080000","280","2","彰化縣","花壇鄉","120.540","24.040","415"
"377","268335","20220921080000","325","1","彰化縣","花壇鄉","120.555","24.020","375"
"71","268336","20220921080000","669","0","彰化縣","花壇鄉","120.540","24.025","81"
"474","268338","20220921080000","367","2","彰化縣","花壇鄉","120.550","24.025","479"
"157","268339","20220921080000","124","2","彰化縣","花壇鄉","120.555","24.025","160"
"160","268347","20220921080000","118","2","彰化縣","花壇鄉","120.565","24.020","162"
"37","268352","20220921080000","36","1","彰化縣","花壇鄉","120.575","24.030","44"
"156","268356","20220921080000","156","1","彰化縣","花壇鄉","120.575","24.035","138"
"56","268370","20220921080000","125","0","彰化縣","花壇鄉","120.560","24.015","58"
"115","268371","20220921080000","111","1","彰化縣","花壇鄉","120.570","24.020","133"
"26","268375","20220921080000","27","0","彰化縣","花壇鄉","120.595","24.020","31"
"154","268381","20220921080000","664","0","彰化縣","花壇鄉","120.545","24.045","171"
"34","268391","20220921080000","21","3","彰化縣","花壇鄉","120.540","24.020","30"
"1682","268393","20220921080000","1350","2","彰化縣","花壇鄉","120.535","24.025","1746"
"17","268399","20220921080000","254","0","彰化縣","福興鄉","120.480","24.020","18"
"14","269403","20220921080000","22","0","彰化縣","鹿港鎮","120.395","24.105","14"
"742","274405","20220921080000","1062","0","臺中市","太平區","120.720","24.135","763"
"1905","274408","20220921080000","1553","2","臺中市","太平區","120.720","24.115","1881"
"87","274410","20220921080000","67","2","臺中市","太平區","120.755","24.120","95"
"186","274476","20220921080000","175","1","臺中市","太平區","120.810","24.140","164"
"4806","274515","20220921080000","2259","3","臺中市","南屯區","120.645","24.135","4784"
"2696","274516","20220921080000","2861","0","臺中市","南屯區","120.650","24.140","2707"
"2227","274517","20220921080000","1803","2","臺中市","南屯區","120.650","24.150","2219"
"800","274518","20220921080000","901","0","臺中市","西屯區","120.650","24.155","841"
"32","274519","20220921080000","409","0","臺中市","南屯區","120.650","24.135","30"
"1609","274520","20220921080000","1181","2","臺中市","南屯區","120.650","24.130","1590"
"580","274521","20220921080000","405","2","臺中市","南屯區","120.610","24.150","600"
"2256","274522","20220921080000","1829","2","臺中市","南屯區","120.615","24.150","2313"
"14","274523","20220921080000","17","0","臺中市","南屯區","120.620","24.150","20"
"1518","274524","20220921080000","1109","2","臺中市","南屯區","120.605","24.155","1606"
"540","274525","20220921080000","429","2","臺中市","南屯區","120.610","24.155","546"
"74","274528","20220921080000","67","1","臺中市","南屯區","120.590","24.160","65"
"299","274530","20220921080000","237","2","臺中市","南屯區","120.600","24.160","288"
"1008","274531","20220921080000","1098","0","臺中市","南屯區","120.605","24.160","1049"
"457","274534","20220921080000","286","3","臺中市","南屯區","120.590","24.165","467"
"1686","274535","20220921080000","1766","0","臺中市","北區","120.690","24.155","1750"
"2126","274536","20220921080000","2195","0","臺中市","北屯區","120.695","24.165","2083"
"1768","274537","20220921080000","1541","1","臺中市","北屯區","120.700","24.160","1749"
"2092","274538","20220921080000","1569","2","臺中市","北區","120.690","24.160","2090"
"1621","274539","20220921080000","2207","0","臺中市","北區","120.680","24.150","1693"
"3265","274540","20220921080000","1777","3","臺中市","北區","120.685","24.150","3418"
"1014","274541","20220921080000","1650","0","臺中市","南區","120.660","24.125","1042"
"2123","274543","20220921080000","1961","1","臺中市","南區","120.675","24.125","2118"
"55","274544","20220921080000","69","0","臺中市","北屯區","120.665","24.185","48"
"855","274545","20220921080000","549","3","臺中市","北屯區","120.725","24.170","808"
"785","274546","20220921080000","1458","0","臺中市","北屯區","120.720","24.175","747"
"1411","274547","20220921080000","1246","1","臺中市","北屯區","120.725","24.175","1478"
"2080","274549","20220921080000","1648","2","臺中市","北屯區","120.725","24.180","1978"
"528","274551","20220921080000","422","2","臺中市","北屯區","120.735","24.180","560"
"1944","274554","20220921080000","1865","1","臺中市","西區","120.675","24.140","1930"
"1150","274556","20220921080000","1234","0","臺中市","大里區","120.675","24.105","1186"
"591","274558","20220921080000","642","0","臺中市","大里區","120.675","24.115","611"
"1831","274559","20220921080000","1985","0","臺中市","西屯區","120.615","24.175","1927"
"1413","274560","20220921080000","972","2","臺中市","西屯區","120.630","24.175","1354"
"2633","274561","20220921080000","2642","0","臺中市","西屯區","120.615","24.180","2569"
"1709","274562","20220921080000","1718","0","臺中市","西屯區","120.625","24.180","1683"
"931","274564","20220921080000","890","1","臺中市","西屯區","120.630","24.180","946"
"2663","274566","20220921080000","2587","1","臺中市","西屯區","120.640","24.175","2741"
"1700","274567","20220921080000","1545","1","臺中市","西屯區","120.635","24.175","1614"
"1833","274568","20220921080000","973","3","臺中市","西屯區","120.635","24.180","1774"
"100","274569","20220921080000","1342","0","臺中市","西屯區","120.630","24.185","105"
"109","274571","20220921080000","697","0","臺中市","北屯區","120.715","24.175","118"
"1019","274572","20220921080000","972","1","臺中市","北屯區","120.715","24.180","1023"
"306","274575","20220921080000","677","0","臺中市","北屯區","120.715","24.185","315"
"95","274577","20220921080000","63","3","臺中市","北屯區","120.730","24.185","75"
"633","274578","20220921080000","451","2","臺中市","北屯區","120.720","24.185","692"
"1441","274581","20220921080000","2053","0","臺中市","北區","120.665","24.165","1484"
"1673","274582","20220921080000","1979","0","臺中市","北區","120.670","24.165","1746"
"639","274583","20220921080000","391","3","臺中市","南區","120.670","24.125","662"
"1620","274585","20220921080000","1482","1","臺中市","西屯區","120.610","24.185","1646"
"1538","274586","20220921080000","1353","1","臺中市","西屯區","120.600","24.180","1556"
"1670","274587","20220921080000","1426","1","臺中市","西屯區","120.605","24.180","1736"
"252","274591","20220921080000","1651","0","臺中市","龍井區","120.530","24.180","241"
"616","274593","20220921080000","1529","0","臺中市","烏日區","120.635","24.100","683"
"1983","274595","20220921080000","2434","0","臺中市","烏日區","120.635","24.105","2040"
"1121","274596","20220921080000","1242","0","臺中市","烏日區","120.640","24.105","1093"
"99","274603","20220921080000","585","0","臺中市","大肚區","120.530","24.160","108"
"3542","274608","20220921080000","2387","2","臺中市","西區","120.670","24.135","3560"
"590","274609","20220921080000","1619","0","臺中市","西區","120.655","24.150","726"
"2939","274610","20220921080000","2633","1","臺中市","西區","120.655","24.135","2838"
"2304","274611","20220921080000","2613","0","臺中市","西區","120.655","24.145","2166"
"1948","274612","20220921080000","2102","0","臺中市","西區","120.670","24.130","1946"
"257","274615","20220921080000","298","0","臺中市","太平區","120.735","24.135","254"
"36","274616","20220921080000","23","3","臺中市","太平區","120.740","24.140","34"
"2044","274620","20220921080000","1612","2","臺中市","北區","120.685","24.160","2051"
"2189","274621","20220921080000","1510","2","臺中市","北區","120.675","24.150","2058"
"1919","274623","20220921080000","1082","3","臺中市","北區","120.690","24.150","1989"
"1656","274624","20220921080000","1248","2","臺中市","南區","120.680","24.120","1682"
"2726","274625","20220921080000","2405","1","臺中市","大里區","120.685","24.120","2654"
"920","274626","20220921080000","793","1","臺中市","南區","120.660","24.120","938"
"1677","274627","20220921080000","964","3","臺中市","南區","120.675","24.120","1660"
"1548","274628","20220921080000","1903","0","臺中市","東區","120.695","24.130","1545"
"1682","274629","20220921080000","2284","0","臺中市","西屯區","120.620","24.185","1695"
"1051","274630","20220921080000","662","3","臺中市","西屯區","120.615","24.185","1028"
"704","274631","20220921080000","1254","0","臺中市","西屯區","120.620","24.190","671"
"4086","274632","20220921080000","3735","1","臺中市","西屯區","120.605","24.185","4018"
"1679","274634","20220921080000","1659","1","臺中市","西屯區","120.600","24.185","1618"
"830","274636","20220921080000","531","3","臺中市","東區","120.705","24.130","828"
"370","274637","20220921080000","677","0","臺中市","東區","120.705","24.135","371"
"3067","274639","20220921080000","2033","3","臺中市","東區","120.695","24.145","3009"
"144","274640","20220921080000","178","0","臺中市","東區","120.700","24.145","155"
"1621","274641","20220921080000","1285","2","臺中市","東區","120.695","24.125","1614"
"2824","274642","20220921080000","2041","2","臺中市","大里區","120.680","24.110","2787"
"191","274644","20220921080000","212","0","臺中市","大里區","120.665","24.100","210"
"50","274646","20220921080000","753","0","臺中市","大里區","120.665","24.105","71"
"469","274647","20220921080000","336","2","臺中市","大里區","120.670","24.105","511"
"54","274648","20220921080000","1103","0","臺中市","大里區","120.665","24.110","60"
"1230","274649","20220921080000","1034","1","臺中市","大里區","120.670","24.110","1268"
"572","274650","20220921080000","530","1","臺中市","大里區","120.700","24.105","564"
"10","274669","20220921080000","100","0","臺中市","太平區","120.780","24.105","14"
"218","274683","20220921080000","211","1","臺中市","太平區","120.765","24.110","220"
"61","274707","20220921080000","69","0","臺中市","太平區","120.795","24.115","71"
"11","274708","20220921080000","11","1","臺中市","太平區","120.800","24.115","11"
"301","274737","20220921080000","394","0","臺中市","太平區","120.720","24.140","313"
"919","274738","20220921080000","628","2","臺中市","太平區","120.725","24.135","879"
"1222","274739","20220921080000","765","3","臺中市","大里區","120.695","24.120","1140"
"155","274741","20220921080000","150","1","臺中市","東區","120.700","24.130","150"
"147","274742","20220921080000","127","1","臺中市","東區","120.700","24.135","135"
"1722","274744","20220921080000","1963","0","臺中市","大里區","120.685","24.105","1711"
"22","274758","20220921080000","22","1","臺中市","新社區","120.825","24.145","18"
"214","274781","20220921080000","86","3","臺中市","新社區","120.825","24.165","222"
"110","274785","20220921080000","77","2","臺中市","新社區","120.835","24.170","108"
"880","274786","20220921080000","553","3","臺中市","西屯區","120.610","24.180","895"
"38","274787","20220921080000","561","0","臺中市","南區","120.680","24.125","35"
"1611","274788","20220921080000","955","3","臺中市","東區","120.685","24.135","1522"
"3669","274789","20220921080000","2711","2","臺中市","北區","120.685","24.145","3577"
"4188","274790","20220921080000","3638","1","臺中市","北屯區","120.670","24.175","3964"
"936","274792","20220921080000","845","1","臺中市","東區","120.695","24.135","967"
"64","274805","20220921080000","58","1","臺中市","新社區","120.825","24.155","62"
"327","274823","20220921080000","286","1","臺中市","新社區","120.800","24.180","335"
"160","274835","20220921080000","1396","0","臺中市","大肚區","120.540","24.150","133"
"313","274842","20220921080000","321","0","臺中市","大肚區","120.540","24.170","295"
"16","274852","20220921080000","25","0","臺中市","大肚區","120.525","24.175","27"
"80","274869","20220921080000","532","0","臺中市","大肚區","120.545","24.135","70"
"18","274873","20220921080000","285","0","臺中市","大肚區","120.550","24.140","25"
"187","274874","20220921080000","209","0","臺中市","大肚區","120.555","24.140","205"
"2154","274883","20220921080000","1837","1","臺中市","北區","120.670","24.155","2144"
"745","274884","20220921080000","603","2","臺中市","西屯區","120.655","24.175","797"
"127","274885","20220921080000","589","0","臺中市","西屯區","120.660","24.175","119"
"2160","274889","20220921080000","1531","2","臺中市","大肚區","120.580","24.110","2032"
"40","274891","20220921080000","410","0","臺中市","大肚區","120.570","24.115","26"
"148","274895","20220921080000","176","0","臺中市","大肚區","120.545","24.145","162"
"152","274897","20220921080000","1398","0","臺中市","大肚區","120.550","24.150","162"
"1269","274905","20220921080000","909","2","臺中市","南區","120.650","24.115","1249"
"329","274907","20220921080000","821","0","臺中市","南區","120.650","24.120","369"
"1172","274908","20220921080000","1159","1","臺中市","南區","120.655","24.120","1249"
"1163","274910","20220921080000","984","1","臺中市","南區","120.645","24.110","1052"
"1610","274911","20220921080000","1690","0","臺中市","南區","120.650","24.110","1573"
"1359","274912","20220921080000","1334","1","臺中市","南區","120.655","24.110","1439"
"717","274913","20220921080000","1232","0","臺中市","南區","120.670","24.115","786"
"553","274917","20220921080000","467","1","臺中市","龍井區","120.575","24.180","556"
"1252","274918","20220921080000","949","2","臺中市","龍井區","120.580","24.180","1252"
"412","274921","20220921080000","392","1","臺中市","龍井區","120.580","24.185","383"
"218","274926","20220921080000","227","0","臺中市","新社區","120.815","24.180","203"
"12","274937","20220921080000","20","0","臺中市","新社區","120.880","24.105","11"
"112","274950","20220921080000","89","2","南投縣","國姓鄉","120.855","24.120","100"
"18","274969","20220921080000","24","0","臺中市","新社區","120.840","24.130","15"
"68","274972","20220921080000","66","1","臺中市","新社區","120.855","24.130","59"
"61","274982","20220921080000","48","2","臺中市","新社區","120.855","24.135","54"
"12","275017","20220921080000","93","0","臺中市","新社區","120.865","24.155","11"
"428","275027","20220921080000","134","3","臺中市","新社區","120.885","24.160","405"
"1747","275034","20220921080000","1931","0","臺中市","北區","120.675","24.165","1696"
"4499","275035","20220921080000","3408","2","臺中市","北區","120.680","24.165","4607"
"1427","275036","20220921080000","1763","0","臺中市","北區","120.675","24.170","1439"
"1117","275037","20220921080000","1061","1","臺中市","南區","120.655","24.115","1114"
"1291","275038","20220921080000","2587","0","臺中市","南區","120.660","24.115","1337"
"2715","275039","20220921080000","2145","2","臺中市","南區","120.665","24.120","2601"
"2332","275040","20220921080000","1833","2","臺中市","南區","120.670","24.120","2334"
"144","275041","20220921080000","696","0","臺中市","太平區","120.715","24.115","115"
"1152","275042","20220921080000","1024","1","臺中市","太平區","120.720","24.120","1102"
"2872","275043","20220921080000","3457","0","臺中市","西屯區","120.645","24.175","2884"
"2747","275044","20220921080000","3400","0","臺中市","西屯區","120.650","24.175","2648"
"649","275045","20220921080000","461","2","臺中市","西屯區","120.640","24.185","667"
"186","275048","20220921080000","159","1","臺中市","西屯區","120.625","24.155","206"
"842","275049","20220921080000","901","0","臺中市","西屯區","120.625","24.160","846"
"1502","275052","20220921080000","1637","0","臺中市","龍井區","120.585","24.180","1491"
"2677","275053","20220921080000","2782","0","臺中市","西屯區","120.590","24.185","2683"
"682","275054","20220921080000","756","0","臺中市","龍井區","120.585","24.185","725"
"993","275055","20220921080000","1753","0","臺中市","龍井區","120.590","24.180","1025"
"555","275056","20220921080000","376","2","臺中市","西屯區","120.595","24.190","542"
"593","275061","20220921080000","762","0","臺中市","東區","120.710","24.145","740"
"1387","275062","20220921080000","1225","1","臺中市","東區","120.710","24.140","1438"
"319","275064","20220921080000","338","0","臺中市","大里區","120.695","24.100","332"
"345","275065","20220921080000","432","0","臺中市","大里區","120.700","24.100","336"
"1418","275066","20220921080000","1192","1","臺中市","大里區","120.685","24.110","1459"
"640","275067","20220921080000","400","3","臺中市","大里區","120.690","24.110","652"
"743","275069","20220921080000","577","2","臺中市","太平區","120.730","24.100","744"
"588","275075","20220921080000","709","0","臺中市","太平區","120.730","24.105","640"
"600","275076","20220921080000","365","3","臺中市","太平區","120.735","24.120","572"
"17","275081","20220921080000","13","2","臺中市","太平區","120.745","24.125","19"
"622","275082","20220921080000","351","3","臺中市","太平區","120.740","24.130","574"
"2861","275083","20220921080000","2443","1","臺中市","北區","120.680","24.155","2777"
"273","275084","20220921080000","245","1","臺中市","太平區","120.750","24.125","285"
"68","275090","20220921080000","38","3","臺中市","太平區","120.755","24.135","75"
"714","275099","20220921080000","480","2","臺中市","太平區","120.735","24.110","714"
"1172","275110","20220921080000","971","2","臺中市","西區","120.665","24.130","1189"
"1386","275111","20220921080000","1482","0","臺中市","東區","120.690","24.125","1348"
"1367","275114","20220921080000","917","2","臺中市","西區","120.665","24.135","1376"
"1571","275115","20220921080000","1939","0","臺中市","西區","120.670","24.140","1661"
"1279","275116","20220921080000","799","3","臺中市","南區","120.655","24.130","1323"
"1216","275118","20220921080000","1388","0","臺中市","北區","120.695","24.155","1213"
"2173","275119","20220921080000","1811","1","臺中市","北區","120.695","24.160","2093"
"6585","275120","20220921080000","3911","3","臺中市","西區","120.660","24.135","6467"
"1075","275121","20220921080000","1032","1","臺中市","東區","120.685","24.130","1034"
"1940","275122","20220921080000","1211","3","臺中市","南區","120.675","24.130","1892"
"1667","275123","20220921080000","1619","1","臺中市","南屯區","120.635","24.145","1823"
"4077","275124","20220921080000","2699","3","臺中市","南屯區","120.640","24.145","3755"
"2886","275125","20220921080000","2027","2","臺中市","西區","120.670","24.145","2975"
"2896","275126","20220921080000","2899","0","臺中市","北區","120.665","24.160","2938"
"995","275128","20220921080000","1804","0","臺中市","北區","120.675","24.160","1051"
"1412","275129","20220921080000","1649","0","臺中市","北區","120.675","24.145","1311"
"1746","275130","20220921080000","1404","2","臺中市","北屯區","120.700","24.185","1747"
"757","275133","20220921080000","248","3","臺中市","北屯區","120.660","24.185","764"
"1935","275134","20220921080000","1342","2","臺中市","北屯區","120.660","24.180","1874"
"325","275137","20220921080000","262","2","臺中市","龍井區","120.565","24.175","348"
"3637","275141","20220921080000","3890","0","臺中市","南屯區","120.655","24.140","3646"
"218","275142","20220921080000","897","0","臺中市","西區","120.665","24.140","224"
"834","275143","20220921080000","720","1","臺中市","西屯區","120.625","24.185","867"
"2201","275144","20220921080000","1970","1","臺中市","西屯區","120.655","24.160","2182"
"1269","275145","20220921080000","1052","2","臺中市","西屯區","120.650","24.165","1285"
"4298","275146","20220921080000","3466","2","臺中市","西屯區","120.655","24.165","4260"
"51","275147","20220921080000","521","0","臺中市","烏日區","120.600","24.120","58"
"83","275154","20220921080000","515","0","臺中市","烏日區","120.605","24.125","96"
"32","275159","20220921080000","106","0","臺中市","南屯區","120.600","24.130","49"
"73","275166","20220921080000","63","1","臺中市","烏日區","120.590","24.110","67"
"2648","275167","20220921080000","1904","2","臺中市","烏日區","120.595","24.110","2600"
"1672","275174","20220921080000","1404","1","臺中市","烏日區","120.615","24.105","1697"
"1431","275175","20220921080000","1476","0","臺中市","烏日區","120.615","24.110","1446"
"285","275177","20220921080000","1119","0","臺中市","烏日區","120.625","24.110","317"
"25","275178","20220921080000","161","0","臺中市","烏日區","120.615","24.115","22"
"1098","275179","20220921080000","2024","0","臺中市","北區","120.685","24.165","1044"
"541","275181","20220921080000","1652","0","臺中市","北屯區","120.725","24.160","532"
"501","275185","20220921080000","400","2","臺中市","北屯區","120.725","24.165","481"
"1541","275187","20220921080000","1285","1","臺中市","北屯區","120.735","24.165","1550"
"39","275188","20220921080000","51","0","臺中市","北屯區","120.740","24.165","43"
"517","275189","20220921080000","365","2","臺中市","北屯區","120.730","24.170","544"
"390","275192","20220921080000","699","0","臺中市","北屯區","120.735","24.175","422"
"596","275193","20220921080000","485","2","臺中市","北屯區","120.740","24.175","624"
"2062","275194","20220921080000","2283","0","臺中市","北區","120.670","24.170","2009"
"808","275195","20220921080000","813","0","臺中市","北屯區","120.690","24.170","849"
"1185","275196","20220921080000","661","3","臺中市","北屯區","120.675","24.175","1251"
"4974","275197","20220921080000","3783","2","臺中市","北屯區","120.680","24.175","4989"
"3568","275198","20220921080000","3004","1","臺中市","北屯區","120.685","24.175","3385"
"3543","275199","20220921080000","3699","0","臺中市","南屯區","120.635","24.150","3668"
"1187","275200","20220921080000","1104","1","臺中市","南屯區","120.640","24.150","1181"
"1665","275201","20220921080000","2291","0","臺中市","南屯區","120.635","24.155","1603"
"1966","275202","20220921080000","1240","3","臺中市","北屯區","120.685","24.190","1973"
"20","275203","20220921080000","146","0","臺中市","南屯區","120.620","24.115","23"
"1773","275204","20220921080000","1076","3","臺中市","南屯區","120.625","24.115","1771"
"286","275206","20220921080000","297","0","臺中市","南屯區","120.625","24.120","278"
"2514","275207","20220921080000","2608","0","臺中市","西屯區","120.650","24.180","2481"
"2426","275208","20220921080000","1738","2","臺中市","西屯區","120.635","24.185","2348"
"4218","275209","20220921080000","3802","1","臺中市","西屯區","120.645","24.180","4216"
"2309","275210","20220921080000","1989","1","臺中市","西屯區","120.640","24.180","2294"
"723","275211","20220921080000","424","3","臺中市","西屯區","120.655","24.185","811"
"1166","275212","20220921080000","760","3","臺中市","西屯區","120.660","24.165","1191"
"2743","275213","20220921080000","2359","1","臺中市","西屯區","120.650","24.160","2733"
"411","275214","20220921080000","410","1","臺中市","西屯區","120.665","24.170","355"
"517","275215","20220921080000","451","1","臺中市","大里區","120.710","24.110","514"
"535","275217","20220921080000","979","0","臺中市","太平區","120.710","24.115","526"
"239","275219","20220921080000","267","0","臺中市","太平區","120.710","24.120","230"
"910","275221","20220921080000","842","1","臺中市","太平區","120.705","24.125","926"
"553","275222","20220921080000","548","1","臺中市","太平區","120.710","24.125","515"
"1359","275223","20220921080000","1393","0","臺中市","太平區","120.715","24.125","1340"
"1603","275227","20220921080000","1157","2","臺中市","北屯區","120.670","24.180","1558"
"784","275228","20220921080000","511","3","臺中市","北屯區","120.665","24.180","819"
"100","275229","20220921080000","734","0","臺中市","北屯區","120.700","24.165","97"
"1739","275230","20220921080000","2266","0","臺中市","北屯區","120.700","24.170","1687"
"1191","275231","20220921080000","628","3","臺中市","北屯區","120.705","24.165","1194"
"1538","275232","20220921080000","1212","2","臺中市","北屯區","120.675","24.180","1578"
"774","275233","20220921080000","445","3","臺中市","北屯區","120.675","24.185","753"
"2664","275234","20220921080000","1618","3","臺中市","北屯區","120.680","24.180","2726"
"1998","275235","20220921080000","1596","2","臺中市","北屯區","120.670","24.185","2040"
"913","275237","20220921080000","416","3","臺中市","北屯區","120.675","24.190","888"
"41","275238","20220921080000","612","0","臺中市","北屯區","120.680","24.185","47"
"2934","275239","20220921080000","3161","0","臺中市","北區","120.680","24.160","2972"
"2123","275240","20220921080000","2388","0","臺中市","南區","120.660","24.110","2151"
"2627","275241","20220921080000","2233","1","臺中市","南區","120.665","24.115","2462"
"1832","275242","20220921080000","1921","0","臺中市","南區","120.665","24.125","1866"
"1220","275243","20220921080000","1254","0","臺中市","南區","120.655","24.125","1173"
"1906","275245","20220921080000","1629","1","臺中市","南屯區","120.645","24.145","1843"
"2532","275246","20220921080000","2846","0","臺中市","西區","120.650","24.145","2533"
"112","275247","20220921080000","207","0","臺中市","南屯區","120.600","24.140","116"
"466","275249","20220921080000","423","1","臺中市","南屯區","120.610","24.140","503"
"252","275250","20220921080000","181","2","臺中市","南屯區","120.615","24.140","259"
"1389","275251","20220921080000","860","3","臺中市","南屯區","120.600","24.145","1421"
"2718","275252","20220921080000","1834","2","臺中市","南屯區","120.605","24.145","2701"
"964","275253","20220921080000","612","3","臺中市","南屯區","120.610","24.145","1006"
"1136","275254","20220921080000","1101","1","臺中市","南屯區","120.615","24.145","1117"
"901","275255","20220921080000","865","1","臺中市","南屯區","120.620","24.145","860"
"102","275256","20220921080000","88","1","臺中市","南屯區","120.595","24.150","97"
"692","275257","20220921080000","391","3","臺中市","南屯區","120.600","24.150","656"
"17","275258","20220921080000","15","1","臺中市","南屯區","120.605","24.150","17"
"13","275261","20220921080000","11","1","臺中市","南屯區","120.590","24.155","12"
"2191","275267","20220921080000","2318","0","臺中市","北屯區","120.690","24.185","2115"
"21","275268","20220921080000","20","1","臺中市","北屯區","120.690","24.190","16"
"392","275270","20220921080000","411","0","臺中市","大肚區","120.555","24.130","418"
"621","275272","20220921080000","527","1","臺中市","大肚區","120.555","24.135","651"
"845","275278","20220921080000","783","1","臺中市","南屯區","120.620","24.140","883"
"383","275280","20220921080000","356","1","臺中市","南屯區","120.625","24.145","370"
"572","275281","20220921080000","436","2","臺中市","南屯區","120.630","24.145","510"
"434","275284","20220921080000","348","2","臺中市","南屯區","120.610","24.130","398"
"693","275286","20220921080000","377","3","臺中市","南屯區","120.600","24.135","677"
"365","275288","20220921080000","380","0","臺中市","南屯區","120.610","24.135","385"
"213","275291","20220921080000","257","0","臺中市","南屯區","120.595","24.135","214"
"1316","275293","20220921080000","1075","2","臺中市","南屯區","120.605","24.135","1295"
"2424","275294","20220921080000","1995","2","臺中市","南屯區","120.615","24.135","2426"
"43","275297","20220921080000","27","3","臺中市","南屯區","120.590","24.140","37"
"49","275298","20220921080000","79","0","臺中市","南屯區","120.595","24.140","43"
"962","275302","20220921080000","655","2","臺中市","南屯區","120.590","24.145","985"
"39","275303","20220921080000","198","0","臺中市","南屯區","120.595","24.145","51"
"398","275307","20220921080000","296","2","臺中市","南屯區","120.590","24.150","429"
"130","275309","20220921080000","152","0","臺中市","南屯區","120.630","24.115","139"
"74","275311","20220921080000","354","0","臺中市","南屯區","120.630","24.120","75"
"494","275312","20220921080000","419","1","臺中市","南屯區","120.635","24.120","482"
"160","275314","20220921080000","56","3","臺中市","南屯區","120.625","24.135","156"
"3000","275315","20220921080000","2157","2","臺中市","南屯區","120.630","24.135","2763"
"1126","275316","20220921080000","789","2","臺中市","南屯區","120.630","24.140","1073"
"3078","275317","20220921080000","1973","3","臺中市","南屯區","120.635","24.140","3088"
"1570","275318","20220921080000","925","3","臺中市","南屯區","120.645","24.150","1438"
"1974","275319","20220921080000","1048","3","臺中市","南屯區","120.640","24.140","1995"
"1634","275320","20220921080000","2181","0","臺中市","南屯區","120.645","24.140","1733"
"463","275322","20220921080000","268","3","臺中市","南屯區","120.635","24.125","466"
"744","275325","20220921080000","402","3","臺中市","南屯區","120.635","24.130","636"
"2268","275326","20220921080000","1317","3","臺中市","南屯區","120.645","24.130","2090"
"1706","275328","20220921080000","702","3","臺中市","南屯區","120.640","24.135","1167"
"193","275329","20220921080000","494","0","臺中市","南屯區","120.640","24.130","186"
"204","275330","20220921080000","283","0","臺中市","南屯區","120.620","24.125","258"
"742","275332","20220921080000","431","3","臺中市","南屯區","120.630","24.125","624"
"149","275333","20220921080000","105","2","臺中市","南屯區","120.620","24.130","141"
"236","275336","20220921080000","182","2","臺中市","南屯區","120.640","24.125","181"
"562","275337","20220921080000","533","1","臺中市","南屯區","120.620","24.135","555"
"1791","275340","20220921080000","1934","0","臺中市","太平區","120.700","24.150","1781"
"1063","275341","20220921080000","909","1","臺中市","北區","120.700","24.155","1065"
"1986","275343","20220921080000","1812","1","臺中市","北屯區","120.685","24.180","2519"
"1167","275344","20220921080000","951","2","臺中市","北屯區","120.690","24.180","1104"
"468","275350","20220921080000","543","0","臺中市","北屯區","120.745","24.160","497"
"196","275354","20220921080000","184","1","臺中市","太平區","120.770","24.160","237"
"138","275362","20220921080000","118","1","臺中市","北屯區","120.745","24.170","138"
"238","275365","20220921080000","225","1","臺中市","北屯區","120.760","24.170","254"
"25","275378","20220921080000","12","3","臺中市","北屯區","120.765","24.175","27"
"14","275380","20220921080000","212","0","臺中市","北屯區","120.775","24.175","20"
"129","275382","20220921080000","76","3","臺中市","北屯區","120.785","24.175","138"
"133","275386","20220921080000","78","3","臺中市","北屯區","120.750","24.180","121"
"880","275391","20220921080000","1142","0","臺中市","北屯區","120.710","24.160","934"
"354","275392","20220921080000","353","1","臺中市","北屯區","120.715","24.160","312"
"364","275393","20220921080000","385","0","臺中市","北屯區","120.710","24.165","360"
"1130","275394","20220921080000","1076","1","臺中市","北屯區","120.715","24.165","1133"
"560","275395","20220921080000","654","0","臺中市","北屯區","120.720","24.165","497"
"1645","275396","20220921080000","1661","0","臺中市","北屯區","120.710","24.170","1631"
"300","275397","20220921080000","367","0","臺中市","北屯區","120.715","24.170","319"
"876","275398","20220921080000","1030","0","臺中市","北屯區","120.720","24.170","884"
"90","275399","20220921080000","80","1","臺中市","大肚區","120.570","24.150","84"
"135","275400","20220921080000","206","0","臺中市","大肚區","120.570","24.155","130"
"1206","275403","20220921080000","1085","1","臺中市","大肚區","120.570","24.160","1213"
"38","275420","20220921080000","32","1","臺中市","大肚區","120.535","24.150","39"
"2325","275421","20220921080000","2198","1","臺中市","西區","120.655","24.155","2230"
"2162","275422","20220921080000","1742","2","臺中市","西區","120.660","24.155","1984"
"704","275423","20220921080000","665","1","臺中市","西區","120.660","24.160","644"
"134","275424","20220921080000","165","0","臺中市","大里區","120.675","24.100","161"
"373","275425","20220921080000","492","0","臺中市","大里區","120.680","24.100","310"
"386","275426","20220921080000","301","2","臺中市","大里區","120.680","24.105","407"
"2157","275427","20220921080000","1276","3","臺中市","西區","120.680","24.135","2181"
"939","275428","20220921080000","1031","0","臺中市","中區","120.680","24.145","909"
"3187","275429","20220921080000","1366","3","臺中市","中區","120.680","24.140","3294"
"2292","275430","20220921080000","1399","3","臺中市","北屯區","120.680","24.170","2251"
"431","275431","20220921080000","867","0","臺中市","北屯區","120.685","24.170","425"
"539","275432","20220921080000","920","0","臺中市","北屯區","120.690","24.165","495"
"1119","275433","20220921080000","1236","0","臺中市","北屯區","120.695","24.170","1406"
"2631","275434","20220921080000","2670","0","臺中市","北屯區","120.695","24.175","2632"
"2688","275435","20220921080000","2275","1","臺中市","北屯區","120.690","24.175","2564"
"1395","275436","20220921080000","1260","1","臺中市","南屯區","120.630","24.150","1433"
"1010","275437","20220921080000","687","2","臺中市","南屯區","120.630","24.155","1019"
"521","275439","20220921080000","1001","0","臺中市","北屯區","120.710","24.175","514"
"373","275440","20220921080000","397","0","臺中市","北屯區","120.695","24.185","374"
"826","275442","20220921080000","1087","0","臺中市","北屯區","120.710","24.180","767"
"311","275443","20220921080000","686","0","臺中市","北屯區","120.705","24.180","321"
"928","275445","20220921080000","872","1","臺中市","北屯區","120.705","24.185","966"
"2050","275457","20220921080000","1589","2","臺中市","北區","120.670","24.160","2144"
"3609","275458","20220921080000","2818","2","臺中市","北區","120.685","24.155","3530"
"1331","275459","20220921080000","897","2","臺中市","北屯區","120.700","24.175","1318"
"765","275461","20220921080000","484","3","臺中市","大里區","120.710","24.100","733"
"1324","275462","20220921080000","1276","1","臺中市","大里區","120.715","24.100","1280"
"1373","275463","20220921080000","1899","0","臺中市","大里區","120.690","24.105","1404"
"414","275464","20220921080000","929","0","臺中市","大里區","120.695","24.105","438"
"551","275466","20220921080000","892","0","臺中市","大里區","120.685","24.100","567"
"2997","275467","20220921080000","2385","2","臺中市","大里區","120.680","24.115","2999"
"613","275468","20220921080000","487","2","臺中市","大里區","120.685","24.115","626"
"1130","275469","20220921080000","1106","1","臺中市","南屯區","120.635","24.135","1061"
"42","275471","20220921080000","865","0","臺中市","大里區","120.695","24.110","38"
"1726","275477","20220921080000","1107","3","臺中市","太平區","120.715","24.155","1693"
"1224","275478","20220921080000","661","3","臺中市","北屯區","120.705","24.170","1134"
"415","275479","20220921080000","345","2","臺中市","北屯區","120.740","24.180","413"
"93","275480","20220921080000","257","0","臺中市","北屯區","120.745","24.180","89"
"37","275492","20220921080000","37","1","臺中市","北屯區","120.770","24.185","38"
"10","275495","20220921080000","36","0","臺中市","北屯區","120.780","24.185","14"
"46","275502","20220921080000","83","0","臺中市","北屯區","120.765","24.185","38"
"1309","275504","20220921080000","1682","0","臺中市","北屯區","120.695","24.180","1299"
"1756","275505","20220921080000","1474","1","臺中市","西屯區","120.665","24.175","1792"
"692","275506","20220921080000","564","2","臺中市","西屯區","120.640","24.155","730"
"2311","275507","20220921080000","2536","0","臺中市","西屯區","120.645","24.155","2240"
"1020","275508","20220921080000","2579","0","臺中市","西屯區","120.640","24.160","1155"
"1654","275509","20220921080000","1267","2","臺中市","西屯區","120.645","24.160","1639"
"286","275510","20220921080000","789","0","臺中市","西屯區","120.640","24.165","280"
"2131","275511","20220921080000","2067","1","臺中市","西屯區","120.645","24.165","2106"
"1304","275512","20220921080000","1209","1","臺中市","西屯區","120.650","24.170","1345"
"752","275513","20220921080000","510","2","臺中市","太平區","120.720","24.145","726"
"500","275515","20220921080000","503","0","臺中市","太平區","120.715","24.145","514"
"1581","275517","20220921080000","1401","1","臺中市","大里區","120.690","24.115","1625"
"555","275518","20220921080000","473","1","臺中市","大里區","120.690","24.120","556"
"784","275519","20220921080000","290","3","臺中市","東區","120.700","24.125","756"
"16","275662","20220921080000","26","0","臺中市","和平區","120.955","24.160","16"
"21","275685","20220921080000","69","0","臺中市","和平區","120.950","24.165","36"
"10","275771","20220921080000","96","0","臺中市","和平區","120.980","24.180","10"
"215","275829","20220921080000","119","3","臺中市","和平區","120.990","24.185","207"
"230","276007","20220921080000","201","1","臺中市","和平區","120.925","24.180","248"
"129","276027","20220921080000","796","0","臺中市","北屯區","120.700","24.180","134"
"1521","276028","20220921080000","1788","0","臺中市","南區","120.680","24.130","1514"
"1305","276029","20220921080000","2114","0","臺中市","西屯區","120.620","24.180","1299"
"3016","276033","20220921080000","2442","2","臺中市","西屯區","120.650","24.185","3013"
"926","276037","20220921080000","685","2","臺中市","西屯區","120.635","24.160","883"
"1249","276039","20220921080000","1080","1","臺中市","西屯區","120.635","24.165","1379"
"488","276040","20220921080000","358","2","臺中市","西屯區","120.630","24.170","494"
"472","276041","20220921080000","611","0","臺中市","西屯區","120.635","24.170","469"
"1766","276043","20220921080000","1559","1","臺中市","太平區","120.715","24.140","1753"
"88","276044","20220921080000","756","0","臺中市","太平區","120.720","24.155","89"
"2215","276045","20220921080000","2317","0","臺中市","西區","120.660","24.140","2213"
"1783","276046","20220921080000","1876","0","臺中市","西區","120.660","24.145","1749"
"1082","276048","20220921080000","1199","0","臺中市","南區","120.660","24.130","1074"
"111","276451","20220921080000","238","0","花蓮縣","秀林鄉","121.285","24.140","76"
"253","276521","20220921080000","229","1","花蓮縣","秀林鄉","121.635","24.140","239"
"15","276664","20220921080000","99","0","花蓮縣","秀林鄉","121.625","24.150","14"
"108","276735","20220921080000","72","3","花蓮縣","秀林鄉","121.625","24.155","116"
"84","276803","20220921080000","63","2","花蓮縣","秀林鄉","121.620","24.160","84"
"33","276945","20220921080000","120","0","花蓮縣","秀林鄉","121.300","24.175","20"
"17","276995","20220921080000","18","0","花蓮縣","秀林鄉","121.545","24.175","10"
"83","277000","20220921080000","101","0","花蓮縣","秀林鄉","121.570","24.175","66"
"10","277055","20220921080000","12","0","花蓮縣","秀林鄉","121.510","24.180","10"
"239","277116","20220921080000","202","1","花蓮縣","秀林鄉","121.495","24.180","292"
"625","277183","20220921080000","434","2","花蓮縣","秀林鄉","121.655","24.125","686"
"75","277187","20220921080000","60","2","花蓮縣","秀林鄉","121.645","24.135","60"
"206","277214","20220921080000","206","1","花蓮縣","秀林鄉","121.650","24.155","217"
"119","277223","20220921080000","124","0","花蓮縣","秀林鄉","121.655","24.160","124"
"101","277237","20220921080000","88","1","花蓮縣","秀林鄉","121.655","24.170","111"
"1881","277409","20220921080000","3137","0","臺中市","西屯區","120.645","24.170","1952"
"480","277410","20220921080000","360","2","臺中市","太平區","120.730","24.155","473"
"116","277411","20220921080000","663","0","臺中市","太平區","120.735","24.155","128"
"23","277415","20220921080000","203","0","臺中市","大肚區","120.550","24.120","21"
"1017","277420","20220921080000","911","1","臺中市","大肚區","120.570","24.120","1036"
"81","277421","20220921080000","694","0","臺中市","大肚區","120.575","24.120","94"
"458","277423","20220921080000","405","1","臺中市","大肚區","120.570","24.125","459"
"49","277425","20220921080000","440","0","臺中市","大肚區","120.580","24.125","35"
"22","277426","20220921080000","353","0","臺中市","大肚區","120.570","24.130","12"
"239","277434","20220921080000","252","0","臺中市","大肚區","120.585","24.135","287"
"1829","277437","20220921080000","1980","0","臺中市","大里區","120.705","24.105","1845"
"438","277439","20220921080000","428","1","臺中市","大里區","120.705","24.110","465"
"30","277440","20220921080000","367","0","臺中市","太平區","120.705","24.150","30"
"360","277441","20220921080000","687","0","臺中市","太平區","120.710","24.150","350"
"421","277442","20220921080000","309","2","臺中市","烏日區","120.625","24.100","464"
"881","277443","20220921080000","884","0","臺中市","烏日區","120.630","24.100","895"
"1708","277444","20220921080000","1144","2","臺中市","烏日區","120.620","24.105","1626"
"618","277445","20220921080000","465","2","臺中市","烏日區","120.625","24.105","650"
"334","277450","20220921080000","219","3","臺中市","西屯區","120.595","24.165","321"
"486","277451","20220921080000","458","1","臺中市","西屯區","120.600","24.165","490"
"525","277452","20220921080000","473","1","臺中市","西屯區","120.605","24.165","464"
"735","277453","20220921080000","723","1","臺中市","西屯區","120.610","24.165","791"
"27","277456","20220921080000","230","0","臺中市","西屯區","120.585","24.170","31"
"1338","277457","20220921080000","1392","0","臺中市","西屯區","120.590","24.170","1338"
"300","277458","20220921080000","176","3","臺中市","西屯區","120.595","24.170","295"
"22","277459","20220921080000","21","1","臺中市","西屯區","120.600","24.170","23"
"218","277460","20220921080000","219","0","臺中市","西屯區","120.605","24.170","231"
"785","277461","20220921080000","944","0","臺中市","西屯區","120.610","24.170","784"
"189","277462","20220921080000","279","0","臺中市","西屯區","120.615","24.170","193"
"1006","277463","20220921080000","766","2","臺中市","西屯區","120.620","24.170","907"
"332","277467","20220921080000","362","0","臺中市","西屯區","120.605","24.175","317"
"1115","277468","20220921080000","760","2","臺中市","西屯區","120.595","24.175","1110"
"458","277471","20220921080000","285","3","臺中市","西屯區","120.620","24.175","497"
"10","277472","20220921080000","14","0","臺中市","西屯區","120.625","24.175","10"
"1079","277473","20220921080000","1713","0","臺中市","西屯區","120.595","24.180","1148"
"578","277474","20220921080000","336","3","臺中市","西屯區","120.595","24.185","550"
"1021","277475","20220921080000","833","2","臺中市","西屯區","120.600","24.175","1058"
"1887","277477","20220921080000","1935","0","臺中市","太平區","120.720","24.130","1844"
"34","277478","20220921080000","502","0","臺中市","太平區","120.710","24.130","30"
"87","277480","20220921080000","1264","0","臺中市","太平區","120.715","24.135","85"
"1966","277481","20220921080000","1608","2","臺中市","太平區","120.730","24.150","1964"
"41","277483","20220921080000","216","0","臺中市","大肚區","120.575","24.170","48"
"528","277484","20220921080000","918","0","臺中市","大肚區","120.580","24.170","527"
"1529","277487","20220921080000","1502","1","臺中市","大肚區","120.545","24.155","1496"
"79","277488","20220921080000","547","0","臺中市","大肚區","120.540","24.160","66"
"628","277489","20220921080000","561","1","臺中市","大肚區","120.545","24.160","616"
"430","277492","20220921080000","326","2","臺中市","大肚區","120.535","24.165","415"
"547","277493","20220921080000","1014","0","臺中市","大里區","120.690","24.100","559"
"442","277496","20220921080000","389","1","臺中市","太平區","120.735","24.105","448"
"982","277503","20220921080000","836","1","臺中市","太平區","120.730","24.140","983"
"1351","277504","20220921080000","1164","1","臺中市","太平區","120.735","24.140","1276"
"18","277507","20220921080000","26","0","臺中市","太平區","120.730","24.145","16"
"534","277508","20220921080000","1263","0","臺中市","太平區","120.735","24.145","527"
"1323","277520","20220921080000","1201","1","臺中市","太平區","120.740","24.155","1334"
"178","277531","20220921080000","1061","0","臺中市","太平區","120.730","24.125","184"
"84","277532","20220921080000","194","0","臺中市","太平區","120.725","24.130","91"
"1457","277533","20220921080000","1408","1","臺中市","東區","120.690","24.130","1409"
"1364","277534","20220921080000","1285","1","臺中市","東區","120.690","24.140","1437"
"2932","277535","20220921080000","1733","3","臺中市","中區","120.685","24.140","2865"
"19","277537","20220921080000","182","0","臺中市","太平區","120.735","24.130","23"
"758","277538","20220921080000","1204","0","臺中市","太平區","120.720","24.100","744"
"1029","277540","20220921080000","859","1","臺中市","太平區","120.720","24.105","1109"
"878","277541","20220921080000","895","0","臺中市","太平區","120.725","24.140","905"
"428","277542","20220921080000","440","0","臺中市","太平區","120.730","24.135","466"
"1084","277544","20220921080000","974","1","臺中市","龍井區","120.540","24.175","1102"
"727","277557","20220921080000","466","3","臺中市","大肚區","120.560","24.125","682"
"102","277558","20220921080000","610","0","臺中市","大肚區","120.565","24.125","97"
"615","277564","20220921080000","612","1","臺中市","龍井區","120.575","24.175","629"
"382","277565","20220921080000","686","0","臺中市","龍井區","120.580","24.175","399"
"630","277566","20220921080000","643","0","臺中市","太平區","120.725","24.145","674"
"683","277567","20220921080000","642","1","臺中市","太平區","120.720","24.125","717"
"20","277587","20220921080000","23","0","臺中市","東勢區","120.855","24.175","20"
"80","277597","20220921080000","76","1","臺中市","東勢區","120.840","24.185","87"
"37","277611","20220921080000","23","3","臺中市","東勢區","120.865","24.185","29"
"594","277614","20220921080000","798","0","臺中市","太平區","120.710","24.135","664"
"1482","277615","20220921080000","1326","1","臺中市","東區","120.705","24.140","1370"
"1390","277617","20220921080000","1160","1","臺中市","東區","120.695","24.150","1359"
"157","277618","20220921080000","1473","0","臺中市","太平區","120.705","24.155","160"
"795","277619","20220921080000","791","1","臺中市","太平區","120.705","24.160","814"
"1617","277620","20220921080000","829","3","臺中市","太平區","120.710","24.155","1688"
"1868","277621","20220921080000","1447","2","臺中市","東區","120.690","24.135","1865"
"555","277622","20220921080000","575","0","臺中市","東區","120.690","24.145","583"
"2355","277623","20220921080000","1680","2","臺中市","東區","120.700","24.140","2281"
"2162","277624","20220921080000","1963","1","臺中市","北區","120.675","24.155","2153"
"1572","277625","20220921080000","1551","1","臺中市","西區","120.660","24.150","1543"
"2170","277626","20220921080000","1940","1","臺中市","西區","120.665","24.155","2339"
"21","277630","20220921080000","329","0","臺中市","龍井區","120.550","24.185","27"
"172","277637","20220921080000","199","0","臺中市","烏日區","120.650","24.105","186"
"806","277638","20220921080000","782","1","臺中市","烏日區","120.655","24.105","826"
"3332","277639","20220921080000","2802","1","臺中市","西屯區","120.640","24.170","3268"
"1370","277640","20220921080000","1839","0","臺中市","西屯區","120.655","24.170","1342"
"4402","277641","20220921080000","4056","1","臺中市","西屯區","120.660","24.170","4450"
"1467","277642","20220921080000","1703","0","臺中市","太平區","120.720","24.150","1559"
"244","277643","20220921080000","200","2","臺中市","太平區","120.725","24.150","237"
"1221","277644","20220921080000","1266","0","臺中市","太平區","120.725","24.155","1200"
"1071","277646","20220921080000","546","3","臺中市","烏日區","120.605","24.105","1126"
"409","277647","20220921080000","237","3","臺中市","烏日區","120.610","24.105","429"
"192","277648","20220921080000","144","2","臺中市","烏日區","120.600","24.110","231"
"1346","277649","20220921080000","2080","0","臺中市","烏日區","120.605","24.110","1392"
"48","277650","20220921080000","33","2","臺中市","烏日區","120.610","24.110","40"
"447","277652","20220921080000","368","2","臺中市","烏日區","120.605","24.115","402"
"567","277653","20220921080000","506","1","臺中市","烏日區","120.610","24.115","593"
"195","277655","20220921080000","142","2","臺中市","烏日區","120.595","24.120","182"
"358","277656","20220921080000","1255","0","臺中市","烏日區","120.635","24.110","386"
"1048","277657","20220921080000","948","1","臺中市","烏日區","120.640","24.110","1067"
"2261","277661","20220921080000","1459","3","臺中市","西區","120.665","24.150","2379"
"259","277662","20220921080000","401","0","臺中市","西區","120.670","24.150","250"
"1715","277663","20220921080000","2642","0","臺中市","西區","120.675","24.135","1724"
"1564","277664","20220921080000","1653","0","臺中市","西區","120.665","24.145","1580"
"223","277681","20220921080000","203","1","花蓮縣","秀林鄉","121.630","24.115","222"
"91","277712","20220921080000","75","2","花蓮縣","秀林鄉","121.630","24.125","107"
"231","277713","20220921080000","201","1","花蓮縣","秀林鄉","121.635","24.125","239"
"211","277756","20220921080000","199","1","花蓮縣","新城鄉","121.615","24.100","209"
"179","277759","20220921080000","175","1","花蓮縣","新城鄉","121.620","24.105","196"
"292","277766","20220921080000","365","0","花蓮縣","新城鄉","121.640","24.115","321"
"70","277799","20220921080000","61","1","花蓮縣","新城鄉","121.650","24.125","49"
"164","277805","20220921080000","213","0","花蓮縣","新城鄉","121.645","24.130","216"
"26","277807","20220921080000","36","0","彰化縣","彰化市","120.545","24.100","25"
"960","277812","20220921080000","912","1","彰化縣","和美鎮","120.495","24.115","1003"
"363","277817","20220921080000","254","2","彰化縣","彰化市","120.560","24.105","329"
"705","277821","20220921080000","180","3","彰化縣","和美鎮","120.505","24.140","717"
"1089","277830","20220921080000","1122","0","彰化縣","和美鎮","120.500","24.105","1099"
"2285","277831","20220921080000","2036","1","彰化縣","和美鎮","120.495","24.110","2173"
"1512","277832","20220921080000","1514","0","彰化縣","和美鎮","120.500","24.110","1496"
"78","277834","20220921080000","873","0","彰化縣","伸港鄉","120.480","24.140","88"
"114","277848","20220921080000","94","2","南投縣","國姓鄉","120.895","24.110","131"
"18","277865","20220921080000","23","0","南投縣","國姓鄉","120.850","24.105","21"
"86","277866","20220921080000","65","2","南投縣","國姓鄉","120.855","24.105","96"
"560","277889","20220921080000","451","2","彰化縣","和美鎮","120.490","24.110","515"
"219","277890","20220921080000","221","0","彰化縣","和美鎮","120.490","24.115","241"
"231","277892","20220921080000","278","0","彰化縣","和美鎮","120.515","24.125","233"
"28","277895","20220921080000","43","0","彰化縣","和美鎮","120.520","24.130","27"
"594","277898","20220921080000","349","3","彰化縣","和美鎮","120.515","24.135","561"
"501","277902","20220921080000","339","2","彰化縣","和美鎮","120.500","24.130","376"
"25","277906","20220921080000","25","1","彰化縣","和美鎮","120.505","24.135","22"
"70","277907","20220921080000","57","2","彰化縣","和美鎮","120.510","24.135","88"
"1381","277912","20220921080000","1140","2","彰化縣","和美鎮","120.490","24.120","1379"
"620","277913","20220921080000","529","1","彰化縣","和美鎮","120.495","24.120","640"
"145","277919","20220921080000","438","0","彰化縣","伸港鄉","120.510","24.160","143"
"216","277922","20220921080000","159","2","彰化縣","伸港鄉","120.510","24.165","204"
"196","277925","20220921080000","1008","0","彰化縣","伸港鄉","120.505","24.170","187"
"249","277926","20220921080000","173","2","彰化縣","伸港鄉","120.510","24.170","231"
"329","277931","20220921080000","127","3","彰化縣","伸港鄉","120.505","24.180","335"
"1148","277935","20220921080000","687","3","彰化縣","彰化市","120.575","24.100","1113"
"35","277953","20220921080000","527","0","彰化縣","和美鎮","120.530","24.110","33"
"15","277963","20220921080000","22","0","彰化縣","和美鎮","120.535","24.105","17"
"54","277967","20220921080000","697","0","彰化縣","和美鎮","120.545","24.110","60"
"22","277968","20220921080000","28","0","彰化縣","和美鎮","120.540","24.115","12"
"26","277971","20220921080000","42","0","彰化縣","和美鎮","120.530","24.100","36"
"1320","277975","20220921080000","1061","2","彰化縣","和美鎮","120.525","24.115","1304"
"23","277978","20220921080000","20","1","彰化縣","和美鎮","120.485","24.135","21"
"94","277979","20220921080000","164","0","彰化縣","和美鎮","120.485","24.140","115"
"521","277980","20220921080000","2078","0","彰化縣","伸港鄉","120.485","24.145","497"
"248","277982","20220921080000","591","0","彰化縣","伸港鄉","120.490","24.150","256"
"351","277984","20220921080000","143","3","彰化縣","伸港鄉","120.470","24.145","325"
"75","277985","20220921080000","344","0","彰化縣","伸港鄉","120.475","24.145","90"
"159","277994","20220921080000","624","0","彰化縣","伸港鄉","120.500","24.140","165"
"149","277998","20220921080000","217","0","彰化縣","伸港鄉","120.480","24.155","133"
"694","278002","20220921080000","644","1","彰化縣","和美鎮","120.490","24.105","677"
"36","278003","20220921080000","95","0","彰化縣","和美鎮","120.490","24.125","37"
"541","278011","20220921080000","406","2","彰化縣","和美鎮","120.515","24.105","535"
"609","278012","20220921080000","506","2","彰化縣","和美鎮","120.510","24.110","604"
"155","278018","20220921080000","562","0","彰化縣","和美鎮","120.510","24.150","157"
"52","278026","20220921080000","611","0","彰化縣","線西鄉","120.455","24.145","49"
"507","278032","20220921080000","269","3","彰化縣","伸港鄉","120.450","24.155","456"
"1090","278037","20220921080000","1062","1","彰化縣","和美鎮","120.500","24.115","1105"
"1131","278047","20220921080000","541","3","彰化縣","和美鎮","120.490","24.130","1056"
"1124","278050","20220921080000","579","3","彰化縣","和美鎮","120.490","24.100","1136"
"2043","278052","20220921080000","747","3","彰化縣","和美鎮","120.515","24.100","1973"
"989","278053","20220921080000","630","3","彰化縣","和美鎮","120.520","24.100","1025"
"122","278058","20220921080000","94","2","彰化縣","和美鎮","120.485","24.100","130"
"423","278060","20220921080000","446","0","彰化縣","和美鎮","120.485","24.110","428"
"87","278065","20220921080000","144","0","彰化縣","伸港鄉","120.475","24.155","84"
"61","278066","20220921080000","25","3","彰化縣","伸港鄉","120.470","24.160","63"
"35","278084","20220921080000","31","1","彰化縣","伸港鄉","120.485","24.180","38"
"891","278099","20220921080000","938","0","彰化縣","和美鎮","120.530","24.105","882"
"544","278100","20220921080000","457","1","彰化縣","和美鎮","120.515","24.120","537"
"207","278175","20220921080000","200","1","南投縣","仁愛鄉","121.190","24.145","204"
"300","278457","20220921080000","320","0","南投縣","仁愛鄉","121.205","24.110","287"
"35","278506","20220921080000","243","0","南投縣","仁愛鄉","121.270","24.140","45"
"31","278518","20220921080000","101","0","南投縣","仁愛鄉","121.285","24.160","36"
"136","278973","20220921080000","109","2","南投縣","仁愛鄉","121.185","24.120","144"
"244","279090","20220921080000","311","0","南投縣","仁愛鄉","121.170","24.155","252"
"47","279213","20220921080000","80","0","南投縣","仁愛鄉","121.200","24.180","56"
"194","279218","20220921080000","201","0","南投縣","仁愛鄉","121.225","24.180","175"
"301","279255","20220921080000","1703","0","彰化縣","伸港鄉","120.485","24.160","314"
"265","279258","20220921080000","684","0","彰化縣","伸港鄉","120.495","24.160","281"
"62","279282","20220921080000","57","1","彰化縣","線西鄉","120.420","24.130","53"
"56","279286","20220921080000","375","0","彰化縣","和美鎮","120.480","24.105","55"
"27","279292","20220921080000","355","0","彰化縣","鹿港鎮","120.460","24.105","30"
"21","279293","20220921080000","397","0","彰化縣","鹿港鎮","120.465","24.105","20"
"742","279295","20220921080000","316","3","彰化縣","鹿港鎮","120.465","24.110","728"
"667","279296","20220921080000","184","3","彰化縣","鹿港鎮","120.460","24.115","680"
"1799","279303","20220921080000","1189","3","彰化縣","線西鄉","120.465","24.130","1690"
"82","279311","20220921080000","602","0","彰化縣","線西鄉","120.435","24.140","83"
"1256","279350","20220921080000","386","3","彰化縣","鹿港鎮","120.450","24.115","1272"
"25","279355","20220921080000","52","0","彰化縣","鹿港鎮","120.415","24.120","23"
"486","279359","20220921080000","167","3","彰化縣","鹿港鎮","120.455","24.120","508"
"31","279366","20220921080000","25","2","彰化縣","線西鄉","120.460","24.130","39"
"899","279368","20220921080000","895","1","彰化縣","線西鄉","120.430","24.130","915"
"1103","279371","20220921080000","639","3","彰化縣","線西鄉","120.425","24.135","1210"
"29","279375","20220921080000","287","0","彰化縣","線西鄉","120.470","24.135","32"
"294","279379","20220921080000","121","3","彰化縣","線西鄉","120.440","24.150","301"
"546","279387","20220921080000","401","2","彰化縣","線西鄉","120.445","24.150","544"
"441","279389","20220921080000","331","2","彰化縣","線西鄉","120.480","24.115","435"
"265","279392","20220921080000","224","1","彰化縣","和美鎮","120.485","24.120","217"
"375","279396","20220921080000","394","0","彰化縣","線西鄉","120.480","24.125","362"
"629","279398","20220921080000","481","2","彰化縣","線西鄉","120.470","24.130","721"
"15","285400","20220921080000","11","2","臺中市","清水區","120.555","24.270","19"
"290","285401","20220921080000","272","1","臺中市","清水區","120.560","24.270","325"
"2034","285403","20220921080000","1932","1","臺中市","清水區","120.550","24.275","2031"
"651","285405","20220921080000","669","0","臺中市","清水區","120.540","24.275","615"
"86","285406","20220921080000","669","0","臺中市","北屯區","120.665","24.195","82"
"1036","285409","20220921080000","707","2","臺中市","北屯區","120.680","24.195","1028"
"772","285410","20220921080000","577","2","臺中市","北屯區","120.665","24.200","788"
"755","285412","20220921080000","652","1","臺中市","北屯區","120.675","24.200","743"
"732","285413","20220921080000","525","2","臺中市","北屯區","120.680","24.200","733"
"710","285414","20220921080000","701","1","臺中市","北屯區","120.685","24.200","741"
"32","285415","20220921080000","30","1","臺中市","北屯區","120.665","24.190","31"
"1423","285416","20220921080000","774","3","臺中市","北屯區","120.670","24.190","1279"
"32","285418","20220921080000","668","0","臺中市","沙鹿區","120.560","24.240","35"
"1785","285419","20220921080000","2264","0","臺中市","沙鹿區","120.565","24.240","1763"
"54","285422","20220921080000","50","1","臺中市","沙鹿區","120.565","24.245","48"
"272","285423","20220921080000","474","0","臺中市","沙鹿區","120.570","24.245","281"
"339","285425","20220921080000","355","0","臺中市","沙鹿區","120.560","24.250","325"
"433","285428","20220921080000","373","1","臺中市","沙鹿區","120.565","24.255","419"
"1322","285431","20220921080000","711","3","臺中市","清水區","120.575","24.275","1390"
"1611","285434","20220921080000","1247","2","臺中市","潭子區","120.715","24.205","1604"
"783","285437","20220921080000","427","3","臺中市","潭子區","120.700","24.200","788"
"526","285439","20220921080000","454","1","臺中市","潭子區","120.700","24.205","485"
"458","285440","20220921080000","455","1","臺中市","潭子區","120.700","24.210","468"
"1444","285441","20220921080000","1545","0","臺中市","潭子區","120.705","24.210","1363"
"693","285442","20220921080000","1367","0","臺中市","潭子區","120.700","24.215","668"
"85","285443","20220921080000","180","0","臺中市","潭子區","120.710","24.195","87"
"73","285444","20220921080000","57","2","臺中市","潭子區","120.705","24.200","69"
"584","285445","20220921080000","482","2","臺中市","潭子區","120.710","24.200","583"
"1288","285446","20220921080000","1392","0","臺中市","潭子區","120.705","24.205","1304"
"2438","285447","20220921080000","1954","2","臺中市","潭子區","120.710","24.205","2597"
"933","285453","20220921080000","692","2","臺中市","潭子區","120.720","24.195","896"
"956","285454","20220921080000","868","1","臺中市","潭子區","120.725","24.195","958"
"17","285456","20220921080000","57","0","臺中市","潭子區","120.735","24.195","15"
"672","285459","20220921080000","577","1","臺中市","潭子區","120.725","24.200","661"
"1358","285460","20220921080000","1422","0","臺中市","潭子區","120.730","24.200","1454"
"88","285468","20220921080000","80","1","臺中市","潭子區","120.745","24.210","94"
"3647","285469","20220921080000","3028","2","臺中市","北屯區","120.705","24.190","3465"
"56","285470","20220921080000","61","0","臺中市","北屯區","120.705","24.195","53"
"144","285471","20220921080000","189","0","臺中市","西屯區","120.645","24.190","139"
"490","285472","20220921080000","343","2","臺中市","大雅區","120.615","24.235","470"
"625","285473","20220921080000","413","3","臺中市","沙鹿區","120.610","24.240","621"
"232","285474","20220921080000","840","0","臺中市","沙鹿區","120.615","24.240","225"
"14","285488","20220921080000","83","0","臺中市","沙鹿區","120.575","24.240","20"
"292","285500","20220921080000","291","1","臺中市","沙鹿區","120.560","24.225","282"
"866","285503","20220921080000","1017","0","臺中市","沙鹿區","120.565","24.225","922"
"76","285504","20220921080000","438","0","臺中市","神岡區","120.655","24.250","84"
"43","285507","20220921080000","52","0","臺中市","神岡區","120.660","24.255","44"
"23","285509","20220921080000","364","0","臺中市","神岡區","120.675","24.260","26"
"851","285515","20220921080000","671","2","臺中市","神岡區","120.680","24.265","814"
"66","285519","20220921080000","585","0","臺中市","神岡區","120.655","24.275","70"
"698","285522","20220921080000","1706","0","臺中市","豐原區","120.705","24.240","685"
"969","285523","20220921080000","797","2","臺中市","豐原區","120.700","24.245","1014"
"617","285524","20220921080000","1093","0","臺中市","豐原區","120.705","24.245","607"
"319","285525","20220921080000","300","1","臺中市","龍井區","120.560","24.190","291"
"477","285526","20220921080000","349","2","臺中市","龍井區","120.535","24.195","447"
"44","285527","20220921080000","39","1","臺中市","龍井區","120.540","24.195","42"
"451","285528","20220921080000","390","1","臺中市","龍井區","120.545","24.195","438"
"496","285531","20220921080000","457","1","臺中市","龍井區","120.560","24.195","528"
"577","285533","20220921080000","596","0","臺中市","龍井區","120.545","24.200","540"
"243","285536","20220921080000","239","1","臺中市","龍井區","120.560","24.200","255"
"660","285538","20220921080000","686","0","臺中市","潭子區","120.705","24.215","635"
"102","285539","20220921080000","96","1","臺中市","潭子區","120.700","24.220","106"
"2008","285540","20220921080000","1971","1","臺中市","潭子區","120.705","24.220","2009"
"2585","285541","20220921080000","2507","1","臺中市","潭子區","120.705","24.225","2692"
"349","285542","20220921080000","404","0","臺中市","龍井區","120.590","24.190","365"
"789","285544","20220921080000","533","2","臺中市","西屯區","120.605","24.190","902"
"953","285547","20220921080000","802","1","臺中市","神岡區","120.690","24.265","996"
"304","285549","20220921080000","167","3","臺中市","神岡區","120.685","24.270","308"
"233","285551","20220921080000","135","3","臺中市","神岡區","120.675","24.275","229"
"409","285553","20220921080000","427","0","臺中市","神岡區","120.685","24.275","428"
"516","285559","20220921080000","222","3","臺中市","神岡區","120.690","24.275","492"
"1015","285561","20220921080000","675","3","臺中市","神岡區","120.680","24.240","1004"
"539","285565","20220921080000","440","2","臺中市","神岡區","120.680","24.245","544"
"25","285567","20220921080000","670","0","臺中市","神岡區","120.675","24.250","42"
"1396","285568","20220921080000","1363","1","臺中市","神岡區","120.685","24.245","1427"
"62","285569","20220921080000","55","1","臺中市","神岡區","120.680","24.250","52"
"37","285570","20220921080000","291","0","臺中市","神岡區","120.685","24.250","31"
"89","285571","20220921080000","112","0","臺中市","神岡區","120.690","24.250","98"
"328","285573","20220921080000","268","2","臺中市","神岡區","120.685","24.255","322"
"173","285574","20220921080000","132","2","臺中市","神岡區","120.690","24.255","195"
"1881","285581","20220921080000","1609","1","臺中市","沙鹿區","120.555","24.230","1871"
"1600","285582","20220921080000","1654","0","臺中市","沙鹿區","120.555","24.235","1699"
"387","285584","20220921080000","359","1","臺中市","沙鹿區","120.580","24.250","311"
"815","285593","20220921080000","865","0","臺中市","沙鹿區","120.600","24.255","779"
"362","285599","20220921080000","265","2","臺中市","沙鹿區","120.600","24.260","334"
"508","285602","20220921080000","293","3","臺中市","沙鹿區","120.585","24.265","440"
"413","285607","20220921080000","257","3","臺中市","大雅區","120.655","24.210","441"
"246","285613","20220921080000","533","0","臺中市","大雅區","120.665","24.220","394"
"45","285618","20220921080000","335","0","臺中市","新社區","120.805","24.250","47"
"553","285621","20220921080000","350","3","臺中市","新社區","120.805","24.255","504"
"217","285626","20220921080000","163","2","臺中市","梧棲區","120.515","24.260","245"
"289","285627","20220921080000","263","1","臺中市","梧棲區","120.520","24.260","238"
"134","285630","20220921080000","382","0","臺中市","梧棲區","120.515","24.270","115"
"1071","285634","20220921080000","1251","0","臺中市","梧棲區","120.535","24.255","1081"
"721","285635","20220921080000","520","2","臺中市","梧棲區","120.550","24.255","659"
"461","285637","20220921080000","660","0","臺中市","梧棲區","120.560","24.255","423"
"1066","285638","20220921080000","835","2","臺中市","梧棲區","120.540","24.260","998"
"480","285642","20220921080000","530","0","臺中市","梧棲區","120.555","24.240","440"
"2264","285644","20220921080000","1411","3","臺中市","梧棲區","120.545","24.245","2143"
"913","285646","20220921080000","1568","0","臺中市","神岡區","120.695","24.245","881"
"696","285648","20220921080000","588","1","臺中市","神岡區","120.695","24.255","749"
"320","285657","20220921080000","310","1","臺中市","梧棲區(海)","120.490","24.255","343"
"15","285659","20220921080000","74","0","臺中市","梧棲區(海)","120.500","24.255","14"
"444","285667","20220921080000","374","1","臺中市","梧棲區(海)","120.500","24.265","464"
"143","285671","20220921080000","140","1","臺中市","梧棲區(海)","120.500","24.270","139"
"116","285677","20220921080000","83","2","臺中市","梧棲區(海)","120.505","24.275","95"
"13","285681","20220921080000","132","0","臺中市","梧棲區","120.525","24.260","13"
"97","285682","20220921080000","100","0","臺中市","梧棲區","120.530","24.260","88"
"279","285683","20220921080000","309","0","臺中市","北屯區","120.790","24.205","284"
"344","285685","20220921080000","220","3","臺中市","新社區","120.805","24.190","350"
"126","285695","20220921080000","117","1","臺中市","新社區","120.815","24.200","124"
"207","285697","20220921080000","207","1","臺中市","新社區","120.805","24.205","196"
"159","285701","20220921080000","123","2","臺中市","新社區","120.805","24.210","162"
"278","285707","20220921080000","271","1","臺中市","新社區","120.800","24.220","295"
"171","285713","20220921080000","115","2","臺中市","新社區","120.795","24.235","190"
"29","285717","20220921080000","306","0","臺中市","新社區","120.795","24.230","29"
"149","285720","20220921080000","127","1","臺中市","新社區","120.780","24.230","189"
"48","285727","20220921080000","386","0","臺中市","新社區","120.785","24.235","63"
"1017","285738","20220921080000","808","2","臺中市","神岡區","120.700","24.250","1016"
"644","285742","20220921080000","492","2","臺中市","神岡區","120.645","24.250","608"
"175","285745","20220921080000","162","1","臺中市","神岡區","120.645","24.255","188"
"219","285747","20220921080000","204","1","臺中市","神岡區","120.635","24.260","230"
"437","285750","20220921080000","1084","0","臺中市","豐原區","120.710","24.245","465"
"1272","285752","20220921080000","689","3","臺中市","豐原區","120.720","24.260","1266"
"2880","285754","20220921080000","2432","1","臺中市","豐原區","120.720","24.265","2901"
"343","285758","20220921080000","316","1","臺中市","豐原區","120.715","24.275","352"
"930","285759","20220921080000","403","3","臺中市","豐原區","120.720","24.275","934"
"527","285761","20220921080000","517","1","臺中市","豐原區","120.720","24.280","509"
"825","285764","20220921080000","982","0","臺中市","梧棲區","120.545","24.240","856"
"1643","285765","20220921080000","1695","0","臺中市","梧棲區","120.540","24.245","1575"
"497","285766","20220921080000","501","0","臺中市","梧棲區","120.520","24.255","502"
"796","285767","20220921080000","953","0","臺中市","梧棲區","120.525","24.255","785"
"236","285773","20220921080000","207","1","臺中市","新社區","120.810","24.225","203"
"669","285777","20220921080000","500","2","臺中市","新社區","120.805","24.230","659"
"2297","285782","20220921080000","1379","3","臺中市","豐原區","120.725","24.255","2289"
"744","285783","20220921080000","818","0","臺中市","豐原區","120.705","24.250","718"
"618","285785","20220921080000","520","1","臺中市","豐原區","120.720","24.240","585"
"1364","285787","20220921080000","1397","0","臺中市","豐原區","120.715","24.235","1361"
"1919","285788","20220921080000","1437","2","臺中市","豐原區","120.720","24.235","1806"
"590","285789","20220921080000","568","1","臺中市","豐原區","120.725","24.235","593"
"3010","285791","20220921080000","1598","3","臺中市","豐原區","120.715","24.245","3044"
"102","285792","20220921080000","94","1","臺中市","豐原區","120.710","24.240","112"
"53","285793","20220921080000","63","0","臺中市","豐原區","120.725","24.250","51"
"419","285796","20220921080000","257","3","臺中市","豐原區","120.740","24.240","423"
"623","285799","20220921080000","978","0","臺中市","豐原區","120.730","24.245","610"
"682","285800","20220921080000","461","2","臺中市","豐原區","120.735","24.245","684"
"169","285803","20220921080000","480","0","臺中市","豐原區","120.730","24.250","125"
"842","285804","20220921080000","533","3","臺中市","豐原區","120.735","24.250","853"
"850","285805","20220921080000","746","1","臺中市","豐原區","120.740","24.250","854"
"19","285806","20220921080000","604","0","臺中市","龍井區","120.525","24.210","26"
"386","285812","20220921080000","527","0","臺中市","龍井區","120.515","24.215","391"
"739","285819","20220921080000","621","1","臺中市","龍井區","120.510","24.220","650"
"833","285821","20220921080000","476","3","臺中市","龍井區","120.520","24.220","828"
"2140","285822","20220921080000","1057","3","臺中市","龍井區","120.525","24.220","2192"
"213","285849","20220921080000","847","0","臺中市","新社區","120.805","24.240","211"
"210","285852","20220921080000","145","2","臺中市","新社區","120.820","24.205","212"
"21","285859","20220921080000","230","0","臺中市","新社區","120.795","24.210","24"
"478","285862","20220921080000","238","3","臺中市","新社區","120.780","24.215","490"
"325","285867","20220921080000","264","2","臺中市","新社區","120.775","24.220","335"
"117","285871","20220921080000","95","2","臺中市","新社區","120.775","24.225","116"
"212","285886","20220921080000","124","3","臺中市","梧棲區","120.515","24.225","212"
"181","285894","20220921080000","228","0","臺中市","清水區","120.635","24.265","202"
"878","285910","20220921080000","913","0","臺中市","梧棲區","120.535","24.250","831"
"31","285912","20220921080000","315","0","臺中市","梧棲區","120.545","24.250","25"
"358","285914","20220921080000","344","1","臺中市","梧棲區","120.540","24.255","353"
"340","285916","20220921080000","297","1","臺中市","豐原區","120.700","24.230","360"
"754","285918","20220921080000","832","0","臺中市","豐原區","120.705","24.235","731"
"422","285919","20220921080000","339","2","臺中市","豐原區","120.700","24.235","478"
"416","285920","20220921080000","422","0","臺中市","豐原區","120.700","24.240","424"
"57","285921","20220921080000","39","2","臺中市","豐原區","120.760","24.235","64"
"24","285923","20220921080000","38","0","臺中市","豐原區","120.755","24.240","28"
"21","285925","20220921080000","22","0","臺中市","豐原區","120.765","24.240","19"
"59","285927","20220921080000","79","0","臺中市","豐原區","120.750","24.245","58"
"77","285933","20220921080000","342","0","臺中市","豐原區","120.745","24.250","62"
"148","285937","20220921080000","85","3","臺中市","豐原區","120.765","24.250","150"
"12","285943","20220921080000","15","0","臺中市","豐原區","120.765","24.255","12"
"253","285948","20220921080000","135","3","臺中市","石岡區","120.770","24.260","252"
"43","285949","20220921080000","44","0","臺中市","豐原區","120.760","24.265","47"
"265","285953","20220921080000","120","3","臺中市","石岡區","120.765","24.270","177"
"1107","285954","20220921080000","678","3","臺中市","豐原區","120.730","24.255","1076"
"594","285955","20220921080000","548","1","臺中市","豐原區","120.735","24.255","593"
"1645","285956","20220921080000","1222","2","臺中市","豐原區","120.745","24.255","1723"
"73","285957","20220921080000","356","0","臺中市","豐原區","120.740","24.260","57"
"539","285958","20220921080000","275","3","臺中市","豐原區","120.745","24.260","510"
"34","285959","20220921080000","357","0","臺中市","豐原區","120.750","24.260","40"
"239","285960","20220921080000","230","1","臺中市","豐原區","120.755","24.265","256"
"2253","285962","20220921080000","2233","1","臺中市","豐原區","120.725","24.240","2343"
"1300","285963","20220921080000","1443","0","臺中市","豐原區","120.730","24.240","1266"
"123","285964","20220921080000","246","0","臺中市","龍井區","120.580","24.190","123"
"30","285965","20220921080000","51","0","臺中市","龍井區","120.585","24.190","28"
"16","285980","20220921080000","383","0","臺中市","沙鹿區","120.570","24.225","24"
"2105","285981","20220921080000","1695","2","臺中市","沙鹿區","120.570","24.230","2133"
"359","285983","20220921080000","931","0","臺中市","沙鹿區","120.565","24.215","402"
"1954","285984","20220921080000","1743","1","臺中市","沙鹿區","120.555","24.220","1919"
"209","285985","20220921080000","183","1","臺中市","沙鹿區","120.560","24.220","220"
"60","285990","20220921080000","304","0","臺中市","沙鹿區","120.575","24.200","56"
"1956","285991","20220921080000","1253","3","臺中市","沙鹿區","120.580","24.200","1949"
"339","285994","20220921080000","330","1","臺中市","沙鹿區","120.570","24.205","335"
"438","285999","20220921080000","496","0","臺中市","沙鹿區","120.575","24.210","437"
"205","286001","20220921080000","192","1","臺中市","沙鹿區","120.560","24.235","188"
"551","286002","20220921080000","541","1","臺中市","豐原區","120.710","24.250","583"
"3182","286003","20220921080000","2606","2","臺中市","豐原區","120.715","24.250","3094"
"531","286005","20220921080000","545","0","臺中市","豐原區","120.725","24.225","535"
"270","286006","20220921080000","247","1","臺中市","豐原區","120.730","24.225","279"
"531","286008","20220921080000","441","2","臺中市","豐原區","120.725","24.230","545"
"200","286010","20220921080000","179","1","臺中市","豐原區","120.735","24.230","187"
"472","286012","20220921080000","461","1","臺中市","豐原區","120.730","24.230","491"
"1137","286014","20220921080000","1063","1","臺中市","北屯區","120.660","24.190","1072"
"160","286015","20220921080000","145","1","臺中市","龍井區","120.500","24.230","139"
"1719","286023","20220921080000","562","3","臺中市","龍井區","120.520","24.205","1759"
"783","286024","20220921080000","155","3","臺中市","龍井區","120.525","24.205","773"
"1379","286027","20220921080000","464","3","臺中市","龍井區","120.505","24.210","1246"
"95","286031","20220921080000","67","2","臺中市","龍井區","120.545","24.205","105"
"1038","286036","20220921080000","1044","0","臺中市","龍井區","120.550","24.210","1031"
"333","286039","20220921080000","292","1","臺中市","龍井區","120.545","24.215","372"
"338","286043","20220921080000","195","3","臺中市","東勢區","120.830","24.235","343"
"711","286047","20220921080000","521","2","臺中市","東勢區","120.830","24.240","754"
"890","286051","20220921080000","1021","0","臺中市","東勢區","120.830","24.245","899"
"249","286052","20220921080000","149","3","臺中市","東勢區","120.835","24.245","272"
"36","286053","20220921080000","420","0","臺中市","東勢區","120.840","24.245","46"
"911","286054","20220921080000","722","2","臺中市","東勢區","120.825","24.255","890"
"107","286060","20220921080000","78","2","臺中市","東勢區","120.845","24.275","107"
"135","286071","20220921080000","126","1","臺中市","清水區","120.580","24.270","157"
"1516","286072","20220921080000","1237","2","臺中市","北屯區","120.685","24.185","1654"
"42","286075","20220921080000","269","0","臺中市","北屯區","120.690","24.195","50"
"1818","286078","20220921080000","1329","2","臺中市","豐原區","120.720","24.250","1811"
"2516","286079","20220921080000","2604","0","臺中市","梧棲區","120.535","24.260","2547"
"469","286081","20220921080000","480","0","臺中市","梧棲區","120.530","24.265","461"
"855","286084","20220921080000","1016","0","臺中市","梧棲區","120.530","24.270","835"
"22","286088","20220921080000","469","0","臺中市","沙鹿區","120.565","24.200","25"
"258","286090","20220921080000","190","2","臺中市","沙鹿區","120.560","24.205","269"
"20","286091","20220921080000","478","0","臺中市","沙鹿區","120.565","24.205","15"
"51","286092","20220921080000","440","0","臺中市","沙鹿區","120.555","24.210","47"
"19","286093","20220921080000","196","0","臺中市","沙鹿區","120.560","24.210","18"
"190","286094","20220921080000","178","1","臺中市","沙鹿區","120.565","24.210","185"
"142","286095","20220921080000","158","0","臺中市","沙鹿區","120.555","24.215","125"
"140","286097","20220921080000","133","1","臺中市","沙鹿區","120.605","24.240","157"
"300","286098","20220921080000","272","1","臺中市","沙鹿區","120.605","24.245","308"
"1111","286099","20220921080000","1007","1","臺中市","沙鹿區","120.610","24.245","1093"
"865","286100","20220921080000","392","3","臺中市","沙鹿區","120.600","24.250","815"
"213","286105","20220921080000","308","0","臺中市","北屯區","120.685","24.195","209"
"379","286108","20220921080000","266","2","臺中市","北屯區","120.750","24.190","376"
"150","286113","20220921080000","137","1","臺中市","北屯區","120.750","24.195","164"
"14","286116","20220921080000","62","0","臺中市","北屯區","120.765","24.195","14"
"33","286118","20220921080000","24","2","臺中市","北屯區","120.745","24.200","31"
"17","286121","20220921080000","30","0","臺中市","北屯區","120.760","24.200","13"
"1672","286135","20220921080000","803","3","臺中市","北屯區","120.680","24.190","1625"
"574","286137","20220921080000","545","1","臺中市","清水區","120.545","24.265","597"
"580","286140","20220921080000","617","0","臺中市","清水區","120.545","24.270","573"
"352","286141","20220921080000","381","0","臺中市","清水區","120.550","24.270","343"
"1087","286147","20220921080000","1879","0","臺中市","潭子區","120.710","24.215","1044"
"18","286149","20220921080000","335","0","臺中市","潭子區","120.710","24.220","17"
"26","286151","20220921080000","26","1","臺中市","潭子區","120.715","24.225","33"
"383","286153","20220921080000","394","0","臺中市","豐原區","120.720","24.230","406"
"362","286156","20220921080000","429","0","臺中市","潭子區","120.680","24.225","369"
"883","286159","20220921080000","670","2","臺中市","潭子區","120.685","24.230","967"
"1891","286161","20220921080000","1363","2","臺中市","潭子區","120.690","24.225","1763"
"243","286162","20220921080000","362","0","臺中市","潭子區","120.695","24.225","226"
"539","286167","20220921080000","657","0","臺中市","梧棲區","120.525","24.225","525"
"49","286169","20220921080000","643","0","臺中市","梧棲區","120.510","24.230","48"
"44","286172","20220921080000","31","2","臺中市","梧棲區","120.525","24.230","41"
"223","286173","20220921080000","277","0","臺中市","梧棲區","120.505","24.235","219"
"12","286175","20220921080000","33","0","臺中市","梧棲區","120.515","24.235","18"
"1681","286177","20220921080000","2169","0","臺中市","梧棲區","120.525","24.235","1779"
"21","286179","20220921080000","20","1","臺中市","梧棲區","120.505","24.240","19"
"524","286180","20220921080000","580","0","臺中市","梧棲區","120.510","24.240","540"
"222","286181","20220921080000","192","1","臺中市","梧棲區","120.515","24.240","206"
"952","286183","20220921080000","539","3","臺中市","梧棲區","120.525","24.240","808"
"242","286186","20220921080000","191","2","臺中市","梧棲區","120.510","24.245","240"
"350","286187","20220921080000","415","0","臺中市","梧棲區","120.515","24.245","358"
"758","286190","20220921080000","1041","0","臺中市","梧棲區","120.530","24.245","759"
"207","286195","20220921080000","215","0","臺中市","梧棲區","120.525","24.250","232"
"528","286199","20220921080000","321","3","臺中市","沙鹿區","120.580","24.220","506"
"1698","286203","20220921080000","1628","1","臺中市","沙鹿區","120.575","24.225","1663"
"638","286204","20220921080000","813","0","臺中市","沙鹿區","120.580","24.225","644"
"552","286205","20220921080000","631","0","臺中市","沙鹿區","120.585","24.225","524"
"557","286208","20220921080000","477","1","臺中市","沙鹿區","120.575","24.230","557"
"398","286209","20220921080000","591","0","臺中市","沙鹿區","120.580","24.230","410"
"25","286210","20220921080000","17","2","臺中市","沙鹿區","120.585","24.230","27"
"92","286215","20220921080000","761","0","臺中市","沙鹿區","120.550","24.225","98"
"30","286221","20220921080000","21","2","臺中市","北屯區","120.770","24.195","31"
"23","286224","20220921080000","284","0","臺中市","北屯區","120.780","24.195","18"
"850","286244","20220921080000","1568","0","臺中市","大雅區","120.650","24.225","794"
"260","286246","20220921080000","256","1","臺中市","大雅區","120.605","24.225","248"
"285","286248","20220921080000","235","2","臺中市","大雅區","120.615","24.225","281"
"438","286260","20220921080000","367","1","臺中市","大雅區","120.620","24.235","426"
"1580","286262","20220921080000","1264","2","臺中市","大雅區","120.645","24.215","1532"
"348","286263","20220921080000","263","2","臺中市","大雅區","120.645","24.220","388"
"776","286264","20220921080000","634","2","臺中市","大雅區","120.645","24.225","746"
"850","286266","20220921080000","708","2","臺中市","大雅區","120.635","24.205","874"
"64","286267","20220921080000","395","0","臺中市","大雅區","120.640","24.205","82"
"3916","286269","20220921080000","2548","3","臺中市","大雅區","120.615","24.210","3747"
"1759","286270","20220921080000","1161","3","臺中市","大雅區","120.620","24.210","1823"
"1060","286272","20220921080000","876","2","臺中市","大雅區","120.630","24.210","1047"
"318","286273","20220921080000","273","1","臺中市","大雅區","120.635","24.210","341"
"1062","286276","20220921080000","1377","0","臺中市","大雅區","120.605","24.215","1154"
"730","286279","20220921080000","1242","0","臺中市","大雅區","120.620","24.215","720"
"776","286281","20220921080000","549","2","臺中市","大雅區","120.635","24.215","757"
"86","286282","20220921080000","61","2","臺中市","大雅區","120.600","24.220","82"
"110","286284","20220921080000","144","0","臺中市","大雅區","120.610","24.220","144"
"527","286285","20220921080000","281","3","臺中市","大雅區","120.615","24.220","499"
"764","286287","20220921080000","454","3","臺中市","大雅區","120.640","24.220","762"
"222","286288","20220921080000","181","2","臺中市","大雅區","120.630","24.215","231"
"53","286289","20220921080000","87","0","臺中市","大雅區","120.625","24.220","52"
"844","286292","20220921080000","693","2","臺中市","大雅區","120.625","24.225","848"
"1271","286293","20220921080000","1462","0","臺中市","大雅區","120.630","24.225","1294"
"951","286296","20220921080000","679","2","臺中市","大雅區","120.620","24.230","1008"
"287","286300","20220921080000","170","3","臺中市","大雅區","120.625","24.230","299"
"444","286302","20220921080000","395","1","臺中市","潭子區","120.670","24.205","472"
"71","286305","20220921080000","93","0","臺中市","大雅區","120.670","24.215","86"
"530","286306","20220921080000","406","2","臺中市","大雅區","120.675","24.215","669"
"558","286307","20220921080000","852","0","臺中市","大雅區","120.670","24.220","827"
"501","286318","20220921080000","317","3","臺中市","東勢區","120.835","24.220","498"
"56","286321","20220921080000","355","0","臺中市","東勢區","120.825","24.270","42"
"294","286323","20220921080000","162","3","臺中市","東勢區","120.820","24.275","296"
"279","286344","20220921080000","287","0","臺中市","東勢區","120.850","24.260","272"
"383","286375","20220921080000","222","3","臺中市","沙鹿區","120.590","24.230","361"
"553","286377","20220921080000","699","0","臺中市","沙鹿區","120.565","24.235","551"
"2577","286384","20220921080000","2833","0","臺中市","沙鹿區","120.570","24.240","2504"
"808","286386","20220921080000","849","0","臺中市","東勢區","120.830","24.255","809"
"31","286388","20220921080000","662","0","臺中市","東勢區","120.825","24.250","25"
"248","286389","20220921080000","332","0","臺中市","梧棲區","120.530","24.230","270"
"675","286392","20220921080000","739","0","臺中市","梧棲區","120.545","24.230","709"
"983","286398","20220921080000","894","1","臺中市","豐原區","120.715","24.255","940"
"106","286399","20220921080000","969","0","臺中市","豐原區","120.720","24.255","102"
"1863","286400","20220921080000","659","3","臺中市","豐原區","120.735","24.270","1856"
"84","286406","20220921080000","388","0","臺中市","豐原區","120.745","24.275","89"
"613","286408","20220921080000","326","3","臺中市","豐原區","120.755","24.275","707"
"719","286413","20220921080000","628","1","臺中市","東勢區","120.760","24.280","662"
"400","286418","20220921080000","214","3","臺中市","豐原區","120.725","24.275","404"
"780","286422","20220921080000","257","3","臺中市","豐原區","120.735","24.280","776"
"142","286436","20220921080000","126","1","臺中市","豐原區","120.760","24.230","138"
"146","286446","20220921080000","126","1","臺中市","豐原區","120.740","24.235","152"
"169","286447","20220921080000","110","3","臺中市","豐原區","120.745","24.235","165"
"137","286461","20220921080000","1317","0","臺中市","龍井區","120.520","24.195","131"
"744","286465","20220921080000","327","3","臺中市","龍井區","120.500","24.200","1316"
"772","286475","20220921080000","256","3","臺中市","龍井區","120.510","24.200","615"
"73","286482","20220921080000","428","0","臺中市","龍井區","120.515","24.205","79"
"23","286485","20220921080000","234","0","臺中市","石岡區","120.770","24.280","25"
"1227","286486","20220921080000","849","2","臺中市","石岡區","120.775","24.275","1241"
"69","286489","20220921080000","448","0","臺中市","石岡區","120.795","24.270","84"
"114","286497","20220921080000","55","3","臺中市","石岡區","120.775","24.255","98"
"24","286500","20220921080000","12","3","臺中市","石岡區","120.775","24.260","25"
"16","286510","20220921080000","158","0","臺中市","石岡區","120.770","24.275","13"
"169","286511","20220921080000","103","3","臺中市","新社區","120.795","24.245","182"
"15","286515","20220921080000","87","0","臺中市","石岡區","120.790","24.255","18"
"38","286517","20220921080000","206","0","臺中市","石岡區","120.785","24.260","32"
"621","286522","20220921080000","547","1","臺中市","潭子區","120.695","24.230","627"
"41","286525","20220921080000","499","0","臺中市","神岡區","120.695","24.235","47"
"626","286526","20220921080000","400","3","臺中市","神岡區","120.690","24.240","602"
"81","286528","20220921080000","450","0","臺中市","豐原區","120.740","24.265","72"
"3044","286530","20220921080000","2990","1","臺中市","清水區","120.570","24.265","3016"
"413","286531","20220921080000","353","1","臺中市","清水區","120.570","24.270","455"
"652","286535","20220921080000","466","2","臺中市","清水區","120.630","24.275","650"
"120","286541","20220921080000","115","1","臺中市","清水區","120.565","24.275","136"
"607","286544","20220921080000","440","2","臺中市","西屯區","120.640","24.190","681"
"17","286545","20220921080000","14","2","臺中市","西屯區","120.635","24.195","16"
"509","286547","20220921080000","548","0","臺中市","西屯區","120.645","24.195","496"
"1454","286549","20220921080000","776","3","臺中市","西屯區","120.645","24.200","1416"
"114","286550","20220921080000","719","0","臺中市","西屯區","120.650","24.200","118"
"30","286551","20220921080000","80","0","臺中市","西屯區","120.650","24.205","33"
"39","286554","20220921080000","474","0","臺中市","神岡區","120.670","24.255","44"
"1361","286555","20220921080000","954","2","臺中市","神岡區","120.675","24.255","1394"
"1915","286556","20220921080000","774","3","臺中市","神岡區","120.665","24.260","1876"
"32","286557","20220921080000","17","3","臺中市","神岡區","120.650","24.260","35"
"11","286558","20220921080000","131","0","臺中市","神岡區","120.655","24.265","17"
"386","286561","20220921080000","249","3","臺中市","神岡區","120.665","24.270","387"
"256","286563","20220921080000","130","3","臺中市","神岡區","120.665","24.275","279"
"216","286566","20220921080000","220","0","臺中市","神岡區","120.645","24.265","298"
"114","286569","20220921080000","197","0","臺中市","神岡區","120.650","24.270","130"
"652","286570","20220921080000","401","3","臺中市","神岡區","120.655","24.270","676"
"43","286572","20220921080000","487","0","臺中市","神岡區","120.650","24.275","63"
"724","286574","20220921080000","592","2","臺中市","神岡區","120.660","24.275","688"
"230","286598","20220921080000","124","3","臺中市","和平區","120.895","24.230","190"
"78","286652","20220921080000","45","3","臺中市","和平區","120.905","24.240","66"
"253","286658","20220921080000","135","3","臺中市","和平區","120.935","24.240","270"
"152","286690","20220921080000","95","3","臺中市","和平區","120.900","24.250","142"
"75","286794","20220921080000","59","2","臺中市","和平區","121.015","24.195","66"
"310","286822","20220921080000","137","3","臺中市","和平區","121.005","24.200","211"
"273","286823","20220921080000","266","1","臺中市","和平區","121.010","24.200","274"
"188","286853","20220921080000","162","1","臺中市","和平區","121.015","24.205","160"
"33","286950","20220921080000","14","3","臺中市","和平區","120.965","24.225","29"
"20","286967","20220921080000","24","0","臺中市","和平區","121.050","24.225","20"
"14","286996","20220921080000","34","0","臺中市","和平區","121.065","24.230","38"
"124","287119","20220921080000","97","2","臺中市","和平區","121.010","24.255","112"
"27","287154","20220921080000","19","2","臺中市","和平區","121.000","24.265","25"
"53","287173","20220921080000","26","3","臺中市","和平區","121.015","24.270","35"
"49","287567","20220921080000","54","0","臺中市","和平區","121.120","24.235","66"
"204","287678","20220921080000","175","1","臺中市","和平區","121.245","24.245","171"
"15","287696","20220921080000","19","0","臺中市","和平區","121.100","24.250","15"
"187","287725","20220921080000","136","2","臺中市","和平區","121.245","24.250","164"
"165","287726","20220921080000","166","0","臺中市","和平區","121.250","24.250","152"
"44","287756","20220921080000","35","2","臺中市","和平區","121.165","24.255","51"
"39","287766","20220921080000","27","2","臺中市","和平區","121.215","24.255","19"
"173","287770","20220921080000","147","1","臺中市","和平區","121.235","24.255","151"
"272","287774","20220921080000","219","2","臺中市","和平區","121.255","24.255","267"
"139","287776","20220921080000","150","0","臺中市","和平區","121.265","24.255","175"
"24","287809","20220921080000","25","0","臺中市","和平區","121.190","24.260","12"
"470","287823","20220921080000","371","2","臺中市","和平區","121.260","24.260","400"
"41","288103","20220921080000","31","2","臺中市","和平區","120.890","24.275","55"
"18","288133","20220921080000","17","1","臺中市","和平區","120.945","24.280","13"
"28","288159","20220921080000","20","2","臺中市","和平區","121.025","24.280","16"
"490","288160","20220921080000","529","0","臺中市","清水區","120.555","24.260","396"
"36","288161","20220921080000","503","0","臺中市","清水區","120.560","24.260","36"
"788","288163","20220921080000","747","1","臺中市","清水區","120.550","24.265","788"
"471","288166","20220921080000","1237","0","臺中市","清水區","120.565","24.265","513"
"1184","288169","20220921080000","809","2","臺中市","清水區","120.560","24.275","1181"
"279","288179","20220921080000","282","0","臺中市","清水區","120.605","24.275","265"
"200","288182","20220921080000","256","0","臺中市","清水區","120.600","24.275","190"
"113","288184","20220921080000","79","2","臺中市","清水區","120.610","24.275","101"
"319","288192","20220921080000","261","2","臺中市","潭子區","120.725","24.215","309"
"375","288194","20220921080000","334","1","臺中市","潭子區","120.735","24.215","390"
"484","288198","20220921080000","483","1","臺中市","潭子區","120.720","24.220","508"
"1261","288207","20220921080000","1110","1","臺中市","潭子區","120.680","24.205","1315"
"35","288208","20220921080000","47","0","臺中市","潭子區","120.685","24.205","45"
"751","288209","20220921080000","773","0","臺中市","北屯區","120.690","24.205","856"
"218","288212","20220921080000","118","3","臺中市","潭子區","120.690","24.210","223"
"1003","288215","20220921080000","795","2","臺中市","潭子區","120.685","24.215","905"
"1446","288216","20220921080000","1487","0","臺中市","潭子區","120.690","24.215","1300"
"296","288219","20220921080000","288","1","臺中市","潭子區","120.690","24.220","337"
"1982","288223","20220921080000","1840","1","臺中市","潭子區","120.710","24.230","2087"
"391","288224","20220921080000","351","1","臺中市","豐原區","120.715","24.230","400"
"1325","288225","20220921080000","992","2","臺中市","潭子區","120.705","24.230","1289"
"2946","288228","20220921080000","1601","3","臺中市","神岡區","120.660","24.260","2922"
"1075","288232","20220921080000","1024","1","臺中市","神岡區","120.700","24.265","1071"
"1199","288240","20220921080000","1130","1","臺中市","神岡區","120.710","24.255","1169"
"771","288242","20220921080000","579","2","臺中市","神岡區","120.705","24.260","792"
"103","288243","20220921080000","970","0","臺中市","神岡區","120.710","24.260","105"
"968","288247","20220921080000","928","1","臺中市","神岡區","120.705","24.275","973"
"1056","288250","20220921080000","853","2","臺中市","神岡區","120.710","24.275","985"
"101","288252","20220921080000","119","0","臺中市","西屯區","120.605","24.195","100"
"261","288253","20220921080000","235","1","臺中市","西屯區","120.610","24.195","230"
"48","288259","20220921080000","48","1","臺中市","西屯區","120.600","24.200","49"
"250","288260","20220921080000","206","2","臺中市","西屯區","120.605","24.200","253"
"76","288261","20220921080000","119","0","臺中市","西屯區","120.610","24.200","67"
"990","288262","20220921080000","1110","0","臺中市","西屯區","120.615","24.200","1020"
"52","288264","20220921080000","410","0","臺中市","西屯區","120.625","24.200","59"
"879","288265","20220921080000","735","1","臺中市","西屯區","120.630","24.200","798"
"110","288267","20220921080000","105","1","臺中市","西屯區","120.595","24.205","124"
"809","288268","20220921080000","530","3","臺中市","西屯區","120.600","24.205","753"
"550","288269","20220921080000","916","0","臺中市","西屯區","120.605","24.205","553"
"530","288270","20220921080000","288","3","臺中市","西屯區","120.610","24.205","451"
"1167","288271","20220921080000","1167","1","臺中市","西屯區","120.615","24.205","1133"
"1798","288272","20220921080000","1541","1","臺中市","西屯區","120.620","24.205","1817"
"18","288275","20220921080000","36","0","臺中市","西屯區","120.600","24.210","10"
"169","288276","20220921080000","185","0","臺中市","西屯區","120.605","24.210","262"
"2818","288277","20220921080000","2541","1","臺中市","西屯區","120.610","24.210","2833"
"2981","288279","20220921080000","2980","1","臺中市","西屯區","120.610","24.190","2978"
"268","288281","20220921080000","158","3","臺中市","西屯區","120.625","24.190","238"
"139","288284","20220921080000","37","3","臺中市","西屯區","120.595","24.195","160"
"247","288287","20220921080000","173","2","臺中市","西屯區","120.655","24.190","274"
"1038","288289","20220921080000","709","2","臺中市","西屯區","120.655","24.195","1129"
"885","288290","20220921080000","865","1","臺中市","西屯區","120.660","24.195","970"
"926","288291","20220921080000","624","2","臺中市","西屯區","120.655","24.200","916"
"14","288293","20220921080000","10","2","臺中市","西屯區","120.655","24.205","10"
"364","288294","20220921080000","396","0","臺中市","西屯區","120.660","24.205","388"
"473","288298","20220921080000","379","2","臺中市","東勢區","120.850","24.240","452"
"222","288299","20220921080000","141","3","臺中市","東勢區","120.845","24.245","217"
"336","288302","20220921080000","476","0","臺中市","東勢區","120.825","24.260","323"
"1010","288304","20220921080000","827","2","臺中市","東勢區","120.825","24.265","1017"
"22","288312","20220921080000","132","0","臺中市","東勢區","120.835","24.230","28"
"23","288317","20220921080000","325","0","臺中市","東勢區","120.840","24.235","22"
"80","288339","20220921080000","42","3","臺中市","東勢區","120.875","24.215","70"
"13","288351","20220921080000","75","0","臺中市","東勢區","120.895","24.220","13"
"952","288395","20220921080000","675","2","臺中市","沙鹿區","120.560","24.230","953"
"712","288396","20220921080000","850","0","臺中市","潭子區","120.710","24.235","694"
"153","288397","20220921080000","1232","0","臺中市","豐原區","120.715","24.240","143"
"708","288401","20220921080000","896","0","臺中市","清水區","120.570","24.260","689"
"17","288402","20220921080000","113","0","臺中市","清水區","120.575","24.270","18"
"1685","288403","20220921080000","1998","0","臺中市","清水區","120.580","24.275","1660"
"174","288407","20220921080000","955","0","臺中市","潭子區","120.700","24.190","189"
"159","288459","20220921080000","170","0","花蓮縣","秀林鄉","121.715","24.245","159"
"63","288610","20220921080000","37","3","花蓮縣","秀林鄉","121.740","24.260","53"
"55","288819","20220921080000","77","0","花蓮縣","秀林鄉","121.485","24.190","63"
"15","288869","20220921080000","18","0","花蓮縣","秀林鄉","121.430","24.195","23"
"30","288993","20220921080000","36","0","花蓮縣","秀林鄉","121.480","24.205","32"
"12","289039","20220921080000","16","0","花蓮縣","秀林鄉","121.450","24.210","14"
"1143","289851","20220921080000","1371","0","臺中市","大雅區","120.650","24.220","1124"
"562","289852","20220921080000","922","0","臺中市","大雅區","120.655","24.220","578"
"424","289853","20220921080000","372","1","臺中市","大雅區","120.660","24.220","454"
"3311","289854","20220921080000","2430","2","臺中市","大雅區","120.655","24.225","3256"
"119","289855","20220921080000","111","1","臺中市","大雅區","120.660","24.225","124"
"1155","289860","20220921080000","1092","1","臺中市","大雅區","120.635","24.235","1114"
"1232","289863","20220921080000","1018","2","臺中市","大雅區","120.630","24.240","1183"
"280","289868","20220921080000","242","1","臺中市","大雅區","120.635","24.245","289"
"1580","289875","20220921080000","1082","2","臺中市","大雅區","120.645","24.230","1661"
"888","289879","20220921080000","674","2","臺中市","大雅區","120.655","24.230","865"
"662","289882","20220921080000","395","3","臺中市","大雅區","120.655","24.235","665"
"231","289884","20220921080000","192","2","臺中市","大雅區","120.645","24.240","243"
"1193","289886","20220921080000","727","3","臺中市","大雅區","120.655","24.240","1170"
"392","289893","20220921080000","389","1","臺中市","豐原區","120.735","24.260","391"
"1137","289895","20220921080000","510","3","臺中市","豐原區","120.750","24.265","1176"
"139","289907","20220921080000","109","2","臺中市","新社區","120.815","24.240","170"
"52","289909","20220921080000","499","0","臺中市","豐原區","120.720","24.245","39"
"1449","289910","20220921080000","1206","2","臺中市","豐原區","120.725","24.245","1439"
"477","289912","20220921080000","427","1","臺中市","大雅區","120.670","24.225","477"
"491","289916","20220921080000","1013","0","臺中市","大雅區","120.650","24.230","516"
"29","289918","20220921080000","479","0","臺中市","大雅區","120.645","24.210","48"
"1679","289919","20220921080000","1655","1","臺中市","大雅區","120.650","24.210","1611"
"515","289920","20220921080000","611","0","臺中市","大雅區","120.650","24.215","504"
"112","289921","20220921080000","1108","0","臺中市","大雅區","120.660","24.230","108"
"362","289922","20220921080000","433","0","臺中市","大雅區","120.665","24.230","359"
"1511","289923","20220921080000","1374","1","臺中市","大雅區","120.670","24.230","1438"
"247","289927","20220921080000","575","0","臺中市","大雅區","120.675","24.240","252"
"1278","289928","20220921080000","842","3","臺中市","東勢區","120.830","24.250","1231"
"537","289929","20220921080000","463","1","臺中市","東勢區","120.835","24.250","530"
"425","289937","20220921080000","457","0","臺中市","石岡區","120.785","24.275","453"
"939","289944","20220921080000","494","3","臺中市","石岡區","120.815","24.260","904"
"72","289946","20220921080000","221","0","臺中市","石岡區","120.805","24.265","74"
"34","289955","20220921080000","230","0","臺中市","石岡區","120.795","24.275","26"
"777","289964","20220921080000","491","3","臺中市","龍井區","120.480","24.210","779"
"871","289976","20220921080000","453","3","臺中市","龍井區","120.485","24.220","773"
"494","289982","20220921080000","505","0","臺中市","龍井區","120.490","24.225","514"
"1103","289983","20220921080000","755","2","臺中市","龍井區","120.495","24.225","1084"
"71","289992","20220921080000","162","0","臺中市","龍井區","120.490","24.230","75"
"75","289993","20220921080000","362","0","臺中市","龍井區","120.495","24.230","71"
"533","289996","20220921080000","677","0","臺中市","沙鹿區","120.580","24.210","525"
"82","289999","20220921080000","879","0","臺中市","沙鹿區","120.575","24.215","81"
"533","290000","20220921080000","545","0","臺中市","沙鹿區","120.580","24.215","563"
"275","290001","20220921080000","252","1","臺中市","沙鹿區","120.585","24.215","264"
"889","290004","20220921080000","824","1","臺中市","沙鹿區","120.570","24.220","851"
"354","290005","20220921080000","289","2","臺中市","沙鹿區","120.575","24.220","331"
"33","290008","20220921080000","26","2","臺中市","東勢區","120.840","24.190","39"
"96","290010","20220921080000","62","3","臺中市","東勢區","120.835","24.195","103"
"320","290015","20220921080000","208","3","臺中市","東勢區","120.840","24.200","365"
"202","290025","20220921080000","160","2","臺中市","東勢區","120.840","24.210","193"
"13","290037","20220921080000","301","0","臺中市","東勢區","120.850","24.195","12"
"752","290046","20220921080000","717","1","臺中市","龍井區","120.545","24.190","779"
"120","290051","20220921080000","137","0","臺中市","潭子區","120.695","24.195","121"
"1938","290052","20220921080000","1604","2","臺中市","潭子區","120.700","24.195","1808"
"11","290171","20220921080000","13","0","南投縣","仁愛鄉","121.290","24.225","11"
"91","290182","20220921080000","104","0","南投縣","仁愛鄉","121.260","24.230","80"
"150","290292","20220921080000","115","2","南投縣","仁愛鄉","121.220","24.190","161"
"193","290293","20220921080000","93","3","南投縣","仁愛鄉","121.225","24.190","161"
"60","296900","20220921080000","77","0","宜蘭縣","南澳鄉","121.750","24.320","61"
"229","296924","20220921080000","167","2","宜蘭縣","南澳鄉","121.745","24.330","232"
"15","296946","20220921080000","20","0","宜蘭縣","南澳鄉","121.770","24.335","20"
"10","296987","20220921080000","19","0","宜蘭縣","南澳鄉","121.775","24.345","11"
"542","297399","20220921080000","372","2","臺中市","清水區","120.580","24.280","530"
"953","297407","20220921080000","1152","0","臺中市","外埔區","120.620","24.335","956"
"321","297413","20220921080000","200","3","臺中市","神岡區","120.650","24.280","326"
"627","297416","20220921080000","462","2","臺中市","神岡區","120.640","24.285","642"
"80","297422","20220921080000","46","3","臺中市","神岡區","120.640","24.290","81"
"386","297424","20220921080000","280","2","臺中市","神岡區","120.650","24.290","413"
"104","297433","20220921080000","1410","0","臺中市","大甲區","120.620","24.345","94"
"438","297434","20220921080000","293","2","臺中市","梧棲區(海)","120.510","24.280","360"
"206","297444","20220921080000","103","3","臺中市","清水區","120.620","24.285","164"
"74","297446","20220921080000","93","0","臺中市","大甲區","120.640","24.345","75"
"1077","297450","20220921080000","1064","1","臺中市","大甲區","120.630","24.355","1107"
"730","297453","20220921080000","729","1","臺中市","大甲區","120.645","24.355","712"
"242","297457","20220921080000","84","3","臺中市","大甲區","120.650","24.360","249"
"47","297458","20220921080000","478","0","臺中市","大甲區","120.640","24.365","51"
"134","297462","20220921080000","188","0","臺中市","東勢區","120.795","24.295","116"
"117","297485","20220921080000","109","1","臺中市","東勢區","120.785","24.310","121"
"222","297494","20220921080000","202","1","臺中市","東勢區","120.780","24.315","184"
"208","297510","20220921080000","160","2","臺中市","東勢區","120.870","24.280","186"
"14","297529","20220921080000","10","2","臺中市","東勢區","120.885","24.290","54"
"82","297533","20220921080000","90","0","臺中市","清水區","120.560","24.310","87"
"20","297539","20220921080000","173","0","臺中市","清水區","120.555","24.305","11"
"33","297540","20220921080000","135","0","臺中市","清水區","120.550","24.310","41"
"379","297546","20220921080000","386","0","臺中市","清水區","120.560","24.320","379"
"20","297575","20220921080000","16","2","臺中市","清水區","120.540","24.300","21"
"191","297586","20220921080000","249","0","臺中市","清水區","120.545","24.305","213"
"146","297618","20220921080000","164","0","臺中市","后里區","120.665","24.305","122"
"477","297627","20220921080000","428","1","臺中市","后里區","120.680","24.310","478"
"803","297639","20220921080000","678","1","臺中市","后里區","120.725","24.285","841"
"259","297645","20220921080000","321","0","臺中市","后里區","120.725","24.290","224"
"925","297646","20220921080000","537","3","臺中市","后里區","120.730","24.290","921"
"207","297647","20220921080000","140","2","臺中市","后里區","120.735","24.290","206"
"311","297648","20220921080000","114","3","臺中市","后里區","120.740","24.290","268"
"312","297654","20220921080000","763","0","臺中市","后里區","120.730","24.295","316"
"45","297656","20220921080000","31","2","臺中市","后里區","120.740","24.295","37"
"214","297659","20220921080000","181","1","臺中市","后里區","120.755","24.295","191"
"17","297662","20220921080000","23","0","臺中市","后里區","120.725","24.300","37"
"59","297664","20220921080000","55","1","臺中市","后里區","120.735","24.300","62"
"897","297671","20220921080000","735","2","臺中市","后里區","120.725","24.305","918"
"64","297672","20220921080000","14","3","臺中市","后里區","120.735","24.305","67"
"509","297689","20220921080000","478","1","臺中市","大安區","120.585","24.365","500"
"1633","297697","20220921080000","1626","1","臺中市","大甲區","120.630","24.350","1688"
"34","297698","20220921080000","58","0","臺中市","大甲區","120.620","24.350","29"
"11","297701","20220921080000","11","1","苗栗縣","苑裡鎮","120.700","24.365","17"
"1404","297704","20220921080000","929","3","臺中市","大甲區","120.625","24.350","1352"
"1796","297705","20220921080000","1624","1","臺中市","大甲區","120.620","24.355","1790"
"1562","297706","20220921080000","1525","1","臺中市","大甲區","120.615","24.345","1590"
"767","297725","20220921080000","856","0","臺中市","大甲區","120.635","24.370","829"
"267","297760","20220921080000","233","1","臺中市","清水區","120.605","24.305","263"
"723","297763","20220921080000","672","1","臺中市","清水區","120.605","24.310","748"
"155","297775","20220921080000","1033","0","臺中市","后里區","120.710","24.305","152"
"364","297776","20220921080000","228","3","臺中市","后里區","120.700","24.310","328"
"260","297778","20220921080000","181","2","臺中市","后里區","120.735","24.310","257"
"45","297782","20220921080000","53","0","臺中市","后里區","120.755","24.310","41"
"291","297783","20220921080000","287","1","臺中市","后里區","120.740","24.315","292"
"204","297795","20220921080000","179","1","臺中市","后里區","120.735","24.325","204"
"578","297801","20220921080000","503","1","臺中市","后里區","120.740","24.330","603"
"504","297811","20220921080000","322","3","臺中市","后里區","120.725","24.340","545"
"254","297831","20220921080000","305","0","臺中市","外埔區","120.700","24.345","265"
"637","297868","20220921080000","574","1","臺中市","外埔區","120.645","24.320","637"
"575","297883","20220921080000","415","2","臺中市","外埔區","120.670","24.320","527"
"220","297885","20220921080000","198","1","臺中市","外埔區","120.680","24.320","218"
"639","297886","20220921080000","576","1","臺中市","外埔區","120.665","24.325","632"
"727","297921","20220921080000","463","3","臺中市","外埔區","120.650","24.330","746"
"1564","297922","20220921080000","1609","0","臺中市","外埔區","120.655","24.330","1606"
"2102","297926","20220921080000","2336","0","臺中市","外埔區","120.635","24.340","2189"
"247","297928","20220921080000","265","0","臺中市","外埔區","120.645","24.340","250"
"690","297941","20220921080000","572","2","臺中市","外埔區","120.625","24.320","617"
"536","297947","20220921080000","374","2","臺中市","外埔區","120.630","24.325","541"
"44","297954","20220921080000","51","0","臺中市","外埔區","120.635","24.330","46"
"284","297957","20220921080000","249","1","臺中市","外埔區","120.630","24.335","304"
"239","297959","20220921080000","218","1","臺中市","外埔區","120.685","24.325","245"
"24","297961","20220921080000","70","0","臺中市","外埔區","120.675","24.330","34"
"326","297967","20220921080000","342","0","臺中市","后里區","120.710","24.330","340"
"79","297988","20220921080000","417","0","臺中市","外埔區","120.665","24.340","74"
"350","297992","20220921080000","243","2","臺中市","外埔區","120.685","24.340","335"
"679","297995","20220921080000","771","0","臺中市","大安區","120.585","24.345","654"
"11","298020","20220921080000","20","0","臺中市","大安區","120.570","24.340","15"
"48","298024","20220921080000","69","0","臺中市","大安區","120.570","24.345","50"
"245","298036","20220921080000","235","1","臺中市","大安區","120.590","24.335","256"
"331","298040","20220921080000","405","0","臺中市","大安區","120.590","24.340","319"
"58","298043","20220921080000","533","0","臺中市","大安區","120.605","24.365","55"
"1324","298045","20220921080000","1388","0","臺中市","后里區","120.720","24.310","1384"
"715","298047","20220921080000","1012","0","臺中市","后里區","120.720","24.320","753"
"132","298050","20220921080000","684","0","臺中市","后里區","120.725","24.315","119"
"427","298051","20220921080000","378","1","臺中市","后里區","120.730","24.315","429"
"3685","298052","20220921080000","2792","2","臺中市","后里區","120.725","24.320","3535"
"356","298053","20220921080000","560","0","臺中市","后里區","120.730","24.320","367"
"110","298054","20220921080000","153","0","臺中市","后里區","120.735","24.320","109"
"216","298056","20220921080000","246","0","臺中市","后里區","120.725","24.325","229"
"135","298059","20220921080000","576","0","臺中市","后里區","120.710","24.310","120"
"116","298060","20220921080000","171","0","臺中市","后里區","120.715","24.310","149"
"448","298062","20220921080000","262","3","臺中市","后里區","120.710","24.315","497"
"104","298066","20220921080000","87","1","臺中市","后里區","120.705","24.320","126"
"55","298069","20220921080000","158","0","臺中市","外埔區","120.695","24.325","301"
"212","298070","20220921080000","209","1","臺中市","后里區","120.700","24.325","293"
"28","298074","20220921080000","27","1","臺中市","后里區","120.705","24.325","31"
"634","298075","20220921080000","753","0","臺中市","后里區","120.710","24.325","665"
"316","298078","20220921080000","328","0","臺中市","后里區","120.705","24.330","330"
"28","298081","20220921080000","189","0","臺中市","后里區","120.745","24.325","31"
"139","298082","20220921080000","105","2","臺中市","后里區","120.750","24.325","119"
"119","298092","20220921080000","111","1","臺中市","后里區","120.680","24.315","139"
"68","298093","20220921080000","27","3","臺中市","后里區","120.685","24.315","50"
"641","298094","20220921080000","564","1","臺中市","后里區","120.690","24.315","624"
"574","298095","20220921080000","444","2","臺中市","后里區","120.695","24.315","612"
"133","298096","20220921080000","109","2","臺中市","外埔區","120.685","24.320","176"
"42","298098","20220921080000","459","0","臺中市","大安區","120.600","24.345","42"
"27","298100","20220921080000","444","0","臺中市","大安區","120.600","24.350","29"
"155","298108","20220921080000","121","2","臺中市","大甲區","120.680","24.365","157"
"308","298116","20220921080000","290","1","臺中市","大甲區","120.675","24.370","292"
"627","298125","20220921080000","804","0","臺中市","大甲區","120.625","24.340","639"
"478","298126","20220921080000","454","1","臺中市","大甲區","120.630","24.340","480"
"146","298128","20220921080000","133","1","臺中市","大甲區","120.620","24.340","153"
"2479","298129","20220921080000","2540","0","臺中市","大甲區","120.625","24.345","2489"
"244","298135","20220921080000","231","1","臺中市","后里區","120.715","24.295","269"
"1441","298141","20220921080000","1490","0","臺中市","后里區","120.715","24.305","1417"
"293","298142","20220921080000","392","0","臺中市","后里區","120.720","24.305","290"
"99","298151","20220921080000","495","0","臺中市","清水區","120.610","24.290","78"
"174","298155","20220921080000","132","2","臺中市","清水區","120.610","24.295","179"
"1213","298159","20220921080000","1144","1","臺中市","大甲區","120.615","24.350","1186"
"433","298177","20220921080000","416","1","臺中市","大甲區","120.605","24.325","450"
"203","298178","20220921080000","289","0","臺中市","大甲區","120.595","24.330","187"
"1153","298182","20220921080000","1002","1","臺中市","后里區","120.725","24.310","1217"
"95","298183","20220921080000","181","0","臺中市","后里區","120.730","24.305","96"
"305","298184","20220921080000","485","0","臺中市","后里區","120.730","24.310","284"
"92","298185","20220921080000","35","3","臺中市","后里區","120.735","24.315","61"
"235","298202","20220921080000","172","2","臺中市","后里區","120.700","24.285","214"
"28","298208","20220921080000","319","0","臺中市","后里區","120.675","24.290","22"
"507","298213","20220921080000","370","2","臺中市","后里區","120.700","24.290","450"
"19","298360","20220921080000","41","0","臺中市","和平區","121.280","24.305","18"
"427","298427","20220921080000","376","1","臺中市","和平區","121.295","24.315","391"
"103","298504","20220921080000","58","3","臺中市","和平區","121.310","24.325","91"
"183","298630","20220921080000","144","2","臺中市","和平區","121.310","24.335","146"
"22","298632","20220921080000","15","2","臺中市","和平區","121.320","24.335","24"
"81","298723","20220921080000","106","0","臺中市","和平區","121.310","24.345","115"
"89","298770","20220921080000","139","0","臺中市","和平區","121.310","24.350","105"
"75","298818","20220921080000","78","0","臺中市","和平區","121.315","24.355","69"
"36","298866","20220921080000","34","1","臺中市","和平區","121.315","24.360","26"
"19","298968","20220921080000","13","2","臺中市","和平區","121.340","24.370","21"
"30","299078","20220921080000","16","3","臺中市","和平區","121.265","24.285","12"
"10","299174","20220921080000","13","0","臺中市","和平區","121.275","24.295","19"
"88","299584","20220921080000","88","1","臺中市","和平區","120.905","24.290","119"
"15","299585","20220921080000","11","2","臺中市","和平區","120.910","24.290","15"
"55","299602","20220921080000","57","0","臺中市","和平區","120.930","24.295","60"
"61","299659","20220921080000","51","1","臺中市","和平區","120.940","24.300","58"
"12","299678","20220921080000","11","1","臺中市","和平區","120.925","24.305","14"
"91","299703","20220921080000","73","2","臺中市","和平區","120.940","24.310","98"
"51","299761","20220921080000","30","3","臺中市","和平區","120.930","24.325","46"
"102","299779","20220921080000","88","1","臺中市","和平區","120.925","24.325","91"
"40","299781","20220921080000","172","0","臺中市","和平區","120.935","24.325","50"
"23","299796","20220921080000","17","2","臺中市","和平區","120.920","24.330","18"
"741","299822","20220921080000","762","0","臺中市","清水區","120.565","24.290","746"
"19","299823","20220921080000","344","0","臺中市","清水區","120.560","24.295","29"
"134","299826","20220921080000","109","2","臺中市","清水區","120.600","24.280","169"
"49","299828","20220921080000","23","3","臺中市","清水區","120.610","24.280","56"
"418","299830","20220921080000","374","1","臺中市","清水區","120.600","24.285","403"
"521","299831","20220921080000","513","1","臺中市","清水區","120.575","24.285","516"
"546","299835","20220921080000","482","1","臺中市","清水區","120.575","24.300","517"
"90","299845","20220921080000","71","2","臺中市","東勢區","120.790","24.285","99"
"298","299852","20220921080000","213","2","臺中市","東勢區","120.795","24.285","277"
"57","299868","20220921080000","36","3","臺中市","東勢區","120.805","24.300","48"
"182","299869","20220921080000","172","1","臺中市","東勢區","120.810","24.300","164"
"428","299873","20220921080000","299","2","臺中市","清水區","120.555","24.280","414"
"189","299884","20220921080000","1005","0","臺中市","清水區","120.540","24.285","176"
"60","299886","20220921080000","773","0","臺中市","清水區","120.525","24.290","38"
"45","299888","20220921080000","13","3","臺中市","清水區","120.535","24.290","35"
"126","299892","20220921080000","81","3","臺中市","清水區","120.520","24.295","102"
"729","299901","20220921080000","586","2","臺中市","清水區","120.630","24.290","716"
"157","299913","20220921080000","137","1","臺中市","清水區","120.630","24.300","140"
"57","299923","20220921080000","116","0","臺中市","清水區","120.580","24.290","61"
"549","299926","20220921080000","514","1","臺中市","清水區","120.590","24.295","584"
"20","300134","20220921080000","33","0","花蓮縣","秀林鄉","121.755","24.290","134"
"250","300263","20220921080000","214","1","花蓮縣","秀林鄉","121.755","24.300","181"
"336","300401","20220921080000","221","3","花蓮縣","秀林鄉","121.750","24.310","347"
"113","300404","20220921080000","93","2","花蓮縣","秀林鄉","121.765","24.310","91"
"27","300405","20220921080000","17","3","花蓮縣","秀林鄉","121.765","24.305","25"
"10","300719","20220921080000","18","0","花蓮縣","秀林鄉","121.675","24.335","10"
"42","300877","20220921080000","96","0","苗栗縣","三義鄉","120.740","24.365","48"
"103","300918","20220921080000","111","0","苗栗縣","三義鄉","120.750","24.345","154"
"40","300926","20220921080000","182","0","苗栗縣","三義鄉","120.745","24.350","31"
"78","300932","20220921080000","361","0","苗栗縣","三義鄉","120.735","24.355","93"
"171","300935","20220921080000","115","2","苗栗縣","三義鄉","120.750","24.355","181"
"94","300949","20220921080000","59","3","苗栗縣","三義鄉","120.780","24.360","92"
"10","300965","20220921080000","42","0","苗栗縣","三義鄉","120.795","24.370","13"
"218","300971","20220921080000","158","2","苗栗縣","卓蘭鎮","120.835","24.300","222"
"34","300982","20220921080000","25","2","苗栗縣","卓蘭鎮","120.845","24.310","33"
"21","301006","20220921080000","172","0","臺中市","東勢區","120.805","24.280","32"
"22","301007","20220921080000","206","0","臺中市","東勢區","120.810","24.280","23"
"11","301011","20220921080000","12","0","苗栗縣","苑裡鎮","120.720","24.360","11"
"12","301013","20220921080000","11","1","苗栗縣","苑裡鎮","120.715","24.365","12"
"511","301021","20220921080000","497","1","苗栗縣","卓蘭鎮","120.830","24.310","524"
"298","301030","20220921080000","253","1","苗栗縣","卓蘭鎮","120.845","24.320","320"
"18","301060","20220921080000","216","0","苗栗縣","卓蘭鎮","120.810","24.330","243"
"318","301079","20220921080000","200","3","苗栗縣","卓蘭鎮","120.785","24.330","280"
"176","301082","20220921080000","150","1","苗栗縣","卓蘭鎮","120.825","24.330","161"
"70","301093","20220921080000","62","1","苗栗縣","卓蘭鎮","120.805","24.335","53"
"56","301097","20220921080000","42","2","苗栗縣","卓蘭鎮","120.825","24.335","45"
"59","301176","20220921080000","27","3","臺中市","和平區","121.040","24.295","39"
"78","301582","20220921080000","67","1","苗栗縣","泰安鄉","120.965","24.360","70"
"164","301609","20220921080000","77","3","苗栗縣","泰安鄉","120.960","24.370","168"
"10","301626","20220921080000","111","0","苗栗縣","卓蘭鎮","120.845","24.295","22"
"98","301629","20220921080000","94","1","苗栗縣","卓蘭鎮","120.860","24.295","103"
"109","301639","20220921080000","84","2","苗栗縣","卓蘭鎮","120.840","24.300","124"
"73","301640","20220921080000","78","0","苗栗縣","卓蘭鎮","120.845","24.300","82"
"63","301669","20220921080000","43","2","苗栗縣","卓蘭鎮","120.880","24.315","75"
"13","301713","20220921080000","87","0","苗栗縣","卓蘭鎮","120.875","24.335","11"
"153","301723","20220921080000","153","1","苗栗縣","卓蘭鎮","120.850","24.340","166"
"169","301727","20220921080000","102","3","苗栗縣","卓蘭鎮","120.870","24.340","185"
"99","301752","20220921080000","110","0","苗栗縣","卓蘭鎮","120.825","24.305","98"
"685","301756","20220921080000","586","1","苗栗縣","卓蘭鎮","120.820","24.315","646"
"956","301757","20220921080000","782","2","苗栗縣","卓蘭鎮","120.825","24.315","979"
"11","301775","20220921080000","73","0","苗栗縣","卓蘭鎮","120.855","24.355","16"
"63","301787","20220921080000","32","3","苗栗縣","大湖鄉","120.870","24.360","54"
"22","301810","20220921080000","118","0","苗栗縣","大湖鄉","120.825","24.345","22"
"128","301882","20220921080000","83","3","苗栗縣","大湖鄉","120.875","24.365","104"
"15","307890","20220921080000","25","0","宜蘭縣","南澳鄉","121.780","24.365","11"
"13","307940","20220921080000","16","0","宜蘭縣","南澳鄉","121.790","24.400","15"
"21","308048","20220921080000","25","0","宜蘭縣","南澳鄉","121.765","24.440","29"
"38","308051","20220921080000","37","1","宜蘭縣","南澳鄉","121.780","24.440","38"
"46","308125","20220921080000","57","0","宜蘭縣","南澳鄉","121.775","24.450","15"
"201","308964","20220921080000","151","2","宜蘭縣","南澳鄉","121.750","24.425","201"
"27","309060","20220921080000","21","2","宜蘭縣","南澳鄉","121.750","24.435","44"
"95","309298","20220921080000","97","0","宜蘭縣","大同鄉","121.355","24.395","100"
"399","309501","20220921080000","291","2","宜蘭縣","大同鄉","121.380","24.435","420"
"82","309740","20220921080000","77","1","宜蘭縣","蘇澳鎮","121.805","24.445","77"
"176","309750","20220921080000","193","0","宜蘭縣","蘇澳鎮","121.790","24.455","175"
"621","309853","20220921080000","504","2","臺中市","大甲區","120.640","24.410","666"
"61","309860","20220921080000","696","0","臺中市","大甲區","120.630","24.415","95"
"358","309867","20220921080000","366","0","臺中市","大甲區","120.635","24.390","365"
"70","309881","20220921080000","631","0","臺中市","大甲區","120.635","24.410","61"
"577","309883","20220921080000","590","0","臺中市","大甲區","120.640","24.415","564"
"405","309899","20220921080000","408","0","臺中市","大安區","120.605","24.385","413"
"282","309910","20220921080000","271","1","臺中市","大安區","120.600","24.395","270"
"49","309925","20220921080000","667","0","臺中市","大甲區","120.670","24.380","52"
"38","309935","20220921080000","33","1","臺中市","大甲區","120.665","24.390","35"
"53","309937","20220921080000","1267","0","臺中市","大甲區","120.660","24.395","51"
"1122","309939","20220921080000","1155","0","苗栗縣","苑裡鎮","120.665","24.400","1165"
"672","309942","20220921080000","458","2","臺中市","大甲區","120.645","24.400","664"
"1790","309947","20220921080000","1946","0","臺中市","大甲區","120.650","24.405","1757"
"1729","309948","20220921080000","1748","0","臺中市","大甲區","120.655","24.405","1749"
"125","309960","20220921080000","163","0","臺中市","大安區","120.595","24.385","136"
"28","309972","20220921080000","272","0","臺中市","大安區","120.585","24.375","36"
"361","309973","20220921080000","354","1","臺中市","大安區","120.590","24.375","370"
"32","309975","20220921080000","35","0","臺中市","大安區","120.585","24.380","35"
"34","309977","20220921080000","49","0","臺中市","大安區","120.610","24.375","40"
"509","309986","20220921080000","431","1","臺中市","大甲區","120.660","24.370","499"
"1469","310004","20220921080000","1896","0","臺中市","大甲區","120.655","24.380","1413"
"30","310009","20220921080000","974","0","臺中市","大甲區","120.650","24.390","42"
"394","310033","20220921080000","306","2","臺中市","大甲區","120.615","24.415","405"
"470","310040","20220921080000","435","1","臺中市","大甲區","120.620","24.370","459"
"13","310149","20220921080000","14","0","臺中市","和平區","121.305","24.380","19"
"29","310150","20220921080000","31","0","臺中市","和平區","121.310","24.380","27"
"27","310180","20220921080000","40","0","臺中市","和平區","121.300","24.385","30"
"41","310235","20220921080000","29","2","臺中市","和平區","121.305","24.395","16"
"40","310390","20220921080000","37","1","苗栗縣","三義鄉","120.780","24.385","38"
"264","310395","20220921080000","264","1","苗栗縣","三義鄉","120.750","24.395","262"
"390","310396","20220921080000","413","0","苗栗縣","三義鄉","120.755","24.395","406"
"11","310399","20220921080000","11","1","苗栗縣","三義鄉","120.770","24.395","11"
"1632","310412","20220921080000","1460","1","苗栗縣","三義鄉","120.760","24.405","1639"
"591","310415","20220921080000","524","1","苗栗縣","三義鄉","120.765","24.410","463"
"973","310419","20220921080000","1034","0","苗栗縣","三義鄉","120.770","24.415","952"
"497","310423","20220921080000","519","0","苗栗縣","三義鄉","120.745","24.370","514"
"30","310429","20220921080000","28","1","苗栗縣","三義鄉","120.770","24.370","35"
"37","310433","20220921080000","285","0","苗栗縣","三義鄉","120.750","24.375","16"
"192","310441","20220921080000","328","0","苗栗縣","三義鄉","120.750","24.380","161"
"374","310450","20220921080000","291","2","苗栗縣","三義鄉","120.755","24.385","395"
"28","310451","20220921080000","148","0","苗栗縣","三義鄉","120.760","24.385","20"
"265","310456","20220921080000","304","0","苗栗縣","三義鄉","120.755","24.390","221"
"157","310458","20220921080000","61","3","苗栗縣","三義鄉","120.760","24.390","104"
"15","310469","20220921080000","24","0","苗栗縣","三義鄉","120.780","24.375","16"
"584","310489","20220921080000","606","0","苗栗縣","三義鄉","120.775","24.420","601"
"187","310506","20220921080000","210","0","苗栗縣","三義鄉","120.770","24.435","202"
"33","310521","20220921080000","26","2","苗栗縣","三義鄉","120.805","24.385","30"
"17","310527","20220921080000","26","0","苗栗縣","三義鄉","120.795","24.390","26"
"23","310542","20220921080000","21","1","苗栗縣","三義鄉","120.775","24.405","22"
"254","310551","20220921080000","214","1","苗栗縣","三義鄉","120.790","24.410","235"
"16","310552","20220921080000","15","1","苗栗縣","三義鄉","120.795","24.410","18"
"177","310580","20220921080000","145","2","苗栗縣","公館鄉","120.860","24.460","193"
"13","310595","20220921080000","24","0","苗栗縣","苑裡鎮","120.660","24.430","16"
"570","310596","20220921080000","496","1","苗栗縣","苑裡鎮","120.665","24.430","581"
"22","310601","20220921080000","205","0","苗栗縣","苑裡鎮","120.710","24.375","26"
"94","310623","20220921080000","63","2","苗栗縣","苑裡鎮","120.695","24.400","74"
"460","310636","20220921080000","401","1","苗栗縣","苑裡鎮","120.660","24.440","440"
"32","310637","20220921080000","43","0","苗栗縣","苑裡鎮","120.655","24.445","38"
"17","310639","20220921080000","22","0","苗栗縣","苑裡鎮","120.665","24.445","16"
"25","310640","20220921080000","16","3","苗栗縣","通霄鎮","120.660","24.450","20"
"694","310644","20220921080000","584","1","苗栗縣","苑裡鎮","120.655","24.450","688"
"30","310647","20220921080000","52","0","苗栗縣","通霄鎮","120.660","24.455","25"
"10","310648","20220921080000","12","0","苗栗縣","苑裡鎮","120.650","24.460","10"
"18","310656","20220921080000","189","0","苗栗縣","三義鄉","120.745","24.395","19"
"16","310670","20220921080000","82","0","苗栗縣","苑裡鎮","120.715","24.410","16"
"75","310685","20220921080000","53","2","苗栗縣","苑裡鎮","120.710","24.420","81"
"28","310688","20220921080000","30","0","苗栗縣","苑裡鎮","120.660","24.435","27"
"290","310695","20220921080000","212","2","苗栗縣","苑裡鎮","120.670","24.405","300"
"194","310698","20220921080000","194","1","苗栗縣","苑裡鎮","120.690","24.410","188"
"121","310699","20220921080000","70","3","苗栗縣","苑裡鎮","120.690","24.415","127"
"32","310721","20220921080000","385","0","苗栗縣","苑裡鎮","120.645","24.435","32"
"127","310722","20220921080000","108","1","苗栗縣","苑裡鎮","120.650","24.435","130"
"404","310727","20220921080000","330","2","苗栗縣","苑裡鎮","120.635","24.445","421"
"11","310728","20220921080000","16","0","苗栗縣","苑裡鎮","120.655","24.410","10"
"11","310729","20220921080000","12","0","苗栗縣","苑裡鎮","120.650","24.415","14"
"477","310730","20220921080000","385","2","苗栗縣","苑裡鎮","120.655","24.415","464"
"386","310737","20220921080000","414","0","苗栗縣","苑裡鎮","120.650","24.425","388"
"10","310749","20220921080000","128","0","苗栗縣","苑裡鎮","120.685","24.435","10"
"275","310752","20220921080000","248","1","苗栗縣","苑裡鎮","120.700","24.435","274"
"27","310755","20220921080000","36","0","苗栗縣","苑裡鎮","120.680","24.440","30"
"289","310758","20220921080000","223","2","苗栗縣","苑裡鎮","120.700","24.385","276"
"209","310763","20220921080000","238","0","苗栗縣","苑裡鎮","120.695","24.395","185"
"15","310764","20220921080000","10","3","苗栗縣","苑裡鎮","120.685","24.400","15"
"22","310766","20220921080000","17","2","苗栗縣","苑裡鎮","120.685","24.405","29"
"977","310776","20220921080000","838","1","苗栗縣","大湖鄉","120.870","24.425","954"
"44","310779","20220921080000","33","2","苗栗縣","大湖鄉","120.885","24.425","26"
"287","310796","20220921080000","272","1","苗栗縣","大湖鄉","120.865","24.400","269"
"39","310800","20220921080000","35","1","苗栗縣","大湖鄉","120.855","24.405","39"
"14","310825","20220921080000","160","0","苗栗縣","大湖鄉","120.900","24.410","15"
"239","310860","20220921080000","109","3","苗栗縣","大湖鄉","120.870","24.405","244"
"10","310881","20220921080000","221","0","苗栗縣","大湖鄉","120.860","24.420","12"
"547","310894","20220921080000","713","0","苗栗縣","苑裡鎮","120.655","24.440","532"
"1009","310905","20220921080000","1071","0","苗栗縣","苑裡鎮","120.680","24.385","990"
"119","310911","20220921080000","96","2","苗栗縣","苑裡鎮","120.660","24.410","119"
"265","310914","20220921080000","108","3","苗栗縣","苑裡鎮","120.660","24.415","289"
"41","310926","20220921080000","31","2","苗栗縣","苑裡鎮","120.720","24.395","44"
"13","310927","20220921080000","99","0","苗栗縣","苑裡鎮","120.725","24.395","14"
"12","310930","20220921080000","12","1","苗栗縣","苑裡鎮","120.715","24.400","12"
"28","310938","20220921080000","36","0","苗栗縣","苑裡鎮","120.705","24.410","30"
"20","310941","20220921080000","52","0","苗栗縣","苑裡鎮","120.675","24.400","15"
"13","310942","20220921080000","16","0","苗栗縣","苑裡鎮","120.680","24.400","13"
"32","310943","20220921080000","353","0","苗栗縣","苑裡鎮","120.675","24.405","21"
"10","310953","20220921080000","13","0","苗栗縣","苑裡鎮","120.670","24.425","18"
"18","310959","20220921080000","14","2","苗栗縣","苑裡鎮","120.680","24.410","18"
"166","310964","20220921080000","1045","0","苗栗縣","苑裡鎮","120.685","24.415","178"
"167","310996","20220921080000","148","1","苗栗縣","銅鑼鄉","120.810","24.465","173"
"12","310999","20220921080000","37","0","苗栗縣","銅鑼鄉","120.755","24.445","16"
"74","311009","20220921080000","61","2","苗栗縣","銅鑼鄉","120.765","24.460","70"
"751","311014","20220921080000","532","2","苗栗縣","銅鑼鄉","120.760","24.460","714"
"66","311016","20220921080000","56","1","苗栗縣","銅鑼鄉","120.770","24.465","71"
"99","311031","20220921080000","54","3","苗栗縣","銅鑼鄉","120.810","24.405","101"
"116","311073","20220921080000","62","3","苗栗縣","銅鑼鄉","120.835","24.420","149"
"10","311089","20220921080000","12","0","苗栗縣","銅鑼鄉","120.765","24.435","13"
"282","311108","20220921080000","257","1","苗栗縣","銅鑼鄉","120.780","24.450","248"
"403","311118","20220921080000","375","1","苗栗縣","銅鑼鄉","120.780","24.465","335"
"1816","311279","20220921080000","1849","0","苗栗縣","苑裡鎮","120.650","24.440","1852"
"111","311280","20220921080000","118","0","苗栗縣","苑裡鎮","120.650","24.445","115"
"312","311283","20220921080000","323","0","苗栗縣","苑裡鎮","120.650","24.450","317"
"71","311310","20220921080000","66","1","苗栗縣","泰安鄉","120.925","24.390","67"
"35","311446","20220921080000","30","1","苗栗縣","泰安鄉","120.980","24.445","34"
"117","311474","20220921080000","88","2","苗栗縣","泰安鄉","120.935","24.420","126"
"26","311478","20220921080000","149","0","苗栗縣","泰安鄉","120.925","24.420","27"
"15","311666","20220921080000","97","0","苗栗縣","泰安鄉","120.980","24.390","10"
"13","312076","20220921080000","18","0","苗栗縣","泰安鄉","121.015","24.425","10"
"20","312522","20220921080000","91","0","苗栗縣","泰安鄉","120.925","24.440","11"
"127","312590","20220921080000","106","1","苗栗縣","通霄鎮","120.735","24.410","163"
"214","312624","20220921080000","188","1","苗栗縣","通霄鎮","120.680","24.455","201"
"59","312636","20220921080000","67","0","苗栗縣","通霄鎮","120.690","24.465","56"
"32","312656","20220921080000","13","3","苗栗縣","通霄鎮","120.745","24.440","17"
"134","312664","20220921080000","77","3","苗栗縣","通霄鎮","120.725","24.450","116"
"12","312666","20220921080000","12","1","苗栗縣","通霄鎮","120.735","24.450","10"
"42","312668","20220921080000","96","0","苗栗縣","通霄鎮","120.720","24.425","37"
"56","312670","20220921080000","189","0","苗栗縣","通霄鎮","120.720","24.430","53"
"230","312677","20220921080000","171","2","苗栗縣","通霄鎮","120.715","24.440","258"
"191","312691","20220921080000","229","0","苗栗縣","通霄鎮","120.700","24.455","169"
"41","312717","20220921080000","27","3","苗栗縣","通霄鎮","120.730","24.460","34"
"65","312744","20220921080000","85","0","苗栗縣","大湖鄉","120.865","24.430","94"
"28","312752","20220921080000","237","0","苗栗縣","大湖鄉","120.865","24.435","26"
"131","312778","20220921080000","73","3","苗栗縣","大湖鄉","120.905","24.445","111"
"84","312782","20220921080000","65","2","苗栗縣","大湖鄉","120.880","24.450","57"
"237","312784","20220921080000","189","2","苗栗縣","大湖鄉","120.875","24.455","229"
"47","312785","20220921080000","999","0","苗栗縣","大湖鄉","120.865","24.420","46"
"196","312798","20220921080000","219","0","苗栗縣","大湖鄉","120.900","24.375","195"
"395","312833","20220921080000","293","2","苗栗縣","三義鄉","120.820","24.380","393"
"161","312851","20220921080000","101","3","苗栗縣","大湖鄉","120.865","24.375","150"
"34","312863","20220921080000","175","0","苗栗縣","大湖鄉","120.850","24.385","39"
"37","317431","20220921080000","59","0","宜蘭縣","蘇澳鎮","121.845","24.520","31"
"483","319889","20220921080000","356","2","宜蘭縣","南澳鄉","121.800","24.465","489"
"452","319890","20220921080000","514","0","宜蘭縣","蘇澳鎮","121.805","24.465","461"
"47","319894","20220921080000","66","0","宜蘭縣","南澳鄉","121.810","24.470","32"
"157","320020","20220921080000","146","1","宜蘭縣","蘇澳鎮","121.830","24.515","187"
"25","320043","20220921080000","19","2","宜蘭縣","南澳鄉","121.830","24.530","26"
"32","320054","20220921080000","30","1","宜蘭縣","南澳鄉","121.835","24.535","34"
"220","320197","20220921080000","178","2","宜蘭縣","南澳鄉","121.790","24.470","232"
"22","320298","20220921080000","25","0","宜蘭縣","南澳鄉","121.785","24.460","24"
"118","320807","20220921080000","74","3","宜蘭縣","大同鄉","121.430","24.485","113"
"187","320829","20220921080000","164","1","宜蘭縣","大同鄉","121.430","24.490","163"
"39","321164","20220921080000","30","2","宜蘭縣","南澳鄉","121.535","24.495","37"
"120","321192","20220921080000","103","1","宜蘭縣","大同鄉","121.530","24.500","60"
"23","321195","20220921080000","25","0","宜蘭縣","大同鄉","121.545","24.500","23"
"36","321219","20220921080000","20","3","宜蘭縣","大同鄉","121.530","24.505","22"
"35","321263","20220921080000","13","3","宜蘭縣","南澳鄉","121.610","24.505","18"
"14","321421","20220921080000","11","2","宜蘭縣","大同鄉","121.505","24.545","16"
"114","321699","20220921080000","94","2","宜蘭縣","大同鄉","121.450","24.530","103"
"174","321823","20220921080000","200","0","宜蘭縣","蘇澳鎮","121.840","24.485","152"
"42","321846","20220921080000","25","3","宜蘭縣","蘇澳鎮","121.835","24.510","43"
"155","321850","20220921080000","127","2","宜蘭縣","蘇澳鎮","121.835","24.520","166"
"117","321880","20220921080000","81","2","宜蘭縣","蘇澳鎮","121.820","24.460","113"
"24","321882","20220921080000","30","0","宜蘭縣","蘇澳鎮","121.820","24.465","53"
"64","321898","20220921080000","75","0","宜蘭縣","蘇澳鎮","121.825","24.485","49"
"46","322590","20220921080000","32","2","新竹縣","五峰鄉","121.075","24.505","17"
"27","322609","20220921080000","21","2","新竹縣","五峰鄉","121.115","24.510","27"
"57","322716","20220921080000","95","0","新竹縣","五峰鄉","121.110","24.525","78"
"30","322717","20220921080000","43","0","新竹縣","五峰鄉","121.115","24.525","43"
"24","322744","20220921080000","28","0","新竹縣","五峰鄉","121.125","24.530","19"
"57","322792","20220921080000","78","0","新竹縣","五峰鄉","121.125","24.540","45"
"31","322897","20220921080000","42","0","新竹縣","五峰鄉","121.130","24.560","17"
"47","322913","20220921080000","319","0","苗栗縣","公館鄉","120.820","24.495","58"
"23","322918","20220921080000","168","0","苗栗縣","公館鄉","120.815","24.510","17"
"153","322920","20220921080000","216","0","苗栗縣","公館鄉","120.815","24.515","146"
"422","322921","20220921080000","283","2","苗栗縣","銅鑼鄉","120.810","24.515","396"
"205","322933","20220921080000","174","1","苗栗縣","公館鄉","120.835","24.510","195"
"255","322941","20220921080000","303","0","苗栗縣","公館鄉","120.835","24.530","281"
"36","322992","20220921080000","81","0","苗栗縣","公館鄉","120.890","24.540","34"
"135","323065","20220921080000","116","1","苗栗縣","公館鄉","120.835","24.500","124"
"14","323076","20220921080000","12","1","苗栗縣","公館鄉","120.835","24.540","14"
"146","323078","20220921080000","124","1","苗栗縣","公館鄉","120.835","24.545","144"
"943","323086","20220921080000","694","2","苗栗縣","公館鄉","120.825","24.510","946"
"55","323090","20220921080000","712","0","苗栗縣","公館鄉","120.820","24.515","49"
"188","323092","20220921080000","339","0","苗栗縣","公館鄉","120.825","24.520","197"
"55","323094","20220921080000","275","0","苗栗縣","公館鄉","120.825","24.465","51"
"109","323105","20220921080000","168","0","苗栗縣","公館鄉","120.835","24.465","114"
"53","323120","20220921080000","43","2","苗栗縣","公館鄉","120.855","24.475","57"
"383","323126","20220921080000","305","2","苗栗縣","公館鄉","120.825","24.475","327"
"304","323131","20220921080000","293","1","苗栗縣","公館鄉","120.820","24.480","285"
"29","323137","20220921080000","393","0","苗栗縣","公館鄉","120.830","24.485","534"
"467","323139","20220921080000","606","0","苗栗縣","公館鄉","120.825","24.500","484"
"635","323140","20220921080000","636","0","苗栗縣","公館鄉","120.825","24.505","621"
"1018","323143","20220921080000","1168","0","苗栗縣","公館鄉","120.820","24.500","963"
"25","323150","20220921080000","237","0","苗栗縣","公館鄉","120.830","24.530","35"
"191","323152","20220921080000","159","2","苗栗縣","公館鄉","120.830","24.535","205"
"761","323159","20220921080000","506","3","苗栗縣","公館鄉","120.825","24.530","706"
"233","323161","20220921080000","151","3","苗栗縣","苗栗市","120.835","24.555","224"
"839","323164","20220921080000","1088","0","苗栗縣","苗栗市","120.820","24.560","860"
"250","323174","20220921080000","159","3","苗栗縣","通霄鎮","120.700","24.550","233"
"248","323187","20220921080000","232","1","苗栗縣","通霄鎮","120.695","24.475","258"
"22","323189","20220921080000","353","0","苗栗縣","通霄鎮","120.685","24.480","21"
"68","323210","20220921080000","45","3","苗栗縣","通霄鎮","120.730","24.490","77"
"16","323218","20220921080000","49","0","苗栗縣","通霄鎮","120.740","24.495","18"
"23","323221","20220921080000","16","2","苗栗縣","通霄鎮","120.750","24.485","22"
"12","323223","20220921080000","13","0","苗栗縣","通霄鎮","120.760","24.485","12"
"122","323237","20220921080000","103","1","苗栗縣","通霄鎮","120.720","24.505","208"
"11","323239","20220921080000","28","0","苗栗縣","通霄鎮","120.730","24.505","11"
"69","323242","20220921080000","57","2","苗栗縣","通霄鎮","120.740","24.505","68"
"51","323248","20220921080000","45","1","苗栗縣","通霄鎮","120.730","24.510","36"
"31","323299","20220921080000","18","3","苗栗縣","南庄鄉","120.960","24.520","24"
"15","323356","20220921080000","115","0","苗栗縣","南庄鄉","120.970","24.545","20"
"2382","323391","20220921080000","2167","1","苗栗縣","苗栗市","120.825","24.555","2409"
"14","323392","20220921080000","25","0","苗栗縣","苗栗市","120.820","24.540","20"
"960","323394","20220921080000","667","2","苗栗縣","苗栗市","120.825","24.545","924"
"805","323395","20220921080000","1802","0","苗栗縣","苗栗市","120.815","24.550","775"
"55","323396","20220921080000","98","0","苗栗縣","苗栗市","120.820","24.550","63"
"1914","323397","20220921080000","1699","1","苗栗縣","苗栗市","120.815","24.555","1888"
"537","323400","20220921080000","444","2","苗栗縣","苗栗市","120.820","24.555","553"
"738","323402","20220921080000","576","2","苗栗縣","苗栗市","120.830","24.555","740"
"417","323403","20220921080000","383","1","苗栗縣","苗栗市","120.825","24.565","435"
"15","323405","20220921080000","36","0","苗栗縣","苗栗市","120.790","24.525","24"
"232","323411","20220921080000","229","1","苗栗縣","苗栗市","120.785","24.535","206"
"83","323412","20220921080000","85","0","苗栗縣","苗栗市","120.790","24.535","140"
"264","323414","20220921080000","104","3","苗栗縣","苗栗市","120.800","24.535","261"
"59","323530","20220921080000","47","2","苗栗縣","南庄鄉","121.025","24.535","30"
"37","323545","20220921080000","31","1","苗栗縣","南庄鄉","121.030","24.540","27"
"106","323601","20220921080000","55","3","苗栗縣","頭屋鄉","120.855","24.555","115"
"21","323631","20220921080000","40","0","苗栗縣","頭屋鄉","120.870","24.560","25"
"168","323661","20220921080000","165","1","苗栗縣","銅鑼鄉","120.775","24.495","187"
"17","323663","20220921080000","26","0","苗栗縣","西湖鄉","120.770","24.500","25"
"269","323674","20220921080000","197","2","苗栗縣","銅鑼鄉","120.790","24.470","268"
"465","323678","20220921080000","339","2","苗栗縣","銅鑼鄉","120.790","24.475","420"
"78","323679","20220921080000","83","0","苗栗縣","銅鑼鄉","120.795","24.475","76"
"381","323682","20220921080000","348","1","苗栗縣","銅鑼鄉","120.785","24.480","384"
"674","323683","20220921080000","623","1","苗栗縣","銅鑼鄉","120.790","24.480","670"
"311","323685","20220921080000","433","0","苗栗縣","銅鑼鄉","120.785","24.485","327"
"827","323686","20220921080000","1119","0","苗栗縣","銅鑼鄉","120.785","24.490","760"
"115","323691","20220921080000","86","2","苗栗縣","通霄鎮","120.725","24.520","115"
"16","323700","20220921080000","67","0","苗栗縣","通霄鎮","120.735","24.525","10"
"19","323727","20220921080000","107","0","苗栗縣","通霄鎮","120.675","24.485","20"
"1096","323728","20220921080000","927","1","苗栗縣","苗栗市","120.810","24.545","1079"
"66","323734","20220921080000","45","2","苗栗縣","西湖鄉","120.790","24.550","87"
"34","323736","20220921080000","16","3","苗栗縣","苗栗市","120.800","24.550","24"
"161","323738","20220921080000","143","1","苗栗縣","苗栗市","120.795","24.555","161"
"344","323740","20220921080000","308","1","苗栗縣","苗栗市","120.805","24.555","353"
"212","323743","20220921080000","234","0","苗栗縣","苗栗市","120.800","24.560","208"
"265","323744","20220921080000","410","0","苗栗縣","苗栗市","120.805","24.560","224"
"466","323747","20220921080000","428","1","苗栗縣","苗栗市","120.815","24.530","520"
"1265","323751","20220921080000","1605","0","苗栗縣","苗栗市","120.815","24.540","1260"
"254","323752","20220921080000","172","2","苗栗縣","苗栗市","120.805","24.545","243"
"32","323753","20220921080000","44","0","苗栗縣","苗栗市","120.805","24.550","25"
"51","323763","20220921080000","213","0","苗栗縣","西湖鄉","120.730","24.555","52"
"132","323770","20220921080000","141","0","苗栗縣","西湖鄉","120.745","24.555","133"
"93","323782","20220921080000","68","2","苗栗縣","西湖鄉","120.765","24.520","85"
"158","323800","20220921080000","146","1","苗栗縣","西湖鄉","120.785","24.525","173"
"72","323808","20220921080000","42","3","苗栗縣","西湖鄉","120.745","24.525","67"
"24","323810","20220921080000","64","0","苗栗縣","西湖鄉","120.740","24.530","34"
"39","323815","20220921080000","28","2","苗栗縣","西湖鄉","120.750","24.535","33"
"122","323828","20220921080000","113","1","苗栗縣","通霄鎮","120.680","24.500","137"
"232","323830","20220921080000","218","1","苗栗縣","通霄鎮","120.690","24.500","223"
"12","323838","20220921080000","27","0","苗栗縣","通霄鎮","120.690","24.510","20"
"201","323845","20220921080000","178","1","苗栗縣","通霄鎮","120.695","24.515","210"
"88","323854","20220921080000","58","3","苗栗縣","通霄鎮","120.695","24.530","49"
"166","323864","20220921080000","60","3","苗栗縣","通霄鎮","120.675","24.490","203"
"1763","323865","20220921080000","1491","1","苗栗縣","通霄鎮","120.680","24.490","1764"
"1200","323876","20220921080000","1165","1","苗栗縣","銅鑼鄉","120.800","24.490","1179"
"615","323879","20220921080000","544","1","苗栗縣","銅鑼鄉","120.800","24.495","572"
"233","323881","20220921080000","195","1","苗栗縣","銅鑼鄉","120.810","24.495","213"
"14","323893","20220921080000","185","0","苗栗縣","銅鑼鄉","120.805","24.510","15"
"72","323896","20220921080000","83","0","苗栗縣","銅鑼鄉","120.810","24.520","63"
"366","323898","20220921080000","283","2","苗栗縣","銅鑼鄉","120.760","24.465","319"
"95","323899","20220921080000","146","0","苗栗縣","銅鑼鄉","120.765","24.465","79"
"156","323913","20220921080000","200","0","苗栗縣","銅鑼鄉","120.790","24.485","165"
"393","323918","20220921080000","288","2","苗栗縣","銅鑼鄉","120.790","24.505","364"
"103","323920","20220921080000","53","3","苗栗縣","銅鑼鄉","120.785","24.510","95"
"430","323923","20220921080000","442","0","苗栗縣","西湖鄉","120.785","24.515","390"
"60","323948","20220921080000","52","1","苗栗縣","泰安鄉","120.950","24.465","59"
"84","323952","20220921080000","113","0","苗栗縣","泰安鄉","120.970","24.465","152"
"136","323970","20220921080000","105","2","苗栗縣","泰安鄉","120.945","24.470","122"
"62","323976","20220921080000","63","0","苗栗縣","泰安鄉","120.975","24.470","64"
"15","323977","20220921080000","14","1","苗栗縣","泰安鄉","120.980","24.470","15"
"13","324020","20220921080000","10","2","苗栗縣","泰安鄉","120.965","24.480","13"
"28","324112","20220921080000","13","3","苗栗縣","獅潭鄉","120.910","24.505","23"
"48","324130","20220921080000","27","3","苗栗縣","獅潭鄉","120.910","24.510","41"
"330","324200","20220921080000","210","3","苗栗縣","獅潭鄉","120.920","24.540","319"
"63","324206","20220921080000","56","1","苗栗縣","獅潭鄉","120.950","24.540","86"
"110","324257","20220921080000","76","2","苗栗縣","獅潭鄉","120.935","24.555","85"
"49","324281","20220921080000","47","1","苗栗縣","獅潭鄉","120.910","24.465","43"
"228","324285","20220921080000","168","2","苗栗縣","獅潭鄉","120.880","24.470","151"
"33","324297","20220921080000","22","3","苗栗縣","獅潭鄉","120.915","24.475","27"
"64","324301","20220921080000","54","1","苗栗縣","獅潭鄉","120.900","24.485","51"
"51","324306","20220921080000","29","3","苗栗縣","獅潭鄉","120.900","24.490","46"
"63","324349","20220921080000","64","0","苗栗縣","泰安鄉","120.945","24.485","65"
"18","324420","20220921080000","11","3","苗栗縣","泰安鄉","121.205","24.465","18"
"40","324615","20220921080000","54","0","苗栗縣","泰安鄉","121.070","24.495","25"
"109","324706","20220921080000","83","2","苗栗縣","通霄鎮","120.715","24.510","142"
"63","324721","20220921080000","73","0","苗栗縣","西湖鄉","120.780","24.550","80"
"87","324736","20220921080000","53","3","苗栗縣","西湖鄉","120.755","24.495","117"
"149","324766","20220921080000","61","3","苗栗縣","西湖鄉","120.785","24.540","159"
"33","324767","20220921080000","33","1","苗栗縣","西湖鄉","120.755","24.545","37"
"68","324782","20220921080000","54","2","苗栗縣","通霄鎮","120.680","24.465","85"
"380","324784","20220921080000","408","0","苗栗縣","通霄鎮","120.665","24.470","408"
"44","324791","20220921080000","834","0","苗栗縣","通霄鎮","120.675","24.475","58"
"291","324812","20220921080000","292","0","苗栗縣","通霄鎮","120.710","24.555","276"
"24","324833","20220921080000","220","0","苗栗縣","通霄鎮","120.710","24.505","52"
"16","324850","20220921080000","27","0","苗栗縣","通霄鎮","120.715","24.480","12"
"46","324851","20220921080000","37","2","苗栗縣","通霄鎮","120.720","24.480","49"
"184","324858","20220921080000","156","1","苗栗縣","通霄鎮","120.720","24.465","230"
"88","324872","20220921080000","71","2","苗栗縣","通霄鎮","120.685","24.485","89"
"38","324877","20220921080000","653","0","苗栗縣","通霄鎮","120.690","24.495","42"
"23","324879","20220921080000","256","0","苗栗縣","通霄鎮","120.695","24.500","31"
"101","328071","20220921080000","102","0","宜蘭縣","蘇澳鎮","121.860","24.600","82"
"134","328073","20220921080000","197","0","宜蘭縣","蘇澳鎮","121.870","24.600","128"
"231","328074","20220921080000","471","0","宜蘭縣","蘇澳鎮","121.880","24.600","121"
"58","328390","20220921080000","48","2","宜蘭縣","蘇澳鎮","121.880","24.605","30"
"235","331880","20220921080000","241","0","宜蘭縣","冬山鄉","121.750","24.645","234"
"75","331921","20220921080000","31","3","宜蘭縣","南澳鄉","121.805","24.555","50"
"14","332040","20220921080000","10","2","宜蘭縣","南澳鄉","121.750","24.605","17"
"1497","332115","20220921080000","1264","1","宜蘭縣","蘇澳鎮","121.865","24.580","1595"
"375","332120","20220921080000","250","3","宜蘭縣","冬山鄉","121.815","24.630","357"
"483","332121","20220921080000","318","3","宜蘭縣","蘇澳鎮","121.820","24.625","460"
"903","332122","20220921080000","894","1","宜蘭縣","冬山鄉","121.810","24.630","990"
"466","332124","20220921080000","332","2","宜蘭縣","冬山鄉","121.820","24.630","504"
"281","332146","20220921080000","248","1","宜蘭縣","冬山鄉","121.710","24.635","284"
"532","332186","20220921080000","449","1","宜蘭縣","冬山鄉","121.770","24.630","536"
"358","332216","20220921080000","513","0","宜蘭縣","冬山鄉","121.785","24.625","349"
"199","332233","20220921080000","211","0","宜蘭縣","冬山鄉","121.730","24.650","176"
"290","332244","20220921080000","234","2","宜蘭縣","冬山鄉","121.805","24.625","291"
"36","332272","20220921080000","12","3","宜蘭縣","大同鄉","121.500","24.555","16"
"47","332340","20220921080000","51","0","宜蘭縣","大同鄉","121.495","24.570","28"
"64","332362","20220921080000","68","0","宜蘭縣","大同鄉","121.480","24.575","90"
"88","332385","20220921080000","94","0","宜蘭縣","大同鄉","121.495","24.580","88"
"13","332698","20220921080000","23","0","宜蘭縣","大同鄉","121.685","24.610","18"
"154","332699","20220921080000","105","2","宜蘭縣","大同鄉","121.690","24.610","127"
"13","332745","20220921080000","75","0","宜蘭縣","大同鄉","121.685","24.625","10"
"25","332848","20220921080000","30","0","宜蘭縣","大同鄉","121.635","24.615","16"
"13","332886","20220921080000","10","2","宜蘭縣","大同鄉","121.590","24.630","13"
"47","332889","20220921080000","79","0","宜蘭縣","大同鄉","121.605","24.630","38"
"18","332899","20220921080000","14","2","宜蘭縣","三星鄉","121.605","24.635","13"
"62","332902","20220921080000","93","0","宜蘭縣","大同鄉","121.560","24.640","81"
"66","333040","20220921080000","154","0","宜蘭縣","大同鄉","121.530","24.595","72"
"14","333114","20220921080000","19","0","宜蘭縣","大同鄉","121.440","24.595","24"
"21","333196","20220921080000","42","0","宜蘭縣","大同鄉","121.525","24.610","18"
"92","333282","20220921080000","94","0","宜蘭縣","大同鄉","121.525","24.630","74"
"14","333296","20220921080000","19","0","宜蘭縣","大同鄉","121.490","24.635","48"
"24","333369","20220921080000","19","2","宜蘭縣","大同鄉","121.475","24.650","26"
"114","333370","20220921080000","59","3","宜蘭縣","大同鄉","121.480","24.650","55"
"256","333450","20220921080000","380","0","宜蘭縣","蘇澳鎮","121.870","24.580","283"
"482","333451","20220921080000","614","0","宜蘭縣","蘇澳鎮","121.875","24.580","492"
"1145","333457","20220921080000","801","2","宜蘭縣","蘇澳鎮","121.855","24.595","1100"
"172","333458","20220921080000","182","0","宜蘭縣","蘇澳鎮","121.875","24.600","110"
"29","333460","20220921080000","19","3","宜蘭縣","蘇澳鎮","121.860","24.605","32"
"81","333462","20220921080000","42","3","宜蘭縣","蘇澳鎮","121.870","24.605","66"
"14","333463","20220921080000","41","0","宜蘭縣","蘇澳鎮","121.875","24.605","15"
"424","333474","20220921080000","418","1","宜蘭縣","蘇澳鎮","121.835","24.590","468"
"883","333478","20220921080000","881","1","宜蘭縣","蘇澳鎮","121.835","24.595","877"
"348","333479","20220921080000","369","0","宜蘭縣","蘇澳鎮","121.840","24.595","341"
"187","333488","20220921080000","148","2","宜蘭縣","蘇澳鎮","121.835","24.605","169"
"91","333492","20220921080000","41","3","宜蘭縣","蘇澳鎮","121.830","24.610","88"
"835","333495","20220921080000","674","2","宜蘭縣","蘇澳鎮","121.830","24.615","803"
"1062","333504","20220921080000","1008","1","宜蘭縣","五結鄉","121.835","24.650","1098"
"325","333511","20220921080000","240","2","宜蘭縣","冬山鄉","121.795","24.640","292"
"25","333515","20220921080000","40","0","宜蘭縣","冬山鄉","121.780","24.650","31"
"274","333516","20220921080000","118","3","宜蘭縣","冬山鄉","121.785","24.650","252"
"679","333519","20220921080000","610","1","宜蘭縣","蘇澳鎮","121.835","24.620","673"
"1197","333520","20220921080000","1118","1","宜蘭縣","蘇澳鎮","121.840","24.620","1252"
"117","333521","20220921080000","98","1","宜蘭縣","蘇澳鎮","121.845","24.620","106"
"411","333522","20220921080000","366","1","宜蘭縣","蘇澳鎮","121.835","24.625","352"
"63","333545","20220921080000","51","2","宜蘭縣","蘇澳鎮","121.845","24.565","61"
"112","333557","20220921080000","111","1","宜蘭縣","蘇澳鎮","121.840","24.575","118"
"44","333558","20220921080000","25","3","宜蘭縣","蘇澳鎮","121.845","24.575","59"
"134","333564","20220921080000","279","0","宜蘭縣","蘇澳鎮","121.855","24.605","140"
"82","333566","20220921080000","80","1","宜蘭縣","蘇澳鎮","121.850","24.610","73"
"587","333569","20220921080000","523","1","宜蘭縣","蘇澳鎮","121.850","24.615","635"
"452","333653","20220921080000","411","1","宜蘭縣","三星鄉","121.615","24.650","428"
"457","333661","20220921080000","459","0","宜蘭縣","冬山鄉","121.805","24.640","445"
"123","333695","20220921080000","93","2","宜蘭縣","蘇澳鎮","121.850","24.575","145"
"44","333704","20220921080000","19","3","宜蘭縣","蘇澳鎮","121.845","24.580","14"
"16","333737","20220921080000","34","0","宜蘭縣","蘇澳鎮","121.815","24.610","19"
"193","333739","20220921080000","223","0","宜蘭縣","蘇澳鎮","121.815","24.615","199"
"61","333741","20220921080000","67","0","宜蘭縣","蘇澳鎮","121.825","24.615","67"
"684","333742","20220921080000","618","1","宜蘭縣","蘇澳鎮","121.815","24.620","766"
"823","333751","20220921080000","749","1","宜蘭縣","冬山鄉","121.765","24.650","839"
"185","333753","20220921080000","311","0","宜蘭縣","冬山鄉","121.795","24.630","191"
"520","333754","20220921080000","617","0","宜蘭縣","冬山鄉","121.800","24.630","554"
"23","333764","20220921080000","33","0","宜蘭縣","冬山鄉","121.725","24.625","27"
"62","333769","20220921080000","38","3","宜蘭縣","冬山鄉","121.750","24.625","60"
"39","333770","20220921080000","27","2","宜蘭縣","冬山鄉","121.760","24.625","36"
"282","333781","20220921080000","236","1","宜蘭縣","冬山鄉","121.750","24.635","301"
"174","333789","20220921080000","136","2","宜蘭縣","冬山鄉","121.765","24.640","165"
"78","333791","20220921080000","84","0","宜蘭縣","冬山鄉","121.760","24.645","61"
"1087","333802","20220921080000","880","2","宜蘭縣","冬山鄉","121.790","24.635","1053"
"1324","333804","20220921080000","1095","2","宜蘭縣","冬山鄉","121.795","24.635","1341"
"15","333808","20220921080000","10","3","宜蘭縣","蘇澳鎮","121.845","24.635","15"
"1075","333809","20220921080000","595","3","宜蘭縣","蘇澳鎮","121.835","24.640","1069"
"109","333810","20220921080000","159","0","宜蘭縣","蘇澳鎮","121.840","24.640","117"
"1023","333814","20220921080000","955","1","宜蘭縣","蘇澳鎮","121.830","24.630","977"
"538","333818","20220921080000","439","2","宜蘭縣","蘇澳鎮","121.830","24.640","544"
"513","333821","20220921080000","476","1","宜蘭縣","蘇澳鎮","121.830","24.645","511"
"16","333893","20220921080000","11","2","新竹縣","北埔鄉","121.065","24.645","12"
"86","333899","20220921080000","54","3","新竹縣","竹東鎮","121.095","24.645","66"
"132","334213","20220921080000","76","3","新竹縣","尖石鄉","121.340","24.650","110"
"109","334309","20220921080000","65","3","新竹縣","尖石鄉","121.310","24.570","66"
"84","334366","20220921080000","47","3","新竹縣","尖石鄉","121.305","24.580","75"
"38","334372","20220921080000","31","2","新竹縣","尖石鄉","121.335","24.580","38"
"24","334487","20220921080000","35","0","新竹縣","尖石鄉","121.290","24.605","30"
"175","334532","20220921080000","197","0","新竹縣","尖石鄉","121.295","24.610","168"
"68","334547","20220921080000","66","1","新竹縣","尖石鄉","121.285","24.615","61"
"67","334623","20220921080000","32","3","新竹縣","尖石鄉","121.275","24.640","36"
"43","334698","20220921080000","41","1","新竹縣","峨眉鄉","121.025","24.655","40"
"13","334723","20220921080000","55","0","宜蘭縣","蘇澳鎮","121.840","24.590","13"
"126","334725","20220921080000","123","1","宜蘭縣","蘇澳鎮","121.850","24.590","131"
"784","334726","20220921080000","908","0","宜蘭縣","蘇澳鎮","121.845","24.595","819"
"42","334737","20220921080000","30","2","新竹縣","五峰鄉","121.090","24.605","33"
"32","334763","20220921080000","21","3","新竹縣","五峰鄉","121.105","24.615","20"
"28","334770","20220921080000","22","2","新竹縣","五峰鄉","121.085","24.625","28"
"208","334783","20220921080000","175","1","新竹縣","五峰鄉","121.120","24.630","203"
"362","334790","20220921080000","338","1","新竹縣","五峰鄉","121.100","24.640","322"
"30","334829","20220921080000","21","2","新竹縣","五峰鄉","121.090","24.565","20"
"92","334868","20220921080000","57","3","新竹縣","五峰鄉","121.105","24.580","73"
"16","334869","20220921080000","18","0","新竹縣","五峰鄉","121.110","24.580","12"
"69","334891","20220921080000","63","1","新竹縣","五峰鄉","121.115","24.590","78"
"94","334969","20220921080000","92","1","新竹縣","五峰鄉","121.125","24.590","90"
"11","335076","20220921080000","31","0","新竹縣","五峰鄉","121.155","24.610","53"
"52","335109","20220921080000","43","2","新竹縣","五峰鄉","121.110","24.620","50"
"34","335134","20220921080000","19","3","新竹縣","五峰鄉","121.145","24.625","18"
"54","335187","20220921080000","59","0","新竹縣","五峰鄉","121.150","24.645","67"
"91","335195","20220921080000","78","1","新竹縣","竹東鎮","121.125","24.650","96"
"34","335200","20220921080000","46","0","新竹縣","五峰鄉","121.150","24.650","32"
"77","335230","20220921080000","85","0","新竹縣","五峰鄉","121.180","24.655","80"
"159","335366","20220921080000","135","1","桃園市","復興區","121.400","24.640","102"
"50","335480","20220921080000","21","3","苗栗縣","三灣鄉","120.960","24.610","32"
"135","335520","20220921080000","85","3","苗栗縣","三灣鄉","120.925","24.640","134"
"276","335553","20220921080000","229","2","苗栗縣","三灣鄉","121.005","24.645","223"
"121","335569","20220921080000","853","0","苗栗縣","三灣鄉","120.955","24.650","123"
"78","335581","20220921080000","44","3","苗栗縣","三灣鄉","120.945","24.655","69"
"149","335594","20220921080000","83","3","苗栗縣","三灣鄉","120.975","24.645","125"
"155","335619","20220921080000","107","2","苗栗縣","三灣鄉","120.905","24.625","156"
"289","335630","20220921080000","224","2","苗栗縣","後龍鎮","120.770","24.615","306"
"97","335632","20220921080000","60","3","苗栗縣","後龍鎮","120.765","24.620","91"
"1018","335635","20220921080000","989","1","苗栗縣","後龍鎮","120.780","24.620","1003"
"25","335639","20220921080000","839","0","苗栗縣","後龍鎮","120.780","24.625","43"
"318","335647","20220921080000","416","0","苗栗縣","苗栗市","120.830","24.560","347"
"432","335648","20220921080000","266","3","苗栗縣","苗栗市","120.835","24.560","441"
"610","335652","20220921080000","556","1","苗栗縣","苗栗市","120.825","24.585","607"
"440","335655","20220921080000","365","2","苗栗縣","苗栗市","120.815","24.595","441"
"440","335657","20220921080000","358","2","苗栗縣","苗栗市","120.825","24.595","463"
"662","335658","20220921080000","333","3","苗栗縣","苗栗市","120.825","24.575","661"
"469","335660","20220921080000","1105","0","苗栗縣","苗栗市","120.825","24.580","1185"
"192","335662","20220921080000","194","0","苗栗縣","苗栗市","120.810","24.560","193"
"1712","335663","20220921080000","2451","0","苗栗縣","苗栗市","120.815","24.560","1864"
"11","335664","20220921080000","174","0","苗栗縣","苗栗市","120.805","24.565","11"
"154","335666","20220921080000","296","0","苗栗縣","通霄鎮","120.715","24.560","152"
"69","335669","20220921080000","53","2","苗栗縣","通霄鎮","120.715","24.565","61"
"122","335675","20220921080000","124","0","苗栗縣","通霄鎮","120.710","24.565","133"
"116","335689","20220921080000","114","1","苗栗縣","南庄鄉","121.005","24.615","108"
"114","335701","20220921080000","80","2","苗栗縣","南庄鄉","121.010","24.635","130"
"2154","335706","20220921080000","2075","1","苗栗縣","苗栗市","120.820","24.565","2141"
"70","335707","20220921080000","973","0","苗栗縣","苗栗市","120.820","24.570","93"
"704","335708","20220921080000","644","1","苗栗縣","苗栗市","120.820","24.575","704"
"439","335717","20220921080000","354","2","苗栗縣","後龍鎮","120.775","24.650","372"
"17","335748","20220921080000","237","0","苗栗縣","南庄鄉","120.985","24.635","21"
"767","335753","20220921080000","533","2","苗栗縣","苗栗市","120.830","24.575","751"
"210","335754","20220921080000","118","3","苗栗縣","苗栗市","120.830","24.580","197"
"10","335761","20220921080000","15","0","苗栗縣","苗栗市","120.840","24.565","10"
"63","335762","20220921080000","1699","0","苗栗縣","苗栗市","120.830","24.570","61"
"904","335763","20220921080000","703","2","苗栗縣","苗栗市","120.835","24.570","858"
"39","335766","20220921080000","168","0","苗栗縣","苗栗市","120.840","24.575","25"
"20","335767","20220921080000","273","0","苗栗縣","苗栗市","120.835","24.580","28"
"36","335776","20220921080000","232","0","苗栗縣","頭屋鄉","120.845","24.595","25"
"55","335787","20220921080000","41","2","苗栗縣","頭屋鄉","120.860","24.570","59"
"18","335795","20220921080000","154","0","苗栗縣","頭屋鄉","120.855","24.580","27"
"145","335796","20220921080000","121","1","苗栗縣","頭屋鄉","120.860","24.580","165"
"38","335799","20220921080000","276","0","苗栗縣","頭屋鄉","120.875","24.580","19"
"60","335801","20220921080000","309","0","苗栗縣","頭屋鄉","120.850","24.570","72"
"13","335802","20220921080000","61","0","苗栗縣","頭屋鄉","120.855","24.570","11"
"146","335804","20220921080000","374","0","苗栗縣","頭屋鄉","120.850","24.575","154"
"85","335805","20220921080000","291","0","苗栗縣","頭屋鄉","120.855","24.575","74"
"95","335817","20220921080000","102","0","苗栗縣","後龍鎮","120.730","24.590","145"
"182","335832","20220921080000","127","2","苗栗縣","後龍鎮","120.735","24.605","216"
"24","335861","20220921080000","27","0","苗栗縣","南庄鄉","121.000","24.560","24"
"16","335884","20220921080000","26","0","苗栗縣","南庄鄉","121.000","24.570","12"
"13","335931","20220921080000","128","0","苗栗縣","南庄鄉","121.015","24.595","18"
"550","335948","20220921080000","377","2","苗栗縣","南庄鄉","120.955","24.640","491"
"436","335954","20220921080000","330","2","苗栗縣","南庄鄉","121.000","24.600","426"
"401","335959","20220921080000","413","0","苗栗縣","南庄鄉","121.000","24.605","397"
"17","336014","20220921080000","25","0","苗栗縣","南庄鄉","121.035","24.585","30"
"12","336050","20220921080000","86","0","苗栗縣","南庄鄉","121.040","24.600","15"
"302","336097","20220921080000","162","3","苗栗縣","南庄鄉","121.035","24.620","265"
"46","336103","20220921080000","38","2","苗栗縣","南庄鄉","121.020","24.620","43"
"46","336149","20220921080000","162","0","苗栗縣","頭屋鄉","120.890","24.585","55"
"287","336180","20220921080000","163","3","苗栗縣","頭屋鄉","120.885","24.600","261"
"19","336185","20220921080000","373","0","苗栗縣","頭屋鄉","120.845","24.560","20"
"28","336218","20220921080000","28","1","苗栗縣","頭屋鄉","120.895","24.570","42"
"20","336244","20220921080000","296","0","苗栗縣","頭份鎮","120.880","24.645","31"
"167","336248","20220921080000","182","0","苗栗縣","頭份鎮","120.880","24.650","166"
"448","336249","20220921080000","366","2","苗栗縣","頭份鎮","120.885","24.650","412"
"12","336255","20220921080000","14","0","苗栗縣","頭份鎮","120.895","24.650","12"
"738","336266","20220921080000","909","0","苗栗縣","後龍鎮","120.785","24.610","770"
"268","336274","20220921080000","264","1","苗栗縣","後龍鎮","120.820","24.615","275"
"24","336275","20220921080000","21","1","苗栗縣","後龍鎮","120.825","24.615","16"
"457","336278","20220921080000","432","1","苗栗縣","後龍鎮","120.810","24.620","468"
"209","336282","20220921080000","228","0","苗栗縣","造橋鄉","120.815","24.625","200"
"1594","336283","20220921080000","1284","2","苗栗縣","苗栗市","120.810","24.565","1499"
"1220","336284","20220921080000","1068","1","苗栗縣","苗栗市","120.815","24.565","1241"
"164","336285","20220921080000","165","0","苗栗縣","苗栗市","120.805","24.570","176"
"15","336287","20220921080000","464","0","苗栗縣","苗栗市","120.815","24.570","15"
"44","336288","20220921080000","57","0","苗栗縣","苗栗市","120.810","24.575","46"
"544","336292","20220921080000","466","1","苗栗縣","苗栗市","120.810","24.585","504"
"374","336295","20220921080000","345","1","苗栗縣","苗栗市","120.810","24.590","381"
"18","336298","20220921080000","372","0","苗栗縣","苗栗市","120.810","24.595","20"
"18","336323","20220921080000","41","0","苗栗縣","苗栗市","120.795","24.585","20"
"397","336331","20220921080000","852","0","苗栗縣","苗栗市","120.825","24.570","396"
"13","336351","20220921080000","173","0","苗栗縣","後龍鎮","120.800","24.645","13"
"102","336352","20220921080000","428","0","苗栗縣","後龍鎮","120.805","24.645","93"
"196","336359","20220921080000","93","3","苗栗縣","後龍鎮","120.805","24.650","172"
"2003","336369","20220921080000","1564","2","苗栗縣","後龍鎮","120.790","24.610","1962"
"71","336376","20220921080000","340","0","苗栗縣","後龍鎮","120.810","24.610","87"
"289","336382","20220921080000","283","1","苗栗縣","後龍鎮","120.800","24.625","287"
"182","336386","20220921080000","113","3","苗栗縣","後龍鎮","120.800","24.630","204"
"20","336390","20220921080000","190","0","苗栗縣","後龍鎮","120.800","24.635","32"
"186","336395","20220921080000","232","0","苗栗縣","後龍鎮","120.825","24.605","188"
"222","336400","20220921080000","210","1","苗栗縣","後龍鎮","120.825","24.610","223"
"58","336426","20220921080000","306","0","苗栗縣","造橋鄉","120.890","24.620","53"
"173","336440","20220921080000","107","3","苗栗縣","造橋鄉","120.925","24.600","173"
"73","336466","20220921080000","47","3","苗栗縣","造橋鄉","120.910","24.620","75"
"46","336470","20220921080000","192","0","苗栗縣","造橋鄉","120.865","24.605","56"
"313","336492","20220921080000","153","3","苗栗縣","造橋鄉","120.855","24.620","301"
"31","336501","20220921080000","222","0","苗栗縣","造橋鄉","120.865","24.630","25"
"75","336504","20220921080000","61","2","苗栗縣","造橋鄉","120.860","24.645","75"
"229","336507","20220921080000","172","2","苗栗縣","造橋鄉","120.870","24.650","221"
"541","336511","20220921080000","263","3","苗栗縣","造橋鄉","120.860","24.655","536"
"233","336512","20220921080000","131","3","苗栗縣","造橋鄉","120.865","24.655","221"
"152","336520","20220921080000","101","3","苗栗縣","造橋鄉","120.850","24.645","183"
"223","336523","20220921080000","178","2","苗栗縣","造橋鄉","120.845","24.650","192"
"22","336526","20220921080000","258","0","苗栗縣","造橋鄉","120.840","24.650","240"
"57","336531","20220921080000","103","0","苗栗縣","造橋鄉","120.855","24.655","70"
"162","336542","20220921080000","193","0","苗栗縣","造橋鄉","120.840","24.610","162"
"19","336543","20220921080000","22","0","苗栗縣","造橋鄉","120.845","24.610","18"
"63","336546","20220921080000","58","1","苗栗縣","造橋鄉","120.840","24.615","68"
"23","336549","20220921080000","11","3","苗栗縣","造橋鄉","120.830","24.620","19"
"160","336556","20220921080000","157","1","苗栗縣","造橋鄉","120.840","24.625","153"
"210","336559","20220921080000","139","3","苗栗縣","造橋鄉","120.855","24.625","218"
"12","336561","20220921080000","62","0","苗栗縣","造橋鄉","120.855","24.630","12"
"10","336567","20220921080000","20","0","苗栗縣","造橋鄉","120.875","24.635","10"
"126","336569","20220921080000","81","3","苗栗縣","造橋鄉","120.860","24.640","137"
"239","336572","20220921080000","223","1","苗栗縣","造橋鄉","120.875","24.640","224"
"216","336573","20220921080000","141","3","苗栗縣","造橋鄉","120.865","24.645","235"
"164","336574","20220921080000","140","1","苗栗縣","造橋鄉","120.870","24.645","140"
"143","336587","20220921080000","55","3","苗栗縣","造橋鄉","120.820","24.630","121"
"13","336597","20220921080000","121","0","苗栗縣","造橋鄉","120.825","24.640","14"
"19","336604","20220921080000","20","0","苗栗縣","造橋鄉","120.840","24.645","21"
"244","336605","20220921080000","111","3","苗栗縣","造橋鄉","120.830","24.650","285"
"143","336610","20220921080000","107","2","苗栗縣","造橋鄉","120.840","24.655","164"
"10","336614","20220921080000","66","0","苗栗縣","獅潭鄉","120.940","24.560","11"
"28","336662","20220921080000","253","0","苗栗縣","獅潭鄉","120.940","24.590","31"
"104","336672","20220921080000","749","0","苗栗縣","頭份鎮","120.890","24.625","112"
"134","336679","20220921080000","165","0","苗栗縣","頭份鎮","120.885","24.635","156"
"142","336689","20220921080000","120","1","苗栗縣","頭份鎮","120.885","24.645","147"
"29","336694","20220921080000","26","1","苗栗縣","頭份鎮","120.905","24.650","33"
"27","336696","20220921080000","169","0","苗栗縣","後龍鎮","120.815","24.635","15"
"321","336716","20220921080000","243","2","苗栗縣","後龍鎮","120.765","24.590","354"
"96","336717","20220921080000","97","0","苗栗縣","後龍鎮","120.750","24.595","128"
"116","336734","20220921080000","110","1","苗栗縣","後龍鎮","120.760","24.635","129"
"55","336737","20220921080000","41","2","苗栗縣","後龍鎮","120.775","24.635","40"
"156","336741","20220921080000","106","2","苗栗縣","後龍鎮","120.770","24.640","150"
"511","336749","20220921080000","491","1","苗栗縣","後龍鎮","120.825","24.600","558"
"377","336751","20220921080000","370","1","苗栗縣","後龍鎮","120.815","24.605","383"
"16","336767","20220921080000","178","0","苗栗縣","後龍鎮","120.790","24.590","19"
"54","336777","20220921080000","481","0","苗栗縣","後龍鎮","120.780","24.600","48"
"293","336816","20220921080000","454","0","苗栗縣","西湖鄉","120.755","24.560","278"
"387","336818","20220921080000","273","2","苗栗縣","西湖鄉","120.755","24.565","384"
"53","336840","20220921080000","90","0","苗栗縣","苗栗市","120.825","24.560","53"
"53","336841","20220921080000","761","0","苗栗縣","後龍鎮","120.790","24.615","60"
"331","336849","20220921080000","340","0","苗栗縣","後龍鎮","120.735","24.570","366"
"50","336860","20220921080000","50","1","苗栗縣","後龍鎮","120.715","24.585","51"
"46","336867","20220921080000","58","0","苗栗縣","後龍鎮","120.725","24.590","88"
"37","336873","20220921080000","26","2","苗栗縣","後龍鎮","120.725","24.600","24"
"1006","345384","20220921080000","780","2","宜蘭縣","員山鄉","121.730","24.730","956"
"537","345386","20220921080000","393","2","宜蘭縣","冬山鄉","121.750","24.655","534"
"903","345394","20220921080000","835","1","宜蘭縣","員山鄉","121.725","24.740","894"
"709","345398","20220921080000","599","1","宜蘭縣","員山鄉","121.725","24.745","710"
"206","345405","20220921080000","170","2","宜蘭縣","員山鄉","121.705","24.730","208"
"207","345413","20220921080000","124","3","宜蘭縣","員山鄉","121.715","24.735","204"
"340","345414","20220921080000","390","0","宜蘭縣","員山鄉","121.720","24.735","352"
"46","345418","20220921080000","460","0","宜蘭縣","宜蘭市","121.760","24.755","36"
"1417","345419","20220921080000","1675","0","宜蘭縣","宜蘭市","121.755","24.755","1416"
"248","345420","20220921080000","246","1","宜蘭縣","員山鄉","121.730","24.710","248"
"535","345431","20220921080000","504","1","宜蘭縣","宜蘭市","121.740","24.725","569"
"93","345442","20220921080000","71","2","宜蘭縣","員山鄉","121.630","24.690","81"
"17","345460","20220921080000","27","0","宜蘭縣","員山鄉","121.645","24.700","10"
"110","345472","20220921080000","81","2","宜蘭縣","員山鄉","121.645","24.705","97"
"70","345493","20220921080000","72","0","宜蘭縣","員山鄉","121.665","24.710","83"
"46","345545","20220921080000","78","0","宜蘭縣","員山鄉","121.680","24.715","62"
"475","345546","20220921080000","390","2","宜蘭縣","員山鄉","121.685","24.715","467"
"470","345550","20220921080000","365","2","宜蘭縣","員山鄉","121.685","24.720","466"
"1058","345564","20220921080000","736","2","宜蘭縣","冬山鄉","121.705","24.655","956"
"386","345567","20220921080000","382","1","宜蘭縣","冬山鄉","121.745","24.670","391"
"33","345571","20220921080000","245","0","宜蘭縣","羅東鎮","121.750","24.685","24"
"15","345574","20220921080000","25","0","宜蘭縣","冬山鄉","121.730","24.660","13"
"360","345575","20220921080000","305","1","宜蘭縣","冬山鄉","121.735","24.660","382"
"490","345579","20220921080000","429","1","宜蘭縣","冬山鄉","121.745","24.665","471"
"650","345580","20220921080000","371","3","宜蘭縣","冬山鄉","121.750","24.670","645"
"362","345593","20220921080000","259","2","宜蘭縣","冬山鄉","121.735","24.680","351"
"312","345596","20220921080000","212","2","宜蘭縣","冬山鄉","121.730","24.685","267"
"464","345600","20220921080000","227","3","宜蘭縣","冬山鄉","121.740","24.690","471"
"84","345608","20220921080000","158","0","宜蘭縣","壯圍鄉","121.780","24.725","79"
"592","345621","20220921080000","393","3","宜蘭縣","宜蘭市","121.755","24.765","585"
"451","345623","20220921080000","468","0","宜蘭縣","三星鄉","121.685","24.700","402"
"219","345646","20220921080000","170","2","宜蘭縣","五結鄉","121.775","24.700","221"
"67","345649","20220921080000","187","0","宜蘭縣","五結鄉","121.790","24.700","61"
"306","345652","20220921080000","259","1","宜蘭縣","五結鄉","121.785","24.705","317"
"216","345678","20220921080000","249","0","宜蘭縣","三星鄉","121.675","24.685","213"
"230","345685","20220921080000","424","0","宜蘭縣","三星鄉","121.670","24.690","250"
"26","345695","20220921080000","144","0","宜蘭縣","三星鄉","121.685","24.695","40"
"269","345711","20220921080000","192","2","宜蘭縣","三星鄉","121.630","24.665","253"
"900","345715","20220921080000","983","0","宜蘭縣","宜蘭市","121.755","24.760","922"
"419","345716","20220921080000","356","1","宜蘭縣","三星鄉","121.655","24.670","404"
"1435","345720","20220921080000","1308","1","宜蘭縣","三星鄉","121.650","24.665","1379"
"717","345726","20220921080000","821","0","宜蘭縣","壯圍鄉","121.815","24.760","796"
"224","345731","20220921080000","223","1","宜蘭縣","大同鄉","121.600","24.675","213"
"137","345738","20220921080000","156","0","宜蘭縣","大同鄉","121.610","24.680","147"
"95","345857","20220921080000","90","1","宜蘭縣","大同鄉","121.580","24.655","100"
"136","345897","20220921080000","97","2","宜蘭縣","大同鄉","121.590","24.665","126"
"25","345918","20220921080000","27","0","宜蘭縣","大同鄉","121.590","24.670","22"
"301","345998","20220921080000","343","0","宜蘭縣","宜蘭市","121.745","24.760","331"
"366","346004","20220921080000","390","0","宜蘭縣","壯圍鄉","121.820","24.725","341"
"445","346010","20220921080000","436","1","宜蘭縣","員山鄉","121.685","24.730","442"
"419","346029","20220921080000","271","3","宜蘭縣","員山鄉","121.705","24.710","417"
"146","346033","20220921080000","159","0","宜蘭縣","員山鄉","121.725","24.710","119"
"984","346041","20220921080000","818","2","宜蘭縣","員山鄉","121.720","24.725","1087"
"223","346048","20220921080000","180","2","宜蘭縣","員山鄉","121.700","24.745","231"
"150","346057","20220921080000","116","2","宜蘭縣","員山鄉","121.700","24.755","12"
"20","346150","20220921080000","16","2","宜蘭縣","員山鄉","121.670","24.745","18"
"250","346153","20220921080000","205","2","宜蘭縣","員山鄉","121.685","24.745","259"
"13","346158","20220921080000","14","0","宜蘭縣","員山鄉","121.610","24.750","15"
"11","346164","20220921080000","17","0","宜蘭縣","員山鄉","121.640","24.750","11"
"10","346174","20220921080000","17","0","宜蘭縣","員山鄉","121.590","24.755","10"
"57","346184","20220921080000","56","1","宜蘭縣","員山鄉","121.640","24.755","68"
"158","346231","20220921080000","139","1","宜蘭縣","冬山鄉","121.790","24.655","151"
"406","346234","20220921080000","360","1","宜蘭縣","冬山鄉","121.805","24.655","415"
"725","346247","20220921080000","748","0","宜蘭縣","羅東鎮","121.775","24.685","772"
"205","346248","20220921080000","215","0","宜蘭縣","五結鄉","121.775","24.690","245"
"772","346251","20220921080000","615","2","宜蘭縣","五結鄉","121.770","24.695","820"
"399","346252","20220921080000","321","2","宜蘭縣","五結鄉","121.775","24.695","399"
"3299","346254","20220921080000","3371","0","宜蘭縣","羅東鎮","121.770","24.680","3211"
"27","346256","20220921080000","18","3","宜蘭縣","員山鄉","121.720","24.760","28"
"2824","346259","20220921080000","2331","2","宜蘭縣","五結鄉","121.770","24.705","2893"
"107","346261","20220921080000","612","0","宜蘭縣","五結鄉","121.785","24.685","1037"
"1910","346263","20220921080000","1813","1","宜蘭縣","五結鄉","121.795","24.685","1964"
"942","346264","20220921080000","834","1","宜蘭縣","五結鄉","121.800","24.685","924"
"1525","346266","20220921080000","1333","1","宜蘭縣","五結鄉","121.795","24.690","1475"
"647","346267","20220921080000","586","1","宜蘭縣","五結鄉","121.795","24.695","635"
"825","346274","20220921080000","1098","0","宜蘭縣","五結鄉","121.820","24.665","821"
"14","346275","20220921080000","11","2","宜蘭縣","五結鄉","121.825","24.665","14"
"542","346280","20220921080000","466","1","宜蘭縣","五結鄉","121.810","24.675","544"
"113","346281","20220921080000","106","1","宜蘭縣","五結鄉","121.815","24.675","97"
"425","346284","20220921080000","361","1","宜蘭縣","五結鄉","121.815","24.680","334"
"205","346286","20220921080000","157","2","宜蘭縣","五結鄉","121.800","24.680","204"
"28","346292","20220921080000","349","0","宜蘭縣","壯圍鄉","121.795","24.760","31"
"16","346343","20220921080000","20","0","宜蘭縣","三星鄉","121.700","24.695","13"
"246","346360","20220921080000","256","0","宜蘭縣","壯圍鄉","121.815","24.745","229"
"37","346378","20220921080000","26","2","宜蘭縣","壯圍鄉","121.805","24.765","23"
"2279","346379","20220921080000","2215","1","宜蘭縣","宜蘭市","121.750","24.750","2230"
"378","346389","20220921080000","289","2","宜蘭縣","五結鄉","121.810","24.700","376"
"150","346394","20220921080000","191","0","宜蘭縣","五結鄉","121.830","24.675","144"
"353","346399","20220921080000","533","0","宜蘭縣","五結鄉","121.825","24.680","239"
"40","346400","20220921080000","71","0","宜蘭縣","五結鄉","121.830","24.680","42"
"20","346401","20220921080000","19","1","宜蘭縣","五結鄉","121.835","24.680","19"
"30","346403","20220921080000","50","0","宜蘭縣","五結鄉","121.825","24.685","32"
"45","346410","20220921080000","21","3","宜蘭縣","五結鄉","121.835","24.655","39"
"380","346413","20220921080000","370","1","宜蘭縣","五結鄉","121.835","24.660","388"
"238","346416","20220921080000","230","1","宜蘭縣","五結鄉","121.835","24.665","240"
"697","346420","20220921080000","848","0","宜蘭縣","五結鄉","121.795","24.680","719"
"696","346421","20220921080000","507","2","宜蘭縣","五結鄉","121.800","24.675","672"
"753","346423","20220921080000","455","3","宜蘭縣","五結鄉","121.785","24.680","767"
"586","346429","20220921080000","339","3","宜蘭縣","冬山鄉","121.775","24.660","648"
"180","346430","20220921080000","271","0","宜蘭縣","冬山鄉","121.770","24.665","185"
"270","346431","20220921080000","445","0","宜蘭縣","宜蘭市","121.745","24.755","270"
"348","346436","20220921080000","514","0","宜蘭縣","宜蘭市","121.750","24.740","362"
"1113","346437","20220921080000","996","1","宜蘭縣","宜蘭市","121.750","24.760","1072"
"30","346440","20220921080000","70","0","宜蘭縣","冬山鄉","121.765","24.665","39"
"226","346442","20220921080000","246","0","宜蘭縣","冬山鄉","121.780","24.660","185"
"438","346443","20220921080000","295","2","宜蘭縣","冬山鄉","121.785","24.660","440"
"163","346456","20220921080000","162","1","宜蘭縣","宜蘭市","121.770","24.720","158"
"901","346457","20220921080000","736","2","宜蘭縣","宜蘭市","121.760","24.720","865"
"173","346458","20220921080000","162","1","宜蘭縣","宜蘭市","121.765","24.720","183"
"226","346461","20220921080000","187","2","宜蘭縣","五結鄉","121.820","24.695","190"
"149","346470","20220921080000","98","3","宜蘭縣","五結鄉","121.810","24.705","137"
"487","346472","20220921080000","441","1","宜蘭縣","五結鄉","121.820","24.705","483"
"279","346534","20220921080000","237","1","宜蘭縣","三星鄉","121.680","24.665","252"
"300","346538","20220921080000","233","2","宜蘭縣","三星鄉","121.680","24.670","284"
"326","346540","20220921080000","407","0","宜蘭縣","宜蘭市","121.740","24.760","348"
"306","346545","20220921080000","683","0","宜蘭縣","員山鄉","121.710","24.750","232"
"321","346553","20220921080000","193","3","宜蘭縣","員山鄉","121.715","24.760","297"
"617","346555","20220921080000","494","2","宜蘭縣","羅東鎮","121.765","24.690","623"
"589","346556","20220921080000","642","0","宜蘭縣","五結鄉","121.770","24.690","592"
"214","346558","20220921080000","174","2","宜蘭縣","壯圍鄉","121.800","24.730","230"
"1528","346566","20220921080000","1338","1","宜蘭縣","壯圍鄉","121.785","24.745","1602"
"335","346572","20220921080000","343","0","宜蘭縣","三星鄉","121.690","24.680","353"
"407","346599","20220921080000","438","0","宜蘭縣","三星鄉","121.700","24.665","425"
"419","346607","20220921080000","403","1","宜蘭縣","三星鄉","121.710","24.670","430"
"588","346608","20220921080000","472","2","宜蘭縣","三星鄉","121.715","24.670","548"
"291","346611","20220921080000","224","2","宜蘭縣","冬山鄉","121.730","24.670","275"
"15","346623","20220921080000","13","1","宜蘭縣","三星鄉","121.615","24.660","15"
"507","346626","20220921080000","611","0","宜蘭縣","員山鄉","121.725","24.765","481"
"1296","346628","20220921080000","3400","0","宜蘭縣","羅東鎮","121.770","24.675","1305"
"2372","346629","20220921080000","2877","0","宜蘭縣","羅東鎮","121.760","24.680","2383"
"2391","346630","20220921080000","2513","0","宜蘭縣","羅東鎮","121.760","24.675","2478"
"631","346634","20220921080000","484","2","宜蘭縣","宜蘭市","121.775","24.735","563"
"782","346635","20220921080000","719","1","宜蘭縣","宜蘭市","121.765","24.740","816"
"1315","346642","20220921080000","1514","0","宜蘭縣","宜蘭市","121.770","24.750","1320"
"20","346652","20220921080000","68","0","宜蘭縣","壯圍鄉","121.805","24.720","24"
"2207","346668","20220921080000","1541","2","宜蘭縣","宜蘭市","121.750","24.755","2227"
"634","346672","20220921080000","721","0","宜蘭縣","冬山鄉","121.770","24.655","630"
"897","346673","20220921080000","757","1","宜蘭縣","冬山鄉","121.755","24.660","870"
"331","346674","20220921080000","317","1","宜蘭縣","冬山鄉","121.760","24.660","348"
"550","346675","20220921080000","373","2","宜蘭縣","冬山鄉","121.765","24.660","553"
"1546","346678","20220921080000","1170","2","宜蘭縣","羅東鎮","121.780","24.675","1565"
"523","346684","20220921080000","525","0","宜蘭縣","宜蘭市","121.770","24.725","474"
"459","346685","20220921080000","371","2","宜蘭縣","宜蘭市","121.765","24.725","433"
"2475","346692","20220921080000","2413","1","宜蘭縣","宜蘭市","121.755","24.745","2403"
"513","346698","20220921080000","281","3","宜蘭縣","三星鄉","121.725","24.690","510"
"637","346702","20220921080000","528","2","宜蘭縣","三星鄉","121.730","24.695","654"
"456","346710","20220921080000","450","1","宜蘭縣","羅東鎮","121.755","24.670","489"
"784","346712","20220921080000","909","0","宜蘭縣","羅東鎮","121.765","24.670","777"
"658","346713","20220921080000","531","2","宜蘭縣","五結鄉","121.800","24.690","678"
"952","346714","20220921080000","820","1","宜蘭縣","五結鄉","121.800","24.695","960"
"484","346718","20220921080000","595","0","宜蘭縣","五結鄉","121.790","24.705","469"
"159","346731","20220921080000","233","0","宜蘭縣","三星鄉","121.745","24.700","171"
"2184","346739","20220921080000","2162","1","新竹縣","竹東鎮","121.100","24.720","2196"
"742","346747","20220921080000","990","0","新竹縣","竹東鎮","121.035","24.760","732"
"2457","346754","20220921080000","1793","2","新竹縣","竹東鎮","121.090","24.745","2413"
"1045","346790","20220921080000","939","1","新竹市","香山區","120.955","24.750","1004"
"78","346791","20220921080000","114","0","新竹市","香山區","120.940","24.755","77"
"232","346792","20220921080000","244","0","新竹市","香山區","120.945","24.755","232"
"1231","346793","20220921080000","1390","0","新竹市","香山區","120.950","24.755","1231"
"152","346794","20220921080000","114","2","新竹市","香山區","120.920","24.720","140"
"593","346797","20220921080000","520","1","新竹市","香山區","120.915","24.730","612"
"232","346804","20220921080000","199","1","新竹市","香山區","120.915","24.735","252"
"728","346806","20220921080000","1058","0","新竹市","香山區","120.915","24.740","769"
"1033","346812","20220921080000","722","2","新竹市","香山區","120.910","24.745","1026"
"157","346817","20220921080000","262","0","新竹市","香山區","120.880","24.735","160"
"343","346825","20220921080000","422","0","新竹市","香山區","120.895","24.740","323"
"18","346835","20220921080000","103","0","新竹市","香山區","120.925","24.715","16"
"31","346841","20220921080000","103","0","新竹市","香山區","120.930","24.725","34"
"229","346860","20220921080000","119","3","新竹縣","關西鎮","121.210","24.760","177"
"23","346863","20220921080000","27","0","新竹縣","關西鎮","121.225","24.760","25"
"110","346867","20220921080000","74","2","新竹縣","關西鎮","121.215","24.765","137"
"112","346868","20220921080000","68","3","新竹縣","關西鎮","121.220","24.765","120"
"80","346896","20220921080000","59","2","新竹縣","關西鎮","121.240","24.765","86"
"207","346907","20220921080000","128","3","新竹縣","關西鎮","121.230","24.770","194"
"2926","346918","20220921080000","2861","1","新竹市","東區","121.020","24.760","3412"
"195","346919","20220921080000","173","1","新竹市","東區","121.025","24.760","186"
"1399","346920","20220921080000","1754","0","新竹市","東區","121.020","24.765","1340"
"1797","346921","20220921080000","1865","0","新竹市","東區","121.025","24.765","1709"
"14731","346922","20220921080000","10483","2","新竹市","東區","121.015","24.770","14583"
"2392","346923","20220921080000","3719","0","新竹市","東區","121.020","24.770","2388"
"872","346924","20220921080000","820","1","新竹市","東區","121.025","24.770","834"
"255","346931","20220921080000","887","0","新竹縣","竹東鎮","121.090","24.735","245"
"145","346936","20220921080000","482","0","新竹縣","橫山鄉","121.100","24.710","141"
"591","346937","20220921080000","526","1","新竹縣","竹東鎮","121.100","24.715","558"
"350","346949","20220921080000","360","0","新竹縣","橫山鄉","121.180","24.705","350"
"164","346961","20220921080000","172","0","新竹縣","橫山鄉","121.165","24.710","185"
"193","346964","20220921080000","198","0","新竹縣","橫山鄉","121.150","24.715","208"
"13","346967","20220921080000","33","0","新竹縣","橫山鄉","121.165","24.715","13"
"682","347497","20220921080000","901","0","新竹市","東區","120.975","24.765","706"
"650","347498","20220921080000","390","3","新竹市","東區","120.980","24.765","624"
"282","347499","20220921080000","265","1","新竹市","東區","120.970","24.770","295"
"1662","347500","20220921080000","1419","1","新竹市","東區","120.975","24.770","1753"
"424","347505","20220921080000","340","2","新竹市","東區","120.965","24.765","423"
"800","347506","20220921080000","899","0","新竹市","東區","120.970","24.765","767"
"69","347507","20220921080000","59","1","新竹市","東區","120.965","24.770","77"
"1075","347508","20220921080000","950","1","新竹縣","竹東鎮","121.085","24.735","1093"
"220","347515","20220921080000","383","0","新竹縣","竹東鎮","121.075","24.725","243"
"424","347520","20220921080000","526","0","新竹縣","竹東鎮","121.090","24.730","438"
"1072","347521","20220921080000","992","1","新竹縣","竹東鎮","121.085","24.740","1065"
"1123","347522","20220921080000","762","2","新竹縣","竹東鎮","121.100","24.745","1127"
"472","347533","20220921080000","438","1","新竹縣","芎林鄉","121.125","24.725","460"
"326","347538","20220921080000","359","0","新竹縣","芎林鄉","121.120","24.735","324"
"312","347547","20220921080000","290","1","新竹縣","芎林鄉","121.135","24.745","287"
"32","347555","20220921080000","26","2","新竹縣","芎林鄉","121.140","24.750","31"
"95","347573","20220921080000","82","1","新竹縣","關西鎮","121.185","24.755","93"
"216","347621","20220921080000","74","3","新竹縣","關西鎮","121.195","24.750","111"
"84","347640","20220921080000","138","0","新竹縣","關西鎮","121.180","24.745","85"
"47","347650","20220921080000","28","3","新竹縣","關西鎮","121.170","24.755","38"
"114","347665","20220921080000","73","3","新竹縣","關西鎮","121.170","24.765","116"
"156","347670","20220921080000","146","1","新竹縣","關西鎮","121.170","24.770","143"
"3431","347702","20220921080000","3054","1","新竹縣","竹東鎮","121.090","24.740","3418"
"222","347705","20220921080000","230","0","新竹縣","竹東鎮","121.100","24.695","221"
"1706","347714","20220921080000","1857","0","新竹縣","竹東鎮","121.050","24.770","1558"
"157","347720","20220921080000","115","2","新竹縣","寶山鄉","121.030","24.735","160"
"61","347723","20220921080000","234","0","新竹縣","寶山鄉","121.020","24.740","67"
"314","347740","20220921080000","357","0","新竹縣","寶山鄉","121.030","24.750","312"
"100","347774","20220921080000","92","1","新竹縣","寶山鄉","121.050","24.730","124"
"137","347788","20220921080000","87","3","新竹縣","寶山鄉","121.040","24.745","146"
"94","347794","20220921080000","89","1","新竹縣","寶山鄉","121.045","24.745","86"
"33","347799","20220921080000","19","3","新竹縣","寶山鄉","121.050","24.750","53"
"187","347805","20220921080000","258","0","新竹縣","寶山鄉","120.960","24.725","196"
"186","347806","20220921080000","93","3","新竹縣","寶山鄉","120.965","24.725","172"
"37","347808","20220921080000","20","3","新竹縣","寶山鄉","120.975","24.725","34"
"213","347809","20220921080000","169","2","新竹縣","寶山鄉","120.980","24.725","217"
"268","347812","20220921080000","225","1","新竹縣","寶山鄉","120.965","24.730","267"
"51","347817","20220921080000","23","3","新竹縣","寶山鄉","120.965","24.735","45"
"32","347818","20220921080000","95","0","新竹縣","寶山鄉","120.970","24.735","58"
"51","347821","20220921080000","43","1","新竹縣","寶山鄉","120.985","24.735","46"
"211","347823","20220921080000","207","1","新竹縣","寶山鄉","120.970","24.740","230"
"180","347832","20220921080000","126","2","新竹縣","寶山鄉","120.980","24.745","163"
"345","347835","20220921080000","246","2","新竹縣","寶山鄉","120.980","24.755","345"
"91","347842","20220921080000","75","2","新竹縣","寶山鄉","121.000","24.715","65"
"124","347845","20220921080000","83","2","新竹縣","寶山鄉","121.015","24.715","115"
"910","347878","20220921080000","810","1","新竹縣","寶山鄉","120.940","24.725","854"
"41","347882","20220921080000","35","1","新竹縣","寶山鄉","120.945","24.740","44"
"194","347889","20220921080000","153","2","新竹縣","寶山鄉","120.960","24.745","186"
"25","347900","20220921080000","49","0","新竹縣","北埔鄉","121.055","24.670","22"
"1101","347925","20220921080000","986","1","新竹縣","北埔鄉","121.055","24.695","1081"
"176","347926","20220921080000","165","1","新竹縣","北埔鄉","121.045","24.700","170"
"256","347927","20220921080000","169","3","新竹縣","北埔鄉","121.050","24.700","280"
"48","347930","20220921080000","28","3","新竹縣","北埔鄉","121.045","24.705","53"
"11","347931","20220921080000","21","0","新竹縣","北埔鄉","121.050","24.705","13"
"134","347934","20220921080000","82","3","新竹縣","北埔鄉","121.045","24.715","119"
"297","347949","20220921080000","223","2","新竹縣","北埔鄉","121.065","24.675","270"
"393","347958","20220921080000","339","1","新竹縣","橫山鄉","121.130","24.725","372"
"390","347976","20220921080000","360","1","新竹縣","橫山鄉","121.140","24.720","426"
"62","347986","20220921080000","23","3","新竹縣","橫山鄉","121.130","24.700","49"
"147","347995","20220921080000","162","0","新竹縣","橫山鄉","121.115","24.710","143"
"443","348000","20220921080000","316","2","新竹縣","橫山鄉","121.110","24.715","459"
"109","348001","20220921080000","113","0","新竹縣","橫山鄉","121.115","24.715","115"
"32","348006","20220921080000","155","0","新竹縣","橫山鄉","121.115","24.720","33"
"388","348007","20220921080000","552","0","新竹縣","橫山鄉","121.120","24.720","385"
"320","348022","20220921080000","252","2","新竹縣","橫山鄉","121.160","24.740","304"
"103","348032","20220921080000","63","3","新竹縣","橫山鄉","121.165","24.745","121"
"72","348040","20220921080000","45","3","新竹縣","橫山鄉","121.105","24.680","65"
"35","348074","20220921080000","41","0","新竹縣","橫山鄉","121.165","24.730","40"
"11","348079","20220921080000","25","0","新竹縣","橫山鄉","121.190","24.730","24"
"22","348083","20220921080000","21","1","新竹縣","橫山鄉","121.180","24.735","21"
"18","348089","20220921080000","11","3","新竹縣","關西鎮","121.185","24.740","12"
"247","348136","20220921080000","138","3","新竹縣","橫山鄉","121.140","24.700","241"
"1163","348137","20220921080000","1125","1","新竹縣","竹東鎮","121.095","24.735","1122"
"1555","348138","20220921080000","1526","1","新竹縣","竹東鎮","121.100","24.735","1594"
"47","348144","20220921080000","29","3","新竹縣","芎林鄉","121.110","24.770","47"
"770","348163","20220921080000","735","1","新竹縣","芎林鄉","121.085","24.765","784"
"31","348164","20220921080000","24","2","新竹縣","芎林鄉","121.085","24.770","22"
"412","348165","20220921080000","433","0","新竹縣","芎林鄉","121.095","24.760","430"
"93","348190","20220921080000","62","3","新竹縣","芎林鄉","121.125","24.755","87"
"13","348191","20220921080000","10","2","新竹縣","芎林鄉","121.130","24.755","12"
"625","348207","20220921080000","486","2","新竹縣","寶山鄉","120.985","24.750","625"
"350","348212","20220921080000","448","0","新竹縣","寶山鄉","120.995","24.755","415"
"1293","348213","20220921080000","1088","1","新竹縣","寶山鄉","120.985","24.760","1318"
"768","348217","20220921080000","781","0","新竹縣","寶山鄉","120.990","24.765","761"
"259","348225","20220921080000","228","1","新竹縣","尖石鄉","121.200","24.705","231"
"16","348257","20220921080000","25","0","新竹縣","尖石鄉","121.235","24.720","34"
"64","348272","20220921080000","45","2","新竹縣","尖石鄉","121.225","24.730","53"
"88","348276","20220921080000","41","3","新竹縣","尖石鄉","121.245","24.730","77"
"37","348320","20220921080000","20","3","新竹縣","尖石鄉","121.260","24.705","35"
"79","348345","20220921080000","88","0","新竹縣","尖石鄉","121.270","24.715","87"
"130","348353","20220921080000","104","2","新竹縣","尖石鄉","121.250","24.720","98"
"76","348419","20220921080000","71","1","新竹縣","尖石鄉","121.265","24.745","82"
"27","348461","20220921080000","25","1","新竹縣","尖石鄉","121.185","24.665","29"
"37","348468","20220921080000","42","0","新竹縣","尖石鄉","121.195","24.670","43"
"26","348469","20220921080000","20","2","新竹縣","尖石鄉","121.200","24.670","20"
"42","348470","20220921080000","39","1","新竹縣","尖石鄉","121.205","24.670","28"
"79","348506","20220921080000","55","2","新竹縣","尖石鄉","121.350","24.660","68"
"48","348549","20220921080000","54","0","新竹縣","尖石鄉","121.310","24.685","49"
"177","348577","20220921080000","144","2","新竹縣","尖石鄉","121.280","24.665","149"
"144","348584","20220921080000","160","0","新竹縣","五峰鄉","121.150","24.670","145"
"67","348588","20220921080000","46","2","新竹縣","尖石鄉","121.170","24.670","43"
"44","348599","20220921080000","34","2","新竹縣","尖石鄉","121.170","24.680","40"
"104","348600","20220921080000","91","1","新竹縣","尖石鄉","121.175","24.680","96"
"12","348608","20220921080000","14","0","新竹縣","尖石鄉","121.185","24.685","12"
"14","348686","20220921080000","10","2","新竹縣","尖石鄉","121.270","24.670","12"
"16","348708","20220921080000","14","1","新竹縣","尖石鄉","121.235","24.680","17"
"145","348711","20220921080000","96","3","新竹縣","尖石鄉","121.250","24.680","137"
"66","348720","20220921080000","120","0","新竹縣","尖石鄉","121.220","24.685","62"
"36","348736","20220921080000","37","0","新竹縣","尖石鄉","121.220","24.690","23"
"375","348785","20220921080000","213","3","新竹縣","尖石鄉","121.220","24.705","322"
"37","348820","20220921080000","140","0","新竹縣","北埔鄉","121.040","24.695","33"
"101","348822","20220921080000","67","3","新竹縣","峨眉鄉","121.035","24.700","60"
"80","348831","20220921080000","63","2","新竹縣","峨眉鄉","120.985","24.685","73"
"60","348834","20220921080000","38","3","新竹縣","峨眉鄉","120.970","24.690","58"
"20","348835","20220921080000","11","3","新竹縣","峨眉鄉","120.975","24.690","15"
"104","348838","20220921080000","90","1","新竹縣","峨眉鄉","120.990","24.690","110"
"60","348845","20220921080000","62","0","新竹縣","峨眉鄉","120.985","24.700","63"
"48","348851","20220921080000","34","2","新竹縣","峨眉鄉","120.990","24.705","45"
"411","348861","20220921080000","318","2","新竹縣","峨眉鄉","121.025","24.685","363"
"254","348863","20220921080000","225","1","新竹縣","峨眉鄉","121.020","24.690","267"
"37","348870","20220921080000","119","0","新竹縣","北埔鄉","121.055","24.685","115"
"134","348889","20220921080000","108","2","新竹縣","北埔鄉","121.090","24.690","130"
"72","348892","20220921080000","45","3","新竹縣","北埔鄉","121.070","24.695","74"
"13","348903","20220921080000","12","1","新竹縣","北埔鄉","121.075","24.700","14"
"460","348909","20220921080000","455","1","新竹縣","北埔鄉","121.060","24.700","473"
"44","348910","20220921080000","47","0","新竹縣","北埔鄉","121.065","24.700","47"
"22","348919","20220921080000","20","1","新竹縣","北埔鄉","121.060","24.710","16"
"12","348921","20220921080000","50","0","新竹縣","北埔鄉","121.070","24.710","12"
"48","348944","20220921080000","21","3","新竹縣","寶山鄉","121.000","24.720","41"
"145","348947","20220921080000","139","1","新竹縣","寶山鄉","121.000","24.725","132"
"134","348952","20220921080000","53","3","新竹縣","寶山鄉","121.005","24.730","99"
"283","348957","20220921080000","218","2","新竹縣","寶山鄉","120.990","24.740","270"
"70","348958","20220921080000","60","1","新竹縣","寶山鄉","120.995","24.740","65"
"59","348969","20220921080000","52","1","新竹縣","寶山鄉","121.005","24.745","47"
"733","348971","20220921080000","1155","0","新竹縣","寶山鄉","121.005","24.750","773"
"851","348978","20220921080000","851","1","新竹縣","寶山鄉","121.020","24.755","743"
"418","348983","20220921080000","548","0","新竹縣","寶山鄉","121.000","24.765","392"
"1748","348986","20220921080000","3321","0","新竹縣","寶山鄉","121.015","24.765","1651"
"1526","348987","20220921080000","1797","0","新竹縣","寶山鄉","121.000","24.770","1507"
"690","348988","20220921080000","319","3","新竹縣","寶山鄉","121.005","24.770","627"
"260","348989","20220921080000","660","0","新竹縣","寶山鄉","121.010","24.770","212"
"73","348993","20220921080000","55","2","新竹縣","峨眉鄉","120.990","24.665","54"
"28","349000","20220921080000","20","2","新竹縣","峨眉鄉","120.995","24.670","18"
"82","349005","20220921080000","40","3","新竹縣","峨眉鄉","120.985","24.675","70"
"84","349012","20220921080000","73","1","新竹縣","峨眉鄉","120.990","24.680","99"
"143","349031","20220921080000","107","2","新竹縣","峨眉鄉","121.000","24.700","117"
"828","349060","20220921080000","841","0","新竹縣","竹東鎮","121.060","24.750","812"
"196","349062","20220921080000","234","0","新竹縣","竹東鎮","121.070","24.750","208"
"841","349066","20220921080000","863","0","新竹縣","竹東鎮","121.070","24.755","810"
"1494","349070","20220921080000","1348","1","新竹縣","竹東鎮","121.065","24.760","1460"
"4274","349073","20220921080000","4257","1","新竹縣","竹東鎮","121.060","24.765","4524"
"320","349074","20220921080000","108","3","新竹縣","竹東鎮","121.065","24.765","287"
"117","349079","20220921080000","95","2","新竹縣","竹東鎮","121.120","24.660","136"
"61","349087","20220921080000","243","0","新竹縣","竹東鎮","121.090","24.720","68"
"1738","349088","20220921080000","1395","2","新竹縣","竹東鎮","121.095","24.720","1724"
"2302","349089","20220921080000","2063","1","新竹縣","竹東鎮","121.090","24.725","2306"
"544","349090","20220921080000","496","1","新竹縣","竹東鎮","121.095","24.725","530"
"1756","349092","20220921080000","1166","3","新竹縣","竹東鎮","121.095","24.730","1797"
"365","349094","20220921080000","430","0","新竹縣","竹東鎮","121.105","24.730","335"
"364","349096","20220921080000","367","0","新竹縣","竹東鎮","121.055","24.755","356"
"209","349099","20220921080000","254","0","新竹縣","竹東鎮","121.045","24.765","213"
"678","349103","20220921080000","523","2","新竹縣","竹東鎮","121.060","24.770","648"
"470","349105","20220921080000","363","2","新竹縣","竹東鎮","121.080","24.735","477"
"114","349109","20220921080000","72","3","新竹縣","竹東鎮","121.080","24.740","95"
"88","349110","20220921080000","51","3","新竹縣","竹東鎮","121.075","24.745","85"
"791","349113","20220921080000","902","0","新竹縣","竹東鎮","121.080","24.745","793"
"1408","349114","20220921080000","1139","2","新竹縣","竹東鎮","121.085","24.745","1451"
"258","349115","20220921080000","273","0","新竹縣","竹東鎮","121.080","24.750","276"
"620","349118","20220921080000","641","0","宜蘭縣","宜蘭市","121.780","24.750","594"
"887","349120","20220921080000","741","1","宜蘭縣","宜蘭市","121.765","24.755","823"
"419","349124","20220921080000","525","0","宜蘭縣","宜蘭市","121.765","24.760","443"
"391","349125","20220921080000","451","0","宜蘭縣","宜蘭市","121.770","24.760","383"
"183","349130","20220921080000","154","1","宜蘭縣","宜蘭市","121.760","24.725","169"
"574","349131","20220921080000","420","2","宜蘭縣","宜蘭市","121.755","24.730","579"
"54","349132","20220921080000","51","1","宜蘭縣","宜蘭市","121.760","24.730","69"
"737","349136","20220921080000","641","1","宜蘭縣","宜蘭市","121.755","24.740","614"
"502","349139","20220921080000","461","1","宜蘭縣","宜蘭市","121.735","24.755","466"
"1210","349140","20220921080000","1359","0","宜蘭縣","宜蘭市","121.740","24.755","1197"
"17","349143","20220921080000","32","0","宜蘭縣","羅東鎮","121.755","24.680","18"
"2192","349144","20220921080000","1947","1","宜蘭縣","羅東鎮","121.775","24.680","2160"
"1707","349145","20220921080000","1617","1","宜蘭縣","羅東鎮","121.775","24.675","1623"
"909","349146","20220921080000","779","1","宜蘭縣","羅東鎮","121.750","24.675","879"
"821","349147","20220921080000","858","0","宜蘭縣","羅東鎮","121.770","24.685","857"
"388","349149","20220921080000","181","3","宜蘭縣","羅東鎮","121.750","24.680","367"
"393","349158","20220921080000","106","3","新竹市","香山區","120.930","24.745","392"
"119","349160","20220921080000","104","1","新竹市","香山區","120.925","24.750","133"
"520","349162","20220921080000","384","2","新竹市","香山區","120.915","24.760","506"
"856","349166","20220921080000","788","1","新竹市","香山區","120.915","24.765","896"
"103","349176","20220921080000","104","0","新竹市","香山區","120.955","24.760","128"
"172","349177","20220921080000","181","0","新竹市","東區","120.960","24.760","171"
"1076","349183","20220921080000","1017","1","新竹市","香山區","120.955","24.770","1075"
"298","349184","20220921080000","319","0","新竹市","香山區","120.960","24.770","246"
"27","349194","20220921080000","56","0","新竹市","香山區","120.905","24.760","32"
"62","349198","20220921080000","50","2","新竹市","香山區","120.930","24.760","59"
"137","349199","20220921080000","57","3","新竹市","香山區","120.935","24.760","137"
"57","349203","20220921080000","73","0","宜蘭縣","宜蘭市","121.765","24.745","45"
"1494","349204","20220921080000","1531","0","宜蘭縣","宜蘭市","121.760","24.750","1488"
"891","349205","20220921080000","711","2","宜蘭縣","宜蘭市","121.765","24.750","892"
"1707","349206","20220921080000","1910","0","宜蘭縣","羅東鎮","121.775","24.670","1718"
"978","349207","20220921080000","1066","0","宜蘭縣","羅東鎮","121.755","24.675","1049"
"138","349208","20220921080000","213","0","宜蘭縣","羅東鎮","121.755","24.690","160"
"58","349210","20220921080000","100","0","宜蘭縣","羅東鎮","121.755","24.695","70"
"639","349211","20220921080000","527","2","宜蘭縣","羅東鎮","121.760","24.695","630"
"857","349214","20220921080000","1542","0","宜蘭縣","羅東鎮","121.770","24.670","826"
"579","349216","20220921080000","644","0","宜蘭縣","羅東鎮","121.800","24.665","517"
"1105","349222","20220921080000","520","3","宜蘭縣","羅東鎮","121.795","24.675","1088"
"683","349224","20220921080000","596","1","宜蘭縣","羅東鎮","121.785","24.675","670"
"2905","349225","20220921080000","2377","2","宜蘭縣","羅東鎮","121.780","24.680","2936"
"1379","349227","20220921080000","1365","1","宜蘭縣","宜蘭市","121.750","24.745","1371"
"862","349228","20220921080000","908","0","宜蘭縣","員山鄉","121.735","24.745","844"
"2117","349229","20220921080000","2095","1","宜蘭縣","宜蘭市","121.740","24.745","2128"
"1663","349230","20220921080000","1226","2","宜蘭縣","宜蘭市","121.745","24.745","1681"
"471","349231","20220921080000","368","2","宜蘭縣","宜蘭市","121.730","24.750","458"
"1226","349232","20220921080000","1328","0","宜蘭縣","宜蘭市","121.735","24.750","1200"
"1313","349234","20220921080000","1107","1","宜蘭縣","羅東鎮","121.765","24.675","1264"
"715","349235","20220921080000","787","0","宜蘭縣","宜蘭市","121.760","24.760","658"
"830","349236","20220921080000","689","2","宜蘭縣","宜蘭市","121.750","24.765","793"
"518","349237","20220921080000","481","1","宜蘭縣","宜蘭市","121.745","24.750","490"
"512","349238","20220921080000","403","2","宜蘭縣","宜蘭市","121.760","24.765","526"
"726","349240","20220921080000","680","1","宜蘭縣","羅東鎮","121.755","24.685","679"
"29","349296","20220921080000","25","1","桃園市","復興區","121.350","24.760","24"
"82","349422","20220921080000","67","2","桃園市","復興區","121.390","24.660","47"
"24","349482","20220921080000","35","0","桃園市","復興區","121.385","24.680","23"
"153","349502","20220921080000","143","1","桃園市","復興區","121.395","24.685","156"
"191","349582","20220921080000","131","2","桃園市","復興區","121.410","24.705","128"
"21","349642","20220921080000","12","3","桃園市","復興區","121.365","24.695","25"
"15","349676","20220921080000","11","2","桃園市","復興區","121.350","24.705","13"
"80","349762","20220921080000","57","2","桃園市","復興區","121.345","24.725","59"
"10","349794","20220921080000","12","0","桃園市","復興區","121.375","24.730","11"
"12","349842","20220921080000","10","2","桃園市","復興區","121.350","24.740","13"
"31","349865","20220921080000","18","3","桃園市","復興區","121.365","24.740","32"
"152","349883","20220921080000","170","0","新竹市","香山區","120.940","24.760","140"
"168","349889","20220921080000","154","1","新竹市","香山區","120.935","24.770","216"
"234","349896","20220921080000","224","1","新竹市","香山區","120.905","24.750","240"
"577","349897","20220921080000","315","3","新竹市","香山區","120.910","24.750","542"
"1768","349904","20220921080000","1529","1","新竹縣","竹東鎮","121.030","24.770","1743"
"62","349937","20220921080000","45","2","桃園市","復興區","121.365","24.675","63"
"28","349983","20220921080000","127","0","苗栗縣","三灣鄉","120.965","24.665","22"
"43","349985","20220921080000","201","0","苗栗縣","三灣鄉","120.975","24.665","332"
"15","350003","20220921080000","204","0","苗栗縣","三灣鄉","120.950","24.670","15"
"215","350012","20220921080000","102","3","苗栗縣","頭份鎮","120.955","24.680","189"
"42","350014","20220921080000","255","0","苗栗縣","頭份鎮","120.965","24.680","27"
"43","350017","20220921080000","274","0","苗栗縣","頭份鎮","120.960","24.685","44"
"56","350018","20220921080000","176","0","苗栗縣","頭份鎮","120.965","24.685","62"
"131","350019","20220921080000","100","2","苗栗縣","竹南鎮","120.880","24.680","125"
"2694","350021","20220921080000","2321","1","苗栗縣","竹南鎮","120.885","24.685","2691"
"29","350023","20220921080000","22","2","苗栗縣","頭份鎮","120.925","24.690","20"
"1032","350024","20220921080000","666","3","苗栗縣","頭份鎮","120.930","24.690","1020"
"257","350031","20220921080000","203","2","苗栗縣","頭份鎮","120.920","24.665","241"
"31","350036","20220921080000","359","0","苗栗縣","頭份鎮","120.920","24.670","40"
"449","350042","20220921080000","385","1","苗栗縣","頭份鎮","120.925","24.675","418"
"32","350052","20220921080000","168","0","苗栗縣","後龍鎮","120.820","24.660","26"
"411","350068","20220921080000","320","2","苗栗縣","頭份鎮","120.910","24.690","359"
"783","350073","20220921080000","589","2","苗栗縣","竹南鎮","120.885","24.695","755"
"688","350075","20220921080000","444","3","苗栗縣","頭份鎮","120.890","24.695","670"
"1584","350077","20220921080000","1088","2","苗栗縣","頭份鎮","120.910","24.695","1584"
"772","350078","20220921080000","644","1","苗栗縣","頭份鎮","120.910","24.700","782"
"512","350080","20220921080000","388","2","苗栗縣","頭份鎮","120.940","24.680","461"
"237","350082","20220921080000","219","1","苗栗縣","頭份鎮","120.950","24.680","239"
"451","350085","20220921080000","411","1","苗栗縣","頭份鎮","120.925","24.685","480"
"716","350087","20220921080000","679","1","苗栗縣","頭份鎮","120.935","24.685","711"
"1453","350090","20220921080000","970","2","苗栗縣","頭份鎮","120.895","24.690","1407"
"1295","350091","20220921080000","1718","0","苗栗縣","頭份鎮","120.905","24.690","1229"
"550","350092","20220921080000","791","0","苗栗縣","頭份鎮","120.905","24.685","468"
"95","350095","20220921080000","262","0","苗栗縣","頭份鎮","120.945","24.690","95"
"17","350102","20220921080000","142","0","苗栗縣","頭份鎮","120.935","24.700","14"
"24","350103","20220921080000","264","0","苗栗縣","頭份鎮","120.940","24.695","29"
"124","350109","20220921080000","124","1","苗栗縣","頭份鎮","120.940","24.700","136"
"30","350110","20220921080000","26","1","苗栗縣","頭份鎮","120.945","24.700","19"
"322","350112","20220921080000","497","0","苗栗縣","頭份鎮","120.930","24.705","310"
"628","350117","20220921080000","588","1","苗栗縣","頭份鎮","120.935","24.710","631"
"637","350118","20220921080000","674","0","苗栗縣","頭份鎮","120.885","24.665","651"
"44","350124","20220921080000","330","0","苗栗縣","頭份鎮","120.885","24.675","51"
"317","350127","20220921080000","359","0","苗栗縣","頭份鎮","120.905","24.700","322"
"793","350128","20220921080000","1069","0","苗栗縣","頭份鎮","120.900","24.695","803"
"926","350129","20220921080000","799","1","苗栗縣","頭份鎮","120.905","24.695","953"
"129","350131","20220921080000","390","0","苗栗縣","頭份鎮","120.915","24.690","133"
"1071","350132","20220921080000","1324","0","苗栗縣","頭份鎮","120.915","24.695","1081"
"25","350142","20220921080000","24","1","苗栗縣","頭份鎮","120.915","24.665","20"
"54","350146","20220921080000","370","0","苗栗縣","頭份鎮","120.915","24.670","54"
"872","350150","20220921080000","621","2","苗栗縣","竹南鎮","120.860","24.695","864"
"657","350151","20220921080000","433","3","苗栗縣","竹南鎮","120.865","24.695","641"
"201","350154","20220921080000","576","0","苗栗縣","竹南鎮","120.870","24.695","206"
"83","350155","20220921080000","432","0","苗栗縣","竹南鎮","120.880","24.695","79"
"285","350156","20220921080000","279","1","苗栗縣","竹南鎮","120.865","24.680","263"
"639","350157","20220921080000","574","1","苗栗縣","竹南鎮","120.910","24.710","643"
"883","350159","20220921080000","754","1","苗栗縣","竹南鎮","120.920","24.705","888"
"521","350160","20220921080000","845","0","苗栗縣","頭份鎮","120.925","24.705","568"
"326","350161","20220921080000","255","2","苗栗縣","竹南鎮","120.915","24.705","326"
"2281","350162","20220921080000","2216","1","苗栗縣","竹南鎮","120.915","24.710","2374"
"522","350163","20220921080000","440","1","苗栗縣","竹南鎮","120.920","24.710","533"
"382","350165","20220921080000","348","1","苗栗縣","竹南鎮","120.930","24.710","364"
"694","350166","20220921080000","873","0","苗栗縣","竹南鎮","120.915","24.715","722"
"234","350167","20220921080000","243","0","苗栗縣","竹南鎮","120.920","24.715","228"
"1785","350169","20220921080000","1638","1","苗栗縣","頭份鎮","120.910","24.685","1726"
"1918","350170","20220921080000","1985","0","苗栗縣","頭份鎮","120.895","24.700","1886"
"1459","350172","20220921080000","1049","2","苗栗縣","頭份鎮","120.905","24.680","1417"
"496","350173","20220921080000","410","2","苗栗縣","竹南鎮","120.875","24.700","484"
"708","350174","20220921080000","549","2","苗栗縣","竹南鎮","120.870","24.700","726"
"364","350176","20220921080000","360","1","苗栗縣","頭份鎮","120.920","24.690","356"
"128","350177","20220921080000","101","2","苗栗縣","頭份鎮","120.880","24.660","111"
"667","350179","20220921080000","753","0","苗栗縣","頭份鎮","120.900","24.700","667"
"23","350180","20220921080000","27","0","苗栗縣","竹南鎮","120.910","24.705","21"
"528","350182","20220921080000","564","0","苗栗縣","頭份鎮","120.920","24.700","521"
"654","350183","20220921080000","1015","0","苗栗縣","頭份鎮","120.895","24.695","678"
"356","350203","20220921080000","217","3","苗栗縣","竹南鎮","120.860","24.685","348"
"35","350206","20220921080000","217","0","苗栗縣","竹南鎮","120.865","24.700","21"
"60","350208","20220921080000","329","0","苗栗縣","竹南鎮","120.875","24.705","52"
"966","350209","20220921080000","1178","0","苗栗縣","竹南鎮","120.880","24.700","984"
"1208","350210","20220921080000","766","3","苗栗縣","頭份鎮","120.885","24.700","1236"
"478","350211","20220921080000","283","3","苗栗縣","竹南鎮","120.880","24.705","486"
"139","350214","20220921080000","125","1","苗栗縣","竹南鎮","120.865","24.705","149"
"40","350220","20220921080000","464","0","苗栗縣","竹南鎮","120.880","24.710","37"
"15","350223","20220921080000","144","0","苗栗縣","竹南鎮","120.865","24.715","12"
"269","350224","20220921080000","250","1","苗栗縣","竹南鎮","120.870","24.715","260"
"365","350225","20220921080000","481","0","苗栗縣","竹南鎮","120.875","24.715","338"
"91","350226","20220921080000","52","3","苗栗縣","竹南鎮","120.880","24.715","83"
"91","350229","20220921080000","108","0","苗栗縣","竹南鎮","120.865","24.720","118"
"111","350236","20220921080000","90","2","苗栗縣","竹南鎮","120.870","24.725","105"
"209","350240","20220921080000","145","2","苗栗縣","竹南鎮","120.890","24.725","243"
"42","350247","20220921080000","64","0","苗栗縣","竹南鎮","120.880","24.685","45"
"1800","350248","20220921080000","1571","1","苗栗縣","竹南鎮","120.880","24.690","1840"
"1592","350250","20220921080000","1686","0","苗栗縣","竹南鎮","120.890","24.690","1566"
"2370","350251","20220921080000","3138","0","苗栗縣","竹南鎮","120.875","24.685","2314"
"503","350258","20220921080000","289","3","苗栗縣","竹南鎮","120.855","24.675","486"
"21","350259","20220921080000","33","0","苗栗縣","竹南鎮","120.860","24.675","24"
"31","350264","20220921080000","253","0","苗栗縣","竹南鎮","120.850","24.680","352"
"14","350275","20220921080000","258","0","苗栗縣","竹南鎮","120.850","24.670","22"
"873","350277","20220921080000","711","2","苗栗縣","竹南鎮","120.860","24.670","887"
"137","350278","20220921080000","158","0","苗栗縣","竹南鎮","120.845","24.675","142"
"55","350279","20220921080000","62","0","苗栗縣","造橋鄉","120.855","24.660","53"
"89","350285","20220921080000","228","0","苗栗縣","頭份鎮","120.900","24.685","100"
"504","350286","20220921080000","437","1","苗栗縣","頭份鎮","120.895","24.675","461"
"819","350288","20220921080000","831","0","苗栗縣","頭份鎮","120.890","24.680","856"
"845","350290","20220921080000","893","0","苗栗縣","頭份鎮","120.900","24.680","849"
"107","350291","20220921080000","364","0","苗栗縣","頭份鎮","120.945","24.685","118"
"182","350303","20220921080000","132","2","苗栗縣","頭份鎮","120.960","24.700","170"
"109","350311","20220921080000","60","3","苗栗縣","頭份鎮","120.965","24.705","92"
"262","350314","20220921080000","1502","0","苗栗縣","竹南鎮","120.870","24.690","922"
"570","350316","20220921080000","526","1","苗栗縣","竹南鎮","120.855","24.690","584"
"966","350319","20220921080000","1091","0","苗栗縣","竹南鎮","120.865","24.685","959"
"893","350320","20220921080000","1020","0","苗栗縣","竹南鎮","120.875","24.695","909"
"139","350321","20220921080000","1167","0","苗栗縣","竹南鎮","120.875","24.690","183"
"828","350326","20220921080000","782","1","苗栗縣","竹南鎮","120.910","24.720","763"
"21","350330","20220921080000","264","0","苗栗縣","竹南鎮","120.905","24.725","29"
"65","350331","20220921080000","605","0","苗栗縣","竹南鎮","120.910","24.725","58"
"968","350334","20220921080000","619","3","苗栗縣","竹南鎮","120.905","24.730","938"
"15","350336","20220921080000","61","0","新竹市","香山區","120.900","24.735","15"
"115","350338","20220921080000","418","0","新竹市","香山區","120.905","24.740","131"
"644","350340","20220921080000","678","0","苗栗縣","竹南鎮","120.875","24.660","694"
"407","350347","20220921080000","759","0","苗栗縣","竹南鎮","120.865","24.675","416"
"53","350349","20220921080000","342","0","苗栗縣","竹南鎮","120.875","24.675","44"
"953","350350","20220921080000","817","1","苗栗縣","竹南鎮","120.880","24.675","972"
"528","350351","20220921080000","274","3","苗栗縣","竹南鎮","120.870","24.680","547"
"320","350352","20220921080000","378","0","苗栗縣","竹南鎮","120.875","24.680","290"
"2104","350353","20220921080000","2014","1","苗栗縣","竹南鎮","120.870","24.685","2140"
"81","350357","20220921080000","483","0","苗栗縣","竹南鎮","120.890","24.705","100"
"415","350358","20220921080000","377","1","苗栗縣","竹南鎮","120.895","24.705","423"
"773","350359","20220921080000","531","2","苗栗縣","竹南鎮","120.900","24.705","748"
"328","350363","20220921080000","493","0","苗栗縣","竹南鎮","120.900","24.710","353"
"258","350364","20220921080000","147","3","苗栗縣","竹南鎮","120.905","24.710","253"
"196","350365","20220921080000","176","1","苗栗縣","竹南鎮","120.895","24.715","185"
"621","350367","20220921080000","475","2","苗栗縣","竹南鎮","120.905","24.715","604"
"32","350368","20220921080000","33","0","苗栗縣","竹南鎮","120.910","24.715","29"
"202","350369","20220921080000","148","2","苗栗縣","竹南鎮","120.895","24.720","158"
"124","356638","20220921080000","117","1","宜蘭縣","頭城鎮","121.940","24.840","133"
"877","360378","20220921080000","610","2","宜蘭縣","礁溪鄉","121.765","24.825","809"
"1455","360379","20220921080000","1665","0","宜蘭縣","礁溪鄉","121.770","24.825","1388"
"693","360380","20220921080000","558","2","宜蘭縣","礁溪鄉","121.775","24.825","588"
"441","360392","20220921080000","339","2","宜蘭縣","礁溪鄉","121.810","24.815","453"
"155","360394","20220921080000","113","2","宜蘭縣","礁溪鄉","121.795","24.815","159"
"34","360410","20220921080000","120","0","宜蘭縣","礁溪鄉","121.720","24.815","31"
"99","360417","20220921080000","110","0","宜蘭縣","礁溪鄉","121.720","24.820","99"
"124","360419","20220921080000","95","2","宜蘭縣","礁溪鄉","121.730","24.820","129"
"55","360427","20220921080000","391","0","宜蘭縣","礁溪鄉","121.725","24.820","61"
"393","360433","20220921080000","308","2","宜蘭縣","礁溪鄉","121.755","24.820","377"
"156","360437","20220921080000","183","0","宜蘭縣","礁溪鄉","121.740","24.825","124"
"1903","360439","20220921080000","1624","1","宜蘭縣","宜蘭市","121.755","24.770","1870"
"411","360442","20220921080000","256","3","宜蘭縣","宜蘭市","121.745","24.775","371"
"830","360449","20220921080000","653","2","宜蘭縣","壯圍鄉","121.785","24.775","842"
"17","360451","20220921080000","10","3","宜蘭縣","壯圍鄉","121.780","24.780","15"
"278","360457","20220921080000","196","2","宜蘭縣","壯圍鄉","121.795","24.790","269"
"148","360471","20220921080000","257","0","宜蘭縣","頭城鎮","121.820","24.855","133"
"107","360474","20220921080000","92","1","宜蘭縣","頭城鎮","121.835","24.885","93"
"143","360476","20220921080000","87","3","宜蘭縣","頭城鎮","121.845","24.885","113"
"504","360478","20220921080000","594","0","宜蘭縣","頭城鎮","121.830","24.855","461"
"662","360482","20220921080000","1010","0","宜蘭縣","頭城鎮","121.820","24.860","734"
"275","360484","20220921080000","222","2","宜蘭縣","頭城鎮","121.815","24.860","295"
"684","360485","20220921080000","588","1","宜蘭縣","頭城鎮","121.820","24.865","722"
"256","360486","20220921080000","271","0","宜蘭縣","頭城鎮","121.810","24.865","238"
"163","360502","20220921080000","176","0","宜蘭縣","頭城鎮","121.815","24.850","166"
"637","360507","20220921080000","694","0","宜蘭縣","頭城鎮","121.825","24.865","599"
"197","360520","20220921080000","200","0","宜蘭縣","頭城鎮","121.835","24.870","220"
"212","360524","20220921080000","141","3","宜蘭縣","頭城鎮","121.840","24.875","153"
"47","360537","20220921080000","29","3","新北市","三峽區","121.345","24.845","51"
"106","360552","20220921080000","93","1","新北市","三峽區","121.360","24.855","98"
"22","360554","20220921080000","17","2","新北市","三峽區","121.370","24.855","19"
"22","360559","20220921080000","27","0","新北市","三峽區","121.365","24.860","22"
"56","360569","20220921080000","42","2","新北市","三峽區","121.355","24.870","61"
"42","360573","20220921080000","35","2","新北市","三峽區","121.375","24.870","39"
"48","360625","20220921080000","36","2","宜蘭縣","頭城鎮","121.820","24.825","44"
"167","360631","20220921080000","145","1","宜蘭縣","頭城鎮","121.790","24.845","158"
"235","360639","20220921080000","239","0","宜蘭縣","頭城鎮","121.795","24.855","226"
"467","360641","20220921080000","397","1","宜蘭縣","頭城鎮","121.805","24.855","418"
"200","360684","20220921080000","170","1","宜蘭縣","礁溪鄉","121.765","24.800","219"
"226","360687","20220921080000","258","0","宜蘭縣","礁溪鄉","121.760","24.810","220"
"247","360689","20220921080000","240","1","宜蘭縣","礁溪鄉","121.755","24.815","258"
"75","360694","20220921080000","68","1","宜蘭縣","員山鄉","121.700","24.780","75"
"38","360702","20220921080000","35","1","宜蘭縣","礁溪鄉","121.680","24.785","33"
"178","360788","20220921080000","181","0","宜蘭縣","礁溪鄉","121.780","24.810","178"
"379","360803","20220921080000","353","1","宜蘭縣","壯圍鄉","121.810","24.800","364"
"522","360806","20220921080000","397","2","宜蘭縣","壯圍鄉","121.815","24.805","527"
"556","360817","20220921080000","417","2","宜蘭縣","礁溪鄉","121.780","24.785","473"
"503","360820","20220921080000","528","0","宜蘭縣","礁溪鄉","121.775","24.815","518"
"1206","360822","20220921080000","1016","1","宜蘭縣","礁溪鄉","121.770","24.820","1207"
"197","360828","20220921080000","198","0","宜蘭縣","礁溪鄉","121.730","24.790","192"
"128","360848","20220921080000","92","2","宜蘭縣","礁溪鄉","121.710","24.810","108"
"547","360876","20220921080000","488","1","宜蘭縣","礁溪鄉","121.760","24.785","535"
"74","360877","20220921080000","67","1","宜蘭縣","礁溪鄉","121.750","24.790","79"
"406","360879","20220921080000","279","2","宜蘭縣","礁溪鄉","121.760","24.790","443"
"534","360881","20220921080000","451","1","宜蘭縣","礁溪鄉","121.765","24.815","537"
"431","360883","20220921080000","437","0","宜蘭縣","礁溪鄉","121.765","24.820","504"
"359","360888","20220921080000","259","2","宜蘭縣","礁溪鄉","121.755","24.825","347"
"421","360889","20220921080000","406","1","宜蘭縣","礁溪鄉","121.760","24.825","428"
"73","360898","20220921080000","56","2","宜蘭縣","礁溪鄉","121.745","24.830","59"
"41","360964","20220921080000","38","1","新北市","三峽區","121.410","24.865","40"
"319","360967","20220921080000","196","3","新北市","三峽區","121.410","24.870","264"
"99","360994","20220921080000","90","1","新北市","三峽區","121.415","24.885","97"
"33","361075","20220921080000","29","1","新北市","三峽區","121.445","24.830","23"
"13","361124","20220921080000","15","0","新北市","三峽區","121.430","24.845","20"
"20","361179","20220921080000","30","0","新北市","三峽區","121.435","24.860","16"
"39","361195","20220921080000","20","3","新北市","三峽區","121.440","24.865","31"
"16","361256","20220921080000","21","0","新北市","三峽區","121.450","24.890","11"
"15","361279","20220921080000","13","1","新北市","三峽區","121.390","24.875","15"
"33","361286","20220921080000","28","1","新北市","三峽區","121.380","24.880","26"
"50","361304","20220921080000","38","2","新北市","三峽區","121.375","24.885","41"
"34","361308","20220921080000","26","2","新北市","三峽區","121.400","24.885","35"
"603","361316","20220921080000","545","1","宜蘭縣","員山鄉","121.720","24.770","567"
"318","361349","20220921080000","331","0","宜蘭縣","員山鄉","121.715","24.775","313"
"360","361393","20220921080000","314","1","宜蘭縣","壯圍鄉","121.800","24.770","365"
"238","361412","20220921080000","225","1","宜蘭縣","宜蘭市","121.735","24.775","254"
"13","361413","20220921080000","20","0","宜蘭縣","宜蘭市","121.740","24.775","12"
"226","361414","20220921080000","203","1","宜蘭縣","宜蘭市","121.730","24.780","230"
"17","361433","20220921080000","15","1","宜蘭縣","頭城鎮","121.800","24.830","18"
"688","361441","20220921080000","695","0","宜蘭縣","頭城鎮","121.790","24.835","759"
"17","361466","20220921080000","26","0","新北市","坪林區","121.770","24.865","12"
"477","361479","20220921080000","428","1","宜蘭縣","頭城鎮","121.815","24.835","453"
"427","361482","20220921080000","317","2","宜蘭縣","頭城鎮","121.810","24.845","464"
"4035","361485","20220921080000","3612","1","新竹市","東區","120.985","24.800","3922"
"2572","361486","20220921080000","2455","1","新竹市","東區","120.985","24.810","2601"
"12","361496","20220921080000","10","2","桃園市","大溪區","121.325","24.880","17"
"172","361502","20220921080000","121","2","桃園市","大溪區","121.330","24.880","111"
"161","361509","20220921080000","122","2","桃園市","大溪區","121.325","24.885","141"
"40","361515","20220921080000","65","0","桃園市","大溪區","121.325","24.890","46"
"20","361517","20220921080000","39","0","桃園市","大溪區","121.335","24.890","43"
"471","361521","20220921080000","618","0","桃園市","大溪區","121.250","24.865","428"
"136","361525","20220921080000","195","0","桃園市","大溪區","121.255","24.870","147"
"395","361530","20220921080000","548","0","桃園市","大溪區","121.260","24.875","433"
"529","361536","20220921080000","349","3","桃園市","大溪區","121.260","24.880","544"
"243","361538","20220921080000","200","2","桃園市","大溪區","121.275","24.880","234"
"1390","361539","20220921080000","1340","1","桃園市","大溪區","121.250","24.880","1177"
"306","361545","20220921080000","214","2","桃園市","大溪區","121.275","24.885","365"
"184","361546","20220921080000","141","2","桃園市","大溪區","121.280","24.885","142"
"559","361547","20220921080000","425","2","桃園市","大溪區","121.275","24.890","572"
"1312","361550","20220921080000","1127","1","桃園市","大溪區","121.295","24.885","1336"
"68","361551","20220921080000","121","0","桃園市","大溪區","121.300","24.880","79"
"129","361552","20220921080000","277","0","桃園市","大溪區","121.290","24.880","136"
"76","361556","20220921080000","75","1","新竹縣","新埔鎮","121.080","24.835","85"
"338","361565","20220921080000","273","2","新竹縣","新埔鎮","121.080","24.840","289"
"58","361570","20220921080000","42","2","新竹縣","新埔鎮","121.130","24.860","51"
"31","361579","20220921080000","24","2","新竹縣","新埔鎮","121.140","24.870","56"
"95","361585","20220921080000","78","2","新竹縣","新埔鎮","121.135","24.875","104"
"25","361591","20220921080000","12","3","桃園市","楊梅區","121.130","24.880","29"
"763","361597","20220921080000","660","1","新竹縣","新豐鄉","120.995","24.885","754"
"1348","361600","20220921080000","1610","0","新竹縣","新豐鄉","121.010","24.885","1337"
"1055","361602","20220921080000","819","2","新竹市","東區","120.975","24.805","1121"
"2411","361603","20220921080000","2539","0","新竹市","東區","120.980","24.805","2422"
"1528","361604","20220921080000","1198","2","新竹市","東區","120.980","24.810","1481"
"1110","361605","20220921080000","1104","1","新竹市","東區","120.975","24.800","992"
"15","361609","20220921080000","1341","0","新竹市","東區","120.985","24.785","394"
"7670","361610","20220921080000","6462","1","新竹市","東區","121.020","24.780","7833"
"2766","361611","20220921080000","2822","0","新竹市","東區","121.015","24.785","2736"
"171","361614","20220921080000","129","2","新竹縣","新埔鎮","121.105","24.845","167"
"60","361615","20220921080000","52","1","新竹縣","新埔鎮","121.115","24.845","55"
"64","361621","20220921080000","40","3","新竹縣","新埔鎮","121.120","24.850","57"
"38","361623","20220921080000","17","3","新竹縣","新埔鎮","121.100","24.855","47"
"50","361624","20220921080000","39","2","新竹縣","新埔鎮","121.105","24.855","51"
"36","361628","20220921080000","27","2","新竹縣","新埔鎮","121.125","24.855","30"
"24","361635","20220921080000","20","2","新竹縣","新埔鎮","121.105","24.865","12"
"126","361642","20220921080000","123","1","新竹縣","新埔鎮","121.115","24.875","127"
"574","361646","20220921080000","696","0","新竹縣","新埔鎮","121.070","24.825","524"
"881","361648","20220921080000","751","1","新竹縣","新埔鎮","121.080","24.825","882"
"347","361651","20220921080000","404","0","新竹縣","新埔鎮","121.070","24.830","379"
"119","361655","20220921080000","80","2","新竹縣","新埔鎮","121.135","24.845","122"
"340","361668","20220921080000","385","0","新竹縣","新豐鄉","120.980","24.870","340"
"24","361671","20220921080000","37","0","新竹縣","新豐鄉","120.970","24.880","24"
"35","361676","20220921080000","555","0","新竹縣","新豐鄉","120.980","24.885","31"
"1714","361683","20220921080000","1906","0","新竹縣","竹東鎮","121.030","24.775","1679"
"535","361685","20220921080000","881","0","新竹縣","湖口鄉","121.010","24.855","542"
"810","361687","20220921080000","925","0","新竹縣","湖口鄉","121.020","24.855","869"
"458","361688","20220921080000","429","1","新竹縣","湖口鄉","121.025","24.855","641"
"1981","361692","20220921080000","2195","0","新竹縣","湖口鄉","121.010","24.860","2014"
"28","361693","20220921080000","10","3","新竹縣","湖口鄉","121.015","24.860","27"
"2966","361694","20220921080000","3291","0","新竹縣","湖口鄉","120.995","24.865","2921"
"1422","361695","20220921080000","1240","1","新竹縣","湖口鄉","121.000","24.865","1313"
"35","361696","20220921080000","690","0","新竹縣","湖口鄉","121.005","24.865","47"
"519","361697","20220921080000","397","2","新竹縣","湖口鄉","121.010","24.865","518"
"2521","361698","20220921080000","2383","1","新竹縣","湖口鄉","121.000","24.870","2623"
"3038","361700","20220921080000","1069","3","新竹縣","湖口鄉","121.010","24.870","3035"
"1884","361702","20220921080000","1051","3","新竹縣","湖口鄉","121.010","24.875","1755"
"712","361703","20220921080000","801","0","新竹縣","竹北市","121.030","24.810","689"
"1278","361704","20220921080000","1613","0","新竹縣","竹北市","121.035","24.810","1105"
"478","361705","20220921080000","310","3","新竹縣","竹北市","121.030","24.815","445"
"650","361712","20220921080000","716","0","桃園市","大溪區","121.260","24.890","581"
"312","361715","20220921080000","319","0","新竹市","香山區","120.920","24.810","296"
"299","361721","20220921080000","225","2","新竹市","香山區","120.925","24.815","299"
"150","361725","20220921080000","117","2","新竹市","香山區","120.915","24.820","156"
"607","361727","20220921080000","545","1","新竹市","香山區","120.925","24.820","596"
"617","361733","20220921080000","409","3","新竹市","北區","120.925","24.825","602"
"1961","361736","20220921080000","2161","0","新竹市","香山區","120.930","24.790","2044"
"791","361738","20220921080000","568","2","新竹市","香山區","120.930","24.795","811"
"445","361744","20220921080000","406","1","新竹市","香山區","120.915","24.780","452"
"218","361752","20220921080000","285","0","新竹市","香山區","120.920","24.785","230"
"1014","361756","20220921080000","1046","0","新竹市","香山區","120.920","24.805","995"
"771","361758","20220921080000","588","2","新竹市","香山區","120.935","24.805","758"
"741","361761","20220921080000","752","0","新竹市","香山區","120.940","24.805","713"
"2656","361763","20220921080000","2354","1","新竹市","香山區","120.945","24.795","2625"
"545","361765","20220921080000","858","0","新竹市","香山區","120.940","24.790","556"
"45","361766","20220921080000","978","0","新竹市","香山區","120.935","24.790","55"
"186","361767","20220921080000","245","0","新竹市","香山區","120.935","24.800","184"
"581","361768","20220921080000","582","0","新竹市","香山區","120.940","24.795","582"
"35","362002","20220921080000","32","1","新竹縣","關西鎮","121.260","24.775","37"
"252","362027","20220921080000","427","0","新竹縣","湖口鄉","121.030","24.880","234"
"756","362033","20220921080000","818","0","新竹縣","湖口鄉","121.025","24.885","728"
"997","362036","20220921080000","1035","0","新竹縣","竹北市","120.965","24.860","976"
"569","362039","20220921080000","359","3","新竹縣","竹北市","120.980","24.860","532"
"1672","362056","20220921080000","1695","0","新竹縣","竹北市","121.015","24.825","1743"
"1786","362057","20220921080000","2081","0","新竹縣","竹北市","121.010","24.830","1726"
"448","362058","20220921080000","181","3","新竹縣","竹北市","121.040","24.810","412"
"1302","362059","20220921080000","1283","1","新竹縣","竹北市","121.035","24.815","1246"
"94","362060","20220921080000","246","0","新竹縣","竹北市","121.040","24.815","82"
"3001","362063","20220921080000","3112","0","新竹縣","竹北市","121.030","24.820","2872"
"1453","362064","20220921080000","1468","0","新竹縣","竹北市","121.035","24.820","1332"
"1111","362066","20220921080000","1241","0","新竹縣","竹北市","121.020","24.825","1068"
"915","362067","20220921080000","747","2","新竹縣","竹北市","121.025","24.825","894"
"3845","362068","20220921080000","3906","0","新竹縣","竹北市","121.030","24.825","4003"
"1638","362069","20220921080000","1419","1","新竹縣","竹北市","121.035","24.825","1613"
"2140","362070","20220921080000","1988","1","新竹縣","竹北市","121.015","24.830","2148"
"860","362071","20220921080000","869","0","新竹縣","竹北市","121.020","24.830","823"
"1843","362072","20220921080000","962","3","新竹縣","竹北市","121.025","24.830","1739"
"1132","362073","20220921080000","1130","1","新竹縣","新埔鎮","121.030","24.830","944"
"499","362076","20220921080000","496","1","新竹縣","竹北市","120.995","24.855","494"
"607","362077","20220921080000","505","2","新竹縣","竹北市","120.990","24.860","597"
"141","362079","20220921080000","99","2","新竹縣","竹北市","120.995","24.860","143"
"3470","362081","20220921080000","1956","3","新竹市","東區","120.995","24.800","3388"
"602","362082","20220921080000","655","0","新竹市","東區","121.000","24.805","603"
"88","362085","20220921080000","203","0","新竹市","東區","121.000","24.810","104"
"501","362086","20220921080000","400","2","新竹市","東區","121.005","24.810","533"
"1165","362087","20220921080000","815","2","新竹市","東區","121.010","24.810","1143"
"1103","362088","20220921080000","1001","1","新竹市","東區","120.995","24.815","1090"
"2517","362092","20220921080000","2839","0","新竹市","東區","121.010","24.775","2594"
"2191","362093","20220921080000","2178","1","新竹市","東區","121.015","24.775","2173"
"2829","362094","20220921080000","2910","0","新竹市","東區","121.020","24.775","2951"
"4591","362095","20220921080000","4685","0","新竹市","東區","121.025","24.775","4659"
"4063","362096","20220921080000","3190","2","新竹市","東區","120.990","24.780","4160"
"1653","362097","20220921080000","1743","0","新竹市","東區","121.005","24.775","1532"
"2233","362098","20220921080000","2177","1","新竹市","東區","121.005","24.780","2259"
"1257","362099","20220921080000","1054","1","新竹市","東區","121.010","24.780","1237"
"2437","362100","20220921080000","1962","2","新竹市","東區","121.015","24.780","2234"
"3266","362101","20220921080000","2725","1","新竹市","東區","121.005","24.785","3265"
"1288","362102","20220921080000","1250","1","新竹市","東區","121.010","24.785","1303"
"376","362103","20220921080000","409","0","新竹市","北區","120.945","24.835","373"
"406","362104","20220921080000","458","0","新竹市","北區","120.950","24.835","427"
"862","362107","20220921080000","741","1","新竹縣","竹東鎮","121.045","24.785","838"
"171","362108","20220921080000","211","0","新竹縣","竹東鎮","121.050","24.785","188"
"1052","362117","20220921080000","1037","1","新竹縣","竹東鎮","121.035","24.790","1097"
"649","362122","20220921080000","883","0","新竹縣","竹東鎮","121.030","24.795","672"
"246","362128","20220921080000","225","1","新竹縣","竹北市","120.960","24.855","216"
"535","362141","20220921080000","481","1","新竹縣","竹北市","120.955","24.870","502"
"1982","362143","20220921080000","1630","2","新竹縣","竹北市","121.015","24.835","2017"
"246","362158","20220921080000","203","2","新竹縣","新豐鄉","120.975","24.890","240"
"2266","362159","20220921080000","2355","0","新竹市","東區","121.005","24.790","2272"
"4945","362160","20220921080000","3111","3","新竹市","東區","121.015","24.790","4984"
"21","362249","20220921080000","15","2","新北市","烏來區","121.525","24.830","10"
"49","362275","20220921080000","47","1","新北市","烏來區","121.525","24.835","41"
"18","362568","20220921080000","10","3","新北市","烏來區","121.590","24.850","15"
"129","362673","20220921080000","112","1","新北市","烏來區","121.550","24.875","143"
"56","362692","20220921080000","59","0","新北市","烏來區","121.545","24.880","55"
"86","362700","20220921080000","119","0","新北市","烏來區","121.550","24.885","92"
"125","362717","20220921080000","152","0","新北市","烏來區","121.555","24.845","110"
"80","362740","20220921080000","73","1","新北市","烏來區","121.560","24.860","81"
"276","362744","20220921080000","404","0","新北市","烏來區","121.550","24.865","260"
"57","362793","20220921080000","40","2","新北市","烏來區","121.510","24.775","57"
"1799","362984","20220921080000","1777","1","新竹市","東區","120.960","24.795","1812"
"6199","362985","20220921080000","5359","1","新竹市","東區","121.020","24.790","6061"
"1314","362988","20220921080000","1105","1","新竹市","東區","120.970","24.775","1291"
"2770","362990","20220921080000","2202","2","新竹市","東區","120.985","24.805","2720"
"19","362991","20220921080000","18","1","新竹市","東區","120.965","24.775","22"
"1239","362992","20220921080000","1489","0","新竹市","北區","120.960","24.805","1197"
"385","362994","20220921080000","317","2","新竹縣","竹北市","120.945","24.850","392"
"849","362996","20220921080000","847","1","新竹縣","竹北市","120.945","24.855","822"
"1504","362998","20220921080000","1451","1","新竹縣","竹北市","120.995","24.840","1469"
"1612","362999","20220921080000","1519","1","新竹縣","竹北市","121.000","24.840","1631"
"746","363002","20220921080000","617","2","新竹縣","竹北市","121.035","24.800","649"
"1304","363004","20220921080000","876","2","新竹縣","竹北市","121.025","24.805","1275"
"1268","363005","20220921080000","1358","0","新竹縣","竹北市","121.030","24.805","1263"
"4042","363006","20220921080000","2826","2","新竹縣","竹北市","121.035","24.805","3667"
"3343","363007","20220921080000","3180","1","新竹縣","竹北市","121.025","24.810","3299"
"126","363008","20220921080000","67","3","新竹縣","芎林鄉","121.065","24.790","92"
"969","363013","20220921080000","794","2","新竹縣","竹北市","121.050","24.805","970"
"340","363016","20220921080000","375","0","新竹縣","竹北市","121.045","24.810","343"
"2896","363021","20220921080000","2687","1","新竹縣","竹北市","121.005","24.840","2881"
"1134","363023","20220921080000","940","2","新竹縣","竹北市","121.020","24.840","1124"
"1263","363024","20220921080000","1218","1","新竹縣","竹北市","121.000","24.845","1200"
"893","363025","20220921080000","530","3","新竹縣","竹北市","121.000","24.855","858"
"1169","363026","20220921080000","1093","1","新竹縣","竹北市","121.010","24.845","1215"
"338","363027","20220921080000","530","0","新竹縣","新埔鎮","121.015","24.850","390"
"530","363028","20220921080000","488","1","新竹縣","竹北市","121.020","24.845","536"
"1422","363032","20220921080000","1044","2","新竹縣","芎林鄉","121.080","24.775","1392"
"14","363046","20220921080000","13","1","新竹縣","關西鎮","121.140","24.790","17"
"21","363048","20220921080000","15","2","新竹縣","關西鎮","121.150","24.790","16"
"116","363062","20220921080000","105","1","新竹縣","關西鎮","121.185","24.800","121"
"918","363073","20220921080000","996","0","新竹縣","關西鎮","121.200","24.810","920"
"94","363082","20220921080000","94","1","新竹縣","關西鎮","121.180","24.820","133"
"148","363084","20220921080000","148","1","新竹縣","關西鎮","121.175","24.825","141"
"1118","363085","20220921080000","1087","1","桃園市","龍潭區","121.180","24.825","1128"
"1087","363086","20220921080000","1104","0","新竹市","東區","120.975","24.795","939"
"1330","363088","20220921080000","1252","1","新竹縣","寶山鄉","120.985","24.775","1344"
"430","363090","20220921080000","380","1","新竹市","東區","120.980","24.780","444"
"1485","363093","20220921080000","1622","0","新竹市","東區","120.980","24.785","1457"
"1509","363094","20220921080000","1253","2","新竹縣","新豐鄉","121.000","24.875","1561"
"730","363095","20220921080000","683","1","新竹縣","新豐鄉","120.995","24.880","745"
"480","363096","20220921080000","425","1","新竹縣","新豐鄉","121.000","24.880","458"
"583","363097","20220921080000","485","2","新竹縣","新豐鄉","121.005","24.880","554"
"1714","363098","20220921080000","1202","2","新竹縣","新豐鄉","120.990","24.870","1646"
"3581","363099","20220921080000","3531","1","新竹縣","新豐鄉","120.995","24.870","3611"
"1465","363100","20220921080000","1262","1","新竹縣","新豐鄉","120.985","24.865","1405"
"871","363101","20220921080000","515","3","新竹縣","新豐鄉","120.990","24.865","862"
"250","363102","20220921080000","378","0","新竹縣","新豐鄉","120.985","24.870","231"
"555","363103","20220921080000","460","2","新竹縣","新豐鄉","120.985","24.875","556"
"680","363109","20220921080000","575","1","新竹縣","關西鎮","121.145","24.805","587"
"16","363124","20220921080000","14","1","新竹縣","關西鎮","121.125","24.775","12"
"160","363127","20220921080000","117","2","新竹縣","關西鎮","121.120","24.780","136"
"32","363131","20220921080000","14","3","新竹縣","關西鎮","121.115","24.785","22"
"297","363143","20220921080000","192","3","新竹縣","關西鎮","121.130","24.790","247"
"90","363153","20220921080000","47","3","新竹縣","關西鎮","121.200","24.775","105"
"932","363158","20220921080000","831","1","新竹縣","關西鎮","121.175","24.785","941"
"102","363159","20220921080000","63","3","新竹縣","關西鎮","121.180","24.790","98"
"1075","363160","20220921080000","925","1","新竹縣","關西鎮","121.185","24.790","1051"
"481","363164","20220921080000","663","0","新竹縣","關西鎮","121.190","24.795","413"
"18","363183","20220921080000","25","0","新竹縣","關西鎮","121.205","24.780","23"
"131","363187","20220921080000","79","3","新竹縣","關西鎮","121.195","24.785","135"
"173","363195","20220921080000","108","3","新竹縣","關西鎮","121.195","24.790","195"
"17","363197","20220921080000","15","1","新竹縣","關西鎮","121.205","24.790","17"
"72","363217","20220921080000","67","1","新竹縣","關西鎮","121.230","24.795","64"
"102","363223","20220921080000","89","1","新竹縣","關西鎮","121.235","24.800","114"
"12","363229","20220921080000","11","1","新竹縣","關西鎮","121.135","24.820","12"
"347","363233","20220921080000","357","0","新竹縣","關西鎮","121.115","24.825","326"
"297","363245","20220921080000","210","2","新竹縣","關西鎮","121.115","24.830","312"
"707","363256","20220921080000","546","2","新竹縣","關西鎮","121.165","24.830","752"
"69","363258","20220921080000","48","2","新竹縣","新埔鎮","121.125","24.835","59"
"224","363272","20220921080000","217","1","新竹縣","關西鎮","121.150","24.840","193"
"1012","363274","20220921080000","889","1","新竹縣","關西鎮","121.135","24.810","963"
"64","363279","20220921080000","48","2","新竹縣","關西鎮","121.130","24.815","47"
"28","363288","20220921080000","14","3","新竹縣","關西鎮","121.165","24.795","29"
"738","363291","20220921080000","664","1","新竹縣","關西鎮","121.165","24.800","653"
"2462","363304","20220921080000","2163","1","新竹縣","關西鎮","121.175","24.790","2411"
"140","363305","20220921080000","242","0","新竹縣","關西鎮","121.170","24.795","133"
"249","363306","20220921080000","269","0","新竹縣","關西鎮","121.175","24.795","245"
"74","363308","20220921080000","83","0","新竹縣","關西鎮","121.175","24.805","87"
"2402","363344","20220921080000","1730","2","桃園市","龍潭區","121.230","24.875","2414"
"780","363345","20220921080000","819","0","桃園市","龍潭區","121.230","24.880","736"
"1203","363346","20220921080000","1194","1","桃園市","龍潭區","121.225","24.855","791"
"121","363347","20220921080000","95","2","桃園市","龍潭區","121.230","24.855","82"
"36","363355","20220921080000","35","1","桃園市","龍潭區","121.235","24.865","62"
"80","363358","20220921080000","264","0","桃園市","龍潭區","121.230","24.870","75"
"588","363359","20220921080000","542","1","桃園市","龍潭區","121.235","24.870","570"
"13","363361","20220921080000","29","0","桃園市","龍潭區","121.245","24.870","12"
"319","363362","20220921080000","551","0","桃園市","平鎮區","121.245","24.875","313"
"830","363365","20220921080000","794","1","桃園市","龍潭區","121.235","24.840","818"
"1115","363366","20220921080000","1198","0","桃園市","龍潭區","121.240","24.835","1152"
"322","363369","20220921080000","346","0","桃園市","龍潭區","121.240","24.845","296"
"487","363370","20220921080000","375","2","桃園市","龍潭區","121.245","24.850","496"
"1049","363371","20220921080000","1108","0","桃園市","龍潭區","121.250","24.850","970"
"822","363374","20220921080000","669","2","桃園市","龍潭區","121.250","24.855","783"
"434","363376","20220921080000","711","0","桃園市","龍潭區","121.255","24.860","355"
"315","363377","20220921080000","316","0","桃園市","龍潭區","121.180","24.870","293"
"818","363380","20220921080000","825","0","桃園市","龍潭區","121.195","24.870","782"
"536","363388","20220921080000","461","1","桃園市","龍潭區","121.185","24.880","539"
"2866","363392","20220921080000","2087","2","桃園市","龍潭區","121.185","24.885","2916"
"76","363394","20220921080000","78","0","桃園市","龍潭區","121.180","24.885","78"
"326","363396","20220921080000","381","0","桃園市","龍潭區","121.190","24.885","308"
"171","363397","20220921080000","162","1","桃園市","龍潭區","121.190","24.890","156"
"4201","363481","20220921080000","3846","1","新竹市","東區","120.975","24.810","4205"
"3553","363482","20220921080000","3244","1","新竹市","東區","120.970","24.800","3541"
"1456","363483","20220921080000","1411","1","新竹市","東區","120.970","24.810","1370"
"828","363484","20220921080000","626","2","新竹市","東區","120.970","24.785","786"
"1615","363485","20220921080000","1014","3","新竹市","東區","120.975","24.785","1569"
"4782","363486","20220921080000","4169","1","新竹市","東區","120.965","24.795","4682"
"888","363502","20220921080000","892","0","桃園市","龍潭區","121.185","24.840","969"
"634","363507","20220921080000","627","1","桃園市","龍潭區","121.185","24.845","661"
"54","363511","20220921080000","51","1","桃園市","龍潭區","121.180","24.850","56"
"108","363514","20220921080000","158","0","桃園市","龍潭區","121.195","24.850","111"
"276","363523","20220921080000","250","1","桃園市","龍潭區","121.190","24.860","273"
"408","363528","20220921080000","430","0","桃園市","龍潭區","121.245","24.835","384"
"347","363532","20220921080000","265","2","桃園市","龍潭區","121.245","24.840","312"
"92","363536","20220921080000","63","2","桃園市","龍潭區","121.245","24.845","107"
"114","363557","20220921080000","99","1","桃園市","龍潭區","121.240","24.830","98"
"549","363560","20220921080000","448","2","桃園市","龍潭區","121.230","24.835","485"
"47","363589","20220921080000","30","3","桃園市","龍潭區","121.160","24.870","50"
"787","363593","20220921080000","648","2","桃園市","龍潭區","121.210","24.840","822"
"465","363597","20220921080000","340","2","桃園市","龍潭區","121.200","24.855","531"
"735","363599","20220921080000","784","0","桃園市","龍潭區","121.210","24.855","698"
"1117","363602","20220921080000","761","2","桃園市","龍潭區","121.225","24.845","1157"
"237","363603","20220921080000","504","0","桃園市","龍潭區","121.230","24.845","238"
"39","363605","20220921080000","37","1","桃園市","龍潭區","121.225","24.850","65"
"1102","363611","20220921080000","1202","0","桃園市","龍潭區","121.220","24.850","1259"
"1661","363613","20220921080000","1380","2","桃園市","龍潭區","121.215","24.865","1559"
"664","363614","20220921080000","745","0","桃園市","龍潭區","121.220","24.865","784"
"756","363615","20220921080000","632","1","桃園市","龍潭區","121.210","24.870","630"
"985","363616","20220921080000","882","1","桃園市","龍潭區","121.215","24.870","940"
"467","363620","20220921080000","400","1","桃園市","龍潭區","121.220","24.860","479"
"457","363625","20220921080000","502","0","桃園市","龍潭區","121.205","24.865","403"
"137","363626","20220921080000","127","1","桃園市","龍潭區","121.200","24.870","153"
"1173","363627","20220921080000","833","2","桃園市","龍潭區","121.205","24.870","1348"
"3205","363628","20220921080000","2708","1","新竹縣","竹北市","121.020","24.835","3149"
"1908","363629","20220921080000","1700","1","新竹縣","竹北市","121.025","24.835","1934"
"937","363630","20220921080000","1089","0","新竹縣","竹北市","121.010","24.835","891"
"335","363633","20220921080000","299","1","新竹市","東區","120.960","24.780","334"
"581","363634","20220921080000","513","1","新竹市","東區","120.965","24.780","595"
"1226","363637","20220921080000","1162","1","新竹市","東區","120.965","24.785","1258"
"3642","363639","20220921080000","3380","1","新竹市","東區","120.965","24.790","3633"
"2228","363641","20220921080000","3021","0","新竹市","東區","121.020","24.785","2193"
"534","363642","20220921080000","371","2","新竹縣","竹東鎮","121.025","24.785","561"
"1048","363644","20220921080000","1002","1","新竹縣","竹東鎮","121.035","24.775","1097"
"915","363646","20220921080000","635","2","新竹縣","竹東鎮","121.045","24.775","937"
"2954","363648","20220921080000","2797","1","新竹縣","竹東鎮","121.030","24.780","2924"
"270","363649","20220921080000","662","0","新竹縣","竹東鎮","121.035","24.780","267"
"190","363651","20220921080000","415","0","新竹縣","竹東鎮","121.045","24.780","184"
"915","363655","20220921080000","1173","0","桃園市","龍潭區","121.235","24.880","981"
"859","363658","20220921080000","812","1","桃園市","龍潭區","121.240","24.880","907"
"109","363661","20220921080000","81","2","桃園市","龍潭區","121.240","24.810","97"
"640","363663","20220921080000","615","1","桃園市","龍潭區","121.240","24.815","606"
"104","363664","20220921080000","55","3","桃園市","龍潭區","121.235","24.820","113"
"277","363667","20220921080000","258","1","桃園市","龍潭區","121.230","24.825","272"
"571","363668","20220921080000","488","1","桃園市","龍潭區","121.235","24.825","513"
"707","363676","20220921080000","612","1","桃園市","龍潭區","121.230","24.840","704"
"836","363677","20220921080000","1159","0","新竹縣","竹北市","121.005","24.845","825"
"1546","363682","20220921080000","1316","1","新竹縣","芎林鄉","121.080","24.780","1520"
"14","363685","20220921080000","116","0","新竹縣","芎林鄉","121.075","24.785","15"
"1146","363687","20220921080000","1057","1","新竹縣","芎林鄉","121.070","24.790","1114"
"834","363696","20220921080000","777","1","新竹縣","芎林鄉","121.060","24.795","794"
"706","363709","20220921080000","672","1","新竹縣","芎林鄉","121.090","24.775","748"
"15","363719","20220921080000","12","2","新竹縣","芎林鄉","121.110","24.785","11"
"38","363721","20220921080000","31","2","新竹縣","芎林鄉","121.085","24.780","27"
"60","363725","20220921080000","110","0","新竹縣","芎林鄉","121.100","24.780","71"
"222","363728","20220921080000","191","1","新竹縣","芎林鄉","121.100","24.785","203"
"1082","363737","20220921080000","923","1","新竹縣","竹北市","120.985","24.835","1141"
"525","363744","20220921080000","365","2","新竹縣","竹北市","120.975","24.840","553"
"654","363746","20220921080000","549","1","新竹縣","竹北市","120.955","24.840","613"
"404","363748","20220921080000","380","1","新竹縣","竹北市","120.965","24.840","402"
"44","363765","20220921080000","256","0","宜蘭縣","礁溪鄉","121.790","24.795","44"
"66","363769","20220921080000","145","0","宜蘭縣","礁溪鄉","121.780","24.800","75"
"205","363770","20220921080000","218","0","宜蘭縣","礁溪鄉","121.785","24.800","188"
"170","363777","20220921080000","183","0","宜蘭縣","礁溪鄉","121.790","24.810","187"
"17","363778","20220921080000","32","0","宜蘭縣","礁溪鄉","121.770","24.830","17"
"1052","363779","20220921080000","944","1","宜蘭縣","礁溪鄉","121.775","24.830","890"
"541","363783","20220921080000","468","1","宜蘭縣","礁溪鄉","121.780","24.835","573"
"319","363797","20220921080000","412","0","宜蘭縣","礁溪鄉","121.790","24.830","346"
"17","363798","20220921080000","33","0","宜蘭縣","礁溪鄉","121.785","24.835","18"
"1122","363803","20220921080000","771","2","桃園市","平鎮區","121.200","24.890","1190"
"1589","363805","20220921080000","1790","0","新竹市","北區","120.955","24.805","1600"
"468","363808","20220921080000","619","0","新竹市","北區","120.945","24.815","481"
"164","363811","20220921080000","78","3","新竹市","北區","120.955","24.785","150"
"2015","363814","20220921080000","1770","1","新竹市","北區","120.955","24.790","2152"
"656","363815","20220921080000","731","0","新竹市","香山區","120.950","24.795","653"
"1464","363816","20220921080000","1411","1","桃園市","大溪區","121.290","24.885","1347"
"2524","363817","20220921080000","2243","1","新竹縣","寶山鄉","120.990","24.775","2461"
"1932","363818","20220921080000","1494","2","新竹縣","寶山鄉","120.995","24.775","2079"
"3369","363819","20220921080000","3115","1","新竹縣","寶山鄉","121.000","24.775","3542"
"2374","363821","20220921080000","1906","2","新竹市","東區","120.995","24.780","2382"
"1688","363824","20220921080000","1111","3","新竹縣","竹北市","121.010","24.820","1682"
"2347","363825","20220921080000","2412","0","新竹縣","竹北市","121.015","24.820","2388"
"2541","363826","20220921080000","2065","2","新竹縣","竹北市","121.005","24.825","2496"
"3201","363827","20220921080000","2787","1","新竹縣","竹北市","121.010","24.825","3181"
"2110","363828","20220921080000","1769","1","新竹縣","竹北市","121.005","24.830","2096"
"839","363835","20220921080000","629","2","新竹縣","新埔鎮","121.050","24.835","1157"
"580","363837","20220921080000","628","0","新竹縣","新埔鎮","121.045","24.840","575"
"501","363839","20220921080000","26","3","新竹縣","新埔鎮","121.055","24.840","447"
"10","363850","20220921080000","12","0","新竹縣","新埔鎮","121.035","24.840","16"
"1004","363852","20220921080000","1058","0","新竹縣","新埔鎮","121.025","24.845","1060"
"399","363854","20220921080000","48","3","新竹縣","新埔鎮","121.035","24.845","378"
"81","363855","20220921080000","252","0","新竹縣","新埔鎮","121.040","24.845","66"
"30","363860","20220921080000","33","0","新竹縣","新埔鎮","121.030","24.850","33"
"28","363864","20220921080000","22","2","桃園市","龍潭區","121.210","24.875","25"
"1235","363865","20220921080000","1167","1","桃園市","龍潭區","121.205","24.880","1248"
"284","363866","20220921080000","270","1","新竹縣","竹北市","120.980","24.840","266"
"625","363870","20220921080000","648","0","新竹縣","竹北市","120.975","24.850","618"
"383","363871","20220921080000","321","1","新竹縣","竹北市","120.980","24.850","372"
"136","363872","20220921080000","269","0","新竹縣","竹東鎮","121.055","24.775","75"
"478","363877","20220921080000","449","1","新竹縣","竹東鎮","121.055","24.785","425"
"75","363882","20220921080000","66","1","宜蘭縣","礁溪鄉","121.745","24.800","71"
"230","363884","20220921080000","191","2","宜蘭縣","礁溪鄉","121.755","24.800","238"
"1189","363890","20220921080000","711","3","宜蘭縣","礁溪鄉","121.740","24.780","1175"
"135","363899","20220921080000","107","2","宜蘭縣","礁溪鄉","121.740","24.790","138"
"16","363932","20220921080000","27","0","新竹市","香山區","120.915","24.775","14"
"534","363936","20220921080000","579","0","新竹市","香山區","120.950","24.775","552"
"430","363940","20220921080000","381","1","新竹市","香山區","120.950","24.780","430"
"293","363941","20220921080000","417","0","新竹市","香山區","120.935","24.795","308"
"434","363948","20220921080000","429","1","新竹市","香山區","120.925","24.800","472"
"2606","363957","20220921080000","1819","2","新竹縣","竹北市","120.995","24.835","2754"
"957","363960","20220921080000","1284","0","新竹縣","竹北市","121.000","24.825","977"
"546","363961","20220921080000","482","1","新竹縣","竹北市","120.990","24.830","552"
"1258","363963","20220921080000","831","3","新竹縣","竹北市","121.000","24.830","1228"
"1926","363964","20220921080000","1882","1","新竹縣","竹北市","121.000","24.835","1893"
"606","363965","20220921080000","629","0","新竹縣","竹北市","121.005","24.835","638"
"597","363968","20220921080000","574","1","新竹縣","竹北市","120.970","24.835","611"
"3018","363976","20220921080000","2735","1","桃園市","龍潭區","121.215","24.860","3151"
"1034","363977","20220921080000","758","2","桃園市","龍潭區","121.210","24.865","1013"
"263","363980","20220921080000","180","2","新竹縣","新埔鎮","121.110","24.815","268"
"93","363983","20220921080000","57","3","新竹縣","新埔鎮","121.100","24.820","91"
"566","363985","20220921080000","461","2","新竹縣","新埔鎮","121.090","24.825","603"
"231","363989","20220921080000","237","0","新竹縣","關西鎮","121.110","24.825","211"
"2330","363994","20220921080000","2035","1","新竹市","北區","120.970","24.820","2408"
"2195","363995","20220921080000","2661","0","新竹市","北區","120.955","24.810","2097"
"2693","363996","20220921080000","2418","1","新竹市","北區","120.960","24.810","2700"
"726","363997","20220921080000","770","0","宜蘭縣","頭城鎮","121.825","24.860","746"
"30","364010","20220921080000","31","0","桃園市","大溪區","121.295","24.835","31"
"10","364011","20220921080000","10","1","桃園市","大溪區","121.300","24.835","10"
"43","364013","20220921080000","47","0","桃園市","大溪區","121.280","24.840","32"
"11","364014","20220921080000","18","0","桃園市","大溪區","121.285","24.840","10"
"698","364024","20220921080000","563","2","桃園市","大溪區","121.285","24.850","685"
"15","364043","20220921080000","21","0","桃園市","大溪區","121.305","24.860","17"
"237","364050","20220921080000","210","1","桃園市","大溪區","121.295","24.865","233"
"73","364052","20220921080000","74","0","桃園市","大溪區","121.305","24.865","75"
"220","364061","20220921080000","197","1","桃園市","大溪區","121.300","24.870","247"
"170","364068","20220921080000","163","1","桃園市","大溪區","121.300","24.875","166"
"45","364070","20220921080000","38","1","桃園市","大溪區","121.310","24.875","41"
"223","364110","20220921080000","263","0","桃園市","大溪區","121.270","24.840","183"
"608","364119","20220921080000","428","2","新竹縣","新豐鄉","121.005","24.885","595"
"607","364123","20220921080000","517","1","新竹縣","新豐鄉","121.005","24.890","593"
"384","364126","20220921080000","401","0","新竹縣","湖口鄉","121.020","24.890","420"
"143","364127","20220921080000","55","3","新竹縣","新豐鄉","120.995","24.875","128"
"340","364129","20220921080000","313","1","新竹縣","新豐鄉","120.990","24.880","315"
"205","364130","20220921080000","251","0","新竹縣","新豐鄉","120.990","24.885","224"
"1260","364132","20220921080000","1333","0","新竹縣","新豐鄉","120.990","24.890","1301"
"308","364139","20220921080000","332","0","新竹縣","湖口鄉","121.025","24.890","350"
"625","364141","20220921080000","618","1","新竹縣","湖口鄉","121.035","24.890","587"
"1029","364143","20220921080000","1133","0","新竹縣","湖口鄉","121.020","24.860","1018"
"348","364146","20220921080000","281","2","新竹縣","湖口鄉","121.015","24.865","356"
"730","364147","20220921080000","328","3","新竹縣","湖口鄉","121.020","24.865","730"
"1431","364148","20220921080000","1300","1","新竹縣","湖口鄉","121.025","24.865","1439"
"553","364149","20220921080000","631","0","新竹縣","湖口鄉","121.030","24.865","528"
"762","364163","20220921080000","708","1","新竹縣","湖口鄉","121.035","24.875","748"
"1208","364164","20220921080000","1456","0","新竹縣","湖口鄉","121.040","24.875","1194"
"377","364168","20220921080000","472","0","新竹縣","湖口鄉","121.035","24.880","411"
"414","364171","20220921080000","419","0","新竹縣","湖口鄉","121.050","24.880","415"
"16","364179","20220921080000","36","0","新竹縣","湖口鄉","121.065","24.875","11"
"44","364180","20220921080000","20","3","新竹縣","湖口鄉","121.070","24.875","44"
"229","364189","20220921080000","235","0","新竹縣","湖口鄉","121.075","24.880","225"
"190","364194","20220921080000","176","1","新竹縣","湖口鄉","121.070","24.885","181"
"306","364195","20220921080000","248","2","新竹縣","湖口鄉","121.075","24.885","329"
"770","364201","20220921080000","834","0","新竹縣","湖口鄉","121.055","24.880","795"
"331","364202","20220921080000","327","1","新竹縣","湖口鄉","121.060","24.880","302"
"403","364205","20220921080000","433","0","新竹縣","湖口鄉","121.050","24.885","387"
"63","364211","20220921080000","75","0","新竹縣","湖口鄉","121.105","24.880","66"
"462","364216","20220921080000","464","0","新竹縣","湖口鄉","121.090","24.885","456"
"220","364221","20220921080000","127","3","新竹縣","湖口鄉","121.095","24.885","229"
"96","364222","20220921080000","132","0","新竹縣","湖口鄉","121.100","24.885","124"
"640","364228","20220921080000","769","0","新竹縣","湖口鄉","121.110","24.890","750"
"252","364231","20220921080000","222","1","新竹縣","湖口鄉","121.085","24.885","265"
"500","364236","20220921080000","451","1","新竹縣","湖口鄉","121.080","24.890","521"
"356","364238","20220921080000","472","0","新竹縣","湖口鄉","121.090","24.890","417"
"3047","364239","20220921080000","3219","0","新竹縣","湖口鄉","121.015","24.870","3095"
"416","364240","20220921080000","525","0","新竹縣","湖口鄉","121.015","24.875","421"
"2149","364242","20220921080000","1765","2","新竹縣","湖口鄉","121.025","24.875","2150"
"844","364243","20220921080000","1064","0","新竹縣","湖口鄉","121.010","24.880","929"
"2994","364244","20220921080000","2489","2","新竹市","北區","120.965","24.805","2884"
"17","364290","20220921080000","22","0","新北市","新店區","121.510","24.890","21"
"23","364291","20220921080000","15","3","新北市","新店區","121.515","24.890","20"
"322","364296","20220921080000","457","0","桃園市","大溪區","121.265","24.885","306"
"491","364314","20220921080000","346","2","桃園市","大溪區","121.280","24.870","685"
"24","364340","20220921080000","30","0","桃園市","大溪區","121.285","24.820","24"
"13","364349","20220921080000","10","2","桃園市","大溪區","121.295","24.825","10"
"103","364352","20220921080000","102","1","桃園市","大溪區","121.310","24.825","99"
"13","364355","20220921080000","14","0","桃園市","大溪區","121.300","24.830","19"
"70","364359","20220921080000","47","2","桃園市","大溪區","121.305","24.830","66"
"582","364405","20220921080000","485","2","桃園市","大溪區","121.300","24.890","578"
"702","364409","20220921080000","519","2","新竹縣","湖口鄉","121.045","24.890","731"
"271","364410","20220921080000","209","2","新竹縣","湖口鄉","121.050","24.890","248"
"100","364419","20220921080000","128","0","新竹縣","湖口鄉","121.040","24.860","128"
"917","364424","20220921080000","849","1","新竹縣","湖口鄉","121.035","24.865","933"
"421","364429","20220921080000","298","2","新竹縣","湖口鄉","121.020","24.870","412"
"1056","364430","20220921080000","1563","0","新竹縣","湖口鄉","121.025","24.870","1063"
"1071","364431","20220921080000","1053","1","新竹縣","湖口鄉","121.030","24.870","1052"
"1274","364432","20220921080000","1633","0","新竹縣","湖口鄉","121.035","24.870","1372"
"1892","364436","20220921080000","1137","3","新竹縣","湖口鄉","121.030","24.875","1780"
"30","364448","20220921080000","28","1","新竹縣","新埔鎮","121.095","24.805","28"
"14","364450","20220921080000","10","2","新竹縣","新埔鎮","121.105","24.805","14"
"383","364453","20220921080000","387","0","新竹縣","新埔鎮","121.090","24.810","389"
"65","364455","20220921080000","47","2","新竹縣","新埔鎮","121.100","24.810","51"
"148","364470","20220921080000","80","3","新竹縣","新埔鎮","121.095","24.855","137"
"362","364480","20220921080000","539","0","新竹縣","新埔鎮","121.060","24.835","413"
"246","364482","20220921080000","171","2","新竹縣","新埔鎮","121.060","24.840","258"
"2176","364497","20220921080000","2163","1","新竹縣","新埔鎮","121.085","24.830","2103"
"102","364505","20220921080000","80","2","新竹縣","芎林鄉","121.085","24.790","134"
"104","364507","20220921080000","87","1","新竹縣","新埔鎮","121.085","24.795","93"
"130","364516","20220921080000","56","3","新竹縣","新埔鎮","121.080","24.810","109"
"186","364518","20220921080000","183","1","新竹縣","新埔鎮","121.080","24.815","200"
"512","364538","20220921080000","450","1","新竹縣","新埔鎮","121.120","24.840","529"
"593","364549","20220921080000","737","0","新竹縣","新埔鎮","121.060","24.820","628"
"276","364554","20220921080000","154","3","新竹縣","新埔鎮","121.055","24.825","274"
"53","364555","20220921080000","246","0","新竹縣","新埔鎮","121.060","24.825","43"
"765","364558","20220921080000","740","1","新竹縣","新埔鎮","121.040","24.830","796"
"2835","364561","20220921080000","2106","2","新竹縣","新埔鎮","121.030","24.835","2927"
"19","364571","20220921080000","39","0","新竹縣","新埔鎮","121.145","24.855","19"
"1261","364579","20220921080000","1138","1","新竹縣","新埔鎮","121.080","24.830","1230"
"109","364580","20220921080000","89","2","新竹縣","新埔鎮","121.075","24.830","102"
"385","364581","20220921080000","343","1","宜蘭縣","宜蘭市","121.760","24.770","382"
"400","364583","20220921080000","247","3","宜蘭縣","宜蘭市","121.770","24.770","399"
"99","364585","20220921080000","120","0","宜蘭縣","宜蘭市","121.765","24.770","119"
"178","364586","20220921080000","153","1","宜蘭縣","宜蘭市","121.760","24.775","179"
"374","364587","20220921080000","334","1","宜蘭縣","宜蘭市","121.760","24.780","385"
"78","364588","20220921080000","84","0","桃園市","平鎮區","121.185","24.890","59"
"425","364590","20220921080000","310","2","桃園市","大溪區","121.285","24.865","376"
"531","364594","20220921080000","424","2","桃園市","大溪區","121.285","24.875","519"
"953","364597","20220921080000","995","0","桃園市","大溪區","121.285","24.880","1016"
"778","364599","20220921080000","1052","0","桃園市","大溪區","121.295","24.880","774"
"1387","364601","20220921080000","1373","1","桃園市","大溪區","121.270","24.880","1230"
"13","364604","20220921080000","11","1","桃園市","楊梅區","121.175","24.885","13"
"229","364607","20220921080000","233","0","桃園市","楊梅區","121.180","24.890","222"
"309","364609","20220921080000","349","0","桃園市","龍潭區","121.235","24.875","318"
"529","364612","20220921080000","468","1","桃園市","龍潭區","121.220","24.870","494"
"733","364613","20220921080000","607","2","桃園市","龍潭區","121.225","24.870","769"
"562","364614","20220921080000","377","2","桃園市","龍潭區","121.205","24.885","523"
"258","364615","20220921080000","123","3","桃園市","龍潭區","121.205","24.890","316"
"1337","364616","20220921080000","1364","0","桃園市","龍潭區","121.210","24.885","1262"
"249","364618","20220921080000","261","0","新竹縣","竹北市","120.990","24.835","279"
"467","364620","20220921080000","452","1","新竹縣","竹北市","120.990","24.840","462"
"483","364623","20220921080000","532","0","新竹縣","竹北市","120.990","24.845","486"
"928","364629","20220921080000","1397","0","新竹縣","竹北市","121.045","24.795","898"
"1627","364631","20220921080000","1291","2","新竹縣","竹北市","121.040","24.800","1690"
"784","364632","20220921080000","528","2","新竹縣","竹北市","121.045","24.800","759"
"563","364633","20220921080000","646","0","新竹縣","竹北市","121.050","24.800","532"
"2150","364634","20220921080000","1949","1","新竹縣","竹北市","121.040","24.805","2435"
"727","364635","20220921080000","608","1","新竹縣","竹北市","121.045","24.805","725"
"1934","364637","20220921080000","1571","2","新竹縣","竹北市","121.020","24.810","1905"
"1850","364639","20220921080000","1683","1","新竹縣","竹北市","121.020","24.815","1808"
"1789","364640","20220921080000","2141","0","新竹縣","竹北市","121.025","24.815","1799"
"689","364641","20220921080000","446","3","新竹縣","竹北市","121.020","24.820","756"
"1813","364642","20220921080000","2765","0","新竹縣","竹北市","121.025","24.820","1868"
"1037","364648","20220921080000","895","1","新竹市","北區","120.925","24.840","989"
"682","364657","20220921080000","687","0","桃園市","龍潭區","121.210","24.890","682"
"58","364662","20220921080000","37","3","桃園市","復興區","121.325","24.775","59"
"14","364692","20220921080000","16","0","桃園市","復興區","121.335","24.790","21"
"111","364720","20220921080000","124","0","桃園市","復興區","121.345","24.805","109"
"222","364731","20220921080000","166","2","桃園市","復興區","121.350","24.815","199"
"89","364735","20220921080000","105","0","桃園市","復興區","121.350","24.820","94"
"103","364741","20220921080000","94","1","桃園市","復興區","121.370","24.825","111"
"113","364767","20220921080000","149","0","桃園市","復興區","121.375","24.800","121"
"27","364824","20220921080000","33","0","桃園市","復興區","121.375","24.785","26"
"21","364825","20220921080000","20","1","桃園市","復興區","121.380","24.785","24"
"43","364828","20220921080000","22","3","桃園市","復興區","121.395","24.785","33"
"15","364892","20220921080000","10","3","桃園市","復興區","121.275","24.790","15"
"126","364934","20220921080000","98","2","桃園市","復興區","121.305","24.800","98"
"43","364969","20220921080000","40","1","桃園市","復興區","121.400","24.805","19"
"17","364990","20220921080000","10","3","桃園市","復興區","121.375","24.815","17"
"44","365017","20220921080000","29","3","桃園市","復興區","121.390","24.825","39"
"118","365042","20220921080000","59","3","桃園市","復興區","121.385","24.835","87"
"224","365054","20220921080000","245","0","桃園市","楊梅區","121.155","24.880","204"
"104","365058","20220921080000","97","1","桃園市","楊梅區","121.155","24.885","81"
"415","365063","20220921080000","433","0","桃園市","楊梅區","121.150","24.885","370"
"184","365065","20220921080000","173","1","桃園市","楊梅區","121.160","24.885","185"
"30","365067","20220921080000","134","0","桃園市","楊梅區","121.150","24.890","39"
"667","365068","20220921080000","716","0","桃園市","楊梅區","121.155","24.890","673"
"1071","365070","20220921080000","613","3","桃園市","楊梅區","121.170","24.885","1062"
"2643","365073","20220921080000","2653","0","新竹市","北區","120.955","24.795","2606"
"256","365074","20220921080000","365","0","新竹市","香山區","120.955","24.780","264"
"1738","365075","20220921080000","1448","2","新竹市","香山區","120.945","24.790","1723"
"627","365076","20220921080000","473","2","新竹市","香山區","120.950","24.790","647"
"813","365079","20220921080000","861","0","新竹市","香山區","120.925","24.790","820"
"1874","365080","20220921080000","2015","0","新竹市","香山區","120.925","24.795","1880"
"992","365083","20220921080000","890","1","新竹市","香山區","120.940","24.775","1028"
"604","365086","20220921080000","440","2","新竹市","香山區","120.940","24.780","586"
"339","365089","20220921080000","236","2","新竹市","香山區","120.935","24.785","362"
"1908","365090","20220921080000","1237","3","新竹縣","竹北市","121.015","24.840","1921"
"4400","365091","20220921080000","4050","1","新竹縣","竹北市","121.010","24.840","4323"
"898","365092","20220921080000","794","1","桃園市","龍潭區","121.210","24.880","894"
"458","365093","20220921080000","386","1","桃園市","龍潭區","121.215","24.880","478"
"721","365094","20220921080000","606","1","桃園市","龍潭區","121.215","24.885","682"
"496","365099","20220921080000","597","0","桃園市","龍潭區","121.200","24.875","486"
"533","365102","20220921080000","539","0","桃園市","龍潭區","121.195","24.885","487"
"333","365105","20220921080000","286","1","桃園市","龍潭區","121.200","24.885","342"
"766","365121","20220921080000","677","1","桃園市","龍潭區","121.180","24.835","699"
"366","365122","20220921080000","464","0","桃園市","龍潭區","121.185","24.835","336"
"1116","365124","20220921080000","947","1","桃園市","龍潭區","121.195","24.835","917"
"743","365133","20220921080000","921","0","桃園市","龍潭區","121.200","24.850","669"
"627","365138","20220921080000","536","1","桃園市","龍潭區","121.210","24.810","578"
"139","365145","20220921080000","179","0","桃園市","龍潭區","121.205","24.820","150"
"293","365150","20220921080000","303","0","桃園市","龍潭區","121.205","24.825","224"
"126","365153","20220921080000","135","0","桃園市","龍潭區","121.220","24.825","126"
"1785","365158","20220921080000","1299","2","桃園市","龍潭區","121.205","24.835","730"
"52","365159","20220921080000","67","0","桃園市","龍潭區","121.210","24.835","52"
"790","365161","20220921080000","708","1","桃園市","龍潭區","121.205","24.840","789"
"313","365169","20220921080000","288","1","桃園市","龍潭區","121.230","24.885","313"
"1071","365173","20220921080000","1202","0","新竹市","北區","120.965","24.815","1062"
"1063","365174","20220921080000","1012","1","新竹市","北區","120.960","24.820","1054"
"1329","365175","20220921080000","1439","0","新竹市","北區","120.960","24.800","1277"
"2316","365176","20220921080000","2162","1","新竹市","東區","120.980","24.795","2304"
"1488","365177","20220921080000","1967","0","新竹市","東區","120.985","24.795","1608"
"22","365178","20220921080000","222","0","新竹市","東區","120.985","24.790","19"
"2081","365183","20220921080000","1395","2","新竹市","北區","120.975","24.820","2058"
"1182","365184","20220921080000","1142","1","新竹市","北區","120.975","24.825","1176"
"851","365185","20220921080000","602","2","新竹市","北區","120.980","24.825","831"
"1984","365210","20220921080000","2092","0","新竹市","東區","121.000","24.800","2097"
"1997","365211","20220921080000","2565","0","新竹市","東區","121.000","24.795","2731"
"1202","365212","20220921080000","955","2","新竹市","東區","121.025","24.780","1242"
"552","365213","20220921080000","619","0","桃園市","龍潭區","121.245","24.880","546"
"520","365219","20220921080000","656","0","桃園市","平鎮區","121.240","24.890","500"
"1260","365221","20220921080000","1119","1","新竹市","北區","120.930","24.835","1274"
"818","365222","20220921080000","750","1","新竹市","北區","120.935","24.835","796"
"3402","365223","20220921080000","2860","1","新竹市","北區","120.970","24.825","3355"
"3544","365224","20220921080000","3689","0","新竹市","東區","120.975","24.815","3752"
"3596","365225","20220921080000","3517","1","新竹市","東區","120.980","24.815","4033"
"1545","365226","20220921080000","946","3","新竹市","北區","120.965","24.825","1497"
"621","365227","20220921080000","452","2","新竹市","北區","120.965","24.830","644"
"187","365229","20220921080000","202","0","桃園市","楊梅區","121.140","24.885","179"
"236","365231","20220921080000","208","1","桃園市","楊梅區","121.135","24.885","222"
"657","365234","20220921080000","522","2","桃園市","楊梅區","121.135","24.890","562"
"271","365235","20220921080000","266","1","桃園市","楊梅區","121.140","24.890","259"
"565","365236","20220921080000","696","0","桃園市","楊梅區","121.145","24.890","589"
"748","365237","20220921080000","784","0","新竹市","北區","120.950","24.805","775"
"1208","365238","20220921080000","1028","1","新竹市","北區","120.940","24.840","1215"
"858","365240","20220921080000","838","1","新竹市","北區","120.930","24.840","801"
"770","365241","20220921080000","708","1","新竹市","北區","120.935","24.840","762"
"216","365243","20220921080000","189","1","新竹市","北區","120.925","24.845","191"
"741","365244","20220921080000","678","1","新竹市","北區","120.930","24.845","783"
"1473","365253","20220921080000","1513","0","新竹市","東區","120.965","24.800","1494"
"6420","365254","20220921080000","5407","1","新竹市","東區","121.005","24.795","6542"
"3379","365255","20220921080000","3121","1","新竹市","東區","121.010","24.795","3368"
"1401","365258","20220921080000","1581","0","新竹市","東區","121.015","24.795","1489"
"1075","365259","20220921080000","688","3","新竹市","東區","120.970","24.790","1050"
"935","365261","20220921080000","736","2","新竹市","北區","120.955","24.815","924"
"4929","365262","20220921080000","4554","1","新竹市","北區","120.960","24.815","4990"
"724","365264","20220921080000","797","0","新竹市","北區","120.955","24.825","719"
"3564","365265","20220921080000","3494","1","新竹市","東區","121.010","24.790","3593"
"518","365266","20220921080000","1011","0","新竹市","東區","120.970","24.795","543"
"1780","365267","20220921080000","1823","0","新竹市","東區","120.980","24.790","1787"
"2383","365268","20220921080000","2082","1","新竹市","東區","120.970","24.805","2335"
"691","365269","20220921080000","677","1","新竹市","北區","120.945","24.805","616"
"655","365270","20220921080000","964","0","新竹市","香山區","120.950","24.800","654"
"1941","365271","20220921080000","1815","1","新竹市","北區","120.955","24.800","1957"
"63","365292","20220921080000","92","0","桃園市","復興區","121.340","24.820","60"
"13","365296","20220921080000","44","0","桃園市","復興區","121.340","24.825","10"
"200","365304","20220921080000","177","1","桃園市","大溪區","121.330","24.835","194"
"101","365315","20220921080000","107","0","桃園市","復興區","121.350","24.835","104"
"1538","365322","20220921080000","1414","1","新竹市","東區","120.970","24.815","1493"
"3280","365323","20220921080000","2813","1","新竹市","北區","120.965","24.810","3283"
"3491","365324","20220921080000","2779","2","新竹市","東區","120.990","24.800","3507"
"125","365325","20220921080000","164","0","新竹市","東區","120.990","24.805","126"
"80","365326","20220921080000","96","0","新竹市","東區","120.995","24.805","78"
"1250","365327","20220921080000","1447","0","新竹市","東區","120.995","24.785","1410"
"834","365328","20220921080000","1140","0","新竹市","東區","121.000","24.780","111"
"267","365330","20220921080000","309","0","新竹市","東區","120.990","24.785","277"
"2109","365331","20220921080000","2192","0","新竹市","東區","121.000","24.790","2262"
"1523","365332","20220921080000","1467","1","新竹市","東區","121.000","24.785","1512"
"494","365334","20220921080000","634","0","新竹市","東區","120.990","24.795","540"
"2184","365335","20220921080000","2100","1","新竹市","東區","120.990","24.790","2168"
"1937","365336","20220921080000","2133","0","新竹市","東區","120.995","24.795","1983"
"2477","365337","20220921080000","2492","0","新竹市","東區","120.995","24.790","2396"
"676","365338","20220921080000","736","0","新竹市","北區","120.960","24.790","651"
"1306","365339","20220921080000","1237","1","新竹市","東區","120.980","24.800","1406"
"463","365340","20220921080000","509","0","新竹市","東區","120.990","24.810","452"
"1887","365341","20220921080000","1712","1","新竹市","東區","120.985","24.815","1827"
"1057","365346","20220921080000","1161","0","新竹市","東區","120.995","24.820","1014"
"15","365347","20220921080000","13","1","新竹市","東區","121.005","24.800","15"
"39","365352","20220921080000","296","0","新竹市","東區","121.015","24.805","37"
"302","365356","20220921080000","351","0","桃園市","楊梅區","121.130","24.885","262"
"111","365363","20220921080000","136","0","桃園市","楊梅區","121.125","24.890","115"
"206","365364","20220921080000","248","0","桃園市","楊梅區","121.130","24.890","173"
"92","367498","20220921080000","44","3","宜蘭縣","頭城鎮","121.880","24.910","46"
"30","369694","20220921080000","47","0","宜蘭縣","頭城鎮","121.895","24.940","35"
"17","369695","20220921080000","150","0","宜蘭縣","頭城鎮","121.900","24.940","18"
"476","373866","20220921080000","603","0","新北市","板橋區","121.435","24.985","476"
"2034","373867","20220921080000","3476","0","新北市","中和區","121.515","24.990","2231"
"36","373876","20220921080000","38","0","宜蘭縣","頭城鎮","121.850","24.895","49"
"218","373895","20220921080000","192","1","宜蘭縣","頭城鎮","121.890","24.940","204"
"77","373934","20220921080000","97","0","宜蘭縣","頭城鎮","121.900","24.945","71"
"18","373935","20220921080000","14","2","宜蘭縣","頭城鎮","121.900","24.950","19"
"33","373940","20220921080000","33","1","宜蘭縣","頭城鎮","121.915","24.950","33"
"122","373951","20220921080000","130","0","宜蘭縣","頭城鎮","121.920","24.960","135"
"198","373977","20220921080000","147","2","新北市","雙溪區","121.795","24.900","84"
"14","373986","20220921080000","21","0","宜蘭縣","頭城鎮","121.855","24.900","46"
"182","373991","20220921080000","230","0","宜蘭縣","頭城鎮","121.865","24.905","241"
"99","373993","20220921080000","63","3","宜蘭縣","頭城鎮","121.850","24.905","37"
"2137","374034","20220921080000","2777","0","新北市","中和區","121.525","24.990","2160"
"2506","374036","20220921080000","4836","0","新北市","土城區","121.465","24.985","2721"
"3059","374037","20220921080000","3165","0","新北市","土城區","121.470","24.990","3247"
"870","374042","20220921080000","989","0","新北市","土城區","121.470","24.975","887"
"1053","374045","20220921080000","1883","0","新北市","新店區","121.545","24.980","935"
"739","374046","20220921080000","733","1","新北市","中和區","121.480","24.965","762"
"33","374051","20220921080000","31","1","新北市","中和區","121.490","24.970","23"
"29","374054","20220921080000","26","1","新北市","中和區","121.495","24.975","40"
"341","374055","20220921080000","341","1","新北市","中和區","121.495","24.980","331"
"1205","374056","20220921080000","1512","0","新北市","中和區","121.505","24.985","1185"
"672","374067","20220921080000","609","1","新北市","三峽區","121.380","24.925","638"
"1687","374070","20220921080000","1647","1","新北市","三峽區","121.370","24.930","1786"
"376","374083","20220921080000","263","2","新北市","三峽區","121.405","24.905","392"
"48","374086","20220921080000","39","2","新北市","三峽區","121.380","24.910","54"
"62","374097","20220921080000","46","2","新北市","三峽區","121.350","24.895","65"
"66","374103","20220921080000","60","1","新北市","三峽區","121.350","24.900","64"
"203","374104","20220921080000","196","1","新北市","三峽區","121.355","24.900","175"
"91","374106","20220921080000","136","0","新北市","三峽區","121.365","24.900","101"
"267","374107","20220921080000","206","2","新北市","三峽區","121.360","24.905","262"
"308","374108","20220921080000","331","0","新北市","三峽區","121.365","24.905","310"
"808","374109","20220921080000","854","0","新北市","三峽區","121.365","24.910","840"
"176","374111","20220921080000","180","0","新北市","三峽區","121.365","24.920","207"
"37","374139","20220921080000","31","1","新北市","三峽區","121.465","24.915","39"
"57","374147","20220921080000","37","3","新北市","三峽區","121.455","24.920","74"
"23","374151","20220921080000","12","3","新北市","三峽區","121.475","24.920","19"
"105","374167","20220921080000","91","1","新北市","三峽區","121.445","24.925","111"
"177","374179","20220921080000","139","2","新北市","三峽區","121.455","24.930","192"
"38","374183","20220921080000","53","0","新北市","三峽區","121.445","24.935","42"
"2640","374196","20220921080000","2823","0","新北市","新店區","121.550","24.970","2436"
"456","374198","20220921080000","825","0","新北市","新店區","121.550","24.975","545"
"643","374199","20220921080000","762","0","新北市","土城區","121.455","24.990","649"
"1320","374200","20220921080000","1016","2","新北市","土城區","121.440","24.980","1412"
"292","374201","20220921080000","386","0","新北市","土城區","121.445","24.980","352"
"3562","374203","20220921080000","3372","1","新北市","中和區","121.495","24.990","3610"
"2000","374204","20220921080000","2086","0","新北市","中和區","121.510","24.985","2052"
"4287","374205","20220921080000","5073","0","新北市","新店區","121.545","24.975","4448"
"1361","374206","20220921080000","1425","0","新北市","新店區","121.550","24.980","1455"
"1655","374207","20220921080000","2327","0","新北市","中和區","121.505","24.980","1723"
"50","374212","20220921080000","34","2","新北市","中和區","121.485","24.980","32"
"367","374215","20220921080000","433","0","新北市","中和區","121.485","24.990","459"
"120","374216","20220921080000","99","2","新北市","中和區","121.500","24.970","105"
"118","374217","20220921080000","137","0","新北市","中和區","121.500","24.975","150"
"964","374219","20220921080000","509","3","新北市","新店區","121.510","24.975","1131"
"118","374220","20220921080000","118","1","新北市","中和區","121.500","24.980","141"
"3545","374221","20220921080000","3789","0","新北市","樹林區","121.375","24.945","3578"
"1116","374222","20220921080000","928","2","新北市","三峽區","121.370","24.925","996"
"811","374223","20220921080000","1437","0","新北市","三峽區","121.365","24.930","823"
"142","374240","20220921080000","89","3","新北市","三峽區","121.345","24.915","130"
"15","374252","20220921080000","158","0","新北市","三峽區","121.360","24.925","14"
"170","374255","20220921080000","135","2","新北市","三峽區","121.420","24.925","170"
"610","374266","20220921080000","416","2","新北市","中和區","121.500","24.985","684"
"230","374267","20220921080000","1452","0","新北市","中和區","121.500","24.990","237"
"5231","374268","20220921080000","5637","0","新北市","中和區","121.510","24.990","5511"
"2403","374272","20220921080000","2390","1","新北市","三峽區","121.370","24.935","2467"
"407","374277","20220921080000","419","0","新北市","三峽區","121.370","24.900","387"
"176","374283","20220921080000","171","1","新北市","三峽區","121.395","24.935","157"
"325","374286","20220921080000","395","0","新北市","三峽區","121.400","24.940","411"
"302","374288","20220921080000","333","0","新北市","三峽區","121.405","24.945","309"
"463","374295","20220921080000","400","1","新北市","三峽區","121.390","24.930","457"
"438","374297","20220921080000","356","2","新北市","三峽區","121.400","24.930","475"
"402","374300","20220921080000","293","2","新北市","三峽區","121.415","24.925","416"
"578","374302","20220921080000","477","2","新北市","三峽區","121.410","24.930","507"
"26","374321","20220921080000","20","2","新北市","三峽區","121.420","24.900","25"
"91","374335","20220921080000","56","3","新北市","三峽區","121.435","24.905","85"
"83","374343","20220921080000","83","1","新北市","三峽區","121.420","24.910","85"
"175","374363","20220921080000","102","3","新北市","三峽區","121.425","24.920","177"
"177","374371","20220921080000","142","2","新北市","三峽區","121.425","24.925","156"
"89","374390","20220921080000","332","0","新北市","三峽區","121.360","24.935","98"
"2588","374391","20220921080000","2507","1","新北市","三峽區","121.365","24.935","2704"
"996","374393","20220921080000","964","1","新北市","三峽區","121.375","24.935","847"
"474","374394","20220921080000","371","2","新北市","三峽區","121.380","24.935","478"
"1786","374396","20220921080000","1501","1","新北市","三峽區","121.380","24.940","1755"
"19","374399","20220921080000","19","1","新北市","三峽區","121.395","24.945","22"
"1846","374402","20220921080000","1590","1","新北市","三峽區","121.370","24.940","1700"
"1190","374403","20220921080000","1988","0","新北市","三峽區","121.375","24.940","1301"
"246","374405","20220921080000","263","0","新北市","三峽區","121.370","24.945","296"
"595","374408","20220921080000","443","2","新北市","三峽區","121.365","24.925","626"
"42","374410","20220921080000","36","1","新北市","三峽區","121.370","24.920","49"
"611","374412","20220921080000","639","0","新北市","三峽區","121.375","24.925","645"
"27","374414","20220921080000","26","1","新北市","三峽區","121.340","24.900","33"
"357","374418","20220921080000","347","1","新北市","三峽區","121.355","24.910","367"
"1484","374420","20220921080000","1568","0","新北市","三峽區","121.375","24.930","1480"
"482","374421","20220921080000","620","0","新北市","三峽區","121.385","24.930","605"
"2402","374422","20220921080000","3744","0","新北市","中和區","121.505","24.990","2428"
"488","374423","20220921080000","1965","0","新北市","土城區","121.455","24.985","535"
"1526","374424","20220921080000","1264","2","新北市","土城區","121.470","24.985","1689"
"342","374427","20220921080000","27","3","宜蘭縣","頭城鎮","121.870","24.910","370"
"44","374433","20220921080000","21","3","宜蘭縣","頭城鎮","121.880","24.920","32"
"25","374451","20220921080000","37","0","宜蘭縣","頭城鎮","121.885","24.935","28"
"2301","374458","20220921080000","3564","0","新北市","中和區","121.520","24.990","2553"
"2887","374459","20220921080000","2730","1","新北市","樹林區","121.415","24.980","2943"
"1625","374462","20220921080000","1578","1","新北市","樹林區","121.385","24.955","1404"
"40","374466","20220921080000","39","1","新北市","樹林區","121.380","24.970","36"
"79","374467","20220921080000","144","0","新北市","樹林區","121.385","24.970","80"
"84","374493","20220921080000","733","0","新北市","新店區","121.535","24.990","78"
"338","374494","20220921080000","259","2","新北市","新店區","121.530","24.955","345"
"158","374495","20220921080000","115","2","新北市","新店區","121.535","24.955","158"
"1316","374496","20220921080000","1227","1","新北市","新店區","121.535","24.960","1274"
"160","374498","20220921080000","344","0","新北市","新店區","121.520","24.970","156"
"1827","374500","20220921080000","2413","0","新北市","新店區","121.515","24.975","1928"
"1541","374512","20220921080000","1780","0","新北市","樹林區","121.420","24.990","1443"
"3712","374513","20220921080000","2848","2","新北市","中和區","121.510","24.980","3782"
"1165","374514","20220921080000","1116","1","新北市","土城區","121.460","24.975","1163"
"500","374515","20220921080000","532","0","新北市","新店區","121.520","24.980","510"
"882","374516","20220921080000","1284","0","新北市","新店區","121.520","24.985","895"
"157","374517","20220921080000","135","1","桃園市","大溪區","121.310","24.895","159"
"43","374520","20220921080000","41","1","桃園市","大溪區","121.330","24.895","37"
"10","374524","20220921080000","18","0","桃園市","大溪區","121.320","24.905","12"
"757","374548","20220921080000","601","2","桃園市","中壢區","121.240","24.940","745"
"118","374549","20220921080000","82","2","桃園市","中壢區","121.245","24.940","224"
"206","374550","20220921080000","177","1","桃園市","中壢區","121.235","24.945","197"
"776","374551","20220921080000","726","1","桃園市","中壢區","121.240","24.945","780"
"767","374552","20220921080000","836","0","桃園市","中壢區","121.240","24.980","788"
"579","374554","20220921080000","471","2","桃園市","中壢區","121.240","24.930","599"
"147","374555","20220921080000","283","0","桃園市","中壢區","121.245","24.930","169"
"626","374556","20220921080000","759","0","桃園市","中壢區","121.235","24.930","614"
"2118","374558","20220921080000","2069","1","桃園市","中壢區","121.250","24.930","2225"
"349","374560","20220921080000","372","0","桃園市","平鎮區","121.205","24.930","346"
"1432","374561","20220921080000","1288","1","桃園市","平鎮區","121.200","24.935","1366"
"96","374562","20220921080000","128","0","桃園市","平鎮區","121.205","24.935","94"
"917","374563","20220921080000","1118","0","桃園市","平鎮區","121.205","24.940","909"
"1572","374564","20220921080000","2125","0","桃園市","平鎮區","121.210","24.955","1625"
"1840","374565","20220921080000","1916","0","桃園市","平鎮區","121.205","24.955","1892"
"541","374566","20220921080000","638","0","桃園市","平鎮區","121.240","24.910","510"
"106","374575","20220921080000","82","2","桃園市","平鎮區","121.195","24.945","156"
"2043","374577","20220921080000","3117","0","桃園市","平鎮區","121.200","24.950","2248"
"1498","374578","20220921080000","1418","1","桃園市","平鎮區","121.200","24.955","1498"
"1502","374579","20220921080000","1492","1","桃園市","平鎮區","121.215","24.950","1532"
"295","374580","20220921080000","231","2","新北市","樹林區","121.365","24.950","349"
"430","374582","20220921080000","517","0","新北市","樹林區","121.375","24.950","539"
"561","374587","20220921080000","631","0","新竹縣","新豐鄉","120.980","24.910","594"
"119","374593","20220921080000","76","3","新竹縣","新豐鄉","120.985","24.915","103"
"444","374594","20220921080000","314","2","新竹縣","新豐鄉","120.970","24.920","430"
"1842","374598","20220921080000","2003","0","桃園市","中壢區","121.245","24.970","1803"
"1544","374599","20220921080000","1506","1","桃園市","中壢區","121.240","24.975","1523"
"1413","374600","20220921080000","940","3","桃園市","中壢區","121.250","24.980","1394"
"945","374601","20220921080000","1003","0","桃園市","中壢區","121.250","24.975","942"
"1739","374602","20220921080000","1730","1","桃園市","中壢區","121.260","24.975","1760"
"436","374603","20220921080000","698","0","桃園市","中壢區","121.210","24.960","477"
"1183","374604","20220921080000","1145","1","新北市","中和區","121.490","24.990","1227"
"290","374605","20220921080000","327","0","新北市","土城區","121.445","24.990","292"
"395","374606","20220921080000","321","2","新北市","新店區","121.545","24.960","367"
"2033","374607","20220921080000","2264","0","新北市","新店區","121.535","24.965","2014"
"2802","374608","20220921080000","2456","1","新北市","新店區","121.535","24.970","2735"
"1725","374609","20220921080000","1274","2","新北市","鶯歌區","121.350","24.955","1675"
"1597","374610","20220921080000","1534","1","新北市","鶯歌區","121.345","24.950","1602"
"359","374612","20220921080000","242","2","桃園市","龜山區","121.335","24.980","375"
"2196","374613","20220921080000","2034","1","新北市","鶯歌區","121.335","24.975","2134"
"1082","374614","20220921080000","1256","0","新北市","鶯歌區","121.340","24.940","1114"
"23","374617","20220921080000","199","0","新北市","鶯歌區","121.335","24.945","33"
"573","374618","20220921080000","578","0","新北市","鶯歌區","121.340","24.945","551"
"240","374620","20220921080000","218","1","新北市","鶯歌區","121.330","24.950","265"
"2740","374622","20220921080000","2403","1","新北市","鶯歌區","121.345","24.955","2804"
"135","374623","20220921080000","136","0","新北市","鶯歌區","121.365","24.955","141"
"443","374626","20220921080000","305","2","新北市","鶯歌區","121.370","24.960","378"
"327","374630","20220921080000","235","2","新北市","鶯歌區","121.375","24.965","241"
"354","374631","20220921080000","430","0","新北市","樹林區","121.380","24.965","478"
"108","374641","20220921080000","104","1","新北市","鶯歌區","121.355","24.975","93"
"2087","374648","20220921080000","1735","2","桃園市","中壢區","121.250","24.935","2132"
"102","374649","20220921080000","52","3","新竹縣","新豐鄉","120.980","24.895","82"
"1674","374654","20220921080000","1897","0","桃園市","中壢區","121.225","24.965","1774"
"223","374656","20220921080000","243","0","桃園市","大溪區","121.250","24.895","207"
"461","374659","20220921080000","419","1","桃園市","大溪區","121.265","24.895","395"
"255","374662","20220921080000","455","0","桃園市","大溪區","121.265","24.900","263"
"1074","374664","20220921080000","1254","0","桃園市","大溪區","121.260","24.905","1053"
"5359","374674","20220921080000","5575","0","新北市","新店區","121.535","24.985","5320"
"140","374675","20220921080000","176","0","新北市","新店區","121.540","24.985","142"
"60","374676","20220921080000","1097","0","新北市","新店區","121.505","24.945","67"
"929","374679","20220921080000","837","1","新北市","新店區","121.500","24.955","919"
"635","374680","20220921080000","584","1","新北市","新店區","121.505","24.955","671"
"69","374683","20220921080000","59","1","新北市","新店區","121.500","24.960","59"
"2676","374685","20220921080000","3211","0","新北市","新店區","121.510","24.960","2662"
"400","374692","20220921080000","524","0","新北市","中和區","121.490","24.980","314"
"986","374694","20220921080000","995","0","新北市","中和區","121.490","24.985","994"
"309","374695","20220921080000","293","1","新北市","中和區","121.495","24.985","302"
"33","374714","20220921080000","25","2","新北市","坪林區","121.735","24.950","18"
"137","374733","20220921080000","136","1","新北市","坪林區","121.700","24.960","128"
"115","374748","20220921080000","109","1","新北市","坪林區","121.725","24.960","106"
"34","374749","20220921080000","24","2","新北市","坪林區","121.705","24.965","26"
"158","374755","20220921080000","147","1","新北市","坪林區","121.705","24.935","159"
"73","374759","20220921080000","295","0","新北市","坪林區","121.710","24.940","68"
"402","374760","20220921080000","368","1","新北市","坪林區","121.720","24.940","404"
"128","374766","20220921080000","194","0","新北市","坪林區","121.700","24.950","93"
"18","374772","20220921080000","19","0","新北市","坪林區","121.710","24.890","11"
"37","374784","20220921080000","30","2","新北市","坪林區","121.700","24.905","34"
"23","374792","20220921080000","26","0","新北市","坪林區","121.700","24.915","27"
"33","374801","20220921080000","30","1","新北市","坪林區","121.700","24.920","29"
"189","374804","20220921080000","132","2","新北市","坪林區","121.695","24.925","161"
"188","374823","20220921080000","223","0","新北市","坪林區","121.715","24.925","213"
"26","374907","20220921080000","21","2","新北市","坪林區","121.785","24.955","14"
"34","374921","20220921080000","37","0","新北市","坪林區","121.730","24.965","25"
"14","374929","20220921080000","24","0","新北市","坪林區","121.770","24.965","11"
"11","374932","20220921080000","11","1","新北市","坪林區","121.785","24.965","13"
"16","374980","20220921080000","12","2","新北市","坪林區","121.730","24.895","15"
"69","375126","20220921080000","75","0","新北市","坪林區","121.680","24.930","81"
"86","375135","20220921080000","60","2","新北市","石碇區","121.665","24.940","57"
"1052","375152","20220921080000","1206","0","新北市","新店區","121.535","24.980","1088"
"398","375153","20220921080000","464","0","新北市","新店區","121.495","24.945","383"
"679","375154","20220921080000","476","2","新北市","新店區","121.495","24.950","698"
"1932","375155","20220921080000","3986","0","新北市","新店區","121.545","24.970","2050"
"470","375159","20220921080000","374","2","新北市","新店區","121.535","24.940","463"
"470","375160","20220921080000","229","3","新北市","新店區","121.540","24.940","413"
"2278","375167","20220921080000","1960","1","桃園市","八德區","121.295","24.960","2313"
"508","375168","20220921080000","493","1","桃園市","中壢區","121.205","24.965","438"
"17","375176","20220921080000","53","0","桃園市","中壢區","121.210","24.975","31"
"2562","375180","20220921080000","3236","0","桃園市","中壢區","121.255","24.975","2518"
"1135","375181","20220921080000","1183","0","桃園市","平鎮區","121.220","24.950","1151"
"1482","375182","20220921080000","1204","2","桃園市","中壢區","121.225","24.945","1465"
"2811","375183","20220921080000","2604","1","桃園市","中壢區","121.230","24.955","2972"
"447","375185","20220921080000","495","0","桃園市","中壢區","121.220","24.985","431"
"2358","375190","20220921080000","2210","1","桃園市","八德區","121.300","24.960","2366"
"1489","375191","20220921080000","1353","1","新竹縣","湖口鄉","121.050","24.905","1413"
"535","375194","20220921080000","543","0","新竹縣","湖口鄉","121.055","24.910","552"
"327","375195","20220921080000","379","0","新竹縣","湖口鄉","121.050","24.915","352"
"1400","375199","20220921080000","1431","0","桃園市","楊梅區","121.060","24.920","1516"
"289","375200","20220921080000","343","0","新竹縣","湖口鄉","121.055","24.925","303"
"1340","375202","20220921080000","1626","0","桃園市","八德區","121.295","24.965","1404"
"1727","375203","20220921080000","1749","0","桃園市","中壢區","121.225","24.955","1826"
"1518","375204","20220921080000","1548","0","桃園市","中壢區","121.225","24.960","1508"
"1284","375206","20220921080000","1756","0","桃園市","中壢區","121.260","24.965","1315"
"1083","375207","20220921080000","941","1","桃園市","八德區","121.300","24.970","1059"
"2911","375208","20220921080000","2411","2","桃園市","桃園區","121.305","24.975","2807"
"1536","375209","20220921080000","1353","1","桃園市","八德區","121.300","24.975","1479"
"23","375211","20220921080000","33","0","桃園市","八德區","121.315","24.940","62"
"374","375215","20220921080000","335","1","桃園市","八德區","121.300","24.925","400"
"1263","375216","20220921080000","993","2","新北市","土城區","121.450","24.990","1317"
"1565","375217","20220921080000","1856","0","新北市","土城區","121.440","24.975","1546"
"1874","375218","20220921080000","1785","1","新北市","土城區","121.465","24.975","1928"
"1606","375220","20220921080000","1518","1","新北市","新店區","121.540","24.970","1437"
"225","375229","20220921080000","228","0","新北市","新店區","121.475","24.940","185"
"29","375230","20220921080000","493","0","新北市","新店區","121.480","24.940","28"
"195","375239","20220921080000","272","0","新北市","新店區","121.485","24.950","224"
"1114","375244","20220921080000","1290","0","新北市","新店區","121.510","24.970","1176"
"1057","375246","20220921080000","1299","0","新北市","新店區","121.515","24.970","1062"
"1283","375247","20220921080000","1962","0","桃園市","中壢區","121.210","24.965","1254"
"1777","375250","20220921080000","1588","1","桃園市","中壢區","121.235","24.970","1787"
"699","375252","20220921080000","647","1","桃園市","中壢區","121.235","24.975","638"
"490","375253","20220921080000","1385","0","桃園市","中壢區","121.235","24.980","394"
"80","375255","20220921080000","339","0","桃園市","中壢區","121.235","24.985","93"
"1302","375256","20220921080000","1361","0","桃園市","中壢區","121.230","24.990","1377"
"1732","375258","20220921080000","1451","1","桃園市","八德區","121.295","24.945","1802"
"367","375259","20220921080000","366","1","桃園市","八德區","121.295","24.950","373"
"1149","375260","20220921080000","830","2","桃園市","八德區","121.275","24.965","1157"
"619","375261","20220921080000","566","1","桃園市","八德區","121.280","24.970","635"
"1391","375264","20220921080000","1738","0","桃園市","中壢區","121.195","24.960","1301"
"65","375265","20220921080000","173","0","桃園市","中壢區","121.200","24.960","77"
"3377","375266","20220921080000","3316","1","桃園市","平鎮區","121.190","24.965","3333"
"950","375269","20220921080000","1025","0","桃園市","平鎮區","121.190","24.970","949"
"3349","375271","20220921080000","2353","2","桃園市","中壢區","121.205","24.960","3320"
"1878","375272","20220921080000","1682","1","桃園市","中壢區","121.260","24.950","1846"
"2015","375273","20220921080000","1499","2","桃園市","中壢區","121.260","24.955","2206"
"582","375274","20220921080000","546","1","桃園市","八德區","121.290","24.960","565"
"1001","375275","20220921080000","909","1","桃園市","八德區","121.265","24.970","963"
"581","375276","20220921080000","704","0","桃園市","八德區","121.275","24.970","516"
"1167","375278","20220921080000","1190","0","桃園市","八德區","121.270","24.970","1142"
"1239","375279","20220921080000","1130","1","桃園市","八德區","121.275","24.975","1228"
"1314","375281","20220921080000","1194","1","桃園市","八德區","121.295","24.925","1319"
"298","375296","20220921080000","254","1","新竹縣","新豐鄉","121.005","24.925","301"
"213","375299","20220921080000","274","0","新竹縣","新豐鄉","121.020","24.925","221"
"214","375303","20220921080000","189","1","新竹縣","新豐鄉","120.965","24.895","211"
"229","375308","20220921080000","191","1","新竹縣","新豐鄉","120.970","24.900","252"
"1654","375316","20220921080000","2092","0","新北市","土城區","121.420","24.960","1621"
"492","375317","20220921080000","594","0","新北市","土城區","121.410","24.955","478"
"1237","375318","20220921080000","1057","1","新北市","土城區","121.415","24.955","1239"
"203","375319","20220921080000","181","1","新北市","新店區","121.515","24.980","188"
"188","375320","20220921080000","79","3","新北市","新店區","121.515","24.945","173"
"336","375321","20220921080000","413","0","新北市","新店區","121.520","24.945","346"
"49","375323","20220921080000","59","0","新北市","新店區","121.520","24.950","47"
"76","375324","20220921080000","33","3","新北市","新店區","121.525","24.950","71"
"328","375325","20220921080000","470","0","新北市","新店區","121.515","24.955","349"
"1588","375326","20220921080000","679","3","新北市","新店區","121.520","24.955","1572"
"278","375330","20220921080000","287","0","新北市","新店區","121.530","24.960","277"
"712","375332","20220921080000","833","0","新北市","新店區","121.525","24.965","692"
"15","375333","20220921080000","700","0","新北市","新店區","121.520","24.965","15"
"1991","375335","20220921080000","2505","0","新北市","新店區","121.540","24.975","1976"
"834","375346","20220921080000","952","0","新北市","新店區","121.505","24.920","876"
"540","375357","20220921080000","591","0","新北市","新店區","121.510","24.925","542"
"34","375361","20220921080000","19","3","新北市","新店區","121.530","24.925","31"
"3848","375369","20220921080000","4912","0","新北市","新店區","121.540","24.980","3964"
"899","375370","20220921080000","1062","0","新北市","新店區","121.530","24.950","926"
"1455","375371","20220921080000","1131","2","新北市","新店區","121.550","24.955","1374"
"101","375372","20220921080000","313","0","新北市","新店區","121.555","24.955","107"
"502","375374","20220921080000","457","1","新北市","新店區","121.555","24.965","528"
"41","375384","20220921080000","84","0","新北市","新店區","121.500","24.920","54"
"126","375390","20220921080000","75","3","新北市","新店區","121.505","24.930","135"
"26","375394","20220921080000","29","0","新北市","新店區","121.510","24.935","28"
"516","375399","20220921080000","449","1","新北市","新店區","121.505","24.940","451"
"1373","375400","20220921080000","1177","1","桃園市","八德區","121.320","24.960","1327"
"1295","375401","20220921080000","1177","1","桃園市","八德區","121.325","24.970","1407"
"751","375402","20220921080000","622","2","桃園市","八德區","121.300","24.930","756"
"475","375403","20220921080000","568","0","桃園市","八德區","121.305","24.930","613"
"111","375404","20220921080000","120","0","桃園市","八德區","121.300","24.935","114"
"830","375405","20220921080000","892","0","桃園市","八德區","121.305","24.935","713"
"144","375407","20220921080000","195","0","桃園市","八德區","121.300","24.940","127"
"554","375408","20220921080000","476","1","桃園市","八德區","121.305","24.940","501"
"834","375410","20220921080000","747","1","桃園市","八德區","121.255","24.920","652"
"433","375417","20220921080000","447","0","桃園市","八德區","121.260","24.925","392"
"1236","375419","20220921080000","959","2","桃園市","八德區","121.270","24.975","1349"
"3476","375420","20220921080000","3864","0","桃園市","中壢區","121.240","24.955","3382"
"1288","375421","20220921080000","1980","0","桃園市","中壢區","121.240","24.960","1257"
"952","375422","20220921080000","1244","0","桃園市","中壢區","121.245","24.960","1006"
"102","375423","20220921080000","71","2","桃園市","中壢區","121.245","24.965","109"
"1748","375427","20220921080000","1241","2","桃園市","中壢區","121.255","24.960","1838"
"142","375435","20220921080000","166","0","新竹縣","新豐鄉","121.005","24.930","142"
"169","375452","20220921080000","172","0","新竹縣","新豐鄉","121.000","24.905","173"
"366","375460","20220921080000","401","0","新竹縣","新豐鄉","121.010","24.910","383"
"376","375465","20220921080000","311","2","新竹縣","新豐鄉","121.025","24.915","365"
"362","375468","20220921080000","250","2","新竹縣","新豐鄉","121.035","24.930","357"
"1315","375480","20220921080000","1364","0","新竹縣","新豐鄉","120.985","24.900","1294"
"1009","375481","20220921080000","623","3","新竹縣","新豐鄉","120.990","24.900","969"
"333","375484","20220921080000","1309","0","桃園市","中壢區","121.235","24.950","311"
"2637","375485","20220921080000","2373","1","新北市","土城區","121.445","24.970","2815"
"1072","375486","20220921080000","1119","0","新北市","土城區","121.445","24.975","1214"
"2884","375487","20220921080000","2882","1","新北市","新店區","121.530","24.970","2767"
"1606","375488","20220921080000","1528","1","新北市","新店區","121.525","24.975","1562"
"969","375489","20220921080000","992","0","新北市","新店區","121.530","24.975","996"
"151","375490","20220921080000","105","2","新北市","新店區","121.525","24.980","150"
"1760","375492","20220921080000","1513","1","新北市","土城區","121.435","24.970","1794"
"2677","375493","20220921080000","3413","0","新北市","新店區","121.545","24.965","2719"
"3982","375495","20220921080000","5341","0","新北市","新店區","121.535","24.975","3730"
"438","375515","20220921080000","341","2","新北市","新店區","121.555","24.930","390"
"85","375517","20220921080000","50","3","新北市","新店區","121.565","24.930","59"
"629","375521","20220921080000","556","1","新北市","新店區","121.550","24.935","585"
"930","375529","20220921080000","1154","0","新北市","新店區","121.530","24.965","997"
"612","375530","20220921080000","1516","0","新北市","新店區","121.475","24.955","574"
"827","375534","20220921080000","898","0","新北市","中和區","121.485","24.965","777"
"1133","375536","20220921080000","1057","1","桃園市","中壢區","121.245","24.935","1101"
"1564","375537","20220921080000","1427","1","桃園市","中壢區","121.260","24.970","1491"
"469","375539","20220921080000","587","0","桃園市","中壢區","121.255","24.935","491"
"715","375540","20220921080000","755","0","桃園市","中壢區","121.260","24.935","778"
"824","375541","20220921080000","1228","0","桃園市","中壢區","121.250","24.940","837"
"601","375542","20220921080000","583","1","桃園市","中壢區","121.260","24.940","548"
"1899","375543","20220921080000","1848","1","桃園市","中壢區","121.240","24.950","1903"
"397","375544","20220921080000","402","0","桃園市","中壢區","121.245","24.950","399"
"908","375548","20220921080000","681","2","桃園市","觀音區","121.150","24.965","884"
"359","375551","20220921080000","303","1","桃園市","觀音區","121.140","24.975","357"
"152","375559","20220921080000","155","0","桃園市","觀音區","121.135","24.985","147"
"980","375569","20220921080000","912","1","桃園市","觀音區","121.165","24.990","923"
"572","375572","20220921080000","625","0","桃園市","八德區","121.320","24.945","473"
"339","375574","20220921080000","406","0","桃園市","八德區","121.315","24.950","344"
"757","375577","20220921080000","1058","0","桃園市","八德區","121.315","24.955","700"
"892","375578","20220921080000","920","0","桃園市","八德區","121.295","24.970","902"
"406","375581","20220921080000","302","2","桃園市","蘆竹區","121.270","24.990","500"
"178","375593","20220921080000","235","0","新北市","石碇區","121.675","24.970","185"
"21","375644","20220921080000","23","0","新北市","石碇區","121.635","24.950","21"
"43","375652","20220921080000","43","1","新北市","石碇區","121.635","24.955","42"
"39","375653","20220921080000","31","2","新北市","石碇區","121.640","24.955","36"
"102","375655","20220921080000","98","1","新北市","石碇區","121.650","24.955","101"
"128","375667","20220921080000","128","1","新北市","石碇區","121.630","24.965","128"
"15","375811","20220921080000","14","1","新北市","石碇區","121.645","24.930","17"
"13","375836","20220921080000","13","1","新北市","石碇區","121.660","24.950","17"
"58","375839","20220921080000","58","1","新北市","石碇區","121.670","24.980","46"
"54","375840","20220921080000","26","3","新北市","石碇區","121.675","24.980","83"
"56","375891","20220921080000","46","2","新北市","石碇區","121.660","24.975","49"
"80","375897","20220921080000","93","0","新北市","石碇區","121.665","24.980","57"
"29","375941","20220921080000","28","1","新北市","貢寮區","121.885","24.985","19"
"1044","375963","20220921080000","960","1","新北市","土城區","121.435","24.975","931"
"1425","375967","20220921080000","1309","1","新北市","土城區","121.440","24.970","1357"
"505","375969","20220921080000","489","1","新北市","土城區","121.455","24.970","472"
"253","375970","20220921080000","208","2","新北市","新店區","121.550","24.960","269"
"528","375971","20220921080000","526","1","新北市","新店區","121.550","24.965","569"
"44","375972","20220921080000","46","0","新北市","新店區","121.580","24.910","61"
"155","375990","20220921080000","186","0","新北市","新店區","121.570","24.930","161"
"57","375994","20220921080000","54","1","新北市","新店區","121.590","24.930","58"
"18","376005","20220921080000","13","2","新北市","新店區","121.570","24.940","14"
"145","376023","20220921080000","121","1","新北市","新店區","121.580","24.950","116"
"58","376024","20220921080000","43","2","新北市","新店區","121.585","24.950","50"
"16","376031","20220921080000","11","2","新北市","新店區","121.595","24.955","17"
"26","376033","20220921080000","20","2","新北市","新店區","121.605","24.955","21"
"202","376045","20220921080000","239","0","新北市","新店區","121.500","24.935","195"
"46","376049","20220921080000","54","0","新北市","新店區","121.500","24.940","50"
"1880","376051","20220921080000","1994","0","新北市","新店區","121.490","24.945","1902"
"338","376052","20220921080000","417","0","新北市","新店區","121.490","24.950","366"
"563","376060","20220921080000","535","1","新北市","新店區","121.545","24.955","564"
"894","376063","20220921080000","913","0","新北市","新店區","121.560","24.955","932"
"1087","376064","20220921080000","948","1","新北市","新店區","121.565","24.955","1097"
"61","376065","20220921080000","59","1","新北市","新店區","121.570","24.955","59"
"11","376068","20220921080000","69","0","新北市","新店區","121.560","24.960","11"
"13","376072","20220921080000","76","0","新北市","新店區","121.580","24.960","12"
"18","376099","20220921080000","272","0","新北市","新店區","121.555","24.905","15"
"431","376101","20220921080000","425","1","新北市","新店區","121.545","24.910","420"
"698","376106","20220921080000","586","1","桃園市","觀音區","121.155","24.975","726"
"345","376109","20220921080000","320","1","桃園市","觀音區","121.150","24.980","333"
"251","376115","20220921080000","251","1","桃園市","觀音區","121.135","24.990","309"
"2322","376118","20220921080000","3496","0","新北市","新店區","121.515","24.985","2327"
"492","376123","20220921080000","528","0","新北市","土城區","121.445","24.950","471"
"365","376130","20220921080000","342","1","新北市","土城區","121.440","24.965","467"
"408","376131","20220921080000","525","0","新北市","土城區","121.430","24.970","437"
"1313","376132","20220921080000","1262","1","新北市","土城區","121.435","24.965","1310"
"396","376133","20220921080000","476","0","新北市","板橋區","121.430","24.975","424"
"1804","376134","20220921080000","2472","0","臺北市","文山區","121.545","24.985","1802"
"394","376135","20220921080000","548","0","新北市","新店區","121.510","24.950","411"
"1213","376136","20220921080000","1269","0","新北市","新店區","121.515","24.960","1245"
"105","376137","20220921080000","1712","0","新北市","新店區","121.515","24.965","85"
"1932","376141","20220921080000","2164","0","桃園市","八德區","121.320","24.965","1944"
"755","376145","20220921080000","589","2","新竹縣","湖口鄉","121.060","24.895","730"
"162","376148","20220921080000","1070","0","新北市","土城區","121.455","24.980","155"
"344","376149","20220921080000","1132","0","新北市","土城區","121.450","24.980","331"
"179","376150","20220921080000","817","0","新北市","新店區","121.540","24.955","172"
"207","376151","20220921080000","601","0","桃園市","中壢區","121.255","24.940","203"
"945","376153","20220921080000","1090","0","桃園市","中壢區","121.250","24.965","988"
"1649","376154","20220921080000","1871","0","桃園市","中壢區","121.255","24.965","1629"
"2392","376155","20220921080000","4204","0","桃園市","中壢區","121.250","24.970","2363"
"76","376156","20220921080000","106","0","桃園市","八德區","121.320","24.955","87"
"205","376157","20220921080000","474","0","桃園市","八德區","121.325","24.955","210"
"794","376160","20220921080000","716","1","桃園市","八德區","121.325","24.965","806"
"3331","376161","20220921080000","2909","1","桃園市","桃園區","121.280","24.990","3289"
"103","376176","20220921080000","135","0","新北市","樹林區","121.405","24.990","115"
"768","376178","20220921080000","475","3","桃園市","平鎮區","121.205","24.895","793"
"368","376179","20220921080000","440","0","桃園市","平鎮區","121.195","24.895","360"
"1208","376180","20220921080000","1455","0","桃園市","平鎮區","121.200","24.895","1238"
"970","376181","20220921080000","762","2","桃園市","平鎮區","121.195","24.900","927"
"370","376183","20220921080000","191","3","桃園市","平鎮區","121.205","24.900","389"
"449","376184","20220921080000","406","1","桃園市","平鎮區","121.195","24.905","426"
"506","376185","20220921080000","606","0","桃園市","平鎮區","121.200","24.905","474"
"163","376189","20220921080000","134","2","桃園市","平鎮區","121.215","24.900","157"
"381","376192","20220921080000","387","0","桃園市","平鎮區","121.215","24.905","323"
"2033","376194","20220921080000","1879","1","桃園市","桃園區","121.315","24.985","2171"
"984","376195","20220921080000","981","1","桃園市","中壢區","121.245","24.945","990"
"674","376196","20220921080000","614","1","桃園市","中壢區","121.250","24.945","633"
"297","376199","20220921080000","214","2","新北市","石碇區","121.660","24.990","280"
"62","376200","20220921080000","36","3","新北市","石碇區","121.685","24.960","65"
"49","376205","20220921080000","54","0","新北市","石碇區","121.680","24.970","44"
"272","376222","20220921080000","266","1","新北市","石碇區","121.690","24.980","241"
"228","376245","20220921080000","472","0","新北市","鶯歌區","121.340","24.960","199"
"223","376246","20220921080000","231","0","新北市","鶯歌區","121.340","24.965","228"
"161","376248","20220921080000","190","0","新北市","鶯歌區","121.340","24.970","185"
"531","376251","20220921080000","489","1","新北市","鶯歌區","121.345","24.975","480"
"329","376258","20220921080000","271","2","新北市","鶯歌區","121.320","24.935","290"
"906","376259","20220921080000","811","1","新北市","鶯歌區","121.325","24.935","764"
"434","376260","20220921080000","685","0","新北市","鶯歌區","121.330","24.935","450"
"502","376263","20220921080000","502","1","新北市","鶯歌區","121.330","24.940","494"
"296","376265","20220921080000","282","1","新北市","鶯歌區","121.335","24.930","298"
"645","376268","20220921080000","630","1","新北市","鶯歌區","121.345","24.935","607"
"2414","376269","20220921080000","2140","1","新北市","鶯歌區","121.355","24.955","2359"
"798","376270","20220921080000","649","2","新北市","鶯歌區","121.360","24.955","735"
"645","376273","20220921080000","676","0","新北市","鶯歌區","121.355","24.940","870"
"368","376274","20220921080000","339","1","新北市","鶯歌區","121.350","24.945","343"
"406","376277","20220921080000","422","0","新北市","鶯歌區","121.350","24.950","363"
"1559","376280","20220921080000","1675","0","新北市","樹林區","121.395","24.970","1469"
"1440","376281","20220921080000","1725","0","桃園市","楊梅區","121.185","24.915","1252"
"913","376282","20220921080000","996","0","桃園市","楊梅區","121.180","24.920","887"
"489","376283","20220921080000","349","2","桃園市","楊梅區","121.185","24.920","524"
"417","376284","20220921080000","470","0","桃園市","中壢區","121.215","24.960","435"
"1163","376285","20220921080000","1881","0","桃園市","中壢區","121.215","24.965","1199"
"149","376287","20220921080000","86","3","桃園市","中壢區","121.175","24.975","275"
"167","376293","20220921080000","234","0","桃園市","中壢區","121.190","24.980","180"
"29","376295","20220921080000","35","0","桃園市","中壢區","121.175","24.980","34"
"1371","376297","20220921080000","1375","0","桃園市","中壢區","121.185","24.980","1373"
"229","376300","20220921080000","219","1","桃園市","中壢區","121.175","24.985","238"
"165","376301","20220921080000","171","0","桃園市","中壢區","121.180","24.985","174"
"1206","376307","20220921080000","935","2","桃園市","八德區","121.260","24.930","1292"
"1175","376308","20220921080000","1311","0","桃園市","平鎮區","121.220","24.945","1204"
"1500","376309","20220921080000","1632","0","桃園市","楊梅區","121.150","24.905","1434"
"454","376311","20220921080000","459","0","桃園市","平鎮區","121.220","24.920","460"
"502","376312","20220921080000","543","0","桃園市","平鎮區","121.220","24.925","532"
"961","376313","20220921080000","651","2","桃園市","平鎮區","121.205","24.915","965"
"1224","376315","20220921080000","1057","1","新北市","樹林區","121.390","24.960","1088"
"38","376320","20220921080000","60","0","新北市","樹林區","121.395","24.965","48"
"249","376325","20220921080000","269","0","新北市","樹林區","121.405","24.970","294"
"3484","376326","20220921080000","3724","0","新北市","樹林區","121.380","24.945","3407"
"721","376327","20220921080000","563","2","新北市","樹林區","121.385","24.945","667"
"2173","376330","20220921080000","1982","1","新北市","樹林區","121.380","24.950","2292"
"539","376331","20220921080000","609","0","新北市","樹林區","121.385","24.950","556"
"2972","376333","20220921080000","2269","2","新北市","樹林區","121.395","24.950","2376"
"481","376335","20220921080000","463","1","新北市","板橋區","121.435","24.990","441"
"4545","376337","20220921080000","4364","1","新北市","土城區","121.450","24.985","4490"
"1192","376338","20220921080000","1052","1","桃園市","中壢區","121.245","24.985","1497"
"1746","376341","20220921080000","2100","0","桃園市","中壢區","121.240","24.990","1730"
"522","376344","20220921080000","591","0","桃園市","中壢區","121.255","24.990","491"
"1317","376345","20220921080000","1269","1","桃園市","中壢區","121.255","24.980","1304"
"475","376347","20220921080000","518","0","桃園市","中壢區","121.260","24.945","445"
"364","376348","20220921080000","350","1","桃園市","中壢區","121.255","24.950","377"
"1111","376349","20220921080000","739","3","桃園市","中壢區","121.165","24.960","1214"
"435","376350","20220921080000","321","2","桃園市","中壢區","121.170","24.960","378"
"774","376351","20220921080000","652","1","桃園市","新屋區","121.155","24.960","784"
"26","376352","20220921080000","25","1","桃園市","中壢區","121.155","24.965","26"
"80","376353","20220921080000","652","0","桃園市","中壢區","121.160","24.965","63"
"1785","376361","20220921080000","1711","1","桃園市","中壢區","121.175","24.970","1844"
"1163","376370","20220921080000","1202","0","新北市","樹林區","121.420","24.980","1201"
"1032","376373","20220921080000","909","1","新北市","樹林區","121.420","24.975","1045"
"2961","376375","20220921080000","2565","1","新北市","板橋區","121.425","24.985","3122"
"2210","376380","20220921080000","2394","0","新北市","板橋區","121.430","24.985","2265"
"852","376381","20220921080000","841","1","桃園市","平鎮區","121.250","24.925","898"
"34","376385","20220921080000","46","0","桃園市","龜山區","121.350","24.985","34"
"413","376391","20220921080000","503","0","桃園市","龜山區","121.360","24.990","400"
"27","376392","20220921080000","15","3","桃園市","龜山區","121.365","24.990","34"
"90","376393","20220921080000","78","1","桃園市","龜山區","121.370","24.990","64"
"81","376400","20220921080000","256","0","桃園市","楊梅區","121.105","24.910","107"
"192","376403","20220921080000","182","1","桃園市","楊梅區","121.120","24.910","195"
"207","376407","20220921080000","237","0","桃園市","楊梅區","121.100","24.915","214"
"1129","376412","20220921080000","814","2","桃園市","楊梅區","121.125","24.915","1152"
"26","376419","20220921080000","177","0","新竹縣","湖口鄉","121.105","24.895","55"
"14","376422","20220921080000","73","0","桃園市","楊梅區","121.085","24.900","15"
"699","376427","20220921080000","570","2","桃園市","楊梅區","121.060","24.905","704"
"527","376431","20220921080000","447","1","桃園市","楊梅區","121.080","24.905","432"
"516","376438","20220921080000","407","2","桃園市","楊梅區","121.070","24.910","464"
"257","376440","20220921080000","197","2","桃園市","楊梅區","121.080","24.910","231"
"436","376443","20220921080000","430","1","桃園市","楊梅區","121.095","24.910","369"
"379","376447","20220921080000","367","1","桃園市","楊梅區","121.075","24.915","344"
"521","376456","20220921080000","631","0","桃園市","楊梅區","121.125","24.940","494"
"513","376457","20220921080000","251","3","桃園市","楊梅區","121.130","24.940","478"
"140","376471","20220921080000","221","0","新北市","深坑區","121.620","24.980","131"
"479","376485","20220921080000","609","0","新北市","樹林區","121.415","24.985","465"
"1858","376486","20220921080000","1694","1","新北市","樹林區","121.425","24.990","2023"
"1046","376487","20220921080000","946","1","桃園市","平鎮區","121.200","24.945","752"
"4282","376488","20220921080000","3375","2","桃園市","平鎮區","121.205","24.945","4229"
"1441","376490","20220921080000","1618","0","桃園市","平鎮區","121.210","24.950","1396"
"1178","376491","20220921080000","1238","0","桃園市","平鎮區","121.210","24.900","1176"
"1825","376492","20220921080000","1661","1","桃園市","平鎮區","121.210","24.905","1833"
"22","376500","20220921080000","28","0","新北市","土城區","121.445","24.940","25"
"147","376508","20220921080000","234","0","新北市","土城區","121.410","24.950","157"
"241","376509","20220921080000","288","0","新北市","土城區","121.415","24.950","268"
"2604","376510","20220921080000","2510","1","桃園市","中壢區","121.230","24.945","2784"
"2103","376511","20220921080000","2333","0","桃園市","中壢區","121.235","24.955","2110"
"44","376512","20220921080000","36","2","桃園市","中壢區","121.220","24.970","39"
"591","376514","20220921080000","692","0","桃園市","中壢區","121.220","24.975","616"
"833","376517","20220921080000","583","2","桃園市","中壢區","121.215","24.980","831"
"23","376518","20220921080000","143","0","桃園市","中壢區","121.220","24.980","29"
"2465","376521","20220921080000","2691","0","桃園市","中壢區","121.220","24.960","2461"
"276","376522","20220921080000","254","1","新竹縣","新豐鄉","121.000","24.895","279"
"97","376524","20220921080000","76","2","新竹縣","新豐鄉","121.010","24.895","124"
"765","376531","20220921080000","660","1","桃園市","平鎮區","121.255","24.925","752"
"773","376532","20220921080000","757","1","新北市","樹林區","121.415","24.975","750"
"316","376533","20220921080000","492","0","新北市","樹林區","121.400","24.970","336"
"2233","376539","20220921080000","1804","2","新北市","樹林區","121.420","24.985","2323"
"2899","376540","20220921080000","2537","1","新北市","土城區","121.460","24.980","3049"
"1278","376541","20220921080000","1762","0","新北市","土城區","121.460","24.985","1369"
"2186","376542","20220921080000","2547","0","新北市","板橋區","121.430","24.990","1962"
"29","376544","20220921080000","26","1","新北市","平溪區","121.725","24.975","20"
"4639","376577","20220921080000","3884","1","新北市","板橋區","121.460","24.990","4501"
"532","376578","20220921080000","1020","0","新北市","土城區","121.465","24.980","456"
"498","376584","20220921080000","729","0","新北市","土城區","121.425","24.960","524"
"559","376586","20220921080000","647","0","新北市","土城區","121.435","24.960","517"
"992","376587","20220921080000","1388","0","新北市","土城區","121.430","24.965","852"
"2674","376588","20220921080000","2016","2","桃園市","八德區","121.305","24.965","2617"
"1046","376589","20220921080000","632","3","桃園市","桃園區","121.295","24.975","1382"
"877","376592","20220921080000","880","0","桃園市","中壢區","121.230","24.940","919"
"1185","376594","20220921080000","993","1","桃園市","平鎮區","121.245","24.915","1181"
"1868","376595","20220921080000","1442","2","桃園市","八德區","121.295","24.955","1966"
"448","376607","20220921080000","430","1","新竹縣","新豐鄉","120.985","24.920","487"
"1118","376614","20220921080000","954","1","新竹縣","新豐鄉","120.990","24.930","1176"
"680","376622","20220921080000","583","1","桃園市","中壢區","121.230","24.970","670"
"713","376623","20220921080000","684","1","桃園市","中壢區","121.225","24.975","693"
"1156","376624","20220921080000","992","1","桃園市","中壢區","121.230","24.975","1134"
"1031","376627","20220921080000","1083","0","桃園市","中壢區","121.230","24.980","952"
"154","376628","20220921080000","119","2","新竹縣","湖口鄉","121.035","24.900","170"
"87","376629","20220921080000","114","0","新竹縣","湖口鄉","121.040","24.900","93"
"1091","376633","20220921080000","1001","1","新竹縣","湖口鄉","121.040","24.895","1129"
"706","376636","20220921080000","487","2","新竹縣","湖口鄉","121.040","24.915","684"
"40","376641","20220921080000","184","0","新竹縣","湖口鄉","121.040","24.925","30"
"235","376651","20220921080000","190","2","新竹縣","湖口鄉","121.045","24.935","289"
"1813","376653","20220921080000","1819","0","桃園市","中壢區","121.235","24.965","1727"
"81","376655","20220921080000","42","3","桃園市","中壢區","121.240","24.970","85"
"148","376656","20220921080000","636","0","桃園市","中壢區","121.255","24.930","153"
"512","376658","20220921080000","531","0","新竹縣","湖口鄉","121.065","24.895","544"
"484","376665","20220921080000","465","1","新北市","鶯歌區","121.355","24.950","398"
"608","376666","20220921080000","652","0","新北市","鶯歌區","121.335","24.955","615"
"2100","376667","20220921080000","2029","1","新北市","鶯歌區","121.330","24.960","2042"
"33","376668","20220921080000","172","0","新北市","鶯歌區","121.335","24.960","40"
"451","376670","20220921080000","403","1","新北市","鶯歌區","121.340","24.950","443"
"1191","376674","20220921080000","1034","1","新北市","鶯歌區","121.330","24.965","1231"
"1617","376675","20220921080000","1794","0","新北市","樹林區","121.425","24.980","1515"
"168","376679","20220921080000","132","2","新北市","樹林區","121.405","24.955","191"
"670","376680","20220921080000","568","1","新北市","樹林區","121.405","24.960","597"
"881","376682","20220921080000","727","2","新北市","樹林區","121.410","24.970","895"
"414","376685","20220921080000","382","1","新北市","樹林區","121.400","24.975","432"
"866","376686","20220921080000","514","3","新北市","樹林區","121.405","24.975","873"
"1262","376687","20220921080000","1543","0","新北市","樹林區","121.410","24.975","1273"
"80","376690","20220921080000","97","0","新北市","樹林區","121.400","24.980","87"
"1382","376699","20220921080000","1681","0","新北市","樹林區","121.410","24.980","1406"
"710","376700","20220921080000","845","0","新北市","樹林區","121.415","24.990","742"
"1358","376701","20220921080000","1045","2","新北市","新店區","121.500","24.945","1353"
"107","376703","20220921080000","104","1","新北市","新店區","121.565","24.905","100"
"442","376717","20220921080000","393","1","新北市","新店區","121.550","24.920","420"
"3558","376725","20220921080000","2450","2","新北市","新店區","121.540","24.960","3574"
"25","376752","20220921080000","17","2","新北市","新店區","121.535","24.905","21"
"17","376759","20220921080000","21","0","新北市","新店區","121.535","24.910","17"
"16","376761","20220921080000","20","0","新北市","新店區","121.520","24.915","16"
"62","376764","20220921080000","63","0","新北市","新店區","121.535","24.915","64"
"58","376766","20220921080000","46","2","新北市","新店區","121.545","24.915","55"
"2348","376768","20220921080000","2999","0","新北市","土城區","121.445","24.985","2549"
"1394","376769","20220921080000","1422","0","新北市","土城區","121.450","24.975","1472"
"548","376770","20220921080000","709","0","新北市","土城區","121.455","24.975","502"
"2301","376772","20220921080000","2409","0","新北市","土城區","121.415","24.960","2342"
"262","376774","20220921080000","1456","0","新北市","土城區","121.420","24.965","258"
"733","376775","20220921080000","1047","0","新北市","土城區","121.425","24.965","755"
"438","376777","20220921080000","547","0","新北市","土城區","121.425","24.970","472"
"184","376787","20220921080000","154","1","新北市","土城區","121.470","24.960","167"
"130","376788","20220921080000","105","2","新北市","土城區","121.455","24.965","109"
"11","376792","20220921080000","10","1","新北市","土城區","121.475","24.965","11"
"820","376796","20220921080000","916","0","新北市","土城區","121.460","24.970","860"
"4863","376798","20220921080000","4990","0","新北市","新店區","121.540","24.965","4857"
"18","376801","20220921080000","14","2","桃園市","大溪區","121.305","24.895","21"
"28","376808","20220921080000","149","0","桃園市","八德區","121.280","24.930","30"
"1182","376809","20220921080000","1215","0","桃園市","八德區","121.285","24.930","1226"
"455","376810","20220921080000","404","1","桃園市","八德區","121.280","24.935","440"
"680","376813","20220921080000","585","1","桃園市","八德區","121.270","24.930","690"
"37","376815","20220921080000","49","0","桃園市","八德區","121.270","24.935","41"
"1290","376823","20220921080000","956","2","桃園市","八德區","121.280","24.925","1320"
"1342","376824","20220921080000","1281","1","桃園市","八德區","121.285","24.925","1624"
"1920","376825","20220921080000","2129","0","桃園市","中壢區","121.220","24.955","1832"
"1701","376826","20220921080000","1932","0","桃園市","中壢區","121.230","24.965","1838"
"1496","376828","20220921080000","1334","1","桃園市","八德區","121.275","24.980","1512"
"365","376829","20220921080000","416","0","桃園市","八德區","121.280","24.980","366"
"1317","376831","20220921080000","1562","0","新竹縣","湖口鄉","121.050","24.900","1371"
"2587","376832","20220921080000","2613","0","新竹縣","湖口鄉","121.045","24.900","2669"
"86","376834","20220921080000","74","1","新竹縣","湖口鄉","121.030","24.900","82"
"123","376835","20220921080000","81","3","新竹縣","湖口鄉","121.025","24.905","110"
"455","376845","20220921080000","653","0","桃園市","平鎮區","121.230","24.930","448"
"1802","376847","20220921080000","1151","3","桃園市","中壢區","121.230","24.935","1810"
"969","376848","20220921080000","1001","0","桃園市","中壢區","121.225","24.940","991"
"1660","376849","20220921080000","1599","1","桃園市","中壢區","121.245","24.975","1713"
"2222","376850","20220921080000","2131","1","桃園市","中壢區","121.245","24.980","2188"
"700","376851","20220921080000","600","1","桃園市","中壢區","121.250","24.985","693"
"367","376852","20220921080000","435","0","桃園市","中壢區","121.240","24.985","332"
"1173","376853","20220921080000","1136","1","桃園市","八德區","121.295","24.935","1176"
"239","376854","20220921080000","235","1","桃園市","八德區","121.295","24.940","254"
"1067","376855","20220921080000","1182","0","桃園市","八德區","121.295","24.930","1093"
"424","376856","20220921080000","572","0","桃園市","龜山區","121.335","24.985","450"
"2469","376857","20220921080000","2631","0","桃園市","龜山區","121.335","24.990","2380"
"740","376860","20220921080000","865","0","桃園市","龜山區","121.345","24.980","719"
"10","376865","20220921080000","116","0","桃園市","龜山區","121.360","24.985","17"
"1969","376866","20220921080000","1630","2","桃園市","平鎮區","121.220","24.940","1953"
"271","376871","20220921080000","251","1","桃園市","楊梅區","121.185","24.905","255"
"185","376875","20220921080000","177","1","桃園市","平鎮區","121.200","24.910","202"
"1081","376878","20220921080000","663","3","桃園市","平鎮區","121.200","24.915","1140"
"204","376881","20220921080000","230","0","桃園市","平鎮區","121.200","24.920","209"
"1080","376882","20220921080000","1366","0","桃園市","楊梅區","121.180","24.945","1009"
"1058","376886","20220921080000","933","1","桃園市","平鎮區","121.185","24.955","1074"
"933","376887","20220921080000","970","0","桃園市","中壢區","121.175","24.960","896"
"819","376889","20220921080000","815","1","桃園市","平鎮區","121.185","24.960","900"
"519","376892","20220921080000","529","0","桃園市","中壢區","121.185","24.970","484"
"409","376894","20220921080000","322","2","桃園市","平鎮區","121.190","24.930","371"
"49","376895","20220921080000","33","2","桃園市","楊梅區","121.185","24.935","164"
"39","376899","20220921080000","469","0","桃園市","平鎮區","121.190","24.940","36"
"1108","376900","20220921080000","1098","1","桃園市","平鎮區","121.195","24.940","1016"
"343","376915","20220921080000","298","1","桃園市","大溪區","121.310","24.930","318"
"753","376925","20220921080000","590","2","桃園市","大溪區","121.275","24.895","780"
"1213","376927","20220921080000","1046","1","桃園市","大溪區","121.280","24.895","1187"
"752","376929","20220921080000","613","2","桃園市","大溪區","121.285","24.905","721"
"505","376930","20220921080000","468","1","桃園市","大溪區","121.280","24.900","502"
"595","376931","20220921080000","530","1","桃園市","大溪區","121.280","24.905","749"
"1275","376932","20220921080000","1018","2","桃園市","龜山區","121.325","24.990","1306"
"967","376933","20220921080000","912","1","桃園市","桃園區","121.325","24.980","903"
"2001","376934","20220921080000","2044","0","桃園市","龜山區","121.330","24.980","1949"
"2343","376936","20220921080000","1911","2","桃園市","桃園區","121.320","24.985","2174"
"3048","376937","20220921080000","2653","1","桃園市","龜山區","121.325","24.985","3094"
"707","376938","20220921080000","1021","0","桃園市","龜山區","121.330","24.985","694"
"251","376940","20220921080000","243","1","桃園市","新屋區","121.055","24.975","279"
"216","376956","20220921080000","150","2","桃園市","新屋區","121.125","24.955","216"
"556","376971","20220921080000","415","2","桃園市","新屋區","121.135","24.970","516"
"84","376972","20220921080000","107","0","桃園市","觀音區","121.140","24.970","89"
"606","376974","20220921080000","670","0","桃園市","龜山區","121.330","24.990","614"
"1845","376975","20220921080000","3715","0","桃園市","桃園區","121.310","24.990","1849"
"1776","376976","20220921080000","1853","0","桃園市","楊梅區","121.170","24.910","1725"
"498","376978","20220921080000","595","0","桃園市","楊梅區","121.175","24.915","517"
"1244","376979","20220921080000","1418","0","桃園市","楊梅區","121.170","24.920","1208"
"580","376984","20220921080000","778","0","桃園市","楊梅區","121.110","24.925","591"
"652","376995","20220921080000","803","0","桃園市","楊梅區","121.125","24.930","601"
"161","376998","20220921080000","178","0","桃園市","楊梅區","121.115","24.940","135"
"211","377001","20220921080000","177","1","桃園市","楊梅區","121.175","24.900","206"
"1125","377002","20220921080000","1189","0","桃園市","楊梅區","121.180","24.900","1019"
"2154","377003","20220921080000","2084","1","桃園市","楊梅區","121.175","24.905","2204"
"63","377004","20220921080000","53","1","桃園市","楊梅區","121.180","24.905","66"
"94","377007","20220921080000","133","0","桃園市","楊梅區","121.095","24.930","121"
"791","377008","20220921080000","582","2","桃園市","楊梅區","121.100","24.930","757"
"939","377010","20220921080000","475","3","桃園市","楊梅區","121.090","24.935","847"
"593","377027","20220921080000","437","2","桃園市","新屋區","121.090","24.955","544"
"447","377030","20220921080000","411","1","桃園市","楊梅區","121.160","24.900","428"
"978","377031","20220921080000","824","1","桃園市","楊梅區","121.155","24.900","963"
"523","377033","20220921080000","570","0","桃園市","楊梅區","121.085","24.935","492"
"389","377034","20220921080000","424","0","桃園市","楊梅區","121.075","24.940","379"
"803","377039","20220921080000","777","1","桃園市","桃園區","121.285","24.990","795"
"737","377041","20220921080000","762","0","桃園市","桃園區","121.295","24.980","762"
"3509","377042","20220921080000","4379","0","桃園市","桃園區","121.300","24.990","3539"
"271","377043","20220921080000","198","2","桃園市","桃園區","121.300","24.980","267"
"2839","377045","20220921080000","2786","1","桃園市","桃園區","121.300","24.985","2815"
"543","377046","20220921080000","909","0","桃園市","楊梅區","121.175","24.910","585"
"1602","377047","20220921080000","1240","2","桃園市","八德區","121.300","24.965","1564"
"1212","377051","20220921080000","823","2","桃園市","八德區","121.305","24.955","1135"
"528","377052","20220921080000","453","1","桃園市","八德區","121.310","24.955","535"
"27","377054","20220921080000","236","0","桃園市","八德區","121.300","24.945","34"
"485","377056","20220921080000","426","1","桃園市","八德區","121.275","24.940","506"
"782","377058","20220921080000","1002","0","桃園市","八德區","121.285","24.940","759"
"238","377059","20220921080000","187","2","桃園市","八德區","121.280","24.945","284"
"302","377061","20220921080000","357","0","桃園市","八德區","121.290","24.950","319"
"21","377068","20220921080000","89","0","桃園市","八德區","121.290","24.955","18"
"405","377069","20220921080000","331","2","桃園市","八德區","121.280","24.960","365"
"749","377070","20220921080000","611","2","桃園市","八德區","121.285","24.960","743"
"2986","377071","20220921080000","2805","1","桃園市","桃園區","121.290","24.985","3022"
"3593","377072","20220921080000","3078","1","桃園市","中壢區","121.220","24.965","3492"
"1052","377073","20220921080000","1020","1","桃園市","中壢區","121.215","24.955","1083"
"463","377077","20220921080000","465","0","桃園市","中壢區","121.205","24.980","417"
"548","377084","20220921080000","401","2","桃園市","中壢區","121.205","24.990","681"
"1546","377086","20220921080000","1287","2","桃園市","中壢區","121.255","24.970","1658"
"1725","377088","20220921080000","1752","0","桃園市","楊梅區","121.155","24.910","1716"
"604","377089","20220921080000","541","1","桃園市","楊梅區","121.160","24.910","633"
"1320","377092","20220921080000","1258","1","桃園市","平鎮區","121.205","24.910","1345"
"1608","377093","20220921080000","1618","0","桃園市","平鎮區","121.205","24.920","1599"
"213","377099","20220921080000","139","3","桃園市","新屋區","121.010","24.960","188"
"675","377106","20220921080000","655","1","桃園市","新屋區","121.120","24.970","653"
"357","377111","20220921080000","204","3","桃園市","新屋區","121.130","24.975","340"
"1180","377117","20220921080000","1138","1","桃園市","新屋區","121.110","24.980","1117"
"696","377122","20220921080000","528","2","桃園市","新屋區","121.110","24.985","662"
"511","377125","20220921080000","484","1","桃園市","新屋區","121.125","24.985","509"
"327","377128","20220921080000","401","0","桃園市","新屋區","121.125","24.990","332"
"588","377135","20220921080000","673","0","桃園市","新屋區","121.100","24.990","625"
"18","377136","20220921080000","27","0","桃園市","新屋區","121.105","24.990","26"
"187","377148","20220921080000","76","3","桃園市","新屋區","121.095","24.960","197"
"249","377155","20220921080000","265","0","桃園市","新屋區","121.070","24.970","301"
"141","377159","20220921080000","142","0","桃園市","新屋區","121.020","24.970","122"
"270","377173","20220921080000","233","1","桃園市","新屋區","121.015","24.985","257"
"115","377175","20220921080000","251","0","桃園市","新屋區","120.990","24.940","244"
"187","377179","20220921080000","86","3","桃園市","新屋區","121.000","24.945","144"
"265","377183","20220921080000","243","1","桃園市","新屋區","121.010","24.950","253"
"536","377187","20220921080000","490","1","桃園市","新屋區","121.080","24.975","551"
"369","377195","20220921080000","287","2","桃園市","新屋區","121.075","24.990","335"
"314","377204","20220921080000","358","0","桃園市","新屋區","121.140","24.960","311"
"672","377205","20220921080000","809","0","桃園市","新屋區","121.145","24.960","675"
"322","377209","20220921080000","236","2","桃園市","新屋區","121.160","24.960","337"
"42","377211","20220921080000","39","1","桃園市","觀音區","121.145","24.970","47"
"15","377247","20220921080000","13","1","新北市","貢寮區","121.910","24.990","13"
"323","377249","20220921080000","469","0","桃園市","平鎮區","121.210","24.895","324"
"796","377259","20220921080000","876","0","桃園市","桃園區","121.285","24.980","716"
"1366","377261","20220921080000","990","2","桃園市","楊梅區","121.145","24.915","1361"
"564","377263","20220921080000","372","3","桃園市","楊梅區","121.145","24.910","546"
"52","377264","20220921080000","323","0","桃園市","楊梅區","121.130","24.915","53"
"689","377268","20220921080000","680","1","桃園市","楊梅區","121.130","24.920","671"
"537","377270","20220921080000","566","0","桃園市","楊梅區","121.140","24.920","509"
"2537","377280","20220921080000","2479","1","桃園市","楊梅區","121.145","24.900","2446"
"474","377285","20220921080000","341","2","桃園市","楊梅區","121.170","24.900","460"
"927","377288","20220921080000","954","0","桃園市","楊梅區","121.185","24.925","935"
"598","377289","20220921080000","612","0","桃園市","平鎮區","121.190","24.925","606"
"1009","377292","20220921080000","893","1","桃園市","平鎮區","121.195","24.925","1083"
"203","377295","20220921080000","379","0","桃園市","平鎮區","121.210","24.935","201"
"1927","377296","20220921080000","1692","1","桃園市","桃園區","121.295","24.990","1870"
"2698","377297","20220921080000","2634","1","桃園市","桃園區","121.285","24.985","2716"
"615","377303","20220921080000","535","1","桃園市","新屋區","121.120","24.950","673"
"388","377308","20220921080000","291","2","桃園市","新屋區","121.100","24.960","344"
"511","377310","20220921080000","379","2","桃園市","新屋區","121.110","24.960","662"
"34","377311","20220921080000","707","0","桃園市","新屋區","121.095","24.965","37"
"704","377322","20220921080000","590","1","桃園市","新屋區","121.045","24.960","684"
"288","377333","20220921080000","184","3","桃園市","新屋區","121.045","24.970","303"
"1948","377335","20220921080000","2002","0","桃園市","桃園區","121.320","24.990","1895"
"1519","377337","20220921080000","1451","1","桃園市","平鎮區","121.250","24.920","1619"
"593","377339","20220921080000","621","0","桃園市","平鎮區","121.240","24.925","571"
"1203","377340","20220921080000","1187","1","桃園市","桃園區","121.305","24.985","1285"
"1189","377342","20220921080000","1186","1","桃園市","桃園區","121.325","24.975","1181"
"2639","377344","20220921080000","2354","1","桃園市","桃園區","121.320","24.975","2544"
"1305","377345","20220921080000","860","3","新北市","鶯歌區","121.330","24.975","1317"
"506","377346","20220921080000","580","0","桃園市","桃園區","121.320","24.980","531"
"1123","377347","20220921080000","909","2","桃園市","中壢區","121.230","24.960","1150"
"1446","377348","20220921080000","1447","0","桃園市","中壢區","121.235","24.960","1445"
"449","377349","20220921080000","724","0","桃園市","中壢區","121.230","24.950","458"
"1469","377350","20220921080000","1447","1","桃園市","中壢區","121.225","24.950","1562"
"423","377361","20220921080000","414","1","桃園市","新屋區","121.030","24.950","393"
"327","377372","20220921080000","444","0","桃園市","新屋區","121.090","24.980","312"
"1233","377380","20220921080000","1265","0","桃園市","新屋區","121.110","24.970","1220"
"73","377381","20220921080000","97","0","桃園市","新屋區","121.110","24.975","87"
"2750","377384","20220921080000","2624","1","桃園市","新屋區","121.105","24.975","2713"
"174","377428","20220921080000","131","2","桃園市","新屋區","121.040","24.980","143"
"944","377433","20220921080000","1001","0","桃園市","新屋區","121.035","24.985","973"
"536","377434","20220921080000","448","1","桃園市","新屋區","121.040","24.985","481"
"1423","377446","20220921080000","1273","1","桃園市","桃園區","121.315","24.990","1426"
"1708","377447","20220921080000","1238","2","桃園市","桃園區","121.270","24.980","1731"
"3057","377449","20220921080000","2365","2","桃園市","桃園區","121.275","24.990","3023"
"1991","377450","20220921080000","2448","0","桃園市","桃園區","121.265","24.975","1951"
"1791","377452","20220921080000","1712","1","桃園市","桃園區","121.265","24.980","1789"
"30","377454","20220921080000","35","0","桃園市","桃園區","121.265","24.985","35"
"2013","377455","20220921080000","2030","0","桃園市","桃園區","121.290","24.990","2037"
"218","377456","20220921080000","460","0","桃園市","平鎮區","121.245","24.905","236"
"47","377457","20220921080000","163","0","桃園市","平鎮區","121.250","24.905","40"
"175","377459","20220921080000","222","0","桃園市","平鎮區","121.250","24.915","185"
"1063","377460","20220921080000","1089","0","桃園市","平鎮區","121.215","24.935","1001"
"1645","377461","20220921080000","1815","0","桃園市","平鎮區","121.215","24.940","1625"
"2034","377462","20220921080000","1727","1","桃園市","平鎮區","121.215","24.945","2095"
"2677","377463","20220921080000","2260","1","桃園市","桃園區","121.310","24.980","2643"
"1464","377464","20220921080000","1571","0","桃園市","桃園區","121.310","24.985","1362"
"2263","377468","20220921080000","2329","0","桃園市","桃園區","121.305","24.980","2263"
"178","377469","20220921080000","160","1","桃園市","楊梅區","121.175","24.950","245"
"1292","377470","20220921080000","1099","1","桃園市","楊梅區","121.170","24.955","1349"
"328","377473","20220921080000","340","0","桃園市","楊梅區","121.115","24.900","435"
"96","377476","20220921080000","172","0","桃園市","楊梅區","121.125","24.910","107"
"536","377481","20220921080000","444","2","桃園市","楊梅區","121.150","24.940","490"
"257","377483","20220921080000","364","0","桃園市","楊梅區","121.150","24.920","262"
"850","377484","20220921080000","950","0","桃園市","楊梅區","121.155","24.920","903"
"1195","377488","20220921080000","875","2","桃園市","楊梅區","121.150","24.925","1174"
"113","377489","20220921080000","144","0","桃園市","楊梅區","121.155","24.925","111"
"31","377490","20220921080000","20","3","桃園市","楊梅區","121.160","24.925","31"
"865","377491","20220921080000","967","0","桃園市","楊梅區","121.165","24.925","875"
"308","377493","20220921080000","398","0","桃園市","楊梅區","121.145","24.930","322"
"1108","377497","20220921080000","1011","1","桃園市","楊梅區","121.160","24.930","1058"
"237","377498","20220921080000","577","0","桃園市","楊梅區","121.165","24.930","290"
"1389","377499","20220921080000","859","3","桃園市","楊梅區","121.170","24.930","1243"
"333","377501","20220921080000","355","0","桃園市","楊梅區","121.140","24.930","276"
"1590","377508","20220921080000","1661","0","桃園市","平鎮區","121.210","24.940","1639"
"1775","377509","20220921080000","1624","1","桃園市","平鎮區","121.210","24.945","1762"
"781","377513","20220921080000","816","0","桃園市","平鎮區","121.210","24.930","857"
"1553","377519","20220921080000","1020","3","桃園市","平鎮區","121.230","24.900","1496"
"303","377522","20220921080000","376","0","桃園市","平鎮區","121.245","24.900","282"
"994","377529","20220921080000","1240","0","桃園市","平鎮區","121.225","24.910","1009"
"683","377530","20220921080000","559","2","桃園市","平鎮區","121.230","24.910","740"
"2097","377532","20220921080000","1782","1","桃園市","桃園區","121.305","24.990","2006"
"1164","377533","20220921080000","998","1","新北市","鶯歌區","121.330","24.970","1124"
"394","377534","20220921080000","440","0","新北市","鶯歌區","121.335","24.965","399"
"801","377535","20220921080000","607","2","桃園市","桃園區","121.320","24.970","892"
"1872","377538","20220921080000","1988","0","桃園市","桃園區","121.315","24.980","1828"
"747","377539","20220921080000","690","1","桃園市","楊梅區","121.175","24.925","942"
"440","377542","20220921080000","340","2","桃園市","楊梅區","121.180","24.925","420"
"552","377546","20220921080000","278","3","桃園市","楊梅區","121.180","24.930","521"
"815","377547","20220921080000","680","1","桃園市","楊梅區","121.160","24.935","839"
"215","377551","20220921080000","235","0","桃園市","楊梅區","121.180","24.935","202"
"92","377559","20220921080000","89","1","桃園市","楊梅區","121.150","24.945","79"
"19","377561","20220921080000","11","3","桃園市","楊梅區","121.160","24.945","23"
"577","377564","20220921080000","411","2","桃園市","楊梅區","121.175","24.945","889"
"1248","377565","20220921080000","803","3","桃園市","新屋區","121.150","24.950","921"
"323","377566","20220921080000","350","0","桃園市","楊梅區","121.155","24.950","378"
"28","377568","20220921080000","27","1","桃園市","楊梅區","121.170","24.950","39"
"946","377570","20220921080000","939","1","桃園市","蘆竹區","121.265","24.990","909"
"589","377571","20220921080000","388","3","桃園市","龜山區","121.340","24.980","586"
"124","377572","20220921080000","148","0","桃園市","龜山區","121.340","24.985","111"
"2679","377573","20220921080000","2604","1","桃園市","龜山區","121.345","24.985","2560"
"1036","377574","20220921080000","1247","0","桃園市","龜山區","121.340","24.990","1078"
"662","377575","20220921080000","574","1","桃園市","龜山區","121.345","24.990","669"
"21","377742","20220921080000","21","1","新北市","雙溪區","121.820","24.965","15"
"11","377753","20220921080000","15","0","新北市","雙溪區","121.810","24.970","15"
"14","377787","20220921080000","17","0","新北市","雙溪區","121.845","24.980","14"
"1679","377821","20220921080000","1784","0","桃園市","楊梅區","121.145","24.905","1710"
"1839","377823","20220921080000","1691","1","桃園市","楊梅區","121.165","24.910","1757"
"55","377824","20220921080000","182","0","桃園市","楊梅區","121.165","24.915","73"
"17","377826","20220921080000","233","0","桃園市","大溪區","121.280","24.910","13"
"855","377827","20220921080000","797","1","桃園市","大溪區","121.285","24.910","903"
"1159","377831","20220921080000","941","2","桃園市","大溪區","121.280","24.915","1177"
"342","377833","20220921080000","341","1","桃園市","大溪區","121.290","24.915","297"
"1017","377835","20220921080000","924","1","桃園市","大溪區","121.280","24.920","922"
"685","377837","20220921080000","940","0","桃園市","大溪區","121.290","24.920","674"
"648","377839","20220921080000","531","2","桃園市","大溪區","121.275","24.900","640"
"923","377841","20220921080000","641","2","桃園市","大溪區","121.275","24.905","871"
"2044","377843","20220921080000","1896","1","桃園市","楊梅區","121.180","24.910","2123"
"1401","377844","20220921080000","1167","2","桃園市","楊梅區","121.180","24.915","1412"
"262","377845","20220921080000","266","0","桃園市","平鎮區","121.225","24.925","276"
"617","377847","20220921080000","649","0","桃園市","平鎮區","121.220","24.935","580"
"2650","377848","20220921080000","2071","2","桃園市","平鎮區","121.225","24.930","2687"
"760","377849","20220921080000","600","2","桃園市","平鎮區","121.220","24.930","745"
"428","377851","20220921080000","276","3","桃園市","平鎮區","121.230","24.925","416"
"574","377852","20220921080000","557","1","桃園市","中壢區","121.245","24.925","564"
"1615","377853","20220921080000","1305","2","桃園市","楊梅區","121.150","24.910","1551"
"873","377854","20220921080000","703","2","桃園市","楊梅區","121.150","24.915","953"
"92","377858","20220921080000","111","0","桃園市","楊梅區","121.130","24.905","116"
"639","377859","20220921080000","636","1","桃園市","楊梅區","121.135","24.905","643"
"109","377862","20220921080000","168","0","桃園市","楊梅區","121.135","24.910","103"
"476","377866","20220921080000","388","2","桃園市","楊梅區","121.070","24.930","488"
"448","377868","20220921080000","459","0","桃園市","楊梅區","121.065","24.935","425"
"298","377877","20220921080000","371","0","桃園市","楊梅區","121.100","24.920","346"
"68","377879","20220921080000","311","0","桃園市","楊梅區","121.070","24.925","80"
"312","377895","20220921080000","1071","0","桃園市","楊梅區","121.085","24.930","289"
"364","377896","20220921080000","372","0","桃園市","楊梅區","121.160","24.950","378"
"2798","377898","20220921080000","2396","1","桃園市","楊梅區","121.160","24.955","2755"
"643","377901","20220921080000","436","2","桃園市","楊梅區","121.120","24.895","503"
"107","377906","20220921080000","103","1","桃園市","楊梅區","121.125","24.900","154"
"359","377909","20220921080000","269","2","桃園市","平鎮區","121.210","24.910","321"
"2224","377914","20220921080000","1674","2","桃園市","平鎮區","121.210","24.920","2347"
"250","377919","20220921080000","334","0","桃園市","平鎮區","121.195","24.930","274"
"548","377920","20220921080000","666","0","桃園市","平鎮區","121.200","24.940","627"
"149","377924","20220921080000","517","0","桃園市","八德區","121.290","24.945","138"
"1493","377925","20220921080000","1099","2","桃園市","八德區","121.290","24.930","1500"
"952","377933","20220921080000","1115","0","桃園市","八德區","121.275","24.960","907"
"1993","377940","20220921080000","2046","0","臺北市","文山區","121.555","24.985","1954"
"773","377941","20220921080000","607","2","臺北市","文山區","121.560","24.985","744"
"1184","377942","20220921080000","1295","0","臺北市","文山區","121.565","24.980","1070"
"39","377946","20220921080000","47","0","新北市","新店區","121.575","24.965","44"
"116","377947","20220921080000","131","0","臺北市","文山區","121.580","24.965","115"
"1288","377948","20220921080000","1422","0","臺北市","文山區","121.560","24.970","1347"
"136","377953","20220921080000","188","0","臺北市","文山區","121.560","24.975","153"
"135","377955","20220921080000","182","0","臺北市","文山區","121.570","24.975","139"
"675","377957","20220921080000","1344","0","臺北市","文山區","121.570","24.980","732"
"2144","377958","20220921080000","2311","0","臺北市","文山區","121.565","24.985","2097"
"176","377962","20220921080000","165","1","臺北市","文山區","121.610","24.965","169"
"139","377964","20220921080000","33","3","臺北市","文山區","121.590","24.965","107"
"323","377978","20220921080000","248","2","臺北市","文山區","121.580","24.975","292"
"506","377979","20220921080000","565","0","臺北市","文山區","121.585","24.975","467"
"122","377980","20220921080000","122","1","臺北市","文山區","121.590","24.975","108"
"1346","377982","20220921080000","1504","0","臺北市","文山區","121.575","24.980","1330"
"586","377989","20220921080000","695","0","臺北市","文山區","121.585","24.985","592"
"395","377990","20220921080000","924","0","臺北市","文山區","121.590","24.985","436"
"807","377994","20220921080000","33","3","臺北市","文山區","121.590","24.990","693"
"247","377995","20220921080000","160","3","臺北市","文山區","121.595","24.990","246"
"2819","377997","20220921080000","3030","0","臺北市","文山區","121.560","24.990","2775"
"627","377998","20220921080000","1584","0","臺北市","文山區","121.575","24.985","677"
"1149","377999","20220921080000","1159","0","臺北市","文山區","121.580","24.985","1126"
"2583","378000","20220921080000","2225","1","臺北市","文山區","121.575","24.990","2590"
"1075","378001","20220921080000","932","1","臺北市","文山區","121.580","24.990","1087"
"1666","378002","20220921080000","1938","0","臺北市","文山區","121.550","24.985","1746"
"1395","378003","20220921080000","2084","0","臺北市","文山區","121.565","24.990","1389"
"2244","378004","20220921080000","2871","0","臺北市","文山區","121.570","24.990","2402"
"2373","378005","20220921080000","2173","1","臺北市","文山區","121.555","24.980","2389"
"2626","378006","20220921080000","2688","0","臺北市","文山區","121.560","24.980","2865"
"590","378007","20220921080000","814","0","臺北市","文山區","121.555","24.975","591"
"3005","378008","20220921080000","3014","0","臺北市","文山區","121.570","24.985","3021"
"2399","378009","20220921080000","2642","0","臺北市","文山區","121.545","24.990","2470"
"3233","378010","20220921080000","3535","0","臺北市","文山區","121.540","24.990","3147"
"344","378011","20220921080000","612","0","臺北市","文山區","121.550","24.990","345"
"474","378012","20220921080000","552","0","臺北市","文山區","121.555","24.990","281"
"25","378561","20220921080000","23","1","新北市","貢寮區","121.990","24.995","22"
"36","378916","20220921080000","23","3","新北市","貢寮區","122.000","25.000","14"
"48","379975","20220921080000","34","2","新北市","貢寮區","122.005","25.015","62"
"2418","382513","20220921080000","2349","1","新北市","新莊區","121.450","25.035","2591"
"722","382514","20220921080000","762","0","新北市","新莊區","121.415","25.020","803"
"2736","382515","20220921080000","2450","1","新北市","板橋區","121.430","24.995","2938"
"885","382517","20220921080000","914","0","新北市","新莊區","121.435","25.005","898"
"563","382519","20220921080000","818","0","新北市","板橋區","121.440","25.010","625"
"1378","382521","20220921080000","1704","0","新北市","新莊區","121.430","25.020","1404"
"1719","382522","20220921080000","1731","0","新北市","新莊區","121.430","25.015","1789"
"157","382523","20220921080000","462","0","新北市","新莊區","121.420","25.020","152"
"2135","382525","20220921080000","2160","0","新北市","新莊區","121.410","25.025","2288"
"142","382526","20220921080000","244","0","新北市","新莊區","121.400","25.030","193"
"3244","382528","20220921080000","4423","0","新北市","板橋區","121.470","25.015","3326"
"2595","382530","20220921080000","2853","0","新北市","板橋區","121.465","25.025","2497"
"5347","382531","20220921080000","5443","0","新北市","板橋區","121.460","25.025","5210"
"2537","382532","20220921080000","2982","0","新北市","中和區","121.480","24.995","2686"
"1495","382534","20220921080000","2394","0","新北市","板橋區","121.445","25.000","1579"
"2526","382536","20220921080000","3619","0","新北市","中和區","121.520","24.995","2569"
"1922","382537","20220921080000","2535","0","新北市","板橋區","121.455","25.025","1874"
"1238","382538","20220921080000","1364","0","臺北市","文山區","121.530","24.995","1006"
"1008","382539","20220921080000","1253","0","新北市","汐止區","121.620","25.045","1027"
"773","382546","20220921080000","810","0","新北市","樹林區","121.410","25.010","685"
"2332","382547","20220921080000","2895","0","新北市","新莊區","121.425","25.015","2525"
"2060","382548","20220921080000","1930","1","新北市","中和區","121.495","24.995","2126"
"966","382549","20220921080000","1138","0","臺北市","萬華區","121.490","25.015","1040"
"248","382550","20220921080000","219","1","新北市","三重區","121.480","25.050","221"
"2189","382552","20220921080000","2278","0","新北市","中和區","121.480","25.000","2221"
"1324","382553","20220921080000","1906","0","新北市","中和區","121.475","25.005","1295"
"5725","382554","20220921080000","4859","1","新北市","中和區","121.470","25.005","5995"
"3739","382555","20220921080000","5645","0","新北市","中和區","121.500","24.995","3939"
"2789","382556","20220921080000","2219","2","新北市","中和區","121.495","25.005","2772"
"1820","382557","20220921080000","3514","0","新北市","中和區","121.500","25.005","1957"
"1177","382558","20220921080000","1959","0","新北市","三重區","121.490","25.055","1174"
"1066","382559","20220921080000","840","2","新北市","三重區","121.475","25.045","1103"
"2001","382560","20220921080000","2014","0","新北市","板橋區","121.445","25.005","1628"
"486","382561","20220921080000","499","0","新北市","板橋區","121.445","25.010","501"
"704","382562","20220921080000","800","0","新北市","板橋區","121.450","25.005","710"
"663","382563","20220921080000","868","0","新北市","板橋區","121.450","25.020","728"
"2304","382564","20220921080000","2739","0","新北市","中和區","121.505","25.005","2355"
"1882","382565","20220921080000","2602","0","新北市","三重區","121.485","25.055","1916"
"2433","382567","20220921080000","2935","0","新北市","三重區","121.495","25.055","2197"
"1856","382568","20220921080000","1857","0","新北市","三重區","121.500","25.045","1870"
"1878","382571","20220921080000","1770","1","新北市","中和區","121.490","25.005","1870"
"1495","382572","20220921080000","1305","1","新北市","中和區","121.490","25.000","1378"
"1271","382574","20220921080000","1006","2","新北市","中和區","121.485","25.010","1315"
"3504","382575","20220921080000","3467","1","新北市","中和區","121.485","24.995","3718"
"2493","382576","20220921080000","3085","0","新北市","中和區","121.490","24.995","2445"
"4253","382577","20220921080000","4816","0","新北市","中和區","121.505","24.995","4383"
"443","382579","20220921080000","298","2","新北市","板橋區","121.460","25.030","276"
"2633","382580","20220921080000","3264","0","新北市","板橋區","121.455","25.015","2768"
"265","382582","20220921080000","606","0","新北市","板橋區","121.450","25.025","264"
"425","382583","20220921080000","513","0","新北市","泰山區","121.420","25.045","368"
"740","382584","20220921080000","1085","0","新北市","泰山區","121.425","25.045","695"
"520","382589","20220921080000","431","2","新北市","三重區","121.485","25.045","477"
"1045","382592","20220921080000","959","1","新北市","三重區","121.485","25.050","1061"
"2265","382593","20220921080000","2444","0","新北市","三重區","121.490","25.050","2316"
"571","382594","20220921080000","514","1","桃園市","龜山區","121.410","25.020","756"
"1905","382595","20220921080000","1953","0","新北市","新莊區","121.460","25.050","2007"
"1958","382596","20220921080000","1752","1","新北市","新莊區","121.465","25.050","1887"
"431","382597","20220921080000","969","0","新北市","新莊區","121.460","25.055","419"
"1296","382598","20220921080000","1505","0","新北市","新莊區","121.465","25.055","1308"
"2159","382600","20220921080000","1798","2","新北市","三重區","121.470","25.045","2180"
"1136","382601","20220921080000","1031","1","新北市","三重區","121.470","25.050","1135"
"149","382602","20220921080000","121","2","新北市","三重區","121.470","25.055","153"
"3207","382603","20220921080000","3227","0","新北市","中和區","121.480","25.010","3381"
"3976","382604","20220921080000","3175","2","新北市","板橋區","121.475","25.010","3725"
"1726","382605","20220921080000","2072","0","新北市","中和區","121.465","24.995","1705"
"2505","382606","20220921080000","2496","1","新北市","新莊區","121.450","25.040","2479"
"3417","382607","20220921080000","3169","1","新北市","新莊區","121.445","25.040","3470"
"3282","382608","20220921080000","3870","0","新北市","新莊區","121.425","25.020","3284"
"167","382609","20220921080000","1902","0","新北市","新莊區","121.455","25.045","166"
"2210","382610","20220921080000","2258","0","新北市","板橋區","121.465","25.005","2318"
"3102","382611","20220921080000","2894","1","新北市","板橋區","121.460","25.005","2868"
"91","382614","20220921080000","218","0","新北市","深坑區","121.630","25.010","79"
"258","382615","20220921080000","187","2","新北市","深坑區","121.620","25.010","234"
"89","382618","20220921080000","267","0","新北市","深坑區","121.630","25.015","87"
"351","382623","20220921080000","685","0","新北市","深坑區","121.605","25.000","327"
"1446","382624","20220921080000","1740","0","新北市","新莊區","121.435","25.015","1531"
"26","382625","20220921080000","345","0","新北市","板橋區","121.450","25.000","36"
"967","382626","20220921080000","902","1","新北市","中和區","121.470","24.995","976"
"95","382627","20220921080000","89","1","新北市","中和區","121.480","24.990","101"
"408","382628","20220921080000","1470","0","新北市","中和區","121.475","25.000","388"
"141","382629","20220921080000","1017","0","新北市","中和區","121.505","25.000","158"
"3019","382630","20220921080000","3384","0","新北市","永和區","121.525","25.005","3074"
"1588","382634","20220921080000","1582","1","新北市","樹林區","121.420","24.995","1752"
"1367","382637","20220921080000","1056","2","新北市","樹林區","121.420","25.000","1225"
"815","382638","20220921080000","733","1","新北市","新莊區","121.440","25.030","697"
"2541","382639","20220921080000","2412","1","新北市","新莊區","121.420","25.025","2723"
"2693","382640","20220921080000","3009","0","新北市","新莊區","121.455","25.050","2749"
"3124","382641","20220921080000","2738","1","新北市","中和區","121.470","25.000","3241"
"6270","382642","20220921080000","3622","3","新北市","板橋區","121.455","25.005","6248"
"1020","382643","20220921080000","439","3","新北市","板橋區","121.445","25.020","1017"
"929","382644","20220921080000","929","1","新北市","板橋區","121.440","25.000","981"
"4932","382645","20220921080000","7574","0","新北市","永和區","121.520","25.010","4915"
"1259","382646","20220921080000","1150","1","新北市","樹林區","121.415","25.000","1140"
"975","382647","20220921080000","839","1","新北市","樹林區","121.415","25.005","897"
"2376","382648","20220921080000","3014","0","新北市","土城區","121.455","24.995","2275"
"20","382660","20220921080000","25","0","新北市","平溪區","121.710","25.020","21"
"2743","382667","20220921080000","2428","1","新北市","新莊區","121.460","25.040","2815"
"4029","382668","20220921080000","3760","1","新北市","新莊區","121.460","25.045","4019"
"897","382671","20220921080000","1082","0","新北市","板橋區","121.445","25.015","935"
"6980","382673","20220921080000","4848","2","新北市","板橋區","121.450","24.995","6185"
"2135","382674","20220921080000","2314","0","新北市","板橋區","121.455","25.000","2258"
"5357","382675","20220921080000","4071","2","新北市","永和區","121.520","25.015","5315"
"3007","382676","20220921080000","4416","0","新北市","永和區","121.515","25.015","2975"
"2002","382677","20220921080000","2804","0","新北市","新莊區","121.445","25.030","2083"
"4156","382678","20220921080000","3307","2","新北市","新莊區","121.455","25.035","4292"
"20","382679","20220921080000","780","0","新北市","板橋區","121.460","25.035","17"
"1072","382680","20220921080000","1147","0","新北市","新莊區","121.465","25.040","1111"
"929","382683","20220921080000","762","2","桃園市","中壢區","121.215","25.000","951"
"342","382686","20220921080000","312","1","桃園市","觀音區","121.125","25.030","379"
"2867","382699","20220921080000","3043","0","新北市","板橋區","121.485","25.020","2922"
"5707","382700","20220921080000","5063","1","新北市","板橋區","121.460","25.010","5944"
"3861","382701","20220921080000","2258","3","新北市","板橋區","121.460","24.995","3689"
"1135","382702","20220921080000","1060","1","新北市","樹林區","121.420","25.015","1211"
"831","382703","20220921080000","763","1","新北市","新莊區","121.435","25.010","947"
"1240","382706","20220921080000","1322","0","新北市","新莊區","121.440","25.020","987"
"217","382710","20220921080000","244","0","新北市","新莊區","121.445","25.025","286"
"3772","382711","20220921080000","3425","1","新北市","永和區","121.505","25.010","3991"
"3339","382712","20220921080000","3544","0","新北市","板橋區","121.475","25.020","3305"
"2518","382713","20220921080000","2217","1","新北市","新莊區","121.430","25.025","2683"
"27","382714","20220921080000","23","1","新北市","新莊區","121.435","25.025","26"
"1383","382715","20220921080000","1669","0","新北市","新莊區","121.425","25.025","1423"
"1556","382716","20220921080000","1418","1","臺北市","萬華區","121.500","25.015","1405"
"2137","382717","20220921080000","1777","2","新北市","新莊區","121.450","25.030","1871"
"234","382724","20220921080000","276","0","桃園市","中壢區","121.180","25.005","247"
"743","382730","20220921080000","457","3","桃園市","中壢區","121.190","25.010","745"
"592","382732","20220921080000","315","3","桃園市","中壢區","121.185","25.015","575"
"516","382735","20220921080000","461","1","桃園市","大園區","121.180","25.025","473"
"846","382741","20220921080000","970","0","桃園市","觀音區","121.160","24.995","828"
"443","382743","20220921080000","431","1","桃園市","觀音區","121.155","25.000","451"
"755","382759","20220921080000","710","1","桃園市","觀音區","121.160","25.020","707"
"813","382780","20220921080000","618","2","桃園市","觀音區","121.105","25.040","747"
"262","382785","20220921080000","264","0","桃園市","觀音區","121.130","25.020","264"
"459","382813","20220921080000","679","0","桃園市","觀音區","121.110","25.050","475"
"1892","382814","20220921080000","1526","2","桃園市","觀音區","121.115","25.050","2154"
"988","382815","20220921080000","575","3","桃園市","觀音區","121.120","25.050","958"
"269","382816","20220921080000","158","3","桃園市","觀音區","121.125","25.050","281"
"463","382820","20220921080000","282","3","桃園市","觀音區","121.120","25.055","424"
"703","382821","20220921080000","1173","0","桃園市","觀音區","121.125","25.055","722"
"750","382830","20220921080000","782","0","桃園市","觀音區","121.080","25.035","796"
"689","382842","20220921080000","489","2","桃園市","觀音區","121.095","25.050","632"
"290","382853","20220921080000","462","0","桃園市","觀音區","121.145","25.040","303"
"1765","382855","20220921080000","2212","0","桃園市","觀音區","121.140","25.045","1806"
"922","382857","20220921080000","900","1","桃園市","觀音區","121.130","25.050","887"
"379","382858","20220921080000","354","1","桃園市","觀音區","121.135","25.050","350"
"433","382868","20220921080000","198","3","桃園市","觀音區","121.115","25.000","444"
"1548","382888","20220921080000","1285","2","桃園市","蘆竹區","121.270","25.010","1442"
"215","382890","20220921080000","313","0","桃園市","蘆竹區","121.265","25.015","278"
"1344","382891","20220921080000","1497","0","桃園市","蘆竹區","121.240","25.025","1247"
"1361","382893","20220921080000","753","3","桃園市","蘆竹區","121.250","25.025","1312"
"366","382894","20220921080000","585","0","桃園市","大園區","121.235","25.025","402"
"1027","382896","20220921080000","866","1","桃園市","蘆竹區","121.245","25.025","1535"
"538","382898","20220921080000","436","2","桃園市","蘆竹區","121.240","25.030","482"
"124","382911","20220921080000","105","1","新北市","石碇區","121.670","25.010","115"
"100","382935","20220921080000","66","3","新北市","石碇區","121.670","25.030","90"
"85","382953","20220921080000","70","2","新北市","石碇區","121.690","25.005","89"
"64","382971","20220921080000","45","2","新北市","石碇區","121.700","25.015","68"
"140","382976","20220921080000","137","1","新北市","石碇區","121.660","24.995","104"
"96","382980","20220921080000","100","0","新北市","石碇區","121.650","25.000","88"
"25","382991","20220921080000","30","0","新北市","貢寮區","121.885","24.995","19"
"22","382996","20220921080000","11","3","新北市","貢寮區","121.885","25.000","18"
"57","383019","20220921080000","42","2","新北市","貢寮區","122.000","25.005","42"
"67","383024","20220921080000","49","2","新北市","貢寮區","121.990","25.010","64"
"70","383035","20220921080000","47","2","新北市","貢寮區","121.985","25.020","53"
"2081","383037","20220921080000","3552","0","新北市","永和區","121.520","25.000","2215"
"4235","383038","20220921080000","3947","1","新北市","板橋區","121.475","25.025","4147"
"384","383039","20220921080000","743","0","新北市","新莊區","121.410","25.030","431"
"626","383040","20220921080000","687","0","新北市","新莊區","121.415","25.030","575"
"106","383045","20220921080000","92","1","新北市","新莊區","121.405","25.040","113"
"2668","383046","20220921080000","3227","0","新北市","新莊區","121.455","25.055","2689"
"1154","383047","20220921080000","1405","0","新北市","新莊區","121.435","25.030","1288"
"1666","383048","20220921080000","1460","1","新北市","新莊區","121.425","25.030","1706"
"750","383049","20220921080000","1480","0","新北市","新莊區","121.430","25.030","832"
"1203","383050","20220921080000","1116","1","新北市","新莊區","121.430","25.035","1086"
"3472","383054","20220921080000","4251","0","新北市","新莊區","121.445","25.050","3456"
"3639","383055","20220921080000","3522","1","新北市","新莊區","121.450","25.045","3540"
"1482","383056","20220921080000","1426","1","桃園市","蘆竹區","121.290","25.050","1749"
"2812","383057","20220921080000","2571","1","桃園市","蘆竹區","121.280","25.055","2704"
"639","383058","20220921080000","582","1","桃園市","蘆竹區","121.285","25.045","716"
"1772","383059","20220921080000","1132","3","桃園市","蘆竹區","121.285","25.050","1712"
"1214","383060","20220921080000","1419","0","桃園市","蘆竹區","121.285","25.055","1187"
"1303","383094","20220921080000","1710","0","桃園市","觀音區","121.050","25.025","1228"
"311","383096","20220921080000","475","0","桃園市","觀音區","121.080","25.030","295"
"723","383099","20220921080000","702","1","桃園市","觀音區","121.085","25.035","751"
"1059","383113","20220921080000","884","1","桃園市","觀音區","121.120","25.025","1057"
"343","383117","20220921080000","330","1","桃園市","觀音區","121.115","25.025","339"
"1582","383118","20220921080000","1372","1","新北市","樹林區","121.410","25.015","1433"
"1496","383121","20220921080000","1613","0","新北市","泰山區","121.440","25.045","1275"
"20","383122","20220921080000","392","0","新北市","泰山區","121.430","25.050","22"
"671","383124","20220921080000","495","2","新北市","泰山區","121.440","25.050","682"
"93","383125","20220921080000","606","0","新北市","泰山區","121.435","25.055","102"
"855","383126","20220921080000","935","0","新北市","泰山區","121.425","25.050","947"
"1625","383127","20220921080000","1510","1","新北市","新莊區","121.440","25.055","1487"
"1409","383128","20220921080000","1981","0","新北市","新莊區","121.445","25.055","1255"
"3746","383129","20220921080000","3886","0","新北市","新莊區","121.450","25.055","3824"
"3539","383130","20220921080000","4469","0","新北市","新莊區","121.450","25.050","3513"
"795","383131","20220921080000","969","0","新北市","新莊區","121.455","25.040","883"
"175","383132","20220921080000","34","3","新北市","板橋區","121.435","24.995","248"
"1247","383134","20220921080000","1545","0","新北市","板橋區","121.445","24.995","1526"
"3343","383141","20220921080000","4187","0","新北市","永和區","121.515","25.005","3338"
"3920","383142","20220921080000","4104","0","新北市","板橋區","121.470","25.025","3712"
"3899","383143","20220921080000","4086","0","新北市","板橋區","121.475","25.030","3768"
"1926","383144","20220921080000","2299","0","新北市","新莊區","121.445","25.045","1922"
"1097","383152","20220921080000","510","3","新北市","泰山區","121.400","25.055","698"
"2434","383156","20220921080000","2342","1","新北市","汐止區","121.625","25.040","2385"
"45","383165","20220921080000","37","2","新北市","雙溪區","121.865","25.045","48"
"17","383200","20220921080000","13","2","新北市","雙溪區","121.790","25.015","14"
"100","383202","20220921080000","110","0","新北市","雙溪區","121.800","25.015","76"
"496","383204","20220921080000","708","0","新北市","中和區","121.490","25.010","526"
"546","383205","20220921080000","813","0","新北市","樹林區","121.430","25.000","615"
"2383","383207","20220921080000","2694","0","新北市","永和區","121.515","24.995","2594"
"2026","383208","20220921080000","1701","1","桃園市","桃園區","121.315","25.005","2085"
"618","383209","20220921080000","973","0","桃園市","桃園區","121.315","25.010","582"
"565","383210","20220921080000","725","0","臺北市","萬華區","121.495","25.010","588"
"1038","383211","20220921080000","1662","0","新北市","永和區","121.500","25.010","1095"
"3499","383212","20220921080000","3305","1","新北市","永和區","121.510","25.015","3500"
"751","383214","20220921080000","707","1","新北市","汐止區","121.625","25.050","725"
"782","383218","20220921080000","626","2","桃園市","蘆竹區","121.290","25.055","726"
"818","383219","20220921080000","727","1","桃園市","蘆竹區","121.295","25.050","723"
"1194","383220","20220921080000","1742","0","桃園市","蘆竹區","121.300","25.050","1223"
"1463","383222","20220921080000","1374","1","桃園市","蘆竹區","121.300","25.055","1471"
"21","383225","20220921080000","19","1","桃園市","蘆竹區","121.315","25.055","30"
"276","383229","20220921080000","244","1","新北市","石碇區","121.645","25.005","178"
"14","383234","20220921080000","13","1","新北市","石碇區","121.700","24.995","19"
"103","383253","20220921080000","90","1","新北市","石碇區","121.665","25.010","88"
"435","383254","20220921080000","358","2","新北市","石碇區","121.645","25.010","350"
"82","383261","20220921080000","76","1","新北市","石碇區","121.655","25.015","71"
"444","383272","20220921080000","412","1","桃園市","觀音區","121.100","25.005","482"
"505","383277","20220921080000","527","0","桃園市","觀音區","121.095","25.020","570"
"353","383281","20220921080000","384","0","桃園市","觀音區","121.095","25.025","324"
"1483","383283","20220921080000","1814","0","桃園市","桃園區","121.285","24.995","1447"
"195","383284","20220921080000","360","0","桃園市","桃園區","121.290","24.995","210"
"993","383285","20220921080000","854","1","桃園市","桃園區","121.285","25.000","960"
"3070","383286","20220921080000","3263","0","桃園市","蘆竹區","121.290","25.045","3204"
"268","383287","20220921080000","197","2","桃園市","桃園區","121.280","25.030","248"
"610","383290","20220921080000","563","1","桃園市","蘆竹區","121.280","25.035","612"
"1207","383291","20220921080000","1545","0","桃園市","蘆竹區","121.285","25.035","1199"
"2050","383294","20220921080000","1559","2","桃園市","蘆竹區","121.285","25.040","2021"
"2248","383295","20220921080000","3250","0","桃園市","蘆竹區","121.290","25.040","2256"
"16","383299","20220921080000","162","0","桃園市","蘆竹區","121.255","25.025","19"
"314","383301","20220921080000","321","0","桃園市","蘆竹區","121.250","25.035","327"
"389","383311","20220921080000","293","2","桃園市","蘆竹區","121.240","25.040","328"
"159","383313","20220921080000","106","3","桃園市","蘆竹區","121.255","25.040","179"
"20","383315","20220921080000","195","0","桃園市","蘆竹區","121.250","25.045","31"
"414","383318","20220921080000","601","0","桃園市","蘆竹區","121.265","25.025","460"
"797","383325","20220921080000","619","2","桃園市","蘆竹區","121.275","25.030","800"
"58","383357","20220921080000","48","2","新北市","雙溪區","121.880","25.020","36"
"2461","383376","20220921080000","3601","0","新北市","中和區","121.485","25.000","2684"
"2539","383377","20220921080000","3250","0","新北市","中和區","121.485","25.005","2615"
"2458","383378","20220921080000","4483","0","新北市","中和區","121.500","25.000","2761"
"2671","383379","20220921080000","3325","0","新北市","板橋區","121.465","25.010","2641"
"3394","383380","20220921080000","3151","1","新北市","板橋區","121.470","25.010","3529"
"957","383384","20220921080000","776","2","新北市","汐止區","121.635","25.040","1002"
"295","383424","20220921080000","362","0","桃園市","蘆竹區","121.255","25.050","254"
"708","383426","20220921080000","528","2","桃園市","蘆竹區","121.265","25.050","663"
"459","383435","20220921080000","334","2","桃園市","蘆竹區","121.275","25.055","478"
"447","383437","20220921080000","408","1","桃園市","大園區","121.160","25.030","424"
"467","383449","20220921080000","461","1","桃園市","觀音區","121.155","25.050","493"
"1631","383456","20220921080000","1526","1","桃園市","觀音區","121.140","25.010","1556"
"536","383457","20220921080000","555","0","桃園市","觀音區","121.145","25.010","508"
"493","383463","20220921080000","462","1","桃園市","觀音區","121.130","25.005","497"
"180","383469","20220921080000","235","0","桃園市","觀音區","121.060","25.025","209"
"343","383475","20220921080000","365","0","桃園市","觀音區","121.065","25.025","363"
"12","383478","20220921080000","15","0","桃園市","觀音區","121.060","25.030","12"
"290","383483","20220921080000","387","0","桃園市","觀音區","121.060","25.035","262"
"145","383485","20220921080000","297","0","桃園市","觀音區","121.070","25.035","158"
"192","383489","20220921080000","251","0","桃園市","觀音區","121.070","25.040","194"
"1750","383492","20220921080000","1984","0","新北市","三重區","121.475","25.050","1780"
"3387","383493","20220921080000","3829","0","新北市","中和區","121.510","24.995","3312"
"4017","383494","20220921080000","5015","0","新北市","中和區","121.510","25.000","4038"
"3330","383495","20220921080000","3081","1","新北市","板橋區","121.455","25.010","3204"
"3555","383496","20220921080000","3558","0","新北市","板橋區","121.455","25.020","3623"
"2253","383500","20220921080000","2793","0","新北市","樹林區","121.425","24.995","2232"
"173","383502","20220921080000","434","0","新北市","樹林區","121.405","25.005","184"
"80","383503","20220921080000","408","0","新北市","樹林區","121.410","25.005","84"
"2366","383507","20220921080000","2370","0","新北市","永和區","121.505","25.015","2456"
"104","383513","20220921080000","169","0","桃園市","中壢區","121.245","24.995","105"
"1340","383515","20220921080000","1243","1","桃園市","中壢區","121.225","25.000","1327"
"14","383518","20220921080000","197","0","桃園市","中壢區","121.240","25.000","14"
"630","383519","20220921080000","583","1","桃園市","中壢區","121.245","25.000","574"
"956","383520","20220921080000","977","0","桃園市","中壢區","121.250","25.000","939"
"285","383521","20220921080000","199","2","桃園市","中壢區","121.230","25.005","296"
"533","383524","20220921080000","633","0","桃園市","中壢區","121.245","25.005","536"
"410","383526","20220921080000","494","0","桃園市","大園區","121.245","25.010","391"
"1129","383529","20220921080000","835","2","桃園市","中壢區","121.175","24.995","1107"
"522","383553","20220921080000","482","1","桃園市","中壢區","121.220","25.005","505"
"25","383554","20220921080000","212","0","桃園市","中壢區","121.215","25.010","31"
"811","383557","20220921080000","682","1","桃園市","中壢區","121.220","25.015","645"
"1351","383559","20220921080000","1516","0","新北市","板橋區","121.480","25.030","1373"
"377","383560","20220921080000","359","1","新北市","樹林區","121.420","25.005","531"
"2422","383562","20220921080000","2258","1","新北市","新莊區","121.430","25.005","2570"
"1077","383563","20220921080000","1129","0","新北市","樹林區","121.425","25.010","999"
"307","383564","20220921080000","1060","0","新北市","樹林區","121.425","25.000","437"
"3418","383565","20220921080000","3316","1","新北市","永和區","121.515","25.000","3574"
"3401","383566","20220921080000","3489","0","新北市","永和區","121.520","25.005","3413"
"2218","383567","20220921080000","1832","2","新北市","中和區","121.480","25.005","2338"
"1523","383568","20220921080000","1383","1","新北市","泰山區","121.415","25.050","1408"
"1619","383572","20220921080000","1869","0","新北市","泰山區","121.430","25.055","1735"
"2392","383573","20220921080000","2112","1","新北市","板橋區","121.460","25.000","2421"
"4293","383574","20220921080000","4205","1","新北市","中和區","121.495","25.000","4472"
"1977","383575","20220921080000","2680","0","新北市","板橋區","121.465","25.030","1819"
"4415","383576","20220921080000","4162","1","新北市","板橋區","121.470","25.030","4432"
"158","383589","20220921080000","188","0","新北市","深坑區","121.615","25.000","172"
"366","383590","20220921080000","683","0","新北市","深坑區","121.620","25.000","369"
"1123","383591","20220921080000","1028","1","新北市","深坑區","121.625","25.000","1147"
"478","383599","20220921080000","271","3","新北市","深坑區","121.635","25.005","444"
"1415","383600","20220921080000","1225","1","新北市","深坑區","121.615","25.005","1383"
"3683","383602","20220921080000","3819","0","新北市","板橋區","121.480","25.025","3706"
"3378","383603","20220921080000","4165","0","新北市","新莊區","121.445","25.035","3662"
"208","383604","20220921080000","606","0","新北市","永和區","121.530","25.000","224"
"2108","383605","20220921080000","3027","0","新北市","板橋區","121.480","25.020","2134"
"4060","383606","20220921080000","3963","1","新北市","板橋區","121.480","25.015","4073"
"1398","383607","20220921080000","1398","1","桃園市","桃園區","121.310","25.010","1429"
"3019","383608","20220921080000","2301","2","桃園市","桃園區","121.310","25.015","3046"
"2679","383609","20220921080000","4122","0","新北市","永和區","121.510","25.010","2786"
"3498","383610","20220921080000","3627","0","新北市","永和區","121.515","25.010","3539"
"3102","383611","20220921080000","3337","0","新北市","板橋區","121.460","25.015","3318"
"2073","383612","20220921080000","2764","0","新北市","板橋區","121.465","25.000","2130"
"1739","383614","20220921080000","1347","2","桃園市","桃園區","121.300","25.010","1744"
"2845","383615","20220921080000","2600","1","桃園市","桃園區","121.315","24.995","2979"
"327","383616","20220921080000","378","0","新北市","深坑區","121.605","25.005","332"
"419","383618","20220921080000","374","1","新北市","深坑區","121.600","25.010","399"
"2031","383631","20220921080000","2059","0","新北市","深坑區","121.600","25.005","2091"
"1895","383632","20220921080000","2036","0","新北市","中和區","121.485","25.015","1898"
"2372","383633","20220921080000","2569","0","新北市","板橋區","121.475","25.015","2526"
"3688","383634","20220921080000","3968","0","新北市","板橋區","121.450","25.015","3712"
"2142","383635","20220921080000","2728","0","新北市","永和區","121.510","25.005","2208"
"2382","383636","20220921080000","2356","1","新北市","板橋區","121.450","25.010","2343"
"798","383637","20220921080000","837","0","新北市","樹林區","121.405","25.015","738"
"588","383638","20220921080000","431","2","新北市","樹林區","121.420","25.010","510"
"1292","383639","20220921080000","1099","1","新北市","樹林區","121.415","25.015","1230"
"50","383641","20220921080000","43","1","新北市","平溪區","121.765","25.035","48"
"210","383658","20220921080000","196","1","新北市","平溪區","121.775","25.040","185"
"106","383678","20220921080000","72","2","新北市","平溪區","121.740","25.025","113"
"104","383679","20220921080000","89","1","新北市","平溪區","121.745","25.025","96"
"17","383682","20220921080000","20","0","新北市","平溪區","121.745","25.030","25"
"18","383718","20220921080000","17","1","新北市","平溪區","121.780","25.025","38"
"43","383787","20220921080000","32","2","新北市","平溪區","121.750","25.005","36"
"54","383811","20220921080000","249","0","新北市","平溪區","121.715","25.020","69"
"966","383828","20220921080000","1916","0","新北市","中和區","121.475","24.995","913"
"4539","383829","20220921080000","5876","0","新北市","板橋區","121.470","25.020","4617"
"375","383830","20220921080000","430","0","新北市","板橋區","121.440","25.005","542"
"1309","383831","20220921080000","801","3","新北市","新莊區","121.440","25.015","1078"
"1263","383833","20220921080000","2211","0","新北市","永和區","121.515","25.020","1216"
"167","383834","20220921080000","159","1","新北市","汐止區","121.645","25.030","144"
"273","383848","20220921080000","270","1","新北市","汐止區","121.645","25.040","302"
"22","383859","20220921080000","35","0","新北市","汐止區","121.670","25.045","17"
"50","383862","20220921080000","84","0","新北市","汐止區","121.660","25.050","37"
"832","383865","20220921080000","1003","0","新北市","永和區","121.530","25.005","863"
"1184","383866","20220921080000","1080","1","新北市","新莊區","121.465","25.045","1089"
"1525","383867","20220921080000","1771","0","新北市","新莊區","121.415","25.025","1428"
"1395","383868","20220921080000","2308","0","新北市","中和區","121.525","24.995","1472"
"956","383871","20220921080000","1210","0","桃園市","中壢區","121.200","25.010","883"
"549","383880","20220921080000","480","1","桃園市","中壢區","121.200","25.020","569"
"49","383883","20220921080000","144","0","新北市","深坑區","121.635","25.010","59"
"5339","383889","20220921080000","3950","2","新北市","板橋區","121.465","25.015","5496"
"27","383890","20220921080000","192","0","新北市","板橋區","121.475","25.035","19"
"1271","383891","20220921080000","1195","1","新北市","板橋區","121.480","25.035","1311"
"4894","383893","20220921080000","4860","1","新北市","板橋區","121.465","25.020","4896"
"2393","383894","20220921080000","2471","0","新北市","板橋區","121.460","25.020","2550"
"3019","383895","20220921080000","2721","1","新北市","永和區","121.525","25.010","3209"
"4359","383896","20220921080000","4436","0","新北市","永和區","121.525","25.000","4661"
"1108","383897","20220921080000","1160","0","桃園市","龜山區","121.365","25.030","1002"
"1373","383900","20220921080000","1339","1","桃園市","龜山區","121.360","25.040","1255"
"1095","383902","20220921080000","1105","0","桃園市","龜山區","121.360","25.045","1016"
"1477","383903","20220921080000","1274","1","桃園市","龜山區","121.360","25.050","1555"
"911","383904","20220921080000","1341","0","桃園市","龜山區","121.365","25.050","889"
"1167","383905","20220921080000","1247","0","桃園市","龜山區","121.360","25.055","1112"
"2754","383906","20220921080000","1928","2","桃園市","龜山區","121.365","25.055","2774"
"3230","383907","20220921080000","1881","3","桃園市","龜山區","121.375","25.035","3683"
"664","383908","20220921080000","670","0","桃園市","龜山區","121.370","25.040","669"
"501","383909","20220921080000","524","0","桃園市","龜山區","121.375","25.040","450"
"111","383910","20220921080000","113","0","桃園市","龜山區","121.365","25.045","104"
"1375","383911","20220921080000","1290","1","桃園市","龜山區","121.370","25.045","1317"
"245","383912","20220921080000","294","0","桃園市","龜山區","121.375","25.045","260"
"1854","383913","20220921080000","2067","0","桃園市","龜山區","121.370","25.050","1797"
"2324","383914","20220921080000","1460","3","桃園市","龜山區","121.375","25.050","2320"
"1583","383915","20220921080000","1616","0","桃園市","龜山區","121.370","25.055","1540"
"1884","383916","20220921080000","1700","1","桃園市","龜山區","121.375","25.055","1799"
"462","383919","20220921080000","612","0","桃園市","龜山區","121.360","25.000","463"
"345","383920","20220921080000","318","1","桃園市","龜山區","121.365","25.000","356"
"729","383922","20220921080000","692","1","桃園市","龜山區","121.340","25.000","755"
"546","383924","20220921080000","384","2","桃園市","龜山區","121.340","25.005","565"
"970","383928","20220921080000","972","0","桃園市","龜山區","121.365","25.005","1014"
"559","383930","20220921080000","375","2","桃園市","龜山區","121.355","25.010","551"
"380","383939","20220921080000","506","0","桃園市","龜山區","121.360","25.020","354"
"810","383940","20220921080000","759","1","桃園市","龜山區","121.365","25.015","753"
"150","383941","20220921080000","208","0","桃園市","龜山區","121.370","25.020","150"
"160","383945","20220921080000","158","1","桃園市","龜山區","121.365","25.020","163"
"30","383952","20220921080000","31","0","桃園市","龜山區","121.380","25.025","21"
"1753","383958","20220921080000","1582","1","桃園市","龜山區","121.335","24.995","1906"
"284","383959","20220921080000","704","0","桃園市","龜山區","121.345","25.005","317"
"666","383962","20220921080000","616","1","桃園市","龜山區","121.345","25.010","708"
"391","383966","20220921080000","348","1","桃園市","龜山區","121.345","25.015","391"
"383","383978","20220921080000","391","0","桃園市","龜山區","121.350","25.020","361"
"32","383987","20220921080000","32","1","桃園市","龜山區","121.345","25.030","38"
"201","383989","20220921080000","172","1","桃園市","龜山區","121.355","25.030","182"
"102","383991","20220921080000","115","0","桃園市","龜山區","121.380","25.020","80"
"397","383995","20220921080000","456","0","桃園市","龜山區","121.385","25.025","409"
"261","383996","20220921080000","309","0","桃園市","龜山區","121.390","25.025","230"
"2802","384001","20220921080000","2227","2","桃園市","龜山區","121.390","25.030","2598"
"528","384003","20220921080000","335","3","桃園市","龜山區","121.385","25.035","473"
"1628","384004","20220921080000","1302","2","桃園市","龜山區","121.390","25.035","1773"
"272","384008","20220921080000","138","3","桃園市","龜山區","121.385","25.040","238"
"982","384009","20220921080000","1063","0","桃園市","龜山區","121.390","25.040","936"
"1851","384015","20220921080000","1530","2","桃園市","龜山區","121.380","25.050","1816"
"19","384017","20220921080000","14","2","桃園市","龜山區","121.390","25.050","23"
"92","384019","20220921080000","481","0","桃園市","龜山區","121.380","25.055","120"
"6138","384021","20220921080000","6429","0","臺北市","中山區","121.525","25.050","6080"
"6240","384022","20220921080000","6353","0","臺北市","中山區","121.530","25.055","6312"
"576","384040","20220921080000","533","1","桃園市","大園區","121.185","25.045","538"
"387","384041","20220921080000","352","1","桃園市","大園區","121.190","25.045","502"
"144","384058","20220921080000","148","0","桃園市","龜山區","121.355","24.995","134"
"517","384060","20220921080000","321","3","桃園市","龜山區","121.355","25.000","409"
"2911","384064","20220921080000","2897","1","新北市","永和區","121.510","25.020","2970"
"2607","384065","20220921080000","2951","0","臺北市","中正區","121.515","25.025","2605"
"1700","384066","20220921080000","3254","0","臺北市","中正區","121.525","25.020","1681"
"1582","384067","20220921080000","1785","0","臺北市","中正區","121.515","25.040","1676"
"7339","384068","20220921080000","7555","0","臺北市","中正區","121.515","25.045","7304"
"7122","384069","20220921080000","6021","1","臺北市","中山區","121.535","25.055","7273"
"1814","384070","20220921080000","1807","1","臺北市","文山區","121.560","25.005","1737"
"608","384071","20220921080000","748","0","臺北市","大安區","121.560","25.010","659"
"429","384072","20220921080000","1194","0","桃園市","桃園區","121.310","24.995","455"
"4649","384073","20220921080000","4399","1","臺北市","中山區","121.535","25.045","4810"
"2155","384074","20220921080000","3024","0","臺北市","中山區","121.535","25.050","2122"
"3949","384075","20220921080000","3523","1","臺北市","中正區","121.515","25.030","4007"
"4375","384076","20220921080000","6115","0","臺北市","信義區","121.565","25.025","4431"
"1584","384077","20220921080000","1840","0","臺北市","信義區","121.575","25.045","1686"
"308","384078","20220921080000","467","0","臺北市","信義區","121.585","25.035","304"
"974","384079","20220921080000","1181","0","臺北市","信義區","121.565","25.020","1019"
"791","384081","20220921080000","850","0","桃園市","桃園區","121.290","25.010","878"
"1235","384082","20220921080000","1942","0","桃園市","桃園區","121.285","25.015","1189"
"1038","384083","20220921080000","987","1","桃園市","桃園區","121.290","25.015","1029"
"4553","384084","20220921080000","5310","0","臺北市","中正區","121.525","25.045","4556"
"4374","384085","20220921080000","3442","2","臺北市","中正區","121.530","25.045","4397"
"1895","384086","20220921080000","2758","0","臺北市","中正區","121.530","25.010","1700"
"4401","384087","20220921080000","4835","0","臺北市","中山區","121.525","25.055","4462"
"2590","384088","20220921080000","2703","0","臺北市","中山區","121.540","25.045","2632"
"3529","384089","20220921080000","4033","0","臺北市","大安區","121.540","25.040","3575"
"4217","384090","20220921080000","4623","0","臺北市","中正區","121.520","25.030","4012"
"2447","384091","20220921080000","2031","2","臺北市","中正區","121.520","25.035","2262"
"5707","384092","20220921080000","5330","1","臺北市","中正區","121.520","25.040","5546"
"6885","384093","20220921080000","7282","0","臺北市","中正區","121.525","25.040","6904"
"310","384094","20220921080000","869","0","臺北市","中正區","121.525","25.015","294"
"1679","384100","20220921080000","1113","3","桃園市","中壢區","121.200","25.000","1613"
"629","384103","20220921080000","447","2","桃園市","中壢區","121.200","25.005","628"
"1203","384104","20220921080000","1530","0","新北市","泰山區","121.420","25.030","1347"
"413","384106","20220921080000","366","1","新北市","泰山區","121.425","25.035","474"
"2321","384109","20220921080000","2355","0","新北市","泰山區","121.420","25.040","2476"
"930","384111","20220921080000","961","0","新北市","泰山區","121.425","25.040","928"
"2477","384112","20220921080000","2097","1","新北市","泰山區","121.430","25.040","2472"
"108","384113","20220921080000","91","1","桃園市","龜山區","121.330","24.995","143"
"106","384129","20220921080000","129","0","桃園市","龜山區","121.375","25.010","172"
"653","384131","20220921080000","602","1","桃園市","龜山區","121.385","25.010","622"
"293","384132","20220921080000","255","1","桃園市","龜山區","121.390","25.010","268"
"1059","384140","20220921080000","1098","0","桃園市","龜山區","121.395","25.020","1198"
"611","384141","20220921080000","586","1","桃園市","龜山區","121.400","25.020","508"
"1325","384142","20220921080000","1228","1","桃園市","龜山區","121.340","24.995","1399"
"2129","384145","20220921080000","2022","1","桃園市","龜山區","121.345","25.000","1916"
"6154","384146","20220921080000","7071","0","臺北市","中山區","121.520","25.055","6096"
"927","384147","20220921080000","852","1","桃園市","桃園區","121.305","25.025","951"
"77","384149","20220921080000","64","2","桃園市","新屋區","121.030","25.000","77"
"196","384152","20220921080000","215","0","桃園市","新屋區","121.030","25.005","186"
"70","384164","20220921080000","105","0","桃園市","新屋區","121.060","24.995","106"
"223","384167","20220921080000","173","2","桃園市","新屋區","121.060","25.000","219"
"475","384185","20220921080000","551","0","桃園市","新屋區","121.075","25.005","455"
"48","384188","20220921080000","297","0","桃園市","桃園區","121.325","25.000","57"
"99","384189","20220921080000","95","1","桃園市","桃園區","121.320","25.005","144"
"1101","384190","20220921080000","1080","1","桃園市","桃園區","121.325","25.005","1066"
"2670","384194","20220921080000","3549","0","臺北市","中正區","121.510","25.025","2654"
"28","384227","20220921080000","30","0","新北市","貢寮區","121.955","25.005","25"
"28","384234","20220921080000","35","0","新北市","貢寮區","121.950","25.010","54"
"326","384241","20220921080000","246","2","新北市","貢寮區","121.945","25.015","300"
"70","384254","20220921080000","48","2","新北市","貢寮區","121.970","25.025","37"
"334","384267","20220921080000","336","0","新北市","貢寮區","121.905","25.020","342"
"27","384270","20220921080000","24","1","新北市","貢寮區","121.900","25.025","18"
"16","384288","20220921080000","10","3","新北市","貢寮區","121.930","25.000","11"
"108","384299","20220921080000","112","0","新北市","貢寮區","121.920","25.010","134"
"31","384306","20220921080000","47","0","新北市","貢寮區","121.930","25.015","34"
"26","384338","20220921080000","31","0","新北市","貢寮區","121.905","25.010","28"
"230","384342","20220921080000","286","0","新北市","貢寮區","121.945","25.020","216"
"85","384349","20220921080000","81","1","新北市","貢寮區","121.930","25.030","81"
"2139","384355","20220921080000","1759","2","桃園市","龜山區","121.400","25.015","2087"
"2987","384356","20220921080000","2776","1","桃園市","龜山區","121.405","25.020","2902"
"232","384362","20220921080000","210","1","桃園市","新屋區","121.045","25.005","224"
"230","384367","20220921080000","168","2","桃園市","桃園區","121.320","24.995","253"
"1829","384368","20220921080000","1926","0","桃園市","桃園區","121.325","24.995","1782"
"1641","384371","20220921080000","1813","0","桃園市","桃園區","121.295","25.000","1616"
"561","384372","20220921080000","531","1","桃園市","桃園區","121.280","25.005","571"
"181","384373","20220921080000","149","2","桃園市","桃園區","121.285","25.005","266"
"1518","384374","20220921080000","1796","0","桃園市","桃園區","121.280","25.010","1393"
"1464","384375","20220921080000","1819","0","桃園市","桃園區","121.300","25.000","1423"
"1250","384376","20220921080000","1299","0","桃園市","桃園區","121.305","25.000","1274"
"1152","384377","20220921080000","1023","1","桃園市","桃園區","121.310","25.025","1129"
"369","384378","20220921080000","294","2","桃園市","桃園區","121.310","25.020","407"
"867","384379","20220921080000","547","3","桃園市","桃園區","121.315","25.025","772"
"1724","384382","20220921080000","1997","0","桃園市","桃園區","121.300","25.025","1667"
"1099","384383","20220921080000","1046","1","桃園市","桃園區","121.305","25.020","1093"
"14","384386","20220921080000","16","0","桃園市","桃園區","121.300","25.030","21"
"40","384387","20220921080000","36","1","桃園市","桃園區","121.295","24.995","48"
"2538","384388","20220921080000","3448","0","臺北市","中山區","121.530","25.050","2676"
"3321","384389","20220921080000","3514","0","桃園市","桃園區","121.295","25.025","3336"
"123","384391","20220921080000","95","2","桃園市","蘆竹區","121.295","25.035","53"
"3663","384392","20220921080000","3662","1","桃園市","蘆竹區","121.295","25.040","3656"
"1946","384393","20220921080000","2264","0","桃園市","桃園區","121.300","25.015","1906"
"4287","384394","20220921080000","3416","2","桃園市","桃園區","121.295","25.015","4320"
"2597","384395","20220921080000","2367","1","桃園市","桃園區","121.320","25.010","2515"
"1809","384398","20220921080000","1139","3","桃園市","桃園區","121.310","25.000","1792"
"762","384399","20220921080000","783","0","桃園市","桃園區","121.315","25.000","781"
"516","384400","20220921080000","477","1","桃園市","桃園區","121.320","25.000","495"
"854","384401","20220921080000","828","1","桃園市","桃園區","121.310","25.005","862"
"434","384402","20220921080000","331","2","臺北市","南港區","121.590","25.035","421"
"326","384403","20220921080000","343","0","臺北市","大安區","121.550","25.015","297"
"3052","384404","20220921080000","3916","0","臺北市","大安區","121.555","25.020","3086"
"5848","384405","20220921080000","5961","0","臺北市","大安區","121.550","25.020","6039"
"1719","384408","20220921080000","1702","1","桃園市","桃園區","121.305","25.010","1715"
"2908","384409","20220921080000","4090","0","臺北市","中正區","121.530","25.015","2920"
"5058","384410","20220921080000","4729","1","臺北市","中正區","121.525","25.035","4920"
"2322","384411","20220921080000","2833","0","臺北市","中山區","121.540","25.050","2329"
"970","384412","20220921080000","1053","0","桃園市","桃園區","121.290","25.020","966"
"3944","384413","20220921080000","4778","0","臺北市","信義區","121.560","25.045","3959"
"52","384415","20220921080000","178","0","桃園市","桃園區","121.300","24.995","77"
"1536","384416","20220921080000","1668","0","桃園市","桃園區","121.290","25.025","1516"
"1097","384417","20220921080000","951","1","桃園市","桃園區","121.290","25.005","1034"
"1756","384418","20220921080000","1792","0","桃園市","桃園區","121.295","25.005","1893"
"787","384419","20220921080000","1248","0","桃園市","桃園區","121.295","25.010","892"
"2966","384420","20220921080000","3535","0","臺北市","大同區","121.510","25.055","2973"
"1323","384421","20220921080000","1370","0","臺北市","中正區","121.520","25.020","1339"
"4806","384422","20220921080000","4177","1","臺北市","信義區","121.570","25.025","4796"
"1829","384424","20220921080000","1695","1","臺北市","信義區","121.570","25.030","1785"
"1193","384425","20220921080000","1818","0","臺北市","信義區","121.575","25.030","1163"
"3650","384426","20220921080000","4094","0","臺北市","大同區","121.515","25.050","3752"
"5609","384427","20220921080000","5270","1","臺北市","中山區","121.520","25.050","5672"
"2219","384428","20220921080000","2459","0","臺北市","大同區","121.515","25.055","2223"
"2763","384429","20220921080000","2475","1","桃園市","桃園區","121.305","24.995","2653"
"2453","384430","20220921080000","2100","1","桃園市","桃園區","121.300","25.005","2434"
"1320","384431","20220921080000","1179","1","臺北市","大同區","121.505","25.050","1404"
"3319","384432","20220921080000","3273","1","臺北市","大同區","121.510","25.050","3102"
"253","384433","20220921080000","1200","0","臺北市","大安區","121.555","25.040","226"
"5973","384434","20220921080000","6395","0","臺北市","大安區","121.555","25.030","5901"
"4062","384435","20220921080000","3491","1","臺北市","大安區","121.530","25.025","4140"
"1142","384436","20220921080000","2813","0","臺北市","大安區","121.525","25.030","1061"
"5630","384437","20220921080000","5993","0","臺北市","大安區","121.525","25.025","5480"
"2925","384438","20220921080000","2954","0","臺北市","大安區","121.545","25.035","2914"
"7081","384439","20220921080000","8039","0","臺北市","大安區","121.545","25.030","7062"
"4046","384440","20220921080000","4533","0","臺北市","大安區","121.555","25.035","4136"
"3142","384441","20220921080000","5088","0","臺北市","大安區","121.550","25.025","3199"
"6443","384442","20220921080000","5768","1","臺北市","中正區","121.530","25.035","6643"
"3444","384443","20220921080000","3267","1","臺北市","中正區","121.510","25.045","3456"
"699","384446","20220921080000","603","1","桃園市","蘆竹區","121.270","25.015","680"
"472","384447","20220921080000","357","2","桃園市","蘆竹區","121.260","25.025","471"
"1437","384448","20220921080000","1164","2","桃園市","蘆竹區","121.265","25.020","1477"
"209","384449","20220921080000","376","0","桃園市","蘆竹區","121.270","25.020","265"
"10","384450","20220921080000","16","0","桃園市","蘆竹區","121.270","25.025","13"
"13","384454","20220921080000","17","0","桃園市","蘆竹區","121.255","25.000","13"
"31","384461","20220921080000","125","0","桃園市","蘆竹區","121.260","25.010","38"
"33","384463","20220921080000","181","0","桃園市","蘆竹區","121.250","25.015","34"
"463","384466","20220921080000","440","1","桃園市","蘆竹區","121.250","25.020","475"
"1316","384467","20220921080000","1071","2","桃園市","蘆竹區","121.255","25.020","1566"
"2389","384468","20220921080000","2044","1","桃園市","蘆竹區","121.260","25.020","2427"
"2764","384469","20220921080000","2975","0","桃園市","蘆竹區","121.295","25.055","2847"
"846","384473","20220921080000","848","0","桃園市","桃園區","121.305","25.030","798"
"150","384480","20220921080000","328","0","桃園市","龜山區","121.305","25.035","195"
"497","384489","20220921080000","789","0","桃園市","蘆竹區","121.295","25.045","503"
"1082","384497","20220921080000","1509","0","桃園市","龜山區","121.305","25.045","1144"
"418","384499","20220921080000","705","0","桃園市","龜山區","121.315","25.045","445"
"29","384502","20220921080000","22","2","桃園市","龜山區","121.330","25.045","33"
"670","384507","20220921080000","483","2","桃園市","龜山區","121.320","25.050","646"
"1166","384514","20220921080000","1023","1","桃園市","龜山區","121.335","25.055","982"
"561","384517","20220921080000","691","0","桃園市","龜山區","121.340","25.035","567"
"287","384521","20220921080000","241","1","桃園市","龜山區","121.345","25.040","266"
"252","384522","20220921080000","251","1","桃園市","龜山區","121.350","25.040","262"
"37","384523","20220921080000","29","2","桃園市","龜山區","121.355","25.040","25"
"702","384525","20220921080000","836","0","桃園市","龜山區","121.350","25.045","763"
"569","384526","20220921080000","500","1","桃園市","龜山區","121.355","25.045","562"
"11","384527","20220921080000","47","0","桃園市","龜山區","121.345","25.050","22"
"716","384528","20220921080000","800","0","桃園市","龜山區","121.350","25.050","705"
"415","384532","20220921080000","363","1","桃園市","龜山區","121.350","25.055","410"
"1184","384533","20220921080000","2279","0","臺北市","信義區","121.570","25.035","1149"
"2385","384534","20220921080000","3337","0","臺北市","信義區","121.575","25.035","2423"
"20","384537","20220921080000","22","0","臺北市","南港區","121.625","25.020","27"
"129","384549","20220921080000","139","0","臺北市","南港區","121.630","25.030","108"
"943","384552","20220921080000","789","1","臺北市","南港區","121.620","25.035","972"
"107","384554","20220921080000","85","2","新北市","汐止區","121.630","25.035","96"
"1092","384555","20220921080000","951","1","臺北市","南港區","121.620","25.040","1062"
"3420","384556","20220921080000","4946","0","臺北市","信義區","121.575","25.040","3504"
"3797","384557","20220921080000","4595","0","臺北市","南港區","121.585","25.045","3855"
"97","384572","20220921080000","59","3","新北市","雙溪區","121.825","25.025","100"
"750","384614","20220921080000","903","0","新北市","雙溪區","121.865","25.035","740"
"37","384624","20220921080000","31","1","新北市","雙溪區","121.830","25.000","29"
"16","384641","20220921080000","31","0","新北市","雙溪區","121.805","25.015","23"
"109","384662","20220921080000","87","2","新北市","雙溪區","121.840","25.035","96"
"305","384679","20220921080000","238","2","新北市","雙溪區","121.865","25.040","312"
"39","384696","20220921080000","28","2","新北市","雙溪區","121.845","24.995","35"
"718","384710","20220921080000","678","1","桃園市","桃園區","121.275","25.020","622"
"541","384711","20220921080000","568","0","桃園市","桃園區","121.280","25.020","524"
"626","384716","20220921080000","810","0","臺北市","信義區","121.565","25.030","602"
"7895","384717","20220921080000","8402","0","臺北市","信義區","121.560","25.030","7710"
"2183","384718","20220921080000","3480","0","臺北市","中正區","121.520","25.025","2108"
"585","384719","20220921080000","940","0","桃園市","大園區","121.210","25.005","626"
"1287","384720","20220921080000","1222","1","桃園市","大園區","121.210","25.010","1216"
"1513","384721","20220921080000","1208","2","桃園市","大園區","121.210","25.015","1554"
"866","384722","20220921080000","821","1","桃園市","大園區","121.210","25.020","738"
"113","384723","20220921080000","187","0","桃園市","大園區","121.220","25.020","119"
"981","384726","20220921080000","1018","0","桃園市","大園區","121.220","25.025","883"
"515","384729","20220921080000","604","0","桃園市","大園區","121.215","25.025","508"
"550","384731","20220921080000","506","1","桃園市","大園區","121.205","25.035","549"
"487","384739","20220921080000","333","2","桃園市","大園區","121.205","25.050","431"
"66","384743","20220921080000","70","0","桃園市","大園區","121.210","25.055","72"
"3277","384744","20220921080000","3854","0","臺北市","信義區","121.580","25.040","3270"
"1178","384745","20220921080000","1511","0","臺北市","中正區","121.510","25.030","1083"
"4779","384746","20220921080000","4419","1","臺北市","中正區","121.520","25.045","4690"
"2619","384747","20220921080000","3242","0","臺北市","中正區","121.505","25.030","2596"
"3378","384748","20220921080000","3043","1","臺北市","中正區","121.510","25.035","3536"
"844","384749","20220921080000","851","0","臺北市","中正區","121.515","25.035","911"
"3258","384750","20220921080000","3436","0","臺北市","中正區","121.510","25.040","3289"
"2012","384751","20220921080000","1733","1","桃園市","桃園區","121.305","25.015","1942"
"1632","384752","20220921080000","1816","0","桃園市","桃園區","121.300","25.020","1626"
"3012","384754","20220921080000","2847","1","桃園市","桃園區","121.295","25.020","3104"
"2407","384756","20220921080000","2648","0","桃園市","桃園區","121.315","25.015","2532"
"466","384757","20220921080000","1899","0","桃園市","桃園區","121.315","25.020","487"
"1674","384759","20220921080000","1963","0","桃園市","桃園區","121.305","25.005","1713"
"3976","384760","20220921080000","4870","0","臺北市","信義區","121.570","25.045","3942"
"645","384761","20220921080000","598","1","臺北市","信義區","121.575","25.015","650"
"707","384763","20220921080000","772","0","臺北市","信義區","121.575","25.020","683"
"377","384770","20220921080000","453","0","桃園市","大園區","121.225","25.015","373"
"608","384775","20220921080000","782","0","桃園市","大園區","121.230","25.020","510"
"60","384776","20220921080000","53","1","桃園市","大園區","121.235","25.020","64"
"343","384777","20220921080000","508","0","桃園市","大園區","121.240","25.020","305"
"282","384783","20220921080000","247","1","桃園市","大園區","121.230","25.025","240"
"79","384787","20220921080000","89","0","桃園市","大園區","121.220","25.035","101"
"770","384788","20220921080000","690","1","桃園市","大園區","121.225","25.035","735"
"532","384790","20220921080000","511","1","桃園市","大園區","121.165","25.050","547"
"603","384794","20220921080000","622","0","桃園市","大園區","121.160","25.055","600"
"208","384798","20220921080000","215","0","桃園市","大園區","121.175","25.055","255"
"443","384806","20220921080000","393","1","桃園市","大園區","121.175","25.030","446"
"318","384811","20220921080000","179","3","桃園市","大園區","121.180","25.035","292"
"320","384818","20220921080000","210","3","桃園市","大園區","121.215","25.035","301"
"478","384824","20220921080000","549","0","桃園市","大園區","121.215","25.045","531"
"143","384830","20220921080000","161","0","桃園市","大園區","121.215","25.055","164"
"651","384831","20220921080000","666","0","桃園市","大園區","121.220","25.055","625"
"3572","384843","20220921080000","4660","0","臺北市","松山區","121.550","25.045","3613"
"2229","384844","20220921080000","2792","0","臺北市","信義區","121.565","25.045","2267"
"90","384845","20220921080000","56","3","臺北市","南港區","121.595","25.035","91"
"2866","384846","20220921080000","3054","0","臺北市","大安區","121.535","25.020","2896"
"1348","384847","20220921080000","1131","1","臺北市","大安區","121.535","25.030","1465"
"1584","384848","20220921080000","1273","2","臺北市","文山區","121.575","25.000","1575"
"103","384849","20220921080000","109","0","臺北市","文山區","121.590","25.000","150"
"359","384853","20220921080000","397","0","臺北市","文山區","121.585","25.005","312"
"371","384856","20220921080000","288","2","臺北市","文山區","121.570","25.010","374"
"144","384857","20220921080000","188","0","臺北市","文山區","121.575","25.010","151"
"159","384858","20220921080000","146","1","臺北市","文山區","121.580","25.010","121"
"84","384862","20220921080000","54","3","臺北市","文山區","121.590","25.010","77"
"1680","384864","20220921080000","1064","3","臺北市","大安區","121.540","25.010","1691"
"3451","384865","20220921080000","3490","0","臺北市","文山區","121.540","25.005","3516"
"1416","384868","20220921080000","1517","0","臺北市","萬華區","121.490","25.035","1340"
"3654","384871","20220921080000","3376","1","臺北市","文山區","121.560","25.000","3846"
"1737","384874","20220921080000","1615","1","臺北市","萬華區","121.495","25.015","1772"
"70","384876","20220921080000","72","0","臺北市","信義區","121.565","25.015","82"
"3901","384878","20220921080000","4027","0","臺北市","大安區","121.550","25.035","3688"
"3381","384879","20220921080000","3422","0","臺北市","中正區","121.530","25.040","3379"
"11240","384880","20220921080000","9097","2","臺北市","大安區","121.550","25.030","10921"
"4032","384881","20220921080000","4678","0","臺北市","信義區","121.555","25.025","3883"
"1247","384882","20220921080000","841","2","臺北市","文山區","121.550","24.995","1169"
"3310","384883","20220921080000","2969","1","臺北市","文山區","121.550","25.000","3508"
"3231","384884","20220921080000","4128","0","臺北市","萬華區","121.500","25.020","3221"
"4609","384885","20220921080000","4571","1","臺北市","大安區","121.530","25.020","4685"
"5676","384886","20220921080000","4975","1","臺北市","大安區","121.540","25.035","5663"
"390","384888","20220921080000","388","1","臺北市","文山區","121.565","25.000","337"
"189","384889","20220921080000","420","0","臺北市","文山區","121.565","25.005","188"
"867","384890","20220921080000","1013","0","臺北市","文山區","121.570","25.005","912"
"44","384893","20220921080000","63","0","臺北市","文山區","121.585","24.995","53"
"435","384895","20220921080000","371","1","臺北市","文山區","121.580","25.000","423"
"14","384896","20220921080000","11","2","臺北市","文山區","121.585","25.000","16"
"638","384897","20220921080000","635","1","新北市","深坑區","121.600","25.000","716"
"3932","384898","20220921080000","4593","0","臺北市","文山區","121.540","24.995","3831"
"398","384899","20220921080000","288","2","臺北市","文山區","121.570","24.995","392"
"1664","384900","20220921080000","1482","1","臺北市","文山區","121.570","25.000","1671"
"4825","384901","20220921080000","4827","0","臺北市","文山區","121.540","25.000","4833"
"1552","384903","20220921080000","1923","0","臺北市","萬華區","121.505","25.020","1519"
"1193","384904","20220921080000","1279","0","臺北市","文山區","121.555","24.995","1378"
"1667","384905","20220921080000","1340","2","臺北市","文山區","121.560","24.995","1658"
"1685","384906","20220921080000","2196","0","臺北市","文山區","121.555","25.000","1369"
"1631","384907","20220921080000","1651","0","臺北市","文山區","121.550","25.005","1658"
"514","384908","20220921080000","397","2","臺北市","大安區","121.550","25.010","473"
"2348","384909","20220921080000","2553","0","臺北市","大安區","121.540","25.015","2275"
"1530","384911","20220921080000","2439","0","臺北市","中正區","121.535","25.010","1616"
"761","384913","20220921080000","1464","0","臺北市","大安區","121.545","25.010","778"
"3614","384914","20220921080000","3533","1","臺北市","大安區","121.535","25.015","3771"
"1124","384916","20220921080000","1357","0","臺北市","大安區","121.545","25.015","1150"
"4736","384917","20220921080000","5457","0","臺北市","大安區","121.550","25.040","4855"
"2067","384918","20220921080000","1397","2","臺北市","文山區","121.535","24.995","2131"
"3095","384919","20220921080000","2949","1","臺北市","松山區","121.545","25.045","3107"
"3198","384920","20220921080000","3400","0","臺北市","萬華區","121.500","25.040","3204"
"796","384922","20220921080000","941","0","臺北市","萬華區","121.490","25.030","768"
"5505","384923","20220921080000","5516","0","臺北市","萬華區","121.505","25.045","5471"
"1972","384924","20220921080000","2230","0","臺北市","南港區","121.585","25.050","1721"
"1230","384925","20220921080000","1743","0","臺北市","南港區","121.590","25.050","1250"
"1141","384926","20220921080000","1702","0","臺北市","南港區","121.590","25.040","1256"
"347","384927","20220921080000","589","0","臺北市","南港區","121.590","25.045","334"
"1127","384929","20220921080000","1361","0","臺北市","南港區","121.595","25.040","1162"
"387","384931","20220921080000","759","0","臺北市","南港區","121.595","25.045","375"
"180","384932","20220921080000","233","0","臺北市","南港區","121.600","25.045","186"
"1972","384933","20220921080000","1773","1","臺北市","南港區","121.595","25.050","1970"
"3511","384935","20220921080000","4239","0","臺北市","萬華區","121.495","25.030","3558"
"2374","384936","20220921080000","1858","2","臺北市","萬華區","121.490","25.025","2433"
"639","384937","20220921080000","554","1","臺北市","文山區","121.555","25.010","712"
"158","384938","20220921080000","194","0","臺北市","信義區","121.565","25.010","150"
"1951","384940","20220921080000","2671","0","臺北市","大安區","121.560","25.015","1941"
"4670","384941","20220921080000","4073","1","臺北市","松山區","121.550","25.050","4491"
"204","384942","20220921080000","397","0","臺北市","大安區","121.540","25.020","207"
"76","384943","20220921080000","2061","0","臺北市","大安區","121.540","25.025","85"
"7472","384944","20220921080000","7844","0","臺北市","松山區","121.555","25.050","7488"
"1856","384945","20220921080000","1616","1","臺北市","萬華區","121.495","25.035","1831"
"648","384946","20220921080000","732","0","臺北市","萬華區","121.495","25.040","641"
"892","384947","20220921080000","884","1","臺北市","文山區","121.565","24.995","917"
"3922","384948","20220921080000","3731","1","臺北市","松山區","121.560","25.050","4022"
"3510","384949","20220921080000","4888","0","臺北市","松山區","121.565","25.050","3621"
"1618","384950","20220921080000","1125","2","臺北市","萬華區","121.490","25.020","1521"
"963","384951","20220921080000","999","0","臺北市","萬華區","121.500","25.030","1058"
"3829","384952","20220921080000","3936","0","臺北市","萬華區","121.505","25.040","3747"
"5012","384955","20220921080000","5641","0","臺北市","大安區","121.535","25.040","4981"
"3462","384956","20220921080000","2548","2","臺北市","松山區","121.555","25.045","3502"
"2562","384957","20220921080000","2230","1","臺北市","松山區","121.575","25.050","2439"
"5247","384958","20220921080000","5551","0","臺北市","南港區","121.580","25.050","5217"
"275","384960","20220921080000","454","0","臺北市","信義區","121.580","25.030","212"
"2288","384961","20220921080000","3509","0","臺北市","信義區","121.580","25.035","2459"
"1452","384962","20220921080000","4087","0","臺北市","信義區","121.580","25.045","1441"
"2678","384963","20220921080000","3994","0","臺北市","萬華區","121.500","25.035","2773"
"3693","384964","20220921080000","5052","0","臺北市","松山區","121.545","25.050","3678"
"1725","384965","20220921080000","1628","1","臺北市","萬華區","121.495","25.020","1708"
"2055","384966","20220921080000","2376","0","臺北市","萬華區","121.500","25.025","2048"
"398","384968","20220921080000","367","1","臺北市","信義區","121.570","25.015","390"
"116","384969","20220921080000","1478","0","臺北市","信義區","121.570","25.020","126"
"2346","384970","20220921080000","3575","0","臺北市","信義區","121.560","25.040","2200"
"4313","384971","20220921080000","5314","0","臺北市","大安區","121.535","25.035","4263"
"1828","384972","20220921080000","1847","0","臺北市","文山區","121.545","24.995","1811"
"1573","384973","20220921080000","1432","1","臺北市","大安區","121.555","25.015","1597"
"2986","384974","20220921080000","3525","0","臺北市","大安區","121.540","25.030","2881"
"175","384975","20220921080000","166","1","臺北市","文山區","121.545","25.005","179"
"796","384976","20220921080000","708","1","臺北市","文山區","121.535","25.000","789"
"678","384977","20220921080000","876","0","臺北市","文山區","121.535","25.005","636"
"2867","384978","20220921080000","3943","0","臺北市","萬華區","121.505","25.025","2814"
"1317","384983","20220921080000","1107","1","臺北市","南港區","121.610","25.050","1212"
"79","384984","20220921080000","163","0","臺北市","南港區","121.615","25.050","66"
"1334","384986","20220921080000","1007","2","臺北市","南港區","121.615","25.040","1325"
"1010","384987","20220921080000","2034","0","臺北市","南港區","121.615","25.045","952"
"18","384991","20220921080000","14","2","臺北市","南港區","121.590","25.015","13"
"29","384992","20220921080000","24","2","臺北市","南港區","121.595","25.015","26"
"46","384996","20220921080000","45","1","臺北市","南港區","121.600","25.020","48"
"336","384997","20220921080000","332","1","臺北市","南港區","121.605","25.020","312"
"50","385006","20220921080000","59","0","臺北市","南港區","121.620","25.025","52"
"949","385010","20220921080000","706","2","臺北市","南港區","121.610","25.030","943"
"26","385015","20220921080000","533","0","臺北市","南港區","121.615","25.035","29"
"4761","385016","20220921080000","4300","1","臺北市","大安區","121.535","25.025","4610"
"3367","385018","20220921080000","3689","0","臺北市","大安區","121.545","25.020","3473"
"3458","385019","20220921080000","3960","0","臺北市","信義區","121.565","25.040","3482"
"3926","385020","20220921080000","3747","1","臺北市","信義區","121.570","25.040","4027"
"1323","385021","20220921080000","3284","0","臺北市","信義區","121.560","25.035","1383"
"2455","385022","20220921080000","2508","0","臺北市","信義區","121.565","25.035","2322"
"327","385023","20220921080000","271","2","臺北市","文山區","121.555","25.005","318"
"1846","385025","20220921080000","1759","1","臺北市","文山區","121.545","25.000","1834"
"4416","385026","20220921080000","4683","0","臺北市","萬華區","121.505","25.035","4473"
"1586","385027","20220921080000","1889","0","臺北市","萬華區","121.495","25.025","1620"
"6286","385028","20220921080000","6749","0","臺北市","大安區","121.545","25.040","6350"
"1836","385029","20220921080000","1832","1","臺北市","信義區","121.560","25.020","1855"
"36","385032","20220921080000","26","2","臺北市","信義區","121.590","25.030","25"
"3115","385033","20220921080000","3483","0","臺北市","信義區","121.585","25.040","2955"
"3919","385034","20220921080000","4085","0","臺北市","大安區","121.530","25.030","3895"
"3347","385035","20220921080000","3345","1","臺北市","大安區","121.545","25.025","3302"
"69","387378","20220921080000","41","3","新北市","貢寮區","121.920","25.075","62"
"334","391023","20220921080000","327","1","桃園市","大園區","121.240","25.115","328"
"225","392790","20220921080000","413","0","新北市","林口區","121.360","25.135","220"
"879","392791","20220921080000","755","1","基隆市","中正區(海)","121.745","25.135","1087"
"101","392792","20220921080000","77","2","新北市","瑞芳區","121.805","25.135","82"
"899","393254","20220921080000","969","0","基隆市","中正區(海)","121.750","25.140","1069"
"2862","394037","20220921080000","3365","0","基隆市","七堵區","121.700","25.085","2785"
"120","394044","20220921080000","73","3","基隆市","七堵區","121.715","25.105","129"
"35","394049","20220921080000","33","1","基隆市","安樂區","121.710","25.120","30"
"688","394050","20220921080000","620","1","基隆市","中正區","121.760","25.140","633"
"1049","394051","20220921080000","1067","0","基隆市","中正區","121.755","25.135","1036"
"1521","394053","20220921080000","1292","1","基隆市","安樂區","121.720","25.125","1488"
"719","394054","20220921080000","712","1","基隆市","中山區","121.730","25.145","712"
"1287","394055","20220921080000","1447","0","新北市","三重區","121.475","25.065","1302"
"1832","394056","20220921080000","1458","2","新北市","三重區","121.490","25.070","1897"
"3744","394057","20220921080000","3316","1","新北市","汐止區","121.635","25.065","3811"
"2997","394058","20220921080000","2509","1","新北市","汐止區","121.660","25.065","2954"
"28","394059","20220921080000","21","2","新北市","汐止區","121.665","25.050","26"
"777","394060","20220921080000","675","1","新北市","汐止區","121.670","25.055","846"
"898","394062","20220921080000","1330","0","新北市","汐止區","121.665","25.055","853"
"1179","394064","20220921080000","3187","0","新北市","汐止區","121.660","25.060","1222"
"802","394066","20220921080000","574","2","基隆市","七堵區","121.695","25.080","817"
"1039","394068","20220921080000","1119","0","基隆市","七堵區","121.720","25.100","1040"
"842","394069","20220921080000","1321","0","基隆市","中正區","121.750","25.135","972"
"173","394070","20220921080000","321","0","基隆市","中正區","121.755","25.140","250"
"739","394072","20220921080000","760","0","基隆市","中正區","121.770","25.145","752"
"681","394074","20220921080000","765","0","基隆市","暖暖區","121.730","25.095","684"
"819","394075","20220921080000","842","0","基隆市","暖暖區","121.735","25.105","791"
"344","394076","20220921080000","512","0","基隆市","暖暖區","121.735","25.110","359"
"528","394077","20220921080000","425","2","基隆市","暖暖區","121.740","25.100","553"
"782","394078","20220921080000","907","0","基隆市","中山區","121.735","25.135","817"
"329","394082","20220921080000","371","0","基隆市","安樂區","121.705","25.140","348"
"51","394085","20220921080000","28","3","基隆市","安樂區","121.700","25.145","35"
"1370","394090","20220921080000","1336","1","基隆市","安樂區","121.715","25.125","1430"
"2186","394091","20220921080000","2386","0","基隆市","仁愛區","121.740","25.125","2278"
"963","394092","20220921080000","777","2","臺北市","大同區","121.510","25.070","917"
"4025","394093","20220921080000","3342","2","新北市","三重區","121.500","25.055","4084"
"4449","394094","20220921080000","4301","1","新北市","三重區","121.500","25.065","4437"
"645","394095","20220921080000","679","0","基隆市","中山區","121.740","25.135","644"
"2916","394096","20220921080000","3608","0","基隆市","信義區","121.755","25.130","2948"
"757","394097","20220921080000","914","0","基隆市","仁愛區","121.735","25.125","769"
"343","394098","20220921080000","368","0","基隆市","安樂區","121.725","25.140","355"
"115","394099","20220921080000","846","0","基隆市","安樂區","121.730","25.130","130"
"2614","394102","20220921080000","2669","0","新北市","五股區","121.450","25.105","2687"
"1252","394106","20220921080000","870","2","新北市","五股區","121.440","25.090","1243"
"931","394108","20220921080000","816","1","新北市","五股區","121.440","25.095","917"
"208","394109","20220921080000","224","0","新北市","五股區","121.430","25.100","236"
"78","394115","20220921080000","408","0","新北市","五股區","121.445","25.075","76"
"1105","394118","20220921080000","1389","0","新北市","五股區","121.460","25.075","1232"
"1427","394121","20220921080000","997","2","新北市","五股區","121.455","25.080","1416"
"65","394125","20220921080000","136","0","新北市","五股區","121.430","25.085","53"
"1377","394126","20220921080000","1620","0","新北市","五股區","121.435","25.085","1394"
"51","394127","20220921080000","51","1","新北市","五股區","121.420","25.090","54"
"1756","394129","20220921080000","2156","0","新北市","五股區","121.430","25.070","1842"
"1889","394130","20220921080000","1980","0","新北市","五股區","121.435","25.070","2082"
"299","394135","20220921080000","292","1","新北市","五股區","121.425","25.070","304"
"57","394136","20220921080000","45","2","新北市","林口區","121.405","25.075","69"
"88","394138","20220921080000","64","2","新北市","五股區","121.405","25.080","92"
"1105","394139","20220921080000","1224","0","新北市","新莊區","121.450","25.060","1073"
"1934","394141","20220921080000","1905","1","新北市","新莊區","121.455","25.060","1673"
"537","394142","20220921080000","622","0","新北市","五股區","121.450","25.070","484"
"1960","394144","20220921080000","1252","3","新北市","五股區","121.455","25.070","1598"
"1344","394146","20220921080000","1380","0","新北市","五股區","121.465","25.070","1423"
"418","394147","20220921080000","458","0","新北市","五股區","121.465","25.075","415"
"194","394149","20220921080000","231","0","新北市","五股區","121.435","25.105","215"
"161","394150","20220921080000","130","2","新北市","五股區","121.420","25.110","213"
"108","394155","20220921080000","84","2","新北市","五股區","121.420","25.115","77"
"42","394166","20220921080000","39","1","新北市","五股區","121.425","25.120","45"
"110","394170","20220921080000","135","0","新北市","五股區","121.420","25.125","99"
"1061","394174","20220921080000","1149","0","基隆市","信義區","121.765","25.125","1039"
"1156","394175","20220921080000","956","2","基隆市","信義區","121.760","25.130","1163"
"558","394176","20220921080000","536","1","基隆市","中正區","121.760","25.135","689"
"272","394178","20220921080000","222","2","基隆市","七堵區","121.700","25.070","272"
"708","394179","20220921080000","654","1","基隆市","七堵區","121.695","25.075","620"
"1581","394181","20220921080000","1667","0","基隆市","七堵區","121.715","25.095","1485"
"740","394182","20220921080000","754","0","基隆市","七堵區","121.720","25.095","713"
"820","394185","20220921080000","785","1","基隆市","中山區","121.720","25.140","806"
"2102","394186","20220921080000","2436","0","基隆市","中山區","121.725","25.145","2025"
"912","394187","20220921080000","785","1","新北市","五股區","121.435","25.090","916"
"889","394188","20220921080000","996","0","新北市","五股區","121.440","25.080","989"
"686","394189","20220921080000","1180","0","新北市","五股區","121.440","25.085","666"
"52","394191","20220921080000","46","1","新北市","五股區","121.415","25.085","53"
"152","394193","20220921080000","161","0","新北市","五股區","121.415","25.090","144"
"114","394196","20220921080000","92","2","新北市","五股區","121.410","25.100","118"
"167","394202","20220921080000","194","0","新北市","五股區","121.405","25.110","181"
"36","394207","20220921080000","73","0","新北市","五股區","121.410","25.110","34"
"21","394208","20220921080000","34","0","新北市","八里區","121.400","25.115","22"
"262","394211","20220921080000","319","0","新北市","五股區","121.425","25.095","283"
"35","394214","20220921080000","453","0","新北市","泰山區","121.435","25.065","99"
"229","394216","20220921080000","222","1","新北市","五股區","121.415","25.075","234"
"152","394218","20220921080000","130","1","新北市","五股區","121.425","25.075","158"
"943","394220","20220921080000","933","1","新北市","五股區","121.435","25.075","1029"
"77","394223","20220921080000","87","0","新北市","五股區","121.420","25.080","80"
"890","394226","20220921080000","845","1","新北市","五股區","121.435","25.080","831"
"1094","394227","20220921080000","983","1","新北市","五股區","121.445","25.090","1082"
"892","394229","20220921080000","794","1","新北市","五股區","121.445","25.095","927"
"40","394230","20220921080000","337","0","新北市","五股區","121.450","25.095","39"
"616","394234","20220921080000","1219","0","新北市","五股區","121.450","25.100","644"
"4406","394235","20220921080000","4210","1","新北市","三重區","121.495","25.070","4487"
"2859","394236","20220921080000","2803","1","新北市","三重區","121.500","25.070","2956"
"4767","394237","20220921080000","4902","0","新北市","三重區","121.490","25.065","4535"
"3016","394238","20220921080000","1791","3","基隆市","中正區","121.785","25.135","2988"
"1663","394242","20220921080000","2178","0","基隆市","安樂區","121.720","25.120","1709"
"1158","394243","20220921080000","1874","0","新北市","三重區","121.505","25.060","1113"
"3536","394244","20220921080000","3894","0","新北市","三重區","121.480","25.060","3509"
"1917","394247","20220921080000","1941","0","新北市","三重區","121.485","25.070","1870"
"1016","394248","20220921080000","608","3","基隆市","中正區","121.790","25.135","1065"
"958","394252","20220921080000","882","1","基隆市","信義區","121.765","25.130","989"
"54","394254","20220921080000","352","0","基隆市","信義區","121.770","25.135","91"
"1169","394258","20220921080000","1451","0","基隆市","信義區","121.770","25.130","1179"
"809","394259","20220921080000","804","1","基隆市","信義區","121.775","25.130","769"
"40","394262","20220921080000","73","0","基隆市","信義區","121.790","25.115","45"
"153","394265","20220921080000","118","2","基隆市","信義區","121.790","25.120","165"
"399","394266","20220921080000","352","1","基隆市","信義區","121.785","25.125","432"
"1565","394270","20220921080000","1749","0","基隆市","信義區","121.775","25.135","1530"
"608","394272","20220921080000","619","0","基隆市","安樂區","121.725","25.135","587"
"1348","394273","20220921080000","1550","0","基隆市","安樂區","121.715","25.140","1406"
"2110","394275","20220921080000","2200","0","基隆市","中山區","121.735","25.130","2000"
"253","394276","20220921080000","952","0","基隆市","安樂區","121.725","25.125","280"
"1258","394277","20220921080000","1249","1","基隆市","安樂區","121.725","25.130","1141"
"140","394278","20220921080000","189","0","基隆市","中山區","121.720","25.145","158"
"1787","394280","20220921080000","1860","0","基隆市","仁愛區","121.740","25.130","1769"
"845","394281","20220921080000","718","1","基隆市","安樂區","121.730","25.135","837"
"2702","394282","20220921080000","2855","0","新北市","三重區","121.490","25.075","2825"
"3748","394283","20220921080000","4108","0","新北市","三重區","121.490","25.060","3823"
"2041","394284","20220921080000","2937","0","新北市","三重區","121.495","25.060","2084"
"743","394285","20220921080000","798","0","基隆市","中山區","121.740","25.145","726"
"1312","394288","20220921080000","1414","0","基隆市","安樂區","121.710","25.140","1321"
"1172","394290","20220921080000","1028","1","基隆市","安樂區","121.710","25.150","1186"
"579","394291","20220921080000","424","2","基隆市","中山區","121.715","25.145","547"
"143","394292","20220921080000","501","0","新北市","三重區","121.485","25.065","153"
"660","394293","20220921080000","830","0","臺北市","大同區","121.510","25.075","661"
"4075","394294","20220921080000","4208","0","新北市","三重區","121.500","25.060","4215"
"2099","394295","20220921080000","1627","2","新北市","三重區","121.475","25.055","2051"
"389","394297","20220921080000","392","0","新北市","五股區","121.460","25.070","431"
"1441","394298","20220921080000","1139","2","新北市","三重區","121.470","25.060","1470"
"1153","394299","20220921080000","1517","0","新北市","三重區","121.470","25.065","1133"
"604","394301","20220921080000","648","0","新北市","三重區","121.505","25.075","623"
"1871","394302","20220921080000","2042","0","新北市","三重區","121.485","25.080","1893"
"222","394303","20220921080000","271","0","基隆市","中山區","121.740","25.140","237"
"1371","394304","20220921080000","1358","1","新北市","三重區","121.470","25.070","1383"
"234","394305","20220921080000","227","1","基隆市","信義區","121.780","25.135","147"
"611","394306","20220921080000","1202","0","基隆市","信義區","121.780","25.130","766"
"673","394307","20220921080000","757","0","基隆市","信義區","121.780","25.140","689"
"340","394308","20220921080000","496","0","基隆市","中正區","121.785","25.140","354"
"183","394312","20220921080000","108","3","基隆市","信義區","121.775","25.125","168"
"791","394313","20220921080000","871","0","基隆市","信義區","121.780","25.125","789"
"101","394317","20220921080000","91","1","新北市","瑞芳區","121.760","25.110","101"
"32","394320","20220921080000","57","0","基隆市","信義區","121.765","25.115","57"
"301","394321","20220921080000","243","2","基隆市","信義區","121.765","25.120","320"
"1234","394324","20220921080000","1012","2","基隆市","信義區","121.760","25.125","1479"
"1529","394325","20220921080000","1854","0","新北市","三重區","121.490","25.085","1401"
"637","394326","20220921080000","608","1","新北市","三重區","121.490","25.090","559"
"261","394327","20220921080000","139","3","新北市","三重區","121.495","25.090","303"
"2026","394329","20220921080000","1838","1","新北市","三重區","121.475","25.070","2115"
"2842","394330","20220921080000","2965","0","新北市","三重區","121.480","25.070","3019"
"2204","394332","20220921080000","1517","2","新北市","泰山區","121.430","25.065","2294"
"1172","394333","20220921080000","1550","0","新北市","泰山區","121.440","25.060","1371"
"535","394335","20220921080000","522","1","基隆市","中山區","121.735","25.140","485"
"47","394336","20220921080000","853","0","基隆市","中山區","121.730","25.140","52"
"93","394337","20220921080000","359","0","基隆市","暖暖區","121.735","25.100","100"
"45","394358","20220921080000","54","0","基隆市","暖暖區","121.755","25.075","25"
"44","394364","20220921080000","30","2","基隆市","暖暖區","121.745","25.085","32"
"491","394398","20220921080000","430","1","基隆市","暖暖區","121.740","25.090","540"
"18","394401","20220921080000","178","0","基隆市","暖暖區","121.735","25.095","19"
"10","394402","20220921080000","470","0","基隆市","暖暖區","121.740","25.095","15"
"3293","394404","20220921080000","3164","1","基隆市","暖暖區","121.755","25.095","3242"
"30","394405","20220921080000","530","0","基隆市","暖暖區","121.750","25.090","40"
"325","394407","20220921080000","255","2","基隆市","暖暖區","121.750","25.095","430"
"1515","394413","20220921080000","1482","1","基隆市","暖暖區","121.740","25.105","1508"
"432","394418","20220921080000","422","1","基隆市","暖暖區","121.730","25.100","406"
"1228","394422","20220921080000","1192","1","基隆市","安樂區","121.705","25.145","1165"
"1429","394423","20220921080000","1140","2","基隆市","安樂區","121.710","25.145","1579"
"2309","394426","20220921080000","2675","0","新北市","三重區","121.490","25.080","2299"
"1592","394427","20220921080000","2124","0","新北市","三重區","121.485","25.075","1674"
"3791","394428","20220921080000","3446","1","新北市","三重區","121.480","25.075","3385"
"23","394429","20220921080000","176","0","基隆市","中山區","121.735","25.145","26"
"4606","394430","20220921080000","5171","0","新北市","三重區","121.495","25.065","4538"
"2710","394435","20220921080000","2722","0","基隆市","仁愛區","121.745","25.125","2779"
"746","394436","20220921080000","768","0","基隆市","仁愛區","121.745","25.120","748"
"2824","394438","20220921080000","2759","1","新北市","三重區","121.485","25.060","2762"
"1445","394441","20220921080000","1358","1","基隆市","暖暖區","121.750","25.100","1381"
"1023","394442","20220921080000","980","1","基隆市","安樂區","121.730","25.115","977"
"3475","394444","20220921080000","3305","1","基隆市","安樂區","121.725","25.120","3695"
"819","394447","20220921080000","1427","0","新北市","三重區","121.495","25.075","856"
"2107","394450","20220921080000","2303","0","新北市","三重區","121.495","25.085","2207"
"4668","394451","20220921080000","4350","1","新北市","三重區","121.480","25.065","4685"
"449","394458","20220921080000","459","0","基隆市","暖暖區","121.730","25.110","426"
"496","394461","20220921080000","323","3","基隆市","七堵區","121.700","25.075","505"
"257","394464","20220921080000","273","0","基隆市","七堵區","121.705","25.085","238"
"998","394466","20220921080000","939","1","基隆市","七堵區","121.705","25.090","971"
"666","394467","20220921080000","646","1","基隆市","七堵區","121.700","25.095","623"
"565","394470","20220921080000","620","0","基隆市","七堵區","121.665","25.090","568"
"121","394480","20220921080000","108","1","基隆市","七堵區","121.670","25.100","116"
"333","394492","20220921080000","299","1","基隆市","七堵區","121.670","25.105","336"
"43","394500","20220921080000","46","0","基隆市","七堵區","121.660","25.115","44"
"76","394518","20220921080000","84","0","基隆市","七堵區","121.660","25.130","75"
"64","394538","20220921080000","260","0","基隆市","七堵區","121.695","25.085","63"
"1386","394546","20220921080000","1432","0","基隆市","七堵區","121.685","25.075","1359"
"599","394547","20220921080000","482","2","基隆市","七堵區","121.690","25.075","611"
"1516","394550","20220921080000","1262","2","基隆市","七堵區","121.690","25.085","1518"
"2975","394551","20220921080000","3635","0","基隆市","中正區","121.745","25.130","3005"
"74","394552","20220921080000","309","0","基隆市","仁愛區","121.740","25.120","73"
"2294","394553","20220921080000","1952","1","基隆市","信義區","121.750","25.130","2214"
"205","394554","20220921080000","500","0","基隆市","仁愛區","121.750","25.125","238"
"428","394555","20220921080000","692","0","基隆市","中正區","121.765","25.140","407"
"197","394556","20220921080000","147","2","基隆市","中正區","121.795","25.125","247"
"218","394559","20220921080000","136","3","基隆市","中正區","121.795","25.130","206"
"1391","394564","20220921080000","1265","1","基隆市","中正區","121.790","25.140","1391"
"1165","394565","20220921080000","1034","1","基隆市","中正區","121.795","25.140","1212"
"1921","394567","20220921080000","1703","1","基隆市","中正區","121.760","25.145","1883"
"700","394570","20220921080000","692","1","基隆市","安樂區","121.715","25.120","735"
"968","394576","20220921080000","893","1","基隆市","安樂區","121.715","25.130","923"
"145","394582","20220921080000","170","0","基隆市","仁愛區","121.740","25.110","196"
"205","394583","20220921080000","138","2","基隆市","仁愛區","121.745","25.110","183"
"404","394586","20220921080000","439","0","基隆市","仁愛區","121.745","25.115","411"
"66","394587","20220921080000","62","1","基隆市","仁愛區","121.750","25.115","65"
"280","394590","20220921080000","170","3","基隆市","七堵區","121.710","25.100","506"
"2756","394592","20220921080000","2489","1","基隆市","七堵區","121.715","25.100","2777"
"13","394600","20220921080000","13","1","基隆市","七堵區","121.715","25.075","10"
"1347","394611","20220921080000","1569","0","基隆市","七堵區","121.710","25.090","1456"
"249","394613","20220921080000","301","0","基隆市","七堵區","121.720","25.090","244"
"111","394617","20220921080000","94","1","基隆市","七堵區","121.680","25.100","114"
"173","394625","20220921080000","155","1","基隆市","七堵區","121.695","25.105","151"
"93","394632","20220921080000","79","1","基隆市","七堵區","121.690","25.115","85"
"251","394634","20220921080000","204","2","基隆市","七堵區","121.700","25.115","188"
"65","394645","20220921080000","41","3","基隆市","安樂區","121.700","25.130","42"
"15","394660","20220921080000","75","0","基隆市","七堵區","121.680","25.120","22"
"34","394663","20220921080000","21","3","基隆市","七堵區","121.680","25.125","40"
"350","394685","20220921080000","358","0","新北市","蘆洲區","121.485","25.090","333"
"898","394686","20220921080000","899","0","新北市","汐止區","121.630","25.060","890"
"2631","394687","20220921080000","1561","3","新北市","汐止區","121.620","25.065","2499"
"2020","394688","20220921080000","2161","0","新北市","汐止區","121.625","25.065","2016"
"27","394694","20220921080000","25","1","新北市","八里區","121.415","25.145","26"
"744","394705","20220921080000","838","0","新北市","八里區","121.450","25.140","653"
"92","394716","20220921080000","92","1","新北市","八里區","121.415","25.130","77"
"183","394724","20220921080000","144","2","新北市","八里區","121.410","25.145","184"
"22","394725","20220921080000","217","0","新北市","八里區","121.405","25.150","29"
"378","394726","20220921080000","436","0","新北市","八里區","121.410","25.150","340"
"98","394731","20220921080000","160","0","新北市","八里區","121.405","25.125","115"
"1851","394740","20220921080000","1949","0","新北市","蘆洲區","121.465","25.090","1942"
"2620","394741","20220921080000","2539","1","新北市","蘆洲區","121.460","25.085","2693"
"1349","394742","20220921080000","1790","0","新北市","蘆洲區","121.465","25.085","1549"
"1082","394743","20220921080000","1865","0","新北市","蘆洲區","121.460","25.090","968"
"462","394744","20220921080000","1510","0","新北市","蘆洲區","121.460","25.095","498"
"180","394745","20220921080000","493","0","新北市","蘆洲區","121.475","25.075","223"
"823","394746","20220921080000","934","0","新北市","蘆洲區","121.475","25.090","725"
"1650","394747","20220921080000","1401","1","新北市","蘆洲區","121.470","25.095","1566"
"32","394748","20220921080000","219","0","新北市","蘆洲區","121.475","25.095","39"
"542","394749","20220921080000","403","2","新北市","蘆洲區","121.470","25.100","533"
"975","394750","20220921080000","1815","0","新北市","新莊區","121.460","25.060","1078"
"2047","394751","20220921080000","2501","0","新北市","新莊區","121.465","25.060","2271"
"1516","394752","20220921080000","1467","1","新北市","五股區","121.465","25.065","1661"
"368","394787","20220921080000","522","0","新北市","瑞芳區","121.770","25.100","419"
"86","394788","20220921080000","79","1","新北市","瑞芳區","121.775","25.100","70"
"86","394798","20220921080000","40","3","新北市","瑞芳區","121.825","25.085","67"
"18","394809","20220921080000","14","2","新北市","瑞芳區","121.815","25.120","21"
"380","394810","20220921080000","389","0","新北市","瑞芳區","121.820","25.120","429"
"1208","394819","20220921080000","1035","1","新北市","五股區","121.430","25.090","1184"
"2363","394821","20220921080000","1988","1","新北市","八里區","121.395","25.145","2244"
"90","394822","20220921080000","36","3","新北市","八里區","121.390","25.150","91"
"1729","394824","20220921080000","1382","2","新北市","八里區","121.400","25.150","1732"
"19","394825","20220921080000","19","1","新北市","八里區","121.395","25.085","15"
"74","394829","20220921080000","62","1","新北市","八里區","121.400","25.100","64"
"85","394833","20220921080000","112","0","新北市","八里區","121.390","25.110","111"
"325","394843","20220921080000","356","0","新北市","林口區","121.375","25.120","271"
"424","394854","20220921080000","416","1","新北市","八里區","121.385","25.130","411"
"1862","394858","20220921080000","1686","1","新北市","瑞芳區","121.805","25.105","1879"
"31","394863","20220921080000","36","0","新北市","瑞芳區","121.795","25.085","59"
"318","394867","20220921080000","191","3","新北市","瑞芳區","121.795","25.090","355"
"890","394873","20220921080000","706","2","新北市","瑞芳區","121.785","25.095","837"
"265","394878","20220921080000","276","0","新北市","瑞芳區","121.790","25.100","234"
"497","394885","20220921080000","449","1","新北市","瑞芳區","121.790","25.110","471"
"58","394894","20220921080000","62","0","新北市","瑞芳區","121.825","25.090","63"
"221","394924","20220921080000","210","1","新北市","瑞芳區","121.760","25.100","233"
"43","394926","20220921080000","31","2","新北市","瑞芳區","121.760","25.105","28"
"100","394932","20220921080000","74","2","新北市","瑞芳區","121.775","25.110","73"
"42","394934","20220921080000","37","1","新北市","瑞芳區","121.770","25.115","41"
"362","394937","20220921080000","420","0","新北市","瑞芳區","121.845","25.110","345"
"97","394943","20220921080000","111","0","新北市","瑞芳區","121.830","25.095","105"
"303","394949","20220921080000","267","1","新北市","瑞芳區","121.840","25.095","265"
"264","394954","20220921080000","285","0","新北市","瑞芳區","121.850","25.105","269"
"246","394965","20220921080000","291","0","新北市","瑞芳區","121.815","25.105","264"
"151","394966","20220921080000","178","0","新北市","五股區","121.455","25.115","116"
"464","394972","20220921080000","422","1","新北市","八里區","121.450","25.125","462"
"1130","394973","20220921080000","1251","0","新北市","八里區","121.455","25.125","1065"
"726","394979","20220921080000","888","0","新北市","八里區","121.450","25.130","797"
"784","394985","20220921080000","730","1","新北市","八里區","121.450","25.135","713"
"1824","394986","20220921080000","1571","1","新北市","汐止區","121.640","25.065","1968"
"762","394991","20220921080000","757","1","桃園市","觀音區","121.120","25.060","744"
"865","394992","20220921080000","798","1","桃園市","觀音區","121.125","25.060","897"
"22","394993","20220921080000","287","0","桃園市","觀音區","121.130","25.060","24"
"1124","394996","20220921080000","913","2","桃園市","觀音區","121.110","25.065","1053"
"953","395000","20220921080000","838","1","桃園市","觀音區","121.130","25.065","942"
"377","395008","20220921080000","415","0","桃園市","觀音區","121.135","25.060","354"
"1534","395014","20220921080000","1874","0","桃園市","蘆竹區","121.285","25.070","1374"
"167","395019","20220921080000","507","0","桃園市","蘆竹區","121.285","25.075","245"
"587","395023","20220921080000","425","2","桃園市","蘆竹區","121.285","25.080","493"
"717","395029","20220921080000","727","0","桃園市","蘆竹區","121.255","25.110","719"
"302","395030","20220921080000","397","0","桃園市","蘆竹區","121.260","25.110","313"
"301","395031","20220921080000","372","0","桃園市","蘆竹區","121.265","25.110","248"
"406","395032","20220921080000","331","2","桃園市","蘆竹區","121.270","25.110","411"
"181","395038","20220921080000","216","0","桃園市","蘆竹區","121.255","25.115","183"
"757","395042","20220921080000","1287","0","桃園市","蘆竹區","121.295","25.060","786"
"895","395043","20220921080000","856","1","桃園市","蘆竹區","121.300","25.060","887"
"35","395046","20220921080000","37","0","桃園市","蘆竹區","121.315","25.060","53"
"39","395052","20220921080000","29","2","桃園市","蘆竹區","121.305","25.065","24"
"224","395057","20220921080000","220","1","新北市","瑞芳區","121.860","25.125","205"
"86","395083","20220921080000","238","0","新北市","雙溪區","121.875","25.090","80"
"40","395098","20220921080000","31","2","新北市","貢寮區","121.915","25.095","51"
"70","395109","20220921080000","110","0","新北市","貢寮區","121.920","25.105","68"
"378","395119","20220921080000","320","1","新北市","貢寮區","121.925","25.055","307"
"282","395121","20220921080000","234","2","新北市","貢寮區","121.925","25.060","243"
"71","395125","20220921080000","51","2","新北市","貢寮區","121.925","25.065","73"
"125","395129","20220921080000","433","0","新北市","新莊區","121.455","25.065","135"
"1117","395130","20220921080000","884","2","新北市","五股區","121.445","25.065","1179"
"454","395131","20220921080000","549","0","新北市","泰山區","121.435","25.060","495"
"256","395132","20220921080000","536","0","新北市","汐止區","121.645","25.060","259"
"2900","395133","20220921080000","2592","1","新北市","汐止區","121.665","25.065","2937"
"258","395134","20220921080000","259","0","桃園市","蘆竹區","121.270","25.060","221"
"594","395135","20220921080000","1006","0","桃園市","蘆竹區","121.275","25.060","556"
"985","395137","20220921080000","923","1","桃園市","蘆竹區","121.265","25.065","944"
"937","395141","20220921080000","824","1","桃園市","蘆竹區","121.270","25.070","871"
"2364","395143","20220921080000","3082","0","新北市","蘆洲區","121.470","25.090","2702"
"16","395145","20220921080000","31","0","新北市","瑞芳區","121.835","25.110","16"
"21","395147","20220921080000","16","2","新北市","瑞芳區","121.830","25.115","14"
"246","395149","20220921080000","175","2","新北市","瑞芳區","121.840","25.115","191"
"11","395156","20220921080000","161","0","新北市","瑞芳區","121.830","25.125","16"
"26","395157","20220921080000","18","2","新北市","瑞芳區","121.835","25.125","25"
"190","395163","20220921080000","472","0","新北市","瑞芳區","121.815","25.130","175"
"1168","395173","20220921080000","1240","0","新北市","瑞芳區","121.810","25.105","1167"
"2390","395174","20220921080000","2539","0","新北市","泰山區","121.445","25.060","2561"
"1531","395175","20220921080000","1073","2","新北市","五股區","121.450","25.065","1385"
"1407","395176","20220921080000","1559","0","新北市","新莊區","121.460","25.065","1332"
"45","395186","20220921080000","38","1","新北市","萬里區","121.605","25.145","36"
"2682","395203","20220921080000","2221","2","新北市","蘆洲區","121.470","25.085","2633"
"75","395204","20220921080000","228","0","新北市","蘆洲區","121.465","25.095","73"
"38","395205","20220921080000","61","0","新北市","蘆洲區","121.465","25.100","43"
"2998","395206","20220921080000","2489","2","新北市","汐止區","121.630","25.065","2833"
"2094","395207","20220921080000","1677","2","新北市","汐止區","121.630","25.070","2056"
"1395","395208","20220921080000","1705","0","新北市","汐止區","121.645","25.065","1262"
"39","395223","20220921080000","30","2","新北市","瑞芳區","121.820","25.060","36"
"60","395239","20220921080000","50","2","新北市","瑞芳區","121.840","25.105","62"
"214","395245","20220921080000","146","2","新北市","瑞芳區","121.855","25.105","174"
"107","395253","20220921080000","87","2","新北市","瑞芳區","121.915","25.120","99"
"224","395254","20220921080000","279","0","新北市","瑞芳區","121.915","25.125","216"
"293","395256","20220921080000","185","3","新北市","瑞芳區","121.795","25.110","294"
"20","395257","20220921080000","572","0","新北市","瑞芳區","121.800","25.110","21"
"496","395269","20220921080000","496","1","新北市","泰山區","121.385","25.065","470"
"1858","395270","20220921080000","1212","3","桃園市","龜山區","121.390","25.060","1575"
"243","395273","20220921080000","152","3","新北市","泰山區","121.390","25.065","180"
"1227","395280","20220921080000","1387","0","新北市","淡水區","121.465","25.135","1224"
"26","395284","20220921080000","21","2","新北市","雙溪區","121.855","25.050","14"
"240","395287","20220921080000","195","2","新北市","雙溪區","121.850","25.055","233"
"2914","395319","20220921080000","3261","0","新北市","三重區","121.495","25.080","2879"
"1614","395320","20220921080000","2201","0","新北市","三重區","121.475","25.060","1739"
"597","395322","20220921080000","835","0","新北市","五股區","121.455","25.105","745"
"52","395323","20220921080000","68","0","新北市","五股區","121.450","25.110","50"
"84","395324","20220921080000","107","0","新北市","五股區","121.455","25.110","90"
"279","395329","20220921080000","705","0","新北市","五股區","121.445","25.105","253"
"141","395331","20220921080000","206","0","新北市","五股區","121.445","25.110","145"
"22","395344","20220921080000","106","0","新北市","八里區","121.375","25.140","21"
"271","395346","20220921080000","368","0","新北市","八里區","121.385","25.140","259"
"63","395349","20220921080000","58","1","新北市","瑞芳區","121.800","25.100","70"
"552","395350","20220921080000","622","0","新北市","瑞芳區","121.800","25.105","533"
"377","395351","20220921080000","312","2","新北市","瑞芳區","121.820","25.105","358"
"10","395352","20220921080000","38","0","新北市","瑞芳區","121.825","25.105","13"
"346","395356","20220921080000","575","0","新北市","汐止區","121.670","25.065","342"
"863","395357","20220921080000","1098","0","新北市","汐止區","121.670","25.070","892"
"1165","395361","20220921080000","1139","1","桃園市","蘆竹區","121.285","25.060","1219"
"1117","395362","20220921080000","703","3","桃園市","蘆竹區","121.290","25.060","1135"
"276","395363","20220921080000","297","0","桃園市","蘆竹區","121.320","25.060","259"
"513","395367","20220921080000","454","1","桃園市","觀音區","121.140","25.065","457"
"862","395388","20220921080000","531","3","桃園市","蘆竹區","121.265","25.085","777"
"159","395395","20220921080000","142","1","桃園市","蘆竹區","121.265","25.095","162"
"506","395397","20220921080000","305","3","桃園市","蘆竹區","121.275","25.095","510"
"1221","395400","20220921080000","909","2","桃園市","蘆竹區","121.260","25.100","1142"
"35","395417","20220921080000","26","2","桃園市","蘆竹區","121.330","25.065","49"
"180","395420","20220921080000","111","3","桃園市","蘆竹區","121.325","25.065","171"
"141","395423","20220921080000","78","3","桃園市","蘆竹區","121.340","25.070","106"
"845","395424","20220921080000","725","1","桃園市","蘆竹區","121.345","25.065","765"
"15","395433","20220921080000","140","0","桃園市","蘆竹區","121.315","25.075","21"
"19","395434","20220921080000","80","0","桃園市","蘆竹區","121.320","25.075","13"
"129","395436","20220921080000","74","3","桃園市","蘆竹區","121.330","25.075","117"
"201","395447","20220921080000","213","0","桃園市","蘆竹區","121.300","25.080","174"
"197","395448","20220921080000","175","1","桃園市","蘆竹區","121.305","25.080","216"
"32","395464","20220921080000","44","0","桃園市","蘆竹區","121.325","25.090","37"
"1249","395471","20220921080000","1027","2","桃園市","蘆竹區","121.280","25.085","1199"
"884","395473","20220921080000","690","2","桃園市","蘆竹區","121.290","25.085","885"
"14","395480","20220921080000","17","0","桃園市","蘆竹區","121.295","25.095","13"
"2363","395483","20220921080000","2587","0","新北市","蘆洲區","121.470","25.080","2474"
"3540","395484","20220921080000","3818","0","新北市","蘆洲區","121.465","25.080","3536"
"4552","395485","20220921080000","5311","0","新北市","三重區","121.485","25.085","4411"
"2092","395486","20220921080000","2259","0","新北市","蘆洲區","121.455","25.090","2187"
"1593","395487","20220921080000","2171","0","新北市","蘆洲區","121.475","25.080","1682"
"1301","395488","20220921080000","1065","2","新北市","汐止區","121.665","25.075","1300"
"1927","395489","20220921080000","2046","0","新北市","汐止區","121.650","25.060","2100"
"3121","395490","20220921080000","2713","1","新北市","汐止區","121.655","25.060","3309"
"43","395491","20220921080000","37","1","新北市","汐止區","121.625","25.070","52"
"383","395492","20220921080000","337","1","新北市","汐止區","121.625","25.075","389"
"1256","395493","20220921080000","1158","1","新北市","汐止區","121.630","25.080","1218"
"364","395495","20220921080000","382","0","新北市","汐止區","121.650","25.080","376"
"1078","395499","20220921080000","1066","1","新北市","汐止區","121.645","25.090","1100"
"112","395501","20220921080000","100","1","新北市","汐止區","121.655","25.090","118"
"104","395508","20220921080000","325","0","新北市","汐止區","121.650","25.055","117"
"2314","395509","20220921080000","2370","0","新北市","汐止區","121.655","25.055","2256"
"805","395512","20220921080000","1081","0","新北市","汐止區","121.655","25.065","796"
"33","395526","20220921080000","32","1","新北市","汐止區","121.715","25.055","31"
"177","395530","20220921080000","132","2","新北市","汐止區","121.700","25.060","188"
"1572","395539","20220921080000","2161","0","新北市","汐止區","121.635","25.055","1881"
"2103","395541","20220921080000","1895","1","新北市","汐止區","121.635","25.060","1848"
"2634","395542","20220921080000","2101","2","新北市","汐止區","121.640","25.060","2672"
"2717","395544","20220921080000","2359","1","新北市","林口區","121.375","25.070","2440"
"1474","395546","20220921080000","992","2","新北市","林口區","121.400","25.075","1409"
"801","395548","20220921080000","732","1","新北市","林口區","121.400","25.080","852"
"234","395549","20220921080000","218","1","新北市","林口區","121.400","25.085","218"
"374","395550","20220921080000","346","1","新北市","林口區","121.405","25.085","377"
"54","395553","20220921080000","44","2","新北市","林口區","121.405","25.095","55"
"124","395555","20220921080000","218","0","新北市","林口區","121.405","25.100","130"
"174","395557","20220921080000","219","0","新北市","林口區","121.400","25.065","143"
"2617","395558","20220921080000","2005","2","新北市","林口區","121.390","25.075","2378"
"896","395559","20220921080000","1013","0","新北市","林口區","121.395","25.075","905"
"93","395560","20220921080000","97","0","新北市","林口區","121.385","25.090","120"
"935","395561","20220921080000","885","1","新北市","林口區","121.390","25.090","866"
"590","395565","20220921080000","571","1","新北市","林口區","121.385","25.100","551"
"226","395570","20220921080000","156","2","新北市","林口區","121.385","25.110","181"
"4736","395571","20220921080000","3086","3","新北市","林口區","121.375","25.075","5089"
"830","395572","20220921080000","1185","0","新北市","林口區","121.380","25.075","810"
"1407","395574","20220921080000","1632","0","新北市","林口區","121.370","25.080","1372"
"1260","395575","20220921080000","1035","2","新北市","林口區","121.375","25.080","1362"
"1160","395576","20220921080000","635","3","新北市","林口區","121.380","25.080","1215"
"851","395579","20220921080000","685","2","新北市","林口區","121.370","25.085","828"
"1740","395580","20220921080000","1667","1","新北市","林口區","121.375","25.085","1765"
"47","395587","20220921080000","46","1","新北市","林口區","121.365","25.110","50"
"10","395603","20220921080000","32","0","新北市","林口區","121.390","25.080","11"
"346","395604","20220921080000","324","1","新北市","林口區","121.385","25.085","362"
"884","395606","20220921080000","1003","0","新北市","汐止區","121.655","25.070","854"
"1451","395607","20220921080000","1579","0","新北市","汐止區","121.660","25.070","1462"
"37","395616","20220921080000","39","0","桃園市","大園區","121.260","25.065","46"
"449","395617","20220921080000","392","1","新北市","汐止區","121.635","25.070","442"
"2093","395618","20220921080000","1601","2","新北市","汐止區","121.640","25.070","2226"
"487","395619","20220921080000","706","0","新北市","汐止區","121.640","25.075","524"
"1765","395622","20220921080000","1474","1","新北市","汐止區","121.640","25.080","1700"
"294","395623","20220921080000","326","0","新北市","汐止區","121.635","25.085","314"
"352","395625","20220921080000","498","0","新北市","汐止區","121.635","25.075","402"
"186","395628","20220921080000","181","1","新北市","汐止區","121.640","25.100","171"
"106","395641","20220921080000","72","2","新北市","汐止區","121.620","25.115","99"
"42","395643","20220921080000","54","0","新北市","汐止區","121.630","25.115","36"
"43","395653","20220921080000","40","1","新北市","汐止區","121.605","25.125","43"
"497","395667","20220921080000","335","2","新北市","汐止區","121.615","25.135","540"
"1428","395672","20220921080000","1240","1","新北市","淡水區","121.460","25.130","1537"
"2751","395673","20220921080000","3430","0","新北市","淡水區","121.460","25.135","2758"
"2814","395675","20220921080000","3221","0","新北市","淡水區","121.460","25.140","2814"
"869","395676","20220921080000","867","1","新北市","淡水區","121.465","25.140","861"
"1184","395691","20220921080000","1006","1","新北市","汐止區","121.675","25.065","1190"
"1330","395692","20220921080000","1611","0","新北市","汐止區","121.665","25.080","1392"
"306","395698","20220921080000","427","0","新北市","汐止區","121.670","25.075","288"
"829","395699","20220921080000","1084","0","新北市","汐止區","121.675","25.075","838"
"303","395701","20220921080000","241","2","新北市","汐止區","121.610","25.105","294"
"126","395703","20220921080000","146","0","新北市","汐止區","121.605","25.110","126"
"1366","395715","20220921080000","1590","0","新北市","泰山區","121.430","25.060","1471"
"57","395716","20220921080000","702","0","新北市","泰山區","121.425","25.060","36"
"415","395717","20220921080000","1500","0","新北市","泰山區","121.425","25.065","448"
"2516","395718","20220921080000","2667","0","新北市","蘆洲區","121.480","25.090","2613"
"565","395719","20220921080000","780","0","新北市","蘆洲區","121.480","25.095","572"
"54","395724","20220921080000","39","2","桃園市","蘆竹區","121.300","25.100","63"
"264","395727","20220921080000","177","2","新北市","林口區","121.290","25.105","254"
"368","395732","20220921080000","361","1","新北市","林口區","121.315","25.105","475"
"236","395735","20220921080000","128","3","新北市","林口區","121.295","25.110","162"
"88","395748","20220921080000","116","0","新北市","林口區","121.295","25.115","87"
"210","395749","20220921080000","278","0","新北市","林口區","121.300","25.115","189"
"276","395752","20220921080000","229","2","新北市","林口區","121.295","25.120","245"
"2598","395755","20220921080000","2536","1","新北市","林口區","121.385","25.080","2542"
"763","395756","20220921080000","726","1","新北市","林口區","121.380","25.085","807"
"671","395757","20220921080000","619","1","新北市","林口區","121.375","25.090","661"
"2977","395768","20220921080000","3003","0","新北市","林口區","121.365","25.065","3057"
"2565","395769","20220921080000","2198","1","新北市","汐止區","121.665","25.070","2577"
"173","395773","20220921080000","157","1","新北市","汐止區","121.675","25.070","177"
"685","395774","20220921080000","792","0","新北市","汐止區","121.680","25.070","676"
"259","395775","20220921080000","312","0","新北市","汐止區","121.685","25.070","289"
"331","395777","20220921080000","583","0","新北市","汐止區","121.675","25.080","378"
"538","395784","20220921080000","393","2","新北市","汐止區","121.645","25.080","511"
"36","395791","20220921080000","112","0","新北市","汐止區","121.640","25.095","49"
"378","395805","20220921080000","493","0","新北市","林口區","121.390","25.070","359"
"849","395806","20220921080000","515","3","新北市","林口區","121.385","25.075","822"
"198","395809","20220921080000","164","2","新北市","林口區","121.345","25.085","180"
"47","395828","20220921080000","33","2","新北市","林口區","121.315","25.100","49"
"12","395833","20220921080000","37","0","新北市","林口區","121.340","25.100","13"
"37","395837","20220921080000","24","3","新北市","林口區","121.330","25.105","45"
"2481","395840","20220921080000","2373","1","桃園市","龜山區","121.375","25.065","3099"
"1251","395843","20220921080000","965","2","新北市","林口區","121.360","25.065","1613"
"253","395844","20220921080000","159","3","新北市","林口區","121.350","25.070","272"
"1621","395846","20220921080000","1210","2","新北市","林口區","121.360","25.070","1500"
"3533","395847","20220921080000","3040","1","新北市","林口區","121.370","25.070","3766"
"100","395848","20220921080000","92","1","新北市","林口區","121.345","25.075","100"
"1266","395850","20220921080000","1059","1","新北市","林口區","121.355","25.075","1287"
"1608","395853","20220921080000","1252","2","新北市","林口區","121.370","25.075","1715"
"996","395854","20220921080000","913","1","新北市","林口區","121.350","25.080","950"
"354","395858","20220921080000","321","1","新北市","林口區","121.345","25.100","302"
"92","395862","20220921080000","92","1","新北市","林口區","121.340","25.105","95"
"114","395869","20220921080000","83","2","新北市","林口區","121.340","25.110","89"
"280","395881","20220921080000","193","2","新北市","林口區","121.320","25.115","225"
"15","395883","20220921080000","22","0","新北市","林口區","121.330","25.115","16"
"153","395900","20220921080000","100","3","新北市","林口區","121.345","25.125","134"
"5940","395909","20220921080000","6109","0","新北市","蘆洲區","121.480","25.080","5958"
"122","395910","20220921080000","256","0","新北市","蘆洲區","121.455","25.085","140"
"4105","395911","20220921080000","3677","1","新北市","林口區","121.365","25.070","3871"
"20","395919","20220921080000","20","1","新北市","平溪區","121.770","25.050","18"
"65","395949","20220921080000","46","2","新北市","平溪區","121.790","25.070","54"
"1272","395961","20220921080000","1243","1","新北市","汐止區","121.630","25.055","1184"
"1056","395962","20220921080000","1052","1","新北市","汐止區","121.625","25.060","963"
"1167","395965","20220921080000","1548","0","新北市","蘆洲區","121.470","25.075","1279"
"4562","395966","20220921080000","3928","1","桃園市","龜山區","121.370","25.060","4912"
"1857","395968","20220921080000","1627","1","桃園市","龜山區","121.380","25.060","1719"
"1717","395969","20220921080000","1184","2","桃園市","龜山區","121.375","25.060","1599"
"5601","395972","20220921080000","6611","0","臺北市","中山區","121.530","25.060","5635"
"916","395973","20220921080000","1070","0","桃園市","大園區","121.245","25.105","856"
"14","395977","20220921080000","15","0","桃園市","大園區","121.250","25.110","14"
"847","395980","20220921080000","828","1","桃園市","大園區","121.180","25.065","753"
"933","395981","20220921080000","1058","0","桃園市","大園區","121.190","25.060","899"
"229","395982","20220921080000","320","0","桃園市","大園區","121.195","25.060","320"
"423","395983","20220921080000","439","0","桃園市","大園區","121.185","25.065","408"
"720","395984","20220921080000","864","0","桃園市","大園區","121.190","25.065","759"
"882","395990","20220921080000","930","0","桃園市","大園區","121.250","25.095","892"
"40","395991","20220921080000","42","0","桃園市","大園區","121.255","25.095","46"
"57","395992","20220921080000","79","0","桃園市","大園區","121.235","25.100","58"
"959","395998","20220921080000","980","0","桃園市","大園區","121.260","25.070","872"
"652","395999","20220921080000","736","0","桃園市","大園區","121.255","25.075","755"
"2163","396009","20220921080000","2328","0","臺北市","中山區","121.530","25.070","2215"
"2753","396012","20220921080000","3545","0","臺北市","中山區","121.530","25.065","2825"
"4256","396013","20220921080000","4842","0","臺北市","中山區","121.540","25.060","4275"
"334","396014","20220921080000","377","0","臺北市","中山區","121.555","25.075","345"
"1449","396015","20220921080000","1932","0","臺北市","中山區","121.550","25.080","1542"
"2420","396016","20220921080000","1740","2","臺北市","中山區","121.555","25.080","2395"
"1800","396018","20220921080000","1703","1","臺北市","中山區","121.525","25.080","1801"
"273","396020","20220921080000","335","0","臺北市","中山區","121.535","25.080","288"
"1741","396021","20220921080000","1965","0","臺北市","中山區","121.540","25.080","1700"
"94","396022","20220921080000","261","0","臺北市","中山區","121.535","25.085","102"
"2394","396025","20220921080000","2377","1","新北市","蘆洲區","121.480","25.085","2439"
"1116","396033","20220921080000","1916","0","新北市","泰山區","121.420","25.065","1296"
"299","396035","20220921080000","251","1","新北市","泰山區","121.440","25.065","277"
"69","396038","20220921080000","142","0","新北市","泰山區","121.410","25.070","128"
"73","396040","20220921080000","274","0","新北市","淡水區","121.460","25.145","89"
"2270","396044","20220921080000","2524","0","臺北市","大同區","121.510","25.065","2079"
"2209","396045","20220921080000","2128","1","臺北市","大同區","121.515","25.075","2149"
"3261","396046","20220921080000","2858","1","臺北市","大同區","121.510","25.060","3306"
"3965","396047","20220921080000","3681","1","臺北市","松山區","121.545","25.060","3938"
"5521","396048","20220921080000","6474","0","臺北市","中山區","121.525","25.060","5639"
"1493","396049","20220921080000","2161","0","新北市","蘆洲區","121.460","25.080","1639"
"3162","396050","20220921080000","2889","1","新北市","蘆洲區","121.475","25.085","3151"
"472","396053","20220921080000","469","1","新北市","貢寮區","121.920","25.050","478"
"34","396057","20220921080000","27","2","新北市","貢寮區","121.900","25.050","35"
"31","396059","20220921080000","47","0","新北市","貢寮區","121.890","25.055","32"
"79","396074","20220921080000","62","2","新北市","貢寮區","121.900","25.065","79"
"545","396088","20220921080000","405","2","新北市","瑞芳區","121.805","25.110","597"
"110","396089","20220921080000","70","3","新北市","瑞芳區","121.810","25.110","127"
"752","396099","20220921080000","1050","0","桃園市","龜山區","121.385","25.060","1164"
"1670","396100","20220921080000","2183","0","臺北市","中山區","121.540","25.055","1633"
"1696","396101","20220921080000","2033","0","臺北市","松山區","121.540","25.070","1663"
"1151","396102","20220921080000","1407","0","臺北市","中山區","121.535","25.070","1135"
"471","396103","20220921080000","269","3","臺北市","內湖區","121.615","25.075","447"
"3907","396104","20220921080000","4156","0","臺北市","內湖區","121.610","25.070","4015"
"3252","396105","20220921080000","3058","1","臺北市","北投區","121.500","25.140","3256"
"1776","396106","20220921080000","2624","0","臺北市","北投區","121.505","25.140","1798"
"512","396112","20220921080000","366","2","臺北市","北投區","121.485","25.115","495"
"121","396118","20220921080000","181","0","臺北市","北投區","121.485","25.120","106"
"2241","396121","20220921080000","2306","0","臺北市","北投區","121.500","25.120","2272"
"3292","396123","20220921080000","2215","2","臺北市","北投區","121.500","25.125","3091"
"3063","396124","20220921080000","2849","1","臺北市","北投區","121.510","25.115","3098"
"2535","396126","20220921080000","3057","0","臺北市","中山區","121.535","25.065","2510"
"1896","396127","20220921080000","2396","0","臺北市","中山區","121.550","25.085","2156"
"625","396128","20220921080000","991","0","臺北市","中山區","121.555","25.085","621"
"2017","396130","20220921080000","2330","0","新北市","三重區","121.505","25.065","2001"
"1865","396131","20220921080000","2724","0","臺北市","中山區","121.525","25.070","1850"
"2416","396132","20220921080000","2504","0","新北市","三重區","121.505","25.070","2473"
"408","396133","20220921080000","325","2","桃園市","蘆竹區","121.280","25.065","597"
"2252","396134","20220921080000","1740","2","桃園市","蘆竹區","121.285","25.065","2042"
"633","396135","20220921080000","395","3","桃園市","蘆竹區","121.290","25.065","560"
"735","396136","20220921080000","687","1","桃園市","蘆竹區","121.275","25.070","747"
"545","396144","20220921080000","695","0","桃園市","龜山區","121.355","25.060","516"
"3037","396145","20220921080000","3891","0","桃園市","龜山區","121.365","25.060","2443"
"180","396146","20220921080000","228","0","桃園市","蘆竹區","121.340","25.065","246"
"990","396149","20220921080000","879","1","新北市","林口區","121.355","25.065","901"
"327","396150","20220921080000","299","1","桃園市","龜山區","121.355","25.055","296"
"1438","396151","20220921080000","1592","0","新北市","林口區","121.370","25.065","1351"
"3714","396157","20220921080000","4046","0","臺北市","內湖區","121.620","25.070","3735"
"3465","396158","20220921080000","3575","0","臺北市","內湖區","121.595","25.080","3391"
"267","396159","20220921080000","556","0","臺北市","內湖區","121.600","25.080","260"
"39","396164","20220921080000","51","0","臺北市","北投區","121.505","25.150","31"
"616","396165","20220921080000","349","3","臺北市","北投區","121.505","25.125","620"
"1086","396166","20220921080000","719","3","臺北市","北投區","121.510","25.125","1127"
"1362","396168","20220921080000","1195","1","臺北市","北投區","121.505","25.130","1363"
"15","396169","20220921080000","46","0","臺北市","北投區","121.510","25.130","15"
"264","396170","20220921080000","317","0","臺北市","北投區","121.515","25.130","241"
"67","396172","20220921080000","78","0","臺北市","北投區","121.510","25.105","75"
"362","396173","20220921080000","484","0","臺北市","北投區","121.505","25.110","367"
"1252","396175","20220921080000","1416","0","臺北市","南港區","121.595","25.055","1285"
"1106","396176","20220921080000","1495","0","臺北市","南港區","121.600","25.050","1084"
"980","396177","20220921080000","1254","0","臺北市","南港區","121.590","25.055","935"
"3459","396178","20220921080000","3404","1","臺北市","內湖區","121.595","25.060","3513"
"533","396179","20220921080000","701","0","臺北市","內湖區","121.600","25.060","523"
"62","396189","20220921080000","34","3","新北市","雙溪區","121.880","25.060","62"
"16","396205","20220921080000","10","3","新北市","雙溪區","121.845","25.060","19"
"29","396219","20220921080000","21","2","新北市","雙溪區","121.850","25.075","27"
"2502","396233","20220921080000","2310","1","桃園市","龜山區","121.360","25.060","2570"
"991","396237","20220921080000","975","1","臺北市","士林區","121.545","25.100","1055"
"939","396238","20220921080000","829","1","臺北市","士林區","121.550","25.100","873"
"145","396243","20220921080000","123","1","臺北市","士林區","121.560","25.105","127"
"1719","396246","20220921080000","1674","1","臺北市","士林區","121.535","25.105","1714"
"46","396247","20220921080000","146","0","臺北市","士林區","121.545","25.110","52"
"951","396248","20220921080000","931","1","臺北市","士林區","121.535","25.110","942"
"50","396249","20220921080000","85","0","臺北市","士林區","121.550","25.115","73"
"15","396253","20220921080000","15","1","臺北市","士林區","121.570","25.135","17"
"161","396255","20220921080000","127","2","臺北市","士林區","121.560","25.140","113"
"51","396258","20220921080000","73","0","臺北市","士林區","121.555","25.145","44"
"126","396259","20220921080000","155","0","臺北市","士林區","121.560","25.145","127"
"195","396260","20220921080000","181","1","臺北市","士林區","121.565","25.145","189"
"125","396262","20220921080000","166","0","臺北市","士林區","121.555","25.150","130"
"83","396263","20220921080000","75","1","臺北市","士林區","121.560","25.150","82"
"2347","396266","20220921080000","2525","0","臺北市","士林區","121.510","25.085","2294"
"3107","396267","20220921080000","4204","0","臺北市","北投區","121.520","25.110","3136"
"2898","396268","20220921080000","2550","1","臺北市","北投區","121.520","25.115","2770"
"1520","396269","20220921080000","1510","1","臺北市","北投區","121.520","25.105","1544"
"1671","396270","20220921080000","2030","0","臺北市","士林區","121.525","25.100","1665"
"25","396271","20220921080000","31","0","臺北市","士林區","121.545","25.130","22"
"2215","396273","20220921080000","2263","0","臺北市","士林區","121.540","25.135","2134"
"437","396274","20220921080000","357","2","臺北市","士林區","121.545","25.135","381"
"2862","396276","20220921080000","2318","2","臺北市","士林區","121.545","25.140","2830"
"10","396277","20220921080000","14","0","臺北市","士林區","121.550","25.140","10"
"222","396278","20220921080000","176","2","臺北市","士林區","121.550","25.145","257"
"2230","396280","20220921080000","1283","3","臺北市","士林區","121.530","25.100","2200"
"1097","396281","20220921080000","1363","0","臺北市","士林區","121.535","25.100","1039"
"1789","396282","20220921080000","1364","2","臺北市","士林區","121.530","25.085","1834"
"80","396283","20220921080000","52","3","臺北市","士林區","121.530","25.090","67"
"1402","396285","20220921080000","1721","0","臺北市","士林區","121.530","25.095","1397"
"635","396286","20220921080000","714","0","臺北市","士林區","121.535","25.095","629"
"1785","396289","20220921080000","1897","0","臺北市","士林區","121.520","25.080","1813"
"2877","396290","20220921080000","3032","0","臺北市","士林區","121.525","25.085","2870"
"320","396294","20220921080000","382","0","臺北市","士林區","121.565","25.105","313"
"3295","396296","20220921080000","3336","0","臺北市","內湖區","121.575","25.075","3280"
"1071","396297","20220921080000","1084","0","臺北市","內湖區","121.575","25.085","1095"
"1126","396299","20220921080000","1075","1","臺北市","北投區","121.495","25.145","1145"
"4825","396301","20220921080000","4966","0","臺北市","士林區","121.525","25.115","4791"
"1512","396302","20220921080000","1558","0","臺北市","內湖區","121.575","25.055","1511"
"1169","396303","20220921080000","1280","0","臺北市","內湖區","121.575","25.060","1100"
"784","396304","20220921080000","743","1","臺北市","內湖區","121.585","25.055","744"
"1067","396305","20220921080000","1402","0","臺北市","內湖區","121.580","25.065","1033"
"1168","396306","20220921080000","1050","1","臺北市","內湖區","121.575","25.065","1266"
"1417","396307","20220921080000","1483","0","臺北市","內湖區","121.575","25.070","1454"
"847","396308","20220921080000","1035","0","臺北市","內湖區","121.585","25.065","946"
"1108","396309","20220921080000","1145","0","臺北市","中山區","121.570","25.075","1042"
"1614","396310","20220921080000","1552","1","臺北市","內湖區","121.580","25.070","1611"
"109","396311","20220921080000","98","1","臺北市","內湖區","121.585","25.080","111"
"2272","396312","20220921080000","3458","0","臺北市","內湖區","121.590","25.080","2450"
"787","396313","20220921080000","821","0","臺北市","內湖區","121.585","25.085","760"
"564","396314","20220921080000","626","0","臺北市","內湖區","121.595","25.065","588"
"1048","396315","20220921080000","1241","0","臺北市","內湖區","121.600","25.065","1067"
"2212","396316","20220921080000","3149","0","臺北市","內湖區","121.595","25.070","2099"
"1202","396317","20220921080000","1199","1","臺北市","內湖區","121.600","25.070","1261"
"124","396318","20220921080000","146","0","桃園市","大園區","121.200","25.060","150"
"308","396320","20220921080000","266","1","桃園市","大園區","121.200","25.065","290"
"366","396322","20220921080000","273","2","桃園市","大園區","121.200","25.070","331"
"102","396333","20220921080000","177","0","桃園市","大園區","121.230","25.095","102"
"237","396335","20220921080000","168","2","桃園市","大園區","121.210","25.100","218"
"315","396349","20220921080000","197","3","桃園市","大園區","121.230","25.110","300"
"1724","396355","20220921080000","1731","0","臺北市","北投區","121.505","25.120","1803"
"2969","396356","20220921080000","2707","1","臺北市","北投區","121.510","25.120","2915"
"451","396357","20220921080000","406","1","臺北市","北投區","121.510","25.135","521"
"679","396358","20220921080000","380","3","臺北市","北投區","121.515","25.135","465"
"310","396360","20220921080000","219","2","臺北市","北投區","121.510","25.140","291"
"203","396361","20220921080000","552","0","臺北市","北投區","121.515","25.140","203"
"303","396363","20220921080000","348","0","臺北市","北投區","121.525","25.145","291"
"1058","396366","20220921080000","1175","0","臺北市","北投區","121.485","25.135","1041"
"1551","396368","20220921080000","1331","1","臺北市","北投區","121.485","25.140","1574"
"3369","396370","20220921080000","3443","0","臺北市","士林區","121.525","25.105","3424"
"3931","396371","20220921080000","4222","0","臺北市","士林區","121.530","25.105","3889"
"3439","396372","20220921080000","3529","0","臺北市","北投區","121.515","25.110","3444"
"2235","396373","20220921080000","2561","0","臺北市","士林區","121.520","25.100","2239"
"1310","396376","20220921080000","2124","0","臺北市","士林區","121.530","25.125","1285"
"431","396377","20220921080000","554","0","臺北市","北投區","121.525","25.130","457"
"855","396378","20220921080000","802","1","臺北市","北投區","121.530","25.130","804"
"17","396380","20220921080000","24","0","臺北市","士林區","121.530","25.135","21"
"2789","396382","20220921080000","3000","0","臺北市","北投區","121.515","25.115","2935"
"747","396383","20220921080000","1173","0","臺北市","北投區","121.515","25.120","701"
"2414","396384","20220921080000","2798","0","臺北市","北投區","121.520","25.120","2321"
"3804","396385","20220921080000","3477","1","臺北市","北投區","121.525","25.120","3849"
"1128","396395","20220921080000","1167","0","臺北市","松山區","121.545","25.070","1105"
"500","396397","20220921080000","523","0","臺北市","中山區","121.540","25.065","546"
"995","396398","20220921080000","866","1","臺北市","中山區","121.535","25.075","983"
"724","396399","20220921080000","475","3","臺北市","松山區","121.550","25.075","756"
"5540","396400","20220921080000","5723","0","臺北市","中山區","121.545","25.080","5508"
"1262","396401","20220921080000","1131","1","臺北市","中山區","121.545","25.085","1315"
"1384","396404","20220921080000","1204","1","臺北市","北投區","121.495","25.140","1342"
"768","396405","20220921080000","1936","0","臺北市","北投區","121.515","25.105","748"
"5263","396406","20220921080000","6099","0","臺北市","中山區","121.525","25.065","5260"
"3578","396407","20220921080000","4063","0","臺北市","士林區","121.535","25.115","3495"
"1958","396408","20220921080000","2779","0","臺北市","士林區","121.525","25.090","1949"
"944","396409","20220921080000","811","1","臺北市","士林區","121.560","25.115","923"
"458","396410","20220921080000","505","0","臺北市","士林區","121.560","25.120","461"
"138","396412","20220921080000","127","1","臺北市","士林區","121.560","25.125","143"
"152","396416","20220921080000","249","0","臺北市","士林區","121.560","25.135","176"
"4001","396417","20220921080000","4746","0","臺北市","士林區","121.520","25.085","4031"
"2921","396418","20220921080000","3490","0","臺北市","內湖區","121.580","25.080","2995"
"1273","396419","20220921080000","1240","1","臺北市","內湖區","121.580","25.085","1208"
"382","396422","20220921080000","419","0","桃園市","大園區","121.240","25.065","342"
"35","396424","20220921080000","51","0","桃園市","大園區","121.250","25.065","41"
"20","396433","20220921080000","196","0","桃園市","大園區","121.255","25.070","23"
"540","396435","20220921080000","473","1","桃園市","大園區","121.185","25.070","480"
"516","396436","20220921080000","546","0","桃園市","大園區","121.190","25.070","468"
"1199","396438","20220921080000","1016","1","桃園市","大園區","121.175","25.075","1188"
"631","396439","20220921080000","629","1","桃園市","大園區","121.180","25.075","598"
"995","396440","20220921080000","886","1","桃園市","大園區","121.185","25.075","932"
"118","396443","20220921080000","135","0","桃園市","大園區","121.180","25.080","103"
"269","396447","20220921080000","248","1","桃園市","大園區","121.185","25.085","273"
"442","396462","20220921080000","361","2","桃園市","大園區","121.160","25.075","452"
"442","396471","20220921080000","314","2","桃園市","大園區","121.165","25.060","439"
"304","396472","20220921080000","277","1","桃園市","大園區","121.170","25.060","311"
"1023","396473","20220921080000","1009","1","桃園市","大園區","121.175","25.060","942"
"1101","396496","20220921080000","1024","1","桃園市","大園區","121.210","25.060","1073"
"577","396505","20220921080000","427","2","桃園市","大園區","121.220","25.070","477"
"3332","396517","20220921080000","2051","3","桃園市","大園區","121.230","25.075","3318"
"492","396518","20220921080000","317","3","桃園市","大園區","121.235","25.075","488"
"1283","396524","20220921080000","947","2","桃園市","大園區","121.235","25.080","1326"
"731","396531","20220921080000","740","0","桃園市","大園區","121.240","25.085","660"
"754","396532","20220921080000","673","1","桃園市","大園區","121.245","25.085","737"
"897","396533","20220921080000","874","1","桃園市","大園區","121.250","25.085","817"
"1056","396537","20220921080000","621","3","桃園市","大園區","121.245","25.090","1018"
"459","396541","20220921080000","407","1","桃園市","大園區","121.240","25.100","436"
"1551","396542","20220921080000","1311","1","桃園市","大園區","121.195","25.065","1673"
"2046","396543","20220921080000","1806","1","桃園市","大園區","121.195","25.070","2000"
"146","396549","20220921080000","224","0","桃園市","大園區","121.235","25.065","119"
"229","396555","20220921080000","311","0","桃園市","大園區","121.200","25.085","218"
"313","396560","20220921080000","311","1","桃園市","大園區","121.225","25.090","269"
"4121","396561","20220921080000","4572","0","臺北市","士林區","121.520","25.095","4079"
"914","396562","20220921080000","1283","0","臺北市","南港區","121.600","25.055","918"
"3807","396563","20220921080000","4938","0","臺北市","南港區","121.605","25.055","3985"
"66","396564","20220921080000","77","0","臺北市","內湖區","121.615","25.080","56"
"17","396565","20220921080000","15","1","臺北市","內湖區","121.615","25.085","17"
"1259","396567","20220921080000","1890","0","臺北市","內湖區","121.615","25.070","1378"
"2779","396568","20220921080000","3144","0","臺北市","內湖區","121.590","25.065","2787"
"152","396569","20220921080000","183","0","臺北市","內湖區","121.585","25.070","165"
"2129","396570","20220921080000","1658","2","臺北市","內湖區","121.590","25.070","2095"
"245","396571","20220921080000","408","0","臺北市","北投區","121.500","25.145","252"
"711","396572","20220921080000","696","1","臺北市","內湖區","121.620","25.075","674"
"12","396573","20220921080000","11","1","臺北市","內湖區","121.620","25.080","12"
"211","396574","20220921080000","170","2","新北市","汐止區","121.625","25.080","185"
"96","396576","20220921080000","84","1","臺北市","內湖區","121.625","25.085","85"
"23","396587","20220921080000","39","0","臺北市","內湖區","121.610","25.100","25"
"1039","396590","20220921080000","1176","0","臺北市","內湖區","121.610","25.065","1101"
"611","396592","20220921080000","751","0","臺北市","內湖區","121.605","25.085","602"
"990","396594","20220921080000","1240","0","臺北市","內湖區","121.600","25.090","962"
"3045","396603","20220921080000","3186","0","臺北市","北投區","121.500","25.130","3097"
"1649","396604","20220921080000","1517","1","新北市","汐止區","121.620","25.055","1578"
"3177","396605","20220921080000","3692","0","臺北市","士林區","121.505","25.085","3250"
"974","396606","20220921080000","1297","0","臺北市","士林區","121.515","25.085","927"
"795","396607","20220921080000","928","0","臺北市","內湖區","121.590","25.085","812"
"2155","396608","20220921080000","2092","1","臺北市","內湖區","121.595","25.085","2152"
"2998","396609","20220921080000","2681","1","臺北市","內湖區","121.575","25.080","3096"
"2014","396611","20220921080000","2336","0","臺北市","北投區","121.470","25.125","1966"
"317","396612","20220921080000","469","0","臺北市","北投區","121.475","25.125","301"
"1319","396615","20220921080000","1489","0","臺北市","北投區","121.465","25.130","1323"
"1081","396616","20220921080000","895","2","臺北市","北投區","121.470","25.130","1031"
"127","396617","20220921080000","152","0","臺北市","北投區","121.475","25.130","113"
"1742","396619","20220921080000","1591","1","臺北市","北投區","121.470","25.135","1736"
"44","396620","20220921080000","33","2","臺北市","北投區","121.475","25.135","45"
"28","396621","20220921080000","32","0","臺北市","北投區","121.475","25.140","21"
"723","396622","20220921080000","692","1","臺北市","南港區","121.610","25.055","806"
"678","396623","20220921080000","1139","0","臺北市","內湖區","121.605","25.065","701"
"4876","396624","20220921080000","5312","0","臺北市","中山區","121.520","25.060","4793"
"504","396625","20220921080000","624","0","臺北市","中山區","121.530","25.075","488"
"418","396626","20220921080000","543","0","臺北市","內湖區","121.570","25.065","420"
"1478","396628","20220921080000","1487","0","臺北市","松山區","121.550","25.070","1347"
"143","396629","20220921080000","171","0","臺北市","松山區","121.555","25.070","150"
"457","396630","20220921080000","391","1","臺北市","松山區","121.560","25.070","554"
"19","396632","20220921080000","54","0","臺北市","中山區","121.565","25.075","10"
"102","396633","20220921080000","2256","0","臺北市","松山區","121.555","25.055","97"
"2583","396634","20220921080000","4854","0","臺北市","松山區","121.570","25.055","2584"
"2796","396635","20220921080000","2659","1","臺北市","士林區","121.530","25.115","2899"
"18","396636","20220921080000","320","0","臺北市","士林區","121.495","25.095","24"
"2029","396637","20220921080000","1985","1","臺北市","士林區","121.500","25.095","1927"
"233","396639","20220921080000","333","0","臺北市","士林區","121.490","25.100","253"
"94","396643","20220921080000","115","0","臺北市","士林區","121.480","25.110","106"
"331","396644","20220921080000","393","0","臺北市","士林區","121.495","25.110","334"
"3916","396647","20220921080000","4674","0","臺北市","松山區","121.550","25.060","3893"
"3704","396648","20220921080000","4061","0","臺北市","松山區","121.555","25.060","3615"
"712","396649","20220921080000","705","1","臺北市","松山區","121.560","25.065","772"
"1624","396650","20220921080000","1953","0","臺北市","松山區","121.555","25.065","1621"
"1339","396651","20220921080000","1439","0","臺北市","中山區","121.545","25.075","1360"
"53","396655","20220921080000","163","0","臺北市","內湖區","121.605","25.080","61"
"2472","396656","20220921080000","1808","2","臺北市","內湖區","121.600","25.085","2492"
"4031","396657","20220921080000","3513","1","臺北市","松山區","121.550","25.065","4145"
"2512","396658","20220921080000","2499","1","臺北市","松山區","121.545","25.065","2524"
"3700","396659","20220921080000","4379","0","臺北市","松山區","121.565","25.055","3513"
"4250","396660","20220921080000","4426","0","臺北市","松山區","121.560","25.060","4171"
"334","396661","20220921080000","1277","0","臺北市","內湖區","121.570","25.060","342"
"2297","396662","20220921080000","2624","0","臺北市","松山區","121.565","25.060","2242"
"367","396663","20220921080000","375","0","臺北市","中山區","121.560","25.075","369"
"130","396665","20220921080000","142","0","臺北市","松山區","121.570","25.070","141"
"2420","396666","20220921080000","2863","0","臺北市","中山區","121.560","25.080","2517"
"4614","396667","20220921080000","6643","0","臺北市","松山區","121.550","25.055","4618"
"408","396669","20220921080000","529","0","臺北市","士林區","121.535","25.125","405"
"69","396672","20220921080000","130","0","臺北市","士林區","121.535","25.135","76"
"3811","396674","20220921080000","3032","2","臺北市","士林區","121.530","25.120","3676"
"5156","396675","20220921080000","5031","1","臺北市","士林區","121.530","25.110","5206"
"2724","396676","20220921080000","5616","0","臺北市","松山區","121.545","25.055","2706"
"3679","396677","20220921080000","3255","1","臺北市","松山區","121.560","25.055","3715"
"2936","396678","20220921080000","3314","0","臺北市","內湖區","121.580","25.075","3141"
"1194","396680","20220921080000","1451","0","臺北市","內湖區","121.590","25.060","1140"
"2894","396683","20220921080000","2623","1","臺北市","內湖區","121.590","25.090","2863"
"72","396684","20220921080000","19","3","臺北市","內湖區","121.595","25.090","64"
"60","396688","20220921080000","171","0","臺北市","內湖區","121.590","25.100","46"
"106","396690","20220921080000","162","0","臺北市","內湖區","121.580","25.105","116"
"110","396693","20220921080000","103","1","臺北市","內湖區","121.595","25.105","107"
"2482","396701","20220921080000","3591","0","臺北市","北投區","121.495","25.135","2443"
"272","396703","20220921080000","240","1","臺北市","北投區","121.505","25.100","264"
"314","396707","20220921080000","319","0","臺北市","北投區","121.500","25.110","300"
"86","396710","20220921080000","94","0","臺北市","北投區","121.530","25.140","71"
"102","396716","20220921080000","151","0","臺北市","北投區","121.535","25.150","100"
"408","396719","20220921080000","427","0","臺北市","士林區","121.555","25.115","391"
"291","396722","20220921080000","263","1","臺北市","士林區","121.550","25.125","229"
"1944","396727","20220921080000","2195","0","臺北市","士林區","121.510","25.080","2007"
"170","396731","20220921080000","265","0","臺北市","士林區","121.480","25.105","157"
"500","396732","20220921080000","471","1","臺北市","士林區","121.485","25.105","477"
"201","396735","20220921080000","592","0","臺北市","北投區","121.470","25.110","171"
"105","396737","20220921080000","132","0","臺北市","士林區","121.485","25.110","107"
"214","396739","20220921080000","166","2","臺北市","士林區","121.460","25.110","186"
"4291","396740","20220921080000","3722","1","臺北市","大同區","121.515","25.060","4178"
"3198","396741","20220921080000","3878","0","臺北市","中山區","121.520","25.065","3134"
"1312","396742","20220921080000","1589","0","臺北市","內湖區","121.615","25.065","1344"
"3203","396743","20220921080000","2699","1","臺北市","內湖區","121.605","25.070","3080"
"161","396744","20220921080000","381","0","臺北市","內湖區","121.605","25.075","159"
"2781","396745","20220921080000","2856","0","臺北市","內湖區","121.610","25.075","2757"
"712","396746","20220921080000","585","2","臺北市","內湖區","121.585","25.090","733"
"2510","396754","20220921080000","2303","1","臺北市","南港區","121.610","25.060","2428"
"1529","396755","20220921080000","1571","0","臺北市","南港區","121.620","25.060","1827"
"2292","396756","20220921080000","2716","0","臺北市","南港區","121.615","25.060","2395"
"3445","396758","20220921080000","3373","1","臺北市","南港區","121.615","25.055","3471"
"2153","396759","20220921080000","1696","2","臺北市","北投區","121.505","25.145","2098"
"441","396762","20220921080000","509","0","臺北市","北投區","121.465","25.115","399"
"3499","396765","20220921080000","3507","0","臺北市","北投區","121.465","25.120","3684"
"1221","396766","20220921080000","1147","1","臺北市","北投區","121.470","25.120","1152"
"2538","396767","20220921080000","2836","0","臺北市","士林區","121.525","25.095","2533"
"1831","396768","20220921080000","1581","1","臺北市","士林區","121.505","25.090","1832"
"1650","396769","20220921080000","1108","2","臺北市","士林區","121.510","25.090","1666"
"698","396771","20220921080000","801","0","新北市","三重區","121.500","25.075","679"
"3548","396773","20220921080000","3819","0","臺北市","內湖區","121.585","25.075","3724"
"1513","396774","20220921080000","1505","1","臺北市","內湖區","121.590","25.075","1508"
"844","396775","20220921080000","852","0","臺北市","內湖區","121.595","25.075","865"
"807","396776","20220921080000","956","0","臺北市","內湖區","121.600","25.075","787"
"4627","396777","20220921080000","5224","0","臺北市","中山區","121.535","25.060","4456"
"3553","396778","20220921080000","4030","0","臺北市","大同區","121.515","25.070","3672"
"1986","396779","20220921080000","2690","0","臺北市","大同區","121.515","25.065","1970"
"2670","396781","20220921080000","3329","0","臺北市","北投區","121.510","25.110","2719"
"1845","396785","20220921080000","1932","0","臺北市","北投區","121.490","25.145","1842"
"2100","396788","20220921080000","2527","0","臺北市","北投區","121.505","25.115","2133"
"676","396789","20220921080000","731","0","臺北市","北投區","121.515","25.100","695"
"1916","396790","20220921080000","2391","0","臺北市","士林區","121.525","25.110","1856"
"1835","396791","20220921080000","1835","1","臺北市","中山區","121.520","25.070","1808"
"2061","396792","20220921080000","2188","0","臺北市","大同區","121.520","25.075","2144"
"11","396793","20220921080000","771","0","臺北市","士林區","121.515","25.080","11"
"881","396794","20220921080000","912","0","臺北市","內湖區","121.605","25.060","732"
"2128","396798","20220921080000","1958","1","臺北市","內湖區","121.585","25.060","1885"
"3416","396799","20220921080000","3374","1","臺北市","北投區","121.505","25.135","3425"
"38","396802","20220921080000","39","0","臺北市","士林區","121.575","25.120","35"
"16","396803","20220921080000","18","0","臺北市","士林區","121.570","25.125","16"
"216","396804","20220921080000","175","2","臺北市","士林區","121.575","25.125","197"
"23","396806","20220921080000","33","0","臺北市","士林區","121.570","25.130","20"
"155","396807","20220921080000","243","0","臺北市","士林區","121.575","25.130","151"
"20","396809","20220921080000","14","2","臺北市","士林區","121.575","25.135","19"
"50","396812","20220921080000","41","2","臺北市","士林區","121.580","25.140","43"
"818","396819","20220921080000","894","0","臺北市","士林區","121.515","25.090","833"
"3922","396820","20220921080000","4036","0","臺北市","士林區","121.520","25.090","3968"
"2793","396821","20220921080000","2814","0","臺北市","士林區","121.515","25.095","2659"
"3086","396822","20220921080000","2333","2","臺北市","北投區","121.500","25.135","3057"
"2337","396823","20220921080000","1856","2","臺北市","士林區","121.525","25.075","2223"
"831","396824","20220921080000","1191","0","臺北市","士林區","121.540","25.110","816"
"519","396826","20220921080000","452","1","臺北市","士林區","121.545","25.115","533"
"217","396828","20220921080000","195","1","臺北市","士林區","121.540","25.125","194"
"716","396831","20220921080000","668","1","臺北市","士林區","121.505","25.095","715"
"1362","396832","20220921080000","488","3","臺北市","士林區","121.540","25.095","1264"
"1051","396833","20220921080000","776","2","臺北市","士林區","121.545","25.105","962"
"298","396834","20220921080000","362","0","臺北市","士林區","121.540","25.105","292"
"118","396839","20220921080000","103","1","臺北市","士林區","121.560","25.110","101"
"58","396841","20220921080000","52","1","臺北市","士林區","121.570","25.110","53"
"118","396848","20220921080000","103","1","臺北市","士林區","121.580","25.115","116"
"62","396852","20220921080000","68","0","臺北市","士林區","121.580","25.120","62"
"72","396853","20220921080000","92","0","臺北市","士林區","121.585","25.120","68"
"342","396856","20220921080000","206","3","新北市","汐止區","121.600","25.120","335"
"1942","396878","20220921080000","2295","0","臺北市","內湖區","121.580","25.055","1925"
"3091","396879","20220921080000","2831","1","臺北市","內湖區","121.580","25.060","3200"
"739","396880","20220921080000","1054","0","臺北市","內湖區","121.565","25.090","729"
"4143","396884","20220921080000","4479","0","臺北市","內湖區","121.565","25.080","4037"
"1366","396885","20220921080000","1362","1","臺北市","內湖區","121.560","25.085","1426"
"3138","396886","20220921080000","2963","1","臺北市","內湖區","121.565","25.085","3212"
"482","396888","20220921080000","599","0","臺北市","內湖區","121.560","25.090","494"
"2505","396890","20220921080000","2482","1","臺北市","內湖區","121.570","25.080","2526"
"2146","396891","20220921080000","1933","1","臺北市","內湖區","121.570","25.085","2219"
"2437","396892","20220921080000","3216","0","臺北市","松山區","121.570","25.050","2396"
"1225","396893","20220921080000","1356","0","臺北市","松山區","121.565","25.065","1142"
"611","398951","20220921080000","496","2","新北市","八里區","121.390","25.165","567"
"169","398956","20220921080000","112","3","基隆市","安樂區","121.710","25.165","119"
"122","399938","20220921080000","108","1","基隆市","安樂區","121.710","25.175","130"
"83","402902","20220921080000","90","0","新北市","萬里區","121.680","25.200","81"
"259","403910","20220921080000","280","0","新北市","萬里區","121.700","25.210","337"
"98","406949","20220921080000","121","0","新北市","金山區","121.635","25.240","154"
"61","409009","20220921080000","48","2","新北市","金山區","121.635","25.255","50"
"135","409527","20220921080000","119","1","新北市","三芝區","121.475","25.260","113"
"504","413221","20220921080000","513","0","新北市","石門區","121.565","25.290","443"
"36","413222","20220921080000","40","0","新北市","石門區","121.590","25.290","35"
"127","413767","20220921080000","139","0","新北市","石門區","121.580","25.295","113"
"136","414894","20220921080000","60","3","基隆市","中正區","121.765","25.145","223"
"365","414895","20220921080000","360","1","基隆市","中正區","121.770","25.155","339"
"610","414896","20220921080000","519","1","基隆市","中正區","121.765","25.155","592"
"150","414897","20220921080000","126","1","基隆市","中正區","121.765","25.160","164"
"419","414900","20220921080000","549","0","基隆市","中正區","121.780","25.145","425"
"864","414901","20220921080000","883","0","基隆市","中正區","121.775","25.150","842"
"87","414906","20220921080000","87","1","基隆市","安樂區","121.695","25.150","87"
"429","414907","20220921080000","456","0","基隆市","安樂區","121.700","25.150","455"
"916","414909","20220921080000","827","1","基隆市","安樂區","121.695","25.155","871"
"280","414910","20220921080000","256","1","基隆市","安樂區","121.700","25.155","312"
"197","414912","20220921080000","132","2","基隆市","安樂區","121.695","25.160","219"
"17","414913","20220921080000","150","0","基隆市","安樂區","121.700","25.160","20"
"274","414921","20220921080000","236","1","基隆市","中山區","121.750","25.145","287"
"922","414923","20220921080000","967","0","基隆市","中山區","121.720","25.150","896"
"400","414929","20220921080000","306","2","基隆市","中山區","121.745","25.150","370"
"833","414936","20220921080000","869","0","新北市","三芝區","121.495","25.250","827"
"192","414948","20220921080000","216","0","新北市","三芝區","121.490","25.270","194"
"714","414949","20220921080000","559","2","基隆市","中山區","121.740","25.150","706"
"304","414951","20220921080000","293","1","基隆市","中山區","121.740","25.155","321"
"379","414985","20220921080000","302","2","新北市","三芝區","121.510","25.215","343"
"93","415028","20220921080000","68","2","新北市","三芝區","121.530","25.230","77"
"1587","415040","20220921080000","1708","0","新北市","三芝區","121.505","25.255","1574"
"485","415041","20220921080000","398","2","新北市","三芝區","121.505","25.260","434"
"11","415042","20220921080000","14","0","新北市","三芝區","121.505","25.245","11"
"2012","415044","20220921080000","2031","0","新北市","三芝區","121.500","25.255","2128"
"244","415063","20220921080000","149","3","新北市","三芝區","121.505","25.205","241"
"1714","415070","20220921080000","2088","0","基隆市","中正區","121.770","25.150","1905"
"18","415072","20220921080000","14","2","基隆市","中山區","121.730","25.150","14"
"170","415078","20220921080000","155","1","新北市","三芝區","121.465","25.240","189"
"344","415083","20220921080000","288","1","新北市","三芝區","121.455","25.245","319"
"97","415087","20220921080000","75","2","新北市","三芝區","121.475","25.245","108"
"153","415093","20220921080000","158","0","新北市","三芝區","121.465","25.250","150"
"362","415100","20220921080000","321","1","新北市","三芝區","121.475","25.250","321"
"59","415103","20220921080000","53","1","新北市","三芝區","121.505","25.265","62"
"1348","415124","20220921080000","565","3","新北市","三芝區","121.535","25.245","1254"
"112","415149","20220921080000","110","1","新北市","三芝區","121.520","25.225","100"
"23","415158","20220921080000","24","0","新北市","三芝區","121.525","25.185","23"
"280","415181","20220921080000","211","2","新北市","三芝區","121.500","25.210","178"
"162","415188","20220921080000","234","0","新北市","三芝區","121.510","25.255","165"
"155","415196","20220921080000","122","2","新北市","三芝區","121.495","25.235","157"
"22","415202","20220921080000","24","0","新北市","三芝區","121.490","25.245","30"
"432","415205","20220921080000","524","0","新北市","三芝區","121.495","25.245","426"
"432","415211","20220921080000","408","1","基隆市","中山區","121.735","25.150","410"
"260","415212","20220921080000","150","3","基隆市","中山區","121.730","25.155","340"
"433","415214","20220921080000","358","2","基隆市","中正區","121.785","25.145","374"
"229","415224","20220921080000","282","0","新北市","八里區","121.415","25.155","221"
"1426","415226","20220921080000","1216","1","新北市","八里區","121.415","25.160","1362"
"854","415229","20220921080000","751","1","新北市","八里區","121.420","25.160","733"
"114","415237","20220921080000","111","1","新北市","八里區","121.440","25.155","134"
"417","415239","20220921080000","427","0","新北市","八里區","121.430","25.155","339"
"157","415242","20220921080000","123","2","新北市","八里區","121.430","25.160","144"
"441","415250","20220921080000","441","1","新北市","八里區","121.395","25.160","396"
"225","415252","20220921080000","256","0","新北市","八里區","121.405","25.155","233"
"273","415257","20220921080000","277","0","新北市","萬里區","121.675","25.180","279"
"338","415264","20220921080000","305","1","新北市","萬里區","121.640","25.210","386"
"52","415271","20220921080000","45","1","新北市","萬里區","121.645","25.150","51"
"190","415286","20220921080000","139","2","新北市","萬里區","121.665","25.160","146"
"55","415301","20220921080000","45","2","新北市","萬里區","121.625","25.150","50"
"11","415332","20220921080000","10","1","新北市","萬里區","121.615","25.190","11"
"116","415357","20220921080000","49","3","新北市","萬里區","121.620","25.200","121"
"180","415363","20220921080000","258","0","新北市","萬里區","121.650","25.200","193"
"937","415369","20220921080000","858","1","新北市","萬里區","121.690","25.175","919"
"667","415372","20220921080000","608","1","新北市","萬里區","121.690","25.180","808"
"2070","415375","20220921080000","2002","1","新北市","淡水區","121.440","25.175","2102"
"377","415378","20220921080000","436","0","新北市","淡水區","121.450","25.160","386"
"1313","415379","20220921080000","1244","1","新北市","淡水區","121.455","25.160","1400"
"361","415380","20220921080000","490","0","新北市","淡水區","121.460","25.160","343"
"707","415383","20220921080000","652","1","新北市","淡水區","121.450","25.165","744"
"17","415388","20220921080000","97","0","新北市","淡水區","121.445","25.200","13"
"38","415391","20220921080000","23","3","新北市","淡水區","121.430","25.205","32"
"23","415394","20220921080000","106","0","新北市","淡水區","121.445","25.205","25"
"285","415395","20220921080000","340","0","新北市","淡水區","121.450","25.205","288"
"267","415396","20220921080000","251","1","新北市","淡水區","121.455","25.205","280"
"64","415398","20220921080000","57","1","新北市","淡水區","121.440","25.210","70"
"309","415408","20220921080000","314","0","新北市","淡水區","121.460","25.215","321"
"54","415409","20220921080000","57","0","新北市","淡水區","121.465","25.215","45"
"10","415410","20220921080000","11","0","新北市","淡水區","121.440","25.220","10"
"409","415412","20220921080000","411","0","新北市","淡水區","121.450","25.220","426"
"10","415428","20220921080000","13","0","新北市","石門區","121.580","25.240","11"
"31","415437","20220921080000","89","0","新北市","石門區","121.580","25.245","38"
"92","415462","20220921080000","58","3","新北市","石門區","121.530","25.285","100"
"95","415465","20220921080000","90","1","新北市","石門區","121.535","25.290","136"
"374","415468","20220921080000","353","1","新北市","石門區","121.540","25.290","373"
"99","415521","20220921080000","129","0","新北市","石門區","121.550","25.285","91"
"154","415532","20220921080000","164","0","新北市","石門區","121.515","25.275","41"
"10","415541","20220921080000","16","0","新北市","石門區","121.515","25.285","14"
"287","415546","20220921080000","117","3","新北市","石門區","121.570","25.255","201"
"99","415568","20220921080000","140","0","新北市","石門區","121.550","25.255","136"
"41","415594","20220921080000","82","0","新北市","石門區","121.595","25.270","55"
"52","415595","20220921080000","56","0","新北市","石門區","121.590","25.275","34"
"359","415599","20220921080000","251","2","新北市","石門區","121.590","25.285","327"
"30","415623","20220921080000","29","1","新北市","石門區","121.600","25.280","29"
"99","415625","20220921080000","95","1","新北市","石門區","121.610","25.280","100"
"56","415630","20220921080000","56","1","新北市","萬里區","121.685","25.165","45"
"178","415649","20220921080000","84","3","新北市","萬里區","121.655","25.200","194"
"729","415654","20220921080000","536","2","新北市","萬里區","121.690","25.200","845"
"82","415655","20220921080000","61","2","新北市","萬里區","121.655","25.205","67"
"261","415656","20220921080000","251","1","新北市","萬里區","121.660","25.205","221"
"264","415657","20220921080000","169","3","新北市","萬里區","121.690","25.205","274"
"16","415664","20220921080000","14","1","新北市","淡水區","121.465","25.175","12"
"70","415674","20220921080000","86","0","新北市","淡水區","121.520","25.175","58"
"46","415676","20220921080000","63","0","新北市","淡水區","121.480","25.180","49"
"120","415677","20220921080000","110","1","新北市","淡水區","121.485","25.180","108"
"152","415685","20220921080000","120","2","新北市","淡水區","121.470","25.185","148"
"30","415687","20220921080000","119","0","新北市","淡水區","121.480","25.185","28"
"477","415688","20220921080000","494","0","新北市","淡水區","121.485","25.185","437"
"160","415696","20220921080000","132","2","新北市","淡水區","121.475","25.190","128"
"175","415697","20220921080000","143","2","新北市","淡水區","121.490","25.190","197"
"20","415699","20220921080000","16","2","新北市","淡水區","121.500","25.190","14"
"368","415701","20220921080000","941","0","新北市","淡水區","121.440","25.180","357"
"144","415706","20220921080000","218","0","新北市","淡水區","121.485","25.165","184"
"64","415713","20220921080000","53","2","新北市","淡水區","121.485","25.170","56"
"102","415717","20220921080000","129","0","新北市","淡水區","121.485","25.175","112"
"17","415718","20220921080000","266","0","新北市","淡水區","121.415","25.180","23"
"70","415720","20220921080000","82","0","新北市","淡水區","121.410","25.185","70"
"1399","415722","20220921080000","1291","1","新北市","淡水區","121.420","25.185","1439"
"904","415723","20220921080000","952","0","新北市","淡水區","121.425","25.185","899"
"813","415724","20220921080000","1091","0","新北市","淡水區","121.430","25.185","870"
"617","415730","20220921080000","449","2","新北市","淡水區","121.430","25.190","717"
"30","415731","20220921080000","37","0","新北市","淡水區","121.420","25.195","32"
"721","415732","20220921080000","589","2","新北市","淡水區","121.425","25.195","734"
"589","415734","20220921080000","557","1","新北市","淡水區","121.420","25.175","565"
"104","415735","20220921080000","87","1","新北市","淡水區","121.425","25.175","99"
"98","415737","20220921080000","92","1","新北市","淡水區","121.430","25.180","69"
"41","415738","20220921080000","25","3","新北市","淡水區","121.475","25.210","39"
"28","415743","20220921080000","25","1","新北市","淡水區","121.475","25.215","38"
"35","415744","20220921080000","34","1","新北市","淡水區","121.480","25.215","37"
"135","415745","20220921080000","172","0","新北市","淡水區","121.485","25.215","135"
"34","415753","20220921080000","124","0","新北市","淡水區","121.445","25.225","33"
"152","415754","20220921080000","295","0","新北市","淡水區","121.450","25.225","208"
"127","415755","20220921080000","131","0","新北市","淡水區","121.455","25.225","136"
"26","415761","20220921080000","60","0","新北市","淡水區","121.445","25.230","17"
"178","415762","20220921080000","161","1","新北市","淡水區","121.450","25.230","186"
"131","415775","20220921080000","121","1","新北市","萬里區","121.635","25.165","117"
"82","415799","20220921080000","43","3","新北市","萬里區","121.650","25.175","102"
"226","415830","20220921080000","207","1","新北市","萬里區","121.685","25.190","226"
"154","415832","20220921080000","126","2","新北市","萬里區","121.680","25.195","220"
"267","415838","20220921080000","304","0","新北市","淡水區","121.430","25.175","245"
"1985","415839","20220921080000","2360","0","新北市","淡水區","121.435","25.175","1954"
"1605","415840","20220921080000","1838","0","新北市","淡水區","121.435","25.180","1627"
"510","415841","20220921080000","505","1","新北市","淡水區","121.435","25.170","557"
"16","415849","20220921080000","14","1","新北市","淡水區","121.485","25.230","12"
"181","415852","20220921080000","149","2","新北市","三芝區","121.480","25.235","156"
"3145","415853","20220921080000","3180","0","新北市","淡水區","121.445","25.175","3238"
"3793","415854","20220921080000","4544","0","新北市","淡水區","121.450","25.175","3854"
"1781","415857","20220921080000","2001","0","新北市","淡水區","121.460","25.155","1798"
"1256","415860","20220921080000","1293","0","新北市","淡水區","121.455","25.155","1321"
"164","415861","20220921080000","471","0","新北市","淡水區","121.465","25.160","174"
"164","415870","20220921080000","90","3","新北市","金山區","121.615","25.240","112"
"50","415905","20220921080000","42","1","新北市","金山區","121.590","25.235","39"
"1722","415910","20220921080000","2386","0","新北市","淡水區","121.445","25.180","1718"
"1964","415911","20220921080000","2196","0","新北市","淡水區","121.450","25.180","1914"
"58","415912","20220921080000","245","0","新北市","淡水區","121.455","25.180","51"
"794","415916","20220921080000","1319","0","新北市","淡水區","121.445","25.185","821"
"17","415918","20220921080000","17","1","新北市","淡水區","121.455","25.185","12"
"1536","415921","20220921080000","1808","0","新北市","淡水區","121.455","25.175","1572"
"2621","415922","20220921080000","2650","0","新北市","淡水區","121.440","25.170","2604"
"208","415924","20220921080000","172","2","新北市","淡水區","121.485","25.155","188"
"350","415927","20220921080000","364","0","新北市","淡水區","121.485","25.160","355"
"211","415931","20220921080000","211","1","新北市","淡水區","121.470","25.165","239"
"400","415932","20220921080000","349","1","新北市","淡水區","121.440","25.190","416"
"1758","415933","20220921080000","1854","0","新北市","淡水區","121.445","25.190","1754"
"375","415936","20220921080000","340","1","新北市","淡水區","121.460","25.190","360"
"1088","415942","20220921080000","987","1","新北市","淡水區","121.450","25.200","1086"
"337","415944","20220921080000","323","1","新北市","淡水區","121.460","25.200","320"
"662","415946","20220921080000","627","1","新北市","淡水區","121.420","25.180","666"
"2087","415947","20220921080000","2203","0","新北市","淡水區","121.450","25.170","2202"
"642","415948","20220921080000","772","0","新北市","淡水區","121.455","25.170","669"
"362","415951","20220921080000","340","1","新北市","淡水區","121.455","25.235","318"
"924","415961","20220921080000","843","1","新北市","淡水區","121.435","25.185","863"
"315","415962","20220921080000","393","0","新北市","淡水區","121.440","25.185","368"
"1888","415963","20220921080000","1707","1","新北市","淡水區","121.435","25.190","1888"
"750","415964","20220921080000","680","1","新北市","淡水區","121.430","25.195","744"
"458","415968","20220921080000","356","2","新北市","淡水區","121.430","25.200","429"
"1390","415969","20220921080000","1577","0","新北市","淡水區","121.435","25.200","1330"
"389","415971","20220921080000","298","2","新北市","淡水區","121.425","25.205","368"
"41","415972","20220921080000","26","3","新北市","淡水區","121.435","25.205","32"
"60","415975","20220921080000","440","0","新北市","淡水區","121.445","25.170","43"
"35","415977","20220921080000","35","1","新北市","淡水區","121.485","25.190","39"
"23","415979","20220921080000","90","0","新北市","淡水區","121.470","25.195","24"
"170","415984","20220921080000","156","1","新北市","淡水區","121.470","25.200","154"
"105","415986","20220921080000","101","1","新北市","淡水區","121.480","25.200","101"
"1110","416009","20220921080000","1251","0","新北市","金山區","121.640","25.220","1070"
"112","416022","20220921080000","30","3","新北市","金山區","121.625","25.270","35"
"386","416030","20220921080000","412","0","新北市","金山區","121.640","25.225","643"
"169","416031","20220921080000","263","0","新北市","金山區","121.645","25.225","239"
"195","416033","20220921080000","150","2","新北市","金山區","121.645","25.230","225"
"70","416038","20220921080000","81","0","臺北市","北投區","121.500","25.155","65"
"305","416050","20220921080000","268","1","新北市","金山區","121.630","25.225","348"
"318","416051","20220921080000","286","1","新北市","金山區","121.635","25.225","340"
"188","416060","20220921080000","159","1","新北市","金山區","121.615","25.245","166"
"74","416062","20220921080000","50","2","新北市","金山區","121.605","25.245","66"
"30","416063","20220921080000","24","2","新北市","金山區","121.610","25.245","34"
"21","416067","20220921080000","19","1","新北市","金山區","121.610","25.250","18"
"130","416122","20220921080000","115","1","新北市","金山區","121.595","25.200","105"
"250","416123","20220921080000","157","3","新北市","金山區","121.600","25.200","214"
"87","416146","20220921080000","81","1","新北市","金山區","121.600","25.215","107"
"581","416155","20220921080000","659","0","新北市","金山區","121.630","25.220","577"
"958","416156","20220921080000","629","3","新北市","金山區","121.635","25.220","943"
"46","416160","20220921080000","60","0","臺北市","士林區","121.555","25.155","51"
"14","416168","20220921080000","10","2","臺北市","士林區","121.575","25.165","14"
"21","416182","20220921080000","27","0","臺北市","士林區","121.570","25.190","18"
"40","416192","20220921080000","69","0","臺北市","北投區","121.530","25.155","46"
"2204","416202","20220921080000","2540","0","新北市","淡水區","121.445","25.165","2266"
"250","416204","20220921080000","166","3","臺北市","北投區","121.540","25.155","223"
"202","416205","20220921080000","207","0","臺北市","北投區","121.545","25.150","209"
"12","416209","20220921080000","46","0","臺北市","北投區","121.545","25.155","12"
"18","416212","20220921080000","15","2","臺北市","北投區","121.540","25.160","14"
"45","416213","20220921080000","27","3","臺北市","北投區","121.545","25.160","38"
"306","416221","20220921080000","117","3","臺北市","北投區","121.540","25.165","289"
"196","416225","20220921080000","56","3","臺北市","北投區","121.560","25.165","179"
"37","416236","20220921080000","38","0","臺北市","北投區","121.535","25.175","37"
"94","416246","20220921080000","76","2","臺北市","北投區","121.545","25.180","94"
"83","416251","20220921080000","117","0","臺北市","北投區","121.535","25.185","87"
"45","416275","20220921080000","118","0","臺北市","北投區","121.490","25.155","45"
"11","617429","20220921080000","217","0","金門縣","金城鎮","118.305","24.400","14"
"1155","617430","20220921080000","991","1","金門縣","金城鎮","118.310","24.400","1282"
"399","617700","20220921080000","346","1","金門縣","金城鎮","118.305","24.405","384"
"288","617704","20220921080000","238","2","金門縣","金城鎮","118.325","24.405","278"
"13","617966","20220921080000","19","0","金門縣","烈嶼鄉","118.225","24.405","29"
"66","617974","20220921080000","68","0","金門縣","金城鎮","118.290","24.405","57"
"141","617990","20220921080000","123","1","金門縣","金湖鎮","118.430","24.410","134"
"160","618255","20220921080000","181","0","金門縣","金城鎮","118.285","24.410","197"
"109","618257","20220921080000","326","0","金門縣","金城鎮","118.295","24.410","109"
"130","618258","20220921080000","164","0","金門縣","金城鎮","118.300","24.410","120"
"60","618259","20220921080000","36","3","金門縣","金城鎮","118.305","24.410","59"
"59","618260","20220921080000","56","1","金門縣","金城鎮","118.310","24.410","45"
"174","618263","20220921080000","178","0","金門縣","金城鎮","118.325","24.410","180"
"719","618264","20220921080000","552","2","金門縣","金城鎮","118.330","24.410","712"
"189","618266","20220921080000","165","1","金門縣","金城鎮","118.335","24.410","191"
"299","618273","20220921080000","312","0","金門縣","金湖鎮","118.435","24.415","318"
"379","618274","20220921080000","521","0","金門縣","金湖鎮","118.440","24.415","688"
"70","618530","20220921080000","293","0","金門縣","烈嶼鄉","118.230","24.415","71"
"342","618532","20220921080000","536","0","金門縣","烈嶼鄉","118.240","24.415","382"
"262","618541","20220921080000","231","1","金門縣","金城鎮","118.290","24.415","250"
"550","618545","20220921080000","628","0","金門縣","金城鎮","118.310","24.415","478"
"646","618547","20220921080000","711","0","金門縣","金城鎮","118.315","24.415","666"
"273","618552","20220921080000","159","3","金門縣","金寧鄉","118.340","24.415","280"
"149","618560","20220921080000","167","0","金門縣","金湖鎮","118.440","24.420","163"
"559","618813","20220921080000","440","2","金門縣","烈嶼鄉","118.220","24.420","551"
"89","618818","20220921080000","28","3","金門縣","烈嶼鄉","118.245","24.420","80"
"17","618832","20220921080000","940","0","金門縣","金城鎮","118.310","24.420","24"
"108","618833","20220921080000","101","1","金門縣","金城鎮","118.315","24.420","103"
"48","618834","20220921080000","74","0","金門縣","金城鎮","118.320","24.420","46"
"40","618835","20220921080000","36","1","金門縣","金城鎮","118.325","24.420","35"
"162","618836","20220921080000","174","0","金門縣","金寧鄉","118.330","24.420","162"
"34","618838","20220921080000","14","3","金門縣","金寧鄉","118.340","24.420","33"
"302","618851","20220921080000","294","1","金門縣","金湖鎮","118.440","24.425","311"
"1718","619113","20220921080000","1343","2","金門縣","烈嶼鄉","118.245","24.425","1555"
"385","619116","20220921080000","218","3","金門縣","烈嶼鄉","118.260","24.425","337"
"107","619117","20220921080000","61","3","金門縣","烈嶼鄉","118.265","24.425","86"
"10","619126","20220921080000","11","0","金門縣","金城鎮","118.315","24.425","10"
"1500","619127","20220921080000","1277","1","金門縣","金城鎮","118.320","24.425","1468"
"122","619133","20220921080000","149","0","金門縣","金寧鄉","118.350","24.425","137"
"324","619146","20220921080000","334","0","金門縣","金湖鎮","118.430","24.425","317"
"99","619151","20220921080000","97","1","金門縣","金湖鎮","118.455","24.430","95"
"50","619406","20220921080000","57","0","金門縣","烈嶼鄉","118.230","24.430","16"
"83","619420","20220921080000","1707","0","金門縣","金城鎮","118.310","24.430","80"
"915","619421","20220921080000","1443","0","金門縣","金城鎮","118.315","24.430","908"
"1238","619422","20220921080000","1274","0","金門縣","金城鎮","118.320","24.430","1237"
"103","619424","20220921080000","152","0","金門縣","金寧鄉","118.330","24.430","114"
"788","619426","20220921080000","635","2","金門縣","金寧鄉","118.340","24.430","777"
"87","619430","20220921080000","56","3","金門縣","金寧鄉","118.360","24.430","77"
"330","619440","20220921080000","835","0","金門縣","金湖鎮","118.410","24.430","284"
"358","619442","20220921080000","474","0","金門縣","金湖鎮","118.420","24.430","373"
"225","619709","20220921080000","363","0","金門縣","烈嶼鄉","118.255","24.435","232"
"24","619710","20220921080000","24","1","金門縣","烈嶼鄉","118.260","24.435","29"
"542","619718","20220921080000","500","1","金門縣","金城鎮","118.310","24.435","538"
"2943","619719","20220921080000","3039","0","金門縣","金城鎮","118.315","24.435","2972"
"25","619721","20220921080000","963","0","金門縣","金城鎮","118.325","24.435","28"
"126","619722","20220921080000","343","0","金門縣","金寧鄉","118.330","24.435","278"
"40","619726","20220921080000","34","1","金門縣","金寧鄉","118.350","24.435","28"
"33","619728","20220921080000","35","0","金門縣","金寧鄉","118.360","24.435","31"
"217","619729","20220921080000","168","2","金門縣","金湖鎮","118.365","24.435","211"
"133","619731","20220921080000","94","2","金門縣","金湖鎮","118.375","24.435","130"
"120","619734","20220921080000","150","0","金門縣","金湖鎮","118.390","24.435","118"
"622","619737","20220921080000","1463","0","金門縣","金湖鎮","118.405","24.435","628"
"41","619739","20220921080000","97","0","金門縣","金湖鎮","118.415","24.435","50"
"100","619747","20220921080000","101","0","金門縣","金湖鎮","118.455","24.435","97"
"561","620010","20220921080000","329","3","金門縣","金城鎮","118.310","24.440","538"
"3806","620011","20220921080000","2257","3","金門縣","金城鎮","118.315","24.440","3834"
"733","620012","20220921080000","493","2","金門縣","金寧鄉","118.320","24.440","726"
"73","620013","20220921080000","78","0","金門縣","金城鎮","118.325","24.440","71"
"21","620015","20220921080000","379","0","金門縣","金寧鄉","118.335","24.440","26"
"10","620020","20220921080000","120","0","金門縣","金寧鄉","118.360","24.440","10"
"112","620024","20220921080000","96","1","金門縣","金湖鎮","118.380","24.440","102"
"658","620025","20220921080000","770","0","金門縣","金湖鎮","118.385","24.440","652"
"108","620027","20220921080000","64","3","金門縣","金湖鎮","118.395","24.440","94"
"52","620029","20220921080000","153","0","金門縣","金湖鎮","118.405","24.440","54"
"1062","620031","20220921080000","3643","0","金門縣","金湖鎮","118.415","24.440","1081"
"1433","620032","20220921080000","1772","0","金門縣","金湖鎮","118.420","24.440","1462"
"12","620037","20220921080000","149","0","金門縣","金湖鎮","118.445","24.440","13"
"12","620040","20220921080000","111","0","金門縣","金湖鎮","118.460","24.440","15"
"37","620293","20220921080000","337","0","金門縣","烈嶼鄉","118.240","24.440","39"
"724","620304","20220921080000","760","0","金門縣","金寧鄉","118.310","24.445","755"
"176","620306","20220921080000","212","0","金門縣","金寧鄉","118.320","24.445","181"
"50","620312","20220921080000","453","0","金門縣","金寧鄉","118.350","24.445","27"
"37","620317","20220921080000","411","0","金門縣","金湖鎮","118.375","24.445","29"
"336","620318","20220921080000","250","2","金門縣","金湖鎮","118.380","24.445","345"
"23","620323","20220921080000","26","0","金門縣","金湖鎮","118.405","24.445","26"
"99","620326","20220921080000","40","3","金門縣","金湖鎮","118.420","24.445","77"
"23","620327","20220921080000","285","0","金門縣","金湖鎮","118.425","24.445","26"
"14","620335","20220921080000","12","1","金門縣","金湖鎮","118.465","24.445","12"
"95","620336","20220921080000","134","0","金門縣","金湖鎮","118.470","24.445","123"
"124","620593","20220921080000","125","0","金門縣","烈嶼鄉","118.250","24.445","126"
"99","620594","20220921080000","74","2","金門縣","烈嶼鄉","118.255","24.445","84"
"406","620595","20220921080000","47","3","金門縣","烈嶼鄉","118.260","24.445","377"
"258","620604","20220921080000","338","0","金門縣","金寧鄉","118.305","24.450","241"
"682","620605","20220921080000","383","3","金門縣","金寧鄉","118.310","24.450","660"
"257","620607","20220921080000","457","0","金門縣","金寧鄉","118.320","24.450","261"
"511","620608","20220921080000","336","3","金門縣","金寧鄉","118.325","24.450","472"
"1487","620609","20220921080000","1547","0","金門縣","金寧鄉","118.330","24.450","1592"
"659","620610","20220921080000","572","1","金門縣","金寧鄉","118.335","24.450","614"
"271","620611","20220921080000","459","0","金門縣","金寧鄉","118.340","24.450","365"
"76","620613","20220921080000","55","2","金門縣","金寧鄉","118.350","24.450","66"
"80","620618","20220921080000","74","1","金門縣","金湖鎮","118.375","24.450","70"
"43","620625","20220921080000","48","0","金門縣","金湖鎮","118.410","24.450","77"
"11","620634","20220921080000","89","0","金門縣","金沙鎮","118.455","24.450","11"
"528","620912","20220921080000","263","3","金門縣","金寧鄉","118.335","24.455","537"
"10","620916","20220921080000","60","0","金門縣","金寧鄉","118.355","24.455","10"
"359","620919","20220921080000","305","1","金門縣","金湖鎮","118.370","24.455","351"
"346","620920","20220921080000","308","1","金門縣","金湖鎮","118.375","24.455","350"
"512","620921","20220921080000","385","2","金門縣","金湖鎮","118.380","24.455","533"
"96","620922","20220921080000","62","3","金門縣","金湖鎮","118.385","24.455","85"
"24","620927","20220921080000","37","0","金門縣","金湖鎮","118.410","24.455","35"
"27","620928","20220921080000","49","0","金門縣","金湖鎮","118.415","24.455","39"
"25","620930","20220921080000","29","0","金門縣","金湖鎮","118.425","24.455","19"
"486","621210","20220921080000","565","0","金門縣","金寧鄉","118.305","24.455","441"
"21","621214","20220921080000","717","0","金門縣","金寧鄉","118.325","24.455","21"
"266","621221","20220921080000","238","1","金門縣","金寧鄉","118.360","24.460","245"
"21","621226","20220921080000","12","3","金門縣","金沙鎮","118.385","24.460","26"
"148","621230","20220921080000","164","0","金門縣","金沙鎮","118.405","24.460","112"
"101","621231","20220921080000","463","0","金門縣","金湖鎮","118.410","24.460","86"
"49","621233","20220921080000","22","3","金門縣","金湖鎮","118.420","24.460","60"
"32","621239","20220921080000","31","1","金門縣","金沙鎮","118.450","24.460","26"
"569","621509","20220921080000","729","0","金門縣","金寧鄉","118.315","24.460","583"
"170","621510","20220921080000","197","0","金門縣","金寧鄉","118.320","24.460","153"
"233","621511","20220921080000","153","3","金門縣","金寧鄉","118.325","24.460","203"
"13","621529","20220921080000","18","0","金門縣","金沙鎮","118.415","24.465","16"
"25","621530","20220921080000","22","1","金門縣","金湖鎮","118.420","24.465","34"
"104","621533","20220921080000","101","1","金門縣","金沙鎮","118.435","24.465","118"
"82","621534","20220921080000","85","0","金門縣","金沙鎮","118.440","24.465","91"
"266","621810","20220921080000","220","2","金門縣","金沙鎮","118.390","24.465","195"
"44","621816","20220921080000","807","0","金門縣","金沙鎮","118.420","24.470","61"
"267","621823","20220921080000","263","1","金門縣","金沙鎮","118.455","24.470","313"
"730","622079","20220921080000","482","3","金門縣","金寧鄉","118.315","24.470","435"
"330","622096","20220921080000","420","0","金門縣","金沙鎮","118.400","24.470","305"
"79","622102","20220921080000","63","2","金門縣","金沙鎮","118.430","24.475","90"
"310","622377","20220921080000","183","3","金門縣","金沙鎮","118.390","24.475","360"
"263","622644","20220921080000","65","3","金門縣","金寧鄉","118.310","24.480","60"
"20","622657","20220921080000","222","0","金門縣","金沙鎮","118.390","24.480","17"
"151","622658","20220921080000","115","2","金門縣","金沙鎮","118.395","24.480","144"
"15","622921","20220921080000","16","0","金門縣","金寧鄉","118.300","24.485","12"
"1165","622937","20220921080000","819","2","金門縣","金沙鎮","118.415","24.485","1081"
"157","622938","20220921080000","101","3","金門縣","金沙鎮","118.420","24.485","118"
"33","622941","20220921080000","38","0","金門縣","金沙鎮","118.435","24.485","40"
"151","622942","20220921080000","79","3","金門縣","金沙鎮","118.440","24.485","149"
"675","623206","20220921080000","469","2","金門縣","金沙鎮","118.410","24.490","643"
"449","623207","20220921080000","621","0","金門縣","金沙鎮","118.415","24.490","585"
"70","623210","20220921080000","75","0","金門縣","金沙鎮","118.430","24.490","69"
"655","623474","20220921080000","815","0","金門縣","金沙鎮","118.415","24.495","643"
"21","623478","20220921080000","362","0","金門縣","金沙鎮","118.435","24.495","23"
"93","623734","20220921080000","74","2","金門縣","金沙鎮","118.400","24.500","74"
"25","623738","20220921080000","35","0","金門縣","金沙鎮","118.420","24.500","32"
"238","623993","20220921080000","210","1","金門縣","金沙鎮","118.405","24.505","242"
"260","624000","20220921080000","257","1","金門縣","金沙鎮","118.440","24.505","260"
"188","624511","20220921080000","190","0","金門縣","金沙鎮","118.405","24.515","194"
"137","624771","20220921080000","189","0","金門縣","金沙鎮","118.415","24.515","134"
"320","653049","20220921080000","382","0","連江縣","莒光鄉","119.975","25.960","327"
"301","653082","20220921080000","314","0","連江縣","莒光鄉","119.935","25.970","300"
"114","653097","20220921080000","134","0","連江縣","莒光鄉","119.930","25.975","260"
"16","653099","20220921080000","20","0","連江縣","莒光鄉","119.940","25.975","12"
"466","653173","20220921080000","282","3","連江縣","南竿鄉","119.925","26.140","448"
"64","653187","20220921080000","58","1","連江縣","南竿鄉","119.930","26.145","80"
"122","653198","20220921080000","97","2","連江縣","南竿鄉","119.915","26.145","112"
"60","653200","20220921080000","68","0","連江縣","南竿鄉","119.925","26.145","44"
"257","653203","20220921080000","431","0","連江縣","南竿鄉","119.940","26.145","288"
"16","653217","20220921080000","33","0","連江縣","南竿鄉","119.925","26.150","26"
"368","653219","20220921080000","400","0","連江縣","南竿鄉","119.935","26.150","344"
"46","653221","20220921080000","56","0","連江縣","南竿鄉","119.945","26.150","46"
"147","653231","20220921080000","288","0","連江縣","南竿鄉","119.920","26.155","299"
"625","653235","20220921080000","547","1","連江縣","南竿鄉","119.940","26.155","539"
"1006","653238","20220921080000","986","1","連江縣","南竿鄉","119.955","26.155","950"
"219","653248","20220921080000","77","3","連江縣","南竿鄉","119.920","26.160","70"
"998","653255","20220921080000","964","1","連江縣","南竿鄉","119.955","26.160","914"
"38","653257","20220921080000","29","2","連江縣","南竿鄉","119.965","26.160","34"
"567","653272","20220921080000","424","2","連江縣","南竿鄉","119.950","26.165","582"
"129","653282","20220921080000","124","1","連江縣","南竿鄉","119.925","26.170","139"
"204","653344","20220921080000","181","1","連江縣","北竿鄉","119.970","26.205","394"
"200","653365","20220921080000","200","1","連江縣","北竿鄉","119.975","26.215","215"
"29","653382","20220921080000","35","0","連江縣","北竿鄉","120.000","26.220","18"
"13","653393","20220921080000","20","0","連江縣","北竿鄉","119.980","26.225","14"
"765","653396","20220921080000","1007","0","連江縣","北竿鄉","119.995","26.225","1094"
"479","653397","20220921080000","382","2","連江縣","北竿鄉","120.000","26.225","511"
"130","653411","20220921080000","79","3","連江縣","北竿鄉","120.000","26.230","191"
"27","653580","20220921080000","33","0","連江縣","東引鄉","120.485","26.360","19"
"62","653590","20220921080000","57","1","連江縣","東引鄉","120.490","26.360","60"
"330","653592","20220921080000","561","0","連江縣","東引鄉","120.500","26.360","253"
"714","653602","20220921080000","639","1","連江縣","東引鄉","120.490","26.365","702"
"98","653603","20220921080000","49","3","連江縣","東引鄉","120.495","26.365","90"
"118","653623","20220921080000","133","0","連江縣","東引鄉","120.480","26.375","117"
