"POPULATION","G_ID","time","avg","idx","City","Town","x","y","prePop"
"158","6258","20220922235000","104","3","屏東縣","恆春鎮","120.745","21.945","131"
"22","6267","20220922235000","195","0","屏東縣","恆春鎮","120.790","21.945","24"
"94","9415","20220922235000","88","1","屏東縣","恆春鎮","120.715","21.970","139"
"74","9416","20220922235000","56","2","屏東縣","恆春鎮","120.845","21.970","96"
"217","15716","20220922235000","198","1","臺東縣","蘭嶼鄉","121.535","22.025","306"
"40","18068","20220922235000","46","0","屏東縣","車城鄉","120.695","22.045","48"
"95","40369","20220922235000","73","2","屏東縣","枋山鄉","120.660","22.245","92"
"14","46865","20220922235000","73","0","臺東縣","大武鄉","120.890","22.305","78"
"73","49782","20220922235000","180","0","屏東縣","琉球鄉","120.355","22.330","74"
"18","49783","20220922235000","158","0","屏東縣","琉球鄉","120.375","22.330","25"
"557","52213","20220922235000","289","3","屏東縣","琉球鄉","120.380","22.355","486"
"37","57589","20220922235000","22","3","屏東縣","春日鄉","120.660","22.365","46"
"94","57606","20220922235000","70","2","屏東縣","春日鄉","120.665","22.365","89"
"101","57748","20220922235000","87","1","屏東縣","春日鄉","120.750","22.405","102"
"234","57758","20220922235000","180","2","屏東縣","春日鄉","120.625","22.365","255"
"15","57868","20220922235000","233","0","屏東縣","車城鄉","120.730","22.055","30"
"182","57949","20220922235000","72","3","屏東縣","車城鄉","120.715","22.050","147"
"22","57951","20220922235000","139","0","屏東縣","車城鄉","120.710","22.055","21"
"272","57952","20220922235000","179","3","屏東縣","枋寮鄉","120.595","22.375","274"
"149","57962","20220922235000","461","0","屏東縣","枋寮鄉","120.595","22.385","151"
"440","57963","20220922235000","388","1","屏東縣","枋寮鄉","120.600","22.385","455"
"17","57992","20220922235000","17","1","屏東縣","滿州鄉","120.890","22.090","16"
"18","58112","20220922235000","15","2","屏東縣","滿州鄉","120.805","22.015","11"
"114","58150","20220922235000","92","2","屏東縣","滿州鄉","120.875","22.115","128"
"108","58209","20220922235000","90","2","屏東縣","滿州鄉","120.840","21.985","107"
"62","58243","20220922235000","43","2","屏東縣","滿州鄉","120.840","22.015","58"
"255","58245","20220922235000","228","1","屏東縣","滿州鄉","120.835","22.020","238"
"30","58246","20220922235000","18","3","屏東縣","滿州鄉","120.840","22.020","31"
"218","58248","20220922235000","136","3","屏東縣","滿州鄉","120.830","22.025","164"
"311","58265","20220922235000","255","2","屏東縣","滿州鄉","120.830","21.995","310"
"33","58303","20220922235000","29","1","屏東縣","滿州鄉","120.850","22.020","39"
"73","58452","20220922235000","48","3","屏東縣","滿州鄉","120.830","22.075","63"
"27","58493","20220922235000","22","2","屏東縣","滿州鄉","120.830","22.095","28"
"21","58500","20220922235000","25","0","屏東縣","滿州鄉","120.840","22.100","20"
"104","58514","20220922235000","77","2","屏東縣","枋山鄉","120.665","22.240","77"
"142","58522","20220922235000","145","0","屏東縣","枋山鄉","120.650","22.260","129"
"56","58529","20220922235000","253","0","屏東縣","枋山鄉","120.690","22.190","58"
"33","58531","20220922235000","108","0","屏東縣","枋山鄉","120.690","22.195","33"
"23","58544","20220922235000","10","3","屏東縣","佳冬鄉","120.525","22.410","19"
"412","58554","20220922235000","628","0","屏東縣","恆春鎮","120.740","22.030","421"
"17","58568","20220922235000","138","0","屏東縣","恆春鎮","120.735","22.040","26"
"119","58585","20220922235000","77","3","屏東縣","恆春鎮","120.720","22.045","54"
"14","58609","20220922235000","101","0","屏東縣","恆春鎮","120.750","21.955","14"
"53","58614","20220922235000","436","0","屏東縣","恆春鎮","120.755","21.960","57"
"30","58615","20220922235000","22","2","屏東縣","恆春鎮","120.760","21.960","26"
"481","58618","20220922235000","583","0","屏東縣","恆春鎮","120.755","21.965","426"
"485","58656","20220922235000","250","3","屏東縣","恆春鎮","120.730","22.010","486"
"333","58663","20220922235000","415","0","屏東縣","恆春鎮","120.745","22.005","379"
"265","58680","20220922235000","235","1","屏東縣","恆春鎮","120.730","21.995","334"
"21","58690","20220922235000","12","3","屏東縣","恆春鎮","120.740","21.920","15"
"339","58691","20220922235000","213","3","屏東縣","恆春鎮","120.725","21.925","383"
"31","58698","20220922235000","19","3","屏東縣","恆春鎮","120.715","21.935","17"
"40","58707","20220922235000","34","1","屏東縣","恆春鎮","120.715","21.945","41"
"292","58723","20220922235000","174","3","屏東縣","恆春鎮","120.720","21.960","223"
"1123","58725","20220922235000","1175","0","屏東縣","恆春鎮","120.740","22.010","1070"
"20","58785","20220922235000","63","0","屏東縣","恆春鎮","120.720","22.040","23"
"89","58793","20220922235000","52","3","屏東縣","恆春鎮","120.695","22.020","97"
"18","58796","20220922235000","21","0","屏東縣","恆春鎮","120.710","22.020","21"
"151","58818","20220922235000","124","2","屏東縣","恆春鎮","120.850","21.905","110"
"28","58819","20220922235000","21","2","屏東縣","恆春鎮","120.855","21.905","31"
"64","58824","20220922235000","51","2","屏東縣","恆春鎮","120.850","21.910","50"
"205","58829","20220922235000","143","2","屏東縣","恆春鎮","120.850","21.915","157"
"69","58837","20220922235000","69","1","屏東縣","恆春鎮","120.830","21.925","75"
"162","58849","20220922235000","112","2","屏東縣","恆春鎮","120.825","21.935","207"
"31","58893","20220922235000","237","0","屏東縣","車城鄉","120.715","22.070","29"
"109","58924","20220922235000","60","3","屏東縣","獅子鄉","120.730","22.195","97"
"18","58958","20220922235000","116","0","屏東縣","獅子鄉","120.750","22.205","25"
"111","58971","20220922235000","86","2","屏東縣","獅子鄉","120.725","22.210","105"
"23","58997","20220922235000","15","3","屏東縣","獅子鄉","120.785","22.215","29"
"89","59115","20220922235000","494","0","屏東縣","琉球鄉","120.380","22.350","107"
"46","59117","20220922235000","359","0","屏東縣","琉球鄉","120.365","22.325","30"
"371","59120","20220922235000","285","2","屏東縣","琉球鄉","120.370","22.335","446"
"81","59149","20220922235000","128","0","屏東縣","獅子鄉","120.660","22.275","93"
"97","59469","20220922235000","82","1","屏東縣","獅子鄉","120.650","22.315","82"
"143","59772","20220922235000","109","2","屏東縣","獅子鄉","120.685","22.225","132"
"121","60023","20220922235000","137","0","屏東縣","獅子鄉","120.700","22.165","153"
"13","60065","20220922235000","73","0","屏東縣","獅子鄉","120.800","22.230","14"
"11","60076","20220922235000","16","0","屏東縣","獅子鄉","120.805","22.235","22"
"1532","60172","20220922235000","1469","1","屏東縣","琉球鄉","120.370","22.340","1501"
"30","60174","20220922235000","99","0","屏東縣","琉球鄉","120.375","22.345","143"
"105","60189","20220922235000","79","2","屏東縣","車城鄉","120.700","22.040","113"
"71","60193","20220922235000","51","2","屏東縣","車城鄉","120.700","22.050","60"
"25","60196","20220922235000","39","0","屏東縣","琉球鄉","120.365","22.340","29"
"12","60197","20220922235000","33","0","屏東縣","琉球鄉","120.365","22.345","20"
"233","60198","20220922235000","174","2","屏東縣","琉球鄉","120.370","22.350","231"
"443","60206","20220922235000","204","3","屏東縣","車城鄉","120.715","22.065","376"
"29","60213","20220922235000","183","0","屏東縣","車城鄉","120.720","22.090","20"
"68","60234","20220922235000","30","3","屏東縣","車城鄉","120.715","22.115","65"
"1031","60246","20220922235000","566","3","屏東縣","琉球鄉","120.385","22.350","1035"
"69","60260","20220922235000","70","0","屏東縣","車城鄉","120.740","22.085","89"
"226","60283","20220922235000","207","1","屏東縣","車城鄉","120.750","22.095","232"
"19","60314","20220922235000","186","0","屏東縣","枋寮鄉","120.555","22.390","19"
"55","60322","20220922235000","350","0","屏東縣","車城鄉","120.715","22.075","57"
"256","60328","20220922235000","145","3","屏東縣","車城鄉","120.730","22.075","292"
"16","60338","20220922235000","19","0","屏東縣","枋寮鄉","120.595","22.390","19"
"210","60350","20220922235000","191","1","屏東縣","枋寮鄉","120.590","22.405","273"
"42","60369","20220922235000","337","0","屏東縣","枋寮鄉","120.620","22.405","56"
"111","60374","20220922235000","78","2","屏東縣","枋寮鄉","120.590","22.370","132"
"216","60377","20220922235000","172","2","屏東縣","枋寮鄉","120.580","22.375","185"
"766","60401","20220922235000","723","1","屏東縣","枋寮鄉","120.575","22.405","750"
"380","60404","20220922235000","264","2","屏東縣","佳冬鄉","120.565","22.410","365"
"1340","60421","20220922235000","1225","1","屏東縣","枋寮鄉","120.600","22.360","1280"
"525","60428","20220922235000","341","3","屏東縣","枋寮鄉","120.600","22.365","594"
"81","60441","20220922235000","83","0","屏東縣","枋山鄉","120.645","22.295","70"
"91","60442","20220922235000","63","2","屏東縣","獅子鄉","120.640","22.310","103"
"237","60446","20220922235000","217","1","屏東縣","枋山鄉","120.630","22.320","230"
"114","60449","20220922235000","93","2","屏東縣","枋山鄉","120.615","22.330","43"
"201","60455","20220922235000","132","3","屏東縣","枋山鄉","120.620","22.335","284"
"172","60456","20220922235000","152","1","屏東縣","枋山鄉","120.625","22.335","172"
"1101","60532","20220922235000","806","2","屏東縣","恆春鎮","120.740","22.000","1068"
"552","60533","20220922235000","384","2","屏東縣","恆春鎮","120.740","22.005","527"
"110","60535","20220922235000","239","0","屏東縣","恆春鎮","120.815","21.935","138"
"381","60537","20220922235000","239","3","屏東縣","恆春鎮","120.805","21.940","295"
"39","60539","20220922235000","307","0","屏東縣","恆春鎮","120.795","21.945","46"
"619","60540","20220922235000","634","0","屏東縣","恆春鎮","120.800","21.945","564"
"502","60541","20220922235000","501","1","屏東縣","恆春鎮","120.805","21.945","466"
"119","60543","20220922235000","84","2","屏東縣","恆春鎮","120.780","21.950","88"
"234","60544","20220922235000","144","3","屏東縣","恆春鎮","120.785","21.950","191"
"156","60568","20220922235000","158","0","屏東縣","恆春鎮","120.810","21.955","133"
"102","60589","20220922235000","62","3","屏東縣","恆春鎮","120.815","21.965","101"
"61","60623","20220922235000","385","0","屏東縣","恆春鎮","120.735","21.950","66"
"71","60646","20220922235000","62","1","屏東縣","恆春鎮","120.720","21.975","72"
"96","60651","20220922235000","84","1","屏東縣","恆春鎮","120.715","21.985","83"
"244","60656","20220922235000","227","1","屏東縣","恆春鎮","120.705","21.995","235"
"120","60671","20220922235000","936","0","屏東縣","恆春鎮","120.740","21.995","141"
"80","60672","20220922235000","271","0","屏東縣","恆春鎮","120.745","21.995","124"
"948","60680","20220922235000","643","2","屏東縣","恆春鎮","120.745","22.000","967"
"39","60694","20220922235000","64","0","屏東縣","恆春鎮","120.765","22.000","42"
"49","60732","20220922235000","56","0","屏東縣","牡丹鄉","120.815","22.075","44"
"38","60771","20220922235000","78","0","屏東縣","滿州鄉","120.890","22.140","38"
"20","60778","20220922235000","16","2","屏東縣","牡丹鄉","120.880","22.155","26"
"21","60784","20220922235000","24","0","屏東縣","牡丹鄉","120.880","22.160","24"
"137","60791","20220922235000","154","0","屏東縣","牡丹鄉","120.890","22.165","162"
"38","60821","20220922235000","78","0","屏東縣","牡丹鄉","120.880","22.185","28"
"37","60825","20220922235000","37","1","屏東縣","牡丹鄉","120.880","22.190","44"
"106","60827","20220922235000","65","3","屏東縣","牡丹鄉","120.885","22.190","76"
"36","60884","20220922235000","24","3","屏東縣","牡丹鄉","120.850","22.185","37"
"48","60907","20220922235000","67","0","屏東縣","牡丹鄉","120.855","22.200","48"
"16","60936","20220922235000","18","0","屏東縣","牡丹鄉","120.815","22.150","18"
"94","60994","20220922235000","61","3","屏東縣","牡丹鄉","120.835","22.175","96"
"84","61141","20220922235000","64","2","屏東縣","牡丹鄉","120.770","22.125","92"
"248","61160","20220922235000","242","1","屏東縣","牡丹鄉","120.780","22.130","251"
"21","61331","20220922235000","103","0","屏東縣","牡丹鄉","120.840","22.115","11"
"169","61332","20220922235000","188","0","屏東縣","牡丹鄉","120.845","22.115","169"
"123","61441","20220922235000","70","3","臺東縣","大武鄉","120.880","22.325","125"
"17","61469","20220922235000","173","0","臺東縣","大武鄉","120.905","22.360","38"
"329","61472","20220922235000","242","2","臺東縣","大武鄉","120.905","22.365","338"
"36","61501","20220922235000","287","0","臺東縣","大武鄉","120.910","22.380","68"
"215","61604","20220922235000","230","0","臺東縣","蘭嶼鄉","121.525","22.080","236"
"261","61605","20220922235000","189","2","臺東縣","蘭嶼鄉","121.530","22.080","226"
"24","61620","20220922235000","40","0","臺東縣","蘭嶼鄉","121.590","22.005","37"
"224","61703","20220922235000","265","0","臺東縣","蘭嶼鄉","121.510","22.055","257"
"239","61734","20220922235000","210","1","臺東縣","蘭嶼鄉","121.555","22.025","232"
"67","61738","20220922235000","50","2","臺東縣","蘭嶼鄉","121.535","22.030","53"
"157","61933","20220922235000","120","2","臺東縣","達仁鄉","120.885","22.295","167"
"42","62017","20220922235000","50","0","臺東縣","達仁鄉","120.855","22.320","46"
"97","62355","20220922235000","42","3","臺東縣","達仁鄉","120.855","22.390","92"
"33","62479","20220922235000","32","1","臺東縣","達仁鄉","120.855","22.275","42"
"49","62493","20220922235000","37","2","臺東縣","達仁鄉","120.875","22.290","57"
"25","63917","20220922235000","30","0","臺東縣","大武鄉","120.930","22.415","37"
"66","65292","20220922235000","261","0","屏東縣","東港鎮","120.480","22.430","64"
"25","72794","20220922235000","39","0","高雄市","小港區","120.360","22.510","28"
"11","72795","20220922235000","13","0","臺東縣","太麻里鄉","120.960","22.510","16"
"215","80997","20220922235000","182","1","屏東縣","新埤鄉","120.560","22.475","194"
"505","81045","20220922235000","449","1","屏東縣","新埤鄉","120.545","22.465","482"
"152","81049","20220922235000","101","3","屏東縣","新埤鄉","120.565","22.465","170"
"14","81063","20220922235000","12","1","屏東縣","新埤鄉","120.610","22.450","10"
"146","81079","20220922235000","131","1","屏東縣","新埤鄉","120.610","22.460","144"
"582","81134","20220922235000","570","1","屏東縣","新埤鄉","120.580","22.505","597"
"266","81174","20220922235000","229","1","屏東縣","新埤鄉","120.615","22.470","238"
"71","81486","20220922235000","64","1","屏東縣","春日鄉","120.630","22.425","60"
"171","81488","20220922235000","91","3","屏東縣","春日鄉","120.640","22.425","170"
"743","81506","20220922235000","456","3","屏東縣","新園鄉","120.435","22.500","695"
"93","81517","20220922235000","66","2","屏東縣","新園鄉","120.440","22.510","77"
"434","81529","20220922235000","530","0","屏東縣","萬巒鄉","120.610","22.590","442"
"992","81547","20220922235000","1443","0","屏東縣","林邊鄉","120.515","22.435","1008"
"592","81552","20220922235000","369","3","屏東縣","林邊鄉","120.520","22.430","583"
"21","81557","20220922235000","17","2","屏東縣","林邊鄉","120.490","22.430","20"
"81","81560","20220922235000","37","3","屏東縣","東港鎮","120.495","22.460","84"
"302","81569","20220922235000","289","1","屏東縣","東港鎮","120.455","22.460","290"
"32","81573","20220922235000","31","1","屏東縣","東港鎮","120.465","22.440","30"
"62","81584","20220922235000","49","2","屏東縣","東港鎮","120.455","22.450","62"
"59","81816","20220922235000","62","0","屏東縣","來義鄉","120.680","22.525","66"
"78","81919","20220922235000","62","2","屏東縣","來義鄉","120.640","22.435","74"
"79","82042","20220922235000","73","1","屏東縣","來義鄉","120.635","22.525","84"
"12","82128","20220922235000","22","0","屏東縣","來義鄉","120.620","22.465","12"
"37","82186","20220922235000","42","0","屏東縣","來義鄉","120.665","22.560","39"
"29","82194","20220922235000","394","0","屏東縣","佳冬鄉","120.550","22.415","22"
"1092","82204","20220922235000","773","2","屏東縣","佳冬鄉","120.545","22.415","992"
"586","82217","20220922235000","592","0","屏東縣","竹田鄉","120.515","22.575","609"
"11","82225","20220922235000","117","0","屏東縣","東港鎮","120.450","22.455","13"
"424","82239","20220922235000","163","3","屏東縣","東港鎮","120.495","22.455","401"
"52","82241","20220922235000","594","0","屏東縣","東港鎮","120.490","22.455","63"
"733","82243","20220922235000","619","1","屏東縣","東港鎮","120.445","22.465","740"
"250","82245","20220922235000","744","0","屏東縣","東港鎮","120.445","22.460","241"
"999","82256","20220922235000","764","2","屏東縣","東港鎮","120.455","22.470","885"
"100","82257","20220922235000","65","3","屏東縣","東港鎮","120.460","22.470","98"
"1796","82262","20220922235000","763","3","屏東縣","東港鎮","120.460","22.475","1696"
"311","82266","20220922235000","615","0","屏東縣","東港鎮","120.465","22.480","308"
"150","82270","20220922235000","522","0","屏東縣","東港鎮","120.475","22.485","158"
"51","82283","20220922235000","60","0","屏東縣","泰武鄉","120.625","22.590","48"
"123","82284","20220922235000","89","2","屏東縣","泰武鄉","120.635","22.590","111"
"416","82290","20220922235000","359","1","屏東縣","林邊鄉","120.520","22.435","433"
"417","82303","20220922235000","380","1","屏東縣","新園鄉","120.460","22.540","533"
"833","82306","20220922235000","804","1","屏東縣","新園鄉","120.460","22.545","803"
"93","82311","20220922235000","463","0","屏東縣","東港鎮","120.450","22.470","104"
"16","82316","20220922235000","15","1","屏東縣","竹田鄉","120.540","22.570","14"
"554","82324","20220922235000","572","0","屏東縣","竹田鄉","120.540","22.585","507"
"102","82325","20220922235000","112","0","屏東縣","竹田鄉","120.545","22.585","99"
"916","82333","20220922235000","723","2","屏東縣","新園鄉","120.455","22.525","790"
"326","82340","20220922235000","258","2","屏東縣","新園鄉","120.465","22.530","302"
"306","82347","20220922235000","265","1","屏東縣","新園鄉","120.440","22.475","322"
"109","82367","20220922235000","54","3","屏東縣","萬丹鄉","120.465","22.595","96"
"418","82441","20220922235000","236","3","屏東縣","泰武鄉","120.650","22.570","498"
"20","82445","20220922235000","191","0","屏東縣","泰武鄉","120.635","22.580","41"
"64","82467","20220922235000","73","0","屏東縣","泰武鄉","120.660","22.570","61"
"49","82513","20220922235000","34","2","屏東縣","泰武鄉","120.665","22.585","44"
"15","82564","20220922235000","41","0","屏東縣","萬丹鄉","120.485","22.570","15"
"34","82568","20220922235000","37","0","屏東縣","萬丹鄉","120.490","22.575","30"
"404","82569","20220922235000","290","2","屏東縣","新園鄉","120.450","22.475","455"
"282","82576","20220922235000","231","2","屏東縣","新園鄉","120.445","22.515","327"
"171","82591","20220922235000","121","2","屏東縣","新園鄉","120.450","22.525","177"
"43","82614","20220922235000","367","0","屏東縣","佳冬鄉","120.515","22.415","37"
"26","82630","20220922235000","382","0","屏東縣","佳冬鄉","120.560","22.430","26"
"216","82634","20220922235000","526","0","屏東縣","佳冬鄉","120.560","22.435","209"
"84","82638","20220922235000","57","2","屏東縣","佳冬鄉","120.535","22.425","85"
"332","82649","20220922235000","617","0","屏東縣","佳冬鄉","120.555","22.420","322"
"244","82700","20220922235000","201","2","屏東縣","來義鄉","120.635","22.515","230"
"75","82715","20220922235000","42","3","屏東縣","來義鄉","120.660","22.525","70"
"120","82722","20220922235000","112","1","屏東縣","南州鄉","120.490","22.485","118"
"375","82723","20220922235000","201","3","屏東縣","南州鄉","120.495","22.485","399"
"96","82736","20220922235000","226","0","屏東縣","南州鄉","120.530","22.465","92"
"15","82738","20220922235000","17","0","屏東縣","南州鄉","120.525","22.470","18"
"31","82740","20220922235000","206","0","屏東縣","南州鄉","120.535","22.470","45"
"727","82742","20220922235000","741","0","屏東縣","南州鄉","120.520","22.475","680"
"173","82751","20220922235000","112","3","屏東縣","南州鄉","120.540","22.485","222"
"35","82754","20220922235000","32","1","屏東縣","南州鄉","120.535","22.490","58"
"35","82763","20220922235000","27","2","屏東縣","崁頂鄉","120.520","22.495","45"
"136","82767","20220922235000","77","3","屏東縣","內埔鄉","120.560","22.585","166"
"25","82779","20220922235000","217","0","屏東縣","萬丹鄉","120.495","22.550","26"
"598","82796","20220922235000","558","1","屏東縣","新園鄉","120.460","22.505","556"
"128","82807","20220922235000","337","0","屏東縣","崁頂鄉","120.505","22.540","120"
"34","82821","20220922235000","310","0","屏東縣","崁頂鄉","120.490","22.510","48"
"22","82835","20220922235000","95","0","屏東縣","崁頂鄉","120.520","22.530","30"
"661","82839","20220922235000","726","0","屏東縣","南州鄉","120.510","22.495","630"
"34","82881","20220922235000","163","0","屏東縣","佳冬鄉","120.560","22.445","54"
"168","82883","20220922235000","94","3","屏東縣","佳冬鄉","120.560","22.450","154"
"277","82893","20220922235000","259","1","屏東縣","萬丹鄉","120.495","22.545","270"
"53","82901","20220922235000","45","1","屏東縣","崁頂鄉","120.510","22.510","63"
"294","82906","20220922235000","443","0","屏東縣","崁頂鄉","120.515","22.515","289"
"65","82941","20220922235000","31","3","屏東縣","崁頂鄉","120.490","22.500","69"
"20","82951","20220922235000","36","0","屏東縣","內埔鄉","120.570","22.590","24"
"763","82954","20220922235000","513","2","屏東縣","新園鄉","120.460","22.495","789"
"165","82963","20220922235000","158","1","屏東縣","新園鄉","120.475","22.550","149"
"528","82970","20220922235000","554","0","屏東縣","新園鄉","120.455","22.545","506"
"144","82987","20220922235000","524","0","屏東縣","新園鄉","120.460","22.490","139"
"105","82992","20220922235000","422","0","屏東縣","新園鄉","120.445","22.500","116"
"22","82996","20220922235000","18","2","屏東縣","新園鄉","120.445","22.475","19"
"409","82997","20220922235000","287","2","屏東縣","新園鄉","120.440","22.480","421"
"195","82998","20220922235000","205","0","屏東縣","新園鄉","120.445","22.480","153"
"16","83002","20220922235000","60","0","屏東縣","新園鄉","120.440","22.485","19"
"152","83015","20220922235000","151","1","屏東縣","新埤鄉","120.550","22.505","153"
"457","83024","20220922235000","432","1","屏東縣","潮州鎮","120.530","22.545","457"
"1840","83025","20220922235000","1297","2","屏東縣","潮州鎮","120.535","22.545","1793"
"189","83047","20220922235000","161","1","屏東縣","潮州鎮","120.555","22.550","200"
"370","83049","20220922235000","292","2","屏東縣","潮州鎮","120.565","22.550","396"
"464","83055","20220922235000","420","1","屏東縣","萬丹鄉","120.470","22.560","459"
"49","83064","20220922235000","228","0","屏東縣","萬巒鄉","120.600","22.590","50"
"286","83080","20220922235000","488","0","屏東縣","東港鎮","120.450","22.465","279"
"438","83093","20220922235000","269","3","屏東縣","萬巒鄉","120.595","22.565","454"
"79","83095","20220922235000","344","0","屏東縣","萬巒鄉","120.605","22.565","98"
"174","83096","20220922235000","116","3","屏東縣","萬巒鄉","120.600","22.570","172"
"261","83142","20220922235000","180","2","屏東縣","新埤鄉","120.625","22.525","272"
"62","83161","20220922235000","429","0","屏東縣","萬巒鄉","120.620","22.545","73"
"406","83162","20220922235000","504","0","屏東縣","泰武鄉","120.625","22.545","378"
"13","83177","20220922235000","159","0","屏東縣","萬巒鄉","120.580","22.590","17"
"693","83201","20220922235000","585","1","屏東縣","萬巒鄉","120.570","22.570","645"
"306","83206","20220922235000","377","0","屏東縣","萬巒鄉","120.565","22.575","294"
"205","83210","20220922235000","163","2","屏東縣","內埔鄉","120.565","22.580","232"
"23","83216","20220922235000","21","1","屏東縣","萬丹鄉","120.485","22.555","22"
"13","83222","20220922235000","130","0","屏東縣","東港鎮","120.470","22.485","19"
"46","83231","20220922235000","31","2","屏東縣","東港鎮","120.460","22.460","70"
"1044","83232","20220922235000","714","2","屏東縣","東港鎮","120.465","22.460","916"
"842","83234","20220922235000","856","0","屏東縣","東港鎮","120.455","22.465","811"
"208","83235","20220922235000","88","3","屏東縣","東港鎮","120.460","22.465","221"
"269","83236","20220922235000","1059","0","屏東縣","東港鎮","120.465","22.465","292"
"25","83237","20220922235000","15","3","屏東縣","東港鎮","120.470","22.465","22"
"607","83241","20220922235000","628","0","屏東縣","東港鎮","120.440","22.460","582"
"83","83257","20220922235000","809","0","屏東縣","竹田鄉","120.525","22.575","127"
"213","83258","20220922235000","119","3","屏東縣","潮州鎮","120.530","22.525","190"
"255","83261","20220922235000","235","1","屏東縣","潮州鎮","120.540","22.525","318"
"199","83267","20220922235000","130","3","屏東縣","潮州鎮","120.535","22.535","194"
"377","83269","20220922235000","289","2","屏東縣","潮州鎮","120.535","22.540","401"
"110","83271","20220922235000","87","2","屏東縣","枋寮鄉","120.580","22.410","103"
"103","83278","20220922235000","75","2","屏東縣","枋寮鄉","120.580","22.415","115"
"35","83323","20220922235000","87","0","屏東縣","枋寮鄉","120.620","22.425","44"
"60","83342","20220922235000","41","2","屏東縣","枋寮鄉","120.595","22.435","64"
"30","83378","20220922235000","260","0","屏東縣","萬丹鄉","120.460","22.575","31"
"67","83380","20220922235000","45","2","屏東縣","萬丹鄉","120.470","22.575","64"
"20","83382","20220922235000","20","1","屏東縣","竹田鄉","120.530","22.595","21"
"361","83383","20220922235000","349","1","屏東縣","竹田鄉","120.535","22.595","389"
"88","83414","20220922235000","52","3","屏東縣","林邊鄉","120.525","22.455","97"
"162","83430","20220922235000","175","0","屏東縣","萬丹鄉","120.485","22.580","182"
"519","83431","20220922235000","466","1","屏東縣","萬丹鄉","120.490","22.580","611"
"83","83433","20220922235000","74","1","屏東縣","萬丹鄉","120.480","22.565","82"
"700","83435","20220922235000","898","0","屏東縣","竹田鄉","120.490","22.565","612"
"147","83437","20220922235000","112","2","屏東縣","萬丹鄉","120.480","22.570","168"
"37","83438","20220922235000","47","0","屏東縣","萬丹鄉","120.490","22.550","40"
"46","83439","20220922235000","55","0","屏東縣","萬丹鄉","120.490","22.555","34"
"836","83442","20220922235000","829","1","屏東縣","潮州鎮","120.545","22.545","817"
"470","83443","20220922235000","357","2","屏東縣","潮州鎮","120.550","22.545","544"
"1070","83448","20220922235000","911","1","屏東縣","潮州鎮","120.550","22.555","1025"
"540","83455","20220922235000","489","1","屏東縣","潮州鎮","120.560","22.515","501"
"124","83457","20220922235000","193","0","屏東縣","潮州鎮","120.570","22.515","109"
"688","83473","20220922235000","640","1","屏東縣","潮州鎮","120.530","22.560","711"
"392","83483","20220922235000","396","0","屏東縣","萬丹鄉","120.465","22.565","355"
"794","83504","20220922235000","1333","0","屏東縣","潮州鎮","120.540","22.555","817"
"39","83508","20220922235000","149","0","屏東縣","潮州鎮","120.550","22.560","44"
"14","83516","20220922235000","356","0","屏東縣","潮州鎮","120.540","22.545","15"
"15","83518","20220922235000","14","1","屏東縣","潮州鎮","120.545","22.550","21"
"583","83525","20220922235000","528","1","屏東縣","潮州鎮","120.530","22.540","551"
"198","83540","20220922235000","123","3","屏東縣","潮州鎮","120.580","22.555","196"
"1334","83567","20220922235000","848","3","屏東縣","萬丹鄉","120.490","22.590","1261"
"10","83574","20220922235000","15","0","屏東縣","潮州鎮","120.550","22.535","10"
"326","83576","20220922235000","277","1","屏東縣","潮州鎮","120.550","22.540","266"
"706","83577","20220922235000","490","2","屏東縣","潮州鎮","120.535","22.550","705"
"59","83578","20220922235000","699","0","屏東縣","潮州鎮","120.535","22.555","96"
"113","83582","20220922235000","68","3","屏東縣","萬丹鄉","120.500","22.595","147"
"571","83585","20220922235000","500","1","屏東縣","萬丹鄉","120.485","22.585","497"
"229","83586","20220922235000","472","0","屏東縣","萬丹鄉","120.490","22.585","279"
"45","83599","20220922235000","351","0","屏東縣","南州鄉","120.505","22.490","54"
"842","83623","20220922235000","464","3","屏東縣","南州鄉","120.510","22.490","846"
"213","83624","20220922235000","154","2","屏東縣","潮州鎮","120.530","22.510","226"
"153","83625","20220922235000","160","0","屏東縣","潮州鎮","120.535","22.510","147"
"471","83646","20220922235000","351","2","屏東縣","潮州鎮","120.530","22.550","448"
"1317","83648","20220922235000","1009","2","高雄市","鳳山區","120.325","22.595","1209"
"640","83650","20220922235000","552","1","高雄市","前鎮區","120.320","22.595","402"
"1310","83651","20220922235000","1573","0","高雄市","小港區","120.360","22.565","1386"
"202","83652","20220922235000","132","3","高雄市","小港區(海)","120.335","22.550","202"
"26","83653","20220922235000","263","0","高雄市","小港區","120.335","22.555","36"
"384","83655","20220922235000","307","2","高雄市","小港區","120.340","22.560","422"
"47","83657","20220922235000","66","0","高雄市","小港區","120.370","22.530","45"
"113","83658","20220922235000","153","0","高雄市","小港區","120.365","22.535","104"
"15","83660","20220922235000","144","0","高雄市","小港區","120.370","22.540","23"
"37","83661","20220922235000","23","3","高雄市","小港區","120.375","22.540","40"
"253","83662","20220922235000","153","3","高雄市","小港區","120.370","22.545","218"
"119","83666","20220922235000","61","3","高雄市","小港區","120.375","22.545","160"
"19","83669","20220922235000","148","0","高雄市","小港區","120.375","22.550","26"
"263","83670","20220922235000","78","3","高雄市","小港區","120.370","22.555","217"
"56","83671","20220922235000","741","0","高雄市","小港區","120.365","22.560","73"
"829","83673","20220922235000","711","1","高雄市","小港區","120.375","22.560","921"
"548","83674","20220922235000","1242","0","高雄市","小港區","120.365","22.565","541"
"294","83675","20220922235000","417","0","高雄市","小港區","120.370","22.565","297"
"264","83677","20220922235000","1922","0","高雄市","小港區","120.355","22.570","664"
"712","83684","20220922235000","704","1","高雄市","大寮區","120.380","22.590","698"
"44","83692","20220922235000","580","0","高雄市","大寮區","120.385","22.590","57"
"589","83694","20220922235000","418","2","高雄市","大寮區","120.395","22.590","551"
"27","83701","20220922235000","112","0","高雄市","大寮區","120.420","22.585","30"
"31","83702","20220922235000","350","0","高雄市","大寮區","120.410","22.590","38"
"193","83703","20220922235000","130","2","高雄市","大寮區","120.415","22.590","199"
"1057","83704","20220922235000","1025","1","高雄市","大寮區","120.420","22.590","1088"
"571","83705","20220922235000","473","2","高雄市","大寮區","120.410","22.595","593"
"459","83706","20220922235000","304","3","高雄市","大寮區","120.415","22.595","489"
"20","83712","20220922235000","66","0","高雄市","前鎮區","120.310","22.580","20"
"63","83713","20220922235000","711","0","高雄市","小港區","120.345","22.565","79"
"11","83752","20220922235000","13","0","臺東縣","大武鄉","120.930","22.425","10"
"14","83764","20220922235000","10","2","臺東縣","大武鄉","120.935","22.435","13"
"78","83802","20220922235000","66","1","臺東縣","大武鄉","120.925","22.415","79"
"22","83805","20220922235000","591","0","高雄市","小港區","120.345","22.525","29"
"169","83815","20220922235000","130","2","高雄市","林園區","120.405","22.495","227"
"51","83819","20220922235000","72","0","高雄市","林園區","120.400","22.500","34"
"23","83820","20220922235000","223","0","高雄市","林園區","120.410","22.495","31"
"428","83822","20220922235000","351","2","高雄市","林園區","120.390","22.505","510"
"74","83828","20220922235000","53","2","高雄市","林園區","120.415","22.485","77"
"426","83831","20220922235000","504","0","高雄市","前鎮區","120.315","22.580","468"
"1556","83836","20220922235000","1282","2","高雄市","大寮區","120.405","22.545","1568"
"21","83838","20220922235000","184","0","高雄市","前鎮區","120.300","22.590","32"
"27","83839","20220922235000","208","0","高雄市","前鎮區","120.300","22.585","28"
"176","83840","20220922235000","111","3","高雄市","前鎮區","120.295","22.590","175"
"92","83842","20220922235000","376","0","高雄市","前鎮區","120.305","22.590","121"
"124","83843","20220922235000","89","2","高雄市","前鎮區","120.290","22.595","128"
"180","83844","20220922235000","154","1","高雄市","前鎮區","120.295","22.595","176"
"278","83845","20220922235000","264","1","高雄市","前鎮區","120.310","22.585","282"
"192","83862","20220922235000","171","1","臺東縣","達仁鄉","120.905","22.475","198"
"155","84086","20220922235000","133","1","臺東縣","達仁鄉","120.885","22.455","174"
"311","84511","20220922235000","277","1","臺東縣","金峰鄉","120.960","22.595","304"
"198","85294","20220922235000","175","1","臺東縣","太麻里鄉","120.960","22.530","227"
"538","85296","20220922235000","456","1","高雄市","林園區","120.410","22.480","510"
"32","85297","20220922235000","18","3","高雄市","林園區","120.395","22.490","48"
"424","85301","20220922235000","376","1","高雄市","林園區","120.360","22.505","416"
"526","85302","20220922235000","381","2","高雄市","林園區","120.365","22.505","491"
"479","85305","20220922235000","1108","0","高雄市","小港區","120.335","22.560","503"
"492","85307","20220922235000","383","2","高雄市","鳳山區","120.345","22.585","556"
"620","85308","20220922235000","507","2","高雄市","鳳山區","120.355","22.590","708"
"738","85309","20220922235000","550","2","高雄市","鳳山區","120.360","22.590","896"
"74","85310","20220922235000","250","0","高雄市","鳳山區","120.365","22.590","96"
"1861","85311","20220922235000","1557","1","高雄市","鳳山區","120.355","22.595","1777"
"540","85315","20220922235000","450","2","高雄市","鳳山區","120.360","22.595","474"
"356","85322","20220922235000","543","0","高雄市","小港區","120.350","22.560","355"
"216","85323","20220922235000","743","0","高雄市","小港區","120.355","22.560","235"
"2049","85325","20220922235000","1727","1","高雄市","鳳山區","120.360","22.585","2285"
"106","85327","20220922235000","515","0","高雄市","小港區","120.370","22.570","123"
"113","85328","20220922235000","129","0","高雄市","小港區","120.355","22.565","123"
"478","85329","20220922235000","334","2","高雄市","小港區","120.375","22.570","477"
"48","85331","20220922235000","256","0","高雄市","小港區","120.370","22.575","50"
"807","85332","20220922235000","800","1","高雄市","小港區","120.375","22.575","744"
"75","85337","20220922235000","102","0","高雄市","小港區","120.355","22.540","81"
"104","85340","20220922235000","95","1","高雄市","小港區","120.350","22.540","107"
"322","85343","20220922235000","184","3","高雄市","小港區","120.360","22.540","355"
"111","85345","20220922235000","57","3","高雄市","小港區","120.340","22.545","121"
"205","85347","20220922235000","206","0","高雄市","小港區","120.350","22.545","163"
"82","85353","20220922235000","40","3","高雄市","小港區","120.350","22.550","91"
"77","85354","20220922235000","84","0","高雄市","小港區","120.355","22.550","104"
"196","85355","20220922235000","181","1","高雄市","小港區","120.360","22.550","180"
"33","85356","20220922235000","83","0","高雄市","小港區","120.345","22.555","46"
"327","85359","20220922235000","256","2","高雄市","小港區","120.355","22.555","408"
"284","85360","20220922235000","240","1","高雄市","小港區","120.345","22.560","280"
"97","85367","20220922235000","108","0","高雄市","小港區","120.345","22.530","96"
"49","85368","20220922235000","39","2","高雄市","小港區","120.350","22.530","66"
"152","85370","20220922235000","170","0","高雄市","小港區","120.355","22.530","134"
"314","85371","20220922235000","320","0","高雄市","小港區","120.360","22.530","312"
"162","85372","20220922235000","198","0","高雄市","小港區","120.335","22.535","167"
"123","85374","20220922235000","102","2","高雄市","小港區","120.345","22.535","133"
"74","85377","20220922235000","103","0","高雄市","小港區(海)","120.330","22.540","154"
"48","85382","20220922235000","127","0","高雄市","小港區","120.320","22.545","49"
"850","85384","20220922235000","934","0","高雄市","前鎮區","120.325","22.570","813"
"1032","85385","20220922235000","1066","0","高雄市","前鎮區","120.325","22.575","1068"
"720","85386","20220922235000","1369","0","高雄市","前鎮區","120.315","22.590","728"
"357","85387","20220922235000","366","0","高雄市","前鎮區","120.305","22.595","294"
"72","85389","20220922235000","737","0","高雄市","前鎮區","120.310","22.595","546"
"317","85391","20220922235000","321","0","高雄市","前鎮區","120.315","22.575","406"
"334","85392","20220922235000","221","3","高雄市","前鎮區","120.320","22.575","330"
"996","85393","20220922235000","1642","0","高雄市","前鎮區","120.325","22.580","1027"
"1141","85396","20220922235000","675","3","高雄市","前鎮區","120.330","22.585","1069"
"414","85398","20220922235000","605","0","高雄市","鳳山區","120.340","22.585","409"
"156","85400","20220922235000","143","1","臺東縣","太麻里鄉","120.940","22.460","160"
"10","85417","20220922235000","18","0","臺東縣","太麻里鄉","120.950","22.480","10"
"51","85451","20220922235000","56","0","臺東縣","太麻里鄉","120.955","22.510","47"
"174","85475","20220922235000","115","3","臺東縣","太麻里鄉","120.935","22.520","197"
"404","85487","20220922235000","351","1","高雄市","鳳山區","120.325","22.585","370"
"916","85489","20220922235000","567","3","高雄市","鳳山區","120.350","22.590","799"
"1059","85490","20220922235000","1249","0","高雄市","鳳山區","120.345","22.595","1347"
"636","85491","20220922235000","892","0","高雄市","鳳山區","120.330","22.590","731"
"2619","85492","20220922235000","1998","2","高雄市","鳳山區","120.325","22.590","2826"
"1121","85493","20220922235000","973","1","高雄市","前鎮區","120.320","22.585","1095"
"634","85496","20220922235000","606","1","高雄市","前鎮區","120.330","22.580","616"
"512","85517","20220922235000","467","1","高雄市","大寮區","120.410","22.560","502"
"273","85519","20220922235000","210","2","高雄市","大寮區","120.420","22.560","270"
"463","85533","20220922235000","319","2","高雄市","大寮區","120.405","22.580","536"
"1300","85535","20220922235000","1277","1","高雄市","鳳山區","120.335","22.595","1144"
"155","85536","20220922235000","463","0","高雄市","小港區","120.360","22.570","181"
"768","85537","20220922235000","685","1","高雄市","林園區","120.385","22.490","734"
"564","85543","20220922235000","507","1","高雄市","鳳山區","120.330","22.595","560"
"269","85544","20220922235000","264","1","高雄市","小港區","120.355","22.515","254"
"96","85546","20220922235000","97","0","高雄市","小港區","120.360","22.525","71"
"337","85559","20220922235000","384","0","臺東縣","太麻里鄉","120.965","22.530","366"
"18","85590","20220922235000","16","1","臺東縣","太麻里鄉","120.965","22.545","22"
"20","85591","20220922235000","17","1","臺東縣","太麻里鄉","120.970","22.545","34"
"243","85656","20220922235000","105","3","臺東縣","太麻里鄉","120.990","22.575","227"
"56","85660","20220922235000","80","0","臺東縣","太麻里鄉","120.990","22.580","80"
"902","85678","20220922235000","707","2","高雄市","鳳山區","120.350","22.595","1003"
"364","85680","20220922235000","336","1","高雄市","鳳山區","120.340","22.595","450"
"597","85681","20220922235000","512","1","高雄市","林園區","120.375","22.500","578"
"1267","85683","20220922235000","1195","1","高雄市","林園區","120.385","22.500","1206"
"152","85684","20220922235000","475","0","高雄市","林園區","120.395","22.485","188"
"242","85685","20220922235000","267","0","高雄市","林園區","120.375","22.505","260"
"380","85689","20220922235000","1178","0","高雄市","前鎮區","120.310","22.590","414"
"693","85700","20220922235000","734","0","高雄市","小港區","120.340","22.565","700"
"344","85708","20220922235000","343","1","高雄市","小港區","120.380","22.545","393"
"60","85713","20220922235000","119","0","高雄市","小港區","120.390","22.545","52"
"503","85719","20220922235000","499","1","高雄市","小港區","120.385","22.555","573"
"482","85721","20220922235000","523","0","高雄市","小港區","120.390","22.560","446"
"176","85723","20220922235000","232","0","高雄市","小港區","120.380","22.555","153"
"433","85724","20220922235000","299","2","高雄市","小港區","120.380","22.560","422"
"254","85725","20220922235000","105","3","高雄市","小港區","120.385","22.560","267"
"162","85726","20220922235000","160","1","高雄市","小港區","120.380","22.565","119"
"518","85728","20220922235000","348","2","高雄市","大寮區","120.400","22.590","588"
"60","85729","20220922235000","57","1","高雄市","大寮區","120.390","22.595","60"
"52","85731","20220922235000","36","2","高雄市","大寮區","120.415","22.535","75"
"116","85751","20220922235000","90","2","高雄市","大寮區","120.425","22.555","134"
"229","85754","20220922235000","177","2","高雄市","大寮區","120.425","22.560","206"
"1222","85755","20220922235000","889","2","高雄市","前鎮區","120.315","22.585","1154"
"350","85756","20220922235000","239","2","高雄市","前鎮區","120.305","22.585","380"
"173","85758","20220922235000","399","0","高雄市","小港區","120.345","22.570","169"
"67","85759","20220922235000","1421","0","高雄市","小港區","120.350","22.570","273"
"44","85764","20220922235000","389","0","高雄市","小港區","120.350","22.575","249"
"363","85768","20220922235000","340","1","高雄市","小港區","120.350","22.580","347"
"587","85770","20220922235000","1078","0","高雄市","鳳山區","120.350","22.585","567"
"2291","85771","20220922235000","2481","0","高雄市","鳳山區","120.355","22.585","2193"
"1852","85772","20220922235000","1719","1","高雄市","小港區","120.350","22.565","1820"
"831","85777","20220922235000","729","1","高雄市","小港區","120.330","22.565","826"
"596","85778","20220922235000","525","1","高雄市","前鎮區","120.330","22.570","577"
"1076","85779","20220922235000","1024","1","高雄市","小港區","120.335","22.570","1129"
"340","85780","20220922235000","246","2","高雄市","小港區","120.335","22.565","341"
"19","85783","20220922235000","233","0","高雄市","小港區","120.360","22.515","18"
"662","85790","20220922235000","633","1","高雄市","鳳山區","120.340","22.590","619"
"446","85791","20220922235000","374","1","高雄市","鳳山區","120.345","22.590","524"
"1483","85793","20220922235000","1438","1","高雄市","鳳山區","120.335","22.590","1398"
"648","85794","20220922235000","383","3","高雄市","前鎮區","120.335","22.585","815"
"93","85806","20220922235000","114","0","高雄市","小港區(海)","120.330","22.550","55"
"144","85816","20220922235000","115","2","高雄市","小港區(海)","120.315","22.550","133"
"129","85817","20220922235000","126","1","高雄市","旗津區","120.310","22.555","162"
"28","85821","20220922235000","62","0","高雄市","旗津區(海)","120.300","22.575","44"
"15","85823","20220922235000","50","0","高雄市","前鎮區(海)","120.295","22.585","19"
"143","85826","20220922235000","259","0","高雄市","旗津區(海)","120.295","22.580","157"
"211","85827","20220922235000","145","2","高雄市","旗津區","120.290","22.585","205"
"35","85829","20220922235000","84","0","高雄市","大寮區","120.430","22.560","35"
"25","85834","20220922235000","74","0","高雄市","大寮區","120.430","22.565","22"
"217","85835","20220922235000","150","2","高雄市","大寮區","120.435","22.565","200"
"164","85837","20220922235000","92","3","高雄市","大寮區","120.420","22.570","174"
"467","85839","20220922235000","414","1","高雄市","大寮區","120.430","22.570","517"
"31","85845","20220922235000","23","2","高雄市","大寮區","120.435","22.580","25"
"62","85858","20220922235000","66","0","高雄市","大寮區","120.410","22.575","64"
"298","85859","20220922235000","257","1","高雄市","大寮區","120.415","22.575","275"
"156","85864","20220922235000","221","0","高雄市","大寮區","120.420","22.580","157"
"294","85865","20220922235000","225","2","高雄市","大寮區","120.425","22.580","292"
"26","85866","20220922235000","260","0","高雄市","大寮區","120.430","22.580","29"
"73","85867","20220922235000","65","1","高雄市","大寮區","120.425","22.585","60"
"37","85869","20220922235000","28","2","高雄市","大寮區","120.435","22.585","49"
"13","85872","20220922235000","130","0","高雄市","大寮區","120.425","22.590","14"
"165","85873","20220922235000","156","1","高雄市","大寮區","120.430","22.590","137"
"35","85880","20220922235000","385","0","高雄市","大寮區","120.400","22.595","36"
"596","85881","20220922235000","536","1","高雄市","大寮區","120.405","22.595","560"
"267","85887","20220922235000","326","0","高雄市","前鎮區","120.320","22.570","304"
"59","85888","20220922235000","111","0","高雄市","前鎮區(海)","120.305","22.575","109"
"236","85894","20220922235000","516","0","高雄市","小港區","120.365","22.585","310"
"985","85896","20220922235000","773","2","高雄市","前鎮區","120.320","22.590","1031"
"319","85897","20220922235000","351","0","高雄市","林園區","120.395","22.505","287"
"1460","85898","20220922235000","1151","2","高雄市","林園區","120.395","22.510","1371"
"249","85910","20220922235000","218","1","高雄市","林園區","120.405","22.500","239"
"98","85911","20220922235000","106","0","高雄市","林園區","120.410","22.500","127"
"432","85915","20220922235000","361","1","高雄市","林園區","120.405","22.505","472"
"48","85916","20220922235000","43","1","高雄市","林園區","120.410","22.505","48"
"238","85920","20220922235000","228","1","高雄市","林園區","120.405","22.510","259"
"463","85929","20220922235000","321","2","高雄市","林園區","120.405","22.520","507"
"294","85936","20220922235000","255","1","高雄市","林園區","120.390","22.525","294"
"152","85937","20220922235000","221","0","高雄市","林園區","120.395","22.525","178"
"17","85945","20220922235000","125","0","高雄市","前鎮區","120.300","22.595","26"
"1102","85946","20220922235000","813","2","高雄市","前鎮區","120.325","22.600","1025"
"148","85948","20220922235000","369","0","高雄市","林園區","120.390","22.510","173"
"19","85949","20220922235000","16","1","高雄市","林園區","120.390","22.515","20"
"211","85950","20220922235000","204","1","高雄市","林園區","120.400","22.480","201"
"150","85953","20220922235000","72","3","高雄市","旗津區","120.310","22.560","192"
"54","85954","20220922235000","44","2","高雄市","旗津區","120.305","22.565","69"
"327","85955","20220922235000","358","0","高雄市","旗津區","120.300","22.570","310"
"53","85960","20220922235000","357","0","高雄市","林園區","120.395","22.530","74"
"244","85961","20220922235000","270","0","高雄市","林園區","120.400","22.530","235"
"24","85963","20220922235000","26","0","高雄市","林園區","120.385","22.505","33"
"69","85971","20220922235000","339","0","高雄市","旗津區","120.280","22.595","72"
"189","85972","20220922235000","149","2","高雄市","旗津區","120.285","22.585","167"
"142","85975","20220922235000","123","1","高雄市","旗津區","120.285","22.590","138"
"572","85978","20220922235000","458","2","高雄市","林園區","120.390","22.500","559"
"80","85982","20220922235000","901","0","高雄市","林園區","120.380","22.500","128"
"100","85983","20220922235000","739","0","高雄市","林園區","120.395","22.500","125"
"50","85988","20220922235000","182","0","高雄市","林園區","120.395","22.535","91"
"396","85989","20220922235000","263","3","高雄市","林園區","120.400","22.535","328"
"75","88407","20220922235000","125","0","高雄市","鼓山區","120.260","22.625","94"
"33","90458","20220922235000","18","3","臺東縣","綠島鄉","121.470","22.645","53"
"241","93129","20220922235000","140","3","臺東縣","綠島鄉","121.485","22.680","349"
"447","94971","20220922235000","243","3","高雄市","左營區","120.275","22.700","313"
"50","97490","20220922235000","525","0","屏東縣","屏東市","120.480","22.650","40"
"353","97491","20220922235000","367","0","屏東縣","屏東市","120.485","22.650","313"
"332","97497","20220922235000","499","0","屏東縣","屏東市","120.485","22.645","305"
"18","97500","20220922235000","16","1","屏東縣","屏東市","120.500","22.660","23"
"426","97501","20220922235000","366","1","屏東縣","屏東市","120.500","22.665","539"
"38","97502","20220922235000","330","0","屏東縣","九如鄉","120.490","22.730","47"
"1181","97503","20220922235000","925","2","屏東縣","九如鄉","120.490","22.735","1119"
"435","97504","20220922235000","218","3","屏東縣","九如鄉","120.490","22.710","454"
"29","97506","20220922235000","27","1","屏東縣","九如鄉","120.490","22.715","19"
"62","97516","20220922235000","414","0","屏東縣","九如鄉","120.500","22.735","51"
"599","97519","20220922235000","475","2","屏東縣","屏東市","120.475","22.655","654"
"317","97520","20220922235000","245","2","屏東縣","屏東市","120.480","22.655","308"
"13","97527","20220922235000","13","1","屏東縣","屏東市","120.450","22.635","14"
"30","97528","20220922235000","35","0","屏東縣","屏東市","120.455","22.635","34"
"27","97529","20220922235000","20","2","屏東縣","屏東市","120.460","22.635","26"
"52","97542","20220922235000","46","1","屏東縣","屏東市","120.495","22.625","58"
"586","97544","20220922235000","518","1","屏東縣","屏東市","120.505","22.625","564"
"2028","97550","20220922235000","1978","1","屏東縣","長治鄉","120.510","22.680","2109"
"688","97552","20220922235000","507","2","屏東縣","屏東市","120.485","22.670","693"
"99","97565","20220922235000","76","2","屏東縣","內埔鄉","120.570","22.650","107"
"21","97566","20220922235000","150","0","屏東縣","內埔鄉","120.575","22.650","24"
"21","97567","20220922235000","31","0","屏東縣","內埔鄉","120.560","22.655","20"
"452","97588","20220922235000","358","2","屏東縣","屏東市","120.505","22.690","495"
"1396","97589","20220922235000","1661","0","屏東縣","屏東市","120.495","22.685","1381"
"23","97597","20220922235000","291","0","屏東縣","屏東市","120.510","22.700","28"
"49","97598","20220922235000","62","0","屏東縣","屏東市","120.495","22.705","53"
"228","97600","20220922235000","97","3","屏東縣","屏東市","120.505","22.705","259"
"1201","97606","20220922235000","1134","1","屏東縣","屏東市","120.475","22.660","1155"
"208","97607","20220922235000","429","0","屏東縣","屏東市","120.480","22.660","310"
"2243","97613","20220922235000","1717","2","屏東縣","屏東市","120.475","22.690","2120"
"111","97614","20220922235000","177","0","屏東縣","屏東市","120.470","22.690","120"
"26","97625","20220922235000","21","2","屏東縣","屏東市","120.485","22.700","24"
"347","97627","20220922235000","247","2","屏東縣","屏東市","120.480","22.670","362"
"376","97628","20220922235000","370","1","屏東縣","屏東市","120.495","22.670","432"
"415","97638","20220922235000","334","2","屏東縣","竹田鄉","120.525","22.605","348"
"802","97642","20220922235000","754","1","屏東縣","屏東市","120.495","22.665","777"
"512","97643","20220922235000","565","0","屏東縣","屏東市","120.480","22.640","545"
"507","97654","20220922235000","385","2","屏東縣","鹽埔鄉","120.605","22.725","455"
"16","97655","20220922235000","20","0","屏東縣","屏東市","120.500","22.650","24"
"48","97656","20220922235000","40","2","屏東縣","屏東市","120.505","22.650","40"
"523","97657","20220922235000","406","2","屏東縣","屏東市","120.480","22.675","522"
"1728","97658","20220922235000","1157","2","屏東縣","屏東市","120.490","22.655","1699"
"507","97660","20220922235000","368","2","屏東縣","屏東市","120.490","22.660","473"
"66","97661","20220922235000","106","0","屏東縣","屏東市","120.495","22.660","116"
"155","97663","20220922235000","80","3","屏東縣","屏東市","120.460","22.665","144"
"66","97701","20220922235000","562","0","屏東縣","鹽埔鄉","120.540","22.730","52"
"32","97715","20220922235000","379","0","屏東縣","鹽埔鄉","120.555","22.735","45"
"15","97722","20220922235000","121","0","屏東縣","鹽埔鄉","120.520","22.735","15"
"10","97743","20220922235000","17","0","屏東縣","長治鄉","120.525","22.690","12"
"117","97744","20220922235000","351","0","屏東縣","長治鄉","120.530","22.690","121"
"37","97746","20220922235000","26","2","屏東縣","長治鄉","120.530","22.695","32"
"440","97754","20220922235000","414","1","屏東縣","屏東市","120.490","22.675","499"
"305","97761","20220922235000","922","0","屏東縣","屏東市","120.470","22.655","229"
"34","97765","20220922235000","34","1","屏東縣","屏東市","120.510","22.645","54"
"920","97771","20220922235000","960","0","屏東縣","屏東市","120.495","22.680","884"
"948","97772","20220922235000","484","3","屏東縣","屏東市","120.495","22.675","991"
"172","97773","20220922235000","381","0","屏東縣","屏東市","120.500","22.685","228"
"1732","97774","20220922235000","1537","1","屏東縣","屏東市","120.505","22.685","1762"
"1078","97775","20220922235000","829","2","屏東縣","屏東市","120.510","22.685","1034"
"716","97777","20220922235000","618","1","屏東縣","屏東市","120.500","22.675","699"
"323","97783","20220922235000","99","3","屏東縣","內埔鄉","120.600","22.650","299"
"785","97786","20220922235000","775","1","屏東縣","內埔鄉","120.615","22.650","851"
"151","97791","20220922235000","744","0","屏東縣","內埔鄉","120.600","22.660","162"
"359","97800","20220922235000","219","3","屏東縣","麟洛鄉","120.535","22.650","387"
"133","97814","20220922235000","126","1","屏東縣","麟洛鄉","120.550","22.660","125"
"91","97818","20220922235000","93","0","屏東縣","麟洛鄉","120.535","22.665","110"
"60","97823","20220922235000","38","3","屏東縣","麟洛鄉","120.515","22.640","58"
"373","97842","20220922235000","289","2","屏東縣","麟洛鄉","120.520","22.645","448"
"21","97844","20220922235000","17","2","屏東縣","屏東市","120.515","22.650","24"
"42","97849","20220922235000","622","0","屏東縣","麟洛鄉","120.525","22.650","60"
"98","97851","20220922235000","584","0","屏東縣","麟洛鄉","120.520","22.655","120"
"72","97914","20220922235000","407","0","屏東縣","萬丹鄉","120.460","22.595","71"
"785","97916","20220922235000","702","1","屏東縣","屏東市","120.490","22.680","830"
"971","97917","20220922235000","844","1","屏東縣","屏東市","120.490","22.685","947"
"1180","97918","20220922235000","883","2","屏東縣","屏東市","120.490","22.690","1127"
"602","97919","20220922235000","661","0","屏東縣","屏東市","120.505","22.670","595"
"1630","97920","20220922235000","1681","0","屏東縣","長治鄉","120.510","22.670","1601"
"167","97925","20220922235000","422","0","屏東縣","長治鄉","120.545","22.690","190"
"409","97947","20220922235000","363","1","屏東縣","屏東市","120.475","22.680","402"
"189","97948","20220922235000","340","0","屏東縣","屏東市","120.480","22.680","235"
"120","97953","20220922235000","213","0","屏東縣","屏東市","120.465","22.685","148"
"302","97954","20220922235000","280","1","屏東縣","屏東市","120.470","22.685","344"
"295","97955","20220922235000","533","0","屏東縣","屏東市","120.475","22.685","381"
"919","97964","20220922235000","942","0","屏東縣","屏東市","120.510","22.655","832"
"387","97965","20220922235000","538","0","屏東縣","屏東市","120.505","22.660","389"
"349","97967","20220922235000","647","0","屏東縣","屏東市","120.515","22.660","450"
"806","97969","20220922235000","822","0","屏東縣","屏東市","120.505","22.665","783"
"47","97974","20220922235000","1070","0","屏東縣","屏東市","120.505","22.675","64"
"429","97978","20220922235000","424","1","屏東縣","屏東市","120.475","22.670","417"
"17","97984","20220922235000","461","0","屏東縣","萬丹鄉","120.485","22.610","26"
"483","97985","20220922235000","269","3","屏東縣","萬丹鄉","120.490","22.610","537"
"45","97991","20220922235000","229","0","屏東縣","萬丹鄉","120.490","22.620","69"
"17","98035","20220922235000","25","0","屏東縣","泰武鄉","120.700","22.610","23"
"47","98173","20220922235000","154","0","屏東縣","泰武鄉","120.640","22.625","34"
"229","98233","20220922235000","593","0","屏東縣","萬丹鄉","120.470","22.620","249"
"270","98245","20220922235000","149","3","屏東縣","萬丹鄉","120.470","22.610","260"
"39","98249","20220922235000","161","0","屏東縣","內埔鄉","120.600","22.675","57"
"230","98252","20220922235000","100","3","屏東縣","內埔鄉","120.585","22.640","241"
"91","98255","20220922235000","765","0","屏東縣","內埔鄉","120.590","22.645","96"
"299","98266","20220922235000","198","3","屏東縣","瑪家鄉","120.650","22.700","286"
"324","98270","20220922235000","342","0","屏東縣","內埔鄉","120.645","22.705","294"
"1090","98276","20220922235000","859","2","屏東縣","內埔鄉","120.565","22.635","1173"
"264","98277","20220922235000","207","2","屏東縣","內埔鄉","120.545","22.640","272"
"563","98281","20220922235000","536","1","屏東縣","麟洛鄉","120.540","22.645","547"
"385","98298","20220922235000","537","0","屏東縣","內埔鄉","120.555","22.600","371"
"992","98309","20220922235000","813","2","屏東縣","內埔鄉","120.595","22.630","878"
"618","98311","20220922235000","244","3","屏東縣","內埔鄉","120.590","22.635","649"
"97","98316","20220922235000","527","0","屏東縣","內埔鄉","120.600","22.640","122"
"15","98321","20220922235000","135","0","屏東縣","內埔鄉","120.605","22.645","18"
"10","98322","20220922235000","229","0","屏東縣","內埔鄉","120.610","22.645","13"
"145","98328","20220922235000","96","3","屏東縣","瑪家鄉","120.630","22.650","113"
"15","98341","20220922235000","366","0","屏東縣","內埔鄉","120.580","22.620","17"
"47","98346","20220922235000","28","3","屏東縣","內埔鄉","120.545","22.630","49"
"66","98348","20220922235000","309","0","屏東縣","內埔鄉","120.540","22.635","74"
"13","98355","20220922235000","13","1","屏東縣","內埔鄉","120.635","22.685","17"
"365","98362","20220922235000","237","3","屏東縣","內埔鄉","120.640","22.695","360"
"106","98378","20220922235000","373","0","屏東縣","長治鄉","120.550","22.680","126"
"50","98380","20220922235000","33","3","屏東縣","長治鄉","120.540","22.685","40"
"218","98392","20220922235000","509","0","屏東縣","長治鄉","120.550","22.695","228"
"60","98396","20220922235000","33","3","屏東縣","長治鄉","120.535","22.705","49"
"498","98405","20220922235000","650","0","屏東縣","長治鄉","120.535","22.710","481"
"239","98407","20220922235000","139","3","屏東縣","長治鄉","120.545","22.710","243"
"83","98408","20220922235000","273","0","屏東縣","長治鄉","120.525","22.715","76"
"23","98410","20220922235000","119","0","屏東縣","長治鄉","120.535","22.715","15"
"117","98418","20220922235000","436","0","屏東縣","萬丹鄉","120.470","22.615","117"
"81","98422","20220922235000","136","0","屏東縣","萬丹鄉","120.520","22.595","81"
"199","98443","20220922235000","234","0","屏東縣","屏東市","120.495","22.640","202"
"459","98446","20220922235000","441","1","屏東縣","屏東市","120.490","22.645","549"
"297","98453","20220922235000","162","3","屏東縣","屏東市","120.485","22.625","261"
"492","98457","20220922235000","558","0","屏東縣","屏東市","120.480","22.635","464"
"37","98458","20220922235000","35","1","屏東縣","屏東市","120.485","22.635","46"
"288","98459","20220922235000","250","1","屏東縣","屏東市","120.490","22.635","354"
"27","98460","20220922235000","353","0","屏東縣","屏東市","120.485","22.640","22"
"46","98462","20220922235000","539","0","屏東縣","內埔鄉","120.565","22.610","117"
"36","98463","20220922235000","28","2","屏東縣","內埔鄉","120.570","22.610","39"
"1014","98464","20220922235000","1067","0","屏東縣","內埔鄉","120.570","22.615","976"
"589","98467","20220922235000","767","0","屏東縣","內埔鄉","120.560","22.605","596"
"42","98471","20220922235000","369","0","屏東縣","內埔鄉","120.560","22.600","50"
"289","98472","20220922235000","397","0","屏東縣","內埔鄉","120.565","22.600","288"
"57","98486","20220922235000","213","0","屏東縣","內埔鄉","120.595","22.675","59"
"930","98496","20220922235000","1077","0","屏東縣","屏東市","120.485","22.685","918"
"1204","98497","20220922235000","638","3","屏東縣","屏東市","120.480","22.690","1109"
"894","98498","20220922235000","954","0","屏東縣","屏東市","120.485","22.690","943"
"830","98502","20220922235000","844","0","屏東縣","內埔鄉","120.545","22.625","812"
"19","98511","20220922235000","19","1","屏東縣","內埔鄉","120.570","22.640","18"
"872","98532","20220922235000","792","1","屏東縣","內埔鄉","120.560","22.620","815"
"763","98533","20220922235000","592","2","屏東縣","內埔鄉","120.565","22.620","906"
"35","98544","20220922235000","324","0","屏東縣","內埔鄉","120.600","22.690","37"
"342","98558","20220922235000","380","0","屏東縣","內埔鄉","120.610","22.700","340"
"33","98563","20220922235000","15","3","屏東縣","內埔鄉","120.600","22.665","27"
"469","98589","20220922235000","409","1","屏東縣","屏東市","120.505","22.695","516"
"238","98591","20220922235000","219","1","屏東縣","屏東市","120.445","22.640","213"
"426","98594","20220922235000","375","1","屏東縣","屏東市","120.460","22.640","350"
"12","98596","20220922235000","82","0","屏東縣","屏東市","120.445","22.645","14"
"105","98598","20220922235000","85","2","屏東縣","屏東市","120.455","22.645","103"
"429","98607","20220922235000","296","2","屏東縣","屏東市","120.465","22.650","494"
"14","98616","20220922235000","18","0","屏東縣","屏東市","120.445","22.660","20"
"194","98633","20220922235000","196","0","屏東縣","三地門鄉","120.640","22.715","155"
"452","98636","20220922235000","431","1","屏東縣","三地門鄉","120.655","22.715","412"
"82","98648","20220922235000","64","2","屏東縣","三地門鄉","120.670","22.720","110"
"339","98723","20220922235000","310","1","屏東縣","屏東市","120.495","22.690","406"
"666","98724","20220922235000","488","2","屏東縣","屏東市","120.500","22.690","576"
"845","98725","20220922235000","807","1","屏東縣","屏東市","120.480","22.665","832"
"426","98726","20220922235000","352","2","屏東縣","屏東市","120.495","22.695","404"
"338","98729","20220922235000","261","2","屏東縣","屏東市","120.500","22.695","349"
"965","98734","20220922235000","510","3","屏東縣","屏東市","120.490","22.670","912"
"96","98776","20220922235000","53","3","屏東縣","萬巒鄉","120.625","22.630","124"
"101","98782","20220922235000","48","3","屏東縣","萬巒鄉","120.625","22.640","107"
"67","98803","20220922235000","70","0","屏東縣","萬巒鄉","120.615","22.605","62"
"490","98804","20220922235000","348","2","屏東縣","萬巒鄉","120.620","22.605","517"
"76","98822","20220922235000","63","2","屏東縣","長治鄉","120.535","22.670","82"
"1332","98826","20220922235000","1097","2","屏東縣","長治鄉","120.525","22.675","1279"
"265","98837","20220922235000","266","0","屏東縣","長治鄉","120.515","22.685","284"
"49","98842","20220922235000","1194","0","屏東縣","長治鄉","120.510","22.665","58"
"442","98843","20220922235000","495","0","屏東縣","長治鄉","120.515","22.665","432"
"26","98844","20220922235000","31","0","屏東縣","長治鄉","120.520","22.665","27"
"324","98968","20220922235000","143","3","屏東縣","瑪家鄉","120.670","22.675","410"
"26","99003","20220922235000","30","0","屏東縣","瑪家鄉","120.655","22.705","31"
"130","99078","20220922235000","141","0","屏東縣","瑪家鄉","120.640","22.685","137"
"215","99099","20220922235000","197","1","屏東縣","竹田鄉","120.535","22.640","188"
"17","99104","20220922235000","28","0","屏東縣","竹田鄉","120.545","22.600","15"
"248","99110","20220922235000","257","0","屏東縣","竹田鄉","120.520","22.615","263"
"20","99116","20220922235000","246","0","屏東縣","竹田鄉","120.525","22.620","23"
"85","99293","20220922235000","462","0","屏東縣","萬丹鄉","120.465","22.605","95"
"420","99294","20220922235000","253","3","屏東縣","萬丹鄉","120.470","22.605","436"
"80","99299","20220922235000","716","0","屏東縣","萬丹鄉","120.495","22.595","90"
"606","99310","20220922235000","560","1","屏東縣","長治鄉","120.520","22.680","667"
"57","99313","20220922235000","122","0","屏東縣","長治鄉","120.525","22.685","55"
"31","99317","20220922235000","322","0","屏東縣","長治鄉","120.565","22.670","22"
"798","99340","20220922235000","388","3","屏東縣","長治鄉","120.590","22.695","819"
"423","99352","20220922235000","581","0","屏東縣","長治鄉","120.575","22.705","440"
"99","99358","20220922235000","71","2","屏東縣","長治鄉","120.580","22.710","116"
"31","99371","20220922235000","24","2","屏東縣","鹽埔鄉","120.580","22.720","35"
"150","99390","20220922235000","100","3","屏東縣","長治鄉","120.570","22.700","147"
"15","99607","20220922235000","17","0","屏東縣","高樹鄉","120.630","22.735","10"
"103","99617","20220922235000","40","3","屏東縣","萬丹鄉","120.450","22.620","94"
"42","99627","20220922235000","343","0","屏東縣","萬丹鄉","120.465","22.625","40"
"28","99670","20220922235000","207","0","屏東縣","九如鄉","120.485","22.735","27"
"863","99671","20220922235000","964","0","屏東縣","屏東市","120.490","22.665","915"
"11","99677","20220922235000","13","0","屏東縣","屏東市","120.485","22.705","11"
"20","99680","20220922235000","143","0","屏東縣","九如鄉","120.480","22.710","16"
"353","99690","20220922235000","230","3","屏東縣","九如鄉","120.520","22.710","345"
"25","99705","20220922235000","121","0","屏東縣","九如鄉","120.505","22.725","23"
"312","99716","20220922235000","212","2","臺東縣","綠島鄉","121.470","22.670","459"
"314","99719","20220922235000","268","1","臺東縣","綠島鄉","121.470","22.675","284"
"16","99724","20220922235000","19","0","臺東縣","綠島鄉","121.495","22.640","29"
"82","99732","20220922235000","75","1","臺東縣","綠島鄉","121.500","22.645","91"
"69","99739","20220922235000","39","3","臺東縣","綠島鄉","121.505","22.655","42"
"233","99759","20220922235000","160","2","臺東縣","綠島鄉","121.490","22.675","240"
"26","99760","20220922235000","22","1","臺東縣","綠島鄉","121.495","22.675","30"
"51","99762","20220922235000","53","0","臺東縣","綠島鄉","121.505","22.675","66"
"84","99767","20220922235000","55","3","臺東縣","綠島鄉","121.475","22.650","71"
"93","99769","20220922235000","81","1","臺東縣","綠島鄉","121.485","22.650","79"
"148","99774","20220922235000","193","0","臺東縣","綠島鄉","121.475","22.660","176"
"258","99777","20220922235000","150","3","臺東縣","綠島鄉","121.470","22.665","309"
"581","99779","20220922235000","537","1","臺東縣","綠島鄉","121.465","22.670","719"
"563","99780","20220922235000","378","2","高雄市","楠梓區","120.295","22.715","529"
"213","99782","20220922235000","186","1","高雄市","楠梓區","120.305","22.710","169"
"1060","99783","20220922235000","739","2","高雄市","楠梓區","120.300","22.715","1186"
"558","99784","20220922235000","451","2","高雄市","楠梓區","120.305","22.715","559"
"99","99785","20220922235000","417","0","高雄市","楠梓區","120.310","22.715","136"
"410","99787","20220922235000","444","0","高雄市","前金區","120.290","22.625","383"
"1191","99788","20220922235000","1159","1","高雄市","前金區","120.300","22.620","1216"
"544","99792","20220922235000","579","0","臺東縣","臺東市","121.050","22.705","643"
"334","99796","20220922235000","411","0","臺東縣","臺東市","121.040","22.705","382"
"767","99800","20220922235000","592","2","臺東縣","臺東市","121.045","22.710","930"
"639","99819","20220922235000","637","1","臺東縣","臺東市","121.070","22.710","700"
"153","99837","20220922235000","141","1","臺東縣","臺東市","121.070","22.720","187"
"42","99854","20220922235000","70","0","臺東縣","臺東市","121.085","22.730","45"
"59","99856","20220922235000","55","1","高雄市","大寮區","120.415","22.620","56"
"58","99859","20220922235000","36","3","高雄市","大寮區","120.430","22.620","75"
"253","99862","20220922235000","269","0","高雄市","大寮區","120.425","22.625","258"
"10","99866","20220922235000","210","0","高雄市","大寮區","120.420","22.630","11"
"1603","99875","20220922235000","1826","0","高雄市","鳥松區","120.335","22.655","1768"
"562","99876","20220922235000","857","0","高雄市","前鎮區","120.315","22.595","546"
"1186","99877","20220922235000","1047","1","高雄市","三民區","120.320","22.670","1045"
"291","99885","20220922235000","308","0","臺東縣","臺東市","121.055","22.725","394"
"886","99892","20220922235000","918","0","高雄市","前鎮區","120.305","22.605","814"
"1616","99893","20220922235000","1154","2","高雄市","前鎮區","120.315","22.615","1609"
"1567","99894","20220922235000","1246","2","高雄市","前鎮區","120.305","22.600","1651"
"1642","99895","20220922235000","1950","0","高雄市","前鎮區","120.330","22.610","1545"
"33","99897","20220922235000","80","0","高雄市","仁武區","120.330","22.705","46"
"716","99898","20220922235000","608","1","高雄市","仁武區","120.335","22.705","696"
"429","99899","20220922235000","356","2","高雄市","仁武區","120.330","22.710","404"
"356","99900","20220922235000","226","3","高雄市","仁武區","120.335","22.710","408"
"19","99901","20220922235000","15","2","高雄市","仁武區","120.330","22.715","19"
"232","99902","20220922235000","263","0","高雄市","楠梓區","120.330","22.720","243"
"21","99903","20220922235000","19","1","高雄市","三民區","120.290","22.640","19"
"38","99905","20220922235000","826","0","高雄市","仁武區","120.355","22.680","59"
"318","99906","20220922235000","1487","0","高雄市","仁武區","120.355","22.685","411"
"752","99908","20220922235000","765","0","高雄市","仁武區","120.345","22.685","798"
"110","99912","20220922235000","107","1","高雄市","仁武區","120.365","22.690","115"
"18","99913","20220922235000","13","2","高雄市","仁武區","120.370","22.690","19"
"165","99914","20220922235000","178","0","高雄市","仁武區","120.375","22.690","161"
"136","99919","20220922235000","103","2","高雄市","仁武區","120.375","22.695","150"
"419","99924","20220922235000","417","1","高雄市","仁武區","120.365","22.700","431"
"134","99927","20220922235000","106","2","高雄市","仁武區","120.380","22.700","144"
"332","99930","20220922235000","234","2","高雄市","仁武區","120.395","22.700","332"
"2270","99933","20220922235000","2250","1","高雄市","鹽埕區","120.285","22.630","2231"
"1730","99935","20220922235000","1806","0","高雄市","楠梓區","120.325","22.725","1604"
"91","99936","20220922235000","328","0","高雄市","楠梓區","120.315","22.735","91"
"1195","99937","20220922235000","870","2","高雄市","楠梓區","120.320","22.730","1288"
"1742","99940","20220922235000","1502","1","高雄市","楠梓區","120.300","22.710","1689"
"2107","99941","20220922235000","1901","1","高雄市","三民區","120.320","22.650","2233"
"2424","99942","20220922235000","2400","1","高雄市","前金區","120.295","22.630","2272"
"662","99943","20220922235000","723","0","高雄市","三民區","120.290","22.645","639"
"117","99944","20220922235000","856","0","高雄市","鳳山區","120.375","22.635","96"
"2486","99945","20220922235000","1632","3","高雄市","鳳山區","120.365","22.625","2520"
"784","99946","20220922235000","686","1","高雄市","鳳山區","120.370","22.625","745"
"41","99951","20220922235000","211","0","高雄市","大樹區","120.420","22.695","46"
"17","99964","20220922235000","13","2","高雄市","大樹區","120.410","22.690","19"
"18","99968","20220922235000","16","1","高雄市","大樹區","120.405","22.690","21"
"81","99973","20220922235000","52","3","高雄市","大樹區","120.400","22.700","94"
"140","99976","20220922235000","166","0","高雄市","大社區","120.340","22.725","127"
"265","99979","20220922235000","430","0","高雄市","大社區","120.345","22.725","240"
"41","99983","20220922235000","461","0","高雄市","左營區","120.300","22.685","62"
"17","99984","20220922235000","523","0","高雄市","左營區","120.305","22.690","23"
"1885","99985","20220922235000","1559","2","高雄市","左營區","120.310","22.685","1627"
"1375","99987","20220922235000","819","3","高雄市","左營區","120.315","22.690","1236"
"1152","99989","20220922235000","1048","1","高雄市","新興區","120.305","22.630","1146"
"147","99990","20220922235000","259","0","高雄市","大寮區","120.385","22.615","202"
"819","99993","20220922235000","1083","0","高雄市","大寮區","120.380","22.620","770"
"508","99994","20220922235000","313","3","高雄市","大寮區","120.385","22.620","467"
"31","99999","20220922235000","19","3","高雄市","大寮區","120.375","22.600","32"
"1917","100002","20220922235000","2106","0","高雄市","三民區","120.295","22.635","1869"
"894","100003","20220922235000","780","1","高雄市","前金區","120.300","22.625","875"
"1503","100004","20220922235000","1813","0","高雄市","新興區","120.300","22.630","1630"
"533","100005","20220922235000","1010","0","高雄市","大寮區","120.385","22.600","502"
"998","100007","20220922235000","869","1","高雄市","大寮區","120.385","22.610","1073"
"150","100010","20220922235000","549","0","高雄市","苓雅區","120.330","22.625","161"
"3474","100011","20220922235000","3046","1","高雄市","鳳山區","120.360","22.635","3409"
"532","100012","20220922235000","911","0","高雄市","鳳山區","120.365","22.630","570"
"443","100013","20220922235000","328","2","高雄市","鳳山區","120.375","22.640","469"
"422","100014","20220922235000","1001","0","高雄市","鳳山區","120.350","22.615","383"
"2561","100015","20220922235000","1887","2","高雄市","楠梓區","120.300","22.725","2715"
"1584","100016","20220922235000","1205","2","高雄市","橋頭區","120.300","22.730","1546"
"964","100017","20220922235000","1874","0","高雄市","橋頭區","120.305","22.730","1073"
"841","100019","20220922235000","1547","0","高雄市","鳳山區","120.345","22.615","966"
"1060","100021","20220922235000","330","3","高雄市","楠梓區","120.285","22.725","1185"
"113","100022","20220922235000","1552","0","高雄市","楠梓區","120.290","22.725","124"
"655","100023","20220922235000","637","1","高雄市","橋頭區","120.295","22.730","645"
"372","100025","20220922235000","300","2","高雄市","楠梓區","120.285","22.730","261"
"17","100026","20220922235000","13","2","高雄市","楠梓區","120.290","22.730","20"
"1423","100028","20220922235000","1610","0","高雄市","楠梓區","120.290","22.715","1347"
"1697","100029","20220922235000","1603","1","高雄市","楠梓區","120.290","22.720","1569"
"915","100032","20220922235000","1395","0","高雄市","苓雅區","120.300","22.610","959"
"1594","100033","20220922235000","1411","1","高雄市","苓雅區","120.335","22.625","1737"
"2909","100034","20220922235000","3063","0","高雄市","前鎮區","120.310","22.615","3091"
"263","100038","20220922235000","219","2","高雄市","大寮區","120.405","22.640","269"
"360","100039","20220922235000","301","1","高雄市","大寮區","120.410","22.640","326"
"3207","100044","20220922235000","2303","2","高雄市","三民區","120.325","22.650","3071"
"938","100045","20220922235000","735","2","高雄市","三民區","120.320","22.655","883"
"837","100047","20220922235000","1590","0","高雄市","鳳山區","120.380","22.630","782"
"4914","100048","20220922235000","4429","1","高雄市","苓雅區","120.320","22.620","4762"
"2277","100049","20220922235000","2851","0","高雄市","新興區","120.310","22.630","2195"
"88","100050","20220922235000","575","0","高雄市","三民區","120.315","22.650","110"
"559","100052","20220922235000","657","0","高雄市","三民區","120.315","22.655","533"
"2429","100053","20220922235000","1520","3","高雄市","三民區","120.330","22.640","2287"
"1643","100054","20220922235000","1019","3","高雄市","三民區","120.315","22.640","1661"
"316","100057","20220922235000","273","1","高雄市","前鎮區","120.285","22.605","274"
"236","100058","20220922235000","155","3","高雄市","前鎮區","120.290","22.605","171"
"408","100059","20220922235000","276","2","高雄市","前鎮區","120.300","22.605","372"
"61","100071","20220922235000","56","1","臺東縣","太麻里鄉","121.025","22.670","68"
"141","100074","20220922235000","122","1","臺東縣","太麻里鄉","121.040","22.670","116"
"76","100530","20220922235000","88","0","臺東縣","金峰鄉","120.950","22.640","110"
"122","100729","20220922235000","89","2","臺東縣","金峰鄉","121.000","22.635","115"
"817","100742","20220922235000","779","1","高雄市","鳳山區","120.360","22.625","1028"
"1026","100743","20220922235000","1290","0","高雄市","三民區","120.305","22.640","1037"
"151","100744","20220922235000","1173","0","高雄市","楠梓區","120.295","22.725","164"
"2252","100745","20220922235000","1696","2","高雄市","楠梓區","120.300","22.720","2327"
"127","100746","20220922235000","132","0","高雄市","鳳山區","120.365","22.605","164"
"1402","100747","20220922235000","1526","0","高雄市","鳳山區","120.360","22.610","1221"
"736","100753","20220922235000","582","2","高雄市","鳳山區","120.355","22.605","736"
"150","100755","20220922235000","109","2","高雄市","鳳山區","120.365","22.615","132"
"18","100759","20220922235000","99","0","高雄市","左營區","120.295","22.695","22"
"194","100760","20220922235000","121","3","高雄市","左營區","120.295","22.700","159"
"1921","100762","20220922235000","1791","1","高雄市","三民區","120.315","22.645","1916"
"2656","100764","20220922235000","2350","1","高雄市","三民區","120.310","22.640","2751"
"1663","100765","20220922235000","1730","0","高雄市","前金區","120.290","22.630","1602"
"1974","100766","20220922235000","1194","3","高雄市","三民區","120.295","22.645","1948"
"86","100767","20220922235000","71","2","高雄市","仁武區","120.340","22.705","88"
"152","100768","20220922235000","932","0","高雄市","仁武區","120.345","22.705","199"
"176","100771","20220922235000","153","1","高雄市","仁武區","120.340","22.715","192"
"1166","100773","20220922235000","1122","1","高雄市","仁武區","120.350","22.690","1044"
"995","100775","20220922235000","622","3","高雄市","仁武區","120.350","22.695","1101"
"51","100777","20220922235000","635","0","高雄市","仁武區","120.355","22.700","44"
"52","100778","20220922235000","53","0","高雄市","仁武區","120.350","22.705","70"
"263","100779","20220922235000","215","2","高雄市","仁武區","120.355","22.705","241"
"437","100781","20220922235000","401","1","高雄市","仁武區","120.350","22.710","421"
"115","100783","20220922235000","109","1","高雄市","仁武區","120.345","22.715","121"
"1254","100786","20220922235000","1892","0","高雄市","前鎮區","120.335","22.605","1263"
"2213","100787","20220922235000","2894","0","高雄市","前鎮區","120.330","22.600","2882"
"2458","100788","20220922235000","2319","1","高雄市","三民區","120.335","22.650","2351"
"1043","100789","20220922235000","928","1","高雄市","三民區","120.325","22.655","995"
"26","100790","20220922235000","22","1","臺東縣","太麻里鄉","120.975","22.600","28"
"617","100808","20220922235000","626","0","臺東縣","太麻里鄉","121.005","22.610","666"
"2619","100829","20220922235000","2363","1","高雄市","苓雅區","120.340","22.630","2750"
"1921","100830","20220922235000","1952","0","高雄市","鳳山區","120.345","22.630","1791"
"1268","100831","20220922235000","2652","0","高雄市","鳳山區","120.365","22.640","1160"
"2639","100832","20220922235000","2129","2","高雄市","苓雅區","120.325","22.615","2555"
"2071","100833","20220922235000","1659","2","高雄市","左營區","120.305","22.660","2029"
"3261","100834","20220922235000","3126","1","高雄市","左營區","120.310","22.660","3406"
"3485","100835","20220922235000","3105","1","高雄市","左營區","120.305","22.665","3689"
"2008","100836","20220922235000","2478","0","高雄市","左營區","120.310","22.665","1854"
"2184","100837","20220922235000","2378","0","高雄市","左營區","120.300","22.670","2199"
"1377","100838","20220922235000","1012","2","高雄市","左營區","120.305","22.670","1376"
"2441","100839","20220922235000","2537","0","高雄市","左營區","120.300","22.680","1432"
"1933","100842","20220922235000","1670","1","高雄市","新興區","120.305","22.635","1769"
"55","100844","20220922235000","38","2","高雄市","大寮區","120.385","22.635","72"
"1965","100848","20220922235000","1742","1","高雄市","大寮區","120.395","22.640","1871"
"2268","100851","20220922235000","2420","0","高雄市","三民區","120.325","22.675","2133"
"2066","100852","20220922235000","1972","1","高雄市","三民區","120.325","22.660","1915"
"2346","100853","20220922235000","1927","2","高雄市","三民區","120.330","22.660","2293"
"1600","100854","20220922235000","2871","0","高雄市","三民區","120.325","22.665","1511"
"17","100855","20220922235000","486","0","高雄市","鳥松區","120.335","22.665","26"
"102","100856","20220922235000","732","0","高雄市","三民區","120.330","22.665","107"
"507","100858","20220922235000","490","1","高雄市","三民區","120.330","22.670","468"
"2653","100860","20220922235000","2661","0","高雄市","三民區","120.335","22.645","2546"
"177","100861","20220922235000","134","2","高雄市","前鎮區","120.310","22.605","206"
"2554","100862","20220922235000","3141","0","高雄市","前鎮區","120.310","22.610","2707"
"733","100863","20220922235000","1045","0","高雄市","前鎮區","120.315","22.610","801"
"14","100864","20220922235000","270","0","高雄市","左營區","120.290","22.700","26"
"1541","100865","20220922235000","1306","1","高雄市","左營區","120.285","22.680","1369"
"866","100866","20220922235000","584","2","高雄市","左營區","120.290","22.680","791"
"993","100867","20220922235000","1024","0","高雄市","鳳山區","120.350","22.640","987"
"2455","100868","20220922235000","1687","2","高雄市","鳳山區","120.350","22.630","2592"
"613","100869","20220922235000","1561","0","高雄市","鳳山區","120.350","22.645","722"
"1411","100870","20220922235000","2020","0","高雄市","鳳山區","120.350","22.635","1528"
"2284","100871","20220922235000","2171","1","高雄市","苓雅區","120.335","22.620","2393"
"1270","100872","20220922235000","2410","0","高雄市","鳳山區","120.340","22.600","1418"
"2814","100873","20220922235000","1819","3","高雄市","三民區","120.320","22.645","3215"
"1892","100874","20220922235000","1817","1","高雄市","三民區","120.325","22.645","1742"
"2287","100875","20220922235000","1499","3","高雄市","三民區","120.290","22.635","2161"
"2016","100877","20220922235000","2003","1","高雄市","三民區","120.325","22.670","2214"
"1150","100878","20220922235000","1929","0","高雄市","三民區","120.315","22.660","1094"
"1715","100879","20220922235000","1918","0","高雄市","三民區","120.320","22.660","1843"
"2723","100880","20220922235000","3906","0","高雄市","三民區","120.315","22.665","3340"
"231","100881","20220922235000","2373","0","高雄市","三民區","120.320","22.665","303"
"1339","100883","20220922235000","904","2","高雄市","前鎮區","120.305","22.610","1162"
"180","100888","20220922235000","941","0","高雄市","大寮區","120.390","22.625","244"
"2762","100890","20220922235000","2401","1","高雄市","三民區","120.335","22.640","2636"
"2842","100891","20220922235000","2968","0","高雄市","鳳山區","120.345","22.635","2672"
"497","100909","20220922235000","575","0","臺東縣","臺東市","121.055","22.705","532"
"193","100915","20220922235000","176","1","臺東縣","太麻里鄉","121.010","22.625","218"
"57","100925","20220922235000","39","2","臺東縣","太麻里鄉","121.015","22.640","76"
"388","100938","20220922235000","370","1","臺東縣","臺東市","121.100","22.725","428"
"195","100946","20220922235000","485","0","高雄市","鳥松區","120.350","22.665","204"
"1496","100947","20220922235000","1044","2","高雄市","鳥松區","120.355","22.665","1656"
"351","100948","20220922235000","322","1","高雄市","鳥松區","120.360","22.665","366"
"97","100954","20220922235000","119","0","高雄市","仁武區","120.370","22.680","78"
"11","100961","20220922235000","11","1","高雄市","鳥松區","120.380","22.685","11"
"483","100966","20220922235000","417","1","高雄市","鳥松區","120.395","22.665","461"
"47","100969","20220922235000","66","0","高雄市","鳥松區","120.390","22.675","43"
"1897","100974","20220922235000","1901","0","高雄市","三民區","120.340","22.645","2069"
"401","100975","20220922235000","284","2","高雄市","鳥松區","120.345","22.655","321"
"466","100977","20220922235000","574","0","高雄市","鳥松區","120.340","22.655","407"
"394","100978","20220922235000","276","2","高雄市","鳥松區","120.340","22.660","346"
"456","100982","20220922235000","443","1","高雄市","鳥松區","120.390","22.660","482"
"59","100983","20220922235000","418","0","高雄市","鳥松區","120.395","22.660","66"
"112","100986","20220922235000","1587","0","高雄市","鳳山區","120.360","22.640","129"
"96","100987","20220922235000","1252","0","高雄市","鳥松區","120.355","22.645","1359"
"383","100988","20220922235000","179","3","高雄市","鳳山區","120.360","22.645","290"
"546","100989","20220922235000","274","3","高雄市","鳥松區","120.365","22.645","441"
"627","100992","20220922235000","974","0","高雄市","鳥松區","120.355","22.650","1361"
"449","100995","20220922235000","496","0","高雄市","鳥松區","120.370","22.650","400"
"84","100997","20220922235000","129","0","高雄市","鳥松區","120.355","22.655","61"
"1159","100998","20220922235000","951","2","高雄市","鳥松區","120.360","22.655","1036"
"742","101004","20220922235000","608","2","高雄市","鳥松區","120.360","22.660","820"
"579","101009","20220922235000","562","1","高雄市","鳥松區","120.370","22.665","635"
"64","101010","20220922235000","83","0","高雄市","鳥松區","120.340","22.665","44"
"492","101014","20220922235000","435","1","高雄市","鳥松區","120.370","22.670","513"
"387","101017","20220922235000","250","3","高雄市","鳥松區","120.380","22.655","433"
"234","101018","20220922235000","158","2","高雄市","鳥松區","120.385","22.655","253"
"131","101019","20220922235000","102","2","高雄市","鳥松區","120.370","22.660","154"
"284","101021","20220922235000","399","0","高雄市","鳥松區","120.380","22.660","297"
"10","101023","20220922235000","12","0","高雄市","鳥松區","120.375","22.665","13"
"782","101029","20220922235000","742","1","高雄市","鳳山區","120.355","22.625","734"
"3046","101030","20220922235000","2502","2","高雄市","鳳山區","120.355","22.635","2844"
"26","101034","20220922235000","28","0","高雄市","鳳山區","120.380","22.625","43"
"625","101035","20220922235000","585","1","高雄市","楠梓區","120.325","22.705","628"
"26","101038","20220922235000","42","0","高雄市","仁武區","120.330","22.695","33"
"319","101039","20220922235000","354","0","高雄市","仁武區","120.325","22.700","273"
"653","101043","20220922235000","1493","0","高雄市","前鎮區","120.315","22.605","736"
"2008","101044","20220922235000","2802","0","高雄市","三民區","120.335","22.635","1959"
"174","101045","20220922235000","1349","0","高雄市","三民區","120.345","22.640","154"
"160","101046","20220922235000","1401","0","高雄市","仁武區","120.345","22.675","216"
"673","101047","20220922235000","744","0","高雄市","仁武區","120.350","22.675","637"
"261","101048","20220922235000","869","0","高雄市","仁武區","120.340","22.680","300"
"763","101049","20220922235000","562","2","高雄市","仁武區","120.345","22.680","832"
"1812","101052","20220922235000","1638","1","高雄市","仁武區","120.325","22.685","1983"
"1135","101053","20220922235000","833","2","高雄市","仁武區","120.325","22.690","1204"
"718","101055","20220922235000","480","2","高雄市","仁武區","120.325","22.695","639"
"416","101056","20220922235000","224","3","高雄市","仁武區","120.320","22.695","391"
"217","101058","20220922235000","250","0","高雄市","仁武區","120.330","22.700","200"
"337","101059","20220922235000","1153","0","高雄市","鳳山區","120.365","22.635","311"
"1211","101061","20220922235000","1269","0","高雄市","苓雅區","120.295","22.615","1204"
"1596","101062","20220922235000","1589","1","高雄市","苓雅區","120.320","22.625","1915"
"2043","101063","20220922235000","1847","1","高雄市","鳳山區","120.375","22.625","2143"
"55","101064","20220922235000","1031","0","高雄市","鳳山區","120.375","22.620","66"
"79","101068","20220922235000","71","1","高雄市","鳳山區","120.365","22.620","87"
"537","101069","20220922235000","506","1","高雄市","鳳山區","120.370","22.620","509"
"1899","101074","20220922235000","2129","0","高雄市","左營區","120.290","22.675","1948"
"71","101076","20220922235000","141","0","高雄市","梓官區","120.250","22.730","84"
"880","101077","20220922235000","931","0","高雄市","梓官區","120.255","22.730","849"
"822","101086","20220922235000","596","2","高雄市","楠梓區","120.275","22.725","924"
"10","101090","20220922235000","728","0","高雄市","楠梓區","120.280","22.725","24"
"857","101092","20220922235000","825","1","高雄市","楠梓區","120.280","22.730","712"
"1742","101094","20220922235000","1297","2","高雄市","楠梓區","120.320","22.725","1717"
"1793","101095","20220922235000","1192","3","高雄市","楠梓區","120.285","22.710","1883"
"1557","101100","20220922235000","1536","1","高雄市","苓雅區","120.315","22.625","1561"
"1235","101101","20220922235000","1348","0","高雄市","鹽埕區","120.280","22.625","1203"
"2883","101102","20220922235000","1480","3","高雄市","苓雅區","120.325","22.620","2711"
"477","101103","20220922235000","408","1","高雄市","左營區","120.310","22.670","415"
"1764","101104","20220922235000","1122","3","高雄市","左營區","120.315","22.670","1857"
"2377","101105","20220922235000","1913","2","高雄市","左營區","120.300","22.675","3101"
"699","101106","20220922235000","326","3","高雄市","左營區","120.295","22.680","474"
"2533","101107","20220922235000","2401","1","高雄市","左營區","120.305","22.675","2924"
"571","101109","20220922235000","1052","0","高雄市","鳳山區","120.340","22.610","642"
"1552","101110","20220922235000","1481","1","高雄市","鳳山區","120.335","22.615","1632"
"140","101111","20220922235000","820","0","高雄市","鳳山區","120.340","22.615","167"
"660","101113","20220922235000","2629","0","高雄市","鳳山區","120.340","22.605","687"
"880","101114","20220922235000","828","1","高雄市","鼓山區","120.280","22.655","824"
"1986","101115","20220922235000","1988","0","高雄市","鼓山區","120.280","22.660","1940"
"1419","101116","20220922235000","1306","1","高雄市","鼓山區","120.285","22.650","1655"
"874","101117","20220922235000","1590","0","高雄市","鼓山區","120.290","22.650","971"
"1628","101119","20220922235000","1839","0","高雄市","鼓山區","120.290","22.655","1620"
"97","101120","20220922235000","1008","0","高雄市","鼓山區","120.285","22.660","92"
"1314","101121","20220922235000","1926","0","高雄市","鼓山區","120.290","22.660","1424"
"956","101122","20220922235000","675","2","高雄市","鼓山區","120.290","22.665","968"
"902","101123","20220922235000","1473","0","高雄市","鼓山區","120.285","22.665","1050"
"1519","101124","20220922235000","1224","2","高雄市","鼓山區","120.280","22.645","1615"
"1134","101125","20220922235000","983","1","高雄市","鼓山區","120.270","22.625","1120"
"1608","101126","20220922235000","2329","0","高雄市","鼓山區","120.280","22.630","1549"
"66","101127","20220922235000","91","0","高雄市","鼓山區","120.275","22.625","121"
"48","101128","20220922235000","90","0","高雄市","鼓山區","120.270","22.635","88"
"15","101129","20220922235000","29","0","高雄市","鼓山區","120.275","22.635","48"
"1703","101132","20220922235000","1865","0","高雄市","三民區","120.320","22.640","1579"
"1113","101133","20220922235000","1708","0","高雄市","鳥松區","120.340","22.650","1243"
"2890","101134","20220922235000","2977","0","高雄市","三民區","120.340","22.640","3067"
"1955","101135","20220922235000","2785","0","高雄市","三民區","120.345","22.645","1942"
"282","101137","20220922235000","365","0","高雄市","梓官區","120.260","22.725","321"
"535","101139","20220922235000","355","3","高雄市","梓官區","120.255","22.725","501"
"24","101449","20220922235000","29","0","臺東縣","卑南鄉","120.990","22.690","28"
"314","101488","20220922235000","345","0","臺東縣","卑南鄉","121.020","22.695","513"
"1563","101748","20220922235000","1639","0","高雄市","苓雅區","120.300","22.615","1778"
"1238","101749","20220922235000","1405","0","高雄市","苓雅區","120.325","22.630","1233"
"811","101750","20220922235000","1051","0","高雄市","鳳山區","120.340","22.620","822"
"526","101751","20220922235000","847","0","高雄市","鳳山區","120.370","22.630","589"
"1415","101752","20220922235000","1436","0","高雄市","鳳山區","120.355","22.630","1402"
"590","101753","20220922235000","869","0","高雄市","鳳山區","120.360","22.630","674"
"120","101754","20220922235000","291","0","高雄市","鳳山區","120.330","22.615","143"
"132","101757","20220922235000","1291","0","高雄市","苓雅區","120.325","22.635","144"
"68","101758","20220922235000","216","0","高雄市","仁武區","120.350","22.680","95"
"429","101759","20220922235000","394","1","高雄市","鳥松區","120.355","22.670","464"
"132","101760","20220922235000","1548","0","高雄市","仁武區","120.355","22.675","165"
"10","101761","20220922235000","15","0","高雄市","仁武區","120.340","22.690","13"
"22","101763","20220922235000","11","3","高雄市","仁武區","120.335","22.695","18"
"60","101765","20220922235000","45","2","高雄市","仁武區","120.345","22.695","73"
"204","101766","20220922235000","166","2","高雄市","仁武區","120.340","22.700","202"
"920","101767","20220922235000","801","1","高雄市","仁武區","120.345","22.700","888"
"318","101768","20220922235000","772","0","高雄市","仁武區","120.350","22.700","337"
"22","101777","20220922235000","18","2","高雄市","仁武區","120.375","22.710","25"
"36","101778","20220922235000","76","0","高雄市","仁武區","120.380","22.710","37"
"64","101783","20220922235000","60","1","高雄市","仁武區","120.380","22.715","64"
"33","101785","20220922235000","33","1","高雄市","仁武區","120.390","22.715","41"
"43","101790","20220922235000","37","1","高雄市","仁武區","120.390","22.720","39"
"579","101808","20220922235000","485","1","高雄市","三民區","120.335","22.670","609"
"145","101809","20220922235000","794","0","高雄市","仁武區","120.335","22.680","907"
"2004","101810","20220922235000","1715","1","高雄市","仁武區","120.335","22.685","2115"
"85","101815","20220922235000","866","0","高雄市","仁武區","120.330","22.680","106"
"104","101817","20220922235000","1662","0","高雄市","仁武區","120.330","22.690","131"
"146","101818","20220922235000","581","0","高雄市","仁武區","120.335","22.690","202"
"1095","101819","20220922235000","951","1","高雄市","仁武區","120.330","22.675","1256"
"221","101820","20220922235000","692","0","高雄市","仁武區","120.335","22.675","262"
"838","101822","20220922235000","754","1","高雄市","前鎮區","120.320","22.605","773"
"569","101823","20220922235000","558","1","高雄市","前鎮區","120.325","22.605","710"
"222","101824","20220922235000","1366","0","高雄市","前鎮區","120.325","22.610","301"
"2930","101825","20220922235000","2947","0","高雄市","前鎮區","120.320","22.610","3260"
"255","101826","20220922235000","219","1","高雄市","左營區","120.290","22.685","242"
"669","101827","20220922235000","381","3","高雄市","左營區","120.275","22.690","633"
"255","101829","20220922235000","107","3","高雄市","左營區","120.285","22.690","271"
"442","101832","20220922235000","337","2","高雄市","左營區","120.285","22.695","400"
"509","101833","20220922235000","464","1","高雄市","左營區","120.290","22.695","607"
"146","101835","20220922235000","313","0","高雄市","左營區","120.285","22.700","162"
"91","101836","20220922235000","117","0","高雄市","左營區","120.280","22.705","129"
"332","101837","20220922235000","321","1","高雄市","楠梓區","120.285","22.705","309"
"1603","101838","20220922235000","2384","0","高雄市","左營區","120.290","22.670","1612"
"2011","101839","20220922235000","1483","2","高雄市","苓雅區","120.335","22.630","2201"
"1442","101840","20220922235000","2072","0","高雄市","三民區","120.340","22.635","1637"
"1096","101842","20220922235000","1062","1","高雄市","鳳山區","120.345","22.625","973"
"557","101843","20220922235000","723","0","高雄市","鼓山區","120.275","22.660","551"
"67","101862","20220922235000","74","0","臺東縣","太麻里鄉","121.045","22.675","79"
"383","101876","20220922235000","287","2","臺東縣","太麻里鄉","121.030","22.685","333"
"235","101895","20220922235000","167","2","臺東縣","太麻里鄉","121.050","22.690","261"
"169","101900","20220922235000","165","1","臺東縣","卑南鄉","121.015","22.695","174"
"49","101930","20220922235000","40","2","臺東縣","太麻里鄉","121.020","22.650","54"
"889","101964","20220922235000","851","1","高雄市","苓雅區","120.320","22.635","901"
"473","101965","20220922235000","1157","0","高雄市","三民區","120.315","22.635","494"
"1921","101966","20220922235000","2255","0","高雄市","苓雅區","120.330","22.630","1895"
"265","101967","20220922235000","287","0","高雄市","鳳山區","120.350","22.605","226"
"2248","101970","20220922235000","1962","1","高雄市","鳳山區","120.350","22.600","2250"
"853","101972","20220922235000","1887","0","高雄市","鳳山區","120.335","22.610","801"
"2945","101973","20220922235000","2045","2","高雄市","苓雅區","120.330","22.635","2854"
"134","101976","20220922235000","100","2","高雄市","大寮區","120.425","22.600","129"
"54","101977","20220922235000","83","0","高雄市","大寮區","120.430","22.600","84"
"79","101981","20220922235000","362","0","高雄市","前金區","120.290","22.620","117"
"1955","101982","20220922235000","1928","1","高雄市","苓雅區","120.340","22.625","2026"
"775","101983","20220922235000","650","1","高雄市","苓雅區","120.330","22.620","1030"
"2165","101984","20220922235000","2403","0","高雄市","鼓山區","120.280","22.650","2102"
"749","101985","20220922235000","1478","0","高雄市","三民區","120.285","22.640","743"
"1533","101988","20220922235000","1036","2","高雄市","楠梓區","120.285","22.715","1208"
"2610","101989","20220922235000","2315","1","高雄市","苓雅區","120.305","22.620","2559"
"18","101990","20220922235000","37","0","高雄市","苓雅區","120.320","22.615","18"
"135","101991","20220922235000","1334","0","高雄市","苓雅區","120.320","22.630","202"
"2370","101992","20220922235000","2033","1","高雄市","前金區","120.295","22.620","2367"
"1245","101993","20220922235000","812","3","高雄市","苓雅區","120.325","22.625","1246"
"1484","101995","20220922235000","1425","1","高雄市","鼓山區","120.275","22.620","1406"
"169","101996","20220922235000","157","1","高雄市","鹽埕區","120.280","22.620","182"
"38","101997","20220922235000","769","0","高雄市","左營區","120.295","22.705","37"
"3811","101998","20220922235000","2834","2","高雄市","左營區","120.310","22.675","3488"
"915","101999","20220922235000","907","1","高雄市","左營區","120.315","22.675","952"
"1170","102000","20220922235000","885","2","高雄市","左營區","120.320","22.675","1207"
"106","102001","20220922235000","1022","0","高雄市","左營區","120.305","22.685","112"
"907","102002","20220922235000","563","3","高雄市","左營區","120.310","22.680","1090"
"2976","102003","20220922235000","2157","2","高雄市","左營區","120.320","22.680","2654"
"68","102005","20220922235000","136","0","高雄市","大寮區","120.395","22.600","88"
"413","102006","20220922235000","330","2","高雄市","大寮區","120.390","22.600","495"
"492","102007","20220922235000","413","1","高雄市","大寮區","120.390","22.605","456"
"1073","102008","20220922235000","875","2","高雄市","大寮區","120.395","22.605","1188"
"746","102010","20220922235000","653","1","高雄市","大寮區","120.400","22.610","767"
"17","102011","20220922235000","18","0","高雄市","大寮區","120.405","22.610","15"
"162","102013","20220922235000","718","0","高雄市","大寮區","120.405","22.615","199"
"719","102015","20220922235000","848","0","高雄市","鳳山區","120.355","22.640","721"
"1074","102017","20220922235000","780","2","高雄市","鼓山區","120.280","22.635","1075"
"1438","102018","20220922235000","1075","2","高雄市","鳳山區","120.370","22.635","1358"
"995","102019","20220922235000","1399","0","高雄市","鼓山區","120.295","22.665","1115"
"3520","102020","20220922235000","4003","0","高雄市","鼓山區","120.300","22.665","3255"
"71","102021","20220922235000","81","0","高雄市","鼓山區","120.265","22.625","115"
"440","102022","20220922235000","654","0","高雄市","鼓山區","120.265","22.630","443"
"43","102024","20220922235000","167","0","高雄市","鼓山區","120.260","22.635","37"
"172","102030","20220922235000","165","1","高雄市","鼓山區","120.255","22.645","162"
"56","102031","20220922235000","56","1","高雄市","鼓山區","120.260","22.645","79"
"714","102045","20220922235000","779","0","高雄市","鼓山區","120.275","22.650","792"
"719","102046","20220922235000","499","2","高雄市","苓雅區","120.310","22.620","645"
"2773","102047","20220922235000","2852","0","高雄市","左營區","120.295","22.670","3001"
"30","102048","20220922235000","345","0","高雄市","鼓山區","120.285","22.670","34"
"88","102049","20220922235000","1056","0","高雄市","鼓山區","120.280","22.640","102"
"14","102052","20220922235000","352","0","高雄市","大樹區","120.430","22.675","19"
"407","102078","20220922235000","492","0","高雄市","大樹區","120.410","22.675","405"
"205","102079","20220922235000","250","0","高雄市","大樹區","120.405","22.680","201"
"124","102090","20220922235000","57","3","高雄市","大樹區","120.395","22.690","117"
"907","102093","20220922235000","885","1","高雄市","大樹區","120.430","22.690","881"
"504","102098","20220922235000","386","2","高雄市","大樹區","120.435","22.695","553"
"342","102111","20220922235000","568","0","高雄市","大樹區","120.410","22.660","354"
"961","102113","20220922235000","665","2","高雄市","大樹區","120.410","22.665","907"
"271","102120","20220922235000","289","0","高雄市","大樹區","120.445","22.725","286"
"332","102123","20220922235000","290","1","高雄市","大樹區","120.445","22.730","309"
"149","102126","20220922235000","124","2","高雄市","大樹區","120.445","22.735","169"
"141","102132","20220922235000","132","1","高雄市","大樹區","120.425","22.665","141"
"208","102141","20220922235000","101","3","高雄市","大樹區","120.425","22.675","250"
"1545","102143","20220922235000","1647","0","高雄市","左營區","120.295","22.690","1490"
"1038","102144","20220922235000","1063","0","高雄市","鳳山區","120.360","22.620","1023"
"1755","102146","20220922235000","1954","0","高雄市","鳳山區","120.355","22.620","1824"
"568","102147","20220922235000","510","1","高雄市","鳳山區","120.335","22.600","462"
"3481","102148","20220922235000","2732","2","高雄市","新興區","120.315","22.630","3457"
"1537","102149","20220922235000","1380","1","高雄市","苓雅區","120.305","22.615","1561"
"1474","102150","20220922235000","1466","1","高雄市","鳳山區","120.345","22.605","1569"
"2878","102151","20220922235000","2338","2","高雄市","前鎮區","120.330","22.605","2970"
"1913","102152","20220922235000","1515","2","高雄市","鳥松區","120.345","22.650","1902"
"2085","102153","20220922235000","2422","0","高雄市","三民區","120.330","22.650","1975"
"608","102154","20220922235000","1421","0","高雄市","三民區","120.330","22.655","603"
"58","102157","20220922235000","413","0","高雄市","仁武區","120.360","22.675","81"
"112","102159","20220922235000","113","0","高雄市","仁武區","120.365","22.680","120"
"608","102160","20220922235000","654","0","高雄市","仁武區","120.360","22.685","606"
"27","102165","20220922235000","146","0","高雄市","仁武區","120.365","22.685","30"
"189","102172","20220922235000","280","0","高雄市","大寮區","120.425","22.605","175"
"89","102173","20220922235000","498","0","高雄市","大寮區","120.430","22.605","97"
"1050","102181","20220922235000","786","2","高雄市","大寮區","120.410","22.615","1110"
"31","102185","20220922235000","24","2","高雄市","大寮區","120.430","22.615","40"
"313","102186","20220922235000","265","1","高雄市","大寮區","120.420","22.640","296"
"263","102190","20220922235000","284","0","高雄市","大寮區","120.415","22.640","259"
"10","102199","20220922235000","174","0","高雄市","鼓山區","120.275","22.630","10"
"497","102200","20220922235000","358","2","高雄市","鼓山區","120.270","22.620","459"
"601","102203","20220922235000","604","0","高雄市","大寮區","120.385","22.640","551"
"379","102206","20220922235000","340","1","高雄市","鳥松區","120.385","22.645","371"
"540","102213","20220922235000","231","3","高雄市","鳥松區","120.390","22.650","646"
"689","102215","20220922235000","706","0","高雄市","鳥松區","120.390","22.655","667"
"26","102216","20220922235000","260","0","高雄市","鳥松區","120.395","22.655","43"
"268","102217","20220922235000","156","3","高雄市","鳥松區","120.400","22.655","255"
"587","102227","20220922235000","500","1","高雄市","鼓山區","120.285","22.655","552"
"1184","102228","20220922235000","1397","0","高雄市","三民區","120.295","22.650","1136"
"1637","102229","20220922235000","1573","1","高雄市","鼓山區","120.295","22.655","1860"
"2115","102230","20220922235000","1897","1","高雄市","鼓山區","120.300","22.655","2318"
"1259","102231","20220922235000","1865","0","高雄市","鼓山區","120.305","22.655","1220"
"970","102232","20220922235000","653","2","高雄市","左營區","120.310","22.655","1065"
"4482","102233","20220922235000","3897","1","高雄市","鼓山區","120.295","22.660","4427"
"119","102235","20220922235000","553","0","高雄市","楠梓區","120.315","22.715","147"
"1443","102236","20220922235000","1273","1","高雄市","楠梓區","120.315","22.720","1409"
"506","102237","20220922235000","1954","0","高雄市","楠梓區","120.295","22.710","465"
"2628","102238","20220922235000","2542","1","高雄市","苓雅區","120.315","22.620","2573"
"45","102239","20220922235000","82","0","高雄市","旗津區","120.265","22.615","52"
"589","102241","20220922235000","557","1","高雄市","大寮區","120.410","22.620","551"
"344","102243","20220922235000","291","1","高雄市","大寮區","120.410","22.625","335"
"238","102244","20220922235000","212","1","高雄市","大寮區","120.405","22.630","276"
"135","102246","20220922235000","137","0","高雄市","大樹區","120.425","22.715","141"
"14","102251","20220922235000","47","0","高雄市","大樹區","120.425","22.720","14"
"284","102254","20220922235000","1181","0","高雄市","大樹區","120.405","22.725","305"
"92","102259","20220922235000","65","2","高雄市","大樹區","120.430","22.725","100"
"140","102260","20220922235000","1333","0","高雄市","仁武區","120.400","22.730","205"
"55","102261","20220922235000","294","0","高雄市","大樹區","120.405","22.730","72"
"38","102267","20220922235000","46","0","高雄市","大樹區","120.410","22.735","34"
"578","102273","20220922235000","540","1","高雄市","大樹區","120.415","22.655","670"
"354","102274","20220922235000","369","0","高雄市","大樹區","120.420","22.655","317"
"91","102276","20220922235000","620","0","高雄市","大樹區","120.420","22.660","136"
"128","102278","20220922235000","91","2","高雄市","大樹區","120.410","22.645","166"
"60","102279","20220922235000","47","2","高雄市","大樹區","120.415","22.645","52"
"571","102280","20220922235000","949","0","高雄市","大樹區","120.420","22.645","675"
"299","102282","20220922235000","377","0","高雄市","大樹區","120.425","22.650","278"
"489","102285","20220922235000","484","1","高雄市","大樹區","120.425","22.655","494"
"152","102292","20220922235000","265","0","高雄市","大寮區","120.405","22.605","180"
"47","102296","20220922235000","73","0","高雄市","前鎮區(海)","120.285","22.610","34"
"1073","102302","20220922235000","1086","0","高雄市","大寮區","120.390","22.635","1041"
"598","102303","20220922235000","650","0","高雄市","大寮區","120.395","22.635","675"
"117","102304","20220922235000","105","1","高雄市","大寮區","120.400","22.635","132"
"257","102305","20220922235000","130","3","高雄市","大寮區","120.400","22.640","241"
"1350","102306","20220922235000","1527","0","高雄市","三民區","120.305","22.645","1334"
"2351","102307","20220922235000","1641","2","高雄市","三民區","120.305","22.650","2463"
"2077","102308","20220922235000","1790","1","高雄市","鳳山區","120.345","22.620","2272"
"759","102309","20220922235000","422","3","高雄市","鳳山區","120.350","22.620","732"
"428","102310","20220922235000","1532","0","高雄市","鳳山區","120.350","22.625","513"
"163","102311","20220922235000","152","1","高雄市","旗津區","120.275","22.605","176"
"166","102312","20220922235000","188","0","高雄市","旗津區(海)","120.275","22.610","383"
"598","102313","20220922235000","635","0","高雄市","旗津區","120.275","22.600","536"
"627","102314","20220922235000","479","2","高雄市","旗津區","120.270","22.610","677"
"87","102316","20220922235000","63","2","高雄市","大社區","120.365","22.715","84"
"361","102319","20220922235000","358","1","高雄市","大社區","120.350","22.720","418"
"165","102326","20220922235000","86","3","高雄市","大社區","120.340","22.730","187"
"561","102327","20220922235000","1154","0","高雄市","大社區","120.350","22.735","533"
"1962","102328","20220922235000","1868","1","高雄市","大社區","120.345","22.730","1965"
"939","102329","20220922235000","1252","0","高雄市","大社區","120.350","22.730","1085"
"586","102330","20220922235000","619","0","高雄市","大社區","120.355","22.730","569"
"85","102333","20220922235000","55","3","高雄市","大社區","120.370","22.730","120"
"46","102335","20220922235000","36","2","高雄市","大社區","120.375","22.730","45"
"58","102340","20220922235000","256","0","高雄市","大社區","120.360","22.720","61"
"1375","102341","20220922235000","1303","1","高雄市","大社區","120.350","22.725","1540"
"622","102342","20220922235000","563","1","高雄市","大社區","120.355","22.725","553"
"25","102343","20220922235000","10","3","高雄市","大社區","120.360","22.725","37"
"30","102344","20220922235000","38","0","高雄市","左營區","120.295","22.675","10"
"156","102345","20220922235000","364","0","高雄市","左營區","120.300","22.690","150"
"119","102347","20220922235000","150","0","高雄市","左營區","120.265","22.675","165"
"195","102349","20220922235000","112","3","高雄市","左營區","120.275","22.675","203"
"227","102350","20220922235000","121","3","高雄市","左營區","120.280","22.675","207"
"180","102353","20220922235000","246","0","高雄市","左營區","120.275","22.680","172"
"665","102354","20220922235000","1283","0","高雄市","左營區","120.280","22.680","694"
"529","102356","20220922235000","353","2","高雄市","左營區","120.265","22.680","696"
"167","102357","20220922235000","139","2","高雄市","左營區","120.270","22.680","144"
"454","102358","20220922235000","419","1","高雄市","左營區","120.280","22.685","555"
"232","102360","20220922235000","125","3","高雄市","左營區","120.265","22.685","359"
"435","102361","20220922235000","442","0","高雄市","左營區","120.275","22.685","425"
"101","102364","20220922235000","195","0","高雄市","左營區","120.295","22.685","50"
"2506","102365","20220922235000","2268","1","高雄市","新興區","120.310","22.625","2816"
"1368","102366","20220922235000","967","2","高雄市","新興區","120.305","22.625","1374"
"2006","102370","20220922235000","1658","2","高雄市","仁武區","120.325","22.680","1913"
"2537","102371","20220922235000","2685","0","高雄市","左營區","120.305","22.680","2383"
"1184","102372","20220922235000","2494","0","高雄市","左營區","120.315","22.680","1134"
"1102","102373","20220922235000","993","1","高雄市","左營區","120.315","22.685","1169"
"790","102374","20220922235000","998","0","高雄市","仁武區","120.330","22.685","824"
"413","102375","20220922235000","563","0","高雄市","左營區","120.310","22.690","368"
"1854","102376","20220922235000","2281","0","高雄市","左營區","120.320","22.685","2659"
"3650","102377","20220922235000","3808","0","高雄市","三民區","120.310","22.645","3595"
"382","102378","20220922235000","1017","0","高雄市","三民區","120.310","22.650","500"
"1911","102380","20220922235000","1575","2","高雄市","三民區","120.325","22.640","1789"
"801","102381","20220922235000","776","1","高雄市","三民區","120.295","22.640","764"
"1684","102382","20220922235000","1750","0","高雄市","三民區","120.300","22.650","1659"
"1558","102383","20220922235000","1212","2","高雄市","新興區","120.300","22.635","1400"
"509","102384","20220922235000","1208","0","高雄市","三民區","120.285","22.635","2194"
"1868","102385","20220922235000","1520","2","高雄市","三民區","120.330","22.645","2176"
"16","102386","20220922235000","34","0","高雄市","楠梓區","120.330","22.725","30"
"65","102387","20220922235000","54","2","高雄市","楠梓區","120.330","22.730","66"
"2010","102388","20220922235000","1716","1","高雄市","楠梓區","120.335","22.730","1758"
"2812","102389","20220922235000","2116","2","高雄市","楠梓區","120.325","22.730","2724"
"647","102390","20220922235000","1506","0","高雄市","楠梓區","120.285","22.720","1510"
"686","102391","20220922235000","774","0","高雄市","楠梓區","120.290","22.705","728"
"160","102393","20220922235000","41","3","高雄市","楠梓區","120.305","22.700","105"
"161","102408","20220922235000","105","3","高雄市","鼓山區(海)","120.295","22.600","139"
"1899","102417","20220922235000","1944","0","高雄市","三民區","120.300","22.645","1811"
"88","102419","20220922235000","140","0","高雄市","新興區","120.310","22.635","125"
"1862","102420","20220922235000","1758","1","高雄市","三民區","120.300","22.640","1696"
"543","102421","20220922235000","631","0","高雄市","鳳山區","120.345","22.600","522"
"3238","102422","20220922235000","3854","0","高雄市","鳳山區","120.345","22.610","3424"
"208","102423","20220922235000","259","0","高雄市","鳳山區","120.355","22.610","261"
"1701","102424","20220922235000","1643","1","高雄市","鹽埕區","120.285","22.625","1716"
"2161","102425","20220922235000","1367","3","高雄市","鹽埕區","120.285","22.620","2204"
"323","102426","20220922235000","343","0","高雄市","楠梓區","120.305","22.720","315"
"934","102427","20220922235000","888","1","高雄市","楠梓區","120.310","22.720","846"
"1208","102428","20220922235000","808","2","高雄市","楠梓區","120.305","22.725","1300"
"1184","102429","20220922235000","896","2","高雄市","楠梓區","120.310","22.725","1370"
"631","102430","20220922235000","1275","0","高雄市","楠梓區","120.315","22.725","614"
"1626","102431","20220922235000","1415","1","高雄市","楠梓區","120.315","22.730","1437"
"12","102432","20220922235000","221","0","高雄市","楠梓區","120.265","22.705","12"
"35","102441","20220922235000","323","0","高雄市","楠梓區","120.280","22.715","39"
"366","102442","20220922235000","1150","0","高雄市","楠梓區","120.280","22.720","319"
"589","102444","20220922235000","436","2","高雄市","楠梓區","120.320","22.715","536"
"674","102445","20220922235000","568","1","高雄市","楠梓區","120.325","22.720","625"
"45","102447","20220922235000","794","0","高雄市","楠梓區","120.320","22.720","65"
"151","102448","20220922235000","178","0","高雄市","旗津區","120.270","22.605","153"
"197","102466","20220922235000","170","1","高雄市","大樹區","120.415","22.705","198"
"61","102478","20220922235000","276","0","高雄市","大樹區","120.440","22.710","56"
"427","102482","20220922235000","424","1","高雄市","大樹區","120.445","22.715","392"
"182","111108","20220922235000","667","0","屏東縣","九如鄉","120.480","22.750","209"
"19","111132","20220922235000","25","0","屏東縣","九如鄉","120.480","22.740","19"
"23","111134","20220922235000","23","1","屏東縣","九如鄉","120.490","22.740","25"
"34","111142","20220922235000","216","0","屏東縣","九如鄉","120.500","22.740","39"
"67","111145","20220922235000","244","0","屏東縣","九如鄉","120.500","22.745","73"
"37","111157","20220922235000","420","0","屏東縣","九如鄉","120.500","22.760","56"
"209","111163","20220922235000","112","3","屏東縣","九如鄉","120.495","22.745","245"
"26","111167","20220922235000","222","0","屏東縣","九如鄉","120.490","22.755","33"
"21","111171","20220922235000","168","0","屏東縣","九如鄉","120.495","22.760","17"
"348","111186","20220922235000","177","3","屏東縣","高樹鄉","120.570","22.795","341"
"81","111215","20220922235000","51","3","屏東縣","鹽埔鄉","120.545","22.760","92"
"54","111217","20220922235000","190","0","屏東縣","鹽埔鄉","120.555","22.760","59"
"285","111238","20220922235000","232","2","屏東縣","鹽埔鄉","120.545","22.745","56"
"533","111270","20220922235000","365","2","屏東縣","鹽埔鄉","120.550","22.735","643"
"19","111271","20220922235000","25","0","屏東縣","鹽埔鄉","120.560","22.735","22"
"54","111273","20220922235000","353","0","屏東縣","鹽埔鄉","120.555","22.740","54"
"495","111282","20220922235000","215","3","屏東縣","鹽埔鄉","120.560","22.740","545"
"406","111309","20220922235000","273","2","屏東縣","鹽埔鄉","120.515","22.740","397"
"66","111315","20220922235000","277","0","屏東縣","鹽埔鄉","120.580","22.740","71"
"55","111337","20220922235000","440","0","屏東縣","鹽埔鄉","120.580","22.755","55"
"314","111360","20220922235000","952","0","屏東縣","鹽埔鄉","120.575","22.755","321"
"129","111374","20220922235000","133","0","屏東縣","里港鄉","120.480","22.770","142"
"494","111380","20220922235000","424","1","屏東縣","里港鄉","120.480","22.775","538"
"39","111398","20220922235000","119","0","屏東縣","里港鄉","120.490","22.820","30"
"38","111418","20220922235000","264","0","屏東縣","里港鄉","120.490","22.775","47"
"1300","111419","20220922235000","878","2","屏東縣","里港鄉","120.495","22.775","1280"
"128","111451","20220922235000","145","0","屏東縣","里港鄉","120.535","22.775","112"
"69","111459","20220922235000","522","0","屏東縣","里港鄉","120.520","22.785","74"
"275","111491","20220922235000","206","2","屏東縣","里港鄉","120.500","22.780","291"
"158","111507","20220922235000","340","0","屏東縣","高樹鄉","120.615","22.815","170"
"14","111824","20220922235000","48","0","屏東縣","三地門鄉","120.700","22.765","14"
"122","111907","20220922235000","129","0","屏東縣","三地門鄉","120.635","22.745","113"
"13","112026","20220922235000","49","0","屏東縣","霧台鄉","120.740","22.740","15"
"31","112635","20220922235000","253","0","屏東縣","里港鄉","120.490","22.805","385"
"487","112659","20220922235000","332","2","屏東縣","里港鄉","120.505","22.815","522"
"29","112669","20220922235000","118","0","屏東縣","里港鄉","120.505","22.820","37"
"243","112687","20220922235000","182","2","屏東縣","里港鄉","120.535","22.825","226"
"185","112714","20220922235000","127","2","屏東縣","里港鄉","120.485","22.765","173"
"1287","112719","20220922235000","1037","2","屏東縣","里港鄉","120.495","22.780","1241"
"213","112942","20220922235000","170","2","屏東縣","高樹鄉","120.595","22.775","198"
"17","112982","20220922235000","16","1","屏東縣","高樹鄉","120.615","22.760","13"
"12","112995","20220922235000","10","2","屏東縣","高樹鄉","120.615","22.770","13"
"168","112999","20220922235000","143","1","屏東縣","高樹鄉","120.635","22.770","176"
"21","113004","20220922235000","39","0","屏東縣","高樹鄉","120.630","22.740","24"
"226","113006","20220922235000","209","1","屏東縣","高樹鄉","120.620","22.740","242"
"55","113023","20220922235000","45","2","屏東縣","高樹鄉","120.625","22.830","60"
"79","113048","20220922235000","367","0","屏東縣","高樹鄉","120.560","22.785","97"
"48","113075","20220922235000","136","0","屏東縣","高樹鄉","120.590","22.825","53"
"296","113097","20220922235000","268","1","屏東縣","高樹鄉","120.610","22.785","275"
"38","113103","20220922235000","37","1","屏東縣","高樹鄉","120.610","22.790","45"
"106","113129","20220922235000","64","3","屏東縣","高樹鄉","120.595","22.810","96"
"66","113131","20220922235000","55","2","屏東縣","高樹鄉","120.595","22.815","74"
"1312","113133","20220922235000","1174","1","屏東縣","高樹鄉","120.600","22.825","1299"
"1463","113137","20220922235000","2448","0","臺東縣","臺東市","121.155","22.750","1892"
"46","113139","20220922235000","29","3","臺東縣","臺東市","121.160","22.760","57"
"2049","113141","20220922235000","1408","2","臺東縣","臺東市","121.155","22.755","2020"
"789","113159","20220922235000","584","2","高雄市","永安區","120.225","22.820","726"
"652","113177","20220922235000","390","3","高雄市","永安區","120.250","22.810","678"
"33","113178","20220922235000","357","0","高雄市","岡山區","120.255","22.810","31"
"72","113182","20220922235000","70","1","高雄市","永安區","120.250","22.815","80"
"198","113185","20220922235000","171","1","高雄市","永安區","120.240","22.815","210"
"25","113196","20220922235000","40","0","高雄市","永安區","120.205","22.840","27"
"523","113206","20220922235000","658","0","臺東縣","臺東市","121.130","22.765","538"
"818","113207","20220922235000","1320","0","臺東縣","臺東市","121.120","22.770","903"
"657","113213","20220922235000","568","1","臺東縣","臺東市","121.125","22.780","649"
"1399","113214","20220922235000","1509","0","臺東縣","臺東市","121.120","22.785","1403"
"256","113216","20220922235000","174","2","臺東縣","臺東市","121.130","22.770","312"
"1262","113217","20220922235000","856","2","臺東縣","臺東市","121.135","22.770","1260"
"108","113218","20220922235000","112","0","臺東縣","臺東市","121.125","22.775","111"
"388","113219","20220922235000","508","0","臺東縣","臺東市","121.130","22.775","387"
"778","113236","20220922235000","864","0","臺東縣","臺東市","121.115","22.785","864"
"375","113239","20220922235000","246","3","臺東縣","臺東市","121.110","22.790","438"
"51","113251","20220922235000","30","3","臺東縣","臺東市","121.155","22.760","76"
"153","113258","20220922235000","90","3","臺東縣","臺東市","121.175","22.780","184"
"100","113260","20220922235000","88","1","臺東縣","臺東市","121.185","22.790","143"
"497","113263","20220922235000","508","0","臺東縣","臺東市","121.190","22.795","459"
"97","113266","20220922235000","72","2","臺東縣","臺東市","121.195","22.800","101"
"29","113269","20220922235000","38","0","臺東縣","臺東市","121.190","22.810","30"
"103","113273","20220922235000","106","0","臺東縣","臺東市","121.195","22.815","109"
"160","113295","20220922235000","194","0","臺東縣","臺東市","121.175","22.785","131"
"118","113299","20220922235000","142","0","臺東縣","臺東市","121.175","22.790","165"
"147","113310","20220922235000","125","1","臺東縣","臺東市","121.150","22.765","172"
"752","113311","20220922235000","745","1","臺東縣","臺東市","121.155","22.765","749"
"207","113314","20220922235000","1150","0","高雄市","岡山區","120.285","22.780","211"
"59","113315","20220922235000","43","2","高雄市","岡山區","120.290","22.780","66"
"110","113317","20220922235000","81","2","高雄市","岡山區","120.290","22.785","121"
"993","113318","20220922235000","880","1","高雄市","岡山區","120.280","22.800","938"
"294","113327","20220922235000","251","1","臺東縣","臺東市","121.065","22.740","337"
"212","113345","20220922235000","283","0","臺東縣","臺東市","121.055","22.760","255"
"231","113347","20220922235000","264","0","臺東縣","臺東市","121.060","22.760","221"
"1291","113354","20220922235000","1855","0","臺東縣","臺東市","121.145","22.765","1365"
"389","113355","20220922235000","487","0","臺東縣","臺東市","121.140","22.770","520"
"1376","113356","20220922235000","1405","0","臺東縣","臺東市","121.145","22.770","1298"
"891","113364","20220922235000","1023","0","臺東縣","臺東市","121.145","22.745","877"
"718","113366","20220922235000","1563","0","臺東縣","臺東市","121.140","22.750","1128"
"454","113367","20220922235000","473","0","臺東縣","臺東市","121.145","22.750","459"
"247","113369","20220922235000","851","0","臺東縣","臺東市","121.145","22.755","280"
"255","113378","20220922235000","240","1","臺東縣","臺東市","121.125","22.790","262"
"484","113380","20220922235000","548","0","臺東縣","臺東市","121.130","22.790","508"
"625","113381","20220922235000","1165","0","臺東縣","臺東市","121.125","22.795","760"
"227","113386","20220922235000","219","1","臺東縣","臺東市","121.125","22.805","222"
"131","113389","20220922235000","75","3","臺東縣","臺東市","121.120","22.810","155"
"1191","113416","20220922235000","1119","1","臺東縣","臺東市","121.105","22.750","1129"
"226","113423","20220922235000","197","1","臺東縣","臺東市","121.105","22.755","282"
"280","113425","20220922235000","346","0","臺東縣","臺東市","121.075","22.760","277"
"434","113434","20220922235000","456","0","臺東縣","臺東市","121.060","22.735","379"
"75","113448","20220922235000","85","0","屏東縣","里港鄉","120.530","22.830","64"
"84","113450","20220922235000","65","2","高雄市","美濃區","120.540","22.830","80"
"263","113466","20220922235000","230","1","高雄市","美濃區","120.530","22.840","289"
"34","113487","20220922235000","35","0","高雄市","大樹區","120.445","22.740","35"
"74","113496","20220922235000","65","1","高雄市","大樹區","120.445","22.745","84"
"647","113505","20220922235000","738","0","高雄市","大樹區","120.445","22.750","625"
"80","113506","20220922235000","41","3","高雄市","大樹區","120.450","22.750","97"
"73","113513","20220922235000","75","0","高雄市","岡山區","120.270","22.775","80"
"354","113514","20220922235000","300","1","高雄市","楠梓區","120.280","22.735","318"
"339","113564","20220922235000","173","3","臺東縣","卑南鄉","121.075","22.775","342"
"419","113740","20220922235000","426","0","臺東縣","卑南鄉","121.080","22.775","458"
"309","113741","20220922235000","333","0","臺東縣","卑南鄉","121.085","22.775","346"
"518","113742","20220922235000","480","1","臺東縣","卑南鄉","121.090","22.775","590"
"387","113750","20220922235000","278","2","臺東縣","卑南鄉","121.080","22.785","427"
"292","113792","20220922235000","312","0","臺東縣","卑南鄉","121.100","22.825","286"
"144","113799","20220922235000","98","2","臺東縣","卑南鄉","121.090","22.830","163"
"450","113843","20220922235000","493","0","臺東縣","卑南鄉","121.090","22.800","441"
"154","113882","20220922235000","132","1","臺東縣","卑南鄉","121.090","22.820","153"
"19","113896","20220922235000","25","0","高雄市","路竹區","120.270","22.840","28"
"397","113902","20220922235000","310","2","高雄市","橋頭區","120.290","22.745","353"
"115","113905","20220922235000","104","1","高雄市","橋頭區","120.295","22.755","135"
"550","113906","20220922235000","442","2","高雄市","楠梓區","120.325","22.755","521"
"95","113911","20220922235000","86","1","高雄市","橋頭區","120.320","22.765","118"
"669","113923","20220922235000","629","1","高雄市","橋頭區","120.305","22.770","643"
"270","113933","20220922235000","294","0","高雄市","橋頭區","120.290","22.760","259"
"535","113934","20220922235000","398","2","高雄市","岡山區","120.280","22.765","568"
"36","113947","20220922235000","37","0","高雄市","路竹區","120.275","22.840","49"
"48","113948","20220922235000","53","0","高雄市","路竹區","120.280","22.840","57"
"284","113950","20220922235000","210","2","高雄市","路竹區","120.275","22.820","244"
"194","113959","20220922235000","156","2","高雄市","路竹區","120.275","22.825","229"
"258","113962","20220922235000","168","3","高雄市","路竹區","120.265","22.830","232"
"97","113965","20220922235000","14","3","高雄市","路竹區","120.265","22.840","68"
"576","113969","20220922235000","549","1","高雄市","路竹區","120.240","22.835","565"
"706","113971","20220922235000","585","2","高雄市","路竹區","120.250","22.835","734"
"294","113978","20220922235000","280","1","高雄市","路竹區","120.245","22.845","261"
"201","113982","20220922235000","184","1","高雄市","路竹區","120.260","22.840","239"
"39","113984","20220922235000","250","0","高雄市","彌陀區","120.245","22.785","48"
"288","113985","20220922235000","276","1","高雄市","彌陀區","120.245","22.790","356"
"71","113992","20220922235000","50","2","高雄市","橋頭區","120.300","22.765","81"
"27","113994","20220922235000","758","0","高雄市","橋頭區","120.320","22.735","25"
"394","113997","20220922235000","336","1","高雄市","橋頭區","120.315","22.745","367"
"453","114001","20220922235000","619","0","高雄市","橋頭區","120.315","22.760","414"
"308","114004","20220922235000","292","1","高雄市","橋頭區","120.310","22.760","260"
"1731","114006","20220922235000","1684","1","高雄市","橋頭區","120.310","22.765","1674"
"10","114044","20220922235000","14","0","高雄市","旗山區","120.465","22.830","10"
"530","114050","20220922235000","371","2","高雄市","橋頭區","120.300","22.740","600"
"685","114055","20220922235000","530","2","高雄市","橋頭區","120.295","22.735","638"
"285","114057","20220922235000","535","0","高雄市","橋頭區","120.295","22.740","258"
"68","114059","20220922235000","668","0","高雄市","橋頭區","120.290","22.765","97"
"415","114062","20220922235000","278","2","高雄市","橋頭區","120.270","22.735","326"
"36","114068","20220922235000","424","0","高雄市","橋頭區","120.280","22.745","51"
"480","114075","20220922235000","336","2","高雄市","永安區","120.240","22.820","472"
"136","114077","20220922235000","71","3","高雄市","永安區","120.250","22.820","147"
"116","114094","20220922235000","86","2","高雄市","永安區","120.210","22.810","103"
"44","114108","20220922235000","47","0","高雄市","永安區","120.205","22.825","57"
"14","114112","20220922235000","90","0","高雄市","路竹區","120.260","22.835","17"
"1583","114116","20220922235000","1815","0","臺東縣","臺東市","121.150","22.755","1796"
"2568","114117","20220922235000","2022","2","臺東縣","臺東市","121.145","22.760","2943"
"721","114118","20220922235000","784","0","臺東縣","臺東市","121.150","22.760","884"
"369","114125","20220922235000","399","0","臺東縣","臺東市","121.115","22.750","389"
"1700","114128","20220922235000","1387","2","臺東縣","臺東市","121.135","22.755","1701"
"1016","114129","20220922235000","967","1","臺東縣","臺東市","121.140","22.760","1048"
"154","114130","20220922235000","1496","0","臺東縣","臺東市","121.150","22.750","291"
"292","114135","20220922235000","283","1","臺東縣","臺東市","121.100","22.740","373"
"526","114143","20220922235000","594","0","高雄市","燕巢區","120.360","22.765","571"
"956","114144","20220922235000","783","2","高雄市","燕巢區","120.365","22.765","1013"
"318","114154","20220922235000","676","0","高雄市","燕巢區","120.360","22.770","301"
"712","114155","20220922235000","556","2","高雄市","岡山區","120.315","22.775","779"
"336","114160","20220922235000","315","1","高雄市","燕巢區","120.340","22.775","304"
"188","114174","20220922235000","121","3","高雄市","燕巢區","120.360","22.775","258"
"98","114194","20220922235000","72","2","高雄市","燕巢區","120.400","22.810","86"
"247","114204","20220922235000","241","1","高雄市","燕巢區","120.340","22.755","236"
"145","114206","20220922235000","215","0","高雄市","燕巢區","120.350","22.755","125"
"480","114207","20220922235000","444","1","高雄市","燕巢區","120.355","22.755","508"
"83","114210","20220922235000","137","0","高雄市","燕巢區","120.335","22.760","94"
"185","114212","20220922235000","217","0","高雄市","燕巢區","120.345","22.760","168"
"28","114214","20220922235000","88","0","高雄市","燕巢區","120.355","22.760","31"
"24","114226","20220922235000","23","1","高雄市","田寮區","120.420","22.820","24"
"10","114264","20220922235000","164","0","高雄市","岡山區","120.270","22.790","10"
"15","114268","20220922235000","12","2","高雄市","岡山區","120.270","22.795","20"
"1310","114271","20220922235000","1080","2","高雄市","岡山區","120.285","22.795","1178"
"793","114274","20220922235000","567","2","高雄市","岡山區","120.280","22.780","808"
"786","114276","20220922235000","568","2","高雄市","梓官區","120.265","22.750","940"
"715","114278","20220922235000","602","1","高雄市","梓官區","120.260","22.745","685"
"344","114279","20220922235000","182","3","高雄市","梓官區","120.265","22.745","303"
"860","114288","20220922235000","745","1","高雄市","梓官區","120.265","22.760","838"
"1561","114295","20220922235000","1173","2","高雄市","梓官區","120.270","22.760","1462"
"458","114297","20220922235000","342","2","高雄市","梓官區","120.245","22.740","434"
"147","114302","20220922235000","105","2","高雄市","梓官區","120.245","22.750","191"
"474","114304","20220922235000","401","1","高雄市","梓官區","120.250","22.735","482"
"782","114307","20220922235000","1023","0","高雄市","橋頭區","120.310","22.750","838"
"112","114308","20220922235000","58","3","高雄市","橋頭區","120.315","22.755","160"
"1069","114309","20220922235000","1460","0","高雄市","橋頭區","120.310","22.755","1117"
"599","114311","20220922235000","473","2","高雄市","橋頭區","120.305","22.735","689"
"42","114315","20220922235000","304","0","高雄市","橋頭區","120.305","22.740","44"
"636","114318","20220922235000","614","1","高雄市","橋頭區","120.310","22.745","716"
"533","114322","20220922235000","434","2","高雄市","橋頭區","120.300","22.755","612"
"59","114344","20220922235000","45","2","高雄市","旗山區","120.440","22.785","54"
"11","114349","20220922235000","22","0","高雄市","旗山區","120.430","22.790","11"
"21","114358","20220922235000","21","1","高雄市","旗山區","120.435","22.795","21"
"154","114363","20220922235000","163","0","高雄市","旗山區","120.460","22.795","148"
"99","114393","20220922235000","43","3","高雄市","旗山區","120.455","22.815","54"
"115","114395","20220922235000","73","3","高雄市","旗山區","120.465","22.815","111"
"657","114407","20220922235000","792","0","高雄市","旗山區","120.465","22.840","630"
"71","114408","20220922235000","82","0","高雄市","旗山區","120.450","22.845","69"
"45","114416","20220922235000","554","0","高雄市","梓官區","120.270","22.765","53"
"78","114421","20220922235000","1085","0","高雄市","梓官區","120.260","22.740","75"
"441","114422","20220922235000","338","2","高雄市","橋頭區","120.265","22.740","516"
"59","114448","20220922235000","43","2","臺東縣","卑南鄉","121.180","22.805","63"
"93","114462","20220922235000","80","1","臺東縣","卑南鄉","121.150","22.820","117"
"80","114473","20220922235000","105","0","臺東縣","卑南鄉","121.150","22.830","97"
"102","114575","20220922235000","103","0","臺東縣","卑南鄉","121.055","22.745","175"
"297","114700","20220922235000","325","0","臺東縣","臺東市","121.045","22.760","248"
"203","114840","20220922235000","124","3","臺東縣","卑南鄉","121.070","22.795","181"
"391","114846","20220922235000","342","1","臺東縣","卑南鄉","121.065","22.800","332"
"640","114971","20220922235000","719","0","臺東縣","臺東市","121.125","22.740","613"
"1010","114977","20220922235000","1142","0","臺東縣","臺東市","121.135","22.740","1327"
"938","114979","20220922235000","996","0","臺東縣","臺東市","121.120","22.735","911"
"11","114990","20220922235000","13","0","高雄市","岡山區","120.345","22.820","15"
"1590","115004","20220922235000","1436","1","高雄市","岡山區","120.285","22.790","1842"
"33","115005","20220922235000","21","3","高雄市","岡山區","120.290","22.790","41"
"348","115006","20220922235000","280","2","高雄市","岡山區","120.295","22.785","366"
"13","115293","20220922235000","12","1","高雄市","田寮區","120.370","22.825","18"
"300","115298","20220922235000","232","2","高雄市","田寮區","120.360","22.830","279"
"143","115300","20220922235000","135","1","高雄市","田寮區","120.370","22.830","124"
"125","115304","20220922235000","102","2","高雄市","田寮區","120.355","22.835","142"
"59","115311","20220922235000","60","0","高雄市","田寮區","120.395","22.835","58"
"169","115312","20220922235000","127","2","高雄市","田寮區","120.345","22.840","186"
"45","115319","20220922235000","52","0","高雄市","田寮區","120.345","22.845","37"
"36","115329","20220922235000","66","0","高雄市","旗山區","120.435","22.830","35"
"128","115367","20220922235000","918","0","高雄市","燕巢區","120.355","22.790","130"
"379","115368","20220922235000","265","2","高雄市","燕巢區","120.360","22.790","437"
"142","115374","20220922235000","160","0","高雄市","燕巢區","120.325","22.785","131"
"269","115375","20220922235000","203","2","高雄市","燕巢區","120.330","22.785","252"
"389","115377","20220922235000","313","2","高雄市","燕巢區","120.340","22.785","401"
"148","115380","20220922235000","117","2","高雄市","燕巢區","120.355","22.785","148"
"374","115382","20220922235000","286","2","高雄市","燕巢區","120.340","22.790","389"
"350","115384","20220922235000","263","2","高雄市","燕巢區","120.350","22.790","389"
"18","115394","20220922235000","24","0","高雄市","燕巢區","120.355","22.810","22"
"24","115398","20220922235000","25","0","高雄市","燕巢區","120.375","22.810","28"
"97","115401","20220922235000","91","1","高雄市","燕巢區","120.390","22.810","96"
"93","115402","20220922235000","70","2","高雄市","燕巢區","120.355","22.815","98"
"316","115429","20220922235000","269","1","高雄市","燕巢區","120.365","22.790","303"
"499","115436","20220922235000","445","1","高雄市","燕巢區","120.365","22.795","492"
"175","115437","20220922235000","160","1","高雄市","燕巢區","120.370","22.795","173"
"45","115438","20220922235000","46","0","高雄市","燕巢區","120.375","22.795","43"
"526","115447","20220922235000","654","0","高雄市","燕巢區","120.375","22.760","495"
"673","115450","20220922235000","488","2","高雄市","燕巢區","120.375","22.765","590"
"51","115453","20220922235000","43","1","高雄市","燕巢區","120.390","22.765","51"
"53","115463","20220922235000","52","1","高雄市","燕巢區","120.410","22.770","44"
"364","115472","20220922235000","284","2","高雄市","燕巢區","120.385","22.775","383"
"193","115473","20220922235000","171","1","高雄市","燕巢區","120.390","22.775","192"
"70","115475","20220922235000","64","1","高雄市","燕巢區","120.400","22.775","83"
"169","115482","20220922235000","124","2","高雄市","燕巢區","120.385","22.780","172"
"176","115486","20220922235000","142","2","高雄市","燕巢區","120.405","22.780","164"
"140","115500","20220922235000","127","1","高雄市","燕巢區","120.420","22.780","116"
"151","115501","20220922235000","73","3","高雄市","燕巢區","120.425","22.780","110"
"24","115507","20220922235000","27","0","高雄市","燕巢區","120.410","22.785","24"
"107","115513","20220922235000","81","2","高雄市","燕巢區","120.405","22.790","105"
"188","115519","20220922235000","99","3","高雄市","燕巢區","120.410","22.795","211"
"132","115523","20220922235000","103","2","高雄市","岡山區","120.315","22.785","162"
"293","115524","20220922235000","231","2","高雄市","燕巢區","120.320","22.785","252"
"18","115528","20220922235000","115","0","高雄市","燕巢區","120.330","22.790","19"
"62","115531","20220922235000","498","0","高雄市","燕巢區","120.325","22.795","73"
"242","115537","20220922235000","395","0","高雄市","燕巢區","120.335","22.800","216"
"895","115543","20220922235000","906","0","高雄市","燕巢區","120.355","22.795","872"
"206","115544","20220922235000","175","1","高雄市","燕巢區","120.360","22.795","208"
"226","115546","20220922235000","248","0","高雄市","燕巢區","120.355","22.800","220"
"1184","115555","20220922235000","2167","0","高雄市","楠梓區","120.325","22.735","1301"
"1401","115556","20220922235000","761","3","高雄市","楠梓區","120.330","22.735","1212"
"1248","115557","20220922235000","1720","0","高雄市","楠梓區","120.335","22.735","1294"
"1136","115559","20220922235000","1026","1","高雄市","楠梓區","120.330","22.740","1005"
"1383","115560","20220922235000","1268","1","高雄市","楠梓區","120.335","22.740","1408"
"59","115562","20220922235000","641","0","高雄市","楠梓區","120.330","22.745","95"
"44","115563","20220922235000","461","0","高雄市","橋頭區","120.325","22.750","63"
"1135","115564","20220922235000","788","2","高雄市","楠梓區","120.330","22.750","1039"
"119","115565","20220922235000","67","3","高雄市","岡山區","120.305","22.780","122"
"246","115567","20220922235000","185","2","高雄市","岡山區","120.315","22.825","261"
"319","115568","20220922235000","272","1","高雄市","岡山區","120.325","22.825","302"
"130","115576","20220922235000","240","0","高雄市","岡山區","120.315","22.815","121"
"213","115577","20220922235000","158","2","高雄市","岡山區","120.320","22.815","196"
"69","115580","20220922235000","62","1","高雄市","岡山區","120.325","22.820","56"
"89","115598","20220922235000","1191","0","高雄市","岡山區","120.295","22.795","108"
"294","115599","20220922235000","251","1","高雄市","岡山區","120.290","22.800","296"
"765","115600","20220922235000","691","1","高雄市","岡山區","120.295","22.800","882"
"10","115611","20220922235000","12","0","臺東縣","臺東市","121.105","22.765","11"
"635","115616","20220922235000","526","2","臺東縣","臺東市","121.105","22.770","620"
"428","115617","20220922235000","428","1","臺東縣","臺東市","121.110","22.770","521"
"188","115631","20220922235000","51","3","高雄市","大樹區","120.420","22.765","201"
"34","115636","20220922235000","31","1","高雄市","大樹區","120.445","22.765","33"
"226","115644","20220922235000","206","1","高雄市","大樹區","120.450","22.770","209"
"61","115647","20220922235000","36","3","高雄市","旗山區","120.430","22.775","66"
"359","115648","20220922235000","248","2","高雄市","岡山區","120.300","22.815","355"
"1071","115657","20220922235000","932","1","高雄市","岡山區","120.300","22.820","1030"
"558","115660","20220922235000","457","2","高雄市","岡山區","120.315","22.820","520"
"58","115663","20220922235000","43","2","高雄市","岡山區","120.295","22.830","83"
"293","115664","20220922235000","217","2","高雄市","岡山區","120.290","22.795","302"
"1023","115665","20220922235000","873","1","高雄市","岡山區","120.285","22.800","1136"
"15","115669","20220922235000","223","0","高雄市","燕巢區","120.325","22.800","20"
"21","115670","20220922235000","15","2","高雄市","岡山區","120.310","22.805","11"
"84","115676","20220922235000","81","1","高雄市","岡山區","120.320","22.810","141"
"147","115684","20220922235000","172","0","高雄市","岡山區","120.305","22.775","132"
"29","115686","20220922235000","47","0","高雄市","岡山區","120.310","22.775","31"
"35","115687","20220922235000","405","0","高雄市","岡山區","120.300","22.780","44"
"39","115690","20220922235000","939","0","高雄市","岡山區","120.300","22.785","43"
"57","115691","20220922235000","485","0","高雄市","岡山區","120.290","22.805","77"
"96","115692","20220922235000","240","0","高雄市","岡山區","120.295","22.805","67"
"96","115694","20220922235000","689","0","高雄市","岡山區","120.295","22.790","112"
"178","115706","20220922235000","158","1","高雄市","彌陀區","120.240","22.755","169"
"144","115708","20220922235000","128","1","高雄市","梓官區","120.250","22.755","146"
"148","115709","20220922235000","103","2","高雄市","彌陀區","120.235","22.760","163"
"165","115713","20220922235000","125","2","高雄市","彌陀區","120.240","22.765","172"
"376","115714","20220922235000","519","0","高雄市","彌陀區","120.250","22.780","409"
"674","115717","20220922235000","675","0","臺東縣","臺東市","121.140","22.740","662"
"402","115718","20220922235000","292","2","臺東縣","臺東市","121.130","22.745","511"
"2201","115719","20220922235000","2143","1","臺東縣","臺東市","121.135","22.745","1882"
"332","115721","20220922235000","452","0","臺東縣","臺東市","121.130","22.750","433"
"788","115722","20220922235000","717","1","臺東縣","臺東市","121.135","22.750","1008"
"394","115724","20220922235000","348","1","臺東縣","臺東市","121.120","22.750","419"
"235","115727","20220922235000","298","0","臺東縣","臺東市","121.130","22.755","323"
"279","115728","20220922235000","369","0","臺東縣","臺東市","121.120","22.760","252"
"88","115732","20220922235000","90","0","臺東縣","臺東市","121.090","22.760","116"
"317","115739","20220922235000","292","1","臺東縣","臺東市","121.095","22.765","281"
"511","115745","20220922235000","581","0","臺東縣","臺東市","121.095","22.770","483"
"188","115749","20220922235000","166","1","高雄市","阿蓮區","120.335","22.835","200"
"1176","115782","20220922235000","878","2","高雄市","岡山區","120.300","22.795","1081"
"1125","115783","20220922235000","1157","0","高雄市","岡山區","120.305","22.795","1112"
"33","115784","20220922235000","29","1","高雄市","岡山區","120.310","22.795","29"
"485","115787","20220922235000","411","1","高雄市","岡山區","120.270","22.780","441"
"89","115788","20220922235000","406","0","高雄市","岡山區","120.270","22.785","101"
"322","115791","20220922235000","931","0","高雄市","岡山區","120.285","22.785","363"
"499","115793","20220922235000","514","0","高雄市","彌陀區","120.250","22.785","463"
"1185","115795","20220922235000","935","2","高雄市","彌陀區","120.235","22.795","1141"
"123","115804","20220922235000","141","0","高雄市","彌陀區","120.245","22.775","121"
"85","115805","20220922235000","73","1","高雄市","彌陀區","120.245","22.765","82"
"168","115808","20220922235000","178","0","高雄市","彌陀區","120.245","22.770","170"
"20","115810","20220922235000","169","0","高雄市","彌陀區","120.255","22.770","22"
"1664","115819","20220922235000","1142","2","高雄市","岡山區","120.305","22.785","1590"
"561","115820","20220922235000","1425","0","高雄市","岡山區","120.300","22.790","640"
"818","115821","20220922235000","937","0","高雄市","岡山區","120.305","22.790","903"
"534","115833","20220922235000","284","3","高雄市","岡山區","120.265","22.815","519"
"253","115834","20220922235000","207","2","高雄市","岡山區","120.270","22.815","262"
"199","115836","20220922235000","151","2","高雄市","岡山區","120.255","22.820","196"
"123","115841","20220922235000","123","1","高雄市","岡山區","120.265","22.820","124"
"150","115844","20220922235000","103","2","高雄市","岡山區","120.300","22.830","206"
"571","115849","20220922235000","601","0","高雄市","阿蓮區","120.305","22.835","518"
"34","115851","20220922235000","138","0","高雄市","岡山區","120.280","22.810","48"
"242","115852","20220922235000","165","2","高雄市","岡山區","120.285","22.810","228"
"409","115855","20220922235000","371","1","高雄市","岡山區","120.285","22.815","426"
"43","115856","20220922235000","300","0","高雄市","岡山區","120.290","22.815","56"
"503","115872","20220922235000","358","2","高雄市","彌陀區","120.250","22.775","566"
"36","115876","20220922235000","27","2","高雄市","大社區","120.345","22.735","44"
"25","115878","20220922235000","255","0","高雄市","大社區","120.360","22.740","36"
"90","115879","20220922235000","88","1","高雄市","大社區","120.365","22.740","80"
"243","115883","20220922235000","278","0","高雄市","大社區","120.345","22.740","225"
"1261","115886","20220922235000","978","2","高雄市","楠梓區","120.335","22.745","1236"
"389","115889","20220922235000","681","0","高雄市","大社區","120.350","22.745","386"
"233","115892","20220922235000","503","0","高雄市","燕巢區","120.340","22.750","202"
"49","115895","20220922235000","40","2","高雄市","大社區","120.355","22.750","54"
"257","115897","20220922235000","173","2","高雄市","大社區","120.365","22.750","352"
"53","115911","20220922235000","51","1","高雄市","大社區","120.395","22.745","50"
"14","115922","20220922235000","36","0","高雄市","大社區","120.405","22.750","15"
"13","115927","20220922235000","62","0","高雄市","大社區","120.390","22.755","99"
"216","115941","20220922235000","152","2","高雄市","大社區","120.370","22.735","222"
"392","115943","20220922235000","390","1","高雄市","大社區","120.380","22.735","367"
"14","115944","20220922235000","12","1","高雄市","大社區","120.380","22.740","20"
"659","115946","20220922235000","554","1","高雄市","岡山區","120.275","22.775","717"
"696","115949","20220922235000","599","1","高雄市","岡山區","120.310","22.790","758"
"959","115953","20220922235000","1052","0","高雄市","岡山區","120.300","22.800","905"
"83","115954","20220922235000","619","0","高雄市","岡山區","120.305","22.800","112"
"103","115966","20220922235000","76","2","高雄市","旗山區","120.425","22.815","104"
"87","124145","20220922235000","444","0","屏東縣","高樹鄉","120.610","22.850","86"
"72","124161","20220922235000","231","0","屏東縣","高樹鄉","120.630","22.865","76"
"107","124176","20220922235000","59","3","屏東縣","高樹鄉","120.640","22.880","100"
"43","124193","20220922235000","34","2","臺南市","仁德區","120.245","22.935","32"
"676","124197","20220922235000","659","1","臺南市","仁德區","120.250","22.940","623"
"46","124211","20220922235000","33","2","臺南市","關廟區","120.330","22.910","30"
"273","124220","20220922235000","281","0","臺南市","關廟區","120.345","22.915","270"
"59","124243","20220922235000","93","0","高雄市","茄萣區","120.205","22.855","58"
"447","124253","20220922235000","359","2","臺南市","仁德區","120.215","22.910","466"
"434","124255","20220922235000","277","3","高雄市","湖內區","120.225","22.905","439"
"216","124262","20220922235000","514","0","臺南市","南區","120.185","22.920","220"
"49","124268","20220922235000","246","0","臺南市","歸仁區","120.280","22.915","41"
"311","124271","20220922235000","263","1","臺南市","歸仁區","120.270","22.920","268"
"474","124275","20220922235000","333","2","臺南市","歸仁區","120.285","22.920","482"
"315","124278","20220922235000","155","3","臺南市","歸仁區","120.280","22.925","278"
"45","124281","20220922235000","145","0","臺南市","歸仁區","120.270","22.930","58"
"24","124291","20220922235000","117","0","臺南市","南區","120.175","22.940","12"
"245","124293","20220922235000","322","0","臺南市","仁德區","120.245","22.925","227"
"17","124295","20220922235000","20","0","臺南市","仁德區","120.240","22.930","18"
"813","124314","20220922235000","1341","0","臺南市","仁德區","120.260","22.945","950"
"594","124322","20220922235000","534","1","臺南市","歸仁區","120.270","22.905","567"
"709","124323","20220922235000","600","1","臺南市","仁德區","120.255","22.910","729"
"610","124338","20220922235000","439","2","臺南市","仁德區","120.250","22.910","583"
"85","124352","20220922235000","92","0","臺南市","關廟區","120.325","22.950","79"
"352","124363","20220922235000","158","3","臺南市","關廟區","120.335","22.930","366"
"34","124371","20220922235000","248","0","臺南市","關廟區","120.335","22.940","39"
"1119","124386","20220922235000","1079","1","臺南市","仁德區","120.255","22.950","1060"
"158","124408","20220922235000","265","0","臺南市","仁德區","120.230","22.945","147"
"307","124415","20220922235000","315","0","臺南市","仁德區","120.260","22.950","354"
"159","124431","20220922235000","139","1","臺南市","歸仁區","120.295","22.925","159"
"245","124453","20220922235000","163","3","臺南市","歸仁區","120.300","22.940","238"
"986","124469","20220922235000","640","3","臺南市","南區","120.180","22.930","959"
"53","124472","20220922235000","156","0","臺南市","南區","120.180","22.935","62"
"212","124474","20220922235000","177","1","臺南市","南區","120.190","22.935","204"
"468","124477","20220922235000","1287","0","臺南市","南區","120.180","22.925","457"
"43","124481","20220922235000","16","3","臺南市","歸仁區","120.275","22.905","46"
"95","124491","20220922235000","385","0","臺南市","歸仁區","120.275","22.910","76"
"159","124494","20220922235000","169","0","臺南市","歸仁區","120.285","22.910","149"
"212","124504","20220922235000","548","0","臺南市","歸仁區","120.275","22.915","236"
"830","124526","20220922235000","736","1","臺南市","歸仁區","120.275","22.950","755"
"179","124527","20220922235000","184","0","臺南市","歸仁區","120.280","22.950","156"
"57","124538","20220922235000","58","0","臺南市","仁德區","120.220","22.920","48"
"138","124546","20220922235000","166","0","臺南市","南區","120.215","22.950","137"
"20","124548","20220922235000","50","0","臺南市","仁德區","120.220","22.945","40"
"140","124549","20220922235000","183","0","臺南市","仁德區","120.220","22.950","138"
"63","124550","20220922235000","602","0","高雄市","湖內區","120.230","22.915","76"
"501","124551","20220922235000","480","1","臺南市","仁德區","120.235","22.915","577"
"707","124552","20220922235000","699","1","臺南市","仁德區","120.225","22.920","699"
"390","124553","20220922235000","576","0","臺南市","仁德區","120.230","22.920","431"
"41","124555","20220922235000","609","0","臺南市","仁德區","120.240","22.920","44"
"231","124557","20220922235000","235","0","臺南市","仁德區","120.250","22.920","225"
"376","124559","20220922235000","472","0","臺南市","仁德區","120.225","22.925","398"
"33","124563","20220922235000","551","0","臺南市","仁德區","120.230","22.930","38"
"451","124565","20220922235000","405","1","臺南市","仁德區","120.220","22.915","414"
"1207","124569","20220922235000","1019","1","臺南市","仁德區","120.215","22.915","1344"
"843","124585","20220922235000","631","2","臺南市","南區","120.180","22.945","873"
"382","124591","20220922235000","336","1","臺南市","南區","120.185","22.950","357"
"13","124593","20220922235000","24","0","臺南市","南區","120.195","22.950","12"
"43","124601","20220922235000","38","1","高雄市","茂林區","120.685","22.905","35"
"1583","124642","20220922235000","1482","1","高雄市","茄萣區","120.185","22.895","1534"
"21","124648","20220922235000","12","3","高雄市","內門區","120.450","22.920","19"
"311","124661","20220922235000","349","0","高雄市","美濃區","120.525","22.850","274"
"101","124668","20220922235000","102","0","高雄市","美濃區","120.535","22.850","83"
"256","124671","20220922235000","371","0","高雄市","美濃區","120.550","22.850","250"
"357","124678","20220922235000","391","0","高雄市","美濃區","120.535","22.860","291"
"201","124706","20220922235000","157","2","高雄市","美濃區","120.580","22.920","195"
"910","124774","20220922235000","904","1","高雄市","美濃區","120.545","22.900","879"
"262","124778","20220922235000","165","3","高雄市","美濃區","120.555","22.905","265"
"306","124780","20220922235000","261","1","高雄市","美濃區","120.545","22.910","269"
"252","124803","20220922235000","208","2","高雄市","美濃區","120.535","22.865","287"
"434","124809","20220922235000","330","2","高雄市","美濃區","120.535","22.875","479"
"263","124812","20220922235000","210","2","高雄市","美濃區","120.535","22.880","248"
"253","124818","20220922235000","195","2","高雄市","美濃區","120.555","22.885","266"
"236","124831","20220922235000","318","0","高雄市","內門區","120.460","22.925","238"
"68","124869","20220922235000","86","0","高雄市","內門區","120.470","22.910","110"
"270","124903","20220922235000","250","1","高雄市","內門區","120.465","22.940","256"
"50","124908","20220922235000","193","0","高雄市","內門區","120.460","22.920","57"
"14","124935","20220922235000","12","1","高雄市","內門區","120.490","22.940","14"
"17","124962","20220922235000","17","1","臺南市","龍崎區","120.380","22.950","22"
"17","124976","20220922235000","19","0","臺南市","龍崎區","120.395","22.930","17"
"88","124995","20220922235000","57","3","臺南市","龍崎區","120.365","22.915","79"
"78","125006","20220922235000","67","1","臺南市","龍崎區","120.350","22.930","77"
"345","125045","20220922235000","447","0","臺南市","龍崎區","120.425","22.940","379"
"11","125061","20220922235000","11","1","臺南市","龍崎區","120.420","22.945","11"
"216","125138","20220922235000","257","0","臺東縣","卑南鄉","121.125","22.870","218"
"52","125172","20220922235000","62","0","臺東縣","卑南鄉","121.190","22.850","83"
"297","125177","20220922235000","244","2","高雄市","湖內區","120.235","22.900","269"
"110","125178","20220922235000","123","0","臺南市","仁德區","120.235","22.905","144"
"605","125179","20220922235000","344","3","高雄市","湖內區","120.230","22.910","589"
"602","125186","20220922235000","468","2","高雄市","路竹區","120.275","22.870","636"
"87","125192","20220922235000","77","1","高雄市","路竹區","120.265","22.885","102"
"464","125206","20220922235000","430","1","高雄市","路竹區","120.270","22.870","409"
"460","125207","20220922235000","485","0","高雄市","路竹區","120.255","22.875","448"
"213","125215","20220922235000","146","2","高雄市","茄萣區","120.180","22.910","218"
"559","125229","20220922235000","464","2","高雄市","路竹區","120.290","22.865","533"
"271","125232","20220922235000","259","1","高雄市","路竹區","120.245","22.860","303"
"1257","125234","20220922235000","1049","1","高雄市","路竹區","120.255","22.860","1210"
"80","125242","20220922235000","70","1","高雄市","路竹區","120.250","22.855","93"
"35","125244","20220922235000","52","0","高雄市","路竹區","120.260","22.865","38"
"471","125249","20220922235000","497","0","高雄市","路竹區","120.235","22.860","485"
"461","125257","20220922235000","649","0","高雄市","路竹區","120.260","22.860","469"
"85","125258","20220922235000","67","2","高雄市","路竹區","120.255","22.865","82"
"475","125263","20220922235000","453","1","高雄市","路竹區","120.225","22.855","485"
"163","125284","20220922235000","87","3","高雄市","旗山區","120.515","22.855","191"
"164","125285","20220922235000","146","1","高雄市","旗山區","120.490","22.860","169"
"23","125295","20220922235000","80","0","高雄市","旗山區","120.490","22.880","45"
"340","125296","20220922235000","243","2","高雄市","旗山區","120.495","22.880","326"
"411","125297","20220922235000","416","0","高雄市","旗山區","120.500","22.880","358"
"731","125340","20220922235000","1206","0","高雄市","旗山區","120.480","22.895","590"
"86","125343","20220922235000","158","0","高雄市","旗山區","120.480","22.900","97"
"449","125346","20220922235000","501","0","高雄市","旗山區","120.475","22.905","467"
"29","125349","20220922235000","400","0","高雄市","旗山區","120.485","22.905","36"
"114","125360","20220922235000","517","0","高雄市","湖內區","120.250","22.880","144"
"390","125361","20220922235000","829","0","高雄市","湖內區","120.245","22.885","383"
"45","125366","20220922235000","305","0","高雄市","湖內區","120.240","22.890","50"
"631","125367","20220922235000","460","2","高雄市","湖內區","120.245","22.890","710"
"45","125374","20220922235000","67","0","高雄市","旗山區","120.445","22.885","42"
"47","125393","20220922235000","55","0","高雄市","內門區","120.420","22.910","49"
"24","125438","20220922235000","16","3","高雄市","茂林區","120.650","22.880","20"
"14","125444","20220922235000","10","2","高雄市","六龜區","120.650","22.890","12"
"68","125487","20220922235000","83","0","高雄市","六龜區","120.620","22.890","65"
"127","125491","20220922235000","117","1","高雄市","六龜區","120.625","22.895","116"
"140","125506","20220922235000","110","2","高雄市","六龜區","120.635","22.910","112"
"16","125528","20220922235000","12","2","高雄市","六龜區","120.615","22.880","15"
"83","125543","20220922235000","77","1","高雄市","六龜區","120.625","22.885","91"
"92","125591","20220922235000","84","1","高雄市","六龜區","120.645","22.925","107"
"885","125608","20220922235000","782","1","高雄市","路竹區","120.265","22.865","849"
"168","125613","20220922235000","127","2","高雄市","路竹區","120.265","22.850","229"
"101","125614","20220922235000","113","0","高雄市","路竹區","120.260","22.855","114"
"15","125615","20220922235000","609","0","高雄市","路竹區","120.265","22.855","13"
"359","125624","20220922235000","264","2","高雄市","路竹區","120.290","22.875","334"
"71","125626","20220922235000","53","2","高雄市","路竹區","120.295","22.875","78"
"119","125629","20220922235000","101","1","高雄市","路竹區","120.285","22.880","213"
"260","125646","20220922235000","208","2","臺南市","關廟區","120.345","22.905","230"
"359","125659","20220922235000","304","1","高雄市","阿蓮區","120.290","22.895","355"
"184","125660","20220922235000","202","0","高雄市","阿蓮區","120.295","22.895","180"
"587","125667","20220922235000","515","1","臺南市","歸仁區","120.280","22.905","514"
"21","125673","20220922235000","13","3","高雄市","阿蓮區","120.330","22.875","17"
"19","125675","20220922235000","121","0","高雄市","湖內區","120.195","22.910","26"
"325","125676","20220922235000","104","3","高雄市","湖內區","120.200","22.910","368"
"22","125737","20220922235000","221","0","高雄市","田寮區","120.370","22.865","15"
"58","125772","20220922235000","70","0","高雄市","田寮區","120.400","22.890","65"
"26","125779","20220922235000","40","0","高雄市","田寮區","120.400","22.895","30"
"31","125825","20220922235000","21","2","臺東縣","東河鄉","121.270","22.930","25"
"41","125838","20220922235000","27","3","臺東縣","東河鄉","121.275","22.940","39"
"112","125849","20220922235000","90","2","臺東縣","鹿野鄉","121.150","22.930","124"
"760","125884","20220922235000","1151","0","高雄市","旗山區","120.480","22.880","749"
"545","125896","20220922235000","551","0","高雄市","美濃區","120.540","22.900","556"
"40","125917","20220922235000","42","0","高雄市","美濃區","120.535","22.900","38"
"171","125941","20220922235000","174","0","高雄市","美濃區","120.565","22.865","186"
"10","125950","20220922235000","15","0","高雄市","美濃區","120.570","22.870","10"
"48","125951","20220922235000","31","3","高雄市","美濃區","120.575","22.870","57"
"66","125952","20220922235000","76","0","高雄市","美濃區","120.580","22.870","75"
"357","125955","20220922235000","320","1","高雄市","美濃區","120.565","22.875","353"
"99","125966","20220922235000","88","1","高雄市","美濃區","120.545","22.880","94"
"88","125970","20220922235000","83","1","高雄市","美濃區","120.535","22.885","79"
"319","125981","20220922235000","319","1","高雄市","美濃區","120.515","22.875","351"
"158","125989","20220922235000","132","1","高雄市","旗山區","120.505","22.890","195"
"306","125997","20220922235000","286","1","高雄市","美濃區","120.520","22.895","376"
"252","126001","20220922235000","210","2","高雄市","美濃區","120.520","22.900","227"
"428","126010","20220922235000","423","1","高雄市","美濃區","120.560","22.915","450"
"159","126024","20220922235000","142","1","高雄市","美濃區","120.580","22.925","168"
"299","126043","20220922235000","249","2","高雄市","美濃區","120.550","22.865","301"
"343","126059","20220922235000","290","1","高雄市","美濃區","120.575","22.880","331"
"96","126076","20220922235000","98","0","高雄市","美濃區","120.570","22.895","89"
"583","126092","20220922235000","805","0","高雄市","旗山區","120.480","22.885","580"
"283","126096","20220922235000","598","0","高雄市","路竹區","120.265","22.870","298"
"613","126107","20220922235000","691","0","高雄市","路竹區","120.270","22.865","660"
"242","126119","20220922235000","280","0","高雄市","旗山區","120.490","22.920","229"
"302","126120","20220922235000","367","0","高雄市","旗山區","120.495","22.920","287"
"464","126140","20220922235000","284","3","高雄市","路竹區","120.280","22.850","494"
"44","126141","20220922235000","312","0","高雄市","路竹區","120.270","22.855","49"
"1468","126142","20220922235000","1285","1","高雄市","路竹區","120.265","22.860","1405"
"28","126160","20220922235000","21","2","臺東縣","卑南鄉","121.105","22.850","25"
"141","126183","20220922235000","62","3","臺東縣","卑南鄉","121.100","22.865","139"
"100","126219","20220922235000","415","0","高雄市","茄萣區","120.185","22.890","105"
"389","126227","20220922235000","317","2","高雄市","湖內區","120.235","22.895","380"
"115","126236","20220922235000","75","3","高雄市","湖內區","120.225","22.880","129"
"581","126244","20220922235000","541","1","高雄市","湖內區","120.225","22.895","578"
"630","126247","20220922235000","439","2","高雄市","湖內區","120.240","22.870","615"
"246","126249","20220922235000","173","2","高雄市","湖內區","120.235","22.875","258"
"357","126256","20220922235000","281","2","高雄市","湖內區","120.240","22.885","359"
"769","126258","20220922235000","746","1","高雄市","湖內區","120.250","22.875","733"
"204","126273","20220922235000","172","1","高雄市","美濃區","120.545","22.895","200"
"227","126301","20220922235000","249","0","臺東縣","鹿野鄉","121.085","22.900","225"
"259","126303","20220922235000","254","1","臺東縣","延平鄉","121.075","22.905","248"
"13","126313","20220922235000","32","0","臺東縣","延平鄉","121.090","22.915","17"
"42","126423","20220922235000","36","1","臺東縣","延平鄉","121.100","22.910","40"
"112","127499","20220922235000","152","0","臺東縣","延平鄉","121.150","22.900","99"
"13","127566","20220922235000","13","1","臺東縣","鹿野鄉","121.120","22.920","20"
"223","127581","20220922235000","160","2","臺東縣","鹿野鄉","121.120","22.930","278"
"109","127584","20220922235000","108","1","臺東縣","鹿野鄉","121.135","22.930","133"
"62","127600","20220922235000","44","2","臺東縣","鹿野鄉","121.135","22.945","74"
"115","127605","20220922235000","89","2","高雄市","田寮區","120.395","22.850","97"
"68","127613","20220922235000","50","2","高雄市","田寮區","120.380","22.875","75"
"291","127617","20220922235000","275","1","高雄市","田寮區","120.385","22.880","298"
"56","127622","20220922235000","48","1","高雄市","田寮區","120.390","22.885","60"
"57","127652","20220922235000","57","1","高雄市","田寮區","120.360","22.880","55"
"78","127664","20220922235000","66","1","高雄市","田寮區","120.370","22.890","81"
"36","127666","20220922235000","62","0","高雄市","田寮區","120.360","22.895","25"
"28","127698","20220922235000","48","0","高雄市","田寮區","120.425","22.885","30"
"387","127704","20220922235000","381","1","高雄市","茄萣區","120.180","22.900","447"
"86","127705","20220922235000","478","0","高雄市","茄萣區","120.185","22.900","86"
"156","127717","20220922235000","130","2","臺東縣","鹿野鄉","121.100","22.895","125"
"83","127724","20220922235000","43","3","臺東縣","鹿野鄉","121.135","22.895","89"
"206","127733","20220922235000","211","0","臺東縣","鹿野鄉","121.135","22.910","201"
"89","127737","20220922235000","101","0","臺東縣","鹿野鄉","121.135","22.920","78"
"204","127754","20220922235000","225","0","臺東縣","鹿野鄉","121.120","22.905","242"
"1332","127765","20220922235000","1468","0","臺南市","仁德區","120.220","22.910","1274"
"70","127770","20220922235000","226","0","高雄市","湖內區","120.215","22.905","72"
"55","127835","20220922235000","55","1","臺東縣","東河鄉","121.235","22.940","64"
"170","127852","20220922235000","165","1","臺東縣","東河鄉","121.250","22.895","170"
"93","127889","20220922235000","83","1","臺東縣","東河鄉","121.255","22.915","116"
"173","127933","20220922235000","157","1","臺東縣","東河鄉","121.190","22.860","220"
"46","127935","20220922235000","48","0","臺東縣","東河鄉","121.200","22.860","40"
"657","127958","20220922235000","805","0","臺東縣","東河鄉","121.225","22.870","681"
"131","127984","20220922235000","15","3","臺東縣","東河鄉","121.225","22.880","154"
"113","127998","20220922235000","91","2","臺東縣","東河鄉","121.235","22.880","124"
"52","128028","20220922235000","57","0","臺東縣","東河鄉","121.245","22.890","57"
"26","128038","20220922235000","53","0","臺東縣","東河鄉","121.235","22.895","36"
"181","128060","20220922235000","210","0","高雄市","阿蓮區","120.345","22.860","136"
"69","128066","20220922235000","515","0","高雄市","阿蓮區","120.320","22.850","81"
"154","128071","20220922235000","108","2","高雄市","阿蓮區","120.320","22.855","151"
"307","128073","20220922235000","197","3","高雄市","阿蓮區","120.330","22.855","272"
"1349","128075","20220922235000","996","2","高雄市","阿蓮區","120.325","22.875","1449"
"1444","128076","20220922235000","1148","2","高雄市","阿蓮區","120.325","22.880","1319"
"14","128078","20220922235000","194","0","高雄市","路竹區","120.305","22.860","19"
"246","128090","20220922235000","223","1","高雄市","阿蓮區","120.310","22.870","254"
"194","128091","20220922235000","146","2","高雄市","阿蓮區","120.315","22.870","195"
"92","128097","20220922235000","86","1","高雄市","阿蓮區","120.315","22.880","105"
"62","128418","20220922235000","53","1","高雄市","茂林區","120.715","22.910","64"
"84","128722","20220922235000","65","2","高雄市","茂林區","120.665","22.885","81"
"43","128723","20220922235000","33","2","高雄市","茂林區","120.670","22.885","54"
"18","128748","20220922235000","269","0","高雄市","旗山區","120.480","22.890","32"
"33","128751","20220922235000","21","3","高雄市","旗山區","120.475","22.850","29"
"322","128754","20220922235000","285","1","高雄市","路竹區","120.300","22.880","289"
"191","128758","20220922235000","132","2","高雄市","阿蓮區","120.305","22.890","207"
"15","128759","20220922235000","277","0","高雄市","阿蓮區","120.310","22.890","28"
"301","128764","20220922235000","247","2","高雄市","阿蓮區","120.330","22.880","301"
"1012","128765","20220922235000","772","2","高雄市","阿蓮區","120.335","22.880","1030"
"207","128766","20220922235000","203","1","高雄市","阿蓮區","120.340","22.880","209"
"287","128769","20220922235000","236","2","高雄市","阿蓮區","120.330","22.885","312"
"309","128776","20220922235000","248","2","高雄市","阿蓮區","120.320","22.890","331"
"163","128782","20220922235000","92","3","高雄市","阿蓮區","120.335","22.870","122"
"394","128789","20220922235000","338","1","高雄市","田寮區","120.355","22.870","355"
"739","128797","20220922235000","513","2","高雄市","茄萣區","120.185","22.905","623"
"343","128798","20220922235000","242","2","高雄市","茄萣區","120.190","22.905","376"
"59","128803","20220922235000","73","0","高雄市","茄萣區","120.195","22.855","74"
"76","128807","20220922235000","93","0","高雄市","茄萣區","120.195","22.860","76"
"347","128823","20220922235000","280","2","高雄市","茄萣區","120.190","22.870","322"
"450","128824","20220922235000","377","1","高雄市","茄萣區","120.195","22.870","392"
"177","128825","20220922235000","197","0","高雄市","茄萣區","120.200","22.870","189"
"32","128829","20220922235000","17","3","高雄市","茄萣區","120.190","22.875","34"
"543","128830","20220922235000","382","2","高雄市","茄萣區","120.195","22.875","567"
"205","128833","20220922235000","167","2","高雄市","茄萣區","120.210","22.875","214"
"225","128847","20220922235000","217","1","高雄市","茄萣區","120.190","22.910","223"
"527","128850","20220922235000","595","0","高雄市","茄萣區","120.185","22.910","539"
"187","128866","20220922235000","195","0","高雄市","旗山區","120.475","22.870","178"
"154","128884","20220922235000","106","2","高雄市","旗山區","120.455","22.880","104"
"91","128886","20220922235000","217","0","高雄市","旗山區","120.465","22.880","108"
"33","128887","20220922235000","16","3","高雄市","旗山區","120.470","22.880","47"
"828","128898","20220922235000","676","2","高雄市","旗山區","120.470","22.855","791"
"427","128911","20220922235000","284","3","高雄市","旗山區","120.500","22.925","442"
"236","128916","20220922235000","202","1","高雄市","旗山區","120.500","22.930","221"
"183","128946","20220922235000","161","1","高雄市","杉林區","120.525","22.930","158"
"663","134975","20220922235000","386","3","臺南市","安南區","120.210","23.035","766"
"741","134976","20220922235000","556","2","臺南市","安南區","120.210","23.040","817"
"1459","134977","20220922235000","1302","1","臺南市","安南區","120.215","23.040","1529"
"1152","134978","20220922235000","902","2","臺南市","安南區","120.215","23.030","988"
"484","134979","20220922235000","366","2","臺南市","安南區","120.215","23.035","421"
"516","134985","20220922235000","500","1","臺南市","安南區","120.195","23.025","633"
"396","134991","20220922235000","348","1","臺南市","關廟區","120.300","22.995","370"
"25","134995","20220922235000","12","3","臺南市","關廟區","120.320","22.995","31"
"61","134999","20220922235000","197","0","臺南市","關廟區","120.305","23.000","69"
"63","135010","20220922235000","103","0","臺南市","關廟區","120.320","23.005","58"
"368","135015","20220922235000","188","3","臺南市","關廟區","120.305","23.010","389"
"908","135022","20220922235000","603","3","臺南市","關廟區","120.325","22.965","851"
"15","135028","20220922235000","203","0","臺南市","關廟區","120.360","22.965","20"
"312","135056","20220922235000","285","1","臺南市","關廟區","120.330","22.965","348"
"30","135059","20220922235000","321","0","臺南市","關廟區","120.325","22.975","25"
"548","135061","20220922235000","2228","0","臺南市","中西區","120.210","22.985","640"
"269","135062","20220922235000","1890","0","臺南市","永康區","120.235","23.005","339"
"1978","135063","20220922235000","1593","2","臺南市","東區","120.230","22.980","2424"
"301","135064","20220922235000","218","2","臺南市","安南區","120.125","23.040","337"
"318","135074","20220922235000","233","2","臺南市","南區","120.175","22.965","342"
"1537","135079","20220922235000","1669","0","臺南市","南區","120.185","22.970","1521"
"404","135080","20220922235000","467","0","臺南市","南區","120.175","22.975","261"
"252","135081","20220922235000","276","0","臺南市","南區","120.180","22.975","233"
"1127","135083","20220922235000","917","2","臺南市","南區","120.185","22.980","1154"
"1695","135084","20220922235000","1128","3","臺南市","北區","120.210","23.020","1786"
"1237","135085","20220922235000","1492","0","臺南市","南區","120.200","22.980","1206"
"16","135086","20220922235000","95","0","臺南市","南區","120.205","22.970","21"
"287","135087","20220922235000","271","1","臺南市","南區","120.195","22.970","257"
"919","135088","20220922235000","1162","0","臺南市","南區","120.190","22.960","825"
"29","135461","20220922235000","17","3","臺東縣","海端鄉","121.130","23.000","11"
"175","135797","20220922235000","147","1","臺東縣","關山鎮","121.145","23.020","178"
"2186","135951","20220922235000","1930","1","臺南市","永康區","120.230","23.010","2029"
"4295","135952","20220922235000","3789","1","臺南市","永康區","120.225","23.020","4204"
"837","135953","20220922235000","764","1","臺南市","永康區","120.220","23.025","767"
"401","135954","20220922235000","342","1","臺南市","永康區","120.225","23.025","405"
"1476","135956","20220922235000","1394","1","臺南市","永康區","120.235","23.025","1543"
"369","135957","20220922235000","290","2","臺南市","永康區","120.225","23.030","360"
"201","135958","20220922235000","208","0","臺南市","永康區","120.230","23.030","258"
"78","135959","20220922235000","994","0","臺南市","永康區","120.255","22.995","87"
"903","135960","20220922235000","903","1","臺南市","永康區","120.255","23.000","852"
"150","135961","20220922235000","1037","0","臺南市","永康區","120.260","23.000","172"
"431","135963","20220922235000","444","0","臺南市","永康區","120.260","23.005","398"
"1545","135966","20220922235000","1473","1","臺南市","安南區","120.205","23.030","1398"
"770","135967","20220922235000","751","1","臺南市","安南區","120.210","23.030","711"
"414","135969","20220922235000","339","2","臺南市","安南區","120.220","23.040","406"
"2138","135971","20220922235000","1907","1","臺南市","中西區","120.190","23.005","2002"
"170","135972","20220922235000","662","0","臺南市","永康區","120.250","23.005","64"
"412","135976","20220922235000","399","1","臺南市","歸仁區","120.300","22.965","540"
"717","135980","20220922235000","509","2","臺南市","南區","120.195","22.980","748"
"1398","135981","20220922235000","1214","1","臺南市","南區","120.190","22.970","1452"
"640","135982","20220922235000","1354","0","臺南市","中西區","120.190","23.000","621"
"1755","135983","20220922235000","1196","2","臺南市","中西區","120.195","23.000","1573"
"2865","135984","20220922235000","2499","1","臺南市","中西區","120.175","23.005","2977"
"332","135985","20220922235000","300","1","臺南市","中西區","120.180","23.000","344"
"594","135986","20220922235000","468","2","臺南市","安南區","120.165","23.005","548"
"94","135989","20220922235000","1075","0","臺南市","永康區","120.255","23.035","146"
"1232","135990","20220922235000","1110","1","臺南市","永康區","120.260","23.030","1198"
"2310","135991","20220922235000","2151","1","臺南市","永康區","120.260","23.035","1884"
"448","135992","20220922235000","361","2","臺南市","永康區","120.255","23.040","431"
"2964","135993","20220922235000","2810","1","臺南市","永康區","120.230","23.015","2839"
"1189","135994","20220922235000","1153","1","臺南市","永康區","120.230","23.020","1136"
"727","135995","20220922235000","490","2","臺南市","安南區","120.205","23.035","772"
"932","135997","20220922235000","921","1","臺南市","永康區","120.220","23.020","886"
"1022","135998","20220922235000","693","2","臺南市","北區","120.195","23.010","935"
"2320","136000","20220922235000","2220","1","臺南市","北區","120.195","23.015","2278"
"941","136001","20220922235000","914","1","臺南市","北區","120.200","23.015","899"
"599","136002","20220922235000","438","2","臺南市","北區","120.195","23.005","554"
"1487","136005","20220922235000","1258","1","臺南市","南區","120.190","22.985","1409"
"69","136006","20220922235000","215","0","臺南市","南區","120.210","22.975","69"
"640","136008","20220922235000","513","2","臺南市","北區","120.185","23.010","690"
"690","136009","20220922235000","862","0","臺南市","北區","120.190","23.010","779"
"173","136012","20220922235000","1007","0","臺南市","永康區","120.270","23.010","235"
"1631","136013","20220922235000","1428","1","臺南市","中西區","120.195","22.990","1524"
"967","136014","20220922235000","842","1","臺南市","仁德區","120.255","22.975","937"
"79","136018","20220922235000","97","0","臺南市","仁德區","120.255","22.980","102"
"777","136020","20220922235000","485","3","臺南市","北區","120.200","23.010","879"
"495","136021","20220922235000","887","0","臺南市","北區","120.200","23.020","488"
"1876","136022","20220922235000","1212","3","臺南市","北區","120.205","23.015","1880"
"2285","136023","20220922235000","1392","3","臺南市","北區","120.210","23.015","2085"
"288","136025","20220922235000","225","2","臺南市","北區","120.205","23.020","318"
"426","136030","20220922235000","352","2","臺南市","永康區","120.275","23.030","396"
"1753","136034","20220922235000","1425","2","臺南市","永康區","120.235","23.020","1570"
"237","136035","20220922235000","323","0","臺南市","永康區","120.240","23.020","185"
"544","136036","20220922235000","784","0","臺南市","永康區","120.245","23.020","495"
"399","136037","20220922235000","2049","0","臺南市","永康區","120.250","23.020","427"
"875","136042","20220922235000","732","1","臺南市","永康區","120.250","23.025","1054"
"809","136043","20220922235000","490","3","臺南市","關廟區","120.330","22.955","781"
"620","136044","20220922235000","439","2","臺南市","關廟區","120.330","22.960","643"
"30","136047","20220922235000","91","0","臺南市","關廟區","120.340","22.970","26"
"821","136049","20220922235000","778","1","臺南市","關廟區","120.335","22.960","797"
"303","136054","20220922235000","206","2","臺南市","關廟區","120.345","22.965","286"
"56","136056","20220922235000","56","1","臺南市","關廟區","120.355","22.965","58"
"1648","136059","20220922235000","1272","2","臺南市","北區","120.205","23.005","1448"
"821","136061","20220922235000","880","0","臺南市","南區","120.200","22.970","727"
"541","136062","20220922235000","508","1","臺南市","中西區","120.205","22.990","532"
"1007","136063","20220922235000","881","1","臺南市","中西區","120.200","22.985","953"
"648","136064","20220922235000","1433","0","臺南市","中西區","120.200","22.990","1163"
"835","136065","20220922235000","754","1","臺南市","中西區","120.200","22.995","831"
"344","136067","20220922235000","380","0","臺南市","永康區","120.270","22.995","304"
"91","136070","20220922235000","1018","0","臺南市","永康區","120.265","23.005","108"
"2163","136071","20220922235000","1955","1","臺南市","永康區","120.255","23.030","2219"
"239","136072","20220922235000","558","0","臺南市","關廟區","120.335","22.955","224"
"642","136080","20220922235000","455","2","臺南市","關廟區","120.325","22.955","666"
"323","136081","20220922235000","378","0","臺南市","關廟區","120.315","22.960","274"
"973","136083","20220922235000","671","2","臺南市","關廟區","120.325","22.960","1035"
"222","136085","20220922235000","161","2","臺南市","東區","120.220","22.990","222"
"3170","136087","20220922235000","2728","1","臺南市","東區","120.225","22.985","3154"
"1402","136088","20220922235000","1351","1","臺南市","東區","120.230","22.990","1372"
"2507","136089","20220922235000","2070","2","臺南市","東區","120.230","22.995","2963"
"1153","136090","20220922235000","1020","1","臺南市","東區","120.235","22.995","1002"
"1783","136091","20220922235000","1154","3","臺南市","北區","120.220","23.000","1948"
"729","136093","20220922235000","575","2","臺南市","中西區","120.180","23.005","741"
"2177","136094","20220922235000","2027","1","臺南市","中西區","120.185","23.005","2177"
"2332","136095","20220922235000","1588","2","臺南市","北區","120.225","23.005","2449"
"482","136096","20220922235000","414","1","臺南市","北區","120.225","23.000","463"
"132","136100","20220922235000","105","2","臺南市","仁德區","120.235","22.950","119"
"293","136101","20220922235000","207","2","臺南市","仁德區","120.235","22.955","281"
"1473","136102","20220922235000","1283","1","臺南市","仁德區","120.230","22.955","1405"
"212","136104","20220922235000","151","2","臺南市","仁德區","120.240","22.955","317"
"1956","136105","20220922235000","1409","2","臺南市","仁德區","120.255","22.955","1925"
"216","136109","20220922235000","285","0","臺南市","仁德區","120.250","22.955","189"
"23","136111","20220922235000","17","2","臺南市","仁德區","120.265","22.955","18"
"64","136113","20220922235000","503","0","臺南市","仁德區","120.265","22.960","64"
"1241","136115","20220922235000","869","2","臺南市","北區","120.220","23.010","1627"
"427","136118","20220922235000","1279","0","臺南市","中西區","120.210","22.995","442"
"548","136119","20220922235000","1161","0","臺南市","中西區","120.210","22.990","573"
"1300","136120","20220922235000","1615","0","臺南市","北區","120.205","23.000","1216"
"1651","136122","20220922235000","1183","2","臺南市","東區","120.225","22.965","1612"
"1226","136123","20220922235000","1003","2","臺南市","東區","120.220","22.970","1236"
"124","136124","20220922235000","936","0","臺南市","東區","120.225","22.970","151"
"1236","136125","20220922235000","1607","0","臺南市","東區","120.225","22.990","1187"
"730","136126","20220922235000","789","0","臺南市","東區","120.235","22.990","704"
"818","136128","20220922235000","669","2","臺南市","東區","120.245","22.990","783"
"379","136131","20220922235000","389","0","臺南市","歸仁區","120.275","22.960","323"
"613","136132","20220922235000","445","2","臺南市","歸仁區","120.280","22.960","723"
"33","136145","20220922235000","436","0","臺南市","南區","120.205","22.980","32"
"793","136146","20220922235000","1373","0","臺南市","南區","120.210","22.980","830"
"808","136147","20220922235000","665","2","臺南市","安平區","120.165","22.990","851"
"46","136148","20220922235000","81","0","臺南市","永康區","120.245","22.995","51"
"1036","136149","20220922235000","808","2","臺南市","永康區","120.245","23.005","1081"
"1805","136151","20220922235000","1354","2","臺南市","永康區","120.245","23.010","2136"
"160","136152","20220922235000","1260","0","臺南市","永康區","120.250","23.010","177"
"60","136155","20220922235000","30","3","臺南市","關廟區","120.320","22.970","49"
"68","136163","20220922235000","54","2","臺南市","關廟區","120.310","22.980","84"
"1900","136181","20220922235000","1392","2","臺南市","北區","120.200","23.000","1852"
"70","136182","20220922235000","94","0","臺南市","南區","120.195","22.985","102"
"466","136184","20220922235000","295","3","臺南市","仁德區","120.225","22.960","527"
"354","136185","20220922235000","362","0","臺南市","東區","120.230","22.960","357"
"59","136186","20220922235000","60","0","臺南市","歸仁區","120.275","22.995","53"
"492","136188","20220922235000","449","1","臺南市","歸仁區","120.275","23.000","457"
"308","136195","20220922235000","270","1","臺南市","歸仁區","120.290","22.995","312"
"68","136196","20220922235000","365","0","臺南市","歸仁區","120.295","22.995","70"
"1906","136199","20220922235000","1370","2","臺南市","北區","120.210","23.005","1850"
"1532","136200","20220922235000","794","3","臺南市","東區","120.215","22.995","1396"
"779","136229","20220922235000","617","2","臺南市","安南區","120.195","23.030","830"
"1224","136230","20220922235000","1207","1","臺南市","安南區","120.195","23.035","1146"
"651","136231","20220922235000","552","1","臺南市","南區","120.190","22.965","657"
"16","136248","20220922235000","24","0","臺南市","左鎮區","120.405","22.995","14"
"66","136271","20220922235000","64","1","臺南市","左鎮區","120.420","23.010","57"
"34","136316","20220922235000","86","0","臺南市","左鎮區","120.395","23.010","31"
"52","136343","20220922235000","35","2","臺南市","左鎮區","120.385","23.035","47"
"3750","136422","20220922235000","3883","0","臺南市","東區","120.235","22.985","3681"
"1034","136423","20220922235000","698","2","臺南市","東區","120.215","22.990","1097"
"537","136430","20220922235000","556","0","臺南市","歸仁區","120.285","22.980","535"
"242","136438","20220922235000","162","2","臺南市","歸仁區","120.280","22.990","253"
"453","136444","20220922235000","451","1","臺南市","歸仁區","120.295","22.975","458"
"735","136452","20220922235000","534","2","臺南市","歸仁區","120.285","22.960","773"
"802","136453","20220922235000","417","3","臺南市","歸仁區","120.280","22.965","890"
"95","136454","20220922235000","63","3","臺南市","歸仁區","120.285","22.965","107"
"779","136455","20220922235000","606","2","臺南市","歸仁區","120.285","22.970","775"
"50","136457","20220922235000","566","0","臺南市","仁德區","120.270","22.970","59"
"998","136458","20220922235000","976","1","臺南市","歸仁區","120.275","22.970","945"
"499","136459","20220922235000","412","2","臺南市","歸仁區","120.280","22.970","469"
"499","136460","20220922235000","354","2","臺南市","南區","120.200","22.975","604"
"848","136461","20220922235000","494","3","臺南市","南區","120.195","22.960","922"
"2492","136462","20220922235000","1960","2","臺南市","南區","120.190","22.980","2306"
"330","136475","20220922235000","305","1","臺南市","安南區","120.130","23.015","334"
"102","136483","20220922235000","50","3","臺南市","安南區","120.135","23.020","117"
"882","136490","20220922235000","560","3","臺南市","安南區","120.185","23.025","828"
"656","136495","20220922235000","577","1","臺南市","東區","120.235","22.980","595"
"387","136496","20220922235000","334","1","臺南市","永康區","120.255","23.010","454"
"1040","136497","20220922235000","1358","0","臺南市","永康區","120.255","23.015","1048"
"726","136498","20220922235000","736","0","臺南市","永康區","120.260","23.015","835"
"59","136501","20220922235000","360","0","臺南市","永康區","120.280","23.010","64"
"141","136503","20220922235000","732","0","臺南市","永康區","120.270","23.015","205"
"1297","136507","20220922235000","947","2","臺南市","永康區","120.275","23.020","1263"
"131","136508","20220922235000","773","0","臺南市","永康區","120.280","23.020","133"
"134","136509","20220922235000","1706","0","臺南市","安平區","120.175","22.995","151"
"429","136512","20220922235000","255","3","臺南市","安南區","120.160","23.005","497"
"1003","136513","20220922235000","739","2","臺南市","安平區","120.190","22.990","986"
"444","136515","20220922235000","511","0","臺南市","永康區","120.220","23.030","433"
"705","136516","20220922235000","623","1","臺南市","東區","120.245","22.980","717"
"797","136517","20220922235000","827","0","臺南市","仁德區","120.250","22.980","785"
"2823","136518","20220922235000","1981","2","臺南市","東區","120.215","22.980","2716"
"2460","136520","20220922235000","2511","0","臺南市","東區","120.245","22.985","2579"
"1344","136521","20220922235000","907","2","臺南市","仁德區","120.250","22.985","1332"
"767","136523","20220922235000","710","1","臺南市","安平區","120.160","22.990","697"
"546","136525","20220922235000","464","1","臺南市","安平區","120.160","22.995","530"
"1016","136532","20220922235000","904","1","臺南市","安平區","120.165","22.985","947"
"1113","136533","20220922235000","593","3","臺南市","安平區","120.170","22.985","1143"
"873","136534","20220922235000","861","1","臺南市","安平區","120.175","22.985","749"
"1689","136535","20220922235000","1136","2","臺南市","安平區","120.170","22.990","1769"
"952","136536","20220922235000","1000","0","臺南市","安平區","120.175","22.990","862"
"262","136539","20220922235000","231","1","臺南市","安平區","120.150","22.995","222"
"291","136541","20220922235000","245","1","臺南市","安平區","120.145","23.000","270"
"228","136542","20220922235000","151","3","臺南市","安平區","120.150","23.000","228"
"379","136543","20220922235000","277","2","臺南市","安平區","120.155","23.000","360"
"230","136544","20220922235000","217","1","臺南市","安平區","120.160","23.000","215"
"1063","136545","20220922235000","1638","0","臺南市","東區","120.240","22.980","1075"
"603","136546","20220922235000","548","1","臺南市","東區","120.225","22.995","586"
"1712","136547","20220922235000","1694","1","臺南市","東區","120.235","22.965","1720"
"913","136548","20220922235000","840","1","臺南市","東區","120.220","22.975","942"
"639","136549","20220922235000","644","0","臺南市","歸仁區","120.300","22.960","638"
"86","136550","20220922235000","97","0","臺南市","歸仁區","120.305","22.960","121"
"617","136553","20220922235000","519","1","臺南市","歸仁區","120.285","23.005","740"
"218","136560","20220922235000","1773","0","臺南市","南區","120.195","22.975","263"
"399","136561","20220922235000","2145","0","臺南市","永康區","120.240","23.015","462"
"1015","136562","20220922235000","869","1","臺南市","永康區","120.245","23.015","1029"
"1019","136563","20220922235000","1040","0","臺南市","永康區","120.250","23.015","1191"
"2015","136564","20220922235000","1105","3","臺南市","永康區","120.230","23.005","2100"
"2152","136565","20220922235000","2763","0","臺南市","永康區","120.235","23.000","2086"
"1328","136566","20220922235000","1717","0","臺南市","北區","120.230","23.000","1477"
"1044","136567","20220922235000","1228","0","臺南市","永康區","120.270","23.005","1058"
"1421","136568","20220922235000","1374","1","臺南市","永康區","120.265","23.010","1413"
"238","136570","20220922235000","1490","0","臺南市","永康區","120.265","23.020","295"
"49","136572","20220922235000","549","0","臺南市","永康區","120.260","22.995","54"
"757","136573","20220922235000","792","0","臺南市","永康區","120.265","23.000","732"
"596","136574","20220922235000","516","1","臺南市","安南區","120.200","23.025","597"
"1384","136575","20220922235000","810","3","臺南市","安南區","120.205","23.025","1578"
"1355","136576","20220922235000","870","3","臺南市","安南區","120.210","23.025","1427"
"2654","136577","20220922235000","2282","1","臺南市","北區","120.225","23.010","2550"
"1500","136578","20220922235000","1439","1","臺南市","北區","120.215","23.010","1444"
"1318","136579","20220922235000","959","2","臺南市","北區","120.215","23.015","1218"
"156","136580","20220922235000","365","0","臺南市","南化區","120.495","23.030","160"
"51","136584","20220922235000","27","3","臺南市","南化區","120.500","23.035","53"
"39","136586","20220922235000","43","0","臺南市","南化區","120.465","23.040","36"
"29","136602","20220922235000","20","2","臺南市","南化區","120.465","23.010","27"
"1300","136671","20220922235000","1139","1","臺南市","中西區","120.170","23.000","1196"
"2267","136672","20220922235000","1999","1","臺南市","中西區","120.175","23.000","2524"
"465","136674","20220922235000","715","0","臺南市","中西區","120.185","23.000","405"
"1775","136675","20220922235000","1886","0","臺南市","安平區","120.165","22.995","1670"
"697","136676","20220922235000","538","2","臺南市","安平區","120.170","22.995","777"
"1767","136677","20220922235000","1520","1","臺南市","安平區","120.185","22.990","1736"
"249","136678","20220922235000","303","0","臺南市","安平區","120.180","22.995","235"
"1168","136679","20220922235000","1317","0","臺南市","安平區","120.185","22.995","1167"
"1181","136680","20220922235000","887","2","臺南市","安平區","120.180","22.985","1147"
"2089","136681","20220922235000","1445","2","臺南市","安平區","120.180","22.990","2122"
"196","136690","20220922235000","227","0","臺南市","南區","120.215","22.955","203"
"580","136695","20220922235000","450","2","臺南市","南區","120.210","22.965","640"
"986","136696","20220922235000","890","1","臺南市","南區","120.215","22.965","1181"
"3319","136697","20220922235000","1843","3","臺南市","南區","120.185","22.965","3399"
"541","136701","20220922235000","437","2","臺南市","南區","120.170","22.955","493"
"171","136709","20220922235000","112","3","臺南市","南區","120.165","22.965","157"
"443","136712","20220922235000","481","0","臺南市","仁德區","120.220","22.955","403"
"462","136717","20220922235000","365","2","臺南市","仁德區","120.255","22.965","439"
"223","136718","20220922235000","318","0","臺南市","仁德區","120.260","22.965","201"
"58","136720","20220922235000","273","0","臺南市","仁德區","120.270","22.965","61"
"172","136721","20220922235000","1437","0","臺南市","仁德區","120.255","22.970","363"
"782","136722","20220922235000","481","3","臺南市","仁德區","120.260","22.970","926"
"2117","136727","20220922235000","1672","2","臺南市","北區","120.220","23.005","2032"
"1865","136728","20220922235000","1690","1","臺南市","北區","120.200","23.005","1858"
"567","136732","20220922235000","410","2","臺南市","仁德區","120.260","22.985","534"
"1279","136738","20220922235000","859","2","臺南市","仁德區","120.260","22.990","1292"
"30","136741","20220922235000","67","0","臺南市","仁德區","120.265","22.995","30"
"612","136752","20220922235000","238","3","臺南市","安南區","120.185","23.035","522"
"635","136755","20220922235000","652","0","臺南市","安南區","120.185","23.040","697"
"3062","136756","20220922235000","2504","2","臺南市","中西區","120.205","22.995","2838"
"470","136758","20220922235000","463","1","臺南市","永康區","120.250","23.000","425"
"551","136763","20220922235000","486","1","臺南市","安南區","120.200","23.040","496"
"1265","136764","20220922235000","2965","0","臺南市","安南區","120.190","23.025","1299"
"154","136765","20220922235000","123","2","臺南市","安南區","120.140","23.000","132"
"10","136783","20220922235000","13","0","臺南市","安南區","120.185","23.015","13"
"2382","136786","20220922235000","2209","1","臺南市","北區","120.210","23.000","2317"
"1214","136787","20220922235000","697","3","臺南市","中西區","120.195","22.995","1094"
"1272","136788","20220922235000","855","2","臺南市","中西區","120.205","22.985","1456"
"867","136789","20220922235000","1095","0","臺南市","東區","120.225","22.980","833"
"4845","136790","20220922235000","3415","2","臺南市","東區","120.220","22.985","4844"
"601","136791","20220922235000","611","0","臺南市","永康區","120.225","23.015","713"
"203","136792","20220922235000","1277","0","臺南市","永康區","120.240","23.005","1209"
"235","136793","20220922235000","1070","0","臺南市","永康區","120.240","23.000","269"
"1193","136794","20220922235000","2001","0","臺南市","永康區","120.235","23.010","1173"
"1077","136795","20220922235000","653","3","臺南市","永康區","120.245","23.000","881"
"1973","136799","20220922235000","1979","0","臺南市","新化區","120.300","23.035","1881"
"1094","136800","20220922235000","1438","0","臺南市","東區","120.215","22.975","1023"
"1116","136801","20220922235000","863","2","臺南市","東區","120.230","22.985","1072"
"2481","136802","20220922235000","2047","2","臺南市","東區","120.230","22.975","2324"
"129","136803","20220922235000","318","0","臺南市","東區","120.225","22.975","184"
"599","136804","20220922235000","415","2","臺南市","東區","120.230","22.970","592"
"1298","136805","20220922235000","1290","1","臺南市","東區","120.230","22.965","1287"
"555","136806","20220922235000","482","1","臺南市","南區","120.185","22.975","466"
"864","136808","20220922235000","988","0","臺南市","南區","120.210","22.970","808"
"690","136809","20220922235000","634","1","臺南市","東區","120.215","22.970","633"
"353","136812","20220922235000","285","2","臺南市","仁德區","120.245","22.955","392"
"252","136813","20220922235000","193","2","臺南市","仁德區","120.240","22.960","244"
"239","136814","20220922235000","129","3","臺南市","仁德區","120.245","22.960","270"
"376","136816","20220922235000","773","0","臺南市","仁德區","120.255","22.960","419"
"472","136817","20220922235000","450","1","臺南市","仁德區","120.240","22.965","440"
"50","136820","20220922235000","68","0","臺南市","仁德區","120.240","22.970","78"
"923","136821","20220922235000","528","3","臺南市","仁德區","120.245","22.970","969"
"589","136822","20220922235000","739","0","臺南市","仁德區","120.250","22.970","590"
"1096","136823","20220922235000","683","3","臺南市","仁德區","120.240","22.975","1050"
"1039","136824","20220922235000","1080","0","臺南市","仁德區","120.245","22.975","994"
"584","136825","20220922235000","526","1","臺南市","仁德區","120.250","22.975","558"
"1942","136826","20220922235000","1659","1","臺南市","北區","120.215","23.005","1890"
"24","136851","20220922235000","253","0","高雄市","內門區","120.445","22.975","39"
"11","136927","20220922235000","19","0","臺東縣","池上鄉","121.195","23.040","11"
"106","136939","20220922235000","29","3","高雄市","內門區","120.435","22.955","128"
"95","136953","20220922235000","94","1","高雄市","內門區","120.465","23.000","109"
"172","136958","20220922235000","229","0","高雄市","內門區","120.470","22.960","168"
"68","136970","20220922235000","67","1","高雄市","內門區","120.465","22.975","76"
"48","136996","20220922235000","38","2","高雄市","內門區","120.495","22.955","49"
"102","137008","20220922235000","133","0","高雄市","內門區","120.490","22.970","98"
"50","137020","20220922235000","55","0","高雄市","內門區","120.510","22.980","46"
"262","137023","20220922235000","301","0","高雄市","內門區","120.500","22.985","268"
"33","137048","20220922235000","98","0","高雄市","六龜區","120.660","23.005","28"
"50","137056","20220922235000","125","0","高雄市","六龜區","120.665","23.010","75"
"25","137124","20220922235000","20","2","臺南市","龍崎區","120.385","23.005","27"
"67","137130","20220922235000","57","1","臺南市","關廟區","120.370","22.960","77"
"373","137196","20220922235000","921","0","臺南市","安南區","120.190","23.020","432"
"43","137197","20220922235000","55","0","臺南市","南區","120.195","22.965","50"
"93","137201","20220922235000","301","0","臺南市","歸仁區","120.295","22.960","136"
"711","137202","20220922235000","666","1","臺南市","永康區","120.255","23.005","818"
"218","137251","20220922235000","266","0","高雄市","內門區","120.485","23.015","204"
"32","137259","20220922235000","33","0","高雄市","內門區","120.480","22.965","32"
"89","137275","20220922235000","121","0","高雄市","內門區","120.510","23.015","99"
"134","137311","20220922235000","85","3","高雄市","六龜區","120.650","22.975","239"
"647","137325","20220922235000","796","0","高雄市","六龜區","120.660","22.985","372"
"185","137409","20220922235000","126","2","高雄市","六龜區","120.640","22.990","137"
"193","137466","20220922235000","203","0","高雄市","六龜區","120.660","23.035","204"
"869","137491","20220922235000","808","1","高雄市","六龜區","120.635","22.995","1140"
"184","137494","20220922235000","175","1","臺南市","安平區","120.165","23.000","217"
"207","137502","20220922235000","214","0","臺南市","安平區","120.150","22.990","157"
"930","137506","20220922235000","601","3","臺南市","永康區","120.260","23.020","1057"
"548","137507","20220922235000","512","1","臺南市","永康區","120.250","23.030","519"
"154","137585","20220922235000","100","3","臺東縣","鹿野鄉","121.140","22.975","160"
"182","137592","20220922235000","142","2","臺東縣","鹿野鄉","121.140","22.985","148"
"96","137600","20220922235000","77","2","臺東縣","鹿野鄉","121.155","22.950","98"
"339","137609","20220922235000","372","0","臺東縣","鹿野鄉","121.155","22.955","375"
"450","137617","20220922235000","509","0","高雄市","旗山區","120.510","22.955","432"
"86","137618","20220922235000","107","0","高雄市","旗山區","120.515","22.955","75"
"216","137627","20220922235000","275","0","高雄市","旗山區","120.515","22.970","297"
"1255","137638","20220922235000","2338","0","臺南市","歸仁區","120.290","22.965","1338"
"29","137642","20220922235000","164","0","臺南市","永康區","120.275","23.035","38"
"48","137643","20220922235000","244","0","臺南市","永康區","120.280","23.035","49"
"22","137645","20220922235000","25","0","臺南市","永康區","120.275","23.040","28"
"719","137648","20220922235000","437","3","臺南市","新化區","120.305","23.030","688"
"1036","137649","20220922235000","740","2","臺南市","永康區","120.240","23.010","1080"
"718","137650","20220922235000","624","1","臺南市","永康區","120.215","23.020","655"
"749","137651","20220922235000","425","3","臺南市","北區","120.220","23.015","744"
"113","138047","20220922235000","52","3","臺東縣","成功鎮","121.320","23.005","104"
"41","138061","20220922235000","39","1","臺東縣","成功鎮","121.325","23.020","53"
"228","138079","20220922235000","218","1","臺東縣","成功鎮","121.335","23.030","267"
"604","138095","20220922235000","131","3","臺東縣","關山鎮","121.170","23.040","529"
"88","138110","20220922235000","58","3","臺東縣","關山鎮","121.145","23.005","86"
"98","138197","20220922235000","137","0","臺東縣","關山鎮","121.175","23.015","120"
"69","138230","20220922235000","70","0","臺東縣","關山鎮","121.185","23.025","54"
"53","138241","20220922235000","30","3","臺東縣","鹿野鄉","121.130","22.955","48"
"192","138251","20220922235000","203","0","臺東縣","鹿野鄉","121.120","22.970","170"
"134","138278","20220922235000","143","0","臺東縣","鹿野鄉","121.150","22.980","133"
"191","138324","20220922235000","911","0","臺南市","新化區","120.300","23.020","251"
"337","138325","20220922235000","166","3","臺南市","新化區","120.305","23.020","352"
"364","138337","20220922235000","329","1","臺南市","安南區","120.125","23.035","347"
"220","138363","20220922235000","154","2","臺南市","安南區","120.140","23.030","230"
"492","138367","20220922235000","255","3","臺南市","安南區","120.160","23.030","431"
"197","138369","20220922235000","206","0","臺南市","安南區","120.135","23.035","200"
"143","138375","20220922235000","95","3","臺南市","安南區","120.140","23.040","128"
"464","138376","20220922235000","566","0","臺南市","安南區","120.145","23.040","437"
"310","138377","20220922235000","264","1","臺南市","安南區","120.150","23.040","282"
"250","138378","20220922235000","174","2","臺南市","安南區","120.155","23.040","229"
"32","138379","20220922235000","17","3","臺南市","安南區","120.160","23.040","28"
"29","138760","20220922235000","22","2","高雄市","桃源區","120.715","23.035","26"
"2502","138833","20220922235000","2095","1","臺南市","永康區","120.260","23.025","2462"
"23","138836","20220922235000","388","0","臺南市","永康區","120.265","23.030","34"
"893","138838","20220922235000","763","1","臺南市","永康區","120.265","23.035","895"
"174","138839","20220922235000","470","0","臺南市","永康區","120.265","23.040","266"
"19","138842","20220922235000","19","1","臺南市","永康區","120.280","23.040","20"
"79","138843","20220922235000","701","0","臺南市","新化區","120.300","23.040","79"
"20","138851","20220922235000","12","3","臺南市","新化區","120.375","23.010","28"
"343","138868","20220922235000","1179","0","臺南市","新化區","120.305","23.040","309"
"103","138909","20220922235000","166","0","臺南市","新化區","120.325","23.025","101"
"74","138910","20220922235000","30","3","臺南市","新化區","120.330","23.025","85"
"15","138911","20220922235000","74","0","臺南市","新化區","120.335","23.025","15"
"410","138917","20220922235000","1770","0","臺南市","新化區","120.310","23.035","383"
"2289","138922","20220922235000","1294","3","臺南市","東區","120.220","22.980","2143"
"2143","138923","20220922235000","1414","3","臺南市","東區","120.235","22.970","2078"
"857","138926","20220922235000","809","1","臺南市","永康區","120.230","23.035","846"
"1575","138928","20220922235000","1241","2","臺南市","永康區","120.235","23.040","1533"
"1559","138932","20220922235000","1115","2","臺南市","永康區","120.240","23.035","1500"
"79","138933","20220922235000","234","0","臺南市","永康區","120.245","23.035","106"
"1021","138935","20220922235000","728","2","臺南市","永康區","120.240","23.040","1053"
"3503","138936","20220922235000","2050","3","臺南市","永康區","120.245","23.040","3298"
"140","138937","20220922235000","132","1","臺南市","永康區","120.250","23.040","142"
"99","138962","20220922235000","86","1","臺東縣","東河鄉","121.280","23.020","112"
"22","139073","20220922235000","13","3","臺東縣","東河鄉","121.300","22.985","18"
"34","139131","20220922235000","30","1","臺東縣","東河鄉","121.260","22.980","41"
"27","139146","20220922235000","25","1","臺東縣","東河鄉","121.265","22.985","31"
"186","139164","20220922235000","114","3","臺東縣","東河鄉","121.280","22.990","189"
"148","139299","20220922235000","97","3","臺南市","新化區","120.330","23.015","150"
"59","139305","20220922235000","541","0","臺南市","新化區","120.310","23.020","49"
"21","139307","20220922235000","200","0","臺南市","新化區","120.330","23.020","15"
"37","139318","20220922235000","55","0","臺南市","新化區","120.355","23.020","35"
"41","139335","20220922235000","97","0","臺南市","新化區","120.335","23.035","36"
"1736","139358","20220922235000","1207","2","臺南市","東區","120.220","22.995","1589"
"153","139360","20220922235000","195","0","臺南市","東區","120.215","23.000","209"
"1175","139362","20220922235000","759","3","臺南市","東區","120.235","22.960","1183"
"311","139635","20220922235000","322","0","高雄市","杉林區","120.540","22.970","317"
"135","139644","20220922235000","147","0","高雄市","杉林區","120.550","22.975","152"
"142","139672","20220922235000","90","3","高雄市","杉林區","120.565","22.985","129"
"10","139688","20220922235000","16","0","高雄市","杉林區","120.575","23.000","14"
"579","139718","20220922235000","487","1","高雄市","杉林區","120.540","22.965","577"
"56","139735","20220922235000","57","0","高雄市","杉林區","120.550","23.020","58"
"15","139762","20220922235000","15","1","高雄市","杉林區","120.535","23.035","13"
"81","139796","20220922235000","105","0","高雄市","杉林區","120.550","23.000","69"
"120","139852","20220922235000","183","0","高雄市","杉林區","120.585","22.995","127"
"142","139897","20220922235000","180","0","高雄市","杉林區","120.565","23.015","146"
"58","139960","20220922235000","60","0","高雄市","杉林區","120.550","23.040","67"
"148","144971","20220922235000","138","1","臺南市","新市區","120.330","23.105","163"
"2712","144989","20220922235000","3176","0","臺南市","善化區","120.305","23.115","3570"
"483","144992","20220922235000","491","0","臺南市","善化區","120.320","23.115","522"
"431","144998","20220922235000","393","1","臺南市","善化區","120.310","23.125","658"
"2226","144999","20220922235000","1657","2","臺南市","善化區","120.315","23.125","2433"
"4250","145002","20220922235000","2046","3","臺南市","新市區","120.300","23.105","4741"
"2891","145007","20220922235000","2181","2","臺南市","善化區","120.295","23.115","3853"
"455","145022","20220922235000","354","2","臺南市","安定區","120.235","23.110","566"
"220","145031","20220922235000","143","3","臺南市","安定區","120.255","23.115","160"
"36","145032","20220922235000","241","0","臺南市","安定區","120.235","23.120","120"
"878","145050","20220922235000","769","1","臺南市","七股區","120.160","23.115","849"
"64","145054","20220922235000","57","1","臺南市","安南區","120.135","23.045","67"
"107","145055","20220922235000","116","0","臺南市","安南區","120.155","23.045","101"
"299","145067","20220922235000","2012","0","臺南市","安南區","120.195","23.045","372"
"23","145103","20220922235000","22","1","臺東縣","池上鄉","121.220","23.100","27"
"47","145114","20220922235000","49","0","臺東縣","池上鄉","121.225","23.105","55"
"79","145631","20220922235000","66","1","臺東縣","海端鄉","121.145","23.045","73"
"307","145817","20220922235000","379","0","臺東縣","海端鄉","121.175","23.095","303"
"699","146199","20220922235000","591","1","臺南市","西港區","120.205","23.115","650"
"1615","146201","20220922235000","1224","2","臺南市","西港區","120.200","23.120","1534"
"209","146215","20220922235000","605","0","臺南市","西港區","120.180","23.115","206"
"26","146227","20220922235000","635","0","臺南市","安南區","120.215","23.045","26"
"1219","146231","20220922235000","748","3","臺南市","安南區","120.215","23.050","1398"
"1594","146234","20220922235000","1395","1","臺南市","安南區","120.220","23.045","1520"
"246","146235","20220922235000","367","0","臺南市","安南區","120.225","23.045","254"
"212","146238","20220922235000","515","0","臺南市","安南區","120.235","23.050","195"
"101","146239","20220922235000","82","2","臺南市","永康區","120.240","23.050","81"
"100","146241","20220922235000","87","1","臺南市","安南區","120.235","23.055","151"
"1269","146244","20220922235000","1020","2","臺南市","安南區","120.230","23.060","1402"
"115","146245","20220922235000","48","3","臺南市","安南區","120.235","23.060","100"
"602","146251","20220922235000","521","1","臺南市","西港區","120.210","23.115","542"
"85","146265","20220922235000","78","1","臺南市","大內區","120.390","23.110","74"
"321","146341","20220922235000","240","2","臺南市","安南區","120.110","23.080","322"
"481","146347","20220922235000","805","0","臺南市","安南區","120.205","23.045","510"
"518","146348","20220922235000","501","1","臺南市","安南區","120.210","23.045","482"
"92","146361","20220922235000","92","1","臺南市","大內區","120.395","23.120","100"
"86","146366","20220922235000","55","3","臺南市","大內區","120.420","23.120","93"
"670","146385","20220922235000","374","3","臺南市","安南區","120.220","23.055","595"
"1154","146387","20220922235000","1051","1","臺南市","安南區","120.215","23.060","1038"
"402","146388","20220922235000","341","1","臺南市","安南區","120.220","23.060","404"
"1492","146390","20220922235000","1701","0","臺南市","安南區","120.225","23.065","1356"
"83","146400","20220922235000","59","2","臺南市","七股區","120.160","23.100","75"
"22","146423","20220922235000","27","0","臺南市","七股區","120.100","23.120","23"
"2132","146430","20220922235000","2134","0","臺南市","新市區","120.290","23.070","2458"
"1750","146432","20220922235000","1303","2","臺南市","新市區","120.290","23.080","2505"
"2632","146433","20220922235000","2797","0","臺南市","新市區","120.295","23.080","3266"
"733","146444","20220922235000","555","2","臺南市","新市區","120.300","23.060","846"
"513","146450","20220922235000","269","3","臺南市","新市區","120.295","23.065","637"
"1309","146460","20220922235000","1030","2","臺南市","新市區","120.295","23.075","1761"
"551","146461","20220922235000","329","3","臺南市","新市區","120.300","23.075","648"
"384","146468","20220922235000","487","0","臺南市","新市區","120.300","23.085","473"
"220","146478","20220922235000","239","0","臺南市","新市區","120.325","23.070","248"
"61","146482","20220922235000","35","3","臺南市","新市區","120.320","23.075","65"
"294","146495","20220922235000","443","0","臺南市","新市區","120.280","23.060","353"
"195","146505","20220922235000","166","1","臺南市","新市區","120.280","23.075","265"
"2652","146506","20220922235000","2736","0","臺南市","新市區","120.285","23.075","3085"
"138","146509","20220922235000","76","3","臺南市","新市區","120.285","23.080","103"
"512","146513","20220922235000","464","1","臺南市","新市區","120.280","23.090","726"
"234","146525","20220922235000","224","1","臺南市","新市區","120.270","23.090","261"
"491","146526","20220922235000","478","1","臺南市","新市區","120.275","23.090","554"
"269","146529","20220922235000","168","3","臺南市","新市區","120.255","23.095","235"
"139","146533","20220922235000","978","0","臺南市","新市區","120.275","23.095","1057"
"544","146535","20220922235000","323","3","臺南市","新市區","120.250","23.100","583"
"228","146537","20220922235000","202","1","臺南市","新市區","120.260","23.095","334"
"19","146542","20220922235000","116","0","臺南市","新市區","120.285","23.100","27"
"535","146545","20220922235000","544","0","臺南市","新市區","120.255","23.100","574"
"14","146546","20220922235000","24","0","臺南市","善化區","120.260","23.105","27"
"10","146547","20220922235000","13","0","臺南市","新市區","120.265","23.100","19"
"237","146549","20220922235000","186","2","臺南市","新市區","120.275","23.100","250"
"188","146550","20220922235000","255","0","臺南市","新市區","120.280","23.100","240"
"531","146552","20220922235000","504","1","臺南市","新市區","120.265","23.105","519"
"674","146554","20220922235000","797","0","臺南市","新市區","120.275","23.105","911"
"254","146562","20220922235000","280","0","臺南市","七股區","120.145","23.105","253"
"906","146587","20220922235000","470","3","臺南市","安定區","120.225","23.080","806"
"538","146590","20220922235000","365","2","臺南市","安定區","120.230","23.100","609"
"837","146602","20220922235000","636","2","臺南市","西港區","120.210","23.125","826"
"366","146614","20220922235000","182","3","臺南市","安南區","120.155","23.055","320"
"172","146615","20220922235000","82","3","臺南市","安南區","120.165","23.060","215"
"570","146616","20220922235000","587","0","臺南市","安南區","120.175","23.060","532"
"1168","146621","20220922235000","1075","1","臺南市","安南區","120.175","23.070","1154"
"502","146661","20220922235000","384","2","臺南市","安南區","120.130","23.070","484"
"22","146695","20220922235000","278","0","臺南市","安南區","120.095","23.060","36"
"75","146704","20220922235000","64","1","臺南市","山上區","120.355","23.085","90"
"70","146707","20220922235000","63","1","臺南市","山上區","120.345","23.090","93"
"150","146712","20220922235000","222","0","臺南市","山上區","120.355","23.095","186"
"162","146713","20220922235000","131","2","臺南市","山上區","120.360","23.095","182"
"136","146727","20220922235000","162","0","臺南市","山上區","120.340","23.110","133"
"60","146773","20220922235000","64","0","臺南市","山上區","120.405","23.105","53"
"57","146783","20220922235000","42","2","臺南市","山上區","120.365","23.075","54"
"21","146806","20220922235000","13","3","臺南市","左鎮區","120.380","23.050","20"
"143","146822","20220922235000","115","2","臺南市","左鎮區","120.365","23.065","142"
"75","146848","20220922235000","102","0","臺南市","左鎮區","120.400","23.055","82"
"206","146850","20220922235000","190","1","臺南市","左鎮區","120.410","23.055","203"
"187","146853","20220922235000","155","2","臺南市","左鎮區","120.390","23.060","182"
"213","146890","20220922235000","267","0","臺南市","安南區","120.160","23.065","190"
"469","146891","20220922235000","350","2","臺南市","安南區","120.160","23.070","510"
"507","146892","20220922235000","488","1","臺南市","安南區","120.165","23.070","448"
"210","146896","20220922235000","167","2","臺南市","安南區","120.200","23.075","180"
"76","146931","20220922235000","970","0","臺南市","安南區","120.130","23.060","80"
"75","146932","20220922235000","539","0","臺南市","安南區","120.135","23.060","88"
"37","146947","20220922235000","208","0","臺南市","安南區","120.115","23.055","40"
"776","146954","20220922235000","684","1","臺南市","安南區","120.125","23.060","766"
"577","146957","20220922235000","475","2","臺南市","安南區","120.125","23.065","574"
"971","146965","20220922235000","881","1","臺南市","山上區","120.355","23.105","1046"
"113","146969","20220922235000","92","2","臺南市","山上區","120.370","23.080","131"
"86","146971","20220922235000","118","0","臺南市","山上區","120.380","23.080","94"
"1764","146988","20220922235000","1324","2","臺南市","永康區","120.255","23.045","1716"
"67","146992","20220922235000","45","2","臺南市","永康區","120.260","23.050","67"
"186","147017","20220922235000","128","2","臺南市","安南區","120.145","23.075","186"
"606","147019","20220922235000","489","2","臺南市","安南區","120.135","23.080","602"
"169","147031","20220922235000","171","0","臺南市","安定區","120.220","23.105","172"
"48","147043","20220922235000","99","0","臺南市","安定區","120.260","23.110","89"
"37","147044","20220922235000","102","0","臺南市","安定區","120.260","23.115","47"
"588","147045","20220922235000","480","2","臺南市","安定區","120.255","23.120","549"
"3134","147046","20220922235000","2412","2","臺南市","安定區","120.260","23.120","3222"
"165","147073","20220922235000","163","1","臺南市","安南區","120.180","23.045","208"
"2053","147074","20220922235000","1849","1","臺南市","安南區","120.185","23.045","1755"
"654","147075","20220922235000","745","0","臺南市","安南區","120.180","23.050","652"
"681","147079","20220922235000","426","3","臺南市","安南區","120.190","23.055","782"
"93","147083","20220922235000","207","0","臺南市","南化區","120.450","23.050","79"
"336","147121","20220922235000","262","2","臺南市","南化區","120.485","23.080","333"
"228","147153","20220922235000","204","1","臺南市","南化區","120.475","23.065","235"
"326","147170","20220922235000","249","2","臺南市","南化區","120.475","23.045","321"
"73","147181","20220922235000","61","1","臺南市","南化區","120.515","23.045","69"
"73","147248","20220922235000","68","1","臺南市","南化區","120.515","23.075","76"
"17","147252","20220922235000","18","0","臺南市","南化區","120.535","23.075","19"
"84","147257","20220922235000","71","1","臺南市","南化區","120.510","23.080","84"
"32","147271","20220922235000","33","0","臺南市","南化區","120.525","23.085","31"
"449","147381","20220922235000","361","2","臺南市","安南區","120.165","23.050","481"
"120","147382","20220922235000","545","0","臺南市","安南區","120.170","23.050","174"
"58","147391","20220922235000","39","2","臺東縣","池上鄉","121.205","23.100","81"
"210","147393","20220922235000","146","2","臺東縣","池上鄉","121.200","23.105","290"
"12","147394","20220922235000","13","0","臺東縣","池上鄉","121.205","23.105","18"
"91","147398","20220922235000","95","0","臺東縣","池上鄉","121.200","23.110","128"
"71","147404","20220922235000","60","1","臺東縣","池上鄉","121.200","23.115","105"
"350","147422","20220922235000","468","0","臺東縣","池上鄉","121.220","23.115","406"
"62","147425","20220922235000","73","0","臺東縣","池上鄉","121.210","23.120","86"
"455","147426","20220922235000","450","1","臺東縣","池上鄉","121.215","23.120","452"
"105","147427","20220922235000","948","0","臺東縣","池上鄉","121.220","23.120","224"
"30","147429","20220922235000","524","0","臺南市","安南區","120.120","23.075","31"
"129","147438","20220922235000","910","0","臺南市","安南區","120.205","23.050","142"
"842","147448","20220922235000","910","0","臺南市","安南區","120.195","23.070","794"
"490","147449","20220922235000","392","2","臺南市","安定區","120.200","23.070","505"
"841","147457","20220922235000","511","3","臺南市","新市區","120.280","23.105","933"
"1568","147458","20220922235000","1229","2","臺南市","善化區","120.265","23.110","1674"
"839","147459","20220922235000","982","0","臺南市","善化區","120.270","23.110","819"
"877","147460","20220922235000","651","2","臺南市","善化區","120.275","23.110","1051"
"25","147461","20220922235000","13","3","臺南市","善化區","120.280","23.110","27"
"1303","147464","20220922235000","993","2","臺南市","善化區","120.270","23.115","1421"
"1031","147465","20220922235000","1013","1","臺南市","善化區","120.275","23.115","1310"
"42","147467","20220922235000","71","0","臺南市","善化區","120.285","23.115","67"
"350","147468","20220922235000","235","2","臺南市","善化區","120.270","23.120","385"
"1961","147475","20220922235000","1033","3","臺南市","安南區","120.190","23.045","1798"
"297","147479","20220922235000","169","3","臺南市","安定區","120.215","23.075","332"
"675","147503","20220922235000","543","2","臺南市","大內區","120.370","23.115","636"
"248","147511","20220922235000","200","2","臺南市","安定區","120.205","23.080","253"
"128","147522","20220922235000","527","0","臺南市","安定區","120.210","23.090","132"
"62","147528","20220922235000","452","0","臺南市","安定區","120.215","23.095","52"
"682","147531","20220922235000","506","2","臺南市","安定區","120.210","23.095","768"
"1110","147539","20220922235000","546","3","臺南市","新市區","120.290","23.085","919"
"723","147540","20220922235000","596","2","臺南市","新市區","120.285","23.090","762"
"1351","147548","20220922235000","1330","1","臺南市","新市區","120.290","23.100","1538"
"84","147550","20220922235000","171","0","臺南市","新市區","120.285","23.105","217"
"34","147563","20220922235000","20","3","臺南市","新市區","120.255","23.070","27"
"77","147570","20220922235000","69","1","臺南市","新市區","120.265","23.075","91"
"197","147571","20220922235000","124","3","臺南市","新市區","120.255","23.080","147"
"190","147576","20220922235000","197","0","臺南市","新市區","120.305","23.090","255"
"428","147587","20220922235000","360","1","臺南市","新市區","120.310","23.100","455"
"379","147594","20220922235000","515","0","臺南市","新市區","120.320","23.085","406"
"1311","147598","20220922235000","928","2","臺南市","新市區","120.315","23.090","1450"
"37","147613","20220922235000","148","0","臺南市","安南區","120.165","23.045","58"
"480","147619","20220922235000","384","2","臺南市","安南區","120.170","23.045","520"
"175","147620","20220922235000","157","1","臺南市","安南區","120.175","23.045","174"
"953","147621","20220922235000","1109","0","臺南市","安南區","120.175","23.050","927"
"96","147622","20220922235000","458","0","臺南市","安南區","120.175","23.055","140"
"180","147627","20220922235000","117","3","臺南市","七股區","120.120","23.095","173"
"63","147686","20220922235000","96","0","臺南市","七股區","120.075","23.125","68"
"34","147743","20220922235000","28","2","臺南市","七股區","120.050","23.080","34"
"114","147812","20220922235000","123","0","臺南市","七股區","120.090","23.095","120"
"611","147816","20220922235000","491","2","臺南市","七股區","120.110","23.095","606"
"62","147889","20220922235000","63","0","臺東縣","池上鄉","121.220","23.080","70"
"174","147906","20220922235000","142","2","臺東縣","池上鄉","121.230","23.120","212"
"163","147984","20220922235000","176","0","高雄市","甲仙區","120.585","23.080","176"
"242","147985","20220922235000","119","3","高雄市","甲仙區","120.590","23.080","270"
"55","147999","20220922235000","50","1","高雄市","甲仙區","120.610","23.110","46"
"11","148032","20220922235000","11","1","高雄市","甲仙區","120.630","23.115","11"
"155","148097","20220922235000","165","0","高雄市","六龜區","120.670","23.065","178"
"148","148126","20220922235000","103","2","高雄市","六龜區","120.675","23.080","176"
"557","148173","20220922235000","404","2","臺南市","安南區","120.205","23.060","561"
"475","148177","20220922235000","380","2","臺南市","安南區","120.220","23.070","542"
"452","148178","20220922235000","393","1","臺南市","安南區","120.225","23.070","536"
"192","148201","20220922235000","132","2","高雄市","六龜區","120.690","23.095","247"
"113","148224","20220922235000","154","0","高雄市","六龜區","120.690","23.105","146"
"136","148238","20220922235000","248","0","高雄市","六龜區","120.700","23.110","260"
"12","148255","20220922235000","14","0","高雄市","桃源區","120.710","23.115","22"
"92","148271","20220922235000","87","1","高雄市","六龜區","120.720","23.115","125"
"66","148275","20220922235000","35","3","高雄市","桃源區","120.745","23.115","66"
"45","148342","20220922235000","25","3","高雄市","六龜區","120.715","23.065","38"
"13","148372","20220922235000","13","1","臺南市","新化區","120.330","23.055","17"
"61","148373","20220922235000","52","1","臺南市","新化區","120.335","23.055","60"
"54","148376","20220922235000","45","2","臺南市","新化區","120.335","23.060","74"
"85","148377","20220922235000","75","1","臺南市","新化區","120.340","23.060","79"
"17","148378","20220922235000","15","1","臺南市","新化區","120.345","23.060","22"
"590","148380","20220922235000","560","1","臺南市","新化區","120.345","23.065","605"
"185","148386","20220922235000","225","0","臺南市","新化區","120.355","23.070","225"
"141","148418","20220922235000","111","2","臺東縣","池上鄉","121.235","23.120","155"
"58","148429","20220922235000","102","0","臺南市","玉井區","120.425","23.070","48"
"61","148453","20220922235000","47","2","臺南市","玉井區","120.430","23.085","61"
"25","148472","20220922235000","17","2","臺南市","玉井區","120.440","23.095","17"
"26","148477","20220922235000","32","0","臺南市","玉井區","120.450","23.090","32"
"95","148526","20220922235000","78","2","臺南市","玉井區","120.480","23.110","101"
"11","148531","20220922235000","11","1","臺南市","玉井區","120.505","23.110","13"
"1777","148561","20220922235000","1603","1","臺南市","玉井區","120.460","23.120","1722"
"634","148562","20220922235000","660","0","臺南市","玉井區","120.465","23.120","668"
"465","148578","20220922235000","481","0","臺南市","永康區","120.265","23.045","507"
"66","148582","20220922235000","99","0","臺南市","永康區","120.265","23.050","57"
"286","148583","20220922235000","308","0","臺南市","永康區","120.270","23.050","223"
"30","148584","20220922235000","72","0","臺南市","永康區","120.275","23.050","104"
"56","148590","20220922235000","275","0","臺南市","永康區","120.245","23.050","62"
"178","148594","20220922235000","90","3","臺南市","永康區","120.260","23.055","185"
"300","148600","20220922235000","292","1","臺南市","永康區","120.265","23.055","355"
"22","148632","20220922235000","27","0","臺東縣","成功鎮","121.355","23.120","28"
"443","148641","20220922235000","324","2","臺東縣","成功鎮","121.400","23.120","475"
"22","148653","20220922235000","15","2","臺東縣","成功鎮","121.355","23.105","24"
"70","148690","20220922235000","67","1","臺東縣","成功鎮","121.340","23.045","89"
"19","148696","20220922235000","22","0","臺東縣","成功鎮","121.340","23.050","20"
"203","148718","20220922235000","126","3","臺東縣","成功鎮","121.345","23.065","150"
"133","148763","20220922235000","72","3","臺東縣","成功鎮","121.355","23.090","141"
"19","148769","20220922235000","17","1","臺東縣","成功鎮","121.345","23.095","23"
"1067","148784","20220922235000","513","3","臺東縣","成功鎮","121.380","23.100","941"
"421","148795","20220922235000","421","1","臺東縣","關山鎮","121.175","23.070","462"
"122","148817","20220922235000","127","0","臺東縣","關山鎮","121.175","23.080","139"
"357","148847","20220922235000","288","2","臺東縣","關山鎮","121.165","23.045","429"
"412","148873","20220922235000","406","1","臺東縣","關山鎮","121.165","23.055","443"
"422","148879","20220922235000","330","2","臺東縣","關山鎮","121.155","23.045","450"
"444","148883","20220922235000","523","0","高雄市","甲仙區","120.590","23.085","415"
"55","148899","20220922235000","61","0","高雄市","甲仙區","120.590","23.100","55"
"69","148910","20220922235000","48","2","高雄市","甲仙區","120.550","23.055","67"
"91","148925","20220922235000","92","0","高雄市","甲仙區","120.570","23.065","102"
"281","148938","20220922235000","164","3","高雄市","甲仙區","120.575","23.070","290"
"74","148960","20220922235000","82","0","高雄市","甲仙區","120.560","23.050","81"
"412","148978","20220922235000","325","2","臺南市","新化區","120.290","23.045","409"
"225","148988","20220922235000","95","3","臺南市","安南區","120.145","23.045","257"
"26","149026","20220922235000","26","1","高雄市","桃源區","120.720","23.050","29"
"12","149159","20220922235000","16","0","高雄市","桃源區","120.755","23.070","14"
"395","149576","20220922235000","239","3","臺南市","新化區","120.295","23.045","407"
"140","149589","20220922235000","417","0","臺南市","永康區","120.235","23.045","119"
"3822","149590","20220922235000","2130","3","臺南市","永康區","120.240","23.045","3761"
"16","149592","20220922235000","21","0","臺南市","永康區","120.245","23.045","31"
"441","149593","20220922235000","243","3","臺南市","永康區","120.250","23.045","465"
"61","149614","20220922235000","66","0","臺南市","玉井區","120.460","23.100","63"
"17","149636","20220922235000","18","0","臺南市","玉井區","120.490","23.095","18"
"130","149651","20220922235000","135","0","臺南市","玉井區","120.480","23.105","130"
"79","149658","20220922235000","47","3","臺東縣","東河鄉","121.285","23.045","79"
"72","149682","20220922235000","47","3","臺東縣","東河鄉","121.295","23.055","80"
"14","149761","20220922235000","15","0","臺東縣","東河鄉","121.295","23.080","18"
"32","149865","20220922235000","97","0","臺南市","新化區","120.310","23.045","39"
"191","149866","20220922235000","100","3","臺南市","新化區","120.315","23.045","197"
"51","149873","20220922235000","41","2","臺南市","新化區","120.325","23.055","42"
"25","149908","20220922235000","31","0","高雄市","甲仙區","120.600","23.085","28"
"295","149946","20220922235000","274","1","臺南市","善化區","120.270","23.125","367"
"810","149948","20220922235000","796","1","臺南市","大內區","120.355","23.120","858"
"209","154962","20220922235000","165","2","澎湖縣","七美鄉","119.415","23.195","226"
"1136","154965","20220922235000","831","2","臺南市","善化區","120.325","23.140","1381"
"418","154980","20220922235000","449","0","臺南市","善化區","120.325","23.135","346"
"2232","154984","20220922235000","1623","2","臺南市","善化區","120.300","23.130","2232"
"587","154985","20220922235000","619","0","臺南市","善化區","120.305","23.130","675"
"771","154986","20220922235000","767","1","臺南市","善化區","120.310","23.130","1268"
"58","154996","20220922235000","55","1","澎湖縣","七美鄉","119.435","23.200","64"
"423","155098","20220922235000","697","0","臺南市","麻豆區","120.245","23.190","640"
"411","155107","20220922235000","204","3","臺南市","佳里區","120.180","23.145","360"
"718","155111","20220922235000","684","1","臺南市","佳里區","120.175","23.150","659"
"261","155114","20220922235000","969","0","臺南市","佳里區","120.175","23.155","311"
"1014","155129","20220922235000","858","1","臺南市","佳里區","120.195","23.190","1006"
"86","155501","20220922235000","64","2","臺東縣","海端鄉","121.025","23.185","91"
"69","155650","20220922235000","70","0","臺東縣","海端鄉","121.180","23.130","72"
"38","155658","20220922235000","21","3","臺東縣","海端鄉","121.205","23.150","23"
"109","155664","20220922235000","103","1","臺東縣","海端鄉","121.190","23.155","116"
"62","155779","20220922235000","78","0","臺東縣","海端鄉","121.125","23.130","57"
"49","155786","20220922235000","35","2","臺東縣","海端鄉","121.160","23.130","72"
"12","156049","20220922235000","16","0","臺東縣","海端鄉","121.030","23.165","28"
"70","156052","20220922235000","72","0","臺東縣","海端鄉","121.045","23.165","87"
"22","156083","20220922235000","61","0","臺東縣","海端鄉","121.045","23.170","74"
"125","156227","20220922235000","395","0","臺南市","西港區","120.180","23.130","107"
"169","156233","20220922235000","140","2","臺南市","西港區","120.200","23.130","198"
"551","156281","20220922235000","471","1","臺南市","佳里區","120.180","23.165","554"
"35","156284","20220922235000","135","0","臺南市","佳里區","120.180","23.170","42"
"45","156292","20220922235000","33","2","臺南市","佳里區","120.155","23.170","52"
"623","156302","20220922235000","661","0","臺南市","麻豆區","120.215","23.175","591"
"1154","156306","20220922235000","955","2","臺南市","佳里區","120.160","23.160","1274"
"1624","156309","20220922235000","1503","1","臺南市","佳里區","120.175","23.160","1610"
"3948","156314","20220922235000","4001","0","臺南市","佳里區","120.175","23.165","4038"
"17","156316","20220922235000","23","0","臺南市","佳里區","120.170","23.170","18"
"315","156333","20220922235000","267","1","臺南市","七股區","120.140","23.140","284"
"389","156339","20220922235000","315","2","臺南市","七股區","120.150","23.150","415"
"228","156348","20220922235000","182","2","花蓮縣","富里鄉","121.255","23.180","237"
"260","156361","20220922235000","228","1","花蓮縣","富里鄉","121.275","23.190","281"
"454","156391","20220922235000","627","0","臺南市","西港區","120.220","23.140","419"
"582","156401","20220922235000","661","0","臺南市","麻豆區","120.240","23.155","606"
"53","156402","20220922235000","15","3","臺南市","麻豆區","120.240","23.160","62"
"358","156420","20220922235000","174","3","臺南市","麻豆區","120.270","23.195","378"
"187","156423","20220922235000","58","3","臺南市","麻豆區","120.285","23.195","209"
"242","156446","20220922235000","266","0","臺南市","大內區","120.415","23.150","254"
"31","156474","20220922235000","29","1","臺南市","大內區","120.410","23.165","33"
"629","156721","20220922235000","472","2","臺南市","善化區","120.270","23.145","696"
"24","156730","20220922235000","21","1","臺南市","大內區","120.405","23.130","26"
"15","156736","20220922235000","27","0","臺南市","大內區","120.435","23.130","15"
"104","156743","20220922235000","46","3","臺南市","大內區","120.430","23.135","23"
"68","156744","20220922235000","82","0","臺南市","玉井區","120.435","23.135","57"
"1601","156753","20220922235000","740","3","臺南市","善化區","120.285","23.135","2107"
"79","156765","20220922235000","849","0","臺南市","善化區","120.290","23.135","173"
"909","156781","20220922235000","638","2","臺南市","善化區","120.285","23.150","1067"
"773","156792","20220922235000","588","2","臺南市","七股區","120.135","23.140","716"
"275","156851","20220922235000","329","0","臺南市","佳里區","120.155","23.180","266"
"488","156856","20220922235000","411","1","臺南市","佳里區","120.155","23.140","562"
"690","156864","20220922235000","643","1","臺南市","佳里區","120.185","23.145","660"
"212","156865","20220922235000","898","0","臺南市","佳里區","120.180","23.150","248"
"1804","156869","20220922235000","1653","1","臺南市","佳里區","120.180","23.155","1833"
"65","156870","20220922235000","186","0","臺南市","佳里區","120.185","23.155","76"
"861","156873","20220922235000","840","1","臺南市","佳里區","120.155","23.175","814"
"572","156909","20220922235000","521","1","臺南市","麻豆區","120.240","23.190","691"
"311","156941","20220922235000","349","0","臺南市","佳里區","120.190","23.190","318"
"472","156942","20220922235000","205","3","臺南市","佳里區","120.185","23.185","410"
"969","156974","20220922235000","920","1","臺南市","七股區","120.090","23.185","921"
"608","156977","20220922235000","262","3","臺南市","西港區","120.200","23.140","738"
"1697","157009","20220922235000","1447","1","臺南市","麻豆區","120.240","23.185","1749"
"826","157010","20220922235000","1052","0","臺南市","麻豆區","120.250","23.185","987"
"26","157011","20220922235000","631","0","臺南市","麻豆區","120.255","23.185","185"
"20","157047","20220922235000","39","0","臺南市","六甲區","120.415","23.205","39"
"92","157077","20220922235000","75","2","臺南市","楠西區","120.505","23.140","110"
"455","157130","20220922235000","375","2","臺南市","將軍區","120.160","23.190","500"
"104","157174","20220922235000","639","0","臺南市","官田區","120.315","23.195","216"
"771","157183","20220922235000","491","3","臺南市","安定區","120.245","23.130","944"
"250","157198","20220922235000","229","1","花蓮縣","富里鄉","121.265","23.155","258"
"177","157259","20220922235000","221","0","臺南市","官田區","120.325","23.200","188"
"91","157263","20220922235000","83","1","臺南市","官田區","120.320","23.205","94"
"153","157265","20220922235000","102","3","臺南市","官田區","120.330","23.205","183"
"277","157334","20220922235000","209","2","臺南市","官田區","120.370","23.195","278"
"62","157335","20220922235000","104","0","臺南市","官田區","120.375","23.195","62"
"13","157360","20220922235000","760","0","臺南市","官田區","120.335","23.180","158"
"187","157382","20220922235000","101","3","臺南市","官田區","120.320","23.170","207"
"188","157394","20220922235000","157","1","臺南市","官田區","120.310","23.175","155"
"93","157422","20220922235000","56","3","臺南市","官田區","120.330","23.165","92"
"19","157477","20220922235000","443","0","臺南市","官田區","120.305","23.195","105"
"788","157478","20220922235000","686","1","臺南市","官田區","120.315","23.190","820"
"54","157597","20220922235000","46","1","臺南市","南化區","120.595","23.165","51"
"64","157624","20220922235000","45","2","臺南市","南化區","120.600","23.175","62"
"49","157646","20220922235000","65","0","臺南市","南化區","120.570","23.185","44"
"1846","157737","20220922235000","1945","0","臺南市","麻豆區","120.245","23.180","2316"
"90","157740","20220922235000","82","1","臺南市","麻豆區","120.240","23.195","87"
"640","157752","20220922235000","555","1","臺南市","麻豆區","120.260","23.185","616"
"267","157756","20220922235000","225","1","臺南市","麻豆區","120.265","23.190","267"
"252","157759","20220922235000","172","2","臺南市","麻豆區","120.255","23.190","240"
"53","157773","20220922235000","48","1","臺東縣","池上鄉","121.210","23.125","49"
"128","157789","20220922235000","117","1","臺東縣","池上鄉","121.200","23.140","125"
"14","157809","20220922235000","125","0","臺南市","善化區","120.275","23.145","65"
"291","157818","20220922235000","230","2","花蓮縣","卓溪鄉","121.225","23.160","278"
"137","157895","20220922235000","127","1","花蓮縣","富里鄉","121.250","23.200","151"
"583","157913","20220922235000","852","0","臺南市","善化區","120.295","23.135","571"
"27","157915","20220922235000","50","0","臺南市","善化區","120.305","23.135","25"
"1212","157919","20220922235000","732","3","臺南市","善化區","120.305","23.140","1109"
"671","157924","20220922235000","402","3","臺南市","善化區","120.290","23.145","782"
"55","157961","20220922235000","619","0","臺南市","善化區","120.285","23.130","335"
"92","157991","20220922235000","73","2","花蓮縣","富里鄉","121.235","23.135","111"
"76","157998","20220922235000","69","1","花蓮縣","富里鄉","121.240","23.140","66"
"323","158028","20220922235000","243","2","花蓮縣","富里鄉","121.250","23.170","324"
"433","158030","20220922235000","370","1","花蓮縣","富里鄉","121.250","23.175","451"
"74","158032","20220922235000","55","2","花蓮縣","富里鄉","121.250","23.180","122"
"859","158045","20220922235000","540","3","臺南市","將軍區","120.140","23.205","823"
"1439","158058","20220922235000","1507","0","臺南市","將軍區","120.160","23.200","1384"
"276","158065","20220922235000","312","0","臺南市","七股區","120.135","23.130","242"
"417","158072","20220922235000","360","1","臺南市","七股區","120.110","23.145","403"
"27","158092","20220922235000","26","1","臺南市","七股區","120.130","23.185","28"
"28","158097","20220922235000","15","3","臺南市","七股區","120.145","23.180","27"
"455","158106","20220922235000","309","2","臺南市","佳里區","120.190","23.165","442"
"56","158107","20220922235000","467","0","臺南市","佳里區","120.195","23.165","48"
"156","158122","20220922235000","158","0","臺南市","佳里區","120.180","23.180","166"
"301","158126","20220922235000","347","0","臺南市","佳里區","120.175","23.185","281"
"49","158128","20220922235000","35","2","臺東縣","池上鄉","121.185","23.130","43"
"281","158181","20220922235000","301","0","臺南市","麻豆區","120.265","23.180","326"
"983","158192","20220922235000","748","2","臺南市","麻豆區","120.245","23.185","1010"
"14","158363","20220922235000","12","1","高雄市","桃源區","120.790","23.185","62"
"88","158397","20220922235000","103","0","臺東縣","池上鄉","121.235","23.130","102"
"635","158398","20220922235000","445","2","臺南市","玉井區","120.470","23.130","617"
"28","158400","20220922235000","186","0","臺南市","玉井區","120.480","23.130","21"
"208","158410","20220922235000","190","1","臺南市","玉井區","120.440","23.135","222"
"101","158457","20220922235000","70","2","臺南市","楠西區","120.490","23.190","105"
"67","158502","20220922235000","62","1","臺南市","楠西區","120.515","23.200","64"
"16","158508","20220922235000","18","0","臺南市","楠西區","120.545","23.205","19"
"915","158533","20220922235000","656","2","臺南市","楠西區","120.485","23.175","883"
"336","158546","20220922235000","310","1","臺南市","楠西區","120.485","23.170","385"
"26","158547","20220922235000","366","0","臺南市","楠西區","120.480","23.175","22"
"22","158550","20220922235000","200","0","臺南市","楠西區","120.480","23.185","18"
"38","158572","20220922235000","35","1","臺南市","楠西區","120.505","23.160","39"
"22","158634","20220922235000","17","2","臺南市","楠西區","120.560","23.180","16"
"92","158670","20220922235000","77","1","臺南市","楠西區","120.465","23.190","95"
"77","158687","20220922235000","74","1","臺南市","楠西區","120.490","23.200","57"
"62","158905","20220922235000","66","0","臺東縣","成功鎮","121.400","23.170","71"
"92","158933","20220922235000","96","0","臺東縣","成功鎮","121.395","23.180","112"
"118","159028","20220922235000","111","1","高雄市","甲仙區","120.635","23.150","110"
"18","159158","20220922235000","18","1","高雄市","三民區","120.660","23.200","14"
"17","159274","20220922235000","11","3","高雄市","桃源區","120.800","23.210","18"
"199","159527","20220922235000","169","1","高雄市","桃源區","120.765","23.160","306"
"70","159574","20220922235000","77","0","高雄市","桃源區","120.770","23.165","121"
"59","159707","20220922235000","34","3","高雄市","桃源區","120.740","23.135","77"
"231","159838","20220922235000","339","0","臺南市","官田區","120.350","23.150","282"
"109","159846","20220922235000","64","3","臺南市","大內區","120.365","23.155","78"
"248","159859","20220922235000","240","1","臺南市","大內區","120.380","23.145","264"
"65","159883","20220922235000","48","2","臺南市","大內區","120.370","23.160","58"
"129","159912","20220922235000","115","1","臺南市","麻豆區","120.225","23.175","214"
"460","159913","20220922235000","569","0","臺南市","麻豆區","120.220","23.180","523"
"760","159928","20220922235000","741","1","臺南市","麻豆區","120.255","23.180","828"
"79","159936","20220922235000","487","0","臺南市","善化區","120.315","23.145","354"
"750","159943","20220922235000","615","2","臺南市","善化區","120.300","23.150","845"
"319","159950","20220922235000","187","3","臺南市","善化區","120.260","23.135","442"
"167","161053","20220922235000","116","2","澎湖縣","七美鄉","119.430","23.215","165"
"81","162017","20220922235000","49","3","臺東縣","長濱鄉","121.415","23.235","102"
"302","164970","20220922235000","327","0","澎湖縣","七美鄉","119.425","23.205","330"
"67","164978","20220922235000","109","0","澎湖縣","望安鄉","119.670","23.245","39"
"617","165017","20220922235000","575","1","臺南市","學甲區","120.195","23.215","598"
"548","165030","20220922235000","578","0","臺南市","學甲區","120.195","23.230","482"
"23","165342","20220922235000","51","0","臺東縣","海端鄉","120.985","23.250","64"
"1529","165635","20220922235000","1832","0","臺南市","下營區","120.265","23.240","1829"
"729","165652","20220922235000","677","1","臺南市","下營區","120.270","23.245","773"
"273","165697","20220922235000","209","2","花蓮縣","富里鄉","121.275","23.215","242"
"466","165713","20220922235000","420","1","臺南市","下營區","120.270","23.210","524"
"46","165716","20220922235000","33","2","花蓮縣","富里鄉","121.340","23.280","45"
"151","165718","20220922235000","138","1","花蓮縣","玉里鎮","121.345","23.285","186"
"182","165736","20220922235000","125","2","花蓮縣","玉里鎮","121.285","23.280","176"
"247","165743","20220922235000","132","3","花蓮縣","玉里鎮","121.280","23.285","223"
"85","165775","20220922235000","153","0","花蓮縣","富里鄉","121.290","23.240","158"
"38","165778","20220922235000","51","0","花蓮縣","富里鄉","121.305","23.240","46"
"128","165815","20220922235000","107","1","花蓮縣","富里鄉","121.295","23.255","121"
"203","165847","20220922235000","309","0","臺南市","新營區","120.275","23.275","352"
"66","165852","20220922235000","64","1","臺南市","六甲區","120.345","23.230","55"
"990","165855","20220922235000","736","2","臺南市","北門區","120.135","23.240","1018"
"113","165858","20220922235000","143","0","臺南市","北門區","120.130","23.250","108"
"359","165925","20220922235000","383","0","臺南市","六甲區","120.345","23.235","419"
"87","165938","20220922235000","44","3","臺南市","六甲區","120.340","23.250","87"
"29","165969","20220922235000","33","0","臺南市","六甲區","120.400","23.220","29"
"570","166037","20220922235000","313","3","臺南市","柳營區","120.305","23.280","554"
"354","166071","20220922235000","551","0","臺南市","六甲區","120.340","23.225","478"
"11","166073","20220922235000","14","0","臺南市","六甲區","120.310","23.245","27"
"66","166077","20220922235000","46","2","臺南市","六甲區","120.315","23.250","70"
"266","166081","20220922235000","302","0","臺南市","六甲區","120.310","23.255","302"
"67","166097","20220922235000","40","3","臺南市","北門區","120.110","23.260","70"
"139","166128","20220922235000","129","1","臺南市","北門區","120.140","23.265","136"
"141","166144","20220922235000","149","0","臺南市","學甲區","120.180","23.285","129"
"78","166153","20220922235000","376","0","臺南市","將軍區","120.165","23.220","80"
"27","166181","20220922235000","499","0","臺南市","北門區","120.095","23.230","41"
"1158","166188","20220922235000","1163","0","臺南市","北門區","120.115","23.235","1154"
"855","166224","20220922235000","788","1","臺南市","北門區","120.135","23.280","846"
"728","166238","20220922235000","731","0","臺南市","北門區","120.125","23.270","737"
"76","166250","20220922235000","44","3","花蓮縣","富里鄉","121.315","23.220","88"
"231","166256","20220922235000","210","1","花蓮縣","富里鄉","121.275","23.225","194"
"183","166326","20220922235000","150","2","花蓮縣","富里鄉","121.305","23.255","169"
"108","166340","20220922235000","82","2","花蓮縣","富里鄉","121.305","23.265","113"
"67","166344","20220922235000","68","0","花蓮縣","富里鄉","121.300","23.270","72"
"326","166354","20220922235000","238","2","臺南市","官田區","120.320","23.215","339"
"235","166363","20220922235000","218","1","臺南市","官田區","120.340","23.220","278"
"12","166377","20220922235000","610","0","臺南市","官田區","120.310","23.215","183"
"254","166389","20220922235000","212","1","臺南市","官田區","120.360","23.210","239"
"365","166391","20220922235000","187","3","臺南市","官田區","120.370","23.210","353"
"193","166424","20220922235000","241","0","臺南市","北門區","120.145","23.285","175"
"372","166429","20220922235000","246","3","臺南市","將軍區","120.160","23.220","365"
"1953","166446","20220922235000","2197","0","臺南市","六甲區","120.355","23.230","2052"
"95","166455","20220922235000","92","1","臺南市","六甲區","120.370","23.230","132"
"145","166495","20220922235000","127","1","臺南市","北門區","120.125","23.240","144"
"504","166562","20220922235000","383","2","臺南市","麻豆區","120.220","23.220","607"
"43","166785","20220922235000","30","2","花蓮縣","富里鄉","121.265","23.215","44"
"403","167284","20220922235000","324","2","臺南市","下營區","120.290","23.245","423"
"46","167340","20220922235000","39","1","花蓮縣","富里鄉","121.315","23.275","54"
"28","167482","20220922235000","172","0","臺南市","東山區","120.470","23.260","29"
"70","167491","20220922235000","45","3","臺南市","東山區","120.515","23.260","64"
"300","167497","20220922235000","153","3","臺南市","東山區","120.480","23.265","312"
"32","167501","20220922235000","185","0","臺南市","東山區","120.500","23.265","25"
"25","167514","20220922235000","145","0","臺南市","東山區","120.395","23.265","22"
"68","167565","20220922235000","147","0","臺南市","東山區","120.445","23.265","67"
"337","167568","20220922235000","222","3","臺南市","東山區","120.445","23.270","306"
"96","167588","20220922235000","85","1","臺南市","東山區","120.445","23.290","86"
"68","167626","20220922235000","159","0","臺南市","東山區","120.405","23.285","68"
"42","167655","20220922235000","31","2","臺南市","東山區","120.465","23.280","41"
"27","167656","20220922235000","215","0","臺南市","東山區","120.470","23.280","25"
"59","167674","20220922235000","51","1","臺南市","東山區","120.500","23.285","63"
"43","167688","20220922235000","32","2","臺南市","東山區","120.515","23.290","56"
"183","167707","20220922235000","195","0","臺南市","將軍區","120.085","23.215","193"
"244","167714","20220922235000","200","2","臺南市","將軍區","120.120","23.220","241"
"600","167786","20220922235000","457","2","臺南市","鹽水區","120.205","23.260","591"
"63","167813","20220922235000","40","3","臺東縣","長濱鄉","121.410","23.215","73"
"97","167824","20220922235000","89","1","臺東縣","長濱鄉","121.415","23.225","103"
"26","167952","20220922235000","36","0","臺南市","學甲區","120.185","23.230","14"
"1075","167953","20220922235000","1003","1","臺南市","學甲區","120.185","23.235","1060"
"1734","167958","20220922235000","1053","3","臺南市","學甲區","120.185","23.225","1883"
"33","167982","20220922235000","140","0","臺南市","學甲區","120.195","23.240","32"
"1828","167993","20220922235000","2000","0","臺南市","學甲區","120.180","23.235","1773"
"167","168093","20220922235000","179","0","高雄市","三民區","120.670","23.235","166"
"85","168132","20220922235000","65","2","高雄市","三民區","120.695","23.235","76"
"96","168149","20220922235000","95","1","高雄市","三民區","120.695","23.240","104"
"52","168296","20220922235000","57","0","高雄市","三民區","120.680","23.265","53"
"24","168304","20220922235000","17","2","高雄市","三民區","120.720","23.265","15"
"162","168347","20220922235000","268","0","高雄市","三民區","120.700","23.275","206"
"296","168351","20220922235000","144","3","高雄市","三民區","120.720","23.275","243"
"15","168370","20220922235000","12","2","高雄市","三民區","120.685","23.280","15"
"681","168445","20220922235000","666","1","臺南市","鹽水區","120.235","23.285","765"
"626","168462","20220922235000","998","0","臺南市","柳營區","120.325","23.290","779"
"152","168468","20220922235000","158","0","臺南市","柳營區","120.405","23.235","153"
"149","168484","20220922235000","133","1","臺南市","柳營區","120.420","23.245","138"
"67","168538","20220922235000","1465","0","臺南市","柳營區","120.315","23.280","416"
"211","168541","20220922235000","133","3","臺南市","柳營區","120.330","23.280","220"
"163","168545","20220922235000","70","3","臺南市","柳營區","120.380","23.240","202"
"175","168619","20220922235000","199","0","臺南市","楠西區","120.495","23.215","157"
"39","168624","20220922235000","34","1","臺南市","楠西區","120.520","23.215","42"
"123","168647","20220922235000","120","1","臺南市","楠西區","120.500","23.225","210"
"31","168692","20220922235000","27","1","臺南市","鹽水區","120.245","23.275","29"
"27","168719","20220922235000","26","1","臺東縣","成功鎮","121.400","23.210","30"
"83","168825","20220922235000","71","1","高雄市","桃源區","120.805","23.220","77"
"66","168996","20220922235000","55","2","高雄市","桃源區","120.815","23.240","168"
"80","169242","20220922235000","81","0","高雄市","桃源區","120.825","23.265","214"
"281","169480","20220922235000","206","2","臺南市","新營區","120.275","23.265","315"
"136","169490","20220922235000","115","1","臺南市","學甲區","120.195","23.275","136"
"310","169506","20220922235000","339","0","臺南市","學甲區","120.205","23.280","310"
"615","169527","20220922235000","579","1","臺南市","學甲區","120.160","23.245","603"
"18","169530","20220922235000","15","2","臺南市","學甲區","120.150","23.250","18"
"463","169555","20220922235000","355","2","臺南市","鹽水區","120.255","23.250","382"
"234","169567","20220922235000","304","0","臺南市","將軍區","120.135","23.225","238"
"32","169664","20220922235000","28","1","嘉義縣","大埔鄉","120.625","23.245","32"
"55","169729","20220922235000","50","1","嘉義縣","大埔鄉","120.590","23.270","47"
"40","169739","20220922235000","23","3","嘉義縣","大埔鄉","120.585","23.275","33"
"33","169788","20220922235000","33","1","嘉義縣","大埔鄉","120.545","23.230","25"
"24","169812","20220922235000","10","3","臺南市","東山區","120.520","23.240","20"
"36","169834","20220922235000","33","1","嘉義縣","大埔鄉","120.565","23.245","36"
"14","169837","20220922235000","20","0","嘉義縣","大埔鄉","120.580","23.245","17"
"28","169842","20220922235000","25","1","嘉義縣","大埔鄉","120.535","23.250","28"
"297","174966","20220922235000","398","0","澎湖縣","望安鄉","119.505","23.360","344"
"12","174989","20220922235000","52","0","臺南市","白河區","120.460","23.350","11"
"117","175007","20220922235000","113","1","臺南市","東山區","120.500","23.295","119"
"97","175048","20220922235000","42","3","臺南市","白河區","120.480","23.320","127"
"26","175054","20220922235000","31","0","臺南市","白河區","120.510","23.320","25"
"337","175059","20220922235000","324","1","臺南市","白河區","120.485","23.325","337"
"77","175081","20220922235000","72","1","臺南市","白河區","120.495","23.335","72"
"164","175083","20220922235000","146","1","臺南市","白河區","120.505","23.335","121"
"70","175092","20220922235000","79","0","臺南市","白河區","120.505","23.340","51"
"1372","175108","20220922235000","1224","1","臺南市","新營區","120.310","23.305","1298"
"118","175181","20220922235000","115","1","花蓮縣","玉里鎮","121.335","23.320","136"
"999","175206","20220922235000","906","1","花蓮縣","玉里鎮","121.310","23.335","1028"
"115","175209","20220922235000","125","0","花蓮縣","玉里鎮","121.310","23.340","140"
"71","175217","20220922235000","72","0","花蓮縣","玉里鎮","121.300","23.300","70"
"321","175262","20220922235000","305","1","花蓮縣","玉里鎮","121.300","23.320","335"
"203","175264","20220922235000","178","1","花蓮縣","玉里鎮","121.310","23.320","194"
"37","175284","20220922235000","19","3","花蓮縣","玉里鎮","121.275","23.290","35"
"26","175299","20220922235000","33","0","花蓮縣","玉里鎮","121.290","23.295","22"
"185","175318","20220922235000","686","0","臺南市","白河區","120.410","23.345","165"
"45","175319","20220922235000","484","0","臺南市","白河區","120.405","23.350","42"
"160","175320","20220922235000","619","0","臺南市","白河區","120.410","23.350","172"
"62","175328","20220922235000","49","2","臺南市","白河區","120.460","23.365","49"
"183","175348","20220922235000","260","0","臺南市","白河區","120.440","23.345","167"
"297","175355","20220922235000","132","3","臺南市","新營區","120.330","23.320","479"
"48","175359","20220922235000","20","3","臺南市","新營區","120.350","23.320","37"
"1094","175362","20220922235000","955","1","臺南市","新營區","120.315","23.325","1098"
"537","175398","20220922235000","397","2","臺南市","後壁區","120.315","23.370","496"
"591","175425","20220922235000","277","3","臺南市","後壁區","120.375","23.330","522"
"14","175446","20220922235000","480","0","臺南市","新營區","120.320","23.320","119"
"392","175467","20220922235000","480","0","臺南市","北門區","120.170","23.300","387"
"233","175484","20220922235000","232","1","臺南市","後壁區","120.330","23.355","239"
"442","175489","20220922235000","573","0","臺南市","新營區","120.270","23.295","463"
"586","175497","20220922235000","825","0","臺南市","後壁區","120.360","23.370","612"
"2668","175499","20220922235000","2420","1","臺南市","後壁區","120.370","23.370","2672"
"1470","175523","20220922235000","1309","1","臺南市","後壁區","120.395","23.370","1447"
"989","175546","20220922235000","861","1","臺南市","新營區","120.310","23.300","1000"
"1763","175547","20220922235000","1403","2","臺南市","新營區","120.315","23.310","2188"
"1820","175548","20220922235000","2294","0","臺南市","新營區","120.315","23.315","2288"
"187","175564","20220922235000","267","0","臺南市","後壁區","120.355","23.365","209"
"1826","175576","20220922235000","1117","3","臺南市","新營區","120.300","23.310","1907"
"190","175585","20220922235000","120","3","臺南市","北門區","120.110","23.300","186"
"12","175648","20220922235000","33","0","臺南市","新營區","120.290","23.300","18"
"54","175651","20220922235000","40","2","臺南市","柳營區","120.300","23.295","57"
"64","175653","20220922235000","22","3","臺南市","柳營區","120.310","23.295","75"
"24","175712","20220922235000","151","0","臺南市","白河區","120.430","23.330","38"
"18","175737","20220922235000","390","0","臺南市","白河區","120.430","23.355","31"
"29","175874","20220922235000","30","0","花蓮縣","卓溪鄉","121.270","23.305","31"
"161","176357","20220922235000","147","1","花蓮縣","玉里鎮","121.300","23.345","152"
"513","176756","20220922235000","344","2","臺南市","新營區","120.325","23.315","515"
"366","176757","20220922235000","319","1","臺南市","新營區","120.330","23.315","320"
"33","176764","20220922235000","39","0","花蓮縣","玉里鎮","121.330","23.300","39"
"294","176798","20220922235000","224","2","臺南市","後壁區","120.350","23.335","293"
"1148","176811","20220922235000","1108","1","臺南市","新營區","120.305","23.300","1173"
"972","176812","20220922235000","792","2","臺南市","新營區","120.315","23.305","1029"
"18","176814","20220922235000","13","2","臺南市","東山區","120.385","23.310","12"
"48","176830","20220922235000","167","0","臺南市","東山區","120.390","23.330","51"
"905","176863","20220922235000","812","1","臺南市","東山區","120.405","23.320","905"
"176","176885","20220922235000","163","1","臺南市","東山區","120.405","23.325","168"
"170","176921","20220922235000","323","0","臺南市","東山區","120.390","23.295","140"
"453","176933","20220922235000","413","1","臺南市","東山區","120.415","23.300","413"
"298","176942","20220922235000","206","2","臺南市","東山區","120.345","23.300","273"
"873","176986","20220922235000","464","3","臺南市","白河區","120.395","23.340","966"
"694","177006","20220922235000","779","0","臺南市","鹽水區","120.270","23.325","769"
"644","177007","20220922235000","638","1","嘉義縣","義竹鄉","120.255","23.330","718"
"601","177010","20220922235000","502","1","臺南市","鹽水區","120.270","23.330","698"
"22","177169","20220922235000","48","0","花蓮縣","玉里鎮","121.370","23.350","18"
"1370","177425","20220922235000","783","3","臺南市","新營區","120.315","23.300","1336"
"285","177432","20220922235000","320","0","臺南市","鹽水區","120.280","23.330","270"
"332","177436","20220922235000","218","3","臺南市","鹽水區","120.290","23.335","439"
"1100","177466","20220922235000","927","1","臺南市","鹽水區","120.270","23.310","1131"
"482","177467","20220922235000","513","0","臺南市","新營區","120.275","23.310","501"
"929","177475","20220922235000","670","2","臺南市","鹽水區","120.265","23.325","1012"
"92","177480","20220922235000","81","1","臺南市","白河區","120.480","23.325","76"
"103","177500","20220922235000","87","1","臺南市","白河區","120.495","23.340","131"
"11","177550","20220922235000","14","0","臺南市","白河區","120.455","23.310","14"
"350","177580","20220922235000","1313","0","臺南市","白河區","120.415","23.350","318"
"257","177586","20220922235000","155","3","臺南市","柳營區","120.325","23.295","332"
"30","177599","20220922235000","852","0","臺南市","柳營區","120.365","23.295","339"
"53","177602","20220922235000","36","2","臺南市","鹽水區","120.270","23.320","69"
"375","177603","20220922235000","316","1","花蓮縣","玉里鎮","121.320","23.320","356"
"624","177605","20220922235000","379","3","花蓮縣","玉里鎮","121.310","23.325","633"
"290","177606","20220922235000","157","3","花蓮縣","玉里鎮","121.315","23.325","300"
"277","177609","20220922235000","266","1","花蓮縣","玉里鎮","121.310","23.330","265"
"2119","177610","20220922235000","1970","1","花蓮縣","玉里鎮","121.315","23.330","2163"
"1085","177613","20220922235000","1065","1","花蓮縣","玉里鎮","121.315","23.340","1103"
"179","177617","20220922235000","165","1","花蓮縣","玉里鎮","121.320","23.345","186"
"453","177619","20220922235000","425","1","花蓮縣","玉里鎮","121.320","23.330","463"
"150","177624","20220922235000","113","2","花蓮縣","玉里鎮","121.320","23.350","146"
"260","177632","20220922235000","224","1","花蓮縣","卓溪鄉","121.320","23.355","255"
"30","177682","20220922235000","22","2","臺東縣","長濱鄉","121.440","23.325","28"
"103","177742","20220922235000","51","3","臺東縣","長濱鄉","121.425","23.290","103"
"27","177750","20220922235000","26","1","臺東縣","長濱鄉","121.420","23.295","30"
"300","177808","20220922235000","513","0","臺東縣","長濱鄉","121.455","23.315","338"
"200","177813","20220922235000","179","1","臺東縣","長濱鄉","121.460","23.320","224"
"147","177815","20220922235000","94","3","臺東縣","長濱鄉","121.445","23.325","151"
"219","177826","20220922235000","146","3","臺東縣","長濱鄉","121.465","23.335","222"
"947","178630","20220922235000","634","2","臺南市","鹽水區","120.265","23.320","983"
"240","178643","20220922235000","248","0","臺南市","新營區","120.305","23.320","220"
"43","178697","20220922235000","34","2","嘉義縣","中埔鄉","120.510","23.345","37"
"25","178710","20220922235000","14","3","嘉義縣","中埔鄉","120.520","23.350","21"
"12","178712","20220922235000","59","0","嘉義縣","中埔鄉","120.530","23.350","12"
"261","178722","20220922235000","125","3","嘉義縣","中埔鄉","120.540","23.355","308"
"116","178756","20220922235000","81","2","嘉義縣","中埔鄉","120.495","23.370","103"
"341","178768","20220922235000","302","1","臺南市","鹽水區","120.260","23.295","316"
"274","178886","20220922235000","171","3","嘉義縣","布袋鎮","120.140","23.335","268"
"574","178930","20220922235000","196","3","嘉義縣","布袋鎮","120.160","23.320","631"
"1034","178938","20220922235000","1130","0","嘉義縣","布袋鎮","120.165","23.325","992"
"81","178970","20220922235000","52","3","嘉義縣","大埔鄉","120.625","23.300","73"
"20","178978","20220922235000","20","1","嘉義縣","大埔鄉","120.605","23.305","19"
"71","179106","20220922235000","81","0","嘉義縣","大埔鄉","120.590","23.295","80"
"521","179113","20220922235000","539","0","嘉義縣","大埔鄉","120.595","23.295","516"
"112","179189","20220922235000","110","1","嘉義縣","大埔鄉","120.570","23.330","121"
"30","179210","20220922235000","29","1","嘉義縣","大埔鄉","120.555","23.340","29"
"23","179249","20220922235000","16","2","嘉義縣","大埔鄉","120.585","23.360","28"
"40","179312","20220922235000","35","1","嘉義縣","番路鄉","120.605","23.355","37"
"213","179320","20220922235000","159","2","嘉義縣","番路鄉","120.590","23.360","261"
"1403","179352","20220922235000","1257","1","嘉義縣","義竹鄉","120.250","23.340","1345"
"601","179448","20220922235000","660","0","嘉義縣","義竹鄉","120.240","23.335","585"
"73","179461","20220922235000","58","2","嘉義縣","義竹鄉","120.245","23.335","81"
"749","179521","20220922235000","464","3","嘉義縣","義竹鄉","120.195","23.305","726"
"18","179523","20220922235000","13","2","嘉義縣","義竹鄉","120.205","23.305","25"
"47","179646","20220922235000","32","2","嘉義縣","阿里山鄉","120.680","23.335","42"
"66","179666","20220922235000","49","2","嘉義縣","阿里山鄉","120.680","23.340","67"
"100","179747","20220922235000","89","1","嘉義縣","阿里山鄉","120.665","23.300","87"
"53","179773","20220922235000","70","0","嘉義縣","阿里山鄉","120.695","23.305","70"
"41","179780","20220922235000","39","1","嘉義縣","阿里山鄉","120.665","23.310","42"
"1027","179845","20220922235000","761","2","嘉義縣","義竹鄉","120.225","23.320","1021"
"1086","179874","20220922235000","733","2","嘉義縣","義竹鄉","120.190","23.335","1036"
"573","179880","20220922235000","576","0","嘉義縣","義竹鄉","120.230","23.360","540"
"112","179883","20220922235000","88","2","嘉義縣","義竹鄉","120.245","23.360","133"
"716","179922","20220922235000","682","1","嘉義縣","義竹鄉","120.220","23.360","764"
"230","179933","20220922235000","147","3","嘉義縣","義竹鄉","120.210","23.300","220"
"682","179945","20220922235000","551","2","嘉義縣","義竹鄉","120.270","23.360","664"
"212","180132","20220922235000","212","1","澎湖縣","望安鄉","119.520","23.365","211"
"114","180802","20220922235000","135","0","嘉義縣","布袋鎮","120.140","23.375","148"
"109","180804","20220922235000","68","3","臺東縣","長濱鄉","121.475","23.380","108"
"123","181221","20220922235000","126","0","澎湖縣","望安鄉","119.495","23.380","161"
"187","185223","20220922235000","155","2","嘉義縣","東石鄉","120.135","23.450","221"
"1225","185452","20220922235000","1526","0","嘉義市","東區","120.455","23.450","1162"
"960","185456","20220922235000","1081","0","嘉義縣","水上鄉","120.430","23.450","952"
"60","185475","20220922235000","95","0","澎湖縣","望安鄉","119.320","23.395","91"
"78","185491","20220922235000","57","2","花蓮縣","瑞穗鄉","121.350","23.450","58"
"131","185499","20220922235000","768","0","臺南市","白河區","120.405","23.395","115"
"27","185543","20220922235000","11","3","花蓮縣","玉里鎮","121.390","23.380","59"
"296","185546","20220922235000","252","1","花蓮縣","玉里鎮","121.355","23.385","304"
"30","185565","20220922235000","15","3","花蓮縣","玉里鎮","121.395","23.390","50"
"71","185576","20220922235000","29","3","花蓮縣","玉里鎮","121.355","23.395","57"
"64","185590","20220922235000","49","2","花蓮縣","玉里鎮","121.365","23.405","58"
"109","185598","20220922235000","344","0","臺南市","白河區","120.415","23.380","107"
"230","185635","20220922235000","337","0","臺南市","後壁區","120.380","23.390","269"
"590","185683","20220922235000","850","0","臺南市","後壁區","120.340","23.380","741"
"215","185698","20220922235000","130","3","臺南市","白河區","120.480","23.385","208"
"139","186808","20220922235000","132","1","花蓮縣","卓溪鄉","121.315","23.435","142"
"276","186812","20220922235000","218","2","花蓮縣","卓溪鄉","121.335","23.435","255"
"83","186826","20220922235000","52","3","花蓮縣","卓溪鄉","121.340","23.440","75"
"25","186875","20220922235000","35","0","臺南市","後壁區","120.335","23.380","31"
"37","186914","20220922235000","26","2","臺南市","白河區","120.445","23.380","38"
"46","186915","20220922235000","471","0","臺南市","白河區","120.450","23.380","35"
"92","186921","20220922235000","176","0","臺南市","白河區","120.435","23.390","89"
"20","187008","20220922235000","17","1","臺東縣","長濱鄉","121.480","23.395","26"
"216","187061","20220922235000","173","2","花蓮縣","玉里鎮","121.320","23.395","189"
"141","187086","20220922235000","109","2","花蓮縣","玉里鎮","121.340","23.415","132"
"167","187099","20220922235000","90","3","花蓮縣","玉里鎮","121.345","23.425","150"
"138","187105","20220922235000","124","1","花蓮縣","玉里鎮","121.345","23.430","129"
"160","187173","20220922235000","120","2","花蓮縣","玉里鎮","121.395","23.450","151"
"254","187253","20220922235000","216","1","花蓮縣","玉里鎮","121.375","23.425","281"
"89","187296","20220922235000","279","0","臺南市","白河區","120.440","23.400","78"
"181","187322","20220922235000","149","2","花蓮縣","玉里鎮","121.330","23.375","187"
"212","187339","20220922235000","117","3","花蓮縣","玉里鎮","121.325","23.390","197"
"21","187385","20220922235000","24","0","臺東縣","長濱鄉","121.465","23.405","22"
"39","187398","20220922235000","60","0","臺東縣","長濱鄉","121.470","23.410","42"
"75","188051","20220922235000","643","0","嘉義縣","中埔鄉","120.520","23.430","64"
"401","188063","20220922235000","319","2","嘉義縣","中埔鄉","120.560","23.435","367"
"675","188064","20220922235000","960","0","嘉義縣","中埔鄉","120.520","23.420","675"
"456","188069","20220922235000","252","3","嘉義縣","中埔鄉","120.520","23.425","459"
"105","188090","20220922235000","92","1","嘉義縣","中埔鄉","120.510","23.400","119"
"31","188129","20220922235000","439","0","嘉義縣","中埔鄉","120.460","23.445","36"
"392","188131","20220922235000","326","2","嘉義縣","中埔鄉","120.460","23.450","455"
"566","188132","20220922235000","537","1","嘉義縣","中埔鄉","120.470","23.450","652"
"545","188133","20220922235000","608","0","嘉義縣","中埔鄉","120.475","23.450","517"
"1549","188134","20220922235000","1673","0","嘉義縣","中埔鄉","120.465","23.450","1389"
"218","188136","20220922235000","130","3","嘉義縣","中埔鄉","120.485","23.450","280"
"1297","188141","20220922235000","1357","0","嘉義縣","中埔鄉","120.450","23.435","1250"
"602","188144","20220922235000","578","1","嘉義縣","中埔鄉","120.455","23.445","706"
"421","188147","20220922235000","483","0","嘉義縣","中埔鄉","120.480","23.440","433"
"10","188154","20220922235000","131","0","嘉義縣","中埔鄉","120.490","23.445","15"
"681","188193","20220922235000","584","1","嘉義縣","中埔鄉","120.520","23.385","664"
"192","188241","20220922235000","151","2","嘉義縣","中埔鄉","120.580","23.425","202"
"215","188261","20220922235000","167","2","嘉義縣","中埔鄉","120.540","23.390","215"
"24","188280","20220922235000","80","0","嘉義縣","中埔鄉","120.575","23.380","15"
"44","188314","20220922235000","42","1","嘉義縣","中埔鄉","120.590","23.395","45"
"523","188331","20220922235000","482","1","嘉義縣","中埔鄉","120.555","23.405","499"
"44","188335","20220922235000","13","3","嘉義縣","中埔鄉","120.575","23.405","34"
"107","188368","20220922235000","776","0","嘉義縣","中埔鄉","120.540","23.440","103"
"367","188369","20220922235000","269","2","嘉義縣","中埔鄉","120.545","23.440","380"
"219","188382","20220922235000","216","1","嘉義縣","中埔鄉","120.565","23.445","229"
"506","188390","20220922235000","377","2","嘉義縣","中埔鄉","120.530","23.440","546"
"336","188417","20220922235000","354","0","嘉義縣","中埔鄉","120.510","23.435","288"
"574","188421","20220922235000","430","2","嘉義縣","中埔鄉","120.510","23.440","624"
"726","188422","20220922235000","738","0","嘉義縣","中埔鄉","120.495","23.445","712"
"439","188442","20220922235000","446","0","嘉義縣","中埔鄉","120.515","23.410","396"
"261","188445","20220922235000","267","0","嘉義縣","中埔鄉","120.530","23.410","272"
"363","188457","20220922235000","448","0","嘉義縣","中埔鄉","120.505","23.425","358"
"31","188462","20220922235000","35","0","嘉義縣","中埔鄉","120.505","23.375","36"
"155","188463","20220922235000","114","2","嘉義縣","中埔鄉","120.510","23.375","152"
"394","188469","20220922235000","377","1","嘉義縣","鹿草鄉","120.315","23.390","385"
"445","188493","20220922235000","454","0","嘉義縣","鹿草鄉","120.320","23.420","429"
"346","188498","20220922235000","139","3","嘉義縣","鹿草鄉","120.320","23.425","331"
"1049","188503","20220922235000","951","1","嘉義縣","鹿草鄉","120.315","23.410","1047"
"20","188507","20220922235000","136","0","嘉義縣","太保市","120.335","23.430","16"
"253","188508","20220922235000","108","3","嘉義縣","太保市","120.340","23.430","290"
"41","188516","20220922235000","254","0","嘉義縣","太保市","120.340","23.440","36"
"57","188554","20220922235000","457","0","嘉義縣","鹿草鄉","120.340","23.400","67"
"272","188555","20220922235000","261","1","嘉義縣","鹿草鄉","120.290","23.375","301"
"68","188574","20220922235000","368","0","嘉義縣","朴子市","120.245","23.415","68"
"54","188579","20220922235000","313","0","嘉義縣","水上鄉","120.355","23.410","71"
"244","188626","20220922235000","160","3","嘉義縣","鹿草鄉","120.345","23.405","235"
"196","188631","20220922235000","156","2","嘉義縣","鹿草鄉","120.330","23.410","217"
"21","188646","20220922235000","83","0","嘉義縣","朴子市","120.290","23.445","24"
"214","188650","20220922235000","82","3","嘉義縣","朴子市","120.280","23.450","231"
"669","188654","20220922235000","656","1","嘉義縣","布袋鎮","120.170","23.375","744"
"147","188666","20220922235000","140","1","嘉義縣","布袋鎮","120.220","23.390","143"
"164","188716","20220922235000","150","1","嘉義縣","阿里山鄉","120.715","23.390","160"
"159","188874","20220922235000","985","0","嘉義縣","太保市","120.345","23.450","163"
"37","188885","20220922235000","288","0","嘉義縣","太保市","120.320","23.445","45"
"92","188892","20220922235000","390","0","嘉義縣","太保市","120.340","23.450","95"
"123","188897","20220922235000","102","2","嘉義縣","朴子市","120.235","23.440","140"
"27","188921","20220922235000","11","3","嘉義縣","朴子市","120.240","23.450","25"
"159","188949","20220922235000","142","1","嘉義縣","朴子市","120.255","23.410","188"
"552","188956","20220922235000","416","2","嘉義縣","朴子市","120.260","23.420","540"
"117","188966","20220922235000","124","0","嘉義縣","東石鄉","120.145","23.455","108"
"596","188983","20220922235000","313","3","嘉義縣","布袋鎮","120.190","23.375","588"
"57","189028","20220922235000","341","0","嘉義縣","太保市","120.295","23.440","62"
"183","189044","20220922235000","157","1","嘉義縣","東石鄉","120.170","23.430","203"
"207","189051","20220922235000","156","2","嘉義縣","東石鄉","120.180","23.440","191"
"39","189105","20220922235000","159","0","嘉義縣","東石鄉","120.185","23.450","49"
"46","189112","20220922235000","253","0","嘉義縣","東石鄉","120.200","23.455","47"
"10","189120","20220922235000","12","0","嘉義縣","東石鄉","120.150","23.435","10"
"549","189144","20220922235000","408","2","嘉義縣","布袋鎮","120.165","23.375","583"
"53","189152","20220922235000","353","0","嘉義縣","東石鄉","120.205","23.425","58"
"18","189184","20220922235000","207","0","嘉義縣","水上鄉","120.410","23.430","20"
"15","189187","20220922235000","282","0","嘉義縣","水上鄉","120.415","23.430","22"
"726","189189","20220922235000","658","1","嘉義縣","水上鄉","120.415","23.435","681"
"358","189192","20220922235000","261","2","嘉義縣","水上鄉","120.420","23.440","409"
"639","189195","20220922235000","665","0","嘉義縣","布袋鎮","120.180","23.375","609"
"125","189210","20220922235000","119","1","嘉義縣","布袋鎮","120.200","23.400","108"
"12","189224","20220922235000","93","0","嘉義縣","水上鄉","120.435","23.430","15"
"206","189225","20220922235000","200","1","嘉義縣","水上鄉","120.420","23.430","191"
"749","189233","20220922235000","584","2","嘉義縣","水上鄉","120.425","23.440","688"
"44","189242","20220922235000","198","0","嘉義縣","水上鄉","120.370","23.415","53"
"140","189246","20220922235000","175","0","嘉義縣","水上鄉","120.370","23.420","162"
"56","189248","20220922235000","189","0","嘉義縣","水上鄉","120.360","23.425","80"
"340","189268","20220922235000","332","1","嘉義縣","水上鄉","120.495","23.400","361"
"19","189288","20220922235000","199","0","嘉義縣","水上鄉","120.460","23.415","18"
"136","189292","20220922235000","68","3","嘉義縣","水上鄉","120.450","23.420","150"
"51","189296","20220922235000","64","0","嘉義縣","水上鄉","120.410","23.445","53"
"459","189322","20220922235000","366","2","嘉義縣","水上鄉","120.370","23.440","425"
"100","189337","20220922235000","650","0","嘉義縣","水上鄉","120.360","23.445","107"
"290","189343","20220922235000","314","0","嘉義縣","水上鄉","120.425","23.445","346"
"1277","189344","20220922235000","981","2","嘉義縣","水上鄉","120.430","23.445","1350"
"100","189349","20220922235000","51","3","嘉義縣","水上鄉","120.435","23.415","110"
"505","189350","20220922235000","441","1","嘉義縣","水上鄉","120.430","23.420","486"
"792","189351","20220922235000","689","1","嘉義縣","水上鄉","120.435","23.420","727"
"126","189364","20220922235000","60","3","嘉義縣","布袋鎮","120.150","23.375","131"
"367","189365","20220922235000","282","2","嘉義縣","布袋鎮","120.155","23.375","343"
"246","189369","20220922235000","159","3","嘉義縣","布袋鎮","120.150","23.380","269"
"469","189370","20220922235000","373","2","嘉義縣","布袋鎮","120.155","23.380","495"
"77","189382","20220922235000","898","0","嘉義縣","水上鄉","120.470","23.435","68"
"168","189385","20220922235000","140","2","嘉義縣","水上鄉","120.385","23.405","154"
"66","189387","20220922235000","79","0","嘉義縣","水上鄉","120.390","23.410","56"
"315","189388","20220922235000","210","3","嘉義縣","水上鄉","120.385","23.415","367"
"348","189389","20220922235000","462","0","嘉義縣","水上鄉","120.385","23.420","329"
"19","189392","20220922235000","17","1","嘉義縣","水上鄉","120.405","23.450","20"
"488","189393","20220922235000","484","1","嘉義縣","水上鄉","120.435","23.445","475"
"198","189396","20220922235000","384","0","嘉義縣","水上鄉","120.400","23.425","191"
"89","189397","20220922235000","397","0","嘉義縣","水上鄉","120.395","23.430","106"
"1308","189399","20220922235000","1277","1","嘉義縣","水上鄉","120.400","23.430","1280"
"235","189411","20220922235000","316","0","嘉義縣","水上鄉","120.390","23.425","235"
"72","189413","20220922235000","691","0","嘉義縣","水上鄉","120.395","23.435","86"
"455","189416","20220922235000","517","0","嘉義縣","水上鄉","120.400","23.435","451"
"395","189439","20220922235000","366","1","嘉義縣","水上鄉","120.420","23.420","407"
"74","189459","20220922235000","99","0","嘉義縣","水上鄉","120.385","23.425","57"
"432","189461","20220922235000","403","1","嘉義縣","水上鄉","120.380","23.430","383"
"261","189463","20220922235000","358","0","嘉義縣","水上鄉","120.390","23.430","263"
"913","189474","20220922235000","816","1","嘉義縣","鹿草鄉","120.295","23.380","871"
"186","189491","20220922235000","173","1","嘉義縣","鹿草鄉","120.270","23.395","176"
"277","189518","20220922235000","259","1","嘉義縣","鹿草鄉","120.305","23.415","306"
"46","189555","20220922235000","142","0","嘉義縣","鹿草鄉","120.285","23.435","43"
"63","189575","20220922235000","310","0","嘉義縣","朴子市","120.245","23.430","68"
"578","189579","20220922235000","508","1","嘉義縣","朴子市","120.245","23.435","491"
"180","189583","20220922235000","156","1","嘉義縣","朴子市","120.250","23.440","196"
"1341","189591","20220922235000","1543","0","嘉義縣","東石鄉","120.180","23.420","1291"
"294","189607","20220922235000","282","1","嘉義縣","番路鄉","120.660","23.420","273"
"140","189608","20220922235000","100","2","嘉義縣","番路鄉","120.650","23.425","135"
"34","189630","20220922235000","37","0","嘉義縣","番路鄉","120.640","23.440","29"
"153","189633","20220922235000","128","1","嘉義縣","番路鄉","120.655","23.440","136"
"19","189645","20220922235000","27","0","嘉義縣","番路鄉","120.645","23.440","23"
"165","189663","20220922235000","161","1","嘉義縣","番路鄉","120.670","23.445","229"
"132","189673","20220922235000","105","2","嘉義縣","番路鄉","120.645","23.400","162"
"40","189685","20220922235000","35","1","嘉義縣","番路鄉","120.650","23.405","62"
"30","189703","20220922235000","19","3","嘉義縣","番路鄉","120.640","23.415","31"
"58","189705","20220922235000","29","3","嘉義縣","番路鄉","120.605","23.420","48"
"18","189724","20220922235000","20","0","嘉義縣","番路鄉","120.610","23.430","20"
"15","189740","20220922235000","13","1","嘉義縣","番路鄉","120.610","23.445","18"
"96","189756","20220922235000","75","2","嘉義縣","番路鄉","120.620","23.375","94"
"153","189823","20220922235000","147","1","嘉義縣","番路鄉","120.600","23.435","142"
"213","189837","20220922235000","191","1","嘉義縣","番路鄉","120.580","23.450","220"
"348","189852","20220922235000","263","2","嘉義縣","布袋鎮","120.170","23.385","321"
"125","189978","20220922235000","121","1","嘉義縣","阿里山鄉","120.665","23.380","132"
"13","189981","20220922235000","12","1","嘉義縣","阿里山鄉","120.680","23.380","11"
"90","190321","20220922235000","102","0","嘉義縣","阿里山鄉","120.750","23.440","90"
"52","190374","20220922235000","47","1","嘉義縣","阿里山鄉","120.755","23.450","82"
"159","190402","20220922235000","152","1","嘉義縣","義竹鄉","120.245","23.385","158"
"345","190407","20220922235000","268","2","嘉義縣","義竹鄉","120.240","23.375","346"
"118","192504","20220922235000","97","2","澎湖縣","馬公市","119.515","23.485","124"
"251","192620","20220922235000","278","0","嘉義縣","東石鄉","120.165","23.490","237"
"122","192621","20220922235000","80","3","花蓮縣","豐濱鄉","121.510","23.490","133"
"39","194053","20220922235000","116","0","澎湖縣","馬公市","119.515","23.510","46"
"361","194584","20220922235000","323","1","澎湖縣","馬公市","119.595","23.520","323"
"394","194849","20220922235000","331","1","澎湖縣","馬公市","119.580","23.525","381"
"152","194852","20220922235000","113","2","澎湖縣","馬公市","119.595","23.525","117"
"1425","194945","20220922235000","1063","2","嘉義市","東區","120.455","23.495","1431"
"381","194952","20220922235000","215","3","嘉義市","東區","120.485","23.460","363"
"48","194954","20220922235000","55","0","嘉義市","東區","120.495","23.460","50"
"117","194959","20220922235000","89","2","嘉義市","東區","120.485","23.470","112"
"694","194965","20220922235000","1067","0","嘉義市","西區","120.435","23.460","712"
"1020","194966","20220922235000","1633","0","嘉義市","西區","120.440","23.460","1229"
"520","194967","20220922235000","413","2","嘉義市","西區","120.445","23.460","491"
"36","194968","20220922235000","46","0","嘉義市","西區","120.440","23.475","42"
"868","194969","20220922235000","552","3","嘉義市","西區","120.440","23.490","867"
"875","194970","20220922235000","1351","0","嘉義市","東區","120.460","23.480","873"
"923","194971","20220922235000","917","1","嘉義市","東區","120.450","23.480","914"
"1226","194972","20220922235000","803","3","嘉義市","東區","120.450","23.490","1213"
"439","194973","20220922235000","2136","0","嘉義市","東區","120.450","23.495","481"
"1199","194974","20220922235000","967","2","嘉義市","西區","120.415","23.485","1138"
"556","194975","20220922235000","707","0","嘉義市","西區","120.405","23.490","558"
"1139","194980","20220922235000","2481","0","嘉義市","西區","120.425","23.475","1156"
"614","194981","20220922235000","658","0","嘉義市","西區","120.430","23.470","651"
"86","194985","20220922235000","1700","0","嘉義市","東區","120.470","23.490","95"
"408","194986","20220922235000","482","0","嘉義市","東區","120.470","23.495","362"
"476","194988","20220922235000","401","1","嘉義市","東區","120.480","23.495","517"
"613","194993","20220922235000","772","0","嘉義市","東區","120.450","23.500","562"
"57","194994","20220922235000","539","0","嘉義市","東區","120.450","23.505","77"
"670","194995","20220922235000","663","1","嘉義市","東區","120.455","23.505","630"
"189","194996","20220922235000","247","0","嘉義市","東區","120.445","23.510","177"
"611","195001","20220922235000","1483","0","嘉義市","東區","120.485","23.485","685"
"444","195002","20220922235000","413","1","嘉義市","東區","120.490","23.480","459"
"841","195003","20220922235000","1342","0","嘉義市","東區","120.455","23.490","816"
"2287","195004","20220922235000","2312","0","嘉義市","東區","120.455","23.480","2316"
"454","195006","20220922235000","305","2","嘉義市","西區","120.420","23.480","451"
"942","195007","20220922235000","1036","0","嘉義市","西區","120.430","23.480","915"
"497","195008","20220922235000","519","0","嘉義市","西區","120.420","23.490","490"
"1025","195009","20220922235000","2666","0","嘉義市","西區","120.430","23.465","1035"
"1252","195011","20220922235000","920","2","嘉義市","西區","120.425","23.485","1215"
"981","195012","20220922235000","1943","0","嘉義市","西區","120.435","23.480","907"
"1525","195013","20220922235000","2141","0","嘉義市","西區","120.430","23.485","1518"
"27","195015","20220922235000","32","0","嘉義市","西區","120.395","23.490","28"
"144","195016","20220922235000","99","2","嘉義市","西區","120.400","23.490","126"
"24","195017","20220922235000","28","0","嘉義市","西區","120.390","23.495","22"
"1627","195022","20220922235000","1189","2","嘉義市","西區","120.440","23.480","1628"
"689","195024","20220922235000","432","3","嘉義市","西區","120.430","23.495","684"
"58","195025","20220922235000","1507","0","嘉義市","西區","120.425","23.490","88"
"2091","195033","20220922235000","1275","3","嘉義市","東區","120.450","23.475","2026"
"1812","195036","20220922235000","1035","3","嘉義市","東區","120.450","23.460","1712"
"2559","195037","20220922235000","1957","2","嘉義市","東區","120.455","23.455","2676"
"116","195038","20220922235000","1917","0","嘉義市","西區","120.435","23.470","156"
"260","195039","20220922235000","220","1","嘉義市","西區","120.430","23.455","256"
"30","195040","20220922235000","461","0","嘉義市","西區","120.430","23.460","37"
"116","195041","20220922235000","1279","0","嘉義市","西區","120.440","23.485","146"
"136","195042","20220922235000","110","2","嘉義市","西區","120.395","23.465","142"
"443","195047","20220922235000","334","2","嘉義市","西區","120.405","23.470","480"
"455","195049","20220922235000","414","1","嘉義市","西區","120.405","23.475","521"
"64","195053","20220922235000","609","0","嘉義市","西區","120.445","23.500","69"
"1778","195054","20220922235000","1915","0","嘉義市","東區","120.465","23.490","1931"
"25","195055","20220922235000","17","2","嘉義市","東區","120.465","23.495","29"
"530","195056","20220922235000","295","3","嘉義市","東區","120.460","23.470","522"
"1930","195057","20220922235000","1101","3","嘉義市","東區","120.470","23.480","1828"
"164","195058","20220922235000","890","0","嘉義市","東區","120.465","23.475","209"
"2131","195060","20220922235000","1792","1","嘉義市","西區","120.435","23.475","2109"
"1406","195061","20220922235000","782","3","嘉義市","西區","120.440","23.465","1449"
"16","195062","20220922235000","473","0","嘉義市","西區","120.450","23.465","26"
"1302","195064","20220922235000","2139","0","嘉義市","西區","120.440","23.470","1290"
"19","195065","20220922235000","12","3","嘉義市","東區","120.455","23.485","23"
"61","195066","20220922235000","650","0","嘉義市","東區","120.450","23.485","73"
"697","195069","20220922235000","573","2","嘉義市","西區","120.415","23.475","903"
"1319","195073","20220922235000","3220","0","嘉義市","西區","120.440","23.455","1407"
"2882","195075","20220922235000","2622","1","嘉義市","西區","120.445","23.475","2849"
"2141","195076","20220922235000","2205","0","嘉義市","東區","120.465","23.465","2282"
"1310","195083","20220922235000","850","3","嘉義市","東區","120.445","23.515","1519"
"387","195084","20220922235000","865","0","嘉義市","東區","120.465","23.480","393"
"900","195086","20220922235000","965","0","嘉義市","東區","120.480","23.465","934"
"1307","195090","20220922235000","880","2","嘉義市","東區","120.475","23.475","1194"
"54","195093","20220922235000","713","0","嘉義市","東區","120.470","23.485","54"
"898","195094","20220922235000","576","3","嘉義市","東區","120.475","23.485","1000"
"20","195098","20220922235000","17","1","嘉義市","東區","120.500","23.475","41"
"25","195100","20220922235000","332","0","嘉義市","東區","120.485","23.480","22"
"645","195103","20220922235000","504","2","嘉義市","東區","120.500","23.480","647"
"523","195108","20220922235000","409","2","嘉義市","東區","120.490","23.485","498"
"36","195109","20220922235000","19","3","嘉義市","東區","120.495","23.485","36"
"69","195113","20220922235000","835","0","嘉義市","東區","120.470","23.475","106"
"866","195114","20220922235000","650","2","嘉義市","東區","120.455","23.500","883"
"121","195115","20220922235000","103","1","嘉義市","東區","120.475","23.490","124"
"723","195118","20220922235000","629","1","嘉義市","東區","120.480","23.490","720"
"1339","195120","20220922235000","2018","0","嘉義市","東區","120.455","23.475","1744"
"1479","195121","20220922235000","1646","0","嘉義市","西區","120.430","23.490","1429"
"102","195122","20220922235000","914","0","嘉義市","西區","120.435","23.485","129"
"115","195123","20220922235000","1020","0","嘉義市","西區","120.435","23.490","149"
"669","195124","20220922235000","667","1","嘉義市","西區","120.450","23.470","626"
"736","195127","20220922235000","468","3","嘉義市","東區","120.470","23.470","744"
"36","195128","20220922235000","754","0","嘉義市","東區","120.475","23.480","50"
"580","195129","20220922235000","491","1","嘉義市","東區","120.465","23.485","679"
"42","195131","20220922235000","43","0","嘉義市","東區","120.480","23.480","43"
"944","195133","20220922235000","777","2","嘉義市","東區","120.460","23.490","1088"
"95","195139","20220922235000","551","0","嘉義市","西區","120.405","23.480","68"
"407","195147","20220922235000","312","2","嘉義市","西區","120.415","23.465","394"
"91","195148","20220922235000","1772","0","嘉義市","西區","120.420","23.465","114"
"914","195150","20220922235000","779","1","嘉義市","西區","120.415","23.470","950"
"101","195151","20220922235000","88","1","嘉義市","西區","120.420","23.470","96"
"813","195154","20220922235000","477","3","嘉義市","西區","120.440","23.495","812"
"111","195158","20220922235000","98","1","嘉義市","東區","120.430","23.505","138"
"202","195159","20220922235000","146","2","嘉義市","西區","120.435","23.505","190"
"819","195160","20220922235000","911","0","嘉義市","西區","120.445","23.485","850"
"1970","195161","20220922235000","1488","2","嘉義市","東區","120.460","23.465","1945"
"663","195162","20220922235000","1366","0","嘉義市","西區","120.445","23.470","693"
"185","195164","20220922235000","102","3","嘉義市","西區","120.425","23.465","255"
"64","195165","20220922235000","82","0","嘉義市","西區","120.425","23.480","89"
"1625","195166","20220922235000","1267","2","嘉義市","西區","120.445","23.480","1638"
"858","195167","20220922235000","849","1","嘉義市","東區","120.460","23.455","815"
"350","195169","20220922235000","261","2","嘉義市","東區","120.465","23.460","370"
"1304","195170","20220922235000","1523","0","嘉義市","東區","120.455","23.465","1317"
"657","195171","20220922235000","591","1","嘉義市","東區","120.455","23.470","667"
"589","195183","20220922235000","467","2","澎湖縣","馬公市","119.590","23.515","552"
"370","195202","20220922235000","260","2","澎湖縣","馬公市","119.605","23.525","361"
"110","195219","20220922235000","150","0","花蓮縣","瑞穗鄉","121.375","23.495","174"
"21","195220","20220922235000","78","0","花蓮縣","瑞穗鄉","121.375","23.500","36"
"387","195222","20220922235000","382","1","花蓮縣","瑞穗鄉","121.375","23.505","415"
"291","195231","20220922235000","237","2","花蓮縣","瑞穗鄉","121.390","23.490","284"
"1222","195232","20220922235000","1244","0","花蓮縣","瑞穗鄉","121.380","23.495","1388"
"74","195268","20220922235000","53","2","花蓮縣","瑞穗鄉","121.355","23.465","69"
"69","195289","20220922235000","74","0","花蓮縣","瑞穗鄉","121.360","23.475","78"
"367","195291","20220922235000","284","2","花蓮縣","瑞穗鄉","121.370","23.475","377"
"55","195336","20220922235000","31","3","花蓮縣","瑞穗鄉","121.390","23.520","55"
"11","195428","20220922235000","21","0","花蓮縣","瑞穗鄉","121.435","23.490","11"
"77","195430","20220922235000","51","3","花蓮縣","瑞穗鄉","121.445","23.490","70"
"209","196332","20220922235000","160","2","花蓮縣","瑞穗鄉","121.375","23.515","252"
"68","196345","20220922235000","45","3","花蓮縣","瑞穗鄉","121.360","23.480","55"
"245","196360","20220922235000","201","2","花蓮縣","瑞穗鄉","121.355","23.490","279"
"331","196364","20220922235000","282","1","花蓮縣","瑞穗鄉","121.375","23.490","337"
"48","196368","20220922235000","46","1","花蓮縣","瑞穗鄉","121.360","23.495","67"
"175","196453","20220922235000","150","1","花蓮縣","卓溪鄉","121.325","23.490","199"
"329","196567","20220922235000","181","3","花蓮縣","豐濱鄉","121.505","23.470","322"
"88","196575","20220922235000","34","3","花蓮縣","豐濱鄉","121.505","23.475","96"
"66","196592","20220922235000","43","3","花蓮縣","豐濱鄉","121.510","23.480","76"
"86","196639","20220922235000","46","3","花蓮縣","豐濱鄉","121.500","23.455","84"
"209","196667","20220922235000","137","3","花蓮縣","玉里鎮","121.405","23.465","202"
"117","196709","20220922235000","62","3","花蓮縣","玉里鎮","121.395","23.455","129"
"1080","196774","20220922235000","823","2","嘉義縣","中埔鄉","120.465","23.455","1162"
"1144","196781","20220922235000","1701","0","嘉義縣","民雄鄉","120.430","23.520","1058"
"467","196789","20220922235000","508","0","嘉義縣","民雄鄉","120.440","23.515","481"
"349","196793","20220922235000","248","2","嘉義縣","六腳鄉","120.290","23.520","356"
"691","196815","20220922235000","632","1","嘉義縣","六腳鄉","120.250","23.510","661"
"50","196825","20220922235000","38","2","嘉義縣","六腳鄉","120.225","23.485","53"
"137","196836","20220922235000","111","2","嘉義縣","六腳鄉","120.285","23.500","187"
"259","196856","20220922235000","181","2","雲林縣","水林鄉","120.225","23.505","254"
"64","196879","20220922235000","366","0","嘉義縣","六腳鄉","120.245","23.485","60"
"327","196886","20220922235000","199","3","嘉義縣","民雄鄉","120.415","23.525","321"
"64","196888","20220922235000","17","3","嘉義縣","民雄鄉","120.425","23.525","75"
"76","196895","20220922235000","184","0","嘉義縣","太保市","120.310","23.460","94"
"150","196913","20220922235000","214","0","嘉義縣","新港鄉","120.375","23.515","158"
"227","196921","20220922235000","793","0","嘉義縣","新港鄉","120.380","23.525","233"
"402","196935","20220922235000","345","1","嘉義縣","六腳鄉","120.280","23.505","345"
"511","196963","20220922235000","548","0","嘉義縣","六腳鄉","120.310","23.500","493"
"965","197018","20220922235000","834","1","嘉義縣","太保市","120.335","23.490","940"
"697","197019","20220922235000","509","2","嘉義縣","太保市","120.340","23.495","717"
"1311","197036","20220922235000","2346","0","嘉義縣","太保市","120.365","23.500","1354"
"24","197041","20220922235000","94","0","嘉義縣","太保市","120.360","23.510","28"
"824","197046","20220922235000","620","2","嘉義縣","太保市","120.370","23.500","968"
"21","197053","20220922235000","16","2","嘉義縣","六腳鄉","120.265","23.525","20"
"394","197055","20220922235000","296","2","嘉義縣","六腳鄉","120.275","23.525","402"
"89","197536","20220922235000","86","1","南投縣","信義鄉","120.870","23.470","115"
"22","197634","20220922235000","23","0","南投縣","信義鄉","120.825","23.510","28"
"457","197682","20220922235000","837","0","嘉義縣","民雄鄉","120.440","23.520","434"
"1136","197684","20220922235000","1326","0","嘉義縣","民雄鄉","120.440","23.525","1108"
"1193","197685","20220922235000","1716","0","嘉義縣","民雄鄉","120.445","23.525","1193"
"69","197686","20220922235000","62","1","嘉義縣","民雄鄉","120.450","23.525","94"
"99","197696","20220922235000","74","2","嘉義縣","民雄鄉","120.425","23.510","109"
"509","197703","20220922235000","394","2","嘉義縣","民雄鄉","120.465","23.505","557"
"560","197710","20220922235000","465","2","嘉義縣","民雄鄉","120.475","23.515","545"
"38","197714","20220922235000","61","0","嘉義縣","民雄鄉","120.480","23.520","44"
"138","197719","20220922235000","94","2","雲林縣","水林鄉","120.205","23.530","138"
"29","197727","20220922235000","151","0","嘉義縣","太保市","120.380","23.490","28"
"336","197729","20220922235000","242","2","嘉義縣","太保市","120.370","23.495","312"
"198","197749","20220922235000","106","3","嘉義縣","太保市","120.385","23.480","205"
"1586","197755","20220922235000","1056","3","嘉義縣","朴子市","120.285","23.465","1630"
"310","197756","20220922235000","196","3","嘉義縣","朴子市","120.290","23.465","294"
"37","197762","20220922235000","23","3","嘉義縣","太保市","120.290","23.470","36"
"56","197764","20220922235000","274","0","嘉義縣","太保市","120.290","23.475","53"
"217","197766","20220922235000","149","2","嘉義縣","朴子市","120.240","23.470","230"
"36","197770","20220922235000","80","0","嘉義縣","新港鄉","120.310","23.515","29"
"27","197781","20220922235000","74","0","嘉義縣","新港鄉","120.330","23.520","37"
"65","197788","20220922235000","454","0","嘉義縣","朴子市","120.285","23.455","61"
"24","197789","20220922235000","196","0","嘉義縣","朴子市","120.290","23.455","27"
"426","197794","20220922235000","1089","0","嘉義縣","朴子市","120.285","23.460","398"
"43","197795","20220922235000","226","0","嘉義縣","朴子市","120.290","23.460","49"
"915","197796","20220922235000","755","2","嘉義縣","朴子市","120.265","23.465","896"
"87","197797","20220922235000","437","0","嘉義縣","朴子市","120.255","23.455","77"
"65","197799","20220922235000","45","2","嘉義縣","朴子市","120.265","23.455","71"
"708","197800","20220922235000","263","3","嘉義縣","朴子市","120.250","23.460","740"
"104","197802","20220922235000","62","3","嘉義縣","朴子市","120.260","23.460","106"
"428","197804","20220922235000","248","3","嘉義縣","朴子市","120.255","23.465","474"
"152","197820","20220922235000","159","0","嘉義縣","新港鄉","120.365","23.515","149"
"118","197822","20220922235000","311","0","嘉義縣","新港鄉","120.350","23.520","118"
"72","197827","20220922235000","486","0","嘉義縣","新港鄉","120.355","23.520","72"
"40","197830","20220922235000","129","0","嘉義縣","新港鄉","120.330","23.510","54"
"70","197862","20220922235000","67","1","嘉義縣","阿里山鄉","120.790","23.505","66"
"299","197867","20220922235000","228","2","嘉義縣","阿里山鄉","120.810","23.515","276"
"101","197868","20220922235000","94","1","嘉義縣","阿里山鄉","120.815","23.515","111"
"386","197899","20220922235000","284","2","嘉義縣","太保市","120.335","23.475","412"
"253","197906","20220922235000","282","0","嘉義縣","太保市","120.345","23.480","261"
"48","197913","20220922235000","158","0","嘉義縣","太保市","120.300","23.465","52"
"12","197924","20220922235000","171","0","嘉義縣","太保市","120.300","23.470","16"
"38","197940","20220922235000","28","2","南投縣","信義鄉","120.890","23.490","40"
"102","198035","20220922235000","116","0","雲林縣","水林鄉","120.230","23.515","90"
"697","198046","20220922235000","470","2","雲林縣","水林鄉","120.230","23.520","704"
"2068","198052","20220922235000","1217","3","嘉義縣","朴子市","120.245","23.470","1936"
"58","198053","20220922235000","503","0","嘉義縣","六腳鄉","120.250","23.470","65"
"135","198057","20220922235000","1051","0","嘉義縣","朴子市","120.245","23.465","133"
"161","198066","20220922235000","1065","0","嘉義縣","朴子市","120.240","23.465","184"
"578","198068","20220922235000","269","3","嘉義縣","朴子市","120.225","23.460","627"
"231","198071","20220922235000","1007","0","嘉義縣","朴子市","120.235","23.465","268"
"370","198076","20220922235000","397","0","嘉義縣","朴子市","120.270","23.480","385"
"61","198087","20220922235000","178","0","嘉義縣","太保市","120.355","23.465","78"
"1756","198089","20220922235000","2581","0","嘉義縣","太保市","120.380","23.500","1719"
"12","198113","20220922235000","88","0","雲林縣","水林鄉","120.225","23.510","12"
"1158","198129","20220922235000","479","3","嘉義縣","太保市","120.325","23.455","1107"
"90","198131","20220922235000","352","0","嘉義縣","太保市","120.335","23.455","76"
"64","198135","20220922235000","321","0","嘉義縣","太保市","120.335","23.460","71"
"115","198141","20220922235000","694","0","嘉義縣","太保市","120.295","23.455","110"
"169","198144","20220922235000","888","0","嘉義縣","太保市","120.295","23.460","169"
"235","198164","20220922235000","184","2","嘉義縣","東石鄉","120.170","23.480","236"
"36","198190","20220922235000","33","1","嘉義縣","東石鄉","120.145","23.465","39"
"40","198208","20220922235000","38","1","嘉義縣","梅山鄉","120.710","23.520","49"
"125","198214","20220922235000","126","0","嘉義縣","梅山鄉","120.710","23.525","179"
"668","198237","20220922235000","619","1","嘉義縣","東石鄉","120.170","23.465","654"
"453","198282","20220922235000","484","0","嘉義縣","東石鄉","120.185","23.490","431"
"892","198309","20220922235000","781","1","嘉義縣","東石鄉","120.150","23.460","893"
"312","198354","20220922235000","198","3","嘉義縣","東石鄉","120.155","23.500","381"
"174","198358","20220922235000","176","0","嘉義縣","東石鄉","120.175","23.500","178"
"80","198378","20220922235000","76","1","嘉義縣","東石鄉","120.160","23.510","76"
"252","198419","20220922235000","213","1","嘉義縣","梅山鄉","120.660","23.525","270"
"39","198450","20220922235000","43","0","嘉義縣","民雄鄉","120.450","23.520","43"
"192","198452","20220922235000","122","3","嘉義縣","民雄鄉","120.460","23.520","267"
"39","198455","20220922235000","49","0","嘉義縣","民雄鄉","120.455","23.525","33"
"286","198456","20220922235000","356","0","嘉義縣","民雄鄉","120.460","23.525","276"
"192","198457","20220922235000","147","2","嘉義縣","民雄鄉","120.450","23.530","221"
"819","198458","20220922235000","676","2","嘉義縣","民雄鄉","120.455","23.530","924"
"579","198459","20220922235000","464","2","嘉義縣","民雄鄉","120.460","23.530","548"
"127","198474","20220922235000","126","1","嘉義縣","民雄鄉","120.475","23.525","124"
"38","198490","20220922235000","151","0","嘉義縣","新港鄉","120.390","23.515","46"
"40","198491","20220922235000","57","0","嘉義縣","民雄鄉","120.400","23.515","58"
"691","198495","20220922235000","620","1","嘉義縣","民雄鄉","120.410","23.520","663"
"30","198501","20220922235000","64","0","嘉義縣","民雄鄉","120.415","23.520","56"
"1007","198503","20220922235000","871","1","嘉義縣","民雄鄉","120.430","23.530","1024"
"369","198542","20220922235000","200","3","嘉義縣","六腳鄉","120.300","23.505","449"
"41","198546","20220922235000","32","2","嘉義縣","六腳鄉","120.300","23.515","30"
"27","198646","20220922235000","119","0","嘉義縣","水上鄉","120.375","23.460","31"
"165","198651","20220922235000","143","1","雲林縣","水林鄉","120.210","23.515","178"
"425","198686","20220922235000","485","0","嘉義縣","水上鄉","120.410","23.455","409"
"301","198687","20220922235000","185","3","嘉義縣","水上鄉","120.415","23.455","274"
"813","198691","20220922235000","374","3","嘉義市","西區","120.415","23.460","803"
"58","198693","20220922235000","78","0","嘉義縣","水上鄉","120.420","23.460","71"
"1638","198697","20220922235000","1020","3","嘉義縣","六腳鄉","120.295","23.490","1538"
"319","198713","20220922235000","264","2","雲林縣","口湖鄉","120.185","23.525","351"
"921","198720","20220922235000","773","1","嘉義縣","水上鄉","120.400","23.455","802"
"210","198726","20220922235000","1199","0","嘉義縣","朴子市","120.245","23.460","243"
"27","198735","20220922235000","20","2","嘉義縣","六腳鄉","120.260","23.530","25"
"23","198765","20220922235000","20","1","嘉義縣","竹崎鄉","120.580","23.520","20"
"238","198769","20220922235000","245","0","嘉義縣","番路鄉","120.555","23.465","245"
"792","198770","20220922235000","837","0","嘉義縣","番路鄉","120.560","23.465","777"
"312","198785","20220922235000","224","2","嘉義縣","番路鄉","120.505","23.455","268"
"154","198844","20220922235000","126","2","嘉義縣","番路鄉","120.620","23.480","131"
"27","198849","20220922235000","15","3","嘉義縣","番路鄉","120.625","23.485","30"
"85","198869","20220922235000","77","1","嘉義縣","番路鄉","120.540","23.460","95"
"266","198871","20220922235000","223","1","嘉義縣","番路鄉","120.550","23.460","300"
"131","198874","20220922235000","111","1","嘉義縣","番路鄉","120.540","23.465","130"
"13","198875","20220922235000","47","0","嘉義縣","番路鄉","120.535","23.470","24"
"193","198880","20220922235000","148","2","嘉義縣","番路鄉","120.600","23.455","184"
"184","198884","20220922235000","233","0","嘉義縣","番路鄉","120.595","23.460","190"
"60","198885","20220922235000","44","2","嘉義縣","番路鄉","120.600","23.460","57"
"19","198891","20220922235000","152","0","嘉義縣","番路鄉","120.530","23.475","16"
"998","198892","20220922235000","837","1","嘉義縣","番路鄉","120.535","23.475","883"
"156","198893","20220922235000","100","3","嘉義縣","番路鄉","120.510","23.480","142"
"48","198896","20220922235000","62","0","嘉義縣","番路鄉","120.525","23.480","40"
"237","198913","20220922235000","218","1","嘉義縣","竹崎鄉","120.685","23.460","324"
"146","198918","20220922235000","110","2","嘉義縣","竹崎鄉","120.695","23.475","163"
"35","198922","20220922235000","32","1","嘉義縣","竹崎鄉","120.700","23.480","33"
"27","198923","20220922235000","19","2","嘉義縣","竹崎鄉","120.705","23.480","25"
"29","198932","20220922235000","26","1","嘉義縣","竹崎鄉","120.705","23.485","27"
"129","198946","20220922235000","117","1","嘉義縣","竹崎鄉","120.695","23.500","170"
"172","198952","20220922235000","171","1","嘉義縣","竹崎鄉","120.695","23.505","189"
"20","198964","20220922235000","35","0","嘉義縣","竹崎鄉","120.660","23.505","16"
"164","198983","20220922235000","139","1","嘉義縣","竹崎鄉","120.635","23.520","165"
"86","199039","20220922235000","67","2","嘉義縣","竹崎鄉","120.650","23.470","95"
"135","199063","20220922235000","122","1","嘉義縣","竹崎鄉","120.680","23.480","132"
"404","199106","20220922235000","588","0","嘉義縣","竹崎鄉","120.570","23.485","364"
"381","199108","20220922235000","274","2","嘉義縣","竹崎鄉","120.555","23.485","358"
"37","199120","20220922235000","24","3","嘉義縣","竹崎鄉","120.540","23.515","42"
"1371","199122","20220922235000","1310","1","嘉義縣","竹崎鄉","120.550","23.515","1322"
"509","199146","20220922235000","509","1","嘉義縣","竹崎鄉","120.570","23.500","445"
"39","199161","20220922235000","438","0","嘉義縣","竹崎鄉","120.550","23.530","36"
"82","199213","20220922235000","61","2","嘉義縣","竹崎鄉","120.590","23.465","88"
"254","199237","20220922235000","169","3","嘉義縣","竹崎鄉","120.605","23.470","212"
"57","199241","20220922235000","55","1","嘉義縣","竹崎鄉","120.585","23.475","56"
"217","199248","20220922235000","199","1","嘉義縣","竹崎鄉","120.575","23.480","279"
"494","199280","20220922235000","449","1","嘉義縣","竹崎鄉","120.505","23.485","553"
"865","199288","20220922235000","826","1","嘉義縣","竹崎鄉","120.500","23.490","772"
"755","199291","20220922235000","617","2","嘉義縣","竹崎鄉","120.520","23.490","777"
"457","199297","20220922235000","485","0","嘉義縣","竹崎鄉","120.495","23.495","459"
"432","199306","20220922235000","311","2","嘉義縣","竹崎鄉","120.500","23.500","508"
"345","199313","20220922235000","339","1","嘉義縣","竹崎鄉","120.505","23.525","352"
"322","199322","20220922235000","311","1","嘉義縣","竹崎鄉","120.515","23.530","319"
"282","199330","20220922235000","240","1","嘉義縣","竹崎鄉","120.495","23.510","266"
"105","199332","20220922235000","102","1","嘉義縣","竹崎鄉","120.495","23.515","137"
"907","199353","20220922235000","840","1","嘉義縣","竹崎鄉","120.570","23.505","833"
"203","199358","20220922235000","146","2","嘉義縣","竹崎鄉","120.610","23.510","177"
"147","199367","20220922235000","173","0","嘉義縣","竹崎鄉","120.605","23.515","183"
"141","199379","20220922235000","59","3","嘉義縣","竹崎鄉","120.610","23.520","159"
"58","199459","20220922235000","53","1","嘉義縣","阿里山鄉","120.950","23.465","38"
"15","199523","20220922235000","16","0","嘉義縣","阿里山鄉","120.795","23.490","17"
"14","199541","20220922235000","11","2","嘉義縣","阿里山鄉","120.800","23.500","11"
"59","199552","20220922235000","42","2","嘉義縣","阿里山鄉","120.815","23.505","79"
"672","199555","20220922235000","598","1","嘉義縣","阿里山鄉","120.805","23.510","712"
"176","199603","20220922235000","165","1","嘉義縣","阿里山鄉","120.730","23.530","183"
"97","199642","20220922235000","97","1","嘉義縣","阿里山鄉","120.755","23.490","110"
"48","199653","20220922235000","43","1","嘉義縣","阿里山鄉","120.745","23.495","60"
"81","199699","20220922235000","84","0","嘉義縣","阿里山鄉","120.740","23.515","113"
"82","199719","20220922235000","78","1","嘉義縣","阿里山鄉","120.720","23.455","81"
"41","199725","20220922235000","39","1","嘉義縣","阿里山鄉","120.700","23.460","53"
"132","199742","20220922235000","116","1","嘉義縣","阿里山鄉","120.730","23.465","139"
"136","199744","20220922235000","105","2","嘉義縣","竹崎鄉","120.695","23.470","156"
"373","199745","20220922235000","359","1","嘉義縣","阿里山鄉","120.700","23.470","394"
"65","199748","20220922235000","60","1","嘉義縣","阿里山鄉","120.715","23.470","67"
"72","199760","20220922235000","81","0","嘉義縣","阿里山鄉","120.715","23.480","82"
"61","199769","20220922235000","35","3","嘉義縣","阿里山鄉","120.720","23.485","88"
"126","199777","20220922235000","136","0","嘉義縣","阿里山鄉","120.750","23.455","173"
"19","199798","20220922235000","15","2","嘉義縣","阿里山鄉","120.775","23.460","43"
"363","199875","20220922235000","219","3","嘉義縣","竹崎鄉","120.595","23.485","407"
"194","199886","20220922235000","134","2","嘉義縣","竹崎鄉","120.595","23.495","213"
"400","199897","20220922235000","434","0","嘉義縣","竹崎鄉","120.550","23.485","446"
"114","199900","20220922235000","267","0","嘉義縣","竹崎鄉","120.540","23.495","143"
"708","199903","20220922235000","781","0","嘉義縣","竹崎鄉","120.540","23.500","678"
"113","199909","20220922235000","80","2","嘉義縣","竹崎鄉","120.595","23.525","109"
"153","199920","20220922235000","127","2","嘉義縣","竹崎鄉","120.510","23.490","141"
"653","199938","20220922235000","616","1","嘉義縣","竹崎鄉","120.525","23.515","585"
"217","200367","20220922235000","452","0","澎湖縣","馬公市","119.550","23.535","216"
"51","201149","20220922235000","70","0","澎湖縣","馬公市","119.570","23.550","34"
"487","201150","20220922235000","265","3","澎湖縣","馬公市","119.575","23.550","540"
"62","201400","20220922235000","156","0","澎湖縣","馬公市","119.570","23.555","64"
"575","202108","20220922235000","573","1","澎湖縣","西嶼鄉","119.485","23.565","482"
"11","202120","20220922235000","18","0","澎湖縣","馬公市","119.560","23.565","15"
"960","202121","20220922235000","734","2","澎湖縣","馬公市","119.565","23.565","945"
"215","202367","20220922235000","233","0","澎湖縣","馬公市","119.565","23.570","185"
"69","202600","20220922235000","64","1","澎湖縣","西嶼鄉","119.500","23.575","86"
"686","202858","20220922235000","1001","0","澎湖縣","馬公市","119.575","23.580","789"
"153","203106","20220922235000","134","1","澎湖縣","馬公市","119.570","23.585","125"
"652","203108","20220922235000","594","1","澎湖縣","馬公市","119.580","23.585","756"
"186","203109","20220922235000","178","1","澎湖縣","馬公市","119.585","23.585","154"
"27","203624","20220922235000","13","3","澎湖縣","湖西鄉","119.670","23.595","20"
"32","203877","20220922235000","17","3","澎湖縣","湖西鄉","119.640","23.600","43"
"36","203940","20220922235000","52","0","澎湖縣","馬公市","119.570","23.560","56"
"1053","203941","20220922235000","1033","1","澎湖縣","馬公市","119.570","23.565","907"
"1579","203942","20220922235000","2239","0","澎湖縣","馬公市","119.570","23.570","1608"
"361","203945","20220922235000","401","0","澎湖縣","湖西鄉","119.615","23.570","461"
"36","203947","20220922235000","280","0","澎湖縣","湖西鄉","119.625","23.570","48"
"284","203951","20220922235000","249","1","澎湖縣","馬公市","119.600","23.555","260"
"29","203964","20220922235000","216","0","澎湖縣","湖西鄉","119.620","23.600","38"
"404","203989","20220922235000","310","2","澎湖縣","西嶼鄉","119.480","23.565","450"
"297","203992","20220922235000","219","2","澎湖縣","湖西鄉","119.615","23.595","276"
"117","203994","20220922235000","101","1","澎湖縣","湖西鄉","119.665","23.585","105"
"30","204001","20220922235000","13","3","澎湖縣","馬公市","119.590","23.550","25"
"1549","204013","20220922235000","1259","2","澎湖縣","馬公市","119.600","23.570","1559"
"85","204018","20220922235000","465","0","澎湖縣","馬公市","119.580","23.560","115"
"2277","204021","20220922235000","881","3","澎湖縣","馬公市","119.585","23.565","2092"
"1513","204022","20220922235000","620","3","澎湖縣","馬公市","119.590","23.565","1494"
"362","204025","20220922235000","155","3","澎湖縣","湖西鄉","119.630","23.565","327"
"169","204033","20220922235000","230","0","澎湖縣","湖西鄉","119.655","23.565","160"
"384","204042","20220922235000","333","1","澎湖縣","馬公市","119.545","23.540","354"
"207","204045","20220922235000","780","0","澎湖縣","湖西鄉","119.670","23.570","251"
"333","204049","20220922235000","333","1","澎湖縣","馬公市","119.575","23.570","350"
"952","204050","20220922235000","527","3","澎湖縣","馬公市","119.580","23.570","906"
"2691","204052","20220922235000","3076","0","澎湖縣","馬公市","119.575","23.575","2696"
"81","204053","20220922235000","441","0","澎湖縣","馬公市","119.580","23.575","112"
"845","204054","20220922235000","593","2","澎湖縣","馬公市","119.580","23.580","800"
"473","204067","20220922235000","326","2","澎湖縣","馬公市","119.615","23.555","515"
"111","204074","20220922235000","77","2","澎湖縣","湖西鄉","119.620","23.565","94"
"477","204075","20220922235000","303","3","澎湖縣","湖西鄉","119.650","23.570","414"
"614","204080","20220922235000","493","2","澎湖縣","湖西鄉","119.650","23.580","561"
"187","204087","20220922235000","197","0","澎湖縣","西嶼鄉","119.505","23.585","148"
"289","204092","20220922235000","406","0","澎湖縣","西嶼鄉","119.510","23.600","303"
"319","204107","20220922235000","246","2","澎湖縣","馬公市","119.560","23.560","294"
"522","204108","20220922235000","667","0","澎湖縣","馬公市","119.565","23.560","447"
"61","204109","20220922235000","33","3","澎湖縣","馬公市","119.595","23.550","49"
"34","204111","20220922235000","276","0","澎湖縣","馬公市","119.595","23.555","47"
"382","204113","20220922235000","299","2","澎湖縣","馬公市","119.605","23.535","428"
"54","204120","20220922235000","193","0","澎湖縣","馬公市","119.610","23.545","69"
"15","204123","20220922235000","16","0","澎湖縣","馬公市","119.615","23.550","22"
"63","204124","20220922235000","225","0","澎湖縣","馬公市","119.620","23.550","78"
"51","204136","20220922235000","152","0","澎湖縣","湖西鄉","119.640","23.580","62"
"404","204137","20220922235000","348","1","澎湖縣","湖西鄉","119.645","23.580","370"
"289","204161","20220922235000","147","3","澎湖縣","湖西鄉","119.640","23.555","272"
"17","204163","20220922235000","164","0","澎湖縣","湖西鄉","119.635","23.560","17"
"16","204174","20220922235000","477","0","澎湖縣","湖西鄉","119.615","23.590","28"
"90","204179","20220922235000","29","3","澎湖縣","湖西鄉","119.680","23.555","115"
"440","204185","20220922235000","356","2","澎湖縣","湖西鄉","119.670","23.565","421"
"2034","204189","20220922235000","935","3","澎湖縣","馬公市","119.575","23.565","2247"
"60","204191","20220922235000","829","0","澎湖縣","馬公市","119.585","23.555","65"
"767","204192","20220922235000","387","3","澎湖縣","馬公市","119.585","23.560","770"
"40","204194","20220922235000","256","0","澎湖縣","馬公市","119.595","23.560","49"
"2319","204195","20220922235000","1038","3","澎湖縣","馬公市","119.600","23.560","2087"
"71","204307","20220922235000","51","2","花蓮縣","瑞穗鄉","121.370","23.575","66"
"275","204313","20220922235000","211","2","花蓮縣","瑞穗鄉","121.375","23.575","273"
"156","204317","20220922235000","146","1","花蓮縣","瑞穗鄉","121.370","23.580","156"
"129","204319","20220922235000","106","2","花蓮縣","瑞穗鄉","121.380","23.580","115"
"25","204320","20220922235000","34","0","花蓮縣","萬榮鄉","121.355","23.585","47"
"127","204355","20220922235000","114","1","花蓮縣","瑞穗鄉","121.385","23.570","114"
"85","204381","20220922235000","69","2","花蓮縣","瑞穗鄉","121.385","23.580","90"
"48","204384","20220922235000","40","2","花蓮縣","瑞穗鄉","121.400","23.580","38"
"146","204421","20220922235000","124","1","花蓮縣","光復鄉","121.390","23.605","163"
"58","204446","20220922235000","37","3","花蓮縣","光復鄉","121.385","23.605","55"
"179","204758","20220922235000","160","1","花蓮縣","瑞穗鄉","121.375","23.540","164"
"41","205305","20220922235000","22","3","花蓮縣","豐濱鄉","121.525","23.575","38"
"123","205386","20220922235000","58","3","花蓮縣","豐濱鄉","121.525","23.595","128"
"244","205403","20220922235000","165","2","花蓮縣","豐濱鄉","121.520","23.600","234"
"65","205422","20220922235000","44","2","花蓮縣","豐濱鄉","121.530","23.605","65"
"21","205447","20220922235000","50","0","花蓮縣","光復鄉","121.420","23.605","22"
"325","205461","20220922235000","301","1","雲林縣","元長鄉","120.350","23.600","359"
"54","205475","20220922235000","62","0","嘉義縣","民雄鄉","120.400","23.555","63"
"442","205481","20220922235000","547","0","嘉義縣","民雄鄉","120.400","23.560","405"
"290","205482","20220922235000","186","3","嘉義縣","溪口鄉","120.405","23.560","357"
"756","205486","20220922235000","636","1","嘉義縣","民雄鄉","120.420","23.550","701"
"31","205488","20220922235000","41","0","嘉義縣","民雄鄉","120.425","23.555","31"
"564","205494","20220922235000","415","2","嘉義縣","民雄鄉","120.380","23.545","598"
"503","205501","20220922235000","371","2","嘉義縣","民雄鄉","120.445","23.560","551"
"409","205502","20220922235000","347","1","嘉義縣","民雄鄉","120.450","23.560","358"
"53","205523","20220922235000","57","0","嘉義縣","民雄鄉","120.450","23.570","74"
"659","205531","20220922235000","652","1","嘉義縣","民雄鄉","120.435","23.565","747"
"85","205537","20220922235000","200","0","嘉義縣","民雄鄉","120.435","23.535","111"
"219","205548","20220922235000","174","2","嘉義縣","六腳鄉","120.295","23.540","227"
"369","205557","20220922235000","285","2","嘉義縣","六腳鄉","120.300","23.550","376"
"134","205571","20220922235000","239","0","雲林縣","水林鄉","120.245","23.605","161"
"93","205579","20220922235000","39","3","雲林縣","水林鄉","120.220","23.595","106"
"20","205586","20220922235000","212","0","雲林縣","水林鄉","120.235","23.605","13"
"90","205593","20220922235000","455","0","嘉義縣","新港鄉","120.345","23.570","83"
"70","205600","20220922235000","388","0","嘉義縣","新港鄉","120.345","23.550","71"
"249","205605","20220922235000","159","3","嘉義縣","新港鄉","120.330","23.560","396"
"108","205606","20220922235000","75","2","嘉義縣","新港鄉","120.335","23.560","112"
"36","205615","20220922235000","171","0","嘉義縣","新港鄉","120.340","23.575","32"
"375","205623","20220922235000","279","2","雲林縣","元長鄉","120.335","23.610","414"
"194","205641","20220922235000","173","1","嘉義縣","新港鄉","120.350","23.590","174"
"35","205649","20220922235000","323","0","嘉義縣","新港鄉","120.315","23.550","34"
"92","205670","20220922235000","24","3","雲林縣","口湖鄉","120.170","23.605","88"
"464","206056","20220922235000","363","2","南投縣","信義鄉","120.925","23.560","513"
"520","206426","20220922235000","512","1","南投縣","信義鄉","120.895","23.595","523"
"1161","206759","20220922235000","954","2","嘉義縣","溪口鄉","120.400","23.605","1137"
"742","206766","20220922235000","717","1","嘉義縣","民雄鄉","120.430","23.550","721"
"1093","206767","20220922235000","1064","1","嘉義縣","民雄鄉","120.430","23.555","1127"
"793","206768","20220922235000","731","1","嘉義縣","民雄鄉","120.435","23.555","733"
"413","206781","20220922235000","314","2","雲林縣","北港鎮","120.325","23.585","432"
"106","206786","20220922235000","828","0","雲林縣","北港鎮","120.295","23.575","108"
"316","206789","20220922235000","317","0","雲林縣","北港鎮","120.300","23.580","351"
"635","206790","20220922235000","643","0","雲林縣","北港鎮","120.305","23.580","564"
"70","206794","20220922235000","68","1","雲林縣","北港鎮","120.310","23.585","68"
"106","206797","20220922235000","777","0","雲林縣","北港鎮","120.310","23.590","94"
"328","206815","20220922235000","266","2","嘉義縣","大林鎮","120.465","23.600","304"
"442","206822","20220922235000","250","3","嘉義縣","大林鎮","120.470","23.605","442"
"85","206825","20220922235000","531","0","嘉義縣","大林鎮","120.485","23.605","95"
"299","206830","20220922235000","299","1","嘉義縣","民雄鄉","120.445","23.545","354"
"30","206834","20220922235000","34","0","嘉義縣","民雄鄉","120.440","23.550","31"
"206","206837","20220922235000","153","2","嘉義縣","民雄鄉","120.455","23.550","196"
"349","206858","20220922235000","374","0","嘉義縣","民雄鄉","120.480","23.535","315"
"114","206869","20220922235000","105","1","嘉義縣","民雄鄉","120.500","23.540","105"
"34","206879","20220922235000","39","0","嘉義縣","民雄鄉","120.415","23.560","43"
"41","206882","20220922235000","34","2","嘉義縣","民雄鄉","120.410","23.565","43"
"11","206903","20220922235000","89","0","雲林縣","水林鄉","120.235","23.580","20"
"432","206905","20220922235000","216","3","雲林縣","水林鄉","120.230","23.585","386"
"14","206936","20220922235000","77","0","雲林縣","水林鄉","120.265","23.605","14"
"982","206940","20220922235000","1127","0","雲林縣","北港鎮","120.300","23.565","974"
"380","206943","20220922235000","234","3","雲林縣","北港鎮","120.310","23.575","379"
"504","206964","20220922235000","325","3","嘉義縣","新港鄉","120.360","23.590","533"
"71","206982","20220922235000","464","0","嘉義縣","新港鄉","120.370","23.555","59"
"503","206991","20220922235000","592","0","嘉義縣","新港鄉","120.350","23.555","478"
"638","206992","20220922235000","418","3","嘉義縣","新港鄉","120.355","23.555","683"
"67","206994","20220922235000","800","0","嘉義縣","新港鄉","120.350","23.560","70"
"673","206997","20220922235000","519","2","嘉義縣","新港鄉","120.320","23.565","86"
"13","207025","20220922235000","160","0","嘉義縣","新港鄉","120.335","23.540","16"
"1013","207038","20220922235000","531","3","嘉義縣","新港鄉","120.345","23.555","969"
"52","207039","20220922235000","30","3","嘉義縣","新港鄉","120.345","23.560","58"
"23","207040","20220922235000","104","0","嘉義縣","新港鄉","120.345","23.535","24"
"44","207051","20220922235000","303","0","嘉義縣","新港鄉","120.375","23.560","39"
"12","207166","20220922235000","20","0","南投縣","信義鄉","120.915","23.545","15"
"116","207170","20220922235000","110","1","南投縣","信義鄉","120.870","23.550","94"
"124","207172","20220922235000","96","2","南投縣","信義鄉","120.880","23.550","118"
"18","207177","20220922235000","36","0","南投縣","信義鄉","120.905","23.550","12"
"200","207208","20220922235000","195","1","南投縣","信義鄉","120.905","23.565","205"
"42","207242","20220922235000","305","0","南投縣","信義鄉","120.890","23.590","42"
"985","207256","20220922235000","1225","0","雲林縣","北港鎮","120.305","23.565","1024"
"195","207266","20220922235000","167","1","嘉義縣","新港鄉","120.310","23.565","429"
"1973","207275","20220922235000","1595","2","雲林縣","北港鎮","120.290","23.575","2020"
"80","207299","20220922235000","65","2","嘉義縣","梅山鄉","120.600","23.560","90"
"96","207304","20220922235000","113","0","嘉義縣","梅山鄉","120.595","23.565","112"
"251","207305","20220922235000","219","1","嘉義縣","梅山鄉","120.605","23.565","240"
"146","207326","20220922235000","139","1","嘉義縣","梅山鄉","120.625","23.550","165"
"416","207338","20220922235000","408","1","嘉義縣","梅山鄉","120.580","23.545","393"
"1024","207352","20220922235000","1078","0","嘉義縣","梅山鄉","120.555","23.585","964"
"890","207353","20220922235000","930","0","嘉義縣","梅山鄉","120.560","23.585","888"
"569","207356","20220922235000","444","2","嘉義縣","梅山鄉","120.550","23.590","645"
"529","207360","20220922235000","437","2","嘉義縣","大林鎮","120.450","23.605","485"
"50","207367","20220922235000","425","0","嘉義縣","大林鎮","120.525","23.595","59"
"193","207373","20220922235000","387","0","嘉義縣","大林鎮","120.500","23.605","172"
"91","207387","20220922235000","620","0","雲林縣","北港鎮","120.275","23.600","90"
"260","207403","20220922235000","236","1","雲林縣","北港鎮","120.325","23.595","256"
"451","207414","20220922235000","479","0","雲林縣","北港鎮","120.280","23.560","455"
"16","207432","20220922235000","234","0","雲林縣","口湖鄉","120.180","23.605","23"
"279","207435","20220922235000","194","2","雲林縣","古坑鄉","120.540","23.595","242"
"37","207462","20220922235000","110","0","雲林縣","古坑鄉","120.595","23.600","37"
"182","207463","20220922235000","121","3","雲林縣","古坑鄉","120.600","23.600","156"
"177","207465","20220922235000","136","2","雲林縣","古坑鄉","120.610","23.600","182"
"51","207467","20220922235000","29","3","雲林縣","古坑鄉","120.620","23.600","42"
"53","207494","20220922235000","42","2","雲林縣","古坑鄉","120.640","23.605","60"
"21","207498","20220922235000","117","0","雲林縣","古坑鄉","120.570","23.605","18"
"264","207505","20220922235000","257","1","嘉義縣","大林鎮","120.470","23.580","254"
"208","207507","20220922235000","389","0","嘉義縣","大林鎮","120.465","23.585","190"
"76","207511","20220922235000","55","2","嘉義縣","大林鎮","120.505","23.560","58"
"263","207522","20220922235000","242","1","嘉義縣","大林鎮","120.490","23.570","286"
"302","207523","20220922235000","356","0","嘉義縣","大林鎮","120.495","23.570","285"
"50","207556","20220922235000","665","0","嘉義縣","大林鎮","120.500","23.580","45"
"333","207564","20220922235000","248","2","嘉義縣","大林鎮","120.495","23.585","368"
"16","207576","20220922235000","280","0","嘉義縣","大林鎮","120.475","23.590","18"
"288","207578","20220922235000","327","0","嘉義縣","大林鎮","120.465","23.595","321"
"161","207585","20220922235000","110","2","嘉義縣","大林鎮","120.505","23.590","162"
"77","207592","20220922235000","563","0","嘉義縣","大林鎮","120.505","23.595","86"
"84","207596","20220922235000","35","3","嘉義縣","大林鎮","120.505","23.600","94"
"157","207602","20220922235000","228","0","嘉義縣","大林鎮","120.455","23.595","145"
"459","207604","20220922235000","825","0","嘉義縣","大林鎮","120.455","23.600","544"
"1256","207605","20220922235000","1488","0","嘉義縣","大林鎮","120.460","23.600","1327"
"151","207606","20220922235000","152","0","嘉義縣","大林鎮","120.460","23.605","165"
"309","207613","20220922235000","314","0","嘉義縣","大林鎮","120.445","23.610","281"
"24","207617","20220922235000","369","0","嘉義縣","大林鎮","120.445","23.595","32"
"1413","207626","20220922235000","1172","2","嘉義縣","大林鎮","120.455","23.605","1427"
"248","207628","20220922235000","1481","0","雲林縣","水林鄉","120.240","23.570","295"
"608","207634","20220922235000","458","2","雲林縣","水林鄉","120.250","23.575","550"
"16","207650","20220922235000","12","2","雲林縣","水林鄉","120.265","23.535","13"
"240","207670","20220922235000","180","2","嘉義縣","溪口鄉","120.395","23.600","288"
"90","207674","20220922235000","79","1","嘉義縣","梅山鄉","120.575","23.560","106"
"199","207675","20220922235000","236","0","嘉義縣","梅山鄉","120.580","23.560","197"
"788","207684","20220922235000","869","0","嘉義縣","梅山鄉","120.565","23.575","791"
"48","207691","20220922235000","55","0","嘉義縣","梅山鄉","120.580","23.580","45"
"114","207701","20220922235000","41","3","嘉義縣","梅山鄉","120.600","23.565","126"
"37","207703","20220922235000","94","0","嘉義縣","梅山鄉","120.580","23.570","40"
"411","207707","20220922235000","158","3","嘉義縣","梅山鄉","120.595","23.570","392"
"94","207721","20220922235000","79","1","嘉義縣","梅山鄉","120.600","23.575","100"
"499","207727","20220922235000","536","0","嘉義縣","梅山鄉","120.555","23.545","485"
"86","207736","20220922235000","77","1","嘉義縣","梅山鄉","120.545","23.555","85"
"71","207753","20220922235000","47","3","嘉義縣","梅山鄉","120.715","23.535","89"
"39","207756","20220922235000","41","0","嘉義縣","梅山鄉","120.730","23.535","39"
"237","207761","20220922235000","174","2","嘉義縣","梅山鄉","120.710","23.540","268"
"169","207793","20220922235000","110","3","嘉義縣","梅山鄉","120.740","23.555","179"
"181","207860","20220922235000","154","1","雲林縣","古坑鄉","120.695","23.580","150"
"93","207910","20220922235000","76","2","雲林縣","古坑鄉","120.690","23.595","66"
"58","207945","20220922235000","33","3","雲林縣","古坑鄉","120.710","23.605","56"
"26","207962","20220922235000","23","1","雲林縣","古坑鄉","120.575","23.595","27"
"29","207964","20220922235000","17","3","雲林縣","古坑鄉","120.585","23.595","23"
"288","207970","20220922235000","145","3","雲林縣","古坑鄉","120.590","23.585","224"
"173","207983","20220922235000","122","2","雲林縣","古坑鄉","120.595","23.595","193"
"88","207985","20220922235000","53","3","雲林縣","古坑鄉","120.585","23.600","88"
"400","207988","20220922235000","347","1","雲林縣","口湖鄉","120.165","23.535","455"
"861","208006","20220922235000","670","2","雲林縣","口湖鄉","120.185","23.585","918"
"81","208021","20220922235000","58","2","嘉義縣","梅山鄉","120.625","23.570","106"
"211","208025","20220922235000","136","3","嘉義縣","梅山鄉","120.625","23.575","190"
"216","208030","20220922235000","255","0","嘉義縣","新港鄉","120.310","23.570","201"
"20","208049","20220922235000","305","0","雲林縣","口湖鄉","120.160","23.560","21"
"53","208080","20220922235000","202","0","雲林縣","口湖鄉","120.150","23.580","52"
"110","208091","20220922235000","16","3","雲林縣","口湖鄉","120.140","23.585","99"
"444","208131","20220922235000","279","3","嘉義縣","民雄鄉","120.410","23.570","489"
"550","208146","20220922235000","512","1","雲林縣","大埤鄉","120.370","23.610","533"
"664","208152","20220922235000","584","1","嘉義縣","梅山鄉","120.560","23.580","703"
"213","208158","20220922235000","168","2","嘉義縣","梅山鄉","120.560","23.565","233"
"258","208165","20220922235000","267","0","嘉義縣","梅山鄉","120.555","23.575","241"
"113","208171","20220922235000","140","0","嘉義縣","梅山鄉","120.680","23.535","114"
"188","208176","20220922235000","186","1","嘉義縣","梅山鄉","120.665","23.540","217"
"121","208180","20220922235000","82","2","嘉義縣","梅山鄉","120.685","23.540","166"
"291","208200","20220922235000","276","1","嘉義縣","梅山鄉","120.665","23.550","292"
"38","208203","20220922235000","35","1","嘉義縣","梅山鄉","120.680","23.550","61"
"172","208265","20220922235000","116","2","嘉義縣","梅山鄉","120.530","23.580","151"
"11","208273","20220922235000","82","0","嘉義縣","梅山鄉","120.535","23.590","37"
"279","208301","20220922235000","196","2","嘉義縣","梅山鄉","120.525","23.550","293"
"139","208303","20220922235000","175","0","嘉義縣","梅山鄉","120.535","23.550","129"
"610","208323","20220922235000","439","2","嘉義縣","民雄鄉","120.465","23.555","737"
"2221","208324","20220922235000","1874","1","嘉義縣","民雄鄉","120.470","23.555","2069"
"173","208325","20220922235000","116","2","嘉義縣","民雄鄉","120.475","23.555","260"
"20","208326","20220922235000","20","1","嘉義縣","民雄鄉","120.480","23.555","23"
"975","208328","20220922235000","833","1","嘉義縣","民雄鄉","120.470","23.560","862"
"517","208329","20220922235000","561","0","嘉義縣","民雄鄉","120.475","23.560","485"
"165","208332","20220922235000","168","0","嘉義縣","民雄鄉","120.475","23.565","142"
"683","208347","20220922235000","456","2","嘉義縣","民雄鄉","120.400","23.535","803"
"51","208352","20220922235000","555","0","嘉義縣","民雄鄉","120.460","23.535","62"
"429","208357","20220922235000","381","1","嘉義縣","民雄鄉","120.460","23.545","471"
"1218","208359","20220922235000","1241","0","嘉義縣","民雄鄉","120.425","23.560","1160"
"14","208360","20220922235000","15","0","嘉義縣","民雄鄉","120.430","23.560","10"
"27","208363","20220922235000","307","0","嘉義縣","民雄鄉","120.425","23.570","35"
"295","208380","20220922235000","156","3","嘉義縣","民雄鄉","120.390","23.545","272"
"646","208390","20220922235000","415","3","嘉義縣","民雄鄉","120.420","23.540","775"
"209","208392","20220922235000","150","2","嘉義縣","民雄鄉","120.430","23.540","267"
"280","208407","20220922235000","171","3","雲林縣","口湖鄉","120.175","23.570","278"
"434","208415","20220922235000","316","2","雲林縣","口湖鄉","120.190","23.575","382"
"501","208452","20220922235000","452","1","嘉義縣","溪口鄉","120.430","23.585","499"
"47","208454","20220922235000","299","0","嘉義縣","溪口鄉","120.440","23.585","43"
"558","208468","20220922235000","548","1","嘉義縣","溪口鄉","120.385","23.595","525"
"292","208486","20220922235000","204","2","嘉義縣","溪口鄉","120.390","23.605","267"
"611","208497","20220922235000","561","1","嘉義縣","六腳鄉","120.300","23.560","674"
"549","208503","20220922235000","623","0","嘉義縣","六腳鄉","120.290","23.535","522"
"68","208508","20220922235000","441","0","雲林縣","口湖鄉","120.180","23.585","65"
"388","208528","20220922235000","249","3","雲林縣","口湖鄉","120.140","23.550","361"
"53","208546","20220922235000","346","0","雲林縣","口湖鄉","120.150","23.565","64"
"211","208554","20220922235000","189","1","雲林縣","水林鄉","120.270","23.565","199"
"1134","208568","20220922235000","886","2","雲林縣","口湖鄉","120.190","23.545","1169"
"169","208573","20220922235000","334","0","雲林縣","北港鎮","120.285","23.610","173"
"1251","208589","20220922235000","1442","0","雲林縣","北港鎮","120.300","23.570","1225"
"771","208590","20220922235000","815","0","雲林縣","北港鎮","120.300","23.575","731"
"72","208617","20220922235000","458","0","雲林縣","水林鄉","120.220","23.560","53"
"53","208629","20220922235000","266","0","雲林縣","水林鄉","120.205","23.575","62"
"11","208633","20220922235000","11","1","雲林縣","水林鄉","120.225","23.535","11"
"469","208638","20220922235000","328","2","雲林縣","水林鄉","120.230","23.540","473"
"132","208647","20220922235000","403","0","雲林縣","水林鄉","120.250","23.550","145"
"174","208695","20220922235000","136","2","嘉義縣","竹崎鄉","120.555","23.540","179"
"163","208704","20220922235000","104","3","嘉義縣","竹崎鄉","120.560","23.540","192"
"117","208793","20220922235000","75","3","嘉義縣","阿里山鄉","120.750","23.570","121"
"47","208821","20220922235000","57","0","嘉義縣","阿里山鄉","120.750","23.580","50"
"106","209129","20220922235000","114","0","澎湖縣","湖西鄉","119.625","23.605","105"
"100","209899","20220922235000","119","0","澎湖縣","白沙鄉","119.570","23.615","96"
"41","209905","20220922235000","268","0","澎湖縣","白沙鄉","119.605","23.615","53"
"99","210790","20220922235000","37","3","花蓮縣","豐濱鄉","121.535","23.635","79"
"76","210927","20220922235000","105","0","澎湖縣","西嶼鄉","119.530","23.635","69"
"245","210940","20220922235000","214","1","澎湖縣","白沙鄉","119.600","23.635","242"
"15","211725","20220922235000","10","3","澎湖縣","白沙鄉","119.630","23.650","12"
"319","212241","20220922235000","238","2","澎湖縣","白沙鄉","119.655","23.660","344"
"780","212745","20220922235000","446","3","澎湖縣","白沙鄉","119.595","23.665","779"
"20","213442","20220922235000","14","2","澎湖縣","白沙鄉","119.555","23.660","64"
"28","213444","20220922235000","170","0","澎湖縣","白沙鄉","119.590","23.655","28"
"22","213447","20220922235000","18","2","澎湖縣","白沙鄉","119.600","23.650","22"
"10","213448","20220922235000","11","0","澎湖縣","白沙鄉","119.560","23.655","10"
"300","213454","20220922235000","117","3","澎湖縣","白沙鄉","119.560","23.660","360"
"140","213465","20220922235000","129","1","澎湖縣","白沙鄉","119.595","23.650","150"
"166","213491","20220922235000","138","2","澎湖縣","西嶼鄉","119.510","23.615","157"
"181","213509","20220922235000","208","0","澎湖縣","西嶼鄉","119.515","23.630","167"
"102","213516","20220922235000","103","0","澎湖縣","西嶼鄉","119.515","23.650","99"
"408","213554","20220922235000","345","1","花蓮縣","光復鄉","121.430","23.675","429"
"107","213627","20220922235000","95","1","花蓮縣","光復鄉","121.420","23.660","106"
"318","213652","20220922235000","375","0","花蓮縣","光復鄉","121.420","23.670","314"
"90","213675","20220922235000","82","1","花蓮縣","光復鄉","121.415","23.680","88"
"85","213820","20220922235000","59","2","花蓮縣","光復鄉","121.430","23.635","71"
"14","213864","20220922235000","149","0","雲林縣","四湖鄉","120.185","23.650","12"
"29","214415","20220922235000","16","3","花蓮縣","豐濱鄉","121.545","23.670","29"
"63","214424","20220922235000","45","2","花蓮縣","豐濱鄉","121.530","23.680","64"
"44","214495","20220922235000","38","1","花蓮縣","豐濱鄉","121.485","23.640","36"
"21","214506","20220922235000","158","0","雲林縣","四湖鄉","120.180","23.650","30"
"67","214521","20220922235000","16","3","雲林縣","四湖鄉","120.185","23.660","70"
"310","214544","20220922235000","208","2","雲林縣","四湖鄉","120.275","23.650","341"
"78","214550","20220922235000","254","0","雲林縣","元長鄉","120.275","23.660","73"
"281","214565","20220922235000","198","2","雲林縣","四湖鄉","120.200","23.640","295"
"76","214566","20220922235000","116","0","雲林縣","四湖鄉","120.205","23.640","35"
"154","214578","20220922235000","375","0","雲林縣","四湖鄉","120.220","23.615","170"
"55","214580","20220922235000","198","0","雲林縣","四湖鄉","120.170","23.640","60"
"274","214640","20220922235000","174","3","花蓮縣","光復鄉","121.450","23.655","293"
"144","214665","20220922235000","151","0","花蓮縣","光復鄉","121.405","23.625","133"
"143","214678","20220922235000","114","2","花蓮縣","光復鄉","121.415","23.645","148"
"25","214691","20220922235000","33","0","花蓮縣","光復鄉","121.415","23.655","30"
"296","214701","20220922235000","207","2","花蓮縣","光復鄉","121.430","23.665","276"
"410","214703","20220922235000","376","1","花蓮縣","光復鄉","121.425","23.670","405"
"642","214705","20220922235000","503","2","花蓮縣","光復鄉","121.420","23.665","674"
"124","214706","20220922235000","92","2","花蓮縣","光復鄉","121.425","23.665","107"
"464","214707","20220922235000","384","2","花蓮縣","光復鄉","121.450","23.660","468"
"271","214728","20220922235000","158","3","雲林縣","元長鄉","120.315","23.675","243"
"12","214731","20220922235000","143","0","雲林縣","元長鄉","120.310","23.680","29"
"52","214762","20220922235000","37","2","雲林縣","元長鄉","120.285","23.640","53"
"354","214797","20220922235000","418","0","雲林縣","元長鄉","120.375","23.645","344"
"175","214824","20220922235000","135","2","雲林縣","東勢鄉","120.260","23.665","139"
"36","214826","20220922235000","265","0","雲林縣","東勢鄉","120.250","23.670","42"
"24","214842","20220922235000","263","0","雲林縣","四湖鄉","120.150","23.625","15"
"38","214846","20220922235000","116","0","雲林縣","口湖鄉","120.155","23.630","28"
"490","214854","20220922235000","342","2","雲林縣","斗南鎮","120.440","23.685","483"
"781","214857","20220922235000","601","2","雲林縣","斗南鎮","120.485","23.685","734"
"164","214861","20220922235000","86","3","雲林縣","斗南鎮","120.490","23.640","144"
"379","214868","20220922235000","341","1","雲林縣","斗南鎮","120.430","23.670","412"
"261","214876","20220922235000","190","2","雲林縣","斗南鎮","120.445","23.675","303"
"1758","214886","20220922235000","1398","2","雲林縣","斗南鎮","120.475","23.665","1824"
"23","214887","20220922235000","220","0","雲林縣","大埤鄉","120.455","23.670","29"
"446","214890","20220922235000","391","1","雲林縣","斗南鎮","120.470","23.670","418"
"2063","214891","20220922235000","1729","1","雲林縣","斗南鎮","120.475","23.670","2064"
"648","214896","20220922235000","656","0","雲林縣","斗南鎮","120.470","23.675","636"
"40","214922","20220922235000","66","0","南投縣","鹿谷鄉","120.790","23.670","118"
"86","214931","20220922235000","38","3","南投縣","鹿谷鄉","120.790","23.675","56"
"373","214932","20220922235000","178","3","南投縣","鹿谷鄉","120.800","23.670","402"
"248","214936","20220922235000","146","3","南投縣","鹿谷鄉","120.795","23.675","260"
"12","214937","20220922235000","70","0","南投縣","鹿谷鄉","120.800","23.675","13"
"273","214940","20220922235000","158","3","南投縣","鹿谷鄉","120.795","23.680","248"
"351","214967","20220922235000","470","0","雲林縣","斗南鎮","120.485","23.640","368"
"428","214975","20220922235000","414","1","雲林縣","斗南鎮","120.480","23.665","371"
"425","214978","20220922235000","225","3","雲林縣","斗南鎮","120.485","23.670","459"
"107","215001","20220922235000","382","0","雲林縣","土庫鎮","120.390","23.665","108"
"642","215006","20220922235000","518","2","雲林縣","土庫鎮","120.380","23.675","658"
"1355","215009","20220922235000","1016","2","雲林縣","土庫鎮","120.390","23.680","1348"
"32","215011","20220922235000","99","0","雲林縣","土庫鎮","120.385","23.685","50"
"282","215012","20220922235000","323","0","雲林縣","土庫鎮","120.390","23.685","258"
"205","215013","20220922235000","175","1","雲林縣","土庫鎮","120.365","23.660","210"
"226","215017","20220922235000","234","0","雲林縣","土庫鎮","120.370","23.665","258"
"177","215022","20220922235000","160","1","雲林縣","土庫鎮","120.375","23.670","198"
"340","215044","20220922235000","227","2","雲林縣","元長鄉","120.335","23.615","352"
"347","215049","20220922235000","359","0","雲林縣","元長鄉","120.335","23.620","370"
"45","215072","20220922235000","45","1","雲林縣","元長鄉","120.350","23.615","52"
"284","215075","20220922235000","255","1","雲林縣","元長鄉","120.340","23.635","291"
"93","215100","20220922235000","299","0","雲林縣","元長鄉","120.330","23.660","91"
"868","215115","20220922235000","355","3","雲林縣","口湖鄉","120.165","23.615","1024"
"253","215539","20220922235000","212","1","南投縣","信義鄉","120.865","23.625","248"
"67","215550","20220922235000","42","3","南投縣","信義鄉","120.895","23.630","60"
"78","215558","20220922235000","84","0","南投縣","信義鄉","120.880","23.635","73"
"176","215647","20220922235000","154","1","南投縣","信義鄉","120.860","23.665","201"
"58","215656","20220922235000","45","2","南投縣","信義鄉","120.855","23.670","59"
"98","216356","20220922235000","290","0","雲林縣","北港鎮","120.295","23.615","99"
"45","216361","20220922235000","43","1","雲林縣","斗南鎮","120.485","23.675","36"
"51","216367","20220922235000","52","0","雲林縣","斗南鎮","120.500","23.680","51"
"38","216370","20220922235000","344","0","雲林縣","斗南鎮","120.480","23.650","38"
"129","216372","20220922235000","128","1","雲林縣","斗南鎮","120.490","23.650","133"
"391","216377","20220922235000","402","0","雲林縣","斗南鎮","120.475","23.660","415"
"19","216386","20220922235000","14","2","雲林縣","元長鄉","120.335","23.630","17"
"231","216394","20220922235000","190","2","雲林縣","元長鄉","120.355","23.620","234"
"854","216409","20220922235000","708","2","雲林縣","元長鄉","120.360","23.640","853"
"87","216416","20220922235000","55","3","雲林縣","水林鄉","120.250","23.615","75"
"750","216421","20220922235000","513","2","雲林縣","斗南鎮","120.480","23.675","777"
"92","216424","20220922235000","52","3","雲林縣","斗南鎮","120.480","23.670","65"
"25","216438","20220922235000","22","1","雲林縣","斗六市","120.525","23.670","36"
"207","216439","20220922235000","137","3","雲林縣","斗六市","120.530","23.670","189"
"23","216451","20220922235000","24","0","雲林縣","斗六市","120.625","23.685","31"
"70","216459","20220922235000","243","0","雲林縣","土庫鎮","120.345","23.665","69"
"106","216478","20220922235000","76","2","雲林縣","水林鄉","120.260","23.620","118"
"76","216482","20220922235000","161","0","雲林縣","水林鄉","120.265","23.625","87"
"871","216488","20220922235000","599","2","雲林縣","斗南鎮","120.470","23.680","853"
"577","216489","20220922235000","464","2","雲林縣","斗南鎮","120.475","23.680","648"
"1110","216490","20220922235000","928","1","雲林縣","斗南鎮","120.480","23.680","1137"
"54","216498","20220922235000","173","0","雲林縣","斗南鎮","120.515","23.645","75"
"356","216500","20220922235000","218","3","雲林縣","斗南鎮","120.505","23.650","323"
"143","216517","20220922235000","354","0","雲林縣","古坑鄉","120.540","23.660","179"
"55","216519","20220922235000","265","0","雲林縣","斗六市","120.525","23.665","43"
"114","216526","20220922235000","198","0","雲林縣","斗南鎮","120.465","23.685","115"
"27","216534","20220922235000","180","0","雲林縣","斗南鎮","120.535","23.650","30"
"77","216543","20220922235000","238","0","雲林縣","斗南鎮","120.505","23.665","82"
"29","216544","20220922235000","142","0","雲林縣","斗南鎮","120.495","23.670","23"
"172","216579","20220922235000","108","3","雲林縣","土庫鎮","120.345","23.660","165"
"171","216583","20220922235000","1299","0","雲林縣","土庫鎮","120.390","23.675","163"
"125","216589","20220922235000","387","0","雲林縣","土庫鎮","120.355","23.685","128"
"104","216595","20220922235000","257","0","雲林縣","大埤鄉","120.465","23.635","83"
"23","216597","20220922235000","159","0","雲林縣","大埤鄉","120.465","23.640","23"
"67","216607","20220922235000","287","0","雲林縣","大埤鄉","120.450","23.650","83"
"92","216617","20220922235000","80","1","南投縣","信義鄉","120.810","23.665","117"
"179","216682","20220922235000","114","3","南投縣","信義鄉","120.865","23.640","179"
"28","216694","20220922235000","24","1","南投縣","信義鄉","120.875","23.660","17"
"37","216718","20220922235000","162","0","雲林縣","古坑鄉","120.565","23.625","37"
"115","216737","20220922235000","871","0","雲林縣","古坑鄉","120.565","23.640","122"
"20","216744","20220922235000","166","0","雲林縣","古坑鄉","120.575","23.645","36"
"42","216754","20220922235000","160","0","雲林縣","古坑鄉","120.550","23.610","51"
"28","216766","20220922235000","166","0","雲林縣","古坑鄉","120.540","23.620","38"
"13","216791","20220922235000","35","0","雲林縣","古坑鄉","120.605","23.670","20"
"30","216800","20220922235000","111","0","雲林縣","古坑鄉","120.590","23.685","32"
"460","216807","20220922235000","478","0","雲林縣","古坑鄉","120.565","23.645","438"
"32","216821","20220922235000","27","1","雲林縣","古坑鄉","120.605","23.655","27"
"287","216832","20220922235000","268","1","雲林縣","古坑鄉","120.575","23.675","254"
"169","216841","20220922235000","645","0","雲林縣","古坑鄉","120.570","23.685","195"
"266","216889","20220922235000","217","2","雲林縣","古坑鄉","120.600","23.685","254"
"33","216891","20220922235000","301","0","雲林縣","古坑鄉","120.610","23.685","40"
"416","216901","20220922235000","227","3","雲林縣","古坑鄉","120.635","23.615","376"
"56","216906","20220922235000","57","0","雲林縣","古坑鄉","120.640","23.620","67"
"47","216928","20220922235000","410","0","雲林縣","古坑鄉","120.560","23.670","42"
"34","216932","20220922235000","29","1","雲林縣","古坑鄉","120.570","23.610","42"
"70","216938","20220922235000","56","2","雲林縣","古坑鄉","120.575","23.615","83"
"424","216939","20220922235000","337","2","雲林縣","古坑鄉","120.580","23.615","484"
"141","216944","20220922235000","522","0","雲林縣","古坑鄉","120.560","23.620","123"
"62","216948","20220922235000","42","2","雲林縣","古坑鄉","120.580","23.620","59"
"466","216990","20220922235000","431","1","嘉義縣","大林鎮","120.470","23.620","432"
"17","217001","20220922235000","77","0","嘉義縣","大林鎮","120.495","23.620","11"
"16","217013","20220922235000","132","0","嘉義縣","大林鎮","120.500","23.625","21"
"43","217022","20220922235000","24","3","嘉義縣","大林鎮","120.490","23.615","39"
"12","217030","20220922235000","229","0","嘉義縣","大林鎮","120.420","23.615","13"
"83","217035","20220922235000","399","0","嘉義縣","大林鎮","120.435","23.620","80"
"107","217047","20220922235000","88","2","嘉義縣","大林鎮","120.460","23.620","134"
"98","217057","20220922235000","367","0","雲林縣","大埤鄉","120.395","23.625","87"
"64","217065","20220922235000","275","0","雲林縣","大埤鄉","120.380","23.620","70"
"46","217073","20220922235000","183","0","雲林縣","大埤鄉","120.425","23.665","49"
"45","217076","20220922235000","31","2","雲林縣","大埤鄉","120.415","23.665","33"
"55","217087","20220922235000","239","0","雲林縣","大埤鄉","120.470","23.655","50"
"117","217105","20220922235000","488","0","雲林縣","古坑鄉","120.555","23.625","138"
"161","217110","20220922235000","226","0","雲林縣","古坑鄉","120.555","23.630","179"
"26","217112","20220922235000","147","0","雲林縣","古坑鄉","120.550","23.640","27"
"64","217135","20220922235000","11","3","雲林縣","土庫鎮","120.395","23.680","42"
"12","217149","20220922235000","28","0","雲林縣","古坑鄉","120.710","23.610","70"
"28","217196","20220922235000","19","2","雲林縣","古坑鄉","120.590","23.650","28"
"48","217209","20220922235000","204","0","雲林縣","古坑鄉","120.575","23.665","72"
"949","217221","20220922235000","438","3","雲林縣","古坑鄉","120.560","23.650","879"
"113","217222","20220922235000","117","0","雲林縣","古坑鄉","120.560","23.655","91"
"28","217230","20220922235000","98","0","雲林縣","古坑鄉","120.515","23.625","28"
"140","217236","20220922235000","162","0","雲林縣","古坑鄉","120.525","23.630","149"
"30","217239","20220922235000","30","1","雲林縣","古坑鄉","120.520","23.635","24"
"60","217259","20220922235000","51","1","雲林縣","大埤鄉","120.420","23.625","85"
"61","217266","20220922235000","460","0","雲林縣","大埤鄉","120.420","23.635","73"
"644","217403","20220922235000","411","3","嘉義縣","溪口鄉","120.410","23.615","600"
"241","217423","20220922235000","96","3","雲林縣","大埤鄉","120.410","23.640","223"
"226","217432","20220922235000","796","0","雲林縣","大埤鄉","120.430","23.645","235"
"50","217442","20220922235000","196","0","雲林縣","大埤鄉","120.415","23.660","49"
"384","217449","20220922235000","124","3","雲林縣","東勢鄉","120.300","23.680","345"
"93","217458","20220922235000","347","0","雲林縣","東勢鄉","120.265","23.675","112"
"174","217463","20220922235000","386","0","雲林縣","東勢鄉","120.255","23.685","150"
"99","217467","20220922235000","761","0","雲林縣","東勢鄉","120.255","23.675","108"
"116","217492","20220922235000","228","0","雲林縣","四湖鄉","120.155","23.650","114"
"40","217497","20220922235000","171","0","雲林縣","四湖鄉","120.155","23.655","49"
"113","217526","20220922235000","84","2","雲林縣","元長鄉","120.320","23.615","108"
"26","217532","20220922235000","351","0","雲林縣","元長鄉","120.320","23.625","20"
"154","217546","20220922235000","72","3","雲林縣","四湖鄉","120.190","23.620","128"
"28","217550","20220922235000","101","0","雲林縣","四湖鄉","120.185","23.625","19"
"228","217561","20220922235000","655","0","雲林縣","四湖鄉","120.230","23.635","230"
"290","217585","20220922235000","319","0","雲林縣","斗六市","120.525","23.675","256"
"293","217589","20220922235000","199","2","雲林縣","斗六市","120.520","23.680","270"
"112","217593","20220922235000","551","0","雲林縣","斗六市","120.510","23.685","117"
"75","217594","20220922235000","269","0","雲林縣","斗六市","120.515","23.685","74"
"291","217597","20220922235000","140","3","雲林縣","斗南鎮","120.470","23.630","293"
"27","217604","20220922235000","16","3","雲林縣","斗南鎮","120.480","23.640","22"
"193","217605","20220922235000","22","3","雲林縣","四湖鄉","120.140","23.620","164"
"117","217610","20220922235000","67","3","雲林縣","四湖鄉","120.150","23.630","112"
"1174","217637","20220922235000","720","3","雲林縣","口湖鄉","120.160","23.610","1148"
"28","217641","20220922235000","207","0","雲林縣","元長鄉","120.310","23.615","23"
"91","217646","20220922235000","415","0","雲林縣","元長鄉","120.305","23.625","102"
"307","217654","20220922235000","157","3","雲林縣","元長鄉","120.325","23.655","283"
"57","217663","20220922235000","200","0","雲林縣","元長鄉","120.315","23.640","63"
"477","217673","20220922235000","1655","0","雲林縣","元長鄉","120.315","23.650","450"
"65","217674","20220922235000","104","0","雲林縣","元長鄉","120.300","23.655","65"
"186","217701","20220922235000","127","2","雲林縣","斗六市","120.560","23.675","189"
"19","217703","20220922235000","41","0","雲林縣","斗六市","120.555","23.680","13"
"495","217705","20220922235000","290","3","雲林縣","古坑鄉","120.565","23.680","541"
"21","217707","20220922235000","289","0","雲林縣","斗六市","120.550","23.685","67"
"132","217708","20220922235000","107","2","雲林縣","斗六市","120.555","23.685","141"
"232","217711","20220922235000","803","0","雲林縣","斗六市","120.540","23.675","615"
"34","217712","20220922235000","150","0","雲林縣","斗六市","120.545","23.675","91"
"1048","217716","20220922235000","790","2","雲林縣","斗六市","120.545","23.680","1048"
"621","217718","20220922235000","569","1","雲林縣","斗六市","120.540","23.685","741"
"57","217728","20220922235000","386","0","雲林縣","大埤鄉","120.450","23.665","66"
"317","217747","20220922235000","210","3","雲林縣","四湖鄉","120.220","23.635","333"
"115","217753","20220922235000","475","0","雲林縣","四湖鄉","120.225","23.645","99"
"105","217774","20220922235000","423","0","雲林縣","四湖鄉","120.175","23.680","105"
"12","217781","20220922235000","165","0","雲林縣","口湖鄉","120.200","23.615","18"
"239","217799","20220922235000","153","3","雲林縣","四湖鄉","120.215","23.635","240"
"823","217801","20220922235000","496","3","雲林縣","四湖鄉","120.225","23.635","787"
"67","217817","20220922235000","135","0","雲林縣","虎尾鎮","120.405","23.680","68"
"50","217819","20220922235000","116","0","雲林縣","虎尾鎮","120.415","23.680","47"
"451","217821","20220922235000","369","2","雲林縣","虎尾鎮","120.410","23.685","456"
"92","217830","20220922235000","78","1","南投縣","竹山鎮","120.660","23.670","88"
"131","217842","20220922235000","646","0","雲林縣","大埤鄉","120.450","23.630","167"
"53","217845","20220922235000","247","0","雲林縣","大埤鄉","120.465","23.630","55"
"68","217877","20220922235000","186","0","雲林縣","大埤鄉","120.395","23.650","55"
"18","217883","20220922235000","191","0","雲林縣","大埤鄉","120.400","23.655","17"
"42","217899","20220922235000","163","0","南投縣","竹山鎮","120.670","23.670","45"
"181","218047","20220922235000","172","1","南投縣","竹山鎮","120.795","23.630","167"
"32","218070","20220922235000","27","1","南投縣","竹山鎮","120.795","23.635","35"
"290","218092","20220922235000","152","3","南投縣","竹山鎮","120.790","23.640","220"
"51","218153","20220922235000","121","0","南投縣","竹山鎮","120.765","23.655","74"
"47","218168","20220922235000","35","2","南投縣","竹山鎮","120.745","23.660","61"
"265","218218","20220922235000","312","0","南投縣","竹山鎮","120.760","23.675","276"
"87","218283","20220922235000","120","0","南投縣","竹山鎮","120.655","23.645","88"
"111","218348","20220922235000","95","1","南投縣","竹山鎮","120.665","23.650","125"
"146","218364","20220922235000","113","2","南投縣","竹山鎮","120.665","23.660","153"
"62","218386","20220922235000","160","0","雲林縣","台西鄉","120.225","23.680","14"
"77","218399","20220922235000","299","0","雲林縣","台西鄉","120.180","23.680","58"
"109","218413","20220922235000","195","0","雲林縣","台西鄉","120.210","23.665","69"
"50","219194","20220922235000","34","2","花蓮縣","豐濱鄉","121.555","23.695","44"
"393","222539","20220922235000","323","2","澎湖縣","白沙鄉","119.610","23.750","388"
"616","223474","20220922235000","415","2","花蓮縣","鳳林鎮","121.445","23.745","640"
"110","223481","20220922235000","53","3","花蓮縣","鳳林鎮","121.445","23.750","104"
"127","223503","20220922235000","112","1","花蓮縣","光復鄉","121.410","23.685","115"
"17","223515","20220922235000","12","2","花蓮縣","光復鄉","121.485","23.690","19"
"414","223610","20220922235000","357","1","雲林縣","二崙鄉","120.420","23.755","387"
"33","223616","20220922235000","56","0","雲林縣","二崙鄉","120.425","23.755","26"
"125","223971","20220922235000","85","2","花蓮縣","鳳林鎮","121.455","23.745","117"
"246","223986","20220922235000","193","2","花蓮縣","鳳林鎮","121.465","23.755","253"
"183","224005","20220922235000","146","2","花蓮縣","鳳林鎮","121.505","23.710","181"
"84","224077","20220922235000","48","3","花蓮縣","鳳林鎮","121.500","23.760","88"
"36","224149","20220922235000","32","1","花蓮縣","鳳林鎮","121.410","23.700","41"
"345","224179","20220922235000","472","0","花蓮縣","鳳林鎮","121.420","23.710","349"
"18","224210","20220922235000","17","1","花蓮縣","萬榮鄉","121.395","23.715","18"
"44","224212","20220922235000","65","0","花蓮縣","萬榮鄉","121.405","23.715","41"
"569","224231","20220922235000","351","3","花蓮縣","鳳林鎮","121.450","23.750","557"
"262","224245","20220922235000","219","1","花蓮縣","鳳林鎮","121.440","23.725","267"
"797","224262","20220922235000","863","0","花蓮縣","鳳林鎮","121.450","23.745","772"
"36","224270","20220922235000","416","0","雲林縣","土庫鎮","120.365","23.705","52"
"71","224272","20220922235000","224","0","雲林縣","土庫鎮","120.365","23.710","111"
"19","224301","20220922235000","92","0","雲林縣","二崙鄉","120.410","23.750","19"
"189","224441","20220922235000","70","3","花蓮縣","萬榮鄉","121.400","23.705","192"
"197","224591","20220922235000","193","1","花蓮縣","鳳林鎮","121.450","23.760","206"
"49","224688","20220922235000","34","2","花蓮縣","豐濱鄉","121.560","23.730","64"
"31","224707","20220922235000","160","0","雲林縣","二崙鄉","120.395","23.750","38"
"35","224725","20220922235000","70","0","雲林縣","元長鄉","120.330","23.690","38"
"331","224731","20220922235000","286","1","雲林縣","斗六市","120.565","23.730","285"
"932","224732","20220922235000","653","2","雲林縣","斗六市","120.555","23.735","939"
"16","224733","20220922235000","15","1","雲林縣","斗六市","120.560","23.735","12"
"484","224734","20220922235000","323","2","雲林縣","斗六市","120.565","23.735","462"
"366","224735","20220922235000","242","3","雲林縣","斗六市","120.550","23.740","393"
"82","224737","20220922235000","89","0","雲林縣","斗六市","120.560","23.740","84"
"215","224742","20220922235000","222","0","雲林縣","斗六市","120.560","23.745","214"
"42","224761","20220922235000","428","0","雲林縣","褒忠鄉","120.280","23.705","54"
"380","224763","20220922235000","242","3","雲林縣","東勢鄉","120.270","23.710","337"
"211","224805","20220922235000","119","3","雲林縣","東勢鄉","120.255","23.735","177"
"232","224806","20220922235000","191","2","雲林縣","斗南鎮","120.485","23.690","224"
"155","224834","20220922235000","151","1","南投縣","鹿谷鄉","120.795","23.690","183"
"30","224863","20220922235000","116","0","南投縣","鹿谷鄉","120.780","23.720","32"
"219","224872","20220922235000","179","2","南投縣","鹿谷鄉","120.745","23.760","201"
"65","224873","20220922235000","56","1","南投縣","鹿谷鄉","120.725","23.765","71"
"237","224875","20220922235000","243","0","南投縣","鹿谷鄉","120.735","23.765","272"
"309","224896","20220922235000","273","1","南投縣","鹿谷鄉","120.780","23.705","287"
"32","224917","20220922235000","136","0","雲林縣","土庫鎮","120.365","23.730","28"
"289","224920","20220922235000","210","2","雲林縣","土庫鎮","120.385","23.690","309"
"583","224923","20220922235000","273","3","雲林縣","土庫鎮","120.390","23.695","645"
"49","224936","20220922235000","302","0","南投縣","鹿谷鄉","120.770","23.730","47"
"267","224950","20220922235000","319","0","南投縣","鹿谷鄉","120.760","23.740","261"
"461","224951","20220922235000","397","1","南投縣","鹿谷鄉","120.765","23.740","477"
"219","224973","20220922235000","879","0","南投縣","鹿谷鄉","120.775","23.750","230"
"320","225062","20220922235000","345","0","南投縣","鹿谷鄉","120.755","23.725","324"
"18","225085","20220922235000","12","3","南投縣","鹿谷鄉","120.740","23.730","16"
"47","225138","20220922235000","58","0","南投縣","鹿谷鄉","120.820","23.720","41"
"410","225159","20220922235000","477","0","南投縣","鹿谷鄉","120.790","23.730","431"
"288","225192","20220922235000","317","0","南投縣","鹿谷鄉","120.755","23.745","308"
"691","225195","20220922235000","500","2","南投縣","鹿谷鄉","120.755","23.750","694"
"140","225196","20220922235000","145","0","南投縣","鹿谷鄉","120.745","23.755","130"
"697","225206","20220922235000","517","2","雲林縣","麥寮鄉","120.185","23.760","692"
"52","225208","20220922235000","60","0","雲林縣","麥寮鄉","120.175","23.765","37"
"818","225215","20220922235000","881","0","雲林縣","斗六市","120.575","23.725","812"
"204","225247","20220922235000","142","2","南投縣","信義鄉","120.850","23.695","178"
"192","225254","20220922235000","168","1","南投縣","信義鄉","120.885","23.695","203"
"30","225259","20220922235000","134","0","南投縣","信義鄉","120.850","23.700","39"
"232","225307","20220922235000","202","1","南投縣","信義鄉","120.850","23.685","233"
"127","225309","20220922235000","135","0","南投縣","信義鄉","120.850","23.690","143"
"227","225972","20220922235000","174","2","雲林縣","斗南鎮","120.500","23.690","207"
"84","225977","20220922235000","501","0","雲林縣","斗南鎮","120.480","23.700","732"
"22","225978","20220922235000","219","0","雲林縣","斗南鎮","120.485","23.700","190"
"335","225980","20220922235000","438","0","雲林縣","斗南鎮","120.495","23.700","314"
"44","225991","20220922235000","185","0","雲林縣","斗六市","120.500","23.710","37"
"251","226020","20220922235000","177","2","南投縣","水里鄉","120.855","23.730","254"
"2751","226032","20220922235000","1033","3","雲林縣","斗六市","120.535","23.700","2749"
"1299","226033","20220922235000","670","3","雲林縣","斗六市","120.540","23.705","1337"
"983","226034","20220922235000","1019","0","雲林縣","斗六市","120.555","23.710","956"
"1321","226037","20220922235000","1253","1","雲林縣","斗六市","120.555","23.715","1367"
"1863","226039","20220922235000","1045","3","雲林縣","斗六市","120.525","23.695","1855"
"2152","226040","20220922235000","873","3","雲林縣","斗六市","120.530","23.695","2158"
"3327","226042","20220922235000","1657","3","雲林縣","斗六市","120.535","23.705","3400"
"226","226047","20220922235000","70","3","雲林縣","斗六市","120.560","23.725","211"
"713","226050","20220922235000","430","3","雲林縣","斗六市","120.530","23.730","666"
"105","226056","20220922235000","362","0","雲林縣","斗六市","120.530","23.735","88"
"19","226057","20220922235000","21","0","雲林縣","斗六市","120.535","23.735","17"
"187","226058","20220922235000","209","0","雲林縣","斗六市","120.540","23.735","173"
"418","226062","20220922235000","297","2","雲林縣","斗六市","120.540","23.740","402"
"14","226065","20220922235000","13","1","雲林縣","斗六市","120.505","23.690","11"
"35","226070","20220922235000","32","1","雲林縣","斗六市","120.505","23.700","29"
"244","226075","20220922235000","317","0","雲林縣","斗六市","120.510","23.705","241"
"1909","226079","20220922235000","715","3","雲林縣","斗六市","120.525","23.690","1859"
"401","226080","20220922235000","893","0","雲林縣","斗六市","120.530","23.690","463"
"1305","226081","20220922235000","605","3","雲林縣","斗六市","120.535","23.690","1482"
"771","226083","20220922235000","541","2","雲林縣","斗六市","120.595","23.710","726"
"17","226086","20220922235000","24","0","雲林縣","斗六市","120.590","23.715","22"
"299","226091","20220922235000","225","2","雲林縣","斗六市","120.595","23.715","319"
"34","226098","20220922235000","27","2","雲林縣","斗六市","120.625","23.695","36"
"208","226124","20220922235000","158","2","雲林縣","斗六市","120.600","23.715","204"
"15","226125","20220922235000","18","0","雲林縣","斗六市","120.610","23.715","18"
"18","226131","20220922235000","49","0","雲林縣","斗六市","120.605","23.715","24"
"3064","226137","20220922235000","1532","3","雲林縣","斗六市","120.540","23.700","3052"
"144","226143","20220922235000","152","0","雲林縣","斗六市","120.505","23.715","111"
"1121","226146","20220922235000","493","3","雲林縣","斗六市","120.525","23.715","986"
"529","226149","20220922235000","393","2","雲林縣","斗六市","120.505","23.720","538"
"107","226151","20220922235000","98","1","雲林縣","斗六市","120.515","23.720","92"
"1279","226153","20220922235000","647","3","雲林縣","斗六市","120.525","23.720","822"
"1035","226159","20220922235000","555","3","雲林縣","斗六市","120.520","23.725","885"
"211","226168","20220922235000","992","0","雲林縣","土庫鎮","120.355","23.705","233"
"17","226173","20220922235000","217","0","雲林縣","斗南鎮","120.475","23.690","19"
"243","226174","20220922235000","187","2","雲林縣","斗南鎮","120.480","23.690","238"
"313","226175","20220922235000","220","2","雲林縣","斗南鎮","120.465","23.695","221"
"34","226182","20220922235000","140","0","雲林縣","崙背鄉","120.345","23.755","32"
"54","226190","20220922235000","408","0","雲林縣","崙背鄉","120.305","23.755","58"
"271","226206","20220922235000","143","3","雲林縣","土庫鎮","120.345","23.695","241"
"46","226232","20220922235000","350","0","南投縣","水里鄉","120.845","23.745","59"
"17","226258","20220922235000","42","0","雲林縣","虎尾鎮","120.460","23.700","12"
"522","226259","20220922235000","435","2","雲林縣","虎尾鎮","120.445","23.705","475"
"61","226261","20220922235000","375","0","雲林縣","虎尾鎮","120.455","23.705","347"
"1310","226263","20220922235000","1156","1","雲林縣","虎尾鎮","120.450","23.710","1305"
"484","226265","20220922235000","265","3","雲林縣","虎尾鎮","120.445","23.710","497"
"402","226266","20220922235000","436","0","雲林縣","虎尾鎮","120.450","23.715","355"
"474","226267","20220922235000","201","3","雲林縣","虎尾鎮","120.415","23.715","437"
"466","226277","20220922235000","333","2","雲林縣","虎尾鎮","120.420","23.725","475"
"686","226286","20220922235000","578","1","雲林縣","虎尾鎮","120.425","23.735","741"
"621","226287","20220922235000","428","2","雲林縣","虎尾鎮","120.415","23.740","661"
"336","226291","20220922235000","302","1","雲林縣","斗六市","120.575","23.715","334"
"368","226293","20220922235000","401","0","雲林縣","斗六市","120.580","23.720","386"
"633","226294","20220922235000","669","0","雲林縣","斗六市","120.585","23.720","627"
"383","226298","20220922235000","375","1","雲林縣","斗六市","120.585","23.725","363"
"34","226299","20220922235000","45","0","雲林縣","斗六市","120.590","23.725","44"
"307","226302","20220922235000","256","1","雲林縣","斗六市","120.590","23.730","309"
"102","226669","20220922235000","472","0","雲林縣","崙背鄉","120.380","23.750","91"
"22","226674","20220922235000","110","0","雲林縣","崙背鄉","120.385","23.755","31"
"387","226678","20220922235000","193","3","雲林縣","崙背鄉","120.375","23.760","330"
"519","226684","20220922235000","362","2","雲林縣","斗六市","120.560","23.695","452"
"235","226686","20220922235000","134","3","雲林縣","斗六市","120.555","23.700","227"
"338","226687","20220922235000","221","3","雲林縣","斗六市","120.560","23.700","281"
"316","226689","20220922235000","286","1","雲林縣","斗六市","120.560","23.705","310"
"550","226695","20220922235000","582","0","雲林縣","斗六市","120.575","23.700","495"
"63","226701","20220922235000","277","0","雲林縣","斗六市","120.605","23.700","44"
"22","226707","20220922235000","18","2","雲林縣","斗六市","120.600","23.705","18"
"908","226714","20220922235000","451","3","雲林縣","虎尾鎮","120.430","23.715","963"
"338","226715","20220922235000","398","0","雲林縣","虎尾鎮","120.440","23.715","309"
"32","226718","20220922235000","85","0","雲林縣","斗六市","120.570","23.690","39"
"129","226726","20220922235000","99","2","雲林縣","古坑鄉","120.605","23.695","129"
"220","226731","20220922235000","187","1","雲林縣","虎尾鎮","120.400","23.715","241"
"83","226733","20220922235000","381","0","雲林縣","虎尾鎮","120.410","23.715","119"
"496","226737","20220922235000","544","0","雲林縣","虎尾鎮","120.445","23.715","447"
"106","226738","20220922235000","90","1","雲林縣","虎尾鎮","120.445","23.720","113"
"659","226739","20220922235000","564","1","雲林縣","虎尾鎮","120.450","23.720","609"
"591","226749","20220922235000","373","3","雲林縣","東勢鄉","120.250","23.715","548"
"622","226761","20220922235000","357","3","雲林縣","莿桐鄉","120.500","23.750","563"
"494","226763","20220922235000","237","3","雲林縣","莿桐鄉","120.510","23.750","432"
"139","226767","20220922235000","909","0","雲林縣","莿桐鄉","120.500","23.760","151"
"61","226768","20220922235000","451","0","雲林縣","莿桐鄉","120.505","23.760","64"
"36","226770","20220922235000","23","3","雲林縣","莿桐鄉","120.500","23.765","44"
"41","226788","20220922235000","304","0","雲林縣","虎尾鎮","120.405","23.700","35"
"573","226802","20220922235000","370","3","雲林縣","虎尾鎮","120.460","23.710","585"
"53","226804","20220922235000","52","1","雲林縣","虎尾鎮","120.470","23.710","38"
"732","226807","20220922235000","521","2","雲林縣","虎尾鎮","120.470","23.715","746"
"254","226810","20220922235000","187","2","雲林縣","虎尾鎮","120.460","23.715","202"
"53","226820","20220922235000","172","0","雲林縣","東勢鄉","120.245","23.690","43"
"21","226824","20220922235000","45","0","雲林縣","斗六市","120.600","23.725","14"
"196","226828","20220922235000","168","1","雲林縣","林內鄉","120.595","23.735","161"
"117","226841","20220922235000","708","0","雲林縣","林內鄉","120.595","23.750","133"
"47","226857","20220922235000","234","0","雲林縣","林內鄉","120.635","23.755","39"
"1227","226870","20220922235000","831","2","雲林縣","林內鄉","120.610","23.755","1165"
"66","226877","20220922235000","374","0","雲林縣","林內鄉","120.615","23.765","502"
"147","226880","20220922235000","601","0","雲林縣","林內鄉","120.620","23.765","131"
"49","226886","20220922235000","395","0","雲林縣","林內鄉","120.615","23.760","45"
"18","226903","20220922235000","83","0","雲林縣","林內鄉","120.620","23.745","20"
"29","226920","20220922235000","45","0","雲林縣","林內鄉","120.625","23.720","27"
"192","226924","20220922235000","188","1","雲林縣","林內鄉","120.610","23.725","171"
"75","226957","20220922235000","167","0","雲林縣","林內鄉","120.590","23.760","102"
"1809","226964","20220922235000","2109","0","雲林縣","斗六市","120.555","23.705","1845"
"1386","226965","20220922235000","935","2","雲林縣","斗六市","120.530","23.715","1337"
"596","226966","20220922235000","436","2","雲林縣","斗六市","120.535","23.710","515"
"1762","226967","20220922235000","1347","2","雲林縣","斗六市","120.535","23.715","1842"
"81","227221","20220922235000","41","3","雲林縣","斗六市","120.545","23.720","73"
"350","227224","20220922235000","254","2","雲林縣","斗六市","120.540","23.725","263"
"46","227240","20220922235000","187","0","雲林縣","東勢鄉","120.270","23.705","53"
"37","227244","20220922235000","214","0","雲林縣","東勢鄉","120.285","23.690","37"
"47","227262","20220922235000","256","0","雲林縣","東勢鄉","120.250","23.705","40"
"99","227268","20220922235000","86","1","雲林縣","西螺鎮","120.460","23.760","76"
"1567","227273","20220922235000","866","3","雲林縣","斗六市","120.545","23.715","1611"
"107","227274","20220922235000","103","1","雲林縣","斗六市","120.565","23.710","87"
"933","227276","20220922235000","811","1","雲林縣","斗六市","120.565","23.715","1008"
"207","227279","20220922235000","232","0","雲林縣","斗六市","120.560","23.715","188"
"465","227280","20220922235000","416","1","雲林縣","斗六市","120.565","23.720","483"
"77","227287","20220922235000","387","0","雲林縣","土庫鎮","120.345","23.705","71"
"215","227301","20220922235000","121","3","雲林縣","斗六市","120.520","23.695","186"
"21","227302","20220922235000","43","0","雲林縣","斗六市","120.520","23.700","37"
"319","227303","20220922235000","431","0","雲林縣","斗六市","120.525","23.700","346"
"11","227305","20220922235000","49","0","雲林縣","斗六市","120.525","23.705","16"
"76","227306","20220922235000","1435","0","雲林縣","斗六市","120.530","23.705","84"
"36","227309","20220922235000","55","0","雲林縣","斗六市","120.525","23.710","36"
"57","227320","20220922235000","162","0","雲林縣","斗六市","120.565","23.695","57"
"969","227328","20220922235000","1198","0","雲林縣","斗六市","120.540","23.710","987"
"1131","227329","20220922235000","853","2","雲林縣","斗六市","120.540","23.715","1216"
"938","227330","20220922235000","1010","0","雲林縣","斗六市","120.550","23.715","954"
"17","227339","20220922235000","239","0","雲林縣","斗六市","120.565","23.750","25"
"2207","227348","20220922235000","1872","1","雲林縣","斗六市","120.545","23.710","2311"
"857","227349","20220922235000","780","1","雲林縣","斗六市","120.540","23.690","888"
"187","227350","20220922235000","956","0","雲林縣","斗六市","120.550","23.710","184"
"95","227351","20220922235000","159","0","雲林縣","崙背鄉","120.360","23.755","102"
"123","227355","20220922235000","327","0","雲林縣","崙背鄉","120.370","23.755","134"
"984","227359","20220922235000","1047","0","雲林縣","崙背鄉","120.350","23.760","890"
"216","227365","20220922235000","169","2","雲林縣","崙背鄉","120.330","23.750","176"
"63","227373","20220922235000","248","0","雲林縣","崙背鄉","120.315","23.755","474"
"38","227383","20220922235000","183","0","雲林縣","崙背鄉","120.335","23.760","32"
"184","227395","20220922235000","202","0","雲林縣","西螺鎮","120.435","23.755","172"
"149","227444","20220922235000","496","0","雲林縣","台西鄉","120.200","23.715","143"
"114","227446","20220922235000","80","2","雲林縣","台西鄉","120.210","23.715","104"
"255","227476","20220922235000","1368","0","雲林縣","台西鄉","120.200","23.700","246"
"397","227502","20220922235000","1009","0","南投縣","竹山鎮","120.695","23.760","406"
"291","227503","20220922235000","327","0","南投縣","竹山鎮","120.685","23.765","295"
"59","227504","20220922235000","84","0","南投縣","竹山鎮","120.690","23.765","71"
"336","227505","20220922235000","295","1","南投縣","竹山鎮","120.695","23.765","303"
"40","227537","20220922235000","116","0","南投縣","竹山鎮","120.725","23.755","41"
"27","227540","20220922235000","74","0","南投縣","竹山鎮","120.710","23.760","33"
"199","227544","20220922235000","189","1","雲林縣","莿桐鄉","120.525","23.735","185"
"47","227559","20220922235000","378","0","雲林縣","莿桐鄉","120.505","23.730","44"
"44","227564","20220922235000","287","0","雲林縣","莿桐鄉","120.515","23.735","50"
"82","227570","20220922235000","440","0","雲林縣","莿桐鄉","120.515","23.740","79"
"28","227577","20220922235000","127","0","雲林縣","莿桐鄉","120.490","23.760","29"
"496","227581","20220922235000","386","2","雲林縣","虎尾鎮","120.435","23.720","499"
"197","227585","20220922235000","108","3","雲林縣","虎尾鎮","120.435","23.735","164"
"575","227588","20220922235000","362","3","雲林縣","虎尾鎮","120.435","23.690","542"
"437","227593","20220922235000","444","0","雲林縣","虎尾鎮","120.435","23.695","402"
"90","227603","20220922235000","487","0","雲林縣","土庫鎮","120.375","23.705","80"
"358","227604","20220922235000","203","3","雲林縣","虎尾鎮","120.380","23.705","315"
"353","227632","20220922235000","192","3","雲林縣","褒忠鄉","120.340","23.735","334"
"766","227636","20220922235000","697","1","南投縣","竹山鎮","120.680","23.750","687"
"700","227637","20220922235000","671","1","南投縣","竹山鎮","120.675","23.755","686"
"2104","227638","20220922235000","1927","1","南投縣","竹山鎮","120.680","23.755","2098"
"59","227639","20220922235000","83","0","南投縣","竹山鎮","120.685","23.755","68"
"83","227640","20220922235000","676","0","雲林縣","虎尾鎮","120.420","23.700","98"
"373","227642","20220922235000","338","1","雲林縣","虎尾鎮","120.420","23.705","382"
"726","227645","20220922235000","578","2","雲林縣","虎尾鎮","120.420","23.710","668"
"2301","227647","20220922235000","1821","2","雲林縣","虎尾鎮","120.435","23.710","2355"
"229","227655","20220922235000","236","0","雲林縣","褒忠鄉","120.310","23.720","239"
"304","227684","20220922235000","322","0","雲林縣","虎尾鎮","120.405","23.725","287"
"174","227697","20220922235000","69","3","雲林縣","虎尾鎮","120.395","23.735","182"
"145","227698","20220922235000","127","1","雲林縣","虎尾鎮","120.400","23.735","141"
"269","227706","20220922235000","226","1","雲林縣","虎尾鎮","120.405","23.740","258"
"1300","227716","20220922235000","1102","1","雲林縣","虎尾鎮","120.430","23.705","1331"
"733","227717","20220922235000","556","2","雲林縣","虎尾鎮","120.435","23.705","721"
"171","227722","20220922235000","112","3","雲林縣","崙背鄉","120.345","23.750","133"
"226","227728","20220922235000","818","0","雲林縣","崙背鄉","120.350","23.750","249"
"34","227730","20220922235000","264","0","雲林縣","崙背鄉","120.350","23.755","29"
"30","227733","20220922235000","30","1","雲林縣","虎尾鎮","120.400","23.710","39"
"753","227738","20220922235000","593","2","雲林縣","虎尾鎮","120.430","23.710","691"
"26","227741","20220922235000","248","0","雲林縣","斗南鎮","120.485","23.720","29"
"14","227744","20220922235000","15","0","雲林縣","虎尾鎮","120.485","23.725","13"
"437","227745","20220922235000","259","3","雲林縣","虎尾鎮","120.490","23.725","376"
"197","227748","20220922235000","140","2","雲林縣","虎尾鎮","120.480","23.730","173"
"1100","227763","20220922235000","642","3","雲林縣","虎尾鎮","120.440","23.710","1146"
"63","227766","20220922235000","642","0","雲林縣","虎尾鎮","120.390","23.705","54"
"380","227798","20220922235000","559","0","南投縣","竹山鎮","120.710","23.765","395"
"533","227807","20220922235000","573","0","南投縣","竹山鎮","120.700","23.765","530"
"180","227808","20220922235000","168","1","南投縣","竹山鎮","120.705","23.765","164"
"394","227840","20220922235000","473","0","南投縣","竹山鎮","120.685","23.760","408"
"157","227842","20220922235000","761","0","南投縣","竹山鎮","120.675","23.760","156"
"189","227852","20220922235000","160","1","南投縣","竹山鎮","120.650","23.705","202"
"16","227871","20220922235000","85","0","南投縣","竹山鎮","120.655","23.720","18"
"513","227882","20220922235000","374","2","雲林縣","虎尾鎮","120.430","23.700","445"
"178","227894","20220922235000","646","0","雲林縣","虎尾鎮","120.460","23.725","168"
"46","227907","20220922235000","165","0","雲林縣","虎尾鎮","120.465","23.740","338"
"1357","227921","20220922235000","1744","0","雲林縣","褒忠鄉","120.315","23.695","1451"
"95","227938","20220922235000","86","1","南投縣","竹山鎮","120.715","23.695","106"
"26","227947","20220922235000","30","0","南投縣","竹山鎮","120.715","23.705","19"
"22","227979","20220922235000","32","0","南投縣","竹山鎮","120.700","23.705","22"
"71","228012","20220922235000","358","0","雲林縣","褒忠鄉","120.285","23.700","52"
"986","228016","20220922235000","663","2","雲林縣","褒忠鄉","120.315","23.710","1006"
"230","228047","20220922235000","188","2","南投縣","竹山鎮","120.665","23.755","219"
"467","228051","20220922235000","443","1","南投縣","竹山鎮","120.665","23.760","480"
"684","228091","20220922235000","338","3","雲林縣","台西鄉","120.215","23.740","609"
"220","228138","20220922235000","275","0","雲林縣","崙背鄉","120.295","23.760","196"
"37","228142","20220922235000","376","0","雲林縣","虎尾鎮","120.440","23.720","39"
"824","228151","20220922235000","274","3","雲林縣","麥寮鄉","120.260","23.750","782"
"533","228157","20220922235000","169","3","雲林縣","麥寮鄉","120.255","23.760","479"
"2015","228161","20220922235000","1377","2","雲林縣","斗六市","120.545","23.705","1982"
"348","228162","20220922235000","358","0","雲林縣","斗六市","120.550","23.705","345"
"197","228194","20220922235000","198","0","南投縣","竹山鎮","120.705","23.745","202"
"59","228199","20220922235000","44","2","南投縣","竹山鎮","120.700","23.750","58"
"630","228200","20220922235000","445","2","南投縣","竹山鎮","120.690","23.755","597"
"59","228205","20220922235000","73","0","南投縣","竹山鎮","120.680","23.745","79"
"287","228207","20220922235000","291","0","南投縣","竹山鎮","120.675","23.750","281"
"142","228209","20220922235000","634","0","雲林縣","台西鄉","120.210","23.720","141"
"1335","228228","20220922235000","841","3","雲林縣","台西鄉","120.220","23.720","1418"
"39","228231","20220922235000","19","3","雲林縣","台西鄉","120.215","23.700","26"
"82","228245","20220922235000","294","0","雲林縣","台西鄉","120.190","23.700","90"
"71","228266","20220922235000","209","0","雲林縣","麥寮鄉","120.260","23.745","90"
"515","228271","20220922235000","419","2","雲林縣","麥寮鄉","120.250","23.750","540"
"468","228272","20220922235000","1770","0","雲林縣","麥寮鄉","120.255","23.750","494"
"556","228274","20220922235000","347","3","雲林縣","麥寮鄉","120.265","23.750","566"
"65","228278","20220922235000","508","0","雲林縣","莿桐鄉","120.480","23.745","64"
"1031","228283","20220922235000","852","2","雲林縣","西螺鎮","120.465","23.755","1035"
"195","228312","20220922235000","919","0","雲林縣","麥寮鄉","120.240","23.750","219"
"259","228321","20220922235000","201","2","雲林縣","台西鄉","120.220","23.750","209"
"464","228335","20220922235000","351","2","雲林縣","虎尾鎮","120.420","23.690","501"
"376","228337","20220922235000","346","1","雲林縣","虎尾鎮","120.425","23.695","362"
"3289","228338","20220922235000","2353","2","雲林縣","虎尾鎮","120.425","23.700","3394"
"42","228340","20220922235000","712","0","雲林縣","虎尾鎮","120.425","23.710","42"
"24","228375","20220922235000","81","0","南投縣","竹山鎮","120.665","23.725","27"
"38","228395","20220922235000","104","0","南投縣","竹山鎮","120.690","23.725","37"
"129","228399","20220922235000","103","2","南投縣","竹山鎮","120.710","23.725","148"
"33","228402","20220922235000","184","0","南投縣","竹山鎮","120.690","23.730","29"
"141","228415","20220922235000","854","0","南投縣","竹山鎮","120.680","23.760","156"
"130","228711","20220922235000","133","0","雲林縣","麥寮鄉","120.170","23.770","154"
"111","230307","20220922235000","130","0","雲林縣","麥寮鄉","120.180","23.795","153"
"28","232186","20220922235000","20","2","花蓮縣","壽豐鄉","121.585","23.825","27"
"110","233034","20220922235000","79","2","花蓮縣","壽豐鄉","121.565","23.780","112"
"50","233104","20220922235000","39","2","花蓮縣","壽豐鄉","121.460","23.810","60"
"276","233119","20220922235000","187","2","花蓮縣","壽豐鄉","121.475","23.815","308"
"141","233140","20220922235000","117","2","花蓮縣","壽豐鄉","121.480","23.825","151"
"487","233238","20220922235000","519","0","花蓮縣","壽豐鄉","121.515","23.840","607"
"16","233277","20220922235000","12","2","花蓮縣","壽豐鄉","121.590","23.840","17"
"59","233282","20220922235000","148","0","雲林縣","二崙鄉","120.420","23.815","51"
"198","234014","20220922235000","198","1","花蓮縣","鳳林鎮","121.455","23.800","207"
"100","234015","20220922235000","91","1","花蓮縣","鳳林鎮","121.460","23.800","115"
"12","234031","20220922235000","27","0","花蓮縣","鳳林鎮","121.465","23.805","12"
"333","234042","20220922235000","279","1","花蓮縣","萬榮鄉","121.445","23.810","319"
"1059","234074","20220922235000","1261","0","雲林縣","二崙鄉","120.415","23.770","1043"
"25","234106","20220922235000","259","0","雲林縣","二崙鄉","120.410","23.815","32"
"37","234119","20220922235000","12","3","雲林縣","二崙鄉","120.415","23.795","33"
"80","234120","20220922235000","364","0","雲林縣","二崙鄉","120.420","23.795","82"
"504","234127","20220922235000","392","2","雲林縣","二崙鄉","120.385","23.795","453"
"424","234130","20220922235000","291","2","雲林縣","二崙鄉","120.380","23.800","384"
"318","234162","20220922235000","134","3","雲林縣","二崙鄉","120.395","23.820","275"
"212","234274","20220922235000","137","3","花蓮縣","鳳林鎮","121.460","23.780","210"
"64","234277","20220922235000","45","2","花蓮縣","鳳林鎮","121.460","23.785","80"
"61","234283","20220922235000","379","0","雲林縣","二崙鄉","120.410","23.805","63"
"29","234324","20220922235000","143","0","雲林縣","二崙鄉","120.395","23.765","35"
"24","234338","20220922235000","415","0","雲林縣","二崙鄉","120.365","23.805","28"
"175","234386","20220922235000","591","0","雲林縣","二崙鄉","120.395","23.790","194"
"862","234401","20220922235000","360","3","雲林縣","西螺鎮","120.470","23.795","813"
"269","234404","20220922235000","189","2","雲林縣","西螺鎮","120.470","23.800","254"
"215","234406","20220922235000","92","3","雲林縣","西螺鎮","120.480","23.800","219"
"1296","234413","20220922235000","526","3","雲林縣","西螺鎮","120.450","23.785","1272"
"508","234424","20220922235000","380","2","雲林縣","麥寮鄉","120.270","23.770","549"
"642","234432","20220922235000","395","3","雲林縣","麥寮鄉","120.265","23.780","653"
"136","234453","20220922235000","25","3","雲林縣","麥寮鄉","120.235","23.790","113"
"119","234454","20220922235000","447","0","雲林縣","麥寮鄉","120.240","23.790","130"
"1828","234481","20220922235000","1467","2","南投縣","水里鄉","120.855","23.815","1922"
"212","234482","20220922235000","134","3","南投縣","水里鄉","120.860","23.815","176"
"13","234513","20220922235000","262","0","雲林縣","西螺鎮","120.485","23.785","15"
"291","234539","20220922235000","208","2","雲林縣","西螺鎮","120.450","23.775","298"
"640","234540","20220922235000","155","3","雲林縣","西螺鎮","120.445","23.780","645"
"28","234570","20220922235000","35","0","南投縣","鹿谷鄉","120.740","23.775","26"
"367","234591","20220922235000","311","1","南投縣","水里鄉","120.845","23.820","369"
"187","234630","20220922235000","155","2","南投縣","水里鄉","120.930","23.795","166"
"98","234678","20220922235000","564","0","南投縣","水里鄉","120.850","23.815","91"
"209","234703","20220922235000","185","1","南投縣","水里鄉","120.845","23.775","175"
"491","234721","20220922235000","402","2","彰化縣","溪州鄉","120.515","23.815","519"
"178","234765","20220922235000","123","2","南投縣","鹿谷鄉","120.785","23.790","152"
"55","234826","20220922235000","44","2","南投縣","鹿谷鄉","120.785","23.765","55"
"59","234843","20220922235000","46","2","南投縣","鹿谷鄉","120.775","23.775","56"
"144","234859","20220922235000","89","3","南投縣","鹿谷鄉","120.775","23.785","151"
"76","234881","20220922235000","65","1","雲林縣","麥寮鄉","120.195","23.775","79"
"72","234888","20220922235000","79","0","雲林縣","麥寮鄉","120.180","23.785","55"
"36","234892","20220922235000","76","0","雲林縣","麥寮鄉","120.200","23.785","36"
"334","234900","20220922235000","318","1","雲林縣","麥寮鄉","120.205","23.790","239"
"1524","234906","20220922235000","663","3","雲林縣","麥寮鄉","120.260","23.790","1526"
"1212","234915","20220922235000","525","3","雲林縣","麥寮鄉","120.220","23.795","1218"
"541","234934","20220922235000","139","3","雲林縣","麥寮鄉","120.230","23.795","546"
"1248","234937","20220922235000","522","3","雲林縣","麥寮鄉","120.245","23.795","1221"
"18","234945","20220922235000","16","1","雲林縣","麥寮鄉","120.190","23.800","11"
"54","234949","20220922235000","28","3","雲林縣","麥寮鄉","120.210","23.800","62"
"1447","234952","20220922235000","1184","2","雲林縣","麥寮鄉","120.225","23.800","1386"
"379","234961","20220922235000","199","3","雲林縣","麥寮鄉","120.270","23.800","361"
"69","234965","20220922235000","49","2","雲林縣","麥寮鄉","120.195","23.805","73"
"72","234967","20220922235000","66","1","雲林縣","麥寮鄉","120.205","23.805","62"
"161","234997","20220922235000","147","1","雲林縣","麥寮鄉","120.215","23.815","138"
"14","235214","20220922235000","24","0","南投縣","信義鄉","120.980","23.785","26"
"58","235228","20220922235000","219","0","雲林縣","崙背鄉","120.350","23.775","89"
"242","235235","20220922235000","119","3","雲林縣","崙背鄉","120.345","23.785","218"
"27","235239","20220922235000","305","0","雲林縣","崙背鄉","120.350","23.790","26"
"749","235274","20220922235000","681","1","南投縣","水里鄉","120.850","23.810","775"
"329","235297","20220922235000","278","1","彰化縣","溪州鄉","120.505","23.815","275"
"877","235309","20220922235000","814","1","彰化縣","溪州鄉","120.540","23.830","886"
"471","235350","20220922235000","397","1","彰化縣","溪州鄉","120.490","23.830","495"
"198","235352","20220922235000","152","2","彰化縣","溪州鄉","120.475","23.835","210"
"423","235362","20220922235000","277","3","彰化縣","溪州鄉","120.480","23.845","426"
"194","235370","20220922235000","196","0","彰化縣","溪州鄉","120.500","23.840","180"
"608","235385","20220922235000","351","3","雲林縣","崙背鄉","120.325","23.780","619"
"330","235405","20220922235000","224","2","南投縣","水里鄉","120.865","23.795","310"
"534","235409","20220922235000","522","1","南投縣","水里鄉","120.860","23.800","496"
"29","235459","20220922235000","267","0","南投縣","水里鄉","120.825","23.810","31"
"56","235505","20220922235000","42","2","南投縣","水里鄉","120.870","23.845","50"
"46","235509","20220922235000","378","0","南投縣","名間鄉","120.635","23.835","46"
"16","235515","20220922235000","293","0","南投縣","名間鄉","120.705","23.820","11"
"233","235521","20220922235000","229","1","南投縣","名間鄉","120.715","23.830","249"
"1121","235523","20220922235000","1058","1","南投縣","名間鄉","120.705","23.835","1140"
"95","235527","20220922235000","84","1","南投縣","名間鄉","120.725","23.835","90"
"24","235539","20220922235000","144","0","南投縣","名間鄉","120.665","23.820","27"
"424","235555","20220922235000","407","1","南投縣","集集鎮","120.795","23.825","432"
"96","235556","20220922235000","388","0","南投縣","集集鎮","120.795","23.830","93"
"38","235703","20220922235000","57","0","南投縣","信義鄉","120.915","23.785","42"
"248","235812","20220922235000","219","1","南投縣","信義鄉","120.940","23.795","230"
"29","236275","20220922235000","248","0","南投縣","名間鄉","120.660","23.835","31"
"311","236286","20220922235000","267","1","南投縣","名間鄉","120.655","23.845","291"
"59","236299","20220922235000","59","1","南投縣","名間鄉","120.695","23.810","59"
"108","236318","20220922235000","82","2","彰化縣","二水鄉","120.635","23.830","111"
"484","236322","20220922235000","387","2","南投縣","名間鄉","120.630","23.840","444"
"36","236329","20220922235000","173","0","彰化縣","溪州鄉","120.515","23.830","46"
"143","236334","20220922235000","105","2","彰化縣","溪州鄉","120.520","23.835","119"
"10","236347","20220922235000","40","0","彰化縣","溪州鄉","120.510","23.845","10"
"183","236374","20220922235000","145","2","彰化縣","溪州鄉","120.580","23.820","157"
"306","236389","20220922235000","296","1","彰化縣","溪州鄉","120.470","23.830","304"
"319","236394","20220922235000","369","0","南投縣","名間鄉","120.695","23.835","376"
"29","236405","20220922235000","771","0","南投縣","名間鄉","120.700","23.835","21"
"48","236406","20220922235000","27","3","彰化縣","二水鄉","120.650","23.810","43"
"34","236410","20220922235000","199","0","南投縣","名間鄉","120.645","23.820","33"
"212","236415","20220922235000","144","2","南投縣","名間鄉","120.655","23.830","170"
"590","236419","20220922235000","196","3","彰化縣","大城鄉","120.345","23.845","553"
"284","236421","20220922235000","248","1","彰化縣","大城鄉","120.300","23.840","262"
"350","236449","20220922235000","259","2","彰化縣","溪州鄉","120.565","23.815","373"
"239","236455","20220922235000","222","1","彰化縣","溪州鄉","120.560","23.830","248"
"53","236462","20220922235000","299","0","雲林縣","莿桐鄉","120.540","23.765","41"
"43","236463","20220922235000","337","0","雲林縣","莿桐鄉","120.530","23.770","402"
"12","236470","20220922235000","188","0","南投縣","名間鄉","120.630","23.845","12"
"150","236472","20220922235000","132","1","南投縣","名間鄉","120.640","23.845","143"
"389","236479","20220922235000","255","3","南投縣","名間鄉","120.690","23.845","349"
"272","236481","20220922235000","221","2","南投縣","名間鄉","120.700","23.845","254"
"115","236492","20220922235000","487","0","雲林縣","林內鄉","120.610","23.770","101"
"185","236494","20220922235000","163","1","雲林縣","林內鄉","120.610","23.775","197"
"65","236509","20220922235000","244","0","雲林縣","林內鄉","120.625","23.775","59"
"73","236557","20220922235000","337","0","南投縣","集集鎮","120.800","23.825","72"
"11","236558","20220922235000","100","0","南投縣","集集鎮","120.805","23.825","11"
"15","236563","20220922235000","109","0","南投縣","集集鎮","120.765","23.820","13"
"22","236573","20220922235000","114","0","南投縣","集集鎮","120.770","23.845","23"
"159","236578","20220922235000","226","0","南投縣","集集鎮","120.815","23.825","154"
"319","236593","20220922235000","984","0","南投縣","集集鎮","120.785","23.825","299"
"280","236635","20220922235000","236","1","彰化縣","大城鄉","120.350","23.835","313"
"322","236679","20220922235000","234","2","彰化縣","大城鄉","120.275","23.845","347"
"277","236695","20220922235000","218","2","南投縣","信義鄉","120.905","23.770","261"
"30","236721","20220922235000","362","0","彰化縣","二水鄉","120.615","23.810","29"
"1102","236741","20220922235000","268","3","雲林縣","莿桐鄉","120.500","23.780","1024"
"171","236758","20220922235000","80","3","彰化縣","二水鄉","120.630","23.830","163"
"275","236765","20220922235000","540","0","彰化縣","二水鄉","120.610","23.815","298"
"374","236771","20220922235000","287","2","彰化縣","二水鄉","120.635","23.795","346"
"14","236772","20220922235000","30","0","彰化縣","二水鄉","120.640","23.795","22"
"2525","236781","20220922235000","1021","3","雲林縣","西螺鎮","120.440","23.780","2623"
"359","236785","20220922235000","302","1","雲林縣","西螺鎮","120.430","23.790","333"
"567","236786","20220922235000","120","3","雲林縣","西螺鎮","120.435","23.790","521"
"23","236796","20220922235000","223","0","彰化縣","二水鄉","120.640","23.805","23"
"30","236801","20220922235000","347","0","彰化縣","二水鄉","120.605","23.825","34"
"245","236814","20220922235000","1057","0","彰化縣","二水鄉","120.620","23.810","270"
"273","237024","20220922235000","372","0","雲林縣","莿桐鄉","120.515","23.775","281"
"408","237025","20220922235000","297","2","雲林縣","莿桐鄉","120.520","23.775","355"
"1308","237039","20220922235000","426","3","雲林縣","西螺鎮","120.435","23.800","1288"
"962","237048","20220922235000","223","3","雲林縣","西螺鎮","120.440","23.810","987"
"434","237053","20220922235000","299","2","雲林縣","西螺鎮","120.465","23.795","457"
"722","237054","20220922235000","1098","0","雲林縣","西螺鎮","120.465","23.800","739"
"15","237056","20220922235000","272","0","雲林縣","西螺鎮","120.465","23.765","20"
"1206","237062","20220922235000","642","3","雲林縣","西螺鎮","120.475","23.785","1237"
"234","237066","20220922235000","107","3","雲林縣","西螺鎮","120.475","23.765","217"
"60","237068","20220922235000","439","0","雲林縣","西螺鎮","120.460","23.795","82"
"898","237069","20220922235000","1078","0","雲林縣","西螺鎮","120.460","23.800","873"
"1832","237075","20220922235000","784","3","雲林縣","西螺鎮","120.440","23.800","1888"
"442","237076","20220922235000","279","3","雲林縣","西螺鎮","120.455","23.790","449"
"179","237078","20220922235000","2560","0","雲林縣","西螺鎮","120.455","23.800","206"
"15","237081","20220922235000","130","0","彰化縣","二水鄉","120.635","23.810","16"
"10","237089","20220922235000","17","0","彰化縣","二水鄉","120.640","23.800","14"
"32","237103","20220922235000","248","0","彰化縣","二水鄉","120.630","23.800","42"
"48","237115","20220922235000","33","2","彰化縣","二水鄉","120.655","23.800","45"
"479","237141","20220922235000","359","2","雲林縣","崙背鄉","120.325","23.795","501"
"199","237147","20220922235000","149","2","雲林縣","崙背鄉","120.340","23.800","172"
"136","237182","20220922235000","121","1","雲林縣","崙背鄉","120.310","23.790","131"
"209","237186","20220922235000","235","0","雲林縣","崙背鄉","120.305","23.795","224"
"28","237187","20220922235000","29","0","雲林縣","崙背鄉","120.310","23.795","23"
"806","237189","20220922235000","390","3","雲林縣","麥寮鄉","120.295","23.800","751"
"90","237228","20220922235000","68","2","彰化縣","田中鎮","120.605","23.845","102"
"16","237236","20220922235000","26","0","彰化縣","溪州鄉","120.455","23.825","25"
"31","237241","20220922235000","225","0","彰化縣","竹塘鄉","120.445","23.835","28"
"94","237255","20220922235000","564","0","雲林縣","莿桐鄉","120.565","23.775","98"
"77","237256","20220922235000","233","0","雲林縣","莿桐鄉","120.570","23.775","69"
"277","237302","20220922235000","163","3","雲林縣","莿桐鄉","120.550","23.765","253"
"19","237358","20220922235000","143","0","南投縣","竹山鎮","120.680","23.770","10"
"81","237361","20220922235000","103","0","南投縣","竹山鎮","120.680","23.775","90"
"23","237386","20220922235000","101","0","南投縣","竹山鎮","120.650","23.770","29"
"256","237414","20220922235000","226","1","南投縣","竹山鎮","120.730","23.815","258"
"220","237424","20220922235000","205","1","南投縣","竹山鎮","120.715","23.765","206"
"68","237434","20220922235000","417","0","南投縣","竹山鎮","120.705","23.780","66"
"187","237436","20220922235000","180","1","南投縣","竹山鎮","120.715","23.780","189"
"34","237453","20220922235000","291","0","南投縣","竹山鎮","120.695","23.770","27"
"24","237489","20220922235000","140","0","彰化縣","竹塘鄉","120.400","23.845","23"
"65","237498","20220922235000","427","0","雲林縣","麥寮鄉","120.240","23.770","73"
"161","237499","20220922235000","92","3","雲林縣","麥寮鄉","120.245","23.770","160"
"21","237516","20220922235000","228","0","雲林縣","崙背鄉","120.355","23.765","38"
"124","237531","20220922235000","101","2","南投縣","竹山鎮","120.750","23.815","149"
"443","237559","20220922235000","340","2","南投縣","竹山鎮","120.715","23.800","438"
"156","237593","20220922235000","155","1","南投縣","魚池鄉","120.895","23.835","149"
"167","237595","20220922235000","236","0","南投縣","魚池鄉","120.905","23.835","161"
"363","237603","20220922235000","378","0","南投縣","竹山鎮","120.715","23.805","378"
"304","237607","20220922235000","171","3","南投縣","竹山鎮","120.730","23.810","297"
"362","237611","20220922235000","252","2","南投縣","竹山鎮","120.725","23.810","314"
"228","237614","20220922235000","238","0","南投縣","竹山鎮","120.720","23.815","160"
"81","237670","20220922235000","78","1","南投縣","魚池鄉","120.885","23.820","83"
"460","237685","20220922235000","328","2","雲林縣","麥寮鄉","120.290","23.765","468"
"138","237741","20220922235000","63","3","南投縣","集集鎮","120.760","23.830","115"
"30","237775","20220922235000","106","0","南投縣","集集鎮","120.750","23.840","24"
"64","237785","20220922235000","175","0","南投縣","集集鎮","120.745","23.830","76"
"34","237788","20220922235000","28","2","南投縣","集集鎮","120.740","23.835","40"
"76","237801","20220922235000","240","0","南投縣","集集鎮","120.780","23.825","60"
"330","237819","20220922235000","174","3","雲林縣","莿桐鄉","120.505","23.765","296"
"1303","237833","20220922235000","464","3","雲林縣","西螺鎮","120.480","23.770","1337"
"423","237848","20220922235000","321","2","雲林縣","麥寮鄉","120.290","23.795","372"
"1855","237860","20220922235000","1464","2","雲林縣","麥寮鄉","120.275","23.795","1911"
"438","237864","20220922235000","316","2","雲林縣","麥寮鄉","120.280","23.795","408"
"18","237872","20220922235000","122","0","彰化縣","田中鎮","120.560","23.845","26"
"135","237874","20220922235000","109","2","彰化縣","田中鎮","120.570","23.845","159"
"61","237878","20220922235000","53","1","彰化縣","田中鎮","120.580","23.840","99"
"306","237881","20220922235000","318","0","彰化縣","田中鎮","120.595","23.840","331"
"44","237884","20220922235000","378","0","彰化縣","田中鎮","120.595","23.845","46"
"266","237895","20220922235000","196","2","彰化縣","田中鎮","120.595","23.830","228"
"149","237900","20220922235000","463","0","雲林縣","莿桐鄉","120.535","23.775","147"
"58","240440","20220922235000","59","0","花蓮縣","壽豐鄉","121.605","23.885","108"
"224","242904","20220922235000","157","2","花蓮縣","秀林鄉","121.500","23.920","247"
"240","242957","20220922235000","144","3","花蓮縣","壽豐鄉","121.530","23.865","235"
"137","242963","20220922235000","140","0","花蓮縣","壽豐鄉","121.525","23.870","157"
"916","242988","20220922235000","734","2","花蓮縣","壽豐鄉","121.510","23.870","920"
"770","243010","20220922235000","671","1","花蓮縣","壽豐鄉","121.520","23.890","779"
"19","243014","20220922235000","81","0","花蓮縣","壽豐鄉","121.540","23.890","16"
"451","243023","20220922235000","519","0","花蓮縣","壽豐鄉","121.555","23.895","475"
"681","243053","20220922235000","546","2","花蓮縣","壽豐鄉","121.535","23.895","714"
"364","243054","20220922235000","462","0","花蓮縣","壽豐鄉","121.540","23.895","363"
"394","243055","20220922235000","287","2","花蓮縣","壽豐鄉","121.545","23.895","346"
"362","243057","20220922235000","301","2","花蓮縣","壽豐鄉","121.530","23.895","366"
"640","243065","20220922235000","500","2","花蓮縣","壽豐鄉","121.530","23.900","543"
"940","243069","20220922235000","765","2","花蓮縣","壽豐鄉","121.550","23.900","936"
"1016","243073","20220922235000","911","1","花蓮縣","壽豐鄉","121.530","23.905","1038"
"171","243089","20220922235000","93","3","花蓮縣","壽豐鄉","121.520","23.915","185"
"98","243103","20220922235000","60","3","花蓮縣","壽豐鄉","121.550","23.920","98"
"61","243143","20220922235000","76","0","花蓮縣","壽豐鄉","121.555","23.865","67"
"60","243149","20220922235000","65","0","花蓮縣","壽豐鄉","121.555","23.870","51"
"44","243164","20220922235000","39","1","花蓮縣","壽豐鄉","121.585","23.880","47"
"40","243184","20220922235000","36","1","花蓮縣","壽豐鄉","121.595","23.905","39"
"39","243230","20220922235000","65","0","花蓮縣","壽豐鄉","121.520","23.845","122"
"523","243249","20220922235000","452","1","花蓮縣","壽豐鄉","121.495","23.850","512"
"507","243255","20220922235000","505","1","花蓮縣","壽豐鄉","121.490","23.855","515"
"95","243262","20220922235000","96","0","花蓮縣","壽豐鄉","121.485","23.855","93"
"102","243315","20220922235000","79","2","花蓮縣","壽豐鄉","121.600","23.870","113"
"27","243324","20220922235000","37","0","花蓮縣","壽豐鄉","121.590","23.885","39"
"12","243336","20220922235000","17","0","花蓮縣","壽豐鄉","121.600","23.900","15"
"205","243338","20220922235000","321","0","花蓮縣","壽豐鄉","121.600","23.905","278"
"29","243339","20220922235000","30","0","花蓮縣","壽豐鄉","121.605","23.905","66"
"621","243392","20220922235000","663","0","彰化縣","二林鎮","120.360","23.895","604"
"1277","243393","20220922235000","913","2","彰化縣","二林鎮","120.370","23.900","1302"
"352","243406","20220922235000","315","1","彰化縣","二林鎮","120.390","23.865","365"
"146","243422","20220922235000","186","0","彰化縣","二林鎮","120.415","23.910","151"
"410","243424","20220922235000","392","1","彰化縣","二林鎮","120.425","23.910","406"
"221","243439","20220922235000","238","0","彰化縣","二林鎮","120.360","23.865","230"
"376","243447","20220922235000","306","2","彰化縣","二林鎮","120.360","23.880","373"
"536","243770","20220922235000","433","2","彰化縣","二林鎮","120.365","23.890","581"
"431","243772","20220922235000","680","0","彰化縣","二林鎮","120.370","23.895","423"
"707","243777","20220922235000","484","2","彰化縣","二林鎮","120.425","23.895","716"
"348","243783","20220922235000","411","0","彰化縣","二林鎮","120.365","23.900","330"
"375","243796","20220922235000","371","1","彰化縣","二林鎮","120.440","23.875","361"
"100","243827","20220922235000","92","1","南投縣","水里鄉","120.865","23.905","108"
"335","243861","20220922235000","86","3","彰化縣","大城鄉","120.325","23.860","354"
"1281","243867","20220922235000","1129","1","彰化縣","大城鄉","120.320","23.850","1313"
"183","243900","20220922235000","589","0","彰化縣","埤頭鄉","120.470","23.915","177"
"390","243909","20220922235000","207","3","彰化縣","埤頭鄉","120.460","23.925","388"
"68","243970","20220922235000","51","2","南投縣","中寮鄉","120.800","23.905","73"
"14","244008","20220922235000","121","0","南投縣","中寮鄉","120.805","23.925","32"
"290","244044","20220922235000","150","3","南投縣","中寮鄉","120.750","23.895","267"
"73","244051","20220922235000","62","1","南投縣","中寮鄉","120.765","23.900","69"
"19","244098","20220922235000","131","0","南投縣","中寮鄉","120.790","23.860","10"
"610","244122","20220922235000","421","2","彰化縣","埤頭鄉","120.480","23.890","552"
"311","244129","20220922235000","279","1","彰化縣","埤頭鄉","120.460","23.860","275"
"44","244142","20220922235000","371","0","彰化縣","埤頭鄉","120.460","23.880","44"
"1559","244150","20220922235000","1226","2","彰化縣","埤頭鄉","120.465","23.890","1591"
"84","244159","20220922235000","409","0","南投縣","中寮鄉","120.760","23.880","84"
"209","244163","20220922235000","557","0","南投縣","中寮鄉","120.775","23.885","207"
"387","244211","20220922235000","298","2","南投縣","中寮鄉","120.735","23.895","395"
"82","244235","20220922235000","60","2","南投縣","中寮鄉","120.770","23.920","76"
"55","244247","20220922235000","293","0","南投縣","中寮鄉","120.830","23.860","66"
"97","244274","20220922235000","86","1","南投縣","中寮鄉","120.800","23.880","97"
"48","244326","20220922235000","529","0","南投縣","中寮鄉","120.710","23.895","57"
"53","244341","20220922235000","39","2","彰化縣","員林鎮","120.580","23.925","52"
"10","244360","20220922235000","49","0","南投縣","中寮鄉","120.795","23.905","12"
"15","244380","20220922235000","16","0","南投縣","中寮鄉","120.720","23.915","20"
"185","244392","20220922235000","112","3","南投縣","中寮鄉","120.725","23.925","188"
"935","244397","20220922235000","888","1","彰化縣","二林鎮","120.375","23.895","978"
"1299","244398","20220922235000","1077","2","彰化縣","二林鎮","120.380","23.895","1336"
"265","244411","20220922235000","212","2","南投縣","南投市","120.695","23.915","284"
"353","244414","20220922235000","656","0","南投縣","南投市","120.695","23.920","331"
"595","244415","20220922235000","564","1","南投縣","南投市","120.700","23.920","602"
"22","244420","20220922235000","87","0","南投縣","南投市","120.640","23.925","18"
"1870","244422","20220922235000","1712","1","南投縣","南投市","120.690","23.905","1901"
"560","244426","20220922235000","527","1","彰化縣","永靖鄉","120.545","23.920","517"
"179","244429","20220922235000","353","0","彰化縣","永靖鄉","120.570","23.925","172"
"50","244451","20220922235000","49","1","南投縣","水里鄉","120.870","23.880","57"
"609","244465","20220922235000","592","1","彰化縣","溪州鄉","120.500","23.855","599"
"133","244468","20220922235000","126","1","彰化縣","溪州鄉","120.505","23.860","118"
"198","244477","20220922235000","178","1","南投縣","南投市","120.635","23.905","201"
"144","244478","20220922235000","407","0","南投縣","南投市","120.640","23.905","153"
"26","244480","20220922235000","16","3","南投縣","南投市","120.635","23.910","26"
"61","244488","20220922235000","37","3","彰化縣","社頭鄉","120.635","23.920","67"
"121","244490","20220922235000","142","0","南投縣","南投市","120.650","23.920","129"
"484","244492","20220922235000","646","0","彰化縣","永靖鄉","120.535","23.920","460"
"336","244498","20220922235000","350","0","彰化縣","永靖鄉","120.515","23.915","318"
"487","244499","20220922235000","330","2","彰化縣","永靖鄉","120.520","23.915","529"
"419","244512","20220922235000","535","0","彰化縣","永靖鄉","120.560","23.920","427"
"95","244516","20220922235000","377","0","彰化縣","永靖鄉","120.535","23.925","97"
"1223","244517","20220922235000","1734","0","彰化縣","永靖鄉","120.540","23.925","1237"
"347","244520","20220922235000","249","2","彰化縣","永靖鄉","120.560","23.910","315"
"12","244528","20220922235000","14","0","彰化縣","永靖鄉","120.540","23.915","12"
"30","244530","20220922235000","286","0","彰化縣","永靖鄉","120.545","23.910","38"
"80","244534","20220922235000","99","0","彰化縣","田尾鄉","120.530","23.910","97"
"45","244537","20220922235000","394","0","彰化縣","永靖鄉","120.550","23.920","50"
"55","244540","20220922235000","501","0","彰化縣","永靖鄉","120.550","23.925","42"
"54","244544","20220922235000","515","0","彰化縣","永靖鄉","120.505","23.920","69"
"567","244566","20220922235000","105","3","彰化縣","大城鄉","120.285","23.865","488"
"211","244576","20220922235000","30","3","彰化縣","大城鄉","120.290","23.870","193"
"549","244605","20220922235000","484","1","彰化縣","芳苑鄉","120.345","23.910","567"
"193","244612","20220922235000","196","0","彰化縣","芳苑鄉","120.350","23.920","224"
"18","244615","20220922235000","16","1","彰化縣","芳苑鄉","120.355","23.925","21"
"268","244624","20220922235000","108","3","彰化縣","芳苑鄉","120.315","23.895","229"
"30","244639","20220922235000","62","0","彰化縣","芳苑鄉","120.305","23.905","33"
"1224","244674","20220922235000","996","2","南投縣","南投市","120.695","23.900","1257"
"60","244675","20220922235000","68","0","南投縣","南投市","120.685","23.925","74"
"132","244677","20220922235000","154","0","南投縣","南投市","120.695","23.925","114"
"190","244693","20220922235000","336","0","南投縣","南投市","120.680","23.895","167"
"25","244694","20220922235000","24","1","南投縣","南投市","120.685","23.895","20"
"2303","244695","20220922235000","2067","1","南投縣","南投市","120.685","23.900","2337"
"290","244696","20220922235000","323","0","南投縣","南投市","120.690","23.900","261"
"165","244697","20220922235000","165","1","彰化縣","溪州鄉","120.480","23.850","164"
"41","244698","20220922235000","364","0","彰化縣","溪州鄉","120.485","23.850","49"
"665","244700","20220922235000","581","1","彰化縣","溪州鄉","120.495","23.850","644"
"761","244706","20220922235000","801","0","南投縣","南投市","120.680","23.910","778"
"431","244716","20220922235000","317","2","南投縣","南投市","120.675","23.900","447"
"264","244717","20220922235000","258","1","南投縣","南投市","120.680","23.905","227"
"1397","244720","20220922235000","970","2","南投縣","南投市","120.675","23.905","1471"
"16","244738","20220922235000","30","0","南投縣","埔里鎮","120.990","23.925","14"
"174","244739","20220922235000","144","2","南投縣","埔里鎮","120.995","23.925","159"
"103","244741","20220922235000","91","1","南投縣","仁愛鄉","121.010","23.925","90"
"467","244742","20220922235000","621","0","彰化縣","溪州鄉","120.495","23.855","483"
"35","244772","20220922235000","34","1","南投縣","水里鄉","120.865","23.855","38"
"252","244790","20220922235000","161","3","南投縣","名間鄉","120.675","23.870","267"
"294","244793","20220922235000","241","2","彰化縣","田中鎮","120.625","23.855","265"
"137","244800","20220922235000","84","3","南投縣","名間鄉","120.630","23.855","151"
"185","244806","20220922235000","102","3","南投縣","名間鄉","120.635","23.860","188"
"628","244815","20220922235000","495","2","南投縣","名間鄉","120.705","23.875","622"
"171","244846","20220922235000","105","3","南投縣","名間鄉","120.635","23.880","172"
"543","244854","20220922235000","333","3","南投縣","南投市","120.690","23.910","481"
"807","244855","20220922235000","765","1","南投縣","南投市","120.690","23.915","740"
"118","244860","20220922235000","127","0","南投縣","南投市","120.655","23.915","125"
"889","244865","20220922235000","693","2","南投縣","南投市","120.665","23.920","855"
"633","244867","20220922235000","589","1","南投縣","南投市","120.675","23.920","663"
"685","244868","20220922235000","803","0","南投縣","南投市","120.680","23.920","693"
"705","244869","20220922235000","484","2","南投縣","南投市","120.670","23.925","725"
"740","244870","20220922235000","693","1","南投縣","南投市","120.675","23.925","668"
"1211","244872","20220922235000","913","2","南投縣","南投市","120.685","23.910","1226"
"1784","244873","20220922235000","1835","0","南投縣","南投市","120.685","23.905","1762"
"189","244874","20220922235000","189","1","南投縣","南投市","120.705","23.900","174"
"44","244875","20220922235000","66","0","南投縣","南投市","120.710","23.900","56"
"116","244880","20220922235000","99","1","南投縣","南投市","120.695","23.905","131"
"480","244881","20220922235000","350","2","南投縣","南投市","120.700","23.905","369"
"417","244890","20220922235000","495","0","南投縣","南投市","120.705","23.915","404"
"804","244893","20220922235000","704","1","彰化縣","溪州鄉","120.495","23.865","832"
"591","244909","20220922235000","547","1","彰化縣","埤頭鄉","120.460","23.890","534"
"844","244910","20220922235000","707","1","彰化縣","埤頭鄉","120.455","23.895","882"
"91","244911","20220922235000","572","0","彰化縣","埤頭鄉","120.460","23.895","105"
"471","244918","20220922235000","477","0","彰化縣","埤頭鄉","120.495","23.885","408"
"724","244922","20220922235000","396","3","彰化縣","埤頭鄉","120.495","23.890","807"
"235","244924","20220922235000","223","1","彰化縣","埤頭鄉","120.480","23.895","218"
"404","244925","20220922235000","430","0","彰化縣","埤頭鄉","120.485","23.895","387"
"676","244953","20220922235000","629","1","彰化縣","北斗鎮","120.515","23.875","673"
"37","244955","20220922235000","250","0","彰化縣","北斗鎮","120.515","23.865","394"
"41","244956","20220922235000","408","0","彰化縣","北斗鎮","120.520","23.865","41"
"503","244958","20220922235000","979","0","彰化縣","北斗鎮","120.520","23.870","485"
"657","244960","20220922235000","465","2","彰化縣","埤頭鄉","120.460","23.850","617"
"29","244961","20220922235000","263","0","彰化縣","埤頭鄉","120.465","23.850","38"
"184","244972","20220922235000","226","0","南投縣","名間鄉","120.650","23.870","196"
"1000","244974","20220922235000","723","2","南投縣","名間鄉","120.655","23.870","1012"
"361","244987","20220922235000","357","1","南投縣","名間鄉","120.670","23.850","341"
"377","244993","20220922235000","352","1","南投縣","名間鄉","120.675","23.855","395"
"679","245005","20220922235000","670","1","南投縣","名間鄉","120.695","23.865","721"
"217","245007","20220922235000","211","1","南投縣","名間鄉","120.685","23.870","218"
"373","245016","20220922235000","227","3","南投縣","名間鄉","120.685","23.880","315"
"74","245017","20220922235000","463","0","南投縣","名間鄉","120.690","23.880","92"
"154","245037","20220922235000","158","0","南投縣","名間鄉","120.705","23.865","170"
"284","245042","20220922235000","271","1","彰化縣","溪州鄉","120.525","23.850","267"
"259","245076","20220922235000","35","3","彰化縣","大城鄉","120.295","23.885","247"
"19","245099","20220922235000","171","0","彰化縣","大城鄉","120.300","23.890","17"
"34","245150","20220922235000","206","0","彰化縣","大城鄉","120.295","23.855","29"
"145","245157","20220922235000","196","0","彰化縣","北斗鎮","120.530","23.855","148"
"1306","245161","20220922235000","1378","0","彰化縣","北斗鎮","120.530","23.870","1271"
"217","245165","20220922235000","187","1","彰化縣","北斗鎮","120.545","23.870","204"
"385","245169","20220922235000","285","2","彰化縣","芳苑鄉","120.320","23.920","453"
"95","245184","20220922235000","52","3","南投縣","名間鄉","120.625","23.850","80"
"113","245191","20220922235000","135","0","南投縣","名間鄉","120.690","23.850","112"
"19","245192","20220922235000","158","0","南投縣","名間鄉","120.695","23.850","24"
"1150","245211","20220922235000","377","3","彰化縣","大城鄉","120.290","23.860","1170"
"120","245214","20220922235000","79","3","彰化縣","大城鄉","120.300","23.865","113"
"121","245216","20220922235000","59","3","彰化縣","大城鄉","120.300","23.870","121"
"559","245296","20220922235000","261","3","南投縣","南投市","120.635","23.895","564"
"11","245302","20220922235000","38","0","南投縣","南投市","120.655","23.900","11"
"521","245305","20220922235000","317","3","南投縣","南投市","120.660","23.925","537"
"43","245312","20220922235000","180","0","南投縣","南投市","120.665","23.910","44"
"380","245314","20220922235000","1281","0","南投縣","南投市","120.675","23.910","389"
"1016","245316","20220922235000","1390","0","南投縣","南投市","120.680","23.915","1033"
"1543","245320","20220922235000","1074","2","彰化縣","北斗鎮","120.520","23.880","1561"
"649","245325","20220922235000","553","1","彰化縣","北斗鎮","120.530","23.875","560"
"329","245329","20220922235000","250","2","彰化縣","北斗鎮","120.535","23.880","326"
"53","245332","20220922235000","689","0","彰化縣","北斗鎮","120.525","23.870","64"
"615","245335","20220922235000","170","3","彰化縣","大城鄉","120.310","23.875","652"
"393","245353","20220922235000","239","3","彰化縣","大城鄉","120.315","23.870","364"
"336","245376","20220922235000","283","1","彰化縣","北斗鎮","120.510","23.880","330"
"41","245379","20220922235000","268","0","彰化縣","田尾鄉","120.515","23.890","50"
"300","245489","20220922235000","315","0","南投縣","仁愛鄉","120.990","23.905","264"
"42","245503","20220922235000","26","3","南投縣","仁愛鄉","121.005","23.910","34"
"21","245515","20220922235000","19","1","南投縣","埔里鎮","121.010","23.920","20"
"19","245723","20220922235000","19","1","南投縣","仁愛鄉","121.025","23.910","21"
"318","245728","20220922235000","306","1","南投縣","仁愛鄉","121.050","23.910","294"
"25","245748","20220922235000","63","0","南投縣","仁愛鄉","121.030","23.920","20"
"204","246370","20220922235000","221","0","彰化縣","北斗鎮","120.555","23.855","179"
"536","246377","20220922235000","431","2","彰化縣","北斗鎮","120.550","23.865","567"
"310","246388","20220922235000","229","2","彰化縣","埤頭鄉","120.455","23.850","329"
"429","246394","20220922235000","286","3","彰化縣","二林鎮","120.410","23.920","455"
"17","246402","20220922235000","408","0","彰化縣","二林鎮","120.365","23.895","22"
"624","246404","20220922235000","496","2","彰化縣","二林鎮","120.405","23.895","646"
"129","246436","20220922235000","247","0","彰化縣","芳苑鄉","120.380","23.925","114"
"629","246446","20220922235000","463","2","彰化縣","芳苑鄉","120.330","23.895","660"
"170","246468","20220922235000","127","2","彰化縣","芳苑鄉","120.330","23.915","137"
"197","246471","20220922235000","114","3","彰化縣","芳苑鄉","120.335","23.920","201"
"971","246472","20220922235000","937","1","彰化縣","北斗鎮","120.525","23.875","973"
"193","246476","20220922235000","176","1","彰化縣","北斗鎮","120.560","23.850","193"
"56","246477","20220922235000","75","0","彰化縣","北斗鎮","120.540","23.855","69"
"93","246480","20220922235000","67","2","彰化縣","北斗鎮","120.550","23.855","80"
"556","246488","20220922235000","363","3","彰化縣","北斗鎮","120.535","23.870","563"
"107","246493","20220922235000","128","0","彰化縣","二林鎮","120.395","23.890","104"
"40","246499","20220922235000","304","0","彰化縣","大城鄉","120.315","23.850","27"
"184","246518","20220922235000","247","0","南投縣","南投市","120.670","23.890","184"
"608","246522","20220922235000","579","1","南投縣","南投市","120.690","23.890","635"
"1124","246530","20220922235000","1024","1","彰化縣","社頭鄉","120.605","23.915","1151"
"621","246531","20220922235000","281","3","彰化縣","田中鎮","120.585","23.875","618"
"73","246534","20220922235000","188","0","彰化縣","田中鎮","120.575","23.865","73"
"344","246537","20220922235000","185","3","彰化縣","田中鎮","120.575","23.875","341"
"122","246545","20220922235000","118","1","彰化縣","田尾鄉","120.510","23.905","126"
"483","246547","20220922235000","353","2","彰化縣","竹塘鄉","120.415","23.850","534"
"414","246558","20220922235000","497","0","彰化縣","田尾鄉","120.535","23.905","358"
"1718","246566","20220922235000","857","3","彰化縣","社頭鄉","120.580","23.895","1677"
"1383","246568","20220922235000","634","3","彰化縣","社頭鄉","120.580","23.900","1387"
"2128","246569","20220922235000","1155","3","彰化縣","社頭鄉","120.580","23.905","2117"
"43","246573","20220922235000","271","0","彰化縣","田尾鄉","120.525","23.885","47"
"195","246579","20220922235000","179","1","彰化縣","田尾鄉","120.535","23.890","238"
"723","246581","20220922235000","532","2","彰化縣","田尾鄉","120.535","23.895","730"
"988","246583","20220922235000","808","2","彰化縣","田尾鄉","120.530","23.900","1028"
"19","246608","20220922235000","38","0","彰化縣","社頭鄉","120.620","23.925","20"
"1433","246615","20220922235000","1378","1","彰化縣","竹塘鄉","120.430","23.855","1468"
"639","246618","20220922235000","661","0","彰化縣","竹塘鄉","120.420","23.875","647"
"219","246630","20220922235000","173","2","彰化縣","竹塘鄉","120.375","23.850","227"
"2617","246654","20220922235000","814","3","彰化縣","社頭鄉","120.585","23.900","2701"
"1362","246659","20220922235000","446","3","彰化縣","社頭鄉","120.585","23.890","1364"
"345","246669","20220922235000","227","3","彰化縣","竹塘鄉","120.445","23.860","295"
"12","246687","20220922235000","12","1","南投縣","魚池鄉","120.905","23.850","12"
"575","246711","20220922235000","348","3","南投縣","魚池鄉","120.910","23.860","671"
"276","246720","20220922235000","183","3","南投縣","魚池鄉","120.900","23.865","254"
"252","246722","20220922235000","247","1","南投縣","魚池鄉","120.910","23.865","165"
"273","246735","20220922235000","166","3","南投縣","魚池鄉","120.925","23.870","373"
"265","246739","20220922235000","255","1","南投縣","魚池鄉","120.935","23.895","266"
"524","246741","20220922235000","421","2","南投縣","魚池鄉","120.935","23.900","508"
"555","246742","20220922235000","475","1","南投縣","魚池鄉","120.940","23.900","591"
"292","246747","20220922235000","269","1","彰化縣","芳苑鄉","120.350","23.900","291"
"309","246748","20220922235000","252","2","彰化縣","二林鎮","120.355","23.900","294"
"170","246749","20220922235000","145","1","彰化縣","芳苑鄉","120.360","23.900","161"
"39","246750","20220922235000","29","2","彰化縣","芳苑鄉","120.345","23.905","42"
"162","246758","20220922235000","137","1","彰化縣","芳苑鄉","120.355","23.920","159"
"281","246770","20220922235000","277","1","彰化縣","芳苑鄉","120.335","23.890","304"
"17","246777","20220922235000","36","0","南投縣","魚池鄉","120.925","23.875","21"
"286","246788","20220922235000","197","2","南投縣","魚池鄉","120.925","23.885","266"
"181","246822","20220922235000","95","3","南投縣","魚池鄉","120.905","23.880","168"
"15","246823","20220922235000","14","1","南投縣","魚池鄉","120.875","23.885","21"
"22","246824","20220922235000","109","0","南投縣","魚池鄉","120.880","23.885","18"
"49","246826","20220922235000","68","0","南投縣","魚池鄉","120.890","23.885","52"
"18","246832","20220922235000","17","1","南投縣","魚池鄉","120.880","23.890","16"
"16","246857","20220922235000","18","0","南投縣","魚池鄉","120.890","23.905","18"
"23","246858","20220922235000","29","0","南投縣","魚池鄉","120.895","23.905","26"
"21","246870","20220922235000","22","0","南投縣","魚池鄉","120.890","23.910","19"
"94","246893","20220922235000","95","0","南投縣","魚池鄉","120.955","23.900","97"
"185","246906","20220922235000","187","0","南投縣","魚池鄉","120.955","23.910","187"
"138","246920","20220922235000","127","1","南投縣","魚池鄉","120.965","23.915","125"
"47","246922","20220922235000","89","0","南投縣","魚池鄉","120.965","23.920","58"
"17","246930","20220922235000","23","0","南投縣","魚池鄉","120.950","23.865","23"
"92","246935","20220922235000","77","1","南投縣","魚池鄉","120.945","23.870","118"
"33","246941","20220922235000","52","0","南投縣","魚池鄉","120.950","23.875","26"
"11","246945","20220922235000","179","0","南投縣","魚池鄉","120.950","23.880","11"
"23","246955","20220922235000","306","0","南投縣","魚池鄉","120.905","23.905","25"
"387","246964","20220922235000","358","1","南投縣","魚池鄉","120.920","23.910","345"
"54","246970","20220922235000","56","0","南投縣","魚池鄉","120.920","23.915","83"
"273","246989","20220922235000","251","1","南投縣","魚池鄉","120.925","23.910","277"
"165","247005","20220922235000","135","2","南投縣","魚池鄉","120.945","23.925","172"
"730","247013","20220922235000","560","2","南投縣","魚池鄉","120.930","23.850","731"
"37","247024","20220922235000","64","0","南投縣","魚池鄉","120.935","23.855","26"
"470","247088","20220922235000","421","1","南投縣","魚池鄉","120.965","23.890","433"
"59","247100","20220922235000","378","0","南投縣","魚池鄉","120.940","23.895","53"
"15","247101","20220922235000","21","0","南投縣","魚池鄉","120.945","23.895","15"
"69","247117","20220922235000","46","3","彰化縣","竹塘鄉","120.400","23.860","65"
"193","247119","20220922235000","158","2","彰化縣","竹塘鄉","120.410","23.860","189"
"15","247152","20220922235000","12","2","彰化縣","田中鎮","120.570","23.870","16"
"1101","247156","20220922235000","928","1","彰化縣","社頭鄉","120.595","23.900","1172"
"47","247158","20220922235000","231","0","彰化縣","田尾鄉","120.550","23.890","50"
"128","247160","20220922235000","115","1","彰化縣","田尾鄉","120.555","23.895","116"
"21","247163","20220922235000","304","0","彰化縣","田尾鄉","120.560","23.900","17"
"593","247166","20220922235000","674","0","彰化縣","田尾鄉","120.525","23.905","587"
"51","247170","20220922235000","22","3","彰化縣","田尾鄉","120.520","23.890","53"
"586","247187","20220922235000","639","0","彰化縣","田尾鄉","120.500","23.920","573"
"88","247189","20220922235000","668","0","彰化縣","溪湖鎮","120.475","23.925","107"
"2662","247194","20220922235000","578","3","彰化縣","社頭鄉","120.585","23.895","2675"
"278","247207","20220922235000","271","1","彰化縣","社頭鄉","120.605","23.895","259"
"38","247218","20220922235000","181","0","彰化縣","田尾鄉","120.540","23.885","49"
"414","247222","20220922235000","716","0","彰化縣","田中鎮","120.585","23.865","387"
"426","247224","20220922235000","432","0","彰化縣","田中鎮","120.585","23.850","375"
"37","247227","20220922235000","738","0","彰化縣","田中鎮","120.600","23.855","38"
"1166","247235","20220922235000","962","2","彰化縣","田中鎮","120.590","23.855","1215"
"62","247238","20220922235000","88","0","彰化縣","田尾鄉","120.530","23.895","71"
"231","247244","20220922235000","186","2","彰化縣","北斗鎮","120.545","23.880","214"
"39","247248","20220922235000","62","0","彰化縣","田尾鄉","120.550","23.885","52"
"275","247250","20220922235000","251","1","彰化縣","田尾鄉","120.560","23.890","245"
"106","247251","20220922235000","111","0","彰化縣","田尾鄉","120.565","23.890","117"
"38","247253","20220922235000","440","0","彰化縣","田尾鄉","120.535","23.900","33"
"74","247259","20220922235000","906","0","彰化縣","田尾鄉","120.550","23.900","87"
"520","247268","20220922235000","465","1","彰化縣","社頭鄉","120.585","23.920","520"
"75","247277","20220922235000","59","2","彰化縣","社頭鄉","120.615","23.885","59"
"515","247283","20220922235000","368","2","彰化縣","社頭鄉","120.610","23.890","509"
"19","247286","20220922235000","24","0","彰化縣","社頭鄉","120.570","23.910","19"
"42","247288","20220922235000","49","0","彰化縣","永靖鄉","120.575","23.915","39"
"64","247290","20220922235000","40","3","彰化縣","永靖鄉","120.575","23.920","51"
"26","247291","20220922235000","345","0","彰化縣","社頭鄉","120.595","23.920","32"
"29","247293","20220922235000","332","0","彰化縣","社頭鄉","120.605","23.920","32"
"493","247305","20220922235000","579","0","彰化縣","北斗鎮","120.570","23.850","471"
"292","247308","20220922235000","255","1","彰化縣","田中鎮","120.575","23.855","256"
"665","247312","20220922235000","572","1","彰化縣","田中鎮","120.605","23.855","653"
"543","247316","20220922235000","1156","0","彰化縣","田中鎮","120.580","23.860","618"
"441","247328","20220922235000","384","1","彰化縣","社頭鄉","120.575","23.900","438"
"386","247336","20220922235000","299","2","彰化縣","社頭鄉","120.610","23.905","396"
"20","247347","20220922235000","15","2","彰化縣","社頭鄉","120.630","23.905","20"
"481","247352","20220922235000","420","1","彰化縣","田中鎮","120.560","23.865","493"
"128","247353","20220922235000","181","0","彰化縣","田中鎮","120.565","23.865","141"
"207","247359","20220922235000","123","3","彰化縣","田中鎮","120.590","23.865","213"
"551","247361","20220922235000","565","0","彰化縣","田中鎮","120.585","23.870","536"
"509","247365","20220922235000","484","1","彰化縣","田中鎮","120.585","23.860","549"
"239","247366","20220922235000","182","2","彰化縣","田中鎮","120.570","23.875","249"
"12","247367","20220922235000","233","0","彰化縣","田中鎮","120.560","23.880","11"
"311","247377","20220922235000","291","1","彰化縣","田中鎮","120.605","23.870","310"
"147","247383","20220922235000","148","0","彰化縣","田中鎮","120.605","23.875","142"
"276","247399","20220922235000","227","2","彰化縣","田中鎮","120.595","23.855","285"
"50","247400","20220922235000","168","0","彰化縣","田中鎮","120.590","23.860","42"
"628","247403","20220922235000","318","3","彰化縣","社頭鄉","120.590","23.900","580"
"976","247409","20220922235000","308","3","彰化縣","社頭鄉","120.585","23.885","931"
"43","247637","20220922235000","34","2","花蓮縣","壽豐鄉","121.610","23.920","36"
"169","252412","20220922235000","124","2","花蓮縣","花蓮市","121.640","23.995","184"
"55","252926","20220922235000","51","1","臺中市","霧峰區","120.705","24.010","63"
"194","253141","20220922235000","153","2","花蓮縣","秀林鄉","121.505","23.945","200"
"310","253374","20220922235000","284","1","花蓮縣","秀林鄉","121.555","24.005","315"
"270","253376","20220922235000","181","2","花蓮縣","新城鄉","121.615","24.005","286"
"156","253382","20220922235000","203","0","花蓮縣","吉安鄉","121.580","23.925","160"
"185","253393","20220922235000","157","1","花蓮縣","吉安鄉","121.585","23.930","178"
"263","253400","20220922235000","136","3","花蓮縣","吉安鄉","121.580","23.935","276"
"255","253403","20220922235000","138","3","花蓮縣","吉安鄉","121.595","23.935","246"
"720","253410","20220922235000","547","2","花蓮縣","吉安鄉","121.595","23.940","704"
"394","253413","20220922235000","476","0","花蓮縣","吉安鄉","121.575","23.945","650"
"1450","253414","20220922235000","1158","2","花蓮縣","吉安鄉","121.585","23.975","1478"
"200","253433","20220922235000","184","1","花蓮縣","吉安鄉","121.550","23.945","216"
"163","253436","20220922235000","123","2","花蓮縣","吉安鄉","121.525","23.945","156"
"1250","253452","20220922235000","951","2","花蓮縣","吉安鄉","121.590","23.950","1288"
"805","253454","20220922235000","823","0","花蓮縣","吉安鄉","121.590","23.955","829"
"517","253457","20220922235000","517","1","花蓮縣","吉安鄉","121.590","23.945","530"
"508","253463","20220922235000","346","2","花蓮縣","吉安鄉","121.600","23.945","534"
"1002","253470","20220922235000","1375","0","花蓮縣","吉安鄉","121.590","23.965","986"
"1105","253471","20220922235000","715","3","花蓮縣","吉安鄉","121.590","23.970","1147"
"2865","253472","20220922235000","2206","2","花蓮縣","花蓮市","121.590","23.975","2906"
"1089","253475","20220922235000","985","1","花蓮縣","吉安鄉","121.590","23.980","1120"
"286","253477","20220922235000","253","1","花蓮縣","吉安鄉","121.585","23.985","294"
"351","253478","20220922235000","345","1","花蓮縣","吉安鄉","121.585","23.980","349"
"1009","253479","20220922235000","771","2","花蓮縣","花蓮市","121.600","23.985","978"
"331","253480","20220922235000","449","0","花蓮縣","吉安鄉","121.580","23.985","362"
"555","253481","20220922235000","489","1","花蓮縣","吉安鄉","121.585","23.990","571"
"2496","253482","20220922235000","2095","1","花蓮縣","花蓮市","121.595","23.990","2534"
"2110","253484","20220922235000","1487","2","花蓮縣","吉安鄉","121.580","23.970","2161"
"594","253485","20220922235000","603","0","花蓮縣","吉安鄉","121.585","23.970","618"
"122","253506","20220922235000","197","0","花蓮縣","吉安鄉","121.570","23.965","124"
"518","253507","20220922235000","404","2","花蓮縣","吉安鄉","121.575","23.965","522"
"625","253508","20220922235000","513","2","花蓮縣","吉安鄉","121.565","23.970","647"
"40","253517","20220922235000","139","0","花蓮縣","吉安鄉","121.560","23.975","84"
"1155","253520","20220922235000","1050","1","花蓮縣","吉安鄉","121.580","23.975","1383"
"727","253542","20220922235000","617","1","花蓮縣","吉安鄉","121.555","23.990","752"
"116","253545","20220922235000","218","0","花蓮縣","吉安鄉","121.570","23.990","127"
"424","253552","20220922235000","359","1","花蓮縣","吉安鄉","121.570","23.975","454"
"917","253554","20220922235000","465","3","花蓮縣","吉安鄉","121.565","23.980","858"
"1055","253555","20220922235000","1254","0","花蓮縣","吉安鄉","121.570","23.980","1602"
"441","253556","20220922235000","453","0","花蓮縣","吉安鄉","121.575","23.980","443"
"33","253557","20220922235000","42","0","花蓮縣","吉安鄉","121.555","23.985","39"
"635","253559","20220922235000","407","3","花蓮縣","吉安鄉","121.565","23.985","609"
"238","253561","20220922235000","225","1","花蓮縣","吉安鄉","121.605","23.955","229"
"722","253562","20220922235000","502","2","花蓮縣","吉安鄉","121.595","23.960","749"
"546","253563","20220922235000","566","0","花蓮縣","吉安鄉","121.600","23.960","536"
"1652","253565","20220922235000","1549","1","花蓮縣","吉安鄉","121.595","23.965","1578"
"556","253569","20220922235000","680","0","花蓮縣","吉安鄉","121.575","23.985","530"
"499","253575","20220922235000","380","2","花蓮縣","吉安鄉","121.570","23.940","477"
"531","253584","20220922235000","503","1","花蓮縣","吉安鄉","121.560","23.950","558"
"819","253594","20220922235000","896","0","花蓮縣","吉安鄉","121.550","23.965","805"
"919","253596","20220922235000","708","2","花蓮縣","吉安鄉","121.560","23.965","881"
"1331","253597","20220922235000","822","3","花蓮縣","吉安鄉","121.565","23.965","1315"
"490","253603","20220922235000","349","2","花蓮縣","吉安鄉","121.560","23.970","493"
"413","253608","20220922235000","343","2","花蓮縣","吉安鄉","121.580","23.955","520"
"895","253609","20220922235000","925","0","花蓮縣","吉安鄉","121.570","23.960","939"
"400","253611","20220922235000","369","1","花蓮縣","吉安鄉","121.580","23.960","427"
"325","253627","20220922235000","355","0","花蓮縣","吉安鄉","121.535","23.930","299"
"500","253648","20220922235000","421","1","花蓮縣","花蓮市","121.625","23.985","460"
"1365","253649","20220922235000","1223","1","花蓮縣","花蓮市","121.620","24.005","1355"
"79","253650","20220922235000","64","2","彰化縣","二林鎮","120.420","23.955","74"
"98","253656","20220922235000","94","1","彰化縣","二林鎮","120.415","23.965","78"
"64","253670","20220922235000","277","0","彰化縣","二林鎮","120.440","23.930","80"
"2313","253672","20220922235000","1762","2","彰化縣","員林鎮","120.580","23.955","2331"
"621","253673","20220922235000","608","1","彰化縣","員林鎮","120.585","23.955","617"
"489","253675","20220922235000","797","0","彰化縣","員林鎮","120.565","23.950","442"
"348","253677","20220922235000","355","0","彰化縣","埔心鄉","120.560","23.940","336"
"771","253681","20220922235000","715","1","彰化縣","員林鎮","120.565","23.945","810"
"11","253686","20220922235000","11","1","彰化縣","員林鎮","120.610","23.980","11"
"1615","253688","20220922235000","1403","1","彰化縣","員林鎮","120.570","23.960","1635"
"2797","253689","20220922235000","2514","1","彰化縣","員林鎮","120.570","23.955","2822"
"233","253764","20220922235000","193","2","花蓮縣","秀林鄉","121.505","23.960","249"
"164","253789","20220922235000","89","3","花蓮縣","秀林鄉","121.495","23.965","164"
"1366","254233","20220922235000","2457","0","花蓮縣","花蓮市","121.605","23.975","1497"
"2653","254234","20220922235000","2011","2","花蓮縣","花蓮市","121.600","23.975","2645"
"1520","254236","20220922235000","1462","1","花蓮縣","花蓮市","121.625","23.990","1602"
"747","254237","20220922235000","680","1","花蓮縣","花蓮市","121.630","23.985","760"
"1227","254238","20220922235000","1109","1","花蓮縣","花蓮市","121.630","23.990","1262"
"2256","254240","20220922235000","1960","1","花蓮縣","花蓮市","121.635","23.995","2260"
"59","254242","20220922235000","33","3","南投縣","國姓鄉","120.880","23.970","46"
"30","254247","20220922235000","294","0","南投縣","國姓鄉","120.875","23.975","34"
"262","254260","20220922235000","233","1","南投縣","國姓鄉","120.870","23.985","271"
"49","254328","20220922235000","35","2","南投縣","國姓鄉","120.830","23.945","46"
"64","254335","20220922235000","38","3","南投縣","國姓鄉","120.865","23.945","64"
"13","254346","20220922235000","92","0","南投縣","國姓鄉","120.865","23.950","13"
"39","254349","20220922235000","28","2","南投縣","中寮鄉","120.830","23.955","40"
"37","254374","20220922235000","26","2","南投縣","國姓鄉","120.860","23.960","33"
"64","254379","20220922235000","22","3","南投縣","中寮鄉","120.835","23.965","72"
"225","254397","20220922235000","134","3","南投縣","國姓鄉","120.865","23.975","233"
"834","254400","20220922235000","719","1","南投縣","埔里鎮","120.970","23.955","882"
"142","254401","20220922235000","514","0","南投縣","埔里鎮","120.990","23.945","155"
"1476","254411","20220922235000","2358","0","南投縣","埔里鎮","120.975","23.955","1406"
"2284","254415","20220922235000","1911","1","南投縣","埔里鎮","120.975","23.960","2359"
"179","254447","20220922235000","150","1","南投縣","埔里鎮","120.925","23.940","185"
"44","254450","20220922235000","44","1","南投縣","埔里鎮","120.940","23.940","44"
"393","254465","20220922235000","319","2","南投縣","埔里鎮","120.915","23.950","463"
"677","254467","20220922235000","625","1","南投縣","埔里鎮","120.925","23.950","585"
"360","254470","20220922235000","262","2","南投縣","埔里鎮","120.940","23.950","350"
"230","254481","20220922235000","138","3","南投縣","埔里鎮","120.915","23.955","239"
"64","254504","20220922235000","401","0","南投縣","埔里鎮","120.970","23.945","53"
"60","254506","20220922235000","390","0","南投縣","埔里鎮","120.980","23.945","59"
"773","254510","20220922235000","474","3","南投縣","埔里鎮","120.965","23.950","766"
"557","254512","20220922235000","520","1","南投縣","埔里鎮","120.975","23.950","509"
"2362","254517","20220922235000","2250","1","南投縣","埔里鎮","120.970","23.970","2399"
"383","254519","20220922235000","287","2","南投縣","埔里鎮","120.975","23.975","330"
"19","254520","20220922235000","67","0","南投縣","埔里鎮","120.970","23.980","32"
"285","254538","20220922235000","167","3","南投縣","中寮鄉","120.790","23.945","292"
"13","254548","20220922235000","13","1","南投縣","中寮鄉","120.790","23.955","15"
"560","254550","20220922235000","1302","0","南投縣","埔里鎮","120.970","23.965","556"
"322","254560","20220922235000","304","1","南投縣","埔里鎮","120.945","23.960","289"
"41","254571","20220922235000","209","0","南投縣","埔里鎮","120.930","23.970","28"
"372","254589","20220922235000","319","1","南投縣","埔里鎮","120.955","24.005","382"
"982","254592","20220922235000","1001","0","南投縣","埔里鎮","120.965","23.955","1000"
"25","254599","20220922235000","23","1","南投縣","埔里鎮","120.915","23.990","26"
"851","254621","20220922235000","581","2","南投縣","埔里鎮","120.960","23.960","852"
"211","254622","20220922235000","130","3","南投縣","埔里鎮","120.965","23.960","228"
"58","254624","20220922235000","821","0","南投縣","埔里鎮","120.955","23.965","67"
"95","254627","20220922235000","797","0","南投縣","埔里鎮","120.960","23.970","111"
"701","254629","20220922235000","665","1","南投縣","埔里鎮","120.955","23.975","666"
"773","254633","20220922235000","820","0","南投縣","埔里鎮","120.980","23.980","826"
"56","254641","20220922235000","220","0","南投縣","埔里鎮","120.955","23.955","54"
"458","254658","20220922235000","407","1","南投縣","埔里鎮","120.980","23.990","446"
"26","254675","20220922235000","181","0","南投縣","埔里鎮","120.960","24.000","214"
"39","254680","20220922235000","28","2","南投縣","埔里鎮","120.985","24.000","42"
"350","254705","20220922235000","365","0","南投縣","埔里鎮","120.970","24.005","377"
"188","254706","20220922235000","184","1","南投縣","埔里鎮","120.975","24.005","170"
"452","254712","20220922235000","473","0","花蓮縣","花蓮市","121.610","23.970","484"
"1680","254713","20220922235000","1299","2","花蓮縣","花蓮市","121.600","23.965","1717"
"616","254714","20220922235000","553","1","花蓮縣","花蓮市","121.610","23.985","618"
"1412","254716","20220922235000","1309","1","花蓮縣","花蓮市","121.605","23.980","1455"
"1207","254717","20220922235000","1138","1","花蓮縣","花蓮市","121.600","23.980","1237"
"742","254719","20220922235000","1008","0","花蓮縣","花蓮市","121.605","23.985","745"
"24","254721","20220922235000","147","0","花蓮縣","花蓮市","121.600","23.970","39"
"1504","254723","20220922235000","1804","0","花蓮縣","花蓮市","121.605","23.970","1545"
"45","254728","20220922235000","130","0","花蓮縣","花蓮市","121.615","23.985","42"
"1146","254729","20220922235000","1168","0","花蓮縣","花蓮市","121.620","24.000","1204"
"1668","254730","20220922235000","1628","1","花蓮縣","花蓮市","121.625","23.995","1623"
"736","254732","20220922235000","594","2","花蓮縣","花蓮市","121.615","23.975","788"
"354","254733","20220922235000","328","1","花蓮縣","花蓮市","121.615","23.980","378"
"1799","254735","20220922235000","1306","2","花蓮縣","吉安鄉","121.590","23.985","1783"
"113","254742","20220922235000","415","0","花蓮縣","花蓮市","121.610","24.005","115"
"34","254743","20220922235000","277","0","花蓮縣","吉安鄉","121.580","23.990","39"
"812","254745","20220922235000","477","3","花蓮縣","吉安鄉","121.590","23.990","831"
"845","254746","20220922235000","660","2","花蓮縣","花蓮市","121.585","23.995","855"
"539","254747","20220922235000","418","2","花蓮縣","花蓮市","121.590","23.995","554"
"868","254748","20220922235000","918","0","花蓮縣","花蓮市","121.595","23.995","853"
"363","254754","20220922235000","352","1","花蓮縣","花蓮市","121.590","24.005","357"
"1468","254756","20220922235000","1358","1","花蓮縣","花蓮市","121.595","23.970","1491"
"887","254757","20220922235000","791","1","花蓮縣","花蓮市","121.595","23.975","901"
"2596","254766","20220922235000","2303","1","彰化縣","員林鎮","120.570","23.970","2601"
"727","254767","20220922235000","601","2","彰化縣","員林鎮","120.575","23.970","695"
"589","254769","20220922235000","586","1","花蓮縣","花蓮市","121.610","23.975","660"
"1585","254770","20220922235000","1232","2","花蓮縣","花蓮市","121.610","23.980","1767"
"836","254771","20220922235000","687","2","花蓮縣","花蓮市","121.615","24.000","927"
"25","254772","20220922235000","42","0","花蓮縣","花蓮市","121.560","24.000","34"
"202","254777","20220922235000","214","0","花蓮縣","花蓮市","121.575","24.005","184"
"2336","254779","20220922235000","1979","1","花蓮縣","花蓮市","121.600","23.990","2364"
"785","254780","20220922235000","743","1","花蓮縣","花蓮市","121.610","23.990","860"
"2767","254781","20220922235000","3506","0","花蓮縣","花蓮市","121.605","23.990","2689"
"706","254782","20220922235000","436","3","花蓮縣","花蓮市","121.605","23.995","612"
"3342","254783","20220922235000","2816","1","花蓮縣","吉安鄉","121.575","23.990","3289"
"1844","254784","20220922235000","1478","2","花蓮縣","吉安鄉","121.565","23.995","1933"
"551","254785","20220922235000","555","0","花蓮縣","花蓮市","121.570","23.995","551"
"372","254786","20220922235000","293","2","花蓮縣","花蓮市","121.575","23.995","353"
"1089","254789","20220922235000","1050","1","花蓮縣","吉安鄉","121.595","23.985","1110"
"2224","254790","20220922235000","1656","2","花蓮縣","花蓮市","121.600","23.995","2142"
"13","254798","20220922235000","60","0","南投縣","中寮鄉","120.745","23.935","14"
"22","254887","20220922235000","147","0","南投縣","中寮鄉","120.780","23.945","34"
"265","254901","20220922235000","240","1","南投縣","中寮鄉","120.765","23.940","281"
"229","254913","20220922235000","209","1","彰化縣","員林鎮","120.550","23.975","224"
"49","254920","20220922235000","557","0","彰化縣","員林鎮","120.580","23.935","68"
"76","254922","20220922235000","99","0","彰化縣","員林鎮","120.575","23.940","79"
"358","254925","20220922235000","334","1","彰化縣","員林鎮","120.580","23.945","352"
"92","254926","20220922235000","240","0","彰化縣","員林鎮","120.575","23.945","96"
"763","254940","20220922235000","617","2","花蓮縣","花蓮市","121.620","23.985","778"
"634","254941","20220922235000","670","0","花蓮縣","花蓮市","121.615","23.990","635"
"317","254942","20220922235000","295","1","花蓮縣","花蓮市","121.620","23.990","308"
"10","254945","20220922235000","15","0","花蓮縣","花蓮市","121.630","23.995","22"
"76","254950","20220922235000","65","1","花蓮縣","花蓮市","121.645","24.005","78"
"530","254952","20220922235000","528","1","彰化縣","埔心鄉","120.520","23.965","550"
"32","254964","20220922235000","82","0","彰化縣","芳苑鄉","120.325","23.940","27"
"340","254974","20220922235000","238","2","彰化縣","芳苑鄉","120.330","23.940","307"
"1936","255019","20220922235000","1509","2","彰化縣","員林鎮","120.565","23.965","1998"
"174","255021","20220922235000","748","0","彰化縣","員林鎮","120.600","23.965","160"
"67","255024","20220922235000","51","2","彰化縣","員林鎮","120.610","23.970","71"
"422","255030","20220922235000","381","1","彰化縣","埔心鄉","120.530","23.940","422"
"24","255038","20220922235000","637","0","彰化縣","埔鹽鄉","120.480","23.990","18"
"223","255039","20220922235000","179","2","彰化縣","埔鹽鄉","120.500","23.975","206"
"167","255044","20220922235000","283","0","南投縣","南投市","120.700","23.930","178"
"232","255046","20220922235000","200","1","南投縣","南投市","120.635","23.935","249"
"174","255053","20220922235000","144","2","南投縣","南投市","120.635","23.945","177"
"726","255063","20220922235000","697","1","彰化縣","永靖鄉","120.555","23.935","780"
"63","255064","20220922235000","421","0","彰化縣","永靖鄉","120.560","23.930","58"
"642","255065","20220922235000","605","1","彰化縣","員林鎮","120.555","23.960","642"
"367","255068","20220922235000","214","3","彰化縣","員林鎮","120.560","23.965","317"
"449","255069","20220922235000","397","1","彰化縣","員林鎮","120.555","23.970","419"
"1181","255073","20220922235000","1518","0","南投縣","南投市","120.690","23.945","1164"
"1374","255074","20220922235000","1279","1","南投縣","南投市","120.690","23.950","1424"
"33","255075","20220922235000","180","0","南投縣","南投市","120.685","23.950","50"
"70","255078","20220922235000","284","0","南投縣","南投市","120.675","23.945","67"
"66","255079","20220922235000","608","0","南投縣","南投市","120.680","23.945","80"
"183","255081","20220922235000","174","1","南投縣","草屯鎮","120.675","23.950","153"
"357","255088","20220922235000","327","1","南投縣","南投市","120.660","23.935","339"
"178","255092","20220922235000","257","0","南投縣","南投市","120.665","23.940","150"
"140","255094","20220922235000","118","1","南投縣","南投市","120.650","23.945","127"
"15","255100","20220922235000","161","0","南投縣","南投市","120.655","23.950","27"
"22","255107","20220922235000","25","0","南投縣","南投市","120.650","23.955","28"
"342","255130","20220922235000","243","2","彰化縣","芳苑鄉","120.315","23.930","346"
"22","255153","20220922235000","164","0","彰化縣","芳苑鄉","120.380","23.940","16"
"635","255158","20220922235000","460","2","彰化縣","芳苑鄉","120.380","23.955","679"
"194","255176","20220922235000","529","0","彰化縣","埔心鄉","120.555","23.940","163"
"1299","255177","20220922235000","1359","0","彰化縣","埔心鄉","120.540","23.950","1310"
"39","255178","20220922235000","612","0","彰化縣","埔心鄉","120.545","23.950","43"
"98","255179","20220922235000","90","1","彰化縣","埔心鄉","120.540","23.955","93"
"330","255199","20220922235000","301","1","彰化縣","二林鎮","120.420","23.950","288"
"357","255210","20220922235000","462","0","彰化縣","永靖鄉","120.550","23.930","367"
"405","255220","20220922235000","411","0","彰化縣","大村鄉","120.585","23.990","415"
"901","255222","20220922235000","931","0","彰化縣","大村鄉","120.580","23.995","891"
"22","255223","20220922235000","24","0","彰化縣","大村鄉","120.585","23.995","24"
"76","255227","20220922235000","62","2","彰化縣","大村鄉","120.590","23.995","84"
"177","255229","20220922235000","253","0","彰化縣","大村鄉","120.600","23.995","184"
"29","255230","20220922235000","53","0","彰化縣","大村鄉","120.605","23.995","33"
"352","255232","20220922235000","380","0","彰化縣","大村鄉","120.595","24.000","365"
"548","255234","20220922235000","563","0","彰化縣","大村鄉","120.570","23.975","532"
"703","255238","20220922235000","606","1","彰化縣","大村鄉","120.535","24.000","684"
"27","255239","20220922235000","245","0","彰化縣","大村鄉","120.540","24.000","27"
"19","255251","20220922235000","239","0","彰化縣","埔心鄉","120.515","23.970","13"
"75","255257","20220922235000","53","2","彰化縣","埔心鄉","120.540","23.965","79"
"499","255261","20220922235000","330","3","彰化縣","埔心鄉","120.555","23.950","495"
"127","255262","20220922235000","166","0","彰化縣","埔心鄉","120.550","23.955","121"
"446","255263","20220922235000","368","2","彰化縣","埔心鄉","120.555","23.955","429"
"14","255264","20220922235000","310","0","彰化縣","埔心鄉","120.545","23.960","21"
"742","255265","20220922235000","56","3","彰化縣","埔心鄉","120.560","23.945","777"
"460","255266","20220922235000","244","3","彰化縣","埔心鄉","120.550","23.945","474"
"453","255267","20220922235000","415","1","彰化縣","埔心鄉","120.555","23.945","451"
"169","255273","20220922235000","138","2","彰化縣","埔心鄉","120.515","23.940","167"
"195","255276","20220922235000","172","1","彰化縣","埔心鄉","120.525","23.950","205"
"1118","255277","20220922235000","660","3","彰化縣","埔心鄉","120.525","23.945","1096"
"383","255284","20220922235000","315","2","彰化縣","埔心鄉","120.520","23.945","414"
"588","255287","20220922235000","407","2","彰化縣","埔心鄉","120.515","23.950","584"
"219","255292","20220922235000","347","0","南投縣","埔里鎮","120.935","23.995","254"
"97","255303","20220922235000","95","1","南投縣","埔里鎮","120.945","24.000","126"
"275","255308","20220922235000","192","2","南投縣","埔里鎮","120.940","24.005","285"
"103","255309","20220922235000","270","0","南投縣","埔里鎮","120.945","24.005","96"
"637","255312","20220922235000","518","2","彰化縣","溪湖鎮","120.495","23.965","652"
"90","255322","20220922235000","358","0","彰化縣","溪湖鎮","120.510","23.970","97"
"1131","255326","20220922235000","650","3","彰化縣","大村鄉","120.545","23.995","1192"
"408","255337","20220922235000","372","1","彰化縣","大村鄉","120.555","24.000","388"
"579","255339","20220922235000","460","2","彰化縣","大村鄉","120.550","24.005","588"
"17","255345","20220922235000","425","0","彰化縣","大村鄉","120.580","24.000","29"
"143","255351","20220922235000","82","3","彰化縣","大村鄉","120.585","24.000","143"
"434","255359","20220922235000","377","1","彰化縣","大村鄉","120.550","23.980","354"
"1233","255361","20220922235000","842","2","彰化縣","大村鄉","120.565","23.980","1245"
"602","255365","20220922235000","370","3","彰化縣","大村鄉","120.540","23.975","603"
"68","255366","20220922235000","80","0","彰化縣","大村鄉","120.520","23.980","60"
"17","255371","20220922235000","79","0","彰化縣","芳苑鄉","120.355","23.935","11"
"194","255379","20220922235000","78","3","彰化縣","芳苑鄉","120.365","23.940","180"
"53","255396","20220922235000","252","0","彰化縣","芳苑鄉","120.350","23.975","58"
"596","255400","20220922235000","307","3","彰化縣","芳苑鄉","120.345","23.980","541"
"43","255443","20220922235000","228","0","彰化縣","芳苑鄉","120.390","23.980","45"
"125","255448","20220922235000","76","3","彰化縣","芳苑鄉","120.385","23.985","143"
"1714","255463","20220922235000","1534","1","南投縣","埔里鎮","120.975","23.970","1719"
"71","255464","20220922235000","360","0","彰化縣","埔心鄉","120.560","23.950","92"
"10","255465","20220922235000","186","0","彰化縣","埔心鄉","120.560","23.955","10"
"336","255466","20220922235000","335","1","南投縣","南投市","120.695","23.940","335"
"584","255472","20220922235000","574","1","南投縣","南投市","120.695","23.945","535"
"50","255475","20220922235000","46","1","南投縣","南投市","120.700","23.950","54"
"521","255480","20220922235000","496","1","南投縣","南投市","120.695","23.950","548"
"146","255482","20220922235000","135","1","南投縣","南投市","120.690","23.955","154"
"76","255490","20220922235000","225","0","南投縣","南投市","120.690","23.930","66"
"1410","255491","20220922235000","1010","2","南投縣","南投市","120.695","23.930","1338"
"394","255494","20220922235000","734","0","南投縣","南投市","120.690","23.935","382"
"548","255496","20220922235000","480","1","南投縣","南投市","120.700","23.935","633"
"53","255498","20220922235000","489","0","南投縣","南投市","120.710","23.935","55"
"228","255525","20220922235000","798","0","彰化縣","芳苑鄉","120.335","23.960","241"
"146","255535","20220922235000","103","2","彰化縣","芳苑鄉","120.360","23.970","133"
"160","255545","20220922235000","141","1","彰化縣","二林鎮","120.385","23.945","151"
"145","255549","20220922235000","189","0","彰化縣","芳苑鄉","120.385","23.955","139"
"158","255550","20220922235000","137","1","彰化縣","芳苑鄉","120.390","23.955","161"
"194","255551","20220922235000","152","2","彰化縣","芳苑鄉","120.395","23.955","189"
"159","255559","20220922235000","104","3","彰化縣","芳苑鄉","120.385","23.970","140"
"80","255593","20220922235000","69","1","南投縣","國姓鄉","120.855","23.995","89"
"292","255626","20220922235000","242","2","南投縣","國姓鄉","120.840","24.005","300"
"54","255633","20220922235000","217","0","南投縣","國姓鄉","120.815","24.000","56"
"16","255636","20220922235000","116","0","南投縣","國姓鄉","120.815","24.005","14"
"37","255646","20220922235000","290","0","南投縣","埔里鎮","120.955","23.995","32"
"404","255647","20220922235000","238","3","南投縣","埔里鎮","120.960","23.965","443"
"21","255663","20220922235000","195","0","南投縣","埔里鎮","121.000","23.955","13"
"206","255680","20220922235000","204","1","南投縣","埔里鎮","121.000","23.965","210"
"798","255708","20220922235000","729","1","南投縣","埔里鎮","120.995","23.975","765"
"262","255724","20220922235000","175","2","南投縣","埔里鎮","121.005","23.980","185"
"66","255748","20220922235000","90","0","南投縣","埔里鎮","121.020","23.990","62"
"19","255778","20220922235000","119","0","南投縣","仁愛鄉","121.040","24.000","71"
"874","255785","20220922235000","1010","0","南投縣","埔里鎮","120.965","23.965","929"
"58","255786","20220922235000","53","1","南投縣","埔里鎮","120.965","23.970","60"
"363","255794","20220922235000","293","2","南投縣","埔里鎮","120.990","23.930","407"
"753","255798","20220922235000","578","2","彰化縣","埔鹽鄉","120.485","24.005","782"
"555","255803","20220922235000","436","2","彰化縣","埔鹽鄉","120.475","23.995","604"
"936","255804","20220922235000","668","2","彰化縣","埔鹽鄉","120.480","23.995","950"
"254","255810","20220922235000","177","2","彰化縣","埔鹽鄉","120.455","24.010","251"
"25","255814","20220922235000","485","0","彰化縣","埔鹽鄉","120.430","23.980","19"
"283","255817","20220922235000","263","1","彰化縣","埔鹽鄉","120.445","23.960","268"
"383","255822","20220922235000","187","3","彰化縣","埔鹽鄉","120.440","23.975","402"
"724","255835","20220922235000","580","2","彰化縣","埔鹽鄉","120.465","24.000","712"
"223","255836","20220922235000","176","2","彰化縣","埔鹽鄉","120.460","24.005","214"
"764","255841","20220922235000","537","2","彰化縣","花壇鄉","120.575","24.005","722"
"264","255861","20220922235000","125","3","彰化縣","埔鹽鄉","120.450","23.985","265"
"67","255868","20220922235000","371","0","彰化縣","埔鹽鄉","120.445","23.985","79"
"347","255875","20220922235000","273","2","彰化縣","埔鹽鄉","120.465","23.970","313"
"236","255894","20220922235000","236","1","彰化縣","埔鹽鄉","120.490","23.990","211"
"21","255901","20220922235000","281","0","彰化縣","埔鹽鄉","120.490","23.975","18"
"51","255903","20220922235000","508","0","彰化縣","埔鹽鄉","120.480","23.980","64"
"632","255912","20220922235000","527","1","彰化縣","大村鄉","120.530","23.990","714"
"595","255913","20220922235000","496","1","彰化縣","大村鄉","120.535","23.990","520"
"1147","255917","20220922235000","1140","1","彰化縣","大村鄉","120.555","23.990","1133"
"209","255920","20220922235000","510","0","彰化縣","大村鄉","120.575","23.985","173"
"429","255921","20220922235000","401","1","彰化縣","大村鄉","120.580","23.985","443"
"513","255923","20220922235000","577","0","彰化縣","大村鄉","120.590","23.985","593"
"119","255924","20220922235000","104","1","彰化縣","大村鄉","120.595","23.985","114"
"147","255941","20220922235000","139","1","彰化縣","大村鄉","120.540","23.980","147"
"284","255950","20220922235000","274","1","彰化縣","大村鄉","120.510","23.985","330"
"342","255953","20220922235000","218","3","彰化縣","大村鄉","120.520","23.985","288"
"143","255956","20220922235000","1041","0","彰化縣","大村鄉","120.560","23.990","178"
"42","255962","20220922235000","34","2","彰化縣","埔鹽鄉","120.430","23.995","43"
"476","255975","20220922235000","248","3","彰化縣","埔鹽鄉","120.420","23.990","458"
"105","255987","20220922235000","592","0","彰化縣","埔鹽鄉","120.450","24.005","135"
"353","256002","20220922235000","580","0","南投縣","埔里鎮","120.945","23.965","346"
"120","256004","20220922235000","947","0","南投縣","埔里鎮","120.945","23.970","119"
"72","256025","20220922235000","76","0","南投縣","埔里鎮","120.890","23.955","78"
"1044","256042","20220922235000","1138","0","南投縣","埔里鎮","120.945","23.975","1054"
"492","256043","20220922235000","437","1","南投縣","埔里鎮","120.925","23.980","544"
"75","256061","20220922235000","72","1","彰化縣","員林鎮","120.605","23.950","83"
"1104","256062","20220922235000","817","2","彰化縣","員林鎮","120.605","23.955","1152"
"67","256063","20220922235000","531","0","南投縣","南投市","120.670","23.930","64"
"53","256065","20220922235000","347","0","南投縣","南投市","120.675","23.935","62"
"15","256071","20220922235000","30","0","南投縣","南投市","120.730","23.930","11"
"266","256085","20220922235000","197","2","南投縣","南投市","120.660","23.930","220"
"141","256086","20220922235000","101","2","南投縣","南投市","120.665","23.930","178"
"646","256089","20220922235000","607","1","南投縣","南投市","120.670","23.940","653"
"302","256091","20220922235000","337","0","彰化縣","員林鎮","120.570","23.965","312"
"1621","256092","20220922235000","1828","0","彰化縣","員林鎮","120.575","23.965","1667"
"2074","256094","20220922235000","1883","1","彰化縣","員林鎮","120.580","23.960","1961"
"14","256095","20220922235000","20","0","彰化縣","員林鎮","120.585","23.960","11"
"2326","256096","20220922235000","1682","2","彰化縣","員林鎮","120.580","23.965","2318"
"99","256144","20220922235000","105","0","南投縣","仁愛鄉","121.080","23.995","91"
"144","256164","20220922235000","122","1","南投縣","仁愛鄉","121.085","24.000","158"
"369","256187","20220922235000","256","2","南投縣","仁愛鄉","121.100","23.990","318"
"73","256354","20220922235000","48","3","南投縣","仁愛鄉","121.075","23.930","67"
"177","256404","20220922235000","132","2","南投縣","仁愛鄉","121.075","23.950","168"
"27","256598","20220922235000","16","3","南投縣","仁愛鄉","121.120","23.950","25"
"133","256716","20220922235000","65","3","南投縣","仁愛鄉","121.130","23.960","117"
"140","256953","20220922235000","1535","0","彰化縣","員林鎮","120.575","23.950","134"
"842","256956","20220922235000","652","2","彰化縣","員林鎮","120.595","23.960","787"
"64","256962","20220922235000","49","2","彰化縣","員林鎮","120.615","23.950","72"
"42","256968","20220922235000","177","0","彰化縣","員林鎮","120.625","23.955","46"
"30","256971","20220922235000","284","0","彰化縣","員林鎮","120.550","23.965","29"
"30","256976","20220922235000","54","0","彰化縣","員林鎮","120.605","23.945","29"
"84","256977","20220922235000","74","1","彰化縣","員林鎮","120.610","23.945","78"
"150","256978","20220922235000","171","0","彰化縣","員林鎮","120.615","23.945","149"
"1385","256982","20220922235000","1352","1","彰化縣","員林鎮","120.565","23.955","1441"
"1566","256983","20220922235000","1340","1","彰化縣","員林鎮","120.565","23.960","1638"
"584","256986","20220922235000","380","3","彰化縣","員林鎮","120.595","23.975","570"
"613","256988","20220922235000","574","1","彰化縣","大村鄉","120.590","23.980","637"
"1835","256995","20220922235000","1432","2","彰化縣","員林鎮","120.575","23.955","1887"
"89","256996","20220922235000","71","2","彰化縣","員林鎮","120.595","23.935","90"
"97","256997","20220922235000","520","0","彰化縣","員林鎮","120.605","23.935","103"
"363","257021","20220922235000","301","2","彰化縣","二林鎮","120.415","23.955","410"
"109","257028","20220922235000","86","2","彰化縣","二林鎮","120.430","23.955","123"
"450","257055","20220922235000","409","1","彰化縣","二林鎮","120.400","23.930","486"
"718","257083","20220922235000","655","1","南投縣","草屯鎮","120.670","23.950","669"
"10","257086","20220922235000","178","0","南投縣","草屯鎮","120.680","23.955","10"
"375","257088","20220922235000","1200","0","南投縣","草屯鎮","120.680","23.960","367"
"176","257089","20220922235000","911","0","南投縣","草屯鎮","120.680","23.965","195"
"71","257092","20220922235000","620","0","彰化縣","員林鎮","120.570","23.945","70"
"523","257094","20220922235000","525","0","彰化縣","員林鎮","120.590","23.950","539"
"323","257095","20220922235000","257","2","彰化縣","員林鎮","120.595","23.950","296"
"1162","257097","20220922235000","1099","1","彰化縣","員林鎮","120.570","23.950","1190"
"86","257100","20220922235000","623","0","彰化縣","員林鎮","120.585","23.970","98"
"663","257103","20220922235000","341","3","彰化縣","二林鎮","120.455","23.930","675"
"192","257115","20220922235000","145","2","彰化縣","二林鎮","120.445","23.945","165"
"1046","257118","20220922235000","820","2","彰化縣","二林鎮","120.440","23.950","1112"
"648","257124","20220922235000","512","2","彰化縣","員林鎮","120.590","23.940","669"
"216","257135","20220922235000","239","0","彰化縣","埔心鄉","120.510","23.940","216"
"23","257145","20220922235000","367","0","彰化縣","溪湖鎮","120.485","23.940","20"
"18","257149","20220922235000","299","0","彰化縣","溪湖鎮","120.480","23.955","31"
"324","257152","20220922235000","1188","0","南投縣","草屯鎮","120.685","23.975","333"
"733","257154","20220922235000","639","1","南投縣","草屯鎮","120.725","23.980","806"
"77","257160","20220922235000","74","1","南投縣","草屯鎮","120.720","23.990","83"
"118","257162","20220922235000","144","0","南投縣","草屯鎮","120.730","23.990","120"
"674","257166","20220922235000","364","3","南投縣","草屯鎮","120.680","23.970","694"
"1703","257168","20220922235000","2026","0","南投縣","草屯鎮","120.680","23.980","1771"
"25","257171","20220922235000","433","0","南投縣","草屯鎮","120.655","24.000","25"
"461","257173","20220922235000","452","1","南投縣","草屯鎮","120.665","24.000","430"
"93","257176","20220922235000","349","0","南投縣","草屯鎮","120.650","24.005","445"
"297","257181","20220922235000","319","0","南投縣","草屯鎮","120.725","23.995","242"
"223","257193","20220922235000","121","3","南投縣","草屯鎮","120.730","24.000","226"
"600","257213","20220922235000","544","1","彰化縣","溪湖鎮","120.450","23.955","634"
"634","257215","20220922235000","531","1","彰化縣","溪湖鎮","120.460","23.955","602"
"22","257222","20220922235000","15","2","南投縣","草屯鎮","120.750","23.975","13"
"344","257229","20220922235000","222","3","南投縣","草屯鎮","120.750","23.980","353"
"318","257235","20220922235000","373","0","南投縣","草屯鎮","120.750","23.985","353"
"42","257245","20220922235000","39","1","南投縣","草屯鎮","120.720","23.955","47"
"90","257251","20220922235000","101","0","南投縣","中寮鄉","120.750","23.955","96"
"42","257266","20220922235000","31","2","南投縣","草屯鎮","120.740","23.965","41"
"176","257267","20220922235000","157","1","南投縣","草屯鎮","120.745","23.965","188"
"104","257273","20220922235000","96","1","南投縣","草屯鎮","120.705","23.960","96"
"1000","257282","20220922235000","907","1","南投縣","草屯鎮","120.705","23.975","1036"
"450","257285","20220922235000","373","2","南投縣","草屯鎮","120.695","23.980","448"
"1683","257286","20220922235000","1531","1","南投縣","草屯鎮","120.700","23.980","1718"
"892","257289","20220922235000","813","1","南投縣","草屯鎮","120.715","23.980","989"
"894","257294","20220922235000","755","1","南投縣","南投市","120.685","23.955","858"
"124","257295","20220922235000","692","0","南投縣","草屯鎮","120.685","23.960","122"
"2136","257299","20220922235000","1760","2","南投縣","草屯鎮","120.690","23.965","2117"
"20","257300","20220922235000","17","1","南投縣","草屯鎮","120.695","23.965","20"
"138","257307","20220922235000","134","1","南投縣","草屯鎮","120.775","23.985","138"
"67","257320","20220922235000","88","0","南投縣","草屯鎮","120.765","23.995","67"
"448","257342","20220922235000","502","0","南投縣","草屯鎮","120.700","23.985","416"
"10","257346","20220922235000","16","0","南投縣","草屯鎮","120.705","23.990","12"
"216","257348","20220922235000","267","0","南投縣","草屯鎮","120.715","23.990","197"
"244","257349","20220922235000","1103","0","南投縣","草屯鎮","120.690","23.995","281"
"214","257351","20220922235000","173","2","南投縣","草屯鎮","120.700","23.995","178"
"577","257354","20220922235000","609","0","南投縣","草屯鎮","120.715","23.995","601"
"640","257356","20220922235000","351","3","南投縣","草屯鎮","120.695","23.995","685"
"770","257362","20220922235000","660","1","南投縣","草屯鎮","120.695","24.000","690"
"107","257365","20220922235000","72","2","南投縣","草屯鎮","120.710","24.000","144"
"87","257366","20220922235000","158","0","南投縣","草屯鎮","120.670","23.960","125"
"429","257368","20220922235000","334","2","南投縣","草屯鎮","120.675","23.965","409"
"287","257369","20220922235000","230","2","南投縣","草屯鎮","120.670","23.970","276"
"585","257370","20220922235000","457","2","南投縣","草屯鎮","120.670","23.975","567"
"378","257373","20220922235000","321","1","南投縣","草屯鎮","120.675","23.980","332"
"939","257376","20220922235000","1285","0","南投縣","草屯鎮","120.680","23.985","864"
"328","257377","20220922235000","295","1","南投縣","草屯鎮","120.670","23.990","288"
"50","257381","20220922235000","256","0","南投縣","草屯鎮","120.670","23.995","50"
"305","257386","20220922235000","135","3","南投縣","草屯鎮","120.685","23.990","326"
"526","257387","20220922235000","460","1","南投縣","草屯鎮","120.680","23.995","461"
"74","257389","20220922235000","394","0","南投縣","草屯鎮","120.680","24.000","78"
"492","257396","20220922235000","401","2","南投縣","草屯鎮","120.680","24.005","476"
"136","257400","20220922235000","748","0","南投縣","草屯鎮","120.685","23.985","157"
"1260","257401","20220922235000","1031","2","南投縣","草屯鎮","120.685","23.980","1238"
"81","257403","20220922235000","212","0","南投縣","草屯鎮","120.640","23.995","85"
"287","257407","20220922235000","325","0","南投縣","草屯鎮","120.660","23.995","258"
"55","257410","20220922235000","234","0","南投縣","草屯鎮","120.650","23.995","67"
"170","257415","20220922235000","155","1","南投縣","草屯鎮","120.655","23.965","188"
"778","257418","20220922235000","695","1","南投縣","草屯鎮","120.650","23.970","748"
"365","257422","20220922235000","334","1","南投縣","草屯鎮","120.650","23.975","340"
"310","257424","20220922235000","292","1","南投縣","草屯鎮","120.660","23.975","284"
"115","257426","20220922235000","267","0","南投縣","草屯鎮","120.650","23.980","151"
"197","257429","20220922235000","640","0","南投縣","草屯鎮","120.665","23.950","219"
"96","257438","20220922235000","289","0","南投縣","草屯鎮","120.660","23.960","108"
"170","257439","20220922235000","233","0","南投縣","草屯鎮","120.665","23.960","156"
"11","257467","20220922235000","85","0","南投縣","草屯鎮","120.825","23.970","11"
"306","257496","20220922235000","261","1","南投縣","草屯鎮","120.795","23.985","289"
"220","257505","20220922235000","207","1","南投縣","草屯鎮","120.795","23.990","241"
"156","257522","20220922235000","80","3","南投縣","草屯鎮","120.800","24.000","157"
"87","257550","20220922235000","321","0","彰化縣","福興鄉","120.410","24.005","92"
"104","257580","20220922235000","69","3","彰化縣","芳苑鄉","120.400","23.995","94"
"472","257591","20220922235000","374","2","彰化縣","芳苑鄉","120.365","24.000","506"
"273","257595","20220922235000","216","2","彰化縣","芳苑鄉","120.385","24.000","289"
"441","257609","20220922235000","350","2","彰化縣","芳苑鄉","120.370","24.005","443"
"229","257631","20220922235000","123","3","彰化縣","芳苑鄉","120.340","23.965","219"
"105","257632","20220922235000","688","0","彰化縣","芳苑鄉","120.345","23.965","110"
"19","257638","20220922235000","22","0","彰化縣","芳苑鄉","120.325","23.970","35"
"212","257669","20220922235000","795","0","彰化縣","秀水鄉","120.510","23.995","232"
"581","257680","20220922235000","479","2","彰化縣","秀水鄉","120.520","24.000","506"
"146","257685","20220922235000","97","3","彰化縣","福興鄉","120.490","24.010","109"
"1061","257686","20220922235000","688","3","彰化縣","福興鄉","120.495","24.010","1066"
"15","257694","20220922235000","15","1","彰化縣","芬園鄉","120.605","24.005","15"
"406","257699","20220922235000","281","2","彰化縣","溪湖鎮","120.490","23.950","422"
"593","257700","20220922235000","578","1","彰化縣","溪湖鎮","120.495","23.950","622"
"1330","257703","20220922235000","813","3","彰化縣","溪湖鎮","120.475","23.960","1320"
"385","257704","20220922235000","312","2","彰化縣","溪湖鎮","120.465","23.965","368"
"1685","257708","20220922235000","1532","1","彰化縣","溪湖鎮","120.480","23.960","1653"
"451","257713","20220922235000","364","2","彰化縣","溪湖鎮","120.485","23.935","443"
"15","257720","20220922235000","17","0","彰化縣","溪湖鎮","120.500","23.940","21"
"33","257725","20220922235000","189","0","彰化縣","溪湖鎮","120.505","23.950","30"
"13","257726","20220922235000","115","0","彰化縣","溪湖鎮","120.510","23.950","11"
"40","257727","20220922235000","381","0","彰化縣","溪湖鎮","120.490","23.955","50"
"36","257728","20220922235000","51","0","彰化縣","溪湖鎮","120.495","23.955","33"
"489","257729","20220922235000","563","0","彰化縣","溪湖鎮","120.485","23.960","481"
"360","257733","20220922235000","282","2","彰化縣","溪湖鎮","120.490","23.965","340"
"625","257734","20220922235000","571","1","彰化縣","溪湖鎮","120.485","23.970","615"
"393","257750","20220922235000","283","2","彰化縣","芬園鄉","120.625","23.965","390"
"289","257766","20220922235000","411","0","彰化縣","溪湖鎮","120.475","23.950","293"
"690","257767","20220922235000","907","0","彰化縣","溪湖鎮","120.475","23.955","711"
"260","257778","20220922235000","212","2","彰化縣","溪湖鎮","120.475","23.970","277"
"781","257781","20220922235000","725","1","彰化縣","溪湖鎮","120.470","23.980","813"
"243","257784","20220922235000","190","2","南投縣","草屯鎮","120.670","23.980","232"
"138","257785","20220922235000","405","0","南投縣","草屯鎮","120.650","23.985","146"
"394","257788","20220922235000","515","0","南投縣","草屯鎮","120.665","23.985","389"
"359","257792","20220922235000","326","1","南投縣","草屯鎮","120.665","23.990","325"
"39","257795","20220922235000","515","0","彰化縣","社頭鄉","120.605","23.930","41"
"144","257797","20220922235000","163","0","彰化縣","社頭鄉","120.615","23.930","161"
"101","257798","20220922235000","53","3","彰化縣","社頭鄉","120.620","23.930","97"
"452","257802","20220922235000","338","2","彰化縣","芬園鄉","120.630","23.995","478"
"23","257808","20220922235000","13","3","彰化縣","芬園鄉","120.615","24.005","20"
"1457","257810","20220922235000","1135","2","彰化縣","芬園鄉","120.630","24.010","1495"
"44","257812","20220922235000","287","0","彰化縣","芬園鄉","120.640","24.010","32"
"52","257813","20220922235000","32","3","彰化縣","芬園鄉","120.645","24.010","44"
"384","257817","20220922235000","232","3","彰化縣","埔鹽鄉","120.425","23.995","402"
"20","257823","20220922235000","218","0","彰化縣","埔鹽鄉","120.430","24.005","26"
"302","257824","20220922235000","195","3","彰化縣","福興鄉","120.420","24.010","249"
"25","257825","20220922235000","12","3","彰化縣","福興鄉","120.425","24.010","36"
"207","257827","20220922235000","631","0","彰化縣","秀水鄉","120.515","24.010","217"
"278","257834","20220922235000","204","2","彰化縣","芬園鄉","120.620","23.980","277"
"240","257851","20220922235000","175","2","彰化縣","芬園鄉","120.610","23.995","283"
"78","257857","20220922235000","75","1","彰化縣","芬園鄉","120.625","24.000","70"
"25","257867","20220922235000","210","0","彰化縣","芬園鄉","120.645","23.965","29"
"462","257871","20220922235000","379","2","彰化縣","芬園鄉","120.640","23.975","465"
"12","257876","20220922235000","10","2","彰化縣","芬園鄉","120.615","24.010","13"
"22","257882","20220922235000","330","0","彰化縣","花壇鄉","120.550","24.010","30"
"35","257884","20220922235000","46","0","彰化縣","花壇鄉","120.570","24.010","46"
"580","257886","20220922235000","549","1","彰化縣","社頭鄉","120.575","23.930","580"
"392","257898","20220922235000","450","0","南投縣","草屯鎮","120.730","23.975","342"
"255","257902","20220922235000","241","1","南投縣","草屯鎮","120.735","23.980","242"
"642","257907","20220922235000","1308","0","彰化縣","溪湖鎮","120.480","23.965","654"
"26","257908","20220922235000","472","0","彰化縣","溪湖鎮","120.480","23.970","30"
"1169","263412","20220922235000","1052","1","臺中市","霧峰區","120.690","24.045","1164"
"203","263414","20220922235000","121","3","臺中市","霧峰區","120.685","24.050","213"
"188","263420","20220922235000","149","2","臺中市","霧峰區","120.705","24.045","201"
"26","263428","20220922235000","18","2","臺中市","霧峰區","120.705","24.055","40"
"465","263432","20220922235000","457","1","臺中市","霧峰區","120.705","24.060","442"
"36","263433","20220922235000","412","0","臺中市","霧峰區","120.710","24.060","38"
"40","263450","20220922235000","200","0","臺中市","霧峰區","120.700","24.020","41"
"329","263482","20220922235000","349","0","臺中市","霧峰區","120.700","24.030","303"
"363","263484","20220922235000","343","1","臺中市","霧峰區","120.695","24.035","360"
"369","263486","20220922235000","443","0","臺中市","霧峰區","120.710","24.070","349"
"161","263487","20220922235000","123","2","臺中市","霧峰區","120.715","24.070","172"
"67","263488","20220922235000","45","2","臺中市","霧峰區","120.720","24.070","82"
"534","263490","20220922235000","425","2","臺中市","霧峰區","120.705","24.075","566"
"330","263491","20220922235000","321","1","臺中市","霧峰區","120.710","24.075","353"
"1809","263492","20220922235000","1757","1","臺中市","霧峰區","120.715","24.075","1922"
"18","263493","20220922235000","412","0","臺中市","霧峰區","120.720","24.075","22"
"631","263495","20220922235000","500","2","臺中市","霧峰區","120.710","24.080","579"
"13","263497","20220922235000","22","0","臺中市","大里區","120.720","24.080","15"
"10","263518","20220922235000","101","0","臺中市","霧峰區","120.730","24.040","13"
"1226","263528","20220922235000","1150","1","臺中市","霧峰區","120.695","24.040","1208"
"30","263539","20220922235000","43","0","臺中市","霧峰區","120.695","24.045","30"
"107","263553","20220922235000","70","3","臺中市","霧峰區","120.725","24.030","124"
"265","263569","20220922235000","172","3","臺中市","霧峰區","120.725","24.035","277"
"10","263573","20220922235000","80","0","臺中市","霧峰區","120.750","24.035","10"
"881","263579","20220922235000","891","0","臺中市","大里區","120.695","24.080","819"
"2701","263581","20220922235000","2128","2","臺中市","大里區","120.695","24.085","2781"
"317","263583","20220922235000","328","0","臺中市","大里區","120.690","24.085","314"
"130","263584","20220922235000","111","1","臺中市","大里區","120.700","24.080","104"
"1239","263585","20220922235000","1250","0","臺中市","大里區","120.700","24.085","1160"
"20","263586","20220922235000","429","0","臺中市","大里區","120.705","24.085","17"
"1256","263587","20220922235000","1305","0","臺中市","大里區","120.705","24.090","1279"
"431","263588","20220922235000","434","0","臺中市","大里區","120.715","24.095","431"
"19","263708","20220922235000","19","1","臺中市","太平區","120.755","24.085","23"
"31","263716","20220922235000","155","0","臺中市","太平區","120.745","24.090","27"
"163","263736","20220922235000","177","0","臺中市","霧峰區","120.700","24.050","174"
"620","263737","20220922235000","582","1","臺中市","霧峰區","120.695","24.055","596"
"114","263738","20220922235000","99","1","臺中市","霧峰區","120.700","24.055","139"
"66","263741","20220922235000","454","0","臺中市","霧峰區","120.680","24.060","80"
"1028","263743","20220922235000","823","2","臺中市","霧峰區","120.680","24.065","1032"
"19","263745","20220922235000","24","0","臺中市","霧峰區","120.690","24.065","22"
"463","263746","20220922235000","345","2","臺中市","霧峰區","120.680","24.070","474"
"124","263747","20220922235000","893","0","臺中市","霧峰區","120.700","24.070","133"
"131","263753","20220922235000","125","1","臺中市","新社區","120.885","24.095","138"
"394","263758","20220922235000","358","1","臺中市","大里區","120.685","24.075","396"
"491","263759","20220922235000","301","3","臺中市","大里區","120.690","24.075","512"
"104","263764","20220922235000","217","0","臺中市","大里區","120.680","24.085","118"
"300","263766","20220922235000","318","0","臺中市","太平區","120.730","24.095","309"
"409","263776","20220922235000","440","0","臺中市","霧峰區","120.705","24.065","394"
"190","263778","20220922235000","166","1","臺中市","霧峰區","120.715","24.065","193"
"10","263794","20220922235000","90","0","臺中市","霧峰區","120.745","24.045","10"
"105","263828","20220922235000","201","0","臺中市","霧峰區","120.745","24.060","114"
"45","263842","20220922235000","39","1","臺中市","霧峰區","120.760","24.065","45"
"76","263846","20220922235000","52","2","臺中市","霧峰區","120.735","24.070","89"
"373","263863","20220922235000","333","1","臺中市","霧峰區","120.695","24.015","388"
"617","263864","20220922235000","519","1","臺中市","霧峰區","120.685","24.020","680"
"370","263875","20220922235000","276","2","臺中市","烏日區","120.655","24.055","396"
"292","263876","20220922235000","317","0","臺中市","烏日區","120.660","24.055","266"
"316","263878","20220922235000","235","2","臺中市","烏日區","120.655","24.045","276"
"308","263884","20220922235000","250","2","臺中市","烏日區","120.650","24.050","263"
"420","263885","20220922235000","524","0","臺中市","烏日區","120.635","24.070","387"
"1352","263888","20220922235000","1255","1","臺中市","烏日區","120.635","24.080","1385"
"553","263891","20220922235000","424","2","臺中市","烏日區","120.625","24.090","563"
"1657","263900","20220922235000","1473","1","臺中市","烏日區","120.640","24.075","1690"
"653","263902","20220922235000","585","1","臺中市","烏日區","120.650","24.075","606"
"42","263907","20220922235000","1047","0","臺中市","烏日區","120.645","24.085","47"
"119","263933","20220922235000","151","0","臺中市","烏日區","120.635","24.050","151"
"2819","263942","20220922235000","2169","2","臺中市","大里區","120.680","24.095","2841"
"240","263943","20220922235000","210","1","臺中市","大里區","120.665","24.095","219"
"1248","263945","20220922235000","990","2","臺中市","大里區","120.690","24.090","1245"
"1172","263946","20220922235000","1030","1","臺中市","大里區","120.695","24.095","1170"
"573","263948","20220922235000","560","1","臺中市","大里區","120.705","24.095","510"
"343","263949","20220922235000","423","0","臺中市","大里區","120.710","24.095","329"
"297","263950","20220922235000","312","0","臺中市","大里區","120.715","24.090","302"
"507","263951","20220922235000","560","0","臺中市","大里區","120.720","24.095","496"
"1194","263954","20220922235000","1239","0","臺中市","大里區","120.700","24.095","1224"
"531","263960","20220922235000","427","2","臺中市","大里區","120.735","24.090","523"
"460","263962","20220922235000","498","0","臺中市","大里區","120.720","24.090","456"
"560","263964","20220922235000","524","1","臺中市","大里區","120.730","24.090","518"
"1098","263969","20220922235000","1432","0","臺中市","大里區","120.710","24.085","1159"
"388","263970","20220922235000","769","0","臺中市","大里區","120.715","24.085","384"
"120","263971","20220922235000","108","1","臺中市","大里區","120.720","24.085","100"
"45","263975","20220922235000","56","0","臺中市","大里區","120.710","24.090","37"
"132","263977","20220922235000","66","3","臺中市","大里區","120.665","24.085","114"
"17","263979","20220922235000","248","0","臺中市","大里區","120.675","24.085","198"
"123","263989","20220922235000","193","0","臺中市","大里區","120.685","24.095","117"
"458","263990","20220922235000","502","0","臺中市","大里區","120.690","24.095","350"
"148","263991","20220922235000","284","0","臺中市","霧峰區","120.695","24.065","160"
"2623","263992","20220922235000","2652","0","臺中市","霧峰區","120.700","24.065","2602"
"512","263995","20220922235000","287","3","臺中市","霧峰區","120.665","24.065","534"
"178","263999","20220922235000","701","0","臺中市","霧峰區","120.665","24.070","169"
"23","264007","20220922235000","306","0","臺中市","霧峰區","120.655","24.085","27"
"28","264008","20220922235000","326","0","臺中市","霧峰區","120.650","24.085","27"
"285","264016","20220922235000","206","2","臺中市","霧峰區","120.690","24.040","212"
"61","264018","20220922235000","504","0","臺中市","霧峰區","120.685","24.045","46"
"29","264024","20220922235000","474","0","臺中市","霧峰區","120.665","24.040","28"
"132","264029","20220922235000","70","3","臺中市","霧峰區","120.660","24.050","119"
"1076","264031","20220922235000","797","2","臺中市","大里區","120.700","24.090","1050"
"51","264037","20220922235000","39","2","臺中市","霧峰區","120.670","24.025","53"
"12","264042","20220922235000","146","0","臺中市","霧峰區","120.670","24.030","14"
"193","264047","20220922235000","216","0","花蓮縣","秀林鄉","121.580","24.020","185"
"253","264094","20220922235000","210","2","花蓮縣","秀林鄉","121.595","24.050","246"
"704","264107","20220922235000","701","1","花蓮縣","秀林鄉","121.600","24.055","765"
"362","264435","20220922235000","334","1","花蓮縣","新城鄉","121.610","24.080","376"
"329","264642","20220922235000","365","0","花蓮縣","新城鄉","121.595","24.015","332"
"211","264655","20220922235000","229","0","花蓮縣","新城鄉","121.590","24.035","211"
"298","264661","20220922235000","207","2","花蓮縣","新城鄉","121.595","24.040","318"
"1161","264663","20220922235000","636","3","花蓮縣","新城鄉","121.605","24.030","1096"
"433","264665","20220922235000","359","2","花蓮縣","新城鄉","121.605","24.035","440"
"477","264667","20220922235000","385","2","花蓮縣","新城鄉","121.600","24.035","479"
"1643","264676","20220922235000","1343","2","臺中市","烏日區","120.645","24.060","1661"
"60","264678","20220922235000","466","0","臺中市","烏日區","120.655","24.060","64"
"382","264683","20220922235000","421","0","臺中市","烏日區","120.640","24.065","403"
"205","264700","20220922235000","112","3","臺中市","烏日區","120.620","24.090","220"
"411","264703","20220922235000","289","2","臺中市","霧峰區","120.675","24.040","414"
"211","264707","20220922235000","145","2","臺中市","霧峰區","120.680","24.045","207"
"414","264712","20220922235000","370","1","臺中市","霧峰區","120.675","24.050","425"
"819","264717","20220922235000","838","0","臺中市","烏日區","120.645","24.090","840"
"187","264719","20220922235000","198","0","臺中市","烏日區","120.635","24.095","199"
"24","264720","20220922235000","15","3","臺中市","烏日區","120.640","24.095","31"
"45","264722","20220922235000","225","0","臺中市","烏日區","120.645","24.095","40"
"403","264725","20220922235000","412","0","臺中市","烏日區","120.655","24.095","364"
"173","264726","20220922235000","119","2","臺中市","大里區","120.660","24.095","156"
"916","264728","20220922235000","784","1","花蓮縣","花蓮市","121.625","24.010","915"
"319","264732","20220922235000","289","1","花蓮縣","花蓮市","121.630","24.015","311"
"240","264737","20220922235000","208","1","花蓮縣","花蓮市","121.635","24.025","307"
"81","265344","20220922235000","45","3","南投縣","國姓鄉","120.830","24.030","79"
"14","265374","20220922235000","18","0","南投縣","國姓鄉","120.800","24.045","19"
"40","265406","20220922235000","36","1","南投縣","國姓鄉","120.825","24.070","41"
"16","265430","20220922235000","18","0","南投縣","國姓鄉","120.880","24.050","16"
"166","265436","20220922235000","120","2","南投縣","國姓鄉","120.910","24.050","114"
"139","265440","20220922235000","143","0","南投縣","國姓鄉","120.930","24.050","110"
"535","265442","20220922235000","292","3","南投縣","國姓鄉","120.880","24.055","484"
"243","265449","20220922235000","252","0","南投縣","國姓鄉","120.915","24.055","227"
"18","265465","20220922235000","11","3","南投縣","國姓鄉","120.930","24.060","12"
"113","265467","20220922235000","109","1","南投縣","國姓鄉","120.940","24.060","116"
"27","265498","20220922235000","27","1","南投縣","國姓鄉","120.930","24.075","27"
"48","265569","20220922235000","440","0","南投縣","國姓鄉","120.850","24.040","52"
"19","265593","20220922235000","155","0","南投縣","埔里鎮","120.910","24.025","25"
"11","265615","20220922235000","267","0","南投縣","埔里鎮","120.920","24.040","16"
"362","265622","20220922235000","270","2","南投縣","國姓鄉","120.930","24.045","353"
"26","265627","20220922235000","23","1","南投縣","埔里鎮","120.950","24.010","25"
"89","265628","20220922235000","293","0","南投縣","埔里鎮","120.945","24.015","72"
"262","265633","20220922235000","206","2","南投縣","埔里鎮","120.950","24.020","245"
"85","265651","20220922235000","85","1","南投縣","埔里鎮","120.950","24.035","87"
"50","265706","20220922235000","129","0","花蓮縣","花蓮市","121.590","24.010","68"
"1217","265708","20220922235000","1298","0","花蓮縣","新城鄉","121.610","24.015","1156"
"205","265711","20220922235000","181","1","花蓮縣","新城鄉","121.605","24.020","192"
"700","265716","20220922235000","638","1","花蓮縣","新城鄉","121.605","24.025","718"
"68","265719","20220922235000","70","0","花蓮縣","新城鄉","121.620","24.025","64"
"150","265723","20220922235000","152","0","花蓮縣","新城鄉","121.615","24.030","135"
"39","265734","20220922235000","40","0","花蓮縣","新城鄉","121.625","24.035","57"
"529","265739","20220922235000","443","1","花蓮縣","新城鄉","121.605","24.040","521"
"483","265742","20220922235000","363","2","花蓮縣","新城鄉","121.610","24.045","434"
"58","265753","20220922235000","45","2","花蓮縣","新城鄉","121.615","24.060","59"
"236","265754","20220922235000","268","0","花蓮縣","新城鄉","121.610","24.065","230"
"971","265773","20220922235000","708","2","彰化縣","彰化市","120.570","24.085","1006"
"753","265774","20220922235000","791","0","彰化縣","彰化市","120.575","24.090","765"
"176","265780","20220922235000","171","1","彰化縣","彰化市","120.620","24.045","162"
"383","265784","20220922235000","359","1","彰化縣","彰化市","120.620","24.060","381"
"1125","265794","20220922235000","1585","0","彰化縣","彰化市","120.535","24.090","1094"
"721","265797","20220922235000","538","2","彰化縣","彰化市","120.545","24.075","706"
"895","265798","20220922235000","522","3","彰化縣","彰化市","120.555","24.070","941"
"1917","265800","20220922235000","1289","2","彰化縣","彰化市","120.545","24.085","1900"
"522","265801","20220922235000","437","1","彰化縣","彰化市","120.555","24.090","518"
"1049","265802","20220922235000","794","2","彰化縣","彰化市","120.555","24.080","1014"
"266","265803","20220922235000","1069","0","彰化縣","彰化市","120.560","24.080","272"
"1301","265804","20220922235000","1057","2","彰化縣","彰化市","120.555","24.085","1270"
"61","265805","20220922235000","125","0","彰化縣","彰化市","120.560","24.085","79"
"798","265806","20220922235000","800","0","彰化縣","彰化市","120.535","24.080","862"
"3026","265807","20220922235000","1973","3","彰化縣","彰化市","120.540","24.085","3011"
"2112","265808","20220922235000","1302","3","彰化縣","彰化市","120.545","24.090","2114"
"514","265810","20220922235000","246","3","彰化縣","彰化市","120.550","24.075","495"
"3777","265812","20220922235000","1907","3","彰化縣","彰化市","120.530","24.080","3771"
"62","265817","20220922235000","288","0","彰化縣","鹿港鎮","120.480","24.090","60"
"1154","265820","20220922235000","644","3","彰化縣","彰化市","120.535","24.070","1083"
"1584","265821","20220922235000","1096","2","彰化縣","彰化市","120.530","24.065","1613"
"2521","265822","20220922235000","1730","2","彰化縣","彰化市","120.530","24.070","2481"
"766","265823","20220922235000","940","0","彰化縣","鹿港鎮","120.445","24.055","746"
"27","265824","20220922235000","420","0","彰化縣","鹿港鎮","120.445","24.060","25"
"20","265825","20220922235000","35","0","彰化縣","鹿港鎮","120.450","24.060","28"
"601","265826","20220922235000","684","0","彰化縣","鹿港鎮","120.445","24.065","525"
"23","265839","20220922235000","19","2","彰化縣","彰化市","120.580","24.075","17"
"397","265841","20220922235000","1621","0","彰化縣","彰化市","120.535","24.075","403"
"700","265848","20220922235000","702","0","彰化縣","鹿港鎮","120.460","24.080","706"
"346","265863","20220922235000","364","0","彰化縣","鹿港鎮","120.435","24.050","352"
"1032","265864","20220922235000","1249","0","彰化縣","彰化市","120.550","24.085","1047"
"119","265898","20220922235000","557","0","南投縣","國姓鄉","120.860","24.060","659"
"215","265927","20220922235000","186","1","南投縣","國姓鄉","120.845","24.025","209"
"44","265948","20220922235000","373","0","南投縣","國姓鄉","120.860","24.040","40"
"546","265956","20220922235000","304","3","南投縣","國姓鄉","120.855","24.045","472"
"308","265973","20220922235000","312","0","南投縣","國姓鄉","120.820","24.020","299"
"11","266037","20220922235000","179","0","南投縣","國姓鄉","120.875","24.075","11"
"3164","266081","20220922235000","2944","1","彰化縣","彰化市","120.535","24.065","3066"
"1988","266082","20220922235000","621","3","彰化縣","和美鎮","120.510","24.090","1992"
"301","266091","20220922235000","230","2","彰化縣","埔鹽鄉","120.455","24.015","299"
"1411","266093","20220922235000","734","3","彰化縣","彰化市","120.540","24.070","1413"
"63","266099","20220922235000","640","0","彰化縣","花壇鄉","120.545","24.015","56"
"470","266100","20220922235000","413","1","彰化縣","花壇鄉","120.545","24.020","470"
"87","266107","20220922235000","79","1","彰化縣","花壇鄉","120.545","24.030","88"
"18","266111","20220922235000","71","0","彰化縣","花壇鄉","120.550","24.035","23"
"407","266122","20220922235000","333","2","彰化縣","埔鹽鄉","120.445","24.020","413"
"581","266124","20220922235000","149","3","彰化縣","彰化市","120.520","24.055","575"
"452","266127","20220922235000","510","0","彰化縣","彰化市","120.565","24.090","461"
"1186","266128","20220922235000","768","3","彰化縣","彰化市","120.555","24.095","1227"
"341","266129","20220922235000","233","2","彰化縣","彰化市","120.560","24.095","349"
"1101","266131","20220922235000","1024","1","彰化縣","彰化市","120.595","24.070","1067"
"167","266132","20220922235000","178","0","彰化縣","彰化市","120.595","24.075","157"
"191","266134","20220922235000","125","3","彰化縣","彰化市","120.605","24.075","193"
"705","266136","20220922235000","605","1","彰化縣","彰化市","120.600","24.080","715"
"400","266138","20220922235000","257","3","彰化縣","彰化市","120.595","24.085","405"
"14","266148","20220922235000","15","0","彰化縣","花壇鄉","120.590","24.040","20"
"55","266153","20220922235000","50","1","彰化縣","彰化市","120.605","24.045","60"
"55","266154","20220922235000","37","2","彰化縣","彰化市","120.585","24.050","80"
"66","266155","20220922235000","57","1","彰化縣","彰化市","120.590","24.050","56"
"71","266157","20220922235000","61","1","彰化縣","彰化市","120.600","24.050","66"
"334","266166","20220922235000","246","2","彰化縣","彰化市","120.615","24.055","340"
"651","266168","20220922235000","656","0","彰化縣","彰化市","120.580","24.080","691"
"970","266169","20220922235000","895","1","彰化縣","彰化市","120.575","24.085","930"
"1180","266170","20220922235000","938","2","彰化縣","彰化市","120.580","24.085","1226"
"278","266171","20220922235000","253","1","彰化縣","彰化市","120.560","24.075","286"
"644","266172","20220922235000","683","0","彰化縣","彰化市","120.550","24.080","701"
"1477","266176","20220922235000","476","3","彰化縣","和美鎮","120.495","24.085","1450"
"60","266180","20220922235000","55","1","彰化縣","和美鎮","120.495","24.090","66"
"587","266182","20220922235000","2301","0","彰化縣","彰化市","120.535","24.085","632"
"651","266183","20220922235000","713","0","彰化縣","和美鎮","120.525","24.095","712"
"74","266185","20220922235000","103","0","彰化縣","和美鎮","120.535","24.095","77"
"72","266190","20220922235000","71","1","彰化縣","秀水鄉","120.505","24.065","69"
"1645","266191","20220922235000","434","3","彰化縣","彰化市","120.510","24.065","1621"
"1314","266192","20220922235000","922","2","彰化縣","彰化市","120.515","24.065","1302"
"716","266194","20220922235000","188","3","彰化縣","彰化市","120.510","24.070","690"
"217","266196","20220922235000","166","2","彰化縣","花壇鄉","120.570","24.055","205"
"17","266205","20220922235000","135","0","彰化縣","彰化市","120.570","24.065","15"
"2573","266210","20220922235000","865","3","彰化縣","彰化市","120.540","24.075","2579"
"2468","266211","20220922235000","1746","2","彰化縣","彰化市","120.540","24.080","2477"
"1968","266214","20220922235000","477","3","彰化縣","彰化市","120.525","24.080","1944"
"1292","266216","20220922235000","1082","1","彰化縣","彰化市","120.530","24.085","1297"
"1073","266222","20220922235000","1022","1","彰化縣","彰化市","120.600","24.090","1069"
"238","266224","20220922235000","185","2","彰化縣","彰化市","120.585","24.090","235"
"167","266228","20220922235000","110","3","彰化縣","彰化市","120.580","24.095","168"
"22","266232","20220922235000","20","1","彰化縣","彰化市","120.600","24.095","20"
"477","266233","20220922235000","208","3","彰化縣","秀水鄉","120.500","24.075","455"
"45","266234","20220922235000","580","0","彰化縣","彰化市","120.505","24.075","39"
"843","266237","20220922235000","414","3","彰化縣","彰化市","120.520","24.075","775"
"371","266238","20220922235000","153","3","彰化縣","彰化市","120.510","24.080","354"
"150","266239","20220922235000","309","0","彰化縣","和美鎮","120.515","24.080","194"
"80","266240","20220922235000","212","0","彰化縣","彰化市","120.520","24.080","82"
"565","266241","20220922235000","269","3","彰化縣","彰化市","120.515","24.085","578"
"270","266243","20220922235000","186","2","彰化縣","彰化市","120.525","24.085","246"
"297","266244","20220922235000","692","0","彰化縣","彰化市","120.545","24.095","323"
"54","266245","20220922235000","400","0","彰化縣","彰化市","120.545","24.080","56"
"305","266246","20220922235000","248","2","彰化縣","彰化市","120.565","24.085","318"
"1755","266247","20220922235000","1760","0","彰化縣","彰化市","120.560","24.090","1789"
"621","266248","20220922235000","602","1","彰化縣","彰化市","120.570","24.090","588"
"1116","266249","20220922235000","875","2","彰化縣","和美鎮","120.530","24.090","1106"
"222","266250","20220922235000","211","1","彰化縣","彰化市","120.555","24.065","287"
"2400","266251","20220922235000","3334","0","彰化縣","彰化市","120.545","24.070","2438"
"786","266252","20220922235000","260","3","彰化縣","彰化市","120.550","24.070","786"
"20","266255","20220922235000","28","0","彰化縣","彰化市","120.600","24.060","22"
"17","266262","20220922235000","242","0","彰化縣","彰化市","120.610","24.065","21"
"527","266263","20220922235000","511","1","彰化縣","彰化市","120.600","24.070","536"
"47","266264","20220922235000","41","1","彰化縣","彰化市","120.605","24.070","49"
"233","266265","20220922235000","198","1","彰化縣","彰化市","120.610","24.070","223"
"211","266266","20220922235000","1514","0","彰化縣","彰化市","120.540","24.090","240"
"594","266267","20220922235000","434","2","彰化縣","和美鎮","120.520","24.090","586"
"71","266274","20220922235000","559","0","彰化縣","和美鎮","120.505","24.085","78"
"49","266309","20220922235000","46","1","南投縣","仁愛鄉","120.970","24.045","57"
"323","266333","20220922235000","313","1","南投縣","仁愛鄉","120.970","24.060","295"
"150","266406","20220922235000","120","2","南投縣","仁愛鄉","121.095","24.010","157"
"95","266517","20220922235000","74","2","南投縣","仁愛鄉","121.210","24.075","102"
"53","266589","20220922235000","44","2","南投縣","仁愛鄉","121.210","24.090","55"
"17","266666","20220922235000","192","0","南投縣","仁愛鄉","121.130","24.020","18"
"293","266696","20220922235000","306","0","南投縣","仁愛鄉","121.150","24.040","312"
"13","266697","20220922235000","27","0","南投縣","仁愛鄉","121.155","24.040","13"
"410","266700","20220922235000","298","2","南投縣","仁愛鄉","121.125","24.045","355"
"186","266706","20220922235000","138","2","南投縣","仁愛鄉","121.155","24.045","185"
"37","266715","20220922235000","33","1","南投縣","仁愛鄉","121.155","24.050","26"
"24","266733","20220922235000","40","0","南投縣","仁愛鄉","121.160","24.055","30"
"299","266768","20220922235000","373","0","南投縣","仁愛鄉","121.165","24.070","302"
"19","267165","20220922235000","25","0","南投縣","仁愛鄉","121.025","24.090","25"
"81","267268","20220922235000","279","0","南投縣","仁愛鄉","121.175","24.010","107"
"35","267286","20220922235000","297","0","南投縣","仁愛鄉","121.140","24.025","37"
"717","267410","20220922235000","621","1","南投縣","仁愛鄉","121.180","24.035","787"
"109","267555","20220922235000","72","3","南投縣","仁愛鄉","121.190","24.060","120"
"234","267605","20220922235000","252","0","南投縣","仁愛鄉","121.210","24.070","168"
"141","267630","20220922235000","96","2","彰化縣","花壇鄉","120.530","24.050","124"
"476","267631","20220922235000","399","1","彰化縣","彰化市","120.530","24.055","435"
"1890","267632","20220922235000","1644","1","彰化縣","彰化市","120.530","24.060","1904"
"126","267633","20220922235000","1920","0","彰化縣","彰化市","120.535","24.060","130"
"2015","267634","20220922235000","2143","0","彰化縣","彰化市","120.550","24.090","2010"
"806","267636","20220922235000","678","1","彰化縣","彰化市","120.550","24.095","806"
"41","267637","20220922235000","71","0","彰化縣","彰化市","120.590","24.065","55"
"471","267640","20220922235000","331","2","彰化縣","彰化市","120.585","24.080","424"
"958","267641","20220922235000","679","2","彰化縣","彰化市","120.590","24.080","987"
"667","267646","20220922235000","390","3","彰化縣","彰化市","120.520","24.065","698"
"1574","267649","20220922235000","1383","1","彰化縣","彰化市","120.525","24.070","1582"
"70","267650","20220922235000","86","0","彰化縣","彰化市","120.525","24.075","72"
"576","267652","20220922235000","474","2","彰化縣","彰化市","120.555","24.050","611"
"954","267654","20220922235000","627","3","彰化縣","彰化市","120.535","24.055","980"
"288","267655","20220922235000","203","2","彰化縣","彰化市","120.540","24.055","241"
"361","267656","20220922235000","261","2","彰化縣","彰化市","120.545","24.055","372"
"347","267661","20220922235000","401","0","彰化縣","彰化市","120.540","24.060","360"
"349","267662","20220922235000","434","0","彰化縣","彰化市","120.545","24.060","375"
"78","267664","20220922235000","135","0","彰化縣","彰化市","120.555","24.060","163"
"3742","267665","20220922235000","2968","2","彰化縣","彰化市","120.540","24.065","3739"
"1055","267666","20220922235000","916","1","彰化縣","彰化市","120.545","24.065","1048"
"438","267667","20220922235000","391","1","彰化縣","彰化市","120.550","24.065","463"
"3331","267669","20220922235000","931","3","彰化縣","彰化市","120.515","24.055","3344"
"3497","267670","20220922235000","1571","3","彰化縣","彰化市","120.515","24.060","3576"
"20","267676","20220922235000","264","0","彰化縣","福興鄉","120.470","24.030","18"
"182","267682","20220922235000","94","3","彰化縣","福興鄉","120.470","24.035","165"
"584","267689","20220922235000","492","1","彰化縣","福興鄉","120.480","24.040","497"
"407","267697","20220922235000","199","3","彰化縣","福興鄉","120.455","24.035","399"
"522","267705","20220922235000","525","0","彰化縣","福興鄉","120.465","24.045","541"
"295","267717","20220922235000","174","3","彰化縣","秀水鄉","120.510","24.015","247"
"32","267718","20220922235000","29","1","彰化縣","秀水鄉","120.500","24.020","23"
"32","267726","20220922235000","112","0","彰化縣","鹿港鎮","120.480","24.085","38"
"1115","267729","20220922235000","785","2","彰化縣","鹿港鎮","120.485","24.090","1050"
"2052","267732","20220922235000","1432","2","彰化縣","鹿港鎮","120.435","24.055","2023"
"1220","267736","20220922235000","567","3","彰化縣","鹿港鎮","120.465","24.090","1263"
"33","267739","20220922235000","324","0","彰化縣","鹿港鎮","120.470","24.095","30"
"1165","267795","20220922235000","707","3","彰化縣","福興鄉","120.490","24.015","1179"
"320","267808","20220922235000","288","1","彰化縣","福興鄉","120.440","24.030","327"
"436","267810","20220922235000","391","1","彰化縣","福興鄉","120.435","24.035","388"
"388","267824","20220922235000","398","0","彰化縣","福興鄉","120.390","24.015","419"
"736","267834","20220922235000","762","0","彰化縣","福興鄉","120.410","24.020","787"
"82","267844","20220922235000","819","0","彰化縣","秀水鄉","120.495","24.025","910"
"733","267873","20220922235000","510","2","彰化縣","福興鄉","120.400","24.045","729"
"826","267898","20220922235000","484","3","彰化縣","福興鄉","120.430","24.040","827"
"872","267900","20220922235000","668","2","彰化縣","福興鄉","120.430","24.045","840"
"35","267904","20220922235000","351","0","彰化縣","福興鄉","120.430","24.050","52"
"228","267908","20220922235000","131","3","彰化縣","福興鄉","120.430","24.020","203"
"28","267913","20220922235000","22","2","彰化縣","福興鄉","120.425","24.030","21"
"64","267926","20220922235000","52","2","彰化縣","福興鄉","120.405","24.030","56"
"278","267928","20220922235000","208","2","彰化縣","福興鄉","120.415","24.030","251"
"71","267935","20220922235000","59","2","彰化縣","秀水鄉","120.500","24.060","75"
"238","267946","20220922235000","218","1","彰化縣","秀水鄉","120.490","24.050","220"
"74","267947","20220922235000","33","3","彰化縣","秀水鄉","120.495","24.050","74"
"76","267949","20220922235000","418","0","彰化縣","秀水鄉","120.500","24.050","90"
"26","267955","20220922235000","248","0","彰化縣","秀水鄉","120.495","24.060","28"
"143","267957","20220922235000","860","0","彰化縣","秀水鄉","120.500","24.030","139"
"391","267959","20220922235000","1145","0","彰化縣","秀水鄉","120.495","24.035","375"
"92","267960","20220922235000","461","0","彰化縣","秀水鄉","120.500","24.035","83"
"191","267964","20220922235000","90","3","彰化縣","秀水鄉","120.520","24.025","206"
"55","267966","20220922235000","611","0","彰化縣","秀水鄉","120.520","24.030","76"
"685","267972","20220922235000","571","1","彰化縣","鹿港鎮","120.435","24.065","629"
"542","267973","20220922235000","594","0","彰化縣","鹿港鎮","120.440","24.065","566"
"426","267975","20220922235000","451","0","彰化縣","鹿港鎮","120.435","24.070","403"
"23","267978","20220922235000","312","0","彰化縣","鹿港鎮","120.425","24.075","21"
"879","267984","20220922235000","770","1","彰化縣","鹿港鎮","120.410","24.080","909"
"157","267987","20220922235000","112","2","彰化縣","鹿港鎮","120.425","24.080","184"
"15","267991","20220922235000","327","0","彰化縣","鹿港鎮","120.445","24.080","14"
"306","267999","20220922235000","204","3","彰化縣","鹿港鎮","120.415","24.080","296"
"460","268001","20220922235000","301","3","彰化縣","鹿港鎮","120.425","24.085","504"
"964","268005","20220922235000","641","3","彰化縣","鹿港鎮","120.445","24.085","933"
"665","268020","20220922235000","529","2","彰化縣","鹿港鎮","120.475","24.065","648"
"14","268028","20220922235000","335","0","彰化縣","鹿港鎮","120.485","24.080","19"
"985","268031","20220922235000","509","3","彰化縣","鹿港鎮","120.485","24.085","948"
"992","268032","20220922235000","996","0","彰化縣","鹿港鎮","120.430","24.060","1000"
"436","268034","20220922235000","802","0","彰化縣","彰化市","120.525","24.060","461"
"1029","268035","20220922235000","1174","0","彰化縣","彰化市","120.525","24.065","1058"
"123","268044","20220922235000","488","0","彰化縣","鹿港鎮","120.450","24.095","133"
"54","268053","20220922235000","45","2","彰化縣","鹿港鎮","120.470","24.075","48"
"289","268057","20220922235000","1055","0","彰化縣","鹿港鎮","120.475","24.080","320"
"199","268061","20220922235000","183","1","彰化縣","鹿港鎮","120.430","24.055","208"
"29","268068","20220922235000","167","0","彰化縣","芬園鄉","120.625","24.025","38"
"12","268070","20220922235000","24","0","彰化縣","花壇鄉","120.600","24.015","11"
"30","268073","20220922235000","30","1","彰化縣","芬園鄉","120.615","24.015","30"
"63","268074","20220922235000","76","0","彰化縣","芬園鄉","120.620","24.015","56"
"39","268077","20220922235000","470","0","彰化縣","福興鄉","120.480","24.045","43"
"1188","268085","20220922235000","1189","0","彰化縣","鹿港鎮","120.470","24.055","1074"
"206","268089","20220922235000","226","0","彰化縣","鹿港鎮","120.460","24.060","182"
"136","268108","20220922235000","126","1","彰化縣","鹿港鎮","120.385","24.060","149"
"189","268109","20220922235000","127","2","彰化縣","鹿港鎮","120.390","24.060","182"
"245","268110","20220922235000","228","1","彰化縣","鹿港鎮","120.395","24.060","222"
"14","268126","20220922235000","14","1","彰化縣","鹿港鎮","120.390","24.065","14"
"312","268128","20220922235000","155","3","彰化縣","鹿港鎮","120.400","24.065","309"
"85","268129","20220922235000","73","1","彰化縣","鹿港鎮","120.405","24.065","82"
"408","268130","20220922235000","306","2","彰化縣","鹿港鎮","120.410","24.065","392"
"602","268134","20220922235000","466","2","彰化縣","鹿港鎮","120.430","24.065","533"
"55","268144","20220922235000","59","0","彰化縣","鹿港鎮","120.395","24.070","59"
"180","268157","20220922235000","147","2","彰化縣","鹿港鎮","120.390","24.075","176"
"43","268158","20220922235000","101","0","彰化縣","鹿港鎮","120.395","24.075","34"
"125","268161","20220922235000","79","3","彰化縣","鹿港鎮","120.410","24.075","97"
"60","268162","20220922235000","88","0","彰化縣","鹿港鎮","120.415","24.075","70"
"568","268170","20220922235000","462","2","彰化縣","鹿港鎮","120.395","24.080","601"
"1728","268172","20220922235000","1831","0","彰化縣","鹿港鎮","120.440","24.055","1777"
"126","268173","20220922235000","1130","0","彰化縣","鹿港鎮","120.440","24.060","122"
"2146","268175","20220922235000","1905","1","彰化縣","福興鄉","120.440","24.045","2126"
"21","268176","20220922235000","126","0","彰化縣","花壇鄉","120.550","24.040","15"
"34","268203","20220922235000","20","3","彰化縣","芬園鄉","120.595","24.035","33"
"283","268205","20220922235000","235","2","彰化縣","芬園鄉","120.605","24.035","278"
"495","268224","20220922235000","391","2","彰化縣","芬園鄉","120.650","24.020","509"
"572","268226","20220922235000","255","3","彰化縣","芬園鄉","120.635","24.025","527"
"362","268233","20220922235000","365","0","彰化縣","福興鄉","120.440","24.035","361"
"690","268245","20220922235000","378","3","彰化縣","秀水鄉","120.490","24.070","695"
"413","268249","20220922235000","266","3","彰化縣","秀水鄉","120.505","24.030","450"
"186","268253","20220922235000","687","0","彰化縣","秀水鄉","120.505","24.040","183"
"66","268258","20220922235000","339","0","彰化縣","秀水鄉","120.515","24.020","79"
"19","268261","20220922235000","500","0","彰化縣","福興鄉","120.450","24.030","22"
"552","268262","20220922235000","408","2","彰化縣","福興鄉","120.455","24.030","567"
"995","268271","20220922235000","774","2","彰化縣","福興鄉","120.420","24.035","1057"
"47","268274","20220922235000","379","0","彰化縣","福興鄉","120.425","24.035","43"
"551","268277","20220922235000","389","2","彰化縣","芬園鄉","120.660","24.015","637"
"119","268289","20220922235000","703","0","彰化縣","芬園鄉","120.625","24.020","122"
"80","268296","20220922235000","554","0","彰化縣","福興鄉","120.470","24.020","94"
"941","268297","20220922235000","347","3","彰化縣","秀水鄉","120.505","24.035","809"
"39","268301","20220922235000","344","0","彰化縣","秀水鄉","120.495","24.040","39"
"44","268303","20220922235000","370","0","彰化縣","秀水鄉","120.500","24.040","42"
"973","268308","20220922235000","269","3","彰化縣","秀水鄉","120.510","24.045","990"
"703","268316","20220922235000","596","1","彰化縣","花壇鄉","120.530","24.020","660"
"378","268321","20220922235000","336","1","彰化縣","花壇鄉","120.530","24.040","332"
"57","268322","20220922235000","115","0","彰化縣","花壇鄉","120.520","24.045","58"
"43","268324","20220922235000","619","0","彰化縣","花壇鄉","120.530","24.045","58"
"304","268327","20220922235000","259","1","彰化縣","花壇鄉","120.535","24.030","307"
"618","268328","20220922235000","555","1","彰化縣","花壇鄉","120.535","24.035","591"
"63","268329","20220922235000","253","0","彰化縣","花壇鄉","120.535","24.040","72"
"93","268331","20220922235000","700","0","彰化縣","花壇鄉","120.545","24.040","109"
"620","268333","20220922235000","420","2","彰化縣","花壇鄉","120.540","24.040","580"
"352","268335","20220922235000","337","1","彰化縣","花壇鄉","120.555","24.020","348"
"116","268336","20220922235000","829","0","彰化縣","花壇鄉","120.540","24.025","119"
"460","268338","20220922235000","372","2","彰化縣","花壇鄉","120.550","24.025","465"
"219","268339","20220922235000","185","1","彰化縣","花壇鄉","120.555","24.025","215"
"181","268347","20220922235000","138","2","彰化縣","花壇鄉","120.565","24.020","173"
"17","268352","20220922235000","15","1","彰化縣","花壇鄉","120.575","24.030","20"
"81","268356","20220922235000","94","0","彰化縣","花壇鄉","120.575","24.035","87"
"76","268370","20220922235000","138","0","彰化縣","花壇鄉","120.560","24.015","77"
"58","268371","20220922235000","62","0","彰化縣","花壇鄉","120.570","24.020","67"
"34","268375","20220922235000","24","2","彰化縣","花壇鄉","120.595","24.020","35"
"261","268381","20220922235000","897","0","彰化縣","花壇鄉","120.545","24.045","257"
"65","268391","20220922235000","22","3","彰化縣","花壇鄉","120.540","24.020","67"
"1878","268393","20220922235000","1459","2","彰化縣","花壇鄉","120.535","24.025","1845"
"30","268399","20220922235000","244","0","彰化縣","福興鄉","120.480","24.020","31"
"11","269403","20220922235000","13","0","彰化縣","鹿港鎮","120.395","24.105","16"
"975","274405","20220922235000","1273","0","臺中市","太平區","120.720","24.135","921"
"2179","274408","20220922235000","1890","1","臺中市","太平區","120.720","24.115","2168"
"123","274410","20220922235000","86","2","臺中市","太平區","120.755","24.120","121"
"156","274476","20220922235000","169","0","臺中市","太平區","120.810","24.140","165"
"5132","274515","20220922235000","2381","3","臺中市","南屯區","120.645","24.135","5157"
"2992","274516","20220922235000","3457","0","臺中市","南屯區","120.650","24.140","2983"
"2485","274517","20220922235000","2179","1","臺中市","南屯區","120.650","24.150","2556"
"1005","274518","20220922235000","1115","0","臺中市","西屯區","120.650","24.155","874"
"55","274519","20220922235000","475","0","臺中市","南屯區","120.650","24.135","50"
"1874","274520","20220922235000","1431","2","臺中市","南屯區","120.650","24.130","1873"
"772","274521","20220922235000","572","2","臺中市","南屯區","120.610","24.150","702"
"2470","274522","20220922235000","2011","2","臺中市","南屯區","120.615","24.150","2492"
"12","274523","20220922235000","10","2","臺中市","南屯區","120.620","24.150","14"
"552","274524","20220922235000","428","2","臺中市","南屯區","120.605","24.155","565"
"328","274525","20220922235000","240","2","臺中市","南屯區","120.610","24.155","297"
"82","274530","20220922235000","67","2","臺中市","南屯區","120.600","24.160","87"
"289","274531","20220922235000","347","0","臺中市","南屯區","120.605","24.160","312"
"123","274534","20220922235000","70","3","臺中市","南屯區","120.590","24.165","122"
"1570","274535","20220922235000","1694","0","臺中市","北區","120.690","24.155","1597"
"2140","274536","20220922235000","2288","0","臺中市","北屯區","120.695","24.165","1940"
"2179","274537","20220922235000","1827","1","臺中市","北屯區","120.700","24.160","2236"
"2396","274538","20220922235000","1868","2","臺中市","北區","120.690","24.160","2336"
"1596","274539","20220922235000","1975","0","臺中市","北區","120.680","24.150","1579"
"3112","274540","20220922235000","1547","3","臺中市","北區","120.685","24.150","3202"
"1202","274541","20220922235000","1927","0","臺中市","南區","120.660","24.125","1061"
"2425","274543","20220922235000","2261","1","臺中市","南區","120.675","24.125","2299"
"85","274544","20220922235000","86","0","臺中市","北屯區","120.665","24.185","83"
"867","274545","20220922235000","732","1","臺中市","北屯區","120.725","24.170","856"
"809","274546","20220922235000","1477","0","臺中市","北屯區","120.720","24.175","816"
"2036","274547","20220922235000","1691","2","臺中市","北屯區","120.725","24.175","2048"
"2650","274549","20220922235000","2131","2","臺中市","北屯區","120.725","24.180","2623"
"467","274551","20220922235000","364","2","臺中市","北屯區","120.735","24.180","506"
"1886","274554","20220922235000","1615","1","臺中市","西區","120.675","24.140","1959"
"1469","274556","20220922235000","1465","1","臺中市","大里區","120.675","24.105","1490"
"804","274558","20220922235000","904","0","臺中市","大里區","120.675","24.115","765"
"1804","274559","20220922235000","1696","1","臺中市","西屯區","120.615","24.175","1718"
"951","274560","20220922235000","676","2","臺中市","西屯區","120.630","24.175","943"
"2635","274561","20220922235000","2698","0","臺中市","西屯區","120.615","24.180","2642"
"1403","274562","20220922235000","1380","1","臺中市","西屯區","120.625","24.180","1406"
"842","274564","20220922235000","815","1","臺中市","西屯區","120.630","24.180","810"
"3054","274566","20220922235000","3063","0","臺中市","西屯區","120.640","24.175","3109"
"1857","274567","20220922235000","1980","0","臺中市","西屯區","120.635","24.175","1716"
"2073","274568","20220922235000","1003","3","臺中市","西屯區","120.635","24.180","2192"
"149","274569","20220922235000","1126","0","臺中市","西屯區","120.630","24.185","122"
"151","274571","20220922235000","985","0","臺中市","北屯區","120.715","24.175","151"
"1506","274572","20220922235000","1233","2","臺中市","北屯區","120.715","24.180","1498"
"262","274575","20220922235000","590","0","臺中市","北屯區","120.715","24.185","268"
"70","274577","20220922235000","52","2","臺中市","北屯區","120.730","24.185","69"
"554","274578","20220922235000","339","3","臺中市","北屯區","120.720","24.185","580"
"1615","274581","20220922235000","2578","0","臺中市","北區","120.665","24.165","1637"
"2076","274582","20220922235000","2359","0","臺中市","北區","120.670","24.165","2030"
"610","274583","20220922235000","432","2","臺中市","南區","120.670","24.125","630"
"1714","274585","20220922235000","1708","1","臺中市","西屯區","120.610","24.185","1769"
"469","274586","20220922235000","527","0","臺中市","西屯區","120.600","24.180","435"
"1583","274587","20220922235000","1521","1","臺中市","西屯區","120.605","24.180","1565"
"354","274591","20220922235000","2139","0","臺中市","龍井區","120.530","24.180","374"
"745","274593","20220922235000","1413","0","臺中市","烏日區","120.635","24.100","759"
"1400","274595","20220922235000","1763","0","臺中市","烏日區","120.635","24.105","1399"
"1121","274596","20220922235000","1192","0","臺中市","烏日區","120.640","24.105","1093"
"77","274603","20220922235000","595","0","臺中市","大肚區","120.530","24.160","85"
"2002","274608","20220922235000","1485","2","臺中市","西區","120.670","24.135","2074"
"795","274609","20220922235000","1912","0","臺中市","西區","120.655","24.150","939"
"3599","274610","20220922235000","3392","1","臺中市","西區","120.655","24.135","3452"
"2672","274611","20220922235000","2976","0","臺中市","西區","120.655","24.145","2567"
"1956","274612","20220922235000","2146","0","臺中市","西區","120.670","24.130","1969"
"265","274615","20220922235000","312","0","臺中市","太平區","120.735","24.135","272"
"39","274616","20220922235000","19","3","臺中市","太平區","120.740","24.140","36"
"2535","274620","20220922235000","1967","2","臺中市","北區","120.685","24.160","2545"
"2300","274621","20220922235000","1885","2","臺中市","北區","120.675","24.150","2299"
"1584","274623","20220922235000","878","3","臺中市","北區","120.690","24.150","1621"
"1612","274624","20220922235000","1252","2","臺中市","南區","120.680","24.120","1736"
"2462","274625","20220922235000","2013","2","臺中市","大里區","120.685","24.120","2473"
"1087","274626","20220922235000","993","1","臺中市","南區","120.660","24.120","1077"
"1388","274627","20220922235000","971","2","臺中市","南區","120.675","24.120","1299"
"1173","274628","20220922235000","1644","0","臺中市","東區","120.695","24.130","1167"
"1517","274629","20220922235000","2262","0","臺中市","西屯區","120.620","24.185","1537"
"1240","274630","20220922235000","846","2","臺中市","西屯區","120.615","24.185","1249"
"812","274631","20220922235000","1375","0","臺中市","西屯區","120.620","24.190","812"
"3955","274632","20220922235000","3680","1","臺中市","西屯區","120.605","24.185","3960"
"1022","274634","20220922235000","817","2","臺中市","西屯區","120.600","24.185","1084"
"892","274636","20220922235000","545","3","臺中市","東區","120.705","24.130","887"
"256","274637","20220922235000","850","0","臺中市","東區","120.705","24.135","466"
"3242","274639","20220922235000","2177","2","臺中市","東區","120.695","24.145","3269"
"130","274640","20220922235000","133","0","臺中市","東區","120.700","24.145","123"
"1995","274641","20220922235000","1483","2","臺中市","東區","120.695","24.125","2016"
"2762","274642","20220922235000","2141","2","臺中市","大里區","120.680","24.110","2782"
"211","274644","20220922235000","229","0","臺中市","大里區","120.665","24.100","205"
"72","274646","20220922235000","666","0","臺中市","大里區","120.665","24.105","78"
"242","274647","20220922235000","178","2","臺中市","大里區","120.670","24.105","262"
"66","274648","20220922235000","722","0","臺中市","大里區","120.665","24.110","74"
"1123","274649","20220922235000","927","2","臺中市","大里區","120.670","24.110","1061"
"774","274650","20220922235000","742","1","臺中市","大里區","120.700","24.105","712"
"224","274683","20220922235000","232","0","臺中市","太平區","120.765","24.110","244"
"82","274707","20220922235000","78","1","臺中市","太平區","120.795","24.115","73"
"405","274737","20220922235000","562","0","臺中市","太平區","120.720","24.140","419"
"1181","274738","20220922235000","798","2","臺中市","太平區","120.725","24.135","1194"
"1373","274739","20220922235000","887","3","臺中市","大里區","120.695","24.120","1349"
"222","274741","20220922235000","170","2","臺中市","東區","120.700","24.130","214"
"241","274742","20220922235000","181","2","臺中市","東區","120.700","24.135","216"
"1929","274744","20220922235000","2213","0","臺中市","大里區","120.685","24.105","1849"
"17","274758","20220922235000","14","2","臺中市","新社區","120.825","24.145","18"
"140","274781","20220922235000","73","3","臺中市","新社區","120.825","24.165","128"
"74","274785","20220922235000","64","1","臺中市","新社區","120.835","24.170","77"
"1126","274786","20220922235000","718","3","臺中市","西屯區","120.610","24.180","1177"
"49","274787","20220922235000","504","0","臺中市","南區","120.680","24.125","55"
"1488","274788","20220922235000","853","3","臺中市","東區","120.685","24.135","1463"
"3829","274789","20220922235000","2163","3","臺中市","北區","120.685","24.145","3890"
"4389","274790","20220922235000","3886","1","臺中市","北屯區","120.670","24.175","4169"
"687","274792","20220922235000","610","1","臺中市","東區","120.695","24.135","743"
"75","274805","20220922235000","65","1","臺中市","新社區","120.825","24.155","67"
"272","274823","20220922235000","199","2","臺中市","新社區","120.800","24.180","303"
"203","274835","20220922235000","1592","0","臺中市","大肚區","120.540","24.150","213"
"263","274842","20220922235000","269","0","臺中市","大肚區","120.540","24.170","241"
"42","274852","20220922235000","43","0","臺中市","大肚區","120.525","24.175","28"
"101","274869","20220922235000","442","0","臺中市","大肚區","120.545","24.135","96"
"15","274873","20220922235000","227","0","臺中市","大肚區","120.550","24.140","12"
"170","274874","20220922235000","166","1","臺中市","大肚區","120.555","24.140","175"
"2417","274883","20220922235000","2252","1","臺中市","北區","120.670","24.155","2375"
"893","274884","20220922235000","618","2","臺中市","西屯區","120.655","24.175","897"
"151","274885","20220922235000","685","0","臺中市","西屯區","120.660","24.175","148"
"1588","274889","20220922235000","993","3","臺中市","大肚區","120.580","24.110","1600"
"39","274891","20220922235000","355","0","臺中市","大肚區","120.570","24.115","38"
"161","274895","20220922235000","169","0","臺中市","大肚區","120.545","24.145","171"
"268","274897","20220922235000","1669","0","臺中市","大肚區","120.550","24.150","276"
"1397","274905","20220922235000","1021","2","臺中市","南區","120.650","24.115","1352"
"108","274907","20220922235000","449","0","臺中市","南區","120.650","24.120","125"
"1526","274908","20220922235000","1442","1","臺中市","南區","120.655","24.120","1492"
"1198","274910","20220922235000","1126","1","臺中市","南區","120.645","24.110","1199"
"2125","274911","20220922235000","1855","1","臺中市","南區","120.650","24.110","2147"
"1472","274912","20220922235000","1483","0","臺中市","南區","120.655","24.110","1517"
"794","274913","20220922235000","1319","0","臺中市","南區","120.670","24.115","759"
"496","274917","20220922235000","344","2","臺中市","龍井區","120.575","24.180","457"
"1522","274918","20220922235000","1204","2","臺中市","龍井區","120.580","24.180","1500"
"200","274921","20220922235000","210","0","臺中市","龍井區","120.580","24.185","221"
"231","274926","20220922235000","193","1","臺中市","新社區","120.815","24.180","211"
"10","274937","20220922235000","19","0","臺中市","新社區","120.880","24.105","10"
"78","274950","20220922235000","58","2","南投縣","國姓鄉","120.855","24.120","75"
"28","274969","20220922235000","25","1","臺中市","新社區","120.840","24.130","17"
"62","274972","20220922235000","35","3","臺中市","新社區","120.855","24.130","65"
"38","274982","20220922235000","37","1","臺中市","新社區","120.855","24.135","33"
"11","275017","20220922235000","95","0","臺中市","新社區","120.865","24.155","15"
"286","275027","20220922235000","121","3","臺中市","新社區","120.885","24.160","271"
"1484","275034","20220922235000","1852","0","臺中市","北區","120.675","24.165","1516"
"5101","275035","20220922235000","3751","2","臺中市","北區","120.680","24.165","5201"
"1636","275036","20220922235000","2232","0","臺中市","北區","120.675","24.170","1655"
"1236","275037","20220922235000","1131","1","臺中市","南區","120.655","24.115","1240"
"1637","275038","20220922235000","2869","0","臺中市","南區","120.660","24.115","1695"
"2912","275039","20220922235000","2415","2","臺中市","南區","120.665","24.120","2969"
"2522","275040","20220922235000","1915","2","臺中市","南區","120.670","24.120","2508"
"233","275041","20220922235000","944","0","臺中市","太平區","120.715","24.115","253"
"1341","275042","20220922235000","1289","1","臺中市","太平區","120.720","24.120","1338"
"3234","275043","20220922235000","4360","0","臺中市","西屯區","120.645","24.175","3396"
"3709","275044","20220922235000","3803","0","臺中市","西屯區","120.650","24.175","3733"
"479","275045","20220922235000","342","2","臺中市","西屯區","120.640","24.185","462"
"178","275048","20220922235000","125","2","臺中市","西屯區","120.625","24.155","168"
"500","275049","20220922235000","439","1","臺中市","西屯區","120.625","24.160","520"
"2275","275052","20220922235000","1969","1","臺中市","龍井區","120.585","24.180","2218"
"3049","275053","20220922235000","2756","1","臺中市","西屯區","120.590","24.185","3161"
"548","275054","20220922235000","596","0","臺中市","龍井區","120.585","24.185","522"
"1261","275055","20220922235000","2213","0","臺中市","龍井區","120.590","24.180","1252"
"655","275056","20220922235000","418","3","臺中市","西屯區","120.595","24.190","617"
"757","275061","20220922235000","900","0","臺中市","東區","120.710","24.145","880"
"1563","275062","20220922235000","1403","1","臺中市","東區","120.710","24.140","1556"
"297","275064","20220922235000","279","1","臺中市","大里區","120.695","24.100","282"
"444","275065","20220922235000","560","0","臺中市","大里區","120.700","24.100","437"
"1558","275066","20220922235000","1510","1","臺中市","大里區","120.685","24.110","1569"
"696","275067","20220922235000","456","3","臺中市","大里區","120.690","24.110","746"
"684","275069","20220922235000","545","2","臺中市","太平區","120.730","24.100","664"
"466","275075","20220922235000","602","0","臺中市","太平區","120.730","24.105","478"
"704","275076","20220922235000","470","2","臺中市","太平區","120.735","24.120","736"
"13","275081","20220922235000","13","1","臺中市","太平區","120.745","24.125","15"
"444","275082","20220922235000","286","3","臺中市","太平區","120.740","24.130","459"
"1794","275083","20220922235000","1375","2","臺中市","北區","120.680","24.155","1754"
"339","275084","20220922235000","339","1","臺中市","太平區","120.750","24.125","349"
"39","275090","20220922235000","40","0","臺中市","太平區","120.755","24.135","65"
"715","275099","20220922235000","507","2","臺中市","太平區","120.735","24.110","707"
"1135","275110","20220922235000","995","1","臺中市","西區","120.665","24.130","1154"
"1723","275111","20220922235000","1782","0","臺中市","東區","120.690","24.125","1600"
"961","275114","20220922235000","689","2","臺中市","西區","120.665","24.135","963"
"1807","275115","20220922235000","1904","0","臺中市","西區","120.670","24.140","1656"
"1513","275116","20220922235000","1017","2","臺中市","南區","120.655","24.130","1522"
"1346","275118","20220922235000","1759","0","臺中市","北區","120.695","24.155","1380"
"2249","275119","20220922235000","2056","1","臺中市","北區","120.695","24.160","2360"
"6212","275120","20220922235000","4031","3","臺中市","西區","120.660","24.135","6102"
"951","275121","20220922235000","982","0","臺中市","東區","120.685","24.130","927"
"2327","275122","20220922235000","1522","3","臺中市","南區","120.675","24.130","2336"
"2121","275123","20220922235000","2083","1","臺中市","南屯區","120.635","24.145","2182"
"3892","275124","20220922235000","2667","2","臺中市","南屯區","120.640","24.145","3553"
"2786","275125","20220922235000","2174","2","臺中市","西區","120.670","24.145","2864"
"2842","275126","20220922235000","3069","0","臺中市","北區","120.665","24.160","2778"
"959","275128","20220922235000","1765","0","臺中市","北區","120.675","24.160","969"
"1607","275129","20220922235000","1783","0","臺中市","北區","120.675","24.145","1698"
"2092","275130","20220922235000","1872","1","臺中市","北屯區","120.700","24.185","2089"
"748","275133","20220922235000","243","3","臺中市","北屯區","120.660","24.185","735"
"2202","275134","20220922235000","1587","2","臺中市","北屯區","120.660","24.180","2218"
"376","275137","20220922235000","299","2","臺中市","龍井區","120.565","24.175","375"
"4033","275141","20220922235000","4524","0","臺中市","南屯區","120.655","24.140","4120"
"292","275142","20220922235000","995","0","臺中市","西區","120.665","24.140","307"
"988","275143","20220922235000","724","2","臺中市","西屯區","120.625","24.185","914"
"2348","275144","20220922235000","2223","1","臺中市","西屯區","120.655","24.160","2314"
"1640","275145","20220922235000","1242","2","臺中市","西屯區","120.650","24.165","1595"
"4301","275146","20220922235000","3792","1","臺中市","西屯區","120.655","24.165","4302"
"79","275147","20220922235000","732","0","臺中市","烏日區","120.600","24.120","89"
"97","275154","20220922235000","544","0","臺中市","烏日區","120.605","24.125","125"
"152","275159","20220922235000","165","0","臺中市","南屯區","120.600","24.130","74"
"72","275166","20220922235000","69","1","臺中市","烏日區","120.590","24.110","62"
"2611","275167","20220922235000","1763","2","臺中市","烏日區","120.595","24.110","2631"
"1274","275174","20220922235000","867","2","臺中市","烏日區","120.615","24.105","1312"
"345","275175","20220922235000","258","2","臺中市","烏日區","120.615","24.110","382"
"411","275177","20220922235000","1247","0","臺中市","烏日區","120.625","24.110","427"
"1187","275179","20220922235000","2391","0","臺中市","北區","120.685","24.165","1161"
"414","275181","20220922235000","2250","0","臺中市","北屯區","120.725","24.160","670"
"571","275185","20220922235000","542","1","臺中市","北屯區","120.725","24.165","642"
"1743","275187","20220922235000","1512","1","臺中市","北屯區","120.735","24.165","1764"
"43","275188","20220922235000","55","0","臺中市","北屯區","120.740","24.165","46"
"608","275189","20220922235000","433","2","臺中市","北屯區","120.730","24.170","602"
"509","275192","20220922235000","770","0","臺中市","北屯區","120.735","24.175","513"
"619","275193","20220922235000","478","2","臺中市","北屯區","120.740","24.175","668"
"2670","275194","20220922235000","2588","1","臺中市","北區","120.670","24.170","2737"
"1060","275195","20220922235000","1059","1","臺中市","北屯區","120.690","24.170","1060"
"1258","275196","20220922235000","737","3","臺中市","北屯區","120.675","24.175","1284"
"5663","275197","20220922235000","4280","2","臺中市","北屯區","120.680","24.175","5549"
"3729","275198","20220922235000","3253","1","臺中市","北屯區","120.685","24.175","3562"
"3733","275199","20220922235000","4490","0","臺中市","南屯區","120.635","24.150","3828"
"1076","275200","20220922235000","916","1","臺中市","南屯區","120.640","24.150","1139"
"1681","275201","20220922235000","2300","0","臺中市","南屯區","120.635","24.155","1701"
"2335","275202","20220922235000","1612","2","臺中市","北屯區","120.685","24.190","2249"
"22","275203","20220922235000","64","0","臺中市","南屯區","120.620","24.115","25"
"2286","275204","20220922235000","1491","3","臺中市","南屯區","120.625","24.115","2269"
"363","275206","20220922235000","423","0","臺中市","南屯區","120.625","24.120","328"
"2968","275207","20220922235000","2876","1","臺中市","西屯區","120.650","24.180","2821"
"2559","275208","20220922235000","1871","2","臺中市","西屯區","120.635","24.185","2484"
"4657","275209","20220922235000","4776","0","臺中市","西屯區","120.645","24.180","4579"
"2354","275210","20220922235000","2241","1","臺中市","西屯區","120.640","24.180","2503"
"535","275211","20220922235000","328","3","臺中市","西屯區","120.655","24.185","545"
"1349","275212","20220922235000","898","3","臺中市","西屯區","120.660","24.165","1298"
"2766","275213","20220922235000","2203","2","臺中市","西屯區","120.650","24.160","2810"
"482","275214","20220922235000","490","0","臺中市","西屯區","120.665","24.170","469"
"578","275215","20220922235000","520","1","臺中市","大里區","120.710","24.110","526"
"362","275217","20220922235000","538","0","臺中市","太平區","120.710","24.115","390"
"145","275219","20220922235000","143","1","臺中市","太平區","120.710","24.120","138"
"762","275221","20220922235000","733","1","臺中市","太平區","120.705","24.125","723"
"580","275222","20220922235000","553","1","臺中市","太平區","120.710","24.125","577"
"1236","275223","20220922235000","1392","0","臺中市","太平區","120.715","24.125","1250"
"1610","275227","20220922235000","1208","2","臺中市","北屯區","120.670","24.180","1581"
"1049","275228","20220922235000","697","3","臺中市","北屯區","120.665","24.180","1022"
"171","275229","20220922235000","972","0","臺中市","北屯區","120.700","24.165","158"
"1819","275230","20220922235000","2537","0","臺中市","北屯區","120.700","24.170","1852"
"1238","275231","20220922235000","746","3","臺中市","北屯區","120.705","24.165","1213"
"1246","275232","20220922235000","829","3","臺中市","北屯區","120.675","24.180","1245"
"562","275233","20220922235000","395","2","臺中市","北屯區","120.675","24.185","583"
"3147","275234","20220922235000","2026","3","臺中市","北屯區","120.680","24.180","3155"
"2327","275235","20220922235000","1957","1","臺中市","北屯區","120.670","24.185","2335"
"1202","275237","20220922235000","520","3","臺中市","北屯區","120.675","24.190","1186"
"102","275238","20220922235000","788","0","臺中市","北屯區","120.680","24.185","96"
"3363","275239","20220922235000","3691","0","臺中市","北區","120.680","24.160","3323"
"2496","275240","20220922235000","2888","0","臺中市","南區","120.660","24.110","2478"
"2636","275241","20220922235000","2415","1","臺中市","南區","120.665","24.115","2671"
"2220","275242","20220922235000","2426","0","臺中市","南區","120.665","24.125","2156"
"1427","275243","20220922235000","1600","0","臺中市","南區","120.655","24.125","1471"
"1676","275245","20220922235000","1476","1","臺中市","南屯區","120.645","24.145","1605"
"3111","275246","20220922235000","3479","0","臺中市","西區","120.650","24.145","3025"
"90","275247","20220922235000","139","0","臺中市","南屯區","120.600","24.140","104"
"547","275249","20220922235000","418","2","臺中市","南屯區","120.610","24.140","566"
"420","275250","20220922235000","239","3","臺中市","南屯區","120.615","24.140","435"
"564","275251","20220922235000","335","3","臺中市","南屯區","120.600","24.145","536"
"1783","275252","20220922235000","1073","3","臺中市","南屯區","120.605","24.145","1764"
"1180","275253","20220922235000","705","3","臺中市","南屯區","120.610","24.145","1212"
"1045","275254","20220922235000","1245","0","臺中市","南屯區","120.615","24.145","1050"
"326","275255","20220922235000","339","0","臺中市","南屯區","120.620","24.145","333"
"36","275256","20220922235000","42","0","臺中市","南屯區","120.595","24.150","38"
"184","275257","20220922235000","122","3","臺中市","南屯區","120.600","24.150","181"
"11","275259","20220922235000","34","0","臺中市","南屯區","120.580","24.155","10"
"2837","275267","20220922235000","3199","0","臺中市","北屯區","120.690","24.185","2729"
"20","275268","20220922235000","29","0","臺中市","北屯區","120.690","24.190","23"
"481","275270","20220922235000","507","0","臺中市","大肚區","120.555","24.130","493"
"557","275272","20220922235000","531","1","臺中市","大肚區","120.555","24.135","554"
"587","275278","20220922235000","537","1","臺中市","南屯區","120.620","24.140","586"
"283","275280","20220922235000","265","1","臺中市","南屯區","120.625","24.145","284"
"459","275281","20220922235000","443","1","臺中市","南屯區","120.630","24.145","445"
"414","275284","20220922235000","452","0","臺中市","南屯區","120.610","24.130","446"
"591","275286","20220922235000","318","3","臺中市","南屯區","120.600","24.135","630"
"432","275288","20220922235000","427","1","臺中市","南屯區","120.610","24.135","386"
"217","275291","20220922235000","252","0","臺中市","南屯區","120.595","24.135","229"
"900","275293","20220922235000","864","1","臺中市","南屯區","120.605","24.135","896"
"2027","275294","20220922235000","1413","2","臺中市","南屯區","120.615","24.135","2040"
"71","275297","20220922235000","42","3","臺中市","南屯區","120.590","24.140","77"
"16","275300","20220922235000","17","0","臺中市","南屯區","120.580","24.145","18"
"436","275302","20220922235000","277","3","臺中市","南屯區","120.590","24.145","398"
"17","275303","20220922235000","61","0","臺中市","南屯區","120.595","24.145","22"
"157","275307","20220922235000","92","3","臺中市","南屯區","120.590","24.150","153"
"181","275309","20220922235000","242","0","臺中市","南屯區","120.630","24.115","173"
"112","275311","20220922235000","416","0","臺中市","南屯區","120.630","24.120","129"
"483","275312","20220922235000","395","2","臺中市","南屯區","120.635","24.120","499"
"148","275314","20220922235000","48","3","臺中市","南屯區","120.625","24.135","160"
"3067","275315","20220922235000","2335","2","臺中市","南屯區","120.630","24.135","2828"
"926","275316","20220922235000","708","2","臺中市","南屯區","120.630","24.140","966"
"3562","275317","20220922235000","2456","2","臺中市","南屯區","120.635","24.140","3627"
"1767","275318","20220922235000","1008","3","臺中市","南屯區","120.645","24.150","1626"
"2185","275319","20220922235000","1251","3","臺中市","南屯區","120.640","24.140","2165"
"2113","275320","20220922235000","2621","0","臺中市","南屯區","120.645","24.140","2181"
"551","275322","20220922235000","341","3","臺中市","南屯區","120.635","24.125","511"
"848","275325","20220922235000","504","3","臺中市","南屯區","120.635","24.130","728"
"2305","275326","20220922235000","1330","3","臺中市","南屯區","120.645","24.130","2284"
"1868","275328","20220922235000","813","3","臺中市","南屯區","120.640","24.135","1440"
"224","275329","20220922235000","573","0","臺中市","南屯區","120.640","24.130","189"
"90","275330","20220922235000","71","2","臺中市","南屯區","120.620","24.125","99"
"753","275332","20220922235000","368","3","臺中市","南屯區","120.630","24.125","660"
"158","275333","20220922235000","125","2","臺中市","南屯區","120.620","24.130","160"
"294","275336","20220922235000","128","3","臺中市","南屯區","120.640","24.125","253"
"420","275337","20220922235000","340","2","臺中市","南屯區","120.620","24.135","384"
"2077","275340","20220922235000","2349","0","臺中市","太平區","120.700","24.150","2015"
"1545","275341","20220922235000","1133","2","臺中市","北區","120.700","24.155","1598"
"2625","275343","20220922235000","2349","1","臺中市","北屯區","120.685","24.180","3118"
"1416","275344","20220922235000","1225","1","臺中市","北屯區","120.690","24.180","1446"
"202","275350","20220922235000","340","0","臺中市","北屯區","120.745","24.160","217"
"167","275354","20220922235000","149","1","臺中市","太平區","120.770","24.160","166"
"12","275362","20220922235000","10","2","臺中市","北屯區","120.745","24.170","12"
"247","275365","20220922235000","161","3","臺中市","北屯區","120.760","24.170","227"
"22","275380","20220922235000","222","0","臺中市","北屯區","120.775","24.175","25"
"108","275382","20220922235000","54","3","臺中市","北屯區","120.785","24.175","104"
"156","275386","20220922235000","117","2","臺中市","北屯區","120.750","24.180","159"
"944","275391","20220922235000","1309","0","臺中市","北屯區","120.710","24.160","991"
"318","275392","20220922235000","416","0","臺中市","北屯區","120.715","24.160","318"
"327","275393","20220922235000","444","0","臺中市","北屯區","120.710","24.165","352"
"1019","275394","20220922235000","668","3","臺中市","北屯區","120.715","24.165","990"
"737","275395","20220922235000","747","0","臺中市","北屯區","120.720","24.165","725"
"2043","275396","20220922235000","2000","1","臺中市","北屯區","120.710","24.170","2073"
"446","275397","20220922235000","497","0","臺中市","北屯區","120.715","24.170","388"
"1092","275398","20220922235000","1334","0","臺中市","北屯區","120.720","24.170","1134"
"78","275399","20220922235000","54","2","臺中市","大肚區","120.570","24.150","79"
"153","275400","20220922235000","140","1","臺中市","大肚區","120.570","24.155","138"
"1553","275403","20220922235000","1473","1","臺中市","大肚區","120.570","24.160","1526"
"62","275420","20220922235000","55","1","臺中市","大肚區","120.535","24.150","59"
"2835","275421","20220922235000","2543","1","臺中市","西區","120.655","24.155","2812"
"2339","275422","20220922235000","1950","1","臺中市","西區","120.660","24.155","2154"
"791","275423","20220922235000","795","0","臺中市","西區","120.660","24.160","784"
"190","275424","20220922235000","205","0","臺中市","大里區","120.675","24.100","222"
"524","275425","20220922235000","675","0","臺中市","大里區","120.680","24.100","386"
"504","275426","20220922235000","330","3","臺中市","大里區","120.680","24.105","466"
"1846","275427","20220922235000","971","3","臺中市","西區","120.680","24.135","1755"
"885","275428","20220922235000","1178","0","臺中市","中區","120.680","24.145","863"
"2996","275429","20220922235000","1408","3","臺中市","中區","120.680","24.140","2928"
"2622","275430","20220922235000","1744","3","臺中市","北屯區","120.680","24.170","2598"
"548","275431","20220922235000","1078","0","臺中市","北屯區","120.685","24.170","551"
"697","275432","20220922235000","1185","0","臺中市","北屯區","120.690","24.165","717"
"1131","275433","20220922235000","1370","0","臺中市","北屯區","120.695","24.170","1450"
"3924","275434","20220922235000","3629","1","臺中市","北屯區","120.695","24.175","3876"
"3095","275435","20220922235000","2826","1","臺中市","北屯區","120.690","24.175","2926"
"1671","275436","20220922235000","1465","1","臺中市","南屯區","120.630","24.150","1740"
"1011","275437","20220922235000","687","2","臺中市","南屯區","120.630","24.155","1074"
"606","275439","20220922235000","1381","0","臺中市","北屯區","120.710","24.175","633"
"436","275440","20220922235000","417","1","臺中市","北屯區","120.695","24.185","422"
"635","275442","20220922235000","699","0","臺中市","北屯區","120.710","24.180","659"
"309","275443","20220922235000","572","0","臺中市","北屯區","120.705","24.180","319"
"1251","275445","20220922235000","1170","1","臺中市","北屯區","120.705","24.185","1249"
"1912","275457","20220922235000","1490","2","臺中市","北區","120.670","24.160","1955"
"1550","275458","20220922235000","1191","2","臺中市","北區","120.685","24.155","1572"
"1486","275459","20220922235000","1104","2","臺中市","北屯區","120.700","24.175","1537"
"678","275461","20220922235000","393","3","臺中市","大里區","120.710","24.100","725"
"823","275462","20220922235000","772","1","臺中市","大里區","120.715","24.100","859"
"1655","275463","20220922235000","2230","0","臺中市","大里區","120.690","24.105","1705"
"589","275464","20220922235000","929","0","臺中市","大里區","120.695","24.105","605"
"785","275466","20220922235000","1116","0","臺中市","大里區","120.685","24.100","721"
"3937","275467","20220922235000","2844","2","臺中市","大里區","120.680","24.115","4053"
"567","275468","20220922235000","458","2","臺中市","大里區","120.685","24.115","466"
"1182","275469","20220922235000","1229","0","臺中市","南屯區","120.635","24.135","1189"
"64","275471","20220922235000","862","0","臺中市","大里區","120.695","24.110","72"
"2360","275477","20220922235000","1459","3","臺中市","太平區","120.715","24.155","2190"
"1535","275478","20220922235000","797","3","臺中市","北屯區","120.705","24.170","1510"
"407","275479","20220922235000","328","2","臺中市","北屯區","120.740","24.180","387"
"97","275480","20220922235000","293","0","臺中市","北屯區","120.745","24.180","90"
"11","275487","20220922235000","133","0","臺中市","北屯區","120.745","24.185","14"
"48","275492","20220922235000","42","1","臺中市","北屯區","120.770","24.185","46"
"16","275495","20220922235000","38","0","臺中市","北屯區","120.780","24.185","14"
"45","275502","20220922235000","95","0","臺中市","北屯區","120.765","24.185","62"
"1785","275504","20220922235000","2211","0","臺中市","北屯區","120.695","24.180","1769"
"2219","275505","20220922235000","1763","2","臺中市","西屯區","120.665","24.175","2272"
"750","275506","20220922235000","646","1","臺中市","西屯區","120.640","24.155","823"
"2379","275507","20220922235000","2643","0","臺中市","西屯區","120.645","24.155","2240"
"1175","275508","20220922235000","2498","0","臺中市","西屯區","120.640","24.160","1124"
"1596","275509","20220922235000","1303","2","臺中市","西屯區","120.645","24.160","1676"
"392","275510","20220922235000","1096","0","臺中市","西屯區","120.640","24.165","361"
"2067","275511","20220922235000","2163","0","臺中市","西屯區","120.645","24.165","2219"
"1594","275512","20220922235000","1288","2","臺中市","西屯區","120.650","24.170","1577"
"940","275513","20220922235000","651","2","臺中市","太平區","120.720","24.145","964"
"645","275515","20220922235000","625","1","臺中市","太平區","120.715","24.145","581"
"1814","275517","20220922235000","1682","1","臺中市","大里區","120.690","24.115","1780"
"670","275518","20220922235000","667","1","臺中市","大里區","120.690","24.120","640"
"901","275519","20220922235000","374","3","臺中市","東區","120.700","24.125","939"
"22","275662","20220922235000","21","1","臺中市","和平區","120.955","24.160","33"
"24","275685","20220922235000","73","0","臺中市","和平區","120.950","24.165","31"
"10","275716","20220922235000","77","0","臺中市","和平區","120.975","24.170","11"
"10","275771","20220922235000","119","0","臺中市","和平區","120.980","24.180","10"
"191","275829","20220922235000","139","2","臺中市","和平區","120.990","24.185","193"
"154","276007","20220922235000","118","2","臺中市","和平區","120.925","24.180","151"
"263","276027","20220922235000","1162","0","臺中市","北屯區","120.700","24.180","267"
"1770","276028","20220922235000","2245","0","臺中市","南區","120.680","24.130","1807"
"1616","276029","20220922235000","2279","0","臺中市","西屯區","120.620","24.180","1562"
"2080","276033","20220922235000","1692","2","臺中市","西屯區","120.650","24.185","2042"
"714","276037","20220922235000","595","2","臺中市","西屯區","120.635","24.160","720"
"1258","276039","20220922235000","1255","1","臺中市","西屯區","120.635","24.165","1346"
"336","276040","20220922235000","266","2","臺中市","西屯區","120.630","24.170","375"
"528","276041","20220922235000","748","0","臺中市","西屯區","120.635","24.170","525"
"2207","276043","20220922235000","1879","1","臺中市","太平區","120.715","24.140","2262"
"125","276044","20220922235000","1005","0","臺中市","太平區","120.720","24.155","138"
"2397","276045","20220922235000","2607","0","臺中市","西區","120.660","24.140","2418"
"2061","276046","20220922235000","2169","0","臺中市","西區","120.660","24.145","2004"
"1592","276048","20220922235000","1440","1","臺中市","南區","120.660","24.130","1633"
"67","276451","20220922235000","136","0","花蓮縣","秀林鄉","121.285","24.140","63"
"264","276521","20220922235000","208","2","花蓮縣","秀林鄉","121.635","24.140","244"
"156","276735","20220922235000","85","3","花蓮縣","秀林鄉","121.625","24.155","170"
"63","276803","20220922235000","42","3","花蓮縣","秀林鄉","121.620","24.160","57"
"47","276945","20220922235000","66","0","花蓮縣","秀林鄉","121.300","24.175","40"
"49","277000","20220922235000","56","0","花蓮縣","秀林鄉","121.570","24.175","55"
"268","277116","20220922235000","229","1","花蓮縣","秀林鄉","121.495","24.180","299"
"594","277183","20220922235000","408","2","花蓮縣","秀林鄉","121.655","24.125","601"
"57","277187","20220922235000","48","1","花蓮縣","秀林鄉","121.645","24.135","56"
"282","277214","20220922235000","237","1","花蓮縣","秀林鄉","121.650","24.155","286"
"140","277223","20220922235000","128","1","花蓮縣","秀林鄉","121.655","24.160","143"
"111","277237","20220922235000","86","2","花蓮縣","秀林鄉","121.655","24.170","121"
"2266","277409","20220922235000","3756","0","臺中市","西屯區","120.645","24.170","2324"
"624","277410","20220922235000","532","1","臺中市","太平區","120.730","24.155","615"
"253","277411","20220922235000","968","0","臺中市","太平區","120.735","24.155","265"
"22","277415","20220922235000","256","0","臺中市","大肚區","120.550","24.120","24"
"1073","277420","20220922235000","1007","1","臺中市","大肚區","120.570","24.120","1020"
"120","277421","20220922235000","759","0","臺中市","大肚區","120.575","24.120","138"
"487","277423","20220922235000","409","1","臺中市","大肚區","120.570","24.125","482"
"59","277425","20220922235000","420","0","臺中市","大肚區","120.580","24.125","61"
"12","277426","20220922235000","191","0","臺中市","大肚區","120.570","24.130","12"
"251","277434","20220922235000","242","1","臺中市","大肚區","120.585","24.135","203"
"2498","277437","20220922235000","2641","0","臺中市","大里區","120.705","24.105","2550"
"604","277439","20220922235000","569","1","臺中市","大里區","120.705","24.110","548"
"49","277440","20220922235000","512","0","臺中市","太平區","120.705","24.150","46"
"514","277441","20220922235000","919","0","臺中市","太平區","120.710","24.150","576"
"547","277442","20220922235000","401","2","臺中市","烏日區","120.625","24.100","465"
"804","277443","20220922235000","772","1","臺中市","烏日區","120.630","24.100","870"
"1514","277444","20220922235000","1076","2","臺中市","烏日區","120.620","24.105","1520"
"706","277445","20220922235000","461","3","臺中市","烏日區","120.625","24.105","742"
"110","277450","20220922235000","60","3","臺中市","西屯區","120.595","24.165","111"
"237","277451","20220922235000","215","1","臺中市","西屯區","120.600","24.165","240"
"152","277452","20220922235000","207","0","臺中市","西屯區","120.605","24.165","161"
"368","277453","20220922235000","355","1","臺中市","西屯區","120.610","24.165","318"
"517","277457","20220922235000","518","0","臺中市","西屯區","120.590","24.170","521"
"87","277458","20220922235000","45","3","臺中市","西屯區","120.595","24.170","70"
"48","277460","20220922235000","40","2","臺中市","西屯區","120.605","24.170","56"
"299","277461","20220922235000","446","0","臺中市","西屯區","120.610","24.170","333"
"119","277462","20220922235000","202","0","臺中市","西屯區","120.615","24.170","124"
"737","277463","20220922235000","564","2","臺中市","西屯區","120.620","24.170","696"
"93","277467","20220922235000","95","0","臺中市","西屯區","120.605","24.175","101"
"639","277468","20220922235000","439","2","臺中市","西屯區","120.595","24.175","675"
"482","277471","20220922235000","322","2","臺中市","西屯區","120.620","24.175","489"
"1332","277473","20220922235000","1667","0","臺中市","西屯區","120.595","24.180","1292"
"598","277474","20220922235000","155","3","臺中市","西屯區","120.595","24.185","548"
"756","277475","20220922235000","716","1","臺中市","西屯區","120.600","24.175","740"
"2266","277477","20220922235000","2401","0","臺中市","太平區","120.720","24.130","2222"
"25","277478","20220922235000","279","0","臺中市","太平區","120.710","24.130","30"
"121","277480","20220922235000","1194","0","臺中市","太平區","120.715","24.135","127"
"2286","277481","20220922235000","1706","2","臺中市","太平區","120.730","24.150","2345"
"51","277483","20220922235000","256","0","臺中市","大肚區","120.575","24.170","36"
"673","277484","20220922235000","1028","0","臺中市","大肚區","120.580","24.170","665"
"1982","277487","20220922235000","2120","0","臺中市","大肚區","120.545","24.155","2005"
"103","277488","20220922235000","690","0","臺中市","大肚區","120.540","24.160","111"
"783","277489","20220922235000","730","1","臺中市","大肚區","120.545","24.160","773"
"348","277492","20220922235000","220","3","臺中市","大肚區","120.535","24.165","343"
"657","277493","20220922235000","1241","0","臺中市","大里區","120.690","24.100","670"
"491","277496","20220922235000","392","2","臺中市","太平區","120.735","24.105","516"
"1058","277503","20220922235000","975","1","臺中市","太平區","120.730","24.140","997"
"1410","277504","20220922235000","1240","1","臺中市","太平區","120.735","24.140","1397"
"21","277507","20220922235000","28","0","臺中市","太平區","120.730","24.145","34"
"637","277508","20220922235000","1403","0","臺中市","太平區","120.735","24.145","659"
"1650","277520","20220922235000","1519","1","臺中市","太平區","120.740","24.155","1617"
"255","277531","20220922235000","979","0","臺中市","太平區","120.730","24.125","289"
"148","277532","20220922235000","258","0","臺中市","太平區","120.725","24.130","156"
"1426","277533","20220922235000","1498","0","臺中市","東區","120.690","24.130","1359"
"1028","277534","20220922235000","1059","0","臺中市","東區","120.690","24.140","1068"
"2118","277535","20220922235000","1544","2","臺中市","中區","120.685","24.140","2167"
"30","277537","20220922235000","255","0","臺中市","太平區","120.735","24.130","25"
"774","277538","20220922235000","1056","0","臺中市","太平區","120.720","24.100","749"
"784","277540","20220922235000","569","2","臺中市","太平區","120.720","24.105","835"
"997","277541","20220922235000","1032","0","臺中市","太平區","120.725","24.140","1015"
"504","277542","20220922235000","514","0","臺中市","太平區","120.730","24.135","458"
"1069","277544","20220922235000","929","1","臺中市","龍井區","120.540","24.175","1126"
"741","277557","20220922235000","463","3","臺中市","大肚區","120.560","24.125","764"
"156","277558","20220922235000","577","0","臺中市","大肚區","120.565","24.125","151"
"809","277564","20220922235000","940","0","臺中市","龍井區","120.575","24.175","821"
"228","277565","20220922235000","567","0","臺中市","龍井區","120.580","24.175","220"
"701","277566","20220922235000","661","1","臺中市","太平區","120.725","24.145","747"
"888","277567","20220922235000","771","1","臺中市","太平區","120.720","24.125","814"
"22","277587","20220922235000","22","1","臺中市","東勢區","120.855","24.175","24"
"98","277597","20220922235000","81","2","臺中市","東勢區","120.840","24.185","92"
"13","277611","20220922235000","12","1","臺中市","東勢區","120.865","24.185","10"
"758","277614","20220922235000","896","0","臺中市","太平區","120.710","24.135","762"
"1707","277615","20220922235000","1631","1","臺中市","東區","120.705","24.140","1693"
"1548","277617","20220922235000","1365","1","臺中市","東區","120.695","24.150","1548"
"335","277618","20220922235000","2086","0","臺中市","太平區","120.705","24.155","349"
"876","277619","20220922235000","854","1","臺中市","太平區","120.705","24.160","866"
"2050","277620","20220922235000","1054","3","臺中市","太平區","120.710","24.155","2030"
"1874","277621","20220922235000","1523","2","臺中市","東區","120.690","24.135","1849"
"659","277622","20220922235000","655","1","臺中市","東區","120.690","24.145","664"
"2310","277623","20220922235000","1673","2","臺中市","東區","120.700","24.140","2226"
"2013","277624","20220922235000","1926","1","臺中市","北區","120.675","24.155","2051"
"1814","277625","20220922235000","1823","0","臺中市","西區","120.660","24.150","1832"
"2081","277626","20220922235000","1921","1","臺中市","西區","120.665","24.155","2293"
"29","277630","20220922235000","497","0","臺中市","龍井區","120.550","24.185","39"
"208","277637","20220922235000","199","1","臺中市","烏日區","120.650","24.105","196"
"973","277638","20220922235000","1024","0","臺中市","烏日區","120.655","24.105","935"
"3787","277639","20220922235000","3164","1","臺中市","西屯區","120.640","24.170","3666"
"1150","277640","20220922235000","1749","0","臺中市","西屯區","120.655","24.170","1096"
"4210","277641","20220922235000","3971","1","臺中市","西屯區","120.660","24.170","4190"
"1839","277642","20220922235000","2361","0","臺中市","太平區","120.720","24.150","1779"
"327","277643","20220922235000","303","1","臺中市","太平區","120.725","24.150","308"
"1799","277644","20220922235000","1803","0","臺中市","太平區","120.725","24.155","1675"
"1299","277646","20220922235000","699","3","臺中市","烏日區","120.605","24.105","1163"
"513","277647","20220922235000","313","3","臺中市","烏日區","120.610","24.105","567"
"75","277648","20220922235000","59","2","臺中市","烏日區","120.600","24.110","79"
"1327","277649","20220922235000","1748","0","臺中市","烏日區","120.605","24.110","1340"
"22","277650","20220922235000","17","2","臺中市","烏日區","120.610","24.110","21"
"425","277652","20220922235000","431","0","臺中市","烏日區","120.605","24.115","394"
"323","277653","20220922235000","198","3","臺中市","烏日區","120.610","24.115","354"
"351","277655","20220922235000","206","3","臺中市","烏日區","120.595","24.120","387"
"342","277656","20220922235000","1169","0","臺中市","烏日區","120.635","24.110","343"
"1277","277657","20220922235000","1198","1","臺中市","烏日區","120.640","24.110","1229"
"2527","277661","20220922235000","1464","3","臺中市","西區","120.665","24.150","2699"
"256","277662","20220922235000","433","0","臺中市","西區","120.670","24.150","220"
"1688","277663","20220922235000","2875","0","臺中市","西區","120.675","24.135","1682"
"2132","277664","20220922235000","2010","1","臺中市","西區","120.665","24.145","2096"
"176","277681","20220922235000","162","1","花蓮縣","秀林鄉","121.630","24.115","183"
"103","277712","20220922235000","87","1","花蓮縣","秀林鄉","121.630","24.125","84"
"296","277713","20220922235000","255","1","花蓮縣","秀林鄉","121.635","24.125","286"
"230","277756","20220922235000","215","1","花蓮縣","新城鄉","121.615","24.100","244"
"155","277759","20220922235000","132","1","花蓮縣","新城鄉","121.620","24.105","162"
"315","277766","20220922235000","269","1","花蓮縣","新城鄉","121.640","24.115","354"
"55","277799","20220922235000","68","0","花蓮縣","新城鄉","121.650","24.125","55"
"149","277805","20220922235000","157","0","花蓮縣","新城鄉","121.645","24.130","186"
"30","277807","20220922235000","39","0","彰化縣","彰化市","120.545","24.100","27"
"1312","277812","20220922235000","1103","1","彰化縣","和美鎮","120.495","24.115","1329"
"339","277817","20220922235000","264","2","彰化縣","彰化市","120.560","24.105","346"
"377","277821","20220922235000","160","3","彰化縣","和美鎮","120.505","24.140","339"
"1163","277830","20220922235000","1389","0","彰化縣","和美鎮","120.500","24.105","1177"
"1976","277831","20220922235000","1685","1","彰化縣","和美鎮","120.495","24.110","2044"
"1850","277832","20220922235000","1686","1","彰化縣","和美鎮","120.500","24.110","1810"
"106","277834","20220922235000","1160","0","彰化縣","伸港鄉","120.480","24.140","105"
"112","277848","20220922235000","98","1","南投縣","國姓鄉","120.895","24.110","97"
"19","277865","20220922235000","18","1","南投縣","國姓鄉","120.850","24.105","23"
"57","277866","20220922235000","35","3","南投縣","國姓鄉","120.855","24.105","54"
"729","277889","20220922235000","609","1","彰化縣","和美鎮","120.490","24.110","645"
"177","277890","20220922235000","204","0","彰化縣","和美鎮","120.490","24.115","174"
"217","277892","20220922235000","258","0","彰化縣","和美鎮","120.515","24.125","226"
"39","277895","20220922235000","35","1","彰化縣","和美鎮","120.520","24.130","51"
"399","277898","20220922235000","317","2","彰化縣","和美鎮","120.515","24.135","340"
"429","277902","20220922235000","417","1","彰化縣","和美鎮","120.500","24.130","467"
"20","277906","20220922235000","22","0","彰化縣","和美鎮","120.505","24.135","40"
"25","277907","20220922235000","16","3","彰化縣","和美鎮","120.510","24.135","23"
"1706","277912","20220922235000","1352","2","彰化縣","和美鎮","120.490","24.120","1781"
"729","277913","20220922235000","658","1","彰化縣","和美鎮","120.495","24.120","609"
"81","277919","20220922235000","173","0","彰化縣","伸港鄉","120.510","24.160","108"
"66","277922","20220922235000","47","2","彰化縣","伸港鄉","120.510","24.165","73"
"137","277925","20220922235000","628","0","彰化縣","伸港鄉","120.505","24.170","159"
"230","277926","20220922235000","137","3","彰化縣","伸港鄉","120.510","24.170","184"
"402","277931","20220922235000","184","3","彰化縣","伸港鄉","120.505","24.180","338"
"903","277935","20220922235000","503","3","彰化縣","彰化市","120.575","24.100","887"
"50","277953","20220922235000","878","0","彰化縣","和美鎮","120.530","24.110","54"
"21","277963","20220922235000","14","3","彰化縣","和美鎮","120.535","24.105","16"
"53","277967","20220922235000","587","0","彰化縣","和美鎮","120.545","24.110","64"
"18","277968","20220922235000","32","0","彰化縣","和美鎮","120.540","24.115","20"
"36","277971","20220922235000","42","0","彰化縣","和美鎮","120.530","24.100","42"
"1406","277975","20220922235000","1189","1","彰化縣","和美鎮","120.525","24.115","1440"
"34","277978","20220922235000","13","3","彰化縣","和美鎮","120.485","24.135","18"
"172","277979","20220922235000","195","0","彰化縣","和美鎮","120.485","24.140","152"
"692","277980","20220922235000","2369","0","彰化縣","伸港鄉","120.485","24.145","721"
"320","277982","20220922235000","720","0","彰化縣","伸港鄉","120.490","24.150","353"
"315","277984","20220922235000","181","3","彰化縣","伸港鄉","120.470","24.145","311"
"76","277985","20220922235000","361","0","彰化縣","伸港鄉","120.475","24.145","102"
"222","277994","20220922235000","799","0","彰化縣","伸港鄉","120.500","24.140","234"
"201","277998","20220922235000","301","0","彰化縣","伸港鄉","120.480","24.155","193"
"937","278002","20220922235000","910","1","彰化縣","和美鎮","120.490","24.105","907"
"48","278003","20220922235000","110","0","彰化縣","和美鎮","120.490","24.125","63"
"665","278011","20220922235000","548","2","彰化縣","和美鎮","120.515","24.105","603"
"676","278012","20220922235000","580","1","彰化縣","和美鎮","120.510","24.110","661"
"202","278018","20220922235000","501","0","彰化縣","和美鎮","120.510","24.150","208"
"53","278026","20220922235000","577","0","彰化縣","線西鄉","120.455","24.145","59"
"219","278032","20220922235000","96","3","彰化縣","伸港鄉","120.450","24.155","234"
"1330","278037","20220922235000","1418","0","彰化縣","和美鎮","120.500","24.115","1323"
"1107","278047","20220922235000","586","3","彰化縣","和美鎮","120.490","24.130","1143"
"1155","278050","20220922235000","612","3","彰化縣","和美鎮","120.490","24.100","1108"
"1976","278052","20220922235000","713","3","彰化縣","和美鎮","120.515","24.100","2076"
"902","278053","20220922235000","562","3","彰化縣","和美鎮","120.520","24.100","814"
"156","278058","20220922235000","125","2","彰化縣","和美鎮","120.485","24.100","154"
"498","278060","20220922235000","553","0","彰化縣","和美鎮","120.485","24.110","516"
"128","278065","20220922235000","217","0","彰化縣","伸港鄉","120.475","24.155","137"
"42","278066","20220922235000","12","3","彰化縣","伸港鄉","120.470","24.160","44"
"14","278084","20220922235000","10","2","彰化縣","伸港鄉","120.485","24.180","11"
"1181","278099","20220922235000","1226","0","彰化縣","和美鎮","120.530","24.105","1157"
"510","278100","20220922235000","463","1","彰化縣","和美鎮","120.515","24.120","524"
"189","278175","20220922235000","182","1","南投縣","仁愛鄉","121.190","24.145","164"
"315","278457","20220922235000","296","1","南投縣","仁愛鄉","121.205","24.110","366"
"26","278506","20220922235000","103","0","南投縣","仁愛鄉","121.270","24.140","39"
"13","278518","20220922235000","34","0","南投縣","仁愛鄉","121.285","24.160","30"
"130","278973","20220922235000","115","1","南投縣","仁愛鄉","121.185","24.120","137"
"234","279090","20220922235000","278","0","南投縣","仁愛鄉","121.170","24.155","240"
"66","279213","20220922235000","78","0","南投縣","仁愛鄉","121.200","24.180","69"
"163","279218","20220922235000","189","0","南投縣","仁愛鄉","121.225","24.180","186"
"445","279255","20220922235000","1889","0","彰化縣","伸港鄉","120.485","24.160","468"
"341","279258","20220922235000","809","0","彰化縣","伸港鄉","120.495","24.160","380"
"34","279282","20220922235000","26","2","彰化縣","線西鄉","120.420","24.130","41"
"67","279286","20220922235000","478","0","彰化縣","和美鎮","120.480","24.105","51"
"28","279292","20220922235000","409","0","彰化縣","鹿港鎮","120.460","24.105","42"
"23","279293","20220922235000","476","0","彰化縣","鹿港鎮","120.465","24.105","24"
"844","279295","20220922235000","350","3","彰化縣","鹿港鎮","120.465","24.110","832"
"697","279296","20220922235000","235","3","彰化縣","鹿港鎮","120.460","24.115","641"
"2108","279303","20220922235000","1429","2","彰化縣","線西鄉","120.465","24.130","1989"
"74","279311","20220922235000","241","0","彰化縣","線西鄉","120.435","24.140","61"
"1264","279350","20220922235000","458","3","彰化縣","鹿港鎮","120.450","24.115","1178"
"474","279359","20220922235000","158","3","彰化縣","鹿港鎮","120.455","24.120","448"
"77","279366","20220922235000","56","2","彰化縣","線西鄉","120.460","24.130","56"
"453","279368","20220922235000","381","1","彰化縣","線西鄉","120.430","24.130","472"
"410","279371","20220922235000","221","3","彰化縣","線西鄉","120.425","24.135","357"
"29","279375","20220922235000","426","0","彰化縣","線西鄉","120.470","24.135","38"
"171","279379","20220922235000","99","3","彰化縣","線西鄉","120.440","24.150","171"
"181","279387","20220922235000","167","1","彰化縣","線西鄉","120.445","24.150","202"
"535","279389","20220922235000","392","2","彰化縣","線西鄉","120.480","24.115","428"
"266","279392","20220922235000","230","1","彰化縣","和美鎮","120.485","24.120","274"
"396","279396","20220922235000","441","0","彰化縣","線西鄉","120.480","24.125","358"
"636","279398","20220922235000","440","2","彰化縣","線西鄉","120.470","24.130","756"
"21","285400","20220922235000","18","1","臺中市","清水區","120.555","24.270","19"
"283","285401","20220922235000","247","1","臺中市","清水區","120.560","24.270","240"
"2452","285403","20220922235000","2214","1","臺中市","清水區","120.550","24.275","2482"
"702","285405","20220922235000","677","1","臺中市","清水區","120.540","24.275","677"
"167","285406","20220922235000","930","0","臺中市","北屯區","120.665","24.195","185"
"926","285409","20220922235000","638","2","臺中市","北屯區","120.680","24.195","901"
"736","285410","20220922235000","523","2","臺中市","北屯區","120.665","24.200","719"
"561","285412","20220922235000","514","1","臺中市","北屯區","120.675","24.200","653"
"522","285413","20220922235000","468","1","臺中市","北屯區","120.680","24.200","550"
"527","285414","20220922235000","498","1","臺中市","北屯區","120.685","24.200","550"
"56","285415","20220922235000","26","3","臺中市","北屯區","120.665","24.190","45"
"1648","285416","20220922235000","870","3","臺中市","北屯區","120.670","24.190","1700"
"13","285418","20220922235000","855","0","臺中市","沙鹿區","120.560","24.240","13"
"1916","285419","20220922235000","2426","0","臺中市","沙鹿區","120.565","24.240","1969"
"62","285422","20220922235000","67","0","臺中市","沙鹿區","120.565","24.245","56"
"375","285423","20220922235000","666","0","臺中市","沙鹿區","120.570","24.245","395"
"412","285425","20220922235000","447","0","臺中市","沙鹿區","120.560","24.250","376"
"498","285428","20220922235000","470","1","臺中市","沙鹿區","120.565","24.255","532"
"1729","285431","20220922235000","830","3","臺中市","清水區","120.575","24.275","1796"
"1442","285434","20220922235000","1275","1","臺中市","潭子區","120.715","24.205","1195"
"553","285437","20220922235000","366","3","臺中市","潭子區","120.700","24.200","462"
"687","285439","20220922235000","603","1","臺中市","潭子區","120.700","24.205","720"
"670","285440","20220922235000","651","1","臺中市","潭子區","120.700","24.210","618"
"1689","285441","20220922235000","1756","0","臺中市","潭子區","120.705","24.210","1703"
"727","285442","20220922235000","1382","0","臺中市","潭子區","120.700","24.215","696"
"124","285443","20220922235000","168","0","臺中市","潭子區","120.710","24.195","132"
"88","285444","20220922235000","88","1","臺中市","潭子區","120.705","24.200","71"
"790","285445","20220922235000","690","1","臺中市","潭子區","120.710","24.200","696"
"1298","285446","20220922235000","1673","0","臺中市","潭子區","120.705","24.205","1405"
"3240","285447","20220922235000","2605","2","臺中市","潭子區","120.710","24.205","3396"
"408","285453","20220922235000","260","3","臺中市","潭子區","120.720","24.195","400"
"412","285454","20220922235000","339","2","臺中市","潭子區","120.725","24.195","341"
"619","285459","20220922235000","480","2","臺中市","潭子區","120.725","24.200","660"
"1099","285460","20220922235000","1135","0","臺中市","潭子區","120.730","24.200","1109"
"57","285468","20220922235000","55","1","臺中市","潭子區","120.745","24.210","55"
"4392","285469","20220922235000","3520","2","臺中市","北屯區","120.705","24.190","4358"
"87","285470","20220922235000","81","1","臺中市","北屯區","120.705","24.195","78"
"108","285471","20220922235000","156","0","臺中市","西屯區","120.645","24.190","104"
"432","285472","20220922235000","328","2","臺中市","大雅區","120.615","24.235","444"
"675","285473","20220922235000","451","2","臺中市","沙鹿區","120.610","24.240","679"
"80","285474","20220922235000","582","0","臺中市","沙鹿區","120.615","24.240","95"
"10","285488","20220922235000","106","0","臺中市","沙鹿區","120.575","24.240","14"
"410","285500","20220922235000","427","0","臺中市","沙鹿區","120.560","24.225","435"
"1087","285503","20220922235000","1288","0","臺中市","沙鹿區","120.565","24.225","1153"
"111","285504","20220922235000","447","0","臺中市","神岡區","120.655","24.250","130"
"25","285507","20220922235000","24","1","臺中市","神岡區","120.660","24.255","13"
"38","285509","20220922235000","375","0","臺中市","神岡區","120.675","24.260","36"
"744","285515","20220922235000","624","1","臺中市","神岡區","120.680","24.265","733"
"76","285519","20220922235000","823","0","臺中市","神岡區","120.655","24.275","72"
"696","285522","20220922235000","2015","0","臺中市","豐原區","120.705","24.240","681"
"895","285523","20220922235000","726","2","臺中市","豐原區","120.700","24.245","821"
"891","285524","20220922235000","1273","0","臺中市","豐原區","120.705","24.245","931"
"323","285525","20220922235000","289","1","臺中市","龍井區","120.560","24.190","348"
"498","285526","20220922235000","332","3","臺中市","龍井區","120.535","24.195","531"
"44","285527","20220922235000","34","2","臺中市","龍井區","120.540","24.195","38"
"534","285528","20220922235000","528","1","臺中市","龍井區","120.545","24.195","541"
"783","285531","20220922235000","660","1","臺中市","龍井區","120.560","24.195","727"
"680","285533","20220922235000","767","0","臺中市","龍井區","120.545","24.200","680"
"394","285536","20220922235000","376","1","臺中市","龍井區","120.560","24.200","344"
"593","285538","20220922235000","540","1","臺中市","潭子區","120.705","24.215","630"
"51","285539","20220922235000","34","3","臺中市","潭子區","120.700","24.220","38"
"854","285540","20220922235000","756","1","臺中市","潭子區","120.705","24.220","855"
"1420","285541","20220922235000","1411","1","臺中市","潭子區","120.705","24.225","1502"
"416","285542","20220922235000","507","0","臺中市","龍井區","120.590","24.190","427"
"210","285544","20220922235000","165","2","臺中市","西屯區","120.605","24.190","221"
"857","285547","20220922235000","654","2","臺中市","神岡區","120.690","24.265","900"
"228","285549","20220922235000","113","3","臺中市","神岡區","120.685","24.270","231"
"205","285551","20220922235000","102","3","臺中市","神岡區","120.675","24.275","209"
"360","285553","20220922235000","347","1","臺中市","神岡區","120.685","24.275","373"
"406","285559","20220922235000","253","3","臺中市","神岡區","120.690","24.275","402"
"965","285561","20220922235000","748","2","臺中市","神岡區","120.680","24.240","909"
"575","285565","20220922235000","504","1","臺中市","神岡區","120.680","24.245","564"
"38","285567","20220922235000","611","0","臺中市","神岡區","120.675","24.250","47"
"1449","285568","20220922235000","1385","1","臺中市","神岡區","120.685","24.245","1498"
"77","285569","20220922235000","61","2","臺中市","神岡區","120.680","24.250","68"
"46","285570","20220922235000","464","0","臺中市","神岡區","120.685","24.250","50"
"112","285571","20220922235000","100","1","臺中市","神岡區","120.690","24.250","116"
"342","285573","20220922235000","302","1","臺中市","神岡區","120.685","24.255","356"
"150","285574","20220922235000","115","2","臺中市","神岡區","120.690","24.255","140"
"2005","285581","20220922235000","1676","1","臺中市","沙鹿區","120.555","24.230","1992"
"1008","285582","20220922235000","1075","0","臺中市","沙鹿區","120.555","24.235","1050"
"102","285584","20220922235000","192","0","臺中市","沙鹿區","120.580","24.250","128"
"313","285593","20220922235000","320","0","臺中市","沙鹿區","120.600","24.255","340"
"416","285599","20220922235000","366","1","臺中市","沙鹿區","120.600","24.260","438"
"395","285602","20220922235000","124","3","臺中市","沙鹿區","120.585","24.265","405"
"484","285607","20220922235000","345","2","臺中市","大雅區","120.655","24.210","439"
"249","285613","20220922235000","507","0","臺中市","大雅區","120.665","24.220","400"
"61","285618","20220922235000","469","0","臺中市","新社區","120.805","24.250","54"
"474","285621","20220922235000","290","3","臺中市","新社區","120.805","24.255","483"
"134","285626","20220922235000","87","3","臺中市","梧棲區","120.515","24.260","117"
"656","285627","20220922235000","135","3","臺中市","梧棲區","120.520","24.260","289"
"61","285630","20220922235000","131","0","臺中市","梧棲區","120.515","24.270","82"
"1141","285634","20220922235000","1293","0","臺中市","梧棲區","120.535","24.255","1188"
"1085","285635","20220922235000","733","2","臺中市","梧棲區","120.550","24.255","1204"
"617","285637","20220922235000","891","0","臺中市","梧棲區","120.560","24.255","660"
"1331","285638","20220922235000","1120","1","臺中市","梧棲區","120.540","24.260","1388"
"533","285642","20220922235000","655","0","臺中市","梧棲區","120.555","24.240","553"
"2085","285644","20220922235000","1409","2","臺中市","梧棲區","120.545","24.245","2305"
"566","285646","20220922235000","1255","0","臺中市","神岡區","120.695","24.245","503"
"681","285648","20220922235000","674","1","臺中市","神岡區","120.695","24.255","664"
"90","285657","20220922235000","78","1","臺中市","梧棲區(海)","120.490","24.255","75"
"10","285659","20220922235000","25","0","臺中市","梧棲區(海)","120.500","24.255","11"
"174","285667","20220922235000","166","1","臺中市","梧棲區(海)","120.500","24.265","163"
"66","285671","20220922235000","78","0","臺中市","梧棲區(海)","120.500","24.270","63"
"41","285677","20220922235000","48","0","臺中市","梧棲區(海)","120.505","24.275","48"
"18","285681","20220922235000","109","0","臺中市","梧棲區","120.525","24.260","24"
"89","285682","20220922235000","118","0","臺中市","梧棲區","120.530","24.260","96"
"269","285683","20220922235000","263","1","臺中市","北屯區","120.790","24.205","246"
"368","285685","20220922235000","243","3","臺中市","新社區","120.805","24.190","361"
"152","285695","20220922235000","167","0","臺中市","新社區","120.815","24.200","140"
"136","285697","20220922235000","155","0","臺中市","新社區","120.805","24.205","115"
"159","285701","20220922235000","123","2","臺中市","新社區","120.805","24.210","184"
"258","285707","20220922235000","288","0","臺中市","新社區","120.800","24.220","204"
"210","285713","20220922235000","122","3","臺中市","新社區","120.795","24.235","176"
"39","285717","20220922235000","353","0","臺中市","新社區","120.795","24.230","22"
"124","285720","20220922235000","105","1","臺中市","新社區","120.780","24.230","146"
"65","285727","20220922235000","433","0","臺中市","新社區","120.785","24.235","67"
"1151","285738","20220922235000","953","2","臺中市","神岡區","120.700","24.250","1212"
"767","285742","20220922235000","496","3","臺中市","神岡區","120.645","24.250","792"
"142","285745","20220922235000","142","1","臺中市","神岡區","120.645","24.255","116"
"108","285747","20220922235000","84","2","臺中市","神岡區","120.635","24.260","124"
"645","285750","20220922235000","1412","0","臺中市","豐原區","120.710","24.245","678"
"1363","285752","20220922235000","745","3","臺中市","豐原區","120.720","24.260","1306"
"3228","285754","20220922235000","2946","1","臺中市","豐原區","120.720","24.265","3223"
"371","285758","20220922235000","323","1","臺中市","豐原區","120.715","24.275","337"
"810","285759","20220922235000","294","3","臺中市","豐原區","120.720","24.275","746"
"207","285761","20220922235000","207","1","臺中市","豐原區","120.720","24.280","220"
"982","285764","20220922235000","1246","0","臺中市","梧棲區","120.545","24.240","1061"
"1061","285765","20220922235000","1267","0","臺中市","梧棲區","120.540","24.245","975"
"361","285766","20220922235000","282","2","臺中市","梧棲區","120.520","24.255","362"
"810","285767","20220922235000","888","0","臺中市","梧棲區","120.525","24.255","802"
"238","285773","20220922235000","195","2","臺中市","新社區","120.810","24.225","205"
"478","285777","20220922235000","415","1","臺中市","新社區","120.805","24.230","539"
"2753","285782","20220922235000","1648","3","臺中市","豐原區","120.725","24.255","2813"
"662","285783","20220922235000","727","0","臺中市","豐原區","120.705","24.250","669"
"714","285785","20220922235000","555","2","臺中市","豐原區","120.720","24.240","742"
"1606","285787","20220922235000","1517","1","臺中市","豐原區","120.715","24.235","1708"
"1791","285788","20220922235000","1550","1","臺中市","豐原區","120.720","24.235","1910"
"792","285789","20220922235000","785","1","臺中市","豐原區","120.725","24.235","760"
"3259","285791","20220922235000","1806","3","臺中市","豐原區","120.715","24.245","3152"
"152","285792","20220922235000","120","2","臺中市","豐原區","120.710","24.240","100"
"97","285793","20220922235000","77","2","臺中市","豐原區","120.725","24.250","88"
"571","285796","20220922235000","376","3","臺中市","豐原區","120.740","24.240","520"
"759","285799","20220922235000","1155","0","臺中市","豐原區","120.730","24.245","738"
"945","285800","20220922235000","628","3","臺中市","豐原區","120.735","24.245","1001"
"306","285803","20220922235000","633","0","臺中市","豐原區","120.730","24.250","196"
"990","285804","20220922235000","691","2","臺中市","豐原區","120.735","24.250","944"
"1074","285805","20220922235000","977","1","臺中市","豐原區","120.740","24.250","992"
"34","285806","20220922235000","704","0","臺中市","龍井區","120.525","24.210","45"
"273","285812","20220922235000","376","0","臺中市","龍井區","120.515","24.215","306"
"525","285819","20220922235000","352","2","臺中市","龍井區","120.510","24.220","530"
"614","285821","20220922235000","365","3","臺中市","龍井區","120.520","24.220","623"
"2296","285822","20220922235000","1072","3","臺中市","龍井區","120.525","24.220","2320"
"252","285849","20220922235000","865","0","臺中市","新社區","120.805","24.240","267"
"269","285852","20220922235000","152","3","臺中市","新社區","120.820","24.205","278"
"24","285859","20220922235000","156","0","臺中市","新社區","120.795","24.210","20"
"607","285862","20220922235000","337","3","臺中市","新社區","120.780","24.215","638"
"249","285867","20220922235000","230","1","臺中市","新社區","120.775","24.220","232"
"125","285871","20220922235000","114","1","臺中市","新社區","120.775","24.225","107"
"124","285886","20220922235000","79","3","臺中市","梧棲區","120.515","24.225","124"
"93","285894","20220922235000","141","0","臺中市","清水區","120.635","24.265","76"
"801","285910","20220922235000","774","1","臺中市","梧棲區","120.535","24.250","828"
"34","285912","20220922235000","455","0","臺中市","梧棲區","120.545","24.250","56"
"459","285914","20220922235000","508","0","臺中市","梧棲區","120.540","24.255","379"
"293","285916","20220922235000","288","1","臺中市","豐原區","120.700","24.230","274"
"327","285918","20220922235000","379","0","臺中市","豐原區","120.705","24.235","342"
"290","285919","20220922235000","226","2","臺中市","豐原區","120.700","24.235","330"
"432","285920","20220922235000","420","1","臺中市","豐原區","120.700","24.240","368"
"57","285921","20220922235000","41","2","臺中市","豐原區","120.760","24.235","53"
"26","285923","20220922235000","45","0","臺中市","豐原區","120.755","24.240","31"
"25","285925","20220922235000","24","1","臺中市","豐原區","120.765","24.240","21"
"73","285927","20220922235000","79","0","臺中市","豐原區","120.750","24.245","70"
"82","285933","20220922235000","391","0","臺中市","豐原區","120.745","24.250","92"
"100","285937","20220922235000","75","2","臺中市","豐原區","120.765","24.250","118"
"11","285943","20220922235000","11","1","臺中市","豐原區","120.765","24.255","12"
"229","285948","20220922235000","158","2","臺中市","石岡區","120.770","24.260","248"
"47","285949","20220922235000","51","0","臺中市","豐原區","120.760","24.265","44"
"174","285953","20220922235000","83","3","臺中市","石岡區","120.765","24.270","104"
"1142","285954","20220922235000","762","2","臺中市","豐原區","120.730","24.255","1149"
"394","285955","20220922235000","414","0","臺中市","豐原區","120.735","24.255","392"
"1311","285956","20220922235000","965","2","臺中市","豐原區","120.745","24.255","1288"
"73","285957","20220922235000","289","0","臺中市","豐原區","120.740","24.260","89"
"525","285958","20220922235000","297","3","臺中市","豐原區","120.745","24.260","550"
"33","285959","20220922235000","371","0","臺中市","豐原區","120.750","24.260","36"
"217","285960","20220922235000","250","0","臺中市","豐原區","120.755","24.265","255"
"2636","285962","20220922235000","2629","1","臺中市","豐原區","120.725","24.240","2760"
"1554","285963","20220922235000","1854","0","臺中市","豐原區","120.730","24.240","1572"
"74","285964","20220922235000","99","0","臺中市","龍井區","120.580","24.190","66"
"67","285965","20220922235000","64","1","臺中市","龍井區","120.585","24.190","57"
"28","285980","20220922235000","487","0","臺中市","沙鹿區","120.570","24.225","36"
"2672","285981","20220922235000","2184","2","臺中市","沙鹿區","120.570","24.230","2466"
"603","285983","20220922235000","1373","0","臺中市","沙鹿區","120.565","24.215","513"
"2286","285984","20220922235000","1712","2","臺中市","沙鹿區","120.555","24.220","2357"
"319","285985","20220922235000","268","1","臺中市","沙鹿區","120.560","24.220","296"
"124","285990","20220922235000","436","0","臺中市","沙鹿區","120.575","24.200","120"
"2152","285991","20220922235000","1572","2","臺中市","沙鹿區","120.580","24.200","2152"
"558","285994","20220922235000","517","1","臺中市","沙鹿區","120.570","24.205","498"
"11","285998","20220922235000","55","0","臺中市","沙鹿區","120.570","24.210","11"
"621","285999","20220922235000","695","0","臺中市","沙鹿區","120.575","24.210","617"
"170","286001","20220922235000","144","1","臺中市","沙鹿區","120.560","24.235","171"
"587","286002","20220922235000","578","1","臺中市","豐原區","120.710","24.250","538"
"2370","286003","20220922235000","1945","2","臺中市","豐原區","120.715","24.250","2428"
"465","286005","20220922235000","507","0","臺中市","豐原區","120.725","24.225","484"
"361","286006","20220922235000","348","1","臺中市","豐原區","120.730","24.225","360"
"619","286008","20220922235000","456","2","臺中市","豐原區","120.725","24.230","636"
"258","286010","20220922235000","240","1","臺中市","豐原區","120.735","24.230","296"
"483","286012","20220922235000","501","0","臺中市","豐原區","120.730","24.230","436"
"1152","286014","20220922235000","1059","1","臺中市","北屯區","120.660","24.190","1165"
"1799","286023","20220922235000","675","3","臺中市","龍井區","120.520","24.205","1761"
"877","286024","20220922235000","221","3","臺中市","龍井區","120.525","24.205","886"
"1115","286027","20220922235000","347","3","臺中市","龍井區","120.505","24.210","1107"
"159","286031","20220922235000","110","2","臺中市","龍井區","120.545","24.205","153"
"1455","286036","20220922235000","1476","0","臺中市","龍井區","120.550","24.210","1461"
"468","286039","20220922235000","415","1","臺中市","龍井區","120.545","24.215","423"
"391","286043","20220922235000","229","3","臺中市","東勢區","120.830","24.235","380"
"547","286047","20220922235000","398","2","臺中市","東勢區","120.830","24.240","517"
"1025","286051","20220922235000","1370","0","臺中市","東勢區","120.830","24.245","1029"
"315","286052","20220922235000","200","3","臺中市","東勢區","120.835","24.245","282"
"70","286053","20220922235000","624","0","臺中市","東勢區","120.840","24.245","72"
"844","286054","20220922235000","667","2","臺中市","東勢區","120.825","24.255","866"
"80","286060","20220922235000","65","2","臺中市","東勢區","120.845","24.275","80"
"159","286071","20220922235000","125","2","臺中市","清水區","120.580","24.270","147"
"1773","286072","20220922235000","1400","2","臺中市","北屯區","120.685","24.185","1827"
"43","286075","20220922235000","296","0","臺中市","北屯區","120.690","24.195","45"
"2163","286078","20220922235000","1458","2","臺中市","豐原區","120.720","24.250","2081"
"3545","286079","20220922235000","3399","1","臺中市","梧棲區","120.535","24.260","3498"
"516","286081","20220922235000","579","0","臺中市","梧棲區","120.530","24.265","486"
"1030","286084","20220922235000","886","1","臺中市","梧棲區","120.530","24.270","1053"
"46","286088","20220922235000","709","0","臺中市","沙鹿區","120.565","24.200","48"
"429","286090","20220922235000","275","3","臺中市","沙鹿區","120.560","24.205","422"
"38","286091","20220922235000","574","0","臺中市","沙鹿區","120.565","24.205","34"
"58","286092","20220922235000","599","0","臺中市","沙鹿區","120.555","24.210","70"
"32","286093","20220922235000","313","0","臺中市","沙鹿區","120.560","24.210","32"
"233","286094","20220922235000","229","1","臺中市","沙鹿區","120.565","24.210","229"
"131","286095","20220922235000","138","0","臺中市","沙鹿區","120.555","24.215","113"
"255","286097","20220922235000","224","1","臺中市","沙鹿區","120.605","24.240","213"
"338","286098","20220922235000","337","1","臺中市","沙鹿區","120.605","24.245","350"
"861","286099","20220922235000","569","3","臺中市","沙鹿區","120.610","24.245","934"
"418","286100","20220922235000","251","3","臺中市","沙鹿區","120.600","24.250","439"
"318","286105","20220922235000","294","1","臺中市","北屯區","120.685","24.195","263"
"387","286108","20220922235000","303","2","臺中市","北屯區","120.750","24.190","355"
"11","286112","20220922235000","89","0","臺中市","北屯區","120.745","24.195","10"
"138","286113","20220922235000","124","1","臺中市","北屯區","120.750","24.195","138"
"37","286118","20220922235000","38","0","臺中市","北屯區","120.745","24.200","42"
"17","286121","20220922235000","27","0","臺中市","北屯區","120.760","24.200","20"
"1906","286135","20220922235000","985","3","臺中市","北屯區","120.680","24.190","1898"
"792","286137","20220922235000","699","1","臺中市","清水區","120.545","24.265","829"
"781","286140","20220922235000","869","0","臺中市","清水區","120.545","24.270","820"
"522","286141","20220922235000","596","0","臺中市","清水區","120.550","24.270","521"
"1396","286147","20220922235000","2140","0","臺中市","潭子區","120.710","24.215","1375"
"21","286149","20220922235000","338","0","臺中市","潭子區","120.710","24.220","24"
"541","286153","20220922235000","554","0","臺中市","豐原區","120.720","24.230","452"
"342","286156","20220922235000","407","0","臺中市","潭子區","120.680","24.225","347"
"915","286159","20220922235000","669","2","臺中市","潭子區","120.685","24.230","953"
"1714","286161","20220922235000","1316","2","臺中市","潭子區","120.690","24.225","1659"
"232","286162","20220922235000","332","0","臺中市","潭子區","120.695","24.225","208"
"397","286167","20220922235000","403","0","臺中市","梧棲區","120.525","24.225","440"
"42","286169","20220922235000","324","0","臺中市","梧棲區","120.510","24.230","48"
"73","286173","20220922235000","82","0","臺中市","梧棲區","120.505","24.235","81"
"990","286177","20220922235000","1262","0","臺中市","梧棲區","120.525","24.235","973"
"19","286179","20220922235000","19","1","臺中市","梧棲區","120.505","24.240","13"
"187","286180","20220922235000","188","0","臺中市","梧棲區","120.510","24.240","199"
"78","286181","20220922235000","102","0","臺中市","梧棲區","120.515","24.240","79"
"362","286183","20220922235000","521","0","臺中市","梧棲區","120.525","24.240","812"
"83","286186","20220922235000","59","2","臺中市","梧棲區","120.510","24.245","60"
"217","286187","20220922235000","259","0","臺中市","梧棲區","120.515","24.245","211"
"1004","286190","20220922235000","1188","0","臺中市","梧棲區","120.530","24.245","1112"
"216","286195","20220922235000","230","0","臺中市","梧棲區","120.525","24.250","247"
"374","286199","20220922235000","251","2","臺中市","沙鹿區","120.580","24.220","370"
"1871","286203","20220922235000","1901","0","臺中市","沙鹿區","120.575","24.225","1887"
"743","286204","20220922235000","860","0","臺中市","沙鹿區","120.580","24.225","708"
"507","286205","20220922235000","642","0","臺中市","沙鹿區","120.585","24.225","478"
"595","286208","20220922235000","518","1","臺中市","沙鹿區","120.575","24.230","611"
"329","286209","20220922235000","509","0","臺中市","沙鹿區","120.580","24.230","320"
"69","286215","20220922235000","761","0","臺中市","沙鹿區","120.550","24.225","64"
"18","286221","20220922235000","16","1","臺中市","北屯區","120.770","24.195","25"
"24","286224","20220922235000","240","0","臺中市","北屯區","120.780","24.195","18"
"929","286244","20220922235000","1372","0","臺中市","大雅區","120.650","24.225","946"
"139","286246","20220922235000","111","2","臺中市","大雅區","120.605","24.225","94"
"142","286248","20220922235000","114","2","臺中市","大雅區","120.615","24.225","150"
"429","286260","20220922235000","382","1","臺中市","大雅區","120.620","24.235","440"
"1487","286262","20220922235000","1134","2","臺中市","大雅區","120.645","24.215","1511"
"476","286263","20220922235000","346","2","臺中市","大雅區","120.645","24.220","433"
"712","286264","20220922235000","734","0","臺中市","大雅區","120.645","24.225","728"
"509","286266","20220922235000","300","3","臺中市","大雅區","120.635","24.205","512"
"29","286267","20220922235000","285","0","臺中市","大雅區","120.640","24.205","35"
"2057","286269","20220922235000","1359","3","臺中市","大雅區","120.615","24.210","1948"
"424","286270","20220922235000","264","3","臺中市","大雅區","120.620","24.210","504"
"802","286272","20220922235000","656","2","臺中市","大雅區","120.630","24.210","833"
"324","286273","20220922235000","269","2","臺中市","大雅區","120.635","24.210","323"
"241","286276","20220922235000","201","1","臺中市","大雅區","120.605","24.215","247"
"489","286279","20220922235000","723","0","臺中市","大雅區","120.620","24.215","521"
"860","286281","20220922235000","570","3","臺中市","大雅區","120.635","24.215","808"
"79","286282","20220922235000","75","1","臺中市","大雅區","120.600","24.220","82"
"76","286284","20220922235000","92","0","臺中市","大雅區","120.610","24.220","84"
"270","286285","20220922235000","143","3","臺中市","大雅區","120.615","24.220","294"
"709","286287","20220922235000","417","3","臺中市","大雅區","120.640","24.220","720"
"221","286288","20220922235000","179","2","臺中市","大雅區","120.630","24.215","223"
"42","286289","20220922235000","67","0","臺中市","大雅區","120.625","24.220","34"
"618","286292","20220922235000","545","1","臺中市","大雅區","120.625","24.225","645"
"962","286293","20220922235000","1018","0","臺中市","大雅區","120.630","24.225","1001"
"530","286296","20220922235000","359","2","臺中市","大雅區","120.620","24.230","509"
"280","286300","20220922235000","164","3","臺中市","大雅區","120.625","24.230","262"
"502","286302","20220922235000","442","1","臺中市","潭子區","120.670","24.205","446"
"86","286305","20220922235000","97","0","臺中市","大雅區","120.670","24.215","120"
"467","286306","20220922235000","292","3","臺中市","大雅區","120.675","24.215","640"
"606","286307","20220922235000","795","0","臺中市","大雅區","120.670","24.220","760"
"665","286318","20220922235000","424","3","臺中市","東勢區","120.835","24.220","663"
"56","286321","20220922235000","475","0","臺中市","東勢區","120.825","24.270","63"
"293","286323","20220922235000","192","3","臺中市","東勢區","120.820","24.275","296"
"340","286344","20220922235000","376","0","臺中市","東勢區","120.850","24.260","353"
"385","286375","20220922235000","154","3","臺中市","沙鹿區","120.590","24.230","405"
"452","286377","20220922235000","635","0","臺中市","沙鹿區","120.565","24.235","449"
"2766","286384","20220922235000","2966","0","臺中市","沙鹿區","120.570","24.240","2901"
"716","286386","20220922235000","825","0","臺中市","東勢區","120.830","24.255","712"
"51","286388","20220922235000","707","0","臺中市","東勢區","120.825","24.250","45"
"266","286389","20220922235000","399","0","臺中市","梧棲區","120.530","24.230","273"
"749","286392","20220922235000","790","0","臺中市","梧棲區","120.545","24.230","763"
"1224","286398","20220922235000","1097","1","臺中市","豐原區","120.715","24.255","1298"
"152","286399","20220922235000","1215","0","臺中市","豐原區","120.720","24.255","166"
"1882","286400","20220922235000","659","3","臺中市","豐原區","120.735","24.270","1888"
"68","286406","20220922235000","346","0","臺中市","豐原區","120.745","24.275","69"
"566","286408","20220922235000","320","3","臺中市","豐原區","120.755","24.275","643"
"650","286413","20220922235000","614","1","臺中市","東勢區","120.760","24.280","549"
"357","286418","20220922235000","156","3","臺中市","豐原區","120.725","24.275","358"
"623","286422","20220922235000","137","3","臺中市","豐原區","120.735","24.280","613"
"160","286436","20220922235000","142","1","臺中市","豐原區","120.760","24.230","167"
"179","286446","20220922235000","167","1","臺中市","豐原區","120.740","24.235","176"
"211","286447","20220922235000","144","2","臺中市","豐原區","120.745","24.235","207"
"191","286461","20220922235000","1532","0","臺中市","龍井區","120.520","24.195","190"
"1314","286465","20220922235000","355","3","臺中市","龍井區","120.500","24.200","1330"
"603","286475","20220922235000","219","3","臺中市","龍井區","120.510","24.200","576"
"89","286482","20220922235000","303","0","臺中市","龍井區","120.515","24.205","75"
"26","286485","20220922235000","254","0","臺中市","石岡區","120.770","24.280","33"
"1277","286486","20220922235000","935","2","臺中市","石岡區","120.775","24.275","1307"
"118","286489","20220922235000","449","0","臺中市","石岡區","120.795","24.270","95"
"110","286497","20220922235000","84","2","臺中市","石岡區","120.775","24.255","112"
"23","286500","20220922235000","20","1","臺中市","石岡區","120.775","24.260","22"
"23","286510","20220922235000","140","0","臺中市","石岡區","120.770","24.275","23"
"184","286511","20220922235000","111","3","臺中市","新社區","120.795","24.245","177"
"10","286515","20220922235000","76","0","臺中市","石岡區","120.790","24.255","13"
"37","286517","20220922235000","206","0","臺中市","石岡區","120.785","24.260","52"
"440","286522","20220922235000","372","1","臺中市","潭子區","120.695","24.230","447"
"45","286525","20220922235000","440","0","臺中市","神岡區","120.695","24.235","57"
"549","286526","20220922235000","368","2","臺中市","神岡區","120.690","24.240","571"
"100","286528","20220922235000","469","0","臺中市","豐原區","120.740","24.265","106"
"2704","286530","20220922235000","2488","1","臺中市","清水區","120.570","24.265","2736"
"446","286531","20220922235000","338","2","臺中市","清水區","120.570","24.270","408"
"667","286535","20220922235000","471","2","臺中市","清水區","120.630","24.275","679"
"171","286541","20220922235000","132","2","臺中市","清水區","120.565","24.275","176"
"340","286544","20220922235000","160","3","臺中市","西屯區","120.640","24.190","320"
"382","286547","20220922235000","382","1","臺中市","西屯區","120.645","24.195","366"
"569","286549","20220922235000","363","3","臺中市","西屯區","120.645","24.200","612"
"69","286550","20220922235000","364","0","臺中市","西屯區","120.650","24.200","63"
"16","286551","20220922235000","42","0","臺中市","西屯區","120.650","24.205","25"
"57","286554","20220922235000","483","0","臺中市","神岡區","120.670","24.255","65"
"1262","286555","20220922235000","855","2","臺中市","神岡區","120.675","24.255","1255"
"1846","286556","20220922235000","733","3","臺中市","神岡區","120.665","24.260","1807"
"18","286558","20220922235000","149","0","臺中市","神岡區","120.655","24.265","23"
"411","286561","20220922235000","280","2","臺中市","神岡區","120.665","24.270","386"
"140","286563","20220922235000","46","3","臺中市","神岡區","120.665","24.275","127"
"260","286566","20220922235000","321","0","臺中市","神岡區","120.645","24.265","252"
"18","286569","20220922235000","93","0","臺中市","神岡區","120.650","24.270","27"
"635","286570","20220922235000","356","3","臺中市","神岡區","120.655","24.270","640"
"43","286572","20220922235000","490","0","臺中市","神岡區","120.650","24.275","40"
"670","286574","20220922235000","496","2","臺中市","神岡區","120.660","24.275","692"
"150","286598","20220922235000","80","3","臺中市","和平區","120.895","24.230","174"
"36","286652","20220922235000","31","1","臺中市","和平區","120.905","24.240","41"
"162","286658","20220922235000","84","3","臺中市","和平區","120.935","24.240","130"
"99","286690","20220922235000","68","2","臺中市","和平區","120.900","24.250","118"
"67","286794","20220922235000","42","3","臺中市","和平區","121.015","24.195","46"
"275","286822","20220922235000","139","3","臺中市","和平區","121.005","24.200","353"
"330","286823","20220922235000","252","2","臺中市","和平區","121.010","24.200","337"
"191","286853","20220922235000","186","1","臺中市","和平區","121.015","24.205","144"
"17","286950","20220922235000","12","2","臺中市","和平區","120.965","24.225","17"
"94","287119","20220922235000","88","1","臺中市","和平區","121.010","24.255","130"
"22","287154","20220922235000","17","2","臺中市","和平區","121.000","24.265","33"
"22","287173","20220922235000","17","2","臺中市","和平區","121.015","24.270","37"
"180","287678","20220922235000","160","1","臺中市","和平區","121.245","24.245","153"
"177","287725","20220922235000","116","3","臺中市","和平區","121.245","24.250","233"
"171","287726","20220922235000","161","1","臺中市","和平區","121.250","24.250","177"
"33","287756","20220922235000","32","1","臺中市","和平區","121.165","24.255","42"
"15","287766","20220922235000","22","0","臺中市","和平區","121.215","24.255","15"
"167","287770","20220922235000","165","1","臺中市","和平區","121.235","24.255","155"
"291","287774","20220922235000","260","1","臺中市","和平區","121.255","24.255","293"
"142","287776","20220922235000","153","0","臺中市","和平區","121.265","24.255","132"
"10","287809","20220922235000","11","0","臺中市","和平區","121.190","24.260","11"
"410","287823","20220922235000","400","1","臺中市","和平區","121.260","24.260","395"
"56","288103","20220922235000","41","2","臺中市","和平區","120.890","24.275","55"
"12","288133","20220922235000","12","1","臺中市","和平區","120.945","24.280","11"
"25","288159","20220922235000","20","2","臺中市","和平區","121.025","24.280","21"
"774","288160","20220922235000","851","0","臺中市","清水區","120.555","24.260","879"
"42","288161","20220922235000","788","0","臺中市","清水區","120.560","24.260","53"
"1166","288163","20220922235000","1125","1","臺中市","清水區","120.550","24.265","1120"
"525","288166","20220922235000","1235","0","臺中市","清水區","120.565","24.265","550"
"1387","288169","20220922235000","1044","2","臺中市","清水區","120.560","24.275","1419"
"318","288179","20220922235000","347","0","臺中市","清水區","120.605","24.275","302"
"98","288182","20220922235000","141","0","臺中市","清水區","120.600","24.275","95"
"84","288184","20220922235000","74","1","臺中市","清水區","120.610","24.275","81"
"175","288192","20220922235000","146","1","臺中市","潭子區","120.725","24.215","195"
"284","288194","20220922235000","269","1","臺中市","潭子區","120.735","24.215","264"
"474","288198","20220922235000","489","0","臺中市","潭子區","120.720","24.220","398"
"1502","288207","20220922235000","1386","1","臺中市","潭子區","120.680","24.205","1354"
"63","288208","20220922235000","51","2","臺中市","潭子區","120.685","24.205","48"
"589","288209","20220922235000","514","1","臺中市","北屯區","120.690","24.205","513"
"163","288212","20220922235000","94","3","臺中市","潭子區","120.690","24.210","140"
"884","288215","20220922235000","688","2","臺中市","潭子區","120.685","24.215","944"
"1244","288216","20220922235000","1377","0","臺中市","潭子區","120.690","24.215","1278"
"495","288219","20220922235000","443","1","臺中市","潭子區","120.690","24.220","434"
"1737","288223","20220922235000","1441","2","臺中市","潭子區","120.710","24.230","1760"
"288","288224","20220922235000","293","0","臺中市","豐原區","120.715","24.230","304"
"879","288225","20220922235000","665","2","臺中市","潭子區","120.705","24.230","881"
"2868","288228","20220922235000","1442","3","臺中市","神岡區","120.660","24.260","2881"
"976","288232","20220922235000","927","1","臺中市","神岡區","120.700","24.265","966"
"1300","288240","20220922235000","1208","1","臺中市","神岡區","120.710","24.255","1323"
"637","288242","20220922235000","487","2","臺中市","神岡區","120.705","24.260","626"
"156","288243","20220922235000","1292","0","臺中市","神岡區","120.710","24.260","158"
"670","288247","20220922235000","611","1","臺中市","神岡區","120.705","24.275","690"
"521","288250","20220922235000","418","2","臺中市","神岡區","120.710","24.275","491"
"122","288252","20220922235000","127","0","臺中市","西屯區","120.605","24.195","140"
"128","288253","20220922235000","143","0","臺中市","西屯區","120.610","24.195","149"
"33","288259","20220922235000","33","1","臺中市","西屯區","120.600","24.200","38"
"55","288260","20220922235000","31","3","臺中市","西屯區","120.605","24.200","44"
"21","288261","20220922235000","38","0","臺中市","西屯區","120.610","24.200","30"
"641","288262","20220922235000","716","0","臺中市","西屯區","120.615","24.200","633"
"68","288264","20220922235000","442","0","臺中市","西屯區","120.625","24.200","77"
"549","288265","20220922235000","452","2","臺中市","西屯區","120.630","24.200","570"
"32","288267","20220922235000","29","1","臺中市","西屯區","120.595","24.205","28"
"762","288268","20220922235000","462","3","臺中市","西屯區","120.600","24.205","705"
"214","288269","20220922235000","267","0","臺中市","西屯區","120.605","24.205","244"
"216","288270","20220922235000","218","0","臺中市","西屯區","120.610","24.205","188"
"597","288271","20220922235000","651","0","臺中市","西屯區","120.615","24.205","595"
"820","288272","20220922235000","767","1","臺中市","西屯區","120.620","24.205","794"
"173","288276","20220922235000","192","0","臺中市","西屯區","120.605","24.210","198"
"1243","288277","20220922235000","1315","0","臺中市","西屯區","120.610","24.210","1154"
"3942","288279","20220922235000","3694","1","臺中市","西屯區","120.610","24.190","3956"
"247","288281","20220922235000","166","2","臺中市","西屯區","120.625","24.190","264"
"103","288284","20220922235000","26","3","臺中市","西屯區","120.595","24.195","92"
"143","288287","20220922235000","92","3","臺中市","西屯區","120.655","24.190","176"
"596","288289","20220922235000","409","2","臺中市","西屯區","120.655","24.195","618"
"1341","288290","20220922235000","1202","1","臺中市","西屯區","120.660","24.195","1239"
"474","288291","20220922235000","330","2","臺中市","西屯區","120.655","24.200","471"
"215","288294","20220922235000","207","1","臺中市","西屯區","120.660","24.205","229"
"534","288298","20220922235000","462","1","臺中市","東勢區","120.850","24.240","528"
"362","288299","20220922235000","201","3","臺中市","東勢區","120.845","24.245","349"
"417","288302","20220922235000","578","0","臺中市","東勢區","120.825","24.260","454"
"1132","288304","20220922235000","965","1","臺中市","東勢區","120.825","24.265","1052"
"30","288312","20220922235000","183","0","臺中市","東勢區","120.835","24.230","31"
"32","288317","20220922235000","338","0","臺中市","東勢區","120.840","24.235","33"
"83","288339","20220922235000","30","3","臺中市","東勢區","120.875","24.215","71"
"806","288395","20220922235000","551","2","臺中市","沙鹿區","120.560","24.230","824"
"1000","288396","20220922235000","1275","0","臺中市","潭子區","120.710","24.235","919"
"295","288397","20220922235000","1182","0","臺中市","豐原區","120.715","24.240","330"
"851","288401","20220922235000","1112","0","臺中市","清水區","120.570","24.260","834"
"15","288402","20220922235000","87","0","臺中市","清水區","120.575","24.270","16"
"1881","288403","20220922235000","2072","0","臺中市","清水區","120.580","24.275","1867"
"327","288407","20220922235000","1326","0","臺中市","潭子區","120.700","24.190","339"
"92","288459","20220922235000","79","1","花蓮縣","秀林鄉","121.715","24.245","96"
"92","288610","20220922235000","47","3","花蓮縣","秀林鄉","121.740","24.260","93"
"20","288819","20220922235000","43","0","花蓮縣","秀林鄉","121.485","24.190","22"
"11","288869","20220922235000","18","0","花蓮縣","秀林鄉","121.430","24.195","11"
"37","288993","20220922235000","31","1","花蓮縣","秀林鄉","121.480","24.205","32"
"21","289039","20220922235000","16","2","花蓮縣","秀林鄉","121.450","24.210","19"
"1341","289851","20220922235000","1509","0","臺中市","大雅區","120.650","24.220","1353"
"697","289852","20220922235000","1088","0","臺中市","大雅區","120.655","24.220","633"
"372","289853","20220922235000","327","1","臺中市","大雅區","120.660","24.220","472"
"3969","289854","20220922235000","3013","2","臺中市","大雅區","120.655","24.225","3958"
"1058","289860","20220922235000","998","1","臺中市","大雅區","120.635","24.235","1044"
"1349","289863","20220922235000","1102","2","臺中市","大雅區","120.630","24.240","1314"
"313","289868","20220922235000","276","1","臺中市","大雅區","120.635","24.245","323"
"1894","289875","20220922235000","1402","2","臺中市","大雅區","120.645","24.230","1718"
"945","289879","20220922235000","740","2","臺中市","大雅區","120.655","24.230","980"
"659","289882","20220922235000","579","1","臺中市","大雅區","120.655","24.235","592"
"267","289884","20220922235000","204","2","臺中市","大雅區","120.645","24.240","271"
"1198","289886","20220922235000","731","3","臺中市","大雅區","120.655","24.240","1228"
"322","289893","20220922235000","330","0","臺中市","豐原區","120.735","24.260","329"
"1084","289895","20220922235000","536","3","臺中市","豐原區","120.750","24.265","1108"
"142","289907","20220922235000","125","1","臺中市","新社區","120.815","24.240","127"
"50","289909","20220922235000","494","0","臺中市","豐原區","120.720","24.245","54"
"1273","289910","20220922235000","1029","2","臺中市","豐原區","120.725","24.245","1257"
"538","289912","20220922235000","454","1","臺中市","大雅區","120.670","24.225","446"
"647","289916","20220922235000","1345","0","臺中市","大雅區","120.650","24.230","583"
"37","289918","20220922235000","269","0","臺中市","大雅區","120.645","24.210","42"
"882","289919","20220922235000","779","1","臺中市","大雅區","120.650","24.210","877"
"310","289920","20220922235000","451","0","臺中市","大雅區","120.650","24.215","279"
"147","289921","20220922235000","989","0","臺中市","大雅區","120.660","24.230","169"
"555","289922","20220922235000","637","0","臺中市","大雅區","120.665","24.230","535"
"1809","289923","20220922235000","1708","1","臺中市","大雅區","120.670","24.230","1855"
"277","289927","20220922235000","584","0","臺中市","大雅區","120.675","24.240","316"
"1219","289928","20220922235000","818","2","臺中市","東勢區","120.830","24.250","1248"
"734","289929","20220922235000","688","1","臺中市","東勢區","120.835","24.250","749"
"402","289937","20220922235000","545","0","臺中市","石岡區","120.785","24.275","387"
"893","289944","20220922235000","598","2","臺中市","石岡區","120.815","24.260","902"
"92","289946","20220922235000","246","0","臺中市","石岡區","120.805","24.265","100"
"49","289955","20220922235000","284","0","臺中市","石岡區","120.795","24.275","41"
"298","289964","20220922235000","199","2","臺中市","龍井區","120.480","24.210","251"
"214","289976","20220922235000","111","3","臺中市","龍井區","120.485","24.220","232"
"106","289982","20220922235000","125","0","臺中市","龍井區","120.490","24.225","99"
"446","289983","20220922235000","276","3","臺中市","龍井區","120.495","24.225","451"
"46","289992","20220922235000","86","0","臺中市","龍井區","120.490","24.230","50"
"772","289996","20220922235000","918","0","臺中市","沙鹿區","120.580","24.210","762"
"137","289999","20220922235000","1084","0","臺中市","沙鹿區","120.575","24.215","153"
"490","290000","20220922235000","521","0","臺中市","沙鹿區","120.580","24.215","481"
"266","290001","20220922235000","247","1","臺中市","沙鹿區","120.585","24.215","250"
"991","290004","20220922235000","1034","0","臺中市","沙鹿區","120.570","24.220","1067"
"492","290005","20220922235000","369","2","臺中市","沙鹿區","120.575","24.220","413"
"38","290008","20220922235000","39","0","臺中市","東勢區","120.840","24.190","41"
"65","290010","20220922235000","49","2","臺中市","東勢區","120.835","24.195","64"
"449","290015","20220922235000","308","2","臺中市","東勢區","120.840","24.200","458"
"187","290025","20220922235000","171","1","臺中市","東勢區","120.840","24.210","194"
"10","290037","20220922235000","335","0","臺中市","東勢區","120.850","24.195","24"
"806","290046","20220922235000","875","0","臺中市","龍井區","120.545","24.190","795"
"169","290051","20220922235000","181","0","臺中市","潭子區","120.695","24.195","206"
"2050","290052","20220922235000","1880","1","臺中市","潭子區","120.700","24.195","2302"
"11","290171","20220922235000","12","0","南投縣","仁愛鄉","121.290","24.225","17"
"93","290182","20220922235000","96","0","南投縣","仁愛鄉","121.260","24.230","89"
"136","290292","20220922235000","113","2","南投縣","仁愛鄉","121.220","24.190","153"
"177","290293","20220922235000","127","2","南投縣","仁愛鄉","121.225","24.190","189"
"31","296900","20220922235000","37","0","宜蘭縣","南澳鄉","121.750","24.320","37"
"308","296924","20220922235000","190","3","宜蘭縣","南澳鄉","121.745","24.330","302"
"21","296946","20220922235000","14","3","宜蘭縣","南澳鄉","121.770","24.335","21"
"664","297399","20220922235000","481","2","臺中市","清水區","120.580","24.280","667"
"1126","297407","20220922235000","1398","0","臺中市","外埔區","120.620","24.335","1087"
"206","297413","20220922235000","132","3","臺中市","神岡區","120.650","24.280","203"
"315","297416","20220922235000","175","3","臺中市","神岡區","120.640","24.285","293"
"94","297422","20220922235000","64","2","臺中市","神岡區","120.640","24.290","97"
"211","297424","20220922235000","130","3","臺中市","神岡區","120.650","24.290","222"
"157","297433","20220922235000","1240","0","臺中市","大甲區","120.620","24.345","154"
"195","297434","20220922235000","180","1","臺中市","梧棲區(海)","120.510","24.280","238"
"50","297444","20220922235000","11","3","臺中市","清水區","120.620","24.285","42"
"81","297446","20220922235000","79","1","臺中市","大甲區","120.640","24.345","102"
"1043","297450","20220922235000","1121","0","臺中市","大甲區","120.630","24.355","1069"
"668","297453","20220922235000","578","1","臺中市","大甲區","120.645","24.355","666"
"207","297457","20220922235000","45","3","臺中市","大甲區","120.650","24.360","231"
"41","297458","20220922235000","356","0","臺中市","大甲區","120.640","24.365","33"
"140","297462","20220922235000","169","0","臺中市","東勢區","120.795","24.295","123"
"123","297485","20220922235000","111","1","臺中市","東勢區","120.785","24.310","104"
"286","297494","20220922235000","273","1","臺中市","東勢區","120.780","24.315","313"
"145","297510","20220922235000","156","0","臺中市","東勢區","120.870","24.280","157"
"144","297533","20220922235000","103","2","臺中市","清水區","120.560","24.310","145"
"20","297539","20220922235000","252","0","臺中市","清水區","120.555","24.305","23"
"43","297540","20220922235000","190","0","臺中市","清水區","120.550","24.310","57"
"423","297546","20220922235000","448","0","臺中市","清水區","120.560","24.320","422"
"12","297575","20220922235000","10","2","臺中市","清水區","120.540","24.300","12"
"167","297586","20220922235000","247","0","臺中市","清水區","120.545","24.305","167"
"174","297618","20220922235000","213","0","臺中市","后里區","120.665","24.305","174"
"553","297627","20220922235000","483","1","臺中市","后里區","120.680","24.310","555"
"263","297639","20220922235000","194","2","臺中市","后里區","120.725","24.285","275"
"12","297641","20220922235000","13","0","臺中市","后里區","120.735","24.285","24"
"246","297645","20220922235000","295","0","臺中市","后里區","120.725","24.290","251"
"310","297646","20220922235000","259","1","臺中市","后里區","120.730","24.290","309"
"84","297647","20220922235000","55","3","臺中市","后里區","120.735","24.290","73"
"218","297648","20220922235000","79","3","臺中市","后里區","120.740","24.290","215"
"283","297654","20220922235000","744","0","臺中市","后里區","120.730","24.295","265"
"42","297656","20220922235000","44","0","臺中市","后里區","120.740","24.295","47"
"184","297659","20220922235000","187","0","臺中市","后里區","120.755","24.295","179"
"11","297662","20220922235000","12","0","臺中市","后里區","120.725","24.300","20"
"54","297664","20220922235000","57","0","臺中市","后里區","120.735","24.300","56"
"14","297665","20220922235000","84","0","臺中市","后里區","120.740","24.300","12"
"664","297671","20220922235000","671","0","臺中市","后里區","120.725","24.305","694"
"71","297672","20220922235000","13","3","臺中市","后里區","120.735","24.305","87"
"569","297689","20220922235000","523","1","臺中市","大安區","120.585","24.365","578"
"1933","297697","20220922235000","1798","1","臺中市","大甲區","120.630","24.350","2080"
"11","297701","20220922235000","15","0","苗栗縣","苑裡鎮","120.700","24.365","17"
"1492","297704","20220922235000","1211","2","臺中市","大甲區","120.625","24.350","1467"
"2379","297705","20220922235000","1842","2","臺中市","大甲區","120.620","24.355","2418"
"1480","297706","20220922235000","1492","0","臺中市","大甲區","120.615","24.345","1506"
"637","297725","20220922235000","724","0","臺中市","大甲區","120.635","24.370","672"
"387","297760","20220922235000","323","1","臺中市","清水區","120.605","24.305","378"
"510","297763","20220922235000","465","1","臺中市","清水區","120.605","24.310","535"
"228","297775","20220922235000","1196","0","臺中市","后里區","120.710","24.305","230"
"242","297776","20220922235000","165","2","臺中市","后里區","120.700","24.310","245"
"248","297778","20220922235000","160","3","臺中市","后里區","120.735","24.310","230"
"39","297782","20220922235000","54","0","臺中市","后里區","120.755","24.310","42"
"281","297783","20220922235000","268","1","臺中市","后里區","120.740","24.315","297"
"157","297795","20220922235000","176","0","臺中市","后里區","120.735","24.325","149"
"345","297801","20220922235000","315","1","臺中市","后里區","120.740","24.330","349"
"404","297811","20220922235000","255","3","臺中市","后里區","120.725","24.340","405"
"338","297831","20220922235000","385","0","臺中市","外埔區","120.700","24.345","339"
"714","297868","20220922235000","639","1","臺中市","外埔區","120.645","24.320","678"
"522","297883","20220922235000","432","2","臺中市","外埔區","120.670","24.320","507"
"213","297885","20220922235000","194","1","臺中市","外埔區","120.680","24.320","214"
"861","297886","20220922235000","792","1","臺中市","外埔區","120.665","24.325","821"
"734","297921","20220922235000","511","2","臺中市","外埔區","120.650","24.330","778"
"2062","297922","20220922235000","2204","0","臺中市","外埔區","120.655","24.330","2061"
"2597","297926","20220922235000","2625","0","臺中市","外埔區","120.635","24.340","2792"
"377","297928","20220922235000","361","1","臺中市","外埔區","120.645","24.340","367"
"280","297941","20220922235000","230","2","臺中市","外埔區","120.625","24.320","315"
"415","297947","20220922235000","318","2","臺中市","外埔區","120.630","24.325","353"
"41","297954","20220922235000","45","0","臺中市","外埔區","120.635","24.330","48"
"303","297957","20220922235000","275","1","臺中市","外埔區","120.630","24.335","298"
"259","297959","20220922235000","247","1","臺中市","外埔區","120.685","24.325","257"
"30","297961","20220922235000","73","0","臺中市","外埔區","120.675","24.330","40"
"332","297967","20220922235000","230","2","臺中市","后里區","120.710","24.330","294"
"117","297988","20220922235000","542","0","臺中市","外埔區","120.665","24.340","124"
"414","297992","20220922235000","300","2","臺中市","外埔區","120.685","24.340","422"
"812","297995","20220922235000","938","0","臺中市","大安區","120.585","24.345","813"
"29","298020","20220922235000","26","1","臺中市","大安區","120.570","24.340","30"
"70","298024","20220922235000","92","0","臺中市","大安區","120.570","24.345","74"
"353","298036","20220922235000","319","1","臺中市","大安區","120.590","24.335","339"
"325","298040","20220922235000","430","0","臺中市","大安區","120.590","24.340","341"
"66","298043","20220922235000","708","0","臺中市","大安區","120.605","24.365","69"
"1612","298045","20220922235000","1451","1","臺中市","后里區","120.720","24.310","1632"
"344","298047","20220922235000","472","0","臺中市","后里區","120.720","24.320","353"
"99","298050","20220922235000","809","0","臺中市","后里區","120.725","24.315","116"
"326","298051","20220922235000","307","1","臺中市","后里區","120.730","24.315","344"
"1762","298052","20220922235000","1223","2","臺中市","后里區","120.725","24.320","1677"
"128","298053","20220922235000","157","0","臺中市","后里區","120.730","24.320","132"
"61","298054","20220922235000","69","0","臺中市","后里區","120.735","24.320","58"
"85","298056","20220922235000","94","0","臺中市","后里區","120.725","24.325","91"
"178","298059","20220922235000","683","0","臺中市","后里區","120.710","24.310","178"
"98","298060","20220922235000","154","0","臺中市","后里區","120.715","24.310","75"
"353","298062","20220922235000","196","3","臺中市","后里區","120.710","24.315","352"
"154","298066","20220922235000","121","2","臺中市","后里區","120.705","24.320","163"
"141","298069","20220922235000","136","1","臺中市","外埔區","120.695","24.325","40"
"360","298070","20220922235000","209","3","臺中市","后里區","120.700","24.325","245"
"27","298074","20220922235000","22","2","臺中市","后里區","120.705","24.325","26"
"401","298075","20220922235000","366","1","臺中市","后里區","120.710","24.325","407"
"350","298078","20220922235000","323","1","臺中市","后里區","120.705","24.330","373"
"33","298081","20220922235000","232","0","臺中市","后里區","120.745","24.325","43"
"130","298082","20220922235000","99","2","臺中市","后里區","120.750","24.325","113"
"140","298092","20220922235000","137","1","臺中市","后里區","120.680","24.315","129"
"58","298093","20220922235000","47","2","臺中市","后里區","120.685","24.315","47"
"620","298094","20220922235000","586","1","臺中市","后里區","120.690","24.315","595"
"579","298095","20220922235000","409","2","臺中市","后里區","120.695","24.315","574"
"184","298096","20220922235000","98","3","臺中市","外埔區","120.685","24.320","148"
"44","298098","20220922235000","476","0","臺中市","大安區","120.600","24.345","62"
"37","298100","20220922235000","504","0","臺中市","大安區","120.600","24.350","35"
"171","298108","20220922235000","124","2","臺中市","大甲區","120.680","24.365","160"
"295","298116","20220922235000","281","1","臺中市","大甲區","120.675","24.370","307"
"613","298125","20220922235000","791","0","臺中市","大甲區","120.625","24.340","603"
"354","298126","20220922235000","395","0","臺中市","大甲區","120.630","24.340","354"
"163","298128","20220922235000","154","1","臺中市","大甲區","120.620","24.340","132"
"2313","298129","20220922235000","2421","0","臺中市","大甲區","120.625","24.345","2330"
"229","298135","20220922235000","255","0","臺中市","后里區","120.715","24.295","198"
"1488","298141","20220922235000","1607","0","臺中市","后里區","120.715","24.305","1484"
"359","298142","20220922235000","500","0","臺中市","后里區","120.720","24.305","384"
"96","298151","20220922235000","497","0","臺中市","清水區","120.610","24.290","87"
"228","298155","20220922235000","152","3","臺中市","清水區","120.610","24.295","204"
"1170","298159","20220922235000","1048","1","臺中市","大甲區","120.615","24.350","1193"
"374","298177","20220922235000","338","1","臺中市","大甲區","120.605","24.325","384"
"249","298178","20220922235000","302","0","臺中市","大甲區","120.595","24.330","245"
"1484","298182","20220922235000","1087","2","臺中市","后里區","120.725","24.310","1488"
"137","298183","20220922235000","185","0","臺中市","后里區","120.730","24.305","131"
"376","298184","20220922235000","578","0","臺中市","后里區","120.730","24.310","364"
"47","298185","20220922235000","23","3","臺中市","后里區","120.735","24.315","49"
"129","298202","20220922235000","106","2","臺中市","后里區","120.700","24.285","154"
"12","298208","20220922235000","263","0","臺中市","后里區","120.675","24.290","18"
"437","298213","20220922235000","377","1","臺中市","后里區","120.700","24.290","457"
"18","298360","20220922235000","28","0","臺中市","和平區","121.280","24.305","17"
"417","298427","20220922235000","417","1","臺中市","和平區","121.295","24.315","512"
"103","298504","20220922235000","77","2","臺中市","和平區","121.310","24.325","93"
"182","298630","20220922235000","148","2","臺中市","和平區","121.310","24.335","178"
"24","298632","20220922235000","13","3","臺中市","和平區","121.320","24.335","40"
"112","298723","20220922235000","93","2","臺中市","和平區","121.310","24.345","103"
"104","298770","20220922235000","128","0","臺中市","和平區","121.310","24.350","107"
"15","298772","20220922235000","25","0","臺中市","和平區","121.320","24.350","14"
"59","298818","20220922235000","59","1","臺中市","和平區","121.315","24.355","47"
"43","298866","20220922235000","35","2","臺中市","和平區","121.315","24.360","39"
"21","298968","20220922235000","15","2","臺中市","和平區","121.340","24.370","22"
"22","299078","20220922235000","16","2","臺中市","和平區","121.265","24.285","18"
"12","299174","20220922235000","13","0","臺中市","和平區","121.275","24.295","12"
"95","299584","20220922235000","84","1","臺中市","和平區","120.905","24.290","96"
"10","299585","20220922235000","10","1","臺中市","和平區","120.910","24.290","10"
"58","299602","20220922235000","51","1","臺中市","和平區","120.930","24.295","53"
"65","299659","20220922235000","53","2","臺中市","和平區","120.940","24.300","58"
"14","299678","20220922235000","10","2","臺中市","和平區","120.925","24.305","25"
"87","299703","20220922235000","64","2","臺中市","和平區","120.940","24.310","71"
"10","299748","20220922235000","12","0","臺中市","和平區","120.965","24.320","10"
"30","299761","20220922235000","16","3","臺中市","和平區","120.930","24.325","37"
"96","299779","20220922235000","90","1","臺中市","和平區","120.925","24.325","98"
"38","299781","20220922235000","143","0","臺中市","和平區","120.935","24.325","61"
"15","299796","20220922235000","15","1","臺中市","和平區","120.920","24.330","12"
"1045","299822","20220922235000","1106","0","臺中市","清水區","120.565","24.290","1021"
"37","299823","20220922235000","416","0","臺中市","清水區","120.560","24.295","42"
"52","299826","20220922235000","49","1","臺中市","清水區","120.600","24.280","81"
"35","299828","20220922235000","22","3","臺中市","清水區","120.610","24.280","43"
"136","299830","20220922235000","94","2","臺中市","清水區","120.600","24.285","164"
"667","299831","20220922235000","671","0","臺中市","清水區","120.575","24.285","564"
"503","299835","20220922235000","509","0","臺中市","清水區","120.575","24.300","518"
"105","299845","20220922235000","110","0","臺中市","東勢區","120.790","24.285","112"
"351","299852","20220922235000","270","2","臺中市","東勢區","120.795","24.285","361"
"47","299868","20220922235000","27","3","臺中市","東勢區","120.805","24.300","45"
"161","299869","20220922235000","184","0","臺中市","東勢區","120.810","24.300","156"
"511","299873","20220922235000","418","2","臺中市","清水區","120.555","24.280","519"
"208","299884","20220922235000","975","0","臺中市","清水區","120.540","24.285","217"
"17","299886","20220922235000","341","0","臺中市","清水區","120.525","24.290","25"
"33","299888","20220922235000","11","3","臺中市","清水區","120.535","24.290","22"
"91","299892","20220922235000","41","3","臺中市","清水區","120.520","24.295","68"
"641","299901","20220922235000","469","2","臺中市","清水區","120.630","24.290","635"
"74","299913","20220922235000","69","1","臺中市","清水區","120.630","24.300","88"
"63","299923","20220922235000","102","0","臺中市","清水區","120.580","24.290","74"
"680","299926","20220922235000","590","1","臺中市","清水區","120.590","24.295","705"
"106","300263","20220922235000","66","3","花蓮縣","秀林鄉","121.755","24.300","94"
"278","300401","20220922235000","181","3","花蓮縣","秀林鄉","121.750","24.310","277"
"55","300404","20220922235000","38","2","花蓮縣","秀林鄉","121.765","24.310","52"
"19","300405","20220922235000","16","1","花蓮縣","秀林鄉","121.765","24.305","19"
"19","300877","20220922235000","73","0","苗栗縣","三義鄉","120.740","24.365","20"
"11","300914","20220922235000","118","0","苗栗縣","三義鄉","120.765","24.340","11"
"67","300918","20220922235000","36","3","苗栗縣","三義鄉","120.750","24.345","55"
"17","300926","20220922235000","136","0","苗栗縣","三義鄉","120.745","24.350","20"
"24","300932","20220922235000","141","0","苗栗縣","三義鄉","120.735","24.355","29"
"134","300935","20220922235000","70","3","苗栗縣","三義鄉","120.750","24.355","136"
"12","300937","20220922235000","137","0","苗栗縣","三義鄉","120.760","24.355","17"
"87","300949","20220922235000","70","2","苗栗縣","三義鄉","120.780","24.360","78"
"201","300971","20220922235000","184","1","苗栗縣","卓蘭鎮","120.835","24.300","197"
"12","300972","20220922235000","18","0","苗栗縣","卓蘭鎮","120.830","24.305","15"
"35","300982","20220922235000","27","2","苗栗縣","卓蘭鎮","120.845","24.310","40"
"23","301006","20220922235000","198","0","臺中市","東勢區","120.805","24.280","26"
"23","301007","20220922235000","245","0","臺中市","東勢區","120.810","24.280","29"
"682","301021","20220922235000","598","1","苗栗縣","卓蘭鎮","120.830","24.310","676"
"317","301030","20220922235000","235","2","苗栗縣","卓蘭鎮","120.845","24.320","313"
"17","301060","20220922235000","235","0","苗栗縣","卓蘭鎮","120.810","24.330","270"
"208","301079","20220922235000","155","2","苗栗縣","卓蘭鎮","120.785","24.330","165"
"160","301082","20220922235000","135","1","苗栗縣","卓蘭鎮","120.825","24.330","157"
"52","301093","20220922235000","32","3","苗栗縣","卓蘭鎮","120.805","24.335","37"
"56","301097","20220922235000","24","3","苗栗縣","卓蘭鎮","120.825","24.335","46"
"18","301176","20220922235000","16","1","臺中市","和平區","121.040","24.295","22"
"98","301582","20220922235000","69","2","苗栗縣","泰安鄉","120.965","24.360","87"
"157","301609","20220922235000","99","3","苗栗縣","泰安鄉","120.960","24.370","170"
"19","301626","20220922235000","201","0","苗栗縣","卓蘭鎮","120.845","24.295","21"
"106","301629","20220922235000","121","0","苗栗縣","卓蘭鎮","120.860","24.295","105"
"145","301639","20220922235000","76","3","苗栗縣","卓蘭鎮","120.840","24.300","140"
"81","301640","20220922235000","62","2","苗栗縣","卓蘭鎮","120.845","24.300","81"
"65","301669","20220922235000","46","2","苗栗縣","卓蘭鎮","120.880","24.315","74"
"152","301723","20220922235000","166","0","苗栗縣","卓蘭鎮","120.850","24.340","148"
"108","301727","20220922235000","109","0","苗栗縣","卓蘭鎮","120.870","24.340","167"
"118","301752","20220922235000","143","0","苗栗縣","卓蘭鎮","120.825","24.305","109"
"700","301756","20220922235000","580","2","苗栗縣","卓蘭鎮","120.820","24.315","669"
"876","301757","20220922235000","714","2","苗栗縣","卓蘭鎮","120.825","24.315","876"
"13","301775","20220922235000","77","0","苗栗縣","卓蘭鎮","120.855","24.355","17"
"84","301787","20220922235000","39","3","苗栗縣","大湖鄉","120.870","24.360","53"
"15","301810","20220922235000","97","0","苗栗縣","大湖鄉","120.825","24.345","15"
"135","301882","20220922235000","104","2","苗栗縣","大湖鄉","120.875","24.365","94"
"20","308048","20220922235000","15","2","宜蘭縣","南澳鄉","121.765","24.440","14"
"10","308051","20220922235000","11","0","宜蘭縣","南澳鄉","121.780","24.440","10"
"20","308125","20220922235000","25","0","宜蘭縣","南澳鄉","121.775","24.450","17"
"257","308964","20220922235000","215","1","宜蘭縣","南澳鄉","121.750","24.425","263"
"38","309060","20220922235000","21","3","宜蘭縣","南澳鄉","121.750","24.435","48"
"33","309298","20220922235000","44","0","宜蘭縣","大同鄉","121.355","24.395","54"
"428","309501","20220922235000","329","2","宜蘭縣","大同鄉","121.380","24.435","493"
"104","309740","20220922235000","86","2","宜蘭縣","蘇澳鎮","121.805","24.445","100"
"181","309750","20220922235000","197","0","宜蘭縣","蘇澳鎮","121.790","24.455","177"
"151","309853","20220922235000","99","3","臺中市","大甲區","120.640","24.410","130"
"88","309860","20220922235000","814","0","臺中市","大甲區","120.630","24.415","108"
"358","309867","20220922235000","346","1","臺中市","大甲區","120.635","24.390","378"
"89","309881","20220922235000","527","0","臺中市","大甲區","120.635","24.410","74"
"607","309883","20220922235000","612","0","臺中市","大甲區","120.640","24.415","621"
"12","309891","20220922235000","389","0","臺中市","大安區","120.600","24.370","12"
"376","309899","20220922235000","389","0","臺中市","大安區","120.605","24.385","400"
"325","309910","20220922235000","333","0","臺中市","大安區","120.600","24.395","324"
"22","309925","20220922235000","472","0","臺中市","大甲區","120.670","24.380","30"
"22","309935","20220922235000","20","1","臺中市","大甲區","120.665","24.390","34"
"25","309937","20220922235000","438","0","臺中市","大甲區","120.660","24.395","26"
"649","309939","20220922235000","511","2","苗栗縣","苑裡鎮","120.665","24.400","737"
"670","309942","20220922235000","544","2","臺中市","大甲區","120.645","24.400","691"
"1631","309947","20220922235000","1890","0","臺中市","大甲區","120.650","24.405","1608"
"445","309948","20220922235000","518","0","臺中市","大甲區","120.655","24.405","447"
"189","309960","20220922235000","234","0","臺中市","大安區","120.595","24.385","191"
"41","309972","20220922235000","323","0","臺中市","大安區","120.585","24.375","52"
"411","309973","20220922235000","424","0","臺中市","大安區","120.590","24.375","412"
"46","309975","20220922235000","48","0","臺中市","大安區","120.585","24.380","43"
"57","309977","20220922235000","46","2","臺中市","大安區","120.610","24.375","63"
"455","309986","20220922235000","321","2","臺中市","大甲區","120.660","24.370","490"
"1500","310004","20220922235000","1856","0","臺中市","大甲區","120.655","24.380","1531"
"45","310009","20220922235000","1163","0","臺中市","大甲區","120.650","24.390","45"
"403","310033","20220922235000","367","1","臺中市","大甲區","120.615","24.415","401"
"484","310040","20220922235000","519","0","臺中市","大甲區","120.620","24.370","422"
"26","310149","20220922235000","22","1","臺中市","和平區","121.305","24.380","23"
"41","310150","20220922235000","39","1","臺中市","和平區","121.310","24.380","34"
"29","310180","20220922235000","41","0","臺中市","和平區","121.300","24.385","52"
"41","310235","20220922235000","32","2","臺中市","和平區","121.305","24.395","23"
"37","310390","20220922235000","43","0","苗栗縣","三義鄉","120.780","24.385","36"
"182","310395","20220922235000","231","0","苗栗縣","三義鄉","120.750","24.395","182"
"384","310396","20220922235000","337","1","苗栗縣","三義鄉","120.755","24.395","387"
"11","310399","20220922235000","11","1","苗栗縣","三義鄉","120.770","24.395","10"
"1960","310412","20220922235000","1840","1","苗栗縣","三義鄉","120.760","24.405","1987"
"435","310415","20220922235000","409","1","苗栗縣","三義鄉","120.765","24.410","410"
"874","310419","20220922235000","946","0","苗栗縣","三義鄉","120.770","24.415","875"
"200","310423","20220922235000","170","1","苗栗縣","三義鄉","120.745","24.370","204"
"32","310429","20220922235000","30","1","苗栗縣","三義鄉","120.770","24.370","28"
"13","310433","20220922235000","160","0","苗栗縣","三義鄉","120.750","24.375","13"
"35","310441","20220922235000","31","1","苗栗縣","三義鄉","120.750","24.380","38"
"110","310450","20220922235000","66","3","苗栗縣","三義鄉","120.755","24.385","116"
"24","310451","20220922235000","208","0","苗栗縣","三義鄉","120.760","24.385","22"
"12","310456","20220922235000","13","0","苗栗縣","三義鄉","120.755","24.390","16"
"122","310458","20220922235000","134","0","苗栗縣","三義鄉","120.760","24.390","75"
"21","310469","20220922235000","29","0","苗栗縣","三義鄉","120.780","24.375","19"
"594","310489","20220922235000","621","0","苗栗縣","三義鄉","120.775","24.420","632"
"135","310506","20220922235000","148","0","苗栗縣","三義鄉","120.770","24.435","140"
"23","310521","20220922235000","29","0","苗栗縣","三義鄉","120.805","24.385","24"
"19","310527","20220922235000","22","0","苗栗縣","三義鄉","120.795","24.390","29"
"13","310542","20220922235000","18","0","苗栗縣","三義鄉","120.775","24.405","16"
"295","310551","20220922235000","289","1","苗栗縣","三義鄉","120.790","24.410","273"
"19","310552","20220922235000","26","0","苗栗縣","三義鄉","120.795","24.410","24"
"139","310580","20220922235000","120","1","苗栗縣","公館鄉","120.860","24.460","140"
"12","310595","20220922235000","23","0","苗栗縣","苑裡鎮","120.660","24.430","21"
"740","310596","20220922235000","650","1","苗栗縣","苑裡鎮","120.665","24.430","761"
"33","310601","20220922235000","329","0","苗栗縣","苑裡鎮","120.710","24.375","24"
"85","310623","20220922235000","70","2","苗栗縣","苑裡鎮","120.695","24.400","76"
"22","310630","20220922235000","12","3","苗栗縣","苑裡鎮","120.670","24.445","20"
"657","310636","20220922235000","468","2","苗栗縣","苑裡鎮","120.660","24.440","637"
"43","310637","20220922235000","45","0","苗栗縣","苑裡鎮","120.655","24.445","52"
"32","310639","20220922235000","23","2","苗栗縣","苑裡鎮","120.665","24.445","43"
"20","310640","20220922235000","12","3","苗栗縣","通霄鎮","120.660","24.450","27"
"521","310644","20220922235000","384","2","苗栗縣","苑裡鎮","120.655","24.450","540"
"25","310647","20220922235000","51","0","苗栗縣","通霄鎮","120.660","24.455","33"
"12","310648","20220922235000","10","2","苗栗縣","苑裡鎮","120.650","24.460","12"
"14","310656","20220922235000","186","0","苗栗縣","三義鄉","120.745","24.395","15"
"19","310670","20220922235000","92","0","苗栗縣","苑裡鎮","120.715","24.410","11"
"90","310685","20220922235000","90","1","苗栗縣","苑裡鎮","120.710","24.420","98"
"54","310688","20220922235000","38","2","苗栗縣","苑裡鎮","120.660","24.435","80"
"305","310695","20220922235000","253","2","苗栗縣","苑裡鎮","120.670","24.405","278"
"238","310698","20220922235000","270","0","苗栗縣","苑裡鎮","120.690","24.410","245"
"164","310699","20220922235000","65","3","苗栗縣","苑裡鎮","120.690","24.415","170"
"33","310721","20220922235000","486","0","苗栗縣","苑裡鎮","120.645","24.435","43"
"128","310722","20220922235000","91","2","苗栗縣","苑裡鎮","120.650","24.435","123"
"545","310727","20220922235000","472","1","苗栗縣","苑裡鎮","120.635","24.445","594"
"18","310728","20220922235000","12","3","苗栗縣","苑裡鎮","120.655","24.410","25"
"16","310729","20220922235000","12","2","苗栗縣","苑裡鎮","120.650","24.415","21"
"416","310730","20220922235000","373","1","苗栗縣","苑裡鎮","120.655","24.415","465"
"302","310737","20220922235000","293","1","苗栗縣","苑裡鎮","120.650","24.425","326"
"262","310752","20220922235000","210","2","苗栗縣","苑裡鎮","120.700","24.435","270"
"42","310755","20220922235000","45","0","苗栗縣","苑裡鎮","120.680","24.440","36"
"355","310758","20220922235000","312","1","苗栗縣","苑裡鎮","120.700","24.385","317"
"309","310763","20220922235000","329","0","苗栗縣","苑裡鎮","120.695","24.395","309"
"15","310764","20220922235000","11","2","苗栗縣","苑裡鎮","120.685","24.400","16"
"52","310766","20220922235000","14","3","苗栗縣","苑裡鎮","120.685","24.405","46"
"1110","310776","20220922235000","1056","1","苗栗縣","大湖鄉","120.870","24.425","1113"
"23","310779","20220922235000","18","2","苗栗縣","大湖鄉","120.885","24.425","25"
"283","310796","20220922235000","235","2","苗栗縣","大湖鄉","120.865","24.400","283"
"50","310800","20220922235000","52","0","苗栗縣","大湖鄉","120.855","24.405","53"
"13","310825","20220922235000","178","0","苗栗縣","大湖鄉","120.900","24.410","15"
"189","310860","20220922235000","117","3","苗栗縣","大湖鄉","120.870","24.405","188"
"15","310881","20220922235000","271","0","苗栗縣","大湖鄉","120.860","24.420","11"
"389","310894","20220922235000","517","0","苗栗縣","苑裡鎮","120.655","24.440","416"
"1242","310905","20220922235000","1140","1","苗栗縣","苑裡鎮","120.680","24.385","1276"
"147","310911","20220922235000","118","2","苗栗縣","苑裡鎮","120.660","24.410","125"
"372","310914","20220922235000","176","3","苗栗縣","苑裡鎮","120.660","24.415","340"
"36","310926","20220922235000","36","1","苗栗縣","苑裡鎮","120.720","24.395","48"
"19","310927","20220922235000","69","0","苗栗縣","苑裡鎮","120.725","24.395","21"
"15","310930","20220922235000","14","1","苗栗縣","苑裡鎮","120.715","24.400","18"
"26","310938","20220922235000","35","0","苗栗縣","苑裡鎮","120.705","24.410","36"
"26","310941","20220922235000","52","0","苗栗縣","苑裡鎮","120.675","24.400","29"
"18","310942","20220922235000","18","1","苗栗縣","苑裡鎮","120.680","24.400","19"
"64","310943","20220922235000","535","0","苗栗縣","苑裡鎮","120.675","24.405","59"
"17","310949","20220922235000","234","0","苗栗縣","苑裡鎮","120.670","24.415","17"
"19","310953","20220922235000","14","2","苗栗縣","苑裡鎮","120.670","24.425","27"
"37","310959","20220922235000","16","3","苗栗縣","苑裡鎮","120.680","24.410","48"
"231","310964","20220922235000","1176","0","苗栗縣","苑裡鎮","120.685","24.415","232"
"214","310996","20220922235000","180","1","苗栗縣","銅鑼鄉","120.810","24.465","230"
"13","310999","20220922235000","28","0","苗栗縣","銅鑼鄉","120.755","24.445","10"
"16","311009","20220922235000","15","1","苗栗縣","銅鑼鄉","120.765","24.460","10"
"249","311014","20220922235000","188","2","苗栗縣","銅鑼鄉","120.760","24.460","274"
"38","311016","20220922235000","60","0","苗栗縣","銅鑼鄉","120.770","24.465","51"
"117","311031","20220922235000","66","3","苗栗縣","銅鑼鄉","120.810","24.405","137"
"124","311073","20220922235000","63","3","苗栗縣","銅鑼鄉","120.835","24.420","39"
"17","311089","20220922235000","11","3","苗栗縣","銅鑼鄉","120.765","24.435","12"
"194","311108","20220922235000","163","1","苗栗縣","銅鑼鄉","120.780","24.450","208"
"435","311118","20220922235000","391","1","苗栗縣","銅鑼鄉","120.780","24.465","480"
"1917","311279","20220922235000","2109","0","苗栗縣","苑裡鎮","120.650","24.440","1869"
"193","311280","20220922235000","198","0","苗栗縣","苑裡鎮","120.650","24.445","175"
"11","311281","20220922235000","17","0","苗栗縣","苑裡鎮","120.645","24.445","17"
"390","311283","20220922235000","390","1","苗栗縣","苑裡鎮","120.650","24.450","386"
"69","311310","20220922235000","52","2","苗栗縣","泰安鄉","120.925","24.390","65"
"14","311446","20220922235000","12","1","苗栗縣","泰安鄉","120.980","24.445","16"
"115","311474","20220922235000","92","2","苗栗縣","泰安鄉","120.935","24.420","116"
"21","311478","20220922235000","154","0","苗栗縣","泰安鄉","120.925","24.420","25"
"13","311666","20220922235000","106","0","苗栗縣","泰安鄉","120.980","24.390","13"
"10","312522","20220922235000","99","0","苗栗縣","泰安鄉","120.925","24.440","10"
"146","312590","20220922235000","109","2","苗栗縣","通霄鎮","120.735","24.410","134"
"169","312624","20220922235000","145","1","苗栗縣","通霄鎮","120.680","24.455","171"
"56","312636","20220922235000","75","0","苗栗縣","通霄鎮","120.690","24.465","51"
"14","312656","20220922235000","25","0","苗栗縣","通霄鎮","120.745","24.440","22"
"101","312664","20220922235000","63","3","苗栗縣","通霄鎮","120.725","24.450","113"
"12","312666","20220922235000","15","0","苗栗縣","通霄鎮","120.735","24.450","10"
"52","312668","20220922235000","141","0","苗栗縣","通霄鎮","120.720","24.425","62"
"54","312670","20220922235000","231","0","苗栗縣","通霄鎮","120.720","24.430","52"
"222","312677","20220922235000","199","1","苗栗縣","通霄鎮","120.715","24.440","215"
"204","312691","20220922235000","233","0","苗栗縣","通霄鎮","120.700","24.455","208"
"50","312717","20220922235000","28","3","苗栗縣","通霄鎮","120.730","24.460","44"
"69","312744","20220922235000","82","0","苗栗縣","大湖鄉","120.865","24.430","62"
"21","312752","20220922235000","183","0","苗栗縣","大湖鄉","120.865","24.435","22"
"71","312778","20220922235000","51","2","苗栗縣","大湖鄉","120.905","24.445","77"
"37","312782","20220922235000","33","1","苗栗縣","大湖鄉","120.880","24.450","29"
"214","312784","20220922235000","193","1","苗栗縣","大湖鄉","120.875","24.455","203"
"58","312785","20220922235000","734","0","苗栗縣","大湖鄉","120.865","24.420","66"
"200","312798","20220922235000","245","0","苗栗縣","大湖鄉","120.900","24.375","221"
"404","312833","20220922235000","286","2","苗栗縣","三義鄉","120.820","24.380","393"
"171","312851","20220922235000","118","2","苗栗縣","大湖鄉","120.865","24.375","156"
"37","312863","20220922235000","186","0","苗栗縣","大湖鄉","120.850","24.385","43"
"32","317431","20220922235000","26","2","宜蘭縣","蘇澳鎮","121.845","24.520","39"
"362","319889","20220922235000","272","2","宜蘭縣","南澳鄉","121.800","24.465","368"
"444","319890","20220922235000","465","0","宜蘭縣","蘇澳鎮","121.805","24.465","460"
"20","319894","20220922235000","21","0","宜蘭縣","南澳鄉","121.810","24.470","17"
"122","320020","20220922235000","76","3","宜蘭縣","蘇澳鎮","121.830","24.515","95"
"14","320043","20220922235000","22","0","宜蘭縣","南澳鄉","121.830","24.530","14"
"13","320054","20220922235000","17","0","宜蘭縣","南澳鄉","121.835","24.535","18"
"266","320197","20220922235000","206","2","宜蘭縣","南澳鄉","121.790","24.470","259"
"19","320298","20220922235000","14","2","宜蘭縣","南澳鄉","121.785","24.460","19"
"175","320807","20220922235000","112","3","宜蘭縣","大同鄉","121.430","24.485","170"
"151","320829","20220922235000","127","1","宜蘭縣","大同鄉","121.430","24.490","135"
"12","321164","20220922235000","12","1","宜蘭縣","南澳鄉","121.535","24.495","12"
"103","321192","20220922235000","84","2","宜蘭縣","大同鄉","121.530","24.500","71"
"24","321219","20220922235000","20","2","宜蘭縣","大同鄉","121.530","24.505","11"
"24","321263","20220922235000","10","3","宜蘭縣","南澳鄉","121.610","24.505","15"
"86","321699","20220922235000","64","2","宜蘭縣","大同鄉","121.450","24.530","74"
"201","321823","20220922235000","199","1","宜蘭縣","蘇澳鎮","121.840","24.485","184"
"40","321846","20220922235000","30","2","宜蘭縣","蘇澳鎮","121.835","24.510","37"
"204","321850","20220922235000","140","2","宜蘭縣","蘇澳鎮","121.835","24.520","215"
"146","321880","20220922235000","98","2","宜蘭縣","蘇澳鎮","121.820","24.460","153"
"18","321882","20220922235000","24","0","宜蘭縣","蘇澳鎮","121.820","24.465","17"
"31","321898","20220922235000","26","1","宜蘭縣","蘇澳鎮","121.825","24.485","31"
"33","322586","20220922235000","13","3","新竹縣","五峰鄉","121.090","24.500","27"
"21","322590","20220922235000","12","3","新竹縣","五峰鄉","121.075","24.505","15"
"101","322716","20220922235000","100","1","新竹縣","五峰鄉","121.110","24.525","101"
"30","322717","20220922235000","33","0","新竹縣","五峰鄉","121.115","24.525","39"
"21","322744","20220922235000","41","0","新竹縣","五峰鄉","121.125","24.530","23"
"56","322792","20220922235000","82","0","新竹縣","五峰鄉","121.125","24.540","43"
"21","322897","20220922235000","39","0","新竹縣","五峰鄉","121.130","24.560","33"
"69","322913","20220922235000","465","0","苗栗縣","公館鄉","120.820","24.495","69"
"28","322918","20220922235000","227","0","苗栗縣","公館鄉","120.815","24.510","27"
"224","322920","20220922235000","308","0","苗栗縣","公館鄉","120.815","24.515","197"
"411","322921","20220922235000","364","1","苗栗縣","銅鑼鄉","120.810","24.515","432"
"284","322933","20220922235000","249","1","苗栗縣","公館鄉","120.835","24.510","272"
"387","322941","20220922235000","430","0","苗栗縣","公館鄉","120.835","24.530","395"
"12","322960","20220922235000","189","0","苗栗縣","公館鄉","120.845","24.530","12"
"29","322992","20220922235000","68","0","苗栗縣","公館鄉","120.890","24.540","24"
"162","323065","20220922235000","139","1","苗栗縣","公館鄉","120.835","24.500","155"
"10","323076","20220922235000","16","0","苗栗縣","公館鄉","120.835","24.540","11"
"173","323078","20220922235000","162","1","苗栗縣","公館鄉","120.835","24.545","140"
"1077","323086","20220922235000","819","2","苗栗縣","公館鄉","120.825","24.510","1095"
"62","323090","20220922235000","762","0","苗栗縣","公館鄉","120.820","24.515","62"
"257","323092","20220922235000","476","0","苗栗縣","公館鄉","120.825","24.520","261"
"71","323094","20220922235000","329","0","苗栗縣","公館鄉","120.825","24.465","83"
"147","323105","20220922235000","201","0","苗栗縣","公館鄉","120.835","24.465","141"
"46","323120","20220922235000","32","2","苗栗縣","公館鄉","120.855","24.475","37"
"521","323126","20220922235000","427","2","苗栗縣","公館鄉","120.825","24.475","503"
"428","323131","20220922235000","447","0","苗栗縣","公館鄉","120.820","24.480","365"
"36","323137","20220922235000","510","0","苗栗縣","公館鄉","120.830","24.485","38"
"562","323139","20220922235000","553","1","苗栗縣","公館鄉","120.825","24.500","557"
"797","323140","20220922235000","829","0","苗栗縣","公館鄉","120.825","24.505","807"
"1192","323143","20220922235000","1491","0","苗栗縣","公館鄉","120.820","24.500","1198"
"30","323150","20220922235000","268","0","苗栗縣","公館鄉","120.830","24.530","36"
"207","323152","20220922235000","181","1","苗栗縣","公館鄉","120.830","24.535","199"
"896","323159","20220922235000","683","2","苗栗縣","公館鄉","120.825","24.530","796"
"181","323161","20220922235000","140","2","苗栗縣","苗栗市","120.835","24.555","179"
"424","323164","20220922235000","763","0","苗栗縣","苗栗市","120.820","24.560","423"
"286","323174","20220922235000","184","3","苗栗縣","通霄鎮","120.700","24.550","284"
"236","323187","20220922235000","222","1","苗栗縣","通霄鎮","120.695","24.475","245"
"11","323189","20220922235000","481","0","苗栗縣","通霄鎮","120.685","24.480","20"
"74","323210","20220922235000","59","2","苗栗縣","通霄鎮","120.730","24.490","83"
"21","323218","20220922235000","62","0","苗栗縣","通霄鎮","120.740","24.495","21"
"14","323221","20220922235000","19","0","苗栗縣","通霄鎮","120.750","24.485","15"
"19","323223","20220922235000","11","3","苗栗縣","通霄鎮","120.760","24.485","17"
"88","323237","20220922235000","82","1","苗栗縣","通霄鎮","120.720","24.505","83"
"10","323239","20220922235000","29","0","苗栗縣","通霄鎮","120.730","24.505","10"
"70","323242","20220922235000","76","0","苗栗縣","通霄鎮","120.740","24.505","69"
"62","323248","20220922235000","44","2","苗栗縣","通霄鎮","120.730","24.510","51"
"25","323299","20220922235000","18","2","苗栗縣","南庄鄉","120.960","24.520","46"
"18","323333","20220922235000","98","0","苗栗縣","南庄鄉","120.965","24.535","52"
"18","323356","20220922235000","142","0","苗栗縣","南庄鄉","120.970","24.545","14"
"2642","323391","20220922235000","2319","1","苗栗縣","苗栗市","120.825","24.555","2765"
"22","323392","20220922235000","25","0","苗栗縣","苗栗市","120.820","24.540","19"
"1023","323394","20220922235000","761","2","苗栗縣","苗栗市","120.825","24.545","1033"
"888","323395","20220922235000","1813","0","苗栗縣","苗栗市","120.815","24.550","738"
"89","323396","20220922235000","103","0","苗栗縣","苗栗市","120.820","24.550","91"
"1479","323397","20220922235000","1391","1","苗栗縣","苗栗市","120.815","24.555","1501"
"716","323400","20220922235000","573","2","苗栗縣","苗栗市","120.820","24.555","647"
"241","323402","20220922235000","191","2","苗栗縣","苗栗市","120.830","24.555","236"
"609","323403","20220922235000","491","2","苗栗縣","苗栗市","120.825","24.565","636"
"14","323405","20220922235000","31","0","苗栗縣","苗栗市","120.790","24.525","19"
"186","323411","20220922235000","191","0","苗栗縣","苗栗市","120.785","24.535","202"
"47","323412","20220922235000","46","1","苗栗縣","苗栗市","120.790","24.535","38"
"277","323414","20220922235000","120","3","苗栗縣","苗栗市","120.800","24.535","289"
"30","323530","20220922235000","28","1","苗栗縣","南庄鄉","121.025","24.535","28"
"26","323545","20220922235000","41","0","苗栗縣","南庄鄉","121.030","24.540","33"
"116","323601","20220922235000","69","3","苗栗縣","頭屋鄉","120.855","24.555","114"
"22","323631","20220922235000","53","0","苗栗縣","頭屋鄉","120.870","24.560","25"
"193","323661","20220922235000","178","1","苗栗縣","銅鑼鄉","120.775","24.495","171"
"26","323663","20220922235000","28","0","苗栗縣","西湖鄉","120.770","24.500","23"
"11","323666","20220922235000","124","0","苗栗縣","銅鑼鄉","120.780","24.505","13"
"278","323674","20220922235000","214","2","苗栗縣","銅鑼鄉","120.790","24.470","243"
"388","323678","20220922235000","295","2","苗栗縣","銅鑼鄉","120.790","24.475","409"
"40","323679","20220922235000","44","0","苗栗縣","銅鑼鄉","120.795","24.475","30"
"482","323682","20220922235000","454","1","苗栗縣","銅鑼鄉","120.785","24.480","453"
"548","323683","20220922235000","506","1","苗栗縣","銅鑼鄉","120.790","24.480","528"
"397","323685","20220922235000","473","0","苗栗縣","銅鑼鄉","120.785","24.485","430"
"934","323686","20220922235000","1159","0","苗栗縣","銅鑼鄉","120.785","24.490","937"
"56","323691","20220922235000","61","0","苗栗縣","通霄鎮","120.725","24.520","61"
"11","323700","20220922235000","34","0","苗栗縣","通霄鎮","120.735","24.525","11"
"35","323727","20220922235000","163","0","苗栗縣","通霄鎮","120.675","24.485","37"
"1220","323728","20220922235000","916","2","苗栗縣","苗栗市","120.810","24.545","1253"
"76","323734","20220922235000","41","3","苗栗縣","西湖鄉","120.790","24.550","70"
"166","323738","20220922235000","145","1","苗栗縣","苗栗市","120.795","24.555","172"
"458","323740","20220922235000","437","1","苗栗縣","苗栗市","120.805","24.555","402"
"333","323743","20220922235000","361","0","苗栗縣","苗栗市","120.800","24.560","332"
"109","323744","20220922235000","269","0","苗栗縣","苗栗市","120.805","24.560","81"
"507","323747","20220922235000","452","1","苗栗縣","苗栗市","120.815","24.530","492"
"1364","323751","20220922235000","1651","0","苗栗縣","苗栗市","120.815","24.540","1354"
"281","323752","20220922235000","187","3","苗栗縣","苗栗市","120.805","24.545","267"
"34","323753","20220922235000","43","0","苗栗縣","苗栗市","120.805","24.550","50"
"52","323763","20220922235000","224","0","苗栗縣","西湖鄉","120.730","24.555","55"
"132","323770","20220922235000","134","0","苗栗縣","西湖鄉","120.745","24.555","135"
"103","323782","20220922235000","75","2","苗栗縣","西湖鄉","120.765","24.520","92"
"192","323800","20220922235000","164","1","苗栗縣","西湖鄉","120.785","24.525","163"
"93","323808","20220922235000","51","3","苗栗縣","西湖鄉","120.745","24.525","84"
"29","323810","20220922235000","77","0","苗栗縣","西湖鄉","120.740","24.530","49"
"40","323815","20220922235000","34","1","苗栗縣","西湖鄉","120.750","24.535","43"
"157","323828","20220922235000","150","1","苗栗縣","通霄鎮","120.680","24.500","156"
"261","323830","20220922235000","285","0","苗栗縣","通霄鎮","120.690","24.500","272"
"36","323838","20220922235000","29","2","苗栗縣","通霄鎮","120.690","24.510","33"
"223","323845","20220922235000","218","1","苗栗縣","通霄鎮","120.695","24.515","189"
"73","323854","20220922235000","62","1","苗栗縣","通霄鎮","120.695","24.530","76"
"33","323864","20220922235000","13","3","苗栗縣","通霄鎮","120.675","24.490","31"
"1357","323865","20220922235000","1191","1","苗栗縣","通霄鎮","120.680","24.490","1402"
"760","323876","20220922235000","694","1","苗栗縣","銅鑼鄉","120.800","24.490","752"
"495","323879","20220922235000","525","0","苗栗縣","銅鑼鄉","120.800","24.495","525"
"281","323881","20220922235000","268","1","苗栗縣","銅鑼鄉","120.810","24.495","236"
"13","323884","20220922235000","187","0","苗栗縣","銅鑼鄉","120.805","24.500","14"
"17","323893","20220922235000","196","0","苗栗縣","銅鑼鄉","120.805","24.510","12"
"54","323896","20220922235000","69","0","苗栗縣","銅鑼鄉","120.810","24.520","48"
"188","323898","20220922235000","163","1","苗栗縣","銅鑼鄉","120.760","24.465","154"
"58","323899","20220922235000","94","0","苗栗縣","銅鑼鄉","120.765","24.465","58"
"11","323904","20220922235000","173","0","苗栗縣","銅鑼鄉","120.770","24.470","118"
"175","323913","20220922235000","215","0","苗栗縣","銅鑼鄉","120.790","24.485","176"
"277","323918","20220922235000","168","3","苗栗縣","銅鑼鄉","120.790","24.505","288"
"116","323920","20220922235000","70","3","苗栗縣","銅鑼鄉","120.785","24.510","104"
"308","323923","20220922235000","352","0","苗栗縣","西湖鄉","120.785","24.515","337"
"52","323948","20220922235000","41","2","苗栗縣","泰安鄉","120.950","24.465","72"
"84","323952","20220922235000","124","0","苗栗縣","泰安鄉","120.970","24.465","131"
"129","323970","20220922235000","130","0","苗栗縣","泰安鄉","120.945","24.470","130"
"82","323976","20220922235000","86","0","苗栗縣","泰安鄉","120.975","24.470","102"
"11","323977","20220922235000","20","0","苗栗縣","泰安鄉","120.980","24.470","11"
"28","324112","20220922235000","12","3","苗栗縣","獅潭鄉","120.910","24.505","17"
"48","324130","20220922235000","24","3","苗栗縣","獅潭鄉","120.910","24.510","48"
"293","324200","20220922235000","183","3","苗栗縣","獅潭鄉","120.920","24.540","304"
"54","324206","20220922235000","35","3","苗栗縣","獅潭鄉","120.950","24.540","57"
"108","324257","20220922235000","90","2","苗栗縣","獅潭鄉","120.935","24.555","95"
"42","324281","20220922235000","38","1","苗栗縣","獅潭鄉","120.910","24.465","39"
"161","324285","20220922235000","142","1","苗栗縣","獅潭鄉","120.880","24.470","137"
"27","324297","20220922235000","18","3","苗栗縣","獅潭鄉","120.915","24.475","21"
"69","324301","20220922235000","77","0","苗栗縣","獅潭鄉","120.900","24.485","61"
"65","324306","20220922235000","36","3","苗栗縣","獅潭鄉","120.900","24.490","58"
"63","324349","20220922235000","59","1","苗栗縣","泰安鄉","120.945","24.485","57"
"34","324420","20220922235000","45","0","苗栗縣","泰安鄉","121.205","24.465","34"
"15","324615","20220922235000","22","0","苗栗縣","泰安鄉","121.070","24.495","16"
"23","324700","20220922235000","16","2","苗栗縣","通霄鎮","120.700","24.505","25"
"24","324701","20220922235000","15","3","苗栗縣","通霄鎮","120.705","24.505","18"
"72","324706","20220922235000","56","2","苗栗縣","通霄鎮","120.715","24.510","78"
"84","324721","20220922235000","80","1","苗栗縣","西湖鄉","120.780","24.550","79"
"88","324736","20220922235000","47","3","苗栗縣","西湖鄉","120.755","24.495","92"
"67","324766","20220922235000","23","3","苗栗縣","西湖鄉","120.785","24.540","63"
"45","324767","20220922235000","46","0","苗栗縣","西湖鄉","120.755","24.545","40"
"65","324782","20220922235000","30","3","苗栗縣","通霄鎮","120.680","24.465","54"
"422","324784","20220922235000","451","0","苗栗縣","通霄鎮","120.665","24.470","417"
"96","324791","20220922235000","884","0","苗栗縣","通霄鎮","120.675","24.475","106"
"283","324812","20220922235000","286","0","苗栗縣","通霄鎮","120.710","24.555","267"
"34","324833","20220922235000","178","0","苗栗縣","通霄鎮","120.710","24.505","43"
"29","324850","20220922235000","30","0","苗栗縣","通霄鎮","120.715","24.480","27"
"58","324851","20220922235000","44","2","苗栗縣","通霄鎮","120.720","24.480","62"
"230","324858","20220922235000","185","2","苗栗縣","通霄鎮","120.720","24.465","240"
"122","324872","20220922235000","90","2","苗栗縣","通霄鎮","120.685","24.485","115"
"45","324877","20220922235000","840","0","苗栗縣","通霄鎮","120.690","24.495","52"
"31","324879","20220922235000","322","0","苗栗縣","通霄鎮","120.695","24.500","26"
"121","328071","20220922235000","121","1","宜蘭縣","蘇澳鎮","121.860","24.600","99"
"37","328073","20220922235000","77","0","宜蘭縣","蘇澳鎮","121.870","24.600","40"
"117","328074","20220922235000","297","0","宜蘭縣","蘇澳鎮","121.880","24.600","109"
"28","328390","20220922235000","32","0","宜蘭縣","蘇澳鎮","121.880","24.605","18"
"276","331880","20220922235000","257","1","宜蘭縣","冬山鄉","121.750","24.645","281"
"29","331921","20220922235000","21","2","宜蘭縣","南澳鄉","121.805","24.555","31"
"1304","332115","20220922235000","1021","2","宜蘭縣","蘇澳鎮","121.865","24.580","1432"
"160","332120","20220922235000","128","2","宜蘭縣","冬山鄉","121.815","24.630","154"
"164","332121","20220922235000","102","3","宜蘭縣","蘇澳鎮","121.820","24.625","158"
"591","332122","20220922235000","641","0","宜蘭縣","冬山鄉","121.810","24.630","619"
"275","332124","20220922235000","186","2","宜蘭縣","冬山鄉","121.820","24.630","290"
"280","332146","20220922235000","259","1","宜蘭縣","冬山鄉","121.710","24.635","252"
"665","332186","20220922235000","557","1","宜蘭縣","冬山鄉","121.770","24.630","655"
"328","332216","20220922235000","557","0","宜蘭縣","冬山鄉","121.785","24.625","303"
"161","332233","20220922235000","202","0","宜蘭縣","冬山鄉","121.730","24.650","169"
"311","332244","20220922235000","235","2","宜蘭縣","冬山鄉","121.805","24.625","299"
"16","332340","20220922235000","16","1","宜蘭縣","大同鄉","121.495","24.570","13"
"40","332362","20220922235000","37","1","宜蘭縣","大同鄉","121.480","24.575","73"
"82","332385","20220922235000","58","2","宜蘭縣","大同鄉","121.495","24.580","79"
"18","332698","20220922235000","28","0","宜蘭縣","大同鄉","121.685","24.610","12"
"188","332699","20220922235000","121","3","宜蘭縣","大同鄉","121.690","24.610","175"
"14","332848","20220922235000","15","0","宜蘭縣","大同鄉","121.635","24.615","14"
"11","332886","20220922235000","14","0","宜蘭縣","大同鄉","121.590","24.630","14"
"42","332889","20220922235000","65","0","宜蘭縣","大同鄉","121.605","24.630","38"
"22","332899","20220922235000","16","2","宜蘭縣","三星鄉","121.605","24.635","21"
"68","332902","20220922235000","70","0","宜蘭縣","大同鄉","121.560","24.640","48"
"73","333040","20220922235000","118","0","宜蘭縣","大同鄉","121.530","24.595","82"
"72","333282","20220922235000","59","2","宜蘭縣","大同鄉","121.525","24.630","70"
"16","333369","20220922235000","18","0","宜蘭縣","大同鄉","121.475","24.650","14"
"153","333370","20220922235000","63","3","宜蘭縣","大同鄉","121.480","24.650","114"
"12","333448","20220922235000","238","0","宜蘭縣","蘇澳鎮","121.865","24.575","10"
"371","333450","20220922235000","520","0","宜蘭縣","蘇澳鎮","121.870","24.580","361"
"514","333451","20220922235000","521","0","宜蘭縣","蘇澳鎮","121.875","24.580","492"
"1031","333457","20220922235000","796","2","宜蘭縣","蘇澳鎮","121.855","24.595","1069"
"53","333458","20220922235000","47","1","宜蘭縣","蘇澳鎮","121.875","24.600","63"
"16","333460","20220922235000","15","1","宜蘭縣","蘇澳鎮","121.860","24.605","15"
"61","333462","20220922235000","42","2","宜蘭縣","蘇澳鎮","121.870","24.605","50"
"644","333474","20220922235000","512","2","宜蘭縣","蘇澳鎮","121.835","24.590","644"
"999","333478","20220922235000","1041","0","宜蘭縣","蘇澳鎮","121.835","24.595","1031"
"317","333479","20220922235000","346","0","宜蘭縣","蘇澳鎮","121.840","24.595","309"
"172","333488","20220922235000","135","2","宜蘭縣","蘇澳鎮","121.835","24.605","168"
"49","333492","20220922235000","31","3","宜蘭縣","蘇澳鎮","121.830","24.610","52"
"730","333495","20220922235000","571","2","宜蘭縣","蘇澳鎮","121.830","24.615","760"
"716","333504","20220922235000","677","1","宜蘭縣","五結鄉","121.835","24.650","694"
"376","333511","20220922235000","271","2","宜蘭縣","冬山鄉","121.795","24.640","389"
"50","333515","20220922235000","53","0","宜蘭縣","冬山鄉","121.780","24.650","49"
"217","333516","20220922235000","125","3","宜蘭縣","冬山鄉","121.785","24.650","217"
"613","333519","20220922235000","570","1","宜蘭縣","蘇澳鎮","121.835","24.620","643"
"1675","333520","20220922235000","1481","1","宜蘭縣","蘇澳鎮","121.840","24.620","1665"
"122","333521","20220922235000","94","2","宜蘭縣","蘇澳鎮","121.845","24.620","129"
"438","333522","20220922235000","371","1","宜蘭縣","蘇澳鎮","121.835","24.625","435"
"45","333545","20220922235000","58","0","宜蘭縣","蘇澳鎮","121.845","24.565","34"
"161","333557","20220922235000","151","1","宜蘭縣","蘇澳鎮","121.840","24.575","160"
"29","333558","20220922235000","20","2","宜蘭縣","蘇澳鎮","121.845","24.575","29"
"142","333564","20220922235000","288","0","宜蘭縣","蘇澳鎮","121.855","24.605","147"
"86","333566","20220922235000","94","0","宜蘭縣","蘇澳鎮","121.850","24.610","74"
"528","333569","20220922235000","456","1","宜蘭縣","蘇澳鎮","121.850","24.615","552"
"429","333653","20220922235000","404","1","宜蘭縣","三星鄉","121.615","24.650","421"
"571","333661","20220922235000","521","1","宜蘭縣","冬山鄉","121.805","24.640","567"
"130","333695","20220922235000","102","2","宜蘭縣","蘇澳鎮","121.850","24.575","151"
"55","333704","20220922235000","32","3","宜蘭縣","蘇澳鎮","121.845","24.580","29"
"24","333737","20220922235000","24","1","宜蘭縣","蘇澳鎮","121.815","24.610","26"
"171","333739","20220922235000","144","1","宜蘭縣","蘇澳鎮","121.815","24.615","159"
"78","333741","20220922235000","60","2","宜蘭縣","蘇澳鎮","121.825","24.615","59"
"404","333742","20220922235000","361","1","宜蘭縣","蘇澳鎮","121.815","24.620","407"
"987","333751","20220922235000","920","1","宜蘭縣","冬山鄉","121.765","24.650","1020"
"272","333753","20220922235000","424","0","宜蘭縣","冬山鄉","121.795","24.630","245"
"599","333754","20220922235000","657","0","宜蘭縣","冬山鄉","121.800","24.630","580"
"19","333764","20220922235000","26","0","宜蘭縣","冬山鄉","121.725","24.625","24"
"29","333769","20220922235000","25","1","宜蘭縣","冬山鄉","121.750","24.625","30"
"32","333770","20220922235000","20","3","宜蘭縣","冬山鄉","121.760","24.625","30"
"13","333774","20220922235000","67","0","宜蘭縣","冬山鄉","121.740","24.630","15"
"165","333781","20220922235000","149","1","宜蘭縣","冬山鄉","121.750","24.635","167"
"233","333789","20220922235000","189","2","宜蘭縣","冬山鄉","121.765","24.640","223"
"89","333791","20220922235000","89","1","宜蘭縣","冬山鄉","121.760","24.645","80"
"936","333802","20220922235000","707","2","宜蘭縣","冬山鄉","121.790","24.635","912"
"1302","333804","20220922235000","1037","2","宜蘭縣","冬山鄉","121.795","24.635","1365"
"12","333808","20220922235000","10","2","宜蘭縣","蘇澳鎮","121.845","24.635","12"
"1080","333809","20220922235000","552","3","宜蘭縣","蘇澳鎮","121.835","24.640","1082"
"94","333810","20220922235000","118","0","宜蘭縣","蘇澳鎮","121.840","24.640","81"
"713","333814","20220922235000","631","1","宜蘭縣","蘇澳鎮","121.830","24.630","715"
"653","333818","20220922235000","521","2","宜蘭縣","蘇澳鎮","121.830","24.640","650"
"649","333821","20220922235000","614","1","宜蘭縣","蘇澳鎮","121.830","24.645","642"
"19","333893","20220922235000","14","2","新竹縣","北埔鄉","121.065","24.645","17"
"74","333899","20220922235000","48","3","新竹縣","竹東鎮","121.095","24.645","48"
"121","334213","20220922235000","69","3","新竹縣","尖石鄉","121.340","24.650","133"
"88","334309","20220922235000","34","3","新竹縣","尖石鄉","121.310","24.570","113"
"119","334366","20220922235000","94","2","新竹縣","尖石鄉","121.305","24.580","101"
"68","334372","20220922235000","47","2","新竹縣","尖石鄉","121.335","24.580","75"
"30","334487","20220922235000","31","0","新竹縣","尖石鄉","121.290","24.605","29"
"190","334532","20220922235000","179","1","新竹縣","尖石鄉","121.295","24.610","185"
"54","334547","20220922235000","49","1","新竹縣","尖石鄉","121.285","24.615","56"
"40","334623","20220922235000","24","3","新竹縣","尖石鄉","121.275","24.640","41"
"54","334698","20220922235000","44","2","新竹縣","峨眉鄉","121.025","24.655","52"
"18","334723","20220922235000","99","0","宜蘭縣","蘇澳鎮","121.840","24.590","33"
"83","334725","20220922235000","69","2","宜蘭縣","蘇澳鎮","121.850","24.590","75"
"717","334726","20220922235000","674","1","宜蘭縣","蘇澳鎮","121.845","24.595","731"
"35","334737","20220922235000","32","1","新竹縣","五峰鄉","121.090","24.605","46"
"35","334763","20220922235000","21","3","新竹縣","五峰鄉","121.105","24.615","45"
"35","334770","20220922235000","35","1","新竹縣","五峰鄉","121.085","24.625","32"
"142","334783","20220922235000","106","2","新竹縣","五峰鄉","121.120","24.630","147"
"340","334790","20220922235000","372","0","新竹縣","五峰鄉","121.100","24.640","297"
"29","334829","20220922235000","21","2","新竹縣","五峰鄉","121.090","24.565","35"
"12","334833","20220922235000","10","2","新竹縣","五峰鄉","121.110","24.565","11"
"93","334868","20220922235000","62","3","新竹縣","五峰鄉","121.105","24.580","65"
"22","334869","20220922235000","14","3","新竹縣","五峰鄉","121.110","24.580","20"
"73","334891","20220922235000","59","2","新竹縣","五峰鄉","121.115","24.590","82"
"110","334969","20220922235000","57","3","新竹縣","五峰鄉","121.125","24.590","175"
"44","335076","20220922235000","26","3","新竹縣","五峰鄉","121.155","24.610","46"
"64","335109","20220922235000","34","3","新竹縣","五峰鄉","121.110","24.620","54"
"21","335134","20220922235000","19","1","新竹縣","五峰鄉","121.145","24.625","14"
"66","335187","20220922235000","66","1","新竹縣","五峰鄉","121.150","24.645","78"
"104","335195","20220922235000","73","2","新竹縣","竹東鎮","121.125","24.650","97"
"42","335200","20220922235000","45","0","新竹縣","五峰鄉","121.150","24.650","40"
"132","335230","20220922235000","95","2","新竹縣","五峰鄉","121.180","24.655","117"
"152","335366","20220922235000","128","1","桃園市","復興區","121.400","24.640","141"
"18","335480","20220922235000","24","0","苗栗縣","三灣鄉","120.960","24.610","20"
"112","335520","20220922235000","70","3","苗栗縣","三灣鄉","120.925","24.640","113"
"278","335553","20220922235000","247","1","苗栗縣","三灣鄉","121.005","24.645","315"
"138","335569","20220922235000","946","0","苗栗縣","三灣鄉","120.955","24.650","134"
"55","335581","20220922235000","27","3","苗栗縣","三灣鄉","120.945","24.655","48"
"127","335594","20220922235000","84","3","苗栗縣","三灣鄉","120.975","24.645","117"
"187","335619","20220922235000","181","1","苗栗縣","三灣鄉","120.905","24.625","187"
"354","335630","20220922235000","296","1","苗栗縣","後龍鎮","120.770","24.615","309"
"101","335632","20220922235000","61","3","苗栗縣","後龍鎮","120.765","24.620","87"
"718","335635","20220922235000","683","1","苗栗縣","後龍鎮","120.780","24.620","706"
"48","335639","20220922235000","621","0","苗栗縣","後龍鎮","120.780","24.625","52"
"431","335647","20220922235000","582","0","苗栗縣","苗栗市","120.830","24.560","427"
"417","335648","20220922235000","264","3","苗栗縣","苗栗市","120.835","24.560","446"
"777","335652","20220922235000","705","1","苗栗縣","苗栗市","120.825","24.585","794"
"161","335655","20220922235000","176","0","苗栗縣","苗栗市","120.815","24.595","148"
"225","335657","20220922235000","184","2","苗栗縣","苗栗市","120.825","24.595","214"
"867","335658","20220922235000","417","3","苗栗縣","苗栗市","120.825","24.575","755"
"725","335660","20220922235000","1595","0","苗栗縣","苗栗市","120.825","24.580","674"
"288","335662","20220922235000","269","1","苗栗縣","苗栗市","120.810","24.560","282"
"1905","335663","20220922235000","2311","0","苗栗縣","苗栗市","120.815","24.560","2000"
"200","335666","20220922235000","375","0","苗栗縣","通霄鎮","120.715","24.560","202"
"64","335669","20220922235000","82","0","苗栗縣","通霄鎮","120.715","24.565","91"
"18","335671","20220922235000","673","0","苗栗縣","通霄鎮","120.710","24.570","24"
"140","335675","20220922235000","226","0","苗栗縣","通霄鎮","120.710","24.565","177"
"132","335689","20220922235000","127","1","苗栗縣","南庄鄉","121.005","24.615","143"
"158","335701","20220922235000","115","2","苗栗縣","南庄鄉","121.010","24.635","136"
"2130","335706","20220922235000","2055","1","苗栗縣","苗栗市","120.820","24.565","2160"
"135","335707","20220922235000","1059","0","苗栗縣","苗栗市","120.820","24.570","128"
"446","335708","20220922235000","449","0","苗栗縣","苗栗市","120.820","24.575","439"
"417","335717","20220922235000","421","0","苗栗縣","後龍鎮","120.775","24.650","416"
"21","335748","20220922235000","310","0","苗栗縣","南庄鄉","120.985","24.635","22"
"1060","335753","20220922235000","832","2","苗栗縣","苗栗市","120.830","24.575","1036"
"278","335754","20220922235000","172","3","苗栗縣","苗栗市","120.830","24.580","248"
"86","335762","20220922235000","1913","0","苗栗縣","苗栗市","120.830","24.570","102"
"1097","335763","20220922235000","873","2","苗栗縣","苗栗市","120.835","24.570","1082"
"35","335766","20220922235000","120","0","苗栗縣","苗栗市","120.840","24.575","32"
"20","335767","20220922235000","328","0","苗栗縣","苗栗市","120.835","24.580","22"
"35","335776","20220922235000","300","0","苗栗縣","頭屋鄉","120.845","24.595","32"
"53","335787","20220922235000","40","2","苗栗縣","頭屋鄉","120.860","24.570","45"
"23","335795","20220922235000","221","0","苗栗縣","頭屋鄉","120.855","24.580","31"
"175","335796","20220922235000","179","0","苗栗縣","頭屋鄉","120.860","24.580","178"
"37","335799","20220922235000","286","0","苗栗縣","頭屋鄉","120.875","24.580","33"
"66","335801","20220922235000","298","0","苗栗縣","頭屋鄉","120.850","24.570","69"
"14","335802","20220922235000","59","0","苗栗縣","頭屋鄉","120.855","24.570","14"
"223","335804","20220922235000","430","0","苗栗縣","頭屋鄉","120.850","24.575","231"
"90","335805","20220922235000","263","0","苗栗縣","頭屋鄉","120.855","24.575","96"
"109","335817","20220922235000","128","0","苗栗縣","後龍鎮","120.730","24.590","106"
"148","335832","20220922235000","137","1","苗栗縣","後龍鎮","120.735","24.605","138"
"25","335861","20220922235000","11","3","苗栗縣","南庄鄉","121.000","24.560","25"
"12","335881","20220922235000","79","0","苗栗縣","南庄鄉","120.985","24.570","12"
"18","335884","20220922235000","23","0","苗栗縣","南庄鄉","121.000","24.570","18"
"15","335915","20220922235000","151","0","苗栗縣","南庄鄉","120.995","24.585","13"
"21","335931","20220922235000","149","0","苗栗縣","南庄鄉","121.015","24.595","16"
"456","335948","20220922235000","414","1","苗栗縣","南庄鄉","120.955","24.640","450"
"387","335954","20220922235000","327","1","苗栗縣","南庄鄉","121.000","24.600","414"
"402","335959","20220922235000","393","1","苗栗縣","南庄鄉","121.000","24.605","412"
"34","336014","20220922235000","32","1","苗栗縣","南庄鄉","121.035","24.585","31"
"18","336050","20220922235000","115","0","苗栗縣","南庄鄉","121.040","24.600","15"
"206","336097","20220922235000","181","1","苗栗縣","南庄鄉","121.035","24.620","189"
"45","336103","20220922235000","41","1","苗栗縣","南庄鄉","121.020","24.620","40"
"48","336149","20220922235000","200","0","苗栗縣","頭屋鄉","120.890","24.585","62"
"199","336180","20220922235000","149","2","苗栗縣","頭屋鄉","120.885","24.600","191"
"17","336185","20220922235000","255","0","苗栗縣","頭屋鄉","120.845","24.560","19"
"29","336218","20220922235000","22","2","苗栗縣","頭屋鄉","120.895","24.570","20"
"38","336244","20220922235000","328","0","苗栗縣","頭份鎮","120.880","24.645","42"
"183","336248","20220922235000","187","0","苗栗縣","頭份鎮","120.880","24.650","210"
"505","336249","20220922235000","428","1","苗栗縣","頭份鎮","120.885","24.650","490"
"784","336266","20220922235000","807","0","苗栗縣","後龍鎮","120.785","24.610","753"
"322","336274","20220922235000","300","1","苗栗縣","後龍鎮","120.820","24.615","271"
"43","336275","20220922235000","24","3","苗栗縣","後龍鎮","120.825","24.615","39"
"586","336278","20220922235000","588","0","苗栗縣","後龍鎮","120.810","24.620","606"
"171","336282","20220922235000","190","0","苗栗縣","造橋鄉","120.815","24.625","177"
"1859","336283","20220922235000","1533","2","苗栗縣","苗栗市","120.810","24.565","1815"
"1679","336284","20220922235000","1261","2","苗栗縣","苗栗市","120.815","24.565","1664"
"191","336285","20220922235000","178","1","苗栗縣","苗栗市","120.805","24.570","199"
"18","336287","20220922235000","372","0","苗栗縣","苗栗市","120.815","24.570","17"
"80","336288","20220922235000","78","1","苗栗縣","苗栗市","120.810","24.575","85"
"459","336292","20220922235000","416","1","苗栗縣","苗栗市","120.810","24.585","470"
"184","336295","20220922235000","193","0","苗栗縣","苗栗市","120.810","24.590","186"
"20","336318","20220922235000","22","0","苗栗縣","苗栗市","120.795","24.580","23"
"21","336323","20220922235000","40","0","苗栗縣","苗栗市","120.795","24.585","25"
"558","336331","20220922235000","937","0","苗栗縣","苗栗市","120.825","24.570","555"
"12","336351","20220922235000","203","0","苗栗縣","後龍鎮","120.800","24.645","11"
"147","336352","20220922235000","598","0","苗栗縣","後龍鎮","120.805","24.645","172"
"173","336359","20220922235000","107","3","苗栗縣","後龍鎮","120.805","24.650","149"
"2066","336369","20220922235000","1606","2","苗栗縣","後龍鎮","120.790","24.610","2094"
"83","336376","20220922235000","439","0","苗栗縣","後龍鎮","120.810","24.610","81"
"202","336382","20220922235000","180","1","苗栗縣","後龍鎮","120.800","24.625","161"
"203","336386","20220922235000","139","2","苗栗縣","後龍鎮","120.800","24.630","197"
"23","336390","20220922235000","232","0","苗栗縣","後龍鎮","120.800","24.635","19"
"117","336395","20220922235000","86","2","苗栗縣","後龍鎮","120.825","24.605","111"
"179","336400","20220922235000","212","0","苗栗縣","後龍鎮","120.825","24.610","199"
"59","336426","20220922235000","351","0","苗栗縣","造橋鄉","120.890","24.620","65"
"92","336440","20220922235000","80","1","苗栗縣","造橋鄉","120.925","24.600","87"
"80","336466","20220922235000","61","2","苗栗縣","造橋鄉","120.910","24.620","82"
"37","336470","20220922235000","123","0","苗栗縣","造橋鄉","120.865","24.605","30"
"174","336492","20220922235000","116","3","苗栗縣","造橋鄉","120.855","24.620","181"
"26","336501","20220922235000","185","0","苗栗縣","造橋鄉","120.865","24.630","27"
"37","336504","20220922235000","28","2","苗栗縣","造橋鄉","120.860","24.645","39"
"343","336511","20220922235000","187","3","苗栗縣","造橋鄉","120.860","24.655","309"
"103","336512","20220922235000","82","2","苗栗縣","造橋鄉","120.865","24.655","131"
"227","336520","20220922235000","132","3","苗栗縣","造橋鄉","120.850","24.645","183"
"285","336523","20220922235000","228","2","苗栗縣","造橋鄉","120.845","24.650","249"
"15","336526","20220922235000","210","0","苗栗縣","造橋鄉","120.840","24.650","204"
"66","336531","20220922235000","101","0","苗栗縣","造橋鄉","120.855","24.655","85"
"187","336542","20220922235000","203","0","苗栗縣","造橋鄉","120.840","24.610","175"
"13","336543","20220922235000","10","2","苗栗縣","造橋鄉","120.845","24.610","12"
"46","336546","20220922235000","32","2","苗栗縣","造橋鄉","120.840","24.615","48"
"326","336556","20220922235000","273","1","苗栗縣","造橋鄉","120.840","24.625","188"
"53","336559","20220922235000","54","0","苗栗縣","造橋鄉","120.855","24.625","54"
"10","336566","20220922235000","17","0","苗栗縣","造橋鄉","120.870","24.635","10"
"78","336569","20220922235000","50","3","苗栗縣","造橋鄉","120.860","24.640","72"
"299","336572","20220922235000","340","0","苗栗縣","造橋鄉","120.875","24.640","290"
"228","336573","20220922235000","170","2","苗栗縣","造橋鄉","120.865","24.645","221"
"115","336574","20220922235000","117","0","苗栗縣","造橋鄉","120.870","24.645","125"
"78","336587","20220922235000","40","3","苗栗縣","造橋鄉","120.820","24.630","72"
"17","336597","20220922235000","134","0","苗栗縣","造橋鄉","120.825","24.640","15"
"39","336604","20220922235000","31","2","苗栗縣","造橋鄉","120.840","24.645","31"
"18","336605","20220922235000","59","0","苗栗縣","造橋鄉","120.830","24.650","140"
"141","336610","20220922235000","65","3","苗栗縣","造橋鄉","120.840","24.655","83"
"10","336614","20220922235000","80","0","苗栗縣","獅潭鄉","120.940","24.560","10"
"41","336662","20220922235000","252","0","苗栗縣","獅潭鄉","120.940","24.590","46"
"175","336672","20220922235000","1064","0","苗栗縣","頭份鎮","120.890","24.625","187"
"208","336679","20220922235000","246","0","苗栗縣","頭份鎮","120.885","24.635","187"
"204","336689","20220922235000","123","3","苗栗縣","頭份鎮","120.885","24.645","198"
"22","336694","20220922235000","19","1","苗栗縣","頭份鎮","120.905","24.650","23"
"158","336716","20220922235000","168","0","苗栗縣","後龍鎮","120.765","24.590","181"
"135","336717","20220922235000","107","2","苗栗縣","後龍鎮","120.750","24.595","138"
"178","336734","20220922235000","150","1","苗栗縣","後龍鎮","120.760","24.635","176"
"31","336737","20220922235000","33","0","苗栗縣","後龍鎮","120.775","24.635","30"
"196","336741","20220922235000","134","2","苗栗縣","後龍鎮","120.770","24.640","156"
"503","336749","20220922235000","435","1","苗栗縣","後龍鎮","120.825","24.600","508"
"338","336751","20220922235000","302","1","苗栗縣","後龍鎮","120.815","24.605","367"
"29","336767","20220922235000","154","0","苗栗縣","後龍鎮","120.790","24.590","28"
"39","336777","20220922235000","345","0","苗栗縣","後龍鎮","120.780","24.600","56"
"196","336816","20220922235000","344","0","苗栗縣","西湖鄉","120.755","24.560","201"
"373","336818","20220922235000","317","1","苗栗縣","西湖鄉","120.755","24.565","357"
"35","336841","20220922235000","650","0","苗栗縣","後龍鎮","120.790","24.615","43"
"201","336849","20220922235000","250","0","苗栗縣","後龍鎮","120.735","24.570","221"
"59","336867","20220922235000","63","0","苗栗縣","後龍鎮","120.725","24.590","54"
"19","336873","20220922235000","13","2","苗栗縣","後龍鎮","120.725","24.600","13"
"1158","345384","20220922235000","940","2","宜蘭縣","員山鄉","121.730","24.730","1109"
"705","345386","20220922235000","530","2","宜蘭縣","冬山鄉","121.750","24.655","698"
"1005","345394","20220922235000","921","1","宜蘭縣","員山鄉","121.725","24.740","1038"
"892","345398","20220922235000","830","1","宜蘭縣","員山鄉","121.725","24.745","886"
"195","345405","20220922235000","167","1","宜蘭縣","員山鄉","121.705","24.730","189"
"278","345413","20220922235000","164","3","宜蘭縣","員山鄉","121.715","24.735","280"
"392","345414","20220922235000","338","1","宜蘭縣","員山鄉","121.720","24.735","379"
"32","345418","20220922235000","445","0","宜蘭縣","宜蘭市","121.760","24.755","27"
"1003","345419","20220922235000","1190","0","宜蘭縣","宜蘭市","121.755","24.755","963"
"276","345420","20220922235000","260","1","宜蘭縣","員山鄉","121.730","24.710","292"
"624","345431","20220922235000","551","1","宜蘭縣","宜蘭市","121.740","24.725","659"
"72","345442","20220922235000","56","2","宜蘭縣","員山鄉","121.630","24.690","79"
"16","345460","20220922235000","28","0","宜蘭縣","員山鄉","121.645","24.700","19"
"96","345472","20220922235000","78","2","宜蘭縣","員山鄉","121.645","24.705","91"
"53","345493","20220922235000","56","0","宜蘭縣","員山鄉","121.665","24.710","48"
"48","345545","20220922235000","52","0","宜蘭縣","員山鄉","121.680","24.715","47"
"313","345546","20220922235000","264","1","宜蘭縣","員山鄉","121.685","24.715","328"
"409","345550","20220922235000","339","2","宜蘭縣","員山鄉","121.685","24.720","422"
"1058","345564","20220922235000","756","2","宜蘭縣","冬山鄉","121.705","24.655","1056"
"490","345567","20220922235000","414","1","宜蘭縣","冬山鄉","121.745","24.670","463"
"30","345571","20220922235000","302","0","宜蘭縣","羅東鎮","121.750","24.685","31"
"13","345574","20220922235000","16","0","宜蘭縣","冬山鄉","121.730","24.660","13"
"405","345575","20220922235000","325","2","宜蘭縣","冬山鄉","121.735","24.660","419"
"453","345579","20220922235000","445","1","宜蘭縣","冬山鄉","121.745","24.665","478"
"630","345580","20220922235000","314","3","宜蘭縣","冬山鄉","121.750","24.670","614"
"458","345593","20220922235000","306","2","宜蘭縣","冬山鄉","121.735","24.680","448"
"304","345596","20220922235000","242","2","宜蘭縣","冬山鄉","121.730","24.685","305"
"498","345600","20220922235000","257","3","宜蘭縣","冬山鄉","121.740","24.690","477"
"98","345608","20220922235000","210","0","宜蘭縣","壯圍鄉","121.780","24.725","101"
"638","345621","20220922235000","351","3","宜蘭縣","宜蘭市","121.755","24.765","599"
"365","345623","20220922235000","334","1","宜蘭縣","三星鄉","121.685","24.700","381"
"280","345646","20220922235000","175","3","宜蘭縣","五結鄉","121.775","24.700","275"
"28","345649","20220922235000","164","0","宜蘭縣","五結鄉","121.790","24.700","35"
"320","345652","20220922235000","287","1","宜蘭縣","五結鄉","121.785","24.705","299"
"250","345678","20220922235000","289","0","宜蘭縣","三星鄉","121.675","24.685","240"
"159","345685","20220922235000","324","0","宜蘭縣","三星鄉","121.670","24.690","159"
"22","345695","20220922235000","150","0","宜蘭縣","三星鄉","121.685","24.695","28"
"282","345711","20220922235000","193","2","宜蘭縣","三星鄉","121.630","24.665","300"
"995","345715","20220922235000","1033","0","宜蘭縣","宜蘭市","121.755","24.760","1063"
"518","345716","20220922235000","384","2","宜蘭縣","三星鄉","121.655","24.670","500"
"1331","345720","20220922235000","1245","1","宜蘭縣","三星鄉","121.650","24.665","1319"
"952","345726","20220922235000","1077","0","宜蘭縣","壯圍鄉","121.815","24.760","949"
"233","345731","20220922235000","207","1","宜蘭縣","大同鄉","121.600","24.675","217"
"133","345738","20220922235000","142","0","宜蘭縣","大同鄉","121.610","24.680","156"
"118","345857","20220922235000","108","1","宜蘭縣","大同鄉","121.580","24.655","117"
"176","345897","20220922235000","119","2","宜蘭縣","大同鄉","121.590","24.665","165"
"29","345918","20220922235000","24","2","宜蘭縣","大同鄉","121.590","24.670","23"
"401","345998","20220922235000","367","1","宜蘭縣","宜蘭市","121.745","24.760","393"
"406","346004","20220922235000","404","1","宜蘭縣","壯圍鄉","121.820","24.725","394"
"500","346010","20220922235000","485","1","宜蘭縣","員山鄉","121.685","24.730","515"
"433","346029","20220922235000","247","3","宜蘭縣","員山鄉","121.705","24.710","431"
"149","346033","20220922235000","125","1","宜蘭縣","員山鄉","121.725","24.710","139"
"1003","346041","20220922235000","861","1","宜蘭縣","員山鄉","121.720","24.725","1140"
"314","346048","20220922235000","242","2","宜蘭縣","員山鄉","121.700","24.745","309"
"21","346150","20220922235000","23","0","宜蘭縣","員山鄉","121.670","24.745","21"
"326","346153","20220922235000","244","2","宜蘭縣","員山鄉","121.685","24.745","304"
"30","346184","20220922235000","33","0","宜蘭縣","員山鄉","121.640","24.755","30"
"206","346231","20220922235000","178","1","宜蘭縣","冬山鄉","121.790","24.655","201"
"467","346234","20220922235000","444","1","宜蘭縣","冬山鄉","121.805","24.655","438"
"688","346247","20220922235000","567","2","宜蘭縣","羅東鎮","121.775","24.685","708"
"307","346248","20220922235000","238","2","宜蘭縣","五結鄉","121.775","24.690","297"
"959","346251","20220922235000","744","2","宜蘭縣","五結鄉","121.770","24.695","946"
"409","346252","20220922235000","291","2","宜蘭縣","五結鄉","121.775","24.695","411"
"2327","346254","20220922235000","2396","0","宜蘭縣","羅東鎮","121.770","24.680","2444"
"30","346256","20220922235000","26","1","宜蘭縣","員山鄉","121.720","24.760","37"
"2883","346259","20220922235000","1944","2","宜蘭縣","五結鄉","121.770","24.705","2867"
"88","346261","20220922235000","736","0","宜蘭縣","五結鄉","121.785","24.685","1166"
"2071","346263","20220922235000","1931","1","宜蘭縣","五結鄉","121.795","24.685","2078"
"1061","346264","20220922235000","857","2","宜蘭縣","五結鄉","121.800","24.685","1039"
"1369","346266","20220922235000","1273","1","宜蘭縣","五結鄉","121.795","24.690","1373"
"760","346267","20220922235000","662","1","宜蘭縣","五結鄉","121.795","24.695","758"
"812","346274","20220922235000","967","0","宜蘭縣","五結鄉","121.820","24.665","831"
"12","346275","20220922235000","18","0","宜蘭縣","五結鄉","121.825","24.665","21"
"615","346280","20220922235000","449","2","宜蘭縣","五結鄉","121.810","24.675","580"
"109","346281","20220922235000","87","2","宜蘭縣","五結鄉","121.815","24.675","110"
"396","346284","20220922235000","329","2","宜蘭縣","五結鄉","121.815","24.680","448"
"224","346286","20220922235000","166","2","宜蘭縣","五結鄉","121.800","24.680","221"
"43","346292","20220922235000","346","0","宜蘭縣","壯圍鄉","121.795","24.760","43"
"303","346360","20220922235000","368","0","宜蘭縣","壯圍鄉","121.815","24.745","306"
"44","346378","20220922235000","30","2","宜蘭縣","壯圍鄉","121.805","24.765","38"
"2209","346379","20220922235000","1987","1","宜蘭縣","宜蘭市","121.750","24.750","2210"
"405","346389","20220922235000","388","1","宜蘭縣","五結鄉","121.810","24.700","434"
"157","346394","20220922235000","238","0","宜蘭縣","五結鄉","121.830","24.675","176"
"402","346399","20220922235000","566","0","宜蘭縣","五結鄉","121.825","24.680","400"
"48","346400","20220922235000","84","0","宜蘭縣","五結鄉","121.830","24.680","47"
"22","346401","20220922235000","23","0","宜蘭縣","五結鄉","121.835","24.680","23"
"39","346403","20220922235000","90","0","宜蘭縣","五結鄉","121.825","24.685","36"
"178","346413","20220922235000","151","1","宜蘭縣","五結鄉","121.835","24.660","178"
"145","346416","20220922235000","114","2","宜蘭縣","五結鄉","121.835","24.665","145"
"666","346420","20220922235000","771","0","宜蘭縣","五結鄉","121.795","24.680","665"
"722","346421","20220922235000","555","2","宜蘭縣","五結鄉","121.800","24.675","762"
"696","346423","20220922235000","358","3","宜蘭縣","五結鄉","121.785","24.680","655"
"701","346429","20220922235000","373","3","宜蘭縣","冬山鄉","121.775","24.660","706"
"263","346430","20220922235000","395","0","宜蘭縣","冬山鄉","121.770","24.665","258"
"331","346431","20220922235000","587","0","宜蘭縣","宜蘭市","121.745","24.755","335"
"420","346436","20220922235000","644","0","宜蘭縣","宜蘭市","121.750","24.740","403"
"925","346437","20220922235000","808","1","宜蘭縣","宜蘭市","121.750","24.760","886"
"55","346440","20220922235000","83","0","宜蘭縣","冬山鄉","121.765","24.665","60"
"277","346442","20220922235000","242","1","宜蘭縣","冬山鄉","121.780","24.660","301"
"522","346443","20220922235000","409","2","宜蘭縣","冬山鄉","121.785","24.660","525"
"168","346456","20220922235000","185","0","宜蘭縣","宜蘭市","121.770","24.720","151"
"1039","346457","20220922235000","785","2","宜蘭縣","宜蘭市","121.760","24.720","994"
"246","346458","20220922235000","219","1","宜蘭縣","宜蘭市","121.765","24.720","248"
"171","346461","20220922235000","187","0","宜蘭縣","五結鄉","121.820","24.695","153"
"145","346470","20220922235000","132","1","宜蘭縣","五結鄉","121.810","24.705","151"
"546","346472","20220922235000","396","2","宜蘭縣","五結鄉","121.820","24.705","582"
"250","346534","20220922235000","198","2","宜蘭縣","三星鄉","121.680","24.665","241"
"346","346538","20220922235000","267","2","宜蘭縣","三星鄉","121.680","24.670","347"
"425","346540","20220922235000","511","0","宜蘭縣","宜蘭市","121.740","24.760","434"
"320","346545","20220922235000","785","0","宜蘭縣","員山鄉","121.710","24.750","313"
"416","346553","20220922235000","261","3","宜蘭縣","員山鄉","121.715","24.760","385"
"681","346555","20220922235000","497","2","宜蘭縣","羅東鎮","121.765","24.690","701"
"563","346556","20220922235000","658","0","宜蘭縣","五結鄉","121.770","24.690","542"
"286","346558","20220922235000","272","1","宜蘭縣","壯圍鄉","121.800","24.730","285"
"1724","346566","20220922235000","1409","2","宜蘭縣","壯圍鄉","121.785","24.745","1681"
"376","346572","20220922235000","381","0","宜蘭縣","三星鄉","121.690","24.680","370"
"325","346599","20220922235000","257","2","宜蘭縣","三星鄉","121.700","24.665","322"
"617","346607","20220922235000","524","1","宜蘭縣","三星鄉","121.710","24.670","632"
"625","346608","20220922235000","567","1","宜蘭縣","三星鄉","121.715","24.670","621"
"306","346611","20220922235000","221","2","宜蘭縣","冬山鄉","121.730","24.670","318"
"626","346626","20220922235000","780","0","宜蘭縣","員山鄉","121.725","24.765","631"
"1218","346628","20220922235000","3187","0","宜蘭縣","羅東鎮","121.770","24.675","1194"
"2608","346629","20220922235000","3047","0","宜蘭縣","羅東鎮","121.760","24.680","2580"
"2270","346630","20220922235000","2098","1","宜蘭縣","羅東鎮","121.760","24.675","2321"
"330","346634","20220922235000","240","2","宜蘭縣","宜蘭市","121.775","24.735","319"
"864","346635","20220922235000","786","1","宜蘭縣","宜蘭市","121.765","24.740","878"
"1514","346642","20220922235000","1545","0","宜蘭縣","宜蘭市","121.770","24.750","1496"
"14","346652","20220922235000","86","0","宜蘭縣","壯圍鄉","121.805","24.720","24"
"1785","346668","20220922235000","1211","2","宜蘭縣","宜蘭市","121.750","24.755","1790"
"795","346672","20220922235000","881","0","宜蘭縣","冬山鄉","121.770","24.655","823"
"1083","346673","20220922235000","906","1","宜蘭縣","冬山鄉","121.755","24.660","1117"
"500","346674","20220922235000","467","1","宜蘭縣","冬山鄉","121.760","24.660","489"
"721","346675","20220922235000","503","2","宜蘭縣","冬山鄉","121.765","24.660","746"
"1287","346678","20220922235000","1001","2","宜蘭縣","羅東鎮","121.780","24.675","1156"
"419","346684","20220922235000","517","0","宜蘭縣","宜蘭市","121.770","24.725","450"
"441","346685","20220922235000","403","1","宜蘭縣","宜蘭市","121.765","24.725","409"
"2098","346692","20220922235000","1839","1","宜蘭縣","宜蘭市","121.755","24.745","2053"
"564","346698","20220922235000","279","3","宜蘭縣","三星鄉","121.725","24.690","559"
"590","346702","20220922235000","494","1","宜蘭縣","三星鄉","121.730","24.695","602"
"611","346710","20220922235000","632","0","宜蘭縣","羅東鎮","121.755","24.670","638"
"689","346712","20220922235000","812","0","宜蘭縣","羅東鎮","121.765","24.670","633"
"736","346713","20220922235000","578","2","宜蘭縣","五結鄉","121.800","24.690","736"
"1125","346714","20220922235000","931","2","宜蘭縣","五結鄉","121.800","24.695","1171"
"373","346718","20220922235000","413","0","宜蘭縣","五結鄉","121.790","24.705","371"
"226","346731","20220922235000","242","0","宜蘭縣","三星鄉","121.745","24.700","212"
"2477","346739","20220922235000","2199","1","新竹縣","竹東鎮","121.100","24.720","2448"
"86","346747","20220922235000","85","1","新竹縣","竹東鎮","121.035","24.760","78"
"2733","346754","20220922235000","1894","2","新竹縣","竹東鎮","121.090","24.745","2692"
"917","346790","20220922235000","889","1","新竹市","香山區","120.955","24.750","948"
"100","346791","20220922235000","127","0","新竹市","香山區","120.940","24.755","87"
"226","346792","20220922235000","166","2","新竹市","香山區","120.945","24.755","246"
"1051","346793","20220922235000","1102","0","新竹市","香山區","120.950","24.755","1043"
"145","346794","20220922235000","114","2","新竹市","香山區","120.920","24.720","142"
"520","346797","20220922235000","514","1","新竹市","香山區","120.915","24.730","532"
"236","346804","20220922235000","214","1","新竹市","香山區","120.915","24.735","249"
"405","346806","20220922235000","472","0","新竹市","香山區","120.915","24.740","403"
"1082","346812","20220922235000","772","2","新竹市","香山區","120.910","24.745","1101"
"109","346817","20220922235000","128","0","新竹市","香山區","120.880","24.735","108"
"305","346825","20220922235000","341","0","新竹市","香山區","120.895","24.740","300"
"13","346835","20220922235000","89","0","新竹市","香山區","120.925","24.715","13"
"32","346841","20220922235000","108","0","新竹市","香山區","120.930","24.725","48"
"144","346860","20220922235000","159","0","新竹縣","關西鎮","121.210","24.760","115"
"33","346863","20220922235000","34","0","新竹縣","關西鎮","121.225","24.760","28"
"101","346867","20220922235000","89","1","新竹縣","關西鎮","121.215","24.765","113"
"113","346868","20220922235000","79","2","新竹縣","關西鎮","121.220","24.765","120"
"106","346896","20220922235000","82","2","新竹縣","關西鎮","121.240","24.765","86"
"234","346907","20220922235000","121","3","新竹縣","關西鎮","121.230","24.770","229"
"1604","346918","20220922235000","1544","1","新竹市","東區","121.020","24.760","1738"
"68","346919","20220922235000","87","0","新竹市","東區","121.025","24.760","68"
"490","346920","20220922235000","538","0","新竹市","東區","121.020","24.765","441"
"945","346921","20220922235000","925","1","新竹市","東區","121.025","24.765","869"
"6094","346922","20220922235000","4488","2","新竹市","東區","121.015","24.770","6064"
"1150","346923","20220922235000","1623","0","新竹市","東區","121.020","24.770","1150"
"416","346924","20220922235000","430","0","新竹市","東區","121.025","24.770","460"
"259","346931","20220922235000","721","0","新竹縣","竹東鎮","121.090","24.735","249"
"227","346936","20220922235000","372","0","新竹縣","橫山鄉","121.100","24.710","223"
"806","346937","20220922235000","688","1","新竹縣","竹東鎮","121.100","24.715","799"
"363","346949","20220922235000","402","0","新竹縣","橫山鄉","121.180","24.705","359"
"213","346961","20220922235000","227","0","新竹縣","橫山鄉","121.165","24.710","217"
"191","346964","20220922235000","177","1","新竹縣","橫山鄉","121.150","24.715","198"
"11","346967","20220922235000","39","0","新竹縣","橫山鄉","121.165","24.715","11"
"913","347497","20220922235000","1129","0","新竹市","東區","120.975","24.765","908"
"818","347498","20220922235000","514","3","新竹市","東區","120.980","24.765","878"
"340","347499","20220922235000","333","1","新竹市","東區","120.970","24.770","341"
"1895","347500","20220922235000","1582","1","新竹市","東區","120.975","24.770","1861"
"381","347505","20220922235000","294","2","新竹市","東區","120.965","24.765","375"
"940","347506","20220922235000","1174","0","新竹市","東區","120.970","24.765","939"
"97","347507","20220922235000","56","3","新竹市","東區","120.965","24.770","101"
"1177","347508","20220922235000","1062","1","新竹縣","竹東鎮","121.085","24.735","1181"
"281","347515","20220922235000","474","0","新竹縣","竹東鎮","121.075","24.725","311"
"383","347520","20220922235000","399","0","新竹縣","竹東鎮","121.090","24.730","388"
"1401","347521","20220922235000","1242","1","新竹縣","竹東鎮","121.085","24.740","1474"
"1372","347522","20220922235000","792","3","新竹縣","竹東鎮","121.100","24.745","1353"
"460","347533","20220922235000","513","0","新竹縣","芎林鄉","121.125","24.725","469"
"310","347538","20220922235000","305","1","新竹縣","芎林鄉","121.120","24.735","321"
"169","347547","20220922235000","167","1","新竹縣","芎林鄉","121.135","24.745","178"
"52","347555","20220922235000","43","2","新竹縣","芎林鄉","121.140","24.750","53"
"88","347573","20220922235000","68","2","新竹縣","關西鎮","121.185","24.755","86"
"44","347587","20220922235000","50","0","新竹縣","關西鎮","121.205","24.765","44"
"62","347621","20220922235000","25","3","新竹縣","關西鎮","121.195","24.750","49"
"32","347640","20220922235000","65","0","新竹縣","關西鎮","121.180","24.745","32"
"52","347650","20220922235000","36","2","新竹縣","關西鎮","121.170","24.755","59"
"120","347665","20220922235000","67","3","新竹縣","關西鎮","121.170","24.765","109"
"139","347670","20220922235000","174","0","新竹縣","關西鎮","121.170","24.770","136"
"2999","347702","20220922235000","2592","1","新竹縣","竹東鎮","121.090","24.740","2888"
"235","347705","20220922235000","233","1","新竹縣","竹東鎮","121.100","24.695","234"
"1403","347714","20220922235000","1214","1","新竹縣","竹東鎮","121.050","24.770","1313"
"153","347720","20220922235000","118","2","新竹縣","寶山鄉","121.030","24.735","175"
"13","347723","20220922235000","96","0","新竹縣","寶山鄉","121.020","24.740","13"
"143","347740","20220922235000","160","0","新竹縣","寶山鄉","121.030","24.750","135"
"112","347774","20220922235000","79","2","新竹縣","寶山鄉","121.050","24.730","107"
"115","347788","20220922235000","108","1","新竹縣","寶山鄉","121.040","24.745","114"
"100","347794","20220922235000","100","1","新竹縣","寶山鄉","121.045","24.745","97"
"27","347799","20220922235000","18","3","新竹縣","寶山鄉","121.050","24.750","24"
"172","347805","20220922235000","198","0","新竹縣","寶山鄉","120.960","24.725","165"
"193","347806","20220922235000","114","3","新竹縣","寶山鄉","120.965","24.725","176"
"31","347808","20220922235000","24","2","新竹縣","寶山鄉","120.975","24.725","34"
"208","347809","20220922235000","188","1","新竹縣","寶山鄉","120.980","24.725","195"
"417","347812","20220922235000","230","3","新竹縣","寶山鄉","120.965","24.730","420"
"21","347817","20220922235000","14","3","新竹縣","寶山鄉","120.965","24.735","24"
"18","347818","20220922235000","31","0","新竹縣","寶山鄉","120.970","24.735","17"
"66","347821","20220922235000","48","2","新竹縣","寶山鄉","120.985","24.735","60"
"124","347823","20220922235000","101","2","新竹縣","寶山鄉","120.970","24.740","116"
"96","347832","20220922235000","86","1","新竹縣","寶山鄉","120.980","24.745","85"
"189","347835","20220922235000","175","1","新竹縣","寶山鄉","120.980","24.755","182"
"77","347842","20220922235000","88","0","新竹縣","寶山鄉","121.000","24.715","86"
"100","347845","20220922235000","75","2","新竹縣","寶山鄉","121.015","24.715","106"
"510","347878","20220922235000","472","1","新竹縣","寶山鄉","120.940","24.725","540"
"63","347882","20220922235000","46","2","新竹縣","寶山鄉","120.945","24.740","60"
"128","347889","20220922235000","141","0","新竹縣","寶山鄉","120.960","24.745","134"
"17","347900","20220922235000","62","0","新竹縣","北埔鄉","121.055","24.670","20"
"1351","347925","20220922235000","1332","1","新竹縣","北埔鄉","121.055","24.695","1373"
"138","347926","20220922235000","126","1","新竹縣","北埔鄉","121.045","24.700","135"
"370","347927","20220922235000","239","3","新竹縣","北埔鄉","121.050","24.700","370"
"51","347930","20220922235000","37","2","新竹縣","北埔鄉","121.045","24.705","59"
"29","347931","20220922235000","41","0","新竹縣","北埔鄉","121.050","24.705","23"
"62","347934","20220922235000","53","1","新竹縣","北埔鄉","121.045","24.715","76"
"313","347949","20220922235000","233","2","新竹縣","北埔鄉","121.065","24.675","283"
"443","347958","20220922235000","413","1","新竹縣","橫山鄉","121.130","24.725","446"
"358","347976","20220922235000","433","0","新竹縣","橫山鄉","121.140","24.720","360"
"94","347986","20220922235000","74","2","新竹縣","橫山鄉","121.130","24.700","72"
"123","347995","20220922235000","140","0","新竹縣","橫山鄉","121.115","24.710","108"
"452","348000","20220922235000","481","0","新竹縣","橫山鄉","121.110","24.715","434"
"134","348001","20220922235000","130","1","新竹縣","橫山鄉","121.115","24.715","132"
"13","348003","20220922235000","79","0","新竹縣","橫山鄉","121.125","24.715","14"
"56","348006","20220922235000","157","0","新竹縣","橫山鄉","121.115","24.720","50"
"446","348007","20220922235000","577","0","新竹縣","橫山鄉","121.120","24.720","472"
"21","348008","20220922235000","53","0","新竹縣","橫山鄉","121.125","24.720","19"
"316","348022","20220922235000","280","1","新竹縣","橫山鄉","121.160","24.740","326"
"110","348032","20220922235000","81","2","新竹縣","橫山鄉","121.165","24.745","131"
"49","348040","20220922235000","39","2","新竹縣","橫山鄉","121.105","24.680","68"
"52","348074","20220922235000","56","0","新竹縣","橫山鄉","121.165","24.730","68"
"17","348083","20220922235000","21","0","新竹縣","橫山鄉","121.180","24.735","18"
"19","348089","20220922235000","13","2","新竹縣","關西鎮","121.185","24.740","16"
"242","348136","20220922235000","130","3","新竹縣","橫山鄉","121.140","24.700","251"
"1155","348137","20220922235000","1056","1","新竹縣","竹東鎮","121.095","24.735","1109"
"1530","348138","20220922235000","1497","1","新竹縣","竹東鎮","121.100","24.735","1621"
"50","348144","20220922235000","35","2","新竹縣","芎林鄉","121.110","24.770","50"
"660","348163","20220922235000","715","0","新竹縣","芎林鄉","121.085","24.765","688"
"37","348164","20220922235000","20","3","新竹縣","芎林鄉","121.085","24.770","31"
"362","348165","20220922235000","376","0","新竹縣","芎林鄉","121.095","24.760","388"
"97","348190","20220922235000","67","2","新竹縣","芎林鄉","121.125","24.755","94"
"13","348191","20220922235000","12","1","新竹縣","芎林鄉","121.130","24.755","11"
"267","348207","20220922235000","227","1","新竹縣","寶山鄉","120.985","24.750","261"
"226","348212","20220922235000","259","0","新竹縣","寶山鄉","120.995","24.755","228"
"1414","348213","20220922235000","1378","1","新竹縣","寶山鄉","120.985","24.760","1420"
"788","348217","20220922235000","869","0","新竹縣","寶山鄉","120.990","24.765","788"
"137","348225","20220922235000","161","0","新竹縣","尖石鄉","121.200","24.705","160"
"58","348272","20220922235000","54","1","新竹縣","尖石鄉","121.225","24.730","70"
"78","348276","20220922235000","51","3","新竹縣","尖石鄉","121.245","24.730","84"
"45","348320","20220922235000","34","2","新竹縣","尖石鄉","121.260","24.705","53"
"97","348345","20220922235000","109","0","新竹縣","尖石鄉","121.270","24.715","106"
"117","348353","20220922235000","109","1","新竹縣","尖石鄉","121.250","24.720","111"
"106","348419","20220922235000","99","1","新竹縣","尖石鄉","121.265","24.745","115"
"31","348461","20220922235000","30","1","新竹縣","尖石鄉","121.185","24.665","35"
"52","348468","20220922235000","34","3","新竹縣","尖石鄉","121.195","24.670","55"
"37","348469","20220922235000","25","2","新竹縣","尖石鄉","121.200","24.670","37"
"51","348470","20220922235000","55","0","新竹縣","尖石鄉","121.205","24.670","49"
"87","348506","20220922235000","53","3","新竹縣","尖石鄉","121.350","24.660","73"
"54","348549","20220922235000","51","1","新竹縣","尖石鄉","121.310","24.685","48"
"137","348577","20220922235000","123","1","新竹縣","尖石鄉","121.280","24.665","140"
"157","348584","20220922235000","144","1","新竹縣","五峰鄉","121.150","24.670","171"
"63","348588","20220922235000","42","3","新竹縣","尖石鄉","121.170","24.670","64"
"38","348599","20220922235000","30","2","新竹縣","尖石鄉","121.170","24.680","40"
"94","348600","20220922235000","84","1","新竹縣","尖石鄉","121.175","24.680","100"
"13","348608","20220922235000","21","0","新竹縣","尖石鄉","121.185","24.685","13"
"21","348708","20220922235000","13","3","新竹縣","尖石鄉","121.235","24.680","18"
"165","348711","20220922235000","102","3","新竹縣","尖石鄉","121.250","24.680","163"
"72","348720","20220922235000","126","0","新竹縣","尖石鄉","121.220","24.685","75"
"334","348785","20220922235000","181","3","新竹縣","尖石鄉","121.220","24.705","314"
"62","348820","20220922235000","150","0","新竹縣","北埔鄉","121.040","24.695","50"
"109","348822","20220922235000","91","1","新竹縣","峨眉鄉","121.035","24.700","94"
"71","348831","20220922235000","82","0","新竹縣","峨眉鄉","120.985","24.685","84"
"50","348834","20220922235000","25","3","新竹縣","峨眉鄉","120.970","24.690","59"
"125","348838","20220922235000","109","1","新竹縣","峨眉鄉","120.990","24.690","131"
"58","348845","20220922235000","55","1","新竹縣","峨眉鄉","120.985","24.700","56"
"53","348851","20220922235000","39","2","新竹縣","峨眉鄉","120.990","24.705","44"
"437","348861","20220922235000","375","1","新竹縣","峨眉鄉","121.025","24.685","397"
"269","348863","20220922235000","202","2","新竹縣","峨眉鄉","121.020","24.690","275"
"56","348870","20220922235000","157","0","新竹縣","北埔鄉","121.055","24.685","147"
"160","348889","20220922235000","135","1","新竹縣","北埔鄉","121.090","24.690","148"
"92","348892","20220922235000","66","2","新竹縣","北埔鄉","121.070","24.695","95"
"518","348909","20220922235000","525","0","新竹縣","北埔鄉","121.060","24.700","505"
"121","348910","20220922235000","59","3","新竹縣","北埔鄉","121.065","24.700","152"
"26","348919","20220922235000","22","1","新竹縣","北埔鄉","121.060","24.710","24"
"32","348944","20220922235000","15","3","新竹縣","寶山鄉","121.000","24.720","23"
"117","348947","20220922235000","91","2","新竹縣","寶山鄉","121.000","24.725","121"
"92","348952","20220922235000","42","3","新竹縣","寶山鄉","121.005","24.730","83"
"360","348957","20220922235000","312","1","新竹縣","寶山鄉","120.990","24.740","365"
"76","348958","20220922235000","49","3","新竹縣","寶山鄉","120.995","24.740","64"
"48","348969","20220922235000","65","0","新竹縣","寶山鄉","121.005","24.745","46"
"783","348971","20220922235000","1033","0","新竹縣","寶山鄉","121.005","24.750","782"
"609","348978","20220922235000","583","1","新竹縣","寶山鄉","121.020","24.755","562"
"289","348983","20220922235000","416","0","新竹縣","寶山鄉","121.000","24.765","272"
"907","348986","20220922235000","1086","0","新竹縣","寶山鄉","121.015","24.765","853"
"781","348987","20220922235000","985","0","新竹縣","寶山鄉","121.000","24.770","789"
"209","348988","20220922235000","59","3","新竹縣","寶山鄉","121.005","24.770","204"
"187","348989","20220922235000","463","0","新竹縣","寶山鄉","121.010","24.770","184"
"73","348993","20220922235000","57","2","新竹縣","峨眉鄉","120.990","24.665","70"
"32","349000","20220922235000","20","3","新竹縣","峨眉鄉","120.995","24.670","24"
"79","349005","20220922235000","39","3","新竹縣","峨眉鄉","120.985","24.675","88"
"95","349012","20220922235000","84","1","新竹縣","峨眉鄉","120.990","24.680","87"
"136","349031","20220922235000","112","2","新竹縣","峨眉鄉","121.000","24.700","140"
"1230","349060","20220922235000","1247","0","新竹縣","竹東鎮","121.060","24.750","1239"
"281","349062","20220922235000","266","1","新竹縣","竹東鎮","121.070","24.750","279"
"818","349066","20220922235000","954","0","新竹縣","竹東鎮","121.070","24.755","823"
"1842","349070","20220922235000","1839","1","新竹縣","竹東鎮","121.065","24.760","1866"
"5143","349073","20220922235000","4402","1","新竹縣","竹東鎮","121.060","24.765","5032"
"434","349074","20220922235000","101","3","新竹縣","竹東鎮","121.065","24.765","401"
"143","349079","20220922235000","108","2","新竹縣","竹東鎮","121.120","24.660","148"
"143","349087","20220922235000","321","0","新竹縣","竹東鎮","121.090","24.720","144"
"2088","349088","20220922235000","2215","0","新竹縣","竹東鎮","121.095","24.720","2084"
"2967","349089","20220922235000","2647","1","新竹縣","竹東鎮","121.090","24.725","2952"
"713","349090","20220922235000","784","0","新竹縣","竹東鎮","121.095","24.725","689"
"1934","349092","20220922235000","1384","2","新竹縣","竹東鎮","121.095","24.730","1973"
"306","349094","20220922235000","347","0","新竹縣","竹東鎮","121.105","24.730","323"
"314","349096","20220922235000","524","0","新竹縣","竹東鎮","121.055","24.755","354"
"66","349099","20220922235000","85","0","新竹縣","竹東鎮","121.045","24.765","64"
"950","349103","20220922235000","889","1","新竹縣","竹東鎮","121.060","24.770","928"
"678","349105","20220922235000","668","1","新竹縣","竹東鎮","121.080","24.735","703"
"259","349109","20220922235000","87","3","新竹縣","竹東鎮","121.080","24.740","243"
"89","349110","20220922235000","64","2","新竹縣","竹東鎮","121.075","24.745","96"
"1005","349113","20220922235000","1282","0","新竹縣","竹東鎮","121.080","24.745","994"
"1759","349114","20220922235000","1664","1","新竹縣","竹東鎮","121.085","24.745","1758"
"259","349115","20220922235000","229","1","新竹縣","竹東鎮","121.080","24.750","241"
"687","349118","20220922235000","662","1","宜蘭縣","宜蘭市","121.780","24.750","650"
"852","349120","20220922235000","781","1","宜蘭縣","宜蘭市","121.765","24.755","843"
"558","349124","20220922235000","838","0","宜蘭縣","宜蘭市","121.765","24.760","586"
"409","349125","20220922235000","399","1","宜蘭縣","宜蘭市","121.770","24.760","406"
"98","349130","20220922235000","122","0","宜蘭縣","宜蘭市","121.760","24.725","87"
"520","349131","20220922235000","408","2","宜蘭縣","宜蘭市","121.755","24.730","518"
"68","349132","20220922235000","50","2","宜蘭縣","宜蘭市","121.760","24.730","57"
"525","349136","20220922235000","561","0","宜蘭縣","宜蘭市","121.755","24.740","531"
"493","349139","20220922235000","529","0","宜蘭縣","宜蘭市","121.735","24.755","481"
"929","349140","20220922235000","970","0","宜蘭縣","宜蘭市","121.740","24.755","952"
"20","349143","20220922235000","41","0","宜蘭縣","羅東鎮","121.755","24.680","20"
"2052","349144","20220922235000","1692","2","宜蘭縣","羅東鎮","121.775","24.680","2058"
"1590","349145","20220922235000","1439","1","宜蘭縣","羅東鎮","121.775","24.675","1651"
"873","349146","20220922235000","763","1","宜蘭縣","羅東鎮","121.750","24.675","889"
"604","349147","20220922235000","601","1","宜蘭縣","羅東鎮","121.770","24.685","631"
"326","349149","20220922235000","218","2","宜蘭縣","羅東鎮","121.750","24.680","348"
"206","349158","20220922235000","85","3","新竹市","香山區","120.930","24.745","196"
"84","349160","20220922235000","79","1","新竹市","香山區","120.925","24.750","99"
"618","349162","20220922235000","369","3","新竹市","香山區","120.915","24.760","583"
"904","349166","20220922235000","918","0","新竹市","香山區","120.915","24.765","899"
"145","349176","20220922235000","152","0","新竹市","香山區","120.955","24.760","129"
"42","349177","20220922235000","41","1","新竹市","東區","120.960","24.760","50"
"1297","349183","20220922235000","1216","1","新竹市","香山區","120.955","24.770","1303"
"465","349184","20220922235000","519","0","新竹市","香山區","120.960","24.770","477"
"95","349198","20220922235000","73","2","新竹市","香山區","120.930","24.760","88"
"191","349199","20220922235000","54","3","新竹市","香山區","120.935","24.760","188"
"67","349203","20220922235000","119","0","宜蘭縣","宜蘭市","121.765","24.745","62"
"1055","349204","20220922235000","1145","0","宜蘭縣","宜蘭市","121.760","24.750","1075"
"1011","349205","20220922235000","949","1","宜蘭縣","宜蘭市","121.765","24.750","1005"
"1908","349206","20220922235000","1947","0","宜蘭縣","羅東鎮","121.775","24.670","1914"
"1105","349207","20220922235000","1065","1","宜蘭縣","羅東鎮","121.755","24.675","1126"
"29","349208","20220922235000","287","0","宜蘭縣","羅東鎮","121.755","24.690","38"
"82","349210","20220922235000","139","0","宜蘭縣","羅東鎮","121.755","24.695","89"
"762","349211","20220922235000","711","1","宜蘭縣","羅東鎮","121.760","24.695","811"
"910","349214","20220922235000","1726","0","宜蘭縣","羅東鎮","121.770","24.670","927"
"558","349216","20220922235000","620","0","宜蘭縣","羅東鎮","121.800","24.665","565"
"1208","349222","20220922235000","623","3","宜蘭縣","羅東鎮","121.795","24.675","1194"
"805","349224","20220922235000","765","1","宜蘭縣","羅東鎮","121.785","24.675","795"
"2807","349225","20220922235000","1947","2","宜蘭縣","羅東鎮","121.780","24.680","2818"
"1541","349227","20220922235000","1647","0","宜蘭縣","宜蘭市","121.750","24.745","1568"
"1166","349228","20220922235000","1151","1","宜蘭縣","員山鄉","121.735","24.745","1190"
"2271","349229","20220922235000","2332","0","宜蘭縣","宜蘭市","121.740","24.745","2231"
"1776","349230","20220922235000","1225","2","宜蘭縣","宜蘭市","121.745","24.745","1773"
"467","349231","20220922235000","476","0","宜蘭縣","宜蘭市","121.730","24.750","509"
"1578","349232","20220922235000","1690","0","宜蘭縣","宜蘭市","121.735","24.750","1518"
"1530","349234","20220922235000","1434","1","宜蘭縣","羅東鎮","121.765","24.675","1479"
"827","349235","20220922235000","799","1","宜蘭縣","宜蘭市","121.760","24.760","843"
"903","349236","20220922235000","661","2","宜蘭縣","宜蘭市","121.750","24.765","898"
"435","349237","20220922235000","423","1","宜蘭縣","宜蘭市","121.745","24.750","409"
"604","349238","20220922235000","519","1","宜蘭縣","宜蘭市","121.760","24.765","620"
"866","349240","20220922235000","678","2","宜蘭縣","羅東鎮","121.755","24.685","845"
"16","349296","20220922235000","21","0","桃園市","復興區","121.350","24.760","22"
"67","349422","20220922235000","61","1","桃園市","復興區","121.390","24.660","91"
"20","349482","20220922235000","32","0","桃園市","復興區","121.385","24.680","21"
"163","349502","20220922235000","135","2","桃園市","復興區","121.395","24.685","152"
"180","349582","20220922235000","123","2","桃園市","復興區","121.410","24.705","238"
"14","349642","20220922235000","13","1","桃園市","復興區","121.365","24.695","15"
"12","349676","20220922235000","11","1","桃園市","復興區","121.350","24.705","12"
"66","349762","20220922235000","46","2","桃園市","復興區","121.345","24.725","56"
"10","349769","20220922235000","19","0","桃園市","復興區","121.380","24.725","12"
"27","349865","20220922235000","20","2","桃園市","復興區","121.365","24.740","21"
"155","349883","20220922235000","188","0","新竹市","香山區","120.940","24.760","144"
"231","349889","20220922235000","219","1","新竹市","香山區","120.935","24.770","225"
"305","349896","20220922235000","257","1","新竹市","香山區","120.905","24.750","291"
"497","349897","20220922235000","293","3","新竹市","香山區","120.910","24.750","500"
"1287","349904","20220922235000","1054","2","新竹縣","竹東鎮","121.030","24.770","1287"
"73","349937","20220922235000","51","2","桃園市","復興區","121.365","24.675","75"
"23","349983","20220922235000","116","0","苗栗縣","三灣鄉","120.965","24.665","21"
"39","349985","20220922235000","243","0","苗栗縣","三灣鄉","120.975","24.665","57"
"19","350003","20220922235000","217","0","苗栗縣","三灣鄉","120.950","24.670","17"
"255","350012","20220922235000","142","3","苗栗縣","頭份鎮","120.955","24.680","255"
"38","350014","20220922235000","293","0","苗栗縣","頭份鎮","120.965","24.680","61"
"60","350017","20220922235000","377","0","苗栗縣","頭份鎮","120.960","24.685","59"
"76","350018","20220922235000","241","0","苗栗縣","頭份鎮","120.965","24.685","67"
"158","350019","20220922235000","138","1","苗栗縣","竹南鎮","120.880","24.680","176"
"3255","350021","20220922235000","2662","2","苗栗縣","竹南鎮","120.885","24.685","3392"
"23","350023","20220922235000","24","0","苗栗縣","頭份鎮","120.925","24.690","27"
"1295","350024","20220922235000","810","3","苗栗縣","頭份鎮","120.930","24.690","1250"
"395","350031","20220922235000","360","1","苗栗縣","頭份鎮","120.920","24.665","375"
"59","350036","20220922235000","497","0","苗栗縣","頭份鎮","120.920","24.670","56"
"543","350042","20220922235000","360","3","苗栗縣","頭份鎮","120.925","24.675","479"
"41","350052","20220922235000","156","0","苗栗縣","後龍鎮","120.820","24.660","38"
"343","350068","20220922235000","294","1","苗栗縣","頭份鎮","120.910","24.690","378"
"1054","350073","20220922235000","762","2","苗栗縣","竹南鎮","120.885","24.695","1048"
"915","350075","20220922235000","692","2","苗栗縣","頭份鎮","120.890","24.695","919"
"1957","350077","20220922235000","1250","3","苗栗縣","頭份鎮","120.910","24.695","1993"
"1096","350078","20220922235000","865","2","苗栗縣","頭份鎮","120.910","24.700","1091"
"747","350080","20220922235000","567","2","苗栗縣","頭份鎮","120.940","24.680","701"
"282","350082","20220922235000","281","1","苗栗縣","頭份鎮","120.950","24.680","264"
"643","350085","20220922235000","657","0","苗栗縣","頭份鎮","120.925","24.685","686"
"437","350087","20220922235000","401","1","苗栗縣","頭份鎮","120.935","24.685","456"
"2083","350090","20220922235000","1540","2","苗栗縣","頭份鎮","120.895","24.690","2006"
"1394","350091","20220922235000","1825","0","苗栗縣","頭份鎮","120.905","24.690","1155"
"585","350092","20220922235000","1034","0","苗栗縣","頭份鎮","120.905","24.685","584"
"177","350095","20220922235000","468","0","苗栗縣","頭份鎮","120.945","24.690","204"
"13","350099","20220922235000","44","0","苗栗縣","頭份鎮","120.950","24.695","10"
"29","350102","20220922235000","204","0","苗栗縣","頭份鎮","120.935","24.700","40"
"44","350103","20220922235000","401","0","苗栗縣","頭份鎮","120.940","24.695","44"
"130","350109","20220922235000","147","0","苗栗縣","頭份鎮","120.940","24.700","124"
"72","350110","20220922235000","53","2","苗栗縣","頭份鎮","120.945","24.700","76"
"264","350112","20220922235000","509","0","苗栗縣","頭份鎮","120.930","24.705","232"
"193","350117","20220922235000","181","1","苗栗縣","頭份鎮","120.935","24.710","187"
"414","350118","20220922235000","444","0","苗栗縣","頭份鎮","120.885","24.665","447"
"34","350124","20220922235000","301","0","苗栗縣","頭份鎮","120.885","24.675","41"
"448","350127","20220922235000","567","0","苗栗縣","頭份鎮","120.905","24.700","376"
"925","350128","20220922235000","1513","0","苗栗縣","頭份鎮","120.900","24.695","951"
"1154","350129","20220922235000","1017","1","苗栗縣","頭份鎮","120.905","24.695","1080"
"174","350131","20220922235000","356","0","苗栗縣","頭份鎮","120.915","24.690","185"
"1268","350132","20220922235000","1507","0","苗栗縣","頭份鎮","120.915","24.695","1273"
"37","350142","20220922235000","37","1","苗栗縣","頭份鎮","120.915","24.665","43"
"76","350146","20220922235000","469","0","苗栗縣","頭份鎮","120.915","24.670","77"
"936","350150","20220922235000","644","2","苗栗縣","竹南鎮","120.860","24.695","837"
"878","350151","20220922235000","580","3","苗栗縣","竹南鎮","120.865","24.695","926"
"306","350154","20220922235000","776","0","苗栗縣","竹南鎮","120.870","24.695","299"
"150","350155","20220922235000","680","0","苗栗縣","竹南鎮","120.880","24.695","160"
"385","350156","20220922235000","326","1","苗栗縣","竹南鎮","120.865","24.680","401"
"430","350157","20220922235000","343","2","苗栗縣","竹南鎮","120.910","24.710","374"
"671","350159","20220922235000","686","0","苗栗縣","竹南鎮","120.920","24.705","700"
"354","350160","20220922235000","553","0","苗栗縣","頭份鎮","120.925","24.705","336"
"155","350161","20220922235000","122","2","苗栗縣","竹南鎮","120.915","24.705","188"
"1396","350162","20220922235000","1266","1","苗栗縣","竹南鎮","120.915","24.710","1401"
"314","350163","20220922235000","358","0","苗栗縣","竹南鎮","120.920","24.710","339"
"131","350165","20220922235000","194","0","苗栗縣","竹南鎮","120.930","24.710","129"
"351","350166","20220922235000","396","0","苗栗縣","竹南鎮","120.915","24.715","384"
"150","350167","20220922235000","208","0","苗栗縣","竹南鎮","120.920","24.715","148"
"1789","350169","20220922235000","1604","1","苗栗縣","頭份鎮","120.910","24.685","1852"
"3102","350170","20220922235000","2968","1","苗栗縣","頭份鎮","120.895","24.700","3154"
"1764","350172","20220922235000","1122","3","苗栗縣","頭份鎮","120.905","24.680","1873"
"693","350173","20220922235000","629","1","苗栗縣","竹南鎮","120.875","24.700","708"
"1017","350174","20220922235000","668","3","苗栗縣","竹南鎮","120.870","24.700","962"
"358","350176","20220922235000","409","0","苗栗縣","頭份鎮","120.920","24.690","365"
"135","350177","20220922235000","109","2","苗栗縣","頭份鎮","120.880","24.660","125"
"819","350179","20220922235000","1030","0","苗栗縣","頭份鎮","120.900","24.700","793"
"31","350180","20220922235000","31","1","苗栗縣","竹南鎮","120.910","24.705","36"
"439","350182","20220922235000","557","0","苗栗縣","頭份鎮","120.920","24.700","459"
"947","350183","20220922235000","1460","0","苗栗縣","頭份鎮","120.895","24.695","1008"
"475","350203","20220922235000","338","2","苗栗縣","竹南鎮","120.860","24.685","384"
"43","350206","20220922235000","280","0","苗栗縣","竹南鎮","120.865","24.700","50"
"108","350208","20220922235000","449","0","苗栗縣","竹南鎮","120.875","24.705","101"
"1071","350209","20220922235000","1331","0","苗栗縣","竹南鎮","120.880","24.700","1096"
"989","350210","20220922235000","648","3","苗栗縣","頭份鎮","120.885","24.700","972"
"674","350211","20220922235000","393","3","苗栗縣","竹南鎮","120.880","24.705","643"
"115","350214","20220922235000","108","1","苗栗縣","竹南鎮","120.865","24.705","112"
"36","350220","20220922235000","294","0","苗栗縣","竹南鎮","120.880","24.710","36"
"23","350223","20220922235000","140","0","苗栗縣","竹南鎮","120.865","24.715","22"
"344","350224","20220922235000","358","0","苗栗縣","竹南鎮","120.870","24.715","358"
"251","350225","20220922235000","393","0","苗栗縣","竹南鎮","120.875","24.715","297"
"68","350226","20220922235000","56","2","苗栗縣","竹南鎮","120.880","24.715","64"
"50","350229","20220922235000","46","1","苗栗縣","竹南鎮","120.865","24.720","40"
"71","350236","20220922235000","84","0","苗栗縣","竹南鎮","120.870","24.725","68"
"293","350240","20220922235000","218","2","苗栗縣","竹南鎮","120.890","24.725","267"
"66","350247","20220922235000","63","1","苗栗縣","竹南鎮","120.880","24.685","73"
"2036","350248","20220922235000","1773","1","苗栗縣","竹南鎮","120.880","24.690","1937"
"1918","350250","20220922235000","2104","0","苗栗縣","竹南鎮","120.890","24.690","2026"
"2108","350251","20220922235000","2590","0","苗栗縣","竹南鎮","120.875","24.685","2114"
"520","350258","20220922235000","340","3","苗栗縣","竹南鎮","120.855","24.675","514"
"11","350259","20220922235000","30","0","苗栗縣","竹南鎮","120.860","24.675","10"
"36","350264","20220922235000","306","0","苗栗縣","竹南鎮","120.850","24.680","44"
"26","350275","20220922235000","190","0","苗栗縣","竹南鎮","120.850","24.670","33"
"1278","350277","20220922235000","1011","2","苗栗縣","竹南鎮","120.860","24.670","1278"
"42","350278","20220922235000","35","2","苗栗縣","竹南鎮","120.845","24.675","41"
"76","350279","20220922235000","83","0","苗栗縣","造橋鄉","120.855","24.660","80"
"84","350285","20220922235000","291","0","苗栗縣","頭份鎮","120.900","24.685","97"
"289","350286","20220922235000","332","0","苗栗縣","頭份鎮","120.895","24.675","273"
"612","350288","20220922235000","626","0","苗栗縣","頭份鎮","120.890","24.680","544"
"1187","350290","20220922235000","1095","1","苗栗縣","頭份鎮","120.900","24.680","1237"
"160","350291","20220922235000","511","0","苗栗縣","頭份鎮","120.945","24.685","190"
"211","350303","20220922235000","148","2","苗栗縣","頭份鎮","120.960","24.700","218"
"109","350311","20220922235000","74","2","苗栗縣","頭份鎮","120.965","24.705","104"
"419","350314","20220922235000","1638","0","苗栗縣","竹南鎮","120.870","24.690","934"
"718","350316","20220922235000","600","1","苗栗縣","竹南鎮","120.855","24.690","767"
"1377","350319","20220922235000","1460","0","苗栗縣","竹南鎮","120.865","24.685","1458"
"868","350320","20220922235000","985","0","苗栗縣","竹南鎮","120.875","24.695","864"
"146","350321","20220922235000","775","0","苗栗縣","竹南鎮","120.875","24.690","154"
"308","350326","20220922235000","318","0","苗栗縣","竹南鎮","120.910","24.720","295"
"20","350330","20220922235000","260","0","苗栗縣","竹南鎮","120.905","24.725","18"
"58","350331","20220922235000","211","0","苗栗縣","竹南鎮","120.910","24.725","53"
"427","350334","20220922235000","273","3","苗栗縣","竹南鎮","120.905","24.730","455"
"17","350336","20220922235000","96","0","新竹市","香山區","120.900","24.735","20"
"28","350338","20220922235000","310","0","新竹市","香山區","120.905","24.740","36"
"680","350340","20220922235000","680","1","苗栗縣","竹南鎮","120.875","24.660","707"
"585","350347","20220922235000","1065","0","苗栗縣","竹南鎮","120.865","24.675","542"
"53","350349","20220922235000","307","0","苗栗縣","竹南鎮","120.875","24.675","55"
"663","350350","20220922235000","543","2","苗栗縣","竹南鎮","120.880","24.675","560"
"637","350351","20220922235000","425","2","苗栗縣","竹南鎮","120.870","24.680","649"
"528","350352","20220922235000","545","0","苗栗縣","竹南鎮","120.875","24.680","526"
"2184","350353","20220922235000","2228","0","苗栗縣","竹南鎮","120.870","24.685","2233"
"134","350357","20220922235000","472","0","苗栗縣","竹南鎮","120.890","24.705","137"
"256","350358","20220922235000","228","1","苗栗縣","竹南鎮","120.895","24.705","270"
"750","350359","20220922235000","540","2","苗栗縣","竹南鎮","120.900","24.705","710"
"416","350363","20220922235000","399","1","苗栗縣","竹南鎮","120.900","24.710","377"
"304","350364","20220922235000","155","3","苗栗縣","竹南鎮","120.905","24.710","295"
"210","350365","20220922235000","225","0","苗栗縣","竹南鎮","120.895","24.715","184"
"479","350367","20220922235000","373","2","苗栗縣","竹南鎮","120.905","24.715","468"
"115","350369","20220922235000","119","0","苗栗縣","竹南鎮","120.895","24.720","130"
"98","356638","20220922235000","96","1","宜蘭縣","頭城鎮","121.940","24.840","122"
"987","360378","20220922235000","655","3","宜蘭縣","礁溪鄉","121.765","24.825","944"
"1757","360379","20220922235000","1912","0","宜蘭縣","礁溪鄉","121.770","24.825","1693"
"630","360380","20220922235000","544","1","宜蘭縣","礁溪鄉","121.775","24.825","625"
"526","360392","20220922235000","384","2","宜蘭縣","礁溪鄉","121.810","24.815","550"
"162","360394","20220922235000","116","2","宜蘭縣","礁溪鄉","121.795","24.815","166"
"25","360410","20220922235000","116","0","宜蘭縣","礁溪鄉","121.720","24.815","27"
"88","360417","20220922235000","73","2","宜蘭縣","礁溪鄉","121.720","24.820","88"
"103","360419","20220922235000","78","2","宜蘭縣","礁溪鄉","121.730","24.820","103"
"19","360427","20220922235000","252","0","宜蘭縣","礁溪鄉","121.725","24.820","22"
"408","360433","20220922235000","278","2","宜蘭縣","礁溪鄉","121.755","24.820","424"
"45","360437","20220922235000","41","1","宜蘭縣","礁溪鄉","121.740","24.825","41"
"1911","360439","20220922235000","1699","1","宜蘭縣","宜蘭市","121.755","24.770","1945"
"483","360442","20220922235000","344","2","宜蘭縣","宜蘭市","121.745","24.775","481"
"1012","360449","20220922235000","821","2","宜蘭縣","壯圍鄉","121.785","24.775","1023"
"19","360451","20220922235000","12","3","宜蘭縣","壯圍鄉","121.780","24.780","18"
"361","360457","20220922235000","276","2","宜蘭縣","壯圍鄉","121.795","24.790","343"
"169","360471","20220922235000","250","0","宜蘭縣","頭城鎮","121.820","24.855","160"
"67","360474","20220922235000","57","1","宜蘭縣","頭城鎮","121.835","24.885","65"
"86","360476","20220922235000","80","1","宜蘭縣","頭城鎮","121.845","24.885","99"
"578","360478","20220922235000","588","0","宜蘭縣","頭城鎮","121.830","24.855","587"
"669","360482","20220922235000","739","0","宜蘭縣","頭城鎮","121.820","24.860","673"
"353","360484","20220922235000","246","2","宜蘭縣","頭城鎮","121.815","24.860","349"
"694","360485","20220922235000","669","1","宜蘭縣","頭城鎮","121.820","24.865","687"
"266","360486","20220922235000","259","1","宜蘭縣","頭城鎮","121.810","24.865","252"
"142","360502","20220922235000","161","0","宜蘭縣","頭城鎮","121.815","24.850","152"
"676","360507","20220922235000","675","1","宜蘭縣","頭城鎮","121.825","24.865","658"
"209","360520","20220922235000","163","2","宜蘭縣","頭城鎮","121.835","24.870","211"
"25","360521","20220922235000","61","0","宜蘭縣","頭城鎮","121.840","24.870","26"
"207","360524","20220922235000","135","3","宜蘭縣","頭城鎮","121.840","24.875","194"
"39","360537","20220922235000","23","3","新北市","三峽區","121.345","24.845","38"
"83","360552","20220922235000","94","0","新北市","三峽區","121.360","24.855","87"
"17","360554","20220922235000","16","1","新北市","三峽區","121.370","24.855","16"
"18","360559","20220922235000","25","0","新北市","三峽區","121.365","24.860","17"
"73","360569","20220922235000","55","2","新北市","三峽區","121.355","24.870","72"
"41","360573","20220922235000","45","0","新北市","三峽區","121.375","24.870","35"
"35","360625","20220922235000","30","1","宜蘭縣","頭城鎮","121.820","24.825","36"
"63","360631","20220922235000","142","0","宜蘭縣","頭城鎮","121.790","24.845","76"
"250","360639","20220922235000","260","0","宜蘭縣","頭城鎮","121.795","24.855","264"
"585","360641","20220922235000","491","1","宜蘭縣","頭城鎮","121.805","24.855","583"
"201","360684","20220922235000","198","1","宜蘭縣","礁溪鄉","121.765","24.800","206"
"249","360687","20220922235000","233","1","宜蘭縣","礁溪鄉","121.760","24.810","266"
"285","360689","20220922235000","247","1","宜蘭縣","礁溪鄉","121.755","24.815","282"
"97","360694","20220922235000","82","1","宜蘭縣","員山鄉","121.700","24.780","96"
"57","360702","20220922235000","36","3","宜蘭縣","礁溪鄉","121.680","24.785","61"
"193","360788","20220922235000","165","1","宜蘭縣","礁溪鄉","121.780","24.810","186"
"485","360803","20220922235000","432","1","宜蘭縣","壯圍鄉","121.810","24.800","507"
"566","360806","20220922235000","467","2","宜蘭縣","壯圍鄉","121.815","24.805","571"
"549","360817","20220922235000","502","1","宜蘭縣","礁溪鄉","121.780","24.785","584"
"564","360820","20220922235000","527","1","宜蘭縣","礁溪鄉","121.775","24.815","540"
"999","360822","20220922235000","869","1","宜蘭縣","礁溪鄉","121.770","24.820","1011"
"248","360828","20220922235000","270","0","宜蘭縣","礁溪鄉","121.730","24.790","234"
"112","360848","20220922235000","109","1","宜蘭縣","礁溪鄉","121.710","24.810","111"
"609","360876","20220922235000","540","1","宜蘭縣","礁溪鄉","121.760","24.785","630"
"85","360877","20220922235000","82","1","宜蘭縣","礁溪鄉","121.750","24.790","90"
"446","360879","20220922235000","324","2","宜蘭縣","礁溪鄉","121.760","24.790","438"
"496","360881","20220922235000","392","2","宜蘭縣","礁溪鄉","121.765","24.815","513"
"588","360883","20220922235000","492","1","宜蘭縣","礁溪鄉","121.765","24.820","589"
"362","360888","20220922235000","267","2","宜蘭縣","礁溪鄉","121.755","24.825","377"
"510","360889","20220922235000","476","1","宜蘭縣","礁溪鄉","121.760","24.825","495"
"30","360898","20220922235000","25","2","宜蘭縣","礁溪鄉","121.745","24.830","26"
"53","360964","20220922235000","35","3","新北市","三峽區","121.410","24.865","52"
"182","360967","20220922235000","226","0","新北市","三峽區","121.410","24.870","287"
"122","360994","20220922235000","73","3","新北市","三峽區","121.415","24.885","114"
"15","361075","20220922235000","15","1","新北市","三峽區","121.445","24.830","17"
"17","361124","20220922235000","19","0","新北市","三峽區","121.430","24.845","19"
"24","361179","20220922235000","30","0","新北市","三峽區","121.435","24.860","20"
"24","361195","20220922235000","18","2","新北市","三峽區","121.440","24.865","23"
"12","361256","20220922235000","19","0","新北市","三峽區","121.450","24.890","11"
"11","361279","20220922235000","11","1","新北市","三峽區","121.390","24.875","11"
"14","361286","20220922235000","13","1","新北市","三峽區","121.380","24.880","14"
"37","361304","20220922235000","33","1","新北市","三峽區","121.375","24.885","38"
"36","361308","20220922235000","30","2","新北市","三峽區","121.400","24.885","47"
"689","361316","20220922235000","626","1","宜蘭縣","員山鄉","121.720","24.770","682"
"399","361349","20220922235000","366","1","宜蘭縣","員山鄉","121.715","24.775","426"
"416","361393","20220922235000","325","2","宜蘭縣","壯圍鄉","121.800","24.770","388"
"238","361412","20220922235000","197","2","宜蘭縣","宜蘭市","121.735","24.775","242"
"10","361413","20220922235000","19","0","宜蘭縣","宜蘭市","121.740","24.775","10"
"164","361414","20220922235000","132","2","宜蘭縣","宜蘭市","121.730","24.780","153"
"13","361433","20220922235000","12","1","宜蘭縣","頭城鎮","121.800","24.830","14"
"701","361441","20220922235000","565","2","宜蘭縣","頭城鎮","121.790","24.835","685"
"18","361466","20220922235000","21","0","新北市","坪林區","121.770","24.865","16"
"572","361479","20220922235000","495","1","宜蘭縣","頭城鎮","121.815","24.835","564"
"525","361482","20220922235000","335","3","宜蘭縣","頭城鎮","121.810","24.845","510"
"4022","361485","20220922235000","3757","1","新竹市","東區","120.985","24.800","4047"
"2509","361486","20220922235000","1937","2","新竹市","東區","120.985","24.810","2499"
"104","361502","20220922235000","126","0","桃園市","大溪區","121.330","24.880","109"
"121","361509","20220922235000","113","1","桃園市","大溪區","121.325","24.885","118"
"33","361515","20220922235000","39","0","桃園市","大溪區","121.325","24.890","39"
"274","361521","20220922235000","234","1","桃園市","大溪區","121.250","24.865","256"
"40","361525","20220922235000","35","1","桃園市","大溪區","121.255","24.870","41"
"530","361530","20220922235000","608","0","桃園市","大溪區","121.260","24.875","541"
"661","361536","20220922235000","485","2","桃園市","大溪區","121.260","24.880","620"
"154","361538","20220922235000","137","1","桃園市","大溪區","121.275","24.880","150"
"823","361539","20220922235000","850","0","桃園市","大溪區","121.250","24.880","794"
"428","361545","20220922235000","234","3","桃園市","大溪區","121.275","24.885","451"
"148","361546","20220922235000","190","0","桃園市","大溪區","121.280","24.885","150"
"525","361547","20220922235000","342","3","桃園市","大溪區","121.275","24.890","500"
"1531","361550","20220922235000","1081","2","桃園市","大溪區","121.295","24.885","1461"
"106","361551","20220922235000","166","0","桃園市","大溪區","121.300","24.880","126"
"130","361552","20220922235000","315","0","桃園市","大溪區","121.290","24.880","109"
"86","361556","20220922235000","78","1","新竹縣","新埔鎮","121.080","24.835","84"
"366","361565","20220922235000","348","1","新竹縣","新埔鎮","121.080","24.840","371"
"58","361570","20220922235000","42","2","新竹縣","新埔鎮","121.130","24.860","52"
"38","361579","20220922235000","29","2","新竹縣","新埔鎮","121.140","24.870","42"
"85","361585","20220922235000","72","1","新竹縣","新埔鎮","121.135","24.875","85"
"778","361597","20220922235000","632","2","新竹縣","新豐鄉","120.995","24.885","812"
"1174","361600","20220922235000","1399","0","新竹縣","新豐鄉","121.010","24.885","1205"
"702","361602","20220922235000","453","3","新竹市","東區","120.975","24.805","661"
"2368","361603","20220922235000","3307","0","新竹市","東區","120.980","24.805","2440"
"1028","361604","20220922235000","851","2","新竹市","東區","120.980","24.810","1000"
"975","361605","20220922235000","982","0","新竹市","東區","120.975","24.800","976"
"13","361609","20220922235000","159","0","新竹市","東區","120.985","24.785","19"
"7051","361610","20220922235000","5427","2","新竹市","東區","121.020","24.780","7083"
"2859","361611","20220922235000","3518","0","新竹市","東區","121.015","24.785","2811"
"236","361614","20220922235000","167","2","新竹縣","新埔鎮","121.105","24.845","230"
"74","361615","20220922235000","41","3","新竹縣","新埔鎮","121.115","24.845","65"
"55","361621","20220922235000","45","2","新竹縣","新埔鎮","121.120","24.850","62"
"42","361623","20220922235000","23","3","新竹縣","新埔鎮","121.100","24.855","34"
"61","361624","20220922235000","60","1","新竹縣","新埔鎮","121.105","24.855","59"
"29","361628","20220922235000","23","2","新竹縣","新埔鎮","121.125","24.855","26"
"14","361635","20220922235000","19","0","新竹縣","新埔鎮","121.105","24.865","13"
"105","361642","20220922235000","91","1","新竹縣","新埔鎮","121.115","24.875","111"
"620","361646","20220922235000","799","0","新竹縣","新埔鎮","121.070","24.825","563"
"846","361648","20220922235000","649","2","新竹縣","新埔鎮","121.080","24.825","850"
"408","361651","20220922235000","461","0","新竹縣","新埔鎮","121.070","24.830","430"
"120","361655","20220922235000","79","3","新竹縣","新埔鎮","121.135","24.845","135"
"597","361668","20220922235000","677","0","新竹縣","新豐鄉","120.980","24.870","454"
"35","361671","20220922235000","24","2","新竹縣","新豐鄉","120.970","24.880","29"
"1905","361683","20220922235000","1830","1","新竹縣","竹東鎮","121.030","24.775","1854"
"269","361685","20220922235000","498","0","新竹縣","湖口鄉","121.010","24.855","262"
"361","361687","20220922235000","363","0","新竹縣","湖口鄉","121.020","24.855","361"
"362","361688","20220922235000","313","1","新竹縣","湖口鄉","121.025","24.855","342"
"1290","361692","20220922235000","1301","0","新竹縣","湖口鄉","121.010","24.860","1290"
"3042","361694","20220922235000","3565","0","新竹縣","湖口鄉","120.995","24.865","3061"
"927","361695","20220922235000","801","1","新竹縣","湖口鄉","121.000","24.865","891"
"26","361696","20220922235000","149","0","新竹縣","湖口鄉","121.005","24.865","32"
"194","361697","20220922235000","145","2","新竹縣","湖口鄉","121.010","24.865","176"
"1376","361698","20220922235000","1454","0","新竹縣","湖口鄉","121.000","24.870","1428"
"774","361700","20220922235000","346","3","新竹縣","湖口鄉","121.010","24.870","777"
"1272","361702","20220922235000","842","3","新竹縣","湖口鄉","121.010","24.875","1265"
"861","361703","20220922235000","901","0","新竹縣","竹北市","121.030","24.810","893"
"1777","361704","20220922235000","1558","1","新竹縣","竹北市","121.035","24.810","1779"
"576","361705","20220922235000","396","2","新竹縣","竹北市","121.030","24.815","580"
"352","361712","20220922235000","430","0","桃園市","大溪區","121.260","24.890","366"
"317","361715","20220922235000","367","0","新竹市","香山區","120.920","24.810","289"
"327","361721","20220922235000","230","2","新竹市","香山區","120.925","24.815","338"
"104","361725","20220922235000","91","1","新竹市","香山區","120.915","24.820","100"
"662","361727","20220922235000","558","1","新竹市","香山區","120.925","24.820","665"
"699","361733","20220922235000","484","2","新竹市","北區","120.925","24.825","684"
"1278","361736","20220922235000","1437","0","新竹市","香山區","120.930","24.790","1300"
"756","361738","20220922235000","485","3","新竹市","香山區","120.930","24.795","717"
"426","361744","20220922235000","348","2","新竹市","香山區","120.915","24.780","397"
"219","361752","20220922235000","292","0","新竹市","香山區","120.920","24.785","223"
"1222","361756","20220922235000","1448","0","新竹市","香山區","120.920","24.805","1178"
"947","361758","20220922235000","913","1","新竹市","香山區","120.935","24.805","939"
"902","361761","20220922235000","1010","0","新竹市","香山區","120.940","24.805","832"
"3058","361763","20220922235000","2474","2","新竹市","香山區","120.945","24.795","3022"
"408","361765","20220922235000","608","0","新竹市","香山區","120.940","24.790","383"
"81","361766","20220922235000","1115","0","新竹市","香山區","120.935","24.790","72"
"131","361767","20220922235000","183","0","新竹市","香山區","120.935","24.800","125"
"681","361768","20220922235000","847","0","新竹市","香山區","120.940","24.795","713"
"52","362002","20220922235000","47","1","新竹縣","關西鎮","121.260","24.775","50"
"75","362027","20220922235000","119","0","新竹縣","湖口鄉","121.030","24.880","72"
"784","362033","20220922235000","1070","0","新竹縣","湖口鄉","121.025","24.885","779"
"924","362036","20220922235000","1057","0","新竹縣","竹北市","120.965","24.860","915"
"765","362039","20220922235000","333","3","新竹縣","竹北市","120.980","24.860","696"
"1602","362056","20220922235000","1645","0","新竹縣","竹北市","121.015","24.825","1665"
"1545","362057","20220922235000","1900","0","新竹縣","竹北市","121.010","24.830","1559"
"504","362058","20220922235000","183","3","新竹縣","竹北市","121.040","24.810","531"
"1411","362059","20220922235000","1134","2","新竹縣","竹北市","121.035","24.815","1358"
"158","362060","20220922235000","406","0","新竹縣","竹北市","121.040","24.815","144"
"3140","362063","20220922235000","3181","0","新竹縣","竹北市","121.030","24.820","3150"
"1359","362064","20220922235000","1259","1","新竹縣","竹北市","121.035","24.820","1351"
"982","362066","20220922235000","1414","0","新竹縣","竹北市","121.020","24.825","985"
"1551","362067","20220922235000","902","3","新竹縣","竹北市","121.025","24.825","1525"
"4421","362068","20220922235000","4610","0","新竹縣","竹北市","121.030","24.825","4465"
"1930","362069","20220922235000","1439","2","新竹縣","竹北市","121.035","24.825","1826"
"2071","362070","20220922235000","1973","1","新竹縣","竹北市","121.015","24.830","2014"
"957","362071","20220922235000","843","1","新竹縣","竹北市","121.020","24.830","997"
"1682","362072","20220922235000","1400","2","新竹縣","竹北市","121.025","24.830","1721"
"1404","362073","20220922235000","1314","1","新竹縣","新埔鎮","121.030","24.830","1241"
"507","362076","20220922235000","547","0","新竹縣","竹北市","120.995","24.855","499"
"393","362077","20220922235000","376","1","新竹縣","竹北市","120.990","24.860","380"
"123","362079","20220922235000","123","1","新竹縣","竹北市","120.995","24.860","123"
"3981","362081","20220922235000","2227","3","新竹市","東區","120.995","24.800","3881"
"558","362082","20220922235000","521","1","新竹市","東區","121.000","24.805","577"
"169","362085","20220922235000","347","0","新竹市","東區","121.000","24.810","162"
"564","362086","20220922235000","654","0","新竹市","東區","121.005","24.810","554"
"1069","362087","20220922235000","734","2","新竹市","東區","121.010","24.810","1097"
"819","362088","20220922235000","632","2","新竹市","東區","120.995","24.815","828"
"925","362092","20220922235000","1098","0","新竹市","東區","121.010","24.775","960"
"898","362093","20220922235000","919","0","新竹市","東區","121.015","24.775","922"
"2417","362094","20220922235000","2141","1","新竹市","東區","121.020","24.775","2384"
"3957","362095","20220922235000","3736","1","新竹市","東區","121.025","24.775","3882"
"2856","362096","20220922235000","2657","1","新竹市","東區","120.990","24.780","2841"
"965","362097","20220922235000","877","1","新竹市","東區","121.005","24.775","966"
"983","362098","20220922235000","784","2","新竹市","東區","121.005","24.780","969"
"1208","362099","20220922235000","1426","0","新竹市","東區","121.010","24.780","1207"
"3120","362100","20220922235000","1979","3","新竹市","東區","121.015","24.780","3133"
"2800","362101","20220922235000","2051","2","新竹市","東區","121.005","24.785","2760"
"1835","362102","20220922235000","1571","1","新竹市","東區","121.010","24.785","1807"
"465","362103","20220922235000","500","0","新竹市","北區","120.945","24.835","504"
"430","362104","20220922235000","617","0","新竹市","北區","120.950","24.835","402"
"849","362107","20220922235000","614","2","新竹縣","竹東鎮","121.045","24.785","840"
"184","362108","20220922235000","205","0","新竹縣","竹東鎮","121.050","24.785","186"
"1083","362117","20220922235000","907","1","新竹縣","竹東鎮","121.035","24.790","1074"
"607","362122","20220922235000","1541","0","新竹縣","竹東鎮","121.030","24.795","581"
"156","362128","20220922235000","139","1","新竹縣","竹北市","120.960","24.855","156"
"566","362141","20220922235000","488","1","新竹縣","竹北市","120.955","24.870","547"
"1939","362143","20220922235000","1561","2","新竹縣","竹北市","121.015","24.835","1946"
"236","362158","20220922235000","247","0","新竹縣","新豐鄉","120.975","24.890","229"
"1811","362159","20220922235000","1815","0","新竹市","東區","121.005","24.790","1741"
"5616","362160","20220922235000","4158","2","新竹市","東區","121.015","24.790","5592"
"11","362249","20220922235000","11","1","新北市","烏來區","121.525","24.830","11"
"46","362275","20220922235000","42","1","新北市","烏來區","121.525","24.835","41"
"16","362568","20220922235000","10","3","新北市","烏來區","121.590","24.850","17"
"119","362673","20220922235000","117","1","新北市","烏來區","121.550","24.875","117"
"54","362692","20220922235000","62","0","新北市","烏來區","121.545","24.880","57"
"96","362700","20220922235000","125","0","新北市","烏來區","121.550","24.885","94"
"13","362716","20220922235000","24","0","新北市","烏來區","121.550","24.845","11"
"139","362717","20220922235000","190","0","新北市","烏來區","121.555","24.845","125"
"63","362740","20220922235000","51","2","新北市","烏來區","121.560","24.860","54"
"316","362744","20220922235000","466","0","新北市","烏來區","121.550","24.865","299"
"70","362793","20220922235000","43","3","新北市","烏來區","121.510","24.775","63"
"1812","362984","20220922235000","2218","0","新竹市","東區","120.960","24.795","1751"
"6698","362985","20220922235000","6004","1","新竹市","東區","121.020","24.790","6629"
"1369","362988","20220922235000","1246","1","新竹市","東區","120.970","24.775","1257"
"2675","362990","20220922235000","2422","1","新竹市","東區","120.985","24.805","2681"
"36","362991","20220922235000","33","1","新竹市","東區","120.965","24.775","28"
"1119","362992","20220922235000","1396","0","新竹市","北區","120.960","24.805","1073"
"497","362994","20220922235000","385","2","新竹縣","竹北市","120.945","24.850","493"
"919","362996","20220922235000","1160","0","新竹縣","竹北市","120.945","24.855","900"
"1893","362998","20220922235000","1710","1","新竹縣","竹北市","120.995","24.840","1868"
"1628","362999","20220922235000","1800","0","新竹縣","竹北市","121.000","24.840","1578"
"731","363002","20220922235000","638","1","新竹縣","竹北市","121.035","24.800","708"
"1769","363004","20220922235000","962","3","新竹縣","竹北市","121.025","24.805","1653"
"2132","363005","20220922235000","1813","1","新竹縣","竹北市","121.030","24.805","2131"
"3991","363006","20220922235000","3324","2","新竹縣","竹北市","121.035","24.805","3872"
"3661","363007","20220922235000","3151","1","新竹縣","竹北市","121.025","24.810","3543"
"137","363008","20220922235000","66","3","新竹縣","芎林鄉","121.065","24.790","141"
"752","363013","20220922235000","615","2","新竹縣","竹北市","121.050","24.805","719"
"265","363016","20220922235000","400","0","新竹縣","竹北市","121.045","24.810","263"
"2825","363021","20220922235000","2614","1","新竹縣","竹北市","121.005","24.840","2753"
"751","363023","20220922235000","506","2","新竹縣","竹北市","121.020","24.840","749"
"1282","363024","20220922235000","1724","0","新竹縣","竹北市","121.000","24.845","1257"
"1353","363025","20220922235000","644","3","新竹縣","竹北市","121.000","24.855","1308"
"743","363026","20220922235000","758","0","新竹縣","竹北市","121.010","24.845","729"
"287","363027","20220922235000","487","0","新竹縣","新埔鎮","121.015","24.850","272"
"274","363028","20220922235000","288","0","新竹縣","竹北市","121.020","24.845","231"
"1349","363032","20220922235000","1049","2","新竹縣","芎林鄉","121.080","24.775","1312"
"20","363046","20220922235000","14","2","新竹縣","關西鎮","121.140","24.790","16"
"16","363048","20220922235000","11","2","新竹縣","關西鎮","121.150","24.790","10"
"113","363062","20220922235000","103","1","新竹縣","關西鎮","121.185","24.800","97"
"393","363073","20220922235000","380","1","新竹縣","關西鎮","121.200","24.810","355"
"167","363082","20220922235000","109","3","新竹縣","關西鎮","121.180","24.820","205"
"95","363084","20220922235000","84","1","新竹縣","關西鎮","121.175","24.825","92"
"1037","363085","20220922235000","895","1","桃園市","龍潭區","121.180","24.825","981"
"803","363086","20220922235000","847","0","新竹市","東區","120.975","24.795","813"
"1260","363088","20220922235000","1285","0","新竹縣","寶山鄉","120.985","24.775","1216"
"508","363090","20220922235000","414","2","新竹市","東區","120.980","24.780","510"
"1349","363093","20220922235000","1437","0","新竹市","東區","120.980","24.785","1322"
"1454","363094","20220922235000","1077","2","新竹縣","新豐鄉","121.000","24.875","1432"
"1027","363095","20220922235000","1056","0","新竹縣","新豐鄉","120.995","24.880","1009"
"655","363096","20220922235000","462","2","新竹縣","新豐鄉","121.000","24.880","657"
"446","363097","20220922235000","340","2","新竹縣","新豐鄉","121.005","24.880","439"
"2030","363098","20220922235000","1554","2","新竹縣","新豐鄉","120.990","24.870","2070"
"3726","363099","20220922235000","3881","0","新竹縣","新豐鄉","120.995","24.870","3762"
"1833","363100","20220922235000","1738","1","新竹縣","新豐鄉","120.985","24.865","1856"
"1091","363101","20220922235000","367","3","新竹縣","新豐鄉","120.990","24.865","1041"
"205","363102","20220922235000","473","0","新竹縣","新豐鄉","120.985","24.870","203"
"758","363103","20220922235000","566","2","新竹縣","新豐鄉","120.985","24.875","717"
"601","363109","20220922235000","635","0","新竹縣","關西鎮","121.145","24.805","568"
"45","363127","20220922235000","45","1","新竹縣","關西鎮","121.120","24.780","39"
"26","363131","20220922235000","16","3","新竹縣","關西鎮","121.115","24.785","19"
"192","363143","20220922235000","155","2","新竹縣","關西鎮","121.130","24.790","191"
"106","363153","20220922235000","54","3","新竹縣","關西鎮","121.200","24.775","101"
"1024","363158","20220922235000","962","1","新竹縣","關西鎮","121.175","24.785","1092"
"88","363159","20220922235000","45","3","新竹縣","關西鎮","121.180","24.790","99"
"1026","363160","20220922235000","982","1","新竹縣","關西鎮","121.185","24.790","1030"
"326","363164","20220922235000","384","0","新竹縣","關西鎮","121.190","24.795","334"
"15","363183","20220922235000","21","0","新竹縣","關西鎮","121.205","24.780","30"
"29","363187","20220922235000","19","3","新竹縣","關西鎮","121.195","24.785","24"
"223","363195","20220922235000","122","3","新竹縣","關西鎮","121.195","24.790","219"
"22","363197","20220922235000","12","3","新竹縣","關西鎮","121.205","24.790","20"
"49","363217","20220922235000","53","0","新竹縣","關西鎮","121.230","24.795","38"
"90","363223","20220922235000","67","2","新竹縣","關西鎮","121.235","24.800","70"
"15","363229","20220922235000","21","0","新竹縣","關西鎮","121.135","24.820","20"
"436","363233","20220922235000","473","0","新竹縣","關西鎮","121.115","24.825","442"
"234","363245","20220922235000","255","0","新竹縣","關西鎮","121.115","24.830","256"
"700","363256","20220922235000","534","2","新竹縣","關西鎮","121.165","24.830","775"
"82","363258","20220922235000","54","3","新竹縣","新埔鎮","121.125","24.835","82"
"224","363272","20220922235000","243","0","新竹縣","關西鎮","121.150","24.840","229"
"1046","363274","20220922235000","1003","1","新竹縣","關西鎮","121.135","24.810","1044"
"63","363279","20220922235000","50","2","新竹縣","關西鎮","121.130","24.815","73"
"27","363288","20220922235000","14","3","新竹縣","關西鎮","121.165","24.795","31"
"452","363291","20220922235000","474","0","新竹縣","關西鎮","121.165","24.800","460"
"2599","363304","20220922235000","2321","1","新竹縣","關西鎮","121.175","24.790","2529"
"280","363305","20220922235000","242","1","新竹縣","關西鎮","121.170","24.795","257"
"328","363306","20220922235000","415","0","新竹縣","關西鎮","121.175","24.795","355"
"101","363308","20220922235000","77","2","新竹縣","關西鎮","121.175","24.805","70"
"3245","363344","20220922235000","2341","2","桃園市","龍潭區","121.230","24.875","2956"
"393","363345","20220922235000","404","0","桃園市","龍潭區","121.230","24.880","364"
"911","363346","20220922235000","779","1","桃園市","龍潭區","121.225","24.855","844"
"90","363347","20220922235000","113","0","桃園市","龍潭區","121.230","24.855","128"
"56","363355","20220922235000","42","2","桃園市","龍潭區","121.235","24.865","65"
"102","363358","20220922235000","371","0","桃園市","龍潭區","121.230","24.870","99"
"544","363359","20220922235000","512","1","桃園市","龍潭區","121.235","24.870","549"
"225","363362","20220922235000","390","0","桃園市","平鎮區","121.245","24.875","213"
"1043","363365","20220922235000","1133","0","桃園市","龍潭區","121.235","24.840","1059"
"1383","363366","20220922235000","1379","1","桃園市","龍潭區","121.240","24.835","1329"
"221","363369","20220922235000","246","0","桃園市","龍潭區","121.240","24.845","194"
"205","363370","20220922235000","115","3","桃園市","龍潭區","121.245","24.850","184"
"84","363371","20220922235000","69","2","桃園市","龍潭區","121.250","24.850","89"
"392","363374","20220922235000","249","3","桃園市","龍潭區","121.250","24.855","382"
"16","363376","20220922235000","27","0","桃園市","龍潭區","121.255","24.860","17"
"247","363377","20220922235000","200","2","桃園市","龍潭區","121.180","24.870","223"
"1052","363380","20220922235000","1040","1","桃園市","龍潭區","121.195","24.870","1010"
"535","363388","20220922235000","412","2","桃園市","龍潭區","121.185","24.880","549"
"1657","363392","20220922235000","1149","2","桃園市","龍潭區","121.185","24.885","1732"
"25","363394","20220922235000","28","0","桃園市","龍潭區","121.180","24.885","17"
"225","363396","20220922235000","265","0","桃園市","龍潭區","121.190","24.885","229"
"133","363397","20220922235000","100","2","桃園市","龍潭區","121.190","24.890","90"
"4565","363481","20220922235000","3997","1","新竹市","東區","120.975","24.810","4652"
"3229","363482","20220922235000","2663","2","新竹市","東區","120.970","24.800","3124"
"984","363483","20220922235000","913","1","新竹市","東區","120.970","24.810","940"
"1119","363484","20220922235000","853","2","新竹市","東區","120.970","24.785","1063"
"1538","363485","20220922235000","976","3","新竹市","東區","120.975","24.785","1531"
"5131","363486","20220922235000","4287","1","新竹市","東區","120.965","24.795","5054"
"719","363502","20220922235000","720","0","桃園市","龍潭區","121.185","24.840","758"
"609","363507","20220922235000","557","1","桃園市","龍潭區","121.185","24.845","595"
"23","363511","20220922235000","37","0","桃園市","龍潭區","121.180","24.850","24"
"136","363514","20220922235000","194","0","桃園市","龍潭區","121.195","24.850","121"
"297","363523","20220922235000","148","3","桃園市","龍潭區","121.190","24.860","242"
"478","363528","20220922235000","488","0","桃園市","龍潭區","121.245","24.835","465"
"325","363532","20220922235000","230","2","桃園市","龍潭區","121.245","24.840","266"
"114","363557","20220922235000","97","1","桃園市","龍潭區","121.240","24.830","98"
"757","363560","20220922235000","605","2","桃園市","龍潭區","121.230","24.835","644"
"42","363589","20220922235000","43","0","桃園市","龍潭區","121.160","24.870","42"
"801","363593","20220922235000","659","2","桃園市","龍潭區","121.210","24.840","757"
"434","363597","20220922235000","280","3","桃園市","龍潭區","121.200","24.855","445"
"611","363599","20220922235000","757","0","桃園市","龍潭區","121.210","24.855","640"
"1418","363602","20220922235000","813","3","桃園市","龍潭區","121.225","24.845","1333"
"316","363603","20220922235000","561","0","桃園市","龍潭區","121.230","24.845","308"
"13","363605","20220922235000","17","0","桃園市","龍潭區","121.225","24.850","21"
"1635","363611","20220922235000","1470","1","桃園市","龍潭區","121.220","24.850","1602"
"1241","363613","20220922235000","896","2","桃園市","龍潭區","121.215","24.865","1227"
"590","363614","20220922235000","749","0","桃園市","龍潭區","121.220","24.865","618"
"702","363615","20220922235000","586","1","桃園市","龍潭區","121.210","24.870","677"
"932","363616","20220922235000","793","1","桃園市","龍潭區","121.215","24.870","942"
"611","363620","20220922235000","656","0","桃園市","龍潭區","121.220","24.860","578"
"359","363625","20220922235000","432","0","桃園市","龍潭區","121.205","24.865","358"
"187","363626","20220922235000","168","1","桃園市","龍潭區","121.200","24.870","240"
"1562","363627","20220922235000","1219","2","桃園市","龍潭區","121.205","24.870","1755"
"3852","363628","20220922235000","3075","2","新竹縣","竹北市","121.020","24.835","3814"
"2163","363629","20220922235000","1940","1","新竹縣","竹北市","121.025","24.835","2177"
"1091","363630","20220922235000","1237","0","新竹縣","竹北市","121.010","24.835","1062"
"418","363633","20220922235000","366","1","新竹市","東區","120.960","24.780","415"
"584","363634","20220922235000","481","2","新竹市","東區","120.965","24.780","571"
"1412","363637","20220922235000","1250","1","新竹市","東區","120.965","24.785","1387"
"3720","363639","20220922235000","3433","1","新竹市","東區","120.965","24.790","3693"
"2230","363641","20220922235000","2874","0","新竹市","東區","121.020","24.785","2171"
"441","363642","20220922235000","548","0","新竹縣","竹東鎮","121.025","24.785","449"
"960","363644","20220922235000","845","1","新竹縣","竹東鎮","121.035","24.775","928"
"244","363646","20220922235000","149","3","新竹縣","竹東鎮","121.045","24.775","240"
"2897","363648","20220922235000","3178","0","新竹縣","竹東鎮","121.030","24.780","2845"
"470","363649","20220922235000","543","0","新竹縣","竹東鎮","121.035","24.780","489"
"129","363651","20220922235000","324","0","新竹縣","竹東鎮","121.045","24.780","115"
"1122","363655","20220922235000","1195","0","桃園市","龍潭區","121.235","24.880","1169"
"1010","363658","20220922235000","952","1","桃園市","龍潭區","121.240","24.880","996"
"61","363661","20220922235000","48","2","桃園市","龍潭區","121.240","24.810","53"
"549","363663","20220922235000","545","1","桃園市","龍潭區","121.240","24.815","492"
"12","363664","20220922235000","25","0","桃園市","龍潭區","121.235","24.820","85"
"342","363667","20220922235000","311","1","桃園市","龍潭區","121.230","24.825","328"
"658","363668","20220922235000","618","1","桃園市","龍潭區","121.235","24.825","639"
"1003","363676","20220922235000","899","1","桃園市","龍潭區","121.230","24.840","948"
"484","363677","20220922235000","493","0","新竹縣","竹北市","121.005","24.845","479"
"1599","363682","20220922235000","1515","1","新竹縣","芎林鄉","121.080","24.780","1649"
"37","363685","20220922235000","129","0","新竹縣","芎林鄉","121.075","24.785","33"
"1266","363687","20220922235000","1086","1","新竹縣","芎林鄉","121.070","24.790","1229"
"885","363696","20220922235000","762","1","新竹縣","芎林鄉","121.060","24.795","779"
"727","363709","20220922235000","696","1","新竹縣","芎林鄉","121.090","24.775","735"
"11","363719","20220922235000","12","0","新竹縣","芎林鄉","121.110","24.785","12"
"37","363721","20220922235000","30","2","新竹縣","芎林鄉","121.085","24.780","37"
"26","363725","20220922235000","64","0","新竹縣","芎林鄉","121.100","24.780","29"
"300","363728","20220922235000","300","1","新竹縣","芎林鄉","121.100","24.785","298"
"1159","363737","20220922235000","881","2","新竹縣","竹北市","120.985","24.835","1147"
"685","363744","20220922235000","424","3","新竹縣","竹北市","120.975","24.840","664"
"766","363746","20220922235000","774","0","新竹縣","竹北市","120.955","24.840","707"
"502","363748","20220922235000","428","1","新竹縣","竹北市","120.965","24.840","525"
"41","363765","20220922235000","317","0","宜蘭縣","礁溪鄉","121.790","24.795","40"
"38","363769","20220922235000","137","0","宜蘭縣","礁溪鄉","121.780","24.800","33"
"183","363770","20220922235000","264","0","宜蘭縣","礁溪鄉","121.785","24.800","185"
"183","363777","20220922235000","217","0","宜蘭縣","礁溪鄉","121.790","24.810","198"
"1076","363779","20220922235000","1233","0","宜蘭縣","礁溪鄉","121.775","24.830","1053"
"662","363783","20220922235000","470","2","宜蘭縣","礁溪鄉","121.780","24.835","630"
"290","363797","20220922235000","385","0","宜蘭縣","礁溪鄉","121.790","24.830","304"
"17","363798","20220922235000","63","0","宜蘭縣","礁溪鄉","121.785","24.835","19"
"1361","363803","20220922235000","1015","2","桃園市","平鎮區","121.200","24.890","1444"
"1723","363805","20220922235000","1833","0","新竹市","北區","120.955","24.805","1699"
"474","363808","20220922235000","969","0","新竹市","北區","120.945","24.815","487"
"157","363811","20220922235000","26","3","新竹市","北區","120.955","24.785","129"
"2214","363814","20220922235000","1860","1","新竹市","北區","120.955","24.790","2433"
"820","363815","20220922235000","1086","0","新竹市","香山區","120.950","24.795","772"
"1189","363816","20220922235000","1021","1","桃園市","大溪區","121.290","24.885","1083"
"1696","363817","20220922235000","1487","1","新竹縣","寶山鄉","120.990","24.775","1709"
"675","363818","20220922235000","564","1","新竹縣","寶山鄉","120.995","24.775","734"
"1825","363819","20220922235000","1728","1","新竹縣","寶山鄉","121.000","24.775","1773"
"1537","363821","20220922235000","1119","2","新竹市","東區","120.995","24.780","1581"
"2266","363824","20220922235000","1197","3","新竹縣","竹北市","121.010","24.820","2224"
"1877","363825","20220922235000","1917","0","新竹縣","竹北市","121.015","24.820","1874"
"2077","363826","20220922235000","1507","2","新竹縣","竹北市","121.005","24.825","2141"
"3491","363827","20220922235000","2820","2","新竹縣","竹北市","121.010","24.825","3480"
"2467","363828","20220922235000","2194","1","新竹縣","竹北市","121.005","24.830","2441"
"526","363835","20220922235000","474","1","新竹縣","新埔鎮","121.050","24.835","783"
"605","363837","20220922235000","717","0","新竹縣","新埔鎮","121.045","24.840","645"
"823","363839","20220922235000","36","3","新竹縣","新埔鎮","121.055","24.840","829"
"11","363850","20220922235000","13","0","新竹縣","新埔鎮","121.035","24.840","11"
"792","363852","20220922235000","755","1","新竹縣","新埔鎮","121.025","24.845","774"
"398","363854","20220922235000","40","3","新竹縣","新埔鎮","121.035","24.845","411"
"91","363855","20220922235000","256","0","新竹縣","新埔鎮","121.040","24.845","76"
"28","363860","20220922235000","19","2","新竹縣","新埔鎮","121.030","24.850","27"
"22","363864","20220922235000","16","2","桃園市","龍潭區","121.210","24.875","17"
"1562","363865","20220922235000","1457","1","桃園市","龍潭區","121.205","24.880","1493"
"339","363866","20220922235000","307","1","新竹縣","竹北市","120.980","24.840","342"
"545","363870","20220922235000","776","0","新竹縣","竹北市","120.975","24.850","754"
"469","363871","20220922235000","565","0","新竹縣","竹北市","120.980","24.850","488"
"215","363872","20220922235000","316","0","新竹縣","竹東鎮","121.055","24.775","123"
"223","363877","20220922235000","212","1","新竹縣","竹東鎮","121.055","24.785","214"
"67","363882","20220922235000","74","0","宜蘭縣","礁溪鄉","121.745","24.800","69"
"267","363884","20220922235000","236","1","宜蘭縣","礁溪鄉","121.755","24.800","249"
"1283","363890","20220922235000","827","3","宜蘭縣","礁溪鄉","121.740","24.780","1300"
"145","363899","20220922235000","111","2","宜蘭縣","礁溪鄉","121.740","24.790","147"
"478","363936","20220922235000","624","0","新竹市","香山區","120.950","24.775","485"
"490","363940","20220922235000","429","1","新竹市","香山區","120.950","24.780","478"
"285","363941","20220922235000","356","0","新竹市","香山區","120.935","24.795","265"
"644","363948","20220922235000","537","1","新竹市","香山區","120.925","24.800","650"
"2822","363957","20220922235000","1871","3","新竹縣","竹北市","120.995","24.835","2888"
"743","363960","20220922235000","1139","0","新竹縣","竹北市","121.000","24.825","727"
"481","363961","20220922235000","452","1","新竹縣","竹北市","120.990","24.830","387"
"2015","363963","20220922235000","1215","3","新竹縣","竹北市","121.000","24.830","1923"
"1722","363964","20220922235000","1644","1","新竹縣","竹北市","121.000","24.835","1728"
"619","363965","20220922235000","587","1","新竹縣","竹北市","121.005","24.835","582"
"688","363968","20220922235000","648","1","新竹縣","竹北市","120.970","24.835","657"
"3190","363976","20220922235000","2693","1","桃園市","龍潭區","121.215","24.860","3135"
"1097","363977","20220922235000","789","2","桃園市","龍潭區","121.210","24.865","1069"
"317","363980","20220922235000","206","3","新竹縣","新埔鎮","121.110","24.815","313"
"109","363983","20220922235000","47","3","新竹縣","新埔鎮","121.100","24.820","115"
"600","363985","20220922235000","629","0","新竹縣","新埔鎮","121.090","24.825","612"
"223","363989","20220922235000","293","0","新竹縣","關西鎮","121.110","24.825","325"
"2718","363994","20220922235000","2571","1","新竹市","北區","120.970","24.820","2802"
"1966","363995","20220922235000","2402","0","新竹市","北區","120.955","24.810","1975"
"3001","363996","20220922235000","2598","1","新竹市","北區","120.960","24.810","2985"
"873","363997","20220922235000","754","1","宜蘭縣","頭城鎮","121.825","24.860","873"
"33","364010","20220922235000","29","1","桃園市","大溪區","121.295","24.835","23"
"39","364013","20220922235000","40","0","桃園市","大溪區","121.280","24.840","37"
"680","364024","20220922235000","597","1","桃園市","大溪區","121.285","24.850","704"
"16","364032","20220922235000","303","0","桃園市","大溪區","121.295","24.855","20"
"16","364043","20220922235000","21","0","桃園市","大溪區","121.305","24.860","18"
"305","364050","20220922235000","275","1","桃園市","大溪區","121.295","24.865","289"
"72","364052","20220922235000","79","0","桃園市","大溪區","121.305","24.865","62"
"357","364061","20220922235000","256","2","桃園市","大溪區","121.300","24.870","379"
"217","364068","20220922235000","238","0","桃園市","大溪區","121.300","24.875","203"
"58","364070","20220922235000","37","3","桃園市","大溪區","121.310","24.875","55"
"215","364110","20220922235000","246","0","桃園市","大溪區","121.270","24.840","209"
"704","364119","20220922235000","578","2","新竹縣","新豐鄉","121.005","24.885","685"
"756","364123","20220922235000","584","2","新竹縣","新豐鄉","121.005","24.890","753"
"405","364126","20220922235000","324","2","新竹縣","湖口鄉","121.020","24.890","394"
"223","364127","20220922235000","80","3","新竹縣","新豐鄉","120.995","24.875","228"
"453","364129","20220922235000","440","1","新竹縣","新豐鄉","120.990","24.880","451"
"195","364130","20220922235000","239","0","新竹縣","新豐鄉","120.990","24.885","194"
"1342","364132","20220922235000","1297","1","新竹縣","新豐鄉","120.990","24.890","1303"
"334","364139","20220922235000","405","0","新竹縣","湖口鄉","121.025","24.890","339"
"673","364141","20220922235000","661","1","新竹縣","湖口鄉","121.035","24.890","671"
"682","364143","20220922235000","625","1","新竹縣","湖口鄉","121.020","24.860","692"
"167","364146","20220922235000","150","1","新竹縣","湖口鄉","121.015","24.865","165"
"309","364147","20220922235000","215","2","新竹縣","湖口鄉","121.020","24.865","285"
"1688","364148","20220922235000","1216","2","新竹縣","湖口鄉","121.025","24.865","1687"
"597","364149","20220922235000","831","0","新竹縣","湖口鄉","121.030","24.865","588"
"350","364163","20220922235000","495","0","新竹縣","湖口鄉","121.035","24.875","377"
"679","364164","20220922235000","853","0","新竹縣","湖口鄉","121.040","24.875","627"
"319","364168","20220922235000","340","0","新竹縣","湖口鄉","121.035","24.880","312"
"282","364171","20220922235000","320","0","新竹縣","湖口鄉","121.050","24.880","291"
"19","364179","20220922235000","22","0","新竹縣","湖口鄉","121.065","24.875","18"
"28","364180","20220922235000","16","3","新竹縣","湖口鄉","121.070","24.875","31"
"214","364189","20220922235000","248","0","新竹縣","湖口鄉","121.075","24.880","205"
"209","364194","20220922235000","188","1","新竹縣","湖口鄉","121.070","24.885","206"
"248","364195","20220922235000","179","2","新竹縣","湖口鄉","121.075","24.885","235"
"771","364201","20220922235000","732","1","新竹縣","湖口鄉","121.055","24.880","766"
"288","364202","20220922235000","347","0","新竹縣","湖口鄉","121.060","24.880","305"
"511","364205","20220922235000","632","0","新竹縣","湖口鄉","121.050","24.885","499"
"83","364211","20220922235000","87","0","新竹縣","湖口鄉","121.105","24.880","81"
"341","364216","20220922235000","419","0","新竹縣","湖口鄉","121.090","24.885","334"
"310","364221","20220922235000","126","3","新竹縣","湖口鄉","121.095","24.885","306"
"44","364222","20220922235000","43","1","新竹縣","湖口鄉","121.100","24.885","42"
"117","364228","20220922235000","130","0","新竹縣","湖口鄉","121.110","24.890","138"
"233","364231","20220922235000","179","2","新竹縣","湖口鄉","121.085","24.885","207"
"370","364236","20220922235000","298","2","新竹縣","湖口鄉","121.080","24.890","389"
"276","364238","20220922235000","336","0","新竹縣","湖口鄉","121.090","24.890","297"
"2513","364239","20220922235000","2482","1","新竹縣","湖口鄉","121.015","24.870","2555"
"613","364240","20220922235000","735","0","新竹縣","湖口鄉","121.015","24.875","604"
"1093","364242","20220922235000","741","2","新竹縣","湖口鄉","121.025","24.875","1061"
"546","364243","20220922235000","481","1","新竹縣","湖口鄉","121.010","24.880","553"
"3547","364244","20220922235000","2675","2","新竹市","北區","120.965","24.805","3410"
"24","364290","20220922235000","26","0","新北市","新店區","121.510","24.890","21"
"20","364291","20220922235000","14","2","新北市","新店區","121.515","24.890","23"
"477","364296","20220922235000","715","0","桃園市","大溪區","121.265","24.885","463"
"645","364314","20220922235000","366","3","桃園市","大溪區","121.280","24.870","644"
"23","364340","20220922235000","30","0","桃園市","大溪區","121.285","24.820","23"
"96","364352","20220922235000","89","1","桃園市","大溪區","121.310","24.825","94"
"15","364355","20220922235000","12","2","桃園市","大溪區","121.300","24.830","15"
"34","364359","20220922235000","23","2","桃園市","大溪區","121.305","24.830","27"
"14","364384","20220922235000","64","0","桃園市","大溪區","121.335","24.845","15"
"711","364405","20220922235000","569","2","桃園市","大溪區","121.300","24.890","634"
"880","364409","20220922235000","611","2","新竹縣","湖口鄉","121.045","24.890","889"
"138","364410","20220922235000","99","2","新竹縣","湖口鄉","121.050","24.890","127"
"110","364419","20220922235000","110","1","新竹縣","湖口鄉","121.040","24.860","110"
"1183","364424","20220922235000","1039","1","新竹縣","湖口鄉","121.035","24.865","1190"
"255","364429","20220922235000","144","3","新竹縣","湖口鄉","121.020","24.870","233"
"1015","364430","20220922235000","1751","0","新竹縣","湖口鄉","121.025","24.870","997"
"1327","364431","20220922235000","1161","1","新竹縣","湖口鄉","121.030","24.870","1245"
"1099","364432","20220922235000","1411","0","新竹縣","湖口鄉","121.035","24.870","1109"
"1626","364436","20220922235000","724","3","新竹縣","湖口鄉","121.030","24.875","1642"
"37","364448","20220922235000","27","2","新竹縣","新埔鎮","121.095","24.805","40"
"289","364453","20220922235000","233","2","新竹縣","新埔鎮","121.090","24.810","303"
"94","364455","20220922235000","51","3","新竹縣","新埔鎮","121.100","24.810","94"
"15","364462","20220922235000","11","2","新竹縣","新埔鎮","121.085","24.845","15"
"131","364470","20220922235000","86","3","新竹縣","新埔鎮","121.095","24.855","119"
"368","364480","20220922235000","486","0","新竹縣","新埔鎮","121.060","24.835","335"
"314","364482","20220922235000","229","2","新竹縣","新埔鎮","121.060","24.840","321"
"2075","364497","20220922235000","2197","0","新竹縣","新埔鎮","121.085","24.830","2041"
"97","364505","20220922235000","50","3","新竹縣","芎林鄉","121.085","24.790","85"
"87","364507","20220922235000","62","2","新竹縣","新埔鎮","121.085","24.795","84"
"114","364516","20220922235000","69","3","新竹縣","新埔鎮","121.080","24.810","105"
"162","364518","20220922235000","153","1","新竹縣","新埔鎮","121.080","24.815","172"
"581","364538","20220922235000","566","1","新竹縣","新埔鎮","121.120","24.840","575"
"575","364549","20220922235000","595","0","新竹縣","新埔鎮","121.060","24.820","572"
"168","364554","20220922235000","18","3","新竹縣","新埔鎮","121.055","24.825","184"
"20","364555","20220922235000","158","0","新竹縣","新埔鎮","121.060","24.825","15"
"791","364558","20220922235000","810","0","新竹縣","新埔鎮","121.040","24.830","782"
"3084","364561","20220922235000","2591","1","新竹縣","新埔鎮","121.030","24.835","3109"
"23","364571","20220922235000","57","0","新竹縣","新埔鎮","121.145","24.855","28"
"1255","364579","20220922235000","1228","1","新竹縣","新埔鎮","121.080","24.830","1233"
"130","364580","20220922235000","62","3","新竹縣","新埔鎮","121.075","24.830","120"
"282","364581","20220922235000","274","1","宜蘭縣","宜蘭市","121.760","24.770","321"
"441","364583","20220922235000","303","2","宜蘭縣","宜蘭市","121.770","24.770","454"
"141","364585","20220922235000","147","0","宜蘭縣","宜蘭市","121.765","24.770","128"
"242","364586","20220922235000","180","2","宜蘭縣","宜蘭市","121.760","24.775","243"
"420","364587","20220922235000","334","2","宜蘭縣","宜蘭市","121.760","24.780","421"
"44","364588","20220922235000","30","2","桃園市","平鎮區","121.185","24.890","36"
"268","364590","20220922235000","228","1","桃園市","大溪區","121.285","24.865","277"
"716","364594","20220922235000","521","2","桃園市","大溪區","121.285","24.875","684"
"1257","364597","20220922235000","1160","1","桃園市","大溪區","121.285","24.880","1275"
"873","364599","20220922235000","1218","0","桃園市","大溪區","121.295","24.880","890"
"1362","364601","20220922235000","1165","1","桃園市","大溪區","121.270","24.880","1224"
"11","364604","20220922235000","15","0","桃園市","楊梅區","121.175","24.885","11"
"275","364607","20220922235000","300","0","桃園市","楊梅區","121.180","24.890","272"
"485","364609","20220922235000","462","1","桃園市","龍潭區","121.235","24.875","481"
"589","364612","20220922235000","474","2","桃園市","龍潭區","121.220","24.870","570"
"1040","364613","20220922235000","738","2","桃園市","龍潭區","121.225","24.870","1045"
"680","364614","20220922235000","524","2","桃園市","龍潭區","121.205","24.885","678"
"270","364615","20220922235000","110","3","桃園市","龍潭區","121.205","24.890","294"
"998","364616","20220922235000","1052","0","桃園市","龍潭區","121.210","24.885","940"
"342","364618","20220922235000","333","1","新竹縣","竹北市","120.990","24.835","348"
"423","364620","20220922235000","424","0","新竹縣","竹北市","120.990","24.840","413"
"643","364623","20220922235000","609","1","新竹縣","竹北市","120.990","24.845","632"
"931","364629","20220922235000","1888","0","新竹縣","竹北市","121.045","24.795","898"
"1581","364631","20220922235000","1211","2","新竹縣","竹北市","121.040","24.800","1551"
"1216","364632","20220922235000","587","3","新竹縣","竹北市","121.045","24.800","1116"
"448","364633","20220922235000","626","0","新竹縣","竹北市","121.050","24.800","454"
"1517","364634","20220922235000","1298","1","新竹縣","竹北市","121.040","24.805","1485"
"485","364635","20220922235000","410","1","新竹縣","竹北市","121.045","24.805","456"
"1920","364637","20220922235000","1836","1","新竹縣","竹北市","121.020","24.810","1858"
"2389","364639","20220922235000","1950","2","新竹縣","竹北市","121.020","24.815","2369"
"1980","364640","20220922235000","2939","0","新竹縣","竹北市","121.025","24.815","1956"
"1054","364641","20220922235000","404","3","新竹縣","竹北市","121.020","24.820","1009"
"2278","364642","20220922235000","3646","0","新竹縣","竹北市","121.025","24.820","2250"
"1230","364648","20220922235000","1011","2","新竹市","北區","120.925","24.840","1176"
"772","364657","20220922235000","855","0","桃園市","龍潭區","121.210","24.890","771"
"64","364662","20220922235000","38","3","桃園市","復興區","121.325","24.775","64"
"17","364692","20220922235000","19","0","桃園市","復興區","121.335","24.790","21"
"101","364720","20220922235000","117","0","桃園市","復興區","121.345","24.805","98"
"194","364731","20220922235000","181","1","桃園市","復興區","121.350","24.815","195"
"96","364735","20220922235000","99","0","桃園市","復興區","121.350","24.820","82"
"93","364741","20220922235000","80","1","桃園市","復興區","121.370","24.825","100"
"105","364767","20220922235000","139","0","桃園市","復興區","121.375","24.800","113"
"36","364824","20220922235000","35","1","桃園市","復興區","121.375","24.785","28"
"26","364825","20220922235000","18","2","桃園市","復興區","121.380","24.785","31"
"46","364828","20220922235000","30","3","桃園市","復興區","121.395","24.785","44"
"13","364892","20220922235000","10","2","桃園市","復興區","121.275","24.790","11"
"76","364934","20220922235000","81","0","桃園市","復興區","121.305","24.800","88"
"50","364969","20220922235000","15","3","桃園市","復興區","121.400","24.805","22"
"21","364990","20220922235000","12","3","桃園市","復興區","121.375","24.815","17"
"36","365017","20220922235000","42","0","桃園市","復興區","121.390","24.825","39"
"88","365042","20220922235000","44","3","桃園市","復興區","121.385","24.835","86"
"224","365054","20220922235000","263","0","桃園市","楊梅區","121.155","24.880","213"
"99","365058","20220922235000","84","1","桃園市","楊梅區","121.155","24.885","83"
"319","365063","20220922235000","305","1","桃園市","楊梅區","121.150","24.885","335"
"186","365065","20220922235000","214","0","桃園市","楊梅區","121.160","24.885","243"
"44","365067","20220922235000","194","0","桃園市","楊梅區","121.150","24.890","57"
"923","365068","20220922235000","1032","0","桃園市","楊梅區","121.155","24.890","899"
"1268","365070","20220922235000","859","2","桃園市","楊梅區","121.170","24.885","1283"
"2994","365073","20220922235000","3525","0","新竹市","北區","120.955","24.795","2951"
"160","365074","20220922235000","244","0","新竹市","香山區","120.955","24.780","153"
"1933","365075","20220922235000","1820","1","新竹市","香山區","120.945","24.790","1949"
"667","365076","20220922235000","492","2","新竹市","香山區","120.950","24.790","617"
"1020","365079","20220922235000","908","1","新竹市","香山區","120.925","24.790","959"
"2311","365080","20220922235000","2583","0","新竹市","香山區","120.925","24.795","2331"
"1120","365083","20220922235000","923","2","新竹市","香山區","120.940","24.775","1129"
"523","365086","20220922235000","431","2","新竹市","香山區","120.940","24.780","517"
"337","365089","20220922235000","316","1","新竹市","香山區","120.935","24.785","320"
"2403","365090","20220922235000","1868","2","新竹縣","竹北市","121.015","24.840","2380"
"4063","365091","20220922235000","3652","1","新竹縣","竹北市","121.010","24.840","4074"
"1149","365092","20220922235000","905","2","桃園市","龍潭區","121.210","24.880","1139"
"552","365093","20220922235000","472","1","桃園市","龍潭區","121.215","24.880","516"
"717","365094","20220922235000","609","1","桃園市","龍潭區","121.215","24.885","688"
"445","365099","20220922235000","495","0","桃園市","龍潭區","121.200","24.875","421"
"569","365102","20220922235000","594","0","桃園市","龍潭區","121.195","24.885","519"
"292","365105","20220922235000","226","2","桃園市","龍潭區","121.200","24.885","275"
"887","365121","20220922235000","688","2","桃園市","龍潭區","121.180","24.835","811"
"359","365122","20220922235000","441","0","桃園市","龍潭區","121.185","24.835","337"
"525","365124","20220922235000","622","0","桃園市","龍潭區","121.195","24.835","494"
"676","365133","20220922235000","900","0","桃園市","龍潭區","121.200","24.850","642"
"515","365138","20220922235000","431","1","桃園市","龍潭區","121.210","24.810","485"
"75","365145","20220922235000","96","0","桃園市","龍潭區","121.205","24.820","78"
"143","365150","20220922235000","147","0","桃園市","龍潭區","121.205","24.825","124"
"69","365153","20220922235000","69","1","桃園市","龍潭區","121.220","24.825","70"
"727","365158","20220922235000","581","2","桃園市","龍潭區","121.205","24.835","788"
"837","365161","20220922235000","765","1","桃園市","龍潭區","121.205","24.840","832"
"375","365169","20220922235000","425","0","桃園市","龍潭區","121.230","24.885","377"
"1246","365173","20220922235000","1191","1","新竹市","北區","120.965","24.815","1253"
"928","365174","20220922235000","816","1","新竹市","北區","120.960","24.820","911"
"1532","365175","20220922235000","1415","1","新竹市","北區","120.960","24.800","1502"
"2309","365176","20220922235000","2075","1","新竹市","東區","120.980","24.795","2311"
"1057","365177","20220922235000","1427","0","新竹市","東區","120.985","24.795","1044"
"2463","365183","20220922235000","1503","3","新竹市","北區","120.975","24.820","2493"
"1540","365184","20220922235000","1447","1","新竹市","北區","120.975","24.825","1481"
"756","365185","20220922235000","825","0","新竹市","北區","120.980","24.825","741"
"1494","365210","20220922235000","1420","1","新竹市","東區","121.000","24.800","1491"
"1488","365211","20220922235000","1880","0","新竹市","東區","121.000","24.795","1458"
"1173","365212","20220922235000","878","2","新竹市","東區","121.025","24.780","1209"
"387","365213","20220922235000","418","0","桃園市","龍潭區","121.245","24.880","362"
"383","365219","20220922235000","455","0","桃園市","平鎮區","121.240","24.890","366"
"1410","365221","20220922235000","1467","0","新竹市","北區","120.930","24.835","1403"
"980","365222","20220922235000","1075","0","新竹市","北區","120.935","24.835","986"
"3969","365223","20220922235000","3310","1","新竹市","北區","120.970","24.825","3954"
"4053","365224","20220922235000","4317","0","新竹市","東區","120.975","24.815","4065"
"2694","365225","20220922235000","2447","1","新竹市","東區","120.980","24.815","2734"
"1904","365226","20220922235000","1278","2","新竹市","北區","120.965","24.825","1870"
"660","365227","20220922235000","430","3","新竹市","北區","120.965","24.830","620"
"115","365229","20220922235000","105","1","桃園市","楊梅區","121.140","24.885","118"
"97","365231","20220922235000","84","1","桃園市","楊梅區","121.135","24.885","96"
"271","365234","20220922235000","183","2","桃園市","楊梅區","121.135","24.890","266"
"349","365235","20220922235000","367","0","桃園市","楊梅區","121.140","24.890","353"
"599","365236","20220922235000","807","0","桃園市","楊梅區","121.145","24.890","605"
"1071","365237","20220922235000","995","1","新竹市","北區","120.950","24.805","1044"
"1543","365238","20220922235000","1289","1","新竹市","北區","120.940","24.840","1508"
"938","365240","20220922235000","1180","0","新竹市","北區","120.930","24.840","976"
"804","365241","20220922235000","666","2","新竹市","北區","120.935","24.840","814"
"210","365243","20220922235000","142","2","新竹市","北區","120.925","24.845","205"
"875","365244","20220922235000","842","1","新竹市","北區","120.930","24.845","898"
"1731","365253","20220922235000","1618","1","新竹市","東區","120.965","24.800","1736"
"7119","365254","20220922235000","5076","2","新竹市","東區","121.005","24.795","7027"
"3436","365255","20220922235000","3043","1","新竹市","東區","121.010","24.795","3504"
"964","365258","20220922235000","977","0","新竹市","東區","121.015","24.795","970"
"1152","365259","20220922235000","687","3","新竹市","東區","120.970","24.790","1152"
"1159","365261","20220922235000","1223","0","新竹市","北區","120.955","24.815","1132"
"5735","365262","20220922235000","5645","1","新竹市","北區","120.960","24.815","5594"
"718","365264","20220922235000","761","0","新竹市","北區","120.955","24.825","737"
"2826","365265","20220922235000","2666","1","新竹市","東區","121.010","24.790","2819"
"609","365266","20220922235000","1159","0","新竹市","東區","120.970","24.795","598"
"1062","365267","20220922235000","937","1","新竹市","東區","120.980","24.790","1013"
"2431","365268","20220922235000","1990","2","新竹市","東區","120.970","24.805","2401"
"746","365269","20220922235000","878","0","新竹市","北區","120.945","24.805","738"
"732","365270","20220922235000","933","0","新竹市","香山區","120.950","24.800","753"
"2205","365271","20220922235000","2007","1","新竹市","北區","120.955","24.800","2203"
"71","365292","20220922235000","87","0","桃園市","復興區","121.340","24.820","69"
"17","365296","20220922235000","33","0","桃園市","復興區","121.340","24.825","15"
"225","365304","20220922235000","203","1","桃園市","大溪區","121.330","24.835","223"
"95","365315","20220922235000","99","0","桃園市","復興區","121.350","24.835","111"
"1758","365322","20220922235000","1559","1","新竹市","東區","120.970","24.815","1693"
"3648","365323","20220922235000","3108","1","新竹市","北區","120.965","24.810","3590"
"2504","365324","20220922235000","2926","0","新竹市","東區","120.990","24.800","2530"
"69","365325","20220922235000","84","0","新竹市","東區","120.990","24.805","61"
"127","365326","20220922235000","126","1","新竹市","東區","120.995","24.805","117"
"823","365327","20220922235000","1511","0","新竹市","東區","120.995","24.785","809"
"534","365328","20220922235000","630","0","新竹市","東區","121.000","24.780","576"
"340","365330","20220922235000","330","1","新竹市","東區","120.990","24.785","294"
"1948","365331","20220922235000","2557","0","新竹市","東區","121.000","24.790","1961"
"1097","365332","20220922235000","886","2","新竹市","東區","121.000","24.785","1060"
"415","365334","20220922235000","523","0","新竹市","東區","120.990","24.795","505"
"1699","365335","20220922235000","1652","1","新竹市","東區","120.990","24.790","1862"
"1780","365336","20220922235000","1595","1","新竹市","東區","120.995","24.795","1718"
"1664","365337","20220922235000","1335","2","新竹市","東區","120.995","24.790","1684"
"712","365338","20220922235000","835","0","新竹市","北區","120.960","24.790","739"
"1345","365339","20220922235000","1166","1","新竹市","東區","120.980","24.800","1330"
"315","365340","20220922235000","267","1","新竹市","東區","120.990","24.810","297"
"1723","365341","20220922235000","1983","0","新竹市","東區","120.985","24.815","1661"
"785","365346","20220922235000","1046","0","新竹市","東區","120.995","24.820","768"
"23","365352","20220922235000","307","0","新竹市","東區","121.015","24.805","25"
"261","365356","20220922235000","330","0","桃園市","楊梅區","121.130","24.885","246"
"151","365363","20220922235000","129","1","桃園市","楊梅區","121.125","24.890","127"
"210","365364","20220922235000","223","0","桃園市","楊梅區","121.130","24.890","198"
"27","367498","20220922235000","26","1","宜蘭縣","頭城鎮","121.880","24.910","25"
"54","369694","20220922235000","67","0","宜蘭縣","頭城鎮","121.895","24.940","51"
"17","369695","20220922235000","187","0","宜蘭縣","頭城鎮","121.900","24.940","14"
"430","373866","20220922235000","500","0","新北市","板橋區","121.435","24.985","423"
"2354","373867","20220922235000","3519","0","新北市","中和區","121.515","24.990","2548"
"30","373876","20220922235000","35","0","宜蘭縣","頭城鎮","121.850","24.895","36"
"222","373895","20220922235000","229","0","宜蘭縣","頭城鎮","121.890","24.940","226"
"103","373934","20220922235000","109","0","宜蘭縣","頭城鎮","121.900","24.945","72"
"16","373935","20220922235000","15","1","宜蘭縣","頭城鎮","121.900","24.950","26"
"30","373940","20220922235000","24","2","宜蘭縣","頭城鎮","121.915","24.950","41"
"125","373951","20220922235000","123","1","宜蘭縣","頭城鎮","121.920","24.960","127"
"91","373977","20220922235000","141","0","新北市","雙溪區","121.795","24.900","74"
"208","373991","20220922235000","223","0","宜蘭縣","頭城鎮","121.865","24.905","206"
"67","373993","20220922235000","57","1","宜蘭縣","頭城鎮","121.850","24.905","38"
"2391","374034","20220922235000","3229","0","新北市","中和區","121.525","24.990","2430"
"3186","374036","20220922235000","6585","0","新北市","土城區","121.465","24.985","3177"
"3270","374037","20220922235000","3315","0","新北市","土城區","121.470","24.990","3272"
"911","374042","20220922235000","1057","0","新北市","土城區","121.470","24.975","946"
"1233","374045","20220922235000","2291","0","新北市","新店區","121.545","24.980","1109"
"1168","374046","20220922235000","1068","1","新北市","中和區","121.480","24.965","1211"
"19","374051","20220922235000","31","0","新北市","中和區","121.490","24.970","25"
"26","374054","20220922235000","25","1","新北市","中和區","121.495","24.975","23"
"354","374055","20220922235000","502","0","新北市","中和區","121.495","24.980","353"
"1695","374056","20220922235000","2218","0","新北市","中和區","121.505","24.985","1681"
"554","374067","20220922235000","447","2","新北市","三峽區","121.380","24.925","539"
"1912","374070","20220922235000","1633","1","新北市","三峽區","121.370","24.930","1975"
"350","374083","20220922235000","259","2","新北市","三峽區","121.405","24.905","344"
"62","374086","20220922235000","43","2","新北市","三峽區","121.380","24.910","66"
"53","374103","20220922235000","58","0","新北市","三峽區","121.350","24.900","58"
"104","374104","20220922235000","82","2","新北市","三峽區","121.355","24.900","109"
"95","374106","20220922235000","83","1","新北市","三峽區","121.365","24.900","65"
"326","374107","20220922235000","244","2","新北市","三峽區","121.360","24.905","328"
"175","374108","20220922235000","206","0","新北市","三峽區","121.365","24.905","189"
"638","374109","20220922235000","674","0","新北市","三峽區","121.365","24.910","658"
"176","374111","20220922235000","151","1","新北市","三峽區","121.365","24.920","186"
"58","374139","20220922235000","54","1","新北市","三峽區","121.465","24.915","58"
"84","374147","20220922235000","38","3","新北市","三峽區","121.455","24.920","74"
"26","374151","20220922235000","14","3","新北市","三峽區","121.475","24.920","24"
"123","374167","20220922235000","102","2","新北市","三峽區","121.445","24.925","123"
"157","374179","20220922235000","117","2","新北市","三峽區","121.455","24.930","184"
"44","374183","20220922235000","42","1","新北市","三峽區","121.445","24.935","38"
"2723","374196","20220922235000","2976","0","新北市","新店區","121.550","24.970","2631"
"338","374198","20220922235000","483","0","新北市","新店區","121.550","24.975","370"
"746","374199","20220922235000","847","0","新北市","土城區","121.455","24.990","750"
"1246","374200","20220922235000","1047","1","新北市","土城區","121.440","24.980","1261"
"548","374201","20220922235000","510","1","新北市","土城區","121.445","24.980","599"
"3315","374203","20220922235000","3158","1","新北市","中和區","121.495","24.990","3290"
"2217","374204","20220922235000","2299","0","新北市","中和區","121.510","24.985","2256"
"4163","374205","20220922235000","5339","0","新北市","新店區","121.545","24.975","4297"
"1121","374206","20220922235000","1107","1","新北市","新店區","121.550","24.980","1107"
"1944","374207","20220922235000","2697","0","新北市","中和區","121.505","24.980","2001"
"37","374212","20220922235000","31","1","新北市","中和區","121.485","24.980","40"
"240","374215","20220922235000","219","1","新北市","中和區","121.485","24.990","269"
"95","374216","20220922235000","96","0","新北市","中和區","121.500","24.970","144"
"100","374217","20220922235000","103","0","新北市","中和區","121.500","24.975","101"
"880","374219","20220922235000","630","2","新北市","新店區","121.510","24.975","916"
"51","374220","20220922235000","31","3","新北市","中和區","121.500","24.980","56"
"4091","374221","20220922235000","4157","0","新北市","樹林區","121.375","24.945","4176"
"1314","374222","20220922235000","1221","1","新北市","三峽區","121.370","24.925","1184"
"1037","374223","20220922235000","2086","0","新北市","三峽區","121.365","24.930","1070"
"177","374240","20220922235000","106","3","新北市","三峽區","121.345","24.915","157"
"36","374252","20220922235000","195","0","新北市","三峽區","121.360","24.925","33"
"147","374255","20220922235000","123","1","新北市","三峽區","121.420","24.925","144"
"807","374266","20220922235000","493","3","新北市","中和區","121.500","24.985","840"
"394","374267","20220922235000","1950","0","新北市","中和區","121.500","24.990","455"
"5407","374268","20220922235000","5719","0","新北市","中和區","121.510","24.990","5582"
"2403","374272","20220922235000","2601","0","新北市","三峽區","121.370","24.935","2527"
"333","374277","20220922235000","312","1","新北市","三峽區","121.370","24.900","319"
"271","374283","20220922235000","218","2","新北市","三峽區","121.395","24.935","214"
"287","374286","20220922235000","275","1","新北市","三峽區","121.400","24.940","307"
"96","374288","20220922235000","121","0","新北市","三峽區","121.405","24.945","122"
"428","374295","20220922235000","388","1","新北市","三峽區","121.390","24.930","437"
"422","374297","20220922235000","386","1","新北市","三峽區","121.400","24.930","470"
"212","374300","20220922235000","161","2","新北市","三峽區","121.415","24.925","225"
"475","374302","20220922235000","501","0","新北市","三峽區","121.410","24.930","447"
"35","374321","20220922235000","22","3","新北市","三峽區","121.420","24.900","31"
"101","374335","20220922235000","64","3","新北市","三峽區","121.435","24.905","101"
"95","374343","20220922235000","96","0","新北市","三峽區","121.420","24.910","110"
"170","374363","20220922235000","95","3","新北市","三峽區","121.425","24.920","169"
"180","374371","20220922235000","145","2","新北市","三峽區","121.425","24.925","163"
"45","374390","20220922235000","167","0","新北市","三峽區","121.360","24.935","46"
"2544","374391","20220922235000","2403","1","新北市","三峽區","121.365","24.935","2620"
"1123","374393","20220922235000","1372","0","新北市","三峽區","121.375","24.935","946"
"642","374394","20220922235000","451","2","新北市","三峽區","121.380","24.935","650"
"1804","374396","20220922235000","1852","0","新北市","三峽區","121.380","24.940","1773"
"11","374399","20220922235000","11","1","新北市","三峽區","121.395","24.945","12"
"1908","374402","20220922235000","1724","1","新北市","三峽區","121.370","24.940","1791"
"1872","374403","20220922235000","2684","0","新北市","三峽區","121.375","24.940","1963"
"194","374405","20220922235000","194","1","新北市","三峽區","121.370","24.945","194"
"727","374408","20220922235000","481","3","新北市","三峽區","121.365","24.925","787"
"43","374410","20220922235000","25","3","新北市","三峽區","121.370","24.920","55"
"820","374412","20220922235000","879","0","新北市","三峽區","121.375","24.925","838"
"22","374414","20220922235000","15","2","新北市","三峽區","121.340","24.900","19"
"473","374418","20220922235000","607","0","新北市","三峽區","121.355","24.910","456"
"1700","374420","20220922235000","1834","0","新北市","三峽區","121.375","24.930","1707"
"430","374421","20220922235000","710","0","新北市","三峽區","121.385","24.930","470"
"2323","374422","20220922235000","4123","0","新北市","中和區","121.505","24.990","2351"
"612","374423","20220922235000","2479","0","新北市","土城區","121.455","24.985","643"
"1810","374424","20220922235000","1513","1","新北市","土城區","121.470","24.985","1885"
"218","374427","20220922235000","36","3","宜蘭縣","頭城鎮","121.870","24.910","217"
"22","374433","20220922235000","24","0","宜蘭縣","頭城鎮","121.880","24.920","30"
"31","374451","20220922235000","32","0","宜蘭縣","頭城鎮","121.885","24.935","37"
"2984","374458","20220922235000","4639","0","新北市","中和區","121.520","24.990","3169"
"3523","374459","20220922235000","3715","0","新北市","樹林區","121.415","24.980","3558"
"1151","374462","20220922235000","1271","0","新北市","樹林區","121.385","24.955","1047"
"12","374466","20220922235000","12","1","新北市","樹林區","121.380","24.970","15"
"66","374467","20220922235000","129","0","新北市","樹林區","121.385","24.970","79"
"124","374493","20220922235000","1000","0","新北市","新店區","121.535","24.990","143"
"506","374494","20220922235000","291","3","新北市","新店區","121.530","24.955","494"
"246","374495","20220922235000","158","3","新北市","新店區","121.535","24.955","233"
"911","374496","20220922235000","812","1","新北市","新店區","121.535","24.960","915"
"265","374498","20220922235000","469","0","新北市","新店區","121.520","24.970","237"
"1484","374500","20220922235000","1974","0","新北市","新店區","121.515","24.975","1494"
"1750","374512","20220922235000","2121","0","新北市","樹林區","121.420","24.990","1777"
"3907","374513","20220922235000","3294","1","新北市","中和區","121.510","24.980","4217"
"1549","374514","20220922235000","1416","1","新北市","土城區","121.460","24.975","1537"
"524","374515","20220922235000","547","0","新北市","新店區","121.520","24.980","546"
"1149","374516","20220922235000","1930","0","新北市","新店區","121.520","24.985","1178"
"141","374517","20220922235000","135","1","桃園市","大溪區","121.310","24.895","140"
"18","374520","20220922235000","19","0","桃園市","大溪區","121.330","24.895","17"
"20","374524","20220922235000","25","0","桃園市","大溪區","121.320","24.905","24"
"14","374544","20220922235000","46","0","桃園市","大溪區","121.305","24.925","21"
"913","374548","20220922235000","1000","0","桃園市","中壢區","121.240","24.940","953"
"286","374549","20220922235000","151","3","桃園市","中壢區","121.245","24.940","355"
"200","374550","20220922235000","139","2","桃園市","中壢區","121.235","24.945","191"
"806","374551","20220922235000","675","1","桃園市","中壢區","121.240","24.945","775"
"404","374552","20220922235000","462","0","桃園市","中壢區","121.240","24.980","466"
"735","374554","20220922235000","614","1","桃園市","中壢區","121.240","24.930","694"
"289","374555","20220922235000","547","0","桃園市","中壢區","121.245","24.930","307"
"846","374556","20220922235000","1016","0","桃園市","中壢區","121.235","24.930","789"
"2305","374558","20220922235000","1956","1","桃園市","中壢區","121.250","24.930","2371"
"360","374560","20220922235000","326","1","桃園市","平鎮區","121.205","24.930","355"
"1186","374561","20220922235000","917","2","桃園市","平鎮區","121.200","24.935","1142"
"123","374562","20220922235000","188","0","桃園市","平鎮區","121.205","24.935","154"
"872","374563","20220922235000","1084","0","桃園市","平鎮區","121.205","24.940","839"
"1772","374564","20220922235000","2450","0","桃園市","平鎮區","121.210","24.955","1752"
"1702","374565","20220922235000","1805","0","桃園市","平鎮區","121.205","24.955","2092"
"565","374566","20220922235000","677","0","桃園市","平鎮區","121.240","24.910","523"
"153","374575","20220922235000","98","3","桃園市","平鎮區","121.195","24.945","183"
"2139","374577","20220922235000","2498","0","桃園市","平鎮區","121.200","24.950","1958"
"1640","374578","20220922235000","1852","0","桃園市","平鎮區","121.200","24.955","1734"
"1222","374579","20220922235000","1199","1","桃園市","平鎮區","121.215","24.950","1231"
"516","374580","20220922235000","409","2","新北市","樹林區","121.365","24.950","1008"
"425","374582","20220922235000","452","0","新北市","樹林區","121.375","24.950","445"
"586","374587","20220922235000","599","0","新竹縣","新豐鄉","120.980","24.910","592"
"108","374593","20220922235000","29","3","新竹縣","新豐鄉","120.985","24.915","93"
"492","374594","20220922235000","442","1","新竹縣","新豐鄉","120.970","24.920","496"
"2015","374598","20220922235000","1760","1","桃園市","中壢區","121.245","24.970","1832"
"717","374599","20220922235000","696","1","桃園市","中壢區","121.240","24.975","687"
"1737","374600","20220922235000","1446","2","桃園市","中壢區","121.250","24.980","1733"
"785","374601","20220922235000","689","1","桃園市","中壢區","121.250","24.975","787"
"1957","374602","20220922235000","2069","0","桃園市","中壢區","121.260","24.975","1925"
"589","374603","20220922235000","987","0","桃園市","中壢區","121.210","24.960","654"
"1056","374604","20220922235000","997","1","新北市","中和區","121.490","24.990","1136"
"209","374605","20220922235000","327","0","新北市","土城區","121.445","24.990","248"
"311","374606","20220922235000","262","1","新北市","新店區","121.545","24.960","320"
"1974","374607","20220922235000","2368","0","新北市","新店區","121.535","24.965","2071"
"3519","374608","20220922235000","3194","1","新北市","新店區","121.535","24.970","3384"
"1852","374609","20220922235000","1305","2","新北市","鶯歌區","121.350","24.955","1777"
"1853","374610","20220922235000","1542","2","新北市","鶯歌區","121.345","24.950","1769"
"340","374612","20220922235000","205","3","桃園市","龜山區","121.335","24.980","345"
"2575","374613","20220922235000","2153","1","新北市","鶯歌區","121.335","24.975","2462"
"1450","374614","20220922235000","1537","0","新北市","鶯歌區","121.340","24.940","1400"
"42","374617","20220922235000","269","0","新北市","鶯歌區","121.335","24.945","47"
"561","374618","20220922235000","484","1","新北市","鶯歌區","121.340","24.945","548"
"230","374620","20220922235000","226","1","新北市","鶯歌區","121.330","24.950","223"
"3300","374622","20220922235000","3091","1","新北市","鶯歌區","121.345","24.955","3266"
"73","374623","20220922235000","67","1","新北市","鶯歌區","121.365","24.955","65"
"335","374626","20220922235000","152","3","新北市","鶯歌區","121.370","24.960","327"
"308","374630","20220922235000","165","3","新北市","鶯歌區","121.375","24.965","249"
"189","374631","20220922235000","149","2","新北市","樹林區","121.380","24.965","235"
"58","374641","20220922235000","58","1","新北市","鶯歌區","121.355","24.975","66"
"2587","374648","20220922235000","1826","2","桃園市","中壢區","121.250","24.935","2598"
"163","374649","20220922235000","49","3","新竹縣","新豐鄉","120.980","24.895","147"
"1760","374654","20220922235000","2057","0","桃園市","中壢區","121.225","24.965","1803"
"87","374656","20220922235000","79","1","桃園市","大溪區","121.250","24.895","79"
"286","374659","20220922235000","302","0","桃園市","大溪區","121.265","24.895","270"
"298","374662","20220922235000","542","0","桃園市","大溪區","121.265","24.900","301"
"877","374664","20220922235000","1077","0","桃園市","大溪區","121.260","24.905","904"
"3449","374674","20220922235000","3688","0","新北市","新店區","121.535","24.985","3507"
"104","374675","20220922235000","154","0","新北市","新店區","121.540","24.985","107"
"184","374676","20220922235000","1544","0","新北市","新店區","121.505","24.945","181"
"790","374679","20220922235000","536","2","新北市","新店區","121.500","24.955","792"
"442","374680","20220922235000","504","0","新北市","新店區","121.505","24.955","470"
"49","374683","20220922235000","37","2","新北市","新店區","121.500","24.960","49"
"2962","374685","20220922235000","4216","0","新北市","新店區","121.510","24.960","2959"
"391","374692","20220922235000","711","0","新北市","中和區","121.490","24.980","331"
"1108","374694","20220922235000","1125","0","新北市","中和區","121.490","24.985","1178"
"365","374695","20220922235000","319","1","新北市","中和區","121.495","24.985","366"
"30","374714","20220922235000","22","2","新北市","坪林區","121.735","24.950","20"
"134","374733","20220922235000","133","1","新北市","坪林區","121.700","24.960","122"
"94","374748","20220922235000","105","0","新北市","坪林區","121.725","24.960","111"
"41","374749","20220922235000","34","2","新北市","坪林區","121.705","24.965","38"
"156","374755","20220922235000","172","0","新北市","坪林區","121.705","24.935","148"
"35","374759","20220922235000","88","0","新北市","坪林區","121.710","24.940","48"
"154","374760","20220922235000","155","0","新北市","坪林區","121.720","24.940","185"
"14","374766","20220922235000","46","0","新北市","坪林區","121.700","24.950","19"
"16","374772","20220922235000","16","1","新北市","坪林區","121.710","24.890","13"
"25","374784","20220922235000","25","1","新北市","坪林區","121.700","24.905","27"
"38","374792","20220922235000","27","2","新北市","坪林區","121.700","24.915","34"
"29","374801","20220922235000","31","0","新北市","坪林區","121.700","24.920","28"
"167","374804","20220922235000","142","1","新北市","坪林區","121.695","24.925","175"
"197","374823","20220922235000","190","1","新北市","坪林區","121.715","24.925","211"
"32","374907","20220922235000","23","2","新北市","坪林區","121.785","24.955","36"
"38","374921","20220922235000","40","0","新北市","坪林區","121.730","24.965","33"
"19","374929","20220922235000","16","1","新北市","坪林區","121.770","24.965","18"
"16","374980","20220922235000","18","0","新北市","坪林區","121.730","24.895","17"
"13","375116","20220922235000","43","0","新北市","坪林區","121.680","24.915","10"
"82","375126","20220922235000","67","2","新北市","坪林區","121.680","24.930","76"
"69","375135","20220922235000","55","2","新北市","石碇區","121.665","24.940","66"
"904","375152","20220922235000","988","0","新北市","新店區","121.535","24.980","992"
"458","375153","20220922235000","633","0","新北市","新店區","121.495","24.945","456"
"760","375154","20220922235000","667","1","新北市","新店區","121.495","24.950","768"
"2088","375155","20220922235000","4639","0","新北市","新店區","121.545","24.970","2159"
"473","375159","20220922235000","366","2","新北市","新店區","121.535","24.940","420"
"437","375160","20220922235000","273","3","新北市","新店區","121.540","24.940","438"
"2595","375167","20220922235000","2494","1","桃園市","八德區","121.295","24.960","2490"
"469","375168","20220922235000","354","2","桃園市","中壢區","121.205","24.965","424"
"35","375176","20220922235000","74","0","桃園市","中壢區","121.210","24.975","52"
"2117","375180","20220922235000","2649","0","桃園市","中壢區","121.255","24.975","2029"
"1385","375181","20220922235000","1276","1","桃園市","平鎮區","121.220","24.950","1360"
"1679","375182","20220922235000","1393","2","桃園市","中壢區","121.225","24.945","1646"
"3465","375183","20220922235000","2905","1","桃園市","中壢區","121.230","24.955","3458"
"480","375185","20220922235000","678","0","桃園市","中壢區","121.220","24.985","446"
"2682","375190","20220922235000","2610","1","桃園市","八德區","121.300","24.960","2673"
"1758","375191","20220922235000","1430","2","新竹縣","湖口鄉","121.050","24.905","1874"
"745","375194","20220922235000","694","1","新竹縣","湖口鄉","121.055","24.910","533"
"480","375195","20220922235000","409","1","新竹縣","湖口鄉","121.050","24.915","494"
"1256","375199","20220922235000","1709","0","桃園市","楊梅區","121.060","24.920","1337"
"229","375200","20220922235000","209","1","新竹縣","湖口鄉","121.055","24.925","234"
"1716","375202","20220922235000","1989","0","桃園市","八德區","121.295","24.965","1740"
"1802","375203","20220922235000","1430","2","桃園市","中壢區","121.225","24.955","1778"
"1633","375204","20220922235000","1552","1","桃園市","中壢區","121.225","24.960","1622"
"1601","375206","20220922235000","2051","0","桃園市","中壢區","121.260","24.965","1650"
"1226","375207","20220922235000","1292","0","桃園市","八德區","121.300","24.970","1247"
"3190","375208","20220922235000","2383","2","桃園市","桃園區","121.305","24.975","3001"
"1108","375209","20220922235000","1274","0","桃園市","八德區","121.300","24.975","1117"
"48","375211","20220922235000","23","3","桃園市","八德區","121.315","24.940","85"
"545","375215","20220922235000","479","1","桃園市","八德區","121.300","24.925","538"
"1378","375216","20220922235000","948","2","新北市","土城區","121.450","24.990","1448"
"1672","375217","20220922235000","2106","0","新北市","土城區","121.440","24.975","1484"
"1808","375218","20220922235000","1839","0","新北市","土城區","121.465","24.975","1901"
"2030","375220","20220922235000","1817","1","新北市","新店區","121.540","24.970","1744"
"244","375229","20220922235000","370","0","新北市","新店區","121.475","24.940","233"
"56","375230","20220922235000","695","0","新北市","新店區","121.480","24.940","64"
"265","375239","20220922235000","364","0","新北市","新店區","121.485","24.950","249"
"1248","375244","20220922235000","1525","0","新北市","新店區","121.510","24.970","1275"
"1243","375246","20220922235000","1616","0","新北市","新店區","121.515","24.970","1243"
"1433","375247","20220922235000","1933","0","桃園市","中壢區","121.210","24.965","1392"
"1548","375250","20220922235000","1416","1","桃園市","中壢區","121.235","24.970","1403"
"568","375252","20220922235000","516","1","桃園市","中壢區","121.235","24.975","588"
"205","375253","20220922235000","466","0","桃園市","中壢區","121.235","24.980","193"
"53","375255","20220922235000","180","0","桃園市","中壢區","121.235","24.985","72"
"1254","375256","20220922235000","1132","1","桃園市","中壢區","121.230","24.990","1283"
"2405","375258","20220922235000","1917","2","桃園市","八德區","121.295","24.945","2376"
"460","375259","20220922235000","534","0","桃園市","八德區","121.295","24.950","461"
"1128","375260","20220922235000","840","2","桃園市","八德區","121.275","24.965","1087"
"532","375261","20220922235000","627","0","桃園市","八德區","121.280","24.970","504"
"1126","375264","20220922235000","1505","0","桃園市","中壢區","121.195","24.960","1073"
"96","375265","20220922235000","229","0","桃園市","中壢區","121.200","24.960","107"
"3123","375266","20220922235000","3335","0","桃園市","平鎮區","121.190","24.965","3140"
"783","375269","20220922235000","733","1","桃園市","平鎮區","121.190","24.970","736"
"2942","375271","20220922235000","1793","3","桃園市","中壢區","121.205","24.960","2800"
"2452","375272","20220922235000","2075","1","桃園市","中壢區","121.260","24.950","2358"
"2838","375273","20220922235000","1924","2","桃園市","中壢區","121.260","24.955","2867"
"682","375274","20220922235000","577","1","桃園市","八德區","121.290","24.960","694"
"1018","375275","20220922235000","1145","0","桃園市","八德區","121.265","24.970","941"
"188","375276","20220922235000","343","0","桃園市","八德區","121.275","24.970","168"
"494","375278","20220922235000","422","1","桃園市","八德區","121.270","24.970","495"
"1161","375279","20220922235000","1065","1","桃園市","八德區","121.275","24.975","1157"
"1207","375281","20220922235000","1073","1","桃園市","八德區","121.295","24.925","1164"
"349","375296","20220922235000","270","2","新竹縣","新豐鄉","121.005","24.925","350"
"327","375299","20220922235000","373","0","新竹縣","新豐鄉","121.020","24.925","352"
"159","375303","20220922235000","133","1","新竹縣","新豐鄉","120.965","24.895","162"
"245","375308","20220922235000","228","1","新竹縣","新豐鄉","120.970","24.900","236"
"1156","375316","20220922235000","1506","0","新北市","土城區","121.420","24.960","1158"
"570","375317","20220922235000","828","0","新北市","土城區","121.410","24.955","574"
"1229","375318","20220922235000","920","2","新北市","土城區","121.415","24.955","1212"
"284","375319","20220922235000","269","1","新北市","新店區","121.515","24.980","292"
"200","375320","20220922235000","99","3","新北市","新店區","121.515","24.945","211"
"313","375321","20220922235000","510","0","新北市","新店區","121.520","24.945","302"
"40","375323","20220922235000","58","0","新北市","新店區","121.520","24.950","45"
"61","375324","20220922235000","23","3","新北市","新店區","121.525","24.950","61"
"356","375325","20220922235000","452","0","新北市","新店區","121.515","24.955","355"
"1569","375326","20220922235000","715","3","新北市","新店區","121.520","24.955","1564"
"227","375330","20220922235000","179","2","新北市","新店區","121.530","24.960","231"
"615","375332","20220922235000","673","0","新北市","新店區","121.525","24.965","668"
"22","375333","20220922235000","851","0","新北市","新店區","121.520","24.965","24"
"2436","375335","20220922235000","3255","0","新北市","新店區","121.540","24.975","2405"
"859","375346","20220922235000","899","0","新北市","新店區","121.505","24.920","901"
"554","375357","20220922235000","643","0","新北市","新店區","121.510","24.925","570"
"30","375361","20220922235000","20","3","新北市","新店區","121.530","24.925","33"
"3745","375369","20220922235000","4350","0","新北市","新店區","121.540","24.980","3802"
"1045","375370","20220922235000","1374","0","新北市","新店區","121.530","24.950","1082"
"1800","375371","20220922235000","1578","1","新北市","新店區","121.550","24.955","1722"
"178","375372","20220922235000","418","0","新北市","新店區","121.555","24.955","185"
"594","375374","20220922235000","668","0","新北市","新店區","121.555","24.965","597"
"34","375384","20220922235000","75","0","新北市","新店區","121.500","24.920","37"
"120","375390","20220922235000","82","2","新北市","新店區","121.505","24.930","109"
"27","375394","20220922235000","37","0","新北市","新店區","121.510","24.935","30"
"626","375399","20220922235000","598","1","新北市","新店區","121.505","24.940","613"
"1319","375400","20220922235000","1056","2","桃園市","八德區","121.320","24.960","1309"
"1963","375401","20220922235000","1885","1","桃園市","八德區","121.325","24.970","1996"
"856","375402","20220922235000","771","1","桃園市","八德區","121.300","24.930","840"
"625","375403","20220922235000","652","0","桃園市","八德區","121.305","24.930","604"
"182","375404","20220922235000","165","1","桃園市","八德區","121.300","24.935","207"
"417","375405","20220922235000","502","0","桃園市","八德區","121.305","24.935","435"
"181","375407","20220922235000","294","0","桃園市","八德區","121.300","24.940","190"
"698","375408","20220922235000","563","2","桃園市","八德區","121.305","24.940","653"
"990","375410","20220922235000","822","2","桃園市","八德區","121.255","24.920","608"
"351","375417","20220922235000","349","1","桃園市","八德區","121.260","24.925","352"
"1256","375419","20220922235000","1087","1","桃園市","八德區","121.270","24.975","1279"
"3554","375420","20220922235000","3527","1","桃園市","中壢區","121.240","24.955","3405"
"1301","375421","20220922235000","2013","0","桃園市","中壢區","121.240","24.960","1310"
"807","375422","20220922235000","990","0","桃園市","中壢區","121.245","24.960","794"
"2393","375427","20220922235000","1603","2","桃園市","中壢區","121.255","24.960","2361"
"116","375435","20220922235000","144","0","新竹縣","新豐鄉","121.005","24.930","117"
"16","375443","20220922235000","13","2","新竹縣","新豐鄉","121.015","24.935","16"
"236","375452","20220922235000","203","1","新竹縣","新豐鄉","121.000","24.905","200"
"442","375460","20220922235000","444","0","新竹縣","新豐鄉","121.010","24.910","391"
"458","375465","20220922235000","533","0","新竹縣","新豐鄉","121.025","24.915","428"
"417","375468","20220922235000","323","2","新竹縣","新豐鄉","121.035","24.930","380"
"1344","375480","20220922235000","1363","0","新竹縣","新豐鄉","120.985","24.900","1284"
"856","375481","20220922235000","866","0","新竹縣","新豐鄉","120.990","24.900","1374"
"388","375484","20220922235000","1949","0","桃園市","中壢區","121.235","24.950","435"
"2450","375485","20220922235000","2392","1","新北市","土城區","121.445","24.970","2500"
"1025","375486","20220922235000","752","2","新北市","土城區","121.445","24.975","997"
"2792","375487","20220922235000","2839","0","新北市","新店區","121.530","24.970","2780"
"1937","375488","20220922235000","1986","0","新北市","新店區","121.525","24.975","1940"
"960","375489","20220922235000","825","1","新北市","新店區","121.530","24.975","953"
"309","375490","20220922235000","162","3","新北市","新店區","121.525","24.980","330"
"2047","375492","20220922235000","2040","1","新北市","土城區","121.435","24.970","2165"
"2375","375493","20220922235000","3389","0","新北市","新店區","121.545","24.965","2443"
"4337","375495","20220922235000","5803","0","新北市","新店區","121.535","24.975","3980"
"480","375515","20220922235000","499","0","新北市","新店區","121.555","24.930","446"
"78","375517","20220922235000","41","3","新北市","新店區","121.565","24.930","61"
"646","375521","20220922235000","535","2","新北市","新店區","121.550","24.935","689"
"770","375529","20220922235000","1152","0","新北市","新店區","121.530","24.965","755"
"854","375530","20220922235000","2259","0","新北市","新店區","121.475","24.955","855"
"1039","375534","20220922235000","1272","0","新北市","中和區","121.485","24.965","1059"
"1619","375536","20220922235000","1219","2","桃園市","中壢區","121.245","24.935","1553"
"1560","375537","20220922235000","1324","1","桃園市","中壢區","121.260","24.970","1518"
"697","375539","20220922235000","865","0","桃園市","中壢區","121.255","24.935","654"
"587","375540","20220922235000","553","1","桃園市","中壢區","121.260","24.935","631"
"1212","375541","20220922235000","2020","0","桃園市","中壢區","121.250","24.940","1213"
"561","375542","20220922235000","504","1","桃園市","中壢區","121.260","24.940","519"
"1895","375543","20220922235000","1637","1","桃園市","中壢區","121.240","24.950","1853"
"525","375544","20220922235000","474","1","桃園市","中壢區","121.245","24.950","549"
"1126","375548","20220922235000","785","2","桃園市","觀音區","121.150","24.965","1124"
"366","375551","20220922235000","334","1","桃園市","觀音區","121.140","24.975","328"
"151","375559","20220922235000","130","1","桃園市","觀音區","121.135","24.985","140"
"1016","375569","20220922235000","1062","0","桃園市","觀音區","121.165","24.990","1039"
"427","375572","20220922235000","460","0","桃園市","八德區","121.320","24.945","415"
"232","375574","20220922235000","322","0","桃園市","八德區","121.315","24.950","222"
"804","375577","20220922235000","1281","0","桃園市","八德區","121.315","24.955","793"
"1272","375578","20220922235000","1411","0","桃園市","八德區","121.295","24.970","1241"
"514","375581","20220922235000","405","2","桃園市","蘆竹區","121.270","24.990","588"
"49","375593","20220922235000","74","0","新北市","石碇區","121.675","24.970","36"
"23","375644","20220922235000","24","0","新北市","石碇區","121.635","24.950","26"
"41","375652","20220922235000","43","0","新北市","石碇區","121.635","24.955","29"
"38","375653","20220922235000","42","0","新北市","石碇區","121.640","24.955","48"
"84","375655","20220922235000","104","0","新北市","石碇區","121.650","24.955","93"
"96","375667","20220922235000","100","0","新北市","石碇區","121.630","24.965","86"
"13","375811","20220922235000","15","0","新北市","石碇區","121.645","24.930","15"
"10","375836","20220922235000","13","0","新北市","石碇區","121.660","24.950","12"
"25","375839","20220922235000","31","0","新北市","石碇區","121.670","24.980","25"
"37","375840","20220922235000","16","3","新北市","石碇區","121.675","24.980","47"
"72","375891","20220922235000","70","1","新北市","石碇區","121.660","24.975","65"
"29","375897","20220922235000","34","0","新北市","石碇區","121.665","24.980","30"
"41","375941","20220922235000","33","2","新北市","貢寮區","121.885","24.985","38"
"19","375959","20220922235000","150","0","新北市","土城區","121.445","24.960","16"
"693","375963","20220922235000","713","0","新北市","土城區","121.435","24.975","664"
"1411","375967","20220922235000","1219","1","新北市","土城區","121.440","24.970","1373"
"401","375969","20220922235000","388","1","新北市","土城區","121.455","24.970","437"
"314","375970","20220922235000","302","1","新北市","新店區","121.550","24.960","313"
"611","375971","20220922235000","697","0","新北市","新店區","121.550","24.965","635"
"38","375972","20220922235000","33","1","新北市","新店區","121.580","24.910","36"
"255","375990","20220922235000","248","1","新北市","新店區","121.570","24.930","251"
"73","375994","20220922235000","45","3","新北市","新店區","121.590","24.930","60"
"11","376009","20220922235000","11","1","新北市","新店區","121.590","24.940","13"
"78","376023","20220922235000","81","0","新北市","新店區","121.580","24.950","76"
"47","376024","20220922235000","37","2","新北市","新店區","121.585","24.950","51"
"22","376031","20220922235000","10","3","新北市","新店區","121.595","24.955","22"
"25","376033","20220922235000","22","1","新北市","新店區","121.605","24.955","28"
"288","376045","20220922235000","305","0","新北市","新店區","121.500","24.935","275"
"99","376049","20220922235000","66","3","新北市","新店區","121.500","24.940","87"
"2144","376051","20220922235000","2349","0","新北市","新店區","121.490","24.945","2138"
"336","376052","20220922235000","411","0","新北市","新店區","121.490","24.950","327"
"607","376060","20220922235000","593","1","新北市","新店區","121.545","24.955","584"
"1110","376063","20220922235000","1230","0","新北市","新店區","121.560","24.955","1125"
"1343","376064","20220922235000","1277","1","新北市","新店區","121.565","24.955","1371"
"56","376065","20220922235000","52","1","新北市","新店區","121.570","24.955","54"
"23","376068","20220922235000","97","0","新北市","新店區","121.560","24.960","28"
"13","376072","20220922235000","88","0","新北市","新店區","121.580","24.960","10"
"29","376096","20220922235000","12","3","新北市","新店區","121.570","24.900","33"
"26","376099","20220922235000","283","0","新北市","新店區","121.555","24.905","28"
"522","376101","20220922235000","506","1","新北市","新店區","121.545","24.910","504"
"792","376106","20220922235000","608","2","桃園市","觀音區","121.155","24.975","761"
"396","376109","20220922235000","300","2","桃園市","觀音區","121.150","24.980","372"
"355","376115","20220922235000","298","1","桃園市","觀音區","121.135","24.990","410"
"2794","376118","20220922235000","4211","0","新北市","新店區","121.515","24.985","2876"
"522","376123","20220922235000","676","0","新北市","土城區","121.445","24.950","540"
"220","376130","20220922235000","110","3","新北市","土城區","121.440","24.965","227"
"267","376131","20220922235000","291","0","新北市","土城區","121.430","24.970","270"
"785","376132","20220922235000","737","1","新北市","土城區","121.435","24.965","799"
"273","376133","20220922235000","302","0","新北市","板橋區","121.430","24.975","291"
"2173","376134","20220922235000","3025","0","臺北市","文山區","121.545","24.985","2265"
"363","376135","20220922235000","423","0","新北市","新店區","121.510","24.950","366"
"1208","376136","20220922235000","1138","1","新北市","新店區","121.515","24.960","1270"
"247","376137","20220922235000","1985","0","新北市","新店區","121.515","24.965","233"
"1701","376141","20220922235000","1919","0","桃園市","八德區","121.320","24.965","1630"
"532","376145","20220922235000","475","1","新竹縣","湖口鄉","121.060","24.895","510"
"328","376148","20220922235000","1629","0","新北市","土城區","121.455","24.980","396"
"479","376149","20220922235000","1351","0","新北市","土城區","121.450","24.980","442"
"279","376150","20220922235000","1131","0","新北市","新店區","121.540","24.955","288"
"276","376151","20220922235000","872","0","桃園市","中壢區","121.255","24.940","303"
"1318","376153","20220922235000","1384","0","桃園市","中壢區","121.250","24.965","1281"
"2212","376154","20220922235000","2969","0","桃園市","中壢區","121.255","24.965","2151"
"1954","376155","20220922235000","3149","0","桃園市","中壢區","121.250","24.970","1834"
"87","376156","20220922235000","91","0","桃園市","八德區","121.320","24.955","82"
"215","376157","20220922235000","319","0","桃園市","八德區","121.325","24.955","209"
"877","376160","20220922235000","594","2","桃園市","八德區","121.325","24.965","860"
"4095","376161","20220922235000","3834","1","桃園市","桃園區","121.280","24.990","4046"
"147","376176","20220922235000","171","0","新北市","樹林區","121.405","24.990","144"
"12","376177","20220922235000","27","0","新北市","樹林區","121.410","24.990","12"
"998","376178","20220922235000","602","3","桃園市","平鎮區","121.205","24.895","987"
"217","376179","20220922235000","298","0","桃園市","平鎮區","121.195","24.895","239"
"1003","376180","20220922235000","1221","0","桃園市","平鎮區","121.200","24.895","989"
"741","376181","20220922235000","542","2","桃園市","平鎮區","121.195","24.900","708"
"537","376183","20220922235000","295","3","桃園市","平鎮區","121.205","24.900","543"
"289","376184","20220922235000","296","0","桃園市","平鎮區","121.195","24.905","269"
"305","376185","20220922235000","346","0","桃園市","平鎮區","121.200","24.905","283"
"186","376189","20220922235000","169","1","桃園市","平鎮區","121.215","24.900","175"
"618","376192","20220922235000","592","1","桃園市","平鎮區","121.215","24.905","572"
"2030","376194","20220922235000","1967","1","桃園市","桃園區","121.315","24.985","2050"
"1212","376195","20220922235000","1179","1","桃園市","中壢區","121.245","24.945","1215"
"801","376196","20220922235000","574","2","桃園市","中壢區","121.250","24.945","779"
"300","376199","20220922235000","194","3","新北市","石碇區","121.660","24.990","317"
"96","376200","20220922235000","48","3","新北市","石碇區","121.685","24.960","99"
"38","376205","20220922235000","59","0","新北市","石碇區","121.680","24.970","45"
"225","376222","20220922235000","259","0","新北市","石碇區","121.690","24.980","225"
"201","376245","20220922235000","620","0","新北市","鶯歌區","121.340","24.960","210"
"214","376246","20220922235000","218","0","新北市","鶯歌區","121.340","24.965","206"
"171","376248","20220922235000","126","2","新北市","鶯歌區","121.340","24.970","172"
"441","376251","20220922235000","496","0","新北市","鶯歌區","121.345","24.975","421"
"163","376258","20220922235000","127","2","新北市","鶯歌區","121.320","24.935","176"
"857","376259","20220922235000","749","1","新北市","鶯歌區","121.325","24.935","806"
"312","376260","20220922235000","426","0","新北市","鶯歌區","121.330","24.935","312"
"447","376263","20220922235000","326","2","新北市","鶯歌區","121.330","24.940","420"
"229","376265","20220922235000","258","0","新北市","鶯歌區","121.335","24.930","235"
"581","376268","20220922235000","502","1","新北市","鶯歌區","121.345","24.935","581"
"2281","376269","20220922235000","2187","1","新北市","鶯歌區","121.355","24.955","2390"
"873","376270","20220922235000","846","1","新北市","鶯歌區","121.360","24.955","816"
"567","376273","20220922235000","648","0","新北市","鶯歌區","121.355","24.940","593"
"343","376274","20220922235000","395","0","新北市","鶯歌區","121.350","24.945","335"
"483","376277","20220922235000","425","1","新北市","鶯歌區","121.350","24.950","447"
"1484","376280","20220922235000","1491","0","新北市","樹林區","121.395","24.970","1502"
"707","376281","20220922235000","542","2","桃園市","楊梅區","121.185","24.915","650"
"669","376282","20220922235000","684","0","桃園市","楊梅區","121.180","24.920","690"
"588","376283","20220922235000","515","1","桃園市","楊梅區","121.185","24.920","583"
"423","376284","20220922235000","390","1","桃園市","中壢區","121.215","24.960","453"
"1204","376285","20220922235000","2277","0","桃園市","中壢區","121.215","24.965","1216"
"140","376287","20220922235000","16","3","桃園市","中壢區","121.175","24.975","177"
"192","376293","20220922235000","256","0","桃園市","中壢區","121.190","24.980","231"
"46","376295","20220922235000","53","0","桃園市","中壢區","121.175","24.980","46"
"1184","376297","20220922235000","1006","1","桃園市","中壢區","121.185","24.980","1173"
"285","376300","20220922235000","300","0","桃園市","中壢區","121.175","24.985","279"
"174","376301","20220922235000","144","2","桃園市","中壢區","121.180","24.985","164"
"1948","376307","20220922235000","1508","2","桃園市","八德區","121.260","24.930","2146"
"1468","376308","20220922235000","1467","1","桃園市","平鎮區","121.220","24.945","1476"
"1310","376309","20220922235000","1490","0","桃園市","楊梅區","121.150","24.905","1339"
"416","376311","20220922235000","387","1","桃園市","平鎮區","121.220","24.920","391"
"608","376312","20220922235000","588","1","桃園市","平鎮區","121.220","24.925","592"
"1259","376313","20220922235000","870","2","桃園市","平鎮區","121.205","24.915","1312"
"844","376315","20220922235000","763","1","新北市","樹林區","121.390","24.960","779"
"35","376320","20220922235000","33","1","新北市","樹林區","121.395","24.965","47"
"132","376325","20220922235000","117","1","新北市","樹林區","121.405","24.970","149"
"4552","376326","20220922235000","4940","0","新北市","樹林區","121.380","24.945","4471"
"724","376327","20220922235000","629","1","新北市","樹林區","121.385","24.945","694"
"3071","376330","20220922235000","2383","2","新北市","樹林區","121.380","24.950","3135"
"632","376331","20220922235000","738","0","新北市","樹林區","121.385","24.950","621"
"1799","376333","20220922235000","1617","1","新北市","樹林區","121.395","24.950","1605"
"615","376335","20220922235000","692","0","新北市","板橋區","121.435","24.990","575"
"5156","376337","20220922235000","5255","0","新北市","土城區","121.450","24.985","5158"
"684","376338","20220922235000","556","2","桃園市","中壢區","121.245","24.985","855"
"881","376341","20220922235000","873","1","桃園市","中壢區","121.240","24.990","804"
"388","376344","20220922235000","562","0","桃園市","中壢區","121.255","24.990","392"
"1568","376345","20220922235000","1437","1","桃園市","中壢區","121.255","24.980","1559"
"647","376347","20220922235000","761","0","桃園市","中壢區","121.260","24.945","602"
"419","376348","20220922235000","524","0","桃園市","中壢區","121.255","24.950","440"
"1476","376349","20220922235000","1197","2","桃園市","中壢區","121.165","24.960","1541"
"511","376350","20220922235000","429","1","桃園市","中壢區","121.170","24.960","438"
"758","376351","20220922235000","714","1","桃園市","新屋區","121.155","24.960","739"
"23","376352","20220922235000","14","3","桃園市","中壢區","121.155","24.965","19"
"94","376353","20220922235000","509","0","桃園市","中壢區","121.160","24.965","83"
"1907","376361","20220922235000","1468","2","桃園市","中壢區","121.175","24.970","1860"
"1376","376370","20220922235000","1241","1","新北市","樹林區","121.420","24.980","1373"
"1423","376373","20220922235000","1522","0","新北市","樹林區","121.420","24.975","1379"
"2735","376375","20220922235000","2245","2","新北市","板橋區","121.425","24.985","2746"
"2629","376380","20220922235000","3334","0","新北市","板橋區","121.430","24.985","2682"
"1151","376381","20220922235000","1022","1","桃園市","平鎮區","121.250","24.925","1136"
"16","376385","20220922235000","52","0","桃園市","龜山區","121.350","24.985","18"
"555","376391","20220922235000","734","0","桃園市","龜山區","121.360","24.990","520"
"59","376392","20220922235000","30","3","桃園市","龜山區","121.365","24.990","52"
"124","376393","20220922235000","76","3","桃園市","龜山區","121.370","24.990","84"
"106","376400","20220922235000","332","0","桃園市","楊梅區","121.105","24.910","125"
"312","376403","20220922235000","306","1","桃園市","楊梅區","121.120","24.910","329"
"220","376407","20220922235000","260","0","桃園市","楊梅區","121.100","24.915","276"
"1233","376412","20220922235000","955","2","桃園市","楊梅區","121.125","24.915","1237"
"32","376419","20220922235000","181","0","新竹縣","湖口鄉","121.105","24.895","55"
"21","376422","20220922235000","127","0","桃園市","楊梅區","121.085","24.900","23"
"1034","376427","20220922235000","729","2","桃園市","楊梅區","121.060","24.905","1048"
"461","376431","20220922235000","328","2","桃園市","楊梅區","121.080","24.905","394"
"762","376438","20220922235000","683","1","桃園市","楊梅區","121.070","24.910","691"
"358","376440","20220922235000","292","2","桃園市","楊梅區","121.080","24.910","345"
"450","376443","20220922235000","444","1","桃園市","楊梅區","121.095","24.910","428"
"613","376447","20220922235000","721","0","桃園市","楊梅區","121.075","24.915","595"
"463","376456","20220922235000","517","0","桃園市","楊梅區","121.125","24.940","449"
"438","376457","20220922235000","207","3","桃園市","楊梅區","121.130","24.940","410"
"136","376471","20220922235000","247","0","新北市","深坑區","121.620","24.980","146"
"550","376485","20220922235000","900","0","新北市","樹林區","121.415","24.985","563"
"1902","376486","20220922235000","1723","1","新北市","樹林區","121.425","24.990","2065"
"1298","376487","20220922235000","1103","1","桃園市","平鎮區","121.200","24.945","1167"
"3855","376488","20220922235000","3501","1","桃園市","平鎮區","121.205","24.945","3910"
"1462","376490","20220922235000","2076","0","桃園市","平鎮區","121.210","24.950","1416"
"1212","376491","20220922235000","1394","0","桃園市","平鎮區","121.210","24.900","1145"
"2089","376492","20220922235000","1968","1","桃園市","平鎮區","121.210","24.905","2012"
"14","376500","20220922235000","13","1","新北市","土城區","121.445","24.940","19"
"149","376508","20220922235000","250","0","新北市","土城區","121.410","24.950","195"
"250","376509","20220922235000","254","0","新北市","土城區","121.415","24.950","261"
"2999","376510","20220922235000","2640","1","桃園市","中壢區","121.230","24.945","3090"
"2506","376511","20220922235000","2719","0","桃園市","中壢區","121.235","24.955","2562"
"460","376514","20220922235000","541","0","桃園市","中壢區","121.220","24.975","468"
"747","376517","20220922235000","487","3","桃園市","中壢區","121.215","24.980","814"
"32","376518","20220922235000","158","0","桃園市","中壢區","121.220","24.980","33"
"3152","376521","20220922235000","2883","1","桃園市","中壢區","121.220","24.960","3149"
"360","376522","20220922235000","268","2","新竹縣","新豐鄉","121.000","24.895","354"
"256","376524","20220922235000","100","3","新竹縣","新豐鄉","121.010","24.895","229"
"840","376531","20220922235000","895","0","桃園市","平鎮區","121.255","24.925","818"
"696","376532","20220922235000","597","1","新北市","樹林區","121.415","24.975","679"
"351","376533","20220922235000","555","0","新北市","樹林區","121.400","24.970","344"
"2448","376539","20220922235000","2256","1","新北市","樹林區","121.420","24.985","2546"
"3326","376540","20220922235000","2726","2","新北市","土城區","121.460","24.980","3400"
"1375","376541","20220922235000","1997","0","新北市","土城區","121.460","24.985","1438"
"2649","376542","20220922235000","3155","0","新北市","板橋區","121.430","24.990","2479"
"29","376544","20220922235000","20","2","新北市","平溪區","121.725","24.975","19"
"10","376575","20220922235000","10","1","新北市","平溪區","121.760","24.990","10"
"5401","376577","20220922235000","4802","1","新北市","板橋區","121.460","24.990","5098"
"539","376578","20220922235000","1125","0","新北市","土城區","121.465","24.980","472"
"457","376584","20220922235000","593","0","新北市","土城區","121.425","24.960","473"
"367","376586","20220922235000","365","1","新北市","土城區","121.435","24.960","363"
"792","376587","20220922235000","1273","0","新北市","土城區","121.430","24.965","837"
"3260","376588","20220922235000","2328","2","桃園市","八德區","121.305","24.965","3186"
"1441","376589","20220922235000","816","3","桃園市","桃園區","121.295","24.975","1643"
"1018","376592","20220922235000","891","1","桃園市","中壢區","121.230","24.940","1080"
"1632","376594","20220922235000","1389","1","桃園市","平鎮區","121.245","24.915","1587"
"2273","376595","20220922235000","1715","2","桃園市","八德區","121.295","24.955","2375"
"460","376607","20220922235000","443","1","新竹縣","新豐鄉","120.985","24.920","470"
"1263","376614","20220922235000","1127","1","新竹縣","新豐鄉","120.990","24.930","1270"
"867","376622","20220922235000","926","0","桃園市","中壢區","121.230","24.970","856"
"899","376623","20220922235000","786","1","桃園市","中壢區","121.225","24.975","877"
"1231","376624","20220922235000","1441","0","桃園市","中壢區","121.230","24.975","1228"
"613","376627","20220922235000","593","1","桃園市","中壢區","121.230","24.980","581"
"163","376628","20220922235000","52","3","新竹縣","湖口鄉","121.035","24.900","163"
"175","376629","20220922235000","157","1","新竹縣","湖口鄉","121.040","24.900","166"
"1085","376633","20220922235000","862","2","新竹縣","湖口鄉","121.040","24.895","1099"
"943","376636","20220922235000","625","3","新竹縣","湖口鄉","121.040","24.915","907"
"59","376641","20220922235000","240","0","新竹縣","湖口鄉","121.040","24.925","64"
"274","376651","20220922235000","195","2","新竹縣","湖口鄉","121.045","24.935","273"
"1107","376653","20220922235000","1359","0","桃園市","中壢區","121.235","24.965","1380"
"54","376655","20220922235000","25","3","桃園市","中壢區","121.240","24.970","69"
"210","376656","20220922235000","818","0","桃園市","中壢區","121.255","24.930","230"
"665","376658","20220922235000","624","1","新竹縣","湖口鄉","121.065","24.895","690"
"392","376665","20220922235000","319","2","新北市","鶯歌區","121.355","24.950","391"
"744","376666","20220922235000","850","0","新北市","鶯歌區","121.335","24.955","704"
"2175","376667","20220922235000","2084","1","新北市","鶯歌區","121.330","24.960","1817"
"69","376668","20220922235000","250","0","新北市","鶯歌區","121.335","24.960","148"
"429","376670","20220922235000","307","2","新北市","鶯歌區","121.340","24.950","417"
"1402","376674","20220922235000","1238","1","新北市","鶯歌區","121.330","24.965","1388"
"1630","376675","20220922235000","2197","0","新北市","樹林區","121.425","24.980","1630"
"122","376679","20220922235000","75","3","新北市","樹林區","121.405","24.955","142"
"610","376680","20220922235000","567","1","新北市","樹林區","121.405","24.960","554"
"450","376682","20220922235000","421","1","新北市","樹林區","121.410","24.970","444"
"289","376685","20220922235000","252","1","新北市","樹林區","121.400","24.975","294"
"495","376686","20220922235000","293","3","新北市","樹林區","121.405","24.975","503"
"1064","376687","20220922235000","1341","0","新北市","樹林區","121.410","24.975","1091"
"69","376690","20220922235000","97","0","新北市","樹林區","121.400","24.980","57"
"1592","376699","20220922235000","1666","0","新北市","樹林區","121.410","24.980","1607"
"798","376700","20220922235000","843","0","新北市","樹林區","121.415","24.990","797"
"1771","376701","20220922235000","1428","2","新北市","新店區","121.500","24.945","1777"
"62","376703","20220922235000","56","1","新北市","新店區","121.565","24.905","60"
"433","376717","20220922235000","424","1","新北市","新店區","121.550","24.920","430"
"3219","376725","20220922235000","1947","3","新北市","新店區","121.540","24.960","3260"
"19","376752","20220922235000","17","1","新北市","新店區","121.535","24.905","17"
"22","376759","20220922235000","25","0","新北市","新店區","121.535","24.910","27"
"17","376761","20220922235000","22","0","新北市","新店區","121.520","24.915","20"
"78","376764","20220922235000","58","2","新北市","新店區","121.535","24.915","82"
"47","376766","20220922235000","43","1","新北市","新店區","121.545","24.915","53"
"2725","376768","20220922235000","3580","0","新北市","土城區","121.445","24.985","2767"
"1047","376769","20220922235000","947","1","新北市","土城區","121.450","24.975","1049"
"567","376770","20220922235000","715","0","新北市","土城區","121.455","24.975","588"
"1736","376772","20220922235000","1787","0","新北市","土城區","121.415","24.960","1740"
"139","376774","20220922235000","1157","0","新北市","土城區","121.420","24.965","144"
"348","376775","20220922235000","605","0","新北市","土城區","121.425","24.965","396"
"238","376777","20220922235000","265","0","新北市","土城區","121.425","24.970","240"
"139","376787","20220922235000","110","2","新北市","土城區","121.470","24.960","147"
"99","376788","20220922235000","111","0","新北市","土城區","121.455","24.965","101"
"920","376796","20220922235000","1116","0","新北市","土城區","121.460","24.970","967"
"4921","376798","20220922235000","4888","1","新北市","新店區","121.540","24.965","4936"
"17","376801","20220922235000","14","2","桃園市","大溪區","121.305","24.895","22"
"28","376808","20220922235000","183","0","桃園市","八德區","121.280","24.930","39"
"1644","376809","20220922235000","1572","1","桃園市","八德區","121.285","24.930","1632"
"475","376810","20220922235000","565","0","桃園市","八德區","121.280","24.935","478"
"793","376813","20220922235000","707","1","桃園市","八德區","121.270","24.930","738"
"50","376815","20220922235000","54","0","桃園市","八德區","121.270","24.935","62"
"1427","376823","20220922235000","1187","2","桃園市","八德區","121.280","24.925","1357"
"1703","376824","20220922235000","1498","1","桃園市","八德區","121.285","24.925","1702"
"1913","376825","20220922235000","2535","0","桃園市","中壢區","121.220","24.955","1883"
"2319","376826","20220922235000","2258","1","桃園市","中壢區","121.230","24.965","2328"
"1708","376828","20220922235000","1349","2","桃園市","八德區","121.275","24.980","1668"
"418","376829","20220922235000","597","0","桃園市","八德區","121.280","24.980","410"
"1422","376831","20220922235000","1726","0","新竹縣","湖口鄉","121.050","24.900","1446"
"3207","376832","20220922235000","3447","0","新竹縣","湖口鄉","121.045","24.900","3151"
"158","376834","20220922235000","88","3","新竹縣","湖口鄉","121.030","24.900","157"
"164","376835","20220922235000","87","3","新竹縣","湖口鄉","121.025","24.905","166"
"570","376845","20220922235000","979","0","桃園市","平鎮區","121.230","24.930","556"
"2545","376847","20220922235000","1638","3","桃園市","中壢區","121.230","24.935","2430"
"1088","376848","20220922235000","1005","1","桃園市","中壢區","121.225","24.940","1053"
"1960","376849","20220922235000","1773","1","桃園市","中壢區","121.245","24.975","1911"
"2021","376850","20220922235000","2197","0","桃園市","中壢區","121.245","24.980","2036"
"920","376851","20220922235000","784","1","桃園市","中壢區","121.250","24.985","889"
"137","376852","20220922235000","129","1","桃園市","中壢區","121.240","24.985","130"
"1199","376853","20220922235000","1215","0","桃園市","八德區","121.295","24.935","1169"
"260","376854","20220922235000","272","0","桃園市","八德區","121.295","24.940","260"
"1255","376855","20220922235000","1326","0","桃園市","八德區","121.295","24.930","1271"
"641","376856","20220922235000","933","0","桃園市","龜山區","121.335","24.985","664"
"2388","376857","20220922235000","2891","0","桃園市","龜山區","121.335","24.990","2346"
"615","376860","20220922235000","753","0","桃園市","龜山區","121.345","24.980","590"
"22","376865","20220922235000","135","0","桃園市","龜山區","121.360","24.985","20"
"2605","376866","20220922235000","2267","1","桃園市","平鎮區","121.220","24.940","2478"
"341","376871","20220922235000","304","1","桃園市","楊梅區","121.185","24.905","334"
"216","376875","20220922235000","221","0","桃園市","平鎮區","121.200","24.910","216"
"1436","376878","20220922235000","784","3","桃園市","平鎮區","121.200","24.915","1457"
"236","376881","20220922235000","243","0","桃園市","平鎮區","121.200","24.920","215"
"441","376882","20220922235000","863","0","桃園市","楊梅區","121.180","24.945","425"
"1073","376886","20220922235000","874","2","桃園市","平鎮區","121.185","24.955","1033"
"825","376887","20220922235000","739","1","桃園市","中壢區","121.175","24.960","768"
"737","376889","20220922235000","757","0","桃園市","平鎮區","121.185","24.960","754"
"498","376892","20220922235000","603","0","桃園市","中壢區","121.185","24.970","505"
"298","376894","20220922235000","239","2","桃園市","平鎮區","121.190","24.930","269"
"120","376895","20220922235000","12","3","桃園市","楊梅區","121.185","24.935","180"
"26","376899","20220922235000","242","0","桃園市","平鎮區","121.190","24.940","29"
"601","376900","20220922235000","515","1","桃園市","平鎮區","121.195","24.940","579"
"294","376915","20220922235000","243","2","桃園市","大溪區","121.310","24.930","293"
"916","376925","20220922235000","775","1","桃園市","大溪區","121.275","24.895","910"
"1511","376927","20220922235000","1334","1","桃園市","大溪區","121.280","24.895","1485"
"830","376929","20220922235000","759","1","桃園市","大溪區","121.285","24.905","738"
"637","376930","20220922235000","633","1","桃園市","大溪區","121.280","24.900","599"
"689","376931","20220922235000","492","2","桃園市","大溪區","121.280","24.905","694"
"1368","376932","20220922235000","1158","1","桃園市","龜山區","121.325","24.990","1360"
"515","376933","20220922235000","515","1","桃園市","桃園區","121.325","24.980","522"
"1533","376934","20220922235000","1553","0","桃園市","龜山區","121.330","24.980","1463"
"1861","376936","20220922235000","1386","2","桃園市","桃園區","121.320","24.985","1730"
"2406","376937","20220922235000","2195","1","桃園市","龜山區","121.325","24.985","2567"
"736","376938","20220922235000","1070","0","桃園市","龜山區","121.330","24.985","751"
"352","376940","20220922235000","330","1","桃園市","新屋區","121.055","24.975","347"
"191","376956","20220922235000","176","1","桃園市","新屋區","121.125","24.955","173"
"412","376971","20220922235000","376","1","桃園市","新屋區","121.135","24.970","408"
"97","376972","20220922235000","92","1","桃園市","觀音區","121.140","24.970","96"
"655","376974","20220922235000","778","0","桃園市","龜山區","121.330","24.990","670"
"2040","376975","20220922235000","3275","0","桃園市","桃園區","121.310","24.990","2054"
"2137","376976","20220922235000","1933","1","桃園市","楊梅區","121.170","24.910","2061"
"642","376978","20220922235000","629","1","桃園市","楊梅區","121.175","24.915","648"
"1241","376979","20220922235000","1249","0","桃園市","楊梅區","121.170","24.920","1174"
"348","376984","20220922235000","450","0","桃園市","楊梅區","121.110","24.925","354"
"678","376995","20220922235000","817","0","桃園市","楊梅區","121.125","24.930","668"
"116","376998","20220922235000","124","0","桃園市","楊梅區","121.115","24.940","101"
"307","377001","20220922235000","305","1","桃園市","楊梅區","121.175","24.900","293"
"929","377002","20220922235000","1036","0","桃園市","楊梅區","121.180","24.900","778"
"2748","377003","20220922235000","2861","0","桃園市","楊梅區","121.175","24.905","2725"
"118","377004","20220922235000","82","2","桃園市","楊梅區","121.180","24.905","131"
"88","377007","20220922235000","102","0","桃園市","楊梅區","121.095","24.930","102"
"636","377008","20220922235000","451","2","桃園市","楊梅區","121.100","24.930","652"
"1194","377010","20220922235000","779","3","桃園市","楊梅區","121.090","24.935","1161"
"480","377027","20220922235000","393","2","桃園市","新屋區","121.090","24.955","448"
"614","377030","20220922235000","567","1","桃園市","楊梅區","121.160","24.900","585"
"1264","377031","20220922235000","1219","1","桃園市","楊梅區","121.155","24.900","1241"
"553","377033","20220922235000","742","0","桃園市","楊梅區","121.085","24.935","537"
"361","377034","20220922235000","421","0","桃園市","楊梅區","121.075","24.940","372"
"892","377039","20220922235000","688","2","桃園市","桃園區","121.285","24.990","849"
"872","377041","20220922235000","688","2","桃園市","桃園區","121.295","24.980","834"
"2445","377042","20220922235000","3312","0","桃園市","桃園區","121.300","24.990","2480"
"372","377043","20220922235000","312","1","桃園市","桃園區","121.300","24.980","369"
"3228","377045","20220922235000","2601","2","桃園市","桃園區","121.300","24.985","3064"
"649","377046","20220922235000","917","0","桃園市","楊梅區","121.175","24.910","623"
"2045","377047","20220922235000","1618","2","桃園市","八德區","121.300","24.965","2002"
"1426","377051","20220922235000","1033","2","桃園市","八德區","121.305","24.955","1342"
"485","377052","20220922235000","380","2","桃園市","八德區","121.310","24.955","469"
"48","377054","20220922235000","334","0","桃園市","八德區","121.300","24.945","63"
"520","377056","20220922235000","497","1","桃園市","八德區","121.275","24.940","471"
"842","377058","20220922235000","1200","0","桃園市","八德區","121.285","24.940","814"
"313","377059","20220922235000","204","3","桃園市","八德區","121.280","24.945","360"
"394","377061","20220922235000","490","0","桃園市","八德區","121.290","24.950","373"
"29","377068","20220922235000","118","0","桃園市","八德區","121.290","24.955","33"
"380","377069","20220922235000","270","2","桃園市","八德區","121.280","24.960","367"
"849","377070","20220922235000","644","2","桃園市","八德區","121.285","24.960","873"
"3669","377071","20220922235000","3632","1","桃園市","桃園區","121.290","24.985","3758"
"4000","377072","20220922235000","3226","2","桃園市","中壢區","121.220","24.965","3818"
"853","377073","20220922235000","1074","0","桃園市","中壢區","121.215","24.955","894"
"419","377077","20220922235000","382","1","桃園市","中壢區","121.205","24.980","382"
"549","377084","20220922235000","436","2","桃園市","中壢區","121.205","24.990","681"
"1875","377086","20220922235000","1614","1","桃園市","中壢區","121.255","24.970","2009"
"1851","377088","20220922235000","1990","0","桃園市","楊梅區","121.155","24.910","1837"
"886","377089","20220922235000","647","2","桃園市","楊梅區","121.160","24.910","859"
"1741","377092","20220922235000","1703","1","桃園市","平鎮區","121.205","24.910","1652"
"1894","377093","20220922235000","2086","0","桃園市","平鎮區","121.205","24.920","1806"
"177","377099","20220922235000","142","2","桃園市","新屋區","121.010","24.960","157"
"570","377106","20220922235000","584","0","桃園市","新屋區","121.120","24.970","554"
"313","377111","20220922235000","211","2","桃園市","新屋區","121.130","24.975","314"
"1060","377117","20220922235000","995","1","桃園市","新屋區","121.110","24.980","1090"
"627","377122","20220922235000","545","1","桃園市","新屋區","121.110","24.985","626"
"424","377125","20220922235000","475","0","桃園市","新屋區","121.125","24.985","405"
"454","377128","20220922235000","497","0","桃園市","新屋區","121.125","24.990","434"
"527","377135","20220922235000","652","0","桃園市","新屋區","121.100","24.990","542"
"28","377136","20220922235000","32","0","桃園市","新屋區","121.105","24.990","37"
"166","377148","20220922235000","47","3","桃園市","新屋區","121.095","24.960","190"
"290","377155","20220922235000","310","0","桃園市","新屋區","121.070","24.970","280"
"145","377159","20220922235000","142","1","桃園市","新屋區","121.020","24.970","144"
"293","377173","20220922235000","269","1","桃園市","新屋區","121.015","24.985","271"
"244","377175","20220922235000","218","1","桃園市","新屋區","120.990","24.940","210"
"183","377179","20220922235000","99","3","桃園市","新屋區","121.000","24.945","160"
"284","377183","20220922235000","288","0","桃園市","新屋區","121.010","24.950","266"
"642","377187","20220922235000","585","1","桃園市","新屋區","121.080","24.975","580"
"355","377195","20220922235000","296","1","桃園市","新屋區","121.075","24.990","325"
"230","377204","20220922235000","304","0","桃園市","新屋區","121.140","24.960","211"
"530","377205","20220922235000","688","0","桃園市","新屋區","121.145","24.960","527"
"406","377209","20220922235000","357","1","桃園市","新屋區","121.160","24.960","448"
"44","377211","20220922235000","33","2","桃園市","觀音區","121.145","24.970","43"
"17","377247","20220922235000","11","3","新北市","貢寮區","121.910","24.990","15"
"388","377249","20220922235000","609","0","桃園市","平鎮區","121.210","24.895","361"
"810","377259","20220922235000","752","1","桃園市","桃園區","121.285","24.980","760"
"1343","377261","20220922235000","974","2","桃園市","楊梅區","121.145","24.915","1379"
"586","377263","20220922235000","407","2","桃園市","楊梅區","121.145","24.910","532"
"45","377264","20220922235000","291","0","桃園市","楊梅區","121.130","24.915","37"
"612","377268","20220922235000","557","1","桃園市","楊梅區","121.130","24.920","583"
"614","377270","20220922235000","653","0","桃園市","楊梅區","121.140","24.920","576"
"3128","377280","20220922235000","2946","1","桃園市","楊梅區","121.145","24.900","3069"
"676","377285","20220922235000","537","2","桃園市","楊梅區","121.170","24.900","675"
"820","377288","20220922235000","784","1","桃園市","楊梅區","121.185","24.925","859"
"747","377289","20220922235000","816","0","桃園市","平鎮區","121.190","24.925","664"
"697","377292","20220922235000","516","2","桃園市","平鎮區","121.195","24.925","644"
"270","377295","20220922235000","712","0","桃園市","平鎮區","121.210","24.935","300"
"2096","377296","20220922235000","1685","2","桃園市","桃園區","121.295","24.990","2060"
"2797","377297","20220922235000","2842","0","桃園市","桃園區","121.285","24.985","2739"
"831","377303","20220922235000","692","2","桃園市","新屋區","121.120","24.950","918"
"377","377308","20220922235000","323","1","桃園市","新屋區","121.100","24.960","295"
"559","377310","20220922235000","373","2","桃園市","新屋區","121.110","24.960","607"
"156","377311","20220922235000","638","0","桃園市","新屋區","121.095","24.965","260"
"760","377322","20220922235000","654","1","桃園市","新屋區","121.045","24.960","757"
"233","377333","20220922235000","168","2","桃園市","新屋區","121.045","24.970","258"
"1657","377335","20220922235000","1554","1","桃園市","桃園區","121.320","24.990","1692"
"1846","377337","20220922235000","1856","0","桃園市","平鎮區","121.250","24.920","2013"
"737","377339","20220922235000","889","0","桃園市","平鎮區","121.240","24.925","795"
"1359","377340","20220922235000","1434","0","桃園市","桃園區","121.305","24.985","1350"
"1190","377342","20220922235000","1086","1","桃園市","桃園區","121.325","24.975","1219"
"2679","377344","20220922235000","2205","2","桃園市","桃園區","121.320","24.975","2616"
"896","377345","20220922235000","456","3","新北市","鶯歌區","121.330","24.975","1079"
"606","377346","20220922235000","803","0","桃園市","桃園區","121.320","24.980","614"
"1401","377347","20220922235000","1141","2","桃園市","中壢區","121.230","24.960","1387"
"1583","377348","20220922235000","1770","0","桃園市","中壢區","121.235","24.960","1539"
"580","377349","20220922235000","1004","0","桃園市","中壢區","121.230","24.950","594"
"1595","377350","20220922235000","1377","1","桃園市","中壢區","121.225","24.950","1671"
"483","377361","20220922235000","532","0","桃園市","新屋區","121.030","24.950","461"
"425","377372","20220922235000","572","0","桃園市","新屋區","121.090","24.980","415"
"1164","377380","20220922235000","1242","0","桃園市","新屋區","121.110","24.970","1111"
"96","377381","20220922235000","79","2","桃園市","新屋區","121.110","24.975","126"
"2477","377384","20220922235000","2420","1","桃園市","新屋區","121.105","24.975","2414"
"125","377428","20220922235000","96","2","桃園市","新屋區","121.040","24.980","126"
"886","377433","20220922235000","977","0","桃園市","新屋區","121.035","24.985","899"
"456","377434","20220922235000","396","1","桃園市","新屋區","121.040","24.985","419"
"1274","377446","20220922235000","1037","2","桃園市","桃園區","121.315","24.990","1287"
"2375","377447","20220922235000","1510","3","桃園市","桃園區","121.270","24.980","2327"
"3453","377449","20220922235000","2479","2","桃園市","桃園區","121.275","24.990","3375"
"1198","377450","20220922235000","1343","0","桃園市","桃園區","121.265","24.975","1250"
"2169","377452","20220922235000","2092","1","桃園市","桃園區","121.265","24.980","2112"
"36","377454","20220922235000","43","0","桃園市","桃園區","121.265","24.985","30"
"2180","377455","20220922235000","2515","0","桃園市","桃園區","121.290","24.990","2131"
"248","377456","20220922235000","494","0","桃園市","平鎮區","121.245","24.905","253"
"26","377457","20220922235000","113","0","桃園市","平鎮區","121.250","24.905","25"
"232","377459","20220922235000","302","0","桃園市","平鎮區","121.250","24.915","244"
"834","377460","20220922235000","628","2","桃園市","平鎮區","121.215","24.935","777"
"1702","377461","20220922235000","1771","0","桃園市","平鎮區","121.215","24.940","1742"
"2052","377462","20220922235000","1638","2","桃園市","平鎮區","121.215","24.945","2100"
"2711","377463","20220922235000","2408","1","桃園市","桃園區","121.310","24.980","2637"
"1249","377464","20220922235000","1422","0","桃園市","桃園區","121.310","24.985","1229"
"2266","377468","20220922235000","1899","1","桃園市","桃園區","121.305","24.980","2286"
"173","377469","20220922235000","121","2","桃園市","楊梅區","121.175","24.950","161"
"1789","377470","20220922235000","1654","1","桃園市","楊梅區","121.170","24.955","1745"
"239","377473","20220922235000","260","0","桃園市","楊梅區","121.115","24.900","345"
"199","377476","20220922235000","357","0","桃園市","楊梅區","121.125","24.910","196"
"575","377481","20220922235000","467","2","桃園市","楊梅區","121.150","24.940","592"
"148","377483","20220922235000","235","0","桃園市","楊梅區","121.150","24.920","194"
"989","377484","20220922235000","1210","0","桃園市","楊梅區","121.155","24.920","975"
"730","377488","20220922235000","642","1","桃園市","楊梅區","121.150","24.925","744"
"46","377489","20220922235000","100","0","桃園市","楊梅區","121.155","24.925","46"
"43","377490","20220922235000","24","3","桃園市","楊梅區","121.160","24.925","38"
"630","377491","20220922235000","601","1","桃園市","楊梅區","121.165","24.925","618"
"366","377493","20220922235000","434","0","桃園市","楊梅區","121.145","24.930","342"
"454","377497","20220922235000","424","1","桃園市","楊梅區","121.160","24.930","473"
"157","377498","20220922235000","301","0","桃園市","楊梅區","121.165","24.930","161"
"553","377499","20220922235000","326","3","桃園市","楊梅區","121.170","24.930","543"
"371","377501","20220922235000","384","0","桃園市","楊梅區","121.140","24.930","350"
"2063","377508","20220922235000","1778","1","桃園市","平鎮區","121.210","24.940","2024"
"2263","377509","20220922235000","1837","2","桃園市","平鎮區","121.210","24.945","2167"
"733","377513","20220922235000","578","2","桃園市","平鎮區","121.210","24.930","686"
"1271","377519","20220922235000","963","2","桃園市","平鎮區","121.230","24.900","1201"
"320","377522","20220922235000","329","0","桃園市","平鎮區","121.245","24.900","311"
"989","377529","20220922235000","1229","0","桃園市","平鎮區","121.225","24.910","970"
"581","377530","20220922235000","450","2","桃園市","平鎮區","121.230","24.910","675"
"1933","377532","20220922235000","1422","2","桃園市","桃園區","121.305","24.990","1855"
"1137","377533","20220922235000","1001","1","新北市","鶯歌區","121.330","24.970","1056"
"467","377534","20220922235000","561","0","新北市","鶯歌區","121.335","24.965","463"
"965","377535","20220922235000","640","3","桃園市","桃園區","121.320","24.970","995"
"2158","377538","20220922235000","2203","0","桃園市","桃園區","121.315","24.980","2101"
"886","377539","20220922235000","649","2","桃園市","楊梅區","121.175","24.925","999"
"763","377542","20220922235000","247","3","桃園市","楊梅區","121.180","24.925","430"
"356","377546","20220922235000","189","3","桃園市","楊梅區","121.180","24.930","352"
"789","377547","20220922235000","757","1","桃園市","楊梅區","121.160","24.935","741"
"82","377551","20220922235000","87","0","桃園市","楊梅區","121.180","24.935","81"
"68","377559","20220922235000","71","0","桃園市","楊梅區","121.150","24.945","79"
"30","377561","20220922235000","19","3","桃園市","楊梅區","121.160","24.945","21"
"659","377564","20220922235000","372","3","桃園市","楊梅區","121.175","24.945","766"
"854","377565","20220922235000","552","3","桃園市","新屋區","121.150","24.950","612"
"320","377566","20220922235000","311","1","桃園市","楊梅區","121.155","24.950","378"
"30","377568","20220922235000","24","2","桃園市","楊梅區","121.170","24.950","37"
"781","377570","20220922235000","808","0","桃園市","蘆竹區","121.265","24.990","739"
"480","377571","20220922235000","364","2","桃園市","龜山區","121.340","24.980","533"
"21","377572","20220922235000","47","0","桃園市","龜山區","121.340","24.985","36"
"2665","377573","20220922235000","2585","1","桃園市","龜山區","121.345","24.985","2617"
"1126","377574","20220922235000","892","2","桃園市","龜山區","121.340","24.990","1059"
"688","377575","20220922235000","439","3","桃園市","龜山區","121.345","24.990","654"
"11","377742","20220922235000","20","0","新北市","雙溪區","121.820","24.965","18"
"11","377753","20220922235000","12","0","新北市","雙溪區","121.810","24.970","14"
"17","377756","20220922235000","17","1","新北市","雙溪區","121.825","24.970","19"
"15","377787","20220922235000","16","0","新北市","雙溪區","121.845","24.980","15"
"1321","377821","20220922235000","1254","1","桃園市","楊梅區","121.145","24.905","1294"
"1700","377823","20220922235000","1599","1","桃園市","楊梅區","121.165","24.910","1649"
"43","377824","20220922235000","85","0","桃園市","楊梅區","121.165","24.915","49"
"18","377826","20220922235000","244","0","桃園市","大溪區","121.280","24.910","28"
"1211","377827","20220922235000","1026","1","桃園市","大溪區","121.285","24.910","1279"
"1349","377831","20220922235000","1111","2","桃園市","大溪區","121.280","24.915","1333"
"317","377833","20220922235000","353","0","桃園市","大溪區","121.290","24.915","292"
"835","377835","20220922235000","759","1","桃園市","大溪區","121.280","24.920","854"
"787","377837","20220922235000","996","0","桃園市","大溪區","121.290","24.920","790"
"779","377839","20220922235000","688","1","桃園市","大溪區","121.275","24.900","734"
"836","377841","20220922235000","591","2","桃園市","大溪區","121.275","24.905","803"
"2744","377843","20220922235000","2876","0","桃園市","楊梅區","121.180","24.910","2710"
"1305","377844","20220922235000","908","2","桃園市","楊梅區","121.180","24.915","1237"
"272","377845","20220922235000","292","0","桃園市","平鎮區","121.225","24.925","283"
"575","377847","20220922235000","758","0","桃園市","平鎮區","121.220","24.935","594"
"3375","377848","20220922235000","2772","2","桃園市","平鎮區","121.225","24.930","3267"
"857","377849","20220922235000","725","1","桃園市","平鎮區","121.220","24.930","838"
"566","377851","20220922235000","408","2","桃園市","平鎮區","121.230","24.925","539"
"594","377852","20220922235000","568","1","桃園市","中壢區","121.245","24.925","544"
"1716","377853","20220922235000","1279","2","桃園市","楊梅區","121.150","24.910","1700"
"1070","377854","20220922235000","812","2","桃園市","楊梅區","121.150","24.915","1034"
"96","377858","20220922235000","111","0","桃園市","楊梅區","121.130","24.905","87"
"693","377859","20220922235000","665","1","桃園市","楊梅區","121.135","24.905","724"
"89","377862","20220922235000","142","0","桃園市","楊梅區","121.135","24.910","77"
"246","377866","20220922235000","136","3","桃園市","楊梅區","121.070","24.930","261"
"450","377868","20220922235000","418","1","桃園市","楊梅區","121.065","24.935","407"
"264","377877","20220922235000","298","0","桃園市","楊梅區","121.100","24.920","268"
"123","377879","20220922235000","428","0","桃園市","楊梅區","121.070","24.925","142"
"480","377895","20220922235000","1144","0","桃園市","楊梅區","121.085","24.930","468"
"210","377896","20220922235000","257","0","桃園市","楊梅區","121.160","24.950","184"
"3301","377898","20220922235000","2486","2","桃園市","楊梅區","121.160","24.955","3219"
"236","377901","20220922235000","160","2","桃園市","楊梅區","121.120","24.895","187"
"147","377906","20220922235000","68","3","桃園市","楊梅區","121.125","24.900","165"
"277","377909","20220922235000","209","2","桃園市","平鎮區","121.210","24.910","289"
"2789","377914","20220922235000","1795","3","桃園市","平鎮區","121.210","24.920","2763"
"244","377919","20220922235000","337","0","桃園市","平鎮區","121.195","24.930","229"
"849","377920","20220922235000","1074","0","桃園市","平鎮區","121.200","24.940","830"
"161","377924","20220922235000","488","0","桃園市","八德區","121.290","24.945","163"
"1823","377925","20220922235000","1479","2","桃園市","八德區","121.290","24.930","1772"
"869","377933","20220922235000","1217","0","桃園市","八德區","121.275","24.960","827"
"1911","377940","20220922235000","2051","0","臺北市","文山區","121.555","24.985","1738"
"1008","377941","20220922235000","806","2","臺北市","文山區","121.560","24.985","940"
"1428","377942","20220922235000","1725","0","臺北市","文山區","121.565","24.980","1396"
"48","377946","20220922235000","43","1","新北市","新店區","121.575","24.965","18"
"125","377947","20220922235000","145","0","臺北市","文山區","121.580","24.965","42"
"374","377948","20220922235000","331","1","臺北市","文山區","121.560","24.970","393"
"183","377953","20220922235000","257","0","臺北市","文山區","121.560","24.975","243"
"121","377955","20220922235000","173","0","臺北市","文山區","121.570","24.975","124"
"648","377957","20220922235000","1270","0","臺北市","文山區","121.570","24.980","712"
"2613","377958","20220922235000","2769","0","臺北市","文山區","121.565","24.985","2494"
"215","377962","20220922235000","189","1","臺北市","文山區","121.610","24.965","228"
"164","377964","20220922235000","25","3","臺北市","文山區","121.590","24.965","193"
"218","377978","20220922235000","148","2","臺北市","文山區","121.580","24.975","192"
"428","377979","20220922235000","574","0","臺北市","文山區","121.585","24.975","466"
"139","377980","20220922235000","127","1","臺北市","文山區","121.590","24.975","147"
"1493","377982","20220922235000","1743","0","臺北市","文山區","121.575","24.980","1437"
"667","377989","20220922235000","789","0","臺北市","文山區","121.585","24.985","713"
"534","377990","20220922235000","1294","0","臺北市","文山區","121.590","24.985","588"
"862","377994","20220922235000","31","3","臺北市","文山區","121.590","24.990","849"
"58","377995","20220922235000","31","3","臺北市","文山區","121.595","24.990","75"
"2584","377997","20220922235000","3079","0","臺北市","文山區","121.560","24.990","2894"
"631","377998","20220922235000","1701","0","臺北市","文山區","121.575","24.985","853"
"1129","377999","20220922235000","1203","0","臺北市","文山區","121.580","24.985","695"
"2715","378000","20220922235000","2320","1","臺北市","文山區","121.575","24.990","2657"
"1042","378001","20220922235000","997","1","臺北市","文山區","121.580","24.990","1091"
"1602","378002","20220922235000","1780","0","臺北市","文山區","121.550","24.985","1589"
"760","378003","20220922235000","2607","0","臺北市","文山區","121.565","24.990","1819"
"2849","378004","20220922235000","2910","0","臺北市","文山區","121.570","24.990","2456"
"2378","378005","20220922235000","2154","1","臺北市","文山區","121.555","24.980","2321"
"2177","378006","20220922235000","2629","0","臺北市","文山區","121.560","24.980","2512"
"350","378007","20220922235000","482","0","臺北市","文山區","121.555","24.975","345"
"3210","378008","20220922235000","3138","1","臺北市","文山區","121.570","24.985","3043"
"2626","378009","20220922235000","2900","0","臺北市","文山區","121.545","24.990","2730"
"3316","378010","20220922235000","3518","0","臺北市","文山區","121.540","24.990","3346"
"359","378011","20220922235000","708","0","臺北市","文山區","121.550","24.990","367"
"625","378012","20220922235000","693","0","臺北市","文山區","121.555","24.990","365"
"15","378561","20220922235000","14","1","新北市","貢寮區","121.990","24.995","25"
"18","378916","20220922235000","16","1","新北市","貢寮區","122.000","25.000","18"
"44","379975","20220922235000","29","3","新北市","貢寮區","122.005","25.015","50"
"2563","382513","20220922235000","2477","1","新北市","新莊區","121.450","25.035","2592"
"848","382514","20220922235000","926","0","新北市","新莊區","121.415","25.020","910"
"2789","382515","20220922235000","2491","1","新北市","板橋區","121.430","24.995","2865"
"707","382517","20220922235000","677","1","新北市","新莊區","121.435","25.005","750"
"523","382519","20220922235000","604","0","新北市","板橋區","121.440","25.010","535"
"1786","382521","20220922235000","2134","0","新北市","新莊區","121.430","25.020","1847"
"2165","382522","20220922235000","2251","0","新北市","新莊區","121.430","25.015","2202"
"18","382523","20220922235000","350","0","新北市","新莊區","121.420","25.020","25"
"2655","382525","20220922235000","2680","0","新北市","新莊區","121.410","25.025","2590"
"135","382526","20220922235000","132","1","新北市","新莊區","121.400","25.030","136"
"3207","382528","20220922235000","4144","0","新北市","板橋區","121.470","25.015","3297"
"3268","382530","20220922235000","3484","0","新北市","板橋區","121.465","25.025","3214"
"5558","382531","20220922235000","6027","0","新北市","板橋區","121.460","25.025","5445"
"2811","382532","20220922235000","2952","0","新北市","中和區","121.480","24.995","2854"
"1735","382534","20220922235000","3033","0","新北市","板橋區","121.445","25.000","1836"
"2847","382536","20220922235000","4014","0","新北市","中和區","121.520","24.995","2960"
"2632","382537","20220922235000","3416","0","新北市","板橋區","121.455","25.025","2483"
"1396","382538","20220922235000","1314","1","臺北市","文山區","121.530","24.995","1376"
"1172","382539","20220922235000","1347","0","新北市","汐止區","121.620","25.045","1098"
"738","382546","20220922235000","770","0","新北市","樹林區","121.410","25.010","672"
"2719","382547","20220922235000","3287","0","新北市","新莊區","121.425","25.015","2835"
"2160","382548","20220922235000","2552","0","新北市","中和區","121.495","24.995","2216"
"647","382549","20220922235000","674","0","臺北市","萬華區","121.490","25.015","680"
"76","382550","20220922235000","64","1","新北市","三重區","121.480","25.050","96"
"2375","382552","20220922235000","2520","0","新北市","中和區","121.480","25.000","2484"
"1605","382553","20220922235000","2134","0","新北市","中和區","121.475","25.005","1590"
"6539","382554","20220922235000","5419","2","新北市","中和區","121.470","25.005","6650"
"4265","382555","20220922235000","6868","0","新北市","中和區","121.500","24.995","4390"
"3492","382556","20220922235000","2854","2","新北市","中和區","121.495","25.005","3366"
"1922","382557","20220922235000","3573","0","新北市","中和區","121.500","25.005","2123"
"1136","382558","20220922235000","2482","0","新北市","三重區","121.490","25.055","1151"
"778","382559","20220922235000","524","2","新北市","三重區","121.475","25.045","816"
"1672","382560","20220922235000","2088","0","新北市","板橋區","121.445","25.005","1642"
"572","382561","20220922235000","698","0","新北市","板橋區","121.445","25.010","593"
"467","382562","20220922235000","666","0","新北市","板橋區","121.450","25.005","459"
"958","382563","20220922235000","1135","0","新北市","板橋區","121.450","25.020","1021"
"2527","382564","20220922235000","3186","0","新北市","中和區","121.505","25.005","2645"
"1763","382565","20220922235000","2712","0","新北市","三重區","121.485","25.055","1785"
"2503","382567","20220922235000","2699","0","新北市","三重區","121.495","25.055","2525"
"1671","382568","20220922235000","1706","0","新北市","三重區","121.500","25.045","1760"
"1117","382571","20220922235000","982","1","新北市","中和區","121.490","25.005","1174"
"1272","382572","20220922235000","917","2","新北市","中和區","121.490","25.000","1280"
"1111","382574","20220922235000","863","2","新北市","中和區","121.485","25.010","1155"
"3468","382575","20220922235000","3036","1","新北市","中和區","121.485","24.995","3568"
"2415","382576","20220922235000","3164","0","新北市","中和區","121.490","24.995","2411"
"4268","382577","20220922235000","5124","0","新北市","中和區","121.505","24.995","4292"
"188","382579","20220922235000","199","0","新北市","板橋區","121.460","25.030","121"
"3344","382580","20220922235000","3955","0","新北市","板橋區","121.455","25.015","3543"
"426","382582","20220922235000","909","0","新北市","板橋區","121.450","25.025","435"
"607","382583","20220922235000","562","1","新北市","泰山區","121.420","25.045","466"
"933","382584","20220922235000","1566","0","新北市","泰山區","121.425","25.045","807"
"307","382589","20220922235000","111","3","新北市","三重區","121.485","25.045","269"
"1127","382592","20220922235000","903","2","新北市","三重區","121.485","25.050","1111"
"2611","382593","20220922235000","2480","1","新北市","三重區","121.490","25.050","2619"
"738","382594","20220922235000","563","2","桃園市","龜山區","121.410","25.020","848"
"2135","382595","20220922235000","2246","0","新北市","新莊區","121.460","25.050","2116"
"1769","382596","20220922235000","1533","1","新北市","新莊區","121.465","25.050","1747"
"343","382597","20220922235000","840","0","新北市","新莊區","121.460","25.055","421"
"1274","382598","20220922235000","1462","0","新北市","新莊區","121.465","25.055","1241"
"1375","382600","20220922235000","1229","1","新北市","三重區","121.470","25.045","1348"
"811","382601","20220922235000","700","1","新北市","三重區","121.470","25.050","799"
"19","382602","20220922235000","15","2","新北市","三重區","121.470","25.055","15"
"2585","382603","20220922235000","2175","1","新北市","中和區","121.480","25.010","2707"
"4287","382604","20220922235000","3473","2","新北市","板橋區","121.475","25.010","4107"
"2418","382605","20220922235000","2767","0","新北市","中和區","121.465","24.995","2401"
"2897","382606","20220922235000","2896","1","新北市","新莊區","121.450","25.040","2876"
"4143","382607","20220922235000","3544","1","新北市","新莊區","121.445","25.040","4272"
"3789","382608","20220922235000","4437","0","新北市","新莊區","121.425","25.020","3865"
"273","382609","20220922235000","2198","0","新北市","新莊區","121.455","25.045","304"
"2481","382610","20220922235000","2593","0","新北市","板橋區","121.465","25.005","2509"
"3126","382611","20220922235000","2803","1","新北市","板橋區","121.460","25.005","3069"
"92","382614","20220922235000","263","0","新北市","深坑區","121.630","25.010","112"
"332","382615","20220922235000","264","2","新北市","深坑區","121.620","25.010","300"
"138","382618","20220922235000","372","0","新北市","深坑區","121.630","25.015","147"
"260","382623","20220922235000","529","0","新北市","深坑區","121.605","25.000","279"
"1920","382624","20220922235000","2035","0","新北市","新莊區","121.435","25.015","2051"
"66","382625","20220922235000","598","0","新北市","板橋區","121.450","25.000","54"
"656","382626","20220922235000","563","1","新北市","中和區","121.470","24.995","657"
"141","382627","20220922235000","127","1","新北市","中和區","121.480","24.990","143"
"620","382628","20220922235000","2090","0","新北市","中和區","121.475","25.000","570"
"295","382629","20220922235000","739","0","新北市","中和區","121.505","25.000","362"
"3105","382630","20220922235000","3510","0","新北市","永和區","121.525","25.005","3228"
"1421","382634","20220922235000","1172","2","新北市","樹林區","121.420","24.995","1452"
"1003","382637","20220922235000","632","3","新北市","樹林區","121.420","25.000","847"
"618","382638","20220922235000","490","2","新北市","新莊區","121.440","25.030","557"
"2588","382639","20220922235000","2285","1","新北市","新莊區","121.420","25.025","2662"
"3091","382640","20220922235000","3164","0","新北市","新莊區","121.455","25.050","3195"
"3777","382641","20220922235000","3501","1","新北市","中和區","121.470","25.000","3774"
"7144","382642","20220922235000","4724","3","新北市","板橋區","121.455","25.005","7035"
"1076","382643","20220922235000","258","3","新北市","板橋區","121.445","25.020","1069"
"943","382644","20220922235000","977","0","新北市","板橋區","121.440","25.000","959"
"5382","382645","20220922235000","8223","0","新北市","永和區","121.520","25.010","5497"
"1164","382646","20220922235000","1127","1","新北市","樹林區","121.415","25.000","1123"
"1176","382647","20220922235000","856","2","新北市","樹林區","121.415","25.005","1136"
"2670","382648","20220922235000","3174","0","新北市","土城區","121.455","24.995","2558"
"23","382660","20220922235000","21","1","新北市","平溪區","121.710","25.020","20"
"1970","382667","20220922235000","1641","2","新北市","新莊區","121.460","25.040","1980"
"4331","382668","20220922235000","4211","1","新北市","新莊區","121.460","25.045","4241"
"1000","382671","20220922235000","1152","0","新北市","板橋區","121.445","25.015","1059"
"5657","382673","20220922235000","4358","2","新北市","板橋區","121.450","24.995","5333"
"1692","382674","20220922235000","1794","0","新北市","板橋區","121.455","25.000","1896"
"5613","382675","20220922235000","3800","2","新北市","永和區","121.520","25.015","5379"
"2773","382676","20220922235000","4452","0","新北市","永和區","121.515","25.015","2801"
"2306","382677","20220922235000","3171","0","新北市","新莊區","121.445","25.030","2323"
"3840","382678","20220922235000","2786","2","新北市","新莊區","121.455","25.035","3956"
"19","382679","20220922235000","822","0","新北市","板橋區","121.460","25.035","33"
"645","382680","20220922235000","580","1","新北市","新莊區","121.465","25.040","632"
"996","382683","20220922235000","623","3","桃園市","中壢區","121.215","25.000","920"
"498","382686","20220922235000","296","3","桃園市","觀音區","121.125","25.030","541"
"3160","382699","20220922235000","4025","0","新北市","板橋區","121.485","25.020","3277"
"5373","382700","20220922235000","4779","1","新北市","板橋區","121.460","25.010","5435"
"3992","382701","20220922235000","2365","3","新北市","板橋區","121.460","24.995","3759"
"1501","382702","20220922235000","1243","2","新北市","樹林區","121.420","25.015","1490"
"706","382703","20220922235000","515","2","新北市","新莊區","121.435","25.010","744"
"989","382706","20220922235000","890","1","新北市","新莊區","121.440","25.020","789"
"272","382710","20220922235000","301","0","新北市","新莊區","121.445","25.025","298"
"4270","382711","20220922235000","3720","1","新北市","永和區","121.505","25.010","4414"
"3019","382712","20220922235000","3577","0","新北市","板橋區","121.475","25.020","3124"
"2819","382713","20220922235000","2380","1","新北市","新莊區","121.430","25.025","2898"
"36","382714","20220922235000","18","3","新北市","新莊區","121.435","25.025","46"
"1546","382715","20220922235000","1837","0","新北市","新莊區","121.425","25.025","1558"
"1432","382716","20220922235000","1452","0","臺北市","萬華區","121.500","25.015","1383"
"2434","382717","20220922235000","1847","2","新北市","新莊區","121.450","25.030","2361"
"246","382724","20220922235000","322","0","桃園市","中壢區","121.180","25.005","281"
"895","382730","20220922235000","655","2","桃園市","中壢區","121.190","25.010","863"
"724","382732","20220922235000","383","3","桃園市","中壢區","121.185","25.015","723"
"611","382735","20220922235000","579","1","桃園市","大園區","121.180","25.025","584"
"987","382741","20220922235000","1054","0","桃園市","觀音區","121.160","24.995","972"
"450","382743","20220922235000","463","0","桃園市","觀音區","121.155","25.000","447"
"883","382759","20220922235000","834","1","桃園市","觀音區","121.160","25.020","872"
"424","382780","20220922235000","344","2","桃園市","觀音區","121.105","25.040","403"
"186","382785","20220922235000","178","1","桃園市","觀音區","121.130","25.020","167"
"192","382813","20220922235000","260","0","桃園市","觀音區","121.110","25.050","174"
"1776","382814","20220922235000","1277","2","桃園市","觀音區","121.115","25.050","1893"
"1437","382815","20220922235000","849","3","桃園市","觀音區","121.120","25.050","1387"
"369","382816","20220922235000","249","2","桃園市","觀音區","121.125","25.050","424"
"166","382820","20220922235000","131","2","桃園市","觀音區","121.120","25.055","173"
"753","382821","20220922235000","968","0","桃園市","觀音區","121.125","25.055","800"
"768","382830","20220922235000","660","1","桃園市","觀音區","121.080","25.035","718"
"415","382842","20220922235000","249","3","桃園市","觀音區","121.095","25.050","419"
"460","382853","20220922235000","631","0","桃園市","觀音區","121.145","25.040","487"
"2102","382855","20220922235000","2665","0","桃園市","觀音區","121.140","25.045","2079"
"720","382857","20220922235000","553","2","桃園市","觀音區","121.130","25.050","687"
"198","382858","20220922235000","236","0","桃園市","觀音區","121.135","25.050","185"
"490","382868","20220922235000","249","3","桃園市","觀音區","121.115","25.000","489"
"1647","382888","20220922235000","1096","3","桃園市","蘆竹區","121.270","25.010","1567"
"124","382890","20220922235000","88","2","桃園市","蘆竹區","121.265","25.015","125"
"940","382891","20220922235000","1115","0","桃園市","蘆竹區","121.240","25.025","871"
"1460","382893","20220922235000","846","3","桃園市","蘆竹區","121.250","25.025","1344"
"383","382894","20220922235000","570","0","桃園市","大園區","121.235","25.025","370"
"1459","382896","20220922235000","1028","2","桃園市","蘆竹區","121.245","25.025","1744"
"430","382898","20220922235000","331","2","桃園市","蘆竹區","121.240","25.030","402"
"136","382911","20220922235000","161","0","新北市","石碇區","121.670","25.010","138"
"72","382935","20220922235000","81","0","新北市","石碇區","121.670","25.030","79"
"116","382953","20220922235000","94","2","新北市","石碇區","121.690","25.005","122"
"53","382971","20220922235000","41","2","新北市","石碇區","121.700","25.015","56"
"80","382976","20220922235000","87","0","新北市","石碇區","121.660","24.995","78"
"45","382980","20220922235000","53","0","新北市","石碇區","121.650","25.000","51"
"29","382991","20220922235000","28","1","新北市","貢寮區","121.885","24.995","24"
"20","382996","20220922235000","11","3","新北市","貢寮區","121.885","25.000","27"
"20","383019","20220922235000","28","0","新北市","貢寮區","122.000","25.005","15"
"64","383024","20220922235000","46","2","新北市","貢寮區","121.990","25.010","56"
"57","383035","20220922235000","49","1","新北市","貢寮區","121.985","25.020","63"
"2138","383037","20220922235000","3774","0","新北市","永和區","121.520","25.000","2222"
"4795","383038","20220922235000","4547","1","新北市","板橋區","121.475","25.025","4523"
"503","383039","20220922235000","923","0","新北市","新莊區","121.410","25.030","529"
"765","383040","20220922235000","663","1","新北市","新莊區","121.415","25.030","738"
"66","383045","20220922235000","71","0","新北市","新莊區","121.405","25.040","75"
"3426","383046","20220922235000","4347","0","新北市","新莊區","121.455","25.055","3410"
"1033","383047","20220922235000","1556","0","新北市","新莊區","121.435","25.030","1053"
"1388","383048","20220922235000","1214","1","新北市","新莊區","121.425","25.030","1486"
"609","383049","20220922235000","1329","0","新北市","新莊區","121.430","25.030","655"
"1006","383050","20220922235000","861","1","新北市","新莊區","121.430","25.035","876"
"4809","383054","20220922235000","5986","0","新北市","新莊區","121.445","25.050","4458"
"4925","383055","20220922235000","4400","1","新北市","新莊區","121.450","25.045","4865"
"1776","383056","20220922235000","1490","1","桃園市","蘆竹區","121.290","25.050","1921"
"1487","383057","20220922235000","1325","1","桃園市","蘆竹區","121.280","25.055","1510"
"579","383058","20220922235000","576","1","桃園市","蘆竹區","121.285","25.045","610"
"1734","383059","20220922235000","984","3","桃園市","蘆竹區","121.285","25.050","1593"
"953","383060","20220922235000","1249","0","桃園市","蘆竹區","121.285","25.055","939"
"508","383094","20220922235000","585","0","桃園市","觀音區","121.050","25.025","498"
"416","383096","20220922235000","652","0","桃園市","觀音區","121.080","25.030","390"
"782","383099","20220922235000","726","1","桃園市","觀音區","121.085","25.035","782"
"1346","383113","20220922235000","852","3","桃園市","觀音區","121.120","25.025","1292"
"437","383117","20220922235000","471","0","桃園市","觀音區","121.115","25.025","469"
"1184","383118","20220922235000","1202","0","新北市","樹林區","121.410","25.015","1146"
"1395","383121","20220922235000","1925","0","新北市","泰山區","121.440","25.045","1320"
"27","383122","20220922235000","387","0","新北市","泰山區","121.430","25.050","43"
"880","383124","20220922235000","612","2","新北市","泰山區","121.440","25.050","840"
"209","383125","20220922235000","673","0","新北市","泰山區","121.435","25.055","205"
"1338","383126","20220922235000","1146","1","新北市","泰山區","121.425","25.050","1283"
"875","383127","20220922235000","752","1","新北市","新莊區","121.440","25.055","874"
"1532","383128","20220922235000","1987","0","新北市","新莊區","121.445","25.055","1349"
"4597","383129","20220922235000","4464","1","新北市","新莊區","121.450","25.055","4486"
"5175","383130","20220922235000","6267","0","新北市","新莊區","121.450","25.050","5036"
"928","383131","20220922235000","1287","0","新北市","新莊區","121.455","25.040","926"
"273","383132","20220922235000","58","3","新北市","板橋區","121.435","24.995","304"
"1221","383134","20220922235000","1319","0","新北市","板橋區","121.445","24.995","1396"
"3794","383141","20220922235000","4893","0","新北市","永和區","121.515","25.005","3812"
"4181","383142","20220922235000","4684","0","新北市","板橋區","121.470","25.025","4099"
"4190","383143","20220922235000","4112","1","新北市","板橋區","121.475","25.030","4139"
"2375","383144","20220922235000","2598","0","新北市","新莊區","121.445","25.045","2399"
"183","383152","20220922235000","130","2","新北市","泰山區","121.400","25.055","187"
"2937","383156","20220922235000","3115","0","新北市","汐止區","121.625","25.040","2937"
"45","383165","20220922235000","43","1","新北市","雙溪區","121.865","25.045","47"
"12","383177","20220922235000","11","1","新北市","雙溪區","121.780","25.000","12"
"118","383202","20220922235000","90","2","新北市","雙溪區","121.800","25.015","101"
"479","383204","20220922235000","508","0","新北市","中和區","121.490","25.010","476"
"419","383205","20220922235000","592","0","新北市","樹林區","121.430","25.000","466"
"2721","383207","20220922235000","3287","0","新北市","永和區","121.515","24.995","2855"
"2282","383208","20220922235000","2535","0","桃園市","桃園區","121.315","25.005","2275"
"880","383209","20220922235000","1158","0","桃園市","桃園區","121.315","25.010","911"
"474","383210","20220922235000","488","0","臺北市","萬華區","121.495","25.010","506"
"1290","383211","20220922235000","2091","0","新北市","永和區","121.500","25.010","1441"
"3871","383212","20220922235000","4056","0","新北市","永和區","121.510","25.015","3970"
"698","383214","20220922235000","663","1","新北市","汐止區","121.625","25.050","650"
"699","383218","20220922235000","587","1","桃園市","蘆竹區","121.290","25.055","648"
"1097","383219","20220922235000","978","1","桃園市","蘆竹區","121.295","25.050","1088"
"1397","383220","20220922235000","2302","0","桃園市","蘆竹區","121.300","25.050","1421"
"2073","383222","20220922235000","1893","1","桃園市","蘆竹區","121.300","25.055","1965"
"26","383225","20220922235000","22","1","桃園市","蘆竹區","121.315","25.055","47"
"137","383229","20220922235000","130","1","新北市","石碇區","121.645","25.005","161"
"26","383234","20220922235000","26","1","新北市","石碇區","121.700","24.995","28"
"66","383253","20220922235000","66","1","新北市","石碇區","121.665","25.010","64"
"199","383254","20220922235000","147","2","新北市","石碇區","121.645","25.010","183"
"91","383261","20220922235000","97","0","新北市","石碇區","121.655","25.015","81"
"486","383272","20220922235000","453","1","桃園市","觀音區","121.100","25.005","454"
"668","383277","20220922235000","660","1","桃園市","觀音區","121.095","25.020","715"
"295","383281","20220922235000","337","0","桃園市","觀音區","121.095","25.025","284"
"1787","383283","20220922235000","2242","0","桃園市","桃園區","121.285","24.995","1851"
"338","383284","20220922235000","403","0","桃園市","桃園區","121.290","24.995","406"
"667","383285","20220922235000","465","2","桃園市","桃園區","121.285","25.000","638"
"3850","383286","20220922235000","4033","0","桃園市","蘆竹區","121.290","25.045","4007"
"280","383287","20220922235000","175","3","桃園市","桃園區","121.280","25.030","252"
"613","383290","20220922235000","712","0","桃園市","蘆竹區","121.280","25.035","667"
"1328","383291","20220922235000","1504","0","桃園市","蘆竹區","121.285","25.035","1366"
"2847","383294","20220922235000","1994","2","桃園市","蘆竹區","121.285","25.040","2848"
"3053","383295","20220922235000","4651","0","桃園市","蘆竹區","121.290","25.040","3031"
"14","383299","20220922235000","151","0","桃園市","蘆竹區","121.255","25.025","39"
"295","383301","20220922235000","330","0","桃園市","蘆竹區","121.250","25.035","262"
"266","383311","20220922235000","219","2","桃園市","蘆竹區","121.240","25.040","252"
"223","383313","20220922235000","149","2","桃園市","蘆竹區","121.255","25.040","242"
"26","383315","20220922235000","126","0","桃園市","蘆竹區","121.250","25.045","27"
"455","383318","20220922235000","684","0","桃園市","蘆竹區","121.265","25.025","540"
"676","383325","20220922235000","613","1","桃園市","蘆竹區","121.275","25.030","691"
"40","383357","20220922235000","59","0","新北市","雙溪區","121.880","25.020","36"
"2389","383376","20220922235000","3120","0","新北市","中和區","121.485","25.000","2516"
"2189","383377","20220922235000","2904","0","新北市","中和區","121.485","25.005","2313"
"2461","383378","20220922235000","5061","0","新北市","中和區","121.500","25.000","2800"
"2675","383379","20220922235000","3300","0","新北市","板橋區","121.465","25.010","2751"
"3557","383380","20220922235000","3291","1","新北市","板橋區","121.470","25.010","3596"
"1338","383384","20220922235000","1010","2","新北市","汐止區","121.635","25.040","1437"
"189","383424","20220922235000","239","0","桃園市","蘆竹區","121.255","25.050","157"
"596","383426","20220922235000","466","2","桃園市","蘆竹區","121.265","25.050","594"
"456","383435","20220922235000","361","2","桃園市","蘆竹區","121.275","25.055","430"
"501","383437","20220922235000","490","1","桃園市","大園區","121.160","25.030","486"
"496","383449","20220922235000","465","1","桃園市","觀音區","121.155","25.050","490"
"1457","383456","20220922235000","1261","1","桃園市","觀音區","121.140","25.010","1403"
"717","383457","20220922235000","726","0","桃園市","觀音區","121.145","25.010","684"
"521","383463","20220922235000","468","1","桃園市","觀音區","121.130","25.005","508"
"193","383469","20220922235000","203","0","桃園市","觀音區","121.060","25.025","183"
"323","383475","20220922235000","339","0","桃園市","觀音區","121.065","25.025","338"
"104","383483","20220922235000","122","0","桃園市","觀音區","121.060","25.035","91"
"123","383485","20220922235000","183","0","桃園市","觀音區","121.070","25.035","123"
"95","383489","20220922235000","88","1","桃園市","觀音區","121.070","25.040","100"
"1335","383492","20220922235000","1362","0","新北市","三重區","121.475","25.050","1292"
"4167","383493","20220922235000","5119","0","新北市","中和區","121.510","24.995","4162"
"4428","383494","20220922235000","5534","0","新北市","中和區","121.510","25.000","4644"
"3075","383495","20220922235000","2873","1","新北市","板橋區","121.455","25.010","3155"
"4148","383496","20220922235000","4222","0","新北市","板橋區","121.455","25.020","4144"
"2347","383500","20220922235000","3007","0","新北市","樹林區","121.425","24.995","2497"
"274","383502","20220922235000","676","0","新北市","樹林區","121.405","25.005","248"
"136","383503","20220922235000","484","0","新北市","樹林區","121.410","25.005","147"
"2400","383507","20220922235000","2220","1","新北市","永和區","121.505","25.015","2454"
"70","383513","20220922235000","136","0","桃園市","中壢區","121.245","24.995","101"
"1057","383515","20220922235000","967","1","桃園市","中壢區","121.225","25.000","1086"
"12","383518","20220922235000","173","0","桃園市","中壢區","121.240","25.000","12"
"412","383519","20220922235000","405","1","桃園市","中壢區","121.245","25.000","425"
"538","383520","20220922235000","457","1","桃園市","中壢區","121.250","25.000","540"
"341","383521","20220922235000","225","3","桃園市","中壢區","121.230","25.005","333"
"425","383524","20220922235000","435","0","桃園市","中壢區","121.245","25.005","422"
"307","383526","20220922235000","544","0","桃園市","大園區","121.245","25.010","321"
"1216","383529","20220922235000","989","2","桃園市","中壢區","121.175","24.995","1185"
"676","383553","20220922235000","746","0","桃園市","中壢區","121.220","25.005","707"
"22","383554","20220922235000","255","0","桃園市","中壢區","121.215","25.010","29"
"988","383557","20220922235000","655","3","桃園市","中壢區","121.220","25.015","617"
"1775","383559","20220922235000","2222","0","新北市","板橋區","121.480","25.030","1784"
"269","383560","20220922235000","203","2","新北市","樹林區","121.420","25.005","279"
"2327","383562","20220922235000","1742","2","新北市","新莊區","121.430","25.005","2314"
"1283","383563","20220922235000","1505","0","新北市","樹林區","121.425","25.010","1069"
"214","383564","20220922235000","1383","0","新北市","樹林區","121.425","25.000","255"
"3910","383565","20220922235000","3694","1","新北市","永和區","121.515","25.000","3938"
"3204","383566","20220922235000","3668","0","新北市","永和區","121.520","25.005","3152"
"2205","383567","20220922235000","1550","2","新北市","中和區","121.480","25.005","2213"
"526","383568","20220922235000","584","0","新北市","泰山區","121.415","25.050","517"
"1887","383572","20220922235000","2355","0","新北市","泰山區","121.430","25.055","2103"
"2452","383573","20220922235000","2035","2","新北市","板橋區","121.460","25.000","2533"
"3967","383574","20220922235000","3430","1","新北市","中和區","121.495","25.000","4126"
"2369","383575","20220922235000","3112","0","新北市","板橋區","121.465","25.030","2299"
"4251","383576","20220922235000","4338","0","新北市","板橋區","121.470","25.030","4269"
"18","383582","20220922235000","939","0","新北市","深坑區","121.620","25.005","24"
"170","383589","20220922235000","231","0","新北市","深坑區","121.615","25.000","168"
"482","383590","20220922235000","971","0","新北市","深坑區","121.620","25.000","488"
"1494","383591","20220922235000","1200","2","新北市","深坑區","121.625","25.000","1431"
"561","383599","20220922235000","354","3","新北市","深坑區","121.635","25.005","580"
"1591","383600","20220922235000","1255","2","新北市","深坑區","121.615","25.005","1645"
"4361","383602","20220922235000","4614","0","新北市","板橋區","121.480","25.025","4290"
"4359","383603","20220922235000","5070","0","新北市","新莊區","121.445","25.035","4542"
"322","383604","20220922235000","809","0","新北市","永和區","121.530","25.000","366"
"2210","383605","20220922235000","3766","0","新北市","板橋區","121.480","25.020","2252"
"4207","383606","20220922235000","4231","0","新北市","板橋區","121.480","25.015","4264"
"1654","383607","20220922235000","1755","0","桃園市","桃園區","121.310","25.010","1668"
"3724","383608","20220922235000","2940","2","桃園市","桃園區","121.310","25.015","3784"
"3106","383609","20220922235000","4588","0","新北市","永和區","121.510","25.010","3119"
"3849","383610","20220922235000","4171","0","新北市","永和區","121.515","25.010","4021"
"2496","383611","20220922235000","2629","0","新北市","板橋區","121.460","25.015","2605"
"2771","383612","20220922235000","3815","0","新北市","板橋區","121.465","25.000","2736"
"2077","383614","20220922235000","1381","3","桃園市","桃園區","121.300","25.010","2029"
"3513","383615","20220922235000","2867","2","桃園市","桃園區","121.315","24.995","3455"
"238","383616","20220922235000","241","0","新北市","深坑區","121.605","25.005","245"
"114","383618","20220922235000","113","1","新北市","深坑區","121.600","25.010","112"
"1856","383631","20220922235000","1984","0","新北市","深坑區","121.600","25.005","1912"
"2062","383632","20220922235000","2635","0","新北市","中和區","121.485","25.015","2132"
"2885","383633","20220922235000","3069","0","新北市","板橋區","121.475","25.015","2971"
"4037","383634","20220922235000","4960","0","新北市","板橋區","121.450","25.015","3898"
"2491","383635","20220922235000","3115","0","新北市","永和區","121.510","25.005","2542"
"2588","383636","20220922235000","3127","0","新北市","板橋區","121.450","25.010","2464"
"859","383637","20220922235000","1026","0","新北市","樹林區","121.405","25.015","848"
"377","383638","20220922235000","269","2","新北市","樹林區","121.420","25.010","345"
"1287","383639","20220922235000","1225","1","新北市","樹林區","121.415","25.015","1248"
"49","383641","20220922235000","36","2","新北市","平溪區","121.765","25.035","45"
"193","383658","20220922235000","175","1","新北市","平溪區","121.775","25.040","166"
"133","383678","20220922235000","106","2","新北市","平溪區","121.740","25.025","131"
"119","383679","20220922235000","108","1","新北市","平溪區","121.745","25.025","118"
"39","383682","20220922235000","22","3","新北市","平溪區","121.745","25.030","32"
"16","383718","20220922235000","11","2","新北市","平溪區","121.780","25.025","22"
"32","383787","20220922235000","30","1","新北市","平溪區","121.750","25.005","35"
"66","383811","20220922235000","208","0","新北市","平溪區","121.715","25.020","70"
"1376","383828","20220922235000","2571","0","新北市","中和區","121.475","24.995","1337"
"4271","383829","20220922235000","5697","0","新北市","板橋區","121.470","25.020","4358"
"336","383830","20220922235000","346","0","新北市","板橋區","121.440","25.005","336"
"1530","383831","20220922235000","1071","2","新北市","新莊區","121.440","25.015","1294"
"1596","383833","20220922235000","2878","0","新北市","永和區","121.515","25.020","1555"
"154","383834","20220922235000","166","0","新北市","汐止區","121.645","25.030","158"
"353","383848","20220922235000","320","1","新北市","汐止區","121.645","25.040","340"
"34","383859","20220922235000","55","0","新北市","汐止區","121.670","25.045","49"
"42","383862","20220922235000","118","0","新北市","汐止區","121.660","25.050","40"
"637","383865","20220922235000","721","0","新北市","永和區","121.530","25.005","687"
"840","383866","20220922235000","819","1","新北市","新莊區","121.465","25.045","804"
"1854","383867","20220922235000","2622","0","新北市","新莊區","121.415","25.025","1757"
"1869","383868","20220922235000","3105","0","新北市","中和區","121.525","24.995","2033"
"938","383871","20220922235000","1472","0","桃園市","中壢區","121.200","25.010","864"
"680","383880","20220922235000","626","1","桃園市","中壢區","121.200","25.020","709"
"97","383883","20220922235000","156","0","新北市","深坑區","121.635","25.010","92"
"3447","383889","20220922235000","2349","2","新北市","板橋區","121.465","25.015","3610"
"40","383890","20220922235000","310","0","新北市","板橋區","121.475","25.035","41"
"1241","383891","20220922235000","996","2","新北市","板橋區","121.480","25.035","1263"
"4907","383893","20220922235000","5465","0","新北市","板橋區","121.465","25.020","5033"
"2722","383894","20220922235000","2946","0","新北市","板橋區","121.460","25.020","2824"
"2975","383895","20220922235000","2899","1","新北市","永和區","121.525","25.010","2949"
"5251","383896","20220922235000","5888","0","新北市","永和區","121.525","25.000","5407"
"470","383897","20220922235000","525","0","桃園市","龜山區","121.365","25.030","412"
"612","383900","20220922235000","604","1","桃園市","龜山區","121.360","25.040","611"
"650","383902","20220922235000","642","1","桃園市","龜山區","121.360","25.045","636"
"1663","383903","20220922235000","1238","2","桃園市","龜山區","121.360","25.050","1713"
"1204","383904","20220922235000","1886","0","桃園市","龜山區","121.365","25.050","1122"
"1468","383905","20220922235000","1564","0","桃園市","龜山區","121.360","25.055","1479"
"3646","383906","20220922235000","2913","2","桃園市","龜山區","121.365","25.055","3401"
"2398","383907","20220922235000","982","3","桃園市","龜山區","121.375","25.035","2542"
"320","383908","20220922235000","316","1","桃園市","龜山區","121.370","25.040","330"
"161","383909","20220922235000","204","0","桃園市","龜山區","121.375","25.040","278"
"89","383910","20220922235000","113","0","桃園市","龜山區","121.365","25.045","86"
"499","383911","20220922235000","562","0","桃園市","龜山區","121.370","25.045","582"
"127","383912","20220922235000","170","0","桃園市","龜山區","121.375","25.045","127"
"797","383913","20220922235000","948","0","桃園市","龜山區","121.370","25.050","807"
"518","383914","20220922235000","321","3","桃園市","龜山區","121.375","25.050","568"
"1716","383915","20220922235000","1478","1","桃園市","龜山區","121.370","25.055","1638"
"1887","383916","20220922235000","1795","1","桃園市","龜山區","121.375","25.055","1785"
"471","383919","20220922235000","636","0","桃園市","龜山區","121.360","25.000","454"
"407","383920","20220922235000","302","2","桃園市","龜山區","121.365","25.000","380"
"904","383922","20220922235000","915","0","桃園市","龜山區","121.340","25.000","886"
"587","383924","20220922235000","426","2","桃園市","龜山區","121.340","25.005","595"
"1014","383928","20220922235000","1015","0","桃園市","龜山區","121.365","25.005","1068"
"448","383930","20220922235000","272","3","桃園市","龜山區","121.355","25.010","419"
"226","383939","20220922235000","309","0","桃園市","龜山區","121.360","25.020","222"
"637","383940","20220922235000","587","1","桃園市","龜山區","121.365","25.015","603"
"157","383941","20220922235000","221","0","桃園市","龜山區","121.370","25.020","149"
"102","383945","20220922235000","110","0","桃園市","龜山區","121.365","25.020","109"
"1472","383958","20220922235000","1114","2","桃園市","龜山區","121.335","24.995","1468"
"426","383959","20220922235000","1102","0","桃園市","龜山區","121.345","25.005","443"
"880","383962","20220922235000","804","1","桃園市","龜山區","121.345","25.010","835"
"550","383966","20220922235000","531","1","桃園市","龜山區","121.345","25.015","548"
"291","383978","20220922235000","283","1","桃園市","龜山區","121.350","25.020","246"
"37","383987","20220922235000","39","0","桃園市","龜山區","121.345","25.030","34"
"110","383989","20220922235000","95","1","桃園市","龜山區","121.355","25.030","107"
"46","383991","20220922235000","77","0","桃園市","龜山區","121.380","25.020","48"
"288","383995","20220922235000","510","0","桃園市","龜山區","121.385","25.025","311"
"230","383996","20220922235000","416","0","桃園市","龜山區","121.390","25.025","216"
"11","383997","20220922235000","19","0","桃園市","龜山區","121.395","25.025","20"
"1993","384001","20220922235000","1533","2","桃園市","龜山區","121.390","25.030","1996"
"412","384003","20220922235000","324","2","桃園市","龜山區","121.385","25.035","422"
"1699","384004","20220922235000","1240","2","桃園市","龜山區","121.390","25.035","1818"
"54","384008","20220922235000","14","3","桃園市","龜山區","121.385","25.040","46"
"1217","384009","20220922235000","1326","0","桃園市","龜山區","121.390","25.040","1138"
"1437","384015","20220922235000","840","3","桃園市","龜山區","121.380","25.050","1411"
"148","384019","20220922235000","548","0","桃園市","龜山區","121.380","25.055","189"
"6860","384021","20220922235000","7424","0","臺北市","中山區","121.525","25.050","7127"
"6143","384022","20220922235000","6235","0","臺北市","中山區","121.530","25.055","6087"
"497","384040","20220922235000","476","1","桃園市","大園區","121.185","25.045","436"
"407","384041","20220922235000","356","1","桃園市","大園區","121.190","25.045","508"
"188","384058","20220922235000","183","1","桃園市","龜山區","121.355","24.995","192"
"290","384060","20220922235000","196","2","桃園市","龜山區","121.355","25.000","285"
"3115","384064","20220922235000","2832","1","新北市","永和區","121.510","25.020","2935"
"2681","384065","20220922235000","2966","0","臺北市","中正區","121.515","25.025","2670"
"1838","384066","20220922235000","3663","0","臺北市","中正區","121.525","25.020","1795"
"549","384067","20220922235000","548","1","臺北市","中正區","121.515","25.040","454"
"4128","384068","20220922235000","4545","0","臺北市","中正區","121.515","25.045","4234"
"4965","384069","20220922235000","4459","1","臺北市","中山區","121.535","25.055","5087"
"1811","384070","20220922235000","1822","0","臺北市","文山區","121.560","25.005","1803"
"780","384071","20220922235000","831","0","臺北市","大安區","121.560","25.010","751"
"567","384072","20220922235000","1192","0","桃園市","桃園區","121.310","24.995","603"
"3695","384073","20220922235000","3628","1","臺北市","中山區","121.535","25.045","3663"
"1676","384074","20220922235000","2359","0","臺北市","中山區","121.535","25.050","1723"
"3020","384075","20220922235000","2571","1","臺北市","中正區","121.515","25.030","3115"
"4528","384076","20220922235000","6068","0","臺北市","信義區","121.565","25.025","4506"
"1895","384077","20220922235000","2149","0","臺北市","信義區","121.575","25.045","1922"
"393","384078","20220922235000","578","0","臺北市","信義區","121.585","25.035","376"
"1203","384079","20220922235000","1453","0","臺北市","信義區","121.565","25.020","1196"
"944","384081","20220922235000","1258","0","桃園市","桃園區","121.290","25.010","986"
"832","384082","20220922235000","1304","0","桃園市","桃園區","121.285","25.015","822"
"1046","384083","20220922235000","856","2","桃園市","桃園區","121.290","25.015","1041"
"3346","384084","20220922235000","3864","0","臺北市","中正區","121.525","25.045","3447"
"4189","384085","20220922235000","3336","2","臺北市","中正區","121.530","25.045","4174"
"1761","384086","20220922235000","2621","0","臺北市","中正區","121.530","25.010","1805"
"4939","384087","20220922235000","5290","0","臺北市","中山區","121.525","25.055","5073"
"2689","384088","20220922235000","2810","0","臺北市","中山區","121.540","25.045","2807"
"3227","384089","20220922235000","3742","0","臺北市","大安區","121.540","25.040","3302"
"2947","384090","20220922235000","3140","0","臺北市","中正區","121.520","25.030","2976"
"996","384091","20220922235000","980","1","臺北市","中正區","121.520","25.035","1066"
"2508","384092","20220922235000","2396","1","臺北市","中正區","121.520","25.040","2416"
"6564","384093","20220922235000","7088","0","臺北市","中正區","121.525","25.040","6536"
"316","384094","20220922235000","859","0","臺北市","中正區","121.525","25.015","322"
"1611","384100","20220922235000","886","3","桃園市","中壢區","121.200","25.000","1618"
"25","384101","20220922235000","204","0","桃園市","中壢區","121.205","25.000","15"
"817","384103","20220922235000","428","3","桃園市","中壢區","121.200","25.005","777"
"922","384104","20220922235000","1050","0","新北市","泰山區","121.420","25.030","1001"
"447","384106","20220922235000","363","2","新北市","泰山區","121.425","25.035","421"
"2371","384109","20220922235000","2433","0","新北市","泰山區","121.420","25.040","2417"
"967","384111","20220922235000","1185","0","新北市","泰山區","121.425","25.040","1221"
"1749","384112","20220922235000","1337","2","新北市","泰山區","121.430","25.040","1843"
"187","384113","20220922235000","125","2","桃園市","龜山區","121.330","24.995","217"
"115","384129","20220922235000","83","2","桃園市","龜山區","121.375","25.010","163"
"477","384131","20220922235000","398","1","桃園市","龜山區","121.385","25.010","440"
"198","384132","20220922235000","141","2","桃園市","龜山區","121.390","25.010","187"
"1091","384140","20220922235000","1031","1","桃園市","龜山區","121.395","25.020","1100"
"584","384141","20220922235000","500","1","桃園市","龜山區","121.400","25.020","535"
"1407","384142","20220922235000","1233","1","桃園市","龜山區","121.340","24.995","1409"
"2235","384145","20220922235000","2009","1","桃園市","龜山區","121.345","25.000","2046"
"5084","384146","20220922235000","5686","0","臺北市","中山區","121.520","25.055","5018"
"1177","384147","20220922235000","1424","0","桃園市","桃園區","121.305","25.025","1186"
"67","384149","20220922235000","61","1","桃園市","新屋區","121.030","25.000","73"
"142","384152","20220922235000","172","0","桃園市","新屋區","121.030","25.005","139"
"108","384164","20220922235000","120","0","桃園市","新屋區","121.060","24.995","148"
"295","384167","20220922235000","264","1","桃園市","新屋區","121.060","25.000","280"
"631","384185","20220922235000","674","0","桃園市","新屋區","121.075","25.005","621"
"16","384188","20220922235000","95","0","桃園市","桃園區","121.325","25.000","20"
"128","384189","20220922235000","108","1","桃園市","桃園區","121.320","25.005","142"
"872","384190","20220922235000","721","2","桃園市","桃園區","121.325","25.005","868"
"2770","384194","20220922235000","3923","0","臺北市","中正區","121.510","25.025","2903"
"25","384227","20220922235000","31","0","新北市","貢寮區","121.955","25.005","26"
"36","384234","20220922235000","25","2","新北市","貢寮區","121.950","25.010","34"
"347","384241","20220922235000","269","2","新北市","貢寮區","121.945","25.015","336"
"73","384254","20220922235000","49","2","新北市","貢寮區","121.970","25.025","53"
"308","384267","20220922235000","288","1","新北市","貢寮區","121.905","25.020","309"
"20","384270","20220922235000","26","0","新北市","貢寮區","121.900","25.025","20"
"112","384299","20220922235000","101","1","新北市","貢寮區","121.920","25.010","126"
"68","384306","20220922235000","82","0","新北市","貢寮區","121.930","25.015","120"
"31","384338","20220922235000","22","2","新北市","貢寮區","121.905","25.010","32"
"300","384342","20220922235000","229","2","新北市","貢寮區","121.945","25.020","218"
"117","384349","20220922235000","124","0","新北市","貢寮區","121.930","25.030","94"
"2495","384355","20220922235000","1907","2","桃園市","龜山區","121.400","25.015","2313"
"2991","384356","20220922235000","2957","1","桃園市","龜山區","121.405","25.020","2920"
"237","384362","20220922235000","191","2","桃園市","新屋區","121.045","25.005","220"
"256","384367","20220922235000","355","0","桃園市","桃園區","121.320","24.995","339"
"1598","384368","20220922235000","1335","1","桃園市","桃園區","121.325","24.995","1500"
"1671","384371","20220922235000","1591","1","桃園市","桃園區","121.295","25.000","1594"
"499","384372","20220922235000","402","2","桃園市","桃園區","121.280","25.005","528"
"201","384373","20220922235000","114","3","桃園市","桃園區","121.285","25.005","232"
"831","384374","20220922235000","1440","0","桃園市","桃園區","121.280","25.010","808"
"1708","384375","20220922235000","2661","0","桃園市","桃園區","121.300","25.000","1777"
"1503","384376","20220922235000","1353","1","桃園市","桃園區","121.305","25.000","1424"
"1136","384377","20220922235000","891","2","桃園市","桃園區","121.310","25.025","1080"
"445","384378","20220922235000","357","2","桃園市","桃園區","121.310","25.020","523"
"856","384379","20220922235000","489","3","桃園市","桃園區","121.315","25.025","824"
"1255","384382","20220922235000","1137","1","桃園市","桃園區","121.300","25.025","1177"
"1009","384383","20220922235000","918","1","桃園市","桃園區","121.305","25.020","1067"
"16","384386","20220922235000","17","0","桃園市","桃園區","121.300","25.030","14"
"63","384387","20220922235000","42","3","桃園市","桃園區","121.295","24.995","67"
"2662","384388","20220922235000","3623","0","臺北市","中山區","121.530","25.050","2817"
"4155","384389","20220922235000","4083","1","桃園市","桃園區","121.295","25.025","4021"
"22","384391","20220922235000","13","3","桃園市","蘆竹區","121.295","25.035","11"
"2895","384392","20220922235000","2656","1","桃園市","蘆竹區","121.295","25.040","2851"
"2445","384393","20220922235000","2412","1","桃園市","桃園區","121.300","25.015","2446"
"5267","384394","20220922235000","4213","2","桃園市","桃園區","121.295","25.015","5053"
"3113","384395","20220922235000","2544","2","桃園市","桃園區","121.320","25.010","2970"
"1848","384398","20220922235000","1054","3","桃園市","桃園區","121.310","25.000","1791"
"823","384399","20220922235000","807","1","桃園市","桃園區","121.315","25.000","801"
"452","384400","20220922235000","373","2","桃園市","桃園區","121.320","25.000","405"
"867","384401","20220922235000","749","1","桃園市","桃園區","121.310","25.005","845"
"380","384402","20220922235000","346","1","臺北市","南港區","121.590","25.035","414"
"371","384403","20220922235000","337","1","臺北市","大安區","121.550","25.015","355"
"3529","384404","20220922235000","4467","0","臺北市","大安區","121.555","25.020","3610"
"4884","384405","20220922235000","5332","0","臺北市","大安區","121.550","25.020","5096"
"2220","384408","20220922235000","2156","1","桃園市","桃園區","121.305","25.010","2115"
"2460","384409","20220922235000","3632","0","臺北市","中正區","121.530","25.015","2485"
"3505","384410","20220922235000","3474","1","臺北市","中正區","121.525","25.035","3527"
"1604","384411","20220922235000","2173","0","臺北市","中山區","121.540","25.050","1655"
"1346","384412","20220922235000","1635","0","桃園市","桃園區","121.290","25.020","1391"
"3893","384413","20220922235000","4874","0","臺北市","信義區","121.560","25.045","3983"
"69","384415","20220922235000","231","0","桃園市","桃園區","121.300","24.995","73"
"1913","384416","20220922235000","2135","0","桃園市","桃園區","121.290","25.025","1924"
"883","384417","20220922235000","628","2","桃園市","桃園區","121.290","25.005","857"
"2240","384418","20220922235000","1932","1","桃園市","桃園區","121.295","25.005","2233"
"1168","384419","20220922235000","1824","0","桃園市","桃園區","121.295","25.010","1249"
"3058","384420","20220922235000","3724","0","臺北市","大同區","121.510","25.055","3106"
"1464","384421","20220922235000","1672","0","臺北市","中正區","121.520","25.020","1523"
"5219","384422","20220922235000","4537","1","臺北市","信義區","121.570","25.025","5204"
"1642","384424","20220922235000","1403","1","臺北市","信義區","121.570","25.030","1634"
"1022","384425","20220922235000","1617","0","臺北市","信義區","121.575","25.030","1048"
"2751","384426","20220922235000","3205","0","臺北市","大同區","121.515","25.050","2739"
"3670","384427","20220922235000","3450","1","臺北市","中山區","121.520","25.050","3886"
"2467","384428","20220922235000","2805","0","臺北市","大同區","121.515","25.055","2511"
"2550","384429","20220922235000","2179","1","桃園市","桃園區","121.305","24.995","2474"
"3078","384430","20220922235000","2778","1","桃園市","桃園區","121.300","25.005","2955"
"1303","384431","20220922235000","867","3","臺北市","大同區","121.505","25.050","1243"
"1895","384432","20220922235000","2037","0","臺北市","大同區","121.510","25.050","1940"
"332","384433","20220922235000","1316","0","臺北市","大安區","121.555","25.040","355"
"6149","384434","20220922235000","6088","1","臺北市","大安區","121.555","25.030","6224"
"4139","384435","20220922235000","3849","1","臺北市","大安區","121.530","25.025","4367"
"1059","384436","20220922235000","2244","0","臺北市","大安區","121.525","25.030","969"
"5379","384437","20220922235000","5410","0","臺北市","大安區","121.525","25.025","5637"
"2577","384438","20220922235000","2739","0","臺北市","大安區","121.545","25.035","2649"
"5945","384439","20220922235000","6759","0","臺北市","大安區","121.545","25.030","5956"
"3802","384440","20220922235000","4263","0","臺北市","大安區","121.555","25.035","3716"
"3004","384441","20220922235000","5032","0","臺北市","大安區","121.550","25.025","2965"
"5785","384442","20220922235000","5621","1","臺北市","中正區","121.530","25.035","5909"
"2731","384443","20220922235000","2602","1","臺北市","中正區","121.510","25.045","2854"
"381","384446","20220922235000","313","2","桃園市","蘆竹區","121.270","25.015","355"
"557","384447","20220922235000","484","1","桃園市","蘆竹區","121.260","25.025","523"
"1637","384448","20220922235000","1251","2","桃園市","蘆竹區","121.265","25.020","1554"
"377","384449","20220922235000","411","0","桃園市","蘆竹區","121.270","25.020","437"
"12","384450","20220922235000","10","2","桃園市","蘆竹區","121.270","25.025","12"
"13","384454","20220922235000","21","0","桃園市","蘆竹區","121.255","25.000","21"
"38","384461","20220922235000","92","0","桃園市","蘆竹區","121.260","25.010","37"
"19","384463","20220922235000","144","0","桃園市","蘆竹區","121.250","25.015","20"
"569","384466","20220922235000","506","1","桃園市","蘆竹區","121.250","25.020","461"
"1847","384467","20220922235000","1422","2","桃園市","蘆竹區","121.255","25.020","2071"
"2980","384468","20220922235000","2439","2","桃園市","蘆竹區","121.260","25.020","2940"
"3047","384469","20220922235000","3510","0","桃園市","蘆竹區","121.295","25.055","3196"
"411","384473","20220922235000","341","2","桃園市","桃園區","121.305","25.030","401"
"125","384480","20220922235000","221","0","桃園市","龜山區","121.305","25.035","146"
"582","384489","20220922235000","703","0","桃園市","蘆竹區","121.295","25.045","546"
"752","384497","20220922235000","1326","0","桃園市","龜山區","121.305","25.045","777"
"173","384499","20220922235000","344","0","桃園市","龜山區","121.315","25.045","179"
"34","384502","20220922235000","18","3","桃園市","龜山區","121.330","25.045","35"
"221","384507","20220922235000","145","3","桃園市","龜山區","121.320","25.050","223"
"234","384514","20220922235000","197","1","桃園市","龜山區","121.335","25.055","209"
"290","384517","20220922235000","572","0","桃園市","龜山區","121.340","25.035","257"
"267","384521","20220922235000","253","1","桃園市","龜山區","121.345","25.040","261"
"197","384522","20220922235000","171","1","桃園市","龜山區","121.350","25.040","189"
"20","384523","20220922235000","23","0","桃園市","龜山區","121.355","25.040","22"
"524","384525","20220922235000","589","0","桃園市","龜山區","121.350","25.045","498"
"457","384526","20220922235000","507","0","桃園市","龜山區","121.355","25.045","441"
"15","384527","20220922235000","42","0","桃園市","龜山區","121.345","25.050","22"
"705","384528","20220922235000","683","1","桃園市","龜山區","121.350","25.050","729"
"379","384532","20220922235000","236","3","桃園市","龜山區","121.350","25.055","343"
"1377","384533","20220922235000","2332","0","臺北市","信義區","121.570","25.035","1454"
"2360","384534","20220922235000","3310","0","臺北市","信義區","121.575","25.035","2442"
"34","384549","20220922235000","52","0","臺北市","南港區","121.630","25.030","39"
"1192","384552","20220922235000","975","2","臺北市","南港區","121.620","25.035","1170"
"109","384554","20220922235000","79","2","新北市","汐止區","121.630","25.035","107"
"1214","384555","20220922235000","1064","1","臺北市","南港區","121.620","25.040","1186"
"3461","384556","20220922235000","5088","0","臺北市","信義區","121.575","25.040","3733"
"3802","384557","20220922235000","4710","0","臺北市","南港區","121.585","25.045","3731"
"101","384572","20220922235000","63","3","新北市","雙溪區","121.825","25.025","119"
"668","384614","20220922235000","762","0","新北市","雙溪區","121.865","25.035","671"
"32","384624","20220922235000","32","1","新北市","雙溪區","121.830","25.000","33"
"17","384641","20220922235000","36","0","新北市","雙溪區","121.805","25.015","17"
"137","384662","20220922235000","111","2","新北市","雙溪區","121.840","25.035","141"
"307","384679","20220922235000","262","1","新北市","雙溪區","121.865","25.040","300"
"38","384696","20220922235000","31","2","新北市","雙溪區","121.845","24.995","45"
"471","384710","20220922235000","346","2","桃園市","桃園區","121.275","25.020","431"
"407","384711","20220922235000","383","1","桃園市","桃園區","121.280","25.020","383"
"12","384715","20220922235000","314","0","臺北市","信義區","121.560","25.025","14"
"287","384716","20220922235000","627","0","臺北市","信義區","121.565","25.030","285"
"7608","384717","20220922235000","8433","0","臺北市","信義區","121.560","25.030","7724"
"2496","384718","20220922235000","3686","0","臺北市","中正區","121.520","25.025","2479"
"760","384719","20220922235000","1418","0","桃園市","大園區","121.210","25.005","731"
"964","384720","20220922235000","746","2","桃園市","大園區","121.210","25.010","947"
"1686","384721","20220922235000","1202","2","桃園市","大園區","121.210","25.015","1619"
"802","384722","20220922235000","603","2","桃園市","大園區","121.210","25.020","809"
"168","384723","20220922235000","190","0","桃園市","大園區","121.220","25.020","199"
"651","384726","20220922235000","618","1","桃園市","大園區","121.220","25.025","656"
"486","384729","20220922235000","480","1","桃園市","大園區","121.215","25.025","468"
"559","384731","20220922235000","638","0","桃園市","大園區","121.205","25.035","519"
"488","384739","20220922235000","378","2","桃園市","大園區","121.205","25.050","467"
"72","384743","20220922235000","76","0","桃園市","大園區","121.210","25.055","68"
"3195","384744","20220922235000","3980","0","臺北市","信義區","121.580","25.040","3333"
"749","384745","20220922235000","1146","0","臺北市","中正區","121.510","25.030","772"
"2343","384746","20220922235000","2163","1","臺北市","中正區","121.520","25.045","2366"
"3061","384747","20220922235000","3566","0","臺北市","中正區","121.505","25.030","3005"
"1529","384748","20220922235000","1335","1","臺北市","中正區","121.510","25.035","1629"
"370","384749","20220922235000","258","2","臺北市","中正區","121.515","25.035","387"
"1504","384750","20220922235000","1937","0","臺北市","中正區","121.510","25.040","1549"
"1960","384751","20220922235000","1770","1","桃園市","桃園區","121.305","25.015","2053"
"2087","384752","20220922235000","2116","0","桃園市","桃園區","121.300","25.020","2108"
"3907","384754","20220922235000","3295","1","桃園市","桃園區","121.295","25.020","3897"
"3483","384756","20220922235000","4321","0","桃園市","桃園區","121.315","25.015","3536"
"810","384757","20220922235000","2046","0","桃園市","桃園區","121.315","25.020","831"
"2043","384759","20220922235000","2187","0","桃園市","桃園區","121.305","25.005","2088"
"3757","384760","20220922235000","4355","0","臺北市","信義區","121.570","25.045","3747"
"719","384761","20220922235000","699","1","臺北市","信義區","121.575","25.015","713"
"767","384763","20220922235000","897","0","臺北市","信義區","121.575","25.020","746"
"325","384770","20220922235000","443","0","桃園市","大園區","121.225","25.015","346"
"521","384775","20220922235000","687","0","桃園市","大園區","121.230","25.020","537"
"45","384776","20220922235000","44","1","桃園市","大園區","121.235","25.020","40"
"319","384777","20220922235000","555","0","桃園市","大園區","121.240","25.020","319"
"144","384783","20220922235000","141","1","桃園市","大園區","121.230","25.025","143"
"109","384787","20220922235000","120","0","桃園市","大園區","121.220","25.035","98"
"549","384788","20220922235000","538","1","桃園市","大園區","121.225","25.035","537"
"467","384790","20220922235000","399","1","桃園市","大園區","121.165","25.050","433"
"696","384794","20220922235000","693","1","桃園市","大園區","121.160","25.055","652"
"326","384798","20220922235000","243","2","桃園市","大園區","121.175","25.055","309"
"471","384806","20220922235000","536","0","桃園市","大園區","121.175","25.030","465"
"305","384811","20220922235000","190","3","桃園市","大園區","121.180","25.035","308"
"262","384818","20220922235000","258","1","桃園市","大園區","121.215","25.035","243"
"449","384824","20220922235000","560","0","桃園市","大園區","121.215","25.045","427"
"156","384830","20220922235000","148","1","桃園市","大園區","121.215","25.055","157"
"689","384831","20220922235000","775","0","桃園市","大園區","121.220","25.055","678"
"3489","384843","20220922235000","4908","0","臺北市","松山區","121.550","25.045","3541"
"2236","384844","20220922235000","2711","0","臺北市","信義區","121.565","25.045","2345"
"113","384845","20220922235000","67","3","臺北市","南港區","121.595","25.035","101"
"2636","384846","20220922235000","2838","0","臺北市","大安區","121.535","25.020","2577"
"598","384847","20220922235000","596","1","臺北市","大安區","121.535","25.030","623"
"1488","384848","20220922235000","1032","2","臺北市","文山區","121.575","25.000","1414"
"38","384849","20220922235000","55","0","臺北市","文山區","121.590","25.000","38"
"176","384853","20220922235000","172","1","臺北市","文山區","121.585","25.005","135"
"459","384856","20220922235000","378","2","臺北市","文山區","121.570","25.010","439"
"101","384857","20220922235000","172","0","臺北市","文山區","121.575","25.010","104"
"14","384858","20220922235000","14","1","臺北市","文山區","121.580","25.010","13"
"53","384862","20220922235000","33","3","臺北市","文山區","121.590","25.010","66"
"1708","384864","20220922235000","698","3","臺北市","大安區","121.540","25.010","1871"
"4150","384865","20220922235000","3857","1","臺北市","文山區","121.540","25.005","3918"
"1693","384868","20220922235000","1645","1","臺北市","萬華區","121.490","25.035","1655"
"3077","384871","20220922235000","2774","1","臺北市","文山區","121.560","25.000","3255"
"1510","384874","20220922235000","1646","0","臺北市","萬華區","121.495","25.015","1539"
"63","384876","20220922235000","62","1","臺北市","信義區","121.565","25.015","64"
"3066","384878","20220922235000","3424","0","臺北市","大安區","121.550","25.035","3113"
"3367","384879","20220922235000","3421","0","臺北市","中正區","121.530","25.040","3480"
"10305","384880","20220922235000","8566","2","臺北市","大安區","121.550","25.030","10345"
"4385","384881","20220922235000","5152","0","臺北市","信義區","121.555","25.025","4041"
"1345","384882","20220922235000","872","3","臺北市","文山區","121.550","24.995","1283"
"3139","384883","20220922235000","3424","0","臺北市","文山區","121.550","25.000","3220"
"3525","384884","20220922235000","4772","0","臺北市","萬華區","121.500","25.020","3547"
"4558","384885","20220922235000","4409","1","臺北市","大安區","121.530","25.020","4517"
"4288","384886","20220922235000","3955","1","臺北市","大安區","121.540","25.035","4259"
"541","384888","20220922235000","470","1","臺北市","文山區","121.565","25.000","499"
"245","384889","20220922235000","460","0","臺北市","文山區","121.565","25.005","298"
"1069","384890","20220922235000","1176","0","臺北市","文山區","121.570","25.005","1138"
"47","384893","20220922235000","57","0","臺北市","文山區","121.585","24.995","31"
"377","384895","20220922235000","318","1","臺北市","文山區","121.580","25.000","375"
"467","384897","20220922235000","385","2","新北市","深坑區","121.600","25.000","518"
"4214","384898","20220922235000","4972","0","臺北市","文山區","121.540","24.995","4044"
"228","384899","20220922235000","210","1","臺北市","文山區","121.570","24.995","243"
"1719","384900","20220922235000","1763","0","臺北市","文山區","121.570","25.000","1707"
"5246","384901","20220922235000","5435","0","臺北市","文山區","121.540","25.000","5195"
"1171","384903","20220922235000","1776","0","臺北市","萬華區","121.505","25.020","1135"
"1423","384904","20220922235000","1495","0","臺北市","文山區","121.555","24.995","1608"
"1664","384905","20220922235000","1379","2","臺北市","文山區","121.560","24.995","1637"
"1968","384906","20220922235000","2332","0","臺北市","文山區","121.555","25.000","1713"
"2179","384907","20220922235000","2106","1","臺北市","文山區","121.550","25.005","2193"
"724","384908","20220922235000","509","2","臺北市","大安區","121.550","25.010","715"
"1789","384909","20220922235000","1784","1","臺北市","大安區","121.540","25.015","1751"
"1093","384911","20220922235000","1917","0","臺北市","中正區","121.535","25.010","1124"
"474","384913","20220922235000","1002","0","臺北市","大安區","121.545","25.010","579"
"3208","384914","20220922235000","3463","0","臺北市","大安區","121.535","25.015","3486"
"945","384916","20220922235000","1032","0","臺北市","大安區","121.545","25.015","859"
"4477","384917","20220922235000","5358","0","臺北市","大安區","121.550","25.040","4805"
"2479","384918","20220922235000","1187","3","臺北市","文山區","121.535","24.995","2529"
"2963","384919","20220922235000","2823","1","臺北市","松山區","121.545","25.045","2981"
"3231","384920","20220922235000","3655","0","臺北市","萬華區","121.500","25.040","3265"
"933","384922","20220922235000","927","1","臺北市","萬華區","121.490","25.030","942"
"6097","384923","20220922235000","6472","0","臺北市","萬華區","121.505","25.045","6029"
"2012","384924","20220922235000","2428","0","臺北市","南港區","121.585","25.050","1892"
"1119","384925","20220922235000","1615","0","臺北市","南港區","121.590","25.050","1140"
"1431","384926","20220922235000","2045","0","臺北市","南港區","121.590","25.040","1540"
"496","384927","20220922235000","632","0","臺北市","南港區","121.590","25.045","520"
"1474","384929","20220922235000","1714","0","臺北市","南港區","121.595","25.040","1442"
"456","384931","20220922235000","716","0","臺北市","南港區","121.595","25.045","462"
"51","384932","20220922235000","64","0","臺北市","南港區","121.600","25.045","48"
"1381","384933","20220922235000","1179","1","臺北市","南港區","121.595","25.050","1399"
"3812","384935","20220922235000","4521","0","臺北市","萬華區","121.495","25.030","3672"
"2285","384936","20220922235000","1542","2","臺北市","萬華區","121.490","25.025","2302"
"168","384937","20220922235000","82","3","臺北市","文山區","121.555","25.010","214"
"123","384938","20220922235000","155","0","臺北市","信義區","121.565","25.010","117"
"2223","384940","20220922235000","3030","0","臺北市","大安區","121.560","25.015","2246"
"3835","384941","20220922235000","3176","2","臺北市","松山區","121.550","25.050","3775"
"191","384942","20220922235000","308","0","臺北市","大安區","121.540","25.020","243"
"83","384943","20220922235000","2020","0","臺北市","大安區","121.540","25.025","75"
"7277","384944","20220922235000","7241","1","臺北市","松山區","121.555","25.050","7159"
"1964","384945","20220922235000","1817","1","臺北市","萬華區","121.495","25.035","2033"
"456","384946","20220922235000","414","1","臺北市","萬華區","121.495","25.040","429"
"1154","384947","20220922235000","1141","1","臺北市","文山區","121.565","24.995","1128"
"3643","384948","20220922235000","3265","1","臺北市","松山區","121.560","25.050","3706"
"3236","384949","20220922235000","4629","0","臺北市","松山區","121.565","25.050","3287"
"2135","384950","20220922235000","1435","2","臺北市","萬華區","121.490","25.020","2107"
"923","384951","20220922235000","643","2","臺北市","萬華區","121.500","25.030","1035"
"4030","384952","20220922235000","4376","0","臺北市","萬華區","121.505","25.040","3996"
"4096","384955","20220922235000","4869","0","臺北市","大安區","121.535","25.040","4131"
"3890","384956","20220922235000","2841","2","臺北市","松山區","121.555","25.045","3857"
"2627","384957","20220922235000","2382","1","臺北市","松山區","121.575","25.050","2612"
"4698","384958","20220922235000","5061","0","臺北市","南港區","121.580","25.050","4892"
"238","384960","20220922235000","304","0","臺北市","信義區","121.580","25.030","72"
"2133","384961","20220922235000","3485","0","臺北市","信義區","121.580","25.035","2239"
"1503","384962","20220922235000","4595","0","臺北市","信義區","121.580","25.045","1538"
"3117","384963","20220922235000","3910","0","臺北市","萬華區","121.500","25.035","3362"
"3847","384964","20220922235000","4968","0","臺北市","松山區","121.545","25.050","4086"
"2138","384965","20220922235000","1850","1","臺北市","萬華區","121.495","25.020","2236"
"2266","384966","20220922235000","2505","0","臺北市","萬華區","121.500","25.025","2286"
"592","384968","20220922235000","448","2","臺北市","信義區","121.570","25.015","584"
"164","384969","20220922235000","1816","0","臺北市","信義區","121.570","25.020","178"
"1352","384970","20220922235000","2759","0","臺北市","信義區","121.560","25.040","1363"
"3580","384971","20220922235000","4355","0","臺北市","大安區","121.535","25.035","3617"
"2130","384972","20220922235000","2169","0","臺北市","文山區","121.545","24.995","2104"
"1801","384973","20220922235000","1661","1","臺北市","大安區","121.555","25.015","1754"
"3058","384974","20220922235000","3476","0","臺北市","大安區","121.540","25.030","2951"
"241","384975","20220922235000","206","1","臺北市","文山區","121.545","25.005","257"
"765","384976","20220922235000","754","1","臺北市","文山區","121.535","25.000","759"
"583","384977","20220922235000","910","0","臺北市","文山區","121.535","25.005","600"
"3367","384978","20220922235000","4608","0","臺北市","萬華區","121.505","25.025","3441"
"1411","384983","20220922235000","1320","1","臺北市","南港區","121.610","25.050","1313"
"14","384984","20220922235000","90","0","臺北市","南港區","121.615","25.050","21"
"959","384986","20220922235000","845","1","臺北市","南港區","121.615","25.040","1034"
"1091","384987","20220922235000","2361","0","臺北市","南港區","121.615","25.045","1002"
"25","384992","20220922235000","25","1","臺北市","南港區","121.595","25.015","24"
"44","384996","20220922235000","40","1","臺北市","南港區","121.600","25.020","47"
"67","384997","20220922235000","79","0","臺北市","南港區","121.605","25.020","72"
"54","385006","20220922235000","59","0","臺北市","南港區","121.620","25.025","54"
"964","385010","20220922235000","693","2","臺北市","南港區","121.610","25.030","982"
"21","385015","20220922235000","676","0","臺北市","南港區","121.615","25.035","19"
"4092","385016","20220922235000","3573","1","臺北市","大安區","121.535","25.025","4005"
"2860","385018","20220922235000","3250","0","臺北市","大安區","121.545","25.020","2972"
"2594","385019","20220922235000","2750","0","臺北市","信義區","121.565","25.040","2667"
"3110","385020","20220922235000","3442","0","臺北市","信義區","121.570","25.040","3242"
"1539","385021","20220922235000","3484","0","臺北市","信義區","121.560","25.035","1615"
"1784","385022","20220922235000","1729","1","臺北市","信義區","121.565","25.035","1835"
"377","385023","20220922235000","326","1","臺北市","文山區","121.555","25.005","369"
"2096","385025","20220922235000","2266","0","臺北市","文山區","121.545","25.000","2117"
"3832","385026","20220922235000","3992","0","臺北市","萬華區","121.505","25.035","3786"
"1406","385027","20220922235000","1566","0","臺北市","萬華區","121.495","25.025","1386"
"5680","385028","20220922235000","6241","0","臺北市","大安區","121.545","25.040","5625"
"2014","385029","20220922235000","1996","1","臺北市","信義區","121.560","25.020","1961"
"10","385031","20220922235000","10","1","臺北市","信義區","121.585","25.030","21"
"3370","385033","20220922235000","3824","0","臺北市","信義區","121.585","25.040","3364"
"3831","385034","20220922235000","3991","0","臺北市","大安區","121.530","25.030","3747"
"3408","385035","20220922235000","3502","0","臺北市","大安區","121.545","25.025","3541"
"90","387378","20220922235000","45","3","新北市","貢寮區","121.920","25.075","73"
"294","391023","20220922235000","285","1","桃園市","大園區","121.240","25.115","263"
"139","392790","20220922235000","213","0","新北市","林口區","121.360","25.135","167"
"444","392791","20220922235000","606","0","基隆市","中正區(海)","121.745","25.135","972"
"100","392792","20220922235000","81","2","新北市","瑞芳區","121.805","25.135","86"
"933","393254","20220922235000","792","1","基隆市","中正區(海)","121.750","25.140","969"
"3255","394037","20220922235000","3878","0","基隆市","七堵區","121.700","25.085","3228"
"99","394044","20220922235000","64","3","基隆市","七堵區","121.715","25.105","95"
"12","394049","20220922235000","14","0","基隆市","安樂區","121.710","25.120","11"
"683","394050","20220922235000","651","1","基隆市","中正區","121.760","25.140","654"
"866","394051","20220922235000","859","1","基隆市","中正區","121.755","25.135","844"
"1910","394053","20220922235000","1408","2","基隆市","安樂區","121.720","25.125","1849"
"956","394054","20220922235000","1194","0","基隆市","中山區","121.730","25.145","918"
"1432","394055","20220922235000","1872","0","新北市","三重區","121.475","25.065","1469"
"1873","394056","20220922235000","1334","2","新北市","三重區","121.490","25.070","1733"
"4552","394057","20220922235000","4233","1","新北市","汐止區","121.635","25.065","4366"
"2971","394058","20220922235000","2548","1","新北市","汐止區","121.660","25.065","2870"
"20","394059","20220922235000","22","0","新北市","汐止區","121.665","25.050","25"
"1296","394060","20220922235000","1175","1","新北市","汐止區","121.670","25.055","1253"
"1053","394062","20220922235000","1533","0","新北市","汐止區","121.665","25.055","1156"
"1415","394064","20220922235000","3040","0","新北市","汐止區","121.660","25.060","1371"
"942","394066","20220922235000","775","2","基隆市","七堵區","121.695","25.080","939"
"1001","394068","20220922235000","1109","0","基隆市","七堵區","121.720","25.100","1006"
"1103","394069","20220922235000","1664","0","基隆市","中正區","121.750","25.135","1226"
"19","394070","20220922235000","239","0","基隆市","中正區","121.755","25.140","247"
"522","394072","20220922235000","518","1","基隆市","中正區","121.770","25.145","523"
"895","394074","20220922235000","1017","0","基隆市","暖暖區","121.730","25.095","897"
"392","394075","20220922235000","369","1","基隆市","暖暖區","121.735","25.105","360"
"437","394076","20220922235000","552","0","基隆市","暖暖區","121.735","25.110","411"
"553","394077","20220922235000","475","1","基隆市","暖暖區","121.740","25.100","536"
"671","394078","20220922235000","699","0","基隆市","中山區","121.735","25.135","647"
"316","394082","20220922235000","226","2","基隆市","安樂區","121.705","25.140","341"
"31","394085","20220922235000","24","2","基隆市","安樂區","121.700","25.145","31"
"1819","394090","20220922235000","1627","1","基隆市","安樂區","121.715","25.125","1833"
"2322","394091","20220922235000","2271","1","基隆市","仁愛區","121.740","25.125","2229"
"1093","394092","20220922235000","1309","0","臺北市","大同區","121.510","25.070","1135"
"4423","394093","20220922235000","3698","1","新北市","三重區","121.500","25.055","4367"
"5062","394094","20220922235000","5575","0","新北市","三重區","121.500","25.065","5092"
"439","394095","20220922235000","522","0","基隆市","中山區","121.740","25.135","396"
"3154","394096","20220922235000","3438","0","基隆市","信義區","121.755","25.130","2824"
"1017","394097","20220922235000","1147","0","基隆市","仁愛區","121.735","25.125","969"
"460","394098","20220922235000","422","1","基隆市","安樂區","121.725","25.140","428"
"195","394099","20220922235000","1213","0","基隆市","安樂區","121.730","25.130","228"
"2886","394102","20220922235000","2891","0","新北市","五股區","121.450","25.105","2850"
"1210","394106","20220922235000","1020","1","新北市","五股區","121.440","25.090","1254"
"1362","394108","20220922235000","1188","1","新北市","五股區","121.440","25.095","1283"
"205","394109","20220922235000","264","0","新北市","五股區","121.430","25.100","218"
"68","394115","20220922235000","302","0","新北市","五股區","121.445","25.075","105"
"1095","394118","20220922235000","1082","1","新北市","五股區","121.460","25.075","1152"
"1884","394121","20220922235000","1484","2","新北市","五股區","121.455","25.080","1866"
"32","394125","20220922235000","127","0","新北市","五股區","121.430","25.085","105"
"1485","394126","20220922235000","2087","0","新北市","五股區","121.435","25.085","1474"
"34","394127","20220922235000","23","2","新北市","五股區","121.420","25.090","37"
"2145","394129","20220922235000","3027","0","新北市","五股區","121.430","25.070","2255"
"1783","394130","20220922235000","1754","1","新北市","五股區","121.435","25.070","2117"
"56","394136","20220922235000","27","3","新北市","林口區","121.405","25.075","67"
"62","394138","20220922235000","24","3","新北市","五股區","121.405","25.080","64"
"576","394139","20220922235000","582","0","新北市","新莊區","121.450","25.060","657"
"793","394141","20220922235000","914","0","新北市","新莊區","121.455","25.060","757"
"234","394142","20220922235000","280","0","新北市","五股區","121.450","25.070","215"
"568","394144","20220922235000","502","1","新北市","五股區","121.455","25.070","527"
"1289","394146","20220922235000","1275","1","新北市","五股區","121.465","25.070","1328"
"702","394147","20220922235000","587","1","新北市","五股區","121.465","25.075","662"
"125","394149","20220922235000","124","1","新北市","五股區","121.435","25.105","108"
"114","394150","20220922235000","115","0","新北市","五股區","121.420","25.110","114"
"45","394166","20220922235000","34","2","新北市","五股區","121.425","25.120","45"
"84","394170","20220922235000","100","0","新北市","五股區","121.420","25.125","84"
"1246","394174","20220922235000","1099","1","基隆市","信義區","121.765","25.125","1082"
"981","394175","20220922235000","916","1","基隆市","信義區","121.760","25.130","1028"
"686","394176","20220922235000","674","1","基隆市","中正區","121.760","25.135","751"
"399","394178","20220922235000","332","2","基隆市","七堵區","121.700","25.070","441"
"577","394179","20220922235000","542","1","基隆市","七堵區","121.695","25.075","556"
"1087","394181","20220922235000","1267","0","基隆市","七堵區","121.715","25.095","1047"
"870","394182","20220922235000","793","1","基隆市","七堵區","121.720","25.095","869"
"989","394185","20220922235000","902","1","基隆市","中山區","121.720","25.140","945"
"2642","394186","20220922235000","2812","0","基隆市","中山區","121.725","25.145","2600"
"1235","394187","20220922235000","1119","1","新北市","五股區","121.435","25.090","1208"
"580","394188","20220922235000","705","0","新北市","五股區","121.440","25.080","618"
"710","394189","20220922235000","1235","0","新北市","五股區","121.440","25.085","702"
"62","394191","20220922235000","39","3","新北市","五股區","121.415","25.085","63"
"84","394193","20220922235000","95","0","新北市","五股區","121.415","25.090","88"
"81","394196","20220922235000","63","2","新北市","五股區","121.410","25.100","98"
"163","394202","20220922235000","197","0","新北市","五股區","121.405","25.110","164"
"24","394207","20220922235000","60","0","新北市","五股區","121.410","25.110","26"
"17","394208","20220922235000","15","1","新北市","八里區","121.400","25.115","20"
"206","394211","20220922235000","283","0","新北市","五股區","121.425","25.095","222"
"157","394214","20220922235000","738","0","新北市","泰山區","121.435","25.065","159"
"94","394216","20220922235000","132","0","新北市","五股區","121.415","25.075","124"
"118","394218","20220922235000","105","1","新北市","五股區","121.425","25.075","139"
"582","394220","20220922235000","627","0","新北市","五股區","121.435","25.075","868"
"48","394223","20220922235000","41","1","新北市","五股區","121.420","25.080","54"
"1187","394226","20220922235000","1148","1","新北市","五股區","121.435","25.080","1079"
"952","394227","20220922235000","1114","0","新北市","五股區","121.445","25.090","1453"
"1134","394229","20220922235000","874","2","新北市","五股區","121.445","25.095","1131"
"81","394230","20220922235000","385","0","新北市","五股區","121.450","25.095","74"
"695","394234","20220922235000","1408","0","新北市","五股區","121.450","25.100","770"
"4740","394235","20220922235000","5091","0","新北市","三重區","121.495","25.070","4678"
"3333","394236","20220922235000","3193","1","新北市","三重區","121.500","25.070","3318"
"4541","394237","20220922235000","5209","0","新北市","三重區","121.490","25.065","4429"
"3999","394238","20220922235000","2462","3","基隆市","中正區","121.785","25.135","3935"
"2586","394242","20220922235000","3327","0","基隆市","安樂區","121.720","25.120","2538"
"1322","394243","20220922235000","1920","0","新北市","三重區","121.505","25.060","1320"
"3754","394244","20220922235000","4847","0","新北市","三重區","121.480","25.060","3748"
"2320","394247","20220922235000","2277","1","新北市","三重區","121.485","25.070","2293"
"1365","394248","20220922235000","671","3","基隆市","中正區","121.790","25.135","1362"
"1255","394252","20220922235000","1165","1","基隆市","信義區","121.765","25.130","1168"
"84","394254","20220922235000","479","0","基隆市","信義區","121.770","25.135","116"
"1554","394258","20220922235000","1663","0","基隆市","信義區","121.770","25.130","1471"
"934","394259","20220922235000","1152","0","基隆市","信義區","121.775","25.130","912"
"37","394262","20220922235000","83","0","基隆市","信義區","121.790","25.115","53"
"75","394265","20220922235000","64","1","基隆市","信義區","121.790","25.120","71"
"628","394266","20220922235000","466","2","基隆市","信義區","121.785","25.125","665"
"1926","394270","20220922235000","2339","0","基隆市","信義區","121.775","25.135","1886"
"631","394272","20220922235000","711","0","基隆市","安樂區","121.725","25.135","603"
"1556","394273","20220922235000","1720","0","基隆市","安樂區","121.715","25.140","1468"
"2115","394275","20220922235000","2429","0","基隆市","中山區","121.735","25.130","2044"
"391","394276","20220922235000","896","0","基隆市","安樂區","121.725","25.125","413"
"1528","394277","20220922235000","1456","1","基隆市","安樂區","121.725","25.130","1441"
"242","394278","20220922235000","331","0","基隆市","中山區","121.720","25.145","243"
"1593","394280","20220922235000","1809","0","基隆市","仁愛區","121.740","25.130","1575"
"1016","394281","20220922235000","942","1","基隆市","安樂區","121.730","25.135","967"
"2974","394282","20220922235000","2939","1","新北市","三重區","121.490","25.075","3074"
"4465","394283","20220922235000","5338","0","新北市","三重區","121.490","25.060","4511"
"2250","394284","20220922235000","2828","0","新北市","三重區","121.495","25.060","2290"
"688","394285","20220922235000","581","1","基隆市","中山區","121.740","25.145","596"
"1775","394288","20220922235000","2048","0","基隆市","安樂區","121.710","25.140","1847"
"1419","394290","20220922235000","1258","1","基隆市","安樂區","121.710","25.150","1470"
"857","394291","20220922235000","577","2","基隆市","中山區","121.715","25.145","805"
"117","394292","20220922235000","381","0","新北市","三重區","121.485","25.065","127"
"752","394293","20220922235000","1019","0","臺北市","大同區","121.510","25.075","763"
"4638","394294","20220922235000","4743","0","新北市","三重區","121.500","25.060","4576"
"1705","394295","20220922235000","1295","2","新北市","三重區","121.475","25.055","1760"
"258","394297","20220922235000","198","2","新北市","五股區","121.460","25.070","262"
"988","394298","20220922235000","446","3","新北市","三重區","121.470","25.060","925"
"762","394299","20220922235000","980","0","新北市","三重區","121.470","25.065","752"
"745","394301","20220922235000","689","1","新北市","三重區","121.505","25.075","759"
"2148","394302","20220922235000","2839","0","新北市","三重區","121.485","25.080","2253"
"269","394303","20220922235000","314","0","基隆市","中山區","121.740","25.140","268"
"1040","394304","20220922235000","930","1","新北市","三重區","121.470","25.070","1073"
"315","394305","20220922235000","310","1","基隆市","信義區","121.780","25.135","249"
"763","394306","20220922235000","1615","0","基隆市","信義區","121.780","25.130","895"
"982","394307","20220922235000","1078","0","基隆市","信義區","121.780","25.140","937"
"562","394308","20220922235000","723","0","基隆市","中正區","121.785","25.140","606"
"286","394312","20220922235000","174","3","基隆市","信義區","121.775","25.125","274"
"1021","394313","20220922235000","1184","0","基隆市","信義區","121.780","25.125","1009"
"117","394317","20220922235000","111","1","新北市","瑞芳區","121.760","25.110","119"
"46","394320","20220922235000","41","1","基隆市","信義區","121.765","25.115","76"
"418","394321","20220922235000","358","1","基隆市","信義區","121.765","25.120","412"
"1051","394324","20220922235000","1211","0","基隆市","信義區","121.760","25.125","1800"
"1754","394325","20220922235000","2040","0","新北市","三重區","121.490","25.085","1651"
"698","394326","20220922235000","702","0","新北市","三重區","121.490","25.090","560"
"383","394327","20220922235000","82","3","新北市","三重區","121.495","25.090","430"
"1722","394329","20220922235000","1369","2","新北市","三重區","121.475","25.070","1730"
"2830","394330","20220922235000","3254","0","新北市","三重區","121.480","25.070","2922"
"2045","394332","20220922235000","1169","3","新北市","泰山區","121.430","25.065","2069"
"743","394333","20220922235000","934","0","新北市","泰山區","121.440","25.060","808"
"443","394335","20220922235000","382","1","基隆市","中山區","121.735","25.140","432"
"81","394336","20220922235000","1018","0","基隆市","中山區","121.730","25.140","91"
"144","394337","20220922235000","533","0","基隆市","暖暖區","121.735","25.100","152"
"27","394358","20220922235000","54","0","基隆市","暖暖區","121.755","25.075","22"
"54","394364","20220922235000","41","2","基隆市","暖暖區","121.745","25.085","51"
"758","394398","20220922235000","637","1","基隆市","暖暖區","121.740","25.090","776"
"25","394401","20220922235000","227","0","基隆市","暖暖區","121.735","25.095","30"
"12","394402","20220922235000","633","0","基隆市","暖暖區","121.740","25.095","13"
"4222","394404","20220922235000","4143","1","基隆市","暖暖區","121.755","25.095","4106"
"51","394405","20220922235000","816","0","基隆市","暖暖區","121.750","25.090","74"
"500","394407","20220922235000","342","2","基隆市","暖暖區","121.750","25.095","532"
"1741","394413","20220922235000","1551","1","基隆市","暖暖區","121.740","25.105","1724"
"248","394418","20220922235000","283","0","基隆市","暖暖區","121.730","25.100","273"
"1099","394422","20220922235000","1069","1","基隆市","安樂區","121.705","25.145","1060"
"1890","394423","20220922235000","1323","2","基隆市","安樂區","121.710","25.145","1945"
"2658","394426","20220922235000","3563","0","新北市","三重區","121.490","25.080","2708"
"1375","394427","20220922235000","1979","0","新北市","三重區","121.485","25.075","1426"
"4403","394428","20220922235000","4205","1","新北市","三重區","121.480","25.075","4026"
"34","394429","20220922235000","230","0","基隆市","中山區","121.735","25.145","33"
"5222","394430","20220922235000","5429","0","新北市","三重區","121.495","25.065","5264"
"2672","394435","20220922235000","2662","1","基隆市","仁愛區","121.745","25.125","2792"
"782","394436","20220922235000","920","0","基隆市","仁愛區","121.745","25.120","763"
"3227","394438","20220922235000","3052","1","新北市","三重區","121.485","25.060","3159"
"1727","394441","20220922235000","1514","1","基隆市","暖暖區","121.750","25.100","1616"
"837","394442","20220922235000","835","1","基隆市","安樂區","121.730","25.115","831"
"3423","394444","20220922235000","2739","2","基隆市","安樂區","121.725","25.120","3606"
"818","394447","20220922235000","1044","0","新北市","三重區","121.495","25.075","795"
"2463","394450","20220922235000","2684","0","新北市","三重區","121.495","25.085","2482"
"4776","394451","20220922235000","4541","1","新北市","三重區","121.480","25.065","4849"
"286","394458","20220922235000","293","0","基隆市","暖暖區","121.730","25.110","312"
"636","394461","20220922235000","452","2","基隆市","七堵區","121.700","25.075","599"
"179","394464","20220922235000","198","0","基隆市","七堵區","121.705","25.085","194"
"967","394466","20220922235000","893","1","基隆市","七堵區","121.705","25.090","978"
"205","394467","20220922235000","219","0","基隆市","七堵區","121.700","25.095","184"
"780","394470","20220922235000","790","0","基隆市","七堵區","121.665","25.090","797"
"37","394480","20220922235000","27","2","基隆市","七堵區","121.670","25.100","37"
"444","394492","20220922235000","399","1","基隆市","七堵區","121.670","25.105","479"
"41","394500","20220922235000","45","0","基隆市","七堵區","121.660","25.115","40"
"71","394518","20220922235000","83","0","基隆市","七堵區","121.660","25.130","59"
"82","394538","20220922235000","335","0","基隆市","七堵區","121.695","25.085","83"
"1212","394546","20220922235000","1311","0","基隆市","七堵區","121.685","25.075","1176"
"468","394547","20220922235000","381","2","基隆市","七堵區","121.690","25.075","467"
"1007","394550","20220922235000","827","2","基隆市","七堵區","121.690","25.085","1060"
"3138","394551","20220922235000","3557","0","基隆市","中正區","121.745","25.130","3097"
"132","394552","20220922235000","446","0","基隆市","仁愛區","121.740","25.120","133"
"1983","394553","20220922235000","1606","2","基隆市","信義區","121.750","25.130","1849"
"344","394554","20220922235000","598","0","基隆市","仁愛區","121.750","25.125","348"
"509","394555","20220922235000","777","0","基隆市","中正區","121.765","25.140","498"
"332","394556","20220922235000","213","3","基隆市","中正區","121.795","25.125","344"
"241","394559","20220922235000","155","3","基隆市","中正區","121.795","25.130","252"
"1451","394564","20220922235000","1570","0","基隆市","中正區","121.790","25.140","1356"
"1308","394565","20220922235000","1163","1","基隆市","中正區","121.795","25.140","1404"
"1729","394567","20220922235000","1480","1","基隆市","中正區","121.760","25.145","1769"
"1145","394570","20220922235000","935","2","基隆市","安樂區","121.715","25.120","1109"
"1310","394576","20220922235000","1479","0","基隆市","安樂區","121.715","25.130","1246"
"38","394582","20220922235000","46","0","基隆市","仁愛區","121.740","25.110","36"
"114","394583","20220922235000","81","2","基隆市","仁愛區","121.745","25.110","98"
"487","394586","20220922235000","496","0","基隆市","仁愛區","121.745","25.115","466"
"97","394587","20220922235000","81","1","基隆市","仁愛區","121.750","25.115","99"
"30","394590","20220922235000","213","0","基隆市","七堵區","121.710","25.100","573"
"2910","394592","20220922235000","2202","2","基隆市","七堵區","121.715","25.100","2887"
"1688","394611","20220922235000","1970","0","基隆市","七堵區","121.710","25.090","1660"
"206","394613","20220922235000","283","0","基隆市","七堵區","121.720","25.090","207"
"26","394617","20220922235000","27","0","基隆市","七堵區","121.680","25.100","34"
"80","394625","20220922235000","67","1","基隆市","七堵區","121.695","25.105","88"
"53","394632","20220922235000","41","2","基隆市","七堵區","121.690","25.115","48"
"57","394634","20220922235000","57","1","基隆市","七堵區","121.700","25.115","61"
"14","394645","20220922235000","19","0","基隆市","安樂區","121.700","25.130","13"
"29","394660","20220922235000","88","0","基隆市","七堵區","121.680","25.120","33"
"52","394663","20220922235000","17","3","基隆市","七堵區","121.680","25.125","44"
"204","394685","20220922235000","195","1","新北市","蘆洲區","121.485","25.090","190"
"781","394686","20220922235000","764","1","新北市","汐止區","121.630","25.060","744"
"2597","394687","20220922235000","1360","3","新北市","汐止區","121.620","25.065","2474"
"2215","394688","20220922235000","2306","0","新北市","汐止區","121.625","25.065","2065"
"18","394694","20220922235000","21","0","新北市","八里區","121.415","25.145","16"
"833","394705","20220922235000","1234","0","新北市","八里區","121.450","25.140","313"
"33","394716","20220922235000","40","0","新北市","八里區","121.415","25.130","38"
"152","394724","20220922235000","121","2","新北市","八里區","121.410","25.145","170"
"38","394725","20220922235000","245","0","新北市","八里區","121.405","25.150","40"
"437","394726","20220922235000","412","1","新北市","八里區","121.410","25.150","401"
"75","394731","20220922235000","103","0","新北市","八里區","121.405","25.125","82"
"1407","394740","20220922235000","1446","0","新北市","蘆洲區","121.465","25.090","1529"
"3163","394741","20220922235000","3223","0","新北市","蘆洲區","121.460","25.085","3263"
"1709","394742","20220922235000","2008","0","新北市","蘆洲區","121.465","25.085","1897"
"1236","394743","20220922235000","2206","0","新北市","蘆洲區","121.460","25.090","1232"
"598","394744","20220922235000","1622","0","新北市","蘆洲區","121.460","25.095","670"
"307","394745","20220922235000","664","0","新北市","蘆洲區","121.475","25.075","326"
"1278","394746","20220922235000","1269","1","新北市","蘆洲區","121.475","25.090","1298"
"1778","394747","20220922235000","1632","1","新北市","蘆洲區","121.470","25.095","1837"
"54","394748","20220922235000","289","0","新北市","蘆洲區","121.475","25.095","50"
"604","394749","20220922235000","327","3","新北市","蘆洲區","121.470","25.100","669"
"943","394750","20220922235000","1840","0","新北市","新莊區","121.460","25.060","1033"
"2130","394751","20220922235000","2414","0","新北市","新莊區","121.465","25.060","2268"
"1278","394752","20220922235000","1103","1","新北市","五股區","121.465","25.065","1336"
"409","394787","20220922235000","514","0","新北市","瑞芳區","121.770","25.100","404"
"22","394788","20220922235000","21","1","新北市","瑞芳區","121.775","25.100","27"
"99","394798","20220922235000","46","3","新北市","瑞芳區","121.825","25.085","107"
"20","394809","20220922235000","13","3","新北市","瑞芳區","121.815","25.120","20"
"480","394810","20220922235000","477","1","新北市","瑞芳區","121.820","25.120","464"
"1443","394819","20220922235000","1317","1","新北市","五股區","121.430","25.090","1336"
"2372","394821","20220922235000","1885","2","新北市","八里區","121.395","25.145","2269"
"71","394822","20220922235000","27","3","新北市","八里區","121.390","25.150","47"
"1981","394824","20220922235000","1418","2","新北市","八里區","121.400","25.150","1938"
"43","394829","20220922235000","44","0","新北市","八里區","121.400","25.100","37"
"73","394833","20220922235000","80","0","新北市","八里區","121.390","25.110","82"
"256","394843","20220922235000","367","0","新北市","林口區","121.375","25.120","246"
"433","394854","20220922235000","482","0","新北市","八里區","121.385","25.130","442"
"1844","394858","20220922235000","1610","1","新北市","瑞芳區","121.805","25.105","1866"
"24","394863","20220922235000","42","0","新北市","瑞芳區","121.795","25.085","22"
"66","394867","20220922235000","88","0","新北市","瑞芳區","121.795","25.090","58"
"622","394873","20220922235000","402","3","新北市","瑞芳區","121.785","25.095","594"
"81","394878","20220922235000","72","1","新北市","瑞芳區","121.790","25.100","72"
"561","394885","20220922235000","459","2","新北市","瑞芳區","121.790","25.110","522"
"30","394888","20220922235000","18","3","新北市","瑞芳區","121.820","25.075","30"
"67","394894","20220922235000","59","1","新北市","瑞芳區","121.825","25.090","59"
"332","394924","20220922235000","198","3","新北市","瑞芳區","121.760","25.100","321"
"18","394926","20220922235000","25","0","新北市","瑞芳區","121.760","25.105","10"
"36","394932","20220922235000","35","1","新北市","瑞芳區","121.775","25.110","32"
"27","394934","20220922235000","35","0","新北市","瑞芳區","121.770","25.115","30"
"341","394937","20220922235000","396","0","新北市","瑞芳區","121.845","25.110","335"
"101","394943","20220922235000","104","0","新北市","瑞芳區","121.830","25.095","92"
"314","394949","20220922235000","337","0","新北市","瑞芳區","121.840","25.095","313"
"266","394954","20220922235000","224","1","新北市","瑞芳區","121.850","25.105","270"
"275","394965","20220922235000","236","1","新北市","瑞芳區","121.815","25.105","266"
"67","394966","20220922235000","118","0","新北市","五股區","121.455","25.115","64"
"676","394972","20220922235000","482","2","新北市","八里區","121.450","25.125","391"
"1001","394973","20220922235000","1058","0","新北市","八里區","121.455","25.125","900"
"818","394979","20220922235000","833","0","新北市","八里區","121.450","25.130","1120"
"586","394985","20220922235000","417","2","新北市","八里區","121.450","25.135","650"
"1888","394986","20220922235000","2271","0","新北市","汐止區","121.640","25.065","2870"
"298","394991","20220922235000","307","0","桃園市","觀音區","121.120","25.060","292"
"358","394992","20220922235000","353","1","桃園市","觀音區","121.125","25.060","425"
"26","394993","20220922235000","123","0","桃園市","觀音區","121.130","25.060","26"
"318","394996","20220922235000","332","0","桃園市","觀音區","121.110","25.065","321"
"524","395000","20220922235000","488","1","桃園市","觀音區","121.130","25.065","501"
"169","395008","20220922235000","170","0","桃園市","觀音區","121.135","25.060","172"
"1127","395014","20220922235000","1182","0","桃園市","蘆竹區","121.285","25.070","1099"
"125","395019","20220922235000","484","0","桃園市","蘆竹區","121.285","25.075","186"
"423","395023","20220922235000","402","1","桃園市","蘆竹區","121.285","25.080","427"
"616","395029","20220922235000","714","0","桃園市","蘆竹區","121.255","25.110","595"
"188","395030","20220922235000","226","0","桃園市","蘆竹區","121.260","25.110","197"
"248","395031","20220922235000","297","0","桃園市","蘆竹區","121.265","25.110","208"
"380","395032","20220922235000","293","2","桃園市","蘆竹區","121.270","25.110","386"
"225","395038","20220922235000","208","1","桃園市","蘆竹區","121.255","25.115","223"
"1064","395042","20220922235000","1871","0","桃園市","蘆竹區","121.295","25.060","1079"
"1246","395043","20220922235000","1043","1","桃園市","蘆竹區","121.300","25.060","1217"
"27","395046","20220922235000","18","3","桃園市","蘆竹區","121.315","25.060","34"
"272","395057","20220922235000","234","1","新北市","瑞芳區","121.860","25.125","290"
"89","395083","20220922235000","284","0","新北市","雙溪區","121.875","25.090","104"
"44","395098","20220922235000","21","3","新北市","貢寮區","121.915","25.095","46"
"61","395109","20220922235000","83","0","新北市","貢寮區","121.920","25.105","62"
"356","395119","20220922235000","339","1","新北市","貢寮區","121.925","25.055","352"
"256","395121","20220922235000","245","1","新北市","貢寮區","121.925","25.060","239"
"71","395125","20220922235000","46","3","新北市","貢寮區","121.925","25.065","57"
"175","395129","20220922235000","400","0","新北市","新莊區","121.455","25.065","161"
"1219","395130","20220922235000","993","2","新北市","五股區","121.445","25.065","1197"
"412","395131","20220922235000","597","0","新北市","泰山區","121.435","25.060","417"
"202","395132","20220922235000","392","0","新北市","汐止區","121.645","25.060","241"
"2871","395133","20220922235000","2560","1","新北市","汐止區","121.665","25.065","3153"
"164","395134","20220922235000","229","0","桃園市","蘆竹區","121.270","25.060","168"
"315","395135","20220922235000","575","0","桃園市","蘆竹區","121.275","25.060","307"
"770","395137","20220922235000","646","1","桃園市","蘆竹區","121.265","25.065","790"
"773","395141","20220922235000","823","0","桃園市","蘆竹區","121.270","25.070","708"
"3163","395143","20220922235000","4028","0","新北市","蘆洲區","121.470","25.090","3500"
"21","395145","20220922235000","45","0","新北市","瑞芳區","121.835","25.110","22"
"18","395147","20220922235000","13","2","新北市","瑞芳區","121.830","25.115","16"
"235","395149","20220922235000","152","3","新北市","瑞芳區","121.840","25.115","192"
"22","395156","20220922235000","143","0","新北市","瑞芳區","121.830","25.125","15"
"28","395157","20220922235000","10","3","新北市","瑞芳區","121.835","25.125","95"
"154","395163","20220922235000","438","0","新北市","瑞芳區","121.815","25.130","152"
"1551","395173","20220922235000","1546","1","新北市","瑞芳區","121.810","25.105","1526"
"1983","395174","20220922235000","2311","0","新北市","泰山區","121.445","25.060","2052"
"911","395175","20220922235000","604","3","新北市","五股區","121.450","25.065","823"
"1414","395176","20220922235000","1560","0","新北市","新莊區","121.460","25.065","1350"
"48","395186","20220922235000","43","1","新北市","萬里區","121.605","25.145","51"
"2718","395203","20220922235000","2637","1","新北市","蘆洲區","121.470","25.085","2703"
"71","395204","20220922235000","199","0","新北市","蘆洲區","121.465","25.095","74"
"18","395205","20220922235000","18","1","新北市","蘆洲區","121.465","25.100","30"
"2347","395206","20220922235000","2243","1","新北市","汐止區","121.630","25.065","2796"
"2444","395207","20220922235000","2215","1","新北市","汐止區","121.630","25.070","2433"
"1580","395208","20220922235000","1942","0","新北市","汐止區","121.645","25.065","1565"
"39","395223","20220922235000","29","2","新北市","瑞芳區","121.820","25.060","28"
"77","395239","20220922235000","35","3","新北市","瑞芳區","121.840","25.105","88"
"165","395245","20220922235000","165","1","新北市","瑞芳區","121.855","25.105","175"
"116","395253","20220922235000","84","2","新北市","瑞芳區","121.915","25.120","133"
"217","395254","20220922235000","255","0","新北市","瑞芳區","121.915","25.125","248"
"282","395256","20220922235000","206","2","新北市","瑞芳區","121.795","25.110","275"
"15","395257","20220922235000","579","0","新北市","瑞芳區","121.800","25.110","20"
"94","395269","20220922235000","88","1","新北市","泰山區","121.385","25.065","90"
"431","395270","20220922235000","268","3","桃園市","龜山區","121.390","25.060","446"
"235","395273","20220922235000","170","2","新北市","泰山區","121.390","25.065","242"
"1663","395280","20220922235000","1682","0","新北市","淡水區","121.465","25.135","1751"
"16","395284","20220922235000","13","2","新北市","雙溪區","121.855","25.050","14"
"258","395287","20220922235000","237","1","新北市","雙溪區","121.850","25.055","273"
"3696","395319","20220922235000","4085","0","新北市","三重區","121.495","25.080","3691"
"1789","395320","20220922235000","2418","0","新北市","三重區","121.475","25.060","1772"
"624","395322","20220922235000","809","0","新北市","五股區","121.455","25.105","678"
"40","395323","20220922235000","46","0","新北市","五股區","121.450","25.110","42"
"68","395324","20220922235000","93","0","新北市","五股區","121.455","25.110","72"
"195","395329","20220922235000","795","0","新北市","五股區","121.445","25.105","197"
"41","395331","20220922235000","79","0","新北市","五股區","121.445","25.110","48"
"16","395344","20220922235000","100","0","新北市","八里區","121.375","25.140","22"
"284","395346","20220922235000","392","0","新北市","八里區","121.385","25.140","252"
"125","395349","20220922235000","72","3","新北市","瑞芳區","121.800","25.100","114"
"688","395350","20220922235000","688","1","新北市","瑞芳區","121.800","25.105","676"
"519","395351","20220922235000","495","1","新北市","瑞芳區","121.820","25.105","510"
"424","395356","20220922235000","668","0","新北市","汐止區","121.670","25.065","426"
"1057","395357","20220922235000","1417","0","新北市","汐止區","121.670","25.070","1056"
"815","395361","20220922235000","719","1","桃園市","蘆竹區","121.285","25.060","757"
"1215","395362","20220922235000","639","3","桃園市","蘆竹區","121.290","25.060","1158"
"35","395363","20220922235000","84","0","桃園市","蘆竹區","121.320","25.060","37"
"312","395367","20220922235000","251","2","桃園市","觀音區","121.140","25.065","284"
"770","395388","20220922235000","434","3","桃園市","蘆竹區","121.265","25.085","739"
"111","395395","20220922235000","136","0","桃園市","蘆竹區","121.265","25.095","107"
"324","395397","20220922235000","158","3","桃園市","蘆竹區","121.275","25.095","337"
"809","395400","20220922235000","556","2","桃園市","蘆竹區","121.260","25.100","775"
"22","395417","20220922235000","17","2","桃園市","蘆竹區","121.330","25.065","19"
"174","395420","20220922235000","96","3","桃園市","蘆竹區","121.325","25.065","166"
"80","395423","20220922235000","47","3","桃園市","蘆竹區","121.340","25.070","77"
"269","395424","20220922235000","151","3","桃園市","蘆竹區","121.345","25.065","205"
"12","395433","20220922235000","157","0","桃園市","蘆竹區","121.315","25.075","16"
"18","395434","20220922235000","60","0","桃園市","蘆竹區","121.320","25.075","15"
"46","395436","20220922235000","36","2","桃園市","蘆竹區","121.330","25.075","41"
"165","395447","20220922235000","214","0","桃園市","蘆竹區","121.300","25.080","167"
"232","395448","20220922235000","204","1","桃園市","蘆竹區","121.305","25.080","244"
"60","395464","20220922235000","46","2","桃園市","蘆竹區","121.325","25.090","61"
"1209","395471","20220922235000","983","2","桃園市","蘆竹區","121.280","25.085","1215"
"937","395473","20220922235000","674","2","桃園市","蘆竹區","121.290","25.085","882"
"15","395480","20220922235000","14","1","桃園市","蘆竹區","121.295","25.095","16"
"2788","395483","20220922235000","3056","0","新北市","蘆洲區","121.470","25.080","2790"
"4048","395484","20220922235000","4780","0","新北市","蘆洲區","121.465","25.080","4261"
"5535","395485","20220922235000","6648","0","新北市","三重區","121.485","25.085","5293"
"2693","395486","20220922235000","2828","0","新北市","蘆洲區","121.455","25.090","2512"
"1968","395487","20220922235000","2187","0","新北市","蘆洲區","121.475","25.080","2010"
"1760","395488","20220922235000","1455","2","新北市","汐止區","121.665","25.075","1594"
"808","395489","20220922235000","987","0","新北市","汐止區","121.650","25.060","831"
"3430","395490","20220922235000","2673","2","新北市","汐止區","121.655","25.060","3473"
"29","395491","20220922235000","20","2","新北市","汐止區","121.625","25.070","28"
"448","395492","20220922235000","444","1","新北市","汐止區","121.625","25.075","495"
"1691","395493","20220922235000","1499","1","新北市","汐止區","121.630","25.080","1620"
"387","395495","20220922235000","481","0","新北市","汐止區","121.650","25.080","401"
"1338","395499","20220922235000","1333","1","新北市","汐止區","121.645","25.090","1321"
"110","395501","20220922235000","53","3","新北市","汐止區","121.655","25.090","116"
"136","395508","20220922235000","441","0","新北市","汐止區","121.650","25.055","146"
"2687","395509","20220922235000","2541","1","新北市","汐止區","121.655","25.055","2657"
"787","395512","20220922235000","1224","0","新北市","汐止區","121.655","25.065","858"
"40","395526","20220922235000","32","2","新北市","汐止區","121.715","25.055","38"
"188","395530","20220922235000","145","2","新北市","汐止區","121.700","25.060","185"
"979","395539","20220922235000","1091","0","新北市","汐止區","121.635","25.055","1120"
"2351","395541","20220922235000","2197","1","新北市","汐止區","121.635","25.060","2154"
"2397","395542","20220922235000","1798","2","新北市","汐止區","121.640","25.060","2385"
"2613","395544","20220922235000","2558","1","新北市","林口區","121.375","25.070","2411"
"1307","395546","20220922235000","936","2","新北市","林口區","121.400","25.075","1251"
"530","395548","20220922235000","436","2","新北市","林口區","121.400","25.080","534"
"100","395549","20220922235000","127","0","新北市","林口區","121.400","25.085","87"
"239","395550","20220922235000","221","1","新北市","林口區","121.405","25.085","229"
"30","395553","20220922235000","17","3","新北市","林口區","121.405","25.095","35"
"70","395555","20220922235000","217","0","新北市","林口區","121.405","25.100","75"
"121","395557","20220922235000","240","0","新北市","林口區","121.400","25.065","94"
"2467","395558","20220922235000","2033","2","新北市","林口區","121.390","25.075","2412"
"1019","395559","20220922235000","1254","0","新北市","林口區","121.395","25.075","1004"
"41","395560","20220922235000","39","1","新北市","林口區","121.385","25.090","55"
"880","395561","20220922235000","723","2","新北市","林口區","121.390","25.090","853"
"592","395565","20220922235000","691","0","新北市","林口區","121.385","25.100","594"
"109","395570","20220922235000","81","2","新北市","林口區","121.385","25.110","92"
"5896","395571","20220922235000","3641","3","新北市","林口區","121.375","25.075","6042"
"802","395572","20220922235000","1036","0","新北市","林口區","121.380","25.075","753"
"1776","395574","20220922235000","1684","1","新北市","林口區","121.370","25.080","1658"
"1832","395575","20220922235000","1163","3","新北市","林口區","121.375","25.080","1983"
"1792","395576","20220922235000","959","3","新北市","林口區","121.380","25.080","1812"
"875","395579","20220922235000","631","2","新北市","林口區","121.370","25.085","847"
"2287","395580","20220922235000","2652","0","新北市","林口區","121.375","25.085","2180"
"39","395587","20220922235000","44","0","新北市","林口區","121.365","25.110","37"
"15","395603","20220922235000","34","0","新北市","林口區","121.390","25.080","22"
"443","395604","20220922235000","357","2","新北市","林口區","121.385","25.085","460"
"839","395606","20220922235000","773","1","新北市","汐止區","121.655","25.070","801"
"1583","395607","20220922235000","2204","0","新北市","汐止區","121.660","25.070","1614"
"44","395616","20220922235000","32","2","桃園市","大園區","121.260","25.065","58"
"622","395617","20220922235000","594","1","新北市","汐止區","121.635","25.070","603"
"2849","395618","20220922235000","2039","2","新北市","汐止區","121.640","25.070","2844"
"569","395619","20220922235000","724","0","新北市","汐止區","121.640","25.075","562"
"2358","395622","20220922235000","2124","1","新北市","汐止區","121.640","25.080","2216"
"393","395623","20220922235000","446","0","新北市","汐止區","121.635","25.085","393"
"652","395625","20220922235000","686","0","新北市","汐止區","121.635","25.075","716"
"218","395628","20220922235000","184","1","新北市","汐止區","121.640","25.100","228"
"125","395641","20220922235000","73","3","新北市","汐止區","121.620","25.115","113"
"42","395643","20220922235000","52","0","新北市","汐止區","121.630","25.115","43"
"51","395653","20220922235000","40","2","新北市","汐止區","121.605","25.125","42"
"718","395667","20220922235000","455","3","新北市","汐止區","121.615","25.135","729"
"1781","395672","20220922235000","1752","1","新北市","淡水區","121.460","25.130","1875"
"2940","395673","20220922235000","3990","0","新北市","淡水區","121.460","25.135","3043"
"2222","395675","20220922235000","2965","0","新北市","淡水區","121.460","25.140","2412"
"1077","395676","20220922235000","742","2","新北市","淡水區","121.465","25.140","1068"
"1278","395691","20220922235000","1046","2","新北市","汐止區","121.675","25.065","1238"
"1247","395692","20220922235000","1605","0","新北市","汐止區","121.665","25.080","1359"
"496","395698","20220922235000","684","0","新北市","汐止區","121.670","25.075","448"
"668","395699","20220922235000","856","0","新北市","汐止區","121.675","25.075","683"
"378","395701","20220922235000","319","1","新北市","汐止區","121.610","25.105","382"
"163","395703","20220922235000","169","0","新北市","汐止區","121.605","25.110","182"
"1437","395715","20220922235000","2061","0","新北市","泰山區","121.430","25.060","1505"
"76","395716","20220922235000","782","0","新北市","泰山區","121.425","25.060","58"
"799","395717","20220922235000","1760","0","新北市","泰山區","121.425","25.065","880"
"2882","395718","20220922235000","2970","0","新北市","蘆洲區","121.480","25.090","2873"
"451","395719","20220922235000","505","0","新北市","蘆洲區","121.480","25.095","465"
"41","395724","20220922235000","44","0","桃園市","蘆竹區","121.300","25.100","40"
"219","395727","20220922235000","245","0","新北市","林口區","121.290","25.105","196"
"264","395732","20220922235000","264","1","新北市","林口區","121.315","25.105","277"
"38","395735","20220922235000","51","0","新北市","林口區","121.295","25.110","40"
"70","395748","20220922235000","94","0","新北市","林口區","121.295","25.115","75"
"126","395749","20220922235000","94","2","新北市","林口區","121.300","25.115","123"
"79","395752","20220922235000","71","1","新北市","林口區","121.295","25.120","72"
"2759","395755","20220922235000","3128","0","新北市","林口區","121.385","25.080","2664"
"1056","395756","20220922235000","716","2","新北市","林口區","121.380","25.085","1162"
"626","395757","20220922235000","633","0","新北市","林口區","121.375","25.090","550"
"3707","395768","20220922235000","3985","0","新北市","林口區","121.365","25.065","3635"
"3585","395769","20220922235000","2842","2","新北市","汐止區","121.665","25.070","3581"
"28","395773","20220922235000","25","1","新北市","汐止區","121.675","25.070","30"
"429","395774","20220922235000","454","0","新北市","汐止區","121.680","25.070","407"
"261","395775","20220922235000","174","3","新北市","汐止區","121.685","25.070","176"
"375","395777","20220922235000","664","0","新北市","汐止區","121.675","25.080","381"
"663","395784","20220922235000","564","1","新北市","汐止區","121.645","25.080","640"
"23","395791","20220922235000","125","0","新北市","汐止區","121.640","25.095","68"
"472","395805","20220922235000","578","0","新北市","林口區","121.390","25.070","471"
"874","395806","20220922235000","506","3","新北市","林口區","121.385","25.075","900"
"150","395809","20220922235000","131","1","新北市","林口區","121.345","25.085","154"
"13","395828","20220922235000","10","2","新北市","林口區","121.315","25.100","16"
"17","395833","20220922235000","45","0","新北市","林口區","121.340","25.100","15"
"43","395837","20220922235000","24","3","新北市","林口區","121.330","25.105","43"
"3165","395840","20220922235000","2679","1","桃園市","龜山區","121.375","25.065","3574"
"1612","395843","20220922235000","940","3","新北市","林口區","121.360","25.065","1769"
"308","395844","20220922235000","172","3","新北市","林口區","121.350","25.070","286"
"1724","395846","20220922235000","1324","2","新北市","林口區","121.360","25.070","1645"
"4679","395847","20220922235000","3745","2","新北市","林口區","121.370","25.070","4838"
"68","395848","20220922235000","40","3","新北市","林口區","121.345","25.075","66"
"1433","395850","20220922235000","1054","2","新北市","林口區","121.355","25.075","1370"
"2411","395853","20220922235000","1341","3","新北市","林口區","121.370","25.075","2520"
"1203","395854","20220922235000","1477","0","新北市","林口區","121.350","25.080","1109"
"359","395858","20220922235000","295","2","新北市","林口區","121.345","25.100","350"
"64","395862","20220922235000","70","0","新北市","林口區","121.340","25.105","62"
"106","395869","20220922235000","63","3","新北市","林口區","121.340","25.110","81"
"118","395881","20220922235000","107","1","新北市","林口區","121.320","25.115","113"
"103","395900","20220922235000","73","2","新北市","林口區","121.345","25.125","108"
"6106","395909","20220922235000","6428","0","新北市","蘆洲區","121.480","25.080","6144"
"203","395910","20220922235000","340","0","新北市","蘆洲區","121.455","25.085","223"
"3256","395911","20220922235000","2635","2","新北市","林口區","121.365","25.070","3128"
"48","395949","20220922235000","37","2","新北市","平溪區","121.790","25.070","47"
"777","395961","20220922235000","733","1","新北市","汐止區","121.630","25.055","790"
"710","395962","20220922235000","720","0","新北市","汐止區","121.625","25.060","684"
"964","395965","20220922235000","1286","0","新北市","蘆洲區","121.470","25.075","982"
"2621","395966","20220922235000","2482","1","桃園市","龜山區","121.370","25.060","2654"
"1265","395968","20220922235000","951","2","桃園市","龜山區","121.380","25.060","1143"
"719","395969","20220922235000","374","3","桃園市","龜山區","121.375","25.060","689"
"5089","395972","20220922235000","5769","0","臺北市","中山區","121.530","25.060","4946"
"842","395973","20220922235000","929","0","桃園市","大園區","121.245","25.105","875"
"13","395977","20220922235000","15","0","桃園市","大園區","121.250","25.110","18"
"522","395980","20220922235000","601","0","桃園市","大園區","121.180","25.065","526"
"931","395981","20220922235000","1043","0","桃園市","大園區","121.190","25.060","863"
"353","395982","20220922235000","409","0","桃園市","大園區","121.195","25.060","407"
"260","395983","20220922235000","307","0","桃園市","大園區","121.185","25.065","272"
"758","395984","20220922235000","653","1","桃園市","大園區","121.190","25.065","758"
"495","395990","20220922235000","625","0","桃園市","大園區","121.250","25.095","508"
"22","395991","20220922235000","19","1","桃園市","大園區","121.255","25.095","31"
"63","395992","20220922235000","123","0","桃園市","大園區","121.235","25.100","61"
"977","395998","20220922235000","1185","0","桃園市","大園區","121.260","25.070","931"
"954","395999","20220922235000","943","1","桃園市","大園區","121.255","25.075","1022"
"2530","396009","20220922235000","2660","0","臺北市","中山區","121.530","25.070","2586"
"2845","396012","20220922235000","3821","0","臺北市","中山區","121.530","25.065","2897"
"4009","396013","20220922235000","4587","0","臺北市","中山區","121.540","25.060","4045"
"409","396014","20220922235000","418","0","臺北市","中山區","121.555","25.075","380"
"1620","396015","20220922235000","1983","0","臺北市","中山區","121.550","25.080","1640"
"2581","396016","20220922235000","1892","2","臺北市","中山區","121.555","25.080","2673"
"1449","396018","20220922235000","1421","1","臺北市","中山區","121.525","25.080","1473"
"181","396020","20220922235000","286","0","臺北市","中山區","121.535","25.080","183"
"1306","396021","20220922235000","1436","0","臺北市","中山區","121.540","25.080","1284"
"133","396022","20220922235000","291","0","臺北市","中山區","121.535","25.085","131"
"3292","396025","20220922235000","3320","0","新北市","蘆洲區","121.480","25.085","3363"
"978","396033","20220922235000","1404","0","新北市","泰山區","121.420","25.065","1019"
"417","396035","20220922235000","258","3","新北市","泰山區","121.440","25.065","448"
"59","396038","20220922235000","75","0","新北市","泰山區","121.410","25.070","57"
"88","396040","20220922235000","103","0","新北市","淡水區","121.460","25.145","105"
"2283","396044","20220922235000","2637","0","臺北市","大同區","121.510","25.065","2183"
"1636","396045","20220922235000","1735","0","臺北市","大同區","121.515","25.075","1739"
"3366","396046","20220922235000","2989","1","臺北市","大同區","121.510","25.060","3358"
"3983","396047","20220922235000","3999","0","臺北市","松山區","121.545","25.060","3996"
"5011","396048","20220922235000","6345","0","臺北市","中山區","121.525","25.060","5145"
"2276","396049","20220922235000","2692","0","新北市","蘆洲區","121.460","25.080","2333"
"3129","396050","20220922235000","2842","1","新北市","蘆洲區","121.475","25.085","3127"
"516","396053","20220922235000","472","1","新北市","貢寮區","121.920","25.050","551"
"39","396057","20220922235000","31","2","新北市","貢寮區","121.900","25.050","43"
"35","396059","20220922235000","37","0","新北市","貢寮區","121.890","25.055","29"
"105","396074","20220922235000","64","3","新北市","貢寮區","121.900","25.065","83"
"621","396088","20220922235000","373","3","新北市","瑞芳區","121.805","25.110","597"
"179","396089","20220922235000","88","3","新北市","瑞芳區","121.810","25.110","176"
"917","396099","20220922235000","1613","0","桃園市","龜山區","121.385","25.060","1126"
"1681","396100","20220922235000","2146","0","臺北市","中山區","121.540","25.055","1686"
"1730","396101","20220922235000","2185","0","臺北市","松山區","121.540","25.070","1753"
"982","396102","20220922235000","1223","0","臺北市","中山區","121.535","25.070","987"
"644","396103","20220922235000","378","3","臺北市","內湖區","121.615","25.075","645"
"3915","396104","20220922235000","4293","0","臺北市","內湖區","121.610","25.070","4018"
"3374","396105","20220922235000","3455","0","臺北市","北投區","121.500","25.140","3373"
"1771","396106","20220922235000","2449","0","臺北市","北投區","121.505","25.140","1776"
"479","396112","20220922235000","354","2","臺北市","北投區","121.485","25.115","490"
"58","396118","20220922235000","55","1","臺北市","北投區","121.485","25.120","64"
"1598","396121","20220922235000","1718","0","臺北市","北投區","121.500","25.120","1537"
"3227","396123","20220922235000","2197","2","臺北市","北投區","121.500","25.125","3327"
"3546","396124","20220922235000","3476","1","臺北市","北投區","121.510","25.115","3515"
"2833","396126","20220922235000","3410","0","臺北市","中山區","121.535","25.065","2785"
"1717","396127","20220922235000","2223","0","臺北市","中山區","121.550","25.085","1753"
"619","396128","20220922235000","972","0","臺北市","中山區","121.555","25.085","588"
"2217","396130","20220922235000","2478","0","新北市","三重區","121.505","25.065","2186"
"1937","396131","20220922235000","2836","0","臺北市","中山區","121.525","25.070","1917"
"2329","396132","20220922235000","2062","1","新北市","三重區","121.505","25.070","2228"
"327","396133","20220922235000","192","3","桃園市","蘆竹區","121.280","25.065","361"
"1228","396134","20220922235000","961","2","桃園市","蘆竹區","121.285","25.065","1148"
"650","396135","20220922235000","381","3","桃園市","蘆竹區","121.290","25.065","622"
"422","396136","20220922235000","345","2","桃園市","蘆竹區","121.275","25.070","444"
"442","396144","20220922235000","670","0","桃園市","龜山區","121.355","25.060","452"
"2636","396145","20220922235000","2624","1","桃園市","龜山區","121.365","25.060","2485"
"142","396146","20220922235000","130","1","桃園市","蘆竹區","121.340","25.065","155"
"384","396149","20220922235000","321","1","新北市","林口區","121.355","25.065","338"
"185","396150","20220922235000","134","2","桃園市","龜山區","121.355","25.055","179"
"884","396151","20220922235000","860","1","新北市","林口區","121.370","25.065","855"
"4519","396157","20220922235000","4897","0","臺北市","內湖區","121.620","25.070","4457"
"3725","396158","20220922235000","4097","0","臺北市","內湖區","121.595","25.080","3691"
"338","396159","20220922235000","595","0","臺北市","內湖區","121.600","25.080","362"
"48","396164","20220922235000","60","0","臺北市","北投區","121.505","25.150","38"
"729","396165","20220922235000","434","3","臺北市","北投區","121.505","25.125","721"
"1357","396166","20220922235000","931","2","臺北市","北投區","121.510","25.125","1372"
"1743","396168","20220922235000","1384","2","臺北市","北投區","121.505","25.130","1739"
"342","396170","20220922235000","392","0","臺北市","北投區","121.515","25.130","353"
"82","396172","20220922235000","50","3","臺北市","北投區","121.510","25.105","93"
"217","396173","20220922235000","302","0","臺北市","北投區","121.505","25.110","215"
"1064","396175","20220922235000","1188","0","臺北市","南港區","121.595","25.055","1026"
"769","396176","20220922235000","894","0","臺北市","南港區","121.600","25.050","745"
"915","396177","20220922235000","1207","0","臺北市","南港區","121.590","25.055","941"
"3374","396178","20220922235000","3494","0","臺北市","內湖區","121.595","25.060","3370"
"460","396179","20220922235000","649","0","臺北市","內湖區","121.600","25.060","472"
"58","396189","20220922235000","38","3","新北市","雙溪區","121.880","25.060","57"
"17","396205","20220922235000","10","3","新北市","雙溪區","121.845","25.060","22"
"30","396219","20220922235000","22","2","新北市","雙溪區","121.850","25.075","26"
"3072","396233","20220922235000","2664","1","桃園市","龜山區","121.360","25.060","2971"
"615","396237","20220922235000","617","0","臺北市","士林區","121.545","25.100","635"
"814","396238","20220922235000","788","1","臺北市","士林區","121.550","25.100","837"
"124","396243","20220922235000","118","1","臺北市","士林區","121.560","25.105","105"
"1716","396246","20220922235000","1522","1","臺北市","士林區","121.535","25.105","1739"
"72","396247","20220922235000","201","0","臺北市","士林區","121.545","25.110","79"
"963","396248","20220922235000","1046","0","臺北市","士林區","121.535","25.110","987"
"46","396249","20220922235000","80","0","臺北市","士林區","121.550","25.115","65"
"19","396253","20220922235000","18","1","臺北市","士林區","121.570","25.135","17"
"132","396255","20220922235000","103","2","臺北市","士林區","121.560","25.140","112"
"40","396258","20220922235000","80","0","臺北市","士林區","121.555","25.145","44"
"93","396259","20220922235000","129","0","臺北市","士林區","121.560","25.145","93"
"207","396260","20220922235000","212","0","臺北市","士林區","121.565","25.145","216"
"140","396262","20220922235000","194","0","臺北市","士林區","121.555","25.150","163"
"92","396263","20220922235000","94","0","臺北市","士林區","121.560","25.150","103"
"2340","396266","20220922235000","2589","0","臺北市","士林區","121.510","25.085","2302"
"3422","396267","20220922235000","4596","0","臺北市","北投區","121.520","25.110","3415"
"2019","396268","20220922235000","1748","1","臺北市","北投區","121.520","25.115","2025"
"1385","396269","20220922235000","1477","0","臺北市","北投區","121.520","25.105","1379"
"1744","396270","20220922235000","2267","0","臺北市","士林區","121.525","25.100","1756"
"32","396271","20220922235000","34","0","臺北市","士林區","121.545","25.130","39"
"1917","396273","20220922235000","1977","0","臺北市","士林區","121.540","25.135","1998"
"340","396274","20220922235000","261","2","臺北市","士林區","121.545","25.135","327"
"2274","396276","20220922235000","1944","1","臺北市","士林區","121.545","25.140","2217"
"250","396278","20220922235000","140","3","臺北市","士林區","121.550","25.145","253"
"2565","396280","20220922235000","1533","3","臺北市","士林區","121.530","25.100","2514"
"897","396281","20220922235000","1252","0","臺北市","士林區","121.535","25.100","862"
"1008","396282","20220922235000","776","2","臺北市","士林區","121.530","25.085","1006"
"27","396283","20220922235000","30","0","臺北市","士林區","121.530","25.090","29"
"1233","396285","20220922235000","1434","0","臺北市","士林區","121.530","25.095","1260"
"486","396286","20220922235000","594","0","臺北市","士林區","121.535","25.095","481"
"2168","396289","20220922235000","2337","0","臺北市","士林區","121.520","25.080","2191"
"1946","396290","20220922235000","1838","1","臺北市","士林區","121.525","25.085","1990"
"392","396294","20220922235000","508","0","臺北市","士林區","121.565","25.105","383"
"2391","396296","20220922235000","2586","0","臺北市","內湖區","121.575","25.075","2457"
"1254","396297","20220922235000","1135","1","臺北市","內湖區","121.575","25.085","1257"
"1449","396299","20220922235000","1436","1","臺北市","北投區","121.495","25.145","1443"
"4171","396301","20220922235000","4550","0","臺北市","士林區","121.525","25.115","4216"
"1092","396302","20220922235000","1173","0","臺北市","內湖區","121.575","25.055","1060"
"535","396303","20220922235000","571","0","臺北市","內湖區","121.575","25.060","523"
"358","396304","20220922235000","435","0","臺北市","內湖區","121.585","25.055","399"
"743","396305","20220922235000","983","0","臺北市","內湖區","121.580","25.065","766"
"398","396306","20220922235000","379","1","臺北市","內湖區","121.575","25.065","383"
"798","396307","20220922235000","881","0","臺北市","內湖區","121.575","25.070","804"
"665","396308","20220922235000","866","0","臺北市","內湖區","121.585","25.065","671"
"280","396309","20220922235000","524","0","臺北市","中山區","121.570","25.075","296"
"1228","396310","20220922235000","1309","0","臺北市","內湖區","121.580","25.070","1270"
"133","396311","20220922235000","96","2","臺北市","內湖區","121.585","25.080","144"
"2361","396312","20220922235000","3324","0","臺北市","內湖區","121.590","25.080","2438"
"851","396313","20220922235000","927","0","臺北市","內湖區","121.585","25.085","811"
"672","396314","20220922235000","678","0","臺北市","內湖區","121.595","25.065","704"
"1181","396315","20220922235000","1412","0","臺北市","內湖區","121.600","25.065","1204"
"1233","396316","20220922235000","2272","0","臺北市","內湖區","121.595","25.070","1277"
"1228","396317","20220922235000","1229","0","臺北市","內湖區","121.600","25.070","1183"
"204","396318","20220922235000","163","2","桃園市","大園區","121.200","25.060","214"
"285","396320","20220922235000","224","2","桃園市","大園區","121.200","25.065","293"
"317","396322","20220922235000","253","2","桃園市","大園區","121.200","25.070","298"
"101","396333","20220922235000","226","0","桃園市","大園區","121.230","25.095","93"
"142","396335","20220922235000","103","2","桃園市","大園區","121.210","25.100","152"
"270","396349","20220922235000","245","1","桃園市","大園區","121.230","25.110","298"
"1778","396355","20220922235000","1955","0","臺北市","北投區","121.505","25.120","1917"
"3090","396356","20220922235000","2998","1","臺北市","北投區","121.510","25.120","3135"
"451","396357","20220922235000","424","1","臺北市","北投區","121.510","25.135","467"
"668","396358","20220922235000","406","3","臺北市","北投區","121.515","25.135","618"
"279","396360","20220922235000","215","2","臺北市","北投區","121.510","25.140","319"
"253","396361","20220922235000","591","0","臺北市","北投區","121.515","25.140","250"
"182","396363","20220922235000","177","1","臺北市","北投區","121.525","25.145","172"
"1013","396366","20220922235000","1163","0","臺北市","北投區","121.485","25.135","1006"
"1999","396368","20220922235000","1663","2","臺北市","北投區","121.485","25.140","1981"
"2773","396370","20220922235000","3000","0","臺北市","士林區","121.525","25.105","2814"
"3581","396371","20220922235000","4083","0","臺北市","士林區","121.530","25.105","3628"
"3105","396372","20220922235000","3071","1","臺北市","北投區","121.515","25.110","3074"
"2176","396373","20220922235000","2509","0","臺北市","士林區","121.520","25.100","2147"
"1541","396376","20220922235000","2678","0","臺北市","士林區","121.530","25.125","1604"
"541","396377","20220922235000","765","0","臺北市","北投區","121.525","25.130","530"
"1038","396378","20220922235000","1030","1","臺北市","北投區","121.530","25.130","1022"
"26","396380","20220922235000","31","0","臺北市","士林區","121.530","25.135","38"
"2757","396382","20220922235000","3045","0","臺北市","北投區","121.515","25.115","2811"
"695","396383","20220922235000","1266","0","臺北市","北投區","121.515","25.120","725"
"1934","396384","20220922235000","2021","0","臺北市","北投區","121.520","25.120","1896"
"4153","396385","20220922235000","3969","1","臺北市","北投區","121.525","25.120","4077"
"562","396395","20220922235000","531","1","臺北市","松山區","121.545","25.070","555"
"473","396397","20220922235000","277","3","臺北市","中山區","121.540","25.065","588"
"917","396398","20220922235000","782","1","臺北市","中山區","121.535","25.075","895"
"776","396399","20220922235000","525","2","臺北市","松山區","121.550","25.075","785"
"3639","396400","20220922235000","4012","0","臺北市","中山區","121.545","25.080","3570"
"1154","396401","20220922235000","979","1","臺北市","中山區","121.545","25.085","1115"
"1624","396404","20220922235000","1427","1","臺北市","北投區","121.495","25.140","1608"
"988","396405","20220922235000","2453","0","臺北市","北投區","121.515","25.105","1030"
"5076","396406","20220922235000","6214","0","臺北市","中山區","121.525","25.065","5131"
"3840","396407","20220922235000","4751","0","臺北市","士林區","121.535","25.115","3781"
"1546","396408","20220922235000","2109","0","臺北市","士林區","121.525","25.090","1550"
"1025","396409","20220922235000","782","2","臺北市","士林區","121.560","25.115","980"
"464","396410","20220922235000","498","0","臺北市","士林區","121.560","25.120","435"
"147","396412","20220922235000","182","0","臺北市","士林區","121.560","25.125","165"
"182","396416","20220922235000","263","0","臺北市","士林區","121.560","25.135","198"
"4411","396417","20220922235000","5486","0","臺北市","士林區","121.520","25.085","4478"
"2653","396418","20220922235000","3439","0","臺北市","內湖區","121.580","25.080","2728"
"1205","396419","20220922235000","1192","1","臺北市","內湖區","121.580","25.085","1175"
"359","396422","20220922235000","459","0","桃園市","大園區","121.240","25.065","364"
"22","396424","20220922235000","31","0","桃園市","大園區","121.250","25.065","28"
"25","396433","20220922235000","218","0","桃園市","大園區","121.255","25.070","33"
"298","396435","20220922235000","305","0","桃園市","大園區","121.185","25.070","309"
"369","396436","20220922235000","354","1","桃園市","大園區","121.190","25.070","389"
"901","396438","20220922235000","704","2","桃園市","大園區","121.175","25.075","942"
"393","396439","20220922235000","519","0","桃園市","大園區","121.180","25.075","394"
"494","396440","20220922235000","481","1","桃園市","大園區","121.185","25.075","515"
"138","396443","20220922235000","147","0","桃園市","大園區","121.180","25.080","119"
"330","396447","20220922235000","255","2","桃園市","大園區","121.185","25.085","317"
"363","396462","20220922235000","291","2","桃園市","大園區","121.160","25.075","388"
"274","396471","20220922235000","215","2","桃園市","大園區","121.165","25.060","259"
"301","396472","20220922235000","319","0","桃園市","大園區","121.170","25.060","314"
"948","396473","20220922235000","867","1","桃園市","大園區","121.175","25.060","918"
"729","396496","20220922235000","599","2","桃園市","大園區","121.210","25.060","679"
"115","396505","20220922235000","74","3","桃園市","大園區","121.220","25.070","100"
"2025","396517","20220922235000","1116","3","桃園市","大園區","121.230","25.075","1871"
"180","396518","20220922235000","244","0","桃園市","大園區","121.235","25.075","287"
"514","396524","20220922235000","515","0","桃園市","大園區","121.235","25.080","553"
"391","396531","20220922235000","367","1","桃園市","大園區","121.240","25.085","379"
"134","396532","20220922235000","102","2","桃園市","大園區","121.245","25.085","140"
"621","396533","20220922235000","605","1","桃園市","大園區","121.250","25.085","603"
"843","396537","20220922235000","359","3","桃園市","大園區","121.245","25.090","845"
"506","396541","20220922235000","427","1","桃園市","大園區","121.240","25.100","469"
"1642","396542","20220922235000","1457","1","桃園市","大園區","121.195","25.065","1705"
"1853","396543","20220922235000","1886","0","桃園市","大園區","121.195","25.070","1817"
"133","396549","20220922235000","276","0","桃園市","大園區","121.235","25.065","118"
"233","396555","20220922235000","360","0","桃園市","大園區","121.200","25.085","248"
"280","396560","20220922235000","255","1","桃園市","大園區","121.225","25.090","232"
"3393","396561","20220922235000","3913","0","臺北市","士林區","121.520","25.095","3432"
"919","396562","20220922235000","1136","0","臺北市","南港區","121.600","25.055","944"
"3275","396563","20220922235000","3687","0","臺北市","南港區","121.605","25.055","3304"
"46","396564","20220922235000","49","0","臺北市","內湖區","121.615","25.080","40"
"1721","396567","20220922235000","2267","0","臺北市","內湖區","121.615","25.070","1732"
"2617","396568","20220922235000","3074","0","臺北市","內湖區","121.590","25.065","2575"
"82","396569","20220922235000","80","1","臺北市","內湖區","121.585","25.070","77"
"2055","396570","20220922235000","1526","2","臺北市","內湖區","121.590","25.070","2074"
"322","396571","20220922235000","497","0","臺北市","北投區","121.500","25.145","325"
"872","396572","20220922235000","1008","0","臺北市","內湖區","121.620","25.075","886"
"281","396574","20220922235000","226","2","新北市","汐止區","121.625","25.080","294"
"107","396576","20220922235000","102","1","臺北市","內湖區","121.625","25.085","90"
"19","396587","20220922235000","39","0","臺北市","內湖區","121.610","25.100","19"
"1154","396590","20220922235000","1268","0","臺北市","內湖區","121.610","25.065","1080"
"470","396592","20220922235000","599","0","臺北市","內湖區","121.605","25.085","501"
"1191","396594","20220922235000","1495","0","臺北市","內湖區","121.600","25.090","1203"
"2990","396603","20220922235000","3255","0","臺北市","北投區","121.500","25.130","2962"
"795","396604","20220922235000","841","0","新北市","汐止區","121.620","25.055","761"
"3469","396605","20220922235000","3994","0","臺北市","士林區","121.505","25.085","3437"
"1222","396606","20220922235000","1700","0","臺北市","士林區","121.515","25.085","1184"
"1035","396607","20220922235000","1119","0","臺北市","內湖區","121.590","25.085","1053"
"2208","396608","20220922235000","2240","0","臺北市","內湖區","121.595","25.085","2220"
"2500","396609","20220922235000","2165","1","臺北市","內湖區","121.575","25.080","2411"
"1496","396611","20220922235000","1661","0","臺北市","北投區","121.470","25.125","1496"
"197","396612","20220922235000","307","0","臺北市","北投區","121.475","25.125","204"
"1806","396615","20220922235000","1960","0","臺北市","北投區","121.465","25.130","1801"
"1030","396616","20220922235000","920","1","臺北市","北投區","121.470","25.130","966"
"127","396617","20220922235000","185","0","臺北市","北投區","121.475","25.130","138"
"1733","396619","20220922235000","1772","0","臺北市","北投區","121.470","25.135","1739"
"59","396620","20220922235000","42","2","臺北市","北投區","121.475","25.135","65"
"22","396621","20220922235000","20","1","臺北市","北投區","121.475","25.140","21"
"159","396622","20220922235000","158","1","臺北市","南港區","121.610","25.055","174"
"783","396623","20220922235000","601","2","臺北市","內湖區","121.605","25.065","872"
"4535","396624","20220922235000","5156","0","臺北市","中山區","121.520","25.060","4503"
"204","396625","20220922235000","327","0","臺北市","中山區","121.530","25.075","232"
"453","396626","20220922235000","599","0","臺北市","內湖區","121.570","25.065","457"
"1102","396628","20220922235000","1109","0","臺北市","松山區","121.550","25.070","1093"
"165","396629","20220922235000","228","0","臺北市","松山區","121.555","25.070","186"
"177","396630","20220922235000","173","1","臺北市","松山區","121.560","25.070","154"
"143","396633","20220922235000","2207","0","臺北市","松山區","121.555","25.055","155"
"2579","396634","20220922235000","5123","0","臺北市","松山區","121.570","25.055","2578"
"2240","396635","20220922235000","2085","1","臺北市","士林區","121.530","25.115","2201"
"17","396636","20220922235000","329","0","臺北市","士林區","121.495","25.095","24"
"1734","396637","20220922235000","1754","0","臺北市","士林區","121.500","25.095","1686"
"234","396639","20220922235000","305","0","臺北市","士林區","121.490","25.100","266"
"119","396643","20220922235000","116","1","臺北市","士林區","121.480","25.110","107"
"248","396644","20220922235000","317","0","臺北市","士林區","121.495","25.110","248"
"2589","396647","20220922235000","3413","0","臺北市","松山區","121.550","25.060","2668"
"3391","396648","20220922235000","3932","0","臺北市","松山區","121.555","25.060","3393"
"376","396649","20220922235000","463","0","臺北市","松山區","121.560","25.065","374"
"1596","396650","20220922235000","2047","0","臺北市","松山區","121.555","25.065","1528"
"1251","396651","20220922235000","1219","1","臺北市","中山區","121.545","25.075","1257"
"73","396655","20220922235000","175","0","臺北市","內湖區","121.605","25.080","62"
"2854","396656","20220922235000","2145","2","臺北市","內湖區","121.600","25.085","2809"
"3620","396657","20220922235000","3212","1","臺北市","松山區","121.550","25.065","3767"
"1471","396658","20220922235000","1623","0","臺北市","松山區","121.545","25.065","1424"
"3467","396659","20220922235000","4348","0","臺北市","松山區","121.565","25.055","3393"
"4062","396660","20220922235000","4293","0","臺北市","松山區","121.560","25.060","3984"
"312","396661","20220922235000","1345","0","臺北市","內湖區","121.570","25.060","298"
"2555","396662","20220922235000","2696","0","臺北市","松山區","121.565","25.060","2502"
"252","396663","20220922235000","262","0","臺北市","中山區","121.560","25.075","275"
"87","396665","20220922235000","84","1","臺北市","松山區","121.570","25.070","96"
"2543","396666","20220922235000","2960","0","臺北市","中山區","121.560","25.080","2562"
"3793","396667","20220922235000","5170","0","臺北市","松山區","121.550","25.055","3834"
"434","396669","20220922235000","615","0","臺北市","士林區","121.535","25.125","452"
"174","396672","20220922235000","182","0","臺北市","士林區","121.535","25.135","160"
"4605","396674","20220922235000","3644","2","臺北市","士林區","121.530","25.120","4556"
"5499","396675","20220922235000","5584","0","臺北市","士林區","121.530","25.110","5627"
"2295","396676","20220922235000","4507","0","臺北市","松山區","121.545","25.055","2403"
"3965","396677","20220922235000","3637","1","臺北市","松山區","121.560","25.055","3894"
"3175","396678","20220922235000","3591","0","臺北市","內湖區","121.580","25.075","3182"
"953","396680","20220922235000","1267","0","臺北市","內湖區","121.590","25.060","925"
"3599","396683","20220922235000","3436","1","臺北市","內湖區","121.590","25.090","3654"
"87","396684","20220922235000","23","3","臺北市","內湖區","121.595","25.090","110"
"42","396688","20220922235000","163","0","臺北市","內湖區","121.590","25.100","63"
"134","396690","20220922235000","172","0","臺北市","內湖區","121.580","25.105","149"
"108","396693","20220922235000","108","1","臺北市","內湖區","121.595","25.105","110"
"2262","396701","20220922235000","3529","0","臺北市","北投區","121.495","25.135","2262"
"255","396703","20220922235000","181","2","臺北市","北投區","121.505","25.100","271"
"196","396707","20220922235000","263","0","臺北市","北投區","121.500","25.110","206"
"102","396710","20220922235000","103","0","臺北市","北投區","121.530","25.140","77"
"87","396716","20220922235000","121","0","臺北市","北投區","121.535","25.150","103"
"422","396719","20220922235000","506","0","臺北市","士林區","121.555","25.115","414"
"211","396722","20220922235000","230","0","臺北市","士林區","121.550","25.125","231"
"2308","396727","20220922235000","2611","0","臺北市","士林區","121.510","25.080","2374"
"181","396731","20220922235000","278","0","臺北市","士林區","121.480","25.105","208"
"459","396732","20220922235000","413","1","臺北市","士林區","121.485","25.105","440"
"218","396735","20220922235000","707","0","臺北市","北投區","121.470","25.110","226"
"113","396737","20220922235000","128","0","臺北市","士林區","121.485","25.110","117"
"92","396739","20220922235000","54","3","臺北市","士林區","121.460","25.110","68"
"4206","396740","20220922235000","3842","1","臺北市","大同區","121.515","25.060","4169"
"2248","396741","20220922235000","2855","0","臺北市","中山區","121.520","25.065","2238"
"1053","396742","20220922235000","1463","0","臺北市","內湖區","121.615","25.065","1079"
"3290","396743","20220922235000","2788","1","臺北市","內湖區","121.605","25.070","3214"
"192","396744","20220922235000","409","0","臺北市","內湖區","121.605","25.075","183"
"2979","396745","20220922235000","3176","0","臺北市","內湖區","121.610","25.075","2982"
"952","396746","20220922235000","737","2","臺北市","內湖區","121.585","25.090","926"
"1441","396754","20220922235000","1444","0","臺北市","南港區","121.610","25.060","1614"
"823","396755","20220922235000","835","0","臺北市","南港區","121.620","25.060","906"
"2111","396756","20220922235000","2415","0","臺北市","南港區","121.615","25.060","2188"
"3391","396758","20220922235000","3520","0","臺北市","南港區","121.615","25.055","3423"
"2158","396759","20220922235000","1794","2","臺北市","北投區","121.505","25.145","2074"
"420","396762","20220922235000","658","0","臺北市","北投區","121.465","25.115","420"
"3673","396765","20220922235000","2731","2","臺北市","北投區","121.465","25.120","3767"
"857","396766","20220922235000","956","0","臺北市","北投區","121.470","25.120","919"
"2368","396767","20220922235000","2531","0","臺北市","士林區","121.525","25.095","2355"
"2179","396768","20220922235000","1752","2","臺北市","士林區","121.505","25.090","2175"
"1987","396769","20220922235000","1288","3","臺北市","士林區","121.510","25.090","1976"
"693","396771","20220922235000","902","0","新北市","三重區","121.500","25.075","710"
"3637","396773","20220922235000","4035","0","臺北市","內湖區","121.585","25.075","3629"
"1577","396774","20220922235000","1628","0","臺北市","內湖區","121.590","25.075","1529"
"1129","396775","20220922235000","1116","1","臺北市","內湖區","121.595","25.075","1122"
"884","396776","20220922235000","1175","0","臺北市","內湖區","121.600","25.075","784"
"3937","396777","20220922235000","4792","0","臺北市","中山區","121.535","25.060","3949"
"2075","396778","20220922235000","2510","0","臺北市","大同區","121.515","25.070","1993"
"1950","396779","20220922235000","2349","0","臺北市","大同區","121.515","25.065","1951"
"2955","396781","20220922235000","3682","0","臺北市","北投區","121.510","25.110","2921"
"2197","396785","20220922235000","2329","0","臺北市","北投區","121.490","25.145","2105"
"2361","396788","20220922235000","2905","0","臺北市","北投區","121.505","25.115","2369"
"533","396789","20220922235000","552","0","臺北市","北投區","121.515","25.100","526"
"2303","396790","20220922235000","2858","0","臺北市","士林區","121.525","25.110","2260"
"1530","396791","20220922235000","1408","1","臺北市","中山區","121.520","25.070","1477"
"1953","396792","20220922235000","1869","1","臺北市","大同區","121.520","25.075","1919"
"13","396793","20220922235000","551","0","臺北市","士林區","121.515","25.080","17"
"537","396794","20220922235000","629","0","臺北市","內湖區","121.605","25.060","477"
"2425","396798","20220922235000","2190","1","臺北市","內湖區","121.585","25.060","2342"
"3959","396799","20220922235000","3950","1","臺北市","北投區","121.505","25.135","3956"
"45","396802","20220922235000","48","0","臺北市","士林區","121.575","25.120","52"
"27","396803","20220922235000","28","0","臺北市","士林區","121.570","25.125","20"
"232","396804","20220922235000","189","2","臺北市","士林區","121.575","25.125","258"
"15","396806","20220922235000","32","0","臺北市","士林區","121.570","25.130","27"
"205","396807","20220922235000","319","0","臺北市","士林區","121.575","25.130","193"
"34","396809","20220922235000","25","2","臺北市","士林區","121.575","25.135","35"
"62","396812","20220922235000","54","1","臺北市","士林區","121.580","25.140","55"
"582","396819","20220922235000","645","0","臺北市","士林區","121.515","25.090","578"
"4441","396820","20220922235000","4541","0","臺北市","士林區","121.520","25.090","4323"
"1331","396821","20220922235000","1270","1","臺北市","士林區","121.515","25.095","1264"
"2934","396822","20220922235000","2356","2","臺北市","北投區","121.500","25.135","2898"
"1484","396823","20220922235000","1175","2","臺北市","士林區","121.525","25.075","1533"
"1098","396824","20220922235000","1557","0","臺北市","士林區","121.540","25.110","1109"
"617","396826","20220922235000","502","2","臺北市","士林區","121.545","25.115","606"
"281","396828","20220922235000","217","2","臺北市","士林區","121.540","25.125","294"
"876","396831","20220922235000","836","1","臺北市","士林區","121.505","25.095","855"
"1109","396832","20220922235000","467","3","臺北市","士林區","121.540","25.095","1070"
"819","396833","20220922235000","634","2","臺北市","士林區","121.545","25.105","786"
"313","396834","20220922235000","331","0","臺北市","士林區","121.540","25.105","295"
"148","396839","20220922235000","132","1","臺北市","士林區","121.560","25.110","140"
"67","396841","20220922235000","42","3","臺北市","士林區","121.570","25.110","53"
"135","396848","20220922235000","120","1","臺北市","士林區","121.580","25.115","130"
"54","396852","20220922235000","61","0","臺北市","士林區","121.580","25.120","50"
"77","396853","20220922235000","102","0","臺北市","士林區","121.585","25.120","81"
"339","396856","20220922235000","212","3","新北市","汐止區","121.600","25.120","349"
"1639","396878","20220922235000","2133","0","臺北市","內湖區","121.580","25.055","1657"
"2572","396879","20220922235000","2576","0","臺北市","內湖區","121.580","25.060","2558"
"854","396880","20220922235000","1104","0","臺北市","內湖區","121.565","25.090","857"
"2862","396884","20220922235000","3493","0","臺北市","內湖區","121.565","25.080","2903"
"1343","396885","20220922235000","1380","0","臺北市","內湖區","121.560","25.085","1380"
"3538","396886","20220922235000","3366","1","臺北市","內湖區","121.565","25.085","3528"
"629","396888","20220922235000","772","0","臺北市","內湖區","121.560","25.090","669"
"1575","396890","20220922235000","1724","0","臺北市","內湖區","121.570","25.080","1653"
"2393","396891","20220922235000","2281","1","臺北市","內湖區","121.570","25.085","2453"
"2802","396892","20220922235000","3585","0","臺北市","松山區","121.570","25.050","2715"
"1152","396893","20220922235000","1278","0","臺北市","松山區","121.565","25.065","1160"
"260","398951","20220922235000","165","3","新北市","八里區","121.390","25.165","300"
"76","398956","20220922235000","52","2","基隆市","安樂區","121.710","25.165","65"
"67","399938","20220922235000","74","0","基隆市","安樂區","121.710","25.175","74"
"17","402902","20220922235000","26","0","新北市","萬里區","121.680","25.200","18"
"512","403910","20220922235000","401","2","新北市","萬里區","121.700","25.210","501"
"130","406949","20220922235000","112","1","新北市","金山區","121.635","25.240","143"
"40","409009","20220922235000","42","0","新北市","金山區","121.635","25.255","33"
"96","409527","20220922235000","109","0","新北市","三芝區","121.475","25.260","104"
"481","413221","20220922235000","539","0","新北市","石門區","121.565","25.290","474"
"81","413767","20220922235000","86","0","新北市","石門區","121.580","25.295","75"
"177","414894","20220922235000","79","3","基隆市","中正區","121.765","25.145","220"
"400","414895","20220922235000","441","0","基隆市","中正區","121.770","25.155","405"
"542","414896","20220922235000","531","1","基隆市","中正區","121.765","25.155","484"
"116","414897","20220922235000","64","3","基隆市","中正區","121.765","25.160","142"
"323","414900","20220922235000","555","0","基隆市","中正區","121.780","25.145","310"
"765","414901","20220922235000","742","1","基隆市","中正區","121.775","25.150","737"
"162","414906","20220922235000","167","0","基隆市","安樂區","121.695","25.150","162"
"479","414907","20220922235000","462","1","基隆市","安樂區","121.700","25.150","498"
"1142","414909","20220922235000","1042","1","基隆市","安樂區","121.695","25.155","1078"
"391","414910","20220922235000","372","1","基隆市","安樂區","121.700","25.155","384"
"355","414912","20220922235000","183","3","基隆市","安樂區","121.695","25.160","345"
"24","414913","20220922235000","186","0","基隆市","安樂區","121.700","25.160","26"
"225","414921","20220922235000","230","0","基隆市","中山區","121.750","25.145","228"
"1355","414923","20220922235000","1382","0","基隆市","中山區","121.720","25.150","1343"
"236","414929","20220922235000","212","1","基隆市","中山區","121.745","25.150","232"
"915","414936","20220922235000","1054","0","新北市","三芝區","121.495","25.250","833"
"191","414948","20220922235000","243","0","新北市","三芝區","121.490","25.270","163"
"796","414949","20220922235000","684","1","基隆市","中山區","121.740","25.150","778"
"202","414951","20220922235000","202","1","基隆市","中山區","121.740","25.155","193"
"152","414985","20220922235000","308","0","新北市","三芝區","121.510","25.215","477"
"82","415028","20220922235000","72","1","新北市","三芝區","121.530","25.230","75"
"2126","415040","20220922235000","1863","1","新北市","三芝區","121.505","25.255","1999"
"553","415041","20220922235000","525","1","新北市","三芝區","121.505","25.260","499"
"2472","415044","20220922235000","2323","1","新北市","三芝區","121.500","25.255","2574"
"251","415063","20220922235000","132","3","新北市","三芝區","121.505","25.205","266"
"1542","415070","20220922235000","1922","0","基隆市","中正區","121.770","25.150","1597"
"16","415072","20220922235000","16","1","基隆市","中山區","121.730","25.150","13"
"145","415078","20220922235000","133","1","新北市","三芝區","121.465","25.240","135"
"240","415083","20220922235000","239","1","新北市","三芝區","121.455","25.245","237"
"115","415087","20220922235000","74","3","新北市","三芝區","121.475","25.245","130"
"148","415093","20220922235000","137","1","新北市","三芝區","121.465","25.250","123"
"268","415100","20220922235000","277","0","新北市","三芝區","121.475","25.250","282"
"67","415103","20220922235000","70","0","新北市","三芝區","121.505","25.265","67"
"1885","415124","20220922235000","639","3","新北市","三芝區","121.535","25.245","2012"
"142","415149","20220922235000","99","2","新北市","三芝區","121.520","25.225","117"
"390","415181","20220922235000","250","3","新北市","三芝區","121.500","25.210","298"
"235","415188","20220922235000","482","0","新北市","三芝區","121.510","25.255","319"
"149","415196","20220922235000","128","1","新北市","三芝區","121.495","25.235","186"
"18","415202","20220922235000","16","1","新北市","三芝區","121.490","25.245","14"
"346","415205","20220922235000","389","0","新北市","三芝區","121.495","25.245","316"
"328","415211","20220922235000","320","1","基隆市","中山區","121.735","25.150","314"
"292","415212","20220922235000","130","3","基隆市","中山區","121.730","25.155","318"
"403","415214","20220922235000","404","0","基隆市","中正區","121.785","25.145","370"
"257","415224","20220922235000","344","0","新北市","八里區","121.415","25.155","236"
"1546","415226","20220922235000","1491","1","新北市","八里區","121.415","25.160","1502"
"672","415229","20220922235000","671","1","新北市","八里區","121.420","25.160","647"
"103","415237","20220922235000","71","2","新北市","八里區","121.440","25.155","109"
"337","415239","20220922235000","310","1","新北市","八里區","121.430","25.155","341"
"185","415242","20220922235000","202","0","新北市","八里區","121.430","25.160","166"
"226","415250","20220922235000","271","0","新北市","八里區","121.395","25.160","179"
"225","415252","20220922235000","231","0","新北市","八里區","121.405","25.155","237"
"274","415257","20220922235000","311","0","新北市","萬里區","121.675","25.180","266"
"22","415259","20220922235000","57","0","新北市","萬里區","121.685","25.180","16"
"457","415264","20220922235000","356","2","新北市","萬里區","121.640","25.210","437"
"51","415271","20220922235000","45","1","新北市","萬里區","121.645","25.150","49"
"119","415286","20220922235000","94","2","新北市","萬里區","121.665","25.160","100"
"46","415301","20220922235000","45","1","新北市","萬里區","121.625","25.150","52"
"59","415357","20220922235000","46","2","新北市","萬里區","121.620","25.200","134"
"219","415363","20220922235000","245","0","新北市","萬里區","121.650","25.200","229"
"1123","415369","20220922235000","982","1","新北市","萬里區","121.690","25.175","1085"
"687","415372","20220922235000","628","1","新北市","萬里區","121.690","25.180","685"
"2661","415375","20220922235000","2554","1","新北市","淡水區","121.440","25.175","2671"
"410","415378","20220922235000","478","0","新北市","淡水區","121.450","25.160","423"
"1391","415379","20220922235000","1226","1","新北市","淡水區","121.455","25.160","1414"
"604","415380","20220922235000","770","0","新北市","淡水區","121.460","25.160","622"
"744","415383","20220922235000","643","1","新北市","淡水區","121.450","25.165","759"
"38","415391","20220922235000","23","3","新北市","淡水區","121.430","25.205","58"
"30","415394","20220922235000","81","0","新北市","淡水區","121.445","25.205","41"
"239","415395","20220922235000","282","0","新北市","淡水區","121.450","25.205","234"
"181","415396","20220922235000","137","2","新北市","淡水區","121.455","25.205","189"
"29","415398","20220922235000","23","2","新北市","淡水區","121.440","25.210","34"
"192","415408","20220922235000","285","0","新北市","淡水區","121.460","25.215","224"
"58","415409","20220922235000","55","1","新北市","淡水區","121.465","25.215","58"
"361","415412","20220922235000","311","1","新北市","淡水區","121.450","25.220","362"
"12","415437","20220922235000","21","0","新北市","石門區","121.580","25.245","12"
"84","415462","20220922235000","35","3","新北市","石門區","121.530","25.285","81"
"86","415465","20220922235000","122","0","新北市","石門區","121.535","25.290","74"
"450","415468","20220922235000","398","1","新北市","石門區","121.540","25.290","437"
"139","415521","20220922235000","181","0","新北市","石門區","121.550","25.285","140"
"234","415532","20220922235000","295","0","新北市","石門區","121.515","25.275","228"
"13","415541","20220922235000","12","1","新北市","石門區","121.515","25.285","13"
"296","415546","20220922235000","83","3","新北市","石門區","121.570","25.255","243"
"114","415568","20220922235000","169","0","新北市","石門區","121.550","25.255","123"
"56","415594","20220922235000","66","0","新北市","石門區","121.595","25.270","65"
"26","415595","20220922235000","26","1","新北市","石門區","121.590","25.275","25"
"60","415599","20220922235000","62","0","新北市","石門區","121.590","25.285","57"
"69","415623","20220922235000","20","3","新北市","石門區","121.600","25.280","34"
"120","415625","20220922235000","105","1","新北市","石門區","121.610","25.280","116"
"29","415630","20220922235000","37","0","新北市","萬里區","121.685","25.165","42"
"16","415649","20220922235000","14","1","新北市","萬里區","121.655","25.200","22"
"809","415654","20220922235000","662","2","新北市","萬里區","121.690","25.200","682"
"62","415655","20220922235000","53","1","新北市","萬里區","121.655","25.205","51"
"78","415656","20220922235000","77","1","新北市","萬里區","121.660","25.205","85"
"279","415657","20220922235000","156","3","新北市","萬里區","121.690","25.205","247"
"32","415664","20220922235000","20","3","新北市","淡水區","121.465","25.175","28"
"75","415674","20220922235000","92","0","新北市","淡水區","121.520","25.175","91"
"66","415676","20220922235000","80","0","新北市","淡水區","121.480","25.180","60"
"161","415677","20220922235000","122","2","新北市","淡水區","121.485","25.180","164"
"130","415685","20220922235000","95","2","新北市","淡水區","121.470","25.185","133"
"36","415687","20220922235000","94","0","新北市","淡水區","121.480","25.185","34"
"416","415688","20220922235000","592","0","新北市","淡水區","121.485","25.185","447"
"156","415696","20220922235000","152","1","新北市","淡水區","121.475","25.190","130"
"210","415697","20220922235000","104","3","新北市","淡水區","121.490","25.190","205"
"15","415699","20220922235000","14","1","新北市","淡水區","121.500","25.190","23"
"697","415701","20220922235000","1304","0","新北市","淡水區","121.440","25.180","703"
"191","415706","20220922235000","277","0","新北市","淡水區","121.485","25.165","218"
"80","415713","20220922235000","77","1","新北市","淡水區","121.485","25.170","71"
"141","415717","20220922235000","131","1","新北市","淡水區","121.485","25.175","143"
"28","415718","20220922235000","427","0","新北市","淡水區","121.415","25.180","58"
"53","415720","20220922235000","50","1","新北市","淡水區","121.410","25.185","47"
"1838","415722","20220922235000","1544","1","新北市","淡水區","121.420","25.185","1871"
"1084","415723","20220922235000","1198","0","新北市","淡水區","121.425","25.185","1047"
"1045","415724","20220922235000","1365","0","新北市","淡水區","121.430","25.185","1063"
"597","415730","20220922235000","386","3","新北市","淡水區","121.430","25.190","673"
"57","415731","20220922235000","19","3","新北市","淡水區","121.420","25.195","51"
"929","415732","20220922235000","699","2","新北市","淡水區","121.425","25.195","923"
"583","415734","20220922235000","575","1","新北市","淡水區","121.420","25.175","563"
"174","415735","20220922235000","108","3","新北市","淡水區","121.425","25.175","177"
"32","415737","20220922235000","37","0","新北市","淡水區","121.430","25.180","31"
"63","415738","20220922235000","33","3","新北市","淡水區","121.475","25.210","53"
"28","415743","20220922235000","22","2","新北市","淡水區","121.475","25.215","29"
"65","415744","20220922235000","41","3","新北市","淡水區","121.480","25.215","57"
"154","415745","20220922235000","222","0","新北市","淡水區","121.485","25.215","141"
"54","415753","20220922235000","127","0","新北市","淡水區","121.445","25.225","40"
"139","415754","20220922235000","234","0","新北市","淡水區","121.450","25.225","146"
"168","415755","20220922235000","186","0","新北市","淡水區","121.455","25.225","155"
"30","415761","20220922235000","52","0","新北市","淡水區","121.445","25.230","36"
"170","415762","20220922235000","127","2","新北市","淡水區","121.450","25.230","190"
"112","415775","20220922235000","100","1","新北市","萬里區","121.635","25.165","118"
"93","415799","20220922235000","51","3","新北市","萬里區","121.650","25.175","106"
"244","415830","20220922235000","245","0","新北市","萬里區","121.685","25.190","241"
"164","415832","20220922235000","107","3","新北市","萬里區","121.680","25.195","162"
"232","415838","20220922235000","192","2","新北市","淡水區","121.430","25.175","215"
"1648","415839","20220922235000","1779","0","新北市","淡水區","121.435","25.175","1610"
"1994","415840","20220922235000","2378","0","新北市","淡水區","121.435","25.180","1992"
"485","415841","20220922235000","436","1","新北市","淡水區","121.435","25.170","492"
"18","415849","20220922235000","14","2","新北市","淡水區","121.485","25.230","16"
"193","415852","20220922235000","165","1","新北市","三芝區","121.480","25.235","190"
"3320","415853","20220922235000","2904","1","新北市","淡水區","121.445","25.175","3265"
"3315","415854","20220922235000","4820","0","新北市","淡水區","121.450","25.175","3848"
"2231","415857","20220922235000","2257","0","新北市","淡水區","121.460","25.155","2153"
"1194","415860","20220922235000","1068","1","新北市","淡水區","121.455","25.155","1300"
"226","415861","20220922235000","947","0","新北市","淡水區","121.465","25.160","272"
"188","415870","20220922235000","84","3","新北市","金山區","121.615","25.240","132"
"51","415905","20220922235000","51","1","新北市","金山區","121.590","25.235","39"
"1913","415910","20220922235000","2637","0","新北市","淡水區","121.445","25.180","1954"
"2375","415911","20220922235000","2854","0","新北市","淡水區","121.450","25.180","2350"
"31","415912","20220922235000","177","0","新北市","淡水區","121.455","25.180","36"
"1144","415916","20220922235000","1780","0","新北市","淡水區","121.445","25.185","1134"
"1495","415921","20220922235000","1709","0","新北市","淡水區","121.455","25.175","1533"
"2550","415922","20220922235000","2745","0","新北市","淡水區","121.440","25.170","2515"
"200","415924","20220922235000","147","2","新北市","淡水區","121.485","25.155","164"
"357","415927","20220922235000","483","0","新北市","淡水區","121.485","25.160","379"
"247","415931","20220922235000","344","0","新北市","淡水區","121.470","25.165","260"
"468","415932","20220922235000","498","0","新北市","淡水區","121.440","25.190","443"
"1623","415933","20220922235000","1694","0","新北市","淡水區","121.445","25.190","1619"
"52","415936","20220922235000","86","0","新北市","淡水區","121.460","25.190","44"
"784","415942","20220922235000","886","0","新北市","淡水區","121.450","25.200","749"
"185","415944","20220922235000","257","0","新北市","淡水區","121.460","25.200","196"
"836","415946","20220922235000","964","0","新北市","淡水區","121.420","25.180","832"
"2266","415947","20220922235000","2189","1","新北市","淡水區","121.450","25.170","2343"
"845","415948","20220922235000","1262","0","新北市","淡水區","121.455","25.170","851"
"263","415951","20220922235000","310","0","新北市","淡水區","121.455","25.235","257"
"1191","415961","20220922235000","1082","1","新北市","淡水區","121.435","25.185","1120"
"319","415962","20220922235000","348","0","新北市","淡水區","121.440","25.185","359"
"2304","415963","20220922235000","1865","2","新北市","淡水區","121.435","25.190","2322"
"1057","415964","20220922235000","805","2","新北市","淡水區","121.430","25.195","970"
"657","415968","20220922235000","486","2","新北市","淡水區","121.430","25.200","625"
"1320","415969","20220922235000","1375","0","新北市","淡水區","121.435","25.200","1392"
"344","415971","20220922235000","291","1","新北市","淡水區","121.425","25.205","375"
"37","415972","20220922235000","44","0","新北市","淡水區","121.435","25.205","47"
"113","415975","20220922235000","522","0","新北市","淡水區","121.445","25.170","135"
"40","415977","20220922235000","49","0","新北市","淡水區","121.485","25.190","38"
"42","415979","20220922235000","114","0","新北市","淡水區","121.470","25.195","45"
"143","415984","20220922235000","207","0","新北市","淡水區","121.470","25.200","152"
"102","415986","20220922235000","111","0","新北市","淡水區","121.480","25.200","101"
"1219","416009","20220922235000","1271","0","新北市","金山區","121.640","25.220","1200"
"32","416022","20220922235000","20","3","新北市","金山區","121.625","25.270","23"
"316","416030","20220922235000","332","0","新北市","金山區","121.640","25.225","290"
"221","416031","20220922235000","226","0","新北市","金山區","121.645","25.225","226"
"194","416033","20220922235000","192","1","新北市","金山區","121.645","25.230","226"
"78","416038","20220922235000","106","0","臺北市","北投區","121.500","25.155","87"
"313","416050","20220922235000","294","1","新北市","金山區","121.630","25.225","306"
"447","416051","20220922235000","385","1","新北市","金山區","121.635","25.225","443"
"167","416060","20220922235000","139","2","新北市","金山區","121.615","25.245","153"
"75","416062","20220922235000","25","3","新北市","金山區","121.605","25.245","44"
"22","416063","20220922235000","21","1","新北市","金山區","121.610","25.245","24"
"20","416067","20220922235000","20","1","新北市","金山區","121.610","25.250","22"
"122","416122","20220922235000","105","1","新北市","金山區","121.595","25.200","114"
"293","416123","20220922235000","174","3","新北市","金山區","121.600","25.200","300"
"88","416146","20220922235000","79","1","新北市","金山區","121.600","25.215","123"
"502","416155","20220922235000","632","0","新北市","金山區","121.630","25.220","493"
"1156","416156","20220922235000","737","3","新北市","金山區","121.635","25.220","1099"
"37","416160","20220922235000","48","0","臺北市","士林區","121.555","25.155","37"
"10","416168","20220922235000","50","0","臺北市","士林區","121.575","25.165","10"
"18","416182","20220922235000","25","0","臺北市","士林區","121.570","25.190","26"
"30","416192","20220922235000","51","0","臺北市","北投區","121.530","25.155","40"
"2261","416202","20220922235000","2666","0","新北市","淡水區","121.445","25.165","2271"
"213","416204","20220922235000","162","2","臺北市","北投區","121.540","25.155","210"
"155","416205","20220922235000","171","0","臺北市","北投區","121.545","25.150","174"
"12","416209","20220922235000","36","0","臺北市","北投區","121.545","25.155","12"
"46","416213","20220922235000","32","2","臺北市","北投區","121.545","25.160","48"
"365","416221","20220922235000","111","3","臺北市","北投區","121.540","25.165","335"
"208","416225","20220922235000","46","3","臺北市","北投區","121.560","25.165","239"
"41","416236","20220922235000","37","1","臺北市","北投區","121.535","25.175","50"
"88","416246","20220922235000","64","2","臺北市","北投區","121.545","25.180","81"
"130","416251","20220922235000","126","1","臺北市","北投區","121.535","25.185","113"
"61","416275","20220922235000","115","0","臺北市","北投區","121.490","25.155","61"
"16","617429","20220922235000","115","0","金門縣","金城鎮","118.305","24.400","16"
"1326","617430","20220922235000","1105","2","金門縣","金城鎮","118.310","24.400","1307"
"474","617700","20220922235000","449","1","金門縣","金城鎮","118.305","24.405","488"
"319","617704","20220922235000","283","1","金門縣","金城鎮","118.325","24.405","338"
"17","617966","20220922235000","22","0","金門縣","烈嶼鄉","118.225","24.405","26"
"58","617974","20220922235000","60","0","金門縣","金城鎮","118.290","24.405","60"
"99","617990","20220922235000","61","3","金門縣","金湖鎮","118.430","24.410","90"
"113","618255","20220922235000","96","1","金門縣","金城鎮","118.285","24.410","148"
"110","618257","20220922235000","234","0","金門縣","金城鎮","118.295","24.410","110"
"154","618258","20220922235000","202","0","金門縣","金城鎮","118.300","24.410","173"
"44","618259","20220922235000","32","2","金門縣","金城鎮","118.305","24.410","55"
"64","618260","20220922235000","64","1","金門縣","金城鎮","118.310","24.410","62"
"192","618263","20220922235000","210","0","金門縣","金城鎮","118.325","24.410","190"
"859","618264","20220922235000","644","2","金門縣","金城鎮","118.330","24.410","861"
"235","618266","20220922235000","197","1","金門縣","金城鎮","118.335","24.410","229"
"364","618273","20220922235000","348","1","金門縣","金湖鎮","118.435","24.415","361"
"494","618274","20220922235000","572","0","金門縣","金湖鎮","118.440","24.415","528"
"64","618530","20220922235000","331","0","金門縣","烈嶼鄉","118.230","24.415","65"
"369","618532","20220922235000","580","0","金門縣","烈嶼鄉","118.240","24.415","370"
"135","618541","20220922235000","151","0","金門縣","金城鎮","118.290","24.415","132"
"521","618545","20220922235000","678","0","金門縣","金城鎮","118.310","24.415","461"
"691","618547","20220922235000","771","0","金門縣","金城鎮","118.315","24.415","653"
"305","618552","20220922235000","182","3","金門縣","金寧鄉","118.340","24.415","308"
"182","618560","20220922235000","184","0","金門縣","金湖鎮","118.440","24.420","198"
"573","618813","20220922235000","476","2","金門縣","烈嶼鄉","118.220","24.420","530"
"56","618818","20220922235000","21","3","金門縣","烈嶼鄉","118.245","24.420","59"
"39","618832","20220922235000","996","0","金門縣","金城鎮","118.310","24.420","50"
"130","618833","20220922235000","111","1","金門縣","金城鎮","118.315","24.420","144"
"51","618834","20220922235000","79","0","金門縣","金城鎮","118.320","24.420","60"
"36","618835","20220922235000","39","0","金門縣","金城鎮","118.325","24.420","37"
"165","618836","20220922235000","188","0","金門縣","金寧鄉","118.330","24.420","165"
"30","618838","20220922235000","12","3","金門縣","金寧鄉","118.340","24.420","30"
"362","618851","20220922235000","316","1","金門縣","金湖鎮","118.440","24.425","377"
"1609","619113","20220922235000","1246","2","金門縣","烈嶼鄉","118.245","24.425","1488"
"364","619116","20220922235000","217","3","金門縣","烈嶼鄉","118.260","24.425","346"
"36","619117","20220922235000","27","2","金門縣","烈嶼鄉","118.265","24.425","38"
"10","619126","20220922235000","10","1","金門縣","金城鎮","118.315","24.425","11"
"1530","619127","20220922235000","1305","1","金門縣","金城鎮","118.320","24.425","1567"
"161","619133","20220922235000","181","0","金門縣","金寧鄉","118.350","24.425","181"
"202","619146","20220922235000","227","0","金門縣","金湖鎮","118.430","24.425","188"
"133","619151","20220922235000","123","1","金門縣","金湖鎮","118.455","24.430","134"
"39","619406","20220922235000","65","0","金門縣","烈嶼鄉","118.230","24.430","32"
"87","619420","20220922235000","971","0","金門縣","金城鎮","118.310","24.430","94"
"893","619421","20220922235000","1323","0","金門縣","金城鎮","118.315","24.430","988"
"972","619422","20220922235000","1092","0","金門縣","金城鎮","118.320","24.430","973"
"139","619424","20220922235000","181","0","金門縣","金寧鄉","118.330","24.430","145"
"327","619426","20220922235000","288","1","金門縣","金寧鄉","118.340","24.430","260"
"92","619430","20220922235000","54","3","金門縣","金寧鄉","118.360","24.430","95"
"497","619440","20220922235000","965","0","金門縣","金湖鎮","118.410","24.430","548"
"438","619442","20220922235000","558","0","金門縣","金湖鎮","118.420","24.430","497"
"294","619709","20220922235000","368","0","金門縣","烈嶼鄉","118.255","24.435","289"
"24","619710","20220922235000","24","1","金門縣","烈嶼鄉","118.260","24.435","25"
"593","619718","20220922235000","600","0","金門縣","金城鎮","118.310","24.435","684"
"2536","619719","20220922235000","2896","0","金門縣","金城鎮","118.315","24.435","2440"
"32","619721","20220922235000","972","0","金門縣","金城鎮","118.325","24.435","38"
"304","619722","20220922235000","388","0","金門縣","金寧鄉","118.330","24.435","315"
"50","619729","20220922235000","39","2","金門縣","金湖鎮","118.365","24.435","52"
"156","619731","20220922235000","111","2","金門縣","金湖鎮","118.375","24.435","153"
"147","619734","20220922235000","188","0","金門縣","金湖鎮","118.390","24.435","143"
"704","619737","20220922235000","1600","0","金門縣","金湖鎮","118.405","24.435","818"
"55","619739","20220922235000","105","0","金門縣","金湖鎮","118.415","24.435","58"
"122","619747","20220922235000","119","1","金門縣","金湖鎮","118.455","24.435","119"
"696","620010","20220922235000","387","3","金門縣","金城鎮","118.310","24.440","695"
"3912","620011","20220922235000","2350","3","金門縣","金城鎮","118.315","24.440","3728"
"765","620012","20220922235000","522","2","金門縣","金寧鄉","118.320","24.440","713"
"91","620013","20220922235000","99","0","金門縣","金城鎮","118.325","24.440","91"
"24","620015","20220922235000","396","0","金門縣","金寧鄉","118.335","24.440","27"
"109","620024","20220922235000","124","0","金門縣","金湖鎮","118.380","24.440","107"
"688","620025","20220922235000","804","0","金門縣","金湖鎮","118.385","24.440","638"
"133","620027","20220922235000","51","3","金門縣","金湖鎮","118.395","24.440","153"
"72","620029","20220922235000","200","0","金門縣","金湖鎮","118.405","24.440","72"
"830","620031","20220922235000","2852","0","金門縣","金湖鎮","118.415","24.440","858"
"1025","620032","20220922235000","1201","0","金門縣","金湖鎮","118.420","24.440","986"
"23","620040","20220922235000","132","0","金門縣","金湖鎮","118.460","24.440","19"
"46","620293","20220922235000","371","0","金門縣","烈嶼鄉","118.240","24.440","55"
"1037","620304","20220922235000","923","1","金門縣","金寧鄉","118.310","24.445","1033"
"166","620306","20220922235000","209","0","金門縣","金寧鄉","118.320","24.445","185"
"36","620312","20220922235000","419","0","金門縣","金寧鄉","118.350","24.445","37"
"20","620317","20220922235000","219","0","金門縣","金湖鎮","118.375","24.445","31"
"383","620318","20220922235000","269","2","金門縣","金湖鎮","118.380","24.445","386"
"34","620323","20220922235000","23","2","金門縣","金湖鎮","118.405","24.445","41"
"74","620326","20220922235000","25","3","金門縣","金湖鎮","118.420","24.445","108"
"21","620327","20220922235000","339","0","金門縣","金湖鎮","118.425","24.445","31"
"15","620335","20220922235000","12","2","金門縣","金湖鎮","118.465","24.445","11"
"124","620336","20220922235000","174","0","金門縣","金湖鎮","118.470","24.445","151"
"142","620593","20220922235000","159","0","金門縣","烈嶼鄉","118.250","24.445","156"
"104","620594","20220922235000","93","1","金門縣","烈嶼鄉","118.255","24.445","103"
"441","620595","20220922235000","52","3","金門縣","烈嶼鄉","118.260","24.445","400"
"326","620604","20220922235000","356","0","金門縣","金寧鄉","118.305","24.450","287"
"836","620605","20220922235000","439","3","金門縣","金寧鄉","118.310","24.450","844"
"235","620607","20220922235000","485","0","金門縣","金寧鄉","118.320","24.450","211"
"590","620608","20220922235000","354","3","金門縣","金寧鄉","118.325","24.450","604"
"1384","620609","20220922235000","1614","0","金門縣","金寧鄉","118.330","24.450","1369"
"632","620610","20220922235000","574","1","金門縣","金寧鄉","118.335","24.450","634"
"454","620611","20220922235000","494","0","金門縣","金寧鄉","118.340","24.450","470"
"81","620613","20220922235000","56","2","金門縣","金寧鄉","118.350","24.450","80"
"100","620618","20220922235000","68","2","金門縣","金湖鎮","118.375","24.450","83"
"86","620625","20220922235000","59","2","金門縣","金湖鎮","118.410","24.450","113"
"606","620912","20220922235000","297","3","金門縣","金寧鄉","118.335","24.455","670"
"364","620919","20220922235000","269","2","金門縣","金湖鎮","118.370","24.455","343"
"423","620920","20220922235000","362","1","金門縣","金湖鎮","118.375","24.455","424"
"441","620921","20220922235000","372","1","金門縣","金湖鎮","118.380","24.455","409"
"71","620922","20220922235000","56","2","金門縣","金湖鎮","118.385","24.455","124"
"44","620927","20220922235000","25","3","金門縣","金湖鎮","118.410","24.455","46"
"53","620928","20220922235000","45","1","金門縣","金湖鎮","118.415","24.455","43"
"37","620930","20220922235000","32","1","金門縣","金湖鎮","118.425","24.455","30"
"517","621210","20220922235000","628","0","金門縣","金寧鄉","118.305","24.455","482"
"11","621211","20220922235000","172","0","金門縣","金寧鄉","118.310","24.455","11"
"32","621214","20220922235000","642","0","金門縣","金寧鄉","118.325","24.455","43"
"266","621221","20220922235000","277","0","金門縣","金寧鄉","118.360","24.460","279"
"16","621226","20220922235000","15","1","金門縣","金沙鎮","118.385","24.460","15"
"79","621230","20220922235000","118","0","金門縣","金沙鎮","118.405","24.460","78"
"136","621231","20220922235000","495","0","金門縣","金湖鎮","118.410","24.460","163"
"53","621233","20220922235000","23","3","金門縣","金湖鎮","118.420","24.460","109"
"27","621239","20220922235000","34","0","金門縣","金沙鎮","118.450","24.460","24"
"715","621509","20220922235000","875","0","金門縣","金寧鄉","118.315","24.460","830"
"190","621510","20220922235000","222","0","金門縣","金寧鄉","118.320","24.460","187"
"239","621511","20220922235000","176","2","金門縣","金寧鄉","118.325","24.460","200"
"23","621529","20220922235000","21","1","金門縣","金沙鎮","118.415","24.465","20"
"13","621530","20220922235000","10","2","金門縣","金湖鎮","118.420","24.465","16"
"106","621533","20220922235000","91","1","金門縣","金沙鎮","118.435","24.465","96"
"78","621534","20220922235000","72","1","金門縣","金沙鎮","118.440","24.465","69"
"268","621810","20220922235000","272","0","金門縣","金沙鎮","118.390","24.465","257"
"57","621816","20220922235000","755","0","金門縣","金沙鎮","118.420","24.470","70"
"340","621823","20220922235000","275","2","金門縣","金沙鎮","118.455","24.470","374"
"590","622079","20220922235000","535","1","金門縣","金寧鄉","118.315","24.470","410"
"362","622096","20220922235000","489","0","金門縣","金沙鎮","118.400","24.470","376"
"12","622101","20220922235000","15","0","金門縣","金沙鎮","118.425","24.475","12"
"81","622102","20220922235000","56","2","金門縣","金沙鎮","118.430","24.475","73"
"336","622377","20220922235000","145","3","金門縣","金沙鎮","118.390","24.475","334"
"258","622643","20220922235000","414","0","金門縣","金寧鄉","118.305","24.480","157"
"108","622644","20220922235000","91","1","金門縣","金寧鄉","118.310","24.480","80"
"29","622657","20220922235000","275","0","金門縣","金沙鎮","118.390","24.480","22"
"165","622658","20220922235000","137","2","金門縣","金沙鎮","118.395","24.480","157"
"16","622921","20220922235000","19","0","金門縣","金寧鄉","118.300","24.485","17"
"1207","622937","20220922235000","903","2","金門縣","金沙鎮","118.415","24.485","1288"
"130","622938","20220922235000","115","1","金門縣","金沙鎮","118.420","24.485","133"
"39","622941","20220922235000","40","0","金門縣","金沙鎮","118.435","24.485","47"
"171","622942","20220922235000","110","3","金門縣","金沙鎮","118.440","24.485","169"
"488","623206","20220922235000","439","1","金門縣","金沙鎮","118.410","24.490","472"
"551","623207","20220922235000","553","0","金門縣","金沙鎮","118.415","24.490","546"
"14","623208","20220922235000","14","1","金門縣","金沙鎮","118.420","24.490","17"
"91","623210","20220922235000","93","0","金門縣","金沙鎮","118.430","24.490","86"
"756","623474","20220922235000","920","0","金門縣","金沙鎮","118.415","24.495","720"
"17","623478","20220922235000","408","0","金門縣","金沙鎮","118.435","24.495","10"
"78","623734","20220922235000","81","0","金門縣","金沙鎮","118.400","24.500","78"
"28","623738","20220922235000","41","0","金門縣","金沙鎮","118.420","24.500","47"
"259","623993","20220922235000","230","1","金門縣","金沙鎮","118.405","24.505","252"
"13","623999","20220922235000","19","0","金門縣","金沙鎮","118.435","24.505","13"
"262","624000","20220922235000","266","0","金門縣","金沙鎮","118.440","24.505","232"
"228","624511","20220922235000","211","1","金門縣","金沙鎮","118.405","24.515","238"
"167","624771","20220922235000","213","0","金門縣","金沙鎮","118.415","24.515","170"
"21","653042","20220922235000","11","3","連江縣","莒光鄉","119.975","25.955","30"
"386","653049","20220922235000","382","1","連江縣","莒光鄉","119.975","25.960","376"
"11","653081","20220922235000","19","0","連江縣","莒光鄉","119.930","25.970","11"
"204","653082","20220922235000","252","0","連江縣","莒光鄉","119.935","25.970","211"
"137","653097","20220922235000","279","0","連江縣","莒光鄉","119.930","25.975","170"
"18","653099","20220922235000","21","0","連江縣","莒光鄉","119.940","25.975","22"
"503","653173","20220922235000","339","2","連江縣","南竿鄉","119.925","26.140","504"
"80","653187","20220922235000","70","1","連江縣","南竿鄉","119.930","26.145","61"
"141","653198","20220922235000","130","1","連江縣","南竿鄉","119.915","26.145","139"
"57","653200","20220922235000","75","0","連江縣","南竿鄉","119.925","26.145","61"
"289","653203","20220922235000","434","0","連江縣","南竿鄉","119.940","26.145","310"
"46","653217","20220922235000","53","0","連江縣","南竿鄉","119.925","26.150","49"
"398","653219","20220922235000","383","1","連江縣","南竿鄉","119.935","26.150","394"
"46","653221","20220922235000","51","0","連江縣","南竿鄉","119.945","26.150","42"
"161","653231","20220922235000","294","0","連江縣","南竿鄉","119.920","26.155","291"
"490","653235","20220922235000","450","1","連江縣","南竿鄉","119.940","26.155","533"
"944","653238","20220922235000","812","1","連江縣","南竿鄉","119.955","26.155","936"
"231","653248","20220922235000","97","3","連江縣","南竿鄉","119.920","26.160","82"
"880","653255","20220922235000","772","1","連江縣","南竿鄉","119.955","26.160","865"
"590","653272","20220922235000","545","1","連江縣","南竿鄉","119.950","26.165","566"
"79","653282","20220922235000","150","0","連江縣","南竿鄉","119.925","26.170","90"
"200","653344","20220922235000","152","2","連江縣","北竿鄉","119.970","26.205","195"
"150","653365","20220922235000","146","1","連江縣","北竿鄉","119.975","26.215","157"
"26","653382","20220922235000","33","0","連江縣","北竿鄉","120.000","26.220","26"
"18","653393","20220922235000","17","1","連江縣","北竿鄉","119.980","26.225","24"
"1092","653396","20220922235000","975","1","連江縣","北竿鄉","119.995","26.225","1280"
"459","653397","20220922235000","336","2","連江縣","北竿鄉","120.000","26.225","383"
"116","653411","20220922235000","97","1","連江縣","北竿鄉","120.000","26.230","150"
"29","653580","20220922235000","51","0","連江縣","東引鄉","120.485","26.360","32"
"50","653590","20220922235000","41","2","連江縣","東引鄉","120.490","26.360","71"
"539","653592","20220922235000","680","0","連江縣","東引鄉","120.500","26.360","762"
"797","653602","20220922235000","733","1","連江縣","東引鄉","120.490","26.365","959"
"84","653603","20220922235000","44","3","連江縣","東引鄉","120.495","26.365","95"
"136","653623","20220922235000","110","2","連江縣","東引鄉","120.480","26.375","145"
