"POPULATION","G_ID","time","avg","idx","City","Town","x","y","prePop"
"143","6258","20220712103000","248","0","屏東縣","恆春鎮","120.745","21.945","338"
"26","6267","20220712103000","131","0","屏東縣","恆春鎮","120.790","21.945","17"
"103","9415","20220712103000","50","3","屏東縣","恆春鎮","120.715","21.970","135"
"143","9416","20220712103000","63","3","屏東縣","恆春鎮","120.845","21.970","148"
"343","15716","20220712103000","198","3","臺東縣","蘭嶼鄉","121.535","22.025","337"
"49","15719","20220712103000","237","0","臺東縣","蘭嶼鄉","121.550","22.025","60"
"246","18068","20220712103000","144","3","屏東縣","車城鄉","120.695","22.045","202"
"242","20191","20220712103000","523","0","臺東縣","蘭嶼鄉","121.570","22.065","267"
"11","39868","20220712103000","45","0","屏東縣","牡丹鄉","120.895","22.240","23"
"166","40369","20220712103000","88","3","屏東縣","枋山鄉","120.660","22.245","166"
"63","46865","20220712103000","65","0","臺東縣","大武鄉","120.890","22.305","63"
"96","49782","20220712103000","168","0","屏東縣","琉球鄉","120.355","22.330","74"
"57","49783","20220712103000","149","0","屏東縣","琉球鄉","120.375","22.330","43"
"574","52213","20220712103000","349","3","屏東縣","琉球鄉","120.380","22.355","466"
"82","57589","20220712103000","29","3","屏東縣","春日鄉","120.660","22.365","69"
"69","57606","20220712103000","52","2","屏東縣","春日鄉","120.665","22.365","67"
"124","57748","20220712103000","96","2","屏東縣","春日鄉","120.750","22.405","108"
"273","57758","20220712103000","199","2","屏東縣","春日鄉","120.625","22.365","238"
"42","57858","20220712103000","128","0","屏東縣","恆春鎮","120.730","21.985","46"
"43","57868","20220712103000","187","0","屏東縣","車城鄉","120.730","22.055","62"
"15","57911","20220712103000","24","0","屏東縣","車城鄉","120.775","22.070","15"
"172","57949","20220712103000","73","3","屏東縣","車城鄉","120.715","22.050","208"
"26","57951","20220712103000","123","0","屏東縣","車城鄉","120.710","22.055","21"
"440","57952","20220712103000","275","3","屏東縣","枋寮鄉","120.595","22.375","439"
"182","57962","20220712103000","358","0","屏東縣","枋寮鄉","120.595","22.385","250"
"536","57963","20220712103000","338","3","屏東縣","枋寮鄉","120.600","22.385","636"
"23","57992","20220712103000","21","1","屏東縣","滿州鄉","120.890","22.090","13"
"36","58022","20220712103000","35","1","屏東縣","滿州鄉","120.895","22.100","41"
"24","58112","20220712103000","15","3","屏東縣","滿州鄉","120.805","22.015","26"
"108","58150","20220712103000","74","2","屏東縣","滿州鄉","120.875","22.115","318"
"15","58179","20220712103000","17","0","屏東縣","滿州鄉","120.880","22.135","13"
"108","58209","20220712103000","71","3","屏東縣","滿州鄉","120.840","21.985","103"
"91","58243","20220712103000","72","2","屏東縣","滿州鄉","120.840","22.015","63"
"252","58245","20220712103000","211","1","屏東縣","滿州鄉","120.835","22.020","229"
"46","58246","20220712103000","11","3","屏東縣","滿州鄉","120.840","22.020","38"
"98","58248","20220712103000","94","1","屏東縣","滿州鄉","120.830","22.025","80"
"268","58265","20220712103000","244","1","屏東縣","滿州鄉","120.830","21.995","249"
"48","58303","20220712103000","21","3","屏東縣","滿州鄉","120.850","22.020","45"
"47","58452","20220712103000","34","2","屏東縣","滿州鄉","120.830","22.075","52"
"30","58493","20220712103000","22","2","屏東縣","滿州鄉","120.830","22.095","19"
"24","58500","20220712103000","19","2","屏東縣","滿州鄉","120.840","22.100","16"
"282","58514","20220712103000","186","3","屏東縣","枋山鄉","120.665","22.240","280"
"191","58522","20220712103000","269","0","屏東縣","枋山鄉","120.650","22.260","171"
"147","58529","20220712103000","232","0","屏東縣","枋山鄉","120.690","22.190","127"
"103","58531","20220712103000","194","0","屏東縣","枋山鄉","120.690","22.195","101"
"19","58544","20220712103000","11","3","屏東縣","佳冬鄉","120.525","22.410","21"
"648","58554","20220712103000","541","1","屏東縣","恆春鎮","120.740","22.030","651"
"55","58568","20220712103000","208","0","屏東縣","恆春鎮","120.735","22.040","63"
"71","58585","20220712103000","32","3","屏東縣","恆春鎮","120.720","22.045","67"
"89","58609","20220712103000","971","0","屏東縣","恆春鎮","120.750","21.955","92"
"183","58614","20220712103000","626","0","屏東縣","恆春鎮","120.755","21.960","207"
"650","58618","20220712103000","327","3","屏東縣","恆春鎮","120.755","21.965","587"
"458","58656","20220712103000","180","3","屏東縣","恆春鎮","120.730","22.010","499"
"360","58663","20220712103000","249","2","屏東縣","恆春鎮","120.745","22.005","421"
"301","58680","20220712103000","141","3","屏東縣","恆春鎮","120.730","21.995","277"
"39","58690","20220712103000","29","2","屏東縣","恆春鎮","120.740","21.920","41"
"464","58691","20220712103000","171","3","屏東縣","恆春鎮","120.725","21.925","428"
"28","58698","20220712103000","15","3","屏東縣","恆春鎮","120.715","21.935","52"
"87","58707","20220712103000","38","3","屏東縣","恆春鎮","120.715","21.945","68"
"523","58723","20220712103000","183","3","屏東縣","恆春鎮","120.720","21.960","611"
"909","58725","20220712103000","959","0","屏東縣","恆春鎮","120.740","22.010","1005"
"15","58785","20220712103000","88","0","屏東縣","恆春鎮","120.720","22.040","25"
"147","58793","20220712103000","54","3","屏東縣","恆春鎮","120.695","22.020","139"
"17","58796","20220712103000","11","3","屏東縣","恆春鎮","120.710","22.020","15"
"231","58818","20220712103000","116","3","屏東縣","恆春鎮","120.850","21.905","205"
"57","58819","20220712103000","29","3","屏東縣","恆春鎮","120.855","21.905","79"
"110","58824","20220712103000","74","2","屏東縣","恆春鎮","120.850","21.910","87"
"341","58829","20220712103000","146","3","屏東縣","恆春鎮","120.850","21.915","211"
"108","58837","20220712103000","44","3","屏東縣","恆春鎮","120.830","21.925","67"
"230","58849","20220712103000","81","3","屏東縣","恆春鎮","120.825","21.935","220"
"62","58893","20220712103000","242","0","屏東縣","車城鄉","120.715","22.070","62"
"258","58924","20220712103000","126","3","屏東縣","獅子鄉","120.730","22.195","260"
"28","58958","20220712103000","158","0","屏東縣","獅子鄉","120.750","22.205","34"
"180","58971","20220712103000","164","1","屏東縣","獅子鄉","120.725","22.210","183"
"21","58992","20220712103000","36","0","屏東縣","獅子鄉","120.760","22.215","23"
"106","58997","20220712103000","51","3","屏東縣","獅子鄉","120.785","22.215","115"
"211","59115","20220712103000","438","0","屏東縣","琉球鄉","120.380","22.350","211"
"74","59117","20220712103000","265","0","屏東縣","琉球鄉","120.365","22.325","89"
"616","59120","20220712103000","244","3","屏東縣","琉球鄉","120.370","22.335","576"
"231","59149","20220712103000","115","3","屏東縣","獅子鄉","120.660","22.275","201"
"64","59469","20220712103000","51","2","屏東縣","獅子鄉","120.650","22.315","59"
"26","59727","20220712103000","79","0","屏東縣","獅子鄉","120.710","22.195","27"
"171","59772","20220712103000","96","3","屏東縣","獅子鄉","120.685","22.225","162"
"15","59987","20220712103000","68","0","屏東縣","獅子鄉","120.705","22.140","15"
"330","60023","20220712103000","139","3","屏東縣","獅子鄉","120.700","22.165","367"
"28","60048","20220712103000","105","0","屏東縣","獅子鄉","120.795","22.225","28"
"17","60065","20220712103000","114","0","屏東縣","獅子鄉","120.800","22.230","24"
"47","60076","20220712103000","34","2","屏東縣","獅子鄉","120.805","22.235","49"
"40","60088","20220712103000","15","3","屏東縣","獅子鄉","120.810","22.240","12"
"12","60119","20220712103000","13","0","屏東縣","獅子鄉","120.820","22.250","12"
"1619","60172","20220712103000","1315","2","屏東縣","琉球鄉","120.370","22.340","1448"
"43","60173","20220712103000","12","3","屏東縣","琉球鄉","120.370","22.345","55"
"145","60174","20220712103000","70","3","屏東縣","琉球鄉","120.375","22.345","166"
"289","60189","20220712103000","102","3","屏東縣","車城鄉","120.700","22.040","241"
"161","60193","20220712103000","157","1","屏東縣","車城鄉","120.700","22.050","151"
"76","60196","20220712103000","74","1","屏東縣","琉球鄉","120.365","22.340","47"
"15","60197","20220712103000","27","0","屏東縣","琉球鄉","120.365","22.345","15"
"335","60198","20220712103000","174","3","屏東縣","琉球鄉","120.370","22.350","179"
"439","60206","20220712103000","223","3","屏東縣","車城鄉","120.715","22.065","375"
"55","60213","20220712103000","158","0","屏東縣","車城鄉","120.720","22.090","63"
"252","60234","20220712103000","54","3","屏東縣","車城鄉","120.715","22.115","213"
"1089","60246","20220712103000","513","3","屏東縣","琉球鄉","120.385","22.350","1091"
"170","60260","20220712103000","106","3","屏東縣","車城鄉","120.740","22.085","110"
"159","60283","20220712103000","188","0","屏東縣","車城鄉","120.750","22.095","173"
"95","60322","20220712103000","411","0","屏東縣","車城鄉","120.715","22.075","81"
"226","60328","20220712103000","114","3","屏東縣","車城鄉","120.730","22.075","253"
"461","60350","20220712103000","322","2","屏東縣","枋寮鄉","120.590","22.405","513"
"105","60369","20220712103000","229","0","屏東縣","枋寮鄉","120.620","22.405","110"
"228","60374","20220712103000","232","0","屏東縣","枋寮鄉","120.590","22.370","283"
"193","60377","20220712103000","235","0","屏東縣","枋寮鄉","120.580","22.375","181"
"795","60401","20220712103000","684","1","屏東縣","枋寮鄉","120.575","22.405","818"
"539","60404","20220712103000","432","2","屏東縣","佳冬鄉","120.565","22.410","573"
"1272","60421","20220712103000","1198","1","屏東縣","枋寮鄉","120.600","22.360","1226"
"536","60428","20220712103000","240","3","屏東縣","枋寮鄉","120.600","22.365","594"
"97","60441","20220712103000","161","0","屏東縣","枋山鄉","120.645","22.295","111"
"172","60442","20220712103000","129","2","屏東縣","獅子鄉","120.640","22.310","183"
"242","60446","20220712103000","230","1","屏東縣","枋山鄉","120.630","22.320","239"
"106","60449","20220712103000","82","2","屏東縣","枋山鄉","120.615","22.330","106"
"333","60455","20220712103000","197","3","屏東縣","枋山鄉","120.620","22.335","253"
"275","60456","20220712103000","115","3","屏東縣","枋山鄉","120.625","22.335","253"
"1226","60532","20220712103000","853","2","屏東縣","恆春鎮","120.740","22.000","1159"
"409","60533","20220712103000","255","3","屏東縣","恆春鎮","120.740","22.005","408"
"150","60535","20220712103000","204","0","屏東縣","恆春鎮","120.815","21.935","143"
"230","60537","20220712103000","69","3","屏東縣","恆春鎮","120.805","21.940","155"
"38","60539","20220712103000","169","0","屏東縣","恆春鎮","120.795","21.945","28"
"560","60540","20220712103000","440","2","屏東縣","恆春鎮","120.800","21.945","452"
"494","60541","20220712103000","386","2","屏東縣","恆春鎮","120.805","21.945","538"
"214","60543","20220712103000","147","2","屏東縣","恆春鎮","120.780","21.950","172"
"245","60544","20220712103000","93","3","屏東縣","恆春鎮","120.785","21.950","206"
"298","60568","20220712103000","174","3","屏東縣","恆春鎮","120.810","21.955","274"
"206","60589","20220712103000","116","3","屏東縣","恆春鎮","120.815","21.965","123"
"156","60623","20220712103000","269","0","屏東縣","恆春鎮","120.735","21.950","127"
"86","60646","20220712103000","69","2","屏東縣","恆春鎮","120.720","21.975","83"
"96","60651","20220712103000","70","2","屏東縣","恆春鎮","120.715","21.985","89"
"509","60656","20220712103000","146","3","屏東縣","恆春鎮","120.705","21.995","419"
"509","60671","20220712103000","706","0","屏東縣","恆春鎮","120.740","21.995","579"
"428","60672","20220712103000","228","3","屏東縣","恆春鎮","120.745","21.995","433"
"634","60680","20220712103000","611","1","屏東縣","恆春鎮","120.745","22.000","642"
"45","60694","20220712103000","80","0","屏東縣","恆春鎮","120.765","22.000","47"
"34","60732","20220712103000","55","0","屏東縣","牡丹鄉","120.815","22.075","48"
"211","60771","20220712103000","206","1","屏東縣","滿州鄉","120.890","22.140","168"
"112","60778","20220712103000","70","3","屏東縣","牡丹鄉","120.880","22.155","110"
"48","60784","20220712103000","68","0","屏東縣","牡丹鄉","120.880","22.160","54"
"104","60791","20220712103000","75","2","屏東縣","牡丹鄉","120.890","22.165","147"
"20","60793","20220712103000","14","2","屏東縣","牡丹鄉","120.870","22.170","11"
"41","60821","20220712103000","54","0","屏東縣","牡丹鄉","120.880","22.185","38"
"24","60825","20220712103000","15","3","屏東縣","牡丹鄉","120.880","22.190","31"
"65","60827","20220712103000","41","3","屏東縣","牡丹鄉","120.885","22.190","70"
"21","60836","20220712103000","36","0","屏東縣","牡丹鄉","120.890","22.200","19"
"45","60884","20220712103000","20","3","屏東縣","牡丹鄉","120.850","22.185","41"
"80","60907","20220712103000","72","1","屏東縣","牡丹鄉","120.855","22.200","62"
"28","60936","20220712103000","24","1","屏東縣","牡丹鄉","120.815","22.150","30"
"69","60994","20220712103000","47","2","屏東縣","牡丹鄉","120.835","22.175","84"
"86","61141","20220712103000","53","3","屏東縣","牡丹鄉","120.770","22.125","91"
"247","61160","20220712103000","235","1","屏東縣","牡丹鄉","120.780","22.130","242"
"22","61331","20220712103000","107","0","屏東縣","牡丹鄉","120.840","22.115","22"
"137","61332","20220712103000","142","0","屏東縣","牡丹鄉","120.845","22.115","145"
"13","61377","20220712103000","26","0","屏東縣","牡丹鄉","120.885","22.140","36"
"29","61398","20220712103000","31","0","屏東縣","牡丹鄉","120.875","22.150","31"
"187","61441","20220712103000","141","2","臺東縣","大武鄉","120.880","22.325","158"
"10","61446","20220712103000","14","0","臺東縣","大武鄉","120.890","22.325","10"
"95","61469","20220712103000","259","0","臺東縣","大武鄉","120.905","22.360","85"
"38","61471","20220712103000","85","0","臺東縣","大武鄉","120.900","22.365","39"
"473","61472","20220712103000","324","2","臺東縣","大武鄉","120.905","22.365","459"
"301","61501","20220712103000","259","1","臺東縣","大武鄉","120.910","22.380","282"
"150","61562","20220712103000","337","0","臺東縣","大武鄉","120.885","22.340","151"
"211","61604","20220712103000","152","2","臺東縣","蘭嶼鄉","121.525","22.080","253"
"309","61605","20220712103000","190","3","臺東縣","蘭嶼鄉","121.530","22.080","355"
"86","61620","20220712103000","130","0","臺東縣","蘭嶼鄉","121.590","22.005","114"
"322","61703","20220712103000","399","0","臺東縣","蘭嶼鄉","121.510","22.055","277"
"236","61734","20220712103000","188","2","臺東縣","蘭嶼鄉","121.555","22.025","212"
"134","61738","20220712103000","47","3","臺東縣","蘭嶼鄉","121.535","22.030","94"
"20","61830","20220712103000","122","0","臺東縣","達仁鄉","120.885","22.285","24"
"12","61910","20220712103000","63","0","臺東縣","達仁鄉","120.870","22.290","11"
"319","61933","20220712103000","169","3","臺東縣","達仁鄉","120.885","22.295","300"
"39","62017","20220712103000","34","1","臺東縣","達仁鄉","120.855","22.320","47"
"10","62278","20220712103000","14","0","臺東縣","大武鄉","120.880","22.375","15"
"48","62301","20220712103000","41","1","臺東縣","達仁鄉","120.860","22.380","57"
"51","62355","20220712103000","22","3","臺東縣","達仁鄉","120.855","22.390","49"
"30","62465","20220712103000","21","2","臺東縣","達仁鄉","120.840","22.265","26"
"39","62479","20220712103000","41","0","臺東縣","達仁鄉","120.855","22.275","51"
"76","62493","20220712103000","56","2","臺東縣","達仁鄉","120.875","22.290","72"
"85","63917","20220712103000","42","3","臺東縣","大武鄉","120.930","22.415","76"
"403","65292","20220712103000","300","2","屏東縣","東港鎮","120.480","22.430","328"
"29","72794","20220712103000","56","0","高雄市","小港區","120.360","22.510","27"
"113","72795","20220712103000","122","0","臺東縣","太麻里鄉","120.960","22.510","170"
"208","80997","20220712103000","145","2","屏東縣","新埤鄉","120.560","22.475","183"
"227","81026","20220712103000","134","3","屏東縣","新埤鄉","120.540","22.495","269"
"591","81045","20220712103000","542","1","屏東縣","新埤鄉","120.545","22.465","542"
"50","81049","20220712103000","151","0","屏東縣","新埤鄉","120.565","22.465","265"
"22","81063","20220712103000","24","0","屏東縣","新埤鄉","120.610","22.450","20"
"335","81079","20220712103000","164","3","屏東縣","新埤鄉","120.610","22.460","328"
"15","81123","20220712103000","10","3","屏東縣","新埤鄉","120.580","22.495","12"
"620","81134","20220712103000","501","2","屏東縣","新埤鄉","120.580","22.505","648"
"237","81174","20220712103000","218","1","屏東縣","新埤鄉","120.615","22.470","227"
"80","81486","20220712103000","66","2","屏東縣","春日鄉","120.630","22.425","54"
"188","81488","20220712103000","166","1","屏東縣","春日鄉","120.640","22.425","232"
"630","81506","20220712103000","410","3","屏東縣","新園鄉","120.435","22.500","628"
"147","81517","20220712103000","140","1","屏東縣","新園鄉","120.440","22.510","146"
"345","81529","20220712103000","355","0","屏東縣","萬巒鄉","120.610","22.590","379"
"950","81547","20220712103000","1381","0","屏東縣","林邊鄉","120.515","22.435","1006"
"60","81550","20220712103000","36","3","屏東縣","林邊鄉","120.510","22.430","57"
"570","81552","20220712103000","312","3","屏東縣","林邊鄉","120.520","22.430","560"
"29","81557","20220712103000","27","1","屏東縣","林邊鄉","120.490","22.430","19"
"70","81560","20220712103000","25","3","屏東縣","東港鎮","120.495","22.460","89"
"201","81569","20220712103000","168","1","屏東縣","東港鎮","120.455","22.460","199"
"13","81573","20220712103000","16","0","屏東縣","東港鎮","120.465","22.440","16"
"91","81584","20220712103000","95","0","屏東縣","東港鎮","120.455","22.450","76"
"72","81816","20220712103000","111","0","屏東縣","來義鄉","120.680","22.525","54"
"44","81919","20220712103000","43","1","屏東縣","來義鄉","120.640","22.435","51"
"89","82042","20220712103000","68","2","屏東縣","來義鄉","120.635","22.525","73"
"15","82100","20220712103000","13","1","屏東縣","來義鄉","120.625","22.495","15"
"23","82186","20220712103000","15","3","屏東縣","來義鄉","120.665","22.560","28"
"81","82194","20220712103000","381","0","屏東縣","佳冬鄉","120.550","22.415","82"
"1136","82204","20220712103000","830","2","屏東縣","佳冬鄉","120.545","22.415","1168"
"10","82213","20220712103000","13","0","屏東縣","竹田鄉","120.540","22.595","10"
"762","82217","20220712103000","503","3","屏東縣","竹田鄉","120.515","22.575","923"
"12","82225","20220712103000","69","0","屏東縣","東港鎮","120.450","22.455","16"
"467","82239","20220712103000","116","3","屏東縣","東港鎮","120.495","22.455","458"
"74","82241","20220712103000","570","0","屏東縣","東港鎮","120.490","22.455","73"
"1230","82243","20220712103000","1002","2","屏東縣","東港鎮","120.445","22.465","1220"
"343","82245","20220712103000","565","0","屏東縣","東港鎮","120.445","22.460","327"
"958","82256","20220712103000","790","2","屏東縣","東港鎮","120.455","22.470","887"
"137","82257","20220712103000","163","0","屏東縣","東港鎮","120.460","22.470","158"
"1650","82262","20220712103000","670","3","屏東縣","東港鎮","120.460","22.475","1569"
"242","82266","20220712103000","395","0","屏東縣","東港鎮","120.465","22.480","264"
"171","82270","20220712103000","331","0","屏東縣","東港鎮","120.475","22.485","200"
"51","82283","20220712103000","64","0","屏東縣","泰武鄉","120.625","22.590","39"
"115","82284","20220712103000","128","0","屏東縣","泰武鄉","120.635","22.590","114"
"352","82290","20220712103000","250","2","屏東縣","林邊鄉","120.520","22.435","367"
"479","82303","20220712103000","291","3","屏東縣","新園鄉","120.460","22.540","479"
"896","82306","20220712103000","802","1","屏東縣","新園鄉","120.460","22.545","906"
"202","82311","20220712103000","586","0","屏東縣","東港鎮","120.450","22.470","201"
"17","82316","20220712103000","20","0","屏東縣","竹田鄉","120.540","22.570","22"
"485","82324","20220712103000","572","0","屏東縣","竹田鄉","120.540","22.585","564"
"63","82325","20220712103000","82","0","屏東縣","竹田鄉","120.545","22.585","74"
"484","82333","20220712103000","419","1","屏東縣","新園鄉","120.455","22.525","488"
"254","82340","20220712103000","246","1","屏東縣","新園鄉","120.465","22.530","266"
"321","82347","20220712103000","202","3","屏東縣","新園鄉","120.440","22.475","323"
"230","82362","20220712103000","267","0","屏東縣","萬丹鄉","120.460","22.590","201"
"94","82367","20220712103000","59","3","屏東縣","萬丹鄉","120.465","22.595","100"
"552","82441","20220712103000","232","3","屏東縣","泰武鄉","120.650","22.570","536"
"28","82445","20220712103000","120","0","屏東縣","泰武鄉","120.635","22.580","43"
"11","82467","20220712103000","61","0","屏東縣","泰武鄉","120.660","22.570","31"
"90","82513","20220712103000","54","3","屏東縣","泰武鄉","120.665","22.585","82"
"11","82550","20220712103000","10","1","屏東縣","泰武鄉","120.685","22.595","11"
"17","82564","20220712103000","45","0","屏東縣","萬丹鄉","120.485","22.570","23"
"14","82568","20220712103000","21","0","屏東縣","萬丹鄉","120.490","22.575","20"
"623","82569","20220712103000","295","3","屏東縣","新園鄉","120.450","22.475","580"
"648","82576","20220712103000","467","2","屏東縣","新園鄉","120.445","22.515","608"
"192","82591","20220712103000","108","3","屏東縣","新園鄉","120.450","22.525","214"
"52","82614","20220712103000","285","0","屏東縣","佳冬鄉","120.515","22.415","61"
"37","82630","20220712103000","314","0","屏東縣","佳冬鄉","120.560","22.430","41"
"342","82634","20220712103000","413","0","屏東縣","佳冬鄉","120.560","22.435","375"
"77","82638","20220712103000","79","0","屏東縣","佳冬鄉","120.535","22.425","72"
"423","82649","20220712103000","640","0","屏東縣","佳冬鄉","120.555","22.420","394"
"164","82700","20220712103000","141","1","屏東縣","來義鄉","120.635","22.515","158"
"74","82715","20220712103000","32","3","屏東縣","來義鄉","120.660","22.525","65"
"16","82720","20220712103000","100","0","屏東縣","南州鄉","120.500","22.480","16"
"22","82722","20220712103000","55","0","屏東縣","南州鄉","120.490","22.485","24"
"402","82723","20220712103000","318","2","屏東縣","南州鄉","120.495","22.485","360"
"68","82736","20220712103000","181","0","屏東縣","南州鄉","120.530","22.465","75"
"464","82740","20220712103000","192","3","屏東縣","南州鄉","120.535","22.470","466"
"588","82742","20220712103000","578","1","屏東縣","南州鄉","120.520","22.475","610"
"371","82751","20220712103000","211","3","屏東縣","南州鄉","120.540","22.485","420"
"86","82754","20220712103000","52","3","屏東縣","南州鄉","120.535","22.490","98"
"76","82763","20220712103000","31","3","屏東縣","崁頂鄉","120.520","22.495","68"
"203","82767","20220712103000","58","3","屏東縣","內埔鄉","120.560","22.585","182"
"28","82779","20220712103000","123","0","屏東縣","萬丹鄉","120.495","22.550","47"
"416","82796","20220712103000","450","0","屏東縣","新園鄉","120.460","22.505","432"
"116","82807","20220712103000","254","0","屏東縣","崁頂鄉","120.505","22.540","135"
"349","82809","20220712103000","250","2","屏東縣","崁頂鄉","120.515","22.540","316"
"54","82821","20220712103000","295","0","屏東縣","崁頂鄉","120.490","22.510","51"
"325","82835","20220712103000","169","3","屏東縣","崁頂鄉","120.520","22.530","350"
"577","82839","20220712103000","615","0","屏東縣","南州鄉","120.510","22.495","533"
"96","82881","20220712103000","279","0","屏東縣","佳冬鄉","120.560","22.445","101"
"190","82883","20220712103000","62","3","屏東縣","佳冬鄉","120.560","22.450","189"
"202","82893","20220712103000","264","0","屏東縣","萬丹鄉","120.495","22.545","203"
"85","82901","20220712103000","46","3","屏東縣","崁頂鄉","120.510","22.510","86"
"363","82906","20220712103000","508","0","屏東縣","崁頂鄉","120.515","22.515","410"
"77","82941","20220712103000","32","3","屏東縣","崁頂鄉","120.490","22.500","80"
"54","82951","20220712103000","32","3","屏東縣","內埔鄉","120.570","22.590","22"
"807","82954","20220712103000","422","3","屏東縣","新園鄉","120.460","22.495","823"
"84","82963","20220712103000","97","0","屏東縣","新園鄉","120.475","22.550","100"
"267","82970","20220712103000","353","0","屏東縣","新園鄉","120.455","22.545","325"
"170","82987","20220712103000","373","0","屏東縣","新園鄉","120.460","22.490","164"
"113","82992","20220712103000","460","0","屏東縣","新園鄉","120.445","22.500","130"
"26","82996","20220712103000","26","1","屏東縣","新園鄉","120.445","22.475","27"
"365","82997","20220712103000","153","3","屏東縣","新園鄉","120.440","22.480","330"
"161","82998","20220712103000","150","1","屏東縣","新園鄉","120.445","22.480","191"
"71","83002","20220712103000","31","3","屏東縣","新園鄉","120.440","22.485","83"
"75","83015","20220712103000","129","0","屏東縣","新埤鄉","120.550","22.505","80"
"661","83024","20220712103000","487","2","屏東縣","潮州鎮","120.530","22.545","713"
"1279","83025","20220712103000","921","2","屏東縣","潮州鎮","120.535","22.545","1218"
"78","83041","20220712103000","71","1","屏東縣","潮州鎮","120.590","22.540","41"
"173","83047","20220712103000","176","0","屏東縣","潮州鎮","120.555","22.550","182"
"398","83049","20220712103000","237","3","屏東縣","潮州鎮","120.565","22.550","372"
"370","83055","20220712103000","321","1","屏東縣","萬丹鄉","120.470","22.560","383"
"95","83064","20220712103000","204","0","屏東縣","萬巒鄉","120.600","22.590","77"
"23","83074","20220712103000","72","0","屏東縣","東港鎮","120.480","22.455","22"
"441","83080","20220712103000","1170","0","屏東縣","東港鎮","120.450","22.465","455"
"509","83093","20220712103000","286","3","屏東縣","萬巒鄉","120.595","22.565","509"
"90","83095","20220712103000","250","0","屏東縣","萬巒鄉","120.605","22.565","100"
"183","83096","20220712103000","82","3","屏東縣","萬巒鄉","120.600","22.570","188"
"15","83099","20220712103000","21","0","屏東縣","萬巒鄉","120.595","22.570","20"
"347","83142","20220712103000","177","3","屏東縣","新埤鄉","120.625","22.525","314"
"56","83161","20220712103000","336","0","屏東縣","萬巒鄉","120.620","22.545","59"
"333","83162","20220712103000","488","0","屏東縣","泰武鄉","120.625","22.545","294"
"186","83177","20220712103000","113","3","屏東縣","萬巒鄉","120.580","22.590","183"
"533","83201","20220712103000","455","1","屏東縣","萬巒鄉","120.570","22.570","553"
"308","83206","20220712103000","400","0","屏東縣","萬巒鄉","120.565","22.575","283"
"283","83210","20220712103000","171","3","屏東縣","內埔鄉","120.565","22.580","286"
"16","83216","20220712103000","14","1","屏東縣","萬丹鄉","120.485","22.555","17"
"19","83222","20220712103000","76","0","屏東縣","東港鎮","120.470","22.485","29"
"126","83231","20220712103000","62","3","屏東縣","東港鎮","120.460","22.460","166"
"823","83232","20220712103000","528","3","屏東縣","東港鎮","120.465","22.460","728"
"1159","83234","20220712103000","998","1","屏東縣","東港鎮","120.455","22.465","1126"
"147","83235","20220712103000","53","3","屏東縣","東港鎮","120.460","22.465","157"
"333","83236","20220712103000","787","0","屏東縣","東港鎮","120.465","22.465","382"
"550","83241","20220712103000","880","0","屏東縣","東港鎮","120.440","22.460","530"
"587","83257","20220712103000","804","0","屏東縣","竹田鄉","120.525","22.575","554"
"272","83258","20220712103000","248","1","屏東縣","潮州鎮","120.530","22.525","240"
"329","83261","20220712103000","285","1","屏東縣","潮州鎮","120.540","22.525","402"
"352","83267","20220712103000","242","2","屏東縣","潮州鎮","120.535","22.535","357"
"360","83269","20220712103000","204","3","屏東縣","潮州鎮","120.535","22.540","408"
"326","83271","20220712103000","277","1","屏東縣","枋寮鄉","120.580","22.410","289"
"464","83278","20220712103000","200","3","屏東縣","枋寮鄉","120.580","22.415","407"
"49","83323","20220712103000","67","0","屏東縣","枋寮鄉","120.620","22.425","44"
"158","83342","20220712103000","108","2","屏東縣","枋寮鄉","120.595","22.435","157"
"212","83378","20220712103000","180","1","屏東縣","萬丹鄉","120.460","22.575","209"
"80","83380","20220712103000","43","3","屏東縣","萬丹鄉","120.470","22.575","98"
"14","83382","20220712103000","16","0","屏東縣","竹田鄉","120.530","22.595","14"
"269","83383","20220712103000","206","2","屏東縣","竹田鄉","120.535","22.595","286"
"16","83404","20220712103000","13","2","屏東縣","林邊鄉","120.505","22.435","31"
"152","83414","20220712103000","68","3","屏東縣","林邊鄉","120.525","22.455","132"
"209","83430","20220712103000","166","2","屏東縣","萬丹鄉","120.485","22.580","209"
"460","83431","20220712103000","350","2","屏東縣","萬丹鄉","120.490","22.580","482"
"50","83433","20220712103000","52","0","屏東縣","萬丹鄉","120.480","22.565","55"
"427","83435","20220712103000","666","0","屏東縣","竹田鄉","120.490","22.565","346"
"251","83437","20220712103000","164","3","屏東縣","萬丹鄉","120.480","22.570","298"
"19","83438","20220712103000","22","0","屏東縣","萬丹鄉","120.490","22.550","22"
"17","83439","20220712103000","35","0","屏東縣","萬丹鄉","120.490","22.555","17"
"526","83442","20220712103000","757","0","屏東縣","潮州鎮","120.545","22.545","536"
"378","83443","20220712103000","248","3","屏東縣","潮州鎮","120.550","22.545","396"
"993","83448","20220712103000","657","3","屏東縣","潮州鎮","120.550","22.555","1005"
"441","83455","20220712103000","459","0","屏東縣","潮州鎮","120.560","22.515","457"
"98","83457","20220712103000","149","0","屏東縣","潮州鎮","120.570","22.515","90"
"516","83473","20220712103000","573","0","屏東縣","潮州鎮","120.530","22.560","512"
"225","83483","20220712103000","345","0","屏東縣","萬丹鄉","120.465","22.565","259"
"1429","83504","20220712103000","1014","2","屏東縣","潮州鎮","120.540","22.555","1475"
"61","83508","20220712103000","188","0","屏東縣","潮州鎮","120.550","22.560","57"
"323","83516","20220712103000","211","3","屏東縣","潮州鎮","120.540","22.545","367"
"40","83518","20220712103000","44","0","屏東縣","潮州鎮","120.545","22.550","44"
"355","83525","20220712103000","363","0","屏東縣","潮州鎮","120.530","22.540","345"
"202","83540","20220712103000","122","3","屏東縣","潮州鎮","120.580","22.555","234"
"1113","83567","20220712103000","807","2","屏東縣","萬丹鄉","120.490","22.590","1122"
"12","83574","20220712103000","19","0","屏東縣","潮州鎮","120.550","22.535","33"
"405","83576","20220712103000","282","2","屏東縣","潮州鎮","120.550","22.540","441"
"1099","83577","20220712103000","662","3","屏東縣","潮州鎮","120.535","22.550","1099"
"107","83578","20220712103000","1098","0","屏東縣","潮州鎮","120.535","22.555","108"
"151","83582","20220712103000","76","3","屏東縣","萬丹鄉","120.500","22.595","169"
"351","83585","20220712103000","437","0","屏東縣","萬丹鄉","120.485","22.585","363"
"373","83586","20220712103000","564","0","屏東縣","萬丹鄉","120.490","22.585","383"
"95","83599","20220712103000","362","0","屏東縣","南州鄉","120.505","22.490","391"
"831","83623","20220712103000","473","3","屏東縣","南州鄉","120.510","22.490","767"
"244","83624","20220712103000","190","2","屏東縣","潮州鎮","120.530","22.510","241"
"287","83625","20220712103000","181","3","屏東縣","潮州鎮","120.535","22.510","341"
"372","83646","20220712103000","216","3","屏東縣","潮州鎮","120.530","22.550","407"
"892","83648","20220712103000","555","3","高雄市","鳳山區","120.325","22.595","1011"
"276","83650","20220712103000","378","0","高雄市","前鎮區","120.320","22.595","261"
"1221","83651","20220712103000","1558","0","高雄市","小港區","120.360","22.565","1164"
"267","83652","20220712103000","257","1","高雄市","小港區(海)","120.335","22.550","260"
"465","83653","20220712103000","402","1","高雄市","小港區","120.335","22.555","483"
"389","83655","20220712103000","404","0","高雄市","小港區","120.340","22.560","438"
"53","83657","20220712103000","160","0","高雄市","小港區","120.370","22.530","50"
"538","83658","20220712103000","952","0","高雄市","小港區","120.365","22.535","543"
"43","83660","20220712103000","510","0","高雄市","小港區","120.370","22.540","34"
"172","83661","20220712103000","85","3","高雄市","小港區","120.375","22.540","163"
"821","83662","20220712103000","489","3","高雄市","小港區","120.370","22.545","801"
"266","83666","20220712103000","215","2","高雄市","小港區","120.375","22.545","313"
"19","83669","20220712103000","244","0","高雄市","小港區","120.375","22.550","18"
"323","83670","20220712103000","97","3","高雄市","小港區","120.370","22.555","345"
"57","83671","20220712103000","589","0","高雄市","小港區","120.365","22.560","52"
"375","83673","20220712103000","526","0","高雄市","小港區","120.375","22.560","387"
"351","83674","20220712103000","816","0","高雄市","小港區","120.365","22.565","392"
"319","83675","20220712103000","449","0","高雄市","小港區","120.370","22.565","293"
"674","83677","20220712103000","1196","0","高雄市","小港區","120.355","22.570","685"
"595","83684","20220712103000","801","0","高雄市","大寮區","120.380","22.590","548"
"35","83692","20220712103000","375","0","高雄市","大寮區","120.385","22.590","41"
"669","83694","20220712103000","330","3","高雄市","大寮區","120.395","22.590","718"
"330","83701","20220712103000","394","0","高雄市","大寮區","120.420","22.585","317"
"46","83702","20220712103000","595","0","高雄市","大寮區","120.410","22.590","55"
"102","83703","20220712103000","65","3","高雄市","大寮區","120.415","22.590","129"
"1383","83704","20220712103000","1287","1","高雄市","大寮區","120.420","22.590","1388"
"405","83705","20220712103000","398","1","高雄市","大寮區","120.410","22.595","370"
"419","83706","20220712103000","270","3","高雄市","大寮區","120.415","22.595","432"
"20","83712","20220712103000","69","0","高雄市","前鎮區","120.310","22.580","24"
"80","83713","20220712103000","942","0","高雄市","小港區","120.345","22.565","72"
"67","83752","20220712103000","43","3","臺東縣","大武鄉","120.930","22.425","78"
"16","83764","20220712103000","27","0","臺東縣","大武鄉","120.935","22.435","10"
"52","83802","20220712103000","40","2","臺東縣","大武鄉","120.925","22.415","48"
"33","83805","20220712103000","827","0","高雄市","小港區","120.345","22.525","49"
"493","83815","20220712103000","380","2","高雄市","林園區","120.405","22.495","454"
"21","83817","20220712103000","171","0","高雄市","林園區","120.415","22.495","24"
"319","83819","20220712103000","293","1","高雄市","林園區","120.400","22.500","314"
"48","83820","20220712103000","533","0","高雄市","林園區","120.410","22.495","40"
"236","83822","20220712103000","198","1","高雄市","林園區","120.390","22.505","222"
"190","83828","20220712103000","150","2","高雄市","林園區","120.415","22.485","182"
"513","83831","20220712103000","596","0","高雄市","前鎮區","120.315","22.580","630"
"1313","83836","20220712103000","976","2","高雄市","大寮區","120.405","22.545","1386"
"110","83838","20220712103000","581","0","高雄市","前鎮區","120.300","22.590","91"
"55","83839","20220712103000","289","0","高雄市","前鎮區","120.300","22.585","51"
"473","83840","20220712103000","349","2","高雄市","前鎮區","120.295","22.590","458"
"211","83842","20220712103000","533","0","高雄市","前鎮區","120.305","22.590","236"
"371","83843","20220712103000","257","2","高雄市","前鎮區","120.290","22.595","372"
"937","83844","20220712103000","638","2","高雄市","前鎮區","120.295","22.595","894"
"248","83845","20220712103000","158","3","高雄市","前鎮區","120.310","22.585","282"
"142","83862","20220712103000","128","1","臺東縣","達仁鄉","120.905","22.475","159"
"176","84086","20220712103000","128","2","臺東縣","達仁鄉","120.885","22.455","162"
"300","84511","20220712103000","220","2","臺東縣","金峰鄉","120.960","22.595","326"
"250","85294","20220712103000","261","0","臺東縣","太麻里鄉","120.960","22.530","279"
"698","85296","20220712103000","490","2","高雄市","林園區","120.410","22.480","722"
"32","85297","20220712103000","17","3","高雄市","林園區","120.395","22.490","21"
"458","85301","20220712103000","376","2","高雄市","林園區","120.360","22.505","453"
"325","85302","20220712103000","277","1","高雄市","林園區","120.365","22.505","318"
"458","85305","20220712103000","859","0","高雄市","小港區","120.335","22.560","415"
"344","85307","20220712103000","214","3","高雄市","鳳山區","120.345","22.585","337"
"504","85308","20220712103000","312","3","高雄市","鳳山區","120.355","22.590","537"
"567","85309","20220712103000","325","3","高雄市","鳳山區","120.360","22.590","648"
"122","85310","20220712103000","394","0","高雄市","鳳山區","120.365","22.590","118"
"893","85311","20220712103000","886","1","高雄市","鳳山區","120.355","22.595","926"
"495","85315","20220712103000","393","2","高雄市","鳳山區","120.360","22.595","479"
"329","85322","20220712103000","644","0","高雄市","小港區","120.350","22.560","326"
"851","85323","20220712103000","728","1","高雄市","小港區","120.355","22.560","869"
"1358","85325","20220712103000","925","2","高雄市","鳳山區","120.360","22.585","1446"
"96","85327","20220712103000","310","0","高雄市","小港區","120.370","22.570","81"
"125","85328","20220712103000","141","0","高雄市","小港區","120.355","22.565","117"
"258","85329","20220712103000","151","3","高雄市","小港區","120.375","22.570","275"
"41","85331","20220712103000","174","0","高雄市","小港區","120.370","22.575","42"
"571","85332","20220712103000","499","1","高雄市","小港區","120.375","22.575","608"
"456","85337","20220712103000","594","0","高雄市","小港區","120.355","22.540","461"
"399","85340","20220712103000","511","0","高雄市","小港區","120.350","22.540","371"
"1003","85343","20220712103000","699","2","高雄市","小港區","120.360","22.540","1006"
"371","85345","20220712103000","409","0","高雄市","小港區","120.340","22.545","239"
"827","85347","20220712103000","684","2","高雄市","小港區","120.350","22.545","789"
"231","85353","20220712103000","228","1","高雄市","小港區","120.350","22.550","235"
"314","85354","20220712103000","272","1","高雄市","小港區","120.355","22.550","336"
"948","85355","20220712103000","764","2","高雄市","小港區","120.360","22.550","1021"
"92","85356","20220712103000","212","0","高雄市","小港區","120.345","22.555","101"
"784","85359","20220712103000","747","1","高雄市","小港區","120.355","22.555","778"
"718","85360","20220712103000","429","3","高雄市","小港區","120.345","22.560","703"
"109","85367","20220712103000","139","0","高雄市","小港區","120.345","22.530","119"
"269","85368","20220712103000","186","2","高雄市","小港區","120.350","22.530","238"
"584","85370","20220712103000","576","1","高雄市","小港區","120.355","22.530","547"
"942","85371","20220712103000","931","1","高雄市","小港區","120.360","22.530","975"
"581","85372","20220712103000","821","0","高雄市","小港區","120.335","22.535","554"
"380","85374","20220712103000","416","0","高雄市","小港區","120.345","22.535","349"
"197","85377","20220712103000","172","1","高雄市","小港區(海)","120.330","22.540","132"
"295","85382","20220712103000","530","0","高雄市","小港區","120.320","22.545","201"
"1152","85384","20220712103000","1697","0","高雄市","前鎮區","120.325","22.570","1107"
"919","85385","20220712103000","764","2","高雄市","前鎮區","120.325","22.575","1005"
"649","85386","20220712103000","887","0","高雄市","前鎮區","120.315","22.590","711"
"424","85387","20220712103000","560","0","高雄市","前鎮區","120.305","22.595","405"
"598","85389","20220712103000","818","0","高雄市","前鎮區","120.310","22.595","588"
"1657","85391","20220712103000","1203","2","高雄市","前鎮區","120.315","22.575","1819"
"660","85392","20220712103000","637","1","高雄市","前鎮區","120.320","22.575","641"
"1059","85393","20220712103000","1208","0","高雄市","前鎮區","120.325","22.580","1097"
"625","85396","20220712103000","804","0","高雄市","前鎮區","120.330","22.585","614"
"321","85398","20220712103000","533","0","高雄市","鳳山區","120.340","22.585","351"
"194","85400","20220712103000","166","1","臺東縣","太麻里鄉","120.940","22.460","189"
"63","85417","20220712103000","106","0","臺東縣","太麻里鄉","120.950","22.480","55"
"42","85451","20220712103000","42","1","臺東縣","太麻里鄉","120.955","22.510","34"
"151","85475","20220712103000","90","3","臺東縣","太麻里鄉","120.935","22.520","143"
"517","85487","20220712103000","741","0","高雄市","鳳山區","120.325","22.585","504"
"638","85489","20220712103000","391","3","高雄市","鳳山區","120.350","22.590","579"
"1028","85490","20220712103000","663","3","高雄市","鳳山區","120.345","22.595","1191"
"418","85491","20220712103000","505","0","高雄市","鳳山區","120.330","22.590","448"
"2317","85492","20220712103000","1501","3","高雄市","鳳山區","120.325","22.590","2287"
"732","85493","20220712103000","782","0","高雄市","前鎮區","120.320","22.585","755"
"537","85496","20220712103000","760","0","高雄市","前鎮區","120.330","22.580","519"
"622","85517","20220712103000","770","0","高雄市","大寮區","120.410","22.560","579"
"428","85519","20220712103000","322","2","高雄市","大寮區","120.420","22.560","484"
"972","85533","20220712103000","757","2","高雄市","大寮區","120.405","22.580","950"
"846","85535","20220712103000","745","1","高雄市","鳳山區","120.335","22.595","914"
"99","85536","20220712103000","289","0","高雄市","小港區","120.360","22.570","99"
"466","85537","20220712103000","493","0","高雄市","林園區","120.385","22.490","594"
"491","85543","20220712103000","391","2","高雄市","鳳山區","120.330","22.595","483"
"210","85544","20220712103000","182","1","高雄市","小港區","120.355","22.515","194"
"369","85546","20220712103000","300","2","高雄市","小港區","120.360","22.525","361"
"316","85559","20220712103000","401","0","臺東縣","太麻里鄉","120.965","22.530","334"
"27","85590","20220712103000","32","0","臺東縣","太麻里鄉","120.965","22.545","34"
"126","85591","20220712103000","57","3","臺東縣","太麻里鄉","120.970","22.545","152"
"18","85646","20220712103000","12","3","臺東縣","太麻里鄉","120.980","22.565","32"
"279","85656","20220712103000","148","3","臺東縣","太麻里鄉","120.990","22.575","257"
"103","85660","20220712103000","79","2","臺東縣","太麻里鄉","120.990","22.580","117"
"674","85678","20220712103000","460","2","高雄市","鳳山區","120.350","22.595","702"
"299","85680","20220712103000","366","0","高雄市","鳳山區","120.340","22.595","296"
"451","85681","20220712103000","389","1","高雄市","林園區","120.375","22.500","495"
"1032","85683","20220712103000","866","1","高雄市","林園區","120.385","22.500","1156"
"118","85684","20220712103000","461","0","高雄市","林園區","120.395","22.485","119"
"167","85685","20220712103000","143","1","高雄市","林園區","120.375","22.505","164"
"369","85689","20220712103000","1166","0","高雄市","前鎮區","120.310","22.590","397"
"716","85700","20220712103000","882","0","高雄市","小港區","120.340","22.565","646"
"12","85702","20220712103000","13","0","高雄市","小港區","120.375","22.530","11"
"310","85708","20220712103000","289","1","高雄市","小港區","120.380","22.545","315"
"83","85713","20220712103000","113","0","高雄市","小港區","120.390","22.545","68"
"399","85719","20220712103000","308","2","高雄市","小港區","120.385","22.555","392"
"313","85721","20220712103000","403","0","高雄市","小港區","120.390","22.560","317"
"78","85723","20220712103000","120","0","高雄市","小港區","120.380","22.555","68"
"307","85724","20220712103000","135","3","高雄市","小港區","120.380","22.560","268"
"186","85725","20220712103000","80","3","高雄市","小港區","120.385","22.560","193"
"91","85726","20220712103000","152","0","高雄市","小港區","120.380","22.565","88"
"183","85727","20220712103000","91","3","高雄市","小港區","120.385","22.565","156"
"325","85728","20220712103000","240","2","高雄市","大寮區","120.400","22.590","404"
"380","85729","20220712103000","713","0","高雄市","大寮區","120.390","22.595","168"
"95","85731","20220712103000","88","1","高雄市","大寮區","120.415","22.535","95"
"113","85751","20220712103000","81","2","高雄市","大寮區","120.425","22.555","108"
"201","85754","20220712103000","174","1","高雄市","大寮區","120.425","22.560","193"
"2019","85755","20220712103000","1689","1","高雄市","前鎮區","120.315","22.585","1963"
"357","85756","20220712103000","192","3","高雄市","前鎮區","120.305","22.585","409"
"490","85758","20220712103000","803","0","高雄市","小港區","120.345","22.570","504"
"471","85759","20220712103000","1064","0","高雄市","小港區","120.350","22.570","482"
"295","85764","20220712103000","308","0","高雄市","小港區","120.350","22.575","340"
"197","85768","20220712103000","184","1","高雄市","小港區","120.350","22.580","225"
"354","85770","20220712103000","745","0","高雄市","鳳山區","120.350","22.585","374"
"1332","85771","20220712103000","1498","0","高雄市","鳳山區","120.355","22.585","1422"
"1599","85772","20220712103000","1646","0","高雄市","小港區","120.350","22.565","1657"
"52","85776","20220712103000","85","0","高雄市","小港區","120.325","22.565","51"
"609","85777","20220712103000","757","0","高雄市","小港區","120.330","22.565","688"
"502","85778","20220712103000","582","0","高雄市","前鎮區","120.330","22.570","578"
"1009","85779","20220712103000","718","2","高雄市","小港區","120.335","22.570","1035"
"267","85780","20220712103000","158","3","高雄市","小港區","120.335","22.565","268"
"22","85783","20220712103000","290","0","高雄市","小港區","120.360","22.515","21"
"339","85790","20220712103000","328","1","高雄市","鳳山區","120.340","22.590","339"
"355","85791","20220712103000","226","3","高雄市","鳳山區","120.345","22.590","418"
"905","85793","20220712103000","982","0","高雄市","鳳山區","120.335","22.590","941"
"450","85794","20220712103000","201","3","高雄市","前鎮區","120.335","22.585","443"
"134","85806","20220712103000","150","0","高雄市","小港區(海)","120.330","22.550","208"
"463","85816","20220712103000","282","3","高雄市","小港區(海)","120.315","22.550","266"
"292","85817","20220712103000","220","2","高雄市","旗津區","120.310","22.555","237"
"53","85821","20220712103000","61","0","高雄市","旗津區(海)","120.300","22.575","85"
"42","85823","20220712103000","63","0","高雄市","前鎮區(海)","120.295","22.585","53"
"203","85826","20220712103000","343","0","高雄市","旗津區(海)","120.295","22.580","227"
"383","85827","20220712103000","213","3","高雄市","旗津區","120.290","22.585","304"
"21","85829","20220712103000","79","0","高雄市","大寮區","120.430","22.560","26"
"136","85835","20220712103000","96","2","高雄市","大寮區","120.435","22.565","150"
"357","85837","20220712103000","263","2","高雄市","大寮區","120.420","22.570","341"
"888","85839","20220712103000","823","1","高雄市","大寮區","120.430","22.570","894"
"287","85845","20220712103000","203","2","高雄市","大寮區","120.435","22.580","309"
"273","85858","20220712103000","244","1","高雄市","大寮區","120.410","22.575","277"
"394","85859","20220712103000","432","0","高雄市","大寮區","120.415","22.575","436"
"349","85864","20220712103000","232","3","高雄市","大寮區","120.420","22.580","331"
"1008","85865","20220712103000","897","1","高雄市","大寮區","120.425","22.580","986"
"105","85866","20220712103000","1266","0","高雄市","大寮區","120.430","22.580","84"
"263","85867","20220712103000","265","0","高雄市","大寮區","120.425","22.585","286"
"353","85869","20220712103000","328","1","高雄市","大寮區","120.435","22.585","312"
"41","85872","20220712103000","742","0","高雄市","大寮區","120.425","22.590","40"
"884","85873","20220712103000","827","1","高雄市","大寮區","120.430","22.590","953"
"24","85880","20220712103000","240","0","高雄市","大寮區","120.400","22.595","37"
"589","85881","20220712103000","509","1","高雄市","大寮區","120.405","22.595","586"
"589","85887","20220712103000","524","1","高雄市","前鎮區","120.320","22.570","615"
"128","85888","20220712103000","171","0","高雄市","前鎮區(海)","120.305","22.575","176"
"485","85894","20220712103000","320","3","高雄市","小港區","120.365","22.585","546"
"903","85896","20220712103000","658","2","高雄市","前鎮區","120.320","22.590","960"
"409","85897","20220712103000","402","1","高雄市","林園區","120.395","22.505","414"
"1603","85898","20220712103000","1242","2","高雄市","林園區","120.395","22.510","1541"
"265","85910","20220712103000","206","2","高雄市","林園區","120.405","22.500","296"
"411","85911","20220712103000","384","1","高雄市","林園區","120.410","22.500","385"
"498","85915","20220712103000","445","1","高雄市","林園區","120.405","22.505","490"
"275","85916","20220712103000","298","0","高雄市","林園區","120.410","22.505","287"
"248","85920","20220712103000","226","1","高雄市","林園區","120.405","22.510","271"
"520","85929","20220712103000","376","2","高雄市","林園區","120.405","22.520","472"
"258","85936","20220712103000","176","2","高雄市","林園區","120.390","22.525","209"
"71","85937","20220712103000","128","0","高雄市","林園區","120.395","22.525","102"
"13","85940","20220712103000","15","0","高雄市","林園區","120.410","22.525","12"
"54","85945","20220712103000","470","0","高雄市","前鎮區","120.300","22.595","71"
"758","85946","20220712103000","557","2","高雄市","前鎮區","120.325","22.600","739"
"130","85948","20220712103000","425","0","高雄市","林園區","120.390","22.510","125"
"216","85950","20220712103000","149","2","高雄市","林園區","120.400","22.480","226"
"532","85953","20220712103000","164","3","高雄市","旗津區","120.310","22.560","474"
"104","85954","20220712103000","107","0","高雄市","旗津區","120.305","22.565","101"
"274","85955","20220712103000","396","0","高雄市","旗津區","120.300","22.570","257"
"52","85960","20220712103000","199","0","高雄市","林園區","120.395","22.530","60"
"175","85961","20220712103000","179","0","高雄市","林園區","120.400","22.530","175"
"23","85963","20220712103000","20","1","高雄市","林園區","120.385","22.505","17"
"97","85971","20220712103000","246","0","高雄市","旗津區","120.280","22.595","99"
"305","85972","20220712103000","328","0","高雄市","旗津區","120.285","22.585","260"
"322","85975","20220712103000","264","2","高雄市","旗津區","120.285","22.590","300"
"563","85978","20220712103000","428","2","高雄市","林園區","120.390","22.500","573"
"73","85982","20220712103000","600","0","高雄市","林園區","120.380","22.500","72"
"99","85983","20220712103000","968","0","高雄市","林園區","120.395","22.500","120"
"175","85988","20220712103000","94","3","高雄市","林園區","120.395","22.535","90"
"324","85989","20220712103000","203","3","高雄市","林園區","120.400","22.535","325"
"186","88407","20220712103000","330","0","高雄市","鼓山區","120.260","22.625","226"
"50","90458","20220712103000","21","3","臺東縣","綠島鄉","121.470","22.645","38"
"297","93129","20220712103000","94","3","臺東縣","綠島鄉","121.485","22.680","350"
"812","94971","20220712103000","331","3","高雄市","左營區","120.275","22.700","484"
"47","97490","20220712103000","387","0","屏東縣","屏東市","120.480","22.650","50"
"304","97491","20220712103000","220","2","屏東縣","屏東市","120.485","22.650","309"
"242","97497","20220712103000","291","0","屏東縣","屏東市","120.485","22.645","242"
"25","97500","20220712103000","33","0","屏東縣","屏東市","120.500","22.660","28"
"434","97501","20220712103000","393","1","屏東縣","屏東市","120.500","22.665","463"
"60","97502","20220712103000","314","0","屏東縣","九如鄉","120.490","22.730","70"
"852","97503","20220712103000","678","2","屏東縣","九如鄉","120.490","22.735","840"
"616","97504","20220712103000","382","3","屏東縣","九如鄉","120.490","22.710","647"
"54","97506","20220712103000","68","0","屏東縣","九如鄉","120.490","22.715","50"
"20","97509","20220712103000","25","0","屏東縣","九如鄉","120.495","22.720","20"
"59","97516","20220712103000","228","0","屏東縣","九如鄉","120.500","22.735","63"
"204","97518","20220712103000","88","3","屏東縣","九如鄉","120.505","22.735","232"
"294","97519","20220712103000","226","2","屏東縣","屏東市","120.475","22.655","301"
"277","97520","20220712103000","134","3","屏東縣","屏東市","120.480","22.655","246"
"150","97527","20220712103000","89","3","屏東縣","屏東市","120.450","22.635","157"
"133","97528","20220712103000","139","0","屏東縣","屏東市","120.455","22.635","132"
"125","97529","20220712103000","122","1","屏東縣","屏東市","120.460","22.635","116"
"122","97534","20220712103000","133","0","屏東縣","屏東市","120.455","22.640","115"
"18","97542","20220712103000","11","3","屏東縣","屏東市","120.495","22.625","23"
"553","97544","20220712103000","399","2","屏東縣","屏東市","120.505","22.625","501"
"1248","97550","20220712103000","1208","1","屏東縣","長治鄉","120.510","22.680","1280"
"20","97551","20220712103000","19","1","屏東縣","屏東市","120.475","22.665","13"
"854","97552","20220712103000","608","2","屏東縣","屏東市","120.485","22.670","850"
"102","97565","20220712103000","56","3","屏東縣","內埔鄉","120.570","22.650","103"
"37","97566","20220712103000","144","0","屏東縣","內埔鄉","120.575","22.650","41"
"60","97567","20220712103000","83","0","屏東縣","內埔鄉","120.560","22.655","73"
"315","97588","20220712103000","177","3","屏東縣","屏東市","120.505","22.690","313"
"1023","97589","20220712103000","1423","0","屏東縣","屏東市","120.495","22.685","966"
"33","97597","20220712103000","193","0","屏東縣","屏東市","120.510","22.700","28"
"141","97598","20220712103000","121","1","屏東縣","屏東市","120.495","22.705","114"
"140","97600","20220712103000","52","3","屏東縣","屏東市","120.505","22.705","145"
"1077","97606","20220712103000","881","2","屏東縣","屏東市","120.475","22.660","1060"
"186","97607","20220712103000","288","0","屏東縣","屏東市","120.480","22.660","177"
"1428","97613","20220712103000","845","3","屏東縣","屏東市","120.475","22.690","1436"
"71","97614","20220712103000","94","0","屏東縣","屏東市","120.470","22.690","79"
"120","97625","20220712103000","65","3","屏東縣","屏東市","120.485","22.700","80"
"340","97627","20220712103000","232","2","屏東縣","屏東市","120.480","22.670","337"
"749","97628","20220712103000","768","0","屏東縣","屏東市","120.495","22.670","817"
"288","97638","20220712103000","319","0","屏東縣","竹田鄉","120.525","22.605","273"
"908","97642","20220712103000","716","2","屏東縣","屏東市","120.495","22.665","936"
"361","97643","20220712103000","362","0","屏東縣","屏東市","120.480","22.640","361"
"384","97654","20220712103000","285","2","屏東縣","鹽埔鄉","120.605","22.725","385"
"44","97655","20220712103000","45","0","屏東縣","屏東市","120.500","22.650","33"
"26","97656","20220712103000","27","0","屏東縣","屏東市","120.505","22.650","20"
"443","97657","20220712103000","305","2","屏東縣","屏東市","120.480","22.675","464"
"1535","97658","20220712103000","1288","1","屏東縣","屏東市","120.490","22.655","1555"
"394","97660","20220712103000","384","1","屏東縣","屏東市","120.490","22.660","378"
"200","97661","20220712103000","182","1","屏東縣","屏東市","120.495","22.660","199"
"327","97663","20220712103000","138","3","屏東縣","屏東市","120.460","22.665","305"
"143","97701","20220712103000","1222","0","屏東縣","鹽埔鄉","120.540","22.730","170"
"86","97715","20220712103000","266","0","屏東縣","鹽埔鄉","120.555","22.735","81"
"447","97722","20220712103000","237","3","屏東縣","鹽埔鄉","120.520","22.735","454"
"15","97743","20220712103000","17","0","屏東縣","長治鄉","120.525","22.690","12"
"119","97744","20220712103000","263","0","屏東縣","長治鄉","120.530","22.690","97"
"44","97746","20220712103000","30","2","屏東縣","長治鄉","120.530","22.695","46"
"51","97752","20220712103000","351","0","屏東縣","屏東市","120.485","22.655","56"
"949","97754","20220712103000","841","1","屏東縣","屏東市","120.490","22.675","987"
"430","97761","20220712103000","1212","0","屏東縣","屏東市","120.470","22.655","426"
"46","97765","20220712103000","32","2","屏東縣","屏東市","120.510","22.645","49"
"940","97771","20220712103000","1382","0","屏東縣","屏東市","120.495","22.680","894"
"1964","97772","20220712103000","1110","3","屏東縣","屏東市","120.495","22.675","2017"
"301","97773","20220712103000","441","0","屏東縣","屏東市","120.500","22.685","295"
"2199","97774","20220712103000","1659","2","屏東縣","屏東市","120.505","22.685","2278"
"758","97775","20220712103000","557","2","屏東縣","屏東市","120.510","22.685","718"
"648","97777","20220712103000","694","0","屏東縣","屏東市","120.500","22.675","658"
"208","97783","20220712103000","66","3","屏東縣","內埔鄉","120.600","22.650","209"
"568","97786","20220712103000","854","0","屏東縣","內埔鄉","120.615","22.650","573"
"179","97791","20220712103000","588","0","屏東縣","內埔鄉","120.600","22.660","177"
"331","97800","20220712103000","189","3","屏東縣","麟洛鄉","120.535","22.650","327"
"374","97814","20220712103000","216","3","屏東縣","麟洛鄉","120.550","22.660","399"
"65","97818","20220712103000","51","2","屏東縣","麟洛鄉","120.535","22.665","72"
"58","97823","20220712103000","37","3","屏東縣","麟洛鄉","120.515","22.640","61"
"275","97842","20220712103000","187","2","屏東縣","麟洛鄉","120.520","22.645","285"
"60","97849","20220712103000","720","0","屏東縣","麟洛鄉","120.525","22.650","65"
"105","97851","20220712103000","384","0","屏東縣","麟洛鄉","120.520","22.655","106"
"97","97914","20220712103000","277","0","屏東縣","萬丹鄉","120.460","22.595","103"
"881","97916","20220712103000","592","2","屏東縣","屏東市","120.490","22.680","962"
"1775","97917","20220712103000","1556","1","屏東縣","屏東市","120.490","22.685","1569"
"1262","97918","20220712103000","798","3","屏東縣","屏東市","120.490","22.690","1014"
"458","97919","20220712103000","824","0","屏東縣","屏東市","120.505","22.670","492"
"743","97920","20220712103000","1027","0","屏東縣","長治鄉","120.510","22.670","748"
"204","97925","20220712103000","371","0","屏東縣","長治鄉","120.545","22.690","206"
"22","97933","20220712103000","19","1","屏東縣","屏東市","120.465","22.670","10"
"391","97947","20220712103000","298","2","屏東縣","屏東市","120.475","22.680","397"
"161","97948","20220712103000","312","0","屏東縣","屏東市","120.480","22.680","148"
"517","97953","20220712103000","586","0","屏東縣","屏東市","120.465","22.685","479"
"219","97954","20220712103000","148","2","屏東縣","屏東市","120.470","22.685","203"
"175","97955","20220712103000","304","0","屏東縣","屏東市","120.475","22.685","163"
"1222","97964","20220712103000","1709","0","屏東縣","屏東市","120.510","22.655","1241"
"583","97965","20220712103000","974","0","屏東縣","屏東市","120.505","22.660","579"
"141","97967","20220712103000","465","0","屏東縣","屏東市","120.515","22.660","136"
"601","97969","20220712103000","962","0","屏東縣","屏東市","120.505","22.665","554"
"80","97974","20220712103000","1318","0","屏東縣","屏東市","120.505","22.675","78"
"315","97978","20220712103000","264","1","屏東縣","屏東市","120.475","22.670","310"
"719","97984","20220712103000","474","3","屏東縣","萬丹鄉","120.485","22.610","745"
"240","97985","20220712103000","160","3","屏東縣","萬丹鄉","120.490","22.610","275"
"53","97991","20220712103000","203","0","屏東縣","萬丹鄉","120.490","22.620","67"
"145","98035","20220712103000","101","2","屏東縣","泰武鄉","120.700","22.610","91"
"59","98173","20220712103000","108","0","屏東縣","泰武鄉","120.640","22.625","61"
"251","98233","20220712103000","439","0","屏東縣","萬丹鄉","120.470","22.620","249"
"230","98245","20220712103000","109","3","屏東縣","萬丹鄉","120.470","22.610","218"
"447","98249","20220712103000","202","3","屏東縣","內埔鄉","120.600","22.675","439"
"128","98252","20220712103000","45","3","屏東縣","內埔鄉","120.585","22.640","143"
"86","98255","20220712103000","495","0","屏東縣","內埔鄉","120.590","22.645","97"
"27","98264","20220712103000","201","0","屏東縣","瑪家鄉","120.645","22.695","13"
"196","98266","20220712103000","97","3","屏東縣","瑪家鄉","120.650","22.700","205"
"242","98270","20220712103000","277","0","屏東縣","內埔鄉","120.645","22.705","231"
"913","98276","20220712103000","587","3","屏東縣","內埔鄉","120.565","22.635","960"
"201","98277","20220712103000","169","1","屏東縣","內埔鄉","120.545","22.640","219"
"995","98281","20220712103000","1065","0","屏東縣","麟洛鄉","120.540","22.645","954"
"11","98288","20220712103000","10","1","屏東縣","內埔鄉","120.550","22.645","15"
"207","98298","20220712103000","430","0","屏東縣","內埔鄉","120.555","22.600","210"
"514","98309","20220712103000","467","1","屏東縣","內埔鄉","120.595","22.630","545"
"418","98311","20220712103000","146","3","屏東縣","內埔鄉","120.590","22.635","418"
"135","98316","20220712103000","537","0","屏東縣","內埔鄉","120.600","22.640","147"
"49","98321","20220712103000","218","0","屏東縣","內埔鄉","120.605","22.645","56"
"84","98322","20220712103000","1355","0","屏東縣","內埔鄉","120.610","22.645","66"
"95","98328","20220712103000","84","1","屏東縣","瑪家鄉","120.630","22.650","79"
"27","98341","20220712103000","260","0","屏東縣","內埔鄉","120.580","22.620","25"
"29","98346","20220712103000","19","3","屏東縣","內埔鄉","120.545","22.630","32"
"89","98348","20220712103000","295","0","屏東縣","內埔鄉","120.540","22.635","95"
"17","98355","20220712103000","22","0","屏東縣","內埔鄉","120.635","22.685","32"
"287","98362","20220712103000","193","2","屏東縣","內埔鄉","120.640","22.695","319"
"116","98378","20220712103000","341","0","屏東縣","長治鄉","120.550","22.680","95"
"44","98380","20220712103000","26","3","屏東縣","長治鄉","120.540","22.685","47"
"354","98392","20220712103000","505","0","屏東縣","長治鄉","120.550","22.695","351"
"255","98396","20220712103000","83","3","屏東縣","長治鄉","120.535","22.705","259"
"92","98403","20220712103000","55","3","屏東縣","長治鄉","120.525","22.710","84"
"645","98405","20220712103000","1033","0","屏東縣","長治鄉","120.535","22.710","686"
"60","98406","20220712103000","330","0","屏東縣","長治鄉","120.540","22.710","53"
"239","98407","20220712103000","163","2","屏東縣","長治鄉","120.545","22.710","292"
"137","98408","20220712103000","434","0","屏東縣","長治鄉","120.525","22.715","121"
"212","98410","20220712103000","400","0","屏東縣","長治鄉","120.535","22.715","220"
"145","98418","20220712103000","298","0","屏東縣","萬丹鄉","120.470","22.615","120"
"227","98422","20220712103000","170","2","屏東縣","萬丹鄉","120.520","22.595","265"
"208","98443","20220712103000","170","2","屏東縣","屏東市","120.495","22.640","208"
"304","98446","20220712103000","268","1","屏東縣","屏東市","120.490","22.645","311"
"440","98453","20220712103000","300","2","屏東縣","屏東市","120.485","22.625","462"
"517","98457","20220712103000","443","1","屏東縣","屏東市","120.480","22.635","523"
"46","98458","20220712103000","44","1","屏東縣","屏東市","120.485","22.635","46"
"406","98459","20220712103000","381","1","屏東縣","屏東市","120.490","22.635","416"
"20","98460","20220712103000","335","0","屏東縣","屏東市","120.485","22.640","27"
"120","98462","20220712103000","547","0","屏東縣","內埔鄉","120.565","22.610","145"
"102","98463","20220712103000","70","2","屏東縣","內埔鄉","120.570","22.610","123"
"781","98464","20220712103000","778","1","屏東縣","內埔鄉","120.570","22.615","721"
"347","98467","20220712103000","674","0","屏東縣","內埔鄉","120.560","22.605","379"
"98","98471","20220712103000","1029","0","屏東縣","內埔鄉","120.560","22.600","115"
"183","98472","20220712103000","334","0","屏東縣","內埔鄉","120.565","22.600","198"
"87","98486","20220712103000","248","0","屏東縣","內埔鄉","120.595","22.675","82"
"830","98496","20220712103000","952","0","屏東縣","屏東市","120.485","22.685","883"
"842","98497","20220712103000","321","3","屏東縣","屏東市","120.480","22.690","833"
"618","98498","20220712103000","551","1","屏東縣","屏東市","120.485","22.690","534"
"598","98502","20220712103000","639","0","屏東縣","內埔鄉","120.545","22.625","600"
"17","98511","20220712103000","14","2","屏東縣","內埔鄉","120.570","22.640","17"
"625","98532","20220712103000","626","0","屏東縣","內埔鄉","120.560","22.620","612"
"755","98533","20220712103000","480","3","屏東縣","內埔鄉","120.565","22.620","879"
"30","98538","20220712103000","20","3","屏東縣","內埔鄉","120.565","22.625","27"
"29","98544","20220712103000","252","0","屏東縣","內埔鄉","120.600","22.690","19"
"273","98558","20220712103000","293","0","屏東縣","內埔鄉","120.610","22.700","272"
"15","98563","20220712103000","12","2","屏東縣","內埔鄉","120.600","22.665","15"
"12","98565","20220712103000","110","0","屏東縣","內埔鄉","120.595","22.670","12"
"32","98566","20220712103000","20","3","屏東縣","內埔鄉","120.600","22.670","34"
"425","98589","20220712103000","350","2","屏東縣","屏東市","120.505","22.695","426"
"729","98591","20220712103000","731","0","屏東縣","屏東市","120.445","22.640","856"
"344","98594","20220712103000","348","0","屏東縣","屏東市","120.460","22.640","384"
"55","98596","20220712103000","262","0","屏東縣","屏東市","120.445","22.645","73"
"567","98598","20220712103000","514","1","屏東縣","屏東市","120.455","22.645","579"
"295","98607","20220712103000","231","2","屏東縣","屏東市","120.465","22.650","280"
"30","98616","20220712103000","32","0","屏東縣","屏東市","120.445","22.660","29"
"243","98633","20220712103000","401","0","屏東縣","三地門鄉","120.640","22.715","220"
"399","98636","20220712103000","411","0","屏東縣","三地門鄉","120.655","22.715","381"
"189","98648","20220712103000","138","2","屏東縣","三地門鄉","120.670","22.720","240"
"25","98661","20220712103000","34","0","屏東縣","三地門鄉","120.640","22.735","12"
"260","98723","20220712103000","259","1","屏東縣","屏東市","120.495","22.690","293"
"502","98724","20220712103000","304","3","屏東縣","屏東市","120.500","22.690","554"
"782","98725","20220712103000","641","2","屏東縣","屏東市","120.480","22.665","817"
"727","98726","20220712103000","417","3","屏東縣","屏東市","120.495","22.695","721"
"319","98729","20220712103000","286","1","屏東縣","屏東市","120.500","22.695","332"
"1795","98734","20220712103000","1061","3","屏東縣","屏東市","120.490","22.670","1832"
"89","98776","20220712103000","68","2","屏東縣","萬巒鄉","120.625","22.630","75"
"113","98782","20220712103000","50","3","屏東縣","萬巒鄉","120.625","22.640","97"
"63","98803","20220712103000","68","0","屏東縣","萬巒鄉","120.615","22.605","72"
"571","98804","20220712103000","291","3","屏東縣","萬巒鄉","120.620","22.605","537"
"58","98822","20220712103000","38","3","屏東縣","長治鄉","120.535","22.670","63"
"1148","98826","20220712103000","666","3","屏東縣","長治鄉","120.525","22.675","1200"
"225","98837","20220712103000","186","2","屏東縣","長治鄉","120.515","22.685","199"
"48","98842","20220712103000","671","0","屏東縣","長治鄉","120.510","22.665","35"
"354","98843","20220712103000","353","1","屏東縣","長治鄉","120.515","22.665","397"
"23","98844","20220712103000","34","0","屏東縣","長治鄉","120.520","22.665","29"
"21","98884","20220712103000","14","3","屏東縣","瑪家鄉","120.705","22.675","14"
"594","98968","20220712103000","215","3","屏東縣","瑪家鄉","120.670","22.675","606"
"147","99003","20220712103000","101","2","屏東縣","瑪家鄉","120.655","22.705","127"
"24","99033","20220712103000","15","3","屏東縣","瑪家鄉","120.690","22.680","19"
"92","99078","20220712103000","163","0","屏東縣","瑪家鄉","120.640","22.685","75"
"19","99093","20220712103000","16","1","屏東縣","麟洛鄉","120.525","22.630","11"
"322","99094","20220712103000","235","2","屏東縣","竹田鄉","120.530","22.630","318"
"530","99099","20220712103000","301","3","屏東縣","竹田鄉","120.535","22.640","590"
"13","99104","20220712103000","25","0","屏東縣","竹田鄉","120.545","22.600","11"
"195","99110","20220712103000","211","0","屏東縣","竹田鄉","120.520","22.615","206"
"172","99116","20220712103000","142","2","屏東縣","竹田鄉","120.525","22.620","183"
"135","99293","20220712103000","451","0","屏東縣","萬丹鄉","120.465","22.605","155"
"309","99294","20220712103000","155","3","屏東縣","萬丹鄉","120.470","22.605","305"
"105","99299","20220712103000","525","0","屏東縣","萬丹鄉","120.495","22.595","105"
"396","99310","20220712103000","373","1","屏東縣","長治鄉","120.520","22.680","407"
"38","99313","20220712103000","73","0","屏東縣","長治鄉","120.525","22.685","47"
"90","99317","20220712103000","438","0","屏東縣","長治鄉","120.565","22.670","77"
"831","99340","20220712103000","402","3","屏東縣","長治鄉","120.590","22.695","927"
"378","99352","20220712103000","365","1","屏東縣","長治鄉","120.575","22.705","345"
"212","99358","20220712103000","134","3","屏東縣","長治鄉","120.580","22.710","193"
"76","99371","20220712103000","48","3","屏東縣","鹽埔鄉","120.580","22.720","78"
"236","99390","20220712103000","134","3","屏東縣","長治鄉","120.570","22.700","225"
"16","99551","20220712103000","14","1","屏東縣","霧台鄉","120.755","22.730","13"
"56","99607","20220712103000","28","3","屏東縣","高樹鄉","120.630","22.735","57"
"124","99617","20220712103000","51","3","屏東縣","萬丹鄉","120.450","22.620","124"
"59","99627","20220712103000","298","0","屏東縣","萬丹鄉","120.465","22.625","68"
"26","99670","20220712103000","120","0","屏東縣","九如鄉","120.485","22.735","27"
"1063","99671","20220712103000","1189","0","屏東縣","屏東市","120.490","22.665","939"
"22","99677","20220712103000","41","0","屏東縣","屏東市","120.485","22.705","24"
"21","99680","20220712103000","105","0","屏東縣","九如鄉","120.480","22.710","25"
"637","99690","20220712103000","253","3","屏東縣","九如鄉","120.520","22.710","635"
"26","99705","20220712103000","113","0","屏東縣","九如鄉","120.505","22.725","31"
"398","99716","20220712103000","203","3","臺東縣","綠島鄉","121.470","22.670","402"
"251","99719","20220712103000","154","3","臺東縣","綠島鄉","121.470","22.675","229"
"26","99724","20220712103000","17","3","臺東縣","綠島鄉","121.495","22.640","31"
"78","99732","20220712103000","42","3","臺東縣","綠島鄉","121.500","22.645","67"
"105","99739","20220712103000","31","3","臺東縣","綠島鄉","121.505","22.655","116"
"181","99759","20220712103000","104","3","臺東縣","綠島鄉","121.490","22.675","227"
"77","99760","20220712103000","87","0","臺東縣","綠島鄉","121.495","22.675","76"
"181","99762","20220712103000","87","3","臺東縣","綠島鄉","121.505","22.675","176"
"147","99767","20220712103000","80","3","臺東縣","綠島鄉","121.475","22.650","123"
"137","99769","20220712103000","87","3","臺東縣","綠島鄉","121.485","22.650","127"
"520","99774","20220712103000","402","2","臺東縣","綠島鄉","121.475","22.660","484"
"226","99777","20220712103000","111","3","臺東縣","綠島鄉","121.470","22.665","281"
"719","99779","20220712103000","501","2","臺東縣","綠島鄉","121.465","22.670","717"
"402","99780","20220712103000","305","2","高雄市","楠梓區","120.295","22.715","442"
"244","99782","20220712103000","429","0","高雄市","楠梓區","120.305","22.710","304"
"1238","99783","20220712103000","831","2","高雄市","楠梓區","120.300","22.715","1315"
"1390","99784","20220712103000","1062","2","高雄市","楠梓區","120.305","22.715","1413"
"141","99785","20220712103000","437","0","高雄市","楠梓區","120.310","22.715","166"
"1039","99787","20220712103000","1421","0","高雄市","前金區","120.290","22.625","942"
"1133","99788","20220712103000","1165","0","高雄市","前金區","120.300","22.620","1195"
"559","99792","20220712103000","400","2","臺東縣","臺東市","121.050","22.705","566"
"308","99796","20220712103000","350","0","臺東縣","臺東市","121.040","22.705","299"
"826","99800","20220712103000","446","3","臺東縣","臺東市","121.045","22.710","928"
"371","99817","20220712103000","240","3","臺東縣","臺東市","121.060","22.710","397"
"657","99819","20220712103000","763","0","臺東縣","臺東市","121.070","22.710","654"
"173","99837","20220712103000","73","3","臺東縣","臺東市","121.070","22.720","179"
"55","99854","20220712103000","93","0","臺東縣","臺東市","121.085","22.730","71"
"80","99856","20220712103000","76","1","高雄市","大寮區","120.415","22.620","103"
"131","99859","20220712103000","96","2","高雄市","大寮區","120.430","22.620","129"
"447","99862","20220712103000","419","1","高雄市","大寮區","120.425","22.625","475"
"2714","99875","20220712103000","1262","3","高雄市","鳥松區","120.335","22.655","2833"
"420","99876","20220712103000","884","0","高雄市","前鎮區","120.315","22.595","422"
"1225","99877","20220712103000","1049","1","高雄市","三民區","120.320","22.670","1319"
"278","99885","20220712103000","228","2","臺東縣","臺東市","121.055","22.725","292"
"916","99892","20220712103000","1039","0","高雄市","前鎮區","120.305","22.605","898"
"1158","99893","20220712103000","827","2","高雄市","前鎮區","120.315","22.615","1184"
"1647","99894","20220712103000","1191","2","高雄市","前鎮區","120.305","22.600","1732"
"919","99895","20220712103000","1183","0","高雄市","前鎮區","120.330","22.610","940"
"185","99897","20220712103000","283","0","高雄市","仁武區","120.330","22.705","179"
"1228","99898","20220712103000","1328","0","高雄市","仁武區","120.335","22.705","1213"
"834","99899","20220712103000","978","0","高雄市","仁武區","120.330","22.710","864"
"903","99900","20220712103000","482","3","高雄市","仁武區","120.335","22.710","944"
"89","99901","20220712103000","67","2","高雄市","仁武區","120.330","22.715","66"
"561","99902","20220712103000","830","0","高雄市","楠梓區","120.330","22.720","540"
"10","99903","20220712103000","18","0","高雄市","三民區","120.290","22.640","26"
"88","99905","20220712103000","718","0","高雄市","仁武區","120.355","22.680","96"
"282","99906","20220712103000","1037","0","高雄市","仁武區","120.355","22.685","351"
"581","99908","20220712103000","482","2","高雄市","仁武區","120.345","22.685","591"
"404","99912","20220712103000","458","0","高雄市","仁武區","120.365","22.690","368"
"71","99913","20220712103000","32","3","高雄市","仁武區","120.370","22.690","83"
"169","99914","20220712103000","117","2","高雄市","仁武區","120.375","22.690","177"
"173","99919","20220712103000","82","3","高雄市","仁武區","120.375","22.695","218"
"891","99924","20220712103000","813","1","高雄市","仁武區","120.365","22.700","819"
"234","99927","20220712103000","208","1","高雄市","仁武區","120.380","22.700","243"
"314","99930","20220712103000","261","2","高雄市","仁武區","120.395","22.700","317"
"1896","99933","20220712103000","2206","0","高雄市","鹽埕區","120.285","22.630","1896"
"1008","99935","20220712103000","1392","0","高雄市","楠梓區","120.325","22.725","964"
"429","99936","20220712103000","191","3","高雄市","楠梓區","120.315","22.735","395"
"669","99937","20220712103000","518","2","高雄市","楠梓區","120.320","22.730","732"
"1367","99940","20220712103000","1087","2","高雄市","楠梓區","120.300","22.710","1413"
"1347","99941","20220712103000","1568","0","高雄市","三民區","120.320","22.650","1356"
"3102","99942","20220712103000","3895","0","高雄市","前金區","120.295","22.630","3107"
"674","99943","20220712103000","995","0","高雄市","三民區","120.290","22.645","672"
"82","99944","20220712103000","1161","0","高雄市","鳳山區","120.375","22.635","79"
"1653","99945","20220712103000","1280","2","高雄市","鳳山區","120.365","22.625","1663"
"568","99946","20220712103000","551","1","高雄市","鳳山區","120.370","22.625","539"
"47","99951","20220712103000","248","0","高雄市","大樹區","120.420","22.695","45"
"26","99953","20220712103000","19","2","高雄市","大樹區","120.425","22.700","29"
"17","99955","20220712103000","13","2","高雄市","大樹區","120.430","22.730","10"
"42","99958","20220712103000","38","1","高雄市","大樹區","120.425","22.735","53"
"15","99963","20220712103000","338","0","高雄市","大樹區","120.415","22.685","14"
"17","99964","20220712103000","14","2","高雄市","大樹區","120.410","22.690","11"
"14","99968","20220712103000","15","0","高雄市","大樹區","120.405","22.690","13"
"155","99973","20220712103000","147","1","高雄市","大樹區","120.400","22.700","155"
"311","99976","20220712103000","443","0","高雄市","大社區","120.340","22.725","282"
"171","99979","20220712103000","287","0","高雄市","大社區","120.345","22.725","167"
"88","99983","20220712103000","755","0","高雄市","左營區","120.300","22.685","87"
"506","99984","20220712103000","416","2","高雄市","左營區","120.305","22.690","501"
"2245","99985","20220712103000","1966","1","高雄市","左營區","120.310","22.685","2396"
"1263","99987","20220712103000","623","3","高雄市","左營區","120.315","22.690","1334"
"1101","99989","20220712103000","1034","1","高雄市","新興區","120.305","22.630","1065"
"134","99990","20220712103000","181","0","高雄市","大寮區","120.385","22.615","127"
"708","99993","20220712103000","721","0","高雄市","大寮區","120.380","22.620","708"
"347","99994","20220712103000","182","3","高雄市","大寮區","120.385","22.620","371"
"98","99999","20220712103000","47","3","高雄市","大寮區","120.375","22.600","134"
"1687","100002","20220712103000","2087","0","高雄市","三民區","120.295","22.635","1767"
"779","100003","20220712103000","960","0","高雄市","前金區","120.300","22.625","739"
"2246","100004","20220712103000","2312","0","高雄市","新興區","120.300","22.630","2269"
"480","100005","20220712103000","2294","0","高雄市","大寮區","120.385","22.600","465"
"561","100007","20220712103000","503","1","高雄市","大寮區","120.385","22.610","602"
"634","100010","20220712103000","1015","0","高雄市","苓雅區","120.330","22.625","697"
"2452","100011","20220712103000","2494","0","高雄市","鳳山區","120.360","22.635","2405"
"911","100012","20220712103000","826","1","高雄市","鳳山區","120.365","22.630","895"
"451","100013","20220712103000","399","1","高雄市","鳳山區","120.375","22.640","438"
"431","100014","20220712103000","1244","0","高雄市","鳳山區","120.350","22.615","416"
"3008","100015","20220712103000","2110","2","高雄市","楠梓區","120.300","22.725","3124"
"1028","100016","20220712103000","791","2","高雄市","橋頭區","120.300","22.730","1078"
"818","100017","20220712103000","1237","0","高雄市","橋頭區","120.305","22.730","929"
"591","100019","20220712103000","1108","0","高雄市","鳳山區","120.345","22.615","574"
"601","100021","20220712103000","159","3","高雄市","楠梓區","120.285","22.725","690"
"237","100022","20220712103000","1065","0","高雄市","楠梓區","120.290","22.725","232"
"624","100023","20220712103000","865","0","高雄市","橋頭區","120.295","22.730","490"
"213","100025","20220712103000","427","0","高雄市","楠梓區","120.285","22.730","184"
"20","100026","20220712103000","13","3","高雄市","楠梓區","120.290","22.730","19"
"790","100028","20220712103000","1337","0","高雄市","楠梓區","120.290","22.715","1043"
"852","100029","20220712103000","1019","0","高雄市","楠梓區","120.290","22.720","903"
"1159","100032","20220712103000","1534","0","高雄市","苓雅區","120.300","22.610","1194"
"1169","100033","20220712103000","936","2","高雄市","苓雅區","120.335","22.625","1094"
"2491","100034","20220712103000","2459","1","高雄市","前鎮區","120.310","22.615","2665"
"669","100038","20220712103000","514","2","高雄市","大寮區","120.405","22.640","610"
"310","100039","20220712103000","184","3","高雄市","大寮區","120.410","22.640","303"
"3165","100044","20220712103000","2741","1","高雄市","三民區","120.325","22.650","3043"
"920","100045","20220712103000","877","1","高雄市","三民區","120.320","22.655","820"
"1007","100047","20220712103000","1439","0","高雄市","鳳山區","120.380","22.630","1027"
"3713","100048","20220712103000","3561","1","高雄市","苓雅區","120.320","22.620","3887"
"3645","100049","20220712103000","3856","0","高雄市","新興區","120.310","22.630","3812"
"1189","100050","20220712103000","703","3","高雄市","三民區","120.315","22.650","1242"
"665","100052","20220712103000","1210","0","高雄市","三民區","120.315","22.655","623"
"2352","100053","20220712103000","1215","3","高雄市","三民區","120.330","22.640","2455"
"1195","100054","20220712103000","798","2","高雄市","三民區","120.315","22.640","1163"
"702","100057","20220712103000","1147","0","高雄市","前鎮區","120.285","22.605","674"
"481","100058","20220712103000","430","1","高雄市","前鎮區","120.290","22.605","464"
"1665","100059","20220712103000","1264","2","高雄市","前鎮區","120.300","22.605","1562"
"85","100071","20220712103000","68","2","臺東縣","太麻里鄉","121.025","22.670","94"
"116","100074","20220712103000","122","0","臺東縣","太麻里鄉","121.040","22.670","119"
"242","100530","20220712103000","185","2","臺東縣","金峰鄉","120.950","22.640","182"
"109","100729","20220712103000","67","3","臺東縣","金峰鄉","121.000","22.635","106"
"1177","100742","20220712103000","1047","1","高雄市","鳳山區","120.360","22.625","1267"
"1460","100743","20220712103000","1732","0","高雄市","三民區","120.305","22.640","1511"
"128","100744","20220712103000","691","0","高雄市","楠梓區","120.295","22.725","136"
"3326","100745","20220712103000","2597","2","高雄市","楠梓區","120.300","22.720","3393"
"150","100746","20220712103000","74","3","高雄市","鳳山區","120.365","22.605","147"
"669","100747","20220712103000","899","0","高雄市","鳳山區","120.360","22.610","764"
"446","100753","20220712103000","421","1","高雄市","鳳山區","120.355","22.605","450"
"198","100755","20220712103000","144","2","高雄市","鳳山區","120.365","22.615","181"
"284","100759","20220712103000","167","3","高雄市","左營區","120.295","22.695","294"
"326","100760","20220712103000","185","3","高雄市","左營區","120.295","22.700","287"
"2223","100762","20220712103000","1563","2","高雄市","三民區","120.315","22.645","2358"
"2156","100764","20220712103000","2288","0","高雄市","三民區","120.310","22.640","2690"
"1355","100765","20220712103000","1417","0","高雄市","前金區","120.290","22.630","1250"
"1449","100766","20220712103000","976","2","高雄市","三民區","120.295","22.645","1474"
"149","100767","20220712103000","226","0","高雄市","仁武區","120.340","22.705","132"
"333","100768","20220712103000","1184","0","高雄市","仁武區","120.345","22.705","340"
"672","100771","20220712103000","522","2","高雄市","仁武區","120.340","22.715","734"
"838","100773","20220712103000","924","0","高雄市","仁武區","120.350","22.690","828"
"748","100775","20220712103000","318","3","高雄市","仁武區","120.350","22.695","788"
"69","100777","20220712103000","801","0","高雄市","仁武區","120.355","22.700","70"
"49","100778","20220712103000","31","3","高雄市","仁武區","120.350","22.705","70"
"272","100779","20220712103000","303","0","高雄市","仁武區","120.355","22.705","226"
"274","100781","20220712103000","296","0","高雄市","仁武區","120.350","22.710","295"
"211","100783","20220712103000","266","0","高雄市","仁武區","120.345","22.715","205"
"238","100784","20220712103000","261","0","高雄市","仁武區","120.350","22.715","238"
"974","100786","20220712103000","1119","0","高雄市","前鎮區","120.335","22.605","956"
"2273","100787","20220712103000","1809","2","高雄市","前鎮區","120.330","22.600","2389"
"1806","100788","20220712103000","1653","1","高雄市","三民區","120.335","22.650","1853"
"596","100789","20220712103000","1060","0","高雄市","三民區","120.325","22.655","639"
"40","100790","20220712103000","24","3","臺東縣","太麻里鄉","120.975","22.600","62"
"542","100808","20220712103000","682","0","臺東縣","太麻里鄉","121.005","22.610","568"
"2842","100829","20220712103000","2987","0","高雄市","苓雅區","120.340","22.630","2842"
"1523","100830","20220712103000","2201","0","高雄市","鳳山區","120.345","22.630","1524"
"937","100831","20220712103000","1725","0","高雄市","鳳山區","120.365","22.640","1015"
"1657","100832","20220712103000","1295","2","高雄市","苓雅區","120.325","22.615","1823"
"2188","100833","20220712103000","1717","2","高雄市","左營區","120.305","22.660","2113"
"2982","100834","20220712103000","2675","1","高雄市","左營區","120.310","22.660","3117"
"3732","100835","20220712103000","2933","2","高雄市","左營區","120.305","22.665","3873"
"1592","100836","20220712103000","2231","0","高雄市","左營區","120.310","22.665","1590"
"1680","100837","20220712103000","1840","0","高雄市","左營區","120.300","22.670","1695"
"1244","100838","20220712103000","1276","0","高雄市","左營區","120.305","22.670","1214"
"2067","100839","20220712103000","1678","2","高雄市","左營區","120.300","22.680","2287"
"1270","100842","20220712103000","1857","0","高雄市","新興區","120.305","22.635","1340"
"54","100844","20220712103000","42","2","高雄市","大寮區","120.385","22.635","55"
"1996","100848","20220712103000","1706","1","高雄市","大寮區","120.395","22.640","2173"
"1654","100851","20220712103000","1607","1","高雄市","三民區","120.325","22.675","1668"
"1604","100852","20220712103000","1425","1","高雄市","三民區","120.325","22.660","1762"
"2080","100853","20220712103000","1273","3","高雄市","三民區","120.330","22.660","2119"
"943","100854","20220712103000","2150","0","高雄市","三民區","120.325","22.665","992"
"100","100855","20220712103000","900","0","高雄市","鳥松區","120.335","22.665","82"
"236","100856","20220712103000","1282","0","高雄市","三民區","120.330","22.665","292"
"365","100858","20220712103000","548","0","高雄市","三民區","120.330","22.670","329"
"2598","100860","20220712103000","2189","1","高雄市","三民區","120.335","22.645","2741"
"1039","100861","20220712103000","951","1","高雄市","前鎮區","120.310","22.605","1127"
"2523","100862","20220712103000","2649","0","高雄市","前鎮區","120.310","22.610","2860"
"801","100863","20220712103000","925","0","高雄市","前鎮區","120.315","22.610","824"
"1176","100864","20220712103000","452","3","高雄市","左營區","120.290","22.700","1125"
"1335","100865","20220712103000","1084","2","高雄市","左營區","120.285","22.680","1400"
"1145","100866","20220712103000","664","3","高雄市","左營區","120.290","22.680","1121"
"834","100867","20220712103000","929","0","高雄市","鳳山區","120.350","22.640","760"
"1601","100868","20220712103000","1011","3","高雄市","鳳山區","120.350","22.630","1567"
"2330","100869","20220712103000","3571","0","高雄市","鳳山區","120.350","22.645","2145"
"1013","100870","20220712103000","1354","0","高雄市","鳳山區","120.350","22.635","1057"
"1796","100871","20220712103000","1730","1","高雄市","苓雅區","120.335","22.620","1846"
"883","100872","20220712103000","1710","0","高雄市","鳳山區","120.340","22.600","936"
"1895","100873","20220712103000","1118","3","高雄市","三民區","120.320","22.645","1925"
"1516","100874","20220712103000","1399","1","高雄市","三民區","120.325","22.645","1609"
"1729","100875","20220712103000","1460","1","高雄市","三民區","120.290","22.635","1801"
"1341","100877","20220712103000","1249","1","高雄市","三民區","120.325","22.670","1420"
"1175","100878","20220712103000","1614","0","高雄市","三民區","120.315","22.660","1234"
"1518","100879","20220712103000","1284","1","高雄市","三民區","120.320","22.660","1601"
"1926","100880","20220712103000","2241","0","高雄市","三民區","120.315","22.665","2004"
"279","100881","20220712103000","2023","0","高雄市","三民區","120.320","22.665","269"
"1870","100883","20220712103000","1170","3","高雄市","前鎮區","120.305","22.610","1940"
"245","100888","20220712103000","941","0","高雄市","大寮區","120.390","22.625","244"
"2432","100890","20220712103000","2343","1","高雄市","三民區","120.335","22.640","2355"
"1719","100891","20220712103000","2363","0","高雄市","鳳山區","120.345","22.635","1713"
"363","100909","20220712103000","443","0","臺東縣","臺東市","121.055","22.705","340"
"220","100915","20220712103000","186","1","臺東縣","太麻里鄉","121.010","22.625","214"
"161","100925","20220712103000","30","3","臺東縣","太麻里鄉","121.015","22.640","186"
"515","100938","20220712103000","305","3","臺東縣","臺東市","121.100","22.725","494"
"136","100946","20220712103000","274","0","高雄市","鳥松區","120.350","22.665","142"
"1139","100947","20220712103000","684","3","高雄市","鳥松區","120.355","22.665","1256"
"281","100948","20220712103000","207","2","高雄市","鳥松區","120.360","22.665","253"
"101","100954","20220712103000","145","0","高雄市","仁武區","120.370","22.680","104"
"41","100961","20220712103000","30","2","高雄市","鳥松區","120.380","22.685","38"
"330","100966","20220712103000","241","2","高雄市","鳥松區","120.395","22.665","341"
"38","100969","20220712103000","76","0","高雄市","鳥松區","120.390","22.675","32"
"1235","100974","20220712103000","1232","1","高雄市","三民區","120.340","22.645","1285"
"1305","100975","20220712103000","1038","2","高雄市","鳥松區","120.345","22.655","1330"
"422","100977","20220712103000","426","0","高雄市","鳥松區","120.340","22.655","372"
"366","100978","20220712103000","327","1","高雄市","鳥松區","120.340","22.660","298"
"293","100982","20220712103000","283","1","高雄市","鳥松區","120.390","22.660","302"
"230","100983","20220712103000","179","2","高雄市","鳥松區","120.395","22.660","248"
"78","100986","20220712103000","896","0","高雄市","鳳山區","120.360","22.640","83"
"1216","100987","20220712103000","1317","0","高雄市","鳥松區","120.355","22.645","1148"
"185","100988","20220712103000","169","1","高雄市","鳳山區","120.360","22.645","205"
"496","100989","20220712103000","228","3","高雄市","鳥松區","120.365","22.645","450"
"3022","100992","20220712103000","2386","2","高雄市","鳥松區","120.355","22.650","2815"
"896","100995","20220712103000","898","0","高雄市","鳥松區","120.370","22.650","874"
"77","100997","20220712103000","136","0","高雄市","鳥松區","120.355","22.655","92"
"1471","100998","20220712103000","1194","2","高雄市","鳥松區","120.360","22.655","1546"
"694","101004","20220712103000","567","2","高雄市","鳥松區","120.360","22.660","719"
"762","101009","20220712103000","797","0","高雄市","鳥松區","120.370","22.665","815"
"75","101010","20220712103000","136","0","高雄市","鳥松區","120.340","22.665","43"
"47","101011","20220712103000","14","3","高雄市","鳥松區","120.340","22.670","37"
"27","101012","20220712103000","20","2","高雄市","仁武區","120.345","22.670","26"
"56","101013","20220712103000","73","0","高雄市","鳥松區","120.365","22.670","54"
"283","101014","20220712103000","241","1","高雄市","鳥松區","120.370","22.670","315"
"274","101017","20220712103000","214","2","高雄市","鳥松區","120.380","22.655","287"
"144","101018","20220712103000","93","3","高雄市","鳥松區","120.385","22.655","178"
"288","101019","20220712103000","281","1","高雄市","鳥松區","120.370","22.660","278"
"224","101021","20220712103000","316","0","高雄市","鳥松區","120.380","22.660","223"
"783","101029","20220712103000","988","0","高雄市","鳳山區","120.355","22.625","740"
"2181","101030","20220712103000","1924","1","高雄市","鳳山區","120.355","22.635","2229"
"13","101034","20220712103000","12","1","高雄市","鳳山區","120.380","22.625","16"
"1402","101035","20220712103000","979","2","高雄市","楠梓區","120.325","22.705","1548"
"59","101038","20220712103000","35","3","高雄市","仁武區","120.330","22.695","41"
"295","101039","20220712103000","410","0","高雄市","仁武區","120.325","22.700","253"
"544","101043","20220712103000","713","0","高雄市","前鎮區","120.315","22.605","622"
"2066","101044","20220712103000","1833","1","高雄市","三民區","120.335","22.635","2126"
"203","101045","20220712103000","888","0","高雄市","三民區","120.345","22.640","201"
"169","101046","20220712103000","999","0","高雄市","仁武區","120.345","22.675","212"
"301","101047","20220712103000","391","0","高雄市","仁武區","120.350","22.675","328"
"277","101048","20220712103000","838","0","高雄市","仁武區","120.340","22.680","295"
"560","101049","20220712103000","463","2","高雄市","仁武區","120.345","22.680","633"
"1090","101052","20220712103000","892","2","高雄市","仁武區","120.325","22.685","1122"
"624","101053","20220712103000","429","2","高雄市","仁武區","120.325","22.690","647"
"747","101055","20220712103000","457","3","高雄市","仁武區","120.325","22.695","736"
"752","101056","20220712103000","312","3","高雄市","仁武區","120.320","22.695","771"
"819","101058","20220712103000","646","2","高雄市","仁武區","120.330","22.700","892"
"264","101059","20220712103000","822","0","高雄市","鳳山區","120.365","22.635","288"
"1847","101061","20220712103000","1952","0","高雄市","苓雅區","120.295","22.615","1767"
"1990","101062","20220712103000","1760","1","高雄市","苓雅區","120.320","22.625","2128"
"1542","101063","20220712103000","1157","2","高雄市","鳳山區","120.375","22.625","1602"
"49","101064","20220712103000","708","0","高雄市","鳳山區","120.375","22.620","58"
"128","101068","20220712103000","50","3","高雄市","鳳山區","120.365","22.620","86"
"465","101069","20220712103000","281","3","高雄市","鳳山區","120.370","22.620","516"
"1446","101074","20220712103000","1856","0","高雄市","左營區","120.290","22.675","1504"
"43","101076","20220712103000","191","0","高雄市","梓官區","120.250","22.730","37"
"817","101077","20220712103000","714","1","高雄市","梓官區","120.255","22.730","831"
"542","101086","20220712103000","433","2","高雄市","楠梓區","120.275","22.725","563"
"29","101090","20220712103000","369","0","高雄市","楠梓區","120.280","22.725","27"
"389","101092","20220712103000","515","0","高雄市","楠梓區","120.280","22.730","394"
"1578","101094","20220712103000","1306","2","高雄市","楠梓區","120.320","22.725","1771"
"1183","101095","20220712103000","634","3","高雄市","楠梓區","120.285","22.710","1283"
"394","101096","20220712103000","293","2","高雄市","左營區","120.300","22.695","364"
"1163","101100","20220712103000","1612","0","高雄市","苓雅區","120.315","22.625","1193"
"1263","101101","20220712103000","1428","0","高雄市","鹽埕區","120.280","22.625","1347"
"1671","101102","20220712103000","1436","1","高雄市","苓雅區","120.325","22.620","1739"
"503","101103","20220712103000","357","2","高雄市","左營區","120.310","22.670","551"
"1122","101104","20220712103000","621","3","高雄市","左營區","120.315","22.670","1160"
"1967","101105","20220712103000","1728","1","高雄市","左營區","120.300","22.675","1949"
"503","101106","20220712103000","243","3","高雄市","左營區","120.295","22.680","634"
"1916","101107","20220712103000","1480","2","高雄市","左營區","120.305","22.675","1861"
"338","101109","20220712103000","1083","0","高雄市","鳳山區","120.340","22.610","334"
"1548","101110","20220712103000","1659","0","高雄市","鳳山區","120.335","22.615","1525"
"97","101111","20220712103000","558","0","高雄市","鳳山區","120.340","22.615","114"
"496","101113","20220712103000","1754","0","高雄市","鳳山區","120.340","22.605","478"
"737","101114","20220712103000","574","2","高雄市","鼓山區","120.280","22.655","761"
"1570","101115","20220712103000","1494","1","高雄市","鼓山區","120.280","22.660","1887"
"1309","101116","20220712103000","857","3","高雄市","鼓山區","120.285","22.650","1441"
"1312","101117","20220712103000","1251","1","高雄市","鼓山區","120.290","22.650","1315"
"1588","101119","20220712103000","2149","0","高雄市","鼓山區","120.290","22.655","1587"
"592","101120","20220712103000","716","0","高雄市","鼓山區","120.285","22.660","647"
"875","101121","20220712103000","1358","0","高雄市","鼓山區","120.290","22.660","871"
"614","101122","20220712103000","429","2","高雄市","鼓山區","120.290","22.665","676"
"583","101123","20220712103000","997","0","高雄市","鼓山區","120.285","22.665","583"
"1014","101124","20220712103000","786","2","高雄市","鼓山區","120.280","22.645","1088"
"980","101125","20220712103000","792","2","高雄市","鼓山區","120.270","22.625","943"
"1634","101126","20220712103000","1977","0","高雄市","鼓山區","120.280","22.630","1638"
"93","101127","20220712103000","76","2","高雄市","鼓山區","120.275","22.625","56"
"57","101128","20220712103000","136","0","高雄市","鼓山區","120.270","22.635","75"
"52","101129","20220712103000","70","0","高雄市","鼓山區","120.275","22.635","17"
"1277","101132","20220712103000","1458","0","高雄市","三民區","120.320","22.640","1122"
"710","101133","20220712103000","1146","0","高雄市","鳥松區","120.340","22.650","686"
"3038","101134","20220712103000","2225","2","高雄市","三民區","120.340","22.640","3085"
"1643","101135","20220712103000","2578","0","高雄市","三民區","120.345","22.645","1672"
"297","101137","20220712103000","257","1","高雄市","梓官區","120.260","22.725","250"
"451","101139","20220712103000","255","3","高雄市","梓官區","120.255","22.725","487"
"67","101449","20220712103000","84","0","臺東縣","卑南鄉","120.990","22.690","55"
"487","101488","20220712103000","263","3","臺東縣","卑南鄉","121.020","22.695","478"
"21","101568","20220712103000","125","0","臺東縣","卑南鄉","121.030","22.700","36"
"30","101743","20220712103000","26","1","臺東縣","臺東市","121.130","22.725","28"
"2635","101748","20220712103000","2399","1","高雄市","苓雅區","120.300","22.615","2810"
"1732","101749","20220712103000","1753","0","高雄市","苓雅區","120.325","22.630","1838"
"596","101750","20220712103000","943","0","高雄市","鳳山區","120.340","22.620","580"
"376","101751","20220712103000","625","0","高雄市","鳳山區","120.370","22.630","444"
"1518","101752","20220712103000","2047","0","高雄市","鳳山區","120.355","22.630","1510"
"468","101753","20220712103000","930","0","高雄市","鳳山區","120.360","22.630","464"
"92","101754","20220712103000","238","0","高雄市","鳳山區","120.330","22.615","102"
"148","101757","20220712103000","855","0","高雄市","苓雅區","120.325","22.635","163"
"120","101758","20220712103000","146","0","高雄市","仁武區","120.350","22.680","143"
"297","101759","20220712103000","222","2","高雄市","鳥松區","120.355","22.670","311"
"224","101760","20220712103000","1089","0","高雄市","仁武區","120.355","22.675","248"
"67","101765","20220712103000","49","2","高雄市","仁武區","120.345","22.695","66"
"589","101766","20220712103000","450","2","高雄市","仁武區","120.340","22.700","567"
"1363","101767","20220712103000","1137","1","高雄市","仁武區","120.345","22.700","1488"
"335","101768","20220712103000","647","0","高雄市","仁武區","120.350","22.700","325"
"30","101777","20220712103000","22","2","高雄市","仁武區","120.375","22.710","30"
"44","101778","20220712103000","111","0","高雄市","仁武區","120.380","22.710","35"
"47","101783","20220712103000","59","0","高雄市","仁武區","120.380","22.715","48"
"105","101785","20220712103000","126","0","高雄市","仁武區","120.390","22.715","89"
"56","101790","20220712103000","78","0","高雄市","仁武區","120.390","22.720","54"
"460","101808","20220712103000","376","2","高雄市","三民區","120.335","22.670","502"
"699","101809","20220712103000","501","2","高雄市","仁武區","120.335","22.680","726"
"1120","101810","20220712103000","871","2","高雄市","仁武區","120.335","22.685","1249"
"1055","101815","20220712103000","526","3","高雄市","仁武區","120.330","22.680","1131"
"135","101817","20220712103000","943","0","高雄市","仁武區","120.330","22.690","161"
"212","101818","20220712103000","636","0","高雄市","仁武區","120.335","22.690","222"
"989","101819","20220712103000","711","2","高雄市","仁武區","120.330","22.675","1122"
"208","101820","20220712103000","535","0","高雄市","仁武區","120.335","22.675","254"
"644","101822","20220712103000","691","0","高雄市","前鎮區","120.320","22.605","712"
"605","101823","20220712103000","383","3","高雄市","前鎮區","120.325","22.605","643"
"345","101824","20220712103000","863","0","高雄市","前鎮區","120.325","22.610","379"
"2604","101825","20220712103000","2450","1","高雄市","前鎮區","120.320","22.610","2568"
"168","101826","20220712103000","223","0","高雄市","左營區","120.290","22.685","187"
"943","101827","20220712103000","799","1","高雄市","左營區","120.275","22.690","811"
"403","101829","20220712103000","216","3","高雄市","左營區","120.285","22.690","402"
"357","101832","20220712103000","388","0","高雄市","左營區","120.285","22.695","328"
"310","101833","20220712103000","377","0","高雄市","左營區","120.290","22.695","313"
"194","101835","20220712103000","400","0","高雄市","左營區","120.285","22.700","148"
"132","101836","20220712103000","56","3","高雄市","左營區","120.280","22.705","84"
"188","101837","20220712103000","150","2","高雄市","楠梓區","120.285","22.705","181"
"1233","101838","20220712103000","1946","0","高雄市","左營區","120.290","22.670","1225"
"2192","101839","20220712103000","1830","1","高雄市","苓雅區","120.335","22.630","2138"
"1088","101840","20220712103000","1371","0","高雄市","三民區","120.340","22.635","1221"
"729","101842","20220712103000","1166","0","高雄市","鳳山區","120.345","22.625","705"
"290","101843","20220712103000","498","0","高雄市","鼓山區","120.275","22.660","262"
"32","101848","20220712103000","45","0","高雄市","鼓山區","120.275","22.670","14"
"146","101852","20220712103000","463","0","臺東縣","太麻里鄉","121.000","22.600","159"
"95","101859","20220712103000","383","0","臺東縣","太麻里鄉","121.010","22.605","121"
"131","101862","20220712103000","82","3","臺東縣","太麻里鄉","121.045","22.675","127"
"312","101876","20220712103000","282","1","臺東縣","太麻里鄉","121.030","22.685","317"
"24","101884","20220712103000","21","1","臺東縣","太麻里鄉","120.995","22.690","58"
"268","101895","20220712103000","142","3","臺東縣","太麻里鄉","121.050","22.690","277"
"40","101899","20220712103000","113","0","臺東縣","卑南鄉","121.010","22.695","23"
"66","101900","20220712103000","103","0","臺東縣","卑南鄉","121.015","22.695","100"
"114","101930","20220712103000","44","3","臺東縣","太麻里鄉","121.020","22.650","106"
"47","101962","20220712103000","126","0","臺東縣","太麻里鄉","121.030","22.660","36"
"1181","101964","20220712103000","1173","1","高雄市","苓雅區","120.320","22.635","1120"
"442","101965","20220712103000","1086","0","高雄市","三民區","120.315","22.635","449"
"2272","101966","20220712103000","2233","1","高雄市","苓雅區","120.330","22.630","2303"
"154","101967","20220712103000","192","0","高雄市","鳳山區","120.350","22.605","130"
"1123","101970","20220712103000","984","1","高雄市","鳳山區","120.350","22.600","1191"
"694","101972","20220712103000","1204","0","高雄市","鳳山區","120.335","22.610","1583"
"2702","101973","20220712103000","1671","3","高雄市","苓雅區","120.330","22.635","2865"
"75","101976","20220712103000","46","3","高雄市","大寮區","120.425","22.600","108"
"67","101977","20220712103000","141","0","高雄市","大寮區","120.430","22.600","86"
"124","101981","20220712103000","550","0","高雄市","前金區","120.290","22.620","124"
"1838","101982","20220712103000","1503","2","高雄市","苓雅區","120.340","22.625","1934"
"868","101983","20220712103000","365","3","高雄市","苓雅區","120.330","22.620","928"
"2258","101984","20220712103000","1838","2","高雄市","鼓山區","120.280","22.650","2168"
"438","101985","20220712103000","969","0","高雄市","三民區","120.285","22.640","468"
"746","101988","20220712103000","519","2","高雄市","楠梓區","120.285","22.715","698"
"2565","101989","20220712103000","2746","0","高雄市","苓雅區","120.305","22.620","2533"
"90","101990","20220712103000","62","2","高雄市","苓雅區","120.320","22.615","105"
"156","101991","20220712103000","1597","0","高雄市","苓雅區","120.320","22.630","170"
"2389","101992","20220712103000","3106","0","高雄市","前金區","120.295","22.620","2281"
"1803","101993","20220712103000","1486","2","高雄市","苓雅區","120.325","22.625","1677"
"1312","101995","20220712103000","1295","1","高雄市","鼓山區","120.275","22.620","1418"
"402","101996","20220712103000","288","2","高雄市","鹽埕區","120.280","22.620","418"
"35","101997","20220712103000","565","0","高雄市","左營區","120.295","22.705","49"
"3160","101998","20220712103000","1716","3","高雄市","左營區","120.310","22.675","3185"
"540","101999","20220712103000","521","1","高雄市","左營區","120.315","22.675","547"
"1131","102000","20220712103000","810","2","高雄市","左營區","120.320","22.675","1105"
"142","102001","20220712103000","818","0","高雄市","左營區","120.305","22.685","141"
"653","102002","20220712103000","503","2","高雄市","左營區","120.310","22.680","670"
"2725","102003","20220712103000","1863","2","高雄市","左營區","120.320","22.680","2809"
"74","102005","20220712103000","139","0","高雄市","大寮區","120.395","22.600","74"
"416","102006","20220712103000","484","0","高雄市","大寮區","120.390","22.600","307"
"343","102007","20220712103000","267","2","高雄市","大寮區","120.390","22.605","373"
"923","102008","20220712103000","740","2","高雄市","大寮區","120.395","22.605","927"
"610","102010","20220712103000","562","1","高雄市","大寮區","120.400","22.610","583"
"545","102013","20220712103000","455","1","高雄市","大寮區","120.405","22.615","546"
"532","102015","20220712103000","699","0","高雄市","鳳山區","120.355","22.640","511"
"775","102017","20220712103000","667","1","高雄市","鼓山區","120.280","22.635","767"
"821","102018","20220712103000","741","1","高雄市","鳳山區","120.370","22.635","824"
"970","102019","20220712103000","892","1","高雄市","鼓山區","120.295","22.665","949"
"2209","102020","20220712103000","3478","0","高雄市","鼓山區","120.300","22.665","2337"
"236","102021","20220712103000","143","3","高雄市","鼓山區","120.265","22.625","278"
"886","102022","20220712103000","1057","0","高雄市","鼓山區","120.265","22.630","834"
"169","102024","20220712103000","464","0","高雄市","鼓山區","120.260","22.635","47"
"189","102030","20220712103000","285","0","高雄市","鼓山區","120.255","22.645","210"
"40","102031","20220712103000","73","0","高雄市","鼓山區","120.260","22.645","41"
"619","102045","20220712103000","743","0","高雄市","鼓山區","120.275","22.650","546"
"549","102046","20220712103000","476","1","高雄市","苓雅區","120.310","22.620","556"
"2202","102047","20220712103000","1930","1","高雄市","左營區","120.295","22.670","2304"
"26","102048","20220712103000","381","0","高雄市","鼓山區","120.285","22.670","42"
"96","102049","20220712103000","733","0","高雄市","鼓山區","120.280","22.640","99"
"208","102052","20220712103000","215","0","高雄市","大樹區","120.430","22.675","228"
"73","102067","20220712103000","34","3","高雄市","大樹區","120.430","22.700","64"
"296","102078","20220712103000","344","0","高雄市","大樹區","120.410","22.675","309"
"161","102079","20220712103000","177","0","高雄市","大樹區","120.405","22.680","167"
"61","102090","20220712103000","29","3","高雄市","大樹區","120.395","22.690","40"
"890","102093","20220712103000","715","2","高雄市","大樹區","120.430","22.690","897"
"457","102098","20220712103000","311","2","高雄市","大樹區","120.435","22.695","391"
"448","102111","20220712103000","457","0","高雄市","大樹區","120.410","22.660","428"
"585","102113","20220712103000","382","3","高雄市","大樹區","120.410","22.665","634"
"423","102120","20220712103000","253","3","高雄市","大樹區","120.445","22.725","306"
"324","102123","20220712103000","230","2","高雄市","大樹區","120.445","22.730","361"
"325","102126","20220712103000","215","3","高雄市","大樹區","120.445","22.735","272"
"182","102132","20220712103000","251","0","高雄市","大樹區","120.425","22.665","161"
"96","102141","20220712103000","59","3","高雄市","大樹區","120.425","22.675","112"
"1457","102143","20220712103000","1929","0","高雄市","左營區","120.295","22.690","1505"
"761","102144","20220712103000","859","0","高雄市","鳳山區","120.360","22.620","772"
"1305","102146","20220712103000","1377","0","高雄市","鳳山區","120.355","22.620","1314"
"448","102147","20220712103000","383","1","高雄市","鳳山區","120.335","22.600","476"
"5234","102148","20220712103000","3342","3","高雄市","新興區","120.315","22.630","5435"
"1572","102149","20220712103000","1493","1","高雄市","苓雅區","120.305","22.615","1471"
"2254","102150","20220712103000","1214","3","高雄市","鳳山區","120.345","22.605","2150"
"1982","102151","20220712103000","1523","2","高雄市","前鎮區","120.330","22.605","2082"
"1598","102152","20220712103000","1263","2","高雄市","鳥松區","120.345","22.650","1503"
"1687","102153","20220712103000","1755","0","高雄市","三民區","120.330","22.650","1758"
"623","102154","20220712103000","992","0","高雄市","三民區","120.330","22.655","627"
"122","102157","20220712103000","519","0","高雄市","仁武區","120.360","22.675","115"
"152","102159","20220712103000","121","2","高雄市","仁武區","120.365","22.680","161"
"632","102160","20220712103000","766","0","高雄市","仁武區","120.360","22.685","623"
"317","102165","20220712103000","240","2","高雄市","仁武區","120.365","22.685","333"
"747","102172","20220712103000","476","3","高雄市","大寮區","120.425","22.605","638"
"109","102173","20220712103000","764","0","高雄市","大寮區","120.430","22.605","122"
"561","102181","20220712103000","400","2","高雄市","大寮區","120.410","22.615","582"
"188","102185","20220712103000","167","1","高雄市","大寮區","120.430","22.615","183"
"294","102186","20220712103000","159","3","高雄市","大寮區","120.420","22.640","293"
"287","102190","20220712103000","328","0","高雄市","大寮區","120.415","22.640","265"
"16","102199","20220712103000","188","0","高雄市","鼓山區","120.275","22.630","24"
"482","102200","20220712103000","280","3","高雄市","鼓山區","120.270","22.620","550"
"508","102203","20220712103000","697","0","高雄市","大寮區","120.385","22.640","509"
"812","102206","20220712103000","715","1","高雄市","鳥松區","120.385","22.645","933"
"409","102213","20220712103000","181","3","高雄市","鳥松區","120.390","22.650","389"
"544","102215","20220712103000","436","2","高雄市","鳥松區","120.390","22.655","618"
"16","102216","20220712103000","175","0","高雄市","鳥松區","120.395","22.655","18"
"353","102217","20220712103000","173","3","高雄市","鳥松區","120.400","22.655","372"
"400","102227","20220712103000","404","0","高雄市","鼓山區","120.285","22.655","381"
"896","102228","20220712103000","1170","0","高雄市","三民區","120.295","22.650","885"
"2000","102229","20220712103000","922","3","高雄市","鼓山區","120.295","22.655","2220"
"1570","102230","20220712103000","1393","1","高雄市","鼓山區","120.300","22.655","1738"
"1422","102231","20220712103000","2240","0","高雄市","鼓山區","120.305","22.655","1380"
"607","102232","20220712103000","834","0","高雄市","左營區","120.310","22.655","684"
"4477","102233","20220712103000","3454","2","高雄市","鼓山區","120.295","22.660","4583"
"130","102235","20220712103000","325","0","高雄市","楠梓區","120.315","22.715","148"
"986","102236","20220712103000","1157","0","高雄市","楠梓區","120.315","22.720","1075"
"396","102237","20220712103000","1630","0","高雄市","楠梓區","120.295","22.710","422"
"3333","102238","20220712103000","3247","1","高雄市","苓雅區","120.315","22.620","3321"
"38","102239","20220712103000","75","0","高雄市","旗津區","120.265","22.615","40"
"482","102241","20220712103000","421","1","高雄市","大寮區","120.410","22.620","474"
"404","102243","20220712103000","289","2","高雄市","大寮區","120.410","22.625","430"
"185","102244","20220712103000","173","1","高雄市","大寮區","120.405","22.630","163"
"121","102246","20220712103000","90","2","高雄市","大樹區","120.425","22.715","102"
"103","102251","20220712103000","47","3","高雄市","大樹區","120.425","22.720","92"
"198","102254","20220712103000","2257","0","高雄市","大樹區","120.405","22.725","210"
"61","102259","20220712103000","59","1","高雄市","大樹區","120.430","22.725","71"
"138","102260","20220712103000","1105","0","高雄市","仁武區","120.400","22.730","101"
"27","102261","20220712103000","489","0","高雄市","大樹區","120.405","22.730","29"
"76","102267","20220712103000","80","0","高雄市","大樹區","120.410","22.735","90"
"509","102273","20220712103000","473","1","高雄市","大樹區","120.415","22.655","507"
"330","102274","20220712103000","160","3","高雄市","大樹區","120.420","22.655","363"
"88","102276","20220712103000","618","0","高雄市","大樹區","120.420","22.660","87"
"158","102278","20220712103000","108","2","高雄市","大樹區","120.410","22.645","152"
"76","102279","20220712103000","59","2","高雄市","大樹區","120.415","22.645","78"
"348","102280","20220712103000","836","0","高雄市","大樹區","120.420","22.645","335"
"284","102282","20220712103000","278","1","高雄市","大樹區","120.425","22.650","314"
"699","102285","20220712103000","676","1","高雄市","大樹區","120.425","22.655","690"
"167","102292","20220712103000","207","0","高雄市","大寮區","120.405","22.605","172"
"167","102296","20220712103000","202","0","高雄市","前鎮區(海)","120.285","22.610","163"
"1057","102302","20220712103000","886","1","高雄市","大寮區","120.390","22.635","1095"
"310","102303","20220712103000","391","0","高雄市","大寮區","120.395","22.635","327"
"111","102304","20220712103000","100","1","高雄市","大寮區","120.400","22.635","118"
"172","102305","20220712103000","87","3","高雄市","大寮區","120.400","22.640","167"
"1209","102306","20220712103000","1698","0","高雄市","三民區","120.305","22.645","1203"
"2095","102307","20220712103000","1543","2","高雄市","三民區","120.305","22.650","2203"
"2118","102308","20220712103000","2013","1","高雄市","鳳山區","120.345","22.620","2063"
"1101","102309","20220712103000","285","3","高雄市","鳳山區","120.350","22.620","1128"
"388","102310","20220712103000","1186","0","高雄市","鳳山區","120.350","22.625","426"
"167","102311","20220712103000","102","3","高雄市","旗津區","120.275","22.605","221"
"572","102312","20220712103000","376","3","高雄市","旗津區(海)","120.275","22.610","654"
"484","102313","20220712103000","534","0","高雄市","旗津區","120.275","22.600","542"
"499","102314","20220712103000","680","0","高雄市","旗津區","120.270","22.610","542"
"142","102316","20220712103000","175","0","高雄市","大社區","120.365","22.715","140"
"294","102319","20220712103000","259","1","高雄市","大社區","120.350","22.720","299"
"98","102326","20220712103000","96","1","高雄市","大社區","120.340","22.730","103"
"523","102327","20220712103000","1139","0","高雄市","大社區","120.350","22.735","476"
"1215","102328","20220712103000","1286","0","高雄市","大社區","120.345","22.730","1158"
"478","102329","20220712103000","708","0","高雄市","大社區","120.350","22.730","496"
"579","102330","20220712103000","486","1","高雄市","大社區","120.355","22.730","663"
"118","102333","20220712103000","113","1","高雄市","大社區","120.370","22.730","121"
"85","102335","20220712103000","57","2","高雄市","大社區","120.375","22.730","73"
"492","102340","20220712103000","702","0","高雄市","大社區","120.360","22.720","445"
"825","102341","20220712103000","696","1","高雄市","大社區","120.350","22.725","830"
"352","102342","20220712103000","286","2","高雄市","大社區","120.355","22.725","367"
"61","102343","20220712103000","47","2","高雄市","大社區","120.360","22.725","56"
"78","102344","20220712103000","62","2","高雄市","左營區","120.295","22.675","70"
"176","102345","20220712103000","474","0","高雄市","左營區","120.300","22.690","167"
"25","102346","20220712103000","40","0","高雄市","左營區","120.260","22.670","23"
"78","102347","20220712103000","129","0","高雄市","左營區","120.265","22.675","142"
"248","102349","20220712103000","101","3","高雄市","左營區","120.275","22.675","154"
"411","102350","20220712103000","178","3","高雄市","左營區","120.280","22.675","360"
"706","102353","20220712103000","411","3","高雄市","左營區","120.275","22.680","755"
"456","102354","20220712103000","1047","0","高雄市","左營區","120.280","22.680","439"
"603","102356","20220712103000","322","3","高雄市","左營區","120.265","22.680","776"
"197","102357","20220712103000","240","0","高雄市","左營區","120.270","22.680","142"
"390","102358","20220712103000","427","0","高雄市","左營區","120.280","22.685","351"
"163","102360","20220712103000","179","0","高雄市","左營區","120.265","22.685","81"
"772","102361","20220712103000","635","2","高雄市","左營區","120.275","22.685","666"
"47","102364","20220712103000","195","0","高雄市","左營區","120.295","22.685","46"
"2472","102365","20220712103000","2083","1","高雄市","新興區","120.310","22.625","2695"
"1105","102366","20220712103000","1149","0","高雄市","新興區","120.305","22.625","1209"
"3942","102370","20220712103000","4047","0","高雄市","仁武區","120.325","22.680","4331"
"2448","102371","20220712103000","2037","2","高雄市","左營區","120.305","22.680","2618"
"762","102372","20220712103000","2134","0","高雄市","左營區","120.315","22.680","805"
"667","102373","20220712103000","595","1","高雄市","左營區","120.315","22.685","655"
"487","102374","20220712103000","537","0","高雄市","仁武區","120.330","22.685","542"
"172","102375","20220712103000","327","0","高雄市","左營區","120.310","22.690","162"
"1832","102376","20220712103000","1413","2","高雄市","左營區","120.320","22.685","1897"
"5402","102377","20220712103000","6985","0","高雄市","三民區","120.310","22.645","5795"
"514","102378","20220712103000","894","0","高雄市","三民區","120.310","22.650","591"
"1672","102380","20220712103000","1284","2","高雄市","三民區","120.325","22.640","1655"
"727","102381","20220712103000","874","0","高雄市","三民區","120.295","22.640","749"
"1307","102382","20220712103000","1525","0","高雄市","三民區","120.300","22.650","1335"
"2095","102383","20220712103000","1400","2","高雄市","新興區","120.300","22.635","2466"
"2027","102384","20220712103000","1071","3","高雄市","三民區","120.285","22.635","2166"
"1070","102385","20220712103000","1142","0","高雄市","三民區","120.330","22.645","1222"
"28","102386","20220712103000","35","0","高雄市","楠梓區","120.330","22.725","28"
"29","102387","20220712103000","28","1","高雄市","楠梓區","120.330","22.730","29"
"1543","102388","20220712103000","1341","1","高雄市","楠梓區","120.335","22.730","1631"
"2498","102389","20220712103000","1734","2","高雄市","楠梓區","120.325","22.730","2506"
"814","102390","20220712103000","1060","0","高雄市","楠梓區","120.285","22.720","872"
"412","102391","20220712103000","453","0","高雄市","楠梓區","120.290","22.705","461"
"282","102393","20220712103000","273","1","高雄市","楠梓區","120.305","22.700","315"
"591","102408","20220712103000","388","3","高雄市","鼓山區(海)","120.295","22.600","600"
"1487","102417","20220712103000","1946","0","高雄市","三民區","120.300","22.645","1509"
"124","102419","20220712103000","201","0","高雄市","新興區","120.310","22.635","90"
"2648","102420","20220712103000","2396","1","高雄市","三民區","120.300","22.640","2660"
"403","102421","20220712103000","615","0","高雄市","鳳山區","120.345","22.600","357"
"2108","102422","20220712103000","2265","0","高雄市","鳳山區","120.345","22.610","2199"
"417","102423","20220712103000","310","2","高雄市","鳳山區","120.355","22.610","439"
"2759","102424","20220712103000","2207","2","高雄市","鹽埕區","120.285","22.625","3024"
"2573","102425","20220712103000","1281","3","高雄市","鹽埕區","120.285","22.620","2635"
"1187","102426","20220712103000","1410","0","高雄市","楠梓區","120.305","22.720","1205"
"1098","102427","20220712103000","1292","0","高雄市","楠梓區","120.310","22.720","1129"
"3715","102428","20220712103000","2458","3","高雄市","楠梓區","120.305","22.725","3793"
"1919","102429","20220712103000","1299","2","高雄市","楠梓區","120.310","22.725","2077"
"589","102430","20220712103000","1432","0","高雄市","楠梓區","120.315","22.725","561"
"959","102431","20220712103000","1393","0","高雄市","楠梓區","120.315","22.730","927"
"302","102432","20220712103000","207","2","高雄市","楠梓區","120.265","22.705","425"
"41","102441","20220712103000","146","0","高雄市","楠梓區","120.280","22.715","33"
"166","102442","20220712103000","655","0","高雄市","楠梓區","120.280","22.720","193"
"877","102444","20220712103000","750","1","高雄市","楠梓區","120.320","22.715","862"
"366","102445","20220712103000","363","1","高雄市","楠梓區","120.325","22.720","359"
"81","102447","20220712103000","923","0","高雄市","楠梓區","120.320","22.720","76"
"127","102448","20220712103000","115","1","高雄市","旗津區","120.270","22.605","138"
"20","102461","20220712103000","28","0","高雄市","大樹區","120.420","22.700","16"
"145","102466","20220712103000","95","3","高雄市","大樹區","120.415","22.705","136"
"83","102478","20220712103000","238","0","高雄市","大樹區","120.440","22.710","47"
"104","102482","20220712103000","249","0","高雄市","大樹區","120.445","22.715","226"
"226","111108","20220712103000","658","0","屏東縣","九如鄉","120.480","22.750","214"
"15","111132","20220712103000","29","0","屏東縣","九如鄉","120.480","22.740","17"
"44","111134","20220712103000","76","0","屏東縣","九如鄉","120.490","22.740","51"
"424","111142","20220712103000","155","3","屏東縣","九如鄉","120.500","22.740","432"
"82","111145","20220712103000","152","0","屏東縣","九如鄉","120.500","22.745","91"
"93","111157","20220712103000","318","0","屏東縣","九如鄉","120.500","22.760","100"
"186","111163","20220712103000","137","2","屏東縣","九如鄉","120.495","22.745","222"
"597","111167","20220712103000","272","3","屏東縣","九如鄉","120.490","22.755","621"
"33","111171","20220712103000","166","0","屏東縣","九如鄉","120.495","22.760","34"
"535","111186","20220712103000","187","3","屏東縣","高樹鄉","120.570","22.795","476"
"164","111215","20220712103000","153","1","屏東縣","鹽埔鄉","120.545","22.760","149"
"87","111217","20220712103000","140","0","屏東縣","鹽埔鄉","120.555","22.760","92"
"444","111238","20220712103000","253","3","屏東縣","鹽埔鄉","120.545","22.745","448"
"451","111270","20220712103000","268","3","屏東縣","鹽埔鄉","120.550","22.735","488"
"28","111271","20220712103000","28","1","屏東縣","鹽埔鄉","120.560","22.735","28"
"73","111273","20220712103000","274","0","屏東縣","鹽埔鄉","120.555","22.740","58"
"595","111282","20220712103000","185","3","屏東縣","鹽埔鄉","120.560","22.740","577"
"373","111309","20220712103000","251","2","屏東縣","鹽埔鄉","120.515","22.740","377"
"84","111315","20220712103000","163","0","屏東縣","鹽埔鄉","120.580","22.740","77"
"103","111337","20220712103000","329","0","屏東縣","鹽埔鄉","120.580","22.755","100"
"448","111360","20220712103000","902","0","屏東縣","鹽埔鄉","120.575","22.755","463"
"141","111374","20220712103000","106","2","屏東縣","里港鄉","120.480","22.770","142"
"472","111380","20220712103000","376","2","屏東縣","里港鄉","120.480","22.775","510"
"123","111398","20220712103000","139","0","屏東縣","里港鄉","120.490","22.820","115"
"48","111418","20220712103000","141","0","屏東縣","里港鄉","120.490","22.775","50"
"1316","111419","20220712103000","1004","2","屏東縣","里港鄉","120.495","22.775","1268"
"320","111451","20220712103000","183","3","屏東縣","里港鄉","120.535","22.775","293"
"58","111459","20220712103000","397","0","屏東縣","里港鄉","120.520","22.785","62"
"318","111491","20220712103000","153","3","屏東縣","里港鄉","120.500","22.780","315"
"256","111507","20220712103000","292","0","屏東縣","高樹鄉","120.615","22.815","248"
"32","111605","20220712103000","105","0","屏東縣","三地門鄉","120.700","22.790","44"
"54","111824","20220712103000","65","0","屏東縣","三地門鄉","120.700","22.765","41"
"189","111907","20220712103000","116","3","屏東縣","三地門鄉","120.635","22.745","169"
"25","112026","20220712103000","76","0","屏東縣","霧台鄉","120.740","22.740","15"
"440","112600","20220712103000","205","3","屏東縣","里港鄉","120.505","22.810","424"
"563","112635","20220712103000","459","2","屏東縣","里港鄉","120.490","22.805","566"
"506","112659","20220712103000","386","2","屏東縣","里港鄉","120.505","22.815","518"
"22","112661","20220712103000","24","0","屏東縣","里港鄉","120.525","22.815","17"
"28","112669","20220712103000","105","0","屏東縣","里港鄉","120.505","22.820","29"
"275","112687","20220712103000","171","3","屏東縣","里港鄉","120.535","22.825","290"
"116","112714","20220712103000","70","3","屏東縣","里港鄉","120.485","22.765","124"
"1111","112719","20220712103000","858","2","屏東縣","里港鄉","120.495","22.780","1080"
"53","112920","20220712103000","129","0","屏東縣","霧台鄉","120.725","22.740","49"
"137","112942","20220712103000","111","2","屏東縣","高樹鄉","120.595","22.775","142"
"15","112982","20220712103000","21","0","屏東縣","高樹鄉","120.615","22.760","18"
"22","112995","20220712103000","10","3","屏東縣","高樹鄉","120.615","22.770","14"
"185","112999","20220712103000","143","2","屏東縣","高樹鄉","120.635","22.770","149"
"23","113004","20220712103000","29","0","屏東縣","高樹鄉","120.630","22.740","32"
"240","113006","20220712103000","156","3","屏東縣","高樹鄉","120.620","22.740","200"
"35","113023","20220712103000","40","0","屏東縣","高樹鄉","120.625","22.830","61"
"176","113048","20220712103000","391","0","屏東縣","高樹鄉","120.560","22.785","466"
"34","113075","20220712103000","108","0","屏東縣","高樹鄉","120.590","22.825","44"
"420","113097","20220712103000","287","2","屏東縣","高樹鄉","120.610","22.785","404"
"11","113099","20220712103000","215","0","屏東縣","高樹鄉","120.620","22.785","12"
"24","113103","20220712103000","13","3","屏東縣","高樹鄉","120.610","22.790","27"
"152","113129","20220712103000","67","3","屏東縣","高樹鄉","120.595","22.810","144"
"106","113131","20220712103000","61","3","屏東縣","高樹鄉","120.595","22.815","110"
"1622","113133","20220712103000","1287","2","屏東縣","高樹鄉","120.600","22.825","1549"
"2056","113137","20220712103000","2910","0","臺東縣","臺東市","121.155","22.750","2259"
"87","113138","20220712103000","547","0","臺東縣","臺東市","121.135","22.760","123"
"97","113139","20220712103000","86","1","臺東縣","臺東市","121.160","22.760","133"
"1389","113141","20220712103000","1071","2","臺東縣","臺東市","121.155","22.755","1535"
"927","113159","20220712103000","491","3","高雄市","永安區","120.225","22.820","981"
"931","113177","20220712103000","597","3","高雄市","永安區","120.250","22.810","882"
"158","113178","20220712103000","598","0","高雄市","岡山區","120.255","22.810","165"
"244","113182","20220712103000","201","2","高雄市","永安區","120.250","22.815","243"
"204","113185","20220712103000","167","2","高雄市","永安區","120.240","22.815","206"
"75","113196","20220712103000","28","3","高雄市","永安區","120.205","22.840","63"
"412","113206","20220712103000","587","0","臺東縣","臺東市","121.130","22.765","452"
"671","113207","20220712103000","1095","0","臺東縣","臺東市","121.120","22.770","640"
"92","113208","20220712103000","338","0","臺東縣","臺東市","121.125","22.770","91"
"525","113213","20220712103000","304","3","臺東縣","臺東市","121.125","22.780","608"
"870","113214","20220712103000","997","0","臺東縣","臺東市","121.120","22.785","980"
"30","113215","20220712103000","258","0","臺東縣","臺東市","121.125","22.785","24"
"384","113216","20220712103000","193","3","臺東縣","臺東市","121.130","22.770","461"
"954","113217","20220712103000","758","2","臺東縣","臺東市","121.135","22.770","956"
"53","113218","20220712103000","97","0","臺東縣","臺東市","121.125","22.775","64"
"564","113219","20220712103000","664","0","臺東縣","臺東市","121.130","22.775","514"
"539","113236","20220712103000","589","0","臺東縣","臺東市","121.115","22.785","579"
"542","113239","20220712103000","267","3","臺東縣","臺東市","121.110","22.790","622"
"204","113251","20220712103000","151","2","臺東縣","臺東市","121.155","22.760","245"
"507","113258","20220712103000","216","3","臺東縣","臺東市","121.175","22.780","419"
"186","113260","20220712103000","64","3","臺東縣","臺東市","121.185","22.790","183"
"28","113262","20220712103000","166","0","臺東縣","臺東市","121.195","22.790","27"
"588","113263","20220712103000","612","0","臺東縣","臺東市","121.190","22.795","475"
"229","113266","20220712103000","134","3","臺東縣","臺東市","121.195","22.800","284"
"44","113269","20220712103000","28","3","臺東縣","臺東市","121.190","22.810","39"
"197","113273","20220712103000","236","0","臺東縣","臺東市","121.195","22.815","150"
"307","113295","20220712103000","281","1","臺東縣","臺東市","121.175","22.785","226"
"200","113299","20220712103000","103","3","臺東縣","臺東市","121.175","22.790","202"
"144","113310","20220712103000","78","3","臺東縣","臺東市","121.150","22.765","164"
"634","113311","20220712103000","842","0","臺東縣","臺東市","121.155","22.765","639"
"156","113314","20220712103000","878","0","高雄市","岡山區","120.285","22.780","194"
"37","113315","20220712103000","27","2","高雄市","岡山區","120.290","22.780","34"
"59","113317","20220712103000","59","1","高雄市","岡山區","120.290","22.785","59"
"1511","113318","20220712103000","1403","1","高雄市","岡山區","120.280","22.800","1532"
"436","113327","20220712103000","849","0","臺東縣","臺東市","121.065","22.740","290"
"262","113345","20220712103000","243","1","臺東縣","臺東市","121.055","22.760","303"
"179","113347","20220712103000","203","0","臺東縣","臺東市","121.060","22.760","183"
"193","113353","20220712103000","572","0","臺東縣","臺東市","121.140","22.765","178"
"1154","113354","20220712103000","1842","0","臺東縣","臺東市","121.145","22.765","1196"
"523","113355","20220712103000","295","3","臺東縣","臺東市","121.140","22.770","580"
"939","113356","20220712103000","961","0","臺東縣","臺東市","121.145","22.770","952"
"824","113364","20220712103000","1168","0","臺東縣","臺東市","121.145","22.745","774"
"1623","113366","20220712103000","2090","0","臺東縣","臺東市","121.140","22.750","1860"
"745","113367","20220712103000","983","0","臺東縣","臺東市","121.145","22.750","711"
"526","113369","20220712103000","1086","0","臺東縣","臺東市","121.145","22.755","511"
"56","113372","20220712103000","53","1","臺東縣","臺東市","121.160","22.755","65"
"18","113373","20220712103000","49","0","臺東縣","臺東市","121.165","22.755","18"
"171","113378","20220712103000","131","2","臺東縣","臺東市","121.125","22.790","214"
"382","113380","20220712103000","336","1","臺東縣","臺東市","121.130","22.790","396"
"872","113381","20220712103000","1130","0","臺東縣","臺東市","121.125","22.795","890"
"410","113386","20220712103000","442","0","臺東縣","臺東市","121.125","22.805","364"
"138","113389","20220712103000","39","3","臺東縣","臺東市","121.120","22.810","161"
"672","113416","20220712103000","676","0","臺東縣","臺東市","121.105","22.750","731"
"322","113423","20220712103000","195","3","臺東縣","臺東市","121.105","22.755","300"
"446","113425","20220712103000","469","0","臺東縣","臺東市","121.075","22.760","348"
"219","113434","20220712103000","464","0","臺東縣","臺東市","121.060","22.735","173"
"61","113448","20220712103000","57","1","屏東縣","里港鄉","120.530","22.830","52"
"179","113450","20220712103000","90","3","高雄市","美濃區","120.540","22.830","193"
"219","113466","20220712103000","151","2","高雄市","美濃區","120.530","22.840","255"
"29","113487","20220712103000","15","3","高雄市","大樹區","120.445","22.740","26"
"21","113496","20220712103000","28","0","高雄市","大樹區","120.445","22.745","31"
"424","113505","20220712103000","791","0","高雄市","大樹區","120.445","22.750","442"
"105","113506","20220712103000","96","1","高雄市","大樹區","120.450","22.750","134"
"43","113513","20220712103000","32","2","高雄市","岡山區","120.270","22.775","55"
"99","113514","20220712103000","248","0","高雄市","楠梓區","120.280","22.735","81"
"17","113561","20220712103000","99","0","臺東縣","卑南鄉","121.060","22.775","17"
"313","113564","20220712103000","146","3","臺東縣","卑南鄉","121.075","22.775","319"
"402","113740","20220712103000","267","3","臺東縣","卑南鄉","121.080","22.775","418"
"303","113741","20220712103000","242","2","臺東縣","卑南鄉","121.085","22.775","292"
"543","113742","20220712103000","287","3","臺東縣","卑南鄉","121.090","22.775","563"
"355","113750","20220712103000","193","3","臺東縣","卑南鄉","121.080","22.785","357"
"70","113762","20220712103000","132","0","臺東縣","卑南鄉","121.095","22.790","68"
"261","113792","20220712103000","368","0","臺東縣","卑南鄉","121.100","22.825","290"
"193","113799","20220712103000","109","3","臺東縣","卑南鄉","121.090","22.830","185"
"30","113840","20220712103000","140","0","臺東縣","卑南鄉","121.105","22.795","32"
"356","113843","20220712103000","449","0","臺東縣","卑南鄉","121.090","22.800","338"
"225","113882","20220712103000","151","2","臺東縣","卑南鄉","121.090","22.820","286"
"43","113896","20220712103000","68","0","高雄市","路竹區","120.270","22.840","42"
"468","113902","20220712103000","343","2","高雄市","橋頭區","120.290","22.745","518"
"130","113905","20220712103000","62","3","高雄市","橋頭區","120.295","22.755","67"
"256","113906","20220712103000","550","0","高雄市","楠梓區","120.325","22.755","233"
"123","113911","20220712103000","115","1","高雄市","橋頭區","120.320","22.765","135"
"765","113923","20220712103000","535","2","高雄市","橋頭區","120.305","22.770","775"
"292","113933","20220712103000","232","2","高雄市","橋頭區","120.290","22.760","304"
"1175","113934","20220712103000","1007","1","高雄市","岡山區","120.280","22.765","1179"
"64","113947","20220712103000","92","0","高雄市","路竹區","120.275","22.840","59"
"120","113948","20220712103000","92","2","高雄市","路竹區","120.280","22.840","122"
"584","113950","20220712103000","391","2","高雄市","路竹區","120.275","22.820","578"
"21","113958","20220712103000","10","3","高雄市","路竹區","120.270","22.825","11"
"561","113959","20220712103000","583","0","高雄市","路竹區","120.275","22.825","576"
"1580","113962","20220712103000","1147","2","高雄市","路竹區","120.265","22.830","1522"
"50","113965","20220712103000","16","3","高雄市","路竹區","120.265","22.840","54"
"572","113969","20220712103000","646","0","高雄市","路竹區","120.240","22.835","540"
"1942","113971","20220712103000","1527","2","高雄市","路竹區","120.250","22.835","1929"
"765","113978","20220712103000","855","0","高雄市","路竹區","120.245","22.845","792"
"923","113982","20220712103000","1057","0","高雄市","路竹區","120.260","22.840","918"
"220","113984","20220712103000","163","2","高雄市","彌陀區","120.245","22.785","242"
"478","113985","20220712103000","310","3","高雄市","彌陀區","120.245","22.790","511"
"43","113992","20220712103000","31","2","高雄市","橋頭區","120.300","22.765","37"
"22","113994","20220712103000","391","0","高雄市","橋頭區","120.320","22.735","26"
"310","113997","20220712103000","340","0","高雄市","橋頭區","120.315","22.745","274"
"10","113999","20220712103000","68","0","高雄市","橋頭區","120.315","22.750","17"
"256","114001","20220712103000","523","0","高雄市","橋頭區","120.315","22.760","207"
"230","114004","20220712103000","338","0","高雄市","橋頭區","120.310","22.760","234"
"965","114006","20220712103000","1074","0","高雄市","橋頭區","120.310","22.765","980"
"291","114050","20220712103000","318","0","高雄市","橋頭區","120.300","22.740","318"
"574","114055","20220712103000","352","3","高雄市","橋頭區","120.295","22.735","745"
"297","114057","20220712103000","331","0","高雄市","橋頭區","120.295","22.740","311"
"51","114059","20220712103000","464","0","高雄市","橋頭區","120.290","22.765","57"
"487","114062","20220712103000","373","2","高雄市","橋頭區","120.270","22.735","514"
"38","114068","20220712103000","250","0","高雄市","橋頭區","120.280","22.745","31"
"433","114075","20220712103000","349","2","高雄市","永安區","120.240","22.820","462"
"254","114077","20220712103000","230","1","高雄市","永安區","120.250","22.820","264"
"288","114094","20220712103000","333","0","高雄市","永安區","120.210","22.810","250"
"75","114108","20220712103000","47","3","高雄市","永安區","120.205","22.825","75"
"39","114112","20220712103000","689","0","高雄市","路竹區","120.260","22.835","40"
"3186","114116","20220712103000","3835","0","臺東縣","臺東市","121.150","22.755","3179"
"2826","114117","20220712103000","1898","2","臺東縣","臺東市","121.145","22.760","3067"
"979","114118","20220712103000","845","1","臺東縣","臺東市","121.150","22.760","1072"
"317","114125","20220712103000","273","1","臺東縣","臺東市","121.115","22.750","277"
"1071","114128","20220712103000","817","2","臺東縣","臺東市","121.135","22.755","1159"
"769","114129","20220712103000","698","1","臺東縣","臺東市","121.140","22.760","813"
"427","114130","20220712103000","1695","0","臺東縣","臺東市","121.150","22.750","440"
"417","114135","20220712103000","289","2","臺東縣","臺東市","121.100","22.740","496"
"798","114143","20220712103000","1763","0","高雄市","燕巢區","120.360","22.765","941"
"2979","114144","20220712103000","2363","2","高雄市","燕巢區","120.365","22.765","2843"
"1058","114154","20220712103000","1126","0","高雄市","燕巢區","120.360","22.770","936"
"477","114155","20220712103000","314","3","高雄市","岡山區","120.315","22.775","512"
"52","114158","20220712103000","39","2","高雄市","燕巢區","120.330","22.775","39"
"1088","114160","20220712103000","1001","1","高雄市","燕巢區","120.340","22.775","1154"
"288","114174","20220712103000","288","1","高雄市","燕巢區","120.360","22.775","277"
"93","114194","20220712103000","82","1","高雄市","燕巢區","120.400","22.810","97"
"154","114204","20220712103000","167","0","高雄市","燕巢區","120.340","22.755","153"
"202","114206","20220712103000","315","0","高雄市","燕巢區","120.350","22.755","159"
"358","114207","20220712103000","249","2","高雄市","燕巢區","120.355","22.755","366"
"264","114210","20220712103000","857","0","高雄市","燕巢區","120.335","22.760","247"
"432","114212","20220712103000","416","1","高雄市","燕巢區","120.345","22.760","438"
"23","114214","20220712103000","178","0","高雄市","燕巢區","120.355","22.760","21"
"192","114226","20220712103000","104","3","高雄市","田寮區","120.420","22.820","316"
"11","114264","20220712103000","110","0","高雄市","岡山區","120.270","22.790","12"
"55","114268","20220712103000","63","0","高雄市","岡山區","120.270","22.795","62"
"709","114271","20220712103000","620","1","高雄市","岡山區","120.285","22.795","705"
"651","114274","20220712103000","628","1","高雄市","岡山區","120.280","22.780","616"
"481","114276","20220712103000","444","1","高雄市","梓官區","120.265","22.750","476"
"513","114278","20220712103000","398","2","高雄市","梓官區","120.260","22.745","544"
"299","114279","20220712103000","92","3","高雄市","梓官區","120.265","22.745","265"
"715","114288","20220712103000","552","2","高雄市","梓官區","120.265","22.760","696"
"1306","114295","20220712103000","825","3","高雄市","梓官區","120.270","22.760","1286"
"369","114297","20220712103000","297","2","高雄市","梓官區","120.245","22.740","387"
"290","114302","20220712103000","257","1","高雄市","梓官區","120.245","22.750","322"
"300","114304","20220712103000","226","2","高雄市","梓官區","120.250","22.735","300"
"458","114307","20220712103000","651","0","高雄市","橋頭區","120.310","22.750","485"
"53","114308","20220712103000","39","2","高雄市","橋頭區","120.315","22.755","86"
"705","114309","20220712103000","1125","0","高雄市","橋頭區","120.310","22.755","696"
"661","114311","20220712103000","872","0","高雄市","橋頭區","120.305","22.735","619"
"215","114315","20220712103000","198","1","高雄市","橋頭區","120.305","22.740","213"
"507","114318","20220712103000","363","2","高雄市","橋頭區","120.310","22.745","505"
"366","114322","20220712103000","300","2","高雄市","橋頭區","120.300","22.755","364"
"243","114329","20220712103000","121","3","高雄市","旗山區","120.445","22.775","186"
"63","114344","20220712103000","56","1","高雄市","旗山區","120.440","22.785","72"
"52","114349","20220712103000","52","1","高雄市","旗山區","120.430","22.790","34"
"24","114358","20220712103000","31","0","高雄市","旗山區","120.435","22.795","28"
"179","114363","20220712103000","235","0","高雄市","旗山區","120.460","22.795","176"
"100","114393","20220712103000","38","3","高雄市","旗山區","120.455","22.815","93"
"119","114395","20220712103000","71","3","高雄市","旗山區","120.465","22.815","120"
"468","114407","20220712103000","612","0","高雄市","旗山區","120.465","22.840","499"
"107","114408","20220712103000","71","3","高雄市","旗山區","120.450","22.845","111"
"41","114416","20220712103000","389","0","高雄市","梓官區","120.270","22.765","50"
"79","114421","20220712103000","929","0","高雄市","梓官區","120.260","22.740","85"
"232","114422","20220712103000","214","1","高雄市","橋頭區","120.265","22.740","231"
"35","114424","20220712103000","246","0","臺東縣","卑南鄉","121.160","22.790","34"
"91","114462","20220712103000","85","1","臺東縣","卑南鄉","121.150","22.820","107"
"114","114473","20220712103000","87","2","臺東縣","卑南鄉","121.150","22.830","110"
"176","114575","20220712103000","169","1","臺東縣","卑南鄉","121.055","22.745","143"
"173","114700","20220712103000","237","0","臺東縣","臺東市","121.045","22.760","164"
"252","114840","20220712103000","143","3","臺東縣","卑南鄉","121.070","22.795","191"
"545","114846","20220712103000","338","3","臺東縣","卑南鄉","121.065","22.800","484"
"380","114971","20220712103000","486","0","臺東縣","臺東市","121.125","22.740","411"
"36","114972","20220712103000","313","0","臺東縣","臺東市","121.130","22.740","41"
"1095","114977","20220712103000","982","1","臺東縣","臺東市","121.135","22.740","1137"
"782","114979","20220712103000","920","0","臺東縣","臺東市","121.120","22.735","768"
"13","114990","20220712103000","26","0","高雄市","岡山區","120.345","22.820","10"
"638","115004","20220712103000","926","0","高雄市","岡山區","120.285","22.790","621"
"41","115005","20220712103000","32","2","高雄市","岡山區","120.290","22.790","35"
"239","115006","20220712103000","163","2","高雄市","岡山區","120.295","22.785","250"
"21","115293","20220712103000","21","1","高雄市","田寮區","120.370","22.825","19"
"147","115298","20220712103000","178","0","高雄市","田寮區","120.360","22.830","159"
"70","115300","20220712103000","110","0","高雄市","田寮區","120.370","22.830","85"
"150","115304","20220712103000","104","2","高雄市","田寮區","120.355","22.835","134"
"106","115311","20220712103000","139","0","高雄市","田寮區","120.395","22.835","112"
"200","115312","20220712103000","155","2","高雄市","田寮區","120.345","22.840","276"
"44","115319","20220712103000","43","1","高雄市","田寮區","120.345","22.845","44"
"93","115329","20220712103000","79","1","高雄市","旗山區","120.435","22.830","92"
"112","115367","20220712103000","655","0","高雄市","燕巢區","120.355","22.790","107"
"322","115368","20220712103000","275","1","高雄市","燕巢區","120.360","22.790","340"
"101","115373","20220712103000","106","0","高雄市","燕巢區","120.360","22.780","105"
"606","115374","20220712103000","416","2","高雄市","燕巢區","120.325","22.785","625"
"426","115375","20220712103000","498","0","高雄市","燕巢區","120.330","22.785","388"
"290","115377","20220712103000","234","2","高雄市","燕巢區","120.340","22.785","289"
"378","115380","20220712103000","444","0","高雄市","燕巢區","120.355","22.785","380"
"412","115382","20220712103000","314","2","高雄市","燕巢區","120.340","22.790","389"
"270","115384","20220712103000","215","2","高雄市","燕巢區","120.350","22.790","268"
"24","115394","20220712103000","16","3","高雄市","燕巢區","120.355","22.810","19"
"21","115398","20220712103000","22","0","高雄市","燕巢區","120.375","22.810","18"
"73","115401","20220712103000","91","0","高雄市","燕巢區","120.390","22.810","84"
"53","115402","20220712103000","67","0","高雄市","燕巢區","120.355","22.815","64"
"19","115404","20220712103000","20","0","高雄市","燕巢區","120.365","22.815","16"
"148","115429","20220712103000","120","2","高雄市","燕巢區","120.365","22.790","150"
"350","115436","20220712103000","352","0","高雄市","燕巢區","120.365","22.795","381"
"112","115437","20220712103000","85","2","高雄市","燕巢區","120.370","22.795","118"
"52","115438","20220712103000","23","3","高雄市","燕巢區","120.375","22.795","29"
"385","115447","20220712103000","1097","0","高雄市","燕巢區","120.375","22.760","375"
"668","115450","20220712103000","1078","0","高雄市","燕巢區","120.375","22.765","606"
"127","115453","20220712103000","216","0","高雄市","燕巢區","120.390","22.765","114"
"41","115456","20220712103000","34","2","高雄市","燕巢區","120.415","22.765","35"
"19","115458","20220712103000","89","0","高雄市","燕巢區","120.385","22.770","23"
"19","115461","20220712103000","77","0","高雄市","燕巢區","120.400","22.770","19"
"55","115463","20220712103000","77","0","高雄市","燕巢區","120.410","22.770","74"
"312","115472","20220712103000","252","2","高雄市","燕巢區","120.385","22.775","313"
"99","115473","20220712103000","244","0","高雄市","燕巢區","120.390","22.775","118"
"33","115475","20220712103000","162","0","高雄市","燕巢區","120.400","22.775","46"
"31","115478","20220712103000","55","0","高雄市","燕巢區","120.415","22.775","62"
"162","115482","20220712103000","100","3","高雄市","燕巢區","120.385","22.780","162"
"146","115486","20220712103000","203","0","高雄市","燕巢區","120.405","22.780","158"
"139","115500","20220712103000","116","1","高雄市","燕巢區","120.420","22.780","151"
"316","115501","20220712103000","161","3","高雄市","燕巢區","120.425","22.780","302"
"23","115507","20220712103000","42","0","高雄市","燕巢區","120.410","22.785","15"
"38","115513","20220712103000","215","0","高雄市","燕巢區","120.405","22.790","30"
"41","115519","20220712103000","180","0","高雄市","燕巢區","120.410","22.795","45"
"394","115523","20220712103000","330","1","高雄市","岡山區","120.315","22.785","341"
"473","115524","20220712103000","599","0","高雄市","燕巢區","120.320","22.785","368"
"25","115528","20220712103000","366","0","高雄市","燕巢區","120.330","22.790","25"
"77","115531","20220712103000","302","0","高雄市","燕巢區","120.325","22.795","56"
"373","115537","20220712103000","587","0","高雄市","燕巢區","120.335","22.800","394"
"754","115543","20220712103000","585","2","高雄市","燕巢區","120.355","22.795","786"
"110","115544","20220712103000","92","1","高雄市","燕巢區","120.360","22.795","128"
"572","115546","20220712103000","484","1","高雄市","燕巢區","120.355","22.800","464"
"561","115555","20220712103000","1350","0","高雄市","楠梓區","120.325","22.735","570"
"1006","115556","20220712103000","572","3","高雄市","楠梓區","120.330","22.735","1187"
"667","115557","20220712103000","967","0","高雄市","楠梓區","120.335","22.735","681"
"739","115559","20220712103000","771","0","高雄市","楠梓區","120.330","22.740","786"
"724","115560","20220712103000","686","1","高雄市","楠梓區","120.335","22.740","757"
"41","115562","20220712103000","404","0","高雄市","楠梓區","120.330","22.745","50"
"32","115563","20220712103000","204","0","高雄市","橋頭區","120.325","22.750","18"
"568","115564","20220712103000","457","2","高雄市","楠梓區","120.330","22.750","590"
"125","115565","20220712103000","53","3","高雄市","岡山區","120.305","22.780","106"
"194","115567","20220712103000","163","1","高雄市","岡山區","120.315","22.825","183"
"369","115568","20220712103000","434","0","高雄市","岡山區","120.325","22.825","368"
"176","115576","20220712103000","599","0","高雄市","岡山區","120.315","22.815","201"
"544","115577","20220712103000","540","1","高雄市","岡山區","120.320","22.815","580"
"48","115580","20220712103000","77","0","高雄市","岡山區","120.325","22.820","47"
"108","115598","20220712103000","2155","0","高雄市","岡山區","120.295","22.795","105"
"174","115599","20220712103000","199","0","高雄市","岡山區","120.290","22.800","172"
"496","115600","20220712103000","499","0","高雄市","岡山區","120.295","22.800","523"
"711","115616","20220712103000","765","0","臺東縣","臺東市","121.105","22.770","698"
"514","115617","20220712103000","231","3","臺東縣","臺東市","121.110","22.770","519"
"103","115618","20220712103000","504","0","臺東縣","臺東市","121.115","22.770","103"
"34","115620","20220712103000","35","0","高雄市","大樹區","120.440","22.755","32"
"188","115631","20220712103000","114","3","高雄市","大樹區","120.420","22.765","201"
"16","115632","20220712103000","14","1","高雄市","大樹區","120.425","22.765","16"
"136","115636","20220712103000","102","2","高雄市","大樹區","120.445","22.765","128"
"225","115644","20220712103000","181","2","高雄市","大樹區","120.450","22.770","200"
"69","115647","20220712103000","67","1","高雄市","旗山區","120.430","22.775","64"
"765","115648","20220712103000","470","3","高雄市","岡山區","120.300","22.815","731"
"1470","115657","20220712103000","891","3","高雄市","岡山區","120.300","22.820","1563"
"468","115660","20220712103000","536","0","高雄市","岡山區","120.315","22.820","460"
"233","115663","20220712103000","118","3","高雄市","岡山區","120.295","22.830","262"
"227","115664","20220712103000","195","1","高雄市","岡山區","120.290","22.795","244"
"553","115665","20220712103000","559","0","高雄市","岡山區","120.285","22.800","584"
"19","115669","20220712103000","256","0","高雄市","燕巢區","120.325","22.800","24"
"25","115670","20220712103000","69","0","高雄市","岡山區","120.310","22.805","22"
"72","115676","20220712103000","242","0","高雄市","岡山區","120.320","22.810","78"
"224","115684","20220712103000","294","0","高雄市","岡山區","120.305","22.775","168"
"17","115686","20220712103000","19","0","高雄市","岡山區","120.310","22.775","18"
"65","115687","20220712103000","509","0","高雄市","岡山區","120.300","22.780","53"
"35","115690","20220712103000","808","0","高雄市","岡山區","120.300","22.785","31"
"95","115691","20220712103000","1345","0","高雄市","岡山區","120.290","22.805","101"
"188","115692","20220712103000","268","0","高雄市","岡山區","120.295","22.805","188"
"141","115694","20220712103000","841","0","高雄市","岡山區","120.295","22.790","137"
"157","115706","20220712103000","123","2","高雄市","彌陀區","120.240","22.755","146"
"126","115708","20220712103000","145","0","高雄市","梓官區","120.250","22.755","118"
"142","115709","20220712103000","87","3","高雄市","彌陀區","120.235","22.760","134"
"136","115713","20220712103000","127","1","高雄市","彌陀區","120.240","22.765","166"
"353","115714","20220712103000","421","0","高雄市","彌陀區","120.250","22.780","343"
"362","115717","20220712103000","320","1","臺東縣","臺東市","121.140","22.740","364"
"333","115718","20220712103000","213","3","臺東縣","臺東市","121.130","22.745","378"
"1178","115719","20220712103000","1020","1","臺東縣","臺東市","121.135","22.745","1188"
"67","115720","20220712103000","343","0","臺東縣","臺東市","121.140","22.745","82"
"607","115721","20220712103000","768","0","臺東縣","臺東市","121.130","22.750","611"
"942","115722","20220712103000","563","3","臺東縣","臺東市","121.135","22.750","1038"
"250","115724","20220712103000","254","0","臺東縣","臺東市","121.120","22.750","271"
"409","115727","20220712103000","427","0","臺東縣","臺東市","121.130","22.755","415"
"433","115728","20220712103000","851","0","臺東縣","臺東市","121.120","22.760","328"
"243","115732","20220712103000","176","2","臺東縣","臺東市","121.090","22.760","251"
"287","115739","20220712103000","365","0","臺東縣","臺東市","121.095","22.765","300"
"644","115745","20220712103000","876","0","臺東縣","臺東市","121.095","22.770","594"
"245","115749","20220712103000","128","3","高雄市","阿蓮區","120.335","22.835","258"
"18","115751","20220712103000","13","2","高雄市","阿蓮區","120.325","22.840","14"
"1592","115782","20220712103000","843","3","高雄市","岡山區","120.300","22.795","1639"
"1135","115783","20220712103000","1011","1","高雄市","岡山區","120.305","22.795","1095"
"74","115784","20220712103000","68","1","高雄市","岡山區","120.310","22.795","61"
"803","115787","20220712103000","809","0","高雄市","岡山區","120.270","22.780","899"
"108","115788","20220712103000","694","0","高雄市","岡山區","120.270","22.785","108"
"244","115791","20220712103000","706","0","高雄市","岡山區","120.285","22.785","248"
"394","115793","20220712103000","365","1","高雄市","彌陀區","120.250","22.785","413"
"821","115795","20220712103000","735","1","高雄市","彌陀區","120.235","22.795","815"
"119","115804","20220712103000","94","2","高雄市","彌陀區","120.245","22.775","94"
"131","115805","20220712103000","104","2","高雄市","彌陀區","120.245","22.765","118"
"134","115808","20220712103000","103","2","高雄市","彌陀區","120.245","22.770","168"
"42","115810","20220712103000","306","0","高雄市","彌陀區","120.255","22.770","46"
"701","115819","20220712103000","662","1","高雄市","岡山區","120.305","22.785","874"
"455","115820","20220712103000","1537","0","高雄市","岡山區","120.300","22.790","459"
"963","115821","20220712103000","906","1","高雄市","岡山區","120.305","22.790","896"
"1087","115833","20220712103000","563","3","高雄市","岡山區","120.265","22.815","1125"
"931","115834","20220712103000","865","1","高雄市","岡山區","120.270","22.815","962"
"492","115836","20220712103000","431","1","高雄市","岡山區","120.255","22.820","486"
"448","115841","20220712103000","405","1","高雄市","岡山區","120.265","22.820","447"
"557","115844","20220712103000","425","2","高雄市","岡山區","120.300","22.830","547"
"638","115849","20220712103000","888","0","高雄市","阿蓮區","120.305","22.835","571"
"101","115851","20220712103000","324","0","高雄市","岡山區","120.280","22.810","117"
"621","115852","20220712103000","415","2","高雄市","岡山區","120.285","22.810","598"
"302","115855","20220712103000","267","1","高雄市","岡山區","120.285","22.815","296"
"39","115856","20220712103000","492","0","高雄市","岡山區","120.290","22.815","46"
"430","115872","20220712103000","297","2","高雄市","彌陀區","120.250","22.775","363"
"15","115876","20220712103000","18","0","高雄市","大社區","120.345","22.735","19"
"35","115878","20220712103000","537","0","高雄市","大社區","120.360","22.740","32"
"159","115879","20220712103000","263","0","高雄市","大社區","120.365","22.740","128"
"475","115883","20220712103000","446","1","高雄市","大社區","120.345","22.740","479"
"641","115886","20220712103000","614","1","高雄市","楠梓區","120.335","22.745","652"
"632","115889","20220712103000","969","0","高雄市","大社區","120.350","22.745","885"
"181","115892","20220712103000","456","0","高雄市","燕巢區","120.340","22.750","195"
"12","115895","20220712103000","14","0","高雄市","大社區","120.355","22.750","19"
"360","115897","20220712103000","315","1","高雄市","大社區","120.365","22.750","315"
"112","115907","20220712103000","258","0","高雄市","大社區","120.375","22.745","119"
"43","115911","20220712103000","49","0","高雄市","大社區","120.395","22.745","36"
"13","115922","20220712103000","33","0","高雄市","大社區","120.405","22.750","10"
"237","115927","20220712103000","111","3","高雄市","大社區","120.390","22.755","273"
"11","115937","20220712103000","18","0","高雄市","燕巢區","120.400","22.765","12"
"212","115941","20220712103000","153","2","高雄市","大社區","120.370","22.735","190"
"209","115943","20220712103000","290","0","高雄市","大社區","120.380","22.735","218"
"30","115944","20220712103000","24","2","高雄市","大社區","120.380","22.740","30"
"426","115946","20220712103000","375","1","高雄市","岡山區","120.275","22.775","465"
"855","115949","20220712103000","556","3","高雄市","岡山區","120.310","22.790","882"
"680","115953","20220712103000","530","2","高雄市","岡山區","120.300","22.800","749"
"84","115954","20220712103000","422","0","高雄市","岡山區","120.305","22.800","74"
"14","115959","20220712103000","248","0","高雄市","岡山區","120.305","22.810","17"
"83","115963","20220712103000","89","0","高雄市","旗山區","120.425","22.805","117"
"86","115966","20220712103000","65","2","高雄市","旗山區","120.425","22.815","90"
"15","115972","20220712103000","11","2","高雄市","旗山區","120.435","22.825","18"
"174","124145","20220712103000","399","0","屏東縣","高樹鄉","120.610","22.850","143"
"163","124161","20220712103000","279","0","屏東縣","高樹鄉","120.630","22.865","159"
"134","124176","20220712103000","64","3","屏東縣","高樹鄉","120.640","22.880","156"
"21","124193","20220712103000","33","0","臺南市","仁德區","120.245","22.935","27"
"78","124195","20220712103000","149","0","臺南市","仁德區","120.240","22.940","88"
"468","124197","20220712103000","640","0","臺南市","仁德區","120.250","22.940","504"
"62","124211","20220712103000","77","0","臺南市","關廟區","120.330","22.910","76"
"320","124220","20220712103000","411","0","臺南市","關廟區","120.345","22.915","317"
"101","124243","20220712103000","215","0","高雄市","茄萣區","120.205","22.855","100"
"218","124253","20220712103000","314","0","臺南市","仁德區","120.215","22.910","213"
"185","124255","20220712103000","151","2","高雄市","湖內區","120.225","22.905","205"
"191","124262","20220712103000","368","0","臺南市","南區","120.185","22.920","206"
"30","124268","20220712103000","215","0","臺南市","歸仁區","120.280","22.915","43"
"393","124271","20220712103000","561","0","臺南市","歸仁區","120.270","22.920","360"
"705","124275","20220712103000","1309","0","臺南市","歸仁區","120.285","22.920","694"
"243","124278","20220712103000","207","1","臺南市","歸仁區","120.280","22.925","268"
"124","124281","20220712103000","238","0","臺南市","歸仁區","120.270","22.930","121"
"30","124291","20220712103000","86","0","臺南市","南區","120.175","22.940","26"
"981","124293","20220712103000","1005","0","臺南市","仁德區","120.245","22.925","955"
"15","124295","20220712103000","13","1","臺南市","仁德區","120.240","22.930","16"
"572","124314","20220712103000","862","0","臺南市","仁德區","120.260","22.945","557"
"676","124322","20220712103000","1427","0","臺南市","歸仁區","120.270","22.905","451"
"514","124323","20220712103000","487","1","臺南市","仁德區","120.255","22.910","486"
"311","124338","20220712103000","298","1","臺南市","仁德區","120.250","22.910","312"
"63","124352","20220712103000","47","2","臺南市","關廟區","120.325","22.950","58"
"460","124363","20220712103000","247","3","臺南市","關廟區","120.335","22.930","498"
"376","124371","20220712103000","232","3","臺南市","關廟區","120.335","22.940","400"
"1113","124386","20220712103000","920","2","臺南市","仁德區","120.255","22.950","1242"
"37","124396","20220712103000","15","3","臺南市","仁德區","120.225","22.935","17"
"202","124397","20220712103000","162","2","臺南市","仁德區","120.230","22.935","121"
"26","124404","20220712103000","162","0","臺南市","仁德區","120.230","22.940","97"
"179","124408","20220712103000","469","0","臺南市","仁德區","120.230","22.945","201"
"164","124415","20220712103000","165","0","臺南市","仁德區","120.260","22.950","158"
"24","124430","20220712103000","43","0","臺南市","歸仁區","120.290","22.925","31"
"391","124431","20220712103000","179","3","臺南市","歸仁區","120.295","22.925","349"
"743","124453","20220712103000","390","3","臺南市","歸仁區","120.300","22.940","804"
"880","124469","20220712103000","473","3","臺南市","南區","120.180","22.930","850"
"65","124472","20220712103000","172","0","臺南市","南區","120.180","22.935","44"
"275","124474","20220712103000","229","2","臺南市","南區","120.190","22.935","257"
"486","124477","20220712103000","836","0","臺南市","南區","120.180","22.925","493"
"49","124491","20220712103000","398","0","臺南市","歸仁區","120.275","22.910","60"
"121","124494","20220712103000","275","0","臺南市","歸仁區","120.285","22.910","123"
"159","124504","20220712103000","338","0","臺南市","歸仁區","120.275","22.915","160"
"657","124526","20220712103000","720","0","臺南市","歸仁區","120.275","22.950","683"
"239","124527","20220712103000","287","0","臺南市","歸仁區","120.280","22.950","251"
"68","124538","20220712103000","121","0","臺南市","仁德區","120.220","22.920","71"
"399","124546","20220712103000","461","0","臺南市","南區","120.215","22.950","363"
"36","124548","20220712103000","66","0","臺南市","仁德區","120.220","22.945","75"
"238","124549","20220712103000","208","1","臺南市","仁德區","120.220","22.950","221"
"73","124550","20220712103000","682","0","高雄市","湖內區","120.230","22.915","88"
"471","124551","20220712103000","362","2","臺南市","仁德區","120.235","22.915","473"
"423","124552","20220712103000","1451","0","臺南市","仁德區","120.225","22.920","484"
"135","124553","20220712103000","746","0","臺南市","仁德區","120.230","22.920","167"
"68","124555","20220712103000","530","0","臺南市","仁德區","120.240","22.920","66"
"699","124557","20220712103000","854","0","臺南市","仁德區","120.250","22.920","671"
"526","124559","20220712103000","791","0","臺南市","仁德區","120.225","22.925","540"
"339","124563","20220712103000","603","0","臺南市","仁德區","120.230","22.930","252"
"279","124565","20220712103000","234","1","臺南市","仁德區","120.220","22.915","407"
"1009","124569","20220712103000","828","2","臺南市","仁德區","120.215","22.915","957"
"31","124571","20220712103000","142","0","臺南市","仁德區","120.200","22.920","33"
"882","124585","20220712103000","460","3","臺南市","南區","120.180","22.945","826"
"424","124591","20220712103000","423","1","臺南市","南區","120.185","22.950","419"
"36","124593","20220712103000","34","1","臺南市","南區","120.195","22.950","54"
"62","124601","20220712103000","58","1","高雄市","茂林區","120.685","22.905","48"
"900","124642","20220712103000","980","0","高雄市","茄萣區","120.185","22.895","1040"
"16","124648","20220712103000","12","2","高雄市","內門區","120.450","22.920","11"
"211","124661","20220712103000","207","1","高雄市","美濃區","120.525","22.850","229"
"84","124668","20220712103000","90","0","高雄市","美濃區","120.535","22.850","71"
"269","124671","20220712103000","311","0","高雄市","美濃區","120.550","22.850","264"
"241","124678","20220712103000","306","0","高雄市","美濃區","120.535","22.860","233"
"130","124706","20220712103000","133","0","高雄市","美濃區","120.580","22.920","143"
"14","124745","20220712103000","41","0","高雄市","美濃區","120.585","22.940","17"
"946","124774","20220712103000","1048","0","高雄市","美濃區","120.545","22.900","908"
"263","124778","20220712103000","164","3","高雄市","美濃區","120.555","22.905","306"
"162","124780","20220712103000","188","0","高雄市","美濃區","120.545","22.910","186"
"10","124783","20220712103000","20","0","高雄市","美濃區","120.535","22.915","20"
"268","124803","20220712103000","177","3","高雄市","美濃區","120.535","22.865","283"
"414","124809","20220712103000","247","3","高雄市","美濃區","120.535","22.875","427"
"176","124812","20220712103000","154","1","高雄市","美濃區","120.535","22.880","164"
"259","124818","20220712103000","179","2","高雄市","美濃區","120.555","22.885","279"
"210","124831","20220712103000","262","0","高雄市","內門區","120.460","22.925","180"
"62","124869","20220712103000","57","1","高雄市","內門區","120.470","22.910","53"
"17","124870","20220712103000","11","3","高雄市","內門區","120.475","22.910","12"
"313","124897","20220712103000","183","3","高雄市","內門區","120.465","22.930","270"
"194","124903","20220712103000","248","0","高雄市","內門區","120.465","22.940","202"
"349","124908","20220712103000","246","2","高雄市","內門區","120.460","22.920","407"
"10","124929","20220712103000","19","0","高雄市","內門區","120.475","22.940","16"
"31","124948","20220712103000","15","3","臺南市","龍崎區","120.360","22.940","34"
"52","124962","20220712103000","33","3","臺南市","龍崎區","120.380","22.950","42"
"18","124976","20220712103000","15","2","臺南市","龍崎區","120.395","22.930","17"
"80","124995","20220712103000","78","1","臺南市","龍崎區","120.365","22.915","97"
"156","125006","20220712103000","225","0","臺南市","龍崎區","120.350","22.930","193"
"441","125045","20220712103000","454","0","臺南市","龍崎區","120.425","22.940","473"
"17","125061","20220712103000","15","1","臺南市","龍崎區","120.420","22.945","16"
"68","125099","20220712103000","231","0","臺東縣","卑南鄉","121.090","22.865","59"
"12","125131","20220712103000","61","0","臺東縣","卑南鄉","121.135","22.860","19"
"368","125138","20220712103000","279","2","臺東縣","卑南鄉","121.125","22.870","362"
"144","125172","20220712103000","80","3","臺東縣","卑南鄉","121.190","22.850","170"
"534","125177","20220712103000","646","0","高雄市","湖內區","120.235","22.900","508"
"189","125178","20220712103000","268","0","臺南市","仁德區","120.235","22.905","201"
"820","125179","20220712103000","552","2","高雄市","湖內區","120.230","22.910","856"
"367","125186","20220712103000","306","1","高雄市","路竹區","120.275","22.870","362"
"242","125192","20220712103000","630","0","高雄市","路竹區","120.265","22.885","214"
"306","125206","20220712103000","257","1","高雄市","路竹區","120.270","22.870","300"
"719","125207","20220712103000","688","1","高雄市","路竹區","120.255","22.875","719"
"321","125215","20220712103000","200","3","高雄市","茄萣區","120.180","22.910","297"
"382","125229","20220712103000","320","1","高雄市","路竹區","120.290","22.865","339"
"272","125232","20220712103000","298","0","高雄市","路竹區","120.245","22.860","252"
"915","125234","20220712103000","721","2","高雄市","路竹區","120.255","22.860","939"
"77","125242","20220712103000","116","0","高雄市","路竹區","120.250","22.855","74"
"43","125244","20220712103000","50","0","高雄市","路竹區","120.260","22.865","31"
"327","125249","20220712103000","405","0","高雄市","路竹區","120.235","22.860","338"
"391","125257","20220712103000","379","1","高雄市","路竹區","120.260","22.860","385"
"41","125258","20220712103000","43","0","高雄市","路竹區","120.255","22.865","36"
"371","125263","20220712103000","298","2","高雄市","路竹區","120.225","22.855","425"
"145","125284","20220712103000","77","3","高雄市","旗山區","120.515","22.855","154"
"406","125285","20220712103000","320","2","高雄市","旗山區","120.490","22.860","436"
"48","125295","20220712103000","109","0","高雄市","旗山區","120.490","22.880","46"
"353","125296","20220712103000","266","2","高雄市","旗山區","120.495","22.880","382"
"478","125297","20220712103000","408","1","高雄市","旗山區","120.500","22.880","512"
"827","125340","20220712103000","957","0","高雄市","旗山區","120.480","22.895","854"
"198","125343","20220712103000","235","0","高雄市","旗山區","120.480","22.900","206"
"190","125346","20220712103000","927","0","高雄市","旗山區","120.475","22.905","150"
"29","125349","20220712103000","426","0","高雄市","旗山區","120.485","22.905","26"
"91","125360","20220712103000","531","0","高雄市","湖內區","120.250","22.880","83"
"403","125361","20220712103000","400","1","高雄市","湖內區","120.245","22.885","421"
"85","125366","20220712103000","233","0","高雄市","湖內區","120.240","22.890","91"
"468","125367","20220712103000","313","2","高雄市","湖內區","120.245","22.890","449"
"54","125374","20220712103000","70","0","高雄市","旗山區","120.445","22.885","91"
"41","125393","20220712103000","65","0","高雄市","內門區","120.420","22.910","40"
"15","125438","20220712103000","22","0","高雄市","茂林區","120.650","22.880","20"
"137","125487","20220712103000","112","2","高雄市","六龜區","120.620","22.890","118"
"117","125491","20220712103000","124","0","高雄市","六龜區","120.625","22.895","116"
"128","125506","20220712103000","146","0","高雄市","六龜區","120.635","22.910","125"
"24","125528","20220712103000","15","3","高雄市","六龜區","120.615","22.880","28"
"22","125541","20220712103000","100","0","高雄市","六龜區","120.615","22.885","27"
"109","125543","20220712103000","133","0","高雄市","六龜區","120.625","22.885","90"
"152","125591","20220712103000","79","3","高雄市","六龜區","120.645","22.925","173"
"503","125608","20220712103000","402","2","高雄市","路竹區","120.265","22.865","512"
"250","125613","20220712103000","246","1","高雄市","路竹區","120.265","22.850","236"
"103","125614","20220712103000","132","0","高雄市","路竹區","120.260","22.855","91"
"296","125624","20220712103000","160","3","高雄市","路竹區","120.290","22.875","278"
"192","125626","20220712103000","184","1","高雄市","路竹區","120.295","22.875","196"
"362","125629","20220712103000","524","0","高雄市","路竹區","120.285","22.880","373"
"263","125646","20220712103000","291","0","臺南市","關廟區","120.345","22.905","261"
"266","125659","20220712103000","193","2","高雄市","阿蓮區","120.290","22.895","264"
"333","125660","20220712103000","296","1","高雄市","阿蓮區","120.295","22.895","349"
"239","125667","20220712103000","537","0","臺南市","歸仁區","120.280","22.905","259"
"213","125675","20220712103000","111","3","高雄市","湖內區","120.195","22.910","202"
"319","125676","20220712103000","158","3","高雄市","湖內區","120.200","22.910","305"
"65","125737","20220712103000","389","0","高雄市","田寮區","120.370","22.865","63"
"84","125772","20220712103000","79","1","高雄市","田寮區","120.400","22.890","72"
"26","125779","20220712103000","59","0","高雄市","田寮區","120.400","22.895","28"
"73","125825","20220712103000","22","3","臺東縣","東河鄉","121.270","22.930","49"
"168","125838","20220712103000","83","3","臺東縣","東河鄉","121.275","22.940","127"
"176","125849","20220712103000","103","3","臺東縣","鹿野鄉","121.150","22.930","183"
"30","125863","20220712103000","34","0","臺東縣","鹿野鄉","121.150","22.940","27"
"1289","125884","20220712103000","1327","0","高雄市","旗山區","120.480","22.880","1252"
"649","125896","20220712103000","650","0","高雄市","美濃區","120.540","22.900","616"
"43","125917","20220712103000","43","1","高雄市","美濃區","120.535","22.900","57"
"164","125941","20220712103000","130","2","高雄市","美濃區","120.565","22.865","178"
"20","125950","20220712103000","16","2","高雄市","美濃區","120.570","22.870","22"
"43","125951","20220712103000","32","2","高雄市","美濃區","120.575","22.870","38"
"77","125952","20220712103000","70","1","高雄市","美濃區","120.580","22.870","84"
"296","125955","20220712103000","268","1","高雄市","美濃區","120.565","22.875","281"
"145","125966","20220712103000","99","2","高雄市","美濃區","120.545","22.880","155"
"20","125969","20220712103000","14","2","高雄市","美濃區","120.530","22.885","17"
"47","125970","20220712103000","86","0","高雄市","美濃區","120.535","22.885","59"
"278","125981","20220712103000","287","0","高雄市","美濃區","120.515","22.875","312"
"154","125989","20220712103000","131","1","高雄市","旗山區","120.505","22.890","135"
"424","125997","20220712103000","285","2","高雄市","美濃區","120.520","22.895","446"
"198","126001","20220712103000","182","1","高雄市","美濃區","120.520","22.900","188"
"347","126010","20220712103000","346","1","高雄市","美濃區","120.560","22.915","354"
"197","126024","20220712103000","128","3","高雄市","美濃區","120.580","22.925","212"
"263","126043","20220712103000","221","1","高雄市","美濃區","120.550","22.865","272"
"279","126059","20220712103000","257","1","高雄市","美濃區","120.575","22.880","287"
"96","126076","20220712103000","79","2","高雄市","美濃區","120.570","22.895","91"
"1103","126092","20220712103000","1284","0","高雄市","旗山區","120.480","22.885","1088"
"198","126096","20220712103000","345","0","高雄市","路竹區","120.265","22.870","227"
"379","126107","20220712103000","419","0","高雄市","路竹區","120.270","22.865","380"
"335","126119","20220712103000","254","2","高雄市","旗山區","120.490","22.920","310"
"285","126120","20220712103000","343","0","高雄市","旗山區","120.495","22.920","270"
"257","126140","20220712103000","155","3","高雄市","路竹區","120.280","22.850","296"
"79","126141","20220712103000","502","0","高雄市","路竹區","120.270","22.855","70"
"1333","126142","20220712103000","1132","1","高雄市","路竹區","120.265","22.860","1322"
"48","126160","20220712103000","32","3","臺東縣","卑南鄉","121.105","22.850","54"
"802","126178","20220712103000","570","2","臺東縣","卑南鄉","121.105","22.860","799"
"174","126183","20220712103000","67","3","臺東縣","卑南鄉","121.100","22.865","150"
"153","126219","20220712103000","287","0","高雄市","茄萣區","120.185","22.890","127"
"409","126227","20220712103000","428","0","高雄市","湖內區","120.235","22.895","407"
"175","126228","20220712103000","62","3","高雄市","湖內區","120.220","22.900","157"
"171","126236","20220712103000","114","3","高雄市","湖內區","120.225","22.880","186"
"316","126244","20220712103000","307","1","高雄市","湖內區","120.225","22.895","328"
"372","126247","20220712103000","215","3","高雄市","湖內區","120.240","22.870","377"
"142","126249","20220712103000","103","2","高雄市","湖內區","120.235","22.875","178"
"190","126256","20220712103000","110","3","高雄市","湖內區","120.240","22.885","187"
"563","126258","20220712103000","576","0","高雄市","湖內區","120.250","22.875","581"
"222","126273","20220712103000","145","3","高雄市","美濃區","120.545","22.895","258"
"251","126301","20220712103000","250","1","臺東縣","鹿野鄉","121.085","22.900","269"
"271","126303","20220712103000","275","0","臺東縣","延平鄉","121.075","22.905","305"
"18","126313","20220712103000","68","0","臺東縣","延平鄉","121.090","22.915","16"
"91","126423","20220712103000","39","3","臺東縣","延平鄉","121.100","22.910","89"
"129","127499","20220712103000","179","0","臺東縣","延平鄉","121.150","22.900","95"
"55","127566","20220712103000","52","1","臺東縣","鹿野鄉","121.120","22.920","38"
"38","127569","20220712103000","188","0","臺東縣","鹿野鄉","121.120","22.925","41"
"37","127570","20220712103000","16","3","臺東縣","鹿野鄉","121.125","22.925","51"
"388","127581","20220712103000","128","3","臺東縣","鹿野鄉","121.120","22.930","359"
"144","127584","20220712103000","91","3","臺東縣","鹿野鄉","121.135","22.930","142"
"98","127600","20220712103000","57","3","臺東縣","鹿野鄉","121.135","22.945","109"
"145","127605","20220712103000","126","1","高雄市","田寮區","120.395","22.850","102"
"56","127613","20220712103000","39","2","高雄市","田寮區","120.380","22.875","64"
"298","127617","20220712103000","291","1","高雄市","田寮區","120.385","22.880","322"
"64","127622","20220712103000","116","0","高雄市","田寮區","120.390","22.885","76"
"94","127652","20220712103000","126","0","高雄市","田寮區","120.360","22.880","77"
"161","127664","20220712103000","87","3","高雄市","田寮區","120.370","22.890","120"
"57","127666","20220712103000","92","0","高雄市","田寮區","120.360","22.895","40"
"28","127698","20220712103000","52","0","高雄市","田寮區","120.425","22.885","26"
"299","127704","20220712103000","326","0","高雄市","茄萣區","120.180","22.900","317"
"161","127705","20220712103000","416","0","高雄市","茄萣區","120.185","22.900","108"
"289","127717","20220712103000","177","3","臺東縣","鹿野鄉","121.100","22.895","337"
"168","127724","20220712103000","45","3","臺東縣","鹿野鄉","121.135","22.895","181"
"20","127727","20220712103000","19","1","臺東縣","鹿野鄉","121.100","22.900","24"
"333","127733","20220712103000","321","1","臺東縣","鹿野鄉","121.135","22.910","338"
"179","127737","20220712103000","131","2","臺東縣","鹿野鄉","121.135","22.920","152"
"27","127748","20220712103000","271","0","臺東縣","鹿野鄉","121.130","22.900","36"
"307","127754","20220712103000","287","1","臺東縣","鹿野鄉","121.120","22.905","284"
"994","127765","20220712103000","1011","0","臺南市","仁德區","120.220","22.910","921"
"142","127770","20220712103000","179","0","高雄市","湖內區","120.215","22.905","180"
"116","127835","20220712103000","73","3","臺東縣","東河鄉","121.235","22.940","88"
"200","127852","20220712103000","189","1","臺東縣","東河鄉","121.250","22.895","196"
"112","127889","20220712103000","85","2","臺東縣","東河鄉","121.255","22.915","151"
"70","127890","20220712103000","35","3","臺東縣","東河鄉","121.260","22.915","62"
"59","127912","20220712103000","198","0","臺東縣","東河鄉","121.265","22.925","63"
"334","127933","20220712103000","197","3","臺東縣","東河鄉","121.190","22.860","425"
"71","127935","20220712103000","57","2","臺東縣","東河鄉","121.200","22.860","60"
"686","127958","20220712103000","855","0","臺東縣","東河鄉","121.225","22.870","641"
"137","127984","20220712103000","15","3","臺東縣","東河鄉","121.225","22.880","164"
"21","127985","20220712103000","18","1","臺東縣","東河鄉","121.230","22.880","28"
"206","127998","20220712103000","117","3","臺東縣","東河鄉","121.235","22.880","225"
"47","128028","20220712103000","58","0","臺東縣","東河鄉","121.245","22.890","49"
"39","128038","20220712103000","46","0","臺東縣","東河鄉","121.235","22.895","39"
"194","128060","20220712103000","338","0","高雄市","阿蓮區","120.345","22.860","180"
"133","128066","20220712103000","509","0","高雄市","阿蓮區","120.320","22.850","104"
"142","128071","20220712103000","90","3","高雄市","阿蓮區","120.320","22.855","131"
"265","128073","20220712103000","140","3","高雄市","阿蓮區","120.330","22.855","271"
"1188","128075","20220712103000","804","2","高雄市","阿蓮區","120.325","22.875","1181"
"1270","128076","20220712103000","821","3","高雄市","阿蓮區","120.325","22.880","1336"
"32","128078","20220712103000","317","0","高雄市","路竹區","120.305","22.860","24"
"275","128090","20220712103000","220","2","高雄市","阿蓮區","120.310","22.870","279"
"141","128091","20220712103000","99","2","高雄市","阿蓮區","120.315","22.870","128"
"68","128097","20220712103000","75","0","高雄市","阿蓮區","120.315","22.880","72"
"53","128418","20220712103000","82","0","高雄市","茂林區","120.715","22.910","66"
"98","128722","20220712103000","107","0","高雄市","茂林區","120.665","22.885","103"
"57","128723","20220712103000","49","1","高雄市","茂林區","120.670","22.885","53"
"30","128748","20220712103000","194","0","高雄市","旗山區","120.480","22.890","29"
"27","128751","20220712103000","12","3","高雄市","旗山區","120.475","22.850","27"
"665","128754","20220712103000","545","2","高雄市","路竹區","120.300","22.880","617"
"188","128758","20220712103000","145","2","高雄市","阿蓮區","120.305","22.890","185"
"23","128759","20220712103000","172","0","高雄市","阿蓮區","120.310","22.890","26"
"252","128764","20220712103000","194","2","高雄市","阿蓮區","120.330","22.880","250"
"884","128765","20220712103000","601","2","高雄市","阿蓮區","120.335","22.880","906"
"182","128766","20220712103000","179","1","高雄市","阿蓮區","120.340","22.880","218"
"226","128769","20220712103000","148","3","高雄市","阿蓮區","120.330","22.885","252"
"229","128776","20220712103000","162","2","高雄市","阿蓮區","120.320","22.890","201"
"214","128782","20220712103000","170","2","高雄市","阿蓮區","120.335","22.870","200"
"475","128789","20220712103000","271","3","高雄市","田寮區","120.355","22.870","475"
"512","128797","20220712103000","350","2","高雄市","茄萣區","120.185","22.905","458"
"305","128798","20220712103000","126","3","高雄市","茄萣區","120.190","22.905","354"
"173","128803","20220712103000","317","0","高雄市","茄萣區","120.195","22.855","208"
"103","128807","20220712103000","232","0","高雄市","茄萣區","120.195","22.860","129"
"252","128823","20220712103000","211","1","高雄市","茄萣區","120.190","22.870","218"
"262","128824","20220712103000","241","1","高雄市","茄萣區","120.195","22.870","310"
"251","128825","20220712103000","298","0","高雄市","茄萣區","120.200","22.870","271"
"32","128829","20220712103000","12","3","高雄市","茄萣區","120.190","22.875","26"
"401","128830","20220712103000","308","2","高雄市","茄萣區","120.195","22.875","414"
"469","128833","20220712103000","511","0","高雄市","茄萣區","120.210","22.875","534"
"200","128847","20220712103000","218","0","高雄市","茄萣區","120.190","22.910","174"
"447","128850","20220712103000","539","0","高雄市","茄萣區","120.185","22.910","479"
"300","128866","20220712103000","252","1","高雄市","旗山區","120.475","22.870","317"
"88","128884","20220712103000","73","2","高雄市","旗山區","120.455","22.880","94"
"55","128886","20220712103000","118","0","高雄市","旗山區","120.465","22.880","54"
"17","128887","20220712103000","16","1","高雄市","旗山區","120.470","22.880","13"
"557","128898","20220712103000","521","1","高雄市","旗山區","120.470","22.855","552"
"436","128911","20220712103000","354","2","高雄市","旗山區","120.500","22.925","372"
"185","128916","20220712103000","175","1","高雄市","旗山區","120.500","22.930","189"
"150","128946","20220712103000","129","1","高雄市","杉林區","120.525","22.930","154"
"647","134975","20220712103000","415","3","臺南市","安南區","120.210","23.035","671"
"547","134976","20220712103000","357","3","臺南市","安南區","120.210","23.040","566"
"1493","134977","20220712103000","1331","1","臺南市","安南區","120.215","23.040","1590"
"690","134978","20220712103000","787","0","臺南市","安南區","120.215","23.030","573"
"307","134979","20220712103000","331","0","臺南市","安南區","120.215","23.035","308"
"419","134985","20220712103000","307","2","臺南市","安南區","120.195","23.025","394"
"411","134991","20220712103000","440","0","臺南市","關廟區","120.300","22.995","423"
"127","134995","20220712103000","41","3","臺南市","關廟區","120.320","22.995","130"
"255","134999","20220712103000","197","2","臺南市","關廟區","120.305","23.000","257"
"164","135010","20220712103000","177","0","臺南市","關廟區","120.320","23.005","152"
"454","135015","20220712103000","237","3","臺南市","關廟區","120.305","23.010","464"
"635","135022","20220712103000","683","0","臺南市","關廟區","120.325","22.965","628"
"50","135028","20220712103000","238","0","臺南市","關廟區","120.360","22.965","48"
"252","135056","20220712103000","150","3","臺南市","關廟區","120.330","22.965","240"
"60","135059","20220712103000","396","0","臺南市","關廟區","120.325","22.975","60"
"1716","135061","20220712103000","3295","0","臺南市","中西區","120.210","22.985","1852"
"254","135062","20220712103000","1525","0","臺南市","永康區","120.235","23.005","274"
"1186","135063","20220712103000","928","2","臺南市","東區","120.230","22.980","1193"
"535","135064","20220712103000","395","2","臺南市","安南區","120.125","23.040","586"
"949","135074","20220712103000","794","1","臺南市","南區","120.175","22.965","955"
"23","135075","20220712103000","19","2","臺南市","南區","120.180","22.965","30"
"1188","135079","20220712103000","1400","0","臺南市","南區","120.185","22.970","1244"
"1750","135080","20220712103000","1465","1","臺南市","南區","120.175","22.975","1592"
"513","135081","20220712103000","674","0","臺南市","南區","120.180","22.975","455"
"1240","135083","20220712103000","913","2","臺南市","南區","120.185","22.980","1291"
"1312","135084","20220712103000","731","3","臺南市","北區","120.210","23.020","1344"
"1205","135085","20220712103000","1949","0","臺南市","南區","120.200","22.980","1207"
"20","135086","20220712103000","63","0","臺南市","南區","120.205","22.970","15"
"259","135087","20220712103000","155","3","臺南市","南區","120.195","22.970","275"
"648","135088","20220712103000","755","0","臺南市","南區","120.190","22.960","624"
"19","135461","20220712103000","42","0","臺東縣","海端鄉","121.130","23.000","27"
"236","135797","20220712103000","122","3","臺東縣","關山鎮","121.145","23.020","234"
"1258","135951","20220712103000","1220","1","臺南市","永康區","120.230","23.010","1237"
"5116","135952","20220712103000","5374","0","臺南市","永康區","120.225","23.020","5186"
"1610","135953","20220712103000","1326","2","臺南市","永康區","120.220","23.025","1746"
"626","135954","20220712103000","1544","0","臺南市","永康區","120.225","23.025","561"
"1086","135956","20220712103000","1234","0","臺南市","永康區","120.235","23.025","1051"
"804","135957","20220712103000","851","0","臺南市","永康區","120.225","23.030","792"
"409","135958","20220712103000","193","3","臺南市","永康區","120.230","23.030","411"
"57","135959","20220712103000","1469","0","臺南市","永康區","120.255","22.995","51"
"635","135960","20220712103000","976","0","臺南市","永康區","120.255","23.000","596"
"125","135961","20220712103000","1055","0","臺南市","永康區","120.260","23.000","117"
"288","135963","20220712103000","324","0","臺南市","永康區","120.260","23.005","307"
"1159","135966","20220712103000","809","2","臺南市","安南區","120.205","23.030","1534"
"661","135967","20220712103000","448","2","臺南市","安南區","120.210","23.030","681"
"525","135969","20220712103000","635","0","臺南市","安南區","120.220","23.040","535"
"1394","135971","20220712103000","1418","0","臺南市","中西區","120.190","23.005","1442"
"158","135972","20220712103000","471","0","臺南市","永康區","120.250","23.005","171"
"755","135976","20220712103000","431","3","臺南市","歸仁區","120.300","22.965","775"
"461","135980","20220712103000","399","1","臺南市","南區","120.195","22.980","454"
"987","135981","20220712103000","738","2","臺南市","南區","120.190","22.970","1009"
"752","135982","20220712103000","1492","0","臺南市","中西區","120.190","23.000","723"
"2348","135983","20220712103000","1083","3","臺南市","中西區","120.195","23.000","2640"
"1997","135984","20220712103000","1384","2","臺南市","中西區","120.175","23.005","2071"
"252","135985","20220712103000","159","3","臺南市","中西區","120.180","23.000","236"
"516","135986","20220712103000","413","2","臺南市","安南區","120.165","23.005","503"
"348","135989","20220712103000","611","0","臺南市","永康區","120.255","23.035","356"
"630","135990","20220712103000","577","1","臺南市","永康區","120.260","23.030","612"
"1119","135991","20220712103000","1056","1","臺南市","永康區","120.260","23.035","1101"
"424","135992","20220712103000","207","3","臺南市","永康區","120.255","23.040","473"
"1819","135993","20220712103000","2081","0","臺南市","永康區","120.230","23.015","2166"
"601","135994","20220712103000","891","0","臺南市","永康區","120.230","23.020","626"
"516","135995","20220712103000","238","3","臺南市","安南區","120.205","23.035","486"
"866","135997","20220712103000","781","1","臺南市","永康區","120.220","23.020","925"
"1025","135998","20220712103000","750","2","臺南市","北區","120.195","23.010","937"
"1365","136000","20220712103000","1337","1","臺南市","北區","120.195","23.015","1336"
"560","136001","20220712103000","478","1","臺南市","北區","120.200","23.015","561"
"371","136002","20220712103000","324","1","臺南市","北區","120.195","23.005","330"
"1197","136005","20220712103000","848","2","臺南市","南區","120.190","22.985","1226"
"68","136006","20220712103000","126","0","臺南市","南區","120.210","22.975","63"
"471","136008","20220712103000","340","2","臺南市","北區","120.185","23.010","520"
"652","136009","20220712103000","520","2","臺南市","北區","120.190","23.010","699"
"123","136012","20220712103000","678","0","臺南市","永康區","120.270","23.010","103"
"1632","136013","20220712103000","1528","1","臺南市","中西區","120.195","22.990","1599"
"1437","136014","20220712103000","1218","1","臺南市","仁德區","120.255","22.975","1472"
"231","136018","20220712103000","348","0","臺南市","仁德區","120.255","22.980","216"
"588","136020","20220712103000","306","3","臺南市","北區","120.200","23.010","666"
"779","136021","20220712103000","418","3","臺南市","北區","120.200","23.020","826"
"991","136022","20220712103000","662","2","臺南市","北區","120.205","23.015","1011"
"2013","136023","20220712103000","971","3","臺南市","北區","120.210","23.015","2031"
"189","136025","20220712103000","149","2","臺南市","北區","120.205","23.020","198"
"769","136030","20220712103000","627","2","臺南市","永康區","120.275","23.030","741"
"1358","136034","20220712103000","773","3","臺南市","永康區","120.235","23.020","1474"
"220","136035","20220712103000","449","0","臺南市","永康區","120.240","23.020","185"
"426","136036","20220712103000","466","0","臺南市","永康區","120.245","23.020","418"
"315","136037","20220712103000","1979","0","臺南市","永康區","120.250","23.020","331"
"215","136038","20220712103000","91","3","臺南市","永康區","120.240","23.025","162"
"980","136042","20220712103000","1121","0","臺南市","永康區","120.250","23.025","1009"
"570","136043","20220712103000","373","3","臺南市","關廟區","120.330","22.955","589"
"418","136044","20220712103000","222","3","臺南市","關廟區","120.330","22.960","433"
"144","136047","20220712103000","121","1","臺南市","關廟區","120.340","22.970","134"
"596","136049","20220712103000","415","2","臺南市","關廟區","120.335","22.960","624"
"309","136054","20220712103000","245","2","臺南市","關廟區","120.345","22.965","268"
"51","136056","20220712103000","27","3","臺南市","關廟區","120.355","22.965","55"
"2268","136059","20220712103000","1231","3","臺南市","北區","120.205","23.005","2719"
"617","136061","20220712103000","821","0","臺南市","南區","120.200","22.970","562"
"788","136062","20220712103000","899","0","臺南市","中西區","120.205","22.990","826"
"950","136063","20220712103000","1511","0","臺南市","中西區","120.200","22.985","949"
"1994","136064","20220712103000","2038","0","臺南市","中西區","120.200","22.990","1968"
"1049","136065","20220712103000","1083","0","臺南市","中西區","120.200","22.995","1010"
"544","136067","20220712103000","433","2","臺南市","永康區","120.270","22.995","598"
"62","136070","20220712103000","797","0","臺南市","永康區","120.265","23.005","69"
"1387","136071","20220712103000","1260","1","臺南市","永康區","120.255","23.030","1486"
"195","136072","20220712103000","345","0","臺南市","關廟區","120.335","22.955","190"
"440","136080","20220712103000","276","3","臺南市","關廟區","120.325","22.955","479"
"483","136081","20220712103000","751","0","臺南市","關廟區","120.315","22.960","501"
"980","136083","20220712103000","446","3","臺南市","關廟區","120.325","22.960","1046"
"159","136085","20220712103000","156","1","臺南市","東區","120.220","22.990","151"
"2788","136087","20220712103000","2028","2","臺南市","東區","120.225","22.985","3052"
"833","136088","20220712103000","926","0","臺南市","東區","120.230","22.990","835"
"2011","136089","20220712103000","1529","2","臺南市","東區","120.230","22.995","2082"
"613","136090","20220712103000","591","1","臺南市","東區","120.235","22.995","574"
"1015","136091","20220712103000","639","3","臺南市","北區","120.220","23.000","1041"
"506","136093","20220712103000","302","3","臺南市","中西區","120.180","23.005","481"
"1552","136094","20220712103000","1413","1","臺南市","中西區","120.185","23.005","1615"
"1966","136095","20220712103000","1268","3","臺南市","北區","120.225","23.005","2061"
"229","136096","20220712103000","243","0","臺南市","北區","120.225","23.000","252"
"127","136100","20220712103000","82","3","臺南市","仁德區","120.235","22.950","157"
"137","136101","20220712103000","121","1","臺南市","仁德區","120.235","22.955","160"
"865","136102","20220712103000","768","1","臺南市","仁德區","120.230","22.955","881"
"351","136104","20220712103000","304","1","臺南市","仁德區","120.240","22.955","352"
"1676","136105","20220712103000","1115","3","臺南市","仁德區","120.255","22.955","1652"
"317","136109","20220712103000","545","0","臺南市","仁德區","120.250","22.955","320"
"104","136111","20220712103000","159","0","臺南市","仁德區","120.265","22.955","94"
"65","136113","20220712103000","943","0","臺南市","仁德區","120.265","22.960","65"
"706","136115","20220712103000","594","1","臺南市","北區","120.220","23.010","761"
"395","136118","20220712103000","1485","0","臺南市","中西區","120.210","22.995","410"
"604","136119","20220712103000","1176","0","臺南市","中西區","120.210","22.990","595"
"1143","136120","20220712103000","2081","0","臺南市","北區","120.205","23.000","1330"
"2306","136122","20220712103000","1516","3","臺南市","東區","120.225","22.965","2318"
"876","136123","20220712103000","615","2","臺南市","東區","120.220","22.970","848"
"154","136124","20220712103000","773","0","臺南市","東區","120.225","22.970","193"
"1285","136125","20220712103000","1630","0","臺南市","東區","120.225","22.990","1340"
"600","136126","20220712103000","737","0","臺南市","東區","120.235","22.990","563"
"1247","136128","20220712103000","940","2","臺南市","東區","120.245","22.990","1396"
"230","136131","20220712103000","285","0","臺南市","歸仁區","120.275","22.960","246"
"498","136132","20220712103000","273","3","臺南市","歸仁區","120.280","22.960","567"
"63","136145","20220712103000","651","0","臺南市","南區","120.205","22.980","48"
"634","136146","20220712103000","1058","0","臺南市","南區","120.210","22.980","677"
"493","136147","20220712103000","382","2","臺南市","安平區","120.165","22.990","560"
"57","136148","20220712103000","115","0","臺南市","永康區","120.245","22.995","54"
"646","136149","20220712103000","416","3","臺南市","永康區","120.245","23.005","721"
"938","136151","20220712103000","806","1","臺南市","永康區","120.245","23.010","926"
"112","136152","20220712103000","621","0","臺南市","永康區","120.250","23.010","109"
"102","136155","20220712103000","68","3","臺南市","關廟區","120.320","22.970","96"
"21","136156","20220712103000","21","1","臺南市","關廟區","120.310","22.975","19"
"195","136163","20220712103000","152","2","臺南市","關廟區","120.310","22.980","232"
"1268","136181","20220712103000","1129","1","臺南市","北區","120.200","23.000","1256"
"104","136182","20220712103000","96","1","臺南市","南區","120.195","22.985","118"
"557","136184","20220712103000","287","3","臺南市","仁德區","120.225","22.960","549"
"214","136185","20220712103000","255","0","臺南市","東區","120.230","22.960","242"
"45","136186","20220712103000","69","0","臺南市","歸仁區","120.275","22.995","40"
"279","136188","20220712103000","285","0","臺南市","歸仁區","120.275","23.000","286"
"252","136195","20220712103000","199","2","臺南市","歸仁區","120.290","22.995","275"
"84","136196","20220712103000","296","0","臺南市","歸仁區","120.295","22.995","91"
"1750","136199","20220712103000","1495","1","臺南市","北區","120.210","23.005","1709"
"1253","136200","20220712103000","997","2","臺南市","東區","120.215","22.995","1315"
"503","136229","20220712103000","352","2","臺南市","安南區","120.195","23.030","524"
"759","136230","20220712103000","699","1","臺南市","安南區","120.195","23.035","780"
"462","136231","20220712103000","338","2","臺南市","南區","120.190","22.965","481"
"16","136248","20220712103000","14","1","臺南市","左鎮區","120.405","22.995","23"
"130","136271","20220712103000","42","3","臺南市","左鎮區","120.420","23.010","95"
"52","136316","20220712103000","96","0","臺南市","左鎮區","120.395","23.010","55"
"40","136343","20220712103000","22","3","臺南市","左鎮區","120.385","23.035","28"
"3340","136422","20220712103000","2864","1","臺南市","東區","120.235","22.985","3479"
"959","136423","20220712103000","704","2","臺南市","東區","120.215","22.990","943"
"451","136430","20220712103000","591","0","臺南市","歸仁區","120.285","22.980","388"
"208","136438","20220712103000","148","2","臺南市","歸仁區","120.280","22.990","188"
"374","136444","20220712103000","373","1","臺南市","歸仁區","120.295","22.975","381"
"473","136452","20220712103000","293","3","臺南市","歸仁區","120.285","22.960","501"
"903","136453","20220712103000","333","3","臺南市","歸仁區","120.280","22.965","940"
"69","136454","20220712103000","45","3","臺南市","歸仁區","120.285","22.965","51"
"482","136455","20220712103000","453","1","臺南市","歸仁區","120.285","22.970","471"
"39","136457","20220712103000","646","0","臺南市","仁德區","120.270","22.970","29"
"973","136458","20220712103000","1055","0","臺南市","歸仁區","120.275","22.970","927"
"216","136459","20220712103000","189","1","臺南市","歸仁區","120.280","22.970","246"
"395","136460","20220712103000","277","2","臺南市","南區","120.200","22.975","357"
"628","136461","20220712103000","270","3","臺南市","南區","120.195","22.960","639"
"2067","136462","20220712103000","1666","2","臺南市","南區","120.190","22.980","2094"
"246","136475","20220712103000","263","0","臺南市","安南區","120.130","23.015","281"
"224","136483","20220712103000","149","3","臺南市","安南區","120.135","23.020","218"
"623","136490","20220712103000","319","3","臺南市","安南區","120.185","23.025","592"
"402","136495","20220712103000","295","2","臺南市","東區","120.235","22.980","430"
"221","136496","20220712103000","185","1","臺南市","永康區","120.255","23.010","218"
"832","136497","20220712103000","735","1","臺南市","永康區","120.255","23.015","812"
"342","136498","20220712103000","404","0","臺南市","永康區","120.260","23.015","352"
"28","136501","20220712103000","259","0","臺南市","永康區","120.280","23.010","24"
"82","136503","20220712103000","310","0","臺南市","永康區","120.270","23.015","77"
"802","136507","20220712103000","542","2","臺南市","永康區","120.275","23.020","809"
"126","136508","20220712103000","529","0","臺南市","永康區","120.280","23.020","112"
"106","136509","20220712103000","1370","0","臺南市","安平區","120.175","22.995","104"
"414","136512","20220712103000","228","3","臺南市","安南區","120.160","23.005","425"
"1160","136513","20220712103000","709","3","臺南市","安平區","120.190","22.990","1183"
"279","136515","20220712103000","539","0","臺南市","永康區","120.220","23.030","273"
"309","136516","20220712103000","281","1","臺南市","東區","120.245","22.980","331"
"473","136517","20220712103000","513","0","臺南市","仁德區","120.250","22.980","420"
"2810","136518","20220712103000","1402","3","臺南市","東區","120.215","22.980","3109"
"1553","136520","20220712103000","1510","1","臺南市","東區","120.245","22.985","1574"
"974","136521","20220712103000","663","2","臺南市","仁德區","120.250","22.985","936"
"524","136523","20220712103000","636","0","臺南市","安平區","120.160","22.990","499"
"387","136525","20220712103000","391","0","臺南市","安平區","120.160","22.995","379"
"680","136532","20220712103000","694","0","臺南市","安平區","120.165","22.985","717"
"1201","136533","20220712103000","518","3","臺南市","安平區","120.170","22.985","1132"
"612","136534","20220712103000","612","1","臺南市","安平區","120.175","22.985","592"
"1523","136535","20220712103000","820","3","臺南市","安平區","120.170","22.990","1400"
"1156","136536","20220712103000","1052","1","臺南市","安平區","120.175","22.990","1210"
"239","136539","20220712103000","392","0","臺南市","安平區","120.150","22.995","245"
"326","136541","20220712103000","241","2","臺南市","安平區","120.145","23.000","291"
"136","136542","20220712103000","78","3","臺南市","安平區","120.150","23.000","190"
"260","136543","20220712103000","235","1","臺南市","安平區","120.155","23.000","263"
"250","136544","20220712103000","228","1","臺南市","安平區","120.160","23.000","199"
"824","136545","20220712103000","1084","0","臺南市","東區","120.240","22.980","759"
"702","136546","20220712103000","483","2","臺南市","東區","120.225","22.995","768"
"1129","136547","20220712103000","941","1","臺南市","東區","120.235","22.965","1184"
"917","136548","20220712103000","831","1","臺南市","東區","120.220","22.975","979"
"438","136549","20220712103000","536","0","臺南市","歸仁區","120.300","22.960","544"
"127","136550","20220712103000","80","3","臺南市","歸仁區","120.305","22.960","123"
"706","136553","20220712103000","625","1","臺南市","歸仁區","120.285","23.005","757"
"164","136560","20220712103000","1291","0","臺南市","南區","120.195","22.975","178"
"271","136561","20220712103000","1467","0","臺南市","永康區","120.240","23.015","248"
"599","136562","20220712103000","415","2","臺南市","永康區","120.245","23.015","651"
"465","136563","20220712103000","489","0","臺南市","永康區","120.250","23.015","467"
"1747","136564","20220712103000","695","3","臺南市","永康區","120.230","23.005","1865"
"1714","136565","20220712103000","2373","0","臺南市","永康區","120.235","23.000","1642"
"2027","136566","20220712103000","1571","2","臺南市","北區","120.230","23.000","1938"
"510","136567","20220712103000","934","0","臺南市","永康區","120.270","23.005","541"
"855","136568","20220712103000","723","1","臺南市","永康區","120.265","23.010","933"
"164","136570","20220712103000","953","0","臺南市","永康區","120.265","23.020","150"
"41","136572","20220712103000","425","0","臺南市","永康區","120.260","22.995","36"
"630","136573","20220712103000","646","0","臺南市","永康區","120.265","23.000","602"
"423","136574","20220712103000","327","2","臺南市","安南區","120.200","23.025","472"
"808","136575","20220712103000","459","3","臺南市","安南區","120.205","23.025","850"
"940","136576","20220712103000","507","3","臺南市","安南區","120.210","23.025","916"
"1776","136577","20220712103000","1390","2","臺南市","北區","120.225","23.010","1895"
"1469","136578","20220712103000","1297","1","臺南市","北區","120.215","23.010","1509"
"1044","136579","20220712103000","657","3","臺南市","北區","120.215","23.015","1056"
"238","136580","20220712103000","349","0","臺南市","南化區","120.495","23.030","230"
"103","136584","20220712103000","15","3","臺南市","南化區","120.500","23.035","117"
"35","136586","20220712103000","39","0","臺南市","南化區","120.465","23.040","62"
"49","136602","20220712103000","38","2","臺南市","南化區","120.465","23.010","48"
"759","136671","20220712103000","726","1","臺南市","中西區","120.170","23.000","965"
"1656","136672","20220712103000","1526","1","臺南市","中西區","120.175","23.000","1707"
"297","136674","20220712103000","625","0","臺南市","中西區","120.185","23.000","290"
"1548","136675","20220712103000","1530","1","臺南市","安平區","120.165","22.995","1235"
"485","136676","20220712103000","356","2","臺南市","安平區","120.170","22.995","475"
"2638","136677","20220712103000","2136","2","臺南市","安平區","120.185","22.990","2691"
"337","136678","20220712103000","281","1","臺南市","安平區","120.180","22.995","345"
"1305","136679","20220712103000","1599","0","臺南市","安平區","120.185","22.995","1123"
"1010","136680","20220712103000","728","2","臺南市","安平區","120.180","22.985","1050"
"2075","136681","20220712103000","1353","3","臺南市","安平區","120.180","22.990","2124"
"337","136690","20220712103000","197","3","臺南市","南區","120.215","22.955","301"
"481","136695","20220712103000","281","3","臺南市","南區","120.210","22.965","532"
"992","136696","20220712103000","708","2","臺南市","南區","120.215","22.965","950"
"2848","136697","20220712103000","1901","2","臺南市","南區","120.185","22.965","2826"
"630","136701","20220712103000","452","2","臺南市","南區","120.170","22.955","648"
"220","136709","20220712103000","122","3","臺南市","南區","120.165","22.965","217"
"1097","136712","20220712103000","454","3","臺南市","仁德區","120.220","22.955","1226"
"399","136717","20220712103000","274","2","臺南市","仁德區","120.255","22.965","403"
"255","136718","20220712103000","331","0","臺南市","仁德區","120.260","22.965","236"
"70","136720","20220712103000","577","0","臺南市","仁德區","120.270","22.965","75"
"291","136721","20220712103000","1293","0","臺南市","仁德區","120.255","22.970","296"
"703","136722","20220712103000","368","3","臺南市","仁德區","120.260","22.970","746"
"1527","136727","20220712103000","1340","1","臺南市","北區","120.220","23.005","1500"
"1336","136728","20220712103000","1423","0","臺南市","北區","120.200","23.005","1480"
"691","136732","20220712103000","514","2","臺南市","仁德區","120.260","22.985","672"
"878","136738","20220712103000","621","2","臺南市","仁德區","120.260","22.990","946"
"61","136741","20220712103000","132","0","臺南市","仁德區","120.265","22.995","62"
"564","136752","20220712103000","128","3","臺南市","安南區","120.185","23.035","548"
"691","136755","20220712103000","442","3","臺南市","安南區","120.185","23.040","777"
"4282","136756","20220712103000","3482","2","臺南市","中西區","120.205","22.995","4491"
"360","136758","20220712103000","500","0","臺南市","永康區","120.250","23.000","369"
"294","136763","20220712103000","294","1","臺南市","安南區","120.200","23.040","291"
"925","136764","20220712103000","2230","0","臺南市","安南區","120.190","23.025","1037"
"151","136765","20220712103000","215","0","臺南市","安南區","120.140","23.000","127"
"3048","136786","20220712103000","3306","0","臺南市","北區","120.210","23.000","3024"
"924","136787","20220712103000","600","3","臺南市","中西區","120.195","22.995","938"
"1074","136788","20220712103000","716","3","臺南市","中西區","120.205","22.985","1237"
"786","136789","20220712103000","1665","0","臺南市","東區","120.225","22.980","747"
"5228","136790","20220712103000","3599","2","臺南市","東區","120.220","22.985","5339"
"457","136791","20220712103000","424","1","臺南市","永康區","120.225","23.015","482"
"636","136792","20220712103000","845","0","臺南市","永康區","120.240","23.005","649"
"324","136793","20220712103000","1207","0","臺南市","永康區","120.240","23.000","329"
"797","136794","20220712103000","1469","0","臺南市","永康區","120.235","23.010","788"
"991","136795","20220712103000","716","2","臺南市","永康區","120.245","23.000","980"
"1686","136799","20220712103000","1614","1","臺南市","新化區","120.300","23.035","1617"
"695","136800","20220712103000","1148","0","臺南市","東區","120.215","22.975","725"
"585","136801","20220712103000","506","1","臺南市","東區","120.230","22.985","571"
"2036","136802","20220712103000","1699","1","臺南市","東區","120.230","22.975","2135"
"281","136803","20220712103000","390","0","臺南市","東區","120.225","22.975","234"
"347","136804","20220712103000","246","2","臺南市","東區","120.230","22.970","395"
"928","136805","20220712103000","1171","0","臺南市","東區","120.230","22.965","947"
"727","136806","20220712103000","541","2","臺南市","南區","120.185","22.975","651"
"862","136808","20220712103000","911","0","臺南市","南區","120.210","22.970","748"
"507","136809","20220712103000","589","0","臺南市","東區","120.215","22.970","488"
"104","136812","20220712103000","361","0","臺南市","仁德區","120.245","22.955","108"
"123","136813","20220712103000","135","0","臺南市","仁德區","120.240","22.960","109"
"259","136814","20220712103000","208","2","臺南市","仁德區","120.245","22.960","261"
"155","136816","20220712103000","491","0","臺南市","仁德區","120.255","22.960","167"
"294","136817","20220712103000","339","0","臺南市","仁德區","120.240","22.965","286"
"46","136820","20220712103000","41","1","臺南市","仁德區","120.240","22.970","48"
"885","136821","20220712103000","624","2","臺南市","仁德區","120.245","22.970","923"
"677","136822","20220712103000","967","0","臺南市","仁德區","120.250","22.970","587"
"1030","136823","20220712103000","429","3","臺南市","仁德區","120.240","22.975","1061"
"860","136824","20220712103000","1007","0","臺南市","仁德區","120.245","22.975","800"
"332","136825","20220712103000","397","0","臺南市","仁德區","120.250","22.975","313"
"3984","136826","20220712103000","4600","0","臺南市","北區","120.215","23.005","3943"
"57","136851","20220712103000","179","0","高雄市","內門區","120.445","22.975","50"
"34","136927","20220712103000","22","3","臺東縣","池上鄉","121.195","23.040","28"
"151","136939","20220712103000","46","3","高雄市","內門區","120.435","22.955","83"
"64","136953","20220712103000","43","2","高雄市","內門區","120.465","23.000","74"
"92","136958","20220712103000","173","0","高雄市","內門區","120.470","22.960","97"
"81","136970","20220712103000","68","1","高雄市","內門區","120.465","22.975","76"
"57","136996","20220712103000","32","3","高雄市","內門區","120.495","22.955","42"
"78","137008","20220712103000","105","0","高雄市","內門區","120.490","22.970","78"
"85","137020","20220712103000","72","1","高雄市","內門區","120.510","22.980","79"
"227","137023","20220712103000","254","0","高雄市","內門區","120.500","22.985","245"
"43","137048","20220712103000","111","0","高雄市","六龜區","120.660","23.005","49"
"81","137056","20220712103000","123","0","高雄市","六龜區","120.665","23.010","79"
"85","137071","20220712103000","59","2","臺南市","龍崎區","120.350","22.955","77"
"15","137124","20220712103000","14","1","臺南市","龍崎區","120.385","23.005","18"
"159","137130","20220712103000","95","3","臺南市","關廟區","120.370","22.960","169"
"13","137171","20220712103000","19","0","臺南市","龍崎區","120.405","22.955","13"
"307","137196","20220712103000","699","0","臺南市","安南區","120.190","23.020","378"
"40","137197","20220712103000","37","1","臺南市","南區","120.195","22.965","43"
"90","137201","20220712103000","143","0","臺南市","歸仁區","120.295","22.960","18"
"450","137202","20220712103000","482","0","臺南市","永康區","120.255","23.005","492"
"181","137251","20220712103000","211","0","高雄市","內門區","120.485","23.015","187"
"38","137259","20220712103000","26","2","高雄市","內門區","120.480","22.965","34"
"85","137275","20220712103000","82","1","高雄市","內門區","120.510","23.015","125"
"147","137311","20220712103000","88","3","高雄市","六龜區","120.650","22.975","145"
"537","137325","20220712103000","766","0","高雄市","六龜區","120.660","22.985","545"
"182","137409","20220712103000","90","3","高雄市","六龜區","120.640","22.990","190"
"142","137466","20220712103000","154","0","高雄市","六龜區","120.660","23.035","174"
"884","137491","20220712103000","892","0","高雄市","六龜區","120.635","22.995","856"
"165","137494","20220712103000","130","2","臺南市","安平區","120.165","23.000","164"
"64","137498","20220712103000","55","1","臺南市","安平區","120.155","22.980","47"
"214","137502","20220712103000","319","0","臺南市","安平區","120.150","22.990","193"
"24","137504","20220712103000","279","0","臺南市","永康區","120.255","23.020","31"
"477","137506","20220712103000","262","3","臺南市","永康區","120.260","23.020","451"
"264","137507","20220712103000","282","0","臺南市","永康區","120.250","23.030","260"
"164","137585","20220712103000","85","3","臺東縣","鹿野鄉","121.140","22.975","196"
"133","137592","20220712103000","100","2","臺東縣","鹿野鄉","121.140","22.985","122"
"107","137600","20220712103000","73","2","臺東縣","鹿野鄉","121.155","22.950","111"
"303","137609","20220712103000","325","0","臺東縣","鹿野鄉","121.155","22.955","322"
"432","137617","20220712103000","444","0","高雄市","旗山區","120.510","22.955","380"
"41","137618","20220712103000","98","0","高雄市","旗山區","120.515","22.955","45"
"277","137627","20220712103000","291","0","高雄市","旗山區","120.515","22.970","291"
"1300","137638","20220712103000","2102","0","臺南市","歸仁區","120.290","22.965","1175"
"185","137642","20220712103000","479","0","臺南市","永康區","120.275","23.035","203"
"122","137643","20220712103000","731","0","臺南市","永康區","120.280","23.035","120"
"114","137645","20220712103000","94","2","臺南市","永康區","120.275","23.040","106"
"512","137648","20220712103000","235","3","臺南市","新化區","120.305","23.030","527"
"597","137649","20220712103000","427","2","臺南市","永康區","120.240","23.010","597"
"1303","137650","20220712103000","1064","2","臺南市","永康區","120.215","23.020","1269"
"601","137651","20220712103000","328","3","臺南市","北區","120.220","23.015","659"
"31","138036","20220712103000","83","0","臺東縣","成功鎮","121.315","22.990","28"
"201","138047","20220712103000","52","3","臺東縣","成功鎮","121.320","23.005","210"
"120","138061","20220712103000","100","2","臺東縣","成功鎮","121.325","23.020","142"
"275","138079","20220712103000","227","2","臺東縣","成功鎮","121.335","23.030","278"
"399","138095","20220712103000","150","3","臺東縣","關山鎮","121.170","23.040","378"
"135","138110","20220712103000","75","3","臺東縣","關山鎮","121.145","23.005","118"
"134","138197","20220712103000","130","1","臺東縣","關山鎮","121.175","23.015","140"
"61","138230","20220712103000","69","0","臺東縣","關山鎮","121.185","23.025","43"
"114","138241","20220712103000","58","3","臺東縣","鹿野鄉","121.130","22.955","114"
"296","138251","20220712103000","249","1","臺東縣","鹿野鄉","121.120","22.970","274"
"207","138278","20220712103000","117","3","臺東縣","鹿野鄉","121.150","22.980","219"
"732","138324","20220712103000","597","2","臺南市","新化區","120.300","23.020","744"
"427","138325","20220712103000","204","3","臺南市","新化區","120.305","23.020","454"
"424","138337","20220712103000","429","0","臺南市","安南區","120.125","23.035","397"
"184","138363","20220712103000","111","3","臺南市","安南區","120.140","23.030","178"
"1125","138367","20220712103000","1042","1","臺南市","安南區","120.160","23.030","1116"
"455","138369","20220712103000","526","0","臺南市","安南區","120.135","23.035","454"
"470","138375","20220712103000","367","2","臺南市","安南區","120.140","23.040","442"
"1029","138376","20220712103000","1379","0","臺南市","安南區","120.145","23.040","1041"
"806","138377","20220712103000","858","0","臺南市","安南區","120.150","23.040","848"
"732","138378","20220712103000","561","2","臺南市","安南區","120.155","23.040","714"
"106","138379","20220712103000","69","3","臺南市","安南區","120.160","23.040","113"
"64","138760","20220712103000","37","3","高雄市","桃源區","120.715","23.035","42"
"2170","138833","20220712103000","1536","2","臺南市","永康區","120.260","23.025","2228"
"25","138836","20220712103000","284","0","臺南市","永康區","120.265","23.030","20"
"619","138838","20220712103000","484","2","臺南市","永康區","120.265","23.035","658"
"136","138839","20220712103000","313","0","臺南市","永康區","120.265","23.040","137"
"56","138840","20220712103000","49","1","臺南市","新化區","120.285","23.035","58"
"199","138842","20220712103000","190","1","臺南市","永康區","120.280","23.040","201"
"98","138843","20220712103000","380","0","臺南市","新化區","120.300","23.040","104"
"44","138851","20220712103000","12","3","臺南市","新化區","120.375","23.010","45"
"36","138856","20220712103000","18","3","臺南市","新化區","120.365","23.010","38"
"266","138868","20220712103000","938","0","臺南市","新化區","120.305","23.040","269"
"154","138909","20220712103000","329","0","臺南市","新化區","120.325","23.025","185"
"210","138910","20220712103000","33","3","臺南市","新化區","120.330","23.025","240"
"18","138911","20220712103000","86","0","臺南市","新化區","120.335","23.025","16"
"594","138917","20220712103000","2065","0","臺南市","新化區","120.310","23.035","561"
"1432","138922","20220712103000","1122","2","臺南市","東區","120.220","22.980","1403"
"1426","138923","20220712103000","775","3","臺南市","東區","120.235","22.970","1486"
"1426","138926","20220712103000","1834","0","臺南市","永康區","120.230","23.035","1402"
"1640","138928","20220712103000","1235","2","臺南市","永康區","120.235","23.040","1753"
"994","138932","20220712103000","1218","0","臺南市","永康區","120.240","23.035","984"
"613","138933","20220712103000","671","0","臺南市","永康區","120.245","23.035","665"
"640","138935","20220712103000","1062","0","臺南市","永康區","120.240","23.040","558"
"2589","138936","20220712103000","1294","3","臺南市","永康區","120.245","23.040","2637"
"155","138937","20220712103000","241","0","臺南市","永康區","120.250","23.040","154"
"64","138942","20220712103000","216","0","臺東縣","東河鄉","121.285","23.000","57"
"202","138962","20220712103000","151","2","臺東縣","東河鄉","121.280","23.020","185"
"20","138979","20220712103000","72","0","臺東縣","東河鄉","121.285","23.030","30"
"14","139027","20220712103000","61","0","臺東縣","東河鄉","121.240","22.965","25"
"102","139039","20220712103000","18","3","臺東縣","東河鄉","121.280","22.955","75"
"123","139060","20220712103000","413","0","臺東縣","東河鄉","121.300","22.970","131"
"14","139065","20220712103000","18","0","臺東縣","東河鄉","121.305","22.975","14"
"62","139073","20220712103000","26","3","臺東縣","東河鄉","121.300","22.985","49"
"43","139131","20220712103000","19","3","臺東縣","東河鄉","121.260","22.980","43"
"40","139146","20220712103000","26","3","臺東縣","東河鄉","121.265","22.985","36"
"195","139164","20220712103000","93","3","臺東縣","東河鄉","121.280","22.990","228"
"230","139299","20220712103000","86","3","臺南市","新化區","120.330","23.015","180"
"63","139305","20220712103000","360","0","臺南市","新化區","120.310","23.020","41"
"27","139307","20220712103000","185","0","臺南市","新化區","120.330","23.020","40"
"157","139318","20220712103000","180","0","臺南市","新化區","120.355","23.020","139"
"23","139335","20220712103000","106","0","臺南市","新化區","120.335","23.035","19"
"47","139336","20220712103000","43","1","臺南市","新化區","120.340","23.035","50"
"11","139339","20220712103000","15","0","臺南市","新化區","120.355","23.035","11"
"11","139343","20220712103000","42","0","臺南市","新化區","120.375","23.035","13"
"2231","139358","20220712103000","1682","2","臺南市","東區","120.220","22.995","2113"
"331","139360","20220712103000","1074","0","臺南市","東區","120.215","23.000","307"
"598","139362","20220712103000","374","3","臺南市","東區","120.235","22.960","605"
"353","139635","20220712103000","396","0","高雄市","杉林區","120.540","22.970","319"
"190","139644","20220712103000","123","3","高雄市","杉林區","120.550","22.975","209"
"137","139672","20220712103000","101","2","高雄市","杉林區","120.565","22.985","139"
"13","139688","20220712103000","13","1","高雄市","杉林區","120.575","23.000","22"
"377","139718","20220712103000","318","1","高雄市","杉林區","120.540","22.965","419"
"38","139735","20220712103000","44","0","高雄市","杉林區","120.550","23.020","45"
"10","139762","20220712103000","11","0","高雄市","杉林區","120.535","23.035","10"
"28","139796","20220712103000","69","0","高雄市","杉林區","120.550","23.000","49"
"159","139852","20220712103000","197","0","高雄市","杉林區","120.585","22.995","180"
"119","139897","20220712103000","164","0","高雄市","杉林區","120.565","23.015","132"
"48","139960","20220712103000","54","0","高雄市","杉林區","120.550","23.040","70"
"11","143776","20220712103000","96","0","臺東縣","成功鎮","121.385","23.100","18"
"382","144971","20220712103000","201","3","臺南市","新市區","120.330","23.105","323"
"128","144982","20220712103000","596","0","臺南市","善化區","120.295","23.125","140"
"270","144986","20220712103000","113","3","臺南市","善化區","120.310","23.110","190"
"1378","144989","20220712103000","1032","2","臺南市","善化區","120.305","23.115","1296"
"385","144992","20220712103000","511","0","臺南市","善化區","120.320","23.115","377"
"368","144998","20220712103000","211","3","臺南市","善化區","120.310","23.125","335"
"1457","144999","20220712103000","1124","2","臺南市","善化區","120.315","23.125","1507"
"1701","145002","20220712103000","714","3","臺南市","新市區","120.300","23.105","2086"
"2486","145007","20220712103000","1449","3","臺南市","善化區","120.295","23.115","2533"
"637","145022","20220712103000","583","1","臺南市","安定區","120.235","23.110","601"
"168","145025","20220712103000","195","0","臺南市","安定區","120.235","23.115","179"
"585","145026","20220712103000","740","0","臺南市","安定區","120.240","23.115","501"
"1113","145031","20220712103000","1287","0","臺南市","安定區","120.255","23.115","1055"
"160","145032","20220712103000","238","0","臺南市","安定區","120.235","23.120","165"
"712","145050","20220712103000","606","1","臺南市","七股區","120.160","23.115","682"
"187","145054","20220712103000","193","0","臺南市","安南區","120.135","23.045","175"
"541","145055","20220712103000","495","1","臺南市","安南區","120.155","23.045","534"
"411","145067","20220712103000","1703","0","臺南市","安南區","120.195","23.045","395"
"132","145080","20220712103000","99","2","臺東縣","池上鄉","121.220","23.090","156"
"33","145103","20220712103000","34","0","臺東縣","池上鄉","121.220","23.100","21"
"82","145114","20220712103000","28","3","臺東縣","池上鄉","121.225","23.105","96"
"38","145631","20220712103000","51","0","臺東縣","海端鄉","121.145","23.045","52"
"362","145817","20220712103000","448","0","臺東縣","海端鄉","121.175","23.095","328"
"357","146199","20220712103000","404","0","臺南市","西港區","120.205","23.115","380"
"1332","146201","20220712103000","1227","1","臺南市","西港區","120.200","23.120","1331"
"253","146215","20220712103000","671","0","臺南市","西港區","120.180","23.115","258"
"22","146227","20220712103000","424","0","臺南市","安南區","120.215","23.045","31"
"960","146231","20220712103000","388","3","臺南市","安南區","120.215","23.050","1105"
"1104","146234","20220712103000","1203","0","臺南市","安南區","120.220","23.045","1123"
"636","146235","20220712103000","1015","0","臺南市","安南區","120.225","23.045","635"
"171","146238","20220712103000","692","0","臺南市","安南區","120.235","23.050","166"
"178","146239","20220712103000","151","1","臺南市","永康區","120.240","23.050","121"
"286","146241","20220712103000","237","2","臺南市","安南區","120.235","23.055","329"
"949","146244","20220712103000","619","3","臺南市","安南區","120.230","23.060","1033"
"63","146245","20220712103000","73","0","臺南市","安南區","120.235","23.060","62"
"437","146251","20220712103000","472","0","臺南市","西港區","120.210","23.115","387"
"521","146255","20220712103000","229","3","臺南市","西港區","120.220","23.120","546"
"54","146265","20220712103000","72","0","臺南市","大內區","120.390","23.110","51"
"219","146341","20220712103000","230","0","臺南市","安南區","120.110","23.080","228"
"391","146347","20220712103000","760","0","臺南市","安南區","120.205","23.045","385"
"326","146348","20220712103000","338","0","臺南市","安南區","120.210","23.045","288"
"95","146361","20220712103000","85","1","臺南市","大內區","120.395","23.120","89"
"71","146366","20220712103000","52","2","臺南市","大內區","120.420","23.120","90"
"488","146385","20220712103000","166","3","臺南市","安南區","120.220","23.055","470"
"590","146387","20220712103000","756","0","臺南市","安南區","120.215","23.060","579"
"404","146388","20220712103000","431","0","臺南市","安南區","120.220","23.060","403"
"1492","146390","20220712103000","2398","0","臺南市","安南區","120.225","23.065","1528"
"53","146400","20220712103000","63","0","臺南市","七股區","120.160","23.100","52"
"13","146423","20220712103000","49","0","臺南市","七股區","120.100","23.120","17"
"1441","146430","20220712103000","1356","1","臺南市","新市區","120.290","23.070","1442"
"1442","146432","20220712103000","621","3","臺南市","新市區","120.290","23.080","1457"
"2719","146433","20220712103000","2475","1","臺南市","新市區","120.295","23.080","2856"
"56","146437","20220712103000","438","0","臺南市","新市區","120.290","23.055","59"
"585","146444","20220712103000","399","2","臺南市","新市區","120.300","23.060","622"
"443","146450","20220712103000","384","1","臺南市","新市區","120.295","23.065","543"
"77","146459","20220712103000","76","1","臺南市","新市區","120.305","23.070","83"
"1248","146460","20220712103000","642","3","臺南市","新市區","120.295","23.075","1212"
"719","146461","20220712103000","420","3","臺南市","新市區","120.300","23.075","762"
"258","146468","20220712103000","369","0","臺南市","新市區","120.300","23.085","250"
"474","146478","20220712103000","312","3","臺南市","新市區","120.325","23.070","534"
"40","146482","20220712103000","30","2","臺南市","新市區","120.320","23.075","43"
"913","146495","20220712103000","647","2","臺南市","新市區","120.280","23.060","582"
"106","146505","20220712103000","56","3","臺南市","新市區","120.280","23.075","126"
"1303","146506","20220712103000","1307","0","臺南市","新市區","120.285","23.075","1596"
"23","146509","20220712103000","23","1","臺南市","新市區","120.285","23.080","18"
"1425","146513","20220712103000","937","3","臺南市","新市區","120.280","23.090","1318"
"150","146522","20220712103000","234","0","臺南市","新市區","120.255","23.090","159"
"65","146523","20220712103000","62","1","臺南市","新市區","120.260","23.090","66"
"826","146525","20220712103000","717","1","臺南市","新市區","120.270","23.090","849"
"2714","146526","20220712103000","1721","3","臺南市","新市區","120.275","23.090","2734"
"367","146529","20220712103000","342","1","臺南市","新市區","120.255","23.095","368"
"89","146532","20220712103000","171","0","臺南市","新市區","120.270","23.095","97"
"3533","146533","20220712103000","4020","0","臺南市","新市區","120.275","23.095","3858"
"958","146535","20220712103000","645","2","臺南市","新市區","120.250","23.100","923"
"167","146536","20220712103000","124","2","臺南市","新市區","120.260","23.100","161"
"1103","146537","20220712103000","1119","0","臺南市","新市區","120.260","23.095","1107"
"1221","146541","20220712103000","1168","1","臺南市","新市區","120.280","23.095","1207"
"72","146542","20220712103000","202","0","臺南市","新市區","120.285","23.100","71"
"3015","146545","20220712103000","2646","1","臺南市","新市區","120.255","23.100","3251"
"283","146546","20220712103000","258","1","臺南市","善化區","120.260","23.105","233"
"178","146547","20220712103000","194","0","臺南市","新市區","120.265","23.100","173"
"932","146549","20220712103000","530","3","臺南市","新市區","120.275","23.100","873"
"749","146550","20220712103000","1277","0","臺南市","新市區","120.280","23.100","756"
"2579","146552","20220712103000","2682","0","臺南市","新市區","120.265","23.105","2510"
"2651","146554","20220712103000","2256","1","臺南市","新市區","120.275","23.105","2709"
"208","146562","20220712103000","340","0","臺南市","七股區","120.145","23.105","188"
"500","146587","20220712103000","265","3","臺南市","安定區","120.225","23.080","571"
"638","146590","20220712103000","330","3","臺南市","安定區","120.230","23.100","575"
"712","146602","20220712103000","612","1","臺南市","西港區","120.210","23.125","693"
"408","146614","20220712103000","278","2","臺南市","安南區","120.155","23.055","373"
"214","146615","20220712103000","186","1","臺南市","安南區","120.165","23.060","237"
"363","146616","20220712103000","448","0","臺南市","安南區","120.175","23.060","394"
"937","146621","20220712103000","830","1","臺南市","安南區","120.175","23.070","985"
"17","146652","20220712103000","103","0","臺南市","七股區","120.150","23.120","13"
"430","146661","20220712103000","367","1","臺南市","安南區","120.130","23.070","397"
"45","146695","20220712103000","293","0","臺南市","安南區","120.095","23.060","41"
"255","146704","20220712103000","101","3","臺南市","山上區","120.355","23.085","256"
"283","146707","20220712103000","242","1","臺南市","山上區","120.345","23.090","177"
"263","146712","20220712103000","312","0","臺南市","山上區","120.355","23.095","304"
"165","146713","20220712103000","111","2","臺南市","山上區","120.360","23.095","152"
"346","146727","20220712103000","628","0","臺南市","山上區","120.340","23.110","371"
"73","146773","20220712103000","90","0","臺南市","山上區","120.405","23.105","67"
"184","146783","20220712103000","105","3","臺南市","山上區","120.365","23.075","349"
"26","146806","20220712103000","13","3","臺南市","左鎮區","120.380","23.050","31"
"251","146822","20220712103000","131","3","臺南市","左鎮區","120.365","23.065","243"
"90","146848","20220712103000","185","0","臺南市","左鎮區","120.400","23.055","108"
"236","146850","20220712103000","232","1","臺南市","左鎮區","120.410","23.055","242"
"198","146853","20220712103000","177","1","臺南市","左鎮區","120.390","23.060","206"
"114","146890","20220712103000","199","0","臺南市","安南區","120.160","23.065","119"
"385","146891","20220712103000","212","3","臺南市","安南區","120.160","23.070","463"
"272","146892","20220712103000","361","0","臺南市","安南區","120.165","23.070","270"
"187","146896","20220712103000","155","2","臺南市","安南區","120.200","23.075","177"
"94","146931","20220712103000","905","0","臺南市","安南區","120.130","23.060","88"
"129","146932","20220712103000","569","0","臺南市","安南區","120.135","23.060","126"
"54","146947","20220712103000","264","0","臺南市","安南區","120.115","23.055","54"
"539","146954","20220712103000","494","1","臺南市","安南區","120.125","23.060","532"
"587","146957","20220712103000","470","2","臺南市","安南區","120.125","23.065","523"
"1041","146965","20220712103000","621","3","臺南市","山上區","120.355","23.105","1015"
"233","146969","20220712103000","99","3","臺南市","山上區","120.370","23.080","249"
"86","146971","20220712103000","101","0","臺南市","山上區","120.380","23.080","88"
"45","146979","20220712103000","278","0","臺南市","安定區","120.235","23.100","421"
"1664","146988","20220712103000","1368","2","臺南市","永康區","120.255","23.045","1535"
"160","146992","20220712103000","101","3","臺南市","永康區","120.260","23.050","159"
"90","147017","20220712103000","107","0","臺南市","安南區","120.145","23.075","111"
"522","147019","20220712103000","421","2","臺南市","安南區","120.135","23.080","473"
"129","147031","20220712103000","107","2","臺南市","安定區","120.220","23.105","118"
"774","147043","20220712103000","934","0","臺南市","安定區","120.260","23.110","728"
"479","147044","20220712103000","1853","0","臺南市","安定區","120.260","23.115","497"
"1639","147045","20220712103000","1542","1","臺南市","安定區","120.255","23.120","1454"
"13795","147046","20220712103000","11981","1","臺南市","安定區","120.260","23.120","13403"
"33","147047","20220712103000","95","0","臺南市","安定區","120.265","23.120","43"
"47","147048","20220712103000","123","0","臺南市","安定區","120.250","23.125","47"
"343","147051","20220712103000","382","0","臺南市","安定區","120.240","23.095","324"
"342","147056","20220712103000","592","0","臺南市","安定區","120.235","23.085","335"
"335","147068","20220712103000","853","0","臺南市","安定區","120.235","23.095","313"
"154","147073","20220712103000","168","0","臺南市","安南區","120.180","23.045","162"
"1285","147074","20220712103000","1508","0","臺南市","安南區","120.185","23.045","1377"
"411","147075","20220712103000","488","0","臺南市","安南區","120.180","23.050","411"
"1004","147079","20220712103000","440","3","臺南市","安南區","120.190","23.055","1074"
"123","147083","20220712103000","208","0","臺南市","南化區","120.450","23.050","130"
"260","147121","20220712103000","224","1","臺南市","南化區","120.485","23.080","281"
"188","147153","20220712103000","210","0","臺南市","南化區","120.475","23.065","190"
"331","147170","20220712103000","246","2","臺南市","南化區","120.475","23.045","407"
"64","147248","20220712103000","67","0","臺南市","南化區","120.515","23.075","72"
"43","147252","20220712103000","28","3","臺南市","南化區","120.535","23.075","33"
"178","147257","20220712103000","111","3","臺南市","南化區","120.510","23.080","168"
"48","147271","20220712103000","55","0","臺南市","南化區","120.525","23.085","56"
"323","147381","20220712103000","191","3","臺南市","安南區","120.165","23.050","366"
"101","147382","20220712103000","218","0","臺南市","安南區","120.170","23.050","98"
"125","147391","20220712103000","64","3","臺東縣","池上鄉","121.205","23.100","185"
"338","147393","20220712103000","181","3","臺東縣","池上鄉","121.200","23.105","328"
"107","147398","20220712103000","116","0","臺東縣","池上鄉","121.200","23.110","121"
"193","147404","20220712103000","110","3","臺東縣","池上鄉","121.200","23.115","224"
"349","147422","20220712103000","384","0","臺東縣","池上鄉","121.220","23.115","336"
"154","147425","20220712103000","76","3","臺東縣","池上鄉","121.210","23.120","191"
"392","147426","20220712103000","381","1","臺東縣","池上鄉","121.215","23.120","358"
"282","147427","20220712103000","942","0","臺東縣","池上鄉","121.220","23.120","322"
"62","147429","20220712103000","427","0","臺南市","安南區","120.120","23.075","89"
"146","147438","20220712103000","960","0","臺南市","安南區","120.205","23.050","149"
"760","147448","20220712103000","939","0","臺南市","安南區","120.195","23.070","759"
"463","147449","20220712103000","311","2","臺南市","安定區","120.200","23.070","567"
"2676","147457","20220712103000","1898","2","臺南市","新市區","120.280","23.105","2630"
"7126","147458","20220712103000","5319","2","臺南市","善化區","120.265","23.110","6953"
"2376","147459","20220712103000","2411","0","臺南市","善化區","120.270","23.110","2317"
"4068","147460","20220712103000","2889","2","臺南市","善化區","120.275","23.110","4311"
"103","147461","20220712103000","63","3","臺南市","善化區","120.280","23.110","108"
"4228","147464","20220712103000","3983","1","臺南市","善化區","120.270","23.115","4046"
"4563","147465","20220712103000","3338","2","臺南市","善化區","120.275","23.115","4580"
"74","147466","20220712103000","82","0","臺南市","善化區","120.280","23.115","78"
"73","147467","20220712103000","96","0","臺南市","善化區","120.285","23.115","73"
"2191","147468","20220712103000","1181","3","臺南市","善化區","120.270","23.120","2278"
"40","147469","20220712103000","255","0","臺南市","善化區","120.275","23.120","46"
"1114","147475","20220712103000","590","3","臺南市","安南區","120.190","23.045","1180"
"714","147479","20220712103000","412","3","臺南市","安定區","120.215","23.075","731"
"484","147503","20220712103000","464","1","臺南市","大內區","120.370","23.115","516"
"322","147511","20220712103000","183","3","臺南市","安定區","120.205","23.080","306"
"950","147522","20220712103000","699","2","臺南市","安定區","120.210","23.090","981"
"669","147528","20220712103000","571","1","臺南市","安定區","120.215","23.095","591"
"586","147531","20220712103000","347","3","臺南市","安定區","120.210","23.095","630"
"1161","147539","20220712103000","268","3","臺南市","新市區","120.290","23.085","1324"
"1972","147540","20220712103000","1288","3","臺南市","新市區","120.285","23.090","2137"
"16","147543","20220712103000","16","1","臺南市","新市區","120.285","23.095","18"
"1285","147548","20220712103000","1117","1","臺南市","新市區","120.290","23.100","1385"
"488","147550","20220712103000","512","0","臺南市","新市區","120.285","23.105","507"
"71","147564","20220712103000","107","0","臺南市","新市區","120.260","23.070","45"
"306","147567","20220712103000","144","3","臺南市","新市區","120.250","23.075","244"
"129","147570","20220712103000","117","1","臺南市","新市區","120.265","23.075","109"
"148","147571","20220712103000","146","1","臺南市","新市區","120.255","23.080","116"
"179","147576","20220712103000","94","3","臺南市","新市區","120.305","23.090","188"
"196","147580","20220712103000","326","0","臺南市","新市區","120.300","23.100","204"
"224","147587","20220712103000","186","2","臺南市","新市區","120.310","23.100","201"
"569","147594","20220712103000","469","2","臺南市","新市區","120.320","23.085","621"
"780","147598","20220712103000","478","3","臺南市","新市區","120.315","23.090","745"
"681","147603","20220712103000","455","2","臺南市","新市區","120.320","23.095","680"
"44","147613","20220712103000","171","0","臺南市","安南區","120.165","23.045","51"
"403","147619","20220712103000","221","3","臺南市","安南區","120.170","23.045","413"
"204","147620","20220712103000","205","0","臺南市","安南區","120.175","23.045","205"
"562","147621","20220712103000","583","0","臺南市","安南區","120.175","23.050","566"
"83","147622","20220712103000","251","0","臺南市","安南區","120.175","23.055","102"
"110","147627","20220712103000","92","1","臺南市","七股區","120.120","23.095","128"
"174","147686","20220712103000","221","0","臺南市","七股區","120.075","23.125","185"
"113","147743","20220712103000","71","3","臺南市","七股區","120.050","23.080","124"
"100","147812","20220712103000","158","0","臺南市","七股區","120.090","23.095","117"
"734","147816","20220712103000","486","3","臺南市","七股區","120.110","23.095","689"
"56","147889","20220712103000","79","0","臺東縣","池上鄉","121.220","23.080","67"
"231","147906","20220712103000","134","3","臺東縣","池上鄉","121.230","23.120","282"
"206","147984","20220712103000","123","3","高雄市","甲仙區","120.585","23.080","228"
"256","147985","20220712103000","93","3","高雄市","甲仙區","120.590","23.080","278"
"44","147999","20220712103000","39","1","高雄市","甲仙區","120.610","23.110","28"
"17","148032","20220712103000","13","2","高雄市","甲仙區","120.630","23.115","17"
"155","148097","20220712103000","188","0","高雄市","六龜區","120.670","23.065","118"
"170","148126","20220712103000","68","3","高雄市","六龜區","120.675","23.080","164"
"784","148173","20220712103000","690","1","臺南市","安南區","120.205","23.060","799"
"612","148177","20220712103000","437","2","臺南市","安南區","120.220","23.070","642"
"341","148178","20220712103000","185","3","臺南市","安南區","120.225","23.070","347"
"130","148201","20220712103000","114","1","高雄市","六龜區","120.690","23.095","128"
"146","148224","20220712103000","143","1","高雄市","六龜區","120.690","23.105","122"
"242","148238","20220712103000","195","2","高雄市","六龜區","120.700","23.110","233"
"10","148255","20220712103000","19","0","高雄市","桃源區","120.710","23.115","16"
"86","148271","20220712103000","82","1","高雄市","六龜區","120.720","23.115","89"
"106","148275","20220712103000","52","3","高雄市","桃源區","120.745","23.115","78"
"82","148342","20220712103000","54","3","高雄市","六龜區","120.715","23.065","76"
"59","148372","20220712103000","65","0","臺南市","新化區","120.330","23.055","66"
"147","148373","20220712103000","177","0","臺南市","新化區","120.335","23.055","141"
"170","148376","20220712103000","155","1","臺南市","新化區","120.335","23.060","151"
"152","148377","20220712103000","157","0","臺南市","新化區","120.340","23.060","161"
"24","148378","20220712103000","26","0","臺南市","新化區","120.345","23.060","32"
"367","148380","20220712103000","344","1","臺南市","新化區","120.345","23.065","371"
"211","148386","20220712103000","190","1","臺南市","新化區","120.355","23.070","210"
"88","148418","20220712103000","79","1","臺東縣","池上鄉","121.235","23.120","77"
"62","148429","20220712103000","83","0","臺南市","玉井區","120.425","23.070","70"
"130","148453","20220712103000","82","3","臺南市","玉井區","120.430","23.085","141"
"35","148472","20220712103000","17","3","臺南市","玉井區","120.440","23.095","43"
"34","148477","20220712103000","40","0","臺南市","玉井區","120.450","23.090","31"
"161","148526","20220712103000","97","3","臺南市","玉井區","120.480","23.110","186"
"16","148531","20220712103000","12","2","臺南市","玉井區","120.505","23.110","21"
"1620","148561","20220712103000","1722","0","臺南市","玉井區","120.460","23.120","1733"
"483","148562","20220712103000","546","0","臺南市","玉井區","120.465","23.120","499"
"1014","148578","20220712103000","1209","0","臺南市","永康區","120.265","23.045","1103"
"98","148580","20220712103000","977","0","臺南市","永康區","120.275","23.045","105"
"270","148582","20220712103000","446","0","臺南市","永康區","120.265","23.050","231"
"570","148583","20220712103000","321","3","臺南市","永康區","120.270","23.050","653"
"109","148584","20220712103000","120","0","臺南市","永康區","120.275","23.050","123"
"144","148586","20220712103000","326","0","臺南市","永康區","120.270","23.055","121"
"58","148590","20220712103000","414","0","臺南市","永康區","120.245","23.050","43"
"31","148592","20220712103000","125","0","臺南市","永康區","120.250","23.050","23"
"477","148594","20220712103000","273","3","臺南市","永康區","120.260","23.055","501"
"517","148600","20220712103000","602","0","臺南市","永康區","120.265","23.055","484"
"34","148632","20220712103000","50","0","臺東縣","成功鎮","121.355","23.120","50"
"401","148641","20220712103000","343","1","臺東縣","成功鎮","121.400","23.120","437"
"55","148643","20220712103000","116","0","臺東縣","成功鎮","121.410","23.120","35"
"41","148653","20220712103000","18","3","臺東縣","成功鎮","121.355","23.105","33"
"251","148657","20220712103000","735","0","臺東縣","成功鎮","121.375","23.105","242"
"98","148690","20220712103000","54","3","臺東縣","成功鎮","121.340","23.045","100"
"28","148696","20220712103000","33","0","臺東縣","成功鎮","121.340","23.050","35"
"148","148718","20220712103000","115","2","臺東縣","成功鎮","121.345","23.065","187"
"280","148763","20220712103000","51","3","臺東縣","成功鎮","121.355","23.090","241"
"23","148769","20220712103000","12","3","臺東縣","成功鎮","121.345","23.095","20"
"44","148782","20220712103000","147","0","臺東縣","成功鎮","121.370","23.100","53"
"1379","148784","20220712103000","538","3","臺東縣","成功鎮","121.380","23.100","1427"
"652","148795","20220712103000","438","2","臺東縣","關山鎮","121.175","23.070","699"
"141","148817","20220712103000","105","2","臺東縣","關山鎮","121.175","23.080","162"
"508","148847","20220712103000","275","3","臺東縣","關山鎮","121.165","23.045","570"
"135","148852","20220712103000","1338","0","臺東縣","關山鎮","121.165","23.050","163"
"486","148873","20220712103000","502","0","臺東縣","關山鎮","121.165","23.055","454"
"398","148879","20220712103000","306","2","臺東縣","關山鎮","121.155","23.045","431"
"380","148883","20220712103000","545","0","高雄市","甲仙區","120.590","23.085","377"
"96","148899","20220712103000","64","3","高雄市","甲仙區","120.590","23.100","90"
"79","148910","20220712103000","55","2","高雄市","甲仙區","120.550","23.055","78"
"90","148925","20220712103000","96","0","高雄市","甲仙區","120.570","23.065","97"
"194","148938","20220712103000","105","3","高雄市","甲仙區","120.575","23.070","214"
"71","148960","20220712103000","78","0","高雄市","甲仙區","120.560","23.050","86"
"396","148978","20220712103000","262","3","臺南市","新化區","120.290","23.045","345"
"117","148986","20220712103000","46","3","臺南市","新化區","120.295","23.055","93"
"1200","148988","20220712103000","454","3","臺南市","安南區","120.145","23.045","1257"
"44","148989","20220712103000","23","3","臺南市","安南區","120.150","23.045","35"
"39","149026","20220712103000","34","1","高雄市","桃源區","120.720","23.050","35"
"52","149092","20220712103000","19","3","高雄市","桃源區","120.735","23.060","27"
"63","149159","20220712103000","31","3","高雄市","桃源區","120.755","23.070","45"
"65","149193","20220712103000","27","3","高雄市","桃源區","120.760","23.070","41"
"370","149576","20220712103000","168","3","臺南市","新化區","120.295","23.045","371"
"271","149577","20220712103000","577","0","臺南市","新化區","120.300","23.045","280"
"67","149589","20220712103000","214","0","臺南市","永康區","120.235","23.045","57"
"1653","149590","20220712103000","1225","2","臺南市","永康區","120.240","23.045","1651"
"32","149592","20220712103000","25","2","臺南市","永康區","120.245","23.045","30"
"361","149593","20220712103000","241","2","臺南市","永康區","120.250","23.045","344"
"35","149614","20220712103000","48","0","臺南市","玉井區","120.460","23.100","41"
"30","149636","20220712103000","30","1","臺南市","玉井區","120.490","23.095","29"
"118","149651","20220712103000","150","0","臺南市","玉井區","120.480","23.105","128"
"445","149654","20220712103000","1225","0","臺東縣","成功鎮","121.380","23.105","452"
"78","149658","20220712103000","51","3","臺東縣","東河鄉","121.285","23.045","89"
"60","149682","20220712103000","40","3","臺東縣","東河鄉","121.295","23.055","71"
"19","149761","20220712103000","13","2","臺東縣","東河鄉","121.295","23.080","24"
"15","149846","20220712103000","56","0","臺南市","新化區","120.370","23.045","15"
"40","149865","20220712103000","69","0","臺南市","新化區","120.310","23.045","33"
"277","149866","20220712103000","149","3","臺南市","新化區","120.315","23.045","328"
"56","149869","20220712103000","402","0","臺南市","新化區","120.315","23.050","70"
"108","149873","20220712103000","93","1","臺南市","新化區","120.325","23.055","86"
"42","149908","20220712103000","35","2","高雄市","甲仙區","120.600","23.085","39"
"1089","149946","20220712103000","964","1","臺南市","善化區","120.270","23.125","1021"
"656","149948","20220712103000","649","1","臺南市","大內區","120.355","23.120","674"
"299","154962","20220712103000","235","2","澎湖縣","七美鄉","119.415","23.195","237"
"1075","154965","20220712103000","572","3","臺南市","善化區","120.325","23.140","1149"
"214","154980","20220712103000","254","0","臺南市","善化區","120.325","23.135","193"
"1542","154984","20220712103000","1496","1","臺南市","善化區","120.300","23.130","1448"
"410","154985","20220712103000","252","3","臺南市","善化區","120.305","23.130","422"
"770","154986","20220712103000","443","3","臺南市","善化區","120.310","23.130","737"
"131","154996","20220712103000","233","0","澎湖縣","七美鄉","119.435","23.200","107"
"16","155085","20220712103000","13","2","臺南市","西港區","120.230","23.135","17"
"206","155092","20220712103000","749","0","臺南市","麻豆區","120.220","23.190","273"
"506","155098","20220712103000","642","0","臺南市","麻豆區","120.245","23.190","634"
"149","155107","20220712103000","119","2","臺南市","佳里區","120.180","23.145","171"
"384","155111","20220712103000","435","0","臺南市","佳里區","120.175","23.150","411"
"370","155114","20220712103000","772","0","臺南市","佳里區","120.175","23.155","369"
"578","155129","20220712103000","605","0","臺南市","佳里區","120.195","23.190","636"
"59","155501","20220712103000","51","1","臺東縣","海端鄉","121.025","23.185","103"
"48","155650","20220712103000","66","0","臺東縣","海端鄉","121.180","23.130","43"
"45","155658","20220712103000","35","2","臺東縣","海端鄉","121.205","23.150","45"
"106","155664","20220712103000","71","2","臺東縣","海端鄉","121.190","23.155","106"
"10","155778","20220712103000","24","0","臺東縣","海端鄉","121.120","23.130","10"
"87","155779","20220712103000","88","0","臺東縣","海端鄉","121.125","23.130","128"
"172","155786","20220712103000","40","3","臺東縣","海端鄉","121.160","23.130","131"
"65","156049","20220712103000","93","0","臺東縣","海端鄉","121.030","23.165","41"
"116","156052","20220712103000","94","2","臺東縣","海端鄉","121.045","23.165","58"
"23","156083","20220712103000","24","0","臺東縣","海端鄉","121.045","23.170","19"
"120","156227","20220712103000","367","0","臺南市","西港區","120.180","23.130","121"
"592","156233","20220712103000","554","1","臺南市","西港區","120.200","23.130","645"
"353","156281","20220712103000","271","2","臺南市","佳里區","120.180","23.165","379"
"47","156284","20220712103000","296","0","臺南市","佳里區","120.180","23.170","73"
"127","156292","20220712103000","62","3","臺南市","佳里區","120.155","23.170","128"
"541","156302","20220712103000","575","0","臺南市","麻豆區","120.215","23.175","581"
"841","156306","20220712103000","514","3","臺南市","佳里區","120.160","23.160","983"
"1551","156309","20220712103000","1658","0","臺南市","佳里區","120.175","23.160","1501"
"3645","156314","20220712103000","4022","0","臺南市","佳里區","120.175","23.165","3820"
"303","156333","20220712103000","203","2","臺南市","七股區","120.140","23.140","281"
"453","156339","20220712103000","265","3","臺南市","七股區","120.150","23.150","460"
"193","156348","20220712103000","138","2","花蓮縣","富里鄉","121.255","23.180","184"
"371","156361","20220712103000","296","2","花蓮縣","富里鄉","121.275","23.190","343"
"314","156391","20220712103000","440","0","臺南市","西港區","120.220","23.140","317"
"470","156401","20220712103000","573","0","臺南市","麻豆區","120.240","23.155","493"
"70","156402","20220712103000","16","3","臺南市","麻豆區","120.240","23.160","61"
"98","156413","20220712103000","647","0","臺南市","麻豆區","120.275","23.190","97"
"452","156420","20220712103000","259","3","臺南市","麻豆區","120.270","23.195","510"
"219","156423","20220712103000","64","3","臺南市","麻豆區","120.285","23.195","248"
"179","156427","20220712103000","926","0","臺南市","麻豆區","120.230","23.180","219"
"193","156446","20220712103000","240","0","臺南市","大內區","120.415","23.150","218"
"25","156474","20220712103000","21","1","臺南市","大內區","120.410","23.165","28"
"14","156599","20220712103000","12","1","花蓮縣","富里鄉","121.285","23.190","14"
"13","156651","20220712103000","16","0","花蓮縣","富里鄉","121.280","23.130","17"
"380","156721","20220712103000","243","3","臺南市","善化區","120.270","23.145","372"
"238","156727","20220712103000","772","0","臺南市","善化區","120.275","23.130","261"
"27","156730","20220712103000","20","2","臺南市","大內區","120.405","23.130","22"
"26","156736","20220712103000","31","0","臺南市","大內區","120.435","23.130","23"
"37","156743","20220712103000","76","0","臺南市","大內區","120.430","23.135","129"
"91","156744","20220712103000","123","0","臺南市","玉井區","120.435","23.135","83"
"1369","156765","20220712103000","528","3","臺南市","善化區","120.290","23.135","1462"
"248","156769","20220712103000","187","2","臺南市","善化區","120.315","23.155","225"
"948","156781","20220712103000","976","0","臺南市","善化區","120.285","23.150","965"
"59","156784","20220712103000","215","0","臺南市","善化區","120.275","23.155","64"
"525","156792","20220712103000","652","0","臺南市","七股區","120.135","23.140","639"
"178","156851","20220712103000","262","0","臺南市","佳里區","120.155","23.180","162"
"469","156856","20220712103000","314","2","臺南市","佳里區","120.155","23.140","602"
"373","156864","20220712103000","460","0","臺南市","佳里區","120.185","23.145","360"
"228","156865","20220712103000","637","0","臺南市","佳里區","120.180","23.150","226"
"1250","156869","20220712103000","1240","1","臺南市","佳里區","120.180","23.155","1330"
"66","156870","20220712103000","145","0","臺南市","佳里區","120.185","23.155","87"
"575","156873","20220712103000","606","0","臺南市","佳里區","120.155","23.175","595"
"542","156909","20220712103000","294","3","臺南市","麻豆區","120.240","23.190","603"
"81","156922","20220712103000","304","0","臺南市","麻豆區","120.210","23.200","86"
"199","156941","20220712103000","303","0","臺南市","佳里區","120.190","23.190","226"
"818","156942","20220712103000","589","2","臺南市","佳里區","120.185","23.185","816"
"633","156974","20220712103000","742","0","臺南市","七股區","120.090","23.185","707"
"1007","156977","20220712103000","333","3","臺南市","西港區","120.200","23.140","1096"
"1215","157009","20220712103000","1164","1","臺南市","麻豆區","120.240","23.185","1294"
"669","157010","20220712103000","1124","0","臺南市","麻豆區","120.250","23.185","709"
"229","157011","20220712103000","406","0","臺南市","麻豆區","120.255","23.185","257"
"55","157047","20220712103000","39","2","臺南市","六甲區","120.415","23.205","59"
"47","157077","20220712103000","86","0","臺南市","楠西區","120.505","23.140","157"
"512","157130","20220712103000","281","3","臺南市","將軍區","120.160","23.190","521"
"162","157174","20220712103000","404","0","臺南市","官田區","120.315","23.195","171"
"583","157183","20220712103000","322","3","臺南市","安定區","120.245","23.130","607"
"181","157184","20220712103000","296","0","臺南市","安定區","120.250","23.130","201"
"242","157198","20220712103000","221","1","花蓮縣","富里鄉","121.265","23.155","268"
"160","157258","20220712103000","276","0","臺南市","官田區","120.320","23.200","189"
"617","157259","20220712103000","788","0","臺南市","官田區","120.325","23.200","615"
"236","157263","20220712103000","350","0","臺南市","官田區","120.320","23.205","255"
"345","157265","20220712103000","219","3","臺南市","官田區","120.330","23.205","373"
"107","157312","20220712103000","448","0","臺南市","官田區","120.380","23.185","124"
"463","157333","20220712103000","235","3","臺南市","官田區","120.365","23.195","506"
"33","157334","20220712103000","172","0","臺南市","官田區","120.370","23.195","27"
"46","157335","20220712103000","116","0","臺南市","官田區","120.375","23.195","34"
"231","157360","20220712103000","600","0","臺南市","官田區","120.335","23.180","232"
"264","157382","20220712103000","78","3","臺南市","官田區","120.320","23.170","267"
"35","157394","20220712103000","160","0","臺南市","官田區","120.310","23.175","35"
"46","157399","20220712103000","159","0","臺南市","官田區","120.295","23.185","44"
"103","157419","20220712103000","372","0","臺南市","官田區","120.350","23.160","114"
"72","157422","20220712103000","44","3","臺南市","官田區","120.330","23.165","67"
"131","157424","20220712103000","381","0","臺南市","官田區","120.340","23.165","121"
"11","157454","20220712103000","60","0","臺南市","官田區","120.375","23.170","12"
"77","157463","20220712103000","32","3","臺南市","官田區","120.365","23.180","89"
"83","157477","20220712103000","271","0","臺南市","官田區","120.305","23.195","103"
"771","157478","20220712103000","632","2","臺南市","官田區","120.315","23.190","798"
"44","157597","20220712103000","28","3","臺南市","南化區","120.595","23.165","14"
"86","157624","20220712103000","48","3","臺南市","南化區","120.600","23.175","101"
"159","157646","20220712103000","86","3","臺南市","南化區","120.570","23.185","124"
"365","157733","20220712103000","329","1","臺南市","麻豆區","120.230","23.145","348"
"1742","157737","20220712103000","1952","0","臺南市","麻豆區","120.245","23.180","1814"
"133","157740","20220712103000","128","1","臺南市","麻豆區","120.240","23.195","130"
"754","157752","20220712103000","407","3","臺南市","麻豆區","120.260","23.185","797"
"277","157756","20220712103000","535","0","臺南市","麻豆區","120.265","23.190","283"
"246","157759","20220712103000","201","2","臺南市","麻豆區","120.255","23.190","230"
"97","157789","20220712103000","71","2","臺東縣","池上鄉","121.200","23.140","126"
"33","157809","20220712103000","63","0","臺南市","善化區","120.275","23.145","46"
"313","157818","20220712103000","255","2","花蓮縣","卓溪鄉","121.225","23.160","330"
"148","157895","20220712103000","113","2","花蓮縣","富里鄉","121.250","23.200","146"
"222","157913","20220712103000","564","0","臺南市","善化區","120.295","23.135","259"
"55","157915","20220712103000","83","0","臺南市","善化區","120.305","23.135","32"
"505","157919","20220712103000","436","1","臺南市","善化區","120.305","23.140","480"
"1024","157924","20220712103000","274","3","臺南市","善化區","120.290","23.145","1003"
"12","157933","20220712103000","15","0","臺南市","善化區","120.285","23.160","15"
"240","157961","20220712103000","262","0","臺南市","善化區","120.285","23.130","248"
"232","157991","20220712103000","103","3","花蓮縣","富里鄉","121.235","23.135","213"
"87","157998","20220712103000","70","2","花蓮縣","富里鄉","121.240","23.140","71"
"310","158028","20220712103000","227","2","花蓮縣","富里鄉","121.250","23.170","312"
"498","158030","20220712103000","428","1","花蓮縣","富里鄉","121.250","23.175","472"
"185","158032","20220712103000","114","3","花蓮縣","富里鄉","121.250","23.180","188"
"835","158045","20220712103000","547","3","臺南市","將軍區","120.140","23.205","926"
"1049","158058","20220712103000","1258","0","臺南市","將軍區","120.160","23.200","1079"
"250","158065","20220712103000","287","0","臺南市","七股區","120.135","23.130","201"
"410","158072","20220712103000","430","0","臺南市","七股區","120.110","23.145","374"
"25","158092","20220712103000","41","0","臺南市","七股區","120.130","23.185","28"
"356","158106","20220712103000","266","2","臺南市","佳里區","120.190","23.165","389"
"86","158107","20220712103000","608","0","臺南市","佳里區","120.195","23.165","109"
"390","158122","20220712103000","793","0","臺南市","佳里區","120.180","23.180","404"
"319","158126","20220712103000","475","0","臺南市","佳里區","120.175","23.185","363"
"29","158128","20220712103000","35","0","臺東縣","池上鄉","121.185","23.130","30"
"155","158181","20220712103000","166","0","臺南市","麻豆區","120.265","23.180","152"
"827","158192","20220712103000","648","2","臺南市","麻豆區","120.245","23.185","837"
"35","158195","20220712103000","112","0","臺南市","麻豆區","120.240","23.180","33"
"40","158363","20220712103000","26","3","高雄市","桃源區","120.790","23.185","38"
"71","158397","20220712103000","82","0","臺東縣","池上鄉","121.235","23.130","99"
"417","158398","20220712103000","321","2","臺南市","玉井區","120.470","23.130","461"
"88","158400","20220712103000","211","0","臺南市","玉井區","120.480","23.130","59"
"180","158410","20220712103000","190","0","臺南市","玉井區","120.440","23.135","185"
"170","158457","20220712103000","82","3","臺南市","楠西區","120.490","23.190","170"
"73","158502","20220712103000","71","1","臺南市","楠西區","120.515","23.200","69"
"31","158508","20220712103000","38","0","臺南市","楠西區","120.545","23.205","40"
"726","158533","20220712103000","473","3","臺南市","楠西區","120.485","23.175","706"
"480","158546","20220712103000","315","3","臺南市","楠西區","120.485","23.170","525"
"37","158547","20220712103000","285","0","臺南市","楠西區","120.480","23.175","55"
"76","158550","20220712103000","249","0","臺南市","楠西區","120.480","23.185","67"
"73","158572","20220712103000","46","3","臺南市","楠西區","120.505","23.160","52"
"48","158634","20220712103000","51","0","臺南市","楠西區","120.560","23.180","49"
"17","158638","20220712103000","46","0","臺南市","楠西區","120.525","23.185","17"
"155","158670","20220712103000","81","3","臺南市","楠西區","120.465","23.190","148"
"62","158687","20220712103000","142","0","臺南市","楠西區","120.490","23.200","71"
"376","158849","20220712103000","201","3","臺東縣","成功鎮","121.400","23.155","387"
"94","158905","20220712103000","79","1","臺東縣","成功鎮","121.400","23.170","98"
"99","158933","20220712103000","116","0","臺東縣","成功鎮","121.395","23.180","106"
"126","159028","20220712103000","139","0","高雄市","甲仙區","120.635","23.150","101"
"20","159158","20220712103000","127","0","高雄市","三民區","120.660","23.200","19"
"30","159274","20220712103000","29","1","高雄市","桃源區","120.800","23.210","25"
"29","159434","20220712103000","25","1","高雄市","桃源區","120.755","23.145","35"
"207","159527","20220712103000","213","0","高雄市","桃源區","120.765","23.160","234"
"87","159574","20220712103000","85","1","高雄市","桃源區","120.770","23.165","112"
"62","159707","20220712103000","32","3","高雄市","桃源區","120.740","23.135","63"
"319","159838","20220712103000","168","3","臺南市","官田區","120.350","23.150","305"
"142","159846","20220712103000","119","1","臺南市","大內區","120.365","23.155","118"
"306","159859","20220712103000","343","0","臺南市","大內區","120.380","23.145","327"
"91","159883","20220712103000","42","3","臺南市","大內區","120.370","23.160","120"
"486","159912","20220712103000","272","3","臺南市","麻豆區","120.225","23.175","234"
"645","159913","20220712103000","744","0","臺南市","麻豆區","120.220","23.180","721"
"447","159928","20220712103000","486","0","臺南市","麻豆區","120.255","23.180","459"
"455","159936","20220712103000","233","3","臺南市","善化區","120.315","23.145","469"
"470","159943","20220712103000","329","2","臺南市","善化區","120.300","23.150","517"
"128","159947","20220712103000","290","0","臺南市","善化區","120.265","23.130","135"
"453","159950","20220712103000","124","3","臺南市","善化區","120.260","23.135","481"
"162","161053","20220712103000","190","0","澎湖縣","七美鄉","119.430","23.215","159"
"89","162017","20220712103000","40","3","臺東縣","長濱鄉","121.415","23.235","97"
"30","163557","20220712103000","83","0","澎湖縣","望安鄉","119.515","23.255","29"
"471","164970","20220712103000","333","2","澎湖縣","七美鄉","119.425","23.205","480"
"107","164978","20220712103000","286","0","澎湖縣","望安鄉","119.670","23.245","131"
"500","165017","20220712103000","481","1","臺南市","學甲區","120.195","23.215","459"
"367","165030","20220712103000","422","0","臺南市","學甲區","120.195","23.230","373"
"97","165342","20220712103000","92","1","臺東縣","海端鄉","120.985","23.250","83"
"79","165457","20220712103000","55","2","臺東縣","海端鄉","120.990","23.270","31"
"92","165593","20220712103000","506","0","臺南市","下營區","120.240","23.220","84"
"128","165611","20220712103000","202","0","臺南市","下營區","120.240","23.235","136"
"1511","165635","20220712103000","1473","1","臺南市","下營區","120.265","23.240","1571"
"639","165652","20220712103000","623","1","臺南市","下營區","120.270","23.245","641"
"323","165697","20220712103000","205","3","花蓮縣","富里鄉","121.275","23.215","327"
"447","165713","20220712103000","275","3","臺南市","下營區","120.270","23.210","379"
"35","165716","20220712103000","23","3","花蓮縣","富里鄉","121.340","23.280","28"
"189","165718","20220712103000","141","2","花蓮縣","玉里鎮","121.345","23.285","195"
"191","165736","20220712103000","107","3","花蓮縣","玉里鎮","121.285","23.280","208"
"210","165743","20220712103000","103","3","花蓮縣","玉里鎮","121.280","23.285","199"
"189","165775","20220712103000","167","1","花蓮縣","富里鄉","121.290","23.240","183"
"45","165778","20220712103000","52","0","花蓮縣","富里鄉","121.305","23.240","54"
"143","165815","20220712103000","108","2","花蓮縣","富里鄉","121.295","23.255","127"
"72","165844","20220712103000","328","0","臺南市","新營區","120.265","23.270","80"
"279","165847","20220712103000","306","0","臺南市","新營區","120.275","23.275","286"
"29","165852","20220712103000","53","0","臺南市","六甲區","120.345","23.230","91"
"38","165853","20220712103000","124","0","臺南市","六甲區","120.335","23.235","42"
"907","165855","20220712103000","709","2","臺南市","北門區","120.135","23.240","786"
"110","165858","20220712103000","159","0","臺南市","北門區","120.130","23.250","98"
"122","165860","20220712103000","568","0","臺南市","六甲區","120.350","23.225","128"
"297","165925","20220712103000","275","1","臺南市","六甲區","120.345","23.235","306"
"109","165938","20220712103000","55","3","臺南市","六甲區","120.340","23.250","110"
"27","165969","20220712103000","21","2","臺南市","六甲區","120.400","23.220","32"
"177","165999","20220712103000","317","0","臺南市","柳營區","120.315","23.275","184"
"66","166011","20220712103000","259","0","臺南市","柳營區","120.315","23.265","59"
"164","166028","20220712103000","285","0","臺南市","柳營區","120.295","23.275","160"
"72","166033","20220712103000","53","2","臺南市","柳營區","120.310","23.260","58"
"697","166037","20220712103000","147","3","臺南市","柳營區","120.305","23.280","745"
"452","166056","20220712103000","668","0","臺南市","柳營區","120.360","23.280","431"
"824","166060","20220712103000","370","3","臺南市","柳營區","120.355","23.285","860"
"87","166064","20220712103000","171","0","臺南市","柳營區","120.380","23.285","123"
"338","166071","20220712103000","387","0","臺南市","六甲區","120.340","23.225","346"
"35","166077","20220712103000","24","2","臺南市","六甲區","120.315","23.250","33"
"397","166081","20220712103000","292","2","臺南市","六甲區","120.310","23.255","351"
"87","166097","20220712103000","63","2","臺南市","北門區","120.110","23.260","83"
"64","166128","20220712103000","118","0","臺南市","北門區","120.140","23.265","96"
"174","166144","20220712103000","173","1","臺南市","學甲區","120.180","23.285","168"
"119","166153","20220712103000","303","0","臺南市","將軍區","120.165","23.220","113"
"958","166181","20220712103000","460","3","臺南市","北門區","120.095","23.230","1007"
"929","166188","20220712103000","1067","0","臺南市","北門區","120.115","23.235","934"
"67","166206","20220712103000","370","0","臺南市","下營區","120.270","23.220","26"
"594","166224","20220712103000","714","0","臺南市","北門區","120.135","23.280","614"
"727","166238","20220712103000","934","0","臺南市","北門區","120.125","23.270","734"
"99","166250","20220712103000","63","3","花蓮縣","富里鄉","121.315","23.220","97"
"261","166256","20220712103000","156","3","花蓮縣","富里鄉","121.275","23.225","260"
"201","166326","20220712103000","175","1","花蓮縣","富里鄉","121.305","23.255","217"
"129","166340","20220712103000","83","3","花蓮縣","富里鄉","121.305","23.265","131"
"71","166344","20220712103000","83","0","花蓮縣","富里鄉","121.300","23.270","75"
"73","166349","20220712103000","654","0","臺南市","官田區","120.320","23.210","87"
"61","166350","20220712103000","505","0","臺南市","官田區","120.325","23.210","64"
"394","166354","20220712103000","375","1","臺南市","官田區","120.320","23.215","415"
"117","166356","20220712103000","374","0","臺南市","官田區","120.330","23.215","110"
"296","166363","20220712103000","114","3","臺南市","官田區","120.340","23.220","326"
"316","166377","20220712103000","777","0","臺南市","官田區","120.310","23.215","301"
"199","166389","20220712103000","203","0","臺南市","官田區","120.360","23.210","209"
"419","166391","20220712103000","202","3","臺南市","官田區","120.370","23.210","388"
"441","166424","20220712103000","389","1","臺南市","北門區","120.145","23.285","473"
"400","166429","20220712103000","237","3","臺南市","將軍區","120.160","23.220","433"
"110","166442","20220712103000","404","0","臺南市","下營區","120.260","23.230","112"
"262","166445","20220712103000","174","3","臺南市","六甲區","120.355","23.220","237"
"1435","166446","20220712103000","1710","0","臺南市","六甲區","120.355","23.230","1481"
"319","166455","20220712103000","242","2","臺南市","六甲區","120.370","23.230","352"
"331","166458","20220712103000","176","3","臺南市","六甲區","120.365","23.235","260"
"146","166495","20220712103000","141","1","臺南市","北門區","120.125","23.240","176"
"586","166562","20220712103000","413","2","臺南市","麻豆區","120.220","23.220","594"
"53","166785","20220712103000","53","1","花蓮縣","富里鄉","121.265","23.215","67"
"503","167284","20220712103000","296","3","臺南市","下營區","120.290","23.245","590"
"58","167323","20220712103000","20","3","花蓮縣","富里鄉","121.360","23.265","34"
"75","167340","20220712103000","47","3","花蓮縣","富里鄉","121.315","23.275","64"
"196","167482","20220712103000","122","3","臺南市","東山區","120.470","23.260","199"
"72","167491","20220712103000","65","1","臺南市","東山區","120.515","23.260","73"
"243","167497","20220712103000","143","3","臺南市","東山區","120.480","23.265","236"
"421","167501","20220712103000","191","3","臺南市","東山區","120.500","23.265","439"
"72","167514","20220712103000","116","0","臺南市","東山區","120.395","23.265","47"
"64","167565","20220712103000","139","0","臺南市","東山區","120.445","23.265","59"
"265","167568","20220712103000","177","2","臺南市","東山區","120.445","23.270","265"
"123","167588","20220712103000","112","1","臺南市","東山區","120.445","23.290","136"
"144","167626","20220712103000","388","0","臺南市","東山區","120.405","23.285","126"
"41","167655","20220712103000","50","0","臺南市","東山區","120.465","23.280","47"
"47","167656","20220712103000","146","0","臺南市","東山區","120.470","23.280","47"
"57","167674","20220712103000","52","1","臺南市","東山區","120.500","23.285","78"
"41","167688","20220712103000","31","2","臺南市","東山區","120.515","23.290","60"
"248","167707","20220712103000","251","0","臺南市","將軍區","120.085","23.215","234"
"173","167714","20220712103000","171","1","臺南市","將軍區","120.120","23.220","185"
"124","167750","20220712103000","111","1","臺南市","學甲區","120.165","23.270","117"
"521","167786","20220712103000","529","0","臺南市","鹽水區","120.205","23.260","486"
"76","167813","20220712103000","35","3","臺東縣","長濱鄉","121.410","23.215","78"
"157","167824","20220712103000","76","3","臺東縣","長濱鄉","121.415","23.225","92"
"384","167894","20220712103000","215","3","臺東縣","長濱鄉","121.415","23.250","325"
"36","167910","20220712103000","26","2","臺東縣","長濱鄉","121.385","23.260","55"
"22","167952","20220712103000","30","0","臺南市","學甲區","120.185","23.230","40"
"808","167953","20220712103000","951","0","臺南市","學甲區","120.185","23.235","848"
"1598","167958","20220712103000","732","3","臺南市","學甲區","120.185","23.225","1840"
"549","167982","20220712103000","381","2","臺南市","學甲區","120.195","23.240","503"
"2026","167993","20220712103000","1674","2","臺南市","學甲區","120.180","23.235","2130"
"65","167995","20220712103000","296","0","臺南市","六甲區","120.345","23.220","48"
"72","167997","20220712103000","148","0","臺南市","六甲區","120.320","23.230","71"
"41","168014","20220712103000","146","0","臺南市","六甲區","120.315","23.245","38"
"245","168093","20220712103000","239","1","高雄市","三民區","120.670","23.235","219"
"90","168132","20220712103000","69","2","高雄市","三民區","120.695","23.235","60"
"86","168149","20220712103000","68","2","高雄市","三民區","120.695","23.240","67"
"87","168296","20220712103000","41","3","高雄市","三民區","120.680","23.265","74"
"12","168304","20220712103000","12","1","高雄市","三民區","120.720","23.265","11"
"109","168347","20220712103000","242","0","高雄市","三民區","120.700","23.275","278"
"297","168351","20220712103000","184","3","高雄市","三民區","120.720","23.275","221"
"12","168370","20220712103000","12","1","高雄市","三民區","120.685","23.280","12"
"654","168445","20220712103000","612","1","臺南市","鹽水區","120.235","23.285","706"
"44","168451","20220712103000","85","0","臺南市","柳營區","120.345","23.270","30"
"92","168459","20220712103000","349","0","臺南市","柳營區","120.335","23.285","90"
"2169","168462","20220712103000","2549","0","臺南市","柳營區","120.325","23.290","2184"
"133","168468","20220712103000","158","0","臺南市","柳營區","120.405","23.235","139"
"149","168484","20220712103000","141","1","臺南市","柳營區","120.420","23.245","163"
"17","168506","20220712103000","19","0","臺南市","柳營區","120.405","23.255","17"
"167","168515","20220712103000","484","0","臺南市","柳營區","120.380","23.265","162"
"629","168538","20220712103000","1104","0","臺南市","柳營區","120.315","23.280","635"
"54","168539","20220712103000","520","0","臺南市","柳營區","120.320","23.280","98"
"18","168540","20220712103000","36","0","臺南市","柳營區","120.325","23.280","21"
"101","168541","20220712103000","279","0","臺南市","柳營區","120.330","23.280","97"
"191","168545","20220712103000","86","3","臺南市","柳營區","120.380","23.240","180"
"165","168560","20220712103000","378","0","臺南市","柳營區","120.375","23.250","165"
"119","168591","20220712103000","215","0","臺南市","柳營區","120.365","23.265","233"
"169","168619","20220712103000","189","0","臺南市","楠西區","120.495","23.215","204"
"80","168624","20220712103000","46","3","臺南市","楠西區","120.520","23.215","79"
"232","168647","20220712103000","128","3","臺南市","楠西區","120.500","23.225","251"
"33","168692","20220712103000","22","3","臺南市","鹽水區","120.245","23.275","30"
"21","168719","20220712103000","22","0","臺東縣","成功鎮","121.400","23.210","29"
"25","168755","20220712103000","119","0","臺東縣","長濱鄉","121.425","23.275","15"
"37","168771","20220712103000","220","0","臺南市","新營區","120.280","23.285","49"
"46","168825","20220712103000","50","0","高雄市","桃源區","120.805","23.220","50"
"65","168996","20220712103000","60","1","高雄市","桃源區","120.815","23.240","67"
"77","169242","20220712103000","47","3","高雄市","桃源區","120.825","23.265","56"
"16","169350","20220712103000","15","1","高雄市","桃源區","120.840","23.280","16"
"402","169480","20220712103000","164","3","臺南市","新營區","120.275","23.265","443"
"109","169490","20220712103000","100","1","臺南市","學甲區","120.195","23.275","119"
"358","169506","20220712103000","444","0","臺南市","學甲區","120.205","23.280","330"
"574","169527","20220712103000","661","0","臺南市","學甲區","120.160","23.245","559"
"35","169530","20220712103000","20","3","臺南市","學甲區","120.150","23.250","37"
"438","169555","20220712103000","397","1","臺南市","鹽水區","120.255","23.250","345"
"55","169556","20220712103000","108","0","臺南市","鹽水區","120.250","23.255","62"
"251","169567","20220712103000","306","0","臺南市","將軍區","120.135","23.225","255"
"26","169664","20220712103000","30","0","嘉義縣","大埔鄉","120.625","23.245","26"
"42","169729","20220712103000","38","1","嘉義縣","大埔鄉","120.590","23.270","61"
"25","169739","20220712103000","45","0","嘉義縣","大埔鄉","120.585","23.275","36"
"80","169788","20220712103000","39","3","嘉義縣","大埔鄉","120.545","23.230","73"
"45","169812","20220712103000","49","0","臺南市","東山區","120.520","23.240","42"
"27","169834","20220712103000","43","0","嘉義縣","大埔鄉","120.565","23.245","32"
"17","169837","20220712103000","16","1","嘉義縣","大埔鄉","120.580","23.245","18"
"79","169842","20220712103000","57","2","嘉義縣","大埔鄉","120.535","23.250","113"
"569","174966","20220712103000","501","1","澎湖縣","望安鄉","119.505","23.360","560"
"29","174989","20220712103000","68","0","臺南市","白河區","120.460","23.350","31"
"91","174993","20220712103000","41","3","臺南市","白河區","120.450","23.355","111"
"279","175007","20220712103000","194","2","臺南市","東山區","120.500","23.295","223"
"78","175048","20220712103000","61","2","臺南市","白河區","120.480","23.320","76"
"88","175054","20220712103000","76","1","臺南市","白河區","120.510","23.320","91"
"452","175059","20220712103000","387","1","臺南市","白河區","120.485","23.325","459"
"114","175081","20220712103000","82","2","臺南市","白河區","120.495","23.335","97"
"253","175083","20220712103000","204","2","臺南市","白河區","120.505","23.335","221"
"74","175092","20220712103000","83","0","臺南市","白河區","120.505","23.340","51"
"1803","175108","20220712103000","1357","2","臺南市","新營區","120.310","23.305","1878"
"198","175181","20220712103000","151","2","花蓮縣","玉里鎮","121.335","23.320","211"
"1609","175206","20220712103000","1514","1","花蓮縣","玉里鎮","121.310","23.335","1604"
"356","175209","20220712103000","310","1","花蓮縣","玉里鎮","121.310","23.340","358"
"100","175217","20220712103000","67","2","花蓮縣","玉里鎮","121.300","23.300","78"
"324","175262","20220712103000","239","2","花蓮縣","玉里鎮","121.300","23.320","379"
"194","175264","20220712103000","138","2","花蓮縣","玉里鎮","121.310","23.320","201"
"32","175284","20220712103000","16","3","花蓮縣","玉里鎮","121.275","23.290","29"
"58","175299","20220712103000","50","1","花蓮縣","玉里鎮","121.290","23.295","46"
"308","175318","20220712103000","723","0","臺南市","白河區","120.410","23.345","308"
"76","175319","20220712103000","378","0","臺南市","白河區","120.405","23.350","65"
"246","175320","20220712103000","663","0","臺南市","白河區","120.410","23.350","258"
"37","175328","20220712103000","32","1","臺南市","白河區","120.460","23.365","16"
"261","175348","20220712103000","309","0","臺南市","白河區","120.440","23.345","274"
"80","175355","20220712103000","86","0","臺南市","新營區","120.330","23.320","92"
"76","175356","20220712103000","1013","0","臺南市","新營區","120.335","23.320","80"
"30","175359","20220712103000","12","3","臺南市","新營區","120.350","23.320","18"
"1187","175362","20220712103000","818","2","臺南市","新營區","120.315","23.325","1261"
"130","175369","20220712103000","159","0","臺南市","新營區","120.325","23.310","137"
"73","175372","20220712103000","91","0","臺南市","新營區","120.325","23.305","60"
"50","175397","20220712103000","63","0","臺南市","後壁區","120.310","23.370","59"
"486","175398","20220712103000","467","1","臺南市","後壁區","120.315","23.370","445"
"108","175414","20220712103000","506","0","臺南市","後壁區","120.330","23.340","103"
"584","175425","20220712103000","391","2","臺南市","後壁區","120.375","23.330","605"
"22","175434","20220712103000","52","0","臺南市","後壁區","120.380","23.340","22"
"106","175446","20220712103000","190","0","臺南市","新營區","120.320","23.320","101"
"348","175467","20220712103000","560","0","臺南市","北門區","120.170","23.300","335"
"198","175484","20220712103000","279","0","臺南市","後壁區","120.330","23.355","165"
"517","175489","20220712103000","710","0","臺南市","新營區","120.270","23.295","511"
"150","175494","20220712103000","651","0","臺南市","新營區","120.280","23.300","146"
"45","175496","20220712103000","230","0","臺南市","新營區","120.280","23.290","55"
"571","175497","20220712103000","929","0","臺南市","後壁區","120.360","23.370","534"
"2289","175499","20220712103000","2313","0","臺南市","後壁區","120.370","23.370","2235"
"1402","175523","20220712103000","1202","1","臺南市","後壁區","120.395","23.370","1337"
"1525","175546","20220712103000","1034","2","臺南市","新營區","120.310","23.300","1491"
"2551","175547","20220712103000","1887","2","臺南市","新營區","120.315","23.310","2581"
"1819","175548","20220712103000","1974","0","臺南市","新營區","120.315","23.315","1842"
"173","175564","20220712103000","342","0","臺南市","後壁區","120.355","23.365","129"
"384","175571","20220712103000","1553","0","臺南市","新營區","120.305","23.310","431"
"153","175572","20220712103000","72","3","臺南市","新營區","120.305","23.315","99"
"68","175573","20220712103000","50","2","臺南市","新營區","120.295","23.305","82"
"185","175574","20220712103000","761","0","臺南市","新營區","120.300","23.305","196"
"1222","175576","20220712103000","756","3","臺南市","新營區","120.300","23.310","1201"
"287","175585","20220712103000","169","3","臺南市","北門區","120.110","23.300","290"
"147","175647","20220712103000","311","0","臺南市","新營區","120.295","23.295","169"
"22","175648","20220712103000","26","0","臺南市","新營區","120.290","23.300","33"
"36","175651","20220712103000","14","3","臺南市","柳營區","120.300","23.295","28"
"102","175653","20220712103000","49","3","臺南市","柳營區","120.310","23.295","91"
"208","175658","20220712103000","168","2","臺南市","新營區","120.285","23.310","214"
"77","175712","20220712103000","183","0","臺南市","白河區","120.430","23.330","77"
"582","175737","20220712103000","309","3","臺南市","白河區","120.430","23.355","589"
"97","175874","20220712103000","55","3","花蓮縣","卓溪鄉","121.270","23.305","82"
"241","176357","20220712103000","278","0","花蓮縣","玉里鎮","121.300","23.345","267"
"411","176756","20220712103000","328","2","臺南市","新營區","120.325","23.315","446"
"460","176757","20220712103000","318","2","臺南市","新營區","120.330","23.315","450"
"155","176758","20220712103000","95","3","臺南市","新營區","120.325","23.320","162"
"50","176764","20220712103000","57","0","花蓮縣","玉里鎮","121.330","23.300","44"
"24","176769","20220712103000","22","1","臺南市","後壁區","120.340","23.325","15"
"14","176776","20220712103000","30","0","臺南市","後壁區","120.350","23.330","12"
"30","176782","20220712103000","47","0","臺南市","後壁區","120.310","23.335","26"
"245","176798","20220712103000","273","0","臺南市","後壁區","120.350","23.335","179"
"11","176807","20220712103000","10","1","臺南市","後壁區","120.355","23.345","11"
"779","176811","20220712103000","870","0","臺南市","新營區","120.305","23.300","837"
"1656","176812","20220712103000","1409","1","臺南市","新營區","120.315","23.305","1662"
"14","176814","20220712103000","14","1","臺南市","東山區","120.385","23.310","14"
"808","176863","20220712103000","675","1","臺南市","東山區","120.405","23.320","845"
"245","176885","20220712103000","292","0","臺南市","東山區","120.405","23.325","251"
"204","176921","20220712103000","314","0","臺南市","東山區","120.390","23.295","212"
"600","176933","20220712103000","415","2","臺南市","東山區","120.415","23.300","528"
"192","176942","20220712103000","187","1","臺南市","東山區","120.345","23.300","202"
"1007","176986","20220712103000","579","3","臺南市","白河區","120.395","23.340","1068"
"218","176994","20220712103000","66","3","臺南市","白河區","120.400","23.350","215"
"672","177006","20220712103000","734","0","臺南市","鹽水區","120.270","23.325","744"
"554","177007","20220712103000","590","0","嘉義縣","義竹鄉","120.255","23.330","576"
"664","177010","20220712103000","379","3","臺南市","鹽水區","120.270","23.330","667"
"224","177054","20220712103000","139","3","臺東縣","長濱鄉","121.470","23.355","224"
"25","177169","20220712103000","43","0","花蓮縣","玉里鎮","121.370","23.350","25"
"1697","177425","20220712103000","916","3","臺南市","新營區","120.315","23.300","1759"
"293","177432","20220712103000","426","0","臺南市","鹽水區","120.280","23.330","267"
"666","177436","20220712103000","411","3","臺南市","鹽水區","120.290","23.335","653"
"873","177466","20220712103000","743","1","臺南市","鹽水區","120.270","23.310","963"
"619","177467","20220712103000","727","0","臺南市","新營區","120.275","23.310","637"
"811","177475","20220712103000","457","3","臺南市","鹽水區","120.265","23.325","942"
"202","177480","20220712103000","131","3","臺南市","白河區","120.480","23.325","203"
"209","177500","20220712103000","81","3","臺南市","白河區","120.495","23.340","194"
"28","177550","20220712103000","13","3","臺南市","白河區","120.455","23.310","23"
"28","177568","20220712103000","32","0","臺南市","白河區","120.445","23.320","23"
"516","177580","20220712103000","1504","0","臺南市","白河區","120.415","23.350","504"
"194","177585","20220712103000","306","0","臺南市","柳營區","120.340","23.290","201"
"371","177586","20220712103000","220","3","臺南市","柳營區","120.325","23.295","383"
"281","177599","20220712103000","679","0","臺南市","柳營區","120.365","23.295","266"
"77","177602","20220712103000","39","3","臺南市","鹽水區","120.270","23.320","112"
"303","177603","20220712103000","234","2","花蓮縣","玉里鎮","121.320","23.320","309"
"415","177605","20220712103000","286","2","花蓮縣","玉里鎮","121.310","23.325","420"
"243","177606","20220712103000","125","3","花蓮縣","玉里鎮","121.315","23.325","238"
"235","177609","20220712103000","305","0","花蓮縣","玉里鎮","121.310","23.330","261"
"2105","177610","20220712103000","1840","1","花蓮縣","玉里鎮","121.315","23.330","2115"
"1061","177613","20220712103000","997","1","花蓮縣","玉里鎮","121.315","23.340","1034"
"147","177617","20220712103000","142","1","花蓮縣","玉里鎮","121.320","23.345","153"
"329","177619","20220712103000","316","1","花蓮縣","玉里鎮","121.320","23.330","320"
"46","177621","20220712103000","13","3","花蓮縣","玉里鎮","121.315","23.335","39"
"383","177624","20220712103000","331","1","花蓮縣","玉里鎮","121.320","23.350","403"
"341","177632","20220712103000","281","2","花蓮縣","卓溪鄉","121.320","23.355","329"
"33","177682","20220712103000","38","0","臺東縣","長濱鄉","121.440","23.325","37"
"94","177742","20220712103000","57","3","臺東縣","長濱鄉","121.425","23.290","123"
"27","177750","20220712103000","24","1","臺東縣","長濱鄉","121.420","23.295","25"
"464","177808","20220712103000","677","0","臺東縣","長濱鄉","121.455","23.315","466"
"225","177813","20220712103000","149","3","臺東縣","長濱鄉","121.460","23.320","213"
"147","177815","20220712103000","102","2","臺東縣","長濱鄉","121.445","23.325","158"
"179","177826","20220712103000","127","2","臺東縣","長濱鄉","121.465","23.335","186"
"1037","178630","20220712103000","641","3","臺南市","鹽水區","120.265","23.320","875"
"175","178644","20220712103000","111","3","臺南市","新營區","120.310","23.320","180"
"58","178697","20220712103000","41","2","嘉義縣","中埔鄉","120.510","23.345","53"
"25","178710","20220712103000","13","3","嘉義縣","中埔鄉","120.520","23.350","26"
"440","178722","20220712103000","112","3","嘉義縣","中埔鄉","120.540","23.355","489"
"70","178756","20220712103000","37","3","嘉義縣","中埔鄉","120.495","23.370","60"
"16","178763","20220712103000","15","1","臺南市","鹽水區","120.245","23.295","25"
"214","178768","20220712103000","189","1","臺南市","鹽水區","120.260","23.295","210"
"190","178886","20220712103000","130","2","嘉義縣","布袋鎮","120.140","23.335","183"
"15","178888","20220712103000","13","1","嘉義縣","布袋鎮","120.125","23.340","15"
"720","178930","20220712103000","202","3","嘉義縣","布袋鎮","120.160","23.320","741"
"736","178938","20220712103000","974","0","嘉義縣","布袋鎮","120.165","23.325","790"
"101","178970","20220712103000","48","3","嘉義縣","大埔鄉","120.625","23.300","92"
"39","178978","20220712103000","35","1","嘉義縣","大埔鄉","120.605","23.305","41"
"70","179106","20220712103000","66","1","嘉義縣","大埔鄉","120.590","23.295","71"
"425","179113","20220712103000","523","0","嘉義縣","大埔鄉","120.595","23.295","438"
"168","179189","20220712103000","142","1","嘉義縣","大埔鄉","120.570","23.330","186"
"30","179210","20220712103000","33","0","嘉義縣","大埔鄉","120.555","23.340","38"
"51","179249","20220712103000","31","3","嘉義縣","大埔鄉","120.585","23.360","41"
"12","179289","20220712103000","13","0","嘉義縣","番路鄉","120.620","23.345","17"
"71","179312","20220712103000","72","0","嘉義縣","番路鄉","120.605","23.355","46"
"237","179320","20220712103000","87","3","嘉義縣","番路鄉","120.590","23.360","232"
"1200","179352","20220712103000","1208","0","嘉義縣","義竹鄉","120.250","23.340","1122"
"644","179448","20220712103000","788","0","嘉義縣","義竹鄉","120.240","23.335","667"
"127","179461","20220712103000","82","3","嘉義縣","義竹鄉","120.245","23.335","139"
"624","179521","20220712103000","367","3","嘉義縣","義竹鄉","120.195","23.305","587"
"29","179523","20220712103000","18","3","嘉義縣","義竹鄉","120.205","23.305","31"
"43","179646","20220712103000","27","3","嘉義縣","阿里山鄉","120.680","23.335","41"
"65","179666","20220712103000","39","3","嘉義縣","阿里山鄉","120.680","23.340","74"
"82","179747","20220712103000","93","0","嘉義縣","阿里山鄉","120.665","23.300","85"
"102","179773","20220712103000","94","1","嘉義縣","阿里山鄉","120.695","23.305","79"
"44","179780","20220712103000","31","2","嘉義縣","阿里山鄉","120.665","23.310","33"
"796","179845","20220712103000","581","2","嘉義縣","義竹鄉","120.225","23.320","790"
"908","179874","20220712103000","573","3","嘉義縣","義竹鄉","120.190","23.335","894"
"513","179880","20220712103000","601","0","嘉義縣","義竹鄉","120.230","23.360","513"
"170","179883","20220712103000","101","3","嘉義縣","義竹鄉","120.245","23.360","199"
"771","179922","20220712103000","833","0","嘉義縣","義竹鄉","120.220","23.360","802"
"120","179933","20220712103000","92","2","嘉義縣","義竹鄉","120.210","23.300","131"
"676","179945","20220712103000","561","2","嘉義縣","義竹鄉","120.270","23.360","640"
"156","180132","20220712103000","207","0","澎湖縣","望安鄉","119.520","23.365","149"
"283","180802","20220712103000","410","0","嘉義縣","布袋鎮","120.140","23.375","244"
"85","180804","20220712103000","61","2","臺東縣","長濱鄉","121.475","23.380","101"
"326","181221","20220712103000","255","2","澎湖縣","望安鄉","119.495","23.380","289"
"239","185223","20220712103000","275","0","嘉義縣","東石鄉","120.135","23.450","343"
"599","185452","20220712103000","728","0","嘉義市","東區","120.455","23.450","634"
"1367","185456","20220712103000","1072","2","嘉義縣","水上鄉","120.430","23.450","1326"
"71","185475","20220712103000","101","0","澎湖縣","望安鄉","119.320","23.395","73"
"23","185483","20220712103000","20","1","花蓮縣","玉里鎮","121.350","23.440","27"
"92","185491","20220712103000","113","0","花蓮縣","瑞穗鄉","121.350","23.450","89"
"197","185499","20220712103000","695","0","臺南市","白河區","120.405","23.395","196"
"38","185543","20220712103000","18","3","花蓮縣","玉里鎮","121.390","23.380","33"
"270","185546","20220712103000","191","2","花蓮縣","玉里鎮","121.355","23.385","256"
"11","185564","20220712103000","14","0","花蓮縣","玉里鎮","121.390","23.390","11"
"32","185565","20220712103000","16","3","花蓮縣","玉里鎮","121.395","23.390","17"
"51","185576","20220712103000","31","3","花蓮縣","玉里鎮","121.355","23.395","56"
"45","185590","20220712103000","68","0","花蓮縣","玉里鎮","121.365","23.405","69"
"185","185598","20220712103000","304","0","臺南市","白河區","120.415","23.380","171"
"375","185635","20220712103000","425","0","臺南市","後壁區","120.380","23.390","312"
"730","185683","20220712103000","941","0","臺南市","後壁區","120.340","23.380","744"
"256","185698","20220712103000","73","3","臺南市","白河區","120.480","23.385","262"
"126","186808","20220712103000","96","2","花蓮縣","卓溪鄉","121.315","23.435","131"
"269","186812","20220712103000","210","2","花蓮縣","卓溪鄉","121.335","23.435","286"
"76","186826","20220712103000","48","3","花蓮縣","卓溪鄉","121.340","23.440","94"
"39","186875","20220712103000","34","1","臺南市","後壁區","120.335","23.380","56"
"35","186914","20220712103000","39","0","臺南市","白河區","120.445","23.380","35"
"75","186915","20220712103000","386","0","臺南市","白河區","120.450","23.380","88"
"297","186921","20220712103000","224","2","臺南市","白河區","120.435","23.390","331"
"63","187008","20220712103000","51","2","臺東縣","長濱鄉","121.480","23.395","62"
"166","187061","20220712103000","135","2","花蓮縣","玉里鎮","121.320","23.395","172"
"162","187086","20220712103000","169","0","花蓮縣","玉里鎮","121.340","23.415","181"
"172","187099","20220712103000","92","3","花蓮縣","玉里鎮","121.345","23.425","163"
"152","187105","20220712103000","140","1","花蓮縣","玉里鎮","121.345","23.430","156"
"19","187111","20220712103000","22","0","花蓮縣","玉里鎮","121.350","23.435","18"
"157","187173","20220712103000","207","0","花蓮縣","玉里鎮","121.395","23.450","138"
"13","187190","20220712103000","12","1","花蓮縣","玉里鎮","121.390","23.375","15"
"17","187199","20220712103000","17","1","花蓮縣","玉里鎮","121.390","23.395","15"
"297","187253","20220712103000","305","0","花蓮縣","玉里鎮","121.375","23.425","336"
"526","187296","20220712103000","571","0","臺南市","白河區","120.440","23.400","538"
"202","187322","20220712103000","138","2","花蓮縣","玉里鎮","121.330","23.375","186"
"266","187339","20220712103000","149","3","花蓮縣","玉里鎮","121.325","23.390","266"
"15","187385","20220712103000","25","0","臺東縣","長濱鄉","121.465","23.405","19"
"55","187398","20220712103000","42","2","臺東縣","長濱鄉","121.470","23.410","61"
"35","187401","20220712103000","101","0","臺東縣","長濱鄉","121.485","23.410","39"
"485","188051","20220712103000","414","1","嘉義縣","中埔鄉","120.520","23.430","544"
"240","188063","20220712103000","241","0","嘉義縣","中埔鄉","120.560","23.435","231"
"566","188064","20220712103000","1002","0","嘉義縣","中埔鄉","120.520","23.420","609"
"409","188069","20220712103000","306","2","嘉義縣","中埔鄉","120.520","23.425","398"
"139","188090","20220712103000","69","3","嘉義縣","中埔鄉","120.510","23.400","129"
"48","188129","20220712103000","271","0","嘉義縣","中埔鄉","120.460","23.445","39"
"332","188131","20220712103000","199","3","嘉義縣","中埔鄉","120.460","23.450","363"
"465","188132","20220712103000","317","2","嘉義縣","中埔鄉","120.470","23.450","539"
"391","188133","20220712103000","554","0","嘉義縣","中埔鄉","120.475","23.450","445"
"989","188134","20220712103000","1279","0","嘉義縣","中埔鄉","120.465","23.450","957"
"444","188136","20220712103000","182","3","嘉義縣","中埔鄉","120.485","23.450","519"
"903","188141","20220712103000","1025","0","嘉義縣","中埔鄉","120.450","23.435","901"
"372","188144","20220712103000","301","2","嘉義縣","中埔鄉","120.455","23.445","441"
"469","188147","20220712103000","489","0","嘉義縣","中埔鄉","120.480","23.440","420"
"39","188154","20220712103000","109","0","嘉義縣","中埔鄉","120.490","23.445","40"
"442","188193","20220712103000","382","1","嘉義縣","中埔鄉","120.520","23.385","445"
"162","188241","20220712103000","91","3","嘉義縣","中埔鄉","120.580","23.425","171"
"140","188261","20220712103000","92","3","嘉義縣","中埔鄉","120.540","23.390","161"
"19","188280","20220712103000","112","0","嘉義縣","中埔鄉","120.575","23.380","45"
"55","188314","20220712103000","31","3","嘉義縣","中埔鄉","120.590","23.395","65"
"351","188331","20220712103000","374","0","嘉義縣","中埔鄉","120.555","23.405","349"
"43","188335","20220712103000","12","3","嘉義縣","中埔鄉","120.575","23.405","42"
"719","188368","20220712103000","699","1","嘉義縣","中埔鄉","120.540","23.440","737"
"241","188369","20220712103000","217","1","嘉義縣","中埔鄉","120.545","23.440","224"
"336","188382","20220712103000","250","2","嘉義縣","中埔鄉","120.565","23.445","391"
"482","188390","20220712103000","417","1","嘉義縣","中埔鄉","120.530","23.440","472"
"602","188399","20220712103000","348","3","嘉義縣","中埔鄉","120.535","23.450","608"
"197","188417","20220712103000","280","0","嘉義縣","中埔鄉","120.510","23.435","225"
"648","188421","20220712103000","407","3","嘉義縣","中埔鄉","120.510","23.440","702"
"644","188422","20220712103000","753","0","嘉義縣","中埔鄉","120.495","23.445","617"
"316","188442","20220712103000","373","0","嘉義縣","中埔鄉","120.515","23.410","320"
"188","188445","20220712103000","176","1","嘉義縣","中埔鄉","120.530","23.410","169"
"257","188457","20220712103000","356","0","嘉義縣","中埔鄉","120.505","23.425","248"
"15","188462","20220712103000","22","0","嘉義縣","中埔鄉","120.505","23.375","16"
"157","188463","20220712103000","82","3","嘉義縣","中埔鄉","120.510","23.375","163"
"282","188469","20220712103000","321","0","嘉義縣","鹿草鄉","120.315","23.390","320"
"19","188471","20220712103000","18","1","嘉義縣","鹿草鄉","120.315","23.395","27"
"361","188493","20220712103000","359","1","嘉義縣","鹿草鄉","120.320","23.420","380"
"377","188498","20220712103000","142","3","嘉義縣","鹿草鄉","120.320","23.425","254"
"1097","188503","20220712103000","1094","1","嘉義縣","鹿草鄉","120.315","23.410","1162"
"311","188507","20220712103000","138","3","嘉義縣","太保市","120.335","23.430","305"
"256","188508","20220712103000","114","3","嘉義縣","太保市","120.340","23.430","325"
"104","188510","20220712103000","57","3","嘉義縣","鹿草鄉","120.350","23.430","101"
"60","188516","20220712103000","194","0","嘉義縣","太保市","120.340","23.440","65"
"559","188554","20220712103000","336","3","嘉義縣","鹿草鄉","120.340","23.400","556"
"261","188555","20220712103000","191","2","嘉義縣","鹿草鄉","120.290","23.375","285"
"135","188574","20220712103000","376","0","嘉義縣","朴子市","120.245","23.415","82"
"94","188579","20220712103000","362","0","嘉義縣","水上鄉","120.355","23.410","114"
"128","188626","20220712103000","101","2","嘉義縣","鹿草鄉","120.345","23.405","132"
"322","188631","20220712103000","257","2","嘉義縣","鹿草鄉","120.330","23.410","333"
"809","188646","20220712103000","203","3","嘉義縣","朴子市","120.290","23.445","813"
"324","188650","20220712103000","152","3","嘉義縣","朴子市","120.280","23.450","285"
"762","188654","20220712103000","914","0","嘉義縣","布袋鎮","120.170","23.375","697"
"283","188666","20220712103000","183","3","嘉義縣","布袋鎮","120.220","23.390","316"
"139","188716","20220712103000","155","0","嘉義縣","阿里山鄉","120.715","23.390","198"
"258","188874","20220712103000","673","0","嘉義縣","太保市","120.345","23.450","262"
"42","188883","20220712103000","47","0","嘉義縣","太保市","120.335","23.440","35"
"68","188885","20220712103000","304","0","嘉義縣","太保市","120.320","23.445","67"
"139","188892","20220712103000","377","0","嘉義縣","太保市","120.340","23.450","141"
"181","188897","20220712103000","102","3","嘉義縣","朴子市","120.235","23.440","207"
"13","188921","20220712103000","11","1","嘉義縣","朴子市","120.240","23.450","17"
"175","188949","20220712103000","83","3","嘉義縣","朴子市","120.255","23.410","184"
"506","188956","20220712103000","371","2","嘉義縣","朴子市","120.260","23.420","466"
"62","188966","20220712103000","88","0","嘉義縣","東石鄉","120.145","23.455","65"
"635","188983","20220712103000","239","3","嘉義縣","布袋鎮","120.190","23.375","641"
"94","189028","20220712103000","187","0","嘉義縣","太保市","120.295","23.440","65"
"359","189044","20220712103000","142","3","嘉義縣","東石鄉","120.170","23.430","331"
"141","189051","20220712103000","112","2","嘉義縣","東石鄉","120.180","23.440","149"
"69","189105","20220712103000","135","0","嘉義縣","東石鄉","120.185","23.450","76"
"78","189112","20220712103000","245","0","嘉義縣","東石鄉","120.200","23.455","81"
"744","189144","20220712103000","458","3","嘉義縣","布袋鎮","120.165","23.375","815"
"121","189152","20220712103000","344","0","嘉義縣","東石鄉","120.205","23.425","84"
"313","189184","20220712103000","128","3","嘉義縣","水上鄉","120.410","23.430","353"
"32","189187","20220712103000","215","0","嘉義縣","水上鄉","120.415","23.430","38"
"422","189189","20220712103000","399","1","嘉義縣","水上鄉","120.415","23.435","443"
"305","189192","20220712103000","264","1","嘉義縣","水上鄉","120.420","23.440","286"
"561","189195","20220712103000","586","0","嘉義縣","布袋鎮","120.180","23.375","589"
"140","189210","20220712103000","181","0","嘉義縣","布袋鎮","120.200","23.400","123"
"251","189224","20220712103000","151","3","嘉義縣","水上鄉","120.435","23.430","273"
"92","189225","20220712103000","96","0","嘉義縣","水上鄉","120.420","23.430","97"
"666","189233","20220712103000","440","3","嘉義縣","水上鄉","120.425","23.440","717"
"69","189242","20220712103000","151","0","嘉義縣","水上鄉","120.370","23.415","65"
"181","189246","20220712103000","266","0","嘉義縣","水上鄉","120.370","23.420","186"
"77","189248","20220712103000","212","0","嘉義縣","水上鄉","120.360","23.425","83"
"241","189268","20220712103000","267","0","嘉義縣","水上鄉","120.495","23.400","221"
"474","189286","20220712103000","322","2","嘉義縣","水上鄉","120.450","23.415","360"
"246","189288","20220712103000","323","0","嘉義縣","水上鄉","120.460","23.415","230"
"207","189292","20220712103000","123","3","嘉義縣","水上鄉","120.450","23.420","202"
"60","189296","20220712103000","73","0","嘉義縣","水上鄉","120.410","23.445","58"
"536","189322","20220712103000","569","0","嘉義縣","水上鄉","120.370","23.440","427"
"158","189337","20220712103000","497","0","嘉義縣","水上鄉","120.360","23.445","166"
"168","189343","20220712103000","150","1","嘉義縣","水上鄉","120.425","23.445","157"
"667","189344","20220712103000","461","2","嘉義縣","水上鄉","120.430","23.445","680"
"253","189349","20220712103000","91","3","嘉義縣","水上鄉","120.435","23.415","268"
"348","189350","20220712103000","345","1","嘉義縣","水上鄉","120.430","23.420","381"
"498","189351","20220712103000","566","0","嘉義縣","水上鄉","120.435","23.420","552"
"173","189364","20220712103000","89","3","嘉義縣","布袋鎮","120.150","23.375","210"
"325","189365","20220712103000","281","1","嘉義縣","布袋鎮","120.155","23.375","304"
"206","189369","20220712103000","86","3","嘉義縣","布袋鎮","120.150","23.380","184"
"465","189370","20220712103000","240","3","嘉義縣","布袋鎮","120.155","23.380","494"
"112","189382","20220712103000","864","0","嘉義縣","水上鄉","120.470","23.435","143"
"234","189385","20220712103000","330","0","嘉義縣","水上鄉","120.385","23.405","286"
"52","189387","20220712103000","91","0","嘉義縣","水上鄉","120.390","23.410","42"
"437","189388","20220712103000","217","3","嘉義縣","水上鄉","120.385","23.415","502"
"299","189389","20220712103000","429","0","嘉義縣","水上鄉","120.385","23.420","231"
"492","189393","20220712103000","384","2","嘉義縣","水上鄉","120.435","23.445","499"
"183","189396","20220712103000","324","0","嘉義縣","水上鄉","120.400","23.425","206"
"124","189397","20220712103000","428","0","嘉義縣","水上鄉","120.395","23.430","134"
"1019","189399","20220712103000","1023","0","嘉義縣","水上鄉","120.400","23.430","981"
"154","189411","20220712103000","193","0","嘉義縣","水上鄉","120.390","23.425","170"
"102","189413","20220712103000","816","0","嘉義縣","水上鄉","120.395","23.435","122"
"503","189416","20220712103000","656","0","嘉義縣","水上鄉","120.400","23.435","516"
"308","189439","20220712103000","383","0","嘉義縣","水上鄉","120.420","23.420","324"
"28","189459","20220712103000","57","0","嘉義縣","水上鄉","120.385","23.425","30"
"266","189461","20220712103000","314","0","嘉義縣","水上鄉","120.380","23.430","258"
"227","189463","20220712103000","396","0","嘉義縣","水上鄉","120.390","23.430","165"
"728","189474","20220712103000","712","1","嘉義縣","鹿草鄉","120.295","23.380","745"
"133","189491","20220712103000","121","1","嘉義縣","鹿草鄉","120.270","23.395","152"
"353","189518","20220712103000","224","3","嘉義縣","鹿草鄉","120.305","23.415","394"
"186","189555","20220712103000","522","0","嘉義縣","鹿草鄉","120.285","23.435","192"
"127","189575","20220712103000","326","0","嘉義縣","朴子市","120.245","23.430","119"
"637","189579","20220712103000","545","1","嘉義縣","朴子市","120.245","23.435","578"
"483","189583","20220712103000","404","1","嘉義縣","朴子市","120.250","23.440","502"
"1231","189591","20220712103000","1369","0","嘉義縣","東石鄉","120.180","23.420","1221"
"318","189607","20220712103000","341","0","嘉義縣","番路鄉","120.660","23.420","268"
"244","189608","20220712103000","163","2","嘉義縣","番路鄉","120.650","23.425","186"
"27","189629","20220712103000","29","0","嘉義縣","番路鄉","120.635","23.440","32"
"70","189630","20220712103000","63","1","嘉義縣","番路鄉","120.640","23.440","50"
"126","189633","20220712103000","139","0","嘉義縣","番路鄉","120.655","23.440","118"
"22","189645","20220712103000","38","0","嘉義縣","番路鄉","120.645","23.440","34"
"324","189663","20220712103000","231","2","嘉義縣","番路鄉","120.670","23.445","251"
"246","189673","20220712103000","104","3","嘉義縣","番路鄉","120.645","23.400","223"
"118","189685","20220712103000","48","3","嘉義縣","番路鄉","120.650","23.405","115"
"107","189703","20220712103000","60","3","嘉義縣","番路鄉","120.640","23.415","75"
"109","189705","20220712103000","63","3","嘉義縣","番路鄉","120.605","23.420","117"
"101","189724","20220712103000","43","3","嘉義縣","番路鄉","120.610","23.430","61"
"48","189740","20220712103000","33","2","嘉義縣","番路鄉","120.610","23.445","42"
"109","189756","20220712103000","96","1","嘉義縣","番路鄉","120.620","23.375","108"
"185","189823","20220712103000","245","0","嘉義縣","番路鄉","120.600","23.435","169"
"19","189824","20220712103000","17","1","嘉義縣","番路鄉","120.605","23.435","14"
"85","189827","20220712103000","36","3","嘉義縣","番路鄉","120.590","23.440","33"
"235","189837","20220712103000","253","0","嘉義縣","番路鄉","120.580","23.450","199"
"222","189852","20220712103000","182","2","嘉義縣","布袋鎮","120.170","23.385","232"
"107","189978","20220712103000","98","1","嘉義縣","阿里山鄉","120.665","23.380","123"
"101","189981","20220712103000","100","1","嘉義縣","阿里山鄉","120.680","23.380","101"
"233","190321","20220712103000","219","1","嘉義縣","阿里山鄉","120.750","23.440","232"
"88","190374","20220712103000","52","3","嘉義縣","阿里山鄉","120.755","23.450","72"
"197","190402","20220712103000","180","1","嘉義縣","義竹鄉","120.245","23.385","198"
"280","190407","20220712103000","263","1","嘉義縣","義竹鄉","120.240","23.375","314"
"110","192504","20220712103000","91","2","澎湖縣","馬公市","119.515","23.485","107"
"214","192620","20220712103000","272","0","嘉義縣","東石鄉","120.165","23.490","234"
"187","192621","20220712103000","139","2","花蓮縣","豐濱鄉","121.510","23.490","196"
"22","194053","20220712103000","109","0","澎湖縣","馬公市","119.515","23.510","35"
"308","194584","20220712103000","221","2","澎湖縣","馬公市","119.595","23.520","302"
"327","194849","20220712103000","353","0","澎湖縣","馬公市","119.580","23.525","287"
"315","194852","20220712103000","75","3","澎湖縣","馬公市","119.595","23.525","383"
"1034","194945","20220712103000","651","3","嘉義市","東區","120.455","23.495","1136"
"271","194952","20220712103000","149","3","嘉義市","東區","120.485","23.460","303"
"122","194954","20220712103000","82","2","嘉義市","東區","120.495","23.460","153"
"597","194959","20220712103000","810","0","嘉義市","東區","120.485","23.470","604"
"271","194963","20220712103000","622","0","嘉義市","東區","120.490","23.475","187"
"518","194965","20220712103000","1050","0","嘉義市","西區","120.435","23.460","444"
"560","194966","20220712103000","1228","0","嘉義市","西區","120.440","23.460","603"
"400","194967","20220712103000","250","3","嘉義市","西區","120.445","23.460","450"
"120","194968","20220712103000","157","0","嘉義市","西區","120.440","23.475","126"
"802","194969","20220712103000","434","3","嘉義市","西區","120.440","23.490","847"
"2165","194970","20220712103000","1671","2","嘉義市","東區","120.460","23.480","1958"
"1454","194971","20220712103000","1536","0","嘉義市","東區","120.450","23.480","1448"
"821","194972","20220712103000","630","2","嘉義市","東區","120.450","23.490","782"
"1124","194973","20220712103000","2536","0","嘉義市","東區","120.450","23.495","1031"
"1383","194974","20220712103000","1453","0","嘉義市","西區","120.415","23.485","1349"
"572","194975","20220712103000","1005","0","嘉義市","西區","120.405","23.490","564"
"1176","194980","20220712103000","1826","0","嘉義市","西區","120.425","23.475","1129"
"566","194981","20220712103000","722","0","嘉義市","西區","120.430","23.470","529"
"89","194985","20220712103000","1092","0","嘉義市","東區","120.470","23.490","78"
"389","194986","20220712103000","314","2","嘉義市","東區","120.470","23.495","450"
"329","194988","20220712103000","260","2","嘉義市","東區","120.480","23.495","321"
"2288","194993","20220712103000","1714","2","嘉義市","東區","120.450","23.500","2196"
"95","194994","20220712103000","730","0","嘉義市","東區","120.450","23.505","89"
"662","194995","20220712103000","534","2","嘉義市","東區","120.455","23.505","749"
"436","194996","20220712103000","437","0","嘉義市","東區","120.445","23.510","471"
"403","195001","20220712103000","1064","0","嘉義市","東區","120.485","23.485","388"
"335","195002","20220712103000","239","2","嘉義市","東區","120.490","23.480","350"
"1430","195003","20220712103000","1234","1","嘉義市","東區","120.455","23.490","1484"
"4719","195004","20220712103000","4260","1","嘉義市","東區","120.455","23.480","4657"
"684","195006","20220712103000","344","3","嘉義市","西區","120.420","23.480","771"
"762","195007","20220712103000","805","0","嘉義市","西區","120.430","23.480","668"
"586","195008","20220712103000","370","3","嘉義市","西區","120.420","23.490","634"
"639","195009","20220712103000","1811","0","嘉義市","西區","120.430","23.465","575"
"1873","195011","20220712103000","1228","3","嘉義市","西區","120.425","23.485","1814"
"870","195012","20220712103000","1681","0","嘉義市","西區","120.435","23.480","878"
"1709","195013","20220712103000","1862","0","嘉義市","西區","120.430","23.485","1660"
"69","195015","20220712103000","48","2","嘉義市","西區","120.395","23.490","77"
"204","195016","20220712103000","170","2","嘉義市","西區","120.400","23.490","192"
"43","195017","20220712103000","33","2","嘉義市","西區","120.390","23.495","49"
"2265","195022","20220712103000","1437","3","嘉義市","西區","120.440","23.480","2209"
"322","195024","20220712103000","201","3","嘉義市","西區","120.430","23.495","316"
"927","195025","20220712103000","1305","0","嘉義市","西區","120.425","23.490","854"
"2661","195033","20220712103000","1350","3","嘉義市","東區","120.450","23.475","2561"
"1303","195036","20220712103000","611","3","嘉義市","東區","120.450","23.460","1273"
"1753","195037","20220712103000","1242","2","嘉義市","東區","120.455","23.455","1719"
"151","195038","20220712103000","1422","0","嘉義市","西區","120.435","23.470","122"
"311","195039","20220712103000","242","2","嘉義市","西區","120.430","23.455","304"
"33","195040","20220712103000","346","0","嘉義市","西區","120.430","23.460","34"
"106","195041","20220712103000","908","0","嘉義市","西區","120.440","23.485","110"
"329","195042","20220712103000","175","3","嘉義市","西區","120.395","23.465","238"
"241","195047","20220712103000","175","2","嘉義市","西區","120.405","23.470","280"
"375","195049","20220712103000","290","2","嘉義市","西區","120.405","23.475","373"
"137","195053","20220712103000","1283","0","嘉義市","西區","120.445","23.500","110"
"1080","195054","20220712103000","1140","0","嘉義市","東區","120.465","23.490","1089"
"1018","195056","20220712103000","718","2","嘉義市","東區","120.460","23.470","1049"
"2230","195057","20220712103000","1235","3","嘉義市","東區","120.470","23.480","2141"
"102","195058","20220712103000","1909","0","嘉義市","東區","120.465","23.475","120"
"2191","195060","20220712103000","1871","1","嘉義市","西區","120.435","23.475","2189"
"1834","195061","20220712103000","949","3","嘉義市","西區","120.440","23.465","1839"
"23","195062","20220712103000","571","0","嘉義市","西區","120.450","23.465","27"
"1214","195064","20220712103000","1653","0","嘉義市","西區","120.440","23.470","1209"
"353","195065","20220712103000","417","0","嘉義市","東區","120.455","23.485","354"
"94","195066","20220712103000","1222","0","嘉義市","東區","120.450","23.485","105"
"521","195069","20220712103000","364","2","嘉義市","西區","120.415","23.475","539"
"1218","195073","20220712103000","2204","0","嘉義市","西區","120.440","23.455","1260"
"3115","195075","20220712103000","2749","1","嘉義市","西區","120.445","23.475","3146"
"1411","195076","20220712103000","1499","0","嘉義市","東區","120.465","23.465","1386"
"885","195083","20220712103000","413","3","嘉義市","東區","120.445","23.515","989"
"590","195084","20220712103000","1316","0","嘉義市","東區","120.465","23.480","596"
"372","195086","20220712103000","577","0","嘉義市","東區","120.480","23.465","375"
"835","195090","20220712103000","936","0","嘉義市","東區","120.475","23.475","941"
"78","195093","20220712103000","900","0","嘉義市","東區","120.470","23.485","68"
"571","195094","20220712103000","322","3","嘉義市","東區","120.475","23.485","587"
"99","195098","20220712103000","57","3","嘉義市","東區","120.500","23.475","98"
"26","195100","20220712103000","435","0","嘉義市","東區","120.485","23.480","24"
"517","195103","20220712103000","309","3","嘉義市","東區","120.500","23.480","585"
"356","195108","20220712103000","245","2","嘉義市","東區","120.490","23.485","364"
"107","195109","20220712103000","36","3","嘉義市","東區","120.495","23.485","118"
"118","195113","20220712103000","1337","0","嘉義市","東區","120.470","23.475","174"
"644","195114","20220712103000","352","3","嘉義市","東區","120.455","23.500","624"
"121","195115","20220712103000","72","3","嘉義市","東區","120.475","23.490","104"
"610","195118","20220712103000","434","2","嘉義市","東區","120.480","23.490","611"
"1586","195120","20220712103000","3035","0","嘉義市","東區","120.455","23.475","1507"
"810","195121","20220712103000","1089","0","嘉義市","西區","120.430","23.490","853"
"99","195122","20220712103000","690","0","嘉義市","西區","120.435","23.485","85"
"112","195123","20220712103000","607","0","嘉義市","西區","120.435","23.490","134"
"812","195124","20220712103000","861","0","嘉義市","西區","120.450","23.470","666"
"688","195127","20220712103000","316","3","嘉義市","東區","120.470","23.470","783"
"30","195128","20220712103000","518","0","嘉義市","東區","120.475","23.480","29"
"560","195129","20220712103000","613","0","嘉義市","東區","120.465","23.485","539"
"46","195131","20220712103000","41","1","嘉義市","東區","120.480","23.480","35"
"678","195133","20220712103000","678","1","嘉義市","東區","120.460","23.490","698"
"56","195139","20220712103000","311","0","嘉義市","西區","120.405","23.480","57"
"294","195147","20220712103000","177","3","嘉義市","西區","120.415","23.465","321"
"76","195148","20220712103000","1330","0","嘉義市","西區","120.420","23.465","77"
"751","195150","20220712103000","414","3","嘉義市","西區","120.415","23.470","810"
"557","195151","20220712103000","571","0","嘉義市","西區","120.420","23.470","486"
"806","195154","20220712103000","390","3","嘉義市","西區","120.440","23.495","871"
"67","195158","20220712103000","67","1","嘉義市","東區","120.430","23.505","76"
"331","195159","20220712103000","212","3","嘉義市","西區","120.435","23.505","343"
"729","195160","20220712103000","729","1","嘉義市","西區","120.445","23.485","683"
"1403","195161","20220712103000","785","3","嘉義市","東區","120.460","23.465","1489"
"616","195162","20220712103000","1326","0","嘉義市","西區","120.445","23.470","602"
"200","195164","20220712103000","135","2","嘉義市","西區","120.425","23.465","191"
"86","195165","20220712103000","95","0","嘉義市","西區","120.425","23.480","63"
"1895","195166","20220712103000","1328","2","嘉義市","西區","120.445","23.480","1911"
"436","195167","20220712103000","518","0","嘉義市","東區","120.460","23.455","437"
"217","195169","20220712103000","158","2","嘉義市","東區","120.465","23.460","275"
"1732","195170","20220712103000","1449","1","嘉義市","東區","120.455","23.465","1778"
"747","195171","20220712103000","510","2","嘉義市","東區","120.455","23.470","770"
"352","195183","20220712103000","295","1","澎湖縣","馬公市","119.590","23.515","414"
"270","195202","20220712103000","159","3","澎湖縣","馬公市","119.605","23.525","255"
"280","195219","20220712103000","237","1","花蓮縣","瑞穗鄉","121.375","23.495","258"
"75","195220","20220712103000","76","0","花蓮縣","瑞穗鄉","121.375","23.500","51"
"284","195231","20220712103000","199","2","花蓮縣","瑞穗鄉","121.390","23.490","253"
"1628","195232","20220712103000","1232","2","花蓮縣","瑞穗鄉","121.380","23.495","1416"
"106","195268","20220712103000","58","3","花蓮縣","瑞穗鄉","121.355","23.465","95"
"158","195289","20220712103000","97","3","花蓮縣","瑞穗鄉","121.360","23.475","112"
"519","195291","20220712103000","331","3","花蓮縣","瑞穗鄉","121.370","23.475","450"
"93","195336","20220712103000","19","3","花蓮縣","瑞穗鄉","121.390","23.520","34"
"49","195346","20220712103000","42","1","花蓮縣","瑞穗鄉","121.390","23.525","48"
"38","195428","20220712103000","26","2","花蓮縣","瑞穗鄉","121.435","23.490","21"
"77","195430","20220712103000","54","2","花蓮縣","瑞穗鄉","121.445","23.490","79"
"346","196332","20220712103000","186","3","花蓮縣","瑞穗鄉","121.375","23.515","207"
"115","196345","20220712103000","60","3","花蓮縣","瑞穗鄉","121.360","23.480","90"
"445","196360","20220712103000","299","2","花蓮縣","瑞穗鄉","121.355","23.490","426"
"371","196364","20220712103000","263","2","花蓮縣","瑞穗鄉","121.375","23.490","391"
"72","196368","20220712103000","50","2","花蓮縣","瑞穗鄉","121.360","23.495","65"
"133","196453","20220712103000","120","1","花蓮縣","卓溪鄉","121.325","23.490","120"
"337","196567","20220712103000","221","3","花蓮縣","豐濱鄉","121.505","23.470","335"
"94","196575","20220712103000","30","3","花蓮縣","豐濱鄉","121.505","23.475","81"
"127","196592","20220712103000","62","3","花蓮縣","豐濱鄉","121.510","23.480","106"
"61","196639","20220712103000","26","3","花蓮縣","豐濱鄉","121.500","23.455","39"
"186","196667","20220712103000","110","3","花蓮縣","玉里鎮","121.405","23.465","194"
"113","196709","20220712103000","42","3","花蓮縣","玉里鎮","121.395","23.455","111"
"635","196774","20220712103000","392","3","嘉義縣","中埔鄉","120.465","23.455","695"
"932","196781","20220712103000","1428","0","嘉義縣","民雄鄉","120.430","23.520","999"
"293","196789","20220712103000","241","2","嘉義縣","民雄鄉","120.440","23.515","330"
"285","196793","20220712103000","178","3","嘉義縣","六腳鄉","120.290","23.520","328"
"604","196815","20220712103000","561","1","嘉義縣","六腳鄉","120.250","23.510","635"
"38","196825","20220712103000","22","3","嘉義縣","六腳鄉","120.225","23.485","36"
"159","196836","20220712103000","76","3","嘉義縣","六腳鄉","120.285","23.500","182"
"189","196856","20220712103000","141","2","雲林縣","水林鄉","120.225","23.505","210"
"113","196879","20220712103000","275","0","嘉義縣","六腳鄉","120.245","23.485","108"
"252","196886","20220712103000","180","2","嘉義縣","民雄鄉","120.415","23.525","246"
"105","196888","20220712103000","31","3","嘉義縣","民雄鄉","120.425","23.525","44"
"108","196895","20220712103000","179","0","嘉義縣","太保市","120.310","23.460","117"
"584","196913","20220712103000","612","0","嘉義縣","新港鄉","120.375","23.515","558"
"962","196921","20220712103000","1729","0","嘉義縣","新港鄉","120.380","23.525","994"
"251","196935","20220712103000","269","0","嘉義縣","六腳鄉","120.280","23.505","275"
"456","196963","20220712103000","347","2","嘉義縣","六腳鄉","120.310","23.500","488"
"761","197018","20220712103000","690","1","嘉義縣","太保市","120.335","23.490","776"
"526","197019","20220712103000","265","3","嘉義縣","太保市","120.340","23.495","549"
"2266","197036","20220712103000","1985","1","嘉義縣","太保市","120.365","23.500","2275"
"146","197041","20220712103000","427","0","嘉義縣","太保市","120.360","23.510","149"
"953","197046","20220712103000","505","3","嘉義縣","太保市","120.370","23.500","1092"
"286","197055","20220712103000","256","1","嘉義縣","六腳鄉","120.275","23.525","305"
"354","197536","20220712103000","319","1","南投縣","信義鄉","120.870","23.470","264"
"47","197634","20220712103000","66","0","南投縣","信義鄉","120.825","23.510","63"
"503","197682","20220712103000","820","0","嘉義縣","民雄鄉","120.440","23.520","479"
"968","197684","20220712103000","1363","0","嘉義縣","民雄鄉","120.440","23.525","954"
"1158","197685","20220712103000","1622","0","嘉義縣","民雄鄉","120.445","23.525","1205"
"340","197686","20220712103000","192","3","嘉義縣","民雄鄉","120.450","23.525","390"
"80","197696","20220712103000","44","3","嘉義縣","民雄鄉","120.425","23.510","78"
"439","197703","20220712103000","313","2","嘉義縣","民雄鄉","120.465","23.505","440"
"348","197710","20220712103000","339","1","嘉義縣","民雄鄉","120.475","23.515","368"
"69","197714","20220712103000","75","0","嘉義縣","民雄鄉","120.480","23.520","79"
"139","197719","20220712103000","110","2","雲林縣","水林鄉","120.205","23.530","150"
"842","197727","20220712103000","318","3","嘉義縣","太保市","120.380","23.490","944"
"437","197729","20220712103000","229","3","嘉義縣","太保市","120.370","23.495","433"
"11","197740","20220712103000","152","0","嘉義縣","太保市","120.380","23.475","16"
"159","197749","20220712103000","77","3","嘉義縣","太保市","120.385","23.480","141"
"4270","197755","20220712103000","2959","2","嘉義縣","朴子市","120.285","23.465","4160"
"283","197756","20220712103000","249","1","嘉義縣","朴子市","120.290","23.465","274"
"279","197762","20220712103000","187","2","嘉義縣","太保市","120.290","23.470","274"
"64","197764","20220712103000","150","0","嘉義縣","太保市","120.290","23.475","63"
"289","197766","20220712103000","103","3","嘉義縣","朴子市","120.240","23.470","317"
"41","197770","20220712103000","93","0","嘉義縣","新港鄉","120.310","23.515","58"
"40","197781","20220712103000","88","0","嘉義縣","新港鄉","120.330","23.520","38"
"104","197788","20220712103000","467","0","嘉義縣","朴子市","120.285","23.455","114"
"31","197789","20220712103000","149","0","嘉義縣","朴子市","120.290","23.455","38"
"705","197794","20220712103000","1429","0","嘉義縣","朴子市","120.285","23.460","696"
"210","197795","20220712103000","759","0","嘉義縣","朴子市","120.290","23.460","218"
"892","197796","20220712103000","537","3","嘉義縣","朴子市","120.265","23.465","1015"
"76","197797","20220712103000","381","0","嘉義縣","朴子市","120.255","23.455","81"
"43","197799","20220712103000","21","3","嘉義縣","朴子市","120.265","23.455","51"
"942","197800","20220712103000","299","3","嘉義縣","朴子市","120.250","23.460","983"
"157","197802","20220712103000","53","3","嘉義縣","朴子市","120.260","23.460","139"
"466","197804","20220712103000","183","3","嘉義縣","朴子市","120.255","23.465","494"
"662","197820","20220712103000","569","1","嘉義縣","新港鄉","120.365","23.515","622"
"146","197822","20220712103000","310","0","嘉義縣","新港鄉","120.350","23.520","161"
"139","197827","20220712103000","395","0","嘉義縣","新港鄉","120.355","23.520","151"
"60","197830","20220712103000","153","0","嘉義縣","新港鄉","120.330","23.510","58"
"67","197832","20220712103000","76","0","嘉義縣","新港鄉","120.340","23.510","76"
"129","197837","20220712103000","56","3","嘉義縣","新港鄉","120.340","23.515","142"
"68","197862","20220712103000","33","3","嘉義縣","阿里山鄉","120.790","23.505","51"
"273","197867","20220712103000","286","0","嘉義縣","阿里山鄉","120.810","23.515","277"
"258","197868","20220712103000","116","3","嘉義縣","阿里山鄉","120.815","23.515","246"
"596","197899","20220712103000","380","3","嘉義縣","太保市","120.335","23.475","544"
"264","197906","20220712103000","362","0","嘉義縣","太保市","120.345","23.480","280"
"67","197913","20220712103000","177","0","嘉義縣","太保市","120.300","23.465","86"
"41","197924","20220712103000","217","0","嘉義縣","太保市","120.300","23.470","56"
"145","197940","20220712103000","121","1","南投縣","信義鄉","120.890","23.490","117"
"130","198035","20220712103000","116","1","雲林縣","水林鄉","120.230","23.515","140"
"659","198046","20220712103000","378","3","雲林縣","水林鄉","120.230","23.520","713"
"2382","198052","20220712103000","1351","3","嘉義縣","朴子市","120.245","23.470","2320"
"102","198053","20220712103000","735","0","嘉義縣","六腳鄉","120.250","23.470","114"
"357","198057","20220712103000","1383","0","嘉義縣","朴子市","120.245","23.465","382"
"364","198066","20220712103000","1371","0","嘉義縣","朴子市","120.240","23.465","355"
"881","198068","20220712103000","250","3","嘉義縣","朴子市","120.225","23.460","918"
"410","198071","20220712103000","786","0","嘉義縣","朴子市","120.235","23.465","374"
"563","198076","20220712103000","246","3","嘉義縣","朴子市","120.270","23.480","552"
"122","198087","20220712103000","180","0","嘉義縣","太保市","120.355","23.465","114"
"1462","198089","20220712103000","2451","0","嘉義縣","太保市","120.380","23.500","1451"
"25","198113","20220712103000","66","0","雲林縣","水林鄉","120.225","23.510","18"
"1415","198129","20220712103000","661","3","嘉義縣","太保市","120.325","23.455","1196"
"173","198131","20220712103000","394","0","嘉義縣","太保市","120.335","23.455","182"
"98","198135","20220712103000","250","0","嘉義縣","太保市","120.335","23.460","105"
"140","198141","20220712103000","523","0","嘉義縣","太保市","120.295","23.455","135"
"465","198144","20220712103000","1738","0","嘉義縣","太保市","120.295","23.460","537"
"204","198164","20220712103000","138","2","嘉義縣","東石鄉","120.170","23.480","193"
"11","198175","20220712103000","10","1","嘉義縣","東石鄉","120.195","23.465","11"
"50","198208","20220712103000","45","1","嘉義縣","梅山鄉","120.710","23.520","56"
"225","198214","20220712103000","159","2","嘉義縣","梅山鄉","120.710","23.525","181"
"665","198237","20220712103000","663","1","嘉義縣","東石鄉","120.170","23.465","652"
"373","198282","20220712103000","479","0","嘉義縣","東石鄉","120.185","23.490","372"
"49","198283","20220712103000","149","0","嘉義縣","東石鄉","120.185","23.495","46"
"968","198309","20220712103000","844","1","嘉義縣","東石鄉","120.150","23.460","963"
"450","198354","20220712103000","227","3","嘉義縣","東石鄉","120.155","23.500","443"
"186","198358","20220712103000","183","1","嘉義縣","東石鄉","120.175","23.500","178"
"104","198378","20220712103000","69","3","嘉義縣","東石鄉","120.160","23.510","78"
"212","198419","20220712103000","217","0","嘉義縣","梅山鄉","120.660","23.525","206"
"156","198450","20220712103000","120","2","嘉義縣","民雄鄉","120.450","23.520","183"
"523","198452","20220712103000","294","3","嘉義縣","民雄鄉","120.460","23.520","509"
"80","198455","20220712103000","67","1","嘉義縣","民雄鄉","120.455","23.525","79"
"531","198456","20220712103000","836","0","嘉義縣","民雄鄉","120.460","23.525","556"
"125","198457","20220712103000","84","2","嘉義縣","民雄鄉","120.450","23.530","134"
"610","198458","20220712103000","336","3","嘉義縣","民雄鄉","120.455","23.530","703"
"388","198459","20220712103000","327","1","嘉義縣","民雄鄉","120.460","23.530","385"
"144","198474","20220712103000","134","1","嘉義縣","民雄鄉","120.475","23.525","126"
"68","198490","20220712103000","158","0","嘉義縣","新港鄉","120.390","23.515","73"
"82","198491","20220712103000","52","3","嘉義縣","民雄鄉","120.400","23.515","92"
"414","198495","20220712103000","506","0","嘉義縣","民雄鄉","120.410","23.520","476"
"69","198501","20220712103000","69","1","嘉義縣","民雄鄉","120.415","23.520","75"
"1180","198503","20220712103000","1508","0","嘉義縣","民雄鄉","120.430","23.530","1098"
"371","198542","20220712103000","134","3","嘉義縣","六腳鄉","120.300","23.505","423"
"21","198546","20220712103000","30","0","嘉義縣","六腳鄉","120.300","23.515","26"
"63","198646","20220712103000","137","0","嘉義縣","水上鄉","120.375","23.460","48"
"165","198651","20220712103000","109","3","雲林縣","水林鄉","120.210","23.515","186"
"245","198686","20220712103000","325","0","嘉義縣","水上鄉","120.410","23.455","230"
"350","198687","20220712103000","186","3","嘉義縣","水上鄉","120.415","23.455","351"
"616","198691","20220712103000","217","3","嘉義市","西區","120.415","23.460","605"
"71","198693","20220712103000","98","0","嘉義縣","水上鄉","120.420","23.460","69"
"1451","198697","20220712103000","1042","2","嘉義縣","六腳鄉","120.295","23.490","1399"
"481","198713","20220712103000","259","3","雲林縣","口湖鄉","120.185","23.525","434"
"800","198720","20220712103000","669","1","嘉義縣","水上鄉","120.400","23.455","703"
"399","198726","20220712103000","1098","0","嘉義縣","朴子市","120.245","23.460","434"
"23","198735","20220712103000","11","3","嘉義縣","六腳鄉","120.260","23.530","22"
"50","198765","20220712103000","16","3","嘉義縣","竹崎鄉","120.580","23.520","44"
"308","198769","20220712103000","401","0","嘉義縣","番路鄉","120.555","23.465","305"
"503","198770","20220712103000","581","0","嘉義縣","番路鄉","120.560","23.465","430"
"214","198785","20220712103000","178","2","嘉義縣","番路鄉","120.505","23.455","214"
"120","198844","20220712103000","122","0","嘉義縣","番路鄉","120.620","23.480","126"
"38","198849","20220712103000","13","3","嘉義縣","番路鄉","120.625","23.485","48"
"126","198869","20220712103000","101","2","嘉義縣","番路鄉","120.540","23.460","115"
"266","198871","20220712103000","180","2","嘉義縣","番路鄉","120.550","23.460","293"
"175","198874","20220712103000","192","0","嘉義縣","番路鄉","120.540","23.465","167"
"37","198875","20220712103000","72","0","嘉義縣","番路鄉","120.535","23.470","20"
"140","198880","20220712103000","99","2","嘉義縣","番路鄉","120.600","23.455","153"
"218","198884","20220712103000","195","1","嘉義縣","番路鄉","120.595","23.460","235"
"81","198885","20220712103000","33","3","嘉義縣","番路鄉","120.600","23.460","76"
"21","198891","20220712103000","90","0","嘉義縣","番路鄉","120.530","23.475","23"
"592","198892","20220712103000","749","0","嘉義縣","番路鄉","120.535","23.475","616"
"124","198893","20220712103000","112","1","嘉義縣","番路鄉","120.510","23.480","126"
"24","198896","20220712103000","46","0","嘉義縣","番路鄉","120.525","23.480","29"
"481","198913","20220712103000","275","3","嘉義縣","竹崎鄉","120.685","23.460","441"
"153","198918","20220712103000","141","1","嘉義縣","竹崎鄉","120.695","23.475","137"
"29","198922","20220712103000","48","0","嘉義縣","竹崎鄉","120.700","23.480","43"
"10","198923","20220712103000","23","0","嘉義縣","竹崎鄉","120.705","23.480","46"
"24","198932","20220712103000","20","2","嘉義縣","竹崎鄉","120.705","23.485","61"
"182","198946","20220712103000","184","0","嘉義縣","竹崎鄉","120.695","23.500","183"
"259","198952","20220712103000","241","1","嘉義縣","竹崎鄉","120.695","23.505","229"
"32","198964","20220712103000","29","1","嘉義縣","竹崎鄉","120.660","23.505","33"
"333","198983","20220712103000","161","3","嘉義縣","竹崎鄉","120.635","23.520","333"
"13","199010","20220712103000","54","0","嘉義縣","竹崎鄉","120.625","23.530","13"
"90","199039","20220712103000","47","3","嘉義縣","竹崎鄉","120.650","23.470","77"
"167","199063","20220712103000","92","3","嘉義縣","竹崎鄉","120.680","23.480","166"
"445","199106","20220712103000","408","1","嘉義縣","竹崎鄉","120.570","23.485","540"
"259","199108","20220712103000","262","0","嘉義縣","竹崎鄉","120.555","23.485","262"
"94","199120","20220712103000","71","2","嘉義縣","竹崎鄉","120.540","23.515","112"
"1078","199122","20220712103000","1092","0","嘉義縣","竹崎鄉","120.550","23.515","1074"
"286","199146","20220712103000","333","0","嘉義縣","竹崎鄉","120.570","23.500","219"
"105","199161","20220712103000","655","0","嘉義縣","竹崎鄉","120.550","23.530","85"
"52","199213","20220712103000","26","3","嘉義縣","竹崎鄉","120.590","23.465","58"
"209","199237","20220712103000","111","3","嘉義縣","竹崎鄉","120.605","23.470","142"
"56","199241","20220712103000","59","0","嘉義縣","竹崎鄉","120.585","23.475","63"
"193","199248","20220712103000","113","3","嘉義縣","竹崎鄉","120.575","23.480","225"
"634","199280","20220712103000","524","2","嘉義縣","竹崎鄉","120.505","23.485","631"
"529","199288","20220712103000","568","0","嘉義縣","竹崎鄉","120.500","23.490","589"
"697","199291","20220712103000","458","3","嘉義縣","竹崎鄉","120.520","23.490","725"
"374","199297","20220712103000","429","0","嘉義縣","竹崎鄉","120.495","23.495","355"
"297","199306","20220712103000","160","3","嘉義縣","竹崎鄉","120.500","23.500","342"
"286","199313","20220712103000","200","2","嘉義縣","竹崎鄉","120.505","23.525","297"
"259","199322","20220712103000","217","1","嘉義縣","竹崎鄉","120.515","23.530","219"
"210","199330","20220712103000","235","0","嘉義縣","竹崎鄉","120.495","23.510","177"
"144","199332","20220712103000","88","3","嘉義縣","竹崎鄉","120.495","23.515","158"
"630","199353","20220712103000","588","1","嘉義縣","竹崎鄉","120.570","23.505","568"
"120","199358","20220712103000","113","1","嘉義縣","竹崎鄉","120.610","23.510","152"
"161","199367","20220712103000","122","2","嘉義縣","竹崎鄉","120.605","23.515","182"
"236","199379","20220712103000","54","3","嘉義縣","竹崎鄉","120.610","23.520","200"
"28","199459","20220712103000","25","1","嘉義縣","阿里山鄉","120.950","23.465","28"
"81","199523","20220712103000","39","3","嘉義縣","阿里山鄉","120.795","23.490","67"
"11","199541","20220712103000","18","0","嘉義縣","阿里山鄉","120.800","23.500","10"
"40","199544","20220712103000","14","3","嘉義縣","阿里山鄉","120.795","23.505","30"
"253","199552","20220712103000","154","3","嘉義縣","阿里山鄉","120.815","23.505","235"
"446","199555","20220712103000","484","0","嘉義縣","阿里山鄉","120.805","23.510","470"
"177","199603","20220712103000","124","2","嘉義縣","阿里山鄉","120.730","23.530","198"
"72","199642","20220712103000","80","0","嘉義縣","阿里山鄉","120.755","23.490","63"
"50","199653","20220712103000","52","0","嘉義縣","阿里山鄉","120.745","23.495","36"
"73","199699","20220712103000","52","2","嘉義縣","阿里山鄉","120.740","23.515","76"
"106","199719","20220712103000","59","3","嘉義縣","阿里山鄉","120.720","23.455","62"
"70","199725","20220712103000","101","0","嘉義縣","阿里山鄉","120.700","23.460","54"
"222","199742","20220712103000","170","2","嘉義縣","阿里山鄉","120.730","23.465","193"
"133","199744","20220712103000","92","2","嘉義縣","竹崎鄉","120.695","23.470","148"
"326","199745","20220712103000","315","1","嘉義縣","阿里山鄉","120.700","23.470","338"
"171","199748","20220712103000","163","1","嘉義縣","阿里山鄉","120.715","23.470","214"
"165","199760","20220712103000","148","1","嘉義縣","阿里山鄉","120.715","23.480","145"
"138","199769","20220712103000","77","3","嘉義縣","阿里山鄉","120.720","23.485","100"
"96","199777","20220712103000","136","0","嘉義縣","阿里山鄉","120.750","23.455","152"
"48","199798","20220712103000","60","0","嘉義縣","阿里山鄉","120.775","23.460","53"
"341","199875","20220712103000","132","3","嘉義縣","竹崎鄉","120.595","23.485","390"
"196","199886","20220712103000","87","3","嘉義縣","竹崎鄉","120.595","23.495","226"
"409","199897","20220712103000","317","2","嘉義縣","竹崎鄉","120.550","23.485","411"
"186","199900","20220712103000","267","0","嘉義縣","竹崎鄉","120.540","23.495","262"
"508","199903","20220712103000","632","0","嘉義縣","竹崎鄉","120.540","23.500","504"
"86","199909","20220712103000","80","1","嘉義縣","竹崎鄉","120.595","23.525","82"
"128","199920","20220712103000","97","2","嘉義縣","竹崎鄉","120.510","23.490","120"
"382","199938","20220712103000","485","0","嘉義縣","竹崎鄉","120.525","23.515","400"
"370","200367","20220712103000","573","0","澎湖縣","馬公市","119.550","23.535","345"
"83","201149","20220712103000","62","2","澎湖縣","馬公市","119.570","23.550","82"
"675","201150","20220712103000","328","3","澎湖縣","馬公市","119.575","23.550","786"
"239","201400","20220712103000","444","0","澎湖縣","馬公市","119.570","23.555","163"
"428","202108","20220712103000","578","0","澎湖縣","西嶼鄉","119.485","23.565","433"
"21","202120","20220712103000","12","3","澎湖縣","馬公市","119.560","23.565","37"
"1032","202121","20220712103000","945","1","澎湖縣","馬公市","119.565","23.565","1177"
"280","202367","20220712103000","749","0","澎湖縣","馬公市","119.565","23.570","402"
"59","202600","20220712103000","42","2","澎湖縣","西嶼鄉","119.500","23.575","52"
"479","202858","20220712103000","498","0","澎湖縣","馬公市","119.575","23.580","595"
"82","203106","20220712103000","85","0","澎湖縣","馬公市","119.570","23.585","79"
"572","203108","20220712103000","301","3","澎湖縣","馬公市","119.580","23.585","527"
"145","203109","20220712103000","84","3","澎湖縣","馬公市","119.585","23.585","128"
"29","203624","20220712103000","273","0","澎湖縣","湖西鄉","119.670","23.595","144"
"49","203877","20220712103000","16","3","澎湖縣","湖西鄉","119.640","23.600","46"
"81","203940","20220712103000","54","3","澎湖縣","馬公市","119.570","23.560","71"
"938","203941","20220712103000","992","0","澎湖縣","馬公市","119.570","23.565","925"
"1835","203942","20220712103000","2234","0","澎湖縣","馬公市","119.570","23.570","1436"
"440","203945","20220712103000","207","3","澎湖縣","湖西鄉","119.615","23.570","485"
"63","203947","20220712103000","282","0","澎湖縣","湖西鄉","119.625","23.570","61"
"256","203951","20220712103000","143","3","澎湖縣","馬公市","119.600","23.555","243"
"47","203964","20220712103000","158","0","澎湖縣","湖西鄉","119.620","23.600","62"
"399","203989","20220712103000","190","3","澎湖縣","西嶼鄉","119.480","23.565","406"
"268","203992","20220712103000","217","2","澎湖縣","湖西鄉","119.615","23.595","238"
"86","203994","20220712103000","93","0","澎湖縣","湖西鄉","119.665","23.585","96"
"26","204001","20220712103000","13","3","澎湖縣","馬公市","119.590","23.550","31"
"1232","204013","20220712103000","866","2","澎湖縣","馬公市","119.600","23.570","1261"
"157","204018","20220712103000","615","0","澎湖縣","馬公市","119.580","23.560","202"
"1671","204021","20220712103000","614","3","澎湖縣","馬公市","119.585","23.565","1662"
"1224","204022","20220712103000","428","3","澎湖縣","馬公市","119.590","23.565","1161"
"415","204025","20220712103000","759","0","澎湖縣","湖西鄉","119.630","23.565","409"
"195","204033","20220712103000","269","0","澎湖縣","湖西鄉","119.655","23.565","202"
"283","204042","20220712103000","209","2","澎湖縣","馬公市","119.545","23.540","297"
"364","204045","20220712103000","661","0","澎湖縣","湖西鄉","119.670","23.570","345"
"305","204049","20220712103000","350","0","澎湖縣","馬公市","119.575","23.570","338"
"754","204050","20220712103000","745","1","澎湖縣","馬公市","119.580","23.570","790"
"2161","204052","20220712103000","1824","1","澎湖縣","馬公市","119.575","23.575","2503"
"144","204053","20220712103000","934","0","澎湖縣","馬公市","119.580","23.575","178"
"435","204054","20220712103000","286","3","澎湖縣","馬公市","119.580","23.580","538"
"557","204067","20220712103000","246","3","澎湖縣","馬公市","119.615","23.555","617"
"88","204074","20220712103000","82","1","澎湖縣","湖西鄉","119.620","23.565","76"
"260","204075","20220712103000","252","1","澎湖縣","湖西鄉","119.650","23.570","277"
"605","204080","20220712103000","626","0","澎湖縣","湖西鄉","119.650","23.580","635"
"335","204087","20220712103000","160","3","澎湖縣","西嶼鄉","119.505","23.585","348"
"429","204092","20220712103000","545","0","澎湖縣","西嶼鄉","119.510","23.600","422"
"415","204107","20220712103000","303","2","澎湖縣","馬公市","119.560","23.560","391"
"771","204108","20220712103000","611","2","澎湖縣","馬公市","119.565","23.560","843"
"65","204111","20220712103000","301","0","澎湖縣","馬公市","119.595","23.555","82"
"303","204113","20220712103000","157","3","澎湖縣","馬公市","119.605","23.535","330"
"93","204120","20220712103000","287","0","澎湖縣","馬公市","119.610","23.545","85"
"24","204123","20220712103000","16","3","澎湖縣","馬公市","119.615","23.550","21"
"425","204124","20220712103000","154","3","澎湖縣","馬公市","119.620","23.550","459"
"98","204136","20220712103000","139","0","澎湖縣","湖西鄉","119.640","23.580","116"
"227","204137","20220712103000","231","0","澎湖縣","湖西鄉","119.645","23.580","263"
"21","204159","20220712103000","131","0","澎湖縣","湖西鄉","119.630","23.555","25"
"264","204161","20220712103000","150","3","澎湖縣","湖西鄉","119.640","23.555","225"
"79","204162","20220712103000","941","0","澎湖縣","湖西鄉","119.630","23.560","68"
"53","204163","20220712103000","223","0","澎湖縣","湖西鄉","119.635","23.560","51"
"36","204174","20220712103000","357","0","澎湖縣","湖西鄉","119.615","23.590","31"
"167","204179","20220712103000","23","3","澎湖縣","湖西鄉","119.680","23.555","196"
"360","204185","20220712103000","315","1","澎湖縣","湖西鄉","119.670","23.565","371"
"2516","204189","20220712103000","1013","3","澎湖縣","馬公市","119.575","23.565","2811"
"216","204191","20220712103000","706","0","澎湖縣","馬公市","119.585","23.555","219"
"509","204192","20220712103000","216","3","澎湖縣","馬公市","119.585","23.560","528"
"30","204193","20220712103000","37","0","澎湖縣","馬公市","119.610","23.555","35"
"73","204194","20220712103000","307","0","澎湖縣","馬公市","119.595","23.560","75"
"1114","204195","20220712103000","921","2","澎湖縣","馬公市","119.600","23.560","1053"
"52","204307","20220712103000","35","2","花蓮縣","瑞穗鄉","121.370","23.575","46"
"317","204313","20220712103000","222","2","花蓮縣","瑞穗鄉","121.375","23.575","287"
"158","204317","20220712103000","124","2","花蓮縣","瑞穗鄉","121.370","23.580","203"
"165","204319","20220712103000","158","1","花蓮縣","瑞穗鄉","121.380","23.580","180"
"64","204320","20220712103000","44","2","花蓮縣","萬榮鄉","121.355","23.585","58"
"128","204355","20220712103000","116","1","花蓮縣","瑞穗鄉","121.385","23.570","171"
"87","204381","20220712103000","69","2","花蓮縣","瑞穗鄉","121.385","23.580","104"
"56","204384","20220712103000","66","0","花蓮縣","瑞穗鄉","121.400","23.580","57"
"193","204421","20220712103000","155","2","花蓮縣","光復鄉","121.390","23.605","167"
"54","204446","20220712103000","34","3","花蓮縣","光復鄉","121.385","23.605","55"
"297","204758","20220712103000","180","3","花蓮縣","瑞穗鄉","121.375","23.540","280"
"18","205280","20220712103000","11","3","花蓮縣","豐濱鄉","121.500","23.575","12"
"88","205305","20220712103000","47","3","花蓮縣","豐濱鄉","121.525","23.575","67"
"117","205386","20220712103000","59","3","花蓮縣","豐濱鄉","121.525","23.595","112"
"315","205403","20220712103000","179","3","花蓮縣","豐濱鄉","121.520","23.600","305"
"111","205422","20220712103000","51","3","花蓮縣","豐濱鄉","121.530","23.605","92"
"71","205447","20220712103000","88","0","花蓮縣","光復鄉","121.420","23.605","66"
"345","205461","20220712103000","314","1","雲林縣","元長鄉","120.350","23.600","372"
"48","205475","20220712103000","59","0","嘉義縣","民雄鄉","120.400","23.555","52"
"504","205481","20220712103000","419","2","嘉義縣","民雄鄉","120.400","23.560","494"
"183","205482","20220712103000","117","3","嘉義縣","溪口鄉","120.405","23.560","198"
"1135","205486","20220712103000","878","2","嘉義縣","民雄鄉","120.420","23.550","1157"
"32","205488","20220712103000","47","0","嘉義縣","民雄鄉","120.425","23.555","39"
"586","205494","20220712103000","341","3","嘉義縣","民雄鄉","120.380","23.545","607"
"305","205501","20220712103000","229","2","嘉義縣","民雄鄉","120.445","23.560","287"
"293","205502","20220712103000","203","2","嘉義縣","民雄鄉","120.450","23.560","331"
"48","205523","20220712103000","51","0","嘉義縣","民雄鄉","120.450","23.570","51"
"437","205531","20220712103000","468","0","嘉義縣","民雄鄉","120.435","23.565","516"
"88","205537","20220712103000","176","0","嘉義縣","民雄鄉","120.435","23.535","95"
"192","205548","20220712103000","159","2","嘉義縣","六腳鄉","120.295","23.540","226"
"340","205557","20220712103000","283","2","嘉義縣","六腳鄉","120.300","23.550","365"
"118","205571","20220712103000","212","0","雲林縣","水林鄉","120.245","23.605","128"
"79","205579","20220712103000","34","3","雲林縣","水林鄉","120.220","23.595","75"
"29","205586","20220712103000","184","0","雲林縣","水林鄉","120.235","23.605","25"
"108","205593","20220712103000","331","0","嘉義縣","新港鄉","120.345","23.570","125"
"156","205600","20220712103000","747","0","嘉義縣","新港鄉","120.345","23.550","158"
"277","205605","20220712103000","152","3","嘉義縣","新港鄉","120.330","23.560","296"
"239","205606","20220712103000","85","3","嘉義縣","新港鄉","120.335","23.560","255"
"34","205615","20220712103000","211","0","嘉義縣","新港鄉","120.340","23.575","37"
"440","205623","20220712103000","346","2","雲林縣","元長鄉","120.335","23.610","444"
"136","205641","20220712103000","96","2","嘉義縣","新港鄉","120.350","23.590","154"
"39","205649","20220712103000","197","0","嘉義縣","新港鄉","120.315","23.550","14"
"173","205670","20220712103000","93","3","雲林縣","口湖鄉","120.170","23.605","169"
"243","206056","20220712103000","245","0","南投縣","信義鄉","120.925","23.560","238"
"599","206426","20220712103000","478","2","南投縣","信義鄉","120.895","23.595","570"
"1014","206759","20220712103000","874","1","嘉義縣","溪口鄉","120.400","23.605","1032"
"637","206766","20220712103000","998","0","嘉義縣","民雄鄉","120.430","23.550","547"
"1321","206767","20220712103000","1236","1","嘉義縣","民雄鄉","120.430","23.555","1444"
"702","206768","20220712103000","642","1","嘉義縣","民雄鄉","120.435","23.555","692"
"376","206781","20220712103000","308","2","雲林縣","北港鎮","120.325","23.585","346"
"85","206786","20220712103000","716","0","雲林縣","北港鎮","120.295","23.575","88"
"19","206787","20220712103000","19","1","雲林縣","北港鎮","120.305","23.575","24"
"296","206789","20220712103000","322","0","雲林縣","北港鎮","120.300","23.580","326"
"622","206790","20220712103000","740","0","雲林縣","北港鎮","120.305","23.580","695"
"50","206794","20220712103000","44","1","雲林縣","北港鎮","120.310","23.585","63"
"438","206797","20220712103000","1127","0","雲林縣","北港鎮","120.310","23.590","503"
"181","206815","20220712103000","117","3","嘉義縣","大林鎮","120.465","23.600","168"
"477","206822","20220712103000","273","3","嘉義縣","大林鎮","120.470","23.605","480"
"130","206825","20220712103000","403","0","嘉義縣","大林鎮","120.485","23.605","134"
"182","206830","20220712103000","216","0","嘉義縣","民雄鄉","120.445","23.545","211"
"28","206834","20220712103000","31","0","嘉義縣","民雄鄉","120.440","23.550","28"
"112","206837","20220712103000","83","2","嘉義縣","民雄鄉","120.455","23.550","90"
"237","206858","20220712103000","246","0","嘉義縣","民雄鄉","120.480","23.535","230"
"148","206869","20220712103000","171","0","嘉義縣","民雄鄉","120.500","23.540","130"
"27","206879","20220712103000","33","0","嘉義縣","民雄鄉","120.415","23.560","29"
"21","206882","20220712103000","22","0","嘉義縣","民雄鄉","120.410","23.565","18"
"13","206903","20220712103000","69","0","雲林縣","水林鄉","120.235","23.580","18"
"456","206905","20220712103000","165","3","雲林縣","水林鄉","120.230","23.585","396"
"143","206936","20220712103000","74","3","雲林縣","水林鄉","120.265","23.605","130"
"1202","206940","20220712103000","1377","0","雲林縣","北港鎮","120.300","23.565","1131"
"347","206943","20220712103000","240","2","雲林縣","北港鎮","120.310","23.575","314"
"412","206964","20220712103000","260","3","嘉義縣","新港鄉","120.360","23.590","357"
"91","206982","20220712103000","305","0","嘉義縣","新港鄉","120.370","23.555","86"
"618","206991","20220712103000","1054","0","嘉義縣","新港鄉","120.350","23.555","603"
"746","206992","20220712103000","494","3","嘉義縣","新港鄉","120.355","23.555","765"
"148","206994","20220712103000","1265","0","嘉義縣","新港鄉","120.350","23.560","150"
"754","206997","20220712103000","475","3","嘉義縣","新港鄉","120.320","23.565","781"
"60","207025","20220712103000","191","0","嘉義縣","新港鄉","120.335","23.540","55"
"1110","207038","20220712103000","559","3","嘉義縣","新港鄉","120.345","23.555","1082"
"96","207039","20220712103000","31","3","嘉義縣","新港鄉","120.345","23.560","107"
"61","207040","20220712103000","134","0","嘉義縣","新港鄉","120.345","23.535","52"
"52","207051","20220712103000","241","0","嘉義縣","新港鄉","120.375","23.560","57"
"62","207166","20220712103000","55","1","南投縣","信義鄉","120.915","23.545","54"
"106","207170","20220712103000","102","1","南投縣","信義鄉","120.870","23.550","109"
"151","207172","20220712103000","115","2","南投縣","信義鄉","120.880","23.550","109"
"39","207177","20220712103000","21","3","南投縣","信義鄉","120.905","23.550","39"
"236","207208","20220712103000","143","3","南投縣","信義鄉","120.905","23.565","292"
"322","207242","20220712103000","238","2","南投縣","信義鄉","120.890","23.590","295"
"1433","207256","20220712103000","1547","0","雲林縣","北港鎮","120.305","23.565","1336"
"215","207266","20220712103000","184","1","嘉義縣","新港鄉","120.310","23.565","197"
"1631","207275","20220712103000","1123","2","雲林縣","北港鎮","120.290","23.575","1587"
"201","207299","20220712103000","142","2","嘉義縣","梅山鄉","120.600","23.560","177"
"202","207304","20220712103000","133","3","嘉義縣","梅山鄉","120.595","23.565","193"
"216","207305","20220712103000","250","0","嘉義縣","梅山鄉","120.605","23.565","191"
"118","207326","20220712103000","146","0","嘉義縣","梅山鄉","120.625","23.550","125"
"239","207338","20220712103000","275","0","嘉義縣","梅山鄉","120.580","23.545","229"
"696","207352","20220712103000","830","0","嘉義縣","梅山鄉","120.555","23.585","787"
"541","207353","20220712103000","593","0","嘉義縣","梅山鄉","120.560","23.585","551"
"544","207356","20220712103000","287","3","嘉義縣","梅山鄉","120.550","23.590","599"
"352","207360","20220712103000","346","1","嘉義縣","大林鎮","120.450","23.605","313"
"152","207367","20220712103000","821","0","嘉義縣","大林鎮","120.525","23.595","129"
"271","207373","20220712103000","464","0","嘉義縣","大林鎮","120.500","23.605","274"
"695","207387","20220712103000","507","2","雲林縣","北港鎮","120.275","23.600","791"
"222","207403","20220712103000","201","1","雲林縣","北港鎮","120.325","23.595","208"
"416","207414","20220712103000","351","1","雲林縣","北港鎮","120.280","23.560","383"
"31","207432","20220712103000","181","0","雲林縣","口湖鄉","120.180","23.605","15"
"332","207435","20220712103000","299","1","雲林縣","古坑鄉","120.540","23.595","288"
"37","207462","20220712103000","89","0","雲林縣","古坑鄉","120.595","23.600","39"
"176","207463","20220712103000","113","3","雲林縣","古坑鄉","120.600","23.600","227"
"176","207465","20220712103000","105","3","雲林縣","古坑鄉","120.610","23.600","186"
"68","207467","20220712103000","24","3","雲林縣","古坑鄉","120.620","23.600","57"
"61","207494","20220712103000","54","1","雲林縣","古坑鄉","120.640","23.605","65"
"25","207498","20220712103000","75","0","雲林縣","古坑鄉","120.570","23.605","27"
"153","207505","20220712103000","167","0","嘉義縣","大林鎮","120.470","23.580","151"
"171","207507","20220712103000","300","0","嘉義縣","大林鎮","120.465","23.585","151"
"46","207511","20220712103000","39","1","嘉義縣","大林鎮","120.505","23.560","45"
"13","207522","20220712103000","75","0","嘉義縣","大林鎮","120.490","23.570","12"
"295","207523","20220712103000","1002","0","嘉義縣","大林鎮","120.495","23.570","280"
"29","207536","20220712103000","178","0","嘉義縣","大林鎮","120.505","23.575","34"
"128","207556","20220712103000","695","0","嘉義縣","大林鎮","120.500","23.580","136"
"102","207558","20220712103000","475","0","嘉義縣","大林鎮","120.510","23.580","123"
"382","207564","20220712103000","190","3","嘉義縣","大林鎮","120.495","23.585","366"
"38","207576","20220712103000","161","0","嘉義縣","大林鎮","120.475","23.590","49"
"275","207578","20220712103000","231","1","嘉義縣","大林鎮","120.465","23.595","265"
"690","207585","20220712103000","584","1","嘉義縣","大林鎮","120.505","23.590","687"
"46","207587","20220712103000","472","0","嘉義縣","大林鎮","120.515","23.590","28"
"113","207592","20220712103000","426","0","嘉義縣","大林鎮","120.505","23.595","102"
"65","207596","20220712103000","24","3","嘉義縣","大林鎮","120.505","23.600","75"
"1227","207602","20220712103000","1263","0","嘉義縣","大林鎮","120.455","23.595","1256"
"684","207604","20220712103000","1046","0","嘉義縣","大林鎮","120.455","23.600","734"
"1104","207605","20220712103000","1093","1","嘉義縣","大林鎮","120.460","23.600","1220"
"133","207606","20220712103000","100","2","嘉義縣","大林鎮","120.460","23.605","162"
"191","207613","20220712103000","261","0","嘉義縣","大林鎮","120.445","23.610","191"
"59","207617","20220712103000","436","0","嘉義縣","大林鎮","120.445","23.595","56"
"1366","207626","20220712103000","1354","1","嘉義縣","大林鎮","120.455","23.605","1324"
"372","207628","20220712103000","1510","0","雲林縣","水林鄉","120.240","23.570","392"
"20","207629","20220712103000","11","3","雲林縣","水林鄉","120.245","23.570","23"
"757","207634","20220712103000","514","2","雲林縣","水林鄉","120.250","23.575","797"
"24","207650","20220712103000","13","3","雲林縣","水林鄉","120.265","23.535","24"
"359","207670","20220712103000","183","3","嘉義縣","溪口鄉","120.395","23.600","394"
"169","207674","20220712103000","85","3","嘉義縣","梅山鄉","120.575","23.560","168"
"153","207675","20220712103000","187","0","嘉義縣","梅山鄉","120.580","23.560","134"
"669","207684","20220712103000","853","0","嘉義縣","梅山鄉","120.565","23.575","646"
"99","207691","20220712103000","70","2","嘉義縣","梅山鄉","120.580","23.580","89"
"199","207701","20220712103000","71","3","嘉義縣","梅山鄉","120.600","23.565","194"
"52","207703","20220712103000","70","0","嘉義縣","梅山鄉","120.580","23.570","41"
"316","207707","20220712103000","129","3","嘉義縣","梅山鄉","120.595","23.570","285"
"148","207721","20220712103000","87","3","嘉義縣","梅山鄉","120.600","23.575","131"
"39","207724","20220712103000","31","2","嘉義縣","梅山鄉","120.615","23.580","57"
"278","207727","20220712103000","351","0","嘉義縣","梅山鄉","120.555","23.545","270"
"45","207736","20220712103000","47","0","嘉義縣","梅山鄉","120.545","23.555","50"
"74","207753","20220712103000","45","3","嘉義縣","梅山鄉","120.715","23.535","73"
"64","207756","20220712103000","118","0","嘉義縣","梅山鄉","120.730","23.535","57"
"307","207761","20220712103000","214","2","嘉義縣","梅山鄉","120.710","23.540","290"
"190","207793","20220712103000","146","2","嘉義縣","梅山鄉","120.740","23.555","160"
"141","207860","20220712103000","108","2","雲林縣","古坑鄉","120.695","23.580","126"
"155","207910","20220712103000","115","2","雲林縣","古坑鄉","120.690","23.595","183"
"50","207945","20220712103000","57","0","雲林縣","古坑鄉","120.710","23.605","52"
"26","207962","20220712103000","25","1","雲林縣","古坑鄉","120.575","23.595","30"
"25","207964","20220712103000","13","3","雲林縣","古坑鄉","120.585","23.595","33"
"361","207970","20220712103000","118","3","雲林縣","古坑鄉","120.590","23.585","428"
"176","207983","20220712103000","119","2","雲林縣","古坑鄉","120.595","23.595","194"
"91","207985","20220712103000","37","3","雲林縣","古坑鄉","120.585","23.600","68"
"388","207988","20220712103000","299","2","雲林縣","口湖鄉","120.165","23.535","410"
"763","208006","20220712103000","816","0","雲林縣","口湖鄉","120.185","23.585","742"
"185","208021","20220712103000","69","3","嘉義縣","梅山鄉","120.625","23.570","177"
"197","208025","20220712103000","156","2","嘉義縣","梅山鄉","120.625","23.575","159"
"209","208030","20220712103000","221","0","嘉義縣","新港鄉","120.310","23.570","324"
"377","208049","20220712103000","295","2","雲林縣","口湖鄉","120.160","23.560","253"
"14","208052","20220712103000","13","1","雲林縣","口湖鄉","120.180","23.550","20"
"65","208080","20220712103000","175","0","雲林縣","口湖鄉","120.150","23.580","64"
"108","208091","20220712103000","14","3","雲林縣","口湖鄉","120.140","23.585","102"
"421","208131","20220712103000","272","3","嘉義縣","民雄鄉","120.410","23.570","454"
"426","208146","20220712103000","371","1","雲林縣","大埤鄉","120.370","23.610","401"
"653","208152","20220712103000","648","1","嘉義縣","梅山鄉","120.560","23.580","686"
"252","208158","20220712103000","149","3","嘉義縣","梅山鄉","120.560","23.565","273"
"161","208165","20220712103000","181","0","嘉義縣","梅山鄉","120.555","23.575","172"
"115","208171","20220712103000","133","0","嘉義縣","梅山鄉","120.680","23.535","115"
"176","208176","20220712103000","181","0","嘉義縣","梅山鄉","120.665","23.540","174"
"192","208180","20220712103000","113","3","嘉義縣","梅山鄉","120.685","23.540","179"
"252","208200","20220712103000","308","0","嘉義縣","梅山鄉","120.665","23.550","258"
"76","208203","20220712103000","62","2","嘉義縣","梅山鄉","120.680","23.550","89"
"180","208265","20220712103000","139","2","嘉義縣","梅山鄉","120.530","23.580","179"
"68","208273","20220712103000","146","0","嘉義縣","梅山鄉","120.535","23.590","76"
"223","208301","20220712103000","139","3","嘉義縣","梅山鄉","120.525","23.550","252"
"105","208303","20220712103000","105","1","嘉義縣","梅山鄉","120.535","23.550","133"
"363","208323","20220712103000","260","2","嘉義縣","民雄鄉","120.465","23.555","446"
"829","208324","20220712103000","1072","0","嘉義縣","民雄鄉","120.470","23.555","935"
"101","208325","20220712103000","76","2","嘉義縣","民雄鄉","120.475","23.555","119"
"47","208326","20220712103000","31","3","嘉義縣","民雄鄉","120.480","23.555","47"
"385","208328","20220712103000","786","0","嘉義縣","民雄鄉","120.470","23.560","425"
"854","208329","20220712103000","1699","0","嘉義縣","民雄鄉","120.475","23.560","853"
"231","208332","20220712103000","608","0","嘉義縣","民雄鄉","120.475","23.565","184"
"83","208340","20220712103000","75","1","嘉義縣","民雄鄉","120.410","23.545","84"
"605","208347","20220712103000","280","3","嘉義縣","民雄鄉","120.400","23.535","556"
"64","208352","20220712103000","341","0","嘉義縣","民雄鄉","120.460","23.535","72"
"281","208357","20220712103000","180","3","嘉義縣","民雄鄉","120.460","23.545","317"
"1162","208359","20220712103000","1195","0","嘉義縣","民雄鄉","120.425","23.560","1226"
"25","208360","20220712103000","40","0","嘉義縣","民雄鄉","120.430","23.560","24"
"42","208363","20220712103000","248","0","嘉義縣","民雄鄉","120.425","23.570","38"
"94","208371","20220712103000","203","0","嘉義縣","民雄鄉","120.430","23.575","68"
"375","208380","20220712103000","133","3","嘉義縣","民雄鄉","120.390","23.545","343"
"389","208390","20220712103000","465","0","嘉義縣","民雄鄉","120.420","23.540","419"
"234","208392","20220712103000","474","0","嘉義縣","民雄鄉","120.430","23.540","232"
"232","208407","20220712103000","138","3","雲林縣","口湖鄉","120.175","23.570","210"
"359","208415","20220712103000","254","2","雲林縣","口湖鄉","120.190","23.575","375"
"11","208438","20220712103000","109","0","雲林縣","口湖鄉","120.160","23.600","12"
"550","208452","20220712103000","522","1","嘉義縣","溪口鄉","120.430","23.585","494"
"56","208454","20220712103000","302","0","嘉義縣","溪口鄉","120.440","23.585","20"
"412","208468","20220712103000","385","1","嘉義縣","溪口鄉","120.385","23.595","405"
"217","208486","20220712103000","178","2","嘉義縣","溪口鄉","120.390","23.605","212"
"528","208497","20220712103000","558","0","嘉義縣","六腳鄉","120.300","23.560","562"
"379","208503","20220712103000","512","0","嘉義縣","六腳鄉","120.290","23.535","409"
"884","208508","20220712103000","391","3","雲林縣","口湖鄉","120.180","23.585","805"
"313","208528","20220712103000","218","2","雲林縣","口湖鄉","120.140","23.550","348"
"598","208546","20220712103000","329","3","雲林縣","口湖鄉","120.150","23.565","816"
"199","208554","20220712103000","164","2","雲林縣","水林鄉","120.270","23.565","226"
"1149","208568","20220712103000","735","3","雲林縣","口湖鄉","120.190","23.545","1125"
"357","208573","20220712103000","296","2","雲林縣","北港鎮","120.285","23.610","360"
"1297","208589","20220712103000","1589","0","雲林縣","北港鎮","120.300","23.570","1248"
"749","208590","20220712103000","918","0","雲林縣","北港鎮","120.300","23.575","897"
"80","208617","20220712103000","351","0","雲林縣","水林鄉","120.220","23.560","62"
"400","208629","20220712103000","220","3","雲林縣","水林鄉","120.205","23.575","393"
"15","208633","20220712103000","15","1","雲林縣","水林鄉","120.225","23.535","11"
"424","208638","20220712103000","257","3","雲林縣","水林鄉","120.230","23.540","357"
"161","208647","20220712103000","324","0","雲林縣","水林鄉","120.250","23.550","189"
"171","208695","20220712103000","84","3","嘉義縣","竹崎鄉","120.555","23.540","190"
"169","208704","20220712103000","67","3","嘉義縣","竹崎鄉","120.560","23.540","176"
"66","208793","20220712103000","75","0","嘉義縣","阿里山鄉","120.750","23.570","67"
"56","208821","20220712103000","44","2","嘉義縣","阿里山鄉","120.750","23.580","53"
"35","208866","20220712103000","27","2","嘉義縣","阿里山鄉","120.750","23.590","37"
"71","209129","20220712103000","92","0","澎湖縣","湖西鄉","119.625","23.605","80"
"183","209899","20220712103000","94","3","澎湖縣","白沙鄉","119.570","23.615","236"
"65","209905","20220712103000","214","0","澎湖縣","白沙鄉","119.605","23.615","66"
"92","210790","20220712103000","30","3","花蓮縣","豐濱鄉","121.535","23.635","96"
"103","210927","20220712103000","149","0","澎湖縣","西嶼鄉","119.530","23.635","120"
"221","210940","20220712103000","234","0","澎湖縣","白沙鄉","119.600","23.635","247"
"45","211725","20220712103000","53","0","澎湖縣","白沙鄉","119.630","23.650","123"
"494","212241","20220712103000","285","3","澎湖縣","白沙鄉","119.655","23.660","542"
"727","212745","20220712103000","494","2","澎湖縣","白沙鄉","119.595","23.665","781"
"35","212746","20220712103000","136","0","澎湖縣","白沙鄉","119.600","23.665","39"
"22","213441","20220712103000","114","0","澎湖縣","白沙鄉","119.555","23.655","27"
"89","213442","20220712103000","30","3","澎湖縣","白沙鄉","119.555","23.660","61"
"67","213444","20220712103000","187","0","澎湖縣","白沙鄉","119.590","23.655","65"
"59","213447","20220712103000","56","1","澎湖縣","白沙鄉","119.600","23.650","60"
"383","213454","20220712103000","100","3","澎湖縣","白沙鄉","119.560","23.660","367"
"172","213465","20220712103000","155","1","澎湖縣","白沙鄉","119.595","23.650","158"
"14","213478","20220712103000","40","0","澎湖縣","西嶼鄉","119.520","23.605","40"
"117","213491","20220712103000","110","1","澎湖縣","西嶼鄉","119.510","23.615","124"
"149","213509","20220712103000","209","0","澎湖縣","西嶼鄉","119.515","23.630","149"
"145","213516","20220712103000","124","1","澎湖縣","西嶼鄉","119.515","23.650","108"
"395","213554","20220712103000","357","1","花蓮縣","光復鄉","121.430","23.675","378"
"182","213627","20220712103000","150","2","花蓮縣","光復鄉","121.420","23.660","225"
"325","213652","20220712103000","415","0","花蓮縣","光復鄉","121.420","23.670","446"
"88","213675","20220712103000","77","1","花蓮縣","光復鄉","121.415","23.680","90"
"82","213820","20220712103000","57","2","花蓮縣","光復鄉","121.430","23.635","97"
"13","213864","20220712103000","119","0","雲林縣","四湖鄉","120.185","23.650","14"
"79","214398","20220712103000","78","1","花蓮縣","豐濱鄉","121.540","23.655","123"
"64","214415","20220712103000","63","1","花蓮縣","豐濱鄉","121.545","23.670","66"
"93","214424","20220712103000","56","3","花蓮縣","豐濱鄉","121.530","23.680","76"
"72","214495","20220712103000","49","2","花蓮縣","豐濱鄉","121.485","23.640","70"
"37","214506","20220712103000","142","0","雲林縣","四湖鄉","120.180","23.650","21"
"142","214521","20220712103000","29","3","雲林縣","四湖鄉","120.185","23.660","152"
"258","214544","20220712103000","174","2","雲林縣","四湖鄉","120.275","23.650","224"
"469","214550","20220712103000","224","3","雲林縣","元長鄉","120.275","23.660","494"
"381","214565","20220712103000","207","3","雲林縣","四湖鄉","120.200","23.640","366"
"83","214566","20220712103000","97","0","雲林縣","四湖鄉","120.205","23.640","43"
"578","214578","20220712103000","409","2","雲林縣","四湖鄉","120.220","23.615","571"
"74","214580","20220712103000","172","0","雲林縣","四湖鄉","120.170","23.640","51"
"216","214640","20220712103000","119","3","花蓮縣","光復鄉","121.450","23.655","197"
"217","214665","20220712103000","260","0","花蓮縣","光復鄉","121.405","23.625","216"
"123","214678","20220712103000","185","0","花蓮縣","光復鄉","121.415","23.645","147"
"33","214691","20220712103000","48","0","花蓮縣","光復鄉","121.415","23.655","32"
"25","214697","20220712103000","14","3","花蓮縣","光復鄉","121.410","23.660","48"
"322","214701","20220712103000","190","3","花蓮縣","光復鄉","121.430","23.665","279"
"422","214703","20220712103000","425","0","花蓮縣","光復鄉","121.425","23.670","397"
"694","214705","20220712103000","586","1","花蓮縣","光復鄉","121.420","23.665","696"
"210","214706","20220712103000","157","2","花蓮縣","光復鄉","121.425","23.665","187"
"419","214707","20220712103000","341","2","花蓮縣","光復鄉","121.450","23.660","433"
"289","214728","20220712103000","168","3","雲林縣","元長鄉","120.315","23.675","287"
"32","214731","20220712103000","113","0","雲林縣","元長鄉","120.310","23.680","17"
"43","214762","20220712103000","28","3","雲林縣","元長鄉","120.285","23.640","49"
"328","214797","20220712103000","361","0","雲林縣","元長鄉","120.375","23.645","358"
"204","214824","20220712103000","84","3","雲林縣","東勢鄉","120.260","23.665","221"
"85","214826","20220712103000","275","0","雲林縣","東勢鄉","120.250","23.670","74"
"26","214842","20220712103000","150","0","雲林縣","四湖鄉","120.150","23.625","18"
"55","214846","20220712103000","97","0","雲林縣","口湖鄉","120.155","23.630","56"
"413","214854","20220712103000","261","3","雲林縣","斗南鎮","120.440","23.685","406"
"712","214857","20220712103000","484","2","雲林縣","斗南鎮","120.485","23.685","595"
"164","214861","20220712103000","68","3","雲林縣","斗南鎮","120.490","23.640","164"
"439","214868","20220712103000","264","3","雲林縣","斗南鎮","120.430","23.670","415"
"334","214876","20220712103000","211","3","雲林縣","斗南鎮","120.445","23.675","319"
"1030","214886","20220712103000","838","2","雲林縣","斗南鎮","120.475","23.665","1090"
"28","214887","20220712103000","215","0","雲林縣","大埤鄉","120.455","23.670","26"
"342","214890","20220712103000","272","2","雲林縣","斗南鎮","120.470","23.670","301"
"2053","214891","20220712103000","1774","1","雲林縣","斗南鎮","120.475","23.670","2136"
"515","214896","20220712103000","436","1","雲林縣","斗南鎮","120.470","23.675","485"
"246","214922","20220712103000","324","0","南投縣","鹿谷鄉","120.790","23.670","189"
"474","214931","20220712103000","404","1","南投縣","鹿谷鄉","120.790","23.675","380"
"716","214932","20220712103000","442","3","南投縣","鹿谷鄉","120.800","23.670","603"
"142","214936","20220712103000","137","1","南投縣","鹿谷鄉","120.795","23.675","147"
"345","214937","20220712103000","238","2","南投縣","鹿谷鄉","120.800","23.675","242"
"275","214940","20220712103000","159","3","南投縣","鹿谷鄉","120.795","23.680","253"
"388","214967","20220712103000","473","0","雲林縣","斗南鎮","120.485","23.640","503"
"248","214975","20220712103000","184","2","雲林縣","斗南鎮","120.480","23.665","298"
"479","214978","20220712103000","179","3","雲林縣","斗南鎮","120.485","23.670","436"
"166","215001","20220712103000","357","0","雲林縣","土庫鎮","120.390","23.665","160"
"589","215006","20220712103000","589","1","雲林縣","土庫鎮","120.380","23.675","634"
"1432","215009","20220712103000","880","3","雲林縣","土庫鎮","120.390","23.680","1472"
"32","215011","20220712103000","55","0","雲林縣","土庫鎮","120.385","23.685","33"
"153","215012","20220712103000","179","0","雲林縣","土庫鎮","120.390","23.685","183"
"204","215013","20220712103000","152","2","雲林縣","土庫鎮","120.365","23.660","238"
"187","215017","20220712103000","242","0","雲林縣","土庫鎮","120.370","23.665","229"
"147","215022","20220712103000","183","0","雲林縣","土庫鎮","120.375","23.670","173"
"393","215044","20220712103000","308","2","雲林縣","元長鄉","120.335","23.615","375"
"324","215049","20220712103000","342","0","雲林縣","元長鄉","120.335","23.620","357"
"20","215053","20220712103000","151","0","雲林縣","元長鄉","120.280","23.655","20"
"48","215072","20220712103000","58","0","雲林縣","元長鄉","120.350","23.615","46"
"275","215075","20220712103000","233","1","雲林縣","元長鄉","120.340","23.635","283"
"107","215100","20220712103000","204","0","雲林縣","元長鄉","120.330","23.660","93"
"765","215115","20220712103000","238","3","雲林縣","口湖鄉","120.165","23.615","693"
"196","215539","20220712103000","173","1","南投縣","信義鄉","120.865","23.625","193"
"171","215550","20220712103000","68","3","南投縣","信義鄉","120.895","23.630","154"
"187","215558","20220712103000","168","1","南投縣","信義鄉","120.880","23.635","217"
"252","215647","20220712103000","197","2","南投縣","信義鄉","120.860","23.665","235"
"40","215656","20220712103000","36","1","南投縣","信義鄉","120.855","23.670","43"
"380","216356","20220712103000","242","3","雲林縣","北港鎮","120.295","23.615","355"
"27","216361","20220712103000","18","3","雲林縣","斗南鎮","120.485","23.675","34"
"89","216367","20220712103000","53","3","雲林縣","斗南鎮","120.500","23.680","63"
"30","216370","20220712103000","272","0","雲林縣","斗南鎮","120.480","23.650","46"
"79","216372","20220712103000","60","2","雲林縣","斗南鎮","120.490","23.650","78"
"465","216377","20220712103000","333","2","雲林縣","斗南鎮","120.475","23.660","501"
"14","216386","20220712103000","16","0","雲林縣","元長鄉","120.335","23.630","17"
"174","216394","20220712103000","142","2","雲林縣","元長鄉","120.355","23.620","199"
"736","216409","20220712103000","601","2","雲林縣","元長鄉","120.360","23.640","741"
"73","216416","20220712103000","49","2","雲林縣","水林鄉","120.250","23.615","69"
"1166","216421","20220712103000","636","3","雲林縣","斗南鎮","120.480","23.675","1045"
"132","216424","20220712103000","101","2","雲林縣","斗南鎮","120.480","23.670","155"
"11","216438","20220712103000","13","0","雲林縣","斗六市","120.525","23.670","14"
"133","216439","20220712103000","62","3","雲林縣","斗六市","120.530","23.670","126"
"31","216451","20220712103000","27","1","雲林縣","斗六市","120.625","23.685","48"
"82","216459","20220712103000","282","0","雲林縣","土庫鎮","120.345","23.665","68"
"86","216478","20220712103000","75","1","雲林縣","水林鄉","120.260","23.620","94"
"159","216482","20220712103000","147","1","雲林縣","水林鄉","120.265","23.625","152"
"664","216488","20220712103000","364","3","雲林縣","斗南鎮","120.470","23.680","598"
"567","216489","20220712103000","707","0","雲林縣","斗南鎮","120.475","23.680","600"
"1501","216490","20220712103000","1282","1","雲林縣","斗南鎮","120.480","23.680","1466"
"88","216498","20220712103000","235","0","雲林縣","斗南鎮","120.515","23.645","100"
"297","216500","20220712103000","164","3","雲林縣","斗南鎮","120.505","23.650","390"
"709","216517","20220712103000","369","3","雲林縣","古坑鄉","120.540","23.660","651"
"416","216519","20220712103000","197","3","雲林縣","斗六市","120.525","23.665","439"
"107","216526","20220712103000","181","0","雲林縣","斗南鎮","120.465","23.685","123"
"20","216534","20220712103000","165","0","雲林縣","斗南鎮","120.535","23.650","11"
"365","216543","20220712103000","219","3","雲林縣","斗南鎮","120.505","23.665","422"
"11","216544","20220712103000","57","0","雲林縣","斗南鎮","120.495","23.670","17"
"224","216579","20220712103000","130","3","雲林縣","土庫鎮","120.345","23.660","250"
"316","216583","20220712103000","1174","0","雲林縣","土庫鎮","120.390","23.675","301"
"476","216589","20220712103000","345","2","雲林縣","土庫鎮","120.355","23.685","452"
"59","216593","20220712103000","58","1","雲林縣","北港鎮","120.270","23.615","70"
"151","216595","20220712103000","291","0","雲林縣","大埤鄉","120.465","23.635","174"
"118","216597","20220712103000","307","0","雲林縣","大埤鄉","120.465","23.640","133"
"118","216607","20220712103000","216","0","雲林縣","大埤鄉","120.450","23.650","121"
"1318","216617","20220712103000","1725","0","南投縣","信義鄉","120.810","23.665","1143"
"160","216682","20220712103000","87","3","南投縣","信義鄉","120.865","23.640","166"
"56","216694","20220712103000","62","0","南投縣","信義鄉","120.875","23.660","76"
"49","216718","20220712103000","171","0","雲林縣","古坑鄉","120.565","23.625","43"
"213","216737","20220712103000","849","0","雲林縣","古坑鄉","120.565","23.640","236"
"47","216744","20220712103000","200","0","雲林縣","古坑鄉","120.575","23.645","35"
"26","216747","20220712103000","92","0","雲林縣","古坑鄉","120.585","23.645","19"
"158","216754","20220712103000","462","0","雲林縣","古坑鄉","120.550","23.610","165"
"48","216766","20220712103000","158","0","雲林縣","古坑鄉","120.540","23.620","42"
"13","216791","20220712103000","31","0","雲林縣","古坑鄉","120.605","23.670","18"
"51","216800","20220712103000","203","0","雲林縣","古坑鄉","120.590","23.685","64"
"502","216807","20220712103000","296","3","雲林縣","古坑鄉","120.565","23.645","477"
"39","216821","20220712103000","20","3","雲林縣","古坑鄉","120.605","23.655","47"
"265","216832","20220712103000","251","1","雲林縣","古坑鄉","120.575","23.675","270"
"183","216841","20220712103000","501","0","雲林縣","古坑鄉","120.570","23.685","182"
"276","216889","20220712103000","172","3","雲林縣","古坑鄉","120.600","23.685","306"
"42","216891","20220712103000","190","0","雲林縣","古坑鄉","120.610","23.685","41"
"20","216893","20220712103000","32","0","雲林縣","古坑鄉","120.620","23.685","22"
"766","216901","20220712103000","273","3","雲林縣","古坑鄉","120.635","23.615","811"
"66","216906","20220712103000","66","1","雲林縣","古坑鄉","120.640","23.620","66"
"69","216928","20220712103000","321","0","雲林縣","古坑鄉","120.560","23.670","70"
"67","216932","20220712103000","91","0","雲林縣","古坑鄉","120.570","23.610","71"
"79","216938","20220712103000","58","2","雲林縣","古坑鄉","120.575","23.615","88"
"324","216939","20220712103000","120","3","雲林縣","古坑鄉","120.580","23.615","268"
"159","216944","20220712103000","487","0","雲林縣","古坑鄉","120.560","23.620","176"
"311","216948","20220712103000","157","3","雲林縣","古坑鄉","120.580","23.620","195"
"449","216990","20220712103000","494","0","嘉義縣","大林鎮","120.470","23.620","496"
"31","217001","20220712103000","75","0","嘉義縣","大林鎮","120.495","23.620","29"
"28","217013","20220712103000","164","0","嘉義縣","大林鎮","120.500","23.625","31"
"42","217022","20220712103000","27","3","嘉義縣","大林鎮","120.490","23.615","32"
"28","217030","20220712103000","200","0","嘉義縣","大林鎮","120.420","23.615","28"
"781","217035","20220712103000","641","2","嘉義縣","大林鎮","120.435","23.620","668"
"81","217047","20220712103000","548","0","嘉義縣","大林鎮","120.460","23.620","107"
"93","217057","20220712103000","256","0","雲林縣","大埤鄉","120.395","23.625","123"
"67","217065","20220712103000","164","0","雲林縣","大埤鄉","120.380","23.620","84"
"60","217073","20220712103000","171","0","雲林縣","大埤鄉","120.425","23.665","60"
"117","217087","20220712103000","278","0","雲林縣","大埤鄉","120.470","23.655","136"
"154","217105","20220712103000","373","0","雲林縣","古坑鄉","120.555","23.625","178"
"253","217110","20220712103000","201","2","雲林縣","古坑鄉","120.555","23.630","213"
"25","217112","20220712103000","116","0","雲林縣","古坑鄉","120.550","23.640","28"
"26","217135","20220712103000","10","3","雲林縣","土庫鎮","120.395","23.680","35"
"22","217149","20220712103000","24","0","雲林縣","古坑鄉","120.710","23.610","29"
"50","217196","20220712103000","26","3","雲林縣","古坑鄉","120.590","23.650","48"
"74","217209","20220712103000","247","0","雲林縣","古坑鄉","120.575","23.665","73"
"1108","217221","20220712103000","344","3","雲林縣","古坑鄉","120.560","23.650","1037"
"90","217222","20220712103000","106","0","雲林縣","古坑鄉","120.560","23.655","97"
"33","217230","20220712103000","66","0","雲林縣","古坑鄉","120.515","23.625","31"
"166","217236","20220712103000","247","0","雲林縣","古坑鄉","120.525","23.630","162"
"64","217239","20220712103000","163","0","雲林縣","古坑鄉","120.520","23.635","52"
"68","217259","20220712103000","61","1","雲林縣","大埤鄉","120.420","23.625","96"
"63","217266","20220712103000","305","0","雲林縣","大埤鄉","120.420","23.635","63"
"473","217403","20220712103000","311","3","嘉義縣","溪口鄉","120.410","23.615","453"
"333","217423","20220712103000","71","3","雲林縣","大埤鄉","120.410","23.640","364"
"355","217432","20220712103000","881","0","雲林縣","大埤鄉","120.430","23.645","381"
"65","217442","20220712103000","144","0","雲林縣","大埤鄉","120.415","23.660","69"
"313","217449","20220712103000","93","3","雲林縣","東勢鄉","120.300","23.680","311"
"124","217458","20220712103000","258","0","雲林縣","東勢鄉","120.265","23.675","118"
"201","217463","20220712103000","374","0","雲林縣","東勢鄉","120.255","23.685","245"
"215","217467","20220712103000","755","0","雲林縣","東勢鄉","120.255","23.675","229"
"267","217468","20220712103000","69","3","雲林縣","東勢鄉","120.250","23.680","266"
"128","217492","20220712103000","206","0","雲林縣","四湖鄉","120.155","23.650","134"
"44","217496","20220712103000","41","1","雲林縣","四湖鄉","120.150","23.655","45"
"102","217497","20220712103000","114","0","雲林縣","四湖鄉","120.155","23.655","104"
"170","217526","20220712103000","85","3","雲林縣","元長鄉","120.320","23.615","176"
"18","217532","20220712103000","414","0","雲林縣","元長鄉","120.320","23.625","16"
"106","217546","20220712103000","53","3","雲林縣","四湖鄉","120.190","23.620","106"
"33","217550","20220712103000","102","0","雲林縣","四湖鄉","120.185","23.625","44"
"623","217561","20220712103000","618","1","雲林縣","四湖鄉","120.230","23.635","639"
"187","217585","20220712103000","143","2","雲林縣","斗六市","120.525","23.675","185"
"206","217589","20220712103000","101","3","雲林縣","斗六市","120.520","23.680","188"
"171","217593","20220712103000","600","0","雲林縣","斗六市","120.510","23.685","169"
"83","217594","20220712103000","177","0","雲林縣","斗六市","120.515","23.685","65"
"508","217597","20220712103000","172","3","雲林縣","斗南鎮","120.470","23.630","126"
"39","217604","20220712103000","29","2","雲林縣","斗南鎮","120.480","23.640","33"
"293","217605","20220712103000","92","3","雲林縣","四湖鄉","120.140","23.620","224"
"157","217610","20220712103000","52","3","雲林縣","四湖鄉","120.150","23.630","130"
"1107","217637","20220712103000","614","3","雲林縣","口湖鄉","120.160","23.610","1043"
"25","217641","20220712103000","169","0","雲林縣","元長鄉","120.310","23.615","18"
"611","217646","20220712103000","403","3","雲林縣","元長鄉","120.305","23.625","659"
"320","217654","20220712103000","161","3","雲林縣","元長鄉","120.325","23.655","378"
"498","217663","20220712103000","232","3","雲林縣","元長鄉","120.315","23.640","479"
"590","217673","20220712103000","1532","0","雲林縣","元長鄉","120.315","23.650","592"
"61","217674","20220712103000","78","0","雲林縣","元長鄉","120.300","23.655","63"
"247","217701","20220712103000","463","0","雲林縣","斗六市","120.560","23.675","274"
"20","217703","20220712103000","55","0","雲林縣","斗六市","120.555","23.680","23"
"407","217705","20220712103000","221","3","雲林縣","古坑鄉","120.565","23.680","424"
"22","217707","20220712103000","157","0","雲林縣","斗六市","120.550","23.685","18"
"224","217711","20220712103000","549","0","雲林縣","斗六市","120.540","23.675","232"
"24","217712","20220712103000","87","0","雲林縣","斗六市","120.545","23.675","22"
"598","217716","20220712103000","366","3","雲林縣","斗六市","120.545","23.680","714"
"453","217718","20220712103000","378","1","雲林縣","斗六市","120.540","23.685","399"
"77","217728","20220712103000","374","0","雲林縣","大埤鄉","120.450","23.665","97"
"257","217747","20220712103000","147","3","雲林縣","四湖鄉","120.220","23.635","281"
"714","217753","20220712103000","427","3","雲林縣","四湖鄉","120.225","23.645","659"
"236","217774","20220712103000","450","0","雲林縣","四湖鄉","120.175","23.680","173"
"369","217781","20220712103000","118","3","雲林縣","口湖鄉","120.200","23.615","176"
"235","217799","20220712103000","151","3","雲林縣","四湖鄉","120.215","23.635","214"
"932","217801","20220712103000","654","2","雲林縣","四湖鄉","120.225","23.635","902"
"59","217817","20220712103000","135","0","雲林縣","虎尾鎮","120.405","23.680","82"
"75","217819","20220712103000","213","0","雲林縣","虎尾鎮","120.415","23.680","88"
"568","217821","20220712103000","414","2","雲林縣","虎尾鎮","120.410","23.685","571"
"146","217830","20220712103000","83","3","南投縣","竹山鎮","120.660","23.670","162"
"237","217842","20220712103000","646","0","雲林縣","大埤鄉","120.450","23.630","250"
"51","217845","20220712103000","276","0","雲林縣","大埤鄉","120.465","23.630","87"
"59","217877","20220712103000","149","0","雲林縣","大埤鄉","120.395","23.650","60"
"370","217883","20220712103000","145","3","雲林縣","大埤鄉","120.400","23.655","365"
"64","217899","20220712103000","136","0","南投縣","竹山鎮","120.670","23.670","80"
"39","217987","20220712103000","57","0","南投縣","竹山鎮","120.805","23.620","55"
"119","218026","20220712103000","220","0","南投縣","竹山鎮","120.800","23.625","101"
"250","218047","20220712103000","171","2","南投縣","竹山鎮","120.795","23.630","224"
"38","218070","20220712103000","22","3","南投縣","竹山鎮","120.795","23.635","30"
"201","218092","20220712103000","184","1","南投縣","竹山鎮","120.790","23.640","214"
"27","218138","20220712103000","32","0","南投縣","竹山鎮","120.795","23.650","19"
"428","218153","20220712103000","431","0","南投縣","竹山鎮","120.765","23.655","302"
"90","218168","20220712103000","105","0","南投縣","竹山鎮","120.745","23.660","106"
"34","218188","20220712103000","22","3","南投縣","鹿谷鄉","120.770","23.665","23"
"471","218218","20220712103000","877","0","南投縣","竹山鎮","120.760","23.675","465"
"73","218283","20220712103000","85","0","南投縣","竹山鎮","120.655","23.645","83"
"162","218348","20220712103000","105","3","南投縣","竹山鎮","120.665","23.650","181"
"137","218364","20220712103000","88","3","南投縣","竹山鎮","120.665","23.660","146"
"747","218380","20220712103000","269","3","雲林縣","台西鄉","120.210","23.675","724"
"14","218386","20220712103000","150","0","雲林縣","台西鄉","120.225","23.680","33"
"96","218399","20220712103000","233","0","雲林縣","台西鄉","120.180","23.680","92"
"99","218413","20220712103000","164","0","雲林縣","台西鄉","120.210","23.665","118"
"74","219194","20220712103000","32","3","花蓮縣","豐濱鄉","121.555","23.695","70"
"12","221071","20220712103000","23","0","花蓮縣","豐濱鄉","121.560","23.725","16"
"368","222539","20220712103000","331","1","澎湖縣","白沙鄉","119.610","23.750","397"
"91","223443","20220712103000","47","3","澎湖縣","白沙鄉","119.610","23.745","78"
"871","223474","20220712103000","560","3","花蓮縣","鳳林鎮","121.445","23.745","852"
"88","223481","20220712103000","38","3","花蓮縣","鳳林鎮","121.445","23.750","86"
"137","223503","20220712103000","144","0","花蓮縣","光復鄉","121.410","23.685","153"
"20","223515","20220712103000","15","2","花蓮縣","光復鄉","121.485","23.690","29"
"24","223582","20220712103000","14","3","花蓮縣","壽豐鄉","121.560","23.755","29"
"240","223610","20220712103000","225","1","雲林縣","二崙鄉","120.420","23.755","268"
"35","223616","20220712103000","54","0","雲林縣","二崙鄉","120.425","23.755","51"
"152","223971","20220712103000","81","3","花蓮縣","鳳林鎮","121.455","23.745","165"
"223","223986","20220712103000","180","2","花蓮縣","鳳林鎮","121.465","23.755","193"
"311","224005","20220712103000","213","2","花蓮縣","鳳林鎮","121.505","23.710","310"
"68","224077","20220712103000","50","2","花蓮縣","鳳林鎮","121.500","23.760","61"
"84","224149","20220712103000","62","2","花蓮縣","鳳林鎮","121.410","23.700","74"
"385","224179","20220712103000","486","0","花蓮縣","鳳林鎮","121.420","23.710","373"
"93","224210","20220712103000","87","1","花蓮縣","萬榮鄉","121.395","23.715","45"
"112","224212","20220712103000","83","2","花蓮縣","萬榮鄉","121.405","23.715","69"
"514","224231","20220712103000","302","3","花蓮縣","鳳林鎮","121.450","23.750","516"
"356","224245","20220712103000","290","2","花蓮縣","鳳林鎮","121.440","23.725","349"
"864","224262","20220712103000","1055","0","花蓮縣","鳳林鎮","121.450","23.745","815"
"573","224270","20220712103000","347","3","雲林縣","土庫鎮","120.365","23.705","636"
"95","224272","20220712103000","200","0","雲林縣","土庫鎮","120.365","23.710","100"
"32","224301","20220712103000","56","0","雲林縣","二崙鄉","120.410","23.750","23"
"475","224303","20220712103000","390","2","雲林縣","二崙鄉","120.410","23.755","533"
"288","224441","20220712103000","104","3","花蓮縣","萬榮鄉","121.400","23.705","286"
"249","224591","20220712103000","230","1","花蓮縣","鳳林鎮","121.450","23.760","267"
"53","224657","20220712103000","23","3","花蓮縣","豐濱鄉","121.550","23.710","75"
"103","224688","20220712103000","66","3","花蓮縣","豐濱鄉","121.560","23.730","111"
"40","224707","20220712103000","103","0","雲林縣","二崙鄉","120.395","23.750","49"
"37","224725","20220712103000","52","0","雲林縣","元長鄉","120.330","23.690","50"
"295","224731","20220712103000","270","1","雲林縣","斗六市","120.565","23.730","317"
"771","224732","20220712103000","556","2","雲林縣","斗六市","120.555","23.735","843"
"17","224733","20220712103000","20","0","雲林縣","斗六市","120.560","23.735","15"
"402","224734","20220712103000","227","3","雲林縣","斗六市","120.565","23.735","448"
"446","224735","20220712103000","384","1","雲林縣","斗六市","120.550","23.740","471"
"44","224737","20220712103000","39","1","雲林縣","斗六市","120.560","23.740","53"
"198","224742","20220712103000","195","1","雲林縣","斗六市","120.560","23.745","207"
"515","224761","20220712103000","401","2","雲林縣","褒忠鄉","120.280","23.705","553"
"304","224763","20220712103000","179","3","雲林縣","東勢鄉","120.270","23.710","346"
"261","224805","20220712103000","161","3","雲林縣","東勢鄉","120.255","23.735","265"
"194","224806","20220712103000","137","2","雲林縣","斗南鎮","120.485","23.690","183"
"214","224834","20220712103000","201","1","南投縣","鹿谷鄉","120.795","23.690","208"
"164","224863","20220712103000","130","2","南投縣","鹿谷鄉","120.780","23.720","149"
"232","224872","20220712103000","164","2","南投縣","鹿谷鄉","120.745","23.760","250"
"139","224873","20220712103000","111","2","南投縣","鹿谷鄉","120.725","23.765","134"
"381","224875","20220712103000","373","1","南投縣","鹿谷鄉","120.735","23.765","371"
"347","224896","20220712103000","330","1","南投縣","鹿谷鄉","120.780","23.705","319"
"32","224917","20220712103000","127","0","雲林縣","土庫鎮","120.365","23.730","34"
"328","224920","20220712103000","254","2","雲林縣","土庫鎮","120.385","23.690","317"
"557","224923","20220712103000","259","3","雲林縣","土庫鎮","120.390","23.695","529"
"70","224936","20220712103000","266","0","南投縣","鹿谷鄉","120.770","23.730","61"
"271","224950","20220712103000","316","0","南投縣","鹿谷鄉","120.760","23.740","356"
"448","224951","20220712103000","329","2","南投縣","鹿谷鄉","120.765","23.740","394"
"242","224973","20220712103000","796","0","南投縣","鹿谷鄉","120.775","23.750","267"
"348","225062","20220712103000","317","1","南投縣","鹿谷鄉","120.755","23.725","396"
"14","225085","20220712103000","19","0","南投縣","鹿谷鄉","120.740","23.730","12"
"60","225138","20220712103000","86","0","南投縣","鹿谷鄉","120.820","23.720","68"
"426","225159","20220712103000","393","1","南投縣","鹿谷鄉","120.790","23.730","430"
"398","225192","20220712103000","384","1","南投縣","鹿谷鄉","120.755","23.745","342"
"791","225195","20220712103000","472","3","南投縣","鹿谷鄉","120.755","23.750","690"
"175","225196","20220712103000","133","2","南投縣","鹿谷鄉","120.745","23.755","155"
"1209","225206","20220712103000","1011","1","雲林縣","麥寮鄉","120.185","23.760","1226"
"582","225208","20220712103000","580","1","雲林縣","麥寮鄉","120.175","23.765","589"
"614","225215","20220712103000","565","1","雲林縣","斗六市","120.575","23.725","552"
"306","225247","20220712103000","272","1","南投縣","信義鄉","120.850","23.695","322"
"308","225254","20220712103000","227","2","南投縣","信義鄉","120.885","23.695","313"
"200","225259","20220712103000","139","2","南投縣","信義鄉","120.850","23.700","165"
"220","225307","20220712103000","154","2","南投縣","信義鄉","120.850","23.685","197"
"110","225309","20220712103000","88","2","南投縣","信義鄉","120.850","23.690","90"
"250","225972","20220712103000","180","2","雲林縣","斗南鎮","120.500","23.690","234"
"799","225977","20220712103000","696","1","雲林縣","斗南鎮","120.480","23.700","939"
"277","225978","20220712103000","249","1","雲林縣","斗南鎮","120.485","23.700","340"
"206","225980","20220712103000","267","0","雲林縣","斗南鎮","120.495","23.700","234"
"12","225985","20220712103000","16","0","雲林縣","斗南鎮","120.485","23.710","15"
"89","225991","20220712103000","312","0","雲林縣","斗六市","120.500","23.710","90"
"262","226020","20220712103000","138","3","南投縣","水里鄉","120.855","23.730","267"
"2143","226032","20220712103000","887","3","雲林縣","斗六市","120.535","23.700","1818"
"1453","226033","20220712103000","474","3","雲林縣","斗六市","120.540","23.705","1235"
"888","226034","20220712103000","671","2","雲林縣","斗六市","120.555","23.710","780"
"970","226037","20220712103000","1078","0","雲林縣","斗六市","120.555","23.715","1031"
"3363","226039","20220712103000","2489","2","雲林縣","斗六市","120.525","23.695","3482"
"790","226040","20220712103000","646","2","雲林縣","斗六市","120.530","23.695","829"
"410","226041","20220712103000","627","0","雲林縣","斗六市","120.530","23.700","356"
"2611","226042","20220712103000","1236","3","雲林縣","斗六市","120.535","23.705","3003"
"166","226047","20220712103000","110","3","雲林縣","斗六市","120.560","23.725","136"
"364","226050","20220712103000","332","1","雲林縣","斗六市","120.530","23.730","350"
"86","226056","20220712103000","270","0","雲林縣","斗六市","120.530","23.735","97"
"29","226057","20220712103000","32","0","雲林縣","斗六市","120.535","23.735","43"
"221","226058","20220712103000","220","1","雲林縣","斗六市","120.540","23.735","254"
"577","226062","20220712103000","479","2","雲林縣","斗六市","120.540","23.740","578"
"52","226065","20220712103000","34","3","雲林縣","斗六市","120.505","23.690","42"
"25","226070","20220712103000","19","2","雲林縣","斗六市","120.505","23.700","26"
"191","226075","20220712103000","207","0","雲林縣","斗六市","120.510","23.705","207"
"509","226079","20220712103000","372","2","雲林縣","斗六市","120.525","23.690","515"
"136","226080","20220712103000","452","0","雲林縣","斗六市","120.530","23.690","134"
"703","226081","20220712103000","856","0","雲林縣","斗六市","120.535","23.690","693"
"20","226082","20220712103000","505","0","雲林縣","斗六市","120.535","23.695","24"
"1455","226083","20220712103000","884","3","雲林縣","斗六市","120.595","23.710","1329"
"12","226085","20220712103000","158","0","雲林縣","斗六市","120.585","23.715","12"
"21","226086","20220712103000","77","0","雲林縣","斗六市","120.590","23.715","22"
"1001","226091","20220712103000","983","1","雲林縣","斗六市","120.595","23.715","1077"
"67","226098","20220712103000","189","0","雲林縣","斗六市","120.625","23.695","79"
"269","226124","20220712103000","188","2","雲林縣","斗六市","120.600","23.715","250"
"19","226125","20220712103000","20","0","雲林縣","斗六市","120.610","23.715","19"
"2241","226137","20220712103000","1612","2","雲林縣","斗六市","120.540","23.700","2123"
"379","226143","20220712103000","370","1","雲林縣","斗六市","120.505","23.715","323"
"419","226146","20220712103000","337","2","雲林縣","斗六市","120.525","23.715","390"
"941","226149","20220712103000","785","1","雲林縣","斗六市","120.505","23.720","972"
"393","226151","20220712103000","344","1","雲林縣","斗六市","120.515","23.720","392"
"489","226153","20220712103000","509","0","雲林縣","斗六市","120.525","23.720","629"
"1348","226159","20220712103000","1112","2","雲林縣","斗六市","120.520","23.725","1255"
"290","226168","20220712103000","813","0","雲林縣","土庫鎮","120.355","23.705","274"
"31","226173","20220712103000","490","0","雲林縣","斗南鎮","120.475","23.690","34"
"303","226174","20220712103000","249","2","雲林縣","斗南鎮","120.480","23.690","305"
"360","226175","20220712103000","371","0","雲林縣","斗南鎮","120.465","23.695","461"
"150","226182","20220712103000","105","2","雲林縣","崙背鄉","120.345","23.755","172"
"100","226190","20220712103000","323","0","雲林縣","崙背鄉","120.305","23.755","91"
"235","226206","20220712103000","122","3","雲林縣","土庫鎮","120.345","23.695","226"
"93","226232","20220712103000","337","0","南投縣","水里鄉","120.845","23.745","89"
"158","226253","20220712103000","58","3","南投縣","水里鄉","120.855","23.765","134"
"12","226258","20220712103000","40","0","雲林縣","虎尾鎮","120.460","23.700","14"
"367","226259","20220712103000","262","2","雲林縣","虎尾鎮","120.445","23.705","381"
"332","226261","20220712103000","324","1","雲林縣","虎尾鎮","120.455","23.705","359"
"1203","226263","20220712103000","968","2","雲林縣","虎尾鎮","120.450","23.710","1101"
"624","226265","20220712103000","425","2","雲林縣","虎尾鎮","120.445","23.710","630"
"246","226266","20220712103000","190","2","雲林縣","虎尾鎮","120.450","23.715","272"
"262","226267","20220712103000","195","2","雲林縣","虎尾鎮","120.415","23.715","282"
"453","226268","20220712103000","285","3","雲林縣","虎尾鎮","120.420","23.715","495"
"355","226277","20220712103000","304","1","雲林縣","虎尾鎮","120.420","23.725","365"
"1519","226286","20220712103000","1272","1","雲林縣","虎尾鎮","120.425","23.735","1378"
"447","226287","20220712103000","411","1","雲林縣","虎尾鎮","120.415","23.740","445"
"368","226291","20220712103000","427","0","雲林縣","斗六市","120.575","23.715","488"
"356","226293","20220712103000","429","0","雲林縣","斗六市","120.580","23.720","353"
"1279","226294","20220712103000","1236","1","雲林縣","斗六市","120.585","23.720","1150"
"859","226298","20220712103000","881","0","雲林縣","斗六市","120.585","23.725","802"
"55","226299","20220712103000","206","0","雲林縣","斗六市","120.590","23.725","53"
"210","226300","20220712103000","234","0","雲林縣","斗六市","120.595","23.725","290"
"385","226302","20220712103000","298","2","雲林縣","斗六市","120.590","23.730","531"
"148","226669","20220712103000","431","0","雲林縣","崙背鄉","120.380","23.750","173"
"48","226674","20220712103000","104","0","雲林縣","崙背鄉","120.385","23.755","13"
"378","226678","20220712103000","138","3","雲林縣","崙背鄉","120.375","23.760","346"
"419","226684","20220712103000","257","3","雲林縣","斗六市","120.560","23.695","472"
"143","226686","20220712103000","91","3","雲林縣","斗六市","120.555","23.700","148"
"210","226687","20220712103000","117","3","雲林縣","斗六市","120.560","23.700","227"
"365","226689","20220712103000","231","3","雲林縣","斗六市","120.560","23.705","352"
"383","226695","20220712103000","504","0","雲林縣","斗六市","120.575","23.700","410"
"67","226701","20220712103000","236","0","雲林縣","斗六市","120.605","23.700","82"
"14","226707","20220712103000","10","2","雲林縣","斗六市","120.600","23.705","20"
"1294","226714","20220712103000","738","3","雲林縣","虎尾鎮","120.430","23.715","1236"
"434","226715","20220712103000","551","0","雲林縣","虎尾鎮","120.440","23.715","368"
"25","226718","20220712103000","57","0","雲林縣","斗六市","120.570","23.690","29"
"117","226726","20220712103000","64","3","雲林縣","古坑鄉","120.605","23.695","119"
"246","226731","20220712103000","224","1","雲林縣","虎尾鎮","120.400","23.715","188"
"70","226733","20220712103000","297","0","雲林縣","虎尾鎮","120.410","23.715","61"
"328","226737","20220712103000","338","0","雲林縣","虎尾鎮","120.445","23.715","377"
"99","226738","20220712103000","68","2","雲林縣","虎尾鎮","120.445","23.720","106"
"449","226739","20220712103000","400","1","雲林縣","虎尾鎮","120.450","23.720","506"
"448","226749","20220712103000","268","3","雲林縣","東勢鄉","120.250","23.715","447"
"487","226761","20220712103000","409","1","雲林縣","莿桐鄉","120.500","23.750","902"
"625","226763","20220712103000","273","3","雲林縣","莿桐鄉","120.510","23.750","617"
"321","226767","20220712103000","974","0","雲林縣","莿桐鄉","120.500","23.760","230"
"89","226768","20220712103000","357","0","雲林縣","莿桐鄉","120.505","23.760","83"
"46","226770","20220712103000","19","3","雲林縣","莿桐鄉","120.500","23.765","53"
"213","226788","20220712103000","184","1","雲林縣","虎尾鎮","120.405","23.700","266"
"280","226802","20220712103000","238","1","雲林縣","虎尾鎮","120.460","23.710","297"
"61","226804","20220712103000","60","1","雲林縣","虎尾鎮","120.470","23.710","87"
"495","226807","20220712103000","549","0","雲林縣","虎尾鎮","120.470","23.715","526"
"190","226810","20220712103000","110","3","雲林縣","虎尾鎮","120.460","23.715","214"
"284","226820","20220712103000","157","3","雲林縣","東勢鄉","120.245","23.690","260"
"40","226824","20220712103000","131","0","雲林縣","斗六市","120.600","23.725","55"
"246","226828","20220712103000","228","1","雲林縣","林內鄉","120.595","23.735","217"
"124","226841","20220712103000","661","0","雲林縣","林內鄉","120.595","23.750","122"
"59","226857","20220712103000","218","0","雲林縣","林內鄉","120.635","23.755","52"
"1002","226870","20220712103000","875","1","雲林縣","林內鄉","120.610","23.755","1050"
"373","226877","20220712103000","223","3","雲林縣","林內鄉","120.615","23.765","373"
"110","226880","20220712103000","367","0","雲林縣","林內鄉","120.620","23.765","117"
"467","226886","20220712103000","335","2","雲林縣","林內鄉","120.615","23.760","450"
"44","226903","20220712103000","57","0","雲林縣","林內鄉","120.620","23.745","38"
"23","226920","20220712103000","128","0","雲林縣","林內鄉","120.625","23.720","16"
"156","226924","20220712103000","101","3","雲林縣","林內鄉","120.610","23.725","143"
"81","226957","20220712103000","352","0","雲林縣","林內鄉","120.590","23.760","87"
"1340","226964","20220712103000","1626","0","雲林縣","斗六市","120.555","23.705","1380"
"1634","226965","20220712103000","759","3","雲林縣","斗六市","120.530","23.715","1845"
"630","226966","20220712103000","320","3","雲林縣","斗六市","120.535","23.710","624"
"1001","226967","20220712103000","974","1","雲林縣","斗六市","120.535","23.715","1040"
"61","227221","20220712103000","23","3","雲林縣","斗六市","120.545","23.720","94"
"124","227224","20220712103000","158","0","雲林縣","斗六市","120.540","23.725","123"
"50","227240","20220712103000","145","0","雲林縣","東勢鄉","120.270","23.705","61"
"51","227244","20220712103000","158","0","雲林縣","東勢鄉","120.285","23.690","15"
"422","227262","20220712103000","210","3","雲林縣","東勢鄉","120.250","23.705","383"
"139","227268","20220712103000","93","2","雲林縣","西螺鎮","120.460","23.760","175"
"1784","227273","20220712103000","859","3","雲林縣","斗六市","120.545","23.715","1761"
"74","227274","20220712103000","66","1","雲林縣","斗六市","120.565","23.710","85"
"799","227276","20220712103000","716","1","雲林縣","斗六市","120.565","23.715","862"
"198","227279","20220712103000","161","2","雲林縣","斗六市","120.560","23.715","168"
"564","227280","20220712103000","443","2","雲林縣","斗六市","120.565","23.720","522"
"109","227287","20220712103000","331","0","雲林縣","土庫鎮","120.345","23.705","98"
"171","227301","20220712103000","100","3","雲林縣","斗六市","120.520","23.695","218"
"23","227302","20220712103000","34","0","雲林縣","斗六市","120.520","23.700","27"
"227","227303","20220712103000","334","0","雲林縣","斗六市","120.525","23.700","191"
"15","227305","20220712103000","78","0","雲林縣","斗六市","120.525","23.705","13"
"72","227306","20220712103000","1177","0","雲林縣","斗六市","120.530","23.705","89"
"26","227309","20220712103000","46","0","雲林縣","斗六市","120.525","23.710","31"
"394","227316","20220712103000","375","1","雲林縣","斗六市","120.515","23.715","428"
"47","227320","20220712103000","105","0","雲林縣","斗六市","120.565","23.695","45"
"1497","227328","20220712103000","1779","0","雲林縣","斗六市","120.540","23.710","1488"
"868","227329","20220712103000","513","3","雲林縣","斗六市","120.540","23.715","865"
"716","227330","20220712103000","610","1","雲林縣","斗六市","120.550","23.715","681"
"23","227339","20220712103000","279","0","雲林縣","斗六市","120.565","23.750","29"
"3022","227348","20220712103000","3070","0","雲林縣","斗六市","120.545","23.710","3193"
"419","227349","20220712103000","1210","0","雲林縣","斗六市","120.540","23.690","487"
"198","227350","20220712103000","1039","0","雲林縣","斗六市","120.550","23.710","222"
"416","227351","20220712103000","114","3","雲林縣","崙背鄉","120.360","23.755","389"
"111","227355","20220712103000","212","0","雲林縣","崙背鄉","120.370","23.755","112"
"799","227359","20220712103000","766","1","雲林縣","崙背鄉","120.350","23.760","856"
"143","227365","20220712103000","132","1","雲林縣","崙背鄉","120.330","23.750","140"
"622","227373","20220712103000","200","3","雲林縣","崙背鄉","120.315","23.755","559"
"33","227383","20220712103000","141","0","雲林縣","崙背鄉","120.335","23.760","57"
"209","227395","20220712103000","178","1","雲林縣","西螺鎮","120.435","23.755","182"
"237","227444","20220712103000","596","0","雲林縣","台西鄉","120.200","23.715","263"
"107","227446","20220712103000","58","3","雲林縣","台西鄉","120.210","23.715","106"
"452","227476","20220712103000","1328","0","雲林縣","台西鄉","120.200","23.700","456"
"317","227502","20220712103000","653","0","南投縣","竹山鎮","120.695","23.760","401"
"281","227503","20220712103000","428","0","南投縣","竹山鎮","120.685","23.765","296"
"51","227504","20220712103000","81","0","南投縣","竹山鎮","120.690","23.765","76"
"231","227505","20220712103000","213","1","南投縣","竹山鎮","120.695","23.765","273"
"60","227537","20220712103000","83","0","南投縣","竹山鎮","120.725","23.755","69"
"19","227540","20220712103000","34","0","南投縣","竹山鎮","120.710","23.760","25"
"150","227544","20220712103000","115","2","雲林縣","莿桐鄉","120.525","23.735","171"
"98","227559","20220712103000","495","0","雲林縣","莿桐鄉","120.505","23.730","98"
"37","227564","20220712103000","226","0","雲林縣","莿桐鄉","120.515","23.735","49"
"80","227570","20220712103000","265","0","雲林縣","莿桐鄉","120.515","23.740","70"
"47","227577","20220712103000","124","0","雲林縣","莿桐鄉","120.490","23.760","22"
"29","227580","20220712103000","49","0","雲林縣","虎尾鎮","120.435","23.715","29"
"356","227581","20220712103000","277","2","雲林縣","虎尾鎮","120.435","23.720","360"
"250","227585","20220712103000","152","3","雲林縣","虎尾鎮","120.435","23.735","338"
"371","227588","20220712103000","192","3","雲林縣","虎尾鎮","120.435","23.690","445"
"343","227593","20220712103000","384","0","雲林縣","虎尾鎮","120.435","23.695","376"
"101","227603","20220712103000","318","0","雲林縣","土庫鎮","120.375","23.705","85"
"320","227604","20220712103000","130","3","雲林縣","虎尾鎮","120.380","23.705","302"
"478","227632","20220712103000","219","3","雲林縣","褒忠鄉","120.340","23.735","450"
"642","227636","20220712103000","533","2","南投縣","竹山鎮","120.680","23.750","756"
"510","227637","20220712103000","440","1","南投縣","竹山鎮","120.675","23.755","611"
"2615","227638","20220712103000","2282","1","南投縣","竹山鎮","120.680","23.755","2551"
"86","227639","20220712103000","83","1","南投縣","竹山鎮","120.685","23.755","89"
"54","227640","20220712103000","431","0","雲林縣","虎尾鎮","120.420","23.700","57"
"227","227642","20220712103000","138","3","雲林縣","虎尾鎮","120.420","23.705","233"
"375","227645","20220712103000","343","1","雲林縣","虎尾鎮","120.420","23.710","447"
"3542","227647","20220712103000","2704","2","雲林縣","虎尾鎮","120.435","23.710","3368"
"227","227655","20220712103000","173","2","雲林縣","褒忠鄉","120.310","23.720","203"
"216","227684","20220712103000","215","1","雲林縣","虎尾鎮","120.405","23.725","305"
"394","227697","20220712103000","126","3","雲林縣","虎尾鎮","120.395","23.735","348"
"398","227698","20220712103000","352","1","雲林縣","虎尾鎮","120.400","23.735","365"
"489","227706","20220712103000","389","2","雲林縣","虎尾鎮","120.405","23.740","466"
"1204","227716","20220712103000","1290","0","雲林縣","虎尾鎮","120.430","23.705","1162"
"660","227717","20220712103000","552","1","雲林縣","虎尾鎮","120.435","23.705","610"
"219","227722","20220712103000","150","2","雲林縣","崙背鄉","120.345","23.750","202"
"410","227728","20220712103000","613","0","雲林縣","崙背鄉","120.350","23.750","418"
"79","227730","20220712103000","427","0","雲林縣","崙背鄉","120.350","23.755","77"
"146","227733","20220712103000","137","1","雲林縣","虎尾鎮","120.400","23.710","139"
"423","227738","20220712103000","387","1","雲林縣","虎尾鎮","120.430","23.710","544"
"327","227741","20220712103000","252","2","雲林縣","斗南鎮","120.485","23.720","339"
"15","227744","20220712103000","17","0","雲林縣","虎尾鎮","120.485","23.725","14"
"507","227745","20220712103000","257","3","雲林縣","虎尾鎮","120.490","23.725","467"
"187","227748","20220712103000","135","2","雲林縣","虎尾鎮","120.480","23.730","222"
"1020","227763","20220712103000","533","3","雲林縣","虎尾鎮","120.440","23.710","950"
"161","227766","20220712103000","492","0","雲林縣","虎尾鎮","120.390","23.705","85"
"376","227798","20220712103000","544","0","南投縣","竹山鎮","120.710","23.765","381"
"773","227807","20220712103000","607","2","南投縣","竹山鎮","120.700","23.765","697"
"150","227808","20220712103000","156","0","南投縣","竹山鎮","120.705","23.765","193"
"474","227840","20220712103000","495","0","南投縣","竹山鎮","120.685","23.760","469"
"252","227841","20220712103000","195","2","南投縣","竹山鎮","120.670","23.760","279"
"171","227842","20220712103000","504","0","南投縣","竹山鎮","120.675","23.760","181"
"275","227852","20220712103000","133","3","南投縣","竹山鎮","120.650","23.705","242"
"37","227871","20220712103000","79","0","南投縣","竹山鎮","120.655","23.720","41"
"16","227880","20220712103000","607","0","雲林縣","崙背鄉","120.355","23.760","19"
"428","227882","20220712103000","569","0","雲林縣","虎尾鎮","120.430","23.700","454"
"967","227894","20220712103000","527","3","雲林縣","虎尾鎮","120.460","23.725","933"
"386","227907","20220712103000","203","3","雲林縣","虎尾鎮","120.465","23.740","434"
"2414","227921","20220712103000","1846","2","雲林縣","褒忠鄉","120.315","23.695","2427"
"92","227938","20220712103000","115","0","南投縣","竹山鎮","120.715","23.695","161"
"24","227947","20220712103000","41","0","南投縣","竹山鎮","120.715","23.705","33"
"20","227979","20220712103000","38","0","南投縣","竹山鎮","120.700","23.705","18"
"490","228012","20220712103000","305","3","雲林縣","褒忠鄉","120.285","23.700","448"
"866","228016","20220712103000","644","2","雲林縣","褒忠鄉","120.315","23.710","880"
"207","228047","20220712103000","115","3","南投縣","竹山鎮","120.665","23.755","196"
"626","228051","20220712103000","446","2","南投縣","竹山鎮","120.665","23.760","545"
"802","228091","20220712103000","295","3","雲林縣","台西鄉","120.215","23.740","796"
"271","228138","20220712103000","299","0","雲林縣","崙背鄉","120.295","23.760","315"
"39","228142","20220712103000","221","0","雲林縣","虎尾鎮","120.440","23.720","48"
"579","228151","20220712103000","154","3","雲林縣","麥寮鄉","120.260","23.750","615"
"524","228157","20220712103000","388","2","雲林縣","麥寮鄉","120.255","23.760","444"
"2188","228161","20220712103000","1287","3","雲林縣","斗六市","120.545","23.705","2160"
"340","228162","20220712103000","314","1","雲林縣","斗六市","120.550","23.705","288"
"19","228176","20220712103000","302","0","南投縣","竹山鎮","120.665","23.740","19"
"129","228194","20220712103000","116","1","南投縣","竹山鎮","120.705","23.745","121"
"40","228199","20220712103000","22","3","南投縣","竹山鎮","120.700","23.750","42"
"451","228200","20220712103000","257","3","南投縣","竹山鎮","120.690","23.755","479"
"47","228205","20220712103000","49","0","南投縣","竹山鎮","120.680","23.745","62"
"157","228207","20220712103000","143","1","南投縣","竹山鎮","120.675","23.750","153"
"195","228209","20220712103000","421","0","雲林縣","台西鄉","120.210","23.720","243"
"1470","228228","20220712103000","690","3","雲林縣","台西鄉","120.220","23.720","1393"
"33","228231","20220712103000","14","3","雲林縣","台西鄉","120.215","23.700","33"
"199","228245","20220712103000","354","0","雲林縣","台西鄉","120.190","23.700","196"
"66","228266","20220712103000","144","0","雲林縣","麥寮鄉","120.260","23.745","52"
"1621","228271","20220712103000","450","3","雲林縣","麥寮鄉","120.250","23.750","1747"
"2126","228272","20220712103000","1525","2","雲林縣","麥寮鄉","120.255","23.750","2027"
"387","228274","20220712103000","232","3","雲林縣","麥寮鄉","120.265","23.750","427"
"89","228278","20220712103000","450","0","雲林縣","莿桐鄉","120.480","23.745","68"
"1189","228283","20220712103000","956","2","雲林縣","西螺鎮","120.465","23.755","1049"
"232","228312","20220712103000","747","0","雲林縣","麥寮鄉","120.240","23.750","235"
"184","228321","20220712103000","135","2","雲林縣","台西鄉","120.220","23.750","189"
"367","228335","20220712103000","263","2","雲林縣","虎尾鎮","120.420","23.690","370"
"209","228337","20220712103000","168","2","雲林縣","虎尾鎮","120.425","23.695","199"
"2242","228338","20220712103000","1869","1","雲林縣","虎尾鎮","120.425","23.700","2133"
"47","228340","20220712103000","461","0","雲林縣","虎尾鎮","120.425","23.710","33"
"42","228375","20220712103000","77","0","南投縣","竹山鎮","120.665","23.725","64"
"35","228395","20220712103000","89","0","南投縣","竹山鎮","120.690","23.725","46"
"183","228399","20220712103000","100","3","南投縣","竹山鎮","120.710","23.725","232"
"32","228402","20220712103000","117","0","南投縣","竹山鎮","120.690","23.730","21"
"214","228415","20220712103000","903","0","南投縣","竹山鎮","120.680","23.760","239"
"633","228711","20220712103000","576","1","雲林縣","麥寮鄉","120.170","23.770","658"
"618","230307","20220712103000","826","0","雲林縣","麥寮鄉","120.180","23.795","564"
"67","232186","20220712103000","25","3","花蓮縣","壽豐鄉","121.585","23.825","60"
"142","233034","20220712103000","101","2","花蓮縣","壽豐鄉","121.565","23.780","154"
"18","233064","20220712103000","11","3","花蓮縣","壽豐鄉","121.570","23.800","21"
"12","233083","20220712103000","13","0","花蓮縣","壽豐鄉","121.570","23.810","12"
"112","233104","20220712103000","57","3","花蓮縣","壽豐鄉","121.460","23.810","126"
"374","233119","20220712103000","250","2","花蓮縣","壽豐鄉","121.475","23.815","390"
"245","233140","20220712103000","158","3","花蓮縣","壽豐鄉","121.480","23.825","225"
"703","233238","20220712103000","563","2","花蓮縣","壽豐鄉","121.515","23.840","719"
"31","233277","20220712103000","20","3","花蓮縣","壽豐鄉","121.590","23.840","26"
"66","233282","20220712103000","96","0","雲林縣","二崙鄉","120.420","23.815","65"
"34","234003","20220712103000","19","3","花蓮縣","鳳林鎮","121.475","23.795","23"
"199","234014","20220712103000","152","2","花蓮縣","鳳林鎮","121.455","23.800","211"
"195","234015","20220712103000","102","3","花蓮縣","鳳林鎮","121.460","23.800","147"
"48","234031","20220712103000","33","2","花蓮縣","鳳林鎮","121.465","23.805","51"
"377","234042","20220712103000","253","2","花蓮縣","萬榮鄉","121.445","23.810","289"
"1096","234074","20220712103000","1276","0","雲林縣","二崙鄉","120.415","23.770","1053"
"37","234106","20220712103000","139","0","雲林縣","二崙鄉","120.410","23.815","50"
"77","234119","20220712103000","12","3","雲林縣","二崙鄉","120.415","23.795","77"
"105","234120","20220712103000","305","0","雲林縣","二崙鄉","120.420","23.795","91"
"476","234127","20220712103000","317","3","雲林縣","二崙鄉","120.385","23.795","491"
"299","234130","20220712103000","230","2","雲林縣","二崙鄉","120.380","23.800","326"
"468","234162","20220712103000","193","3","雲林縣","二崙鄉","120.395","23.820","488"
"280","234274","20220712103000","146","3","花蓮縣","鳳林鎮","121.460","23.780","269"
"173","234277","20220712103000","88","3","花蓮縣","鳳林鎮","121.460","23.785","89"
"98","234283","20220712103000","353","0","雲林縣","二崙鄉","120.410","23.805","89"
"41","234324","20220712103000","120","0","雲林縣","二崙鄉","120.395","23.765","41"
"460","234338","20220712103000","361","2","雲林縣","二崙鄉","120.365","23.805","432"
"296","234373","20220712103000","134","3","雲林縣","二崙鄉","120.375","23.795","263"
"202","234386","20220712103000","536","0","雲林縣","二崙鄉","120.395","23.790","207"
"881","234401","20220712103000","439","3","雲林縣","西螺鎮","120.470","23.795","880"
"281","234404","20220712103000","268","1","雲林縣","西螺鎮","120.470","23.800","274"
"276","234406","20220712103000","227","2","雲林縣","西螺鎮","120.480","23.800","451"
"1776","234413","20220712103000","947","3","雲林縣","西螺鎮","120.450","23.785","1681"
"369","234424","20220712103000","231","3","雲林縣","麥寮鄉","120.270","23.770","347"
"629","234432","20220712103000","283","3","雲林縣","麥寮鄉","120.265","23.780","610"
"143","234453","20220712103000","17","3","雲林縣","麥寮鄉","120.235","23.790","152"
"100","234454","20220712103000","355","0","雲林縣","麥寮鄉","120.240","23.790","171"
"2007","234481","20220712103000","1310","3","南投縣","水里鄉","120.855","23.815","1951"
"167","234482","20220712103000","86","3","南投縣","水里鄉","120.860","23.815","190"
"20","234513","20220712103000","226","0","雲林縣","西螺鎮","120.485","23.785","21"
"349","234539","20220712103000","211","3","雲林縣","西螺鎮","120.450","23.775","349"
"1328","234540","20220712103000","751","3","雲林縣","西螺鎮","120.445","23.780","1221"
"28","234570","20220712103000","27","1","南投縣","鹿谷鄉","120.740","23.775","25"
"310","234591","20220712103000","182","3","南投縣","水里鄉","120.845","23.820","333"
"202","234630","20220712103000","193","1","南投縣","水里鄉","120.930","23.795","193"
"217","234678","20220712103000","738","0","南投縣","水里鄉","120.850","23.815","236"
"220","234703","20220712103000","181","2","南投縣","水里鄉","120.845","23.775","253"
"420","234721","20220712103000","307","2","彰化縣","溪州鄉","120.515","23.815","422"
"200","234765","20220712103000","88","3","南投縣","鹿谷鄉","120.785","23.790","223"
"21","234802","20220712103000","133","0","南投縣","鹿谷鄉","120.785","23.805","21"
"54","234826","20220712103000","42","2","南投縣","鹿谷鄉","120.785","23.765","65"
"69","234843","20220712103000","72","0","南投縣","鹿谷鄉","120.775","23.775","84"
"156","234859","20220712103000","70","3","南投縣","鹿谷鄉","120.775","23.785","155"
"387","234881","20220712103000","335","1","雲林縣","麥寮鄉","120.195","23.775","380"
"490","234888","20220712103000","420","1","雲林縣","麥寮鄉","120.180","23.785","491"
"364","234892","20220712103000","479","0","雲林縣","麥寮鄉","120.200","23.785","352"
"777","234900","20220712103000","702","1","雲林縣","麥寮鄉","120.205","23.790","757"
"1454","234906","20220712103000","705","3","雲林縣","麥寮鄉","120.260","23.790","1495"
"2474","234915","20220712103000","1855","2","雲林縣","麥寮鄉","120.220","23.795","2375"
"633","234934","20220712103000","211","3","雲林縣","麥寮鄉","120.230","23.795","623"
"1208","234937","20220712103000","551","3","雲林縣","麥寮鄉","120.245","23.795","1227"
"108","234945","20220712103000","99","1","雲林縣","麥寮鄉","120.190","23.800","122"
"490","234949","20220712103000","348","2","雲林縣","麥寮鄉","120.210","23.800","465"
"1417","234952","20220712103000","1180","2","雲林縣","麥寮鄉","120.225","23.800","1453"
"299","234961","20220712103000","178","3","雲林縣","麥寮鄉","120.270","23.800","293"
"334","234965","20220712103000","328","1","雲林縣","麥寮鄉","120.195","23.805","333"
"538","234967","20220712103000","871","0","雲林縣","麥寮鄉","120.205","23.805","563"
"684","234997","20220712103000","908","0","雲林縣","麥寮鄉","120.215","23.815","677"
"15","235080","20220712103000","98","0","南投縣","信義鄉","120.940","23.820","15"
"25","235214","20220712103000","32","0","南投縣","信義鄉","120.980","23.785","35"
"102","235228","20220712103000","226","0","雲林縣","崙背鄉","120.350","23.775","104"
"267","235235","20220712103000","98","3","雲林縣","崙背鄉","120.345","23.785","245"
"27","235239","20220712103000","247","0","雲林縣","崙背鄉","120.350","23.790","18"
"860","235274","20220712103000","790","1","南投縣","水里鄉","120.850","23.810","824"
"328","235297","20220712103000","301","1","彰化縣","溪州鄉","120.505","23.815","426"
"758","235309","20220712103000","682","1","彰化縣","溪州鄉","120.540","23.830","780"
"565","235350","20220712103000","410","2","彰化縣","溪州鄉","120.490","23.830","678"
"255","235352","20220712103000","251","1","彰化縣","溪州鄉","120.475","23.835","271"
"428","235362","20220712103000","324","2","彰化縣","溪州鄉","120.480","23.845","516"
"160","235370","20220712103000","223","0","彰化縣","溪州鄉","120.500","23.840","178"
"464","235385","20220712103000","269","3","雲林縣","崙背鄉","120.325","23.780","416"
"197","235403","20220712103000","62","3","南投縣","水里鄉","120.855","23.795","89"
"382","235405","20220712103000","178","3","南投縣","水里鄉","120.865","23.795","295"
"508","235409","20220712103000","537","0","南投縣","水里鄉","120.860","23.800","477"
"104","235459","20220712103000","467","0","南投縣","水里鄉","120.825","23.810","58"
"46","235490","20220712103000","286","0","南投縣","水里鄉","120.865","23.835","33"
"132","235505","20220712103000","56","3","南投縣","水里鄉","120.870","23.845","180"
"84","235509","20220712103000","314","0","南投縣","名間鄉","120.635","23.835","91"
"529","235515","20220712103000","424","2","南投縣","名間鄉","120.705","23.820","598"
"260","235521","20220712103000","213","2","南投縣","名間鄉","120.715","23.830","202"
"1319","235523","20220712103000","1159","1","南投縣","名間鄉","120.705","23.835","1246"
"139","235527","20220712103000","107","2","南投縣","名間鄉","120.725","23.835","159"
"218","235539","20220712103000","167","2","南投縣","名間鄉","120.665","23.820","220"
"532","235555","20220712103000","335","3","南投縣","集集鎮","120.795","23.825","519"
"118","235556","20220712103000","347","0","南投縣","集集鎮","120.795","23.830","134"
"65","235703","20220712103000","55","1","南投縣","信義鄉","120.915","23.785","52"
"207","235812","20220712103000","206","1","南投縣","信義鄉","120.940","23.795","221"
"44","236275","20220712103000","188","0","南投縣","名間鄉","120.660","23.835","33"
"570","236286","20220712103000","274","3","南投縣","名間鄉","120.655","23.845","379"
"94","236299","20220712103000","74","2","南投縣","名間鄉","120.695","23.810","54"
"157","236318","20220712103000","56","3","彰化縣","二水鄉","120.635","23.830","185"
"547","236322","20220712103000","370","2","南投縣","名間鄉","120.630","23.840","534"
"268","236329","20220712103000","221","2","彰化縣","溪州鄉","120.515","23.830","306"
"123","236334","20220712103000","78","3","彰化縣","溪州鄉","120.520","23.835","125"
"196","236374","20220712103000","137","2","彰化縣","溪州鄉","120.580","23.820","202"
"269","236389","20220712103000","237","1","彰化縣","溪州鄉","120.470","23.830","248"
"287","236394","20220712103000","282","1","南投縣","名間鄉","120.695","23.835","235"
"626","236405","20220712103000","497","2","南投縣","名間鄉","120.700","23.835","738"
"74","236406","20220712103000","41","3","彰化縣","二水鄉","120.650","23.810","94"
"43","236410","20220712103000","202","0","南投縣","名間鄉","120.645","23.820","62"
"218","236415","20220712103000","93","3","南投縣","名間鄉","120.655","23.830","215"
"626","236419","20220712103000","173","3","彰化縣","大城鄉","120.345","23.845","558"
"292","236421","20220712103000","205","2","彰化縣","大城鄉","120.300","23.840","296"
"370","236449","20220712103000","264","2","彰化縣","溪州鄉","120.565","23.815","387"
"280","236455","20220712103000","208","2","彰化縣","溪州鄉","120.560","23.830","288"
"57","236462","20220712103000","266","0","雲林縣","莿桐鄉","120.540","23.765","65"
"354","236463","20220712103000","207","3","雲林縣","莿桐鄉","120.530","23.770","349"
"32","236470","20220712103000","181","0","南投縣","名間鄉","120.630","23.845","24"
"128","236472","20220712103000","103","2","南投縣","名間鄉","120.640","23.845","147"
"308","236479","20220712103000","229","2","南投縣","名間鄉","120.690","23.845","352"
"284","236481","20220712103000","322","0","南投縣","名間鄉","120.700","23.845","340"
"726","236492","20220712103000","482","3","雲林縣","林內鄉","120.610","23.770","767"
"179","236494","20220712103000","168","1","雲林縣","林內鄉","120.610","23.775","178"
"150","236509","20220712103000","462","0","雲林縣","林內鄉","120.625","23.775","155"
"124","236557","20220712103000","245","0","南投縣","集集鎮","120.800","23.825","116"
"27","236558","20220712103000","189","0","南投縣","集集鎮","120.805","23.825","35"
"562","236563","20220712103000","202","3","南投縣","集集鎮","120.765","23.820","609"
"52","236573","20220712103000","88","0","南投縣","集集鎮","120.770","23.845","56"
"274","236578","20220712103000","293","0","南投縣","集集鎮","120.815","23.825","286"
"422","236593","20220712103000","988","0","南投縣","集集鎮","120.785","23.825","457"
"277","236635","20220712103000","189","2","彰化縣","大城鄉","120.350","23.835","272"
"335","236679","20220712103000","203","3","彰化縣","大城鄉","120.275","23.845","345"
"255","236695","20220712103000","151","3","南投縣","信義鄉","120.905","23.770","254"
"71","236721","20220712103000","436","0","彰化縣","二水鄉","120.615","23.810","90"
"1191","236741","20220712103000","191","3","雲林縣","莿桐鄉","120.500","23.780","1248"
"412","236758","20220712103000","269","3","彰化縣","二水鄉","120.630","23.830","441"
"347","236765","20220712103000","423","0","彰化縣","二水鄉","120.610","23.815","326"
"628","236771","20220712103000","358","3","彰化縣","二水鄉","120.635","23.795","649"
"19","236772","20220712103000","25","0","彰化縣","二水鄉","120.640","23.795","24"
"2675","236781","20220712103000","1436","3","雲林縣","西螺鎮","120.440","23.780","3107"
"417","236785","20220712103000","245","3","雲林縣","西螺鎮","120.430","23.790","392"
"725","236786","20220712103000","169","3","雲林縣","西螺鎮","120.435","23.790","718"
"38","236796","20220712103000","144","0","彰化縣","二水鄉","120.640","23.805","41"
"37","236801","20220712103000","264","0","彰化縣","二水鄉","120.605","23.825","38"
"380","236814","20220712103000","997","0","彰化縣","二水鄉","120.620","23.810","380"
"272","237024","20220712103000","328","0","雲林縣","莿桐鄉","120.515","23.775","269"
"340","237025","20220712103000","220","3","雲林縣","莿桐鄉","120.520","23.775","356"
"1197","237039","20220712103000","382","3","雲林縣","西螺鎮","120.435","23.800","1247"
"1100","237048","20220712103000","343","3","雲林縣","西螺鎮","120.440","23.810","1113"
"340","237053","20220712103000","235","2","雲林縣","西螺鎮","120.465","23.795","441"
"1329","237054","20220712103000","1089","2","雲林縣","西螺鎮","120.465","23.800","1546"
"15","237056","20220712103000","175","0","雲林縣","西螺鎮","120.465","23.765","15"
"1637","237062","20220712103000","969","3","雲林縣","西螺鎮","120.475","23.785","1473"
"273","237066","20220712103000","101","3","雲林縣","西螺鎮","120.475","23.765","319"
"64","237068","20220712103000","479","0","雲林縣","西螺鎮","120.460","23.795","75"
"1024","237069","20220712103000","1046","0","雲林縣","西螺鎮","120.460","23.800","1011"
"1660","237075","20220712103000","492","3","雲林縣","西螺鎮","120.440","23.800","1636"
"346","237076","20220712103000","194","3","雲林縣","西螺鎮","120.455","23.790","319"
"168","237078","20220712103000","1974","0","雲林縣","西螺鎮","120.455","23.800","203"
"23","237081","20220712103000","111","0","彰化縣","二水鄉","120.635","23.810","27"
"18","237089","20220712103000","14","2","彰化縣","二水鄉","120.640","23.800","11"
"50","237103","20220712103000","252","0","彰化縣","二水鄉","120.630","23.800","54"
"95","237115","20220712103000","58","3","彰化縣","二水鄉","120.655","23.800","88"
"400","237141","20220712103000","204","3","雲林縣","崙背鄉","120.325","23.795","383"
"164","237147","20220712103000","135","2","雲林縣","崙背鄉","120.340","23.800","178"
"100","237182","20220712103000","88","1","雲林縣","崙背鄉","120.310","23.790","104"
"140","237186","20220712103000","142","0","雲林縣","崙背鄉","120.305","23.795","157"
"32","237187","20220712103000","30","1","雲林縣","崙背鄉","120.310","23.795","42"
"918","237189","20220712103000","301","3","雲林縣","麥寮鄉","120.295","23.800","1003"
"78","237228","20220712103000","46","3","彰化縣","田中鎮","120.605","23.845","80"
"29","237236","20220712103000","32","0","彰化縣","溪州鄉","120.455","23.825","49"
"29","237241","20220712103000","201","0","彰化縣","竹塘鄉","120.445","23.835","17"
"608","237255","20220712103000","423","2","雲林縣","莿桐鄉","120.565","23.775","601"
"34","237256","20220712103000","195","0","雲林縣","莿桐鄉","120.570","23.775","31"
"283","237302","20220712103000","149","3","雲林縣","莿桐鄉","120.550","23.765","293"
"37","237358","20220712103000","167","0","南投縣","竹山鎮","120.680","23.770","39"
"139","237361","20220712103000","260","0","南投縣","竹山鎮","120.680","23.775","128"
"287","237386","20220712103000","268","1","南投縣","竹山鎮","120.650","23.770","324"
"229","237414","20220712103000","216","1","南投縣","竹山鎮","120.730","23.815","229"
"281","237424","20220712103000","295","0","南投縣","竹山鎮","120.715","23.765","254"
"539","237434","20220712103000","524","1","南投縣","竹山鎮","120.705","23.780","670"
"165","237436","20220712103000","153","1","南投縣","竹山鎮","120.715","23.780","183"
"389","237453","20220712103000","359","1","南投縣","竹山鎮","120.695","23.770","381"
"13","237456","20220712103000","60","0","南投縣","竹山鎮","120.695","23.775","12"
"24","237489","20220712103000","153","0","彰化縣","竹塘鄉","120.400","23.845","30"
"70","237498","20220712103000","389","0","雲林縣","麥寮鄉","120.240","23.770","89"
"184","237499","20220712103000","78","3","雲林縣","麥寮鄉","120.245","23.770","219"
"62","237516","20220712103000","262","0","雲林縣","崙背鄉","120.355","23.765","57"
"138","237531","20220712103000","80","3","南投縣","竹山鎮","120.750","23.815","118"
"784","237559","20220712103000","702","1","南投縣","竹山鎮","120.715","23.800","837"
"166","237593","20220712103000","145","1","南投縣","魚池鄉","120.895","23.835","147"
"183","237595","20220712103000","220","0","南投縣","魚池鄉","120.905","23.835","132"
"468","237603","20220712103000","447","1","南投縣","竹山鎮","120.715","23.805","430"
"244","237607","20220712103000","122","3","南投縣","竹山鎮","120.730","23.810","249"
"271","237611","20220712103000","290","0","南投縣","竹山鎮","120.725","23.810","283"
"313","237614","20220712103000","614","0","南投縣","竹山鎮","120.720","23.815","205"
"26","237626","20220712103000","13","3","南投縣","魚池鄉","120.915","23.835","28"
"27","237638","20220712103000","16","3","南投縣","魚池鄉","120.915","23.845","18"
"122","237670","20220712103000","106","1","南投縣","魚池鄉","120.885","23.820","112"
"423","237685","20220712103000","310","2","雲林縣","麥寮鄉","120.290","23.765","411"
"141","237741","20220712103000","89","3","南投縣","集集鎮","120.760","23.830","167"
"190","237745","20220712103000","214","0","南投縣","集集鎮","120.760","23.835","222"
"252","237775","20220712103000","147","3","南投縣","集集鎮","120.750","23.840","287"
"84","237785","20220712103000","206","0","南投縣","集集鎮","120.745","23.830","85"
"49","237788","20220712103000","35","2","南投縣","集集鎮","120.740","23.835","43"
"59","237801","20220712103000","208","0","南投縣","集集鎮","120.780","23.825","66"
"281","237819","20220712103000","108","3","雲林縣","莿桐鄉","120.505","23.765","273"
"274","237826","20220712103000","167","3","雲林縣","莿桐鄉","120.520","23.765","301"
"1253","237833","20220712103000","417","3","雲林縣","西螺鎮","120.480","23.770","1293"
"406","237848","20220712103000","246","3","雲林縣","麥寮鄉","120.290","23.795","383"
"1578","237860","20220712103000","1046","3","雲林縣","麥寮鄉","120.275","23.795","1592"
"468","237864","20220712103000","272","3","雲林縣","麥寮鄉","120.280","23.795","501"
"16","237872","20220712103000","115","0","彰化縣","田中鎮","120.560","23.845","28"
"211","237874","20220712103000","171","2","彰化縣","田中鎮","120.570","23.845","192"
"78","237878","20220712103000","65","2","彰化縣","田中鎮","120.580","23.840","101"
"312","237881","20220712103000","258","2","彰化縣","田中鎮","120.595","23.840","303"
"88","237884","20220712103000","476","0","彰化縣","田中鎮","120.595","23.845","113"
"216","237895","20220712103000","127","3","彰化縣","田中鎮","120.595","23.830","238"
"128","237900","20220712103000","310","0","雲林縣","莿桐鄉","120.535","23.775","119"
"77","240440","20220712103000","69","1","花蓮縣","壽豐鄉","121.605","23.885","90"
"274","242904","20220712103000","200","2","花蓮縣","秀林鄉","121.500","23.920","281"
"299","242957","20220712103000","174","3","花蓮縣","壽豐鄉","121.530","23.865","303"
"367","242963","20220712103000","278","2","花蓮縣","壽豐鄉","121.525","23.870","369"
"1287","242988","20220712103000","896","2","花蓮縣","壽豐鄉","121.510","23.870","1146"
"703","243010","20220712103000","581","2","花蓮縣","壽豐鄉","121.520","23.890","715"
"27","243014","20220712103000","76","0","花蓮縣","壽豐鄉","121.540","23.890","30"
"431","243023","20220712103000","548","0","花蓮縣","壽豐鄉","121.555","23.895","404"
"91","243053","20220712103000","342","0","花蓮縣","壽豐鄉","121.535","23.895","74"
"196","243054","20220712103000","410","0","花蓮縣","壽豐鄉","121.540","23.895","205"
"537","243055","20220712103000","757","0","花蓮縣","壽豐鄉","121.545","23.895","651"
"235","243057","20220712103000","190","2","花蓮縣","壽豐鄉","121.530","23.895","234"
"395","243065","20220712103000","387","1","花蓮縣","壽豐鄉","121.530","23.900","331"
"301","243069","20220712103000","540","0","花蓮縣","壽豐鄉","121.550","23.900","371"
"791","243073","20220712103000","740","1","花蓮縣","壽豐鄉","121.530","23.905","716"
"324","243089","20220712103000","203","3","花蓮縣","壽豐鄉","121.520","23.915","461"
"65","243103","20220712103000","46","2","花蓮縣","壽豐鄉","121.550","23.920","61"
"47","243143","20220712103000","56","0","花蓮縣","壽豐鄉","121.555","23.865","58"
"65","243149","20220712103000","84","0","花蓮縣","壽豐鄉","121.555","23.870","52"
"76","243164","20220712103000","78","0","花蓮縣","壽豐鄉","121.585","23.880","96"
"69","243184","20220712103000","76","0","花蓮縣","壽豐鄉","121.595","23.905","85"
"73","243230","20220712103000","74","0","花蓮縣","壽豐鄉","121.520","23.845","70"
"520","243249","20220712103000","477","1","花蓮縣","壽豐鄉","121.495","23.850","531"
"394","243255","20220712103000","371","1","花蓮縣","壽豐鄉","121.490","23.855","405"
"80","243262","20220712103000","109","0","花蓮縣","壽豐鄉","121.485","23.855","88"
"162","243315","20220712103000","102","3","花蓮縣","壽豐鄉","121.600","23.870","146"
"61","243324","20220712103000","55","1","花蓮縣","壽豐鄉","121.590","23.885","59"
"75","243335","20220712103000","19","3","花蓮縣","壽豐鄉","121.605","23.895","46"
"384","243336","20220712103000","169","3","花蓮縣","壽豐鄉","121.600","23.900","356"
"295","243338","20220712103000","250","1","花蓮縣","壽豐鄉","121.600","23.905","320"
"362","243339","20220712103000","132","3","花蓮縣","壽豐鄉","121.605","23.905","327"
"873","243392","20220712103000","830","1","彰化縣","二林鎮","120.360","23.895","775"
"1185","243393","20220712103000","681","3","彰化縣","二林鎮","120.370","23.900","1188"
"342","243406","20220712103000","246","2","彰化縣","二林鎮","120.390","23.865","322"
"105","243422","20220712103000","122","0","彰化縣","二林鎮","120.415","23.910","112"
"376","243424","20220712103000","338","1","彰化縣","二林鎮","120.425","23.910","409"
"416","243439","20220712103000","351","1","彰化縣","二林鎮","120.360","23.865","389"
"365","243447","20220712103000","271","2","彰化縣","二林鎮","120.360","23.880","465"
"548","243770","20220712103000","525","1","彰化縣","二林鎮","120.365","23.890","585"
"715","243772","20220712103000","807","0","彰化縣","二林鎮","120.370","23.895","644"
"637","243777","20220712103000","414","3","彰化縣","二林鎮","120.425","23.895","651"
"318","243783","20220712103000","382","0","彰化縣","二林鎮","120.365","23.900","352"
"500","243796","20220712103000","395","2","彰化縣","二林鎮","120.440","23.875","498"
"119","243827","20220712103000","102","1","南投縣","水里鄉","120.865","23.905","99"
"404","243861","20220712103000","94","3","彰化縣","大城鄉","120.325","23.860","381"
"1358","243867","20220712103000","1302","1","彰化縣","大城鄉","120.320","23.850","1348"
"1062","243900","20220712103000","865","2","彰化縣","埤頭鄉","120.470","23.915","1026"
"281","243909","20220712103000","144","3","彰化縣","埤頭鄉","120.460","23.925","275"
"127","243970","20220712103000","56","3","南投縣","中寮鄉","120.800","23.905","112"
"242","244008","20220712103000","149","3","南投縣","中寮鄉","120.805","23.925","242"
"412","244044","20220712103000","120","3","南投縣","中寮鄉","120.750","23.895","404"
"37","244051","20220712103000","68","0","南投縣","中寮鄉","120.765","23.900","45"
"32","244098","20220712103000","85","0","南投縣","中寮鄉","120.790","23.860","39"
"29","244101","20220712103000","57","0","南投縣","中寮鄉","120.805","23.860","27"
"687","244122","20220712103000","391","3","彰化縣","埤頭鄉","120.480","23.890","730"
"317","244129","20220712103000","263","2","彰化縣","埤頭鄉","120.460","23.860","381"
"94","244142","20220712103000","525","0","彰化縣","埤頭鄉","120.460","23.880","103"
"1268","244150","20220712103000","954","2","彰化縣","埤頭鄉","120.465","23.890","1279"
"117","244159","20220712103000","309","0","南投縣","中寮鄉","120.760","23.880","128"
"377","244163","20220712103000","631","0","南投縣","中寮鄉","120.775","23.885","337"
"278","244211","20220712103000","194","2","南投縣","中寮鄉","120.735","23.895","304"
"127","244235","20220712103000","75","3","南投縣","中寮鄉","120.770","23.920","122"
"101","244247","20220712103000","275","0","南投縣","中寮鄉","120.830","23.860","110"
"155","244274","20220712103000","104","2","南投縣","中寮鄉","120.800","23.880","154"
"59","244326","20220712103000","490","0","南投縣","中寮鄉","120.710","23.895","57"
"52","244341","20220712103000","50","1","彰化縣","員林鎮","120.580","23.925","78"
"19","244360","20220712103000","38","0","南投縣","中寮鄉","120.795","23.905","20"
"26","244380","20220712103000","23","1","南投縣","中寮鄉","120.720","23.915","21"
"200","244392","20220712103000","117","3","南投縣","中寮鄉","120.725","23.925","192"
"60","244395","20220712103000","56","1","南投縣","中寮鄉","120.740","23.925","92"
"972","244397","20220712103000","1077","0","彰化縣","二林鎮","120.375","23.895","1030"
"983","244398","20220712103000","835","1","彰化縣","二林鎮","120.380","23.895","1028"
"225","244411","20220712103000","160","2","南投縣","南投市","120.695","23.915","190"
"280","244414","20220712103000","413","0","南投縣","南投市","120.695","23.920","264"
"502","244415","20220712103000","349","2","南投縣","南投市","120.700","23.920","452"
"118","244420","20220712103000","103","1","南投縣","南投市","120.640","23.925","129"
"2304","244422","20220712103000","2023","1","南投縣","南投市","120.690","23.905","2164"
"616","244426","20220712103000","616","1","彰化縣","永靖鄉","120.545","23.920","732"
"275","244429","20220712103000","265","1","彰化縣","永靖鄉","120.570","23.925","291"
"77","244451","20220712103000","51","3","南投縣","水里鄉","120.870","23.880","58"
"575","244465","20220712103000","364","3","彰化縣","溪州鄉","120.500","23.855","554"
"154","244468","20220712103000","156","0","彰化縣","溪州鄉","120.505","23.860","180"
"124","244477","20220712103000","117","1","南投縣","南投市","120.635","23.905","150"
"154","244478","20220712103000","335","0","南投縣","南投市","120.640","23.905","174"
"26","244480","20220712103000","21","2","南投縣","南投市","120.635","23.910","28"
"49","244488","20220712103000","40","2","彰化縣","社頭鄉","120.635","23.920","45"
"426","244490","20220712103000","457","0","南投縣","南投市","120.650","23.920","413"
"393","244492","20220712103000","459","0","彰化縣","永靖鄉","120.535","23.920","365"
"280","244498","20220712103000","288","0","彰化縣","永靖鄉","120.515","23.915","254"
"357","244499","20220712103000","246","2","彰化縣","永靖鄉","120.520","23.915","382"
"352","244512","20220712103000","382","0","彰化縣","永靖鄉","120.560","23.920","365"
"91","244516","20220712103000","319","0","彰化縣","永靖鄉","120.535","23.925","104"
"1282","244517","20220712103000","1665","0","彰化縣","永靖鄉","120.540","23.925","1288"
"214","244520","20220712103000","127","3","彰化縣","永靖鄉","120.560","23.910","266"
"34","244530","20220712103000","224","0","彰化縣","永靖鄉","120.545","23.910","35"
"102","244534","20220712103000","86","1","彰化縣","田尾鄉","120.530","23.910","72"
"69","244537","20220712103000","626","0","彰化縣","永靖鄉","120.550","23.920","64"
"56","244540","20220712103000","342","0","彰化縣","永靖鄉","120.550","23.925","49"
"61","244544","20220712103000","448","0","彰化縣","永靖鄉","120.505","23.920","78"
"530","244566","20220712103000","99","3","彰化縣","大城鄉","120.285","23.865","452"
"221","244576","20220712103000","47","3","彰化縣","大城鄉","120.290","23.870","231"
"844","244605","20220712103000","627","2","彰化縣","芳苑鄉","120.345","23.910","734"
"18","244609","20220712103000","634","0","彰化縣","芳苑鄉","120.350","23.915","29"
"484","244612","20220712103000","394","2","彰化縣","芳苑鄉","120.350","23.920","466"
"33","244615","20220712103000","37","0","彰化縣","芳苑鄉","120.355","23.925","40"
"301","244624","20220712103000","105","3","彰化縣","芳苑鄉","120.315","23.895","301"
"89","244639","20220712103000","50","3","彰化縣","芳苑鄉","120.305","23.905","83"
"2519","244674","20220712103000","1823","2","南投縣","南投市","120.695","23.900","2471"
"97","244675","20220712103000","100","0","南投縣","南投市","120.685","23.925","88"
"95","244677","20220712103000","101","0","南投縣","南投市","120.695","23.925","105"
"203","244693","20220712103000","415","0","南投縣","南投市","120.680","23.895","227"
"1690","244695","20220712103000","1483","1","南投縣","南投市","120.685","23.900","1671"
"354","244696","20220712103000","359","0","南投縣","南投市","120.690","23.900","396"
"132","244697","20220712103000","84","3","彰化縣","溪州鄉","120.480","23.850","172"
"37","244698","20220712103000","617","0","彰化縣","溪州鄉","120.485","23.850","65"
"769","244700","20220712103000","599","2","彰化縣","溪州鄉","120.495","23.850","822"
"782","244706","20220712103000","964","0","南投縣","南投市","120.680","23.910","817"
"224","244716","20220712103000","242","0","南投縣","南投市","120.675","23.900","233"
"161","244717","20220712103000","142","1","南投縣","南投市","120.680","23.905","181"
"1596","244720","20220712103000","1100","2","南投縣","南投市","120.675","23.905","1425"
"39","244738","20220712103000","34","1","南投縣","埔里鎮","120.990","23.925","44"
"144","244739","20220712103000","120","2","南投縣","埔里鎮","120.995","23.925","124"
"98","244741","20220712103000","90","1","南投縣","仁愛鄉","121.010","23.925","103"
"562","244742","20220712103000","534","1","彰化縣","溪州鄉","120.495","23.855","563"
"13","244748","20220712103000","35","0","彰化縣","溪州鄉","120.515","23.850","13"
"161","244772","20220712103000","105","3","南投縣","水里鄉","120.865","23.855","110"
"162","244790","20220712103000","99","3","南投縣","名間鄉","120.675","23.870","149"
"348","244793","20220712103000","218","3","彰化縣","田中鎮","120.625","23.855","350"
"97","244800","20220712103000","68","2","南投縣","名間鄉","120.630","23.855","104"
"172","244806","20220712103000","96","3","南投縣","名間鄉","120.635","23.860","149"
"583","244815","20220712103000","518","1","南投縣","名間鄉","120.705","23.875","505"
"180","244846","20220712103000","69","3","南投縣","名間鄉","120.635","23.880","148"
"470","244854","20220712103000","232","3","南投縣","南投市","120.690","23.910","500"
"542","244855","20220712103000","449","2","南投縣","南投市","120.690","23.915","596"
"410","244860","20220712103000","666","0","南投縣","南投市","120.655","23.915","418"
"1200","244865","20220712103000","862","2","南投縣","南投市","120.665","23.920","1140"
"885","244867","20220712103000","545","3","南投縣","南投市","120.675","23.920","874"
"534","244868","20220712103000","506","1","南投縣","南投市","120.680","23.920","513"
"1237","244869","20220712103000","777","3","南投縣","南投市","120.670","23.925","1266"
"486","244870","20220712103000","419","1","南投縣","南投市","120.675","23.925","537"
"1405","244872","20220712103000","1116","2","南投縣","南投市","120.685","23.910","1476"
"2736","244873","20220712103000","2557","1","南投縣","南投市","120.685","23.905","2620"
"149","244874","20220712103000","163","0","南投縣","南投市","120.705","23.900","195"
"379","244875","20220712103000","201","3","南投縣","南投市","120.710","23.900","139"
"112","244880","20220712103000","65","3","南投縣","南投市","120.695","23.905","90"
"422","244881","20220712103000","305","2","南投縣","南投市","120.700","23.905","500"
"351","244890","20220712103000","345","1","南投縣","南投市","120.705","23.915","326"
"898","244893","20220712103000","871","1","彰化縣","溪州鄉","120.495","23.865","1320"
"740","244909","20220712103000","670","1","彰化縣","埤頭鄉","120.460","23.890","768"
"622","244910","20220712103000","519","1","彰化縣","埤頭鄉","120.455","23.895","647"
"530","244911","20220712103000","408","2","彰化縣","埤頭鄉","120.460","23.895","573"
"451","244918","20220712103000","356","2","彰化縣","埤頭鄉","120.495","23.885","586"
"768","244922","20220712103000","633","2","彰化縣","埤頭鄉","120.495","23.890","910"
"171","244924","20220712103000","124","2","彰化縣","埤頭鄉","120.480","23.895","157"
"299","244925","20220712103000","280","1","彰化縣","埤頭鄉","120.485","23.895","351"
"653","244953","20220712103000","542","2","彰化縣","北斗鎮","120.515","23.875","631"
"480","244955","20220712103000","218","3","彰化縣","北斗鎮","120.515","23.865","490"
"51","244956","20220712103000","323","0","彰化縣","北斗鎮","120.520","23.865","56"
"344","244958","20220712103000","603","0","彰化縣","北斗鎮","120.520","23.870","361"
"559","244960","20220712103000","369","3","彰化縣","埤頭鄉","120.460","23.850","406"
"37","244961","20220712103000","216","0","彰化縣","埤頭鄉","120.465","23.850","301"
"242","244970","20220712103000","123","3","南投縣","名間鄉","120.645","23.865","193"
"798","244974","20220712103000","505","3","南投縣","名間鄉","120.655","23.870","834"
"387","244987","20220712103000","346","1","南投縣","名間鄉","120.670","23.850","438"
"361","244993","20220712103000","282","2","南投縣","名間鄉","120.675","23.855","326"
"739","245005","20220712103000","497","2","南投縣","名間鄉","120.695","23.865","665"
"254","245007","20220712103000","277","0","南投縣","名間鄉","120.685","23.870","244"
"362","245016","20220712103000","173","3","南投縣","名間鄉","120.685","23.880","442"
"85","245017","20220712103000","283","0","南投縣","名間鄉","120.690","23.880","87"
"136","245037","20220712103000","114","1","南投縣","名間鄉","120.705","23.865","127"
"353","245042","20220712103000","261","2","彰化縣","溪州鄉","120.525","23.850","310"
"290","245076","20220712103000","36","3","彰化縣","大城鄉","120.295","23.885","319"
"25","245099","20220712103000","162","0","彰化縣","大城鄉","120.300","23.890","34"
"23","245133","20220712103000","170","0","彰化縣","大城鄉","120.330","23.865","51"
"82","245150","20220712103000","189","0","彰化縣","大城鄉","120.295","23.855","99"
"180","245157","20220712103000","165","1","彰化縣","北斗鎮","120.530","23.855","168"
"1045","245161","20220712103000","908","1","彰化縣","北斗鎮","120.530","23.870","1104"
"240","245165","20220712103000","196","2","彰化縣","北斗鎮","120.545","23.870","238"
"643","245169","20220712103000","490","2","彰化縣","芳苑鄉","120.320","23.920","657"
"87","245184","20220712103000","44","3","南投縣","名間鄉","120.625","23.850","97"
"138","245191","20220712103000","129","1","南投縣","名間鄉","120.690","23.850","132"
"391","245192","20220712103000","278","2","南投縣","名間鄉","120.695","23.850","416"
"1241","245211","20220712103000","271","3","彰化縣","大城鄉","120.290","23.860","1338"
"143","245214","20220712103000","71","3","彰化縣","大城鄉","120.300","23.865","148"
"269","245216","20220712103000","51","3","彰化縣","大城鄉","120.300","23.870","210"
"549","245296","20220712103000","172","3","南投縣","南投市","120.635","23.895","537"
"2084","245305","20220712103000","1447","2","南投縣","南投市","120.660","23.925","2108"
"42","245311","20220712103000","33","2","南投縣","南投市","120.670","23.905","61"
"36","245312","20220712103000","157","0","南投縣","南投市","120.665","23.910","30"
"268","245314","20220712103000","788","0","南投縣","南投市","120.675","23.910","300"
"621","245316","20220712103000","848","0","南投縣","南投市","120.680","23.915","657"
"2273","245320","20220712103000","1706","2","彰化縣","北斗鎮","120.520","23.880","2093"
"627","245325","20220712103000","407","3","彰化縣","北斗鎮","120.530","23.875","710"
"316","245329","20220712103000","158","3","彰化縣","北斗鎮","120.535","23.880","276"
"50","245332","20220712103000","722","0","彰化縣","北斗鎮","120.525","23.870","80"
"489","245335","20220712103000","114","3","彰化縣","大城鄉","120.310","23.875","525"
"368","245353","20220712103000","174","3","彰化縣","大城鄉","120.315","23.870","341"
"203","245376","20220712103000","156","2","彰化縣","北斗鎮","120.510","23.880","252"
"66","245379","20220712103000","255","0","彰化縣","田尾鄉","120.515","23.890","72"
"294","245489","20220712103000","254","1","南投縣","仁愛鄉","120.990","23.905","306"
"43","245503","20220712103000","30","2","南投縣","仁愛鄉","121.005","23.910","45"
"21","245515","20220712103000","14","3","南投縣","埔里鎮","121.010","23.920","18"
"32","245723","20220712103000","36","0","南投縣","仁愛鄉","121.025","23.910","24"
"342","245728","20220712103000","275","2","南投縣","仁愛鄉","121.050","23.910","281"
"38","245748","20220712103000","92","0","南投縣","仁愛鄉","121.030","23.920","39"
"169","246363","20220712103000","545","0","彰化縣","北斗鎮","120.525","23.880","183"
"237","246370","20220712103000","218","1","彰化縣","北斗鎮","120.555","23.855","261"
"1301","246377","20220712103000","1043","2","彰化縣","北斗鎮","120.550","23.865","1254"
"333","246388","20220712103000","218","3","彰化縣","埤頭鄉","120.455","23.850","294"
"534","246394","20220712103000","251","3","彰化縣","二林鎮","120.410","23.920","524"
"39","246402","20220712103000","478","0","彰化縣","二林鎮","120.365","23.895","41"
"526","246404","20220712103000","352","2","彰化縣","二林鎮","120.405","23.895","530"
"138","246436","20220712103000","184","0","彰化縣","芳苑鄉","120.380","23.925","188"
"543","246446","20220712103000","370","2","彰化縣","芳苑鄉","120.330","23.895","592"
"259","246468","20220712103000","165","3","彰化縣","芳苑鄉","120.330","23.915","246"
"181","246471","20220712103000","128","2","彰化縣","芳苑鄉","120.335","23.920","198"
"1432","246472","20220712103000","1302","1","彰化縣","北斗鎮","120.525","23.875","1272"
"211","246476","20220712103000","139","3","彰化縣","北斗鎮","120.560","23.850","258"
"64","246477","20220712103000","54","1","彰化縣","北斗鎮","120.540","23.855","55"
"79","246480","20220712103000","77","1","彰化縣","北斗鎮","120.550","23.855","101"
"340","246488","20220712103000","192","3","彰化縣","北斗鎮","120.535","23.870","318"
"92","246493","20220712103000","107","0","彰化縣","二林鎮","120.395","23.890","102"
"389","246499","20220712103000","257","3","彰化縣","大城鄉","120.315","23.850","462"
"282","246518","20220712103000","260","1","南投縣","南投市","120.670","23.890","194"
"538","246522","20220712103000","421","2","南投縣","南投市","120.690","23.890","529"
"947","246530","20220712103000","811","1","彰化縣","社頭鄉","120.605","23.915","1014"
"745","246531","20220712103000","406","3","彰化縣","田中鎮","120.585","23.875","762"
"106","246534","20220712103000","183","0","彰化縣","田中鎮","120.575","23.865","107"
"389","246537","20220712103000","307","2","彰化縣","田中鎮","120.575","23.875","406"
"170","246545","20220712103000","136","2","彰化縣","田尾鄉","120.510","23.905","159"
"480","246547","20220712103000","317","3","彰化縣","竹塘鄉","120.415","23.850","495"
"304","246558","20220712103000","363","0","彰化縣","田尾鄉","120.535","23.905","371"
"1881","246566","20220712103000","856","3","彰化縣","社頭鄉","120.580","23.895","1773"
"1440","246568","20220712103000","413","3","彰化縣","社頭鄉","120.580","23.900","1325"
"2192","246569","20220712103000","1109","3","彰化縣","社頭鄉","120.580","23.905","2234"
"83","246573","20220712103000","239","0","彰化縣","田尾鄉","120.525","23.885","69"
"259","246574","20220712103000","250","1","彰化縣","田尾鄉","120.530","23.885","294"
"302","246579","20220712103000","211","2","彰化縣","田尾鄉","120.535","23.890","307"
"635","246581","20220712103000","524","2","彰化縣","田尾鄉","120.535","23.895","699"
"721","246583","20220712103000","571","2","彰化縣","田尾鄉","120.530","23.900","784"
"21","246608","20220712103000","43","0","彰化縣","社頭鄉","120.620","23.925","27"
"1565","246615","20220712103000","1243","2","彰化縣","竹塘鄉","120.430","23.855","1481"
"500","246618","20220712103000","493","1","彰化縣","竹塘鄉","120.420","23.875","503"
"242","246630","20220712103000","178","2","彰化縣","竹塘鄉","120.375","23.850","264"
"2586","246654","20220712103000","802","3","彰化縣","社頭鄉","120.585","23.900","2525"
"1201","246659","20220712103000","393","3","彰化縣","社頭鄉","120.585","23.890","1262"
"388","246669","20220712103000","175","3","彰化縣","竹塘鄉","120.445","23.860","400"
"122","246687","20220712103000","132","0","南投縣","魚池鄉","120.905","23.850","145"
"1116","246711","20220712103000","605","3","南投縣","魚池鄉","120.910","23.860","901"
"465","246720","20220712103000","215","3","南投縣","魚池鄉","120.900","23.865","464"
"245","246722","20220712103000","249","0","南投縣","魚池鄉","120.910","23.865","256"
"482","246735","20220712103000","369","2","南投縣","魚池鄉","120.925","23.870","486"
"363","246739","20220712103000","293","2","南投縣","魚池鄉","120.935","23.895","361"
"665","246741","20220712103000","462","2","南投縣","魚池鄉","120.935","23.900","599"
"484","246742","20220712103000","290","3","南投縣","魚池鄉","120.940","23.900","426"
"290","246747","20220712103000","228","2","彰化縣","芳苑鄉","120.350","23.900","274"
"257","246748","20220712103000","176","2","彰化縣","二林鎮","120.355","23.900","259"
"151","246749","20220712103000","136","1","彰化縣","芳苑鄉","120.360","23.900","165"
"36","246750","20220712103000","36","1","彰化縣","芳苑鄉","120.345","23.905","63"
"268","246758","20220712103000","198","2","彰化縣","芳苑鄉","120.355","23.920","269"
"275","246770","20220712103000","233","1","彰化縣","芳苑鄉","120.335","23.890","273"
"19","246777","20220712103000","23","0","南投縣","魚池鄉","120.925","23.875","17"
"278","246788","20220712103000","200","2","南投縣","魚池鄉","120.925","23.885","287"
"246","246822","20220712103000","150","3","南投縣","魚池鄉","120.905","23.880","285"
"12","246823","20220712103000","15","0","南投縣","魚池鄉","120.875","23.885","12"
"15","246824","20220712103000","85","0","南投縣","魚池鄉","120.880","23.885","21"
"29","246826","20220712103000","49","0","南投縣","魚池鄉","120.890","23.885","39"
"11","246832","20220712103000","15","0","南投縣","魚池鄉","120.880","23.890","12"
"30","246857","20220712103000","16","3","南投縣","魚池鄉","120.890","23.905","19"
"30","246858","20220712103000","20","3","南投縣","魚池鄉","120.895","23.905","35"
"32","246870","20220712103000","14","3","南投縣","魚池鄉","120.890","23.910","26"
"115","246893","20220712103000","115","1","南投縣","魚池鄉","120.955","23.900","111"
"261","246906","20220712103000","257","1","南投縣","魚池鄉","120.955","23.910","271"
"112","246920","20220712103000","110","1","南投縣","魚池鄉","120.965","23.915","114"
"98","246922","20220712103000","101","0","南投縣","魚池鄉","120.965","23.920","96"
"100","246929","20220712103000","110","0","南投縣","魚池鄉","120.945","23.865","74"
"105","246930","20220712103000","109","0","南投縣","魚池鄉","120.950","23.865","58"
"136","246935","20220712103000","63","3","南投縣","魚池鄉","120.945","23.870","122"
"32","246941","20220712103000","31","1","南投縣","魚池鄉","120.950","23.875","18"
"12","246945","20220712103000","126","0","南投縣","魚池鄉","120.950","23.880","23"
"28","246955","20220712103000","337","0","南投縣","魚池鄉","120.905","23.905","34"
"338","246964","20220712103000","351","0","南投縣","魚池鄉","120.920","23.910","446"
"67","246970","20220712103000","63","1","南投縣","魚池鄉","120.920","23.915","48"
"259","246989","20220712103000","258","1","南投縣","魚池鄉","120.925","23.910","221"
"199","247005","20220712103000","131","3","南投縣","魚池鄉","120.945","23.925","201"
"957","247013","20220712103000","662","2","南投縣","魚池鄉","120.930","23.850","897"
"15","247024","20220712103000","56","0","南投縣","魚池鄉","120.935","23.855","14"
"20","247033","20220712103000","24","0","南投縣","魚池鄉","120.950","23.860","16"
"409","247088","20220712103000","358","1","南投縣","魚池鄉","120.965","23.890","418"
"454","247100","20220712103000","211","3","南投縣","魚池鄉","120.940","23.895","583"
"11","247101","20220712103000","12","0","南投縣","魚池鄉","120.945","23.895","11"
"61","247117","20220712103000","32","3","彰化縣","竹塘鄉","120.400","23.860","58"
"170","247119","20220712103000","123","2","彰化縣","竹塘鄉","120.410","23.860","172"
"47","247152","20220712103000","23","3","彰化縣","田中鎮","120.570","23.870","47"
"807","247156","20220712103000","685","1","彰化縣","社頭鄉","120.595","23.900","904"
"70","247158","20220712103000","162","0","彰化縣","田尾鄉","120.550","23.890","56"
"95","247160","20220712103000","62","3","彰化縣","田尾鄉","120.555","23.895","102"
"16","247163","20220712103000","247","0","彰化縣","田尾鄉","120.560","23.900","31"
"646","247166","20220712103000","654","0","彰化縣","田尾鄉","120.525","23.905","595"
"43","247170","20220712103000","22","3","彰化縣","田尾鄉","120.520","23.890","56"
"738","247187","20220712103000","728","1","彰化縣","田尾鄉","120.500","23.920","690"
"99","247189","20220712103000","600","0","彰化縣","溪湖鎮","120.475","23.925","110"
"2574","247194","20220712103000","431","3","彰化縣","社頭鄉","120.585","23.895","2532"
"236","247207","20220712103000","172","2","彰化縣","社頭鄉","120.605","23.895","237"
"35","247218","20220712103000","139","0","彰化縣","田尾鄉","120.540","23.885","46"
"344","247222","20220712103000","508","0","彰化縣","田中鎮","120.585","23.865","379"
"225","247224","20220712103000","224","1","彰化縣","田中鎮","120.585","23.850","248"
"24","247227","20220712103000","508","0","彰化縣","田中鎮","120.600","23.855","37"
"1190","247235","20220712103000","1032","1","彰化縣","田中鎮","120.590","23.855","1213"
"134","247238","20220712103000","128","1","彰化縣","田尾鄉","120.530","23.895","134"
"271","247244","20220712103000","160","3","彰化縣","北斗鎮","120.545","23.880","247"
"52","247248","20220712103000","52","1","彰化縣","田尾鄉","120.550","23.885","59"
"275","247250","20220712103000","229","2","彰化縣","田尾鄉","120.560","23.890","353"
"80","247251","20220712103000","74","1","彰化縣","田尾鄉","120.565","23.890","75"
"32","247253","20220712103000","258","0","彰化縣","田尾鄉","120.535","23.900","37"
"79","247259","20220712103000","662","0","彰化縣","田尾鄉","120.550","23.900","99"
"503","247268","20220712103000","395","2","彰化縣","社頭鄉","120.585","23.920","472"
"62","247277","20220712103000","67","0","彰化縣","社頭鄉","120.615","23.885","69"
"349","247283","20220712103000","265","2","彰化縣","社頭鄉","120.610","23.890","373"
"50","247288","20220712103000","52","0","彰化縣","永靖鄉","120.575","23.915","62"
"38","247290","20220712103000","28","2","彰化縣","永靖鄉","120.575","23.920","58"
"37","247291","20220712103000","250","0","彰化縣","社頭鄉","120.595","23.920","42"
"18","247293","20220712103000","237","0","彰化縣","社頭鄉","120.605","23.920","16"
"1145","247305","20220712103000","1050","1","彰化縣","北斗鎮","120.570","23.850","989"
"299","247308","20220712103000","228","2","彰化縣","田中鎮","120.575","23.855","351"
"851","247312","20220712103000","1314","0","彰化縣","田中鎮","120.605","23.855","910"
"653","247316","20220712103000","1018","0","彰化縣","田中鎮","120.580","23.860","656"
"506","247328","20220712103000","327","3","彰化縣","社頭鄉","120.575","23.900","460"
"317","247336","20220712103000","272","1","彰化縣","社頭鄉","120.610","23.905","346"
"33","247347","20220712103000","33","1","彰化縣","社頭鄉","120.630","23.905","56"
"477","247352","20220712103000","505","0","彰化縣","田中鎮","120.560","23.865","539"
"118","247353","20220712103000","121","0","彰化縣","田中鎮","120.565","23.865","108"
"231","247359","20220712103000","288","0","彰化縣","田中鎮","120.590","23.865","237"
"478","247361","20220712103000","471","1","彰化縣","田中鎮","120.585","23.870","451"
"350","247365","20220712103000","348","1","彰化縣","田中鎮","120.585","23.860","332"
"185","247366","20220712103000","157","1","彰化縣","田中鎮","120.570","23.875","200"
"21","247367","20220712103000","210","0","彰化縣","田中鎮","120.560","23.880","23"
"214","247377","20220712103000","194","1","彰化縣","田中鎮","120.605","23.870","248"
"109","247383","20220712103000","118","0","彰化縣","田中鎮","120.605","23.875","123"
"191","247399","20220712103000","146","2","彰化縣","田中鎮","120.595","23.855","252"
"74","247400","20220712103000","247","0","彰化縣","田中鎮","120.590","23.860","87"
"589","247403","20220712103000","244","3","彰化縣","社頭鄉","120.590","23.900","621"
"826","247409","20220712103000","210","3","彰化縣","社頭鄉","120.585","23.885","880"
"97","247637","20220712103000","100","0","花蓮縣","壽豐鄉","121.610","23.920","99"
"329","252412","20220712103000","178","3","花蓮縣","花蓮市","121.640","23.995","299"
"43","252926","20220712103000","27","3","臺中市","霧峰區","120.705","24.010","43"
"177","253141","20220712103000","128","2","花蓮縣","秀林鄉","121.505","23.945","183"
"301","253374","20220712103000","196","3","花蓮縣","秀林鄉","121.555","24.005","264"
"300","253376","20220712103000","217","2","花蓮縣","新城鄉","121.615","24.005","297"
"235","253382","20220712103000","316","0","花蓮縣","吉安鄉","121.580","23.925","207"
"527","253393","20220712103000","369","2","花蓮縣","吉安鄉","121.585","23.930","519"
"219","253400","20220712103000","118","3","花蓮縣","吉安鄉","121.580","23.935","190"
"1158","253410","20220712103000","634","3","花蓮縣","吉安鄉","121.595","23.940","1148"
"483","253413","20220712103000","376","2","花蓮縣","吉安鄉","121.575","23.945","526"
"1297","253414","20220712103000","777","3","花蓮縣","吉安鄉","121.585","23.975","1274"
"220","253433","20220712103000","237","0","花蓮縣","吉安鄉","121.550","23.945","212"
"214","253436","20220712103000","150","2","花蓮縣","吉安鄉","121.525","23.945","200"
"24","253450","20220712103000","18","2","花蓮縣","吉安鄉","121.580","23.950","26"
"1236","253452","20220712103000","791","3","花蓮縣","吉安鄉","121.590","23.950","1228"
"539","253454","20220712103000","446","2","花蓮縣","吉安鄉","121.590","23.955","547"
"418","253457","20220712103000","364","1","花蓮縣","吉安鄉","121.590","23.945","408"
"615","253463","20220712103000","328","3","花蓮縣","吉安鄉","121.600","23.945","511"
"751","253470","20220712103000","1149","0","花蓮縣","吉安鄉","121.590","23.965","742"
"811","253471","20220712103000","389","3","花蓮縣","吉安鄉","121.590","23.970","863"
"2438","253472","20220712103000","1753","2","花蓮縣","花蓮市","121.590","23.975","2372"
"1069","253475","20220712103000","814","2","花蓮縣","吉安鄉","121.590","23.980","1097"
"760","253477","20220712103000","638","1","花蓮縣","吉安鄉","121.585","23.985","804"
"255","253478","20220712103000","275","0","花蓮縣","吉安鄉","121.585","23.980","308"
"990","253479","20220712103000","822","2","花蓮縣","花蓮市","121.600","23.985","1026"
"360","253480","20220712103000","464","0","花蓮縣","吉安鄉","121.580","23.985","401"
"673","253481","20220712103000","535","2","花蓮縣","吉安鄉","121.585","23.990","730"
"2011","253482","20220712103000","1558","2","花蓮縣","花蓮市","121.595","23.990","1992"
"1353","253484","20220712103000","890","3","花蓮縣","吉安鄉","121.580","23.970","1366"
"587","253485","20220712103000","604","0","花蓮縣","吉安鄉","121.585","23.970","545"
"119","253506","20220712103000","143","0","花蓮縣","吉安鄉","121.570","23.965","137"
"487","253507","20220712103000","315","3","花蓮縣","吉安鄉","121.575","23.965","417"
"513","253508","20220712103000","308","3","花蓮縣","吉安鄉","121.565","23.970","495"
"182","253517","20220712103000","160","1","花蓮縣","吉安鄉","121.560","23.975","177"
"1412","253520","20220712103000","821","3","花蓮縣","吉安鄉","121.580","23.975","1426"
"450","253542","20220712103000","395","1","花蓮縣","吉安鄉","121.555","23.990","481"
"97","253545","20220712103000","118","0","花蓮縣","吉安鄉","121.570","23.990","120"
"23","253550","20220712103000","21","1","花蓮縣","吉安鄉","121.555","23.995","24"
"343","253552","20220712103000","223","3","花蓮縣","吉安鄉","121.570","23.975","350"
"779","253554","20220712103000","321","3","花蓮縣","吉安鄉","121.565","23.980","768"
"1170","253555","20220712103000","801","2","花蓮縣","吉安鄉","121.570","23.980","1161"
"372","253556","20220712103000","329","1","花蓮縣","吉安鄉","121.575","23.980","326"
"56","253557","20220712103000","41","2","花蓮縣","吉安鄉","121.555","23.985","58"
"530","253559","20220712103000","236","3","花蓮縣","吉安鄉","121.565","23.985","501"
"314","253561","20220712103000","214","2","花蓮縣","吉安鄉","121.605","23.955","345"
"560","253562","20220712103000","317","3","花蓮縣","吉安鄉","121.595","23.960","586"
"345","253563","20220712103000","392","0","花蓮縣","吉安鄉","121.600","23.960","377"
"1475","253565","20220712103000","1263","1","花蓮縣","吉安鄉","121.595","23.965","1425"
"390","253569","20220712103000","416","0","花蓮縣","吉安鄉","121.575","23.985","404"
"342","253575","20220712103000","246","2","花蓮縣","吉安鄉","121.570","23.940","359"
"603","253584","20220712103000","505","1","花蓮縣","吉安鄉","121.560","23.950","616"
"731","253594","20220712103000","594","2","花蓮縣","吉安鄉","121.550","23.965","789"
"35","253595","20220712103000","36","0","花蓮縣","吉安鄉","121.555","23.965","52"
"723","253596","20220712103000","497","2","花蓮縣","吉安鄉","121.560","23.965","702"
"730","253597","20220712103000","458","3","花蓮縣","吉安鄉","121.565","23.965","712"
"400","253603","20220712103000","233","3","花蓮縣","吉安鄉","121.560","23.970","474"
"555","253608","20220712103000","257","3","花蓮縣","吉安鄉","121.580","23.955","422"
"753","253609","20220712103000","576","2","花蓮縣","吉安鄉","121.570","23.960","794"
"518","253611","20220712103000","308","3","花蓮縣","吉安鄉","121.580","23.960","517"
"382","253627","20220712103000","404","0","花蓮縣","吉安鄉","121.535","23.930","432"
"18","253641","20220712103000","23","0","花蓮縣","壽豐鄉","121.605","23.925","30"
"690","253648","20220712103000","526","2","花蓮縣","花蓮市","121.625","23.985","613"
"1121","253649","20220712103000","1214","0","花蓮縣","花蓮市","121.620","24.005","1080"
"83","253650","20220712103000","51","3","彰化縣","二林鎮","120.420","23.955","75"
"81","253656","20220712103000","65","2","彰化縣","二林鎮","120.415","23.965","83"
"853","253670","20220712103000","364","3","彰化縣","二林鎮","120.440","23.930","709"
"1583","253672","20220712103000","1444","1","彰化縣","員林鎮","120.580","23.955","1659"
"607","253673","20220712103000","564","1","彰化縣","員林鎮","120.585","23.955","542"
"397","253675","20220712103000","985","0","彰化縣","員林鎮","120.565","23.950","475"
"399","253677","20220712103000","379","1","彰化縣","埔心鄉","120.560","23.940","459"
"870","253681","20220712103000","725","2","彰化縣","員林鎮","120.565","23.945","791"
"12","253686","20220712103000","13","0","彰化縣","員林鎮","120.610","23.980","14"
"2329","253688","20220712103000","2099","1","彰化縣","員林鎮","120.570","23.960","2297"
"3800","253689","20220712103000","3760","1","彰化縣","員林鎮","120.570","23.955","3945"
"238","253764","20220712103000","183","2","花蓮縣","秀林鄉","121.505","23.960","236"
"184","253789","20220712103000","103","3","花蓮縣","秀林鄉","121.495","23.965","197"
"23","254173","20220712103000","23","1","花蓮縣","秀林鄉","121.425","24.000","21"
"1862","254233","20220712103000","2625","0","花蓮縣","花蓮市","121.605","23.975","1902"
"2652","254234","20220712103000","2157","2","花蓮縣","花蓮市","121.600","23.975","2562"
"1798","254236","20220712103000","1658","1","花蓮縣","花蓮市","121.625","23.990","1775"
"2250","254237","20220712103000","2001","1","花蓮縣","花蓮市","121.630","23.985","2000"
"1722","254238","20220712103000","1472","1","花蓮縣","花蓮市","121.630","23.990","1579"
"14","254239","20220712103000","10","2","花蓮縣","花蓮市","121.635","23.990","11"
"2068","254240","20220712103000","1785","1","花蓮縣","花蓮市","121.635","23.995","2051"
"93","254242","20220712103000","34","3","南投縣","國姓鄉","120.880","23.970","82"
"272","254247","20220712103000","250","1","南投縣","國姓鄉","120.875","23.975","266"
"38","254256","20220712103000","43","0","南投縣","國姓鄉","120.885","23.980","40"
"180","254260","20220712103000","184","0","南投縣","國姓鄉","120.870","23.985","209"
"82","254328","20220712103000","73","1","南投縣","國姓鄉","120.830","23.945","76"
"42","254335","20220712103000","31","2","南投縣","國姓鄉","120.865","23.945","48"
"83","254346","20220712103000","62","2","南投縣","國姓鄉","120.865","23.950","77"
"39","254349","20220712103000","38","1","南投縣","中寮鄉","120.830","23.955","40"
"42","254374","20220712103000","22","3","南投縣","國姓鄉","120.860","23.960","33"
"53","254379","20220712103000","41","2","南投縣","中寮鄉","120.835","23.965","58"
"146","254397","20220712103000","108","2","南投縣","國姓鄉","120.865","23.975","132"
"823","254400","20220712103000","488","3","南投縣","埔里鎮","120.970","23.955","737"
"616","254401","20220712103000","424","2","南投縣","埔里鎮","120.990","23.945","685"
"1124","254411","20220712103000","1789","0","南投縣","埔里鎮","120.975","23.955","1286"
"2037","254415","20220712103000","1199","3","南投縣","埔里鎮","120.975","23.960","2002"
"18","254418","20220712103000","15","2","南投縣","埔里鎮","120.990","23.960","17"
"158","254447","20220712103000","155","1","南投縣","埔里鎮","120.925","23.940","185"
"37","254450","20220712103000","35","1","南投縣","埔里鎮","120.940","23.940","39"
"186","254465","20220712103000","264","0","南投縣","埔里鎮","120.915","23.950","176"
"229","254467","20220712103000","1050","0","南投縣","埔里鎮","120.925","23.950","269"
"320","254470","20220712103000","266","2","南投縣","埔里鎮","120.940","23.950","339"
"87","254477","20220712103000","87","1","南投縣","埔里鎮","120.930","23.955","97"
"271","254481","20220712103000","642","0","南投縣","埔里鎮","120.915","23.955","256"
"151","254490","20220712103000","200","0","南投縣","埔里鎮","120.980","23.935","149"
"82","254499","20220712103000","67","2","南投縣","埔里鎮","120.995","23.940","87"
"406","254504","20220712103000","345","1","南投縣","埔里鎮","120.970","23.945","440"
"342","254506","20220712103000","234","2","南投縣","埔里鎮","120.980","23.945","361"
"574","254510","20220712103000","336","3","南投縣","埔里鎮","120.965","23.950","520"
"379","254512","20220712103000","446","0","南投縣","埔里鎮","120.975","23.950","417"
"2291","254517","20220712103000","1592","2","南投縣","埔里鎮","120.970","23.970","2144"
"289","254519","20220712103000","167","3","南投縣","埔里鎮","120.975","23.975","335"
"30","254520","20220712103000","131","0","南投縣","埔里鎮","120.970","23.980","32"
"240","254538","20220712103000","122","3","南投縣","中寮鄉","120.790","23.945","252"
"27","254548","20220712103000","12","3","南投縣","中寮鄉","120.790","23.955","19"
"932","254550","20220712103000","1660","0","南投縣","埔里鎮","120.970","23.965","927"
"246","254560","20220712103000","231","1","南投縣","埔里鎮","120.945","23.960","333"
"20","254571","20220712103000","208","0","南投縣","埔里鎮","120.930","23.970","24"
"428","254589","20220712103000","372","1","南投縣","埔里鎮","120.955","24.005","363"
"965","254592","20220712103000","747","2","南投縣","埔里鎮","120.965","23.955","975"
"22","254593","20220712103000","40","0","南投縣","埔里鎮","120.910","23.985","37"
"46","254599","20220712103000","43","1","南投縣","埔里鎮","120.915","23.990","46"
"14","254619","20220712103000","19","0","南投縣","埔里鎮","120.915","24.005","12"
"647","254621","20220712103000","444","2","南投縣","埔里鎮","120.960","23.960","649"
"201","254622","20220712103000","140","2","南投縣","埔里鎮","120.965","23.960","251"
"85","254624","20220712103000","934","0","南投縣","埔里鎮","120.955","23.965","90"
"20","254626","20220712103000","26","0","南投縣","埔里鎮","120.955","23.970","17"
"402","254627","20220712103000","603","0","南投縣","埔里鎮","120.960","23.970","500"
"571","254629","20220712103000","510","1","南投縣","埔里鎮","120.955","23.975","537"
"644","254633","20220712103000","641","1","南投縣","埔里鎮","120.980","23.980","717"
"41","254641","20220712103000","199","0","南投縣","埔里鎮","120.955","23.955","27"
"363","254658","20220712103000","308","1","南投縣","埔里鎮","120.980","23.990","386"
"214","254675","20220712103000","184","1","南投縣","埔里鎮","120.960","24.000","272"
"44","254680","20220712103000","33","2","南投縣","埔里鎮","120.985","24.000","37"
"42","254694","20220712103000","267","0","南投縣","埔里鎮","120.955","23.940","75"
"349","254705","20220712103000","302","1","南投縣","埔里鎮","120.970","24.005","360"
"182","254706","20220712103000","148","2","南投縣","埔里鎮","120.975","24.005","189"
"736","254712","20220712103000","701","1","花蓮縣","花蓮市","121.610","23.970","696"
"1224","254713","20220712103000","780","3","花蓮縣","花蓮市","121.600","23.965","1230"
"861","254714","20220712103000","869","0","花蓮縣","花蓮市","121.610","23.985","890"
"1603","254716","20220712103000","1515","1","花蓮縣","花蓮市","121.605","23.980","1546"
"1401","254717","20220712103000","1087","2","花蓮縣","花蓮市","121.600","23.980","1361"
"1019","254719","20220712103000","1462","0","花蓮縣","花蓮市","121.605","23.985","1080"
"48","254721","20220712103000","124","0","花蓮縣","花蓮市","121.600","23.970","58"
"1350","254723","20220712103000","1536","0","花蓮縣","花蓮市","121.605","23.970","1357"
"49","254728","20220712103000","103","0","花蓮縣","花蓮市","121.615","23.985","64"
"1005","254729","20220712103000","1308","0","花蓮縣","花蓮市","121.620","24.000","1037"
"1277","254730","20220712103000","1251","1","花蓮縣","花蓮市","121.625","23.995","1309"
"992","254732","20220712103000","723","2","花蓮縣","花蓮市","121.615","23.975","934"
"620","254733","20220712103000","820","0","花蓮縣","花蓮市","121.615","23.980","791"
"2312","254735","20220712103000","1713","2","花蓮縣","吉安鄉","121.590","23.985","2213"
"140","254742","20220712103000","493","0","花蓮縣","花蓮市","121.610","24.005","167"
"41","254743","20220712103000","167","0","花蓮縣","吉安鄉","121.580","23.990","57"
"983","254745","20220712103000","846","1","花蓮縣","吉安鄉","121.590","23.990","959"
"375","254746","20220712103000","386","0","花蓮縣","花蓮市","121.585","23.995","361"
"623","254747","20220712103000","944","0","花蓮縣","花蓮市","121.590","23.995","709"
"2541","254748","20220712103000","2920","0","花蓮縣","花蓮市","121.595","23.995","2613"
"512","254754","20220712103000","478","1","花蓮縣","花蓮市","121.590","24.005","582"
"349","254755","20220712103000","391","0","花蓮縣","花蓮市","121.595","24.005","356"
"1096","254756","20220712103000","1038","1","花蓮縣","花蓮市","121.595","23.970","1149"
"646","254757","20220712103000","551","1","花蓮縣","花蓮市","121.595","23.975","655"
"2367","254766","20220712103000","2053","1","彰化縣","員林鎮","120.570","23.970","2457"
"522","254767","20220712103000","424","2","彰化縣","員林鎮","120.575","23.970","534"
"794","254769","20220712103000","776","1","花蓮縣","花蓮市","121.610","23.975","781"
"3120","254770","20220712103000","1999","3","花蓮縣","花蓮市","121.610","23.980","3179"
"650","254771","20220712103000","564","1","花蓮縣","花蓮市","121.615","24.000","655"
"22","254772","20220712103000","50","0","花蓮縣","花蓮市","121.560","24.000","24"
"178","254777","20220712103000","272","0","花蓮縣","花蓮市","121.575","24.005","183"
"2181","254779","20220712103000","2099","1","花蓮縣","花蓮市","121.600","23.990","2197"
"731","254780","20220712103000","685","1","花蓮縣","花蓮市","121.610","23.990","741"
"2494","254781","20220712103000","3049","0","花蓮縣","花蓮市","121.605","23.990","2679"
"582","254782","20220712103000","494","1","花蓮縣","花蓮市","121.605","23.995","597"
"2146","254783","20220712103000","1602","2","花蓮縣","吉安鄉","121.575","23.990","2150"
"1387","254784","20220712103000","1675","0","花蓮縣","吉安鄉","121.565","23.995","1365"
"293","254785","20220712103000","227","2","花蓮縣","花蓮市","121.570","23.995","299"
"250","254786","20220712103000","656","0","花蓮縣","花蓮市","121.575","23.995","288"
"962","254789","20220712103000","1053","0","花蓮縣","吉安鄉","121.595","23.985","971"
"2295","254790","20220712103000","1404","3","花蓮縣","花蓮市","121.600","23.995","2437"
"22","254798","20220712103000","61","0","南投縣","中寮鄉","120.745","23.935","23"
"31","254887","20220712103000","93","0","南投縣","中寮鄉","120.780","23.945","28"
"252","254901","20220712103000","231","1","南投縣","中寮鄉","120.765","23.940","280"
"207","254913","20220712103000","207","1","彰化縣","員林鎮","120.550","23.975","178"
"482","254920","20220712103000","466","1","彰化縣","員林鎮","120.580","23.935","619"
"49","254922","20220712103000","126","0","彰化縣","員林鎮","120.575","23.940","57"
"229","254925","20220712103000","208","1","彰化縣","員林鎮","120.580","23.945","239"
"132","254926","20220712103000","487","0","彰化縣","員林鎮","120.575","23.945","179"
"812","254940","20220712103000","983","0","花蓮縣","花蓮市","121.620","23.985","895"
"818","254941","20220712103000","726","1","花蓮縣","花蓮市","121.615","23.990","709"
"1346","254942","20220712103000","1110","2","花蓮縣","花蓮市","121.620","23.990","1330"
"140","254945","20220712103000","55","3","花蓮縣","花蓮市","121.630","23.995","130"
"169","254950","20220712103000","112","3","花蓮縣","花蓮市","121.645","24.005","184"
"607","254952","20220712103000","456","2","彰化縣","埔心鄉","120.520","23.965","500"
"55","254964","20220712103000","92","0","彰化縣","芳苑鄉","120.325","23.940","42"
"345","254974","20220712103000","212","3","彰化縣","芳苑鄉","120.330","23.940","398"
"1551","255019","20220712103000","1023","3","彰化縣","員林鎮","120.565","23.965","1646"
"173","255021","20220712103000","651","0","彰化縣","員林鎮","120.600","23.965","217"
"95","255024","20220712103000","68","2","彰化縣","員林鎮","120.610","23.970","90"
"319","255030","20220712103000","274","1","彰化縣","埔心鄉","120.530","23.940","327"
"31","255038","20220712103000","509","0","彰化縣","埔鹽鄉","120.480","23.990","30"
"206","255039","20220712103000","179","1","彰化縣","埔鹽鄉","120.500","23.975","297"
"94","255044","20220712103000","114","0","南投縣","南投市","120.700","23.930","99"
"278","255046","20220712103000","231","2","南投縣","南投市","120.635","23.935","302"
"195","255053","20220712103000","125","3","南投縣","南投市","120.635","23.945","178"
"732","255063","20220712103000","744","0","彰化縣","永靖鄉","120.555","23.935","772"
"45","255064","20220712103000","376","0","彰化縣","永靖鄉","120.560","23.930","49"
"426","255065","20220712103000","389","1","彰化縣","員林鎮","120.555","23.960","410"
"311","255068","20220712103000","154","3","彰化縣","員林鎮","120.560","23.965","322"
"371","255069","20220712103000","360","1","彰化縣","員林鎮","120.555","23.970","428"
"1394","255073","20220712103000","1122","2","南投縣","南投市","120.690","23.945","1372"
"1325","255074","20220712103000","892","2","南投縣","南投市","120.690","23.950","1132"
"63","255075","20220712103000","268","0","南投縣","南投市","120.685","23.950","61"
"68","255078","20220712103000","211","0","南投縣","南投市","120.675","23.945","62"
"80","255079","20220712103000","362","0","南投縣","南投市","120.680","23.945","81"
"158","255081","20220712103000","103","3","南投縣","草屯鎮","120.675","23.950","192"
"650","255088","20220712103000","763","0","南投縣","南投市","120.660","23.935","652"
"527","255092","20220712103000","703","0","南投縣","南投市","120.665","23.940","648"
"10","255093","20220712103000","30","0","南投縣","南投市","120.645","23.945","11"
"352","255094","20220712103000","175","3","南投縣","南投市","120.650","23.945","414"
"31","255100","20220712103000","126","0","南投縣","南投市","120.655","23.950","30"
"177","255107","20220712103000","184","0","南投縣","南投市","120.650","23.955","208"
"372","255130","20220712103000","259","2","彰化縣","芳苑鄉","120.315","23.930","369"
"33","255153","20220712103000","174","0","彰化縣","芳苑鄉","120.380","23.940","35"
"763","255158","20220712103000","465","3","彰化縣","芳苑鄉","120.380","23.955","829"
"156","255176","20220712103000","405","0","彰化縣","埔心鄉","120.555","23.940","215"
"1210","255177","20220712103000","1381","0","彰化縣","埔心鄉","120.540","23.950","1172"
"42","255178","20220712103000","544","0","彰化縣","埔心鄉","120.545","23.950","40"
"68","255179","20220712103000","47","2","彰化縣","埔心鄉","120.540","23.955","70"
"277","255199","20220712103000","211","2","彰化縣","二林鎮","120.420","23.950","277"
"382","255210","20220712103000","427","0","彰化縣","永靖鄉","120.550","23.930","367"
"239","255220","20220712103000","270","0","彰化縣","大村鄉","120.585","23.990","276"
"579","255222","20220712103000","601","0","彰化縣","大村鄉","120.580","23.995","553"
"20","255223","20220712103000","31","0","彰化縣","大村鄉","120.585","23.995","23"
"112","255227","20220712103000","125","0","彰化縣","大村鄉","120.590","23.995","98"
"40","255228","20220712103000","87","0","彰化縣","大村鄉","120.595","23.995","42"
"29","255230","20220712103000","56","0","彰化縣","大村鄉","120.605","23.995","54"
"539","255232","20220712103000","1462","0","彰化縣","大村鄉","120.595","24.000","463"
"576","255234","20220712103000","471","2","彰化縣","大村鄉","120.570","23.975","633"
"620","255238","20220712103000","407","3","彰化縣","大村鄉","120.535","24.000","577"
"13","255239","20220712103000","142","0","彰化縣","大村鄉","120.540","24.000","14"
"231","255251","20220712103000","182","2","彰化縣","埔心鄉","120.515","23.970","268"
"71","255257","20220712103000","76","0","彰化縣","埔心鄉","120.540","23.965","100"
"371","255261","20220712103000","199","3","彰化縣","埔心鄉","120.555","23.950","340"
"352","255262","20220712103000","450","0","彰化縣","埔心鄉","120.550","23.955","375"
"355","255263","20220712103000","332","1","彰化縣","埔心鄉","120.555","23.955","370"
"24","255264","20220712103000","316","0","彰化縣","埔心鄉","120.545","23.960","34"
"1108","255265","20220712103000","108","3","彰化縣","埔心鄉","120.560","23.945","928"
"498","255266","20220712103000","258","3","彰化縣","埔心鄉","120.550","23.945","452"
"432","255267","20220712103000","379","1","彰化縣","埔心鄉","120.555","23.945","464"
"103","255273","20220712103000","58","3","彰化縣","埔心鄉","120.515","23.940","106"
"203","255276","20220712103000","205","0","彰化縣","埔心鄉","120.525","23.950","211"
"1637","255277","20220712103000","912","3","彰化縣","埔心鄉","120.525","23.945","1503"
"281","255284","20220712103000","293","0","彰化縣","埔心鄉","120.520","23.945","288"
"648","255287","20220712103000","391","3","彰化縣","埔心鄉","120.515","23.950","611"
"284","255292","20220712103000","373","0","南投縣","埔里鎮","120.935","23.995","315"
"106","255303","20220712103000","91","1","南投縣","埔里鎮","120.945","24.000","91"
"279","255308","20220712103000","178","3","南投縣","埔里鎮","120.940","24.005","256"
"200","255309","20220712103000","402","0","南投縣","埔里鎮","120.945","24.005","200"
"462","255312","20220712103000","361","2","彰化縣","溪湖鎮","120.495","23.965","381"
"485","255322","20220712103000","481","1","彰化縣","溪湖鎮","120.510","23.970","711"
"1180","255326","20220712103000","509","3","彰化縣","大村鄉","120.545","23.995","1090"
"374","255337","20220712103000","339","1","彰化縣","大村鄉","120.555","24.000","468"
"928","255339","20220712103000","739","2","彰化縣","大村鄉","120.550","24.005","820"
"17","255342","20220712103000","15","1","彰化縣","大村鄉","120.565","23.995","13"
"28","255345","20220712103000","315","0","彰化縣","大村鄉","120.580","24.000","33"
"165","255351","20220712103000","108","3","彰化縣","大村鄉","120.585","24.000","207"
"321","255359","20220712103000","297","1","彰化縣","大村鄉","120.550","23.980","392"
"1537","255361","20220712103000","1082","2","彰化縣","大村鄉","120.565","23.980","1414"
"411","255365","20220712103000","334","2","彰化縣","大村鄉","120.540","23.975","451"
"83","255366","20220712103000","102","0","彰化縣","大村鄉","120.520","23.980","85"
"55","255371","20220712103000","147","0","彰化縣","芳苑鄉","120.355","23.935","72"
"239","255379","20220712103000","117","3","彰化縣","芳苑鄉","120.365","23.940","263"
"81","255396","20220712103000","235","0","彰化縣","芳苑鄉","120.350","23.975","82"
"474","255400","20220712103000","234","3","彰化縣","芳苑鄉","120.345","23.980","526"
"275","255443","20220712103000","190","2","彰化縣","芳苑鄉","120.390","23.980","258"
"114","255448","20220712103000","87","2","彰化縣","芳苑鄉","120.385","23.985","107"
"1319","255463","20220712103000","1283","1","南投縣","埔里鎮","120.975","23.970","1350"
"72","255464","20220712103000","365","0","彰化縣","埔心鄉","120.560","23.950","87"
"24","255465","20220712103000","76","0","彰化縣","埔心鄉","120.560","23.955","27"
"523","255466","20220712103000","415","2","南投縣","南投市","120.695","23.940","554"
"596","255472","20220712103000","497","1","南投縣","南投市","120.695","23.945","619"
"48","255475","20220712103000","40","2","南投縣","南投市","120.700","23.950","50"
"589","255480","20220712103000","871","0","南投縣","南投市","120.695","23.950","556"
"572","255482","20220712103000","564","1","南投縣","南投市","120.690","23.955","404"
"79","255490","20220712103000","192","0","南投縣","南投市","120.690","23.930","81"
"1051","255491","20220712103000","653","3","南投縣","南投市","120.695","23.930","1057"
"270","255494","20220712103000","424","0","南投縣","南投市","120.690","23.935","247"
"882","255496","20220712103000","668","2","南投縣","南投市","120.700","23.935","897"
"142","255498","20220712103000","517","0","南投縣","南投市","120.710","23.935","143"
"365","255525","20220712103000","732","0","彰化縣","芳苑鄉","120.335","23.960","331"
"100","255535","20220712103000","78","2","彰化縣","芳苑鄉","120.360","23.970","86"
"160","255545","20220712103000","130","2","彰化縣","二林鎮","120.385","23.945","175"
"159","255549","20220712103000","132","2","彰化縣","芳苑鄉","120.385","23.955","162"
"140","255550","20220712103000","103","2","彰化縣","芳苑鄉","120.390","23.955","160"
"197","255551","20220712103000","134","2","彰化縣","芳苑鄉","120.395","23.955","218"
"129","255559","20220712103000","99","2","彰化縣","芳苑鄉","120.385","23.970","122"
"71","255593","20220712103000","53","2","南投縣","國姓鄉","120.855","23.995","45"
"284","255626","20220712103000","221","2","南投縣","國姓鄉","120.840","24.005","214"
"471","255633","20220712103000","349","2","南投縣","國姓鄉","120.815","24.000","469"
"139","255636","20220712103000","99","2","南投縣","國姓鄉","120.815","24.005","135"
"380","255646","20220712103000","333","1","南投縣","埔里鎮","120.955","23.995","412"
"498","255647","20220712103000","351","2","南投縣","埔里鎮","120.960","23.965","615"
"11","255663","20220712103000","231","0","南投縣","埔里鎮","121.000","23.955","19"
"256","255680","20220712103000","236","1","南投縣","埔里鎮","121.000","23.965","239"
"1040","255708","20220712103000","1112","0","南投縣","埔里鎮","120.995","23.975","1073"
"271","255724","20220712103000","209","2","南投縣","埔里鎮","121.005","23.980","246"
"121","255748","20220712103000","143","0","南投縣","埔里鎮","121.020","23.990","128"
"137","255778","20220712103000","101","2","南投縣","仁愛鄉","121.040","24.000","84"
"64","255784","20220712103000","53","2","南投縣","埔里鎮","121.055","24.000","50"
"1670","255785","20220712103000","1353","2","南投縣","埔里鎮","120.965","23.965","1592"
"53","255786","20220712103000","63","0","南投縣","埔里鎮","120.965","23.970","57"
"240","255794","20220712103000","233","1","南投縣","埔里鎮","120.990","23.930","242"
"686","255798","20220712103000","481","2","彰化縣","埔鹽鄉","120.485","24.005","727"
"589","255803","20220712103000","417","2","彰化縣","埔鹽鄉","120.475","23.995","609"
"767","255804","20220712103000","535","2","彰化縣","埔鹽鄉","120.480","23.995","910"
"340","255810","20220712103000","176","3","彰化縣","埔鹽鄉","120.455","24.010","342"
"39","255814","20220712103000","404","0","彰化縣","埔鹽鄉","120.430","23.980","36"
"338","255817","20220712103000","241","2","彰化縣","埔鹽鄉","120.445","23.960","343"
"364","255822","20220712103000","148","3","彰化縣","埔鹽鄉","120.440","23.975","360"
"878","255835","20220712103000","623","2","彰化縣","埔鹽鄉","120.465","24.000","879"
"207","255836","20220712103000","126","3","彰化縣","埔鹽鄉","120.460","24.005","245"
"671","255841","20220712103000","433","3","彰化縣","花壇鄉","120.575","24.005","667"
"17","255845","20220712103000","106","0","彰化縣","花壇鄉","120.585","24.010","17"
"341","255861","20220712103000","97","3","彰化縣","埔鹽鄉","120.450","23.985","273"
"58","255868","20220712103000","292","0","彰化縣","埔鹽鄉","120.445","23.985","139"
"294","255875","20220712103000","230","2","彰化縣","埔鹽鄉","120.465","23.970","338"
"232","255894","20220712103000","203","1","彰化縣","埔鹽鄉","120.490","23.990","189"
"24","255901","20220712103000","200","0","彰化縣","埔鹽鄉","120.490","23.975","33"
"57","255903","20220712103000","503","0","彰化縣","埔鹽鄉","120.480","23.980","75"
"678","255912","20220712103000","524","2","彰化縣","大村鄉","120.530","23.990","720"
"549","255913","20220712103000","484","1","彰化縣","大村鄉","120.535","23.990","657"
"956","255917","20220712103000","810","1","彰化縣","大村鄉","120.555","23.990","914"
"440","255920","20220712103000","817","0","彰化縣","大村鄉","120.575","23.985","469"
"371","255921","20220712103000","273","2","彰化縣","大村鄉","120.580","23.985","322"
"388","255923","20220712103000","308","2","彰化縣","大村鄉","120.590","23.985","342"
"85","255924","20220712103000","59","2","彰化縣","大村鄉","120.595","23.985","86"
"175","255941","20220712103000","140","2","彰化縣","大村鄉","120.540","23.980","197"
"576","255950","20220712103000","313","3","彰化縣","大村鄉","120.510","23.985","440"
"343","255953","20220712103000","184","3","彰化縣","大村鄉","120.520","23.985","340"
"200","255956","20220712103000","1241","0","彰化縣","大村鄉","120.560","23.990","225"
"117","255962","20220712103000","71","3","彰化縣","埔鹽鄉","120.430","23.995","115"
"430","255975","20220712103000","181","3","彰化縣","埔鹽鄉","120.420","23.990","396"
"149","255987","20220712103000","385","0","彰化縣","埔鹽鄉","120.450","24.005","143"
"497","256002","20220712103000","651","0","南投縣","埔里鎮","120.945","23.965","420"
"154","256004","20220712103000","1269","0","南投縣","埔里鎮","120.945","23.970","193"
"73","256025","20220712103000","56","2","南投縣","埔里鎮","120.890","23.955","86"
"865","256042","20220712103000","1020","0","南投縣","埔里鎮","120.945","23.975","848"
"489","256043","20220712103000","384","2","南投縣","埔里鎮","120.925","23.980","527"
"53","256061","20220712103000","57","0","彰化縣","員林鎮","120.605","23.950","51"
"1023","256062","20220712103000","809","2","彰化縣","員林鎮","120.605","23.955","1055"
"71","256063","20220712103000","369","0","南投縣","南投市","120.670","23.930","109"
"41","256065","20220712103000","214","0","南投縣","南投市","120.675","23.935","53"
"16","256071","20220712103000","32","0","南投縣","南投市","120.730","23.930","18"
"998","256085","20220712103000","699","2","南投縣","南投市","120.660","23.930","1005"
"478","256086","20220712103000","500","0","南投縣","南投市","120.665","23.930","525"
"537","256089","20220712103000","423","2","南投縣","南投市","120.670","23.940","534"
"464","256091","20220712103000","475","0","彰化縣","員林鎮","120.570","23.965","393"
"1107","256092","20220712103000","1359","0","彰化縣","員林鎮","120.575","23.965","1254"
"2146","256094","20220712103000","1946","1","彰化縣","員林鎮","120.580","23.960","1971"
"15","256095","20220712103000","19","0","彰化縣","員林鎮","120.585","23.960","16"
"1831","256096","20220712103000","772","3","彰化縣","員林鎮","120.580","23.965","1845"
"139","256144","20220712103000","138","1","南投縣","仁愛鄉","121.080","23.995","150"
"203","256164","20220712103000","133","3","南投縣","仁愛鄉","121.085","24.000","159"
"95","256171","20220712103000","79","2","南投縣","仁愛鄉","121.070","24.005","120"
"124","256180","20220712103000","70","3","南投縣","仁愛鄉","121.130","23.980","128"
"385","256187","20220712103000","295","2","南投縣","仁愛鄉","121.100","23.990","380"
"113","256354","20220712103000","88","2","南投縣","仁愛鄉","121.075","23.930","131"
"165","256404","20220712103000","99","3","南投縣","仁愛鄉","121.075","23.950","140"
"22","256598","20220712103000","20","1","南投縣","仁愛鄉","121.120","23.950","20"
"83","256646","20220712103000","73","1","南投縣","仁愛鄉","121.180","23.955","62"
"162","256716","20220712103000","81","3","南投縣","仁愛鄉","121.130","23.960","162"
"94","256753","20220712103000","71","2","南投縣","仁愛鄉","121.105","23.965","124"
"157","256953","20220712103000","1488","0","彰化縣","員林鎮","120.575","23.950","220"
"611","256956","20220712103000","386","3","彰化縣","員林鎮","120.595","23.960","599"
"50","256962","20220712103000","33","3","彰化縣","員林鎮","120.615","23.950","46"
"187","256968","20220712103000","155","2","彰化縣","員林鎮","120.625","23.955","183"
"22","256971","20220712103000","156","0","彰化縣","員林鎮","120.550","23.965","25"
"184","256976","20220712103000","154","1","彰化縣","員林鎮","120.605","23.945","141"
"61","256977","20220712103000","55","1","彰化縣","員林鎮","120.610","23.945","59"
"130","256978","20220712103000","126","1","彰化縣","員林鎮","120.615","23.945","123"
"1540","256982","20220712103000","1490","1","彰化縣","員林鎮","120.565","23.955","1502"
"2570","256983","20220712103000","2101","2","彰化縣","員林鎮","120.565","23.960","2554"
"379","256986","20220712103000","211","3","彰化縣","員林鎮","120.595","23.975","325"
"463","256988","20220712103000","307","3","彰化縣","大村鄉","120.590","23.980","433"
"1715","256995","20220712103000","1308","2","彰化縣","員林鎮","120.575","23.955","1779"
"63","256996","20220712103000","57","1","彰化縣","員林鎮","120.595","23.935","85"
"111","256997","20220712103000","409","0","彰化縣","員林鎮","120.605","23.935","125"
"76","257007","20220712103000","67","1","彰化縣","員林鎮","120.620","23.940","60"
"281","257021","20220712103000","268","1","彰化縣","二林鎮","120.415","23.955","308"
"98","257028","20220712103000","83","1","彰化縣","二林鎮","120.430","23.955","113"
"526","257055","20220712103000","372","2","彰化縣","二林鎮","120.400","23.930","418"
"752","257083","20220712103000","461","3","南投縣","草屯鎮","120.670","23.950","765"
"36","257086","20220712103000","327","0","南投縣","草屯鎮","120.680","23.955","49"
"971","257088","20220712103000","3174","0","南投縣","草屯鎮","120.680","23.960","1009"
"186","257089","20220712103000","766","0","南投縣","草屯鎮","120.680","23.965","179"
"76","257092","20220712103000","668","0","彰化縣","員林鎮","120.570","23.945","82"
"506","257094","20220712103000","446","1","彰化縣","員林鎮","120.590","23.950","543"
"315","257095","20220712103000","216","2","彰化縣","員林鎮","120.595","23.950","383"
"1283","257097","20220712103000","1024","2","彰化縣","員林鎮","120.570","23.950","1138"
"77","257100","20220712103000","459","0","彰化縣","員林鎮","120.585","23.970","91"
"409","257103","20220712103000","323","2","彰化縣","二林鎮","120.455","23.930","423"
"241","257115","20220712103000","185","2","彰化縣","二林鎮","120.445","23.945","228"
"947","257118","20220712103000","651","2","彰化縣","二林鎮","120.440","23.950","1005"
"576","257124","20220712103000","579","0","彰化縣","員林鎮","120.590","23.940","614"
"199","257135","20220712103000","188","1","彰化縣","埔心鄉","120.510","23.940","174"
"10","257145","20220712103000","291","0","彰化縣","溪湖鎮","120.485","23.940","12"
"228","257149","20220712103000","186","2","彰化縣","溪湖鎮","120.480","23.955","317"
"507","257152","20220712103000","1607","0","南投縣","草屯鎮","120.685","23.975","539"
"569","257154","20220712103000","498","1","南投縣","草屯鎮","120.725","23.980","611"
"57","257160","20220712103000","55","1","南投縣","草屯鎮","120.720","23.990","42"
"123","257162","20220712103000","114","1","南投縣","草屯鎮","120.730","23.990","130"
"891","257166","20220712103000","386","3","南投縣","草屯鎮","120.680","23.970","889"
"2102","257168","20220712103000","1628","2","南投縣","草屯鎮","120.680","23.980","2206"
"24","257171","20220712103000","357","0","南投縣","草屯鎮","120.655","24.000","22"
"393","257173","20220712103000","347","1","南投縣","草屯鎮","120.665","24.000","431"
"651","257176","20220712103000","372","3","南投縣","草屯鎮","120.650","24.005","705"
"281","257181","20220712103000","271","1","南投縣","草屯鎮","120.725","23.995","310"
"335","257193","20220712103000","271","2","南投縣","草屯鎮","120.730","24.000","309"
"687","257213","20220712103000","500","2","彰化縣","溪湖鎮","120.450","23.955","670"
"465","257215","20220712103000","442","1","彰化縣","溪湖鎮","120.460","23.955","539"
"22","257222","20220712103000","16","2","南投縣","草屯鎮","120.750","23.975","31"
"344","257229","20220712103000","282","2","南投縣","草屯鎮","120.750","23.980","339"
"313","257235","20220712103000","280","1","南投縣","草屯鎮","120.750","23.985","301"
"47","257245","20220712103000","38","2","南投縣","草屯鎮","120.720","23.955","71"
"169","257251","20220712103000","102","3","南投縣","中寮鄉","120.750","23.955","153"
"177","257267","20220712103000","128","2","南投縣","草屯鎮","120.745","23.965","154"
"98","257273","20220712103000","102","0","南投縣","草屯鎮","120.705","23.960","121"
"774","257282","20220712103000","463","3","南投縣","草屯鎮","120.705","23.975","805"
"779","257285","20220712103000","656","1","南投縣","草屯鎮","120.695","23.980","798"
"1314","257286","20220712103000","1151","1","南投縣","草屯鎮","120.700","23.980","1317"
"772","257289","20220712103000","709","1","南投縣","草屯鎮","120.715","23.980","818"
"1140","257294","20220712103000","765","2","南投縣","南投市","120.685","23.955","1280"
"146","257295","20220712103000","503","0","南投縣","草屯鎮","120.685","23.960","152"
"1671","257299","20220712103000","948","3","南投縣","草屯鎮","120.690","23.965","1693"
"24","257300","20220712103000","36","0","南投縣","草屯鎮","120.695","23.965","25"
"165","257307","20220712103000","154","1","南投縣","草屯鎮","120.775","23.985","176"
"76","257320","20220712103000","99","0","南投縣","草屯鎮","120.765","23.995","89"
"333","257342","20220712103000","555","0","南投縣","草屯鎮","120.700","23.985","311"
"40","257346","20220712103000","70","0","南投縣","草屯鎮","120.705","23.990","40"
"107","257348","20220712103000","191","0","南投縣","草屯鎮","120.715","23.990","122"
"349","257349","20220712103000","959","0","南投縣","草屯鎮","120.690","23.995","377"
"151","257351","20220712103000","134","1","南投縣","草屯鎮","120.700","23.995","154"
"454","257354","20220712103000","449","1","南投縣","草屯鎮","120.715","23.995","450"
"555","257356","20220712103000","333","3","南投縣","草屯鎮","120.695","23.995","542"
"746","257362","20220712103000","634","1","南投縣","草屯鎮","120.695","24.000","829"
"389","257365","20220712103000","217","3","南投縣","草屯鎮","120.710","24.000","294"
"77","257366","20220712103000","98","0","南投縣","草屯鎮","120.670","23.960","89"
"464","257368","20220712103000","182","3","南投縣","草屯鎮","120.675","23.965","445"
"207","257369","20220712103000","163","2","南投縣","草屯鎮","120.670","23.970","194"
"531","257370","20220712103000","309","3","南投縣","草屯鎮","120.670","23.975","535"
"305","257373","20220712103000","211","2","南投縣","草屯鎮","120.675","23.980","343"
"885","257376","20220712103000","1049","0","南投縣","草屯鎮","120.680","23.985","973"
"335","257377","20220712103000","273","2","南投縣","草屯鎮","120.670","23.990","344"
"33","257381","20220712103000","157","0","南投縣","草屯鎮","120.670","23.995","35"
"398","257386","20220712103000","128","3","南投縣","草屯鎮","120.685","23.990","436"
"478","257387","20220712103000","323","2","南投縣","草屯鎮","120.680","23.995","476"
"83","257389","20220712103000","261","0","南投縣","草屯鎮","120.680","24.000","85"
"511","257396","20220712103000","365","2","南投縣","草屯鎮","120.680","24.005","531"
"205","257400","20220712103000","733","0","南投縣","草屯鎮","120.685","23.985","226"
"2162","257401","20220712103000","1943","1","南投縣","草屯鎮","120.685","23.980","2101"
"137","257403","20220712103000","227","0","南投縣","草屯鎮","120.640","23.995","108"
"376","257407","20220712103000","418","0","南投縣","草屯鎮","120.660","23.995","391"
"90","257410","20220712103000","239","0","南投縣","草屯鎮","120.650","23.995","77"
"147","257415","20220712103000","101","2","南投縣","草屯鎮","120.655","23.965","94"
"560","257418","20220712103000","422","2","南投縣","草屯鎮","120.650","23.970","574"
"402","257422","20220712103000","252","3","南投縣","草屯鎮","120.650","23.975","409"
"224","257424","20220712103000","168","2","南投縣","草屯鎮","120.660","23.975","219"
"407","257425","20220712103000","314","2","南投縣","草屯鎮","120.665","23.975","411"
"105","257426","20220712103000","249","0","南投縣","草屯鎮","120.650","23.980","114"
"540","257429","20220712103000","523","1","南投縣","草屯鎮","120.665","23.950","558"
"478","257438","20220712103000","249","3","南投縣","草屯鎮","120.660","23.960","527"
"111","257439","20220712103000","114","0","南投縣","草屯鎮","120.665","23.960","108"
"234","257496","20220712103000","176","2","南投縣","草屯鎮","120.795","23.985","259"
"241","257505","20220712103000","183","2","南投縣","草屯鎮","120.795","23.990","215"
"236","257522","20220712103000","168","2","南投縣","草屯鎮","120.800","24.000","249"
"90","257550","20220712103000","268","0","彰化縣","福興鄉","120.410","24.005","90"
"166","257580","20220712103000","115","2","彰化縣","芳苑鄉","120.400","23.995","178"
"491","257591","20220712103000","409","2","彰化縣","芳苑鄉","120.365","24.000","512"
"212","257595","20220712103000","207","1","彰化縣","芳苑鄉","120.385","24.000","217"
"345","257609","20220712103000","280","2","彰化縣","芳苑鄉","120.370","24.005","355"
"368","257631","20220712103000","159","3","彰化縣","芳苑鄉","120.340","23.965","312"
"193","257632","20220712103000","629","0","彰化縣","芳苑鄉","120.345","23.965","182"
"38","257638","20220712103000","41","0","彰化縣","芳苑鄉","120.325","23.970","48"
"366","257669","20220712103000","995","0","彰化縣","秀水鄉","120.510","23.995","411"
"522","257680","20220712103000","347","3","彰化縣","秀水鄉","120.520","24.000","566"
"1092","257685","20220712103000","801","2","彰化縣","福興鄉","120.490","24.010","1165"
"1958","257686","20220712103000","1605","2","彰化縣","福興鄉","120.495","24.010","1943"
"18","257694","20220712103000","19","0","彰化縣","芬園鄉","120.605","24.005","18"
"407","257699","20220712103000","208","3","彰化縣","溪湖鎮","120.490","23.950","389"
"514","257700","20220712103000","516","0","彰化縣","溪湖鎮","120.495","23.950","482"
"890","257703","20220712103000","415","3","彰化縣","溪湖鎮","120.475","23.960","897"
"353","257704","20220712103000","218","3","彰化縣","溪湖鎮","120.465","23.965","367"
"2306","257708","20220712103000","2133","1","彰化縣","溪湖鎮","120.480","23.960","2190"
"425","257713","20220712103000","285","2","彰化縣","溪湖鎮","120.485","23.935","456"
"20","257720","20220712103000","23","0","彰化縣","溪湖鎮","120.500","23.940","45"
"66","257725","20220712103000","266","0","彰化縣","溪湖鎮","120.505","23.950","57"
"609","257727","20220712103000","461","2","彰化縣","溪湖鎮","120.490","23.955","676"
"74","257728","20220712103000","107","0","彰化縣","溪湖鎮","120.495","23.955","99"
"388","257729","20220712103000","451","0","彰化縣","溪湖鎮","120.485","23.960","462"
"236","257731","20220712103000","270","0","彰化縣","溪湖鎮","120.495","23.960","336"
"307","257733","20220712103000","316","0","彰化縣","溪湖鎮","120.490","23.965","285"
"414","257734","20220712103000","430","0","彰化縣","溪湖鎮","120.485","23.970","435"
"246","257750","20220712103000","204","2","彰化縣","芬園鄉","120.625","23.965","290"
"159","257766","20220712103000","213","0","彰化縣","溪湖鎮","120.475","23.950","153"
"513","257767","20220712103000","526","0","彰化縣","溪湖鎮","120.475","23.955","513"
"233","257778","20220712103000","159","2","彰化縣","溪湖鎮","120.475","23.970","220"
"873","257781","20220712103000","739","1","彰化縣","溪湖鎮","120.470","23.980","849"
"224","257784","20220712103000","148","3","南投縣","草屯鎮","120.670","23.980","210"
"136","257785","20220712103000","445","0","南投縣","草屯鎮","120.650","23.985","127"
"230","257788","20220712103000","304","0","南投縣","草屯鎮","120.665","23.985","216"
"268","257792","20220712103000","289","0","南投縣","草屯鎮","120.665","23.990","267"
"30","257795","20220712103000","346","0","彰化縣","社頭鄉","120.605","23.930","50"
"129","257797","20220712103000","127","1","彰化縣","社頭鄉","120.615","23.930","131"
"69","257798","20220712103000","39","3","彰化縣","社頭鄉","120.620","23.930","83"
"410","257802","20220712103000","268","3","彰化縣","芬園鄉","120.630","23.995","415"
"25","257808","20220712103000","12","3","彰化縣","芬園鄉","120.615","24.005","25"
"1429","257810","20220712103000","972","2","彰化縣","芬園鄉","120.630","24.010","1476"
"49","257812","20220712103000","240","0","彰化縣","芬園鄉","120.640","24.010","58"
"49","257813","20220712103000","26","3","彰化縣","芬園鄉","120.645","24.010","47"
"421","257817","20220712103000","207","3","彰化縣","埔鹽鄉","120.425","23.995","365"
"58","257823","20220712103000","160","0","彰化縣","埔鹽鄉","120.430","24.005","50"
"278","257824","20220712103000","164","3","彰化縣","福興鄉","120.420","24.010","280"
"41","257825","20220712103000","16","3","彰化縣","福興鄉","120.425","24.010","28"
"292","257827","20220712103000","863","0","彰化縣","秀水鄉","120.515","24.010","315"
"219","257834","20220712103000","127","3","彰化縣","芬園鄉","120.620","23.980","216"
"182","257851","20220712103000","96","3","彰化縣","芬園鄉","120.610","23.995","224"
"84","257857","20220712103000","98","0","彰化縣","芬園鄉","120.625","24.000","88"
"47","257867","20220712103000","225","0","彰化縣","芬園鄉","120.645","23.965","46"
"406","257871","20220712103000","230","3","彰化縣","芬園鄉","120.640","23.975","414"
"35","257882","20220712103000","307","0","彰化縣","花壇鄉","120.550","24.010","47"
"53","257884","20220712103000","48","1","彰化縣","花壇鄉","120.570","24.010","63"
"596","257886","20220712103000","517","1","彰化縣","社頭鄉","120.575","23.930","546"
"366","257898","20220712103000","350","1","南投縣","草屯鎮","120.730","23.975","363"
"261","257902","20220712103000","201","2","南投縣","草屯鎮","120.735","23.980","271"
"679","257907","20220712103000","1153","0","彰化縣","溪湖鎮","120.480","23.965","620"
"27","257908","20220712103000","367","0","彰化縣","溪湖鎮","120.480","23.970","33"
"792","263412","20220712103000","1687","0","臺中市","霧峰區","120.690","24.045","905"
"923","263414","20220712103000","698","2","臺中市","霧峰區","120.685","24.050","955"
"148","263420","20220712103000","116","2","臺中市","霧峰區","120.705","24.045","198"
"23","263428","20220712103000","33","0","臺中市","霧峰區","120.705","24.055","46"
"406","263432","20220712103000","640","0","臺中市","霧峰區","120.705","24.060","405"
"37","263433","20220712103000","326","0","臺中市","霧峰區","120.710","24.060","27"
"53","263450","20220712103000","253","0","臺中市","霧峰區","120.700","24.020","59"
"476","263482","20220712103000","420","1","臺中市","霧峰區","120.700","24.030","429"
"553","263484","20220712103000","461","1","臺中市","霧峰區","120.695","24.035","544"
"323","263486","20220712103000","382","0","臺中市","霧峰區","120.710","24.070","379"
"399","263487","20220712103000","1079","0","臺中市","霧峰區","120.715","24.070","481"
"82","263488","20220712103000","206","0","臺中市","霧峰區","120.720","24.070","81"
"470","263490","20220712103000","559","0","臺中市","霧峰區","120.705","24.075","517"
"361","263491","20220712103000","323","1","臺中市","霧峰區","120.710","24.075","353"
"1069","263492","20220712103000","1148","0","臺中市","霧峰區","120.715","24.075","1012"
"17","263493","20220712103000","240","0","臺中市","霧峰區","120.720","24.075","31"
"484","263495","20220712103000","311","3","臺中市","霧峰區","120.710","24.080","528"
"21","263497","20220712103000","20","1","臺中市","大里區","120.720","24.080","22"
"78","263498","20220712103000","535","0","臺中市","霧峰區","120.665","24.055","100"
"11","263499","20220712103000","45","0","臺中市","霧峰區","120.665","24.060","19"
"24","263518","20220712103000","80","0","臺中市","霧峰區","120.730","24.040","21"
"902","263528","20220712103000","905","0","臺中市","霧峰區","120.695","24.040","885"
"47","263539","20220712103000","80","0","臺中市","霧峰區","120.695","24.045","71"
"135","263553","20220712103000","84","3","臺中市","霧峰區","120.725","24.030","119"
"198","263569","20220712103000","110","3","臺中市","霧峰區","120.725","24.035","195"
"19","263573","20220712103000","146","0","臺中市","霧峰區","120.750","24.035","25"
"570","263579","20220712103000","523","1","臺中市","大里區","120.695","24.080","738"
"2572","263581","20220712103000","2065","2","臺中市","大里區","120.695","24.085","2422"
"196","263583","20220712103000","214","0","臺中市","大里區","120.690","24.085","199"
"115","263584","20220712103000","129","0","臺中市","大里區","120.700","24.080","120"
"1346","263585","20220712103000","1212","1","臺中市","大里區","120.700","24.085","1546"
"15","263586","20220712103000","293","0","臺中市","大里區","120.705","24.085","15"
"1045","263587","20220712103000","906","1","臺中市","大里區","120.705","24.090","974"
"417","263588","20220712103000","440","0","臺中市","大里區","120.715","24.095","422"
"30","263615","20220712103000","18","3","臺中市","太平區","120.780","24.090","23"
"59","263708","20220712103000","38","3","臺中市","太平區","120.755","24.085","71"
"219","263716","20220712103000","188","1","臺中市","太平區","120.745","24.090","242"
"228","263736","20220712103000","258","0","臺中市","霧峰區","120.700","24.050","229"
"795","263737","20220712103000","537","2","臺中市","霧峰區","120.695","24.055","642"
"160","263738","20220712103000","127","2","臺中市","霧峰區","120.700","24.055","180"
"85","263741","20220712103000","423","0","臺中市","霧峰區","120.680","24.060","88"
"1014","263743","20220712103000","937","1","臺中市","霧峰區","120.680","24.065","1106"
"14","263745","20220712103000","24","0","臺中市","霧峰區","120.690","24.065","17"
"730","263746","20220712103000","513","2","臺中市","霧峰區","120.680","24.070","693"
"100","263747","20220712103000","622","0","臺中市","霧峰區","120.700","24.070","109"
"100","263753","20220712103000","103","0","臺中市","新社區","120.885","24.095","84"
"930","263758","20220712103000","674","2","臺中市","大里區","120.685","24.075","921"
"539","263759","20220712103000","315","3","臺中市","大里區","120.690","24.075","519"
"407","263764","20220712103000","705","0","臺中市","大里區","120.680","24.085","382"
"11","263765","20220712103000","270","0","臺中市","大里區","120.685","24.085","12"
"355","263766","20220712103000","295","2","臺中市","太平區","120.730","24.095","356"
"54","263775","20220712103000","19","3","臺中市","霧峰區","120.725","24.060","61"
"360","263776","20220712103000","360","1","臺中市","霧峰區","120.705","24.065","351"
"37","263778","20220712103000","262","0","臺中市","霧峰區","120.715","24.065","43"
"227","263794","20220712103000","130","3","臺中市","霧峰區","120.745","24.045","232"
"120","263828","20220712103000","183","0","臺中市","霧峰區","120.745","24.060","102"
"47","263842","20220712103000","37","2","臺中市","霧峰區","120.760","24.065","41"
"87","263846","20220712103000","45","3","臺中市","霧峰區","120.735","24.070","70"
"404","263863","20220712103000","373","1","臺中市","霧峰區","120.695","24.015","419"
"665","263864","20220712103000","651","1","臺中市","霧峰區","120.685","24.020","677"
"620","263875","20220712103000","462","2","臺中市","烏日區","120.655","24.055","603"
"416","263876","20220712103000","520","0","臺中市","烏日區","120.660","24.055","497"
"355","263878","20220712103000","285","2","臺中市","烏日區","120.655","24.045","378"
"384","263884","20220712103000","333","1","臺中市","烏日區","120.650","24.050","395"
"511","263885","20220712103000","656","0","臺中市","烏日區","120.635","24.070","592"
"1698","263888","20220712103000","1648","1","臺中市","烏日區","120.635","24.080","1705"
"510","263891","20220712103000","500","1","臺中市","烏日區","120.625","24.090","549"
"1668","263900","20220712103000","1560","1","臺中市","烏日區","120.640","24.075","1823"
"1053","263902","20220712103000","839","2","臺中市","烏日區","120.650","24.075","1040"
"53","263907","20220712103000","1135","0","臺中市","烏日區","120.645","24.085","60"
"212","263933","20220712103000","272","0","臺中市","烏日區","120.635","24.050","219"
"3351","263942","20220712103000","1877","3","臺中市","大里區","120.680","24.095","3255"
"304","263943","20220712103000","302","1","臺中市","大里區","120.665","24.095","450"
"1346","263945","20220712103000","850","3","臺中市","大里區","120.690","24.090","1368"
"993","263946","20220712103000","1001","0","臺中市","大里區","120.695","24.095","944"
"315","263948","20220712103000","254","2","臺中市","大里區","120.705","24.095","346"
"219","263949","20220712103000","198","1","臺中市","大里區","120.710","24.095","254"
"561","263950","20220712103000","807","0","臺中市","大里區","120.715","24.090","591"
"1027","263951","20220712103000","1004","1","臺中市","大里區","120.720","24.095","961"
"21","263953","20220712103000","380","0","臺中市","大里區","120.695","24.090","23"
"1055","263954","20220712103000","819","2","臺中市","大里區","120.700","24.095","949"
"763","263960","20220712103000","339","3","臺中市","大里區","120.735","24.090","631"
"1152","263962","20220712103000","1044","1","臺中市","大里區","120.720","24.090","1010"
"541","263964","20220712103000","526","1","臺中市","大里區","120.730","24.090","619"
"666","263969","20220712103000","763","0","臺中市","大里區","120.710","24.085","716"
"230","263970","20220712103000","398","0","臺中市","大里區","120.715","24.085","253"
"221","263971","20220712103000","267","0","臺中市","大里區","120.720","24.085","300"
"43","263975","20220712103000","82","0","臺中市","大里區","120.710","24.090","48"
"174","263977","20220712103000","84","3","臺中市","大里區","120.665","24.085","191"
"451","263979","20220712103000","378","1","臺中市","大里區","120.675","24.085","620"
"586","263989","20220712103000","476","2","臺中市","大里區","120.685","24.095","583"
"316","263990","20220712103000","316","1","臺中市","大里區","120.690","24.095","429"
"168","263991","20220712103000","277","0","臺中市","霧峰區","120.695","24.065","152"
"2340","263992","20220712103000","2433","0","臺中市","霧峰區","120.700","24.065","2324"
"539","263995","20220712103000","368","2","臺中市","霧峰區","120.665","24.065","687"
"221","263999","20220712103000","701","0","臺中市","霧峰區","120.665","24.070","218"
"46","264007","20220712103000","552","0","臺中市","霧峰區","120.655","24.085","45"
"46","264008","20220712103000","476","0","臺中市","霧峰區","120.650","24.085","50"
"206","264016","20220712103000","200","1","臺中市","霧峰區","120.690","24.040","216"
"30","264018","20220712103000","423","0","臺中市","霧峰區","120.685","24.045","30"
"21","264024","20220712103000","380","0","臺中市","霧峰區","120.665","24.040","18"
"282","264029","20220712103000","262","1","臺中市","霧峰區","120.660","24.050","287"
"616","264031","20220712103000","578","1","臺中市","大里區","120.700","24.090","606"
"133","264037","20220712103000","72","3","臺中市","霧峰區","120.670","24.025","84"
"24","264042","20220712103000","281","0","臺中市","霧峰區","120.670","24.030","26"
"179","264047","20220712103000","242","0","花蓮縣","秀林鄉","121.580","24.020","182"
"258","264094","20220712103000","190","2","花蓮縣","秀林鄉","121.595","24.050","249"
"908","264107","20220712103000","1137","0","花蓮縣","秀林鄉","121.600","24.055","891"
"421","264435","20220712103000","416","1","花蓮縣","新城鄉","121.610","24.080","410"
"259","264642","20220712103000","239","1","花蓮縣","新城鄉","121.595","24.015","276"
"323","264655","20220712103000","236","2","花蓮縣","新城鄉","121.590","24.035","310"
"149","264661","20220712103000","142","1","花蓮縣","新城鄉","121.595","24.040","176"
"849","264663","20220712103000","465","3","花蓮縣","新城鄉","121.605","24.030","947"
"393","264665","20220712103000","326","2","花蓮縣","新城鄉","121.605","24.035","382"
"382","264667","20220712103000","328","1","花蓮縣","新城鄉","121.600","24.035","371"
"2268","264676","20220712103000","1586","2","臺中市","烏日區","120.645","24.060","2235"
"73","264678","20220712103000","672","0","臺中市","烏日區","120.655","24.060","79"
"369","264683","20220712103000","501","0","臺中市","烏日區","120.640","24.065","391"
"259","264700","20220712103000","264","0","臺中市","烏日區","120.620","24.090","283"
"440","264703","20220712103000","296","2","臺中市","霧峰區","120.675","24.040","441"
"250","264707","20220712103000","203","2","臺中市","霧峰區","120.680","24.045","243"
"292","264712","20220712103000","306","0","臺中市","霧峰區","120.675","24.050","461"
"1076","264717","20220712103000","1040","1","臺中市","烏日區","120.645","24.090","1004"
"382","264719","20220712103000","350","1","臺中市","烏日區","120.635","24.095","365"
"41","264720","20220712103000","40","1","臺中市","烏日區","120.640","24.095","41"
"50","264722","20220712103000","183","0","臺中市","烏日區","120.645","24.095","53"
"520","264725","20220712103000","508","1","臺中市","烏日區","120.655","24.095","618"
"185","264726","20220712103000","162","1","臺中市","大里區","120.660","24.095","199"
"986","264728","20220712103000","890","1","花蓮縣","花蓮市","121.625","24.010","936"
"876","264732","20220712103000","749","1","花蓮縣","花蓮市","121.630","24.015","820"
"495","264737","20220712103000","409","2","花蓮縣","花蓮市","121.635","24.025","495"
"15","264856","20220712103000","19","0","花蓮縣","秀林鄉","121.410","24.020","17"
"97","265344","20220712103000","47","3","南投縣","國姓鄉","120.830","24.030","111"
"19","265374","20220712103000","15","2","南投縣","國姓鄉","120.800","24.045","21"
"74","265406","20220712103000","38","3","南投縣","國姓鄉","120.825","24.070","59"
"21","265430","20220712103000","24","0","南投縣","國姓鄉","120.880","24.050","27"
"119","265436","20220712103000","77","3","南投縣","國姓鄉","120.910","24.050","106"
"154","265440","20220712103000","130","1","南投縣","國姓鄉","120.930","24.050","164"
"391","265442","20220712103000","197","3","南投縣","國姓鄉","120.880","24.055","375"
"209","265449","20220712103000","191","1","南投縣","國姓鄉","120.915","24.055","211"
"23","265465","20220712103000","20","1","南投縣","國姓鄉","120.930","24.060","21"
"127","265467","20220712103000","88","2","南投縣","國姓鄉","120.940","24.060","121"
"13","265498","20220712103000","13","1","南投縣","國姓鄉","120.930","24.075","19"
"112","265569","20220712103000","367","0","南投縣","國姓鄉","120.850","24.040","124"
"19","265593","20220712103000","156","0","南投縣","埔里鎮","120.910","24.025","28"
"23","265615","20220712103000","238","0","南投縣","埔里鎮","120.920","24.040","26"
"362","265622","20220712103000","249","2","南投縣","國姓鄉","120.930","24.045","378"
"57","265627","20220712103000","66","0","南投縣","埔里鎮","120.950","24.010","60"
"109","265628","20220712103000","288","0","南投縣","埔里鎮","120.945","24.015","109"
"11","265631","20220712103000","28","0","南投縣","埔里鎮","120.940","24.020","11"
"227","265633","20220712103000","196","1","南投縣","埔里鎮","120.950","24.020","243"
"111","265651","20220712103000","97","1","南投縣","埔里鎮","120.950","24.035","106"
"68","265706","20220712103000","152","0","花蓮縣","花蓮市","121.590","24.010","88"
"1056","265708","20220712103000","1040","1","花蓮縣","新城鄉","121.610","24.015","1018"
"124","265711","20220712103000","99","2","花蓮縣","新城鄉","121.605","24.020","124"
"983","265716","20220712103000","673","2","花蓮縣","新城鄉","121.605","24.025","1007"
"195","265719","20220712103000","192","1","花蓮縣","新城鄉","121.620","24.025","199"
"189","265723","20220712103000","206","0","花蓮縣","新城鄉","121.615","24.030","208"
"98","265734","20220712103000","70","2","花蓮縣","新城鄉","121.625","24.035","75"
"654","265739","20220712103000","528","2","花蓮縣","新城鄉","121.605","24.040","621"
"369","265742","20220712103000","254","2","花蓮縣","新城鄉","121.610","24.045","369"
"18","265743","20220712103000","311","0","花蓮縣","新城鄉","121.615","24.045","12"
"108","265753","20220712103000","95","1","花蓮縣","新城鄉","121.615","24.060","103"
"335","265754","20220712103000","397","0","花蓮縣","新城鄉","121.610","24.065","351"
"589","265773","20220712103000","374","3","彰化縣","彰化市","120.570","24.085","612"
"799","265774","20220712103000","637","2","彰化縣","彰化市","120.575","24.090","826"
"243","265780","20220712103000","213","1","彰化縣","彰化市","120.620","24.045","218"
"388","265784","20220712103000","304","2","彰化縣","彰化市","120.620","24.060","353"
"1289","265794","20220712103000","1691","0","彰化縣","彰化市","120.535","24.090","1250"
"1530","265797","20220712103000","1150","2","彰化縣","彰化市","120.545","24.075","1496"
"1002","265798","20220712103000","509","3","彰化縣","彰化市","120.555","24.070","1113"
"1862","265800","20220712103000","1085","3","彰化縣","彰化市","120.545","24.085","1788"
"369","265801","20220712103000","258","2","彰化縣","彰化市","120.555","24.090","370"
"1362","265802","20220712103000","1757","0","彰化縣","彰化市","120.555","24.080","1183"
"35","265803","20220712103000","654","0","彰化縣","彰化市","120.560","24.080","35"
"1169","265804","20220712103000","1511","0","彰化縣","彰化市","120.555","24.085","1183"
"60","265805","20220712103000","97","0","彰化縣","彰化市","120.560","24.085","61"
"1248","265806","20220712103000","569","3","彰化縣","彰化市","120.535","24.080","1076"
"2441","265807","20220712103000","1310","3","彰化縣","彰化市","120.540","24.085","2570"
"2318","265808","20220712103000","1416","3","彰化縣","彰化市","120.545","24.090","2597"
"461","265810","20220712103000","171","3","彰化縣","彰化市","120.550","24.075","435"
"3181","265812","20220712103000","1368","3","彰化縣","彰化市","120.530","24.080","2729"
"87","265817","20220712103000","242","0","彰化縣","鹿港鎮","120.480","24.090","110"
"818","265820","20220712103000","489","3","彰化縣","彰化市","120.535","24.070","966"
"1332","265821","20220712103000","707","3","彰化縣","彰化市","120.530","24.065","1329"
"2194","265822","20220712103000","1298","3","彰化縣","彰化市","120.530","24.070","2239"
"609","265823","20220712103000","595","1","彰化縣","鹿港鎮","120.445","24.055","623"
"26","265824","20220712103000","256","0","彰化縣","鹿港鎮","120.445","24.060","30"
"32","265825","20220712103000","31","1","彰化縣","鹿港鎮","120.450","24.060","30"
"643","265826","20220712103000","509","2","彰化縣","鹿港鎮","120.445","24.065","750"
"21","265839","20220712103000","21","1","彰化縣","彰化市","120.580","24.075","20"
"388","265841","20220712103000","1676","0","彰化縣","彰化市","120.535","24.075","451"
"647","265848","20220712103000","638","1","彰化縣","鹿港鎮","120.460","24.080","729"
"508","265863","20220712103000","414","2","彰化縣","鹿港鎮","120.435","24.050","421"
"911","265864","20220712103000","1150","0","彰化縣","彰化市","120.550","24.085","930"
"777","265898","20220712103000","448","3","南投縣","國姓鄉","120.860","24.060","705"
"260","265927","20220712103000","145","3","南投縣","國姓鄉","120.845","24.025","241"
"58","265948","20220712103000","284","0","南投縣","國姓鄉","120.860","24.040","62"
"568","265956","20220712103000","323","3","南投縣","國姓鄉","120.855","24.045","530"
"278","265973","20220712103000","400","0","南投縣","國姓鄉","120.820","24.020","256"
"15","265977","20220712103000","207","0","南投縣","國姓鄉","120.825","24.025","16"
"144","266037","20220712103000","125","1","南投縣","國姓鄉","120.875","24.075","151"
"2708","266081","20220712103000","3530","0","彰化縣","彰化市","120.535","24.065","2660"
"1709","266082","20220712103000","861","3","彰化縣","和美鎮","120.510","24.090","1621"
"296","266091","20220712103000","235","2","彰化縣","埔鹽鄉","120.455","24.015","346"
"2975","266093","20220712103000","2002","2","彰化縣","彰化市","120.540","24.070","3138"
"66","266099","20220712103000","486","0","彰化縣","花壇鄉","120.545","24.015","70"
"562","266100","20220712103000","359","3","彰化縣","花壇鄉","120.545","24.020","554"
"83","266107","20220712103000","86","0","彰化縣","花壇鄉","120.545","24.030","96"
"33","266111","20220712103000","50","0","彰化縣","花壇鄉","120.550","24.035","41"
"389","266122","20220712103000","342","1","彰化縣","埔鹽鄉","120.445","24.020","398"
"700","266124","20220712103000","150","3","彰化縣","彰化市","120.520","24.055","650"
"601","266127","20220712103000","820","0","彰化縣","彰化市","120.565","24.090","567"
"991","266128","20220712103000","465","3","彰化縣","彰化市","120.555","24.095","987"
"384","266129","20220712103000","196","3","彰化縣","彰化市","120.560","24.095","349"
"722","266131","20220712103000","584","2","彰化縣","彰化市","120.595","24.070","748"
"102","266132","20220712103000","133","0","彰化縣","彰化市","120.595","24.075","175"
"264","266134","20220712103000","122","3","彰化縣","彰化市","120.605","24.075","219"
"764","266136","20220712103000","575","2","彰化縣","彰化市","120.600","24.080","821"
"585","266138","20220712103000","303","3","彰化縣","彰化市","120.595","24.085","590"
"49","266153","20220712103000","72","0","彰化縣","彰化市","120.605","24.045","49"
"145","266154","20220712103000","90","3","彰化縣","彰化市","120.585","24.050","92"
"63","266155","20220712103000","88","0","彰化縣","彰化市","120.590","24.050","67"
"65","266157","20220712103000","54","2","彰化縣","彰化市","120.600","24.050","54"
"496","266166","20220712103000","297","3","彰化縣","彰化市","120.615","24.055","479"
"395","266168","20220712103000","300","2","彰化縣","彰化市","120.580","24.080","394"
"652","266169","20220712103000","509","2","彰化縣","彰化市","120.575","24.085","685"
"1432","266170","20220712103000","972","2","彰化縣","彰化市","120.580","24.085","1329"
"256","266171","20220712103000","204","2","彰化縣","彰化市","120.560","24.075","277"
"565","266172","20220712103000","911","0","彰化縣","彰化市","120.550","24.080","526"
"1515","266176","20220712103000","356","3","彰化縣","和美鎮","120.495","24.085","1458"
"16","266180","20220712103000","63","0","彰化縣","和美鎮","120.495","24.090","75"
"1567","266182","20220712103000","2850","0","彰化縣","彰化市","120.535","24.085","1709"
"841","266183","20220712103000","817","1","彰化縣","和美鎮","120.525","24.095","856"
"326","266185","20220712103000","416","0","彰化縣","和美鎮","120.535","24.095","520"
"62","266190","20220712103000","74","0","彰化縣","秀水鄉","120.505","24.065","73"
"1513","266191","20220712103000","319","3","彰化縣","彰化市","120.510","24.065","1392"
"1304","266192","20220712103000","1001","2","彰化縣","彰化市","120.515","24.065","1292"
"722","266194","20220712103000","172","3","彰化縣","彰化市","120.510","24.070","771"
"296","266196","20220712103000","255","1","彰化縣","花壇鄉","120.570","24.055","415"
"23","266199","20220712103000","39","0","彰化縣","彰化市","120.560","24.060","19"
"24","266205","20220712103000","236","0","彰化縣","彰化市","120.570","24.065","32"
"2033","266210","20220712103000","1005","3","彰化縣","彰化市","120.540","24.075","1932"
"3939","266211","20220712103000","3657","1","彰化縣","彰化市","120.540","24.080","3868"
"2100","266214","20220712103000","465","3","彰化縣","彰化市","120.525","24.080","1676"
"966","266216","20220712103000","597","3","彰化縣","彰化市","120.530","24.085","732"
"1466","266222","20220712103000","1218","2","彰化縣","彰化市","120.600","24.090","1336"
"445","266224","20220712103000","361","2","彰化縣","彰化市","120.585","24.090","439"
"291","266228","20220712103000","152","3","彰化縣","彰化市","120.580","24.095","275"
"42","266232","20220712103000","52","0","彰化縣","彰化市","120.600","24.095","52"
"583","266233","20220712103000","160","3","彰化縣","秀水鄉","120.500","24.075","623"
"57","266234","20220712103000","532","0","彰化縣","彰化市","120.505","24.075","66"
"744","266237","20220712103000","342","3","彰化縣","彰化市","120.520","24.075","901"
"531","266238","20220712103000","118","3","彰化縣","彰化市","120.510","24.080","546"
"320","266239","20220712103000","369","0","彰化縣","和美鎮","120.515","24.080","123"
"63","266240","20220712103000","223","0","彰化縣","彰化市","120.520","24.080","57"
"788","266241","20220712103000","302","3","彰化縣","彰化市","120.515","24.085","570"
"340","266243","20220712103000","203","3","彰化縣","彰化市","120.525","24.085","305"
"289","266244","20220712103000","452","0","彰化縣","彰化市","120.545","24.095","283"
"102","266245","20220712103000","842","0","彰化縣","彰化市","120.545","24.080","178"
"219","266246","20220712103000","137","3","彰化縣","彰化市","120.565","24.085","222"
"1391","266247","20220712103000","1299","1","彰化縣","彰化市","120.560","24.090","1421"
"531","266248","20220712103000","467","1","彰化縣","彰化市","120.570","24.090","507"
"792","266249","20220712103000","561","2","彰化縣","和美鎮","120.530","24.090","784"
"228","266250","20220712103000","447","0","彰化縣","彰化市","120.555","24.065","246"
"2092","266251","20220712103000","4304","0","彰化縣","彰化市","120.545","24.070","2155"
"251","266252","20220712103000","464","0","彰化縣","彰化市","120.550","24.070","243"
"28","266255","20220712103000","18","3","彰化縣","彰化市","120.600","24.060","25"
"13","266262","20220712103000","171","0","彰化縣","彰化市","120.610","24.065","13"
"276","266263","20220712103000","251","1","彰化縣","彰化市","120.600","24.070","276"
"26","266264","20220712103000","21","2","彰化縣","彰化市","120.605","24.070","21"
"265","266265","20220712103000","182","2","彰化縣","彰化市","120.610","24.070","244"
"259","266266","20220712103000","1217","0","彰化縣","彰化市","120.540","24.090","317"
"681","266267","20220712103000","542","2","彰化縣","和美鎮","120.520","24.090","642"
"128","266274","20220712103000","356","0","彰化縣","和美鎮","120.505","24.085","122"
"51","266309","20220712103000","45","1","南投縣","仁愛鄉","120.970","24.045","65"
"277","266333","20220712103000","241","1","南投縣","仁愛鄉","120.970","24.060","280"
"248","266406","20220712103000","200","2","南投縣","仁愛鄉","121.095","24.010","238"
"180","266517","20220712103000","144","2","南投縣","仁愛鄉","121.210","24.075","153"
"47","266589","20220712103000","53","0","南投縣","仁愛鄉","121.210","24.090","44"
"79","266666","20220712103000","439","0","南投縣","仁愛鄉","121.130","24.020","81"
"457","266696","20220712103000","310","2","南投縣","仁愛鄉","121.150","24.040","414"
"771","266700","20220712103000","407","3","南投縣","仁愛鄉","121.125","24.045","702"
"218","266706","20220712103000","246","0","南投縣","仁愛鄉","121.155","24.045","156"
"70","266715","20220712103000","39","3","南投縣","仁愛鄉","121.155","24.050","59"
"475","266733","20220712103000","228","3","南投縣","仁愛鄉","121.160","24.055","471"
"356","266768","20220712103000","234","3","南投縣","仁愛鄉","121.165","24.070","266"
"96","266805","20220712103000","46","3","南投縣","仁愛鄉","121.175","24.090","78"
"79","267165","20220712103000","44","3","南投縣","仁愛鄉","121.025","24.090","52"
"51","267167","20220712103000","37","2","南投縣","仁愛鄉","121.035","24.090","34"
"298","267268","20220712103000","183","3","南投縣","仁愛鄉","121.175","24.010","274"
"46","267286","20220712103000","243","0","南投縣","仁愛鄉","121.140","24.025","66"
"66","267290","20220712103000","49","2","南投縣","仁愛鄉","121.160","24.025","72"
"786","267410","20220712103000","529","2","南投縣","仁愛鄉","121.180","24.035","580"
"84","267555","20220712103000","61","2","南投縣","仁愛鄉","121.190","24.060","101"
"332","267605","20220712103000","269","2","南投縣","仁愛鄉","121.210","24.070","343"
"215","267630","20220712103000","175","2","彰化縣","花壇鄉","120.530","24.050","260"
"530","267631","20220712103000","545","0","彰化縣","彰化市","120.530","24.055","694"
"1415","267632","20220712103000","1014","2","彰化縣","彰化市","120.530","24.060","1408"
"141","267633","20220712103000","1470","0","彰化縣","彰化市","120.535","24.060","166"
"1284","267634","20220712103000","1491","0","彰化縣","彰化市","120.550","24.090","1286"
"643","267636","20220712103000","436","2","彰化縣","彰化市","120.550","24.095","631"
"113","267637","20220712103000","67","3","彰化縣","彰化市","120.590","24.065","116"
"391","267640","20220712103000","242","3","彰化縣","彰化市","120.585","24.080","511"
"489","267641","20220712103000","393","2","彰化縣","彰化市","120.590","24.080","535"
"693","267646","20220712103000","353","3","彰化縣","彰化市","120.520","24.065","647"
"1733","267649","20220712103000","1454","1","彰化縣","彰化市","120.525","24.070","1622"
"36","267650","20220712103000","122","0","彰化縣","彰化市","120.525","24.075","60"
"534","267652","20220712103000","355","3","彰化縣","彰化市","120.555","24.050","524"
"571","267654","20220712103000","385","2","彰化縣","彰化市","120.535","24.055","652"
"400","267655","20220712103000","234","3","彰化縣","彰化市","120.540","24.055","468"
"245","267656","20220712103000","138","3","彰化縣","彰化市","120.545","24.055","252"
"173","267661","20220712103000","220","0","彰化縣","彰化市","120.540","24.060","238"
"324","267662","20220712103000","342","0","彰化縣","彰化市","120.545","24.060","322"
"172","267664","20220712103000","109","3","彰化縣","彰化市","120.555","24.060","140"
"3460","267665","20220712103000","2653","2","彰化縣","彰化市","120.540","24.065","3276"
"592","267666","20220712103000","667","0","彰化縣","彰化市","120.545","24.065","606"
"641","267667","20220712103000","1188","0","彰化縣","彰化市","120.550","24.065","639"
"2628","267669","20220712103000","1317","3","彰化縣","彰化市","120.515","24.055","2650"
"3527","267670","20220712103000","1501","3","彰化縣","彰化市","120.515","24.060","3506"
"42","267676","20220712103000","228","0","彰化縣","福興鄉","120.470","24.030","33"
"163","267682","20220712103000","81","3","彰化縣","福興鄉","120.470","24.035","148"
"595","267689","20220712103000","416","2","彰化縣","福興鄉","120.480","24.040","645"
"310","267697","20220712103000","138","3","彰化縣","福興鄉","120.455","24.035","303"
"755","267705","20220712103000","792","0","彰化縣","福興鄉","120.465","24.045","724"
"34","267711","20220712103000","240","0","彰化縣","福興鄉","120.460","24.020","26"
"336","267717","20220712103000","133","3","彰化縣","秀水鄉","120.510","24.015","363"
"24","267718","20220712103000","22","1","彰化縣","秀水鄉","120.500","24.020","25"
"47","267726","20220712103000","105","0","彰化縣","鹿港鎮","120.480","24.085","44"
"1101","267729","20220712103000","534","3","彰化縣","鹿港鎮","120.485","24.090","1162"
"2623","267732","20220712103000","2053","2","彰化縣","鹿港鎮","120.435","24.055","2728"
"1448","267736","20220712103000","753","3","彰化縣","鹿港鎮","120.465","24.090","1442"
"54","267739","20220712103000","320","0","彰化縣","鹿港鎮","120.470","24.095","52"
"1190","267795","20220712103000","758","3","彰化縣","福興鄉","120.490","24.015","1176"
"441","267808","20220712103000","323","2","彰化縣","福興鄉","120.440","24.030","374"
"393","267810","20220712103000","300","2","彰化縣","福興鄉","120.435","24.035","448"
"508","267824","20220712103000","488","1","彰化縣","福興鄉","120.390","24.015","473"
"633","267834","20220712103000","577","1","彰化縣","福興鄉","120.410","24.020","680"
"1200","267844","20220712103000","754","3","彰化縣","秀水鄉","120.495","24.025","1238"
"837","267873","20220712103000","557","3","彰化縣","福興鄉","120.400","24.045","819"
"627","267898","20220712103000","135","3","彰化縣","福興鄉","120.430","24.040","656"
"13","267899","20220712103000","124","0","彰化縣","福興鄉","120.425","24.045","15"
"722","267900","20220712103000","605","1","彰化縣","福興鄉","120.430","24.045","730"
"58","267904","20220712103000","278","0","彰化縣","福興鄉","120.430","24.050","45"
"270","267908","20220712103000","131","3","彰化縣","福興鄉","120.430","24.020","268"
"27","267913","20220712103000","25","1","彰化縣","福興鄉","120.425","24.030","30"
"39","267926","20220712103000","30","2","彰化縣","福興鄉","120.405","24.030","37"
"278","267928","20220712103000","220","2","彰化縣","福興鄉","120.415","24.030","310"
"92","267935","20220712103000","66","2","彰化縣","秀水鄉","120.500","24.060","85"
"314","267946","20220712103000","258","2","彰化縣","秀水鄉","120.490","24.050","394"
"168","267947","20220712103000","77","3","彰化縣","秀水鄉","120.495","24.050","170"
"185","267949","20220712103000","561","0","彰化縣","秀水鄉","120.500","24.050","165"
"60","267955","20220712103000","265","0","彰化縣","秀水鄉","120.495","24.060","44"
"147","267957","20220712103000","811","0","彰化縣","秀水鄉","120.500","24.030","149"
"433","267959","20220712103000","649","0","彰化縣","秀水鄉","120.495","24.035","507"
"179","267960","20220712103000","725","0","彰化縣","秀水鄉","120.500","24.035","317"
"200","267964","20220712103000","79","3","彰化縣","秀水鄉","120.520","24.025","203"
"53","267966","20220712103000","406","0","彰化縣","秀水鄉","120.520","24.030","81"
"449","267972","20220712103000","266","3","彰化縣","鹿港鎮","120.435","24.065","472"
"585","267973","20220712103000","418","2","彰化縣","鹿港鎮","120.440","24.065","528"
"298","267975","20220712103000","269","1","彰化縣","鹿港鎮","120.435","24.070","313"
"38","267978","20220712103000","301","0","彰化縣","鹿港鎮","120.425","24.075","41"
"2638","267984","20220712103000","2352","1","彰化縣","鹿港鎮","120.410","24.080","2543"
"197","267987","20220712103000","169","1","彰化縣","鹿港鎮","120.425","24.080","211"
"16","267991","20220712103000","330","0","彰化縣","鹿港鎮","120.445","24.080","23"
"919","267999","20220712103000","844","1","彰化縣","鹿港鎮","120.415","24.080","948"
"552","268001","20220712103000","464","1","彰化縣","鹿港鎮","120.425","24.085","586"
"831","268005","20220712103000","420","3","彰化縣","鹿港鎮","120.445","24.085","752"
"733","268020","20220712103000","383","3","彰化縣","鹿港鎮","120.475","24.065","684"
"16","268028","20220712103000","304","0","彰化縣","鹿港鎮","120.485","24.080","17"
"1139","268031","20220712103000","407","3","彰化縣","鹿港鎮","120.485","24.085","1187"
"1195","268032","20220712103000","1115","1","彰化縣","鹿港鎮","120.430","24.060","1090"
"390","268034","20220712103000","418","0","彰化縣","彰化市","120.525","24.060","460"
"803","268035","20220712103000","815","0","彰化縣","彰化市","120.525","24.065","799"
"112","268044","20220712103000","404","0","彰化縣","鹿港鎮","120.450","24.095","133"
"33","268053","20220712103000","15","3","彰化縣","鹿港鎮","120.470","24.075","30"
"506","268057","20220712103000","1186","0","彰化縣","鹿港鎮","120.475","24.080","544"
"306","268061","20220712103000","378","0","彰化縣","鹿港鎮","120.430","24.055","356"
"37","268068","20220712103000","117","0","彰化縣","芬園鄉","120.625","24.025","42"
"31","268073","20220712103000","25","2","彰化縣","芬園鄉","120.615","24.015","32"
"71","268074","20220712103000","71","1","彰化縣","芬園鄉","120.620","24.015","88"
"49","268077","20220712103000","492","0","彰化縣","福興鄉","120.480","24.045","50"
"1099","268085","20220712103000","841","2","彰化縣","鹿港鎮","120.470","24.055","1182"
"149","268089","20220712103000","129","1","彰化縣","鹿港鎮","120.460","24.060","161"
"462","268108","20220712103000","480","0","彰化縣","鹿港鎮","120.385","24.060","476"
"536","268109","20220712103000","433","2","彰化縣","鹿港鎮","120.390","24.060","528"
"612","268110","20220712103000","601","1","彰化縣","鹿港鎮","120.395","24.060","615"
"48","268126","20220712103000","46","1","彰化縣","鹿港鎮","120.390","24.065","50"
"768","268128","20220712103000","351","3","彰化縣","鹿港鎮","120.400","24.065","841"
"319","268129","20220712103000","303","1","彰化縣","鹿港鎮","120.405","24.065","281"
"330","268130","20220712103000","263","2","彰化縣","鹿港鎮","120.410","24.065","415"
"475","268134","20220712103000","408","1","彰化縣","鹿港鎮","120.430","24.065","478"
"197","268144","20220712103000","233","0","彰化縣","鹿港鎮","120.395","24.070","200"
"539","268157","20220712103000","494","1","彰化縣","鹿港鎮","120.390","24.075","561"
"131","268158","20220712103000","316","0","彰化縣","鹿港鎮","120.395","24.075","131"
"325","268161","20220712103000","294","1","彰化縣","鹿港鎮","120.410","24.075","310"
"24","268162","20220712103000","40","0","彰化縣","鹿港鎮","120.415","24.075","20"
"1367","268170","20220712103000","1262","1","彰化縣","鹿港鎮","120.395","24.080","1413"
"1623","268172","20220712103000","1403","1","彰化縣","鹿港鎮","120.440","24.055","1663"
"325","268173","20220712103000","1298","0","彰化縣","鹿港鎮","120.440","24.060","338"
"2029","268175","20220712103000","1970","1","彰化縣","福興鄉","120.440","24.045","2122"
"24","268176","20220712103000","155","0","彰化縣","花壇鄉","120.550","24.040","22"
"45","268203","20220712103000","26","3","彰化縣","芬園鄉","120.595","24.035","61"
"198","268205","20220712103000","141","2","彰化縣","芬園鄉","120.605","24.035","193"
"495","268224","20220712103000","388","2","彰化縣","芬園鄉","120.650","24.020","511"
"711","268226","20220712103000","304","3","彰化縣","芬園鄉","120.635","24.025","757"
"378","268233","20220712103000","340","1","彰化縣","福興鄉","120.440","24.035","345"
"734","268245","20220712103000","364","3","彰化縣","秀水鄉","120.490","24.070","702"
"408","268249","20220712103000","182","3","彰化縣","秀水鄉","120.505","24.030","392"
"319","268253","20220712103000","746","0","彰化縣","秀水鄉","120.505","24.040","304"
"73","268258","20220712103000","252","0","彰化縣","秀水鄉","120.515","24.020","89"
"22","268261","20220712103000","377","0","彰化縣","福興鄉","120.450","24.030","27"
"660","268262","20220712103000","383","3","彰化縣","福興鄉","120.455","24.030","618"
"877","268271","20220712103000","730","2","彰化縣","福興鄉","120.420","24.035","890"
"41","268274","20220712103000","421","0","彰化縣","福興鄉","120.425","24.035","49"
"756","268277","20220712103000","549","2","彰化縣","芬園鄉","120.660","24.015","736"
"133","268289","20220712103000","449","0","彰化縣","芬園鄉","120.625","24.020","131"
"121","268296","20220712103000","472","0","彰化縣","福興鄉","120.470","24.020","123"
"994","268297","20220712103000","218","3","彰化縣","秀水鄉","120.505","24.035","1023"
"43","268301","20220712103000","297","0","彰化縣","秀水鄉","120.495","24.040","53"
"57","268303","20220712103000","316","0","彰化縣","秀水鄉","120.500","24.040","69"
"547","268308","20220712103000","297","3","彰化縣","秀水鄉","120.510","24.045","597"
"96","268311","20220712103000","1030","0","彰化縣","秀水鄉","120.510","24.050","112"
"666","268316","20220712103000","459","2","彰化縣","花壇鄉","120.530","24.020","758"
"364","268321","20220712103000","390","0","彰化縣","花壇鄉","120.530","24.040","506"
"96","268322","20220712103000","343","0","彰化縣","花壇鄉","120.520","24.045","91"
"59","268324","20220712103000","690","0","彰化縣","花壇鄉","120.530","24.045","63"
"237","268327","20220712103000","174","2","彰化縣","花壇鄉","120.535","24.030","211"
"809","268328","20220712103000","473","3","彰化縣","花壇鄉","120.535","24.035","587"
"86","268329","20220712103000","262","0","彰化縣","花壇鄉","120.535","24.040","87"
"80","268331","20220712103000","385","0","彰化縣","花壇鄉","120.545","24.040","77"
"403","268333","20220712103000","257","3","彰化縣","花壇鄉","120.540","24.040","448"
"411","268335","20220712103000","346","1","彰化縣","花壇鄉","120.555","24.020","371"
"684","268336","20220712103000","589","1","彰化縣","花壇鄉","120.540","24.025","745"
"592","268338","20220712103000","448","2","彰化縣","花壇鄉","120.550","24.025","571"
"121","268339","20220712103000","99","2","彰化縣","花壇鄉","120.555","24.025","135"
"142","268347","20220712103000","119","1","彰化縣","花壇鄉","120.565","24.020","172"
"26","268352","20220712103000","38","0","彰化縣","花壇鄉","120.575","24.030","58"
"160","268356","20220712103000","126","2","彰化縣","花壇鄉","120.575","24.035","135"
"61","268370","20220712103000","118","0","彰化縣","花壇鄉","120.560","24.015","70"
"156","268371","20220712103000","151","1","彰化縣","花壇鄉","120.570","24.020","157"
"32","268375","20220712103000","23","2","彰化縣","花壇鄉","120.595","24.020","43"
"186","268381","20220712103000","532","0","彰化縣","花壇鄉","120.545","24.045","213"
"56","268391","20220712103000","30","3","彰化縣","花壇鄉","120.540","24.020","52"
"1768","268393","20220712103000","1391","2","彰化縣","花壇鄉","120.535","24.025","1787"
"54","268399","20220712103000","288","0","彰化縣","福興鄉","120.480","24.020","57"
"18","269403","20220712103000","58","0","彰化縣","鹿港鎮","120.395","24.105","29"
"560","274405","20220712103000","888","0","臺中市","太平區","120.720","24.135","672"
"1454","274408","20220712103000","1018","2","臺中市","太平區","120.720","24.115","1461"
"82","274410","20220712103000","51","3","臺中市","太平區","120.755","24.120","95"
"251","274476","20220712103000","198","2","臺中市","太平區","120.810","24.140","202"
"3540","274515","20220712103000","2126","3","臺中市","南屯區","120.645","24.135","3116"
"3451","274516","20220712103000","2859","2","臺中市","南屯區","120.650","24.140","3491"
"2914","274517","20220712103000","2145","2","臺中市","南屯區","120.650","24.150","2888"
"853","274518","20220712103000","826","1","臺中市","西屯區","120.650","24.155","969"
"50","274519","20220712103000","718","0","臺中市","南屯區","120.650","24.135","91"
"1427","274520","20220712103000","883","3","臺中市","南屯區","120.650","24.130","1480"
"365","274521","20220712103000","265","2","臺中市","南屯區","120.610","24.150","498"
"1733","274522","20220712103000","1320","2","臺中市","南屯區","120.615","24.150","1985"
"31","274523","20220712103000","33","0","臺中市","南屯區","120.620","24.150","48"
"1768","274524","20220712103000","978","3","臺中市","南屯區","120.605","24.155","1645"
"520","274525","20220712103000","463","1","臺中市","南屯區","120.610","24.155","454"
"23","274528","20220712103000","41","0","臺中市","南屯區","120.590","24.160","22"
"475","274530","20220712103000","535","0","臺中市","南屯區","120.600","24.160","499"
"1793","274531","20220712103000","2022","0","臺中市","南屯區","120.605","24.160","1803"
"24","274532","20220712103000","29","0","臺中市","南屯區","120.610","24.160","27"
"820","274534","20220712103000","499","3","臺中市","南屯區","120.590","24.165","863"
"1513","274535","20220712103000","1457","1","臺中市","北區","120.690","24.155","1619"
"2080","274536","20220712103000","1721","2","臺中市","北屯區","120.695","24.165","1976"
"1499","274537","20220712103000","1227","2","臺中市","北屯區","120.700","24.160","1605"
"1120","274538","20220712103000","1374","0","臺中市","北區","120.690","24.160","1792"
"1606","274539","20220712103000","2345","0","臺中市","北區","120.680","24.150","1614"
"3549","274540","20220712103000","2198","3","臺中市","北區","120.685","24.150","3522"
"1666","274541","20220712103000","1852","0","臺中市","南區","120.660","24.125","1899"
"1760","274543","20220712103000","1527","1","臺中市","南區","120.675","24.125","1896"
"59","274544","20220712103000","73","0","臺中市","北屯區","120.665","24.185","70"
"818","274545","20220712103000","530","3","臺中市","北屯區","120.725","24.170","764"
"706","274546","20220712103000","1231","0","臺中市","北屯區","120.720","24.175","718"
"1304","274547","20220712103000","1082","2","臺中市","北屯區","120.725","24.175","1448"
"1673","274549","20220712103000","1383","2","臺中市","北屯區","120.725","24.180","1876"
"461","274551","20220712103000","390","1","臺中市","北屯區","120.735","24.180","474"
"2764","274554","20220712103000","3166","0","臺中市","西區","120.675","24.140","3016"
"1133","274556","20220712103000","924","2","臺中市","大里區","120.675","24.105","1119"
"524","274558","20220712103000","492","1","臺中市","大里區","120.675","24.115","616"
"1486","274559","20220712103000","1418","1","臺中市","西屯區","120.615","24.175","1550"
"1204","274560","20220712103000","769","3","臺中市","西屯區","120.630","24.175","1061"
"2557","274561","20220712103000","2526","1","臺中市","西屯區","120.615","24.180","2444"
"1885","274562","20220712103000","1545","2","臺中市","西屯區","120.625","24.180","1823"
"745","274564","20220712103000","704","1","臺中市","西屯區","120.630","24.180","1009"
"2057","274566","20220712103000","1896","1","臺中市","西屯區","120.640","24.175","2061"
"1507","274567","20220712103000","1330","1","臺中市","西屯區","120.635","24.175","1721"
"1364","274568","20220712103000","683","3","臺中市","西屯區","120.635","24.180","1562"
"96","274569","20220712103000","1042","0","臺中市","西屯區","120.630","24.185","107"
"121","274571","20220712103000","497","0","臺中市","北屯區","120.715","24.175","139"
"929","274572","20220712103000","740","2","臺中市","北屯區","120.715","24.180","972"
"258","274575","20220712103000","577","0","臺中市","北屯區","120.715","24.185","294"
"82","274577","20220712103000","64","2","臺中市","北屯區","120.730","24.185","91"
"639","274578","20220712103000","447","2","臺中市","北屯區","120.720","24.185","735"
"1349","274581","20220712103000","1938","0","臺中市","北區","120.665","24.165","1394"
"2725","274582","20220712103000","1996","2","臺中市","北區","120.670","24.165","2816"
"605","274583","20220712103000","312","3","臺中市","南區","120.670","24.125","539"
"1070","274585","20220712103000","1283","0","臺中市","西屯區","120.610","24.185","1064"
"3584","274586","20220712103000","3072","1","臺中市","西屯區","120.600","24.180","3256"
"1554","274587","20220712103000","1428","1","臺中市","西屯區","120.605","24.180","1361"
"280","274591","20220712103000","1358","0","臺中市","龍井區","120.530","24.180","311"
"584","274593","20220712103000","1589","0","臺中市","烏日區","120.635","24.100","577"
"1252","274595","20220712103000","2603","0","臺中市","烏日區","120.635","24.105","1253"
"1031","274596","20220712103000","1098","0","臺中市","烏日區","120.640","24.105","1047"
"129","274603","20220712103000","542","0","臺中市","大肚區","120.530","24.160","161"
"4362","274608","20220712103000","3315","2","臺中市","西區","120.670","24.135","4318"
"773","274609","20220712103000","1632","0","臺中市","西區","120.655","24.150","786"
"2872","274610","20220712103000","2216","2","臺中市","西區","120.655","24.135","2819"
"2219","274611","20220712103000","2400","0","臺中市","西區","120.655","24.145","2200"
"2286","274612","20220712103000","2223","1","臺中市","西區","120.670","24.130","2183"
"200","274615","20220712103000","237","0","臺中市","太平區","120.735","24.135","243"
"42","274616","20220712103000","35","2","臺中市","太平區","120.740","24.140","44"
"2168","274620","20220712103000","1189","3","臺中市","北區","120.685","24.160","2098"
"2156","274621","20220712103000","1496","2","臺中市","北區","120.675","24.150","2165"
"2047","274623","20220712103000","1595","2","臺中市","北區","120.690","24.150","1980"
"1392","274624","20220712103000","1338","1","臺中市","南區","120.680","24.120","1285"
"1874","274625","20220712103000","1979","0","臺中市","大里區","120.685","24.120","1786"
"1070","274626","20220712103000","517","3","臺中市","南區","120.660","24.120","1112"
"793","274627","20220712103000","552","2","臺中市","南區","120.675","24.120","876"
"1021","274628","20220712103000","1735","0","臺中市","東區","120.695","24.130","991"
"2601","274629","20220712103000","3080","0","臺中市","西屯區","120.620","24.185","2459"
"852","274630","20220712103000","436","3","臺中市","西屯區","120.615","24.185","880"
"590","274631","20220712103000","769","0","臺中市","西屯區","120.620","24.190","662"
"4000","274632","20220712103000","3297","2","臺中市","西屯區","120.605","24.185","3925"
"1182","274634","20220712103000","1849","0","臺中市","西屯區","120.600","24.185","1285"
"938","274636","20220712103000","511","3","臺中市","東區","120.705","24.130","1065"
"536","274637","20220712103000","521","1","臺中市","東區","120.705","24.135","636"
"2717","274639","20220712103000","1651","3","臺中市","東區","120.695","24.145","2654"
"104","274640","20220712103000","154","0","臺中市","東區","120.700","24.145","204"
"1531","274641","20220712103000","1062","2","臺中市","東區","120.695","24.125","1633"
"3269","274642","20220712103000","2090","3","臺中市","大里區","120.680","24.110","2996"
"244","274644","20220712103000","243","1","臺中市","大里區","120.665","24.100","285"
"76","274646","20220712103000","645","0","臺中市","大里區","120.665","24.105","77"
"592","274647","20220712103000","348","3","臺中市","大里區","120.670","24.105","527"
"50","274648","20220712103000","896","0","臺中市","大里區","120.665","24.110","68"
"806","274649","20220712103000","778","1","臺中市","大里區","120.670","24.110","930"
"498","274650","20220712103000","430","1","臺中市","大里區","120.700","24.105","532"
"13","274669","20220712103000","123","0","臺中市","太平區","120.780","24.105","14"
"219","274683","20220712103000","223","0","臺中市","太平區","120.765","24.110","215"
"77","274707","20220712103000","80","0","臺中市","太平區","120.795","24.115","67"
"20","274708","20220712103000","29","0","臺中市","太平區","120.800","24.115","23"
"355","274737","20220712103000","319","1","臺中市","太平區","120.720","24.140","376"
"830","274738","20220712103000","395","3","臺中市","太平區","120.725","24.135","817"
"1118","274739","20220712103000","615","3","臺中市","大里區","120.695","24.120","1095"
"157","274741","20220712103000","137","1","臺中市","東區","120.700","24.130","159"
"138","274742","20220712103000","103","2","臺中市","東區","120.700","24.135","149"
"1329","274744","20220712103000","1838","0","臺中市","大里區","120.685","24.105","1496"
"18","274758","20220712103000","19","0","臺中市","新社區","120.825","24.145","26"
"180","274781","20220712103000","109","3","臺中市","新社區","120.825","24.165","171"
"106","274785","20220712103000","78","2","臺中市","新社區","120.835","24.170","74"
"798","274786","20220712103000","414","3","臺中市","西屯區","120.610","24.180","815"
"95","274787","20220712103000","635","0","臺中市","南區","120.680","24.125","139"
"1771","274788","20220712103000","1240","2","臺中市","東區","120.685","24.135","1732"
"4319","274789","20220712103000","3845","1","臺中市","北區","120.685","24.145","4674"
"4524","274790","20220712103000","3788","1","臺中市","北屯區","120.670","24.175","4442"
"921","274792","20220712103000","969","0","臺中市","東區","120.695","24.135","894"
"67","274805","20220712103000","68","0","臺中市","新社區","120.825","24.155","67"
"394","274823","20220712103000","298","2","臺中市","新社區","120.800","24.180","433"
"162","274835","20220712103000","1371","0","臺中市","大肚區","120.540","24.150","191"
"323","274842","20220712103000","344","0","臺中市","大肚區","120.540","24.170","282"
"19","274852","20220712103000","19","1","臺中市","大肚區","120.525","24.175","25"
"105","274869","20220712103000","563","0","臺中市","大肚區","120.545","24.135","149"
"23","274873","20220712103000","328","0","臺中市","大肚區","120.550","24.140","35"
"180","274874","20220712103000","247","0","臺中市","大肚區","120.555","24.140","235"
"2054","274883","20220712103000","1660","2","臺中市","北區","120.670","24.155","2064"
"637","274884","20220712103000","520","2","臺中市","西屯區","120.655","24.175","806"
"197","274885","20220712103000","638","0","臺中市","西屯區","120.660","24.175","220"
"2043","274889","20220712103000","1681","2","臺中市","大肚區","120.580","24.110","2127"
"52","274891","20220712103000","418","0","臺中市","大肚區","120.570","24.115","59"
"210","274895","20220712103000","172","2","臺中市","大肚區","120.545","24.145","202"
"181","274897","20220712103000","1337","0","臺中市","大肚區","120.550","24.150","219"
"1387","274905","20220712103000","781","3","臺中市","南區","120.650","24.115","1298"
"698","274907","20220712103000","1478","0","臺中市","南區","120.650","24.120","804"
"926","274908","20220712103000","784","1","臺中市","南區","120.655","24.120","1163"
"996","274910","20220712103000","889","1","臺中市","南區","120.645","24.110","941"
"1336","274911","20220712103000","1553","0","臺中市","南區","120.650","24.110","1525"
"1257","274912","20220712103000","1150","1","臺中市","南區","120.655","24.110","1168"
"566","274913","20220712103000","696","0","臺中市","南區","120.670","24.115","609"
"392","274917","20220712103000","311","2","臺中市","龍井區","120.575","24.180","468"
"1054","274918","20220712103000","661","3","臺中市","龍井區","120.580","24.180","1129"
"258","274921","20220712103000","287","0","臺中市","龍井區","120.580","24.185","301"
"270","274926","20220712103000","227","1","臺中市","新社區","120.815","24.180","245"
"13","274937","20220712103000","22","0","臺中市","新社區","120.880","24.105","12"
"105","274950","20220712103000","123","0","南投縣","國姓鄉","120.855","24.120","102"
"38","274969","20220712103000","28","2","臺中市","新社區","120.840","24.130","36"
"71","274972","20220712103000","50","2","臺中市","新社區","120.855","24.130","73"
"28","274976","20220712103000","29","0","臺中市","新社區","120.875","24.130","16"
"54","274982","20220712103000","67","0","臺中市","新社區","120.855","24.135","64"
"113","274997","20220712103000","81","2","臺中市","和平區","120.885","24.140","141"
"26","275017","20220712103000","82","0","臺中市","新社區","120.865","24.155","29"
"34","275019","20220712103000","80","0","臺中市","新社區","120.875","24.155","30"
"470","275027","20220712103000","169","3","臺中市","新社區","120.885","24.160","481"
"23","275030","20220712103000","101","0","臺中市","新社區","120.885","24.165","38"
"1415","275034","20220712103000","1886","0","臺中市","北區","120.675","24.165","1305"
"4273","275035","20220712103000","2605","3","臺中市","北區","120.680","24.165","4148"
"1378","275036","20220712103000","1594","0","臺中市","北區","120.675","24.170","1483"
"1023","275037","20220712103000","1004","1","臺中市","南區","120.655","24.115","1160"
"1169","275038","20220712103000","2291","0","臺中市","南區","120.660","24.115","1159"
"2456","275039","20220712103000","1724","2","臺中市","南區","120.665","24.120","2375"
"1776","275040","20220712103000","1449","2","臺中市","南區","120.670","24.120","1782"
"141","275041","20220712103000","524","0","臺中市","太平區","120.715","24.115","188"
"1085","275042","20220712103000","973","1","臺中市","太平區","120.720","24.120","987"
"3025","275043","20220712103000","2492","2","臺中市","西屯區","120.645","24.175","3270"
"2115","275044","20220712103000","2693","0","臺中市","西屯區","120.650","24.175","1913"
"890","275045","20220712103000","1949","0","臺中市","西屯區","120.640","24.185","884"
"217","275048","20220712103000","236","0","臺中市","西屯區","120.625","24.155","386"
"1053","275049","20220712103000","1018","1","臺中市","西屯區","120.625","24.160","983"
"901","275052","20220712103000","952","0","臺中市","龍井區","120.585","24.180","1001"
"1323","275053","20220712103000","1621","0","臺中市","西屯區","120.590","24.185","1461"
"521","275054","20220712103000","476","1","臺中市","龍井區","120.585","24.185","475"
"1157","275055","20220712103000","1079","1","臺中市","龍井區","120.590","24.180","1125"
"405","275056","20220712103000","196","3","臺中市","西屯區","120.595","24.190","376"
"566","275061","20220712103000","571","0","臺中市","東區","120.710","24.145","576"
"1031","275062","20220712103000","1129","0","臺中市","東區","120.710","24.140","1324"
"161","275064","20220712103000","222","0","臺中市","大里區","120.695","24.100","245"
"291","275065","20220712103000","342","0","臺中市","大里區","120.700","24.100","282"
"1240","275066","20220712103000","1080","1","臺中市","大里區","120.685","24.110","1257"
"735","275067","20220712103000","384","3","臺中市","大里區","120.690","24.110","769"
"718","275069","20220712103000","652","1","臺中市","太平區","120.730","24.100","722"
"669","275075","20220712103000","840","0","臺中市","太平區","120.730","24.105","622"
"605","275076","20220712103000","315","3","臺中市","太平區","120.735","24.120","644"
"16","275081","20220712103000","15","1","臺中市","太平區","120.745","24.125","16"
"522","275082","20220712103000","286","3","臺中市","太平區","120.740","24.130","488"
"4461","275083","20220712103000","3792","1","臺中市","北區","120.680","24.155","4385"
"287","275084","20220712103000","240","1","臺中市","太平區","120.750","24.125","275"
"52","275090","20220712103000","52","1","臺中市","太平區","120.755","24.135","72"
"806","275099","20220712103000","495","3","臺中市","太平區","120.735","24.110","792"
"875","275110","20220712103000","714","2","臺中市","西區","120.665","24.130","865"
"1229","275111","20220712103000","1137","1","臺中市","東區","120.690","24.125","1531"
"133","275112","20220712103000","103","2","臺中市","東區","120.685","24.125","168"
"1582","275114","20220712103000","1180","2","臺中市","西區","120.665","24.135","1490"
"1559","275115","20220712103000","2089","0","臺中市","西區","120.670","24.140","2098"
"1184","275116","20220712103000","554","3","臺中市","南區","120.655","24.130","1885"
"1093","275118","20220712103000","1043","1","臺中市","北區","120.695","24.155","1061"
"2290","275119","20220712103000","1748","2","臺中市","北區","120.695","24.160","2113"
"7369","275120","20220712103000","4396","3","臺中市","西區","120.660","24.135","6449"
"1113","275121","20220712103000","1083","1","臺中市","東區","120.685","24.130","1050"
"1792","275122","20220712103000","937","3","臺中市","南區","120.675","24.130","1848"
"1473","275123","20220712103000","1155","2","臺中市","南屯區","120.635","24.145","1583"
"3522","275124","20220712103000","2809","2","臺中市","南屯區","120.640","24.145","3835"
"2947","275125","20220712103000","2079","2","臺中市","西區","120.670","24.145","2944"
"2982","275126","20220712103000","2706","1","臺中市","北區","120.665","24.160","3110"
"1993","275128","20220712103000","2392","0","臺中市","北區","120.675","24.160","2083"
"1403","275129","20220712103000","1781","0","臺中市","北區","120.675","24.145","1435"
"1466","275130","20220712103000","995","2","臺中市","北屯區","120.700","24.185","1429"
"631","275133","20220712103000","211","3","臺中市","北屯區","120.660","24.185","593"
"1662","275134","20220712103000","971","3","臺中市","北屯區","120.660","24.180","1678"
"249","275137","20220712103000","175","2","臺中市","龍井區","120.565","24.175","290"
"4043","275141","20220712103000","3510","1","臺中市","南屯區","120.655","24.140","3955"
"243","275142","20220712103000","812","0","臺中市","西區","120.665","24.140","577"
"544","275143","20220712103000","362","3","臺中市","西屯區","120.625","24.185","704"
"2941","275144","20220712103000","2111","2","臺中市","西屯區","120.655","24.160","2941"
"1112","275145","20220712103000","1013","1","臺中市","西屯區","120.650","24.165","1293"
"3876","275146","20220712103000","2833","2","臺中市","西屯區","120.655","24.165","3846"
"79","275147","20220712103000","542","0","臺中市","烏日區","120.600","24.120","95"
"112","275154","20220712103000","457","0","臺中市","烏日區","120.605","24.125","89"
"68","275159","20220712103000","118","0","臺中市","南屯區","120.600","24.130","69"
"52","275166","20220712103000","51","1","臺中市","烏日區","120.590","24.110","60"
"2604","275167","20220712103000","1675","3","臺中市","烏日區","120.595","24.110","2551"
"1163","275174","20220712103000","986","1","臺中市","烏日區","120.615","24.105","1338"
"1222","275175","20220712103000","1475","0","臺中市","烏日區","120.615","24.110","948"
"244","275177","20220712103000","902","0","臺中市","烏日區","120.625","24.110","290"
"22","275178","20220712103000","175","0","臺中市","烏日區","120.615","24.115","24"
"1339","275179","20220712103000","2088","0","臺中市","北區","120.685","24.165","1478"
"466","275181","20220712103000","1481","0","臺中市","北屯區","120.725","24.160","487"
"365","275185","20220712103000","276","2","臺中市","北屯區","120.725","24.165","337"
"1249","275187","20220712103000","1080","1","臺中市","北屯區","120.735","24.165","1241"
"39","275188","20220712103000","33","1","臺中市","北屯區","120.740","24.165","33"
"538","275189","20220712103000","266","3","臺中市","北屯區","120.730","24.170","566"
"308","275192","20220712103000","946","0","臺中市","北屯區","120.735","24.175","385"
"624","275193","20220712103000","963","0","臺中市","北屯區","120.740","24.175","692"
"1752","275194","20220712103000","2002","0","臺中市","北區","120.670","24.170","1874"
"880","275195","20220712103000","731","2","臺中市","北屯區","120.690","24.170","912"
"1136","275196","20220712103000","520","3","臺中市","北屯區","120.675","24.175","1186"
"4782","275197","20220712103000","3232","2","臺中市","北屯區","120.680","24.175","4837"
"3266","275198","20220712103000","2745","1","臺中市","北屯區","120.685","24.175","3178"
"3466","275199","20220712103000","3172","1","臺中市","南屯區","120.635","24.150","3515"
"1501","275200","20220712103000","1186","2","臺中市","南屯區","120.640","24.150","1394"
"2231","275201","20220712103000","2465","0","臺中市","南屯區","120.635","24.155","2412"
"1794","275202","20220712103000","881","3","臺中市","北屯區","120.685","24.190","1871"
"20","275203","20220712103000","153","0","臺中市","南屯區","120.620","24.115","28"
"1631","275204","20220712103000","755","3","臺中市","南屯區","120.625","24.115","1518"
"267","275206","20220712103000","258","1","臺中市","南屯區","120.625","24.120","298"
"1838","275207","20220712103000","2039","0","臺中市","西屯區","120.650","24.180","2043"
"2016","275208","20220712103000","1268","3","臺中市","西屯區","120.635","24.185","1890"
"2769","275209","20220712103000","3025","0","臺中市","西屯區","120.645","24.180","2652"
"1521","275210","20220712103000","2280","0","臺中市","西屯區","120.640","24.180","1456"
"680","275211","20220712103000","327","3","臺中市","西屯區","120.655","24.185","645"
"1081","275212","20220712103000","600","3","臺中市","西屯區","120.660","24.165","1094"
"3942","275213","20220712103000","3045","2","臺中市","西屯區","120.650","24.160","3820"
"355","275214","20220712103000","341","1","臺中市","西屯區","120.665","24.170","423"
"531","275215","20220712103000","449","1","臺中市","大里區","120.710","24.110","634"
"757","275217","20220712103000","1231","0","臺中市","太平區","120.710","24.115","704"
"213","275219","20220712103000","306","0","臺中市","太平區","120.710","24.120","304"
"885","275221","20220712103000","797","1","臺中市","太平區","120.705","24.125","836"
"779","275222","20220712103000","718","1","臺中市","太平區","120.710","24.125","742"
"1465","275223","20220712103000","1624","0","臺中市","太平區","120.715","24.125","1483"
"1317","275227","20220712103000","1096","2","臺中市","北屯區","120.670","24.180","1297"
"636","275228","20220712103000","343","3","臺中市","北屯區","120.665","24.180","680"
"154","275229","20220712103000","490","0","臺中市","北屯區","120.700","24.165","167"
"1502","275230","20220712103000","2139","0","臺中市","北屯區","120.700","24.170","1600"
"1011","275231","20220712103000","418","3","臺中市","北屯區","120.705","24.165","916"
"1261","275232","20220712103000","1064","1","臺中市","北屯區","120.675","24.180","1279"
"803","275233","20220712103000","295","3","臺中市","北屯區","120.675","24.185","719"
"3111","275234","20220712103000","1623","3","臺中市","北屯區","120.680","24.180","2909"
"1682","275235","20220712103000","1222","2","臺中市","北屯區","120.670","24.185","1701"
"906","275237","20220712103000","393","3","臺中市","北屯區","120.675","24.190","957"
"117","275238","20220712103000","545","0","臺中市","北屯區","120.680","24.185","212"
"2701","275239","20220712103000","2626","1","臺中市","北區","120.680","24.160","2620"
"1549","275240","20220712103000","1710","0","臺中市","南區","120.660","24.110","1726"
"1941","275241","20220712103000","1677","1","臺中市","南區","120.665","24.115","1858"
"1925","275242","20220712103000","1616","1","臺中市","南區","120.665","24.125","1951"
"934","275243","20220712103000","860","1","臺中市","南區","120.655","24.125","953"
"2474","275245","20220712103000","2139","1","臺中市","南屯區","120.645","24.145","2397"
"2460","275246","20220712103000","2495","0","臺中市","西區","120.650","24.145","2633"
"294","275247","20220712103000","479","0","臺中市","南屯區","120.600","24.140","288"
"381","275249","20220712103000","286","2","臺中市","南屯區","120.610","24.140","380"
"190","275250","20220712103000","132","2","臺中市","南屯區","120.615","24.140","228"
"2491","275251","20220712103000","1513","3","臺中市","南屯區","120.600","24.145","2495"
"2580","275252","20220712103000","1550","3","臺中市","南屯區","120.605","24.145","2479"
"672","275253","20220712103000","323","3","臺中市","南屯區","120.610","24.145","688"
"1154","275254","20220712103000","755","3","臺中市","南屯區","120.615","24.145","1150"
"787","275255","20220712103000","800","0","臺中市","南屯區","120.620","24.145","663"
"175","275256","20220712103000","175","1","臺中市","南屯區","120.595","24.150","209"
"860","275257","20220712103000","402","3","臺中市","南屯區","120.600","24.150","779"
"36","275258","20220712103000","26","2","臺中市","南屯區","120.605","24.150","44"
"11","275259","20220712103000","38","0","臺中市","南屯區","120.580","24.155","11"
"1846","275267","20220712103000","1794","1","臺中市","北屯區","120.690","24.185","1885"
"13","275268","20220712103000","13","1","臺中市","北屯區","120.690","24.190","14"
"444","275270","20220712103000","436","1","臺中市","大肚區","120.555","24.130","397"
"447","275272","20220712103000","514","0","臺中市","大肚區","120.555","24.135","403"
"878","275278","20220712103000","892","0","臺中市","南屯區","120.620","24.140","796"
"406","275280","20220712103000","453","0","臺中市","南屯區","120.625","24.145","401"
"708","275281","20220712103000","653","1","臺中市","南屯區","120.630","24.145","665"
"434","275284","20220712103000","267","3","臺中市","南屯區","120.610","24.130","367"
"573","275286","20220712103000","532","1","臺中市","南屯區","120.600","24.135","551"
"411","275288","20220712103000","311","2","臺中市","南屯區","120.610","24.135","456"
"11","275290","20220712103000","13","0","臺中市","烏日區","120.590","24.135","10"
"256","275291","20220712103000","283","0","臺中市","南屯區","120.595","24.135","203"
"1027","275293","20220712103000","1190","0","臺中市","南屯區","120.605","24.135","870"
"1632","275294","20220712103000","1531","1","臺中市","南屯區","120.615","24.135","1396"
"41","275297","20220712103000","21","3","臺中市","南屯區","120.590","24.140","38"
"94","275298","20220712103000","137","0","臺中市","南屯區","120.595","24.140","85"
"11","275300","20220712103000","15","0","臺中市","南屯區","120.580","24.145","17"
"1566","275302","20220712103000","879","3","臺中市","南屯區","120.590","24.145","1549"
"79","275303","20220712103000","293","0","臺中市","南屯區","120.595","24.145","71"
"725","275307","20220712103000","564","2","臺中市","南屯區","120.590","24.150","736"
"96","275309","20220712103000","96","1","臺中市","南屯區","120.630","24.115","134"
"80","275311","20220712103000","271","0","臺中市","南屯區","120.630","24.120","78"
"551","275312","20220712103000","474","1","臺中市","南屯區","120.635","24.120","569"
"191","275314","20220712103000","84","3","臺中市","南屯區","120.625","24.135","225"
"2867","275315","20220712103000","1864","3","臺中市","南屯區","120.630","24.135","2685"
"1339","275316","20220712103000","1086","2","臺中市","南屯區","120.630","24.140","1226"
"3002","275317","20220712103000","1600","3","臺中市","南屯區","120.635","24.140","3035"
"1429","275318","20220712103000","980","2","臺中市","南屯區","120.645","24.150","1433"
"2040","275319","20220712103000","1076","3","臺中市","南屯區","120.640","24.140","1590"
"2150","275320","20220712103000","2188","0","臺中市","南屯區","120.645","24.140","2257"
"257","275322","20220712103000","235","1","臺中市","南屯區","120.635","24.125","312"
"356","275325","20220712103000","316","1","臺中市","南屯區","120.635","24.130","385"
"2158","275326","20220712103000","1379","3","臺中市","南屯區","120.645","24.130","2420"
"912","275328","20220712103000","582","3","臺中市","南屯區","120.640","24.135","1021"
"159","275329","20220712103000","401","0","臺中市","南屯區","120.640","24.130","201"
"304","275330","20220712103000","170","3","臺中市","南屯區","120.620","24.125","164"
"675","275332","20220712103000","337","3","臺中市","南屯區","120.630","24.125","644"
"201","275333","20220712103000","124","3","臺中市","南屯區","120.620","24.130","167"
"170","275336","20220712103000","109","3","臺中市","南屯區","120.640","24.125","163"
"626","275337","20220712103000","475","2","臺中市","南屯區","120.620","24.135","600"
"1579","275340","20220712103000","1445","1","臺中市","太平區","120.700","24.150","1519"
"911","275341","20220712103000","715","2","臺中市","北區","120.700","24.155","1073"
"2525","275343","20220712103000","1683","3","臺中市","北屯區","120.685","24.180","2794"
"1089","275344","20220712103000","714","3","臺中市","北屯區","120.690","24.180","878"
"370","275350","20220712103000","468","0","臺中市","北屯區","120.745","24.160","394"
"251","275354","20220712103000","251","1","臺中市","太平區","120.770","24.160","227"
"32","275362","20220712103000","110","0","臺中市","北屯區","120.745","24.170","39"
"291","275365","20220712103000","249","1","臺中市","北屯區","120.760","24.170","275"
"47","275378","20220712103000","41","1","臺中市","北屯區","120.765","24.175","45"
"234","275380","20220712103000","185","2","臺中市","北屯區","120.775","24.175","255"
"138","275382","20220712103000","83","3","臺中市","北屯區","120.785","24.175","121"
"144","275386","20220712103000","86","3","臺中市","北屯區","120.750","24.180","147"
"880","275391","20220712103000","945","0","臺中市","北屯區","120.710","24.160","861"
"436","275392","20220712103000","330","2","臺中市","北屯區","120.715","24.160","536"
"367","275393","20220712103000","308","1","臺中市","北屯區","120.710","24.165","352"
"662","275394","20220712103000","919","0","臺中市","北屯區","120.715","24.165","756"
"373","275395","20220712103000","449","0","臺中市","北屯區","120.720","24.165","459"
"1365","275396","20220712103000","1270","1","臺中市","北屯區","120.710","24.170","1498"
"287","275397","20220712103000","277","1","臺中市","北屯區","120.715","24.170","336"
"934","275398","20220712103000","779","1","臺中市","北屯區","120.720","24.170","1026"
"99","275399","20220712103000","137","0","臺中市","大肚區","120.570","24.150","112"
"156","275400","20220712103000","304","0","臺中市","大肚區","120.570","24.155","161"
"1017","275403","20220712103000","810","2","臺中市","大肚區","120.570","24.160","1043"
"26","275420","20220712103000","21","2","臺中市","大肚區","120.535","24.150","30"
"2534","275421","20220712103000","2362","1","臺中市","西區","120.655","24.155","2546"
"3240","275422","20220712103000","2207","2","臺中市","西區","120.660","24.155","3697"
"610","275423","20220712103000","567","1","臺中市","西區","120.660","24.160","645"
"172","275424","20220712103000","183","0","臺中市","大里區","120.675","24.100","215"
"469","275425","20220712103000","392","1","臺中市","大里區","120.680","24.100","500"
"360","275426","20220712103000","300","2","臺中市","大里區","120.680","24.105","442"
"2445","275427","20220712103000","1453","3","臺中市","西區","120.680","24.135","2304"
"820","275428","20220712103000","815","1","臺中市","中區","120.680","24.145","873"
"3885","275429","20220712103000","1850","3","臺中市","中區","120.680","24.140","3579"
"2404","275430","20220712103000","1173","3","臺中市","北屯區","120.680","24.170","2498"
"789","275431","20220712103000","1081","0","臺中市","北屯區","120.685","24.170","798"
"520","275432","20220712103000","690","0","臺中市","北屯區","120.690","24.165","498"
"1375","275433","20220712103000","1294","1","臺中市","北屯區","120.695","24.170","1438"
"2434","275434","20220712103000","2107","1","臺中市","北屯區","120.695","24.175","2793"
"2798","275435","20220712103000","2117","2","臺中市","北屯區","120.690","24.175","2894"
"1571","275436","20220712103000","1428","1","臺中市","南屯區","120.630","24.150","1628"
"1194","275437","20220712103000","664","3","臺中市","南屯區","120.630","24.155","1205"
"478","275439","20220712103000","881","0","臺中市","北屯區","120.710","24.175","446"
"315","275440","20220712103000","349","0","臺中市","北屯區","120.695","24.185","335"
"664","275442","20220712103000","890","0","臺中市","北屯區","120.710","24.180","609"
"255","275443","20220712103000","598","0","臺中市","北屯區","120.705","24.180","306"
"825","275445","20220712103000","629","2","臺中市","北屯區","120.705","24.185","813"
"1810","275457","20220712103000","1370","2","臺中市","北區","120.670","24.160","1828"
"3479","275458","20220712103000","3556","0","臺中市","北區","120.685","24.155","3388"
"1635","275459","20220712103000","887","3","臺中市","北屯區","120.700","24.175","1566"
"739","275461","20220712103000","492","3","臺中市","大里區","120.710","24.100","722"
"1753","275462","20220712103000","1680","1","臺中市","大里區","120.715","24.100","1830"
"1475","275463","20220712103000","1680","0","臺中市","大里區","120.690","24.105","1403"
"393","275464","20220712103000","678","0","臺中市","大里區","120.695","24.105","360"
"773","275466","20220712103000","827","0","臺中市","大里區","120.685","24.100","867"
"2671","275467","20220712103000","1940","2","臺中市","大里區","120.680","24.115","2835"
"528","275468","20220712103000","439","2","臺中市","大里區","120.685","24.115","590"
"927","275469","20220712103000","1140","0","臺中市","南屯區","120.635","24.135","856"
"51","275471","20220712103000","562","0","臺中市","大里區","120.695","24.110","62"
"1538","275477","20220712103000","859","3","臺中市","太平區","120.715","24.155","1430"
"891","275478","20220712103000","452","3","臺中市","北屯區","120.705","24.170","1019"
"368","275479","20220712103000","299","2","臺中市","北屯區","120.740","24.180","401"
"47","275480","20220712103000","171","0","臺中市","北屯區","120.745","24.180","52"
"13","275487","20220712103000","110","0","臺中市","北屯區","120.745","24.185","12"
"32","275492","20220712103000","25","2","臺中市","北屯區","120.770","24.185","24"
"14","275495","20220712103000","42","0","臺中市","北屯區","120.780","24.185","16"
"14","275498","20220712103000","52","0","臺中市","北屯區","120.750","24.185","11"
"48","275502","20220712103000","74","0","臺中市","北屯區","120.765","24.185","61"
"1265","275504","20220712103000","1184","1","臺中市","北屯區","120.695","24.180","1249"
"1675","275505","20220712103000","1183","2","臺中市","西屯區","120.665","24.175","1696"
"732","275506","20220712103000","725","1","臺中市","西屯區","120.640","24.155","571"
"2943","275507","20220712103000","3025","0","臺中市","西屯區","120.645","24.155","2966"
"2435","275508","20220712103000","3849","0","臺中市","西屯區","120.640","24.160","2722"
"3506","275509","20220712103000","1833","3","臺中市","西屯區","120.645","24.160","3208"
"308","275510","20220712103000","994","0","臺中市","西屯區","120.640","24.165","319"
"2808","275511","20220712103000","2602","1","臺中市","西屯區","120.645","24.165","2546"
"934","275512","20220712103000","865","1","臺中市","西屯區","120.650","24.170","1060"
"709","275513","20220712103000","400","3","臺中市","太平區","120.720","24.145","704"
"519","275515","20220712103000","493","1","臺中市","太平區","120.715","24.145","587"
"1516","275517","20220712103000","1334","1","臺中市","大里區","120.690","24.115","1554"
"506","275518","20220712103000","331","3","臺中市","大里區","120.690","24.120","499"
"313","275519","20220712103000","209","2","臺中市","東區","120.700","24.125","319"
"36","275662","20220712103000","36","1","臺中市","和平區","120.955","24.160","28"
"131","275685","20220712103000","93","2","臺中市","和平區","120.950","24.165","168"
"78","275710","20220712103000","35","3","臺中市","和平區","120.945","24.170","80"
"21","275716","20220712103000","104","0","臺中市","和平區","120.975","24.170","36"
"24","275771","20220712103000","97","0","臺中市","和平區","120.980","24.180","18"
"333","275829","20220712103000","101","3","臺中市","和平區","120.990","24.185","339"
"238","276007","20220712103000","245","0","臺中市","和平區","120.925","24.180","212"
"182","276027","20220712103000","549","0","臺中市","北屯區","120.700","24.180","205"
"1362","276028","20220712103000","1581","0","臺中市","南區","120.680","24.130","1310"
"1083","276029","20220712103000","1581","0","臺中市","西屯區","120.620","24.180","1077"
"2144","276033","20220712103000","2213","0","臺中市","西屯區","120.650","24.185","2308"
"21","276034","20220712103000","265","0","臺中市","西屯區","120.650","24.190","35"
"11","276036","20220712103000","32","0","臺中市","西屯區","120.630","24.160","12"
"2082","276037","20220712103000","1495","2","臺中市","西屯區","120.635","24.160","1889"
"2948","276039","20220712103000","2124","2","臺中市","西屯區","120.635","24.165","2897"
"531","276040","20220712103000","296","3","臺中市","西屯區","120.630","24.170","492"
"798","276041","20220712103000","551","2","臺中市","西屯區","120.635","24.170","796"
"1554","276043","20220712103000","1216","2","臺中市","太平區","120.715","24.140","1629"
"119","276044","20220712103000","706","0","臺中市","太平區","120.720","24.155","130"
"2700","276045","20220712103000","2431","1","臺中市","西區","120.660","24.140","2744"
"2139","276046","20220712103000","2078","1","臺中市","西區","120.660","24.145","2056"
"921","276048","20220712103000","958","0","臺中市","南區","120.660","24.130","1011"
"151","276451","20220712103000","418","0","花蓮縣","秀林鄉","121.285","24.140","130"
"311","276521","20220712103000","274","1","花蓮縣","秀林鄉","121.635","24.140","371"
"18","276664","20220712103000","155","0","花蓮縣","秀林鄉","121.625","24.150","45"
"142","276735","20220712103000","61","3","花蓮縣","秀林鄉","121.625","24.155","193"
"62","276802","20220712103000","18","3","花蓮縣","秀林鄉","121.615","24.160","13"
"203","276803","20220712103000","158","2","花蓮縣","秀林鄉","121.620","24.160","173"
"62","276923","20220712103000","50","2","花蓮縣","秀林鄉","121.530","24.170","35"
"101","276945","20220712103000","281","0","花蓮縣","秀林鄉","121.300","24.175","71"
"13","276961","20220712103000","14","0","花蓮縣","秀林鄉","121.380","24.175","13"
"14","276990","20220712103000","10","2","花蓮縣","秀林鄉","121.520","24.175","11"
"14","276995","20220712103000","30","0","花蓮縣","秀林鄉","121.545","24.175","16"
"11","276996","20220712103000","15","0","花蓮縣","秀林鄉","121.550","24.175","11"
"33","276998","20220712103000","44","0","花蓮縣","秀林鄉","121.560","24.175","54"
"282","277000","20220712103000","106","3","花蓮縣","秀林鄉","121.570","24.175","220"
"43","277001","20220712103000","58","0","花蓮縣","秀林鄉","121.575","24.175","45"
"27","277006","20220712103000","68","0","花蓮縣","秀林鄉","121.600","24.175","28"
"34","277055","20220712103000","34","1","花蓮縣","秀林鄉","121.510","24.180","42"
"18","277056","20220712103000","11","3","花蓮縣","秀林鄉","121.515","24.180","15"
"406","277116","20220712103000","202","3","花蓮縣","秀林鄉","121.495","24.180","372"
"741","277183","20220712103000","438","3","花蓮縣","秀林鄉","121.655","24.125","696"
"92","277187","20220712103000","94","0","花蓮縣","秀林鄉","121.645","24.135","84"
"270","277214","20220712103000","244","1","花蓮縣","秀林鄉","121.650","24.155","270"
"172","277223","20220712103000","151","1","花蓮縣","秀林鄉","121.655","24.160","170"
"128","277237","20220712103000","176","0","花蓮縣","秀林鄉","121.655","24.170","136"
"19","277255","20220712103000","15","2","花蓮縣","秀林鄉","121.660","24.180","18"
"1809","277409","20220712103000","2876","0","臺中市","西屯區","120.645","24.170","1769"
"404","277410","20220712103000","290","2","臺中市","太平區","120.730","24.155","373"
"173","277411","20220712103000","552","0","臺中市","太平區","120.735","24.155","189"
"20","277415","20220712103000","175","0","臺中市","大肚區","120.550","24.120","21"
"846","277420","20220712103000","1304","0","臺中市","大肚區","120.570","24.120","865"
"101","277421","20220712103000","892","0","臺中市","大肚區","120.575","24.120","114"
"582","277423","20220712103000","557","1","臺中市","大肚區","120.570","24.125","567"
"52","277425","20220712103000","505","0","臺中市","大肚區","120.580","24.125","59"
"489","277426","20220712103000","446","1","臺中市","大肚區","120.570","24.130","512"
"584","277434","20220712103000","271","3","臺中市","大肚區","120.585","24.135","313"
"1563","277437","20220712103000","1437","1","臺中市","大里區","120.705","24.105","1534"
"401","277439","20220712103000","379","1","臺中市","大里區","120.705","24.110","505"
"34","277440","20220712103000","331","0","臺中市","太平區","120.705","24.150","42"
"294","277441","20220712103000","542","0","臺中市","太平區","120.710","24.150","308"
"386","277442","20220712103000","265","2","臺中市","烏日區","120.625","24.100","488"
"855","277443","20220712103000","840","1","臺中市","烏日區","120.630","24.100","829"
"1648","277444","20220712103000","1066","3","臺中市","烏日區","120.620","24.105","1529"
"479","277445","20220712103000","349","2","臺中市","烏日區","120.625","24.105","545"
"619","277450","20220712103000","317","3","臺中市","西屯區","120.595","24.165","637"
"739","277451","20220712103000","749","0","臺中市","西屯區","120.600","24.165","707"
"836","277452","20220712103000","906","0","臺中市","西屯區","120.605","24.165","796"
"826","277453","20220712103000","824","1","臺中市","西屯區","120.610","24.165","963"
"50","277456","20220712103000","245","0","臺中市","西屯區","120.585","24.170","45"
"2605","277457","20220712103000","2518","1","臺中市","西屯區","120.590","24.170","2500"
"478","277458","20220712103000","261","3","臺中市","西屯區","120.595","24.170","483"
"42","277459","20220712103000","51","0","臺中市","西屯區","120.600","24.170","41"
"359","277460","20220712103000","340","1","臺中市","西屯區","120.605","24.170","379"
"1170","277461","20220712103000","1322","0","臺中市","西屯區","120.610","24.170","1126"
"178","277462","20220712103000","209","0","臺中市","西屯區","120.615","24.170","195"
"910","277463","20220712103000","794","1","臺中市","西屯區","120.620","24.170","831"
"64","277465","20220712103000","385","0","臺中市","西屯區","120.585","24.175","77"
"513","277467","20220712103000","604","0","臺中市","西屯區","120.605","24.175","510"
"1509","277468","20220712103000","964","3","臺中市","西屯區","120.595","24.175","1546"
"615","277471","20220712103000","337","3","臺中市","西屯區","120.620","24.175","535"
"93","277472","20220712103000","79","1","臺中市","西屯區","120.625","24.175","90"
"624","277473","20220712103000","1513","0","臺中市","西屯區","120.595","24.180","664"
"821","277474","20220712103000","1096","0","臺中市","西屯區","120.595","24.185","748"
"508","277475","20220712103000","1196","0","臺中市","西屯區","120.600","24.175","469"
"1910","277477","20220712103000","1779","1","臺中市","太平區","120.720","24.130","1883"
"59","277478","20220712103000","524","0","臺中市","太平區","120.710","24.130","69"
"133","277480","20220712103000","1239","0","臺中市","太平區","120.715","24.135","177"
"1985","277481","20220712103000","1592","2","臺中市","太平區","120.730","24.150","1987"
"25","277483","20220712103000","175","0","臺中市","大肚區","120.575","24.170","34"
"546","277484","20220712103000","753","0","臺中市","大肚區","120.580","24.170","530"
"1481","277487","20220712103000","1398","1","臺中市","大肚區","120.545","24.155","1540"
"80","277488","20220712103000","494","0","臺中市","大肚區","120.540","24.160","93"
"588","277489","20220712103000","501","1","臺中市","大肚區","120.545","24.160","536"
"467","277492","20220712103000","381","2","臺中市","大肚區","120.535","24.165","566"
"781","277493","20220712103000","699","1","臺中市","大里區","120.690","24.100","745"
"436","277496","20220712103000","416","1","臺中市","太平區","120.735","24.105","484"
"807","277503","20220712103000","719","1","臺中市","太平區","120.730","24.140","754"
"843","277504","20220712103000","1255","0","臺中市","太平區","120.735","24.140","886"
"31","277507","20220712103000","46","0","臺中市","太平區","120.730","24.145","28"
"1107","277508","20220712103000","879","2","臺中市","太平區","120.735","24.145","1157"
"1135","277520","20220712103000","1009","1","臺中市","太平區","120.740","24.155","1209"
"217","277531","20220712103000","1186","0","臺中市","太平區","120.730","24.125","285"
"62","277532","20220712103000","231","0","臺中市","太平區","120.725","24.130","81"
"1421","277533","20220712103000","1455","0","臺中市","東區","120.690","24.130","1391"
"1561","277534","20220712103000","1631","0","臺中市","東區","120.690","24.140","1806"
"3564","277535","20220712103000","1818","3","臺中市","中區","120.685","24.140","3205"
"17","277537","20220712103000","128","0","臺中市","太平區","120.735","24.130","19"
"705","277538","20220712103000","1570","0","臺中市","太平區","120.720","24.100","682"
"1129","277540","20220712103000","975","1","臺中市","太平區","120.720","24.105","1196"
"907","277541","20220712103000","896","1","臺中市","太平區","120.725","24.140","865"
"457","277542","20220712103000","439","1","臺中市","太平區","120.730","24.135","544"
"990","277544","20220712103000","975","1","臺中市","龍井區","120.540","24.175","1173"
"613","277557","20220712103000","522","1","臺中市","大肚區","120.560","24.125","763"
"67","277558","20220712103000","459","0","臺中市","大肚區","120.565","24.125","72"
"557","277564","20220712103000","494","1","臺中市","龍井區","120.575","24.175","549"
"454","277565","20220712103000","799","0","臺中市","龍井區","120.580","24.175","471"
"644","277566","20220712103000","592","1","臺中市","太平區","120.725","24.145","674"
"604","277567","20220712103000","592","1","臺中市","太平區","120.720","24.125","639"
"29","277587","20220712103000","22","2","臺中市","東勢區","120.855","24.175","39"
"72","277597","20220712103000","65","1","臺中市","東勢區","120.840","24.185","86"
"51","277611","20220712103000","37","2","臺中市","東勢區","120.865","24.185","47"
"655","277614","20220712103000","653","1","臺中市","太平區","120.710","24.135","696"
"1453","277615","20220712103000","1233","1","臺中市","東區","120.705","24.140","1471"
"13","277616","20220712103000","491","0","臺中市","東區","120.705","24.145","13"
"1434","277617","20220712103000","1045","2","臺中市","東區","120.695","24.150","1469"
"171","277618","20220712103000","1186","0","臺中市","太平區","120.705","24.155","156"
"726","277619","20220712103000","663","1","臺中市","太平區","120.705","24.160","681"
"1481","277620","20220712103000","628","3","臺中市","太平區","120.710","24.155","1347"
"1604","277621","20220712103000","1172","2","臺中市","東區","120.690","24.135","1590"
"651","277622","20220712103000","615","1","臺中市","東區","120.690","24.145","677"
"2202","277623","20220712103000","1417","3","臺中市","東區","120.700","24.140","2220"
"2648","277624","20220712103000","2061","2","臺中市","北區","120.675","24.155","2574"
"1636","277625","20220712103000","1510","1","臺中市","西區","120.660","24.150","1604"
"3755","277626","20220712103000","3128","2","臺中市","西區","120.665","24.155","3643"
"20","277630","20220712103000","250","0","臺中市","龍井區","120.550","24.185","20"
"143","277637","20220712103000","181","0","臺中市","烏日區","120.650","24.105","190"
"634","277638","20220712103000","604","1","臺中市","烏日區","120.655","24.105","789"
"3464","277639","20220712103000","2546","2","臺中市","西屯區","120.640","24.170","3433"
"1433","277640","20220712103000","1728","0","臺中市","西屯區","120.655","24.170","1377"
"4418","277641","20220712103000","4128","1","臺中市","西屯區","120.660","24.170","4153"
"1260","277642","20220712103000","1327","0","臺中市","太平區","120.720","24.150","1335"
"208","277643","20220712103000","143","2","臺中市","太平區","120.725","24.150","213"
"1081","277644","20220712103000","916","1","臺中市","太平區","120.725","24.155","1167"
"1070","277646","20220712103000","497","3","臺中市","烏日區","120.605","24.105","1216"
"526","277647","20220712103000","231","3","臺中市","烏日區","120.610","24.105","439"
"220","277648","20220712103000","229","0","臺中市","烏日區","120.600","24.110","297"
"1244","277649","20220712103000","1795","0","臺中市","烏日區","120.605","24.110","1321"
"43","277650","20220712103000","33","2","臺中市","烏日區","120.610","24.110","36"
"587","277652","20220712103000","375","3","臺中市","烏日區","120.605","24.115","486"
"713","277653","20220712103000","552","2","臺中市","烏日區","120.610","24.115","693"
"150","277655","20220712103000","156","0","臺中市","烏日區","120.595","24.120","208"
"404","277656","20220712103000","1053","0","臺中市","烏日區","120.635","24.110","440"
"738","277657","20220712103000","780","0","臺中市","烏日區","120.640","24.110","788"
"3530","277661","20220712103000","2399","2","臺中市","西區","120.665","24.150","3577"
"813","277662","20220712103000","1014","0","臺中市","西區","120.670","24.150","904"
"1750","277663","20220712103000","2573","0","臺中市","西區","120.675","24.135","1632"
"1750","277664","20220712103000","1590","1","臺中市","西區","120.665","24.145","1699"
"361","277681","20220712103000","279","2","花蓮縣","秀林鄉","121.630","24.115","347"
"153","277712","20220712103000","107","2","花蓮縣","秀林鄉","121.630","24.125","141"
"235","277713","20220712103000","223","1","花蓮縣","秀林鄉","121.635","24.125","203"
"291","277756","20220712103000","204","2","花蓮縣","新城鄉","121.615","24.100","259"
"356","277759","20220712103000","238","2","花蓮縣","新城鄉","121.620","24.105","347"
"484","277766","20220712103000","331","2","花蓮縣","新城鄉","121.640","24.115","432"
"94","277799","20220712103000","80","1","花蓮縣","新城鄉","121.650","24.125","75"
"276","277805","20220712103000","290","0","花蓮縣","新城鄉","121.645","24.130","286"
"41","277807","20220712103000","40","1","彰化縣","彰化市","120.545","24.100","41"
"1145","277812","20220712103000","1004","1","彰化縣","和美鎮","120.495","24.115","1209"
"412","277817","20220712103000","236","3","彰化縣","彰化市","120.560","24.105","413"
"573","277821","20220712103000","156","3","彰化縣","和美鎮","120.505","24.140","656"
"1133","277830","20220712103000","1029","1","彰化縣","和美鎮","120.500","24.105","1161"
"2415","277831","20220712103000","2262","1","彰化縣","和美鎮","120.495","24.110","2351"
"1381","277832","20220712103000","1392","0","彰化縣","和美鎮","120.500","24.110","1536"
"131","277834","20220712103000","770","0","彰化縣","伸港鄉","120.480","24.140","110"
"105","277848","20220712103000","114","0","南投縣","國姓鄉","120.895","24.110","128"
"29","277865","20220712103000","32","0","南投縣","國姓鄉","120.850","24.105","35"
"122","277866","20220712103000","97","2","南投縣","國姓鄉","120.855","24.105","78"
"520","277889","20220712103000","418","2","彰化縣","和美鎮","120.490","24.110","568"
"257","277890","20220712103000","258","0","彰化縣","和美鎮","120.490","24.115","295"
"216","277892","20220712103000","276","0","彰化縣","和美鎮","120.515","24.125","224"
"31","277895","20220712103000","37","0","彰化縣","和美鎮","120.520","24.130","53"
"495","277898","20220712103000","332","2","彰化縣","和美鎮","120.515","24.135","682"
"385","277902","20220712103000","328","1","彰化縣","和美鎮","120.500","24.130","436"
"31","277906","20220712103000","24","2","彰化縣","和美鎮","120.505","24.135","32"
"67","277907","20220712103000","33","3","彰化縣","和美鎮","120.510","24.135","64"
"1396","277912","20220712103000","1057","2","彰化縣","和美鎮","120.490","24.120","1371"
"570","277913","20220712103000","468","2","彰化縣","和美鎮","120.495","24.120","647"
"310","277919","20220712103000","655","0","彰化縣","伸港鄉","120.510","24.160","290"
"441","277922","20220712103000","309","2","彰化縣","伸港鄉","120.510","24.165","410"
"333","277925","20220712103000","1391","0","彰化縣","伸港鄉","120.505","24.170","359"
"477","277926","20220712103000","302","3","彰化縣","伸港鄉","120.510","24.170","463"
"353","277931","20220712103000","115","3","彰化縣","伸港鄉","120.505","24.180","331"
"1367","277935","20220712103000","820","3","彰化縣","彰化市","120.575","24.100","1310"
"35","277953","20220712103000","363","0","彰化縣","和美鎮","120.530","24.110","38"
"11","277963","20220712103000","14","0","彰化縣","和美鎮","120.535","24.105","29"
"103","277967","20220712103000","787","0","彰化縣","和美鎮","120.545","24.110","137"
"14","277968","20220712103000","23","0","彰化縣","和美鎮","120.540","24.115","15"
"44","277971","20220712103000","51","0","彰化縣","和美鎮","120.530","24.100","48"
"1362","277975","20220712103000","991","2","彰化縣","和美鎮","120.525","24.115","1352"
"28","277978","20220712103000","23","2","彰化縣","和美鎮","120.485","24.135","38"
"133","277979","20220712103000","162","0","彰化縣","和美鎮","120.485","24.140","139"
"808","277980","20220712103000","1854","0","彰化縣","伸港鄉","120.485","24.145","825"
"297","277982","20220712103000","434","0","彰化縣","伸港鄉","120.490","24.150","279"
"290","277984","20220712103000","127","3","彰化縣","伸港鄉","120.470","24.145","325"
"121","277985","20220712103000","289","0","彰化縣","伸港鄉","120.475","24.145","115"
"237","277994","20220712103000","504","0","彰化縣","伸港鄉","120.500","24.140","237"
"186","277998","20220712103000","191","0","彰化縣","伸港鄉","120.480","24.155","195"
"570","278002","20220712103000","459","2","彰化縣","和美鎮","120.490","24.105","598"
"52","278003","20220712103000","112","0","彰化縣","和美鎮","120.490","24.125","42"
"481","278011","20220712103000","345","2","彰化縣","和美鎮","120.515","24.105","561"
"583","278012","20220712103000","433","2","彰化縣","和美鎮","120.510","24.110","591"
"253","278018","20220712103000","438","0","彰化縣","和美鎮","120.510","24.150","282"
"29","278019","20220712103000","150","0","彰化縣","伸港鄉","120.510","24.155","39"
"87","278026","20220712103000","559","0","彰化縣","線西鄉","120.455","24.145","115"
"484","278032","20220712103000","324","2","彰化縣","伸港鄉","120.450","24.155","513"
"981","278037","20220712103000","822","1","彰化縣","和美鎮","120.500","24.115","951"
"1621","278047","20220712103000","694","3","彰化縣","和美鎮","120.490","24.130","1502"
"1016","278050","20220712103000","482","3","彰化縣","和美鎮","120.490","24.100","1092"
"2070","278052","20220712103000","627","3","彰化縣","和美鎮","120.515","24.100","1858"
"931","278053","20220712103000","590","3","彰化縣","和美鎮","120.520","24.100","1145"
"156","278058","20220712103000","95","3","彰化縣","和美鎮","120.485","24.100","145"
"438","278060","20220712103000","361","2","彰化縣","和美鎮","120.485","24.110","405"
"106","278065","20220712103000","125","0","彰化縣","伸港鄉","120.475","24.155","125"
"86","278066","20220712103000","33","3","彰化縣","伸港鄉","120.470","24.160","97"
"46","278084","20220712103000","31","2","彰化縣","伸港鄉","120.485","24.180","40"
"881","278099","20220712103000","775","1","彰化縣","和美鎮","120.530","24.105","867"
"585","278100","20220712103000","439","2","彰化縣","和美鎮","120.515","24.120","567"
"190","278175","20220712103000","160","1","南投縣","仁愛鄉","121.190","24.145","228"
"339","278457","20220712103000","384","0","南投縣","仁愛鄉","121.205","24.110","374"
"535","278506","20220712103000","522","1","南投縣","仁愛鄉","121.270","24.140","334"
"133","278518","20220712103000","160","0","南投縣","仁愛鄉","121.285","24.160","73"
"127","278973","20220712103000","103","2","南投縣","仁愛鄉","121.185","24.120","119"
"307","279090","20220712103000","308","0","南投縣","仁愛鄉","121.170","24.155","295"
"43","279213","20220712103000","61","0","南投縣","仁愛鄉","121.200","24.180","51"
"220","279218","20220712103000","223","0","南投縣","仁愛鄉","121.225","24.180","198"
"655","279255","20220712103000","1660","0","彰化縣","伸港鄉","120.485","24.160","656"
"371","279258","20220712103000","655","0","彰化縣","伸港鄉","120.495","24.160","406"
"100","279282","20220712103000","100","1","彰化縣","線西鄉","120.420","24.130","96"
"87","279286","20220712103000","397","0","彰化縣","和美鎮","120.480","24.105","77"
"66","279292","20220712103000","328","0","彰化縣","鹿港鎮","120.460","24.105","67"
"23","279293","20220712103000","358","0","彰化縣","鹿港鎮","120.465","24.105","37"
"641","279295","20220712103000","271","3","彰化縣","鹿港鎮","120.465","24.110","635"
"410","279296","20220712103000","176","3","彰化縣","鹿港鎮","120.460","24.115","405"
"1470","279303","20220712103000","1010","2","彰化縣","線西鄉","120.465","24.130","1504"
"849","279311","20220712103000","724","1","彰化縣","線西鄉","120.435","24.140","868"
"632","279350","20220712103000","379","3","彰化縣","鹿港鎮","120.450","24.115","682"
"75","279355","20220712103000","83","0","彰化縣","鹿港鎮","120.415","24.120","77"
"275","279359","20220712103000","166","3","彰化縣","鹿港鎮","120.455","24.120","317"
"28","279366","20220712103000","19","2","彰化縣","線西鄉","120.460","24.130","27"
"1438","279368","20220712103000","1373","1","彰化縣","線西鄉","120.430","24.130","1475"
"1436","279371","20220712103000","969","2","彰化縣","線西鄉","120.425","24.135","1559"
"37","279375","20220712103000","248","0","彰化縣","線西鄉","120.470","24.135","41"
"348","279379","20220712103000","143","3","彰化縣","線西鄉","120.440","24.150","348"
"566","279387","20220712103000","549","1","彰化縣","線西鄉","120.445","24.150","537"
"527","279389","20220712103000","364","2","彰化縣","線西鄉","120.480","24.115","553"
"285","279392","20220712103000","214","2","彰化縣","和美鎮","120.485","24.120","280"
"360","279396","20220712103000","382","0","彰化縣","線西鄉","120.480","24.125","406"
"805","279398","20220712103000","513","3","彰化縣","線西鄉","120.470","24.130","823"
"43","285400","20220712103000","38","1","臺中市","清水區","120.555","24.270","38"
"260","285401","20220712103000","265","0","臺中市","清水區","120.560","24.270","283"
"1620","285403","20220712103000","1545","1","臺中市","清水區","120.550","24.275","1852"
"672","285405","20220712103000","617","1","臺中市","清水區","120.540","24.275","562"
"107","285406","20220712103000","464","0","臺中市","北屯區","120.665","24.195","136"
"903","285409","20220712103000","614","2","臺中市","北屯區","120.680","24.195","928"
"840","285410","20220712103000","472","3","臺中市","北屯區","120.665","24.200","651"
"706","285412","20220712103000","490","2","臺中市","北屯區","120.675","24.200","576"
"434","285413","20220712103000","338","2","臺中市","北屯區","120.680","24.200","403"
"846","285414","20220712103000","568","2","臺中市","北屯區","120.685","24.200","731"
"33","285415","20220712103000","18","3","臺中市","北屯區","120.665","24.190","33"
"1089","285416","20220712103000","468","3","臺中市","北屯區","120.670","24.190","1062"
"82","285418","20220712103000","1076","0","臺中市","沙鹿區","120.560","24.240","96"
"1768","285419","20220712103000","2313","0","臺中市","沙鹿區","120.565","24.240","1864"
"56","285422","20220712103000","41","2","臺中市","沙鹿區","120.565","24.245","52"
"266","285423","20220712103000","450","0","臺中市","沙鹿區","120.570","24.245","227"
"372","285425","20220712103000","387","0","臺中市","沙鹿區","120.560","24.250","403"
"568","285426","20220712103000","284","3","臺中市","沙鹿區","120.565","24.250","681"
"524","285428","20220712103000","367","2","臺中市","沙鹿區","120.565","24.255","484"
"1255","285431","20220712103000","598","3","臺中市","清水區","120.575","24.275","1166"
"1242","285434","20220712103000","1004","2","臺中市","潭子區","120.715","24.205","1376"
"842","285437","20220712103000","410","3","臺中市","潭子區","120.700","24.200","668"
"383","285439","20220712103000","306","2","臺中市","潭子區","120.700","24.205","414"
"413","285440","20220712103000","386","1","臺中市","潭子區","120.700","24.210","426"
"1402","285441","20220712103000","1371","1","臺中市","潭子區","120.705","24.210","1407"
"1370","285442","20220712103000","1258","1","臺中市","潭子區","120.700","24.215","1453"
"110","285443","20220712103000","195","0","臺中市","潭子區","120.710","24.195","90"
"47","285444","20220712103000","40","1","臺中市","潭子區","120.705","24.200","40"
"396","285445","20220712103000","357","1","臺中市","潭子區","120.710","24.200","482"
"1249","285446","20220712103000","1204","1","臺中市","潭子區","120.705","24.205","1234"
"2155","285447","20220712103000","1471","2","臺中市","潭子區","120.710","24.205","2347"
"797","285453","20220712103000","719","1","臺中市","潭子區","120.720","24.195","938"
"1695","285454","20220712103000","1506","1","臺中市","潭子區","120.725","24.195","1730"
"575","285459","20220712103000","577","0","臺中市","潭子區","120.725","24.200","614"
"1704","285460","20220712103000","1607","1","臺中市","潭子區","120.730","24.200","1562"
"91","285468","20220712103000","89","1","臺中市","潭子區","120.745","24.210","106"
"2903","285469","20220712103000","2251","2","臺中市","北屯區","120.705","24.190","3047"
"64","285470","20220712103000","48","2","臺中市","北屯區","120.705","24.195","68"
"34","285471","20220712103000","207","0","臺中市","西屯區","120.645","24.190","51"
"468","285472","20220712103000","281","3","臺中市","大雅區","120.615","24.235","421"
"501","285473","20220712103000","273","3","臺中市","沙鹿區","120.610","24.240","515"
"121","285474","20220712103000","568","0","臺中市","沙鹿區","120.615","24.240","104"
"19","285488","20220712103000","65","0","臺中市","沙鹿區","120.575","24.240","29"
"241","285500","20220712103000","218","1","臺中市","沙鹿區","120.560","24.225","240"
"887","285503","20220712103000","902","0","臺中市","沙鹿區","120.565","24.225","829"
"97","285504","20220712103000","426","0","臺中市","神岡區","120.655","24.250","116"
"11","285505","20220712103000","17","0","臺中市","神岡區","120.660","24.250","18"
"60","285507","20220712103000","54","1","臺中市","神岡區","120.660","24.255","54"
"604","285509","20220712103000","407","2","臺中市","神岡區","120.675","24.260","694"
"944","285515","20220712103000","764","2","臺中市","神岡區","120.680","24.265","819"
"71","285519","20220712103000","449","0","臺中市","神岡區","120.655","24.275","90"
"783","285522","20220712103000","1432","0","臺中市","豐原區","120.705","24.240","968"
"800","285523","20220712103000","558","2","臺中市","豐原區","120.700","24.245","880"
"528","285524","20220712103000","790","0","臺中市","豐原區","120.705","24.245","551"
"350","285525","20220712103000","251","2","臺中市","龍井區","120.560","24.190","303"
"356","285526","20220712103000","289","2","臺中市","龍井區","120.535","24.195","420"
"59","285527","20220712103000","53","1","臺中市","龍井區","120.540","24.195","57"
"398","285528","20220712103000","327","2","臺中市","龍井區","120.545","24.195","359"
"395","285531","20220712103000","314","2","臺中市","龍井區","120.560","24.195","504"
"510","285533","20220712103000","524","0","臺中市","龍井區","120.545","24.200","483"
"234","285536","20220712103000","189","2","臺中市","龍井區","120.560","24.200","257"
"732","285538","20220712103000","785","0","臺中市","潭子區","120.705","24.215","826"
"92","285539","20220712103000","74","2","臺中市","潭子區","120.700","24.220","90"
"2421","285540","20220712103000","2595","0","臺中市","潭子區","120.705","24.220","2604"
"3900","285541","20220712103000","3922","0","臺中市","潭子區","120.705","24.225","3794"
"290","285542","20220712103000","289","1","臺中市","龍井區","120.590","24.190","272"
"247","285544","20220712103000","407","0","臺中市","西屯區","120.605","24.190","264"
"866","285547","20220712103000","797","1","臺中市","神岡區","120.690","24.265","962"
"319","285549","20220712103000","162","3","臺中市","神岡區","120.685","24.270","323"
"263","285551","20220712103000","156","3","臺中市","神岡區","120.675","24.275","241"
"476","285553","20220712103000","467","1","臺中市","神岡區","120.685","24.275","474"
"520","285559","20220712103000","222","3","臺中市","神岡區","120.690","24.275","523"
"1218","285561","20220712103000","695","3","臺中市","神岡區","120.680","24.240","1237"
"465","285565","20220712103000","292","3","臺中市","神岡區","120.680","24.245","387"
"944","285567","20220712103000","854","1","臺中市","神岡區","120.675","24.250","985"
"1209","285568","20220712103000","1103","1","臺中市","神岡區","120.685","24.245","1138"
"31","285569","20220712103000","43","0","臺中市","神岡區","120.680","24.250","40"
"30","285570","20220712103000","190","0","臺中市","神岡區","120.685","24.250","39"
"107","285571","20220712103000","117","0","臺中市","神岡區","120.690","24.250","161"
"320","285573","20220712103000","277","1","臺中市","神岡區","120.685","24.255","291"
"161","285574","20220712103000","126","2","臺中市","神岡區","120.690","24.255","123"
"1996","285581","20220712103000","1518","2","臺中市","沙鹿區","120.555","24.230","1976"
"2334","285582","20220712103000","2467","0","臺中市","沙鹿區","120.555","24.235","2459"
"352","285584","20220712103000","348","1","臺中市","沙鹿區","120.580","24.250","200"
"910","285593","20220712103000","980","0","臺中市","沙鹿區","120.600","24.255","914"
"381","285599","20220712103000","274","2","臺中市","沙鹿區","120.600","24.260","364"
"922","285602","20220712103000","284","3","臺中市","沙鹿區","120.585","24.265","447"
"383","285607","20220712103000","227","3","臺中市","大雅區","120.655","24.210","457"
"470","285613","20220712103000","636","0","臺中市","大雅區","120.665","24.220","503"
"62","285618","20220712103000","314","0","臺中市","新社區","120.805","24.250","75"
"616","285621","20220712103000","401","3","臺中市","新社區","120.805","24.255","559"
"348","285626","20220712103000","343","1","臺中市","梧棲區","120.515","24.260","367"
"549","285627","20220712103000","437","2","臺中市","梧棲區","120.520","24.260","596"
"127","285630","20220712103000","482","0","臺中市","梧棲區","120.515","24.270","183"
"1159","285634","20220712103000","1256","0","臺中市","梧棲區","120.535","24.255","1196"
"523","285635","20220712103000","371","2","臺中市","梧棲區","120.550","24.255","605"
"487","285637","20220712103000","445","1","臺中市","梧棲區","120.560","24.255","463"
"953","285638","20220712103000","633","3","臺中市","梧棲區","120.540","24.260","889"
"506","285642","20220712103000","490","1","臺中市","梧棲區","120.555","24.240","435"
"1997","285644","20220712103000","1179","3","臺中市","梧棲區","120.545","24.245","2013"
"1114","285646","20220712103000","1613","0","臺中市","神岡區","120.695","24.245","1255"
"692","285648","20220712103000","618","1","臺中市","神岡區","120.695","24.255","585"
"605","285657","20220712103000","479","2","臺中市","梧棲區(海)","120.490","24.255","591"
"27","285659","20220712103000","157","0","臺中市","梧棲區(海)","120.500","24.255","60"
"642","285667","20220712103000","558","1","臺中市","梧棲區(海)","120.500","24.265","567"
"172","285671","20220712103000","187","0","臺中市","梧棲區(海)","120.500","24.270","179"
"134","285677","20220712103000","174","0","臺中市","梧棲區(海)","120.505","24.275","119"
"19","285681","20220712103000","193","0","臺中市","梧棲區","120.525","24.260","17"
"107","285682","20220712103000","112","0","臺中市","梧棲區","120.530","24.260","148"
"444","285683","20220712103000","249","3","臺中市","北屯區","120.790","24.205","415"
"290","285685","20220712103000","228","2","臺中市","新社區","120.805","24.190","292"
"135","285695","20220712103000","103","2","臺中市","新社區","120.815","24.200","134"
"240","285697","20220712103000","208","1","臺中市","新社區","120.805","24.205","226"
"193","285701","20220712103000","155","2","臺中市","新社區","120.805","24.210","180"
"322","285707","20220712103000","286","1","臺中市","新社區","120.800","24.220","333"
"189","285713","20220712103000","127","2","臺中市","新社區","120.795","24.235","212"
"63","285717","20220712103000","287","0","臺中市","新社區","120.795","24.230","64"
"190","285720","20220712103000","126","3","臺中市","新社區","120.780","24.230","229"
"115","285727","20220712103000","341","0","臺中市","新社區","120.785","24.235","102"
"866","285738","20220712103000","529","3","臺中市","神岡區","120.700","24.250","873"
"625","285742","20220712103000","457","2","臺中市","神岡區","120.645","24.250","693"
"211","285745","20220712103000","178","1","臺中市","神岡區","120.645","24.255","212"
"335","285747","20220712103000","151","3","臺中市","神岡區","120.635","24.260","264"
"539","285750","20220712103000","965","0","臺中市","豐原區","120.710","24.245","588"
"1255","285752","20220712103000","600","3","臺中市","豐原區","120.720","24.260","1348"
"2653","285754","20220712103000","2002","2","臺中市","豐原區","120.720","24.265","2838"
"382","285758","20220712103000","297","2","臺中市","豐原區","120.715","24.275","434"
"939","285759","20220712103000","412","3","臺中市","豐原區","120.720","24.275","1076"
"448","285761","20220712103000","331","2","臺中市","豐原區","120.720","24.280","355"
"1078","285764","20220712103000","749","2","臺中市","梧棲區","120.545","24.240","1167"
"2462","285765","20220712103000","2795","0","臺中市","梧棲區","120.540","24.245","2560"
"765","285766","20220712103000","801","0","臺中市","梧棲區","120.520","24.255","694"
"740","285767","20220712103000","949","0","臺中市","梧棲區","120.525","24.255","766"
"240","285773","20220712103000","225","1","臺中市","新社區","120.810","24.225","284"
"461","285777","20220712103000","549","0","臺中市","新社區","120.805","24.230","530"
"2279","285782","20220712103000","1023","3","臺中市","豐原區","120.725","24.255","2196"
"737","285783","20220712103000","745","0","臺中市","豐原區","120.705","24.250","704"
"574","285785","20220712103000","491","1","臺中市","豐原區","120.720","24.240","608"
"1428","285787","20220712103000","1252","1","臺中市","豐原區","120.715","24.235","1502"
"1675","285788","20220712103000","1166","2","臺中市","豐原區","120.720","24.235","1514"
"500","285789","20220712103000","397","2","臺中市","豐原區","120.725","24.235","547"
"2772","285791","20220712103000","1311","3","臺中市","豐原區","120.715","24.245","3178"
"67","285793","20220712103000","71","0","臺中市","豐原區","120.725","24.250","74"
"341","285796","20220712103000","178","3","臺中市","豐原區","120.740","24.240","427"
"590","285799","20220712103000","888","0","臺中市","豐原區","120.730","24.245","638"
"728","285800","20220712103000","337","3","臺中市","豐原區","120.735","24.245","667"
"793","285803","20220712103000","375","3","臺中市","豐原區","120.730","24.250","818"
"887","285804","20220712103000","481","3","臺中市","豐原區","120.735","24.250","926"
"705","285805","20220712103000","596","1","臺中市","豐原區","120.740","24.250","772"
"22","285806","20220712103000","541","0","臺中市","龍井區","120.525","24.210","40"
"544","285812","20220712103000","703","0","臺中市","龍井區","120.515","24.215","571"
"897","285819","20220712103000","926","0","臺中市","龍井區","120.510","24.220","792"
"873","285821","20220712103000","523","3","臺中市","龍井區","120.520","24.220","851"
"1991","285822","20220712103000","829","3","臺中市","龍井區","120.525","24.220","1960"
"708","285849","20220712103000","698","1","臺中市","新社區","120.805","24.240","757"
"249","285852","20220712103000","93","3","臺中市","新社區","120.820","24.205","277"
"76","285856","20220712103000","58","2","臺中市","北屯區","120.780","24.210","122"
"20","285859","20220712103000","214","0","臺中市","新社區","120.795","24.210","38"
"485","285862","20220712103000","209","3","臺中市","新社區","120.780","24.215","503"
"385","285867","20220712103000","269","2","臺中市","新社區","120.775","24.220","394"
"120","285871","20220712103000","103","1","臺中市","新社區","120.775","24.225","140"
"325","285886","20220712103000","189","3","臺中市","梧棲區","120.515","24.225","286"
"211","285894","20220712103000","240","0","臺中市","清水區","120.635","24.265","202"
"599","285910","20220712103000","769","0","臺中市","梧棲區","120.535","24.250","679"
"31","285912","20220712103000","271","0","臺中市","梧棲區","120.545","24.250","38"
"352","285914","20220712103000","333","1","臺中市","梧棲區","120.540","24.255","397"
"381","285916","20220712103000","407","0","臺中市","豐原區","120.700","24.230","434"
"892","285918","20220712103000","976","0","臺中市","豐原區","120.705","24.235","789"
"442","285919","20220712103000","313","2","臺中市","豐原區","120.700","24.235","366"
"428","285920","20220712103000","231","3","臺中市","豐原區","120.700","24.240","489"
"52","285921","20220712103000","37","2","臺中市","豐原區","120.760","24.235","42"
"24","285923","20220712103000","36","0","臺中市","豐原區","120.755","24.240","27"
"15","285925","20220712103000","18","0","臺中市","豐原區","120.765","24.240","14"
"71","285927","20220712103000","91","0","臺中市","豐原區","120.750","24.245","74"
"407","285933","20220712103000","279","2","臺中市","豐原區","120.745","24.250","443"
"119","285937","20220712103000","70","3","臺中市","豐原區","120.765","24.250","115"
"17","285943","20220712103000","24","0","臺中市","豐原區","120.765","24.255","19"
"179","285948","20220712103000","110","3","臺中市","石岡區","120.770","24.260","195"
"40","285949","20220712103000","59","0","臺中市","豐原區","120.760","24.265","47"
"213","285953","20220712103000","115","3","臺中市","石岡區","120.765","24.270","204"
"1128","285954","20220712103000","589","3","臺中市","豐原區","120.730","24.255","1088"
"647","285955","20220712103000","655","0","臺中市","豐原區","120.735","24.255","554"
"1354","285956","20220712103000","1150","1","臺中市","豐原區","120.745","24.255","1236"
"786","285957","20220712103000","335","3","臺中市","豐原區","120.740","24.260","901"
"492","285958","20220712103000","279","3","臺中市","豐原區","120.745","24.260","430"
"41","285959","20220712103000","312","0","臺中市","豐原區","120.750","24.260","46"
"221","285960","20220712103000","200","1","臺中市","豐原區","120.755","24.265","183"
"2593","285962","20220712103000","2204","1","臺中市","豐原區","120.725","24.240","2521"
"1255","285963","20220712103000","1169","1","臺中市","豐原區","120.730","24.240","1141"
"97","285964","20220712103000","114","0","臺中市","龍井區","120.580","24.190","76"
"34","285965","20220712103000","39","0","臺中市","龍井區","120.585","24.190","44"
"15","285980","20220712103000","277","0","臺中市","沙鹿區","120.570","24.225","29"
"1552","285981","20220712103000","1253","2","臺中市","沙鹿區","120.570","24.230","1701"
"345","285983","20220712103000","695","0","臺中市","沙鹿區","120.565","24.215","377"
"1627","285984","20220712103000","1418","1","臺中市","沙鹿區","120.555","24.220","1647"
"182","285985","20220712103000","136","2","臺中市","沙鹿區","120.560","24.220","205"
"286","285990","20220712103000","176","3","臺中市","沙鹿區","120.575","24.200","379"
"1567","285991","20220712103000","867","3","臺中市","沙鹿區","120.580","24.200","1436"
"257","285994","20220712103000","200","2","臺中市","沙鹿區","120.570","24.205","277"
"376","285999","20220712103000","418","0","臺中市","沙鹿區","120.575","24.210","355"
"309","286001","20220712103000","287","1","臺中市","沙鹿區","120.560","24.235","345"
"737","286002","20220712103000","762","0","臺中市","豐原區","120.710","24.250","885"
"4705","286003","20220712103000","3612","2","臺中市","豐原區","120.715","24.250","4336"
"580","286005","20220712103000","585","0","臺中市","豐原區","120.725","24.225","493"
"305","286006","20220712103000","237","2","臺中市","豐原區","120.730","24.225","339"
"558","286008","20220712103000","421","2","臺中市","豐原區","120.725","24.230","565"
"169","286010","20220712103000","141","1","臺中市","豐原區","120.735","24.230","177"
"546","286012","20220712103000","494","1","臺中市","豐原區","120.730","24.230","609"
"1036","286014","20220712103000","813","2","臺中市","北屯區","120.660","24.190","1024"
"144","286015","20220712103000","189","0","臺中市","龍井區","120.500","24.230","143"
"1549","286023","20220712103000","452","3","臺中市","龍井區","120.520","24.205","1635"
"751","286024","20220712103000","107","3","臺中市","龍井區","120.525","24.205","727"
"1072","286027","20220712103000","466","3","臺中市","龍井區","120.505","24.210","1079"
"79","286031","20220712103000","45","3","臺中市","龍井區","120.545","24.205","84"
"870","286036","20220712103000","786","1","臺中市","龍井區","120.550","24.210","884"
"304","286039","20220712103000","245","2","臺中市","龍井區","120.545","24.215","363"
"309","286043","20220712103000","170","3","臺中市","東勢區","120.830","24.235","360"
"408","286047","20220712103000","412","0","臺中市","東勢區","120.830","24.240","447"
"906","286051","20220712103000","818","1","臺中市","東勢區","120.830","24.245","818"
"233","286052","20220712103000","126","3","臺中市","東勢區","120.835","24.245","190"
"399","286053","20220712103000","315","2","臺中市","東勢區","120.840","24.245","340"
"915","286054","20220712103000","861","1","臺中市","東勢區","120.825","24.255","898"
"95","286060","20220712103000","78","2","臺中市","東勢區","120.845","24.275","98"
"172","286071","20220712103000","156","1","臺中市","清水區","120.580","24.270","200"
"1749","286072","20220712103000","895","3","臺中市","北屯區","120.685","24.185","1818"
"34","286075","20220712103000","234","0","臺中市","北屯區","120.690","24.195","59"
"2394","286078","20220712103000","1964","2","臺中市","豐原區","120.720","24.250","2561"
"2677","286079","20220712103000","2494","1","臺中市","梧棲區","120.535","24.260","2791"
"576","286081","20220712103000","601","0","臺中市","梧棲區","120.530","24.265","536"
"987","286084","20220712103000","1247","0","臺中市","梧棲區","120.530","24.270","1079"
"398","286088","20220712103000","374","1","臺中市","沙鹿區","120.565","24.200","493"
"204","286090","20220712103000","130","3","臺中市","沙鹿區","120.560","24.205","255"
"16","286091","20220712103000","383","0","臺中市","沙鹿區","120.565","24.205","32"
"45","286092","20220712103000","353","0","臺中市","沙鹿區","120.555","24.210","56"
"16","286093","20220712103000","132","0","臺中市","沙鹿區","120.560","24.210","14"
"163","286094","20220712103000","138","1","臺中市","沙鹿區","120.565","24.210","206"
"134","286095","20220712103000","112","1","臺中市","沙鹿區","120.555","24.215","124"
"141","286097","20220712103000","101","2","臺中市","沙鹿區","120.605","24.240","161"
"340","286098","20220712103000","226","3","臺中市","沙鹿區","120.605","24.245","262"
"1098","286099","20220712103000","925","1","臺中市","沙鹿區","120.610","24.245","1099"
"634","286100","20220712103000","331","3","臺中市","沙鹿區","120.600","24.250","607"
"161","286105","20220712103000","250","0","臺中市","北屯區","120.685","24.195","179"
"340","286108","20220712103000","216","3","臺中市","北屯區","120.750","24.190","315"
"113","286113","20220712103000","109","1","臺中市","北屯區","120.750","24.195","118"
"12","286116","20220712103000","90","0","臺中市","北屯區","120.765","24.195","18"
"22","286118","20220712103000","23","0","臺中市","北屯區","120.745","24.200","23"
"29","286121","20220712103000","29","1","臺中市","北屯區","120.760","24.200","30"
"1200","286135","20220712103000","614","3","臺中市","北屯區","120.680","24.190","1314"
"511","286137","20220712103000","400","2","臺中市","清水區","120.545","24.265","462"
"489","286140","20220712103000","438","1","臺中市","清水區","120.545","24.270","468"
"352","286141","20220712103000","293","2","臺中市","清水區","120.550","24.270","410"
"1139","286147","20220712103000","1409","0","臺中市","潭子區","120.710","24.215","937"
"26","286149","20220712103000","366","0","臺中市","潭子區","120.710","24.220","35"
"46","286151","20220712103000","47","0","臺中市","潭子區","120.715","24.225","48"
"409","286153","20220712103000","369","1","臺中市","豐原區","120.720","24.230","421"
"550","286156","20220712103000","463","1","臺中市","潭子區","120.680","24.225","500"
"958","286159","20220712103000","650","2","臺中市","潭子區","120.685","24.230","848"
"2779","286161","20220712103000","2210","2","臺中市","潭子區","120.690","24.225","2904"
"316","286162","20220712103000","438","0","臺中市","潭子區","120.695","24.225","306"
"726","286167","20220712103000","868","0","臺中市","梧棲區","120.525","24.225","711"
"643","286169","20220712103000","736","0","臺中市","梧棲區","120.510","24.230","744"
"74","286172","20220712103000","38","3","臺中市","梧棲區","120.525","24.230","93"
"304","286173","20220712103000","357","0","臺中市","梧棲區","120.505","24.235","293"
"63","286175","20220712103000","126","0","臺中市","梧棲區","120.515","24.235","58"
"2168","286177","20220712103000","2499","0","臺中市","梧棲區","120.525","24.235","1995"
"39","286179","20220712103000","44","0","臺中市","梧棲區","120.505","24.240","47"
"746","286180","20220712103000","721","1","臺中市","梧棲區","120.510","24.240","677"
"247","286181","20220712103000","215","1","臺中市","梧棲區","120.515","24.240","333"
"832","286183","20220712103000","507","3","臺中市","梧棲區","120.525","24.240","865"
"315","286186","20220712103000","333","0","臺中市","梧棲區","120.510","24.245","339"
"600","286187","20220712103000","599","1","臺中市","梧棲區","120.515","24.245","503"
"570","286190","20220712103000","758","0","臺中市","梧棲區","120.530","24.245","650"
"227","286195","20220712103000","210","1","臺中市","梧棲區","120.525","24.250","208"
"10","286196","20220712103000","60","0","臺中市","梧棲區","120.530","24.250","10"
"463","286199","20220712103000","853","0","臺中市","沙鹿區","120.580","24.220","459"
"1030","286203","20220712103000","1332","0","臺中市","沙鹿區","120.575","24.225","1008"
"375","286204","20220712103000","713","0","臺中市","沙鹿區","120.580","24.225","404"
"286","286205","20220712103000","730","0","臺中市","沙鹿區","120.585","24.225","282"
"396","286208","20220712103000","411","0","臺中市","沙鹿區","120.575","24.230","343"
"119","286209","20220712103000","628","0","臺中市","沙鹿區","120.580","24.230","165"
"46","286210","20220712103000","579","0","臺中市","沙鹿區","120.585","24.230","83"
"202","286215","20220712103000","785","0","臺中市","沙鹿區","120.550","24.225","205"
"50","286221","20220712103000","35","2","臺中市","北屯區","120.770","24.195","41"
"32","286224","20220712103000","246","0","臺中市","北屯區","120.780","24.195","37"
"37","286235","20220712103000","21","3","臺中市","北屯區","120.770","24.205","26"
"899","286244","20220712103000","1783","0","臺中市","大雅區","120.650","24.225","890"
"255","286246","20220712103000","268","0","臺中市","大雅區","120.605","24.225","322"
"323","286248","20220712103000","268","2","臺中市","大雅區","120.615","24.225","283"
"420","286260","20220712103000","333","2","臺中市","大雅區","120.620","24.235","402"
"1498","286262","20220712103000","1029","2","臺中市","大雅區","120.645","24.215","1358"
"246","286263","20220712103000","190","2","臺中市","大雅區","120.645","24.220","331"
"665","286264","20220712103000","498","2","臺中市","大雅區","120.645","24.225","645"
"880","286266","20220712103000","480","3","臺中市","大雅區","120.635","24.205","884"
"51","286267","20220712103000","408","0","臺中市","大雅區","120.640","24.205","61"
"9310","286269","20220712103000","5277","3","臺中市","大雅區","120.615","24.210","9250"
"1614","286270","20220712103000","1029","3","臺中市","大雅區","120.620","24.210","1510"
"935","286272","20220712103000","715","2","臺中市","大雅區","120.630","24.210","896"
"327","286273","20220712103000","277","1","臺中市","大雅區","120.635","24.210","397"
"838","286276","20220712103000","779","1","臺中市","大雅區","120.605","24.215","820"
"2504","286279","20220712103000","3317","0","臺中市","大雅區","120.620","24.215","2564"
"25","286280","20220712103000","273","0","臺中市","大雅區","120.625","24.215","29"
"871","286281","20220712103000","653","2","臺中市","大雅區","120.635","24.215","809"
"57","286282","20220712103000","42","2","臺中市","大雅區","120.600","24.220","54"
"141","286284","20220712103000","184","0","臺中市","大雅區","120.610","24.220","139"
"720","286285","20220712103000","405","3","臺中市","大雅區","120.615","24.220","706"
"821","286287","20220712103000","425","3","臺中市","大雅區","120.640","24.220","760"
"213","286288","20220712103000","187","1","臺中市","大雅區","120.630","24.215","202"
"118","286289","20220712103000","117","1","臺中市","大雅區","120.625","24.220","102"
"1387","286292","20220712103000","1569","0","臺中市","大雅區","120.625","24.225","1409"
"2671","286293","20220712103000","2613","1","臺中市","大雅區","120.630","24.225","2701"
"2510","286296","20220712103000","1440","3","臺中市","大雅區","120.620","24.230","2407"
"244","286300","20220712103000","152","3","臺中市","大雅區","120.625","24.230","282"
"553","286302","20220712103000","391","2","臺中市","潭子區","120.670","24.205","622"
"117","286305","20220712103000","90","2","臺中市","大雅區","120.670","24.215","142"
"625","286306","20220712103000","376","3","臺中市","大雅區","120.675","24.215","703"
"745","286307","20220712103000","788","0","臺中市","大雅區","120.670","24.220","673"
"449","286318","20220712103000","234","3","臺中市","東勢區","120.835","24.220","452"
"61","286321","20220712103000","317","0","臺中市","東勢區","120.825","24.270","61"
"229","286323","20220712103000","157","2","臺中市","東勢區","120.820","24.275","244"
"301","286344","20220712103000","250","2","臺中市","東勢區","120.850","24.260","297"
"270","286375","20220712103000","234","1","臺中市","沙鹿區","120.590","24.230","318"
"652","286377","20220712103000","883","0","臺中市","沙鹿區","120.565","24.235","768"
"2017","286384","20220712103000","2320","0","臺中市","沙鹿區","120.570","24.240","2074"
"817","286386","20220712103000","954","0","臺中市","東勢區","120.830","24.255","782"
"388","286388","20220712103000","707","0","臺中市","東勢區","120.825","24.250","420"
"244","286389","20220712103000","262","0","臺中市","梧棲區","120.530","24.230","302"
"564","286392","20220712103000","583","0","臺中市","梧棲區","120.545","24.230","607"
"987","286398","20220712103000","885","1","臺中市","豐原區","120.715","24.255","1040"
"220","286399","20220712103000","1105","0","臺中市","豐原區","120.720","24.255","222"
"2529","286400","20220712103000","603","3","臺中市","豐原區","120.735","24.270","2520"
"140","286406","20220712103000","391","0","臺中市","豐原區","120.745","24.275","127"
"505","286408","20220712103000","310","3","臺中市","豐原區","120.755","24.275","561"
"691","286413","20220712103000","551","2","臺中市","東勢區","120.760","24.280","648"
"437","286418","20220712103000","171","3","臺中市","豐原區","120.725","24.275","393"
"856","286422","20220712103000","188","3","臺中市","豐原區","120.735","24.280","803"
"185","286436","20220712103000","127","2","臺中市","豐原區","120.760","24.230","171"
"159","286446","20220712103000","93","3","臺中市","豐原區","120.740","24.235","160"
"129","286447","20220712103000","70","3","臺中市","豐原區","120.745","24.235","153"
"144","286461","20220712103000","1089","0","臺中市","龍井區","120.520","24.195","175"
"1116","286465","20220712103000","295","3","臺中市","龍井區","120.500","24.200","1066"
"686","286475","20220712103000","251","3","臺中市","龍井區","120.510","24.200","614"
"83","286482","20220712103000","519","0","臺中市","龍井區","120.515","24.205","122"
"351","286485","20220712103000","207","3","臺中市","石岡區","120.770","24.280","350"
"962","286486","20220712103000","792","2","臺中市","石岡區","120.775","24.275","968"
"547","286489","20220712103000","367","2","臺中市","石岡區","120.795","24.270","566"
"116","286497","20220712103000","67","3","臺中市","石岡區","120.775","24.255","107"
"19","286500","20220712103000","18","1","臺中市","石岡區","120.775","24.260","29"
"235","286510","20220712103000","175","2","臺中市","石岡區","120.770","24.275","242"
"157","286511","20220712103000","102","3","臺中市","新社區","120.795","24.245","171"
"15","286515","20220712103000","75","0","臺中市","石岡區","120.790","24.255","14"
"317","286517","20220712103000","211","3","臺中市","石岡區","120.785","24.260","338"
"740","286522","20220712103000","518","2","臺中市","潭子區","120.695","24.230","618"
"842","286525","20220712103000","596","2","臺中市","神岡區","120.695","24.235","1003"
"484","286526","20220712103000","295","3","臺中市","神岡區","120.690","24.240","484"
"88","286528","20220712103000","392","0","臺中市","豐原區","120.740","24.265","91"
"2659","286530","20220712103000","3315","0","臺中市","清水區","120.570","24.265","2650"
"399","286531","20220712103000","343","1","臺中市","清水區","120.570","24.270","449"
"672","286535","20220712103000","459","2","臺中市","清水區","120.630","24.275","662"
"115","286541","20220712103000","106","1","臺中市","清水區","120.565","24.275","174"
"506","286544","20220712103000","738","0","臺中市","西屯區","120.640","24.190","400"
"17","286545","20220712103000","18","0","臺中市","西屯區","120.635","24.195","22"
"390","286547","20220712103000","510","0","臺中市","西屯區","120.645","24.195","606"
"1121","286549","20220712103000","520","3","臺中市","西屯區","120.645","24.200","1058"
"111","286550","20220712103000","576","0","臺中市","西屯區","120.650","24.200","110"
"75","286551","20220712103000","37","3","臺中市","西屯區","120.650","24.205","47"
"51","286554","20220712103000","410","0","臺中市","神岡區","120.670","24.255","66"
"1475","286555","20220712103000","1137","2","臺中市","神岡區","120.675","24.255","1236"
"1744","286556","20220712103000","799","3","臺中市","神岡區","120.665","24.260","1676"
"23","286557","20220712103000","11","3","臺中市","神岡區","120.650","24.260","21"
"27","286558","20220712103000","122","0","臺中市","神岡區","120.655","24.265","18"
"437","286561","20220712103000","230","3","臺中市","神岡區","120.665","24.270","409"
"263","286563","20220712103000","128","3","臺中市","神岡區","120.665","24.275","322"
"126","286566","20220712103000","135","0","臺中市","神岡區","120.645","24.265","152"
"200","286569","20220712103000","209","0","臺中市","神岡區","120.650","24.270","202"
"604","286570","20220712103000","329","3","臺中市","神岡區","120.655","24.270","632"
"76","286572","20220712103000","533","0","臺中市","神岡區","120.650","24.275","68"
"592","286574","20220712103000","473","2","臺中市","神岡區","120.660","24.275","706"
"233","286598","20220712103000","137","3","臺中市","和平區","120.895","24.230","263"
"97","286652","20220712103000","58","3","臺中市","和平區","120.905","24.240","77"
"329","286658","20220712103000","170","3","臺中市","和平區","120.935","24.240","88"
"63","286685","20220712103000","27","3","臺中市","和平區","120.975","24.245","23"
"204","286690","20220712103000","108","3","臺中市","和平區","120.900","24.250","136"
"197","286794","20220712103000","177","1","臺中市","和平區","121.015","24.195","117"
"271","286822","20220712103000","150","3","臺中市","和平區","121.005","24.200","231"
"243","286823","20220712103000","298","0","臺中市","和平區","121.010","24.200","265"
"206","286853","20220712103000","155","2","臺中市","和平區","121.015","24.205","213"
"63","286950","20220712103000","34","3","臺中市","和平區","120.965","24.225","49"
"11","286952","20220712103000","26","0","臺中市","和平區","120.975","24.225","12"
"12","286996","20220712103000","11","1","臺中市","和平區","121.065","24.230","12"
"26","287004","20220712103000","11","3","臺中市","和平區","120.980","24.235","26"
"148","287119","20220712103000","84","3","臺中市","和平區","121.010","24.255","76"
"42","287154","20220712103000","27","3","臺中市","和平區","121.000","24.265","21"
"82","287173","20220712103000","46","3","臺中市","和平區","121.015","24.270","76"
"189","287678","20220712103000","179","1","臺中市","和平區","121.245","24.245","147"
"200","287725","20220712103000","184","1","臺中市","和平區","121.245","24.250","182"
"183","287726","20220712103000","182","1","臺中市","和平區","121.250","24.250","188"
"43","287756","20220712103000","44","0","臺中市","和平區","121.165","24.255","63"
"35","287766","20220712103000","33","1","臺中市","和平區","121.215","24.255","23"
"281","287770","20220712103000","141","3","臺中市","和平區","121.235","24.255","237"
"301","287774","20220712103000","181","3","臺中市","和平區","121.255","24.255","266"
"234","287776","20220712103000","161","2","臺中市","和平區","121.265","24.255","226"
"24","287809","20220712103000","19","2","臺中市","和平區","121.190","24.260","25"
"531","287823","20220712103000","384","2","臺中市","和平區","121.260","24.260","557"
"42","288103","20220712103000","36","1","臺中市","和平區","120.890","24.275","47"
"20","288133","20220712103000","16","2","臺中市","和平區","120.945","24.280","15"
"61","288159","20220712103000","23","3","臺中市","和平區","121.025","24.280","30"
"426","288160","20220712103000","363","1","臺中市","清水區","120.555","24.260","414"
"431","288161","20220712103000","433","0","臺中市","清水區","120.560","24.260","550"
"771","288163","20220712103000","549","2","臺中市","清水區","120.550","24.265","775"
"442","288166","20220712103000","1226","0","臺中市","清水區","120.565","24.265","553"
"1042","288169","20220712103000","687","3","臺中市","清水區","120.560","24.275","1059"
"252","288179","20220712103000","278","0","臺中市","清水區","120.605","24.275","275"
"285","288182","20220712103000","360","0","臺中市","清水區","120.600","24.275","229"
"140","288184","20220712103000","121","1","臺中市","清水區","120.610","24.275","140"
"305","288192","20220712103000","277","1","臺中市","潭子區","120.725","24.215","311"
"461","288194","20220712103000","417","1","臺中市","潭子區","120.735","24.215","460"
"449","288198","20220712103000","470","0","臺中市","潭子區","120.720","24.220","468"
"1199","288207","20220712103000","1046","1","臺中市","潭子區","120.680","24.205","1333"
"58","288208","20220712103000","57","1","臺中市","潭子區","120.685","24.205","59"
"661","288209","20220712103000","554","1","臺中市","北屯區","120.690","24.205","848"
"191","288212","20220712103000","199","0","臺中市","潭子區","120.690","24.210","240"
"792","288215","20220712103000","738","1","臺中市","潭子區","120.685","24.215","857"
"1250","288216","20220712103000","1182","1","臺中市","潭子區","120.690","24.215","1202"
"211","288219","20220712103000","212","0","臺中市","潭子區","120.690","24.220","309"
"1766","288223","20220712103000","1788","0","臺中市","潭子區","120.710","24.230","1859"
"478","288224","20220712103000","379","2","臺中市","豐原區","120.715","24.230","427"
"1538","288225","20220712103000","1071","2","臺中市","潭子區","120.705","24.230","1383"
"2689","288228","20220712103000","1602","3","臺中市","神岡區","120.660","24.260","2804"
"1240","288232","20220712103000","1138","1","臺中市","神岡區","120.700","24.265","1228"
"1265","288240","20220712103000","1026","2","臺中市","神岡區","120.710","24.255","1209"
"786","288242","20220712103000","501","3","臺中市","神岡區","120.705","24.260","765"
"132","288243","20220712103000","726","0","臺中市","神岡區","120.710","24.260","173"
"1184","288247","20220712103000","1048","1","臺中市","神岡區","120.705","24.275","1053"
"1349","288250","20220712103000","1068","2","臺中市","神岡區","120.710","24.275","1276"
"71","288252","20220712103000","80","0","臺中市","西屯區","120.605","24.195","84"
"146","288253","20220712103000","163","0","臺中市","西屯區","120.610","24.195","154"
"159","288259","20220712103000","188","0","臺中市","西屯區","120.600","24.200","168"
"485","288260","20220712103000","448","1","臺中市","西屯區","120.605","24.200","523"
"57","288261","20220712103000","129","0","臺中市","西屯區","120.610","24.200","50"
"1758","288262","20220712103000","1693","1","臺中市","西屯區","120.615","24.200","1949"
"685","288264","20220712103000","422","3","臺中市","西屯區","120.625","24.200","703"
"773","288265","20220712103000","704","1","臺中市","西屯區","120.630","24.200","729"
"129","288267","20220712103000","66","3","臺中市","西屯區","120.595","24.205","126"
"830","288268","20220712103000","516","3","臺中市","西屯區","120.600","24.205","768"
"1143","288269","20220712103000","1327","0","臺中市","西屯區","120.605","24.205","1100"
"559","288270","20220712103000","334","3","臺中市","西屯區","120.610","24.205","617"
"2087","288271","20220712103000","1893","1","臺中市","西屯區","120.615","24.205","2067"
"2338","288272","20220712103000","2012","1","臺中市","西屯區","120.620","24.205","2264"
"23","288275","20220712103000","15","3","臺中市","西屯區","120.600","24.210","21"
"1267","288276","20220712103000","1163","1","臺中市","西屯區","120.605","24.210","1310"
"5744","288277","20220712103000","6212","0","臺中市","西屯區","120.610","24.210","5638"
"2190","288279","20220712103000","1850","1","臺中市","西屯區","120.610","24.190","2113"
"330","288281","20220712103000","151","3","臺中市","西屯區","120.625","24.190","287"
"143","288284","20220712103000","34","3","臺中市","西屯區","120.595","24.195","194"
"367","288287","20220712103000","161","3","臺中市","西屯區","120.655","24.190","373"
"900","288289","20220712103000","477","3","臺中市","西屯區","120.655","24.195","829"
"836","288290","20220712103000","606","2","臺中市","西屯區","120.660","24.195","902"
"1096","288291","20220712103000","439","3","臺中市","西屯區","120.655","24.200","900"
"38","288293","20220712103000","36","1","臺中市","西屯區","120.655","24.205","46"
"570","288294","20220712103000","314","3","臺中市","西屯區","120.660","24.205","373"
"388","288298","20220712103000","333","1","臺中市","東勢區","120.850","24.240","431"
"161","288299","20220712103000","91","3","臺中市","東勢區","120.845","24.245","179"
"319","288302","20220712103000","395","0","臺中市","東勢區","120.825","24.260","325"
"944","288304","20220712103000","840","1","臺中市","東勢區","120.825","24.265","1025"
"235","288312","20220712103000","121","3","臺中市","東勢區","120.835","24.230","229"
"41","288317","20220712103000","322","0","臺中市","東勢區","120.840","24.235","46"
"146","288339","20220712103000","57","3","臺中市","東勢區","120.875","24.215","104"
"140","288351","20220712103000","91","3","臺中市","東勢區","120.895","24.220","167"
"18","288365","20220712103000","130","0","臺中市","東勢區","120.880","24.230","30"
"182","288382","20220712103000","81","3","臺中市","東勢區","120.865","24.240","155"
"842","288395","20220712103000","667","2","臺中市","沙鹿區","120.560","24.230","918"
"681","288396","20220712103000","631","1","臺中市","潭子區","120.710","24.235","760"
"231","288397","20220712103000","1200","0","臺中市","豐原區","120.715","24.240","230"
"642","288401","20220712103000","830","0","臺中市","清水區","120.570","24.260","726"
"36","288402","20220712103000","175","0","臺中市","清水區","120.575","24.270","35"
"1835","288403","20220712103000","2197","0","臺中市","清水區","120.580","24.275","1704"
"207","288407","20220712103000","734","0","臺中市","潭子區","120.700","24.190","199"
"176","288459","20220712103000","210","0","花蓮縣","秀林鄉","121.715","24.245","175"
"53","288610","20220712103000","31","3","花蓮縣","秀林鄉","121.740","24.260","52"
"188","288819","20220712103000","113","3","花蓮縣","秀林鄉","121.485","24.190","175"
"49","288869","20220712103000","26","3","花蓮縣","秀林鄉","121.430","24.195","33"
"16","288881","20220712103000","11","2","花蓮縣","秀林鄉","121.490","24.195","26"
"25","288993","20220712103000","30","0","花蓮縣","秀林鄉","121.480","24.205","33"
"47","289039","20220712103000","18","3","花蓮縣","秀林鄉","121.450","24.210","20"
"21","289618","20220712103000","12","3","花蓮縣","秀林鄉","121.665","24.205","16"
"15","289656","20220712103000","29","0","花蓮縣","秀林鄉","121.685","24.215","20"
"33","289677","20220712103000","67","0","花蓮縣","秀林鄉","121.690","24.220","37"
"926","289851","20220712103000","1120","0","臺中市","大雅區","120.650","24.220","928"
"455","289852","20220712103000","780","0","臺中市","大雅區","120.655","24.220","595"
"558","289853","20220712103000","348","3","臺中市","大雅區","120.660","24.220","532"
"2958","289854","20220712103000","1966","3","臺中市","大雅區","120.655","24.225","2975"
"177","289855","20220712103000","156","1","臺中市","大雅區","120.660","24.225","180"
"1274","289860","20220712103000","1090","1","臺中市","大雅區","120.635","24.235","1122"
"1134","289863","20220712103000","834","2","臺中市","大雅區","120.630","24.240","1108"
"251","289868","20220712103000","223","1","臺中市","大雅區","120.635","24.245","240"
"195","289874","20220712103000","149","2","臺中市","大雅區","120.635","24.255","186"
"1360","289875","20220712103000","778","3","臺中市","大雅區","120.645","24.230","1468"
"936","289879","20220712103000","631","2","臺中市","大雅區","120.655","24.230","838"
"909","289882","20220712103000","321","3","臺中市","大雅區","120.655","24.235","930"
"295","289884","20220712103000","211","2","臺中市","大雅區","120.645","24.240","273"
"1263","289886","20220712103000","748","3","臺中市","大雅區","120.655","24.240","1088"
"480","289893","20220712103000","438","1","臺中市","豐原區","120.735","24.260","412"
"1081","289895","20220712103000","383","3","臺中市","豐原區","120.750","24.265","1010"
"357","289898","20220712103000","245","2","臺中市","豐原區","120.735","24.265","391"
"135","289907","20220712103000","106","2","臺中市","新社區","120.815","24.240","170"
"77","289909","20220712103000","625","0","臺中市","豐原區","120.720","24.245","91"
"1783","289910","20220712103000","1608","1","臺中市","豐原區","120.725","24.245","1672"
"543","289912","20220712103000","501","1","臺中市","大雅區","120.670","24.225","564"
"444","289916","20220712103000","862","0","臺中市","大雅區","120.650","24.230","498"
"50","289918","20220712103000","540","0","臺中市","大雅區","120.645","24.210","69"
"1816","289919","20220712103000","1553","1","臺中市","大雅區","120.650","24.210","1679"
"774","289920","20220712103000","921","0","臺中市","大雅區","120.650","24.215","946"
"194","289921","20220712103000","1309","0","臺中市","大雅區","120.660","24.230","1605"
"371","289922","20220712103000","365","1","臺中市","大雅區","120.665","24.230","349"
"1337","289923","20220712103000","1182","1","臺中市","大雅區","120.670","24.230","1180"
"680","289927","20220712103000","598","1","臺中市","大雅區","120.675","24.240","633"
"1230","289928","20220712103000","954","2","臺中市","東勢區","120.830","24.250","1278"
"480","289929","20220712103000","349","2","臺中市","東勢區","120.835","24.250","478"
"636","289937","20220712103000","425","2","臺中市","石岡區","120.785","24.275","675"
"697","289944","20220712103000","405","3","臺中市","石岡區","120.815","24.260","720"
"85","289946","20220712103000","239","0","臺中市","石岡區","120.805","24.265","57"
"33","289955","20220712103000","192","0","臺中市","石岡區","120.795","24.275","48"
"1529","289964","20220712103000","489","3","臺中市","龍井區","120.480","24.210","1638"
"829","289976","20220712103000","478","3","臺中市","龍井區","120.485","24.220","964"
"633","289982","20220712103000","640","0","臺中市","龍井區","120.490","24.225","546"
"1110","289983","20220712103000","783","2","臺中市","龍井區","120.495","24.225","1041"
"93","289992","20220712103000","575","0","臺中市","龍井區","120.490","24.230","161"
"46","289993","20220712103000","646","0","臺中市","龍井區","120.495","24.230","58"
"390","289996","20220712103000","456","0","臺中市","沙鹿區","120.580","24.210","435"
"60","289999","20220712103000","589","0","臺中市","沙鹿區","120.575","24.215","56"
"321","290000","20220712103000","552","0","臺中市","沙鹿區","120.580","24.215","342"
"321","290001","20220712103000","344","0","臺中市","沙鹿區","120.585","24.215","268"
"731","290004","20220712103000","601","2","臺中市","沙鹿區","120.570","24.220","913"
"207","290005","20220712103000","167","2","臺中市","沙鹿區","120.575","24.220","241"
"37","290008","20220712103000","22","3","臺中市","東勢區","120.840","24.190","40"
"99","290010","20220712103000","49","3","臺中市","東勢區","120.835","24.195","101"
"293","290015","20220712103000","174","3","臺中市","東勢區","120.840","24.200","328"
"177","290025","20220712103000","156","1","臺中市","東勢區","120.840","24.210","188"
"32","290037","20220712103000","282","0","臺中市","東勢區","120.850","24.195","17"
"756","290046","20220712103000","692","1","臺中市","龍井區","120.545","24.190","762"
"116","290051","20220712103000","99","1","臺中市","潭子區","120.695","24.195","108"
"1677","290052","20220712103000","1354","2","臺中市","潭子區","120.700","24.195","1833"
"22","290107","20220712103000","17","2","南投縣","仁愛鄉","121.305","24.205","22"
"15","290125","20220712103000","14","1","南投縣","仁愛鄉","121.310","24.210","10"
"21","290171","20220712103000","14","3","南投縣","仁愛鄉","121.290","24.225","19"
"125","290182","20220712103000","101","2","南投縣","仁愛鄉","121.260","24.230","98"
"31","290191","20220712103000","10","3","南投縣","仁愛鄉","121.305","24.230","16"
"190","290292","20220712103000","101","3","南投縣","仁愛鄉","121.220","24.190","117"
"165","290293","20220712103000","87","3","南投縣","仁愛鄉","121.225","24.190","179"
"80","296900","20220712103000","83","0","宜蘭縣","南澳鄉","121.750","24.320","86"
"301","296924","20220712103000","177","3","宜蘭縣","南澳鄉","121.745","24.330","296"
"16","296929","20220712103000","36","0","宜蘭縣","南澳鄉","121.770","24.330","23"
"22","296946","20220712103000","29","0","宜蘭縣","南澳鄉","121.770","24.335","23"
"10","296987","20220712103000","31","0","宜蘭縣","南澳鄉","121.775","24.345","47"
"532","297399","20220712103000","360","2","臺中市","清水區","120.580","24.280","673"
"1192","297407","20220712103000","1008","1","臺中市","外埔區","120.620","24.335","1184"
"452","297413","20220712103000","334","2","臺中市","神岡區","120.650","24.280","407"
"1005","297416","20220712103000","610","3","臺中市","神岡區","120.640","24.285","1029"
"66","297422","20220712103000","40","3","臺中市","神岡區","120.640","24.290","67"
"399","297424","20220712103000","307","2","臺中市","神岡區","120.650","24.290","456"
"156","297433","20220712103000","1914","0","臺中市","大甲區","120.620","24.345","197"
"344","297434","20220712103000","405","0","臺中市","梧棲區(海)","120.510","24.280","340"
"138","297444","20220712103000","122","1","臺中市","清水區","120.620","24.285","181"
"106","297446","20220712103000","104","1","臺中市","大甲區","120.640","24.345","104"
"1241","297450","20220712103000","1014","2","臺中市","大甲區","120.630","24.355","1111"
"577","297453","20220712103000","716","0","臺中市","大甲區","120.645","24.355","598"
"16","297456","20220712103000","16","1","臺中市","大甲區","120.645","24.360","18"
"68","297457","20220712103000","77","0","臺中市","大甲區","120.650","24.360","67"
"47","297458","20220712103000","484","0","臺中市","大甲區","120.640","24.365","58"
"123","297462","20220712103000","203","0","臺中市","東勢區","120.795","24.295","129"
"108","297485","20220712103000","116","0","臺中市","東勢區","120.785","24.310","114"
"234","297494","20220712103000","191","2","臺中市","東勢區","120.780","24.315","225"
"239","297510","20220712103000","211","1","臺中市","東勢區","120.870","24.280","174"
"11","297529","20220712103000","13","0","臺中市","東勢區","120.885","24.290","19"
"113","297533","20220712103000","84","2","臺中市","清水區","120.560","24.310","104"
"14","297539","20220712103000","158","0","臺中市","清水區","120.555","24.305","27"
"169","297540","20220712103000","114","2","臺中市","清水區","120.550","24.310","163"
"412","297546","20220712103000","344","1","臺中市","清水區","120.560","24.320","383"
"62","297575","20220712103000","48","2","臺中市","清水區","120.540","24.300","50"
"273","297586","20220712103000","286","0","臺中市","清水區","120.545","24.305","250"
"116","297618","20220712103000","169","0","臺中市","后里區","120.665","24.305","132"
"390","297627","20220712103000","356","1","臺中市","后里區","120.680","24.310","442"
"573","297639","20220712103000","566","1","臺中市","后里區","120.725","24.285","611"
"21","297641","20220712103000","15","2","臺中市","后里區","120.735","24.285","15"
"358","297645","20220712103000","300","1","臺中市","后里區","120.725","24.290","311"
"1102","297646","20220712103000","738","2","臺中市","后里區","120.730","24.290","1220"
"177","297647","20220712103000","101","3","臺中市","后里區","120.735","24.290","165"
"264","297648","20220712103000","96","3","臺中市","后里區","120.740","24.290","244"
"1100","297654","20220712103000","805","2","臺中市","后里區","120.730","24.295","1082"
"47","297656","20220712103000","32","2","臺中市","后里區","120.740","24.295","52"
"173","297659","20220712103000","155","1","臺中市","后里區","120.755","24.295","141"
"51","297664","20220712103000","74","0","臺中市","后里區","120.735","24.300","64"
"680","297671","20220712103000","690","0","臺中市","后里區","120.725","24.305","647"
"599","297689","20220712103000","489","2","臺中市","大安區","120.585","24.365","596"
"1640","297697","20220712103000","1563","1","臺中市","大甲區","120.630","24.350","2032"
"56","297698","20220712103000","107","0","臺中市","大甲區","120.620","24.350","66"
"14","297701","20220712103000","19","0","苗栗縣","苑裡鎮","120.700","24.365","20"
"1216","297704","20220712103000","787","3","臺中市","大甲區","120.625","24.350","1151"
"1391","297705","20220712103000","1473","0","臺中市","大甲區","120.620","24.355","1452"
"1906","297706","20220712103000","1638","1","臺中市","大甲區","120.615","24.345","1838"
"982","297725","20220712103000","857","1","臺中市","大甲區","120.635","24.370","924"
"248","297760","20220712103000","157","3","臺中市","清水區","120.605","24.305","246"
"501","297763","20220712103000","558","0","臺中市","清水區","120.605","24.310","579"
"131","297775","20220712103000","904","0","臺中市","后里區","120.710","24.305","160"
"337","297776","20220712103000","195","3","臺中市","后里區","120.700","24.310","280"
"237","297778","20220712103000","134","3","臺中市","后里區","120.735","24.310","233"
"40","297782","20220712103000","32","2","臺中市","后里區","120.755","24.310","40"
"425","297783","20220712103000","375","1","臺中市","后里區","120.740","24.315","394"
"21","297787","20220712103000","13","3","臺中市","后里區","120.760","24.315","15"
"206","297795","20220712103000","178","1","臺中市","后里區","120.735","24.325","181"
"534","297801","20220712103000","444","2","臺中市","后里區","120.740","24.330","513"
"432","297811","20220712103000","262","3","臺中市","后里區","120.725","24.340","392"
"267","297831","20220712103000","274","0","臺中市","外埔區","120.700","24.345","267"
"698","297868","20220712103000","723","0","臺中市","外埔區","120.645","24.320","699"
"502","297883","20220712103000","365","2","臺中市","外埔區","120.670","24.320","527"
"221","297885","20220712103000","205","1","臺中市","外埔區","120.680","24.320","245"
"618","297886","20220712103000","526","1","臺中市","外埔區","120.665","24.325","632"
"639","297921","20220712103000","422","3","臺中市","外埔區","120.650","24.330","644"
"1570","297922","20220712103000","1373","1","臺中市","外埔區","120.655","24.330","1552"
"1924","297926","20220712103000","1842","1","臺中市","外埔區","120.635","24.340","1893"
"257","297928","20220712103000","206","2","臺中市","外埔區","120.645","24.340","269"
"463","297941","20220712103000","548","0","臺中市","外埔區","120.625","24.320","564"
"599","297947","20220712103000","416","2","臺中市","外埔區","120.630","24.325","748"
"64","297954","20220712103000","61","1","臺中市","外埔區","120.635","24.330","64"
"259","297957","20220712103000","203","2","臺中市","外埔區","120.630","24.335","281"
"264","297959","20220712103000","271","0","臺中市","外埔區","120.685","24.325","290"
"29","297961","20220712103000","64","0","臺中市","外埔區","120.675","24.330","25"
"333","297967","20220712103000","324","1","臺中市","后里區","120.710","24.330","363"
"418","297988","20220712103000","350","1","臺中市","外埔區","120.665","24.340","454"
"273","297992","20220712103000","185","2","臺中市","外埔區","120.685","24.340","325"
"747","297995","20220712103000","731","1","臺中市","大安區","120.585","24.345","764"
"21","298020","20220712103000","17","2","臺中市","大安區","120.570","24.340","16"
"48","298024","20220712103000","48","1","臺中市","大安區","120.570","24.345","39"
"240","298036","20220712103000","198","2","臺中市","大安區","120.590","24.335","227"
"344","298040","20220712103000","387","0","臺中市","大安區","120.590","24.340","355"
"79","298043","20220712103000","450","0","臺中市","大安區","120.605","24.365","100"
"1196","298045","20220712103000","1280","0","臺中市","后里區","120.720","24.310","1364"
"813","298047","20220712103000","1019","0","臺中市","后里區","120.720","24.320","787"
"122","298050","20220712103000","635","0","臺中市","后里區","120.725","24.315","147"
"545","298051","20220712103000","506","1","臺中市","后里區","120.730","24.315","500"
"6287","298052","20220712103000","4532","2","臺中市","后里區","120.725","24.320","6232"
"613","298053","20220712103000","773","0","臺中市","后里區","120.730","24.320","605"
"247","298054","20220712103000","357","0","臺中市","后里區","120.735","24.320","305"
"213","298056","20220712103000","288","0","臺中市","后里區","120.725","24.325","216"
"674","298059","20220712103000","510","2","臺中市","后里區","120.710","24.310","765"
"249","298060","20220712103000","191","2","臺中市","后里區","120.715","24.310","310"
"491","298062","20220712103000","217","3","臺中市","后里區","120.710","24.315","494"
"92","298066","20220712103000","55","3","臺中市","后里區","120.705","24.320","96"
"204","298069","20220712103000","216","0","臺中市","外埔區","120.695","24.325","176"
"960","298070","20220712103000","288","3","臺中市","后里區","120.700","24.325","712"
"66","298074","20220712103000","67","0","臺中市","后里區","120.705","24.325","78"
"693","298075","20220712103000","634","1","臺中市","后里區","120.710","24.325","617"
"356","298078","20220712103000","344","1","臺中市","后里區","120.705","24.330","333"
"40","298081","20220712103000","229","0","臺中市","后里區","120.745","24.325","48"
"110","298082","20220712103000","114","0","臺中市","后里區","120.750","24.325","114"
"125","298092","20220712103000","94","2","臺中市","后里區","120.680","24.315","139"
"37","298093","20220712103000","22","3","臺中市","后里區","120.685","24.315","68"
"732","298094","20220712103000","560","2","臺中市","后里區","120.690","24.315","581"
"537","298095","20220712103000","456","1","臺中市","后里區","120.695","24.315","662"
"173","298096","20220712103000","144","2","臺中市","外埔區","120.685","24.320","154"
"47","298098","20220712103000","509","0","臺中市","大安區","120.600","24.345","49"
"47","298100","20220712103000","450","0","臺中市","大安區","120.600","24.350","46"
"143","298108","20220712103000","101","2","臺中市","大甲區","120.680","24.365","138"
"244","298116","20220712103000","278","0","臺中市","大甲區","120.675","24.370","284"
"613","298125","20220712103000","812","0","臺中市","大甲區","120.625","24.340","507"
"256","298126","20220712103000","553","0","臺中市","大甲區","120.630","24.340","344"
"106","298128","20220712103000","102","1","臺中市","大甲區","120.620","24.340","179"
"2988","298129","20220712103000","2804","1","臺中市","大甲區","120.625","24.345","2668"
"243","298135","20220712103000","256","0","臺中市","后里區","120.715","24.295","273"
"1344","298141","20220712103000","1396","0","臺中市","后里區","120.715","24.305","1315"
"254","298142","20220712103000","309","0","臺中市","后里區","120.720","24.305","290"
"484","298151","20220712103000","445","1","臺中市","清水區","120.610","24.290","502"
"126","298155","20220712103000","128","0","臺中市","清水區","120.610","24.295","124"
"1127","298159","20220712103000","1107","1","臺中市","大甲區","120.615","24.350","1231"
"358","298177","20220712103000","431","0","臺中市","大甲區","120.605","24.325","433"
"175","298178","20220712103000","260","0","臺中市","大甲區","120.595","24.330","177"
"1202","298182","20220712103000","929","2","臺中市","后里區","120.725","24.310","1258"
"94","298183","20220712103000","137","0","臺中市","后里區","120.730","24.305","126"
"272","298184","20220712103000","328","0","臺中市","后里區","120.730","24.310","259"
"46","298185","20220712103000","35","2","臺中市","后里區","120.735","24.315","65"
"225","298202","20220712103000","207","1","臺中市","后里區","120.700","24.285","237"
"33","298208","20220712103000","278","0","臺中市","后里區","120.675","24.290","23"
"354","298213","20220712103000","324","1","臺中市","后里區","120.700","24.290","402"
"44","298360","20220712103000","45","0","臺中市","和平區","121.280","24.305","50"
"465","298427","20220712103000","343","2","臺中市","和平區","121.295","24.315","308"
"132","298504","20220712103000","65","3","臺中市","和平區","121.310","24.325","159"
"214","298630","20220712103000","177","2","臺中市","和平區","121.310","24.335","174"
"106","298631","20220712103000","101","1","臺中市","和平區","121.315","24.335","162"
"19","298632","20220712103000","14","2","臺中市","和平區","121.320","24.335","19"
"11","298674","20220712103000","26","0","臺中市","和平區","121.300","24.340","11"
"71","298723","20220712103000","43","3","臺中市","和平區","121.310","24.345","65"
"275","298770","20220712103000","130","3","臺中市","和平區","121.310","24.350","246"
"20","298772","20220712103000","23","0","臺中市","和平區","121.320","24.350","19"
"91","298818","20220712103000","81","1","臺中市","和平區","121.315","24.355","92"
"54","298866","20220712103000","45","2","臺中市","和平區","121.315","24.360","32"
"28","298968","20220712103000","14","3","臺中市","和平區","121.340","24.370","20"
"32","299078","20220712103000","25","2","臺中市","和平區","121.265","24.285","38"
"22","299174","20220712103000","12","3","臺中市","和平區","121.275","24.295","18"
"83","299584","20220712103000","92","0","臺中市","和平區","120.905","24.290","94"
"26","299585","20220712103000","12","3","臺中市","和平區","120.910","24.290","19"
"57","299602","20220712103000","66","0","臺中市","和平區","120.930","24.295","50"
"62","299659","20220712103000","57","1","臺中市","和平區","120.940","24.300","45"
"12","299678","20220712103000","11","1","臺中市","和平區","120.925","24.305","12"
"119","299703","20220712103000","75","3","臺中市","和平區","120.940","24.310","100"
"40","299761","20220712103000","25","3","臺中市","和平區","120.930","24.325","40"
"132","299779","20220712103000","102","2","臺中市","和平區","120.925","24.325","140"
"274","299781","20220712103000","205","2","臺中市","和平區","120.935","24.325","258"
"14","299796","20220712103000","19","0","臺中市","和平區","120.920","24.330","19"
"694","299822","20220712103000","616","1","臺中市","清水區","120.565","24.290","685"
"27","299823","20220712103000","295","0","臺中市","清水區","120.560","24.295","38"
"147","299826","20220712103000","142","1","臺中市","清水區","120.600","24.280","152"
"63","299828","20220712103000","39","3","臺中市","清水區","120.610","24.280","70"
"329","299830","20220712103000","314","1","臺中市","清水區","120.600","24.285","332"
"479","299831","20220712103000","473","1","臺中市","清水區","120.575","24.285","583"
"532","299835","20220712103000","419","2","臺中市","清水區","120.575","24.300","460"
"61","299845","20220712103000","60","1","臺中市","東勢區","120.790","24.285","68"
"246","299852","20220712103000","182","2","臺中市","東勢區","120.795","24.285","244"
"71","299868","20220712103000","43","3","臺中市","東勢區","120.805","24.300","56"
"165","299869","20220712103000","180","0","臺中市","東勢區","120.810","24.300","162"
"367","299873","20220712103000","240","3","臺中市","清水區","120.555","24.280","387"
"171","299884","20220712103000","958","0","臺中市","清水區","120.540","24.285","213"
"60","299886","20220712103000","1110","0","臺中市","清水區","120.525","24.290","96"
"49","299888","20220712103000","21","3","臺中市","清水區","120.535","24.290","48"
"183","299892","20220712103000","136","2","臺中市","清水區","120.520","24.295","139"
"794","299901","20220712103000","698","1","臺中市","清水區","120.630","24.290","778"
"157","299913","20220712103000","132","1","臺中市","清水區","120.630","24.300","174"
"75","299923","20220712103000","134","0","臺中市","清水區","120.580","24.290","109"
"516","299926","20220712103000","419","2","臺中市","清水區","120.590","24.295","510"
"17","300134","20220712103000","26","0","花蓮縣","秀林鄉","121.755","24.290","25"
"215","300263","20220712103000","273","0","花蓮縣","秀林鄉","121.755","24.300","288"
"354","300401","20220712103000","271","2","花蓮縣","秀林鄉","121.750","24.310","406"
"17","300403","20220712103000","56","0","花蓮縣","秀林鄉","121.760","24.305","22"
"218","300404","20220712103000","118","3","花蓮縣","秀林鄉","121.765","24.310","164"
"72","300405","20220712103000","43","3","花蓮縣","秀林鄉","121.765","24.305","56"
"11","300719","20220712103000","26","0","花蓮縣","秀林鄉","121.675","24.335","16"
"41","300877","20220712103000","90","0","苗栗縣","三義鄉","120.740","24.365","31"
"69","300918","20220712103000","72","0","苗栗縣","三義鄉","120.750","24.345","74"
"258","300926","20220712103000","212","2","苗栗縣","三義鄉","120.745","24.350","296"
"72","300932","20220712103000","447","0","苗栗縣","三義鄉","120.735","24.355","64"
"106","300935","20220712103000","133","0","苗栗縣","三義鄉","120.750","24.355","191"
"23","300937","20220712103000","100","0","苗栗縣","三義鄉","120.760","24.355","22"
"110","300943","20220712103000","108","1","苗栗縣","三義鄉","120.770","24.355","94"
"102","300949","20220712103000","120","0","苗栗縣","三義鄉","120.780","24.360","100"
"13","300965","20220712103000","56","0","苗栗縣","三義鄉","120.795","24.370","16"
"254","300971","20220712103000","177","2","苗栗縣","卓蘭鎮","120.835","24.300","249"
"13","300972","20220712103000","13","1","苗栗縣","卓蘭鎮","120.830","24.305","13"
"34","300982","20220712103000","26","2","苗栗縣","卓蘭鎮","120.845","24.310","47"
"33","301006","20220712103000","158","0","臺中市","東勢區","120.805","24.280","32"
"336","301007","20220712103000","219","3","臺中市","東勢區","120.810","24.280","352"
"16","301011","20220712103000","18","0","苗栗縣","苑裡鎮","120.720","24.360","11"
"13","301013","20220712103000","13","1","苗栗縣","苑裡鎮","120.715","24.365","10"
"421","301021","20220712103000","445","0","苗栗縣","卓蘭鎮","120.830","24.310","417"
"362","301030","20220712103000","240","3","苗栗縣","卓蘭鎮","120.845","24.320","377"
"252","301060","20220712103000","198","2","苗栗縣","卓蘭鎮","120.810","24.330","267"
"356","301079","20220712103000","324","1","苗栗縣","卓蘭鎮","120.785","24.330","362"
"341","301082","20220712103000","348","0","苗栗縣","卓蘭鎮","120.825","24.330","291"
"101","301093","20220712103000","76","2","苗栗縣","卓蘭鎮","120.805","24.335","94"
"73","301097","20220712103000","50","2","苗栗縣","卓蘭鎮","120.825","24.335","73"
"15","301117","20220712103000","12","2","苗栗縣","苑裡鎮","120.700","24.370","15"
"103","301176","20220712103000","37","3","臺中市","和平區","121.040","24.295","77"
"26","301578","20220712103000","67","0","苗栗縣","泰安鄉","120.945","24.360","29"
"108","301582","20220712103000","55","3","苗栗縣","泰安鄉","120.965","24.360","87"
"177","301609","20220712103000","74","3","苗栗縣","泰安鄉","120.960","24.370","171"
"29","301626","20220712103000","88","0","苗栗縣","卓蘭鎮","120.845","24.295","32"
"127","301629","20220712103000","96","2","苗栗縣","卓蘭鎮","120.860","24.295","125"
"16","301632","20220712103000","12","2","苗栗縣","卓蘭鎮","120.875","24.295","16"
"163","301639","20220712103000","71","3","苗栗縣","卓蘭鎮","120.840","24.300","131"
"87","301640","20220712103000","100","0","苗栗縣","卓蘭鎮","120.845","24.300","80"
"61","301669","20220712103000","37","3","苗栗縣","卓蘭鎮","120.880","24.315","77"
"12","301696","20220712103000","16","0","苗栗縣","卓蘭鎮","120.855","24.330","12"
"14","301713","20220712103000","67","0","苗栗縣","卓蘭鎮","120.875","24.335","13"
"194","301723","20220712103000","161","2","苗栗縣","卓蘭鎮","120.850","24.340","196"
"204","301727","20220712103000","91","3","苗栗縣","卓蘭鎮","120.870","24.340","213"
"115","301752","20220712103000","103","1","苗栗縣","卓蘭鎮","120.825","24.305","95"
"713","301756","20220712103000","614","1","苗栗縣","卓蘭鎮","120.820","24.315","711"
"913","301757","20220712103000","785","1","苗栗縣","卓蘭鎮","120.825","24.315","897"
"37","301775","20220712103000","65","0","苗栗縣","卓蘭鎮","120.855","24.355","30"
"46","301787","20220712103000","33","2","苗栗縣","大湖鄉","120.870","24.360","63"
"32","301810","20220712103000","120","0","苗栗縣","大湖鄉","120.825","24.345","27"
"124","301882","20220712103000","102","2","苗栗縣","大湖鄉","120.875","24.365","141"
"20","307890","20220712103000","24","0","宜蘭縣","南澳鄉","121.780","24.365","24"
"10","307924","20220712103000","10","1","宜蘭縣","南澳鄉","121.780","24.390","17"
"19","307940","20220712103000","17","1","宜蘭縣","南澳鄉","121.790","24.400","26"
"27","307967","20220712103000","24","1","宜蘭縣","南澳鄉","121.790","24.415","20"
"25","308048","20220712103000","26","0","宜蘭縣","南澳鄉","121.765","24.440","38"
"50","308051","20220712103000","57","0","宜蘭縣","南澳鄉","121.780","24.440","39"
"71","308125","20220712103000","59","2","宜蘭縣","南澳鄉","121.775","24.450","39"
"228","308964","20220712103000","155","2","宜蘭縣","南澳鄉","121.750","24.425","214"
"84","309060","20220712103000","27","3","宜蘭縣","南澳鄉","121.750","24.435","104"
"217","309298","20220712103000","131","3","宜蘭縣","大同鄉","121.355","24.395","181"
"13","309458","20220712103000","34","0","宜蘭縣","大同鄉","121.365","24.425","13"
"458","309501","20220712103000","305","3","宜蘭縣","大同鄉","121.380","24.435","479"
"103","309740","20220712103000","86","1","宜蘭縣","蘇澳鎮","121.805","24.445","97"
"224","309750","20220712103000","200","1","宜蘭縣","蘇澳鎮","121.790","24.455","272"
"825","309853","20220712103000","527","3","臺中市","大甲區","120.640","24.410","836"
"88","309860","20220712103000","654","0","臺中市","大甲區","120.630","24.415","120"
"357","309867","20220712103000","282","2","臺中市","大甲區","120.635","24.390","361"
"106","309881","20220712103000","587","0","臺中市","大甲區","120.635","24.410","123"
"567","309883","20220712103000","495","1","臺中市","大甲區","120.640","24.415","525"
"18","309891","20220712103000","271","0","臺中市","大安區","120.600","24.370","18"
"409","309899","20220712103000","427","0","臺中市","大安區","120.605","24.385","465"
"322","309910","20220712103000","255","2","臺中市","大安區","120.600","24.395","296"
"69","309925","20220712103000","591","0","臺中市","大甲區","120.670","24.380","85"
"15","309935","20220712103000","35","0","臺中市","大甲區","120.665","24.390","42"
"101","309937","20220712103000","1497","0","臺中市","大甲區","120.660","24.395","104"
"1216","309939","20220712103000","1234","0","苗栗縣","苑裡鎮","120.665","24.400","1287"
"690","309942","20220712103000","452","3","臺中市","大甲區","120.645","24.400","658"
"1854","309947","20220712103000","1986","0","臺中市","大甲區","120.650","24.405","1853"
"2209","309948","20220712103000","2100","1","臺中市","大甲區","120.655","24.405","2124"
"132","309960","20220712103000","150","0","臺中市","大安區","120.595","24.385","159"
"39","309972","20220712103000","275","0","臺中市","大安區","120.585","24.375","52"
"411","309973","20220712103000","385","1","臺中市","大安區","120.590","24.375","406"
"18","309975","20220712103000","25","0","臺中市","大安區","120.585","24.380","33"
"61","309977","20220712103000","63","0","臺中市","大安區","120.610","24.375","77"
"419","309986","20220712103000","364","1","臺中市","大甲區","120.660","24.370","519"
"1264","310004","20220712103000","1727","0","臺中市","大甲區","120.655","24.380","1202"
"32","310009","20220712103000","854","0","臺中市","大甲區","120.650","24.390","45"
"464","310033","20220712103000","307","3","臺中市","大甲區","120.615","24.415","391"
"467","310040","20220712103000","486","0","臺中市","大甲區","120.620","24.370","545"
"87","310149","20220712103000","21","3","臺中市","和平區","121.305","24.380","61"
"54","310150","20220712103000","38","2","臺中市","和平區","121.310","24.380","24"
"76","310180","20220712103000","57","2","臺中市","和平區","121.300","24.385","84"
"63","310235","20220712103000","57","1","臺中市","和平區","121.305","24.395","66"
"14","310389","20220712103000","17","0","苗栗縣","三義鄉","120.775","24.385","18"
"152","310390","20220712103000","144","1","苗栗縣","三義鄉","120.780","24.385","116"
"409","310395","20220712103000","417","0","苗栗縣","三義鄉","120.750","24.395","353"
"411","310396","20220712103000","343","1","苗栗縣","三義鄉","120.755","24.395","341"
"1474","310412","20220712103000","1266","1","苗栗縣","三義鄉","120.760","24.405","1567"
"478","310415","20220712103000","589","0","苗栗縣","三義鄉","120.765","24.410","629"
"1066","310419","20220712103000","1098","0","苗栗縣","三義鄉","120.770","24.415","984"
"652","310423","20220712103000","681","0","苗栗縣","三義鄉","120.745","24.370","688"
"43","310429","20220712103000","52","0","苗栗縣","三義鄉","120.770","24.370","24"
"412","310433","20220712103000","412","1","苗栗縣","三義鄉","120.750","24.375","528"
"408","310441","20220712103000","436","0","苗栗縣","三義鄉","120.750","24.380","414"
"346","310450","20220712103000","255","2","苗栗縣","三義鄉","120.755","24.385","376"
"32","310451","20220712103000","154","0","苗栗縣","三義鄉","120.760","24.385","36"
"499","310456","20220712103000","534","0","苗栗縣","三義鄉","120.755","24.390","523"
"135","310458","20220712103000","80","3","苗栗縣","三義鄉","120.760","24.390","178"
"32","310469","20220712103000","25","2","苗栗縣","三義鄉","120.780","24.375","28"
"675","310489","20220712103000","509","2","苗栗縣","三義鄉","120.775","24.420","556"
"288","310506","20220712103000","227","2","苗栗縣","三義鄉","120.770","24.435","180"
"52","310521","20220712103000","39","2","苗栗縣","三義鄉","120.805","24.385","58"
"43","310527","20220712103000","44","0","苗栗縣","三義鄉","120.795","24.390","40"
"11","310531","20220712103000","11","1","苗栗縣","三義鄉","120.780","24.395","11"
"74","310542","20220712103000","32","3","苗栗縣","三義鄉","120.775","24.405","68"
"228","310551","20220712103000","209","1","苗栗縣","三義鄉","120.790","24.410","231"
"13","310552","20220712103000","16","0","苗栗縣","三義鄉","120.795","24.410","19"
"236","310580","20220712103000","167","2","苗栗縣","公館鄉","120.860","24.460","190"
"12","310595","20220712103000","15","0","苗栗縣","苑裡鎮","120.660","24.430","19"
"547","310596","20220712103000","402","2","苗栗縣","苑裡鎮","120.665","24.430","541"
"58","310601","20220712103000","154","0","苗栗縣","苑裡鎮","120.710","24.375","59"
"72","310623","20220712103000","57","2","苗栗縣","苑裡鎮","120.695","24.400","96"
"434","310636","20220712103000","389","1","苗栗縣","苑裡鎮","120.660","24.440","454"
"42","310637","20220712103000","55","0","苗栗縣","苑裡鎮","120.655","24.445","49"
"30","310639","20220712103000","16","3","苗栗縣","苑裡鎮","120.665","24.445","25"
"21","310640","20220712103000","19","1","苗栗縣","通霄鎮","120.660","24.450","38"
"493","310644","20220712103000","628","0","苗栗縣","苑裡鎮","120.655","24.450","406"
"42","310647","20220712103000","64","0","苗栗縣","通霄鎮","120.660","24.455","50"
"12","310648","20220712103000","14","0","苗栗縣","苑裡鎮","120.650","24.460","18"
"22","310656","20220712103000","217","0","苗栗縣","三義鄉","120.745","24.395","19"
"38","310670","20220712103000","106","0","苗栗縣","苑裡鎮","120.715","24.410","31"
"92","310685","20220712103000","43","3","苗栗縣","苑裡鎮","120.710","24.420","85"
"48","310688","20220712103000","41","1","苗栗縣","苑裡鎮","120.660","24.435","46"
"262","310695","20220712103000","188","2","苗栗縣","苑裡鎮","120.670","24.405","359"
"202","310698","20220712103000","159","2","苗栗縣","苑裡鎮","120.690","24.410","218"
"190","310699","20220712103000","67","3","苗栗縣","苑裡鎮","120.690","24.415","171"
"47","310721","20220712103000","367","0","苗栗縣","苑裡鎮","120.645","24.435","49"
"135","310722","20220712103000","119","1","苗栗縣","苑裡鎮","120.650","24.435","163"
"439","310727","20220712103000","325","2","苗栗縣","苑裡鎮","120.635","24.445","410"
"17","310728","20220712103000","27","0","苗栗縣","苑裡鎮","120.655","24.410","18"
"12","310729","20220712103000","13","0","苗栗縣","苑裡鎮","120.650","24.415","16"
"510","310730","20220712103000","384","2","苗栗縣","苑裡鎮","120.655","24.415","476"
"446","310737","20220712103000","408","1","苗栗縣","苑裡鎮","120.650","24.425","427"
"11","310749","20220712103000","166","0","苗栗縣","苑裡鎮","120.685","24.435","12"
"261","310752","20220712103000","271","0","苗栗縣","苑裡鎮","120.700","24.435","306"
"29","310755","20220712103000","38","0","苗栗縣","苑裡鎮","120.680","24.440","31"
"239","310758","20220712103000","175","2","苗栗縣","苑裡鎮","120.700","24.385","303"
"188","310763","20220712103000","198","0","苗栗縣","苑裡鎮","120.695","24.395","193"
"38","310766","20220712103000","12","3","苗栗縣","苑裡鎮","120.685","24.405","40"
"971","310776","20220712103000","796","2","苗栗縣","大湖鄉","120.870","24.425","897"
"67","310779","20220712103000","31","3","苗栗縣","大湖鄉","120.885","24.425","24"
"257","310796","20220712103000","252","1","苗栗縣","大湖鄉","120.865","24.400","265"
"32","310800","20220712103000","36","0","苗栗縣","大湖鄉","120.855","24.405","45"
"14","310825","20220712103000","173","0","苗栗縣","大湖鄉","120.900","24.410","21"
"162","310860","20220712103000","91","3","苗栗縣","大湖鄉","120.870","24.405","180"
"23","310881","20220712103000","228","0","苗栗縣","大湖鄉","120.860","24.420","13"
"22","310888","20220712103000","123","0","苗栗縣","苑裡鎮","120.695","24.370","12"
"816","310894","20220712103000","1026","0","苗栗縣","苑裡鎮","120.655","24.440","800"
"15","310899","20220712103000","29","0","苗栗縣","苑裡鎮","120.690","24.375","13"
"1052","310905","20220712103000","1057","0","苗栗縣","苑裡鎮","120.680","24.385","1156"
"103","310911","20220712103000","84","2","苗栗縣","苑裡鎮","120.660","24.410","136"
"214","310914","20220712103000","80","3","苗栗縣","苑裡鎮","120.660","24.415","269"
"62","310926","20220712103000","34","3","苗栗縣","苑裡鎮","120.720","24.395","67"
"23","310927","20220712103000","111","0","苗栗縣","苑裡鎮","120.725","24.395","16"
"24","310930","20220712103000","15","3","苗栗縣","苑裡鎮","120.715","24.400","23"
"38","310938","20220712103000","38","1","苗栗縣","苑裡鎮","120.705","24.410","42"
"24","310941","20220712103000","61","0","苗栗縣","苑裡鎮","120.675","24.400","26"
"15","310942","20220712103000","14","1","苗栗縣","苑裡鎮","120.680","24.400","15"
"51","310943","20220712103000","281","0","苗栗縣","苑裡鎮","120.675","24.405","51"
"301","310949","20220712103000","124","3","苗栗縣","苑裡鎮","120.670","24.415","321"
"18","310953","20220712103000","13","2","苗栗縣","苑裡鎮","120.670","24.425","19"
"16","310959","20220712103000","14","1","苗栗縣","苑裡鎮","120.680","24.410","11"
"265","310964","20220712103000","1025","0","苗栗縣","苑裡鎮","120.685","24.415","330"
"205","310996","20220712103000","142","2","苗栗縣","銅鑼鄉","120.810","24.465","193"
"22","310999","20220712103000","146","0","苗栗縣","銅鑼鄉","120.755","24.445","31"
"88","311009","20220712103000","81","1","苗栗縣","銅鑼鄉","120.765","24.460","76"
"1325","311014","20220712103000","621","3","苗栗縣","銅鑼鄉","120.760","24.460","1338"
"155","311016","20220712103000","103","3","苗栗縣","銅鑼鄉","120.770","24.465","164"
"121","311031","20220712103000","80","3","苗栗縣","銅鑼鄉","120.810","24.405","96"
"185","311073","20220712103000","86","3","苗栗縣","銅鑼鄉","120.835","24.420","189"
"272","311108","20220712103000","233","1","苗栗縣","銅鑼鄉","120.780","24.450","225"
"289","311118","20220712103000","343","0","苗栗縣","銅鑼鄉","120.780","24.465","287"
"2161","311279","20220712103000","2000","1","苗栗縣","苑裡鎮","120.650","24.440","2119"
"92","311280","20220712103000","111","0","苗栗縣","苑裡鎮","120.650","24.445","158"
"17","311281","20220712103000","14","2","苗栗縣","苑裡鎮","120.645","24.445","14"
"295","311283","20220712103000","291","1","苗栗縣","苑裡鎮","120.650","24.450","292"
"102","311310","20220712103000","67","3","苗栗縣","泰安鄉","120.925","24.390","72"
"64","311446","20220712103000","54","1","苗栗縣","泰安鄉","120.980","24.445","59"
"190","311474","20220712103000","100","3","苗栗縣","泰安鄉","120.935","24.420","163"
"217","311478","20220712103000","166","2","苗栗縣","泰安鄉","120.925","24.420","246"
"33","311666","20220712103000","125","0","苗栗縣","泰安鄉","120.980","24.390","37"
"47","312076","20220712103000","32","2","苗栗縣","泰安鄉","121.015","24.425","33"
"21","312522","20220712103000","106","0","苗栗縣","泰安鄉","120.925","24.440","39"
"168","312590","20220712103000","125","2","苗栗縣","通霄鎮","120.735","24.410","176"
"282","312624","20220712103000","193","2","苗栗縣","通霄鎮","120.680","24.455","253"
"136","312636","20220712103000","96","2","苗栗縣","通霄鎮","120.690","24.465","134"
"71","312656","20220712103000","50","2","苗栗縣","通霄鎮","120.745","24.440","37"
"172","312664","20220712103000","61","3","苗栗縣","通霄鎮","120.725","24.450","193"
"16","312666","20220712103000","15","1","苗栗縣","通霄鎮","120.735","24.450","10"
"64","312668","20220712103000","99","0","苗栗縣","通霄鎮","120.720","24.425","75"
"98","312670","20220712103000","194","0","苗栗縣","通霄鎮","120.720","24.430","92"
"292","312677","20220712103000","192","3","苗栗縣","通霄鎮","120.715","24.440","327"
"194","312691","20220712103000","241","0","苗栗縣","通霄鎮","120.700","24.455","172"
"27","312717","20220712103000","26","1","苗栗縣","通霄鎮","120.730","24.460","36"
"74","312744","20220712103000","87","0","苗栗縣","大湖鄉","120.865","24.430","118"
"13","312752","20220712103000","205","0","苗栗縣","大湖鄉","120.865","24.435","35"
"122","312778","20220712103000","88","2","苗栗縣","大湖鄉","120.905","24.445","119"
"112","312782","20220712103000","82","2","苗栗縣","大湖鄉","120.880","24.450","134"
"288","312784","20220712103000","204","2","苗栗縣","大湖鄉","120.875","24.455","246"
"63","312785","20220712103000","1070","0","苗栗縣","大湖鄉","120.865","24.420","76"
"210","312798","20220712103000","210","1","苗栗縣","大湖鄉","120.900","24.375","201"
"13","312821","20220712103000","208","0","苗栗縣","大湖鄉","120.835","24.370","23"
"490","312833","20220712103000","397","2","苗栗縣","三義鄉","120.820","24.380","478"
"160","312851","20220712103000","87","3","苗栗縣","大湖鄉","120.865","24.375","158"
"65","312863","20220712103000","233","0","苗栗縣","大湖鄉","120.850","24.385","46"
"131","317431","20220712103000","76","3","宜蘭縣","蘇澳鎮","121.845","24.520","95"
"430","319889","20220712103000","394","1","宜蘭縣","南澳鄉","121.800","24.465","446"
"515","319890","20220712103000","565","0","宜蘭縣","蘇澳鎮","121.805","24.465","525"
"39","319894","20220712103000","70","0","宜蘭縣","南澳鄉","121.810","24.470","80"
"393","320020","20220712103000","146","3","宜蘭縣","蘇澳鎮","121.830","24.515","231"
"29","320043","20220712103000","31","0","宜蘭縣","南澳鄉","121.830","24.530","30"
"66","320054","20220712103000","73","0","宜蘭縣","南澳鄉","121.835","24.535","56"
"51","320069","20220712103000","42","2","宜蘭縣","蘇澳鎮","121.850","24.535","41"
"178","320197","20220712103000","209","0","宜蘭縣","南澳鄉","121.790","24.470","237"
"81","320298","20220712103000","14","3","宜蘭縣","南澳鄉","121.785","24.460","28"
"10","320310","20220712103000","13","0","宜蘭縣","南澳鄉","121.765","24.465","24"
"96","320807","20220712103000","60","3","宜蘭縣","大同鄉","121.430","24.485","82"
"212","320829","20220712103000","177","1","宜蘭縣","大同鄉","121.430","24.490","234"
"36","321164","20220712103000","45","0","宜蘭縣","南澳鄉","121.535","24.495","70"
"132","321192","20220712103000","136","0","宜蘭縣","大同鄉","121.530","24.500","187"
"137","321195","20220712103000","88","3","宜蘭縣","大同鄉","121.545","24.500","137"
"101","321219","20220712103000","62","3","宜蘭縣","大同鄉","121.530","24.505","118"
"123","321263","20220712103000","51","3","宜蘭縣","南澳鄉","121.610","24.505","97"
"26","321422","20220712103000","19","2","宜蘭縣","大同鄉","121.510","24.545","18"
"153","321699","20220712103000","106","2","宜蘭縣","大同鄉","121.450","24.530","127"
"680","321823","20220712103000","234","3","宜蘭縣","蘇澳鎮","121.840","24.485","663"
"142","321832","20220712103000","20","3","宜蘭縣","蘇澳鎮","121.835","24.490","43"
"125","321846","20220712103000","38","3","宜蘭縣","蘇澳鎮","121.835","24.510","60"
"296","321850","20220712103000","130","3","宜蘭縣","蘇澳鎮","121.835","24.520","231"
"37","321871","20220712103000","17","3","宜蘭縣","蘇澳鎮","121.870","24.535","10"
"131","321880","20220712103000","84","3","宜蘭縣","蘇澳鎮","121.820","24.460","135"
"25","321882","20220712103000","48","0","宜蘭縣","蘇澳鎮","121.820","24.465","29"
"151","321898","20220712103000","93","3","宜蘭縣","蘇澳鎮","121.825","24.485","100"
"53","322586","20220712103000","57","0","新竹縣","五峰鄉","121.090","24.500","60"
"70","322590","20220712103000","72","0","新竹縣","五峰鄉","121.075","24.505","52"
"122","322609","20220712103000","118","1","新竹縣","五峰鄉","121.115","24.510","106"
"23","322716","20220712103000","60","0","新竹縣","五峰鄉","121.110","24.525","27"
"39","322717","20220712103000","31","2","新竹縣","五峰鄉","121.115","24.525","50"
"25","322744","20220712103000","27","0","新竹縣","五峰鄉","121.125","24.530","17"
"53","322792","20220712103000","93","0","新竹縣","五峰鄉","121.125","24.540","81"
"58","322897","20220712103000","29","3","新竹縣","五峰鄉","121.130","24.560","48"
"67","322913","20220712103000","285","0","苗栗縣","公館鄉","120.820","24.495","86"
"15","322918","20220712103000","130","0","苗栗縣","公館鄉","120.815","24.510","21"
"125","322920","20220712103000","186","0","苗栗縣","公館鄉","120.815","24.515","143"
"347","322921","20220712103000","259","2","苗栗縣","銅鑼鄉","120.810","24.515","289"
"184","322933","20220712103000","154","1","苗栗縣","公館鄉","120.835","24.510","236"
"10","322937","20220712103000","51","0","苗栗縣","公館鄉","120.835","24.520","10"
"254","322941","20220712103000","247","1","苗栗縣","公館鄉","120.835","24.530","240"
"11","322961","20220712103000","96","0","苗栗縣","公館鄉","120.850","24.530","20"
"158","322992","20220712103000","88","3","苗栗縣","公館鄉","120.890","24.540","126"
"121","323065","20220712103000","103","1","苗栗縣","公館鄉","120.835","24.500","134"
"106","323078","20220712103000","108","0","苗栗縣","公館鄉","120.835","24.545","139"
"973","323086","20220712103000","640","3","苗栗縣","公館鄉","120.825","24.510","959"
"74","323090","20220712103000","648","0","苗栗縣","公館鄉","120.820","24.515","86"
"200","323092","20220712103000","289","0","苗栗縣","公館鄉","120.825","24.520","194"
"399","323094","20220712103000","257","3","苗栗縣","公館鄉","120.825","24.465","440"
"112","323105","20220712103000","165","0","苗栗縣","公館鄉","120.835","24.465","129"
"78","323120","20220712103000","61","2","苗栗縣","公館鄉","120.855","24.475","79"
"348","323126","20220712103000","264","2","苗栗縣","公館鄉","120.825","24.475","330"
"298","323131","20220712103000","288","1","苗栗縣","公館鄉","120.820","24.480","273"
"521","323137","20220712103000","369","2","苗栗縣","公館鄉","120.830","24.485","561"
"488","323139","20220712103000","453","1","苗栗縣","公館鄉","120.825","24.500","506"
"583","323140","20220712103000","587","0","苗栗縣","公館鄉","120.825","24.505","603"
"966","323143","20220712103000","1058","0","苗栗縣","公館鄉","120.820","24.500","929"
"26","323150","20220712103000","168","0","苗栗縣","公館鄉","120.830","24.530","28"
"161","323152","20220712103000","143","1","苗栗縣","公館鄉","120.830","24.535","192"
"588","323159","20220712103000","418","2","苗栗縣","公館鄉","120.825","24.530","717"
"130","323161","20220712103000","153","0","苗栗縣","苗栗市","120.835","24.555","183"
"606","323164","20220712103000","1128","0","苗栗縣","苗栗市","120.820","24.560","655"
"13","323166","20220712103000","38","0","苗栗縣","通霄鎮","120.695","24.540","18"
"281","323174","20220712103000","180","3","苗栗縣","通霄鎮","120.700","24.550","253"
"255","323187","20220712103000","225","1","苗栗縣","通霄鎮","120.695","24.475","246"
"19","323189","20220712103000","326","0","苗栗縣","通霄鎮","120.685","24.480","21"
"118","323210","20220712103000","59","3","苗栗縣","通霄鎮","120.730","24.490","105"
"19","323218","20220712103000","29","0","苗栗縣","通霄鎮","120.740","24.495","18"
"19","323221","20220712103000","18","1","苗栗縣","通霄鎮","120.750","24.485","22"
"37","323223","20220712103000","12","3","苗栗縣","通霄鎮","120.760","24.485","15"
"99","323237","20220712103000","105","0","苗栗縣","通霄鎮","120.720","24.505","93"
"74","323242","20220712103000","64","1","苗栗縣","通霄鎮","120.740","24.505","73"
"50","323248","20220712103000","53","0","苗栗縣","通霄鎮","120.730","24.510","68"
"25","323299","20220712103000","21","1","苗栗縣","南庄鄉","120.960","24.520","25"
"10","323301","20220712103000","14","0","苗栗縣","南庄鄉","120.970","24.520","10"
"114","323333","20220712103000","74","3","苗栗縣","南庄鄉","120.965","24.535","103"
"43","323356","20220712103000","138","0","苗栗縣","南庄鄉","120.970","24.545","52"
"2854","323391","20220712103000","2577","1","苗栗縣","苗栗市","120.825","24.555","3022"
"22","323392","20220712103000","23","0","苗栗縣","苗栗市","120.820","24.540","26"
"848","323394","20220712103000","462","3","苗栗縣","苗栗市","120.825","24.545","759"
"769","323395","20220712103000","2143","0","苗栗縣","苗栗市","120.815","24.550","966"
"80","323396","20220712103000","104","0","苗栗縣","苗栗市","120.820","24.550","101"
"2026","323397","20220712103000","1855","1","苗栗縣","苗栗市","120.815","24.555","1890"
"446","323400","20220712103000","378","1","苗栗縣","苗栗市","120.820","24.555","513"
"222","323402","20220712103000","661","0","苗栗縣","苗栗市","120.830","24.555","231"
"357","323403","20220712103000","248","2","苗栗縣","苗栗市","120.825","24.565","385"
"22","323405","20220712103000","45","0","苗栗縣","苗栗市","120.790","24.525","32"
"80","323411","20220712103000","422","0","苗栗縣","苗栗市","120.785","24.535","86"
"108","323412","20220712103000","298","0","苗栗縣","苗栗市","120.790","24.535","106"
"257","323414","20220712103000","103","3","苗栗縣","苗栗市","120.800","24.535","256"
"47","323530","20220712103000","62","0","苗栗縣","南庄鄉","121.025","24.535","46"
"59","323545","20220712103000","40","2","苗栗縣","南庄鄉","121.030","24.540","70"
"81","323601","20220712103000","54","3","苗栗縣","頭屋鄉","120.855","24.555","139"
"28","323631","20220712103000","29","0","苗栗縣","頭屋鄉","120.870","24.560","32"
"16","323638","20220712103000","42","0","苗栗縣","頭屋鄉","120.905","24.550","14"
"10","323651","20220712103000","78","0","苗栗縣","通霄鎮","120.760","24.480","10"
"218","323661","20220712103000","157","2","苗栗縣","銅鑼鄉","120.775","24.495","164"
"55","323663","20220712103000","44","2","苗栗縣","西湖鄉","120.770","24.500","27"
"11","323666","20220712103000","74","0","苗栗縣","銅鑼鄉","120.780","24.505","17"
"280","323674","20220712103000","189","2","苗栗縣","銅鑼鄉","120.790","24.470","320"
"473","323678","20220712103000","396","1","苗栗縣","銅鑼鄉","120.790","24.475","466"
"105","323679","20220712103000","111","0","苗栗縣","銅鑼鄉","120.795","24.475","99"
"345","323682","20220712103000","330","1","苗栗縣","銅鑼鄉","120.785","24.480","390"
"778","323683","20220712103000","721","1","苗栗縣","銅鑼鄉","120.790","24.480","833"
"483","323685","20220712103000","471","1","苗栗縣","銅鑼鄉","120.785","24.485","324"
"898","323686","20220712103000","982","0","苗栗縣","銅鑼鄉","120.785","24.490","940"
"118","323691","20220712103000","97","2","苗栗縣","通霄鎮","120.725","24.520","119"
"13","323700","20220712103000","68","0","苗栗縣","通霄鎮","120.735","24.525","19"
"32","323727","20220712103000","91","0","苗栗縣","通霄鎮","120.675","24.485","42"
"592","323728","20220712103000","863","0","苗栗縣","苗栗市","120.810","24.545","511"
"57","323734","20220712103000","44","2","苗栗縣","西湖鄉","120.790","24.550","80"
"62","323736","20220712103000","37","3","苗栗縣","苗栗市","120.800","24.550","55"
"174","323738","20220712103000","155","1","苗栗縣","苗栗市","120.795","24.555","204"
"244","323740","20220712103000","213","1","苗栗縣","苗栗市","120.805","24.555","319"
"197","323743","20220712103000","167","1","苗栗縣","苗栗市","120.800","24.560","248"
"134","323744","20220712103000","383","0","苗栗縣","苗栗市","120.805","24.560","178"
"544","323747","20220712103000","403","2","苗栗縣","苗栗市","120.815","24.530","490"
"1312","323751","20220712103000","1380","0","苗栗縣","苗栗市","120.815","24.540","1313"
"187","323752","20220712103000","123","3","苗栗縣","苗栗市","120.805","24.545","186"
"28","323753","20220712103000","62","0","苗栗縣","苗栗市","120.805","24.550","21"
"82","323763","20220712103000","253","0","苗栗縣","西湖鄉","120.730","24.555","109"
"143","323770","20220712103000","149","0","苗栗縣","西湖鄉","120.745","24.555","127"
"113","323782","20220712103000","78","2","苗栗縣","西湖鄉","120.765","24.520","135"
"124","323800","20220712103000","140","0","苗栗縣","西湖鄉","120.785","24.525","135"
"72","323808","20220712103000","38","3","苗栗縣","西湖鄉","120.745","24.525","64"
"28","323810","20220712103000","61","0","苗栗縣","西湖鄉","120.740","24.530","29"
"44","323815","20220712103000","39","1","苗栗縣","西湖鄉","120.750","24.535","65"
"116","323828","20220712103000","101","1","苗栗縣","通霄鎮","120.680","24.500","154"
"201","323830","20220712103000","207","0","苗栗縣","通霄鎮","120.690","24.500","178"
"160","323838","20220712103000","28","3","苗栗縣","通霄鎮","120.690","24.510","174"
"202","323845","20220712103000","188","1","苗栗縣","通霄鎮","120.695","24.515","157"
"101","323854","20220712103000","78","2","苗栗縣","通霄鎮","120.695","24.530","93"
"193","323864","20220712103000","110","3","苗栗縣","通霄鎮","120.675","24.490","246"
"1841","323865","20220712103000","1783","1","苗栗縣","通霄鎮","120.680","24.490","1753"
"1472","323876","20220712103000","1303","1","苗栗縣","銅鑼鄉","120.800","24.490","1436"
"553","323879","20220712103000","512","1","苗栗縣","銅鑼鄉","120.800","24.495","468"
"193","323881","20220712103000","170","1","苗栗縣","銅鑼鄉","120.810","24.495","219"
"24","323884","20220712103000","152","0","苗栗縣","銅鑼鄉","120.805","24.500","42"
"222","323893","20220712103000","164","2","苗栗縣","銅鑼鄉","120.805","24.510","318"
"89","323896","20220712103000","89","1","苗栗縣","銅鑼鄉","120.810","24.520","48"
"630","323898","20220712103000","595","1","苗栗縣","銅鑼鄉","120.760","24.465","671"
"159","323899","20220712103000","184","0","苗栗縣","銅鑼鄉","120.765","24.465","150"
"99","323904","20220712103000","123","0","苗栗縣","銅鑼鄉","120.770","24.470","182"
"161","323913","20220712103000","211","0","苗栗縣","銅鑼鄉","120.790","24.485","180"
"373","323918","20220712103000","320","1","苗栗縣","銅鑼鄉","120.790","24.505","390"
"100","323920","20220712103000","51","3","苗栗縣","銅鑼鄉","120.785","24.510","102"
"506","323923","20220712103000","483","1","苗栗縣","西湖鄉","120.785","24.515","470"
"96","323948","20220712103000","91","1","苗栗縣","泰安鄉","120.950","24.465","94"
"61","323952","20220712103000","92","0","苗栗縣","泰安鄉","120.970","24.465","77"
"163","323970","20220712103000","126","2","苗栗縣","泰安鄉","120.945","24.470","134"
"64","323976","20220712103000","56","1","苗栗縣","泰安鄉","120.975","24.470","47"
"13","323977","20220712103000","13","1","苗栗縣","泰安鄉","120.980","24.470","14"
"44","324020","20220712103000","21","3","苗栗縣","泰安鄉","120.965","24.480","26"
"27","324112","20220712103000","14","3","苗栗縣","獅潭鄉","120.910","24.505","37"
"12","324115","20220712103000","52","0","苗栗縣","獅潭鄉","120.925","24.505","11"
"35","324130","20220712103000","26","2","苗栗縣","獅潭鄉","120.910","24.510","35"
"18","324167","20220712103000","10","3","苗栗縣","獅潭鄉","120.935","24.515","11"
"393","324200","20220712103000","211","3","苗栗縣","獅潭鄉","120.920","24.540","354"
"133","324206","20220712103000","111","1","苗栗縣","獅潭鄉","120.950","24.540","111"
"96","324257","20220712103000","67","2","苗栗縣","獅潭鄉","120.935","24.555","87"
"93","324281","20220712103000","60","3","苗栗縣","獅潭鄉","120.910","24.465","88"
"14","324283","20220712103000","18","0","苗栗縣","獅潭鄉","120.870","24.470","14"
"197","324285","20220712103000","181","1","苗栗縣","獅潭鄉","120.880","24.470","236"
"23","324297","20220712103000","23","1","苗栗縣","獅潭鄉","120.915","24.475","35"
"62","324301","20220712103000","66","0","苗栗縣","獅潭鄉","120.900","24.485","62"
"38","324306","20220712103000","30","2","苗栗縣","獅潭鄉","120.900","24.490","41"
"53","324349","20220712103000","62","0","苗栗縣","泰安鄉","120.945","24.485","62"
"15","324420","20220712103000","10","3","苗栗縣","泰安鄉","121.205","24.465","20"
"95","324615","20220712103000","60","3","苗栗縣","泰安鄉","121.070","24.495","86"
"14","324701","20220712103000","10","2","苗栗縣","通霄鎮","120.705","24.505","15"
"124","324706","20220712103000","90","2","苗栗縣","通霄鎮","120.715","24.510","140"
"82","324721","20220712103000","71","1","苗栗縣","西湖鄉","120.780","24.550","111"
"120","324736","20220712103000","64","3","苗栗縣","西湖鄉","120.755","24.495","111"
"169","324766","20220712103000","681","0","苗栗縣","西湖鄉","120.785","24.540","201"
"55","324767","20220712103000","31","3","苗栗縣","西湖鄉","120.755","24.545","54"
"431","324784","20220712103000","389","1","苗栗縣","通霄鎮","120.665","24.470","382"
"122","324791","20220712103000","878","0","苗栗縣","通霄鎮","120.675","24.475","92"
"346","324812","20220712103000","473","0","苗栗縣","通霄鎮","120.710","24.555","298"
"13","324828","20220712103000","12","1","苗栗縣","通霄鎮","120.700","24.500","15"
"34","324833","20220712103000","215","0","苗栗縣","通霄鎮","120.710","24.505","37"
"82","324841","20220712103000","62","2","苗栗縣","通霄鎮","120.705","24.475","138"
"24","324850","20220712103000","52","0","苗栗縣","通霄鎮","120.715","24.480","43"
"30","324851","20220712103000","40","0","苗栗縣","通霄鎮","120.720","24.480","55"
"248","324858","20220712103000","149","3","苗栗縣","通霄鎮","120.720","24.465","226"
"107","324872","20220712103000","82","2","苗栗縣","通霄鎮","120.685","24.485","157"
"43","324877","20220712103000","543","0","苗栗縣","通霄鎮","120.690","24.495","52"
"32","324879","20220712103000","194","0","苗栗縣","通霄鎮","120.695","24.500","43"
"98","328071","20220712103000","68","2","宜蘭縣","蘇澳鎮","121.860","24.600","79"
"132","328073","20220712103000","199","0","宜蘭縣","蘇澳鎮","121.870","24.600","116"
"489","328074","20220712103000","468","1","宜蘭縣","蘇澳鎮","121.880","24.600","459"
"207","328390","20220712103000","34","3","宜蘭縣","蘇澳鎮","121.880","24.605","267"
"319","331880","20220712103000","274","1","宜蘭縣","冬山鄉","121.750","24.645","306"
"39","331921","20220712103000","26","3","宜蘭縣","南澳鄉","121.805","24.555","51"
"50","332040","20220712103000","42","1","宜蘭縣","南澳鄉","121.750","24.605","52"
"1818","332115","20220712103000","1351","2","宜蘭縣","蘇澳鎮","121.865","24.580","1618"
"292","332120","20220712103000","210","2","宜蘭縣","冬山鄉","121.815","24.630","293"
"769","332121","20220712103000","511","3","宜蘭縣","蘇澳鎮","121.820","24.625","740"
"991","332122","20220712103000","909","1","宜蘭縣","冬山鄉","121.810","24.630","1015"
"563","332124","20220712103000","405","2","宜蘭縣","冬山鄉","121.820","24.630","609"
"322","332146","20220712103000","309","1","宜蘭縣","冬山鄉","121.710","24.635","334"
"75","332175","20220712103000","109","0","宜蘭縣","冬山鄉","121.765","24.620","80"
"503","332186","20220712103000","407","2","宜蘭縣","冬山鄉","121.770","24.630","523"
"650","332216","20220712103000","590","1","宜蘭縣","冬山鄉","121.785","24.625","621"
"209","332233","20220712103000","319","0","宜蘭縣","冬山鄉","121.730","24.650","231"
"301","332244","20220712103000","269","1","宜蘭縣","冬山鄉","121.805","24.625","312"
"17","332272","20220712103000","16","1","宜蘭縣","大同鄉","121.500","24.555","20"
"64","332340","20220712103000","70","0","宜蘭縣","大同鄉","121.495","24.570","77"
"102","332362","20220712103000","116","0","宜蘭縣","大同鄉","121.480","24.575","109"
"70","332385","20220712103000","71","0","宜蘭縣","大同鄉","121.495","24.580","71"
"27","332698","20220712103000","30","0","宜蘭縣","大同鄉","121.685","24.610","35"
"147","332699","20220712103000","126","1","宜蘭縣","大同鄉","121.690","24.610","140"
"19","332745","20220712103000","129","0","宜蘭縣","大同鄉","121.685","24.625","19"
"112","332848","20220712103000","88","2","宜蘭縣","大同鄉","121.635","24.615","96"
"15","332886","20220712103000","16","0","宜蘭縣","大同鄉","121.590","24.630","15"
"69","332889","20220712103000","108","0","宜蘭縣","大同鄉","121.605","24.630","91"
"18","332899","20220712103000","15","2","宜蘭縣","三星鄉","121.605","24.635","15"
"142","332902","20220712103000","95","2","宜蘭縣","大同鄉","121.560","24.640","143"
"118","333040","20220712103000","148","0","宜蘭縣","大同鄉","121.530","24.595","98"
"76","333114","20220712103000","34","3","宜蘭縣","大同鄉","121.440","24.595","56"
"22","333196","20220712103000","54","0","宜蘭縣","大同鄉","121.525","24.610","19"
"132","333282","20220712103000","120","1","宜蘭縣","大同鄉","121.525","24.630","124"
"102","333296","20220712103000","49","3","宜蘭縣","大同鄉","121.490","24.635","49"
"86","333369","20220712103000","31","3","宜蘭縣","大同鄉","121.475","24.650","61"
"115","333370","20220712103000","40","3","宜蘭縣","大同鄉","121.480","24.650","96"
"16","333448","20220712103000","167","0","宜蘭縣","蘇澳鎮","121.865","24.575","16"
"254","333450","20220712103000","437","0","宜蘭縣","蘇澳鎮","121.870","24.580","263"
"528","333451","20220712103000","631","0","宜蘭縣","蘇澳鎮","121.875","24.580","533"
"1336","333457","20220712103000","868","3","宜蘭縣","蘇澳鎮","121.855","24.595","1212"
"222","333458","20220712103000","202","1","宜蘭縣","蘇澳鎮","121.875","24.600","181"
"41","333460","20220712103000","17","3","宜蘭縣","蘇澳鎮","121.860","24.605","32"
"59","333462","20220712103000","45","2","宜蘭縣","蘇澳鎮","121.870","24.605","41"
"19","333463","20220712103000","60","0","宜蘭縣","蘇澳鎮","121.875","24.605","12"
"374","333474","20220712103000","281","2","宜蘭縣","蘇澳鎮","121.835","24.590","365"
"911","333478","20220712103000","952","0","宜蘭縣","蘇澳鎮","121.835","24.595","918"
"412","333479","20220712103000","464","0","宜蘭縣","蘇澳鎮","121.840","24.595","441"
"204","333488","20220712103000","94","3","宜蘭縣","蘇澳鎮","121.835","24.605","176"
"122","333492","20220712103000","57","3","宜蘭縣","蘇澳鎮","121.830","24.610","106"
"901","333495","20220712103000","810","1","宜蘭縣","蘇澳鎮","121.830","24.615","844"
"1522","333504","20220712103000","1360","1","宜蘭縣","五結鄉","121.835","24.650","1666"
"294","333511","20220712103000","199","2","宜蘭縣","冬山鄉","121.795","24.640","248"
"24","333515","20220712103000","23","1","宜蘭縣","冬山鄉","121.780","24.650","31"
"222","333516","20220712103000","113","3","宜蘭縣","冬山鄉","121.785","24.650","247"
"557","333519","20220712103000","534","1","宜蘭縣","蘇澳鎮","121.835","24.620","530"
"1189","333520","20220712103000","981","2","宜蘭縣","蘇澳鎮","121.840","24.620","1181"
"88","333521","20220712103000","80","1","宜蘭縣","蘇澳鎮","121.845","24.620","82"
"296","333522","20220712103000","344","0","宜蘭縣","蘇澳鎮","121.835","24.625","327"
"183","333545","20220712103000","86","3","宜蘭縣","蘇澳鎮","121.845","24.565","117"
"117","333557","20220712103000","99","1","宜蘭縣","蘇澳鎮","121.840","24.575","109"
"62","333558","20220712103000","48","2","宜蘭縣","蘇澳鎮","121.845","24.575","82"
"269","333564","20220712103000","394","0","宜蘭縣","蘇澳鎮","121.855","24.605","245"
"100","333566","20220712103000","105","0","宜蘭縣","蘇澳鎮","121.850","24.610","85"
"656","333569","20220712103000","660","0","宜蘭縣","蘇澳鎮","121.850","24.615","665"
"509","333653","20220712103000","459","1","宜蘭縣","三星鄉","121.615","24.650","504"
"511","333661","20220712103000","357","2","宜蘭縣","冬山鄉","121.805","24.640","510"
"11","333693","20220712103000","15","0","宜蘭縣","蘇澳鎮","121.865","24.570","11"
"248","333695","20220712103000","135","3","宜蘭縣","蘇澳鎮","121.850","24.575","238"
"99","333704","20220712103000","54","3","宜蘭縣","蘇澳鎮","121.845","24.580","59"
"31","333737","20220712103000","361","0","宜蘭縣","蘇澳鎮","121.815","24.610","20"
"278","333739","20220712103000","396","0","宜蘭縣","蘇澳鎮","121.815","24.615","243"
"85","333741","20220712103000","118","0","宜蘭縣","蘇澳鎮","121.825","24.615","75"
"939","333742","20220712103000","834","1","宜蘭縣","蘇澳鎮","121.815","24.620","901"
"154","333747","20220712103000","81","3","宜蘭縣","蘇澳鎮","121.830","24.625","139"
"795","333751","20220712103000","680","1","宜蘭縣","冬山鄉","121.765","24.650","781"
"202","333753","20220712103000","268","0","宜蘭縣","冬山鄉","121.795","24.630","197"
"610","333754","20220712103000","587","1","宜蘭縣","冬山鄉","121.800","24.630","622"
"28","333764","20220712103000","35","0","宜蘭縣","冬山鄉","121.725","24.625","34"
"112","333769","20220712103000","73","3","宜蘭縣","冬山鄉","121.750","24.625","96"
"51","333770","20220712103000","51","1","宜蘭縣","冬山鄉","121.760","24.625","41"
"17","333774","20220712103000","54","0","宜蘭縣","冬山鄉","121.740","24.630","18"
"416","333781","20220712103000","370","1","宜蘭縣","冬山鄉","121.750","24.635","407"
"139","333789","20220712103000","107","2","宜蘭縣","冬山鄉","121.765","24.640","138"
"81","333791","20220712103000","82","0","宜蘭縣","冬山鄉","121.760","24.645","75"
"963","333802","20220712103000","829","1","宜蘭縣","冬山鄉","121.790","24.635","979"
"1340","333804","20220712103000","991","2","宜蘭縣","冬山鄉","121.795","24.635","1299"
"35","333808","20220712103000","22","3","宜蘭縣","蘇澳鎮","121.845","24.635","27"
"1050","333809","20220712103000","573","3","宜蘭縣","蘇澳鎮","121.835","24.640","1072"
"192","333810","20220712103000","191","1","宜蘭縣","蘇澳鎮","121.840","24.640","184"
"1276","333814","20220712103000","1249","1","宜蘭縣","蘇澳鎮","121.830","24.630","1286"
"483","333818","20220712103000","385","2","宜蘭縣","蘇澳鎮","121.830","24.640","539"
"522","333821","20220712103000","412","2","宜蘭縣","蘇澳鎮","121.830","24.645","476"
"28","333893","20220712103000","18","3","新竹縣","北埔鄉","121.065","24.645","22"
"114","333899","20220712103000","89","2","新竹縣","竹東鎮","121.095","24.645","181"
"15","334058","20220712103000","10","3","新竹縣","尖石鄉","121.365","24.575","15"
"176","334213","20220712103000","92","3","新竹縣","尖石鄉","121.340","24.650","178"
"199","334309","20220712103000","153","2","新竹縣","尖石鄉","121.310","24.570","153"
"19","334343","20220712103000","20","0","新竹縣","尖石鄉","121.335","24.575","22"
"18","334359","20220712103000","38","0","新竹縣","尖石鄉","121.270","24.580","16"
"82","334366","20220712103000","41","3","新竹縣","尖石鄉","121.305","24.580","79"
"53","334372","20220712103000","23","3","新竹縣","尖石鄉","121.335","24.580","69"
"29","334487","20220712103000","46","0","新竹縣","尖石鄉","121.290","24.605","84"
"303","334532","20220712103000","214","2","新竹縣","尖石鄉","121.295","24.610","275"
"43","334547","20220712103000","70","0","新竹縣","尖石鄉","121.285","24.615","42"
"50","334623","20220712103000","36","2","新竹縣","尖石鄉","121.275","24.640","46"
"115","334698","20220712103000","77","2","新竹縣","峨眉鄉","121.025","24.655","70"
"90","334723","20220712103000","77","1","宜蘭縣","蘇澳鎮","121.840","24.590","85"
"153","334725","20220712103000","169","0","宜蘭縣","蘇澳鎮","121.850","24.590","177"
"879","334726","20220712103000","939","0","宜蘭縣","蘇澳鎮","121.845","24.595","890"
"46","334737","20220712103000","47","0","新竹縣","五峰鄉","121.090","24.605","44"
"51","334763","20220712103000","22","3","新竹縣","五峰鄉","121.105","24.615","29"
"26","334770","20220712103000","31","0","新竹縣","五峰鄉","121.085","24.625","32"
"238","334783","20220712103000","269","0","新竹縣","五峰鄉","121.120","24.630","240"
"330","334790","20220712103000","427","0","新竹縣","五峰鄉","121.100","24.640","658"
"54","334829","20220712103000","19","3","新竹縣","五峰鄉","121.090","24.565","59"
"22","334833","20220712103000","11","3","新竹縣","五峰鄉","121.110","24.565","22"
"23","334864","20220712103000","14","3","新竹縣","五峰鄉","121.085","24.580","13"
"111","334868","20220712103000","85","2","新竹縣","五峰鄉","121.105","24.580","89"
"17","334869","20220712103000","15","1","新竹縣","五峰鄉","121.110","24.580","16"
"110","334891","20220712103000","64","3","新竹縣","五峰鄉","121.115","24.590","108"
"112","334969","20220712103000","56","3","新竹縣","五峰鄉","121.125","24.590","157"
"41","335076","20220712103000","24","3","新竹縣","五峰鄉","121.155","24.610","41"
"50","335109","20220712103000","55","0","新竹縣","五峰鄉","121.110","24.620","41"
"10","335134","20220712103000","22","0","新竹縣","五峰鄉","121.145","24.625","12"
"73","335187","20220712103000","95","0","新竹縣","五峰鄉","121.150","24.645","53"
"167","335195","20220712103000","78","3","新竹縣","竹東鎮","121.125","24.650","111"
"54","335200","20220712103000","51","1","新竹縣","五峰鄉","121.150","24.650","62"
"71","335230","20220712103000","77","0","新竹縣","五峰鄉","121.180","24.655","68"
"265","335366","20220712103000","163","3","桃園市","復興區","121.400","24.640","252"
"40","335480","20220712103000","19","3","苗栗縣","三灣鄉","120.960","24.610","31"
"11","335488","20220712103000","73","0","苗栗縣","三灣鄉","120.950","24.615","19"
"107","335520","20220712103000","99","1","苗栗縣","三灣鄉","120.925","24.640","122"
"319","335553","20220712103000","292","1","苗栗縣","三灣鄉","121.005","24.645","238"
"224","335569","20220712103000","843","0","苗栗縣","三灣鄉","120.955","24.650","242"
"91","335581","20220712103000","48","3","苗栗縣","三灣鄉","120.945","24.655","87"
"139","335594","20220712103000","81","3","苗栗縣","三灣鄉","120.975","24.645","150"
"148","335619","20220712103000","97","3","苗栗縣","三灣鄉","120.905","24.625","123"
"291","335630","20220712103000","202","2","苗栗縣","後龍鎮","120.770","24.615","352"
"104","335632","20220712103000","88","1","苗栗縣","後龍鎮","120.765","24.620","109"
"434","335635","20220712103000","893","0","苗栗縣","後龍鎮","120.780","24.620","379"
"30","335639","20220712103000","844","0","苗栗縣","後龍鎮","120.780","24.625","38"
"315","335647","20220712103000","296","1","苗栗縣","苗栗市","120.830","24.560","294"
"439","335648","20220712103000","350","2","苗栗縣","苗栗市","120.835","24.560","456"
"669","335652","20220712103000","493","2","苗栗縣","苗栗市","120.825","24.585","647"
"454","335655","20220712103000","378","2","苗栗縣","苗栗市","120.815","24.595","475"
"587","335657","20220712103000","446","2","苗栗縣","苗栗市","120.825","24.595","469"
"540","335658","20220712103000","274","3","苗栗縣","苗栗市","120.825","24.575","667"
"1005","335660","20220712103000","927","1","苗栗縣","苗栗市","120.825","24.580","1133"
"161","335662","20220712103000","148","1","苗栗縣","苗栗市","120.810","24.560","176"
"2156","335663","20220712103000","2754","0","苗栗縣","苗栗市","120.815","24.560","2244"
"144","335666","20220712103000","402","0","苗栗縣","通霄鎮","120.715","24.560","168"
"52","335669","20220712103000","61","0","苗栗縣","通霄鎮","120.715","24.565","54"
"146","335671","20220712103000","431","0","苗栗縣","通霄鎮","120.710","24.570","162"
"122","335675","20220712103000","160","0","苗栗縣","通霄鎮","120.710","24.565","138"
"123","335689","20220712103000","127","0","苗栗縣","南庄鄉","121.005","24.615","131"
"165","335701","20220712103000","75","3","苗栗縣","南庄鄉","121.010","24.635","156"
"2305","335706","20220712103000","2163","1","苗栗縣","苗栗市","120.820","24.565","2443"
"113","335707","20220712103000","1004","0","苗栗縣","苗栗市","120.820","24.570","147"
"1041","335708","20220712103000","946","1","苗栗縣","苗栗市","120.820","24.575","881"
"18","335716","20220712103000","111","0","苗栗縣","後龍鎮","120.770","24.650","21"
"436","335717","20220712103000","335","2","苗栗縣","後龍鎮","120.775","24.650","532"
"45","335748","20220712103000","223","0","苗栗縣","南庄鄉","120.985","24.635","46"
"636","335753","20220712103000","343","3","苗栗縣","苗栗市","120.830","24.575","707"
"173","335754","20220712103000","103","3","苗栗縣","苗栗市","120.830","24.580","185"
"10","335761","20220712103000","19","0","苗栗縣","苗栗市","120.840","24.565","14"
"81","335762","20220712103000","1700","0","苗栗縣","苗栗市","120.830","24.570","95"
"877","335763","20220712103000","680","2","苗栗縣","苗栗市","120.835","24.570","915"
"78","335766","20220712103000","306","0","苗栗縣","苗栗市","120.840","24.575","77"
"348","335767","20220712103000","233","2","苗栗縣","苗栗市","120.835","24.580","408"
"204","335776","20220712103000","197","1","苗栗縣","頭屋鄉","120.845","24.595","237"
"57","335787","20220712103000","49","1","苗栗縣","頭屋鄉","120.860","24.570","67"
"382","335795","20220712103000","142","3","苗栗縣","頭屋鄉","120.855","24.580","361"
"123","335796","20220712103000","93","2","苗栗縣","頭屋鄉","120.860","24.580","128"
"34","335799","20220712103000","312","0","苗栗縣","頭屋鄉","120.875","24.580","49"
"99","335801","20220712103000","272","0","苗栗縣","頭屋鄉","120.850","24.570","95"
"87","335802","20220712103000","67","2","苗栗縣","頭屋鄉","120.855","24.570","94"
"535","335804","20220712103000","369","2","苗栗縣","頭屋鄉","120.850","24.575","560"
"119","335805","20220712103000","297","0","苗栗縣","頭屋鄉","120.855","24.575","114"
"173","335817","20220712103000","128","2","苗栗縣","後龍鎮","120.730","24.590","112"
"229","335832","20220712103000","246","0","苗栗縣","後龍鎮","120.735","24.605","251"
"17","335881","20220712103000","64","0","苗栗縣","南庄鄉","120.985","24.570","20"
"50","335884","20220712103000","27","3","苗栗縣","南庄鄉","121.000","24.570","39"
"15","335915","20220712103000","151","0","苗栗縣","南庄鄉","120.995","24.585","26"
"197","335931","20220712103000","146","2","苗栗縣","南庄鄉","121.015","24.595","183"
"519","335948","20220712103000","354","2","苗栗縣","南庄鄉","120.955","24.640","475"
"556","335954","20220712103000","393","2","苗栗縣","南庄鄉","121.000","24.600","509"
"449","335959","20220712103000","401","1","苗栗縣","南庄鄉","121.000","24.605","375"
"33","336014","20220712103000","68","0","苗栗縣","南庄鄉","121.035","24.585","24"
"35","336050","20220712103000","89","0","苗栗縣","南庄鄉","121.040","24.600","31"
"417","336097","20220712103000","205","3","苗栗縣","南庄鄉","121.035","24.620","387"
"60","336103","20220712103000","33","3","苗栗縣","南庄鄉","121.020","24.620","28"
"78","336149","20220712103000","169","0","苗栗縣","頭屋鄉","120.890","24.585","66"
"264","336180","20220712103000","248","1","苗栗縣","頭屋鄉","120.885","24.600","225"
"427","336185","20220712103000","390","1","苗栗縣","頭屋鄉","120.845","24.560","460"
"38","336218","20220712103000","40","0","苗栗縣","頭屋鄉","120.895","24.570","31"
"28","336244","20220712103000","275","0","苗栗縣","頭份鎮","120.880","24.645","44"
"159","336248","20220712103000","167","0","苗栗縣","頭份鎮","120.880","24.650","179"
"420","336249","20220712103000","332","2","苗栗縣","頭份鎮","120.885","24.650","372"
"14","336255","20220712103000","15","0","苗栗縣","頭份鎮","120.895","24.650","14"
"828","336266","20220712103000","969","0","苗栗縣","後龍鎮","120.785","24.610","800"
"278","336274","20220712103000","258","1","苗栗縣","後龍鎮","120.820","24.615","342"
"42","336275","20220712103000","21","3","苗栗縣","後龍鎮","120.825","24.615","28"
"471","336278","20220712103000","387","2","苗栗縣","後龍鎮","120.810","24.620","435"
"225","336282","20220712103000","247","0","苗栗縣","造橋鄉","120.815","24.625","220"
"1603","336283","20220712103000","1042","3","苗栗縣","苗栗市","120.810","24.565","1501"
"1215","336284","20220712103000","851","2","苗栗縣","苗栗市","120.815","24.565","1259"
"158","336285","20220712103000","120","2","苗栗縣","苗栗市","120.805","24.570","140"
"72","336288","20220712103000","53","2","苗栗縣","苗栗市","120.810","24.575","56"
"682","336292","20220712103000","546","2","苗栗縣","苗栗市","120.810","24.585","627"
"430","336295","20220712103000","378","1","苗栗縣","苗栗市","120.810","24.590","474"
"44","336298","20220712103000","402","0","苗栗縣","苗栗市","120.810","24.595","45"
"26","336306","20220712103000","16","3","苗栗縣","苗栗市","120.790","24.570","25"
"12","336318","20220712103000","17","0","苗栗縣","苗栗市","120.795","24.580","19"
"10","336321","20220712103000","12","0","苗栗縣","苗栗市","120.785","24.585","11"
"23","336323","20220712103000","41","0","苗栗縣","苗栗市","120.795","24.585","29"
"440","336331","20220712103000","891","0","苗栗縣","苗栗市","120.825","24.570","435"
"24","336351","20220712103000","162","0","苗栗縣","後龍鎮","120.800","24.645","28"
"128","336352","20220712103000","391","0","苗栗縣","後龍鎮","120.805","24.645","114"
"285","336359","20220712103000","78","3","苗栗縣","後龍鎮","120.805","24.650","168"
"2227","336369","20220712103000","1575","2","苗栗縣","後龍鎮","120.790","24.610","2033"
"73","336376","20220712103000","295","0","苗栗縣","後龍鎮","120.810","24.610","89"
"305","336382","20220712103000","305","1","苗栗縣","後龍鎮","120.800","24.625","308"
"182","336386","20220712103000","123","2","苗栗縣","後龍鎮","120.800","24.630","169"
"243","336390","20220712103000","165","2","苗栗縣","後龍鎮","120.800","24.635","290"
"157","336395","20220712103000","170","0","苗栗縣","後龍鎮","120.825","24.605","164"
"169","336400","20220712103000","214","0","苗栗縣","後龍鎮","120.825","24.610","136"
"79","336426","20220712103000","300","0","苗栗縣","造橋鄉","120.890","24.620","100"
"163","336440","20220712103000","115","2","苗栗縣","造橋鄉","120.925","24.600","161"
"81","336466","20220712103000","40","3","苗栗縣","造橋鄉","120.910","24.620","80"
"102","336470","20220712103000","265","0","苗栗縣","造橋鄉","120.865","24.605","86"
"157","336492","20220712103000","115","2","苗栗縣","造橋鄉","120.855","24.620","157"
"150","336494","20220712103000","59","3","苗栗縣","造橋鄉","120.865","24.620","181"
"35","336501","20220712103000","272","0","苗栗縣","造橋鄉","120.865","24.630","36"
"55","336504","20220712103000","32","3","苗栗縣","造橋鄉","120.860","24.645","60"
"210","336507","20220712103000","165","2","苗栗縣","造橋鄉","120.870","24.650","265"
"492","336511","20220712103000","234","3","苗栗縣","造橋鄉","120.860","24.655","543"
"167","336512","20220712103000","108","3","苗栗縣","造橋鄉","120.865","24.655","150"
"155","336520","20220712103000","96","3","苗栗縣","造橋鄉","120.850","24.645","166"
"170","336523","20220712103000","209","0","苗栗縣","造橋鄉","120.845","24.650","185"
"241","336526","20220712103000","400","0","苗栗縣","造橋鄉","120.840","24.650","208"
"78","336531","20220712103000","86","0","苗栗縣","造橋鄉","120.855","24.655","64"
"166","336542","20220712103000","177","0","苗栗縣","造橋鄉","120.840","24.610","159"
"23","336543","20220712103000","20","1","苗栗縣","造橋鄉","120.845","24.610","29"
"59","336546","20220712103000","33","3","苗栗縣","造橋鄉","120.840","24.615","74"
"17","336549","20220712103000","27","0","苗栗縣","造橋鄉","120.830","24.620","23"
"191","336556","20220712103000","219","0","苗栗縣","造橋鄉","120.840","24.625","169"
"179","336559","20220712103000","157","1","苗栗縣","造橋鄉","120.855","24.625","177"
"10","336561","20220712103000","42","0","苗栗縣","造橋鄉","120.855","24.630","10"
"219","336569","20220712103000","81","3","苗栗縣","造橋鄉","120.860","24.640","168"
"239","336572","20220712103000","203","1","苗栗縣","造橋鄉","120.875","24.640","297"
"179","336573","20220712103000","111","3","苗栗縣","造橋鄉","120.865","24.645","206"
"178","336574","20220712103000","163","1","苗栗縣","造橋鄉","120.870","24.645","156"
"110","336587","20220712103000","49","3","苗栗縣","造橋鄉","120.820","24.630","99"
"14","336597","20220712103000","120","0","苗栗縣","造橋鄉","120.825","24.640","26"
"26","336604","20220712103000","15","3","苗栗縣","造橋鄉","120.840","24.645","19"
"267","336605","20220712103000","110","3","苗栗縣","造橋鄉","120.830","24.650","341"
"98","336610","20220712103000","107","0","苗栗縣","造橋鄉","120.840","24.655","125"
"11","336614","20220712103000","66","0","苗栗縣","獅潭鄉","120.940","24.560","17"
"585","336662","20220712103000","322","3","苗栗縣","獅潭鄉","120.940","24.590","597"
"1006","336672","20220712103000","610","3","苗栗縣","頭份鎮","120.890","24.625","1012"
"189","336679","20220712103000","148","2","苗栗縣","頭份鎮","120.885","24.635","219"
"160","336689","20220712103000","82","3","苗栗縣","頭份鎮","120.885","24.645","170"
"28","336694","20220712103000","29","0","苗栗縣","頭份鎮","120.905","24.650","20"
"260","336696","20220712103000","170","3","苗栗縣","後龍鎮","120.815","24.635","343"
"380","336716","20220712103000","344","1","苗栗縣","後龍鎮","120.765","24.590","309"
"149","336717","20220712103000","79","3","苗栗縣","後龍鎮","120.750","24.595","134"
"146","336734","20220712103000","116","2","苗栗縣","後龍鎮","120.760","24.635","159"
"46","336737","20220712103000","66","0","苗栗縣","後龍鎮","120.775","24.635","23"
"119","336741","20220712103000","109","1","苗栗縣","後龍鎮","120.770","24.640","150"
"467","336749","20220712103000","451","1","苗栗縣","後龍鎮","120.825","24.600","502"
"387","336751","20220712103000","299","2","苗栗縣","後龍鎮","120.815","24.605","436"
"117","336767","20220712103000","152","0","苗栗縣","後龍鎮","120.790","24.590","147"
"67","336777","20220712103000","535","0","苗栗縣","後龍鎮","120.780","24.600","89"
"12","336802","20220712103000","172","0","苗栗縣","後龍鎮","120.755","24.610","10"
"325","336816","20220712103000","565","0","苗栗縣","西湖鄉","120.755","24.560","284"
"392","336818","20220712103000","283","2","苗栗縣","西湖鄉","120.755","24.565","401"
"260","336840","20220712103000","302","0","苗栗縣","苗栗市","120.825","24.560","255"
"64","336841","20220712103000","764","0","苗栗縣","後龍鎮","120.790","24.615","88"
"325","336849","20220712103000","329","0","苗栗縣","後龍鎮","120.735","24.570","395"
"90","336860","20220712103000","105","0","苗栗縣","後龍鎮","120.715","24.585","108"
"71","336867","20220712103000","67","1","苗栗縣","後龍鎮","120.725","24.590","70"
"46","336873","20220712103000","48","0","苗栗縣","後龍鎮","120.725","24.600","63"
"945","345384","20220712103000","681","2","宜蘭縣","員山鄉","121.730","24.730","935"
"549","345386","20220712103000","366","3","宜蘭縣","冬山鄉","121.750","24.655","528"
"961","345394","20220712103000","878","1","宜蘭縣","員山鄉","121.725","24.740","1014"
"755","345398","20220712103000","520","2","宜蘭縣","員山鄉","121.725","24.745","735"
"281","345405","20220712103000","181","3","宜蘭縣","員山鄉","121.705","24.730","264"
"228","345413","20220712103000","102","3","宜蘭縣","員山鄉","121.715","24.735","221"
"366","345414","20220712103000","269","2","宜蘭縣","員山鄉","121.720","24.735","261"
"42","345418","20220712103000","561","0","宜蘭縣","宜蘭市","121.760","24.755","43"
"1830","345419","20220712103000","2187","0","宜蘭縣","宜蘭市","121.755","24.755","1713"
"228","345420","20220712103000","214","1","宜蘭縣","員山鄉","121.730","24.710","206"
"496","345431","20220712103000","399","2","宜蘭縣","宜蘭市","121.740","24.725","524"
"110","345442","20220712103000","95","1","宜蘭縣","員山鄉","121.630","24.690","99"
"31","345460","20220712103000","37","0","宜蘭縣","員山鄉","121.645","24.700","25"
"111","345472","20220712103000","105","1","宜蘭縣","員山鄉","121.645","24.705","128"
"76","345493","20220712103000","79","0","宜蘭縣","員山鄉","121.665","24.710","81"
"54","345545","20220712103000","98","0","宜蘭縣","員山鄉","121.680","24.715","58"
"606","345546","20220712103000","460","2","宜蘭縣","員山鄉","121.685","24.715","561"
"585","345550","20220712103000","440","2","宜蘭縣","員山鄉","121.685","24.720","517"
"1163","345564","20220712103000","780","2","宜蘭縣","冬山鄉","121.705","24.655","1040"
"374","345567","20220712103000","283","2","宜蘭縣","冬山鄉","121.745","24.670","398"
"40","345571","20220712103000","219","0","宜蘭縣","羅東鎮","121.750","24.685","38"
"30","345574","20220712103000","28","1","宜蘭縣","冬山鄉","121.730","24.660","38"
"421","345575","20220712103000","315","2","宜蘭縣","冬山鄉","121.735","24.660","426"
"490","345579","20220712103000","469","1","宜蘭縣","冬山鄉","121.745","24.665","543"
"432","345580","20220712103000","387","1","宜蘭縣","冬山鄉","121.750","24.670","480"
"415","345593","20220712103000","243","3","宜蘭縣","冬山鄉","121.735","24.680","402"
"286","345596","20220712103000","228","2","宜蘭縣","冬山鄉","121.730","24.685","255"
"429","345600","20220712103000","188","3","宜蘭縣","冬山鄉","121.740","24.690","444"
"206","345608","20220712103000","142","2","宜蘭縣","壯圍鄉","121.780","24.725","222"
"564","345621","20220712103000","325","3","宜蘭縣","宜蘭市","121.755","24.765","606"
"193","345623","20220712103000","523","0","宜蘭縣","三星鄉","121.685","24.700","200"
"250","345646","20220712103000","164","3","宜蘭縣","五結鄉","121.775","24.700","258"
"79","345649","20220712103000","200","0","宜蘭縣","五結鄉","121.790","24.700","80"
"279","345652","20220712103000","218","2","宜蘭縣","五結鄉","121.785","24.705","274"
"332","345678","20220712103000","286","1","宜蘭縣","三星鄉","121.675","24.685","274"
"579","345685","20220712103000","368","3","宜蘭縣","三星鄉","121.670","24.690","619"
"57","345695","20220712103000","180","0","宜蘭縣","三星鄉","121.685","24.695","49"
"348","345711","20220712103000","195","3","宜蘭縣","三星鄉","121.630","24.665","301"
"1104","345715","20220712103000","1128","0","宜蘭縣","宜蘭市","121.755","24.760","1125"
"402","345716","20220712103000","339","1","宜蘭縣","三星鄉","121.655","24.670","418"
"1618","345720","20220712103000","1466","1","宜蘭縣","三星鄉","121.650","24.665","1619"
"692","345726","20220712103000","710","0","宜蘭縣","壯圍鄉","121.815","24.760","671"
"319","345731","20220712103000","250","2","宜蘭縣","大同鄉","121.600","24.675","262"
"231","345738","20220712103000","219","1","宜蘭縣","大同鄉","121.610","24.680","251"
"137","345857","20220712103000","126","1","宜蘭縣","大同鄉","121.580","24.655","144"
"193","345897","20220712103000","98","3","宜蘭縣","大同鄉","121.590","24.665","215"
"67","345918","20220712103000","57","1","宜蘭縣","大同鄉","121.590","24.670","89"
"347","345998","20220712103000","280","2","宜蘭縣","宜蘭市","121.745","24.760","303"
"378","346004","20220712103000","342","1","宜蘭縣","壯圍鄉","121.820","24.725","403"
"506","346010","20220712103000","446","1","宜蘭縣","員山鄉","121.685","24.730","476"
"401","346029","20220712103000","212","3","宜蘭縣","員山鄉","121.705","24.710","384"
"154","346033","20220712103000","141","1","宜蘭縣","員山鄉","121.725","24.710","152"
"986","346041","20220712103000","806","2","宜蘭縣","員山鄉","121.720","24.725","987"
"241","346048","20220712103000","187","2","宜蘭縣","員山鄉","121.700","24.745","233"
"305","346057","20220712103000","237","2","宜蘭縣","員山鄉","121.700","24.755","120"
"36","346150","20220712103000","24","3","宜蘭縣","員山鄉","121.670","24.745","48"
"278","346153","20220712103000","203","2","宜蘭縣","員山鄉","121.685","24.745","247"
"29","346158","20220712103000","18","3","宜蘭縣","員山鄉","121.610","24.750","23"
"26","346164","20220712103000","20","2","宜蘭縣","員山鄉","121.640","24.750","14"
"35","346174","20220712103000","20","3","宜蘭縣","員山鄉","121.590","24.755","26"
"72","346184","20220712103000","67","1","宜蘭縣","員山鄉","121.640","24.755","79"
"165","346231","20220712103000","124","2","宜蘭縣","冬山鄉","121.790","24.655","155"
"365","346234","20220712103000","358","1","宜蘭縣","冬山鄉","121.805","24.655","459"
"947","346247","20220712103000","936","1","宜蘭縣","羅東鎮","121.775","24.685","946"
"221","346248","20220712103000","160","2","宜蘭縣","五結鄉","121.775","24.690","229"
"943","346251","20220712103000","663","2","宜蘭縣","五結鄉","121.770","24.695","1017"
"395","346252","20220712103000","332","1","宜蘭縣","五結鄉","121.775","24.695","402"
"4545","346254","20220712103000","4145","1","宜蘭縣","羅東鎮","121.770","24.680","4538"
"31","346256","20220712103000","14","3","宜蘭縣","員山鄉","121.720","24.760","25"
"2867","346259","20220712103000","1884","3","宜蘭縣","五結鄉","121.770","24.705","2846"
"1060","346261","20220712103000","616","3","宜蘭縣","五結鄉","121.785","24.685","1081"
"1952","346263","20220712103000","1953","0","宜蘭縣","五結鄉","121.795","24.685","1992"
"925","346264","20220712103000","644","2","宜蘭縣","五結鄉","121.800","24.685","924"
"1468","346266","20220712103000","1322","1","宜蘭縣","五結鄉","121.795","24.690","1544"
"612","346267","20220712103000","584","1","宜蘭縣","五結鄉","121.795","24.695","620"
"940","346274","20220712103000","1001","0","宜蘭縣","五結鄉","121.820","24.665","1098"
"609","346280","20220712103000","324","3","宜蘭縣","五結鄉","121.810","24.675","589"
"362","346281","20220712103000","86","3","宜蘭縣","五結鄉","121.815","24.675","360"
"519","346284","20220712103000","274","3","宜蘭縣","五結鄉","121.815","24.680","451"
"190","346286","20220712103000","170","1","宜蘭縣","五結鄉","121.800","24.680","200"
"55","346292","20220712103000","331","0","宜蘭縣","壯圍鄉","121.795","24.760","43"
"28","346296","20220712103000","21","2","宜蘭縣","三星鄉","121.665","24.675","39"
"241","346360","20220712103000","244","0","宜蘭縣","壯圍鄉","121.815","24.745","208"
"33","346378","20220712103000","28","1","宜蘭縣","壯圍鄉","121.805","24.765","28"
"2564","346379","20220712103000","2180","1","宜蘭縣","宜蘭市","121.750","24.750","2592"
"401","346389","20220712103000","332","2","宜蘭縣","五結鄉","121.810","24.700","380"
"223","346394","20220712103000","162","2","宜蘭縣","五結鄉","121.830","24.675","258"
"675","346399","20220712103000","648","1","宜蘭縣","五結鄉","121.825","24.680","596"
"35","346400","20220712103000","45","0","宜蘭縣","五結鄉","121.830","24.680","44"
"25","346401","20220712103000","15","3","宜蘭縣","五結鄉","121.835","24.680","22"
"52","346403","20220712103000","93","0","宜蘭縣","五結鄉","121.825","24.685","39"
"87","346410","20220712103000","62","2","宜蘭縣","五結鄉","121.835","24.655","85"
"657","346413","20220712103000","660","0","宜蘭縣","五結鄉","121.835","24.660","743"
"323","346416","20220712103000","365","0","宜蘭縣","五結鄉","121.835","24.665","381"
"646","346420","20220712103000","775","0","宜蘭縣","五結鄉","121.795","24.680","752"
"658","346421","20220712103000","460","2","宜蘭縣","五結鄉","121.800","24.675","646"
"931","346423","20220712103000","431","3","宜蘭縣","五結鄉","121.785","24.680","943"
"555","346429","20220712103000","321","3","宜蘭縣","冬山鄉","121.775","24.660","558"
"163","346430","20220712103000","209","0","宜蘭縣","冬山鄉","121.770","24.665","178"
"252","346431","20220712103000","471","0","宜蘭縣","宜蘭市","121.745","24.755","234"
"541","346436","20220712103000","479","1","宜蘭縣","宜蘭市","121.750","24.740","554"
"1437","346437","20220712103000","1355","1","宜蘭縣","宜蘭市","121.750","24.760","1441"
"32","346440","20220712103000","54","0","宜蘭縣","冬山鄉","121.765","24.665","35"
"242","346442","20220712103000","210","1","宜蘭縣","冬山鄉","121.780","24.660","267"
"390","346443","20220712103000","251","3","宜蘭縣","冬山鄉","121.785","24.660","393"
"118","346456","20220712103000","162","0","宜蘭縣","宜蘭市","121.770","24.720","139"
"941","346457","20220712103000","796","1","宜蘭縣","宜蘭市","121.760","24.720","973"
"205","346458","20220712103000","266","0","宜蘭縣","宜蘭市","121.765","24.720","180"
"241","346461","20220712103000","204","1","宜蘭縣","五結鄉","121.820","24.695","184"
"167","346470","20220712103000","112","2","宜蘭縣","五結鄉","121.810","24.705","151"
"505","346472","20220712103000","332","3","宜蘭縣","五結鄉","121.820","24.705","501"
"305","346534","20220712103000","300","1","宜蘭縣","三星鄉","121.680","24.665","321"
"391","346538","20220712103000","231","3","宜蘭縣","三星鄉","121.680","24.670","388"
"317","346540","20220712103000","357","0","宜蘭縣","宜蘭市","121.740","24.760","315"
"361","346545","20220712103000","647","0","宜蘭縣","員山鄉","121.710","24.750","309"
"326","346553","20220712103000","180","3","宜蘭縣","員山鄉","121.715","24.760","328"
"514","346555","20220712103000","362","2","宜蘭縣","羅東鎮","121.765","24.690","537"
"658","346556","20220712103000","800","0","宜蘭縣","五結鄉","121.770","24.690","678"
"257","346558","20220712103000","164","3","宜蘭縣","壯圍鄉","121.800","24.730","265"
"1800","346566","20220712103000","1209","2","宜蘭縣","壯圍鄉","121.785","24.745","1655"
"308","346572","20220712103000","315","0","宜蘭縣","三星鄉","121.690","24.680","368"
"30","346590","20220712103000","25","2","宜蘭縣","三星鄉","121.695","24.660","48"
"189","346599","20220712103000","582","0","宜蘭縣","三星鄉","121.700","24.665","167"
"458","346607","20220712103000","348","2","宜蘭縣","三星鄉","121.710","24.670","530"
"543","346608","20220712103000","424","2","宜蘭縣","三星鄉","121.715","24.670","542"
"271","346611","20220712103000","204","2","宜蘭縣","冬山鄉","121.730","24.670","282"
"23","346623","20220712103000","18","2","宜蘭縣","三星鄉","121.615","24.660","12"
"498","346626","20220712103000","531","0","宜蘭縣","員山鄉","121.725","24.765","468"
"2631","346628","20220712103000","4679","0","宜蘭縣","羅東鎮","121.770","24.675","2851"
"2711","346629","20220712103000","2554","1","宜蘭縣","羅東鎮","121.760","24.680","2900"
"2611","346630","20220712103000","2333","1","宜蘭縣","羅東鎮","121.760","24.675","2521"
"454","346634","20220712103000","310","2","宜蘭縣","宜蘭市","121.775","24.735","414"
"714","346635","20220712103000","658","1","宜蘭縣","宜蘭市","121.765","24.740","721"
"1088","346642","20220712103000","1214","0","宜蘭縣","宜蘭市","121.770","24.750","1136"
"81","346652","20220712103000","90","0","宜蘭縣","壯圍鄉","121.805","24.720","89"
"3306","346668","20220712103000","2116","3","宜蘭縣","宜蘭市","121.750","24.755","3377"
"600","346672","20220712103000","644","0","宜蘭縣","冬山鄉","121.770","24.655","607"
"789","346673","20220712103000","614","2","宜蘭縣","冬山鄉","121.755","24.660","801"
"328","346674","20220712103000","263","2","宜蘭縣","冬山鄉","121.760","24.660","327"
"510","346675","20220712103000","333","3","宜蘭縣","冬山鄉","121.765","24.660","492"
"1899","346678","20220712103000","1248","3","宜蘭縣","羅東鎮","121.780","24.675","1930"
"513","346684","20220712103000","495","1","宜蘭縣","宜蘭市","121.770","24.725","474"
"494","346685","20220712103000","489","1","宜蘭縣","宜蘭市","121.765","24.725","519"
"2931","346692","20220712103000","2884","1","宜蘭縣","宜蘭市","121.755","24.745","2856"
"562","346698","20220712103000","233","3","宜蘭縣","三星鄉","121.725","24.690","513"
"618","346702","20220712103000","463","2","宜蘭縣","三星鄉","121.730","24.695","569"
"427","346710","20220712103000","378","1","宜蘭縣","羅東鎮","121.755","24.670","443"
"907","346712","20220712103000","862","1","宜蘭縣","羅東鎮","121.765","24.670","781"
"658","346713","20220712103000","517","2","宜蘭縣","五結鄉","121.800","24.690","631"
"896","346714","20220712103000","789","1","宜蘭縣","五結鄉","121.800","24.695","896"
"516","346718","20220712103000","401","2","宜蘭縣","五結鄉","121.790","24.705","519"
"191","346731","20220712103000","189","1","宜蘭縣","三星鄉","121.745","24.700","188"
"1719","346739","20220712103000","1901","0","新竹縣","竹東鎮","121.100","24.720","2051"
"186","346747","20220712103000","269","0","新竹縣","竹東鎮","121.035","24.760","171"
"1684","346754","20220712103000","1298","2","新竹縣","竹東鎮","121.090","24.745","2040"
"10","346765","20220712103000","12","0","新竹縣","竹東鎮","121.105","24.665","10"
"445","346790","20220712103000","696","0","新竹市","香山區","120.955","24.750","547"
"40","346791","20220712103000","104","0","新竹市","香山區","120.940","24.755","46"
"136","346792","20220712103000","132","1","新竹市","香山區","120.945","24.755","139"
"439","346793","20220712103000","1459","0","新竹市","香山區","120.950","24.755","494"
"139","346794","20220712103000","96","2","新竹市","香山區","120.920","24.720","108"
"514","346797","20220712103000","526","0","新竹市","香山區","120.915","24.730","568"
"140","346804","20220712103000","154","0","新竹市","香山區","120.915","24.735","166"
"335","346806","20220712103000","551","0","新竹市","香山區","120.915","24.740","368"
"778","346812","20220712103000","583","2","新竹市","香山區","120.910","24.745","908"
"110","346817","20220712103000","188","0","新竹市","香山區","120.880","24.735","100"
"316","346825","20220712103000","430","0","新竹市","香山區","120.895","24.740","317"
"16","346835","20220712103000","58","0","新竹市","香山區","120.925","24.715","106"
"32","346841","20220712103000","71","0","新竹市","香山區","120.930","24.725","133"
"172","346860","20220712103000","188","0","新竹縣","關西鎮","121.210","24.760","197"
"24","346863","20220712103000","21","1","新竹縣","關西鎮","121.225","24.760","24"
"120","346867","20220712103000","79","3","新竹縣","關西鎮","121.215","24.765","99"
"74","346868","20220712103000","62","1","新竹縣","關西鎮","121.220","24.765","98"
"81","346896","20220712103000","66","2","新竹縣","關西鎮","121.240","24.765","85"
"172","346907","20220712103000","180","0","新竹縣","關西鎮","121.230","24.770","191"
"22","346917","20220712103000","49","0","桃園市","復興區","121.280","24.770","10"
"6509","346918","20220712103000","5451","1","新竹市","東區","121.020","24.760","6449"
"543","346919","20220712103000","461","1","新竹市","東區","121.025","24.760","574"
"2729","346920","20220712103000","3543","0","新竹市","東區","121.020","24.765","2819"
"3965","346921","20220712103000","4574","0","新竹市","東區","121.025","24.765","4274"
"33273","346922","20220712103000","24689","2","新竹市","東區","121.015","24.770","33132"
"6386","346923","20220712103000","8638","0","新竹市","東區","121.020","24.770","6384"
"3803","346924","20220712103000","3654","1","新竹市","東區","121.025","24.770","3938"
"435","346931","20220712103000","1167","0","新竹縣","竹東鎮","121.090","24.735","446"
"195","346936","20220712103000","458","0","新竹縣","橫山鄉","121.100","24.710","213"
"477","346937","20220712103000","358","2","新竹縣","竹東鎮","121.100","24.715","508"
"406","346949","20220712103000","477","0","新竹縣","橫山鄉","121.180","24.705","427"
"202","346961","20220712103000","201","1","新竹縣","橫山鄉","121.165","24.710","193"
"239","346964","20220712103000","222","1","新竹縣","橫山鄉","121.150","24.715","279"
"21","346967","20220712103000","30","0","新竹縣","橫山鄉","121.165","24.715","12"
"13","347449","20220712103000","22","0","新北市","烏來區","121.580","24.760","16"
"464","347497","20220712103000","530","0","新竹市","東區","120.975","24.765","550"
"326","347498","20220712103000","211","3","新竹市","東區","120.980","24.765","433"
"261","347499","20220712103000","201","2","新竹市","東區","120.970","24.770","295"
"1137","347500","20220712103000","945","2","新竹市","東區","120.975","24.770","1261"
"304","347505","20220712103000","321","0","新竹市","東區","120.965","24.765","372"
"502","347506","20220712103000","663","0","新竹市","東區","120.970","24.765","623"
"56","347507","20220712103000","35","3","新竹市","東區","120.965","24.770","61"
"713","347508","20220712103000","871","0","新竹縣","竹東鎮","121.085","24.735","902"
"170","347515","20220712103000","273","0","新竹縣","竹東鎮","121.075","24.725","204"
"232","347520","20220712103000","402","0","新竹縣","竹東鎮","121.090","24.730","288"
"808","347521","20220712103000","768","1","新竹縣","竹東鎮","121.085","24.740","995"
"1378","347522","20220712103000","579","3","新竹縣","竹東鎮","121.100","24.745","1080"
"376","347533","20220712103000","451","0","新竹縣","芎林鄉","121.125","24.725","419"
"294","347538","20220712103000","366","0","新竹縣","芎林鄉","121.120","24.735","371"
"492","347547","20220712103000","598","0","新竹縣","芎林鄉","121.135","24.745","542"
"37","347555","20220712103000","26","2","新竹縣","芎林鄉","121.140","24.750","38"
"129","347573","20220712103000","109","1","新竹縣","關西鎮","121.185","24.755","133"
"21","347587","20220712103000","25","0","新竹縣","關西鎮","121.205","24.765","15"
"147","347621","20220712103000","91","3","新竹縣","關西鎮","121.195","24.750","159"
"108","347640","20220712103000","203","0","新竹縣","關西鎮","121.180","24.745","103"
"51","347650","20220712103000","27","3","新竹縣","關西鎮","121.170","24.755","65"
"179","347665","20220712103000","53","3","新竹縣","關西鎮","121.170","24.765","103"
"132","347670","20220712103000","139","0","新竹縣","關西鎮","121.170","24.770","137"
"3138","347702","20220712103000","3127","1","新竹縣","竹東鎮","121.090","24.740","3604"
"166","347705","20220712103000","204","0","新竹縣","竹東鎮","121.100","24.695","185"
"1422","347714","20220712103000","2975","0","新竹縣","竹東鎮","121.050","24.770","1569"
"92","347720","20220712103000","92","1","新竹縣","寶山鄉","121.030","24.735","125"
"14","347723","20220712103000","100","0","新竹縣","寶山鄉","121.020","24.740","60"
"283","347740","20220712103000","198","2","新竹縣","寶山鄉","121.030","24.750","301"
"119","347774","20220712103000","111","1","新竹縣","寶山鄉","121.050","24.730","113"
"88","347788","20220712103000","76","1","新竹縣","寶山鄉","121.040","24.745","108"
"83","347794","20220712103000","90","0","新竹縣","寶山鄉","121.045","24.745","67"
"34","347799","20220712103000","14","3","新竹縣","寶山鄉","121.050","24.750","26"
"96","347805","20220712103000","247","0","新竹縣","寶山鄉","120.960","24.725","104"
"194","347806","20220712103000","79","3","新竹縣","寶山鄉","120.965","24.725","158"
"36","347808","20220712103000","32","1","新竹縣","寶山鄉","120.975","24.725","41"
"200","347809","20220712103000","176","1","新竹縣","寶山鄉","120.980","24.725","185"
"305","347812","20220712103000","183","3","新竹縣","寶山鄉","120.965","24.730","376"
"33","347817","20220712103000","15","3","新竹縣","寶山鄉","120.965","24.735","35"
"11","347818","20220712103000","128","0","新竹縣","寶山鄉","120.970","24.735","40"
"69","347821","20220712103000","40","3","新竹縣","寶山鄉","120.985","24.735","66"
"162","347823","20220712103000","164","0","新竹縣","寶山鄉","120.970","24.740","217"
"80","347832","20220712103000","63","2","新竹縣","寶山鄉","120.980","24.745","109"
"93","347835","20220712103000","86","1","新竹縣","寶山鄉","120.980","24.755","142"
"85","347842","20220712103000","92","0","新竹縣","寶山鄉","121.000","24.715","65"
"89","347845","20220712103000","76","1","新竹縣","寶山鄉","121.015","24.715","95"
"421","347878","20220712103000","416","1","新竹縣","寶山鄉","120.940","24.725","524"
"44","347882","20220712103000","28","3","新竹縣","寶山鄉","120.945","24.740","53"
"104","347889","20220712103000","96","1","新竹縣","寶山鄉","120.960","24.745","114"
"26","347900","20220712103000","37","0","新竹縣","北埔鄉","121.055","24.670","17"
"989","347925","20220712103000","1025","0","新竹縣","北埔鄉","121.055","24.695","1088"
"90","347926","20220712103000","148","0","新竹縣","北埔鄉","121.045","24.700","120"
"208","347927","20220712103000","127","3","新竹縣","北埔鄉","121.050","24.700","221"
"50","347930","20220712103000","15","3","新竹縣","北埔鄉","121.045","24.705","34"
"16","347931","20220712103000","19","0","新竹縣","北埔鄉","121.050","24.705","19"
"82","347934","20220712103000","84","0","新竹縣","北埔鄉","121.045","24.715","106"
"19","347940","20220712103000","11","3","新竹縣","北埔鄉","121.070","24.665","16"
"284","347949","20220712103000","251","1","新竹縣","北埔鄉","121.065","24.675","314"
"342","347958","20220712103000","322","1","新竹縣","橫山鄉","121.130","24.725","392"
"101","347972","20220712103000","296","0","新竹縣","橫山鄉","121.140","24.715","124"
"288","347976","20220712103000","374","0","新竹縣","橫山鄉","121.140","24.720","334"
"115","347986","20220712103000","38","3","新竹縣","橫山鄉","121.130","24.700","103"
"66","347995","20220712103000","359","0","新竹縣","橫山鄉","121.115","24.710","109"
"233","348000","20220712103000","352","0","新竹縣","橫山鄉","121.110","24.715","292"
"105","348001","20220712103000","105","1","新竹縣","橫山鄉","121.115","24.715","128"
"21","348003","20220712103000","50","0","新竹縣","橫山鄉","121.125","24.715","21"
"68","348006","20220712103000","132","0","新竹縣","橫山鄉","121.115","24.720","49"
"242","348007","20220712103000","402","0","新竹縣","橫山鄉","121.120","24.720","309"
"46","348008","20220712103000","27","3","新竹縣","橫山鄉","121.125","24.720","53"
"319","348022","20220712103000","240","2","新竹縣","橫山鄉","121.160","24.740","330"
"73","348032","20220712103000","63","1","新竹縣","橫山鄉","121.165","24.745","94"
"70","348040","20220712103000","68","1","新竹縣","橫山鄉","121.105","24.680","71"
"68","348074","20220712103000","35","3","新竹縣","橫山鄉","121.165","24.730","66"
"13","348079","20220712103000","14","0","新竹縣","橫山鄉","121.190","24.730","13"
"24","348083","20220712103000","20","2","新竹縣","橫山鄉","121.180","24.735","20"
"24","348089","20220712103000","10","3","新竹縣","關西鎮","121.185","24.740","20"
"271","348136","20220712103000","127","3","新竹縣","橫山鄉","121.140","24.700","311"
"1152","348137","20220712103000","1126","1","新竹縣","竹東鎮","121.095","24.735","1250"
"1479","348138","20220712103000","1557","0","新竹縣","竹東鎮","121.100","24.735","1617"
"35","348144","20220712103000","25","2","新竹縣","芎林鄉","121.110","24.770","68"
"546","348163","20220712103000","681","0","新竹縣","芎林鄉","121.085","24.765","598"
"59","348164","20220712103000","24","3","新竹縣","芎林鄉","121.085","24.770","53"
"270","348165","20220712103000","298","0","新竹縣","芎林鄉","121.095","24.760","264"
"117","348190","20220712103000","76","3","新竹縣","芎林鄉","121.125","24.755","130"
"164","348207","20220712103000","264","0","新竹縣","寶山鄉","120.985","24.750","142"
"268","348212","20220712103000","286","0","新竹縣","寶山鄉","120.995","24.755","254"
"784","348213","20220712103000","880","0","新竹縣","寶山鄉","120.985","24.760","912"
"559","348217","20220712103000","622","0","新竹縣","寶山鄉","120.990","24.765","625"
"307","348225","20220712103000","301","1","新竹縣","尖石鄉","121.200","24.705","326"
"70","348272","20220712103000","53","2","新竹縣","尖石鄉","121.225","24.730","62"
"44","348276","20220712103000","38","1","新竹縣","尖石鄉","121.245","24.730","52"
"110","348320","20220712103000","43","3","新竹縣","尖石鄉","121.260","24.705","89"
"95","348345","20220712103000","91","1","新竹縣","尖石鄉","121.270","24.715","104"
"114","348353","20220712103000","97","1","新竹縣","尖石鄉","121.250","24.720","171"
"141","348419","20220712103000","96","2","新竹縣","尖石鄉","121.265","24.745","127"
"44","348461","20220712103000","23","3","新竹縣","尖石鄉","121.185","24.665","42"
"33","348468","20220712103000","30","1","新竹縣","尖石鄉","121.195","24.670","34"
"27","348469","20220712103000","16","3","新竹縣","尖石鄉","121.200","24.670","23"
"33","348470","20220712103000","55","0","新竹縣","尖石鄉","121.205","24.670","61"
"122","348506","20220712103000","49","3","新竹縣","尖石鄉","121.350","24.660","115"
"167","348549","20220712103000","63","3","新竹縣","尖石鄉","121.310","24.685","39"
"388","348577","20220712103000","158","3","新竹縣","尖石鄉","121.280","24.665","357"
"144","348584","20220712103000","147","0","新竹縣","五峰鄉","121.150","24.670","153"
"113","348588","20220712103000","44","3","新竹縣","尖石鄉","121.170","24.670","101"
"71","348599","20220712103000","44","3","新竹縣","尖石鄉","121.170","24.680","71"
"76","348600","20220712103000","112","0","新竹縣","尖石鄉","121.175","24.680","74"
"21","348608","20220712103000","15","2","新竹縣","尖石鄉","121.185","24.685","16"
"19","348686","20220712103000","13","2","新竹縣","尖石鄉","121.270","24.670","14"
"70","348708","20220712103000","59","1","新竹縣","尖石鄉","121.235","24.680","58"
"167","348711","20220712103000","77","3","新竹縣","尖石鄉","121.250","24.680","130"
"66","348720","20220712103000","126","0","新竹縣","尖石鄉","121.220","24.685","81"
"62","348736","20220712103000","70","0","新竹縣","尖石鄉","121.220","24.690","86"
"14","348744","20220712103000","15","0","新竹縣","尖石鄉","121.260","24.690","15"
"377","348785","20220712103000","221","3","新竹縣","尖石鄉","121.220","24.705","344"
"52","348819","20220712103000","17","3","新竹縣","峨眉鄉","121.035","24.695","65"
"59","348820","20220712103000","176","0","新竹縣","北埔鄉","121.040","24.695","54"
"86","348822","20220712103000","69","2","新竹縣","峨眉鄉","121.035","24.700","69"
"59","348831","20220712103000","58","1","新竹縣","峨眉鄉","120.985","24.685","55"
"17","348834","20220712103000","23","0","新竹縣","峨眉鄉","120.970","24.690","23"
"71","348838","20220712103000","90","0","新竹縣","峨眉鄉","120.990","24.690","101"
"62","348845","20220712103000","82","0","新竹縣","峨眉鄉","120.985","24.700","90"
"67","348851","20220712103000","32","3","新竹縣","峨眉鄉","120.990","24.705","55"
"319","348861","20220712103000","373","0","新竹縣","峨眉鄉","121.025","24.685","338"
"285","348863","20220712103000","233","2","新竹縣","峨眉鄉","121.020","24.690","432"
"145","348870","20220712103000","99","2","新竹縣","北埔鄉","121.055","24.685","122"
"164","348889","20220712103000","103","3","新竹縣","北埔鄉","121.090","24.690","168"
"64","348892","20220712103000","52","2","新竹縣","北埔鄉","121.070","24.695","63"
"401","348909","20220712103000","482","0","新竹縣","北埔鄉","121.060","24.700","439"
"95","348910","20220712103000","73","2","新竹縣","北埔鄉","121.065","24.700","74"
"23","348919","20220712103000","20","1","新竹縣","北埔鄉","121.060","24.710","17"
"12","348921","20220712103000","161","0","新竹縣","北埔鄉","121.070","24.710","11"
"45","348944","20220712103000","36","2","新竹縣","寶山鄉","121.000","24.720","50"
"75","348947","20220712103000","107","0","新竹縣","寶山鄉","121.000","24.725","103"
"127","348952","20220712103000","36","3","新竹縣","寶山鄉","121.005","24.730","114"
"253","348957","20220712103000","175","2","新竹縣","寶山鄉","120.990","24.740","255"
"53","348958","20220712103000","38","2","新竹縣","寶山鄉","120.995","24.740","66"
"47","348969","20220712103000","50","0","新竹縣","寶山鄉","121.005","24.745","44"
"499","348971","20220712103000","794","0","新竹縣","寶山鄉","121.005","24.750","521"
"484","348978","20220712103000","498","0","新竹縣","寶山鄉","121.020","24.755","554"
"239","348983","20220712103000","439","0","新竹縣","寶山鄉","121.000","24.765","255"
"3503","348986","20220712103000","6176","0","新竹縣","寶山鄉","121.015","24.765","3602"
"1720","348987","20220712103000","2454","0","新竹縣","寶山鄉","121.000","24.770","1757"
"728","348988","20220712103000","305","3","新竹縣","寶山鄉","121.005","24.770","663"
"898","348989","20220712103000","2841","0","新竹縣","寶山鄉","121.010","24.770","866"
"70","348993","20220712103000","54","2","新竹縣","峨眉鄉","120.990","24.665","71"
"24","349000","20220712103000","22","1","新竹縣","峨眉鄉","120.995","24.670","21"
"95","349005","20220712103000","53","3","新竹縣","峨眉鄉","120.985","24.675","93"
"93","349012","20220712103000","126","0","新竹縣","峨眉鄉","120.990","24.680","91"
"151","349031","20220712103000","106","2","新竹縣","峨眉鄉","121.000","24.700","111"
"595","349060","20220712103000","529","1","新竹縣","竹東鎮","121.060","24.750","679"
"136","349062","20220712103000","142","0","新竹縣","竹東鎮","121.070","24.750","191"
"658","349066","20220712103000","853","0","新竹縣","竹東鎮","121.070","24.755","716"
"1086","349070","20220712103000","1109","0","新竹縣","竹東鎮","121.065","24.760","1220"
"2364","349073","20220712103000","2492","0","新竹縣","竹東鎮","121.060","24.765","2830"
"505","349074","20220712103000","75","3","新竹縣","竹東鎮","121.065","24.765","476"
"114","349079","20220712103000","102","1","新竹縣","竹東鎮","121.120","24.660","105"
"106","349087","20220712103000","195","0","新竹縣","竹東鎮","121.090","24.720","130"
"1409","349088","20220712103000","1359","1","新竹縣","竹東鎮","121.095","24.720","1601"
"1844","349089","20220712103000","1483","2","新竹縣","竹東鎮","121.090","24.725","2017"
"408","349090","20220712103000","472","0","新竹縣","竹東鎮","121.095","24.725","425"
"1347","349092","20220712103000","1241","1","新竹縣","竹東鎮","121.095","24.730","1594"
"233","349094","20220712103000","421","0","新竹縣","竹東鎮","121.105","24.730","343"
"173","349096","20220712103000","221","0","新竹縣","竹東鎮","121.055","24.755","162"
"157","349099","20220712103000","228","0","新竹縣","竹東鎮","121.045","24.765","140"
"490","349103","20220712103000","348","2","新竹縣","竹東鎮","121.060","24.770","550"
"289","349105","20220712103000","271","1","新竹縣","竹東鎮","121.080","24.735","360"
"108","349109","20220712103000","42","3","新竹縣","竹東鎮","121.080","24.740","131"
"60","349110","20220712103000","45","2","新竹縣","竹東鎮","121.075","24.745","67"
"613","349113","20220712103000","791","0","新竹縣","竹東鎮","121.080","24.745","627"
"885","349114","20220712103000","962","0","新竹縣","竹東鎮","121.085","24.745","1081"
"399","349115","20220712103000","268","2","新竹縣","竹東鎮","121.080","24.750","281"
"579","349118","20220712103000","493","1","宜蘭縣","宜蘭市","121.780","24.750","579"
"904","349120","20220712103000","625","2","宜蘭縣","宜蘭市","121.765","24.755","895"
"415","349124","20220712103000","478","0","宜蘭縣","宜蘭市","121.765","24.760","411"
"344","349125","20220712103000","324","1","宜蘭縣","宜蘭市","121.770","24.760","362"
"516","349130","20220712103000","329","3","宜蘭縣","宜蘭市","121.760","24.725","541"
"560","349131","20220712103000","449","2","宜蘭縣","宜蘭市","121.755","24.730","598"
"87","349132","20220712103000","49","3","宜蘭縣","宜蘭市","121.760","24.730","79"
"655","349136","20220712103000","781","0","宜蘭縣","宜蘭市","121.755","24.740","734"
"495","349139","20220712103000","419","1","宜蘭縣","宜蘭市","121.735","24.755","401"
"894","349140","20220712103000","1229","0","宜蘭縣","宜蘭市","121.740","24.755","898"
"14","349143","20220712103000","36","0","宜蘭縣","羅東鎮","121.755","24.680","23"
"2355","349144","20220712103000","1987","1","宜蘭縣","羅東鎮","121.775","24.680","2431"
"1711","349145","20220712103000","1652","1","宜蘭縣","羅東鎮","121.775","24.675","1865"
"753","349146","20220712103000","681","1","宜蘭縣","羅東鎮","121.750","24.675","854"
"552","349147","20220712103000","848","0","宜蘭縣","羅東鎮","121.770","24.685","583"
"369","349149","20220712103000","165","3","宜蘭縣","羅東鎮","121.750","24.680","351"
"205","349158","20220712103000","92","3","新竹市","香山區","120.930","24.745","235"
"162","349160","20220712103000","155","1","新竹市","香山區","120.925","24.750","176"
"323","349162","20220712103000","273","1","新竹市","香山區","120.915","24.760","321"
"613","349166","20220712103000","854","0","新竹市","香山區","120.915","24.765","671"
"176","349176","20220712103000","307","0","新竹市","香山區","120.955","24.760","144"
"67","349177","20220712103000","61","1","新竹市","東區","120.960","24.760","62"
"678","349183","20220712103000","588","1","新竹市","香山區","120.955","24.770","717"
"275","349184","20220712103000","243","1","新竹市","香山區","120.960","24.770","306"
"33","349189","20220712103000","13","3","新竹市","香山區","120.925","24.755","21"
"58","349194","20220712103000","45","2","新竹市","香山區","120.905","24.760","43"
"265","349196","20220712103000","173","3","新竹市","香山區","120.920","24.760","242"
"39","349198","20220712103000","51","0","新竹市","香山區","120.930","24.760","66"
"115","349199","20220712103000","38","3","新竹市","香山區","120.935","24.760","117"
"76","349203","20220712103000","60","2","宜蘭縣","宜蘭市","121.765","24.745","69"
"2084","349204","20220712103000","2041","1","宜蘭縣","宜蘭市","121.760","24.750","2152"
"772","349205","20220712103000","592","2","宜蘭縣","宜蘭市","121.765","24.750","804"
"1815","349206","20220712103000","1663","1","宜蘭縣","羅東鎮","121.775","24.670","1799"
"1137","349207","20220712103000","962","1","宜蘭縣","羅東鎮","121.755","24.675","1119"
"338","349208","20220712103000","160","3","宜蘭縣","羅東鎮","121.755","24.690","331"
"67","349210","20220712103000","78","0","宜蘭縣","羅東鎮","121.755","24.695","88"
"658","349211","20220712103000","481","2","宜蘭縣","羅東鎮","121.760","24.695","641"
"924","349214","20220712103000","1442","0","宜蘭縣","羅東鎮","121.770","24.670","977"
"524","349216","20220712103000","523","1","宜蘭縣","羅東鎮","121.800","24.665","525"
"1064","349222","20220712103000","446","3","宜蘭縣","羅東鎮","121.795","24.675","1051"
"713","349224","20220712103000","674","1","宜蘭縣","羅東鎮","121.785","24.675","681"
"3549","349225","20220712103000","2027","3","宜蘭縣","羅東鎮","121.780","24.680","3383"
"1210","349227","20220712103000","1288","0","宜蘭縣","宜蘭市","121.750","24.745","1134"
"741","349228","20220712103000","645","1","宜蘭縣","員山鄉","121.735","24.745","741"
"1654","349229","20220712103000","2096","0","宜蘭縣","宜蘭市","121.740","24.745","1742"
"1694","349230","20220712103000","1672","1","宜蘭縣","宜蘭市","121.745","24.745","1620"
"479","349231","20220712103000","336","2","宜蘭縣","宜蘭市","121.730","24.750","446"
"1118","349232","20220712103000","1134","0","宜蘭縣","宜蘭市","121.735","24.750","1157"
"1288","349234","20220712103000","1180","1","宜蘭縣","羅東鎮","121.765","24.675","1258"
"709","349235","20220712103000","669","1","宜蘭縣","宜蘭市","121.760","24.760","704"
"977","349236","20220712103000","779","2","宜蘭縣","宜蘭市","121.750","24.765","922"
"365","349237","20220712103000","446","0","宜蘭縣","宜蘭市","121.745","24.750","421"
"497","349238","20220712103000","437","1","宜蘭縣","宜蘭市","121.760","24.765","528"
"553","349240","20220712103000","419","2","宜蘭縣","羅東鎮","121.755","24.685","583"
"67","349296","20220712103000","31","3","桃園市","復興區","121.350","24.760","42"
"71","349304","20220712103000","51","2","桃園市","復興區","121.360","24.770","61"
"156","349422","20220712103000","63","3","桃園市","復興區","121.390","24.660","130"
"126","349482","20220712103000","29","3","桃園市","復興區","121.385","24.680","106"
"384","349502","20220712103000","155","3","桃園市","復興區","121.395","24.685","274"
"599","349582","20220712103000","141","3","桃園市","復興區","121.410","24.705","531"
"31","349642","20220712103000","23","2","桃園市","復興區","121.365","24.695","37"
"111","349676","20220712103000","21","3","桃園市","復興區","121.350","24.705","78"
"37","349842","20220712103000","16","3","桃園市","復興區","121.350","24.740","83"
"72","349865","20220712103000","28","3","桃園市","復興區","121.365","24.740","50"
"92","349883","20220712103000","124","0","新竹市","香山區","120.940","24.760","117"
"105","349889","20220712103000","87","2","新竹市","香山區","120.935","24.770","141"
"184","349896","20220712103000","245","0","新竹市","香山區","120.905","24.750","211"
"561","349897","20220712103000","304","3","新竹市","香山區","120.910","24.750","631"
"2838","349904","20220712103000","2307","2","新竹縣","竹東鎮","121.030","24.770","2841"
"61","349937","20220712103000","49","2","桃園市","復興區","121.365","24.675","67"
"37","349983","20220712103000","133","0","苗栗縣","三灣鄉","120.965","24.665","39"
"322","349985","20220712103000","217","2","苗栗縣","三灣鄉","120.975","24.665","337"
"207","350003","20220712103000","211","0","苗栗縣","三灣鄉","120.950","24.670","185"
"129","350012","20220712103000","74","3","苗栗縣","頭份鎮","120.955","24.680","147"
"549","350014","20220712103000","265","3","苗栗縣","頭份鎮","120.965","24.680","494"
"42","350017","20220712103000","224","0","苗栗縣","頭份鎮","120.960","24.685","42"
"249","350018","20220712103000","167","2","苗栗縣","頭份鎮","120.965","24.685","270"
"90","350019","20220712103000","68","2","苗栗縣","竹南鎮","120.880","24.680","122"
"2493","350021","20220712103000","1872","2","苗栗縣","竹南鎮","120.885","24.685","2204"
"808","350024","20220712103000","536","3","苗栗縣","頭份鎮","120.930","24.690","859"
"217","350031","20220712103000","159","2","苗栗縣","頭份鎮","120.920","24.665","244"
"44","350036","20220712103000","343","0","苗栗縣","頭份鎮","120.920","24.670","43"
"285","350042","20220712103000","325","0","苗栗縣","頭份鎮","120.925","24.675","335"
"56","350052","20220712103000","170","0","苗栗縣","後龍鎮","120.820","24.660","60"
"372","350068","20220712103000","414","0","苗栗縣","頭份鎮","120.910","24.690","400"
"682","350073","20220712103000","443","3","苗栗縣","竹南鎮","120.885","24.695","907"
"532","350075","20220712103000","287","3","苗栗縣","頭份鎮","120.890","24.695","529"
"1267","350077","20220712103000","872","2","苗栗縣","頭份鎮","120.910","24.695","1382"
"646","350078","20220712103000","472","2","苗栗縣","頭份鎮","120.910","24.700","663"
"435","350080","20220712103000","329","2","苗栗縣","頭份鎮","120.940","24.680","425"
"142","350082","20220712103000","225","0","苗栗縣","頭份鎮","120.950","24.680","147"
"446","350085","20220712103000","319","2","苗栗縣","頭份鎮","120.925","24.685","415"
"390","350087","20220712103000","613","0","苗栗縣","頭份鎮","120.935","24.685","401"
"1224","350090","20220712103000","709","3","苗栗縣","頭份鎮","120.895","24.690","1305"
"1584","350091","20220712103000","2056","0","苗栗縣","頭份鎮","120.905","24.690","1930"
"791","350092","20220712103000","1040","0","苗栗縣","頭份鎮","120.905","24.685","637"
"94","350095","20220712103000","179","0","苗栗縣","頭份鎮","120.945","24.690","85"
"18","350102","20220712103000","117","0","苗栗縣","頭份鎮","120.935","24.700","22"
"27","350103","20220712103000","209","0","苗栗縣","頭份鎮","120.940","24.695","32"
"134","350109","20220712103000","126","1","苗栗縣","頭份鎮","120.940","24.700","147"
"95","350110","20220712103000","154","0","苗栗縣","頭份鎮","120.945","24.700","122"
"936","350112","20220712103000","505","3","苗栗縣","頭份鎮","120.930","24.705","920"
"267","350117","20220712103000","320","0","苗栗縣","頭份鎮","120.935","24.710","316"
"897","350118","20220712103000","653","2","苗栗縣","頭份鎮","120.885","24.665","711"
"66","350124","20220712103000","391","0","苗栗縣","頭份鎮","120.885","24.675","62"
"275","350127","20220712103000","266","1","苗栗縣","頭份鎮","120.905","24.700","287"
"563","350128","20220712103000","770","0","苗栗縣","頭份鎮","120.900","24.695","559"
"753","350129","20220712103000","613","2","苗栗縣","頭份鎮","120.905","24.695","752"
"132","350131","20220712103000","373","0","苗栗縣","頭份鎮","120.915","24.690","159"
"999","350132","20220712103000","1012","0","苗栗縣","頭份鎮","120.915","24.695","922"
"17","350142","20220712103000","32","0","苗栗縣","頭份鎮","120.915","24.665","23"
"56","350146","20220712103000","298","0","苗栗縣","頭份鎮","120.915","24.670","61"
"849","350150","20220712103000","561","3","苗栗縣","竹南鎮","120.860","24.695","697"
"512","350151","20220712103000","294","3","苗栗縣","竹南鎮","120.865","24.695","598"
"158","350154","20220712103000","569","0","苗栗縣","竹南鎮","120.870","24.695","194"
"86","350155","20220712103000","308","0","苗栗縣","竹南鎮","120.880","24.695","98"
"225","350156","20220712103000","186","2","苗栗縣","竹南鎮","120.865","24.680","225"
"986","350157","20220712103000","911","1","苗栗縣","竹南鎮","120.910","24.710","976"
"1154","350159","20220712103000","1028","1","苗栗縣","竹南鎮","120.920","24.705","1146"
"1288","350160","20220712103000","1695","0","苗栗縣","頭份鎮","120.925","24.705","1221"
"527","350161","20220712103000","580","0","苗栗縣","竹南鎮","120.915","24.705","527"
"4204","350162","20220712103000","3972","1","苗栗縣","竹南鎮","120.915","24.710","4036"
"415","350163","20220712103000","624","0","苗栗縣","竹南鎮","120.920","24.710","680"
"379","350165","20220712103000","386","0","苗栗縣","竹南鎮","120.930","24.710","417"
"1502","350166","20220712103000","1584","0","苗栗縣","竹南鎮","120.915","24.715","1553"
"151","350167","20220712103000","186","0","苗栗縣","竹南鎮","120.920","24.715","308"
"1875","350169","20220712103000","1876","0","苗栗縣","頭份鎮","120.910","24.685","2002"
"1500","350170","20220712103000","1296","1","苗栗縣","頭份鎮","120.895","24.700","1674"
"1447","350172","20220712103000","979","2","苗栗縣","頭份鎮","120.905","24.680","1492"
"448","350173","20220712103000","301","2","苗栗縣","竹南鎮","120.875","24.700","516"
"553","350174","20220712103000","385","2","苗栗縣","竹南鎮","120.870","24.700","623"
"389","350176","20220712103000","313","2","苗栗縣","頭份鎮","120.920","24.690","372"
"112","350177","20220712103000","67","3","苗栗縣","頭份鎮","120.880","24.660","98"
"518","350179","20220712103000","519","0","苗栗縣","頭份鎮","120.900","24.700","510"
"18","350180","20220712103000","18","1","苗栗縣","竹南鎮","120.910","24.705","20"
"555","350182","20220712103000","438","2","苗栗縣","頭份鎮","120.920","24.700","417"
"590","350183","20220712103000","611","0","苗栗縣","頭份鎮","120.895","24.695","577"
"308","350203","20220712103000","169","3","苗栗縣","竹南鎮","120.860","24.685","305"
"24","350206","20220712103000","150","0","苗栗縣","竹南鎮","120.865","24.700","22"
"413","350208","20220712103000","193","3","苗栗縣","竹南鎮","120.875","24.705","501"
"752","350209","20220712103000","911","0","苗栗縣","竹南鎮","120.880","24.700","728"
"952","350210","20220712103000","589","3","苗栗縣","頭份鎮","120.885","24.700","898"
"395","350211","20220712103000","188","3","苗栗縣","竹南鎮","120.880","24.705","482"
"165","350214","20220712103000","145","1","苗栗縣","竹南鎮","120.865","24.705","145"
"59","350220","20220712103000","621","0","苗栗縣","竹南鎮","120.880","24.710","74"
"140","350223","20220712103000","129","1","苗栗縣","竹南鎮","120.865","24.715","147"
"247","350224","20220712103000","240","1","苗栗縣","竹南鎮","120.870","24.715","211"
"422","350225","20220712103000","604","0","苗栗縣","竹南鎮","120.875","24.715","413"
"45","350226","20220712103000","49","0","苗栗縣","竹南鎮","120.880","24.715","96"
"143","350229","20220712103000","104","2","苗栗縣","竹南鎮","120.865","24.720","86"
"114","350236","20220712103000","64","3","苗栗縣","竹南鎮","120.870","24.725","72"
"241","350240","20220712103000","133","3","苗栗縣","竹南鎮","120.890","24.725","230"
"50","350247","20220712103000","74","0","苗栗縣","竹南鎮","120.880","24.685","71"
"1854","350248","20220712103000","1540","2","苗栗縣","竹南鎮","120.880","24.690","1841"
"1448","350250","20220712103000","1430","1","苗栗縣","竹南鎮","120.890","24.690","1424"
"2519","350251","20220712103000","3316","0","苗栗縣","竹南鎮","120.875","24.685","2756"
"380","350258","20220712103000","206","3","苗栗縣","竹南鎮","120.855","24.675","328"
"16","350259","20220712103000","23","0","苗栗縣","竹南鎮","120.860","24.675","23"
"304","350264","20220712103000","218","2","苗栗縣","竹南鎮","120.850","24.680","380"
"25","350275","20220712103000","275","0","苗栗縣","竹南鎮","120.850","24.670","24"
"723","350277","20220712103000","502","2","苗栗縣","竹南鎮","120.860","24.670","771"
"180","350278","20220712103000","222","0","苗栗縣","竹南鎮","120.845","24.675","163"
"56","350279","20220712103000","60","0","苗栗縣","造橋鄉","120.855","24.660","56"
"116","350285","20220712103000","179","0","苗栗縣","頭份鎮","120.900","24.685","150"
"552","350286","20220712103000","637","0","苗栗縣","頭份鎮","120.895","24.675","601"
"1089","350288","20220712103000","1212","0","苗栗縣","頭份鎮","120.890","24.680","1245"
"783","350290","20220712103000","676","1","苗栗縣","頭份鎮","120.900","24.680","799"
"321","350291","20220712103000","295","1","苗栗縣","頭份鎮","120.945","24.685","352"
"138","350303","20220712103000","101","2","苗栗縣","頭份鎮","120.960","24.700","121"
"83","350311","20220712103000","50","3","苗栗縣","頭份鎮","120.965","24.705","72"
"898","350314","20220712103000","1416","0","苗栗縣","竹南鎮","120.870","24.690","944"
"568","350316","20220712103000","422","2","苗栗縣","竹南鎮","120.855","24.690","521"
"888","350319","20220712103000","880","1","苗栗縣","竹南鎮","120.865","24.685","898"
"699","350320","20220712103000","865","0","苗栗縣","竹南鎮","120.875","24.695","701"
"176","350321","20220712103000","1124","0","苗栗縣","竹南鎮","120.875","24.690","194"
"1739","350326","20220712103000","1849","0","苗栗縣","竹南鎮","120.910","24.720","1653"
"390","350328","20220712103000","128","3","苗栗縣","竹南鎮","120.895","24.725","505"
"17","350330","20220712103000","311","0","苗栗縣","竹南鎮","120.905","24.725","20"
"925","350331","20220712103000","846","1","苗栗縣","竹南鎮","120.910","24.725","1004"
"1253","350334","20220712103000","640","3","苗栗縣","竹南鎮","120.905","24.730","1215"
"127","350336","20220712103000","50","3","新竹市","香山區","120.900","24.735","123"
"82","350338","20220712103000","298","0","新竹市","香山區","120.905","24.740","84"
"672","350340","20220712103000","603","1","苗栗縣","竹南鎮","120.875","24.660","632"
"692","350347","20220712103000","580","1","苗栗縣","竹南鎮","120.865","24.675","789"
"47","350349","20220712103000","357","0","苗栗縣","竹南鎮","120.875","24.675","74"
"1061","350350","20220712103000","918","1","苗栗縣","竹南鎮","120.880","24.675","1171"
"466","350351","20220712103000","213","3","苗栗縣","竹南鎮","120.870","24.680","451"
"312","350352","20220712103000","325","0","苗栗縣","竹南鎮","120.875","24.680","294"
"1981","350353","20220712103000","1783","1","苗栗縣","竹南鎮","120.870","24.685","1905"
"119","350357","20220712103000","475","0","苗栗縣","竹南鎮","120.890","24.705","138"
"340","350358","20220712103000","424","0","苗栗縣","竹南鎮","120.895","24.705","294"
"516","350359","20220712103000","328","3","苗栗縣","竹南鎮","120.900","24.705","519"
"229","350363","20220712103000","384","0","苗栗縣","竹南鎮","120.900","24.710","286"
"311","350364","20220712103000","100","3","苗栗縣","竹南鎮","120.905","24.710","350"
"158","350365","20220712103000","150","1","苗栗縣","竹南鎮","120.895","24.715","197"
"544","350367","20220712103000","394","2","苗栗縣","竹南鎮","120.905","24.715","463"
"341","350368","20220712103000","645","0","苗栗縣","竹南鎮","120.910","24.715","391"
"122","350369","20220712103000","133","0","苗栗縣","竹南鎮","120.895","24.720","210"
"281","356638","20220712103000","214","2","宜蘭縣","頭城鎮","121.940","24.840","410"
"863","360378","20220712103000","590","2","宜蘭縣","礁溪鄉","121.765","24.825","889"
"1732","360379","20220712103000","1582","1","宜蘭縣","礁溪鄉","121.770","24.825","1689"
"675","360380","20220712103000","555","2","宜蘭縣","礁溪鄉","121.775","24.825","777"
"420","360392","20220712103000","254","3","宜蘭縣","礁溪鄉","121.810","24.815","427"
"208","360394","20220712103000","105","3","宜蘭縣","礁溪鄉","121.795","24.815","194"
"39","360410","20220712103000","282","0","宜蘭縣","礁溪鄉","121.720","24.815","27"
"74","360417","20220712103000","345","0","宜蘭縣","礁溪鄉","121.720","24.820","100"
"46","360419","20220712103000","132","0","宜蘭縣","礁溪鄉","121.730","24.820","56"
"75","360427","20220712103000","467","0","宜蘭縣","礁溪鄉","121.725","24.820","133"
"201","360433","20220712103000","167","2","宜蘭縣","礁溪鄉","121.755","24.820","205"
"353","360437","20220712103000","345","1","宜蘭縣","礁溪鄉","121.740","24.825","259"
"1820","360439","20220712103000","1609","1","宜蘭縣","宜蘭市","121.755","24.770","1837"
"357","360442","20220712103000","223","3","宜蘭縣","宜蘭市","121.745","24.775","358"
"770","360449","20220712103000","561","2","宜蘭縣","壯圍鄉","121.785","24.775","773"
"264","360457","20220712103000","171","3","宜蘭縣","壯圍鄉","121.795","24.790","259"
"120","360471","20220712103000","274","0","宜蘭縣","頭城鎮","121.820","24.855","135"
"136","360474","20220712103000","129","1","宜蘭縣","頭城鎮","121.835","24.885","145"
"248","360476","20220712103000","117","3","宜蘭縣","頭城鎮","121.845","24.885","258"
"579","360478","20220712103000","597","0","宜蘭縣","頭城鎮","121.830","24.855","549"
"734","360482","20220712103000","1066","0","宜蘭縣","頭城鎮","121.820","24.860","783"
"250","360484","20220712103000","203","2","宜蘭縣","頭城鎮","121.815","24.860","268"
"641","360485","20220712103000","742","0","宜蘭縣","頭城鎮","121.820","24.865","676"
"269","360486","20220712103000","341","0","宜蘭縣","頭城鎮","121.810","24.865","259"
"150","360502","20220712103000","193","0","宜蘭縣","頭城鎮","121.815","24.850","149"
"602","360507","20220712103000","580","1","宜蘭縣","頭城鎮","121.825","24.865","571"
"432","360520","20220712103000","279","3","宜蘭縣","頭城鎮","121.835","24.870","360"
"16","360521","20220712103000","32","0","宜蘭縣","頭城鎮","121.840","24.870","17"
"249","360524","20220712103000","155","3","宜蘭縣","頭城鎮","121.840","24.875","221"
"93","360537","20220712103000","47","3","新北市","三峽區","121.345","24.845","85"
"104","360552","20220712103000","122","0","新北市","三峽區","121.360","24.855","98"
"21","360554","20220712103000","16","2","新北市","三峽區","121.370","24.855","18"
"18","360559","20220712103000","30","0","新北市","三峽區","121.365","24.860","19"
"67","360569","20220712103000","53","2","新北市","三峽區","121.355","24.870","75"
"60","360573","20220712103000","40","3","新北市","三峽區","121.375","24.870","32"
"32","360625","20220712103000","31","1","宜蘭縣","頭城鎮","121.820","24.825","36"
"128","360631","20220712103000","200","0","宜蘭縣","頭城鎮","121.790","24.845","127"
"239","360639","20220712103000","228","1","宜蘭縣","頭城鎮","121.795","24.855","215"
"461","360641","20220712103000","344","2","宜蘭縣","頭城鎮","121.805","24.855","475"
"220","360684","20220712103000","168","2","宜蘭縣","礁溪鄉","121.765","24.800","187"
"228","360687","20220712103000","188","2","宜蘭縣","礁溪鄉","121.760","24.810","209"
"235","360689","20220712103000","192","2","宜蘭縣","礁溪鄉","121.755","24.815","236"
"89","360694","20220712103000","92","0","宜蘭縣","員山鄉","121.700","24.780","104"
"31","360702","20220712103000","51","0","宜蘭縣","礁溪鄉","121.680","24.785","38"
"178","360788","20220712103000","152","1","宜蘭縣","礁溪鄉","121.780","24.810","194"
"401","360803","20220712103000","341","1","宜蘭縣","壯圍鄉","121.810","24.800","392"
"484","360806","20220712103000","368","2","宜蘭縣","壯圍鄉","121.815","24.805","472"
"456","360817","20220712103000","382","1","宜蘭縣","礁溪鄉","121.780","24.785","442"
"552","360820","20220712103000","468","1","宜蘭縣","礁溪鄉","121.775","24.815","549"
"1348","360822","20220712103000","1047","2","宜蘭縣","礁溪鄉","121.770","24.820","1322"
"219","360828","20220712103000","217","1","宜蘭縣","礁溪鄉","121.730","24.790","203"
"129","360848","20220712103000","97","2","宜蘭縣","礁溪鄉","121.710","24.810","137"
"511","360876","20220712103000","482","1","宜蘭縣","礁溪鄉","121.760","24.785","500"
"85","360877","20220712103000","77","1","宜蘭縣","礁溪鄉","121.750","24.790","82"
"451","360879","20220712103000","274","3","宜蘭縣","礁溪鄉","121.760","24.790","416"
"541","360881","20220712103000","401","2","宜蘭縣","礁溪鄉","121.765","24.815","517"
"521","360883","20220712103000","491","1","宜蘭縣","礁溪鄉","121.765","24.820","551"
"475","360888","20220712103000","324","2","宜蘭縣","礁溪鄉","121.755","24.825","464"
"361","360889","20220712103000","320","1","宜蘭縣","礁溪鄉","121.760","24.825","386"
"126","360898","20220712103000","138","0","宜蘭縣","礁溪鄉","121.745","24.830","142"
"63","360964","20220712103000","48","2","新北市","三峽區","121.410","24.865","95"
"247","360967","20220712103000","307","0","新北市","三峽區","121.410","24.870","284"
"186","360994","20220712103000","136","2","新北市","三峽區","121.415","24.885","156"
"38","361049","20220712103000","31","2","新北市","三峽區","121.450","24.825","26"
"102","361075","20220712103000","77","2","新北市","三峽區","121.445","24.830","79"
"30","361124","20220712103000","20","3","新北市","三峽區","121.430","24.845","27"
"13","361128","20220712103000","13","1","新北市","三峽區","121.450","24.845","13"
"10","361150","20220712103000","12","0","新北市","三峽區","121.465","24.850","14"
"34","361179","20220712103000","34","1","新北市","三峽區","121.435","24.860","32"
"10","361193","20220712103000","15","0","新北市","三峽區","121.430","24.865","10"
"62","361195","20220712103000","38","3","新北市","三峽區","121.440","24.865","43"
"26","361256","20220712103000","27","0","新北市","三峽區","121.450","24.890","17"
"32","361279","20220712103000","14","3","新北市","三峽區","121.390","24.875","36"
"53","361286","20220712103000","34","3","新北市","三峽區","121.380","24.880","30"
"69","361304","20220712103000","52","2","新北市","三峽區","121.375","24.885","40"
"45","361308","20220712103000","32","2","新北市","三峽區","121.400","24.885","46"
"596","361316","20220712103000","548","1","宜蘭縣","員山鄉","121.720","24.770","661"
"177","361349","20220712103000","348","0","宜蘭縣","員山鄉","121.715","24.775","175"
"347","361393","20220712103000","260","2","宜蘭縣","壯圍鄉","121.800","24.770","345"
"335","361412","20220712103000","226","2","宜蘭縣","宜蘭市","121.735","24.775","341"
"16","361413","20220712103000","28","0","宜蘭縣","宜蘭市","121.740","24.775","26"
"406","361414","20220712103000","318","2","宜蘭縣","宜蘭市","121.730","24.780","377"
"16","361433","20220712103000","15","1","宜蘭縣","頭城鎮","121.800","24.830","16"
"720","361441","20220712103000","485","2","宜蘭縣","頭城鎮","121.790","24.835","773"
"12","361450","20220712103000","17","0","宜蘭縣","頭城鎮","121.790","24.850","12"
"32","361461","20220712103000","20","3","宜蘭縣","頭城鎮","121.775","24.860","58"
"41","361466","20220712103000","53","0","新北市","坪林區","121.770","24.865","57"
"460","361479","20220712103000","417","1","宜蘭縣","頭城鎮","121.815","24.835","448"
"468","361482","20220712103000","247","3","宜蘭縣","頭城鎮","121.810","24.845","489"
"3360","361485","20220712103000","2844","1","新竹市","東區","120.985","24.800","3671"
"1688","361486","20220712103000","2111","0","新竹市","東區","120.985","24.810","1935"
"19","361496","20220712103000","24","0","桃園市","大溪區","121.325","24.880","30"
"330","361502","20220712103000","181","3","桃園市","大溪區","121.330","24.880","335"
"147","361509","20220712103000","120","2","桃園市","大溪區","121.325","24.885","140"
"35","361515","20220712103000","79","0","桃園市","大溪區","121.325","24.890","57"
"28","361517","20220712103000","45","0","桃園市","大溪區","121.335","24.890","40"
"544","361521","20220712103000","759","0","桃園市","大溪區","121.250","24.865","484"
"138","361525","20220712103000","198","0","桃園市","大溪區","121.255","24.870","301"
"377","361530","20220712103000","506","0","桃園市","大溪區","121.260","24.875","442"
"482","361536","20220712103000","269","3","桃園市","大溪區","121.260","24.880","434"
"204","361538","20220712103000","231","0","桃園市","大溪區","121.275","24.880","169"
"1301","361539","20220712103000","1120","1","桃園市","大溪區","121.250","24.880","1070"
"283","361545","20220712103000","205","2","桃園市","大溪區","121.275","24.885","356"
"169","361546","20220712103000","199","0","桃園市","大溪區","121.280","24.885","138"
"506","361547","20220712103000","429","1","桃園市","大溪區","121.275","24.890","521"
"1274","361550","20220712103000","838","3","桃園市","大溪區","121.295","24.885","1125"
"108","361551","20220712103000","114","0","桃園市","大溪區","121.300","24.880","150"
"133","361552","20220712103000","344","0","桃園市","大溪區","121.290","24.880","141"
"55","361556","20220712103000","76","0","新竹縣","新埔鎮","121.080","24.835","65"
"283","361565","20220712103000","253","1","新竹縣","新埔鎮","121.080","24.840","292"
"52","361570","20220712103000","39","2","新竹縣","新埔鎮","121.130","24.860","66"
"48","361579","20220712103000","22","3","新竹縣","新埔鎮","121.140","24.870","59"
"97","361585","20220712103000","84","1","新竹縣","新埔鎮","121.135","24.875","104"
"597","361597","20220712103000","442","2","新竹縣","新豐鄉","120.995","24.885","637"
"1762","361600","20220712103000","2062","0","新竹縣","新豐鄉","121.010","24.885","1908"
"714","361602","20220712103000","1028","0","新竹市","東區","120.975","24.805","805"
"1632","361603","20220712103000","3320","0","新竹市","東區","120.980","24.805","1906"
"789","361604","20220712103000","933","0","新竹市","東區","120.980","24.810","883"
"958","361605","20220712103000","907","1","新竹市","東區","120.975","24.800","1178"
"434","361609","20220712103000","307","2","新竹市","東區","120.985","24.785","399"
"5851","361610","20220712103000","3213","3","新竹市","東區","121.020","24.780","6092"
"1425","361611","20220712103000","1599","0","新竹市","東區","121.015","24.785","1618"
"230","361614","20220712103000","103","3","新竹縣","新埔鎮","121.105","24.845","210"
"75","361615","20220712103000","45","3","新竹縣","新埔鎮","121.115","24.845","73"
"52","361621","20220712103000","32","3","新竹縣","新埔鎮","121.120","24.850","48"
"34","361623","20220712103000","30","1","新竹縣","新埔鎮","121.100","24.855","41"
"82","361624","20220712103000","81","1","新竹縣","新埔鎮","121.105","24.855","68"
"22","361628","20220712103000","17","2","新竹縣","新埔鎮","121.125","24.855","29"
"16","361630","20220712103000","26","0","新竹縣","新埔鎮","121.105","24.860","16"
"22","361635","20220712103000","53","0","新竹縣","新埔鎮","121.105","24.865","39"
"165","361642","20220712103000","158","1","新竹縣","新埔鎮","121.115","24.875","137"
"504","361646","20220712103000","688","0","新竹縣","新埔鎮","121.070","24.825","480"
"725","361648","20220712103000","714","1","新竹縣","新埔鎮","121.080","24.825","865"
"291","361651","20220712103000","380","0","新竹縣","新埔鎮","121.070","24.830","339"
"105","361655","20220712103000","45","3","新竹縣","新埔鎮","121.135","24.845","85"
"258","361668","20220712103000","506","0","新竹縣","新豐鄉","120.980","24.870","301"
"74","361671","20220712103000","19","3","新竹縣","新豐鄉","120.970","24.880","51"
"1077","361683","20220712103000","544","3","新竹縣","竹東鎮","121.030","24.775","1251"
"563","361685","20220712103000","1032","0","新竹縣","湖口鄉","121.010","24.855","558"
"1213","361687","20220712103000","1461","0","新竹縣","湖口鄉","121.020","24.855","1399"
"354","361688","20220712103000","319","1","新竹縣","湖口鄉","121.025","24.855","300"
"2747","361692","20220712103000","2721","1","新竹縣","湖口鄉","121.010","24.860","2829"
"159","361693","20220712103000","90","3","新竹縣","湖口鄉","121.015","24.860","140"
"2055","361694","20220712103000","3008","0","新竹縣","湖口鄉","120.995","24.865","2301"
"1818","361695","20220712103000","1506","2","新竹縣","湖口鄉","121.000","24.865","1823"
"111","361696","20220712103000","779","0","新竹縣","湖口鄉","121.005","24.865","132"
"809","361697","20220712103000","555","2","新竹縣","湖口鄉","121.010","24.865","877"
"4746","361698","20220712103000","3340","2","新竹縣","湖口鄉","121.000","24.870","4431"
"6564","361700","20220712103000","1766","3","新竹縣","湖口鄉","121.010","24.870","6592"
"2220","361702","20220712103000","1251","3","新竹縣","湖口鄉","121.010","24.875","2322"
"996","361703","20220712103000","484","3","新竹縣","竹北市","121.030","24.810","1106"
"1169","361704","20220712103000","1216","0","新竹縣","竹北市","121.035","24.810","1231"
"282","361705","20220712103000","176","3","新竹縣","竹北市","121.030","24.815","357"
"545","361712","20220712103000","649","0","桃園市","大溪區","121.260","24.890","464"
"297","361715","20220712103000","388","0","新竹市","香山區","120.920","24.810","294"
"236","361721","20220712103000","162","2","新竹市","香山區","120.925","24.815","289"
"148","361725","20220712103000","154","0","新竹市","香山區","120.915","24.820","160"
"431","361727","20220712103000","368","1","新竹市","香山區","120.925","24.820","508"
"473","361733","20220712103000","340","2","新竹市","北區","120.925","24.825","541"
"1231","361736","20220712103000","1970","0","新竹市","香山區","120.930","24.790","1493"
"711","361738","20220712103000","492","2","新竹市","香山區","120.930","24.795","831"
"367","361744","20220712103000","385","0","新竹市","香山區","120.915","24.780","434"
"195","361752","20220712103000","327","0","新竹市","香山區","120.920","24.785","240"
"685","361756","20220712103000","934","0","新竹市","香山區","120.920","24.805","874"
"517","361758","20220712103000","413","2","新竹市","香山區","120.935","24.805","647"
"470","361761","20220712103000","586","0","新竹市","香山區","120.940","24.805","592"
"2036","361763","20220712103000","1814","1","新竹市","香山區","120.945","24.795","2387"
"734","361765","20220712103000","1334","0","新竹市","香山區","120.940","24.790","883"
"141","361766","20220712103000","1277","0","新竹市","香山區","120.935","24.790","189"
"231","361767","20220712103000","327","0","新竹市","香山區","120.935","24.800","267"
"507","361768","20220712103000","565","0","新竹市","香山區","120.940","24.795","520"
"11","361981","20220712103000","14","0","新北市","坪林區","121.665","24.885","16"
"41","362002","20220712103000","26","3","新竹縣","關西鎮","121.260","24.775","24"
"154","362024","20220712103000","51","3","新竹縣","湖口鄉","121.015","24.880","109"
"193","362027","20220712103000","345","0","新竹縣","湖口鄉","121.030","24.880","213"
"554","362033","20220712103000","812","0","新竹縣","湖口鄉","121.025","24.885","670"
"705","362036","20220712103000","895","0","新竹縣","竹北市","120.965","24.860","804"
"102","362037","20220712103000","45","3","新竹縣","竹北市","120.970","24.860","98"
"676","362039","20220712103000","310","3","新竹縣","竹北市","120.980","24.860","686"
"106","362040","20220712103000","38","3","新竹縣","竹北市","120.970","24.865","116"
"1662","362056","20220712103000","1914","0","新竹縣","竹北市","121.015","24.825","1850"
"2031","362057","20220712103000","2725","0","新竹縣","竹北市","121.010","24.830","2333"
"682","362058","20220712103000","115","3","新竹縣","竹北市","121.040","24.810","709"
"620","362059","20220712103000","931","0","新竹縣","竹北市","121.035","24.815","681"
"142","362060","20220712103000","230","0","新竹縣","竹北市","121.040","24.815","167"
"2797","362063","20220712103000","2753","1","新竹縣","竹北市","121.030","24.820","2806"
"927","362064","20220712103000","1189","0","新竹縣","竹北市","121.035","24.820","1004"
"560","362066","20220712103000","958","0","新竹縣","竹北市","121.020","24.825","3305"
"924","362067","20220712103000","422","3","新竹縣","竹北市","121.025","24.825","808"
"2596","362068","20220712103000","2551","1","新竹縣","竹北市","121.030","24.825","2869"
"1028","362069","20220712103000","838","2","新竹縣","竹北市","121.035","24.825","1096"
"2043","362070","20220712103000","2016","1","新竹縣","竹北市","121.015","24.830","2218"
"601","362071","20220712103000","616","0","新竹縣","竹北市","121.020","24.830","667"
"987","362072","20220712103000","703","2","新竹縣","竹北市","121.025","24.830","1010"
"925","362073","20220712103000","764","2","新竹縣","新埔鎮","121.030","24.830","989"
"43","362075","20220712103000","15","3","新竹縣","竹北市","120.990","24.855","48"
"323","362076","20220712103000","386","0","新竹縣","竹北市","120.995","24.855","343"
"283","362077","20220712103000","422","0","新竹縣","竹北市","120.990","24.860","388"
"73","362079","20220712103000","178","0","新竹縣","竹北市","120.995","24.860","79"
"2854","362081","20220712103000","1376","3","新竹市","東區","120.995","24.800","3140"
"572","362082","20220712103000","694","0","新竹市","東區","121.000","24.805","625"
"146","362085","20220712103000","241","0","新竹市","東區","121.000","24.810","171"
"380","362086","20220712103000","397","0","新竹市","東區","121.005","24.810","382"
"777","362087","20220712103000","578","2","新竹市","東區","121.010","24.810","849"
"848","362088","20220712103000","722","1","新竹市","東區","120.995","24.815","895"
"4132","362092","20220712103000","4772","0","新竹市","東區","121.010","24.775","4214"
"2204","362093","20220712103000","2535","0","新竹市","東區","121.015","24.775","2217"
"3779","362094","20220712103000","3562","1","新竹市","東區","121.020","24.775","3812"
"4879","362095","20220712103000","5305","0","新竹市","東區","121.025","24.775","5003"
"3352","362096","20220712103000","3334","1","新竹市","東區","120.990","24.780","3584"
"4896","362097","20220712103000","4931","0","新竹市","東區","121.005","24.775","5001"
"2449","362098","20220712103000","3084","0","新竹市","東區","121.005","24.780","2511"
"1605","362099","20220712103000","811","3","新竹市","東區","121.010","24.780","1700"
"1721","362100","20220712103000","980","3","新竹市","東區","121.015","24.780","1838"
"5479","362101","20220712103000","4349","2","新竹市","東區","121.005","24.785","5326"
"1233","362102","20220712103000","768","3","新竹市","東區","121.010","24.785","1240"
"240","362103","20220712103000","242","0","新竹市","北區","120.945","24.835","231"
"327","362104","20220712103000","498","0","新竹市","北區","120.950","24.835","382"
"459","362107","20220712103000","381","2","新竹縣","竹東鎮","121.045","24.785","558"
"113","362108","20220712103000","106","1","新竹縣","竹東鎮","121.050","24.785","114"
"591","362117","20220712103000","426","2","新竹縣","竹東鎮","121.035","24.790","687"
"295","362122","20220712103000","715","0","新竹縣","竹東鎮","121.030","24.795","339"
"214","362128","20220712103000","237","0","新竹縣","竹北市","120.960","24.855","224"
"448","362141","20220712103000","423","1","新竹縣","竹北市","120.955","24.870","447"
"1560","362143","20220712103000","1468","1","新竹縣","竹北市","121.015","24.835","1777"
"16","362150","20220712103000","10","3","新竹縣","新豐鄉","120.955","24.885","18"
"211","362158","20220712103000","229","0","新竹縣","新豐鄉","120.975","24.890","253"
"1051","362159","20220712103000","1175","0","新竹市","東區","121.005","24.790","1234"
"2444","362160","20220712103000","1473","3","新竹市","東區","121.015","24.790","2909"
"69","362249","20220712103000","40","3","新北市","烏來區","121.525","24.830","54"
"129","362275","20220712103000","127","1","新北市","烏來區","121.525","24.835","55"
"36","362289","20220712103000","15","3","新北市","烏來區","121.540","24.840","43"
"18","362565","20220712103000","16","1","新北市","烏來區","121.575","24.850","18"
"218","362673","20220712103000","197","1","新北市","烏來區","121.550","24.875","209"
"74","362692","20220712103000","54","2","新北市","烏來區","121.545","24.880","67"
"122","362700","20220712103000","135","0","新北市","烏來區","121.550","24.885","97"
"30","362716","20220712103000","56","0","新北市","烏來區","121.550","24.845","49"
"217","362717","20220712103000","207","1","新北市","烏來區","121.555","24.845","171"
"14","362723","20220712103000","13","1","新北市","烏來區","121.550","24.850","12"
"81","362740","20220712103000","86","0","新北市","烏來區","121.560","24.860","93"
"313","362744","20220712103000","538","0","新北市","烏來區","121.550","24.865","333"
"132","362793","20220712103000","70","3","新北市","烏來區","121.510","24.775","79"
"963","362984","20220712103000","1503","0","新竹市","東區","120.960","24.795","1114"
"3090","362985","20220712103000","2577","1","新竹市","東區","121.020","24.790","3498"
"757","362988","20220712103000","756","1","新竹市","東區","120.970","24.775","844"
"1980","362990","20220712103000","2243","0","新竹市","東區","120.985","24.805","2130"
"944","362992","20220712103000","1453","0","新竹市","北區","120.960","24.805","978"
"284","362994","20220712103000","257","1","新竹縣","竹北市","120.945","24.850","323"
"724","362996","20220712103000","857","0","新竹縣","竹北市","120.945","24.855","698"
"846","362998","20220712103000","940","0","新竹縣","竹北市","120.995","24.840","979"
"933","362999","20220712103000","1266","0","新竹縣","竹北市","121.000","24.840","1027"
"414","363002","20220712103000","385","1","新竹縣","竹北市","121.035","24.800","448"
"1453","363004","20220712103000","483","3","新竹縣","竹北市","121.025","24.805","1503"
"1328","363005","20220712103000","799","3","新竹縣","竹北市","121.030","24.805","1355"
"3433","363006","20220712103000","2772","2","新竹縣","竹北市","121.035","24.805","3595"
"2141","363007","20220712103000","2088","1","新竹縣","竹北市","121.025","24.810","2457"
"141","363008","20220712103000","40","3","新竹縣","芎林鄉","121.065","24.790","143"
"1561","363013","20220712103000","1375","1","新竹縣","竹北市","121.050","24.805","1768"
"327","363016","20220712103000","392","0","新竹縣","竹北市","121.045","24.810","407"
"2189","363021","20220712103000","2200","0","新竹縣","竹北市","121.005","24.840","2498"
"4626","363023","20220712103000","3606","2","新竹縣","竹北市","121.020","24.840","4634"
"1083","363024","20220712103000","1565","0","新竹縣","竹北市","121.000","24.845","1353"
"1241","363025","20220712103000","381","3","新竹縣","竹北市","121.000","24.855","1338"
"1835","363026","20220712103000","1795","1","新竹縣","竹北市","121.010","24.845","1987"
"435","363027","20220712103000","865","0","新竹縣","新埔鎮","121.015","24.850","498"
"954","363028","20220712103000","792","2","新竹縣","竹北市","121.020","24.845","981"
"343","363029","20220712103000","113","3","新竹縣","竹北市","121.000","24.850","299"
"988","363032","20220712103000","832","1","新竹縣","芎林鄉","121.080","24.775","1043"
"16","363046","20220712103000","20","0","新竹縣","關西鎮","121.140","24.790","14"
"31","363048","20220712103000","22","2","新竹縣","關西鎮","121.150","24.790","40"
"80","363062","20220712103000","79","1","新竹縣","關西鎮","121.185","24.800","94"
"538","363073","20220712103000","1004","0","新竹縣","關西鎮","121.200","24.810","580"
"650","363082","20220712103000","695","0","新竹縣","關西鎮","121.180","24.820","438"
"166","363084","20220712103000","205","0","新竹縣","關西鎮","121.175","24.825","192"
"1398","363085","20220712103000","1250","1","桃園市","龍潭區","121.180","24.825","1264"
"777","363086","20220712103000","1006","0","新竹市","東區","120.975","24.795","892"
"908","363088","20220712103000","1013","0","新竹縣","寶山鄉","120.985","24.775","1016"
"260","363090","20220712103000","219","1","新竹市","東區","120.980","24.780","314"
"905","363093","20220712103000","942","0","新竹市","東區","120.980","24.785","1011"
"1149","363094","20220712103000","1020","1","新竹縣","新豐鄉","121.000","24.875","1286"
"528","363095","20220712103000","555","0","新竹縣","新豐鄉","120.995","24.880","581"
"572","363096","20220712103000","309","3","新竹縣","新豐鄉","121.000","24.880","551"
"349","363097","20220712103000","389","0","新竹縣","新豐鄉","121.005","24.880","372"
"1058","363098","20220712103000","885","1","新竹縣","新豐鄉","120.990","24.870","1304"
"2580","363099","20220712103000","3230","0","新竹縣","新豐鄉","120.995","24.870","2946"
"843","363100","20220712103000","1137","0","新竹縣","新豐鄉","120.985","24.865","935"
"812","363101","20220712103000","956","0","新竹縣","新豐鄉","120.990","24.865","842"
"448","363102","20220712103000","390","1","新竹縣","新豐鄉","120.985","24.870","439"
"373","363103","20220712103000","266","2","新竹縣","新豐鄉","120.985","24.875","441"
"476","363109","20220712103000","532","0","新竹縣","關西鎮","121.145","24.805","521"
"66","363127","20220712103000","101","0","新竹縣","關西鎮","121.120","24.780","67"
"15","363131","20220712103000","18","0","新竹縣","關西鎮","121.115","24.785","20"
"181","363143","20220712103000","156","1","新竹縣","關西鎮","121.130","24.790","186"
"124","363153","20220712103000","37","3","新竹縣","關西鎮","121.200","24.775","134"
"659","363158","20220712103000","817","0","新竹縣","關西鎮","121.175","24.785","815"
"155","363159","20220712103000","54","3","新竹縣","關西鎮","121.180","24.790","168"
"709","363160","20220712103000","956","0","新竹縣","關西鎮","121.185","24.790","787"
"939","363164","20220712103000","519","3","新竹縣","關西鎮","121.190","24.795","1042"
"39","363183","20220712103000","32","2","新竹縣","關西鎮","121.205","24.780","37"
"60","363187","20220712103000","83","0","新竹縣","關西鎮","121.195","24.785","65"
"162","363195","20220712103000","147","1","新竹縣","關西鎮","121.195","24.790","186"
"39","363197","20220712103000","29","2","新竹縣","關西鎮","121.205","24.790","31"
"91","363217","20220712103000","111","0","新竹縣","關西鎮","121.230","24.795","90"
"113","363223","20220712103000","170","0","新竹縣","關西鎮","121.235","24.800","119"
"316","363233","20220712103000","303","1","新竹縣","關西鎮","121.115","24.825","287"
"22","363240","20220712103000","10","3","新竹縣","關西鎮","121.145","24.825","11"
"305","363245","20220712103000","139","3","新竹縣","關西鎮","121.115","24.830","192"
"751","363256","20220712103000","658","1","新竹縣","關西鎮","121.165","24.830","860"
"79","363258","20220712103000","36","3","新竹縣","新埔鎮","121.125","24.835","66"
"225","363272","20220712103000","209","1","新竹縣","關西鎮","121.150","24.840","169"
"733","363274","20220712103000","782","0","新竹縣","關西鎮","121.135","24.810","821"
"95","363279","20220712103000","25","3","新竹縣","關西鎮","121.130","24.815","87"
"35","363288","20220712103000","15","3","新竹縣","關西鎮","121.165","24.795","34"
"525","363291","20220712103000","648","0","新竹縣","關西鎮","121.165","24.800","542"
"2067","363304","20220712103000","2170","0","新竹縣","關西鎮","121.175","24.790","2408"
"210","363305","20220712103000","151","2","新竹縣","關西鎮","121.170","24.795","203"
"197","363306","20220712103000","248","0","新竹縣","關西鎮","121.175","24.795","216"
"86","363308","20220712103000","89","0","新竹縣","關西鎮","121.175","24.805","84"
"2159","363344","20220712103000","1361","3","桃園市","龍潭區","121.230","24.875","2192"
"1183","363345","20220712103000","1132","1","桃園市","龍潭區","121.230","24.880","1128"
"1307","363346","20220712103000","1121","1","桃園市","龍潭區","121.225","24.855","1060"
"176","363347","20220712103000","152","1","桃園市","龍潭區","121.230","24.855","246"
"48","363355","20220712103000","45","1","桃園市","龍潭區","121.235","24.865","82"
"62","363358","20220712103000","271","0","桃園市","龍潭區","121.230","24.870","82"
"469","363359","20220712103000","397","1","桃園市","龍潭區","121.235","24.870","392"
"22","363361","20220712103000","16","2","桃園市","龍潭區","121.245","24.870","26"
"335","363362","20220712103000","736","0","桃園市","平鎮區","121.245","24.875","347"
"694","363365","20220712103000","605","1","桃園市","龍潭區","121.235","24.840","682"
"912","363366","20220712103000","1017","0","桃園市","龍潭區","121.240","24.835","985"
"372","363369","20220712103000","379","0","桃園市","龍潭區","121.240","24.845","308"
"670","363370","20220712103000","525","2","桃園市","龍潭區","121.245","24.850","678"
"1623","363371","20220712103000","1759","0","桃園市","龍潭區","121.250","24.850","1668"
"1195","363374","20220712103000","912","2","桃園市","龍潭區","121.250","24.855","1078"
"644","363376","20220712103000","1097","0","桃園市","龍潭區","121.255","24.860","546"
"412","363377","20220712103000","421","0","桃園市","龍潭區","121.180","24.870","355"
"659","363380","20220712103000","646","1","桃園市","龍潭區","121.195","24.870","690"
"674","363388","20220712103000","580","1","桃園市","龍潭區","121.185","24.880","741"
"5131","363392","20220712103000","3416","3","桃園市","龍潭區","121.185","24.885","5262"
"290","363394","20220712103000","165","3","桃園市","龍潭區","121.180","24.885","297"
"532","363396","20220712103000","556","0","桃園市","龍潭區","121.190","24.885","465"
"239","363397","20220712103000","236","1","桃園市","龍潭區","121.190","24.890","228"
"3561","363481","20220712103000","3957","0","新竹市","東區","120.975","24.810","4150"
"3563","363482","20220712103000","3956","0","新竹市","東區","120.970","24.800","3696"
"987","363483","20220712103000","1377","0","新竹市","東區","120.970","24.810","1106"
"980","363484","20220712103000","478","3","新竹市","東區","120.970","24.785","1016"
"1066","363485","20220712103000","612","3","新竹市","東區","120.975","24.785","1115"
"3337","363486","20220712103000","3225","1","新竹市","東區","120.965","24.795","3623"
"21","363492","20220712103000","15","2","新北市","新店區","121.575","24.885","12"
"1447","363502","20220712103000","1406","1","桃園市","龍潭區","121.185","24.840","1635"
"771","363507","20220712103000","786","0","桃園市","龍潭區","121.185","24.845","845"
"163","363514","20220712103000","228","0","桃園市","龍潭區","121.195","24.850","212"
"248","363523","20220712103000","142","3","桃園市","龍潭區","121.190","24.860","261"
"375","363528","20220712103000","452","0","桃園市","龍潭區","121.245","24.835","439"
"304","363532","20220712103000","314","0","桃園市","龍潭區","121.245","24.840","227"
"123","363536","20220712103000","97","2","桃園市","龍潭區","121.245","24.845","144"
"115","363557","20220712103000","120","0","桃園市","龍潭區","121.240","24.830","93"
"474","363560","20220712103000","378","2","桃園市","龍潭區","121.230","24.835","441"
"49","363589","20220712103000","57","0","桃園市","龍潭區","121.160","24.870","76"
"767","363593","20220712103000","652","1","桃園市","龍潭區","121.210","24.840","782"
"312","363597","20220712103000","236","2","桃園市","龍潭區","121.200","24.855","299"
"543","363599","20220712103000","681","0","桃園市","龍潭區","121.210","24.855","461"
"1145","363602","20220712103000","565","3","桃園市","龍潭區","121.225","24.845","1132"
"323","363603","20220712103000","549","0","桃園市","龍潭區","121.230","24.845","264"
"38","363605","20220712103000","42","0","桃園市","龍潭區","121.225","24.850","51"
"1026","363611","20220712103000","865","1","桃園市","龍潭區","121.220","24.850","1304"
"2127","363613","20220712103000","1739","2","桃園市","龍潭區","121.215","24.865","1750"
"632","363614","20220712103000","797","0","桃園市","龍潭區","121.220","24.865","586"
"634","363615","20220712103000","705","0","桃園市","龍潭區","121.210","24.870","507"
"1024","363616","20220712103000","807","2","桃園市","龍潭區","121.215","24.870","900"
"393","363620","20220712103000","336","1","桃園市","龍潭區","121.220","24.860","392"
"377","363625","20220712103000","455","0","桃園市","龍潭區","121.205","24.865","275"
"112","363626","20220712103000","102","1","桃園市","龍潭區","121.200","24.870","194"
"1162","363627","20220712103000","589","3","桃園市","龍潭區","121.205","24.870","1344"
"2763","363628","20220712103000","1964","2","新竹縣","竹北市","121.020","24.835","3017"
"1023","363629","20220712103000","1226","0","新竹縣","竹北市","121.025","24.835","1167"
"996","363630","20220712103000","1439","0","新竹縣","竹北市","121.010","24.835","1023"
"161","363633","20220712103000","150","1","新竹市","東區","120.960","24.780","225"
"442","363634","20220712103000","325","2","新竹市","東區","120.965","24.780","464"
"816","363637","20220712103000","782","1","新竹市","東區","120.965","24.785","926"
"2863","363639","20220712103000","3319","0","新竹市","東區","120.965","24.790","3321"
"1494","363641","20220712103000","2074","0","新竹市","東區","121.020","24.785","1508"
"228","363642","20220712103000","254","0","新竹縣","竹東鎮","121.025","24.785","257"
"659","363644","20220712103000","702","0","新竹縣","竹東鎮","121.035","24.775","769"
"2604","363646","20220712103000","1727","3","新竹縣","竹東鎮","121.045","24.775","2773"
"1260","363648","20220712103000","1246","1","新竹縣","竹東鎮","121.030","24.780","1489"
"201","363649","20220712103000","370","0","新竹縣","竹東鎮","121.035","24.780","243"
"373","363651","20220712103000","669","0","新竹縣","竹東鎮","121.045","24.780","385"
"957","363655","20220712103000","1458","0","桃園市","龍潭區","121.235","24.880","1059"
"829","363658","20220712103000","752","1","桃園市","龍潭區","121.240","24.880","797"
"210","363661","20220712103000","157","2","桃園市","龍潭區","121.240","24.810","138"
"652","363663","20220712103000","755","0","桃園市","龍潭區","121.240","24.815","583"
"29","363664","20220712103000","108","0","桃園市","龍潭區","121.235","24.820","44"
"237","363667","20220712103000","217","1","桃園市","龍潭區","121.230","24.825","236"
"587","363668","20220712103000","485","2","桃園市","龍潭區","121.235","24.825","541"
"605","363676","20220712103000","463","2","桃園市","龍潭區","121.230","24.840","589"
"1118","363677","20220712103000","1004","1","新竹縣","竹北市","121.005","24.845","1109"
"1072","363682","20220712103000","1155","0","新竹縣","芎林鄉","121.080","24.780","1200"
"209","363685","20220712103000","81","3","新竹縣","芎林鄉","121.075","24.785","209"
"817","363687","20220712103000","738","1","新竹縣","芎林鄉","121.070","24.790","883"
"538","363696","20220712103000","568","0","新竹縣","芎林鄉","121.060","24.795","591"
"479","363709","20220712103000","678","0","新竹縣","芎林鄉","121.090","24.775","592"
"13","363713","20220712103000","21","0","新竹縣","芎林鄉","121.110","24.775","13"
"14","363719","20220712103000","10","2","新竹縣","芎林鄉","121.110","24.785","14"
"24","363721","20220712103000","24","1","新竹縣","芎林鄉","121.085","24.780","36"
"40","363725","20220712103000","97","0","新竹縣","芎林鄉","121.100","24.780","35"
"179","363728","20220712103000","155","1","新竹縣","芎林鄉","121.100","24.785","211"
"831","363737","20220712103000","776","1","新竹縣","竹北市","120.985","24.835","907"
"359","363744","20220712103000","255","2","新竹縣","竹北市","120.975","24.840","407"
"428","363746","20220712103000","553","0","新竹縣","竹北市","120.955","24.840","559"
"427","363748","20220712103000","304","2","新竹縣","竹北市","120.965","24.840","514"
"194","363755","20220712103000","69","3","新竹縣","竹北市","120.960","24.850","178"
"53","363765","20220712103000","259","0","宜蘭縣","礁溪鄉","121.790","24.795","61"
"63","363769","20220712103000","166","0","宜蘭縣","礁溪鄉","121.780","24.800","58"
"226","363770","20220712103000","240","0","宜蘭縣","礁溪鄉","121.785","24.800","208"
"186","363777","20220712103000","204","0","宜蘭縣","礁溪鄉","121.790","24.810","187"
"1111","363779","20220712103000","1184","0","宜蘭縣","礁溪鄉","121.775","24.830","1002"
"523","363783","20220712103000","355","2","宜蘭縣","礁溪鄉","121.780","24.835","558"
"543","363797","20220712103000","421","2","宜蘭縣","礁溪鄉","121.790","24.830","538"
"25","363798","20220712103000","48","0","宜蘭縣","礁溪鄉","121.785","24.835","33"
"999","363803","20220712103000","691","2","桃園市","平鎮區","121.200","24.890","1160"
"1163","363805","20220712103000","1382","0","新竹市","北區","120.955","24.805","1327"
"447","363808","20220712103000","620","0","新竹市","北區","120.945","24.815","447"
"321","363811","20220712103000","38","3","新竹市","北區","120.955","24.785","415"
"1663","363814","20220712103000","1443","1","新竹市","北區","120.955","24.790","1667"
"439","363815","20220712103000","588","0","新竹市","香山區","120.950","24.795","513"
"1662","363816","20220712103000","1612","1","桃園市","大溪區","121.290","24.885","1541"
"4797","363817","20220712103000","4479","1","新竹縣","寶山鄉","120.990","24.775","4750"
"4273","363818","20220712103000","2952","2","新竹縣","寶山鄉","120.995","24.775","4194"
"8849","363819","20220712103000","7785","1","新竹縣","寶山鄉","121.000","24.775","8975"
"7388","363821","20220712103000","6563","1","新竹市","東區","120.995","24.780","7315"
"1344","363824","20220712103000","748","3","新竹縣","竹北市","121.010","24.820","1489"
"1482","363825","20220712103000","1860","0","新竹縣","竹北市","121.015","24.820","1730"
"2338","363826","20220712103000","2071","1","新竹縣","竹北市","121.005","24.825","2460"
"2334","363827","20220712103000","2194","1","新竹縣","竹北市","121.010","24.825","2680"
"1334","363828","20220712103000","1286","1","新竹縣","竹北市","121.005","24.830","1637"
"722","363835","20220712103000","324","3","新竹縣","新埔鎮","121.050","24.835","735"
"332","363837","20220712103000","562","0","新竹縣","新埔鎮","121.045","24.840","388"
"512","363839","20220712103000","18","3","新竹縣","新埔鎮","121.055","24.840","574"
"19","363850","20220712103000","19","1","新竹縣","新埔鎮","121.035","24.840","14"
"918","363852","20220712103000","1110","0","新竹縣","新埔鎮","121.025","24.845","992"
"442","363854","20220712103000","38","3","新竹縣","新埔鎮","121.035","24.845","360"
"59","363855","20220712103000","194","0","新竹縣","新埔鎮","121.040","24.845","70"
"31","363860","20220712103000","22","2","新竹縣","新埔鎮","121.030","24.850","40"
"75","363864","20220712103000","75","1","桃園市","龍潭區","121.210","24.875","88"
"1172","363865","20220712103000","1052","1","桃園市","龍潭區","121.205","24.880","1416"
"184","363866","20220712103000","199","0","新竹縣","竹北市","120.980","24.840","205"
"422","363870","20220712103000","441","0","新竹縣","竹北市","120.975","24.850","470"
"323","363871","20220712103000","395","0","新竹縣","竹北市","120.980","24.850","410"
"88","363872","20220712103000","163","0","新竹縣","竹東鎮","121.055","24.775","95"
"1968","363875","20220712103000","274","3","新竹縣","竹東鎮","121.055","24.780","1878"
"198","363877","20220712103000","212","0","新竹縣","竹東鎮","121.055","24.785","188"
"78","363882","20220712103000","91","0","宜蘭縣","礁溪鄉","121.745","24.800","98"
"203","363884","20220712103000","179","1","宜蘭縣","礁溪鄉","121.755","24.800","215"
"1211","363890","20220712103000","663","3","宜蘭縣","礁溪鄉","121.740","24.780","1258"
"233","363899","20220712103000","211","1","宜蘭縣","礁溪鄉","121.740","24.790","214"
"59","363932","20220712103000","50","1","新竹市","香山區","120.915","24.775","73"
"286","363936","20220712103000","715","0","新竹市","香山區","120.950","24.775","345"
"250","363937","20220712103000","19","3","新竹市","香山區","120.955","24.775","189"
"261","363940","20220712103000","209","2","新竹市","香山區","120.950","24.780","295"
"356","363941","20220712103000","508","0","新竹市","香山區","120.935","24.795","466"
"291","363948","20220712103000","277","1","新竹市","香山區","120.925","24.800","368"
"1861","363957","20220712103000","1348","2","新竹縣","竹北市","120.995","24.835","2038"
"472","363960","20220712103000","902","0","新竹縣","竹北市","121.000","24.825","539"
"1271","363961","20220712103000","375","3","新竹縣","竹北市","120.990","24.830","1279"
"1490","363963","20220712103000","580","3","新竹縣","竹北市","121.000","24.830","1585"
"1150","363964","20220712103000","1447","0","新竹縣","竹北市","121.000","24.835","1297"
"456","363965","20220712103000","510","0","新竹縣","竹北市","121.005","24.835","523"
"442","363968","20220712103000","450","0","新竹縣","竹北市","120.970","24.835","506"
"2641","363976","20220712103000","2549","1","桃園市","龍潭區","121.215","24.860","2448"
"1089","363977","20220712103000","783","2","桃園市","龍潭區","121.210","24.865","1952"
"187","363980","20220712103000","123","3","新竹縣","新埔鎮","121.110","24.815","200"
"145","363983","20220712103000","39","3","新竹縣","新埔鎮","121.100","24.820","161"
"387","363985","20220712103000","475","0","新竹縣","新埔鎮","121.090","24.825","482"
"227","363989","20220712103000","281","0","新竹縣","關西鎮","121.110","24.825","242"
"320","363993","20220712103000","321","0","新竹市","北區","120.965","24.820","314"
"1934","363994","20220712103000","1499","2","新竹市","北區","120.970","24.820","2115"
"1379","363995","20220712103000","2258","0","新竹市","北區","120.955","24.810","1560"
"1594","363996","20220712103000","1774","0","新竹市","北區","120.960","24.810","1929"
"831","363997","20220712103000","775","1","宜蘭縣","頭城鎮","121.825","24.860","817"
"46","364010","20220712103000","31","2","桃園市","大溪區","121.295","24.835","31"
"15","364011","20220712103000","14","1","桃園市","大溪區","121.300","24.835","21"
"14","364012","20220712103000","30","0","桃園市","大溪區","121.305","24.835","35"
"48","364013","20220712103000","50","0","桃園市","大溪區","121.280","24.840","52"
"12","364014","20220712103000","41","0","桃園市","大溪區","121.285","24.840","14"
"748","364024","20220712103000","615","2","桃園市","大溪區","121.285","24.850","725"
"23","364032","20220712103000","269","0","桃園市","大溪區","121.295","24.855","56"
"33","364043","20220712103000","52","0","桃園市","大溪區","121.305","24.860","19"
"241","364050","20220712103000","212","1","桃園市","大溪區","121.295","24.865","193"
"112","364052","20220712103000","112","1","桃園市","大溪區","121.305","24.865","100"
"219","364061","20220712103000","190","1","桃園市","大溪區","121.300","24.870","280"
"160","364068","20220712103000","190","0","桃園市","大溪區","121.300","24.875","144"
"61","364070","20220712103000","48","2","桃園市","大溪區","121.310","24.875","68"
"286","364110","20220712103000","357","0","桃園市","大溪區","121.270","24.840","257"
"28","364116","20220712103000","14","3","桃園市","大溪區","121.275","24.850","58"
"452","364119","20220712103000","451","1","新竹縣","新豐鄉","121.005","24.885","483"
"498","364123","20220712103000","392","2","新竹縣","新豐鄉","121.005","24.890","537"
"260","364126","20220712103000","263","0","新竹縣","湖口鄉","121.020","24.890","297"
"189","364127","20220712103000","36","3","新竹縣","新豐鄉","120.995","24.875","197"
"227","364129","20220712103000","222","1","新竹縣","新豐鄉","120.990","24.880","265"
"227","364130","20220712103000","252","0","新竹縣","新豐鄉","120.990","24.885","228"
"1489","364132","20220712103000","1626","0","新竹縣","新豐鄉","120.990","24.890","1598"
"252","364139","20220712103000","294","0","新竹縣","湖口鄉","121.025","24.890","321"
"406","364141","20220712103000","443","0","新竹縣","湖口鄉","121.035","24.890","477"
"1467","364143","20220712103000","1441","1","新竹縣","湖口鄉","121.020","24.860","1510"
"577","364146","20220712103000","515","1","新竹縣","湖口鄉","121.015","24.865","500"
"930","364147","20220712103000","756","2","新竹縣","湖口鄉","121.020","24.865","1054"
"978","364148","20220712103000","1320","0","新竹縣","湖口鄉","121.025","24.865","1237"
"438","364149","20220712103000","735","0","新竹縣","湖口鄉","121.030","24.865","496"
"1033","364163","20220712103000","680","3","新竹縣","湖口鄉","121.035","24.875","1047"
"1285","364164","20220712103000","1759","0","新竹縣","湖口鄉","121.040","24.875","1503"
"240","364168","20220712103000","327","0","新竹縣","湖口鄉","121.035","24.880","268"
"225","364171","20220712103000","322","0","新竹縣","湖口鄉","121.050","24.880","276"
"44","364179","20220712103000","37","1","新竹縣","湖口鄉","121.065","24.875","37"
"157","364180","20220712103000","27","3","新竹縣","湖口鄉","121.070","24.875","87"
"243","364189","20220712103000","290","0","新竹縣","湖口鄉","121.075","24.880","271"
"117","364194","20220712103000","155","0","新竹縣","湖口鄉","121.070","24.885","165"
"301","364195","20220712103000","247","2","新竹縣","湖口鄉","121.075","24.885","339"
"533","364201","20220712103000","679","0","新竹縣","湖口鄉","121.055","24.880","598"
"211","364202","20220712103000","407","0","新竹縣","湖口鄉","121.060","24.880","251"
"383","364205","20220712103000","356","1","新竹縣","湖口鄉","121.050","24.885","469"
"56","364211","20220712103000","42","2","新竹縣","湖口鄉","121.105","24.880","52"
"330","364216","20220712103000","402","0","新竹縣","湖口鄉","121.090","24.885","418"
"376","364221","20220712103000","121","3","新竹縣","湖口鄉","121.095","24.885","568"
"147","364222","20220712103000","171","0","新竹縣","湖口鄉","121.100","24.885","161"
"491","364228","20220712103000","311","3","新竹縣","湖口鄉","121.110","24.890","424"
"394","364231","20220712103000","238","3","新竹縣","湖口鄉","121.085","24.885","409"
"258","364236","20220712103000","286","0","新竹縣","湖口鄉","121.080","24.890","298"
"355","364238","20220712103000","402","0","新竹縣","湖口鄉","121.090","24.890","470"
"3507","364239","20220712103000","3998","0","新竹縣","湖口鄉","121.015","24.870","3866"
"331","364240","20220712103000","562","0","新竹縣","湖口鄉","121.015","24.875","404"
"2353","364242","20220712103000","2108","1","新竹縣","湖口鄉","121.025","24.875","2476"
"954","364243","20220712103000","1094","0","新竹縣","湖口鄉","121.010","24.880","1066"
"2345","364244","20220712103000","2409","0","新竹市","北區","120.965","24.805","2884"
"31","364290","20220712103000","25","2","新北市","新店區","121.510","24.890","34"
"17","364291","20220712103000","29","0","新北市","新店區","121.515","24.890","33"
"287","364296","20220712103000","380","0","桃園市","大溪區","121.265","24.885","285"
"439","364314","20220712103000","351","2","桃園市","大溪區","121.280","24.870","950"
"74","364340","20220712103000","48","3","桃園市","大溪區","121.285","24.820","33"
"14","364349","20220712103000","13","1","桃園市","大溪區","121.295","24.825","11"
"161","364352","20220712103000","136","1","桃園市","大溪區","121.310","24.825","96"
"23","364355","20220712103000","18","2","桃園市","大溪區","121.300","24.830","22"
"142","364359","20220712103000","101","2","桃園市","大溪區","121.305","24.830","77"
"24","364384","20220712103000","43","0","桃園市","大溪區","121.335","24.845","23"
"563","364405","20220712103000","474","1","桃園市","大溪區","121.300","24.890","527"
"748","364409","20220712103000","444","3","新竹縣","湖口鄉","121.045","24.890","827"
"309","364410","20220712103000","162","3","新竹縣","湖口鄉","121.050","24.890","306"
"105","364419","20220712103000","115","0","新竹縣","湖口鄉","121.040","24.860","105"
"603","364424","20220712103000","611","0","新竹縣","湖口鄉","121.035","24.865","776"
"658","364429","20220712103000","522","2","新竹縣","湖口鄉","121.020","24.870","651"
"811","364430","20220712103000","1563","0","新竹縣","湖口鄉","121.025","24.870","946"
"633","364431","20220712103000","863","0","新竹縣","湖口鄉","121.030","24.870","768"
"1517","364432","20220712103000","1539","0","新竹縣","湖口鄉","121.035","24.870","1336"
"3746","364436","20220712103000","1902","3","新竹縣","湖口鄉","121.030","24.875","3365"
"23","364448","20220712103000","26","0","新竹縣","新埔鎮","121.095","24.805","25"
"417","364453","20220712103000","439","0","新竹縣","新埔鎮","121.090","24.810","478"
"91","364455","20220712103000","25","3","新竹縣","新埔鎮","121.100","24.810","85"
"98","364470","20220712103000","77","2","新竹縣","新埔鎮","121.095","24.855","106"
"331","364480","20220712103000","481","0","新竹縣","新埔鎮","121.060","24.835","336"
"193","364482","20220712103000","137","2","新竹縣","新埔鎮","121.060","24.840","231"
"1325","364497","20220712103000","2033","0","新竹縣","新埔鎮","121.085","24.830","1605"
"130","364505","20220712103000","43","3","新竹縣","芎林鄉","121.085","24.790","114"
"72","364507","20220712103000","71","1","新竹縣","新埔鎮","121.085","24.795","75"
"128","364516","20220712103000","40","3","新竹縣","新埔鎮","121.080","24.810","109"
"115","364518","20220712103000","134","0","新竹縣","新埔鎮","121.080","24.815","139"
"393","364538","20220712103000","430","0","新竹縣","新埔鎮","121.120","24.840","434"
"499","364549","20220712103000","579","0","新竹縣","新埔鎮","121.060","24.820","517"
"433","364554","20220712103000","79","3","新竹縣","新埔鎮","121.055","24.825","367"
"44","364555","20220712103000","197","0","新竹縣","新埔鎮","121.060","24.825","56"
"24","364557","20220712103000","374","0","新竹縣","新埔鎮","121.035","24.830","37"
"581","364558","20220712103000","699","0","新竹縣","新埔鎮","121.040","24.830","706"
"4299","364561","20220712103000","2067","3","新竹縣","新埔鎮","121.030","24.835","4501"
"26","364571","20220712103000","42","0","新竹縣","新埔鎮","121.145","24.855","27"
"1074","364579","20220712103000","1155","0","新竹縣","新埔鎮","121.080","24.830","1152"
"185","364580","20220712103000","90","3","新竹縣","新埔鎮","121.075","24.830","183"
"454","364581","20220712103000","397","1","宜蘭縣","宜蘭市","121.760","24.770","474"
"394","364583","20220712103000","236","3","宜蘭縣","宜蘭市","121.770","24.770","416"
"110","364585","20220712103000","135","0","宜蘭縣","宜蘭市","121.765","24.770","134"
"217","364586","20220712103000","186","1","宜蘭縣","宜蘭市","121.760","24.775","218"
"310","364587","20220712103000","290","1","宜蘭縣","宜蘭市","121.760","24.780","343"
"145","364588","20220712103000","148","0","桃園市","平鎮區","121.185","24.890","135"
"260","364590","20220712103000","333","0","桃園市","大溪區","121.285","24.865","270"
"504","364594","20220712103000","382","2","桃園市","大溪區","121.285","24.875","501"
"1027","364597","20220712103000","929","1","桃園市","大溪區","121.285","24.880","982"
"627","364599","20220712103000","904","0","桃園市","大溪區","121.295","24.880","620"
"1233","364601","20220712103000","1070","1","桃園市","大溪區","121.270","24.880","1075"
"276","364607","20220712103000","277","0","桃園市","楊梅區","121.180","24.890","235"
"257","364609","20220712103000","248","1","桃園市","龍潭區","121.235","24.875","301"
"628","364612","20220712103000","528","1","桃園市","龍潭區","121.220","24.870","543"
"674","364613","20220712103000","442","3","桃園市","龍潭區","121.225","24.870","622"
"499","364614","20220712103000","301","3","桃園市","龍潭區","121.205","24.885","442"
"349","364615","20220712103000","167","3","桃園市","龍潭區","121.205","24.890","473"
"1842","364616","20220712103000","1851","0","桃園市","龍潭區","121.210","24.885","1524"
"263","364618","20220712103000","182","2","新竹縣","竹北市","120.990","24.835","207"
"424","364620","20220712103000","402","1","新竹縣","竹北市","120.990","24.840","408"
"297","364623","20220712103000","341","0","新竹縣","竹北市","120.990","24.845","344"
"508","364629","20220712103000","1061","0","新竹縣","竹北市","121.045","24.795","541"
"894","364631","20220712103000","897","0","新竹縣","竹北市","121.040","24.800","990"
"834","364632","20220712103000","371","3","新竹縣","竹北市","121.045","24.800","899"
"355","364633","20220712103000","577","0","新竹縣","竹北市","121.050","24.800","441"
"2709","364634","20220712103000","2732","0","新竹縣","竹北市","121.040","24.805","2728"
"858","364635","20220712103000","781","1","新竹縣","竹北市","121.045","24.805","881"
"1870","364637","20220712103000","1813","1","新竹縣","竹北市","121.020","24.810","1927"
"1394","364639","20220712103000","1064","2","新竹縣","竹北市","121.020","24.815","1553"
"1415","364640","20220712103000","2041","0","新竹縣","竹北市","121.025","24.815","1547"
"1012","364641","20220712103000","410","3","新竹縣","竹北市","121.020","24.820","1036"
"1435","364642","20220712103000","2382","0","新竹縣","竹北市","121.025","24.820","1564"
"853","364648","20220712103000","601","2","新竹市","北區","120.925","24.840","1039"
"632","364657","20220712103000","634","0","桃園市","龍潭區","121.210","24.890","845"
"74","364662","20220712103000","53","2","桃園市","復興區","121.325","24.775","87"
"15","364692","20220712103000","22","0","桃園市","復興區","121.335","24.790","31"
"167","364720","20220712103000","114","2","桃園市","復興區","121.345","24.805","211"
"475","364731","20220712103000","242","3","桃園市","復興區","121.350","24.815","305"
"160","364735","20220712103000","152","1","桃園市","復興區","121.350","24.820","133"
"139","364741","20220712103000","124","1","桃園市","復興區","121.370","24.825","183"
"20","364744","20220712103000","10","3","桃園市","復興區","121.365","24.830","10"
"13","364751","20220712103000","36","0","桃園市","復興區","121.360","24.780","13"
"166","364767","20220712103000","173","0","桃園市","復興區","121.375","24.800","116"
"56","364824","20220712103000","40","2","桃園市","復興區","121.375","24.785","19"
"38","364825","20220712103000","34","1","桃園市","復興區","121.380","24.785","35"
"59","364828","20220712103000","32","3","桃園市","復興區","121.395","24.785","49"
"12","364892","20220712103000","10","2","桃園市","復興區","121.275","24.790","14"
"143","364934","20220712103000","159","0","桃園市","復興區","121.305","24.800","154"
"52","364969","20220712103000","40","2","桃園市","復興區","121.400","24.805","55"
"18","364990","20220712103000","12","3","桃園市","復興區","121.375","24.815","23"
"78","365017","20220712103000","53","2","桃園市","復興區","121.390","24.825","46"
"13","365024","20220712103000","16","0","桃園市","復興區","121.375","24.830","13"
"415","365042","20220712103000","44","3","桃園市","復興區","121.385","24.835","209"
"200","365054","20220712103000","297","0","桃園市","楊梅區","121.155","24.880","173"
"122","365058","20220712103000","117","1","桃園市","楊梅區","121.155","24.885","119"
"404","365063","20220712103000","378","1","桃園市","楊梅區","121.150","24.885","413"
"175","365065","20220712103000","182","0","桃園市","楊梅區","121.160","24.885","174"
"31","365067","20220712103000","132","0","桃園市","楊梅區","121.150","24.890","43"
"613","365068","20220712103000","605","1","桃園市","楊梅區","121.155","24.890","571"
"802","365070","20220712103000","494","3","桃園市","楊梅區","121.170","24.885","932"
"1798","365073","20220712103000","2156","0","新竹市","北區","120.955","24.795","2105"
"116","365074","20220712103000","362","0","新竹市","香山區","120.955","24.780","121"
"1459","365075","20220712103000","1210","2","新竹市","香山區","120.945","24.790","1727"
"447","365076","20220712103000","290","3","新竹市","香山區","120.950","24.790","554"
"651","365079","20220712103000","801","0","新竹市","香山區","120.925","24.790","770"
"1305","365080","20220712103000","1454","0","新竹市","香山區","120.925","24.795","1601"
"608","365083","20220712103000","885","0","新竹市","香山區","120.940","24.775","661"
"149","365084","20220712103000","52","3","新竹市","香山區","120.930","24.780","129"
"377","365086","20220712103000","838","0","新竹市","香山區","120.940","24.780","379"
"224","365089","20220712103000","217","1","新竹市","香山區","120.935","24.785","256"
"1599","365090","20220712103000","1156","2","新竹縣","竹北市","121.015","24.840","1827"
"4291","365091","20220712103000","4824","0","新竹縣","竹北市","121.010","24.840","4637"
"807","365092","20220712103000","644","2","桃園市","龍潭區","121.210","24.880","689"
"421","365093","20220712103000","314","2","桃園市","龍潭區","121.215","24.880","912"
"599","365094","20220712103000","498","2","桃園市","龍潭區","121.215","24.885","467"
"531","365099","20220712103000","571","0","桃園市","龍潭區","121.200","24.875","500"
"454","365102","20220712103000","448","1","桃園市","龍潭區","121.195","24.885","400"
"426","365105","20220712103000","322","2","桃園市","龍潭區","121.200","24.885","588"
"1130","365121","20220712103000","593","3","桃園市","龍潭區","121.180","24.835","810"
"634","365122","20220712103000","544","1","桃園市","龍潭區","121.185","24.835","347"
"1091","365124","20220712103000","1038","1","桃園市","龍潭區","121.195","24.835","962"
"706","365133","20220712103000","803","0","桃園市","龍潭區","121.200","24.850","575"
"687","365138","20220712103000","596","1","桃園市","龍潭區","121.210","24.810","574"
"272","365145","20220712103000","359","0","桃園市","龍潭區","121.205","24.820","274"
"275","365150","20220712103000","227","2","桃園市","龍潭區","121.205","24.825","527"
"290","365153","20220712103000","252","1","桃園市","龍潭區","121.220","24.825","341"
"830","365158","20220712103000","1329","0","桃園市","龍潭區","121.205","24.835","831"
"901","365161","20220712103000","777","1","桃園市","龍潭區","121.205","24.840","818"
"241","365169","20220712103000","265","0","桃園市","龍潭區","121.230","24.885","208"
"778","365173","20220712103000","956","0","新竹市","北區","120.965","24.815","887"
"696","365174","20220712103000","738","0","新竹市","北區","120.960","24.820","807"
"1006","365175","20220712103000","1095","0","新竹市","北區","120.960","24.800","1166"
"1849","365176","20220712103000","2043","0","新竹市","東區","120.980","24.795","2026"
"961","365177","20220712103000","1655","0","新竹市","東區","120.985","24.795","1095"
"259","365178","20220712103000","273","0","新竹市","東區","120.985","24.790","255"
"1244","365183","20220712103000","835","2","新竹市","北區","120.975","24.820","1448"
"770","365184","20220712103000","697","1","新竹市","北區","120.975","24.825","871"
"461","365185","20220712103000","449","1","新竹市","北區","120.980","24.825","540"
"104","365199","20220712103000","186","0","新竹市","北區","120.950","24.820","100"
"1362","365210","20220712103000","1564","0","新竹市","東區","121.000","24.800","1353"
"2225","365211","20220712103000","2402","0","新竹市","東區","121.000","24.795","2496"
"444","365212","20220712103000","397","1","新竹市","東區","121.025","24.780","536"
"593","365213","20220712103000","643","0","桃園市","龍潭區","121.245","24.880","623"
"646","365219","20220712103000","762","0","桃園市","平鎮區","121.240","24.890","584"
"914","365221","20220712103000","1041","0","新竹市","北區","120.930","24.835","1015"
"611","365222","20220712103000","566","1","新竹市","北區","120.935","24.835","689"
"2158","365223","20220712103000","1713","2","新竹市","北區","120.970","24.825","2555"
"3644","365224","20220712103000","3033","2","新竹市","東區","120.975","24.815","4085"
"4414","365225","20220712103000","3906","1","新竹市","東區","120.980","24.815","5421"
"1049","365226","20220712103000","760","2","新竹市","北區","120.965","24.825","1219"
"389","365227","20220712103000","334","1","新竹市","北區","120.965","24.830","479"
"404","365229","20220712103000","485","0","桃園市","楊梅區","121.140","24.885","377"
"219","365231","20220712103000","214","1","桃園市","楊梅區","121.135","24.885","177"
"803","365234","20220712103000","777","1","桃園市","楊梅區","121.135","24.890","679"
"246","365235","20220712103000","269","0","桃園市","楊梅區","121.140","24.890","242"
"587","365236","20220712103000","782","0","桃園市","楊梅區","121.145","24.890","560"
"608","365237","20220712103000","564","1","新竹市","北區","120.950","24.805","759"
"821","365238","20220712103000","726","1","新竹市","北區","120.940","24.840","1041"
"587","365240","20220712103000","744","0","新竹市","北區","120.930","24.840","712"
"563","365241","20220712103000","496","1","新竹市","北區","120.935","24.840","670"
"105","365242","20220712103000","27","3","新竹市","北區","120.920","24.845","142"
"222","365243","20220712103000","275","0","新竹市","北區","120.925","24.845","215"
"532","365244","20220712103000","568","0","新竹市","北區","120.930","24.845","653"
"1429","365253","20220712103000","1465","0","新竹市","東區","120.965","24.800","1589"
"4823","365254","20220712103000","4275","1","新竹市","東區","121.005","24.795","5165"
"2415","365255","20220712103000","1950","2","新竹市","東區","121.010","24.795","2602"
"731","365258","20220712103000","800","0","新竹市","東區","121.015","24.795","827"
"858","365259","20220712103000","502","3","新竹市","東區","120.970","24.790","951"
"699","365261","20220712103000","656","1","新竹市","北區","120.955","24.815","790"
"3651","365262","20220712103000","3833","0","新竹市","北區","120.960","24.815","4309"
"18","365263","20220712103000","168","0","新竹市","北區","120.955","24.820","16"
"585","365264","20220712103000","571","1","新竹市","北區","120.955","24.825","669"
"3695","365265","20220712103000","4418","0","新竹市","東區","121.010","24.790","3859"
"408","365266","20220712103000","894","0","新竹市","東區","120.970","24.795","453"
"912","365267","20220712103000","1684","0","新竹市","東區","120.980","24.790","788"
"2795","365268","20220712103000","3009","0","新竹市","東區","120.970","24.805","3158"
"534","365269","20220712103000","616","0","新竹市","北區","120.945","24.805","624"
"631","365270","20220712103000","767","0","新竹市","香山區","120.950","24.800","727"
"1369","365271","20220712103000","1322","1","新竹市","北區","120.955","24.800","1551"
"122","365292","20220712103000","153","0","桃園市","復興區","121.340","24.820","79"
"96","365296","20220712103000","37","3","桃園市","復興區","121.340","24.825","121"
"256","365304","20220712103000","182","2","桃園市","大溪區","121.330","24.835","219"
"136","365315","20220712103000","143","0","桃園市","復興區","121.350","24.835","121"
"1325","365322","20220712103000","1403","0","新竹市","東區","120.970","24.815","1434"
"2990","365323","20220712103000","3267","0","新竹市","北區","120.965","24.810","3501"
"4317","365324","20220712103000","3988","1","新竹市","東區","120.990","24.800","4409"
"955","365325","20220712103000","958","0","新竹市","東區","120.990","24.805","986"
"121","365326","20220712103000","132","0","新竹市","東區","120.995","24.805","160"
"930","365327","20220712103000","2441","0","新竹市","東區","120.995","24.785","975"
"668","365328","20220712103000","1247","0","新竹市","東區","121.000","24.780","725"
"596","365330","20220712103000","868","0","新竹市","東區","120.990","24.785","694"
"1126","365331","20220712103000","2103","0","新竹市","東區","121.000","24.790","1286"
"778","365332","20220712103000","945","0","新竹市","東區","121.000","24.785","872"
"536","365334","20220712103000","940","0","新竹市","東區","120.990","24.795","523"
"1283","365335","20220712103000","2072","0","新竹市","東區","120.990","24.790","1432"
"1234","365336","20220712103000","1613","0","新竹市","東區","120.995","24.795","1325"
"1324","365337","20220712103000","1468","0","新竹市","東區","120.995","24.790","1382"
"397","365338","20220712103000","555","0","新竹市","北區","120.960","24.790","448"
"859","365339","20220712103000","741","1","新竹市","東區","120.980","24.800","996"
"352","365340","20220712103000","410","0","新竹市","東區","120.990","24.810","409"
"1141","365341","20220712103000","1364","0","新竹市","東區","120.985","24.815","1292"
"836","365346","20220712103000","1092","0","新竹市","東區","120.995","24.820","861"
"224","365347","20220712103000","184","2","新竹市","東區","121.005","24.800","230"
"31","365352","20220712103000","395","0","新竹市","東區","121.015","24.805","29"
"296","365356","20220712103000","393","0","桃園市","楊梅區","121.130","24.885","282"
"104","365363","20220712103000","110","0","桃園市","楊梅區","121.125","24.890","107"
"271","365364","20220712103000","290","0","桃園市","楊梅區","121.130","24.890","239"
"67","367498","20220712103000","106","0","宜蘭縣","頭城鎮","121.880","24.910","87"
"43","369694","20220712103000","51","0","宜蘭縣","頭城鎮","121.895","24.940","44"
"40","369695","20220712103000","193","0","宜蘭縣","頭城鎮","121.900","24.940","36"
"270","373866","20220712103000","430","0","新北市","板橋區","121.435","24.985","390"
"1978","373867","20220712103000","3395","0","新北市","中和區","121.515","24.990","2766"
"35","373876","20220712103000","43","0","宜蘭縣","頭城鎮","121.850","24.895","37"
"198","373895","20220712103000","205","0","宜蘭縣","頭城鎮","121.890","24.940","190"
"84","373934","20220712103000","106","0","宜蘭縣","頭城鎮","121.900","24.945","113"
"27","373935","20220712103000","17","3","宜蘭縣","頭城鎮","121.900","24.950","33"
"41","373940","20220712103000","38","1","宜蘭縣","頭城鎮","121.915","24.950","30"
"194","373951","20220712103000","168","1","宜蘭縣","頭城鎮","121.920","24.960","235"
"245","373977","20220712103000","181","2","新北市","雙溪區","121.795","24.900","290"
"58","373986","20220712103000","19","3","宜蘭縣","頭城鎮","121.855","24.900","47"
"190","373991","20220712103000","226","0","宜蘭縣","頭城鎮","121.865","24.905","169"
"93","373993","20220712103000","103","0","宜蘭縣","頭城鎮","121.850","24.905","102"
"1515","374034","20220712103000","1760","0","新北市","中和區","121.525","24.990","1650"
"2151","374036","20220712103000","3647","0","新北市","土城區","121.465","24.985","2476"
"2067","374037","20220712103000","2162","0","新北市","土城區","121.470","24.990","2557"
"941","374042","20220712103000","1099","0","新北市","土城區","121.470","24.975","1120"
"1158","374045","20220712103000","1707","0","新北市","新店區","121.545","24.980","1036"
"686","374046","20220712103000","541","2","新北市","中和區","121.480","24.965","751"
"31","374051","20220712103000","38","0","新北市","中和區","121.490","24.970","34"
"39","374054","20220712103000","49","0","新北市","中和區","121.495","24.975","47"
"189","374055","20220712103000","284","0","新北市","中和區","121.495","24.980","269"
"1053","374056","20220712103000","1000","1","新北市","中和區","121.505","24.985","1144"
"657","374067","20220712103000","756","0","新北市","三峽區","121.380","24.925","793"
"1310","374070","20220712103000","1541","0","新北市","三峽區","121.370","24.930","1613"
"373","374083","20220712103000","301","2","新北市","三峽區","121.405","24.905","417"
"45","374086","20220712103000","37","2","新北市","三峽區","121.380","24.910","59"
"84","374097","20220712103000","69","2","新北市","三峽區","121.350","24.895","116"
"41","374103","20220712103000","42","0","新北市","三峽區","121.350","24.900","47"
"197","374104","20220712103000","240","0","新北市","三峽區","121.355","24.900","227"
"108","374106","20220712103000","129","0","新北市","三峽區","121.365","24.900","121"
"179","374107","20220712103000","166","1","新北市","三峽區","121.360","24.905","249"
"265","374108","20220712103000","440","0","新北市","三峽區","121.365","24.905","292"
"526","374109","20220712103000","789","0","新北市","三峽區","121.365","24.910","616"
"146","374111","20220712103000","186","0","新北市","三峽區","121.365","24.920","164"
"36","374139","20220712103000","30","2","新北市","三峽區","121.465","24.915","38"
"38","374147","20220712103000","41","0","新北市","三峽區","121.455","24.920","41"
"54","374151","20220712103000","12","3","新北市","三峽區","121.475","24.920","60"
"150","374167","20220712103000","78","3","新北市","三峽區","121.445","24.925","129"
"172","374179","20220712103000","122","2","新北市","三峽區","121.455","24.930","173"
"46","374183","20220712103000","65","0","新北市","三峽區","121.445","24.935","56"
"2891","374196","20220712103000","3093","0","新北市","新店區","121.550","24.970","2642"
"621","374198","20220712103000","1521","0","新北市","新店區","121.550","24.975","707"
"615","374199","20220712103000","501","2","新北市","土城區","121.455","24.990","503"
"885","374200","20220712103000","790","1","新北市","土城區","121.440","24.980","1096"
"294","374201","20220712103000","314","0","新北市","土城區","121.445","24.980","482"
"3697","374203","20220712103000","3630","1","新北市","中和區","121.495","24.990","3661"
"1348","374204","20220712103000","1654","0","新北市","中和區","121.510","24.985","1615"
"6483","374205","20220712103000","6735","0","新北市","新店區","121.545","24.975","7427"
"1705","374206","20220712103000","1964","0","新北市","新店區","121.550","24.980","1981"
"1141","374207","20220712103000","1815","0","新北市","中和區","121.505","24.980","1424"
"63","374212","20220712103000","37","3","新北市","中和區","121.485","24.980","36"
"218","374215","20220712103000","234","0","新北市","中和區","121.485","24.990","331"
"108","374216","20220712103000","139","0","新北市","中和區","121.500","24.970","162"
"96","374217","20220712103000","116","0","新北市","中和區","121.500","24.975","579"
"395","374218","20220712103000","638","0","新北市","中和區","121.505","24.975","451"
"225","374219","20220712103000","414","0","新北市","新店區","121.510","24.975","328"
"80","374220","20220712103000","80","1","新北市","中和區","121.500","24.980","80"
"2504","374221","20220712103000","2981","0","新北市","樹林區","121.375","24.945","2811"
"1419","374222","20220712103000","949","2","新北市","三峽區","121.370","24.925","1128"
"683","374223","20220712103000","1184","0","新北市","三峽區","121.365","24.930","821"
"165","374240","20220712103000","93","3","新北市","三峽區","121.345","24.915","145"
"53","374252","20220712103000","153","0","新北市","三峽區","121.360","24.925","60"
"191","374255","20220712103000","163","1","新北市","三峽區","121.420","24.925","212"
"385","374266","20220712103000","232","3","新北市","中和區","121.500","24.985","492"
"183","374267","20220712103000","839","0","新北市","中和區","121.500","24.990","308"
"3300","374268","20220712103000","4119","0","新北市","中和區","121.510","24.990","4261"
"1977","374272","20220712103000","2437","0","新北市","三峽區","121.370","24.935","2400"
"419","374277","20220712103000","450","0","新北市","三峽區","121.370","24.900","475"
"229","374283","20220712103000","169","2","新北市","三峽區","121.395","24.935","206"
"390","374286","20220712103000","467","0","新北市","三峽區","121.400","24.940","507"
"179","374288","20220712103000","375","0","新北市","三峽區","121.405","24.945","221"
"268","374295","20220712103000","326","0","新北市","三峽區","121.390","24.930","335"
"401","374297","20220712103000","316","2","新北市","三峽區","121.400","24.930","476"
"348","374300","20220712103000","276","2","新北市","三峽區","121.415","24.925","414"
"331","374302","20220712103000","464","0","新北市","三峽區","121.410","24.930","373"
"25","374321","20220712103000","25","1","新北市","三峽區","121.420","24.900","36"
"114","374335","20220712103000","56","3","新北市","三峽區","121.435","24.905","120"
"76","374343","20220712103000","97","0","新北市","三峽區","121.420","24.910","73"
"142","374363","20220712103000","88","3","新北市","三峽區","121.425","24.920","167"
"10","374364","20220712103000","44","0","新北市","三峽區","121.430","24.920","13"
"151","374371","20220712103000","144","1","新北市","三峽區","121.425","24.925","157"
"404","374390","20220712103000","568","0","新北市","三峽區","121.360","24.935","486"
"2105","374391","20220712103000","2020","1","新北市","三峽區","121.365","24.935","2573"
"1263","374393","20220712103000","758","3","新北市","三峽區","121.375","24.935","833"
"349","374394","20220712103000","291","1","新北市","三峽區","121.380","24.935","445"
"1107","374396","20220712103000","1382","0","新北市","三峽區","121.380","24.940","1426"
"38","374399","20220712103000","31","2","新北市","三峽區","121.395","24.945","63"
"1464","374402","20220712103000","1853","0","新北市","三峽區","121.370","24.940","1300"
"1071","374403","20220712103000","1601","0","新北市","三峽區","121.375","24.940","1458"
"135","374405","20220712103000","258","0","新北市","三峽區","121.370","24.945","209"
"286","374408","20220712103000","297","0","新北市","三峽區","121.365","24.925","423"
"61","374410","20220712103000","37","3","新北市","三峽區","121.370","24.920","87"
"496","374412","20220712103000","502","0","新北市","三峽區","121.375","24.925","680"
"31","374414","20220712103000","26","1","新北市","三峽區","121.340","24.900","38"
"211","374418","20220712103000","275","0","新北市","三峽區","121.355","24.910","277"
"1025","374420","20220712103000","1242","0","新北市","三峽區","121.375","24.930","1351"
"324","374421","20220712103000","557","0","新北市","三峽區","121.385","24.930","429"
"1446","374422","20220712103000","2431","0","新北市","中和區","121.505","24.990","1616"
"915","374423","20220712103000","1538","0","新北市","土城區","121.455","24.985","1291"
"948","374424","20220712103000","824","1","新北市","土城區","121.470","24.985","1260"
"239","374427","20220712103000","38","3","宜蘭縣","頭城鎮","121.870","24.910","254"
"38","374433","20220712103000","26","2","宜蘭縣","頭城鎮","121.880","24.920","27"
"45","374451","20220712103000","32","2","宜蘭縣","頭城鎮","121.885","24.935","34"
"1599","374458","20220712103000","2441","0","新北市","中和區","121.520","24.990","2233"
"1781","374459","20220712103000","2231","0","新北市","樹林區","121.415","24.980","2193"
"1815","374462","20220712103000","1700","1","新北市","樹林區","121.385","24.955","1433"
"45","374466","20220712103000","60","0","新北市","樹林區","121.380","24.970","48"
"41","374467","20220712103000","97","0","新北市","樹林區","121.385","24.970","73"
"297","374493","20220712103000","535","0","新北市","新店區","121.535","24.990","439"
"359","374494","20220712103000","186","3","新北市","新店區","121.530","24.955","386"
"155","374495","20220712103000","88","3","新北市","新店區","121.535","24.955","182"
"831","374496","20220712103000","997","0","新北市","新店區","121.535","24.960","970"
"470","374498","20220712103000","257","3","新北市","新店區","121.520","24.970","633"
"1239","374500","20220712103000","2001","0","新北市","新店區","121.515","24.975","1515"
"1119","374512","20220712103000","1472","0","新北市","樹林區","121.420","24.990","1269"
"2059","374513","20220712103000","2015","1","新北市","中和區","121.510","24.980","2630"
"751","374514","20220712103000","720","1","新北市","土城區","121.460","24.975","953"
"299","374515","20220712103000","322","0","新北市","新店區","121.520","24.980","354"
"786","374516","20220712103000","836","0","新北市","新店區","121.520","24.985","753"
"229","374517","20220712103000","142","3","桃園市","大溪區","121.310","24.895","203"
"89","374520","20220712103000","83","1","桃園市","大溪區","121.330","24.895","74"
"15","374524","20220712103000","16","0","桃園市","大溪區","121.320","24.905","15"
"72","374544","20220712103000","59","2","桃園市","大溪區","121.305","24.925","234"
"690","374548","20220712103000","528","2","桃園市","中壢區","121.240","24.940","663"
"108","374549","20220712103000","84","2","桃園市","中壢區","121.245","24.940","370"
"202","374550","20220712103000","143","2","桃園市","中壢區","121.235","24.945","186"
"865","374551","20220712103000","694","2","桃園市","中壢區","121.240","24.945","745"
"1281","374552","20220712103000","1223","1","桃園市","中壢區","121.240","24.980","1297"
"441","374554","20220712103000","325","2","桃園市","中壢區","121.240","24.930","410"
"155","374555","20220712103000","260","0","桃園市","中壢區","121.245","24.930","288"
"581","374556","20220712103000","635","0","桃園市","中壢區","121.235","24.930","572"
"2137","374558","20220712103000","2064","1","桃園市","中壢區","121.250","24.930","2245"
"260","374560","20220712103000","215","2","桃園市","平鎮區","121.205","24.930","243"
"1283","374561","20220712103000","1073","1","桃園市","平鎮區","121.200","24.935","1266"
"89","374562","20220712103000","111","0","桃園市","平鎮區","121.205","24.935","147"
"842","374563","20220712103000","852","0","桃園市","平鎮區","121.205","24.940","779"
"1987","374564","20220712103000","2226","0","桃園市","平鎮區","121.210","24.955","1924"
"1854","374565","20220712103000","1893","0","桃園市","平鎮區","121.205","24.955","2014"
"785","374566","20220712103000","751","1","桃園市","平鎮區","121.240","24.910","719"
"80","374575","20220712103000","72","1","桃園市","平鎮區","121.195","24.945","176"
"1732","374577","20220712103000","2433","0","桃園市","平鎮區","121.200","24.950","1776"
"1252","374578","20220712103000","1237","1","桃園市","平鎮區","121.200","24.955","1206"
"1227","374579","20220712103000","1255","0","桃園市","平鎮區","121.215","24.950","1216"
"259","374580","20220712103000","310","0","新北市","樹林區","121.365","24.950","685"
"411","374582","20220712103000","437","0","新北市","樹林區","121.375","24.950","466"
"486","374587","20220712103000","595","0","新竹縣","新豐鄉","120.980","24.910","558"
"165","374593","20220712103000","108","3","新竹縣","新豐鄉","120.985","24.915","186"
"382","374594","20220712103000","366","1","新竹縣","新豐鄉","120.970","24.920","407"
"1508","374598","20220712103000","1780","0","桃園市","中壢區","121.245","24.970","1476"
"2336","374599","20220712103000","1967","1","桃園市","中壢區","121.240","24.975","2155"
"1228","374600","20220712103000","779","3","桃園市","中壢區","121.250","24.980","1121"
"1558","374601","20220712103000","1242","2","桃園市","中壢區","121.250","24.975","1575"
"1347","374602","20220712103000","1730","0","桃園市","中壢區","121.260","24.975","1550"
"498","374603","20220712103000","649","0","桃園市","中壢區","121.210","24.960","581"
"880","374604","20220712103000","1040","0","新北市","中和區","121.490","24.990","1119"
"310","374605","20220712103000","458","0","新北市","土城區","121.445","24.990","362"
"154","374606","20220712103000","148","1","新北市","新店區","121.545","24.960","210"
"2067","374607","20220712103000","2102","0","新北市","新店區","121.535","24.965","2480"
"2569","374608","20220712103000","1750","2","新北市","新店區","121.535","24.970","2371"
"1795","374609","20220712103000","1143","3","新北市","鶯歌區","121.350","24.955","1779"
"1321","374610","20220712103000","1230","1","新北市","鶯歌區","121.345","24.950","1399"
"257","374612","20220712103000","193","2","桃園市","龜山區","121.335","24.980","262"
"1879","374613","20220712103000","1603","1","新北市","鶯歌區","121.335","24.975","1756"
"912","374614","20220712103000","891","1","新北市","鶯歌區","121.340","24.940","986"
"247","374617","20220712103000","335","0","新北市","鶯歌區","121.335","24.945","501"
"647","374618","20220712103000","526","2","新北市","鶯歌區","121.340","24.945","541"
"182","374620","20220712103000","261","0","新北市","鶯歌區","121.330","24.950","277"
"2370","374622","20220712103000","2132","1","新北市","鶯歌區","121.345","24.955","2437"
"94","374623","20220712103000","95","0","新北市","鶯歌區","121.365","24.955","93"
"448","374626","20220712103000","239","3","新北市","鶯歌區","121.370","24.960","361"
"261","374630","20220712103000","137","3","新北市","鶯歌區","121.375","24.965","183"
"141","374631","20220712103000","178","0","新北市","樹林區","121.380","24.965","185"
"131","374641","20220712103000","140","0","新北市","鶯歌區","121.355","24.975","122"
"1918","374648","20220712103000","1432","2","桃園市","中壢區","121.250","24.935","1957"
"179","374649","20220712103000","45","3","新竹縣","新豐鄉","120.980","24.895","191"
"932","374653","20220712103000","629","2","桃園市","八德區","121.300","24.955","764"
"2023","374654","20220712103000","2249","0","桃園市","中壢區","121.225","24.965","2212"
"253","374656","20220712103000","203","2","桃園市","大溪區","121.250","24.895","237"
"412","374659","20220712103000","316","2","桃園市","大溪區","121.265","24.895","372"
"296","374662","20220712103000","481","0","桃園市","大溪區","121.265","24.900","335"
"1124","374664","20220712103000","1558","0","桃園市","大溪區","121.260","24.905","1088"
"8356","374674","20220712103000","9048","0","新北市","新店區","121.535","24.985","7897"
"598","374675","20220712103000","886","0","新北市","新店區","121.540","24.985","623"
"131","374676","20220712103000","732","0","新北市","新店區","121.505","24.945","145"
"752","374679","20220712103000","702","1","新北市","新店區","121.500","24.955","817"
"1457","374680","20220712103000","702","3","新北市","新店區","121.505","24.955","1468"
"104","374683","20220712103000","101","1","新北市","新店區","121.500","24.960","105"
"1725","374685","20220712103000","2538","0","新北市","新店區","121.510","24.960","2590"
"370","374692","20220712103000","387","0","新北市","中和區","121.490","24.980","204"
"682","374694","20220712103000","582","1","新北市","中和區","121.490","24.985","1080"
"181","374695","20220712103000","161","1","新北市","中和區","121.495","24.985","222"
"19","374714","20220712103000","41","0","新北市","坪林區","121.735","24.950","20"
"138","374733","20220712103000","156","0","新北市","坪林區","121.700","24.960","137"
"108","374748","20220712103000","123","0","新北市","坪林區","121.725","24.960","140"
"21","374749","20220712103000","32","0","新北市","坪林區","121.705","24.965","33"
"358","374755","20220712103000","171","3","新北市","坪林區","121.705","24.935","173"
"152","374759","20220712103000","452","0","新北市","坪林區","121.710","24.940","132"
"454","374760","20220712103000","456","0","新北市","坪林區","121.720","24.940","514"
"153","374766","20220712103000","159","0","新北市","坪林區","121.700","24.950","76"
"22","374772","20220712103000","17","2","新北市","坪林區","121.710","24.890","18"
"48","374784","20220712103000","56","0","新北市","坪林區","121.700","24.905","71"
"31","374792","20220712103000","29","1","新北市","坪林區","121.700","24.915","33"
"38","374801","20220712103000","31","2","新北市","坪林區","121.700","24.920","40"
"164","374804","20220712103000","138","1","新北市","坪林區","121.695","24.925","165"
"236","374823","20220712103000","305","0","新北市","坪林區","121.715","24.925","298"
"36","374907","20220712103000","32","1","新北市","坪林區","121.785","24.955","24"
"44","374921","20220712103000","49","0","新北市","坪林區","121.730","24.965","36"
"26","374929","20220712103000","25","1","新北市","坪林區","121.770","24.965","19"
"20","374932","20220712103000","17","1","新北市","坪林區","121.785","24.965","16"
"29","374980","20220712103000","13","3","新北市","坪林區","121.730","24.895","22"
"33","375116","20220712103000","38","0","新北市","坪林區","121.680","24.915","40"
"107","375126","20220712103000","104","1","新北市","坪林區","121.680","24.930","70"
"93","375135","20220712103000","95","0","新北市","石碇區","121.665","24.940","108"
"1253","375152","20220712103000","1579","0","新北市","新店區","121.535","24.980","1424"
"500","375153","20220712103000","347","2","新北市","新店區","121.495","24.945","494"
"415","375154","20220712103000","339","2","新北市","新店區","121.495","24.950","507"
"1896","375155","20220712103000","3523","0","新北市","新店區","121.545","24.970","2325"
"454","375159","20220712103000","340","2","新北市","新店區","121.535","24.940","404"
"421","375160","20220712103000","165","3","新北市","新店區","121.540","24.940","375"
"2190","375167","20220712103000","1847","1","桃園市","八德區","121.295","24.960","2025"
"446","375168","20220712103000","388","1","桃園市","中壢區","121.205","24.965","466"
"14","375172","20220712103000","21","0","桃園市","中壢區","121.190","24.975","31"
"46","375176","20220712103000","89","0","桃園市","中壢區","121.210","24.975","75"
"2385","375180","20220712103000","2981","0","桃園市","中壢區","121.255","24.975","2216"
"1196","375181","20220712103000","1060","1","桃園市","平鎮區","121.220","24.950","1160"
"1334","375182","20220712103000","1423","0","桃園市","中壢區","121.225","24.945","1330"
"2975","375183","20220712103000","2086","2","桃園市","中壢區","121.230","24.955","2946"
"564","375185","20220712103000","645","0","桃園市","中壢區","121.220","24.985","512"
"2088","375190","20220712103000","2117","0","桃園市","八德區","121.300","24.960","2145"
"884","375191","20220712103000","972","0","新竹縣","湖口鄉","121.050","24.905","1132"
"359","375194","20220712103000","391","0","新竹縣","湖口鄉","121.055","24.910","462"
"244","375195","20220712103000","261","0","新竹縣","湖口鄉","121.050","24.915","303"
"927","375199","20220712103000","1842","0","桃園市","楊梅區","121.060","24.920","1109"
"233","375200","20220712103000","264","0","新竹縣","湖口鄉","121.055","24.925","307"
"1433","375202","20220712103000","1475","0","桃園市","八德區","121.295","24.965","1470"
"2478","375203","20220712103000","2195","1","桃園市","中壢區","121.225","24.955","2327"
"1661","375204","20220712103000","1707","0","桃園市","中壢區","121.225","24.960","1610"
"889","375206","20220712103000","1166","0","桃園市","中壢區","121.260","24.965","1085"
"1191","375207","20220712103000","861","2","桃園市","八德區","121.300","24.970","1022"
"2499","375208","20220712103000","1662","3","桃園市","桃園區","121.305","24.975","2202"
"1411","375209","20220712103000","1599","0","桃園市","八德區","121.300","24.975","1311"
"319","375215","20220712103000","247","2","桃園市","八德區","121.300","24.925","327"
"663","375216","20220712103000","693","0","新北市","土城區","121.450","24.990","1150"
"1582","375217","20220712103000","1675","0","新北市","土城區","121.440","24.975","1153"
"1138","375218","20220712103000","1380","0","新北市","土城區","121.465","24.975","1362"
"2218","375220","20220712103000","1416","3","新北市","新店區","121.540","24.970","1562"
"195","375229","20220712103000","219","0","新北市","新店區","121.475","24.940","195"
"85","375230","20220712103000","379","0","新北市","新店區","121.480","24.940","94"
"155","375239","20220712103000","221","0","新北市","新店區","121.485","24.950","141"
"734","375244","20220712103000","1110","0","新北市","新店區","121.510","24.970","872"
"829","375246","20220712103000","933","0","新北市","新店區","121.515","24.970","938"
"1142","375247","20220712103000","1822","0","桃園市","中壢區","121.210","24.965","1130"
"2262","375250","20220712103000","2772","0","桃園市","中壢區","121.235","24.970","2270"
"930","375252","20220712103000","812","1","桃園市","中壢區","121.235","24.975","911"
"898","375253","20220712103000","1758","0","桃園市","中壢區","121.235","24.980","648"
"142","375255","20220712103000","552","0","桃園市","中壢區","121.235","24.985","273"
"1173","375256","20220712103000","1637","0","桃園市","中壢區","121.230","24.990","1261"
"1544","375258","20220712103000","1186","2","桃園市","八德區","121.295","24.945","1621"
"383","375259","20220712103000","391","0","桃園市","八德區","121.295","24.950","356"
"1143","375260","20220712103000","806","2","桃園市","八德區","121.275","24.965","1173"
"644","375261","20220712103000","589","1","桃園市","八德區","121.280","24.970","667"
"1211","375264","20220712103000","1609","0","桃園市","中壢區","121.195","24.960","1028"
"76","375265","20220712103000","166","0","桃園市","中壢區","121.200","24.960","134"
"2142","375266","20220712103000","3259","0","桃園市","平鎮區","121.190","24.965","2078"
"639","375269","20220712103000","946","0","桃園市","平鎮區","121.190","24.970","549"
"2837","375271","20220712103000","1741","3","桃園市","中壢區","121.205","24.960","2574"
"1586","375272","20220712103000","1137","2","桃園市","中壢區","121.260","24.950","1569"
"1780","375273","20220712103000","1017","3","桃園市","中壢區","121.260","24.955","2088"
"533","375274","20220712103000","436","2","桃園市","八德區","121.290","24.960","525"
"556","375275","20220712103000","1120","0","桃園市","八德區","121.265","24.970","497"
"447","375276","20220712103000","1240","0","桃園市","八德區","121.275","24.970","403"
"474","375278","20220712103000","937","0","桃園市","八德區","121.270","24.970","449"
"1256","375279","20220712103000","1095","1","桃園市","八德區","121.275","24.975","1206"
"1375","375281","20220712103000","1042","2","桃園市","八德區","121.295","24.925","1060"
"195","375296","20220712103000","241","0","新竹縣","新豐鄉","121.005","24.925","265"
"226","375299","20220712103000","206","1","新竹縣","新豐鄉","121.020","24.925","276"
"202","375303","20220712103000","142","2","新竹縣","新豐鄉","120.965","24.895","192"
"260","375308","20220712103000","260","1","新竹縣","新豐鄉","120.970","24.900","280"
"1662","375316","20220712103000","2357","0","新北市","土城區","121.420","24.960","1878"
"292","375317","20220712103000","428","0","新北市","土城區","121.410","24.955","349"
"762","375318","20220712103000","742","1","新北市","土城區","121.415","24.955","915"
"159","375319","20220712103000","134","1","新北市","新店區","121.515","24.980","177"
"103","375320","20220712103000","52","3","新北市","新店區","121.515","24.945","138"
"236","375321","20220712103000","374","0","新北市","新店區","121.520","24.945","324"
"32","375323","20220712103000","72","0","新北市","新店區","121.520","24.950","46"
"50","375324","20220712103000","24","3","新北市","新店區","121.525","24.950","68"
"256","375325","20220712103000","393","0","新北市","新店區","121.515","24.955","264"
"903","375326","20220712103000","449","3","新北市","新店區","121.520","24.955","1153"
"229","375330","20220712103000","236","0","新北市","新店區","121.530","24.960","287"
"657","375332","20220712103000","678","0","新北市","新店區","121.525","24.965","722"
"17","375333","20220712103000","510","0","新北市","新店區","121.520","24.965","26"
"1481","375335","20220712103000","1917","0","新北市","新店區","121.540","24.975","1665"
"574","375346","20220712103000","1488","0","新北市","新店區","121.505","24.920","633"
"375","375357","20220712103000","376","0","新北市","新店區","121.510","24.925","440"
"37","375361","20220712103000","36","1","新北市","新店區","121.530","24.925","46"
"3972","375369","20220712103000","5005","0","新北市","新店區","121.540","24.980","4383"
"718","375370","20220712103000","806","0","新北市","新店區","121.530","24.950","919"
"1148","375371","20220712103000","740","3","新北市","新店區","121.550","24.955","1034"
"78","375372","20220712103000","270","0","新北市","新店區","121.555","24.955","87"
"316","375374","20220712103000","348","0","新北市","新店區","121.555","24.965","378"
"40","375384","20220712103000","58","0","新北市","新店區","121.500","24.920","45"
"65","375390","20220712103000","91","0","新北市","新店區","121.505","24.930","64"
"26","375394","20220712103000","24","1","新北市","新店區","121.510","24.935","29"
"350","375399","20220712103000","349","1","新北市","新店區","121.505","24.940","432"
"1143","375400","20220712103000","967","1","桃園市","八德區","121.320","24.960","1112"
"1172","375401","20220712103000","968","2","桃園市","八德區","121.325","24.970","1407"
"646","375402","20220712103000","463","2","桃園市","八德區","121.300","24.930","605"
"491","375403","20220712103000","485","1","桃園市","八德區","121.305","24.930","422"
"73","375404","20220712103000","85","0","桃園市","八德區","121.300","24.935","132"
"877","375405","20220712103000","1110","0","桃園市","八德區","121.305","24.935","904"
"118","375407","20220712103000","169","0","桃園市","八德區","121.300","24.940","135"
"523","375408","20220712103000","462","1","桃園市","八德區","121.305","24.940","457"
"511","375410","20220712103000","573","0","桃園市","八德區","121.255","24.920","586"
"353","375417","20220712103000","386","0","桃園市","八德區","121.260","24.925","355"
"1175","375419","20220712103000","897","2","桃園市","八德區","121.270","24.975","1286"
"1979","375420","20220712103000","4307","0","桃園市","中壢區","121.240","24.955","2048"
"796","375421","20220712103000","2283","0","桃園市","中壢區","121.240","24.960","899"
"906","375422","20220712103000","1076","0","桃園市","中壢區","121.245","24.960","1059"
"99","375423","20220712103000","88","1","桃園市","中壢區","121.245","24.965","105"
"1559","375427","20220712103000","946","3","桃園市","中壢區","121.255","24.960","1718"
"121","375435","20220712103000","170","0","新竹縣","新豐鄉","121.005","24.930","112"
"10","375443","20220712103000","10","1","新竹縣","新豐鄉","121.015","24.935","17"
"136","375452","20220712103000","128","1","新竹縣","新豐鄉","121.000","24.905","133"
"308","375460","20220712103000","291","1","新竹縣","新豐鄉","121.010","24.910","343"
"214","375465","20220712103000","300","0","新竹縣","新豐鄉","121.025","24.915","265"
"242","375468","20220712103000","180","2","新竹縣","新豐鄉","121.035","24.930","304"
"1009","375480","20220712103000","1239","0","新竹縣","新豐鄉","120.985","24.900","1172"
"1134","375481","20220712103000","527","3","新竹縣","新豐鄉","120.990","24.900","1162"
"623","375484","20220712103000","1078","0","桃園市","中壢區","121.235","24.950","700"
"2211","375485","20220712103000","2490","0","新北市","土城區","121.445","24.970","2775"
"654","375486","20220712103000","744","0","新北市","土城區","121.445","24.975","843"
"2177","375487","20220712103000","2246","0","新北市","新店區","121.530","24.970","2152"
"1412","375488","20220712103000","1099","2","新北市","新店區","121.525","24.975","1588"
"730","375489","20220712103000","753","0","新北市","新店區","121.530","24.975","897"
"183","375490","20220712103000","68","3","新北市","新店區","121.525","24.980","228"
"1261","375492","20220712103000","1224","1","新北市","土城區","121.435","24.970","1651"
"1805","375493","20220712103000","3299","0","新北市","新店區","121.545","24.965","2075"
"4246","375495","20220712103000","4872","0","新北市","新店區","121.535","24.975","3899"
"423","375515","20220712103000","324","2","新北市","新店區","121.555","24.930","289"
"92","375517","20220712103000","34","3","新北市","新店區","121.565","24.930","142"
"652","375521","20220712103000","565","1","新北市","新店區","121.550","24.935","720"
"499","375529","20220712103000","805","0","新北市","新店區","121.530","24.965","632"
"467","375530","20220712103000","1105","0","新北市","新店區","121.475","24.955","968"
"539","375534","20220712103000","658","0","新北市","中和區","121.485","24.965","631"
"995","375536","20220712103000","768","2","桃園市","中壢區","121.245","24.935","856"
"1242","375537","20220712103000","1253","0","桃園市","中壢區","121.260","24.970","1258"
"642","375539","20220712103000","735","0","桃園市","中壢區","121.255","24.935","574"
"667","375540","20220712103000","562","1","桃園市","中壢區","121.260","24.935","473"
"720","375541","20220712103000","1045","0","桃園市","中壢區","121.250","24.940","902"
"451","375542","20220712103000","514","0","桃園市","中壢區","121.260","24.940","325"
"1539","375543","20220712103000","1282","2","桃園市","中壢區","121.240","24.950","1496"
"373","375544","20220712103000","356","1","桃園市","中壢區","121.245","24.950","366"
"935","375548","20220712103000","626","2","桃園市","觀音區","121.150","24.965","921"
"322","375551","20220712103000","279","1","桃園市","觀音區","121.140","24.975","309"
"165","375559","20220712103000","140","1","桃園市","觀音區","121.135","24.985","161"
"975","375569","20220712103000","842","1","桃園市","觀音區","121.165","24.990","1015"
"508","375572","20220712103000","428","1","桃園市","八德區","121.320","24.945","409"
"659","375574","20220712103000","572","1","桃園市","八德區","121.315","24.950","692"
"693","375577","20220712103000","1085","0","桃園市","八德區","121.315","24.955","658"
"805","375578","20220712103000","744","1","桃園市","八德區","121.295","24.970","861"
"335","375581","20220712103000","358","0","桃園市","蘆竹區","121.270","24.990","671"
"319","375593","20220712103000","282","1","新北市","石碇區","121.675","24.970","157"
"37","375644","20220712103000","38","0","新北市","石碇區","121.635","24.950","27"
"40","375652","20220712103000","53","0","新北市","石碇區","121.635","24.955","53"
"35","375653","20220712103000","32","1","新北市","石碇區","121.640","24.955","46"
"78","375655","20220712103000","96","0","新北市","石碇區","121.650","24.955","111"
"142","375667","20220712103000","162","0","新北市","石碇區","121.630","24.965","123"
"26","375811","20220712103000","29","0","新北市","石碇區","121.645","24.930","16"
"75","375839","20220712103000","85","0","新北市","石碇區","121.670","24.980","64"
"34","375840","20220712103000","30","1","新北市","石碇區","121.675","24.980","117"
"54","375891","20220712103000","46","1","新北市","石碇區","121.660","24.975","67"
"123","375897","20220712103000","100","2","新北市","石碇區","121.665","24.980","234"
"35","375941","20220712103000","36","0","新北市","貢寮區","121.885","24.985","36"
"172","375959","20220712103000","103","3","新北市","土城區","121.445","24.960","177"
"717","375963","20220712103000","981","0","新北市","土城區","121.435","24.975","909"
"838","375967","20220712103000","939","0","新北市","土城區","121.440","24.970","1004"
"437","375969","20220712103000","820","0","新北市","土城區","121.455","24.970","437"
"144","375970","20220712103000","165","0","新北市","新店區","121.550","24.960","182"
"309","375971","20220712103000","376","0","新北市","新店區","121.550","24.965","394"
"110","375972","20220712103000","84","2","新北市","新店區","121.580","24.910","97"
"127","375990","20220712103000","135","0","新北市","新店區","121.570","24.930","183"
"69","375994","20220712103000","75","0","新北市","新店區","121.590","24.930","98"
"37","376005","20220712103000","21","3","新北市","新店區","121.570","24.940","37"
"127","376023","20220712103000","129","0","新北市","新店區","121.580","24.950","97"
"74","376024","20220712103000","54","2","新北市","新店區","121.585","24.950","86"
"43","376033","20220712103000","23","3","新北市","新店區","121.605","24.955","32"
"210","376045","20220712103000","250","0","新北市","新店區","121.500","24.935","246"
"62","376049","20220712103000","43","2","新北市","新店區","121.500","24.940","77"
"1475","376051","20220712103000","1725","0","新北市","新店區","121.490","24.945","1747"
"265","376052","20220712103000","341","0","新北市","新店區","121.490","24.950","312"
"404","376060","20220712103000","449","0","新北市","新店區","121.545","24.955","457"
"551","376063","20220712103000","676","0","新北市","新店區","121.560","24.955","694"
"781","376064","20220712103000","700","1","新北市","新店區","121.565","24.955","932"
"66","376065","20220712103000","87","0","新北市","新店區","121.570","24.955","55"
"30","376068","20220712103000","66","0","新北市","新店區","121.560","24.960","29"
"13","376072","20220712103000","44","0","新北市","新店區","121.580","24.960","21"
"22","376096","20220712103000","12","3","新北市","新店區","121.570","24.900","22"
"20","376099","20220712103000","282","0","新北市","新店區","121.555","24.905","37"
"425","376101","20220712103000","388","1","新北市","新店區","121.545","24.910","403"
"801","376106","20220712103000","558","2","桃園市","觀音區","121.155","24.975","748"
"343","376109","20220712103000","281","2","桃園市","觀音區","121.150","24.980","348"
"316","376115","20220712103000","311","1","桃園市","觀音區","121.135","24.990","515"
"1451","376118","20220712103000","2317","0","新北市","新店區","121.515","24.985","1910"
"313","376123","20220712103000","532","0","新北市","土城區","121.445","24.950","399"
"11","376124","20220712103000","15","0","新北市","土城區","121.450","24.950","18"
"270","376130","20220712103000","182","2","新北市","土城區","121.440","24.965","251"
"519","376131","20220712103000","879","0","新北市","土城區","121.430","24.970","588"
"1385","376132","20220712103000","1787","0","新北市","土城區","121.435","24.965","1525"
"501","376133","20220712103000","552","0","新北市","板橋區","121.430","24.975","551"
"1531","376134","20220712103000","2158","0","臺北市","文山區","121.545","24.985","1830"
"304","376135","20220712103000","701","0","新北市","新店區","121.510","24.950","270"
"854","376136","20220712103000","934","0","新北市","新店區","121.515","24.960","920"
"196","376137","20220712103000","1314","0","新北市","新店區","121.515","24.965","199"
"2149","376141","20220712103000","2348","0","桃園市","八德區","121.320","24.965","1880"
"368","376145","20220712103000","540","0","新竹縣","湖口鄉","121.060","24.895","436"
"274","376148","20220712103000","903","0","新北市","土城區","121.455","24.980","361"
"595","376149","20220712103000","984","0","新北市","土城區","121.450","24.980","453"
"226","376150","20220712103000","623","0","新北市","新店區","121.540","24.955","309"
"183","376151","20220712103000","677","0","桃園市","中壢區","121.255","24.940","239"
"832","376153","20220712103000","831","1","桃園市","中壢區","121.250","24.965","837"
"1541","376154","20220712103000","1804","0","桃園市","中壢區","121.255","24.965","1433"
"4153","376155","20220712103000","6406","0","桃園市","中壢區","121.250","24.970","3684"
"172","376156","20220712103000","182","0","桃園市","八德區","121.320","24.955","225"
"179","376157","20220712103000","560","0","桃園市","八德區","121.325","24.955","357"
"687","376160","20220712103000","514","2","桃園市","八德區","121.325","24.965","591"
"2789","376161","20220712103000","2381","1","桃園市","桃園區","121.280","24.990","2833"
"90","376176","20220712103000","123","0","新北市","樹林區","121.405","24.990","119"
"33","376177","20220712103000","67","0","新北市","樹林區","121.410","24.990","33"
"806","376178","20220712103000","378","3","桃園市","平鎮區","121.205","24.895","750"
"592","376179","20220712103000","648","0","桃園市","平鎮區","121.195","24.895","601"
"1668","376180","20220712103000","1854","0","桃園市","平鎮區","121.200","24.895","1571"
"1499","376181","20220712103000","1182","2","桃園市","平鎮區","121.195","24.900","1261"
"344","376183","20220712103000","150","3","桃園市","平鎮區","121.205","24.900","285"
"924","376184","20220712103000","870","1","桃園市","平鎮區","121.195","24.905","908"
"763","376185","20220712103000","764","0","桃園市","平鎮區","121.200","24.905","673"
"153","376189","20220712103000","138","1","桃園市","平鎮區","121.215","24.900","144"
"367","376192","20220712103000","310","1","桃園市","平鎮區","121.215","24.905","292"
"1998","376194","20220712103000","1605","2","桃園市","桃園區","121.315","24.985","1810"
"874","376195","20220712103000","748","1","桃園市","中壢區","121.245","24.945","920"
"578","376196","20220712103000","456","2","桃園市","中壢區","121.250","24.945","494"
"316","376199","20220712103000","209","3","新北市","石碇區","121.660","24.990","310"
"58","376200","20220712103000","37","3","新北市","石碇區","121.685","24.960","84"
"49","376205","20220712103000","63","0","新北市","石碇區","121.680","24.970","52"
"209","376222","20220712103000","325","0","新北市","石碇區","121.690","24.980","184"
"14","376241","20220712103000","10","2","新北市","石碇區","121.715","24.990","16"
"263","376245","20220712103000","412","0","新北市","鶯歌區","121.340","24.960","287"
"302","376246","20220712103000","324","0","新北市","鶯歌區","121.340","24.965","306"
"164","376248","20220712103000","65","3","新北市","鶯歌區","121.340","24.970","141"
"537","376251","20220712103000","582","0","新北市","鶯歌區","121.345","24.975","532"
"385","376258","20220712103000","239","3","新北市","鶯歌區","121.320","24.935","290"
"718","376259","20220712103000","746","0","新北市","鶯歌區","121.325","24.935","771"
"433","376260","20220712103000","672","0","新北市","鶯歌區","121.330","24.935","455"
"569","376263","20220712103000","703","0","新北市","鶯歌區","121.330","24.940","684"
"364","376265","20220712103000","315","1","新北市","鶯歌區","121.335","24.930","358"
"724","376268","20220712103000","495","2","新北市","鶯歌區","121.345","24.935","625"
"2491","376269","20220712103000","2163","1","新北市","鶯歌區","121.355","24.955","2294"
"716","376270","20220712103000","591","2","新北市","鶯歌區","121.360","24.955","697"
"384","376273","20220712103000","558","0","新北市","鶯歌區","121.355","24.940","548"
"234","376274","20220712103000","385","0","新北市","鶯歌區","121.350","24.945","210"
"471","376277","20220712103000","437","1","新北市","鶯歌區","121.350","24.950","434"
"971","376280","20220712103000","1280","0","新北市","樹林區","121.395","24.970","1289"
"1056","376281","20220712103000","1587","0","桃園市","楊梅區","121.185","24.915","1015"
"829","376282","20220712103000","898","0","桃園市","楊梅區","121.180","24.920","855"
"443","376283","20220712103000","301","2","桃園市","楊梅區","121.185","24.920","458"
"597","376284","20220712103000","512","1","桃園市","中壢區","121.215","24.960","515"
"1255","376285","20220712103000","2173","0","桃園市","中壢區","121.215","24.965","1199"
"147","376287","20220712103000","108","2","桃園市","中壢區","121.175","24.975","333"
"185","376293","20220712103000","260","0","桃園市","中壢區","121.190","24.980","300"
"24","376295","20220712103000","33","0","桃園市","中壢區","121.175","24.980","29"
"1387","376297","20220712103000","1110","2","桃園市","中壢區","121.185","24.980","1329"
"227","376300","20220712103000","209","1","桃園市","中壢區","121.175","24.985","230"
"177","376301","20220712103000","134","2","桃園市","中壢區","121.180","24.985","146"
"1376","376307","20220712103000","725","3","桃園市","八德區","121.260","24.930","1693"
"1190","376308","20220712103000","1122","1","桃園市","平鎮區","121.220","24.945","1230"
"1757","376309","20220712103000","1881","0","桃園市","楊梅區","121.150","24.905","1783"
"479","376311","20220712103000","394","2","桃園市","平鎮區","121.220","24.920","419"
"447","376312","20220712103000","465","0","桃園市","平鎮區","121.220","24.925","472"
"876","376313","20220712103000","548","3","桃園市","平鎮區","121.205","24.915","865"
"1639","376315","20220712103000","1384","1","新北市","樹林區","121.390","24.960","1394"
"57","376320","20220712103000","71","0","新北市","樹林區","121.395","24.965","111"
"21","376321","20220712103000","192","0","新北市","樹林區","121.400","24.965","31"
"377","376325","20220712103000","393","0","新北市","樹林區","121.405","24.970","484"
"3078","376326","20220712103000","2882","1","新北市","樹林區","121.380","24.945","3076"
"824","376327","20220712103000","550","2","新北市","樹林區","121.385","24.945","662"
"1779","376330","20220712103000","1497","1","新北市","樹林區","121.380","24.950","2754"
"485","376331","20220712103000","457","1","新北市","樹林區","121.385","24.950","470"
"3608","376333","20220712103000","2438","2","新北市","樹林區","121.395","24.950","2314"
"515","376335","20220712103000","336","3","新北市","板橋區","121.435","24.990","357"
"3159","376337","20220712103000","2853","1","新北市","土城區","121.450","24.985","3867"
"1091","376338","20220712103000","1153","0","桃園市","中壢區","121.245","24.985","1790"
"2694","376341","20220712103000","2402","1","桃園市","中壢區","121.240","24.990","2243"
"568","376344","20220712103000","690","0","桃園市","中壢區","121.255","24.990","503"
"995","376345","20220712103000","905","1","桃園市","中壢區","121.255","24.980","756"
"388","376347","20220712103000","455","0","桃園市","中壢區","121.260","24.945","656"
"352","376348","20220712103000","309","1","桃園市","中壢區","121.255","24.950","252"
"1052","376349","20220712103000","574","3","桃園市","中壢區","121.165","24.960","995"
"472","376350","20220712103000","361","2","桃園市","中壢區","121.170","24.960","420"
"886","376351","20220712103000","763","1","桃園市","新屋區","121.155","24.960","824"
"235","376352","20220712103000","200","1","桃園市","中壢區","121.155","24.965","232"
"94","376353","20220712103000","721","0","桃園市","中壢區","121.160","24.965","180"
"219","376358","20220712103000","256","0","桃園市","中壢區","121.160","24.970","414"
"1958","376361","20220712103000","1540","2","桃園市","中壢區","121.175","24.970","1805"
"747","376370","20220712103000","914","0","新北市","樹林區","121.420","24.980","959"
"1118","376373","20220712103000","662","3","新北市","樹林區","121.420","24.975","1144"
"2243","376375","20220712103000","2659","0","新北市","板橋區","121.425","24.985","2575"
"1380","376380","20220712103000","1860","0","新北市","板橋區","121.430","24.985","1710"
"804","376381","20220712103000","695","1","桃園市","平鎮區","121.250","24.925","797"
"25","376385","20220712103000","53","0","桃園市","龜山區","121.350","24.985","42"
"430","376391","20220712103000","443","0","桃園市","龜山區","121.360","24.990","416"
"18","376392","20220712103000","11","3","桃園市","龜山區","121.365","24.990","24"
"140","376393","20220712103000","145","0","桃園市","龜山區","121.370","24.990","140"
"112","376400","20220712103000","291","0","桃園市","楊梅區","121.105","24.910","105"
"157","376403","20220712103000","154","1","桃園市","楊梅區","121.120","24.910","207"
"331","376407","20220712103000","322","1","桃園市","楊梅區","121.100","24.915","291"
"1133","376412","20220712103000","770","2","桃園市","楊梅區","121.125","24.915","1016"
"196","376419","20220712103000","200","0","新竹縣","湖口鄉","121.105","24.895","253"
"22","376422","20220712103000","79","0","桃園市","楊梅區","121.085","24.900","25"
"549","376427","20220712103000","423","2","桃園市","楊梅區","121.060","24.905","621"
"639","376431","20220712103000","284","3","桃園市","楊梅區","121.080","24.905","354"
"599","376438","20220712103000","369","3","桃園市","楊梅區","121.070","24.910","747"
"225","376440","20220712103000","156","2","桃園市","楊梅區","121.080","24.910","210"
"428","376443","20220712103000","366","1","桃園市","楊梅區","121.095","24.910","336"
"441","376447","20220712103000","371","1","桃園市","楊梅區","121.075","24.915","318"
"657","376456","20220712103000","698","0","桃園市","楊梅區","121.125","24.940","660"
"562","376457","20220712103000","247","3","桃園市","楊梅區","121.130","24.940","469"
"174","376471","20220712103000","215","0","新北市","深坑區","121.620","24.980","196"
"259","376485","20220712103000","463","0","新北市","樹林區","121.415","24.985","343"
"1716","376486","20220712103000","1633","1","新北市","樹林區","121.425","24.990","1999"
"666","376487","20220712103000","833","0","桃園市","平鎮區","121.200","24.945","648"
"3964","376488","20220712103000","3165","2","桃園市","平鎮區","121.205","24.945","3906"
"1208","376490","20220712103000","1411","0","桃園市","平鎮區","121.210","24.950","1202"
"1132","376491","20220712103000","1196","0","桃園市","平鎮區","121.210","24.900","992"
"1616","376492","20220712103000","1504","1","桃園市","平鎮區","121.210","24.905","1633"
"41","376500","20220712103000","51","0","新北市","土城區","121.445","24.940","45"
"48","376502","20220712103000","34","2","新北市","土城區","121.415","24.945","50"
"287","376508","20220712103000","210","2","新北市","土城區","121.410","24.950","512"
"144","376509","20220712103000","155","0","新北市","土城區","121.415","24.950","159"
"2402","376510","20220712103000","2012","1","桃園市","中壢區","121.230","24.945","2425"
"1614","376511","20220712103000","1843","0","桃園市","中壢區","121.235","24.955","1753"
"22","376512","20220712103000","17","2","桃園市","中壢區","121.220","24.970","18"
"637","376514","20220712103000","959","0","桃園市","中壢區","121.220","24.975","474"
"835","376517","20220712103000","399","3","桃園市","中壢區","121.215","24.980","749"
"32","376518","20220712103000","142","0","桃園市","中壢區","121.220","24.980","48"
"3180","376521","20220712103000","3175","1","桃園市","中壢區","121.220","24.960","3063"
"195","376522","20220712103000","199","0","新竹縣","新豐鄉","121.000","24.895","211"
"146","376524","20220712103000","58","3","新竹縣","新豐鄉","121.010","24.895","164"
"665","376531","20220712103000","561","1","桃園市","平鎮區","121.255","24.925","647"
"696","376532","20220712103000","816","0","新北市","樹林區","121.415","24.975","801"
"336","376533","20220712103000","616","0","新北市","樹林區","121.400","24.970","412"
"1890","376539","20220712103000","1821","1","新北市","樹林區","121.420","24.985","2183"
"2331","376540","20220712103000","2174","1","新北市","土城區","121.460","24.980","2874"
"1021","376541","20220712103000","1492","0","新北市","土城區","121.460","24.985","1296"
"1735","376542","20220712103000","1930","0","新北市","板橋區","121.430","24.990","2105"
"62","376544","20220712103000","52","1","新北市","平溪區","121.725","24.975","50"
"4311","376577","20220712103000","3293","2","新北市","板橋區","121.460","24.990","3955"
"496","376578","20220712103000","879","0","新北市","土城區","121.465","24.980","307"
"337","376584","20220712103000","539","0","新北市","土城區","121.425","24.960","454"
"558","376586","20220712103000","939","0","新北市","土城區","121.435","24.960","656"
"751","376587","20220712103000","1615","0","新北市","土城區","121.430","24.965","934"
"2616","376588","20220712103000","1804","2","桃園市","八德區","121.305","24.965","2367"
"894","376589","20220712103000","535","3","桃園市","桃園區","121.295","24.975","1652"
"808","376592","20220712103000","614","2","桃園市","中壢區","121.230","24.940","760"
"1228","376594","20220712103000","815","3","桃園市","平鎮區","121.245","24.915","1174"
"1706","376595","20220712103000","1467","1","桃園市","八德區","121.295","24.955","1815"
"463","376607","20220712103000","463","1","新竹縣","新豐鄉","120.985","24.920","504"
"765","376614","20220712103000","823","0","新竹縣","新豐鄉","120.990","24.930","949"
"580","376622","20220712103000","488","1","桃園市","中壢區","121.230","24.970","674"
"632","376623","20220712103000","558","1","桃園市","中壢區","121.225","24.975","680"
"1076","376624","20220712103000","1001","1","桃園市","中壢區","121.230","24.975","545"
"1770","376627","20220712103000","1608","1","桃園市","中壢區","121.230","24.980","1349"
"186","376628","20220712103000","101","3","新竹縣","湖口鄉","121.035","24.900","171"
"119","376629","20220712103000","82","2","新竹縣","湖口鄉","121.040","24.900","127"
"891","376633","20220712103000","813","1","新竹縣","湖口鄉","121.040","24.895","986"
"510","376636","20220712103000","359","2","新竹縣","湖口鄉","121.040","24.915","629"
"54","376641","20220712103000","149","0","新竹縣","湖口鄉","121.040","24.925","67"
"146","376651","20220712103000","129","1","新竹縣","湖口鄉","121.045","24.935","200"
"1754","376653","20220712103000","1897","0","桃園市","中壢區","121.235","24.965","1856"
"151","376655","20220712103000","164","0","桃園市","中壢區","121.240","24.970","217"
"123","376656","20220712103000","634","0","桃園市","中壢區","121.255","24.930","160"
"427","376658","20220712103000","403","1","新竹縣","湖口鄉","121.065","24.895","475"
"602","376665","20220712103000","434","2","新北市","鶯歌區","121.355","24.950","464"
"605","376666","20220712103000","647","0","新北市","鶯歌區","121.335","24.955","603"
"2049","376667","20220712103000","1905","1","新北市","鶯歌區","121.330","24.960","1970"
"56","376668","20220712103000","184","0","新北市","鶯歌區","121.335","24.960","100"
"11","376669","20220712103000","143","0","新北市","鶯歌區","121.335","24.950","24"
"539","376670","20220712103000","384","2","新北市","鶯歌區","121.340","24.950","489"
"1136","376674","20220712103000","879","2","新北市","鶯歌區","121.330","24.965","1069"
"1794","376675","20220712103000","1566","1","新北市","樹林區","121.425","24.980","2184"
"12","376678","20220712103000","189","0","新北市","樹林區","121.400","24.955","19"
"288","376679","20220712103000","187","3","新北市","樹林區","121.405","24.955","345"
"760","376680","20220712103000","595","2","新北市","樹林區","121.405","24.960","639"
"973","376682","20220712103000","926","1","新北市","樹林區","121.410","24.970","1088"
"280","376685","20220712103000","309","0","新北市","樹林區","121.400","24.975","335"
"646","376686","20220712103000","561","1","新北市","樹林區","121.405","24.975","827"
"1643","376687","20220712103000","1982","0","新北市","樹林區","121.410","24.975","1778"
"68","376690","20220712103000","113","0","新北市","樹林區","121.400","24.980","70"
"10","376691","20220712103000","11","0","新北市","樹林區","121.405","24.980","13"
"912","376699","20220712103000","1444","0","新北市","樹林區","121.410","24.980","1170"
"473","376700","20220712103000","632","0","新北市","樹林區","121.415","24.990","608"
"940","376701","20220712103000","727","2","新北市","新店區","121.500","24.945","1036"
"167","376703","20220712103000","169","0","新北市","新店區","121.565","24.905","221"
"471","376717","20220712103000","443","1","新北市","新店區","121.550","24.920","436"
"2126","376725","20220712103000","1851","1","新北市","新店區","121.540","24.960","2713"
"22","376752","20220712103000","16","2","新北市","新店區","121.535","24.905","18"
"31","376759","20220712103000","22","2","新北市","新店區","121.535","24.910","31"
"32","376761","20220712103000","21","3","新北市","新店區","121.520","24.915","42"
"61","376764","20220712103000","85","0","新北市","新店區","121.535","24.915","73"
"58","376766","20220712103000","59","0","新北市","新店區","121.545","24.915","47"
"1819","376768","20220712103000","2461","0","新北市","土城區","121.445","24.985","2246"
"1895","376769","20220712103000","1775","1","新北市","土城區","121.450","24.975","2132"
"399","376770","20220712103000","493","0","新北市","土城區","121.455","24.975","565"
"11","376771","20220712103000","493","0","新北市","土城區","121.410","24.960","11"
"2678","376772","20220712103000","3009","0","新北市","土城區","121.415","24.960","2934"
"653","376774","20220712103000","1941","0","新北市","土城區","121.420","24.965","690"
"1210","376775","20220712103000","1635","0","新北市","土城區","121.425","24.965","1429"
"854","376777","20220712103000","990","0","新北市","土城區","121.425","24.970","850"
"289","376787","20220712103000","279","1","新北市","土城區","121.470","24.960","437"
"183","376788","20220712103000","189","0","新北市","土城區","121.455","24.965","257"
"60","376791","20220712103000","57","1","新北市","土城區","121.470","24.965","67"
"21","376792","20220712103000","14","3","新北市","土城區","121.475","24.965","22"
"531","376796","20220712103000","837","0","新北市","土城區","121.460","24.970","853"
"3247","376798","20220712103000","3822","0","新北市","新店區","121.540","24.965","3932"
"12","376801","20220712103000","12","1","桃園市","大溪區","121.305","24.895","11"
"22","376808","20220712103000","109","0","桃園市","八德區","121.280","24.930","47"
"1036","376809","20220712103000","966","1","桃園市","八德區","121.285","24.930","1011"
"456","376810","20220712103000","327","2","桃園市","八德區","121.280","24.935","426"
"615","376813","20220712103000","557","1","桃園市","八德區","121.270","24.930","566"
"45","376815","20220712103000","50","0","桃園市","八德區","121.270","24.935","53"
"1078","376823","20220712103000","735","2","桃園市","八德區","121.280","24.925","1084"
"1497","376824","20220712103000","1233","2","桃園市","八德區","121.285","24.925","1415"
"3262","376825","20220712103000","3874","0","桃園市","中壢區","121.220","24.955","2687"
"1606","376826","20220712103000","1753","0","桃園市","中壢區","121.230","24.965","1772"
"1412","376828","20220712103000","1012","2","桃園市","八德區","121.275","24.980","1291"
"376","376829","20220712103000","396","0","桃園市","八德區","121.280","24.980","337"
"1411","376831","20220712103000","2088","0","新竹縣","湖口鄉","121.050","24.900","1496"
"1966","376832","20220712103000","2353","0","新竹縣","湖口鄉","121.045","24.900","2294"
"93","376834","20220712103000","45","3","新竹縣","湖口鄉","121.030","24.900","103"
"112","376835","20220712103000","52","3","新竹縣","湖口鄉","121.025","24.905","118"
"393","376845","20220712103000","565","0","桃園市","平鎮區","121.230","24.930","352"
"1649","376847","20220712103000","831","3","桃園市","中壢區","121.230","24.935","1620"
"857","376848","20220712103000","778","1","桃園市","中壢區","121.225","24.940","833"
"1841","376849","20220712103000","1509","2","桃園市","中壢區","121.245","24.975","1824"
"2511","376850","20220712103000","2249","1","桃園市","中壢區","121.245","24.980","2308"
"599","376851","20220712103000","429","2","桃園市","中壢區","121.250","24.985","594"
"639","376852","20220712103000","696","0","桃園市","中壢區","121.240","24.985","542"
"1341","376853","20220712103000","1276","1","桃園市","八德區","121.295","24.935","1269"
"269","376854","20220712103000","242","1","桃園市","八德區","121.295","24.940","250"
"1122","376855","20220712103000","1136","0","桃園市","八德區","121.295","24.930","1169"
"380","376856","20220712103000","391","0","桃園市","龜山區","121.335","24.985","474"
"2141","376857","20220712103000","2527","0","桃園市","龜山區","121.335","24.990","1892"
"608","376860","20220712103000","893","0","桃園市","龜山區","121.345","24.980","581"
"14","376865","20220712103000","128","0","桃園市","龜山區","121.360","24.985","23"
"1606","376866","20220712103000","1315","2","桃園市","平鎮區","121.220","24.940","1599"
"295","376871","20220712103000","269","1","桃園市","楊梅區","121.185","24.905","291"
"209","376875","20220712103000","161","2","桃園市","平鎮區","121.200","24.910","214"
"976","376878","20220712103000","485","3","桃園市","平鎮區","121.200","24.915","1024"
"199","376881","20220712103000","218","0","桃園市","平鎮區","121.200","24.920","179"
"596","376882","20220712103000","1363","0","桃園市","楊梅區","121.180","24.945","444"
"908","376886","20220712103000","765","1","桃園市","平鎮區","121.185","24.955","906"
"647","376887","20220712103000","784","0","桃園市","中壢區","121.175","24.960","593"
"825","376889","20220712103000","690","1","桃園市","平鎮區","121.185","24.960","773"
"675","376892","20220712103000","908","0","桃園市","中壢區","121.185","24.970","668"
"309","376894","20220712103000","264","1","桃園市","平鎮區","121.190","24.930","273"
"23","376895","20220712103000","38","0","桃園市","楊梅區","121.185","24.935","23"
"348","376899","20220712103000","365","0","桃園市","平鎮區","121.190","24.940","636"
"919","376900","20220712103000","622","2","桃園市","平鎮區","121.195","24.940","781"
"364","376915","20220712103000","344","1","桃園市","大溪區","121.310","24.930","297"
"756","376925","20220712103000","468","3","桃園市","大溪區","121.275","24.895","745"
"1108","376927","20220712103000","970","1","桃園市","大溪區","121.280","24.895","1138"
"779","376929","20220712103000","634","2","桃園市","大溪區","121.285","24.905","666"
"484","376930","20220712103000","420","1","桃園市","大溪區","121.280","24.900","423"
"549","376931","20220712103000","507","1","桃園市","大溪區","121.280","24.905","956"
"1176","376932","20220712103000","911","2","桃園市","龜山區","121.325","24.990","1123"
"1467","376933","20220712103000","1388","1","桃園市","桃園區","121.325","24.980","1244"
"2572","376934","20220712103000","2476","1","桃園市","龜山區","121.330","24.980","2738"
"3098","376936","20220712103000","2193","2","桃園市","桃園區","121.320","24.985","2910"
"4737","376937","20220712103000","4294","1","桃園市","龜山區","121.325","24.985","4836"
"649","376938","20220712103000","1124","0","桃園市","龜山區","121.330","24.985","673"
"266","376940","20220712103000","207","2","桃園市","新屋區","121.055","24.975","327"
"237","376956","20220712103000","185","2","桃園市","新屋區","121.125","24.955","191"
"678","376971","20220712103000","498","2","桃園市","新屋區","121.135","24.970","604"
"93","376972","20220712103000","153","0","桃園市","觀音區","121.140","24.970","76"
"558","376974","20220712103000","585","0","桃園市","龜山區","121.330","24.990","530"
"2401","376975","20220712103000","4274","0","桃園市","桃園區","121.310","24.990","2733"
"1394","376976","20220712103000","1351","1","桃園市","楊梅區","121.170","24.910","1354"
"474","376978","20220712103000","495","0","桃園市","楊梅區","121.175","24.915","450"
"913","376979","20220712103000","1525","0","桃園市","楊梅區","121.170","24.920","815"
"858","376984","20220712103000","807","1","桃園市","楊梅區","121.110","24.925","966"
"588","376995","20220712103000","715","0","桃園市","楊梅區","121.125","24.930","700"
"174","376998","20220712103000","150","1","桃園市","楊梅區","121.115","24.940","151"
"151","377001","20220712103000","128","1","桃園市","楊梅區","121.175","24.900","138"
"1389","377002","20220712103000","1186","1","桃園市","楊梅區","121.180","24.900","1250"
"1754","377003","20220712103000","1616","1","桃園市","楊梅區","121.175","24.905","2405"
"43","377004","20220712103000","40","1","桃園市","楊梅區","121.180","24.905","54"
"122","377007","20220712103000","156","0","桃園市","楊梅區","121.095","24.930","226"
"808","377008","20220712103000","689","1","桃園市","楊梅區","121.100","24.930","857"
"827","377010","20220712103000","366","3","桃園市","楊梅區","121.090","24.935","802"
"536","377027","20220712103000","568","0","桃園市","新屋區","121.090","24.955","558"
"408","377030","20220712103000","350","1","桃園市","楊梅區","121.160","24.900","754"
"823","377031","20220712103000","707","1","桃園市","楊梅區","121.155","24.900","812"
"478","377033","20220712103000","526","0","桃園市","楊梅區","121.085","24.935","472"
"430","377034","20220712103000","457","0","桃園市","楊梅區","121.075","24.940","390"
"814","377039","20220712103000","744","1","桃園市","桃園區","121.285","24.990","720"
"609","377041","20220712103000","475","2","桃園市","桃園區","121.295","24.980","644"
"3903","377042","20220712103000","6386","0","桃園市","桃園區","121.300","24.990","3866"
"191","377043","20220712103000","150","2","桃園市","桃園區","121.300","24.980","201"
"2446","377045","20220712103000","2021","2","桃園市","桃園區","121.300","24.985","2442"
"589","377046","20220712103000","694","0","桃園市","楊梅區","121.175","24.910","508"
"1594","377047","20220712103000","1026","3","桃園市","八德區","121.300","24.965","1455"
"1000","377051","20220712103000","699","2","桃園市","八德區","121.305","24.955","1053"
"620","377052","20220712103000","470","2","桃園市","八德區","121.310","24.955","565"
"203","377054","20220712103000","262","0","桃園市","八德區","121.300","24.945","424"
"488","377056","20220712103000","438","1","桃園市","八德區","121.275","24.940","459"
"778","377058","20220712103000","902","0","桃園市","八德區","121.285","24.940","813"
"200","377059","20220712103000","199","1","桃園市","八德區","121.280","24.945","455"
"281","377061","20220712103000","319","0","桃園市","八德區","121.290","24.950","331"
"85","377068","20220712103000","89","0","桃園市","八德區","121.290","24.955","155"
"386","377069","20220712103000","284","2","桃園市","八德區","121.280","24.960","381"
"731","377070","20220712103000","510","2","桃園市","八德區","121.285","24.960","765"
"2568","377071","20220712103000","2360","1","桃園市","桃園區","121.290","24.985","2738"
"3808","377072","20220712103000","2816","2","桃園市","中壢區","121.220","24.965","3605"
"1322","377073","20220712103000","1418","0","桃園市","中壢區","121.215","24.955","1275"
"509","377077","20220712103000","416","2","桃園市","中壢區","121.205","24.980","434"
"438","377084","20220712103000","461","0","桃園市","中壢區","121.205","24.990","852"
"950","377086","20220712103000","987","0","桃園市","中壢區","121.255","24.970","1398"
"1688","377088","20220712103000","1457","1","桃園市","楊梅區","121.155","24.910","1589"
"536","377089","20220712103000","380","2","桃園市","楊梅區","121.160","24.910","567"
"1292","377092","20220712103000","1020","2","桃園市","平鎮區","121.205","24.910","1182"
"1537","377093","20220712103000","1342","1","桃園市","平鎮區","121.205","24.920","1564"
"178","377099","20220712103000","147","2","桃園市","新屋區","121.010","24.960","163"
"762","377106","20220712103000","676","1","桃園市","新屋區","121.120","24.970","678"
"395","377111","20220712103000","182","3","桃園市","新屋區","121.130","24.975","381"
"1279","377117","20220712103000","1325","0","桃園市","新屋區","121.110","24.980","1356"
"738","377122","20220712103000","590","2","桃園市","新屋區","121.110","24.985","616"
"600","377125","20220712103000","542","1","桃園市","新屋區","121.125","24.985","498"
"398","377128","20220712103000","337","1","桃園市","新屋區","121.125","24.990","415"
"987","377135","20220712103000","991","0","桃園市","新屋區","121.100","24.990","804"
"22","377136","20220712103000","33","0","桃園市","新屋區","121.105","24.990","68"
"93","377148","20220712103000","69","2","桃園市","新屋區","121.095","24.960","184"
"317","377155","20220712103000","309","1","桃園市","新屋區","121.070","24.970","339"
"135","377159","20220712103000","130","1","桃園市","新屋區","121.020","24.970","152"
"392","377173","20220712103000","404","0","桃園市","新屋區","121.015","24.985","328"
"456","377175","20220712103000","250","3","桃園市","新屋區","120.990","24.940","245"
"199","377179","20220712103000","74","3","桃園市","新屋區","121.000","24.945","136"
"267","377183","20220712103000","220","2","桃園市","新屋區","121.010","24.950","227"
"526","377187","20220712103000","384","2","桃園市","新屋區","121.080","24.975","564"
"318","377195","20220712103000","314","1","桃園市","新屋區","121.075","24.990","288"
"396","377204","20220712103000","445","0","桃園市","新屋區","121.140","24.960","315"
"765","377205","20220712103000","893","0","桃園市","新屋區","121.145","24.960","805"
"344","377209","20220712103000","244","2","桃園市","新屋區","121.160","24.960","465"
"48","377211","20220712103000","65","0","桃園市","觀音區","121.145","24.970","121"
"17","377247","20220712103000","14","2","新北市","貢寮區","121.910","24.990","15"
"277","377249","20220712103000","414","0","桃園市","平鎮區","121.210","24.895","435"
"664","377259","20220712103000","793","0","桃園市","桃園區","121.285","24.980","601"
"1643","377261","20220712103000","989","3","桃園市","楊梅區","121.145","24.915","1607"
"507","377263","20220712103000","569","0","桃園市","楊梅區","121.145","24.910","422"
"41","377264","20220712103000","389","0","桃園市","楊梅區","121.130","24.915","96"
"586","377268","20220712103000","512","1","桃園市","楊梅區","121.130","24.920","551"
"494","377270","20220712103000","560","0","桃園市","楊梅區","121.140","24.920","493"
"2426","377280","20220712103000","1909","2","桃園市","楊梅區","121.145","24.900","2401"
"351","377285","20220712103000","287","2","桃園市","楊梅區","121.170","24.900","360"
"752","377288","20220712103000","633","1","桃園市","楊梅區","121.185","24.925","771"
"530","377289","20220712103000","589","0","桃園市","平鎮區","121.190","24.925","458"
"877","377292","20220712103000","688","2","桃園市","平鎮區","121.195","24.925","855"
"151","377295","20220712103000","323","0","桃園市","平鎮區","121.210","24.935","172"
"2027","377296","20220712103000","1567","2","桃園市","桃園區","121.295","24.990","2294"
"2102","377297","20220712103000","2227","0","桃園市","桃園區","121.285","24.985","2107"
"541","377303","20220712103000","531","1","桃園市","新屋區","121.120","24.950","903"
"266","377308","20220712103000","253","1","桃園市","新屋區","121.100","24.960","226"
"562","377310","20220712103000","411","2","桃園市","新屋區","121.110","24.960","913"
"815","377311","20220712103000","738","1","桃園市","新屋區","121.095","24.965","846"
"615","377322","20220712103000","579","1","桃園市","新屋區","121.045","24.960","613"
"296","377333","20220712103000","204","2","桃園市","新屋區","121.045","24.970","243"
"1422","377335","20220712103000","1988","0","桃園市","桃園區","121.320","24.990","1425"
"1343","377337","20220712103000","1171","1","桃園市","平鎮區","121.250","24.920","1246"
"636","377339","20220712103000","540","1","桃園市","平鎮區","121.240","24.925","711"
"1076","377340","20220712103000","1168","0","桃園市","桃園區","121.305","24.985","1043"
"1251","377342","20220712103000","1124","1","桃園市","桃園區","121.325","24.975","1166"
"2881","377344","20220712103000","2324","2","桃園市","桃園區","121.320","24.975","2744"
"2391","377345","20220712103000","2120","1","新北市","鶯歌區","121.330","24.975","2407"
"1013","377346","20220712103000","1176","0","桃園市","桃園區","121.320","24.980","1053"
"1318","377347","20220712103000","827","3","桃園市","中壢區","121.230","24.960","1460"
"840","377348","20220712103000","1234","0","桃園市","中壢區","121.235","24.960","877"
"426","377349","20220712103000","714","0","桃園市","中壢區","121.230","24.950","371"
"1587","377350","20220712103000","1462","1","桃園市","中壢區","121.225","24.950","1362"
"499","377361","20220712103000","474","1","桃園市","新屋區","121.030","24.950","493"
"312","377372","20220712103000","388","0","桃園市","新屋區","121.090","24.980","344"
"1399","377380","20220712103000","1365","1","桃園市","新屋區","121.110","24.970","1144"
"80","377381","20220712103000","119","0","桃園市","新屋區","121.110","24.975","217"
"2382","377384","20220712103000","2610","0","桃園市","新屋區","121.105","24.975","2366"
"214","377428","20220712103000","145","2","桃園市","新屋區","121.040","24.980","202"
"1145","377433","20220712103000","1060","1","桃園市","新屋區","121.035","24.985","1212"
"543","377434","20220712103000","470","1","桃園市","新屋區","121.040","24.985","490"
"1248","377446","20220712103000","1109","1","桃園市","桃園區","121.315","24.990","1149"
"1564","377447","20220712103000","846","3","桃園市","桃園區","121.270","24.980","1538"
"2980","377449","20220712103000","1963","3","桃園市","桃園區","121.275","24.990","2697"
"2340","377450","20220712103000","2656","0","桃園市","桃園區","121.265","24.975","2284"
"1678","377452","20220712103000","1585","1","桃園市","桃園區","121.265","24.980","1594"
"45","377454","20220712103000","50","0","桃園市","桃園區","121.265","24.985","64"
"1871","377455","20220712103000","1890","0","桃園市","桃園區","121.290","24.990","1814"
"465","377456","20220712103000","596","0","桃園市","平鎮區","121.245","24.905","462"
"33","377457","20220712103000","166","0","桃園市","平鎮區","121.250","24.905","99"
"189","377459","20220712103000","176","1","桃園市","平鎮區","121.250","24.915","326"
"873","377460","20220712103000","811","1","桃園市","平鎮區","121.215","24.935","788"
"1259","377461","20220712103000","1576","0","桃園市","平鎮區","121.215","24.940","1370"
"1728","377462","20220712103000","1563","1","桃園市","平鎮區","121.215","24.945","1704"
"2454","377463","20220712103000","2121","1","桃園市","桃園區","121.310","24.980","2382"
"1928","377464","20220712103000","2053","0","桃園市","桃園區","121.310","24.985","1767"
"1887","377468","20220712103000","1684","1","桃園市","桃園區","121.305","24.980","1747"
"209","377469","20220712103000","159","2","桃園市","楊梅區","121.175","24.950","289"
"1141","377470","20220712103000","906","2","桃園市","楊梅區","121.170","24.955","1077"
"621","377473","20220712103000","418","2","桃園市","楊梅區","121.115","24.900","839"
"97","377476","20220712103000","132","0","桃園市","楊梅區","121.125","24.910","113"
"423","377481","20220712103000","429","0","桃園市","楊梅區","121.150","24.940","739"
"398","377483","20220712103000","427","0","桃園市","楊梅區","121.150","24.920","267"
"1032","377484","20220712103000","1079","0","桃園市","楊梅區","121.155","24.920","946"
"823","377488","20220712103000","829","0","桃園市","楊梅區","121.150","24.925","755"
"439","377489","20220712103000","472","0","桃園市","楊梅區","121.155","24.925","516"
"35","377490","20220712103000","13","3","桃園市","楊梅區","121.160","24.925","38"
"1093","377491","20220712103000","937","1","桃園市","楊梅區","121.165","24.925","920"
"273","377493","20220712103000","384","0","桃園市","楊梅區","121.145","24.930","506"
"1721","377497","20220712103000","1494","1","桃園市","楊梅區","121.160","24.930","1729"
"339","377498","20220712103000","991","0","桃園市","楊梅區","121.165","24.930","538"
"1866","377499","20220712103000","1014","3","桃園市","楊梅區","121.170","24.930","1474"
"333","377501","20220712103000","392","0","桃園市","楊梅區","121.140","24.930","281"
"1411","377508","20220712103000","1245","1","桃園市","平鎮區","121.210","24.940","1441"
"1447","377509","20220712103000","1214","1","桃園市","平鎮區","121.210","24.945","1471"
"774","377513","20220712103000","539","2","桃園市","平鎮區","121.210","24.930","701"
"1411","377519","20220712103000","1092","2","桃園市","平鎮區","121.230","24.900","1290"
"343","377522","20220712103000","402","0","桃園市","平鎮區","121.245","24.900","325"
"1005","377529","20220712103000","1062","0","桃園市","平鎮區","121.225","24.910","934"
"719","377530","20220712103000","604","1","桃園市","平鎮區","121.230","24.910","1006"
"2606","377532","20220712103000","2347","1","桃園市","桃園區","121.305","24.990","2584"
"1147","377533","20220712103000","976","1","新北市","鶯歌區","121.330","24.970","971"
"347","377534","20220712103000","436","0","新北市","鶯歌區","121.335","24.965","343"
"644","377535","20220712103000","497","2","桃園市","桃園區","121.320","24.970","695"
"1544","377538","20220712103000","1626","0","桃園市","桃園區","121.315","24.980","1595"
"793","377539","20220712103000","806","0","桃園市","楊梅區","121.175","24.925","1470"
"563","377542","20220712103000","579","0","桃園市","楊梅區","121.180","24.925","477"
"381","377546","20220712103000","186","3","桃園市","楊梅區","121.180","24.930","303"
"868","377547","20220712103000","616","2","桃園市","楊梅區","121.160","24.935","692"
"180","377551","20220712103000","130","2","桃園市","楊梅區","121.180","24.935","143"
"113","377559","20220712103000","85","2","桃園市","楊梅區","121.150","24.945","102"
"17","377561","20220712103000","15","1","桃園市","楊梅區","121.160","24.945","30"
"417","377564","20220712103000","446","0","桃園市","楊梅區","121.175","24.945","1600"
"917","377565","20220712103000","858","1","桃園市","新屋區","121.150","24.950","811"
"419","377566","20220712103000","294","2","桃園市","楊梅區","121.155","24.950","345"
"35","377568","20220712103000","28","2","桃園市","楊梅區","121.170","24.950","43"
"1031","377570","20220712103000","1027","1","桃園市","蘆竹區","121.265","24.990","938"
"330","377571","20220712103000","1559","0","桃園市","龜山區","121.340","24.980","138"
"49","377572","20220712103000","256","0","桃園市","龜山區","121.340","24.985","41"
"1714","377573","20220712103000","2162","0","桃園市","龜山區","121.345","24.985","1626"
"636","377574","20220712103000","764","0","桃園市","龜山區","121.340","24.990","675"
"327","377575","20220712103000","316","1","桃園市","龜山區","121.345","24.990","314"
"19","377617","20220712103000","216","0","新北市","雙溪區","121.785","24.920","27"
"19","377650","20220712103000","11","3","新北市","雙溪區","121.810","24.930","20"
"49","377679","20220712103000","20","3","新北市","雙溪區","121.830","24.940","23"
"16","377742","20220712103000","25","0","新北市","雙溪區","121.820","24.965","32"
"27","377753","20220712103000","15","3","新北市","雙溪區","121.810","24.970","27"
"14","377756","20220712103000","19","0","新北市","雙溪區","121.825","24.970","16"
"35","377787","20220712103000","29","2","新北市","雙溪區","121.845","24.980","28"
"1800","377821","20220712103000","1692","1","桃園市","楊梅區","121.145","24.905","1651"
"1477","377823","20220712103000","1428","1","桃園市","楊梅區","121.165","24.910","1406"
"65","377824","20220712103000","351","0","桃園市","楊梅區","121.165","24.915","154"
"233","377826","20220712103000","182","2","桃園市","大溪區","121.280","24.910","474"
"732","377827","20220712103000","645","1","桃園市","大溪區","121.285","24.910","937"
"1087","377831","20220712103000","952","1","桃園市","大溪區","121.280","24.915","1122"
"355","377833","20220712103000","340","1","桃園市","大溪區","121.290","24.915","331"
"960","377835","20220712103000","938","1","桃園市","大溪區","121.280","24.920","1041"
"720","377837","20220712103000","984","0","桃園市","大溪區","121.290","24.920","716"
"593","377839","20220712103000","379","3","桃園市","大溪區","121.275","24.900","479"
"903","377841","20220712103000","508","3","桃園市","大溪區","121.275","24.905","760"
"1810","377843","20220712103000","1617","1","桃園市","楊梅區","121.180","24.910","1739"
"1247","377844","20220712103000","1003","2","桃園市","楊梅區","121.180","24.915","1107"
"255","377845","20220712103000","227","1","桃園市","平鎮區","121.225","24.925","230"
"572","377847","20220712103000","569","1","桃園市","平鎮區","121.220","24.935","493"
"2350","377848","20220712103000","1738","2","桃園市","平鎮區","121.225","24.930","2513"
"672","377849","20220712103000","530","2","桃園市","平鎮區","121.220","24.930","645"
"321","377851","20220712103000","228","2","桃園市","平鎮區","121.230","24.925","310"
"534","377852","20220712103000","542","0","桃園市","中壢區","121.245","24.925","456"
"1652","377853","20220712103000","1251","2","桃園市","楊梅區","121.150","24.910","1537"
"694","377854","20220712103000","526","2","桃園市","楊梅區","121.150","24.915","853"
"139","377858","20220712103000","100","2","桃園市","楊梅區","121.130","24.905","97"
"573","377859","20220712103000","586","0","桃園市","楊梅區","121.135","24.905","515"
"142","377862","20220712103000","181","0","桃園市","楊梅區","121.135","24.910","136"
"822","377866","20220712103000","533","3","桃園市","楊梅區","121.070","24.930","673"
"568","377868","20220712103000","631","0","桃園市","楊梅區","121.065","24.935","505"
"422","377877","20220712103000","307","2","桃園市","楊梅區","121.100","24.920","347"
"87","377879","20220712103000","435","0","桃園市","楊梅區","121.070","24.925","176"
"260","377895","20220712103000","840","0","桃園市","楊梅區","121.085","24.930","224"
"392","377896","20220712103000","426","0","桃園市","楊梅區","121.160","24.950","301"
"3002","377898","20220712103000","2359","2","桃園市","楊梅區","121.160","24.955","2940"
"1050","377901","20220712103000","259","3","桃園市","楊梅區","121.120","24.895","519"
"90","377906","20220712103000","83","1","桃園市","楊梅區","121.125","24.900","269"
"247","377909","20220712103000","217","1","桃園市","平鎮區","121.210","24.910","279"
"2359","377914","20220712103000","1654","2","桃園市","平鎮區","121.210","24.920","2948"
"234","377919","20220712103000","308","0","桃園市","平鎮區","121.195","24.930","240"
"526","377920","20220712103000","503","1","桃園市","平鎮區","121.200","24.940","536"
"140","377924","20220712103000","477","0","桃園市","八德區","121.290","24.945","148"
"1607","377925","20220712103000","1027","3","桃園市","八德區","121.290","24.930","1515"
"1317","377933","20220712103000","1014","2","桃園市","八德區","121.275","24.960","1379"
"2010","377940","20220712103000","1826","1","臺北市","文山區","121.555","24.985","2082"
"665","377941","20220712103000","427","3","臺北市","文山區","121.560","24.985","697"
"599","377942","20220712103000","931","0","臺北市","文山區","121.565","24.980","776"
"66","377946","20220712103000","76","0","新北市","新店區","121.575","24.965","65"
"161","377947","20220712103000","188","0","臺北市","文山區","121.580","24.965","142"
"345","377948","20220712103000","1187","0","臺北市","文山區","121.560","24.970","472"
"159","377953","20220712103000","132","2","臺北市","文山區","121.560","24.975","154"
"83","377955","20220712103000","105","0","臺北市","文山區","121.570","24.975","128"
"38","377956","20220712103000","49","0","臺北市","文山區","121.575","24.975","28"
"104","377957","20220712103000","624","0","臺北市","文山區","121.570","24.980","169"
"1747","377958","20220712103000","1724","1","臺北市","文山區","121.565","24.985","1896"
"180","377962","20220712103000","271","0","臺北市","文山區","121.610","24.965","188"
"126","377964","20220712103000","58","3","臺北市","文山區","121.590","24.965","135"
"157","377978","20220712103000","180","0","臺北市","文山區","121.580","24.975","293"
"348","377979","20220712103000","417","0","臺北市","文山區","121.585","24.975","374"
"213","377980","20220712103000","167","2","臺北市","文山區","121.590","24.975","196"
"1084","377982","20220712103000","1646","0","臺北市","文山區","121.575","24.980","1353"
"421","377989","20220712103000","660","0","臺北市","文山區","121.585","24.985","359"
"489","377990","20220712103000","773","0","臺北市","文山區","121.590","24.985","553"
"732","377994","20220712103000","233","3","臺北市","文山區","121.590","24.990","863"
"160","377995","20220712103000","186","0","臺北市","文山區","121.595","24.990","183"
"2108","377997","20220712103000","2253","0","臺北市","文山區","121.560","24.990","2257"
"751","377998","20220712103000","2840","0","臺北市","文山區","121.575","24.985","693"
"720","377999","20220712103000","784","0","臺北市","文山區","121.580","24.985","715"
"2129","378000","20220712103000","1942","1","臺北市","文山區","121.575","24.990","2046"
"782","378001","20220712103000","612","2","臺北市","文山區","121.580","24.990","767"
"1516","378002","20220712103000","1970","0","臺北市","文山區","121.550","24.985","1505"
"1039","378003","20220712103000","1494","0","臺北市","文山區","121.565","24.990","1108"
"1900","378004","20220712103000","2729","0","臺北市","文山區","121.570","24.990","1887"
"1982","378005","20220712103000","2441","0","臺北市","文山區","121.555","24.980","2310"
"2238","378006","20220712103000","2028","1","臺北市","文山區","121.560","24.980","2327"
"1000","378007","20220712103000","1213","0","臺北市","文山區","121.555","24.975","1068"
"2651","378008","20220712103000","2814","0","臺北市","文山區","121.570","24.985","2787"
"2227","378009","20220712103000","2656","0","臺北市","文山區","121.545","24.990","2226"
"3010","378010","20220712103000","3204","0","臺北市","文山區","121.540","24.990","3168"
"255","378011","20220712103000","848","0","臺北市","文山區","121.550","24.990","276"
"361","378012","20220712103000","325","1","臺北市","文山區","121.555","24.990","427"
"44","378561","20220712103000","34","2","新北市","貢寮區","121.990","24.995","60"
"36","378916","20220712103000","34","1","新北市","貢寮區","122.000","25.000","31"
"102","379975","20220712103000","63","3","新北市","貢寮區","122.005","25.015","117"
"2315","382513","20220712103000","2128","1","新北市","新莊區","121.450","25.035","2672"
"478","382514","20220712103000","559","0","新北市","新莊區","121.415","25.020","642"
"2145","382515","20220712103000","1714","2","新北市","板橋區","121.430","24.995","2213"
"773","382517","20220712103000","867","0","新北市","新莊區","121.435","25.005","982"
"640","382519","20220712103000","922","0","新北市","板橋區","121.440","25.010","688"
"1085","382521","20220712103000","1692","0","新北市","新莊區","121.430","25.020","1311"
"1640","382522","20220712103000","1469","1","新北市","新莊區","121.430","25.015","1933"
"35","382523","20220712103000","263","0","新北市","新莊區","121.420","25.020","26"
"1512","382525","20220712103000","1486","1","新北市","新莊區","121.410","25.025","1617"
"94","382526","20220712103000","113","0","新北市","新莊區","121.400","25.030","136"
"2138","382528","20220712103000","3807","0","新北市","板橋區","121.470","25.015","2612"
"2040","382530","20220712103000","2182","0","新北市","板橋區","121.465","25.025","2024"
"3943","382531","20220712103000","4263","0","新北市","板橋區","121.460","25.025","4189"
"1818","382532","20220712103000","2124","0","新北市","中和區","121.480","24.995","2466"
"1182","382534","20220712103000","1684","0","新北市","板橋區","121.445","25.000","1297"
"1676","382536","20220712103000","2588","0","新北市","中和區","121.520","24.995","2171"
"1879","382537","20220712103000","1951","0","新北市","板橋區","121.455","25.025","1740"
"740","382538","20220712103000","844","0","臺北市","文山區","121.530","24.995","903"
"643","382539","20220712103000","789","0","新北市","汐止區","121.620","25.045","663"
"1172","382546","20220712103000","1156","1","新北市","樹林區","121.410","25.010","938"
"1739","382547","20220712103000","2504","0","新北市","新莊區","121.425","25.015","2010"
"1515","382548","20220712103000","1620","0","新北市","中和區","121.495","24.995","1929"
"1607","382549","20220712103000","2642","0","臺北市","萬華區","121.490","25.015","2182"
"212","382550","20220712103000","265","0","新北市","三重區","121.480","25.050","238"
"1306","382552","20220712103000","1698","0","新北市","中和區","121.480","25.000","1697"
"1382","382553","20220712103000","2016","0","新北市","中和區","121.475","25.005","1715"
"3722","382554","20220712103000","3212","1","新北市","中和區","121.470","25.005","4442"
"2255","382555","20220712103000","3695","0","新北市","中和區","121.500","24.995","3069"
"2890","382556","20220712103000","2525","1","新北市","中和區","121.495","25.005","2884"
"1551","382557","20220712103000","2790","0","新北市","中和區","121.500","25.005","2046"
"1152","382558","20220712103000","1797","0","新北市","三重區","121.490","25.055","1367"
"1439","382559","20220712103000","1327","1","新北市","三重區","121.475","25.045","1564"
"1335","382560","20220712103000","1618","0","新北市","板橋區","121.445","25.005","1274"
"322","382561","20220712103000","420","0","新北市","板橋區","121.445","25.010","437"
"568","382562","20220712103000","857","0","新北市","板橋區","121.450","25.005","568"
"610","382563","20220712103000","711","0","新北市","板橋區","121.450","25.020","735"
"1877","382564","20220712103000","2039","0","新北市","中和區","121.505","25.005","2361"
"2137","382565","20220712103000","2315","0","新北市","三重區","121.485","25.055","2321"
"1762","382567","20220712103000","1964","0","新北市","三重區","121.495","25.055","1987"
"1607","382568","20220712103000","1457","1","新北市","三重區","121.500","25.045","1589"
"3330","382571","20220712103000","3492","0","新北市","中和區","121.490","25.005","3570"
"3300","382572","20220712103000","3774","0","新北市","中和區","121.490","25.000","3624"
"1053","382574","20220712103000","931","1","新北市","中和區","121.485","25.010","1171"
"3030","382575","20220712103000","4647","0","新北市","中和區","121.485","24.995","3811"
"3108","382576","20220712103000","4994","0","新北市","中和區","121.490","24.995","2921"
"2900","382577","20220712103000","3017","0","新北市","中和區","121.505","24.995","3018"
"570","382579","20220712103000","350","3","新北市","板橋區","121.460","25.030","244"
"1930","382580","20220712103000","2422","0","新北市","板橋區","121.455","25.015","2634"
"203","382582","20220712103000","394","0","新北市","板橋區","121.450","25.025","252"
"449","382583","20220712103000","360","2","新北市","泰山區","121.420","25.045","343"
"635","382584","20220712103000","946","0","新北市","泰山區","121.425","25.045","476"
"169","382589","20220712103000","201","0","新北市","三重區","121.485","25.045","210"
"757","382592","20220712103000","664","1","新北市","三重區","121.485","25.050","805"
"1452","382593","20220712103000","1571","0","新北市","三重區","121.490","25.050","1739"
"380","382594","20220712103000","542","0","桃園市","龜山區","121.410","25.020","539"
"1872","382595","20220712103000","1416","2","新北市","新莊區","121.460","25.050","2023"
"2497","382596","20220712103000","2447","1","新北市","新莊區","121.465","25.050","2404"
"307","382597","20220712103000","731","0","新北市","新莊區","121.460","25.055","344"
"1921","382598","20220712103000","1849","1","新北市","新莊區","121.465","25.055","2004"
"2270","382600","20220712103000","2400","0","新北市","三重區","121.470","25.045","2323"
"2371","382601","20220712103000","1853","2","新北市","三重區","121.470","25.050","2454"
"870","382602","20220712103000","850","1","新北市","三重區","121.470","25.055","866"
"3075","382603","20220712103000","3714","0","新北市","中和區","121.480","25.010","3722"
"3150","382604","20220712103000","2652","1","新北市","板橋區","121.475","25.010","2931"
"1441","382605","20220712103000","1400","1","新北市","中和區","121.465","24.995","1803"
"2302","382606","20220712103000","2050","1","新北市","新莊區","121.450","25.040","2303"
"2402","382607","20220712103000","2512","0","新北市","新莊區","121.445","25.040","3127"
"2420","382608","20220712103000","3212","0","新北市","新莊區","121.425","25.020","2842"
"272","382609","20220712103000","1736","0","新北市","新莊區","121.455","25.045","326"
"1636","382610","20220712103000","1715","0","新北市","板橋區","121.465","25.005","1866"
"2552","382611","20220712103000","2274","1","新北市","板橋區","121.460","25.005","3207"
"73","382614","20220712103000","154","0","新北市","深坑區","121.630","25.010","66"
"173","382615","20220712103000","135","2","新北市","深坑區","121.620","25.010","159"
"68","382618","20220712103000","186","0","新北市","深坑區","121.630","25.015","92"
"452","382623","20220712103000","764","0","新北市","深坑區","121.605","25.000","430"
"1064","382624","20220712103000","1202","0","新北市","新莊區","121.435","25.015","1364"
"38","382625","20220712103000","283","0","新北市","板橋區","121.450","25.000","65"
"629","382626","20220712103000","772","0","新北市","中和區","121.470","24.995","720"
"82","382627","20220712103000","54","3","新北市","中和區","121.480","24.990","92"
"545","382628","20220712103000","1195","0","新北市","中和區","121.475","25.000","493"
"192","382629","20220712103000","731","0","新北市","中和區","121.505","25.000","376"
"2099","382630","20220712103000","2372","0","新北市","永和區","121.525","25.005","2544"
"1260","382634","20220712103000","1506","0","新北市","樹林區","121.420","24.995","1504"
"2088","382637","20220712103000","1409","2","新北市","樹林區","121.420","25.000","1576"
"984","382638","20220712103000","781","2","新北市","新莊區","121.440","25.030","610"
"2086","382639","20220712103000","1823","1","新北市","新莊區","121.420","25.025","2486"
"2369","382640","20220712103000","2408","0","新北市","新莊區","121.455","25.050","2545"
"2239","382641","20220712103000","1852","2","新北市","中和區","121.470","25.000","2692"
"5947","382642","20220712103000","2977","3","新北市","板橋區","121.455","25.005","6701"
"531","382643","20220712103000","298","3","新北市","板橋區","121.445","25.020","706"
"480","382644","20220712103000","600","0","新北市","板橋區","121.440","25.000","659"
"3614","382645","20220712103000","6273","0","新北市","永和區","121.520","25.010","4552"
"1350","382646","20220712103000","1075","2","新北市","樹林區","121.415","25.000","1312"
"820","382647","20220712103000","557","2","新北市","樹林區","121.415","25.005","674"
"2302","382648","20220712103000","3250","0","新北市","土城區","121.455","24.995","2251"
"35","382660","20220712103000","35","1","新北市","平溪區","121.710","25.020","33"
"3045","382667","20220712103000","2549","1","新北市","新莊區","121.460","25.040","3825"
"4308","382668","20220712103000","4011","1","新北市","新莊區","121.460","25.045","4553"
"664","382671","20220712103000","871","0","新北市","板橋區","121.445","25.015","905"
"6756","382673","20220712103000","4008","3","新北市","板橋區","121.450","24.995","5719"
"2616","382674","20220712103000","3075","0","新北市","板橋區","121.455","25.000","2899"
"4546","382675","20220712103000","3055","2","新北市","永和區","121.520","25.015","4572"
"2162","382676","20220712103000","3064","0","新北市","永和區","121.515","25.015","2170"
"1367","382677","20220712103000","2091","0","新北市","新莊區","121.445","25.030","1641"
"3613","382678","20220712103000","2704","2","新北市","新莊區","121.455","25.035","4514"
"27","382679","20220712103000","897","0","新北市","板橋區","121.460","25.035","35"
"1033","382680","20220712103000","1271","0","新北市","新莊區","121.465","25.040","1151"
"871","382683","20220712103000","511","3","桃園市","中壢區","121.215","25.000","788"
"266","382686","20220712103000","218","2","桃園市","觀音區","121.125","25.030","437"
"1686","382699","20220712103000","2015","0","新北市","板橋區","121.485","25.020","2218"
"4774","382700","20220712103000","5233","0","新北市","板橋區","121.460","25.010","5719"
"3971","382701","20220712103000","2273","3","新北市","板橋區","121.460","24.995","3570"
"737","382702","20220712103000","718","1","新北市","樹林區","121.420","25.015","929"
"789","382703","20220712103000","805","0","新北市","新莊區","121.435","25.010","1034"
"1362","382706","20220712103000","1394","0","新北市","新莊區","121.440","25.020","1433"
"147","382710","20220712103000","171","0","新北市","新莊區","121.445","25.025","182"
"2330","382711","20220712103000","2379","0","新北市","永和區","121.505","25.010","2920"
"2113","382712","20220712103000","3023","0","新北市","板橋區","121.475","25.020","2543"
"2376","382713","20220712103000","2006","1","新北市","新莊區","121.430","25.025","2725"
"212","382714","20220712103000","124","3","新北市","新莊區","121.435","25.025","228"
"997","382715","20220712103000","1301","0","新北市","新莊區","121.425","25.025","1109"
"1355","382716","20220712103000","972","2","臺北市","萬華區","121.500","25.015","1664"
"1225","382717","20220712103000","1226","0","新北市","新莊區","121.450","25.030","1321"
"310","382724","20220712103000","289","1","桃園市","中壢區","121.180","25.005","245"
"776","382730","20220712103000","450","3","桃園市","中壢區","121.190","25.010","1103"
"546","382732","20220712103000","264","3","桃園市","中壢區","121.185","25.015","482"
"481","382735","20220712103000","322","2","桃園市","大園區","121.180","25.025","451"
"1197","382741","20220712103000","1127","1","桃園市","觀音區","121.160","24.995","1250"
"470","382743","20220712103000","465","1","桃園市","觀音區","121.155","25.000","400"
"793","382759","20220712103000","673","1","桃園市","觀音區","121.160","25.020","757"
"16","382763","20220712103000","13","2","桃園市","觀音區","121.150","25.025","13"
"904","382780","20220712103000","746","2","桃園市","觀音區","121.105","25.040","838"
"247","382785","20220712103000","284","0","桃園市","觀音區","121.130","25.020","204"
"659","382813","20220712103000","859","0","桃園市","觀音區","121.110","25.050","618"
"1947","382814","20220712103000","1747","1","桃園市","觀音區","121.115","25.050","2589"
"893","382815","20220712103000","504","3","桃園市","觀音區","121.120","25.050","783"
"246","382816","20220712103000","155","3","桃園市","觀音區","121.125","25.050","249"
"712","382820","20220712103000","418","3","桃園市","觀音區","121.120","25.055","713"
"758","382821","20220712103000","1423","0","桃園市","觀音區","121.125","25.055","810"
"805","382830","20220712103000","886","0","桃園市","觀音區","121.080","25.035","897"
"982","382842","20220712103000","718","2","桃園市","觀音區","121.095","25.050","877"
"243","382853","20220712103000","310","0","桃園市","觀音區","121.145","25.040","327"
"1914","382855","20220712103000","2033","0","桃園市","觀音區","121.140","25.045","2010"
"1156","382857","20220712103000","1035","1","桃園市","觀音區","121.130","25.050","1132"
"614","382858","20220712103000","513","1","桃園市","觀音區","121.135","25.050","572"
"376","382868","20220712103000","163","3","桃園市","觀音區","121.115","25.000","320"
"1162","382888","20220712103000","1108","1","桃園市","蘆竹區","121.270","25.010","1127"
"258","382890","20220712103000","268","0","桃園市","蘆竹區","121.265","25.015","458"
"2155","382891","20220712103000","1844","1","桃園市","蘆竹區","121.240","25.025","1976"
"1049","382893","20220712103000","554","3","桃園市","蘆竹區","121.250","25.025","785"
"401","382894","20220712103000","544","0","桃園市","大園區","121.235","25.025","404"
"933","382896","20220712103000","809","1","桃園市","蘆竹區","121.245","25.025","2695"
"448","382898","20220712103000","270","3","桃園市","蘆竹區","121.240","25.030","366"
"143","382911","20220712103000","118","2","新北市","石碇區","121.670","25.010","140"
"99","382935","20220712103000","116","0","新北市","石碇區","121.670","25.030","78"
"13","382938","20220712103000","26","0","新北市","石碇區","121.685","25.030","10"
"83","382953","20220712103000","67","2","新北市","石碇區","121.690","25.005","83"
"71","382971","20220712103000","59","2","新北市","石碇區","121.700","25.015","64"
"148","382976","20220712103000","159","0","新北市","石碇區","121.660","24.995","123"
"122","382980","20220712103000","126","0","新北市","石碇區","121.650","25.000","78"
"27","382991","20220712103000","48","0","新北市","貢寮區","121.885","24.995","42"
"158","383019","20220712103000","79","3","新北市","貢寮區","122.000","25.005","83"
"94","383024","20220712103000","52","3","新北市","貢寮區","121.990","25.010","98"
"58","383035","20220712103000","66","0","新北市","貢寮區","121.985","25.020","77"
"1788","383037","20220712103000","2706","0","新北市","永和區","121.520","25.000","1943"
"3643","383038","20220712103000","3067","1","新北市","板橋區","121.475","25.025","3460"
"245","383039","20220712103000","577","0","新北市","新莊區","121.410","25.030","356"
"513","383040","20220712103000","393","2","新北市","新莊區","121.415","25.030","460"
"89","383045","20220712103000","84","1","新北市","新莊區","121.405","25.040","90"
"1654","383046","20220712103000","2189","0","新北市","新莊區","121.455","25.055","1877"
"664","383047","20220712103000","1291","0","新北市","新莊區","121.435","25.030","881"
"1732","383048","20220712103000","1600","1","新北市","新莊區","121.425","25.030","1964"
"699","383049","20220712103000","2125","0","新北市","新莊區","121.430","25.030","952"
"953","383050","20220712103000","1648","0","新北市","新莊區","121.430","25.035","776"
"2610","383054","20220712103000","3334","0","新北市","新莊區","121.445","25.050","2867"
"3542","383055","20220712103000","2641","2","新北市","新莊區","121.450","25.045","3732"
"1620","383056","20220712103000","1591","1","桃園市","蘆竹區","121.290","25.050","2326"
"3747","383057","20220712103000","3264","1","桃園市","蘆竹區","121.280","25.055","3627"
"456","383058","20220712103000","440","1","桃園市","蘆竹區","121.285","25.045","376"
"1913","383059","20220712103000","1359","2","桃園市","蘆竹區","121.285","25.050","1616"
"1795","383060","20220712103000","2230","0","桃園市","蘆竹區","121.285","25.055","1898"
"1581","383094","20220712103000","2190","0","桃園市","觀音區","121.050","25.025","1589"
"277","383096","20220712103000","432","0","桃園市","觀音區","121.080","25.030","337"
"756","383099","20220712103000","728","1","桃園市","觀音區","121.085","25.035","764"
"1076","383113","20220712103000","686","3","桃園市","觀音區","121.120","25.025","1017"
"422","383117","20220712103000","403","1","桃園市","觀音區","121.115","25.025","339"
"1437","383118","20220712103000","1339","1","新北市","樹林區","121.410","25.015","2397"
"1381","383121","20220712103000","1617","0","新北市","泰山區","121.440","25.045","1025"
"31","383122","20220712103000","295","0","新北市","泰山區","121.430","25.050","41"
"363","383124","20220712103000","272","2","新北市","泰山區","121.440","25.050","483"
"192","383125","20220712103000","411","0","新北市","泰山區","121.435","25.055","250"
"533","383126","20220712103000","566","0","新北市","泰山區","121.425","25.050","787"
"872","383127","20220712103000","1177","0","新北市","新莊區","121.440","25.055","978"
"2125","383128","20220712103000","2075","1","新北市","新莊區","121.445","25.055","2263"
"2874","383129","20220712103000","2634","1","新北市","新莊區","121.450","25.055","3197"
"3257","383130","20220712103000","3246","1","新北市","新莊區","121.450","25.050","3346"
"466","383131","20220712103000","771","0","新北市","新莊區","121.455","25.040","505"
"131","383132","20220712103000","35","3","新北市","板橋區","121.435","24.995","131"
"918","383134","20220712103000","1028","0","新北市","板橋區","121.445","24.995","1202"
"3154","383141","20220712103000","3328","0","新北市","永和區","121.515","25.005","3891"
"3563","383142","20220712103000","3380","1","新北市","板橋區","121.470","25.025","3525"
"2864","383143","20220712103000","3055","0","新北市","板橋區","121.475","25.030","3408"
"1333","383144","20220712103000","1518","0","新北市","新莊區","121.445","25.045","1567"
"749","383152","20220712103000","299","3","新北市","泰山區","121.400","25.055","493"
"1741","383156","20220712103000","1471","1","新北市","汐止區","121.625","25.040","1954"
"26","383164","20220712103000","51","0","新北市","雙溪區","121.860","25.045","29"
"45","383165","20220712103000","32","2","新北市","雙溪區","121.865","25.045","30"
"10","383177","20220712103000","10","1","新北市","雙溪區","121.780","25.000","13"
"17","383200","20220712103000","11","3","新北市","雙溪區","121.790","25.015","15"
"143","383202","20220712103000","104","2","新北市","雙溪區","121.800","25.015","117"
"19","383203","20220712103000","14","2","新北市","雙溪區","121.790","25.020","14"
"271","383204","20220712103000","426","0","新北市","中和區","121.490","25.010","323"
"442","383205","20220712103000","569","0","新北市","樹林區","121.430","25.000","534"
"1618","383207","20220712103000","2073","0","新北市","永和區","121.515","24.995","2025"
"1720","383208","20220712103000","1618","1","桃園市","桃園區","121.315","25.005","1701"
"533","383209","20220712103000","654","0","桃園市","桃園區","121.315","25.010","607"
"402","383210","20220712103000","533","0","臺北市","萬華區","121.495","25.010","413"
"713","383211","20220712103000","1063","0","新北市","永和區","121.500","25.010","882"
"2718","383212","20220712103000","2401","1","新北市","永和區","121.510","25.015","3014"
"569","383214","20220712103000","599","0","新北市","汐止區","121.625","25.050","612"
"860","383218","20220712103000","785","1","桃園市","蘆竹區","121.290","25.055","695"
"784","383219","20220712103000","575","2","桃園市","蘆竹區","121.295","25.050","815"
"1356","383220","20220712103000","1530","0","桃園市","蘆竹區","121.300","25.050","1776"
"1267","383222","20220712103000","937","2","桃園市","蘆竹區","121.300","25.055","1114"
"39","383225","20220712103000","22","3","桃園市","蘆竹區","121.315","25.055","83"
"308","383229","20220712103000","276","1","新北市","石碇區","121.645","25.005","236"
"26","383234","20220712103000","34","0","新北市","石碇區","121.700","24.995","19"
"108","383253","20220712103000","94","1","新北市","石碇區","121.665","25.010","93"
"465","383254","20220712103000","353","2","新北市","石碇區","121.645","25.010","475"
"70","383261","20220712103000","63","1","新北市","石碇區","121.655","25.015","70"
"411","383272","20220712103000","349","1","桃園市","觀音區","121.100","25.005","452"
"539","383277","20220712103000","491","1","桃園市","觀音區","121.095","25.020","529"
"412","383281","20220712103000","408","1","桃園市","觀音區","121.095","25.025","366"
"1269","383283","20220712103000","1821","0","桃園市","桃園區","121.285","24.995","1294"
"164","383284","20220712103000","299","0","桃園市","桃園區","121.290","24.995","324"
"1006","383285","20220712103000","627","3","桃園市","桃園區","121.285","25.000","741"
"3313","383286","20220712103000","3115","1","桃園市","蘆竹區","121.290","25.045","3447"
"305","383287","20220712103000","175","3","桃園市","桃園區","121.280","25.030","265"
"556","383290","20220712103000","525","1","桃園市","蘆竹區","121.280","25.035","526"
"1198","383291","20220712103000","1062","1","桃園市","蘆竹區","121.285","25.035","1107"
"1807","383294","20220712103000","1050","3","桃園市","蘆竹區","121.285","25.040","1749"
"2060","383295","20220712103000","2577","0","桃園市","蘆竹區","121.290","25.040","3139"
"24","383299","20220712103000","171","0","桃園市","蘆竹區","121.255","25.025","47"
"258","383301","20220712103000","303","0","桃園市","蘆竹區","121.250","25.035","231"
"365","383311","20220712103000","206","3","桃園市","蘆竹區","121.240","25.040","244"
"114","383313","20220712103000","101","1","桃園市","蘆竹區","121.255","25.040","185"
"18","383315","20220712103000","218","0","桃園市","蘆竹區","121.250","25.045","49"
"508","383318","20220712103000","525","0","桃園市","蘆竹區","121.265","25.025","431"
"834","383325","20220712103000","580","2","桃園市","蘆竹區","121.275","25.030","763"
"44","383357","20220712103000","55","0","新北市","雙溪區","121.880","25.020","46"
"27","383364","20220712103000","43","0","新北市","雙溪區","121.870","25.030","63"
"4892","383376","20220712103000","7779","0","新北市","中和區","121.485","25.000","5850"
"2956","383377","20220712103000","5287","0","新北市","中和區","121.485","25.005","3605"
"1905","383378","20220712103000","3857","0","新北市","中和區","121.500","25.000","2927"
"2823","383379","20220712103000","3837","0","新北市","板橋區","121.465","25.010","3225"
"2511","383380","20220712103000","2590","0","新北市","板橋區","121.470","25.010","2963"
"713","383384","20220712103000","613","1","新北市","汐止區","121.635","25.040","824"
"364","383424","20220712103000","375","0","桃園市","蘆竹區","121.255","25.050","284"
"646","383426","20220712103000","487","2","桃園市","蘆竹區","121.265","25.050","723"
"92","383430","20220712103000","84","1","桃園市","蘆竹區","121.250","25.055","119"
"525","383435","20220712103000","377","2","桃園市","蘆竹區","121.275","25.055","453"
"407","383437","20220712103000","320","2","桃園市","大園區","121.160","25.030","378"
"421","383449","20220712103000","422","0","桃園市","觀音區","121.155","25.050","428"
"1438","383456","20220712103000","1475","0","桃園市","觀音區","121.140","25.010","1441"
"434","383457","20220712103000","456","0","桃園市","觀音區","121.145","25.010","703"
"591","383463","20220712103000","465","2","桃園市","觀音區","121.130","25.005","489"
"237","383469","20220712103000","230","1","桃園市","觀音區","121.060","25.025","285"
"296","383475","20220712103000","444","0","桃園市","觀音區","121.065","25.025","346"
"12","383478","20220712103000","20","0","桃園市","觀音區","121.060","25.030","20"
"415","383483","20220712103000","573","0","桃園市","觀音區","121.060","25.035","362"
"213","383485","20220712103000","425","0","桃園市","觀音區","121.070","25.035","213"
"255","383489","20220712103000","353","0","桃園市","觀音區","121.070","25.040","325"
"2036","383492","20220712103000","2687","0","新北市","三重區","121.475","25.050","1957"
"2299","383493","20220712103000","2474","0","新北市","中和區","121.510","24.995","2701"
"3046","383494","20220712103000","3800","0","新北市","中和區","121.510","25.000","3593"
"3178","383495","20220712103000","3207","0","新北市","板橋區","121.455","25.010","3184"
"2503","383496","20220712103000","2618","0","新北市","板橋區","121.455","25.020","2985"
"1793","383500","20220712103000","2339","0","新北市","樹林區","121.425","24.995","2138"
"57","383502","20220712103000","424","0","新北市","樹林區","121.405","25.005","329"
"79","383503","20220712103000","341","0","新北市","樹林區","121.410","25.005","156"
"1249","383507","20220712103000","1381","0","新北市","永和區","121.505","25.015","1482"
"174","383513","20220712103000","263","0","桃園市","中壢區","121.245","24.995","270"
"1737","383515","20220712103000","1359","2","桃園市","中壢區","121.225","25.000","1838"
"18","383518","20220712103000","243","0","桃園市","中壢區","121.240","25.000","35"
"818","383519","20220712103000","584","2","桃園市","中壢區","121.245","25.000","669"
"1050","383520","20220712103000","642","3","桃園市","中壢區","121.250","25.000","970"
"336","383521","20220712103000","172","3","桃園市","中壢區","121.230","25.005","284"
"830","383524","20220712103000","597","2","桃園市","中壢區","121.245","25.005","813"
"466","383526","20220712103000","550","0","桃園市","大園區","121.245","25.010","411"
"1205","383529","20220712103000","788","3","桃園市","中壢區","121.175","24.995","1145"
"596","383553","20220712103000","423","2","桃園市","中壢區","121.220","25.005","530"
"199","383554","20220712103000","304","0","桃園市","中壢區","121.215","25.010","376"
"17","383556","20220712103000","197","0","桃園市","中壢區","121.215","25.015","36"
"755","383557","20220712103000","521","2","桃園市","中壢區","121.220","25.015","790"
"1023","383559","20220712103000","1136","0","新北市","板橋區","121.480","25.030","1191"
"275","383560","20220712103000","447","0","新北市","樹林區","121.420","25.005","388"
"2136","383562","20220712103000","2027","1","新北市","新莊區","121.430","25.005","2647"
"1191","383563","20220712103000","1039","1","新北市","樹林區","121.425","25.010","820"
"228","383564","20220712103000","825","0","新北市","樹林區","121.425","25.000","304"
"2355","383565","20220712103000","2256","1","新北市","永和區","121.515","25.000","2739"
"2192","383566","20220712103000","2609","0","新北市","永和區","121.520","25.005","2302"
"1908","383567","20220712103000","1480","2","新北市","中和區","121.480","25.005","2328"
"2110","383568","20220712103000","1690","2","新北市","泰山區","121.415","25.050","1900"
"1061","383572","20220712103000","1395","0","新北市","泰山區","121.430","25.055","1497"
"1755","383573","20220712103000","1798","0","新北市","板橋區","121.460","25.000","2238"
"3838","383574","20220712103000","4449","0","新北市","中和區","121.495","25.000","4595"
"1972","383575","20220712103000","1893","1","新北市","板橋區","121.465","25.030","1769"
"2861","383576","20220712103000","3536","0","新北市","板橋區","121.470","25.030","3224"
"19","383582","20220712103000","396","0","新北市","深坑區","121.620","25.005","22"
"194","383589","20220712103000","204","0","新北市","深坑區","121.615","25.000","148"
"245","383590","20220712103000","472","0","新北市","深坑區","121.620","25.000","278"
"947","383591","20220712103000","713","2","新北市","深坑區","121.625","25.000","864"
"360","383599","20220712103000","180","3","新北市","深坑區","121.635","25.005","352"
"1262","383600","20220712103000","1063","1","新北市","深坑區","121.615","25.005","1448"
"2737","383602","20220712103000","2642","1","新北市","板橋區","121.480","25.025","2829"
"2865","383603","20220712103000","3578","0","新北市","新莊區","121.445","25.035","4131"
"211","383604","20220712103000","450","0","新北市","永和區","121.530","25.000","260"
"2188","383605","20220712103000","3113","0","新北市","板橋區","121.480","25.020","2567"
"2745","383606","20220712103000","3388","0","新北市","板橋區","121.480","25.015","3140"
"1522","383607","20220712103000","1357","1","桃園市","桃園區","121.310","25.010","1483"
"2709","383608","20220712103000","1821","2","桃園市","桃園區","121.310","25.015","2908"
"1899","383609","20220712103000","2916","0","新北市","永和區","121.510","25.010","2363"
"2376","383610","20220712103000","2724","0","新北市","永和區","121.515","25.010","2804"
"2619","383611","20220712103000","3427","0","新北市","板橋區","121.460","25.015","3090"
"1580","383612","20220712103000","2217","0","新北市","板橋區","121.465","25.000","1883"
"1637","383614","20220712103000","1119","2","桃園市","桃園區","121.300","25.010","1556"
"2767","383615","20220712103000","2121","2","桃園市","桃園區","121.315","24.995","2874"
"623","383616","20220712103000","1243","0","新北市","深坑區","121.605","25.005","554"
"202","383618","20220712103000","258","0","新北市","深坑區","121.600","25.010","254"
"2344","383631","20220712103000","2555","0","新北市","深坑區","121.600","25.005","2164"
"1217","383632","20220712103000","1562","0","新北市","中和區","121.485","25.015","1443"
"2061","383633","20220712103000","2272","0","新北市","板橋區","121.475","25.015","2357"
"2784","383634","20220712103000","3569","0","新北市","板橋區","121.450","25.015","2957"
"1404","383635","20220712103000","1929","0","新北市","永和區","121.510","25.005","1642"
"2222","383636","20220712103000","2139","1","新北市","板橋區","121.450","25.010","2085"
"678","383637","20220712103000","799","0","新北市","樹林區","121.405","25.015","632"
"969","383638","20220712103000","735","2","新北市","樹林區","121.420","25.010","750"
"1399","383639","20220712103000","1170","1","新北市","樹林區","121.415","25.015","1342"
"89","383641","20220712103000","59","3","新北市","平溪區","121.765","25.035","71"
"251","383658","20220712103000","259","0","新北市","平溪區","121.775","25.040","227"
"158","383678","20220712103000","124","2","新北市","平溪區","121.740","25.025","138"
"154","383679","20220712103000","126","2","新北市","平溪區","121.745","25.025","130"
"46","383682","20220712103000","25","3","新北市","平溪區","121.745","25.030","62"
"50","383718","20220712103000","25","3","新北市","平溪區","121.780","25.025","37"
"15","383746","20220712103000","10","3","新北市","平溪區","121.765","25.020","13"
"51","383787","20220712103000","54","0","新北市","平溪區","121.750","25.005","48"
"72","383811","20220712103000","275","0","新北市","平溪區","121.715","25.020","108"
"753","383828","20220712103000","1447","0","新北市","中和區","121.475","24.995","873"
"3268","383829","20220712103000","4306","0","新北市","板橋區","121.470","25.020","3607"
"172","383830","20220712103000","214","0","新北市","板橋區","121.440","25.005","253"
"1561","383831","20220712103000","766","3","新北市","新莊區","121.440","25.015","948"
"1063","383833","20220712103000","1495","0","新北市","永和區","121.515","25.020","1087"
"178","383834","20220712103000","183","0","新北市","汐止區","121.645","25.030","194"
"214","383848","20220712103000","185","1","新北市","汐止區","121.645","25.040","239"
"64","383859","20220712103000","74","0","新北市","汐止區","121.670","25.045","64"
"39","383862","20220712103000","85","0","新北市","汐止區","121.660","25.050","41"
"475","383865","20220712103000","666","0","新北市","永和區","121.530","25.005","547"
"3448","383866","20220712103000","3085","1","新北市","新莊區","121.465","25.045","3369"
"1471","383867","20220712103000","1556","0","新北市","新莊區","121.415","25.025","1317"
"1255","383868","20220712103000","1475","0","新北市","中和區","121.525","24.995","1598"
"679","383871","20220712103000","972","0","桃園市","中壢區","121.200","25.010","577"
"561","383880","20220712103000","501","1","桃園市","中壢區","121.200","25.020","595"
"70","383883","20220712103000","129","0","新北市","深坑區","121.635","25.010","73"
"5569","383889","20220712103000","5663","0","新北市","板橋區","121.465","25.015","5700"
"61","383890","20220712103000","140","0","新北市","板橋區","121.475","25.035","71"
"789","383891","20220712103000","862","0","新北市","板橋區","121.480","25.035","933"
"4120","383893","20220712103000","4640","0","新北市","板橋區","121.465","25.020","4722"
"1957","383894","20220712103000","2577","0","新北市","板橋區","121.460","25.020","2423"
"1669","383895","20220712103000","1927","0","新北市","永和區","121.525","25.010","2041"
"3002","383896","20220712103000","2924","1","新北市","永和區","121.525","25.000","3669"
"2082","383897","20220712103000","2111","0","桃園市","龜山區","121.365","25.030","1704"
"2273","383900","20220712103000","2037","1","桃園市","龜山區","121.360","25.040","1998"
"1273","383902","20220712103000","1339","0","桃園市","龜山區","121.360","25.045","1101"
"1475","383903","20220712103000","1053","2","桃園市","龜山區","121.360","25.050","1865"
"836","383904","20220712103000","1146","0","桃園市","龜山區","121.365","25.050","750"
"1121","383905","20220712103000","1106","1","桃園市","龜山區","121.360","25.055","1067"
"2122","383906","20220712103000","1316","3","桃園市","龜山區","121.365","25.055","2033"
"4491","383907","20220712103000","3201","2","桃園市","龜山區","121.375","25.035","4998"
"1792","383908","20220712103000","1541","1","桃園市","龜山區","121.370","25.040","1805"
"669","383909","20220712103000","630","1","桃園市","龜山區","121.375","25.040","630"
"284","383910","20220712103000","342","0","桃園市","龜山區","121.365","25.045","273"
"2784","383911","20220712103000","2341","1","桃園市","龜山區","121.370","25.045","2583"
"282","383912","20220712103000","567","0","桃園市","龜山區","121.375","25.045","392"
"2132","383913","20220712103000","2801","0","桃園市","龜山區","121.370","25.050","2053"
"6643","383914","20220712103000","4462","2","桃園市","龜山區","121.375","25.050","6781"
"1277","383915","20220712103000","1140","1","桃園市","龜山區","121.370","25.055","1127"
"2175","383916","20220712103000","1749","2","桃園市","龜山區","121.375","25.055","1896"
"420","383919","20220712103000","616","0","桃園市","龜山區","121.360","25.000","422"
"267","383920","20220712103000","226","1","桃園市","龜山區","121.365","25.000","243"
"504","383922","20220712103000","469","1","桃園市","龜山區","121.340","25.000","543"
"350","383924","20220712103000","365","0","桃園市","龜山區","121.340","25.005","278"
"809","383928","20220712103000","889","0","桃園市","龜山區","121.365","25.005","920"
"502","383930","20220712103000","398","2","桃園市","龜山區","121.355","25.010","715"
"474","383939","20220712103000","540","0","桃園市","龜山區","121.360","25.020","403"
"988","383940","20220712103000","1049","0","桃園市","龜山區","121.365","25.015","934"
"143","383941","20220712103000","213","0","桃園市","龜山區","121.370","25.020","157"
"154","383945","20220712103000","188","0","桃園市","龜山區","121.365","25.020","166"
"22","383952","20220712103000","40","0","桃園市","龜山區","121.380","25.025","35"
"1484","383958","20220712103000","1454","1","桃園市","龜山區","121.335","24.995","1835"
"518","383959","20220712103000","334","3","桃園市","龜山區","121.345","25.005","800"
"498","383962","20220712103000","450","1","桃園市","龜山區","121.345","25.010","488"
"340","383966","20220712103000","297","1","桃園市","龜山區","121.345","25.015","356"
"430","383978","20220712103000","422","1","桃園市","龜山區","121.350","25.020","379"
"45","383987","20220712103000","35","2","桃園市","龜山區","121.345","25.030","38"
"360","383989","20220712103000","225","3","桃園市","龜山區","121.355","25.030","214"
"97","383991","20220712103000","150","0","桃園市","龜山區","121.380","25.020","92"
"348","383995","20220712103000","554","0","桃園市","龜山區","121.385","25.025","267"
"80","383996","20220712103000","210","0","桃園市","龜山區","121.390","25.025","112"
"1308","384001","20220712103000","2212","0","桃園市","龜山區","121.390","25.030","1068"
"696","384003","20220712103000","958","0","桃園市","龜山區","121.385","25.035","551"
"786","384004","20220712103000","1165","0","桃園市","龜山區","121.390","25.035","843"
"73","384008","20220712103000","25","3","桃園市","龜山區","121.385","25.040","47"
"783","384009","20220712103000","739","1","桃園市","龜山區","121.390","25.040","783"
"1761","384015","20220712103000","2171","0","桃園市","龜山區","121.380","25.050","1630"
"245","384017","20220712103000","456","0","桃園市","龜山區","121.390","25.050","236"
"176","384019","20220712103000","657","0","桃園市","龜山區","121.380","25.055","313"
"7049","384021","20220712103000","7644","0","臺北市","中山區","121.525","25.050","7095"
"8609","384022","20220712103000","8866","0","臺北市","中山區","121.530","25.055","8633"
"566","384040","20220712103000","667","0","桃園市","大園區","121.185","25.045","527"
"371","384041","20220712103000","343","1","桃園市","大園區","121.190","25.045","660"
"14","384045","20220712103000","75","0","桃園市","大園區","121.180","25.055","13"
"142","384058","20220712103000","152","0","桃園市","龜山區","121.355","24.995","121"
"591","384060","20220712103000","397","2","桃園市","龜山區","121.355","25.000","981"
"2055","384064","20220712103000","1779","1","新北市","永和區","121.510","25.020","2265"
"2274","384065","20220712103000","2752","0","臺北市","中正區","121.515","25.025","2250"
"1534","384066","20220712103000","2716","0","臺北市","中正區","121.525","25.020","1503"
"2268","384067","20220712103000","3502","0","臺北市","中正區","121.515","25.040","2238"
"14029","384068","20220712103000","15223","0","臺北市","中正區","121.515","25.045","14062"
"11826","384069","20220712103000","11068","1","臺北市","中山區","121.535","25.055","11916"
"1267","384070","20220712103000","1391","0","臺北市","文山區","121.560","25.005","1297"
"519","384071","20220712103000","407","2","臺北市","大安區","121.560","25.010","569"
"387","384072","20220712103000","1280","0","桃園市","桃園區","121.310","24.995","421"
"5795","384073","20220712103000","5367","1","臺北市","中山區","121.535","25.045","5566"
"4794","384074","20220712103000","6873","0","臺北市","中山區","121.535","25.050","4748"
"5814","384075","20220712103000","5266","1","臺北市","中正區","121.515","25.030","5770"
"5128","384076","20220712103000","6778","0","臺北市","信義區","121.565","25.025","5205"
"1281","384077","20220712103000","1355","0","臺北市","信義區","121.575","25.045","1225"
"344","384078","20220712103000","370","0","臺北市","信義區","121.585","25.035","397"
"734","384079","20220712103000","751","0","臺北市","信義區","121.565","25.020","757"
"31","384080","20220712103000","38","0","桃園市","桃園區","121.285","25.010","49"
"601","384081","20220712103000","816","0","桃園市","桃園區","121.290","25.010","802"
"1212","384082","20220712103000","1537","0","桃園市","桃園區","121.285","25.015","1003"
"925","384083","20220712103000","850","1","桃園市","桃園區","121.290","25.015","856"
"6295","384084","20220712103000","7651","0","臺北市","中正區","121.525","25.045","6148"
"5862","384085","20220712103000","4336","2","臺北市","中正區","121.530","25.045","5897"
"2268","384086","20220712103000","3377","0","臺北市","中正區","121.530","25.010","2269"
"6117","384087","20220712103000","6795","0","臺北市","中山區","121.525","25.055","6026"
"3875","384088","20220712103000","3825","1","臺北市","中山區","121.540","25.045","3949"
"4521","384089","20220712103000","4995","0","臺北市","大安區","121.540","25.040","4534"
"4477","384090","20220712103000","4125","1","臺北市","中正區","121.520","25.030","4524"
"3468","384091","20220712103000","3389","1","臺北市","中正區","121.520","25.035","3558"
"11457","384092","20220712103000","10527","1","臺北市","中正區","121.520","25.040","11235"
"8832","384093","20220712103000","10110","0","臺北市","中正區","121.525","25.040","8605"
"253","384094","20220712103000","678","0","臺北市","中正區","121.525","25.015","287"
"1497","384100","20220712103000","857","3","桃園市","中壢區","121.200","25.000","1326"
"159","384101","20220712103000","168","0","桃園市","中壢區","121.205","25.000","300"
"616","384103","20220712103000","330","3","桃園市","中壢區","121.200","25.005","540"
"857","384104","20220712103000","1412","0","新北市","泰山區","121.420","25.030","1089"
"224","384106","20220712103000","329","0","新北市","泰山區","121.425","25.035","302"
"1208","384109","20220712103000","2351","0","新北市","泰山區","121.420","25.040","1589"
"673","384111","20220712103000","795","0","新北市","泰山區","121.425","25.040","882"
"2251","384112","20220712103000","2738","0","新北市","泰山區","121.430","25.040","2519"
"94","384113","20220712103000","89","1","桃園市","龜山區","121.330","24.995","229"
"165","384129","20220712103000","211","0","桃園市","龜山區","121.375","25.010","282"
"741","384131","20220712103000","640","1","桃園市","龜山區","121.385","25.010","665"
"324","384132","20220712103000","278","1","桃園市","龜山區","121.390","25.010","285"
"871","384140","20220712103000","1518","0","桃園市","龜山區","121.395","25.020","1154"
"645","384141","20220712103000","574","1","桃園市","龜山區","121.400","25.020","523"
"954","384142","20220712103000","1033","0","桃園市","龜山區","121.340","24.995","903"
"1618","384145","20220712103000","1606","1","桃園市","龜山區","121.345","25.000","1687"
"8109","384146","20220712103000","9327","0","臺北市","中山區","121.520","25.055","8081"
"969","384147","20220712103000","882","1","桃園市","桃園區","121.305","25.025","920"
"65","384149","20220712103000","70","0","桃園市","新屋區","121.030","25.000","81"
"210","384152","20220712103000","290","0","桃園市","新屋區","121.030","25.005","217"
"85","384164","20220712103000","104","0","桃園市","新屋區","121.060","24.995","117"
"225","384167","20220712103000","145","3","桃園市","新屋區","121.060","25.000","155"
"523","384185","20220712103000","508","1","桃園市","新屋區","121.075","25.005","448"
"101","384188","20220712103000","635","0","桃園市","桃園區","121.325","25.000","142"
"301","384189","20220712103000","399","0","桃園市","桃園區","121.320","25.005","456"
"1431","384190","20220712103000","1240","1","桃園市","桃園區","121.325","25.005","1245"
"1441","384194","20220712103000","2861","0","臺北市","中正區","121.510","25.025","1502"
"44","384227","20220712103000","40","1","新北市","貢寮區","121.955","25.005","45"
"79","384234","20220712103000","73","1","新北市","貢寮區","121.950","25.010","44"
"397","384241","20220712103000","284","2","新北市","貢寮區","121.945","25.015","392"
"79","384254","20220712103000","95","0","新北市","貢寮區","121.970","25.025","77"
"42","384264","20220712103000","54","0","新北市","貢寮區","121.890","25.020","53"
"395","384267","20220712103000","361","1","新北市","貢寮區","121.905","25.020","347"
"37","384270","20220712103000","30","2","新北市","貢寮區","121.900","25.025","29"
"24","384288","20220712103000","23","1","新北市","貢寮區","121.930","25.000","30"
"137","384299","20220712103000","139","0","新北市","貢寮區","121.920","25.010","143"
"164","384306","20220712103000","71","3","新北市","貢寮區","121.930","25.015","50"
"33","384338","20220712103000","31","1","新北市","貢寮區","121.905","25.010","36"
"540","384342","20220712103000","296","3","新北市","貢寮區","121.945","25.020","428"
"106","384349","20220712103000","95","1","新北市","貢寮區","121.930","25.030","102"
"23","384353","20220712103000","18","2","新北市","貢寮區","121.930","25.035","52"
"1669","384355","20220712103000","1513","1","桃園市","龜山區","121.400","25.015","1569"
"2493","384356","20220712103000","2491","1","桃園市","龜山區","121.405","25.020","2562"
"264","384362","20220712103000","203","2","桃園市","新屋區","121.045","25.005","209"
"284","384367","20220712103000","326","0","桃園市","桃園區","121.320","24.995","466"
"1491","384368","20220712103000","1513","0","桃園市","桃園區","121.325","24.995","1484"
"1650","384371","20220712103000","1551","1","桃園市","桃園區","121.295","25.000","1769"
"673","384372","20220712103000","434","3","桃園市","桃園區","121.280","25.005","559"
"760","384373","20220712103000","704","1","桃園市","桃園區","121.285","25.005","1110"
"1498","384374","20220712103000","2003","0","桃園市","桃園區","121.280","25.010","1262"
"1340","384375","20220712103000","1848","0","桃園市","桃園區","121.300","25.000","1366"
"1107","384376","20220712103000","1110","0","桃園市","桃園區","121.305","25.000","1112"
"1162","384377","20220712103000","952","2","桃園市","桃園區","121.310","25.025","1064"
"384","384378","20220712103000","293","2","桃園市","桃園區","121.310","25.020","417"
"989","384379","20220712103000","798","2","桃園市","桃園區","121.315","25.025","728"
"2551","384382","20220712103000","2438","1","桃園市","桃園區","121.300","25.025","2361"
"1257","384383","20220712103000","1114","1","桃園市","桃園區","121.305","25.020","1209"
"105","384386","20220712103000","123","0","桃園市","桃園區","121.300","25.030","184"
"34","384387","20220712103000","44","0","桃園市","桃園區","121.295","24.995","145"
"3466","384388","20220712103000","4319","0","臺北市","中山區","121.530","25.050","3501"
"3165","384389","20220712103000","3164","1","桃園市","桃園區","121.295","25.025","3136"
"325","384391","20220712103000","315","1","桃園市","蘆竹區","121.295","25.035","285"
"4460","384392","20220712103000","3789","1","桃園市","蘆竹區","121.295","25.040","4169"
"2252","384393","20220712103000","2684","0","桃園市","桃園區","121.300","25.015","2402"
"5235","384394","20220712103000","3640","2","桃園市","桃園區","121.295","25.015","4903"
"2253","384395","20220712103000","1848","2","桃園市","桃園區","121.320","25.010","2150"
"1724","384398","20220712103000","841","3","桃園市","桃園區","121.310","25.000","1629"
"687","384399","20220712103000","619","1","桃園市","桃園區","121.315","25.000","621"
"562","384400","20220712103000","452","2","桃園市","桃園區","121.320","25.000","483"
"809","384401","20220712103000","639","2","桃園市","桃園區","121.310","25.005","785"
"422","384402","20220712103000","280","3","臺北市","南港區","121.590","25.035","422"
"276","384403","20220712103000","289","0","臺北市","大安區","121.550","25.015","333"
"2647","384404","20220712103000","3266","0","臺北市","大安區","121.555","25.020","2639"
"7639","384405","20220712103000","8830","0","臺北市","大安區","121.550","25.020","7583"
"1487","384408","20220712103000","1319","1","桃園市","桃園區","121.305","25.010","1522"
"4245","384409","20220712103000","4788","0","臺北市","中正區","121.530","25.015","4198"
"6534","384410","20220712103000","6948","0","臺北市","中正區","121.525","25.035","6349"
"3269","384411","20220712103000","4717","0","臺北市","中山區","121.540","25.050","3190"
"868","384412","20220712103000","890","0","桃園市","桃園區","121.290","25.020","962"
"5182","384413","20220712103000","6288","0","臺北市","信義區","121.560","25.045","5290"
"116","384415","20220712103000","299","0","桃園市","桃園區","121.300","24.995","243"
"1187","384416","20220712103000","1324","0","桃園市","桃園區","121.290","25.025","1252"
"1105","384417","20220712103000","763","2","桃園市","桃園區","121.290","25.005","988"
"1411","384418","20220712103000","1270","1","桃園市","桃園區","121.295","25.005","1680"
"757","384419","20220712103000","1238","0","桃園市","桃園區","121.295","25.010","988"
"4773","384420","20220712103000","5099","0","臺北市","大同區","121.510","25.055","4849"
"895","384421","20220712103000","970","0","臺北市","中正區","121.520","25.020","1030"
"4129","384422","20220712103000","3478","1","臺北市","信義區","121.570","25.025","4348"
"13","384423","20220712103000","27","0","臺北市","信義區","121.575","25.025","13"
"1724","384424","20220712103000","1889","0","臺北市","信義區","121.570","25.030","1769"
"1713","384425","20220712103000","2041","0","臺北市","信義區","121.575","25.030","1735"
"4633","384426","20220712103000","4943","0","臺北市","大同區","121.515","25.050","4509"
"6631","384427","20220712103000","6020","1","臺北市","中山區","121.520","25.050","6643"
"2580","384428","20220712103000","2588","0","臺北市","大同區","121.515","25.055","2572"
"2919","384429","20220712103000","2404","2","桃園市","桃園區","121.305","24.995","2641"
"1979","384430","20220712103000","1770","1","桃園市","桃園區","121.300","25.005","1956"
"1323","384431","20220712103000","985","2","臺北市","大同區","121.505","25.050","1326"
"4840","384432","20220712103000","5298","0","臺北市","大同區","121.510","25.050","4888"
"430","384433","20220712103000","1425","0","臺北市","大安區","121.555","25.040","458"
"6723","384434","20220712103000","7997","0","臺北市","大安區","121.555","25.030","6658"
"3356","384435","20220712103000","3995","0","臺北市","大安區","121.530","25.025","3464"
"1872","384436","20220712103000","4656","0","臺北市","大安區","121.525","25.030","1902"
"6116","384437","20220712103000","6412","0","臺北市","大安區","121.525","25.025","6324"
"4542","384438","20220712103000","4493","1","臺北市","大安區","121.545","25.035","4386"
"7441","384439","20220712103000","9742","0","臺北市","大安區","121.545","25.030","7408"
"4577","384440","20220712103000","5690","0","臺北市","大安區","121.555","25.035","5087"
"4709","384441","20220712103000","6628","0","臺北市","大安區","121.550","25.025","4720"
"5747","384442","20220712103000","4880","1","臺北市","中正區","121.530","25.035","5897"
"6338","384443","20220712103000","6252","1","臺北市","中正區","121.510","25.045","6361"
"754","384446","20220712103000","604","2","桃園市","蘆竹區","121.270","25.015","559"
"391","384447","20220712103000","318","2","桃園市","蘆竹區","121.260","25.025","378"
"1201","384448","20220712103000","857","2","桃園市","蘆竹區","121.265","25.020","1063"
"183","384449","20220712103000","373","0","桃園市","蘆竹區","121.270","25.020","277"
"12","384450","20220712103000","18","0","桃園市","蘆竹區","121.270","25.025","29"
"14","384454","20220712103000","31","0","桃園市","蘆竹區","121.255","25.000","45"
"44","384461","20220712103000","121","0","桃園市","蘆竹區","121.260","25.010","56"
"30","384463","20220712103000","145","0","桃園市","蘆竹區","121.250","25.015","61"
"534","384466","20220712103000","345","3","桃園市","蘆竹區","121.250","25.020","466"
"1233","384467","20220712103000","834","2","桃園市","蘆竹區","121.255","25.020","2088"
"2353","384468","20220712103000","1764","2","桃園市","蘆竹區","121.260","25.020","2320"
"2178","384469","20220712103000","2717","0","桃園市","蘆竹區","121.295","25.055","2538"
"1262","384473","20220712103000","1163","1","桃園市","桃園區","121.305","25.030","1021"
"172","384480","20220712103000","471","0","桃園市","龜山區","121.305","25.035","390"
"869","384489","20220712103000","637","2","桃園市","蘆竹區","121.295","25.045","792"
"1132","384497","20220712103000","2081","0","桃園市","龜山區","121.305","25.045","983"
"385","384499","20220712103000","923","0","桃園市","龜山區","121.315","25.045","294"
"32","384502","20220712103000","19","3","桃園市","龜山區","121.330","25.045","30"
"463","384507","20220712103000","270","3","桃園市","龜山區","121.320","25.050","363"
"841","384514","20220712103000","553","3","桃園市","龜山區","121.335","25.055","545"
"651","384517","20220712103000","800","0","桃園市","龜山區","121.340","25.035","551"
"290","384521","20220712103000","243","1","桃園市","龜山區","121.345","25.040","283"
"341","384522","20220712103000","210","3","桃園市","龜山區","121.350","25.040","344"
"41","384523","20220712103000","49","0","桃園市","龜山區","121.355","25.040","50"
"540","384525","20220712103000","998","0","桃園市","龜山區","121.350","25.045","447"
"522","384526","20220712103000","619","0","桃園市","龜山區","121.355","25.045","383"
"32","384527","20220712103000","59","0","桃園市","龜山區","121.345","25.050","42"
"623","384528","20220712103000","747","0","桃園市","龜山區","121.350","25.050","645"
"411","384532","20220712103000","323","2","桃園市","龜山區","121.350","25.055","353"
"3675","384533","20220712103000","4846","0","臺北市","信義區","121.570","25.035","3702"
"2184","384534","20220712103000","2988","0","臺北市","信義區","121.575","25.035","2176"
"34","384537","20220712103000","32","1","臺北市","南港區","121.625","25.020","37"
"102","384549","20220712103000","124","0","臺北市","南港區","121.630","25.030","111"
"856","384552","20220712103000","655","2","臺北市","南港區","121.620","25.035","875"
"85","384554","20220712103000","75","1","新北市","汐止區","121.630","25.035","84"
"826","384555","20220712103000","629","2","臺北市","南港區","121.620","25.040","869"
"3114","384556","20220712103000","4569","0","臺北市","信義區","121.575","25.040","3062"
"3667","384557","20220712103000","4089","0","臺北市","南港區","121.585","25.045","3718"
"195","384572","20220712103000","61","3","新北市","雙溪區","121.825","25.025","159"
"13","384597","20220712103000","24","0","新北市","雙溪區","121.850","25.010","33"
"83","384613","20220712103000","50","3","新北市","雙溪區","121.860","25.035","85"
"827","384614","20220712103000","929","0","新北市","雙溪區","121.865","25.035","833"
"57","384624","20220712103000","66","0","新北市","雙溪區","121.830","25.000","54"
"20","384641","20220712103000","28","0","新北市","雙溪區","121.805","25.015","22"
"122","384662","20220712103000","102","1","新北市","雙溪區","121.840","25.035","106"
"295","384679","20220712103000","224","2","新北市","雙溪區","121.865","25.040","251"
"53","384696","20220712103000","51","1","新北市","雙溪區","121.845","24.995","77"
"675","384710","20220712103000","538","2","桃園市","桃園區","121.275","25.020","555"
"512","384711","20220712103000","428","1","桃園市","桃園區","121.280","25.020","431"
"15","384715","20220712103000","252","0","臺北市","信義區","121.560","25.025","13"
"1347","384716","20220712103000","1601","0","臺北市","信義區","121.565","25.030","1275"
"11399","384717","20220712103000","13567","0","臺北市","信義區","121.560","25.030","11502"
"3186","384718","20220712103000","4416","0","臺北市","中正區","121.520","25.025","3224"
"939","384719","20220712103000","905","1","桃園市","大園區","121.210","25.005","1330"
"1195","384720","20220712103000","963","2","桃園市","大園區","121.210","25.010","1053"
"1820","384721","20220712103000","1040","3","桃園市","大園區","121.210","25.015","1638"
"1430","384722","20220712103000","834","3","桃園市","大園區","121.210","25.020","1067"
"111","384723","20220712103000","290","0","桃園市","大園區","121.220","25.020","177"
"832","384726","20220712103000","805","1","桃園市","大園區","121.220","25.025","723"
"688","384729","20220712103000","640","1","桃園市","大園區","121.215","25.025","585"
"569","384731","20220712103000","507","1","桃園市","大園區","121.205","25.035","479"
"378","384739","20220712103000","226","3","桃園市","大園區","121.205","25.050","336"
"55","384743","20220712103000","53","1","桃園市","大園區","121.210","25.055","58"
"3767","384744","20220712103000","4027","0","臺北市","信義區","121.580","25.040","3539"
"1391","384745","20220712103000","1692","0","臺北市","中正區","121.510","25.030","1386"
"8710","384746","20220712103000","8756","0","臺北市","中正區","121.520","25.045","8953"
"2143","384747","20220712103000","2917","0","臺北市","中正區","121.505","25.030","2198"
"5169","384748","20220712103000","5441","0","臺北市","中正區","121.510","25.035","5439"
"897","384749","20220712103000","1602","0","臺北市","中正區","121.515","25.035","905"
"5298","384750","20220712103000","6723","0","臺北市","中正區","121.510","25.040","5054"
"2504","384751","20220712103000","2047","2","桃園市","桃園區","121.305","25.015","2219"
"1496","384752","20220712103000","1572","0","桃園市","桃園區","121.300","25.020","1533"
"3427","384754","20220712103000","2601","2","桃園市","桃園區","121.295","25.020","3236"
"2392","384756","20220712103000","2294","1","桃園市","桃園區","121.315","25.015","2524"
"354","384757","20220712103000","1291","0","桃園市","桃園區","121.315","25.020","472"
"1656","384759","20220712103000","1757","0","桃園市","桃園區","121.305","25.005","1729"
"3476","384760","20220712103000","4826","0","臺北市","信義區","121.570","25.045","3504"
"542","384761","20220712103000","493","1","臺北市","信義區","121.575","25.015","541"
"565","384763","20220712103000","544","1","臺北市","信義區","121.575","25.020","547"
"606","384770","20220712103000","455","2","桃園市","大園區","121.225","25.015","582"
"774","384775","20220712103000","704","1","桃園市","大園區","121.230","25.020","765"
"154","384776","20220712103000","138","1","桃園市","大園區","121.235","25.020","183"
"379","384777","20220712103000","505","0","桃園市","大園區","121.240","25.020","343"
"232","384783","20220712103000","155","2","桃園市","大園區","121.230","25.025","174"
"101","384787","20220712103000","112","0","桃園市","大園區","121.220","25.035","169"
"669","384788","20220712103000","631","1","桃園市","大園區","121.225","25.035","507"
"570","384790","20220712103000","576","0","桃園市","大園區","121.165","25.050","548"
"609","384794","20220712103000","573","1","桃園市","大園區","121.160","25.055","551"
"248","384798","20220712103000","270","0","桃園市","大園區","121.175","25.055","364"
"387","384806","20220712103000","368","1","桃園市","大園區","121.175","25.030","351"
"335","384811","20220712103000","152","3","桃園市","大園區","121.180","25.035","302"
"263","384818","20220712103000","167","3","桃園市","大園區","121.215","25.035","276"
"373","384824","20220712103000","406","0","桃園市","大園區","121.215","25.045","382"
"117","384830","20220712103000","108","1","桃園市","大園區","121.215","25.055","118"
"615","384831","20220712103000","762","0","桃園市","大園區","121.220","25.055","555"
"4548","384843","20220712103000","6118","0","臺北市","松山區","121.550","25.045","4501"
"1829","384844","20220712103000","2380","0","臺北市","信義區","121.565","25.045","1888"
"61","384845","20220712103000","67","0","臺北市","南港區","121.595","25.035","63"
"3275","384846","20220712103000","4227","0","臺北市","大安區","121.535","25.020","3246"
"1086","384847","20220712103000","998","1","臺北市","大安區","121.535","25.030","1093"
"1223","384848","20220712103000","874","2","臺北市","文山區","121.575","25.000","1200"
"89","384849","20220712103000","95","0","臺北市","文山區","121.590","25.000","75"
"311","384853","20220712103000","432","0","臺北市","文山區","121.585","25.005","316"
"324","384856","20220712103000","201","3","臺北市","文山區","121.570","25.010","310"
"112","384857","20220712103000","128","0","臺北市","文山區","121.575","25.010","110"
"71","384858","20220712103000","55","2","臺北市","文山區","121.580","25.010","51"
"99","384862","20220712103000","113","0","臺北市","文山區","121.590","25.010","130"
"970","384864","20220712103000","927","1","臺北市","大安區","121.540","25.010","1239"
"2609","384865","20220712103000","2483","1","臺北市","文山區","121.540","25.005","2817"
"1357","384868","20220712103000","1116","2","臺北市","萬華區","121.490","25.035","1473"
"3420","384871","20220712103000","3860","0","臺北市","文山區","121.560","25.000","3412"
"1627","384874","20220712103000","1342","2","臺北市","萬華區","121.495","25.015","1725"
"141","384876","20220712103000","192","0","臺北市","信義區","121.565","25.015","162"
"4989","384878","20220712103000","5261","0","臺北市","大安區","121.550","25.035","4529"
"4360","384879","20220712103000","3999","1","臺北市","中正區","121.530","25.040","4314"
"13069","384880","20220712103000","11002","1","臺北市","大安區","121.550","25.030","13012"
"3504","384881","20220712103000","4181","0","臺北市","信義區","121.555","25.025","3577"
"595","384882","20220712103000","470","2","臺北市","文山區","121.550","24.995","669"
"1758","384883","20220712103000","1985","0","臺北市","文山區","121.550","25.000","2042"
"3558","384884","20220712103000","3265","1","臺北市","萬華區","121.500","25.020","3472"
"3590","384885","20220712103000","4017","0","臺北市","大安區","121.530","25.020","3961"
"6241","384886","20220712103000","6753","0","臺北市","大安區","121.540","25.035","5509"
"335","384888","20220712103000","259","2","臺北市","文山區","121.565","25.000","319"
"196","384889","20220712103000","326","0","臺北市","文山區","121.565","25.005","198"
"751","384890","20220712103000","860","0","臺北市","文山區","121.570","25.005","751"
"250","384893","20220712103000","382","0","臺北市","文山區","121.585","24.995","287"
"331","384895","20220712103000","233","2","臺北市","文山區","121.580","25.000","312"
"56","384896","20220712103000","32","3","臺北市","文山區","121.585","25.000","57"
"346","384897","20220712103000","393","0","新北市","深坑區","121.600","25.000","623"
"3810","384898","20220712103000","4005","0","臺北市","文山區","121.540","24.995","3949"
"220","384899","20220712103000","189","1","臺北市","文山區","121.570","24.995","204"
"1202","384900","20220712103000","1131","1","臺北市","文山區","121.570","25.000","1280"
"3552","384901","20220712103000","3390","1","臺北市","文山區","121.540","25.000","3727"
"1026","384903","20220712103000","1455","0","臺北市","萬華區","121.505","25.020","1072"
"1027","384904","20220712103000","1283","0","臺北市","文山區","121.555","24.995","1012"
"1344","384905","20220712103000","1124","1","臺北市","文山區","121.560","24.995","1286"
"1222","384906","20220712103000","1610","0","臺北市","文山區","121.555","25.000","1259"
"1081","384907","20220712103000","975","1","臺北市","文山區","121.550","25.005","1160"
"397","384908","20220712103000","222","3","臺北市","大安區","121.550","25.010","401"
"2169","384909","20220712103000","2562","0","臺北市","大安區","121.540","25.015","2139"
"2576","384911","20220712103000","4909","0","臺北市","中正區","121.535","25.010","2461"
"795","384913","20220712103000","1309","0","臺北市","大安區","121.545","25.010","769"
"3643","384914","20220712103000","3658","0","臺北市","大安區","121.535","25.015","3894"
"782","384916","20220712103000","1110","0","臺北市","大安區","121.545","25.015","787"
"7157","384917","20220712103000","8681","0","臺北市","大安區","121.550","25.040","7246"
"1360","384918","20220712103000","979","2","臺北市","文山區","121.535","24.995","1702"
"4096","384919","20220712103000","4163","0","臺北市","松山區","121.545","25.045","4132"
"3398","384920","20220712103000","3117","1","臺北市","萬華區","121.500","25.040","3416"
"758","384922","20220712103000","743","1","臺北市","萬華區","121.490","25.030","804"
"6220","384923","20220712103000","6339","0","臺北市","萬華區","121.505","25.045","6234"
"1935","384924","20220712103000","2425","0","臺北市","南港區","121.585","25.050","1958"
"1203","384925","20220712103000","1581","0","臺北市","南港區","121.590","25.050","1208"
"1293","384926","20220712103000","1165","1","臺北市","南港區","121.590","25.040","1291"
"246","384927","20220712103000","439","0","臺北市","南港區","121.590","25.045","322"
"942","384929","20220712103000","893","1","臺北市","南港區","121.595","25.040","936"
"252","384931","20220712103000","607","0","臺北市","南港區","121.595","25.045","285"
"244","384932","20220712103000","289","0","臺北市","南港區","121.600","25.045","238"
"2238","384933","20220712103000","2376","0","臺北市","南港區","121.595","25.050","2189"
"2965","384935","20220712103000","3603","0","臺北市","萬華區","121.495","25.030","3098"
"1997","384936","20220712103000","1383","2","臺北市","萬華區","121.490","25.025","2170"
"647","384937","20220712103000","599","1","臺北市","文山區","121.555","25.010","512"
"157","384938","20220712103000","176","0","臺北市","信義區","121.565","25.010","128"
"1481","384940","20220712103000","1913","0","臺北市","大安區","121.560","25.015","1625"
"6824","384941","20220712103000","6167","1","臺北市","松山區","121.550","25.050","6852"
"403","384942","20220712103000","651","0","臺北市","大安區","121.540","25.020","559"
"99","384943","20220712103000","1731","0","臺北市","大安區","121.540","25.025","111"
"9958","384944","20220712103000","10890","0","臺北市","松山區","121.555","25.050","10059"
"1698","384945","20220712103000","1361","2","臺北市","萬華區","121.495","25.035","1769"
"442","384946","20220712103000","454","0","臺北市","萬華區","121.495","25.040","483"
"702","384947","20220712103000","588","1","臺北市","文山區","121.565","24.995","694"
"5673","384948","20220712103000","5305","1","臺北市","松山區","121.560","25.050","5671"
"4615","384949","20220712103000","6702","0","臺北市","松山區","121.565","25.050","4612"
"1341","384950","20220712103000","917","2","臺北市","萬華區","121.490","25.020","1361"
"1211","384951","20220712103000","1030","1","臺北市","萬華區","121.500","25.030","1322"
"4054","384952","20220712103000","3925","1","臺北市","萬華區","121.505","25.040","3931"
"5695","384955","20220712103000","6690","0","臺北市","大安區","121.535","25.040","5977"
"3356","384956","20220712103000","2104","3","臺北市","松山區","121.555","25.045","3464"
"2103","384957","20220712103000","1852","1","臺北市","松山區","121.575","25.050","2196"
"6897","384958","20220712103000","7199","0","臺北市","南港區","121.580","25.050","7025"
"195","384960","20220712103000","523","0","臺北市","信義區","121.580","25.030","181"
"2561","384961","20220712103000","3184","0","臺北市","信義區","121.580","25.035","2060"
"1926","384962","20220712103000","3311","0","臺北市","信義區","121.580","25.045","2013"
"2648","384963","20220712103000","3889","0","臺北市","萬華區","121.500","25.035","2944"
"5852","384964","20220712103000","6996","0","臺北市","松山區","121.545","25.050","6037"
"1341","384965","20220712103000","1120","1","臺北市","萬華區","121.495","25.020","1406"
"1850","384966","20220712103000","2070","0","臺北市","萬華區","121.500","25.025","1856"
"360","384968","20220712103000","255","2","臺北市","信義區","121.570","25.015","292"
"101","384969","20220712103000","1017","0","臺北市","信義區","121.570","25.020","135"
"2504","384970","20220712103000","5378","0","臺北市","信義區","121.560","25.040","2505"
"4244","384971","20220712103000","5622","0","臺北市","大安區","121.535","25.035","4374"
"1369","384972","20220712103000","1422","0","臺北市","文山區","121.545","24.995","1477"
"1343","384973","20220712103000","1001","2","臺北市","大安區","121.555","25.015","1329"
"2802","384974","20220712103000","3173","0","臺北市","大安區","121.540","25.030","2863"
"127","384975","20220712103000","107","1","臺北市","文山區","121.545","25.005","139"
"407","384976","20220712103000","506","0","臺北市","文山區","121.535","25.000","469"
"375","384977","20220712103000","825","0","臺北市","文山區","121.535","25.005","449"
"2720","384978","20220712103000","3249","0","臺北市","萬華區","121.505","25.025","2715"
"1395","384983","20220712103000","1234","1","臺北市","南港區","121.610","25.050","1378"
"232","384984","20220712103000","312","0","臺北市","南港區","121.615","25.050","228"
"2548","384986","20220712103000","2050","2","臺北市","南港區","121.615","25.040","2615"
"960","384987","20220712103000","2279","0","臺北市","南港區","121.615","25.045","986"
"11","384991","20220712103000","11","1","臺北市","南港區","121.590","25.015","11"
"24","384992","20220712103000","28","0","臺北市","南港區","121.595","25.015","30"
"59","384996","20220712103000","46","2","臺北市","南港區","121.600","25.020","49"
"252","384997","20220712103000","299","0","臺北市","南港區","121.605","25.020","284"
"39","385006","20220712103000","41","0","臺北市","南港區","121.620","25.025","54"
"838","385010","20220712103000","880","0","臺北市","南港區","121.610","25.030","886"
"41","385015","20220712103000","343","0","臺北市","南港區","121.615","25.035","31"
"4934","385016","20220712103000","4572","1","臺北市","大安區","121.535","25.025","4948"
"4091","385018","20220712103000","4983","0","臺北市","大安區","121.545","25.020","3991"
"8036","385019","20220712103000","10057","0","臺北市","信義區","121.565","25.040","7873"
"8936","385020","20220712103000","8052","1","臺北市","信義區","121.570","25.040","8910"
"1327","385021","20220712103000","2900","0","臺北市","信義區","121.560","25.035","1538"
"7583","385022","20220712103000","7345","1","臺北市","信義區","121.565","25.035","7705"
"246","385023","20220712103000","190","2","臺北市","文山區","121.555","25.005","242"
"1151","385025","20220712103000","1261","0","臺北市","文山區","121.545","25.000","1284"
"4359","385026","20220712103000","4442","0","臺北市","萬華區","121.505","25.035","4363"
"1766","385027","20220712103000","2086","0","臺北市","萬華區","121.495","25.025","1899"
"7075","385028","20220712103000","7963","0","臺北市","大安區","121.545","25.040","7131"
"1602","385029","20220712103000","1822","0","臺北市","信義區","121.560","25.020","1584"
"14","385030","20220712103000","22","0","臺北市","信義區","121.585","25.025","14"
"40","385032","20220712103000","60","0","臺北市","信義區","121.590","25.030","39"
"2621","385033","20220712103000","2454","1","臺北市","信義區","121.585","25.040","2701"
"4377","385034","20220712103000","3795","1","臺北市","大安區","121.530","25.030","4368"
"3828","385035","20220712103000","3685","1","臺北市","大安區","121.545","25.025","3946"
"101","387378","20220712103000","64","3","新北市","貢寮區","121.920","25.075","107"
"510","391023","20220712103000","505","1","桃園市","大園區","121.240","25.115","387"
"507","392790","20220712103000","564","0","新北市","林口區","121.360","25.135","446"
"1576","392791","20220712103000","1314","1","基隆市","中正區(海)","121.745","25.135","1760"
"165","392792","20220712103000","185","0","新北市","瑞芳區","121.805","25.135","96"
"1104","393254","20220712103000","937","1","基隆市","中正區(海)","121.750","25.140","950"
"2577","394037","20220712103000","2832","0","基隆市","七堵區","121.700","25.085","2586"
"118","394044","20220712103000","70","3","基隆市","七堵區","121.715","25.105","120"
"20","394049","20220712103000","26","0","基隆市","安樂區","121.710","25.120","23"
"712","394050","20220712103000","706","1","基隆市","中正區","121.760","25.140","561"
"865","394051","20220712103000","917","0","基隆市","中正區","121.755","25.135","729"
"1057","394053","20220712103000","859","2","基隆市","安樂區","121.720","25.125","1089"
"569","394054","20220712103000","880","0","基隆市","中山區","121.730","25.145","629"
"1030","394055","20220712103000","1374","0","新北市","三重區","121.475","25.065","1162"
"1517","394056","20220712103000","1054","2","新北市","三重區","121.490","25.070","1827"
"2856","394057","20220712103000","2361","2","新北市","汐止區","121.635","25.065","2620"
"2380","394058","20220712103000","2096","1","新北市","汐止區","121.660","25.065","2427"
"36","394059","20220712103000","26","2","新北市","汐止區","121.665","25.050","48"
"756","394060","20220712103000","555","2","新北市","汐止區","121.670","25.055","878"
"628","394062","20220712103000","1007","0","新北市","汐止區","121.665","25.055","698"
"1142","394064","20220712103000","2580","0","新北市","汐止區","121.660","25.060","1212"
"655","394066","20220712103000","448","2","基隆市","七堵區","121.695","25.080","652"
"952","394068","20220712103000","856","1","基隆市","七堵區","121.720","25.100","952"
"921","394069","20220712103000","1589","0","基隆市","中正區","121.750","25.135","993"
"207","394070","20220712103000","324","0","基隆市","中正區","121.755","25.140","389"
"92","394071","20220712103000","57","3","基隆市","中正區","121.795","25.145","76"
"358","394072","20220712103000","521","0","基隆市","中正區","121.770","25.145","344"
"625","394074","20220712103000","647","0","基隆市","暖暖區","121.730","25.095","626"
"641","394075","20220712103000","744","0","基隆市","暖暖區","121.735","25.105","498"
"333","394076","20220712103000","420","0","基隆市","暖暖區","121.735","25.110","320"
"428","394077","20220712103000","419","1","基隆市","暖暖區","121.740","25.100","342"
"590","394078","20220712103000","819","0","基隆市","中山區","121.735","25.135","579"
"223","394082","20220712103000","316","0","基隆市","安樂區","121.705","25.140","262"
"60","394085","20220712103000","53","1","基隆市","安樂區","121.700","25.145","97"
"1176","394090","20220712103000","956","2","基隆市","安樂區","121.715","25.125","1197"
"2450","394091","20220712103000","2220","1","基隆市","仁愛區","121.740","25.125","2405"
"679","394092","20220712103000","550","2","臺北市","大同區","121.510","25.070","739"
"2731","394093","20220712103000","2330","1","新北市","三重區","121.500","25.055","3042"
"3350","394094","20220712103000","3657","0","新北市","三重區","121.500","25.065","3714"
"694","394095","20220712103000","791","0","基隆市","中山區","121.740","25.135","634"
"3200","394096","20220712103000","3530","0","基隆市","信義區","121.755","25.130","2742"
"656","394097","20220712103000","697","0","基隆市","仁愛區","121.735","25.125","666"
"317","394098","20220712103000","275","1","基隆市","安樂區","121.725","25.140","311"
"164","394099","20220712103000","694","0","基隆市","安樂區","121.730","25.130","227"
"1621","394102","20220712103000","1946","0","新北市","五股區","121.450","25.105","2011"
"941","394106","20220712103000","760","2","新北市","五股區","121.440","25.090","1177"
"840","394108","20220712103000","618","2","新北市","五股區","121.440","25.095","816"
"183","394109","20220712103000","227","0","新北市","五股區","121.430","25.100","219"
"120","394115","20220712103000","275","0","新北市","五股區","121.445","25.075","184"
"914","394118","20220712103000","1304","0","新北市","五股區","121.460","25.075","1113"
"1484","394121","20220712103000","628","3","新北市","五股區","121.455","25.080","1214"
"62","394125","20220712103000","91","0","新北市","五股區","121.430","25.085","95"
"949","394126","20220712103000","1497","0","新北市","五股區","121.435","25.085","1185"
"56","394127","20220712103000","70","0","新北市","五股區","121.420","25.090","78"
"1107","394129","20220712103000","1950","0","新北市","五股區","121.430","25.070","1432"
"1225","394130","20220712103000","1282","0","新北市","五股區","121.435","25.070","1541"
"302","394135","20220712103000","258","1","新北市","五股區","121.425","25.070","356"
"85","394136","20220712103000","56","3","新北市","林口區","121.405","25.075","131"
"124","394138","20220712103000","111","1","新北市","五股區","121.405","25.080","178"
"2638","394139","20220712103000","2783","0","新北市","新莊區","121.450","25.060","2477"
"4559","394141","20220712103000","4627","0","新北市","新莊區","121.455","25.060","4006"
"1707","394142","20220712103000","2061","0","新北市","五股區","121.450","25.070","1589"
"2762","394144","20220712103000","1846","2","新北市","五股區","121.455","25.070","2098"
"1245","394146","20220712103000","1397","0","新北市","五股區","121.465","25.070","1451"
"373","394147","20220712103000","323","1","新北市","五股區","121.465","25.075","413"
"266","394149","20220712103000","345","0","新北市","五股區","121.435","25.105","325"
"171","394150","20220712103000","170","1","新北市","五股區","121.420","25.110","190"
"113","394155","20220712103000","95","1","新北市","五股區","121.420","25.115","66"
"100","394166","20220712103000","48","3","新北市","五股區","121.425","25.120","125"
"100","394170","20220712103000","183","0","新北市","五股區","121.420","25.125","107"
"1035","394174","20220712103000","831","2","基隆市","信義區","121.765","25.125","840"
"1029","394175","20220712103000","829","2","基隆市","信義區","121.760","25.130","925"
"521","394176","20220712103000","403","2","基隆市","中正區","121.760","25.135","519"
"210","394178","20220712103000","157","2","基隆市","七堵區","121.700","25.070","238"
"582","394179","20220712103000","440","2","基隆市","七堵區","121.695","25.075","484"
"1334","394181","20220712103000","1657","0","基隆市","七堵區","121.715","25.095","1234"
"469","394182","20220712103000","569","0","基隆市","七堵區","121.720","25.095","482"
"689","394185","20220712103000","587","1","基隆市","中山區","121.720","25.140","669"
"1714","394186","20220712103000","1793","0","基隆市","中山區","121.725","25.145","1736"
"604","394187","20220712103000","518","1","新北市","五股區","121.435","25.090","777"
"671","394188","20220712103000","1122","0","新北市","五股區","121.440","25.080","884"
"539","394189","20220712103000","1132","0","新北市","五股區","121.440","25.085","661"
"87","394191","20220712103000","57","3","新北市","五股區","121.415","25.085","91"
"209","394193","20220712103000","269","0","新北市","五股區","121.415","25.090","247"
"165","394196","20220712103000","122","2","新北市","五股區","121.410","25.100","218"
"186","394202","20220712103000","282","0","新北市","五股區","121.405","25.110","220"
"27","394207","20220712103000","99","0","新北市","五股區","121.410","25.110","33"
"47","394208","20220712103000","53","0","新北市","八里區","121.400","25.115","48"
"307","394211","20220712103000","432","0","新北市","五股區","121.425","25.095","367"
"93","394214","20220712103000","415","0","新北市","泰山區","121.435","25.065","148"
"211","394216","20220712103000","235","0","新北市","五股區","121.415","25.075","242"
"124","394218","20220712103000","88","2","新北市","五股區","121.425","25.075","101"
"658","394220","20220712103000","793","0","新北市","五股區","121.435","25.075","871"
"92","394223","20220712103000","142","0","新北市","五股區","121.420","25.080","110"
"789","394226","20220712103000","767","1","新北市","五股區","121.435","25.080","758"
"772","394227","20220712103000","716","1","新北市","五股區","121.445","25.090","926"
"554","394229","20220712103000","505","1","新北市","五股區","121.445","25.095","677"
"32","394230","20220712103000","236","0","新北市","五股區","121.450","25.095","68"
"416","394234","20220712103000","1021","0","新北市","五股區","121.450","25.100","527"
"2887","394235","20220712103000","3072","0","新北市","三重區","121.495","25.070","3315"
"1899","394236","20220712103000","2053","0","新北市","三重區","121.500","25.070","2222"
"3796","394237","20220712103000","4616","0","新北市","三重區","121.490","25.065","4339"
"2478","394238","20220712103000","1201","3","基隆市","中正區","121.785","25.135","2486"
"1954","394242","20220712103000","1757","1","基隆市","安樂區","121.720","25.120","2051"
"753","394243","20220712103000","1457","0","新北市","三重區","121.505","25.060","900"
"2303","394244","20220712103000","2977","0","新北市","三重區","121.480","25.060","2611"
"1400","394247","20220712103000","1322","1","新北市","三重區","121.485","25.070","1610"
"778","394248","20220712103000","489","3","基隆市","中正區","121.790","25.135","972"
"1054","394252","20220712103000","884","1","基隆市","信義區","121.765","25.130","1027"
"48","394254","20220712103000","251","0","基隆市","信義區","121.770","25.135","77"
"1092","394258","20220712103000","1318","0","基隆市","信義區","121.770","25.130","1068"
"720","394259","20220712103000","772","0","基隆市","信義區","121.775","25.130","768"
"84","394262","20220712103000","76","1","基隆市","信義區","121.790","25.115","177"
"183","394265","20220712103000","141","2","基隆市","信義區","121.790","25.120","263"
"320","394266","20220712103000","254","2","基隆市","信義區","121.785","25.125","402"
"1273","394270","20220712103000","1299","0","基隆市","信義區","121.775","25.135","1102"
"463","394272","20220712103000","407","1","基隆市","安樂區","121.725","25.135","590"
"860","394273","20220712103000","1037","0","基隆市","安樂區","121.715","25.140","1069"
"2004","394275","20220712103000","2319","0","基隆市","中山區","121.735","25.130","1856"
"216","394276","20220712103000","732","0","基隆市","安樂區","121.725","25.125","263"
"879","394277","20220712103000","767","1","基隆市","安樂區","121.725","25.130","848"
"113","394278","20220712103000","162","0","基隆市","中山區","121.720","25.145","138"
"2444","394280","20220712103000","2426","1","基隆市","仁愛區","121.740","25.130","2078"
"755","394281","20220712103000","619","2","基隆市","安樂區","121.730","25.135","726"
"2220","394282","20220712103000","2380","0","新北市","三重區","121.490","25.075","2624"
"2856","394283","20220712103000","3459","0","新北市","三重區","121.490","25.060","3386"
"1507","394284","20220712103000","2159","0","新北市","三重區","121.495","25.060","1689"
"731","394285","20220712103000","722","1","基隆市","中山區","121.740","25.145","702"
"1138","394288","20220712103000","1067","1","基隆市","安樂區","121.710","25.140","1197"
"1259","394290","20220712103000","1221","1","基隆市","安樂區","121.710","25.150","1318"
"520","394291","20220712103000","261","3","基隆市","中山區","121.715","25.145","447"
"315","394292","20220712103000","465","0","新北市","三重區","121.485","25.065","325"
"400","394293","20220712103000","645","0","臺北市","大同區","121.510","25.075","444"
"2868","394294","20220712103000","3298","0","新北市","三重區","121.500","25.060","3266"
"2889","394295","20220712103000","2229","2","新北市","三重區","121.475","25.055","3027"
"351","394297","20220712103000","438","0","新北市","五股區","121.460","25.070","358"
"1911","394298","20220712103000","1306","2","新北市","三重區","121.470","25.060","2319"
"525","394299","20220712103000","1042","0","新北市","三重區","121.470","25.065","610"
"461","394301","20220712103000","445","1","新北市","三重區","121.505","25.075","531"
"1247","394302","20220712103000","1610","0","新北市","三重區","121.485","25.080","1654"
"193","394303","20220712103000","235","0","基隆市","中山區","121.740","25.140","168"
"1376","394304","20220712103000","1672","0","新北市","三重區","121.470","25.070","1489"
"159","394305","20220712103000","172","0","基隆市","信義區","121.780","25.135","172"
"622","394306","20220712103000","1031","0","基隆市","信義區","121.780","25.130","544"
"594","394307","20220712103000","570","1","基隆市","信義區","121.780","25.140","709"
"296","394308","20220712103000","347","0","基隆市","中正區","121.785","25.140","372"
"132","394312","20220712103000","85","3","基隆市","信義區","121.775","25.125","208"
"658","394313","20220712103000","689","0","基隆市","信義區","121.780","25.125","660"
"121","394317","20220712103000","109","1","新北市","瑞芳區","121.760","25.110","123"
"89","394320","20220712103000","116","0","基隆市","信義區","121.765","25.115","103"
"208","394321","20220712103000","181","1","基隆市","信義區","121.765","25.120","274"
"927","394324","20220712103000","1035","0","基隆市","信義區","121.760","25.125","1593"
"1244","394325","20220712103000","1640","0","新北市","三重區","121.490","25.085","1142"
"703","394326","20220712103000","445","3","新北市","三重區","121.490","25.090","802"
"255","394327","20220712103000","66","3","新北市","三重區","121.495","25.090","292"
"1501","394329","20220712103000","1435","1","新北市","三重區","121.475","25.070","1721"
"1604","394330","20220712103000","2410","0","新北市","三重區","121.480","25.070","1981"
"1535","394332","20220712103000","1089","2","新北市","泰山區","121.430","25.065","1829"
"942","394333","20220712103000","1219","0","新北市","泰山區","121.440","25.060","1167"
"385","394335","20220712103000","449","0","基隆市","中山區","121.735","25.140","345"
"46","394336","20220712103000","911","0","基隆市","中山區","121.730","25.140","93"
"89","394337","20220712103000","390","0","基隆市","暖暖區","121.735","25.100","148"
"68","394358","20220712103000","85","0","基隆市","暖暖區","121.755","25.075","82"
"37","394364","20220712103000","26","2","基隆市","暖暖區","121.745","25.085","31"
"13","394366","20220712103000","23","0","基隆市","暖暖區","121.755","25.085","15"
"407","394398","20220712103000","334","2","基隆市","暖暖區","121.740","25.090","506"
"22","394401","20220712103000","198","0","基隆市","暖暖區","121.735","25.095","33"
"23","394402","20220712103000","344","0","基隆市","暖暖區","121.740","25.095","32"
"2745","394404","20220712103000","2539","1","基隆市","暖暖區","121.755","25.095","2688"
"39","394405","20220712103000","460","0","基隆市","暖暖區","121.750","25.090","65"
"288","394407","20220712103000","249","1","基隆市","暖暖區","121.750","25.095","452"
"1359","394413","20220712103000","1205","1","基隆市","暖暖區","121.740","25.105","1479"
"483","394418","20220712103000","405","1","基隆市","暖暖區","121.730","25.100","454"
"1326","394422","20220712103000","1254","1","基隆市","安樂區","121.705","25.145","1168"
"1173","394423","20220712103000","719","3","基隆市","安樂區","121.710","25.145","1400"
"1697","394426","20220712103000","2102","0","新北市","三重區","121.490","25.080","2009"
"1072","394427","20220712103000","1709","0","新北市","三重區","121.485","25.075","1517"
"3468","394428","20220712103000","2630","2","新北市","三重區","121.480","25.075","2949"
"48","394429","20220712103000","217","0","基隆市","中山區","121.735","25.145","40"
"3623","394430","20220712103000","4062","0","新北市","三重區","121.495","25.065","4061"
"2741","394435","20220712103000","2797","0","基隆市","仁愛區","121.745","25.125","2564"
"583","394436","20220712103000","653","0","基隆市","仁愛區","121.745","25.120","570"
"1536","394438","20220712103000","2271","0","新北市","三重區","121.485","25.060","1789"
"1268","394441","20220712103000","1032","2","基隆市","暖暖區","121.750","25.100","1124"
"813","394442","20220712103000","692","1","基隆市","安樂區","121.730","25.115","695"
"4113","394444","20220712103000","4190","0","基隆市","安樂區","121.725","25.120","4911"
"577","394447","20220712103000","982","0","新北市","三重區","121.495","25.075","664"
"1394","394450","20220712103000","1417","0","新北市","三重區","121.495","25.085","1610"
"3319","394451","20220712103000","3398","0","新北市","三重區","121.480","25.065","3642"
"20","394457","20220712103000","36","0","基隆市","七堵區","121.720","25.110","23"
"339","394458","20220712103000","275","2","基隆市","暖暖區","121.730","25.110","266"
"380","394461","20220712103000","208","3","基隆市","七堵區","121.700","25.075","348"
"291","394464","20220712103000","322","0","基隆市","七堵區","121.705","25.085","276"
"1102","394466","20220712103000","1169","0","基隆市","七堵區","121.705","25.090","1047"
"549","394467","20220712103000","475","1","基隆市","七堵區","121.700","25.095","456"
"503","394470","20220712103000","418","2","基隆市","七堵區","121.665","25.090","501"
"65","394480","20220712103000","51","2","基隆市","七堵區","121.670","25.100","44"
"388","394492","20220712103000","242","3","基隆市","七堵區","121.670","25.105","510"
"48","394500","20220712103000","41","1","基隆市","七堵區","121.660","25.115","49"
"70","394518","20220712103000","78","0","基隆市","七堵區","121.660","25.130","88"
"47","394538","20220712103000","178","0","基隆市","七堵區","121.695","25.085","92"
"1138","394546","20220712103000","1368","0","基隆市","七堵區","121.685","25.075","1152"
"810","394547","20220712103000","413","3","基隆市","七堵區","121.690","25.075","651"
"1255","394550","20220712103000","787","3","基隆市","七堵區","121.690","25.085","1053"
"4350","394551","20220712103000","4639","0","基隆市","中正區","121.745","25.130","4884"
"82","394552","20220712103000","231","0","基隆市","仁愛區","121.740","25.120","102"
"3257","394553","20220712103000","2923","1","基隆市","信義區","121.750","25.130","2734"
"154","394554","20220712103000","362","0","基隆市","仁愛區","121.750","25.125","235"
"402","394555","20220712103000","602","0","基隆市","中正區","121.765","25.140","339"
"282","394556","20220712103000","150","3","基隆市","中正區","121.795","25.125","366"
"177","394559","20220712103000","117","3","基隆市","中正區","121.795","25.130","206"
"1287","394564","20220712103000","1243","1","基隆市","中正區","121.790","25.140","1207"
"1168","394565","20220712103000","1060","1","基隆市","中正區","121.795","25.140","1300"
"1472","394567","20220712103000","1568","0","基隆市","中正區","121.760","25.145","1520"
"536","394570","20220712103000","431","2","基隆市","安樂區","121.715","25.120","572"
"859","394576","20220712103000","753","1","基隆市","安樂區","121.715","25.130","804"
"431","394582","20220712103000","378","1","基隆市","仁愛區","121.740","25.110","348"
"360","394583","20220712103000","152","3","基隆市","仁愛區","121.745","25.110","210"
"382","394586","20220712103000","376","1","基隆市","仁愛區","121.745","25.115","375"
"49","394587","20220712103000","45","1","基隆市","仁愛區","121.750","25.115","63"
"199","394590","20220712103000","125","3","基隆市","七堵區","121.710","25.100","495"
"2957","394592","20220712103000","2284","2","基隆市","七堵區","121.715","25.100","2652"
"16","394600","20220712103000","12","2","基隆市","七堵區","121.715","25.075","12"
"414","394607","20220712103000","342","2","基隆市","七堵區","121.710","25.085","753"
"1275","394611","20220712103000","1457","0","基隆市","七堵區","121.710","25.090","1164"
"213","394613","20220712103000","389","0","基隆市","七堵區","121.720","25.090","229"
"58","394617","20220712103000","48","2","基隆市","七堵區","121.680","25.100","58"
"179","394625","20220712103000","187","0","基隆市","七堵區","121.695","25.105","176"
"60","394632","20220712103000","61","0","基隆市","七堵區","121.690","25.115","59"
"134","394634","20220712103000","119","1","基隆市","七堵區","121.700","25.115","138"
"25","394645","20220712103000","30","0","基隆市","安樂區","121.700","25.130","33"
"24","394660","20220712103000","80","0","基隆市","七堵區","121.680","25.120","30"
"30","394663","20220712103000","38","0","基隆市","七堵區","121.680","25.125","39"
"248","394685","20220712103000","262","0","新北市","蘆洲區","121.485","25.090","244"
"1351","394686","20220712103000","1323","1","新北市","汐止區","121.630","25.060","1237"
"2203","394687","20220712103000","1078","3","新北市","汐止區","121.620","25.065","1591"
"2343","394688","20220712103000","2268","1","新北市","汐止區","121.625","25.065","2145"
"45","394694","20220712103000","49","0","新北市","八里區","121.415","25.145","53"
"655","394705","20220712103000","829","0","新北市","八里區","121.450","25.140","464"
"92","394716","20220712103000","129","0","新北市","八里區","121.415","25.130","98"
"238","394724","20220712103000","237","1","新北市","八里區","121.410","25.145","292"
"21","394725","20220712103000","190","0","新北市","八里區","121.405","25.150","56"
"339","394726","20220712103000","336","1","新北市","八里區","121.410","25.150","292"
"117","394731","20220712103000","144","0","新北市","八里區","121.405","25.125","95"
"1178","394740","20220712103000","1273","0","新北市","蘆洲區","121.465","25.090","1384"
"2105","394741","20220712103000","1908","1","新北市","蘆洲區","121.460","25.085","2566"
"988","394742","20220712103000","1232","0","新北市","蘆洲區","121.465","25.085","1170"
"1565","394743","20220712103000","1587","0","新北市","蘆洲區","121.460","25.090","1506"
"330","394744","20220712103000","1380","0","新北市","蘆洲區","121.460","25.095","410"
"196","394745","20220712103000","374","0","新北市","蘆洲區","121.475","25.075","213"
"774","394746","20220712103000","598","2","新北市","蘆洲區","121.475","25.090","848"
"1135","394747","20220712103000","1011","1","新北市","蘆洲區","121.470","25.095","1342"
"63","394748","20220712103000","196","0","新北市","蘆洲區","121.475","25.095","75"
"679","394749","20220712103000","411","3","新北市","蘆洲區","121.470","25.100","833"
"1151","394750","20220712103000","1641","0","新北市","新莊區","121.460","25.060","1705"
"2366","394751","20220712103000","2525","0","新北市","新莊區","121.465","25.060","2660"
"1312","394752","20220712103000","1303","1","新北市","五股區","121.465","25.065","1569"
"500","394787","20220712103000","623","0","新北市","瑞芳區","121.770","25.100","460"
"69","394788","20220712103000","94","0","新北市","瑞芳區","121.775","25.100","71"
"79","394798","20220712103000","71","1","新北市","瑞芳區","121.825","25.085","68"
"20","394807","20220712103000","17","1","新北市","瑞芳區","121.805","25.120","14"
"27","394809","20220712103000","49","0","新北市","瑞芳區","121.815","25.120","11"
"412","394810","20220712103000","420","0","新北市","瑞芳區","121.820","25.120","421"
"1280","394819","20220712103000","915","2","新北市","五股區","121.430","25.090","1088"
"2337","394821","20220712103000","1761","2","新北市","八里區","121.395","25.145","2084"
"127","394822","20220712103000","85","2","新北市","八里區","121.390","25.150","227"
"1574","394824","20220712103000","1127","2","新北市","八里區","121.400","25.150","1411"
"16","394825","20220712103000","26","0","新北市","八里區","121.395","25.085","14"
"92","394829","20220712103000","73","2","新北市","八里區","121.400","25.100","63"
"110","394833","20220712103000","131","0","新北市","八里區","121.390","25.110","172"
"331","394843","20220712103000","482","0","新北市","林口區","121.375","25.120","302"
"517","394854","20220712103000","498","1","新北市","八里區","121.385","25.130","423"
"1985","394858","20220712103000","1818","1","新北市","瑞芳區","121.805","25.105","2195"
"59","394863","20220712103000","40","2","新北市","瑞芳區","121.795","25.085","64"
"383","394867","20220712103000","212","3","新北市","瑞芳區","121.795","25.090","393"
"1158","394873","20220712103000","811","2","新北市","瑞芳區","121.785","25.095","1058"
"408","394878","20220712103000","420","0","新北市","瑞芳區","121.790","25.100","415"
"491","394885","20220712103000","391","2","新北市","瑞芳區","121.790","25.110","443"
"97","394894","20220712103000","101","0","新北市","瑞芳區","121.825","25.090","88"
"201","394924","20220712103000","128","3","新北市","瑞芳區","121.760","25.100","192"
"37","394926","20220712103000","23","3","新北市","瑞芳區","121.760","25.105","26"
"138","394932","20220712103000","96","2","新北市","瑞芳區","121.775","25.110","78"
"48","394934","20220712103000","40","2","新北市","瑞芳區","121.770","25.115","150"
"496","394937","20220712103000","497","0","新北市","瑞芳區","121.845","25.110","428"
"89","394943","20220712103000","118","0","新北市","瑞芳區","121.830","25.095","102"
"264","394949","20220712103000","328","0","新北市","瑞芳區","121.840","25.095","269"
"300","394954","20220712103000","347","0","新北市","瑞芳區","121.850","25.105","255"
"211","394965","20220712103000","243","0","新北市","瑞芳區","121.815","25.105","185"
"116","394966","20220712103000","110","1","新北市","五股區","121.455","25.115","92"
"464","394972","20220712103000","321","2","新北市","八里區","121.450","25.125","460"
"1085","394973","20220712103000","955","1","新北市","八里區","121.455","25.125","974"
"513","394979","20220712103000","572","0","新北市","八里區","121.450","25.130","593"
"410","394985","20220712103000","625","0","新北市","八里區","121.450","25.135","365"
"1324","394986","20220712103000","1034","2","新北市","汐止區","121.640","25.065","1680"
"1406","394991","20220712103000","1363","1","桃園市","觀音區","121.120","25.060","1191"
"1154","394992","20220712103000","1087","1","桃園市","觀音區","121.125","25.060","923"
"35","394993","20220712103000","416","0","桃園市","觀音區","121.130","25.060","105"
"1334","394996","20220712103000","1145","1","桃園市","觀音區","121.110","25.065","1169"
"1427","395000","20220712103000","1357","1","桃園市","觀音區","121.130","25.065","1294"
"489","395008","20220712103000","557","0","桃園市","觀音區","121.135","25.060","407"
"1903","395014","20220712103000","2018","0","桃園市","蘆竹區","121.285","25.070","1822"
"264","395019","20220712103000","616","0","桃園市","蘆竹區","121.285","25.075","280"
"622","395023","20220712103000","444","2","桃園市","蘆竹區","121.285","25.080","537"
"906","395029","20220712103000","1045","0","桃園市","蘆竹區","121.255","25.110","788"
"446","395030","20220712103000","628","0","桃園市","蘆竹區","121.260","25.110","463"
"309","395031","20220712103000","390","0","桃園市","蘆竹區","121.265","25.110","272"
"423","395032","20220712103000","354","1","桃園市","蘆竹區","121.270","25.110","434"
"169","395038","20220712103000","192","0","桃園市","蘆竹區","121.255","25.115","167"
"1004","395042","20220712103000","1187","0","桃園市","蘆竹區","121.295","25.060","1325"
"797","395043","20220712103000","600","2","桃園市","蘆竹區","121.300","25.060","742"
"23","395046","20220712103000","39","0","桃園市","蘆竹區","121.315","25.060","76"
"38","395052","20220712103000","36","1","桃園市","蘆竹區","121.305","25.065","66"
"232","395057","20220712103000","302","0","新北市","瑞芳區","121.860","25.125","207"
"188","395083","20220712103000","333","0","新北市","雙溪區","121.875","25.090","220"
"71","395098","20220712103000","44","3","新北市","貢寮區","121.915","25.095","87"
"224","395109","20220712103000","181","2","新北市","貢寮區","121.920","25.105","118"
"324","395119","20220712103000","299","1","新北市","貢寮區","121.925","25.055","302"
"311","395121","20220712103000","268","1","新北市","貢寮區","121.925","25.060","309"
"73","395125","20220712103000","64","1","新北市","貢寮區","121.925","25.065","46"
"600","395129","20220712103000","712","0","新北市","新莊區","121.455","25.065","479"
"1078","395130","20220712103000","822","2","新北市","五股區","121.445","25.065","1200"
"384","395131","20220712103000","515","0","新北市","泰山區","121.435","25.060","476"
"1112","395132","20220712103000","1536","0","新北市","汐止區","121.645","25.060","1145"
"1789","395133","20220712103000","1670","1","新北市","汐止區","121.665","25.065","1908"
"429","395134","20220712103000","400","1","桃園市","蘆竹區","121.270","25.060","422"
"1196","395135","20220712103000","1393","0","桃園市","蘆竹區","121.275","25.060","1126"
"13","395136","20220712103000","313","0","桃園市","蘆竹區","121.280","25.060","20"
"1159","395137","20220712103000","911","2","桃園市","蘆竹區","121.265","25.065","995"
"1088","395141","20220712103000","1165","0","桃園市","蘆竹區","121.270","25.070","986"
"1875","395143","20220712103000","2227","0","新北市","蘆洲區","121.470","25.090","2139"
"67","395145","20220712103000","99","0","新北市","瑞芳區","121.835","25.110","62"
"16","395147","20220712103000","12","2","新北市","瑞芳區","121.830","25.115","14"
"281","395149","20220712103000","183","3","新北市","瑞芳區","121.840","25.115","262"
"213","395156","20220712103000","153","2","新北市","瑞芳區","121.830","25.125","248"
"27","395157","20220712103000","40","0","新北市","瑞芳區","121.835","25.125","45"
"323","395163","20220712103000","589","0","新北市","瑞芳區","121.815","25.130","339"
"1122","395173","20220712103000","945","1","新北市","瑞芳區","121.810","25.105","1059"
"1915","395174","20220712103000","2707","0","新北市","泰山區","121.445","25.060","2416"
"3099","395175","20220712103000","2076","2","新北市","五股區","121.450","25.065","2589"
"2031","395176","20220712103000","1878","1","新北市","新莊區","121.460","25.065","1816"
"60","395186","20220712103000","57","1","新北市","萬里區","121.605","25.145","87"
"2321","395203","20220712103000","1971","1","新北市","蘆洲區","121.470","25.085","2102"
"165","395204","20220712103000","265","0","新北市","蘆洲區","121.465","25.095","199"
"50","395205","20220712103000","48","1","新北市","蘆洲區","121.465","25.100","33"
"2325","395206","20220712103000","1786","2","新北市","汐止區","121.630","25.065","2245"
"1578","395207","20220712103000","1216","2","新北市","汐止區","121.630","25.070","1485"
"1198","395208","20220712103000","1340","0","新北市","汐止區","121.645","25.065","1261"
"89","395223","20220712103000","108","0","新北市","瑞芳區","121.820","25.060","117"
"17","395228","20220712103000","36","0","新北市","瑞芳區","121.820","25.065","17"
"84","395239","20220712103000","35","3","新北市","瑞芳區","121.840","25.105","134"
"264","395245","20220712103000","296","0","新北市","瑞芳區","121.855","25.105","253"
"154","395253","20220712103000","87","3","新北市","瑞芳區","121.915","25.120","273"
"346","395254","20220712103000","383","0","新北市","瑞芳區","121.915","25.125","306"
"361","395256","20220712103000","257","2","新北市","瑞芳區","121.795","25.110","353"
"22","395257","20220712103000","642","0","新北市","瑞芳區","121.800","25.110","44"
"282","395269","20220712103000","222","2","新北市","泰山區","121.385","25.065","256"
"869","395270","20220712103000","316","3","桃園市","龜山區","121.390","25.060","594"
"190","395273","20220712103000","189","1","新北市","泰山區","121.390","25.065","261"
"1123","395280","20220712103000","1274","0","新北市","淡水區","121.465","25.135","1124"
"19","395284","20220712103000","33","0","新北市","雙溪區","121.855","25.050","19"
"255","395287","20220712103000","213","1","新北市","雙溪區","121.850","25.055","232"
"1902","395319","20220712103000","2237","0","新北市","三重區","121.495","25.080","2174"
"1012","395320","20220712103000","1468","0","新北市","三重區","121.475","25.060","1180"
"348","395322","20220712103000","601","0","新北市","五股區","121.455","25.105","475"
"85","395323","20220712103000","80","1","新北市","五股區","121.450","25.110","81"
"38","395324","20220712103000","143","0","新北市","五股區","121.455","25.110","45"
"242","395329","20220712103000","742","0","新北市","五股區","121.445","25.105","291"
"133","395331","20220712103000","234","0","新北市","五股區","121.445","25.110","128"
"25","395344","20220712103000","94","0","新北市","八里區","121.375","25.140","36"
"299","395346","20220712103000","451","0","新北市","八里區","121.385","25.140","313"
"59","395349","20220712103000","39","3","新北市","瑞芳區","121.800","25.100","58"
"493","395350","20220712103000","550","0","新北市","瑞芳區","121.800","25.105","487"
"369","395351","20220712103000","298","2","新北市","瑞芳區","121.820","25.105","317"
"56","395352","20220712103000","20","3","新北市","瑞芳區","121.825","25.105","35"
"194","395356","20220712103000","391","0","新北市","汐止區","121.670","25.065","237"
"602","395357","20220712103000","752","0","新北市","汐止區","121.670","25.070","700"
"1497","395361","20220712103000","1452","1","桃園市","蘆竹區","121.285","25.060","1569"
"1508","395362","20220712103000","679","3","桃園市","蘆竹區","121.290","25.060","1163"
"306","395363","20220712103000","478","0","桃園市","蘆竹區","121.320","25.060","240"
"552","395367","20220712103000","478","1","桃園市","觀音區","121.140","25.065","510"
"841","395388","20220712103000","440","3","桃園市","蘆竹區","121.265","25.085","724"
"220","395395","20220712103000","243","0","桃園市","蘆竹區","121.265","25.095","207"
"837","395397","20220712103000","501","3","桃園市","蘆竹區","121.275","25.095","777"
"1631","395400","20220712103000","1137","2","桃園市","蘆竹區","121.260","25.100","1472"
"36","395417","20220712103000","11","3","桃園市","蘆竹區","121.330","25.065","29"
"151","395420","20220712103000","82","3","桃園市","蘆竹區","121.325","25.065","153"
"152","395423","20220712103000","61","3","桃園市","蘆竹區","121.340","25.070","104"
"801","395424","20220712103000","523","3","桃園市","蘆竹區","121.345","25.065","565"
"15","395433","20220712103000","169","0","桃園市","蘆竹區","121.315","25.075","26"
"10","395434","20220712103000","99","0","桃園市","蘆竹區","121.320","25.075","27"
"116","395436","20220712103000","86","2","桃園市","蘆竹區","121.330","25.075","91"
"207","395447","20220712103000","237","0","桃園市","蘆竹區","121.300","25.080","212"
"208","395448","20220712103000","145","2","桃園市","蘆竹區","121.305","25.080","174"
"41","395464","20220712103000","51","0","桃園市","蘆竹區","121.325","25.090","40"
"1202","395471","20220712103000","905","2","桃園市","蘆竹區","121.280","25.085","1131"
"875","395473","20220712103000","606","2","桃園市","蘆竹區","121.290","25.085","828"
"1957","395483","20220712103000","2158","0","新北市","蘆洲區","121.470","25.080","2294"
"2730","395484","20220712103000","2826","0","新北市","蘆洲區","121.465","25.080","3178"
"3845","395485","20220712103000","4253","0","新北市","三重區","121.485","25.085","3676"
"1422","395486","20220712103000","1509","0","新北市","蘆洲區","121.455","25.090","1694"
"1415","395487","20220712103000","1615","0","新北市","蘆洲區","121.475","25.080","1715"
"1084","395488","20220712103000","918","1","新北市","汐止區","121.665","25.075","1178"
"9323","395489","20220712103000","10397","0","新北市","汐止區","121.650","25.060","9140"
"2608","395490","20220712103000","1779","2","新北市","汐止區","121.655","25.060","2877"
"158","395491","20220712103000","146","1","新北市","汐止區","121.625","25.070","201"
"353","395492","20220712103000","233","3","新北市","汐止區","121.625","25.075","376"
"970","395493","20220712103000","750","2","新北市","汐止區","121.630","25.080","881"
"343","395495","20220712103000","360","0","新北市","汐止區","121.650","25.080","339"
"1014","395499","20220712103000","909","1","新北市","汐止區","121.645","25.090","999"
"50","395501","20220712103000","49","1","新北市","汐止區","121.655","25.090","103"
"271","395508","20220712103000","451","0","新北市","汐止區","121.650","25.055","370"
"1200","395509","20220712103000","1430","0","新北市","汐止區","121.655","25.055","1409"
"552","395512","20220712103000","924","0","新北市","汐止區","121.655","25.065","607"
"58","395526","20220712103000","62","0","新北市","汐止區","121.715","25.055","74"
"189","395530","20220712103000","162","1","新北市","汐止區","121.700","25.060","194"
"2146","395539","20220712103000","3041","0","新北市","汐止區","121.635","25.055","2582"
"1761","395541","20220712103000","1720","1","新北市","汐止區","121.635","25.060","1724"
"2299","395542","20220712103000","2293","1","新北市","汐止區","121.640","25.060","2419"
"2400","395544","20220712103000","2116","1","新北市","林口區","121.375","25.070","1833"
"1677","395546","20220712103000","1098","3","新北市","林口區","121.400","25.075","1497"
"963","395548","20220712103000","1194","0","新北市","林口區","121.400","25.080","1231"
"339","395549","20220712103000","338","1","新北市","林口區","121.400","25.085","331"
"590","395550","20220712103000","485","2","新北市","林口區","121.405","25.085","525"
"70","395553","20220712103000","57","2","新北市","林口區","121.405","25.095","89"
"227","395555","20220712103000","297","0","新北市","林口區","121.405","25.100","299"
"138","395557","20220712103000","280","0","新北市","林口區","121.400","25.065","120"
"2338","395558","20220712103000","2231","1","新北市","林口區","121.390","25.075","2177"
"646","395559","20220712103000","839","0","新北市","林口區","121.395","25.075","666"
"135","395560","20220712103000","158","0","新北市","林口區","121.385","25.090","168"
"1149","395561","20220712103000","917","2","新北市","林口區","121.390","25.090","1007"
"597","395565","20220712103000","625","0","新北市","林口區","121.385","25.100","587"
"196","395570","20220712103000","224","0","新北市","林口區","121.385","25.110","174"
"4208","395571","20220712103000","2261","3","新北市","林口區","121.375","25.075","4697"
"1117","395572","20220712103000","1137","0","新北市","林口區","121.380","25.075","929"
"1341","395574","20220712103000","1352","0","新北市","林口區","121.370","25.080","1147"
"1006","395575","20220712103000","750","2","新北市","林口區","121.375","25.080","1379"
"1002","395576","20220712103000","512","3","新北市","林口區","121.380","25.080","1241"
"807","395579","20220712103000","625","2","新北市","林口區","121.370","25.085","737"
"1532","395580","20220712103000","1531","1","新北市","林口區","121.375","25.085","1356"
"121","395587","20220712103000","123","0","新北市","林口區","121.365","25.110","107"
"14","395603","20220712103000","38","0","新北市","林口區","121.390","25.080","44"
"301","395604","20220712103000","275","1","新北市","林口區","121.385","25.085","268"
"857","395606","20220712103000","618","2","新北市","汐止區","121.655","25.070","930"
"1626","395607","20220712103000","1516","1","新北市","汐止區","121.660","25.070","1780"
"82","395616","20220712103000","87","0","桃園市","大園區","121.260","25.065","116"
"373","395617","20220712103000","271","2","新北市","汐止區","121.635","25.070","291"
"1504","395618","20220712103000","928","3","新北市","汐止區","121.640","25.070","1629"
"290","395619","20220712103000","408","0","新北市","汐止區","121.640","25.075","344"
"1503","395622","20220712103000","1130","2","新北市","汐止區","121.640","25.080","1305"
"183","395623","20220712103000","185","0","新北市","汐止區","121.635","25.085","225"
"357","395625","20220712103000","366","0","新北市","汐止區","121.635","25.075","469"
"176","395628","20220712103000","143","2","新北市","汐止區","121.640","25.100","180"
"86","395641","20220712103000","53","3","新北市","汐止區","121.620","25.115","87"
"68","395643","20220712103000","60","1","新北市","汐止區","121.630","25.115","71"
"44","395653","20220712103000","42","1","新北市","汐止區","121.605","25.125","43"
"547","395667","20220712103000","362","3","新北市","汐止區","121.615","25.135","614"
"1177","395672","20220712103000","873","2","新北市","淡水區","121.460","25.130","1345"
"2296","395673","20220712103000","2809","0","新北市","淡水區","121.460","25.135","2434"
"3860","395675","20220712103000","4280","0","新北市","淡水區","121.460","25.140","3974"
"747","395676","20220712103000","504","2","新北市","淡水區","121.465","25.140","736"
"646","395691","20220712103000","727","0","新北市","汐止區","121.675","25.065","655"
"748","395692","20220712103000","1014","0","新北市","汐止區","121.665","25.080","910"
"339","395698","20220712103000","361","0","新北市","汐止區","121.670","25.075","346"
"887","395699","20220712103000","1258","0","新北市","汐止區","121.675","25.075","987"
"244","395701","20220712103000","191","2","新北市","汐止區","121.610","25.105","223"
"122","395703","20220712103000","163","0","新北市","汐止區","121.605","25.110","170"
"785","395715","20220712103000","1255","0","新北市","泰山區","121.430","25.060","1026"
"58","395716","20220712103000","411","0","新北市","泰山區","121.425","25.060","67"
"923","395717","20220712103000","1777","0","新北市","泰山區","121.425","25.065","1075"
"1701","395718","20220712103000","2015","0","新北市","蘆洲區","121.480","25.090","2005"
"474","395719","20220712103000","810","0","新北市","蘆洲區","121.480","25.095","548"
"49","395724","20220712103000","36","2","桃園市","蘆竹區","121.300","25.100","76"
"312","395727","20220712103000","255","2","新北市","林口區","121.290","25.105","219"
"450","395732","20220712103000","449","1","新北市","林口區","121.315","25.105","611"
"203","395735","20220712103000","191","1","新北市","林口區","121.295","25.110","141"
"102","395748","20220712103000","119","0","新北市","林口區","121.295","25.115","88"
"301","395749","20220712103000","345","0","新北市","林口區","121.300","25.115","286"
"276","395752","20220712103000","331","0","新北市","林口區","121.295","25.120","214"
"2316","395755","20220712103000","2291","1","新北市","林口區","121.385","25.080","2047"
"858","395756","20220712103000","611","2","新北市","林口區","121.380","25.085","1248"
"913","395757","20220712103000","873","1","新北市","林口區","121.375","25.090","780"
"3045","395768","20220712103000","2649","1","新北市","林口區","121.365","25.065","3047"
"2099","395769","20220712103000","1713","2","新北市","汐止區","121.665","25.070","2175"
"709","395773","20220712103000","637","1","新北市","汐止區","121.675","25.070","752"
"775","395774","20220712103000","972","0","新北市","汐止區","121.680","25.070","891"
"264","395775","20220712103000","285","0","新北市","汐止區","121.685","25.070","221"
"214","395777","20220712103000","322","0","新北市","汐止區","121.675","25.080","259"
"461","395784","20220712103000","317","2","新北市","汐止區","121.645","25.080","445"
"52","395791","20220712103000","108","0","新北市","汐止區","121.640","25.095","61"
"145","395805","20220712103000","416","0","新北市","林口區","121.390","25.070","169"
"645","395806","20220712103000","390","3","新北市","林口區","121.385","25.075","683"
"329","395809","20220712103000","279","1","新北市","林口區","121.345","25.085","257"
"38","395828","20220712103000","35","1","新北市","林口區","121.315","25.100","65"
"22","395833","20220712103000","88","0","新北市","林口區","121.340","25.100","27"
"33","395837","20220712103000","28","1","新北市","林口區","121.330","25.105","63"
"1840","395840","20220712103000","2171","0","桃園市","龜山區","121.375","25.065","3506"
"1140","395843","20220712103000","826","2","新北市","林口區","121.360","25.065","1998"
"233","395844","20220712103000","139","3","新北市","林口區","121.350","25.070","230"
"1439","395846","20220712103000","1146","2","新北市","林口區","121.360","25.070","1216"
"3122","395847","20220712103000","2389","2","新北市","林口區","121.370","25.070","3598"
"137","395848","20220712103000","111","2","新北市","林口區","121.345","25.075","124"
"1197","395850","20220712103000","810","2","新北市","林口區","121.355","25.075","1044"
"1524","395853","20220712103000","1056","2","新北市","林口區","121.370","25.075","1939"
"957","395854","20220712103000","987","0","新北市","林口區","121.350","25.080","905"
"387","395858","20220712103000","384","1","新北市","林口區","121.345","25.100","392"
"115","395862","20220712103000","108","1","新北市","林口區","121.340","25.105","103"
"145","395869","20220712103000","111","2","新北市","林口區","121.340","25.110","115"
"305","395881","20220712103000","228","2","新北市","林口區","121.320","25.115","321"
"21","395883","20220712103000","26","0","新北市","林口區","121.330","25.115","34"
"172","395900","20220712103000","112","3","新北市","林口區","121.345","25.125","150"
"4020","395909","20220712103000","4955","0","新北市","蘆洲區","121.480","25.080","4827"
"88","395910","20220712103000","228","0","新北市","蘆洲區","121.455","25.085","89"
"2902","395911","20220712103000","2310","2","新北市","林口區","121.365","25.070","2612"
"44","395919","20220712103000","26","3","新北市","平溪區","121.770","25.050","44"
"139","395949","20220712103000","88","3","新北市","平溪區","121.790","25.070","102"
"2000","395961","20220712103000","1828","1","新北市","汐止區","121.630","25.055","1519"
"1812","395962","20220712103000","1669","1","新北市","汐止區","121.625","25.060","1428"
"1066","395965","20220712103000","1917","0","新北市","蘆洲區","121.470","25.075","1263"
"6632","395966","20220712103000","6017","1","桃園市","龜山區","121.370","25.060","7541"
"2154","395968","20220712103000","1664","2","桃園市","龜山區","121.380","25.060","1983"
"2485","395969","20220712103000","1218","3","桃園市","龜山區","121.375","25.060","2156"
"7930","395972","20220712103000","10668","0","臺北市","中山區","121.530","25.060","8075"
"1211","395973","20220712103000","1134","1","桃園市","大園區","121.245","25.105","1129"
"14","395977","20220712103000","13","1","桃園市","大園區","121.250","25.110","26"
"832","395980","20220712103000","771","1","桃園市","大園區","121.180","25.065","751"
"834","395981","20220712103000","965","0","桃園市","大園區","121.190","25.060","703"
"184","395982","20220712103000","227","0","桃園市","大園區","121.195","25.060","464"
"536","395983","20220712103000","565","0","桃園市","大園區","121.185","25.065","466"
"841","395984","20220712103000","960","0","桃園市","大園區","121.190","25.065","794"
"1463","395990","20220712103000","1573","0","桃園市","大園區","121.250","25.095","1512"
"57","395991","20220712103000","46","2","桃園市","大園區","121.255","25.095","106"
"45","395992","20220712103000","66","0","桃園市","大園區","121.235","25.100","164"
"950","395998","20220712103000","947","1","桃園市","大園區","121.260","25.070","780"
"610","395999","20220712103000","642","0","桃園市","大園區","121.255","25.075","934"
"1909","396009","20220712103000","1851","1","臺北市","中山區","121.530","25.070","1920"
"3077","396012","20220712103000","3600","0","臺北市","中山區","121.530","25.065","2959"
"5744","396013","20220712103000","6628","0","臺北市","中山區","121.540","25.060","5752"
"310","396014","20220712103000","302","1","臺北市","中山區","121.555","25.075","337"
"1473","396015","20220712103000","1563","0","臺北市","中山區","121.550","25.080","1503"
"2642","396016","20220712103000","1774","2","臺北市","中山區","121.555","25.080","2584"
"1505","396018","20220712103000","1449","1","臺北市","中山區","121.525","25.080","1540"
"221","396020","20220712103000","249","0","臺北市","中山區","121.535","25.080","223"
"1553","396021","20220712103000","1697","0","臺北市","中山區","121.540","25.080","1459"
"80","396022","20220712103000","205","0","臺北市","中山區","121.535","25.085","71"
"1777","396025","20220712103000","1662","1","新北市","蘆洲區","121.480","25.085","2143"
"1044","396033","20220712103000","1897","0","新北市","泰山區","121.420","25.065","1339"
"243","396035","20220712103000","176","2","新北市","泰山區","121.440","25.065","325"
"57","396038","20220712103000","123","0","新北市","泰山區","121.410","25.070","82"
"95","396040","20220712103000","333","0","新北市","淡水區","121.460","25.145","103"
"2064","396044","20220712103000","2300","0","臺北市","大同區","121.510","25.065","2142"
"2209","396045","20220712103000","2237","0","臺北市","大同區","121.515","25.075","2191"
"3382","396046","20220712103000","2809","2","臺北市","大同區","121.510","25.060","3398"
"5836","396047","20220712103000","4886","1","臺北市","松山區","121.545","25.060","5732"
"7357","396048","20220712103000","8217","0","臺北市","中山區","121.525","25.060","7477"
"1428","396049","20220712103000","1420","1","新北市","蘆洲區","121.460","25.080","1677"
"2005","396050","20220712103000","2370","0","新北市","蘆洲區","121.475","25.085","2415"
"447","396053","20220712103000","427","1","新北市","貢寮區","121.920","25.050","421"
"139","396054","20220712103000","115","2","新北市","貢寮區","121.925","25.050","238"
"38","396057","20220712103000","24","3","新北市","貢寮區","121.900","25.050","45"
"44","396059","20220712103000","35","2","新北市","貢寮區","121.890","25.055","64"
"78","396074","20220712103000","54","2","新北市","貢寮區","121.900","25.065","131"
"746","396088","20220712103000","314","3","新北市","瑞芳區","121.805","25.110","599"
"102","396089","20220712103000","58","3","新北市","瑞芳區","121.810","25.110","147"
"691","396099","20220712103000","892","0","桃園市","龜山區","121.385","25.060","1441"
"1919","396100","20220712103000","2214","0","臺北市","中山區","121.540","25.055","1980"
"1521","396101","20220712103000","1727","0","臺北市","松山區","121.540","25.070","1564"
"1460","396102","20220712103000","1570","0","臺北市","中山區","121.535","25.070","1349"
"319","396103","20220712103000","136","3","臺北市","內湖區","121.615","25.075","324"
"3156","396104","20220712103000","3268","0","臺北市","內湖區","121.610","25.070","3200"
"2545","396105","20220712103000","2206","1","臺北市","北投區","121.500","25.140","2342"
"1315","396106","20220712103000","2236","0","臺北市","北投區","121.505","25.140","1431"
"427","396112","20220712103000","394","1","臺北市","北投區","121.485","25.115","446"
"93","396118","20220712103000","157","0","臺北市","北投區","121.485","25.120","87"
"2520","396121","20220712103000","2440","1","臺北市","北投區","121.500","25.120","2570"
"4209","396123","20220712103000","2727","3","臺北市","北投區","121.500","25.125","4346"
"2579","396124","20220712103000","2083","2","臺北市","北投區","121.510","25.115","2846"
"2715","396126","20220712103000","2838","0","臺北市","中山區","121.535","25.065","2610"
"1863","396127","20220712103000","2155","0","臺北市","中山區","121.550","25.085","1825"
"1137","396128","20220712103000","1475","0","臺北市","中山區","121.555","25.085","1154"
"1696","396130","20220712103000","1751","0","新北市","三重區","121.505","25.065","1668"
"1945","396131","20220712103000","2579","0","臺北市","中山區","121.525","25.070","1988"
"1922","396132","20220712103000","1657","1","新北市","三重區","121.505","25.070","2004"
"587","396133","20220712103000","503","1","桃園市","蘆竹區","121.280","25.065","1036"
"2694","396134","20220712103000","1947","2","桃園市","蘆竹區","121.285","25.065","2341"
"739","396135","20220712103000","430","3","桃園市","蘆竹區","121.290","25.065","661"
"1282","396136","20220712103000","1120","1","桃園市","蘆竹區","121.275","25.070","1242"
"689","396144","20220712103000","877","0","桃園市","龜山區","121.355","25.060","713"
"3565","396145","20220712103000","4500","0","桃園市","龜山區","121.365","25.060","3090"
"212","396146","20220712103000","325","0","桃園市","蘆竹區","121.340","25.065","420"
"860","396149","20220712103000","633","2","新北市","林口區","121.355","25.065","702"
"232","396150","20220712103000","196","1","桃園市","龜山區","121.355","25.055","186"
"1857","396151","20220712103000","1843","1","新北市","林口區","121.370","25.065","1614"
"2804","396157","20220712103000","2869","0","臺北市","內湖區","121.620","25.070","3100"
"3377","396158","20220712103000","2777","2","臺北市","內湖區","121.595","25.080","3473"
"241","396159","20220712103000","371","0","臺北市","內湖區","121.600","25.080","246"
"24","396164","20220712103000","46","0","臺北市","北投區","121.505","25.150","22"
"508","396165","20220712103000","210","3","臺北市","北投區","121.505","25.125","516"
"1041","396166","20220712103000","485","3","臺北市","北投區","121.510","25.125","1084"
"850","396168","20220712103000","1018","0","臺北市","北投區","121.505","25.130","969"
"18","396169","20220712103000","38","0","臺北市","北投區","121.510","25.130","15"
"113","396170","20220712103000","238","0","臺北市","北投區","121.515","25.130","127"
"70","396172","20220712103000","154","0","臺北市","北投區","121.510","25.105","66"
"431","396173","20220712103000","402","1","臺北市","北投區","121.505","25.110","382"
"2196","396175","20220712103000","2576","0","臺北市","南港區","121.595","25.055","2234"
"1177","396176","20220712103000","1852","0","臺北市","南港區","121.600","25.050","1142"
"1258","396177","20220712103000","1645","0","臺北市","南港區","121.590","25.055","1237"
"3720","396178","20220712103000","3640","1","臺北市","內湖區","121.595","25.060","3689"
"378","396179","20220712103000","686","0","臺北市","內湖區","121.600","25.060","375"
"78","396189","20220712103000","42","3","新北市","雙溪區","121.880","25.060","59"
"15","396211","20220712103000","16","0","新北市","瑞芳區","121.830","25.070","28"
"49","396219","20220712103000","17","3","新北市","雙溪區","121.850","25.075","34"
"2147","396233","20220712103000","1808","1","桃園市","龜山區","121.360","25.060","1982"
"790","396237","20220712103000","1203","0","臺北市","士林區","121.545","25.100","827"
"1130","396238","20220712103000","1191","0","臺北市","士林區","121.550","25.100","1096"
"122","396243","20220712103000","156","0","臺北市","士林區","121.560","25.105","111"
"1809","396246","20220712103000","1629","1","臺北市","士林區","121.535","25.105","1846"
"55","396247","20220712103000","117","0","臺北市","士林區","121.545","25.110","51"
"1080","396248","20220712103000","1053","1","臺北市","士林區","121.535","25.110","998"
"48","396249","20220712103000","73","0","臺北市","士林區","121.550","25.115","43"
"37","396253","20220712103000","14","3","臺北市","士林區","121.570","25.135","13"
"226","396255","20220712103000","165","2","臺北市","士林區","121.560","25.140","211"
"21","396258","20220712103000","65","0","臺北市","士林區","121.555","25.145","23"
"114","396259","20220712103000","162","0","臺北市","士林區","121.560","25.145","129"
"257","396260","20220712103000","283","0","臺北市","士林區","121.565","25.145","204"
"166","396262","20220712103000","199","0","臺北市","士林區","121.555","25.150","167"
"102","396263","20220712103000","112","0","臺北市","士林區","121.560","25.150","89"
"2487","396266","20220712103000","2205","1","臺北市","士林區","121.510","25.085","2507"
"2576","396267","20220712103000","3238","0","臺北市","北投區","121.520","25.110","2680"
"3953","396268","20220712103000","3174","2","臺北市","北投區","121.520","25.115","3936"
"1217","396269","20220712103000","1432","0","臺北市","北投區","121.520","25.105","1206"
"1648","396270","20220712103000","2068","0","臺北市","士林區","121.525","25.100","1772"
"25","396271","20220712103000","30","0","臺北市","士林區","121.545","25.130","31"
"821","396273","20220712103000","3971","0","臺北市","士林區","121.540","25.135","1132"
"240","396274","20220712103000","299","0","臺北市","士林區","121.545","25.135","236"
"1241","396276","20220712103000","2005","0","臺北市","士林區","121.545","25.140","1221"
"238","396278","20220712103000","131","3","臺北市","士林區","121.550","25.145","240"
"1178","396280","20220712103000","901","2","臺北市","士林區","121.530","25.100","1199"
"842","396281","20220712103000","973","0","臺北市","士林區","121.535","25.100","880"
"1378","396282","20220712103000","1584","0","臺北市","士林區","121.530","25.085","1265"
"98","396283","20220712103000","84","1","臺北市","士林區","121.530","25.090","110"
"1579","396285","20220712103000","1687","0","臺北市","士林區","121.530","25.095","1702"
"569","396286","20220712103000","498","1","臺北市","士林區","121.535","25.095","572"
"1469","396289","20220712103000","1226","1","臺北市","士林區","121.520","25.080","1495"
"2996","396290","20220712103000","2912","1","臺北市","士林區","121.525","25.085","2938"
"352","396294","20220712103000","341","1","臺北市","士林區","121.565","25.105","348"
"8666","396296","20220712103000","8832","0","臺北市","內湖區","121.575","25.075","8668"
"814","396297","20220712103000","629","2","臺北市","內湖區","121.575","25.085","823"
"977","396299","20220712103000","806","2","臺北市","北投區","121.495","25.145","966"
"5855","396301","20220712103000","5980","0","臺北市","士林區","121.525","25.115","5900"
"4087","396302","20220712103000","4050","1","臺北市","內湖區","121.575","25.055","4141"
"2759","396303","20220712103000","2974","0","臺北市","內湖區","121.575","25.060","2647"
"3165","396304","20220712103000","2768","1","臺北市","內湖區","121.585","25.055","3111"
"2876","396305","20220712103000","3092","0","臺北市","內湖區","121.580","25.065","2921"
"1526","396306","20220712103000","1373","1","臺北市","內湖區","121.575","25.065","1420"
"2900","396307","20220712103000","3118","0","臺北市","內湖區","121.575","25.070","2892"
"1871","396308","20220712103000","1731","1","臺北市","內湖區","121.585","25.065","1923"
"4392","396309","20220712103000","5242","0","臺北市","中山區","121.570","25.075","4325"
"3847","396310","20220712103000","3953","0","臺北市","內湖區","121.580","25.070","3905"
"73","396311","20220712103000","49","2","臺北市","內湖區","121.585","25.080","69"
"2743","396312","20220712103000","2885","0","臺北市","內湖區","121.590","25.080","2856"
"566","396313","20220712103000","685","0","臺北市","內湖區","121.585","25.085","571"
"475","396314","20220712103000","493","0","臺北市","內湖區","121.595","25.065","495"
"931","396315","20220712103000","928","1","臺北市","內湖區","121.600","25.065","924"
"3047","396316","20220712103000","4624","0","臺北市","內湖區","121.595","25.070","3001"
"1195","396317","20220712103000","970","2","臺北市","內湖區","121.600","25.070","1139"
"135","396318","20220712103000","133","1","桃園市","大園區","121.200","25.060","218"
"326","396320","20220712103000","241","2","桃園市","大園區","121.200","25.065","293"
"448","396322","20220712103000","292","3","桃園市","大園區","121.200","25.070","381"
"102","396333","20220712103000","190","0","桃園市","大園區","121.230","25.095","100"
"261","396335","20220712103000","199","2","桃園市","大園區","121.210","25.100","240"
"260","396349","20220712103000","204","2","桃園市","大園區","121.230","25.110","247"
"1318","396355","20220712103000","1157","1","臺北市","北投區","121.505","25.120","1765"
"2051","396356","20220712103000","1715","1","臺北市","北投區","121.510","25.120","1200"
"480","396357","20220712103000","578","0","臺北市","北投區","121.510","25.135","538"
"634","396358","20220712103000","357","3","臺北市","北投區","121.515","25.135","558"
"207","396360","20220712103000","248","0","臺北市","北投區","121.510","25.140","217"
"156","396361","20220712103000","625","0","臺北市","北投區","121.515","25.140","204"
"262","396363","20220712103000","437","0","臺北市","北投區","121.525","25.145","281"
"1222","396366","20220712103000","1151","1","臺北市","北投區","121.485","25.135","1175"
"1078","396368","20220712103000","900","1","臺北市","北投區","121.485","25.140","1171"
"3862","396370","20220712103000","3334","1","臺北市","士林區","121.525","25.105","3858"
"3913","396371","20220712103000","3885","1","臺北市","士林區","121.530","25.105","3950"
"3141","396372","20220712103000","3245","0","臺北市","北投區","121.515","25.110","2909"
"1775","396373","20220712103000","1792","0","臺北市","士林區","121.520","25.100","1795"
"1123","396376","20220712103000","1519","0","臺北市","士林區","121.530","25.125","1183"
"347","396377","20220712103000","415","0","臺北市","北投區","121.525","25.130","334"
"661","396378","20220712103000","529","2","臺北市","北投區","121.530","25.130","677"
"14","396380","20220712103000","19","0","臺北市","士林區","121.530","25.135","14"
"2693","396382","20220712103000","3083","0","臺北市","北投區","121.515","25.115","2750"
"1118","396383","20220712103000","1721","0","臺北市","北投區","121.515","25.120","1120"
"3436","396384","20220712103000","4062","0","臺北市","北投區","121.520","25.120","3191"
"3361","396385","20220712103000","2991","1","臺北市","北投區","121.525","25.120","3331"
"973","396395","20220712103000","1207","0","臺北市","松山區","121.545","25.070","1082"
"565","396397","20220712103000","405","2","臺北市","中山區","121.540","25.065","581"
"837","396398","20220712103000","637","2","臺北市","中山區","121.535","25.075","870"
"568","396399","20220712103000","315","3","臺北市","松山區","121.550","25.075","552"
"4987","396400","20220712103000","5093","0","臺北市","中山區","121.545","25.080","4860"
"1030","396401","20220712103000","1598","0","臺北市","中山區","121.545","25.085","1012"
"1091","396404","20220712103000","899","2","臺北市","北投區","121.495","25.140","1128"
"586","396405","20220712103000","1466","0","臺北市","北投區","121.515","25.105","605"
"6527","396406","20220712103000","7885","0","臺北市","中山區","121.525","25.065","6449"
"3147","396407","20220712103000","3932","0","臺北市","士林區","121.535","25.115","3430"
"1733","396408","20220712103000","2724","0","臺北市","士林區","121.525","25.090","1846"
"584","396409","20220712103000","555","1","臺北市","士林區","121.560","25.115","705"
"363","396410","20220712103000","445","0","臺北市","士林區","121.560","25.120","400"
"96","396412","20220712103000","109","0","臺北市","士林區","121.560","25.125","112"
"160","396416","20220712103000","259","0","臺北市","士林區","121.560","25.135","180"
"4074","396417","20220712103000","4916","0","臺北市","士林區","121.520","25.085","3992"
"2409","396418","20220712103000","2618","0","臺北市","內湖區","121.580","25.080","2442"
"882","396419","20220712103000","1018","0","臺北市","內湖區","121.580","25.085","853"
"384","396422","20220712103000","462","0","桃園市","大園區","121.240","25.065","366"
"44","396424","20220712103000","102","0","桃園市","大園區","121.250","25.065","49"
"32","396433","20220712103000","215","0","桃園市","大園區","121.255","25.070","51"
"735","396435","20220712103000","656","1","桃園市","大園區","121.185","25.070","627"
"850","396436","20220712103000","869","0","桃園市","大園區","121.190","25.070","849"
"1377","396438","20220712103000","1082","2","桃園市","大園區","121.175","25.075","1405"
"894","396439","20220712103000","899","0","桃園市","大園區","121.180","25.075","772"
"1359","396440","20220712103000","1251","1","桃園市","大園區","121.185","25.075","1296"
"135","396443","20220712103000","134","1","桃園市","大園區","121.180","25.080","117"
"278","396447","20220712103000","238","1","桃園市","大園區","121.185","25.085","294"
"430","396462","20220712103000","365","1","桃園市","大園區","121.160","25.075","380"
"423","396471","20220712103000","311","2","桃園市","大園區","121.165","25.060","360"
"387","396472","20220712103000","336","1","桃園市","大園區","121.170","25.060","375"
"1003","396473","20220712103000","1094","0","桃園市","大園區","121.175","25.060","907"
"1086","396496","20220712103000","824","2","桃園市","大園區","121.210","25.060","929"
"1120","396505","20220712103000","805","2","桃園市","大園區","121.220","25.070","1010"
"3437","396517","20220712103000","2120","3","桃園市","大園區","121.230","25.075","3168"
"487","396518","20220712103000","299","3","桃園市","大園區","121.235","25.075","499"
"995","396524","20220712103000","1038","0","桃園市","大園區","121.235","25.080","996"
"1145","396531","20220712103000","1090","1","桃園市","大園區","121.240","25.085","1092"
"1147","396532","20220712103000","989","1","桃園市","大園區","121.245","25.085","1073"
"879","396533","20220712103000","759","1","桃園市","大園區","121.250","25.085","719"
"1750","396537","20220712103000","1192","2","桃園市","大園區","121.245","25.090","1988"
"508","396541","20220712103000","349","2","桃園市","大園區","121.240","25.100","541"
"1568","396542","20220712103000","1413","1","桃園市","大園區","121.195","25.065","1380"
"2283","396543","20220712103000","2028","1","桃園市","大園區","121.195","25.070","2108"
"120","396549","20220712103000","246","0","桃園市","大園區","121.235","25.065","116"
"317","396555","20220712103000","372","0","桃園市","大園區","121.200","25.085","316"
"457","396560","20220712103000","277","3","桃園市","大園區","121.225","25.090","403"
"5820","396561","20220712103000","6401","0","臺北市","士林區","121.520","25.095","5653"
"1297","396562","20220712103000","1514","0","臺北市","南港區","121.600","25.055","1346"
"3871","396563","20220712103000","4448","0","臺北市","南港區","121.605","25.055","3758"
"45","396564","20220712103000","38","1","臺北市","內湖區","121.615","25.080","46"
"12","396565","20220712103000","10","2","臺北市","內湖區","121.615","25.085","12"
"1026","396567","20220712103000","1151","0","臺北市","內湖區","121.615","25.070","1071"
"3401","396568","20220712103000","2919","1","臺北市","內湖區","121.590","25.065","3472"
"462","396569","20220712103000","627","0","臺北市","內湖區","121.585","25.070","499"
"2257","396570","20220712103000","1732","2","臺北市","內湖區","121.590","25.070","2312"
"237","396571","20220712103000","283","0","臺北市","北投區","121.500","25.145","264"
"523","396572","20220712103000","469","1","臺北市","內湖區","121.620","25.075","611"
"188","396574","20220712103000","143","2","新北市","汐止區","121.625","25.080","188"
"110","396576","20220712103000","93","1","臺北市","內湖區","121.625","25.085","78"
"23","396587","20220712103000","52","0","臺北市","內湖區","121.610","25.100","26"
"930","396590","20220712103000","818","1","臺北市","內湖區","121.610","25.065","990"
"557","396592","20220712103000","586","0","臺北市","內湖區","121.605","25.085","607"
"643","396594","20220712103000","799","0","臺北市","內湖區","121.600","25.090","686"
"25","396599","20220712103000","24","1","臺北市","內湖區","121.605","25.095","26"
"2797","396603","20220712103000","3287","0","臺北市","北投區","121.500","25.130","2773"
"777","396604","20220712103000","950","0","新北市","汐止區","121.620","25.055","812"
"2451","396605","20220712103000","2497","0","臺北市","士林區","121.505","25.085","2550"
"653","396606","20220712103000","819","0","臺北市","士林區","121.515","25.085","675"
"812","396607","20220712103000","625","2","臺北市","內湖區","121.590","25.085","877"
"1820","396608","20220712103000","1502","2","臺北市","內湖區","121.595","25.085","1886"
"5556","396609","20220712103000","6141","0","臺北市","內湖區","121.575","25.080","5604"
"9146","396611","20220712103000","8771","1","臺北市","北投區","121.470","25.125","7946"
"63","396612","20220712103000","662","0","臺北市","北投區","121.475","25.125","621"
"946","396615","20220712103000","916","1","臺北市","北投區","121.465","25.130","1052"
"928","396616","20220712103000","718","2","臺北市","北投區","121.470","25.130","725"
"108","396617","20220712103000","115","0","臺北市","北投區","121.475","25.130","142"
"1371","396619","20220712103000","2368","0","臺北市","北投區","121.470","25.135","1308"
"28","396620","20220712103000","21","2","臺北市","北投區","121.475","25.135","45"
"28","396621","20220712103000","32","0","臺北市","北投區","121.475","25.140","20"
"1332","396622","20220712103000","1497","0","臺北市","南港區","121.610","25.055","1310"
"2035","396623","20220712103000","2478","0","臺北市","內湖區","121.605","25.065","2168"
"6012","396624","20220712103000","6558","0","臺北市","中山區","121.520","25.060","6050"
"666","396625","20220712103000","766","0","臺北市","中山區","121.530","25.075","582"
"373","396626","20220712103000","504","0","臺北市","內湖區","121.570","25.065","367"
"1519","396628","20220712103000","1392","1","臺北市","松山區","121.550","25.070","1518"
"122","396629","20220712103000","131","0","臺北市","松山區","121.555","25.070","119"
"527","396630","20220712103000","461","1","臺北市","松山區","121.560","25.070","509"
"19","396632","20220712103000","65","0","臺北市","中山區","121.565","25.075","25"
"115","396633","20220712103000","2364","0","臺北市","松山區","121.555","25.055","141"
"3125","396634","20220712103000","4975","0","臺北市","松山區","121.570","25.055","3289"
"2271","396635","20220712103000","2657","0","臺北市","士林區","121.530","25.115","2280"
"21","396636","20220712103000","294","0","臺北市","士林區","121.495","25.095","26"
"1872","396637","20220712103000","1776","1","臺北市","士林區","121.500","25.095","1840"
"349","396639","20220712103000","354","0","臺北市","士林區","121.490","25.100","364"
"103","396643","20220712103000","114","0","臺北市","士林區","121.480","25.110","96"
"506","396644","20220712103000","529","0","臺北市","士林區","121.495","25.110","525"
"7064","396647","20220712103000","9099","0","臺北市","松山區","121.550","25.060","7168"
"3456","396648","20220712103000","3895","0","臺北市","松山區","121.555","25.060","3647"
"704","396649","20220712103000","816","0","臺北市","松山區","121.560","25.065","668"
"1645","396650","20220712103000","1848","0","臺北市","松山區","121.555","25.065","1624"
"1181","396651","20220712103000","1125","1","臺北市","中山區","121.545","25.075","1210"
"63","396655","20220712103000","120","0","臺北市","內湖區","121.605","25.080","71"
"2058","396656","20220712103000","1205","3","臺北市","內湖區","121.600","25.085","2025"
"4828","396657","20220712103000","4465","1","臺北市","松山區","121.550","25.065","4799"
"2724","396658","20220712103000","2969","0","臺北市","松山區","121.545","25.065","2677"
"3070","396659","20220712103000","3576","0","臺北市","松山區","121.565","25.055","3181"
"5241","396660","20220712103000","4572","1","臺北市","松山區","121.560","25.060","5316"
"265","396661","20220712103000","1143","0","臺北市","內湖區","121.570","25.060","268"
"2454","396662","20220712103000","2438","1","臺北市","松山區","121.565","25.060","2606"
"232","396663","20220712103000","248","0","臺北市","中山區","121.560","25.075","265"
"654","396665","20220712103000","1018","0","臺北市","松山區","121.570","25.070","651"
"3833","396666","20220712103000","3879","0","臺北市","中山區","121.560","25.080","3613"
"7770","396667","20220712103000","11674","0","臺北市","松山區","121.550","25.055","7887"
"431","396669","20220712103000","497","0","臺北市","士林區","121.535","25.125","414"
"77","396672","20220712103000","112","0","臺北市","士林區","121.535","25.135","75"
"3300","396674","20220712103000","2437","2","臺北市","士林區","121.530","25.120","3321"
"4668","396675","20220712103000","4526","1","臺北市","士林區","121.530","25.110","4623"
"4431","396676","20220712103000","10253","0","臺北市","松山區","121.545","25.055","4467"
"3504","396677","20220712103000","2761","2","臺北市","松山區","121.560","25.055","3739"
"2585","396678","20220712103000","2548","1","臺北市","內湖區","121.580","25.075","2488"
"2116","396680","20220712103000","1996","1","臺北市","內湖區","121.590","25.060","2092"
"2112","396683","20220712103000","1645","2","臺北市","內湖區","121.590","25.090","2113"
"59","396684","20220712103000","18","3","臺北市","內湖區","121.595","25.090","49"
"57","396688","20220712103000","183","0","臺北市","內湖區","121.590","25.100","44"
"131","396690","20220712103000","199","0","臺北市","內湖區","121.580","25.105","122"
"103","396693","20220712103000","124","0","臺北市","內湖區","121.595","25.105","81"
"1927","396701","20220712103000","2707","0","臺北市","北投區","121.495","25.135","2013"
"192","396703","20220712103000","170","1","臺北市","北投區","121.505","25.100","203"
"521","396707","20220712103000","470","1","臺北市","北投區","121.500","25.110","467"
"92","396710","20220712103000","151","0","臺北市","北投區","121.530","25.140","78"
"68","396716","20220712103000","113","0","臺北市","北投區","121.535","25.150","76"
"333","396719","20220712103000","395","0","臺北市","士林區","121.555","25.115","372"
"214","396722","20220712103000","237","0","臺北市","士林區","121.550","25.125","187"
"1844","396727","20220712103000","1768","1","臺北市","士林區","121.510","25.080","1853"
"148","396731","20220712103000","262","0","臺北市","士林區","121.480","25.105","184"
"701","396732","20220712103000","524","2","臺北市","士林區","121.485","25.105","739"
"203","396735","20220712103000","660","0","臺北市","北投區","121.470","25.110","248"
"143","396737","20220712103000","137","1","臺北市","士林區","121.485","25.110","140"
"177","396739","20220712103000","86","3","臺北市","士林區","121.460","25.110","134"
"4010","396740","20220712103000","3657","1","臺北市","大同區","121.515","25.060","3966"
"2969","396741","20220712103000","3832","0","臺北市","中山區","121.520","25.065","3037"
"827","396742","20220712103000","1260","0","臺北市","內湖區","121.615","25.065","975"
"2421","396743","20220712103000","2006","2","臺北市","內湖區","121.605","25.070","2434"
"484","396744","20220712103000","305","3","臺北市","內湖區","121.605","25.075","529"
"2318","396745","20220712103000","2571","0","臺北市","內湖區","121.610","25.075","2383"
"554","396746","20220712103000","359","3","臺北市","內湖區","121.585","25.090","552"
"8328","396754","20220712103000","9317","0","臺北市","南港區","121.610","25.060","8251"
"2714","396755","20220712103000","2224","2","臺北市","南港區","121.620","25.060","3098"
"2839","396756","20220712103000","2433","1","臺北市","南港區","121.615","25.060","2984"
"2907","396758","20220712103000","3094","0","臺北市","南港區","121.615","25.055","2897"
"1307","396759","20220712103000","1652","0","臺北市","北投區","121.505","25.145","1450"
"362","396762","20220712103000","556","0","臺北市","北投區","121.465","25.115","435"
"3075","396765","20220712103000","2686","1","臺北市","北投區","121.465","25.120","3863"
"1665","396766","20220712103000","1326","2","臺北市","北投區","121.470","25.120","1429"
"2739","396767","20220712103000","2734","1","臺北市","士林區","121.525","25.095","2806"
"1603","396768","20220712103000","1191","2","臺北市","士林區","121.505","25.090","1673"
"1387","396769","20220712103000","744","3","臺北市","士林區","121.510","25.090","1385"
"665","396771","20220712103000","732","0","新北市","三重區","121.500","25.075","630"
"2316","396773","20220712103000","2627","0","臺北市","內湖區","121.585","25.075","2329"
"1128","396774","20220712103000","1038","1","臺北市","內湖區","121.590","25.075","1034"
"586","396775","20220712103000","520","1","臺北市","內湖區","121.595","25.075","615"
"703","396776","20220712103000","726","0","臺北市","內湖區","121.600","25.075","714"
"6317","396777","20220712103000","7181","0","臺北市","中山區","121.535","25.060","6094"
"3637","396778","20220712103000","4515","0","臺北市","大同區","121.515","25.070","3694"
"2427","396779","20220712103000","3086","0","臺北市","大同區","121.515","25.065","2485"
"2673","396781","20220712103000","2868","0","臺北市","北投區","121.510","25.110","2970"
"1311","396785","20220712103000","1587","0","臺北市","北投區","121.490","25.145","1406"
"2025","396788","20220712103000","2046","0","臺北市","北投區","121.505","25.115","2117"
"505","396789","20220712103000","508","0","臺北市","北投區","121.515","25.100","527"
"1642","396790","20220712103000","1972","0","臺北市","士林區","121.525","25.110","1688"
"1866","396791","20220712103000","1957","0","臺北市","中山區","121.520","25.070","1872"
"1919","396792","20220712103000","1763","1","臺北市","大同區","121.520","25.075","1935"
"12","396793","20220712103000","949","0","臺北市","士林區","121.515","25.080","15"
"703","396794","20220712103000","916","0","臺北市","內湖區","121.605","25.060","730"
"1725","396798","20220712103000","1329","2","臺北市","內湖區","121.585","25.060","1713"
"3147","396799","20220712103000","2834","1","臺北市","北投區","121.505","25.135","3196"
"58","396802","20220712103000","45","2","臺北市","士林區","121.575","25.120","51"
"32","396803","20220712103000","22","2","臺北市","士林區","121.570","25.125","29"
"251","396804","20220712103000","192","2","臺北市","士林區","121.575","25.125","245"
"35","396806","20220712103000","38","0","臺北市","士林區","121.570","25.130","34"
"153","396807","20220712103000","198","0","臺北市","士林區","121.575","25.130","156"
"18","396809","20220712103000","12","3","臺北市","士林區","121.575","25.135","21"
"41","396812","20220712103000","53","0","臺北市","士林區","121.580","25.140","41"
"685","396819","20220712103000","759","0","臺北市","士林區","121.515","25.090","625"
"4820","396820","20220712103000","4015","2","臺北市","士林區","121.520","25.090","4813"
"2593","396821","20220712103000","3001","0","臺北市","士林區","121.515","25.095","2405"
"3310","396822","20220712103000","2159","3","臺北市","北投區","121.500","25.135","3538"
"1942","396823","20220712103000","1536","2","臺北市","士林區","121.525","25.075","1882"
"700","396824","20220712103000","847","0","臺北市","士林區","121.540","25.110","740"
"548","396826","20220712103000","437","2","臺北市","士林區","121.545","25.115","541"
"197","396828","20220712103000","167","1","臺北市","士林區","121.540","25.125","212"
"591","396831","20220712103000","462","2","臺北市","士林區","121.505","25.095","605"
"917","396832","20220712103000","320","3","臺北市","士林區","121.540","25.095","976"
"771","396833","20220712103000","1058","0","臺北市","士林區","121.545","25.105","791"
"299","396834","20220712103000","362","0","臺北市","士林區","121.540","25.105","340"
"141","396839","20220712103000","116","2","臺北市","士林區","121.560","25.110","124"
"53","396841","20220712103000","45","1","臺北市","士林區","121.570","25.110","71"
"136","396848","20220712103000","118","1","臺北市","士林區","121.580","25.115","134"
"38","396852","20220712103000","65","0","臺北市","士林區","121.580","25.120","62"
"98","396853","20220712103000","106","0","臺北市","士林區","121.585","25.120","64"
"329","396856","20220712103000","242","2","新北市","汐止區","121.600","25.120","267"
"2700","396878","20220712103000","3058","0","臺北市","內湖區","121.580","25.055","2662"
"2951","396879","20220712103000","2703","1","臺北市","內湖區","121.580","25.060","2944"
"459","396880","20220712103000","1273","0","臺北市","內湖區","121.565","25.090","619"
"10833","396884","20220712103000","12418","0","臺北市","內湖區","121.565","25.080","10705"
"1363","396885","20220712103000","1294","1","臺北市","內湖區","121.560","25.085","1337"
"3142","396886","20220712103000","3449","0","臺北市","內湖區","121.565","25.085","3109"
"396","396888","20220712103000","352","1","臺北市","內湖區","121.560","25.090","501"
"8535","396890","20220712103000","8931","0","臺北市","內湖區","121.570","25.080","8525"
"1895","396891","20220712103000","1215","3","臺北市","內湖區","121.570","25.085","1913"
"2355","396892","20220712103000","2449","0","臺北市","松山區","121.570","25.050","2273"
"923","396893","20220712103000","909","1","臺北市","松山區","121.565","25.065","1008"
"774","398951","20220712103000","618","2","新北市","八里區","121.390","25.165","1217"
"175","398956","20220712103000","140","2","基隆市","安樂區","121.710","25.165","117"
"142","399938","20220712103000","170","0","基隆市","安樂區","121.710","25.175","81"
"90","402902","20220712103000","88","1","新北市","萬里區","121.680","25.200","57"
"319","403910","20220712103000","422","0","新北市","萬里區","121.700","25.210","465"
"201","406949","20220712103000","146","2","新北市","金山區","121.635","25.240","213"
"68","409009","20220712103000","51","2","新北市","金山區","121.635","25.255","40"
"147","409527","20220712103000","100","2","新北市","三芝區","121.475","25.260","106"
"489","413221","20220712103000","549","0","新北市","石門區","121.565","25.290","432"
"29","413222","20220712103000","21","2","新北市","石門區","121.590","25.290","22"
"138","413767","20220712103000","150","0","新北市","石門區","121.580","25.295","94"
"136","414894","20220712103000","56","3","基隆市","中正區","121.765","25.145","234"
"350","414895","20220712103000","366","0","基隆市","中正區","121.770","25.155","339"
"746","414896","20220712103000","540","2","基隆市","中正區","121.765","25.155","572"
"274","414897","20220712103000","274","1","基隆市","中正區","121.765","25.160","397"
"301","414900","20220712103000","986","0","基隆市","中正區","121.780","25.145","279"
"787","414901","20220712103000","1124","0","基隆市","中正區","121.775","25.150","622"
"59","414906","20220712103000","68","0","基隆市","安樂區","121.695","25.150","87"
"618","414907","20220712103000","547","1","基隆市","安樂區","121.700","25.150","623"
"767","414909","20220712103000","600","2","基隆市","安樂區","121.695","25.155","687"
"261","414910","20220712103000","231","1","基隆市","安樂區","121.700","25.155","243"
"163","414912","20220712103000","87","3","基隆市","安樂區","121.695","25.160","212"
"20","414913","20220712103000","126","0","基隆市","安樂區","121.700","25.160","53"
"289","414921","20220712103000","254","1","基隆市","中山區","121.750","25.145","248"
"777","414923","20220712103000","644","2","基隆市","中山區","121.720","25.150","795"
"382","414929","20220712103000","333","1","基隆市","中山區","121.745","25.150","401"
"650","414936","20220712103000","1069","0","新北市","三芝區","121.495","25.250","522"
"237","414948","20220712103000","253","0","新北市","三芝區","121.490","25.270","333"
"620","414949","20220712103000","465","2","基隆市","中山區","121.740","25.150","585"
"445","414951","20220712103000","316","2","基隆市","中山區","121.740","25.155","353"
"416","414985","20220712103000","394","1","新北市","三芝區","121.510","25.215","513"
"156","415028","20220712103000","116","2","新北市","三芝區","121.530","25.230","135"
"1448","415040","20220712103000","1267","1","新北市","三芝區","121.505","25.255","1329"
"493","415041","20220712103000","383","2","新北市","三芝區","121.505","25.260","369"
"14","415042","20220712103000","11","2","新北市","三芝區","121.505","25.245","14"
"1931","415044","20220712103000","1916","1","新北市","三芝區","121.500","25.255","2125"
"14","415049","20220712103000","61","0","新北市","三芝區","121.540","25.190","21"
"289","415063","20220712103000","129","3","新北市","三芝區","121.505","25.205","317"
"1711","415070","20220712103000","1948","0","基隆市","中正區","121.770","25.150","1630"
"11","415072","20220712103000","15","0","基隆市","中山區","121.730","25.150","17"
"138","415078","20220712103000","179","0","新北市","三芝區","121.465","25.240","161"
"441","415083","20220712103000","351","2","新北市","三芝區","121.455","25.245","372"
"116","415087","20220712103000","78","2","新北市","三芝區","121.475","25.245","104"
"135","415093","20220712103000","189","0","新北市","三芝區","121.465","25.250","105"
"438","415100","20220712103000","335","2","新北市","三芝區","121.475","25.250","328"
"74","415103","20220712103000","64","1","新北市","三芝區","121.505","25.265","71"
"1024","415124","20220712103000","602","3","新北市","三芝區","121.535","25.245","1140"
"104","415149","20220712103000","75","2","新北市","三芝區","121.520","25.225","83"
"21","415157","20220712103000","11","3","新北市","三芝區","121.520","25.185","35"
"131","415158","20220712103000","54","3","新北市","三芝區","121.525","25.185","116"
"289","415181","20220712103000","258","1","新北市","三芝區","121.500","25.210","261"
"176","415188","20220712103000","170","1","新北市","三芝區","121.510","25.255","235"
"166","415196","20220712103000","134","2","新北市","三芝區","121.495","25.235","186"
"30","415202","20220712103000","28","1","新北市","三芝區","121.490","25.245","32"
"42","415205","20220712103000","516","0","新北市","三芝區","121.495","25.245","50"
"311","415211","20220712103000","371","0","基隆市","中山區","121.735","25.150","341"
"246","415212","20220712103000","157","3","基隆市","中山區","121.730","25.155","326"
"457","415214","20220712103000","625","0","基隆市","中正區","121.785","25.145","361"
"272","415224","20220712103000","368","0","新北市","八里區","121.415","25.155","229"
"1445","415226","20220712103000","1206","1","新北市","八里區","121.415","25.160","1284"
"966","415229","20220712103000","960","1","新北市","八里區","121.420","25.160","861"
"186","415237","20220712103000","110","3","新北市","八里區","121.440","25.155","139"
"722","415239","20220712103000","366","3","新北市","八里區","121.430","25.155","617"
"194","415242","20220712103000","147","2","新北市","八里區","121.430","25.160","156"
"1063","415250","20220712103000","682","3","新北市","八里區","121.395","25.160","690"
"377","415252","20220712103000","397","0","新北市","八里區","121.405","25.155","374"
"300","415257","20220712103000","286","1","新北市","萬里區","121.675","25.180","469"
"10","415259","20220712103000","26","0","新北市","萬里區","121.685","25.180","10"
"438","415264","20220712103000","315","2","新北市","萬里區","121.640","25.210","582"
"57","415271","20220712103000","61","0","新北市","萬里區","121.645","25.150","52"
"198","415286","20220712103000","172","1","新北市","萬里區","121.665","25.160","197"
"59","415301","20220712103000","70","0","新北市","萬里區","121.625","25.150","85"
"120","415357","20220712103000","89","2","新北市","萬里區","121.620","25.200","252"
"238","415363","20220712103000","328","0","新北市","萬里區","121.650","25.200","261"
"963","415369","20220712103000","833","1","新北市","萬里區","121.690","25.175","1001"
"778","415372","20220712103000","769","1","新北市","萬里區","121.690","25.180","761"
"1695","415375","20220712103000","1619","1","新北市","淡水區","121.440","25.175","2100"
"209","415378","20220712103000","340","0","新北市","淡水區","121.450","25.160","244"
"793","415379","20220712103000","740","1","新北市","淡水區","121.455","25.160","938"
"301","415380","20220712103000","449","0","新北市","淡水區","121.460","25.160","401"
"819","415383","20220712103000","811","1","新北市","淡水區","121.450","25.165","958"
"157","415388","20220712103000","237","0","新北市","淡水區","121.445","25.200","160"
"53","415391","20220712103000","45","1","新北市","淡水區","121.430","25.205","72"
"57","415394","20220712103000","140","0","新北市","淡水區","121.445","25.205","65"
"253","415395","20220712103000","348","0","新北市","淡水區","121.450","25.205","298"
"331","415396","20220712103000","322","1","新北市","淡水區","121.455","25.205","390"
"132","415398","20220712103000","138","0","新北市","淡水區","121.440","25.210","130"
"251","415408","20220712103000","381","0","新北市","淡水區","121.460","25.215","319"
"41","415409","20220712103000","39","1","新北市","淡水區","121.465","25.215","43"
"12","415410","20220712103000","11","1","新北市","淡水區","121.440","25.220","12"
"334","415412","20220712103000","391","0","新北市","淡水區","121.450","25.220","400"
"16","415428","20220712103000","36","0","新北市","石門區","121.580","25.240","12"
"73","415437","20220712103000","141","0","新北市","石門區","121.580","25.245","73"
"113","415462","20220712103000","55","3","新北市","石門區","121.530","25.285","133"
"105","415465","20220712103000","127","0","新北市","石門區","121.535","25.290","91"
"433","415468","20220712103000","456","0","新北市","石門區","121.540","25.290","401"
"153","415521","20220712103000","161","0","新北市","石門區","121.550","25.285","141"
"143","415532","20220712103000","209","0","新北市","石門區","121.515","25.275","158"
"12","415541","20220712103000","27","0","新北市","石門區","121.515","25.285","89"
"325","415546","20220712103000","113","3","新北市","石門區","121.570","25.255","347"
"121","415568","20220712103000","187","0","新北市","石門區","121.550","25.255","117"
"49","415594","20220712103000","84","0","新北市","石門區","121.595","25.270","63"
"87","415595","20220712103000","86","1","新北市","石門區","121.590","25.275","66"
"422","415599","20220712103000","428","0","新北市","石門區","121.590","25.285","490"
"28","415623","20220712103000","29","0","新北市","石門區","121.600","25.280","32"
"100","415625","20220712103000","114","0","新北市","石門區","121.610","25.280","99"
"59","415630","20220712103000","71","0","新北市","萬里區","121.685","25.165","72"
"262","415649","20220712103000","175","2","新北市","萬里區","121.655","25.200","294"
"893","415654","20220712103000","670","2","新北市","萬里區","121.690","25.200","685"
"70","415655","20220712103000","57","2","新北市","萬里區","121.655","25.205","63"
"305","415656","20220712103000","281","1","新北市","萬里區","121.660","25.205","256"
"250","415657","20220712103000","139","3","新北市","萬里區","121.690","25.205","172"
"57","415664","20220712103000","25","3","新北市","淡水區","121.465","25.175","37"
"223","415674","20220712103000","180","2","新北市","淡水區","121.520","25.175","252"
"40","415676","20220712103000","54","0","新北市","淡水區","121.480","25.180","45"
"117","415677","20220712103000","91","2","新北市","淡水區","121.485","25.180","124"
"132","415685","20220712103000","135","0","新北市","淡水區","121.470","25.185","147"
"82","415687","20220712103000","109","0","新北市","淡水區","121.480","25.185","80"
"336","415688","20220712103000","500","0","新北市","淡水區","121.485","25.185","391"
"226","415696","20220712103000","159","2","新北市","淡水區","121.475","25.190","156"
"126","415697","20220712103000","115","1","新北市","淡水區","121.490","25.190","158"
"24","415699","20220712103000","24","1","新北市","淡水區","121.500","25.190","29"
"576","415701","20220712103000","742","0","新北市","淡水區","121.440","25.180","667"
"190","415706","20220712103000","193","0","新北市","淡水區","121.485","25.165","221"
"55","415713","20220712103000","66","0","新北市","淡水區","121.485","25.170","74"
"114","415717","20220712103000","111","1","新北市","淡水區","121.485","25.175","122"
"43","415718","20220712103000","355","0","新北市","淡水區","121.415","25.180","106"
"143","415720","20220712103000","75","3","新北市","淡水區","121.410","25.185","117"
"1431","415722","20220712103000","1034","2","新北市","淡水區","121.420","25.185","1277"
"847","415723","20220712103000","760","1","新北市","淡水區","121.425","25.185","826"
"715","415724","20220712103000","800","0","新北市","淡水區","121.430","25.185","956"
"398","415730","20220712103000","322","2","新北市","淡水區","121.430","25.190","521"
"31","415731","20220712103000","37","0","新北市","淡水區","121.420","25.195","51"
"642","415732","20220712103000","576","1","新北市","淡水區","121.425","25.195","686"
"739","415734","20220712103000","584","2","新北市","淡水區","121.420","25.175","601"
"94","415735","20220712103000","62","3","新北市","淡水區","121.425","25.175","130"
"53","415738","20220712103000","27","3","新北市","淡水區","121.475","25.210","47"
"42","415743","20220712103000","29","2","新北市","淡水區","121.475","25.215","48"
"30","415744","20220712103000","29","1","新北市","淡水區","121.480","25.215","40"
"110","415745","20220712103000","224","0","新北市","淡水區","121.485","25.215","116"
"14","415749","20220712103000","51","0","新北市","淡水區","121.475","25.220","17"
"41","415753","20220712103000","113","0","新北市","淡水區","121.445","25.225","43"
"142","415754","20220712103000","425","0","新北市","淡水區","121.450","25.225","201"
"123","415755","20220712103000","132","0","新北市","淡水區","121.455","25.225","112"
"23","415761","20220712103000","80","0","新北市","淡水區","121.445","25.230","42"
"109","415762","20220712103000","122","0","新北市","淡水區","121.450","25.230","119"
"167","415775","20220712103000","200","0","新北市","萬里區","121.635","25.165","176"
"128","415799","20220712103000","70","3","新北市","萬里區","121.650","25.175","169"
"310","415830","20220712103000","247","2","新北市","萬里區","121.685","25.190","182"
"177","415832","20220712103000","126","2","新北市","萬里區","121.680","25.195","230"
"312","415838","20220712103000","352","0","新北市","淡水區","121.430","25.175","379"
"949","415839","20220712103000","2205","0","新北市","淡水區","121.435","25.175","1159"
"1047","415840","20220712103000","1354","0","新北市","淡水區","121.435","25.180","1184"
"526","415841","20220712103000","645","0","新北市","淡水區","121.435","25.170","593"
"239","415852","20220712103000","204","1","新北市","三芝區","121.480","25.235","221"
"1713","415853","20220712103000","2693","0","新北市","淡水區","121.445","25.175","1892"
"1645","415854","20220712103000","6198","0","新北市","淡水區","121.450","25.175","2258"
"2538","415857","20220712103000","2223","1","新北市","淡水區","121.460","25.155","2545"
"959","415860","20220712103000","1064","0","新北市","淡水區","121.455","25.155","1038"
"291","415861","20220712103000","439","0","新北市","淡水區","121.465","25.160","384"
"10","415863","20220712103000","43","0","新北市","淡水區","121.470","25.155","14"
"162","415870","20220712103000","167","0","新北市","金山區","121.615","25.240","213"
"71","415905","20220712103000","48","2","新北市","金山區","121.590","25.235","74"
"1018","415910","20220712103000","1535","0","新北市","淡水區","121.445","25.180","1258"
"1183","415911","20220712103000","1422","0","新北市","淡水區","121.450","25.180","1465"
"51","415912","20220712103000","108","0","新北市","淡水區","121.455","25.180","58"
"721","415916","20220712103000","1016","0","新北市","淡水區","121.445","25.185","856"
"15","415918","20220712103000","23","0","新北市","淡水區","121.455","25.185","20"
"873","415921","20220712103000","1188","0","新北市","淡水區","121.455","25.175","1040"
"2449","415922","20220712103000","2871","0","新北市","淡水區","121.440","25.170","2684"
"211","415924","20220712103000","175","2","新北市","淡水區","121.485","25.155","143"
"232","415927","20220712103000","307","0","新北市","淡水區","121.485","25.160","239"
"175","415931","20220712103000","204","0","新北市","淡水區","121.470","25.165","208"
"396","415932","20220712103000","357","1","新北市","淡水區","121.440","25.190","491"
"1312","415933","20220712103000","1566","0","新北市","淡水區","121.445","25.190","1530"
"137","415936","20220712103000","488","0","新北市","淡水區","121.460","25.190","165"
"820","415942","20220712103000","1163","0","新北市","淡水區","121.450","25.200","964"
"337","415944","20220712103000","416","0","新北市","淡水區","121.460","25.200","364"
"563","415946","20220712103000","540","1","新北市","淡水區","121.420","25.180","556"
"1070","415947","20220712103000","1427","0","新北市","淡水區","121.450","25.170","1381"
"391","415948","20220712103000","577","0","新北市","淡水區","121.455","25.170","503"
"342","415951","20220712103000","320","1","新北市","淡水區","121.455","25.235","435"
"795","415961","20220712103000","536","2","新北市","淡水區","121.435","25.185","778"
"180","415962","20220712103000","277","0","新北市","淡水區","121.440","25.185","215"
"1214","415963","20220712103000","1272","0","新北市","淡水區","121.435","25.190","1507"
"915","415964","20220712103000","493","3","新北市","淡水區","121.430","25.195","603"
"445","415968","20220712103000","268","3","新北市","淡水區","121.430","25.200","427"
"1104","415969","20220712103000","1335","0","新北市","淡水區","121.435","25.200","1355"
"237","415971","20220712103000","254","0","新北市","淡水區","121.425","25.205","263"
"46","415972","20220712103000","41","1","新北市","淡水區","121.435","25.205","70"
"151","415975","20220712103000","340","0","新北市","淡水區","121.445","25.170","134"
"16","415977","20220712103000","29","0","新北市","淡水區","121.485","25.190","34"
"28","415979","20220712103000","107","0","新北市","淡水區","121.470","25.195","42"
"133","415984","20220712103000","170","0","新北市","淡水區","121.470","25.200","147"
"133","415986","20220712103000","115","1","新北市","淡水區","121.480","25.200","143"
"1130","416009","20220712103000","1242","0","新北市","金山區","121.640","25.220","1263"
"34","416022","20220712103000","50","0","新北市","金山區","121.625","25.270","31"
"422","416030","20220712103000","497","0","新北市","金山區","121.640","25.225","336"
"192","416031","20220712103000","235","0","新北市","金山區","121.645","25.225","230"
"211","416033","20220712103000","154","2","新北市","金山區","121.645","25.230","194"
"47","416038","20220712103000","80","0","臺北市","北投區","121.500","25.155","40"
"294","416050","20220712103000","297","0","新北市","金山區","121.630","25.225","253"
"303","416051","20220712103000","223","2","新北市","金山區","121.635","25.225","318"
"213","416060","20220712103000","197","1","新北市","金山區","121.615","25.245","180"
"97","416062","20220712103000","97","1","新北市","金山區","121.605","25.245","90"
"57","416063","20220712103000","34","3","新北市","金山區","121.610","25.245","52"
"13","416066","20220712103000","12","1","新北市","金山區","121.605","25.250","10"
"49","416067","20220712103000","50","0","新北市","金山區","121.610","25.250","36"
"219","416122","20220712103000","156","2","新北市","金山區","121.595","25.200","194"
"319","416123","20220712103000","220","2","新北市","金山區","121.600","25.200","421"
"146","416146","20220712103000","105","2","新北市","金山區","121.600","25.215","149"
"703","416155","20220712103000","765","0","新北市","金山區","121.630","25.220","583"
"940","416156","20220712103000","528","3","新北市","金山區","121.635","25.220","909"
"98","416160","20220712103000","94","1","臺北市","士林區","121.555","25.155","64"
"19","416161","20220712103000","17","1","臺北市","士林區","121.560","25.155","11"
"30","416162","20220712103000","23","2","臺北市","士林區","121.565","25.155","13"
"88","416168","20220712103000","53","3","臺北市","士林區","121.575","25.165","43"
"49","416182","20220712103000","63","0","臺北市","士林區","121.570","25.190","37"
"69","416192","20220712103000","88","0","臺北市","北投區","121.530","25.155","68"
"1648","416202","20220712103000","2074","0","新北市","淡水區","121.445","25.165","1882"
"273","416204","20220712103000","228","1","臺北市","北投區","121.540","25.155","305"
"403","416205","20220712103000","353","1","臺北市","北投區","121.545","25.150","355"
"24","416209","20220712103000","116","0","臺北市","北投區","121.545","25.155","21"
"35","416212","20220712103000","30","1","臺北市","北投區","121.540","25.160","27"
"59","416213","20220712103000","50","1","臺北市","北投區","121.545","25.160","61"
"357","416221","20220712103000","189","3","臺北市","北投區","121.540","25.165","377"
"302","416225","20220712103000","154","3","臺北市","北投區","121.560","25.165","264"
"100","416236","20220712103000","185","0","臺北市","北投區","121.535","25.175","93"
"111","416246","20220712103000","147","0","臺北市","北投區","121.545","25.180","79"
"15","416250","20220712103000","24","0","臺北市","北投區","121.565","25.180","20"
"82","416251","20220712103000","234","0","臺北市","北投區","121.535","25.185","87"
"100","416275","20220712103000","141","0","臺北市","北投區","121.490","25.155","80"
"12","616904","20220712103000","25","0","金門縣","金城鎮","118.320","24.390","14"
"23","617429","20220712103000","310","0","金門縣","金城鎮","118.305","24.400","21"
"1140","617430","20220712103000","956","1","金門縣","金城鎮","118.310","24.400","1178"
"321","617700","20220712103000","300","1","金門縣","金城鎮","118.305","24.405","323"
"253","617704","20220712103000","237","1","金門縣","金城鎮","118.325","24.405","264"
"59","617966","20220712103000","21","3","金門縣","烈嶼鄉","118.225","24.405","28"
"82","617974","20220712103000","78","1","金門縣","金城鎮","118.290","24.405","70"
"228","617990","20220712103000","200","1","金門縣","金湖鎮","118.430","24.410","193"
"224","618255","20220712103000","322","0","金門縣","金城鎮","118.285","24.410","297"
"115","618257","20220712103000","407","0","金門縣","金城鎮","118.295","24.410","107"
"164","618258","20220712103000","145","1","金門縣","金城鎮","118.300","24.410","141"
"32","618259","20220712103000","45","0","金門縣","金城鎮","118.305","24.410","32"
"51","618260","20220712103000","48","1","金門縣","金城鎮","118.310","24.410","47"
"181","618263","20220712103000","162","1","金門縣","金城鎮","118.325","24.410","141"
"556","618264","20220712103000","436","2","金門縣","金城鎮","118.330","24.410","600"
"167","618266","20220712103000","146","1","金門縣","金城鎮","118.335","24.410","178"
"299","618273","20220712103000","324","0","金門縣","金湖鎮","118.435","24.415","306"
"561","618274","20220712103000","507","1","金門縣","金湖鎮","118.440","24.415","554"
"56","618530","20220712103000","274","0","金門縣","烈嶼鄉","118.230","24.415","40"
"344","618532","20220712103000","595","0","金門縣","烈嶼鄉","118.240","24.415","318"
"342","618541","20220712103000","384","0","金門縣","金城鎮","118.290","24.415","366"
"487","618545","20220712103000","554","0","金門縣","金城鎮","118.310","24.415","493"
"552","618547","20220712103000","676","0","金門縣","金城鎮","118.315","24.415","552"
"235","618552","20220712103000","124","3","金門縣","金寧鄉","118.340","24.415","234"
"146","618560","20220712103000","157","0","金門縣","金湖鎮","118.440","24.420","160"
"457","618813","20220712103000","484","0","金門縣","烈嶼鄉","118.220","24.420","427"
"14","618818","20220712103000","29","0","金門縣","烈嶼鄉","118.245","24.420","50"
"40","618832","20220712103000","733","0","金門縣","金城鎮","118.310","24.420","26"
"109","618833","20220712103000","89","2","金門縣","金城鎮","118.315","24.420","114"
"44","618834","20220712103000","73","0","金門縣","金城鎮","118.320","24.420","48"
"36","618835","20220712103000","34","1","金門縣","金城鎮","118.325","24.420","35"
"122","618836","20220712103000","148","0","金門縣","金寧鄉","118.330","24.420","123"
"19","618838","20220712103000","14","2","金門縣","金寧鄉","118.340","24.420","22"
"1329","619113","20220712103000","1344","0","金門縣","烈嶼鄉","118.245","24.425","1358"
"329","619116","20220712103000","230","2","金門縣","烈嶼鄉","118.260","24.425","330"
"71","619117","20220712103000","67","1","金門縣","烈嶼鄉","118.265","24.425","119"
"16","619126","20220712103000","35","0","金門縣","金城鎮","118.315","24.425","16"
"1561","619127","20220712103000","1206","2","金門縣","金城鎮","118.320","24.425","1673"
"455","619131","20220712103000","206","3","金門縣","金寧鄉","118.340","24.425","271"
"111","619133","20220712103000","143","0","金門縣","金寧鄉","118.350","24.425","147"
"474","619146","20220712103000","437","1","金門縣","金湖鎮","118.430","24.425","477"
"106","619151","20220712103000","93","1","金門縣","金湖鎮","118.455","24.430","94"
"87","619406","20220712103000","59","2","金門縣","烈嶼鄉","118.230","24.430","90"
"79","619420","20220712103000","1563","0","金門縣","金城鎮","118.310","24.430","82"
"831","619421","20220712103000","1568","0","金門縣","金城鎮","118.315","24.430","814"
"1191","619422","20220712103000","1370","0","金門縣","金城鎮","118.320","24.430","1210"
"76","619424","20220712103000","94","0","金門縣","金寧鄉","118.330","24.430","91"
"912","619426","20220712103000","845","1","金門縣","金寧鄉","118.340","24.430","925"
"102","619430","20220712103000","65","3","金門縣","金寧鄉","118.360","24.430","93"
"351","619440","20220712103000","698","0","金門縣","金湖鎮","118.410","24.430","363"
"370","619442","20220712103000","393","0","金門縣","金湖鎮","118.420","24.430","357"
"343","619709","20220712103000","356","0","金門縣","烈嶼鄉","118.255","24.435","349"
"487","619718","20220712103000","425","1","金門縣","金城鎮","118.310","24.435","460"
"2798","619719","20220712103000","3148","0","金門縣","金城鎮","118.315","24.435","2879"
"38","619721","20220712103000","908","0","金門縣","金城鎮","118.325","24.435","40"
"246","619722","20220712103000","301","0","金門縣","金寧鄉","118.330","24.435","245"
"34","619726","20220712103000","52","0","金門縣","金寧鄉","118.350","24.435","28"
"22","619728","20220712103000","29","0","金門縣","金寧鄉","118.360","24.435","33"
"496","619729","20220712103000","443","1","金門縣","金湖鎮","118.365","24.435","572"
"148","619731","20220712103000","94","3","金門縣","金湖鎮","118.375","24.435","137"
"121","619734","20220712103000","179","0","金門縣","金湖鎮","118.390","24.435","125"
"207","619736","20220712103000","258","0","金門縣","金湖鎮","118.400","24.435","214"
"1333","619737","20220712103000","1274","1","金門縣","金湖鎮","118.405","24.435","1299"
"39","619739","20220712103000","92","0","金門縣","金湖鎮","118.415","24.435","54"
"94","619747","20220712103000","101","0","金門縣","金湖鎮","118.455","24.435","92"
"317","620001","20220712103000","212","2","金門縣","烈嶼鄉","118.250","24.440","312"
"479","620010","20220712103000","257","3","金門縣","金城鎮","118.310","24.440","437"
"4501","620011","20220712103000","2058","3","金門縣","金城鎮","118.315","24.440","4574"
"774","620012","20220712103000","473","3","金門縣","金寧鄉","118.320","24.440","701"
"79","620013","20220712103000","85","0","金門縣","金城鎮","118.325","24.440","81"
"482","620015","20220712103000","564","0","金門縣","金寧鄉","118.335","24.440","477"
"12","620020","20220712103000","140","0","金門縣","金寧鄉","118.360","24.440","18"
"106","620021","20220712103000","109","0","金門縣","金湖鎮","118.365","24.440","108"
"110","620024","20220712103000","90","2","金門縣","金湖鎮","118.380","24.440","130"
"644","620025","20220712103000","733","0","金門縣","金湖鎮","118.385","24.440","671"
"80","620027","20220712103000","44","3","金門縣","金湖鎮","118.395","24.440","73"
"55","620029","20220712103000","152","0","金門縣","金湖鎮","118.405","24.440","46"
"1406","620031","20220712103000","3565","0","金門縣","金湖鎮","118.415","24.440","1501"
"1191","620032","20220712103000","2017","0","金門縣","金湖鎮","118.420","24.440","1150"
"338","620037","20220712103000","140","3","金門縣","金湖鎮","118.445","24.440","320"
"406","620293","20220712103000","330","2","金門縣","烈嶼鄉","118.240","24.440","420"
"610","620304","20220712103000","611","0","金門縣","金寧鄉","118.310","24.445","626"
"151","620306","20220712103000","215","0","金門縣","金寧鄉","118.320","24.445","160"
"41","620312","20220712103000","488","0","金門縣","金寧鄉","118.350","24.445","31"
"13","620315","20220712103000","72","0","金門縣","金湖鎮","118.365","24.445","13"
"56","620317","20220712103000","374","0","金門縣","金湖鎮","118.375","24.445","51"
"365","620318","20220712103000","273","2","金門縣","金湖鎮","118.380","24.445","337"
"66","620319","20220712103000","57","1","金門縣","金湖鎮","118.385","24.445","47"
"20","620323","20220712103000","18","1","金門縣","金湖鎮","118.405","24.445","19"
"96","620326","20220712103000","50","3","金門縣","金湖鎮","118.420","24.445","60"
"36","620327","20220712103000","376","0","金門縣","金湖鎮","118.425","24.445","38"
"15","620335","20220712103000","13","1","金門縣","金湖鎮","118.465","24.445","13"
"128","620336","20220712103000","139","0","金門縣","金湖鎮","118.470","24.445","130"
"138","620593","20220712103000","150","0","金門縣","烈嶼鄉","118.250","24.445","140"
"79","620594","20220712103000","76","1","金門縣","烈嶼鄉","118.255","24.445","70"
"294","620595","20220712103000","46","3","金門縣","烈嶼鄉","118.260","24.445","271"
"271","620604","20220712103000","332","0","金門縣","金寧鄉","118.305","24.450","249"
"590","620605","20220712103000","287","3","金門縣","金寧鄉","118.310","24.450","685"
"254","620607","20220712103000","748","0","金門縣","金寧鄉","118.320","24.450","262"
"448","620608","20220712103000","294","3","金門縣","金寧鄉","118.325","24.450","422"
"1587","620609","20220712103000","1357","1","金門縣","金寧鄉","118.330","24.450","1548"
"568","620610","20220712103000","547","1","金門縣","金寧鄉","118.335","24.450","584"
"326","620611","20220712103000","410","0","金門縣","金寧鄉","118.340","24.450","322"
"59","620613","20220712103000","31","3","金門縣","金寧鄉","118.350","24.450","54"
"58","620618","20220712103000","66","0","金門縣","金湖鎮","118.375","24.450","48"
"77","620623","20220712103000","58","2","金門縣","金湖鎮","118.400","24.450","81"
"32","620624","20220712103000","41","0","金門縣","金湖鎮","118.405","24.450","24"
"53","620625","20220712103000","55","0","金門縣","金湖鎮","118.410","24.450","78"
"11","620634","20220712103000","113","0","金門縣","金沙鎮","118.455","24.450","10"
"469","620912","20220712103000","201","3","金門縣","金寧鄉","118.335","24.455","486"
"308","620919","20220712103000","281","1","金門縣","金湖鎮","118.370","24.455","309"
"348","620920","20220712103000","280","2","金門縣","金湖鎮","118.375","24.455","305"
"555","620921","20220712103000","391","2","金門縣","金湖鎮","118.380","24.455","581"
"110","620922","20220712103000","65","3","金門縣","金湖鎮","118.385","24.455","132"
"43","620927","20220712103000","35","2","金門縣","金湖鎮","118.410","24.455","23"
"58","620928","20220712103000","47","2","金門縣","金湖鎮","118.415","24.455","49"
"25","620930","20220712103000","17","2","金門縣","金湖鎮","118.425","24.455","20"
"323","621210","20220712103000","503","0","金門縣","金寧鄉","118.305","24.455","337"
"10","621211","20220712103000","156","0","金門縣","金寧鄉","118.310","24.455","10"
"42","621214","20220712103000","662","0","金門縣","金寧鄉","118.325","24.455","35"
"240","621221","20220712103000","216","1","金門縣","金寧鄉","118.360","24.460","237"
"13","621226","20220712103000","15","0","金門縣","金沙鎮","118.385","24.460","17"
"121","621230","20220712103000","255","0","金門縣","金沙鎮","118.405","24.460","137"
"798","621231","20220712103000","492","3","金門縣","金湖鎮","118.410","24.460","806"
"47","621233","20220712103000","34","2","金門縣","金湖鎮","118.420","24.460","35"
"21","621239","20220712103000","31","0","金門縣","金沙鎮","118.450","24.460","21"
"465","621509","20220712103000","680","0","金門縣","金寧鄉","118.315","24.460","474"
"123","621510","20220712103000","192","0","金門縣","金寧鄉","118.320","24.460","122"
"164","621511","20220712103000","145","1","金門縣","金寧鄉","118.325","24.460","167"
"12","621529","20220712103000","11","1","金門縣","金沙鎮","118.415","24.465","10"
"33","621530","20220712103000","41","0","金門縣","金湖鎮","118.420","24.465","32"
"93","621533","20220712103000","96","0","金門縣","金沙鎮","118.435","24.465","92"
"66","621534","20220712103000","78","0","金門縣","金沙鎮","118.440","24.465","88"
"170","621810","20220712103000","237","0","金門縣","金沙鎮","118.390","24.465","175"
"884","621816","20220712103000","772","1","金門縣","金沙鎮","118.420","24.470","844"
"311","621823","20220712103000","283","1","金門縣","金沙鎮","118.455","24.470","329"
"394","622079","20220712103000","485","0","金門縣","金寧鄉","118.315","24.470","410"
"61","622096","20220712103000","324","0","金門縣","金沙鎮","118.400","24.470","59"
"17","622101","20220712103000","17","1","金門縣","金沙鎮","118.425","24.475","22"
"71","622102","20220712103000","59","2","金門縣","金沙鎮","118.430","24.475","65"
"198","622377","20220712103000","112","3","金門縣","金沙鎮","118.390","24.475","201"
"142","622643","20220712103000","364","0","金門縣","金寧鄉","118.305","24.480","144"
"53","622644","20220712103000","67","0","金門縣","金寧鄉","118.310","24.480","58"
"31","622657","20220712103000","192","0","金門縣","金沙鎮","118.390","24.480","44"
"142","622658","20220712103000","100","2","金門縣","金沙鎮","118.395","24.480","161"
"15","622921","20220712103000","25","0","金門縣","金寧鄉","118.300","24.485","15"
"1095","622937","20220712103000","733","2","金門縣","金沙鎮","118.415","24.485","1067"
"118","622938","20220712103000","94","2","金門縣","金沙鎮","118.420","24.485","117"
"44","622941","20220712103000","36","2","金門縣","金沙鎮","118.435","24.485","30"
"161","623204","20220712103000","135","1","金門縣","金沙鎮","118.400","24.490","150"
"467","623206","20220712103000","443","1","金門縣","金沙鎮","118.410","24.490","489"
"650","623207","20220712103000","644","1","金門縣","金沙鎮","118.415","24.490","645"
"13","623208","20220712103000","10","2","金門縣","金沙鎮","118.420","24.490","10"
"63","623210","20220712103000","71","0","金門縣","金沙鎮","118.430","24.490","68"
"516","623474","20220712103000","761","0","金門縣","金沙鎮","118.415","24.495","492"
"355","623478","20220712103000","370","0","金門縣","金沙鎮","118.435","24.495","359"
"120","623734","20220712103000","86","2","金門縣","金沙鎮","118.400","24.500","117"
"42","623738","20220712103000","34","2","金門縣","金沙鎮","118.420","24.500","47"
"164","623993","20220712103000","191","0","金門縣","金沙鎮","118.405","24.505","168"
"24","623999","20220712103000","32","0","金門縣","金沙鎮","118.435","24.505","38"
"237","624000","20220712103000","158","3","金門縣","金沙鎮","118.440","24.505","206"
"207","624511","20220712103000","189","1","金門縣","金沙鎮","118.405","24.515","206"
"132","624771","20220712103000","159","0","金門縣","金沙鎮","118.415","24.515","147"
"19","625280","20220712103000","18","1","金門縣","金沙鎮","118.410","24.525","15"
"11","653042","20220712103000","13","0","連江縣","莒光鄉","119.975","25.955","15"
"300","653049","20220712103000","355","0","連江縣","莒光鄉","119.975","25.960","373"
"12","653081","20220712103000","15","0","連江縣","莒光鄉","119.930","25.970","22"
"257","653082","20220712103000","331","0","連江縣","莒光鄉","119.935","25.970","194"
"178","653097","20220712103000","172","1","連江縣","莒光鄉","119.930","25.975","235"
"21","653099","20220712103000","13","3","連江縣","莒光鄉","119.940","25.975","20"
"419","653173","20220712103000","256","3","連江縣","南竿鄉","119.925","26.140","423"
"129","653187","20220712103000","220","0","連江縣","南竿鄉","119.930","26.145","157"
"124","653198","20220712103000","95","2","連江縣","南竿鄉","119.915","26.145","116"
"54","653200","20220712103000","78","0","連江縣","南竿鄉","119.925","26.145","55"
"337","653203","20220712103000","436","0","連江縣","南竿鄉","119.940","26.145","307"
"38","653217","20220712103000","38","1","連江縣","南竿鄉","119.925","26.150","95"
"333","653219","20220712103000","352","0","連江縣","南竿鄉","119.935","26.150","369"
"55","653221","20220712103000","38","2","連江縣","南竿鄉","119.945","26.150","21"
"215","653231","20220712103000","267","0","連江縣","南竿鄉","119.920","26.155","168"
"583","653235","20220712103000","404","2","連江縣","南竿鄉","119.940","26.155","493"
"823","653238","20220712103000","765","1","連江縣","南竿鄉","119.955","26.155","851"
"143","653248","20220712103000","93","3","連江縣","南竿鄉","119.920","26.160","108"
"1040","653255","20220712103000","918","1","連江縣","南竿鄉","119.955","26.160","1036"
"60","653257","20220712103000","41","2","連江縣","南竿鄉","119.965","26.160","75"
"433","653272","20220712103000","584","0","連江縣","南竿鄉","119.950","26.165","458"
"170","653282","20220712103000","157","1","連江縣","南竿鄉","119.925","26.170","141"
"336","653344","20220712103000","277","2","連江縣","北竿鄉","119.970","26.205","290"
"146","653365","20220712103000","173","0","連江縣","北竿鄉","119.975","26.215","98"
"23","653380","20220712103000","26","0","連江縣","北竿鄉","119.990","26.220","29"
"29","653382","20220712103000","29","1","連江縣","北竿鄉","120.000","26.220","63"
"13","653393","20220712103000","20","0","連江縣","北竿鄉","119.980","26.225","55"
"1292","653396","20220712103000","1267","1","連江縣","北竿鄉","119.995","26.225","1341"
"397","653397","20220712103000","322","2","連江縣","北竿鄉","120.000","26.225","449"
"13","653410","20220712103000","25","0","連江縣","北竿鄉","119.995","26.230","27"
"121","653411","20220712103000","95","2","連江縣","北竿鄉","120.000","26.230","112"
"10","653580","20220712103000","41","0","連江縣","東引鄉","120.485","26.360","21"
"66","653590","20220712103000","56","1","連江縣","東引鄉","120.490","26.360","97"
"320","653592","20220712103000","600","0","連江縣","東引鄉","120.500","26.360","367"
"680","653602","20220712103000","581","1","連江縣","東引鄉","120.490","26.365","651"
"154","653603","20220712103000","45","3","連江縣","東引鄉","120.495","26.365","76"
"40","653606","20220712103000","12","3","連江縣","東引鄉","120.510","26.365","65"
"102","653623","20220712103000","148","0","連江縣","東引鄉","120.480","26.375","179"
