"POPULATION","G_ID","time","avg","idx","City","Town","x","y","prePop"
"220","6258","20221005094000","177","2","屏東縣","恆春鎮","120.745","21.945","368"
"20","6267","20221005094000","134","0","屏東縣","恆春鎮","120.790","21.945","18"
"154","9415","20221005094000","61","3","屏東縣","恆春鎮","120.715","21.970","100"
"87","9416","20221005094000","71","2","屏東縣","恆春鎮","120.845","21.970","92"
"251","15716","20221005094000","213","1","臺東縣","蘭嶼鄉","121.535","22.025","267"
"32","15719","20221005094000","238","0","臺東縣","蘭嶼鄉","121.550","22.025","32"
"74","18068","20221005094000","106","0","屏東縣","車城鄉","120.695","22.045","81"
"118","20191","20221005094000","540","0","臺東縣","蘭嶼鄉","121.570","22.065","118"
"26","39868","20221005094000","33","0","屏東縣","牡丹鄉","120.895","22.240","15"
"15","40369","20221005094000","98","0","屏東縣","枋山鄉","120.660","22.245","17"
"84","46865","20221005094000","61","2","臺東縣","大武鄉","120.890","22.305","95"
"118","49782","20221005094000","140","0","屏東縣","琉球鄉","120.355","22.330","73"
"41","49783","20221005094000","173","0","屏東縣","琉球鄉","120.375","22.330","38"
"547","52213","20221005094000","352","3","屏東縣","琉球鄉","120.380","22.355","576"
"57","57589","20221005094000","34","3","屏東縣","春日鄉","120.660","22.365","71"
"73","57606","20221005094000","52","2","屏東縣","春日鄉","120.665","22.365","79"
"157","57748","20221005094000","142","1","屏東縣","春日鄉","120.750","22.405","129"
"282","57758","20221005094000","198","2","屏東縣","春日鄉","120.625","22.365","267"
"21","57868","20221005094000","171","0","屏東縣","車城鄉","120.730","22.055","25"
"152","57949","20221005094000","68","3","屏東縣","車城鄉","120.715","22.050","125"
"17","57951","20221005094000","107","0","屏東縣","車城鄉","120.710","22.055","17"
"504","57952","20221005094000","238","3","屏東縣","枋寮鄉","120.595","22.375","415"
"202","57962","20221005094000","375","0","屏東縣","枋寮鄉","120.595","22.385","172"
"461","57963","20221005094000","330","2","屏東縣","枋寮鄉","120.600","22.385","415"
"12","57992","20221005094000","19","0","屏東縣","滿州鄉","120.890","22.090","12"
"63","58022","20221005094000","22","3","屏東縣","滿州鄉","120.895","22.100","45"
"14","58112","20221005094000","18","0","屏東縣","滿州鄉","120.805","22.015","22"
"98","58150","20221005094000","106","0","屏東縣","滿州鄉","120.875","22.115","98"
"11","58180","20221005094000","16","0","屏東縣","滿州鄉","120.885","22.135","12"
"73","58209","20221005094000","75","0","屏東縣","滿州鄉","120.840","21.985","110"
"80","58243","20221005094000","62","2","屏東縣","滿州鄉","120.840","22.015","61"
"268","58245","20221005094000","222","2","屏東縣","滿州鄉","120.835","22.020","232"
"27","58246","20221005094000","13","3","屏東縣","滿州鄉","120.840","22.020","32"
"87","58248","20221005094000","86","1","屏東縣","滿州鄉","120.830","22.025","82"
"276","58265","20221005094000","238","1","屏東縣","滿州鄉","120.830","21.995","357"
"36","58303","20221005094000","20","3","屏東縣","滿州鄉","120.850","22.020","67"
"54","58452","20221005094000","37","2","屏東縣","滿州鄉","120.830","22.075","51"
"14","58471","20221005094000","24","0","屏東縣","滿州鄉","120.835","22.085","14"
"28","58493","20221005094000","23","2","屏東縣","滿州鄉","120.830","22.095","32"
"17","58500","20221005094000","23","0","屏東縣","滿州鄉","120.840","22.100","21"
"378","58514","20221005094000","140","3","屏東縣","枋山鄉","120.665","22.240","244"
"183","58522","20221005094000","345","0","屏東縣","枋山鄉","120.650","22.260","191"
"92","58529","20221005094000","257","0","屏東縣","枋山鄉","120.690","22.190","96"
"79","58531","20221005094000","187","0","屏東縣","枋山鄉","120.690","22.195","73"
"27","58544","20221005094000","13","3","屏東縣","佳冬鄉","120.525","22.410","19"
"798","58554","20221005094000","509","3","屏東縣","恆春鎮","120.740","22.030","566"
"30","58568","20221005094000","205","0","屏東縣","恆春鎮","120.735","22.040","30"
"195","58585","20221005094000","49","3","屏東縣","恆春鎮","120.720","22.045","108"
"65","58609","20221005094000","929","0","屏東縣","恆春鎮","120.750","21.955","70"
"92","58614","20221005094000","588","0","屏東縣","恆春鎮","120.755","21.960","86"
"802","58618","20221005094000","353","3","屏東縣","恆春鎮","120.755","21.965","792"
"463","58656","20221005094000","188","3","屏東縣","恆春鎮","120.730","22.010","412"
"19","58662","20221005094000","10","3","屏東縣","恆春鎮","120.725","22.020","19"
"285","58663","20221005094000","265","1","屏東縣","恆春鎮","120.745","22.005","246"
"224","58680","20221005094000","152","2","屏東縣","恆春鎮","120.730","21.995","208"
"286","58691","20221005094000","179","3","屏東縣","恆春鎮","120.725","21.925","312"
"20","58698","20221005094000","16","2","屏東縣","恆春鎮","120.715","21.935","25"
"47","58707","20221005094000","38","2","屏東縣","恆春鎮","120.715","21.945","63"
"122","58723","20221005094000","169","0","屏東縣","恆春鎮","120.720","21.960","380"
"891","58725","20221005094000","979","0","屏東縣","恆春鎮","120.740","22.010","848"
"21","58785","20221005094000","80","0","屏東縣","恆春鎮","120.720","22.040","17"
"142","58793","20221005094000","60","3","屏東縣","恆春鎮","120.695","22.020","110"
"11","58796","20221005094000","12","0","屏東縣","恆春鎮","120.710","22.020","11"
"115","58818","20221005094000","99","1","屏東縣","恆春鎮","120.850","21.905","158"
"48","58819","20221005094000","52","0","屏東縣","恆春鎮","120.855","21.905","82"
"56","58824","20221005094000","48","1","屏東縣","恆春鎮","120.850","21.910","93"
"183","58829","20221005094000","181","1","屏東縣","恆春鎮","120.850","21.915","230"
"47","58837","20221005094000","41","1","屏東縣","恆春鎮","120.830","21.925","65"
"120","58849","20221005094000","84","2","屏東縣","恆春鎮","120.825","21.935","150"
"49","58893","20221005094000","234","0","屏東縣","車城鄉","120.715","22.070","33"
"268","58924","20221005094000","93","3","屏東縣","獅子鄉","120.730","22.195","268"
"17","58958","20221005094000","143","0","屏東縣","獅子鄉","120.750","22.205","30"
"208","58971","20221005094000","130","3","屏東縣","獅子鄉","120.725","22.210","157"
"21","58992","20221005094000","25","0","屏東縣","獅子鄉","120.760","22.215","19"
"108","58997","20221005094000","52","3","屏東縣","獅子鄉","120.785","22.215","66"
"19","59098","20221005094000","12","3","屏東縣","獅子鄉","120.860","22.235","17"
"127","59115","20221005094000","487","0","屏東縣","琉球鄉","120.380","22.350","123"
"70","59117","20221005094000","257","0","屏東縣","琉球鄉","120.365","22.325","38"
"436","59120","20221005094000","250","3","屏東縣","琉球鄉","120.370","22.335","505"
"214","59149","20221005094000","113","3","屏東縣","獅子鄉","120.660","22.275","172"
"46","59469","20221005094000","49","0","屏東縣","獅子鄉","120.650","22.315","53"
"21","59727","20221005094000","125","0","屏東縣","獅子鄉","120.710","22.195","18"
"119","59772","20221005094000","107","1","屏東縣","獅子鄉","120.685","22.225","121"
"270","60023","20221005094000","140","3","屏東縣","獅子鄉","120.700","22.165","279"
"17","60048","20221005094000","83","0","屏東縣","獅子鄉","120.795","22.225","16"
"20","60065","20221005094000","99","0","屏東縣","獅子鄉","120.800","22.230","23"
"63","60076","20221005094000","36","3","屏東縣","獅子鄉","120.805","22.235","41"
"22","60088","20221005094000","28","0","屏東縣","獅子鄉","120.810","22.240","13"
"15","60119","20221005094000","17","0","屏東縣","獅子鄉","120.820","22.250","15"
"1295","60172","20221005094000","1270","1","屏東縣","琉球鄉","120.370","22.340","1403"
"24","60174","20221005094000","70","0","屏東縣","琉球鄉","120.375","22.345","24"
"109","60189","20221005094000","87","2","屏東縣","車城鄉","120.700","22.040","122"
"122","60193","20221005094000","121","1","屏東縣","車城鄉","120.700","22.050","131"
"91","60196","20221005094000","56","3","屏東縣","琉球鄉","120.365","22.340","81"
"18","60197","20221005094000","30","0","屏東縣","琉球鄉","120.365","22.345","20"
"193","60198","20221005094000","166","1","屏東縣","琉球鄉","120.370","22.350","189"
"586","60206","20221005094000","242","3","屏東縣","車城鄉","120.715","22.065","544"
"47","60213","20221005094000","119","0","屏東縣","車城鄉","120.720","22.090","39"
"189","60234","20221005094000","52","3","屏東縣","車城鄉","120.715","22.115","167"
"1078","60246","20221005094000","638","3","屏東縣","琉球鄉","120.385","22.350","1033"
"129","60260","20221005094000","110","1","屏東縣","車城鄉","120.740","22.085","106"
"194","60283","20221005094000","190","1","屏東縣","車城鄉","120.750","22.095","198"
"23","60314","20221005094000","156","0","屏東縣","枋寮鄉","120.555","22.390","25"
"76","60322","20221005094000","414","0","屏東縣","車城鄉","120.715","22.075","60"
"228","60328","20221005094000","118","3","屏東縣","車城鄉","120.730","22.075","343"
"424","60350","20221005094000","324","2","屏東縣","枋寮鄉","120.590","22.405","421"
"57","60369","20221005094000","249","0","屏東縣","枋寮鄉","120.620","22.405","52"
"278","60374","20221005094000","172","3","屏東縣","枋寮鄉","120.590","22.370","273"
"289","60377","20221005094000","286","1","屏東縣","枋寮鄉","120.580","22.375","280"
"844","60401","20221005094000","680","2","屏東縣","枋寮鄉","120.575","22.405","837"
"707","60404","20221005094000","480","2","屏東縣","佳冬鄉","120.565","22.410","660"
"11","60407","20221005094000","460","0","屏東縣","枋寮鄉","120.590","22.365","11"
"1316","60421","20221005094000","1129","1","屏東縣","枋寮鄉","120.600","22.360","1280"
"491","60428","20221005094000","229","3","屏東縣","枋寮鄉","120.600","22.365","414"
"115","60441","20221005094000","147","0","屏東縣","枋山鄉","120.645","22.295","115"
"180","60442","20221005094000","136","2","屏東縣","獅子鄉","120.640","22.310","168"
"220","60446","20221005094000","224","0","屏東縣","枋山鄉","120.630","22.320","226"
"109","60449","20221005094000","86","2","屏東縣","枋山鄉","120.615","22.330","123"
"346","60455","20221005094000","248","2","屏東縣","枋山鄉","120.620","22.335","378"
"236","60456","20221005094000","130","3","屏東縣","枋山鄉","120.625","22.335","285"
"1459","60532","20221005094000","998","2","屏東縣","恆春鎮","120.740","22.000","1363"
"408","60533","20221005094000","305","2","屏東縣","恆春鎮","120.740","22.005","423"
"99","60535","20221005094000","206","0","屏東縣","恆春鎮","120.815","21.935","131"
"124","60537","20221005094000","70","3","屏東縣","恆春鎮","120.805","21.940","142"
"14","60539","20221005094000","180","0","屏東縣","恆春鎮","120.795","21.945","16"
"399","60540","20221005094000","434","0","屏東縣","恆春鎮","120.800","21.945","392"
"437","60541","20221005094000","392","1","屏東縣","恆春鎮","120.805","21.945","397"
"163","60543","20221005094000","143","1","屏東縣","恆春鎮","120.780","21.950","162"
"167","60544","20221005094000","127","2","屏東縣","恆春鎮","120.785","21.950","147"
"211","60568","20221005094000","161","2","屏東縣","恆春鎮","120.810","21.955","160"
"144","60589","20221005094000","148","0","屏東縣","恆春鎮","120.815","21.965","184"
"71","60623","20221005094000","281","0","屏東縣","恆春鎮","120.735","21.950","64"
"91","60646","20221005094000","54","3","屏東縣","恆春鎮","120.720","21.975","67"
"72","60651","20221005094000","55","2","屏東縣","恆春鎮","120.715","21.985","66"
"188","60656","20221005094000","136","2","屏東縣","恆春鎮","120.705","21.995","189"
"120","60671","20221005094000","599","0","屏東縣","恆春鎮","120.740","21.995","97"
"125","60672","20221005094000","273","0","屏東縣","恆春鎮","120.745","21.995","78"
"765","60680","20221005094000","673","1","屏東縣","恆春鎮","120.745","22.000","781"
"87","60694","20221005094000","72","2","屏東縣","恆春鎮","120.765","22.000","49"
"37","60732","20221005094000","58","0","屏東縣","牡丹鄉","120.815","22.075","47"
"114","60771","20221005094000","232","0","屏東縣","滿州鄉","120.890","22.140","246"
"126","60778","20221005094000","79","3","屏東縣","牡丹鄉","120.880","22.155","121"
"43","60784","20221005094000","55","0","屏東縣","牡丹鄉","120.880","22.160","38"
"115","60791","20221005094000","125","0","屏東縣","牡丹鄉","120.890","22.165","140"
"10","60793","20221005094000","14","0","屏東縣","牡丹鄉","120.870","22.170","26"
"58","60821","20221005094000","68","0","屏東縣","牡丹鄉","120.880","22.185","49"
"15","60825","20221005094000","20","0","屏東縣","牡丹鄉","120.880","22.190","13"
"60","60827","20221005094000","49","2","屏東縣","牡丹鄉","120.885","22.190","75"
"13","60836","20221005094000","24","0","屏東縣","牡丹鄉","120.890","22.200","13"
"28","60884","20221005094000","34","0","屏東縣","牡丹鄉","120.850","22.185","27"
"65","60907","20221005094000","91","0","屏東縣","牡丹鄉","120.855","22.200","71"
"29","60936","20221005094000","25","1","屏東縣","牡丹鄉","120.815","22.150","29"
"78","60994","20221005094000","62","2","屏東縣","牡丹鄉","120.835","22.175","85"
"64","61141","20221005094000","57","1","屏東縣","牡丹鄉","120.770","22.125","60"
"200","61160","20221005094000","235","0","屏東縣","牡丹鄉","120.780","22.130","224"
"21","61331","20221005094000","86","0","屏東縣","牡丹鄉","120.840","22.115","16"
"123","61332","20221005094000","144","0","屏東縣","牡丹鄉","120.845","22.115","124"
"54","61398","20221005094000","30","3","屏東縣","牡丹鄉","120.875","22.150","37"
"32","61399","20221005094000","12","3","屏東縣","牡丹鄉","120.880","22.150","11"
"173","61441","20221005094000","100","3","臺東縣","大武鄉","120.880","22.325","213"
"76","61469","20221005094000","263","0","臺東縣","大武鄉","120.905","22.360","47"
"55","61471","20221005094000","102","0","臺東縣","大武鄉","120.900","22.365","55"
"84","61472","20221005094000","301","0","臺東縣","大武鄉","120.905","22.365","534"
"175","61501","20221005094000","210","0","臺東縣","大武鄉","120.910","22.380","81"
"129","61562","20221005094000","333","0","臺東縣","大武鄉","120.885","22.340","129"
"191","61604","20221005094000","167","1","臺東縣","蘭嶼鄉","121.525","22.080","157"
"166","61605","20221005094000","182","0","臺東縣","蘭嶼鄉","121.530","22.080","183"
"84","61620","20221005094000","136","0","臺東縣","蘭嶼鄉","121.590","22.005","82"
"334","61703","20221005094000","464","0","臺東縣","蘭嶼鄉","121.510","22.055","585"
"241","61734","20221005094000","211","1","臺東縣","蘭嶼鄉","121.555","22.025","226"
"54","61738","20221005094000","57","0","臺東縣","蘭嶼鄉","121.535","22.030","79"
"19","61830","20221005094000","93","0","臺東縣","達仁鄉","120.885","22.285","19"
"15","61900","20221005094000","10","3","臺東縣","達仁鄉","120.820","22.290","12"
"10","61910","20221005094000","53","0","臺東縣","達仁鄉","120.870","22.290","10"
"45","61933","20221005094000","185","0","臺東縣","達仁鄉","120.885","22.295","45"
"43","62017","20221005094000","37","1","臺東縣","達仁鄉","120.855","22.320","37"
"10","62278","20221005094000","14","0","臺東縣","大武鄉","120.880","22.375","11"
"16","62301","20221005094000","39","0","臺東縣","達仁鄉","120.860","22.380","16"
"58","62355","20221005094000","26","3","臺東縣","達仁鄉","120.855","22.390","55"
"22","62465","20221005094000","17","2","臺東縣","達仁鄉","120.840","22.265","20"
"63","62479","20221005094000","29","3","臺東縣","達仁鄉","120.855","22.275","62"
"135","62493","20221005094000","60","3","臺東縣","達仁鄉","120.875","22.290","168"
"146","63917","20221005094000","46","3","臺東縣","大武鄉","120.930","22.415","56"
"63","65292","20221005094000","246","0","屏東縣","東港鎮","120.480","22.430","54"
"34","72794","20221005094000","56","0","高雄市","小港區","120.360","22.510","14"
"51","72795","20221005094000","84","0","臺東縣","太麻里鄉","120.960","22.510","31"
"202","80997","20221005094000","148","2","屏東縣","新埤鄉","120.560","22.475","209"
"683","81045","20221005094000","532","2","屏東縣","新埤鄉","120.545","22.465","643"
"257","81049","20221005094000","150","3","屏東縣","新埤鄉","120.565","22.465","297"
"35","81063","20221005094000","26","2","屏東縣","新埤鄉","120.610","22.450","30"
"196","81079","20221005094000","178","1","屏東縣","新埤鄉","120.610","22.460","244"
"546","81134","20221005094000","501","1","屏東縣","新埤鄉","120.580","22.505","530"
"216","81174","20221005094000","199","1","屏東縣","新埤鄉","120.615","22.470","263"
"74","81486","20221005094000","55","2","屏東縣","春日鄉","120.630","22.425","64"
"248","81488","20221005094000","183","2","屏東縣","春日鄉","120.640","22.425","227"
"656","81506","20221005094000","413","3","屏東縣","新園鄉","120.435","22.500","688"
"209","81517","20221005094000","121","3","屏東縣","新園鄉","120.440","22.510","180"
"303","81529","20221005094000","334","0","屏東縣","萬巒鄉","120.610","22.590","320"
"868","81547","20221005094000","1393","0","屏東縣","林邊鄉","120.515","22.435","900"
"66","81550","20221005094000","43","3","屏東縣","林邊鄉","120.510","22.430","52"
"658","81552","20221005094000","388","3","屏東縣","林邊鄉","120.520","22.430","660"
"41","81557","20221005094000","21","3","屏東縣","林邊鄉","120.490","22.430","36"
"52","81560","20221005094000","29","3","屏東縣","東港鎮","120.495","22.460","64"
"244","81569","20221005094000","195","2","屏東縣","東港鎮","120.455","22.460","220"
"20","81573","20221005094000","23","0","屏東縣","東港鎮","120.465","22.440","22"
"82","81584","20221005094000","70","1","屏東縣","東港鎮","120.455","22.450","90"
"65","81816","20221005094000","31","3","屏東縣","來義鄉","120.680","22.525","39"
"44","81919","20221005094000","35","2","屏東縣","來義鄉","120.640","22.435","52"
"89","82042","20221005094000","70","2","屏東縣","來義鄉","120.635","22.525","87"
"10","82128","20221005094000","18","0","屏東縣","來義鄉","120.620","22.465","10"
"33","82186","20221005094000","15","3","屏東縣","來義鄉","120.665","22.560","17"
"41","82194","20221005094000","360","0","屏東縣","佳冬鄉","120.550","22.415","38"
"1379","82204","20221005094000","864","3","屏東縣","佳冬鄉","120.545","22.415","1419"
"626","82217","20221005094000","504","2","屏東縣","竹田鄉","120.515","22.575","693"
"452","82239","20221005094000","123","3","屏東縣","東港鎮","120.495","22.455","447"
"53","82241","20221005094000","581","0","屏東縣","東港鎮","120.490","22.455","44"
"1081","82243","20221005094000","978","1","屏東縣","東港鎮","120.445","22.465","1176"
"201","82245","20221005094000","564","0","屏東縣","東港鎮","120.445","22.460","208"
"1060","82256","20221005094000","799","2","屏東縣","東港鎮","120.455","22.470","1130"
"108","82257","20221005094000","155","0","屏東縣","東港鎮","120.460","22.470","96"
"1949","82262","20221005094000","834","3","屏東縣","東港鎮","120.460","22.475","1965"
"220","82266","20221005094000","398","0","屏東縣","東港鎮","120.465","22.480","178"
"161","82270","20221005094000","374","0","屏東縣","東港鎮","120.475","22.485","149"
"54","82283","20221005094000","59","0","屏東縣","泰武鄉","120.625","22.590","63"
"152","82284","20221005094000","127","1","屏東縣","泰武鄉","120.635","22.590","155"
"308","82290","20221005094000","226","2","屏東縣","林邊鄉","120.520","22.435","307"
"365","82303","20221005094000","260","2","屏東縣","新園鄉","120.460","22.540","370"
"886","82306","20221005094000","847","1","屏東縣","新園鄉","120.460","22.545","1040"
"157","82311","20221005094000","672","0","屏東縣","東港鎮","120.450","22.470","138"
"541","82324","20221005094000","593","0","屏東縣","竹田鄉","120.540","22.585","500"
"94","82325","20221005094000","82","1","屏東縣","竹田鄉","120.545","22.585","84"
"561","82333","20221005094000","442","2","屏東縣","新園鄉","120.455","22.525","570"
"330","82340","20221005094000","240","2","屏東縣","新園鄉","120.465","22.530","322"
"306","82347","20221005094000","197","3","屏東縣","新園鄉","120.440","22.475","292"
"130","82367","20221005094000","66","3","屏東縣","萬丹鄉","120.465","22.595","117"
"451","82441","20221005094000","230","3","屏東縣","泰武鄉","120.650","22.570","501"
"25","82445","20221005094000","114","0","屏東縣","泰武鄉","120.635","22.580","19"
"46","82467","20221005094000","58","0","屏東縣","泰武鄉","120.660","22.570","45"
"100","82513","20221005094000","52","3","屏東縣","泰武鄉","120.665","22.585","100"
"14","82564","20221005094000","49","0","屏東縣","萬丹鄉","120.485","22.570","10"
"20","82568","20221005094000","21","0","屏東縣","萬丹鄉","120.490","22.575","21"
"483","82569","20221005094000","271","3","屏東縣","新園鄉","120.450","22.475","535"
"590","82576","20221005094000","459","2","屏東縣","新園鄉","120.445","22.515","570"
"126","82591","20221005094000","116","1","屏東縣","新園鄉","120.450","22.525","123"
"39","82614","20221005094000","284","0","屏東縣","佳冬鄉","120.515","22.415","47"
"31","82630","20221005094000","286","0","屏東縣","佳冬鄉","120.560","22.430","31"
"255","82634","20221005094000","431","0","屏東縣","佳冬鄉","120.560","22.435","246"
"98","82638","20221005094000","76","2","屏東縣","佳冬鄉","120.535","22.425","100"
"330","82649","20221005094000","656","0","屏東縣","佳冬鄉","120.555","22.420","357"
"192","82700","20221005094000","176","1","屏東縣","來義鄉","120.635","22.515","192"
"91","82715","20221005094000","35","3","屏東縣","來義鄉","120.660","22.525","68"
"11","82720","20221005094000","90","0","屏東縣","南州鄉","120.500","22.480","10"
"58","82722","20221005094000","42","2","屏東縣","南州鄉","120.490","22.485","77"
"696","82723","20221005094000","318","3","屏東縣","南州鄉","120.495","22.485","834"
"64","82736","20221005094000","164","0","屏東縣","南州鄉","120.530","22.465","78"
"12","82738","20221005094000","10","2","屏東縣","南州鄉","120.525","22.470","14"
"78","82740","20221005094000","212","0","屏東縣","南州鄉","120.535","22.470","78"
"651","82742","20221005094000","548","1","屏東縣","南州鄉","120.520","22.475","649"
"292","82751","20221005094000","198","2","屏東縣","南州鄉","120.540","22.485","326"
"73","82754","20221005094000","54","2","屏東縣","南州鄉","120.535","22.490","88"
"45","82763","20221005094000","28","3","屏東縣","崁頂鄉","120.520","22.495","46"
"160","82767","20221005094000","64","3","屏東縣","內埔鄉","120.560","22.585","145"
"15","82779","20221005094000","140","0","屏東縣","萬丹鄉","120.495","22.550","22"
"486","82796","20221005094000","433","1","屏東縣","新園鄉","120.460","22.505","493"
"169","82807","20221005094000","257","0","屏東縣","崁頂鄉","120.505","22.540","112"
"53","82821","20221005094000","289","0","屏東縣","崁頂鄉","120.490","22.510","46"
"51","82835","20221005094000","173","0","屏東縣","崁頂鄉","120.520","22.530","31"
"713","82839","20221005094000","659","1","屏東縣","南州鄉","120.510","22.495","784"
"58","82881","20221005094000","278","0","屏東縣","佳冬鄉","120.560","22.445","55"
"169","82883","20221005094000","59","3","屏東縣","佳冬鄉","120.560","22.450","173"
"304","82893","20221005094000","254","1","屏東縣","萬丹鄉","120.495","22.545","303"
"66","82901","20221005094000","50","2","屏東縣","崁頂鄉","120.510","22.510","74"
"267","82906","20221005094000","537","0","屏東縣","崁頂鄉","120.515","22.515","393"
"79","82941","20221005094000","35","3","屏東縣","崁頂鄉","120.490","22.500","93"
"22","82951","20221005094000","30","0","屏東縣","內埔鄉","120.570","22.590","20"
"718","82954","20221005094000","399","3","屏東縣","新園鄉","120.460","22.495","762"
"112","82963","20221005094000","104","1","屏東縣","新園鄉","120.475","22.550","124"
"343","82970","20221005094000","340","1","屏東縣","新園鄉","120.455","22.545","311"
"118","82987","20221005094000","373","0","屏東縣","新園鄉","120.460","22.490","115"
"121","82992","20221005094000","480","0","屏東縣","新園鄉","120.445","22.500","124"
"35","82996","20221005094000","21","3","屏東縣","新園鄉","120.445","22.475","30"
"274","82997","20221005094000","170","3","屏東縣","新園鄉","120.440","22.480","294"
"130","82998","20221005094000","137","0","屏東縣","新園鄉","120.445","22.480","163"
"16","83002","20221005094000","38","0","屏東縣","新園鄉","120.440","22.485","13"
"125","83015","20221005094000","121","1","屏東縣","新埤鄉","120.550","22.505","112"
"629","83024","20221005094000","495","2","屏東縣","潮州鎮","120.530","22.545","653"
"1429","83025","20221005094000","1089","2","屏東縣","潮州鎮","120.535","22.545","1357"
"67","83041","20221005094000","59","1","屏東縣","潮州鎮","120.590","22.540","71"
"198","83047","20221005094000","157","2","屏東縣","潮州鎮","120.555","22.550","184"
"404","83049","20221005094000","239","3","屏東縣","潮州鎮","120.565","22.550","359"
"396","83055","20221005094000","393","1","屏東縣","萬丹鄉","120.470","22.560","443"
"75","83064","20221005094000","198","0","屏東縣","萬巒鄉","120.600","22.590","77"
"15","83074","20221005094000","37","0","屏東縣","東港鎮","120.480","22.455","15"
"338","83080","20221005094000","685","0","屏東縣","東港鎮","120.450","22.465","336"
"521","83093","20221005094000","294","3","屏東縣","萬巒鄉","120.595","22.565","483"
"66","83095","20221005094000","244","0","屏東縣","萬巒鄉","120.605","22.565","66"
"168","83096","20221005094000","85","3","屏東縣","萬巒鄉","120.600","22.570","188"
"26","83099","20221005094000","21","2","屏東縣","萬巒鄉","120.595","22.570","21"
"333","83142","20221005094000","194","3","屏東縣","新埤鄉","120.625","22.525","308"
"75","83161","20221005094000","373","0","屏東縣","萬巒鄉","120.620","22.545","55"
"395","83162","20221005094000","468","0","屏東縣","泰武鄉","120.625","22.545","476"
"15","83177","20221005094000","119","0","屏東縣","萬巒鄉","120.580","22.590","16"
"627","83201","20221005094000","498","2","屏東縣","萬巒鄉","120.570","22.570","655"
"336","83206","20221005094000","365","0","屏東縣","萬巒鄉","120.565","22.575","350"
"222","83210","20221005094000","170","2","屏東縣","內埔鄉","120.565","22.580","208"
"14","83216","20221005094000","14","1","屏東縣","萬丹鄉","120.485","22.555","13"
"15","83222","20221005094000","73","0","屏東縣","東港鎮","120.470","22.485","12"
"109","83231","20221005094000","52","3","屏東縣","東港鎮","120.460","22.460","124"
"923","83232","20221005094000","608","3","屏東縣","東港鎮","120.465","22.460","914"
"1564","83234","20221005094000","1113","2","屏東縣","東港鎮","120.455","22.465","1472"
"133","83235","20221005094000","61","3","屏東縣","東港鎮","120.460","22.465","149"
"269","83236","20221005094000","859","0","屏東縣","東港鎮","120.465","22.465","237"
"806","83241","20221005094000","922","0","屏東縣","東港鎮","120.440","22.460","837"
"115","83257","20221005094000","882","0","屏東縣","竹田鄉","120.525","22.575","101"
"329","83258","20221005094000","287","1","屏東縣","潮州鎮","120.530","22.525","318"
"373","83261","20221005094000","274","2","屏東縣","潮州鎮","120.540","22.525","356"
"435","83267","20221005094000","268","3","屏東縣","潮州鎮","120.535","22.535","424"
"289","83269","20221005094000","185","3","屏東縣","潮州鎮","120.535","22.540","273"
"206","83271","20221005094000","280","0","屏東縣","枋寮鄉","120.580","22.410","210"
"285","83278","20221005094000","212","2","屏東縣","枋寮鄉","120.580","22.415","353"
"53","83323","20221005094000","64","0","屏東縣","枋寮鄉","120.620","22.425","57"
"136","83342","20221005094000","122","1","屏東縣","枋寮鄉","120.595","22.435","179"
"43","83378","20221005094000","183","0","屏東縣","萬丹鄉","120.460","22.575","36"
"86","83380","20221005094000","45","3","屏東縣","萬丹鄉","120.470","22.575","80"
"12","83382","20221005094000","15","0","屏東縣","竹田鄉","120.530","22.595","10"
"256","83383","20221005094000","211","2","屏東縣","竹田鄉","120.535","22.595","238"
"23","83404","20221005094000","14","3","屏東縣","林邊鄉","120.505","22.435","18"
"272","83414","20221005094000","51","3","屏東縣","林邊鄉","120.525","22.455","146"
"204","83430","20221005094000","157","2","屏東縣","萬丹鄉","120.485","22.580","195"
"487","83431","20221005094000","327","2","屏東縣","萬丹鄉","120.490","22.580","539"
"57","83433","20221005094000","50","1","屏東縣","萬丹鄉","120.480","22.565","51"
"540","83435","20221005094000","699","0","屏東縣","竹田鄉","120.490","22.565","629"
"311","83437","20221005094000","167","3","屏東縣","萬丹鄉","120.480","22.570","279"
"24","83438","20221005094000","18","2","屏東縣","萬丹鄉","120.490","22.550","24"
"18","83439","20221005094000","27","0","屏東縣","萬丹鄉","120.490","22.555","26"
"804","83442","20221005094000","768","1","屏東縣","潮州鎮","120.545","22.545","792"
"353","83443","20221005094000","254","2","屏東縣","潮州鎮","120.550","22.545","394"
"830","83448","20221005094000","622","2","屏東縣","潮州鎮","120.550","22.555","815"
"500","83455","20221005094000","477","1","屏東縣","潮州鎮","120.560","22.515","483"
"98","83457","20221005094000","160","0","屏東縣","潮州鎮","120.570","22.515","89"
"603","83473","20221005094000","598","1","屏東縣","潮州鎮","120.530","22.560","542"
"319","83483","20221005094000","336","0","屏東縣","萬丹鄉","120.465","22.565","335"
"720","83504","20221005094000","1009","0","屏東縣","潮州鎮","120.540","22.555","694"
"51","83508","20221005094000","207","0","屏東縣","潮州鎮","120.550","22.560","37"
"13","83516","20221005094000","212","0","屏東縣","潮州鎮","120.540","22.545","14"
"42","83518","20221005094000","41","1","屏東縣","潮州鎮","120.545","22.550","38"
"375","83525","20221005094000","390","0","屏東縣","潮州鎮","120.530","22.540","396"
"214","83540","20221005094000","148","2","屏東縣","潮州鎮","120.580","22.555","214"
"1465","83567","20221005094000","928","3","屏東縣","萬丹鄉","120.490","22.590","1430"
"27","83574","20221005094000","21","2","屏東縣","潮州鎮","120.550","22.535","16"
"298","83576","20221005094000","241","2","屏東縣","潮州鎮","120.550","22.540","361"
"902","83577","20221005094000","624","2","屏東縣","潮州鎮","120.535","22.550","871"
"102","83578","20221005094000","1052","0","屏東縣","潮州鎮","120.535","22.555","79"
"178","83582","20221005094000","76","3","屏東縣","萬丹鄉","120.500","22.595","180"
"496","83585","20221005094000","424","1","屏東縣","萬丹鄉","120.485","22.585","500"
"275","83586","20221005094000","515","0","屏東縣","萬丹鄉","120.490","22.585","276"
"89","83599","20221005094000","343","0","屏東縣","南州鄉","120.505","22.490","87"
"953","83623","20221005094000","556","3","屏東縣","南州鄉","120.510","22.490","1000"
"243","83624","20221005094000","180","2","屏東縣","潮州鎮","120.530","22.510","255"
"247","83625","20221005094000","175","2","屏東縣","潮州鎮","120.535","22.510","268"
"345","83646","20221005094000","218","3","屏東縣","潮州鎮","120.530","22.550","341"
"806","83648","20221005094000","618","2","高雄市","鳳山區","120.325","22.595","820"
"316","83650","20221005094000","372","0","高雄市","前鎮區","120.320","22.595","298"
"1203","83651","20221005094000","1460","0","高雄市","小港區","120.360","22.565","1172"
"290","83652","20221005094000","243","1","高雄市","小港區(海)","120.335","22.550","238"
"26","83653","20221005094000","380","0","高雄市","小港區","120.335","22.555","26"
"467","83655","20221005094000","376","2","高雄市","小港區","120.340","22.560","455"
"51","83657","20221005094000","150","0","高雄市","小港區","120.370","22.530","46"
"577","83658","20221005094000","913","0","高雄市","小港區","120.365","22.535","555"
"27","83660","20221005094000","525","0","高雄市","小港區","120.370","22.540","35"
"188","83661","20221005094000","97","3","高雄市","小港區","120.375","22.540","187"
"719","83662","20221005094000","525","2","高雄市","小港區","120.370","22.545","794"
"384","83666","20221005094000","210","3","高雄市","小港區","120.375","22.545","311"
"17","83669","20221005094000","251","0","高雄市","小港區","120.375","22.550","20"
"322","83670","20221005094000","116","3","高雄市","小港區","120.370","22.555","327"
"64","83671","20221005094000","701","0","高雄市","小港區","120.365","22.560","47"
"420","83673","20221005094000","596","0","高雄市","小港區","120.375","22.560","397"
"345","83674","20221005094000","843","0","高雄市","小港區","120.365","22.565","323"
"288","83675","20221005094000","516","0","高雄市","小港區","120.370","22.565","277"
"122","83677","20221005094000","1278","0","高雄市","小港區","120.355","22.570","181"
"708","83684","20221005094000","727","0","高雄市","大寮區","120.380","22.590","677"
"30","83692","20221005094000","399","0","高雄市","大寮區","120.385","22.590","37"
"672","83694","20221005094000","417","3","高雄市","大寮區","120.395","22.590","648"
"54","83701","20221005094000","413","0","高雄市","大寮區","120.420","22.585","45"
"47","83702","20221005094000","616","0","高雄市","大寮區","120.410","22.590","46"
"128","83703","20221005094000","81","3","高雄市","大寮區","120.415","22.590","120"
"1415","83704","20221005094000","1317","1","高雄市","大寮區","120.420","22.590","1417"
"464","83705","20221005094000","409","1","高雄市","大寮區","120.410","22.595","436"
"469","83706","20221005094000","311","3","高雄市","大寮區","120.415","22.595","423"
"30","83712","20221005094000","57","0","高雄市","前鎮區","120.310","22.580","29"
"79","83713","20221005094000","957","0","高雄市","小港區","120.345","22.565","61"
"79","83752","20221005094000","27","3","臺東縣","大武鄉","120.930","22.425","53"
"25","83764","20221005094000","21","1","臺東縣","大武鄉","120.935","22.435","16"
"53","83802","20221005094000","44","2","臺東縣","大武鄉","120.925","22.415","52"
"28","83805","20221005094000","815","0","高雄市","小港區","120.345","22.525","28"
"533","83815","20221005094000","384","2","高雄市","林園區","120.405","22.495","532"
"13","83817","20221005094000","176","0","高雄市","林園區","120.415","22.495","12"
"293","83819","20221005094000","284","1","高雄市","林園區","120.400","22.500","274"
"59","83820","20221005094000","519","0","高雄市","林園區","120.410","22.495","40"
"215","83822","20221005094000","215","1","高雄市","林園區","120.390","22.505","218"
"198","83828","20221005094000","157","2","高雄市","林園區","120.415","22.485","194"
"461","83831","20221005094000","603","0","高雄市","前鎮區","120.315","22.580","473"
"1252","83836","20221005094000","1006","2","高雄市","大寮區","120.405","22.545","1258"
"74","83838","20221005094000","706","0","高雄市","前鎮區","120.300","22.590","66"
"43","83839","20221005094000","245","0","高雄市","前鎮區","120.300","22.585","47"
"570","83840","20221005094000","342","3","高雄市","前鎮區","120.295","22.590","586"
"135","83842","20221005094000","530","0","高雄市","前鎮區","120.305","22.590","122"
"393","83843","20221005094000","258","3","高雄市","前鎮區","120.290","22.595","351"
"1035","83844","20221005094000","674","3","高雄市","前鎮區","120.295","22.595","998"
"210","83845","20221005094000","173","2","高雄市","前鎮區","120.310","22.585","218"
"209","83862","20221005094000","135","3","臺東縣","達仁鄉","120.905","22.475","142"
"160","84086","20221005094000","124","2","臺東縣","達仁鄉","120.885","22.455","140"
"272","84511","20221005094000","248","1","臺東縣","金峰鄉","120.960","22.595","277"
"328","85294","20221005094000","253","2","臺東縣","太麻里鄉","120.960","22.530","284"
"657","85296","20221005094000","500","2","高雄市","林園區","120.410","22.480","696"
"38","85297","20221005094000","20","3","高雄市","林園區","120.395","22.490","24"
"469","85301","20221005094000","369","2","高雄市","林園區","120.360","22.505","481"
"329","85302","20221005094000","287","1","高雄市","林園區","120.365","22.505","346"
"371","85305","20221005094000","929","0","高雄市","小港區","120.335","22.560","317"
"308","85307","20221005094000","237","2","高雄市","鳳山區","120.345","22.585","472"
"429","85308","20221005094000","294","2","高雄市","鳳山區","120.355","22.590","428"
"554","85309","20221005094000","355","3","高雄市","鳳山區","120.360","22.590","548"
"90","85310","20221005094000","325","0","高雄市","鳳山區","120.365","22.590","80"
"1084","85311","20221005094000","937","1","高雄市","鳳山區","120.355","22.595","1047"
"617","85315","20221005094000","477","2","高雄市","鳳山區","120.360","22.595","709"
"337","85322","20221005094000","585","0","高雄市","小港區","120.350","22.560","316"
"342","85323","20221005094000","776","0","高雄市","小港區","120.355","22.560","372"
"1311","85325","20221005094000","1043","2","高雄市","鳳山區","120.360","22.585","1287"
"86","85327","20221005094000","357","0","高雄市","小港區","120.370","22.570","66"
"108","85328","20221005094000","152","0","高雄市","小港區","120.355","22.565","111"
"285","85329","20221005094000","168","3","高雄市","小港區","120.375","22.570","271"
"32","85331","20221005094000","210","0","高雄市","小港區","120.370","22.575","26"
"492","85332","20221005094000","487","1","高雄市","小港區","120.375","22.575","583"
"467","85337","20221005094000","540","0","高雄市","小港區","120.355","22.540","412"
"548","85340","20221005094000","509","1","高雄市","小港區","120.350","22.540","659"
"1103","85343","20221005094000","769","2","高雄市","小港區","120.360","22.540","1052"
"557","85345","20221005094000","378","2","高雄市","小港區","120.340","22.545","739"
"924","85347","20221005094000","689","2","高雄市","小港區","120.350","22.545","942"
"279","85353","20221005094000","258","1","高雄市","小港區","120.350","22.550","295"
"264","85354","20221005094000","263","1","高雄市","小港區","120.355","22.550","315"
"918","85355","20221005094000","840","1","高雄市","小港區","120.360","22.550","957"
"88","85356","20221005094000","177","0","高雄市","小港區","120.345","22.555","97"
"924","85359","20221005094000","783","1","高雄市","小港區","120.355","22.555","901"
"647","85360","20221005094000","479","2","高雄市","小港區","120.345","22.560","697"
"100","85367","20221005094000","139","0","高雄市","小港區","120.345","22.530","101"
"265","85368","20221005094000","208","2","高雄市","小港區","120.350","22.530","275"
"596","85370","20221005094000","594","1","高雄市","小港區","120.355","22.530","658"
"993","85371","20221005094000","918","1","高雄市","小港區","120.360","22.530","953"
"542","85372","20221005094000","786","0","高雄市","小港區","120.335","22.535","548"
"422","85374","20221005094000","368","1","高雄市","小港區","120.345","22.535","389"
"146","85377","20221005094000","189","0","高雄市","小港區(海)","120.330","22.540","197"
"231","85382","20221005094000","554","0","高雄市","小港區","120.320","22.545","262"
"1271","85384","20221005094000","1630","0","高雄市","前鎮區","120.325","22.570","1180"
"877","85385","20221005094000","788","1","高雄市","前鎮區","120.325","22.575","839"
"460","85386","20221005094000","945","0","高雄市","前鎮區","120.315","22.590","494"
"622","85387","20221005094000","553","1","高雄市","前鎮區","120.305","22.595","616"
"593","85389","20221005094000","808","0","高雄市","前鎮區","120.310","22.595","551"
"1378","85391","20221005094000","1236","1","高雄市","前鎮區","120.315","22.575","1402"
"750","85392","20221005094000","618","2","高雄市","前鎮區","120.320","22.575","732"
"839","85393","20221005094000","1315","0","高雄市","前鎮區","120.325","22.580","871"
"1049","85396","20221005094000","745","2","高雄市","前鎮區","120.330","22.585","1035"
"359","85398","20221005094000","588","0","高雄市","鳳山區","120.340","22.585","339"
"226","85400","20221005094000","164","2","臺東縣","太麻里鄉","120.940","22.460","184"
"38","85417","20221005094000","64","0","臺東縣","太麻里鄉","120.950","22.480","48"
"41","85451","20221005094000","43","0","臺東縣","太麻里鄉","120.955","22.510","50"
"181","85475","20221005094000","101","3","臺東縣","太麻里鄉","120.935","22.520","138"
"932","85487","20221005094000","766","2","高雄市","鳳山區","120.325","22.585","828"
"693","85489","20221005094000","452","3","高雄市","鳳山區","120.350","22.590","263"
"891","85490","20221005094000","698","2","高雄市","鳳山區","120.345","22.595","877"
"390","85491","20221005094000","537","0","高雄市","鳳山區","120.330","22.590","391"
"2255","85492","20221005094000","1639","2","高雄市","鳳山區","120.325","22.590","2184"
"895","85493","20221005094000","790","1","高雄市","前鎮區","120.320","22.585","897"
"656","85496","20221005094000","753","0","高雄市","前鎮區","120.330","22.580","589"
"733","85517","20221005094000","791","0","高雄市","大寮區","120.410","22.560","706"
"423","85519","20221005094000","337","2","高雄市","大寮區","120.420","22.560","436"
"1052","85533","20221005094000","783","2","高雄市","大寮區","120.405","22.580","1026"
"1102","85535","20221005094000","740","2","高雄市","鳳山區","120.335","22.595","825"
"99","85536","20221005094000","307","0","高雄市","小港區","120.360","22.570","91"
"644","85537","20221005094000","531","2","高雄市","林園區","120.385","22.490","662"
"390","85543","20221005094000","378","1","高雄市","鳳山區","120.330","22.595","375"
"188","85544","20221005094000","185","1","高雄市","小港區","120.355","22.515","197"
"377","85546","20221005094000","324","1","高雄市","小港區","120.360","22.525","358"
"369","85559","20221005094000","405","0","臺東縣","太麻里鄉","120.965","22.530","374"
"11","85568","20221005094000","52","0","臺東縣","太麻里鄉","120.965","22.535","13"
"28","85590","20221005094000","24","1","臺東縣","太麻里鄉","120.965","22.545","26"
"82","85591","20221005094000","40","3","臺東縣","太麻里鄉","120.970","22.545","107"
"294","85656","20221005094000","141","3","臺東縣","太麻里鄉","120.990","22.575","331"
"83","85660","20221005094000","85","0","臺東縣","太麻里鄉","120.990","22.580","71"
"642","85678","20221005094000","500","2","高雄市","鳳山區","120.350","22.595","780"
"320","85680","20221005094000","374","0","高雄市","鳳山區","120.340","22.595","278"
"450","85681","20221005094000","390","1","高雄市","林園區","120.375","22.500","451"
"1028","85683","20221005094000","841","2","高雄市","林園區","120.385","22.500","1028"
"119","85684","20221005094000","438","0","高雄市","林園區","120.395","22.485","126"
"168","85685","20221005094000","163","1","高雄市","林園區","120.375","22.505","168"
"302","85689","20221005094000","1064","0","高雄市","前鎮區","120.310","22.590","272"
"975","85700","20221005094000","892","1","高雄市","小港區","120.340","22.565","914"
"13","85702","20221005094000","17","0","高雄市","小港區","120.375","22.530","23"
"343","85708","20221005094000","297","1","高雄市","小港區","120.380","22.545","305"
"96","85713","20221005094000","109","0","高雄市","小港區","120.390","22.545","85"
"321","85719","20221005094000","333","0","高雄市","小港區","120.385","22.555","328"
"348","85721","20221005094000","421","0","高雄市","小港區","120.390","22.560","407"
"96","85723","20221005094000","120","0","高雄市","小港區","120.380","22.555","103"
"284","85724","20221005094000","145","3","高雄市","小港區","120.380","22.560","254"
"188","85725","20221005094000","81","3","高雄市","小港區","120.385","22.560","188"
"127","85726","20221005094000","155","0","高雄市","小港區","120.380","22.565","125"
"411","85728","20221005094000","284","2","高雄市","大寮區","120.400","22.590","368"
"709","85729","20221005094000","717","0","高雄市","大寮區","120.390","22.595","702"
"101","85731","20221005094000","84","2","高雄市","大寮區","120.415","22.535","103"
"134","85751","20221005094000","83","3","高雄市","大寮區","120.425","22.555","125"
"204","85754","20221005094000","155","2","高雄市","大寮區","120.425","22.560","216"
"2429","85755","20221005094000","1709","2","高雄市","前鎮區","120.315","22.585","2471"
"349","85756","20221005094000","209","3","高雄市","前鎮區","120.305","22.585","336"
"423","85758","20221005094000","862","0","高雄市","小港區","120.345","22.570","441"
"89","85759","20221005094000","1127","0","高雄市","小港區","120.350","22.570","54"
"46","85764","20221005094000","308","0","高雄市","小港區","120.350","22.575","41"
"173","85768","20221005094000","199","0","高雄市","小港區","120.350","22.580","178"
"406","85770","20221005094000","734","0","高雄市","鳳山區","120.350","22.585","418"
"1573","85771","20221005094000","1494","1","高雄市","鳳山區","120.355","22.585","1405"
"1471","85772","20221005094000","1555","0","高雄市","小港區","120.350","22.565","1503"
"28","85776","20221005094000","86","0","高雄市","小港區","120.325","22.565","24"
"766","85777","20221005094000","736","1","高雄市","小港區","120.330","22.565","744"
"629","85778","20221005094000","555","1","高雄市","前鎮區","120.330","22.570","675"
"822","85779","20221005094000","755","1","高雄市","小港區","120.335","22.570","811"
"287","85780","20221005094000","203","2","高雄市","小港區","120.335","22.565","289"
"19","85783","20221005094000","295","0","高雄市","小港區","120.360","22.515","15"
"334","85790","20221005094000","331","1","高雄市","鳳山區","120.340","22.590","355"
"285","85791","20221005094000","226","2","高雄市","鳳山區","120.345","22.590","317"
"1047","85793","20221005094000","949","1","高雄市","鳳山區","120.335","22.590","1049"
"436","85794","20221005094000","259","3","高雄市","前鎮區","120.335","22.585","412"
"33","85806","20221005094000","145","0","高雄市","小港區(海)","120.330","22.550","69"
"333","85816","20221005094000","266","2","高雄市","小港區(海)","120.315","22.550","285"
"261","85817","20221005094000","201","2","高雄市","旗津區","120.310","22.555","257"
"50","85821","20221005094000","71","0","高雄市","旗津區(海)","120.300","22.575","40"
"24","85823","20221005094000","58","0","高雄市","前鎮區(海)","120.295","22.585","32"
"217","85826","20221005094000","392","0","高雄市","旗津區(海)","120.295","22.580","201"
"391","85827","20221005094000","221","3","高雄市","旗津區","120.290","22.585","403"
"23","85829","20221005094000","79","0","高雄市","大寮區","120.430","22.560","22"
"10","85834","20221005094000","46","0","高雄市","大寮區","120.430","22.565","11"
"157","85835","20221005094000","95","3","高雄市","大寮區","120.435","22.565","155"
"325","85837","20221005094000","252","2","高雄市","大寮區","120.420","22.570","336"
"893","85839","20221005094000","779","1","高雄市","大寮區","120.430","22.570","835"
"257","85845","20221005094000","216","1","高雄市","大寮區","120.435","22.580","259"
"252","85858","20221005094000","242","1","高雄市","大寮區","120.410","22.575","257"
"407","85859","20221005094000","403","1","高雄市","大寮區","120.415","22.575","428"
"234","85864","20221005094000","241","0","高雄市","大寮區","120.420","22.580","228"
"1073","85865","20221005094000","925","1","高雄市","大寮區","120.425","22.580","1056"
"101","85866","20221005094000","1235","0","高雄市","大寮區","120.430","22.580","84"
"263","85867","20221005094000","272","0","高雄市","大寮區","120.425","22.585","275"
"302","85869","20221005094000","329","0","高雄市","大寮區","120.435","22.585","314"
"38","85872","20221005094000","587","0","高雄市","大寮區","120.425","22.590","34"
"889","85873","20221005094000","850","1","高雄市","大寮區","120.430","22.590","893"
"31","85880","20221005094000","282","0","高雄市","大寮區","120.400","22.595","27"
"608","85881","20221005094000","517","1","高雄市","大寮區","120.405","22.595","595"
"436","85887","20221005094000","501","0","高雄市","前鎮區","120.320","22.570","438"
"154","85888","20221005094000","167","0","高雄市","前鎮區(海)","120.305","22.575","138"
"189","85894","20221005094000","365","0","高雄市","小港區","120.365","22.585","173"
"892","85896","20221005094000","682","2","高雄市","前鎮區","120.320","22.590","918"
"371","85897","20221005094000","402","0","高雄市","林園區","120.395","22.505","379"
"1664","85898","20221005094000","1246","2","高雄市","林園區","120.395","22.510","1690"
"262","85910","20221005094000","233","1","高雄市","林園區","120.405","22.500","252"
"438","85911","20221005094000","372","1","高雄市","林園區","120.410","22.500","406"
"475","85915","20221005094000","442","1","高雄市","林園區","120.405","22.505","465"
"240","85916","20221005094000","291","0","高雄市","林園區","120.410","22.505","243"
"261","85920","20221005094000","217","2","高雄市","林園區","120.405","22.510","215"
"531","85929","20221005094000","375","2","高雄市","林園區","120.405","22.520","474"
"216","85936","20221005094000","197","1","高雄市","林園區","120.390","22.525","216"
"90","85937","20221005094000","146","0","高雄市","林園區","120.395","22.525","83"
"15","85940","20221005094000","14","1","高雄市","林園區","120.410","22.525","17"
"36","85945","20221005094000","484","0","高雄市","前鎮區","120.300","22.595","33"
"873","85946","20221005094000","559","3","高雄市","前鎮區","120.325","22.600","725"
"117","85948","20221005094000","384","0","高雄市","林園區","120.390","22.510","109"
"233","85950","20221005094000","151","3","高雄市","林園區","120.400","22.480","216"
"333","85953","20221005094000","184","3","高雄市","旗津區","120.310","22.560","481"
"106","85954","20221005094000","104","1","高雄市","旗津區","120.305","22.565","128"
"294","85955","20221005094000","360","0","高雄市","旗津區","120.300","22.570","261"
"35","85960","20221005094000","210","0","高雄市","林園區","120.395","22.530","39"
"160","85961","20221005094000","189","0","高雄市","林園區","120.400","22.530","179"
"23","85963","20221005094000","24","0","高雄市","林園區","120.385","22.505","16"
"82","85971","20221005094000","234","0","高雄市","旗津區","120.280","22.595","67"
"424","85972","20221005094000","316","2","高雄市","旗津區","120.285","22.585","427"
"293","85975","20221005094000","213","2","高雄市","旗津區","120.285","22.590","290"
"482","85978","20221005094000","411","1","高雄市","林園區","120.390","22.500","469"
"65","85982","20221005094000","601","0","高雄市","林園區","120.380","22.500","58"
"79","85983","20221005094000","779","0","高雄市","林園區","120.395","22.500","84"
"37","85988","20221005094000","108","0","高雄市","林園區","120.395","22.535","37"
"308","85989","20221005094000","196","3","高雄市","林園區","120.400","22.535","313"
"168","88407","20221005094000","261","0","高雄市","鼓山區","120.260","22.625","218"
"38","90458","20221005094000","26","2","臺東縣","綠島鄉","121.470","22.645","40"
"187","93129","20221005094000","122","3","臺東縣","綠島鄉","121.485","22.680","231"
"412","94971","20221005094000","361","1","高雄市","左營區","120.275","22.700","518"
"44","97490","20221005094000","446","0","屏東縣","屏東市","120.480","22.650","41"
"255","97491","20221005094000","218","1","屏東縣","屏東市","120.485","22.650","266"
"205","97497","20221005094000","278","0","屏東縣","屏東市","120.485","22.645","223"
"18","97500","20221005094000","23","0","屏東縣","屏東市","120.500","22.660","18"
"474","97501","20221005094000","376","2","屏東縣","屏東市","120.500","22.665","460"
"60","97502","20221005094000","314","0","屏東縣","九如鄉","120.490","22.730","33"
"1100","97503","20221005094000","691","3","屏東縣","九如鄉","120.490","22.735","1068"
"668","97504","20221005094000","392","3","屏東縣","九如鄉","120.490","22.710","667"
"54","97506","20221005094000","63","0","屏東縣","九如鄉","120.490","22.715","43"
"16","97509","20221005094000","29","0","屏東縣","九如鄉","120.495","22.720","17"
"75","97516","20221005094000","252","0","屏東縣","九如鄉","120.500","22.735","59"
"13","97518","20221005094000","122","0","屏東縣","九如鄉","120.505","22.735","13"
"316","97519","20221005094000","238","2","屏東縣","屏東市","120.475","22.655","306"
"241","97520","20221005094000","148","3","屏東縣","屏東市","120.480","22.655","240"
"132","97527","20221005094000","82","3","屏東縣","屏東市","120.450","22.635","151"
"149","97528","20221005094000","158","0","屏東縣","屏東市","120.455","22.635","134"
"106","97529","20221005094000","102","1","屏東縣","屏東市","120.460","22.635","128"
"118","97534","20221005094000","137","0","屏東縣","屏東市","120.455","22.640","111"
"19","97542","20221005094000","17","1","屏東縣","屏東市","120.495","22.625","22"
"488","97544","20221005094000","397","2","屏東縣","屏東市","120.505","22.625","545"
"1354","97550","20221005094000","1255","1","屏東縣","長治鄉","120.510","22.680","1311"
"12","97551","20221005094000","18","0","屏東縣","屏東市","120.475","22.665","12"
"773","97552","20221005094000","544","2","屏東縣","屏東市","120.485","22.670","720"
"88","97565","20221005094000","45","3","屏東縣","內埔鄉","120.570","22.650","99"
"30","97566","20221005094000","164","0","屏東縣","內埔鄉","120.575","22.650","24"
"85","97567","20221005094000","88","0","屏東縣","內埔鄉","120.560","22.655","79"
"296","97588","20221005094000","204","2","屏東縣","屏東市","120.505","22.690","300"
"1093","97589","20221005094000","1438","0","屏東縣","屏東市","120.495","22.685","1053"
"15","97597","20221005094000","195","0","屏東縣","屏東市","120.510","22.700","18"
"149","97598","20221005094000","126","1","屏東縣","屏東市","120.495","22.705","134"
"105","97600","20221005094000","39","3","屏東縣","屏東市","120.505","22.705","115"
"1100","97606","20221005094000","869","2","屏東縣","屏東市","120.475","22.660","1051"
"148","97607","20221005094000","291","0","屏東縣","屏東市","120.480","22.660","145"
"1288","97613","20221005094000","924","2","屏東縣","屏東市","120.475","22.690","1289"
"70","97614","20221005094000","107","0","屏東縣","屏東市","120.470","22.690","73"
"69","97625","20221005094000","50","2","屏東縣","屏東市","120.485","22.700","77"
"365","97627","20221005094000","221","3","屏東縣","屏東市","120.480","22.670","303"
"624","97628","20221005094000","672","0","屏東縣","屏東市","120.495","22.670","646"
"387","97638","20221005094000","387","1","屏東縣","竹田鄉","120.525","22.605","429"
"713","97642","20221005094000","675","1","屏東縣","屏東市","120.495","22.665","724"
"346","97643","20221005094000","351","0","屏東縣","屏東市","120.480","22.640","356"
"431","97654","20221005094000","290","2","屏東縣","鹽埔鄉","120.605","22.725","432"
"34","97655","20221005094000","55","0","屏東縣","屏東市","120.500","22.650","24"
"38","97656","20221005094000","35","1","屏東縣","屏東市","120.505","22.650","33"
"418","97657","20221005094000","312","2","屏東縣","屏東市","120.480","22.675","421"
"1920","97658","20221005094000","1390","2","屏東縣","屏東市","120.490","22.655","1870"
"511","97660","20221005094000","436","1","屏東縣","屏東市","120.490","22.660","511"
"185","97661","20221005094000","119","3","屏東縣","屏東市","120.495","22.660","176"
"281","97663","20221005094000","153","3","屏東縣","屏東市","120.460","22.665","249"
"148","97701","20221005094000","1151","0","屏東縣","鹽埔鄉","120.540","22.730","129"
"47","97715","20221005094000","264","0","屏東縣","鹽埔鄉","120.555","22.735","52"
"65","97722","20221005094000","241","0","屏東縣","鹽埔鄉","120.520","22.735","50"
"13","97743","20221005094000","23","0","屏東縣","長治鄉","120.525","22.690","11"
"97","97744","20221005094000","252","0","屏東縣","長治鄉","120.530","22.690","77"
"43","97746","20221005094000","37","1","屏東縣","長治鄉","120.530","22.695","49"
"44","97752","20221005094000","379","0","屏東縣","屏東市","120.485","22.655","55"
"800","97754","20221005094000","754","1","屏東縣","屏東市","120.490","22.675","812"
"401","97761","20221005094000","1195","0","屏東縣","屏東市","120.470","22.655","434"
"32","97765","20221005094000","28","1","屏東縣","屏東市","120.510","22.645","27"
"1221","97771","20221005094000","1516","0","屏東縣","屏東市","120.495","22.680","1240"
"2165","97772","20221005094000","1152","3","屏東縣","屏東市","120.495","22.675","2148"
"275","97773","20221005094000","387","0","屏東縣","屏東市","120.500","22.685","232"
"2015","97774","20221005094000","1638","2","屏東縣","屏東市","120.505","22.685","2016"
"855","97775","20221005094000","678","2","屏東縣","屏東市","120.510","22.685","826"
"827","97777","20221005094000","780","1","屏東縣","屏東市","120.500","22.675","804"
"320","97783","20221005094000","72","3","屏東縣","內埔鄉","120.600","22.650","332"
"1138","97786","20221005094000","894","2","屏東縣","內埔鄉","120.615","22.650","1194"
"196","97791","20221005094000","617","0","屏東縣","內埔鄉","120.600","22.660","187"
"348","97800","20221005094000","202","3","屏東縣","麟洛鄉","120.535","22.650","302"
"392","97814","20221005094000","210","3","屏東縣","麟洛鄉","120.550","22.660","364"
"71","97818","20221005094000","76","0","屏東縣","麟洛鄉","120.535","22.665","70"
"47","97823","20221005094000","43","1","屏東縣","麟洛鄉","120.515","22.640","54"
"272","97842","20221005094000","204","2","屏東縣","麟洛鄉","120.520","22.645","303"
"60","97849","20221005094000","648","0","屏東縣","麟洛鄉","120.525","22.650","34"
"82","97851","20221005094000","400","0","屏東縣","麟洛鄉","120.520","22.655","87"
"69","97914","20221005094000","269","0","屏東縣","萬丹鄉","120.460","22.595","72"
"834","97916","20221005094000","491","3","屏東縣","屏東市","120.490","22.680","887"
"1572","97917","20221005094000","1515","1","屏東縣","屏東市","120.490","22.685","1625"
"1248","97918","20221005094000","883","2","屏東縣","屏東市","120.490","22.690","1244"
"711","97919","20221005094000","820","0","屏東縣","屏東市","120.505","22.670","671"
"1011","97920","20221005094000","1179","0","屏東縣","長治鄉","120.510","22.670","1031"
"171","97925","20221005094000","364","0","屏東縣","長治鄉","120.545","22.690","159"
"405","97947","20221005094000","305","2","屏東縣","屏東市","120.475","22.680","378"
"157","97948","20221005094000","319","0","屏東縣","屏東市","120.480","22.680","134"
"489","97953","20221005094000","635","0","屏東縣","屏東市","120.465","22.685","477"
"215","97954","20221005094000","152","2","屏東縣","屏東市","120.470","22.685","217"
"158","97955","20221005094000","325","0","屏東縣","屏東市","120.475","22.685","164"
"1736","97964","20221005094000","1616","1","屏東縣","屏東市","120.510","22.655","1903"
"674","97965","20221005094000","980","0","屏東縣","屏東市","120.505","22.660","687"
"216","97967","20221005094000","542","0","屏東縣","屏東市","120.515","22.660","191"
"826","97969","20221005094000","1008","0","屏東縣","屏東市","120.505","22.665","794"
"11","97973","20221005094000","10","1","屏東縣","屏東市","120.495","22.650","11"
"80","97974","20221005094000","1351","0","屏東縣","屏東市","120.505","22.675","46"
"294","97978","20221005094000","254","1","屏東縣","屏東市","120.475","22.670","290"
"34","97984","20221005094000","466","0","屏東縣","萬丹鄉","120.485","22.610","22"
"403","97985","20221005094000","181","3","屏東縣","萬丹鄉","120.490","22.610","399"
"56","97991","20221005094000","208","0","屏東縣","萬丹鄉","120.490","22.620","46"
"72","98035","20221005094000","91","0","屏東縣","泰武鄉","120.700","22.610","78"
"51","98173","20221005094000","118","0","屏東縣","泰武鄉","120.640","22.625","50"
"166","98233","20221005094000","452","0","屏東縣","萬丹鄉","120.470","22.620","220"
"221","98245","20221005094000","95","3","屏東縣","萬丹鄉","120.470","22.610","238"
"57","98249","20221005094000","195","0","屏東縣","內埔鄉","120.600","22.675","56"
"171","98252","20221005094000","71","3","屏東縣","內埔鄉","120.585","22.640","156"
"68","98255","20221005094000","523","0","屏東縣","內埔鄉","120.590","22.645","85"
"15","98264","20221005094000","136","0","屏東縣","瑪家鄉","120.645","22.695","17"
"205","98266","20221005094000","137","2","屏東縣","瑪家鄉","120.650","22.700","192"
"278","98270","20221005094000","284","0","屏東縣","內埔鄉","120.645","22.705","280"
"980","98276","20221005094000","599","3","屏東縣","內埔鄉","120.565","22.635","930"
"213","98277","20221005094000","159","2","屏東縣","內埔鄉","120.545","22.640","218"
"1007","98281","20221005094000","1030","0","屏東縣","麟洛鄉","120.540","22.645","989"
"11","98288","20221005094000","15","0","屏東縣","內埔鄉","120.550","22.645","11"
"327","98298","20221005094000","446","0","屏東縣","內埔鄉","120.555","22.600","307"
"857","98309","20221005094000","561","3","屏東縣","內埔鄉","120.595","22.630","860"
"697","98311","20221005094000","166","3","屏東縣","內埔鄉","120.590","22.635","678"
"154","98316","20221005094000","625","0","屏東縣","內埔鄉","120.600","22.640","127"
"77","98321","20221005094000","222","0","屏東縣","內埔鄉","120.605","22.645","90"
"102","98322","20221005094000","1110","0","屏東縣","內埔鄉","120.610","22.645","78"
"115","98328","20221005094000","96","1","屏東縣","瑪家鄉","120.630","22.650","149"
"22","98341","20221005094000","260","0","屏東縣","內埔鄉","120.580","22.620","25"
"12","98344","20221005094000","12","1","屏東縣","竹田鄉","120.535","22.625","10"
"18","98346","20221005094000","21","0","屏東縣","內埔鄉","120.545","22.630","27"
"53","98348","20221005094000","278","0","屏東縣","內埔鄉","120.540","22.635","66"
"33","98355","20221005094000","31","1","屏東縣","內埔鄉","120.635","22.685","26"
"271","98362","20221005094000","184","2","屏東縣","內埔鄉","120.640","22.695","295"
"92","98378","20221005094000","348","0","屏東縣","長治鄉","120.550","22.680","88"
"55","98380","20221005094000","24","3","屏東縣","長治鄉","120.540","22.685","41"
"332","98392","20221005094000","518","0","屏東縣","長治鄉","120.550","22.695","274"
"154","98396","20221005094000","54","3","屏東縣","長治鄉","120.535","22.705","138"
"65","98403","20221005094000","46","2","屏東縣","長治鄉","120.525","22.710","62"
"613","98405","20221005094000","986","0","屏東縣","長治鄉","120.535","22.710","571"
"22","98406","20221005094000","282","0","屏東縣","長治鄉","120.540","22.710","33"
"454","98407","20221005094000","171","3","屏東縣","長治鄉","120.545","22.710","454"
"133","98408","20221005094000","413","0","屏東縣","長治鄉","120.525","22.715","113"
"98","98410","20221005094000","417","0","屏東縣","長治鄉","120.535","22.715","91"
"118","98418","20221005094000","327","0","屏東縣","萬丹鄉","120.470","22.615","101"
"80","98422","20221005094000","166","0","屏東縣","萬丹鄉","120.520","22.595","78"
"183","98443","20221005094000","180","1","屏東縣","屏東市","120.495","22.640","178"
"251","98446","20221005094000","252","0","屏東縣","屏東市","120.490","22.645","270"
"483","98453","20221005094000","299","3","屏東縣","屏東市","120.485","22.625","474"
"467","98457","20221005094000","432","1","屏東縣","屏東市","120.480","22.635","453"
"44","98458","20221005094000","44","1","屏東縣","屏東市","120.485","22.635","51"
"463","98459","20221005094000","367","2","屏東縣","屏東市","120.490","22.635","413"
"17","98460","20221005094000","317","0","屏東縣","屏東市","120.485","22.640","13"
"86","98462","20221005094000","594","0","屏東縣","內埔鄉","120.565","22.610","85"
"82","98463","20221005094000","58","2","屏東縣","內埔鄉","120.570","22.610","71"
"776","98464","20221005094000","738","1","屏東縣","內埔鄉","120.570","22.615","771"
"473","98467","20221005094000","610","0","屏東縣","內埔鄉","120.560","22.605","456"
"67","98471","20221005094000","880","0","屏東縣","內埔鄉","120.560","22.600","58"
"181","98472","20221005094000","305","0","屏東縣","內埔鄉","120.565","22.600","172"
"15","98477","20221005094000","10","3","屏東縣","內埔鄉","120.580","22.665","15"
"83","98486","20221005094000","242","0","屏東縣","內埔鄉","120.595","22.675","75"
"847","98496","20221005094000","933","0","屏東縣","屏東市","120.485","22.685","821"
"755","98497","20221005094000","410","3","屏東縣","屏東市","120.480","22.690","784"
"563","98498","20221005094000","576","0","屏東縣","屏東市","120.485","22.690","548"
"641","98502","20221005094000","615","1","屏東縣","內埔鄉","120.545","22.625","636"
"746","98532","20221005094000","645","1","屏東縣","內埔鄉","120.560","22.620","739"
"662","98533","20221005094000","451","2","屏東縣","內埔鄉","120.565","22.620","667"
"28","98538","20221005094000","20","2","屏東縣","內埔鄉","120.565","22.625","26"
"14","98542","20221005094000","20","0","屏東縣","內埔鄉","120.615","22.685","12"
"34","98544","20221005094000","233","0","屏東縣","內埔鄉","120.600","22.690","25"
"335","98558","20221005094000","318","1","屏東縣","內埔鄉","120.610","22.700","327"
"24","98563","20221005094000","12","3","屏東縣","內埔鄉","120.600","22.665","19"
"13","98565","20221005094000","117","0","屏東縣","內埔鄉","120.595","22.670","13"
"84","98566","20221005094000","19","3","屏東縣","內埔鄉","120.600","22.670","86"
"467","98589","20221005094000","347","2","屏東縣","屏東市","120.505","22.695","419"
"673","98591","20221005094000","713","0","屏東縣","屏東市","120.445","22.640","692"
"378","98594","20221005094000","358","1","屏東縣","屏東市","120.460","22.640","334"
"51","98596","20221005094000","274","0","屏東縣","屏東市","120.445","22.645","47"
"547","98598","20221005094000","490","1","屏東縣","屏東市","120.455","22.645","504"
"296","98607","20221005094000","230","2","屏東縣","屏東市","120.465","22.650","306"
"26","98616","20221005094000","35","0","屏東縣","屏東市","120.445","22.660","23"
"313","98633","20221005094000","353","0","屏東縣","三地門鄉","120.640","22.715","276"
"441","98636","20221005094000","409","1","屏東縣","三地門鄉","120.655","22.715","416"
"175","98648","20221005094000","146","1","屏東縣","三地門鄉","120.670","22.720","174"
"27","98661","20221005094000","38","0","屏東縣","三地門鄉","120.640","22.735","52"
"284","98723","20221005094000","264","1","屏東縣","屏東市","120.495","22.690","306"
"474","98724","20221005094000","318","2","屏東縣","屏東市","120.500","22.690","457"
"748","98725","20221005094000","672","1","屏東縣","屏東市","120.480","22.665","747"
"689","98726","20221005094000","486","2","屏東縣","屏東市","120.495","22.695","700"
"321","98729","20221005094000","282","1","屏東縣","屏東市","120.500","22.695","282"
"1666","98734","20221005094000","1015","3","屏東縣","屏東市","120.490","22.670","1726"
"99","98776","20221005094000","58","3","屏東縣","萬巒鄉","120.625","22.630","97"
"97","98782","20221005094000","55","3","屏東縣","萬巒鄉","120.625","22.640","105"
"76","98803","20221005094000","71","1","屏東縣","萬巒鄉","120.615","22.605","61"
"592","98804","20221005094000","339","3","屏東縣","萬巒鄉","120.620","22.605","763"
"65","98822","20221005094000","43","3","屏東縣","長治鄉","120.535","22.670","58"
"1121","98826","20221005094000","679","3","屏東縣","長治鄉","120.525","22.675","1084"
"198","98837","20221005094000","178","1","屏東縣","長治鄉","120.515","22.685","183"
"32","98842","20221005094000","755","0","屏東縣","長治鄉","120.510","22.665","30"
"352","98843","20221005094000","355","0","屏東縣","長治鄉","120.515","22.665","380"
"27","98844","20221005094000","47","0","屏東縣","長治鄉","120.520","22.665","30"
"600","98968","20221005094000","236","3","屏東縣","瑪家鄉","120.670","22.675","594"
"89","99003","20221005094000","81","1","屏東縣","瑪家鄉","120.655","22.705","86"
"15","99033","20221005094000","19","0","屏東縣","瑪家鄉","120.690","22.680","23"
"91","99078","20221005094000","116","0","屏東縣","瑪家鄉","120.640","22.685","170"
"24","99093","20221005094000","16","3","屏東縣","麟洛鄉","120.525","22.630","18"
"18","99094","20221005094000","240","0","屏東縣","竹田鄉","120.530","22.630","18"
"427","99099","20221005094000","319","2","屏東縣","竹田鄉","120.535","22.640","482"
"14","99104","20221005094000","22","0","屏東縣","竹田鄉","120.545","22.600","11"
"195","99110","20221005094000","214","0","屏東縣","竹田鄉","120.520","22.615","199"
"23","99116","20221005094000","252","0","屏東縣","竹田鄉","120.525","22.620","17"
"125","99293","20221005094000","440","0","屏東縣","萬丹鄉","120.465","22.605","108"
"377","99294","20221005094000","158","3","屏東縣","萬丹鄉","120.470","22.605","389"
"75","99299","20221005094000","497","0","屏東縣","萬丹鄉","120.495","22.595","83"
"404","99310","20221005094000","400","1","屏東縣","長治鄉","120.520","22.680","402"
"38","99313","20221005094000","74","0","屏東縣","長治鄉","120.525","22.685","42"
"71","99317","20221005094000","437","0","屏東縣","長治鄉","120.565","22.670","78"
"968","99340","20221005094000","395","3","屏東縣","長治鄉","120.590","22.695","911"
"317","99352","20221005094000","374","0","屏東縣","長治鄉","120.575","22.705","341"
"198","99358","20221005094000","128","3","屏東縣","長治鄉","120.580","22.710","203"
"66","99371","20221005094000","43","3","屏東縣","鹽埔鄉","120.580","22.720","66"
"240","99390","20221005094000","142","3","屏東縣","長治鄉","120.570","22.700","237"
"11","99551","20221005094000","27","0","屏東縣","霧台鄉","120.755","22.730","24"
"46","99607","20221005094000","27","3","屏東縣","高樹鄉","120.630","22.735","52"
"151","99617","20221005094000","53","3","屏東縣","萬丹鄉","120.450","22.620","131"
"70","99627","20221005094000","284","0","屏東縣","萬丹鄉","120.465","22.625","66"
"36","99670","20221005094000","129","0","屏東縣","九如鄉","120.485","22.735","42"
"1108","99671","20221005094000","1225","0","屏東縣","屏東市","120.490","22.665","1037"
"24","99677","20221005094000","44","0","屏東縣","屏東市","120.485","22.705","26"
"19","99680","20221005094000","103","0","屏東縣","九如鄉","120.480","22.710","23"
"703","99690","20221005094000","282","3","屏東縣","九如鄉","120.520","22.710","738"
"24","99705","20221005094000","120","0","屏東縣","九如鄉","120.505","22.725","36"
"288","99716","20221005094000","212","2","臺東縣","綠島鄉","121.470","22.670","334"
"271","99719","20221005094000","183","2","臺東縣","綠島鄉","121.470","22.675","259"
"39","99724","20221005094000","26","3","臺東縣","綠島鄉","121.495","22.640","38"
"61","99732","20221005094000","45","2","臺東縣","綠島鄉","121.500","22.645","50"
"100","99739","20221005094000","40","3","臺東縣","綠島鄉","121.505","22.655","99"
"198","99759","20221005094000","140","2","臺東縣","綠島鄉","121.490","22.675","193"
"44","99760","20221005094000","68","0","臺東縣","綠島鄉","121.495","22.675","46"
"117","99762","20221005094000","67","3","臺東縣","綠島鄉","121.505","22.675","94"
"78","99767","20221005094000","76","1","臺東縣","綠島鄉","121.475","22.650","115"
"94","99769","20221005094000","90","1","臺東縣","綠島鄉","121.485","22.650","119"
"308","99774","20221005094000","255","2","臺東縣","綠島鄉","121.475","22.660","285"
"168","99777","20221005094000","109","3","臺東縣","綠島鄉","121.470","22.665","184"
"616","99779","20221005094000","474","2","臺東縣","綠島鄉","121.465","22.670","656"
"447","99780","20221005094000","355","2","高雄市","楠梓區","120.295","22.715","438"
"350","99782","20221005094000","514","0","高雄市","楠梓區","120.305","22.710","351"
"1071","99783","20221005094000","885","2","高雄市","楠梓區","120.300","22.715","1009"
"1497","99784","20221005094000","1165","2","高雄市","楠梓區","120.305","22.715","1457"
"152","99785","20221005094000","486","0","高雄市","楠梓區","120.310","22.715","131"
"1237","99787","20221005094000","1368","0","高雄市","前金區","120.290","22.625","1205"
"1437","99788","20221005094000","1347","1","高雄市","前金區","120.300","22.620","1451"
"477","99792","20221005094000","401","1","臺東縣","臺東市","121.050","22.705","448"
"328","99796","20221005094000","326","1","臺東縣","臺東市","121.040","22.705","277"
"742","99800","20221005094000","534","2","臺東縣","臺東市","121.045","22.710","778"
"20","99817","20221005094000","254","0","臺東縣","臺東市","121.060","22.710","20"
"740","99819","20221005094000","788","0","臺東縣","臺東市","121.070","22.710","639"
"185","99837","20221005094000","80","3","臺東縣","臺東市","121.070","22.720","186"
"58","99854","20221005094000","92","0","臺東縣","臺東市","121.085","22.730","50"
"80","99856","20221005094000","85","0","高雄市","大寮區","120.415","22.620","92"
"173","99859","20221005094000","100","3","高雄市","大寮區","120.430","22.620","137"
"431","99862","20221005094000","447","0","高雄市","大寮區","120.425","22.625","454"
"10","99866","20221005094000","131","0","高雄市","大寮區","120.420","22.630","13"
"1786","99875","20221005094000","1359","2","高雄市","鳥松區","120.335","22.655","1898"
"679","99876","20221005094000","902","0","高雄市","前鎮區","120.315","22.595","677"
"1179","99877","20221005094000","1239","0","高雄市","三民區","120.320","22.670","1205"
"309","99885","20221005094000","234","2","臺東縣","臺東市","121.055","22.725","283"
"885","99892","20221005094000","988","0","高雄市","前鎮區","120.305","22.605","905"
"1220","99893","20221005094000","842","2","高雄市","前鎮區","120.315","22.615","1187"
"1298","99894","20221005094000","999","2","高雄市","前鎮區","120.305","22.600","1262"
"1072","99895","20221005094000","1212","0","高雄市","前鎮區","120.330","22.610","1085"
"161","99897","20221005094000","258","0","高雄市","仁武區","120.330","22.705","174"
"1433","99898","20221005094000","1444","0","高雄市","仁武區","120.335","22.705","1248"
"1161","99899","20221005094000","976","1","高雄市","仁武區","120.330","22.710","1191"
"867","99900","20221005094000","524","3","高雄市","仁武區","120.335","22.710","845"
"50","99901","20221005094000","69","0","高雄市","仁武區","120.330","22.715","51"
"707","99902","20221005094000","880","0","高雄市","楠梓區","120.330","22.720","630"
"18","99903","20221005094000","17","1","高雄市","三民區","120.290","22.640","27"
"53","99905","20221005094000","750","0","高雄市","仁武區","120.355","22.680","51"
"208","99906","20221005094000","1072","0","高雄市","仁武區","120.355","22.685","220"
"577","99908","20221005094000","514","1","高雄市","仁武區","120.345","22.685","581"
"491","99912","20221005094000","444","1","高雄市","仁武區","120.365","22.690","469"
"47","99913","20221005094000","34","2","高雄市","仁武區","120.370","22.690","53"
"205","99914","20221005094000","173","1","高雄市","仁武區","120.375","22.690","211"
"148","99919","20221005094000","77","3","高雄市","仁武區","120.375","22.695","139"
"937","99924","20221005094000","815","1","高雄市","仁武區","120.365","22.700","878"
"310","99927","20221005094000","218","2","高雄市","仁武區","120.380","22.700","303"
"407","99930","20221005094000","287","2","高雄市","仁武區","120.395","22.700","405"
"2312","99933","20221005094000","2405","0","高雄市","鹽埕區","120.285","22.630","2233"
"1310","99935","20221005094000","1612","0","高雄市","楠梓區","120.325","22.725","1188"
"49","99936","20221005094000","199","0","高雄市","楠梓區","120.315","22.735","58"
"703","99937","20221005094000","509","2","高雄市","楠梓區","120.320","22.730","651"
"1372","99940","20221005094000","1146","1","高雄市","楠梓區","120.300","22.710","1338"
"1581","99941","20221005094000","1604","0","高雄市","三民區","120.320","22.650","1488"
"3585","99942","20221005094000","3718","0","高雄市","前金區","120.295","22.630","3310"
"743","99943","20221005094000","956","0","高雄市","三民區","120.290","22.645","753"
"63","99944","20221005094000","1230","0","高雄市","鳳山區","120.375","22.635","105"
"1823","99945","20221005094000","1290","2","高雄市","鳳山區","120.365","22.625","1797"
"761","99946","20221005094000","620","2","高雄市","鳳山區","120.370","22.625","695"
"39","99951","20221005094000","246","0","高雄市","大樹區","120.420","22.695","31"
"35","99953","20221005094000","25","2","高雄市","大樹區","120.425","22.700","28"
"12","99955","20221005094000","11","1","高雄市","大樹區","120.430","22.730","12"
"34","99958","20221005094000","48","0","高雄市","大樹區","120.425","22.735","41"
"174","99973","20221005094000","140","2","高雄市","大樹區","120.400","22.700","168"
"354","99976","20221005094000","426","0","高雄市","大社區","120.340","22.725","343"
"173","99979","20221005094000","276","0","高雄市","大社區","120.345","22.725","186"
"95","99983","20221005094000","808","0","高雄市","左營區","120.300","22.685","111"
"29","99984","20221005094000","449","0","高雄市","左營區","120.305","22.690","27"
"2038","99985","20221005094000","2009","1","高雄市","左營區","120.310","22.685","1960"
"1339","99987","20221005094000","733","3","高雄市","左營區","120.315","22.690","1255"
"1175","99989","20221005094000","1088","1","高雄市","新興區","120.305","22.630","1246"
"113","99990","20221005094000","186","0","高雄市","大寮區","120.385","22.615","100"
"594","99993","20221005094000","696","0","高雄市","大寮區","120.380","22.620","607"
"341","99994","20221005094000","210","3","高雄市","大寮區","120.385","22.620","379"
"79","99999","20221005094000","39","3","高雄市","大寮區","120.375","22.600","68"
"1844","100002","20221005094000","2077","0","高雄市","三民區","120.295","22.635","1801"
"893","100003","20221005094000","926","0","高雄市","前金區","120.300","22.625","842"
"2157","100004","20221005094000","2383","0","高雄市","新興區","120.300","22.630","2096"
"854","100005","20221005094000","2151","0","高雄市","大寮區","120.385","22.600","900"
"585","100007","20221005094000","547","1","高雄市","大寮區","120.385","22.610","563"
"700","100010","20221005094000","1109","0","高雄市","苓雅區","120.330","22.625","663"
"2640","100011","20221005094000","2463","1","高雄市","鳳山區","120.360","22.635","2718"
"577","100012","20221005094000","831","0","高雄市","鳳山區","120.365","22.630","568"
"470","100013","20221005094000","387","2","高雄市","鳳山區","120.375","22.640","459"
"355","100014","20221005094000","1159","0","高雄市","鳳山區","120.350","22.615","380"
"2781","100015","20221005094000","2255","2","高雄市","楠梓區","120.300","22.725","2887"
"1077","100016","20221005094000","838","2","高雄市","橋頭區","120.300","22.730","1038"
"748","100017","20221005094000","1475","0","高雄市","橋頭區","120.305","22.730","735"
"650","100019","20221005094000","1140","0","高雄市","鳳山區","120.345","22.615","652"
"670","100021","20221005094000","205","3","高雄市","楠梓區","120.285","22.725","648"
"63","100022","20221005094000","1099","0","高雄市","楠梓區","120.290","22.725","73"
"874","100023","20221005094000","881","0","高雄市","橋頭區","120.295","22.730","845"
"420","100025","20221005094000","401","1","高雄市","楠梓區","120.285","22.730","380"
"18","100026","20221005094000","12","3","高雄市","楠梓區","120.290","22.730","14"
"985","100028","20221005094000","1349","0","高雄市","楠梓區","120.290","22.715","989"
"1055","100029","20221005094000","1043","1","高雄市","楠梓區","120.290","22.720","1027"
"1186","100032","20221005094000","1765","0","高雄市","苓雅區","120.300","22.610","1186"
"1156","100033","20221005094000","1000","1","高雄市","苓雅區","120.335","22.625","1120"
"2335","100034","20221005094000","2477","0","高雄市","前鎮區","120.310","22.615","2325"
"732","100038","20221005094000","602","2","高雄市","大寮區","120.405","22.640","639"
"264","100039","20221005094000","198","2","高雄市","大寮區","120.410","22.640","262"
"3488","100044","20221005094000","2681","2","高雄市","三民區","120.325","22.650","3616"
"1123","100045","20221005094000","985","1","高雄市","三民區","120.320","22.655","999"
"939","100047","20221005094000","1411","0","高雄市","鳳山區","120.380","22.630","970"
"3970","100048","20221005094000","3682","1","高雄市","苓雅區","120.320","22.620","3909"
"3271","100049","20221005094000","3727","0","高雄市","新興區","120.310","22.630","3312"
"337","100050","20221005094000","826","0","高雄市","三民區","120.315","22.650","332"
"821","100052","20221005094000","1088","0","高雄市","三民區","120.315","22.655","857"
"2130","100053","20221005094000","1273","3","高雄市","三民區","120.330","22.640","2219"
"1473","100054","20221005094000","910","3","高雄市","三民區","120.315","22.640","1461"
"881","100057","20221005094000","1063","0","高雄市","前鎮區","120.285","22.605","872"
"362","100058","20221005094000","490","0","高雄市","前鎮區","120.290","22.605","432"
"1933","100059","20221005094000","1391","2","高雄市","前鎮區","120.300","22.605","1994"
"75","100071","20221005094000","67","1","臺東縣","太麻里鄉","121.025","22.670","65"
"144","100074","20221005094000","122","1","臺東縣","太麻里鄉","121.040","22.670","117"
"170","100530","20221005094000","134","2","臺東縣","金峰鄉","120.950","22.640","131"
"104","100729","20221005094000","83","2","臺東縣","金峰鄉","121.000","22.635","229"
"1252","100742","20221005094000","1053","1","高雄市","鳳山區","120.360","22.625","1266"
"1435","100743","20221005094000","1662","0","高雄市","三民區","120.305","22.640","1398"
"109","100744","20221005094000","717","0","高雄市","楠梓區","120.295","22.725","122"
"2938","100745","20221005094000","2677","1","高雄市","楠梓區","120.300","22.720","2890"
"118","100746","20221005094000","85","2","高雄市","鳳山區","120.365","22.605","108"
"851","100747","20221005094000","920","0","高雄市","鳳山區","120.360","22.610","783"
"597","100753","20221005094000","460","2","高雄市","鳳山區","120.355","22.605","583"
"181","100755","20221005094000","157","1","高雄市","鳳山區","120.365","22.615","183"
"42","100759","20221005094000","186","0","高雄市","左營區","120.295","22.695","57"
"347","100760","20221005094000","191","3","高雄市","左營區","120.295","22.700","394"
"1956","100762","20221005094000","1613","2","高雄市","三民區","120.315","22.645","2063"
"2403","100764","20221005094000","2302","1","高雄市","三民區","120.310","22.640","2361"
"1534","100765","20221005094000","1486","1","高雄市","前金區","120.290","22.630","1476"
"1729","100766","20221005094000","1080","3","高雄市","三民區","120.295","22.645","1761"
"187","100767","20221005094000","223","0","高雄市","仁武區","120.340","22.705","191"
"267","100768","20221005094000","1179","0","高雄市","仁武區","120.345","22.705","272"
"580","100771","20221005094000","507","1","高雄市","仁武區","120.340","22.715","632"
"1170","100773","20221005094000","1018","1","高雄市","仁武區","120.350","22.690","1149"
"658","100775","20221005094000","377","3","高雄市","仁武區","120.350","22.695","728"
"60","100777","20221005094000","842","0","高雄市","仁武區","120.355","22.700","42"
"42","100778","20221005094000","27","3","高雄市","仁武區","120.350","22.705","46"
"362","100779","20221005094000","322","1","高雄市","仁武區","120.355","22.705","347"
"340","100781","20221005094000","298","1","高雄市","仁武區","120.350","22.710","366"
"259","100783","20221005094000","267","0","高雄市","仁武區","120.345","22.715","224"
"943","100786","20221005094000","1261","0","高雄市","前鎮區","120.335","22.605","897"
"705","100787","20221005094000","1946","0","高雄市","前鎮區","120.330","22.600","1819"
"1836","100788","20221005094000","1696","1","高雄市","三民區","120.335","22.650","1903"
"1107","100789","20221005094000","1071","1","高雄市","三民區","120.325","22.655","1055"
"32","100790","20221005094000","22","2","臺東縣","太麻里鄉","120.975","22.600","33"
"649","100808","20221005094000","654","0","臺東縣","太麻里鄉","121.005","22.610","645"
"3297","100829","20221005094000","2931","1","高雄市","苓雅區","120.340","22.630","3276"
"1983","100830","20221005094000","2024","0","高雄市","鳳山區","120.345","22.630","1805"
"976","100831","20221005094000","1762","0","高雄市","鳳山區","120.365","22.640","976"
"1954","100832","20221005094000","1493","2","高雄市","苓雅區","120.325","22.615","1917"
"2123","100833","20221005094000","1778","1","高雄市","左營區","120.305","22.660","2135"
"2967","100834","20221005094000","2767","1","高雄市","左營區","120.310","22.660","2867"
"3354","100835","20221005094000","2975","1","高雄市","左營區","120.305","22.665","3476"
"1820","100836","20221005094000","2069","0","高雄市","左營區","120.310","22.665","1682"
"1618","100837","20221005094000","1742","0","高雄市","左營區","120.300","22.670","1608"
"1349","100838","20221005094000","1047","2","高雄市","左營區","120.305","22.670","1214"
"1927","100839","20221005094000","1930","0","高雄市","左營區","120.300","22.680","2101"
"2126","100842","20221005094000","1830","1","高雄市","新興區","120.305","22.635","2070"
"53","100844","20221005094000","48","1","高雄市","大寮區","120.385","22.635","35"
"2075","100848","20221005094000","1562","2","高雄市","大寮區","120.395","22.640","2046"
"1834","100851","20221005094000","1741","1","高雄市","三民區","120.325","22.675","1740"
"1636","100852","20221005094000","1452","1","高雄市","三民區","120.325","22.660","1667"
"1628","100853","20221005094000","1293","2","高雄市","三民區","120.330","22.660","1862"
"1053","100854","20221005094000","2153","0","高雄市","三民區","120.325","22.665","1018"
"47","100855","20221005094000","961","0","高雄市","鳥松區","120.335","22.665","89"
"359","100856","20221005094000","1433","0","高雄市","三民區","120.330","22.665","318"
"443","100858","20221005094000","529","0","高雄市","三民區","120.330","22.670","432"
"2612","100860","20221005094000","2236","1","高雄市","三民區","120.335","22.645","2563"
"987","100861","20221005094000","905","1","高雄市","前鎮區","120.310","22.605","1018"
"2241","100862","20221005094000","2634","0","高雄市","前鎮區","120.310","22.610","2096"
"643","100863","20221005094000","884","0","高雄市","前鎮區","120.315","22.610","671"
"49","100864","20221005094000","500","0","高雄市","左營區","120.290","22.700","52"
"1175","100865","20221005094000","1057","1","高雄市","左營區","120.285","22.680","1203"
"930","100866","20221005094000","661","2","高雄市","左營區","120.290","22.680","968"
"882","100867","20221005094000","941","0","高雄市","鳳山區","120.350","22.640","929"
"1580","100868","20221005094000","1123","2","高雄市","鳳山區","120.350","22.630","1582"
"883","100869","20221005094000","3596","0","高雄市","鳳山區","120.350","22.645","842"
"1116","100870","20221005094000","1529","0","高雄市","鳳山區","120.350","22.635","1122"
"1776","100871","20221005094000","1749","1","高雄市","苓雅區","120.335","22.620","1784"
"1082","100872","20221005094000","1757","0","高雄市","鳳山區","120.340","22.600","1091"
"1925","100873","20221005094000","1293","2","高雄市","三民區","120.320","22.645","1859"
"1398","100874","20221005094000","1299","1","高雄市","三民區","120.325","22.645","1333"
"2364","100875","20221005094000","1589","2","高雄市","三民區","120.290","22.635","2323"
"1375","100877","20221005094000","1356","1","高雄市","三民區","120.325","22.670","1427"
"979","100878","20221005094000","1675","0","高雄市","三民區","120.315","22.660","1024"
"1276","100879","20221005094000","1308","0","高雄市","三民區","120.320","22.660","1303"
"1794","100880","20221005094000","2456","0","高雄市","三民區","120.315","22.665","1676"
"209","100881","20221005094000","2221","0","高雄市","三民區","120.320","22.665","195"
"1959","100883","20221005094000","1224","3","高雄市","前鎮區","120.305","22.610","1933"
"196","100888","20221005094000","1039","0","高雄市","大寮區","120.390","22.625","197"
"2714","100890","20221005094000","2455","1","高雄市","三民區","120.335","22.640","2776"
"2259","100891","20221005094000","2472","0","高雄市","鳳山區","120.345","22.635","2120"
"397","100909","20221005094000","431","0","臺東縣","臺東市","121.055","22.705","372"
"184","100915","20221005094000","186","0","臺東縣","太麻里鄉","121.010","22.625","184"
"106","100925","20221005094000","46","3","臺東縣","太麻里鄉","121.015","22.640","103"
"400","100938","20221005094000","330","2","臺東縣","臺東市","121.100","22.725","455"
"132","100946","20221005094000","320","0","高雄市","鳥松區","120.350","22.665","124"
"1132","100947","20221005094000","763","2","高雄市","鳥松區","120.355","22.665","1023"
"239","100948","20221005094000","216","1","高雄市","鳥松區","120.360","22.665","242"
"231","100954","20221005094000","183","2","高雄市","仁武區","120.370","22.680","175"
"36","100961","20221005094000","27","2","高雄市","鳥松區","120.380","22.685","39"
"335","100966","20221005094000","240","2","高雄市","鳥松區","120.395","22.665","321"
"38","100969","20221005094000","69","0","高雄市","鳥松區","120.390","22.675","38"
"1330","100974","20221005094000","1338","0","高雄市","三民區","120.340","22.645","1342"
"1885","100975","20221005094000","1010","3","高雄市","鳥松區","120.345","22.655","1817"
"397","100977","20221005094000","521","0","高雄市","鳥松區","120.340","22.655","390"
"437","100978","20221005094000","383","1","高雄市","鳥松區","120.340","22.660","469"
"297","100982","20221005094000","280","1","高雄市","鳥松區","120.390","22.660","272"
"32","100983","20221005094000","195","0","高雄市","鳥松區","120.395","22.660","33"
"79","100986","20221005094000","964","0","高雄市","鳳山區","120.360","22.640","66"
"170","100987","20221005094000","1355","0","高雄市","鳥松區","120.355","22.645","159"
"398","100988","20221005094000","193","3","高雄市","鳳山區","120.360","22.645","389"
"478","100989","20221005094000","236","3","高雄市","鳥松區","120.365","22.645","578"
"2775","100992","20221005094000","2559","1","高雄市","鳥松區","120.355","22.650","2699"
"798","100995","20221005094000","909","0","高雄市","鳥松區","120.370","22.650","799"
"105","100997","20221005094000","139","0","高雄市","鳥松區","120.355","22.655","97"
"1338","100998","20221005094000","1138","1","高雄市","鳥松區","120.360","22.655","1384"
"857","101004","20221005094000","646","2","高雄市","鳥松區","120.360","22.660","821"
"758","101009","20221005094000","757","1","高雄市","鳥松區","120.370","22.665","709"
"164","101010","20221005094000","160","1","高雄市","鳥松區","120.340","22.665","136"
"37","101012","20221005094000","24","3","高雄市","仁武區","120.345","22.670","26"
"20","101013","20221005094000","73","0","高雄市","鳥松區","120.365","22.670","17"
"298","101014","20221005094000","251","1","高雄市","鳥松區","120.370","22.670","317"
"303","101017","20221005094000","216","2","高雄市","鳥松區","120.380","22.655","256"
"128","101018","20221005094000","100","2","高雄市","鳥松區","120.385","22.655","151"
"326","101019","20221005094000","288","1","高雄市","鳥松區","120.370","22.660","302"
"199","101021","20221005094000","398","0","高雄市","鳥松區","120.380","22.660","195"
"1022","101029","20221005094000","921","1","高雄市","鳳山區","120.355","22.625","943"
"2647","101030","20221005094000","2020","2","高雄市","鳳山區","120.355","22.635","2616"
"15","101034","20221005094000","14","1","高雄市","鳳山區","120.380","22.625","15"
"1247","101035","20221005094000","1107","1","高雄市","楠梓區","120.325","22.705","1262"
"39","101038","20221005094000","42","0","高雄市","仁武區","120.330","22.695","39"
"340","101039","20221005094000","442","0","高雄市","仁武區","120.325","22.700","332"
"441","101043","20221005094000","794","0","高雄市","前鎮區","120.315","22.605","422"
"1390","101044","20221005094000","2087","0","高雄市","三民區","120.335","22.635","1320"
"183","101045","20221005094000","876","0","高雄市","三民區","120.345","22.640","186"
"158","101046","20221005094000","1111","0","高雄市","仁武區","120.345","22.675","154"
"361","101047","20221005094000","420","0","高雄市","仁武區","120.350","22.675","391"
"213","101048","20221005094000","900","0","高雄市","仁武區","120.340","22.680","221"
"566","101049","20221005094000","451","2","高雄市","仁武區","120.345","22.680","547"
"1119","101052","20221005094000","1040","1","高雄市","仁武區","120.325","22.685","1040"
"708","101053","20221005094000","475","2","高雄市","仁武區","120.325","22.690","673"
"815","101055","20221005094000","528","3","高雄市","仁武區","120.325","22.695","763"
"745","101056","20221005094000","368","3","高雄市","仁武區","120.320","22.695","761"
"640","101058","20221005094000","701","0","高雄市","仁武區","120.330","22.700","805"
"263","101059","20221005094000","851","0","高雄市","鳳山區","120.365","22.635","257"
"1893","101061","20221005094000","1942","0","高雄市","苓雅區","120.295","22.615","1914"
"1630","101062","20221005094000","1741","0","高雄市","苓雅區","120.320","22.625","1683"
"1495","101063","20221005094000","1205","2","高雄市","鳳山區","120.375","22.625","1430"
"49","101064","20221005094000","785","0","高雄市","鳳山區","120.375","22.620","56"
"74","101068","20221005094000","71","1","高雄市","鳳山區","120.365","22.620","56"
"436","101069","20221005094000","346","2","高雄市","鳳山區","120.370","22.620","411"
"1516","101074","20221005094000","2024","0","高雄市","左營區","120.290","22.675","1467"
"41","101076","20221005094000","137","0","高雄市","梓官區","120.250","22.730","34"
"648","101077","20221005094000","617","1","高雄市","梓官區","120.255","22.730","710"
"551","101086","20221005094000","426","2","高雄市","楠梓區","120.275","22.725","540"
"16","101090","20221005094000","424","0","高雄市","楠梓區","120.280","22.725","15"
"560","101092","20221005094000","564","0","高雄市","楠梓區","120.280","22.730","565"
"1581","101094","20221005094000","1363","1","高雄市","楠梓區","120.320","22.725","1635"
"1183","101095","20221005094000","707","3","高雄市","楠梓區","120.285","22.710","1216"
"20","101096","20221005094000","316","0","高雄市","左營區","120.300","22.695","13"
"1555","101100","20221005094000","1528","1","高雄市","苓雅區","120.315","22.625","1518"
"1235","101101","20221005094000","1373","0","高雄市","鹽埕區","120.280","22.625","1330"
"2579","101102","20221005094000","1582","3","高雄市","苓雅區","120.325","22.620","2628"
"384","101103","20221005094000","330","1","高雄市","左營區","120.310","22.670","451"
"1199","101104","20221005094000","663","3","高雄市","左營區","120.315","22.670","1186"
"2010","101105","20221005094000","1747","1","高雄市","左營區","120.300","22.675","1865"
"641","101106","20221005094000","284","3","高雄市","左營區","120.295","22.680","762"
"1640","101107","20221005094000","1628","1","高雄市","左營區","120.305","22.675","1702"
"332","101109","20221005094000","1156","0","高雄市","鳳山區","120.340","22.610","324"
"1594","101110","20221005094000","1628","0","高雄市","鳳山區","120.335","22.615","1564"
"109","101111","20221005094000","618","0","高雄市","鳳山區","120.340","22.615","94"
"605","101113","20221005094000","1891","0","高雄市","鳳山區","120.340","22.605","545"
"715","101114","20221005094000","570","2","高雄市","鼓山區","120.280","22.655","699"
"1547","101115","20221005094000","1517","1","高雄市","鼓山區","120.280","22.660","1482"
"1226","101116","20221005094000","950","2","高雄市","鼓山區","120.285","22.650","1126"
"708","101117","20221005094000","1357","0","高雄市","鼓山區","120.290","22.650","679"
"2149","101119","20221005094000","2232","0","高雄市","鼓山區","120.290","22.655","2137"
"60","101120","20221005094000","781","0","高雄市","鼓山區","120.285","22.660","63"
"765","101121","20221005094000","1377","0","高雄市","鼓山區","120.290","22.660","777"
"563","101122","20221005094000","429","2","高雄市","鼓山區","120.290","22.665","564"
"544","101123","20221005094000","1081","0","高雄市","鼓山區","120.285","22.665","552"
"1005","101124","20221005094000","826","2","高雄市","鼓山區","120.280","22.645","991"
"1042","101125","20221005094000","841","2","高雄市","鼓山區","120.270","22.625","1017"
"1428","101126","20221005094000","2099","0","高雄市","鼓山區","120.280","22.630","1480"
"90","101127","20221005094000","118","0","高雄市","鼓山區","120.275","22.625","66"
"50","101128","20221005094000","144","0","高雄市","鼓山區","120.270","22.635","94"
"17","101129","20221005094000","72","0","高雄市","鼓山區","120.275","22.635","22"
"1501","101132","20221005094000","1662","0","高雄市","三民區","120.320","22.640","1487"
"806","101133","20221005094000","1068","0","高雄市","鳥松區","120.340","22.650","770"
"2298","101134","20221005094000","2192","1","高雄市","三民區","120.340","22.640","2235"
"1484","101135","20221005094000","2614","0","高雄市","三民區","120.345","22.645","1536"
"144","101137","20221005094000","268","0","高雄市","梓官區","120.260","22.725","191"
"456","101139","20221005094000","277","3","高雄市","梓官區","120.255","22.725","474"
"60","101449","20221005094000","90","0","臺東縣","卑南鄉","120.990","22.690","50"
"21","101488","20221005094000","336","0","臺東縣","卑南鄉","121.020","22.695","290"
"17","101568","20221005094000","138","0","臺東縣","卑南鄉","121.030","22.700","17"
"2405","101748","20221005094000","2458","0","高雄市","苓雅區","120.300","22.615","2296"
"1583","101749","20221005094000","1735","0","高雄市","苓雅區","120.325","22.630","1550"
"652","101750","20221005094000","966","0","高雄市","鳳山區","120.340","22.620","627"
"401","101751","20221005094000","590","0","高雄市","鳳山區","120.370","22.630","358"
"1864","101752","20221005094000","1915","0","高雄市","鳳山區","120.355","22.630","1778"
"461","101753","20221005094000","1020","0","高雄市","鳳山區","120.360","22.630","488"
"73","101754","20221005094000","197","0","高雄市","鳳山區","120.330","22.615","78"
"118","101757","20221005094000","906","0","高雄市","苓雅區","120.325","22.635","177"
"74","101758","20221005094000","127","0","高雄市","仁武區","120.350","22.680","74"
"234","101759","20221005094000","229","1","高雄市","鳥松區","120.355","22.670","242"
"185","101760","20221005094000","1251","0","高雄市","仁武區","120.355","22.675","185"
"72","101765","20221005094000","46","3","高雄市","仁武區","120.345","22.695","56"
"600","101766","20221005094000","526","1","高雄市","仁武區","120.340","22.700","612"
"1307","101767","20221005094000","1139","1","高雄市","仁武區","120.345","22.700","1374"
"282","101768","20221005094000","768","0","高雄市","仁武區","120.350","22.700","295"
"29","101777","20221005094000","20","2","高雄市","仁武區","120.375","22.710","31"
"42","101778","20221005094000","90","0","高雄市","仁武區","120.380","22.710","38"
"56","101783","20221005094000","70","0","高雄市","仁武區","120.380","22.715","56"
"103","101785","20221005094000","126","0","高雄市","仁武區","120.390","22.715","104"
"84","101790","20221005094000","66","2","高雄市","仁武區","120.390","22.720","72"
"514","101808","20221005094000","381","2","高雄市","三民區","120.335","22.670","476"
"113","101809","20221005094000","542","0","高雄市","仁武區","120.335","22.680","124"
"1211","101810","20221005094000","988","2","高雄市","仁武區","120.335","22.685","1161"
"99","101815","20221005094000","581","0","高雄市","仁武區","120.330","22.680","93"
"114","101817","20221005094000","1039","0","高雄市","仁武區","120.330","22.690","94"
"185","101818","20221005094000","543","0","高雄市","仁武區","120.335","22.690","178"
"48","101819","20221005094000","791","0","高雄市","仁武區","120.330","22.675","1085"
"223","101820","20221005094000","582","0","高雄市","仁武區","120.335","22.675","196"
"773","101822","20221005094000","687","1","高雄市","前鎮區","120.320","22.605","728"
"395","101823","20221005094000","470","0","高雄市","前鎮區","120.325","22.605","474"
"225","101824","20221005094000","980","0","高雄市","前鎮區","120.325","22.610","216"
"2721","101825","20221005094000","2623","1","高雄市","前鎮區","120.320","22.610","2721"
"195","101826","20221005094000","232","0","高雄市","左營區","120.290","22.685","208"
"988","101827","20221005094000","796","2","高雄市","左營區","120.275","22.690","837"
"296","101829","20221005094000","213","2","高雄市","左營區","120.285","22.690","236"
"386","101832","20221005094000","348","1","高雄市","左營區","120.285","22.695","402"
"399","101833","20221005094000","408","0","高雄市","左營區","120.290","22.695","418"
"209","101835","20221005094000","391","0","高雄市","左營區","120.285","22.700","246"
"98","101836","20221005094000","81","2","高雄市","左營區","120.280","22.705","88"
"184","101837","20221005094000","165","1","高雄市","楠梓區","120.285","22.705","196"
"1390","101838","20221005094000","1973","0","高雄市","左營區","120.290","22.670","1417"
"2444","101839","20221005094000","2020","2","高雄市","苓雅區","120.335","22.630","2389"
"1159","101840","20221005094000","1493","0","高雄市","三民區","120.340","22.635","1135"
"1075","101842","20221005094000","1125","0","高雄市","鳳山區","120.345","22.625","1105"
"388","101843","20221005094000","527","0","高雄市","鼓山區","120.275","22.660","420"
"50","101848","20221005094000","55","0","高雄市","鼓山區","120.275","22.670","35"
"89","101852","20221005094000","465","0","臺東縣","太麻里鄉","121.000","22.600","89"
"57","101859","20221005094000","410","0","臺東縣","太麻里鄉","121.010","22.605","57"
"121","101862","20221005094000","88","2","臺東縣","太麻里鄉","121.045","22.675","113"
"466","101876","20221005094000","350","2","臺東縣","太麻里鄉","121.030","22.685","445"
"13","101884","20221005094000","18","0","臺東縣","太麻里鄉","120.995","22.690","13"
"266","101895","20221005094000","161","3","臺東縣","太麻里鄉","121.050","22.690","271"
"14","101899","20221005094000","102","0","臺東縣","卑南鄉","121.010","22.695","14"
"97","101900","20221005094000","100","0","臺東縣","卑南鄉","121.015","22.695","89"
"84","101930","20221005094000","46","3","臺東縣","太麻里鄉","121.020","22.650","91"
"26","101962","20221005094000","137","0","臺東縣","太麻里鄉","121.030","22.660","26"
"1679","101964","20221005094000","1253","2","高雄市","苓雅區","120.320","22.635","1634"
"362","101965","20221005094000","1031","0","高雄市","三民區","120.315","22.635","373"
"1888","101966","20221005094000","2210","0","高雄市","苓雅區","120.330","22.630","1854"
"173","101967","20221005094000","204","0","高雄市","鳳山區","120.350","22.605","188"
"1296","101970","20221005094000","1082","1","高雄市","鳳山區","120.350","22.600","1258"
"610","101972","20221005094000","1186","0","高雄市","鳳山區","120.335","22.610","620"
"2683","101973","20221005094000","1771","3","高雄市","苓雅區","120.330","22.635","2702"
"74","101976","20221005094000","49","3","高雄市","大寮區","120.425","22.600","76"
"91","101977","20221005094000","122","0","高雄市","大寮區","120.430","22.600","93"
"80","101981","20221005094000","291","0","高雄市","前金區","120.290","22.620","95"
"1971","101982","20221005094000","1787","1","高雄市","苓雅區","120.340","22.625","2004"
"569","101983","20221005094000","426","2","高雄市","苓雅區","120.330","22.620","525"
"2100","101984","20221005094000","1978","1","高雄市","鼓山區","120.280","22.650","2059"
"543","101985","20221005094000","1019","0","高雄市","三民區","120.285","22.640","539"
"769","101988","20221005094000","553","2","高雄市","楠梓區","120.285","22.715","857"
"2897","101989","20221005094000","2607","1","高雄市","苓雅區","120.305","22.620","2901"
"74","101990","20221005094000","64","1","高雄市","苓雅區","120.320","22.615","80"
"211","101991","20221005094000","1617","0","高雄市","苓雅區","120.320","22.630","178"
"3151","101992","20221005094000","2810","1","高雄市","前金區","120.295","22.620","3093"
"2292","101993","20221005094000","1586","2","高雄市","苓雅區","120.325","22.625","2338"
"1367","101995","20221005094000","1357","1","高雄市","鼓山區","120.275","22.620","1493"
"294","101996","20221005094000","309","0","高雄市","鹽埕區","120.280","22.620","307"
"33","101997","20221005094000","574","0","高雄市","左營區","120.295","22.705","28"
"2571","101998","20221005094000","1958","2","高雄市","左營區","120.310","22.675","2652"
"505","101999","20221005094000","563","0","高雄市","左營區","120.315","22.675","490"
"1056","102000","20221005094000","806","2","高雄市","左營區","120.320","22.675","994"
"149","102001","20221005094000","896","0","高雄市","左營區","120.305","22.685","117"
"820","102002","20221005094000","556","2","高雄市","左營區","120.310","22.680","790"
"3012","102003","20221005094000","2061","2","高雄市","左營區","120.320","22.680","2998"
"59","102005","20221005094000","129","0","高雄市","大寮區","120.395","22.600","52"
"618","102006","20221005094000","546","1","高雄市","大寮區","120.390","22.600","581"
"400","102007","20221005094000","290","2","高雄市","大寮區","120.390","22.605","350"
"949","102008","20221005094000","778","2","高雄市","大寮區","120.395","22.605","947"
"593","102010","20221005094000","564","1","高雄市","大寮區","120.400","22.610","570"
"89","102013","20221005094000","461","0","高雄市","大寮區","120.405","22.615","70"
"668","102015","20221005094000","656","1","高雄市","鳳山區","120.355","22.640","638"
"937","102017","20221005094000","654","2","高雄市","鼓山區","120.280","22.635","884"
"1012","102018","20221005094000","781","2","高雄市","鳳山區","120.370","22.635","1005"
"818","102019","20221005094000","998","0","高雄市","鼓山區","120.295","22.665","814"
"2771","102020","20221005094000","3410","0","高雄市","鼓山區","120.300","22.665","2710"
"354","102021","20221005094000","269","2","高雄市","鼓山區","120.265","22.625","365"
"1365","102022","20221005094000","1089","2","高雄市","鼓山區","120.265","22.630","1479"
"285","102024","20221005094000","306","0","高雄市","鼓山區","120.260","22.635","316"
"205","102030","20221005094000","224","0","高雄市","鼓山區","120.255","22.645","306"
"62","102031","20221005094000","81","0","高雄市","鼓山區","120.260","22.645","54"
"703","102045","20221005094000","769","0","高雄市","鼓山區","120.275","22.650","748"
"649","102046","20221005094000","507","2","高雄市","苓雅區","120.310","22.620","671"
"2084","102047","20221005094000","2248","0","高雄市","左營區","120.295","22.670","2069"
"30","102048","20221005094000","349","0","高雄市","鼓山區","120.285","22.670","19"
"70","102049","20221005094000","767","0","高雄市","鼓山區","120.280","22.640","66"
"13","102052","20221005094000","217","0","高雄市","大樹區","120.430","22.675","16"
"66","102067","20221005094000","37","3","高雄市","大樹區","120.430","22.700","53"
"306","102078","20221005094000","358","0","高雄市","大樹區","120.410","22.675","295"
"160","102079","20221005094000","198","0","高雄市","大樹區","120.405","22.680","150"
"69","102090","20221005094000","35","3","高雄市","大樹區","120.395","22.690","56"
"805","102093","20221005094000","781","1","高雄市","大樹區","120.430","22.690","792"
"401","102098","20221005094000","300","2","高雄市","大樹區","120.435","22.695","354"
"317","102111","20221005094000","494","0","高雄市","大樹區","120.410","22.660","369"
"572","102113","20221005094000","404","2","高雄市","大樹區","120.410","22.665","588"
"269","102120","20221005094000","278","0","高雄市","大樹區","120.445","22.725","262"
"319","102123","20221005094000","277","1","高雄市","大樹區","120.445","22.730","347"
"333","102126","20221005094000","236","2","高雄市","大樹區","120.445","22.735","328"
"230","102132","20221005094000","253","0","高雄市","大樹區","120.425","22.665","239"
"184","102141","20221005094000","72","3","高雄市","大樹區","120.425","22.675","159"
"1712","102143","20221005094000","1936","0","高雄市","左營區","120.295","22.690","1647"
"849","102144","20221005094000","893","0","高雄市","鳳山區","120.360","22.620","840"
"1214","102146","20221005094000","1418","0","高雄市","鳳山區","120.355","22.620","1212"
"492","102147","20221005094000","396","2","高雄市","鳳山區","120.335","22.600","449"
"4672","102148","20221005094000","3534","2","高雄市","新興區","120.315","22.630","4717"
"1562","102149","20221005094000","1448","1","高雄市","苓雅區","120.305","22.615","1615"
"1293","102150","20221005094000","1386","0","高雄市","鳳山區","120.345","22.605","1297"
"2047","102151","20221005094000","1556","2","高雄市","前鎮區","120.330","22.605","1957"
"1689","102152","20221005094000","1317","2","高雄市","鳥松區","120.345","22.650","1671"
"1810","102153","20221005094000","2014","0","高雄市","三民區","120.330","22.650","1795"
"573","102154","20221005094000","1051","0","高雄市","三民區","120.330","22.655","583"
"101","102157","20221005094000","539","0","高雄市","仁武區","120.360","22.675","81"
"131","102159","20221005094000","124","1","高雄市","仁武區","120.365","22.680","120"
"728","102160","20221005094000","763","0","高雄市","仁武區","120.360","22.685","734"
"34","102165","20221005094000","241","0","高雄市","仁武區","120.365","22.685","34"
"584","102172","20221005094000","485","2","高雄市","大寮區","120.425","22.605","601"
"106","102173","20221005094000","856","0","高雄市","大寮區","120.430","22.605","99"
"580","102181","20221005094000","456","2","高雄市","大寮區","120.410","22.615","564"
"164","102185","20221005094000","155","1","高雄市","大寮區","120.430","22.615","174"
"245","102186","20221005094000","197","2","高雄市","大寮區","120.420","22.640","266"
"298","102190","20221005094000","348","0","高雄市","大寮區","120.415","22.640","287"
"12","102199","20221005094000","220","0","高雄市","鼓山區","120.275","22.630","12"
"420","102200","20221005094000","287","2","高雄市","鼓山區","120.270","22.620","502"
"585","102203","20221005094000","719","0","高雄市","大寮區","120.385","22.640","621"
"774","102206","20221005094000","669","1","高雄市","鳥松區","120.385","22.645","774"
"495","102213","20221005094000","216","3","高雄市","鳥松區","120.390","22.650","470"
"515","102215","20221005094000","448","1","高雄市","鳥松區","120.390","22.655","512"
"16","102216","20221005094000","195","0","高雄市","鳥松區","120.395","22.655","16"
"329","102217","20221005094000","175","3","高雄市","鳥松區","120.400","22.655","347"
"473","102227","20221005094000","421","1","高雄市","鼓山區","120.285","22.655","498"
"891","102228","20221005094000","1159","0","高雄市","三民區","120.295","22.650","917"
"1183","102229","20221005094000","1096","1","高雄市","鼓山區","120.295","22.655","1190"
"1591","102230","20221005094000","1455","1","高雄市","鼓山區","120.300","22.655","1542"
"1468","102231","20221005094000","2210","0","高雄市","鼓山區","120.305","22.655","1564"
"857","102232","20221005094000","581","2","高雄市","左營區","120.310","22.655","1319"
"3739","102233","20221005094000","3703","1","高雄市","鼓山區","120.295","22.660","3720"
"83","102235","20221005094000","343","0","高雄市","楠梓區","120.315","22.715","75"
"1158","102236","20221005094000","1145","1","高雄市","楠梓區","120.315","22.720","1153"
"434","102237","20221005094000","1581","0","高雄市","楠梓區","120.295","22.710","434"
"3548","102238","20221005094000","3317","1","高雄市","苓雅區","120.315","22.620","3583"
"37","102239","20221005094000","57","0","高雄市","旗津區","120.265","22.615","31"
"417","102241","20221005094000","395","1","高雄市","大寮區","120.410","22.620","452"
"358","102243","20221005094000","289","2","高雄市","大寮區","120.410","22.625","352"
"185","102244","20221005094000","182","1","高雄市","大寮區","120.405","22.630","159"
"131","102246","20221005094000","94","2","高雄市","大樹區","120.425","22.715","137"
"85","102251","20221005094000","49","3","高雄市","大樹區","120.425","22.720","90"
"745","102254","20221005094000","2094","0","高雄市","大樹區","120.405","22.725","813"
"80","102259","20221005094000","62","2","高雄市","大樹區","120.430","22.725","65"
"126","102260","20221005094000","1107","0","高雄市","仁武區","120.400","22.730","130"
"58","102261","20221005094000","655","0","高雄市","大樹區","120.405","22.730","32"
"55","102267","20221005094000","71","0","高雄市","大樹區","120.410","22.735","44"
"482","102273","20221005094000","464","1","高雄市","大樹區","120.415","22.655","445"
"310","102274","20221005094000","181","3","高雄市","大樹區","120.420","22.655","300"
"88","102276","20221005094000","637","0","高雄市","大樹區","120.420","22.660","72"
"143","102278","20221005094000","118","2","高雄市","大樹區","120.410","22.645","173"
"67","102279","20221005094000","57","1","高雄市","大樹區","120.415","22.645","71"
"443","102280","20221005094000","937","0","高雄市","大樹區","120.420","22.645","394"
"243","102282","20221005094000","276","0","高雄市","大樹區","120.425","22.650","241"
"696","102285","20221005094000","706","0","高雄市","大樹區","120.425","22.655","765"
"122","102292","20221005094000","214","0","高雄市","大寮區","120.405","22.605","82"
"126","102296","20221005094000","217","0","高雄市","前鎮區(海)","120.285","22.610","118"
"896","102302","20221005094000","885","1","高雄市","大寮區","120.390","22.635","919"
"333","102303","20221005094000","412","0","高雄市","大寮區","120.395","22.635","304"
"143","102304","20221005094000","106","2","高雄市","大寮區","120.400","22.635","146"
"174","102305","20221005094000","96","3","高雄市","大寮區","120.400","22.640","167"
"1469","102306","20221005094000","1775","0","高雄市","三民區","120.305","22.645","1464"
"1663","102307","20221005094000","1713","0","高雄市","三民區","120.305","22.650","1602"
"2293","102308","20221005094000","2040","1","高雄市","鳳山區","120.345","22.620","2231"
"567","102309","20221005094000","296","3","高雄市","鳳山區","120.350","22.620","572"
"332","102310","20221005094000","1182","0","高雄市","鳳山區","120.350","22.625","312"
"190","102311","20221005094000","105","3","高雄市","旗津區","120.275","22.605","167"
"637","102312","20221005094000","388","3","高雄市","旗津區(海)","120.275","22.610","655"
"479","102313","20221005094000","565","0","高雄市","旗津區","120.275","22.600","622"
"735","102314","20221005094000","618","1","高雄市","旗津區","120.270","22.610","830"
"144","102316","20221005094000","179","0","高雄市","大社區","120.365","22.715","148"
"280","102319","20221005094000","285","0","高雄市","大社區","120.350","22.720","270"
"130","102326","20221005094000","82","3","高雄市","大社區","120.340","22.730","115"
"382","102327","20221005094000","1221","0","高雄市","大社區","120.350","22.735","413"
"1484","102328","20221005094000","1390","1","高雄市","大社區","120.345","22.730","1039"
"588","102329","20221005094000","742","0","高雄市","大社區","120.350","22.730","543"
"487","102330","20221005094000","495","0","高雄市","大社區","120.355","22.730","528"
"160","102333","20221005094000","96","3","高雄市","大社區","120.370","22.730","152"
"77","102335","20221005094000","76","1","高雄市","大社區","120.375","22.730","92"
"121","102340","20221005094000","683","0","高雄市","大社區","120.360","22.720","104"
"882","102341","20221005094000","777","1","高雄市","大社區","120.350","22.725","842"
"327","102342","20221005094000","310","1","高雄市","大社區","120.355","22.725","346"
"85","102343","20221005094000","46","3","高雄市","大社區","120.360","22.725","76"
"32","102344","20221005094000","79","0","高雄市","左營區","120.295","22.675","34"
"207","102345","20221005094000","524","0","高雄市","左營區","120.300","22.690","164"
"16","102346","20221005094000","23","0","高雄市","左營區","120.260","22.670","10"
"80","102347","20221005094000","116","0","高雄市","左營區","120.265","22.675","140"
"220","102349","20221005094000","117","3","高雄市","左營區","120.275","22.675","216"
"416","102350","20221005094000","210","3","高雄市","左營區","120.280","22.675","410"
"673","102353","20221005094000","484","2","高雄市","左營區","120.275","22.680","675"
"447","102354","20221005094000","1156","0","高雄市","左營區","120.280","22.680","450"
"662","102356","20221005094000","418","3","高雄市","左營區","120.265","22.680","837"
"229","102357","20221005094000","229","1","高雄市","左營區","120.270","22.680","194"
"437","102358","20221005094000","453","0","高雄市","左營區","120.280","22.685","409"
"162","102360","20221005094000","197","0","高雄市","左營區","120.265","22.685","141"
"946","102361","20221005094000","722","2","高雄市","左營區","120.275","22.685","980"
"84","102364","20221005094000","190","0","高雄市","左營區","120.295","22.685","72"
"2494","102365","20221005094000","2215","1","高雄市","新興區","120.310","22.625","2406"
"1602","102366","20221005094000","1114","2","高雄市","新興區","120.305","22.625","1614"
"3416","102370","20221005094000","4058","0","高雄市","仁武區","120.325","22.680","3641"
"1838","102371","20221005094000","2004","0","高雄市","左營區","120.305","22.680","1850"
"1107","102372","20221005094000","2163","0","高雄市","左營區","120.315","22.680","1082"
"647","102373","20221005094000","616","1","高雄市","左營區","120.315","22.685","651"
"488","102374","20221005094000","548","0","高雄市","仁武區","120.330","22.685","449"
"224","102375","20221005094000","343","0","高雄市","左營區","120.310","22.690","208"
"1175","102376","20221005094000","1536","0","高雄市","左營區","120.320","22.685","1177"
"6254","102377","20221005094000","6929","0","高雄市","三民區","120.310","22.645","6078"
"295","102378","20221005094000","939","0","高雄市","三民區","120.310","22.650","297"
"1664","102380","20221005094000","1269","2","高雄市","三民區","120.325","22.640","1801"
"1104","102381","20221005094000","1102","1","高雄市","三民區","120.295","22.640","1080"
"1635","102382","20221005094000","1598","1","高雄市","三民區","120.300","22.650","1635"
"1696","102383","20221005094000","1403","2","高雄市","新興區","120.300","22.635","1896"
"487","102384","20221005094000","1144","0","高雄市","三民區","120.285","22.635","472"
"1384","102385","20221005094000","1174","1","高雄市","三民區","120.330","22.645","1360"
"15","102386","20221005094000","38","0","高雄市","楠梓區","120.330","22.725","11"
"35","102387","20221005094000","33","1","高雄市","楠梓區","120.330","22.730","33"
"1396","102388","20221005094000","1342","1","高雄市","楠梓區","120.335","22.730","1451"
"2192","102389","20221005094000","1791","2","高雄市","楠梓區","120.325","22.730","2211"
"1048","102390","20221005094000","1095","0","高雄市","楠梓區","120.285","22.720","996"
"434","102391","20221005094000","493","0","高雄市","楠梓區","120.290","22.705","389"
"384","102393","20221005094000","249","3","高雄市","楠梓區","120.305","22.700","370"
"739","102408","20221005094000","431","3","高雄市","鼓山區(海)","120.295","22.600","788"
"1701","102417","20221005094000","1837","0","高雄市","三民區","120.300","22.645","1726"
"96","102419","20221005094000","184","0","高雄市","新興區","120.310","22.635","102"
"2322","102420","20221005094000","2327","0","高雄市","三民區","120.300","22.640","2294"
"408","102421","20221005094000","581","0","高雄市","鳳山區","120.345","22.600","403"
"2075","102422","20221005094000","2341","0","高雄市","鳳山區","120.345","22.610","2055"
"275","102423","20221005094000","306","0","高雄市","鳳山區","120.355","22.610","267"
"2697","102424","20221005094000","2244","2","高雄市","鹽埕區","120.285","22.625","2504"
"2389","102425","20221005094000","1384","3","高雄市","鹽埕區","120.285","22.620","2360"
"1566","102426","20221005094000","1372","1","高雄市","楠梓區","120.305","22.720","1261"
"795","102427","20221005094000","1330","0","高雄市","楠梓區","120.310","22.720","1267"
"3915","102428","20221005094000","2646","2","高雄市","楠梓區","120.305","22.725","3830"
"1756","102429","20221005094000","1359","2","高雄市","楠梓區","120.310","22.725","1770"
"580","102430","20221005094000","1520","0","高雄市","楠梓區","120.315","22.725","683"
"1262","102431","20221005094000","1420","0","高雄市","楠梓區","120.315","22.730","1508"
"14","102432","20221005094000","245","0","高雄市","楠梓區","120.265","22.705","23"
"30","102441","20221005094000","159","0","高雄市","楠梓區","120.280","22.715","33"
"163","102442","20221005094000","684","0","高雄市","楠梓區","120.280","22.720","157"
"807","102444","20221005094000","786","1","高雄市","楠梓區","120.320","22.715","857"
"402","102445","20221005094000","350","1","高雄市","楠梓區","120.325","22.720","417"
"81","102447","20221005094000","942","0","高雄市","楠梓區","120.320","22.720","87"
"122","102448","20221005094000","133","0","高雄市","旗津區","120.270","22.605","110"
"14","102461","20221005094000","16","0","高雄市","大樹區","120.420","22.700","22"
"126","102466","20221005094000","104","2","高雄市","大樹區","120.415","22.705","144"
"47","102478","20221005094000","244","0","高雄市","大樹區","120.440","22.710","38"
"290","102482","20221005094000","263","1","高雄市","大樹區","120.445","22.715","316"
"212","111108","20221005094000","654","0","屏東縣","九如鄉","120.480","22.750","185"
"18","111132","20221005094000","21","0","屏東縣","九如鄉","120.480","22.740","19"
"63","111134","20221005094000","68","0","屏東縣","九如鄉","120.490","22.740","65"
"57","111142","20221005094000","166","0","屏東縣","九如鄉","120.500","22.740","40"
"91","111145","20221005094000","162","0","屏東縣","九如鄉","120.500","22.745","66"
"61","111157","20221005094000","325","0","屏東縣","九如鄉","120.500","22.760","65"
"312","111163","20221005094000","125","3","屏東縣","九如鄉","120.495","22.745","341"
"42","111167","20221005094000","253","0","屏東縣","九如鄉","120.490","22.755","28"
"24","111171","20221005094000","147","0","屏東縣","九如鄉","120.495","22.760","22"
"497","111186","20221005094000","186","3","屏東縣","高樹鄉","120.570","22.795","517"
"276","111215","20221005094000","116","3","屏東縣","鹽埔鄉","120.545","22.760","254"
"62","111217","20221005094000","188","0","屏東縣","鹽埔鄉","120.555","22.760","61"
"431","111238","20221005094000","280","3","屏東縣","鹽埔鄉","120.545","22.745","432"
"499","111270","20221005094000","260","3","屏東縣","鹽埔鄉","120.550","22.735","548"
"32","111271","20221005094000","30","1","屏東縣","鹽埔鄉","120.560","22.735","25"
"55","111273","20221005094000","277","0","屏東縣","鹽埔鄉","120.555","22.740","36"
"570","111282","20221005094000","194","3","屏東縣","鹽埔鄉","120.560","22.740","575"
"576","111309","20221005094000","279","3","屏東縣","鹽埔鄉","120.515","22.740","580"
"50","111315","20221005094000","176","0","屏東縣","鹽埔鄉","120.580","22.740","63"
"69","111337","20221005094000","311","0","屏東縣","鹽埔鄉","120.580","22.755","61"
"356","111360","20221005094000","803","0","屏東縣","鹽埔鄉","120.575","22.755","322"
"138","111374","20221005094000","95","2","屏東縣","里港鄉","120.480","22.770","128"
"468","111380","20221005094000","367","2","屏東縣","里港鄉","120.480","22.775","464"
"35","111398","20221005094000","140","0","屏東縣","里港鄉","120.490","22.820","48"
"24","111418","20221005094000","138","0","屏東縣","里港鄉","120.490","22.775","26"
"1677","111419","20221005094000","1015","3","屏東縣","里港鄉","120.495","22.775","1663"
"197","111451","20221005094000","163","2","屏東縣","里港鄉","120.535","22.775","172"
"108","111459","20221005094000","394","0","屏東縣","里港鄉","120.520","22.785","100"
"286","111491","20221005094000","148","3","屏東縣","里港鄉","120.500","22.780","254"
"182","111507","20221005094000","316","0","屏東縣","高樹鄉","120.615","22.815","175"
"31","111605","20221005094000","93","0","屏東縣","三地門鄉","120.700","22.790","22"
"17","111824","20221005094000","65","0","屏東縣","三地門鄉","120.700","22.765","21"
"148","111907","20221005094000","124","1","屏東縣","三地門鄉","120.635","22.745","145"
"18","112026","20221005094000","47","0","屏東縣","霧台鄉","120.740","22.740","16"
"51","112635","20221005094000","421","0","屏東縣","里港鄉","120.490","22.805","47"
"791","112659","20221005094000","402","3","屏東縣","里港鄉","120.505","22.815","738"
"15","112661","20221005094000","21","0","屏東縣","里港鄉","120.525","22.815","17"
"56","112669","20221005094000","110","0","屏東縣","里港鄉","120.505","22.820","41"
"302","112687","20221005094000","174","3","屏東縣","里港鄉","120.535","22.825","296"
"145","112714","20221005094000","75","3","屏東縣","里港鄉","120.485","22.765","115"
"1264","112719","20221005094000","860","2","屏東縣","里港鄉","120.495","22.780","1230"
"13","112920","20221005094000","109","0","屏東縣","霧台鄉","120.725","22.740","20"
"163","112942","20221005094000","122","2","屏東縣","高樹鄉","120.595","22.775","170"
"16","112982","20221005094000","16","1","屏東縣","高樹鄉","120.615","22.760","15"
"14","112995","20221005094000","12","1","屏東縣","高樹鄉","120.615","22.770","15"
"199","112999","20221005094000","151","2","屏東縣","高樹鄉","120.635","22.770","203"
"39","113004","20221005094000","31","2","屏東縣","高樹鄉","120.630","22.740","34"
"205","113006","20221005094000","157","2","屏東縣","高樹鄉","120.620","22.740","196"
"61","113023","20221005094000","26","3","屏東縣","高樹鄉","120.625","22.830","53"
"153","113048","20221005094000","418","0","屏東縣","高樹鄉","120.560","22.785","143"
"57","113075","20221005094000","118","0","屏東縣","高樹鄉","120.590","22.825","54"
"387","113097","20221005094000","283","2","屏東縣","高樹鄉","120.610","22.785","413"
"18","113103","20221005094000","15","2","屏東縣","高樹鄉","120.610","22.790","16"
"142","113129","20221005094000","61","3","屏東縣","高樹鄉","120.595","22.810","137"
"83","113131","20221005094000","57","2","屏東縣","高樹鄉","120.595","22.815","79"
"1655","113133","20221005094000","1259","2","屏東縣","高樹鄉","120.600","22.825","1672"
"2045","113137","20221005094000","2893","0","臺東縣","臺東市","121.155","22.750","1811"
"105","113138","20221005094000","609","0","臺東縣","臺東市","121.135","22.760","105"
"63","113139","20221005094000","83","0","臺東縣","臺東市","121.160","22.760","66"
"1770","113141","20221005094000","1142","3","臺東縣","臺東市","121.155","22.755","1709"
"809","113159","20221005094000","453","3","高雄市","永安區","120.225","22.820","793"
"865","113177","20221005094000","587","2","高雄市","永安區","120.250","22.810","797"
"162","113178","20221005094000","596","0","高雄市","岡山區","120.255","22.810","171"
"206","113182","20221005094000","208","0","高雄市","永安區","120.250","22.815","225"
"205","113185","20221005094000","171","1","高雄市","永安區","120.240","22.815","201"
"59","113196","20221005094000","45","2","高雄市","永安區","120.205","22.840","60"
"535","113206","20221005094000","648","0","臺東縣","臺東市","121.130","22.765","450"
"637","113207","20221005094000","1180","0","臺東縣","臺東市","121.120","22.770","536"
"53","113208","20221005094000","378","0","臺東縣","臺東市","121.125","22.770","53"
"424","113213","20221005094000","323","2","臺東縣","臺東市","121.125","22.780","416"
"1004","113214","20221005094000","1001","1","臺東縣","臺東市","121.120","22.785","921"
"15","113215","20221005094000","254","0","臺東縣","臺東市","121.125","22.785","15"
"299","113216","20221005094000","198","3","臺東縣","臺東市","121.130","22.770","335"
"1221","113217","20221005094000","861","2","臺東縣","臺東市","121.135","22.770","1219"
"50","113218","20221005094000","89","0","臺東縣","臺東市","121.125","22.775","53"
"669","113219","20221005094000","707","0","臺東縣","臺東市","121.130","22.775","594"
"529","113236","20221005094000","611","0","臺東縣","臺東市","121.115","22.785","510"
"401","113239","20221005094000","320","2","臺東縣","臺東市","121.110","22.790","435"
"170","113251","20221005094000","137","2","臺東縣","臺東市","121.155","22.760","141"
"366","113258","20221005094000","195","3","臺東縣","臺東市","121.175","22.780","281"
"91","113260","20221005094000","65","2","臺東縣","臺東市","121.185","22.790","103"
"18","113262","20221005094000","272","0","臺東縣","臺東市","121.195","22.790","18"
"428","113263","20221005094000","573","0","臺東縣","臺東市","121.190","22.795","434"
"216","113266","20221005094000","154","2","臺東縣","臺東市","121.195","22.800","196"
"29","113269","20221005094000","28","1","臺東縣","臺東市","121.190","22.810","20"
"184","113273","20221005094000","218","0","臺東縣","臺東市","121.195","22.815","151"
"324","113295","20221005094000","295","1","臺東縣","臺東市","121.175","22.785","298"
"167","113299","20221005094000","99","3","臺東縣","臺東市","121.175","22.790","138"
"97","113310","20221005094000","83","1","臺東縣","臺東市","121.150","22.765","131"
"868","113311","20221005094000","864","1","臺東縣","臺東市","121.155","22.765","802"
"173","113314","20221005094000","931","0","高雄市","岡山區","120.285","22.780","153"
"26","113315","20221005094000","22","1","高雄市","岡山區","120.290","22.780","35"
"64","113317","20221005094000","62","1","高雄市","岡山區","120.290","22.785","56"
"1818","113318","20221005094000","1398","2","高雄市","岡山區","120.280","22.800","1836"
"790","113327","20221005094000","896","0","臺東縣","臺東市","121.065","22.740","1012"
"192","113345","20221005094000","250","0","臺東縣","臺東市","121.055","22.760","173"
"217","113347","20221005094000","202","1","臺東縣","臺東市","121.060","22.760","210"
"86","113353","20221005094000","485","0","臺東縣","臺東市","121.140","22.765","86"
"1295","113354","20221005094000","1677","0","臺東縣","臺東市","121.145","22.765","1190"
"403","113355","20221005094000","338","1","臺東縣","臺東市","121.140","22.770","415"
"1132","113356","20221005094000","1005","1","臺東縣","臺東市","121.145","22.770","1035"
"1112","113364","20221005094000","1135","0","臺東縣","臺東市","121.145","22.745","1118"
"1393","113366","20221005094000","2132","0","臺東縣","臺東市","121.140","22.750","1142"
"901","113367","20221005094000","1024","0","臺東縣","臺東市","121.145","22.750","814"
"532","113369","20221005094000","1085","0","臺東縣","臺東市","121.145","22.755","667"
"30","113372","20221005094000","62","0","臺東縣","臺東市","121.160","22.755","34"
"148","113378","20221005094000","157","0","臺東縣","臺東市","121.125","22.790","132"
"353","113380","20221005094000","333","1","臺東縣","臺東市","121.130","22.790","305"
"686","113381","20221005094000","992","0","臺東縣","臺東市","121.125","22.795","618"
"400","113386","20221005094000","439","0","臺東縣","臺東市","121.125","22.805","448"
"93","113389","20221005094000","49","3","臺東縣","臺東市","121.120","22.810","70"
"723","113416","20221005094000","697","1","臺東縣","臺東市","121.105","22.750","751"
"432","113423","20221005094000","251","3","臺東縣","臺東市","121.105","22.755","302"
"450","113425","20221005094000","452","0","臺東縣","臺東市","121.075","22.760","425"
"433","113434","20221005094000","421","1","臺東縣","臺東市","121.060","22.735","373"
"92","113448","20221005094000","82","1","屏東縣","里港鄉","120.530","22.830","72"
"167","113450","20221005094000","109","3","高雄市","美濃區","120.540","22.830","179"
"226","113466","20221005094000","176","2","高雄市","美濃區","120.530","22.840","217"
"17","113487","20221005094000","16","1","高雄市","大樹區","120.445","22.740","21"
"17","113496","20221005094000","17","1","高雄市","大樹區","120.445","22.745","22"
"469","113505","20221005094000","787","0","高雄市","大樹區","120.445","22.750","485"
"202","113506","20221005094000","137","2","高雄市","大樹區","120.450","22.750","164"
"38","113513","20221005094000","40","0","高雄市","岡山區","120.270","22.775","43"
"361","113514","20221005094000","274","2","高雄市","楠梓區","120.280","22.735","367"
"10","113561","20221005094000","108","0","臺東縣","卑南鄉","121.060","22.775","12"
"271","113564","20221005094000","140","3","臺東縣","卑南鄉","121.075","22.775","255"
"316","113740","20221005094000","279","1","臺東縣","卑南鄉","121.080","22.775","328"
"259","113741","20221005094000","260","0","臺東縣","卑南鄉","121.085","22.775","221"
"366","113742","20221005094000","279","2","臺東縣","卑南鄉","121.090","22.775","362"
"326","113750","20221005094000","196","3","臺東縣","卑南鄉","121.080","22.785","287"
"30","113762","20221005094000","125","0","臺東縣","卑南鄉","121.095","22.790","30"
"387","113792","20221005094000","357","1","臺東縣","卑南鄉","121.100","22.825","328"
"254","113799","20221005094000","127","3","臺東縣","卑南鄉","121.090","22.830","193"
"12","113812","20221005094000","10","2","臺東縣","卑南鄉","121.100","22.835","12"
"14","113840","20221005094000","157","0","臺東縣","卑南鄉","121.105","22.795","14"
"423","113843","20221005094000","478","0","臺東縣","卑南鄉","121.090","22.800","387"
"233","113882","20221005094000","154","3","臺東縣","卑南鄉","121.090","22.820","219"
"48","113896","20221005094000","63","0","高雄市","路竹區","120.270","22.840","37"
"477","113902","20221005094000","362","2","高雄市","橋頭區","120.290","22.745","483"
"79","113905","20221005094000","73","1","高雄市","橋頭區","120.295","22.755","71"
"428","113906","20221005094000","563","0","高雄市","楠梓區","120.325","22.755","435"
"161","113911","20221005094000","121","2","高雄市","橋頭區","120.320","22.765","155"
"661","113923","20221005094000","557","1","高雄市","橋頭區","120.305","22.770","702"
"288","113933","20221005094000","259","1","高雄市","橋頭區","120.290","22.760","311"
"1209","113934","20221005094000","1009","1","高雄市","岡山區","120.280","22.765","1159"
"75","113947","20221005094000","90","0","高雄市","路竹區","120.275","22.840","90"
"122","113948","20221005094000","81","3","高雄市","路竹區","120.280","22.840","100"
"572","113950","20221005094000","392","2","高雄市","路竹區","120.275","22.820","560"
"11","113958","20221005094000","11","1","高雄市","路竹區","120.270","22.825","10"
"629","113959","20221005094000","594","1","高雄市","路竹區","120.275","22.825","622"
"1446","113962","20221005094000","1060","2","高雄市","路竹區","120.265","22.830","1518"
"282","113965","20221005094000","13","3","高雄市","路竹區","120.265","22.840","232"
"633","113969","20221005094000","640","0","高雄市","路竹區","120.240","22.835","635"
"1628","113971","20221005094000","1610","1","高雄市","路竹區","120.250","22.835","1877"
"648","113978","20221005094000","852","0","高雄市","路竹區","120.245","22.845","635"
"1087","113982","20221005094000","1036","1","高雄市","路竹區","120.260","22.840","1000"
"36","113984","20221005094000","176","0","高雄市","彌陀區","120.245","22.785","28"
"332","113985","20221005094000","308","1","高雄市","彌陀區","120.245","22.790","357"
"39","113992","20221005094000","29","2","高雄市","橋頭區","120.300","22.765","41"
"20","113994","20221005094000","452","0","高雄市","橋頭區","120.320","22.735","11"
"398","113997","20221005094000","362","1","高雄市","橋頭區","120.315","22.745","423"
"308","114001","20221005094000","482","0","高雄市","橋頭區","120.315","22.760","308"
"276","114004","20221005094000","339","0","高雄市","橋頭區","120.310","22.760","274"
"1104","114006","20221005094000","1093","1","高雄市","橋頭區","120.310","22.765","1063"
"11","114029","20221005094000","12","0","高雄市","旗山區","120.450","22.825","11"
"329","114050","20221005094000","324","1","高雄市","橋頭區","120.300","22.740","310"
"542","114055","20221005094000","384","2","高雄市","橋頭區","120.295","22.735","509"
"213","114057","20221005094000","333","0","高雄市","橋頭區","120.295","22.740","229"
"78","114059","20221005094000","489","0","高雄市","橋頭區","120.290","22.765","56"
"507","114062","20221005094000","387","2","高雄市","橋頭區","120.270","22.735","554"
"24","114068","20221005094000","260","0","高雄市","橋頭區","120.280","22.745","23"
"506","114075","20221005094000","410","2","高雄市","永安區","120.240","22.820","513"
"272","114077","20221005094000","222","2","高雄市","永安區","120.250","22.820","276"
"365","114094","20221005094000","344","1","高雄市","永安區","120.210","22.810","336"
"86","114108","20221005094000","48","3","高雄市","永安區","120.205","22.825","76"
"46","114112","20221005094000","630","0","高雄市","路竹區","120.260","22.835","48"
"3423","114116","20221005094000","3879","0","臺東縣","臺東市","121.150","22.755","3345"
"2663","114117","20221005094000","2050","2","臺東縣","臺東市","121.145","22.760","2589"
"748","114118","20221005094000","862","0","臺東縣","臺東市","121.150","22.760","792"
"313","114125","20221005094000","305","1","臺東縣","臺東市","121.115","22.750","344"
"1092","114128","20221005094000","895","2","臺東縣","臺東市","121.135","22.755","1083"
"800","114129","20221005094000","717","1","臺東縣","臺東市","121.140","22.760","746"
"307","114130","20221005094000","1737","0","臺東縣","臺東市","121.150","22.750","206"
"432","114135","20221005094000","307","2","臺東縣","臺東市","121.100","22.740","443"
"1241","114143","20221005094000","1620","0","高雄市","燕巢區","120.360","22.765","1175"
"3150","114144","20221005094000","2448","2","高雄市","燕巢區","120.365","22.765","3062"
"760","114154","20221005094000","1014","0","高雄市","燕巢區","120.360","22.770","771"
"536","114155","20221005094000","328","3","高雄市","岡山區","120.315","22.775","550"
"38","114158","20221005094000","45","0","高雄市","燕巢區","120.330","22.775","61"
"1006","114160","20221005094000","928","1","高雄市","燕巢區","120.340","22.775","1012"
"294","114174","20221005094000","298","0","高雄市","燕巢區","120.360","22.775","289"
"113","114194","20221005094000","71","3","高雄市","燕巢區","120.400","22.810","95"
"135","114204","20221005094000","180","0","高雄市","燕巢區","120.340","22.755","166"
"170","114206","20221005094000","320","0","高雄市","燕巢區","120.350","22.755","207"
"312","114207","20221005094000","279","1","高雄市","燕巢區","120.355","22.755","304"
"871","114210","20221005094000","994","0","高雄市","燕巢區","120.335","22.760","856"
"443","114212","20221005094000","406","1","高雄市","燕巢區","120.345","22.760","449"
"17","114214","20221005094000","170","0","高雄市","燕巢區","120.355","22.760","15"
"78","114226","20221005094000","160","0","高雄市","田寮區","120.420","22.820","63"
"60","114268","20221005094000","53","1","高雄市","岡山區","120.270","22.795","62"
"875","114271","20221005094000","677","2","高雄市","岡山區","120.285","22.795","801"
"851","114274","20221005094000","651","2","高雄市","岡山區","120.280","22.780","835"
"633","114276","20221005094000","458","2","高雄市","梓官區","120.265","22.750","602"
"518","114278","20221005094000","412","2","高雄市","梓官區","120.260","22.745","509"
"206","114279","20221005094000","110","3","高雄市","梓官區","120.265","22.745","198"
"692","114288","20221005094000","532","2","高雄市","梓官區","120.265","22.760","698"
"1190","114295","20221005094000","895","2","高雄市","梓官區","120.270","22.760","1242"
"367","114297","20221005094000","304","2","高雄市","梓官區","120.245","22.740","372"
"314","114302","20221005094000","255","2","高雄市","梓官區","120.245","22.750","308"
"319","114304","20221005094000","258","2","高雄市","梓官區","120.250","22.735","328"
"449","114307","20221005094000","619","0","高雄市","橋頭區","120.310","22.750","465"
"128","114308","20221005094000","53","3","高雄市","橋頭區","120.315","22.755","105"
"657","114309","20221005094000","1180","0","高雄市","橋頭區","120.310","22.755","637"
"669","114311","20221005094000","853","0","高雄市","橋頭區","120.305","22.735","594"
"35","114315","20221005094000","202","0","高雄市","橋頭區","120.305","22.740","33"
"465","114318","20221005094000","377","2","高雄市","橋頭區","120.310","22.745","477"
"418","114322","20221005094000","312","2","高雄市","橋頭區","120.300","22.755","386"
"67","114344","20221005094000","59","1","高雄市","旗山區","120.440","22.785","64"
"34","114349","20221005094000","50","0","高雄市","旗山區","120.430","22.790","39"
"29","114358","20221005094000","42","0","高雄市","旗山區","120.435","22.795","66"
"252","114363","20221005094000","258","0","高雄市","旗山區","120.460","22.795","198"
"217","114393","20221005094000","64","3","高雄市","旗山區","120.455","22.815","214"
"124","114395","20221005094000","92","2","高雄市","旗山區","120.465","22.815","143"
"553","114407","20221005094000","699","0","高雄市","旗山區","120.465","22.840","542"
"59","114408","20221005094000","77","0","高雄市","旗山區","120.450","22.845","76"
"42","114416","20221005094000","402","0","高雄市","梓官區","120.270","22.765","44"
"52","114421","20221005094000","932","0","高雄市","梓官區","120.260","22.740","44"
"303","114422","20221005094000","233","2","高雄市","橋頭區","120.265","22.740","274"
"12","114424","20221005094000","257","0","臺東縣","卑南鄉","121.160","22.790","12"
"129","114448","20221005094000","92","2","臺東縣","卑南鄉","121.180","22.805","151"
"112","114462","20221005094000","87","2","臺東縣","卑南鄉","121.150","22.820","107"
"97","114473","20221005094000","89","1","臺東縣","卑南鄉","121.150","22.830","69"
"280","114575","20221005094000","139","3","臺東縣","卑南鄉","121.055","22.745","135"
"231","114700","20221005094000","250","0","臺東縣","臺東市","121.045","22.760","267"
"257","114840","20221005094000","159","3","臺東縣","卑南鄉","121.070","22.795","247"
"448","114846","20221005094000","408","1","臺東縣","卑南鄉","121.065","22.800","439"
"430","114971","20221005094000","479","0","臺東縣","臺東市","121.125","22.740","392"
"22","114972","20221005094000","318","0","臺東縣","臺東市","121.130","22.740","22"
"781","114977","20221005094000","728","1","臺東縣","臺東市","121.135","22.740","678"
"850","114979","20221005094000","921","0","臺東縣","臺東市","121.120","22.735","809"
"10","114990","20221005094000","15","0","高雄市","岡山區","120.345","22.820","10"
"1400","115004","20221005094000","1093","2","高雄市","岡山區","120.285","22.790","1278"
"41","115005","20221005094000","25","3","高雄市","岡山區","120.290","22.790","39"
"233","115006","20221005094000","163","2","高雄市","岡山區","120.295","22.785","222"
"27","115293","20221005094000","22","2","高雄市","田寮區","120.370","22.825","26"
"212","115298","20221005094000","177","1","高雄市","田寮區","120.360","22.830","201"
"109","115300","20221005094000","105","1","高雄市","田寮區","120.370","22.830","107"
"102","115304","20221005094000","99","1","高雄市","田寮區","120.355","22.835","105"
"161","115311","20221005094000","143","1","高雄市","田寮區","120.395","22.835","100"
"226","115312","20221005094000","154","2","高雄市","田寮區","120.345","22.840","208"
"57","115319","20221005094000","51","1","高雄市","田寮區","120.345","22.845","61"
"68","115329","20221005094000","69","0","高雄市","旗山區","120.435","22.830","45"
"122","115367","20221005094000","721","0","高雄市","燕巢區","120.355","22.790","95"
"343","115368","20221005094000","276","2","高雄市","燕巢區","120.360","22.790","340"
"117","115373","20221005094000","106","1","高雄市","燕巢區","120.360","22.780","116"
"484","115374","20221005094000","410","1","高雄市","燕巢區","120.325","22.785","526"
"476","115375","20221005094000","482","0","高雄市","燕巢區","120.330","22.785","469"
"308","115377","20221005094000","244","2","高雄市","燕巢區","120.340","22.785","285"
"411","115380","20221005094000","460","0","高雄市","燕巢區","120.355","22.785","396"
"415","115382","20221005094000","290","2","高雄市","燕巢區","120.340","22.790","390"
"355","115384","20221005094000","229","3","高雄市","燕巢區","120.350","22.790","327"
"17","115394","20221005094000","19","0","高雄市","燕巢區","120.355","22.810","16"
"32","115398","20221005094000","22","2","高雄市","燕巢區","120.375","22.810","24"
"94","115401","20221005094000","88","1","高雄市","燕巢區","120.390","22.810","81"
"69","115402","20221005094000","68","1","高雄市","燕巢區","120.355","22.815","94"
"147","115429","20221005094000","120","2","高雄市","燕巢區","120.365","22.790","132"
"356","115436","20221005094000","351","1","高雄市","燕巢區","120.365","22.795","366"
"90","115437","20221005094000","90","1","高雄市","燕巢區","120.370","22.795","98"
"19","115438","20221005094000","25","0","高雄市","燕巢區","120.375","22.795","29"
"853","115447","20221005094000","1002","0","高雄市","燕巢區","120.375","22.760","813"
"1324","115450","20221005094000","1157","1","高雄市","燕巢區","120.375","22.765","1366"
"239","115453","20221005094000","230","1","高雄市","燕巢區","120.390","22.765","196"
"15","115456","20221005094000","16","0","高雄市","燕巢區","120.415","22.765","17"
"14","115458","20221005094000","76","0","高雄市","燕巢區","120.385","22.770","14"
"14","115461","20221005094000","70","0","高雄市","燕巢區","120.400","22.770","19"
"113","115463","20221005094000","60","3","高雄市","燕巢區","120.410","22.770","112"
"359","115472","20221005094000","275","2","高雄市","燕巢區","120.385","22.775","343"
"226","115473","20221005094000","149","3","高雄市","燕巢區","120.390","22.775","224"
"167","115475","20221005094000","120","2","高雄市","燕巢區","120.400","22.775","152"
"34","115478","20221005094000","41","0","高雄市","燕巢區","120.415","22.775","44"
"161","115482","20221005094000","92","3","高雄市","燕巢區","120.385","22.780","160"
"238","115486","20221005094000","194","2","高雄市","燕巢區","120.405","22.780","238"
"130","115500","20221005094000","109","1","高雄市","燕巢區","120.420","22.780","112"
"328","115501","20221005094000","185","3","高雄市","燕巢區","120.425","22.780","290"
"16","115506","20221005094000","183","0","高雄市","燕巢區","120.405","22.785","16"
"23","115507","20221005094000","38","0","高雄市","燕巢區","120.410","22.785","13"
"196","115513","20221005094000","175","1","高雄市","燕巢區","120.405","22.790","60"
"317","115519","20221005094000","143","3","高雄市","燕巢區","120.410","22.795","109"
"408","115523","20221005094000","327","2","高雄市","岡山區","120.315","22.785","387"
"533","115524","20221005094000","656","0","高雄市","燕巢區","120.320","22.785","488"
"19","115528","20221005094000","359","0","高雄市","燕巢區","120.330","22.790","17"
"71","115531","20221005094000","323","0","高雄市","燕巢區","120.325","22.795","52"
"350","115537","20221005094000","592","0","高雄市","燕巢區","120.335","22.800","351"
"673","115543","20221005094000","604","1","高雄市","燕巢區","120.355","22.795","724"
"138","115544","20221005094000","91","3","高雄市","燕巢區","120.360","22.795","124"
"470","115546","20221005094000","490","0","高雄市","燕巢區","120.355","22.800","528"
"589","115555","20221005094000","1402","0","高雄市","楠梓區","120.325","22.735","558"
"1092","115556","20221005094000","667","3","高雄市","楠梓區","120.330","22.735","1094"
"699","115557","20221005094000","1000","0","高雄市","楠梓區","120.335","22.735","653"
"715","115559","20221005094000","782","0","高雄市","楠梓區","120.330","22.740","770"
"756","115560","20221005094000","726","1","高雄市","楠梓區","120.335","22.740","743"
"50","115562","20221005094000","456","0","高雄市","楠梓區","120.330","22.745","40"
"27","115563","20221005094000","217","0","高雄市","橋頭區","120.325","22.750","27"
"642","115564","20221005094000","458","2","高雄市","楠梓區","120.330","22.750","627"
"128","115565","20221005094000","64","3","高雄市","岡山區","120.305","22.780","108"
"204","115567","20221005094000","160","2","高雄市","岡山區","120.315","22.825","214"
"398","115568","20221005094000","396","1","高雄市","岡山區","120.325","22.825","419"
"280","115576","20221005094000","591","0","高雄市","岡山區","120.315","22.815","264"
"700","115577","20221005094000","584","1","高雄市","岡山區","120.320","22.815","702"
"80","115580","20221005094000","91","0","高雄市","岡山區","120.325","22.820","83"
"94","115598","20221005094000","2095","0","高雄市","岡山區","120.295","22.795","91"
"241","115599","20221005094000","188","2","高雄市","岡山區","120.290","22.800","211"
"599","115600","20221005094000","517","1","高雄市","岡山區","120.295","22.800","565"
"738","115616","20221005094000","766","0","臺東縣","臺東市","121.105","22.770","718"
"366","115617","20221005094000","247","2","臺東縣","臺東市","121.110","22.770","330"
"52","115618","20221005094000","463","0","臺東縣","臺東市","121.115","22.770","52"
"16","115621","20221005094000","194","0","高雄市","大樹區","120.445","22.755","15"
"247","115631","20221005094000","118","3","高雄市","大樹區","120.420","22.765","189"
"17","115632","20221005094000","15","1","高雄市","大樹區","120.425","22.765","14"
"137","115636","20221005094000","155","0","高雄市","大樹區","120.445","22.765","130"
"16","115639","20221005094000","14","1","高雄市","大樹區","120.425","22.770","16"
"237","115644","20221005094000","199","1","高雄市","大樹區","120.450","22.770","219"
"159","115647","20221005094000","81","3","高雄市","旗山區","120.430","22.775","130"
"750","115648","20221005094000","481","3","高雄市","岡山區","120.300","22.815","757"
"1045","115657","20221005094000","850","2","高雄市","岡山區","120.300","22.820","1085"
"563","115660","20221005094000","544","1","高雄市","岡山區","120.315","22.820","576"
"251","115663","20221005094000","133","3","高雄市","岡山區","120.295","22.830","286"
"244","115664","20221005094000","188","2","高雄市","岡山區","120.290","22.795","223"
"690","115665","20221005094000","610","1","高雄市","岡山區","120.285","22.800","649"
"20","115669","20221005094000","232","0","高雄市","燕巢區","120.325","22.800","20"
"17","115670","20221005094000","63","0","高雄市","岡山區","120.310","22.805","22"
"97","115676","20221005094000","208","0","高雄市","岡山區","120.320","22.810","91"
"240","115684","20221005094000","269","0","高雄市","岡山區","120.305","22.775","221"
"11","115686","20221005094000","21","0","高雄市","岡山區","120.310","22.775","15"
"63","115687","20221005094000","477","0","高雄市","岡山區","120.300","22.780","64"
"23","115690","20221005094000","816","0","高雄市","岡山區","120.300","22.785","37"
"101","115691","20221005094000","1408","0","高雄市","岡山區","120.290","22.805","114"
"159","115692","20221005094000","259","0","高雄市","岡山區","120.295","22.805","163"
"141","115694","20221005094000","836","0","高雄市","岡山區","120.295","22.790","125"
"138","115706","20221005094000","121","1","高雄市","彌陀區","120.240","22.755","186"
"185","115708","20221005094000","138","2","高雄市","梓官區","120.250","22.755","124"
"159","115709","20221005094000","96","3","高雄市","彌陀區","120.235","22.760","142"
"160","115713","20221005094000","146","1","高雄市","彌陀區","120.240","22.765","156"
"325","115714","20221005094000","423","0","高雄市","彌陀區","120.250","22.780","346"
"373","115717","20221005094000","311","1","臺東縣","臺東市","121.140","22.740","346"
"252","115718","20221005094000","162","3","臺東縣","臺東市","121.130","22.745","247"
"1284","115719","20221005094000","1370","0","臺東縣","臺東市","121.135","22.745","1300"
"51","115720","20221005094000","361","0","臺東縣","臺東市","121.140","22.745","51"
"691","115721","20221005094000","688","1","臺東縣","臺東市","121.130","22.750","597"
"649","115722","20221005094000","484","2","臺東縣","臺東市","121.135","22.750","622"
"394","115724","20221005094000","270","2","臺東縣","臺東市","121.120","22.750","366"
"454","115727","20221005094000","438","1","臺東縣","臺東市","121.130","22.755","363"
"618","115728","20221005094000","822","0","臺東縣","臺東市","121.120","22.760","638"
"176","115732","20221005094000","171","1","臺東縣","臺東市","121.090","22.760","204"
"347","115739","20221005094000","365","0","臺東縣","臺東市","121.095","22.765","359"
"802","115745","20221005094000","887","0","臺東縣","臺東市","121.095","22.770","762"
"247","115749","20221005094000","169","2","高雄市","阿蓮區","120.335","22.835","237"
"22","115751","20221005094000","14","3","高雄市","阿蓮區","120.325","22.840","20"
"1320","115782","20221005094000","940","2","高雄市","岡山區","120.300","22.795","1341"
"1013","115783","20221005094000","1017","0","高雄市","岡山區","120.305","22.795","1037"
"84","115784","20221005094000","73","1","高雄市","岡山區","120.310","22.795","75"
"906","115787","20221005094000","815","1","高雄市","岡山區","120.270","22.780","873"
"110","115788","20221005094000","538","0","高雄市","岡山區","120.270","22.785","117"
"183","115791","20221005094000","740","0","高雄市","岡山區","120.285","22.785","187"
"367","115793","20221005094000","380","0","高雄市","彌陀區","120.250","22.785","371"
"978","115795","20221005094000","811","2","高雄市","彌陀區","120.235","22.795","1014"
"91","115804","20221005094000","91","1","高雄市","彌陀區","120.245","22.775","104"
"145","115805","20221005094000","109","2","高雄市","彌陀區","120.245","22.765","133"
"128","115808","20221005094000","119","1","高雄市","彌陀區","120.245","22.770","122"
"28","115810","20221005094000","326","0","高雄市","彌陀區","120.255","22.770","36"
"1148","115819","20221005094000","746","3","高雄市","岡山區","120.305","22.785","1113"
"415","115820","20221005094000","1622","0","高雄市","岡山區","120.300","22.790","400"
"861","115821","20221005094000","888","0","高雄市","岡山區","120.305","22.790","823"
"902","115833","20221005094000","586","3","高雄市","岡山區","120.265","22.815","914"
"918","115834","20221005094000","833","1","高雄市","岡山區","120.270","22.815","915"
"525","115836","20221005094000","442","1","高雄市","岡山區","120.255","22.820","490"
"441","115841","20221005094000","397","1","高雄市","岡山區","120.265","22.820","447"
"609","115844","20221005094000","431","2","高雄市","岡山區","120.300","22.830","592"
"711","115849","20221005094000","892","0","高雄市","阿蓮區","120.305","22.835","689"
"73","115851","20221005094000","275","0","高雄市","岡山區","120.280","22.810","54"
"562","115852","20221005094000","414","2","高雄市","岡山區","120.285","22.810","573"
"291","115855","20221005094000","269","1","高雄市","岡山區","120.285","22.815","278"
"80","115856","20221005094000","579","0","高雄市","岡山區","120.290","22.815","73"
"450","115872","20221005094000","310","2","高雄市","彌陀區","120.250","22.775","401"
"21","115876","20221005094000","16","2","高雄市","大社區","120.345","22.735","19"
"31","115878","20221005094000","523","0","高雄市","大社區","120.360","22.740","23"
"212","115879","20221005094000","251","0","高雄市","大社區","120.365","22.740","201"
"469","115883","20221005094000","455","1","高雄市","大社區","120.345","22.740","503"
"799","115886","20221005094000","657","2","高雄市","楠梓區","120.335","22.745","746"
"662","115889","20221005094000","1055","0","高雄市","大社區","120.350","22.745","617"
"195","115892","20221005094000","526","0","高雄市","燕巢區","120.340","22.750","156"
"27","115895","20221005094000","14","3","高雄市","大社區","120.355","22.750","22"
"401","115897","20221005094000","311","2","高雄市","大社區","120.365","22.750","432"
"36","115911","20221005094000","47","0","高雄市","大社區","120.395","22.745","47"
"13","115922","20221005094000","34","0","高雄市","大社區","120.405","22.750","18"
"20","115927","20221005094000","103","0","高雄市","大社區","120.390","22.755","20"
"13","115937","20221005094000","11","1","高雄市","燕巢區","120.400","22.765","10"
"262","115941","20221005094000","165","3","高雄市","大社區","120.370","22.735","229"
"275","115943","20221005094000","290","0","高雄市","大社區","120.380","22.735","282"
"36","115944","20221005094000","24","3","高雄市","大社區","120.380","22.740","36"
"435","115946","20221005094000","403","1","高雄市","岡山區","120.275","22.775","444"
"770","115949","20221005094000","615","2","高雄市","岡山區","120.310","22.790","728"
"566","115953","20221005094000","616","0","高雄市","岡山區","120.300","22.800","644"
"47","115954","20221005094000","446","0","高雄市","岡山區","120.305","22.800","47"
"101","115966","20221005094000","65","3","高雄市","旗山區","120.425","22.815","77"
"18","115972","20221005094000","12","3","高雄市","旗山區","120.435","22.825","14"
"113","124145","20221005094000","376","0","屏東縣","高樹鄉","120.610","22.850","118"
"113","124161","20221005094000","237","0","屏東縣","高樹鄉","120.630","22.865","101"
"186","124176","20221005094000","64","3","屏東縣","高樹鄉","120.640","22.880","198"
"23","124193","20221005094000","28","0","臺南市","仁德區","120.245","22.935","24"
"585","124197","20221005094000","638","0","臺南市","仁德區","120.250","22.940","574"
"99","124211","20221005094000","70","2","臺南市","關廟區","120.330","22.910","99"
"381","124220","20221005094000","442","0","臺南市","關廟區","120.345","22.915","383"
"103","124243","20221005094000","162","0","高雄市","茄萣區","120.205","22.855","116"
"367","124253","20221005094000","302","2","臺南市","仁德區","120.215","22.910","379"
"233","124255","20221005094000","157","2","高雄市","湖內區","120.225","22.905","239"
"20","124262","20221005094000","421","0","臺南市","南區","120.185","22.920","16"
"475","124271","20221005094000","606","0","臺南市","歸仁區","120.270","22.920","449"
"1021","124275","20221005094000","1464","0","臺南市","歸仁區","120.285","22.920","1030"
"361","124278","20221005094000","249","2","臺南市","歸仁區","120.280","22.925","365"
"53","124291","20221005094000","96","0","臺南市","南區","120.175","22.940","44"
"938","124293","20221005094000","1088","0","臺南市","仁德區","120.245","22.925","910"
"15","124295","20221005094000","14","1","臺南市","仁德區","120.240","22.930","15"
"472","124314","20221005094000","983","0","臺南市","仁德區","120.260","22.945","444"
"1052","124322","20221005094000","1317","0","臺南市","歸仁區","120.270","22.905","1056"
"524","124323","20221005094000","523","1","臺南市","仁德區","120.255","22.910","508"
"392","124338","20221005094000","305","2","臺南市","仁德區","120.250","22.910","427"
"44","124352","20221005094000","54","0","臺南市","關廟區","120.325","22.950","49"
"531","124363","20221005094000","279","3","臺南市","關廟區","120.335","22.930","632"
"1046","124386","20221005094000","880","1","臺南市","仁德區","120.255","22.950","1015"
"13","124396","20221005094000","11","1","臺南市","仁德區","120.225","22.935","13"
"57","124397","20221005094000","60","0","臺南市","仁德區","120.230","22.935","46"
"37","124404","20221005094000","118","0","臺南市","仁德區","120.230","22.940","20"
"195","124408","20221005094000","389","0","臺南市","仁德區","120.230","22.945","162"
"156","124415","20221005094000","169","0","臺南市","仁德區","120.260","22.950","143"
"29","124430","20221005094000","28","1","臺南市","歸仁區","120.290","22.925","35"
"148","124431","20221005094000","181","0","臺南市","歸仁區","120.295","22.925","364"
"416","124453","20221005094000","396","1","臺南市","歸仁區","120.300","22.940","476"
"965","124469","20221005094000","464","3","臺南市","南區","120.180","22.930","1013"
"27","124474","20221005094000","213","0","臺南市","南區","120.190","22.935","26"
"52","124481","20221005094000","55","0","臺南市","歸仁區","120.275","22.905","52"
"47","124491","20221005094000","381","0","臺南市","歸仁區","120.275","22.910","52"
"157","124494","20221005094000","297","0","臺南市","歸仁區","120.285","22.910","158"
"820","124526","20221005094000","767","1","臺南市","歸仁區","120.275","22.950","815"
"273","124527","20221005094000","290","0","臺南市","歸仁區","120.280","22.950","275"
"97","124538","20221005094000","144","0","臺南市","仁德區","120.220","22.920","87"
"419","124546","20221005094000","470","0","臺南市","南區","120.215","22.950","404"
"43","124548","20221005094000","71","0","臺南市","仁德區","120.220","22.945","30"
"239","124549","20221005094000","219","1","臺南市","仁德區","120.220","22.950","217"
"384","124551","20221005094000","383","1","臺南市","仁德區","120.235","22.915","371"
"1341","124552","20221005094000","1320","1","臺南市","仁德區","120.225","22.920","1356"
"333","124553","20221005094000","823","0","臺南市","仁德區","120.230","22.920","343"
"736","124557","20221005094000","789","0","臺南市","仁德區","120.250","22.920","747"
"636","124559","20221005094000","816","0","臺南市","仁德區","120.225","22.925","609"
"281","124565","20221005094000","248","1","臺南市","仁德區","120.220","22.915","274"
"970","124569","20221005094000","835","1","臺南市","仁德區","120.215","22.915","937"
"765","124585","20221005094000","467","3","臺南市","南區","120.180","22.945","735"
"472","124591","20221005094000","455","1","臺南市","南區","120.185","22.950","504"
"55","124593","20221005094000","36","3","臺南市","南區","120.195","22.950","43"
"66","124601","20221005094000","57","1","高雄市","茂林區","120.685","22.905","67"
"1172","124642","20221005094000","1010","1","高雄市","茄萣區","120.185","22.895","1106"
"19","124648","20221005094000","13","2","高雄市","內門區","120.450","22.920","27"
"220","124661","20221005094000","290","0","高雄市","美濃區","120.525","22.850","247"
"95","124668","20221005094000","94","1","高雄市","美濃區","120.535","22.850","101"
"215","124671","20221005094000","308","0","高雄市","美濃區","120.550","22.850","218"
"292","124678","20221005094000","344","0","高雄市","美濃區","120.535","22.860","274"
"192","124706","20221005094000","141","2","高雄市","美濃區","120.580","22.920","195"
"12","124745","20221005094000","22","0","高雄市","美濃區","120.585","22.940","12"
"1163","124774","20221005094000","1061","1","高雄市","美濃區","120.545","22.900","1128"
"242","124778","20221005094000","152","3","高雄市","美濃區","120.555","22.905","245"
"233","124780","20221005094000","209","1","高雄市","美濃區","120.545","22.910","232"
"312","124803","20221005094000","156","3","高雄市","美濃區","120.535","22.865","281"
"413","124809","20221005094000","267","3","高雄市","美濃區","120.535","22.875","412"
"217","124812","20221005094000","162","2","高雄市","美濃區","120.535","22.880","238"
"247","124818","20221005094000","174","2","高雄市","美濃區","120.555","22.885","239"
"260","124831","20221005094000","301","0","高雄市","內門區","120.460","22.925","252"
"161","124869","20221005094000","66","3","高雄市","內門區","120.470","22.910","148"
"267","124903","20221005094000","234","1","高雄市","內門區","120.465","22.940","295"
"85","124908","20221005094000","227","0","高雄市","內門區","120.460","22.920","82"
"24","124929","20221005094000","14","3","高雄市","內門區","120.475","22.940","13"
"10","124935","20221005094000","11","0","高雄市","內門區","120.490","22.940","10"
"10","124948","20221005094000","19","0","臺南市","龍崎區","120.360","22.940","16"
"43","124962","20221005094000","26","3","臺南市","龍崎區","120.380","22.950","37"
"22","124976","20221005094000","22","1","臺南市","龍崎區","120.395","22.930","19"
"128","124995","20221005094000","86","2","臺南市","龍崎區","120.365","22.915","115"
"240","125006","20221005094000","266","0","臺南市","龍崎區","120.350","22.930","228"
"515","125045","20221005094000","437","1","臺南市","龍崎區","120.425","22.940","486"
"14","125051","20221005094000","16","0","臺南市","龍崎區","120.400","22.950","10"
"21","125061","20221005094000","20","1","臺南市","龍崎區","120.420","22.945","20"
"107","125099","20221005094000","224","0","臺東縣","卑南鄉","121.090","22.865","107"
"13","125131","20221005094000","75","0","臺東縣","卑南鄉","121.135","22.860","13"
"285","125138","20221005094000","303","0","臺東縣","卑南鄉","121.125","22.870","323"
"18","125172","20221005094000","76","0","臺東縣","卑南鄉","121.190","22.850","123"
"708","125177","20221005094000","646","1","高雄市","湖內區","120.235","22.900","704"
"179","125178","20221005094000","271","0","臺南市","仁德區","120.235","22.905","178"
"984","125179","20221005094000","541","3","高雄市","湖內區","120.230","22.910","978"
"427","125186","20221005094000","295","2","高雄市","路竹區","120.275","22.870","419"
"404","125192","20221005094000","541","0","高雄市","路竹區","120.265","22.885","399"
"286","125206","20221005094000","268","1","高雄市","路竹區","120.270","22.870","301"
"693","125207","20221005094000","713","0","高雄市","路竹區","120.255","22.875","722"
"300","125215","20221005094000","167","3","高雄市","茄萣區","120.180","22.910","301"
"488","125229","20221005094000","474","1","高雄市","路竹區","120.290","22.865","449"
"331","125232","20221005094000","336","0","高雄市","路竹區","120.245","22.860","327"
"927","125234","20221005094000","772","2","高雄市","路竹區","120.255","22.860","954"
"148","125242","20221005094000","127","1","高雄市","路竹區","120.250","22.855","144"
"39","125244","20221005094000","50","0","高雄市","路竹區","120.260","22.865","30"
"333","125249","20221005094000","436","0","高雄市","路竹區","120.235","22.860","346"
"287","125257","20221005094000","382","0","高雄市","路竹區","120.260","22.860","284"
"50","125258","20221005094000","34","2","高雄市","路竹區","120.255","22.865","46"
"345","125263","20221005094000","307","1","高雄市","路竹區","120.225","22.855","353"
"186","125284","20221005094000","86","3","高雄市","旗山區","120.515","22.855","147"
"429","125285","20221005094000","324","2","高雄市","旗山區","120.490","22.860","444"
"35","125295","20221005094000","89","0","高雄市","旗山區","120.490","22.880","43"
"420","125296","20221005094000","213","3","高雄市","旗山區","120.495","22.880","423"
"420","125297","20221005094000","431","0","高雄市","旗山區","120.500","22.880","428"
"771","125340","20221005094000","855","0","高雄市","旗山區","120.480","22.895","768"
"133","125343","20221005094000","329","0","高雄市","旗山區","120.480","22.900","119"
"827","125346","20221005094000","871","0","高雄市","旗山區","120.475","22.905","862"
"29","125349","20221005094000","486","0","高雄市","旗山區","120.485","22.905","29"
"90","125360","20221005094000","470","0","高雄市","湖內區","120.250","22.880","66"
"231","125361","20221005094000","444","0","高雄市","湖內區","120.245","22.885","225"
"49","125366","20221005094000","216","0","高雄市","湖內區","120.240","22.890","67"
"483","125367","20221005094000","331","2","高雄市","湖內區","120.245","22.890","492"
"56","125374","20221005094000","75","0","高雄市","旗山區","120.445","22.885","83"
"34","125393","20221005094000","62","0","高雄市","內門區","120.420","22.910","47"
"21","125438","20221005094000","23","0","高雄市","茂林區","120.650","22.880","30"
"109","125487","20221005094000","116","0","高雄市","六龜區","120.620","22.890","136"
"168","125491","20221005094000","127","2","高雄市","六龜區","120.625","22.895","144"
"133","125506","20221005094000","153","0","高雄市","六龜區","120.635","22.910","147"
"10","125528","20221005094000","16","0","高雄市","六龜區","120.615","22.880","16"
"35","125541","20221005094000","67","0","高雄市","六龜區","120.615","22.885","41"
"137","125543","20221005094000","131","1","高雄市","六龜區","120.625","22.885","141"
"137","125591","20221005094000","86","3","高雄市","六龜區","120.645","22.925","159"
"468","125608","20221005094000","457","1","高雄市","路竹區","120.265","22.865","474"
"272","125613","20221005094000","237","1","高雄市","路竹區","120.265","22.850","274"
"105","125614","20221005094000","130","0","高雄市","路竹區","120.260","22.855","83"
"10","125615","20221005094000","511","0","高雄市","路竹區","120.265","22.855","12"
"367","125624","20221005094000","286","2","高雄市","路竹區","120.290","22.875","367"
"221","125626","20221005094000","151","2","高雄市","路竹區","120.295","22.875","209"
"633","125629","20221005094000","506","2","高雄市","路竹區","120.285","22.880","631"
"219","125646","20221005094000","300","0","臺南市","關廟區","120.345","22.905","208"
"261","125659","20221005094000","211","2","高雄市","阿蓮區","120.290","22.895","257"
"277","125660","20221005094000","297","0","高雄市","阿蓮區","120.295","22.895","276"
"581","125667","20221005094000","595","0","臺南市","歸仁區","120.280","22.905","575"
"34","125675","20221005094000","108","0","高雄市","湖內區","120.195","22.910","37"
"353","125676","20221005094000","145","3","高雄市","湖內區","120.200","22.910","386"
"72","125737","20221005094000","394","0","高雄市","田寮區","120.370","22.865","47"
"81","125772","20221005094000","70","1","高雄市","田寮區","120.400","22.890","63"
"27","125779","20221005094000","40","0","高雄市","田寮區","120.400","22.895","27"
"39","125825","20221005094000","20","3","臺東縣","東河鄉","121.270","22.930","80"
"82","125838","20221005094000","45","3","臺東縣","東河鄉","121.275","22.940","121"
"184","125849","20221005094000","110","3","臺東縣","鹿野鄉","121.150","22.930","168"
"21","125863","20221005094000","29","0","臺東縣","鹿野鄉","121.150","22.940","21"
"1344","125884","20221005094000","1318","1","高雄市","旗山區","120.480","22.880","1299"
"618","125896","20221005094000","642","0","高雄市","美濃區","120.540","22.900","620"
"29","125917","20221005094000","40","0","高雄市","美濃區","120.535","22.900","29"
"143","125941","20221005094000","140","1","高雄市","美濃區","120.565","22.865","140"
"10","125950","20221005094000","16","0","高雄市","美濃區","120.570","22.870","21"
"32","125951","20221005094000","28","1","高雄市","美濃區","120.575","22.870","37"
"79","125952","20221005094000","73","1","高雄市","美濃區","120.580","22.870","69"
"296","125955","20221005094000","266","1","高雄市","美濃區","120.565","22.875","313"
"161","125966","20221005094000","107","3","高雄市","美濃區","120.545","22.880","145"
"15","125969","20221005094000","14","1","高雄市","美濃區","120.530","22.885","10"
"96","125970","20221005094000","80","2","高雄市","美濃區","120.535","22.885","71"
"320","125981","20221005094000","282","1","高雄市","美濃區","120.515","22.875","264"
"153","125989","20221005094000","132","1","高雄市","旗山區","120.505","22.890","136"
"402","125997","20221005094000","267","3","高雄市","美濃區","120.520","22.895","399"
"230","126001","20221005094000","197","1","高雄市","美濃區","120.520","22.900","228"
"404","126010","20221005094000","350","1","高雄市","美濃區","120.560","22.915","400"
"163","126024","20221005094000","127","2","高雄市","美濃區","120.580","22.925","166"
"261","126043","20221005094000","214","2","高雄市","美濃區","120.550","22.865","274"
"291","126059","20221005094000","256","1","高雄市","美濃區","120.575","22.880","328"
"64","126076","20221005094000","74","0","高雄市","美濃區","120.570","22.895","66"
"1048","126092","20221005094000","1324","0","高雄市","旗山區","120.480","22.885","1063"
"206","126096","20221005094000","405","0","高雄市","路竹區","120.265","22.870","193"
"384","126107","20221005094000","425","0","高雄市","路竹區","120.270","22.865","396"
"353","126119","20221005094000","246","2","高雄市","旗山區","120.490","22.920","297"
"267","126120","20221005094000","355","0","高雄市","旗山區","120.495","22.920","258"
"334","126140","20221005094000","201","3","高雄市","路竹區","120.280","22.850","313"
"61","126141","20221005094000","480","0","高雄市","路竹區","120.270","22.855","59"
"1192","126142","20221005094000","1116","1","高雄市","路竹區","120.265","22.860","1279"
"47","126160","20221005094000","31","3","臺東縣","卑南鄉","121.105","22.850","57"
"76","126178","20221005094000","587","0","臺東縣","卑南鄉","121.105","22.860","76"
"25","126183","20221005094000","63","0","臺東縣","卑南鄉","121.100","22.865","25"
"86","126219","20221005094000","317","0","高雄市","茄萣區","120.185","22.890","81"
"492","126227","20221005094000","438","1","高雄市","湖內區","120.235","22.895","470"
"172","126236","20221005094000","127","2","高雄市","湖內區","120.225","22.880","178"
"420","126244","20221005094000","334","2","高雄市","湖內區","120.225","22.895","438"
"334","126247","20221005094000","233","2","高雄市","湖內區","120.240","22.870","343"
"157","126249","20221005094000","118","2","高雄市","湖內區","120.235","22.875","155"
"137","126256","20221005094000","120","1","高雄市","湖內區","120.240","22.885","155"
"667","126258","20221005094000","637","1","高雄市","湖內區","120.250","22.875","688"
"224","126273","20221005094000","155","2","高雄市","美濃區","120.545","22.895","203"
"242","126301","20221005094000","243","0","臺東縣","鹿野鄉","121.085","22.900","228"
"243","126303","20221005094000","274","0","臺東縣","延平鄉","121.075","22.905","237"
"20","126313","20221005094000","36","0","臺東縣","延平鄉","121.090","22.915","18"
"39","126423","20221005094000","29","2","臺東縣","延平鄉","121.100","22.910","52"
"143","127499","20221005094000","228","0","臺東縣","延平鄉","121.150","22.900","118"
"26","127566","20221005094000","45","0","臺東縣","鹿野鄉","121.120","22.920","44"
"20","127569","20221005094000","192","0","臺東縣","鹿野鄉","121.120","22.925","20"
"20","127570","20221005094000","21","0","臺東縣","鹿野鄉","121.125","22.925","20"
"233","127581","20221005094000","141","3","臺東縣","鹿野鄉","121.120","22.930","248"
"118","127584","20221005094000","95","2","臺東縣","鹿野鄉","121.135","22.930","95"
"75","127600","20221005094000","63","1","臺東縣","鹿野鄉","121.135","22.945","90"
"135","127605","20221005094000","116","1","高雄市","田寮區","120.395","22.850","147"
"82","127613","20221005094000","47","3","高雄市","田寮區","120.380","22.875","75"
"247","127617","20221005094000","293","0","高雄市","田寮區","120.385","22.880","212"
"83","127622","20221005094000","92","0","高雄市","田寮區","120.390","22.885","66"
"137","127652","20221005094000","135","1","高雄市","田寮區","120.360","22.880","117"
"156","127664","20221005094000","97","3","高雄市","田寮區","120.370","22.890","132"
"66","127666","20221005094000","137","0","高雄市","田寮區","120.360","22.895","51"
"29","127698","20221005094000","47","0","高雄市","田寮區","120.425","22.885","26"
"262","127704","20221005094000","282","0","高雄市","茄萣區","120.180","22.900","282"
"72","127705","20221005094000","394","0","高雄市","茄萣區","120.185","22.900","69"
"189","127717","20221005094000","174","1","臺東縣","鹿野鄉","121.100","22.895","186"
"94","127724","20221005094000","68","2","臺東縣","鹿野鄉","121.135","22.895","92"
"359","127733","20221005094000","327","1","臺東縣","鹿野鄉","121.135","22.910","310"
"147","127737","20221005094000","126","1","臺東縣","鹿野鄉","121.135","22.920","107"
"249","127754","20221005094000","244","1","臺東縣","鹿野鄉","121.120","22.905","253"
"942","127765","20221005094000","1001","0","臺南市","仁德區","120.220","22.910","901"
"64","127770","20221005094000","185","0","高雄市","湖內區","120.215","22.905","66"
"83","127835","20221005094000","71","1","臺東縣","東河鄉","121.235","22.940","76"
"225","127852","20221005094000","188","1","臺東縣","東河鄉","121.250","22.895","201"
"118","127889","20221005094000","91","2","臺東縣","東河鄉","121.255","22.915","75"
"44","127890","20221005094000","15","3","臺東縣","東河鄉","121.260","22.915","84"
"37","127912","20221005094000","198","0","臺東縣","東河鄉","121.265","22.925","37"
"101","127933","20221005094000","184","0","臺東縣","東河鄉","121.190","22.860","271"
"84","127935","20221005094000","56","3","臺東縣","東河鄉","121.200","22.860","49"
"749","127958","20221005094000","809","0","臺東縣","東河鄉","121.225","22.870","670"
"115","127984","20221005094000","14","3","臺東縣","東河鄉","121.225","22.880","131"
"11","127985","20221005094000","20","0","臺東縣","東河鄉","121.230","22.880","11"
"153","127998","20221005094000","111","2","臺東縣","東河鄉","121.235","22.880","156"
"39","128028","20221005094000","51","0","臺東縣","東河鄉","121.245","22.890","49"
"42","128038","20221005094000","52","0","臺東縣","東河鄉","121.235","22.895","33"
"273","128060","20221005094000","314","0","高雄市","阿蓮區","120.345","22.860","274"
"97","128066","20221005094000","513","0","高雄市","阿蓮區","120.320","22.850","69"
"140","128071","20221005094000","99","2","高雄市","阿蓮區","120.320","22.855","107"
"233","128073","20221005094000","149","3","高雄市","阿蓮區","120.330","22.855","256"
"1169","128075","20221005094000","848","2","高雄市","阿蓮區","120.325","22.875","1127"
"1239","128076","20221005094000","957","2","高雄市","阿蓮區","120.325","22.880","1275"
"27","128078","20221005094000","310","0","高雄市","路竹區","120.305","22.860","19"
"238","128090","20221005094000","219","1","高雄市","阿蓮區","120.310","22.870","241"
"146","128091","20221005094000","101","2","高雄市","阿蓮區","120.315","22.870","116"
"77","128097","20221005094000","76","1","高雄市","阿蓮區","120.315","22.880","82"
"71","128418","20221005094000","69","1","高雄市","茂林區","120.715","22.910","71"
"100","128722","20221005094000","100","1","高雄市","茂林區","120.665","22.885","116"
"73","128723","20221005094000","48","3","高雄市","茂林區","120.670","22.885","88"
"31","128748","20221005094000","249","0","高雄市","旗山區","120.480","22.890","26"
"22","128751","20221005094000","27","0","高雄市","旗山區","120.475","22.850","23"
"659","128754","20221005094000","486","2","高雄市","路竹區","120.300","22.880","617"
"177","128758","20221005094000","150","1","高雄市","阿蓮區","120.305","22.890","169"
"22","128759","20221005094000","175","0","高雄市","阿蓮區","120.310","22.890","15"
"265","128764","20221005094000","221","1","高雄市","阿蓮區","120.330","22.880","255"
"84","128765","20221005094000","615","0","高雄市","阿蓮區","120.335","22.880","926"
"205","128766","20221005094000","165","2","高雄市","阿蓮區","120.340","22.880","188"
"205","128769","20221005094000","149","2","高雄市","阿蓮區","120.330","22.885","212"
"228","128776","20221005094000","157","2","高雄市","阿蓮區","120.320","22.890","211"
"363","128782","20221005094000","198","3","高雄市","阿蓮區","120.335","22.870","288"
"358","128789","20221005094000","272","2","高雄市","田寮區","120.355","22.870","419"
"610","128797","20221005094000","376","3","高雄市","茄萣區","120.185","22.905","588"
"294","128798","20221005094000","137","3","高雄市","茄萣區","120.190","22.905","302"
"184","128803","20221005094000","345","0","高雄市","茄萣區","120.195","22.855","169"
"124","128807","20221005094000","227","0","高雄市","茄萣區","120.195","22.860","126"
"246","128823","20221005094000","203","2","高雄市","茄萣區","120.190","22.870","288"
"325","128824","20221005094000","241","2","高雄市","茄萣區","120.195","22.870","310"
"284","128825","20221005094000","291","0","高雄市","茄萣區","120.200","22.870","282"
"29","128829","20221005094000","12","3","高雄市","茄萣區","120.190","22.875","29"
"374","128830","20221005094000","324","1","高雄市","茄萣區","120.195","22.875","373"
"504","128833","20221005094000","495","1","高雄市","茄萣區","120.210","22.875","516"
"209","128847","20221005094000","191","1","高雄市","茄萣區","120.190","22.910","189"
"493","128850","20221005094000","583","0","高雄市","茄萣區","120.185","22.910","500"
"283","128866","20221005094000","263","1","高雄市","旗山區","120.475","22.870","277"
"73","128884","20221005094000","70","1","高雄市","旗山區","120.455","22.880","66"
"65","128886","20221005094000","124","0","高雄市","旗山區","120.465","22.880","76"
"16","128887","20221005094000","16","1","高雄市","旗山區","120.470","22.880","16"
"669","128898","20221005094000","406","3","高雄市","旗山區","120.470","22.855","650"
"268","128911","20221005094000","320","0","高雄市","旗山區","120.500","22.925","422"
"200","128916","20221005094000","170","1","高雄市","旗山區","120.500","22.930","192"
"153","128946","20221005094000","131","1","高雄市","杉林區","120.525","22.930","149"
"797","134975","20221005094000","451","3","臺南市","安南區","120.210","23.035","782"
"474","134976","20221005094000","349","2","臺南市","安南區","120.210","23.040","476"
"1637","134977","20221005094000","1387","1","臺南市","安南區","120.215","23.040","1648"
"869","134978","20221005094000","818","1","臺南市","安南區","120.215","23.030","805"
"533","134979","20221005094000","427","2","臺南市","安南區","120.215","23.035","524"
"344","134985","20221005094000","306","1","臺南市","安南區","120.195","23.025","353"
"579","134991","20221005094000","428","2","臺南市","關廟區","120.300","22.995","564"
"247","134995","20221005094000","48","3","臺南市","關廟區","120.320","22.995","243"
"514","135015","20221005094000","237","3","臺南市","關廟區","120.305","23.010","513"
"694","135022","20221005094000","733","0","臺南市","關廟區","120.325","22.965","699"
"212","135056","20221005094000","135","3","臺南市","關廟區","120.330","22.965","242"
"638","135061","20221005094000","3302","0","臺南市","中西區","120.210","22.985","599"
"1149","135063","20221005094000","1148","1","臺南市","東區","120.230","22.980","1119"
"511","135064","20221005094000","307","3","臺南市","安南區","120.125","23.040","471"
"785","135074","20221005094000","801","0","臺南市","南區","120.175","22.965","784"
"24","135075","20221005094000","22","1","臺南市","南區","120.180","22.965","21"
"971","135079","20221005094000","1366","0","臺南市","南區","120.185","22.970","946"
"1193","135080","20221005094000","1416","0","臺南市","南區","120.175","22.975","1107"
"429","135081","20221005094000","676","0","臺南市","南區","120.180","22.975","400"
"1067","135083","20221005094000","915","1","臺南市","南區","120.185","22.980","1107"
"1277","135084","20221005094000","792","3","臺南市","北區","120.210","23.020","1205"
"123","135085","20221005094000","1977","0","臺南市","南區","120.200","22.980","1778"
"15","135086","20221005094000","70","0","臺南市","南區","120.205","22.970","15"
"218","135087","20221005094000","174","2","臺南市","南區","120.195","22.970","204"
"668","135088","20221005094000","855","0","臺南市","南區","120.190","22.960","707"
"49","135461","20221005094000","44","1","臺東縣","海端鄉","121.130","23.000","47"
"220","135797","20221005094000","130","3","臺東縣","關山鎮","121.145","23.020","216"
"1607","135951","20221005094000","1353","1","臺南市","永康區","120.230","23.010","1546"
"6250","135952","20221005094000","5410","1","臺南市","永康區","120.225","23.020","6320"
"1582","135953","20221005094000","1279","2","臺南市","永康區","120.220","23.025","1735"
"1299","135954","20221005094000","1231","1","臺南市","永康區","120.225","23.025","1265"
"1304","135956","20221005094000","1270","1","臺南市","永康區","120.235","23.025","1234"
"985","135957","20221005094000","826","1","臺南市","永康區","120.225","23.030","966"
"375","135958","20221005094000","228","3","臺南市","永康區","120.230","23.030","361"
"52","135959","20221005094000","1332","0","臺南市","永康區","120.255","22.995","45"
"876","135960","20221005094000","1111","0","臺南市","永康區","120.255","23.000","868"
"264","135963","20221005094000","334","0","臺南市","永康區","120.260","23.005","248"
"1033","135966","20221005094000","923","1","臺南市","安南區","120.205","23.030","1080"
"550","135967","20221005094000","445","2","臺南市","安南區","120.210","23.030","538"
"734","135969","20221005094000","619","1","臺南市","安南區","120.220","23.040","726"
"1677","135971","20221005094000","1389","2","臺南市","中西區","120.190","23.005","1619"
"121","135972","20221005094000","421","0","臺南市","永康區","120.250","23.005","108"
"558","135980","20221005094000","400","2","臺南市","南區","120.195","22.980","552"
"954","135981","20221005094000","738","2","臺南市","南區","120.190","22.970","896"
"779","135982","20221005094000","1510","0","臺南市","中西區","120.190","23.000","781"
"1792","135983","20221005094000","1141","3","臺南市","中西區","120.195","23.000","1912"
"1745","135984","20221005094000","1484","1","臺南市","中西區","120.175","23.005","1935"
"184","135985","20221005094000","171","1","臺南市","中西區","120.180","23.000","183"
"557","135986","20221005094000","463","2","臺南市","安南區","120.165","23.005","528"
"655","135990","20221005094000","610","1","臺南市","永康區","120.260","23.030","607"
"1141","135991","20221005094000","1180","0","臺南市","永康區","120.260","23.035","1090"
"308","135992","20221005094000","215","2","臺南市","永康區","120.255","23.040","309"
"2514","135993","20221005094000","2351","1","臺南市","永康區","120.230","23.015","2463"
"1046","135994","20221005094000","1028","1","臺南市","永康區","120.230","23.020","1001"
"431","135995","20221005094000","242","3","臺南市","安南區","120.205","23.035","393"
"794","135997","20221005094000","756","1","臺南市","永康區","120.220","23.020","800"
"880","135998","20221005094000","590","2","臺南市","北區","120.195","23.010","883"
"1468","136000","20221005094000","1348","1","臺南市","北區","120.195","23.015","1403"
"665","136001","20221005094000","532","2","臺南市","北區","120.200","23.015","614"
"427","136002","20221005094000","331","2","臺南市","北區","120.195","23.005","443"
"1158","136005","20221005094000","857","2","臺南市","南區","120.190","22.985","1140"
"42","136006","20221005094000","144","0","臺南市","南區","120.210","22.975","39"
"480","136008","20221005094000","329","2","臺南市","北區","120.185","23.010","476"
"510","136009","20221005094000","620","0","臺南市","北區","120.190","23.010","522"
"1755","136013","20221005094000","1506","1","臺南市","中西區","120.195","22.990","1739"
"1292","136014","20221005094000","1192","1","臺南市","仁德區","120.255","22.975","1284"
"203","136018","20221005094000","316","0","臺南市","仁德區","120.255","22.980","202"
"459","136020","20221005094000","278","3","臺南市","北區","120.200","23.010","492"
"246","136021","20221005094000","478","0","臺南市","北區","120.200","23.020","231"
"802","136022","20221005094000","730","1","臺南市","北區","120.205","23.015","1041"
"1992","136023","20221005094000","1012","3","臺南市","北區","120.210","23.015","1947"
"200","136025","20221005094000","130","3","臺南市","北區","120.205","23.020","164"
"663","136030","20221005094000","558","1","臺南市","永康區","120.275","23.030","654"
"1200","136034","20221005094000","834","2","臺南市","永康區","120.235","23.020","1172"
"288","136035","20221005094000","481","0","臺南市","永康區","120.240","23.020","407"
"357","136036","20221005094000","484","0","臺南市","永康區","120.245","23.020","379"
"143","136037","20221005094000","2177","0","臺南市","永康區","120.250","23.020","124"
"105","136038","20221005094000","72","2","臺南市","永康區","120.240","23.025","94"
"930","136042","20221005094000","1145","0","臺南市","永康區","120.250","23.025","955"
"674","136043","20221005094000","372","3","臺南市","關廟區","120.330","22.955","654"
"393","136044","20221005094000","242","3","臺南市","關廟區","120.330","22.960","393"
"474","136049","20221005094000","473","1","臺南市","關廟區","120.335","22.960","504"
"507","136054","20221005094000","291","3","臺南市","關廟區","120.345","22.965","485"
"35","136056","20221005094000","25","2","臺南市","關廟區","120.355","22.965","35"
"1874","136059","20221005094000","1239","3","臺南市","北區","120.205","23.005","2026"
"654","136061","20221005094000","831","0","臺南市","南區","120.200","22.970","728"
"826","136062","20221005094000","780","1","臺南市","中西區","120.205","22.990","863"
"1592","136063","20221005094000","1484","1","臺南市","中西區","120.200","22.985","1546"
"846","136064","20221005094000","2081","0","臺南市","中西區","120.200","22.990","921"
"1170","136065","20221005094000","1053","1","臺南市","中西區","120.200","22.995","1189"
"495","136067","20221005094000","505","0","臺南市","永康區","120.270","22.995","582"
"1344","136071","20221005094000","1339","1","臺南市","永康區","120.255","23.030","1336"
"434","136080","20221005094000","274","3","臺南市","關廟區","120.325","22.955","420"
"652","136081","20221005094000","736","0","臺南市","關廟區","120.315","22.960","656"
"945","136083","20221005094000","494","3","臺南市","關廟區","120.325","22.960","984"
"164","136085","20221005094000","127","2","臺南市","東區","120.220","22.990","192"
"2345","136087","20221005094000","2015","1","臺南市","東區","120.225","22.985","2310"
"980","136088","20221005094000","967","1","臺南市","東區","120.230","22.990","997"
"1883","136089","20221005094000","1561","2","臺南市","東區","120.230","22.995","1859"
"745","136090","20221005094000","551","2","臺南市","東區","120.235","22.995","762"
"992","136091","20221005094000","683","2","臺南市","北區","120.220","23.000","1004"
"465","136093","20221005094000","316","2","臺南市","中西區","120.180","23.005","428"
"1513","136094","20221005094000","1435","1","臺南市","中西區","120.185","23.005","1475"
"1928","136095","20221005094000","1348","2","臺南市","北區","120.225","23.005","1922"
"355","136096","20221005094000","276","2","臺南市","北區","120.225","23.000","367"
"107","136100","20221005094000","88","2","臺南市","仁德區","120.235","22.950","141"
"150","136101","20221005094000","131","1","臺南市","仁德區","120.235","22.955","139"
"859","136102","20221005094000","774","1","臺南市","仁德區","120.230","22.955","841"
"410","136104","20221005094000","283","2","臺南市","仁德區","120.240","22.955","404"
"1727","136105","20221005094000","1266","2","臺南市","仁德區","120.255","22.955","1677"
"634","136109","20221005094000","504","2","臺南市","仁德區","120.250","22.955","542"
"107","136111","20221005094000","146","0","臺南市","仁德區","120.265","22.955","107"
"840","136115","20221005094000","571","2","臺南市","北區","120.220","23.010","769"
"363","136118","20221005094000","1410","0","臺南市","中西區","120.210","22.995","360"
"651","136119","20221005094000","1103","0","臺南市","中西區","120.210","22.990","656"
"1222","136120","20221005094000","1854","0","臺南市","北區","120.205","23.000","1203"
"2206","136122","20221005094000","1731","2","臺南市","東區","120.225","22.965","2169"
"902","136123","20221005094000","652","2","臺南市","東區","120.220","22.970","902"
"995","136125","20221005094000","1531","0","臺南市","東區","120.225","22.990","1013"
"600","136126","20221005094000","688","0","臺南市","東區","120.235","22.990","577"
"1090","136128","20221005094000","874","2","臺南市","東區","120.245","22.990","1159"
"239","136131","20221005094000","296","0","臺南市","歸仁區","120.275","22.960","251"
"419","136132","20221005094000","272","3","臺南市","歸仁區","120.280","22.960","459"
"55","136145","20221005094000","715","0","臺南市","南區","120.205","22.980","39"
"665","136146","20221005094000","1127","0","臺南市","南區","120.210","22.980","660"
"441","136147","20221005094000","394","1","臺南市","安平區","120.165","22.990","452"
"712","136149","20221005094000","478","2","臺南市","永康區","120.245","23.005","675"
"1173","136151","20221005094000","819","2","臺南市","永康區","120.245","23.010","1106"
"173","136155","20221005094000","65","3","臺南市","關廟區","120.320","22.970","180"
"28","136156","20221005094000","22","2","臺南市","關廟區","120.310","22.975","25"
"170","136163","20221005094000","143","1","臺南市","關廟區","120.310","22.980","212"
"1682","136181","20221005094000","1158","2","臺南市","北區","120.200","23.000","1650"
"76","136182","20221005094000","101","0","臺南市","南區","120.195","22.985","68"
"475","136184","20221005094000","309","3","臺南市","仁德區","120.225","22.960","485"
"257","136185","20221005094000","228","1","臺南市","東區","120.230","22.960","269"
"256","136188","20221005094000","313","0","臺南市","歸仁區","120.275","23.000","272"
"256","136195","20221005094000","202","2","臺南市","歸仁區","120.290","22.995","253"
"1983","136199","20221005094000","1465","2","臺南市","北區","120.210","23.005","1918"
"1864","136200","20221005094000","1050","3","臺南市","東區","120.215","22.995","1864"
"445","136229","20221005094000","350","2","臺南市","安南區","120.195","23.030","487"
"819","136230","20221005094000","671","2","臺南市","安南區","120.195","23.035","763"
"350","136231","20221005094000","330","1","臺南市","南區","120.190","22.965","365"
"19","136248","20221005094000","18","1","臺南市","左鎮區","120.405","22.995","20"
"55","136271","20221005094000","55","1","臺南市","左鎮區","120.420","23.010","53"
"72","136316","20221005094000","100","0","臺南市","左鎮區","120.395","23.010","73"
"39","136343","20221005094000","24","3","臺南市","左鎮區","120.385","23.035","40"
"2710","136422","20221005094000","2852","0","臺南市","東區","120.235","22.985","2708"
"1261","136423","20221005094000","800","3","臺南市","東區","120.215","22.990","1225"
"496","136430","20221005094000","600","0","臺南市","歸仁區","120.285","22.980","537"
"187","136438","20221005094000","152","2","臺南市","歸仁區","120.280","22.990","157"
"367","136444","20221005094000","362","1","臺南市","歸仁區","120.295","22.975","361"
"450","136452","20221005094000","299","3","臺南市","歸仁區","120.285","22.960","451"
"779","136453","20221005094000","352","3","臺南市","歸仁區","120.280","22.965","737"
"508","136455","20221005094000","465","1","臺南市","歸仁區","120.285","22.970","515"
"1069","136458","20221005094000","1136","0","臺南市","歸仁區","120.275","22.970","1005"
"231","136459","20221005094000","196","1","臺南市","歸仁區","120.280","22.970","216"
"409","136460","20221005094000","291","2","臺南市","南區","120.200","22.975","297"
"586","136461","20221005094000","305","3","臺南市","南區","120.195","22.960","567"
"1937","136462","20221005094000","1716","1","臺南市","南區","120.190","22.980","1909"
"307","136475","20221005094000","281","1","臺南市","安南區","120.130","23.015","280"
"154","136483","20221005094000","99","3","臺南市","安南區","120.135","23.020","234"
"715","136490","20221005094000","506","2","臺南市","安南區","120.185","23.025","729"
"356","136495","20221005094000","320","1","臺南市","東區","120.235","22.980","322"
"231","136496","20221005094000","218","1","臺南市","永康區","120.255","23.010","221"
"606","136497","20221005094000","754","0","臺南市","永康區","120.255","23.015","586"
"336","136498","20221005094000","420","0","臺南市","永康區","120.260","23.015","333"
"790","136507","20221005094000","574","2","臺南市","永康區","120.275","23.020","769"
"81","136509","20221005094000","1369","0","臺南市","安平區","120.175","22.995","69"
"270","136512","20221005094000","268","1","臺南市","安南區","120.160","23.005","399"
"1035","136513","20221005094000","774","2","臺南市","安平區","120.190","22.990","1088"
"344","136515","20221005094000","546","0","臺南市","永康區","120.220","23.030","367"
"365","136516","20221005094000","314","1","臺南市","東區","120.245","22.980","367"
"499","136517","20221005094000","534","0","臺南市","仁德區","120.250","22.980","478"
"2286","136518","20221005094000","1571","2","臺南市","東區","120.215","22.980","2375"
"1422","136520","20221005094000","1559","0","臺南市","東區","120.245","22.985","1399"
"1032","136521","20221005094000","827","2","臺南市","仁德區","120.250","22.985","986"
"757","136523","20221005094000","643","1","臺南市","安平區","120.160","22.990","689"
"473","136525","20221005094000","382","2","臺南市","安平區","120.160","22.995","464"
"789","136532","20221005094000","749","1","臺南市","安平區","120.165","22.985","816"
"1053","136533","20221005094000","671","3","臺南市","安平區","120.170","22.985","1082"
"707","136534","20221005094000","656","1","臺南市","安平區","120.175","22.985","593"
"1298","136535","20221005094000","827","3","臺南市","安平區","120.170","22.990","1200"
"1134","136536","20221005094000","1012","1","臺南市","安平區","120.175","22.990","1079"
"379","136539","20221005094000","374","1","臺南市","安平區","120.150","22.995","354"
"343","136541","20221005094000","275","2","臺南市","安平區","120.145","23.000","324"
"33","136542","20221005094000","129","0","臺南市","安平區","120.150","23.000","154"
"283","136543","20221005094000","244","1","臺南市","安平區","120.155","23.000","303"
"240","136544","20221005094000","210","1","臺南市","安平區","120.160","23.000","204"
"827","136545","20221005094000","1245","0","臺南市","東區","120.240","22.980","785"
"573","136546","20221005094000","444","2","臺南市","東區","120.225","22.995","624"
"1048","136547","20221005094000","1056","0","臺南市","東區","120.235","22.965","1052"
"895","136548","20221005094000","815","1","臺南市","東區","120.220","22.975","1021"
"447","136549","20221005094000","506","0","臺南市","歸仁區","120.300","22.960","445"
"715","136553","20221005094000","618","1","臺南市","歸仁區","120.285","23.005","715"
"158","136560","20221005094000","1333","0","臺南市","南區","120.195","22.975","161"
"318","136561","20221005094000","1578","0","臺南市","永康區","120.240","23.015","264"
"534","136562","20221005094000","448","1","臺南市","永康區","120.245","23.015","531"
"461","136563","20221005094000","564","0","臺南市","永康區","120.250","23.015","470"
"1627","136564","20221005094000","817","3","臺南市","永康區","120.230","23.005","1585"
"1514","136565","20221005094000","2497","0","臺南市","永康區","120.235","23.000","1500"
"995","136566","20221005094000","1569","0","臺南市","北區","120.230","23.000","987"
"501","136567","20221005094000","916","0","臺南市","永康區","120.270","23.005","511"
"763","136568","20221005094000","745","1","臺南市","永康區","120.265","23.010","739"
"537","136573","20221005094000","614","0","臺南市","永康區","120.265","23.000","571"
"453","136574","20221005094000","363","2","臺南市","安南區","120.200","23.025","431"
"811","136575","20221005094000","488","3","臺南市","安南區","120.205","23.025","793"
"945","136576","20221005094000","561","3","臺南市","安南區","120.210","23.025","922"
"2090","136577","20221005094000","1576","2","臺南市","北區","120.225","23.010","2103"
"1412","136578","20221005094000","1263","1","臺南市","北區","120.215","23.010","1370"
"1075","136579","20221005094000","720","2","臺南市","北區","120.215","23.015","1106"
"199","136580","20221005094000","374","0","臺南市","南化區","120.495","23.030","182"
"60","136584","20221005094000","17","3","臺南市","南化區","120.500","23.035","72"
"32","136586","20221005094000","33","0","臺南市","南化區","120.465","23.040","30"
"56","136602","20221005094000","25","3","臺南市","南化區","120.465","23.010","62"
"1096","136671","20221005094000","792","2","臺南市","中西區","120.170","23.000","952"
"704","136672","20221005094000","1455","0","臺南市","中西區","120.175","23.000","1105"
"321","136674","20221005094000","564","0","臺南市","中西區","120.185","23.000","324"
"1612","136675","20221005094000","1577","1","臺南市","安平區","120.165","22.995","1501"
"447","136676","20221005094000","391","1","臺南市","安平區","120.170","22.995","440"
"2478","136677","20221005094000","2025","2","臺南市","安平區","120.185","22.990","2355"
"318","136678","20221005094000","291","1","臺南市","安平區","120.180","22.995","318"
"1377","136679","20221005094000","1653","0","臺南市","安平區","120.185","22.995","1337"
"1031","136680","20221005094000","801","2","臺南市","安平區","120.180","22.985","1008"
"2045","136681","20221005094000","1430","2","臺南市","安平區","120.180","22.990","2084"
"229","136690","20221005094000","246","0","臺南市","南區","120.215","22.955","199"
"428","136695","20221005094000","314","2","臺南市","南區","120.210","22.965","477"
"832","136696","20221005094000","760","1","臺南市","南區","120.215","22.965","913"
"3842","136697","20221005094000","2047","3","臺南市","南區","120.185","22.965","3855"
"598","136701","20221005094000","507","1","臺南市","南區","120.170","22.955","614"
"284","136709","20221005094000","142","3","臺南市","南區","120.165","22.965","243"
"609","136712","20221005094000","557","1","臺南市","仁德區","120.220","22.955","631"
"329","136717","20221005094000","282","1","臺南市","仁德區","120.255","22.965","362"
"271","136718","20221005094000","330","0","臺南市","仁德區","120.260","22.965","313"
"657","136722","20221005094000","445","2","臺南市","仁德區","120.260","22.970","683"
"2021","136727","20221005094000","1476","2","臺南市","北區","120.220","23.005","1916"
"1523","136728","20221005094000","1359","1","臺南市","北區","120.200","23.005","1537"
"604","136732","20221005094000","541","1","臺南市","仁德區","120.260","22.985","669"
"1013","136738","20221005094000","658","3","臺南市","仁德區","120.260","22.990","1023"
"51","136741","20221005094000","113","0","臺南市","仁德區","120.265","22.995","50"
"439","136752","20221005094000","154","3","臺南市","安南區","120.185","23.035","433"
"532","136755","20221005094000","492","1","臺南市","安南區","120.185","23.040","588"
"3943","136756","20221005094000","3273","2","臺南市","中西區","120.205","22.995","4046"
"440","136758","20221005094000","518","0","臺南市","永康區","120.250","23.000","451"
"340","136763","20221005094000","294","1","臺南市","安南區","120.200","23.040","325"
"935","136764","20221005094000","2219","0","臺南市","安南區","120.190","23.025","857"
"153","136765","20221005094000","191","0","臺南市","安南區","120.140","23.000","204"
"3430","136786","20221005094000","3492","0","臺南市","北區","120.210","23.000","3412"
"1027","136787","20221005094000","650","3","臺南市","中西區","120.195","22.995","1056"
"1131","136788","20221005094000","696","3","臺南市","中西區","120.205","22.985","1132"
"1332","136789","20221005094000","1565","0","臺南市","東區","120.225","22.980","1302"
"5675","136790","20221005094000","3824","2","臺南市","東區","120.220","22.985","5525"
"569","136791","20221005094000","506","1","臺南市","永康區","120.225","23.015","541"
"14","136793","20221005094000","1300","0","臺南市","永康區","120.240","23.000","14"
"990","136794","20221005094000","1500","0","臺南市","永康區","120.235","23.010","917"
"1625","136795","20221005094000","810","3","臺南市","永康區","120.245","23.000","1516"
"1913","136799","20221005094000","1644","1","臺南市","新化區","120.300","23.035","1786"
"1038","136800","20221005094000","1204","0","臺南市","東區","120.215","22.975","1016"
"709","136801","20221005094000","553","2","臺南市","東區","120.230","22.985","714"
"1923","136802","20221005094000","1670","1","臺南市","東區","120.230","22.975","1919"
"366","136804","20221005094000","260","2","臺南市","東區","120.230","22.970","345"
"1114","136805","20221005094000","1128","0","臺南市","東區","120.230","22.965","1073"
"571","136806","20221005094000","526","1","臺南市","南區","120.185","22.975","630"
"766","136808","20221005094000","1003","0","臺南市","南區","120.210","22.970","875"
"654","136809","20221005094000","599","1","臺南市","東區","120.215","22.970","622"
"387","136812","20221005094000","332","1","臺南市","仁德區","120.245","22.955","433"
"154","136813","20221005094000","147","1","臺南市","仁德區","120.240","22.960","165"
"371","136814","20221005094000","209","3","臺南市","仁德區","120.245","22.960","378"
"142","136816","20221005094000","532","0","臺南市","仁德區","120.255","22.960","149"
"287","136817","20221005094000","329","0","臺南市","仁德區","120.240","22.965","303"
"799","136821","20221005094000","595","2","臺南市","仁德區","120.245","22.970","820"
"642","136822","20221005094000","965","0","臺南市","仁德區","120.250","22.970","599"
"859","136823","20221005094000","452","3","臺南市","仁德區","120.240","22.975","886"
"921","136824","20221005094000","1061","0","臺南市","仁德區","120.245","22.975","941"
"427","136825","20221005094000","460","0","臺南市","仁德區","120.250","22.975","444"
"5054","136826","20221005094000","4763","1","臺南市","北區","120.215","23.005","4894"
"33","136851","20221005094000","195","0","高雄市","內門區","120.445","22.975","29"
"13","136927","20221005094000","18","0","臺東縣","池上鄉","121.195","23.040","12"
"188","136939","20221005094000","47","3","高雄市","內門區","120.435","22.955","170"
"69","136953","20221005094000","50","2","高雄市","內門區","120.465","23.000","78"
"139","136958","20221005094000","171","0","高雄市","內門區","120.470","22.960","133"
"88","136970","20221005094000","66","2","高雄市","內門區","120.465","22.975","89"
"50","136996","20221005094000","35","2","高雄市","內門區","120.495","22.955","40"
"98","137008","20221005094000","116","0","高雄市","內門區","120.490","22.970","80"
"85","137020","20221005094000","70","2","高雄市","內門區","120.510","22.980","78"
"231","137023","20221005094000","252","0","高雄市","內門區","120.500","22.985","249"
"36","137048","20221005094000","93","0","高雄市","六龜區","120.660","23.005","18"
"71","137056","20221005094000","123","0","高雄市","六龜區","120.665","23.010","84"
"14","137124","20221005094000","19","0","臺南市","龍崎區","120.385","23.005","17"
"132","137130","20221005094000","102","2","臺南市","關廟區","120.370","22.960","135"
"21","137171","20221005094000","16","2","臺南市","龍崎區","120.405","22.955","10"
"270","137196","20221005094000","613","0","臺南市","安南區","120.190","23.020","277"
"30","137197","20221005094000","36","0","臺南市","南區","120.195","22.965","32"
"363","137202","20221005094000","500","0","臺南市","永康區","120.255","23.005","507"
"166","137251","20221005094000","224","0","高雄市","內門區","120.485","23.015","203"
"29","137259","20221005094000","23","2","高雄市","內門區","120.480","22.965","23"
"84","137275","20221005094000","90","0","高雄市","內門區","120.510","23.015","97"
"20","137311","20221005094000","99","0","高雄市","六龜區","120.650","22.975","142"
"621","137325","20221005094000","767","0","高雄市","六龜區","120.660","22.985","509"
"155","137409","20221005094000","92","3","高雄市","六龜區","120.640","22.990","162"
"145","137466","20221005094000","166","0","高雄市","六龜區","120.660","23.035","162"
"979","137491","20221005094000","881","1","高雄市","六龜區","120.635","22.995","922"
"163","137494","20221005094000","141","1","臺南市","安平區","120.165","23.000","163"
"267","137502","20221005094000","332","0","臺南市","安平區","120.150","22.990","226"
"31","137504","20221005094000","243","0","臺南市","永康區","120.255","23.020","25"
"449","137506","20221005094000","305","2","臺南市","永康區","120.260","23.020","418"
"304","137507","20221005094000","301","1","臺南市","永康區","120.250","23.030","278"
"156","137585","20221005094000","95","3","臺東縣","鹿野鄉","121.140","22.975","159"
"128","137592","20221005094000","121","1","臺東縣","鹿野鄉","121.140","22.985","148"
"77","137600","20221005094000","74","1","臺東縣","鹿野鄉","121.155","22.950","84"
"324","137609","20221005094000","340","0","臺東縣","鹿野鄉","121.155","22.955","285"
"431","137617","20221005094000","449","0","高雄市","旗山區","120.510","22.955","385"
"62","137618","20221005094000","108","0","高雄市","旗山區","120.515","22.955","66"
"227","137627","20221005094000","276","0","高雄市","旗山區","120.515","22.970","249"
"713","137638","20221005094000","2185","0","臺南市","歸仁區","120.290","22.965","894"
"189","137642","20221005094000","547","0","臺南市","永康區","120.275","23.035","185"
"103","137645","20221005094000","93","1","臺南市","永康區","120.275","23.040","113"
"588","137648","20221005094000","271","3","臺南市","新化區","120.305","23.030","589"
"609","137649","20221005094000","432","2","臺南市","永康區","120.240","23.010","613"
"1203","137650","20221005094000","1064","1","臺南市","永康區","120.215","23.020","1267"
"663","137651","20221005094000","369","3","臺南市","北區","120.220","23.015","615"
"21","138036","20221005094000","72","0","臺東縣","成功鎮","121.315","22.990","21"
"125","138047","20221005094000","58","3","臺東縣","成功鎮","121.320","23.005","120"
"106","138061","20221005094000","94","1","臺東縣","成功鎮","121.325","23.020","90"
"202","138079","20221005094000","212","0","臺東縣","成功鎮","121.335","23.030","213"
"506","138095","20221005094000","129","3","臺東縣","關山鎮","121.170","23.040","542"
"139","138110","20221005094000","84","3","臺東縣","關山鎮","121.145","23.005","144"
"149","138197","20221005094000","138","1","臺東縣","關山鎮","121.175","23.015","105"
"55","138230","20221005094000","69","0","臺東縣","關山鎮","121.185","23.025","54"
"122","138241","20221005094000","51","3","臺東縣","鹿野鄉","121.130","22.955","122"
"241","138251","20221005094000","248","0","臺東縣","鹿野鄉","121.120","22.970","234"
"157","138278","20221005094000","106","2","臺東縣","鹿野鄉","121.150","22.980","145"
"674","138325","20221005094000","212","3","臺南市","新化區","120.305","23.020","659"
"451","138337","20221005094000","449","1","臺南市","安南區","120.125","23.035","439"
"154","138363","20221005094000","115","2","臺南市","安南區","120.140","23.030","179"
"1211","138367","20221005094000","1069","1","臺南市","安南區","120.160","23.030","1265"
"509","138369","20221005094000","507","1","臺南市","安南區","120.135","23.035","496"
"557","138375","20221005094000","392","2","臺南市","安南區","120.140","23.040","554"
"1135","138376","20221005094000","1304","0","臺南市","安南區","120.145","23.040","1089"
"1002","138377","20221005094000","968","1","臺南市","安南區","120.150","23.040","961"
"838","138378","20221005094000","628","2","臺南市","安南區","120.155","23.040","854"
"110","138379","20221005094000","64","3","臺南市","安南區","120.160","23.040","122"
"45","138760","20221005094000","30","3","高雄市","桃源區","120.715","23.035","54"
"1766","138833","20221005094000","1515","1","臺南市","永康區","120.260","23.025","1833"
"534","138838","20221005094000","477","1","臺南市","永康區","120.265","23.035","596"
"49","138840","20221005094000","47","1","臺南市","新化區","120.285","23.035","53"
"199","138842","20221005094000","191","1","臺南市","永康區","120.280","23.040","184"
"75","138851","20221005094000","16","3","臺南市","新化區","120.375","23.010","83"
"101","138856","20221005094000","20","3","臺南市","新化區","120.365","23.010","86"
"22","138868","20221005094000","962","0","臺南市","新化區","120.305","23.040","19"
"310","138910","20221005094000","35","3","臺南市","新化區","120.330","23.025","281"
"17","138917","20221005094000","2209","0","臺南市","新化區","120.310","23.035","16"
"2397","138922","20221005094000","1435","3","臺南市","東區","120.220","22.980","2347"
"1282","138923","20221005094000","896","2","臺南市","東區","120.235","22.970","1300"
"1765","138926","20221005094000","1743","1","臺南市","永康區","120.230","23.035","1667"
"1561","138928","20221005094000","1227","2","臺南市","永康區","120.235","23.040","1551"
"1664","138932","20221005094000","1277","2","臺南市","永康區","120.240","23.035","1554"
"585","138933","20221005094000","695","0","臺南市","永康區","120.245","23.035","553"
"1384","138935","20221005094000","1107","2","臺南市","永康區","120.240","23.040","1475"
"2526","138936","20221005094000","1511","3","臺南市","永康區","120.245","23.040","2603"
"228","138937","20221005094000","215","1","臺南市","永康區","120.250","23.040","237"
"41","138942","20221005094000","214","0","臺東縣","東河鄉","121.285","23.000","41"
"211","138962","20221005094000","156","2","臺東縣","東河鄉","121.280","23.020","176"
"25","138979","20221005094000","77","0","臺東縣","東河鄉","121.285","23.030","25"
"14","138995","20221005094000","17","0","臺東縣","東河鄉","121.290","23.040","14"
"18","139027","20221005094000","59","0","臺東縣","東河鄉","121.240","22.965","18"
"91","139039","20221005094000","17","3","臺東縣","東河鄉","121.280","22.955","80"
"96","139060","20221005094000","391","0","臺東縣","東河鄉","121.300","22.970","96"
"49","139073","20221005094000","26","3","臺東縣","東河鄉","121.300","22.985","48"
"30","139131","20221005094000","21","2","臺東縣","東河鄉","121.260","22.980","53"
"46","139146","20221005094000","29","3","臺東縣","東河鄉","121.265","22.985","41"
"204","139164","20221005094000","110","3","臺東縣","東河鄉","121.280","22.990","190"
"291","139299","20221005094000","84","3","臺南市","新化區","120.330","23.015","274"
"49","139336","20221005094000","38","2","臺南市","新化區","120.340","23.035","56"
"20","139343","20221005094000","47","0","臺南市","新化區","120.375","23.035","19"
"2443","139358","20221005094000","1696","2","臺南市","東區","120.220","22.995","2476"
"463","139360","20221005094000","897","0","臺南市","東區","120.215","23.000","393"
"589","139362","20221005094000","415","2","臺南市","東區","120.235","22.960","561"
"408","139635","20221005094000","427","0","高雄市","杉林區","120.540","22.970","403"
"162","139644","20221005094000","137","1","高雄市","杉林區","120.550","22.975","167"
"126","139672","20221005094000","117","1","高雄市","杉林區","120.565","22.985","123"
"11","139688","20221005094000","12","0","高雄市","杉林區","120.575","23.000","15"
"469","139718","20221005094000","346","2","高雄市","杉林區","120.540","22.965","422"
"40","139735","20221005094000","43","0","高雄市","杉林區","120.550","23.020","40"
"44","139796","20221005094000","70","0","高雄市","杉林區","120.550","23.000","48"
"130","139852","20221005094000","181","0","高雄市","杉林區","120.585","22.995","141"
"140","139897","20221005094000","173","0","高雄市","杉林區","120.565","23.015","133"
"60","139960","20221005094000","51","1","高雄市","杉林區","120.550","23.040","54"
"15","143776","20221005094000","85","0","臺東縣","成功鎮","121.385","23.100","15"
"378","144971","20221005094000","343","1","臺南市","新市區","120.330","23.105","356"
"863","144989","20221005094000","1020","0","臺南市","善化區","120.305","23.115","837"
"439","144992","20221005094000","563","0","臺南市","善化區","120.320","23.115","438"
"217","144998","20221005094000","185","1","臺南市","善化區","120.310","23.125","243"
"1532","144999","20221005094000","1064","2","臺南市","善化區","120.315","23.125","1461"
"1801","145002","20221005094000","856","3","臺南市","新市區","120.300","23.105","1753"
"2146","145007","20221005094000","1594","2","臺南市","善化區","120.295","23.115","2157"
"732","145022","20221005094000","562","2","臺南市","安定區","120.235","23.110","767"
"330","145031","20221005094000","1063","0","臺南市","安定區","120.255","23.115","720"
"103","145032","20221005094000","253","0","臺南市","安定區","120.235","23.120","76"
"766","145050","20221005094000","604","2","臺南市","七股區","120.160","23.115","764"
"235","145054","20221005094000","172","2","臺南市","安南區","120.135","23.045","233"
"559","145055","20221005094000","495","1","臺南市","安南區","120.155","23.045","529"
"232","145067","20221005094000","1834","0","臺南市","安南區","120.195","23.045","249"
"22","145080","20221005094000","102","0","臺東縣","池上鄉","121.220","23.090","22"
"34","145103","20221005094000","34","1","臺東縣","池上鄉","121.220","23.100","26"
"42","145114","20221005094000","25","3","臺東縣","池上鄉","121.225","23.105","49"
"65","145631","20221005094000","57","1","臺東縣","海端鄉","121.145","23.045","68"
"319","145817","20221005094000","448","0","臺東縣","海端鄉","121.175","23.095","322"
"454","146199","20221005094000","382","1","臺南市","西港區","120.205","23.115","448"
"2311","146201","20221005094000","1486","3","臺南市","西港區","120.200","23.120","2322"
"235","146215","20221005094000","606","0","臺南市","西港區","120.180","23.115","202"
"32","146227","20221005094000","393","0","臺南市","安南區","120.215","23.045","24"
"784","146231","20221005094000","428","3","臺南市","安南區","120.215","23.050","789"
"1625","146234","20221005094000","1173","2","臺南市","安南區","120.220","23.045","1530"
"951","146235","20221005094000","956","0","臺南市","安南區","120.225","23.045","853"
"1832","146238","20221005094000","703","3","臺南市","安南區","120.235","23.050","1052"
"188","146239","20221005094000","145","2","臺南市","永康區","120.240","23.050","199"
"294","146241","20221005094000","181","3","臺南市","安南區","120.235","23.055","269"
"1204","146244","20221005094000","697","3","臺南市","安南區","120.230","23.060","1127"
"93","146245","20221005094000","66","2","臺南市","安南區","120.235","23.060","89"
"787","146251","20221005094000","492","3","臺南市","西港區","120.210","23.115","691"
"79","146265","20221005094000","73","1","臺南市","大內區","120.390","23.110","70"
"293","146341","20221005094000","228","2","臺南市","安南區","120.110","23.080","284"
"363","146347","20221005094000","768","0","臺南市","安南區","120.205","23.045","356"
"345","146348","20221005094000","372","0","臺南市","安南區","120.210","23.045","314"
"89","146361","20221005094000","88","1","臺南市","大內區","120.395","23.120","76"
"24","146366","20221005094000","47","0","臺南市","大內區","120.420","23.120","80"
"518","146385","20221005094000","288","3","臺南市","安南區","120.220","23.055","490"
"748","146387","20221005094000","742","1","臺南市","安南區","120.215","23.060","728"
"467","146388","20221005094000","441","1","臺南市","安南區","120.220","23.060","469"
"1712","146390","20221005094000","2458","0","臺南市","安南區","120.225","23.065","1661"
"68","146400","20221005094000","51","2","臺南市","七股區","120.160","23.100","73"
"37","146423","20221005094000","41","0","臺南市","七股區","120.100","23.120","30"
"1431","146430","20221005094000","1300","1","臺南市","新市區","120.290","23.070","1365"
"987","146432","20221005094000","729","2","臺南市","新市區","120.290","23.080","946"
"2179","146433","20221005094000","2470","0","臺南市","新市區","120.295","23.080","2456"
"657","146444","20221005094000","407","3","臺南市","新市區","120.300","23.060","626"
"570","146450","20221005094000","376","3","臺南市","新市區","120.295","23.065","537"
"1140","146460","20221005094000","766","2","臺南市","新市區","120.295","23.075","990"
"851","146461","20221005094000","439","3","臺南市","新市區","120.300","23.075","672"
"304","146468","20221005094000","375","0","臺南市","新市區","120.300","23.085","311"
"371","146478","20221005094000","294","2","臺南市","新市區","120.325","23.070","401"
"55","146482","20221005094000","28","3","臺南市","新市區","120.320","23.075","46"
"422","146495","20221005094000","681","0","臺南市","新市區","120.280","23.060","368"
"81","146505","20221005094000","68","1","臺南市","新市區","120.280","23.075","70"
"1297","146506","20221005094000","1335","0","臺南市","新市區","120.285","23.075","1246"
"34","146509","20221005094000","21","3","臺南市","新市區","120.285","23.080","34"
"983","146513","20221005094000","1031","0","臺南市","新市區","120.280","23.090","1285"
"24","146523","20221005094000","56","0","臺南市","新市區","120.260","23.090","68"
"591","146525","20221005094000","693","0","臺南市","新市區","120.270","23.090","828"
"1343","146526","20221005094000","2056","0","臺南市","新市區","120.275","23.090","2792"
"467","146529","20221005094000","333","2","臺南市","新市區","120.255","23.095","450"
"908","146533","20221005094000","3733","0","臺南市","新市區","120.275","23.095","1022"
"764","146535","20221005094000","698","1","臺南市","新市區","120.250","23.100","916"
"1087","146537","20221005094000","1183","0","臺南市","新市區","120.260","23.095","1117"
"10","146541","20221005094000","1257","0","臺南市","新市區","120.280","23.095","10"
"83","146542","20221005094000","183","0","臺南市","新市區","120.285","23.100","85"
"2363","146545","20221005094000","2672","0","臺南市","新市區","120.255","23.100","2653"
"247","146546","20221005094000","302","0","臺南市","善化區","120.260","23.105","209"
"197","146547","20221005094000","181","1","臺南市","新市區","120.265","23.100","196"
"542","146549","20221005094000","537","1","臺南市","新市區","120.275","23.100","806"
"789","146550","20221005094000","1219","0","臺南市","新市區","120.280","23.100","772"
"1909","146552","20221005094000","2684","0","臺南市","新市區","120.265","23.105","2654"
"2252","146554","20221005094000","2646","0","臺南市","新市區","120.275","23.105","2340"
"300","146562","20221005094000","313","0","臺南市","七股區","120.145","23.105","276"
"1041","146587","20221005094000","323","3","臺南市","安定區","120.225","23.080","967"
"694","146590","20221005094000","349","3","臺南市","安定區","120.230","23.100","718"
"878","146602","20221005094000","611","2","臺南市","西港區","120.210","23.125","812"
"566","146614","20221005094000","288","3","臺南市","安南區","120.155","23.055","532"
"363","146615","20221005094000","167","3","臺南市","安南區","120.165","23.060","305"
"440","146616","20221005094000","435","1","臺南市","安南區","120.175","23.060","411"
"1016","146621","20221005094000","864","1","臺南市","安南區","120.175","23.070","992"
"499","146661","20221005094000","368","2","臺南市","安南區","120.130","23.070","502"
"27","146695","20221005094000","299","0","臺南市","安南區","120.095","23.060","26"
"282","146704","20221005094000","109","3","臺南市","山上區","120.355","23.085","277"
"267","146707","20221005094000","240","1","臺南市","山上區","120.345","23.090","227"
"249","146712","20221005094000","329","0","臺南市","山上區","120.355","23.095","218"
"181","146713","20221005094000","132","2","臺南市","山上區","120.360","23.095","190"
"408","146727","20221005094000","483","0","臺南市","山上區","120.340","23.110","390"
"110","146773","20221005094000","97","1","臺南市","山上區","120.405","23.105","107"
"164","146783","20221005094000","122","2","臺南市","山上區","120.365","23.075","147"
"13","146806","20221005094000","16","0","臺南市","左鎮區","120.380","23.050","14"
"340","146822","20221005094000","141","3","臺南市","左鎮區","120.365","23.065","317"
"105","146848","20221005094000","139","0","臺南市","左鎮區","120.400","23.055","89"
"270","146850","20221005094000","228","1","臺南市","左鎮區","120.410","23.055","262"
"200","146853","20221005094000","205","0","臺南市","左鎮區","120.390","23.060","216"
"128","146890","20221005094000","209","0","臺南市","安南區","120.160","23.065","142"
"361","146891","20221005094000","233","3","臺南市","安南區","120.160","23.070","366"
"357","146892","20221005094000","394","0","臺南市","安南區","120.165","23.070","373"
"248","146896","20221005094000","181","2","臺南市","安南區","120.200","23.075","225"
"62","146931","20221005094000","899","0","臺南市","安南區","120.130","23.060","63"
"100","146932","20221005094000","577","0","臺南市","安南區","120.135","23.060","85"
"35","146947","20221005094000","254","0","臺南市","安南區","120.115","23.055","24"
"659","146954","20221005094000","526","2","臺南市","安南區","120.125","23.060","647"
"639","146957","20221005094000","461","2","臺南市","安南區","120.125","23.065","654"
"706","146965","20221005094000","578","2","臺南市","山上區","120.355","23.105","868"
"175","146969","20221005094000","98","3","臺南市","山上區","120.370","23.080","185"
"78","146971","20221005094000","102","0","臺南市","山上區","120.380","23.080","101"
"1779","146988","20221005094000","1380","2","臺南市","永康區","120.255","23.045","1620"
"211","146992","20221005094000","118","3","臺南市","永康區","120.260","23.050","215"
"122","147017","20221005094000","118","1","臺南市","安南區","120.145","23.075","115"
"599","147019","20221005094000","451","2","臺南市","安南區","120.135","23.080","592"
"113","147031","20221005094000","109","1","臺南市","安定區","120.220","23.105","123"
"472","147043","20221005094000","1131","0","臺南市","安定區","120.260","23.110","506"
"104","147044","20221005094000","1023","0","臺南市","安定區","120.260","23.115","266"
"1008","147045","20221005094000","1277","0","臺南市","安定區","120.255","23.120","1205"
"12021","147046","20221005094000","12800","0","臺南市","安定區","120.260","23.120","13567"
"154","147073","20221005094000","153","1","臺南市","安南區","120.180","23.045","151"
"1614","147074","20221005094000","1472","1","臺南市","安南區","120.185","23.045","1579"
"483","147075","20221005094000","515","0","臺南市","安南區","120.180","23.050","460"
"785","147079","20221005094000","431","3","臺南市","安南區","120.190","23.055","788"
"116","147083","20221005094000","207","0","臺南市","南化區","120.450","23.050","92"
"326","147121","20221005094000","215","3","臺南市","南化區","120.485","23.080","329"
"227","147153","20221005094000","197","1","臺南市","南化區","120.475","23.065","241"
"383","147170","20221005094000","268","2","臺南市","南化區","120.475","23.045","404"
"81","147181","20221005094000","102","0","臺南市","南化區","120.515","23.045","102"
"57","147248","20221005094000","66","0","臺南市","南化區","120.515","23.075","56"
"35","147252","20221005094000","45","0","臺南市","南化區","120.535","23.075","47"
"163","147257","20221005094000","104","3","臺南市","南化區","120.510","23.080","130"
"30","147271","20221005094000","60","0","臺南市","南化區","120.525","23.085","36"
"260","147381","20221005094000","198","2","臺南市","安南區","120.165","23.050","274"
"55","147382","20221005094000","239","0","臺南市","安南區","120.170","23.050","59"
"92","147391","20221005094000","64","2","臺東縣","池上鄉","121.205","23.100","100"
"256","147393","20221005094000","185","2","臺東縣","池上鄉","121.200","23.105","153"
"98","147398","20221005094000","117","0","臺東縣","池上鄉","121.200","23.110","93"
"159","147404","20221005094000","125","2","臺東縣","池上鄉","121.200","23.115","158"
"335","147422","20221005094000","395","0","臺東縣","池上鄉","121.220","23.115","305"
"91","147425","20221005094000","83","1","臺東縣","池上鄉","121.210","23.120","97"
"437","147426","20221005094000","407","1","臺東縣","池上鄉","121.215","23.120","413"
"193","147427","20221005094000","992","0","臺東縣","池上鄉","121.220","23.120","83"
"23","147429","20221005094000","424","0","臺南市","安南區","120.120","23.075","23"
"89","147438","20221005094000","971","0","臺南市","安南區","120.205","23.050","133"
"1056","147448","20221005094000","1010","1","臺南市","安南區","120.195","23.070","988"
"706","147449","20221005094000","330","3","臺南市","安定區","120.200","23.070","573"
"2388","147457","20221005094000","1898","2","臺南市","新市區","120.280","23.105","2456"
"5817","147458","20221005094000","5448","1","臺南市","善化區","120.265","23.110","6574"
"2032","147459","20221005094000","2292","0","臺南市","善化區","120.270","23.110","2686"
"3204","147460","20221005094000","2885","1","臺南市","善化區","120.275","23.110","3883"
"82","147461","20221005094000","56","2","臺南市","善化區","120.280","23.110","90"
"3832","147464","20221005094000","4065","0","臺南市","善化區","120.270","23.115","4999"
"4213","147465","20221005094000","3582","1","臺南市","善化區","120.275","23.115","4136"
"61","147466","20221005094000","72","0","臺南市","善化區","120.280","23.115","51"
"46","147467","20221005094000","83","0","臺南市","善化區","120.285","23.115","49"
"1972","147468","20221005094000","1156","3","臺南市","善化區","120.270","23.120","1870"
"1324","147475","20221005094000","685","3","臺南市","安南區","120.190","23.045","1250"
"767","147479","20221005094000","415","3","臺南市","安定區","120.215","23.075","764"
"718","147503","20221005094000","502","2","臺南市","大內區","120.370","23.115","643"
"297","147511","20221005094000","181","3","臺南市","安定區","120.205","23.080","275"
"18","147517","20221005094000","13","2","臺南市","安定區","120.215","23.085","16"
"204","147522","20221005094000","639","0","臺南市","安定區","120.210","23.090","148"
"144","147528","20221005094000","604","0","臺南市","安定區","120.215","23.095","121"
"745","147531","20221005094000","363","3","臺南市","安定區","120.210","23.095","756"
"1973","147539","20221005094000","290","3","臺南市","新市區","120.290","23.085","1691"
"1508","147540","20221005094000","1329","1","臺南市","新市區","120.285","23.090","1609"
"17","147543","20221005094000","19","0","臺南市","新市區","120.285","23.095","22"
"1003","147548","20221005094000","1080","0","臺南市","新市區","120.290","23.100","1007"
"421","147550","20221005094000","523","0","臺南市","新市區","120.285","23.105","398"
"25","147563","20221005094000","18","2","臺南市","新市區","120.255","23.070","22"
"11","147567","20221005094000","285","0","臺南市","新市區","120.250","23.075","11"
"85","147570","20221005094000","142","0","臺南市","新市區","120.265","23.075","118"
"190","147571","20221005094000","159","1","臺南市","新市區","120.255","23.080","166"
"129","147576","20221005094000","118","1","臺南市","新市區","120.305","23.090","137"
"222","147587","20221005094000","189","1","臺南市","新市區","120.310","23.100","236"
"456","147594","20221005094000","472","0","臺南市","新市區","120.320","23.085","469"
"719","147598","20221005094000","520","2","臺南市","新市區","120.315","23.090","695"
"43","147613","20221005094000","159","0","臺南市","安南區","120.165","23.045","34"
"368","147619","20221005094000","240","3","臺南市","安南區","120.170","23.045","345"
"282","147620","20221005094000","216","2","臺南市","安南區","120.175","23.045","267"
"612","147621","20221005094000","681","0","臺南市","安南區","120.175","23.050","599"
"68","147622","20221005094000","276","0","臺南市","安南區","120.175","23.055","57"
"126","147627","20221005094000","79","3","臺南市","七股區","120.120","23.095","128"
"131","147686","20221005094000","188","0","臺南市","七股區","120.075","23.125","137"
"67","147743","20221005094000","67","1","臺南市","七股區","120.050","23.080","67"
"116","147812","20221005094000","136","0","臺南市","七股區","120.090","23.095","108"
"804","147816","20221005094000","530","3","臺南市","七股區","120.110","23.095","782"
"64","147889","20221005094000","83","0","臺東縣","池上鄉","121.220","23.080","46"
"190","147906","20221005094000","128","2","臺東縣","池上鄉","121.230","23.120","189"
"205","147984","20221005094000","124","3","高雄市","甲仙區","120.585","23.080","164"
"206","147985","20221005094000","104","3","高雄市","甲仙區","120.590","23.080","206"
"36","147999","20221005094000","47","0","高雄市","甲仙區","120.610","23.110","46"
"17","148032","20221005094000","17","1","高雄市","甲仙區","120.630","23.115","19"
"161","148097","20221005094000","181","0","高雄市","六龜區","120.670","23.065","141"
"117","148126","20221005094000","77","3","高雄市","六龜區","120.675","23.080","116"
"1013","148173","20221005094000","705","2","臺南市","安南區","120.205","23.060","983"
"588","148177","20221005094000","417","2","臺南市","安南區","120.220","23.070","519"
"260","148178","20221005094000","201","2","臺南市","安南區","120.225","23.070","241"
"152","148201","20221005094000","119","2","高雄市","六龜區","120.690","23.095","130"
"123","148224","20221005094000","154","0","高雄市","六龜區","120.690","23.105","99"
"149","148238","20221005094000","216","0","高雄市","六龜區","120.700","23.110","147"
"16","148255","20221005094000","17","0","高雄市","桃源區","120.710","23.115","13"
"91","148271","20221005094000","79","1","高雄市","六龜區","120.720","23.115","75"
"81","148275","20221005094000","64","2","高雄市","桃源區","120.745","23.115","61"
"83","148342","20221005094000","53","3","高雄市","六龜區","120.715","23.065","81"
"67","148372","20221005094000","68","0","臺南市","新化區","120.330","23.055","64"
"172","148373","20221005094000","176","0","臺南市","新化區","120.335","23.055","168"
"177","148376","20221005094000","138","2","臺南市","新化區","120.335","23.060","187"
"139","148377","20221005094000","174","0","臺南市","新化區","120.340","23.060","162"
"38","148378","20221005094000","20","3","臺南市","新化區","120.345","23.060","29"
"366","148380","20221005094000","364","1","臺南市","新化區","120.345","23.065","379"
"197","148386","20221005094000","206","0","臺南市","新化區","120.355","23.070","165"
"103","148418","20221005094000","95","1","臺東縣","池上鄉","121.235","23.120","80"
"61","148429","20221005094000","96","0","臺南市","玉井區","120.425","23.070","53"
"33","148453","20221005094000","77","0","臺南市","玉井區","120.430","23.085","128"
"22","148472","20221005094000","13","3","臺南市","玉井區","120.440","23.095","20"
"37","148477","20221005094000","40","0","臺南市","玉井區","120.450","23.090","37"
"130","148526","20221005094000","81","3","臺南市","玉井區","120.480","23.110","129"
"13","148531","20221005094000","12","1","臺南市","玉井區","120.505","23.110","16"
"16","148539","20221005094000","12","2","臺南市","玉井區","120.490","23.115","18"
"1882","148561","20221005094000","1823","1","臺南市","玉井區","120.460","23.120","1815"
"566","148562","20221005094000","584","0","臺南市","玉井區","120.465","23.120","560"
"902","148578","20221005094000","1128","0","臺南市","永康區","120.265","23.045","843"
"326","148582","20221005094000","420","0","臺南市","永康區","120.265","23.050","331"
"559","148583","20221005094000","358","3","臺南市","永康區","120.270","23.050","587"
"66","148584","20221005094000","132","0","臺南市","永康區","120.275","23.050","52"
"78","148590","20221005094000","461","0","臺南市","永康區","120.245","23.050","84"
"15","148592","20221005094000","104","0","臺南市","永康區","120.250","23.050","14"
"587","148594","20221005094000","312","3","臺南市","永康區","120.260","23.055","575"
"520","148600","20221005094000","574","0","臺南市","永康區","120.265","23.055","559"
"46","148632","20221005094000","34","2","臺東縣","成功鎮","121.355","23.120","37"
"554","148641","20221005094000","298","3","臺東縣","成功鎮","121.400","23.120","545"
"26","148643","20221005094000","48","0","臺東縣","成功鎮","121.410","23.120","30"
"39","148653","20221005094000","15","3","臺東縣","成功鎮","121.355","23.105","35"
"178","148657","20221005094000","728","0","臺東縣","成功鎮","121.375","23.105","178"
"92","148690","20221005094000","53","3","臺東縣","成功鎮","121.340","23.045","84"
"25","148696","20221005094000","31","0","臺東縣","成功鎮","121.340","23.050","26"
"202","148718","20221005094000","117","3","臺東縣","成功鎮","121.345","23.065","226"
"226","148763","20221005094000","59","3","臺東縣","成功鎮","121.355","23.090","266"
"23","148769","20221005094000","13","3","臺東縣","成功鎮","121.345","23.095","22"
"27","148782","20221005094000","145","0","臺東縣","成功鎮","121.370","23.100","27"
"1393","148784","20221005094000","617","3","臺東縣","成功鎮","121.380","23.100","1493"
"456","148795","20221005094000","429","1","臺東縣","關山鎮","121.175","23.070","437"
"169","148817","20221005094000","101","3","臺東縣","關山鎮","121.175","23.080","204"
"21","148847","20221005094000","266","0","臺東縣","關山鎮","121.165","23.045","21"
"87","148852","20221005094000","1347","0","臺東縣","關山鎮","121.165","23.050","87"
"517","148873","20221005094000","494","1","臺東縣","關山鎮","121.165","23.055","526"
"432","148879","20221005094000","291","2","臺東縣","關山鎮","121.155","23.045","393"
"433","148883","20221005094000","556","0","高雄市","甲仙區","120.590","23.085","450"
"59","148899","20221005094000","65","0","高雄市","甲仙區","120.590","23.100","76"
"67","148910","20221005094000","55","2","高雄市","甲仙區","120.550","23.055","79"
"121","148925","20221005094000","91","2","高雄市","甲仙區","120.570","23.065","86"
"219","148938","20221005094000","124","3","高雄市","甲仙區","120.575","23.070","216"
"77","148960","20221005094000","71","1","高雄市","甲仙區","120.560","23.050","64"
"990","148988","20221005094000","484","3","臺南市","安南區","120.145","23.045","1083"
"32","148989","20221005094000","22","2","臺南市","安南區","120.150","23.045","29"
"24","149026","20221005094000","32","0","高雄市","桃源區","120.720","23.050","20"
"24","149092","20221005094000","17","2","高雄市","桃源區","120.735","23.060","37"
"37","149159","20221005094000","40","0","高雄市","桃源區","120.755","23.070","77"
"10","149193","20221005094000","22","0","高雄市","桃源區","120.760","23.070","24"
"10","149519","20221005094000","73","0","高雄市","六龜區","120.685","23.110","16"
"279","149576","20221005094000","159","3","臺南市","新化區","120.295","23.045","281"
"66","149589","20221005094000","221","0","臺南市","永康區","120.235","23.045","64"
"2363","149590","20221005094000","1410","3","臺南市","永康區","120.240","23.045","2265"
"43","149592","20221005094000","51","0","臺南市","永康區","120.245","23.045","49"
"386","149593","20221005094000","262","2","臺南市","永康區","120.250","23.045","378"
"40","149614","20221005094000","39","1","臺南市","玉井區","120.460","23.100","51"
"38","149636","20221005094000","33","1","臺南市","玉井區","120.490","23.095","25"
"127","149651","20221005094000","168","0","臺南市","玉井區","120.480","23.105","141"
"315","149654","20221005094000","1251","0","臺東縣","成功鎮","121.380","23.105","315"
"76","149658","20221005094000","42","3","臺東縣","東河鄉","121.285","23.045","84"
"63","149682","20221005094000","44","2","臺東縣","東河鄉","121.295","23.055","62"
"21","149761","20221005094000","17","2","臺東縣","東河鄉","121.295","23.080","13"
"66","149865","20221005094000","65","1","臺南市","新化區","120.310","23.045","60"
"488","149866","20221005094000","153","3","臺南市","新化區","120.315","23.045","526"
"161","149873","20221005094000","116","2","臺南市","新化區","120.325","23.055","140"
"34","149908","20221005094000","34","1","高雄市","甲仙區","120.600","23.085","36"
"1174","149946","20221005094000","1020","1","臺南市","善化區","120.270","23.125","1057"
"596","149948","20221005094000","686","0","臺南市","大內區","120.355","23.120","623"
"196","154962","20221005094000","252","0","澎湖縣","七美鄉","119.415","23.195","353"
"957","154965","20221005094000","525","3","臺南市","善化區","120.325","23.140","1023"
"251","154980","20221005094000","258","0","臺南市","善化區","120.325","23.135","252"
"1970","154984","20221005094000","1485","2","臺南市","善化區","120.300","23.130","1921"
"297","154985","20221005094000","270","1","臺南市","善化區","120.305","23.130","283"
"522","154986","20221005094000","416","2","臺南市","善化區","120.310","23.130","512"
"66","154996","20221005094000","142","0","澎湖縣","七美鄉","119.435","23.200","108"
"32","155085","20221005094000","13","3","臺南市","西港區","120.230","23.135","30"
"334","155098","20221005094000","661","0","臺南市","麻豆區","120.245","23.190","324"
"251","155107","20221005094000","118","3","臺南市","佳里區","120.180","23.145","235"
"440","155111","20221005094000","418","1","臺南市","佳里區","120.175","23.150","410"
"245","155114","20221005094000","792","0","臺南市","佳里區","120.175","23.155","205"
"675","155129","20221005094000","592","1","臺南市","佳里區","120.195","23.190","720"
"108","155501","20221005094000","45","3","臺東縣","海端鄉","121.025","23.185","50"
"65","155650","20221005094000","65","1","臺東縣","海端鄉","121.180","23.130","57"
"65","155658","20221005094000","38","3","臺東縣","海端鄉","121.205","23.150","57"
"88","155664","20221005094000","70","2","臺東縣","海端鄉","121.190","23.155","61"
"79","155779","20221005094000","75","1","臺東縣","海端鄉","121.125","23.130","49"
"86","155786","20221005094000","42","3","臺東縣","海端鄉","121.160","23.130","72"
"16","155909","20221005094000","21","0","臺東縣","海端鄉","121.085","23.140","16"
"77","156049","20221005094000","68","1","臺東縣","海端鄉","121.030","23.165","45"
"118","156052","20221005094000","67","3","臺東縣","海端鄉","121.045","23.165","112"
"33","156083","20221005094000","74","0","臺東縣","海端鄉","121.045","23.170","23"
"99","156227","20221005094000","354","0","臺南市","西港區","120.180","23.130","89"
"467","156233","20221005094000","431","1","臺南市","西港區","120.200","23.130","463"
"363","156281","20221005094000","281","2","臺南市","佳里區","120.180","23.165","409"
"38","156284","20221005094000","250","0","臺南市","佳里區","120.180","23.170","31"
"94","156292","20221005094000","58","3","臺南市","佳里區","120.155","23.170","73"
"622","156302","20221005094000","597","1","臺南市","麻豆區","120.215","23.175","575"
"726","156306","20221005094000","520","2","臺南市","佳里區","120.160","23.160","710"
"1677","156309","20221005094000","1612","1","臺南市","佳里區","120.175","23.160","1567"
"4023","156314","20221005094000","4098","0","臺南市","佳里區","120.175","23.165","3940"
"10","156316","20221005094000","10","1","臺南市","佳里區","120.170","23.170","10"
"311","156333","20221005094000","212","2","臺南市","七股區","120.140","23.140","296"
"376","156339","20221005094000","259","2","臺南市","七股區","120.150","23.150","391"
"177","156348","20221005094000","143","2","花蓮縣","富里鄉","121.255","23.180","183"
"334","156361","20221005094000","298","1","花蓮縣","富里鄉","121.275","23.190","334"
"446","156391","20221005094000","495","0","臺南市","西港區","120.220","23.140","426"
"520","156401","20221005094000","547","0","臺南市","麻豆區","120.240","23.155","543"
"44","156402","20221005094000","21","3","臺南市","麻豆區","120.240","23.160","64"
"428","156420","20221005094000","265","3","臺南市","麻豆區","120.270","23.195","426"
"199","156423","20221005094000","61","3","臺南市","麻豆區","120.285","23.195","193"
"217","156446","20221005094000","237","0","臺南市","大內區","120.415","23.150","220"
"30","156474","20221005094000","20","3","臺南市","大內區","120.410","23.165","21"
"451","156721","20221005094000","265","3","臺南市","善化區","120.270","23.145","427"
"28","156730","20221005094000","19","2","臺南市","大內區","120.405","23.130","24"
"22","156736","20221005094000","27","0","臺南市","大內區","120.435","23.130","22"
"128","156743","20221005094000","58","3","臺南市","大內區","120.430","23.135","43"
"91","156744","20221005094000","131","0","臺南市","玉井區","120.435","23.135","70"
"1547","156753","20221005094000","662","3","臺南市","善化區","120.285","23.135","1502"
"17","156765","20221005094000","504","0","臺南市","善化區","120.290","23.135","20"
"960","156781","20221005094000","890","1","臺南市","善化區","120.285","23.150","954"
"888","156792","20221005094000","716","2","臺南市","七股區","120.135","23.140","830"
"234","156851","20221005094000","268","0","臺南市","佳里區","120.155","23.180","220"
"405","156856","20221005094000","279","2","臺南市","佳里區","120.155","23.140","436"
"479","156864","20221005094000","411","1","臺南市","佳里區","120.185","23.145","456"
"144","156865","20221005094000","543","0","臺南市","佳里區","120.180","23.150","135"
"1397","156869","20221005094000","1151","2","臺南市","佳里區","120.180","23.155","1340"
"48","156870","20221005094000","129","0","臺南市","佳里區","120.185","23.155","48"
"633","156873","20221005094000","653","0","臺南市","佳里區","120.155","23.175","668"
"440","156909","20221005094000","281","3","臺南市","麻豆區","120.240","23.190","484"
"301","156941","20221005094000","297","1","臺南市","佳里區","120.190","23.190","256"
"1010","156942","20221005094000","516","3","臺南市","佳里區","120.185","23.185","1056"
"723","156974","20221005094000","784","0","臺南市","七股區","120.090","23.185","775"
"959","156977","20221005094000","383","3","臺南市","西港區","120.200","23.140","967"
"1429","157009","20221005094000","1181","2","臺南市","麻豆區","120.240","23.185","1337"
"605","157010","20221005094000","1006","0","臺南市","麻豆區","120.250","23.185","568"
"76","157011","20221005094000","416","0","臺南市","麻豆區","120.255","23.185","53"
"31","157047","20221005094000","36","0","臺南市","六甲區","120.415","23.205","22"
"116","157077","20221005094000","84","2","臺南市","楠西區","120.505","23.140","111"
"391","157130","20221005094000","300","2","臺南市","將軍區","120.160","23.190","375"
"52","157174","20221005094000","403","0","臺南市","官田區","120.315","23.195","59"
"724","157183","20221005094000","345","3","臺南市","安定區","120.245","23.130","653"
"214","157198","20221005094000","209","1","花蓮縣","富里鄉","121.265","23.155","201"
"737","157259","20221005094000","766","0","臺南市","官田區","120.325","23.200","684"
"327","157263","20221005094000","362","0","臺南市","官田區","120.320","23.205","325"
"298","157334","20221005094000","196","3","臺南市","官田區","120.370","23.195","270"
"137","157335","20221005094000","135","1","臺南市","官田區","120.375","23.195","151"
"268","157382","20221005094000","82","3","臺南市","官田區","120.320","23.170","261"
"246","157394","20221005094000","175","2","臺南市","官田區","120.310","23.175","236"
"89","157422","20221005094000","47","3","臺南市","官田區","120.330","23.165","84"
"812","157478","20221005094000","639","2","臺南市","官田區","120.315","23.190","793"
"51","157597","20221005094000","31","3","臺南市","南化區","120.595","23.165","46"
"75","157624","20221005094000","57","2","臺南市","南化區","120.600","23.175","61"
"65","157646","20221005094000","89","0","臺南市","南化區","120.570","23.185","62"
"12","157724","20221005094000","13","0","臺南市","南化區","120.625","23.205","12"
"2072","157737","20221005094000","2097","0","臺南市","麻豆區","120.245","23.180","2093"
"167","157740","20221005094000","142","1","臺南市","麻豆區","120.240","23.195","144"
"631","157752","20221005094000","491","2","臺南市","麻豆區","120.260","23.185","620"
"523","157756","20221005094000","512","1","臺南市","麻豆區","120.265","23.190","442"
"260","157759","20221005094000","218","1","臺南市","麻豆區","120.255","23.190","260"
"40","157773","20221005094000","34","1","臺東縣","池上鄉","121.210","23.125","48"
"70","157789","20221005094000","85","0","臺東縣","池上鄉","121.200","23.140","66"
"299","157818","20221005094000","269","1","花蓮縣","卓溪鄉","121.225","23.160","302"
"103","157895","20221005094000","108","0","花蓮縣","富里鄉","121.250","23.200","118"
"201","157913","20221005094000","482","0","臺南市","善化區","120.295","23.135","188"
"61","157915","20221005094000","99","0","臺南市","善化區","120.305","23.135","67"
"676","157919","20221005094000","422","3","臺南市","善化區","120.305","23.140","692"
"895","157924","20221005094000","360","3","臺南市","善化區","120.290","23.145","896"
"10","157933","20221005094000","18","0","臺南市","善化區","120.285","23.160","12"
"20","157961","20221005094000","284","0","臺南市","善化區","120.285","23.130","15"
"156","157991","20221005094000","102","3","花蓮縣","富里鄉","121.235","23.135","164"
"60","157998","20221005094000","71","0","花蓮縣","富里鄉","121.240","23.140","57"
"300","158028","20221005094000","237","2","花蓮縣","富里鄉","121.250","23.170","266"
"516","158030","20221005094000","431","1","花蓮縣","富里鄉","121.250","23.175","538"
"109","158032","20221005094000","94","1","花蓮縣","富里鄉","121.250","23.180","139"
"1004","158045","20221005094000","527","3","臺南市","將軍區","120.140","23.205","934"
"1253","158058","20221005094000","1303","0","臺南市","將軍區","120.160","23.200","1282"
"275","158065","20221005094000","299","0","臺南市","七股區","120.135","23.130","278"
"482","158072","20221005094000","423","1","臺南市","七股區","120.110","23.145","503"
"28","158092","20221005094000","39","0","臺南市","七股區","120.130","23.185","31"
"32","158097","20221005094000","22","2","臺南市","七股區","120.145","23.180","67"
"469","158106","20221005094000","286","3","臺南市","佳里區","120.190","23.165","503"
"75","158107","20221005094000","607","0","臺南市","佳里區","120.195","23.165","62"
"745","158122","20221005094000","768","0","臺南市","佳里區","120.180","23.180","764"
"415","158126","20221005094000","500","0","臺南市","佳里區","120.175","23.185","431"
"32","158128","20221005094000","26","2","臺東縣","池上鄉","121.185","23.130","43"
"178","158181","20221005094000","182","0","臺南市","麻豆區","120.265","23.180","174"
"838","158192","20221005094000","692","2","臺南市","麻豆區","120.245","23.185","903"
"48","158363","20221005094000","25","3","高雄市","桃源區","120.790","23.185","18"
"74","158397","20221005094000","97","0","臺東縣","池上鄉","121.235","23.130","65"
"504","158398","20221005094000","329","3","臺南市","玉井區","120.470","23.130","496"
"40","158400","20221005094000","231","0","臺南市","玉井區","120.480","23.130","43"
"243","158410","20221005094000","219","1","臺南市","玉井區","120.440","23.135","225"
"133","158457","20221005094000","85","3","臺南市","楠西區","120.490","23.190","122"
"64","158502","20221005094000","69","0","臺南市","楠西區","120.515","23.200","60"
"37","158508","20221005094000","38","0","臺南市","楠西區","120.545","23.205","41"
"760","158533","20221005094000","479","3","臺南市","楠西區","120.485","23.175","803"
"400","158546","20221005094000","295","2","臺南市","楠西區","120.485","23.170","370"
"30","158547","20221005094000","269","0","臺南市","楠西區","120.480","23.175","28"
"51","158550","20221005094000","243","0","臺南市","楠西區","120.480","23.185","47"
"41","158572","20221005094000","51","0","臺南市","楠西區","120.505","23.160","54"
"58","158634","20221005094000","38","3","臺南市","楠西區","120.560","23.180","42"
"21","158638","20221005094000","50","0","臺南市","楠西區","120.525","23.185","15"
"109","158670","20221005094000","94","1","臺南市","楠西區","120.465","23.190","134"
"81","158687","20221005094000","161","0","臺南市","楠西區","120.490","23.200","66"
"45","158849","20221005094000","209","0","臺東縣","成功鎮","121.400","23.155","45"
"125","158905","20221005094000","82","3","臺東縣","成功鎮","121.400","23.170","143"
"116","158933","20221005094000","107","1","臺東縣","成功鎮","121.395","23.180","104"
"136","159028","20221005094000","127","1","高雄市","甲仙區","120.635","23.150","138"
"22","159158","20221005094000","23","0","高雄市","三民區","120.660","23.200","33"
"36","159274","20221005094000","31","1","高雄市","桃源區","120.800","23.210","33"
"58","159434","20221005094000","25","3","高雄市","桃源區","120.755","23.145","21"
"259","159527","20221005094000","188","2","高雄市","桃源區","120.765","23.160","306"
"103","159574","20221005094000","87","1","高雄市","桃源區","120.770","23.165","51"
"34","159705","20221005094000","12","3","高雄市","桃源區","120.730","23.135","17"
"56","159707","20221005094000","28","3","高雄市","桃源區","120.740","23.135","52"
"320","159838","20221005094000","175","3","臺南市","官田區","120.350","23.150","238"
"236","159846","20221005094000","131","3","臺南市","大內區","120.365","23.155","228"
"391","159859","20221005094000","374","1","臺南市","大內區","120.380","23.145","419"
"101","159883","20221005094000","29","3","臺南市","大內區","120.370","23.160","77"
"292","159912","20221005094000","279","1","臺南市","麻豆區","120.225","23.175","272"
"611","159913","20221005094000","769","0","臺南市","麻豆區","120.220","23.180","578"
"550","159928","20221005094000","469","1","臺南市","麻豆區","120.255","23.180","534"
"19","159936","20221005094000","261","0","臺南市","善化區","120.315","23.145","25"
"512","159943","20221005094000","348","2","臺南市","善化區","120.300","23.150","464"
"52","159947","20221005094000","310","0","臺南市","善化區","120.265","23.130","15"
"366","159950","20221005094000","127","3","臺南市","善化區","120.260","23.135","389"
"175","161053","20221005094000","113","3","澎湖縣","七美鄉","119.430","23.215","148"
"120","162017","20221005094000","49","3","臺東縣","長濱鄉","121.415","23.235","80"
"343","164970","20221005094000","351","0","澎湖縣","七美鄉","119.425","23.205","348"
"64","164978","20221005094000","254","0","澎湖縣","望安鄉","119.670","23.245","179"
"626","165017","20221005094000","469","2","臺南市","學甲區","120.195","23.215","597"
"495","165030","20221005094000","451","1","臺南市","學甲區","120.195","23.230","547"
"152","165342","20221005094000","97","3","臺東縣","海端鄉","120.985","23.250","49"
"72","165457","20221005094000","50","2","臺東縣","海端鄉","120.990","23.270","16"
"1441","165635","20221005094000","1564","0","臺南市","下營區","120.265","23.240","1429"
"695","165652","20221005094000","599","1","臺南市","下營區","120.270","23.245","702"
"255","165697","20221005094000","197","2","花蓮縣","富里鄉","121.275","23.215","304"
"349","165713","20221005094000","278","2","臺南市","下營區","120.270","23.210","374"
"25","165716","20221005094000","29","0","花蓮縣","富里鄉","121.340","23.280","28"
"155","165718","20221005094000","142","1","花蓮縣","玉里鎮","121.345","23.285","152"
"165","165736","20221005094000","122","2","花蓮縣","玉里鎮","121.285","23.280","161"
"171","165743","20221005094000","111","3","花蓮縣","玉里鎮","121.280","23.285","176"
"81","165775","20221005094000","161","0","花蓮縣","富里鄉","121.290","23.240","83"
"22","165778","20221005094000","36","0","花蓮縣","富里鄉","121.305","23.240","45"
"117","165815","20221005094000","111","1","花蓮縣","富里鄉","121.295","23.255","133"
"220","165847","20221005094000","274","0","臺南市","新營區","120.275","23.275","210"
"60","165852","20221005094000","62","0","臺南市","六甲區","120.345","23.230","40"
"1012","165855","20221005094000","717","2","臺南市","北門區","120.135","23.240","1025"
"122","165858","20221005094000","179","0","臺南市","北門區","120.130","23.250","123"
"279","165925","20221005094000","289","0","臺南市","六甲區","120.345","23.235","293"
"225","165938","20221005094000","63","3","臺南市","六甲區","120.340","23.250","208"
"65","165969","20221005094000","27","3","臺南市","六甲區","120.400","23.220","31"
"30","166033","20221005094000","52","0","臺南市","柳營區","120.310","23.260","88"
"428","166037","20221005094000","167","3","臺南市","柳營區","120.305","23.280","437"
"247","166071","20221005094000","361","0","臺南市","六甲區","120.340","23.225","223"
"47","166077","20221005094000","22","3","臺南市","六甲區","120.315","23.250","52"
"365","166081","20221005094000","291","2","臺南市","六甲區","120.310","23.255","365"
"75","166097","20221005094000","43","3","臺南市","北門區","120.110","23.260","81"
"125","166128","20221005094000","116","1","臺南市","北門區","120.140","23.265","137"
"180","166144","20221005094000","167","1","臺南市","學甲區","120.180","23.285","169"
"105","166153","20221005094000","322","0","臺南市","將軍區","120.165","23.220","89"
"57","166181","20221005094000","494","0","臺南市","北門區","120.095","23.230","43"
"1092","166188","20221005094000","1051","1","臺南市","北門區","120.115","23.235","1095"
"763","166224","20221005094000","689","1","臺南市","北門區","120.135","23.280","776"
"894","166238","20221005094000","921","0","臺南市","北門區","120.125","23.270","955"
"70","166250","20221005094000","62","1","花蓮縣","富里鄉","121.315","23.220","94"
"196","166256","20221005094000","207","0","花蓮縣","富里鄉","121.275","23.225","230"
"211","166326","20221005094000","171","2","花蓮縣","富里鄉","121.305","23.255","210"
"108","166340","20221005094000","86","2","花蓮縣","富里鄉","121.305","23.265","123"
"72","166344","20221005094000","81","0","花蓮縣","富里鄉","121.300","23.270","99"
"416","166354","20221005094000","337","2","臺南市","官田區","120.320","23.215","411"
"199","166363","20221005094000","126","3","臺南市","官田區","120.340","23.220","190"
"18","166377","20221005094000","799","0","臺南市","官田區","120.310","23.215","15"
"375","166389","20221005094000","246","3","臺南市","官田區","120.360","23.210","298"
"568","166391","20221005094000","200","3","臺南市","官田區","120.370","23.210","537"
"405","166424","20221005094000","357","1","臺南市","北門區","120.145","23.285","288"
"347","166429","20221005094000","223","3","臺南市","將軍區","120.160","23.220","364"
"1651","166446","20221005094000","1658","0","臺南市","六甲區","120.355","23.230","1535"
"475","166455","20221005094000","213","3","臺南市","六甲區","120.370","23.230","295"
"147","166495","20221005094000","134","1","臺南市","北門區","120.125","23.240","145"
"537","166562","20221005094000","416","2","臺南市","麻豆區","120.220","23.220","578"
"77","166785","20221005094000","46","3","花蓮縣","富里鄉","121.265","23.215","80"
"460","167284","20221005094000","296","3","臺南市","下營區","120.290","23.245","441"
"21","167323","20221005094000","13","3","花蓮縣","富里鄉","121.360","23.265","14"
"80","167340","20221005094000","44","3","花蓮縣","富里鄉","121.315","23.275","65"
"24","167482","20221005094000","111","0","臺南市","東山區","120.470","23.260","21"
"71","167491","20221005094000","76","0","臺南市","東山區","120.515","23.260","106"
"338","167497","20221005094000","144","3","臺南市","東山區","120.480","23.265","314"
"40","167501","20221005094000","189","0","臺南市","東山區","120.500","23.265","29"
"32","167514","20221005094000","107","0","臺南市","東山區","120.395","23.265","39"
"53","167565","20221005094000","142","0","臺南市","東山區","120.445","23.265","48"
"326","167568","20221005094000","191","3","臺南市","東山區","120.445","23.270","324"
"174","167588","20221005094000","130","2","臺南市","東山區","120.445","23.290","158"
"193","167626","20221005094000","463","0","臺南市","東山區","120.405","23.285","192"
"63","167655","20221005094000","36","3","臺南市","東山區","120.465","23.280","58"
"27","167656","20221005094000","138","0","臺南市","東山區","120.470","23.280","26"
"72","167674","20221005094000","52","2","臺南市","東山區","120.500","23.285","74"
"60","167688","20221005094000","32","3","臺南市","東山區","120.515","23.290","77"
"261","167707","20221005094000","238","1","臺南市","將軍區","120.085","23.215","283"
"245","167714","20221005094000","186","2","臺南市","將軍區","120.120","23.220","217"
"835","167786","20221005094000","425","3","臺南市","鹽水區","120.205","23.260","856"
"80","167813","20221005094000","38","3","臺東縣","長濱鄉","121.410","23.215","52"
"90","167824","20221005094000","82","1","臺東縣","長濱鄉","121.415","23.225","79"
"56","167894","20221005094000","210","0","臺東縣","長濱鄉","121.415","23.250","56"
"37","167910","20221005094000","20","3","臺東縣","長濱鄉","121.385","23.260","33"
"29","167952","20221005094000","35","0","臺南市","學甲區","120.185","23.230","28"
"1167","167953","20221005094000","971","2","臺南市","學甲區","120.185","23.235","1072"
"1488","167958","20221005094000","774","3","臺南市","學甲區","120.185","23.225","1466"
"123","167982","20221005094000","375","0","臺南市","學甲區","120.195","23.240","99"
"1669","167993","20221005094000","1753","0","臺南市","學甲區","120.180","23.235","1682"
"204","168093","20221005094000","226","0","高雄市","三民區","120.670","23.235","173"
"88","168132","20221005094000","113","0","高雄市","三民區","120.695","23.235","90"
"64","168149","20221005094000","65","0","高雄市","三民區","120.695","23.240","56"
"52","168296","20221005094000","56","0","高雄市","三民區","120.680","23.265","55"
"287","168347","20221005094000","251","1","高雄市","三民區","120.700","23.275","312"
"176","168351","20221005094000","175","1","高雄市","三民區","120.720","23.275","184"
"13","168370","20221005094000","11","1","高雄市","三民區","120.685","23.280","15"
"685","168445","20221005094000","599","1","臺南市","鹽水區","120.235","23.285","693"
"2164","168462","20221005094000","2517","0","臺南市","柳營區","120.325","23.290","2022"
"155","168468","20221005094000","162","0","臺南市","柳營區","120.405","23.235","142"
"179","168484","20221005094000","133","2","臺南市","柳營區","120.420","23.245","189"
"11","168515","20221005094000","507","0","臺南市","柳營區","120.380","23.265","13"
"684","168541","20221005094000","261","3","臺南市","柳營區","120.330","23.280","652"
"263","168545","20221005094000","109","3","臺南市","柳營區","120.380","23.240","387"
"188","168619","20221005094000","220","0","臺南市","楠西區","120.495","23.215","193"
"76","168624","20221005094000","43","3","臺南市","楠西區","120.520","23.215","70"
"98","168647","20221005094000","109","0","臺南市","楠西區","120.500","23.225","96"
"21","168692","20221005094000","20","1","臺南市","鹽水區","120.245","23.275","26"
"26","168719","20221005094000","22","1","臺東縣","成功鎮","121.400","23.210","28"
"15","168755","20221005094000","110","0","臺東縣","長濱鄉","121.425","23.275","15"
"55","168825","20221005094000","50","1","高雄市","桃源區","120.805","23.220","67"
"96","168996","20221005094000","64","3","高雄市","桃源區","120.815","23.240","65"
"140","169242","20221005094000","62","3","高雄市","桃源區","120.825","23.265","57"
"142","169268","20221005094000","25","3","高雄市","桃源區","120.950","23.265","142"
"32","169313","20221005094000","42","0","高雄市","桃源區","120.845","23.275","32"
"69","169328","20221005094000","163","0","高雄市","桃源區","120.915","23.275","69"
"27","169350","20221005094000","45","0","高雄市","桃源區","120.840","23.280","27"
"16","169367","20221005094000","42","0","高雄市","桃源區","120.920","23.280","10"
"39","169390","20221005094000","33","1","高雄市","桃源區","120.845","23.285","39"
"49","169401","20221005094000","26","3","高雄市","桃源區","120.895","23.285","49"
"27","169404","20221005094000","68","0","高雄市","桃源區","120.910","23.285","27"
"62","169437","20221005094000","10","3","高雄市","桃源區","120.850","23.290","62"
"380","169480","20221005094000","181","3","臺南市","新營區","120.275","23.265","386"
"127","169490","20221005094000","103","2","臺南市","學甲區","120.195","23.275","122"
"375","169506","20221005094000","421","0","臺南市","學甲區","120.205","23.280","353"
"681","169527","20221005094000","640","1","臺南市","學甲區","120.160","23.245","686"
"27","169530","20221005094000","20","2","臺南市","學甲區","120.150","23.250","31"
"537","169555","20221005094000","405","2","臺南市","鹽水區","120.255","23.250","558"
"260","169567","20221005094000","313","0","臺南市","將軍區","120.135","23.225","237"
"34","169664","20221005094000","20","3","嘉義縣","大埔鄉","120.625","23.245","25"
"50","169729","20221005094000","38","2","嘉義縣","大埔鄉","120.590","23.270","37"
"40","169739","20221005094000","39","1","嘉義縣","大埔鄉","120.585","23.275","31"
"38","169788","20221005094000","36","1","嘉義縣","大埔鄉","120.545","23.230","44"
"59","169812","20221005094000","41","2","臺南市","東山區","120.520","23.240","66"
"51","169834","20221005094000","49","1","嘉義縣","大埔鄉","120.565","23.245","41"
"17","169837","20221005094000","21","0","嘉義縣","大埔鄉","120.580","23.245","20"
"84","169842","20221005094000","51","3","嘉義縣","大埔鄉","120.535","23.250","80"
"346","174966","20221005094000","455","0","澎湖縣","望安鄉","119.505","23.360","386"
"27","174989","20221005094000","70","0","臺南市","白河區","120.460","23.350","20"
"253","175007","20221005094000","192","2","臺南市","東山區","120.500","23.295","240"
"114","175048","20221005094000","57","3","臺南市","白河區","120.480","23.320","136"
"137","175054","20221005094000","81","3","臺南市","白河區","120.510","23.320","93"
"409","175059","20221005094000","335","2","臺南市","白河區","120.485","23.325","378"
"105","175081","20221005094000","85","2","臺南市","白河區","120.495","23.335","93"
"189","175083","20221005094000","222","0","臺南市","白河區","120.505","23.335","238"
"69","175092","20221005094000","87","0","臺南市","白河區","120.505","23.340","76"
"1443","175108","20221005094000","1286","1","臺南市","新營區","120.310","23.305","1571"
"173","175181","20221005094000","127","2","花蓮縣","玉里鎮","121.335","23.320","192"
"1672","175206","20221005094000","1593","1","花蓮縣","玉里鎮","121.310","23.335","1644"
"345","175209","20221005094000","324","1","花蓮縣","玉里鎮","121.310","23.340","349"
"102","175217","20221005094000","71","2","花蓮縣","玉里鎮","121.300","23.300","87"
"303","175262","20221005094000","281","1","花蓮縣","玉里鎮","121.300","23.320","272"
"156","175264","20221005094000","139","1","花蓮縣","玉里鎮","121.310","23.320","180"
"34","175284","20221005094000","19","3","花蓮縣","玉里鎮","121.275","23.290","31"
"36","175299","20221005094000","62","0","花蓮縣","玉里鎮","121.290","23.295","54"
"302","175318","20221005094000","686","0","臺南市","白河區","120.410","23.345","233"
"63","175319","20221005094000","376","0","臺南市","白河區","120.405","23.350","50"
"262","175320","20221005094000","709","0","臺南市","白河區","120.410","23.350","212"
"49","175328","20221005094000","35","2","臺南市","白河區","120.460","23.365","45"
"246","175348","20221005094000","309","0","臺南市","白河區","120.440","23.345","193"
"204","175355","20221005094000","97","3","臺南市","新營區","120.330","23.320","239"
"39","175359","20221005094000","16","3","臺南市","新營區","120.350","23.320","37"
"1014","175362","20221005094000","835","2","臺南市","新營區","120.315","23.325","1032"
"521","175398","20221005094000","395","2","臺南市","後壁區","120.315","23.370","519"
"420","175467","20221005094000","530","0","臺南市","北門區","120.170","23.300","431"
"195","175484","20221005094000","293","0","臺南市","後壁區","120.330","23.355","157"
"571","175489","20221005094000","713","0","臺南市","新營區","120.270","23.295","696"
"716","175497","20221005094000","924","0","臺南市","後壁區","120.360","23.370","677"
"2739","175499","20221005094000","2313","1","臺南市","後壁區","120.370","23.370","2573"
"1901","175523","20221005094000","1246","3","臺南市","後壁區","120.395","23.370","1614"
"1303","175546","20221005094000","1016","2","臺南市","新營區","120.310","23.300","1319"
"2299","175547","20221005094000","2113","1","臺南市","新營區","120.315","23.310","2235"
"1731","175548","20221005094000","2180","0","臺南市","新營區","120.315","23.315","1643"
"193","175564","20221005094000","393","0","臺南市","後壁區","120.355","23.365","188"
"22","175571","20221005094000","1667","0","臺南市","新營區","120.305","23.310","31"
"1337","175576","20221005094000","857","3","臺南市","新營區","120.300","23.310","1330"
"274","175585","20221005094000","145","3","臺南市","北門區","120.110","23.300","286"
"14","175648","20221005094000","28","0","臺南市","新營區","120.290","23.300","14"
"23","175651","20221005094000","15","3","臺南市","柳營區","120.300","23.295","24"
"161","175653","20221005094000","60","3","臺南市","柳營區","120.310","23.295","163"
"66","175712","20221005094000","192","0","臺南市","白河區","120.430","23.330","43"
"39","175737","20221005094000","314","0","臺南市","白河區","120.430","23.355","30"
"41","175874","20221005094000","57","0","花蓮縣","卓溪鄉","121.270","23.305","21"
"74","176357","20221005094000","227","0","花蓮縣","玉里鎮","121.300","23.345","231"
"427","176756","20221005094000","366","1","臺南市","新營區","120.325","23.315","436"
"393","176757","20221005094000","343","1","臺南市","新營區","120.330","23.315","385"
"57","176764","20221005094000","42","2","花蓮縣","玉里鎮","121.330","23.300","45"
"310","176798","20221005094000","200","3","臺南市","後壁區","120.350","23.335","288"
"895","176811","20221005094000","818","1","臺南市","新營區","120.305","23.300","879"
"1417","176812","20221005094000","1337","1","臺南市","新營區","120.315","23.305","1388"
"25","176814","20221005094000","15","3","臺南市","東山區","120.385","23.310","15"
"56","176830","20221005094000","129","0","臺南市","東山區","120.390","23.330","59"
"967","176863","20221005094000","710","2","臺南市","東山區","120.405","23.320","855"
"277","176885","20221005094000","253","1","臺南市","東山區","120.405","23.325","216"
"289","176921","20221005094000","330","0","臺南市","東山區","120.390","23.295","241"
"775","176933","20221005094000","464","3","臺南市","東山區","120.415","23.300","645"
"11","176986","20221005094000","626","0","臺南市","白河區","120.395","23.340","1680"
"584","177006","20221005094000","831","0","臺南市","鹽水區","120.270","23.325","577"
"544","177007","20221005094000","554","0","嘉義縣","義竹鄉","120.255","23.330","557"
"561","177010","20221005094000","367","3","臺南市","鹽水區","120.270","23.330","576"
"28","177169","20221005094000","46","0","花蓮縣","玉里鎮","121.370","23.350","27"
"1881","177425","20221005094000","1062","3","臺南市","新營區","120.315","23.300","1921"
"333","177432","20221005094000","466","0","臺南市","鹽水區","120.280","23.330","342"
"661","177436","20221005094000","450","2","臺南市","鹽水區","120.290","23.335","638"
"910","177466","20221005094000","787","1","臺南市","鹽水區","120.270","23.310","917"
"700","177467","20221005094000","736","0","臺南市","新營區","120.275","23.310","708"
"721","177475","20221005094000","479","3","臺南市","鹽水區","120.265","23.325","722"
"178","177480","20221005094000","118","3","臺南市","白河區","120.480","23.325","170"
"183","177500","20221005094000","115","3","臺南市","白河區","120.495","23.340","150"
"15","177550","20221005094000","13","1","臺南市","白河區","120.455","23.310","17"
"10","177568","20221005094000","49","0","臺南市","白河區","120.445","23.320","36"
"462","177580","20221005094000","1467","0","臺南市","白河區","120.415","23.350","394"
"562","177586","20221005094000","219","3","臺南市","柳營區","120.325","23.295","506"
"24","177599","20221005094000","660","0","臺南市","柳營區","120.365","23.295","15"
"55","177602","20221005094000","36","3","臺南市","鹽水區","120.270","23.320","59"
"283","177603","20221005094000","224","2","花蓮縣","玉里鎮","121.320","23.320","279"
"507","177605","20221005094000","314","3","花蓮縣","玉里鎮","121.310","23.325","461"
"237","177606","20221005094000","143","3","花蓮縣","玉里鎮","121.315","23.325","227"
"234","177609","20221005094000","255","0","花蓮縣","玉里鎮","121.310","23.330","225"
"2002","177610","20221005094000","1906","1","花蓮縣","玉里鎮","121.315","23.330","1952"
"963","177613","20221005094000","991","0","花蓮縣","玉里鎮","121.315","23.340","957"
"198","177617","20221005094000","151","2","花蓮縣","玉里鎮","121.320","23.345","153"
"315","177619","20221005094000","316","0","花蓮縣","玉里鎮","121.320","23.330","327"
"43","177621","20221005094000","17","3","花蓮縣","玉里鎮","121.315","23.335","37"
"494","177624","20221005094000","359","2","花蓮縣","玉里鎮","121.320","23.350","500"
"266","177632","20221005094000","258","1","花蓮縣","卓溪鄉","121.320","23.355","281"
"22","177682","20221005094000","31","0","臺東縣","長濱鄉","121.440","23.325","31"
"173","177742","20221005094000","50","3","臺東縣","長濱鄉","121.425","23.290","192"
"22","177750","20221005094000","22","1","臺東縣","長濱鄉","121.420","23.295","30"
"431","177808","20221005094000","675","0","臺東縣","長濱鄉","121.455","23.315","417"
"191","177813","20221005094000","152","2","臺東縣","長濱鄉","121.460","23.320","194"
"165","177815","20221005094000","101","3","臺東縣","長濱鄉","121.445","23.325","173"
"215","177826","20221005094000","121","3","臺東縣","長濱鄉","121.465","23.335","219"
"1108","178630","20221005094000","727","3","臺南市","鹽水區","120.265","23.320","1033"
"155","178643","20221005094000","207","0","臺南市","新營區","120.305","23.320","169"
"60","178644","20221005094000","128","0","臺南市","新營區","120.310","23.320","62"
"41","178697","20221005094000","37","1","嘉義縣","中埔鄉","120.510","23.345","36"
"27","178710","20221005094000","18","3","嘉義縣","中埔鄉","120.520","23.350","17"
"17","178712","20221005094000","42","0","嘉義縣","中埔鄉","120.530","23.350","17"
"494","178722","20221005094000","130","3","嘉義縣","中埔鄉","120.540","23.355","450"
"60","178756","20221005094000","43","2","嘉義縣","中埔鄉","120.495","23.370","73"
"259","178768","20221005094000","216","1","臺南市","鹽水區","120.260","23.295","264"
"12","178877","20221005094000","11","1","嘉義縣","布袋鎮","120.195","23.370","12"
"243","178886","20221005094000","170","2","嘉義縣","布袋鎮","120.140","23.335","215"
"10","178888","20221005094000","12","0","嘉義縣","布袋鎮","120.125","23.340","10"
"772","178930","20221005094000","209","3","嘉義縣","布袋鎮","120.160","23.320","769"
"811","178938","20221005094000","986","0","嘉義縣","布袋鎮","120.165","23.325","794"
"80","178970","20221005094000","52","3","嘉義縣","大埔鄉","120.625","23.300","70"
"30","178978","20221005094000","29","1","嘉義縣","大埔鄉","120.605","23.305","32"
"58","179106","20221005094000","48","2","嘉義縣","大埔鄉","120.590","23.295","54"
"468","179113","20221005094000","468","1","嘉義縣","大埔鄉","120.595","23.295","472"
"124","179189","20221005094000","134","0","嘉義縣","大埔鄉","120.570","23.330","121"
"34","179210","20221005094000","28","2","嘉義縣","大埔鄉","120.555","23.340","47"
"60","179249","20221005094000","28","3","嘉義縣","大埔鄉","120.585","23.360","52"
"13","179289","20221005094000","16","0","嘉義縣","番路鄉","120.620","23.345","11"
"57","179312","20221005094000","45","2","嘉義縣","番路鄉","120.605","23.355","43"
"225","179320","20221005094000","99","3","嘉義縣","番路鄉","120.590","23.360","255"
"1395","179352","20221005094000","1319","1","嘉義縣","義竹鄉","120.250","23.340","1335"
"732","179448","20221005094000","755","0","嘉義縣","義竹鄉","120.240","23.335","720"
"109","179461","20221005094000","87","2","嘉義縣","義竹鄉","120.245","23.335","88"
"717","179521","20221005094000","421","3","嘉義縣","義竹鄉","120.195","23.305","715"
"23","179523","20221005094000","17","2","嘉義縣","義竹鄉","120.205","23.305","24"
"53","179646","20221005094000","26","3","嘉義縣","阿里山鄉","120.680","23.335","45"
"66","179666","20221005094000","39","3","嘉義縣","阿里山鄉","120.680","23.340","63"
"100","179747","20221005094000","84","1","嘉義縣","阿里山鄉","120.665","23.300","83"
"101","179773","20221005094000","84","2","嘉義縣","阿里山鄉","120.695","23.305","109"
"40","179780","20221005094000","26","3","嘉義縣","阿里山鄉","120.665","23.310","26"
"1015","179845","20221005094000","622","3","嘉義縣","義竹鄉","120.225","23.320","918"
"1003","179874","20221005094000","635","3","嘉義縣","義竹鄉","120.190","23.335","1006"
"641","179880","20221005094000","579","1","嘉義縣","義竹鄉","120.230","23.360","629"
"161","179883","20221005094000","84","3","嘉義縣","義竹鄉","120.245","23.360","191"
"935","179922","20221005094000","815","1","嘉義縣","義竹鄉","120.220","23.360","930"
"167","179933","20221005094000","94","3","嘉義縣","義竹鄉","120.210","23.300","161"
"806","179945","20221005094000","603","2","嘉義縣","義竹鄉","120.270","23.360","755"
"149","180132","20221005094000","215","0","澎湖縣","望安鄉","119.520","23.365","161"
"250","180802","20221005094000","763","0","嘉義縣","布袋鎮","120.140","23.375","264"
"121","180804","20221005094000","58","3","臺東縣","長濱鄉","121.475","23.380","102"
"200","181221","20221005094000","240","0","澎湖縣","望安鄉","119.495","23.380","244"
"264","185223","20221005094000","303","0","嘉義縣","東石鄉","120.135","23.450","305"
"708","185452","20221005094000","766","0","嘉義市","東區","120.455","23.450","700"
"1376","185456","20221005094000","1050","2","嘉義縣","水上鄉","120.430","23.450","1400"
"54","185475","20221005094000","100","0","澎湖縣","望安鄉","119.320","23.395","100"
"27","185483","20221005094000","28","0","花蓮縣","玉里鎮","121.350","23.440","46"
"97","185491","20221005094000","87","1","花蓮縣","瑞穗鄉","121.350","23.450","95"
"140","185499","20221005094000","646","0","臺南市","白河區","120.405","23.395","140"
"21","185543","20221005094000","15","2","花蓮縣","玉里鎮","121.390","23.380","24"
"246","185546","20221005094000","193","2","花蓮縣","玉里鎮","121.355","23.385","216"
"19","185564","20221005094000","11","3","花蓮縣","玉里鎮","121.390","23.390","19"
"14","185565","20221005094000","16","0","花蓮縣","玉里鎮","121.395","23.390","17"
"35","185576","20221005094000","33","1","花蓮縣","玉里鎮","121.355","23.395","42"
"57","185590","20221005094000","50","1","花蓮縣","玉里鎮","121.365","23.405","70"
"137","185598","20221005094000","281","0","臺南市","白河區","120.415","23.380","116"
"256","185635","20221005094000","413","0","臺南市","後壁區","120.380","23.390","241"
"616","185683","20221005094000","917","0","臺南市","後壁區","120.340","23.380","582"
"199","185698","20221005094000","118","3","臺南市","白河區","120.480","23.385","232"
"91","186808","20221005094000","87","1","花蓮縣","卓溪鄉","121.315","23.435","83"
"248","186812","20221005094000","216","1","花蓮縣","卓溪鄉","121.335","23.435","298"
"98","186826","20221005094000","56","3","花蓮縣","卓溪鄉","121.340","23.440","72"
"39","186875","20221005094000","32","2","臺南市","後壁區","120.335","23.380","47"
"70","186914","20221005094000","40","3","臺南市","白河區","120.445","23.380","66"
"63","186915","20221005094000","404","0","臺南市","白河區","120.450","23.380","58"
"159","186921","20221005094000","235","0","臺南市","白河區","120.435","23.390","129"
"58","187008","20221005094000","35","3","臺東縣","長濱鄉","121.480","23.395","65"
"152","187061","20221005094000","141","1","花蓮縣","玉里鎮","121.320","23.395","162"
"153","187086","20221005094000","146","1","花蓮縣","玉里鎮","121.340","23.415","145"
"158","187099","20221005094000","86","3","花蓮縣","玉里鎮","121.345","23.425","143"
"153","187105","20221005094000","126","2","花蓮縣","玉里鎮","121.345","23.430","151"
"138","187173","20221005094000","105","2","花蓮縣","玉里鎮","121.395","23.450","140"
"13","187190","20221005094000","11","1","花蓮縣","玉里鎮","121.390","23.375","15"
"278","187253","20221005094000","311","0","花蓮縣","玉里鎮","121.375","23.425","286"
"305","187296","20221005094000","531","0","臺南市","白河區","120.440","23.400","244"
"160","187322","20221005094000","143","1","花蓮縣","玉里鎮","121.330","23.375","152"
"274","187339","20221005094000","164","3","花蓮縣","玉里鎮","121.325","23.390","250"
"17","187385","20221005094000","20","0","臺東縣","長濱鄉","121.465","23.405","13"
"38","187398","20221005094000","35","1","臺東縣","長濱鄉","121.470","23.410","32"
"29","187401","20221005094000","108","0","臺東縣","長濱鄉","121.485","23.410","29"
"61","188051","20221005094000","446","0","嘉義縣","中埔鄉","120.520","23.430","60"
"349","188063","20221005094000","247","2","嘉義縣","中埔鄉","120.560","23.435","323"
"694","188064","20221005094000","1101","0","嘉義縣","中埔鄉","120.520","23.420","681"
"523","188069","20221005094000","280","3","嘉義縣","中埔鄉","120.520","23.425","477"
"82","188090","20221005094000","66","2","嘉義縣","中埔鄉","120.510","23.400","73"
"30","188129","20221005094000","268","0","嘉義縣","中埔鄉","120.460","23.445","31"
"299","188131","20221005094000","198","3","嘉義縣","中埔鄉","120.460","23.450","281"
"397","188132","20221005094000","319","2","嘉義縣","中埔鄉","120.470","23.450","443"
"473","188133","20221005094000","607","0","嘉義縣","中埔鄉","120.475","23.450","476"
"1233","188134","20221005094000","1356","0","嘉義縣","中埔鄉","120.465","23.450","1227"
"496","188136","20221005094000","178","3","嘉義縣","中埔鄉","120.485","23.450","490"
"1073","188141","20221005094000","1097","0","嘉義縣","中埔鄉","120.450","23.435","1016"
"357","188144","20221005094000","320","1","嘉義縣","中埔鄉","120.455","23.445","349"
"511","188147","20221005094000","492","1","嘉義縣","中埔鄉","120.480","23.440","502"
"18","188154","20221005094000","126","0","嘉義縣","中埔鄉","120.490","23.445","15"
"582","188193","20221005094000","444","2","嘉義縣","中埔鄉","120.520","23.385","564"
"192","188241","20221005094000","102","3","嘉義縣","中埔鄉","120.580","23.425","145"
"191","188261","20221005094000","116","3","嘉義縣","中埔鄉","120.540","23.390","172"
"30","188280","20221005094000","77","0","嘉義縣","中埔鄉","120.575","23.380","27"
"92","188314","20221005094000","42","3","嘉義縣","中埔鄉","120.590","23.395","73"
"514","188331","20221005094000","400","2","嘉義縣","中埔鄉","120.555","23.405","491"
"55","188335","20221005094000","12","3","嘉義縣","中埔鄉","120.575","23.405","54"
"129","188368","20221005094000","612","0","嘉義縣","中埔鄉","120.540","23.440","123"
"310","188369","20221005094000","188","3","嘉義縣","中埔鄉","120.545","23.440","308"
"365","188382","20221005094000","268","2","嘉義縣","中埔鄉","120.565","23.445","336"
"643","188390","20221005094000","391","3","嘉義縣","中埔鄉","120.530","23.440","692"
"275","188417","20221005094000","268","1","嘉義縣","中埔鄉","120.510","23.435","307"
"594","188421","20221005094000","394","3","嘉義縣","中埔鄉","120.510","23.440","603"
"774","188422","20221005094000","737","1","嘉義縣","中埔鄉","120.495","23.445","710"
"332","188442","20221005094000","360","0","嘉義縣","中埔鄉","120.515","23.410","354"
"256","188445","20221005094000","218","1","嘉義縣","中埔鄉","120.530","23.410","242"
"268","188457","20221005094000","327","0","嘉義縣","中埔鄉","120.505","23.425","287"
"12","188462","20221005094000","20","0","嘉義縣","中埔鄉","120.505","23.375","13"
"147","188463","20221005094000","91","3","嘉義縣","中埔鄉","120.510","23.375","145"
"329","188469","20221005094000","313","1","嘉義縣","鹿草鄉","120.315","23.390","345"
"54","188471","20221005094000","16","3","嘉義縣","鹿草鄉","120.315","23.395","27"
"475","188493","20221005094000","411","1","嘉義縣","鹿草鄉","120.320","23.420","445"
"573","188498","20221005094000","210","3","嘉義縣","鹿草鄉","120.320","23.425","601"
"1231","188503","20221005094000","1144","1","嘉義縣","鹿草鄉","120.315","23.410","1274"
"24","188507","20221005094000","150","0","嘉義縣","太保市","120.335","23.430","15"
"365","188508","20221005094000","153","3","嘉義縣","太保市","120.340","23.430","504"
"53","188516","20221005094000","195","0","嘉義縣","太保市","120.340","23.440","35"
"87","188554","20221005094000","374","0","嘉義縣","鹿草鄉","120.340","23.400","53"
"197","188555","20221005094000","173","1","嘉義縣","鹿草鄉","120.290","23.375","235"
"90","188574","20221005094000","340","0","嘉義縣","朴子市","120.245","23.415","79"
"137","188579","20221005094000","406","0","嘉義縣","水上鄉","120.355","23.410","128"
"193","188626","20221005094000","97","3","嘉義縣","鹿草鄉","120.345","23.405","203"
"325","188631","20221005094000","233","2","嘉義縣","鹿草鄉","120.330","23.410","328"
"23","188646","20221005094000","205","0","嘉義縣","朴子市","120.290","23.445","30"
"269","188650","20221005094000","149","3","嘉義縣","朴子市","120.280","23.450","300"
"867","188654","20221005094000","899","0","嘉義縣","布袋鎮","120.170","23.375","818"
"199","188666","20221005094000","204","0","嘉義縣","布袋鎮","120.220","23.390","199"
"216","188716","20221005094000","169","2","嘉義縣","阿里山鄉","120.715","23.390","195"
"155","188874","20221005094000","713","0","嘉義縣","太保市","120.345","23.450","160"
"69","188883","20221005094000","72","0","嘉義縣","太保市","120.335","23.440","58"
"51","188885","20221005094000","409","0","嘉義縣","太保市","120.320","23.445","53"
"112","188892","20221005094000","364","0","嘉義縣","太保市","120.340","23.450","83"
"37","188897","20221005094000","104","0","嘉義縣","朴子市","120.235","23.440","136"
"14","188921","20221005094000","14","1","嘉義縣","朴子市","120.240","23.450","11"
"135","188949","20221005094000","82","3","嘉義縣","朴子市","120.255","23.410","137"
"655","188956","20221005094000","363","3","嘉義縣","朴子市","120.260","23.420","591"
"86","188966","20221005094000","94","0","嘉義縣","東石鄉","120.145","23.455","77"
"539","188983","20221005094000","257","3","嘉義縣","布袋鎮","120.190","23.375","530"
"54","189028","20221005094000","194","0","嘉義縣","太保市","120.295","23.440","52"
"282","189044","20221005094000","163","3","嘉義縣","東石鄉","120.170","23.430","272"
"202","189051","20221005094000","124","3","嘉義縣","東石鄉","120.180","23.440","195"
"54","189105","20221005094000","118","0","嘉義縣","東石鄉","120.185","23.450","43"
"53","189112","20221005094000","258","0","嘉義縣","東石鄉","120.200","23.455","46"
"732","189144","20221005094000","456","3","嘉義縣","布袋鎮","120.165","23.375","714"
"84","189152","20221005094000","366","0","嘉義縣","東石鄉","120.205","23.425","72"
"27","189184","20221005094000","127","0","嘉義縣","水上鄉","120.410","23.430","14"
"20","189187","20221005094000","207","0","嘉義縣","水上鄉","120.415","23.430","24"
"466","189189","20221005094000","415","1","嘉義縣","水上鄉","120.415","23.435","448"
"297","189192","20221005094000","233","2","嘉義縣","水上鄉","120.420","23.440","276"
"638","189195","20221005094000","587","1","嘉義縣","布袋鎮","120.180","23.375","650"
"183","189210","20221005094000","209","0","嘉義縣","布袋鎮","120.200","23.400","172"
"29","189224","20221005094000","119","0","嘉義縣","水上鄉","120.435","23.430","24"
"94","189225","20221005094000","87","1","嘉義縣","水上鄉","120.420","23.430","110"
"604","189233","20221005094000","458","2","嘉義縣","水上鄉","120.425","23.440","584"
"46","189242","20221005094000","149","0","嘉義縣","水上鄉","120.370","23.415","42"
"263","189246","20221005094000","250","1","嘉義縣","水上鄉","120.370","23.420","251"
"73","189248","20221005094000","271","0","嘉義縣","水上鄉","120.360","23.425","78"
"297","189268","20221005094000","277","1","嘉義縣","水上鄉","120.495","23.400","289"
"99","189286","20221005094000","252","0","嘉義縣","水上鄉","120.450","23.415","127"
"90","189288","20221005094000","298","0","嘉義縣","水上鄉","120.460","23.415","65"
"373","189292","20221005094000","108","3","嘉義縣","水上鄉","120.450","23.420","421"
"51","189296","20221005094000","74","0","嘉義縣","水上鄉","120.410","23.445","48"
"722","189322","20221005094000","594","2","嘉義縣","水上鄉","120.370","23.440","720"
"128","189337","20221005094000","487","0","嘉義縣","水上鄉","120.360","23.445","109"
"153","189343","20221005094000","150","1","嘉義縣","水上鄉","120.425","23.445","153"
"681","189344","20221005094000","511","2","嘉義縣","水上鄉","120.430","23.445","708"
"347","189349","20221005094000","89","3","嘉義縣","水上鄉","120.435","23.415","351"
"418","189350","20221005094000","354","1","嘉義縣","水上鄉","120.430","23.420","470"
"775","189351","20221005094000","517","2","嘉義縣","水上鄉","120.435","23.420","763"
"250","189364","20221005094000","113","3","嘉義縣","布袋鎮","120.150","23.375","269"
"350","189365","20221005094000","277","2","嘉義縣","布袋鎮","120.155","23.375","356"
"167","189369","20221005094000","93","3","嘉義縣","布袋鎮","120.150","23.380","168"
"416","189370","20221005094000","262","3","嘉義縣","布袋鎮","120.155","23.380","386"
"80","189382","20221005094000","821","0","嘉義縣","水上鄉","120.470","23.435","92"
"337","189385","20221005094000","306","1","嘉義縣","水上鄉","120.385","23.405","312"
"70","189387","20221005094000","86","0","嘉義縣","水上鄉","120.390","23.410","56"
"362","189388","20221005094000","200","3","嘉義縣","水上鄉","120.385","23.415","395"
"312","189389","20221005094000","457","0","嘉義縣","水上鄉","120.385","23.420","321"
"10","189392","20221005094000","11","0","嘉義縣","水上鄉","120.405","23.450","10"
"514","189393","20221005094000","372","2","嘉義縣","水上鄉","120.435","23.445","529"
"226","189396","20221005094000","332","0","嘉義縣","水上鄉","120.400","23.425","200"
"78","189397","20221005094000","536","0","嘉義縣","水上鄉","120.395","23.430","89"
"1066","189399","20221005094000","1048","1","嘉義縣","水上鄉","120.400","23.430","1043"
"182","189411","20221005094000","207","0","嘉義縣","水上鄉","120.390","23.425","172"
"73","189413","20221005094000","802","0","嘉義縣","水上鄉","120.395","23.435","69"
"618","189416","20221005094000","626","0","嘉義縣","水上鄉","120.400","23.435","577"
"479","189439","20221005094000","350","2","嘉義縣","水上鄉","120.420","23.420","464"
"36","189459","20221005094000","48","0","嘉義縣","水上鄉","120.385","23.425","40"
"318","189461","20221005094000","309","1","嘉義縣","水上鄉","120.380","23.430","313"
"246","189463","20221005094000","387","0","嘉義縣","水上鄉","120.390","23.430","242"
"728","189474","20221005094000","716","1","嘉義縣","鹿草鄉","120.295","23.380","771"
"146","189491","20221005094000","120","2","嘉義縣","鹿草鄉","120.270","23.395","167"
"301","189518","20221005094000","217","2","嘉義縣","鹿草鄉","120.305","23.415","304"
"108","189555","20221005094000","437","0","嘉義縣","鹿草鄉","120.285","23.435","89"
"104","189575","20221005094000","341","0","嘉義縣","朴子市","120.245","23.430","74"
"806","189579","20221005094000","504","3","嘉義縣","朴子市","120.245","23.435","762"
"410","189583","20221005094000","400","1","嘉義縣","朴子市","120.250","23.440","456"
"1246","189591","20221005094000","1359","0","嘉義縣","東石鄉","120.180","23.420","1248"
"337","189607","20221005094000","326","1","嘉義縣","番路鄉","120.660","23.420","322"
"233","189608","20221005094000","158","2","嘉義縣","番路鄉","120.650","23.425","236"
"21","189629","20221005094000","26","0","嘉義縣","番路鄉","120.635","23.440","21"
"63","189630","20221005094000","66","0","嘉義縣","番路鄉","120.640","23.440","48"
"157","189633","20221005094000","150","1","嘉義縣","番路鄉","120.655","23.440","153"
"31","189645","20221005094000","44","0","嘉義縣","番路鄉","120.645","23.440","25"
"306","189663","20221005094000","238","2","嘉義縣","番路鄉","120.670","23.445","393"
"163","189673","20221005094000","115","2","嘉義縣","番路鄉","120.645","23.400","196"
"125","189685","20221005094000","42","3","嘉義縣","番路鄉","120.650","23.405","70"
"109","189703","20221005094000","58","3","嘉義縣","番路鄉","120.640","23.415","92"
"129","189705","20221005094000","76","3","嘉義縣","番路鄉","120.605","23.420","119"
"95","189724","20221005094000","72","2","嘉義縣","番路鄉","120.610","23.430","82"
"74","189740","20221005094000","41","3","嘉義縣","番路鄉","120.610","23.445","69"
"101","189756","20221005094000","94","1","嘉義縣","番路鄉","120.620","23.375","105"
"239","189823","20221005094000","224","1","嘉義縣","番路鄉","120.600","23.435","203"
"26","189824","20221005094000","19","2","嘉義縣","番路鄉","120.605","23.435","10"
"57","189827","20221005094000","35","3","嘉義縣","番路鄉","120.590","23.440","20"
"307","189837","20221005094000","220","2","嘉義縣","番路鄉","120.580","23.450","253"
"275","189852","20221005094000","193","2","嘉義縣","布袋鎮","120.170","23.385","270"
"137","189978","20221005094000","109","2","嘉義縣","阿里山鄉","120.665","23.380","109"
"164","190321","20221005094000","209","0","嘉義縣","阿里山鄉","120.750","23.440","151"
"62","190374","20221005094000","62","1","嘉義縣","阿里山鄉","120.755","23.450","66"
"196","190402","20221005094000","158","2","嘉義縣","義竹鄉","120.245","23.385","191"
"352","190407","20221005094000","273","2","嘉義縣","義竹鄉","120.240","23.375","339"
"130","192504","20221005094000","85","3","澎湖縣","馬公市","119.515","23.485","151"
"243","192620","20221005094000","239","1","嘉義縣","東石鄉","120.165","23.490","219"
"133","192621","20221005094000","108","2","花蓮縣","豐濱鄉","121.510","23.490","144"
"43","194053","20221005094000","120","0","澎湖縣","馬公市","119.515","23.510","40"
"292","194584","20221005094000","245","1","澎湖縣","馬公市","119.595","23.520","353"
"465","194849","20221005094000","323","2","澎湖縣","馬公市","119.580","23.525","507"
"152","194852","20221005094000","82","3","澎湖縣","馬公市","119.595","23.525","140"
"971","194945","20221005094000","701","2","嘉義市","東區","120.455","23.495","972"
"343","194952","20221005094000","163","3","嘉義市","東區","120.485","23.460","355"
"163","194954","20221005094000","75","3","嘉義市","東區","120.495","23.460","231"
"832","194959","20221005094000","686","2","嘉義市","東區","120.485","23.470","830"
"24","194963","20221005094000","584","0","嘉義市","東區","120.490","23.475","12"
"722","194965","20221005094000","1117","0","嘉義市","西區","120.435","23.460","664"
"634","194966","20221005094000","1240","0","嘉義市","西區","120.440","23.460","579"
"410","194967","20221005094000","273","3","嘉義市","西區","120.445","23.460","410"
"72","194968","20221005094000","123","0","嘉義市","西區","120.440","23.475","72"
"770","194969","20221005094000","437","3","嘉義市","西區","120.440","23.490","762"
"1246","194970","20221005094000","1779","0","嘉義市","東區","120.460","23.480","1250"
"1675","194971","20221005094000","1475","1","嘉義市","東區","120.450","23.480","1679"
"1124","194972","20221005094000","732","3","嘉義市","東區","120.450","23.490","1174"
"1094","194973","20221005094000","2545","0","嘉義市","東區","120.450","23.495","1182"
"1565","194974","20221005094000","1409","1","嘉義市","西區","120.415","23.485","1553"
"693","194975","20221005094000","943","0","嘉義市","西區","120.405","23.490","744"
"1083","194980","20221005094000","1904","0","嘉義市","西區","120.425","23.475","1018"
"609","194981","20221005094000","695","0","嘉義市","西區","120.430","23.470","583"
"76","194985","20221005094000","1215","0","嘉義市","東區","120.470","23.490","65"
"326","194986","20221005094000","195","3","嘉義市","東區","120.470","23.495","363"
"367","194988","20221005094000","268","2","嘉義市","東區","120.480","23.495","362"
"1290","194993","20221005094000","1553","0","嘉義市","東區","120.450","23.500","1275"
"90","194994","20221005094000","925","0","嘉義市","東區","120.450","23.505","72"
"656","194995","20221005094000","504","2","嘉義市","東區","120.455","23.505","647"
"448","194996","20221005094000","432","1","嘉義市","東區","120.445","23.510","417"
"513","195001","20221005094000","1150","0","嘉義市","東區","120.485","23.485","442"
"320","195002","20221005094000","276","1","嘉義市","東區","120.490","23.480","316"
"678","195003","20221005094000","1316","0","嘉義市","東區","120.455","23.490","651"
"4060","195004","20221005094000","3875","1","嘉義市","東區","120.455","23.480","4047"
"623","195006","20221005094000","399","3","嘉義市","西區","120.420","23.480","690"
"834","195007","20221005094000","870","0","嘉義市","西區","120.430","23.480","750"
"487","195008","20221005094000","365","2","嘉義市","西區","120.420","23.490","521"
"697","195009","20221005094000","1899","0","嘉義市","西區","120.430","23.465","676"
"1903","195011","20221005094000","1342","2","嘉義市","西區","120.425","23.485","1906"
"806","195012","20221005094000","1778","0","嘉義市","西區","120.435","23.480","829"
"1522","195013","20221005094000","1845","0","嘉義市","西區","120.430","23.485","1493"
"43","195015","20221005094000","48","0","嘉義市","西區","120.395","23.490","50"
"270","195016","20221005094000","196","2","嘉義市","西區","120.400","23.490","278"
"23","195017","20221005094000","40","0","嘉義市","西區","120.390","23.495","30"
"2027","195022","20221005094000","1434","2","嘉義市","西區","120.440","23.480","2029"
"425","195024","20221005094000","220","3","嘉義市","西區","120.430","23.495","404"
"85","195025","20221005094000","1431","0","嘉義市","西區","120.425","23.490","62"
"2298","195033","20221005094000","1479","3","嘉義市","東區","120.450","23.475","2380"
"1232","195036","20221005094000","673","3","嘉義市","東區","120.450","23.460","1274"
"1852","195037","20221005094000","1305","2","嘉義市","東區","120.455","23.455","1753"
"141","195038","20221005094000","1534","0","嘉義市","西區","120.435","23.470","106"
"250","195039","20221005094000","238","1","嘉義市","西區","120.430","23.455","305"
"37","195040","20221005094000","397","0","嘉義市","西區","120.430","23.460","30"
"100","195041","20221005094000","1010","0","嘉義市","西區","120.440","23.485","68"
"292","195042","20221005094000","198","2","嘉義市","西區","120.395","23.465","251"
"261","195047","20221005094000","179","2","嘉義市","西區","120.405","23.470","262"
"382","195049","20221005094000","299","2","嘉義市","西區","120.405","23.475","328"
"116","195053","20221005094000","1168","0","嘉義市","西區","120.445","23.500","75"
"1082","195054","20221005094000","1152","0","嘉義市","東區","120.465","23.490","1070"
"24","195055","20221005094000","14","3","嘉義市","東區","120.465","23.495","21"
"1436","195056","20221005094000","781","3","嘉義市","東區","120.460","23.470","1498"
"2453","195057","20221005094000","1456","3","嘉義市","東區","120.470","23.480","2476"
"239","195058","20221005094000","1840","0","嘉義市","東區","120.465","23.475","179"
"2061","195060","20221005094000","1839","1","嘉義市","西區","120.435","23.475","2025"
"1676","195061","20221005094000","1039","3","嘉義市","西區","120.440","23.465","1680"
"32","195062","20221005094000","538","0","嘉義市","西區","120.450","23.465","22"
"1127","195064","20221005094000","1738","0","嘉義市","西區","120.440","23.470","1102"
"423","195065","20221005094000","360","1","嘉義市","東區","120.455","23.485","449"
"85","195066","20221005094000","1119","0","嘉義市","東區","120.450","23.485","68"
"702","195069","20221005094000","397","3","嘉義市","西區","120.415","23.475","537"
"1162","195073","20221005094000","2454","0","嘉義市","西區","120.440","23.455","1114"
"2983","195075","20221005094000","2689","1","嘉義市","西區","120.445","23.475","3054"
"1588","195076","20221005094000","1522","1","嘉義市","東區","120.465","23.465","1470"
"751","195083","20221005094000","436","3","嘉義市","東區","120.445","23.515","764"
"717","195084","20221005094000","1324","0","嘉義市","東區","120.465","23.480","721"
"563","195086","20221005094000","689","0","嘉義市","東區","120.480","23.465","526"
"1558","195090","20221005094000","1003","3","嘉義市","東區","120.475","23.475","1515"
"76","195093","20221005094000","1044","0","嘉義市","東區","120.470","23.485","75"
"578","195094","20221005094000","347","3","嘉義市","東區","120.475","23.485","546"
"50","195098","20221005094000","56","0","嘉義市","東區","120.500","23.475","50"
"22","195100","20221005094000","505","0","嘉義市","東區","120.485","23.480","18"
"464","195103","20221005094000","333","2","嘉義市","東區","120.500","23.480","490"
"328","195108","20221005094000","250","2","嘉義市","東區","120.490","23.485","308"
"41","195109","20221005094000","44","0","嘉義市","東區","120.495","23.485","63"
"134","195113","20221005094000","1530","0","嘉義市","東區","120.470","23.475","110"
"621","195114","20221005094000","381","3","嘉義市","東區","120.455","23.500","553"
"101","195115","20221005094000","49","3","嘉義市","東區","120.475","23.490","108"
"543","195118","20221005094000","430","2","嘉義市","東區","120.480","23.490","527"
"1779","195120","20221005094000","3042","0","嘉義市","東區","120.455","23.475","1584"
"992","195121","20221005094000","1138","0","嘉義市","西區","120.430","23.490","955"
"100","195122","20221005094000","743","0","嘉義市","西區","120.435","23.485","81"
"98","195123","20221005094000","678","0","嘉義市","西區","120.435","23.490","85"
"842","195124","20221005094000","887","0","嘉義市","西區","120.450","23.470","821"
"678","195127","20221005094000","355","3","嘉義市","東區","120.470","23.470","649"
"29","195128","20221005094000","567","0","嘉義市","東區","120.475","23.480","25"
"713","195129","20221005094000","667","1","嘉義市","東區","120.465","23.485","689"
"38","195131","20221005094000","41","0","嘉義市","東區","120.480","23.480","29"
"747","195133","20221005094000","682","1","嘉義市","東區","120.460","23.490","740"
"45","195139","20221005094000","332","0","嘉義市","西區","120.405","23.480","57"
"295","195147","20221005094000","199","2","嘉義市","西區","120.415","23.465","269"
"84","195148","20221005094000","1379","0","嘉義市","西區","120.420","23.465","70"
"637","195150","20221005094000","491","2","嘉義市","西區","120.415","23.470","696"
"512","195151","20221005094000","513","0","嘉義市","西區","120.420","23.470","561"
"772","195154","20221005094000","438","3","嘉義市","西區","120.440","23.495","764"
"70","195158","20221005094000","75","0","嘉義市","東區","120.430","23.505","69"
"297","195159","20221005094000","210","2","嘉義市","西區","120.435","23.505","305"
"630","195160","20221005094000","712","0","嘉義市","西區","120.445","23.485","617"
"1364","195161","20221005094000","853","3","嘉義市","東區","120.460","23.465","1248"
"529","195162","20221005094000","1425","0","嘉義市","西區","120.445","23.470","531"
"170","195164","20221005094000","100","3","嘉義市","西區","120.425","23.465","155"
"63","195165","20221005094000","97","0","嘉義市","西區","120.425","23.480","50"
"1714","195166","20221005094000","1268","2","嘉義市","西區","120.445","23.480","1747"
"537","195167","20221005094000","513","1","嘉義市","東區","120.460","23.455","506"
"241","195169","20221005094000","181","2","嘉義市","東區","120.465","23.460","212"
"1091","195170","20221005094000","1471","0","嘉義市","東區","120.455","23.465","1041"
"678","195171","20221005094000","507","2","嘉義市","東區","120.455","23.470","671"
"352","195183","20221005094000","303","1","澎湖縣","馬公市","119.590","23.515","404"
"315","195202","20221005094000","202","3","澎湖縣","馬公市","119.605","23.525","312"
"155","195219","20221005094000","210","0","花蓮縣","瑞穗鄉","121.375","23.495","140"
"31","195220","20221005094000","84","0","花蓮縣","瑞穗鄉","121.375","23.500","25"
"280","195222","20221005094000","377","0","花蓮縣","瑞穗鄉","121.375","23.505","340"
"209","195231","20221005094000","200","1","花蓮縣","瑞穗鄉","121.390","23.490","201"
"1238","195232","20221005094000","1260","0","花蓮縣","瑞穗鄉","121.380","23.495","1258"
"75","195268","20221005094000","64","1","花蓮縣","瑞穗鄉","121.355","23.465","74"
"82","195289","20221005094000","97","0","花蓮縣","瑞穗鄉","121.360","23.475","74"
"339","195291","20221005094000","317","1","花蓮縣","瑞穗鄉","121.370","23.475","346"
"53","195336","20221005094000","25","3","花蓮縣","瑞穗鄉","121.390","23.520","51"
"11","195428","20221005094000","27","0","花蓮縣","瑞穗鄉","121.435","23.490","22"
"47","195430","20221005094000","49","0","花蓮縣","瑞穗鄉","121.445","23.490","49"
"241","196332","20221005094000","180","2","花蓮縣","瑞穗鄉","121.375","23.515","219"
"85","196345","20221005094000","45","3","花蓮縣","瑞穗鄉","121.360","23.480","106"
"344","196360","20221005094000","275","2","花蓮縣","瑞穗鄉","121.355","23.490","276"
"284","196364","20221005094000","257","1","花蓮縣","瑞穗鄉","121.375","23.490","291"
"61","196368","20221005094000","42","2","花蓮縣","瑞穗鄉","121.360","23.495","60"
"125","196453","20221005094000","131","0","花蓮縣","卓溪鄉","121.325","23.490","112"
"299","196567","20221005094000","190","3","花蓮縣","豐濱鄉","121.505","23.470","342"
"52","196575","20221005094000","31","3","花蓮縣","豐濱鄉","121.505","23.475","78"
"64","196592","20221005094000","53","2","花蓮縣","豐濱鄉","121.510","23.480","67"
"42","196639","20221005094000","25","3","花蓮縣","豐濱鄉","121.500","23.455","50"
"126","196667","20221005094000","113","1","花蓮縣","玉里鎮","121.405","23.465","177"
"98","196709","20221005094000","60","3","花蓮縣","玉里鎮","121.395","23.455","106"
"587","196774","20221005094000","418","2","嘉義縣","中埔鄉","120.465","23.455","620"
"1160","196781","20221005094000","1400","0","嘉義縣","民雄鄉","120.430","23.520","1061"
"268","196789","20221005094000","260","1","嘉義縣","民雄鄉","120.440","23.515","268"
"313","196793","20221005094000","209","2","嘉義縣","六腳鄉","120.290","23.520","317"
"711","196815","20221005094000","575","2","嘉義縣","六腳鄉","120.250","23.510","746"
"42","196825","20221005094000","20","3","嘉義縣","六腳鄉","120.225","23.485","33"
"161","196836","20221005094000","75","3","嘉義縣","六腳鄉","120.285","23.500","134"
"236","196856","20221005094000","154","3","雲林縣","水林鄉","120.225","23.505","228"
"71","196879","20221005094000","311","0","嘉義縣","六腳鄉","120.245","23.485","72"
"316","196886","20221005094000","198","3","嘉義縣","民雄鄉","120.415","23.525","352"
"78","196888","20221005094000","25","3","嘉義縣","民雄鄉","120.425","23.525","79"
"87","196895","20221005094000","203","0","嘉義縣","太保市","120.310","23.460","73"
"621","196913","20221005094000","564","1","嘉義縣","新港鄉","120.375","23.515","650"
"770","196921","20221005094000","1796","0","嘉義縣","新港鄉","120.380","23.525","649"
"277","196935","20221005094000","261","1","嘉義縣","六腳鄉","120.280","23.505","306"
"439","196963","20221005094000","445","0","嘉義縣","六腳鄉","120.310","23.500","440"
"936","197018","20221005094000","714","2","嘉義縣","太保市","120.335","23.490","972"
"481","197019","20221005094000","279","3","嘉義縣","太保市","120.340","23.495","490"
"992","197036","20221005094000","2216","0","嘉義縣","太保市","120.365","23.500","927"
"166","197041","20221005094000","415","0","嘉義縣","太保市","120.360","23.510","184"
"815","197046","20221005094000","490","3","嘉義縣","太保市","120.370","23.500","788"
"16","197053","20221005094000","11","2","嘉義縣","六腳鄉","120.265","23.525","18"
"446","197055","20221005094000","250","3","嘉義縣","六腳鄉","120.275","23.525","419"
"269","197536","20221005094000","240","1","南投縣","信義鄉","120.870","23.470","311"
"64","197634","20221005094000","68","0","南投縣","信義鄉","120.825","23.510","96"
"577","197682","20221005094000","838","0","嘉義縣","民雄鄉","120.440","23.520","522"
"1329","197684","20221005094000","1542","0","嘉義縣","民雄鄉","120.440","23.525","1318"
"1479","197685","20221005094000","1663","0","嘉義縣","民雄鄉","120.445","23.525","1182"
"26","197686","20221005094000","206","0","嘉義縣","民雄鄉","120.450","23.525","254"
"68","197696","20221005094000","43","3","嘉義縣","民雄鄉","120.425","23.510","70"
"21","197703","20221005094000","315","0","嘉義縣","民雄鄉","120.465","23.505","421"
"424","197710","20221005094000","352","2","嘉義縣","民雄鄉","120.475","23.515","419"
"76","197714","20221005094000","81","0","嘉義縣","民雄鄉","120.480","23.520","67"
"153","197719","20221005094000","107","2","雲林縣","水林鄉","120.205","23.530","164"
"34","197727","20221005094000","316","0","嘉義縣","太保市","120.380","23.490","39"
"422","197729","20221005094000","256","3","嘉義縣","太保市","120.370","23.495","493"
"24","197740","20221005094000","191","0","嘉義縣","太保市","120.380","23.475","23"
"171","197749","20221005094000","84","3","嘉義縣","太保市","120.385","23.480","175"
"4534","197755","20221005094000","2665","3","嘉義縣","朴子市","120.285","23.465","4383"
"311","197756","20221005094000","155","3","嘉義縣","朴子市","120.290","23.465","228"
"189","197762","20221005094000","154","2","嘉義縣","太保市","120.290","23.470","266"
"58","197764","20221005094000","181","0","嘉義縣","太保市","120.290","23.475","52"
"302","197766","20221005094000","94","3","嘉義縣","朴子市","120.240","23.470","290"
"31","197770","20221005094000","75","0","嘉義縣","新港鄉","120.310","23.515","42"
"44","197781","20221005094000","59","0","嘉義縣","新港鄉","120.330","23.520","41"
"89","197788","20221005094000","461","0","嘉義縣","朴子市","120.285","23.455","67"
"31","197789","20221005094000","153","0","嘉義縣","朴子市","120.290","23.455","19"
"617","197794","20221005094000","1532","0","嘉義縣","朴子市","120.285","23.460","555"
"224","197795","20221005094000","560","0","嘉義縣","朴子市","120.290","23.460","159"
"893","197796","20221005094000","615","2","嘉義縣","朴子市","120.265","23.465","901"
"83","197797","20221005094000","350","0","嘉義縣","朴子市","120.255","23.455","76"
"70","197799","20221005094000","16","3","嘉義縣","朴子市","120.265","23.455","83"
"950","197800","20221005094000","280","3","嘉義縣","朴子市","120.250","23.460","1047"
"96","197802","20221005094000","56","3","嘉義縣","朴子市","120.260","23.460","83"
"403","197804","20221005094000","174","3","嘉義縣","朴子市","120.255","23.465","420"
"509","197820","20221005094000","568","0","嘉義縣","新港鄉","120.365","23.515","482"
"163","197822","20221005094000","265","0","嘉義縣","新港鄉","120.350","23.520","115"
"102","197827","20221005094000","423","0","嘉義縣","新港鄉","120.355","23.520","75"
"57","197830","20221005094000","126","0","嘉義縣","新港鄉","120.330","23.510","43"
"36","197862","20221005094000","36","1","嘉義縣","阿里山鄉","120.790","23.505","43"
"252","197867","20221005094000","285","0","嘉義縣","阿里山鄉","120.810","23.515","298"
"162","197868","20221005094000","114","2","嘉義縣","阿里山鄉","120.815","23.515","205"
"662","197899","20221005094000","379","3","嘉義縣","太保市","120.335","23.475","695"
"347","197906","20221005094000","341","1","嘉義縣","太保市","120.345","23.480","354"
"59","197913","20221005094000","155","0","嘉義縣","太保市","120.300","23.465","60"
"21","197924","20221005094000","203","0","嘉義縣","太保市","120.300","23.470","25"
"84","197940","20221005094000","91","0","南投縣","信義鄉","120.890","23.490","135"
"111","198035","20221005094000","103","1","雲林縣","水林鄉","120.230","23.515","118"
"793","198046","20221005094000","418","3","雲林縣","水林鄉","120.230","23.520","708"
"2900","198052","20221005094000","1462","3","嘉義縣","朴子市","120.245","23.470","2962"
"86","198053","20221005094000","641","0","嘉義縣","六腳鄉","120.250","23.470","93"
"252","198057","20221005094000","1434","0","嘉義縣","朴子市","120.245","23.465","249"
"264","198066","20221005094000","1279","0","嘉義縣","朴子市","120.240","23.465","205"
"870","198068","20221005094000","260","3","嘉義縣","朴子市","120.225","23.460","896"
"291","198071","20221005094000","827","0","嘉義縣","朴子市","120.235","23.465","251"
"279","198076","20221005094000","258","1","嘉義縣","朴子市","120.270","23.480","303"
"102","198087","20221005094000","197","0","嘉義縣","太保市","120.355","23.465","73"
"1695","198089","20221005094000","2634","0","嘉義縣","太保市","120.380","23.500","1703"
"19","198113","20221005094000","71","0","雲林縣","水林鄉","120.225","23.510","18"
"1866","198129","20221005094000","808","3","嘉義縣","太保市","120.325","23.455","1974"
"116","198131","20221005094000","453","0","嘉義縣","太保市","120.335","23.455","105"
"73","198135","20221005094000","252","0","嘉義縣","太保市","120.335","23.460","55"
"100","198141","20221005094000","497","0","嘉義縣","太保市","120.295","23.455","67"
"369","198144","20221005094000","1739","0","嘉義縣","太保市","120.295","23.460","303"
"198","198164","20221005094000","146","2","嘉義縣","東石鄉","120.170","23.480","185"
"31","198190","20221005094000","26","1","嘉義縣","東石鄉","120.145","23.465","25"
"41","198208","20221005094000","68","0","嘉義縣","梅山鄉","120.710","23.520","41"
"206","198214","20221005094000","167","2","嘉義縣","梅山鄉","120.710","23.525","209"
"770","198237","20221005094000","670","1","嘉義縣","東石鄉","120.170","23.465","744"
"440","198282","20221005094000","437","1","嘉義縣","東石鄉","120.185","23.490","426"
"32","198283","20221005094000","51","0","嘉義縣","東石鄉","120.185","23.495","33"
"973","198309","20221005094000","850","1","嘉義縣","東石鄉","120.150","23.460","940"
"389","198354","20221005094000","230","3","嘉義縣","東石鄉","120.155","23.500","419"
"173","198358","20221005094000","193","0","嘉義縣","東石鄉","120.175","23.500","187"
"58","198378","20221005094000","53","1","嘉義縣","東石鄉","120.160","23.510","68"
"42","198419","20221005094000","210","0","嘉義縣","梅山鄉","120.660","23.525","212"
"114","198450","20221005094000","133","0","嘉義縣","民雄鄉","120.450","23.520","116"
"545","198452","20221005094000","285","3","嘉義縣","民雄鄉","120.460","23.520","454"
"45","198455","20221005094000","71","0","嘉義縣","民雄鄉","120.455","23.525","29"
"693","198456","20221005094000","852","0","嘉義縣","民雄鄉","120.460","23.525","664"
"106","198457","20221005094000","77","2","嘉義縣","民雄鄉","120.450","23.530","110"
"512","198458","20221005094000","337","3","嘉義縣","民雄鄉","120.455","23.530","540"
"410","198459","20221005094000","337","2","嘉義縣","民雄鄉","120.460","23.530","429"
"170","198474","20221005094000","143","1","嘉義縣","民雄鄉","120.475","23.525","153"
"57","198490","20221005094000","121","0","嘉義縣","新港鄉","120.390","23.515","36"
"61","198491","20221005094000","61","1","嘉義縣","民雄鄉","120.400","23.515","63"
"532","198495","20221005094000","487","1","嘉義縣","民雄鄉","120.410","23.520","541"
"44","198501","20221005094000","68","0","嘉義縣","民雄鄉","120.415","23.520","52"
"1585","198503","20221005094000","1543","1","嘉義縣","民雄鄉","120.430","23.530","1710"
"334","198542","20221005094000","150","3","嘉義縣","六腳鄉","120.300","23.505","353"
"38","198546","20221005094000","23","3","嘉義縣","六腳鄉","120.300","23.515","37"
"44","198646","20221005094000","134","0","嘉義縣","水上鄉","120.375","23.460","33"
"172","198651","20221005094000","129","2","雲林縣","水林鄉","120.210","23.515","170"
"320","198686","20221005094000","335","0","嘉義縣","水上鄉","120.410","23.455","321"
"292","198687","20221005094000","177","3","嘉義縣","水上鄉","120.415","23.455","282"
"510","198691","20221005094000","227","3","嘉義市","西區","120.415","23.460","564"
"73","198693","20221005094000","99","0","嘉義縣","水上鄉","120.420","23.460","45"
"1733","198697","20221005094000","1096","3","嘉義縣","六腳鄉","120.295","23.490","1681"
"414","198713","20221005094000","269","3","雲林縣","口湖鄉","120.185","23.525","400"
"867","198720","20221005094000","795","1","嘉義縣","水上鄉","120.400","23.455","852"
"318","198726","20221005094000","1064","0","嘉義縣","朴子市","120.245","23.460","246"
"16","198735","20221005094000","11","2","嘉義縣","六腳鄉","120.260","23.530","15"
"22","198765","20221005094000","23","0","嘉義縣","竹崎鄉","120.580","23.520","20"
"372","198769","20221005094000","414","0","嘉義縣","番路鄉","120.555","23.465","397"
"630","198770","20221005094000","575","1","嘉義縣","番路鄉","120.560","23.465","605"
"243","198785","20221005094000","212","1","嘉義縣","番路鄉","120.505","23.455","213"
"173","198844","20221005094000","121","2","嘉義縣","番路鄉","120.620","23.480","162"
"19","198849","20221005094000","17","1","嘉義縣","番路鄉","120.625","23.485","14"
"89","198869","20221005094000","74","2","嘉義縣","番路鄉","120.540","23.460","105"
"251","198871","20221005094000","176","2","嘉義縣","番路鄉","120.550","23.460","244"
"181","198874","20221005094000","167","1","嘉義縣","番路鄉","120.540","23.465","155"
"39","198875","20221005094000","52","0","嘉義縣","番路鄉","120.535","23.470","45"
"150","198880","20221005094000","92","3","嘉義縣","番路鄉","120.600","23.455","135"
"195","198884","20221005094000","179","1","嘉義縣","番路鄉","120.595","23.460","196"
"66","198885","20221005094000","32","3","嘉義縣","番路鄉","120.600","23.460","81"
"756","198892","20221005094000","693","1","嘉義縣","番路鄉","120.535","23.475","828"
"178","198893","20221005094000","111","3","嘉義縣","番路鄉","120.510","23.480","149"
"38","198896","20221005094000","38","1","嘉義縣","番路鄉","120.525","23.480","17"
"375","198913","20221005094000","297","2","嘉義縣","竹崎鄉","120.685","23.460","367"
"158","198918","20221005094000","135","1","嘉義縣","竹崎鄉","120.695","23.475","149"
"25","198922","20221005094000","31","0","嘉義縣","竹崎鄉","120.700","23.480","27"
"18","198923","20221005094000","27","0","嘉義縣","竹崎鄉","120.705","23.480","25"
"35","198932","20221005094000","27","2","嘉義縣","竹崎鄉","120.705","23.485","25"
"181","198946","20221005094000","172","1","嘉義縣","竹崎鄉","120.695","23.500","188"
"186","198952","20221005094000","164","1","嘉義縣","竹崎鄉","120.695","23.505","195"
"19","198964","20221005094000","29","0","嘉義縣","竹崎鄉","120.660","23.505","31"
"254","198983","20221005094000","159","3","嘉義縣","竹崎鄉","120.635","23.520","248"
"70","199039","20221005094000","47","2","嘉義縣","竹崎鄉","120.650","23.470","80"
"142","199063","20221005094000","105","2","嘉義縣","竹崎鄉","120.680","23.480","127"
"291","199106","20221005094000","370","0","嘉義縣","竹崎鄉","120.570","23.485","266"
"349","199108","20221005094000","311","1","嘉義縣","竹崎鄉","120.555","23.485","363"
"86","199120","20221005094000","69","2","嘉義縣","竹崎鄉","120.540","23.515","94"
"1228","199122","20221005094000","1184","1","嘉義縣","竹崎鄉","120.550","23.515","1146"
"354","199146","20221005094000","312","1","嘉義縣","竹崎鄉","120.570","23.500","351"
"84","199161","20221005094000","532","0","嘉義縣","竹崎鄉","120.550","23.530","76"
"52","199213","20221005094000","31","3","嘉義縣","竹崎鄉","120.590","23.465","54"
"179","199237","20221005094000","126","2","嘉義縣","竹崎鄉","120.605","23.470","162"
"62","199241","20221005094000","55","1","嘉義縣","竹崎鄉","120.585","23.475","61"
"182","199248","20221005094000","117","3","嘉義縣","竹崎鄉","120.575","23.480","185"
"572","199280","20221005094000","529","1","嘉義縣","竹崎鄉","120.505","23.485","623"
"627","199288","20221005094000","595","1","嘉義縣","竹崎鄉","120.500","23.490","627"
"636","199291","20221005094000","480","2","嘉義縣","竹崎鄉","120.520","23.490","713"
"434","199297","20221005094000","439","0","嘉義縣","竹崎鄉","120.495","23.495","407"
"278","199306","20221005094000","167","3","嘉義縣","竹崎鄉","120.500","23.500","300"
"238","199313","20221005094000","214","1","嘉義縣","竹崎鄉","120.505","23.525","212"
"264","199322","20221005094000","218","2","嘉義縣","竹崎鄉","120.515","23.530","253"
"238","199330","20221005094000","248","0","嘉義縣","竹崎鄉","120.495","23.510","238"
"170","199332","20221005094000","90","3","嘉義縣","竹崎鄉","120.495","23.515","214"
"637","199353","20221005094000","541","1","嘉義縣","竹崎鄉","120.570","23.505","732"
"165","199358","20221005094000","114","2","嘉義縣","竹崎鄉","120.610","23.510","140"
"183","199367","20221005094000","129","2","嘉義縣","竹崎鄉","120.605","23.515","180"
"177","199379","20221005094000","58","3","嘉義縣","竹崎鄉","120.610","23.520","185"
"45","199459","20221005094000","34","2","嘉義縣","阿里山鄉","120.950","23.465","11"
"55","199523","20221005094000","56","0","嘉義縣","阿里山鄉","120.795","23.490","55"
"19","199541","20221005094000","13","2","嘉義縣","阿里山鄉","120.800","23.500","15"
"28","199544","20221005094000","14","3","嘉義縣","阿里山鄉","120.795","23.505","25"
"192","199552","20221005094000","122","3","嘉義縣","阿里山鄉","120.815","23.505","214"
"491","199555","20221005094000","449","1","嘉義縣","阿里山鄉","120.805","23.510","512"
"161","199603","20221005094000","157","1","嘉義縣","阿里山鄉","120.730","23.530","165"
"76","199642","20221005094000","93","0","嘉義縣","阿里山鄉","120.755","23.490","76"
"22","199653","20221005094000","47","0","嘉義縣","阿里山鄉","120.745","23.495","39"
"73","199699","20221005094000","38","3","嘉義縣","阿里山鄉","120.740","23.515","66"
"41","199719","20221005094000","71","0","嘉義縣","阿里山鄉","120.720","23.455","72"
"44","199725","20221005094000","86","0","嘉義縣","阿里山鄉","120.700","23.460","94"
"148","199742","20221005094000","180","0","嘉義縣","阿里山鄉","120.730","23.465","154"
"123","199744","20221005094000","102","2","嘉義縣","竹崎鄉","120.695","23.470","178"
"317","199745","20221005094000","329","0","嘉義縣","阿里山鄉","120.700","23.470","380"
"163","199748","20221005094000","154","1","嘉義縣","阿里山鄉","120.715","23.470","180"
"131","199760","20221005094000","112","1","嘉義縣","阿里山鄉","120.715","23.480","162"
"144","199769","20221005094000","69","3","嘉義縣","阿里山鄉","120.720","23.485","106"
"137","199777","20221005094000","101","2","嘉義縣","阿里山鄉","120.750","23.455","157"
"70","199798","20221005094000","29","3","嘉義縣","阿里山鄉","120.775","23.460","46"
"343","199875","20221005094000","151","3","嘉義縣","竹崎鄉","120.595","23.485","366"
"184","199886","20221005094000","89","3","嘉義縣","竹崎鄉","120.595","23.495","166"
"315","199897","20221005094000","301","1","嘉義縣","竹崎鄉","120.550","23.485","329"
"133","199900","20221005094000","238","0","嘉義縣","竹崎鄉","120.540","23.495","132"
"697","199903","20221005094000","616","1","嘉義縣","竹崎鄉","120.540","23.500","647"
"131","199909","20221005094000","79","3","嘉義縣","竹崎鄉","120.595","23.525","126"
"141","199920","20221005094000","108","2","嘉義縣","竹崎鄉","120.510","23.490","146"
"532","199938","20221005094000","455","1","嘉義縣","竹崎鄉","120.525","23.515","508"
"335","200367","20221005094000","448","0","澎湖縣","馬公市","119.550","23.535","415"
"44","201149","20221005094000","66","0","澎湖縣","馬公市","119.570","23.550","45"
"496","201150","20221005094000","283","3","澎湖縣","馬公市","119.575","23.550","483"
"218","201400","20221005094000","483","0","澎湖縣","馬公市","119.570","23.555","217"
"564","202108","20221005094000","507","1","澎湖縣","西嶼鄉","119.485","23.565","492"
"1214","202121","20221005094000","938","2","澎湖縣","馬公市","119.565","23.565","1263"
"695","202367","20221005094000","745","0","澎湖縣","馬公市","119.565","23.570","703"
"85","202600","20221005094000","39","3","澎湖縣","西嶼鄉","119.500","23.575","62"
"369","202858","20221005094000","523","0","澎湖縣","馬公市","119.575","23.580","407"
"86","203106","20221005094000","76","1","澎湖縣","馬公市","119.570","23.585","86"
"426","203108","20221005094000","315","2","澎湖縣","馬公市","119.580","23.585","456"
"83","203109","20221005094000","87","0","澎湖縣","馬公市","119.585","23.585","94"
"135","203624","20221005094000","68","3","澎湖縣","湖西鄉","119.670","23.595","19"
"21","203877","20221005094000","13","3","澎湖縣","湖西鄉","119.640","23.600","37"
"33","203940","20221005094000","50","0","澎湖縣","馬公市","119.570","23.560","34"
"940","203941","20221005094000","960","0","澎湖縣","馬公市","119.570","23.565","923"
"1418","203942","20221005094000","2400","0","澎湖縣","馬公市","119.570","23.570","1477"
"211","203945","20221005094000","265","0","澎湖縣","湖西鄉","119.615","23.570","255"
"33","203947","20221005094000","284","0","澎湖縣","湖西鄉","119.625","23.570","37"
"278","203951","20221005094000","162","3","澎湖縣","馬公市","119.600","23.555","299"
"25","203964","20221005094000","162","0","澎湖縣","湖西鄉","119.620","23.600","26"
"342","203989","20221005094000","192","3","澎湖縣","西嶼鄉","119.480","23.565","299"
"326","203992","20221005094000","260","2","澎湖縣","湖西鄉","119.615","23.595","319"
"133","203994","20221005094000","74","3","澎湖縣","湖西鄉","119.665","23.585","119"
"47","204001","20221005094000","12","3","澎湖縣","馬公市","119.590","23.550","45"
"1231","204013","20221005094000","934","2","澎湖縣","馬公市","119.600","23.570","1230"
"97","204018","20221005094000","393","0","澎湖縣","馬公市","119.580","23.560","94"
"2212","204021","20221005094000","648","3","澎湖縣","馬公市","119.585","23.565","2119"
"1297","204022","20221005094000","422","3","澎湖縣","馬公市","119.590","23.565","1304"
"639","204025","20221005094000","792","0","澎湖縣","湖西鄉","119.630","23.565","529"
"305","204033","20221005094000","261","1","澎湖縣","湖西鄉","119.655","23.565","329"
"255","204042","20221005094000","236","1","澎湖縣","馬公市","119.545","23.540","300"
"225","204045","20221005094000","601","0","澎湖縣","湖西鄉","119.670","23.570","254"
"340","204049","20221005094000","358","0","澎湖縣","馬公市","119.575","23.570","333"
"1283","204050","20221005094000","785","3","澎湖縣","馬公市","119.580","23.570","1168"
"1785","204052","20221005094000","1973","0","澎湖縣","馬公市","119.575","23.575","1795"
"62","204053","20221005094000","749","0","澎湖縣","馬公市","119.580","23.575","82"
"500","204054","20221005094000","357","2","澎湖縣","馬公市","119.580","23.580","497"
"461","204067","20221005094000","249","3","澎湖縣","馬公市","119.615","23.555","417"
"103","204074","20221005094000","79","2","澎湖縣","湖西鄉","119.620","23.565","85"
"438","204075","20221005094000","268","3","澎湖縣","湖西鄉","119.650","23.570","525"
"757","204080","20221005094000","596","2","澎湖縣","湖西鄉","119.650","23.580","632"
"161","204087","20221005094000","175","0","澎湖縣","西嶼鄉","119.505","23.585","172"
"463","204092","20221005094000","538","0","澎湖縣","西嶼鄉","119.510","23.600","425"
"355","204107","20221005094000","268","2","澎湖縣","馬公市","119.560","23.560","368"
"518","204108","20221005094000","635","0","澎湖縣","馬公市","119.565","23.560","517"
"50","204109","20221005094000","20","3","澎湖縣","馬公市","119.595","23.550","53"
"37","204111","20221005094000","251","0","澎湖縣","馬公市","119.595","23.555","43"
"260","204113","20221005094000","156","3","澎湖縣","馬公市","119.605","23.535","318"
"39","204120","20221005094000","230","0","澎湖縣","馬公市","119.610","23.545","50"
"20","204123","20221005094000","19","1","澎湖縣","馬公市","119.615","23.550","15"
"51","204124","20221005094000","185","0","澎湖縣","馬公市","119.620","23.550","48"
"57","204136","20221005094000","118","0","澎湖縣","湖西鄉","119.640","23.580","73"
"317","204137","20221005094000","229","2","澎湖縣","湖西鄉","119.645","23.580","286"
"18","204159","20221005094000","135","0","澎湖縣","湖西鄉","119.630","23.555","12"
"427","204161","20221005094000","141","3","澎湖縣","湖西鄉","119.640","23.555","398"
"99","204162","20221005094000","716","0","澎湖縣","湖西鄉","119.630","23.560","61"
"23","204163","20221005094000","204","0","澎湖縣","湖西鄉","119.635","23.560","18"
"131","204179","20221005094000","26","3","澎湖縣","湖西鄉","119.680","23.555","103"
"471","204185","20221005094000","298","3","澎湖縣","湖西鄉","119.670","23.565","459"
"2392","204189","20221005094000","1227","3","澎湖縣","馬公市","119.575","23.565","2278"
"130","204191","20221005094000","698","0","澎湖縣","馬公市","119.585","23.555","129"
"660","204192","20221005094000","237","3","澎湖縣","馬公市","119.585","23.560","636"
"34","204193","20221005094000","29","1","澎湖縣","馬公市","119.610","23.555","35"
"32","204194","20221005094000","255","0","澎湖縣","馬公市","119.595","23.560","35"
"2175","204195","20221005094000","894","3","澎湖縣","馬公市","119.600","23.560","2239"
"37","204307","20221005094000","31","1","花蓮縣","瑞穗鄉","121.370","23.575","50"
"260","204313","20221005094000","218","1","花蓮縣","瑞穗鄉","121.375","23.575","310"
"138","204317","20221005094000","126","1","花蓮縣","瑞穗鄉","121.370","23.580","129"
"159","204319","20221005094000","149","1","花蓮縣","瑞穗鄉","121.380","23.580","159"
"50","204320","20221005094000","42","1","花蓮縣","萬榮鄉","121.355","23.585","56"
"101","204355","20221005094000","119","0","花蓮縣","瑞穗鄉","121.385","23.570","108"
"80","204381","20221005094000","63","2","花蓮縣","瑞穗鄉","121.385","23.580","83"
"54","204384","20221005094000","57","0","花蓮縣","瑞穗鄉","121.400","23.580","72"
"155","204421","20221005094000","124","2","花蓮縣","光復鄉","121.390","23.605","177"
"49","204446","20221005094000","45","1","花蓮縣","光復鄉","121.385","23.605","57"
"189","204758","20221005094000","169","1","花蓮縣","瑞穗鄉","121.375","23.540","172"
"10","205154","20221005094000","26","0","花蓮縣","豐濱鄉","121.505","23.530","10"
"28","205305","20221005094000","29","0","花蓮縣","豐濱鄉","121.525","23.575","54"
"106","205386","20221005094000","62","3","花蓮縣","豐濱鄉","121.525","23.595","106"
"356","205403","20221005094000","255","2","花蓮縣","豐濱鄉","121.520","23.600","348"
"96","205422","20221005094000","44","3","花蓮縣","豐濱鄉","121.530","23.605","70"
"57","205447","20221005094000","80","0","花蓮縣","光復鄉","121.420","23.605","53"
"366","205461","20221005094000","308","1","雲林縣","元長鄉","120.350","23.600","335"
"50","205475","20221005094000","56","0","嘉義縣","民雄鄉","120.400","23.555","38"
"429","205481","20221005094000","473","0","嘉義縣","民雄鄉","120.400","23.560","450"
"17","205482","20221005094000","132","0","嘉義縣","溪口鄉","120.405","23.560","205"
"1201","205486","20221005094000","865","2","嘉義縣","民雄鄉","120.420","23.550","1311"
"33","205488","20221005094000","44","0","嘉義縣","民雄鄉","120.425","23.555","22"
"668","205494","20221005094000","329","3","嘉義縣","民雄鄉","120.380","23.545","634"
"13","205501","20221005094000","263","0","嘉義縣","民雄鄉","120.445","23.560","323"
"346","205502","20221005094000","233","2","嘉義縣","民雄鄉","120.450","23.560","322"
"34","205523","20221005094000","54","0","嘉義縣","民雄鄉","120.450","23.570","35"
"504","205531","20221005094000","460","1","嘉義縣","民雄鄉","120.435","23.565","472"
"61","205537","20221005094000","182","0","嘉義縣","民雄鄉","120.435","23.535","66"
"189","205548","20221005094000","140","2","嘉義縣","六腳鄉","120.295","23.540","189"
"320","205557","20221005094000","267","1","嘉義縣","六腳鄉","120.300","23.550","346"
"154","205571","20221005094000","237","0","雲林縣","水林鄉","120.245","23.605","183"
"116","205579","20221005094000","35","3","雲林縣","水林鄉","120.220","23.595","110"
"19","205586","20221005094000","180","0","雲林縣","水林鄉","120.235","23.605","18"
"80","205593","20221005094000","328","0","嘉義縣","新港鄉","120.345","23.570","64"
"121","205600","20221005094000","487","0","嘉義縣","新港鄉","120.345","23.550","96"
"271","205605","20221005094000","157","3","嘉義縣","新港鄉","120.330","23.560","274"
"148","205606","20221005094000","80","3","嘉義縣","新港鄉","120.335","23.560","170"
"43","205615","20221005094000","194","0","嘉義縣","新港鄉","120.340","23.575","34"
"450","205623","20221005094000","357","2","雲林縣","元長鄉","120.335","23.610","461"
"117","205641","20221005094000","87","2","嘉義縣","新港鄉","120.350","23.590","114"
"35","205649","20221005094000","185","0","嘉義縣","新港鄉","120.315","23.550","31"
"204","205670","20221005094000","91","3","雲林縣","口湖鄉","120.170","23.605","198"
"301","206056","20221005094000","226","2","南投縣","信義鄉","120.925","23.560","294"
"612","206426","20221005094000","545","1","南投縣","信義鄉","120.895","23.595","726"
"1293","206759","20221005094000","968","2","嘉義縣","溪口鄉","120.400","23.605","1319"
"806","206766","20221005094000","1067","0","嘉義縣","民雄鄉","120.430","23.550","759"
"1302","206767","20221005094000","1228","1","嘉義縣","民雄鄉","120.430","23.555","1396"
"660","206768","20221005094000","696","0","嘉義縣","民雄鄉","120.435","23.555","707"
"400","206781","20221005094000","286","2","雲林縣","北港鎮","120.325","23.585","346"
"88","206786","20221005094000","702","0","雲林縣","北港鎮","120.295","23.575","79"
"18","206787","20221005094000","13","2","雲林縣","北港鎮","120.305","23.575","21"
"352","206789","20221005094000","333","1","雲林縣","北港鎮","120.300","23.580","301"
"890","206790","20221005094000","820","1","雲林縣","北港鎮","120.305","23.580","991"
"78","206794","20221005094000","39","3","雲林縣","北港鎮","120.310","23.585","68"
"520","206797","20221005094000","1163","0","雲林縣","北港鎮","120.310","23.590","476"
"187","206815","20221005094000","113","3","嘉義縣","大林鎮","120.465","23.600","190"
"552","206822","20221005094000","287","3","嘉義縣","大林鎮","120.470","23.605","516"
"90","206825","20221005094000","362","0","嘉義縣","大林鎮","120.485","23.605","90"
"222","206830","20221005094000","206","1","嘉義縣","民雄鄉","120.445","23.545","180"
"38","206834","20221005094000","28","2","嘉義縣","民雄鄉","120.440","23.550","26"
"143","206837","20221005094000","99","2","嘉義縣","民雄鄉","120.455","23.550","132"
"315","206858","20221005094000","296","1","嘉義縣","民雄鄉","120.480","23.535","280"
"362","206869","20221005094000","163","3","嘉義縣","民雄鄉","120.500","23.540","377"
"29","206879","20221005094000","32","0","嘉義縣","民雄鄉","120.415","23.560","23"
"35","206882","20221005094000","23","3","嘉義縣","民雄鄉","120.410","23.565","46"
"19","206903","20221005094000","69","0","雲林縣","水林鄉","120.235","23.580","24"
"495","206905","20221005094000","180","3","雲林縣","水林鄉","120.230","23.585","489"
"22","206936","20221005094000","83","0","雲林縣","水林鄉","120.265","23.605","23"
"1187","206940","20221005094000","1239","0","雲林縣","北港鎮","120.300","23.565","1150"
"469","206943","20221005094000","268","3","雲林縣","北港鎮","120.310","23.575","437"
"497","206964","20221005094000","274","3","嘉義縣","新港鄉","120.360","23.590","498"
"69","206982","20221005094000","320","0","嘉義縣","新港鄉","120.370","23.555","46"
"692","206991","20221005094000","577","1","嘉義縣","新港鄉","120.350","23.555","704"
"732","206992","20221005094000","294","3","嘉義縣","新港鄉","120.355","23.555","712"
"107","206994","20221005094000","808","0","嘉義縣","新港鄉","120.350","23.560","114"
"727","206997","20221005094000","449","3","嘉義縣","新港鄉","120.320","23.565","754"
"34","207025","20221005094000","178","0","嘉義縣","新港鄉","120.335","23.540","29"
"1298","207038","20221005094000","664","3","嘉義縣","新港鄉","120.345","23.555","1298"
"70","207039","20221005094000","24","3","嘉義縣","新港鄉","120.345","23.560","76"
"47","207040","20221005094000","140","0","嘉義縣","新港鄉","120.345","23.535","35"
"52","207051","20221005094000","247","0","嘉義縣","新港鄉","120.375","23.560","45"
"66","207166","20221005094000","62","1","南投縣","信義鄉","120.915","23.545","99"
"121","207170","20221005094000","123","0","南投縣","信義鄉","120.870","23.550","111"
"141","207172","20221005094000","117","2","南投縣","信義鄉","120.880","23.550","159"
"21","207177","20221005094000","80","0","南投縣","信義鄉","120.905","23.550","30"
"192","207208","20221005094000","211","0","南投縣","信義鄉","120.905","23.565","223"
"42","207242","20221005094000","244","0","南投縣","信義鄉","120.890","23.590","104"
"1401","207256","20221005094000","1479","0","雲林縣","北港鎮","120.305","23.565","1350"
"215","207266","20221005094000","260","0","嘉義縣","新港鄉","120.310","23.565","233"
"1756","207275","20221005094000","1198","2","雲林縣","北港鎮","120.290","23.575","1735"
"58","207299","20221005094000","82","0","嘉義縣","梅山鄉","120.600","23.560","78"
"151","207304","20221005094000","100","3","嘉義縣","梅山鄉","120.595","23.565","200"
"261","207305","20221005094000","248","1","嘉義縣","梅山鄉","120.605","23.565","256"
"111","207326","20221005094000","102","1","嘉義縣","梅山鄉","120.625","23.550","136"
"362","207338","20221005094000","262","2","嘉義縣","梅山鄉","120.580","23.545","355"
"910","207352","20221005094000","921","0","嘉義縣","梅山鄉","120.555","23.585","865"
"628","207353","20221005094000","582","1","嘉義縣","梅山鄉","120.560","23.585","619"
"440","207356","20221005094000","288","3","嘉義縣","梅山鄉","120.550","23.590","490"
"453","207360","20221005094000","348","2","嘉義縣","大林鎮","120.450","23.605","433"
"134","207367","20221005094000","932","0","嘉義縣","大林鎮","120.525","23.595","126"
"241","207373","20221005094000","447","0","嘉義縣","大林鎮","120.500","23.605","245"
"117","207387","20221005094000","544","0","雲林縣","北港鎮","120.275","23.600","139"
"203","207403","20221005094000","215","0","雲林縣","北港鎮","120.325","23.595","212"
"414","207414","20221005094000","350","1","雲林縣","北港鎮","120.280","23.560","421"
"32","207432","20221005094000","185","0","雲林縣","口湖鄉","120.180","23.605","39"
"531","207435","20221005094000","334","3","雲林縣","古坑鄉","120.540","23.595","524"
"36","207462","20221005094000","87","0","雲林縣","古坑鄉","120.595","23.600","33"
"223","207463","20221005094000","126","3","雲林縣","古坑鄉","120.600","23.600","212"
"199","207465","20221005094000","92","3","雲林縣","古坑鄉","120.610","23.600","194"
"76","207467","20221005094000","32","3","雲林縣","古坑鄉","120.620","23.600","67"
"81","207494","20221005094000","54","3","雲林縣","古坑鄉","120.640","23.605","86"
"22","207498","20221005094000","88","0","雲林縣","古坑鄉","120.570","23.605","25"
"176","207505","20221005094000","176","1","嘉義縣","大林鎮","120.470","23.580","202"
"230","207507","20221005094000","323","0","嘉義縣","大林鎮","120.465","23.585","210"
"144","207511","20221005094000","43","3","嘉義縣","大林鎮","120.505","23.560","148"
"165","207522","20221005094000","137","2","嘉義縣","大林鎮","120.490","23.570","144"
"1029","207523","20221005094000","924","1","嘉義縣","大林鎮","120.495","23.570","1063"
"25","207536","20221005094000","156","0","嘉義縣","大林鎮","120.505","23.575","31"
"94","207556","20221005094000","673","0","嘉義縣","大林鎮","120.500","23.580","83"
"103","207558","20221005094000","428","0","嘉義縣","大林鎮","120.510","23.580","84"
"486","207564","20221005094000","193","3","嘉義縣","大林鎮","120.495","23.585","436"
"26","207576","20221005094000","171","0","嘉義縣","大林鎮","120.475","23.590","31"
"206","207578","20221005094000","224","0","嘉義縣","大林鎮","120.465","23.595","251"
"722","207585","20221005094000","566","2","嘉義縣","大林鎮","120.505","23.590","706"
"31","207587","20221005094000","458","0","嘉義縣","大林鎮","120.515","23.590","31"
"105","207592","20221005094000","428","0","嘉義縣","大林鎮","120.505","23.595","78"
"77","207596","20221005094000","27","3","嘉義縣","大林鎮","120.505","23.600","63"
"1250","207602","20221005094000","1192","1","嘉義縣","大林鎮","120.455","23.595","1224"
"538","207604","20221005094000","884","0","嘉義縣","大林鎮","120.455","23.600","505"
"1008","207605","20221005094000","1053","0","嘉義縣","大林鎮","120.460","23.600","1012"
"109","207606","20221005094000","88","2","嘉義縣","大林鎮","120.460","23.605","124"
"272","207613","20221005094000","250","1","嘉義縣","大林鎮","120.445","23.610","286"
"28","207617","20221005094000","466","0","嘉義縣","大林鎮","120.445","23.595","18"
"1662","207626","20221005094000","1391","1","嘉義縣","大林鎮","120.455","23.605","1544"
"308","207628","20221005094000","1525","0","雲林縣","水林鄉","120.240","23.570","341"
"22","207629","20221005094000","13","3","雲林縣","水林鄉","120.245","23.570","17"
"155","207634","20221005094000","514","0","雲林縣","水林鄉","120.250","23.575","141"
"24","207650","20221005094000","11","3","雲林縣","水林鄉","120.265","23.535","21"
"251","207670","20221005094000","183","2","嘉義縣","溪口鄉","120.395","23.600","269"
"108","207674","20221005094000","77","2","嘉義縣","梅山鄉","120.575","23.560","127"
"187","207675","20221005094000","167","1","嘉義縣","梅山鄉","120.580","23.560","200"
"798","207684","20221005094000","826","0","嘉義縣","梅山鄉","120.565","23.575","680"
"82","207691","20221005094000","79","1","嘉義縣","梅山鄉","120.580","23.580","95"
"182","207701","20221005094000","65","3","嘉義縣","梅山鄉","120.600","23.565","160"
"35","207703","20221005094000","87","0","嘉義縣","梅山鄉","120.580","23.570","38"
"492","207707","20221005094000","126","3","嘉義縣","梅山鄉","120.595","23.570","488"
"145","207721","20221005094000","84","3","嘉義縣","梅山鄉","120.600","23.575","153"
"63","207724","20221005094000","14","3","嘉義縣","梅山鄉","120.615","23.580","59"
"344","207727","20221005094000","390","0","嘉義縣","梅山鄉","120.555","23.545","351"
"41","207736","20221005094000","41","1","嘉義縣","梅山鄉","120.545","23.555","47"
"40","207753","20221005094000","47","0","嘉義縣","梅山鄉","120.715","23.535","56"
"48","207756","20221005094000","106","0","嘉義縣","梅山鄉","120.730","23.535","38"
"303","207761","20221005094000","227","2","嘉義縣","梅山鄉","120.710","23.540","310"
"259","207793","20221005094000","132","3","嘉義縣","梅山鄉","120.740","23.555","215"
"138","207860","20221005094000","115","2","雲林縣","古坑鄉","120.695","23.580","127"
"187","207910","20221005094000","111","3","雲林縣","古坑鄉","120.690","23.595","159"
"52","207945","20221005094000","50","1","雲林縣","古坑鄉","120.710","23.605","67"
"37","207962","20221005094000","17","3","雲林縣","古坑鄉","120.575","23.595","34"
"36","207964","20221005094000","21","3","雲林縣","古坑鄉","120.585","23.595","37"
"386","207970","20221005094000","145","3","雲林縣","古坑鄉","120.590","23.585","394"
"204","207983","20221005094000","145","2","雲林縣","古坑鄉","120.595","23.595","198"
"91","207985","20221005094000","45","3","雲林縣","古坑鄉","120.585","23.600","77"
"398","207988","20221005094000","331","2","雲林縣","口湖鄉","120.165","23.535","401"
"1088","208006","20221005094000","769","2","雲林縣","口湖鄉","120.185","23.585","1024"
"124","208021","20221005094000","73","3","嘉義縣","梅山鄉","120.625","23.570","141"
"206","208025","20221005094000","161","2","嘉義縣","梅山鄉","120.625","23.575","213"
"250","208030","20221005094000","227","1","嘉義縣","新港鄉","120.310","23.570","268"
"26","208049","20221005094000","280","0","雲林縣","口湖鄉","120.160","23.560","26"
"16","208052","20221005094000","20","0","雲林縣","口湖鄉","120.180","23.550","17"
"68","208080","20221005094000","178","0","雲林縣","口湖鄉","120.150","23.580","85"
"157","208091","20221005094000","20","3","雲林縣","口湖鄉","120.140","23.585","143"
"475","208131","20221005094000","263","3","嘉義縣","民雄鄉","120.410","23.570","445"
"456","208146","20221005094000","370","2","雲林縣","大埤鄉","120.370","23.610","433"
"683","208152","20221005094000","604","1","嘉義縣","梅山鄉","120.560","23.580","770"
"193","208158","20221005094000","141","2","嘉義縣","梅山鄉","120.560","23.565","185"
"199","208165","20221005094000","170","1","嘉義縣","梅山鄉","120.555","23.575","216"
"192","208171","20221005094000","134","2","嘉義縣","梅山鄉","120.680","23.535","91"
"289","208176","20221005094000","196","2","嘉義縣","梅山鄉","120.665","23.540","169"
"139","208180","20221005094000","123","1","嘉義縣","梅山鄉","120.685","23.540","152"
"281","208200","20221005094000","303","0","嘉義縣","梅山鄉","120.665","23.550","302"
"79","208203","20221005094000","57","2","嘉義縣","梅山鄉","120.680","23.550","53"
"229","208265","20221005094000","154","2","嘉義縣","梅山鄉","120.530","23.580","249"
"33","208273","20221005094000","135","0","嘉義縣","梅山鄉","120.535","23.590","23"
"124","208303","20221005094000","110","1","嘉義縣","梅山鄉","120.535","23.550","95"
"63","208323","20221005094000","316","0","嘉義縣","民雄鄉","120.465","23.555","468"
"1826","208324","20221005094000","1513","2","嘉義縣","民雄鄉","120.470","23.555","1725"
"150","208325","20221005094000","89","3","嘉義縣","民雄鄉","120.475","23.555","169"
"46","208326","20221005094000","41","1","嘉義縣","民雄鄉","120.480","23.555","50"
"951","208328","20221005094000","986","0","嘉義縣","民雄鄉","120.470","23.560","937"
"1620","208329","20221005094000","1393","1","嘉義縣","民雄鄉","120.475","23.560","1559"
"435","208332","20221005094000","453","0","嘉義縣","民雄鄉","120.475","23.565","450"
"699","208347","20221005094000","284","3","嘉義縣","民雄鄉","120.400","23.535","641"
"44","208352","20221005094000","379","0","嘉義縣","民雄鄉","120.460","23.535","39"
"270","208357","20221005094000","196","2","嘉義縣","民雄鄉","120.460","23.545","241"
"1154","208359","20221005094000","1154","1","嘉義縣","民雄鄉","120.425","23.560","1208"
"21","208360","20221005094000","41","0","嘉義縣","民雄鄉","120.430","23.560","23"
"43","208363","20221005094000","290","0","嘉義縣","民雄鄉","120.425","23.570","41"
"335","208380","20221005094000","124","3","嘉義縣","民雄鄉","120.390","23.545","384"
"778","208390","20221005094000","477","3","嘉義縣","民雄鄉","120.420","23.540","715"
"455","208392","20221005094000","347","2","嘉義縣","民雄鄉","120.430","23.540","399"
"320","208407","20221005094000","141","3","雲林縣","口湖鄉","120.175","23.570","299"
"460","208415","20221005094000","273","3","雲林縣","口湖鄉","120.190","23.575","487"
"12","208438","20221005094000","105","0","雲林縣","口湖鄉","120.160","23.600","11"
"620","208452","20221005094000","559","1","嘉義縣","溪口鄉","120.430","23.585","633"
"55","208454","20221005094000","292","0","嘉義縣","溪口鄉","120.440","23.585","42"
"444","208468","20221005094000","375","1","嘉義縣","溪口鄉","120.385","23.595","434"
"260","208486","20221005094000","193","2","嘉義縣","溪口鄉","120.390","23.605","237"
"660","208497","20221005094000","511","2","嘉義縣","六腳鄉","120.300","23.560","689"
"457","208503","20221005094000","509","0","嘉義縣","六腳鄉","120.290","23.535","398"
"83","208508","20221005094000","438","0","雲林縣","口湖鄉","120.180","23.585","113"
"453","208528","20221005094000","238","3","雲林縣","口湖鄉","120.140","23.550","483"
"107","208546","20221005094000","354","0","雲林縣","口湖鄉","120.150","23.565","87"
"18","208554","20221005094000","158","0","雲林縣","水林鄉","120.270","23.565","16"
"1140","208568","20221005094000","811","2","雲林縣","口湖鄉","120.190","23.545","1164"
"176","208573","20221005094000","315","0","雲林縣","北港鎮","120.285","23.610","182"
"1275","208589","20221005094000","1620","0","雲林縣","北港鎮","120.300","23.570","1267"
"821","208590","20221005094000","911","0","雲林縣","北港鎮","120.300","23.575","840"
"66","208617","20221005094000","380","0","雲林縣","水林鄉","120.220","23.560","56"
"74","208629","20221005094000","226","0","雲林縣","水林鄉","120.205","23.575","75"
"20","208633","20221005094000","15","2","雲林縣","水林鄉","120.225","23.535","32"
"374","208638","20221005094000","285","2","雲林縣","水林鄉","120.230","23.540","445"
"117","208647","20221005094000","370","0","雲林縣","水林鄉","120.250","23.550","154"
"141","208695","20221005094000","81","3","嘉義縣","竹崎鄉","120.555","23.540","130"
"232","208704","20221005094000","74","3","嘉義縣","竹崎鄉","120.560","23.540","243"
"74","208793","20221005094000","52","2","嘉義縣","阿里山鄉","120.750","23.570","81"
"33","208821","20221005094000","50","0","嘉義縣","阿里山鄉","120.750","23.580","31"
"32","208866","20221005094000","27","1","嘉義縣","阿里山鄉","120.750","23.590","49"
"82","209129","20221005094000","75","1","澎湖縣","湖西鄉","119.625","23.605","113"
"83","209899","20221005094000","109","0","澎湖縣","白沙鄉","119.570","23.615","117"
"47","209905","20221005094000","203","0","澎湖縣","白沙鄉","119.605","23.615","46"
"87","210790","20221005094000","31","3","花蓮縣","豐濱鄉","121.535","23.635","97"
"96","210927","20221005094000","121","0","澎湖縣","西嶼鄉","119.530","23.635","99"
"313","210940","20221005094000","221","2","澎湖縣","白沙鄉","119.600","23.635","303"
"27","211725","20221005094000","55","0","澎湖縣","白沙鄉","119.630","23.650","22"
"309","212241","20221005094000","268","1","澎湖縣","白沙鄉","119.655","23.660","290"
"790","212745","20221005094000","474","3","澎湖縣","白沙鄉","119.595","23.665","825"
"30","212746","20221005094000","180","0","澎湖縣","白沙鄉","119.600","23.665","31"
"40","213442","20221005094000","27","2","澎湖縣","白沙鄉","119.555","23.660","60"
"51","213444","20221005094000","175","0","澎湖縣","白沙鄉","119.590","23.655","37"
"42","213447","20221005094000","53","0","澎湖縣","白沙鄉","119.600","23.650","35"
"35","213448","20221005094000","60","0","澎湖縣","白沙鄉","119.560","23.655","29"
"335","213454","20221005094000","103","3","澎湖縣","白沙鄉","119.560","23.660","397"
"179","213465","20221005094000","143","2","澎湖縣","白沙鄉","119.595","23.650","159"
"14","213478","20221005094000","16","0","澎湖縣","西嶼鄉","119.520","23.605","18"
"130","213491","20221005094000","135","0","澎湖縣","西嶼鄉","119.510","23.615","120"
"146","213509","20221005094000","197","0","澎湖縣","西嶼鄉","119.515","23.630","166"
"89","213516","20221005094000","108","0","澎湖縣","西嶼鄉","119.515","23.650","108"
"400","213554","20221005094000","344","1","花蓮縣","光復鄉","121.430","23.675","352"
"180","213627","20221005094000","161","1","花蓮縣","光復鄉","121.420","23.660","193"
"343","213652","20221005094000","427","0","花蓮縣","光復鄉","121.420","23.670","353"
"90","213675","20221005094000","79","1","花蓮縣","光復鄉","121.415","23.680","69"
"83","213820","20221005094000","61","2","花蓮縣","光復鄉","121.430","23.635","79"
"15","213864","20221005094000","129","0","雲林縣","四湖鄉","120.185","23.650","18"
"22","214398","20221005094000","60","0","花蓮縣","豐濱鄉","121.540","23.655","22"
"28","214415","20221005094000","29","0","花蓮縣","豐濱鄉","121.545","23.670","20"
"51","214424","20221005094000","63","0","花蓮縣","豐濱鄉","121.530","23.680","82"
"55","214495","20221005094000","49","1","花蓮縣","豐濱鄉","121.485","23.640","67"
"29","214506","20221005094000","139","0","雲林縣","四湖鄉","120.180","23.650","42"
"192","214521","20221005094000","31","3","雲林縣","四湖鄉","120.185","23.660","196"
"47","214544","20221005094000","153","0","雲林縣","四湖鄉","120.275","23.650","16"
"136","214550","20221005094000","226","0","雲林縣","元長鄉","120.275","23.660","129"
"412","214565","20221005094000","199","3","雲林縣","四湖鄉","120.200","23.640","385"
"87","214566","20221005094000","93","0","雲林縣","四湖鄉","120.205","23.640","78"
"183","214578","20221005094000","403","0","雲林縣","四湖鄉","120.220","23.615","161"
"54","214580","20221005094000","178","0","雲林縣","四湖鄉","120.170","23.640","60"
"205","214640","20221005094000","114","3","花蓮縣","光復鄉","121.450","23.655","217"
"184","214665","20221005094000","238","0","花蓮縣","光復鄉","121.405","23.625","203"
"151","214678","20221005094000","123","2","花蓮縣","光復鄉","121.415","23.645","164"
"24","214691","20221005094000","32","0","花蓮縣","光復鄉","121.415","23.655","20"
"18","214697","20221005094000","22","0","花蓮縣","光復鄉","121.410","23.660","29"
"317","214701","20221005094000","199","3","花蓮縣","光復鄉","121.430","23.665","327"
"401","214703","20221005094000","398","1","花蓮縣","光復鄉","121.425","23.670","428"
"738","214705","20221005094000","570","2","花蓮縣","光復鄉","121.420","23.665","616"
"209","214706","20221005094000","152","2","花蓮縣","光復鄉","121.425","23.665","175"
"371","214707","20221005094000","342","1","花蓮縣","光復鄉","121.450","23.660","331"
"391","214728","20221005094000","169","3","雲林縣","元長鄉","120.315","23.675","394"
"17","214731","20221005094000","121","0","雲林縣","元長鄉","120.310","23.680","26"
"58","214762","20221005094000","25","3","雲林縣","元長鄉","120.285","23.640","47"
"311","214797","20221005094000","378","0","雲林縣","元長鄉","120.375","23.645","406"
"236","214824","20221005094000","82","3","雲林縣","東勢鄉","120.260","23.665","219"
"80","214826","20221005094000","259","0","雲林縣","東勢鄉","120.250","23.670","68"
"19","214842","20221005094000","173","0","雲林縣","四湖鄉","120.150","23.625","20"
"40","214846","20221005094000","102","0","雲林縣","口湖鄉","120.155","23.630","43"
"452","214854","20221005094000","285","3","雲林縣","斗南鎮","120.440","23.685","420"
"686","214857","20221005094000","504","2","雲林縣","斗南鎮","120.485","23.685","683"
"173","214861","20221005094000","82","3","雲林縣","斗南鎮","120.490","23.640","160"
"399","214868","20221005094000","242","3","雲林縣","斗南鎮","120.430","23.670","404"
"342","214876","20221005094000","218","3","雲林縣","斗南鎮","120.445","23.675","326"
"1427","214886","20221005094000","859","3","雲林縣","斗南鎮","120.475","23.665","1382"
"32","214887","20221005094000","220","0","雲林縣","大埤鄉","120.455","23.670","30"
"292","214890","20221005094000","255","1","雲林縣","斗南鎮","120.470","23.670","340"
"2120","214891","20221005094000","1800","1","雲林縣","斗南鎮","120.475","23.670","2128"
"456","214896","20221005094000","470","0","雲林縣","斗南鎮","120.470","23.675","466"
"110","214922","20221005094000","171","0","南投縣","鹿谷鄉","120.790","23.670","149"
"302","214931","20221005094000","512","0","南投縣","鹿谷鄉","120.790","23.675","287"
"1487","214932","20221005094000","684","3","南投縣","鹿谷鄉","120.800","23.670","1401"
"318","214936","20221005094000","173","3","南投縣","鹿谷鄉","120.795","23.675","307"
"69","214937","20221005094000","308","0","南投縣","鹿谷鄉","120.800","23.675","60"
"368","214940","20221005094000","217","3","南投縣","鹿谷鄉","120.795","23.680","350"
"374","214967","20221005094000","500","0","雲林縣","斗南鎮","120.485","23.640","367"
"222","214975","20221005094000","197","1","雲林縣","斗南鎮","120.480","23.665","224"
"396","214978","20221005094000","222","3","雲林縣","斗南鎮","120.485","23.670","416"
"129","215001","20221005094000","337","0","雲林縣","土庫鎮","120.390","23.665","163"
"957","215006","20221005094000","591","3","雲林縣","土庫鎮","120.380","23.675","952"
"1430","215009","20221005094000","880","3","雲林縣","土庫鎮","120.390","23.680","1378"
"26","215011","20221005094000","62","0","雲林縣","土庫鎮","120.385","23.685","36"
"184","215012","20221005094000","199","0","雲林縣","土庫鎮","120.390","23.685","143"
"229","215013","20221005094000","138","3","雲林縣","土庫鎮","120.365","23.660","241"
"224","215017","20221005094000","189","1","雲林縣","土庫鎮","120.370","23.665","224"
"236","215022","20221005094000","162","2","雲林縣","土庫鎮","120.375","23.670","235"
"391","215044","20221005094000","294","2","雲林縣","元長鄉","120.335","23.615","377"
"398","215049","20221005094000","337","1","雲林縣","元長鄉","120.335","23.620","366"
"10","215053","20221005094000","145","0","雲林縣","元長鄉","120.280","23.655","21"
"65","215072","20221005094000","60","1","雲林縣","元長鄉","120.350","23.615","61"
"274","215075","20221005094000","249","1","雲林縣","元長鄉","120.340","23.635","300"
"104","215100","20221005094000","206","0","雲林縣","元長鄉","120.330","23.660","100"
"769","215115","20221005094000","283","3","雲林縣","口湖鄉","120.165","23.615","886"
"194","215539","20221005094000","145","2","南投縣","信義鄉","120.865","23.625","203"
"136","215550","20221005094000","83","3","南投縣","信義鄉","120.895","23.630","117"
"115","215558","20221005094000","156","0","南投縣","信義鄉","120.880","23.635","107"
"264","215647","20221005094000","218","2","南投縣","信義鄉","120.860","23.665","219"
"28","215656","20221005094000","38","0","南投縣","信義鄉","120.855","23.670","30"
"92","216356","20221005094000","255","0","雲林縣","北港鎮","120.295","23.615","104"
"27","216361","20221005094000","24","1","雲林縣","斗南鎮","120.485","23.675","29"
"58","216367","20221005094000","50","1","雲林縣","斗南鎮","120.500","23.680","58"
"28","216370","20221005094000","276","0","雲林縣","斗南鎮","120.480","23.650","26"
"76","216372","20221005094000","62","2","雲林縣","斗南鎮","120.490","23.650","89"
"367","216377","20221005094000","337","1","雲林縣","斗南鎮","120.475","23.660","373"
"14","216386","20221005094000","10","2","雲林縣","元長鄉","120.335","23.630","17"
"164","216394","20221005094000","140","1","雲林縣","元長鄉","120.355","23.620","163"
"758","216409","20221005094000","581","2","雲林縣","元長鄉","120.360","23.640","721"
"132","216416","20221005094000","49","3","雲林縣","水林鄉","120.250","23.615","130"
"983","216421","20221005094000","694","2","雲林縣","斗南鎮","120.480","23.675","1023"
"119","216424","20221005094000","83","2","雲林縣","斗南鎮","120.480","23.670","129"
"138","216439","20221005094000","67","3","雲林縣","斗六市","120.530","23.670","138"
"28","216451","20221005094000","31","0","雲林縣","斗六市","120.625","23.685","34"
"72","216459","20221005094000","291","0","雲林縣","土庫鎮","120.345","23.665","85"
"172","216478","20221005094000","72","3","雲林縣","水林鄉","120.260","23.620","177"
"109","216482","20221005094000","159","0","雲林縣","水林鄉","120.265","23.625","104"
"600","216488","20221005094000","416","2","雲林縣","斗南鎮","120.470","23.680","586"
"717","216489","20221005094000","694","1","雲林縣","斗南鎮","120.475","23.680","736"
"1492","216490","20221005094000","1287","1","雲林縣","斗南鎮","120.480","23.680","1402"
"95","216498","20221005094000","253","0","雲林縣","斗南鎮","120.515","23.645","80"
"372","216500","20221005094000","171","3","雲林縣","斗南鎮","120.505","23.650","381"
"196","216517","20221005094000","371","0","雲林縣","古坑鄉","120.540","23.660","219"
"66","216519","20221005094000","233","0","雲林縣","斗六市","120.525","23.665","68"
"97","216526","20221005094000","185","0","雲林縣","斗南鎮","120.465","23.685","101"
"14","216534","20221005094000","168","0","雲林縣","斗南鎮","120.535","23.650","13"
"66","216543","20221005094000","237","0","雲林縣","斗南鎮","120.505","23.665","67"
"13","216544","20221005094000","70","0","雲林縣","斗南鎮","120.495","23.670","12"
"262","216579","20221005094000","139","3","雲林縣","土庫鎮","120.345","23.660","255"
"303","216583","20221005094000","1099","0","雲林縣","土庫鎮","120.390","23.675","276"
"108","216589","20221005094000","343","0","雲林縣","土庫鎮","120.355","23.685","108"
"153","216595","20221005094000","310","0","雲林縣","大埤鄉","120.465","23.635","130"
"87","216597","20221005094000","340","0","雲林縣","大埤鄉","120.465","23.640","94"
"83","216607","20221005094000","212","0","雲林縣","大埤鄉","120.450","23.650","105"
"872","216617","20221005094000","944","0","南投縣","信義鄉","120.810","23.665","828"
"180","216682","20221005094000","100","3","南投縣","信義鄉","120.865","23.640","180"
"51","216694","20221005094000","49","1","南投縣","信義鄉","120.875","23.660","69"
"38","216718","20221005094000","196","0","雲林縣","古坑鄉","120.565","23.625","32"
"162","216737","20221005094000","825","0","雲林縣","古坑鄉","120.565","23.640","153"
"43","216744","20221005094000","211","0","雲林縣","古坑鄉","120.575","23.645","47"
"12","216747","20221005094000","87","0","雲林縣","古坑鄉","120.585","23.645","17"
"188","216754","20221005094000","506","0","雲林縣","古坑鄉","120.550","23.610","206"
"34","216766","20221005094000","147","0","雲林縣","古坑鄉","120.540","23.620","34"
"19","216791","20221005094000","31","0","雲林縣","古坑鄉","120.605","23.670","10"
"37","216800","20221005094000","196","0","雲林縣","古坑鄉","120.590","23.685","47"
"520","216807","20221005094000","365","2","雲林縣","古坑鄉","120.565","23.645","522"
"27","216821","20221005094000","23","1","雲林縣","古坑鄉","120.605","23.655","45"
"274","216832","20221005094000","227","2","雲林縣","古坑鄉","120.575","23.675","255"
"123","216841","20221005094000","519","0","雲林縣","古坑鄉","120.570","23.685","129"
"300","216889","20221005094000","173","3","雲林縣","古坑鄉","120.600","23.685","359"
"23","216891","20221005094000","197","0","雲林縣","古坑鄉","120.610","23.685","37"
"26","216893","20221005094000","22","1","雲林縣","古坑鄉","120.620","23.685","28"
"893","216901","20221005094000","294","3","雲林縣","古坑鄉","120.635","23.615","846"
"96","216906","20221005094000","57","3","雲林縣","古坑鄉","120.640","23.620","72"
"49","216928","20221005094000","330","0","雲林縣","古坑鄉","120.560","23.670","53"
"80","216932","20221005094000","89","0","雲林縣","古坑鄉","120.570","23.610","93"
"92","216938","20221005094000","58","3","雲林縣","古坑鄉","120.575","23.615","75"
"344","216939","20221005094000","128","3","雲林縣","古坑鄉","120.580","23.615","379"
"147","216944","20221005094000","522","0","雲林縣","古坑鄉","120.560","23.620","140"
"170","216948","20221005094000","92","3","雲林縣","古坑鄉","120.580","23.620","151"
"686","216990","20221005094000","584","1","嘉義縣","大林鎮","120.470","23.620","622"
"23","217001","20221005094000","66","0","嘉義縣","大林鎮","120.495","23.620","21"
"30","217013","20221005094000","162","0","嘉義縣","大林鎮","120.500","23.625","33"
"66","217022","20221005094000","19","3","嘉義縣","大林鎮","120.490","23.615","60"
"11","217030","20221005094000","192","0","嘉義縣","大林鎮","120.420","23.615","22"
"235","217035","20221005094000","770","0","嘉義縣","大林鎮","120.435","23.620","187"
"69","217057","20221005094000","243","0","雲林縣","大埤鄉","120.395","23.625","70"
"51","217065","20221005094000","154","0","雲林縣","大埤鄉","120.380","23.620","63"
"58","217073","20221005094000","189","0","雲林縣","大埤鄉","120.425","23.665","73"
"24","217076","20221005094000","17","2","雲林縣","大埤鄉","120.415","23.665","34"
"116","217087","20221005094000","267","0","雲林縣","大埤鄉","120.470","23.655","96"
"115","217105","20221005094000","374","0","雲林縣","古坑鄉","120.555","23.625","117"
"191","217110","20221005094000","187","1","雲林縣","古坑鄉","120.555","23.630","187"
"35","217112","20221005094000","124","0","雲林縣","古坑鄉","120.550","23.640","23"
"39","217135","20221005094000","15","3","雲林縣","土庫鎮","120.395","23.680","30"
"27","217149","20221005094000","28","0","雲林縣","古坑鄉","120.710","23.610","30"
"37","217196","20221005094000","28","2","雲林縣","古坑鄉","120.590","23.650","38"
"73","217209","20221005094000","249","0","雲林縣","古坑鄉","120.575","23.665","77"
"1031","217221","20221005094000","361","3","雲林縣","古坑鄉","120.560","23.650","1101"
"93","217222","20221005094000","119","0","雲林縣","古坑鄉","120.560","23.655","101"
"21","217230","20221005094000","66","0","雲林縣","古坑鄉","120.515","23.625","17"
"273","217236","20221005094000","252","1","雲林縣","古坑鄉","120.525","23.630","294"
"66","217239","20221005094000","79","0","雲林縣","古坑鄉","120.520","23.635","54"
"72","217259","20221005094000","45","3","雲林縣","大埤鄉","120.420","23.625","65"
"58","217266","20221005094000","331","0","雲林縣","大埤鄉","120.420","23.635","48"
"610","217403","20221005094000","314","3","嘉義縣","溪口鄉","120.410","23.615","647"
"389","217423","20221005094000","82","3","雲林縣","大埤鄉","120.410","23.640","390"
"290","217432","20221005094000","901","0","雲林縣","大埤鄉","120.430","23.645","327"
"66","217442","20221005094000","150","0","雲林縣","大埤鄉","120.415","23.660","60"
"486","217449","20221005094000","100","3","雲林縣","東勢鄉","120.300","23.680","545"
"117","217458","20221005094000","271","0","雲林縣","東勢鄉","120.265","23.675","127"
"253","217463","20221005094000","425","0","雲林縣","東勢鄉","120.255","23.685","256"
"184","217467","20221005094000","786","0","雲林縣","東勢鄉","120.255","23.675","168"
"126","217492","20221005094000","182","0","雲林縣","四湖鄉","120.155","23.650","126"
"36","217496","20221005094000","21","3","雲林縣","四湖鄉","120.150","23.655","45"
"71","217497","20221005094000","169","0","雲林縣","四湖鄉","120.155","23.655","73"
"227","217526","20221005094000","98","3","雲林縣","元長鄉","120.320","23.615","230"
"34","217532","20221005094000","409","0","雲林縣","元長鄉","120.320","23.625","29"
"125","217546","20221005094000","52","3","雲林縣","四湖鄉","120.190","23.620","146"
"37","217550","20221005094000","97","0","雲林縣","四湖鄉","120.185","23.625","33"
"285","217561","20221005094000","627","0","雲林縣","四湖鄉","120.230","23.635","284"
"236","217585","20221005094000","161","2","雲林縣","斗六市","120.525","23.675","228"
"209","217589","20221005094000","102","3","雲林縣","斗六市","120.520","23.680","190"
"148","217593","20221005094000","596","0","雲林縣","斗六市","120.510","23.685","158"
"54","217594","20221005094000","188","0","雲林縣","斗六市","120.515","23.685","59"
"475","217597","20221005094000","170","3","雲林縣","斗南鎮","120.470","23.630","455"
"42","217604","20221005094000","25","3","雲林縣","斗南鎮","120.480","23.640","40"
"293","217605","20221005094000","90","3","雲林縣","四湖鄉","120.140","23.620","287"
"127","217610","20221005094000","60","3","雲林縣","四湖鄉","120.150","23.630","126"
"15","217614","20221005094000","36","0","雲林縣","四湖鄉","120.155","23.635","18"
"1091","217637","20221005094000","615","3","雲林縣","口湖鄉","120.160","23.610","1243"
"38","217641","20221005094000","172","0","雲林縣","元長鄉","120.310","23.615","20"
"125","217646","20221005094000","429","0","雲林縣","元長鄉","120.305","23.625","106"
"497","217654","20221005094000","161","3","雲林縣","元長鄉","120.325","23.655","501"
"90","217663","20221005094000","244","0","雲林縣","元長鄉","120.315","23.640","86"
"567","217673","20221005094000","1546","0","雲林縣","元長鄉","120.315","23.650","567"
"69","217674","20221005094000","78","0","雲林縣","元長鄉","120.300","23.655","67"
"346","217701","20221005094000","334","1","雲林縣","斗六市","120.560","23.675","365"
"15","217703","20221005094000","54","0","雲林縣","斗六市","120.555","23.680","14"
"569","217705","20221005094000","236","3","雲林縣","古坑鄉","120.565","23.680","513"
"20","217707","20221005094000","175","0","雲林縣","斗六市","120.550","23.685","22"
"143","217708","20221005094000","130","1","雲林縣","斗六市","120.555","23.685","124"
"197","217711","20221005094000","625","0","雲林縣","斗六市","120.540","23.675","223"
"15","217712","20221005094000","95","0","雲林縣","斗六市","120.545","23.675","14"
"688","217716","20221005094000","445","3","雲林縣","斗六市","120.545","23.680","675"
"564","217718","20221005094000","452","2","雲林縣","斗六市","120.540","23.685","500"
"68","217728","20221005094000","373","0","雲林縣","大埤鄉","120.450","23.665","74"
"278","217747","20221005094000","147","3","雲林縣","四湖鄉","120.220","23.635","268"
"130","217753","20221005094000","425","0","雲林縣","四湖鄉","120.225","23.645","156"
"159","217774","20221005094000","445","0","雲林縣","四湖鄉","120.175","23.680","150"
"17","217781","20221005094000","122","0","雲林縣","口湖鄉","120.200","23.615","21"
"346","217799","20221005094000","150","3","雲林縣","四湖鄉","120.215","23.635","353"
"1385","217801","20221005094000","686","3","雲林縣","四湖鄉","120.225","23.635","1413"
"68","217817","20221005094000","116","0","雲林縣","虎尾鎮","120.405","23.680","53"
"54","217819","20221005094000","187","0","雲林縣","虎尾鎮","120.415","23.680","45"
"571","217821","20221005094000","400","2","雲林縣","虎尾鎮","120.410","23.685","652"
"186","217830","20221005094000","88","3","南投縣","竹山鎮","120.660","23.670","159"
"239","217842","20221005094000","679","0","雲林縣","大埤鄉","120.450","23.630","260"
"51","217845","20221005094000","327","0","雲林縣","大埤鄉","120.465","23.630","36"
"63","217877","20221005094000","168","0","雲林縣","大埤鄉","120.395","23.650","70"
"13","217883","20221005094000","153","0","雲林縣","大埤鄉","120.400","23.655","13"
"50","217899","20221005094000","136","0","南投縣","竹山鎮","120.670","23.670","42"
"21","217987","20221005094000","106","0","南投縣","竹山鎮","120.805","23.620","66"
"90","218026","20221005094000","164","0","南投縣","竹山鎮","120.800","23.625","97"
"177","218047","20221005094000","187","0","南投縣","竹山鎮","120.795","23.630","181"
"29","218070","20221005094000","19","3","南投縣","竹山鎮","120.795","23.635","26"
"143","218092","20221005094000","117","2","南投縣","竹山鎮","120.790","23.640","193"
"17","218138","20221005094000","19","0","南投縣","竹山鎮","120.795","23.650","16"
"216","218153","20221005094000","432","0","南投縣","竹山鎮","120.765","23.655","240"
"107","218168","20221005094000","97","1","南投縣","竹山鎮","120.745","23.660","137"
"32","218188","20221005094000","32","1","南投縣","鹿谷鄉","120.770","23.665","32"
"595","218218","20221005094000","818","0","南投縣","竹山鎮","120.760","23.675","598"
"84","218283","20221005094000","96","0","南投縣","竹山鎮","120.655","23.645","83"
"162","218348","20221005094000","112","2","南投縣","竹山鎮","120.665","23.650","169"
"125","218364","20221005094000","102","2","南投縣","竹山鎮","120.665","23.660","125"
"213","218380","20221005094000","260","0","雲林縣","台西鄉","120.210","23.675","213"
"40","218386","20221005094000","158","0","雲林縣","台西鄉","120.225","23.680","79"
"78","218399","20221005094000","209","0","雲林縣","台西鄉","120.180","23.680","99"
"93","218413","20221005094000","176","0","雲林縣","台西鄉","120.210","23.665","183"
"53","219194","20221005094000","31","3","花蓮縣","豐濱鄉","121.555","23.695","50"
"297","222539","20221005094000","299","0","澎湖縣","白沙鄉","119.610","23.750","307"
"882","223474","20221005094000","590","2","花蓮縣","鳳林鎮","121.445","23.745","871"
"86","223481","20221005094000","44","3","花蓮縣","鳳林鎮","121.445","23.750","81"
"148","223503","20221005094000","129","1","花蓮縣","光復鄉","121.410","23.685","140"
"21","223515","20221005094000","16","2","花蓮縣","光復鄉","121.485","23.690","19"
"338","223610","20221005094000","247","2","雲林縣","二崙鄉","120.420","23.755","311"
"25","223616","20221005094000","47","0","雲林縣","二崙鄉","120.425","23.755","31"
"135","223971","20221005094000","104","2","花蓮縣","鳳林鎮","121.455","23.745","121"
"187","223986","20221005094000","164","1","花蓮縣","鳳林鎮","121.465","23.755","181"
"314","224005","20221005094000","245","2","花蓮縣","鳳林鎮","121.505","23.710","268"
"57","224077","20221005094000","50","1","花蓮縣","鳳林鎮","121.500","23.760","65"
"56","224149","20221005094000","56","1","花蓮縣","鳳林鎮","121.410","23.700","60"
"305","224179","20221005094000","493","0","花蓮縣","鳳林鎮","121.420","23.710","323"
"61","224210","20221005094000","53","1","花蓮縣","萬榮鄉","121.395","23.715","38"
"53","224212","20221005094000","79","0","花蓮縣","萬榮鄉","121.405","23.715","70"
"499","224231","20221005094000","322","3","花蓮縣","鳳林鎮","121.450","23.750","482"
"336","224245","20221005094000","312","1","花蓮縣","鳳林鎮","121.440","23.725","329"
"831","224262","20221005094000","999","0","花蓮縣","鳳林鎮","121.450","23.745","803"
"61","224270","20221005094000","340","0","雲林縣","土庫鎮","120.365","23.705","49"
"95","224272","20221005094000","218","0","雲林縣","土庫鎮","120.365","23.710","100"
"21","224301","20221005094000","51","0","雲林縣","二崙鄉","120.410","23.750","20"
"222","224441","20221005094000","129","3","花蓮縣","萬榮鄉","121.400","23.705","259"
"255","224591","20221005094000","238","1","花蓮縣","鳳林鎮","121.450","23.760","264"
"111","224688","20221005094000","54","3","花蓮縣","豐濱鄉","121.560","23.730","93"
"36","224707","20221005094000","108","0","雲林縣","二崙鄉","120.395","23.750","41"
"40","224725","20221005094000","51","0","雲林縣","元長鄉","120.330","23.690","53"
"304","224731","20221005094000","270","1","雲林縣","斗六市","120.565","23.730","312"
"911","224732","20221005094000","602","3","雲林縣","斗六市","120.555","23.735","893"
"14","224733","20221005094000","19","0","雲林縣","斗六市","120.560","23.735","15"
"400","224734","20221005094000","248","3","雲林縣","斗六市","120.565","23.735","375"
"535","224735","20221005094000","384","2","雲林縣","斗六市","120.550","23.740","575"
"45","224737","20221005094000","42","1","雲林縣","斗六市","120.560","23.740","48"
"165","224742","20221005094000","213","0","雲林縣","斗六市","120.560","23.745","179"
"59","224761","20221005094000","389","0","雲林縣","褒忠鄉","120.280","23.705","58"
"384","224763","20221005094000","184","3","雲林縣","東勢鄉","120.270","23.710","379"
"356","224805","20221005094000","164","3","雲林縣","東勢鄉","120.255","23.735","376"
"191","224806","20221005094000","138","2","雲林縣","斗南鎮","120.485","23.690","195"
"146","224834","20221005094000","221","0","南投縣","鹿谷鄉","120.795","23.690","154"
"38","224863","20221005094000","154","0","南投縣","鹿谷鄉","120.780","23.720","27"
"255","224872","20221005094000","177","2","南投縣","鹿谷鄉","120.745","23.760","277"
"124","224873","20221005094000","122","1","南投縣","鹿谷鄉","120.725","23.765","134"
"371","224875","20221005094000","383","0","南投縣","鹿谷鄉","120.735","23.765","357"
"417","224896","20221005094000","420","0","南投縣","鹿谷鄉","120.780","23.705","361"
"35","224917","20221005094000","148","0","雲林縣","土庫鎮","120.365","23.730","29"
"378","224920","20221005094000","254","2","雲林縣","土庫鎮","120.385","23.690","376"
"660","224923","20221005094000","255","3","雲林縣","土庫鎮","120.390","23.695","607"
"55","224936","20221005094000","257","0","南投縣","鹿谷鄉","120.770","23.730","49"
"325","224950","20221005094000","314","1","南投縣","鹿谷鄉","120.760","23.740","359"
"368","224951","20221005094000","361","1","南投縣","鹿谷鄉","120.765","23.740","386"
"211","224973","20221005094000","770","0","南投縣","鹿谷鄉","120.775","23.750","246"
"321","225062","20221005094000","336","0","南投縣","鹿谷鄉","120.755","23.725","342"
"21","225085","20221005094000","17","2","南投縣","鹿谷鄉","120.740","23.730","22"
"60","225138","20221005094000","85","0","南投縣","鹿谷鄉","120.820","23.720","62"
"394","225159","20221005094000","387","1","南投縣","鹿谷鄉","120.790","23.730","368"
"359","225192","20221005094000","409","0","南投縣","鹿谷鄉","120.755","23.745","327"
"720","225195","20221005094000","493","2","南投縣","鹿谷鄉","120.755","23.750","694"
"171","225196","20221005094000","144","1","南投縣","鹿谷鄉","120.745","23.755","179"
"1335","225206","20221005094000","1006","2","雲林縣","麥寮鄉","120.185","23.760","1261"
"489","225208","20221005094000","601","0","雲林縣","麥寮鄉","120.175","23.765","511"
"566","225215","20221005094000","577","0","雲林縣","斗六市","120.575","23.725","525"
"349","225247","20221005094000","268","2","南投縣","信義鄉","120.850","23.695","363"
"262","225254","20221005094000","211","2","南投縣","信義鄉","120.885","23.695","300"
"46","225259","20221005094000","150","0","南投縣","信義鄉","120.850","23.700","45"
"223","225307","20221005094000","153","2","南投縣","信義鄉","120.850","23.685","207"
"119","225309","20221005094000","97","2","南投縣","信義鄉","120.850","23.690","131"
"269","225972","20221005094000","180","2","雲林縣","斗南鎮","120.500","23.690","261"
"83","225977","20221005094000","735","0","雲林縣","斗南鎮","120.480","23.700","111"
"30","225978","20221005094000","261","0","雲林縣","斗南鎮","120.485","23.700","29"
"220","225980","20221005094000","267","0","雲林縣","斗南鎮","120.495","23.700","220"
"15","225985","20221005094000","16","0","雲林縣","斗南鎮","120.485","23.710","17"
"92","225991","20221005094000","340","0","雲林縣","斗六市","120.500","23.710","84"
"331","226020","20221005094000","139","3","南投縣","水里鄉","120.855","23.730","291"
"2710","226032","20221005094000","909","3","雲林縣","斗六市","120.535","23.700","2730"
"1100","226033","20221005094000","512","3","雲林縣","斗六市","120.540","23.705","1120"
"811","226034","20221005094000","721","1","雲林縣","斗六市","120.555","23.710","738"
"1208","226037","20221005094000","1058","1","雲林縣","斗六市","120.555","23.715","1310"
"3744","226039","20221005094000","2453","3","雲林縣","斗六市","120.525","23.695","3799"
"1887","226040","20221005094000","753","3","雲林縣","斗六市","120.530","23.695","1862"
"2862","226042","20221005094000","1226","3","雲林縣","斗六市","120.535","23.705","2907"
"261","226047","20221005094000","109","3","雲林縣","斗六市","120.560","23.725","245"
"671","226050","20221005094000","355","3","雲林縣","斗六市","120.530","23.730","657"
"89","226056","20221005094000","292","0","雲林縣","斗六市","120.530","23.735","74"
"24","226057","20221005094000","38","0","雲林縣","斗六市","120.535","23.735","26"
"203","226058","20221005094000","217","0","雲林縣","斗六市","120.540","23.735","227"
"582","226062","20221005094000","472","2","雲林縣","斗六市","120.540","23.740","599"
"34","226065","20221005094000","33","1","雲林縣","斗六市","120.505","23.690","39"
"28","226070","20221005094000","18","3","雲林縣","斗六市","120.505","23.700","21"
"192","226075","20221005094000","217","0","雲林縣","斗六市","120.510","23.705","200"
"1591","226079","20221005094000","568","3","雲林縣","斗六市","120.525","23.690","1539"
"330","226080","20221005094000","506","0","雲林縣","斗六市","120.530","23.690","336"
"1705","226081","20221005094000","836","3","雲林縣","斗六市","120.535","23.690","1747"
"15","226082","20221005094000","360","0","雲林縣","斗六市","120.535","23.695","10"
"1322","226083","20221005094000","945","2","雲林縣","斗六市","120.595","23.710","1317"
"14","226086","20221005094000","64","0","雲林縣","斗六市","120.590","23.715","17"
"1167","226091","20221005094000","980","1","雲林縣","斗六市","120.595","23.715","1198"
"68","226098","20221005094000","46","2","雲林縣","斗六市","120.625","23.695","95"
"239","226124","20221005094000","206","1","雲林縣","斗六市","120.600","23.715","267"
"14","226125","20221005094000","20","0","雲林縣","斗六市","120.610","23.715","13"
"15","226131","20221005094000","27","0","雲林縣","斗六市","120.605","23.715","16"
"3064","226137","20221005094000","1571","3","雲林縣","斗六市","120.540","23.700","3156"
"346","226143","20221005094000","390","0","雲林縣","斗六市","120.505","23.715","320"
"979","226146","20221005094000","369","3","雲林縣","斗六市","120.525","23.715","1005"
"1012","226149","20221005094000","831","2","雲林縣","斗六市","120.505","23.720","1060"
"412","226151","20221005094000","366","1","雲林縣","斗六市","120.515","23.720","404"
"1185","226153","20221005094000","540","3","雲林縣","斗六市","120.525","23.720","1313"
"1617","226159","20221005094000","1132","2","雲林縣","斗六市","120.520","23.725","1614"
"248","226168","20221005094000","799","0","雲林縣","土庫鎮","120.355","23.705","255"
"31","226173","20221005094000","468","0","雲林縣","斗南鎮","120.475","23.690","29"
"284","226174","20221005094000","252","1","雲林縣","斗南鎮","120.480","23.690","269"
"461","226175","20221005094000","383","2","雲林縣","斗南鎮","120.465","23.695","510"
"18","226182","20221005094000","126","0","雲林縣","崙背鄉","120.345","23.755","17"
"63","226190","20221005094000","335","0","雲林縣","崙背鄉","120.305","23.755","94"
"338","226206","20221005094000","131","3","雲林縣","土庫鎮","120.345","23.695","353"
"87","226232","20221005094000","373","0","南投縣","水里鄉","120.845","23.745","69"
"11","226258","20221005094000","42","0","雲林縣","虎尾鎮","120.460","23.700","15"
"366","226259","20221005094000","283","2","雲林縣","虎尾鎮","120.445","23.705","370"
"67","226261","20221005094000","323","0","雲林縣","虎尾鎮","120.455","23.705","50"
"1118","226263","20221005094000","994","1","雲林縣","虎尾鎮","120.450","23.710","1137"
"701","226265","20221005094000","484","2","雲林縣","虎尾鎮","120.445","23.710","748"
"213","226266","20221005094000","231","0","雲林縣","虎尾鎮","120.450","23.715","205"
"316","226267","20221005094000","217","2","雲林縣","虎尾鎮","120.415","23.715","489"
"554","226268","20221005094000","250","3","雲林縣","虎尾鎮","120.420","23.715","12"
"214","226277","20221005094000","301","0","雲林縣","虎尾鎮","120.420","23.725","383"
"1276","226286","20221005094000","1204","1","雲林縣","虎尾鎮","120.425","23.735","1354"
"569","226287","20221005094000","338","3","雲林縣","虎尾鎮","120.415","23.740","529"
"406","226291","20221005094000","425","0","雲林縣","斗六市","120.575","23.715","487"
"369","226293","20221005094000","416","0","雲林縣","斗六市","120.580","23.720","340"
"1173","226294","20221005094000","1220","0","雲林縣","斗六市","120.585","23.720","1160"
"816","226298","20221005094000","888","0","雲林縣","斗六市","120.585","23.725","786"
"56","226299","20221005094000","185","0","雲林縣","斗六市","120.590","23.725","43"
"367","226302","20221005094000","301","2","雲林縣","斗六市","120.590","23.730","411"
"127","226669","20221005094000","443","0","雲林縣","崙背鄉","120.380","23.750","144"
"52","226674","20221005094000","116","0","雲林縣","崙背鄉","120.385","23.755","44"
"388","226678","20221005094000","119","3","雲林縣","崙背鄉","120.375","23.760","395"
"439","226684","20221005094000","265","3","雲林縣","斗六市","120.560","23.695","423"
"195","226686","20221005094000","86","3","雲林縣","斗六市","120.555","23.700","150"
"187","226687","20221005094000","151","2","雲林縣","斗六市","120.560","23.700","190"
"375","226689","20221005094000","254","2","雲林縣","斗六市","120.560","23.705","392"
"417","226695","20221005094000","503","0","雲林縣","斗六市","120.575","23.700","378"
"31","226701","20221005094000","253","0","雲林縣","斗六市","120.605","23.700","38"
"12","226707","20221005094000","12","1","雲林縣","斗六市","120.600","23.705","11"
"1336","226714","20221005094000","819","3","雲林縣","虎尾鎮","120.430","23.715","1311"
"390","226715","20221005094000","576","0","雲林縣","虎尾鎮","120.440","23.715","388"
"21","226718","20221005094000","49","0","雲林縣","斗六市","120.570","23.690","23"
"108","226726","20221005094000","57","3","雲林縣","古坑鄉","120.605","23.695","116"
"260","226731","20221005094000","190","2","雲林縣","虎尾鎮","120.400","23.715","245"
"52","226733","20221005094000","287","0","雲林縣","虎尾鎮","120.410","23.715","58"
"77","226737","20221005094000","346","0","雲林縣","虎尾鎮","120.445","23.715","340"
"132","226738","20221005094000","78","3","雲林縣","虎尾鎮","120.445","23.720","106"
"622","226739","20221005094000","392","3","雲林縣","虎尾鎮","120.450","23.720","573"
"485","226749","20221005094000","252","3","雲林縣","東勢鄉","120.250","23.715","516"
"81","226761","20221005094000","436","0","雲林縣","莿桐鄉","120.500","23.750","904"
"818","226763","20221005094000","272","3","雲林縣","莿桐鄉","120.510","23.750","672"
"190","226767","20221005094000","950","0","雲林縣","莿桐鄉","120.500","23.760","181"
"73","226768","20221005094000","387","0","雲林縣","莿桐鄉","120.505","23.760","77"
"45","226770","20221005094000","26","3","雲林縣","莿桐鄉","120.500","23.765","47"
"33","226788","20221005094000","201","0","雲林縣","虎尾鎮","120.405","23.700","31"
"462","226802","20221005094000","258","3","雲林縣","虎尾鎮","120.460","23.710","448"
"113","226804","20221005094000","81","2","雲林縣","虎尾鎮","120.470","23.710","116"
"912","226807","20221005094000","537","3","雲林縣","虎尾鎮","120.470","23.715","849"
"210","226810","20221005094000","123","3","雲林縣","虎尾鎮","120.460","23.715","186"
"67","226820","20221005094000","147","0","雲林縣","東勢鄉","120.245","23.690","80"
"57","226824","20221005094000","121","0","雲林縣","斗六市","120.600","23.725","58"
"266","226828","20221005094000","208","2","雲林縣","林內鄉","120.595","23.735","276"
"97","226841","20221005094000","623","0","雲林縣","林內鄉","120.595","23.750","109"
"42","226857","20221005094000","244","0","雲林縣","林內鄉","120.635","23.755","44"
"1717","226870","20221005094000","904","3","雲林縣","林內鄉","120.610","23.755","1727"
"39","226877","20221005094000","232","0","雲林縣","林內鄉","120.615","23.765","47"
"105","226880","20221005094000","384","0","雲林縣","林內鄉","120.620","23.765","115"
"65","226886","20221005094000","351","0","雲林縣","林內鄉","120.615","23.760","53"
"20","226903","20221005094000","62","0","雲林縣","林內鄉","120.620","23.745","24"
"25","226920","20221005094000","108","0","雲林縣","林內鄉","120.625","23.720","27"
"150","226924","20221005094000","111","2","雲林縣","林內鄉","120.610","23.725","139"
"98","226957","20221005094000","372","0","雲林縣","林內鄉","120.590","23.760","108"
"1543","226964","20221005094000","1712","0","雲林縣","斗六市","120.555","23.705","1456"
"1348","226965","20221005094000","868","3","雲林縣","斗六市","120.530","23.715","1598"
"501","226966","20221005094000","364","2","雲林縣","斗六市","120.535","23.710","531"
"1341","226967","20221005094000","1007","2","雲林縣","斗六市","120.535","23.715","1278"
"65","227221","20221005094000","27","3","雲林縣","斗六市","120.545","23.720","78"
"309","227224","20221005094000","154","3","雲林縣","斗六市","120.540","23.725","285"
"66","227240","20221005094000","142","0","雲林縣","東勢鄉","120.270","23.705","64"
"32","227244","20221005094000","183","0","雲林縣","東勢鄉","120.285","23.690","54"
"44","227262","20221005094000","204","0","雲林縣","東勢鄉","120.250","23.705","56"
"173","227268","20221005094000","96","3","雲林縣","西螺鎮","120.460","23.760","167"
"1768","227273","20221005094000","1064","3","雲林縣","斗六市","120.545","23.715","1705"
"62","227274","20221005094000","78","0","雲林縣","斗六市","120.565","23.710","67"
"786","227276","20221005094000","698","1","雲林縣","斗六市","120.565","23.715","756"
"177","227279","20221005094000","172","1","雲林縣","斗六市","120.560","23.715","175"
"489","227280","20221005094000","456","1","雲林縣","斗六市","120.565","23.720","495"
"95","227287","20221005094000","325","0","雲林縣","土庫鎮","120.345","23.705","75"
"206","227301","20221005094000","107","3","雲林縣","斗六市","120.520","23.695","199"
"19","227302","20221005094000","30","0","雲林縣","斗六市","120.520","23.700","22"
"186","227303","20221005094000","356","0","雲林縣","斗六市","120.525","23.700","173"
"76","227306","20221005094000","1215","0","雲林縣","斗六市","120.530","23.705","79"
"28","227309","20221005094000","51","0","雲林縣","斗六市","120.525","23.710","39"
"35","227320","20221005094000","113","0","雲林縣","斗六市","120.565","23.695","34"
"1456","227328","20221005094000","1663","0","雲林縣","斗六市","120.540","23.710","1361"
"821","227329","20221005094000","580","2","雲林縣","斗六市","120.540","23.715","846"
"582","227330","20221005094000","620","0","雲林縣","斗六市","120.550","23.715","509"
"21","227339","20221005094000","276","0","雲林縣","斗六市","120.565","23.750","25"
"3534","227348","20221005094000","3149","1","雲林縣","斗六市","120.545","23.710","3498"
"932","227349","20221005094000","1058","0","雲林縣","斗六市","120.540","23.690","1013"
"420","227350","20221005094000","1051","0","雲林縣","斗六市","120.550","23.710","396"
"85","227351","20221005094000","124","0","雲林縣","崙背鄉","120.360","23.755","102"
"106","227355","20221005094000","237","0","雲林縣","崙背鄉","120.370","23.755","99"
"914","227359","20221005094000","791","1","雲林縣","崙背鄉","120.350","23.760","887"
"191","227365","20221005094000","129","2","雲林縣","崙背鄉","120.330","23.750","187"
"60","227373","20221005094000","216","0","雲林縣","崙背鄉","120.315","23.755","86"
"34","227383","20221005094000","139","0","雲林縣","崙背鄉","120.335","23.760","36"
"200","227395","20221005094000","205","0","雲林縣","西螺鎮","120.435","23.755","178"
"197","227444","20221005094000","617","0","雲林縣","台西鄉","120.200","23.715","222"
"92","227446","20221005094000","62","2","雲林縣","台西鄉","120.210","23.715","101"
"332","227476","20221005094000","1323","0","雲林縣","台西鄉","120.200","23.700","327"
"402","227502","20221005094000","747","0","南投縣","竹山鎮","120.695","23.760","408"
"376","227503","20221005094000","393","0","南投縣","竹山鎮","120.685","23.765","374"
"54","227504","20221005094000","86","0","南投縣","竹山鎮","120.690","23.765","62"
"238","227505","20221005094000","214","1","南投縣","竹山鎮","120.695","23.765","242"
"39","227537","20221005094000","98","0","南投縣","竹山鎮","120.725","23.755","41"
"12","227540","20221005094000","40","0","南投縣","竹山鎮","120.710","23.760","15"
"145","227544","20221005094000","122","1","雲林縣","莿桐鄉","120.525","23.735","160"
"100","227559","20221005094000","496","0","雲林縣","莿桐鄉","120.505","23.730","104"
"36","227564","20221005094000","228","0","雲林縣","莿桐鄉","120.515","23.735","37"
"68","227570","20221005094000","299","0","雲林縣","莿桐鄉","120.515","23.740","64"
"21","227577","20221005094000","101","0","雲林縣","莿桐鄉","120.490","23.760","18"
"37","227580","20221005094000","46","0","雲林縣","虎尾鎮","120.435","23.715","37"
"312","227581","20221005094000","370","0","雲林縣","虎尾鎮","120.435","23.720","295"
"274","227585","20221005094000","163","3","雲林縣","虎尾鎮","120.435","23.735","314"
"452","227588","20221005094000","239","3","雲林縣","虎尾鎮","120.435","23.690","478"
"470","227593","20221005094000","454","1","雲林縣","虎尾鎮","120.435","23.695","489"
"91","227603","20221005094000","343","0","雲林縣","土庫鎮","120.375","23.705","96"
"319","227604","20221005094000","134","3","雲林縣","虎尾鎮","120.380","23.705","341"
"545","227632","20221005094000","237","3","雲林縣","褒忠鄉","120.340","23.735","525"
"123","227636","20221005094000","560","0","南投縣","竹山鎮","120.680","23.750","130"
"483","227637","20221005094000","418","1","南投縣","竹山鎮","120.675","23.755","468"
"2594","227638","20221005094000","2190","1","南投縣","竹山鎮","120.680","23.755","2662"
"63","227639","20221005094000","81","0","南投縣","竹山鎮","120.685","23.755","76"
"55","227640","20221005094000","502","0","雲林縣","虎尾鎮","120.420","23.700","56"
"192","227642","20221005094000","157","2","雲林縣","虎尾鎮","120.420","23.705","194"
"400","227645","20221005094000","385","1","雲林縣","虎尾鎮","120.420","23.710","438"
"3382","227647","20221005094000","2757","2","雲林縣","虎尾鎮","120.435","23.710","3264"
"229","227655","20221005094000","195","1","雲林縣","褒忠鄉","120.310","23.720","223"
"225","227684","20221005094000","233","0","雲林縣","虎尾鎮","120.405","23.725","240"
"358","227697","20221005094000","136","3","雲林縣","虎尾鎮","120.395","23.735","371"
"387","227698","20221005094000","333","1","雲林縣","虎尾鎮","120.400","23.735","389"
"495","227706","20221005094000","429","1","雲林縣","虎尾鎮","120.405","23.740","507"
"1545","227716","20221005094000","1285","2","雲林縣","虎尾鎮","120.430","23.705","1503"
"766","227717","20221005094000","604","2","雲林縣","虎尾鎮","120.435","23.705","778"
"301","227722","20221005094000","151","3","雲林縣","崙背鄉","120.345","23.750","301"
"222","227728","20221005094000","630","0","雲林縣","崙背鄉","120.350","23.750","225"
"59","227730","20221005094000","450","0","雲林縣","崙背鄉","120.350","23.755","49"
"142","227733","20221005094000","109","2","雲林縣","虎尾鎮","120.400","23.710","167"
"508","227738","20221005094000","408","2","雲林縣","虎尾鎮","120.430","23.710","535"
"52","227741","20221005094000","239","0","雲林縣","斗南鎮","120.485","23.720","58"
"12","227744","20221005094000","17","0","雲林縣","虎尾鎮","120.485","23.725","11"
"598","227745","20221005094000","245","3","雲林縣","虎尾鎮","120.490","23.725","663"
"255","227748","20221005094000","128","3","雲林縣","虎尾鎮","120.480","23.730","227"
"1258","227763","20221005094000","629","3","雲林縣","虎尾鎮","120.440","23.710","1211"
"65","227766","20221005094000","497","0","雲林縣","虎尾鎮","120.390","23.705","61"
"420","227798","20221005094000","560","0","南投縣","竹山鎮","120.710","23.765","385"
"651","227807","20221005094000","617","1","南投縣","竹山鎮","120.700","23.765","622"
"180","227808","20221005094000","156","1","南投縣","竹山鎮","120.705","23.765","187"
"408","227840","20221005094000","501","0","南投縣","竹山鎮","120.685","23.760","428"
"139","227842","20221005094000","541","0","南投縣","竹山鎮","120.675","23.760","131"
"251","227852","20221005094000","156","3","南投縣","竹山鎮","120.650","23.705","244"
"28","227871","20221005094000","86","0","南投縣","竹山鎮","120.655","23.720","40"
"792","227882","20221005094000","590","2","雲林縣","虎尾鎮","120.430","23.700","798"
"176","227894","20221005094000","599","0","雲林縣","虎尾鎮","120.460","23.725","165"
"52","227907","20221005094000","205","0","雲林縣","虎尾鎮","120.465","23.740","56"
"1697","227921","20221005094000","1896","0","雲林縣","褒忠鄉","120.315","23.695","1696"
"108","227938","20221005094000","90","2","南投縣","竹山鎮","120.715","23.695","118"
"25","227947","20221005094000","32","0","南投縣","竹山鎮","120.715","23.705","46"
"18","227979","20221005094000","42","0","南投縣","竹山鎮","120.700","23.705","21"
"82","228012","20221005094000","268","0","雲林縣","褒忠鄉","120.285","23.700","93"
"1308","228016","20221005094000","624","3","雲林縣","褒忠鄉","120.315","23.710","1320"
"231","228047","20221005094000","122","3","南投縣","竹山鎮","120.665","23.755","205"
"557","228051","20221005094000","452","2","南投縣","竹山鎮","120.665","23.760","541"
"771","228091","20221005094000","318","3","雲林縣","台西鄉","120.215","23.740","726"
"297","228138","20221005094000","292","1","雲林縣","崙背鄉","120.295","23.760","483"
"27","228142","20221005094000","215","0","雲林縣","虎尾鎮","120.440","23.720","34"
"712","228151","20221005094000","174","3","雲林縣","麥寮鄉","120.260","23.750","773"
"892","228157","20221005094000","410","3","雲林縣","麥寮鄉","120.255","23.760","889"
"2122","228161","20221005094000","1496","2","雲林縣","斗六市","120.545","23.705","2140"
"462","228162","20221005094000","328","2","雲林縣","斗六市","120.550","23.705","284"
"17","228176","20221005094000","312","0","南投縣","竹山鎮","120.665","23.740","17"
"137","228194","20221005094000","124","1","南投縣","竹山鎮","120.705","23.745","135"
"44","228199","20221005094000","23","3","南投縣","竹山鎮","120.700","23.750","45"
"451","228200","20221005094000","290","3","南投縣","竹山鎮","120.690","23.755","418"
"57","228205","20221005094000","58","0","南投縣","竹山鎮","120.680","23.745","61"
"119","228207","20221005094000","135","0","南投縣","竹山鎮","120.675","23.750","155"
"150","228209","20221005094000","468","0","雲林縣","台西鄉","120.210","23.720","185"
"1520","228228","20221005094000","706","3","雲林縣","台西鄉","120.220","23.720","1503"
"34","228231","20221005094000","17","3","雲林縣","台西鄉","120.215","23.700","30"
"163","228245","20221005094000","361","0","雲林縣","台西鄉","120.190","23.700","186"
"65","228266","20221005094000","154","0","雲林縣","麥寮鄉","120.260","23.745","49"
"558","228271","20221005094000","473","1","雲林縣","麥寮鄉","120.250","23.750","578"
"504","228272","20221005094000","1591","0","雲林縣","麥寮鄉","120.255","23.750","487"
"562","228274","20221005094000","249","3","雲林縣","麥寮鄉","120.265","23.750","509"
"69","228278","20221005094000","449","0","雲林縣","莿桐鄉","120.480","23.745","83"
"1228","228283","20221005094000","935","2","雲林縣","西螺鎮","120.465","23.755","1124"
"204","228312","20221005094000","761","0","雲林縣","麥寮鄉","120.240","23.750","203"
"180","228321","20221005094000","136","2","雲林縣","台西鄉","120.220","23.750","154"
"348","228335","20221005094000","290","2","雲林縣","虎尾鎮","120.420","23.690","360"
"244","228337","20221005094000","198","2","雲林縣","虎尾鎮","120.425","23.695","225"
"2983","228338","20221005094000","2105","2","雲林縣","虎尾鎮","120.425","23.700","2943"
"28","228340","20221005094000","497","0","雲林縣","虎尾鎮","120.425","23.710","32"
"34","228375","20221005094000","81","0","南投縣","竹山鎮","120.665","23.725","34"
"37","228395","20221005094000","97","0","南投縣","竹山鎮","120.690","23.725","42"
"212","228399","20221005094000","111","3","南投縣","竹山鎮","120.710","23.725","258"
"25","228402","20221005094000","129","0","南投縣","竹山鎮","120.690","23.730","33"
"261","228415","20221005094000","979","0","南投縣","竹山鎮","120.680","23.760","210"
"558","228711","20221005094000","629","0","雲林縣","麥寮鄉","120.170","23.770","586"
"523","230307","20221005094000","805","0","雲林縣","麥寮鄉","120.180","23.795","468"
"32","232186","20221005094000","18","3","花蓮縣","壽豐鄉","121.585","23.825","32"
"156","233034","20221005094000","97","3","花蓮縣","壽豐鄉","121.565","23.780","144"
"104","233104","20221005094000","70","2","花蓮縣","壽豐鄉","121.460","23.810","107"
"348","233119","20221005094000","274","2","花蓮縣","壽豐鄉","121.475","23.815","270"
"192","233140","20221005094000","171","1","花蓮縣","壽豐鄉","121.480","23.825","189"
"461","233238","20221005094000","517","0","花蓮縣","壽豐鄉","121.515","23.840","557"
"15","233277","20221005094000","23","0","花蓮縣","壽豐鄉","121.590","23.840","22"
"57","233282","20221005094000","95","0","雲林縣","二崙鄉","120.420","23.815","50"
"19","234003","20221005094000","24","0","花蓮縣","鳳林鎮","121.475","23.795","42"
"201","234014","20221005094000","166","2","花蓮縣","鳳林鎮","121.455","23.800","191"
"175","234015","20221005094000","98","3","花蓮縣","鳳林鎮","121.460","23.800","223"
"48","234030","20221005094000","73","0","花蓮縣","鳳林鎮","121.460","23.805","48"
"48","234031","20221005094000","27","3","花蓮縣","鳳林鎮","121.465","23.805","63"
"267","234042","20221005094000","251","1","花蓮縣","萬榮鄉","121.445","23.810","294"
"1260","234074","20221005094000","1258","1","雲林縣","二崙鄉","120.415","23.770","1138"
"34","234106","20221005094000","132","0","雲林縣","二崙鄉","120.410","23.815","30"
"69","234119","20221005094000","12","3","雲林縣","二崙鄉","120.415","23.795","68"
"104","234120","20221005094000","337","0","雲林縣","二崙鄉","120.420","23.795","96"
"559","234127","20221005094000","334","3","雲林縣","二崙鄉","120.385","23.795","544"
"449","234130","20221005094000","211","3","雲林縣","二崙鄉","120.380","23.800","411"
"482","234162","20221005094000","232","3","雲林縣","二崙鄉","120.395","23.820","449"
"360","234274","20221005094000","233","3","花蓮縣","鳳林鎮","121.460","23.780","251"
"150","234277","20221005094000","99","3","花蓮縣","鳳林鎮","121.460","23.785","104"
"84","234283","20221005094000","368","0","雲林縣","二崙鄉","120.410","23.805","83"
"24","234324","20221005094000","128","0","雲林縣","二崙鄉","120.395","23.765","26"
"37","234338","20221005094000","371","0","雲林縣","二崙鄉","120.365","23.805","43"
"181","234386","20221005094000","554","0","雲林縣","二崙鄉","120.395","23.790","186"
"1014","234401","20221005094000","499","3","雲林縣","西螺鎮","120.470","23.795","1002"
"327","234404","20221005094000","269","2","雲林縣","西螺鎮","120.470","23.800","290"
"305","234406","20221005094000","243","2","雲林縣","西螺鎮","120.480","23.800","304"
"1652","234413","20221005094000","900","3","雲林縣","西螺鎮","120.450","23.785","1627"
"366","234424","20221005094000","232","3","雲林縣","麥寮鄉","120.270","23.770","348"
"602","234432","20221005094000","304","3","雲林縣","麥寮鄉","120.265","23.780","602"
"147","234453","20221005094000","22","3","雲林縣","麥寮鄉","120.235","23.790","166"
"109","234454","20221005094000","368","0","雲林縣","麥寮鄉","120.240","23.790","121"
"1878","234481","20221005094000","1447","2","南投縣","水里鄉","120.855","23.815","1986"
"174","234482","20221005094000","99","3","南投縣","水里鄉","120.860","23.815","161"
"35","234513","20221005094000","245","0","雲林縣","西螺鎮","120.485","23.785","27"
"331","234539","20221005094000","212","3","雲林縣","西螺鎮","120.450","23.775","336"
"1159","234540","20221005094000","668","3","雲林縣","西螺鎮","120.445","23.780","1170"
"24","234570","20221005094000","37","0","南投縣","鹿谷鄉","120.740","23.775","17"
"254","234591","20221005094000","173","2","南投縣","水里鄉","120.845","23.820","294"
"226","234630","20221005094000","185","2","南投縣","水里鄉","120.930","23.795","214"
"174","234678","20221005094000","730","0","南投縣","水里鄉","120.850","23.815","175"
"221","234703","20221005094000","185","1","南投縣","水里鄉","120.845","23.775","209"
"448","234721","20221005094000","310","2","彰化縣","溪州鄉","120.515","23.815","473"
"222","234765","20221005094000","98","3","南投縣","鹿谷鄉","120.785","23.790","225"
"14","234802","20221005094000","121","0","南投縣","鹿谷鄉","120.785","23.805","18"
"52","234826","20221005094000","41","2","南投縣","鹿谷鄉","120.785","23.765","62"
"69","234843","20221005094000","52","2","南投縣","鹿谷鄉","120.775","23.775","73"
"171","234859","20221005094000","91","3","南投縣","鹿谷鄉","120.775","23.785","158"
"320","234881","20221005094000","332","0","雲林縣","麥寮鄉","120.195","23.775","349"
"277","234888","20221005094000","421","0","雲林縣","麥寮鄉","120.180","23.785","261"
"262","234892","20221005094000","491","0","雲林縣","麥寮鄉","120.200","23.785","275"
"862","234900","20221005094000","666","2","雲林縣","麥寮鄉","120.205","23.790","855"
"1671","234906","20221005094000","712","3","雲林縣","麥寮鄉","120.260","23.790","1493"
"2676","234915","20221005094000","2022","2","雲林縣","麥寮鄉","120.220","23.795","2571"
"620","234934","20221005094000","227","3","雲林縣","麥寮鄉","120.230","23.795","609"
"1178","234937","20221005094000","565","3","雲林縣","麥寮鄉","120.245","23.795","1209"
"104","234945","20221005094000","102","1","雲林縣","麥寮鄉","120.190","23.800","116"
"451","234949","20221005094000","338","2","雲林縣","麥寮鄉","120.210","23.800","449"
"1443","234952","20221005094000","1208","1","雲林縣","麥寮鄉","120.225","23.800","1556"
"372","234961","20221005094000","172","3","雲林縣","麥寮鄉","120.270","23.800","345"
"396","234965","20221005094000","319","2","雲林縣","麥寮鄉","120.195","23.805","358"
"738","234967","20221005094000","847","0","雲林縣","麥寮鄉","120.205","23.805","751"
"720","234997","20221005094000","903","0","雲林縣","麥寮鄉","120.215","23.815","706"
"13","235080","20221005094000","95","0","南投縣","信義鄉","120.940","23.820","12"
"25","235214","20221005094000","28","0","南投縣","信義鄉","120.980","23.785","41"
"83","235228","20221005094000","227","0","雲林縣","崙背鄉","120.350","23.775","84"
"243","235235","20221005094000","94","3","雲林縣","崙背鄉","120.345","23.785","259"
"29","235239","20221005094000","259","0","雲林縣","崙背鄉","120.350","23.790","24"
"855","235274","20221005094000","706","2","南投縣","水里鄉","120.850","23.810","883"
"408","235297","20221005094000","290","2","彰化縣","溪州鄉","120.505","23.815","489"
"847","235309","20221005094000","727","1","彰化縣","溪州鄉","120.540","23.830","838"
"515","235350","20221005094000","433","1","彰化縣","溪州鄉","120.490","23.830","499"
"328","235352","20221005094000","240","2","彰化縣","溪州鄉","120.475","23.835","326"
"450","235362","20221005094000","320","2","彰化縣","溪州鄉","120.480","23.845","511"
"205","235370","20221005094000","201","1","彰化縣","溪州鄉","120.500","23.840","481"
"522","235385","20221005094000","279","3","雲林縣","崙背鄉","120.325","23.780","513"
"307","235405","20221005094000","191","3","南投縣","水里鄉","120.865","23.795","341"
"586","235409","20221005094000","548","1","南投縣","水里鄉","120.860","23.800","562"
"47","235459","20221005094000","390","0","南投縣","水里鄉","120.825","23.810","70"
"23","235490","20221005094000","220","0","南投縣","水里鄉","120.865","23.835","26"
"143","235505","20221005094000","65","3","南投縣","水里鄉","120.870","23.845","147"
"51","235509","20221005094000","306","0","南投縣","名間鄉","120.635","23.835","63"
"18","235515","20221005094000","446","0","南投縣","名間鄉","120.705","23.820","21"
"207","235521","20221005094000","203","1","南投縣","名間鄉","120.715","23.830","238"
"1206","235523","20221005094000","1155","1","南投縣","名間鄉","120.705","23.835","1248"
"188","235527","20221005094000","126","2","南投縣","名間鄉","120.725","23.835","209"
"26","235539","20221005094000","168","0","南投縣","名間鄉","120.665","23.820","26"
"11","235543","20221005094000","85","0","南投縣","名間鄉","120.665","23.825","10"
"498","235555","20221005094000","323","3","南投縣","集集鎮","120.795","23.825","496"
"93","235556","20221005094000","320","0","南投縣","集集鎮","120.795","23.830","96"
"51","235703","20221005094000","52","0","南投縣","信義鄉","120.915","23.785","51"
"199","235812","20221005094000","186","1","南投縣","信義鄉","120.940","23.795","198"
"34","236275","20221005094000","198","0","南投縣","名間鄉","120.660","23.835","32"
"341","236286","20221005094000","265","2","南投縣","名間鄉","120.655","23.845","354"
"78","236299","20221005094000","80","0","南投縣","名間鄉","120.695","23.810","81"
"137","236318","20221005094000","63","3","彰化縣","二水鄉","120.635","23.830","213"
"465","236322","20221005094000","367","2","南投縣","名間鄉","120.630","23.840","494"
"58","236329","20221005094000","249","0","彰化縣","溪州鄉","120.515","23.830","49"
"134","236334","20221005094000","78","3","彰化縣","溪州鄉","120.520","23.835","128"
"12","236347","20221005094000","39","0","彰化縣","溪州鄉","120.510","23.845","12"
"203","236374","20221005094000","155","2","彰化縣","溪州鄉","120.580","23.820","209"
"244","236389","20221005094000","243","1","彰化縣","溪州鄉","120.470","23.830","260"
"285","236394","20221005094000","302","0","南投縣","名間鄉","120.695","23.835","277"
"33","236405","20221005094000","514","0","南投縣","名間鄉","120.700","23.835","34"
"103","236406","20221005094000","42","3","彰化縣","二水鄉","120.650","23.810","108"
"50","236410","20221005094000","191","0","南投縣","名間鄉","120.645","23.820","39"
"193","236415","20221005094000","96","3","南投縣","名間鄉","120.655","23.830","232"
"588","236419","20221005094000","169","3","彰化縣","大城鄉","120.345","23.845","595"
"251","236421","20221005094000","192","2","彰化縣","大城鄉","120.300","23.840","274"
"408","236449","20221005094000","277","2","彰化縣","溪州鄉","120.565","23.815","400"
"286","236455","20221005094000","211","2","彰化縣","溪州鄉","120.560","23.830","241"
"60","236462","20221005094000","286","0","雲林縣","莿桐鄉","120.540","23.765","63"
"40","236463","20221005094000","206","0","雲林縣","莿桐鄉","120.530","23.770","36"
"28","236470","20221005094000","173","0","南投縣","名間鄉","120.630","23.845","26"
"126","236472","20221005094000","92","2","南投縣","名間鄉","120.640","23.845","135"
"399","236479","20221005094000","246","3","南投縣","名間鄉","120.690","23.845","402"
"437","236481","20221005094000","320","2","南投縣","名間鄉","120.700","23.845","427"
"109","236492","20221005094000","504","0","雲林縣","林內鄉","120.610","23.770","120"
"315","236494","20221005094000","164","3","雲林縣","林內鄉","120.610","23.775","315"
"129","236509","20221005094000","417","0","雲林縣","林內鄉","120.625","23.775","142"
"74","236557","20221005094000","263","0","南投縣","集集鎮","120.800","23.825","76"
"17","236558","20221005094000","187","0","南投縣","集集鎮","120.805","23.825","13"
"30","236563","20221005094000","161","0","南投縣","集集鎮","120.765","23.820","28"
"34","236573","20221005094000","96","0","南投縣","集集鎮","120.770","23.845","42"
"226","236578","20221005094000","252","0","南投縣","集集鎮","120.815","23.825","220"
"410","236593","20221005094000","1054","0","南投縣","集集鎮","120.785","23.825","384"
"309","236635","20221005094000","190","3","彰化縣","大城鄉","120.350","23.835","275"
"399","236679","20221005094000","229","3","彰化縣","大城鄉","120.275","23.845","372"
"247","236695","20221005094000","166","2","南投縣","信義鄉","120.905","23.770","258"
"75","236721","20221005094000","426","0","彰化縣","二水鄉","120.615","23.810","54"
"1252","236741","20221005094000","263","3","雲林縣","莿桐鄉","120.500","23.780","1260"
"356","236758","20221005094000","197","3","彰化縣","二水鄉","120.630","23.830","324"
"235","236765","20221005094000","414","0","彰化縣","二水鄉","120.610","23.815","284"
"758","236771","20221005094000","361","3","彰化縣","二水鄉","120.635","23.795","815"
"14","236772","20221005094000","28","0","彰化縣","二水鄉","120.640","23.795","17"
"3169","236781","20221005094000","1450","3","雲林縣","西螺鎮","120.440","23.780","3178"
"362","236785","20221005094000","271","2","雲林縣","西螺鎮","120.430","23.790","322"
"698","236786","20221005094000","163","3","雲林縣","西螺鎮","120.435","23.790","695"
"21","236796","20221005094000","133","0","彰化縣","二水鄉","120.640","23.805","21"
"41","236801","20221005094000","269","0","彰化縣","二水鄉","120.605","23.825","41"
"309","236814","20221005094000","983","0","彰化縣","二水鄉","120.620","23.810","290"
"280","237024","20221005094000","335","0","雲林縣","莿桐鄉","120.515","23.775","272"
"444","237025","20221005094000","234","3","雲林縣","莿桐鄉","120.520","23.775","433"
"1255","237039","20221005094000","321","3","雲林縣","西螺鎮","120.435","23.800","1266"
"1175","237048","20221005094000","349","3","雲林縣","西螺鎮","120.440","23.810","1170"
"426","237053","20221005094000","266","3","雲林縣","西螺鎮","120.465","23.795","406"
"804","237054","20221005094000","1201","0","雲林縣","西螺鎮","120.465","23.800","879"
"14","237056","20221005094000","191","0","雲林縣","西螺鎮","120.465","23.765","17"
"1479","237062","20221005094000","1023","2","雲林縣","西螺鎮","120.475","23.785","1563"
"293","237066","20221005094000","109","3","雲林縣","西螺鎮","120.475","23.765","300"
"81","237068","20221005094000","495","0","雲林縣","西螺鎮","120.460","23.795","74"
"871","237069","20221005094000","1095","0","雲林縣","西螺鎮","120.460","23.800","878"
"1646","237075","20221005094000","529","3","雲林縣","西螺鎮","120.440","23.800","1659"
"328","237076","20221005094000","202","3","雲林縣","西螺鎮","120.455","23.790","315"
"181","237078","20221005094000","2037","0","雲林縣","西螺鎮","120.455","23.800","146"
"22","237081","20221005094000","109","0","彰化縣","二水鄉","120.635","23.810","25"
"12","237089","20221005094000","15","0","彰化縣","二水鄉","120.640","23.800","18"
"43","237103","20221005094000","246","0","彰化縣","二水鄉","120.630","23.800","57"
"97","237115","20221005094000","57","3","彰化縣","二水鄉","120.655","23.800","114"
"394","237141","20221005094000","260","3","雲林縣","崙背鄉","120.325","23.795","450"
"177","237147","20221005094000","123","2","雲林縣","崙背鄉","120.340","23.800","189"
"102","237182","20221005094000","84","2","雲林縣","崙背鄉","120.310","23.790","115"
"138","237186","20221005094000","123","1","雲林縣","崙背鄉","120.305","23.795","126"
"49","237187","20221005094000","32","3","雲林縣","崙背鄉","120.310","23.795","36"
"916","237189","20221005094000","311","3","雲林縣","麥寮鄉","120.295","23.800","689"
"73","237228","20221005094000","52","2","彰化縣","田中鎮","120.605","23.845","79"
"27","237236","20221005094000","32","0","彰化縣","溪州鄉","120.455","23.825","22"
"19","237241","20221005094000","200","0","彰化縣","竹塘鄉","120.445","23.835","30"
"95","237255","20221005094000","421","0","雲林縣","莿桐鄉","120.565","23.775","89"
"73","237256","20221005094000","163","0","雲林縣","莿桐鄉","120.570","23.775","61"
"360","237302","20221005094000","165","3","雲林縣","莿桐鄉","120.550","23.765","396"
"32","237358","20221005094000","225","0","南投縣","竹山鎮","120.680","23.770","38"
"198","237361","20221005094000","272","0","南投縣","竹山鎮","120.680","23.775","182"
"55","237386","20221005094000","250","0","南投縣","竹山鎮","120.650","23.770","44"
"482","237414","20221005094000","202","3","南投縣","竹山鎮","120.730","23.815","379"
"325","237424","20221005094000","256","2","南投縣","竹山鎮","120.715","23.765","355"
"91","237434","20221005094000","561","0","南投縣","竹山鎮","120.705","23.780","118"
"209","237436","20221005094000","160","2","南投縣","竹山鎮","120.715","23.780","206"
"55","237453","20221005094000","334","0","南投縣","竹山鎮","120.695","23.770","55"
"12","237456","20221005094000","65","0","南投縣","竹山鎮","120.695","23.775","12"
"18","237489","20221005094000","159","0","彰化縣","竹塘鄉","120.400","23.845","18"
"64","237498","20221005094000","389","0","雲林縣","麥寮鄉","120.240","23.770","59"
"170","237499","20221005094000","79","3","雲林縣","麥寮鄉","120.245","23.770","158"
"38","237516","20221005094000","278","0","雲林縣","崙背鄉","120.355","23.765","40"
"143","237531","20221005094000","80","3","南投縣","竹山鎮","120.750","23.815","153"
"1104","237559","20221005094000","726","3","南投縣","竹山鎮","120.715","23.800","1098"
"120","237593","20221005094000","147","0","南投縣","魚池鄉","120.895","23.835","125"
"164","237595","20221005094000","186","0","南投縣","魚池鄉","120.905","23.835","150"
"461","237603","20221005094000","459","1","南投縣","竹山鎮","120.715","23.805","476"
"461","237611","20221005094000","291","3","南投縣","竹山鎮","120.725","23.810","411"
"433","237614","20221005094000","548","0","南投縣","竹山鎮","120.720","23.815","376"
"16","237638","20221005094000","17","0","南投縣","魚池鄉","120.915","23.845","12"
"160","237670","20221005094000","96","3","南投縣","魚池鄉","120.885","23.820","95"
"482","237685","20221005094000","336","2","雲林縣","麥寮鄉","120.290","23.765","461"
"384","237741","20221005094000","79","3","南投縣","集集鎮","120.760","23.830","344"
"23","237745","20221005094000","190","0","南投縣","集集鎮","120.760","23.835","19"
"70","237775","20221005094000","171","0","南投縣","集集鎮","120.750","23.840","69"
"194","237785","20221005094000","227","0","南投縣","集集鎮","120.745","23.830","110"
"58","237788","20221005094000","29","3","南投縣","集集鎮","120.740","23.835","51"
"50","237801","20221005094000","211","0","南投縣","集集鎮","120.780","23.825","68"
"277","237819","20221005094000","105","3","雲林縣","莿桐鄉","120.505","23.765","291"
"1655","237833","20221005094000","451","3","雲林縣","西螺鎮","120.480","23.770","1553"
"69","237848","20221005094000","291","0","雲林縣","麥寮鄉","120.290","23.795","412"
"1544","237860","20221005094000","1069","2","雲林縣","麥寮鄉","120.275","23.795","1614"
"481","237864","20221005094000","289","3","雲林縣","麥寮鄉","120.280","23.795","448"
"13","237872","20221005094000","133","0","彰化縣","田中鎮","120.560","23.845","21"
"211","237874","20221005094000","172","2","彰化縣","田中鎮","120.570","23.845","181"
"96","237878","20221005094000","86","1","彰化縣","田中鎮","120.580","23.840","100"
"266","237881","20221005094000","269","0","彰化縣","田中鎮","120.595","23.840","333"
"80","237884","20221005094000","480","0","彰化縣","田中鎮","120.595","23.845","80"
"215","237895","20221005094000","146","2","彰化縣","田中鎮","120.595","23.830","254"
"127","237900","20221005094000","314","0","雲林縣","莿桐鄉","120.535","23.775","129"
"89","240440","20221005094000","72","2","花蓮縣","壽豐鄉","121.605","23.885","65"
"228","242904","20221005094000","190","2","花蓮縣","秀林鄉","121.500","23.920","277"
"200","242957","20221005094000","146","2","花蓮縣","壽豐鄉","121.530","23.865","204"
"444","242963","20221005094000","288","3","花蓮縣","壽豐鄉","121.525","23.870","344"
"1081","242988","20221005094000","892","2","花蓮縣","壽豐鄉","121.510","23.870","1136"
"693","243010","20221005094000","590","1","花蓮縣","壽豐鄉","121.520","23.890","694"
"17","243014","20221005094000","75","0","花蓮縣","壽豐鄉","121.540","23.890","20"
"411","243023","20221005094000","549","0","花蓮縣","壽豐鄉","121.555","23.895","402"
"501","243053","20221005094000","428","1","花蓮縣","壽豐鄉","121.535","23.895","473"
"362","243054","20221005094000","393","0","花蓮縣","壽豐鄉","121.540","23.895","404"
"931","243055","20221005094000","828","1","花蓮縣","壽豐鄉","121.545","23.895","945"
"226","243057","20221005094000","227","0","花蓮縣","壽豐鄉","121.530","23.895","229"
"478","243065","20221005094000","416","1","花蓮縣","壽豐鄉","121.530","23.900","462"
"612","243069","20221005094000","614","0","花蓮縣","壽豐鄉","121.550","23.900","601"
"800","243073","20221005094000","804","0","花蓮縣","壽豐鄉","121.530","23.905","797"
"237","243089","20221005094000","160","2","花蓮縣","壽豐鄉","121.520","23.915","298"
"82","243103","20221005094000","41","3","花蓮縣","壽豐鄉","121.550","23.920","83"
"56","243143","20221005094000","57","0","花蓮縣","壽豐鄉","121.555","23.865","67"
"68","243149","20221005094000","84","0","花蓮縣","壽豐鄉","121.555","23.870","61"
"85","243164","20221005094000","75","1","花蓮縣","壽豐鄉","121.585","23.880","83"
"36","243184","20221005094000","86","0","花蓮縣","壽豐鄉","121.595","23.905","48"
"54","243230","20221005094000","73","0","花蓮縣","壽豐鄉","121.520","23.845","49"
"521","243249","20221005094000","475","1","花蓮縣","壽豐鄉","121.495","23.850","513"
"373","243255","20221005094000","382","0","花蓮縣","壽豐鄉","121.490","23.855","381"
"79","243262","20221005094000","104","0","花蓮縣","壽豐鄉","121.485","23.855","79"
"134","243315","20221005094000","107","2","花蓮縣","壽豐鄉","121.600","23.870","136"
"54","243324","20221005094000","40","2","花蓮縣","壽豐鄉","121.590","23.885","97"
"49","243336","20221005094000","65","0","花蓮縣","壽豐鄉","121.600","23.900","59"
"161","243338","20221005094000","227","0","花蓮縣","壽豐鄉","121.600","23.905","208"
"150","243339","20221005094000","119","2","花蓮縣","壽豐鄉","121.605","23.905","149"
"764","243392","20221005094000","849","0","彰化縣","二林鎮","120.360","23.895","802"
"1199","243393","20221005094000","851","2","彰化縣","二林鎮","120.370","23.900","1257"
"294","243406","20221005094000","256","1","彰化縣","二林鎮","120.390","23.865","280"
"115","243422","20221005094000","124","0","彰化縣","二林鎮","120.415","23.910","111"
"360","243424","20221005094000","343","1","彰化縣","二林鎮","120.425","23.910","391"
"384","243439","20221005094000","401","0","彰化縣","二林鎮","120.360","23.865","372"
"405","243447","20221005094000","296","2","彰化縣","二林鎮","120.360","23.880","432"
"602","243770","20221005094000","503","1","彰化縣","二林鎮","120.365","23.890","594"
"575","243772","20221005094000","814","0","彰化縣","二林鎮","120.370","23.895","609"
"648","243777","20221005094000","457","2","彰化縣","二林鎮","120.425","23.895","718"
"290","243783","20221005094000","353","0","彰化縣","二林鎮","120.365","23.900","280"
"442","243796","20221005094000","391","1","彰化縣","二林鎮","120.440","23.875","378"
"114","243827","20221005094000","113","1","南投縣","水里鄉","120.865","23.905","100"
"398","243861","20221005094000","101","3","彰化縣","大城鄉","120.325","23.860","399"
"1627","243867","20221005094000","1316","2","彰化縣","大城鄉","120.320","23.850","1590"
"436","243900","20221005094000","868","0","彰化縣","埤頭鄉","120.470","23.915","449"
"289","243909","20221005094000","152","3","彰化縣","埤頭鄉","120.460","23.925","313"
"126","243970","20221005094000","67","3","南投縣","中寮鄉","120.800","23.905","129"
"26","244008","20221005094000","154","0","南投縣","中寮鄉","120.805","23.925","32"
"419","244044","20221005094000","117","3","南投縣","中寮鄉","120.750","23.895","398"
"117","244051","20221005094000","75","3","南投縣","中寮鄉","120.765","23.900","114"
"20","244098","20221005094000","83","0","南投縣","中寮鄉","120.790","23.860","18"
"10","244101","20221005094000","64","0","南投縣","中寮鄉","120.805","23.860","18"
"639","244122","20221005094000","433","2","彰化縣","埤頭鄉","120.480","23.890","656"
"327","244129","20221005094000","264","2","彰化縣","埤頭鄉","120.460","23.860","366"
"68","244142","20221005094000","533","0","彰化縣","埤頭鄉","120.460","23.880","68"
"1550","244150","20221005094000","1004","3","彰化縣","埤頭鄉","120.465","23.890","1410"
"92","244159","20221005094000","315","0","南投縣","中寮鄉","120.760","23.880","76"
"291","244163","20221005094000","599","0","南投縣","中寮鄉","120.775","23.885","281"
"284","244211","20221005094000","212","2","南投縣","中寮鄉","120.735","23.895","271"
"106","244235","20221005094000","74","2","南投縣","中寮鄉","120.770","23.920","104"
"80","244247","20221005094000","279","0","南投縣","中寮鄉","120.830","23.860","80"
"169","244274","20221005094000","102","3","南投縣","中寮鄉","120.800","23.880","171"
"44","244326","20221005094000","521","0","南投縣","中寮鄉","120.710","23.895","49"
"75","244341","20221005094000","53","2","彰化縣","員林鎮","120.580","23.925","77"
"16","244360","20221005094000","44","0","南投縣","中寮鄉","120.795","23.905","17"
"16","244380","20221005094000","21","0","南投縣","中寮鄉","120.720","23.915","20"
"273","244392","20221005094000","133","3","南投縣","中寮鄉","120.725","23.925","216"
"12","244395","20221005094000","69","0","南投縣","中寮鄉","120.740","23.925","12"
"1194","244397","20221005094000","1114","1","彰化縣","二林鎮","120.375","23.895","1180"
"1102","244398","20221005094000","840","2","彰化縣","二林鎮","120.380","23.895","1060"
"194","244411","20221005094000","163","1","南投縣","南投市","120.695","23.915","191"
"280","244414","20221005094000","439","0","南投縣","南投市","120.695","23.920","289"
"407","244415","20221005094000","353","1","南投縣","南投市","120.700","23.920","418"
"25","244420","20221005094000","98","0","南投縣","南投市","120.640","23.925","18"
"2160","244422","20221005094000","1945","1","南投縣","南投市","120.690","23.905","2158"
"522","244426","20221005094000","696","0","彰化縣","永靖鄉","120.545","23.920","687"
"162","244429","20221005094000","259","0","彰化縣","永靖鄉","120.570","23.925","167"
"48","244451","20221005094000","57","0","南投縣","水里鄉","120.870","23.880","56"
"458","244465","20221005094000","400","1","彰化縣","溪州鄉","120.500","23.855","471"
"158","244468","20221005094000","172","0","彰化縣","溪州鄉","120.505","23.860","140"
"145","244477","20221005094000","111","2","南投縣","南投市","120.635","23.905","157"
"132","244478","20221005094000","344","0","南投縣","南投市","120.640","23.905","130"
"34","244480","20221005094000","21","3","南投縣","南投市","120.635","23.910","31"
"73","244488","20221005094000","33","3","彰化縣","社頭鄉","120.635","23.920","65"
"405","244490","20221005094000","441","0","南投縣","南投市","120.650","23.920","390"
"326","244492","20221005094000","470","0","彰化縣","永靖鄉","120.535","23.920","306"
"250","244498","20221005094000","291","0","彰化縣","永靖鄉","120.515","23.915","251"
"445","244499","20221005094000","275","3","彰化縣","永靖鄉","120.520","23.915","424"
"311","244512","20221005094000","382","0","彰化縣","永靖鄉","120.560","23.920","296"
"77","244516","20221005094000","307","0","彰化縣","永靖鄉","120.535","23.925","85"
"1460","244517","20221005094000","1771","0","彰化縣","永靖鄉","120.540","23.925","1333"
"206","244520","20221005094000","135","3","彰化縣","永靖鄉","120.560","23.910","218"
"23","244530","20221005094000","250","0","彰化縣","永靖鄉","120.545","23.910","25"
"77","244534","20221005094000","98","0","彰化縣","田尾鄉","120.530","23.910","77"
"51","244537","20221005094000","784","0","彰化縣","永靖鄉","120.550","23.920","53"
"47","244540","20221005094000","378","0","彰化縣","永靖鄉","120.550","23.925","41"
"47","244544","20221005094000","466","0","彰化縣","永靖鄉","120.505","23.920","45"
"564","244566","20221005094000","90","3","彰化縣","大城鄉","120.285","23.865","559"
"237","244576","20221005094000","41","3","彰化縣","大城鄉","120.290","23.870","237"
"718","244605","20221005094000","640","1","彰化縣","芳苑鄉","120.345","23.910","705"
"20","244609","20221005094000","597","0","彰化縣","芳苑鄉","120.350","23.915","16"
"387","244612","20221005094000","382","1","彰化縣","芳苑鄉","120.350","23.920","415"
"26","244615","20221005094000","39","0","彰化縣","芳苑鄉","120.355","23.925","36"
"314","244624","20221005094000","114","3","彰化縣","芳苑鄉","120.315","23.895","323"
"27","244639","20221005094000","54","0","彰化縣","芳苑鄉","120.305","23.905","29"
"2355","244674","20221005094000","1880","2","南投縣","南投市","120.695","23.900","2476"
"145","244675","20221005094000","99","2","南投縣","南投市","120.685","23.925","123"
"83","244677","20221005094000","118","0","南投縣","南投市","120.695","23.925","97"
"232","244693","20221005094000","436","0","南投縣","南投市","120.680","23.895","231"
"1776","244695","20221005094000","1530","1","南投縣","南投市","120.685","23.900","1702"
"338","244696","20221005094000","358","0","南投縣","南投市","120.690","23.900","326"
"109","244697","20221005094000","63","3","彰化縣","溪州鄉","120.480","23.850","110"
"60","244698","20221005094000","543","0","彰化縣","溪州鄉","120.485","23.850","44"
"829","244700","20221005094000","642","2","彰化縣","溪州鄉","120.495","23.850","837"
"898","244706","20221005094000","924","0","南投縣","南投市","120.680","23.910","885"
"257","244716","20221005094000","295","0","南投縣","南投市","120.675","23.900","239"
"152","244717","20221005094000","138","1","南投縣","南投市","120.680","23.905","159"
"1787","244720","20221005094000","1271","2","南投縣","南投市","120.675","23.905","1737"
"21","244738","20221005094000","38","0","南投縣","埔里鎮","120.990","23.925","12"
"162","244739","20221005094000","121","2","南投縣","埔里鎮","120.995","23.925","165"
"102","244741","20221005094000","107","0","南投縣","仁愛鄉","121.010","23.925","100"
"446","244742","20221005094000","553","0","彰化縣","溪州鄉","120.495","23.855","496"
"170","244772","20221005094000","112","3","南投縣","水里鄉","120.865","23.855","169"
"208","244790","20221005094000","120","3","南投縣","名間鄉","120.675","23.870","223"
"228","244793","20221005094000","265","0","彰化縣","田中鎮","120.625","23.855","238"
"97","244800","20221005094000","70","2","南投縣","名間鄉","120.630","23.855","126"
"177","244806","20221005094000","89","3","南投縣","名間鄉","120.635","23.860","163"
"585","244815","20221005094000","501","1","南投縣","名間鄉","120.705","23.875","553"
"183","244846","20221005094000","81","3","南投縣","名間鄉","120.635","23.880","147"
"424","244854","20221005094000","267","3","南投縣","南投市","120.690","23.910","485"
"560","244855","20221005094000","514","1","南投縣","南投市","120.690","23.915","583"
"370","244860","20221005094000","660","0","南投縣","南投市","120.655","23.915","422"
"1131","244865","20221005094000","949","1","南投縣","南投市","120.665","23.920","1139"
"505","244867","20221005094000","637","0","南投縣","南投市","120.675","23.920","512"
"490","244868","20221005094000","443","1","南投縣","南投市","120.680","23.920","460"
"1291","244869","20221005094000","832","3","南投縣","南投市","120.670","23.925","1246"
"503","244870","20221005094000","444","1","南投縣","南投市","120.675","23.925","530"
"1498","244872","20221005094000","1178","2","南投縣","南投市","120.685","23.910","1445"
"2555","244873","20221005094000","2504","1","南投縣","南投市","120.685","23.905","2492"
"181","244874","20221005094000","176","1","南投縣","南投市","120.705","23.900","192"
"196","244875","20221005094000","278","0","南投縣","南投市","120.710","23.900","254"
"103","244880","20221005094000","82","2","南投縣","南投市","120.695","23.905","101"
"492","244881","20221005094000","309","3","南投縣","南投市","120.700","23.905","503"
"288","244890","20221005094000","368","0","南投縣","南投市","120.705","23.915","281"
"1130","244893","20221005094000","844","2","彰化縣","溪州鄉","120.495","23.865","980"
"764","244909","20221005094000","635","2","彰化縣","埤頭鄉","120.460","23.890","782"
"707","244910","20221005094000","507","2","彰化縣","埤頭鄉","120.455","23.895","690"
"82","244911","20221005094000","434","0","彰化縣","埤頭鄉","120.460","23.895","81"
"436","244918","20221005094000","364","1","彰化縣","埤頭鄉","120.495","23.885","487"
"1082","244922","20221005094000","633","3","彰化縣","埤頭鄉","120.495","23.890","1083"
"151","244924","20221005094000","129","1","彰化縣","埤頭鄉","120.480","23.895","139"
"355","244925","20221005094000","273","2","彰化縣","埤頭鄉","120.485","23.895","353"
"640","244953","20221005094000","567","1","彰化縣","北斗鎮","120.515","23.875","636"
"46","244955","20221005094000","274","0","彰化縣","北斗鎮","120.515","23.865","52"
"34","244956","20221005094000","330","0","彰化縣","北斗鎮","120.520","23.865","40"
"323","244958","20221005094000","658","0","彰化縣","北斗鎮","120.520","23.870","322"
"563","244960","20221005094000","379","2","彰化縣","埤頭鄉","120.460","23.850","510"
"31","244961","20221005094000","222","0","彰化縣","埤頭鄉","120.465","23.850","36"
"10","244970","20221005094000","127","0","南投縣","名間鄉","120.645","23.865","10"
"194","244972","20221005094000","191","1","南投縣","名間鄉","120.650","23.870","187"
"882","244974","20221005094000","523","3","南投縣","名間鄉","120.655","23.870","815"
"408","244987","20221005094000","373","1","南投縣","名間鄉","120.670","23.850","410"
"299","244993","20221005094000","275","1","南投縣","名間鄉","120.675","23.855","298"
"574","245005","20221005094000","554","1","南投縣","名間鄉","120.695","23.865","555"
"253","245007","20221005094000","256","0","南投縣","名間鄉","120.685","23.870","264"
"359","245016","20221005094000","198","3","南投縣","名間鄉","120.685","23.880","369"
"69","245017","20221005094000","296","0","南投縣","名間鄉","120.690","23.880","68"
"123","245037","20221005094000","118","1","南投縣","名間鄉","120.705","23.865","127"
"290","245042","20221005094000","291","0","彰化縣","溪州鄉","120.525","23.850","316"
"10","245054","20221005094000","224","0","南投縣","名間鄉","120.705","23.855","12"
"298","245076","20221005094000","36","3","彰化縣","大城鄉","120.295","23.885","283"
"19","245099","20221005094000","177","0","彰化縣","大城鄉","120.300","23.890","26"
"22","245133","20221005094000","162","0","彰化縣","大城鄉","120.330","23.865","19"
"69","245150","20221005094000","210","0","彰化縣","大城鄉","120.295","23.855","73"
"150","245157","20221005094000","170","0","彰化縣","北斗鎮","120.530","23.855","160"
"992","245161","20221005094000","912","1","彰化縣","北斗鎮","120.530","23.870","1020"
"273","245165","20221005094000","195","2","彰化縣","北斗鎮","120.545","23.870","243"
"672","245169","20221005094000","486","2","彰化縣","芳苑鄉","120.320","23.920","636"
"82","245184","20221005094000","46","3","南投縣","名間鄉","120.625","23.850","83"
"152","245191","20221005094000","138","1","南投縣","名間鄉","120.690","23.850","161"
"39","245192","20221005094000","270","0","南投縣","名間鄉","120.695","23.850","51"
"1067","245211","20221005094000","298","3","彰化縣","大城鄉","120.290","23.860","1084"
"142","245214","20221005094000","75","3","彰化縣","大城鄉","120.300","23.865","132"
"117","245216","20221005094000","50","3","彰化縣","大城鄉","120.300","23.870","123"
"478","245296","20221005094000","180","3","南投縣","南投市","120.635","23.895","461"
"24","245302","20221005094000","56","0","南投縣","南投市","120.655","23.900","10"
"2254","245305","20221005094000","1495","3","南投縣","南投市","120.660","23.925","2266"
"37","245311","20221005094000","29","2","南投縣","南投市","120.670","23.905","34"
"28","245312","20221005094000","186","0","南投縣","南投市","120.665","23.910","21"
"236","245314","20221005094000","864","0","南投縣","南投市","120.675","23.910","222"
"666","245316","20221005094000","897","0","南投縣","南投市","120.680","23.915","661"
"2321","245320","20221005094000","1933","2","彰化縣","北斗鎮","120.520","23.880","2161"
"544","245325","20221005094000","416","2","彰化縣","北斗鎮","120.530","23.875","506"
"262","245329","20221005094000","181","2","彰化縣","北斗鎮","120.535","23.880","231"
"66","245332","20221005094000","655","0","彰化縣","北斗鎮","120.525","23.870","69"
"578","245335","20221005094000","130","3","彰化縣","大城鄉","120.310","23.875","569"
"358","245353","20221005094000","172","3","彰化縣","大城鄉","120.315","23.870","325"
"226","245376","20221005094000","183","2","彰化縣","北斗鎮","120.510","23.880","238"
"50","245379","20221005094000","261","0","彰化縣","田尾鄉","120.515","23.890","47"
"255","245489","20221005094000","255","1","南投縣","仁愛鄉","120.990","23.905","264"
"56","245503","20221005094000","43","2","南投縣","仁愛鄉","121.005","23.910","62"
"14","245515","20221005094000","13","1","南投縣","埔里鎮","121.010","23.920","12"
"24","245723","20221005094000","42","0","南投縣","仁愛鄉","121.025","23.910","37"
"281","245728","20221005094000","269","1","南投縣","仁愛鄉","121.050","23.910","355"
"23","245748","20221005094000","119","0","南投縣","仁愛鄉","121.030","23.920","29"
"17","246363","20221005094000","482","0","彰化縣","北斗鎮","120.525","23.880","17"
"210","246370","20221005094000","241","0","彰化縣","北斗鎮","120.555","23.855","221"
"1281","246377","20221005094000","1074","1","彰化縣","北斗鎮","120.550","23.865","1264"
"284","246388","20221005094000","198","2","彰化縣","埤頭鄉","120.455","23.850","272"
"780","246394","20221005094000","253","3","彰化縣","二林鎮","120.410","23.920","781"
"24","246402","20221005094000","458","0","彰化縣","二林鎮","120.365","23.895","30"
"514","246404","20221005094000","381","2","彰化縣","二林鎮","120.405","23.895","526"
"133","246436","20221005094000","182","0","彰化縣","芳苑鄉","120.380","23.925","132"
"592","246446","20221005094000","384","3","彰化縣","芳苑鄉","120.330","23.895","544"
"261","246468","20221005094000","155","3","彰化縣","芳苑鄉","120.330","23.915","279"
"228","246471","20221005094000","132","3","彰化縣","芳苑鄉","120.335","23.920","215"
"1286","246472","20221005094000","1234","1","彰化縣","北斗鎮","120.525","23.875","1339"
"165","246476","20221005094000","141","1","彰化縣","北斗鎮","120.560","23.850","205"
"57","246477","20221005094000","66","0","彰化縣","北斗鎮","120.540","23.855","55"
"105","246480","20221005094000","102","1","彰化縣","北斗鎮","120.550","23.855","101"
"335","246488","20221005094000","212","3","彰化縣","北斗鎮","120.535","23.870","311"
"79","246493","20221005094000","115","0","彰化縣","二林鎮","120.395","23.890","96"
"42","246499","20221005094000","280","0","彰化縣","大城鄉","120.315","23.850","50"
"221","246518","20221005094000","275","0","南投縣","南投市","120.670","23.890","226"
"501","246522","20221005094000","431","1","南投縣","南投市","120.690","23.890","521"
"1035","246530","20221005094000","874","1","彰化縣","社頭鄉","120.605","23.915","1149"
"775","246531","20221005094000","434","3","彰化縣","田中鎮","120.585","23.875","763"
"71","246534","20221005094000","184","0","彰化縣","田中鎮","120.575","23.865","98"
"627","246537","20221005094000","504","2","彰化縣","田中鎮","120.575","23.875","637"
"147","246545","20221005094000","124","1","彰化縣","田尾鄉","120.510","23.905","149"
"497","246547","20221005094000","313","3","彰化縣","竹塘鄉","120.415","23.850","474"
"321","246558","20221005094000","365","0","彰化縣","田尾鄉","120.535","23.905","331"
"1767","246566","20221005094000","876","3","彰化縣","社頭鄉","120.580","23.895","1783"
"1433","246568","20221005094000","461","3","彰化縣","社頭鄉","120.580","23.900","1533"
"2282","246569","20221005094000","1138","3","彰化縣","社頭鄉","120.580","23.905","2131"
"48","246573","20221005094000","259","0","彰化縣","田尾鄉","120.525","23.885","35"
"232","246579","20221005094000","199","1","彰化縣","田尾鄉","120.535","23.890","222"
"723","246581","20221005094000","635","1","彰化縣","田尾鄉","120.535","23.895","686"
"762","246583","20221005094000","553","2","彰化縣","田尾鄉","120.530","23.900","784"
"26","246608","20221005094000","44","0","彰化縣","社頭鄉","120.620","23.925","15"
"1415","246615","20221005094000","1290","1","彰化縣","竹塘鄉","120.430","23.855","1450"
"502","246618","20221005094000","500","1","彰化縣","竹塘鄉","120.420","23.875","499"
"221","246630","20221005094000","168","2","彰化縣","竹塘鄉","120.375","23.850","228"
"2552","246654","20221005094000","780","3","彰化縣","社頭鄉","120.585","23.900","2633"
"1339","246659","20221005094000","400","3","彰化縣","社頭鄉","120.585","23.890","1335"
"340","246669","20221005094000","182","3","彰化縣","竹塘鄉","120.445","23.860","352"
"86","246687","20221005094000","80","1","南投縣","魚池鄉","120.905","23.850","91"
"688","246711","20221005094000","513","2","南投縣","魚池鄉","120.910","23.860","828"
"335","246720","20221005094000","212","3","南投縣","魚池鄉","120.900","23.865","380"
"168","246722","20221005094000","224","0","南投縣","魚池鄉","120.910","23.865","171"
"471","246735","20221005094000","293","3","南投縣","魚池鄉","120.925","23.870","493"
"342","246739","20221005094000","304","1","南投縣","魚池鄉","120.935","23.895","331"
"496","246741","20221005094000","414","1","南投縣","魚池鄉","120.935","23.900","534"
"393","246742","20221005094000","306","2","南投縣","魚池鄉","120.940","23.900","375"
"240","246747","20221005094000","226","1","彰化縣","芳苑鄉","120.350","23.900","271"
"263","246748","20221005094000","186","2","彰化縣","二林鎮","120.355","23.900","253"
"149","246749","20221005094000","129","1","彰化縣","芳苑鄉","120.360","23.900","154"
"62","246750","20221005094000","45","2","彰化縣","芳苑鄉","120.345","23.905","62"
"253","246758","20221005094000","215","1","彰化縣","芳苑鄉","120.355","23.920","270"
"276","246770","20221005094000","228","2","彰化縣","芳苑鄉","120.335","23.890","262"
"14","246777","20221005094000","24","0","南投縣","魚池鄉","120.925","23.875","11"
"275","246788","20221005094000","193","2","南投縣","魚池鄉","120.925","23.885","249"
"238","246822","20221005094000","125","3","南投縣","魚池鄉","120.905","23.880","235"
"18","246823","20221005094000","11","3","南投縣","魚池鄉","120.875","23.885","20"
"24","246824","20221005094000","90","0","南投縣","魚池鄉","120.880","23.885","14"
"27","246826","20221005094000","44","0","南投縣","魚池鄉","120.890","23.885","26"
"20","246832","20221005094000","13","3","南投縣","魚池鄉","120.880","23.890","17"
"19","246857","20221005094000","15","2","南投縣","魚池鄉","120.890","23.905","19"
"33","246858","20221005094000","29","1","南投縣","魚池鄉","120.895","23.905","24"
"21","246870","20221005094000","17","2","南投縣","魚池鄉","120.890","23.910","18"
"127","246893","20221005094000","103","2","南投縣","魚池鄉","120.955","23.900","126"
"215","246906","20221005094000","224","0","南投縣","魚池鄉","120.955","23.910","250"
"132","246920","20221005094000","114","1","南投縣","魚池鄉","120.965","23.915","125"
"96","246922","20221005094000","105","0","南投縣","魚池鄉","120.965","23.920","100"
"49","246929","20221005094000","63","0","南投縣","魚池鄉","120.945","23.865","44"
"87","246930","20221005094000","74","1","南投縣","魚池鄉","120.950","23.865","67"
"87","246935","20221005094000","83","1","南投縣","魚池鄉","120.945","23.870","75"
"21","246941","20221005094000","41","0","南投縣","魚池鄉","120.950","23.875","27"
"17","246945","20221005094000","149","0","南投縣","魚池鄉","120.950","23.880","16"
"38","246955","20221005094000","338","0","南投縣","魚池鄉","120.905","23.905","39"
"447","246964","20221005094000","324","2","南投縣","魚池鄉","120.920","23.910","441"
"39","246970","20221005094000","32","2","南投縣","魚池鄉","120.920","23.915","31"
"244","246989","20221005094000","234","1","南投縣","魚池鄉","120.925","23.910","271"
"172","247005","20221005094000","145","1","南投縣","魚池鄉","120.945","23.925","163"
"670","247013","20221005094000","568","1","南投縣","魚池鄉","120.930","23.850","756"
"49","247024","20221005094000","45","1","南投縣","魚池鄉","120.935","23.855","17"
"15","247033","20221005094000","14","1","南投縣","魚池鄉","120.950","23.860","10"
"428","247088","20221005094000","354","2","南投縣","魚池鄉","120.965","23.890","428"
"49","247100","20221005094000","256","0","南投縣","魚池鄉","120.940","23.895","49"
"12","247101","20221005094000","14","0","南投縣","魚池鄉","120.945","23.895","23"
"44","247117","20221005094000","30","2","彰化縣","竹塘鄉","120.400","23.860","63"
"164","247119","20221005094000","123","2","彰化縣","竹塘鄉","120.410","23.860","187"
"31","247152","20221005094000","38","0","彰化縣","田中鎮","120.570","23.870","41"
"852","247156","20221005094000","723","1","彰化縣","社頭鄉","120.595","23.900","858"
"52","247158","20221005094000","146","0","彰化縣","田尾鄉","120.550","23.890","44"
"89","247160","20221005094000","70","2","彰化縣","田尾鄉","120.555","23.895","97"
"12","247163","20221005094000","251","0","彰化縣","田尾鄉","120.560","23.900","13"
"550","247166","20221005094000","595","0","彰化縣","田尾鄉","120.525","23.905","543"
"37","247170","20221005094000","20","3","彰化縣","田尾鄉","120.520","23.890","36"
"656","247187","20221005094000","782","0","彰化縣","田尾鄉","120.500","23.920","724"
"85","247189","20221005094000","615","0","彰化縣","溪湖鎮","120.475","23.925","86"
"2483","247194","20221005094000","503","3","彰化縣","社頭鄉","120.585","23.895","2516"
"196","247207","20221005094000","186","1","彰化縣","社頭鄉","120.605","23.895","194"
"37","247218","20221005094000","147","0","彰化縣","田尾鄉","120.540","23.885","36"
"366","247222","20221005094000","648","0","彰化縣","田中鎮","120.585","23.865","347"
"246","247224","20221005094000","232","1","彰化縣","田中鎮","120.585","23.850","257"
"27","247227","20221005094000","513","0","彰化縣","田中鎮","120.600","23.855","31"
"1209","247235","20221005094000","1059","1","彰化縣","田中鎮","120.590","23.855","1235"
"92","247238","20221005094000","110","0","彰化縣","田尾鄉","120.530","23.895","87"
"254","247244","20221005094000","164","3","彰化縣","北斗鎮","120.545","23.880","277"
"38","247248","20221005094000","47","0","彰化縣","田尾鄉","120.550","23.885","40"
"310","247250","20221005094000","231","2","彰化縣","田尾鄉","120.560","23.890","305"
"92","247251","20221005094000","81","1","彰化縣","田尾鄉","120.565","23.890","95"
"43","247253","20221005094000","267","0","彰化縣","田尾鄉","120.535","23.900","36"
"74","247259","20221005094000","684","0","彰化縣","田尾鄉","120.550","23.900","73"
"436","247268","20221005094000","408","1","彰化縣","社頭鄉","120.585","23.920","449"
"71","247277","20221005094000","61","1","彰化縣","社頭鄉","120.615","23.885","50"
"456","247283","20221005094000","284","3","彰化縣","社頭鄉","120.610","23.890","434"
"11","247286","20221005094000","12","0","彰化縣","社頭鄉","120.570","23.910","14"
"36","247288","20221005094000","55","0","彰化縣","永靖鄉","120.575","23.915","31"
"40","247290","20221005094000","26","3","彰化縣","永靖鄉","120.575","23.920","51"
"39","247291","20221005094000","270","0","彰化縣","社頭鄉","120.595","23.920","26"
"32","247293","20221005094000","230","0","彰化縣","社頭鄉","120.605","23.920","17"
"892","247305","20221005094000","1040","0","彰化縣","北斗鎮","120.570","23.850","877"
"317","247308","20221005094000","230","2","彰化縣","田中鎮","120.575","23.855","314"
"1238","247312","20221005094000","1363","0","彰化縣","田中鎮","120.605","23.855","1295"
"649","247316","20221005094000","972","0","彰化縣","田中鎮","120.580","23.860","593"
"399","247328","20221005094000","340","1","彰化縣","社頭鄉","120.575","23.900","365"
"345","247336","20221005094000","277","2","彰化縣","社頭鄉","120.610","23.905","353"
"46","247347","20221005094000","37","2","彰化縣","社頭鄉","120.630","23.905","49"
"547","247352","20221005094000","540","1","彰化縣","田中鎮","120.560","23.865","550"
"81","247353","20221005094000","121","0","彰化縣","田中鎮","120.565","23.865","85"
"436","247359","20221005094000","356","2","彰化縣","田中鎮","120.590","23.865","451"
"488","247361","20221005094000","514","0","彰化縣","田中鎮","120.585","23.870","465"
"355","247365","20221005094000","345","1","彰化縣","田中鎮","120.585","23.860","333"
"278","247366","20221005094000","171","3","彰化縣","田中鎮","120.570","23.875","250"
"18","247367","20221005094000","213","0","彰化縣","田中鎮","120.560","23.880","17"
"232","247377","20221005094000","203","1","彰化縣","田中鎮","120.605","23.870","238"
"101","247383","20221005094000","122","0","彰化縣","田中鎮","120.605","23.875","123"
"212","247399","20221005094000","167","2","彰化縣","田中鎮","120.595","23.855","175"
"62","247400","20221005094000","207","0","彰化縣","田中鎮","120.590","23.860","66"
"581","247403","20221005094000","228","3","彰化縣","社頭鄉","120.590","23.900","577"
"904","247409","20221005094000","221","3","彰化縣","社頭鄉","120.585","23.885","914"
"71","247637","20221005094000","61","1","花蓮縣","壽豐鄉","121.610","23.920","72"
"207","252412","20221005094000","177","1","花蓮縣","花蓮市","121.640","23.995","278"
"54","252926","20221005094000","35","3","臺中市","霧峰區","120.705","24.010","53"
"144","253141","20221005094000","132","1","花蓮縣","秀林鄉","121.505","23.945","174"
"217","253374","20221005094000","184","1","花蓮縣","秀林鄉","121.555","24.005","190"
"319","253376","20221005094000","229","2","花蓮縣","新城鄉","121.615","24.005","310"
"248","253382","20221005094000","299","0","花蓮縣","吉安鄉","121.580","23.925","223"
"441","253393","20221005094000","392","1","花蓮縣","吉安鄉","121.585","23.930","428"
"292","253400","20221005094000","138","3","花蓮縣","吉安鄉","121.580","23.935","298"
"883","253410","20221005094000","673","2","花蓮縣","吉安鄉","121.595","23.940","911"
"387","253413","20221005094000","426","0","花蓮縣","吉安鄉","121.575","23.945","366"
"1105","253414","20221005094000","865","2","花蓮縣","吉安鄉","121.585","23.975","1135"
"207","253433","20221005094000","217","0","花蓮縣","吉安鄉","121.550","23.945","212"
"189","253436","20221005094000","134","2","花蓮縣","吉安鄉","121.525","23.945","182"
"922","253452","20221005094000","858","1","花蓮縣","吉安鄉","121.590","23.950","956"
"495","253454","20221005094000","472","1","花蓮縣","吉安鄉","121.590","23.955","487"
"335","253457","20221005094000","360","0","花蓮縣","吉安鄉","121.590","23.945","327"
"483","253463","20221005094000","374","2","花蓮縣","吉安鄉","121.600","23.945","496"
"701","253470","20221005094000","1046","0","花蓮縣","吉安鄉","121.590","23.965","704"
"701","253471","20221005094000","487","2","花蓮縣","吉安鄉","121.590","23.970","771"
"2287","253472","20221005094000","1943","1","花蓮縣","花蓮市","121.590","23.975","2291"
"954","253475","20221005094000","860","1","花蓮縣","吉安鄉","121.590","23.980","939"
"751","253477","20221005094000","670","1","花蓮縣","吉安鄉","121.585","23.985","769"
"260","253478","20221005094000","294","0","花蓮縣","吉安鄉","121.585","23.980","252"
"972","253479","20221005094000","818","1","花蓮縣","花蓮市","121.600","23.985","946"
"332","253480","20221005094000","446","0","花蓮縣","吉安鄉","121.580","23.985","370"
"584","253481","20221005094000","578","1","花蓮縣","吉安鄉","121.585","23.990","607"
"1834","253482","20221005094000","1484","2","花蓮縣","花蓮市","121.595","23.990","1778"
"1373","253484","20221005094000","956","2","花蓮縣","吉安鄉","121.580","23.970","1393"
"562","253485","20221005094000","581","0","花蓮縣","吉安鄉","121.585","23.970","529"
"73","253506","20221005094000","139","0","花蓮縣","吉安鄉","121.570","23.965","64"
"396","253507","20221005094000","310","2","花蓮縣","吉安鄉","121.575","23.965","387"
"420","253508","20221005094000","318","2","花蓮縣","吉安鄉","121.565","23.970","395"
"35","253517","20221005094000","160","0","花蓮縣","吉安鄉","121.560","23.975","39"
"12","253518","20221005094000","21","0","花蓮縣","吉安鄉","121.565","23.975","12"
"1009","253520","20221005094000","891","1","花蓮縣","吉安鄉","121.580","23.975","1048"
"514","253542","20221005094000","398","2","花蓮縣","吉安鄉","121.555","23.990","504"
"107","253545","20221005094000","129","0","花蓮縣","吉安鄉","121.570","23.990","95"
"307","253552","20221005094000","226","2","花蓮縣","吉安鄉","121.570","23.975","292"
"961","253554","20221005094000","416","3","花蓮縣","吉安鄉","121.565","23.980","791"
"800","253555","20221005094000","801","0","花蓮縣","吉安鄉","121.570","23.980","774"
"350","253556","20221005094000","376","0","花蓮縣","吉安鄉","121.575","23.980","326"
"36","253557","20221005094000","47","0","花蓮縣","吉安鄉","121.555","23.985","33"
"389","253559","20221005094000","263","2","花蓮縣","吉安鄉","121.565","23.985","380"
"369","253561","20221005094000","232","3","花蓮縣","吉安鄉","121.605","23.955","281"
"519","253562","20221005094000","369","2","花蓮縣","吉安鄉","121.595","23.960","508"
"340","253563","20221005094000","362","0","花蓮縣","吉安鄉","121.600","23.960","315"
"1330","253565","20221005094000","1276","1","花蓮縣","吉安鄉","121.595","23.965","1388"
"355","253569","20221005094000","411","0","花蓮縣","吉安鄉","121.575","23.985","334"
"287","253575","20221005094000","249","1","花蓮縣","吉安鄉","121.570","23.940","288"
"486","253584","20221005094000","474","1","花蓮縣","吉安鄉","121.560","23.950","502"
"756","253594","20221005094000","722","1","花蓮縣","吉安鄉","121.550","23.965","729"
"610","253596","20221005094000","525","1","花蓮縣","吉安鄉","121.560","23.965","648"
"861","253597","20221005094000","480","3","花蓮縣","吉安鄉","121.565","23.965","793"
"386","253603","20221005094000","261","2","花蓮縣","吉安鄉","121.560","23.970","362"
"296","253608","20221005094000","251","1","花蓮縣","吉安鄉","121.580","23.955","299"
"623","253609","20221005094000","619","1","花蓮縣","吉安鄉","121.570","23.960","657"
"383","253611","20221005094000","364","1","花蓮縣","吉安鄉","121.580","23.960","382"
"369","253627","20221005094000","394","0","花蓮縣","吉安鄉","121.535","23.930","309"
"21","253641","20221005094000","24","0","花蓮縣","壽豐鄉","121.605","23.925","27"
"596","253648","20221005094000","568","1","花蓮縣","花蓮市","121.625","23.985","654"
"1035","253649","20221005094000","1327","0","花蓮縣","花蓮市","121.620","24.005","1054"
"64","253650","20221005094000","44","2","彰化縣","二林鎮","120.420","23.955","75"
"58","253656","20221005094000","62","0","彰化縣","二林鎮","120.415","23.965","74"
"396","253670","20221005094000","387","1","彰化縣","二林鎮","120.440","23.930","374"
"1494","253672","20221005094000","1452","1","彰化縣","員林鎮","120.580","23.955","1790"
"445","253673","20221005094000","566","0","彰化縣","員林鎮","120.585","23.955","511"
"411","253675","20221005094000","855","0","彰化縣","員林鎮","120.565","23.950","403"
"413","253677","20221005094000","393","1","彰化縣","埔心鄉","120.560","23.940","395"
"792","253681","20221005094000","737","1","彰化縣","員林鎮","120.565","23.945","781"
"176","253686","20221005094000","273","0","彰化縣","員林鎮","120.610","23.980","116"
"2170","253688","20221005094000","2027","1","彰化縣","員林鎮","120.570","23.960","2238"
"3768","253689","20221005094000","3424","1","彰化縣","員林鎮","120.570","23.955","3707"
"218","253764","20221005094000","183","1","花蓮縣","秀林鄉","121.505","23.960","180"
"188","253789","20221005094000","105","3","花蓮縣","秀林鄉","121.495","23.965","175"
"19","254173","20221005094000","19","1","花蓮縣","秀林鄉","121.425","24.000","14"
"1649","254233","20221005094000","2573","0","花蓮縣","花蓮市","121.605","23.975","1729"
"2715","254234","20221005094000","2334","1","花蓮縣","花蓮市","121.600","23.975","2582"
"1696","254236","20221005094000","1653","1","花蓮縣","花蓮市","121.625","23.990","1711"
"1606","254237","20221005094000","1999","0","花蓮縣","花蓮市","121.630","23.985","2185"
"1436","254238","20221005094000","1444","0","花蓮縣","花蓮市","121.630","23.990","1459"
"1898","254240","20221005094000","1946","0","花蓮縣","花蓮市","121.635","23.995","1919"
"55","254242","20221005094000","45","2","南投縣","國姓鄉","120.880","23.970","56"
"49","254247","20221005094000","260","0","南投縣","國姓鄉","120.875","23.975","41"
"230","254260","20221005094000","219","1","南投縣","國姓鄉","120.870","23.985","221"
"122","254328","20221005094000","79","3","南投縣","國姓鄉","120.830","23.945","125"
"62","254335","20221005094000","38","3","南投縣","國姓鄉","120.865","23.945","76"
"13","254346","20221005094000","73","0","南投縣","國姓鄉","120.865","23.950","18"
"36","254349","20221005094000","41","0","南投縣","中寮鄉","120.830","23.955","38"
"33","254374","20221005094000","30","1","南投縣","國姓鄉","120.860","23.960","46"
"96","254379","20221005094000","33","3","南投縣","中寮鄉","120.835","23.965","104"
"233","254397","20221005094000","128","3","南投縣","國姓鄉","120.865","23.975","256"
"798","254400","20221005094000","534","2","南投縣","埔里鎮","120.970","23.955","808"
"127","254401","20221005094000","382","0","南投縣","埔里鎮","120.990","23.945","142"
"1326","254411","20221005094000","1851","0","南投縣","埔里鎮","120.975","23.955","1262"
"1941","254415","20221005094000","1329","2","南投縣","埔里鎮","120.975","23.960","1914"
"208","254447","20221005094000","149","2","南投縣","埔里鎮","120.925","23.940","162"
"32","254450","20221005094000","37","0","南投縣","埔里鎮","120.940","23.940","38"
"409","254465","20221005094000","289","2","南投縣","埔里鎮","120.915","23.950","406"
"992","254467","20221005094000","928","1","南投縣","埔里鎮","120.925","23.950","1058"
"380","254470","20221005094000","291","2","南投縣","埔里鎮","120.940","23.950","365"
"101","254477","20221005094000","84","2","南投縣","埔里鎮","120.930","23.955","89"
"717","254481","20221005094000","577","2","南投縣","埔里鎮","120.915","23.955","693"
"28","254490","20221005094000","205","0","南投縣","埔里鎮","120.980","23.935","16"
"14","254499","20221005094000","64","0","南投縣","埔里鎮","120.995","23.940","14"
"77","254504","20221005094000","366","0","南投縣","埔里鎮","120.970","23.945","68"
"61","254506","20221005094000","250","0","南投縣","埔里鎮","120.980","23.945","60"
"662","254510","20221005094000","358","3","南投縣","埔里鎮","120.965","23.950","663"
"533","254512","20221005094000","459","1","南投縣","埔里鎮","120.975","23.950","594"
"2130","254517","20221005094000","1646","2","南投縣","埔里鎮","120.970","23.970","1987"
"269","254519","20221005094000","164","3","南投縣","埔里鎮","120.975","23.975","273"
"33","254520","20221005094000","107","0","南投縣","埔里鎮","120.970","23.980","34"
"245","254538","20221005094000","140","3","南投縣","中寮鄉","120.790","23.945","220"
"30","254548","20221005094000","14","3","南投縣","中寮鄉","120.790","23.955","30"
"819","254550","20221005094000","1866","0","南投縣","埔里鎮","120.970","23.965","788"
"280","254560","20221005094000","234","1","南投縣","埔里鎮","120.945","23.960","306"
"23","254571","20221005094000","210","0","南投縣","埔里鎮","120.930","23.970","25"
"365","254589","20221005094000","362","1","南投縣","埔里鎮","120.955","24.005","387"
"888","254592","20221005094000","784","1","南投縣","埔里鎮","120.965","23.955","919"
"34","254599","20221005094000","34","1","南投縣","埔里鎮","120.915","23.990","29"
"600","254621","20221005094000","449","2","南投縣","埔里鎮","120.960","23.960","619"
"166","254622","20221005094000","137","2","南投縣","埔里鎮","120.965","23.960","176"
"77","254624","20221005094000","1016","0","南投縣","埔里鎮","120.955","23.965","78"
"14","254626","20221005094000","16","0","南投縣","埔里鎮","120.955","23.970","12"
"70","254627","20221005094000","624","0","南投縣","埔里鎮","120.960","23.970","77"
"563","254629","20221005094000","515","1","南投縣","埔里鎮","120.955","23.975","601"
"715","254633","20221005094000","658","1","南投縣","埔里鎮","120.980","23.980","744"
"38","254641","20221005094000","204","0","南投縣","埔里鎮","120.955","23.955","46"
"411","254658","20221005094000","307","2","南投縣","埔里鎮","120.980","23.990","387"
"35","254675","20221005094000","186","0","南投縣","埔里鎮","120.960","24.000","38"
"46","254680","20221005094000","33","2","南投縣","埔里鎮","120.985","24.000","48"
"351","254705","20221005094000","311","1","南投縣","埔里鎮","120.970","24.005","311"
"163","254706","20221005094000","158","1","南投縣","埔里鎮","120.975","24.005","161"
"669","254712","20221005094000","729","0","花蓮縣","花蓮市","121.610","23.970","715"
"1123","254713","20221005094000","853","2","花蓮縣","花蓮市","121.600","23.965","1129"
"851","254714","20221005094000","822","1","花蓮縣","花蓮市","121.610","23.985","822"
"1595","254716","20221005094000","1502","1","花蓮縣","花蓮市","121.605","23.980","1681"
"1261","254717","20221005094000","1068","1","花蓮縣","花蓮市","121.600","23.980","1236"
"1045","254719","20221005094000","1350","0","花蓮縣","花蓮市","121.605","23.985","1034"
"32","254721","20221005094000","116","0","花蓮縣","花蓮市","121.600","23.970","42"
"1243","254723","20221005094000","1611","0","花蓮縣","花蓮市","121.605","23.970","1252"
"47","254728","20221005094000","100","0","花蓮縣","花蓮市","121.615","23.985","41"
"1280","254729","20221005094000","1301","0","花蓮縣","花蓮市","121.620","24.000","1255"
"1248","254730","20221005094000","1297","0","花蓮縣","花蓮市","121.625","23.995","1272"
"966","254732","20221005094000","757","2","花蓮縣","花蓮市","121.615","23.975","993"
"798","254733","20221005094000","831","0","花蓮縣","花蓮市","121.615","23.980","744"
"2049","254735","20221005094000","1718","1","花蓮縣","吉安鄉","121.590","23.985","2138"
"134","254742","20221005094000","487","0","花蓮縣","花蓮市","121.610","24.005","125"
"40","254743","20221005094000","160","0","花蓮縣","吉安鄉","121.580","23.990","31"
"1230","254745","20221005094000","939","2","花蓮縣","吉安鄉","121.590","23.990","1240"
"509","254746","20221005094000","454","1","花蓮縣","花蓮市","121.585","23.995","519"
"922","254747","20221005094000","951","0","花蓮縣","花蓮市","121.590","23.995","824"
"2614","254748","20221005094000","2822","0","花蓮縣","花蓮市","121.595","23.995","2614"
"408","254754","20221005094000","428","0","花蓮縣","花蓮市","121.590","24.005","377"
"1057","254756","20221005094000","1091","0","花蓮縣","花蓮市","121.595","23.970","1100"
"604","254757","20221005094000","537","1","花蓮縣","花蓮市","121.595","23.975","566"
"2317","254766","20221005094000","2024","1","彰化縣","員林鎮","120.570","23.970","2297"
"501","254767","20221005094000","422","1","彰化縣","員林鎮","120.575","23.970","519"
"670","254769","20221005094000","740","0","花蓮縣","花蓮市","121.610","23.975","644"
"2877","254770","20221005094000","2100","2","花蓮縣","花蓮市","121.610","23.980","2830"
"683","254771","20221005094000","575","1","花蓮縣","花蓮市","121.615","24.000","646"
"16","254772","20221005094000","42","0","花蓮縣","花蓮市","121.560","24.000","16"
"199","254777","20221005094000","209","0","花蓮縣","花蓮市","121.575","24.005","311"
"2370","254779","20221005094000","2076","1","花蓮縣","花蓮市","121.600","23.990","2305"
"666","254780","20221005094000","727","0","花蓮縣","花蓮市","121.610","23.990","673"
"2278","254781","20221005094000","2975","0","花蓮縣","花蓮市","121.605","23.990","2380"
"571","254782","20221005094000","443","2","花蓮縣","花蓮市","121.605","23.995","525"
"1992","254783","20221005094000","1789","1","花蓮縣","吉安鄉","121.575","23.990","1970"
"1518","254784","20221005094000","1813","0","花蓮縣","吉安鄉","121.565","23.995","1584"
"267","254785","20221005094000","242","1","花蓮縣","花蓮市","121.570","23.995","253"
"789","254786","20221005094000","776","1","花蓮縣","花蓮市","121.575","23.995","817"
"892","254789","20221005094000","958","0","花蓮縣","吉安鄉","121.595","23.985","790"
"2228","254790","20221005094000","1597","2","花蓮縣","花蓮市","121.600","23.995","2169"
"36","254798","20221005094000","63","0","南投縣","中寮鄉","120.745","23.935","36"
"26","254887","20221005094000","97","0","南投縣","中寮鄉","120.780","23.945","24"
"284","254901","20221005094000","253","1","南投縣","中寮鄉","120.765","23.940","323"
"184","254913","20221005094000","192","0","彰化縣","員林鎮","120.550","23.975","179"
"63","254920","20221005094000","495","0","彰化縣","員林鎮","120.580","23.935","53"
"16","254922","20221005094000","108","0","彰化縣","員林鎮","120.575","23.940","59"
"239","254925","20221005094000","197","2","彰化縣","員林鎮","120.580","23.945","234"
"132","254926","20221005094000","412","0","彰化縣","員林鎮","120.575","23.945","133"
"1158","254940","20221005094000","992","1","花蓮縣","花蓮市","121.620","23.985","1156"
"723","254941","20221005094000","737","0","花蓮縣","花蓮市","121.615","23.990","771"
"1321","254942","20221005094000","1195","1","花蓮縣","花蓮市","121.620","23.990","1435"
"64","254945","20221005094000","50","2","花蓮縣","花蓮市","121.630","23.995","70"
"144","254950","20221005094000","141","1","花蓮縣","花蓮市","121.645","24.005","179"
"530","254952","20221005094000","483","1","彰化縣","埔心鄉","120.520","23.965","485"
"43","254964","20221005094000","103","0","彰化縣","芳苑鄉","120.325","23.940","43"
"363","254974","20221005094000","216","3","彰化縣","芳苑鄉","120.330","23.940","335"
"1681","255019","20221005094000","1139","2","彰化縣","員林鎮","120.565","23.965","1543"
"317","255021","20221005094000","662","0","彰化縣","員林鎮","120.600","23.965","193"
"128","255024","20221005094000","115","1","彰化縣","員林鎮","120.610","23.970","123"
"316","255030","20221005094000","298","1","彰化縣","埔心鄉","120.530","23.940","345"
"26","255038","20221005094000","531","0","彰化縣","埔鹽鄉","120.480","23.990","19"
"402","255039","20221005094000","206","3","彰化縣","埔鹽鄉","120.500","23.975","481"
"98","255044","20221005094000","124","0","南投縣","南投市","120.700","23.930","114"
"329","255046","20221005094000","228","2","南投縣","南投市","120.635","23.935","338"
"208","255053","20221005094000","156","2","南投縣","南投市","120.635","23.945","199"
"876","255063","20221005094000","845","1","彰化縣","永靖鄉","120.555","23.935","912"
"48","255064","20221005094000","377","0","彰化縣","永靖鄉","120.560","23.930","45"
"457","255065","20221005094000","407","1","彰化縣","員林鎮","120.555","23.960","442"
"296","255068","20221005094000","184","3","彰化縣","員林鎮","120.560","23.965","320"
"385","255069","20221005094000","342","1","彰化縣","員林鎮","120.555","23.970","379"
"852","255073","20221005094000","1127","0","南投縣","南投市","120.690","23.945","861"
"1165","255074","20221005094000","949","2","南投縣","南投市","120.690","23.950","1205"
"47","255075","20221005094000","226","0","南投縣","南投市","120.685","23.950","41"
"47","255078","20221005094000","225","0","南投縣","南投市","120.675","23.945","42"
"67","255079","20221005094000","407","0","南投縣","南投市","120.680","23.945","69"
"242","255081","20221005094000","114","3","南投縣","草屯鎮","120.675","23.950","215"
"751","255088","20221005094000","750","1","南投縣","南投市","120.660","23.935","712"
"593","255092","20221005094000","709","0","南投縣","南投市","120.665","23.940","596"
"16","255093","20221005094000","22","0","南投縣","南投市","120.645","23.945","21"
"445","255094","20221005094000","150","3","南投縣","南投市","120.650","23.945","485"
"11","255100","20221005094000","143","0","南投縣","南投市","120.655","23.950","17"
"183","255107","20221005094000","230","0","南投縣","南投市","120.650","23.955","195"
"492","255130","20221005094000","241","3","彰化縣","芳苑鄉","120.315","23.930","401"
"29","255153","20221005094000","201","0","彰化縣","芳苑鄉","120.380","23.940","23"
"752","255158","20221005094000","536","2","彰化縣","芳苑鄉","120.380","23.955","743"
"63","255176","20221005094000","423","0","彰化縣","埔心鄉","120.555","23.940","157"
"1261","255177","20221005094000","1357","0","彰化縣","埔心鄉","120.540","23.950","1212"
"50","255178","20221005094000","580","0","彰化縣","埔心鄉","120.545","23.950","49"
"54","255179","20221005094000","54","1","彰化縣","埔心鄉","120.540","23.955","61"
"272","255199","20221005094000","212","2","彰化縣","二林鎮","120.420","23.950","258"
"353","255210","20221005094000","437","0","彰化縣","永靖鄉","120.550","23.930","319"
"325","255220","20221005094000","306","1","彰化縣","大村鄉","120.585","23.990","304"
"691","255222","20221005094000","686","1","彰化縣","大村鄉","120.580","23.995","700"
"27","255223","20221005094000","28","0","彰化縣","大村鄉","120.585","23.995","21"
"137","255227","20221005094000","139","0","彰化縣","大村鄉","120.590","23.995","137"
"101","255228","20221005094000","128","0","彰化縣","大村鄉","120.595","23.995","111"
"211","255229","20221005094000","199","1","彰化縣","大村鄉","120.600","23.995","199"
"29","255230","20221005094000","48","0","彰化縣","大村鄉","120.605","23.995","27"
"1006","255232","20221005094000","1139","0","彰化縣","大村鄉","120.595","24.000","1013"
"470","255234","20221005094000","486","0","彰化縣","大村鄉","120.570","23.975","498"
"589","255238","20221005094000","417","2","彰化縣","大村鄉","120.535","24.000","561"
"16","255239","20221005094000","153","0","彰化縣","大村鄉","120.540","24.000","16"
"73","255257","20221005094000","75","0","彰化縣","埔心鄉","120.540","23.965","84"
"316","255261","20221005094000","239","2","彰化縣","埔心鄉","120.555","23.950","291"
"340","255262","20221005094000","370","0","彰化縣","埔心鄉","120.550","23.955","369"
"74","255263","20221005094000","332","0","彰化縣","埔心鄉","120.555","23.955","62"
"16","255264","20221005094000","319","0","彰化縣","埔心鄉","120.545","23.960","15"
"834","255265","20221005094000","88","3","彰化縣","埔心鄉","120.560","23.945","775"
"424","255266","20221005094000","254","3","彰化縣","埔心鄉","120.550","23.945","414"
"452","255267","20221005094000","407","1","彰化縣","埔心鄉","120.555","23.945","460"
"111","255273","20221005094000","65","3","彰化縣","埔心鄉","120.515","23.940","95"
"240","255276","20221005094000","196","2","彰化縣","埔心鄉","120.525","23.950","216"
"1541","255277","20221005094000","1032","2","彰化縣","埔心鄉","120.525","23.945","1524"
"401","255284","20221005094000","300","2","彰化縣","埔心鄉","120.520","23.945","395"
"643","255287","20221005094000","428","3","彰化縣","埔心鄉","120.515","23.950","669"
"173","255292","20221005094000","377","0","南投縣","埔里鎮","120.935","23.995","180"
"112","255303","20221005094000","94","1","南投縣","埔里鎮","120.945","24.000","141"
"233","255308","20221005094000","176","2","南投縣","埔里鎮","120.940","24.005","234"
"208","255309","20221005094000","385","0","南投縣","埔里鎮","120.945","24.005","197"
"503","255312","20221005094000","394","2","彰化縣","溪湖鎮","120.495","23.965","511"
"128","255322","20221005094000","516","0","彰化縣","溪湖鎮","120.510","23.970","123"
"1135","255326","20221005094000","604","3","彰化縣","大村鄉","120.545","23.995","1012"
"404","255337","20221005094000","331","2","彰化縣","大村鄉","120.555","24.000","433"
"831","255339","20221005094000","749","1","彰化縣","大村鄉","120.550","24.005","823"
"19","255342","20221005094000","15","2","彰化縣","大村鄉","120.565","23.995","21"
"26","255345","20221005094000","359","0","彰化縣","大村鄉","120.580","24.000","38"
"211","255351","20221005094000","114","3","彰化縣","大村鄉","120.585","24.000","206"
"388","255359","20221005094000","311","2","彰化縣","大村鄉","120.550","23.980","346"
"1541","255361","20221005094000","1173","2","彰化縣","大村鄉","120.565","23.980","1491"
"361","255365","20221005094000","347","1","彰化縣","大村鄉","120.540","23.975","566"
"85","255366","20221005094000","92","0","彰化縣","大村鄉","120.520","23.980","87"
"39","255371","20221005094000","164","0","彰化縣","芳苑鄉","120.355","23.935","41"
"359","255379","20221005094000","125","3","彰化縣","芳苑鄉","120.365","23.940","336"
"68","255396","20221005094000","243","0","彰化縣","芳苑鄉","120.350","23.975","66"
"591","255400","20221005094000","226","3","彰化縣","芳苑鄉","120.345","23.980","645"
"51","255443","20221005094000","212","0","彰化縣","芳苑鄉","120.390","23.980","57"
"168","255448","20221005094000","105","3","彰化縣","芳苑鄉","120.385","23.985","175"
"1489","255463","20221005094000","1347","1","南投縣","埔里鎮","120.975","23.970","1427"
"57","255464","20221005094000","303","0","彰化縣","埔心鄉","120.560","23.950","62"
"18","255465","20221005094000","103","0","彰化縣","埔心鄉","120.560","23.955","22"
"459","255466","20221005094000","430","1","南投縣","南投市","120.695","23.940","489"
"497","255472","20221005094000","526","0","南投縣","南投市","120.695","23.945","538"
"34","255475","20221005094000","34","1","南投縣","南投市","120.700","23.950","36"
"883","255480","20221005094000","871","1","南投縣","南投市","120.695","23.950","1236"
"610","255482","20221005094000","544","1","南投縣","南投市","120.690","23.955","615"
"60","255490","20221005094000","165","0","南投縣","南投市","120.690","23.930","65"
"1127","255491","20221005094000","689","3","南投縣","南投市","120.695","23.930","1060"
"233","255494","20221005094000","481","0","南投縣","南投市","120.690","23.935","210"
"1151","255496","20221005094000","740","3","南投縣","南投市","120.700","23.935","1205"
"52","255498","20221005094000","557","0","南投縣","南投市","120.710","23.935","45"
"281","255525","20221005094000","738","0","彰化縣","芳苑鄉","120.335","23.960","243"
"159","255535","20221005094000","77","3","彰化縣","芳苑鄉","120.360","23.970","137"
"145","255545","20221005094000","118","2","彰化縣","二林鎮","120.385","23.945","146"
"145","255549","20221005094000","144","1","彰化縣","芳苑鄉","120.385","23.955","146"
"132","255550","20221005094000","102","2","彰化縣","芳苑鄉","120.390","23.955","120"
"174","255551","20221005094000","136","2","彰化縣","芳苑鄉","120.395","23.955","187"
"151","255559","20221005094000","89","3","彰化縣","芳苑鄉","120.385","23.970","144"
"74","255593","20221005094000","49","3","南投縣","國姓鄉","120.855","23.995","74"
"298","255626","20221005094000","215","2","南投縣","國姓鄉","120.840","24.005","310"
"110","255633","20221005094000","348","0","南投縣","國姓鄉","120.815","24.000","112"
"11","255636","20221005094000","114","0","南投縣","國姓鄉","120.815","24.005","12"
"23","255646","20221005094000","349","0","南投縣","埔里鎮","120.955","23.995","25"
"615","255647","20221005094000","312","3","南投縣","埔里鎮","120.960","23.965","694"
"15","255663","20221005094000","240","0","南投縣","埔里鎮","121.000","23.955","20"
"205","255680","20221005094000","241","0","南投縣","埔里鎮","121.000","23.965","221"
"1149","255708","20221005094000","1125","1","南投縣","埔里鎮","120.995","23.975","1196"
"246","255724","20221005094000","206","1","南投縣","埔里鎮","121.005","23.980","306"
"80","255748","20221005094000","158","0","南投縣","埔里鎮","121.020","23.990","158"
"29","255778","20221005094000","88","0","南投縣","仁愛鄉","121.040","24.000","59"
"64","255784","20221005094000","54","1","南投縣","埔里鎮","121.055","24.000","87"
"1386","255785","20221005094000","1387","0","南投縣","埔里鎮","120.965","23.965","1357"
"52","255786","20221005094000","58","0","南投縣","埔里鎮","120.965","23.970","51"
"386","255794","20221005094000","248","3","南投縣","埔里鎮","120.990","23.930","360"
"697","255798","20221005094000","491","2","彰化縣","埔鹽鄉","120.485","24.005","695"
"579","255803","20221005094000","470","2","彰化縣","埔鹽鄉","120.475","23.995","595"
"890","255804","20221005094000","539","3","彰化縣","埔鹽鄉","120.480","23.995","853"
"340","255810","20221005094000","181","3","彰化縣","埔鹽鄉","120.455","24.010","319"
"27","255814","20221005094000","421","0","彰化縣","埔鹽鄉","120.430","23.980","23"
"336","255817","20221005094000","236","2","彰化縣","埔鹽鄉","120.445","23.960","314"
"335","255822","20221005094000","164","3","彰化縣","埔鹽鄉","120.440","23.975","336"
"738","255835","20221005094000","648","1","彰化縣","埔鹽鄉","120.465","24.000","715"
"226","255836","20221005094000","137","3","彰化縣","埔鹽鄉","120.460","24.005","208"
"637","255841","20221005094000","448","2","彰化縣","花壇鄉","120.575","24.005","659"
"12","255845","20221005094000","97","0","彰化縣","花壇鄉","120.585","24.010","14"
"262","255861","20221005094000","106","3","彰化縣","埔鹽鄉","120.450","23.985","277"
"81","255868","20221005094000","310","0","彰化縣","埔鹽鄉","120.445","23.985","69"
"326","255875","20221005094000","232","2","彰化縣","埔鹽鄉","120.465","23.970","339"
"267","255894","20221005094000","211","2","彰化縣","埔鹽鄉","120.490","23.990","247"
"23","255901","20221005094000","220","0","彰化縣","埔鹽鄉","120.490","23.975","20"
"51","255903","20221005094000","498","0","彰化縣","埔鹽鄉","120.480","23.980","54"
"675","255912","20221005094000","547","2","彰化縣","大村鄉","120.530","23.990","652"
"602","255913","20221005094000","488","2","彰化縣","大村鄉","120.535","23.990","619"
"867","255917","20221005094000","829","1","彰化縣","大村鄉","120.555","23.990","860"
"441","255920","20221005094000","947","0","彰化縣","大村鄉","120.575","23.985","496"
"366","255921","20221005094000","328","1","彰化縣","大村鄉","120.580","23.985","348"
"417","255923","20221005094000","384","1","彰化縣","大村鄉","120.590","23.985","410"
"72","255924","20221005094000","68","1","彰化縣","大村鄉","120.595","23.985","71"
"181","255941","20221005094000","145","2","彰化縣","大村鄉","120.540","23.980","162"
"466","255950","20221005094000","325","2","彰化縣","大村鄉","120.510","23.985","477"
"323","255953","20221005094000","213","3","彰化縣","大村鄉","120.520","23.985","371"
"213","255956","20221005094000","1239","0","彰化縣","大村鄉","120.560","23.990","200"
"81","255962","20221005094000","71","1","彰化縣","埔鹽鄉","120.430","23.995","100"
"456","255975","20221005094000","196","3","彰化縣","埔鹽鄉","120.420","23.990","436"
"98","255987","20221005094000","420","0","彰化縣","埔鹽鄉","120.450","24.005","100"
"372","256002","20221005094000","683","0","南投縣","埔里鎮","120.945","23.965","388"
"162","256004","20221005094000","1317","0","南投縣","埔里鎮","120.945","23.970","142"
"61","256025","20221005094000","56","1","南投縣","埔里鎮","120.890","23.955","71"
"817","256042","20221005094000","1007","0","南投縣","埔里鎮","120.945","23.975","798"
"609","256043","20221005094000","423","2","南投縣","埔里鎮","120.925","23.980","569"
"57","256061","20221005094000","58","0","彰化縣","員林鎮","120.605","23.950","50"
"841","256062","20221005094000","858","0","彰化縣","員林鎮","120.605","23.955","941"
"70","256063","20221005094000","418","0","南投縣","南投市","120.670","23.930","71"
"38","256065","20221005094000","263","0","南投縣","南投市","120.675","23.935","40"
"24","256071","20221005094000","30","0","南投縣","南投市","120.730","23.930","16"
"1019","256085","20221005094000","742","2","南投縣","南投市","120.660","23.930","978"
"519","256086","20221005094000","508","1","南投縣","南投市","120.665","23.930","499"
"553","256089","20221005094000","423","2","南投縣","南投市","120.670","23.940","528"
"407","256091","20221005094000","458","0","彰化縣","員林鎮","120.570","23.965","399"
"1153","256092","20221005094000","1310","0","彰化縣","員林鎮","120.575","23.965","1142"
"2194","256094","20221005094000","1994","1","彰化縣","員林鎮","120.580","23.960","2130"
"21","256095","20221005094000","17","2","彰化縣","員林鎮","120.585","23.960","15"
"1589","256096","20221005094000","1062","2","彰化縣","員林鎮","120.580","23.965","1630"
"124","256144","20221005094000","128","0","南投縣","仁愛鄉","121.080","23.995","135"
"167","256164","20221005094000","137","2","南投縣","仁愛鄉","121.085","24.000","170"
"11","256171","20221005094000","81","0","南投縣","仁愛鄉","121.070","24.005","11"
"10","256180","20221005094000","80","0","南投縣","仁愛鄉","121.130","23.980","10"
"386","256187","20221005094000","268","2","南投縣","仁愛鄉","121.100","23.990","417"
"88","256354","20221005094000","64","2","南投縣","仁愛鄉","121.075","23.930","88"
"161","256404","20221005094000","112","2","南投縣","仁愛鄉","121.075","23.950","172"
"25","256598","20221005094000","22","1","南投縣","仁愛鄉","121.120","23.950","30"
"22","256645","20221005094000","12","3","南投縣","仁愛鄉","121.175","23.955","26"
"237","256716","20221005094000","79","3","南投縣","仁愛鄉","121.130","23.960","249"
"11","256753","20221005094000","84","0","南投縣","仁愛鄉","121.105","23.965","11"
"166","256953","20221005094000","1545","0","彰化縣","員林鎮","120.575","23.950","165"
"46","256962","20221005094000","32","2","彰化縣","員林鎮","120.615","23.950","40"
"39","256968","20221005094000","177","0","彰化縣","員林鎮","120.625","23.955","45"
"25","256971","20221005094000","178","0","彰化縣","員林鎮","120.550","23.965","22"
"136","256976","20221005094000","150","0","彰化縣","員林鎮","120.605","23.945","119"
"61","256977","20221005094000","50","2","彰化縣","員林鎮","120.610","23.945","52"
"232","256978","20221005094000","181","2","彰化縣","員林鎮","120.615","23.945","222"
"1553","256982","20221005094000","1463","1","彰化縣","員林鎮","120.565","23.955","1512"
"2813","256983","20221005094000","2152","2","彰化縣","員林鎮","120.565","23.960","2712"
"446","256986","20221005094000","228","3","彰化縣","員林鎮","120.595","23.975","354"
"423","256988","20221005094000","351","2","彰化縣","大村鄉","120.590","23.980","407"
"1698","256995","20221005094000","1339","2","彰化縣","員林鎮","120.575","23.955","1706"
"67","256996","20221005094000","51","2","彰化縣","員林鎮","120.595","23.935","71"
"97","256997","20221005094000","429","0","彰化縣","員林鎮","120.605","23.935","106"
"82","257007","20221005094000","87","0","彰化縣","員林鎮","120.620","23.940","73"
"327","257021","20221005094000","262","2","彰化縣","二林鎮","120.415","23.955","317"
"110","257028","20221005094000","83","2","彰化縣","二林鎮","120.430","23.955","126"
"463","257055","20221005094000","381","2","彰化縣","二林鎮","120.400","23.930","439"
"119","257083","20221005094000","498","0","南投縣","草屯鎮","120.670","23.950","112"
"35","257086","20221005094000","329","0","南投縣","草屯鎮","120.680","23.955","25"
"645","257088","20221005094000","3014","0","南投縣","草屯鎮","120.680","23.960","717"
"135","257089","20221005094000","804","0","南投縣","草屯鎮","120.680","23.965","170"
"61","257092","20221005094000","676","0","彰化縣","員林鎮","120.570","23.945","65"
"484","257094","20221005094000","433","1","彰化縣","員林鎮","120.590","23.950","450"
"321","257095","20221005094000","233","2","彰化縣","員林鎮","120.595","23.950","359"
"1068","257097","20221005094000","1020","1","彰化縣","員林鎮","120.570","23.950","1058"
"120","257100","20221005094000","442","0","彰化縣","員林鎮","120.585","23.970","67"
"725","257103","20221005094000","334","3","彰化縣","二林鎮","120.455","23.930","697"
"270","257115","20221005094000","178","3","彰化縣","二林鎮","120.445","23.945","247"
"999","257118","20221005094000","688","2","彰化縣","二林鎮","120.440","23.950","1006"
"810","257124","20221005094000","602","2","彰化縣","員林鎮","120.590","23.940","775"
"174","257135","20221005094000","206","0","彰化縣","埔心鄉","120.510","23.940","214"
"12","257145","20221005094000","309","0","彰化縣","溪湖鎮","120.485","23.940","13"
"24","257149","20221005094000","181","0","彰化縣","溪湖鎮","120.480","23.955","26"
"407","257152","20221005094000","1474","0","南投縣","草屯鎮","120.685","23.975","431"
"581","257154","20221005094000","515","1","南投縣","草屯鎮","120.725","23.980","510"
"52","257160","20221005094000","52","1","南投縣","草屯鎮","120.720","23.990","54"
"124","257162","20221005094000","111","1","南投縣","草屯鎮","120.730","23.990","122"
"948","257166","20221005094000","388","3","南投縣","草屯鎮","120.680","23.970","842"
"1353","257168","20221005094000","1619","0","南投縣","草屯鎮","120.680","23.980","1385"
"29","257171","20221005094000","368","0","南投縣","草屯鎮","120.655","24.000","22"
"440","257173","20221005094000","362","2","南投縣","草屯鎮","120.665","24.000","420"
"82","257176","20221005094000","404","0","南投縣","草屯鎮","120.650","24.005","97"
"236","257181","20221005094000","271","0","南投縣","草屯鎮","120.725","23.995","266"
"341","257193","20221005094000","261","2","南投縣","草屯鎮","120.730","24.000","427"
"558","257213","20221005094000","519","1","彰化縣","溪湖鎮","120.450","23.955","553"
"654","257215","20221005094000","510","2","彰化縣","溪湖鎮","120.460","23.955","644"
"17","257222","20221005094000","13","2","南投縣","草屯鎮","120.750","23.975","14"
"419","257229","20221005094000","292","2","南投縣","草屯鎮","120.750","23.980","420"
"326","257235","20221005094000","304","1","南投縣","草屯鎮","120.750","23.985","306"
"63","257245","20221005094000","42","3","南投縣","草屯鎮","120.720","23.955","52"
"120","257251","20221005094000","115","1","南投縣","中寮鄉","120.750","23.955","120"
"21","257266","20221005094000","28","0","南投縣","草屯鎮","120.740","23.965","24"
"149","257267","20221005094000","123","2","南投縣","草屯鎮","120.745","23.965","148"
"135","257273","20221005094000","99","2","南投縣","草屯鎮","120.705","23.960","131"
"644","257282","20221005094000","511","2","南投縣","草屯鎮","120.705","23.975","653"
"965","257285","20221005094000","702","2","南投縣","草屯鎮","120.695","23.980","892"
"1538","257286","20221005094000","1235","2","南投縣","草屯鎮","120.700","23.980","1515"
"781","257289","20221005094000","782","0","南投縣","草屯鎮","120.715","23.980","714"
"1199","257294","20221005094000","826","2","南投縣","南投市","120.685","23.955","1219"
"121","257295","20221005094000","549","0","南投縣","草屯鎮","120.685","23.960","132"
"1636","257299","20221005094000","990","3","南投縣","草屯鎮","120.690","23.965","1618"
"25","257300","20221005094000","30","0","南投縣","草屯鎮","120.695","23.965","24"
"140","257307","20221005094000","152","0","南投縣","草屯鎮","120.775","23.985","181"
"53","257320","20221005094000","85","0","南投縣","草屯鎮","120.765","23.995","58"
"405","257342","20221005094000","518","0","南投縣","草屯鎮","120.700","23.985","540"
"68","257346","20221005094000","70","0","南投縣","草屯鎮","120.705","23.990","55"
"125","257348","20221005094000","222","0","南投縣","草屯鎮","120.715","23.990","147"
"276","257349","20221005094000","1005","0","南投縣","草屯鎮","120.690","23.995","279"
"143","257351","20221005094000","145","0","南投縣","草屯鎮","120.700","23.995","174"
"499","257354","20221005094000","455","1","南投縣","草屯鎮","120.715","23.995","454"
"575","257356","20221005094000","352","3","南投縣","草屯鎮","120.695","23.995","620"
"834","257362","20221005094000","627","2","南投縣","草屯鎮","120.695","24.000","796"
"315","257365","20221005094000","231","2","南投縣","草屯鎮","120.710","24.000","400"
"72","257366","20221005094000","99","0","南投縣","草屯鎮","120.670","23.960","60"
"451","257368","20221005094000","178","3","南投縣","草屯鎮","120.675","23.965","466"
"211","257369","20221005094000","169","2","南投縣","草屯鎮","120.670","23.970","190"
"474","257370","20221005094000","342","2","南投縣","草屯鎮","120.670","23.975","529"
"302","257373","20221005094000","214","2","南投縣","草屯鎮","120.675","23.980","300"
"776","257376","20221005094000","1081","0","南投縣","草屯鎮","120.680","23.985","786"
"360","257377","20221005094000","282","2","南投縣","草屯鎮","120.670","23.990","373"
"43","257381","20221005094000","186","0","南投縣","草屯鎮","120.670","23.995","39"
"415","257386","20221005094000","126","3","南投縣","草屯鎮","120.685","23.990","459"
"434","257387","20221005094000","339","2","南投縣","草屯鎮","120.680","23.995","460"
"73","257389","20221005094000","287","0","南投縣","草屯鎮","120.680","24.000","100"
"543","257396","20221005094000","396","2","南投縣","草屯鎮","120.680","24.005","515"
"165","257400","20221005094000","746","0","南投縣","草屯鎮","120.685","23.985","304"
"2258","257401","20221005094000","1799","2","南投縣","草屯鎮","120.685","23.980","2265"
"98","257403","20221005094000","221","0","南投縣","草屯鎮","120.640","23.995","108"
"373","257407","20221005094000","444","0","南投縣","草屯鎮","120.660","23.995","406"
"64","257410","20221005094000","243","0","南投縣","草屯鎮","120.650","23.995","55"
"140","257415","20221005094000","109","2","南投縣","草屯鎮","120.655","23.965","164"
"571","257418","20221005094000","455","2","南投縣","草屯鎮","120.650","23.970","657"
"423","257422","20221005094000","249","3","南投縣","草屯鎮","120.650","23.975","500"
"255","257424","20221005094000","188","2","南投縣","草屯鎮","120.660","23.975","286"
"88","257426","20221005094000","283","0","南投縣","草屯鎮","120.650","23.980","105"
"190","257429","20221005094000","581","0","南投縣","草屯鎮","120.665","23.950","154"
"122","257438","20221005094000","291","0","南投縣","草屯鎮","120.660","23.960","112"
"150","257439","20221005094000","118","2","南投縣","草屯鎮","120.665","23.960","151"
"231","257496","20221005094000","185","2","南投縣","草屯鎮","120.795","23.985","231"
"230","257505","20221005094000","184","2","南投縣","草屯鎮","120.795","23.990","233"
"359","257522","20221005094000","177","3","南投縣","草屯鎮","120.800","24.000","370"
"68","257550","20221005094000","264","0","彰化縣","福興鄉","120.410","24.005","76"
"143","257580","20221005094000","112","2","彰化縣","芳苑鄉","120.400","23.995","125"
"522","257591","20221005094000","404","2","彰化縣","芳苑鄉","120.365","24.000","531"
"232","257595","20221005094000","194","1","彰化縣","芳苑鄉","120.385","24.000","227"
"360","257609","20221005094000","288","2","彰化縣","芳苑鄉","120.370","24.005","353"
"300","257631","20221005094000","152","3","彰化縣","芳苑鄉","120.340","23.965","360"
"124","257632","20221005094000","610","0","彰化縣","芳苑鄉","120.345","23.965","117"
"44","257638","20221005094000","29","3","彰化縣","芳苑鄉","120.325","23.970","34"
"313","257669","20221005094000","1108","0","彰化縣","秀水鄉","120.510","23.995","348"
"585","257680","20221005094000","360","3","彰化縣","秀水鄉","120.520","24.000","598"
"1121","257685","20221005094000","851","2","彰化縣","福興鄉","120.490","24.010","1086"
"2089","257686","20221005094000","1610","2","彰化縣","福興鄉","120.495","24.010","2035"
"32","257694","20221005094000","18","3","彰化縣","芬園鄉","120.605","24.005","31"
"456","257699","20221005094000","233","3","彰化縣","溪湖鎮","120.490","23.950","463"
"578","257700","20221005094000","488","1","彰化縣","溪湖鎮","120.495","23.950","608"
"843","257703","20221005094000","502","3","彰化縣","溪湖鎮","120.475","23.960","799"
"315","257704","20221005094000","225","2","彰化縣","溪湖鎮","120.465","23.965","351"
"2297","257708","20221005094000","2064","1","彰化縣","溪湖鎮","120.480","23.960","2254"
"395","257713","20221005094000","297","2","彰化縣","溪湖鎮","120.485","23.935","406"
"25","257720","20221005094000","22","1","彰化縣","溪湖鎮","120.500","23.940","43"
"58","257725","20221005094000","293","0","彰化縣","溪湖鎮","120.505","23.950","62"
"26","257726","20221005094000","233","0","彰化縣","溪湖鎮","120.510","23.950","31"
"108","257727","20221005094000","470","0","彰化縣","溪湖鎮","120.490","23.955","123"
"78","257728","20221005094000","116","0","彰化縣","溪湖鎮","120.495","23.955","84"
"484","257729","20221005094000","474","1","彰化縣","溪湖鎮","120.485","23.960","422"
"401","257733","20221005094000","311","2","彰化縣","溪湖鎮","120.490","23.965","384"
"450","257734","20221005094000","445","1","彰化縣","溪湖鎮","120.485","23.970","457"
"328","257750","20221005094000","223","2","彰化縣","芬園鄉","120.625","23.965","310"
"142","257766","20221005094000","212","0","彰化縣","溪湖鎮","120.475","23.950","160"
"453","257767","20221005094000","617","0","彰化縣","溪湖鎮","120.475","23.955","467"
"191","257778","20221005094000","170","1","彰化縣","溪湖鎮","120.475","23.970","214"
"847","257781","20221005094000","726","1","彰化縣","溪湖鎮","120.470","23.980","804"
"172","257784","20221005094000","156","1","南投縣","草屯鎮","120.670","23.980","187"
"131","257785","20221005094000","477","0","南投縣","草屯鎮","120.650","23.985","123"
"231","257788","20221005094000","308","0","南投縣","草屯鎮","120.665","23.985","224"
"287","257792","20221005094000","297","0","南投縣","草屯鎮","120.665","23.990","299"
"22","257795","20221005094000","368","0","彰化縣","社頭鄉","120.605","23.930","35"
"139","257797","20221005094000","131","1","彰化縣","社頭鄉","120.615","23.930","180"
"109","257798","20221005094000","51","3","彰化縣","社頭鄉","120.620","23.930","101"
"428","257802","20221005094000","279","3","彰化縣","芬園鄉","120.630","23.995","419"
"20","257808","20221005094000","10","3","彰化縣","芬園鄉","120.615","24.005","14"
"1671","257810","20221005094000","1040","3","彰化縣","芬園鄉","120.630","24.010","1654"
"40","257812","20221005094000","195","0","彰化縣","芬園鄉","120.640","24.010","39"
"42","257813","20221005094000","26","3","彰化縣","芬園鄉","120.645","24.010","42"
"399","257817","20221005094000","214","3","彰化縣","埔鹽鄉","120.425","23.995","400"
"29","257823","20221005094000","180","0","彰化縣","埔鹽鄉","120.430","24.005","34"
"287","257824","20221005094000","162","3","彰化縣","福興鄉","120.420","24.010","290"
"21","257825","20221005094000","11","3","彰化縣","福興鄉","120.425","24.010","23"
"278","257827","20221005094000","910","0","彰化縣","秀水鄉","120.515","24.010","293"
"260","257834","20221005094000","149","3","彰化縣","芬園鄉","120.620","23.980","233"
"268","257851","20221005094000","106","3","彰化縣","芬園鄉","120.610","23.995","247"
"81","257857","20221005094000","66","2","彰化縣","芬園鄉","120.625","24.000","77"
"31","257867","20221005094000","220","0","彰化縣","芬園鄉","120.645","23.965","31"
"390","257871","20221005094000","256","3","彰化縣","芬園鄉","120.640","23.975","390"
"28","257882","20221005094000","341","0","彰化縣","花壇鄉","120.550","24.010","28"
"48","257884","20221005094000","46","1","彰化縣","花壇鄉","120.570","24.010","47"
"516","257886","20221005094000","497","1","彰化縣","社頭鄉","120.575","23.930","508"
"330","257898","20221005094000","383","0","南投縣","草屯鎮","120.730","23.975","364"
"269","257902","20221005094000","220","2","南投縣","草屯鎮","120.735","23.980","262"
"666","257907","20221005094000","1162","0","彰化縣","溪湖鎮","120.480","23.965","626"
"24","257908","20221005094000","377","0","彰化縣","溪湖鎮","120.480","23.970","34"
"1749","263412","20221005094000","1535","1","臺中市","霧峰區","120.690","24.045","1642"
"987","263414","20221005094000","669","2","臺中市","霧峰區","120.685","24.050","923"
"201","263420","20221005094000","132","3","臺中市","霧峰區","120.705","24.045","198"
"33","263428","20221005094000","38","0","臺中市","霧峰區","120.705","24.055","32"
"607","263432","20221005094000","676","0","臺中市","霧峰區","120.705","24.060","607"
"35","263433","20221005094000","395","0","臺中市","霧峰區","120.710","24.060","39"
"50","263450","20221005094000","288","0","臺中市","霧峰區","120.700","24.020","51"
"421","263482","20221005094000","454","0","臺中市","霧峰區","120.700","24.030","435"
"466","263484","20221005094000","479","0","臺中市","霧峰區","120.695","24.035","472"
"327","263486","20221005094000","405","0","臺中市","霧峰區","120.710","24.070","393"
"1613","263487","20221005094000","961","3","臺中市","霧峰區","120.715","24.070","1574"
"274","263488","20221005094000","199","2","臺中市","霧峰區","120.720","24.070","311"
"771","263490","20221005094000","602","2","臺中市","霧峰區","120.705","24.075","824"
"326","263491","20221005094000","340","0","臺中市","霧峰區","120.710","24.075","289"
"1317","263492","20221005094000","1267","1","臺中市","霧峰區","120.715","24.075","1344"
"11","263493","20221005094000","266","0","臺中市","霧峰區","120.720","24.075","16"
"515","263495","20221005094000","378","2","臺中市","霧峰區","120.710","24.080","556"
"11","263497","20221005094000","22","0","臺中市","大里區","120.720","24.080","20"
"19","263499","20221005094000","51","0","臺中市","霧峰區","120.665","24.060","20"
"20","263518","20221005094000","91","0","臺中市","霧峰區","120.730","24.040","20"
"989","263528","20221005094000","934","1","臺中市","霧峰區","120.695","24.040","931"
"56","263539","20221005094000","78","0","臺中市","霧峰區","120.695","24.045","58"
"116","263553","20221005094000","78","2","臺中市","霧峰區","120.725","24.030","124"
"214","263569","20221005094000","130","3","臺中市","霧峰區","120.725","24.035","205"
"12","263573","20221005094000","110","0","臺中市","霧峰區","120.750","24.035","15"
"590","263579","20221005094000","526","1","臺中市","大里區","120.695","24.080","610"
"2688","263581","20221005094000","2187","2","臺中市","大里區","120.695","24.085","2477"
"248","263583","20221005094000","258","0","臺中市","大里區","120.690","24.085","253"
"125","263584","20221005094000","120","1","臺中市","大里區","120.700","24.080","131"
"1460","263585","20221005094000","1257","1","臺中市","大里區","120.700","24.085","1489"
"22","263586","20221005094000","312","0","臺中市","大里區","120.705","24.085","25"
"893","263587","20221005094000","884","1","臺中市","大里區","120.705","24.090","871"
"415","263588","20221005094000","422","0","臺中市","大里區","120.715","24.095","437"
"13","263615","20221005094000","16","0","臺中市","太平區","120.780","24.090","12"
"62","263708","20221005094000","35","3","臺中市","太平區","120.755","24.085","46"
"44","263716","20221005094000","121","0","臺中市","太平區","120.745","24.090","56"
"246","263736","20221005094000","267","0","臺中市","霧峰區","120.700","24.050","221"
"742","263737","20221005094000","593","2","臺中市","霧峰區","120.695","24.055","701"
"147","263738","20221005094000","120","2","臺中市","霧峰區","120.700","24.055","116"
"63","263741","20221005094000","420","0","臺中市","霧峰區","120.680","24.060","56"
"1098","263743","20221005094000","941","1","臺中市","霧峰區","120.680","24.065","1150"
"13","263745","20221005094000","23","0","臺中市","霧峰區","120.690","24.065","15"
"607","263746","20221005094000","488","2","臺中市","霧峰區","120.680","24.070","618"
"99","263747","20221005094000","619","0","臺中市","霧峰區","120.700","24.070","97"
"112","263753","20221005094000","103","1","臺中市","新社區","120.885","24.095","112"
"854","263758","20221005094000","781","1","臺中市","大里區","120.685","24.075","865"
"540","263759","20221005094000","334","3","臺中市","大里區","120.690","24.075","529"
"336","263764","20221005094000","690","0","臺中市","大里區","120.680","24.085","315"
"11","263765","20221005094000","263","0","臺中市","大里區","120.685","24.085","13"
"323","263766","20221005094000","291","1","臺中市","太平區","120.730","24.095","336"
"24","263775","20221005094000","18","2","臺中市","霧峰區","120.725","24.060","55"
"365","263776","20221005094000","379","0","臺中市","霧峰區","120.705","24.065","325"
"270","263778","20221005094000","262","1","臺中市","霧峰區","120.715","24.065","266"
"53","263794","20221005094000","136","0","臺中市","霧峰區","120.745","24.045","53"
"139","263828","20221005094000","199","0","臺中市","霧峰區","120.745","24.060","128"
"52","263842","20221005094000","40","2","臺中市","霧峰區","120.760","24.065","36"
"88","263846","20221005094000","40","3","臺中市","霧峰區","120.735","24.070","81"
"443","263863","20221005094000","381","1","臺中市","霧峰區","120.695","24.015","444"
"777","263864","20221005094000","683","1","臺中市","霧峰區","120.685","24.020","815"
"609","263875","20221005094000","495","2","臺中市","烏日區","120.655","24.055","615"
"516","263876","20221005094000","486","1","臺中市","烏日區","120.660","24.055","482"
"367","263878","20221005094000","311","1","臺中市","烏日區","120.655","24.045","413"
"413","263884","20221005094000","332","2","臺中市","烏日區","120.650","24.050","402"
"487","263885","20221005094000","663","0","臺中市","烏日區","120.635","24.070","511"
"1721","263888","20221005094000","1610","1","臺中市","烏日區","120.635","24.080","1730"
"949","263891","20221005094000","505","3","臺中市","烏日區","120.625","24.090","791"
"1738","263900","20221005094000","1573","1","臺中市","烏日區","120.640","24.075","1741"
"1056","263902","20221005094000","905","1","臺中市","烏日區","120.650","24.075","1060"
"42","263907","20221005094000","1148","0","臺中市","烏日區","120.645","24.085","44"
"342","263933","20221005094000","270","2","臺中市","烏日區","120.635","24.050","288"
"2887","263942","20221005094000","2133","2","臺中市","大里區","120.680","24.095","2843"
"354","263943","20221005094000","314","1","臺中市","大里區","120.665","24.095","380"
"1056","263945","20221005094000","1027","1","臺中市","大里區","120.690","24.090","1065"
"1090","263946","20221005094000","969","1","臺中市","大里區","120.695","24.095","1046"
"308","263948","20221005094000","266","1","臺中市","大里區","120.705","24.095","324"
"193","263949","20221005094000","236","0","臺中市","大里區","120.710","24.095","192"
"744","263950","20221005094000","745","0","臺中市","大里區","120.715","24.090","721"
"969","263951","20221005094000","973","0","臺中市","大里區","120.720","24.095","953"
"1008","263954","20221005094000","942","1","臺中市","大里區","120.700","24.095","995"
"512","263960","20221005094000","446","1","臺中市","大里區","120.735","24.090","540"
"964","263962","20221005094000","1045","0","臺中市","大里區","120.720","24.090","1010"
"549","263964","20221005094000","550","0","臺中市","大里區","120.730","24.090","582"
"662","263969","20221005094000","870","0","臺中市","大里區","120.710","24.085","682"
"225","263970","20221005094000","408","0","臺中市","大里區","120.715","24.085","246"
"272","263971","20221005094000","247","1","臺中市","大里區","120.720","24.085","236"
"46","263975","20221005094000","80","0","臺中市","大里區","120.710","24.090","51"
"170","263977","20221005094000","99","3","臺中市","大里區","120.665","24.085","172"
"22","263979","20221005094000","392","0","臺中市","大里區","120.675","24.085","34"
"308","263989","20221005094000","483","0","臺中市","大里區","120.685","24.095","294"
"381","263990","20221005094000","346","1","臺中市","大里區","120.690","24.095","391"
"129","263991","20221005094000","265","0","臺中市","霧峰區","120.695","24.065","144"
"2472","263992","20221005094000","2506","0","臺中市","霧峰區","120.700","24.065","2466"
"775","263995","20221005094000","401","3","臺中市","霧峰區","120.665","24.065","779"
"198","263999","20221005094000","716","0","臺中市","霧峰區","120.665","24.070","213"
"44","264007","20221005094000","576","0","臺中市","霧峰區","120.655","24.085","41"
"48","264008","20221005094000","478","0","臺中市","霧峰區","120.650","24.085","44"
"260","264016","20221005094000","212","2","臺中市","霧峰區","120.690","24.040","262"
"59","264018","20221005094000","475","0","臺中市","霧峰區","120.685","24.045","43"
"14","264024","20221005094000","386","0","臺中市","霧峰區","120.665","24.040","16"
"402","264029","20221005094000","256","3","臺中市","霧峰區","120.660","24.050","365"
"732","264031","20221005094000","603","2","臺中市","大里區","120.700","24.090","741"
"78","264037","20221005094000","62","2","臺中市","霧峰區","120.670","24.025","69"
"16","264042","20221005094000","278","0","臺中市","霧峰區","120.670","24.030","21"
"183","264047","20221005094000","222","0","花蓮縣","秀林鄉","121.580","24.020","183"
"203","264094","20221005094000","191","1","花蓮縣","秀林鄉","121.595","24.050","206"
"872","264107","20221005094000","1056","0","花蓮縣","秀林鄉","121.600","24.055","903"
"384","264435","20221005094000","360","1","花蓮縣","新城鄉","121.610","24.080","382"
"219","264642","20221005094000","238","0","花蓮縣","新城鄉","121.595","24.015","232"
"286","264655","20221005094000","269","1","花蓮縣","新城鄉","121.590","24.035","346"
"157","264661","20221005094000","153","1","花蓮縣","新城鄉","121.595","24.040","174"
"829","264663","20221005094000","556","2","花蓮縣","新城鄉","121.605","24.030","807"
"357","264665","20221005094000","341","1","花蓮縣","新城鄉","121.605","24.035","332"
"357","264667","20221005094000","344","1","花蓮縣","新城鄉","121.600","24.035","321"
"2059","264676","20221005094000","1742","1","臺中市","烏日區","120.645","24.060","2079"
"85","264678","20221005094000","669","0","臺中市","烏日區","120.655","24.060","79"
"393","264683","20221005094000","523","0","臺中市","烏日區","120.640","24.065","404"
"408","264700","20221005094000","282","2","臺中市","烏日區","120.620","24.090","405"
"463","264703","20221005094000","326","2","臺中市","霧峰區","120.675","24.040","483"
"333","264707","20221005094000","199","3","臺中市","霧峰區","120.680","24.045","381"
"420","264712","20221005094000","344","2","臺中市","霧峰區","120.675","24.050","444"
"928","264717","20221005094000","1051","0","臺中市","烏日區","120.645","24.090","881"
"413","264719","20221005094000","379","1","臺中市","烏日區","120.635","24.095","393"
"37","264720","20221005094000","33","1","臺中市","烏日區","120.640","24.095","45"
"41","264722","20221005094000","200","0","臺中市","烏日區","120.645","24.095","48"
"516","264725","20221005094000","496","1","臺中市","烏日區","120.655","24.095","526"
"174","264726","20221005094000","149","1","臺中市","大里區","120.660","24.095","188"
"947","264728","20221005094000","942","1","花蓮縣","花蓮市","121.625","24.010","905"
"816","264732","20221005094000","731","1","花蓮縣","花蓮市","121.630","24.015","834"
"329","264737","20221005094000","433","0","花蓮縣","花蓮市","121.635","24.025","425"
"108","265344","20221005094000","53","3","南投縣","國姓鄉","120.830","24.030","107"
"12","265374","20221005094000","13","0","南投縣","國姓鄉","120.800","24.045","18"
"76","265406","20221005094000","35","3","南投縣","國姓鄉","120.825","24.070","61"
"20","265430","20221005094000","23","0","南投縣","國姓鄉","120.880","24.050","30"
"102","265436","20221005094000","95","1","南投縣","國姓鄉","120.910","24.050","119"
"122","265440","20221005094000","125","0","南投縣","國姓鄉","120.930","24.050","119"
"541","265442","20221005094000","293","3","南投縣","國姓鄉","120.880","24.055","557"
"233","265449","20221005094000","209","1","南投縣","國姓鄉","120.915","24.055","240"
"30","265465","20221005094000","27","1","南投縣","國姓鄉","120.930","24.060","23"
"87","265467","20221005094000","99","0","南投縣","國姓鄉","120.940","24.060","96"
"10","265498","20221005094000","12","0","南投縣","國姓鄉","120.930","24.075","11"
"75","265569","20221005094000","400","0","南投縣","國姓鄉","120.850","24.040","95"
"45","265593","20221005094000","151","0","南投縣","埔里鎮","120.910","24.025","34"
"20","265615","20221005094000","247","0","南投縣","埔里鎮","120.920","24.040","20"
"360","265622","20221005094000","241","2","南投縣","國姓鄉","120.930","24.045","356"
"68","265627","20221005094000","68","1","南投縣","埔里鎮","120.950","24.010","65"
"86","265628","20221005094000","303","0","南投縣","埔里鎮","120.945","24.015","75"
"13","265631","20221005094000","24","0","南投縣","埔里鎮","120.940","24.020","16"
"231","265633","20221005094000","200","1","南投縣","埔里鎮","120.950","24.020","224"
"113","265651","20221005094000","101","1","南投縣","埔里鎮","120.950","24.035","104"
"49","265706","20221005094000","120","0","花蓮縣","花蓮市","121.590","24.010","54"
"894","265708","20221005094000","1028","0","花蓮縣","新城鄉","121.610","24.015","898"
"100","265711","20221005094000","94","1","花蓮縣","新城鄉","121.605","24.020","89"
"785","265716","20221005094000","734","1","花蓮縣","新城鄉","121.605","24.025","830"
"165","265719","20221005094000","215","0","花蓮縣","新城鄉","121.620","24.025","189"
"220","265723","20221005094000","241","0","花蓮縣","新城鄉","121.615","24.030","195"
"73","265734","20221005094000","63","1","花蓮縣","新城鄉","121.625","24.035","77"
"582","265739","20221005094000","509","1","花蓮縣","新城鄉","121.605","24.040","560"
"332","265742","20221005094000","271","2","花蓮縣","新城鄉","121.610","24.045","356"
"12","265743","20221005094000","311","0","花蓮縣","新城鄉","121.615","24.045","10"
"82","265753","20221005094000","81","1","花蓮縣","新城鄉","121.615","24.060","82"
"272","265754","20221005094000","354","0","花蓮縣","新城鄉","121.610","24.065","301"
"583","265773","20221005094000","416","2","彰化縣","彰化市","120.570","24.085","577"
"773","265774","20221005094000","654","1","彰化縣","彰化市","120.575","24.090","815"
"251","265780","20221005094000","220","1","彰化縣","彰化市","120.620","24.045","240"
"349","265784","20221005094000","311","1","彰化縣","彰化市","120.620","24.060","333"
"1094","265794","20221005094000","1632","0","彰化縣","彰化市","120.535","24.090","1154"
"1461","265797","20221005094000","1185","2","彰化縣","彰化市","120.545","24.075","1494"
"1327","265798","20221005094000","663","3","彰化縣","彰化市","120.555","24.070","1435"
"1810","265800","20221005094000","1222","2","彰化縣","彰化市","120.545","24.085","1806"
"334","265801","20221005094000","305","1","彰化縣","彰化市","120.555","24.090","344"
"1882","265802","20221005094000","1665","1","彰化縣","彰化市","120.555","24.080","1917"
"144","265803","20221005094000","813","0","彰化縣","彰化市","120.560","24.080","126"
"1814","265804","20221005094000","1484","2","彰化縣","彰化市","120.555","24.085","1826"
"56","265805","20221005094000","105","0","彰化縣","彰化市","120.560","24.085","64"
"658","265806","20221005094000","700","0","彰化縣","彰化市","120.535","24.080","656"
"2325","265807","20221005094000","1499","3","彰化縣","彰化市","120.540","24.085","2272"
"2619","265808","20221005094000","1557","3","彰化縣","彰化市","120.545","24.090","2629"
"465","265810","20221005094000","230","3","彰化縣","彰化市","120.550","24.075","452"
"3528","265812","20221005094000","1384","3","彰化縣","彰化市","120.530","24.080","3487"
"72","265817","20221005094000","266","0","彰化縣","鹿港鎮","120.480","24.090","66"
"1022","265820","20221005094000","559","3","彰化縣","彰化市","120.535","24.070","1058"
"1360","265821","20221005094000","881","3","彰化縣","彰化市","120.530","24.065","1317"
"2212","265822","20221005094000","1395","3","彰化縣","彰化市","120.530","24.070","2207"
"568","265823","20221005094000","628","0","彰化縣","鹿港鎮","120.445","24.055","531"
"20","265824","20221005094000","253","0","彰化縣","鹿港鎮","120.445","24.060","22"
"17","265825","20221005094000","36","0","彰化縣","鹿港鎮","120.450","24.060","31"
"527","265826","20221005094000","508","1","彰化縣","鹿港鎮","120.445","24.065","539"
"26","265839","20221005094000","26","1","彰化縣","彰化市","120.580","24.075","21"
"384","265841","20221005094000","1627","0","彰化縣","彰化市","120.535","24.075","404"
"885","265848","20221005094000","630","2","彰化縣","鹿港鎮","120.460","24.080","747"
"391","265863","20221005094000","391","1","彰化縣","鹿港鎮","120.435","24.050","413"
"896","265864","20221005094000","1117","0","彰化縣","彰化市","120.550","24.085","929"
"136","265898","20221005094000","466","0","南投縣","國姓鄉","120.860","24.060","166"
"245","265927","20221005094000","176","2","南投縣","國姓鄉","120.845","24.025","346"
"64","265948","20221005094000","293","0","南投縣","國姓鄉","120.860","24.040","80"
"624","265956","20221005094000","340","3","南投縣","國姓鄉","120.855","24.045","229"
"354","265973","20221005094000","349","1","南投縣","國姓鄉","120.820","24.020","363"
"12","265977","20221005094000","212","0","南投縣","國姓鄉","120.825","24.025","12"
"3869","266081","20221005094000","3513","1","彰化縣","彰化市","120.535","24.065","3884"
"2183","266082","20221005094000","851","3","彰化縣","和美鎮","120.510","24.090","2099"
"320","266091","20221005094000","230","2","彰化縣","埔鹽鄉","120.455","24.015","287"
"3306","266093","20221005094000","1981","3","彰化縣","彰化市","120.540","24.070","3382"
"46","266099","20221005094000","514","0","彰化縣","花壇鄉","120.545","24.015","47"
"523","266100","20221005094000","381","2","彰化縣","花壇鄉","120.545","24.020","486"
"91","266107","20221005094000","87","1","彰化縣","花壇鄉","120.545","24.030","99"
"22","266111","20221005094000","45","0","彰化縣","花壇鄉","120.550","24.035","22"
"425","266122","20221005094000","336","2","彰化縣","埔鹽鄉","120.445","24.020","428"
"632","266124","20221005094000","184","3","彰化縣","彰化市","120.520","24.055","634"
"564","266127","20221005094000","690","0","彰化縣","彰化市","120.565","24.090","561"
"971","266128","20221005094000","564","3","彰化縣","彰化市","120.555","24.095","906"
"338","266129","20221005094000","225","3","彰化縣","彰化市","120.560","24.095","311"
"637","266131","20221005094000","601","1","彰化縣","彰化市","120.595","24.070","635"
"117","266132","20221005094000","135","0","彰化縣","彰化市","120.595","24.075","109"
"259","266134","20221005094000","171","3","彰化縣","彰化市","120.605","24.075","262"
"682","266136","20221005094000","605","1","彰化縣","彰化市","120.600","24.080","702"
"510","266138","20221005094000","336","3","彰化縣","彰化市","120.595","24.085","472"
"236","266153","20221005094000","184","2","彰化縣","彰化市","120.605","24.045","272"
"125","266154","20221005094000","95","2","彰化縣","彰化市","120.585","24.050","114"
"90","266155","20221005094000","106","0","彰化縣","彰化市","120.590","24.050","104"
"71","266157","20221005094000","53","2","彰化縣","彰化市","120.600","24.050","57"
"480","266166","20221005094000","318","3","彰化縣","彰化市","120.615","24.055","461"
"355","266168","20221005094000","303","1","彰化縣","彰化市","120.580","24.080","378"
"610","266169","20221005094000","546","1","彰化縣","彰化市","120.575","24.085","595"
"1285","266170","20221005094000","1027","2","彰化縣","彰化市","120.580","24.085","1254"
"247","266171","20221005094000","216","1","彰化縣","彰化市","120.560","24.075","215"
"807","266172","20221005094000","868","0","彰化縣","彰化市","120.550","24.080","825"
"1496","266176","20221005094000","364","3","彰化縣","和美鎮","120.495","24.085","1534"
"76","266180","20221005094000","69","1","彰化縣","和美鎮","120.495","24.090","78"
"1492","266182","20221005094000","3004","0","彰化縣","彰化市","120.535","24.085","1443"
"786","266183","20221005094000","817","0","彰化縣","和美鎮","120.525","24.095","767"
"298","266185","20221005094000","382","0","彰化縣","和美鎮","120.535","24.095","299"
"51","266190","20221005094000","57","0","彰化縣","秀水鄉","120.505","24.065","64"
"1498","266191","20221005094000","367","3","彰化縣","彰化市","120.510","24.065","1502"
"1265","266192","20221005094000","864","2","彰化縣","彰化市","120.515","24.065","1257"
"774","266194","20221005094000","173","3","彰化縣","彰化市","120.510","24.070","826"
"358","266196","20221005094000","257","2","彰化縣","花壇鄉","120.570","24.055","338"
"34","266205","20221005094000","256","0","彰化縣","彰化市","120.570","24.065","30"
"2998","266210","20221005094000","1124","3","彰化縣","彰化市","120.540","24.075","2934"
"4337","266211","20221005094000","3520","2","彰化縣","彰化市","120.540","24.080","4452"
"2088","266214","20221005094000","556","3","彰化縣","彰化市","120.525","24.080","2052"
"897","266216","20221005094000","660","2","彰化縣","彰化市","120.530","24.085","891"
"1322","266222","20221005094000","1279","1","彰化縣","彰化市","120.600","24.090","1348"
"443","266224","20221005094000","411","1","彰化縣","彰化市","120.585","24.090","428"
"264","266228","20221005094000","184","2","彰化縣","彰化市","120.580","24.095","264"
"38","266232","20221005094000","42","0","彰化縣","彰化市","120.600","24.095","40"
"579","266233","20221005094000","178","3","彰化縣","秀水鄉","120.500","24.075","579"
"51","266234","20221005094000","549","0","彰化縣","彰化市","120.505","24.075","60"
"843","266237","20221005094000","348","3","彰化縣","彰化市","120.520","24.075","913"
"410","266238","20221005094000","131","3","彰化縣","彰化市","120.510","24.080","435"
"160","266239","20221005094000","360","0","彰化縣","和美鎮","120.515","24.080","188"
"71","266240","20221005094000","201","0","彰化縣","彰化市","120.520","24.080","64"
"650","266241","20221005094000","302","3","彰化縣","彰化市","120.515","24.085","648"
"364","266243","20221005094000","217","3","彰化縣","彰化市","120.525","24.085","330"
"359","266244","20221005094000","558","0","彰化縣","彰化市","120.545","24.095","338"
"166","266245","20221005094000","892","0","彰化縣","彰化市","120.545","24.080","181"
"202","266246","20221005094000","154","2","彰化縣","彰化市","120.565","24.085","190"
"1324","266247","20221005094000","1256","1","彰化縣","彰化市","120.560","24.090","1322"
"454","266248","20221005094000","438","1","彰化縣","彰化市","120.570","24.090","451"
"813","266249","20221005094000","591","2","彰化縣","和美鎮","120.530","24.090","872"
"262","266250","20221005094000","384","0","彰化縣","彰化市","120.555","24.065","311"
"3142","266251","20221005094000","4332","0","彰化縣","彰化市","120.545","24.070","2852"
"1047","266252","20221005094000","434","3","彰化縣","彰化市","120.550","24.070","1041"
"21","266255","20221005094000","22","0","彰化縣","彰化市","120.600","24.060","18"
"14","266262","20221005094000","173","0","彰化縣","彰化市","120.610","24.065","12"
"273","266263","20221005094000","259","1","彰化縣","彰化市","120.600","24.070","286"
"29","266264","20221005094000","24","2","彰化縣","彰化市","120.605","24.070","21"
"285","266265","20221005094000","225","2","彰化縣","彰化市","120.610","24.070","283"
"235","266266","20221005094000","1207","0","彰化縣","彰化市","120.540","24.090","229"
"649","266267","20221005094000","520","2","彰化縣","和美鎮","120.520","24.090","648"
"79","266274","20221005094000","418","0","彰化縣","和美鎮","120.505","24.085","80"
"62","266309","20221005094000","42","2","南投縣","仁愛鄉","120.970","24.045","53"
"202","266333","20221005094000","267","0","南投縣","仁愛鄉","120.970","24.060","228"
"185","266406","20221005094000","180","1","南投縣","仁愛鄉","121.095","24.010","174"
"149","266517","20221005094000","192","0","南投縣","仁愛鄉","121.210","24.075","191"
"39","266589","20221005094000","41","0","南投縣","仁愛鄉","121.210","24.090","41"
"53","266666","20221005094000","467","0","南投縣","仁愛鄉","121.130","24.020","62"
"366","266696","20221005094000","324","1","南投縣","仁愛鄉","121.150","24.040","389"
"688","266700","20221005094000","420","3","南投縣","仁愛鄉","121.125","24.045","783"
"140","266706","20221005094000","163","0","南投縣","仁愛鄉","121.155","24.045","168"
"53","266715","20221005094000","38","2","南投縣","仁愛鄉","121.155","24.050","45"
"122","266733","20221005094000","192","0","南投縣","仁愛鄉","121.160","24.055","238"
"238","266768","20221005094000","273","0","南投縣","仁愛鄉","121.165","24.070","200"
"33","267165","20221005094000","51","0","南投縣","仁愛鄉","121.025","24.090","51"
"34","267167","20221005094000","34","1","南投縣","仁愛鄉","121.035","24.090","53"
"77","267268","20221005094000","202","0","南投縣","仁愛鄉","121.175","24.010","83"
"47","267286","20221005094000","249","0","南投縣","仁愛鄉","121.140","24.025","41"
"22","267290","20221005094000","56","0","南投縣","仁愛鄉","121.160","24.025","19"
"612","267410","20221005094000","557","1","南投縣","仁愛鄉","121.180","24.035","723"
"96","267555","20221005094000","69","2","南投縣","仁愛鄉","121.190","24.060","87"
"222","267605","20221005094000","282","0","南投縣","仁愛鄉","121.210","24.070","344"
"235","267630","20221005094000","162","2","彰化縣","花壇鄉","120.530","24.050","211"
"635","267631","20221005094000","535","1","彰化縣","彰化市","120.530","24.055","651"
"1378","267632","20221005094000","1071","2","彰化縣","彰化市","120.530","24.060","1371"
"148","267633","20221005094000","1525","0","彰化縣","彰化市","120.535","24.060","129"
"1709","267634","20221005094000","1508","1","彰化縣","彰化市","120.550","24.090","1633"
"568","267636","20221005094000","458","2","彰化縣","彰化市","120.550","24.095","540"
"93","267637","20221005094000","74","2","彰化縣","彰化市","120.590","24.065","81"
"439","267640","20221005094000","268","3","彰化縣","彰化市","120.585","24.080","425"
"646","267641","20221005094000","428","3","彰化縣","彰化市","120.590","24.080","631"
"641","267646","20221005094000","399","3","彰化縣","彰化市","120.520","24.065","608"
"1611","267649","20221005094000","1441","1","彰化縣","彰化市","120.525","24.070","1606"
"67","267650","20221005094000","114","0","彰化縣","彰化市","120.525","24.075","60"
"534","267652","20221005094000","395","2","彰化縣","彰化市","120.555","24.050","513"
"704","267654","20221005094000","424","3","彰化縣","彰化市","120.535","24.055","717"
"342","267655","20221005094000","269","2","彰化縣","彰化市","120.540","24.055","471"
"214","267656","20221005094000","157","2","彰化縣","彰化市","120.545","24.055","225"
"198","267661","20221005094000","227","0","彰化縣","彰化市","120.540","24.060","187"
"282","267662","20221005094000","334","0","彰化縣","彰化市","120.545","24.060","301"
"62","267664","20221005094000","106","0","彰化縣","彰化市","120.555","24.060","66"
"3600","267665","20221005094000","2774","2","彰化縣","彰化市","120.540","24.065","3587"
"547","267666","20221005094000","604","0","彰化縣","彰化市","120.545","24.065","590"
"943","267667","20221005094000","1066","0","彰化縣","彰化市","120.550","24.065","1271"
"3415","267669","20221005094000","1366","3","彰化縣","彰化市","120.515","24.055","4161"
"3573","267670","20221005094000","1536","3","彰化縣","彰化市","120.515","24.060","3503"
"24","267676","20221005094000","247","0","彰化縣","福興鄉","120.470","24.030","37"
"154","267682","20221005094000","84","3","彰化縣","福興鄉","120.470","24.035","151"
"618","267689","20221005094000","410","3","彰化縣","福興鄉","120.480","24.040","636"
"304","267697","20221005094000","145","3","彰化縣","福興鄉","120.455","24.035","313"
"746","267705","20221005094000","723","1","彰化縣","福興鄉","120.465","24.045","763"
"22","267711","20221005094000","260","0","彰化縣","福興鄉","120.460","24.020","21"
"321","267717","20221005094000","135","3","彰化縣","秀水鄉","120.510","24.015","328"
"34","267718","20221005094000","20","3","彰化縣","秀水鄉","120.500","24.020","30"
"25","267726","20221005094000","95","0","彰化縣","鹿港鎮","120.480","24.085","41"
"1144","267729","20221005094000","569","3","彰化縣","鹿港鎮","120.485","24.090","1096"
"2727","267732","20221005094000","2085","2","彰化縣","鹿港鎮","120.435","24.055","2613"
"1981","267736","20221005094000","766","3","彰化縣","鹿港鎮","120.465","24.090","1537"
"49","267739","20221005094000","322","0","彰化縣","鹿港鎮","120.470","24.095","52"
"1555","267795","20221005094000","749","3","彰化縣","福興鄉","120.490","24.015","1479"
"345","267808","20221005094000","322","1","彰化縣","福興鄉","120.440","24.030","353"
"385","267810","20221005094000","309","2","彰化縣","福興鄉","120.435","24.035","414"
"537","267824","20221005094000","491","1","彰化縣","福興鄉","120.390","24.015","531"
"559","267834","20221005094000","614","0","彰化縣","福興鄉","120.410","24.020","537"
"94","267844","20221005094000","743","0","彰化縣","秀水鄉","120.495","24.025","87"
"780","267873","20221005094000","567","2","彰化縣","福興鄉","120.400","24.045","807"
"625","267898","20221005094000","166","3","彰化縣","福興鄉","120.430","24.040","606"
"10","267899","20221005094000","114","0","彰化縣","福興鄉","120.425","24.045","12"
"708","267900","20221005094000","639","1","彰化縣","福興鄉","120.430","24.045","737"
"27","267904","20221005094000","284","0","彰化縣","福興鄉","120.430","24.050","32"
"267","267908","20221005094000","150","3","彰化縣","福興鄉","120.430","24.020","284"
"24","267913","20221005094000","22","1","彰化縣","福興鄉","120.425","24.030","26"
"35","267926","20221005094000","29","2","彰化縣","福興鄉","120.405","24.030","39"
"301","267928","20221005094000","219","2","彰化縣","福興鄉","120.415","24.030","284"
"88","267935","20221005094000","61","2","彰化縣","秀水鄉","120.500","24.060","76"
"308","267946","20221005094000","265","1","彰化縣","秀水鄉","120.490","24.050","302"
"239","267947","20221005094000","71","3","彰化縣","秀水鄉","120.495","24.050","242"
"166","267949","20221005094000","563","0","彰化縣","秀水鄉","120.500","24.050","155"
"41","267955","20221005094000","260","0","彰化縣","秀水鄉","120.495","24.060","34"
"147","267957","20221005094000","808","0","彰化縣","秀水鄉","120.500","24.030","141"
"292","267959","20221005094000","646","0","彰化縣","秀水鄉","120.495","24.035","287"
"124","267960","20221005094000","825","0","彰化縣","秀水鄉","120.500","24.035","137"
"317","267964","20221005094000","81","3","彰化縣","秀水鄉","120.520","24.025","315"
"77","267966","20221005094000","450","0","彰化縣","秀水鄉","120.520","24.030","56"
"408","267972","20221005094000","296","2","彰化縣","鹿港鎮","120.435","24.065","413"
"484","267973","20221005094000","443","1","彰化縣","鹿港鎮","120.440","24.065","461"
"267","267975","20221005094000","272","0","彰化縣","鹿港鎮","120.435","24.070","304"
"31","267978","20221005094000","329","0","彰化縣","鹿港鎮","120.425","24.075","37"
"2653","267984","20221005094000","2318","1","彰化縣","鹿港鎮","120.410","24.080","2671"
"201","267987","20221005094000","176","1","彰化縣","鹿港鎮","120.425","24.080","203"
"20","267991","20221005094000","335","0","彰化縣","鹿港鎮","120.445","24.080","21"
"1002","267999","20221005094000","831","2","彰化縣","鹿港鎮","120.415","24.080","934"
"582","268001","20221005094000","439","2","彰化縣","鹿港鎮","120.425","24.085","589"
"786","268005","20221005094000","445","3","彰化縣","鹿港鎮","120.445","24.085","792"
"743","268020","20221005094000","379","3","彰化縣","鹿港鎮","120.475","24.065","638"
"27","268028","20221005094000","267","0","彰化縣","鹿港鎮","120.485","24.080","22"
"1070","268031","20221005094000","411","3","彰化縣","鹿港鎮","120.485","24.085","1119"
"996","268032","20221005094000","1005","0","彰化縣","鹿港鎮","120.430","24.060","1038"
"396","268034","20221005094000","502","0","彰化縣","彰化市","120.525","24.060","420"
"824","268035","20221005094000","853","0","彰化縣","彰化市","120.525","24.065","816"
"153","268044","20221005094000","453","0","彰化縣","鹿港鎮","120.450","24.095","150"
"114","268053","20221005094000","16","3","彰化縣","鹿港鎮","120.470","24.075","48"
"431","268057","20221005094000","1174","0","彰化縣","鹿港鎮","120.475","24.080","426"
"374","268061","20221005094000","378","0","彰化縣","鹿港鎮","120.430","24.055","275"
"27","268068","20221005094000","132","0","彰化縣","芬園鄉","120.625","24.025","28"
"31","268073","20221005094000","26","1","彰化縣","芬園鄉","120.615","24.015","31"
"69","268074","20221005094000","77","0","彰化縣","芬園鄉","120.620","24.015","69"
"51","268077","20221005094000","479","0","彰化縣","福興鄉","120.480","24.045","46"
"1169","268085","20221005094000","976","1","彰化縣","鹿港鎮","120.470","24.055","1080"
"130","268089","20221005094000","119","1","彰化縣","鹿港鎮","120.460","24.060","147"
"494","268108","20221005094000","456","1","彰化縣","鹿港鎮","120.385","24.060","458"
"508","268109","20221005094000","402","2","彰化縣","鹿港鎮","120.390","24.060","538"
"591","268110","20221005094000","604","0","彰化縣","鹿港鎮","120.395","24.060","589"
"33","268126","20221005094000","38","0","彰化縣","鹿港鎮","120.390","24.065","35"
"751","268128","20221005094000","402","3","彰化縣","鹿港鎮","120.400","24.065","760"
"293","268129","20221005094000","277","1","彰化縣","鹿港鎮","120.405","24.065","275"
"338","268130","20221005094000","251","2","彰化縣","鹿港鎮","120.410","24.065","347"
"616","268134","20221005094000","475","2","彰化縣","鹿港鎮","120.430","24.065","610"
"192","268144","20221005094000","256","0","彰化縣","鹿港鎮","120.395","24.070","188"
"537","268157","20221005094000","480","1","彰化縣","鹿港鎮","120.390","24.075","509"
"108","268158","20221005094000","275","0","彰化縣","鹿港鎮","120.395","24.075","104"
"306","268161","20221005094000","292","1","彰化縣","鹿港鎮","120.410","24.075","300"
"22","268162","20221005094000","37","0","彰化縣","鹿港鎮","120.415","24.075","24"
"1296","268170","20221005094000","1234","1","彰化縣","鹿港鎮","120.395","24.080","1252"
"1433","268172","20221005094000","1428","1","彰化縣","鹿港鎮","120.440","24.055","1441"
"196","268173","20221005094000","1225","0","彰化縣","鹿港鎮","120.440","24.060","184"
"2190","268175","20221005094000","2018","1","彰化縣","福興鄉","120.440","24.045","2270"
"12","268176","20221005094000","165","0","彰化縣","花壇鄉","120.550","24.040","12"
"27","268203","20221005094000","26","1","彰化縣","芬園鄉","120.595","24.035","40"
"189","268205","20221005094000","151","2","彰化縣","芬園鄉","120.605","24.035","185"
"589","268224","20221005094000","416","2","彰化縣","芬園鄉","120.650","24.020","670"
"178","268226","20221005094000","344","0","彰化縣","芬園鄉","120.635","24.025","175"
"318","268233","20221005094000","371","0","彰化縣","福興鄉","120.440","24.035","290"
"798","268245","20221005094000","393","3","彰化縣","秀水鄉","120.490","24.070","750"
"442","268249","20221005094000","190","3","彰化縣","秀水鄉","120.505","24.030","430"
"274","268253","20221005094000","773","0","彰化縣","秀水鄉","120.505","24.040","216"
"77","268258","20221005094000","274","0","彰化縣","秀水鄉","120.515","24.020","58"
"21","268261","20221005094000","387","0","彰化縣","福興鄉","120.450","24.030","18"
"562","268262","20221005094000","402","2","彰化縣","福興鄉","120.455","24.030","573"
"901","268271","20221005094000","764","1","彰化縣","福興鄉","120.420","24.035","870"
"41","268274","20221005094000","468","0","彰化縣","福興鄉","120.425","24.035","42"
"927","268277","20221005094000","618","3","彰化縣","芬園鄉","120.660","24.015","997"
"94","268289","20221005094000","464","0","彰化縣","芬園鄉","120.625","24.020","100"
"82","268296","20221005094000","486","0","彰化縣","福興鄉","120.470","24.020","89"
"1114","268297","20221005094000","250","3","彰化縣","秀水鄉","120.505","24.035","1055"
"29","268301","20221005094000","300","0","彰化縣","秀水鄉","120.495","24.040","34"
"42","268303","20221005094000","313","0","彰化縣","秀水鄉","120.500","24.040","49"
"881","268308","20221005094000","317","3","彰化縣","秀水鄉","120.510","24.045","968"
"11","268310","20221005094000","236","0","彰化縣","秀水鄉","120.505","24.050","10"
"682","268316","20221005094000","490","2","彰化縣","花壇鄉","120.530","24.020","704"
"390","268321","20221005094000","398","0","彰化縣","花壇鄉","120.530","24.040","446"
"73","268322","20221005094000","441","0","彰化縣","花壇鄉","120.520","24.045","77"
"49","268324","20221005094000","676","0","彰化縣","花壇鄉","120.530","24.045","62"
"196","268327","20221005094000","192","1","彰化縣","花壇鄉","120.535","24.030","172"
"506","268328","20221005094000","501","1","彰化縣","花壇鄉","120.535","24.035","586"
"61","268329","20221005094000","296","0","彰化縣","花壇鄉","120.535","24.040","65"
"71","268331","20221005094000","393","0","彰化縣","花壇鄉","120.545","24.040","62"
"391","268333","20221005094000","274","2","彰化縣","花壇鄉","120.540","24.040","399"
"378","268335","20221005094000","333","1","彰化縣","花壇鄉","120.555","24.020","408"
"114","268336","20221005094000","583","0","彰化縣","花壇鄉","120.540","24.025","105"
"601","268338","20221005094000","453","2","彰化縣","花壇鄉","120.550","24.025","617"
"129","268339","20221005094000","108","1","彰化縣","花壇鄉","120.555","24.025","125"
"155","268347","20221005094000","109","2","彰化縣","花壇鄉","120.565","24.020","145"
"46","268352","20221005094000","33","2","彰化縣","花壇鄉","120.575","24.030","60"
"130","268356","20221005094000","115","1","彰化縣","花壇鄉","120.575","24.035","141"
"81","268370","20221005094000","126","0","彰化縣","花壇鄉","120.560","24.015","67"
"147","268371","20221005094000","149","0","彰化縣","花壇鄉","120.570","24.020","149"
"41","268375","20221005094000","22","3","彰化縣","花壇鄉","120.595","24.020","39"
"192","268381","20221005094000","554","0","彰化縣","花壇鄉","120.545","24.045","172"
"52","268391","20221005094000","28","3","彰化縣","花壇鄉","120.540","24.020","45"
"1763","268393","20221005094000","1464","2","彰化縣","花壇鄉","120.535","24.025","1758"
"41","268399","20221005094000","279","0","彰化縣","福興鄉","120.480","24.020","53"
"47","269403","20221005094000","49","0","彰化縣","鹿港鎮","120.395","24.105","44"
"717","274405","20221005094000","917","0","臺中市","太平區","120.720","24.135","720"
"1580","274408","20221005094000","1203","2","臺中市","太平區","120.720","24.115","1507"
"89","274410","20221005094000","59","3","臺中市","太平區","120.755","24.120","89"
"184","274476","20221005094000","207","0","臺中市","太平區","120.810","24.140","199"
"4986","274515","20221005094000","2292","3","臺中市","南屯區","120.645","24.135","4963"
"2898","274516","20221005094000","2870","1","臺中市","南屯區","120.650","24.140","2806"
"2716","274517","20221005094000","2245","2","臺中市","南屯區","120.650","24.150","2673"
"828","274518","20221005094000","866","0","臺中市","西屯區","120.650","24.155","837"
"66","274519","20221005094000","438","0","臺中市","南屯區","120.650","24.135","53"
"1437","274520","20221005094000","1035","2","臺中市","南屯區","120.650","24.130","1385"
"482","274521","20221005094000","310","3","臺中市","南屯區","120.610","24.150","496"
"2175","274522","20221005094000","1365","3","臺中市","南屯區","120.615","24.150","2047"
"35","274523","20221005094000","33","1","臺中市","南屯區","120.620","24.150","36"
"1686","274524","20221005094000","1132","2","臺中市","南屯區","120.605","24.155","1562"
"505","274525","20221005094000","470","1","臺中市","南屯區","120.610","24.155","460"
"36","274528","20221005094000","38","0","臺中市","南屯區","120.590","24.160","28"
"473","274530","20221005094000","558","0","臺中市","南屯區","120.600","24.160","515"
"1679","274531","20221005094000","1938","0","臺中市","南屯區","120.605","24.160","1676"
"26","274532","20221005094000","32","0","臺中市","南屯區","120.610","24.160","31"
"800","274534","20221005094000","573","2","臺中市","南屯區","120.590","24.165","833"
"1531","274535","20221005094000","1565","0","臺中市","北區","120.690","24.155","1526"
"1991","274536","20221005094000","1974","1","臺中市","北屯區","120.695","24.165","2035"
"1596","274537","20221005094000","1258","2","臺中市","北屯區","120.700","24.160","1562"
"1835","274538","20221005094000","1503","2","臺中市","北區","120.690","24.160","1898"
"1670","274539","20221005094000","2353","0","臺中市","北區","120.680","24.150","1548"
"4151","274540","20221005094000","2228","3","臺中市","北區","120.685","24.150","3993"
"1447","274541","20221005094000","1853","0","臺中市","南區","120.660","24.125","1583"
"1870","274543","20221005094000","1757","1","臺中市","南區","120.675","24.125","1861"
"64","274544","20221005094000","64","1","臺中市","北屯區","120.665","24.185","56"
"728","274545","20221005094000","564","2","臺中市","北屯區","120.725","24.170","711"
"723","274546","20221005094000","1363","0","臺中市","北屯區","120.720","24.175","741"
"1388","274547","20221005094000","1114","2","臺中市","北屯區","120.725","24.175","1410"
"1750","274549","20221005094000","1386","2","臺中市","北屯區","120.725","24.180","1819"
"545","274551","20221005094000","417","2","臺中市","北屯區","120.735","24.180","531"
"3047","274554","20221005094000","3015","1","臺中市","西區","120.675","24.140","3179"
"943","274556","20221005094000","1045","0","臺中市","大里區","120.675","24.105","977"
"547","274558","20221005094000","496","1","臺中市","大里區","120.675","24.115","561"
"1603","274559","20221005094000","1483","1","臺中市","西屯區","120.615","24.175","1806"
"1093","274560","20221005094000","832","2","臺中市","西屯區","120.630","24.175","1167"
"2379","274561","20221005094000","2528","0","臺中市","西屯區","120.615","24.180","2310"
"1761","274562","20221005094000","1658","1","臺中市","西屯區","120.625","24.180","1811"
"834","274564","20221005094000","730","1","臺中市","西屯區","120.630","24.180","767"
"2056","274566","20221005094000","2062","0","臺中市","西屯區","120.640","24.175","2098"
"1488","274567","20221005094000","1399","1","臺中市","西屯區","120.635","24.175","1459"
"1874","274568","20221005094000","830","3","臺中市","西屯區","120.635","24.180","1840"
"104","274569","20221005094000","1046","0","臺中市","西屯區","120.630","24.185","101"
"107","274571","20221005094000","573","0","臺中市","北屯區","120.715","24.175","118"
"910","274572","20221005094000","824","1","臺中市","北屯區","120.715","24.180","896"
"329","274575","20221005094000","662","0","臺中市","北屯區","120.715","24.185","327"
"86","274577","20221005094000","68","2","臺中市","北屯區","120.730","24.185","80"
"785","274578","20221005094000","463","3","臺中市","北屯區","120.720","24.185","742"
"1321","274581","20221005094000","1950","0","臺中市","北區","120.665","24.165","1339"
"1854","274582","20221005094000","2158","0","臺中市","北區","120.670","24.165","2016"
"563","274583","20221005094000","384","2","臺中市","南區","120.670","24.125","528"
"1376","274585","20221005094000","1354","1","臺中市","西屯區","120.610","24.185","1334"
"3092","274586","20221005094000","2952","1","臺中市","西屯區","120.600","24.180","2992"
"1541","274587","20221005094000","1440","1","臺中市","西屯區","120.605","24.180","1590"
"240","274591","20221005094000","1399","0","臺中市","龍井區","120.530","24.180","291"
"680","274593","20221005094000","1557","0","臺中市","烏日區","120.635","24.100","695"
"1873","274595","20221005094000","2328","0","臺中市","烏日區","120.635","24.105","1928"
"1042","274596","20221005094000","1103","0","臺中市","烏日區","120.640","24.105","1047"
"116","274603","20221005094000","543","0","臺中市","大肚區","120.530","24.160","123"
"4923","274608","20221005094000","3570","2","臺中市","西區","120.670","24.135","4997"
"623","274609","20221005094000","1595","0","臺中市","西區","120.655","24.150","692"
"2610","274610","20221005094000","2281","1","臺中市","西區","120.655","24.135","2656"
"2087","274611","20221005094000","2648","0","臺中市","西區","120.655","24.145","2165"
"1957","274612","20221005094000","2216","0","臺中市","西區","120.670","24.130","2015"
"230","274615","20221005094000","240","0","臺中市","太平區","120.735","24.135","222"
"49","274616","20221005094000","32","3","臺中市","太平區","120.740","24.140","41"
"1917","274620","20221005094000","1389","2","臺中市","北區","120.685","24.160","2036"
"1902","274621","20221005094000","1498","2","臺中市","北區","120.675","24.150","2116"
"2233","274623","20221005094000","1539","2","臺中市","北區","120.690","24.150","2359"
"1734","274624","20221005094000","1393","2","臺中市","南區","120.680","24.120","1722"
"2449","274625","20221005094000","2138","1","臺中市","大里區","120.685","24.120","2498"
"811","274626","20221005094000","622","2","臺中市","南區","120.660","24.120","777"
"1203","274627","20221005094000","735","3","臺中市","南區","120.675","24.120","1215"
"1455","274628","20221005094000","1814","0","臺中市","東區","120.695","24.130","1424"
"2393","274629","20221005094000","2936","0","臺中市","西屯區","120.620","24.185","2326"
"833","274630","20221005094000","513","3","臺中市","西屯區","120.615","24.185","796"
"584","274631","20221005094000","979","0","臺中市","西屯區","120.620","24.190","582"
"3851","274632","20221005094000","3425","1","臺中市","西屯區","120.605","24.185","4005"
"2110","274634","20221005094000","1900","1","臺中市","西屯區","120.600","24.185","2145"
"928","274636","20221005094000","588","3","臺中市","東區","120.705","24.130","942"
"182","274637","20221005094000","556","0","臺中市","東區","120.705","24.135","181"
"2713","274639","20221005094000","1863","2","臺中市","東區","120.695","24.145","2715"
"148","274640","20221005094000","159","0","臺中市","東區","120.700","24.145","147"
"1632","274641","20221005094000","1211","2","臺中市","東區","120.695","24.125","1665"
"3125","274642","20221005094000","2185","2","臺中市","大里區","120.680","24.110","3026"
"251","274644","20221005094000","253","0","臺中市","大里區","120.665","24.100","233"
"71","274646","20221005094000","709","0","臺中市","大里區","120.665","24.105","72"
"508","274647","20221005094000","390","2","臺中市","大里區","120.670","24.105","528"
"74","274648","20221005094000","986","0","臺中市","大里區","120.665","24.110","71"
"1071","274649","20221005094000","892","2","臺中市","大里區","120.670","24.110","1108"
"487","274650","20221005094000","452","1","臺中市","大里區","120.700","24.105","492"
"14","274669","20221005094000","120","0","臺中市","太平區","120.780","24.105","12"
"201","274683","20221005094000","228","0","臺中市","太平區","120.765","24.110","207"
"86","274707","20221005094000","75","1","臺中市","太平區","120.795","24.115","98"
"20","274708","20221005094000","30","0","臺中市","太平區","120.800","24.115","16"
"268","274737","20221005094000","329","0","臺中市","太平區","120.720","24.140","244"
"674","274738","20221005094000","491","2","臺中市","太平區","120.725","24.135","704"
"1063","274739","20221005094000","675","3","臺中市","大里區","120.695","24.120","1052"
"153","274741","20221005094000","137","1","臺中市","東區","120.700","24.130","173"
"141","274742","20221005094000","124","1","臺中市","東區","120.700","24.135","141"
"1729","274744","20221005094000","1840","0","臺中市","大里區","120.685","24.105","1689"
"27","274758","20221005094000","20","2","臺中市","新社區","120.825","24.145","24"
"212","274781","20221005094000","95","3","臺中市","新社區","120.825","24.165","211"
"104","274785","20221005094000","76","2","臺中市","新社區","120.835","24.170","137"
"813","274786","20221005094000","525","3","臺中市","西屯區","120.610","24.180","1041"
"96","274787","20221005094000","606","0","臺中市","南區","120.680","24.125","110"
"1623","274788","20221005094000","1146","2","臺中市","東區","120.685","24.135","1658"
"5073","274789","20221005094000","3585","2","臺中市","北區","120.685","24.145","4886"
"4255","274790","20221005094000","3756","1","臺中市","北屯區","120.670","24.175","4077"
"1103","274792","20221005094000","927","1","臺中市","東區","120.695","24.135","1157"
"68","274805","20221005094000","58","1","臺中市","新社區","120.825","24.155","61"
"476","274823","20221005094000","320","2","臺中市","新社區","120.800","24.180","430"
"160","274835","20221005094000","1341","0","臺中市","大肚區","120.540","24.150","157"
"274","274842","20221005094000","338","0","臺中市","大肚區","120.540","24.170","263"
"26","274852","20221005094000","18","2","臺中市","大肚區","120.525","24.175","20"
"107","274869","20221005094000","545","0","臺中市","大肚區","120.545","24.135","108"
"29","274873","20221005094000","337","0","臺中市","大肚區","120.550","24.140","30"
"188","274874","20221005094000","272","0","臺中市","大肚區","120.555","24.140","174"
"1895","274883","20221005094000","1781","1","臺中市","北區","120.670","24.155","1954"
"859","274884","20221005094000","544","3","臺中市","西屯區","120.655","24.175","813"
"199","274885","20221005094000","637","0","臺中市","西屯區","120.660","24.175","187"
"2518","274889","20221005094000","1647","3","臺中市","大肚區","120.580","24.110","2566"
"46","274891","20221005094000","406","0","臺中市","大肚區","120.570","24.115","53"
"182","274895","20221005094000","158","1","臺中市","大肚區","120.545","24.145","171"
"151","274897","20221005094000","1369","0","臺中市","大肚區","120.550","24.150","173"
"1436","274905","20221005094000","930","3","臺中市","南區","120.650","24.115","1415"
"584","274907","20221005094000","1341","0","臺中市","南區","120.650","24.120","1218"
"1147","274908","20221005094000","900","2","臺中市","南區","120.655","24.120","1079"
"966","274910","20221005094000","829","1","臺中市","南區","120.645","24.110","913"
"1613","274911","20221005094000","1572","1","臺中市","南區","120.650","24.110","1617"
"1178","274912","20221005094000","1157","1","臺中市","南區","120.655","24.110","1231"
"594","274913","20221005094000","896","0","臺中市","南區","120.670","24.115","594"
"501","274917","20221005094000","356","2","臺中市","龍井區","120.575","24.180","477"
"997","274918","20221005094000","726","2","臺中市","龍井區","120.580","24.180","984"
"271","274921","20221005094000","268","1","臺中市","龍井區","120.580","24.185","275"
"230","274926","20221005094000","226","1","臺中市","新社區","120.815","24.180","210"
"29","274937","20221005094000","19","3","臺中市","新社區","120.880","24.105","17"
"120","274950","20221005094000","121","0","南投縣","國姓鄉","120.855","24.120","46"
"26","274969","20221005094000","24","1","臺中市","新社區","120.840","24.130","26"
"92","274972","20221005094000","51","3","臺中市","新社區","120.855","24.130","105"
"10","274976","20221005094000","20","0","臺中市","新社區","120.875","24.130","11"
"60","274982","20221005094000","62","0","臺中市","新社區","120.855","24.135","69"
"13","275017","20221005094000","82","0","臺中市","新社區","120.865","24.155","19"
"16","275019","20221005094000","78","0","臺中市","新社區","120.875","24.155","18"
"547","275027","20221005094000","166","3","臺中市","新社區","120.885","24.160","517"
"27","275030","20221005094000","109","0","臺中市","新社區","120.885","24.165","16"
"1614","275034","20221005094000","1951","0","臺中市","北區","120.675","24.165","1759"
"4030","275035","20221005094000","2924","2","臺中市","北區","120.680","24.165","4015"
"1353","275036","20221005094000","1568","0","臺中市","北區","120.675","24.170","1345"
"1093","275037","20221005094000","994","1","臺中市","南區","120.655","24.115","1097"
"1048","275038","20221005094000","2250","0","臺中市","南區","120.660","24.115","1015"
"2287","275039","20221005094000","1916","1","臺中市","南區","120.665","24.120","2312"
"2075","275040","20221005094000","1619","2","臺中市","南區","120.670","24.120","2068"
"111","275041","20221005094000","581","0","臺中市","太平區","120.715","24.115","139"
"1035","275042","20221005094000","947","1","臺中市","太平區","120.720","24.120","1017"
"2103","275043","20221005094000","2685","0","臺中市","西屯區","120.645","24.175","2265"
"2451","275044","20221005094000","2863","0","臺中市","西屯區","120.650","24.175","2490"
"2250","275045","20221005094000","1807","2","臺中市","西屯區","120.640","24.185","650"
"367","275048","20221005094000","222","3","臺中市","西屯區","120.625","24.155","388"
"914","275049","20221005094000","999","0","臺中市","西屯區","120.625","24.160","959"
"1102","275052","20221005094000","1036","1","臺中市","龍井區","120.585","24.180","1051"
"1939","275053","20221005094000","1896","1","臺中市","西屯區","120.590","24.185","1899"
"456","275054","20221005094000","495","0","臺中市","龍井區","120.585","24.185","444"
"644","275055","20221005094000","1167","0","臺中市","龍井區","120.590","24.180","632"
"365","275056","20221005094000","253","2","臺中市","西屯區","120.595","24.190","355"
"521","275061","20221005094000","637","0","臺中市","東區","120.710","24.145","514"
"1355","275062","20221005094000","1030","2","臺中市","東區","120.710","24.140","1355"
"198","275064","20221005094000","226","0","臺中市","大里區","120.695","24.100","264"
"301","275065","20221005094000","379","0","臺中市","大里區","120.700","24.100","297"
"1205","275066","20221005094000","1083","1","臺中市","大里區","120.685","24.110","1222"
"661","275067","20221005094000","395","3","臺中市","大里區","120.690","24.110","652"
"857","275069","20221005094000","663","2","臺中市","太平區","120.730","24.100","869"
"617","275075","20221005094000","836","0","臺中市","太平區","120.730","24.105","655"
"565","275076","20221005094000","351","3","臺中市","太平區","120.735","24.120","563"
"13","275081","20221005094000","13","1","臺中市","太平區","120.745","24.125","15"
"480","275082","20221005094000","322","2","臺中市","太平區","120.740","24.130","496"
"4590","275083","20221005094000","3859","1","臺中市","北區","120.680","24.155","4690"
"272","275084","20221005094000","231","1","臺中市","太平區","120.750","24.125","254"
"59","275090","20221005094000","56","1","臺中市","太平區","120.755","24.135","52"
"718","275099","20221005094000","536","2","臺中市","太平區","120.735","24.110","699"
"919","275110","20221005094000","781","1","臺中市","西區","120.665","24.130","922"
"1264","275111","20221005094000","1231","1","臺中市","東區","120.690","24.125","1279"
"1559","275114","20221005094000","1254","2","臺中市","西區","120.665","24.135","1645"
"2027","275115","20221005094000","2199","0","臺中市","西區","120.670","24.140","2270"
"1023","275116","20221005094000","680","3","臺中市","南區","120.655","24.130","1058"
"957","275118","20221005094000","1165","0","臺中市","北區","120.695","24.155","976"
"2151","275119","20221005094000","1878","1","臺中市","北區","120.695","24.160","2171"
"7381","275120","20221005094000","4418","3","臺中市","西區","120.660","24.135","7089"
"1208","275121","20221005094000","1164","1","臺中市","東區","120.685","24.130","1213"
"1697","275122","20221005094000","1042","3","臺中市","南區","120.675","24.130","1749"
"1809","275123","20221005094000","1308","2","臺中市","南屯區","120.635","24.145","1850"
"4722","275124","20221005094000","3047","3","臺中市","南屯區","120.640","24.145","4547"
"3084","275125","20221005094000","2323","2","臺中市","西區","120.670","24.145","2950"
"3236","275126","20221005094000","2849","1","臺中市","北區","120.665","24.160","2743"
"1486","275128","20221005094000","2303","0","臺中市","北區","120.675","24.160","1496"
"1507","275129","20221005094000","1739","0","臺中市","北區","120.675","24.145","1476"
"1423","275130","20221005094000","1138","2","臺中市","北屯區","120.700","24.185","1402"
"626","275133","20221005094000","258","3","臺中市","北屯區","120.660","24.185","663"
"1641","275134","20221005094000","1153","2","臺中市","北屯區","120.660","24.180","1622"
"272","275137","20221005094000","211","2","臺中市","龍井區","120.565","24.175","272"
"3948","275141","20221005094000","3709","1","臺中市","南屯區","120.655","24.140","3606"
"246","275142","20221005094000","827","0","臺中市","西區","120.665","24.140","261"
"656","275143","20221005094000","464","2","臺中市","西屯區","120.625","24.185","673"
"2660","275144","20221005094000","2274","1","臺中市","西屯區","120.655","24.160","2605"
"1377","275145","20221005094000","1030","2","臺中市","西屯區","120.650","24.165","1394"
"3622","275146","20221005094000","3080","1","臺中市","西屯區","120.655","24.165","3684"
"78","275147","20221005094000","563","0","臺中市","烏日區","120.600","24.120","87"
"80","275154","20221005094000","465","0","臺中市","烏日區","120.605","24.125","94"
"16","275159","20221005094000","107","0","臺中市","南屯區","120.600","24.130","15"
"57","275166","20221005094000","54","1","臺中市","烏日區","120.590","24.110","58"
"2654","275167","20221005094000","1857","2","臺中市","烏日區","120.595","24.110","2643"
"1812","275174","20221005094000","1163","3","臺中市","烏日區","120.615","24.105","1856"
"1388","275175","20221005094000","1582","0","臺中市","烏日區","120.615","24.110","1584"
"310","275177","20221005094000","998","0","臺中市","烏日區","120.625","24.110","283"
"35","275178","20221005094000","142","0","臺中市","烏日區","120.615","24.115","25"
"1341","275179","20221005094000","2110","0","臺中市","北區","120.685","24.165","1274"
"267","275181","20221005094000","1566","0","臺中市","北屯區","120.725","24.160","329"
"314","275185","20221005094000","304","1","臺中市","北屯區","120.725","24.165","360"
"1508","275187","20221005094000","1161","2","臺中市","北屯區","120.735","24.165","1619"
"34","275188","20221005094000","41","0","臺中市","北屯區","120.740","24.165","30"
"472","275189","20221005094000","314","3","臺中市","北屯區","120.730","24.170","506"
"410","275192","20221005094000","820","0","臺中市","北屯區","120.735","24.175","416"
"1139","275193","20221005094000","959","1","臺中市","北屯區","120.740","24.175","1134"
"2133","275194","20221005094000","2022","1","臺中市","北區","120.670","24.170","2044"
"734","275195","20221005094000","769","0","臺中市","北屯區","120.690","24.170","772"
"1141","275196","20221005094000","641","3","臺中市","北屯區","120.675","24.175","1181"
"4692","275197","20221005094000","3405","2","臺中市","北屯區","120.680","24.175","4724"
"3112","275198","20221005094000","2799","1","臺中市","北屯區","120.685","24.175","3040"
"3820","275199","20221005094000","3224","1","臺中市","南屯區","120.635","24.150","3489"
"1390","275200","20221005094000","1203","1","臺中市","南屯區","120.640","24.150","1328"
"1867","275201","20221005094000","2620","0","臺中市","南屯區","120.635","24.155","1804"
"1744","275202","20221005094000","1022","3","臺中市","北屯區","120.685","24.190","1788"
"31","275203","20221005094000","154","0","臺中市","南屯區","120.620","24.115","37"
"1472","275204","20221005094000","897","3","臺中市","南屯區","120.625","24.115","1516"
"291","275206","20221005094000","275","1","臺中市","南屯區","120.625","24.120","296"
"2071","275207","20221005094000","2057","1","臺中市","西屯區","120.650","24.180","2199"
"1950","275208","20221005094000","1479","2","臺中市","西屯區","120.635","24.185","2035"
"3479","275209","20221005094000","3283","1","臺中市","西屯區","120.645","24.180","3301"
"2425","275210","20221005094000","2373","1","臺中市","西屯區","120.640","24.180","1867"
"753","275211","20221005094000","377","3","臺中市","西屯區","120.655","24.185","649"
"1030","275212","20221005094000","676","3","臺中市","西屯區","120.660","24.165","1064"
"4025","275213","20221005094000","3304","2","臺中市","西屯區","120.650","24.160","3780"
"350","275214","20221005094000","360","0","臺中市","西屯區","120.665","24.170","366"
"583","275215","20221005094000","468","2","臺中市","大里區","120.710","24.110","550"
"684","275217","20221005094000","1223","0","臺中市","太平區","120.710","24.115","676"
"266","275219","20221005094000","282","0","臺中市","太平區","120.710","24.120","279"
"800","275221","20221005094000","805","0","臺中市","太平區","120.705","24.125","828"
"729","275222","20221005094000","693","1","臺中市","太平區","120.710","24.125","720"
"1393","275223","20221005094000","1696","0","臺中市","太平區","120.715","24.125","1487"
"1544","275227","20221005094000","1121","2","臺中市","北屯區","120.670","24.180","1366"
"661","275228","20221005094000","433","3","臺中市","北屯區","120.665","24.180","673"
"108","275229","20221005094000","591","0","臺中市","北屯區","120.700","24.165","114"
"1546","275230","20221005094000","2093","0","臺中市","北屯區","120.700","24.170","1589"
"972","275231","20221005094000","482","3","臺中市","北屯區","120.705","24.165","963"
"1662","275232","20221005094000","1136","2","臺中市","北屯區","120.675","24.180","1554"
"645","275233","20221005094000","360","3","臺中市","北屯區","120.675","24.185","638"
"2771","275234","20221005094000","1645","3","臺中市","北屯區","120.680","24.180","2737"
"1719","275235","20221005094000","1339","2","臺中市","北屯區","120.670","24.185","1727"
"979","275237","20221005094000","390","3","臺中市","北屯區","120.675","24.190","954"
"71","275238","20221005094000","575","0","臺中市","北屯區","120.680","24.185","77"
"2933","275239","20221005094000","2765","1","臺中市","北區","120.680","24.160","2500"
"1881","275240","20221005094000","1884","0","臺中市","南區","120.660","24.110","2012"
"2239","275241","20221005094000","1964","1","臺中市","南區","120.665","24.115","2105"
"1664","275242","20221005094000","1720","0","臺中市","南區","120.665","24.125","1683"
"862","275243","20221005094000","920","0","臺中市","南區","120.655","24.125","884"
"2211","275245","20221005094000","2027","1","臺中市","南屯區","120.645","24.145","2206"
"2488","275246","20221005094000","2615","0","臺中市","西區","120.650","24.145","2496"
"283","275247","20221005094000","477","0","臺中市","南屯區","120.600","24.140","283"
"386","275249","20221005094000","325","1","臺中市","南屯區","120.610","24.140","385"
"268","275250","20221005094000","138","3","臺中市","南屯區","120.615","24.140","252"
"2476","275251","20221005094000","1716","2","臺中市","南屯區","120.600","24.145","2482"
"2719","275252","20221005094000","1790","3","臺中市","南屯區","120.605","24.145","2701"
"669","275253","20221005094000","412","3","臺中市","南屯區","120.610","24.145","714"
"945","275254","20221005094000","855","1","臺中市","南屯區","120.615","24.145","868"
"728","275255","20221005094000","744","0","臺中市","南屯區","120.620","24.145","681"
"157","275256","20221005094000","148","1","臺中市","南屯區","120.595","24.150","178"
"830","275257","20221005094000","477","3","臺中市","南屯區","120.600","24.150","840"
"40","275258","20221005094000","43","0","臺中市","南屯區","120.605","24.150","48"
"13","275261","20221005094000","12","1","臺中市","南屯區","120.590","24.155","11"
"1841","275267","20221005094000","1909","0","臺中市","北屯區","120.690","24.185","1841"
"12","275268","20221005094000","18","0","臺中市","北屯區","120.690","24.190","16"
"377","275270","20221005094000","367","1","臺中市","大肚區","120.555","24.130","398"
"542","275272","20221005094000","448","2","臺中市","大肚區","120.555","24.135","560"
"869","275278","20221005094000","851","1","臺中市","南屯區","120.620","24.140","806"
"426","275280","20221005094000","469","0","臺中市","南屯區","120.625","24.145","442"
"677","275281","20221005094000","601","1","臺中市","南屯區","120.630","24.145","639"
"368","275284","20221005094000","278","2","臺中市","南屯區","120.610","24.130","377"
"807","275286","20221005094000","539","2","臺中市","南屯區","120.600","24.135","864"
"397","275288","20221005094000","340","1","臺中市","南屯區","120.610","24.135","401"
"229","275291","20221005094000","284","0","臺中市","南屯區","120.595","24.135","215"
"1408","275293","20221005094000","1362","1","臺中市","南屯區","120.605","24.135","1438"
"2122","275294","20221005094000","1675","2","臺中市","南屯區","120.615","24.135","2096"
"28","275297","20221005094000","20","2","臺中市","南屯區","120.590","24.140","29"
"80","275298","20221005094000","140","0","臺中市","南屯區","120.595","24.140","89"
"11","275300","20221005094000","15","0","臺中市","南屯區","120.580","24.145","17"
"1443","275302","20221005094000","977","2","臺中市","南屯區","120.590","24.145","1448"
"63","275303","20221005094000","268","0","臺中市","南屯區","120.595","24.145","70"
"10","275305","20221005094000","10","1","臺中市","南屯區","120.580","24.150","14"
"753","275307","20221005094000","559","2","臺中市","南屯區","120.590","24.150","732"
"118","275309","20221005094000","118","1","臺中市","南屯區","120.630","24.115","110"
"98","275311","20221005094000","305","0","臺中市","南屯區","120.630","24.120","85"
"591","275312","20221005094000","483","2","臺中市","南屯區","120.635","24.120","580"
"219","275314","20221005094000","84","3","臺中市","南屯區","120.625","24.135","206"
"2737","275315","20221005094000","1972","2","臺中市","南屯區","120.630","24.135","2753"
"1171","275316","20221005094000","1004","1","臺中市","南屯區","120.630","24.140","1052"
"2848","275317","20221005094000","1802","3","臺中市","南屯區","120.635","24.140","2909"
"1693","275318","20221005094000","1109","3","臺中市","南屯區","120.645","24.150","1657"
"1953","275319","20221005094000","1081","3","臺中市","南屯區","120.640","24.140","2001"
"2038","275320","20221005094000","2379","0","臺中市","南屯區","120.645","24.140","2017"
"392","275322","20221005094000","224","3","臺中市","南屯區","120.635","24.125","457"
"514","275325","20221005094000","339","3","臺中市","南屯區","120.635","24.130","719"
"2944","275326","20221005094000","1371","3","臺中市","南屯區","120.645","24.130","2588"
"1854","275328","20221005094000","653","3","臺中市","南屯區","120.640","24.135","1857"
"203","275329","20221005094000","459","0","臺中市","南屯區","120.640","24.130","203"
"145","275330","20221005094000","172","0","臺中市","南屯區","120.620","24.125","171"
"772","275332","20221005094000","405","3","臺中市","南屯區","120.630","24.125","776"
"189","275333","20221005094000","116","3","臺中市","南屯區","120.620","24.130","163"
"277","275336","20221005094000","115","3","臺中市","南屯區","120.640","24.125","266"
"557","275337","20221005094000","456","2","臺中市","南屯區","120.620","24.135","536"
"1402","275340","20221005094000","1516","0","臺中市","太平區","120.700","24.150","1401"
"1084","275341","20221005094000","732","2","臺中市","北區","120.700","24.155","1034"
"2622","275343","20221005094000","1817","2","臺中市","北屯區","120.685","24.180","2650"
"963","275344","20221005094000","781","2","臺中市","北屯區","120.690","24.180","953"
"455","275350","20221005094000","527","0","臺中市","北屯區","120.745","24.160","474"
"227","275354","20221005094000","230","0","臺中市","太平區","120.770","24.160","229"
"161","275362","20221005094000","115","2","臺中市","北屯區","120.745","24.170","156"
"263","275365","20221005094000","241","1","臺中市","北屯區","120.760","24.170","345"
"33","275378","20221005094000","32","1","臺中市","北屯區","120.765","24.175","33"
"31","275380","20221005094000","194","0","臺中市","北屯區","120.775","24.175","21"
"166","275382","20221005094000","86","3","臺中市","北屯區","120.785","24.175","144"
"109","275386","20221005094000","108","1","臺中市","北屯區","120.750","24.180","116"
"776","275391","20221005094000","958","0","臺中市","北屯區","120.710","24.160","768"
"249","275392","20221005094000","338","0","臺中市","北屯區","120.715","24.160","280"
"271","275393","20221005094000","319","0","臺中市","北屯區","120.710","24.165","304"
"1111","275394","20221005094000","967","1","臺中市","北屯區","120.715","24.165","1094"
"586","275395","20221005094000","527","1","臺中市","北屯區","120.720","24.165","591"
"1428","275396","20221005094000","1310","1","臺中市","北屯區","120.710","24.170","1495"
"290","275397","20221005094000","296","0","臺中市","北屯區","120.715","24.170","292"
"852","275398","20221005094000","849","1","臺中市","北屯區","120.720","24.170","847"
"143","275399","20221005094000","98","2","臺中市","大肚區","120.570","24.150","124"
"150","275400","20221005094000","304","0","臺中市","大肚區","120.570","24.155","130"
"978","275403","20221005094000","901","1","臺中市","大肚區","120.570","24.160","1022"
"33","275420","20221005094000","21","3","臺中市","大肚區","120.535","24.150","32"
"2578","275421","20221005094000","2427","1","臺中市","西區","120.655","24.155","2562"
"2900","275422","20221005094000","2311","2","臺中市","西區","120.660","24.155","2802"
"607","275423","20221005094000","582","1","臺中市","西區","120.660","24.160","600"
"155","275424","20221005094000","181","0","臺中市","大里區","120.675","24.100","165"
"343","275425","20221005094000","404","0","臺中市","大里區","120.680","24.100","348"
"407","275426","20221005094000","302","2","臺中市","大里區","120.680","24.105","404"
"2377","275427","20221005094000","1483","3","臺中市","西區","120.680","24.135","2411"
"793","275428","20221005094000","927","0","臺中市","中區","120.680","24.145","705"
"3342","275429","20221005094000","1849","3","臺中市","中區","120.680","24.140","3428"
"2139","275430","20221005094000","1404","3","臺中市","北屯區","120.680","24.170","2241"
"634","275431","20221005094000","1088","0","臺中市","北屯區","120.685","24.170","606"
"475","275432","20221005094000","857","0","臺中市","北屯區","120.690","24.165","497"
"1088","275433","20221005094000","1262","0","臺中市","北屯區","120.695","24.170","1045"
"2416","275434","20221005094000","2177","1","臺中市","北屯區","120.695","24.175","2450"
"2523","275435","20221005094000","2260","1","臺中市","北屯區","120.690","24.175","2510"
"1477","275436","20221005094000","1387","1","臺中市","南屯區","120.630","24.150","1405"
"1232","275437","20221005094000","763","3","臺中市","南屯區","120.630","24.155","1137"
"431","275439","20221005094000","902","0","臺中市","北屯區","120.710","24.175","441"
"351","275440","20221005094000","405","0","臺中市","北屯區","120.695","24.185","332"
"823","275442","20221005094000","935","0","臺中市","北屯區","120.710","24.180","739"
"344","275443","20221005094000","580","0","臺中市","北屯區","120.705","24.180","366"
"708","275445","20221005094000","663","1","臺中市","北屯區","120.705","24.185","740"
"2059","275457","20221005094000","1589","2","臺中市","北區","120.670","24.160","2164"
"4575","275458","20221005094000","3864","1","臺中市","北區","120.685","24.155","4590"
"1491","275459","20221005094000","981","3","臺中市","北屯區","120.700","24.175","1448"
"730","275461","20221005094000","554","2","臺中市","大里區","120.710","24.100","725"
"1697","275462","20221005094000","1687","1","臺中市","大里區","120.715","24.100","1680"
"1358","275463","20221005094000","1830","0","臺中市","大里區","120.690","24.105","1356"
"374","275464","20221005094000","820","0","臺中市","大里區","120.695","24.105","379"
"598","275466","20221005094000","811","0","臺中市","大里區","120.685","24.100","562"
"2781","275467","20221005094000","1962","2","臺中市","大里區","120.680","24.115","2776"
"23","275468","20221005094000","448","0","臺中市","大里區","120.685","24.115","472"
"1015","275469","20221005094000","1073","0","臺中市","南屯區","120.635","24.135","1032"
"49","275471","20221005094000","592","0","臺中市","大里區","120.695","24.110","38"
"1591","275477","20221005094000","887","3","臺中市","太平區","120.715","24.155","1527"
"1082","275478","20221005094000","532","3","臺中市","北屯區","120.705","24.170","987"
"421","275479","20221005094000","307","2","臺中市","北屯區","120.740","24.180","404"
"47","275480","20221005094000","204","0","臺中市","北屯區","120.745","24.180","65"
"13","275487","20221005094000","117","0","臺中市","北屯區","120.745","24.185","18"
"27","275492","20221005094000","28","0","臺中市","北屯區","120.770","24.185","26"
"18","275495","20221005094000","36","0","臺中市","北屯區","120.780","24.185","18"
"10","275498","20221005094000","42","0","臺中市","北屯區","120.750","24.185","10"
"18","275502","20221005094000","79","0","臺中市","北屯區","120.765","24.185","43"
"1111","275504","20221005094000","1313","0","臺中市","北屯區","120.695","24.180","1101"
"1647","275505","20221005094000","1352","2","臺中市","西屯區","120.665","24.175","1672"
"804","275506","20221005094000","704","1","臺中市","西屯區","120.640","24.155","833"
"2856","275507","20221005094000","3038","0","臺中市","西屯區","120.645","24.155","2830"
"2470","275508","20221005094000","3690","0","臺中市","西屯區","120.640","24.160","2324"
"2463","275509","20221005094000","2043","2","臺中市","西屯區","120.645","24.160","2409"
"292","275510","20221005094000","931","0","臺中市","西屯區","120.640","24.165","307"
"2160","275511","20221005094000","2280","0","臺中市","西屯區","120.645","24.165","2135"
"1188","275512","20221005094000","930","2","臺中市","西屯區","120.650","24.170","1057"
"665","275513","20221005094000","449","2","臺中市","太平區","120.720","24.145","645"
"551","275515","20221005094000","505","1","臺中市","太平區","120.715","24.145","559"
"1523","275517","20221005094000","1381","1","臺中市","大里區","120.690","24.115","1586"
"442","275518","20221005094000","404","1","臺中市","大里區","120.690","24.120","428"
"665","275519","20221005094000","306","3","臺中市","東區","120.700","24.125","655"
"34","275662","20221005094000","33","1","臺中市","和平區","120.955","24.160","54"
"35","275685","20221005094000","84","0","臺中市","和平區","120.950","24.165","45"
"10","275716","20221005094000","88","0","臺中市","和平區","120.975","24.170","14"
"23","275771","20221005094000","114","0","臺中市","和平區","120.980","24.180","19"
"226","275829","20221005094000","113","3","臺中市","和平區","120.990","24.185","246"
"279","276007","20221005094000","237","1","臺中市","和平區","120.925","24.180","365"
"166","276027","20221005094000","589","0","臺中市","北屯區","120.700","24.180","154"
"1357","276028","20221005094000","1544","0","臺中市","南區","120.680","24.130","1323"
"1066","276029","20221005094000","1663","0","臺中市","西屯區","120.620","24.180","1058"
"3120","276033","20221005094000","2621","1","臺中市","西屯區","120.650","24.185","3639"
"25","276034","20221005094000","232","0","臺中市","西屯區","120.650","24.190","36"
"12","276036","20221005094000","30","0","臺中市","西屯區","120.630","24.160","12"
"1830","276037","20221005094000","1456","2","臺中市","西屯區","120.635","24.160","1806"
"2144","276039","20221005094000","2161","0","臺中市","西屯區","120.635","24.165","2013"
"476","276040","20221005094000","321","2","臺中市","西屯區","120.630","24.170","473"
"522","276041","20221005094000","596","0","臺中市","西屯區","120.635","24.170","523"
"1671","276043","20221005094000","1296","2","臺中市","太平區","120.715","24.140","1661"
"90","276044","20221005094000","726","0","臺中市","太平區","120.720","24.155","80"
"2195","276045","20221005094000","2457","0","臺中市","西區","120.660","24.140","2216"
"1927","276046","20221005094000","1988","0","臺中市","西區","120.660","24.145","1912"
"1053","276048","20221005094000","982","1","臺中市","南區","120.660","24.130","1002"
"143","276451","20221005094000","421","0","花蓮縣","秀林鄉","121.285","24.140","190"
"277","276521","20221005094000","262","1","花蓮縣","秀林鄉","121.635","24.140","376"
"20","276664","20221005094000","140","0","花蓮縣","秀林鄉","121.625","24.150","15"
"244","276735","20221005094000","77","3","花蓮縣","秀林鄉","121.625","24.155","108"
"17","276802","20221005094000","17","1","花蓮縣","秀林鄉","121.615","24.160","13"
"176","276803","20221005094000","162","1","花蓮縣","秀林鄉","121.620","24.160","134"
"36","276923","20221005094000","26","2","花蓮縣","秀林鄉","121.530","24.170","13"
"64","276945","20221005094000","216","0","花蓮縣","秀林鄉","121.300","24.175","56"
"13","276998","20221005094000","49","0","花蓮縣","秀林鄉","121.560","24.175","13"
"122","277000","20221005094000","89","2","花蓮縣","秀林鄉","121.570","24.175","168"
"48","277001","20221005094000","36","2","花蓮縣","秀林鄉","121.575","24.175","43"
"17","277055","20221005094000","17","1","花蓮縣","秀林鄉","121.510","24.180","12"
"316","277116","20221005094000","233","2","花蓮縣","秀林鄉","121.495","24.180","298"
"680","277183","20221005094000","457","2","花蓮縣","秀林鄉","121.655","24.125","661"
"112","277187","20221005094000","68","3","花蓮縣","秀林鄉","121.645","24.135","131"
"256","277214","20221005094000","225","1","花蓮縣","秀林鄉","121.650","24.155","267"
"122","277223","20221005094000","151","0","花蓮縣","秀林鄉","121.655","24.160","172"
"138","277237","20221005094000","112","2","花蓮縣","秀林鄉","121.655","24.170","122"
"10","277255","20221005094000","15","0","花蓮縣","秀林鄉","121.660","24.180","15"
"1657","277409","20221005094000","2825","0","臺中市","西屯區","120.645","24.170","1644"
"379","277410","20221005094000","299","2","臺中市","太平區","120.730","24.155","379"
"154","277411","20221005094000","566","0","臺中市","太平區","120.735","24.155","187"
"19","277415","20221005094000","184","0","臺中市","大肚區","120.550","24.120","21"
"856","277420","20221005094000","783","1","臺中市","大肚區","120.570","24.120","847"
"93","277421","20221005094000","606","0","臺中市","大肚區","120.575","24.120","99"
"553","277423","20221005094000","528","1","臺中市","大肚區","120.570","24.125","532"
"60","277425","20221005094000","505","0","臺中市","大肚區","120.580","24.125","68"
"44","277426","20221005094000","458","0","臺中市","大肚區","120.570","24.130","35"
"223","277434","20221005094000","448","0","臺中市","大肚區","120.585","24.135","290"
"1471","277437","20221005094000","1511","0","臺中市","大里區","120.705","24.105","1400"
"412","277439","20221005094000","412","1","臺中市","大里區","120.705","24.110","456"
"26","277440","20221005094000","275","0","臺中市","太平區","120.705","24.150","34"
"343","277441","20221005094000","547","0","臺中市","太平區","120.710","24.150","323"
"463","277442","20221005094000","290","3","臺中市","烏日區","120.625","24.100","446"
"820","277443","20221005094000","889","0","臺中市","烏日區","120.630","24.100","836"
"1537","277444","20221005094000","1201","2","臺中市","烏日區","120.620","24.105","1606"
"679","277445","20221005094000","370","3","臺中市","烏日區","120.625","24.105","617"
"624","277450","20221005094000","373","3","臺中市","西屯區","120.595","24.165","614"
"660","277451","20221005094000","730","0","臺中市","西屯區","120.600","24.165","654"
"830","277452","20221005094000","906","0","臺中市","西屯區","120.605","24.165","868"
"910","277453","20221005094000","836","1","臺中市","西屯區","120.610","24.165","965"
"54","277456","20221005094000","291","0","臺中市","西屯區","120.585","24.170","47"
"2449","277457","20221005094000","2513","0","臺中市","西屯區","120.590","24.170","2359"
"427","277458","20221005094000","303","2","臺中市","西屯區","120.595","24.170","495"
"43","277459","20221005094000","50","0","臺中市","西屯區","120.600","24.170","37"
"313","277460","20221005094000","320","0","臺中市","西屯區","120.605","24.170","319"
"1090","277461","20221005094000","1356","0","臺中市","西屯區","120.610","24.170","1052"
"193","277462","20221005094000","251","0","臺中市","西屯區","120.615","24.170","187"
"898","277463","20221005094000","841","1","臺中市","西屯區","120.620","24.170","935"
"54","277465","20221005094000","308","0","臺中市","西屯區","120.585","24.175","65"
"487","277467","20221005094000","586","0","臺中市","西屯區","120.605","24.175","465"
"1566","277468","20221005094000","1126","2","臺中市","西屯區","120.595","24.175","1578"
"574","277471","20221005094000","363","3","臺中市","西屯區","120.620","24.175","549"
"78","277472","20221005094000","57","2","臺中市","西屯區","120.625","24.175","78"
"871","277473","20221005094000","1634","0","臺中市","西屯區","120.595","24.180","899"
"1347","277474","20221005094000","929","2","臺中市","西屯區","120.595","24.185","1390"
"1323","277475","20221005094000","1067","2","臺中市","西屯區","120.600","24.175","1258"
"1837","277477","20221005094000","1903","0","臺中市","太平區","120.720","24.130","1858"
"45","277478","20221005094000","540","0","臺中市","太平區","120.710","24.130","49"
"165","277480","20221005094000","1271","0","臺中市","太平區","120.715","24.135","136"
"2273","277481","20221005094000","1688","2","臺中市","太平區","120.730","24.150","2257"
"26","277483","20221005094000","187","0","臺中市","大肚區","120.575","24.170","38"
"514","277484","20221005094000","757","0","臺中市","大肚區","120.580","24.170","499"
"1403","277487","20221005094000","1441","0","臺中市","大肚區","120.545","24.155","1418"
"79","277488","20221005094000","527","0","臺中市","大肚區","120.540","24.160","59"
"519","277489","20221005094000","483","1","臺中市","大肚區","120.545","24.160","546"
"568","277492","20221005094000","391","2","臺中市","大肚區","120.535","24.165","582"
"547","277493","20221005094000","847","0","臺中市","大里區","120.690","24.100","559"
"529","277496","20221005094000","419","2","臺中市","太平區","120.735","24.105","508"
"976","277503","20221005094000","767","2","臺中市","太平區","120.730","24.140","943"
"1277","277504","20221005094000","1182","1","臺中市","太平區","120.735","24.140","1242"
"44","277507","20221005094000","43","1","臺中市","太平區","120.730","24.145","47"
"507","277508","20221005094000","1017","0","臺中市","太平區","120.735","24.145","499"
"1326","277520","20221005094000","1056","2","臺中市","太平區","120.740","24.155","1167"
"238","277531","20221005094000","1191","0","臺中市","太平區","120.730","24.125","227"
"79","277532","20221005094000","215","0","臺中市","太平區","120.725","24.130","78"
"1316","277533","20221005094000","1429","0","臺中市","東區","120.690","24.130","1363"
"1749","277534","20221005094000","1759","0","臺中市","東區","120.690","24.140","1716"
"2856","277535","20221005094000","1890","3","臺中市","中區","120.685","24.140","2842"
"17","277537","20221005094000","159","0","臺中市","太平區","120.735","24.130","14"
"679","277538","20221005094000","1416","0","臺中市","太平區","120.720","24.100","719"
"1420","277540","20221005094000","994","2","臺中市","太平區","120.720","24.105","1381"
"860","277541","20221005094000","841","1","臺中市","太平區","120.725","24.140","839"
"500","277542","20221005094000","445","1","臺中市","太平區","120.730","24.135","501"
"1313","277544","20221005094000","895","2","臺中市","龍井區","120.540","24.175","1269"
"915","277557","20221005094000","446","3","臺中市","大肚區","120.560","24.125","894"
"98","277558","20221005094000","525","0","臺中市","大肚區","120.565","24.125","83"
"496","277564","20221005094000","485","1","臺中市","龍井區","120.575","24.175","484"
"486","277565","20221005094000","774","0","臺中市","龍井區","120.580","24.175","477"
"640","277566","20221005094000","640","1","臺中市","太平區","120.725","24.145","636"
"679","277567","20221005094000","613","1","臺中市","太平區","120.720","24.125","640"
"36","277587","20221005094000","20","3","臺中市","東勢區","120.855","24.175","29"
"87","277597","20221005094000","65","2","臺中市","東勢區","120.840","24.185","81"
"72","277611","20221005094000","39","3","臺中市","東勢區","120.865","24.185","60"
"549","277614","20221005094000","670","0","臺中市","太平區","120.710","24.135","539"
"1388","277615","20221005094000","1268","1","臺中市","東區","120.705","24.140","1392"
"13","277616","20221005094000","487","0","臺中市","東區","120.705","24.145","10"
"1515","277617","20221005094000","1142","2","臺中市","東區","120.695","24.150","1549"
"185","277618","20221005094000","1248","0","臺中市","太平區","120.705","24.155","197"
"715","277619","20221005094000","690","1","臺中市","太平區","120.705","24.160","689"
"1409","277620","20221005094000","711","3","臺中市","太平區","120.710","24.155","1446"
"1619","277621","20221005094000","1275","2","臺中市","東區","120.690","24.135","1638"
"665","277622","20221005094000","599","1","臺中市","東區","120.690","24.145","661"
"2061","277623","20221005094000","1515","2","臺中市","東區","120.700","24.140","2153"
"2510","277624","20221005094000","2248","1","臺中市","北區","120.675","24.155","2512"
"1461","277625","20221005094000","1438","1","臺中市","西區","120.660","24.150","1394"
"3713","277626","20221005094000","2951","2","臺中市","西區","120.665","24.155","3540"
"19","277630","20221005094000","280","0","臺中市","龍井區","120.550","24.185","19"
"165","277637","20221005094000","183","0","臺中市","烏日區","120.650","24.105","165"
"685","277638","20221005094000","639","1","臺中市","烏日區","120.655","24.105","705"
"3303","277639","20221005094000","2730","2","臺中市","西屯區","120.640","24.170","3318"
"1232","277640","20221005094000","1760","0","臺中市","西屯區","120.655","24.170","1207"
"4682","277641","20221005094000","4174","1","臺中市","西屯區","120.660","24.170","4669"
"1271","277642","20221005094000","1441","0","臺中市","太平區","120.720","24.150","1284"
"192","277643","20221005094000","151","2","臺中市","太平區","120.725","24.150","202"
"966","277644","20221005094000","989","0","臺中市","太平區","120.725","24.155","1068"
"1080","277646","20221005094000","562","3","臺中市","烏日區","120.605","24.105","1077"
"397","277647","20221005094000","258","3","臺中市","烏日區","120.610","24.105","495"
"218","277648","20221005094000","227","0","臺中市","烏日區","120.600","24.110","218"
"1691","277649","20221005094000","1906","0","臺中市","烏日區","120.605","24.110","1467"
"41","277650","20221005094000","39","1","臺中市","烏日區","120.610","24.110","41"
"460","277652","20221005094000","383","2","臺中市","烏日區","120.605","24.115","492"
"794","277653","20221005094000","569","2","臺中市","烏日區","120.610","24.115","786"
"218","277655","20221005094000","166","2","臺中市","烏日區","120.595","24.120","205"
"328","277656","20221005094000","1109","0","臺中市","烏日區","120.635","24.110","343"
"791","277657","20221005094000","741","1","臺中市","烏日區","120.640","24.110","820"
"3383","277661","20221005094000","2375","2","臺中市","西區","120.665","24.150","3369"
"778","277662","20221005094000","872","0","臺中市","西區","120.670","24.150","830"
"1704","277663","20221005094000","2575","0","臺中市","西區","120.675","24.135","1685"
"1651","277664","20221005094000","1612","1","臺中市","西區","120.665","24.145","1645"
"301","277681","20221005094000","280","1","花蓮縣","秀林鄉","121.630","24.115","257"
"178","277712","20221005094000","99","3","花蓮縣","秀林鄉","121.630","24.125","150"
"283","277713","20221005094000","191","2","花蓮縣","秀林鄉","121.635","24.125","231"
"209","277756","20221005094000","209","1","花蓮縣","新城鄉","121.615","24.100","206"
"210","277759","20221005094000","252","0","花蓮縣","新城鄉","121.620","24.105","282"
"318","277766","20221005094000","360","0","花蓮縣","新城鄉","121.640","24.115","360"
"72","277799","20221005094000","80","0","花蓮縣","新城鄉","121.650","24.125","84"
"228","277805","20221005094000","264","0","花蓮縣","新城鄉","121.645","24.130","230"
"24","277807","20221005094000","43","0","彰化縣","彰化市","120.545","24.100","29"
"1144","277812","20221005094000","953","2","彰化縣","和美鎮","120.495","24.115","1219"
"308","277817","20221005094000","261","1","彰化縣","彰化市","120.560","24.105","359"
"649","277821","20221005094000","157","3","彰化縣","和美鎮","120.505","24.140","703"
"1111","277830","20221005094000","1045","1","彰化縣","和美鎮","120.500","24.105","1057"
"2485","277831","20221005094000","2228","1","彰化縣","和美鎮","120.495","24.110","2487"
"1623","277832","20221005094000","1431","1","彰化縣","和美鎮","120.500","24.110","1513"
"92","277834","20221005094000","798","0","彰化縣","伸港鄉","120.480","24.140","102"
"160","277848","20221005094000","91","3","南投縣","國姓鄉","120.895","24.110","164"
"26","277865","20221005094000","27","0","南投縣","國姓鄉","120.850","24.105","49"
"123","277866","20221005094000","76","3","南投縣","國姓鄉","120.855","24.105","131"
"454","277889","20221005094000","441","1","彰化縣","和美鎮","120.490","24.110","500"
"226","277890","20221005094000","248","0","彰化縣","和美鎮","120.490","24.115","45"
"225","277892","20221005094000","274","0","彰化縣","和美鎮","120.515","24.125","227"
"46","277895","20221005094000","37","2","彰化縣","和美鎮","120.520","24.130","44"
"625","277898","20221005094000","352","3","彰化縣","和美鎮","120.515","24.135","652"
"396","277902","20221005094000","327","2","彰化縣","和美鎮","120.500","24.130","385"
"18","277906","20221005094000","24","0","彰化縣","和美鎮","120.505","24.135","28"
"69","277907","20221005094000","31","3","彰化縣","和美鎮","120.510","24.135","60"
"1323","277912","20221005094000","1073","2","彰化縣","和美鎮","120.490","24.120","1408"
"606","277913","20221005094000","481","2","彰化縣","和美鎮","120.495","24.120","653"
"207","277919","20221005094000","675","0","彰化縣","伸港鄉","120.510","24.160","232"
"409","277922","20221005094000","301","2","彰化縣","伸港鄉","120.510","24.165","405"
"314","277925","20221005094000","1363","0","彰化縣","伸港鄉","120.505","24.170","327"
"445","277926","20221005094000","280","3","彰化縣","伸港鄉","120.510","24.170","483"
"389","277931","20221005094000","116","3","彰化縣","伸港鄉","120.505","24.180","357"
"1249","277935","20221005094000","800","3","彰化縣","彰化市","120.575","24.100","1182"
"29","277953","20221005094000","407","0","彰化縣","和美鎮","120.530","24.110","31"
"103","277967","20221005094000","873","0","彰化縣","和美鎮","120.545","24.110","85"
"14","277968","20221005094000","26","0","彰化縣","和美鎮","120.540","24.115","10"
"44","277971","20221005094000","48","0","彰化縣","和美鎮","120.530","24.100","41"
"1236","277975","20221005094000","1061","1","彰化縣","和美鎮","120.525","24.115","1240"
"36","277978","20221005094000","24","3","彰化縣","和美鎮","120.485","24.135","43"
"112","277979","20221005094000","176","0","彰化縣","和美鎮","120.485","24.140","106"
"676","277980","20221005094000","1944","0","彰化縣","伸港鄉","120.485","24.145","639"
"266","277982","20221005094000","488","0","彰化縣","伸港鄉","120.490","24.150","272"
"318","277984","20221005094000","124","3","彰化縣","伸港鄉","120.470","24.145","345"
"115","277985","20221005094000","306","0","彰化縣","伸港鄉","120.475","24.145","101"
"182","277994","20221005094000","523","0","彰化縣","伸港鄉","120.500","24.140","183"
"169","277998","20221005094000","200","0","彰化縣","伸港鄉","120.480","24.155","151"
"612","278002","20221005094000","505","2","彰化縣","和美鎮","120.490","24.105","575"
"40","278003","20221005094000","100","0","彰化縣","和美鎮","120.490","24.125","45"
"514","278011","20221005094000","382","2","彰化縣","和美鎮","120.515","24.105","536"
"564","278012","20221005094000","482","1","彰化縣","和美鎮","120.510","24.110","588"
"211","278018","20221005094000","435","0","彰化縣","和美鎮","120.510","24.150","222"
"16","278019","20221005094000","180","0","彰化縣","伸港鄉","120.510","24.155","18"
"80","278026","20221005094000","567","0","彰化縣","線西鄉","120.455","24.145","90"
"647","278032","20221005094000","325","3","彰化縣","伸港鄉","120.450","24.155","583"
"888","278037","20221005094000","860","1","彰化縣","和美鎮","120.500","24.115","881"
"1364","278047","20221005094000","718","3","彰化縣","和美鎮","120.490","24.130","1351"
"1153","278050","20221005094000","558","3","彰化縣","和美鎮","120.490","24.100","1087"
"1979","278052","20221005094000","649","3","彰化縣","和美鎮","120.515","24.100","1889"
"1012","278053","20221005094000","617","3","彰化縣","和美鎮","120.520","24.100","1137"
"151","278058","20221005094000","97","3","彰化縣","和美鎮","120.485","24.100","129"
"416","278060","20221005094000","355","1","彰化縣","和美鎮","120.485","24.110","386"
"99","278065","20221005094000","120","0","彰化縣","伸港鄉","120.475","24.155","112"
"92","278066","20221005094000","31","3","彰化縣","伸港鄉","120.470","24.160","114"
"44","278084","20221005094000","35","2","彰化縣","伸港鄉","120.485","24.180","47"
"818","278099","20221005094000","790","1","彰化縣","和美鎮","120.530","24.105","830"
"505","278100","20221005094000","473","1","彰化縣","和美鎮","120.515","24.120","508"
"220","278175","20221005094000","203","1","南投縣","仁愛鄉","121.190","24.145","200"
"387","278457","20221005094000","355","1","南投縣","仁愛鄉","121.205","24.110","401"
"251","278506","20221005094000","419","0","南投縣","仁愛鄉","121.270","24.140","144"
"69","278518","20221005094000","141","0","南投縣","仁愛鄉","121.285","24.160","85"
"142","278973","20221005094000","107","2","南投縣","仁愛鄉","121.185","24.120","123"
"363","279090","20221005094000","324","1","南投縣","仁愛鄉","121.170","24.155","310"
"67","279213","20221005094000","70","0","南投縣","仁愛鄉","121.200","24.180","59"
"227","279218","20221005094000","199","1","南投縣","仁愛鄉","121.225","24.180","186"
"403","279255","20221005094000","1650","0","彰化縣","伸港鄉","120.485","24.160","405"
"303","279258","20221005094000","639","0","彰化縣","伸港鄉","120.495","24.160","332"
"125","279282","20221005094000","97","2","彰化縣","線西鄉","120.420","24.130","105"
"61","279286","20221005094000","380","0","彰化縣","和美鎮","120.480","24.105","53"
"48","279292","20221005094000","341","0","彰化縣","鹿港鎮","120.460","24.105","51"
"24","279293","20221005094000","360","0","彰化縣","鹿港鎮","120.465","24.105","31"
"793","279295","20221005094000","262","3","彰化縣","鹿港鎮","120.465","24.110","728"
"721","279296","20221005094000","183","3","彰化縣","鹿港鎮","120.460","24.115","727"
"1713","279303","20221005094000","1038","3","彰化縣","線西鄉","120.465","24.130","1729"
"132","279311","20221005094000","711","0","彰化縣","線西鄉","120.435","24.140","160"
"1293","279350","20221005094000","376","3","彰化縣","鹿港鎮","120.450","24.115","1276"
"545","279359","20221005094000","155","3","彰化縣","鹿港鎮","120.455","24.120","551"
"33","279366","20221005094000","19","3","彰化縣","線西鄉","120.460","24.130","30"
"1470","279368","20221005094000","1337","1","彰化縣","線西鄉","120.430","24.130","1438"
"1726","279371","20221005094000","992","3","彰化縣","線西鄉","120.425","24.135","1777"
"29","279375","20221005094000","242","0","彰化縣","線西鄉","120.470","24.135","30"
"397","279379","20221005094000","172","3","彰化縣","線西鄉","120.440","24.150","381"
"766","279387","20221005094000","539","2","彰化縣","線西鄉","120.445","24.150","711"
"523","279389","20221005094000","370","2","彰化縣","線西鄉","120.480","24.115","517"
"253","279392","20221005094000","232","1","彰化縣","和美鎮","120.485","24.120","337"
"351","279396","20221005094000","375","0","彰化縣","線西鄉","120.480","24.125","360"
"740","279398","20221005094000","567","2","彰化縣","線西鄉","120.470","24.130","711"
"32","285400","20221005094000","26","2","臺中市","清水區","120.555","24.270","34"
"279","285401","20221005094000","295","0","臺中市","清水區","120.560","24.270","312"
"1899","285403","20221005094000","1582","2","臺中市","清水區","120.550","24.275","1874"
"551","285405","20221005094000","635","0","臺中市","清水區","120.540","24.275","602"
"97","285406","20221005094000","504","0","臺中市","北屯區","120.665","24.195","104"
"1083","285409","20221005094000","654","3","臺中市","北屯區","120.680","24.195","1033"
"652","285410","20221005094000","580","1","臺中市","北屯區","120.665","24.200","661"
"561","285412","20221005094000","478","1","臺中市","北屯區","120.675","24.200","564"
"509","285413","20221005094000","374","2","臺中市","北屯區","120.680","24.200","547"
"612","285414","20221005094000","610","1","臺中市","北屯區","120.685","24.200","646"
"55","285415","20221005094000","24","3","臺中市","北屯區","120.665","24.190","43"
"1044","285416","20221005094000","555","3","臺中市","北屯區","120.670","24.190","1170"
"95","285418","20221005094000","886","0","臺中市","沙鹿區","120.560","24.240","93"
"1971","285419","20221005094000","2233","0","臺中市","沙鹿區","120.565","24.240","1881"
"44","285422","20221005094000","50","0","臺中市","沙鹿區","120.565","24.245","40"
"197","285423","20221005094000","453","0","臺中市","沙鹿區","120.570","24.245","220"
"349","285425","20221005094000","377","0","臺中市","沙鹿區","120.560","24.250","387"
"381","285428","20221005094000","386","0","臺中市","沙鹿區","120.565","24.255","374"
"1156","285431","20221005094000","603","3","臺中市","清水區","120.575","24.275","1096"
"1322","285434","20221005094000","1061","2","臺中市","潭子區","120.715","24.205","1392"
"721","285437","20221005094000","468","3","臺中市","潭子區","120.700","24.200","792"
"484","285439","20221005094000","331","2","臺中市","潭子區","120.700","24.205","469"
"405","285440","20221005094000","441","0","臺中市","潭子區","120.700","24.210","439"
"1426","285441","20221005094000","1364","1","臺中市","潭子區","120.705","24.210","1456"
"716","285442","20221005094000","1346","0","臺中市","潭子區","120.700","24.215","715"
"86","285443","20221005094000","183","0","臺中市","潭子區","120.710","24.195","87"
"44","285444","20221005094000","41","1","臺中市","潭子區","120.705","24.200","38"
"38","285445","20221005094000","381","0","臺中市","潭子區","120.710","24.200","446"
"1072","285446","20221005094000","1264","0","臺中市","潭子區","120.705","24.205","1030"
"2176","285447","20221005094000","1609","2","臺中市","潭子區","120.710","24.205","2119"
"1027","285453","20221005094000","732","2","臺中市","潭子區","120.720","24.195","1045"
"1651","285454","20221005094000","1533","1","臺中市","潭子區","120.725","24.195","1682"
"720","285459","20221005094000","586","2","臺中市","潭子區","120.725","24.200","792"
"1559","285460","20221005094000","1719","0","臺中市","潭子區","120.730","24.200","1625"
"87","285468","20221005094000","92","0","臺中市","潭子區","120.745","24.210","96"
"2977","285469","20221005094000","2380","2","臺中市","北屯區","120.705","24.190","2985"
"52","285470","20221005094000","48","1","臺中市","北屯區","120.705","24.195","39"
"156","285471","20221005094000","213","0","臺中市","西屯區","120.645","24.190","182"
"412","285472","20221005094000","322","2","臺中市","大雅區","120.615","24.235","422"
"469","285473","20221005094000","327","2","臺中市","沙鹿區","120.610","24.240","457"
"135","285474","20221005094000","610","0","臺中市","沙鹿區","120.615","24.240","158"
"19","285488","20221005094000","86","0","臺中市","沙鹿區","120.575","24.240","21"
"235","285500","20221005094000","231","1","臺中市","沙鹿區","120.560","24.225","229"
"830","285503","20221005094000","914","0","臺中市","沙鹿區","120.565","24.225","828"
"107","285504","20221005094000","460","0","臺中市","神岡區","120.655","24.250","84"
"49","285507","20221005094000","54","0","臺中市","神岡區","120.660","24.255","65"
"33","285509","20221005094000","407","0","臺中市","神岡區","120.675","24.260","27"
"812","285515","20221005094000","769","1","臺中市","神岡區","120.680","24.265","818"
"72","285519","20221005094000","501","0","臺中市","神岡區","120.655","24.275","70"
"682","285522","20221005094000","1520","0","臺中市","豐原區","120.705","24.240","633"
"822","285523","20221005094000","578","2","臺中市","豐原區","120.700","24.245","926"
"550","285524","20221005094000","880","0","臺中市","豐原區","120.705","24.245","538"
"325","285525","20221005094000","284","1","臺中市","龍井區","120.560","24.190","322"
"514","285526","20221005094000","278","3","臺中市","龍井區","120.535","24.195","486"
"62","285527","20221005094000","57","1","臺中市","龍井區","120.540","24.195","57"
"361","285528","20221005094000","327","1","臺中市","龍井區","120.545","24.195","352"
"432","285531","20221005094000","372","1","臺中市","龍井區","120.560","24.195","432"
"475","285533","20221005094000","514","0","臺中市","龍井區","120.545","24.200","445"
"249","285536","20221005094000","209","1","臺中市","龍井區","120.560","24.200","269"
"744","285538","20221005094000","752","0","臺中市","潭子區","120.705","24.215","746"
"88","285539","20221005094000","72","2","臺中市","潭子區","120.700","24.220","91"
"2619","285540","20221005094000","2526","1","臺中市","潭子區","120.705","24.220","2635"
"3993","285541","20221005094000","3914","1","臺中市","潭子區","120.705","24.225","4116"
"256","285542","20221005094000","305","0","臺中市","龍井區","120.590","24.190","257"
"534","285544","20221005094000","466","1","臺中市","西屯區","120.605","24.190","496"
"1270","285547","20221005094000","825","3","臺中市","神岡區","120.690","24.265","1324"
"358","285549","20221005094000","180","3","臺中市","神岡區","120.685","24.270","337"
"268","285551","20221005094000","158","3","臺中市","神岡區","120.675","24.275","237"
"475","285553","20221005094000","461","1","臺中市","神岡區","120.685","24.275","516"
"631","285559","20221005094000","266","3","臺中市","神岡區","120.690","24.275","597"
"1166","285561","20221005094000","750","3","臺中市","神岡區","120.680","24.240","1156"
"491","285565","20221005094000","392","2","臺中市","神岡區","120.680","24.245","525"
"47","285567","20221005094000","871","0","臺中市","神岡區","120.675","24.250","55"
"1176","285568","20221005094000","1083","1","臺中市","神岡區","120.685","24.245","1160"
"63","285569","20221005094000","44","2","臺中市","神岡區","120.680","24.250","62"
"21","285570","20221005094000","213","0","臺中市","神岡區","120.685","24.250","27"
"113","285571","20221005094000","128","0","臺中市","神岡區","120.690","24.250","119"
"334","285573","20221005094000","281","1","臺中市","神岡區","120.685","24.255","337"
"129","285574","20221005094000","128","1","臺中市","神岡區","120.690","24.255","140"
"1953","285581","20221005094000","1571","2","臺中市","沙鹿區","120.555","24.230","1841"
"2456","285582","20221005094000","2408","1","臺中市","沙鹿區","120.555","24.235","2512"
"220","285584","20221005094000","366","0","臺中市","沙鹿區","120.580","24.250","219"
"901","285593","20221005094000","1041","0","臺中市","沙鹿區","120.600","24.255","976"
"349","285599","20221005094000","274","2","臺中市","沙鹿區","120.600","24.260","352"
"570","285602","20221005094000","340","3","臺中市","沙鹿區","120.585","24.265","571"
"441","285607","20221005094000","235","3","臺中市","大雅區","120.655","24.210","464"
"376","285613","20221005094000","630","0","臺中市","大雅區","120.665","24.220","424"
"51","285618","20221005094000","315","0","臺中市","新社區","120.805","24.250","71"
"643","285621","20221005094000","383","3","臺中市","新社區","120.805","24.255","699"
"399","285626","20221005094000","270","2","臺中市","梧棲區","120.515","24.260","339"
"501","285627","20221005094000","417","2","臺中市","梧棲區","120.520","24.260","522"
"136","285630","20221005094000","424","0","臺中市","梧棲區","120.515","24.270","166"
"1077","285634","20221005094000","1257","0","臺中市","梧棲區","120.535","24.255","1108"
"555","285635","20221005094000","394","2","臺中市","梧棲區","120.550","24.255","558"
"368","285637","20221005094000","573","0","臺中市","梧棲區","120.560","24.255","393"
"844","285638","20221005094000","686","2","臺中市","梧棲區","120.540","24.260","801"
"433","285642","20221005094000","553","0","臺中市","梧棲區","120.555","24.240","417"
"2189","285644","20221005094000","1344","3","臺中市","梧棲區","120.545","24.245","2249"
"1077","285646","20221005094000","1625","0","臺中市","神岡區","120.695","24.245","1049"
"674","285648","20221005094000","620","1","臺中市","神岡區","120.695","24.255","642"
"531","285657","20221005094000","494","1","臺中市","梧棲區(海)","120.490","24.255","555"
"37","285659","20221005094000","120","0","臺中市","梧棲區(海)","120.500","24.255","34"
"603","285667","20221005094000","516","1","臺中市","梧棲區(海)","120.500","24.265","654"
"156","285671","20221005094000","179","0","臺中市","梧棲區(海)","120.500","24.270","163"
"100","285677","20221005094000","136","0","臺中市","梧棲區(海)","120.505","24.275","124"
"23","285681","20221005094000","217","0","臺中市","梧棲區","120.525","24.260","17"
"94","285682","20221005094000","111","0","臺中市","梧棲區","120.530","24.260","102"
"314","285683","20221005094000","278","1","臺中市","北屯區","120.790","24.205","246"
"417","285685","20221005094000","211","3","臺中市","新社區","120.805","24.190","389"
"135","285695","20221005094000","111","2","臺中市","新社區","120.815","24.200","116"
"258","285697","20221005094000","205","2","臺中市","新社區","120.805","24.205","230"
"297","285701","20221005094000","134","3","臺中市","新社區","120.805","24.210","180"
"34","285707","20221005094000","284","0","臺中市","新社區","120.800","24.220","30"
"70","285713","20221005094000","116","0","臺中市","新社區","120.795","24.235","224"
"57","285717","20221005094000","294","0","臺中市","新社區","120.795","24.230","46"
"34","285720","20221005094000","140","0","臺中市","新社區","120.780","24.230","207"
"97","285727","20221005094000","353","0","臺中市","新社區","120.785","24.235","78"
"763","285738","20221005094000","635","2","臺中市","神岡區","120.700","24.250","779"
"884","285742","20221005094000","442","3","臺中市","神岡區","120.645","24.250","883"
"147","285745","20221005094000","193","0","臺中市","神岡區","120.645","24.255","163"
"309","285747","20221005094000","196","3","臺中市","神岡區","120.635","24.260","272"
"463","285750","20221005094000","986","0","臺中市","豐原區","120.710","24.245","463"
"1340","285752","20221005094000","685","3","臺中市","豐原區","120.720","24.260","1357"
"1801","285754","20221005094000","2144","0","臺中市","豐原區","120.720","24.265","1700"
"347","285758","20221005094000","305","1","臺中市","豐原區","120.715","24.275","361"
"960","285759","20221005094000","431","3","臺中市","豐原區","120.720","24.275","1019"
"333","285761","20221005094000","336","0","臺中市","豐原區","120.720","24.280","363"
"785","285764","20221005094000","804","0","臺中市","梧棲區","120.545","24.240","767"
"2590","285765","20221005094000","2707","0","臺中市","梧棲區","120.540","24.245","2565"
"711","285766","20221005094000","764","0","臺中市","梧棲區","120.520","24.255","744"
"778","285767","20221005094000","888","0","臺中市","梧棲區","120.525","24.255","760"
"242","285773","20221005094000","237","1","臺中市","新社區","120.810","24.225","262"
"885","285777","20221005094000","539","3","臺中市","新社區","120.805","24.230","799"
"2173","285782","20221005094000","1237","3","臺中市","豐原區","120.725","24.255","2118"
"631","285783","20221005094000","685","0","臺中市","豐原區","120.705","24.250","676"
"646","285785","20221005094000","484","2","臺中市","豐原區","120.720","24.240","603"
"1526","285787","20221005094000","1295","1","臺中市","豐原區","120.715","24.235","1474"
"1529","285788","20221005094000","1254","2","臺中市","豐原區","120.720","24.235","1546"
"492","285789","20221005094000","428","1","臺中市","豐原區","120.725","24.235","496"
"3222","285791","20221005094000","1620","3","臺中市","豐原區","120.715","24.245","3273"
"72","285792","20221005094000","62","1","臺中市","豐原區","120.710","24.240","89"
"82","285793","20221005094000","71","1","臺中市","豐原區","120.725","24.250","73"
"396","285796","20221005094000","215","3","臺中市","豐原區","120.740","24.240","413"
"683","285799","20221005094000","950","0","臺中市","豐原區","120.730","24.245","680"
"651","285800","20221005094000","398","3","臺中市","豐原區","120.735","24.245","636"
"188","285803","20221005094000","442","0","臺中市","豐原區","120.730","24.250","206"
"862","285804","20221005094000","530","3","臺中市","豐原區","120.735","24.250","943"
"733","285805","20221005094000","598","2","臺中市","豐原區","120.740","24.250","775"
"31","285806","20221005094000","536","0","臺中市","龍井區","120.525","24.210","29"
"540","285812","20221005094000","741","0","臺中市","龍井區","120.515","24.215","557"
"842","285819","20221005094000","877","0","臺中市","龍井區","120.510","24.220","763"
"842","285821","20221005094000","570","2","臺中市","龍井區","120.520","24.220","874"
"1932","285822","20221005094000","843","3","臺中市","龍井區","120.525","24.220","1902"
"244","285849","20221005094000","749","0","臺中市","新社區","120.805","24.240","219"
"218","285852","20221005094000","103","3","臺中市","新社區","120.820","24.205","205"
"22","285859","20221005094000","220","0","臺中市","新社區","120.795","24.210","27"
"671","285862","20221005094000","228","3","臺中市","新社區","120.780","24.215","596"
"395","285867","20221005094000","279","2","臺中市","新社區","120.775","24.220","362"
"132","285871","20221005094000","116","1","臺中市","新社區","120.775","24.225","133"
"299","285886","20221005094000","207","2","臺中市","梧棲區","120.515","24.225","285"
"236","285894","20221005094000","278","0","臺中市","清水區","120.635","24.265","236"
"731","285910","20221005094000","756","0","臺中市","梧棲區","120.535","24.250","751"
"27","285912","20221005094000","279","0","臺中市","梧棲區","120.545","24.250","24"
"327","285914","20221005094000","325","1","臺中市","梧棲區","120.540","24.255","354"
"370","285916","20221005094000","392","0","臺中市","豐原區","120.700","24.230","368"
"938","285918","20221005094000","1004","0","臺中市","豐原區","120.705","24.235","931"
"378","285919","20221005094000","322","1","臺中市","豐原區","120.700","24.235","384"
"399","285920","20221005094000","323","2","臺中市","豐原區","120.700","24.240","459"
"42","285921","20221005094000","37","1","臺中市","豐原區","120.760","24.235","38"
"23","285923","20221005094000","35","0","臺中市","豐原區","120.755","24.240","21"
"30","285925","20221005094000","18","3","臺中市","豐原區","120.765","24.240","22"
"62","285927","20221005094000","85","0","臺中市","豐原區","120.750","24.245","62"
"73","285933","20221005094000","307","0","臺中市","豐原區","120.745","24.250","53"
"123","285937","20221005094000","80","3","臺中市","豐原區","120.765","24.250","117"
"25","285943","20221005094000","15","3","臺中市","豐原區","120.765","24.255","17"
"235","285948","20221005094000","118","3","臺中市","石岡區","120.770","24.260","216"
"35","285949","20221005094000","45","0","臺中市","豐原區","120.760","24.265","34"
"303","285953","20221005094000","130","3","臺中市","石岡區","120.765","24.270","358"
"1064","285954","20221005094000","662","3","臺中市","豐原區","120.730","24.255","1023"
"654","285955","20221005094000","651","1","臺中市","豐原區","120.735","24.255","633"
"1624","285956","20221005094000","1254","2","臺中市","豐原區","120.745","24.255","1630"
"82","285957","20221005094000","416","0","臺中市","豐原區","120.740","24.260","88"
"596","285958","20221005094000","316","3","臺中市","豐原區","120.745","24.260","592"
"28","285959","20221005094000","340","0","臺中市","豐原區","120.750","24.260","34"
"204","285960","20221005094000","216","0","臺中市","豐原區","120.755","24.265","202"
"2523","285962","20221005094000","2263","1","臺中市","豐原區","120.725","24.240","2436"
"1109","285963","20221005094000","1252","0","臺中市","豐原區","120.730","24.240","1104"
"100","285964","20221005094000","139","0","臺中市","龍井區","120.580","24.190","91"
"35","285965","20221005094000","31","1","臺中市","龍井區","120.585","24.190","30"
"27","285980","20221005094000","324","0","臺中市","沙鹿區","120.570","24.225","22"
"1804","285981","20221005094000","1449","2","臺中市","沙鹿區","120.570","24.230","1862"
"329","285983","20221005094000","790","0","臺中市","沙鹿區","120.565","24.215","340"
"1931","285984","20221005094000","1476","2","臺中市","沙鹿區","120.555","24.220","1828"
"181","285985","20221005094000","145","2","臺中市","沙鹿區","120.560","24.220","191"
"45","285990","20221005094000","202","0","臺中市","沙鹿區","120.575","24.200","48"
"1488","285991","20221005094000","1054","2","臺中市","沙鹿區","120.580","24.200","1490"
"262","285994","20221005094000","234","1","臺中市","沙鹿區","120.570","24.205","304"
"352","285999","20221005094000","435","0","臺中市","沙鹿區","120.575","24.210","320"
"266","286001","20221005094000","266","1","臺中市","沙鹿區","120.560","24.235","255"
"776","286002","20221005094000","706","1","臺中市","豐原區","120.710","24.250","773"
"4046","286003","20221005094000","3513","1","臺中市","豐原區","120.715","24.250","4089"
"511","286005","20221005094000","596","0","臺中市","豐原區","120.725","24.225","496"
"290","286006","20221005094000","241","2","臺中市","豐原區","120.730","24.225","297"
"577","286008","20221005094000","433","2","臺中市","豐原區","120.725","24.230","538"
"215","286010","20221005094000","164","2","臺中市","豐原區","120.735","24.230","211"
"524","286012","20221005094000","482","1","臺中市","豐原區","120.730","24.230","572"
"928","286014","20221005094000","917","1","臺中市","北屯區","120.660","24.190","960"
"164","286015","20221005094000","201","0","臺中市","龍井區","120.500","24.230","214"
"1734","286023","20221005094000","464","3","臺中市","龍井區","120.520","24.205","1704"
"729","286024","20221005094000","124","3","臺中市","龍井區","120.525","24.205","706"
"1189","286027","20221005094000","473","3","臺中市","龍井區","120.505","24.210","1219"
"81","286031","20221005094000","52","3","臺中市","龍井區","120.545","24.205","83"
"842","286036","20221005094000","830","1","臺中市","龍井區","120.550","24.210","811"
"316","286039","20221005094000","246","2","臺中市","龍井區","120.545","24.215","308"
"336","286043","20221005094000","188","3","臺中市","東勢區","120.830","24.235","360"
"740","286047","20221005094000","493","3","臺中市","東勢區","120.830","24.240","770"
"816","286051","20221005094000","889","0","臺中市","東勢區","120.830","24.245","836"
"272","286052","20221005094000","147","3","臺中市","東勢區","120.835","24.245","269"
"51","286053","20221005094000","328","0","臺中市","東勢區","120.840","24.245","48"
"1159","286054","20221005094000","887","2","臺中市","東勢區","120.825","24.255","1140"
"109","286060","20221005094000","91","1","臺中市","東勢區","120.845","24.275","127"
"192","286071","20221005094000","151","2","臺中市","清水區","120.580","24.270","165"
"1451","286072","20221005094000","1067","2","臺中市","北屯區","120.685","24.185","1460"
"26","286075","20221005094000","192","0","臺中市","北屯區","120.690","24.195","39"
"2519","286078","20221005094000","1803","2","臺中市","豐原區","120.720","24.250","2589"
"2691","286079","20221005094000","2566","1","臺中市","梧棲區","120.535","24.260","2694"
"541","286081","20221005094000","610","0","臺中市","梧棲區","120.530","24.265","564"
"1098","286084","20221005094000","1202","0","臺中市","梧棲區","120.530","24.270","1072"
"21","286088","20221005094000","399","0","臺中市","沙鹿區","120.565","24.200","27"
"217","286090","20221005094000","155","2","臺中市","沙鹿區","120.560","24.205","233"
"24","286091","20221005094000","421","0","臺中市","沙鹿區","120.565","24.205","18"
"34","286092","20221005094000","371","0","臺中市","沙鹿區","120.555","24.210","32"
"17","286093","20221005094000","142","0","臺中市","沙鹿區","120.560","24.210","24"
"177","286094","20221005094000","160","1","臺中市","沙鹿區","120.565","24.210","139"
"109","286095","20221005094000","119","0","臺中市","沙鹿區","120.555","24.215","117"
"136","286097","20221005094000","106","2","臺中市","沙鹿區","120.605","24.240","126"
"261","286098","20221005094000","243","1","臺中市","沙鹿區","120.605","24.245","253"
"1163","286099","20221005094000","930","2","臺中市","沙鹿區","120.610","24.245","1124"
"680","286100","20221005094000","393","3","臺中市","沙鹿區","120.600","24.250","706"
"182","286105","20221005094000","236","0","臺中市","北屯區","120.685","24.195","190"
"318","286108","20221005094000","242","2","臺中市","北屯區","120.750","24.190","315"
"175","286113","20221005094000","129","2","臺中市","北屯區","120.750","24.195","131"
"10","286116","20221005094000","72","0","臺中市","北屯區","120.765","24.195","10"
"21","286118","20221005094000","19","1","臺中市","北屯區","120.745","24.200","25"
"20","286121","20221005094000","24","0","臺中市","北屯區","120.760","24.200","21"
"1717","286135","20221005094000","696","3","臺中市","北屯區","120.680","24.190","1622"
"478","286137","20221005094000","458","1","臺中市","清水區","120.545","24.265","425"
"447","286140","20221005094000","483","0","臺中市","清水區","120.545","24.270","423"
"279","286141","20221005094000","305","0","臺中市","清水區","120.550","24.270","274"
"928","286147","20221005094000","1533","0","臺中市","潭子區","120.710","24.215","915"
"28","286149","20221005094000","436","0","臺中市","潭子區","120.710","24.220","25"
"48","286151","20221005094000","42","1","臺中市","潭子區","120.715","24.225","44"
"346","286153","20221005094000","386","0","臺中市","豐原區","120.720","24.230","391"
"375","286156","20221005094000","487","0","臺中市","潭子區","120.680","24.225","406"
"873","286159","20221005094000","723","2","臺中市","潭子區","120.685","24.230","791"
"2742","286161","20221005094000","2261","2","臺中市","潭子區","120.690","24.225","2691"
"254","286162","20221005094000","422","0","臺中市","潭子區","120.695","24.225","228"
"699","286167","20221005094000","869","0","臺中市","梧棲區","120.525","24.225","679"
"70","286169","20221005094000","862","0","臺中市","梧棲區","120.510","24.230","74"
"56","286172","20221005094000","38","2","臺中市","梧棲區","120.525","24.230","66"
"290","286173","20221005094000","326","0","臺中市","梧棲區","120.505","24.235","331"
"56","286175","20221005094000","66","0","臺中市","梧棲區","120.515","24.235","37"
"2078","286177","20221005094000","2501","0","臺中市","梧棲區","120.525","24.235","1999"
"45","286179","20221005094000","50","0","臺中市","梧棲區","120.505","24.240","50"
"668","286180","20221005094000","694","0","臺中市","梧棲區","120.510","24.240","683"
"277","286181","20221005094000","219","2","臺中市","梧棲區","120.515","24.240","291"
"394","286183","20221005094000","577","0","臺中市","梧棲區","120.525","24.240","436"
"392","286186","20221005094000","327","1","臺中市","梧棲區","120.510","24.245","371"
"477","286187","20221005094000","621","0","臺中市","梧棲區","120.515","24.245","473"
"724","286190","20221005094000","786","0","臺中市","梧棲區","120.530","24.245","651"
"171","286195","20221005094000","215","0","臺中市","梧棲區","120.525","24.250","174"
"11","286196","20221005094000","46","0","臺中市","梧棲區","120.530","24.250","11"
"1053","286199","20221005094000","679","3","臺中市","沙鹿區","120.580","24.220","1076"
"1404","286203","20221005094000","1452","0","臺中市","沙鹿區","120.575","24.225","1339"
"746","286204","20221005094000","789","0","臺中市","沙鹿區","120.580","24.225","711"
"625","286205","20221005094000","699","0","臺中市","沙鹿區","120.585","24.225","550"
"521","286208","20221005094000","471","1","臺中市","沙鹿區","120.575","24.230","480"
"590","286209","20221005094000","725","0","臺中市","沙鹿區","120.580","24.230","608"
"489","286210","20221005094000","418","1","臺中市","沙鹿區","120.585","24.230","549"
"204","286215","20221005094000","855","0","臺中市","沙鹿區","120.550","24.225","183"
"34","286221","20221005094000","32","1","臺中市","北屯區","120.770","24.195","18"
"24","286224","20221005094000","255","0","臺中市","北屯區","120.780","24.195","40"
"867","286244","20221005094000","1735","0","臺中市","大雅區","120.650","24.225","871"
"300","286246","20221005094000","274","1","臺中市","大雅區","120.605","24.225","296"
"242","286248","20221005094000","258","0","臺中市","大雅區","120.615","24.225","264"
"11","286256","20221005094000","195","0","臺中市","大雅區","120.615","24.230","11"
"370","286260","20221005094000","358","1","臺中市","大雅區","120.620","24.235","376"
"1428","286262","20221005094000","1145","2","臺中市","大雅區","120.645","24.215","1310"
"292","286263","20221005094000","213","2","臺中市","大雅區","120.645","24.220","415"
"586","286264","20221005094000","512","1","臺中市","大雅區","120.645","24.225","575"
"839","286266","20221005094000","596","2","臺中市","大雅區","120.635","24.205","813"
"51","286267","20221005094000","435","0","臺中市","大雅區","120.640","24.205","60"
"10497","286269","20221005094000","5663","3","臺中市","大雅區","120.615","24.210","9729"
"1874","286270","20221005094000","1247","3","臺中市","大雅區","120.620","24.210","2065"
"971","286272","20221005094000","781","2","臺中市","大雅區","120.630","24.210","970"
"376","286273","20221005094000","304","2","臺中市","大雅區","120.635","24.210","400"
"920","286276","20221005094000","938","0","臺中市","大雅區","120.605","24.215","904"
"2320","286279","20221005094000","3245","0","臺中市","大雅區","120.620","24.215","2320"
"26","286280","20221005094000","209","0","臺中市","大雅區","120.625","24.215","36"
"829","286281","20221005094000","625","2","臺中市","大雅區","120.635","24.215","742"
"52","286282","20221005094000","47","1","臺中市","大雅區","120.600","24.220","53"
"166","286284","20221005094000","188","0","臺中市","大雅區","120.610","24.220","132"
"799","286285","20221005094000","444","3","臺中市","大雅區","120.615","24.220","744"
"832","286287","20221005094000","480","3","臺中市","大雅區","120.640","24.220","797"
"212","286288","20221005094000","183","1","臺中市","大雅區","120.630","24.215","197"
"75","286289","20221005094000","108","0","臺中市","大雅區","120.625","24.220","78"
"1375","286292","20221005094000","1418","0","臺中市","大雅區","120.625","24.225","1392"
"2077","286293","20221005094000","2658","0","臺中市","大雅區","120.630","24.225","1987"
"2522","286296","20221005094000","1686","2","臺中市","大雅區","120.620","24.230","2521"
"312","286300","20221005094000","179","3","臺中市","大雅區","120.625","24.230","328"
"532","286302","20221005094000","436","2","臺中市","潭子區","120.670","24.205","551"
"80","286305","20221005094000","94","0","臺中市","大雅區","120.670","24.215","88"
"736","286306","20221005094000","409","3","臺中市","大雅區","120.675","24.215","741"
"703","286307","20221005094000","807","0","臺中市","大雅區","120.670","24.220","699"
"476","286318","20221005094000","246","3","臺中市","東勢區","120.835","24.220","469"
"65","286321","20221005094000","328","0","臺中市","東勢區","120.825","24.270","67"
"287","286323","20221005094000","159","3","臺中市","東勢區","120.820","24.275","319"
"265","286344","20221005094000","263","1","臺中市","東勢區","120.850","24.260","262"
"451","286375","20221005094000","270","3","臺中市","沙鹿區","120.590","24.230","471"
"550","286377","20221005094000","872","0","臺中市","沙鹿區","120.565","24.235","554"
"2306","286384","20221005094000","2429","0","臺中市","沙鹿區","120.570","24.240","2264"
"935","286386","20221005094000","961","0","臺中市","東勢區","120.830","24.255","944"
"39","286388","20221005094000","693","0","臺中市","東勢區","120.825","24.250","61"
"230","286389","20221005094000","281","0","臺中市","梧棲區","120.530","24.230","207"
"592","286392","20221005094000","597","0","臺中市","梧棲區","120.545","24.230","582"
"1159","286398","20221005094000","906","2","臺中市","豐原區","120.715","24.255","1068"
"179","286399","20221005094000","1090","0","臺中市","豐原區","120.720","24.255","171"
"1925","286400","20221005094000","703","3","臺中市","豐原區","120.735","24.270","1894"
"109","286406","20221005094000","406","0","臺中市","豐原區","120.745","24.275","98"
"656","286408","20221005094000","318","3","臺中市","豐原區","120.755","24.275","709"
"661","286413","20221005094000","543","2","臺中市","東勢區","120.760","24.280","671"
"408","286418","20221005094000","193","3","臺中市","豐原區","120.725","24.275","378"
"799","286422","20221005094000","241","3","臺中市","豐原區","120.735","24.280","806"
"147","286436","20221005094000","115","2","臺中市","豐原區","120.760","24.230","137"
"132","286446","20221005094000","122","1","臺中市","豐原區","120.740","24.235","147"
"147","286447","20221005094000","82","3","臺中市","豐原區","120.745","24.235","128"
"165","286461","20221005094000","1083","0","臺中市","龍井區","120.520","24.195","172"
"1297","286465","20221005094000","312","3","臺中市","龍井區","120.500","24.200","1309"
"604","286475","20221005094000","254","3","臺中市","龍井區","120.510","24.200","598"
"91","286482","20221005094000","507","0","臺中市","龍井區","120.515","24.205","105"
"26","286485","20221005094000","234","0","臺中市","石岡區","120.770","24.280","34"
"1281","286486","20221005094000","830","3","臺中市","石岡區","120.775","24.275","1349"
"94","286489","20221005094000","423","0","臺中市","石岡區","120.795","24.270","122"
"132","286497","20221005094000","59","3","臺中市","石岡區","120.775","24.255","106"
"21","286500","20221005094000","19","1","臺中市","石岡區","120.775","24.260","31"
"19","286510","20221005094000","160","0","臺中市","石岡區","120.770","24.275","26"
"234","286511","20221005094000","124","3","臺中市","新社區","120.795","24.245","210"
"20","286515","20221005094000","87","0","臺中市","石岡區","120.790","24.255","17"
"55","286517","20221005094000","221","0","臺中市","石岡區","120.785","24.260","59"
"604","286522","20221005094000","513","1","臺中市","潭子區","120.695","24.230","664"
"35","286525","20221005094000","597","0","臺中市","神岡區","120.695","24.235","54"
"656","286526","20221005094000","352","3","臺中市","神岡區","120.690","24.240","605"
"86","286528","20221005094000","424","0","臺中市","豐原區","120.740","24.265","97"
"3347","286530","20221005094000","3287","1","臺中市","清水區","120.570","24.265","3360"
"488","286531","20221005094000","370","2","臺中市","清水區","120.570","24.270","504"
"684","286535","20221005094000","463","2","臺中市","清水區","120.630","24.275","699"
"129","286541","20221005094000","106","2","臺中市","清水區","120.565","24.275","150"
"719","286544","20221005094000","708","1","臺中市","西屯區","120.640","24.190","693"
"17","286545","20221005094000","19","0","臺中市","西屯區","120.635","24.195","22"
"507","286547","20221005094000","489","1","臺中市","西屯區","120.645","24.195","454"
"984","286549","20221005094000","610","3","臺中市","西屯區","120.645","24.200","992"
"117","286550","20221005094000","591","0","臺中市","西屯區","120.650","24.200","127"
"31","286551","20221005094000","44","0","臺中市","西屯區","120.650","24.205","42"
"54","286554","20221005094000","446","0","臺中市","神岡區","120.670","24.255","45"
"1573","286555","20221005094000","1102","2","臺中市","神岡區","120.675","24.255","1558"
"1964","286556","20221005094000","910","3","臺中市","神岡區","120.665","24.260","1945"
"35","286557","20221005094000","15","3","臺中市","神岡區","120.650","24.260","25"
"24","286558","20221005094000","124","0","臺中市","神岡區","120.655","24.265","17"
"433","286561","20221005094000","235","3","臺中市","神岡區","120.665","24.270","410"
"283","286563","20221005094000","133","3","臺中市","神岡區","120.665","24.275","285"
"139","286566","20221005094000","152","0","臺中市","神岡區","120.645","24.265","144"
"155","286569","20221005094000","226","0","臺中市","神岡區","120.650","24.270","166"
"629","286570","20221005094000","361","3","臺中市","神岡區","120.655","24.270","647"
"94","286572","20221005094000","568","0","臺中市","神岡區","120.650","24.275","74"
"711","286574","20221005094000","499","2","臺中市","神岡區","120.660","24.275","720"
"291","286598","20221005094000","134","3","臺中市","和平區","120.895","24.230","313"
"117","286652","20221005094000","56","3","臺中市","和平區","120.905","24.240","101"
"405","286658","20221005094000","177","3","臺中市","和平區","120.935","24.240","472"
"28","286685","20221005094000","17","3","臺中市","和平區","120.975","24.245","29"
"143","286690","20221005094000","109","2","臺中市","和平區","120.900","24.250","163"
"113","286794","20221005094000","83","2","臺中市","和平區","121.015","24.195","190"
"259","286822","20221005094000","163","3","臺中市","和平區","121.005","24.200","370"
"354","286823","20221005094000","338","1","臺中市","和平區","121.010","24.200","323"
"264","286853","20221005094000","129","3","臺中市","和平區","121.015","24.205","170"
"59","286950","20221005094000","32","3","臺中市","和平區","120.965","24.225","44"
"15","286996","20221005094000","11","2","臺中市","和平區","121.065","24.230","10"
"41","287004","20221005094000","11","3","臺中市","和平區","120.980","24.235","29"
"107","287119","20221005094000","81","2","臺中市","和平區","121.010","24.255","93"
"20","287154","20221005094000","20","1","臺中市","和平區","121.000","24.265","39"
"89","287173","20221005094000","39","3","臺中市","和平區","121.015","24.270","78"
"10","287561","20221005094000","10","1","臺中市","和平區","121.095","24.235","10"
"215","287678","20221005094000","158","2","臺中市","和平區","121.245","24.245","186"
"254","287725","20221005094000","168","3","臺中市","和平區","121.245","24.250","222"
"215","287726","20221005094000","157","2","臺中市","和平區","121.250","24.250","184"
"42","287756","20221005094000","42","1","臺中市","和平區","121.165","24.255","41"
"27","287766","20221005094000","29","0","臺中市","和平區","121.215","24.255","14"
"185","287770","20221005094000","161","1","臺中市","和平區","121.235","24.255","216"
"263","287774","20221005094000","204","2","臺中市","和平區","121.255","24.255","225"
"171","287776","20221005094000","166","1","臺中市","和平區","121.265","24.255","196"
"412","287823","20221005094000","386","1","臺中市","和平區","121.260","24.260","429"
"67","288103","20221005094000","33","3","臺中市","和平區","120.890","24.275","61"
"24","288133","20221005094000","21","1","臺中市","和平區","120.945","24.280","21"
"54","288159","20221005094000","29","3","臺中市","和平區","121.025","24.280","43"
"366","288160","20221005094000","391","0","臺中市","清水區","120.555","24.260","359"
"29","288161","20221005094000","470","0","臺中市","清水區","120.560","24.260","33"
"585","288163","20221005094000","591","0","臺中市","清水區","120.550","24.265","574"
"470","288166","20221005094000","1316","0","臺中市","清水區","120.565","24.265","458"
"985","288169","20221005094000","684","2","臺中市","清水區","120.560","24.275","985"
"237","288179","20221005094000","280","0","臺中市","清水區","120.605","24.275","230"
"290","288182","20221005094000","363","0","臺中市","清水區","120.600","24.275","284"
"103","288184","20221005094000","123","0","臺中市","清水區","120.610","24.275","126"
"374","288192","20221005094000","299","2","臺中市","潭子區","120.725","24.215","390"
"464","288194","20221005094000","424","1","臺中市","潭子區","120.735","24.215","462"
"487","288198","20221005094000","433","1","臺中市","潭子區","120.720","24.220","535"
"1212","288207","20221005094000","1093","1","臺中市","潭子區","120.680","24.205","1315"
"831","288209","20221005094000","557","2","臺中市","北屯區","120.690","24.205","832"
"232","288212","20221005094000","134","3","臺中市","潭子區","120.690","24.210","221"
"1079","288215","20221005094000","757","2","臺中市","潭子區","120.685","24.215","991"
"1158","288216","20221005094000","1177","0","臺中市","潭子區","120.690","24.215","1100"
"318","288219","20221005094000","241","2","臺中市","潭子區","120.690","24.220","311"
"2127","288223","20221005094000","1929","1","臺中市","潭子區","120.710","24.230","2115"
"478","288224","20221005094000","391","2","臺中市","豐原區","120.715","24.230","587"
"1326","288225","20221005094000","1112","1","臺中市","潭子區","120.705","24.230","1332"
"3051","288228","20221005094000","1626","3","臺中市","神岡區","120.660","24.260","3086"
"1109","288232","20221005094000","1119","0","臺中市","神岡區","120.700","24.265","1056"
"1127","288240","20221005094000","1025","1","臺中市","神岡區","120.710","24.255","1107"
"788","288242","20221005094000","585","2","臺中市","神岡區","120.705","24.260","734"
"125","288243","20221005094000","806","0","臺中市","神岡區","120.710","24.260","122"
"1016","288247","20221005094000","1035","0","臺中市","神岡區","120.705","24.275","1018"
"1260","288250","20221005094000","1061","1","臺中市","神岡區","120.710","24.275","1269"
"71","288252","20221005094000","93","0","臺中市","西屯區","120.605","24.195","78"
"158","288253","20221005094000","163","0","臺中市","西屯區","120.610","24.195","151"
"159","288259","20221005094000","175","0","臺中市","西屯區","120.600","24.200","171"
"460","288260","20221005094000","446","1","臺中市","西屯區","120.605","24.200","504"
"69","288261","20221005094000","117","0","臺中市","西屯區","120.610","24.200","57"
"1495","288262","20221005094000","1674","0","臺中市","西屯區","120.615","24.200","1522"
"65","288264","20221005094000","425","0","臺中市","西屯區","120.625","24.200","62"
"659","288265","20221005094000","578","1","臺中市","西屯區","120.630","24.200","661"
"108","288267","20221005094000","91","1","臺中市","西屯區","120.595","24.205","114"
"804","288268","20221005094000","583","2","臺中市","西屯區","120.600","24.205","835"
"1126","288269","20221005094000","1267","0","臺中市","西屯區","120.605","24.205","1117"
"724","288270","20221005094000","404","3","臺中市","西屯區","120.610","24.205","711"
"1830","288271","20221005094000","1925","0","臺中市","西屯區","120.615","24.205","1914"
"2260","288272","20221005094000","2104","1","臺中市","西屯區","120.620","24.205","2182"
"13","288275","20221005094000","20","0","臺中市","西屯區","120.600","24.210","13"
"782","288276","20221005094000","716","1","臺中市","西屯區","120.605","24.210","676"
"6873","288277","20221005094000","6670","1","臺中市","西屯區","120.610","24.210","7226"
"1984","288279","20221005094000","2016","0","臺中市","西屯區","120.610","24.190","1991"
"274","288281","20221005094000","164","3","臺中市","西屯區","120.625","24.190","271"
"144","288284","20221005094000","35","3","臺中市","西屯區","120.595","24.195","169"
"291","288287","20221005094000","164","3","臺中市","西屯區","120.655","24.190","306"
"880","288289","20221005094000","602","2","臺中市","西屯區","120.655","24.195","920"
"774","288290","20221005094000","673","1","臺中市","西屯區","120.660","24.195","812"
"780","288291","20221005094000","587","2","臺中市","西屯區","120.655","24.200","882"
"39","288293","20221005094000","28","2","臺中市","西屯區","120.655","24.205","40"
"362","288294","20221005094000","372","0","臺中市","西屯區","120.660","24.205","361"
"443","288298","20221005094000","333","2","臺中市","東勢區","120.850","24.240","482"
"187","288299","20221005094000","105","3","臺中市","東勢區","120.845","24.245","204"
"385","288302","20221005094000","437","0","臺中市","東勢區","120.825","24.260","336"
"1006","288304","20221005094000","836","2","臺中市","東勢區","120.825","24.265","1069"
"29","288312","20221005094000","123","0","臺中市","東勢區","120.835","24.230","35"
"32","288317","20221005094000","362","0","臺中市","東勢區","120.840","24.235","32"
"133","288339","20221005094000","58","3","臺中市","東勢區","120.875","24.215","145"
"18","288351","20221005094000","111","0","臺中市","東勢區","120.895","24.220","15"
"11","288365","20221005094000","138","0","臺中市","東勢區","120.880","24.230","13"
"10","288382","20221005094000","91","0","臺中市","東勢區","120.865","24.240","10"
"1113","288395","20221005094000","701","3","臺中市","沙鹿區","120.560","24.230","1037"
"545","288396","20221005094000","667","0","臺中市","潭子區","120.710","24.235","588"
"165","288397","20221005094000","1219","0","臺中市","豐原區","120.715","24.240","165"
"680","288401","20221005094000","846","0","臺中市","清水區","120.570","24.260","768"
"28","288402","20221005094000","147","0","臺中市","清水區","120.575","24.270","27"
"1575","288403","20221005094000","2153","0","臺中市","清水區","120.580","24.275","1618"
"172","288407","20221005094000","776","0","臺中市","潭子區","120.700","24.190","200"
"222","288459","20221005094000","224","0","花蓮縣","秀林鄉","121.715","24.245","199"
"70","288610","20221005094000","36","3","花蓮縣","秀林鄉","121.740","24.260","50"
"116","288819","20221005094000","130","0","花蓮縣","秀林鄉","121.485","24.190","102"
"35","288869","20221005094000","15","3","花蓮縣","秀林鄉","121.430","24.195","25"
"10","288881","20221005094000","10","1","花蓮縣","秀林鄉","121.490","24.195","10"
"29","288993","20221005094000","34","0","花蓮縣","秀林鄉","121.480","24.205","27"
"16","289039","20221005094000","19","0","花蓮縣","秀林鄉","121.450","24.210","11"
"22","289677","20221005094000","53","0","花蓮縣","秀林鄉","121.690","24.220","12"
"915","289851","20221005094000","1204","0","臺中市","大雅區","120.650","24.220","880"
"506","289852","20221005094000","819","0","臺中市","大雅區","120.655","24.220","560"
"506","289853","20221005094000","383","2","臺中市","大雅區","120.660","24.220","505"
"2942","289854","20221005094000","2120","2","臺中市","大雅區","120.655","24.225","2820"
"18","289855","20221005094000","137","0","臺中市","大雅區","120.660","24.225","11"
"1116","289860","20221005094000","1083","1","臺中市","大雅區","120.635","24.235","1128"
"1116","289863","20221005094000","842","2","臺中市","大雅區","120.630","24.240","1063"
"278","289868","20221005094000","227","2","臺中市","大雅區","120.635","24.245","278"
"1361","289875","20221005094000","832","3","臺中市","大雅區","120.645","24.230","1374"
"880","289879","20221005094000","656","2","臺中市","大雅區","120.655","24.230","864"
"825","289882","20221005094000","387","3","臺中市","大雅區","120.655","24.235","827"
"441","289884","20221005094000","210","3","臺中市","大雅區","120.645","24.240","454"
"1659","289886","20221005094000","817","3","臺中市","大雅區","120.655","24.240","1675"
"475","289893","20221005094000","441","1","臺中市","豐原區","120.735","24.260","474"
"1077","289895","20221005094000","447","3","臺中市","豐原區","120.750","24.265","1083"
"152","289907","20221005094000","109","2","臺中市","新社區","120.815","24.240","143"
"73","289909","20221005094000","672","0","臺中市","豐原區","120.720","24.245","65"
"1979","289910","20221005094000","1593","2","臺中市","豐原區","120.725","24.245","1925"
"610","289912","20221005094000","506","2","臺中市","大雅區","120.670","24.225","569"
"429","289916","20221005094000","857","0","臺中市","大雅區","120.650","24.230","511"
"59","289918","20221005094000","599","0","臺中市","大雅區","120.645","24.210","66"
"1712","289919","20221005094000","1626","1","臺中市","大雅區","120.650","24.210","1723"
"890","289920","20221005094000","923","0","臺中市","大雅區","120.650","24.215","1002"
"161","289921","20221005094000","1279","0","臺中市","大雅區","120.660","24.230","169"
"333","289922","20221005094000","356","0","臺中市","大雅區","120.665","24.230","346"
"1254","289923","20221005094000","1185","1","臺中市","大雅區","120.670","24.230","1302"
"279","289927","20221005094000","606","0","臺中市","大雅區","120.675","24.240","295"
"1354","289928","20221005094000","933","2","臺中市","東勢區","120.830","24.250","1399"
"466","289929","20221005094000","387","2","臺中市","東勢區","120.835","24.250","441"
"463","289937","20221005094000","456","1","臺中市","石岡區","120.785","24.275","488"
"889","289944","20221005094000","441","3","臺中市","石岡區","120.815","24.260","904"
"80","289946","20221005094000","246","0","臺中市","石岡區","120.805","24.265","75"
"36","289955","20221005094000","207","0","臺中市","石岡區","120.795","24.275","36"
"838","289964","20221005094000","558","3","臺中市","龍井區","120.480","24.210","882"
"1029","289976","20221005094000","574","3","臺中市","龍井區","120.485","24.220","966"
"597","289982","20221005094000","662","0","臺中市","龍井區","120.490","24.225","549"
"1059","289983","20221005094000","823","2","臺中市","龍井區","120.495","24.225","1075"
"111","289992","20221005094000","187","0","臺中市","龍井區","120.490","24.230","128"
"55","289993","20221005094000","415","0","臺中市","龍井區","120.495","24.230","60"
"396","289996","20221005094000","542","0","臺中市","沙鹿區","120.580","24.210","424"
"77","289999","20221005094000","679","0","臺中市","沙鹿區","120.575","24.215","61"
"546","290000","20221005094000","589","0","臺中市","沙鹿區","120.580","24.215","538"
"310","290001","20221005094000","372","0","臺中市","沙鹿區","120.585","24.215","328"
"764","290004","20221005094000","655","1","臺中市","沙鹿區","120.570","24.220","761"
"290","290005","20221005094000","206","2","臺中市","沙鹿區","120.575","24.220","310"
"42","290008","20221005094000","22","3","臺中市","東勢區","120.840","24.190","47"
"68","290010","20221005094000","66","1","臺中市","東勢區","120.835","24.195","77"
"323","290015","20221005094000","178","3","臺中市","東勢區","120.840","24.200","329"
"181","290025","20221005094000","159","1","臺中市","東勢區","120.840","24.210","182"
"23","290037","20221005094000","313","0","臺中市","東勢區","120.850","24.195","16"
"797","290046","20221005094000","724","1","臺中市","龍井區","120.545","24.190","808"
"95","290051","20221005094000","106","0","臺中市","潭子區","120.695","24.195","107"
"1827","290052","20221005094000","1385","2","臺中市","潭子區","120.700","24.195","1828"
"17","290107","20221005094000","19","0","南投縣","仁愛鄉","121.305","24.205","16"
"25","290171","20221005094000","17","2","南投縣","仁愛鄉","121.290","24.225","25"
"187","290182","20221005094000","95","3","南投縣","仁愛鄉","121.260","24.230","145"
"13","290191","20221005094000","12","1","南投縣","仁愛鄉","121.305","24.230","33"
"201","290292","20221005094000","123","3","南投縣","仁愛鄉","121.220","24.190","156"
"198","290293","20221005094000","124","3","南投縣","仁愛鄉","121.225","24.190","202"
"68","296900","20221005094000","81","0","宜蘭縣","南澳鄉","121.750","24.320","62"
"234","296924","20221005094000","178","2","宜蘭縣","南澳鄉","121.745","24.330","229"
"22","296929","20221005094000","44","0","宜蘭縣","南澳鄉","121.770","24.330","18"
"24","296946","20221005094000","32","0","宜蘭縣","南澳鄉","121.770","24.335","28"
"19","296987","20221005094000","29","0","宜蘭縣","南澳鄉","121.775","24.345","14"
"492","297399","20221005094000","363","2","臺中市","清水區","120.580","24.280","518"
"976","297407","20221005094000","1159","0","臺中市","外埔區","120.620","24.335","989"
"379","297413","20221005094000","323","1","臺中市","神岡區","120.650","24.280","390"
"796","297416","20221005094000","644","2","臺中市","神岡區","120.640","24.285","783"
"91","297422","20221005094000","44","3","臺中市","神岡區","120.640","24.290","87"
"486","297424","20221005094000","308","3","臺中市","神岡區","120.650","24.290","477"
"158","297433","20221005094000","1740","0","臺中市","大甲區","120.620","24.345","159"
"461","297434","20221005094000","354","2","臺中市","梧棲區(海)","120.510","24.280","376"
"164","297444","20221005094000","121","2","臺中市","清水區","120.620","24.285","178"
"105","297446","20221005094000","105","1","臺中市","大甲區","120.640","24.345","101"
"1006","297450","20221005094000","1036","0","臺中市","大甲區","120.630","24.355","1041"
"825","297453","20221005094000","729","1","臺中市","大甲區","120.645","24.355","801"
"13","297456","20221005094000","13","1","臺中市","大甲區","120.645","24.360","19"
"203","297457","20221005094000","87","3","臺中市","大甲區","120.650","24.360","231"
"47","297458","20221005094000","485","0","臺中市","大甲區","120.640","24.365","38"
"172","297462","20221005094000","192","0","臺中市","東勢區","120.795","24.295","166"
"153","297485","20221005094000","108","2","臺中市","東勢區","120.785","24.310","125"
"259","297494","20221005094000","194","2","臺中市","東勢區","120.780","24.315","229"
"272","297510","20221005094000","191","2","臺中市","東勢區","120.870","24.280","229"
"13","297529","20221005094000","12","1","臺中市","東勢區","120.885","24.290","13"
"102","297533","20221005094000","90","1","臺中市","清水區","120.560","24.310","101"
"18","297539","20221005094000","154","0","臺中市","清水區","120.555","24.305","24"
"44","297540","20221005094000","121","0","臺中市","清水區","120.550","24.310","37"
"315","297546","20221005094000","329","0","臺中市","清水區","120.560","24.320","329"
"56","297575","20221005094000","44","2","臺中市","清水區","120.540","24.300","61"
"293","297586","20221005094000","258","1","臺中市","清水區","120.545","24.305","253"
"144","297618","20221005094000","156","0","臺中市","后里區","120.665","24.305","155"
"426","297627","20221005094000","361","1","臺中市","后里區","120.680","24.310","406"
"815","297639","20221005094000","579","2","臺中市","后里區","120.725","24.285","844"
"24","297641","20221005094000","28","0","臺中市","后里區","120.735","24.285","46"
"254","297645","20221005094000","310","0","臺中市","后里區","120.725","24.290","245"
"1134","297646","20221005094000","843","2","臺中市","后里區","120.730","24.290","1369"
"388","297647","20221005094000","118","3","臺中市","后里區","120.735","24.290","174"
"351","297648","20221005094000","113","3","臺中市","后里區","120.740","24.290","346"
"1035","297654","20221005094000","919","1","臺中市","后里區","120.730","24.295","1008"
"47","297656","20221005094000","31","3","臺中市","后里區","120.740","24.295","38"
"157","297659","20221005094000","182","0","臺中市","后里區","120.755","24.295","187"
"14","297662","20221005094000","16","0","臺中市","后里區","120.725","24.300","25"
"59","297664","20221005094000","58","1","臺中市","后里區","120.735","24.300","48"
"740","297671","20221005094000","735","1","臺中市","后里區","120.725","24.305","775"
"548","297689","20221005094000","495","1","臺中市","大安區","120.585","24.365","594"
"1864","297697","20221005094000","1611","1","臺中市","大甲區","120.630","24.350","1865"
"67","297698","20221005094000","109","0","臺中市","大甲區","120.620","24.350","64"
"18","297701","20221005094000","17","1","苗栗縣","苑裡鎮","120.700","24.365","12"
"1183","297704","20221005094000","917","2","臺中市","大甲區","120.625","24.350","1196"
"1878","297705","20221005094000","1565","2","臺中市","大甲區","120.620","24.355","1933"
"1779","297706","20221005094000","1735","1","臺中市","大甲區","120.615","24.345","1624"
"900","297725","20221005094000","878","1","臺中市","大甲區","120.635","24.370","814"
"248","297760","20221005094000","186","2","臺中市","清水區","120.605","24.305","242"
"736","297763","20221005094000","536","2","臺中市","清水區","120.605","24.310","646"
"152","297775","20221005094000","898","0","臺中市","后里區","120.710","24.305","169"
"333","297776","20221005094000","209","3","臺中市","后里區","120.700","24.310","320"
"179","297778","20221005094000","124","2","臺中市","后里區","120.735","24.310","207"
"29","297782","20221005094000","40","0","臺中市","后里區","120.755","24.310","36"
"440","297783","20221005094000","380","1","臺中市","后里區","120.740","24.315","416"
"148","297795","20221005094000","172","0","臺中市","后里區","120.735","24.325","174"
"537","297801","20221005094000","486","1","臺中市","后里區","120.740","24.330","591"
"645","297811","20221005094000","299","3","臺中市","后里區","120.725","24.340","626"
"238","297831","20221005094000","286","0","臺中市","外埔區","120.700","24.345","255"
"759","297868","20221005094000","720","1","臺中市","外埔區","120.645","24.320","764"
"475","297883","20221005094000","358","2","臺中市","外埔區","120.670","24.320","491"
"233","297885","20221005094000","213","1","臺中市","外埔區","120.680","24.320","250"
"636","297886","20221005094000","534","1","臺中市","外埔區","120.665","24.325","552"
"709","297921","20221005094000","446","3","臺中市","外埔區","120.650","24.330","726"
"1502","297922","20221005094000","1411","1","臺中市","外埔區","120.655","24.330","1529"
"1978","297926","20221005094000","1857","1","臺中市","外埔區","120.635","24.340","1938"
"283","297928","20221005094000","229","2","臺中市","外埔區","120.645","24.340","251"
"770","297941","20221005094000","553","2","臺中市","外埔區","120.625","24.320","745"
"607","297947","20221005094000","433","2","臺中市","外埔區","120.630","24.325","588"
"69","297954","20221005094000","62","1","臺中市","外埔區","120.635","24.330","53"
"299","297957","20221005094000","240","2","臺中市","外埔區","120.630","24.335","261"
"266","297959","20221005094000","292","0","臺中市","外埔區","120.685","24.325","236"
"32","297961","20221005094000","61","0","臺中市","外埔區","120.675","24.330","30"
"364","297967","20221005094000","342","1","臺中市","后里區","120.710","24.330","359"
"82","297988","20221005094000","397","0","臺中市","外埔區","120.665","24.340","88"
"293","297992","20221005094000","193","3","臺中市","外埔區","120.685","24.340","297"
"678","297995","20221005094000","766","0","臺中市","大安區","120.585","24.345","649"
"15","298020","20221005094000","15","1","臺中市","大安區","120.570","24.340","20"
"43","298024","20221005094000","51","0","臺中市","大安區","120.570","24.345","31"
"233","298036","20221005094000","206","1","臺中市","大安區","120.590","24.335","207"
"308","298040","20221005094000","406","0","臺中市","大安區","120.590","24.340","313"
"59","298043","20221005094000","470","0","臺中市","大安區","120.605","24.365","58"
"1394","298045","20221005094000","1254","1","臺中市","后里區","120.720","24.310","1176"
"909","298047","20221005094000","1046","0","臺中市","后里區","120.720","24.320","927"
"136","298050","20221005094000","657","0","臺中市","后里區","120.725","24.315","178"
"459","298051","20221005094000","467","0","臺中市","后里區","120.730","24.315","482"
"5796","298052","20221005094000","4706","2","臺中市","后里區","120.725","24.320","4853"
"597","298053","20221005094000","822","0","臺中市","后里區","120.730","24.320","644"
"310","298054","20221005094000","361","0","臺中市","后里區","120.735","24.320","338"
"248","298056","20221005094000","283","0","臺中市","后里區","120.725","24.325","237"
"124","298059","20221005094000","569","0","臺中市","后里區","120.710","24.310","117"
"160","298060","20221005094000","219","0","臺中市","后里區","120.715","24.310","166"
"454","298062","20221005094000","240","3","臺中市","后里區","120.710","24.315","458"
"71","298066","20221005094000","62","1","臺中市","后里區","120.705","24.320","84"
"79","298069","20221005094000","191","0","臺中市","外埔區","120.695","24.325","185"
"257","298070","20221005094000","264","0","臺中市","后里區","120.700","24.325","283"
"30","298074","20221005094000","37","0","臺中市","后里區","120.705","24.325","35"
"872","298075","20221005094000","656","2","臺中市","后里區","120.710","24.325","804"
"323","298078","20221005094000","358","0","臺中市","后里區","120.705","24.330","322"
"29","298081","20221005094000","243","0","臺中市","后里區","120.745","24.325","37"
"126","298082","20221005094000","98","2","臺中市","后里區","120.750","24.325","119"
"104","298092","20221005094000","96","1","臺中市","后里區","120.680","24.315","120"
"44","298093","20221005094000","30","2","臺中市","后里區","120.685","24.315","45"
"577","298094","20221005094000","547","1","臺中市","后里區","120.690","24.315","554"
"630","298095","20221005094000","464","2","臺中市","后里區","120.695","24.315","657"
"188","298096","20221005094000","173","1","臺中市","外埔區","120.685","24.320","160"
"45","298098","20221005094000","510","0","臺中市","大安區","120.600","24.345","57"
"47","298100","20221005094000","479","0","臺中市","大安區","120.600","24.350","44"
"152","298108","20221005094000","106","2","臺中市","大甲區","120.680","24.365","140"
"308","298116","20221005094000","262","1","臺中市","大甲區","120.675","24.370","264"
"629","298125","20221005094000","880","0","臺中市","大甲區","120.625","24.340","645"
"396","298126","20221005094000","531","0","臺中市","大甲區","120.630","24.340","434"
"150","298128","20221005094000","127","1","臺中市","大甲區","120.620","24.340","149"
"2587","298129","20221005094000","2921","0","臺中市","大甲區","120.625","24.345","2733"
"264","298135","20221005094000","245","1","臺中市","后里區","120.715","24.295","285"
"1272","298141","20221005094000","1409","0","臺中市","后里區","120.715","24.305","1368"
"287","298142","20221005094000","323","0","臺中市","后里區","120.720","24.305","282"
"108","298151","20221005094000","454","0","臺中市","清水區","120.610","24.290","116"
"199","298155","20221005094000","133","2","臺中市","清水區","120.610","24.295","177"
"1288","298159","20221005094000","1215","1","臺中市","大甲區","120.615","24.350","1345"
"447","298177","20221005094000","458","0","臺中市","大甲區","120.605","24.325","420"
"163","298178","20221005094000","306","0","臺中市","大甲區","120.595","24.330","158"
"1326","298182","20221005094000","1005","2","臺中市","后里區","120.725","24.310","1383"
"76","298183","20221005094000","151","0","臺中市","后里區","120.730","24.305","72"
"225","298184","20221005094000","391","0","臺中市","后里區","120.730","24.310","237"
"59","298185","20221005094000","35","3","臺中市","后里區","120.735","24.315","63"
"262","298202","20221005094000","195","2","臺中市","后里區","120.700","24.285","264"
"28","298208","20221005094000","265","0","臺中市","后里區","120.675","24.290","23"
"422","298213","20221005094000","356","1","臺中市","后里區","120.700","24.290","439"
"43","298360","20221005094000","46","0","臺中市","和平區","121.280","24.305","40"
"485","298427","20221005094000","371","2","臺中市","和平區","121.295","24.315","499"
"71","298504","20221005094000","64","1","臺中市","和平區","121.310","24.325","119"
"148","298630","20221005094000","153","0","臺中市","和平區","121.310","24.335","203"
"73","298631","20221005094000","98","0","臺中市","和平區","121.315","24.335","73"
"18","298632","20221005094000","14","2","臺中市","和平區","121.320","24.335","54"
"51","298723","20221005094000","49","1","臺中市","和平區","121.310","24.345","47"
"187","298770","20221005094000","134","2","臺中市","和平區","121.310","24.350","82"
"24","298772","20221005094000","19","2","臺中市","和平區","121.320","24.350","18"
"65","298818","20221005094000","74","0","臺中市","和平區","121.315","24.355","110"
"73","298866","20221005094000","32","3","臺中市","和平區","121.315","24.360","40"
"28","298968","20221005094000","13","3","臺中市","和平區","121.340","24.370","23"
"33","299078","20221005094000","24","2","臺中市","和平區","121.265","24.285","27"
"16","299174","20221005094000","14","1","臺中市","和平區","121.275","24.295","18"
"104","299584","20221005094000","93","1","臺中市","和平區","120.905","24.290","87"
"19","299585","20221005094000","14","2","臺中市","和平區","120.910","24.290","21"
"54","299602","20221005094000","57","0","臺中市","和平區","120.930","24.295","56"
"81","299659","20221005094000","57","2","臺中市","和平區","120.940","24.300","95"
"124","299703","20221005094000","77","3","臺中市","和平區","120.940","24.310","112"
"53","299761","20221005094000","24","3","臺中市","和平區","120.930","24.325","49"
"138","299779","20221005094000","85","3","臺中市","和平區","120.925","24.325","154"
"64","299781","20221005094000","205","0","臺中市","和平區","120.935","24.325","55"
"24","299796","20221005094000","14","3","臺中市","和平區","120.920","24.330","28"
"653","299822","20221005094000","659","0","臺中市","清水區","120.565","24.290","655"
"39","299823","20221005094000","306","0","臺中市","清水區","120.560","24.295","35"
"194","299826","20221005094000","168","1","臺中市","清水區","120.600","24.280","435"
"88","299828","20221005094000","40","3","臺中市","清水區","120.610","24.280","67"
"408","299830","20221005094000","356","1","臺中市","清水區","120.600","24.285","476"
"496","299831","20221005094000","484","1","臺中市","清水區","120.575","24.285","524"
"454","299835","20221005094000","424","1","臺中市","清水區","120.575","24.300","481"
"70","299845","20221005094000","62","1","臺中市","東勢區","120.790","24.285","72"
"297","299852","20221005094000","180","3","臺中市","東勢區","120.795","24.285","299"
"19","299868","20221005094000","36","0","臺中市","東勢區","120.805","24.300","65"
"20","299869","20221005094000","165","0","臺中市","東勢區","120.810","24.300","135"
"335","299873","20221005094000","256","2","臺中市","清水區","120.555","24.280","323"
"201","299884","20221005094000","977","0","臺中市","清水區","120.540","24.285","175"
"81","299886","20221005094000","1085","0","臺中市","清水區","120.525","24.290","59"
"50","299888","20221005094000","21","3","臺中市","清水區","120.535","24.290","54"
"214","299892","20221005094000","131","3","臺中市","清水區","120.520","24.295","144"
"808","299901","20221005094000","686","1","臺中市","清水區","120.630","24.290","843"
"160","299913","20221005094000","138","1","臺中市","清水區","120.630","24.300","171"
"85","299923","20221005094000","138","0","臺中市","清水區","120.580","24.290","81"
"544","299926","20221005094000","420","2","臺中市","清水區","120.590","24.295","510"
"28","300134","20221005094000","17","3","花蓮縣","秀林鄉","121.755","24.290","13"
"301","300263","20221005094000","276","1","花蓮縣","秀林鄉","121.755","24.300","305"
"371","300401","20221005094000","301","2","花蓮縣","秀林鄉","121.750","24.310","399"
"11","300403","20221005094000","53","0","花蓮縣","秀林鄉","121.760","24.305","11"
"165","300404","20221005094000","144","1","花蓮縣","秀林鄉","121.765","24.310","165"
"55","300405","20221005094000","46","1","花蓮縣","秀林鄉","121.765","24.305","56"
"29","300719","20221005094000","25","1","花蓮縣","秀林鄉","121.675","24.335","12"
"23","300877","20221005094000","102","0","苗栗縣","三義鄉","120.740","24.365","27"
"14","300914","20221005094000","112","0","苗栗縣","三義鄉","120.765","24.340","14"
"94","300918","20221005094000","72","2","苗栗縣","三義鄉","120.750","24.345","98"
"67","300926","20221005094000","215","0","苗栗縣","三義鄉","120.745","24.350","51"
"76","300932","20221005094000","438","0","苗栗縣","三義鄉","120.735","24.355","97"
"235","300935","20221005094000","80","3","苗栗縣","三義鄉","120.750","24.355","192"
"13","300937","20221005094000","103","0","苗栗縣","三義鄉","120.760","24.355","22"
"48","300943","20221005094000","56","0","苗栗縣","三義鄉","120.770","24.355","48"
"184","300949","20221005094000","103","3","苗栗縣","三義鄉","120.780","24.360","143"
"10","300965","20221005094000","45","0","苗栗縣","三義鄉","120.795","24.370","13"
"207","300971","20221005094000","173","1","苗栗縣","卓蘭鎮","120.835","24.300","247"
"26","300982","20221005094000","21","2","苗栗縣","卓蘭鎮","120.845","24.310","28"
"32","301006","20221005094000","161","0","臺中市","東勢區","120.805","24.280","37"
"22","301007","20221005094000","243","0","臺中市","東勢區","120.810","24.280","25"
"13","301011","20221005094000","17","0","苗栗縣","苑裡鎮","120.720","24.360","10"
"501","301021","20221005094000","445","1","苗栗縣","卓蘭鎮","120.830","24.310","514"
"370","301030","20221005094000","266","2","苗栗縣","卓蘭鎮","120.845","24.320","374"
"28","301060","20221005094000","213","0","苗栗縣","卓蘭鎮","120.810","24.330","26"
"368","301079","20221005094000","290","2","苗栗縣","卓蘭鎮","120.785","24.330","355"
"198","301082","20221005094000","169","1","苗栗縣","卓蘭鎮","120.825","24.330","195"
"63","301093","20221005094000","78","0","苗栗縣","卓蘭鎮","120.805","24.335","82"
"98","301097","20221005094000","47","3","苗栗縣","卓蘭鎮","120.825","24.335","115"
"28","301176","20221005094000","38","0","臺中市","和平區","121.040","24.295","31"
"22","301578","20221005094000","59","0","苗栗縣","泰安鄉","120.945","24.360","14"
"82","301582","20221005094000","65","2","苗栗縣","泰安鄉","120.965","24.360","76"
"187","301609","20221005094000","74","3","苗栗縣","泰安鄉","120.960","24.370","179"
"18","301626","20221005094000","145","0","苗栗縣","卓蘭鎮","120.845","24.295","27"
"84","301629","20221005094000","88","0","苗栗縣","卓蘭鎮","120.860","24.295","91"
"137","301639","20221005094000","60","3","苗栗縣","卓蘭鎮","120.840","24.300","120"
"80","301640","20221005094000","63","2","苗栗縣","卓蘭鎮","120.845","24.300","70"
"57","301669","20221005094000","40","2","苗栗縣","卓蘭鎮","120.880","24.315","62"
"11","301713","20221005094000","77","0","苗栗縣","卓蘭鎮","120.875","24.335","11"
"142","301723","20221005094000","158","0","苗栗縣","卓蘭鎮","120.850","24.340","206"
"181","301727","20221005094000","101","3","苗栗縣","卓蘭鎮","120.870","24.340","199"
"77","301752","20221005094000","107","0","苗栗縣","卓蘭鎮","120.825","24.305","89"
"781","301756","20221005094000","618","2","苗栗縣","卓蘭鎮","120.820","24.315","778"
"1024","301757","20221005094000","757","2","苗栗縣","卓蘭鎮","120.825","24.315","987"
"18","301775","20221005094000","70","0","苗栗縣","卓蘭鎮","120.855","24.355","19"
"69","301787","20221005094000","38","3","苗栗縣","大湖鄉","120.870","24.360","59"
"21","301810","20221005094000","122","0","苗栗縣","大湖鄉","120.825","24.345","25"
"126","301882","20221005094000","95","2","苗栗縣","大湖鄉","120.875","24.365","123"
"16","307890","20221005094000","20","0","宜蘭縣","南澳鄉","121.780","24.365","23"
"22","307940","20221005094000","21","1","宜蘭縣","南澳鄉","121.790","24.400","17"
"94","307967","20221005094000","14","3","宜蘭縣","南澳鄉","121.790","24.415","15"
"23","308048","20221005094000","27","0","宜蘭縣","南澳鄉","121.765","24.440","25"
"18","308051","20221005094000","37","0","宜蘭縣","南澳鄉","121.780","24.440","26"
"22","308125","20221005094000","39","0","宜蘭縣","南澳鄉","121.775","24.450","33"
"181","308964","20221005094000","147","2","宜蘭縣","南澳鄉","121.750","24.425","163"
"39","309060","20221005094000","20","3","宜蘭縣","南澳鄉","121.750","24.435","40"
"126","309298","20221005094000","129","0","宜蘭縣","大同鄉","121.355","24.395","180"
"349","309501","20221005094000","285","2","宜蘭縣","大同鄉","121.380","24.435","430"
"85","309740","20221005094000","65","2","宜蘭縣","蘇澳鎮","121.805","24.445","82"
"185","309750","20221005094000","199","0","宜蘭縣","蘇澳鎮","121.790","24.455","183"
"739","309853","20221005094000","563","2","臺中市","大甲區","120.640","24.410","767"
"91","309860","20221005094000","641","0","臺中市","大甲區","120.630","24.415","99"
"337","309867","20221005094000","293","1","臺中市","大甲區","120.635","24.390","340"
"89","309881","20221005094000","612","0","臺中市","大甲區","120.635","24.410","75"
"493","309883","20221005094000","487","1","臺中市","大甲區","120.640","24.415","489"
"22","309891","20221005094000","291","0","臺中市","大安區","120.600","24.370","20"
"413","309899","20221005094000","430","0","臺中市","大安區","120.605","24.385","443"
"247","309910","20221005094000","248","0","臺中市","大安區","120.600","24.395","277"
"69","309925","20221005094000","642","0","臺中市","大甲區","120.670","24.380","73"
"35","309935","20221005094000","31","1","臺中市","大甲區","120.665","24.390","29"
"92","309937","20221005094000","1468","0","臺中市","大甲區","120.660","24.395","91"
"1335","309939","20221005094000","1255","1","苗栗縣","苑裡鎮","120.665","24.400","1256"
"626","309942","20221005094000","489","2","臺中市","大甲區","120.645","24.400","638"
"1791","309947","20221005094000","2026","0","臺中市","大甲區","120.650","24.405","1713"
"2114","309948","20221005094000","2177","0","臺中市","大甲區","120.655","24.405","2127"
"137","309960","20221005094000","148","0","臺中市","大安區","120.595","24.385","110"
"35","309972","20221005094000","289","0","臺中市","大安區","120.585","24.375","49"
"395","309973","20221005094000","361","1","臺中市","大安區","120.590","24.375","376"
"29","309975","20221005094000","23","2","臺中市","大安區","120.585","24.380","28"
"48","309977","20221005094000","61","0","臺中市","大安區","120.610","24.375","46"
"601","309986","20221005094000","357","3","臺中市","大甲區","120.660","24.370","572"
"1262","310004","20221005094000","1784","0","臺中市","大甲區","120.655","24.380","1246"
"45","310009","20221005094000","903","0","臺中市","大甲區","120.650","24.390","54"
"374","310033","20221005094000","312","1","臺中市","大甲區","120.615","24.415","422"
"461","310040","20221005094000","490","0","臺中市","大甲區","120.620","24.370","461"
"30","310150","20221005094000","29","1","臺中市","和平區","121.310","24.380","33"
"88","310180","20221005094000","58","3","臺中市","和平區","121.300","24.385","85"
"64","310235","20221005094000","45","2","臺中市","和平區","121.305","24.395","55"
"57","310390","20221005094000","65","0","苗栗縣","三義鄉","120.780","24.385","71"
"331","310395","20221005094000","399","0","苗栗縣","三義鄉","120.750","24.395","331"
"380","310396","20221005094000","330","1","苗栗縣","三義鄉","120.755","24.395","323"
"1552","310412","20221005094000","1266","2","苗栗縣","三義鄉","120.760","24.405","1630"
"679","310415","20221005094000","587","1","苗栗縣","三義鄉","120.765","24.410","660"
"899","310419","20221005094000","1119","0","苗栗縣","三義鄉","120.770","24.415","944"
"650","310423","20221005094000","643","1","苗栗縣","三義鄉","120.745","24.370","634"
"43","310429","20221005094000","41","1","苗栗縣","三義鄉","120.770","24.370","38"
"49","310433","20221005094000","413","0","苗栗縣","三義鄉","120.750","24.375","44"
"277","310441","20221005094000","441","0","苗栗縣","三義鄉","120.750","24.380","356"
"479","310450","20221005094000","274","3","苗栗縣","三義鄉","120.755","24.385","506"
"29","310451","20221005094000","165","0","苗栗縣","三義鄉","120.760","24.385","32"
"441","310456","20221005094000","516","0","苗栗縣","三義鄉","120.755","24.390","491"
"66","310458","20221005094000","72","0","苗栗縣","三義鄉","120.760","24.390","163"
"33","310469","20221005094000","42","0","苗栗縣","三義鄉","120.780","24.375","55"
"493","310489","20221005094000","560","0","苗栗縣","三義鄉","120.775","24.420","476"
"179","310506","20221005094000","251","0","苗栗縣","三義鄉","120.770","24.435","228"
"39","310521","20221005094000","39","1","苗栗縣","三義鄉","120.805","24.385","35"
"27","310527","20221005094000","35","0","苗栗縣","三義鄉","120.795","24.390","32"
"39","310542","20221005094000","26","3","苗栗縣","三義鄉","120.775","24.405","35"
"216","310551","20221005094000","200","1","苗栗縣","三義鄉","120.790","24.410","193"
"13","310552","20221005094000","18","0","苗栗縣","三義鄉","120.795","24.410","13"
"216","310580","20221005094000","169","2","苗栗縣","公館鄉","120.860","24.460","191"
"18","310595","20221005094000","21","0","苗栗縣","苑裡鎮","120.660","24.430","18"
"480","310596","20221005094000","423","1","苗栗縣","苑裡鎮","120.665","24.430","504"
"29","310601","20221005094000","192","0","苗栗縣","苑裡鎮","120.710","24.375","31"
"78","310623","20221005094000","57","2","苗栗縣","苑裡鎮","120.695","24.400","102"
"430","310636","20221005094000","412","1","苗栗縣","苑裡鎮","120.660","24.440","416"
"53","310637","20221005094000","48","1","苗栗縣","苑裡鎮","120.655","24.445","48"
"21","310639","20221005094000","17","2","苗栗縣","苑裡鎮","120.665","24.445","23"
"30","310640","20221005094000","14","3","苗栗縣","通霄鎮","120.660","24.450","28"
"688","310644","20221005094000","567","2","苗栗縣","苑裡鎮","120.655","24.450","676"
"41","310647","20221005094000","66","0","苗栗縣","通霄鎮","120.660","24.455","44"
"15","310648","20221005094000","12","2","苗栗縣","苑裡鎮","120.650","24.460","13"
"24","310656","20221005094000","214","0","苗栗縣","三義鄉","120.745","24.395","27"
"13","310668","20221005094000","11","1","苗栗縣","三義鄉","120.750","24.405","13"
"21","310670","20221005094000","131","0","苗栗縣","苑裡鎮","120.715","24.410","20"
"96","310685","20221005094000","41","3","苗栗縣","苑裡鎮","120.710","24.420","106"
"28","310688","20221005094000","31","0","苗栗縣","苑裡鎮","120.660","24.435","31"
"347","310695","20221005094000","215","3","苗栗縣","苑裡鎮","120.670","24.405","307"
"204","310698","20221005094000","165","2","苗栗縣","苑裡鎮","120.690","24.410","245"
"134","310699","20221005094000","68","3","苗栗縣","苑裡鎮","120.690","24.415","142"
"30","310721","20221005094000","410","0","苗栗縣","苑裡鎮","120.645","24.435","40"
"151","310722","20221005094000","124","2","苗栗縣","苑裡鎮","120.650","24.435","143"
"395","310727","20221005094000","344","1","苗栗縣","苑裡鎮","120.635","24.445","409"
"15","310728","20221005094000","28","0","苗栗縣","苑裡鎮","120.655","24.410","14"
"14","310729","20221005094000","14","1","苗栗縣","苑裡鎮","120.650","24.415","12"
"443","310730","20221005094000","380","1","苗栗縣","苑裡鎮","120.655","24.415","462"
"398","310737","20221005094000","407","0","苗栗縣","苑裡鎮","120.650","24.425","398"
"10","310749","20221005094000","179","0","苗栗縣","苑裡鎮","120.685","24.435","10"
"311","310752","20221005094000","229","2","苗栗縣","苑裡鎮","120.700","24.435","310"
"30","310755","20221005094000","40","0","苗栗縣","苑裡鎮","120.680","24.440","27"
"295","310758","20221005094000","191","3","苗栗縣","苑裡鎮","120.700","24.385","266"
"218","310763","20221005094000","195","1","苗栗縣","苑裡鎮","120.695","24.395","199"
"37","310766","20221005094000","10","3","苗栗縣","苑裡鎮","120.685","24.405","41"
"937","310776","20221005094000","809","1","苗栗縣","大湖鄉","120.870","24.425","958"
"44","310779","20221005094000","35","2","苗栗縣","大湖鄉","120.885","24.425","46"
"303","310796","20221005094000","268","1","苗栗縣","大湖鄉","120.865","24.400","286"
"45","310800","20221005094000","31","2","苗栗縣","大湖鄉","120.855","24.405","41"
"21","310825","20221005094000","148","0","苗栗縣","大湖鄉","120.900","24.410","16"
"239","310860","20221005094000","104","3","苗栗縣","大湖鄉","120.870","24.405","267"
"12","310881","20221005094000","243","0","苗栗縣","大湖鄉","120.860","24.420","15"
"12","310888","20221005094000","120","0","苗栗縣","苑裡鎮","120.695","24.370","14"
"713","310894","20221005094000","945","0","苗栗縣","苑裡鎮","120.655","24.440","711"
"14","310899","20221005094000","21","0","苗栗縣","苑裡鎮","120.690","24.375","14"
"1033","310905","20221005094000","1086","0","苗栗縣","苑裡鎮","120.680","24.385","988"
"115","310911","20221005094000","103","1","苗栗縣","苑裡鎮","120.660","24.410","141"
"236","310914","20221005094000","119","3","苗栗縣","苑裡鎮","120.660","24.415","299"
"96","310926","20221005094000","28","3","苗栗縣","苑裡鎮","120.720","24.395","62"
"16","310927","20221005094000","109","0","苗栗縣","苑裡鎮","120.725","24.395","16"
"22","310930","20221005094000","12","3","苗栗縣","苑裡鎮","120.715","24.400","19"
"47","310938","20221005094000","35","2","苗栗縣","苑裡鎮","120.705","24.410","37"
"17","310941","20221005094000","62","0","苗栗縣","苑裡鎮","120.675","24.400","16"
"14","310942","20221005094000","18","0","苗栗縣","苑裡鎮","120.680","24.400","11"
"35","310943","20221005094000","307","0","苗栗縣","苑裡鎮","120.675","24.405","29"
"10","310949","20221005094000","137","0","苗栗縣","苑裡鎮","120.670","24.415","15"
"23","310953","20221005094000","15","3","苗栗縣","苑裡鎮","120.670","24.425","12"
"28","310959","20221005094000","15","3","苗栗縣","苑裡鎮","120.680","24.410","23"
"275","310964","20221005094000","1121","0","苗栗縣","苑裡鎮","120.685","24.415","259"
"196","310996","20221005094000","159","2","苗栗縣","銅鑼鄉","120.810","24.465","194"
"15","310999","20221005094000","83","0","苗栗縣","銅鑼鄉","120.755","24.445","19"
"97","311009","20221005094000","100","0","苗栗縣","銅鑼鄉","120.765","24.460","105"
"979","311014","20221005094000","611","3","苗栗縣","銅鑼鄉","120.760","24.460","977"
"131","311016","20221005094000","135","0","苗栗縣","銅鑼鄉","120.770","24.465","114"
"125","311031","20221005094000","61","3","苗栗縣","銅鑼鄉","120.810","24.405","113"
"177","311073","20221005094000","77","3","苗栗縣","銅鑼鄉","120.835","24.420","171"
"10","311089","20221005094000","10","1","苗栗縣","銅鑼鄉","120.765","24.435","10"
"378","311108","20221005094000","248","3","苗栗縣","銅鑼鄉","120.780","24.450","405"
"416","311118","20221005094000","331","2","苗栗縣","銅鑼鄉","120.780","24.465","374"
"2022","311279","20221005094000","2089","0","苗栗縣","苑裡鎮","120.650","24.440","2037"
"12","311281","20221005094000","16","0","苗栗縣","苑裡鎮","120.645","24.445","13"
"293","311283","20221005094000","293","1","苗栗縣","苑裡鎮","120.650","24.450","299"
"90","311310","20221005094000","72","2","苗栗縣","泰安鄉","120.925","24.390","71"
"65","311446","20221005094000","52","2","苗栗縣","泰安鄉","120.980","24.445","48"
"135","311474","20221005094000","100","2","苗栗縣","泰安鄉","120.935","24.420","132"
"28","311478","20221005094000","176","0","苗栗縣","泰安鄉","120.925","24.420","53"
"14","311666","20221005094000","101","0","苗栗縣","泰安鄉","120.980","24.390","13"
"17","312076","20221005094000","20","0","苗栗縣","泰安鄉","121.015","24.425","49"
"28","312522","20221005094000","91","0","苗栗縣","泰安鄉","120.925","24.440","17"
"153","312590","20221005094000","109","2","苗栗縣","通霄鎮","120.735","24.410","179"
"231","312624","20221005094000","214","1","苗栗縣","通霄鎮","120.680","24.455","270"
"63","312636","20221005094000","83","0","苗栗縣","通霄鎮","120.690","24.465","69"
"73","312656","20221005094000","16","3","苗栗縣","通霄鎮","120.745","24.440","44"
"141","312664","20221005094000","75","3","苗栗縣","通霄鎮","120.725","24.450","146"
"13","312666","20221005094000","11","1","苗栗縣","通霄鎮","120.735","24.450","15"
"52","312668","20221005094000","95","0","苗栗縣","通霄鎮","120.720","24.425","48"
"71","312670","20221005094000","194","0","苗栗縣","通霄鎮","120.720","24.430","65"
"290","312677","20221005094000","200","2","苗栗縣","通霄鎮","120.715","24.440","267"
"178","312691","20221005094000","249","0","苗栗縣","通霄鎮","120.700","24.455","268"
"39","312717","20221005094000","27","2","苗栗縣","通霄鎮","120.730","24.460","32"
"84","312744","20221005094000","84","1","苗栗縣","大湖鄉","120.865","24.430","81"
"23","312752","20221005094000","210","0","苗栗縣","大湖鄉","120.865","24.435","26"
"130","312778","20221005094000","92","2","苗栗縣","大湖鄉","120.905","24.445","119"
"104","312782","20221005094000","99","1","苗栗縣","大湖鄉","120.880","24.450","103"
"252","312784","20221005094000","203","2","苗栗縣","大湖鄉","120.875","24.455","246"
"83","312785","20221005094000","1078","0","苗栗縣","大湖鄉","120.865","24.420","66"
"237","312798","20221005094000","218","1","苗栗縣","大湖鄉","120.900","24.375","191"
"512","312833","20221005094000","320","3","苗栗縣","三義鄉","120.820","24.380","494"
"154","312851","20221005094000","94","3","苗栗縣","大湖鄉","120.865","24.375","170"
"48","312863","20221005094000","187","0","苗栗縣","大湖鄉","120.850","24.385","47"
"39","317431","20221005094000","82","0","宜蘭縣","蘇澳鎮","121.845","24.520","62"
"483","319889","20221005094000","383","2","宜蘭縣","南澳鄉","121.800","24.465","489"
"524","319890","20221005094000","567","0","宜蘭縣","蘇澳鎮","121.805","24.465","545"
"69","319894","20221005094000","77","0","宜蘭縣","南澳鄉","121.810","24.470","94"
"264","320020","20221005094000","160","3","宜蘭縣","蘇澳鎮","121.830","24.515","192"
"44","320043","20221005094000","31","2","宜蘭縣","南澳鄉","121.830","24.530","22"
"47","320054","20221005094000","58","0","宜蘭縣","南澳鄉","121.835","24.535","58"
"218","320197","20221005094000","181","2","宜蘭縣","南澳鄉","121.790","24.470","205"
"11","320298","20221005094000","11","1","宜蘭縣","南澳鄉","121.785","24.460","13"
"83","320807","20221005094000","58","2","宜蘭縣","大同鄉","121.430","24.485","76"
"203","320829","20221005094000","178","1","宜蘭縣","大同鄉","121.430","24.490","223"
"38","321164","20221005094000","59","0","宜蘭縣","南澳鄉","121.535","24.495","57"
"130","321192","20221005094000","111","1","宜蘭縣","大同鄉","121.530","24.500","210"
"107","321195","20221005094000","61","3","宜蘭縣","大同鄉","121.545","24.500","149"
"62","321219","20221005094000","59","1","宜蘭縣","大同鄉","121.530","24.505","104"
"81","321263","20221005094000","28","3","宜蘭縣","南澳鄉","121.610","24.505","52"
"16","321421","20221005094000","34","0","宜蘭縣","大同鄉","121.505","24.545","27"
"39","321422","20221005094000","30","2","宜蘭縣","大同鄉","121.510","24.545","36"
"95","321699","20221005094000","88","1","宜蘭縣","大同鄉","121.450","24.530","102"
"363","321823","20221005094000","237","3","宜蘭縣","蘇澳鎮","121.840","24.485","286"
"105","321846","20221005094000","32","3","宜蘭縣","蘇澳鎮","121.835","24.510","51"
"150","321850","20221005094000","120","2","宜蘭縣","蘇澳鎮","121.835","24.520","207"
"23","321871","20221005094000","20","1","宜蘭縣","蘇澳鎮","121.870","24.535","12"
"123","321880","20221005094000","76","3","宜蘭縣","蘇澳鎮","121.820","24.460","155"
"31","321882","20221005094000","29","1","宜蘭縣","蘇澳鎮","121.820","24.465","146"
"76","321898","20221005094000","82","0","宜蘭縣","蘇澳鎮","121.825","24.485","113"
"49","322586","20221005094000","46","1","新竹縣","五峰鄉","121.090","24.500","56"
"66","322590","20221005094000","65","1","新竹縣","五峰鄉","121.075","24.505","74"
"11","322608","20221005094000","88","0","新竹縣","五峰鄉","121.110","24.510","14"
"84","322609","20221005094000","77","1","新竹縣","五峰鄉","121.115","24.510","45"
"56","322716","20221005094000","61","0","新竹縣","五峰鄉","121.110","24.525","76"
"28","322717","20221005094000","29","0","新竹縣","五峰鄉","121.115","24.525","49"
"26","322744","20221005094000","22","1","新竹縣","五峰鄉","121.125","24.530","15"
"58","322792","20221005094000","87","0","新竹縣","五峰鄉","121.125","24.540","68"
"64","322897","20221005094000","28","3","新竹縣","五峰鄉","121.130","24.560","53"
"66","322913","20221005094000","309","0","苗栗縣","公館鄉","120.820","24.495","66"
"19","322918","20221005094000","146","0","苗栗縣","公館鄉","120.815","24.510","18"
"156","322920","20221005094000","190","0","苗栗縣","公館鄉","120.815","24.515","145"
"362","322921","20221005094000","301","2","苗栗縣","銅鑼鄉","120.810","24.515","349"
"198","322933","20221005094000","150","2","苗栗縣","公館鄉","120.835","24.510","225"
"239","322941","20221005094000","255","0","苗栗縣","公館鄉","120.835","24.530","198"
"59","322992","20221005094000","88","0","苗栗縣","公館鄉","120.890","24.540","59"
"139","323065","20221005094000","120","1","苗栗縣","公館鄉","120.835","24.500","161"
"14","323076","20221005094000","10","2","苗栗縣","公館鄉","120.835","24.540","14"
"133","323078","20221005094000","111","1","苗栗縣","公館鄉","120.835","24.545","144"
"899","323086","20221005094000","655","2","苗栗縣","公館鄉","120.825","24.510","904"
"74","323090","20221005094000","697","0","苗栗縣","公館鄉","120.820","24.515","73"
"152","323092","20221005094000","283","0","苗栗縣","公館鄉","120.825","24.520","158"
"82","323094","20221005094000","271","0","苗栗縣","公館鄉","120.825","24.465","59"
"143","323105","20221005094000","149","0","苗栗縣","公館鄉","120.835","24.465","151"
"78","323120","20221005094000","48","3","苗栗縣","公館鄉","120.855","24.475","54"
"382","323126","20221005094000","281","2","苗栗縣","公館鄉","120.825","24.475","434"
"330","323131","20221005094000","279","1","苗栗縣","公館鄉","120.820","24.480","366"
"31","323137","20221005094000","341","0","苗栗縣","公館鄉","120.830","24.485","28"
"468","323139","20221005094000","614","0","苗栗縣","公館鄉","120.825","24.500","456"
"576","323140","20221005094000","604","0","苗栗縣","公館鄉","120.825","24.505","607"
"953","323143","20221005094000","1065","0","苗栗縣","公館鄉","120.820","24.500","880"
"26","323150","20221005094000","212","0","苗栗縣","公館鄉","120.830","24.530","27"
"18","323152","20221005094000","158","0","苗栗縣","公館鄉","120.830","24.535","224"
"747","323159","20221005094000","473","3","苗栗縣","公館鄉","120.825","24.530","755"
"255","323161","20221005094000","169","3","苗栗縣","苗栗市","120.835","24.555","257"
"978","323164","20221005094000","1200","0","苗栗縣","苗栗市","120.820","24.560","985"
"15","323168","20221005094000","73","0","苗栗縣","通霄鎮","120.705","24.540","19"
"173","323174","20221005094000","176","0","苗栗縣","通霄鎮","120.700","24.550","177"
"224","323187","20221005094000","241","0","苗栗縣","通霄鎮","120.695","24.475","286"
"26","323189","20221005094000","333","0","苗栗縣","通霄鎮","120.685","24.480","21"
"81","323210","20221005094000","59","2","苗栗縣","通霄鎮","120.730","24.490","85"
"15","323218","20221005094000","55","0","苗栗縣","通霄鎮","120.740","24.495","21"
"19","323221","20221005094000","19","1","苗栗縣","通霄鎮","120.750","24.485","22"
"18","323223","20221005094000","10","3","苗栗縣","通霄鎮","120.760","24.485","18"
"105","323237","20221005094000","109","0","苗栗縣","通霄鎮","120.720","24.505","97"
"77","323242","20221005094000","65","1","苗栗縣","通霄鎮","120.740","24.505","78"
"59","323248","20221005094000","41","2","苗栗縣","通霄鎮","120.730","24.510","56"
"33","323299","20221005094000","17","3","苗栗縣","南庄鄉","120.960","24.520","37"
"18","323333","20221005094000","74","0","苗栗縣","南庄鄉","120.965","24.535","24"
"20","323356","20221005094000","126","0","苗栗縣","南庄鄉","120.970","24.545","20"
"3531","323391","20221005094000","2523","2","苗栗縣","苗栗市","120.825","24.555","2982"
"12","323392","20221005094000","23","0","苗栗縣","苗栗市","120.820","24.540","17"
"825","323394","20221005094000","501","3","苗栗縣","苗栗市","120.825","24.545","748"
"150","323395","20221005094000","2180","0","苗栗縣","苗栗市","120.815","24.550","862"
"90","323396","20221005094000","107","0","苗栗縣","苗栗市","120.820","24.550","92"
"1967","323397","20221005094000","1895","1","苗栗縣","苗栗市","120.815","24.555","1901"
"285","323400","20221005094000","409","0","苗栗縣","苗栗市","120.820","24.555","480"
"736","323402","20221005094000","638","1","苗栗縣","苗栗市","120.830","24.555","745"
"525","323403","20221005094000","307","3","苗栗縣","苗栗市","120.825","24.565","380"
"14","323405","20221005094000","39","0","苗栗縣","苗栗市","120.790","24.525","17"
"321","323411","20221005094000","433","0","苗栗縣","苗栗市","120.785","24.535","354"
"270","323412","20221005094000","235","1","苗栗縣","苗栗市","120.790","24.535","299"
"229","323414","20221005094000","105","3","苗栗縣","苗栗市","120.800","24.535","256"
"57","323530","20221005094000","51","1","苗栗縣","南庄鄉","121.025","24.535","78"
"43","323545","20221005094000","38","1","苗栗縣","南庄鄉","121.030","24.540","32"
"101","323601","20221005094000","54","3","苗栗縣","頭屋鄉","120.855","24.555","117"
"23","323631","20221005094000","34","0","苗栗縣","頭屋鄉","120.870","24.560","40"
"12","323651","20221005094000","80","0","苗栗縣","通霄鎮","120.760","24.480","11"
"153","323661","20221005094000","168","0","苗栗縣","銅鑼鄉","120.775","24.495","178"
"59","323663","20221005094000","31","3","苗栗縣","西湖鄉","120.770","24.500","22"
"11","323666","20221005094000","74","0","苗栗縣","銅鑼鄉","120.780","24.505","11"
"238","323674","20221005094000","216","1","苗栗縣","銅鑼鄉","120.790","24.470","301"
"544","323678","20221005094000","402","2","苗栗縣","銅鑼鄉","120.790","24.475","491"
"101","323679","20221005094000","102","0","苗栗縣","銅鑼鄉","120.795","24.475","104"
"344","323682","20221005094000","337","1","苗栗縣","銅鑼鄉","120.785","24.480","341"
"797","323683","20221005094000","723","1","苗栗縣","銅鑼鄉","120.790","24.480","814"
"289","323685","20221005094000","484","0","苗栗縣","銅鑼鄉","120.785","24.485","260"
"1000","323686","20221005094000","1082","0","苗栗縣","銅鑼鄉","120.785","24.490","925"
"118","323691","20221005094000","114","1","苗栗縣","通霄鎮","120.725","24.520","148"
"15","323700","20221005094000","82","0","苗栗縣","通霄鎮","120.735","24.525","17"
"24","323727","20221005094000","96","0","苗栗縣","通霄鎮","120.675","24.485","30"
"1340","323728","20221005094000","905","2","苗栗縣","苗栗市","120.810","24.545","1240"
"77","323734","20221005094000","48","3","苗栗縣","西湖鄉","120.790","24.550","67"
"34","323736","20221005094000","28","2","苗栗縣","苗栗市","120.800","24.550","20"
"121","323738","20221005094000","154","0","苗栗縣","苗栗市","120.795","24.555","164"
"270","323740","20221005094000","221","2","苗栗縣","苗栗市","120.805","24.555","258"
"188","323743","20221005094000","189","0","苗栗縣","苗栗市","120.800","24.560","180"
"332","323744","20221005094000","469","0","苗栗縣","苗栗市","120.805","24.560","299"
"468","323747","20221005094000","434","1","苗栗縣","苗栗市","120.815","24.530","473"
"1247","323751","20221005094000","1377","0","苗栗縣","苗栗市","120.815","24.540","1263"
"183","323752","20221005094000","143","2","苗栗縣","苗栗市","120.805","24.545","202"
"28","323753","20221005094000","47","0","苗栗縣","苗栗市","120.805","24.550","18"
"53","323763","20221005094000","255","0","苗栗縣","西湖鄉","120.730","24.555","81"
"114","323770","20221005094000","161","0","苗栗縣","西湖鄉","120.745","24.555","118"
"113","323782","20221005094000","67","3","苗栗縣","西湖鄉","120.765","24.520","116"
"233","323800","20221005094000","150","3","苗栗縣","西湖鄉","120.785","24.525","236"
"57","323808","20221005094000","36","3","苗栗縣","西湖鄉","120.745","24.525","75"
"26","323810","20221005094000","58","0","苗栗縣","西湖鄉","120.740","24.530","23"
"31","323815","20221005094000","35","0","苗栗縣","西湖鄉","120.750","24.535","31"
"154","323828","20221005094000","105","2","苗栗縣","通霄鎮","120.680","24.500","150"
"213","323830","20221005094000","218","0","苗栗縣","通霄鎮","120.690","24.500","202"
"29","323838","20221005094000","32","0","苗栗縣","通霄鎮","120.690","24.510","26"
"193","323845","20221005094000","191","1","苗栗縣","通霄鎮","120.695","24.515","195"
"85","323854","20221005094000","83","1","苗栗縣","通霄鎮","120.695","24.530","80"
"228","323864","20221005094000","140","3","苗栗縣","通霄鎮","120.675","24.490","308"
"2071","323865","20221005094000","1785","1","苗栗縣","通霄鎮","120.680","24.490","2009"
"1425","323876","20221005094000","1339","1","苗栗縣","銅鑼鄉","120.800","24.490","1397"
"500","323879","20221005094000","502","0","苗栗縣","銅鑼鄉","120.800","24.495","544"
"221","323881","20221005094000","170","2","苗栗縣","銅鑼鄉","120.810","24.495","211"
"16","323884","20221005094000","152","0","苗栗縣","銅鑼鄉","120.805","24.500","22"
"18","323893","20221005094000","183","0","苗栗縣","銅鑼鄉","120.805","24.510","26"
"69","323896","20221005094000","87","0","苗栗縣","銅鑼鄉","120.810","24.520","86"
"651","323898","20221005094000","608","1","苗栗縣","銅鑼鄉","120.760","24.465","612"
"123","323899","20221005094000","189","0","苗栗縣","銅鑼鄉","120.765","24.465","122"
"14","323904","20221005094000","149","0","苗栗縣","銅鑼鄉","120.770","24.470","14"
"135","323913","20221005094000","214","0","苗栗縣","銅鑼鄉","120.790","24.485","128"
"535","323918","20221005094000","337","3","苗栗縣","銅鑼鄉","120.790","24.505","578"
"102","323920","20221005094000","50","3","苗栗縣","銅鑼鄉","120.785","24.510","83"
"469","323923","20221005094000","488","0","苗栗縣","西湖鄉","120.785","24.515","480"
"83","323948","20221005094000","70","1","苗栗縣","泰安鄉","120.950","24.465","95"
"67","323952","20221005094000","107","0","苗栗縣","泰安鄉","120.970","24.465","89"
"124","323970","20221005094000","97","2","苗栗縣","泰安鄉","120.945","24.470","165"
"54","323976","20221005094000","54","1","苗栗縣","泰安鄉","120.975","24.470","70"
"11","323977","20221005094000","14","0","苗栗縣","泰安鄉","120.980","24.470","17"
"27","324020","20221005094000","26","1","苗栗縣","泰安鄉","120.965","24.480","22"
"28","324112","20221005094000","13","3","苗栗縣","獅潭鄉","120.910","24.505","15"
"13","324115","20221005094000","44","0","苗栗縣","獅潭鄉","120.925","24.505","13"
"46","324130","20221005094000","30","3","苗栗縣","獅潭鄉","120.910","24.510","43"
"11","324167","20221005094000","10","1","苗栗縣","獅潭鄉","120.935","24.515","11"
"421","324200","20221005094000","236","3","苗栗縣","獅潭鄉","120.920","24.540","406"
"123","324206","20221005094000","87","2","苗栗縣","獅潭鄉","120.950","24.540","117"
"98","324257","20221005094000","76","2","苗栗縣","獅潭鄉","120.935","24.555","95"
"49","324281","20221005094000","58","0","苗栗縣","獅潭鄉","120.910","24.465","50"
"205","324285","20221005094000","177","1","苗栗縣","獅潭鄉","120.880","24.470","231"
"30","324297","20221005094000","23","2","苗栗縣","獅潭鄉","120.915","24.475","42"
"82","324301","20221005094000","60","2","苗栗縣","獅潭鄉","120.900","24.485","71"
"45","324306","20221005094000","26","3","苗栗縣","獅潭鄉","120.900","24.490","40"
"64","324349","20221005094000","73","0","苗栗縣","泰安鄉","120.945","24.485","62"
"90","324615","20221005094000","63","2","苗栗縣","泰安鄉","121.070","24.495","64"
"13","324700","20221005094000","11","1","苗栗縣","通霄鎮","120.700","24.505","17"
"14","324701","20221005094000","11","2","苗栗縣","通霄鎮","120.705","24.505","18"
"120","324706","20221005094000","96","2","苗栗縣","通霄鎮","120.715","24.510","175"
"93","324721","20221005094000","79","1","苗栗縣","西湖鄉","120.780","24.550","96"
"114","324736","20221005094000","63","3","苗栗縣","西湖鄉","120.755","24.495","98"
"676","324766","20221005094000","615","1","苗栗縣","西湖鄉","120.785","24.540","697"
"36","324767","20221005094000","37","0","苗栗縣","西湖鄉","120.755","24.545","35"
"180","324782","20221005094000","71","3","苗栗縣","通霄鎮","120.680","24.465","232"
"352","324784","20221005094000","411","0","苗栗縣","通霄鎮","120.665","24.470","351"
"122","324791","20221005094000","860","0","苗栗縣","通霄鎮","120.675","24.475","130"
"269","324812","20221005094000","348","0","苗栗縣","通霄鎮","120.710","24.555","312"
"32","324833","20221005094000","234","0","苗栗縣","通霄鎮","120.710","24.505","36"
"24","324850","20221005094000","27","0","苗栗縣","通霄鎮","120.715","24.480","28"
"45","324851","20221005094000","39","1","苗栗縣","通霄鎮","120.720","24.480","41"
"178","324858","20221005094000","148","2","苗栗縣","通霄鎮","120.720","24.465","167"
"154","324872","20221005094000","83","3","苗栗縣","通霄鎮","120.685","24.485","120"
"52","324877","20221005094000","595","0","苗栗縣","通霄鎮","120.690","24.495","51"
"26","324879","20221005094000","217","0","苗栗縣","通霄鎮","120.695","24.500","30"
"83","328071","20221005094000","85","0","宜蘭縣","蘇澳鎮","121.860","24.600","62"
"188","328073","20221005094000","203","0","宜蘭縣","蘇澳鎮","121.870","24.600","128"
"590","328074","20221005094000","530","1","宜蘭縣","蘇澳鎮","121.880","24.600","260"
"74","328390","20221005094000","54","2","宜蘭縣","蘇澳鎮","121.880","24.605","62"
"260","331880","20221005094000","253","1","宜蘭縣","冬山鄉","121.750","24.645","253"
"45","331921","20221005094000","25","3","宜蘭縣","南澳鄉","121.805","24.555","53"
"35","332040","20221005094000","37","0","宜蘭縣","南澳鄉","121.750","24.605","39"
"1865","332115","20221005094000","1349","2","宜蘭縣","蘇澳鎮","121.865","24.580","1382"
"345","332120","20221005094000","237","2","宜蘭縣","冬山鄉","121.815","24.630","373"
"874","332122","20221005094000","902","0","宜蘭縣","冬山鄉","121.810","24.630","901"
"918","332124","20221005094000","427","3","宜蘭縣","冬山鄉","121.820","24.630","931"
"273","332146","20221005094000","296","0","宜蘭縣","冬山鄉","121.710","24.635","334"
"439","332186","20221005094000","381","1","宜蘭縣","冬山鄉","121.770","24.630","458"
"342","332216","20221005094000","517","0","宜蘭縣","冬山鄉","121.785","24.625","345"
"158","332233","20221005094000","235","0","宜蘭縣","冬山鄉","121.730","24.650","177"
"297","332244","20221005094000","239","2","宜蘭縣","冬山鄉","121.805","24.625","278"
"32","332272","20221005094000","23","2","宜蘭縣","大同鄉","121.500","24.555","29"
"60","332340","20221005094000","78","0","宜蘭縣","大同鄉","121.495","24.570","45"
"112","332362","20221005094000","128","0","宜蘭縣","大同鄉","121.480","24.575","163"
"77","332385","20221005094000","82","0","宜蘭縣","大同鄉","121.495","24.580","76"
"23","332698","20221005094000","26","0","宜蘭縣","大同鄉","121.685","24.610","17"
"151","332699","20221005094000","110","2","宜蘭縣","大同鄉","121.690","24.610","147"
"15","332745","20221005094000","100","0","宜蘭縣","大同鄉","121.685","24.625","19"
"46","332848","20221005094000","89","0","宜蘭縣","大同鄉","121.635","24.615","105"
"73","332889","20221005094000","98","0","宜蘭縣","大同鄉","121.605","24.630","58"
"18","332899","20221005094000","12","3","宜蘭縣","三星鄉","121.605","24.635","16"
"98","332902","20221005094000","107","0","宜蘭縣","大同鄉","121.560","24.640","95"
"91","333040","20221005094000","154","0","宜蘭縣","大同鄉","121.530","24.595","93"
"54","333114","20221005094000","34","3","宜蘭縣","大同鄉","121.440","24.595","45"
"16","333196","20221005094000","59","0","宜蘭縣","大同鄉","121.525","24.610","13"
"133","333282","20221005094000","102","2","宜蘭縣","大同鄉","121.525","24.630","116"
"11","333283","20221005094000","21","0","宜蘭縣","大同鄉","121.530","24.630","11"
"60","333296","20221005094000","70","0","宜蘭縣","大同鄉","121.490","24.635","52"
"37","333369","20221005094000","53","0","宜蘭縣","大同鄉","121.475","24.650","40"
"47","333370","20221005094000","35","2","宜蘭縣","大同鄉","121.480","24.650","56"
"278","333450","20221005094000","406","0","宜蘭縣","蘇澳鎮","121.870","24.580","230"
"558","333451","20221005094000","623","0","宜蘭縣","蘇澳鎮","121.875","24.580","504"
"1212","333457","20221005094000","858","2","宜蘭縣","蘇澳鎮","121.855","24.595","1181"
"192","333458","20221005094000","210","0","宜蘭縣","蘇澳鎮","121.875","24.600","113"
"22","333460","20221005094000","23","0","宜蘭縣","蘇澳鎮","121.860","24.605","29"
"53","333462","20221005094000","43","2","宜蘭縣","蘇澳鎮","121.870","24.605","29"
"24","333463","20221005094000","44","0","宜蘭縣","蘇澳鎮","121.875","24.605","25"
"330","333474","20221005094000","342","0","宜蘭縣","蘇澳鎮","121.835","24.590","366"
"867","333478","20221005094000","882","0","宜蘭縣","蘇澳鎮","121.835","24.595","978"
"276","333479","20221005094000","428","0","宜蘭縣","蘇澳鎮","121.840","24.595","340"
"163","333488","20221005094000","117","2","宜蘭縣","蘇澳鎮","121.835","24.605","226"
"114","333492","20221005094000","50","3","宜蘭縣","蘇澳鎮","121.830","24.610","127"
"859","333495","20221005094000","800","1","宜蘭縣","蘇澳鎮","121.830","24.615","857"
"1519","333504","20221005094000","1312","1","宜蘭縣","五結鄉","121.835","24.650","1520"
"248","333511","20221005094000","208","1","宜蘭縣","冬山鄉","121.795","24.640","242"
"17","333515","20221005094000","30","0","宜蘭縣","冬山鄉","121.780","24.650","15"
"230","333516","20221005094000","118","3","宜蘭縣","冬山鄉","121.785","24.650","261"
"603","333519","20221005094000","573","1","宜蘭縣","蘇澳鎮","121.835","24.620","621"
"1111","333520","20221005094000","961","1","宜蘭縣","蘇澳鎮","121.840","24.620","1137"
"92","333521","20221005094000","80","1","宜蘭縣","蘇澳鎮","121.845","24.620","73"
"396","333522","20221005094000","345","1","宜蘭縣","蘇澳鎮","121.835","24.625","413"
"121","333545","20221005094000","64","3","宜蘭縣","蘇澳鎮","121.845","24.565","71"
"81","333557","20221005094000","85","0","宜蘭縣","蘇澳鎮","121.840","24.575","87"
"70","333558","20221005094000","33","3","宜蘭縣","蘇澳鎮","121.845","24.575","41"
"221","333564","20221005094000","372","0","宜蘭縣","蘇澳鎮","121.855","24.605","171"
"86","333566","20221005094000","87","0","宜蘭縣","蘇澳鎮","121.850","24.610","108"
"666","333569","20221005094000","615","1","宜蘭縣","蘇澳鎮","121.850","24.615","658"
"467","333653","20221005094000","441","1","宜蘭縣","三星鄉","121.615","24.650","450"
"340","333661","20221005094000","381","0","宜蘭縣","冬山鄉","121.805","24.640","390"
"11","333693","20221005094000","12","0","宜蘭縣","蘇澳鎮","121.865","24.570","11"
"176","333695","20221005094000","130","2","宜蘭縣","蘇澳鎮","121.850","24.575","160"
"57","333704","20221005094000","25","3","宜蘭縣","蘇澳鎮","121.845","24.580","74"
"17","333737","20221005094000","170","0","宜蘭縣","蘇澳鎮","121.815","24.610","16"
"208","333739","20221005094000","382","0","宜蘭縣","蘇澳鎮","121.815","24.615","212"
"89","333741","20221005094000","73","2","宜蘭縣","蘇澳鎮","121.825","24.615","94"
"948","333742","20221005094000","806","1","宜蘭縣","蘇澳鎮","121.815","24.620","953"
"763","333751","20221005094000","664","1","宜蘭縣","冬山鄉","121.765","24.650","788"
"164","333753","20221005094000","283","0","宜蘭縣","冬山鄉","121.795","24.630","182"
"508","333754","20221005094000","593","0","宜蘭縣","冬山鄉","121.800","24.630","555"
"42","333764","20221005094000","40","1","宜蘭縣","冬山鄉","121.725","24.625","40"
"64","333769","20221005094000","70","0","宜蘭縣","冬山鄉","121.750","24.625","64"
"33","333770","20221005094000","40","0","宜蘭縣","冬山鄉","121.760","24.625","34"
"10","333774","20221005094000","55","0","宜蘭縣","冬山鄉","121.740","24.630","10"
"461","333781","20221005094000","355","2","宜蘭縣","冬山鄉","121.750","24.635","466"
"146","333789","20221005094000","116","2","宜蘭縣","冬山鄉","121.765","24.640","136"
"64","333791","20221005094000","78","0","宜蘭縣","冬山鄉","121.760","24.645","70"
"944","333802","20221005094000","827","1","宜蘭縣","冬山鄉","121.790","24.635","938"
"1256","333804","20221005094000","1022","2","宜蘭縣","冬山鄉","121.795","24.635","1259"
"26","333808","20221005094000","13","3","宜蘭縣","蘇澳鎮","121.845","24.635","29"
"1048","333809","20221005094000","580","3","宜蘭縣","蘇澳鎮","121.835","24.640","1008"
"148","333810","20221005094000","189","0","宜蘭縣","蘇澳鎮","121.840","24.640","152"
"1449","333814","20221005094000","1217","1","宜蘭縣","蘇澳鎮","121.830","24.630","1414"
"484","333818","20221005094000","390","2","宜蘭縣","蘇澳鎮","121.830","24.640","497"
"432","333821","20221005094000","401","1","宜蘭縣","蘇澳鎮","121.830","24.645","423"
"24","333893","20221005094000","13","3","新竹縣","北埔鄉","121.065","24.645","20"
"108","333899","20221005094000","68","3","新竹縣","竹東鎮","121.095","24.645","103"
"126","334213","20221005094000","77","3","新竹縣","尖石鄉","121.340","24.650","165"
"85","334309","20221005094000","124","0","新竹縣","尖石鄉","121.310","24.570","159"
"12","334359","20221005094000","33","0","新竹縣","尖石鄉","121.270","24.580","18"
"61","334366","20221005094000","38","3","新竹縣","尖石鄉","121.305","24.580","74"
"41","334372","20221005094000","36","1","新竹縣","尖石鄉","121.335","24.580","41"
"28","334487","20221005094000","50","0","新竹縣","尖石鄉","121.290","24.605","35"
"193","334532","20221005094000","207","0","新竹縣","尖石鄉","121.295","24.610","205"
"69","334547","20221005094000","63","1","新竹縣","尖石鄉","121.285","24.615","65"
"80","334623","20221005094000","38","3","新竹縣","尖石鄉","121.275","24.640","84"
"15","334678","20221005094000","17","0","新竹縣","峨眉鄉","121.015","24.645","15"
"75","334698","20221005094000","50","3","新竹縣","峨眉鄉","121.025","24.655","59"
"16","334723","20221005094000","59","0","宜蘭縣","蘇澳鎮","121.840","24.590","16"
"177","334725","20221005094000","167","1","宜蘭縣","蘇澳鎮","121.850","24.590","153"
"876","334726","20221005094000","967","0","宜蘭縣","蘇澳鎮","121.845","24.595","847"
"48","334737","20221005094000","35","2","新竹縣","五峰鄉","121.090","24.605","43"
"55","334763","20221005094000","16","3","新竹縣","五峰鄉","121.105","24.615","64"
"38","334770","20221005094000","27","2","新竹縣","五峰鄉","121.085","24.625","29"
"222","334783","20221005094000","244","0","新竹縣","五峰鄉","121.120","24.630","198"
"379","334790","20221005094000","402","0","新竹縣","五峰鄉","121.100","24.640","387"
"20","334829","20221005094000","24","0","新竹縣","五峰鄉","121.090","24.565","35"
"11","334833","20221005094000","15","0","新竹縣","五峰鄉","121.110","24.565","17"
"25","334864","20221005094000","17","2","新竹縣","五峰鄉","121.085","24.580","17"
"108","334868","20221005094000","79","2","新竹縣","五峰鄉","121.105","24.580","89"
"16","334869","20221005094000","19","0","新竹縣","五峰鄉","121.110","24.580","18"
"71","334891","20221005094000","69","1","新竹縣","五峰鄉","121.115","24.590","94"
"84","334969","20221005094000","96","0","新竹縣","五峰鄉","121.125","24.590","142"
"50","335076","20221005094000","29","3","新竹縣","五峰鄉","121.155","24.610","61"
"67","335109","20221005094000","48","2","新竹縣","五峰鄉","121.110","24.620","67"
"28","335134","20221005094000","24","1","新竹縣","五峰鄉","121.145","24.625","28"
"72","335187","20221005094000","68","1","新竹縣","五峰鄉","121.150","24.645","69"
"87","335195","20221005094000","81","1","新竹縣","竹東鎮","121.125","24.650","98"
"30","335200","20221005094000","47","0","新竹縣","五峰鄉","121.150","24.650","39"
"72","335230","20221005094000","77","0","新竹縣","五峰鄉","121.180","24.655","81"
"159","335366","20221005094000","149","1","桃園市","復興區","121.400","24.640","204"
"32","335480","20221005094000","18","3","苗栗縣","三灣鄉","120.960","24.610","34"
"13","335488","20221005094000","72","0","苗栗縣","三灣鄉","120.950","24.615","11"
"161","335520","20221005094000","90","3","苗栗縣","三灣鄉","120.925","24.640","158"
"293","335553","20221005094000","251","1","苗栗縣","三灣鄉","121.005","24.645","335"
"183","335569","20221005094000","837","0","苗栗縣","三灣鄉","120.955","24.650","201"
"114","335581","20221005094000","42","3","苗栗縣","三灣鄉","120.945","24.655","96"
"154","335594","20221005094000","89","3","苗栗縣","三灣鄉","120.975","24.645","138"
"151","335619","20221005094000","99","3","苗栗縣","三灣鄉","120.905","24.625","164"
"328","335630","20221005094000","214","3","苗栗縣","後龍鎮","120.770","24.615","340"
"116","335632","20221005094000","77","3","苗栗縣","後龍鎮","120.765","24.620","141"
"1103","335635","20221005094000","1097","1","苗栗縣","後龍鎮","120.780","24.620","1051"
"37","335639","20221005094000","1046","0","苗栗縣","後龍鎮","120.780","24.625","37"
"217","335647","20221005094000","327","0","苗栗縣","苗栗市","120.830","24.560","248"
"417","335648","20221005094000","352","1","苗栗縣","苗栗市","120.835","24.560","579"
"570","335652","20221005094000","522","1","苗栗縣","苗栗市","120.825","24.585","592"
"405","335655","20221005094000","378","1","苗栗縣","苗栗市","120.815","24.595","447"
"555","335657","20221005094000","446","2","苗栗縣","苗栗市","120.825","24.595","543"
"607","335658","20221005094000","300","3","苗栗縣","苗栗市","120.825","24.575","623"
"397","335660","20221005094000","955","0","苗栗縣","苗栗市","120.825","24.580","392"
"171","335662","20221005094000","164","1","苗栗縣","苗栗市","120.810","24.560","154"
"2133","335663","20221005094000","2705","0","苗栗縣","苗栗市","120.815","24.560","2091"
"11","335664","20221005094000","173","0","苗栗縣","苗栗市","120.805","24.565","14"
"164","335666","20221005094000","325","0","苗栗縣","通霄鎮","120.715","24.560","172"
"75","335669","20221005094000","51","2","苗栗縣","通霄鎮","120.715","24.565","65"
"28","335671","20221005094000","165","0","苗栗縣","通霄鎮","120.710","24.570","15"
"206","335675","20221005094000","129","3","苗栗縣","通霄鎮","120.710","24.565","141"
"135","335689","20221005094000","121","1","苗栗縣","南庄鄉","121.005","24.615","123"
"112","335701","20221005094000","71","3","苗栗縣","南庄鄉","121.010","24.635","125"
"2660","335706","20221005094000","2157","2","苗栗縣","苗栗市","120.820","24.565","2422"
"119","335707","20221005094000","1029","0","苗栗縣","苗栗市","120.820","24.570","106"
"975","335708","20221005094000","868","1","苗栗縣","苗栗市","120.820","24.575","926"
"397","335717","20221005094000","349","1","苗栗縣","後龍鎮","120.775","24.650","476"
"29","335748","20221005094000","210","0","苗栗縣","南庄鄉","120.985","24.635","25"
"700","335753","20221005094000","401","3","苗栗縣","苗栗市","120.830","24.575","680"
"162","335754","20221005094000","114","2","苗栗縣","苗栗市","120.830","24.580","170"
"96","335762","20221005094000","1697","0","苗栗縣","苗栗市","120.830","24.570","88"
"858","335763","20221005094000","648","2","苗栗縣","苗栗市","120.835","24.570","778"
"74","335766","20221005094000","249","0","苗栗縣","苗栗市","120.840","24.575","60"
"24","335767","20221005094000","231","0","苗栗縣","苗栗市","120.835","24.580","26"
"38","335776","20221005094000","210","0","苗栗縣","頭屋鄉","120.845","24.595","39"
"83","335787","20221005094000","50","3","苗栗縣","頭屋鄉","120.860","24.570","76"
"25","335795","20221005094000","157","0","苗栗縣","頭屋鄉","120.855","24.580","23"
"145","335796","20221005094000","106","2","苗栗縣","頭屋鄉","120.860","24.580","130"
"42","335799","20221005094000","280","0","苗栗縣","頭屋鄉","120.875","24.580","27"
"95","335801","20221005094000","284","0","苗栗縣","頭屋鄉","120.850","24.570","95"
"21","335802","20221005094000","79","0","苗栗縣","頭屋鄉","120.855","24.570","14"
"226","335804","20221005094000","379","0","苗栗縣","頭屋鄉","120.850","24.575","206"
"124","335805","20221005094000","313","0","苗栗縣","頭屋鄉","120.855","24.575","108"
"127","335817","20221005094000","119","1","苗栗縣","後龍鎮","120.730","24.590","132"
"191","335832","20221005094000","144","2","苗栗縣","後龍鎮","120.735","24.605","243"
"11","335881","20221005094000","73","0","苗栗縣","南庄鄉","120.985","24.570","10"
"14","335884","20221005094000","29","0","苗栗縣","南庄鄉","121.000","24.570","14"
"17","335915","20221005094000","148","0","苗栗縣","南庄鄉","120.995","24.585","18"
"26","335931","20221005094000","136","0","苗栗縣","南庄鄉","121.015","24.595","22"
"513","335948","20221005094000","356","2","苗栗縣","南庄鄉","120.955","24.640","550"
"644","335954","20221005094000","392","3","苗栗縣","南庄鄉","121.000","24.600","561"
"450","335959","20221005094000","428","1","苗栗縣","南庄鄉","121.000","24.605","413"
"39","336014","20221005094000","28","2","苗栗縣","南庄鄉","121.035","24.585","48"
"28","336050","20221005094000","86","0","苗栗縣","南庄鄉","121.040","24.600","23"
"337","336097","20221005094000","190","3","苗栗縣","南庄鄉","121.035","24.620","358"
"39","336103","20221005094000","35","1","苗栗縣","南庄鄉","121.020","24.620","36"
"84","336149","20221005094000","176","0","苗栗縣","頭屋鄉","120.890","24.585","73"
"393","336180","20221005094000","212","3","苗栗縣","頭屋鄉","120.885","24.600","334"
"36","336185","20221005094000","373","0","苗栗縣","頭屋鄉","120.845","24.560","29"
"59","336218","20221005094000","54","1","苗栗縣","頭屋鄉","120.895","24.570","54"
"27","336244","20221005094000","265","0","苗栗縣","頭份鎮","120.880","24.645","25"
"161","336248","20221005094000","184","0","苗栗縣","頭份鎮","120.880","24.650","125"
"349","336249","20221005094000","355","0","苗栗縣","頭份鎮","120.885","24.650","407"
"15","336255","20221005094000","13","1","苗栗縣","頭份鎮","120.895","24.650","15"
"803","336266","20221005094000","958","0","苗栗縣","後龍鎮","120.785","24.610","795"
"27","336275","20221005094000","18","3","苗栗縣","後龍鎮","120.825","24.615","51"
"456","336278","20221005094000","409","1","苗栗縣","後龍鎮","120.810","24.620","444"
"234","336282","20221005094000","275","0","苗栗縣","造橋鄉","120.815","24.625","230"
"1346","336283","20221005094000","1160","1","苗栗縣","苗栗市","120.810","24.565","1401"
"1095","336284","20221005094000","916","1","苗栗縣","苗栗市","120.815","24.565","1170"
"125","336285","20221005094000","126","0","苗栗縣","苗栗市","120.805","24.570","152"
"28","336287","20221005094000","657","0","苗栗縣","苗栗市","120.815","24.570","21"
"49","336288","20221005094000","59","0","苗栗縣","苗栗市","120.810","24.575","52"
"558","336292","20221005094000","549","1","苗栗縣","苗栗市","120.810","24.585","590"
"432","336295","20221005094000","392","1","苗栗縣","苗栗市","120.810","24.590","462"
"37","336298","20221005094000","373","0","苗栗縣","苗栗市","120.810","24.595","37"
"14","336318","20221005094000","16","0","苗栗縣","苗栗市","120.795","24.580","14"
"23","336323","20221005094000","34","0","苗栗縣","苗栗市","120.795","24.585","14"
"452","336331","20221005094000","838","0","苗栗縣","苗栗市","120.825","24.570","395"
"17","336351","20221005094000","152","0","苗栗縣","後龍鎮","120.800","24.645","20"
"126","336352","20221005094000","397","0","苗栗縣","後龍鎮","120.805","24.645","121"
"170","336359","20221005094000","82","3","苗栗縣","後龍鎮","120.805","24.650","195"
"2024","336369","20221005094000","1624","2","苗栗縣","後龍鎮","120.790","24.610","2045"
"70","336376","20221005094000","325","0","苗栗縣","後龍鎮","120.810","24.610","60"
"307","336382","20221005094000","297","1","苗栗縣","後龍鎮","120.800","24.625","323"
"178","336386","20221005094000","125","2","苗栗縣","後龍鎮","120.800","24.630","183"
"34","336390","20221005094000","170","0","苗栗縣","後龍鎮","120.800","24.635","32"
"283","336395","20221005094000","155","3","苗栗縣","後龍鎮","120.825","24.605","190"
"165","336400","20221005094000","207","0","苗栗縣","後龍鎮","120.825","24.610","197"
"80","336426","20221005094000","296","0","苗栗縣","造橋鄉","120.890","24.620","89"
"226","336440","20221005094000","132","3","苗栗縣","造橋鄉","120.925","24.600","247"
"65","336466","20221005094000","43","3","苗栗縣","造橋鄉","120.910","24.620","74"
"84","336470","20221005094000","281","0","苗栗縣","造橋鄉","120.865","24.605","84"
"362","336492","20221005094000","110","3","苗栗縣","造橋鄉","120.855","24.620","334"
"11","336494","20221005094000","59","0","苗栗縣","造橋鄉","120.865","24.620","11"
"40","336501","20221005094000","289","0","苗栗縣","造橋鄉","120.865","24.630","44"
"47","336504","20221005094000","36","2","苗栗縣","造橋鄉","120.860","24.645","68"
"568","336511","20221005094000","271","3","苗栗縣","造橋鄉","120.860","24.655","558"
"198","336512","20221005094000","125","3","苗栗縣","造橋鄉","120.865","24.655","199"
"211","336520","20221005094000","102","3","苗栗縣","造橋鄉","120.850","24.645","203"
"293","336523","20221005094000","204","2","苗栗縣","造橋鄉","120.845","24.650","276"
"76","336526","20221005094000","408","0","苗栗縣","造橋鄉","120.840","24.650","82"
"63","336531","20221005094000","85","0","苗栗縣","造橋鄉","120.855","24.655","62"
"126","336542","20221005094000","171","0","苗栗縣","造橋鄉","120.840","24.610","112"
"25","336543","20221005094000","26","0","苗栗縣","造橋鄉","120.845","24.610","19"
"57","336546","20221005094000","40","2","苗栗縣","造橋鄉","120.840","24.615","71"
"18","336549","20221005094000","20","0","苗栗縣","造橋鄉","120.830","24.620","16"
"169","336556","20221005094000","167","1","苗栗縣","造橋鄉","120.840","24.625","189"
"13","336557","20221005094000","10","2","苗栗縣","造橋鄉","120.845","24.625","12"
"186","336559","20221005094000","139","2","苗栗縣","造橋鄉","120.855","24.625","196"
"15","336561","20221005094000","47","0","苗栗縣","造橋鄉","120.855","24.630","11"
"154","336569","20221005094000","87","3","苗栗縣","造橋鄉","120.860","24.640","140"
"273","336572","20221005094000","205","2","苗栗縣","造橋鄉","120.875","24.640","272"
"286","336573","20221005094000","146","3","苗栗縣","造橋鄉","120.865","24.645","297"
"168","336574","20221005094000","181","0","苗栗縣","造橋鄉","120.870","24.645","146"
"129","336587","20221005094000","50","3","苗栗縣","造橋鄉","120.820","24.630","178"
"21","336597","20221005094000","124","0","苗栗縣","造橋鄉","120.825","24.640","26"
"45","336604","20221005094000","16","3","苗栗縣","造橋鄉","120.840","24.645","45"
"29","336605","20221005094000","124","0","苗栗縣","造橋鄉","120.830","24.650","31"
"306","336610","20221005094000","112","3","苗栗縣","造橋鄉","120.840","24.655","427"
"10","336614","20221005094000","70","0","苗栗縣","獅潭鄉","120.940","24.560","10"
"63","336662","20221005094000","329","0","苗栗縣","獅潭鄉","120.940","24.590","54"
"149","336672","20221005094000","666","0","苗栗縣","頭份鎮","120.890","24.625","151"
"135","336679","20221005094000","147","0","苗栗縣","頭份鎮","120.885","24.635","164"
"156","336689","20221005094000","98","3","苗栗縣","頭份鎮","120.885","24.645","158"
"28","336694","20221005094000","33","0","苗栗縣","頭份鎮","120.905","24.650","23"
"31","336696","20221005094000","174","0","苗栗縣","後龍鎮","120.815","24.635","37"
"518","336716","20221005094000","319","3","苗栗縣","後龍鎮","120.765","24.590","388"
"117","336717","20221005094000","99","1","苗栗縣","後龍鎮","120.750","24.595","167"
"131","336734","20221005094000","102","2","苗栗縣","後龍鎮","120.760","24.635","132"
"54","336737","20221005094000","59","0","苗栗縣","後龍鎮","120.775","24.635","59"
"165","336741","20221005094000","101","3","苗栗縣","後龍鎮","120.770","24.640","189"
"552","336749","20221005094000","454","2","苗栗縣","後龍鎮","120.825","24.600","539"
"526","336751","20221005094000","297","3","苗栗縣","後龍鎮","120.815","24.605","494"
"19","336767","20221005094000","144","0","苗栗縣","後龍鎮","120.790","24.590","26"
"75","336777","20221005094000","516","0","苗栗縣","後龍鎮","120.780","24.600","73"
"324","336816","20221005094000","579","0","苗栗縣","西湖鄉","120.755","24.560","322"
"432","336818","20221005094000","280","3","苗栗縣","西湖鄉","120.755","24.565","384"
"276","336840","20221005094000","266","1","苗栗縣","苗栗市","120.825","24.560","234"
"72","336841","20221005094000","788","0","苗栗縣","後龍鎮","120.790","24.615","77"
"302","336849","20221005094000","320","0","苗栗縣","後龍鎮","120.735","24.570","295"
"71","336867","20221005094000","75","0","苗栗縣","後龍鎮","120.725","24.590","84"
"903","345384","20221005094000","688","2","宜蘭縣","員山鄉","121.730","24.730","895"
"479","345386","20221005094000","382","2","宜蘭縣","冬山鄉","121.750","24.655","496"
"906","345394","20221005094000","849","1","宜蘭縣","員山鄉","121.725","24.740","868"
"660","345398","20221005094000","531","2","宜蘭縣","員山鄉","121.725","24.745","664"
"212","345405","20221005094000","178","1","宜蘭縣","員山鄉","121.705","24.730","186"
"197","345413","20221005094000","117","3","宜蘭縣","員山鄉","121.715","24.735","189"
"277","345414","20221005094000","336","0","宜蘭縣","員山鄉","121.720","24.735","303"
"35","345418","20221005094000","469","0","宜蘭縣","宜蘭市","121.760","24.755","32"
"1602","345419","20221005094000","2010","0","宜蘭縣","宜蘭市","121.755","24.755","1656"
"237","345420","20221005094000","219","1","宜蘭縣","員山鄉","121.730","24.710","241"
"502","345431","20221005094000","450","1","宜蘭縣","宜蘭市","121.740","24.725","493"
"115","345442","20221005094000","97","1","宜蘭縣","員山鄉","121.630","24.690","111"
"31","345460","20221005094000","35","0","宜蘭縣","員山鄉","121.645","24.700","18"
"125","345472","20221005094000","104","2","宜蘭縣","員山鄉","121.645","24.705","121"
"76","345493","20221005094000","97","0","宜蘭縣","員山鄉","121.665","24.710","79"
"44","345545","20221005094000","99","0","宜蘭縣","員山鄉","121.680","24.715","61"
"552","345546","20221005094000","464","1","宜蘭縣","員山鄉","121.685","24.715","554"
"543","345550","20221005094000","414","2","宜蘭縣","員山鄉","121.685","24.720","539"
"1053","345564","20221005094000","756","2","宜蘭縣","冬山鄉","121.705","24.655","1075"
"340","345567","20221005094000","334","1","宜蘭縣","冬山鄉","121.745","24.670","336"
"31","345571","20221005094000","201","0","宜蘭縣","羅東鎮","121.750","24.685","32"
"19","345574","20221005094000","28","0","宜蘭縣","冬山鄉","121.730","24.660","20"
"380","345575","20221005094000","339","1","宜蘭縣","冬山鄉","121.735","24.660","418"
"466","345579","20221005094000","447","1","宜蘭縣","冬山鄉","121.745","24.665","474"
"721","345580","20221005094000","424","3","宜蘭縣","冬山鄉","121.750","24.670","635"
"344","345593","20221005094000","256","2","宜蘭縣","冬山鄉","121.735","24.680","338"
"204","345596","20221005094000","211","0","宜蘭縣","冬山鄉","121.730","24.685","233"
"392","345600","20221005094000","217","3","宜蘭縣","冬山鄉","121.740","24.690","390"
"61","345608","20221005094000","144","0","宜蘭縣","壯圍鄉","121.780","24.725","57"
"649","345621","20221005094000","388","3","宜蘭縣","宜蘭市","121.755","24.765","601"
"460","345623","20221005094000","492","0","宜蘭縣","三星鄉","121.685","24.700","469"
"213","345646","20221005094000","163","2","宜蘭縣","五結鄉","121.775","24.700","224"
"61","345649","20221005094000","185","0","宜蘭縣","五結鄉","121.790","24.700","57"
"282","345652","20221005094000","243","1","宜蘭縣","五結鄉","121.785","24.705","267"
"225","345678","20221005094000","250","0","宜蘭縣","三星鄉","121.675","24.685","230"
"269","345685","20221005094000","398","0","宜蘭縣","三星鄉","121.670","24.690","251"
"39","345695","20221005094000","165","0","宜蘭縣","三星鄉","121.685","24.695","38"
"248","345711","20221005094000","182","2","宜蘭縣","三星鄉","121.630","24.665","265"
"1100","345715","20221005094000","1104","0","宜蘭縣","宜蘭市","121.755","24.760","1054"
"389","345716","20221005094000","339","1","宜蘭縣","三星鄉","121.655","24.670","403"
"1601","345720","20221005094000","1437","1","宜蘭縣","三星鄉","121.650","24.665","1468"
"645","345726","20221005094000","714","0","宜蘭縣","壯圍鄉","121.815","24.760","705"
"224","345731","20221005094000","267","0","宜蘭縣","大同鄉","121.600","24.675","246"
"261","345738","20221005094000","210","2","宜蘭縣","大同鄉","121.610","24.680","229"
"112","345857","20221005094000","104","1","宜蘭縣","大同鄉","121.580","24.655","124"
"109","345897","20221005094000","102","1","宜蘭縣","大同鄉","121.590","24.665","134"
"29","345918","20221005094000","51","0","宜蘭縣","大同鄉","121.590","24.670","43"
"296","345998","20221005094000","294","1","宜蘭縣","宜蘭市","121.745","24.760","276"
"315","346004","20221005094000","346","0","宜蘭縣","壯圍鄉","121.820","24.725","345"
"469","346010","20221005094000","435","1","宜蘭縣","員山鄉","121.685","24.730","493"
"437","346029","20221005094000","236","3","宜蘭縣","員山鄉","121.705","24.710","361"
"171","346033","20221005094000","146","1","宜蘭縣","員山鄉","121.725","24.710","154"
"870","346041","20221005094000","782","1","宜蘭縣","員山鄉","121.720","24.725","937"
"227","346048","20221005094000","172","2","宜蘭縣","員山鄉","121.700","24.745","236"
"108","346057","20221005094000","193","0","宜蘭縣","員山鄉","121.700","24.755","467"
"16","346150","20221005094000","19","0","宜蘭縣","員山鄉","121.670","24.745","26"
"228","346153","20221005094000","205","1","宜蘭縣","員山鄉","121.685","24.745","243"
"18","346158","20221005094000","44","0","宜蘭縣","員山鄉","121.610","24.750","12"
"19","346174","20221005094000","38","0","宜蘭縣","員山鄉","121.590","24.755","25"
"47","346184","20221005094000","75","0","宜蘭縣","員山鄉","121.640","24.755","110"
"142","346231","20221005094000","112","2","宜蘭縣","冬山鄉","121.790","24.655","132"
"355","346234","20221005094000","357","0","宜蘭縣","冬山鄉","121.805","24.655","331"
"796","346247","20221005094000","784","1","宜蘭縣","羅東鎮","121.775","24.685","793"
"231","346248","20221005094000","172","2","宜蘭縣","五結鄉","121.775","24.690","184"
"899","346251","20221005094000","719","2","宜蘭縣","五結鄉","121.770","24.695","933"
"400","346252","20221005094000","325","2","宜蘭縣","五結鄉","121.775","24.695","388"
"3823","346254","20221005094000","4177","0","宜蘭縣","羅東鎮","121.770","24.680","3954"
"24","346256","20221005094000","17","2","宜蘭縣","員山鄉","121.720","24.760","29"
"2795","346259","20221005094000","2055","2","宜蘭縣","五結鄉","121.770","24.705","2737"
"93","346261","20221005094000","659","0","宜蘭縣","五結鄉","121.785","24.685","98"
"1961","346263","20221005094000","1836","1","宜蘭縣","五結鄉","121.795","24.685","1898"
"875","346264","20221005094000","763","1","宜蘭縣","五結鄉","121.800","24.685","908"
"1395","346266","20221005094000","1290","1","宜蘭縣","五結鄉","121.795","24.690","1408"
"571","346267","20221005094000","564","1","宜蘭縣","五結鄉","121.795","24.695","611"
"822","346274","20221005094000","1044","0","宜蘭縣","五結鄉","121.820","24.665","883"
"11","346275","20221005094000","11","1","宜蘭縣","五結鄉","121.825","24.665","12"
"497","346280","20221005094000","416","1","宜蘭縣","五結鄉","121.810","24.675","513"
"99","346281","20221005094000","90","1","宜蘭縣","五結鄉","121.815","24.675","122"
"303","346284","20221005094000","321","0","宜蘭縣","五結鄉","121.815","24.680","360"
"188","346286","20221005094000","148","2","宜蘭縣","五結鄉","121.800","24.680","187"
"34","346292","20221005094000","331","0","宜蘭縣","壯圍鄉","121.795","24.760","40"
"206","346360","20221005094000","247","0","宜蘭縣","壯圍鄉","121.815","24.745","209"
"30","346378","20221005094000","22","2","宜蘭縣","壯圍鄉","121.805","24.765","38"
"2391","346379","20221005094000","2141","1","宜蘭縣","宜蘭市","121.750","24.750","2279"
"346","346389","20221005094000","305","1","宜蘭縣","五結鄉","121.810","24.700","358"
"136","346394","20221005094000","184","0","宜蘭縣","五結鄉","121.830","24.675","150"
"445","346399","20221005094000","626","0","宜蘭縣","五結鄉","121.825","24.680","438"
"31","346400","20221005094000","62","0","宜蘭縣","五結鄉","121.830","24.680","43"
"13","346401","20221005094000","18","0","宜蘭縣","五結鄉","121.835","24.680","13"
"48","346403","20221005094000","65","0","宜蘭縣","五結鄉","121.825","24.685","49"
"94","346410","20221005094000","62","3","宜蘭縣","五結鄉","121.835","24.655","88"
"640","346413","20221005094000","596","1","宜蘭縣","五結鄉","121.835","24.660","627"
"317","346416","20221005094000","357","0","宜蘭縣","五結鄉","121.835","24.665","288"
"619","346420","20221005094000","746","0","宜蘭縣","五結鄉","121.795","24.680","675"
"653","346421","20221005094000","472","2","宜蘭縣","五結鄉","121.800","24.675","648"
"902","346423","20221005094000","547","3","宜蘭縣","五結鄉","121.785","24.680","921"
"491","346429","20221005094000","373","2","宜蘭縣","冬山鄉","121.775","24.660","579"
"115","346430","20221005094000","231","0","宜蘭縣","冬山鄉","121.770","24.665","137"
"241","346431","20221005094000","403","0","宜蘭縣","宜蘭市","121.745","24.755","234"
"337","346436","20221005094000","514","0","宜蘭縣","宜蘭市","121.750","24.740","315"
"1505","346437","20221005094000","1402","1","宜蘭縣","宜蘭市","121.750","24.760","1480"
"28","346440","20221005094000","49","0","宜蘭縣","冬山鄉","121.765","24.665","31"
"188","346442","20221005094000","214","0","宜蘭縣","冬山鄉","121.780","24.660","238"
"332","346443","20221005094000","277","1","宜蘭縣","冬山鄉","121.785","24.660","379"
"122","346456","20221005094000","172","0","宜蘭縣","宜蘭市","121.770","24.720","129"
"862","346457","20221005094000","794","1","宜蘭縣","宜蘭市","121.760","24.720","930"
"184","346458","20221005094000","244","0","宜蘭縣","宜蘭市","121.765","24.720","178"
"170","346461","20221005094000","181","0","宜蘭縣","五結鄉","121.820","24.695","149"
"149","346470","20221005094000","105","2","宜蘭縣","五結鄉","121.810","24.705","131"
"400","346472","20221005094000","364","1","宜蘭縣","五結鄉","121.820","24.705","436"
"300","346534","20221005094000","276","1","宜蘭縣","三星鄉","121.680","24.665","281"
"329","346538","20221005094000","241","2","宜蘭縣","三星鄉","121.680","24.670","359"
"297","346540","20221005094000","362","0","宜蘭縣","宜蘭市","121.740","24.760","293"
"251","346545","20221005094000","669","0","宜蘭縣","員山鄉","121.710","24.750","227"
"307","346553","20221005094000","196","3","宜蘭縣","員山鄉","121.715","24.760","322"
"591","346555","20221005094000","391","3","宜蘭縣","羅東鎮","121.765","24.690","545"
"629","346556","20221005094000","725","0","宜蘭縣","五結鄉","121.770","24.690","672"
"198","346558","20221005094000","165","2","宜蘭縣","壯圍鄉","121.800","24.730","194"
"1425","346566","20221005094000","1223","1","宜蘭縣","壯圍鄉","121.785","24.745","1445"
"335","346572","20221005094000","308","1","宜蘭縣","三星鄉","121.690","24.680","306"
"17","346590","20221005094000","13","2","宜蘭縣","三星鄉","121.695","24.660","15"
"492","346599","20221005094000","535","0","宜蘭縣","三星鄉","121.700","24.665","510"
"389","346607","20221005094000","357","1","宜蘭縣","三星鄉","121.710","24.670","408"
"521","346608","20221005094000","430","2","宜蘭縣","三星鄉","121.715","24.670","479"
"273","346611","20221005094000","184","2","宜蘭縣","冬山鄉","121.730","24.670","257"
"26","346623","20221005094000","13","3","宜蘭縣","三星鄉","121.615","24.660","23"
"513","346626","20221005094000","533","0","宜蘭縣","員山鄉","121.725","24.765","476"
"1704","346628","20221005094000","4063","0","宜蘭縣","羅東鎮","121.770","24.675","1710"
"2279","346629","20221005094000","2698","0","宜蘭縣","羅東鎮","121.760","24.680","2258"
"2437","346630","20221005094000","2382","1","宜蘭縣","羅東鎮","121.760","24.675","2466"
"429","346634","20221005094000","338","2","宜蘭縣","宜蘭市","121.775","24.735","395"
"711","346635","20221005094000","670","1","宜蘭縣","宜蘭市","121.765","24.740","714"
"1171","346642","20221005094000","1281","0","宜蘭縣","宜蘭市","121.770","24.750","1140"
"86","346652","20221005094000","93","0","宜蘭縣","壯圍鄉","121.805","24.720","76"
"2738","346668","20221005094000","2068","2","宜蘭縣","宜蘭市","121.750","24.755","2924"
"523","346672","20221005094000","659","0","宜蘭縣","冬山鄉","121.770","24.655","557"
"752","346673","20221005094000","619","2","宜蘭縣","冬山鄉","121.755","24.660","757"
"298","346674","20221005094000","261","1","宜蘭縣","冬山鄉","121.760","24.660","283"
"451","346675","20221005094000","335","2","宜蘭縣","冬山鄉","121.765","24.660","463"
"2099","346678","20221005094000","1393","3","宜蘭縣","羅東鎮","121.780","24.675","1887"
"466","346684","20221005094000","527","0","宜蘭縣","宜蘭市","121.770","24.725","436"
"479","346685","20221005094000","403","1","宜蘭縣","宜蘭市","121.765","24.725","476"
"2886","346692","20221005094000","2935","0","宜蘭縣","宜蘭市","121.755","24.745","2904"
"495","346698","20221005094000","273","3","宜蘭縣","三星鄉","121.725","24.690","469"
"603","346702","20221005094000","481","2","宜蘭縣","三星鄉","121.730","24.695","530"
"387","346710","20221005094000","387","1","宜蘭縣","羅東鎮","121.755","24.670","380"
"826","346712","20221005094000","914","0","宜蘭縣","羅東鎮","121.765","24.670","806"
"665","346713","20221005094000","501","2","宜蘭縣","五結鄉","121.800","24.690","634"
"870","346714","20221005094000","786","1","宜蘭縣","五結鄉","121.800","24.695","869"
"479","346718","20221005094000","474","1","宜蘭縣","五結鄉","121.790","24.705","482"
"185","346731","20221005094000","195","0","宜蘭縣","三星鄉","121.745","24.700","154"
"2011","346739","20221005094000","1892","1","新竹縣","竹東鎮","121.100","24.720","1897"
"255","346747","20221005094000","401","0","新竹縣","竹東鎮","121.035","24.760","257"
"2107","346754","20221005094000","1505","2","新竹縣","竹東鎮","121.090","24.745","2035"
"783","346790","20221005094000","730","1","新竹市","香山區","120.955","24.750","767"
"57","346791","20221005094000","109","0","新竹市","香山區","120.940","24.755","48"
"162","346792","20221005094000","156","1","新竹市","香山區","120.945","24.755","165"
"1219","346793","20221005094000","1491","0","新竹市","香山區","120.950","24.755","1280"
"109","346794","20221005094000","88","2","新竹市","香山區","120.920","24.720","107"
"619","346797","20221005094000","544","1","新竹市","香山區","120.915","24.730","658"
"188","346804","20221005094000","170","1","新竹市","香山區","120.915","24.735","164"
"472","346806","20221005094000","627","0","新竹市","香山區","120.915","24.740","484"
"932","346812","20221005094000","670","2","新竹市","香山區","120.910","24.745","918"
"120","346817","20221005094000","158","0","新竹市","香山區","120.880","24.735","109"
"340","346825","20221005094000","373","0","新竹市","香山區","120.895","24.740","349"
"34","346841","20221005094000","75","0","新竹市","香山區","120.930","24.725","25"
"195","346860","20221005094000","150","2","新竹縣","關西鎮","121.210","24.760","217"
"19","346863","20221005094000","20","0","新竹縣","關西鎮","121.225","24.760","16"
"59","346867","20221005094000","82","0","新竹縣","關西鎮","121.215","24.765","165"
"90","346868","20221005094000","73","2","新竹縣","關西鎮","121.220","24.765","107"
"79","346896","20221005094000","53","2","新竹縣","關西鎮","121.240","24.765","77"
"201","346907","20221005094000","180","1","新竹縣","關西鎮","121.230","24.770","198"
"12","346917","20221005094000","33","0","桃園市","復興區","121.280","24.770","12"
"6935","346918","20221005094000","5379","2","新竹市","東區","121.020","24.760","6022"
"612","346919","20221005094000","554","1","新竹市","東區","121.025","24.760","647"
"2609","346920","20221005094000","3403","0","新竹市","東區","121.020","24.765","2822"
"3900","346921","20221005094000","4705","0","新竹市","東區","121.025","24.765","4107"
"35061","346922","20221005094000","26743","2","新竹市","東區","121.015","24.770","35278"
"5638","346923","20221005094000","7968","0","新竹市","東區","121.020","24.770","5526"
"3437","346924","20221005094000","3350","1","新竹市","東區","121.025","24.770","3471"
"56","346936","20221005094000","546","0","新竹縣","橫山鄉","121.100","24.710","50"
"378","346937","20221005094000","390","0","新竹縣","竹東鎮","121.100","24.715","575"
"355","346949","20221005094000","404","0","新竹縣","橫山鄉","121.180","24.705","391"
"170","346961","20221005094000","197","0","新竹縣","橫山鄉","121.165","24.710","175"
"246","346964","20221005094000","256","0","新竹縣","橫山鄉","121.150","24.715","230"
"14","346967","20221005094000","29","0","新竹縣","橫山鄉","121.165","24.715","14"
"503","347497","20221005094000","591","0","新竹市","東區","120.975","24.765","510"
"422","347498","20221005094000","250","3","新竹市","東區","120.980","24.765","393"
"288","347499","20221005094000","218","2","新竹市","東區","120.970","24.770","250"
"1279","347500","20221005094000","997","2","新竹市","東區","120.975","24.770","1248"
"435","347505","20221005094000","326","2","新竹市","東區","120.965","24.765","421"
"565","347506","20221005094000","665","0","新竹市","東區","120.970","24.765","556"
"70","347507","20221005094000","37","3","新竹市","東區","120.965","24.770","66"
"813","347508","20221005094000","942","0","新竹縣","竹東鎮","121.085","24.735","1030"
"223","347515","20221005094000","291","0","新竹縣","竹東鎮","121.075","24.725","201"
"373","347520","20221005094000","465","0","新竹縣","竹東鎮","121.090","24.730","393"
"933","347521","20221005094000","821","1","新竹縣","竹東鎮","121.085","24.740","892"
"1416","347522","20221005094000","593","3","新竹縣","竹東鎮","121.100","24.745","1182"
"398","347533","20221005094000","449","0","新竹縣","芎林鄉","121.125","24.725","376"
"340","347538","20221005094000","392","0","新竹縣","芎林鄉","121.120","24.735","345"
"538","347547","20221005094000","583","0","新竹縣","芎林鄉","121.135","24.745","529"
"131","347573","20221005094000","92","2","新竹縣","關西鎮","121.185","24.755","99"
"264","347621","20221005094000","84","3","新竹縣","關西鎮","121.195","24.750","181"
"107","347640","20221005094000","162","0","新竹縣","關西鎮","121.180","24.745","137"
"55","347650","20221005094000","28","3","新竹縣","關西鎮","121.170","24.755","53"
"103","347665","20221005094000","80","2","新竹縣","關西鎮","121.170","24.765","167"
"128","347670","20221005094000","138","0","新竹縣","關西鎮","121.170","24.770","139"
"3659","347702","20221005094000","3138","1","新竹縣","竹東鎮","121.090","24.740","3660"
"212","347705","20221005094000","204","1","新竹縣","竹東鎮","121.100","24.695","207"
"1627","347714","20221005094000","2679","0","新竹縣","竹東鎮","121.050","24.770","1674"
"135","347720","20221005094000","93","2","新竹縣","寶山鄉","121.030","24.735","130"
"15","347723","20221005094000","100","0","新竹縣","寶山鄉","121.020","24.740","19"
"279","347740","20221005094000","232","2","新竹縣","寶山鄉","121.030","24.750","299"
"12","347750","20221005094000","16","0","新竹縣","寶山鄉","120.970","24.715","12"
"137","347774","20221005094000","99","2","新竹縣","寶山鄉","121.050","24.730","117"
"116","347788","20221005094000","72","3","新竹縣","寶山鄉","121.040","24.745","115"
"112","347794","20221005094000","73","3","新竹縣","寶山鄉","121.045","24.745","96"
"116","347805","20221005094000","249","0","新竹縣","寶山鄉","120.960","24.725","120"
"225","347806","20221005094000","78","3","新竹縣","寶山鄉","120.965","24.725","198"
"41","347808","20221005094000","22","3","新竹縣","寶山鄉","120.975","24.725","28"
"228","347809","20221005094000","172","2","新竹縣","寶山鄉","120.980","24.725","284"
"321","347812","20221005094000","188","3","新竹縣","寶山鄉","120.965","24.730","311"
"27","347817","20221005094000","16","3","新竹縣","寶山鄉","120.965","24.735","33"
"47","347818","20221005094000","136","0","新竹縣","寶山鄉","120.970","24.735","38"
"53","347821","20221005094000","37","2","新竹縣","寶山鄉","120.985","24.735","54"
"246","347823","20221005094000","173","2","新竹縣","寶山鄉","120.970","24.740","201"
"115","347832","20221005094000","76","3","新竹縣","寶山鄉","120.980","24.745","91"
"120","347835","20221005094000","109","1","新竹縣","寶山鄉","120.980","24.755","115"
"82","347842","20221005094000","84","0","新竹縣","寶山鄉","121.000","24.715","86"
"142","347845","20221005094000","72","3","新竹縣","寶山鄉","121.015","24.715","107"
"583","347878","20221005094000","465","2","新竹縣","寶山鄉","120.940","24.725","556"
"36","347882","20221005094000","30","2","新竹縣","寶山鄉","120.945","24.740","39"
"113","347889","20221005094000","105","1","新竹縣","寶山鄉","120.960","24.745","129"
"17","347900","20221005094000","48","0","新竹縣","北埔鄉","121.055","24.670","31"
"1021","347925","20221005094000","968","1","新竹縣","北埔鄉","121.055","24.695","1089"
"150","347926","20221005094000","136","1","新竹縣","北埔鄉","121.045","24.700","140"
"214","347927","20221005094000","154","2","新竹縣","北埔鄉","121.050","24.700","215"
"38","347930","20221005094000","19","3","新竹縣","北埔鄉","121.045","24.705","45"
"11","347931","20221005094000","20","0","新竹縣","北埔鄉","121.050","24.705","15"
"100","347934","20221005094000","78","2","新竹縣","北埔鄉","121.045","24.715","108"
"257","347949","20221005094000","237","1","新竹縣","北埔鄉","121.065","24.675","275"
"353","347958","20221005094000","325","1","新竹縣","橫山鄉","121.130","24.725","354"
"339","347976","20221005094000","350","0","新竹縣","橫山鄉","121.140","24.720","359"
"91","347986","20221005094000","29","3","新竹縣","橫山鄉","121.130","24.700","89"
"180","347995","20221005094000","296","0","新竹縣","橫山鄉","121.115","24.710","195"
"366","348000","20221005094000","350","1","新竹縣","橫山鄉","121.110","24.715","382"
"100","348001","20221005094000","110","0","新竹縣","橫山鄉","121.115","24.715","107"
"46","348006","20221005094000","128","0","新竹縣","橫山鄉","121.115","24.720","46"
"314","348007","20221005094000","426","0","新竹縣","橫山鄉","121.120","24.720","297"
"23","348008","20221005094000","35","0","新竹縣","橫山鄉","121.125","24.720","16"
"307","348022","20221005094000","250","2","新竹縣","橫山鄉","121.160","24.740","312"
"104","348032","20221005094000","73","2","新竹縣","橫山鄉","121.165","24.745","101"
"83","348040","20221005094000","65","2","新竹縣","橫山鄉","121.105","24.680","81"
"57","348074","20221005094000","40","2","新竹縣","橫山鄉","121.165","24.730","55"
"20","348083","20221005094000","19","1","新竹縣","橫山鄉","121.180","24.735","20"
"13","348089","20221005094000","20","0","新竹縣","關西鎮","121.185","24.740","24"
"293","348136","20221005094000","144","3","新竹縣","橫山鄉","121.140","24.700","268"
"1282","348137","20221005094000","1155","1","新竹縣","竹東鎮","121.095","24.735","1191"
"1683","348138","20221005094000","1555","1","新竹縣","竹東鎮","121.100","24.735","1648"
"55","348144","20221005094000","24","3","新竹縣","芎林鄉","121.110","24.770","45"
"582","348163","20221005094000","677","0","新竹縣","芎林鄉","121.085","24.765","612"
"54","348164","20221005094000","25","3","新竹縣","芎林鄉","121.085","24.770","56"
"354","348165","20221005094000","366","0","新竹縣","芎林鄉","121.095","24.760","396"
"122","348190","20221005094000","64","3","新竹縣","芎林鄉","121.125","24.755","108"
"13","348191","20221005094000","14","0","新竹縣","芎林鄉","121.130","24.755","13"
"295","348207","20221005094000","292","1","新竹縣","寶山鄉","120.985","24.750","270"
"259","348212","20221005094000","304","0","新竹縣","寶山鄉","120.995","24.755","253"
"968","348213","20221005094000","916","1","新竹縣","寶山鄉","120.985","24.760","981"
"646","348217","20221005094000","670","0","新竹縣","寶山鄉","120.990","24.765","688"
"326","348225","20221005094000","324","1","新竹縣","尖石鄉","121.200","24.705","338"
"65","348272","20221005094000","48","2","新竹縣","尖石鄉","121.225","24.730","64"
"51","348276","20221005094000","42","2","新竹縣","尖石鄉","121.245","24.730","54"
"23","348280","20221005094000","10","3","新竹縣","尖石鄉","121.230","24.735","26"
"75","348320","20221005094000","35","3","新竹縣","尖石鄉","121.260","24.705","51"
"91","348345","20221005094000","94","0","新竹縣","尖石鄉","121.270","24.715","79"
"119","348353","20221005094000","105","1","新竹縣","尖石鄉","121.250","24.720","103"
"87","348419","20221005094000","87","1","新竹縣","尖石鄉","121.265","24.745","85"
"31","348461","20221005094000","24","2","新竹縣","尖石鄉","121.185","24.665","31"
"41","348468","20221005094000","31","2","新竹縣","尖石鄉","121.195","24.670","30"
"21","348469","20221005094000","18","1","新竹縣","尖石鄉","121.200","24.670","21"
"54","348470","20221005094000","55","0","新竹縣","尖石鄉","121.205","24.670","33"
"84","348506","20221005094000","57","2","新竹縣","尖石鄉","121.350","24.660","84"
"73","348549","20221005094000","50","2","新竹縣","尖石鄉","121.310","24.685","76"
"186","348577","20221005094000","160","1","新竹縣","尖石鄉","121.280","24.665","191"
"168","348584","20221005094000","147","1","新竹縣","五峰鄉","121.150","24.670","132"
"83","348588","20221005094000","37","3","新竹縣","尖石鄉","121.170","24.670","100"
"47","348599","20221005094000","36","2","新竹縣","尖石鄉","121.170","24.680","41"
"87","348600","20221005094000","96","0","新竹縣","尖石鄉","121.175","24.680","89"
"15","348608","20221005094000","12","2","新竹縣","尖石鄉","121.185","24.685","13"
"17","348686","20221005094000","15","1","新竹縣","尖石鄉","121.270","24.670","33"
"38","348708","20221005094000","47","0","新竹縣","尖石鄉","121.235","24.680","58"
"111","348711","20221005094000","84","2","新竹縣","尖石鄉","121.250","24.680","138"
"88","348720","20221005094000","138","0","新竹縣","尖石鄉","121.220","24.685","67"
"89","348736","20221005094000","65","2","新竹縣","尖石鄉","121.220","24.690","87"
"386","348785","20221005094000","250","3","新竹縣","尖石鄉","121.220","24.705","460"
"67","348819","20221005094000","22","3","新竹縣","峨眉鄉","121.035","24.695","67"
"34","348820","20221005094000","101","0","新竹縣","北埔鄉","121.040","24.695","34"
"71","348822","20221005094000","72","0","新竹縣","峨眉鄉","121.035","24.700","89"
"83","348831","20221005094000","55","3","新竹縣","峨眉鄉","120.985","24.685","86"
"47","348834","20221005094000","30","3","新竹縣","峨眉鄉","120.970","24.690","54"
"24","348835","20221005094000","12","3","新竹縣","峨眉鄉","120.975","24.690","28"
"94","348838","20221005094000","80","1","新竹縣","峨眉鄉","120.990","24.690","349"
"98","348845","20221005094000","71","2","新竹縣","峨眉鄉","120.985","24.700","97"
"58","348851","20221005094000","30","3","新竹縣","峨眉鄉","120.990","24.705","44"
"320","348861","20221005094000","357","0","新竹縣","峨眉鄉","121.025","24.685","320"
"303","348863","20221005094000","240","2","新竹縣","峨眉鄉","121.020","24.690","279"
"120","348870","20221005094000","99","2","新竹縣","北埔鄉","121.055","24.685","35"
"145","348889","20221005094000","119","2","新竹縣","北埔鄉","121.090","24.690","167"
"66","348892","20221005094000","50","2","新竹縣","北埔鄉","121.070","24.695","78"
"16","348903","20221005094000","13","2","新竹縣","北埔鄉","121.075","24.700","14"
"417","348909","20221005094000","461","0","新竹縣","北埔鄉","121.060","24.700","425"
"80","348910","20221005094000","44","3","新竹縣","北埔鄉","121.065","24.700","54"
"19","348919","20221005094000","20","0","新竹縣","北埔鄉","121.060","24.710","22"
"80","348944","20221005094000","29","3","新竹縣","寶山鄉","121.000","24.720","80"
"136","348947","20221005094000","105","2","新竹縣","寶山鄉","121.000","24.725","118"
"16","348952","20221005094000","33","0","新竹縣","寶山鄉","121.005","24.730","123"
"254","348957","20221005094000","191","2","新竹縣","寶山鄉","120.990","24.740","242"
"63","348958","20221005094000","43","2","新竹縣","寶山鄉","120.995","24.740","61"
"53","348969","20221005094000","54","0","新竹縣","寶山鄉","121.005","24.745","52"
"489","348971","20221005094000","855","0","新竹縣","寶山鄉","121.005","24.750","511"
"578","348978","20221005094000","567","1","新竹縣","寶山鄉","121.020","24.755","665"
"306","348983","20221005094000","468","0","新竹縣","寶山鄉","121.000","24.765","282"
"3100","348986","20221005094000","5704","0","新竹縣","寶山鄉","121.015","24.765","3104"
"1970","348987","20221005094000","2555","0","新竹縣","寶山鄉","121.000","24.770","1979"
"726","348988","20221005094000","324","3","新竹縣","寶山鄉","121.005","24.770","575"
"627","348989","20221005094000","2284","0","新竹縣","寶山鄉","121.010","24.770","598"
"55","348993","20221005094000","51","1","新竹縣","峨眉鄉","120.990","24.665","76"
"39","349000","20221005094000","22","3","新竹縣","峨眉鄉","120.995","24.670","27"
"173","349005","20221005094000","50","3","新竹縣","峨眉鄉","120.985","24.675","195"
"126","349012","20221005094000","110","1","新竹縣","峨眉鄉","120.990","24.680","163"
"110","349031","20221005094000","94","1","新竹縣","峨眉鄉","121.000","24.700","97"
"589","349060","20221005094000","549","1","新竹縣","竹東鎮","121.060","24.750","587"
"160","349062","20221005094000","172","0","新竹縣","竹東鎮","121.070","24.750","154"
"770","349066","20221005094000","861","0","新竹縣","竹東鎮","121.070","24.755","734"
"1261","349070","20221005094000","1105","1","新竹縣","竹東鎮","121.065","24.760","1187"
"3027","349073","20221005094000","2670","1","新竹縣","竹東鎮","121.060","24.765","2927"
"40","349074","20221005094000","73","0","新竹縣","竹東鎮","121.065","24.765","434"
"127","349079","20221005094000","101","2","新竹縣","竹東鎮","121.120","24.660","128"
"82","349087","20221005094000","194","0","新竹縣","竹東鎮","121.090","24.720","78"
"1269","349088","20221005094000","1357","0","新竹縣","竹東鎮","121.095","24.720","1627"
"1642","349089","20221005094000","1661","0","新竹縣","竹東鎮","121.090","24.725","1886"
"435","349090","20221005094000","464","0","新竹縣","竹東鎮","121.095","24.725","453"
"1628","349092","20221005094000","1315","2","新竹縣","竹東鎮","121.095","24.730","1658"
"332","349094","20221005094000","409","0","新竹縣","竹東鎮","121.105","24.730","361"
"255","349096","20221005094000","271","0","新竹縣","竹東鎮","121.055","24.755","239"
"159","349099","20221005094000","252","0","新竹縣","竹東鎮","121.045","24.765","169"
"505","349103","20221005094000","388","2","新竹縣","竹東鎮","121.060","24.770","514"
"383","349105","20221005094000","305","2","新竹縣","竹東鎮","121.080","24.735","368"
"12","349109","20221005094000","46","0","新竹縣","竹東鎮","121.080","24.740","14"
"86","349110","20221005094000","43","3","新竹縣","竹東鎮","121.075","24.745","77"
"626","349113","20221005094000","787","0","新竹縣","竹東鎮","121.080","24.745","635"
"1189","349114","20221005094000","998","1","新竹縣","竹東鎮","121.085","24.745","1201"
"275","349115","20221005094000","279","0","新竹縣","竹東鎮","121.080","24.750","321"
"540","349118","20221005094000","521","1","宜蘭縣","宜蘭市","121.780","24.750","545"
"946","349120","20221005094000","745","2","宜蘭縣","宜蘭市","121.765","24.755","922"
"366","349124","20221005094000","476","0","宜蘭縣","宜蘭市","121.765","24.760","375"
"347","349125","20221005094000","316","1","宜蘭縣","宜蘭市","121.770","24.760","348"
"544","349130","20221005094000","380","2","宜蘭縣","宜蘭市","121.760","24.725","549"
"531","349131","20221005094000","450","1","宜蘭縣","宜蘭市","121.755","24.730","567"
"64","349132","20221005094000","57","1","宜蘭縣","宜蘭市","121.760","24.730","54"
"736","349136","20221005094000","789","0","宜蘭縣","宜蘭市","121.755","24.740","658"
"449","349139","20221005094000","461","0","宜蘭縣","宜蘭市","121.735","24.755","501"
"1161","349140","20221005094000","1352","0","宜蘭縣","宜蘭市","121.740","24.755","1248"
"24","349143","20221005094000","38","0","宜蘭縣","羅東鎮","121.755","24.680","16"
"2462","349144","20221005094000","2122","1","宜蘭縣","羅東鎮","121.775","24.680","2424"
"1702","349145","20221005094000","1595","1","宜蘭縣","羅東鎮","121.775","24.675","1716"
"736","349146","20221005094000","690","1","宜蘭縣","羅東鎮","121.750","24.675","741"
"838","349147","20221005094000","807","1","宜蘭縣","羅東鎮","121.770","24.685","831"
"289","349149","20221005094000","140","3","宜蘭縣","羅東鎮","121.750","24.680","268"
"239","349158","20221005094000","91","3","新竹市","香山區","120.930","24.745","249"
"228","349160","20221005094000","173","2","新竹市","香山區","120.925","24.750","221"
"442","349162","20221005094000","284","3","新竹市","香山區","120.915","24.760","405"
"780","349166","20221005094000","796","0","新竹市","香山區","120.915","24.765","794"
"212","349176","20221005094000","218","0","新竹市","香山區","120.955","24.760","213"
"104","349177","20221005094000","125","0","新竹市","東區","120.960","24.760","72"
"757","349183","20221005094000","646","1","新竹市","香山區","120.955","24.770","751"
"45","349184","20221005094000","249","0","新竹市","香山區","120.960","24.770","220"
"17","349194","20221005094000","42","0","新竹市","香山區","120.905","24.760","17"
"77","349198","20221005094000","49","3","新竹市","香山區","120.930","24.760","56"
"57","349203","20221005094000","67","0","宜蘭縣","宜蘭市","121.765","24.745","53"
"2024","349204","20221005094000","2032","0","宜蘭縣","宜蘭市","121.760","24.750","1947"
"810","349205","20221005094000","641","2","宜蘭縣","宜蘭市","121.765","24.750","772"
"1411","349206","20221005094000","1726","0","宜蘭縣","羅東鎮","121.775","24.670","1638"
"1005","349207","20221005094000","974","1","宜蘭縣","羅東鎮","121.755","24.675","1054"
"390","349208","20221005094000","184","3","宜蘭縣","羅東鎮","121.755","24.690","400"
"70","349210","20221005094000","80","0","宜蘭縣","羅東鎮","121.755","24.695","54"
"531","349211","20221005094000","483","1","宜蘭縣","羅東鎮","121.760","24.695","550"
"838","349214","20221005094000","1494","0","宜蘭縣","羅東鎮","121.770","24.670","818"
"444","349216","20221005094000","551","0","宜蘭縣","羅東鎮","121.800","24.665","477"
"1049","349222","20221005094000","504","3","宜蘭縣","羅東鎮","121.795","24.675","1030"
"636","349224","20221005094000","658","0","宜蘭縣","羅東鎮","121.785","24.675","641"
"3140","349225","20221005094000","2449","2","宜蘭縣","羅東鎮","121.780","24.680","3260"
"1416","349227","20221005094000","1308","1","宜蘭縣","宜蘭市","121.750","24.745","1306"
"701","349228","20221005094000","722","0","宜蘭縣","員山鄉","121.735","24.745","681"
"1929","349229","20221005094000","2146","0","宜蘭縣","宜蘭市","121.740","24.745","1853"
"2432","349230","20221005094000","1817","2","宜蘭縣","宜蘭市","121.745","24.745","2363"
"419","349231","20221005094000","353","1","宜蘭縣","宜蘭市","121.730","24.750","397"
"1033","349232","20221005094000","1121","0","宜蘭縣","宜蘭市","121.735","24.750","1004"
"1156","349234","20221005094000","1111","1","宜蘭縣","羅東鎮","121.765","24.675","1193"
"644","349235","20221005094000","676","0","宜蘭縣","宜蘭市","121.760","24.760","647"
"893","349236","20221005094000","787","1","宜蘭縣","宜蘭市","121.750","24.765","817"
"497","349237","20221005094000","485","1","宜蘭縣","宜蘭市","121.745","24.750","510"
"524","349238","20221005094000","436","2","宜蘭縣","宜蘭市","121.760","24.765","489"
"540","349240","20221005094000","526","1","宜蘭縣","羅東鎮","121.755","24.685","545"
"33","349296","20221005094000","25","2","桃園市","復興區","121.350","24.760","36"
"60","349422","20221005094000","68","0","桃園市","復興區","121.390","24.660","94"
"45","349482","20221005094000","29","3","桃園市","復興區","121.385","24.680","38"
"148","349502","20221005094000","142","1","桃園市","復興區","121.395","24.685","206"
"192","349582","20221005094000","145","2","桃園市","復興區","121.410","24.705","220"
"26","349642","20221005094000","14","3","桃園市","復興區","121.365","24.695","47"
"16","349676","20221005094000","17","0","桃園市","復興區","121.350","24.705","24"
"63","349762","20221005094000","57","1","桃園市","復興區","121.345","24.725","47"
"12","349768","20221005094000","11","1","桃園市","復興區","121.375","24.725","10"
"22","349769","20221005094000","18","2","桃園市","復興區","121.380","24.725","20"
"34","349865","20221005094000","23","2","桃園市","復興區","121.365","24.740","41"
"222","349883","20221005094000","128","3","新竹市","香山區","120.940","24.760","125"
"95","349889","20221005094000","114","0","新竹市","香山區","120.935","24.770","79"
"194","349896","20221005094000","209","0","新竹市","香山區","120.905","24.750","191"
"609","349897","20221005094000","354","3","新竹市","香山區","120.910","24.750","605"
"2789","349904","20221005094000","2510","1","新竹縣","竹東鎮","121.030","24.770","2672"
"60","349937","20221005094000","50","2","桃園市","復興區","121.365","24.675","70"
"36","349983","20221005094000","123","0","苗栗縣","三灣鄉","120.965","24.665","42"
"54","349985","20221005094000","208","0","苗栗縣","三灣鄉","120.975","24.665","61"
"32","350003","20221005094000","217","0","苗栗縣","三灣鄉","120.950","24.670","25"
"207","350012","20221005094000","88","3","苗栗縣","頭份鎮","120.955","24.680","203"
"58","350014","20221005094000","260","0","苗栗縣","頭份鎮","120.965","24.680","53"
"37","350017","20221005094000","240","0","苗栗縣","頭份鎮","120.960","24.685","45"
"45","350018","20221005094000","170","0","苗栗縣","頭份鎮","120.965","24.685","66"
"116","350019","20221005094000","79","2","苗栗縣","竹南鎮","120.880","24.680","112"
"2572","350021","20221005094000","2055","2","苗栗縣","竹南鎮","120.885","24.685","2495"
"1090","350024","20221005094000","552","3","苗栗縣","頭份鎮","120.930","24.690","1016"
"201","350031","20221005094000","171","1","苗栗縣","頭份鎮","120.920","24.665","228"
"32","350036","20221005094000","364","0","苗栗縣","頭份鎮","120.920","24.670","44"
"425","350042","20221005094000","380","1","苗栗縣","頭份鎮","120.925","24.675","445"
"43","350052","20221005094000","176","0","苗栗縣","後龍鎮","120.820","24.660","42"
"439","350068","20221005094000","415","1","苗栗縣","頭份鎮","120.910","24.690","441"
"830","350073","20221005094000","497","3","苗栗縣","竹南鎮","120.885","24.695","812"
"532","350075","20221005094000","327","3","苗栗縣","頭份鎮","120.890","24.695","501"
"1454","350077","20221005094000","978","2","苗栗縣","頭份鎮","120.910","24.695","1463"
"692","350078","20221005094000","507","2","苗栗縣","頭份鎮","120.910","24.700","658"
"441","350080","20221005094000","365","2","苗栗縣","頭份鎮","120.940","24.680","492"
"281","350082","20221005094000","213","2","苗栗縣","頭份鎮","120.950","24.680","299"
"384","350085","20221005094000","337","1","苗栗縣","頭份鎮","120.925","24.685","378"
"754","350087","20221005094000","645","1","苗栗縣","頭份鎮","120.935","24.685","726"
"1211","350090","20221005094000","796","3","苗栗縣","頭份鎮","120.895","24.690","1143"
"1475","350091","20221005094000","2163","0","苗栗縣","頭份鎮","120.905","24.690","1566"
"515","350092","20221005094000","872","0","苗栗縣","頭份鎮","120.905","24.685","486"
"74","350095","20221005094000","198","0","苗栗縣","頭份鎮","120.945","24.690","79"
"10","350099","20221005094000","38","0","苗栗縣","頭份鎮","120.950","24.695","10"
"20","350102","20221005094000","121","0","苗栗縣","頭份鎮","120.935","24.700","11"
"25","350103","20221005094000","224","0","苗栗縣","頭份鎮","120.940","24.695","21"
"121","350109","20221005094000","117","1","苗栗縣","頭份鎮","120.940","24.700","130"
"319","350110","20221005094000","194","3","苗栗縣","頭份鎮","120.945","24.700","285"
"411","350112","20221005094000","564","0","苗栗縣","頭份鎮","120.930","24.705","434"
"384","350117","20221005094000","362","1","苗栗縣","頭份鎮","120.935","24.710","349"
"724","350118","20221005094000","686","1","苗栗縣","頭份鎮","120.885","24.665","728"
"80","350124","20221005094000","432","0","苗栗縣","頭份鎮","120.885","24.675","78"
"256","350127","20221005094000","275","0","苗栗縣","頭份鎮","120.905","24.700","252"
"667","350128","20221005094000","911","0","苗栗縣","頭份鎮","120.900","24.695","612"
"730","350129","20221005094000","600","2","苗栗縣","頭份鎮","120.905","24.695","696"
"138","350131","20221005094000","324","0","苗栗縣","頭份鎮","120.915","24.690","135"
"827","350132","20221005094000","1089","0","苗栗縣","頭份鎮","120.915","24.695","818"
"23","350142","20221005094000","23","1","苗栗縣","頭份鎮","120.915","24.665","23"
"62","350146","20221005094000","318","0","苗栗縣","頭份鎮","120.915","24.670","57"
"766","350150","20221005094000","585","2","苗栗縣","竹南鎮","120.860","24.695","774"
"562","350151","20221005094000","352","3","苗栗縣","竹南鎮","120.865","24.695","525"
"204","350154","20221005094000","502","0","苗栗縣","竹南鎮","120.870","24.695","200"
"85","350155","20221005094000","331","0","苗栗縣","竹南鎮","120.880","24.695","80"
"227","350156","20221005094000","188","2","苗栗縣","竹南鎮","120.865","24.680","231"
"993","350157","20221005094000","979","1","苗栗縣","竹南鎮","120.910","24.710","1018"
"1145","350159","20221005094000","987","1","苗栗縣","竹南鎮","120.920","24.705","1086"
"1117","350160","20221005094000","1668","0","苗栗縣","頭份鎮","120.925","24.705","1194"
"601","350161","20221005094000","521","1","苗栗縣","竹南鎮","120.915","24.705","564"
"3698","350162","20221005094000","3887","0","苗栗縣","竹南鎮","120.915","24.710","4049"
"635","350163","20221005094000","644","0","苗栗縣","竹南鎮","120.920","24.710","653"
"377","350165","20221005094000","399","0","苗栗縣","竹南鎮","120.930","24.710","391"
"1001","350166","20221005094000","1536","0","苗栗縣","竹南鎮","120.915","24.715","1404"
"161","350167","20221005094000","190","0","苗栗縣","竹南鎮","120.920","24.715","159"
"2134","350169","20221005094000","1826","1","苗栗縣","頭份鎮","120.910","24.685","2105"
"1586","350170","20221005094000","1403","1","苗栗縣","頭份鎮","120.895","24.700","1571"
"1553","350172","20221005094000","1050","2","苗栗縣","頭份鎮","120.905","24.680","1595"
"374","350173","20221005094000","312","1","苗栗縣","竹南鎮","120.875","24.700","369"
"711","350174","20221005094000","420","3","苗栗縣","竹南鎮","120.870","24.700","716"
"316","350176","20221005094000","338","0","苗栗縣","頭份鎮","120.920","24.690","314"
"102","350177","20221005094000","78","2","苗栗縣","頭份鎮","120.880","24.660","112"
"513","350179","20221005094000","550","0","苗栗縣","頭份鎮","120.900","24.700","519"
"14","350180","20221005094000","24","0","苗栗縣","竹南鎮","120.910","24.705","19"
"432","350182","20221005094000","444","0","苗栗縣","頭份鎮","120.920","24.700","438"
"515","350183","20221005094000","673","0","苗栗縣","頭份鎮","120.895","24.695","512"
"306","350203","20221005094000","175","3","苗栗縣","竹南鎮","120.860","24.685","297"
"22","350206","20221005094000","156","0","苗栗縣","竹南鎮","120.865","24.700","22"
"56","350208","20221005094000","256","0","苗栗縣","竹南鎮","120.875","24.705","42"
"764","350209","20221005094000","1007","0","苗栗縣","竹南鎮","120.880","24.700","776"
"937","350210","20221005094000","605","3","苗栗縣","頭份鎮","120.885","24.700","937"
"399","350211","20221005094000","235","3","苗栗縣","竹南鎮","120.880","24.705","467"
"156","350214","20221005094000","138","1","苗栗縣","竹南鎮","120.865","24.705","159"
"54","350220","20221005094000","618","0","苗栗縣","竹南鎮","120.880","24.710","70"
"15","350223","20221005094000","134","0","苗栗縣","竹南鎮","120.865","24.715","18"
"217","350224","20221005094000","243","0","苗栗縣","竹南鎮","120.870","24.715","203"
"412","350225","20221005094000","573","0","苗栗縣","竹南鎮","120.875","24.715","415"
"119","350226","20221005094000","67","3","苗栗縣","竹南鎮","120.880","24.715","132"
"121","350229","20221005094000","88","2","苗栗縣","竹南鎮","120.865","24.720","131"
"76","350236","20221005094000","83","0","苗栗縣","竹南鎮","120.870","24.725","85"
"205","350240","20221005094000","134","3","苗栗縣","竹南鎮","120.890","24.725","238"
"41","350247","20221005094000","71","0","苗栗縣","竹南鎮","120.880","24.685","42"
"1646","350248","20221005094000","1529","1","苗栗縣","竹南鎮","120.880","24.690","1628"
"1424","350250","20221005094000","1473","0","苗栗縣","竹南鎮","120.890","24.690","1397"
"2594","350251","20221005094000","3191","0","苗栗縣","竹南鎮","120.875","24.685","2563"
"360","350258","20221005094000","256","2","苗栗縣","竹南鎮","120.855","24.675","420"
"18","350259","20221005094000","23","0","苗栗縣","竹南鎮","120.860","24.675","16"
"22","350264","20221005094000","231","0","苗栗縣","竹南鎮","120.850","24.680","38"
"22","350275","20221005094000","268","0","苗栗縣","竹南鎮","120.850","24.670","32"
"753","350277","20221005094000","515","2","苗栗縣","竹南鎮","120.860","24.670","724"
"175","350278","20221005094000","185","0","苗栗縣","竹南鎮","120.845","24.675","169"
"58","350279","20221005094000","53","1","苗栗縣","造橋鄉","120.855","24.660","41"
"101","350285","20221005094000","190","0","苗栗縣","頭份鎮","120.900","24.685","104"
"466","350286","20221005094000","668","0","苗栗縣","頭份鎮","120.895","24.675","626"
"977","350288","20221005094000","823","1","苗栗縣","頭份鎮","120.890","24.680","989"
"810","350290","20221005094000","736","1","苗栗縣","頭份鎮","120.900","24.680","786"
"114","350291","20221005094000","321","0","苗栗縣","頭份鎮","120.945","24.685","121"
"153","350303","20221005094000","111","2","苗栗縣","頭份鎮","120.960","24.700","152"
"96","350311","20221005094000","65","2","苗栗縣","頭份鎮","120.965","24.705","85"
"299","350314","20221005094000","1540","0","苗栗縣","竹南鎮","120.870","24.690","270"
"620","350316","20221005094000","440","2","苗栗縣","竹南鎮","120.855","24.690","678"
"904","350319","20221005094000","892","1","苗栗縣","竹南鎮","120.865","24.685","827"
"798","350320","20221005094000","899","0","苗栗縣","竹南鎮","120.875","24.695","825"
"191","350321","20221005094000","1299","0","苗栗縣","竹南鎮","120.875","24.690","171"
"1590","350326","20221005094000","1578","1","苗栗縣","竹南鎮","120.910","24.720","1605"
"12","350328","20221005094000","146","0","苗栗縣","竹南鎮","120.895","24.725","10"
"30","350330","20221005094000","341","0","苗栗縣","竹南鎮","120.905","24.725","33"
"100","350331","20221005094000","835","0","苗栗縣","竹南鎮","120.910","24.725","81"
"1148","350334","20221005094000","681","3","苗栗縣","竹南鎮","120.905","24.730","1176"
"92","350338","20221005094000","347","0","新竹市","香山區","120.905","24.740","98"
"619","350340","20221005094000","658","0","苗栗縣","竹南鎮","120.875","24.660","603"
"320","350347","20221005094000","611","0","苗栗縣","竹南鎮","120.865","24.675","315"
"65","350349","20221005094000","373","0","苗栗縣","竹南鎮","120.875","24.675","57"
"1035","350350","20221005094000","963","1","苗栗縣","竹南鎮","120.880","24.675","1039"
"387","350351","20221005094000","225","3","苗栗縣","竹南鎮","120.870","24.680","375"
"296","350352","20221005094000","338","0","苗栗縣","竹南鎮","120.875","24.680","321"
"1946","350353","20221005094000","1872","1","苗栗縣","竹南鎮","120.870","24.685","1928"
"149","350357","20221005094000","485","0","苗栗縣","竹南鎮","120.890","24.705","147"
"447","350358","20221005094000","426","1","苗栗縣","竹南鎮","120.895","24.705","453"
"545","350359","20221005094000","338","3","苗栗縣","竹南鎮","120.900","24.705","575"
"275","350363","20221005094000","378","0","苗栗縣","竹南鎮","120.900","24.710","272"
"344","350364","20221005094000","93","3","苗栗縣","竹南鎮","120.905","24.710","344"
"194","350365","20221005094000","159","2","苗栗縣","竹南鎮","120.895","24.715","198"
"545","350367","20221005094000","404","2","苗栗縣","竹南鎮","120.905","24.715","500"
"265","350368","20221005094000","611","0","苗栗縣","竹南鎮","120.910","24.715","282"
"110","350369","20221005094000","148","0","苗栗縣","竹南鎮","120.895","24.720","172"
"207","356638","20221005094000","153","2","宜蘭縣","頭城鎮","121.940","24.840","193"
"773","360378","20221005094000","597","2","宜蘭縣","礁溪鄉","121.765","24.825","778"
"1383","360379","20221005094000","1545","0","宜蘭縣","礁溪鄉","121.770","24.825","1501"
"543","360380","20221005094000","535","1","宜蘭縣","礁溪鄉","121.775","24.825","658"
"424","360392","20221005094000","280","3","宜蘭縣","礁溪鄉","121.810","24.815","396"
"154","360394","20221005094000","108","2","宜蘭縣","礁溪鄉","121.795","24.815","149"
"57","360410","20221005094000","184","0","宜蘭縣","礁溪鄉","121.720","24.815","55"
"346","360417","20221005094000","261","2","宜蘭縣","礁溪鄉","121.720","24.820","344"
"118","360419","20221005094000","180","0","宜蘭縣","礁溪鄉","121.730","24.820","175"
"46","360427","20221005094000","439","0","宜蘭縣","礁溪鄉","121.725","24.820","79"
"271","360433","20221005094000","224","2","宜蘭縣","礁溪鄉","121.755","24.820","290"
"173","360437","20221005094000","253","0","宜蘭縣","礁溪鄉","121.740","24.825","295"
"1754","360439","20221005094000","1583","1","宜蘭縣","宜蘭市","121.755","24.770","1650"
"342","360442","20221005094000","213","3","宜蘭縣","宜蘭市","121.745","24.775","328"
"714","360449","20221005094000","614","1","宜蘭縣","壯圍鄉","121.785","24.775","736"
"249","360457","20221005094000","159","3","宜蘭縣","壯圍鄉","121.795","24.790","216"
"148","360471","20221005094000","222","0","宜蘭縣","頭城鎮","121.820","24.855","148"
"93","360474","20221005094000","94","0","宜蘭縣","頭城鎮","121.835","24.885","152"
"130","360476","20221005094000","86","3","宜蘭縣","頭城鎮","121.845","24.885","189"
"503","360478","20221005094000","584","0","宜蘭縣","頭城鎮","121.830","24.855","484"
"746","360482","20221005094000","1076","0","宜蘭縣","頭城鎮","121.820","24.860","744"
"251","360484","20221005094000","222","1","宜蘭縣","頭城鎮","121.815","24.860","246"
"723","360485","20221005094000","732","0","宜蘭縣","頭城鎮","121.820","24.865","812"
"249","360486","20221005094000","333","0","宜蘭縣","頭城鎮","121.810","24.865","239"
"154","360502","20221005094000","172","0","宜蘭縣","頭城鎮","121.815","24.850","119"
"554","360507","20221005094000","638","0","宜蘭縣","頭城鎮","121.825","24.865","535"
"244","360520","20221005094000","233","1","宜蘭縣","頭城鎮","121.835","24.870","209"
"158","360524","20221005094000","131","2","宜蘭縣","頭城鎮","121.840","24.875","210"
"56","360537","20221005094000","29","3","新北市","三峽區","121.345","24.845","101"
"94","360552","20221005094000","102","0","新北市","三峽區","121.360","24.855","97"
"20","360554","20221005094000","20","1","新北市","三峽區","121.370","24.855","17"
"26","360559","20221005094000","28","0","新北市","三峽區","121.365","24.860","11"
"72","360569","20221005094000","44","3","新北市","三峽區","121.355","24.870","59"
"33","360573","20221005094000","33","1","新北市","三峽區","121.375","24.870","46"
"28","360625","20221005094000","27","1","宜蘭縣","頭城鎮","121.820","24.825","31"
"124","360631","20221005094000","176","0","宜蘭縣","頭城鎮","121.790","24.845","109"
"193","360639","20221005094000","242","0","宜蘭縣","頭城鎮","121.795","24.855","251"
"383","360641","20221005094000","354","1","宜蘭縣","頭城鎮","121.805","24.855","418"
"210","360684","20221005094000","163","2","宜蘭縣","礁溪鄉","121.765","24.800","189"
"216","360687","20221005094000","203","1","宜蘭縣","礁溪鄉","121.760","24.810","202"
"216","360689","20221005094000","206","1","宜蘭縣","礁溪鄉","121.755","24.815","233"
"93","360694","20221005094000","76","2","宜蘭縣","員山鄉","121.700","24.780","96"
"26","360702","20221005094000","50","0","宜蘭縣","礁溪鄉","121.680","24.785","25"
"171","360788","20221005094000","145","1","宜蘭縣","礁溪鄉","121.780","24.810","158"
"360","360803","20221005094000","324","1","宜蘭縣","壯圍鄉","121.810","24.800","361"
"478","360806","20221005094000","379","2","宜蘭縣","壯圍鄉","121.815","24.805","535"
"425","360817","20221005094000","374","1","宜蘭縣","礁溪鄉","121.780","24.785","396"
"529","360820","20221005094000","476","1","宜蘭縣","礁溪鄉","121.775","24.815","558"
"1297","360822","20221005094000","1106","1","宜蘭縣","礁溪鄉","121.770","24.820","1277"
"205","360828","20221005094000","201","1","宜蘭縣","礁溪鄉","121.730","24.790","191"
"127","360848","20221005094000","110","1","宜蘭縣","礁溪鄉","121.710","24.810","132"
"542","360876","20221005094000","494","1","宜蘭縣","礁溪鄉","121.760","24.785","581"
"74","360877","20221005094000","64","1","宜蘭縣","礁溪鄉","121.750","24.790","75"
"412","360879","20221005094000","290","2","宜蘭縣","礁溪鄉","121.760","24.790","414"
"573","360881","20221005094000","439","2","宜蘭縣","礁溪鄉","121.765","24.815","614"
"529","360883","20221005094000","484","1","宜蘭縣","礁溪鄉","121.765","24.820","491"
"370","360888","20221005094000","334","1","宜蘭縣","礁溪鄉","121.755","24.825","380"
"365","360889","20221005094000","365","1","宜蘭縣","礁溪鄉","121.760","24.825","353"
"157","360898","20221005094000","108","2","宜蘭縣","礁溪鄉","121.745","24.830","139"
"53","360964","20221005094000","36","2","新北市","三峽區","121.410","24.865","48"
"246","360967","20221005094000","225","1","新北市","三峽區","121.410","24.870","309"
"174","360994","20221005094000","93","3","新北市","三峽區","121.415","24.885","179"
"13","361049","20221005094000","13","1","新北市","三峽區","121.450","24.825","16"
"91","361075","20221005094000","82","1","新北市","三峽區","121.445","24.830","69"
"22","361124","20221005094000","16","2","新北市","三峽區","121.430","24.845","18"
"20","361127","20221005094000","31","0","新北市","三峽區","121.445","24.845","18"
"11","361128","20221005094000","17","0","新北市","三峽區","121.450","24.845","28"
"24","361150","20221005094000","12","3","新北市","三峽區","121.465","24.850","16"
"16","361179","20221005094000","30","0","新北市","三峽區","121.435","24.860","16"
"13","361193","20221005094000","15","0","新北市","三峽區","121.430","24.865","18"
"61","361195","20221005094000","22","3","新北市","三峽區","121.440","24.865","44"
"10","361256","20221005094000","17","0","新北市","三峽區","121.450","24.890","16"
"32","361279","20221005094000","13","3","新北市","三峽區","121.390","24.875","58"
"45","361286","20221005094000","39","1","新北市","三峽區","121.380","24.880","42"
"54","361304","20221005094000","46","1","新北市","三峽區","121.375","24.885","55"
"66","361308","20221005094000","36","3","新北市","三峽區","121.400","24.885","58"
"551","361316","20221005094000","528","1","宜蘭縣","員山鄉","121.720","24.770","539"
"313","361349","20221005094000","339","0","宜蘭縣","員山鄉","121.715","24.775","366"
"316","361393","20221005094000","280","1","宜蘭縣","壯圍鄉","121.800","24.770","348"
"319","361412","20221005094000","259","2","宜蘭縣","宜蘭市","121.735","24.775","311"
"19","361413","20221005094000","26","0","宜蘭縣","宜蘭市","121.740","24.775","21"
"350","361414","20221005094000","286","2","宜蘭縣","宜蘭市","121.730","24.780","359"
"15","361433","20221005094000","14","1","宜蘭縣","頭城鎮","121.800","24.830","16"
"701","361441","20221005094000","523","2","宜蘭縣","頭城鎮","121.790","24.835","692"
"27","361466","20221005094000","36","0","新北市","坪林區","121.770","24.865","41"
"447","361479","20221005094000","415","1","宜蘭縣","頭城鎮","121.815","24.835","444"
"429","361482","20221005094000","296","2","宜蘭縣","頭城鎮","121.810","24.845","390"
"3305","361485","20221005094000","2953","1","新竹市","東區","120.985","24.800","3333"
"2217","361486","20221005094000","2149","1","新竹市","東區","120.985","24.810","2318"
"20","361496","20221005094000","18","1","桃園市","大溪區","121.325","24.880","21"
"163","361502","20221005094000","172","0","桃園市","大溪區","121.330","24.880","155"
"158","361509","20221005094000","116","2","桃園市","大溪區","121.325","24.885","135"
"64","361515","20221005094000","73","0","桃園市","大溪區","121.325","24.890","60"
"487","361521","20221005094000","730","0","桃園市","大溪區","121.250","24.865","450"
"224","361525","20221005094000","213","1","桃園市","大溪區","121.255","24.870","214"
"376","361530","20221005094000","469","0","桃園市","大溪區","121.260","24.875","389"
"412","361536","20221005094000","300","2","桃園市","大溪區","121.260","24.880","428"
"365","361538","20221005094000","308","1","桃園市","大溪區","121.275","24.880","382"
"1122","361539","20221005094000","1181","0","桃園市","大溪區","121.250","24.880","1188"
"336","361545","20221005094000","199","3","桃園市","大溪區","121.275","24.885","322"
"154","361546","20221005094000","161","0","桃園市","大溪區","121.280","24.885","141"
"555","361547","20221005094000","405","2","桃園市","大溪區","121.275","24.890","574"
"1199","361550","20221005094000","956","2","桃園市","大溪區","121.295","24.885","1175"
"79","361551","20221005094000","127","0","桃園市","大溪區","121.300","24.880","93"
"136","361552","20221005094000","315","0","桃園市","大溪區","121.290","24.880","135"
"68","361556","20221005094000","75","0","新竹縣","新埔鎮","121.080","24.835","70"
"334","361565","20221005094000","267","2","新竹縣","新埔鎮","121.080","24.840","328"
"73","361570","20221005094000","40","3","新竹縣","新埔鎮","121.130","24.860","52"
"116","361585","20221005094000","84","2","新竹縣","新埔鎮","121.135","24.875","104"
"681","361597","20221005094000","482","2","新竹縣","新豐鄉","120.995","24.885","668"
"1629","361600","20221005094000","2084","0","新竹縣","新豐鄉","121.010","24.885","1556"
"1337","361602","20221005094000","1154","1","新竹市","東區","120.975","24.805","1324"
"2244","361603","20221005094000","2900","0","新竹市","東區","120.980","24.805","2232"
"1261","361604","20221005094000","1007","2","新竹市","東區","120.980","24.810","1292"
"782","361605","20221005094000","881","0","新竹市","東區","120.975","24.800","828"
"4424","361610","20221005094000","3622","2","新竹市","東區","121.020","24.780","4422"
"1647","361611","20221005094000","1781","0","新竹市","東區","121.015","24.785","1628"
"228","361614","20221005094000","102","3","新竹縣","新埔鎮","121.105","24.845","216"
"53","361621","20221005094000","35","3","新竹縣","新埔鎮","121.120","24.850","54"
"73","361624","20221005094000","63","1","新竹縣","新埔鎮","121.105","24.855","215"
"15","361630","20221005094000","13","1","新竹縣","新埔鎮","121.105","24.860","14"
"23","361635","20221005094000","40","0","新竹縣","新埔鎮","121.105","24.865","29"
"157","361642","20221005094000","136","1","新竹縣","新埔鎮","121.115","24.875","175"
"542","361646","20221005094000","644","0","新竹縣","新埔鎮","121.070","24.825","531"
"876","361648","20221005094000","790","1","新竹縣","新埔鎮","121.080","24.825","900"
"386","361651","20221005094000","396","0","新竹縣","新埔鎮","121.070","24.830","405"
"93","361655","20221005094000","65","2","新竹縣","新埔鎮","121.135","24.845","105"
"342","361668","20221005094000","437","0","新竹縣","新豐鄉","120.980","24.870","304"
"732","361683","20221005094000","687","1","新竹縣","竹東鎮","121.030","24.775","686"
"599","361685","20221005094000","1212","0","新竹縣","湖口鄉","121.010","24.855","545"
"1315","361687","20221005094000","1444","0","新竹縣","湖口鄉","121.020","24.855","1261"
"383","361688","20221005094000","403","0","新竹縣","湖口鄉","121.025","24.855","501"
"2627","361692","20221005094000","2792","0","新竹縣","湖口鄉","121.010","24.860","2571"
"121","361693","20221005094000","87","2","新竹縣","湖口鄉","121.015","24.860","114"
"2617","361694","20221005094000","2995","0","新竹縣","湖口鄉","120.995","24.865","2518"
"1788","361695","20221005094000","1496","1","新竹縣","湖口鄉","121.000","24.865","1767"
"92","361696","20221005094000","872","0","新竹縣","湖口鄉","121.005","24.865","79"
"875","361697","20221005094000","619","2","新竹縣","湖口鄉","121.010","24.865","885"
"3465","361698","20221005094000","3399","1","新竹縣","湖口鄉","121.000","24.870","3380"
"2594","361700","20221005094000","1666","3","新竹縣","湖口鄉","121.010","24.870","3445"
"3227","361702","20221005094000","1317","3","新竹縣","湖口鄉","121.010","24.875","2308"
"739","361703","20221005094000","561","2","新竹縣","竹北市","121.030","24.810","728"
"1408","361704","20221005094000","1352","1","新竹縣","竹北市","121.035","24.810","1251"
"376","361705","20221005094000","213","3","新竹縣","竹北市","121.030","24.815","355"
"525","361712","20221005094000","768","0","桃園市","大溪區","121.260","24.890","526"
"313","361715","20221005094000","388","0","新竹市","香山區","120.920","24.810","291"
"280","361721","20221005094000","206","2","新竹市","香山區","120.925","24.815","305"
"141","361725","20221005094000","134","1","新竹市","香山區","120.915","24.820","156"
"512","361727","20221005094000","399","2","新竹市","香山區","120.925","24.820","528"
"547","361733","20221005094000","371","2","新竹市","北區","120.925","24.825","545"
"1917","361736","20221005094000","2052","0","新竹市","香山區","120.930","24.790","1927"
"849","361738","20221005094000","573","2","新竹市","香山區","120.930","24.795","864"
"482","361744","20221005094000","388","2","新竹市","香山區","120.915","24.780","423"
"175","361752","20221005094000","297","0","新竹市","香山區","120.920","24.785","196"
"814","361756","20221005094000","936","0","新竹市","香山區","120.920","24.805","850"
"572","361758","20221005094000","461","2","新竹市","香山區","120.935","24.805","563"
"555","361761","20221005094000","615","0","新竹市","香山區","120.940","24.805","549"
"2048","361763","20221005094000","1986","1","新竹市","香山區","120.945","24.795","2261"
"785","361765","20221005094000","1301","0","新竹市","香山區","120.940","24.790","847"
"101","361766","20221005094000","1271","0","新竹市","香山區","120.935","24.790","113"
"253","361767","20221005094000","325","0","新竹市","香山區","120.935","24.800","271"
"564","361768","20221005094000","569","0","新竹市","香山區","120.940","24.795","602"
"11","361981","20221005094000","15","0","新北市","坪林區","121.665","24.885","11"
"35","362002","20221005094000","33","1","新竹縣","關西鎮","121.260","24.775","37"
"241","362027","20221005094000","366","0","新竹縣","湖口鄉","121.030","24.880","218"
"661","362033","20221005094000","813","0","新竹縣","湖口鄉","121.025","24.885","661"
"881","362036","20221005094000","890","0","新竹縣","竹北市","120.965","24.860","887"
"749","362039","20221005094000","309","3","新竹縣","竹北市","120.980","24.860","640"
"1828","362056","20221005094000","1956","0","新竹縣","竹北市","121.015","24.825","1788"
"2264","362057","20221005094000","2769","0","新竹縣","竹北市","121.010","24.830","2301"
"1058","362059","20221005094000","952","1","新竹縣","竹北市","121.035","24.815","1078"
"115","362060","20221005094000","234","0","新竹縣","竹北市","121.040","24.815","102"
"3033","362063","20221005094000","2834","1","新竹縣","竹北市","121.030","24.820","2799"
"1176","362064","20221005094000","1256","0","新竹縣","竹北市","121.035","24.820","1199"
"697","362066","20221005094000","1118","0","新竹縣","竹北市","121.020","24.825","751"
"895","362067","20221005094000","474","3","新竹縣","竹北市","121.025","24.825","811"
"2563","362068","20221005094000","2786","0","新竹縣","竹北市","121.030","24.825","2872"
"1155","362069","20221005094000","908","2","新竹縣","竹北市","121.035","24.825","1156"
"2386","362070","20221005094000","2156","1","新竹縣","竹北市","121.015","24.830","2406"
"711","362071","20221005094000","653","1","新竹縣","竹北市","121.020","24.830","703"
"1431","362072","20221005094000","778","3","新竹縣","竹北市","121.025","24.830","1379"
"869","362073","20221005094000","826","1","新竹縣","新埔鎮","121.030","24.830","885"
"379","362076","20221005094000","385","0","新竹縣","竹北市","120.995","24.855","379"
"410","362077","20221005094000","442","0","新竹縣","竹北市","120.990","24.860","376"
"129","362079","20221005094000","131","0","新竹縣","竹北市","120.995","24.860","98"
"3303","362081","20221005094000","1669","3","新竹市","東區","120.995","24.800","3135"
"655","362082","20221005094000","739","0","新竹市","東區","121.000","24.805","618"
"142","362085","20221005094000","214","0","新竹市","東區","121.000","24.810","125"
"425","362086","20221005094000","435","0","新竹市","東區","121.005","24.810","436"
"831","362087","20221005094000","617","2","新竹市","東區","121.010","24.810","841"
"956","362088","20221005094000","842","1","新竹市","東區","120.995","24.815","952"
"4409","362092","20221005094000","4621","0","新竹市","東區","121.010","24.775","4541"
"2815","362093","20221005094000","2628","1","新竹市","東區","121.015","24.775","2647"
"3601","362094","20221005094000","3419","1","新竹市","東區","121.020","24.775","3609"
"4898","362095","20221005094000","5125","0","新竹市","東區","121.025","24.775","5092"
"4121","362096","20221005094000","3463","1","新竹市","東區","120.990","24.780","4018"
"4689","362097","20221005094000","4607","1","新竹市","東區","121.005","24.775","4795"
"2847","362098","20221005094000","3064","0","新竹市","東區","121.005","24.780","2836"
"696","362099","20221005094000","918","0","新竹市","東區","121.010","24.780","703"
"1836","362100","20221005094000","1093","3","新竹市","東區","121.015","24.780","1788"
"5531","362101","20221005094000","4531","2","新竹市","東區","121.005","24.785","5306"
"1202","362102","20221005094000","858","2","新竹市","東區","121.010","24.785","1136"
"290","362103","20221005094000","296","0","新竹市","北區","120.945","24.835","280"
"365","362104","20221005094000","480","0","新竹市","北區","120.950","24.835","383"
"621","362107","20221005094000","463","2","新竹縣","竹東鎮","121.045","24.785","589"
"120","362108","20221005094000","128","0","新竹縣","竹東鎮","121.050","24.785","141"
"589","362117","20221005094000","488","2","新竹縣","竹東鎮","121.035","24.790","563"
"326","362122","20221005094000","801","0","新竹縣","竹東鎮","121.030","24.795","367"
"307","362128","20221005094000","222","2","新竹縣","竹北市","120.960","24.855","257"
"483","362141","20221005094000","400","2","新竹縣","竹北市","120.955","24.870","467"
"1908","362143","20221005094000","1501","2","新竹縣","竹北市","121.015","24.835","1810"
"34","362150","20221005094000","10","3","新竹縣","新豐鄉","120.955","24.885","23"
"246","362158","20221005094000","225","1","新竹縣","新豐鄉","120.975","24.890","241"
"1296","362159","20221005094000","1308","0","新竹市","東區","121.005","24.790","1268"
"2743","362160","20221005094000","1797","3","新竹市","東區","121.015","24.790","2885"
"29","362249","20221005094000","29","1","新北市","烏來區","121.525","24.830","41"
"66","362275","20221005094000","66","1","新北市","烏來區","121.525","24.835","101"
"13","362568","20221005094000","13","1","新北市","烏來區","121.590","24.850","17"
"204","362673","20221005094000","181","1","新北市","烏來區","121.550","24.875","189"
"60","362692","20221005094000","44","2","新北市","烏來區","121.545","24.880","55"
"126","362700","20221005094000","150","0","新北市","烏來區","121.550","24.885","118"
"27","362716","20221005094000","45","0","新北市","烏來區","121.550","24.845","33"
"167","362717","20221005094000","177","0","新北市","烏來區","121.555","24.845","155"
"103","362740","20221005094000","89","1","新北市","烏來區","121.560","24.860","94"
"320","362744","20221005094000","465","0","新北市","烏來區","121.550","24.865","339"
"13","362745","20221005094000","11","1","新北市","烏來區","121.555","24.865","13"
"86","362793","20221005094000","44","3","新北市","烏來區","121.510","24.775","77"
"1453","362984","20221005094000","1713","0","新竹市","東區","120.960","24.795","1380"
"3597","362985","20221005094000","3025","1","新竹市","東區","121.020","24.790","3558"
"1121","362988","20221005094000","781","2","新竹市","東區","120.970","24.775","842"
"2337","362990","20221005094000","2186","1","新竹市","東區","120.985","24.805","2267"
"15","362991","20221005094000","12","2","新竹市","東區","120.965","24.775","18"
"1134","362992","20221005094000","1381","0","新竹市","北區","120.960","24.805","1123"
"325","362994","20221005094000","280","1","新竹縣","竹北市","120.945","24.850","332"
"784","362996","20221005094000","849","0","新竹縣","竹北市","120.945","24.855","760"
"1075","362998","20221005094000","987","1","新竹縣","竹北市","120.995","24.840","1060"
"1294","362999","20221005094000","1349","0","新竹縣","竹北市","121.000","24.840","1316"
"518","363002","20221005094000","368","2","新竹縣","竹北市","121.035","24.800","471"
"1390","363004","20221005094000","556","3","新竹縣","竹北市","121.025","24.805","1353"
"1194","363005","20221005094000","887","2","新竹縣","竹北市","121.030","24.805","1114"
"3982","363006","20221005094000","2900","2","新竹縣","竹北市","121.035","24.805","3889"
"2544","363007","20221005094000","2224","1","新竹縣","竹北市","121.025","24.810","2533"
"118","363008","20221005094000","48","3","新竹縣","芎林鄉","121.065","24.790","126"
"1711","363013","20221005094000","1372","2","新竹縣","竹北市","121.050","24.805","1814"
"360","363016","20221005094000","391","0","新竹縣","竹北市","121.045","24.810","384"
"2746","363021","20221005094000","2382","1","新竹縣","竹北市","121.005","24.840","2770"
"4211","363023","20221005094000","3512","1","新竹縣","竹北市","121.020","24.840","4332"
"1402","363024","20221005094000","1601","0","新竹縣","竹北市","121.000","24.845","1403"
"1365","363025","20221005094000","430","3","新竹縣","竹北市","121.000","24.855","1201"
"2024","363026","20221005094000","1806","1","新竹縣","竹北市","121.010","24.845","1925"
"548","363027","20221005094000","875","0","新竹縣","新埔鎮","121.015","24.850","568"
"767","363028","20221005094000","785","0","新竹縣","竹北市","121.020","24.845","758"
"1116","363032","20221005094000","859","2","新竹縣","芎林鄉","121.080","24.775","1146"
"13","363046","20221005094000","14","0","新竹縣","關西鎮","121.140","24.790","19"
"27","363048","20221005094000","19","2","新竹縣","關西鎮","121.150","24.790","33"
"113","363062","20221005094000","93","2","新竹縣","關西鎮","121.185","24.800","98"
"760","363073","20221005094000","911","0","新竹縣","關西鎮","121.200","24.810","711"
"204","363082","20221005094000","361","0","新竹縣","關西鎮","121.180","24.820","212"
"212","363084","20221005094000","202","1","新竹縣","關西鎮","121.175","24.825","217"
"1238","363085","20221005094000","1224","1","桃園市","龍潭區","121.180","24.825","1285"
"918","363086","20221005094000","998","0","新竹市","東區","120.975","24.795","926"
"1029","363088","20221005094000","1091","0","新竹縣","寶山鄉","120.985","24.775","1003"
"318","363090","20221005094000","261","2","新竹市","東區","120.980","24.780","298"
"1036","363093","20221005094000","1050","0","新竹市","東區","120.980","24.785","984"
"1352","363094","20221005094000","1096","2","新竹縣","新豐鄉","121.000","24.875","1368"
"572","363095","20221005094000","548","1","新竹縣","新豐鄉","120.995","24.880","553"
"578","363096","20221005094000","348","3","新竹縣","新豐鄉","121.000","24.880","488"
"515","363097","20221005094000","445","1","新竹縣","新豐鄉","121.005","24.880","602"
"1368","363098","20221005094000","1007","2","新竹縣","新豐鄉","120.990","24.870","1276"
"2975","363099","20221005094000","3186","0","新竹縣","新豐鄉","120.995","24.870","2961"
"1206","363100","20221005094000","1110","1","新竹縣","新豐鄉","120.985","24.865","1082"
"808","363101","20221005094000","871","0","新竹縣","新豐鄉","120.990","24.865","664"
"424","363103","20221005094000","295","2","新竹縣","新豐鄉","120.985","24.875","412"
"566","363109","20221005094000","560","1","新竹縣","關西鎮","121.145","24.805","508"
"14","363124","20221005094000","18","0","新竹縣","關西鎮","121.125","24.775","12"
"101","363127","20221005094000","122","0","新竹縣","關西鎮","121.120","24.780","78"
"23","363131","20221005094000","12","3","新竹縣","關西鎮","121.115","24.785","28"
"257","363143","20221005094000","184","2","新竹縣","關西鎮","121.130","24.790","230"
"143","363153","20221005094000","53","3","新竹縣","關西鎮","121.200","24.775","116"
"926","363158","20221005094000","783","1","新竹縣","關西鎮","121.175","24.785","884"
"1178","363160","20221005094000","923","2","新竹縣","關西鎮","121.185","24.790","1107"
"422","363164","20221005094000","631","0","新竹縣","關西鎮","121.190","24.795","367"
"79","363187","20221005094000","90","0","新竹縣","關西鎮","121.195","24.785","104"
"166","363195","20221005094000","82","3","新竹縣","關西鎮","121.195","24.790","158"
"37","363197","20221005094000","20","3","新竹縣","關西鎮","121.205","24.790","35"
"80","363217","20221005094000","82","0","新竹縣","關西鎮","121.230","24.795","83"
"159","363223","20221005094000","122","2","新竹縣","關西鎮","121.235","24.800","131"
"15","363229","20221005094000","14","1","新竹縣","關西鎮","121.135","24.820","11"
"265","363233","20221005094000","286","0","新竹縣","關西鎮","121.115","24.825","266"
"245","363245","20221005094000","178","2","新竹縣","關西鎮","121.115","24.830","239"
"668","363256","20221005094000","628","1","新竹縣","關西鎮","121.165","24.830","813"
"69","363258","20221005094000","44","3","新竹縣","新埔鎮","121.125","24.835","69"
"199","363272","20221005094000","192","1","新竹縣","關西鎮","121.150","24.840","179"
"791","363274","20221005094000","793","0","新竹縣","關西鎮","121.135","24.810","752"
"110","363279","20221005094000","49","3","新竹縣","關西鎮","121.130","24.815","74"
"701","363291","20221005094000","639","1","新竹縣","關西鎮","121.165","24.800","684"
"2423","363304","20221005094000","2205","1","新竹縣","關西鎮","121.175","24.790","2374"
"273","363306","20221005094000","239","1","新竹縣","關西鎮","121.175","24.795","240"
"70","363308","20221005094000","83","0","新竹縣","關西鎮","121.175","24.805","89"
"1978","363344","20221005094000","1520","2","桃園市","龍潭區","121.230","24.875","1952"
"1257","363345","20221005094000","1111","1","桃園市","龍潭區","121.230","24.880","1221"
"1225","363346","20221005094000","1101","1","桃園市","龍潭區","121.225","24.855","1133"
"197","363347","20221005094000","143","2","桃園市","龍潭區","121.230","24.855","200"
"48","363355","20221005094000","32","3","桃園市","龍潭區","121.235","24.865","57"
"78","363358","20221005094000","225","0","桃園市","龍潭區","121.230","24.870","68"
"474","363359","20221005094000","421","1","桃園市","龍潭區","121.235","24.870","484"
"16","363361","20221005094000","15","1","桃園市","龍潭區","121.245","24.870","17"
"327","363362","20221005094000","554","0","桃園市","平鎮區","121.245","24.875","316"
"640","363365","20221005094000","642","0","桃園市","龍潭區","121.235","24.840","648"
"963","363366","20221005094000","982","0","桃園市","龍潭區","121.240","24.835","974"
"377","363369","20221005094000","400","0","桃園市","龍潭區","121.240","24.845","380"
"658","363370","20221005094000","556","1","桃園市","龍潭區","121.245","24.850","658"
"1603","363371","20221005094000","1737","0","桃園市","龍潭區","121.250","24.850","1549"
"1100","363374","20221005094000","934","1","桃園市","龍潭區","121.250","24.855","1109"
"537","363376","20221005094000","1114","0","桃園市","龍潭區","121.255","24.860","557"
"445","363377","20221005094000","424","1","桃園市","龍潭區","121.180","24.870","413"
"667","363380","20221005094000","718","0","桃園市","龍潭區","121.195","24.870","679"
"648","363388","20221005094000","557","1","桃園市","龍潭區","121.185","24.880","609"
"5243","363392","20221005094000","3744","2","桃園市","龍潭區","121.185","24.885","5295"
"210","363394","20221005094000","168","2","桃園市","龍潭區","121.180","24.885","219"
"383","363396","20221005094000","577","0","桃園市","龍潭區","121.190","24.885","378"
"209","363397","20221005094000","221","0","桃園市","龍潭區","121.190","24.890","203"
"4000","363481","20221005094000","3862","1","新竹市","東區","120.975","24.810","4118"
"3855","363482","20221005094000","3696","1","新竹市","東區","120.970","24.800","3870"
"1471","363483","20221005094000","1542","0","新竹市","東區","120.970","24.810","1463"
"858","363484","20221005094000","502","3","新竹市","東區","120.970","24.785","820"
"1124","363485","20221005094000","775","2","新竹市","東區","120.975","24.785","1203"
"3977","363486","20221005094000","3381","1","新竹市","東區","120.965","24.795","3922"
"17","363492","20221005094000","15","1","新北市","新店區","121.575","24.885","12"
"1541","363502","20221005094000","1408","1","桃園市","龍潭區","121.185","24.840","1433"
"838","363507","20221005094000","758","1","桃園市","龍潭區","121.185","24.845","763"
"157","363511","20221005094000","67","3","桃園市","龍潭區","121.180","24.850","156"
"119","363514","20221005094000","200","0","桃園市","龍潭區","121.195","24.850","120"
"287","363523","20221005094000","148","3","桃園市","龍潭區","121.190","24.860","271"
"417","363528","20221005094000","402","1","桃園市","龍潭區","121.245","24.835","425"
"296","363532","20221005094000","252","1","桃園市","龍潭區","121.245","24.840","296"
"136","363536","20221005094000","94","2","桃園市","龍潭區","121.245","24.845","137"
"101","363557","20221005094000","105","0","桃園市","龍潭區","121.240","24.830","118"
"471","363560","20221005094000","380","2","桃園市","龍潭區","121.230","24.835","459"
"48","363589","20221005094000","38","2","桃園市","龍潭區","121.160","24.870","49"
"771","363593","20221005094000","661","1","桃園市","龍潭區","121.210","24.840","795"
"423","363597","20221005094000","274","3","桃園市","龍潭區","121.200","24.855","383"
"619","363599","20221005094000","731","0","桃園市","龍潭區","121.210","24.855","620"
"1095","363602","20221005094000","677","3","桃園市","龍潭區","121.225","24.845","1083"
"248","363603","20221005094000","504","0","桃園市","龍潭區","121.230","24.845","259"
"51","363605","20221005094000","39","2","桃園市","龍潭區","121.225","24.850","42"
"992","363611","20221005094000","917","1","桃園市","龍潭區","121.220","24.850","1026"
"1938","363613","20221005094000","1604","2","桃園市","龍潭區","121.215","24.865","1874"
"606","363614","20221005094000","801","0","桃園市","龍潭區","121.220","24.865","609"
"610","363615","20221005094000","611","0","桃園市","龍潭區","121.210","24.870","647"
"938","363616","20221005094000","759","2","桃園市","龍潭區","121.215","24.870","926"
"370","363620","20221005094000","349","1","桃園市","龍潭區","121.220","24.860","372"
"328","363625","20221005094000","428","0","桃園市","龍潭區","121.205","24.865","369"
"184","363626","20221005094000","111","3","桃園市","龍潭區","121.200","24.870","139"
"1166","363627","20221005094000","716","3","桃園市","龍潭區","121.205","24.870","1125"
"3014","363628","20221005094000","2171","2","新竹縣","竹北市","121.020","24.835","2902"
"1383","363629","20221005094000","1406","0","新竹縣","竹北市","121.025","24.835","1316"
"1001","363630","20221005094000","1310","0","新竹縣","竹北市","121.010","24.835","1054"
"240","363633","20221005094000","189","2","新竹市","東區","120.960","24.780","236"
"437","363634","20221005094000","378","1","新竹市","東區","120.965","24.780","433"
"894","363637","20221005094000","881","1","新竹市","東區","120.965","24.785","902"
"3249","363639","20221005094000","3033","1","新竹市","東區","120.965","24.790","3379"
"1596","363641","20221005094000","2037","0","新竹市","東區","121.020","24.785","1701"
"358","363642","20221005094000","277","2","新竹縣","竹東鎮","121.025","24.785","339"
"884","363644","20221005094000","740","1","新竹縣","竹東鎮","121.035","24.775","826"
"2734","363646","20221005094000","1897","2","新竹縣","竹東鎮","121.045","24.775","2752"
"1665","363648","20221005094000","1518","1","新竹縣","竹東鎮","121.030","24.780","1576"
"346","363651","20221005094000","665","0","新竹縣","竹東鎮","121.045","24.780","429"
"1015","363655","20221005094000","1399","0","桃園市","龍潭區","121.235","24.880","1048"
"805","363658","20221005094000","774","1","桃園市","龍潭區","121.240","24.880","790"
"188","363661","20221005094000","106","3","桃園市","龍潭區","121.240","24.810","134"
"660","363663","20221005094000","656","1","桃園市","龍潭區","121.240","24.815","644"
"59","363664","20221005094000","88","0","桃園市","龍潭區","121.235","24.820","129"
"233","363667","20221005094000","230","1","桃園市","龍潭區","121.230","24.825","239"
"564","363668","20221005094000","462","2","桃園市","龍潭區","121.235","24.825","555"
"571","363676","20221005094000","519","1","桃園市","龍潭區","121.230","24.840","563"
"731","363677","20221005094000","1082","0","新竹縣","竹北市","121.005","24.845","717"
"1246","363682","20221005094000","1173","1","新竹縣","芎林鄉","121.080","24.780","1273"
"13","363685","20221005094000","89","0","新竹縣","芎林鄉","121.075","24.785","21"
"894","363687","20221005094000","761","1","新竹縣","芎林鄉","121.070","24.790","905"
"640","363696","20221005094000","602","1","新竹縣","芎林鄉","121.060","24.795","681"
"631","363709","20221005094000","671","0","新竹縣","芎林鄉","121.090","24.775","662"
"12","363713","20221005094000","19","0","新竹縣","芎林鄉","121.110","24.775","12"
"23","363719","20221005094000","11","3","新竹縣","芎林鄉","121.110","24.785","21"
"22","363721","20221005094000","19","1","新竹縣","芎林鄉","121.085","24.780","21"
"68","363725","20221005094000","112","0","新竹縣","芎林鄉","121.100","24.780","47"
"210","363728","20221005094000","172","2","新竹縣","芎林鄉","121.100","24.785","180"
"1047","363737","20221005094000","806","2","新竹縣","竹北市","120.985","24.835","933"
"459","363744","20221005094000","298","3","新竹縣","竹北市","120.975","24.840","451"
"537","363746","20221005094000","571","0","新竹縣","竹北市","120.955","24.840","570"
"361","363748","20221005094000","319","1","新竹縣","竹北市","120.965","24.840","363"
"38","363765","20221005094000","250","0","宜蘭縣","礁溪鄉","121.790","24.795","57"
"69","363769","20221005094000","137","0","宜蘭縣","礁溪鄉","121.780","24.800","51"
"195","363770","20221005094000","247","0","宜蘭縣","礁溪鄉","121.785","24.800","198"
"168","363777","20221005094000","177","0","宜蘭縣","礁溪鄉","121.790","24.810","179"
"902","363779","20221005094000","1086","0","宜蘭縣","礁溪鄉","121.775","24.830","1005"
"463","363783","20221005094000","371","2","宜蘭縣","礁溪鄉","121.780","24.835","462"
"375","363797","20221005094000","405","0","宜蘭縣","礁溪鄉","121.790","24.830","361"
"15","363798","20221005094000","48","0","宜蘭縣","礁溪鄉","121.785","24.835","18"
"1099","363803","20221005094000","743","2","桃園市","平鎮區","121.200","24.890","1047"
"1338","363805","20221005094000","1423","0","新竹市","北區","120.955","24.805","1298"
"547","363808","20221005094000","670","0","新竹市","北區","120.945","24.815","549"
"15","363811","20221005094000","47","0","新竹市","北區","120.955","24.785","14"
"1638","363814","20221005094000","1601","1","新竹市","北區","120.955","24.790","2179"
"463","363815","20221005094000","569","0","新竹市","香山區","120.950","24.795","450"
"1510","363816","20221005094000","1569","0","桃園市","大溪區","121.290","24.885","1538"
"5203","363817","20221005094000","4511","1","新竹縣","寶山鄉","120.990","24.775","5305"
"4147","363818","20221005094000","3356","2","新竹縣","寶山鄉","120.995","24.775","4115"
"8476","363819","20221005094000","7625","1","新竹縣","寶山鄉","121.000","24.775","8132"
"6962","363821","20221005094000","5820","1","新竹市","東區","120.995","24.780","6853"
"1168","363824","20221005094000","842","2","新竹縣","竹北市","121.010","24.820","1289"
"1860","363825","20221005094000","2193","0","新竹縣","竹北市","121.015","24.820","1765"
"2769","363826","20221005094000","2144","2","新竹縣","竹北市","121.005","24.825","2723"
"2669","363827","20221005094000","2286","1","新竹縣","竹北市","121.010","24.825","2701"
"1482","363828","20221005094000","1450","1","新竹縣","竹北市","121.005","24.830","1679"
"501","363835","20221005094000","431","1","新竹縣","新埔鎮","121.050","24.835","512"
"507","363837","20221005094000","708","0","新竹縣","新埔鎮","121.045","24.840","455"
"18","363850","20221005094000","17","1","新竹縣","新埔鎮","121.035","24.840","14"
"1169","363852","20221005094000","1191","0","新竹縣","新埔鎮","121.025","24.845","1100"
"71","363855","20221005094000","208","0","新竹縣","新埔鎮","121.040","24.845","58"
"93","363864","20221005094000","79","1","桃園市","龍潭區","121.210","24.875","80"
"1106","363865","20221005094000","1099","1","桃園市","龍潭區","121.205","24.880","1143"
"223","363866","20221005094000","213","1","新竹縣","竹北市","120.980","24.840","229"
"438","363870","20221005094000","477","0","新竹縣","竹北市","120.975","24.850","538"
"226","363871","20221005094000","415","0","新竹縣","竹北市","120.980","24.850","278"
"86","363872","20221005094000","186","0","新竹縣","竹東鎮","121.055","24.775","167"
"618","363875","20221005094000","328","3","新竹縣","竹東鎮","121.055","24.780","618"
"267","363877","20221005094000","214","2","新竹縣","竹東鎮","121.055","24.785","259"
"69","363882","20221005094000","75","0","宜蘭縣","礁溪鄉","121.745","24.800","101"
"178","363884","20221005094000","177","1","宜蘭縣","礁溪鄉","121.755","24.800","215"
"1143","363890","20221005094000","711","3","宜蘭縣","礁溪鄉","121.740","24.780","1251"
"224","363899","20221005094000","200","1","宜蘭縣","礁溪鄉","121.740","24.790","337"
"34","363932","20221005094000","56","0","新竹市","香山區","120.915","24.775","34"
"446","363936","20221005094000","695","0","新竹市","香山區","120.950","24.775","480"
"310","363940","20221005094000","247","2","新竹市","香山區","120.950","24.780","320"
"385","363941","20221005094000","541","0","新竹市","香山區","120.935","24.795","378"
"356","363948","20221005094000","305","1","新竹市","香山區","120.925","24.800","353"
"2623","363957","20221005094000","1514","3","新竹縣","竹北市","120.995","24.835","2495"
"635","363960","20221005094000","993","0","新竹縣","竹北市","121.000","24.825","629"
"456","363961","20221005094000","393","1","新竹縣","竹北市","120.990","24.830","425"
"763","363963","20221005094000","629","2","新竹縣","竹北市","121.000","24.830","758"
"1802","363964","20221005094000","1575","1","新竹縣","竹北市","121.000","24.835","1761"
"551","363965","20221005094000","564","0","新竹縣","竹北市","121.005","24.835","573"
"576","363968","20221005094000","486","1","新竹縣","竹北市","120.970","24.835","548"
"2596","363976","20221005094000","2581","1","桃園市","龍潭區","121.215","24.860","2814"
"979","363977","20221005094000","753","2","桃園市","龍潭區","121.210","24.865","981"
"231","363980","20221005094000","154","3","新竹縣","新埔鎮","121.110","24.815","202"
"512","363985","20221005094000","472","1","新竹縣","新埔鎮","121.090","24.825","493"
"239","363989","20221005094000","290","0","新竹縣","關西鎮","121.110","24.825","209"
"1924","363994","20221005094000","1599","2","新竹市","北區","120.970","24.820","1917"
"1978","363995","20221005094000","2289","0","新竹市","北區","120.955","24.810","2003"
"2106","363996","20221005094000","1888","1","新竹市","北區","120.960","24.810","2115"
"797","363997","20221005094000","767","1","宜蘭縣","頭城鎮","121.825","24.860","794"
"43","364010","20221005094000","34","2","桃園市","大溪區","121.295","24.835","33"
"16","364011","20221005094000","18","0","桃園市","大溪區","121.300","24.835","11"
"12","364012","20221005094000","29","0","桃園市","大溪區","121.305","24.835","20"
"54","364013","20221005094000","44","2","桃園市","大溪區","121.280","24.840","49"
"12","364014","20221005094000","33","0","桃園市","大溪區","121.285","24.840","19"
"713","364024","20221005094000","593","2","桃園市","大溪區","121.285","24.850","730"
"15","364032","20221005094000","266","0","桃園市","大溪區","121.295","24.855","17"
"15","364043","20221005094000","33","0","桃園市","大溪區","121.305","24.860","36"
"228","364050","20221005094000","209","1","桃園市","大溪區","121.295","24.865","217"
"66","364052","20221005094000","90","0","桃園市","大溪區","121.305","24.865","88"
"267","364061","20221005094000","188","2","桃園市","大溪區","121.300","24.870","242"
"155","364068","20221005094000","175","0","桃園市","大溪區","121.300","24.875","128"
"54","364070","20221005094000","44","2","桃園市","大溪區","121.310","24.875","60"
"281","364110","20221005094000","328","0","桃園市","大溪區","121.270","24.840","265"
"10","364116","20221005094000","17","0","桃園市","大溪區","121.275","24.850","10"
"501","364119","20221005094000","477","1","新竹縣","新豐鄉","121.005","24.885","525"
"549","364123","20221005094000","422","2","新竹縣","新豐鄉","121.005","24.890","590"
"334","364126","20221005094000","322","1","新竹縣","湖口鄉","121.020","24.890","324"
"21","364127","20221005094000","38","0","新竹縣","新豐鄉","120.995","24.875","138"
"265","364129","20221005094000","230","1","新竹縣","新豐鄉","120.990","24.880","252"
"225","364130","20221005094000","265","0","新竹縣","新豐鄉","120.990","24.885","207"
"1619","364132","20221005094000","1637","0","新竹縣","新豐鄉","120.990","24.890","1622"
"352","364139","20221005094000","318","1","新竹縣","湖口鄉","121.025","24.890","335"
"499","364141","20221005094000","456","1","新竹縣","湖口鄉","121.035","24.890","470"
"1497","364143","20221005094000","1633","0","新竹縣","湖口鄉","121.020","24.860","1490"
"386","364146","20221005094000","516","0","新竹縣","湖口鄉","121.015","24.865","385"
"1050","364147","20221005094000","587","3","新竹縣","湖口鄉","121.020","24.865","1098"
"1273","364148","20221005094000","1286","0","新竹縣","湖口鄉","121.025","24.865","504"
"587","364149","20221005094000","710","0","新竹縣","湖口鄉","121.030","24.865","828"
"1107","364163","20221005094000","1003","1","新竹縣","湖口鄉","121.035","24.875","1127"
"1330","364164","20221005094000","1860","0","新竹縣","湖口鄉","121.040","24.875","1432"
"298","364168","20221005094000","322","0","新竹縣","湖口鄉","121.035","24.880","294"
"252","364171","20221005094000","302","0","新竹縣","湖口鄉","121.050","24.880","281"
"23","364179","20221005094000","33","0","新竹縣","湖口鄉","121.065","24.875","31"
"274","364189","20221005094000","315","0","新竹縣","湖口鄉","121.075","24.880","278"
"191","364194","20221005094000","147","2","新竹縣","湖口鄉","121.070","24.885","174"
"298","364195","20221005094000","269","1","新竹縣","湖口鄉","121.075","24.885","272"
"823","364201","20221005094000","697","1","新竹縣","湖口鄉","121.055","24.880","782"
"259","364202","20221005094000","410","0","新竹縣","湖口鄉","121.060","24.880","262"
"351","364205","20221005094000","352","0","新竹縣","湖口鄉","121.050","24.885","355"
"43","364211","20221005094000","47","0","新竹縣","湖口鄉","121.105","24.880","47"
"398","364216","20221005094000","383","1","新竹縣","湖口鄉","121.090","24.885","410"
"15","364221","20221005094000","122","0","新竹縣","湖口鄉","121.095","24.885","15"
"165","364222","20221005094000","176","0","新竹縣","湖口鄉","121.100","24.885","146"
"473","364228","20221005094000","434","1","新竹縣","湖口鄉","121.110","24.890","486"
"382","364231","20221005094000","277","2","新竹縣","湖口鄉","121.085","24.885","402"
"394","364236","20221005094000","342","1","新竹縣","湖口鄉","121.080","24.890","393"
"385","364238","20221005094000","398","0","新竹縣","湖口鄉","121.090","24.890","427"
"3698","364239","20221005094000","4048","0","新竹縣","湖口鄉","121.015","24.870","3628"
"344","364240","20221005094000","541","0","新竹縣","湖口鄉","121.015","24.875","425"
"2742","364242","20221005094000","2094","2","新竹縣","湖口鄉","121.025","24.875","2764"
"1104","364243","20221005094000","1104","1","新竹縣","湖口鄉","121.010","24.880","1059"
"2687","364244","20221005094000","2425","1","新竹市","北區","120.965","24.805","2731"
"24","364290","20221005094000","25","0","新北市","新店區","121.510","24.890","21"
"21","364291","20221005094000","17","2","新北市","新店區","121.515","24.890","25"
"269","364296","20221005094000","394","0","桃園市","大溪區","121.265","24.885","277"
"749","364314","20221005094000","398","3","桃園市","大溪區","121.280","24.870","801"
"41","364340","20221005094000","33","2","桃園市","大溪區","121.285","24.820","26"
"11","364349","20221005094000","11","1","桃園市","大溪區","121.295","24.825","15"
"100","364352","20221005094000","128","0","桃園市","大溪區","121.310","24.825","104"
"19","364355","20221005094000","19","1","桃園市","大溪區","121.300","24.830","24"
"85","364359","20221005094000","71","1","桃園市","大溪區","121.305","24.830","82"
"549","364405","20221005094000","522","1","桃園市","大溪區","121.300","24.890","567"
"501","364409","20221005094000","459","1","新竹縣","湖口鄉","121.045","24.890","496"
"63","364419","20221005094000","100","0","新竹縣","湖口鄉","121.040","24.860","82"
"743","364424","20221005094000","639","1","新竹縣","湖口鄉","121.035","24.865","757"
"628","364429","20221005094000","502","2","新竹縣","湖口鄉","121.020","24.870","642"
"910","364430","20221005094000","1584","0","新竹縣","湖口鄉","121.025","24.870","1251"
"929","364431","20221005094000","850","1","新竹縣","湖口鄉","121.030","24.870","952"
"1369","364432","20221005094000","1556","0","新竹縣","湖口鄉","121.035","24.870","1455"
"3226","364436","20221005094000","1937","3","新竹縣","湖口鄉","121.030","24.875","3108"
"20","364448","20221005094000","26","0","新竹縣","新埔鎮","121.095","24.805","25"
"481","364453","20221005094000","423","1","新竹縣","新埔鎮","121.090","24.810","494"
"129","364470","20221005094000","84","3","新竹縣","新埔鎮","121.095","24.855","129"
"396","364480","20221005094000","461","0","新竹縣","新埔鎮","121.060","24.835","365"
"230","364482","20221005094000","159","2","新竹縣","新埔鎮","121.060","24.840","232"
"2011","364497","20221005094000","2029","0","新竹縣","新埔鎮","121.085","24.830","1981"
"121","364505","20221005094000","46","3","新竹縣","芎林鄉","121.085","24.790","113"
"80","364507","20221005094000","75","1","新竹縣","新埔鎮","121.085","24.795","83"
"134","364516","20221005094000","59","3","新竹縣","新埔鎮","121.080","24.810","112"
"168","364518","20221005094000","142","1","新竹縣","新埔鎮","121.080","24.815","141"
"483","364538","20221005094000","426","1","新竹縣","新埔鎮","121.120","24.840","467"
"636","364549","20221005094000","628","1","新竹縣","新埔鎮","121.060","24.820","549"
"70","364555","20221005094000","194","0","新竹縣","新埔鎮","121.060","24.825","46"
"685","364558","20221005094000","798","0","新竹縣","新埔鎮","121.040","24.830","630"
"2455","364561","20221005094000","2077","1","新竹縣","新埔鎮","121.030","24.835","2406"
"22","364571","20221005094000","40","0","新竹縣","新埔鎮","121.145","24.855","23"
"1283","364579","20221005094000","1180","1","新竹縣","新埔鎮","121.080","24.830","1407"
"452","364581","20221005094000","390","1","宜蘭縣","宜蘭市","121.760","24.770","444"
"375","364583","20221005094000","261","2","宜蘭縣","宜蘭市","121.770","24.770","341"
"107","364585","20221005094000","124","0","宜蘭縣","宜蘭市","121.765","24.770","99"
"215","364586","20221005094000","173","2","宜蘭縣","宜蘭市","121.760","24.775","206"
"356","364587","20221005094000","274","2","宜蘭縣","宜蘭市","121.760","24.780","320"
"124","364588","20221005094000","139","0","桃園市","平鎮區","121.185","24.890","122"
"480","364590","20221005094000","359","2","桃園市","大溪區","121.285","24.865","493"
"452","364594","20221005094000","417","1","桃園市","大溪區","121.285","24.875","492"
"986","364597","20221005094000","953","1","桃園市","大溪區","121.285","24.880","1011"
"669","364599","20221005094000","917","0","桃園市","大溪區","121.295","24.880","692"
"1052","364601","20221005094000","1131","0","桃園市","大溪區","121.270","24.880","1036"
"11","364604","20221005094000","10","1","桃園市","楊梅區","121.175","24.885","11"
"210","364607","20221005094000","255","0","桃園市","楊梅區","121.180","24.890","205"
"251","364609","20221005094000","272","0","桃園市","龍潭區","121.235","24.875","251"
"568","364612","20221005094000","532","1","桃園市","龍潭區","121.220","24.870","596"
"641","364613","20221005094000","495","2","桃園市","龍潭區","121.225","24.870","623"
"456","364614","20221005094000","315","2","桃園市","龍潭區","121.205","24.885","484"
"46","364615","20221005094000","190","0","桃園市","龍潭區","121.205","24.890","438"
"1725","364616","20221005094000","1792","0","桃園市","龍潭區","121.210","24.885","1679"
"199","364618","20221005094000","203","0","新竹縣","竹北市","120.990","24.835","208"
"446","364620","20221005094000","425","1","新竹縣","竹北市","120.990","24.840","472"
"347","364623","20221005094000","391","0","新竹縣","竹北市","120.990","24.845","389"
"644","364629","20221005094000","1264","0","新竹縣","竹北市","121.045","24.795","654"
"1176","364631","20221005094000","924","2","新竹縣","竹北市","121.040","24.800","1214"
"775","364632","20221005094000","393","3","新竹縣","竹北市","121.045","24.800","733"
"451","364633","20221005094000","590","0","新竹縣","竹北市","121.050","24.800","471"
"3118","364634","20221005094000","2786","1","新竹縣","竹北市","121.040","24.805","2997"
"1118","364635","20221005094000","769","2","新竹縣","竹北市","121.045","24.805","1031"
"1939","364637","20221005094000","1770","1","新竹縣","竹北市","121.020","24.810","1920"
"1036","364639","20221005094000","1159","0","新竹縣","竹北市","121.020","24.815","1312"
"1517","364640","20221005094000","2148","0","新竹縣","竹北市","121.025","24.815","1544"
"1127","364641","20221005094000","468","3","新竹縣","竹北市","121.020","24.820","854"
"1494","364642","20221005094000","2458","0","新竹縣","竹北市","121.025","24.820","1496"
"832","364648","20221005094000","649","2","新竹市","北區","120.925","24.840","819"
"632","364657","20221005094000","669","0","桃園市","龍潭區","121.210","24.890","632"
"48","364662","20221005094000","38","2","桃園市","復興區","121.325","24.775","49"
"27","364692","20221005094000","16","3","桃園市","復興區","121.335","24.790","23"
"117","364720","20221005094000","113","1","桃園市","復興區","121.345","24.805","130"
"297","364731","20221005094000","259","1","桃園市","復興區","121.350","24.815","296"
"95","364735","20221005094000","147","0","桃園市","復興區","121.350","24.820","99"
"178","364741","20221005094000","110","3","桃園市","復興區","121.370","24.825","181"
"140","364767","20221005094000","179","0","桃園市","復興區","121.375","24.800","133"
"28","364824","20221005094000","35","0","桃園市","復興區","121.375","24.785","36"
"38","364825","20221005094000","24","3","桃園市","復興區","121.380","24.785","27"
"42","364828","20221005094000","31","2","桃園市","復興區","121.395","24.785","45"
"137","364934","20221005094000","121","1","桃園市","復興區","121.305","24.800","109"
"34","364969","20221005094000","33","1","桃園市","復興區","121.400","24.805","46"
"40","364990","20221005094000","14","3","桃園市","復興區","121.375","24.815","29"
"48","365017","20221005094000","42","1","桃園市","復興區","121.390","24.825","45"
"157","365042","20221005094000","81","3","桃園市","復興區","121.385","24.835","232"
"209","365054","20221005094000","263","0","桃園市","楊梅區","121.155","24.880","246"
"102","365058","20221005094000","118","0","桃園市","楊梅區","121.155","24.885","117"
"383","365063","20221005094000","363","1","桃園市","楊梅區","121.150","24.885","410"
"166","365065","20221005094000","164","1","桃園市","楊梅區","121.160","24.885","177"
"43","365067","20221005094000","137","0","桃園市","楊梅區","121.150","24.890","37"
"549","365068","20221005094000","640","0","桃園市","楊梅區","121.155","24.890","642"
"865","365070","20221005094000","523","3","桃園市","楊梅區","121.170","24.885","941"
"1858","365073","20221005094000","2131","0","新竹市","北區","120.955","24.795","1983"
"332","365074","20221005094000","403","0","新竹市","香山區","120.955","24.780","329"
"1716","365075","20221005094000","1348","2","新竹市","香山區","120.945","24.790","1656"
"465","365076","20221005094000","331","2","新竹市","香山區","120.950","24.790","484"
"684","365079","20221005094000","776","0","新竹市","香山區","120.925","24.790","675"
"1342","365080","20221005094000","1460","0","新竹市","香山區","120.925","24.795","1345"
"1028","365083","20221005094000","921","1","新竹市","香山區","120.940","24.775","1091"
"892","365086","20221005094000","746","1","新竹市","香山區","120.940","24.780","883"
"249","365089","20221005094000","232","1","新竹市","香山區","120.935","24.785","235"
"1740","365090","20221005094000","1199","2","新竹縣","竹北市","121.015","24.840","1770"
"4636","365091","20221005094000","4615","1","新竹縣","竹北市","121.010","24.840","4751"
"812","365092","20221005094000","679","1","桃園市","龍潭區","121.210","24.880","754"
"367","365093","20221005094000","324","1","桃園市","龍潭區","121.215","24.880","371"
"607","365094","20221005094000","525","1","桃園市","龍潭區","121.215","24.885","591"
"463","365099","20221005094000","562","0","桃園市","龍潭區","121.200","24.875","556"
"440","365102","20221005094000","491","0","桃園市","龍潭區","121.195","24.885","416"
"427","365105","20221005094000","334","2","桃園市","龍潭區","121.200","24.885","426"
"767","365121","20221005094000","686","1","桃園市","龍潭區","121.180","24.835","720"
"435","365122","20221005094000","520","0","桃園市","龍潭區","121.185","24.835","411"
"1144","365124","20221005094000","972","1","桃園市","龍潭區","121.195","24.835","1010"
"601","365133","20221005094000","814","0","桃園市","龍潭區","121.200","24.850","605"
"613","365138","20221005094000","589","1","桃園市","龍潭區","121.210","24.810","625"
"257","365145","20221005094000","337","0","桃園市","龍潭區","121.205","24.820","260"
"242","365150","20221005094000","259","0","桃園市","龍潭區","121.205","24.825","201"
"235","365153","20221005094000","242","0","桃園市","龍潭區","121.220","24.825","241"
"1988","365158","20221005094000","1425","2","桃園市","龍潭區","121.205","24.835","2014"
"22","365159","20221005094000","55","0","桃園市","龍潭區","121.210","24.835","28"
"852","365161","20221005094000","811","1","桃園市","龍潭區","121.205","24.840","821"
"252","365169","20221005094000","264","0","桃園市","龍潭區","121.230","24.885","282"
"912","365173","20221005094000","986","0","新竹市","北區","120.965","24.815","899"
"883","365174","20221005094000","785","1","新竹市","北區","120.960","24.820","908"
"1221","365175","20221005094000","1195","1","新竹市","北區","120.960","24.800","1191"
"1833","365176","20221005094000","1906","0","新竹市","東區","120.980","24.795","1949"
"1268","365177","20221005094000","1746","0","新竹市","東區","120.985","24.795","1316"
"125","365178","20221005094000","223","0","新竹市","東區","120.985","24.790","115"
"1669","365183","20221005094000","996","3","新竹市","北區","120.975","24.820","1591"
"886","365184","20221005094000","785","1","新竹市","北區","120.975","24.825","886"
"620","365185","20221005094000","482","2","新竹市","北區","120.980","24.825","621"
"1715","365210","20221005094000","1722","0","新竹市","東區","121.000","24.800","1770"
"2015","365211","20221005094000","2454","0","新竹市","東區","121.000","24.795","1966"
"671","365212","20221005094000","491","2","新竹市","東區","121.025","24.780","642"
"589","365213","20221005094000","690","0","桃園市","龍潭區","121.245","24.880","592"
"582","365219","20221005094000","721","0","桃園市","平鎮區","121.240","24.890","589"
"994","365221","20221005094000","1030","0","新竹市","北區","120.930","24.835","1069"
"635","365222","20221005094000","623","1","新竹市","北區","120.935","24.835","687"
"2573","365223","20221005094000","1954","2","新竹市","北區","120.970","24.825","2553"
"3084","365224","20221005094000","3209","0","新竹市","東區","120.975","24.815","3062"
"3334","365225","20221005094000","3990","0","新竹市","東區","120.980","24.815","3325"
"1218","365226","20221005094000","847","2","新竹市","北區","120.965","24.825","1204"
"516","365227","20221005094000","321","3","新竹市","北區","120.965","24.830","527"
"481","365229","20221005094000","469","1","桃園市","楊梅區","121.140","24.885","409"
"211","365231","20221005094000","209","1","桃園市","楊梅區","121.135","24.885","190"
"755","365234","20221005094000","869","0","桃園市","楊梅區","121.135","24.890","718"
"245","365235","20221005094000","273","0","桃園市","楊梅區","121.140","24.890","253"
"605","365236","20221005094000","756","0","桃園市","楊梅區","121.145","24.890","566"
"604","365237","20221005094000","587","1","新竹市","北區","120.950","24.805","591"
"965","365238","20221005094000","797","2","新竹市","北區","120.940","24.840","954"
"719","365240","20221005094000","759","0","新竹市","北區","120.930","24.840","700"
"648","365241","20221005094000","537","2","新竹市","北區","120.935","24.840","656"
"279","365243","20221005094000","248","1","新竹市","北區","120.925","24.845","329"
"634","365244","20221005094000","576","1","新竹市","北區","120.930","24.845","622"
"1460","365253","20221005094000","1374","1","新竹市","東區","120.965","24.800","1361"
"5185","365254","20221005094000","4425","1","新竹市","東區","121.005","24.795","5234"
"2227","365255","20221005094000","1817","2","新竹市","東區","121.010","24.795","2181"
"914","365258","20221005094000","903","1","新竹市","東區","121.015","24.795","934"
"887","365259","20221005094000","577","3","新竹市","東區","120.970","24.790","853"
"776","365261","20221005094000","670","1","新竹市","北區","120.955","24.815","729"
"4175","365262","20221005094000","4030","1","新竹市","北區","120.960","24.815","4205"
"729","365264","20221005094000","699","1","新竹市","北區","120.955","24.825","727"
"4083","365265","20221005094000","4439","0","新竹市","東區","121.010","24.790","4199"
"432","365266","20221005094000","824","0","新竹市","東區","120.970","24.795","425"
"1600","365267","20221005094000","1681","0","新竹市","東區","120.980","24.790","1578"
"2876","365268","20221005094000","2970","0","新竹市","東區","120.970","24.805","3103"
"569","365269","20221005094000","629","0","新竹市","北區","120.945","24.805","587"
"637","365270","20221005094000","874","0","新竹市","香山區","120.950","24.800","678"
"1537","365271","20221005094000","1352","1","新竹市","北區","120.955","24.800","1564"
"80","365292","20221005094000","123","0","桃園市","復興區","121.340","24.820","83"
"12","365296","20221005094000","38","0","桃園市","復興區","121.340","24.825","12"
"188","365304","20221005094000","177","1","桃園市","大溪區","121.330","24.835","195"
"101","365315","20221005094000","112","0","桃園市","復興區","121.350","24.835","100"
"1523","365322","20221005094000","1407","1","新竹市","東區","120.970","24.815","1502"
"3387","365323","20221005094000","3147","1","新竹市","北區","120.965","24.810","3329"
"4401","365324","20221005094000","3843","1","新竹市","東區","120.990","24.800","4442"
"806","365325","20221005094000","802","1","新竹市","東區","120.990","24.805","750"
"107","365326","20221005094000","114","0","新竹市","東區","120.995","24.805","113"
"1427","365327","20221005094000","2272","0","新竹市","東區","120.995","24.785","1404"
"1182","365328","20221005094000","1417","0","新竹市","東區","121.000","24.780","1131"
"654","365330","20221005094000","757","0","新竹市","東區","120.990","24.785","683"
"1908","365331","20221005094000","2218","0","新竹市","東區","121.000","24.790","1963"
"1155","365332","20221005094000","1107","1","新竹市","東區","121.000","24.785","1144"
"910","365334","20221005094000","878","1","新竹市","東區","120.990","24.795","550"
"2204","365335","20221005094000","2208","0","新竹市","東區","120.990","24.790","2243"
"1584","365336","20221005094000","1698","0","新竹市","東區","120.995","24.795","1690"
"1832","365337","20221005094000","1812","1","新竹市","東區","120.995","24.790","1842"
"562","365338","20221005094000","576","0","新竹市","北區","120.960","24.790","581"
"1051","365339","20221005094000","939","1","新竹市","東區","120.980","24.800","1040"
"409","365340","20221005094000","429","0","新竹市","東區","120.990","24.810","436"
"1313","365341","20221005094000","1490","0","新竹市","東區","120.985","24.815","1330"
"870","365346","20221005094000","1098","0","新竹市","東區","120.995","24.820","876"
"182","365347","20221005094000","161","1","新竹市","東區","121.005","24.800","177"
"28","365352","20221005094000","479","0","新竹市","東區","121.015","24.805","23"
"279","365356","20221005094000","366","0","桃園市","楊梅區","121.130","24.885","295"
"100","365363","20221005094000","112","0","桃園市","楊梅區","121.125","24.890","93"
"230","365364","20221005094000","267","0","桃園市","楊梅區","121.130","24.890","226"
"67","367498","20221005094000","79","0","宜蘭縣","頭城鎮","121.880","24.910","51"
"31","369694","20221005094000","48","0","宜蘭縣","頭城鎮","121.895","24.940","34"
"20","369695","20221005094000","175","0","宜蘭縣","頭城鎮","121.900","24.940","20"
"398","373866","20221005094000","485","0","新北市","板橋區","121.435","24.985","395"
"2113","373867","20221005094000","3430","0","新北市","中和區","121.515","24.990","2190"
"38","373876","20221005094000","35","1","宜蘭縣","頭城鎮","121.850","24.895","33"
"211","373895","20221005094000","203","1","宜蘭縣","頭城鎮","121.890","24.940","191"
"82","373934","20221005094000","100","0","宜蘭縣","頭城鎮","121.900","24.945","87"
"23","373935","20221005094000","15","3","宜蘭縣","頭城鎮","121.900","24.950","20"
"24","373940","20221005094000","34","0","宜蘭縣","頭城鎮","121.915","24.950","30"
"134","373951","20221005094000","153","0","宜蘭縣","頭城鎮","121.920","24.960","149"
"150","373977","20221005094000","183","0","新北市","雙溪區","121.795","24.900","210"
"10","373986","20221005094000","19","0","宜蘭縣","頭城鎮","121.855","24.900","16"
"180","373991","20221005094000","189","0","宜蘭縣","頭城鎮","121.865","24.905","160"
"90","373993","20221005094000","74","2","宜蘭縣","頭城鎮","121.850","24.905","65"
"1617","374034","20221005094000","2060","0","新北市","中和區","121.525","24.990","1504"
"2219","374036","20221005094000","3839","0","新北市","土城區","121.465","24.985","2189"
"2519","374037","20221005094000","2353","1","新北市","土城區","121.470","24.990","2381"
"1145","374042","20221005094000","1127","1","新北市","土城區","121.470","24.975","1138"
"898","374045","20221005094000","1770","0","新北市","新店區","121.545","24.980","902"
"668","374046","20221005094000","588","1","新北市","中和區","121.480","24.965","725"
"30","374051","20221005094000","33","0","新北市","中和區","121.490","24.970","36"
"49","374054","20221005094000","43","1","新北市","中和區","121.495","24.975","44"
"270","374055","20221005094000","310","0","新北市","中和區","121.495","24.980","279"
"1037","374056","20221005094000","1118","0","新北市","中和區","121.505","24.985","979"
"797","374067","20221005094000","746","1","新北市","三峽區","121.380","24.925","693"
"1616","374070","20221005094000","1538","1","新北市","三峽區","121.370","24.930","1618"
"433","374083","20221005094000","315","2","新北市","三峽區","121.405","24.905","426"
"53","374086","20221005094000","41","2","新北市","三峽區","121.380","24.910","48"
"112","374097","20221005094000","73","3","新北市","三峽區","121.350","24.895","108"
"54","374103","20221005094000","50","1","新北市","三峽區","121.350","24.900","56"
"243","374104","20221005094000","258","0","新北市","三峽區","121.355","24.900","231"
"113","374106","20221005094000","137","0","新北市","三峽區","121.365","24.900","147"
"206","374107","20221005094000","167","2","新北市","三峽區","121.360","24.905","221"
"451","374108","20221005094000","417","1","新北市","三峽區","121.365","24.905","422"
"790","374109","20221005094000","874","0","新北市","三峽區","121.365","24.910","801"
"196","374111","20221005094000","189","1","新北市","三峽區","121.365","24.920","186"
"50","374139","20221005094000","32","3","新北市","三峽區","121.465","24.915","35"
"47","374147","20221005094000","37","2","新北市","三峽區","121.455","24.920","50"
"20","374151","20221005094000","11","3","新北市","三峽區","121.475","24.920","33"
"117","374167","20221005094000","93","2","新北市","三峽區","121.445","24.925","115"
"191","374179","20221005094000","135","2","新北市","三峽區","121.455","24.930","190"
"46","374183","20221005094000","57","0","新北市","三峽區","121.445","24.935","41"
"2804","374196","20221005094000","3235","0","新北市","新店區","121.550","24.970","2739"
"764","374198","20221005094000","1371","0","新北市","新店區","121.550","24.975","802"
"470","374199","20221005094000","567","0","新北市","土城區","121.455","24.990","549"
"1180","374200","20221005094000","928","2","新北市","土城區","121.440","24.980","1066"
"398","374201","20221005094000","226","3","新北市","土城區","121.445","24.980","397"
"3999","374203","20221005094000","3710","1","新北市","中和區","121.495","24.990","3998"
"1754","374204","20221005094000","1784","0","新北市","中和區","121.510","24.985","1723"
"5326","374205","20221005094000","6137","0","新北市","新店區","121.545","24.975","5600"
"1963","374206","20221005094000","1954","1","新北市","新店區","121.550","24.980","1929"
"1361","374207","20221005094000","1963","0","新北市","中和區","121.505","24.980","1318"
"53","374212","20221005094000","38","2","新北市","中和區","121.485","24.980","48"
"283","374215","20221005094000","264","1","新北市","中和區","121.485","24.990","309"
"85","374216","20221005094000","113","0","新北市","中和區","121.500","24.970","102"
"124","374217","20221005094000","121","1","新北市","中和區","121.500","24.975","135"
"770","374219","20221005094000","443","3","新北市","新店區","121.510","24.975","759"
"150","374220","20221005094000","107","2","新北市","中和區","121.500","24.980","141"
"3340","374221","20221005094000","3256","1","新北市","樹林區","121.375","24.945","3226"
"1107","374222","20221005094000","956","1","新北市","三峽區","121.370","24.925","1070"
"806","374223","20221005094000","1250","0","新北市","三峽區","121.365","24.930","702"
"143","374240","20221005094000","101","2","新北市","三峽區","121.345","24.915","140"
"28","374252","20221005094000","163","0","新北市","三峽區","121.360","24.925","25"
"200","374255","20221005094000","162","2","新北市","三峽區","121.420","24.925","203"
"462","374266","20221005094000","270","3","新北市","中和區","121.500","24.985","504"
"243","374267","20221005094000","1018","0","新北市","中和區","121.500","24.990","236"
"4229","374268","20221005094000","4234","0","新北市","中和區","121.510","24.990","4142"
"2217","374272","20221005094000","2378","0","新北市","三峽區","121.370","24.935","2376"
"452","374277","20221005094000","464","0","新北市","三峽區","121.370","24.900","473"
"211","374283","20221005094000","176","1","新北市","三峽區","121.395","24.935","209"
"438","374286","20221005094000","473","0","新北市","三峽區","121.400","24.940","465"
"200","374288","20221005094000","368","0","新北市","三峽區","121.405","24.945","251"
"384","374295","20221005094000","317","2","新北市","三峽區","121.390","24.930","379"
"415","374297","20221005094000","353","1","新北市","三峽區","121.400","24.930","434"
"391","374300","20221005094000","290","2","新北市","三峽區","121.415","24.925","404"
"583","374302","20221005094000","515","1","新北市","三峽區","121.410","24.930","527"
"25","374321","20221005094000","24","1","新北市","三峽區","121.420","24.900","23"
"104","374335","20221005094000","63","3","新北市","三峽區","121.435","24.905","96"
"66","374343","20221005094000","91","0","新北市","三峽區","121.420","24.910","81"
"182","374363","20221005094000","103","3","新北市","三峽區","121.425","24.920","168"
"160","374371","20221005094000","163","0","新北市","三峽區","121.425","24.925","163"
"403","374390","20221005094000","548","0","新北市","三峽區","121.360","24.935","412"
"2486","374391","20221005094000","2336","1","新北市","三峽區","121.365","24.935","2547"
"873","374393","20221005094000","826","1","新北市","三峽區","121.375","24.935","873"
"413","374394","20221005094000","322","2","新北市","三峽區","121.380","24.935","432"
"1478","374396","20221005094000","1382","1","新北市","三峽區","121.380","24.940","1566"
"46","374399","20221005094000","36","2","新北市","三峽區","121.395","24.945","43"
"2083","374402","20221005094000","1776","1","新北市","三峽區","121.370","24.940","2125"
"1203","374403","20221005094000","1704","0","新北市","三峽區","121.375","24.940","1212"
"291","374405","20221005094000","272","1","新北市","三峽區","121.370","24.945","215"
"446","374408","20221005094000","337","2","新北市","三峽區","121.365","24.925","496"
"75","374410","20221005094000","41","3","新北市","三峽區","121.370","24.920","79"
"636","374412","20221005094000","566","1","新北市","三峽區","121.375","24.925","608"
"39","374414","20221005094000","27","2","新北市","三峽區","121.340","24.900","41"
"279","374418","20221005094000","307","0","新北市","三峽區","121.355","24.910","269"
"1258","374420","20221005094000","1344","0","新北市","三峽區","121.375","24.930","1232"
"344","374421","20221005094000","575","0","新北市","三峽區","121.385","24.930","442"
"1730","374422","20221005094000","2736","0","新北市","中和區","121.505","24.990","1664"
"421","374423","20221005094000","1587","0","新北市","土城區","121.455","24.985","445"
"1153","374424","20221005094000","1017","1","新北市","土城區","121.470","24.985","1181"
"382","374427","20221005094000","22","3","宜蘭縣","頭城鎮","121.870","24.910","391"
"29","374433","20221005094000","23","2","宜蘭縣","頭城鎮","121.880","24.920","27"
"29","374451","20221005094000","34","0","宜蘭縣","頭城鎮","121.885","24.935","32"
"1969","374458","20221005094000","2743","0","新北市","中和區","121.520","24.990","1877"
"2387","374459","20221005094000","2305","1","新北市","樹林區","121.415","24.980","2384"
"1755","374462","20221005094000","1779","0","新北市","樹林區","121.385","24.955","1598"
"67","374466","20221005094000","55","2","新北市","樹林區","121.380","24.970","56"
"70","374467","20221005094000","113","0","新北市","樹林區","121.385","24.970","51"
"121","374493","20221005094000","614","0","新北市","新店區","121.535","24.990","109"
"340","374494","20221005094000","206","3","新北市","新店區","121.530","24.955","336"
"177","374495","20221005094000","93","3","新北市","新店區","121.535","24.955","163"
"1042","374496","20221005094000","1015","1","新北市","新店區","121.535","24.960","1078"
"265","374498","20221005094000","300","0","新北市","新店區","121.520","24.970","237"
"1485","374500","20221005094000","2234","0","新北市","新店區","121.515","24.975","1470"
"1239","374512","20221005094000","1513","0","新北市","樹林區","121.420","24.990","1246"
"3158","374513","20221005094000","2278","2","新北市","中和區","121.510","24.980","3141"
"880","374514","20221005094000","801","1","新北市","土城區","121.460","24.975","869"
"306","374515","20221005094000","336","0","新北市","新店區","121.520","24.980","340"
"658","374516","20221005094000","978","0","新北市","新店區","121.520","24.985","709"
"167","374517","20221005094000","132","2","桃園市","大溪區","121.310","24.895","164"
"52","374520","20221005094000","78","0","桃園市","大溪區","121.330","24.895","69"
"17","374524","20221005094000","10","3","桃園市","大溪區","121.320","24.905","17"
"18","374544","20221005094000","59","0","桃園市","大溪區","121.305","24.925","23"
"640","374548","20221005094000","560","1","桃園市","中壢區","121.240","24.940","615"
"233","374549","20221005094000","83","3","桃園市","中壢區","121.245","24.940","186"
"171","374550","20221005094000","153","1","桃園市","中壢區","121.235","24.945","172"
"791","374551","20221005094000","686","1","桃園市","中壢區","121.240","24.945","764"
"1114","374552","20221005094000","1209","0","桃園市","中壢區","121.240","24.980","1157"
"432","374554","20221005094000","379","1","桃園市","中壢區","121.240","24.930","461"
"147","374555","20221005094000","271","0","桃園市","中壢區","121.245","24.930","142"
"532","374556","20221005094000","695","0","桃園市","中壢區","121.235","24.930","577"
"2107","374558","20221005094000","1998","1","桃園市","中壢區","121.250","24.930","2210"
"250","374560","20221005094000","238","1","桃園市","平鎮區","121.205","24.930","251"
"1273","374561","20221005094000","1094","1","桃園市","平鎮區","121.200","24.935","1240"
"106","374562","20221005094000","115","0","桃園市","平鎮區","121.205","24.935","111"
"816","374563","20221005094000","909","0","桃園市","平鎮區","121.205","24.940","827"
"1792","374564","20221005094000","2299","0","桃園市","平鎮區","121.210","24.955","1772"
"2085","374565","20221005094000","1990","1","桃園市","平鎮區","121.205","24.955","1975"
"625","374566","20221005094000","751","0","桃園市","平鎮區","121.240","24.910","619"
"158","374575","20221005094000","63","3","桃園市","平鎮區","121.195","24.945","160"
"1872","374577","20221005094000","2774","0","桃園市","平鎮區","121.200","24.950","1884"
"1249","374578","20221005094000","1284","0","桃園市","平鎮區","121.200","24.955","1192"
"1399","374579","20221005094000","1311","1","桃園市","平鎮區","121.215","24.950","1367"
"746","374580","20221005094000","305","3","新北市","樹林區","121.365","24.950","560"
"584","374587","20221005094000","598","0","新竹縣","新豐鄉","120.980","24.910","583"
"199","374593","20221005094000","109","3","新竹縣","新豐鄉","120.985","24.915","212"
"426","374594","20221005094000","387","1","新竹縣","新豐鄉","120.970","24.920","464"
"1816","374598","20221005094000","1878","0","桃園市","中壢區","121.245","24.970","1785"
"2105","374599","20221005094000","1981","1","桃園市","中壢區","121.240","24.975","2166"
"1104","374600","20221005094000","869","2","桃園市","中壢區","121.250","24.980","1174"
"1421","374601","20221005094000","1300","1","桃園市","中壢區","121.250","24.975","1429"
"1665","374602","20221005094000","1714","0","桃園市","中壢區","121.260","24.975","1695"
"499","374603","20221005094000","717","0","桃園市","中壢區","121.210","24.960","459"
"1154","374604","20221005094000","1084","1","新北市","中和區","121.490","24.990","1126"
"217","374605","20221005094000","455","0","新北市","土城區","121.445","24.990","317"
"226","374606","20221005094000","184","2","新北市","新店區","121.545","24.960","210"
"2213","374607","20221005094000","2343","0","新北市","新店區","121.535","24.965","2231"
"2312","374608","20221005094000","1945","1","新北市","新店區","121.535","24.970","2269"
"1632","374609","20221005094000","1196","2","新北市","鶯歌區","121.350","24.955","1649"
"1434","374610","20221005094000","1281","1","新北市","鶯歌區","121.345","24.950","1436"
"262","374612","20221005094000","198","2","桃園市","龜山區","121.335","24.980","285"
"1837","374613","20221005094000","1656","1","新北市","鶯歌區","121.335","24.975","1883"
"881","374614","20221005094000","950","0","新北市","鶯歌區","121.340","24.940","893"
"65","374617","20221005094000","332","0","新北市","鶯歌區","121.335","24.945","64"
"595","374618","20221005094000","545","1","新北市","鶯歌區","121.340","24.945","568"
"276","374620","20221005094000","262","1","新北市","鶯歌區","121.330","24.950","281"
"2542","374622","20221005094000","2243","1","新北市","鶯歌區","121.345","24.955","2499"
"92","374623","20221005094000","93","0","新北市","鶯歌區","121.365","24.955","107"
"477","374626","20221005094000","251","3","新北市","鶯歌區","121.370","24.960","440"
"303","374630","20221005094000","145","3","新北市","鶯歌區","121.375","24.965","228"
"216","374631","20221005094000","211","1","新北市","樹林區","121.380","24.965","218"
"123","374641","20221005094000","132","0","新北市","鶯歌區","121.355","24.975","140"
"1980","374648","20221005094000","1613","2","桃園市","中壢區","121.250","24.935","1958"
"2057","374654","20221005094000","2221","0","桃園市","中壢區","121.225","24.965","1981"
"234","374656","20221005094000","218","1","桃園市","大溪區","121.250","24.895","183"
"393","374659","20221005094000","330","1","桃園市","大溪區","121.265","24.895","397"
"295","374662","20221005094000","519","0","桃園市","大溪區","121.265","24.900","285"
"1128","374664","20221005094000","1475","0","桃園市","大溪區","121.260","24.905","1163"
"8596","374674","20221005094000","8808","0","新北市","新店區","121.535","24.985","8759"
"574","374675","20221005094000","741","0","新北市","新店區","121.540","24.985","604"
"94","374676","20221005094000","864","0","新北市","新店區","121.505","24.945","117"
"1024","374679","20221005094000","765","2","新北市","新店區","121.500","24.955","984"
"648","374680","20221005094000","714","0","新北市","新店區","121.505","24.955","640"
"86","374683","20221005094000","67","2","新北市","新店區","121.500","24.960","77"
"2134","374685","20221005094000","2729","0","新北市","新店區","121.510","24.960","2209"
"292","374692","20221005094000","462","0","新北市","中和區","121.490","24.980","308"
"775","374694","20221005094000","681","1","新北市","中和區","121.490","24.985","745"
"214","374695","20221005094000","214","1","新北市","中和區","121.495","24.985","225"
"15","374714","20221005094000","25","0","新北市","坪林區","121.735","24.950","25"
"134","374733","20221005094000","138","0","新北市","坪林區","121.700","24.960","138"
"106","374748","20221005094000","110","0","新北市","坪林區","121.725","24.960","127"
"26","374749","20221005094000","17","3","新北市","坪林區","121.705","24.965","23"
"135","374755","20221005094000","166","0","新北市","坪林區","121.705","24.935","152"
"83","374759","20221005094000","343","0","新北市","坪林區","121.710","24.940","116"
"421","374760","20221005094000","421","1","新北市","坪林區","121.720","24.940","450"
"52","374766","20221005094000","147","0","新北市","坪林區","121.700","24.950","73"
"14","374772","20221005094000","20","0","新北市","坪林區","121.710","24.890","14"
"35","374784","20221005094000","39","0","新北市","坪林區","121.700","24.905","50"
"43","374792","20221005094000","26","3","新北市","坪林區","121.700","24.915","47"
"29","374801","20221005094000","28","1","新北市","坪林區","121.700","24.920","38"
"128","374804","20221005094000","139","0","新北市","坪林區","121.695","24.925","154"
"246","374823","20221005094000","289","0","新北市","坪林區","121.715","24.925","288"
"22","374907","20221005094000","24","0","新北市","坪林區","121.785","24.955","28"
"32","374921","20221005094000","45","0","新北市","坪林區","121.730","24.965","22"
"22","374929","20221005094000","32","0","新北市","坪林區","121.770","24.965","17"
"11","374932","20221005094000","13","0","新北市","坪林區","121.785","24.965","14"
"10","374980","20221005094000","13","0","新北市","坪林區","121.730","24.895","15"
"82","375126","20221005094000","78","1","新北市","坪林區","121.680","24.930","106"
"91","375135","20221005094000","63","2","新北市","石碇區","121.665","24.940","106"
"1357","375152","20221005094000","1445","0","新北市","新店區","121.535","24.980","1440"
"275","375153","20221005094000","366","0","新北市","新店區","121.495","24.945","326"
"553","375154","20221005094000","412","2","新北市","新店區","121.495","24.950","557"
"2124","375155","20221005094000","3540","0","新北市","新店區","121.545","24.970","2037"
"429","375159","20221005094000","347","2","新北市","新店區","121.535","24.940","475"
"389","375160","20221005094000","196","3","新北市","新店區","121.540","24.940","364"
"2025","375167","20221005094000","1907","1","桃園市","八德區","121.295","24.960","2108"
"469","375168","20221005094000","409","1","桃園市","中壢區","121.205","24.965","461"
"44","375176","20221005094000","84","0","桃園市","中壢區","121.210","24.975","50"
"2335","375180","20221005094000","3081","0","桃園市","中壢區","121.255","24.975","2380"
"1059","375181","20221005094000","1061","0","桃園市","平鎮區","121.220","24.950","1083"
"1593","375182","20221005094000","1420","1","桃園市","中壢區","121.225","24.945","1634"
"2550","375183","20221005094000","2235","1","桃園市","中壢區","121.230","24.955","2607"
"467","375185","20221005094000","635","0","桃園市","中壢區","121.220","24.985","478"
"2236","375190","20221005094000","2150","1","桃園市","八德區","121.300","24.960","2276"
"1182","375191","20221005094000","1037","1","新竹縣","湖口鄉","121.050","24.905","1130"
"457","375194","20221005094000","415","1","新竹縣","湖口鄉","121.055","24.910","450"
"304","375195","20221005094000","304","1","新竹縣","湖口鄉","121.050","24.915","343"
"1322","375199","20221005094000","1712","0","桃園市","楊梅區","121.060","24.920","1365"
"278","375200","20221005094000","315","0","新竹縣","湖口鄉","121.055","24.925","267"
"1235","375202","20221005094000","1463","0","桃園市","八德區","121.295","24.965","1286"
"2175","375203","20221005094000","1976","1","桃園市","中壢區","121.225","24.955","2148"
"1611","375204","20221005094000","1593","1","桃園市","中壢區","121.225","24.960","1631"
"984","375206","20221005094000","1305","0","桃園市","中壢區","121.260","24.965","949"
"926","375207","20221005094000","917","1","桃園市","八德區","121.300","24.970","878"
"2454","375208","20221005094000","2006","2","桃園市","桃園區","121.305","24.975","2453"
"1311","375209","20221005094000","1470","0","桃園市","八德區","121.300","24.975","1514"
"55","375211","20221005094000","26","3","桃園市","八德區","121.315","24.940","56"
"317","375215","20221005094000","288","1","桃園市","八德區","121.300","24.925","302"
"1457","375216","20221005094000","741","3","新北市","土城區","121.450","24.990","1007"
"1344","375217","20221005094000","1617","0","新北市","土城區","121.440","24.975","1281"
"1584","375218","20221005094000","1582","1","新北市","土城區","121.465","24.975","1603"
"1694","375220","20221005094000","1367","2","新北市","新店區","121.540","24.970","1592"
"180","375229","20221005094000","196","0","新北市","新店區","121.475","24.940","177"
"48","375230","20221005094000","396","0","新北市","新店區","121.480","24.940","44"
"174","375239","20221005094000","222","0","新北市","新店區","121.485","24.950","171"
"1064","375244","20221005094000","1148","0","新北市","新店區","121.510","24.970","1036"
"910","375246","20221005094000","1040","0","新北市","新店區","121.515","24.970","927"
"1107","375247","20221005094000","1782","0","桃園市","中壢區","121.210","24.965","1099"
"2377","375250","20221005094000","2797","0","桃園市","中壢區","121.235","24.970","2415"
"947","375252","20221005094000","796","1","桃園市","中壢區","121.235","24.975","873"
"721","375253","20221005094000","1775","0","桃園市","中壢區","121.235","24.980","704"
"189","375255","20221005094000","461","0","桃園市","中壢區","121.235","24.985","165"
"1695","375256","20221005094000","1633","1","桃園市","中壢區","121.230","24.990","1702"
"1625","375258","20221005094000","1289","2","桃園市","八德區","121.295","24.945","1605"
"368","375259","20221005094000","372","0","桃園市","八德區","121.295","24.950","371"
"1165","375260","20221005094000","877","2","桃園市","八德區","121.275","24.965","1165"
"687","375261","20221005094000","631","1","桃園市","八德區","121.280","24.970","664"
"1218","375264","20221005094000","1701","0","桃園市","中壢區","121.195","24.960","1147"
"92","375265","20221005094000","160","0","桃園市","中壢區","121.200","24.960","89"
"3159","375266","20221005094000","3371","0","桃園市","平鎮區","121.190","24.965","3259"
"1030","375269","20221005094000","1227","0","桃園市","平鎮區","121.190","24.970","993"
"3305","375271","20221005094000","2098","3","桃園市","中壢區","121.205","24.960","3145"
"1519","375272","20221005094000","1337","1","桃園市","中壢區","121.260","24.950","1464"
"1855","375273","20221005094000","1229","3","桃園市","中壢區","121.260","24.955","1801"
"480","375274","20221005094000","426","1","桃園市","八德區","121.290","24.960","488"
"975","375275","20221005094000","1016","0","桃園市","八德區","121.265","24.970","927"
"667","375276","20221005094000","1162","0","桃園市","八德區","121.275","24.970","720"
"1128","375278","20221005094000","1176","0","桃園市","八德區","121.270","24.970","1143"
"1242","375279","20221005094000","1172","1","桃園市","八德區","121.275","24.975","1265"
"1176","375281","20221005094000","1093","1","桃園市","八德區","121.295","24.925","1155"
"307","375296","20221005094000","257","1","新竹縣","新豐鄉","121.005","24.925","266"
"236","375299","20221005094000","230","1","新竹縣","新豐鄉","121.020","24.925","217"
"212","375303","20221005094000","165","2","新竹縣","新豐鄉","120.965","24.895","185"
"231","375308","20221005094000","231","1","新竹縣","新豐鄉","120.970","24.900","224"
"1807","375316","20221005094000","2375","0","新北市","土城區","121.420","24.960","1840"
"372","375317","20221005094000","475","0","新北市","土城區","121.410","24.955","370"
"959","375318","20221005094000","781","2","新北市","土城區","121.415","24.955","1014"
"157","375319","20221005094000","140","1","新北市","新店區","121.515","24.980","145"
"174","375320","20221005094000","56","3","新北市","新店區","121.515","24.945","166"
"281","375321","20221005094000","344","0","新北市","新店區","121.520","24.945","284"
"42","375323","20221005094000","65","0","新北市","新店區","121.520","24.950","43"
"67","375324","20221005094000","25","3","新北市","新店區","121.525","24.950","73"
"312","375325","20221005094000","400","0","新北市","新店區","121.515","24.955","332"
"1432","375326","20221005094000","603","3","新北市","新店區","121.520","24.955","1411"
"281","375330","20221005094000","242","1","新北市","新店區","121.530","24.960","284"
"668","375332","20221005094000","680","0","新北市","新店區","121.525","24.965","702"
"29","375333","20221005094000","607","0","新北市","新店區","121.520","24.965","39"
"1559","375335","20221005094000","2013","0","新北市","新店區","121.540","24.975","1550"
"793","375346","20221005094000","1465","0","新北市","新店區","121.505","24.920","763"
"421","375357","20221005094000","405","1","新北市","新店區","121.510","24.925","443"
"30","375361","20221005094000","22","2","新北市","新店區","121.530","24.925","42"
"4373","375369","20221005094000","5087","0","新北市","新店區","121.540","24.980","4482"
"817","375370","20221005094000","821","0","新北市","新店區","121.530","24.950","815"
"1087","375371","20221005094000","869","2","新北市","新店區","121.550","24.955","1077"
"84","375372","20221005094000","240","0","新北市","新店區","121.555","24.955","87"
"369","375374","20221005094000","398","0","新北市","新店區","121.555","24.965","364"
"32","375384","20221005094000","59","0","新北市","新店區","121.500","24.920","36"
"128","375390","20221005094000","86","2","新北市","新店區","121.505","24.930","137"
"25","375394","20221005094000","24","1","新北市","新店區","121.510","24.935","17"
"460","375399","20221005094000","364","2","新北市","新店區","121.505","24.940","433"
"1163","375400","20221005094000","1028","1","桃園市","八德區","121.320","24.960","1149"
"1246","375401","20221005094000","1080","1","桃園市","八德區","121.325","24.970","1172"
"580","375402","20221005094000","518","1","桃園市","八德區","121.300","24.930","623"
"463","375403","20221005094000","544","0","桃園市","八德區","121.305","24.930","491"
"96","375404","20221005094000","99","0","桃園市","八德區","121.300","24.935","99"
"917","375405","20221005094000","1068","0","桃園市","八德區","121.305","24.935","969"
"116","375407","20221005094000","170","0","桃園市","八德區","121.300","24.940","100"
"482","375408","20221005094000","460","1","桃園市","八德區","121.305","24.940","486"
"701","375410","20221005094000","588","1","桃園市","八德區","121.255","24.920","674"
"18","375411","20221005094000","63","0","桃園市","八德區","121.260","24.920","11"
"327","375417","20221005094000","374","0","桃園市","八德區","121.260","24.925","353"
"1277","375419","20221005094000","942","2","桃園市","八德區","121.270","24.975","1250"
"3579","375420","20221005094000","4037","0","桃園市","中壢區","121.240","24.955","3635"
"1420","375421","20221005094000","2122","0","桃園市","中壢區","121.240","24.960","1432"
"953","375422","20221005094000","1140","0","桃園市","中壢區","121.245","24.960","943"
"108","375423","20221005094000","77","2","桃園市","中壢區","121.245","24.965","130"
"1323","375427","20221005094000","1057","2","桃園市","中壢區","121.255","24.960","1347"
"135","375435","20221005094000","171","0","新竹縣","新豐鄉","121.005","24.930","135"
"14","375443","20221005094000","11","2","新竹縣","新豐鄉","121.015","24.935","14"
"175","375452","20221005094000","135","2","新竹縣","新豐鄉","121.000","24.905","139"
"379","375460","20221005094000","308","2","新竹縣","新豐鄉","121.010","24.910","329"
"274","375465","20221005094000","288","0","新竹縣","新豐鄉","121.025","24.915","267"
"279","375468","20221005094000","235","1","新竹縣","新豐鄉","121.035","24.930","328"
"1272","375480","20221005094000","1263","1","新竹縣","新豐鄉","120.985","24.900","1149"
"633","375481","20221005094000","609","1","新竹縣","新豐鄉","120.990","24.900","708"
"297","375484","20221005094000","1128","0","桃園市","中壢區","121.235","24.950","260"
"2733","375485","20221005094000","2558","1","新北市","土城區","121.445","24.970","2741"
"862","375486","20221005094000","770","1","新北市","土城區","121.445","24.975","915"
"2308","375487","20221005094000","2367","0","新北市","新店區","121.530","24.970","2221"
"1345","375488","20221005094000","1263","1","新北市","新店區","121.525","24.975","1368"
"909","375489","20221005094000","770","1","新北市","新店區","121.530","24.975","889"
"174","375490","20221005094000","79","3","新北市","新店區","121.525","24.980","148"
"1500","375492","20221005094000","1317","1","新北市","土城區","121.435","24.970","1494"
"2476","375493","20221005094000","3296","0","新北市","新店區","121.545","24.965","2457"
"4257","375495","20221005094000","5128","0","新北市","新店區","121.535","24.975","4149"
"358","375515","20221005094000","297","2","新北市","新店區","121.555","24.930","370"
"91","375517","20221005094000","38","3","新北市","新店區","121.565","24.930","76"
"570","375521","20221005094000","449","2","新北市","新店區","121.550","24.935","561"
"672","375529","20221005094000","931","0","新北市","新店區","121.530","24.965","688"
"523","375530","20221005094000","1181","0","新北市","新店區","121.475","24.955","478"
"656","375534","20221005094000","697","0","新北市","中和區","121.485","24.965","618"
"938","375536","20221005094000","854","1","桃園市","中壢區","121.245","24.935","887"
"1423","375537","20221005094000","1318","1","桃園市","中壢區","121.260","24.970","1424"
"538","375539","20221005094000","692","0","桃園市","中壢區","121.255","24.935","569"
"655","375540","20221005094000","602","1","桃園市","中壢區","121.260","24.935","662"
"764","375541","20221005094000","1114","0","桃園市","中壢區","121.250","24.940","738"
"513","375542","20221005094000","568","0","桃園市","中壢區","121.260","24.940","589"
"1584","375543","20221005094000","1456","1","桃園市","中壢區","121.240","24.950","1568"
"386","375544","20221005094000","369","1","桃園市","中壢區","121.245","24.950","409"
"924","375548","20221005094000","676","2","桃園市","觀音區","121.150","24.965","892"
"364","375551","20221005094000","300","2","桃園市","觀音區","121.140","24.975","342"
"165","375559","20221005094000","141","1","桃園市","觀音區","121.135","24.985","139"
"887","375569","20221005094000","868","1","桃園市","觀音區","121.165","24.990","898"
"479","375572","20221005094000","443","1","桃園市","八德區","121.320","24.945","462"
"647","375574","20221005094000","602","1","桃園市","八德區","121.315","24.950","681"
"678","375577","20221005094000","1085","0","桃園市","八德區","121.315","24.955","694"
"734","375578","20221005094000","785","0","桃園市","八德區","121.295","24.970","726"
"510","375581","20221005094000","315","3","桃園市","蘆竹區","121.270","24.990","449"
"145","375593","20221005094000","244","0","新北市","石碇區","121.675","24.970","167"
"26","375644","20221005094000","29","0","新北市","石碇區","121.635","24.950","36"
"44","375652","20221005094000","51","0","新北市","石碇區","121.635","24.955","42"
"32","375653","20221005094000","32","1","新北市","石碇區","121.640","24.955","34"
"104","375655","20221005094000","101","1","新北市","石碇區","121.650","24.955","116"
"134","375667","20221005094000","132","1","新北市","石碇區","121.630","24.965","143"
"32","375811","20221005094000","33","0","新北市","石碇區","121.645","24.930","69"
"11","375836","20221005094000","13","0","新北市","石碇區","121.660","24.950","13"
"58","375839","20221005094000","62","0","新北市","石碇區","121.670","24.980","62"
"129","375840","20221005094000","34","3","新北市","石碇區","121.675","24.980","136"
"52","375891","20221005094000","46","1","新北市","石碇區","121.660","24.975","56"
"66","375897","20221005094000","86","0","新北市","石碇區","121.665","24.980","66"
"29","375941","20221005094000","27","1","新北市","貢寮區","121.885","24.985","34"
"12","375959","20221005094000","103","0","新北市","土城區","121.445","24.960","10"
"962","375963","20221005094000","995","0","新北市","土城區","121.435","24.975","941"
"1096","375967","20221005094000","986","1","新北市","土城區","121.440","24.970","1095"
"677","375969","20221005094000","717","0","新北市","土城區","121.455","24.970","684"
"207","375970","20221005094000","174","1","新北市","新店區","121.550","24.960","209"
"429","375971","20221005094000","418","1","新北市","新店區","121.550","24.965","430"
"107","375972","20221005094000","57","3","新北市","新店區","121.580","24.910","79"
"145","375990","20221005094000","152","0","新北市","新店區","121.570","24.930","138"
"61","375994","20221005094000","67","0","新北市","新店區","121.590","24.930","80"
"27","376005","20221005094000","13","3","新北市","新店區","121.570","24.940","33"
"106","376023","20221005094000","118","0","新北市","新店區","121.580","24.950","127"
"58","376024","20221005094000","47","2","新北市","新店區","121.585","24.950","87"
"15","376031","20221005094000","11","2","新北市","新店區","121.595","24.955","16"
"23","376033","20221005094000","18","2","新北市","新店區","121.605","24.955","24"
"225","376045","20221005094000","239","0","新北市","新店區","121.500","24.935","245"
"64","376049","20221005094000","42","3","新北市","新店區","121.500","24.940","45"
"1763","376051","20221005094000","1796","0","新北市","新店區","121.490","24.945","1732"
"331","376052","20221005094000","371","0","新北市","新店區","121.490","24.950","335"
"430","376060","20221005094000","429","1","新北市","新店區","121.545","24.955","458"
"688","376063","20221005094000","731","0","新北市","新店區","121.560","24.955","706"
"896","376064","20221005094000","764","1","新北市","新店區","121.565","24.955","856"
"77","376065","20221005094000","72","1","新北市","新店區","121.570","24.955","62"
"17","376068","20221005094000","60","0","新北市","新店區","121.560","24.960","16"
"10","376072","20221005094000","53","0","新北市","新店區","121.580","24.960","20"
"26","376096","20221005094000","10","3","新北市","新店區","121.570","24.900","23"
"23","376099","20221005094000","305","0","新北市","新店區","121.555","24.905","29"
"380","376101","20221005094000","395","0","新北市","新店區","121.545","24.910","377"
"680","376106","20221005094000","583","1","桃園市","觀音區","121.155","24.975","721"
"332","376109","20221005094000","295","1","桃園市","觀音區","121.150","24.980","311"
"365","376115","20221005094000","272","2","桃園市","觀音區","121.135","24.990","344"
"1706","376118","20221005094000","2586","0","新北市","新店區","121.515","24.985","1782"
"394","376123","20221005094000","528","0","新北市","土城區","121.445","24.950","409"
"257","376130","20221005094000","197","2","新北市","土城區","121.440","24.965","259"
"625","376131","20221005094000","820","0","新北市","土城區","121.430","24.970","665"
"1633","376132","20221005094000","1739","0","新北市","土城區","121.435","24.965","1699"
"548","376133","20221005094000","568","0","新北市","板橋區","121.430","24.975","517"
"1754","376134","20221005094000","2118","0","臺北市","文山區","121.545","24.985","1747"
"598","376135","20221005094000","693","0","新北市","新店區","121.510","24.950","672"
"1020","376136","20221005094000","1007","1","新北市","新店區","121.515","24.960","963"
"165","376137","20221005094000","1393","0","新北市","新店區","121.515","24.965","159"
"1972","376141","20221005094000","2347","0","桃園市","八德區","121.320","24.965","1886"
"744","376145","20221005094000","558","2","新竹縣","湖口鄉","121.060","24.895","710"
"235","376148","20221005094000","956","0","新北市","土城區","121.455","24.980","225"
"392","376149","20221005094000","1085","0","新北市","土城區","121.450","24.980","371"
"211","376150","20221005094000","721","0","新北市","新店區","121.540","24.955","197"
"204","376151","20221005094000","618","0","桃園市","中壢區","121.255","24.940","182"
"784","376153","20221005094000","889","0","桃園市","中壢區","121.250","24.965","759"
"1372","376154","20221005094000","1770","0","桃園市","中壢區","121.255","24.965","1334"
"3718","376155","20221005094000","6303","0","桃園市","中壢區","121.250","24.970","3723"
"192","376156","20221005094000","181","1","桃園市","八德區","121.320","24.955","175"
"285","376157","20221005094000","584","0","桃園市","八德區","121.325","24.955","294"
"690","376160","20221005094000","572","2","桃園市","八德區","121.325","24.965","637"
"2025","376161","20221005094000","2487","0","桃園市","桃園區","121.280","24.990","2044"
"117","376176","20221005094000","131","0","新北市","樹林區","121.405","24.990","112"
"22","376177","20221005094000","58","0","新北市","樹林區","121.410","24.990","27"
"785","376178","20221005094000","441","3","桃園市","平鎮區","121.205","24.895","725"
"529","376179","20221005094000","634","0","桃園市","平鎮區","121.195","24.895","555"
"1451","376180","20221005094000","1907","0","桃園市","平鎮區","121.200","24.895","1423"
"1352","376181","20221005094000","1117","2","桃園市","平鎮區","121.195","24.900","1360"
"297","376183","20221005094000","163","3","桃園市","平鎮區","121.205","24.900","306"
"895","376184","20221005094000","818","1","桃園市","平鎮區","121.195","24.905","950"
"591","376185","20221005094000","737","0","桃園市","平鎮區","121.200","24.905","608"
"132","376189","20221005094000","128","1","桃園市","平鎮區","121.215","24.900","116"
"334","376192","20221005094000","315","1","桃園市","平鎮區","121.215","24.905","305"
"1733","376194","20221005094000","1659","1","桃園市","桃園區","121.315","24.985","1804"
"794","376195","20221005094000","810","0","桃園市","中壢區","121.245","24.945","835"
"550","376196","20221005094000","495","1","桃園市","中壢區","121.250","24.945","564"
"331","376199","20221005094000","249","2","新北市","石碇區","121.660","24.990","321"
"89","376200","20221005094000","39","3","新北市","石碇區","121.685","24.960","107"
"59","376205","20221005094000","72","0","新北市","石碇區","121.680","24.970","63"
"318","376222","20221005094000","315","1","新北市","石碇區","121.690","24.980","321"
"193","376245","20221005094000","433","0","新北市","鶯歌區","121.340","24.960","188"
"283","376246","20221005094000","318","0","新北市","鶯歌區","121.340","24.965","295"
"162","376248","20221005094000","150","1","新北市","鶯歌區","121.340","24.970","180"
"547","376251","20221005094000","563","0","新北市","鶯歌區","121.345","24.975","467"
"305","376258","20221005094000","244","2","新北市","鶯歌區","121.320","24.935","307"
"908","376259","20221005094000","812","1","新北市","鶯歌區","121.325","24.935","902"
"467","376260","20221005094000","690","0","新北市","鶯歌區","121.330","24.935","498"
"602","376263","20221005094000","676","0","新北市","鶯歌區","121.330","24.940","642"
"337","376265","20221005094000","335","1","新北市","鶯歌區","121.335","24.930","326"
"603","376268","20221005094000","505","1","新北市","鶯歌區","121.345","24.935","567"
"2379","376269","20221005094000","2151","1","新北市","鶯歌區","121.355","24.955","2368"
"690","376270","20221005094000","700","0","新北市","鶯歌區","121.360","24.955","682"
"537","376273","20221005094000","564","0","新北市","鶯歌區","121.355","24.940","529"
"436","376274","20221005094000","377","1","新北市","鶯歌區","121.350","24.945","392"
"364","376277","20221005094000","387","0","新北市","鶯歌區","121.350","24.950","372"
"1235","376280","20221005094000","1322","0","新北市","樹林區","121.395","24.970","1243"
"1480","376281","20221005094000","1669","0","桃園市","楊梅區","121.185","24.915","1410"
"868","376282","20221005094000","876","0","桃園市","楊梅區","121.180","24.920","804"
"388","376283","20221005094000","345","1","桃園市","楊梅區","121.185","24.920","403"
"490","376284","20221005094000","483","1","桃園市","中壢區","121.215","24.960","490"
"1118","376285","20221005094000","2285","0","桃園市","中壢區","121.215","24.965","1111"
"319","376287","20221005094000","104","3","桃園市","中壢區","121.175","24.975","300"
"227","376293","20221005094000","264","0","桃園市","中壢區","121.190","24.980","223"
"31","376295","20221005094000","35","0","桃園市","中壢區","121.175","24.980","28"
"1309","376297","20221005094000","1163","1","桃園市","中壢區","121.185","24.980","1250"
"229","376300","20221005094000","219","1","桃園市","中壢區","121.175","24.985","199"
"202","376301","20221005094000","148","2","桃園市","中壢區","121.180","24.985","165"
"1089","376307","20221005094000","784","2","桃園市","八德區","121.260","24.930","1165"
"1092","376308","20221005094000","1151","0","桃園市","平鎮區","121.220","24.945","1083"
"1552","376309","20221005094000","1971","0","桃園市","楊梅區","121.150","24.905","1548"
"376","376311","20221005094000","425","0","桃園市","平鎮區","121.220","24.920","386"
"467","376312","20221005094000","472","0","桃園市","平鎮區","121.220","24.925","456"
"884","376313","20221005094000","564","3","桃園市","平鎮區","121.205","24.915","868"
"1426","376315","20221005094000","1420","1","新北市","樹林區","121.390","24.960","1517"
"73","376320","20221005094000","77","0","新北市","樹林區","121.395","24.965","56"
"12","376321","20221005094000","181","0","新北市","樹林區","121.400","24.965","18"
"472","376325","20221005094000","390","2","新北市","樹林區","121.405","24.970","462"
"3007","376326","20221005094000","3092","0","新北市","樹林區","121.380","24.945","3010"
"740","376327","20221005094000","551","2","新北市","樹林區","121.385","24.945","692"
"2323","376330","20221005094000","1687","2","新北市","樹林區","121.380","24.950","2237"
"502","376331","20221005094000","494","1","新北市","樹林區","121.385","24.950","456"
"3015","376333","20221005094000","2622","1","新北市","樹林區","121.395","24.950","2939"
"387","376335","20221005094000","364","1","新北市","板橋區","121.435","24.990","407"
"3672","376337","20221005094000","3292","1","新北市","土城區","121.450","24.985","3591"
"1520","376338","20221005094000","1180","2","桃園市","中壢區","121.245","24.985","1384"
"2334","376341","20221005094000","2480","0","桃園市","中壢區","121.240","24.990","2104"
"519","376344","20221005094000","703","0","桃園市","中壢區","121.255","24.990","534"
"1056","376345","20221005094000","975","1","桃園市","中壢區","121.255","24.980","992"
"386","376347","20221005094000","469","0","桃園市","中壢區","121.260","24.945","384"
"283","376348","20221005094000","321","0","桃園市","中壢區","121.255","24.950","272"
"858","376349","20221005094000","613","2","桃園市","中壢區","121.165","24.960","914"
"430","376350","20221005094000","381","1","桃園市","中壢區","121.170","24.960","420"
"836","376351","20221005094000","744","1","桃園市","新屋區","121.155","24.960","803"
"43","376352","20221005094000","34","2","桃園市","中壢區","121.155","24.965","45"
"133","376353","20221005094000","685","0","桃園市","中壢區","121.160","24.965","140"
"1774","376361","20221005094000","1564","1","桃園市","中壢區","121.175","24.970","1758"
"980","376370","20221005094000","954","1","新北市","樹林區","121.420","24.980","952"
"786","376373","20221005094000","704","1","新北市","樹林區","121.420","24.975","726"
"3005","376375","20221005094000","2683","1","新北市","板橋區","121.425","24.985","3012"
"1654","376380","20221005094000","1894","0","新北市","板橋區","121.430","24.985","1701"
"755","376381","20221005094000","714","1","桃園市","平鎮區","121.250","24.925","756"
"33","376385","20221005094000","48","0","桃園市","龜山區","121.350","24.985","28"
"423","376391","20221005094000","473","0","桃園市","龜山區","121.360","24.990","440"
"27","376392","20221005094000","13","3","桃園市","龜山區","121.365","24.990","27"
"128","376393","20221005094000","112","1","桃園市","龜山區","121.370","24.990","139"
"83","376400","20221005094000","275","0","桃園市","楊梅區","121.105","24.910","75"
"155","376403","20221005094000","164","0","桃園市","楊梅區","121.120","24.910","159"
"248","376407","20221005094000","302","0","桃園市","楊梅區","121.100","24.915","240"
"1015","376412","20221005094000","792","2","桃園市","楊梅區","121.125","24.915","989"
"66","376419","20221005094000","206","0","新竹縣","湖口鄉","121.105","24.895","60"
"11","376422","20221005094000","87","0","桃園市","楊梅區","121.085","24.900","10"
"616","376427","20221005094000","457","2","桃園市","楊梅區","121.060","24.905","634"
"465","376431","20221005094000","285","3","桃園市","楊梅區","121.080","24.905","437"
"440","376438","20221005094000","388","1","桃園市","楊梅區","121.070","24.910","456"
"244","376440","20221005094000","168","2","桃園市","楊梅區","121.080","24.910","221"
"411","376443","20221005094000","348","1","桃園市","楊梅區","121.095","24.910","359"
"323","376447","20221005094000","377","0","桃園市","楊梅區","121.075","24.915","340"
"590","376456","20221005094000","691","0","桃園市","楊梅區","121.125","24.940","590"
"518","376457","20221005094000","290","3","桃園市","楊梅區","121.130","24.940","538"
"135","376471","20221005094000","214","0","新北市","深坑區","121.620","24.980","142"
"341","376485","20221005094000","514","0","新北市","樹林區","121.415","24.985","316"
"1908","376486","20221005094000","1585","2","新北市","樹林區","121.425","24.990","1884"
"896","376487","20221005094000","844","1","桃園市","平鎮區","121.200","24.945","834"
"4683","376488","20221005094000","3467","2","桃園市","平鎮區","121.205","24.945","4717"
"1277","376490","20221005094000","1498","0","桃園市","平鎮區","121.210","24.950","1309"
"1108","376491","20221005094000","1216","0","桃園市","平鎮區","121.210","24.900","1086"
"1674","376492","20221005094000","1514","1","桃園市","平鎮區","121.210","24.905","1655"
"32","376500","20221005094000","37","0","新北市","土城區","121.445","24.940","38"
"12","376502","20221005094000","34","0","新北市","土城區","121.415","24.945","10"
"301","376508","20221005094000","194","3","新北市","土城區","121.410","24.950","258"
"188","376509","20221005094000","188","1","新北市","土城區","121.415","24.950","197"
"2320","376510","20221005094000","2087","1","桃園市","中壢區","121.230","24.945","2302"
"1859","376511","20221005094000","2004","0","桃園市","中壢區","121.235","24.955","1761"
"21","376512","20221005094000","16","2","桃園市","中壢區","121.220","24.970","23"
"566","376514","20221005094000","749","0","桃園市","中壢區","121.220","24.975","759"
"712","376517","20221005094000","461","3","桃園市","中壢區","121.215","24.980","684"
"32","376518","20221005094000","153","0","桃園市","中壢區","121.220","24.980","28"
"2898","376521","20221005094000","2959","0","桃園市","中壢區","121.220","24.960","2942"
"239","376522","20221005094000","232","1","新竹縣","新豐鄉","121.000","24.895","233"
"13","376524","20221005094000","62","0","新竹縣","新豐鄉","121.010","24.895","14"
"623","376531","20221005094000","565","1","桃園市","平鎮區","121.255","24.925","616"
"864","376532","20221005094000","805","1","新北市","樹林區","121.415","24.975","856"
"390","376533","20221005094000","617","0","新北市","樹林區","121.400","24.970","398"
"2130","376539","20221005094000","1937","1","新北市","樹林區","121.420","24.985","2138"
"2699","376540","20221005094000","2196","2","新北市","土城區","121.460","24.980","2694"
"1180","376541","20221005094000","1480","0","新北市","土城區","121.460","24.985","1209"
"1795","376542","20221005094000","2050","0","新北市","板橋區","121.430","24.990","1857"
"37","376544","20221005094000","29","2","新北市","平溪區","121.725","24.975","53"
"4142","376577","20221005094000","3475","1","新北市","板橋區","121.460","24.990","4184"
"431","376578","20221005094000","871","0","新北市","土城區","121.465","24.980","419"
"494","376584","20221005094000","560","0","新北市","土城區","121.425","24.960","432"
"715","376586","20221005094000","934","0","新北市","土城區","121.435","24.960","607"
"962","376587","20221005094000","1693","0","新北市","土城區","121.430","24.965","955"
"2257","376588","20221005094000","1724","2","桃園市","八德區","121.305","24.965","2414"
"1231","376589","20221005094000","642","3","桃園市","桃園區","121.295","24.975","1217"
"806","376592","20221005094000","681","1","桃園市","中壢區","121.230","24.940","762"
"1075","376594","20221005094000","864","2","桃園市","平鎮區","121.245","24.915","1008"
"1904","376595","20221005094000","1412","2","桃園市","八德區","121.295","24.955","1907"
"376","376607","20221005094000","454","0","新竹縣","新豐鄉","120.985","24.920","439"
"926","376614","20221005094000","841","1","新竹縣","新豐鄉","120.990","24.930","927"
"604","376622","20221005094000","527","1","桃園市","中壢區","121.230","24.970","568"
"596","376623","20221005094000","548","1","桃園市","中壢區","121.225","24.975","564"
"1042","376624","20221005094000","1004","1","桃園市","中壢區","121.230","24.975","1006"
"1522","376627","20221005094000","1436","1","桃園市","中壢區","121.230","24.980","1536"
"108","376629","20221005094000","90","2","新竹縣","湖口鄉","121.040","24.900","101"
"1166","376633","20221005094000","848","2","新竹縣","湖口鄉","121.040","24.895","1141"
"659","376636","20221005094000","425","3","新竹縣","湖口鄉","121.040","24.915","638"
"40","376641","20221005094000","161","0","新竹縣","湖口鄉","121.040","24.925","35"
"201","376651","20221005094000","145","2","新竹縣","湖口鄉","121.045","24.935","195"
"1645","376653","20221005094000","1933","0","桃園市","中壢區","121.235","24.965","1593"
"205","376655","20221005094000","187","1","桃園市","中壢區","121.240","24.970","191"
"132","376656","20221005094000","543","0","桃園市","中壢區","121.255","24.930","122"
"696","376658","20221005094000","478","2","新竹縣","湖口鄉","121.065","24.895","466"
"477","376665","20221005094000","406","1","新北市","鶯歌區","121.355","24.950","472"
"647","376666","20221005094000","642","1","新北市","鶯歌區","121.335","24.955","648"
"2137","376667","20221005094000","2008","1","新北市","鶯歌區","121.330","24.960","2004"
"52","376668","20221005094000","163","0","新北市","鶯歌區","121.335","24.960","49"
"12","376669","20221005094000","142","0","新北市","鶯歌區","121.335","24.950","12"
"486","376670","20221005094000","419","1","新北市","鶯歌區","121.340","24.950","476"
"1113","376674","20221005094000","938","1","新北市","鶯歌區","121.330","24.965","1140"
"1291","376675","20221005094000","1654","0","新北市","樹林區","121.425","24.980","1203"
"13","376678","20221005094000","178","0","新北市","樹林區","121.400","24.955","16"
"266","376679","20221005094000","206","2","新北市","樹林區","121.405","24.955","283"
"662","376680","20221005094000","607","1","新北市","樹林區","121.405","24.960","657"
"1183","376682","20221005094000","980","2","新北市","樹林區","121.410","24.970","1184"
"359","376685","20221005094000","304","1","新北市","樹林區","121.400","24.975","329"
"890","376686","20221005094000","592","3","新北市","樹林區","121.405","24.975","909"
"1621","376687","20221005094000","1949","0","新北市","樹林區","121.410","24.975","1615"
"113","376690","20221005094000","110","1","新北市","樹林區","121.400","24.980","94"
"1233","376699","20221005094000","1507","0","新北市","樹林區","121.410","24.980","1197"
"584","376700","20221005094000","637","0","新北市","樹林區","121.415","24.990","567"
"1129","376701","20221005094000","850","2","新北市","新店區","121.500","24.945","1093"
"146","376703","20221005094000","166","0","新北市","新店區","121.565","24.905","148"
"462","376717","20221005094000","415","1","新北市","新店區","121.550","24.920","453"
"2938","376725","20221005094000","2090","2","新北市","新店區","121.540","24.960","2909"
"16","376752","20221005094000","12","2","新北市","新店區","121.535","24.905","24"
"27","376759","20221005094000","23","1","新北市","新店區","121.535","24.910","27"
"18","376761","20221005094000","19","0","新北市","新店區","121.520","24.915","16"
"79","376764","20221005094000","55","2","新北市","新店區","121.535","24.915","73"
"54","376766","20221005094000","57","0","新北市","新店區","121.545","24.915","47"
"1986","376768","20221005094000","2678","0","新北市","土城區","121.445","24.985","2126"
"1889","376769","20221005094000","1830","1","新北市","土城區","121.450","24.975","1847"
"487","376770","20221005094000","537","0","新北市","土城區","121.455","24.975","479"
"2843","376772","20221005094000","3166","0","新北市","土城區","121.415","24.960","2884"
"533","376774","20221005094000","1981","0","新北市","土城區","121.420","24.965","553"
"1183","376775","20221005094000","1625","0","新北市","土城區","121.425","24.965","1143"
"849","376777","20221005094000","962","0","新北市","土城區","121.425","24.970","846"
"228","376787","20221005094000","229","0","新北市","土城區","121.470","24.960","345"
"172","376788","20221005094000","153","1","新北市","土城區","121.455","24.965","206"
"22","376792","20221005094000","12","3","新北市","土城區","121.475","24.965","32"
"679","376796","20221005094000","930","0","新北市","土城區","121.460","24.970","670"
"3938","376798","20221005094000","4054","0","新北市","新店區","121.540","24.965","3952"
"10","376801","20221005094000","11","0","桃園市","大溪區","121.305","24.895","14"
"34","376808","20221005094000","127","0","桃園市","八德區","121.280","24.930","30"
"1024","376809","20221005094000","984","1","桃園市","八德區","121.285","24.930","986"
"374","376810","20221005094000","374","1","桃園市","八德區","121.280","24.935","400"
"584","376813","20221005094000","538","1","桃園市","八德區","121.270","24.930","589"
"37","376815","20221005094000","48","0","桃園市","八德區","121.270","24.935","43"
"923","376823","20221005094000","806","1","桃園市","八德區","121.280","24.925","1018"
"1572","376824","20221005094000","1259","2","桃園市","八德區","121.285","24.925","1509"
"2842","376825","20221005094000","3504","0","桃園市","中壢區","121.220","24.955","2903"
"1650","376826","20221005094000","1732","0","桃園市","中壢區","121.230","24.965","1662"
"1307","376828","20221005094000","1048","2","桃園市","八德區","121.275","24.980","1319"
"309","376829","20221005094000","462","0","桃園市","八德區","121.280","24.980","342"
"1492","376831","20221005094000","1948","0","新竹縣","湖口鄉","121.050","24.900","1460"
"2307","376832","20221005094000","2413","0","新竹縣","湖口鄉","121.045","24.900","2282"
"364","376845","20221005094000","573","0","桃園市","平鎮區","121.230","24.930","364"
"1505","376847","20221005094000","995","3","桃園市","中壢區","121.230","24.935","1562"
"815","376848","20221005094000","843","0","桃園市","中壢區","121.225","24.940","828"
"1632","376849","20221005094000","1530","1","桃園市","中壢區","121.245","24.975","1645"
"2195","376850","20221005094000","2225","0","桃園市","中壢區","121.245","24.980","2002"
"414","376851","20221005094000","460","0","桃園市","中壢區","121.250","24.985","574"
"507","376852","20221005094000","651","0","桃園市","中壢區","121.240","24.985","501"
"1516","376853","20221005094000","1262","2","桃園市","八德區","121.295","24.935","1246"
"255","376854","20221005094000","243","1","桃園市","八德區","121.295","24.940","232"
"1107","376855","20221005094000","1147","0","桃園市","八德區","121.295","24.930","1083"
"430","376856","20221005094000","451","0","桃園市","龜山區","121.335","24.985","397"
"2203","376857","20221005094000","2559","0","桃園市","龜山區","121.335","24.990","2235"
"760","376860","20221005094000","854","0","桃園市","龜山區","121.345","24.980","749"
"18","376865","20221005094000","116","0","桃園市","龜山區","121.360","24.985","17"
"1829","376866","20221005094000","1467","2","桃園市","平鎮區","121.220","24.940","1789"
"270","376871","20221005094000","291","0","桃園市","楊梅區","121.185","24.905","266"
"188","376875","20221005094000","164","1","桃園市","平鎮區","121.200","24.910","171"
"1007","376878","20221005094000","593","3","桃園市","平鎮區","121.200","24.915","962"
"190","376881","20221005094000","223","0","桃園市","平鎮區","121.200","24.920","182"
"1037","376882","20221005094000","1505","0","桃園市","楊梅區","121.180","24.945","1080"
"963","376886","20221005094000","792","2","桃園市","平鎮區","121.185","24.955","922"
"820","376887","20221005094000","833","0","桃園市","中壢區","121.175","24.960","818"
"757","376889","20221005094000","760","0","桃園市","平鎮區","121.185","24.960","767"
"923","376892","20221005094000","971","0","桃園市","中壢區","121.185","24.970","891"
"316","376894","20221005094000","267","1","桃園市","平鎮區","121.190","24.930","321"
"226","376895","20221005094000","45","3","桃園市","楊梅區","121.185","24.935","246"
"41","376899","20221005094000","423","0","桃園市","平鎮區","121.190","24.940","52"
"839","376900","20221005094000","664","2","桃園市","平鎮區","121.195","24.940","867"
"274","376915","20221005094000","391","0","桃園市","大溪區","121.310","24.930","292"
"688","376925","20221005094000","522","2","桃園市","大溪區","121.275","24.895","650"
"1051","376927","20221005094000","987","1","桃園市","大溪區","121.280","24.895","1035"
"664","376929","20221005094000","628","1","桃園市","大溪區","121.285","24.905","691"
"438","376930","20221005094000","419","1","桃園市","大溪區","121.280","24.900","439"
"927","376931","20221005094000","538","3","桃園市","大溪區","121.280","24.905","893"
"1218","376932","20221005094000","1001","2","桃園市","龜山區","121.325","24.990","1122"
"1287","376933","20221005094000","1377","0","桃園市","桃園區","121.325","24.980","1290"
"2505","376934","20221005094000","2450","1","桃園市","龜山區","121.330","24.980","2550"
"3026","376936","20221005094000","2304","2","桃園市","桃園區","121.320","24.985","3042"
"4871","376937","20221005094000","4381","1","桃園市","龜山區","121.325","24.985","4787"
"622","376938","20221005094000","1071","0","桃園市","龜山區","121.330","24.985","649"
"250","376940","20221005094000","221","1","桃園市","新屋區","121.055","24.975","259"
"195","376956","20221005094000","187","1","桃園市","新屋區","121.125","24.955","207"
"604","376971","20221005094000","508","1","桃園市","新屋區","121.135","24.970","640"
"84","376972","20221005094000","135","0","桃園市","觀音區","121.140","24.970","99"
"557","376974","20221005094000","596","0","桃園市","龜山區","121.330","24.990","501"
"2239","376975","20221005094000","4077","0","桃園市","桃園區","121.310","24.990","2207"
"1443","376976","20221005094000","1441","1","桃園市","楊梅區","121.170","24.910","1409"
"431","376978","20221005094000","489","0","桃園市","楊梅區","121.175","24.915","420"
"1109","376979","20221005094000","1581","0","桃園市","楊梅區","121.170","24.920","1193"
"610","376984","20221005094000","796","0","桃園市","楊梅區","121.110","24.925","593"
"548","376995","20221005094000","715","0","桃園市","楊梅區","121.125","24.930","518"
"149","376998","20221005094000","153","0","桃園市","楊梅區","121.115","24.940","136"
"154","377001","20221005094000","140","1","桃園市","楊梅區","121.175","24.900","150"
"1245","377002","20221005094000","1291","0","桃園市","楊梅區","121.180","24.900","1299"
"1699","377003","20221005094000","1726","0","桃園市","楊梅區","121.175","24.905","1710"
"57","377004","20221005094000","44","2","桃園市","楊梅區","121.180","24.905","63"
"147","377007","20221005094000","160","0","桃園市","楊梅區","121.095","24.930","218"
"859","377008","20221005094000","689","2","桃園市","楊梅區","121.100","24.930","859"
"749","377010","20221005094000","399","3","桃園市","楊梅區","121.090","24.935","685"
"568","377027","20221005094000","534","1","桃園市","新屋區","121.090","24.955","572"
"16","377028","20221005094000","303","0","桃園市","楊梅區","121.155","24.895","15"
"404","377030","20221005094000","388","1","桃園市","楊梅區","121.160","24.900","352"
"854","377031","20221005094000","742","1","桃園市","楊梅區","121.155","24.900","858"
"427","377033","20221005094000","527","0","桃園市","楊梅區","121.085","24.935","408"
"430","377034","20221005094000","471","0","桃園市","楊梅區","121.075","24.940","393"
"903","377039","20221005094000","748","2","桃園市","桃園區","121.285","24.990","928"
"621","377041","20221005094000","526","1","桃園市","桃園區","121.295","24.980","647"
"4706","377042","20221005094000","6667","0","桃園市","桃園區","121.300","24.990","4646"
"205","377043","20221005094000","178","1","桃園市","桃園區","121.300","24.980","225"
"2371","377045","20221005094000","2172","1","桃園市","桃園區","121.300","24.985","2315"
"419","377046","20221005094000","730","0","桃園市","楊梅區","121.175","24.910","413"
"1452","377047","20221005094000","1178","2","桃園市","八德區","121.300","24.965","1344"
"1074","377051","20221005094000","762","2","桃園市","八德區","121.305","24.955","1035"
"638","377052","20221005094000","537","1","桃園市","八德區","121.310","24.955","634"
"48","377054","20221005094000","259","0","桃園市","八德區","121.300","24.945","46"
"495","377056","20221005094000","440","1","桃園市","八德區","121.275","24.940","510"
"739","377058","20221005094000","855","0","桃園市","八德區","121.285","24.940","775"
"337","377059","20221005094000","217","3","桃園市","八德區","121.280","24.945","317"
"288","377061","20221005094000","350","0","桃園市","八德區","121.290","24.950","270"
"20","377068","20221005094000","65","0","桃園市","八德區","121.290","24.955","18"
"408","377069","20221005094000","312","2","桃園市","八德區","121.280","24.960","405"
"723","377070","20221005094000","538","2","桃園市","八德區","121.285","24.960","710"
"2528","377071","20221005094000","2432","1","桃園市","桃園區","121.290","24.985","2468"
"3592","377072","20221005094000","2954","2","桃園市","中壢區","121.220","24.965","3521"
"1232","377073","20221005094000","1348","0","桃園市","中壢區","121.215","24.955","1273"
"494","377077","20221005094000","417","1","桃園市","中壢區","121.205","24.980","515"
"679","377084","20221005094000","493","2","桃園市","中壢區","121.205","24.990","662"
"1285","377086","20221005094000","1042","2","桃園市","中壢區","121.255","24.970","1272"
"1656","377088","20221005094000","1580","1","桃園市","楊梅區","121.155","24.910","1684"
"524","377089","20221005094000","408","2","桃園市","楊梅區","121.160","24.910","519"
"1168","377092","20221005094000","1140","1","桃園市","平鎮區","121.205","24.910","1196"
"1489","377093","20221005094000","1462","1","桃園市","平鎮區","121.205","24.920","1469"
"187","377099","20221005094000","119","3","桃園市","新屋區","121.010","24.960","151"
"701","377106","20221005094000","687","1","桃園市","新屋區","121.120","24.970","716"
"335","377111","20221005094000","205","3","桃園市","新屋區","121.130","24.975","350"
"1309","377117","20221005094000","1322","0","桃園市","新屋區","121.110","24.980","1346"
"687","377122","20221005094000","613","1","桃園市","新屋區","121.110","24.985","742"
"507","377125","20221005094000","531","0","桃園市","新屋區","121.125","24.985","484"
"289","377128","20221005094000","370","0","桃園市","新屋區","121.125","24.990","325"
"839","377135","20221005094000","972","0","桃園市","新屋區","121.100","24.990","838"
"25","377136","20221005094000","38","0","桃園市","新屋區","121.105","24.990","43"
"132","377148","20221005094000","64","3","桃園市","新屋區","121.095","24.960","130"
"262","377155","20221005094000","287","0","桃園市","新屋區","121.070","24.970","263"
"150","377159","20221005094000","127","1","桃園市","新屋區","121.020","24.970","131"
"313","377173","20221005094000","287","1","桃園市","新屋區","121.015","24.985","312"
"354","377175","20221005094000","239","2","桃園市","新屋區","120.990","24.940","309"
"150","377179","20221005094000","78","3","桃園市","新屋區","121.000","24.945","142"
"225","377183","20221005094000","229","0","桃園市","新屋區","121.010","24.950","210"
"509","377187","20221005094000","473","1","桃園市","新屋區","121.080","24.975","502"
"310","377195","20221005094000","280","1","桃園市","新屋區","121.075","24.990","310"
"349","377204","20221005094000","399","0","桃園市","新屋區","121.140","24.960","348"
"747","377205","20221005094000","879","0","桃園市","新屋區","121.145","24.960","733"
"434","377209","20221005094000","283","3","桃園市","新屋區","121.160","24.960","387"
"66","377211","20221005094000","55","2","桃園市","觀音區","121.145","24.970","66"
"12","377247","20221005094000","14","0","新北市","貢寮區","121.910","24.990","19"
"262","377249","20221005094000","403","0","桃園市","平鎮區","121.210","24.895","270"
"827","377259","20221005094000","786","1","桃園市","桃園區","121.285","24.980","835"
"1404","377261","20221005094000","1095","2","桃園市","楊梅區","121.145","24.915","1453"
"679","377263","20221005094000","507","2","桃園市","楊梅區","121.145","24.910","627"
"49","377264","20221005094000","386","0","桃園市","楊梅區","121.130","24.915","54"
"556","377268","20221005094000","540","1","桃園市","楊梅區","121.130","24.920","581"
"477","377270","20221005094000","553","0","桃園市","楊梅區","121.140","24.920","479"
"2219","377280","20221005094000","2064","1","桃園市","楊梅區","121.145","24.900","2147"
"359","377285","20221005094000","288","2","桃園市","楊梅區","121.170","24.900","385"
"702","377288","20221005094000","685","1","桃園市","楊梅區","121.185","24.925","662"
"544","377289","20221005094000","607","0","桃園市","平鎮區","121.190","24.925","482"
"912","377292","20221005094000","766","1","桃園市","平鎮區","121.195","24.925","943"
"170","377295","20221005094000","331","0","桃園市","平鎮區","121.210","24.935","180"
"1992","377296","20221005094000","1598","2","桃園市","桃園區","121.295","24.990","1973"
"2639","377297","20221005094000","2301","1","桃園市","桃園區","121.285","24.985","2691"
"702","377303","20221005094000","486","2","桃園市","新屋區","121.120","24.950","705"
"262","377308","20221005094000","266","0","桃園市","新屋區","121.100","24.960","276"
"729","377310","20221005094000","432","3","桃園市","新屋區","121.110","24.960","711"
"721","377311","20221005094000","779","0","桃園市","新屋區","121.095","24.965","721"
"657","377322","20221005094000","573","1","桃園市","新屋區","121.045","24.960","628"
"279","377333","20221005094000","166","3","桃園市","新屋區","121.045","24.970","321"
"1959","377335","20221005094000","2059","0","桃園市","桃園區","121.320","24.990","2019"
"1307","377337","20221005094000","1209","1","桃園市","平鎮區","121.250","24.920","1276"
"581","377339","20221005094000","611","0","桃園市","平鎮區","121.240","24.925","552"
"1138","377340","20221005094000","1116","1","桃園市","桃園區","121.305","24.985","1045"
"1246","377342","20221005094000","1167","1","桃園市","桃園區","121.325","24.975","1185"
"2708","377344","20221005094000","2394","1","桃園市","桃園區","121.320","24.975","2650"
"2319","377345","20221005094000","1863","2","新北市","鶯歌區","121.330","24.975","2379"
"957","377346","20221005094000","1127","0","桃園市","桃園區","121.320","24.980","922"
"1170","377347","20221005094000","908","2","桃園市","中壢區","121.230","24.960","1166"
"1236","377348","20221005094000","1326","0","桃園市","中壢區","121.235","24.960","1179"
"395","377349","20221005094000","666","0","桃園市","中壢區","121.230","24.950","430"
"1660","377350","20221005094000","1493","1","桃園市","中壢區","121.225","24.950","1583"
"514","377361","20221005094000","481","1","桃園市","新屋區","121.030","24.950","523"
"278","377372","20221005094000","363","0","桃園市","新屋區","121.090","24.980","267"
"1332","377380","20221005094000","1426","0","桃園市","新屋區","121.110","24.970","1243"
"134","377381","20221005094000","118","1","桃園市","新屋區","121.110","24.975","120"
"2591","377384","20221005094000","2544","1","桃園市","新屋區","121.105","24.975","2627"
"228","377428","20221005094000","151","3","桃園市","新屋區","121.040","24.980","206"
"1063","377433","20221005094000","1017","1","桃園市","新屋區","121.035","24.985","1089"
"518","377434","20221005094000","485","1","桃園市","新屋區","121.040","24.985","537"
"1249","377446","20221005094000","1096","1","桃園市","桃園區","121.315","24.990","1263"
"1532","377447","20221005094000","998","3","桃園市","桃園區","121.270","24.980","1457"
"3003","377449","20221005094000","2120","2","桃園市","桃園區","121.275","24.990","3019"
"2601","377450","20221005094000","2726","0","桃園市","桃園區","121.265","24.975","2656"
"1611","377452","20221005094000","1644","0","桃園市","桃園區","121.265","24.980","1604"
"50","377454","20221005094000","41","2","桃園市","桃園區","121.265","24.985","55"
"1896","377455","20221005094000","2021","0","桃園市","桃園區","121.290","24.990","1898"
"279","377456","20221005094000","589","0","桃園市","平鎮區","121.245","24.905","258"
"50","377457","20221005094000","210","0","桃園市","平鎮區","121.250","24.905","52"
"156","377459","20221005094000","189","0","桃園市","平鎮區","121.250","24.915","166"
"949","377460","20221005094000","862","1","桃園市","平鎮區","121.215","24.935","997"
"1567","377461","20221005094000","1592","0","桃園市","平鎮區","121.215","24.940","1610"
"1957","377462","20221005094000","1610","2","桃園市","平鎮區","121.215","24.945","1903"
"2470","377463","20221005094000","2283","1","桃園市","桃園區","121.310","24.980","2361"
"1754","377464","20221005094000","1926","0","桃園市","桃園區","121.310","24.985","1744"
"1891","377468","20221005094000","1874","1","桃園市","桃園區","121.305","24.980","2058"
"205","377469","20221005094000","185","1","桃園市","楊梅區","121.175","24.950","197"
"1082","377470","20221005094000","956","1","桃園市","楊梅區","121.170","24.955","1117"
"418","377473","20221005094000","444","0","桃園市","楊梅區","121.115","24.900","409"
"97","377476","20221005094000","136","0","桃園市","楊梅區","121.125","24.910","86"
"454","377481","20221005094000","437","1","桃園市","楊梅區","121.150","24.940","482"
"221","377483","20221005094000","462","0","桃園市","楊梅區","121.150","24.920","243"
"948","377484","20221005094000","1058","0","桃園市","楊梅區","121.155","24.920","1002"
"1232","377488","20221005094000","862","2","桃園市","楊梅區","121.150","24.925","1225"
"408","377489","20221005094000","456","0","桃園市","楊梅區","121.155","24.925","432"
"40","377490","20221005094000","19","3","桃園市","楊梅區","121.160","24.925","28"
"863","377491","20221005094000","1050","0","桃園市","楊梅區","121.165","24.925","950"
"301","377493","20221005094000","401","0","桃園市","楊梅區","121.145","24.930","293"
"1728","377497","20221005094000","1453","1","桃園市","楊梅區","121.160","24.930","1748"
"403","377498","20221005094000","830","0","桃園市","楊梅區","121.165","24.930","380"
"1594","377499","20221005094000","1096","2","桃園市","楊梅區","121.170","24.930","1641"
"296","377501","20221005094000","397","0","桃園市","楊梅區","121.140","24.930","328"
"1372","377508","20221005094000","1328","1","桃園市","平鎮區","121.210","24.940","1410"
"1424","377509","20221005094000","1290","1","桃園市","平鎮區","121.210","24.945","1398"
"669","377513","20221005094000","561","1","桃園市","平鎮區","121.210","24.930","681"
"1342","377519","20221005094000","1014","2","桃園市","平鎮區","121.230","24.900","1344"
"340","377522","20221005094000","424","0","桃園市","平鎮區","121.245","24.900","329"
"937","377529","20221005094000","1138","0","桃園市","平鎮區","121.225","24.910","923"
"902","377530","20221005094000","645","2","桃園市","平鎮區","121.230","24.910","824"
"2332","377532","20221005094000","2214","1","桃園市","桃園區","121.305","24.990","2465"
"1039","377533","20221005094000","1021","1","新北市","鶯歌區","121.330","24.970","1085"
"353","377534","20221005094000","495","0","新北市","鶯歌區","121.335","24.965","342"
"642","377535","20221005094000","506","2","桃園市","桃園區","121.320","24.970","665"
"1591","377538","20221005094000","1695","0","桃園市","桃園區","121.315","24.980","1692"
"1104","377539","20221005094000","839","2","桃園市","楊梅區","121.175","24.925","1079"
"503","377542","20221005094000","447","1","桃園市","楊梅區","121.180","24.925","518"
"408","377546","20221005094000","216","3","桃園市","楊梅區","121.180","24.930","442"
"736","377547","20221005094000","655","1","桃園市","楊梅區","121.160","24.935","699"
"257","377551","20221005094000","133","3","桃園市","楊梅區","121.180","24.935","160"
"98","377559","20221005094000","83","1","桃園市","楊梅區","121.150","24.945","93"
"29","377561","20221005094000","14","3","桃園市","楊梅區","121.160","24.945","22"
"967","377564","20221005094000","460","3","桃園市","楊梅區","121.175","24.945","1002"
"1111","377565","20221005094000","780","2","桃園市","新屋區","121.150","24.950","1124"
"322","377566","20221005094000","326","0","桃園市","楊梅區","121.155","24.950","300"
"1058","377570","20221005094000","1049","1","桃園市","蘆竹區","121.265","24.990","979"
"1749","377571","20221005094000","1470","1","桃園市","龜山區","121.340","24.980","1835"
"255","377572","20221005094000","263","0","桃園市","龜山區","121.340","24.985","216"
"2105","377573","20221005094000","2302","0","桃園市","龜山區","121.345","24.985","2152"
"854","377574","20221005094000","916","0","桃園市","龜山區","121.340","24.990","824"
"496","377575","20221005094000","409","2","桃園市","龜山區","121.345","24.990","470"
"28","377679","20221005094000","12","3","新北市","雙溪區","121.830","24.940","20"
"14","377742","20221005094000","20","0","新北市","雙溪區","121.820","24.965","16"
"13","377753","20221005094000","10","2","新北市","雙溪區","121.810","24.970","22"
"10","377756","20221005094000","14","0","新北市","雙溪區","121.825","24.970","11"
"18","377787","20221005094000","19","0","新北市","雙溪區","121.845","24.980","19"
"1688","377821","20221005094000","1682","1","桃園市","楊梅區","121.145","24.905","1644"
"1360","377823","20221005094000","1397","0","桃園市","楊梅區","121.165","24.910","1389"
"103","377824","20221005094000","312","0","桃園市","楊梅區","121.165","24.915","94"
"19","377826","20221005094000","196","0","桃園市","大溪區","121.280","24.910","24"
"848","377827","20221005094000","675","2","桃園市","大溪區","121.285","24.910","839"
"1124","377831","20221005094000","940","1","桃園市","大溪區","121.280","24.915","1137"
"322","377833","20221005094000","337","0","桃園市","大溪區","121.290","24.915","311"
"891","377835","20221005094000","956","0","桃園市","大溪區","121.280","24.920","713"
"628","377837","20221005094000","966","0","桃園市","大溪區","121.290","24.920","720"
"485","377839","20221005094000","423","1","桃園市","大溪區","121.275","24.900","508"
"774","377841","20221005094000","552","2","桃園市","大溪區","121.275","24.905","839"
"1729","377843","20221005094000","1637","1","桃園市","楊梅區","121.180","24.910","1692"
"1373","377844","20221005094000","1045","2","桃園市","楊梅區","121.180","24.915","1293"
"217","377845","20221005094000","234","0","桃園市","平鎮區","121.225","24.925","216"
"516","377847","20221005094000","598","0","桃園市","平鎮區","121.220","24.935","543"
"2383","377848","20221005094000","1933","2","桃園市","平鎮區","121.225","24.930","2352"
"657","377849","20221005094000","574","1","桃園市","平鎮區","121.220","24.930","611"
"362","377851","20221005094000","243","2","桃園市","平鎮區","121.230","24.925","354"
"532","377852","20221005094000","527","1","桃園市","中壢區","121.245","24.925","523"
"1619","377853","20221005094000","1257","2","桃園市","楊梅區","121.150","24.910","1546"
"759","377854","20221005094000","545","2","桃園市","楊梅區","121.150","24.915","714"
"89","377858","20221005094000","111","0","桃園市","楊梅區","121.130","24.905","90"
"596","377859","20221005094000","583","1","桃園市","楊梅區","121.135","24.905","607"
"135","377862","20221005094000","179","0","桃園市","楊梅區","121.135","24.910","141"
"695","377866","20221005094000","521","2","桃園市","楊梅區","121.070","24.930","660"
"532","377868","20221005094000","613","0","桃園市","楊梅區","121.065","24.935","544"
"303","377877","20221005094000","330","0","桃園市","楊梅區","121.100","24.920","278"
"90","377879","20221005094000","276","0","桃園市","楊梅區","121.070","24.925","94"
"253","377895","20221005094000","862","0","桃園市","楊梅區","121.085","24.930","237"
"314","377896","20221005094000","414","0","桃園市","楊梅區","121.160","24.950","343"
"3147","377898","20221005094000","2619","2","桃園市","楊梅區","121.160","24.955","3105"
"600","377901","20221005094000","265","3","桃園市","楊梅區","121.120","24.895","589"
"166","377906","20221005094000","89","3","桃園市","楊梅區","121.125","24.900","184"
"306","377909","20221005094000","248","2","桃園市","平鎮區","121.210","24.910","318"
"2192","377914","20221005094000","1770","2","桃園市","平鎮區","121.210","24.920","2408"
"214","377919","20221005094000","289","0","桃園市","平鎮區","121.195","24.930","225"
"433","377920","20221005094000","593","0","桃園市","平鎮區","121.200","24.940","427"
"124","377924","20221005094000","480","0","桃園市","八德區","121.290","24.945","129"
"1465","377925","20221005094000","1078","2","桃園市","八德區","121.290","24.930","1538"
"853","377933","20221005094000","1095","0","桃園市","八德區","121.275","24.960","858"
"2033","377940","20221005094000","2012","1","臺北市","文山區","121.555","24.985","2064"
"624","377941","20221005094000","457","2","臺北市","文山區","121.560","24.985","605"
"876","377942","20221005094000","984","0","臺北市","文山區","121.565","24.980","877"
"53","377946","20221005094000","52","1","新北市","新店區","121.575","24.965","69"
"125","377947","20221005094000","138","0","臺北市","文山區","121.580","24.965","147"
"1340","377948","20221005094000","1442","0","臺北市","文山區","121.560","24.970","1363"
"123","377953","20221005094000","145","0","臺北市","文山區","121.560","24.975","118"
"90","377955","20221005094000","129","0","臺北市","文山區","121.570","24.975","90"
"31","377956","20221005094000","53","0","臺北市","文山區","121.575","24.975","35"
"399","377957","20221005094000","863","0","臺北市","文山區","121.570","24.980","390"
"1738","377958","20221005094000","1857","0","臺北市","文山區","121.565","24.985","1743"
"214","377962","20221005094000","217","0","臺北市","文山區","121.610","24.965","227"
"113","377964","20221005094000","38","3","臺北市","文山區","121.590","24.965","114"
"286","377978","20221005094000","195","2","臺北市","文山區","121.580","24.975","335"
"352","377979","20221005094000","423","0","臺北市","文山區","121.585","24.975","394"
"132","377980","20221005094000","147","0","臺北市","文山區","121.590","24.975","150"
"1452","377982","20221005094000","1640","0","臺北市","文山區","121.575","24.980","1505"
"507","377989","20221005094000","636","0","臺北市","文山區","121.585","24.985","521"
"338","377990","20221005094000","749","0","臺北市","文山區","121.590","24.985","364"
"802","377994","20221005094000","68","3","臺北市","文山區","121.590","24.990","850"
"192","377995","20221005094000","167","1","臺北市","文山區","121.595","24.990","198"
"2315","377997","20221005094000","2517","0","臺北市","文山區","121.560","24.990","2160"
"1433","377998","20221005094000","2398","0","臺北市","文山區","121.575","24.985","1463"
"883","377999","20221005094000","891","0","臺北市","文山區","121.580","24.985","863"
"2686","378000","20221005094000","2178","2","臺北市","文山區","121.575","24.990","2778"
"786","378001","20221005094000","662","1","臺北市","文山區","121.580","24.990","837"
"1832","378002","20221005094000","2015","0","臺北市","文山區","121.550","24.985","1907"
"1100","378003","20221005094000","1654","0","臺北市","文山區","121.565","24.990","1155"
"2479","378004","20221005094000","2753","0","臺北市","文山區","121.570","24.990","2450"
"2604","378005","20221005094000","2413","1","臺北市","文山區","121.555","24.980","2601"
"2256","378006","20221005094000","2248","1","臺北市","文山區","121.560","24.980","2342"
"1113","378007","20221005094000","1265","0","臺北市","文山區","121.555","24.975","1050"
"2895","378008","20221005094000","2800","1","臺北市","文山區","121.570","24.985","2917"
"2606","378009","20221005094000","2698","0","臺北市","文山區","121.545","24.990","2668"
"3113","378010","20221005094000","3379","0","臺北市","文山區","121.540","24.990","3204"
"402","378011","20221005094000","738","0","臺北市","文山區","121.550","24.990","440"
"338","378012","20221005094000","389","0","臺北市","文山區","121.555","24.990","358"
"47","378561","20221005094000","40","1","新北市","貢寮區","121.990","24.995","52"
"34","378916","20221005094000","35","0","新北市","貢寮區","122.000","25.000","23"
"90","379975","20221005094000","54","3","新北市","貢寮區","122.005","25.015","90"
"2271","382513","20221005094000","2282","0","新北市","新莊區","121.450","25.035","2166"
"601","382514","20221005094000","566","1","新北市","新莊區","121.415","25.020","573"
"2354","382515","20221005094000","1924","2","新北市","板橋區","121.430","24.995","2145"
"664","382517","20221005094000","875","0","新北市","新莊區","121.435","25.005","938"
"658","382519","20221005094000","933","0","新北市","板橋區","121.440","25.010","665"
"1233","382521","20221005094000","1657","0","新北市","新莊區","121.430","25.020","1201"
"1518","382522","20221005094000","1553","0","新北市","新莊區","121.430","25.015","1495"
"38","382523","20221005094000","254","0","新北市","新莊區","121.420","25.020","37"
"1640","382525","20221005094000","1725","0","新北市","新莊區","121.410","25.025","1600"
"121","382526","20221005094000","132","0","新北市","新莊區","121.400","25.030","110"
"2884","382528","20221005094000","3821","0","新北市","板橋區","121.470","25.015","3036"
"2152","382530","20221005094000","2214","0","新北市","板橋區","121.465","25.025","2130"
"4109","382531","20221005094000","4292","0","新北市","板橋區","121.460","25.025","4407"
"2484","382532","20221005094000","2400","1","新北市","中和區","121.480","24.995","2429"
"1295","382534","20221005094000","1835","0","新北市","板橋區","121.445","25.000","1222"
"2080","382536","20221005094000","2806","0","新北市","中和區","121.520","24.995","2091"
"1623","382537","20221005094000","2051","0","新北市","板橋區","121.455","25.025","1698"
"812","382538","20221005094000","906","0","臺北市","文山區","121.530","24.995","948"
"712","382539","20221005094000","883","0","新北市","汐止區","121.620","25.045","642"
"1032","382546","20221005094000","1113","0","新北市","樹林區","121.410","25.010","962"
"2122","382547","20221005094000","2564","0","新北市","新莊區","121.425","25.015","2132"
"1877","382548","20221005094000","1757","1","新北市","中和區","121.495","24.995","1724"
"1886","382549","20221005094000","2575","0","臺北市","萬華區","121.490","25.015","1912"
"230","382550","20221005094000","226","1","新北市","三重區","121.480","25.050","252"
"1631","382552","20221005094000","1815","0","新北市","中和區","121.480","25.000","1660"
"1598","382553","20221005094000","2062","0","新北市","中和區","121.475","25.005","1581"
"4580","382554","20221005094000","3627","2","新北市","中和區","121.470","25.005","4359"
"2868","382555","20221005094000","4030","0","新北市","中和區","121.500","24.995","2802"
"2860","382556","20221005094000","2602","1","新北市","中和區","121.495","25.005","2791"
"1595","382557","20221005094000","2871","0","新北市","中和區","121.500","25.005","1547"
"1007","382558","20221005094000","1792","0","新北市","三重區","121.490","25.055","1045"
"1212","382559","20221005094000","1313","0","新北市","三重區","121.475","25.045","1343"
"1273","382560","20221005094000","1762","0","新北市","板橋區","121.445","25.005","1370"
"457","382561","20221005094000","424","1","新北市","板橋區","121.445","25.010","432"
"705","382562","20221005094000","847","0","新北市","板橋區","121.450","25.005","733"
"586","382563","20221005094000","784","0","新北市","板橋區","121.450","25.020","576"
"1941","382564","20221005094000","2266","0","新北市","中和區","121.505","25.005","1891"
"1866","382565","20221005094000","2319","0","新北市","三重區","121.485","25.055","1845"
"2030","382567","20221005094000","2126","0","新北市","三重區","121.495","25.055","1949"
"1630","382568","20221005094000","1573","1","新北市","三重區","121.500","25.045","1543"
"3485","382571","20221005094000","3291","1","新北市","中和區","121.490","25.005","3681"
"3292","382572","20221005094000","3511","0","新北市","中和區","121.490","25.000","3344"
"1172","382574","20221005094000","946","2","新北市","中和區","121.485","25.010","1168"
"3620","382575","20221005094000","4449","0","新北市","中和區","121.485","24.995","3641"
"2830","382576","20221005094000","4933","0","新北市","中和區","121.490","24.995","2812"
"3243","382577","20221005094000","3528","0","新北市","中和區","121.505","24.995","3090"
"373","382579","20221005094000","376","0","新北市","板橋區","121.460","25.030","353"
"2197","382580","20221005094000","2592","0","新北市","板橋區","121.455","25.015","2168"
"242","382582","20221005094000","441","0","新北市","板橋區","121.450","25.025","235"
"418","382583","20221005094000","406","1","新北市","泰山區","121.420","25.045","379"
"614","382584","20221005094000","1035","0","新北市","泰山區","121.425","25.045","607"
"323","382589","20221005094000","195","3","新北市","三重區","121.485","25.045","324"
"876","382592","20221005094000","731","1","新北市","三重區","121.485","25.050","856"
"1943","382593","20221005094000","1761","1","新北市","三重區","121.490","25.050","1892"
"548","382594","20221005094000","565","0","桃園市","龜山區","121.410","25.020","538"
"1649","382595","20221005094000","1605","1","新北市","新莊區","121.460","25.050","1630"
"2499","382596","20221005094000","2365","1","新北市","新莊區","121.465","25.050","2398"
"329","382597","20221005094000","766","0","新北市","新莊區","121.460","25.055","360"
"1787","382598","20221005094000","1831","0","新北市","新莊區","121.465","25.055","1787"
"2222","382600","20221005094000","2375","0","新北市","三重區","121.470","25.045","2238"
"2056","382601","20221005094000","1890","1","新北市","三重區","121.470","25.050","2075"
"819","382602","20221005094000","834","0","新北市","三重區","121.470","25.055","857"
"3712","382603","20221005094000","3806","0","新北市","中和區","121.480","25.010","3721"
"3459","382604","20221005094000","2784","2","新北市","板橋區","121.475","25.010","3404"
"1512","382605","20221005094000","1600","0","新北市","中和區","121.465","24.995","1465"
"2233","382606","20221005094000","2073","1","新北市","新莊區","121.450","25.040","2248"
"2745","382607","20221005094000","2703","1","新北市","新莊區","121.445","25.040","2653"
"2750","382608","20221005094000","3234","0","新北市","新莊區","121.425","25.020","2774"
"215","382609","20221005094000","1580","0","新北市","新莊區","121.455","25.045","201"
"1884","382610","20221005094000","1778","1","新北市","板橋區","121.465","25.005","1803"
"2769","382611","20221005094000","2352","1","新北市","板橋區","121.460","25.005","2894"
"83","382614","20221005094000","174","0","新北市","深坑區","121.630","25.010","65"
"176","382615","20221005094000","150","1","新北市","深坑區","121.620","25.010","180"
"85","382618","20221005094000","206","0","新北市","深坑區","121.630","25.015","89"
"377","382623","20221005094000","754","0","新北市","深坑區","121.605","25.000","390"
"1206","382624","20221005094000","1301","0","新北市","新莊區","121.435","25.015","1189"
"58","382625","20221005094000","319","0","新北市","板橋區","121.450","25.000","42"
"817","382626","20221005094000","771","1","新北市","中和區","121.470","24.995","862"
"79","382627","20221005094000","54","2","新北市","中和區","121.480","24.990","79"
"446","382628","20221005094000","1284","0","新北市","中和區","121.475","25.000","432"
"233","382629","20221005094000","979","0","新北市","中和區","121.505","25.000","255"
"2382","382630","20221005094000","2593","0","新北市","永和區","121.525","25.005","2439"
"1571","382634","20221005094000","1452","1","新北市","樹林區","121.420","24.995","1566"
"1790","382637","20221005094000","1410","2","新北市","樹林區","121.420","25.000","1802"
"736","382638","20221005094000","747","0","新北市","新莊區","121.440","25.030","727"
"2234","382639","20221005094000","1992","1","新北市","新莊區","121.420","25.025","2310"
"2288","382640","20221005094000","2404","0","新北市","新莊區","121.455","25.050","2276"
"2319","382641","20221005094000","2092","1","新北市","中和區","121.470","25.000","2250"
"6134","382642","20221005094000","3280","3","新北市","板橋區","121.455","25.005","6002"
"854","382643","20221005094000","387","3","新北市","板橋區","121.445","25.020","844"
"682","382644","20221005094000","681","1","新北市","板橋區","121.440","25.000","675"
"4306","382645","20221005094000","6412","0","新北市","永和區","121.520","25.010","4332"
"1135","382646","20221005094000","1071","1","新北市","樹林區","121.415","25.000","1093"
"778","382647","20221005094000","600","2","新北市","樹林區","121.415","25.005","767"
"2217","382648","20221005094000","2980","0","新北市","土城區","121.455","24.995","2332"
"30","382660","20221005094000","32","0","新北市","平溪區","121.710","25.020","26"
"3084","382667","20221005094000","2728","1","新北市","新莊區","121.460","25.040","3112"
"4234","382668","20221005094000","3947","1","新北市","新莊區","121.460","25.045","4330"
"848","382671","20221005094000","935","0","新北市","板橋區","121.445","25.015","826"
"6073","382673","20221005094000","4400","2","新北市","板橋區","121.450","24.995","6003"
"2912","382674","20221005094000","2747","1","新北市","板橋區","121.455","25.000","2967"
"4783","382675","20221005094000","3325","2","新北市","永和區","121.520","25.015","4644"
"2708","382676","20221005094000","3182","0","新北市","永和區","121.515","25.015","2766"
"1753","382677","20221005094000","2216","0","新北市","新莊區","121.445","25.030","1732"
"4137","382678","20221005094000","2977","2","新北市","新莊區","121.455","25.035","4073"
"35","382679","20221005094000","747","0","新北市","板橋區","121.460","25.035","19"
"1298","382680","20221005094000","1328","0","新北市","新莊區","121.465","25.040","1311"
"768","382683","20221005094000","587","2","桃園市","中壢區","121.215","25.000","795"
"227","382686","20221005094000","251","0","桃園市","觀音區","121.125","25.030","232"
"2044","382699","20221005094000","2308","0","新北市","板橋區","121.485","25.020","2122"
"5758","382700","20221005094000","5215","1","新北市","板橋區","121.460","25.010","5754"
"4169","382701","20221005094000","2540","3","新北市","板橋區","121.460","24.995","4014"
"844","382702","20221005094000","817","1","新北市","樹林區","121.420","25.015","862"
"899","382703","20221005094000","860","1","新北市","新莊區","121.435","25.010","907"
"1496","382706","20221005094000","1494","1","新北市","新莊區","121.440","25.020","1565"
"198","382710","20221005094000","193","1","新北市","新莊區","121.445","25.025","192"
"3025","382711","20221005094000","2574","1","新北市","永和區","121.505","25.010","2960"
"2801","382712","20221005094000","3180","0","新北市","板橋區","121.475","25.020","2819"
"2484","382713","20221005094000","2063","2","新北市","新莊區","121.430","25.025","2513"
"46","382714","20221005094000","33","2","新北市","新莊區","121.435","25.025","39"
"1196","382715","20221005094000","1345","0","新北市","新莊區","121.425","25.025","1157"
"1213","382716","20221005094000","1083","1","臺北市","萬華區","121.500","25.015","1296"
"1530","382717","20221005094000","1233","2","新北市","新莊區","121.450","25.030","1541"
"219","382724","20221005094000","278","0","桃園市","中壢區","121.180","25.005","240"
"639","382730","20221005094000","435","2","桃園市","中壢區","121.190","25.010","629"
"467","382732","20221005094000","262","3","桃園市","中壢區","121.185","25.015","463"
"429","382735","20221005094000","404","1","桃園市","大園區","121.180","25.025","433"
"1096","382741","20221005094000","1141","0","桃園市","觀音區","121.160","24.995","1006"
"453","382743","20221005094000","473","0","桃園市","觀音區","121.155","25.000","453"
"661","382759","20221005094000","648","1","桃園市","觀音區","121.160","25.020","647"
"15","382763","20221005094000","13","1","桃園市","觀音區","121.150","25.025","13"
"927","382780","20221005094000","726","2","桃園市","觀音區","121.105","25.040","910"
"303","382785","20221005094000","275","1","桃園市","觀音區","121.130","25.020","316"
"581","382813","20221005094000","856","0","桃園市","觀音區","121.110","25.050","592"
"2258","382814","20221005094000","1678","2","桃園市","觀音區","121.115","25.050","2335"
"846","382815","20221005094000","506","3","桃園市","觀音區","121.120","25.050","842"
"231","382816","20221005094000","155","2","桃園市","觀音區","121.125","25.050","245"
"646","382820","20221005094000","416","3","桃園市","觀音區","121.120","25.055","619"
"689","382821","20221005094000","1359","0","桃園市","觀音區","121.125","25.055","667"
"872","382830","20221005094000","819","1","桃園市","觀音區","121.080","25.035","849"
"948","382842","20221005094000","666","2","桃園市","觀音區","121.095","25.050","934"
"279","382853","20221005094000","366","0","桃園市","觀音區","121.145","25.040","269"
"1449","382855","20221005094000","1995","0","桃園市","觀音區","121.140","25.045","1482"
"1038","382857","20221005094000","1087","0","桃園市","觀音區","121.130","25.050","1134"
"558","382858","20221005094000","548","1","桃園市","觀音區","121.135","25.050","552"
"354","382868","20221005094000","185","3","桃園市","觀音區","121.115","25.000","345"
"1556","382888","20221005094000","1220","2","桃園市","蘆竹區","121.270","25.010","1481"
"250","382890","20221005094000","321","0","桃園市","蘆竹區","121.265","25.015","321"
"1614","382891","20221005094000","1865","0","桃園市","蘆竹區","121.240","25.025","1643"
"914","382893","20221005094000","674","2","桃園市","蘆竹區","121.250","25.025","872"
"362","382894","20221005094000","627","0","桃園市","大園區","121.235","25.025","346"
"1212","382896","20221005094000","844","2","桃園市","蘆竹區","121.245","25.025","1496"
"392","382898","20221005094000","297","2","桃園市","蘆竹區","121.240","25.030","369"
"108","382911","20221005094000","105","1","新北市","石碇區","121.670","25.010","104"
"72","382935","20221005094000","83","0","新北市","石碇區","121.670","25.030","103"
"10","382938","20221005094000","10","1","新北市","石碇區","121.685","25.030","11"
"87","382953","20221005094000","66","2","新北市","石碇區","121.690","25.005","92"
"59","382971","20221005094000","50","1","新北市","石碇區","121.700","25.015","97"
"98","382976","20221005094000","129","0","新北市","石碇區","121.660","24.995","131"
"79","382980","20221005094000","103","0","新北市","石碇區","121.650","25.000","84"
"30","382991","20221005094000","37","0","新北市","貢寮區","121.885","24.995","29"
"19","382996","20221005094000","17","1","新北市","貢寮區","121.885","25.000","21"
"33","383019","20221005094000","64","0","新北市","貢寮區","122.000","25.005","42"
"73","383024","20221005094000","65","1","新北市","貢寮區","121.990","25.010","90"
"52","383035","20221005094000","63","0","新北市","貢寮區","121.985","25.020","89"
"1732","383037","20221005094000","2871","0","新北市","永和區","121.520","25.000","1785"
"3541","383038","20221005094000","3312","1","新北市","板橋區","121.475","25.025","3564"
"298","383039","20221005094000","574","0","新北市","新莊區","121.410","25.030","302"
"473","383040","20221005094000","433","1","新北市","新莊區","121.415","25.030","436"
"110","383045","20221005094000","86","2","新北市","新莊區","121.405","25.040","106"
"1971","383046","20221005094000","2364","0","新北市","新莊區","121.455","25.055","1956"
"1000","383047","20221005094000","1383","0","新北市","新莊區","121.435","25.030","1052"
"1985","383048","20221005094000","1678","1","新北市","新莊區","121.425","25.030","2018"
"1307","383049","20221005094000","2000","0","新北市","新莊區","121.430","25.030","976"
"1821","383050","20221005094000","1549","1","新北市","新莊區","121.430","25.035","1174"
"2956","383054","20221005094000","3539","0","新北市","新莊區","121.445","25.050","3006"
"3387","383055","20221005094000","2862","1","新北市","新莊區","121.450","25.045","3311"
"1960","383056","20221005094000","1522","2","桃園市","蘆竹區","121.290","25.050","1973"
"3396","383057","20221005094000","3255","1","桃園市","蘆竹區","121.280","25.055","3403"
"546","383058","20221005094000","482","1","桃園市","蘆竹區","121.285","25.045","499"
"1877","383059","20221005094000","1398","2","桃園市","蘆竹區","121.285","25.050","2017"
"1665","383060","20221005094000","2168","0","桃園市","蘆竹區","121.285","25.055","1647"
"1507","383094","20221005094000","2132","0","桃園市","觀音區","121.050","25.025","1516"
"271","383096","20221005094000","418","0","桃園市","觀音區","121.080","25.030","288"
"742","383099","20221005094000","723","1","桃園市","觀音區","121.085","25.035","765"
"1045","383113","20221005094000","831","2","桃園市","觀音區","121.120","25.025","1033"
"337","383117","20221005094000","346","0","桃園市","觀音區","121.115","25.025","334"
"1775","383118","20221005094000","1509","1","新北市","樹林區","121.410","25.015","1735"
"1338","383121","20221005094000","1637","0","新北市","泰山區","121.440","25.045","1252"
"22","383122","20221005094000","345","0","新北市","泰山區","121.430","25.050","19"
"453","383124","20221005094000","324","2","新北市","泰山區","121.440","25.050","466"
"164","383125","20221005094000","506","0","新北市","泰山區","121.435","25.055","146"
"762","383126","20221005094000","691","1","新北市","泰山區","121.425","25.050","764"
"944","383127","20221005094000","1253","0","新北市","新莊區","121.440","25.055","975"
"1959","383128","20221005094000","2290","0","新北市","新莊區","121.445","25.055","2134"
"3076","383129","20221005094000","2902","1","新北市","新莊區","121.450","25.055","3021"
"2869","383130","20221005094000","3376","0","新北市","新莊區","121.450","25.050","2817"
"673","383131","20221005094000","812","0","新北市","新莊區","121.455","25.040","682"
"225","383132","20221005094000","26","3","新北市","板橋區","121.435","24.995","221"
"996","383134","20221005094000","1145","0","新北市","板橋區","121.445","24.995","1019"
"3135","383141","20221005094000","3659","0","新北市","永和區","121.515","25.005","3039"
"3517","383142","20221005094000","3767","0","新北市","板橋區","121.470","25.025","3359"
"3357","383143","20221005094000","3213","1","新北市","板橋區","121.475","25.030","3369"
"1588","383144","20221005094000","1683","0","新北市","新莊區","121.445","25.045","1557"
"713","383152","20221005094000","371","3","新北市","泰山區","121.400","25.055","685"
"1778","383156","20221005094000","1638","1","新北市","汐止區","121.625","25.040","1776"
"79","383165","20221005094000","32","3","新北市","雙溪區","121.865","25.045","32"
"14","383200","20221005094000","20","0","新北市","雙溪區","121.790","25.015","11"
"15","383202","20221005094000","96","0","新北市","雙溪區","121.800","25.015","124"
"24","383203","20221005094000","10","3","新北市","雙溪區","121.790","25.020","24"
"421","383204","20221005094000","464","0","新北市","中和區","121.490","25.010","358"
"476","383205","20221005094000","651","0","新北市","樹林區","121.430","25.000","484"
"1918","383207","20221005094000","2270","0","新北市","永和區","121.515","24.995","1848"
"1606","383208","20221005094000","1663","0","桃園市","桃園區","121.315","25.005","1665"
"514","383209","20221005094000","708","0","桃園市","桃園區","121.315","25.010","462"
"556","383210","20221005094000","615","0","臺北市","萬華區","121.495","25.010","551"
"802","383211","20221005094000","1206","0","新北市","永和區","121.500","25.010","779"
"2899","383212","20221005094000","2676","1","新北市","永和區","121.510","25.015","2875"
"591","383214","20221005094000","656","0","新北市","汐止區","121.625","25.050","546"
"797","383218","20221005094000","755","1","桃園市","蘆竹區","121.290","25.055","754"
"769","383219","20221005094000","646","1","桃園市","蘆竹區","121.295","25.050","730"
"1153","383220","20221005094000","1615","0","桃園市","蘆竹區","121.300","25.050","1161"
"1144","383222","20221005094000","1052","1","桃園市","蘆竹區","121.300","25.055","1120"
"34","383225","20221005094000","22","3","桃園市","蘆竹區","121.315","25.055","42"
"260","383229","20221005094000","295","0","新北市","石碇區","121.645","25.005","300"
"14","383234","20221005094000","14","1","新北市","石碇區","121.700","24.995","15"
"104","383253","20221005094000","97","1","新北市","石碇區","121.665","25.010","112"
"403","383254","20221005094000","330","2","新北市","石碇區","121.645","25.010","462"
"50","383261","20221005094000","57","0","新北市","石碇區","121.655","25.015","65"
"412","383272","20221005094000","353","1","桃園市","觀音區","121.100","25.005","399"
"470","383277","20221005094000","463","1","桃園市","觀音區","121.095","25.020","478"
"366","383281","20221005094000","412","0","桃園市","觀音區","121.095","25.025","356"
"1427","383283","20221005094000","1827","0","桃園市","桃園區","121.285","24.995","1366"
"212","383284","20221005094000","302","0","桃園市","桃園區","121.290","24.995","215"
"809","383285","20221005094000","659","2","桃園市","桃園區","121.285","25.000","843"
"3118","383286","20221005094000","3125","0","桃園市","蘆竹區","121.290","25.045","3022"
"283","383287","20221005094000","186","3","桃園市","桃園區","121.280","25.030","291"
"469","383290","20221005094000","551","0","桃園市","蘆竹區","121.280","25.035","501"
"1002","383291","20221005094000","1123","0","桃園市","蘆竹區","121.285","25.035","1010"
"1782","383294","20221005094000","1246","2","桃園市","蘆竹區","121.285","25.040","1761"
"1794","383295","20221005094000","2683","0","桃園市","蘆竹區","121.290","25.040","1904"
"25","383299","20221005094000","168","0","桃園市","蘆竹區","121.255","25.025","18"
"272","383301","20221005094000","292","0","桃園市","蘆竹區","121.250","25.035","278"
"279","383311","20221005094000","230","2","桃園市","蘆竹區","121.240","25.040","305"
"197","383313","20221005094000","98","3","桃園市","蘆竹區","121.255","25.040","159"
"34","383315","20221005094000","270","0","桃園市","蘆竹區","121.250","25.045","33"
"348","383318","20221005094000","555","0","桃園市","蘆竹區","121.265","25.025","349"
"764","383325","20221005094000","718","1","桃園市","蘆竹區","121.275","25.030","739"
"54","383357","20221005094000","54","1","新北市","雙溪區","121.880","25.020","100"
"5008","383376","20221005094000","7653","0","新北市","中和區","121.485","25.000","5161"
"3347","383377","20221005094000","5071","0","新北市","中和區","121.485","25.005","3352"
"2521","383378","20221005094000","4065","0","新北市","中和區","121.500","25.000","2458"
"3167","383379","20221005094000","3639","0","新北市","板橋區","121.465","25.010","3180"
"3276","383380","20221005094000","2832","1","新北市","板橋區","121.470","25.010","3160"
"750","383384","20221005094000","635","1","新北市","汐止區","121.635","25.040","783"
"247","383424","20221005094000","377","0","桃園市","蘆竹區","121.255","25.050","288"
"639","383426","20221005094000","569","1","桃園市","蘆竹區","121.265","25.050","662"
"458","383435","20221005094000","399","1","桃園市","蘆竹區","121.275","25.055","472"
"396","383437","20221005094000","353","1","桃園市","大園區","121.160","25.030","372"
"382","383449","20221005094000","431","0","桃園市","觀音區","121.155","25.050","360"
"1508","383456","20221005094000","1458","1","桃園市","觀音區","121.140","25.010","1457"
"440","383457","20221005094000","472","0","桃園市","觀音區","121.145","25.010","423"
"465","383463","20221005094000","470","0","桃園市","觀音區","121.130","25.005","475"
"232","383469","20221005094000","251","0","桃園市","觀音區","121.060","25.025","251"
"328","383475","20221005094000","424","0","桃園市","觀音區","121.065","25.025","329"
"10","383478","20221005094000","16","0","桃園市","觀音區","121.060","25.030","10"
"346","383483","20221005094000","539","0","桃園市","觀音區","121.060","25.035","345"
"278","383485","20221005094000","414","0","桃園市","觀音區","121.070","25.035","295"
"260","383489","20221005094000","377","0","桃園市","觀音區","121.070","25.040","264"
"2258","383492","20221005094000","2693","0","新北市","三重區","121.475","25.050","2292"
"2638","383493","20221005094000","2941","0","新北市","中和區","121.510","24.995","2531"
"3348","383494","20221005094000","4020","0","新北市","中和區","121.510","25.000","3413"
"3133","383495","20221005094000","3029","1","新北市","板橋區","121.455","25.010","3227"
"2866","383496","20221005094000","2707","1","新北市","板橋區","121.455","25.020","2772"
"1920","383500","20221005094000","2335","0","新北市","樹林區","121.425","24.995","2013"
"187","383502","20221005094000","457","0","新北市","樹林區","121.405","25.005","194"
"103","383503","20221005094000","298","0","新北市","樹林區","121.410","25.005","95"
"1681","383507","20221005094000","1599","1","新北市","永和區","121.505","25.015","1669"
"182","383513","20221005094000","233","0","桃園市","中壢區","121.245","24.995","162"
"1654","383515","20221005094000","1348","2","桃園市","中壢區","121.225","25.000","1649"
"15","383518","20221005094000","245","0","桃園市","中壢區","121.240","25.000","11"
"781","383519","20221005094000","601","2","桃園市","中壢區","121.245","25.000","643"
"939","383520","20221005094000","765","2","桃園市","中壢區","121.250","25.000","840"
"306","383521","20221005094000","205","2","桃園市","中壢區","121.230","25.005","310"
"600","383524","20221005094000","590","1","桃園市","中壢區","121.245","25.005","573"
"362","383526","20221005094000","554","0","桃園市","大園區","121.245","25.010","328"
"1096","383529","20221005094000","844","2","桃園市","中壢區","121.175","24.995","1107"
"454","383553","20221005094000","441","1","桃園市","中壢區","121.220","25.005","463"
"50","383554","20221005094000","298","0","桃園市","中壢區","121.215","25.010","40"
"18","383556","20221005094000","175","0","桃園市","中壢區","121.215","25.015","23"
"853","383557","20221005094000","575","2","桃園市","中壢區","121.220","25.015","809"
"1132","383559","20221005094000","1234","0","新北市","板橋區","121.480","25.030","1092"
"444","383560","20221005094000","428","1","新北市","樹林區","121.420","25.005","445"
"2454","383562","20221005094000","2150","1","新北市","新莊區","121.430","25.005","2597"
"933","383563","20221005094000","1100","0","新北市","樹林區","121.425","25.010","890"
"234","383564","20221005094000","967","0","新北市","樹林區","121.425","25.000","245"
"2626","383565","20221005094000","2458","1","新北市","永和區","121.515","25.000","2685"
"2956","383566","20221005094000","2941","1","新北市","永和區","121.520","25.005","2906"
"2195","383567","20221005094000","1657","2","新北市","中和區","121.480","25.005","2195"
"1905","383568","20221005094000","1919","0","新北市","泰山區","121.415","25.050","1876"
"1275","383572","20221005094000","1617","0","新北市","泰山區","121.430","25.055","1370"
"2114","383573","20221005094000","1814","1","新北市","板橋區","121.460","25.000","2194"
"4380","383574","20221005094000","4265","1","新北市","中和區","121.495","25.000","4408"
"1656","383575","20221005094000","2116","0","新北市","板橋區","121.465","25.030","1679"
"3862","383576","20221005094000","3754","1","新北市","板橋區","121.470","25.030","3751"
"13","383582","20221005094000","445","0","新北市","深坑區","121.620","25.005","14"
"177","383589","20221005094000","190","0","新北市","深坑區","121.615","25.000","176"
"284","383590","20221005094000","527","0","新北市","深坑區","121.620","25.000","264"
"867","383591","20221005094000","803","1","新北市","深坑區","121.625","25.000","880"
"409","383599","20221005094000","205","3","新北市","深坑區","121.635","25.005","424"
"1329","383600","20221005094000","1085","2","新北市","深坑區","121.615","25.005","1376"
"2844","383602","20221005094000","2881","0","新北市","板橋區","121.480","25.025","2841"
"3608","383603","20221005094000","3764","0","新北市","新莊區","121.445","25.035","3466"
"185","383604","20221005094000","458","0","新北市","永和區","121.530","25.000","205"
"2035","383605","20221005094000","3108","0","新北市","板橋區","121.480","25.020","2251"
"3417","383606","20221005094000","3399","1","新北市","板橋區","121.480","25.015","3391"
"1368","383607","20221005094000","1352","1","桃園市","桃園區","121.310","25.010","1359"
"2661","383608","20221005094000","2034","2","桃園市","桃園區","121.310","25.015","2682"
"2229","383609","20221005094000","3312","0","新北市","永和區","121.510","25.010","2268"
"2825","383610","20221005094000","2865","0","新北市","永和區","121.515","25.010","2798"
"3100","383611","20221005094000","3373","0","新北市","板橋區","121.460","25.015","3144"
"1788","383612","20221005094000","2401","0","新北市","板橋區","121.465","25.000","1731"
"1615","383614","20221005094000","1134","2","桃園市","桃園區","121.300","25.010","1608"
"2713","383615","20221005094000","2247","2","桃園市","桃園區","121.315","24.995","2569"
"759","383616","20221005094000","1180","0","新北市","深坑區","121.605","25.005","748"
"320","383618","20221005094000","261","2","新北市","深坑區","121.600","25.010","236"
"2360","383631","20221005094000","2602","0","新北市","深坑區","121.600","25.005","2411"
"1610","383632","20221005094000","1696","0","新北市","中和區","121.485","25.015","1606"
"2385","383633","20221005094000","2362","1","新北市","板橋區","121.475","25.015","2274"
"3237","383634","20221005094000","3782","0","新北市","板橋區","121.450","25.015","3157"
"1592","383635","20221005094000","2052","0","新北市","永和區","121.510","25.005","1616"
"2278","383636","20221005094000","2255","1","新北市","板橋區","121.450","25.010","2243"
"761","383637","20221005094000","857","0","新北市","樹林區","121.405","25.015","749"
"835","383638","20221005094000","747","1","新北市","樹林區","121.420","25.010","850"
"1354","383639","20221005094000","1215","1","新北市","樹林區","121.415","25.015","1321"
"58","383641","20221005094000","58","1","新北市","平溪區","121.765","25.035","95"
"206","383658","20221005094000","203","1","新北市","平溪區","121.775","25.040","189"
"123","383678","20221005094000","105","1","新北市","平溪區","121.740","25.025","127"
"85","383679","20221005094000","91","0","新北市","平溪區","121.745","25.025","109"
"31","383682","20221005094000","22","2","新北市","平溪區","121.745","25.030","45"
"43","383718","20221005094000","28","3","新北市","平溪區","121.780","25.025","28"
"12","383746","20221005094000","31","0","新北市","平溪區","121.765","25.020","14"
"43","383787","20221005094000","40","1","新北市","平溪區","121.750","25.005","46"
"76","383811","20221005094000","285","0","新北市","平溪區","121.715","25.020","69"
"10","383820","20221005094000","16","0","新北市","平溪區","121.735","25.020","19"
"844","383828","20221005094000","1571","0","新北市","中和區","121.475","24.995","808"
"3557","383829","20221005094000","4375","0","新北市","板橋區","121.470","25.020","3489"
"263","383830","20221005094000","255","1","新北市","板橋區","121.440","25.005","245"
"1086","383831","20221005094000","793","2","新北市","新莊區","121.440","25.015","1064"
"964","383833","20221005094000","1599","0","新北市","永和區","121.515","25.020","918"
"167","383834","20221005094000","175","0","新北市","汐止區","121.645","25.030","188"
"243","383848","20221005094000","214","1","新北市","汐止區","121.645","25.040","228"
"41","383859","20221005094000","64","0","新北市","汐止區","121.670","25.045","65"
"38","383862","20221005094000","81","0","新北市","汐止區","121.660","25.050","36"
"621","383865","20221005094000","738","0","新北市","永和區","121.530","25.005","637"
"2941","383866","20221005094000","2985","0","新北市","新莊區","121.465","25.045","3049"
"1326","383867","20221005094000","1630","0","新北市","新莊區","121.415","25.025","1356"
"1250","383868","20221005094000","1710","0","新北市","中和區","121.525","24.995","1182"
"752","383871","20221005094000","1052","0","桃園市","中壢區","121.200","25.010","739"
"377","383880","20221005094000","419","0","桃園市","中壢區","121.200","25.020","451"
"48","383883","20221005094000","140","0","新北市","深坑區","121.635","25.010","42"
"6477","383889","20221005094000","5780","1","新北市","板橋區","121.465","25.015","6475"
"37","383890","20221005094000","159","0","新北市","板橋區","121.475","25.035","46"
"1346","383891","20221005094000","909","2","新北市","板橋區","121.480","25.035","1204"
"4782","383893","20221005094000","4735","1","新北市","板橋區","121.465","25.020","4766"
"2464","383894","20221005094000","2609","0","新北市","板橋區","121.460","25.020","2658"
"2916","383895","20221005094000","2203","2","新北市","永和區","121.525","25.010","2540"
"3617","383896","20221005094000","3407","1","新北市","永和區","121.525","25.000","3504"
"2098","383897","20221005094000","2072","1","桃園市","龜山區","121.365","25.030","2039"
"1978","383900","20221005094000","2016","0","桃園市","龜山區","121.360","25.040","2023"
"1165","383902","20221005094000","1299","0","桃園市","龜山區","121.360","25.045","1192"
"1516","383903","20221005094000","1150","2","桃園市","龜山區","121.360","25.050","1571"
"793","383904","20221005094000","1111","0","桃園市","龜山區","121.365","25.050","860"
"1106","383905","20221005094000","1152","0","桃園市","龜山區","121.360","25.055","1045"
"2037","383906","20221005094000","1575","2","桃園市","龜山區","121.365","25.055","2069"
"3158","383907","20221005094000","3182","0","桃園市","龜山區","121.375","25.035","4437"
"1549","383908","20221005094000","1483","1","桃園市","龜山區","121.370","25.040","1542"
"425","383909","20221005094000","617","0","桃園市","龜山區","121.375","25.040","383"
"239","383910","20221005094000","311","0","桃園市","龜山區","121.365","25.045","246"
"1974","383911","20221005094000","2425","0","桃園市","龜山區","121.370","25.045","2201"
"253","383912","20221005094000","507","0","桃園市","龜山區","121.375","25.045","303"
"2018","383913","20221005094000","2687","0","桃園市","龜山區","121.370","25.050","1964"
"6371","383914","20221005094000","4687","2","桃園市","龜山區","121.375","25.050","6579"
"1153","383915","20221005094000","1216","0","桃園市","龜山區","121.370","25.055","1193"
"1996","383916","20221005094000","1811","1","桃園市","龜山區","121.375","25.055","1943"
"440","383919","20221005094000","628","0","桃園市","龜山區","121.360","25.000","418"
"299","383920","20221005094000","253","1","桃園市","龜山區","121.365","25.000","306"
"538","383922","20221005094000","512","1","桃園市","龜山區","121.340","25.000","532"
"417","383924","20221005094000","298","2","桃園市","龜山區","121.340","25.005","387"
"903","383928","20221005094000","863","1","桃園市","龜山區","121.365","25.005","956"
"532","383930","20221005094000","402","2","桃園市","龜山區","121.355","25.010","498"
"436","383939","20221005094000","538","0","桃園市","龜山區","121.360","25.020","425"
"986","383940","20221005094000","970","1","桃園市","龜山區","121.365","25.015","975"
"160","383941","20221005094000","197","0","桃園市","龜山區","121.370","25.020","145"
"181","383945","20221005094000","157","1","桃園市","龜山區","121.365","25.020","155"
"24","383952","20221005094000","31","0","桃園市","龜山區","121.380","25.025","25"
"1725","383958","20221005094000","1423","2","桃園市","龜山區","121.335","24.995","1718"
"223","383959","20221005094000","515","0","桃園市","龜山區","121.345","25.005","239"
"548","383962","20221005094000","460","1","桃園市","龜山區","121.345","25.010","539"
"336","383966","20221005094000","308","1","桃園市","龜山區","121.345","25.015","332"
"419","383978","20221005094000","419","1","桃園市","龜山區","121.350","25.020","402"
"35","383987","20221005094000","33","1","桃園市","龜山區","121.345","25.030","35"
"202","383989","20221005094000","182","1","桃園市","龜山區","121.355","25.030","209"
"105","383991","20221005094000","141","0","桃園市","龜山區","121.380","25.020","97"
"540","383995","20221005094000","571","0","桃園市","龜山區","121.385","25.025","497"
"225","383996","20221005094000","237","0","桃園市","龜山區","121.390","25.025","200"
"2621","384001","20221005094000","2429","1","桃園市","龜山區","121.390","25.030","2614"
"738","384003","20221005094000","830","0","桃園市","龜山區","121.385","25.035","769"
"1670","384004","20221005094000","1229","2","桃園市","龜山區","121.390","25.035","1725"
"67","384008","20221005094000","23","3","桃園市","龜山區","121.385","25.040","64"
"726","384009","20221005094000","791","0","桃園市","龜山區","121.390","25.040","690"
"1319","384015","20221005094000","2106","0","桃園市","龜山區","121.380","25.050","1652"
"225","384017","20221005094000","387","0","桃園市","龜山區","121.390","25.050","211"
"179","384019","20221005094000","555","0","桃園市","龜山區","121.380","25.055","179"
"6943","384021","20221005094000","7397","0","臺北市","中山區","121.525","25.050","6943"
"8368","384022","20221005094000","8659","0","臺北市","中山區","121.530","25.055","8353"
"624","384040","20221005094000","657","0","桃園市","大園區","121.185","25.045","612"
"497","384041","20221005094000","342","2","桃園市","大園區","121.190","25.045","497"
"17","384045","20221005094000","64","0","桃園市","大園區","121.180","25.055","16"
"118","384058","20221005094000","141","0","桃園市","龜山區","121.355","24.995","143"
"517","384060","20221005094000","411","2","桃園市","龜山區","121.355","25.000","513"
"2185","384064","20221005094000","1971","1","新北市","永和區","121.510","25.020","1990"
"2517","384065","20221005094000","2846","0","臺北市","中正區","121.515","25.025","2502"
"1564","384066","20221005094000","2723","0","臺北市","中正區","121.525","25.020","1414"
"2303","384067","20221005094000","3248","0","臺北市","中正區","121.515","25.040","2384"
"12657","384068","20221005094000","14109","0","臺北市","中正區","121.515","25.045","12730"
"11285","384069","20221005094000","11175","1","臺北市","中山區","121.535","25.055","11215"
"1416","384070","20221005094000","1525","0","臺北市","文山區","121.560","25.005","1351"
"421","384071","20221005094000","495","0","臺北市","大安區","121.560","25.010","434"
"555","384072","20221005094000","1256","0","桃園市","桃園區","121.310","24.995","513"
"5949","384073","20221005094000","5474","1","臺北市","中山區","121.535","25.045","6255"
"4328","384074","20221005094000","6125","0","臺北市","中山區","121.535","25.050","4120"
"5596","384075","20221005094000","5431","1","臺北市","中正區","121.515","25.030","5611"
"4941","384076","20221005094000","6209","0","臺北市","信義區","121.565","25.025","5050"
"1435","384077","20221005094000","1478","0","臺北市","信義區","121.575","25.045","1308"
"256","384078","20221005094000","384","0","臺北市","信義區","121.585","25.035","246"
"741","384079","20221005094000","876","0","臺北市","信義區","121.565","25.020","742"
"660","384081","20221005094000","830","0","桃園市","桃園區","121.290","25.010","653"
"1151","384082","20221005094000","1613","0","桃園市","桃園區","121.285","25.015","1036"
"970","384083","20221005094000","894","1","桃園市","桃園區","121.290","25.015","918"
"6056","384084","20221005094000","7490","0","臺北市","中正區","121.525","25.045","5951"
"5157","384085","20221005094000","4291","2","臺北市","中正區","121.530","25.045","5220"
"2484","384086","20221005094000","3620","0","臺北市","中正區","121.530","25.010","2365"
"5543","384087","20221005094000","6372","0","臺北市","中山區","121.525","25.055","5547"
"3695","384088","20221005094000","3793","0","臺北市","中山區","121.540","25.045","3740"
"4314","384089","20221005094000","5035","0","臺北市","大安區","121.540","25.040","4328"
"4191","384090","20221005094000","4449","0","臺北市","中正區","121.520","25.030","4141"
"3377","384091","20221005094000","3292","1","臺北市","中正區","121.520","25.035","3317"
"11342","384092","20221005094000","10498","1","臺北市","中正區","121.520","25.040","10626"
"9017","384093","20221005094000","9572","0","臺北市","中正區","121.525","25.040","9174"
"281","384094","20221005094000","721","0","臺北市","中正區","121.525","25.015","259"
"1477","384100","20221005094000","883","3","桃園市","中壢區","121.200","25.000","1586"
"14","384101","20221005094000","177","0","桃園市","中壢區","121.205","25.000","18"
"604","384103","20221005094000","346","3","桃園市","中壢區","121.200","25.005","602"
"1086","384104","20221005094000","1407","0","新北市","泰山區","121.420","25.030","1149"
"386","384106","20221005094000","340","1","新北市","泰山區","121.425","25.035","362"
"2445","384109","20221005094000","2416","1","新北市","泰山區","121.420","25.040","2450"
"710","384111","20221005094000","835","0","新北市","泰山區","121.425","25.040","685"
"3093","384112","20221005094000","2896","1","新北市","泰山區","121.430","25.040","2816"
"131","384113","20221005094000","90","2","桃園市","龜山區","121.330","24.995","167"
"276","384129","20221005094000","204","2","桃園市","龜山區","121.375","25.010","236"
"681","384131","20221005094000","640","1","桃園市","龜山區","121.385","25.010","707"
"333","384132","20221005094000","303","1","桃園市","龜山區","121.390","25.010","342"
"1295","384140","20221005094000","1496","0","桃園市","龜山區","121.395","25.020","1414"
"608","384141","20221005094000","597","1","桃園市","龜山區","121.400","25.020","615"
"1214","384142","20221005094000","1067","1","桃園市","龜山區","121.340","24.995","1205"
"1921","384145","20221005094000","1629","1","桃園市","龜山區","121.345","25.000","1892"
"7606","384146","20221005094000","8956","0","臺北市","中山區","121.520","25.055","7718"
"869","384147","20221005094000","928","0","桃園市","桃園區","121.305","25.025","869"
"88","384149","20221005094000","63","2","桃園市","新屋區","121.030","25.000","92"
"223","384152","20221005094000","250","0","桃園市","新屋區","121.030","25.005","206"
"90","384164","20221005094000","91","0","桃園市","新屋區","121.060","24.995","91"
"193","384167","20221005094000","171","1","桃園市","新屋區","121.060","25.000","201"
"452","384185","20221005094000","549","0","桃園市","新屋區","121.075","25.005","441"
"141","384188","20221005094000","539","0","桃園市","桃園區","121.325","25.000","150"
"320","384189","20221005094000","381","0","桃園市","桃園區","121.320","25.005","325"
"1241","384190","20221005094000","1347","0","桃園市","桃園區","121.325","25.005","1382"
"2389","384194","20221005094000","3124","0","臺北市","中正區","121.510","25.025","2470"
"38","384227","20221005094000","34","1","新北市","貢寮區","121.955","25.005","34"
"24","384234","20221005094000","44","0","新北市","貢寮區","121.950","25.010","55"
"291","384241","20221005094000","246","1","新北市","貢寮區","121.945","25.015","358"
"60","384254","20221005094000","61","0","新北市","貢寮區","121.970","25.025","74"
"337","384267","20221005094000","357","0","新北市","貢寮區","121.905","25.020","339"
"26","384270","20221005094000","24","1","新北市","貢寮區","121.900","25.025","18"
"33","384288","20221005094000","16","3","新北市","貢寮區","121.930","25.000","36"
"139","384299","20221005094000","131","1","新北市","貢寮區","121.920","25.010","138"
"50","384306","20221005094000","49","1","新北市","貢寮區","121.930","25.015","44"
"29","384338","20221005094000","28","1","新北市","貢寮區","121.905","25.010","25"
"275","384342","20221005094000","315","0","新北市","貢寮區","121.945","25.020","290"
"90","384349","20221005094000","88","1","新北市","貢寮區","121.930","25.030","92"
"1938","384355","20221005094000","1571","2","桃園市","龜山區","121.400","25.015","1915"
"2745","384356","20221005094000","2618","1","桃園市","龜山區","121.405","25.020","2767"
"234","384362","20221005094000","197","1","桃園市","新屋區","121.045","25.005","220"
"306","384367","20221005094000","337","0","桃園市","桃園區","121.320","24.995","337"
"1441","384368","20221005094000","1572","0","桃園市","桃園區","121.325","24.995","1570"
"1511","384371","20221005094000","1600","0","桃園市","桃園區","121.295","25.000","1483"
"540","384372","20221005094000","464","1","桃園市","桃園區","121.280","25.005","518"
"788","384373","20221005094000","587","2","桃園市","桃園區","121.285","25.005","757"
"1224","384374","20221005094000","2069","0","桃園市","桃園區","121.280","25.010","1206"
"1354","384375","20221005094000","1858","0","桃園市","桃園區","121.300","25.000","1310"
"1084","384376","20221005094000","1122","0","桃園市","桃園區","121.305","25.000","1114"
"1062","384377","20221005094000","994","1","桃園市","桃園區","121.310","25.025","1086"
"337","384378","20221005094000","324","1","桃園市","桃園區","121.310","25.020","339"
"745","384379","20221005094000","698","1","桃園市","桃園區","121.315","25.025","1079"
"2351","384382","20221005094000","2393","0","桃園市","桃園區","121.300","25.025","2383"
"1237","384383","20221005094000","1115","1","桃園市","桃園區","121.305","25.020","1202"
"126","384386","20221005094000","107","1","桃園市","桃園區","121.300","25.030","125"
"60","384387","20221005094000","33","3","桃園市","桃園區","121.295","24.995","61"
"3425","384388","20221005094000","4172","0","臺北市","中山區","121.530","25.050","3348"
"3012","384389","20221005094000","3209","0","桃園市","桃園區","121.295","25.025","2967"
"349","384391","20221005094000","329","1","桃園市","蘆竹區","121.295","25.035","309"
"3991","384392","20221005094000","4031","0","桃園市","蘆竹區","121.295","25.040","3965"
"2203","384393","20221005094000","2633","0","桃園市","桃園區","121.300","25.015","2206"
"4764","384394","20221005094000","3712","2","桃園市","桃園區","121.295","25.015","4828"
"2230","384395","20221005094000","1966","1","桃園市","桃園區","121.320","25.010","2205"
"1597","384398","20221005094000","1002","3","桃園市","桃園區","121.310","25.000","1586"
"668","384399","20221005094000","658","1","桃園市","桃園區","121.315","25.000","674"
"487","384400","20221005094000","463","1","桃園市","桃園區","121.320","25.000","462"
"818","384401","20221005094000","662","2","桃園市","桃園區","121.310","25.005","804"
"383","384402","20221005094000","305","2","臺北市","南港區","121.590","25.035","437"
"498","384403","20221005094000","305","3","臺北市","大安區","121.550","25.015","477"
"2502","384404","20221005094000","3238","0","臺北市","大安區","121.555","25.020","2451"
"7503","384405","20221005094000","8397","0","臺北市","大安區","121.550","25.020","7553"
"1478","384408","20221005094000","1418","1","桃園市","桃園區","121.305","25.010","1391"
"3472","384409","20221005094000","4792","0","臺北市","中正區","121.530","25.015","3368"
"7313","384410","20221005094000","7221","1","臺北市","中正區","121.525","25.035","7571"
"3413","384411","20221005094000","4558","0","臺北市","中山區","121.540","25.050","3548"
"836","384412","20221005094000","944","0","桃園市","桃園區","121.290","25.020","855"
"4658","384413","20221005094000","5807","0","臺北市","信義區","121.560","25.045","4708"
"156","384415","20221005094000","250","0","桃園市","桃園區","121.300","24.995","113"
"1248","384416","20221005094000","1392","0","桃園市","桃園區","121.290","25.025","1278"
"1028","384417","20221005094000","808","2","桃園市","桃園區","121.290","25.005","996"
"1629","384418","20221005094000","1395","1","桃園市","桃園區","121.295","25.005","1631"
"856","384419","20221005094000","1189","0","桃園市","桃園區","121.295","25.010","787"
"4109","384420","20221005094000","4904","0","臺北市","大同區","121.510","25.055","4119"
"1000","384421","20221005094000","1076","0","臺北市","中正區","121.520","25.020","1048"
"4335","384422","20221005094000","3690","1","臺北市","信義區","121.570","25.025","4233"
"13","384423","20221005094000","26","0","臺北市","信義區","121.575","25.025","14"
"2167","384424","20221005094000","2025","1","臺北市","信義區","121.570","25.030","1918"
"1559","384425","20221005094000","2020","0","臺北市","信義區","121.575","25.030","1545"
"4381","384426","20221005094000","5345","0","臺北市","大同區","121.515","25.050","4404"
"6383","384427","20221005094000","6332","1","臺北市","中山區","121.520","25.050","6318"
"2398","384428","20221005094000","2599","0","臺北市","大同區","121.515","25.055","2479"
"2793","384429","20221005094000","2460","1","桃園市","桃園區","121.305","24.995","3054"
"2185","384430","20221005094000","1896","1","桃園市","桃園區","121.300","25.005","2107"
"1315","384431","20221005094000","1087","2","臺北市","大同區","121.505","25.050","1268"
"4601","384432","20221005094000","5163","0","臺北市","大同區","121.510","25.050","4661"
"347","384433","20221005094000","1458","0","臺北市","大安區","121.555","25.040","467"
"6513","384434","20221005094000","7515","0","臺北市","大安區","121.555","25.030","6545"
"4472","384435","20221005094000","4040","1","臺北市","大安區","121.530","25.025","4535"
"1988","384436","20221005094000","4098","0","臺北市","大安區","121.525","25.030","2020"
"5700","384437","20221005094000","6436","0","臺北市","大安區","121.525","25.025","5933"
"4175","384438","20221005094000","4258","0","臺北市","大安區","121.545","25.035","4259"
"7386","384439","20221005094000","9590","0","臺北市","大安區","121.545","25.030","7913"
"4850","384440","20221005094000","5584","0","臺北市","大安區","121.555","25.035","4926"
"3663","384441","20221005094000","6233","0","臺北市","大安區","121.550","25.025","3722"
"5530","384442","20221005094000","5169","1","臺北市","中正區","121.530","25.035","5627"
"5546","384443","20221005094000","5902","0","臺北市","中正區","121.510","25.045","5681"
"689","384446","20221005094000","617","1","桃園市","蘆竹區","121.270","25.015","763"
"316","384447","20221005094000","349","0","桃園市","蘆竹區","121.260","25.025","372"
"1191","384448","20221005094000","949","2","桃園市","蘆竹區","121.265","25.020","1174"
"225","384449","20221005094000","336","0","桃園市","蘆竹區","121.270","25.020","227"
"11","384450","20221005094000","19","0","桃園市","蘆竹區","121.270","25.025","12"
"15","384454","20221005094000","19","0","桃園市","蘆竹區","121.255","25.000","24"
"39","384461","20221005094000","119","0","桃園市","蘆竹區","121.260","25.010","46"
"31","384463","20221005094000","150","0","桃園市","蘆竹區","121.250","25.015","39"
"400","384466","20221005094000","454","0","桃園市","蘆竹區","121.250","25.020","382"
"1134","384467","20221005094000","923","2","桃園市","蘆竹區","121.255","25.020","1166"
"1806","384468","20221005094000","2056","0","桃園市","蘆竹區","121.260","25.020","2163"
"2665","384469","20221005094000","2807","0","桃園市","蘆竹區","121.295","25.055","2522"
"1034","384473","20221005094000","1158","0","桃園市","桃園區","121.305","25.030","1081"
"231","384480","20221005094000","457","0","桃園市","龜山區","121.305","25.035","246"
"493","384489","20221005094000","670","0","桃園市","蘆竹區","121.295","25.045","525"
"1236","384497","20221005094000","2187","0","桃園市","龜山區","121.305","25.045","1302"
"321","384499","20221005094000","993","0","桃園市","龜山區","121.315","25.045","295"
"37","384502","20221005094000","24","3","桃園市","龜山區","121.330","25.045","35"
"426","384507","20221005094000","297","2","桃園市","龜山區","121.320","25.050","481"
"562","384514","20221005094000","570","0","桃園市","龜山區","121.335","25.055","734"
"555","384517","20221005094000","764","0","桃園市","龜山區","121.340","25.035","530"
"273","384521","20221005094000","271","1","桃園市","龜山區","121.345","25.040","271"
"260","384522","20221005094000","255","1","桃園市","龜山區","121.350","25.040","277"
"49","384523","20221005094000","46","1","桃園市","龜山區","121.355","25.040","53"
"741","384525","20221005094000","1028","0","桃園市","龜山區","121.350","25.045","833"
"490","384526","20221005094000","577","0","桃園市","龜山區","121.355","25.045","504"
"33","384527","20221005094000","64","0","桃園市","龜山區","121.345","25.050","23"
"726","384528","20221005094000","799","0","桃園市","龜山區","121.350","25.050","792"
"431","384532","20221005094000","312","2","桃園市","龜山區","121.350","25.055","416"
"2842","384533","20221005094000","4429","0","臺北市","信義區","121.570","25.035","2880"
"2396","384534","20221005094000","3122","0","臺北市","信義區","121.575","25.035","2383"
"43","384537","20221005094000","36","1","臺北市","南港區","121.625","25.020","45"
"10","384547","20221005094000","11","0","新北市","石碇區","121.665","25.025","15"
"93","384549","20221005094000","106","0","臺北市","南港區","121.630","25.030","98"
"801","384552","20221005094000","673","1","臺北市","南港區","121.620","25.035","773"
"80","384554","20221005094000","73","1","新北市","汐止區","121.630","25.035","77"
"839","384555","20221005094000","713","1","臺北市","南港區","121.620","25.040","606"
"3351","384556","20221005094000","4663","0","臺北市","信義區","121.575","25.040","3425"
"3563","384557","20221005094000","4362","0","臺北市","南港區","121.585","25.045","3660"
"104","384572","20221005094000","71","2","新北市","雙溪區","121.825","25.025","106"
"12","384597","20221005094000","13","0","新北市","雙溪區","121.850","25.010","14"
"746","384614","20221005094000","944","0","新北市","雙溪區","121.865","25.035","746"
"63","384624","20221005094000","46","2","新北市","雙溪區","121.830","25.000","39"
"108","384662","20221005094000","90","2","新北市","雙溪區","121.840","25.035","105"
"302","384679","20221005094000","239","2","新北市","雙溪區","121.865","25.040","268"
"46","384696","20221005094000","34","2","新北市","雙溪區","121.845","24.995","56"
"670","384710","20221005094000","539","2","桃園市","桃園區","121.275","25.020","608"
"508","384711","20221005094000","446","1","桃園市","桃園區","121.280","25.020","465"
"16","384715","20221005094000","241","0","臺北市","信義區","121.560","25.025","16"
"1304","384716","20221005094000","1542","0","臺北市","信義區","121.565","25.030","1253"
"10774","384717","20221005094000","13069","0","臺北市","信義區","121.560","25.030","10550"
"2607","384718","20221005094000","4051","0","臺北市","中正區","121.520","25.025","2590"
"632","384719","20221005094000","874","0","桃園市","大園區","121.210","25.005","607"
"1001","384720","20221005094000","1038","0","桃園市","大園區","121.210","25.010","1029"
"1445","384721","20221005094000","932","3","桃園市","大園區","121.210","25.015","1409"
"968","384722","20221005094000","808","1","桃園市","大園區","121.210","25.020","977"
"201","384723","20221005094000","261","0","桃園市","大園區","121.220","25.020","162"
"842","384726","20221005094000","817","1","桃園市","大園區","121.220","25.025","864"
"555","384729","20221005094000","703","0","桃園市","大園區","121.215","25.025","599"
"514","384731","20221005094000","515","0","桃園市","大園區","121.205","25.035","483"
"375","384739","20221005094000","269","2","桃園市","大園區","121.205","25.050","388"
"67","384743","20221005094000","60","1","桃園市","大園區","121.210","25.055","58"
"3364","384744","20221005094000","3985","0","臺北市","信義區","121.580","25.040","3264"
"1102","384745","20221005094000","1659","0","臺北市","中正區","121.510","25.030","1180"
"9621","384746","20221005094000","8526","1","臺北市","中正區","121.520","25.045","9164"
"2325","384747","20221005094000","2968","0","臺北市","中正區","121.505","25.030","2307"
"5229","384748","20221005094000","5256","0","臺北市","中正區","121.510","25.035","4783"
"1593","384749","20221005094000","1559","1","臺北市","中正區","121.515","25.035","1335"
"4932","384750","20221005094000","6573","0","臺北市","中正區","121.510","25.040","4526"
"2408","384751","20221005094000","2069","1","桃園市","桃園區","121.305","25.015","2472"
"1431","384752","20221005094000","1561","0","桃園市","桃園區","121.300","25.020","1397"
"3080","384754","20221005094000","2654","1","桃園市","桃園區","121.295","25.020","3010"
"2192","384756","20221005094000","2403","0","桃園市","桃園區","121.315","25.015","2180"
"386","384757","20221005094000","1439","0","桃園市","桃園區","121.315","25.020","435"
"1499","384759","20221005094000","1678","0","桃園市","桃園區","121.305","25.005","1558"
"3756","384760","20221005094000","4953","0","臺北市","信義區","121.570","25.045","3929"
"509","384761","20221005094000","516","0","臺北市","信義區","121.575","25.015","528"
"629","384763","20221005094000","551","1","臺北市","信義區","121.575","25.020","552"
"357","384770","20221005094000","421","0","桃園市","大園區","121.225","25.015","357"
"571","384775","20221005094000","721","0","桃園市","大園區","121.230","25.020","562"
"159","384776","20221005094000","132","2","桃園市","大園區","121.235","25.020","162"
"296","384777","20221005094000","481","0","桃園市","大園區","121.240","25.020","301"
"177","384783","20221005094000","166","1","桃園市","大園區","121.230","25.025","161"
"136","384787","20221005094000","111","2","桃園市","大園區","121.220","25.035","146"
"617","384788","20221005094000","621","0","桃園市","大園區","121.225","25.035","636"
"655","384790","20221005094000","569","1","桃園市","大園區","121.165","25.050","631"
"541","384794","20221005094000","588","0","桃園市","大園區","121.160","25.055","559"
"287","384798","20221005094000","250","1","桃園市","大園區","121.175","25.055","307"
"359","384806","20221005094000","338","1","桃園市","大園區","121.175","25.030","344"
"303","384811","20221005094000","184","3","桃園市","大園區","121.180","25.035","321"
"278","384818","20221005094000","188","2","桃園市","大園區","121.215","25.035","251"
"367","384824","20221005094000","463","0","桃園市","大園區","121.215","25.045","413"
"112","384830","20221005094000","115","0","桃園市","大園區","121.215","25.055","121"
"592","384831","20221005094000","789","0","桃園市","大園區","121.220","25.055","548"
"4199","384843","20221005094000","5787","0","臺北市","松山區","121.550","25.045","4131"
"2217","384844","20221005094000","2609","0","臺北市","信義區","121.565","25.045","2045"
"76","384845","20221005094000","61","2","臺北市","南港區","121.595","25.035","85"
"3621","384846","20221005094000","4054","0","臺北市","大安區","121.535","25.020","3619"
"1254","384847","20221005094000","1097","1","臺北市","大安區","121.535","25.030","1182"
"1140","384848","20221005094000","943","2","臺北市","文山區","121.575","25.000","1207"
"112","384849","20221005094000","121","0","臺北市","文山區","121.590","25.000","78"
"327","384853","20221005094000","419","0","臺北市","文山區","121.585","25.005","321"
"302","384856","20221005094000","220","2","臺北市","文山區","121.570","25.010","314"
"133","384857","20221005094000","147","0","臺北市","文山區","121.575","25.010","113"
"105","384858","20221005094000","103","1","臺北市","文山區","121.580","25.010","76"
"78","384862","20221005094000","83","0","臺北市","文山區","121.590","25.010","90"
"1707","384864","20221005094000","954","3","臺北市","大安區","121.540","25.010","1662"
"3131","384865","20221005094000","2735","1","臺北市","文山區","121.540","25.005","3026"
"1217","384868","20221005094000","1240","0","臺北市","萬華區","121.490","25.035","1174"
"4033","384871","20221005094000","3890","1","臺北市","文山區","121.560","25.000","3965"
"1436","384874","20221005094000","1383","1","臺北市","萬華區","121.495","25.015","1666"
"129","384876","20221005094000","129","1","臺北市","信義區","121.565","25.015","135"
"5001","384878","20221005094000","5292","0","臺北市","大安區","121.550","25.035","4897"
"4047","384879","20221005094000","3959","1","臺北市","中正區","121.530","25.040","4169"
"13366","384880","20221005094000","11619","1","臺北市","大安區","121.550","25.030","13777"
"3839","384881","20221005094000","4271","0","臺北市","信義區","121.555","25.025","3832"
"891","384882","20221005094000","594","3","臺北市","文山區","121.550","24.995","911"
"2395","384883","20221005094000","2238","1","臺北市","文山區","121.550","25.000","2501"
"2754","384884","20221005094000","3510","0","臺北市","萬華區","121.500","25.020","2714"
"4274","384885","20221005094000","3890","1","臺北市","大安區","121.530","25.020","4148"
"6746","384886","20221005094000","6861","0","臺北市","大安區","121.540","25.035","6867"
"309","384888","20221005094000","272","1","臺北市","文山區","121.565","25.000","320"
"214","384889","20221005094000","363","0","臺北市","文山區","121.565","25.005","205"
"754","384890","20221005094000","927","0","臺北市","文山區","121.570","25.005","708"
"145","384893","20221005094000","182","0","臺北市","文山區","121.585","24.995","150"
"317","384895","20221005094000","277","1","臺北市","文山區","121.580","25.000","351"
"39","384896","20221005094000","16","3","臺北市","文山區","121.585","25.000","46"
"580","384897","20221005094000","552","1","新北市","深坑區","121.600","25.000","632"
"3856","384898","20221005094000","4117","0","臺北市","文山區","121.540","24.995","3591"
"209","384899","20221005094000","217","0","臺北市","文山區","121.570","24.995","259"
"1462","384900","20221005094000","1241","1","臺北市","文山區","121.570","25.000","1409"
"3842","384901","20221005094000","3679","1","臺北市","文山區","121.540","25.000","3686"
"1182","384903","20221005094000","1678","0","臺北市","萬華區","121.505","25.020","544"
"1312","384904","20221005094000","1251","1","臺北市","文山區","121.555","24.995","1323"
"1470","384905","20221005094000","1214","2","臺北市","文山區","121.560","24.995","1456"
"1316","384906","20221005094000","1672","0","臺北市","文山區","121.555","25.000","1345"
"1302","384907","20221005094000","1147","1","臺北市","文山區","121.550","25.005","1249"
"404","384908","20221005094000","293","2","臺北市","大安區","121.550","25.010","366"
"2221","384909","20221005094000","2599","0","臺北市","大安區","121.540","25.015","2026"
"3227","384911","20221005094000","4521","0","臺北市","中正區","121.535","25.010","3173"
"813","384913","20221005094000","1479","0","臺北市","大安區","121.545","25.010","957"
"4008","384914","20221005094000","3960","1","臺北市","大安區","121.535","25.015","3760"
"1242","384916","20221005094000","1297","0","臺北市","大安區","121.545","25.015","1142"
"6381","384917","20221005094000","7983","0","臺北市","大安區","121.550","25.040","6560"
"2440","384918","20221005094000","1054","3","臺北市","文山區","121.535","24.995","2147"
"3833","384919","20221005094000","3875","0","臺北市","松山區","121.545","25.045","3726"
"3203","384920","20221005094000","3241","0","臺北市","萬華區","121.500","25.040","3037"
"777","384922","20221005094000","813","0","臺北市","萬華區","121.490","25.030","727"
"5779","384923","20221005094000","6155","0","臺北市","萬華區","121.505","25.045","5801"
"1992","384924","20221005094000","2281","0","臺北市","南港區","121.585","25.050","1914"
"1210","384925","20221005094000","1698","0","臺北市","南港區","121.590","25.050","1195"
"777","384926","20221005094000","1200","0","臺北市","南港區","121.590","25.040","754"
"320","384927","20221005094000","477","0","臺北市","南港區","121.590","25.045","289"
"936","384929","20221005094000","989","0","臺北市","南港區","121.595","25.040","831"
"307","384931","20221005094000","626","0","臺北市","南港區","121.595","25.045","320"
"249","384932","20221005094000","288","0","臺北市","南港區","121.600","25.045","230"
"2318","384933","20221005094000","2418","0","臺北市","南港區","121.595","25.050","2269"
"3292","384935","20221005094000","3770","0","臺北市","萬華區","121.495","25.030","3278"
"2250","384936","20221005094000","1460","3","臺北市","萬華區","121.490","25.025","2189"
"697","384937","20221005094000","558","2","臺北市","文山區","121.555","25.010","656"
"164","384938","20221005094000","185","0","臺北市","信義區","121.565","25.010","122"
"1544","384940","20221005094000","2055","0","臺北市","大安區","121.560","25.015","1507"
"6293","384941","20221005094000","6001","1","臺北市","松山區","121.550","25.050","6518"
"439","384942","20221005094000","607","0","臺北市","大安區","121.540","25.020","380"
"115","384943","20221005094000","1919","0","臺北市","大安區","121.540","25.025","117"
"9199","384944","20221005094000","10402","0","臺北市","松山區","121.555","25.050","9483"
"1611","384945","20221005094000","1437","1","臺北市","萬華區","121.495","25.035","1550"
"460","384946","20221005094000","504","0","臺北市","萬華區","121.495","25.040","450"
"703","384947","20221005094000","654","1","臺北市","文山區","121.565","24.995","713"
"5307","384948","20221005094000","5093","1","臺北市","松山區","121.560","25.050","5288"
"4309","384949","20221005094000","6273","0","臺北市","松山區","121.565","25.050","4307"
"1377","384950","20221005094000","949","2","臺北市","萬華區","121.490","25.020","1360"
"1414","384951","20221005094000","1157","2","臺北市","萬華區","121.500","25.030","1343"
"3891","384952","20221005094000","4026","0","臺北市","萬華區","121.505","25.040","3907"
"5729","384955","20221005094000","6617","0","臺北市","大安區","121.535","25.040","5960"
"3370","384956","20221005094000","2401","2","臺北市","松山區","121.555","25.045","3341"
"2244","384957","20221005094000","2012","1","臺北市","松山區","121.575","25.050","2127"
"6357","384958","20221005094000","6983","0","臺北市","南港區","121.580","25.050","6542"
"351","384960","20221005094000","504","0","臺北市","信義區","121.580","25.030","331"
"2253","384961","20221005094000","3284","0","臺北市","信義區","121.580","25.035","2305"
"1316","384962","20221005094000","3358","0","臺北市","信義區","121.580","25.045","1287"
"2530","384963","20221005094000","3820","0","臺北市","萬華區","121.500","25.035","2563"
"4972","384964","20221005094000","7015","0","臺北市","松山區","121.545","25.050","5476"
"1385","384965","20221005094000","1244","1","臺北市","萬華區","121.495","25.020","1354"
"1913","384966","20221005094000","2168","0","臺北市","萬華區","121.500","25.025","1803"
"345","384968","20221005094000","256","2","臺北市","信義區","121.570","25.015","336"
"99","384969","20221005094000","1131","0","臺北市","信義區","121.570","25.020","119"
"2961","384970","20221005094000","5262","0","臺北市","信義區","121.560","25.040","2813"
"4365","384971","20221005094000","5446","0","臺北市","大安區","121.535","25.035","4415"
"1528","384972","20221005094000","1503","1","臺北市","文山區","121.545","24.995","1473"
"1312","384973","20221005094000","1165","1","臺北市","大安區","121.555","25.015","1291"
"2841","384974","20221005094000","3277","0","臺北市","大安區","121.540","25.030","2807"
"125","384975","20221005094000","118","1","臺北市","文山區","121.545","25.005","136"
"629","384976","20221005094000","545","1","臺北市","文山區","121.535","25.000","647"
"313","384977","20221005094000","812","0","臺北市","文山區","121.535","25.005","344"
"2698","384978","20221005094000","3381","0","臺北市","萬華區","121.505","25.025","2776"
"1381","384983","20221005094000","1295","1","臺北市","南港區","121.610","25.050","1385"
"218","384984","20221005094000","303","0","臺北市","南港區","121.615","25.050","239"
"2111","384986","20221005094000","1906","1","臺北市","南港區","121.615","25.040","2216"
"968","384987","20221005094000","2141","0","臺北市","南港區","121.615","25.045","961"
"21","384992","20221005094000","22","0","臺北市","南港區","121.595","25.015","38"
"56","384996","20221005094000","44","2","臺北市","南港區","121.600","25.020","45"
"285","384997","20221005094000","312","0","臺北市","南港區","121.605","25.020","242"
"57","385006","20221005094000","41","2","臺北市","南港區","121.620","25.025","37"
"997","385010","20221005094000","769","2","臺北市","南港區","121.610","25.030","917"
"18","385015","20221005094000","383","0","臺北市","南港區","121.615","25.035","20"
"4890","385016","20221005094000","4475","1","臺北市","大安區","121.535","25.025","4909"
"4453","385018","20221005094000","5008","0","臺北市","大安區","121.545","25.020","4447"
"6805","385019","20221005094000","8739","0","臺北市","信義區","121.565","25.040","6977"
"7989","385020","20221005094000","7702","1","臺北市","信義區","121.570","25.040","8535"
"1501","385021","20221005094000","3136","0","臺北市","信義區","121.560","25.035","1406"
"6259","385022","20221005094000","6598","0","臺北市","信義區","121.565","25.035","6574"
"236","385023","20221005094000","204","1","臺北市","文山區","121.555","25.005","267"
"1433","385025","20221005094000","1340","1","臺北市","文山區","121.545","25.000","1368"
"4550","385026","20221005094000","4772","0","臺北市","萬華區","121.505","25.035","4459"
"1702","385027","20221005094000","1998","0","臺北市","萬華區","121.495","25.025","1625"
"6773","385028","20221005094000","7751","0","臺北市","大安區","121.545","25.040","6699"
"1516","385029","20221005094000","1773","0","臺北市","信義區","121.560","25.020","1696"
"15","385032","20221005094000","31","0","臺北市","信義區","121.590","25.030","48"
"2508","385033","20221005094000","2748","0","臺北市","信義區","121.585","25.040","2519"
"4140","385034","20221005094000","4058","1","臺北市","大安區","121.530","25.030","3873"
"4033","385035","20221005094000","3651","1","臺北市","大安區","121.545","25.025","4063"
"67","387378","20221005094000","47","2","新北市","貢寮區","121.920","25.075","76"
"406","391023","20221005094000","421","0","桃園市","大園區","121.240","25.115","455"
"262","392790","20221005094000","549","0","新北市","林口區","121.360","25.135","260"
"1127","392791","20221005094000","1291","0","基隆市","中正區(海)","121.745","25.135","978"
"86","392792","20221005094000","132","0","新北市","瑞芳區","121.805","25.135","117"
"995","393254","20221005094000","914","1","基隆市","中正區(海)","121.750","25.140","1038"
"2532","394037","20221005094000","2930","0","基隆市","七堵區","121.700","25.085","2499"
"113","394044","20221005094000","75","3","基隆市","七堵區","121.715","25.105","117"
"22","394049","20221005094000","24","0","基隆市","安樂區","121.710","25.120","29"
"617","394050","20221005094000","648","0","基隆市","中正區","121.760","25.140","587"
"962","394051","20221005094000","968","0","基隆市","中正區","121.755","25.135","964"
"1155","394053","20221005094000","992","1","基隆市","安樂區","121.720","25.125","1187"
"626","394054","20221005094000","918","0","基隆市","中山區","121.730","25.145","634"
"1161","394055","20221005094000","1414","0","新北市","三重區","121.475","25.065","1180"
"1444","394056","20221005094000","1114","2","新北市","三重區","121.490","25.070","1462"
"2798","394057","20221005094000","2610","1","新北市","汐止區","121.635","25.065","2714"
"2608","394058","20221005094000","2257","1","新北市","汐止區","121.660","25.065","2707"
"28","394059","20221005094000","26","1","新北市","汐止區","121.665","25.050","24"
"701","394060","20221005094000","574","2","新北市","汐止區","121.670","25.055","758"
"744","394062","20221005094000","1051","0","新北市","汐止區","121.665","25.055","777"
"1346","394064","20221005094000","2806","0","新北市","汐止區","121.660","25.060","1363"
"678","394066","20221005094000","494","2","基隆市","七堵區","121.695","25.080","693"
"869","394068","20221005094000","924","0","基隆市","七堵區","121.720","25.100","850"
"877","394069","20221005094000","1419","0","基隆市","中正區","121.750","25.135","941"
"40","394070","20221005094000","303","0","基隆市","中正區","121.755","25.140","40"
"30","394071","20221005094000","59","0","基隆市","中正區","121.795","25.145","29"
"687","394072","20221005094000","664","1","基隆市","中正區","121.770","25.145","607"
"577","394074","20221005094000","659","0","基隆市","暖暖區","121.730","25.095","588"
"743","394075","20221005094000","782","0","基隆市","暖暖區","121.735","25.105","804"
"289","394076","20221005094000","420","0","基隆市","暖暖區","121.735","25.110","308"
"395","394077","20221005094000","399","0","基隆市","暖暖區","121.740","25.100","394"
"794","394078","20221005094000","841","0","基隆市","中山區","121.735","25.135","797"
"384","394082","20221005094000","389","0","基隆市","安樂區","121.705","25.140","364"
"83","394085","20221005094000","51","3","基隆市","安樂區","121.700","25.145","71"
"1132","394090","20221005094000","1089","1","基隆市","安樂區","121.715","25.125","1074"
"2294","394091","20221005094000","2294","1","基隆市","仁愛區","121.740","25.125","2366"
"754","394092","20221005094000","643","1","臺北市","大同區","121.510","25.070","762"
"3209","394093","20221005094000","2622","2","新北市","三重區","121.500","25.055","3225"
"3728","394094","20221005094000","3792","0","新北市","三重區","121.500","25.065","3742"
"731","394095","20221005094000","842","0","基隆市","中山區","121.740","25.135","726"
"3100","394096","20221005094000","3454","0","基隆市","信義區","121.755","25.130","2954"
"651","394097","20221005094000","741","0","基隆市","仁愛區","121.735","25.125","620"
"310","394098","20221005094000","293","1","基隆市","安樂區","121.725","25.140","285"
"131","394099","20221005094000","775","0","基隆市","安樂區","121.730","25.130","124"
"2087","394102","20221005094000","2039","1","新北市","五股區","121.450","25.105","2067"
"934","394106","20221005094000","879","1","新北市","五股區","121.440","25.090","1069"
"816","394108","20221005094000","644","2","新北市","五股區","121.440","25.095","758"
"241","394109","20221005094000","233","1","新北市","五股區","121.430","25.100","309"
"71","394115","20221005094000","342","0","新北市","五股區","121.445","25.075","68"
"1028","394118","20221005094000","1284","0","新北市","五股區","121.460","25.075","1042"
"1281","394121","20221005094000","796","3","新北市","五股區","121.455","25.080","1159"
"14","394125","20221005094000","99","0","新北市","五股區","121.430","25.085","17"
"1245","394126","20221005094000","1569","0","新北市","五股區","121.435","25.085","1275"
"79","394127","20221005094000","65","2","新北市","五股區","121.420","25.090","83"
"1468","394129","20221005094000","2351","0","新北市","五股區","121.430","25.070","1424"
"1392","394130","20221005094000","1368","1","新北市","五股區","121.435","25.070","1417"
"20","394135","20221005094000","280","0","新北市","五股區","121.425","25.070","20"
"94","394136","20221005094000","49","3","新北市","林口區","121.405","25.075","91"
"165","394138","20221005094000","111","2","新北市","五股區","121.405","25.080","155"
"1653","394139","20221005094000","2572","0","新北市","新莊區","121.450","25.060","1737"
"3879","394141","20221005094000","4667","0","新北市","新莊區","121.455","25.060","4012"
"1760","394142","20221005094000","2058","0","新北市","五股區","121.450","25.070","1686"
"2247","394144","20221005094000","1994","1","新北市","五股區","121.455","25.070","2352"
"1408","394146","20221005094000","1421","0","新北市","五股區","121.465","25.070","1443"
"389","394147","20221005094000","359","1","新北市","五股區","121.465","25.075","358"
"276","394149","20221005094000","321","0","新北市","五股區","121.435","25.105","313"
"212","394150","20221005094000","170","2","新北市","五股區","121.420","25.110","216"
"105","394155","20221005094000","78","2","新北市","五股區","121.420","25.115","104"
"41","394166","20221005094000","39","1","新北市","五股區","121.425","25.120","40"
"163","394170","20221005094000","181","0","新北市","五股區","121.420","25.125","114"
"1018","394174","20221005094000","916","1","基隆市","信義區","121.765","25.125","1016"
"905","394175","20221005094000","867","1","基隆市","信義區","121.760","25.130","909"
"511","394176","20221005094000","472","1","基隆市","中正區","121.760","25.135","543"
"206","394178","20221005094000","158","2","基隆市","七堵區","121.700","25.070","204"
"556","394179","20221005094000","500","1","基隆市","七堵區","121.695","25.075","564"
"1455","394181","20221005094000","1671","0","基隆市","七堵區","121.715","25.095","1404"
"650","394182","20221005094000","641","1","基隆市","七堵區","121.720","25.095","626"
"644","394185","20221005094000","654","0","基隆市","中山區","121.720","25.140","630"
"1589","394186","20221005094000","1795","0","基隆市","中山區","121.725","25.145","1649"
"732","394187","20221005094000","604","2","新北市","五股區","121.435","25.090","738"
"903","394188","20221005094000","974","0","新北市","五股區","121.440","25.080","855"
"555","394189","20221005094000","1100","0","新北市","五股區","121.440","25.085","562"
"81","394191","20221005094000","52","3","新北市","五股區","121.415","25.085","84"
"258","394193","20221005094000","260","0","新北市","五股區","121.415","25.090","233"
"174","394196","20221005094000","125","2","新北市","五股區","121.410","25.100","172"
"197","394202","20221005094000","261","0","新北市","五股區","121.405","25.110","214"
"33","394207","20221005094000","94","0","新北市","五股區","121.410","25.110","38"
"50","394208","20221005094000","53","0","新北市","八里區","121.400","25.115","49"
"319","394211","20221005094000","416","0","新北市","五股區","121.425","25.095","314"
"110","394214","20221005094000","470","0","新北市","泰山區","121.435","25.065","96"
"186","394216","20221005094000","235","0","新北市","五股區","121.415","25.075","185"
"106","394218","20221005094000","104","1","新北市","五股區","121.425","25.075","97"
"633","394220","20221005094000","815","0","新北市","五股區","121.435","25.075","645"
"101","394223","20221005094000","143","0","新北市","五股區","121.420","25.080","127"
"830","394226","20221005094000","783","1","新北市","五股區","121.435","25.080","804"
"617","394227","20221005094000","820","0","新北市","五股區","121.445","25.090","628"
"731","394229","20221005094000","560","2","新北市","五股區","121.445","25.095","713"
"61","394230","20221005094000","269","0","新北市","五股區","121.450","25.095","48"
"476","394234","20221005094000","947","0","新北市","五股區","121.450","25.100","491"
"3280","394235","20221005094000","3391","0","新北市","三重區","121.495","25.070","3477"
"2511","394236","20221005094000","2281","1","新北市","三重區","121.500","25.070","2544"
"4452","394237","20221005094000","4848","0","新北市","三重區","121.490","25.065","4487"
"2427","394238","20221005094000","1490","3","基隆市","中正區","121.785","25.135","2369"
"1277","394242","20221005094000","1872","0","基隆市","安樂區","121.720","25.120","1280"
"927","394243","20221005094000","1444","0","新北市","三重區","121.505","25.060","911"
"2729","394244","20221005094000","3266","0","新北市","三重區","121.480","25.060","2688"
"1520","394247","20221005094000","1460","1","新北市","三重區","121.485","25.070","1571"
"1037","394248","20221005094000","550","3","基隆市","中正區","121.790","25.135","1012"
"1010","394252","20221005094000","931","1","基隆市","信義區","121.765","25.130","946"
"57","394254","20221005094000","300","0","基隆市","信義區","121.770","25.135","49"
"1080","394258","20221005094000","1323","0","基隆市","信義區","121.770","25.130","1050"
"711","394259","20221005094000","789","0","基隆市","信義區","121.775","25.130","781"
"49","394262","20221005094000","97","0","基隆市","信義區","121.790","25.115","71"
"152","394265","20221005094000","137","1","基隆市","信義區","121.790","25.120","146"
"363","394266","20221005094000","284","2","基隆市","信義區","121.785","25.125","368"
"1205","394270","20221005094000","1364","0","基隆市","信義區","121.775","25.135","1195"
"447","394272","20221005094000","449","0","基隆市","安樂區","121.725","25.135","458"
"1175","394273","20221005094000","1164","1","基隆市","安樂區","121.715","25.140","1176"
"1785","394275","20221005094000","2227","0","基隆市","中山區","121.735","25.130","1864"
"256","394276","20221005094000","822","0","基隆市","安樂區","121.725","25.125","225"
"842","394277","20221005094000","839","1","基隆市","安樂區","121.725","25.130","824"
"125","394278","20221005094000","157","0","基隆市","中山區","121.720","25.145","127"
"2215","394280","20221005094000","2248","0","基隆市","仁愛區","121.740","25.130","2243"
"745","394281","20221005094000","677","1","基隆市","安樂區","121.730","25.135","709"
"2523","394282","20221005094000","2405","1","新北市","三重區","121.490","25.075","2426"
"3242","394283","20221005094000","3629","0","新北市","三重區","121.490","25.060","3202"
"1718","394284","20221005094000","2282","0","新北市","三重區","121.495","25.060","1794"
"852","394285","20221005094000","727","1","基隆市","中山區","121.740","25.145","779"
"1003","394288","20221005094000","1095","0","基隆市","安樂區","121.710","25.140","999"
"1281","394290","20221005094000","1181","1","基隆市","安樂區","121.710","25.150","1374"
"474","394291","20221005094000","302","3","基隆市","中山區","121.715","25.145","451"
"301","394292","20221005094000","528","0","新北市","三重區","121.485","25.065","282"
"479","394293","20221005094000","621","0","臺北市","大同區","121.510","25.075","506"
"3962","394294","20221005094000","3386","1","新北市","三重區","121.500","25.060","3863"
"2859","394295","20221005094000","2421","1","新北市","三重區","121.475","25.055","2790"
"442","394297","20221005094000","431","1","新北市","五股區","121.460","25.070","444"
"2024","394298","20221005094000","1456","2","新北市","三重區","121.470","25.060","1949"
"819","394299","20221005094000","1177","0","新北市","三重區","121.470","25.065","781"
"552","394301","20221005094000","473","1","新北市","三重區","121.505","25.075","503"
"1500","394302","20221005094000","1691","0","新北市","三重區","121.485","25.080","1408"
"206","394303","20221005094000","241","0","基隆市","中山區","121.740","25.140","267"
"1551","394304","20221005094000","1630","0","新北市","三重區","121.470","25.070","1658"
"184","394305","20221005094000","188","0","基隆市","信義區","121.780","25.135","207"
"509","394306","20221005094000","978","0","基隆市","信義區","121.780","25.130","521"
"545","394307","20221005094000","600","0","基隆市","信義區","121.780","25.140","533"
"305","394308","20221005094000","381","0","基隆市","中正區","121.785","25.140","299"
"123","394312","20221005094000","87","2","基隆市","信義區","121.775","25.125","140"
"702","394313","20221005094000","705","0","基隆市","信義區","121.780","25.125","692"
"102","394317","20221005094000","95","1","新北市","瑞芳區","121.760","25.110","118"
"63","394320","20221005094000","74","0","基隆市","信義區","121.765","25.115","65"
"1003","394324","20221005094000","1039","0","基隆市","信義區","121.760","25.125","1035"
"1261","394325","20221005094000","1719","0","新北市","三重區","121.490","25.085","1275"
"503","394326","20221005094000","502","1","新北市","三重區","121.490","25.090","509"
"307","394327","20221005094000","93","3","新北市","三重區","121.495","25.090","315"
"1795","394329","20221005094000","1668","1","新北市","三重區","121.475","25.070","1909"
"2412","394330","20221005094000","2764","0","新北市","三重區","121.480","25.070","2338"
"1951","394332","20221005094000","1343","2","新北市","泰山區","121.430","25.065","1885"
"923","394333","20221005094000","1383","0","新北市","泰山區","121.440","25.060","876"
"468","394335","20221005094000","481","0","基隆市","中山區","121.735","25.140","477"
"65","394336","20221005094000","1025","0","基隆市","中山區","121.730","25.140","55"
"106","394337","20221005094000","339","0","基隆市","暖暖區","121.735","25.100","101"
"47","394358","20221005094000","66","0","基隆市","暖暖區","121.755","25.075","66"
"39","394364","20221005094000","29","2","基隆市","暖暖區","121.745","25.085","35"
"397","394398","20221005094000","332","1","基隆市","暖暖區","121.740","25.090","415"
"29","394401","20221005094000","171","0","基隆市","暖暖區","121.735","25.095","18"
"12","394402","20221005094000","372","0","基隆市","暖暖區","121.740","25.095","22"
"2697","394404","20221005094000","2609","1","基隆市","暖暖區","121.755","25.095","2611"
"41","394405","20221005094000","417","0","基隆市","暖暖區","121.750","25.090","30"
"327","394407","20221005094000","211","3","基隆市","暖暖區","121.750","25.095","315"
"1302","394413","20221005094000","1319","0","基隆市","暖暖區","121.740","25.105","1204"
"414","394418","20221005094000","461","0","基隆市","暖暖區","121.730","25.100","426"
"1186","394422","20221005094000","1200","0","基隆市","安樂區","121.705","25.145","1204"
"1258","394423","20221005094000","845","2","基隆市","安樂區","121.710","25.145","1320"
"1801","394426","20221005094000","2215","0","新北市","三重區","121.490","25.080","1815"
"1481","394427","20221005094000","1854","0","新北市","三重區","121.485","25.075","1525"
"3067","394428","20221005094000","2720","1","新北市","三重區","121.480","25.075","3018"
"29","394429","20221005094000","172","0","基隆市","中山區","121.735","25.145","37"
"3917","394430","20221005094000","4296","0","新北市","三重區","121.495","25.065","4016"
"2690","394435","20221005094000","2756","0","基隆市","仁愛區","121.745","25.125","2655"
"640","394436","20221005094000","682","0","基隆市","仁愛區","121.745","25.120","623"
"2504","394438","20221005094000","2257","1","新北市","三重區","121.485","25.060","2390"
"1124","394441","20221005094000","1079","1","基隆市","暖暖區","121.750","25.100","1097"
"715","394442","20221005094000","731","0","基隆市","安樂區","121.730","25.115","746"
"4686","394444","20221005094000","4256","1","基隆市","安樂區","121.725","25.120","4609"
"821","394447","20221005094000","986","0","新北市","三重區","121.495","25.075","850"
"1503","394450","20221005094000","1652","0","新北市","三重區","121.495","25.085","1572"
"3984","394451","20221005094000","3767","1","新北市","三重區","121.480","25.065","3956"
"20","394457","20221005094000","25","0","基隆市","七堵區","121.720","25.110","13"
"318","394458","20221005094000","314","1","基隆市","暖暖區","121.730","25.110","318"
"408","394461","20221005094000","256","3","基隆市","七堵區","121.700","25.075","395"
"319","394464","20221005094000","323","0","基隆市","七堵區","121.705","25.085","311"
"1187","394466","20221005094000","1117","1","基隆市","七堵區","121.705","25.090","1138"
"527","394467","20221005094000","492","1","基隆市","七堵區","121.700","25.095","504"
"472","394470","20221005094000","494","0","基隆市","七堵區","121.665","25.090","483"
"67","394480","20221005094000","47","2","基隆市","七堵區","121.670","25.100","56"
"335","394492","20221005094000","281","1","基隆市","七堵區","121.670","25.105","318"
"45","394500","20221005094000","43","1","基隆市","七堵區","121.660","25.115","48"
"52","394518","20221005094000","70","0","基隆市","七堵區","121.660","25.130","65"
"69","394538","20221005094000","214","0","基隆市","七堵區","121.695","25.085","70"
"1232","394546","20221005094000","1405","0","基隆市","七堵區","121.685","25.075","1209"
"615","394547","20221005094000","429","2","基隆市","七堵區","121.690","25.075","619"
"1089","394550","20221005094000","842","2","基隆市","七堵區","121.690","25.085","1089"
"3772","394551","20221005094000","4459","0","基隆市","中正區","121.745","25.130","3695"
"61","394552","20221005094000","248","0","基隆市","仁愛區","121.740","25.120","83"
"3161","394553","20221005094000","2800","1","基隆市","信義區","121.750","25.130","2996"
"18","394554","20221005094000","426","0","基隆市","仁愛區","121.750","25.125","252"
"347","394555","20221005094000","646","0","基隆市","中正區","121.765","25.140","354"
"230","394556","20221005094000","128","3","基隆市","中正區","121.795","25.125","273"
"192","394559","20221005094000","137","2","基隆市","中正區","121.795","25.130","175"
"1387","394564","20221005094000","1248","1","基隆市","中正區","121.790","25.140","1185"
"1268","394565","20221005094000","1091","1","基隆市","中正區","121.795","25.140","1165"
"1927","394567","20221005094000","1651","1","基隆市","中正區","121.760","25.145","1906"
"563","394570","20221005094000","483","1","基隆市","安樂區","121.715","25.120","529"
"766","394576","20221005094000","745","1","基隆市","安樂區","121.715","25.130","751"
"129","394582","20221005094000","356","0","基隆市","仁愛區","121.740","25.110","457"
"209","394583","20221005094000","159","2","基隆市","仁愛區","121.745","25.110","317"
"314","394586","20221005094000","356","0","基隆市","仁愛區","121.745","25.115","374"
"17","394590","20221005094000","136","0","基隆市","七堵區","121.710","25.100","18"
"2649","394592","20221005094000","2211","1","基隆市","七堵區","121.715","25.100","2722"
"19","394600","20221005094000","10","3","基隆市","七堵區","121.715","25.075","25"
"1311","394611","20221005094000","1502","0","基隆市","七堵區","121.710","25.090","1220"
"232","394613","20221005094000","364","0","基隆市","七堵區","121.720","25.090","248"
"94","394617","20221005094000","58","3","基隆市","七堵區","121.680","25.100","57"
"209","394625","20221005094000","186","1","基隆市","七堵區","121.695","25.105","222"
"71","394632","20221005094000","57","2","基隆市","七堵區","121.690","25.115","70"
"120","394634","20221005094000","137","0","基隆市","七堵區","121.700","25.115","128"
"33","394645","20221005094000","27","2","基隆市","安樂區","121.700","25.130","30"
"24","394660","20221005094000","82","0","基隆市","七堵區","121.680","25.120","16"
"34","394663","20221005094000","27","2","基隆市","七堵區","121.680","25.125","41"
"273","394685","20221005094000","291","0","新北市","蘆洲區","121.485","25.090","283"
"1356","394686","20221005094000","1326","1","新北市","汐止區","121.630","25.060","1305"
"2667","394687","20221005094000","1195","3","新北市","汐止區","121.620","25.065","2668"
"2281","394688","20221005094000","2344","0","新北市","汐止區","121.625","25.065","2310"
"37","394694","20221005094000","51","0","新北市","八里區","121.415","25.145","37"
"592","394705","20221005094000","806","0","新北市","八里區","121.450","25.140","604"
"79","394716","20221005094000","105","0","新北市","八里區","121.415","25.130","123"
"288","394724","20221005094000","238","2","新北市","八里區","121.410","25.145","268"
"29","394725","20221005094000","193","0","新北市","八里區","121.405","25.150","34"
"376","394726","20221005094000","336","1","新北市","八里區","121.410","25.150","385"
"98","394731","20221005094000","171","0","新北市","八里區","121.405","25.125","94"
"1341","394740","20221005094000","1343","0","新北市","蘆洲區","121.465","25.090","1324"
"2371","394741","20221005094000","2080","1","新北市","蘆洲區","121.460","25.085","2352"
"1135","394742","20221005094000","1336","0","新北市","蘆洲區","121.465","25.085","1138"
"892","394743","20221005094000","1624","0","新北市","蘆洲區","121.460","25.090","908"
"331","394744","20221005094000","1512","0","新北市","蘆洲區","121.460","25.095","338"
"162","394745","20221005094000","398","0","新北市","蘆洲區","121.475","25.075","168"
"733","394746","20221005094000","715","1","新北市","蘆洲區","121.475","25.090","743"
"1404","394747","20221005094000","1185","1","新北市","蘆洲區","121.470","25.095","1339"
"68","394748","20221005094000","202","0","新北市","蘆洲區","121.475","25.095","56"
"711","394749","20221005094000","412","3","新北市","蘆洲區","121.470","25.100","672"
"1187","394750","20221005094000","1729","0","新北市","新莊區","121.460","25.060","1126"
"2355","394751","20221005094000","2652","0","新北市","新莊區","121.465","25.060","2284"
"1576","394752","20221005094000","1471","1","新北市","五股區","121.465","25.065","1496"
"465","394787","20221005094000","628","0","新北市","瑞芳區","121.770","25.100","458"
"67","394788","20221005094000","70","0","新北市","瑞芳區","121.775","25.100","56"
"99","394798","20221005094000","69","2","新北市","瑞芳區","121.825","25.085","94"
"10","394807","20221005094000","16","0","新北市","瑞芳區","121.805","25.120","16"
"18","394809","20221005094000","20","0","新北市","瑞芳區","121.815","25.120","32"
"388","394810","20221005094000","402","0","新北市","瑞芳區","121.820","25.120","388"
"1104","394819","20221005094000","933","1","新北市","五股區","121.430","25.090","1063"
"2112","394821","20221005094000","1804","1","新北市","八里區","121.395","25.145","2020"
"193","394822","20221005094000","82","3","新北市","八里區","121.390","25.150","232"
"1431","394824","20221005094000","1143","2","新北市","八里區","121.400","25.150","1438"
"29","394825","20221005094000","25","1","新北市","八里區","121.395","25.085","29"
"76","394829","20221005094000","71","1","新北市","八里區","121.400","25.100","78"
"146","394833","20221005094000","132","1","新北市","八里區","121.390","25.110","147"
"365","394843","20221005094000","461","0","新北市","林口區","121.375","25.120","345"
"439","394854","20221005094000","499","0","新北市","八里區","121.385","25.130","451"
"1462","394858","20221005094000","1788","0","新北市","瑞芳區","121.805","25.105","2060"
"31","394863","20221005094000","50","0","新北市","瑞芳區","121.795","25.085","37"
"392","394867","20221005094000","232","3","新北市","瑞芳區","121.795","25.090","378"
"957","394873","20221005094000","778","2","新北市","瑞芳區","121.785","25.095","976"
"397","394878","20221005094000","424","0","新北市","瑞芳區","121.790","25.100","387"
"467","394885","20221005094000","429","1","新北市","瑞芳區","121.790","25.110","486"
"139","394888","20221005094000","32","3","新北市","瑞芳區","121.820","25.075","128"
"111","394894","20221005094000","112","0","新北市","瑞芳區","121.825","25.090","112"
"193","394924","20221005094000","142","2","新北市","瑞芳區","121.760","25.100","179"
"34","394926","20221005094000","27","2","新北市","瑞芳區","121.760","25.105","39"
"75","394932","20221005094000","86","0","新北市","瑞芳區","121.775","25.110","78"
"31","394934","20221005094000","40","0","新北市","瑞芳區","121.770","25.115","45"
"402","394937","20221005094000","436","0","新北市","瑞芳區","121.845","25.110","408"
"102","394943","20221005094000","128","0","新北市","瑞芳區","121.830","25.095","93"
"296","394949","20221005094000","280","1","新北市","瑞芳區","121.840","25.095","292"
"259","394954","20221005094000","277","0","新北市","瑞芳區","121.850","25.105","313"
"232","394965","20221005094000","270","0","新北市","瑞芳區","121.815","25.105","243"
"116","394966","20221005094000","117","0","新北市","五股區","121.455","25.115","123"
"453","394972","20221005094000","369","2","新北市","八里區","121.450","25.125","451"
"1022","394973","20221005094000","999","1","新北市","八里區","121.455","25.125","1054"
"684","394979","20221005094000","609","1","新北市","八里區","121.450","25.130","658"
"643","394985","20221005094000","619","1","新北市","八里區","121.450","25.135","719"
"937","394986","20221005094000","1085","0","新北市","汐止區","121.640","25.065","957"
"1137","394991","20221005094000","1303","0","桃園市","觀音區","121.120","25.060","1217"
"1105","394992","20221005094000","1010","1","桃園市","觀音區","121.125","25.060","1057"
"53","394993","20221005094000","379","0","桃園市","觀音區","121.130","25.060","69"
"1219","394996","20221005094000","1113","1","桃園市","觀音區","121.110","25.065","1266"
"1334","395000","20221005094000","1304","1","桃園市","觀音區","121.130","25.065","1318"
"441","395008","20221005094000","515","0","桃園市","觀音區","121.135","25.060","455"
"1860","395014","20221005094000","2083","0","桃園市","蘆竹區","121.285","25.070","1815"
"197","395019","20221005094000","617","0","桃園市","蘆竹區","121.285","25.075","184"
"569","395023","20221005094000","457","2","桃園市","蘆竹區","121.285","25.080","599"
"944","395029","20221005094000","1036","0","桃園市","蘆竹區","121.255","25.110","913"
"497","395030","20221005094000","604","0","桃園市","蘆竹區","121.260","25.110","466"
"389","395031","20221005094000","409","0","桃園市","蘆竹區","121.265","25.110","335"
"438","395032","20221005094000","349","2","桃園市","蘆竹區","121.270","25.110","406"
"191","395038","20221005094000","226","0","桃園市","蘆竹區","121.255","25.115","190"
"652","395042","20221005094000","1155","0","桃園市","蘆竹區","121.295","25.060","631"
"675","395043","20221005094000","634","1","桃園市","蘆竹區","121.300","25.060","693"
"58","395046","20221005094000","31","3","桃園市","蘆竹區","121.315","25.060","53"
"52","395052","20221005094000","42","2","桃園市","蘆竹區","121.305","25.065","56"
"188","395057","20221005094000","281","0","新北市","瑞芳區","121.860","25.125","265"
"180","395083","20221005094000","283","0","新北市","雙溪區","121.875","25.090","224"
"78","395098","20221005094000","31","3","新北市","貢寮區","121.915","25.095","110"
"62","395109","20221005094000","135","0","新北市","貢寮區","121.920","25.105","85"
"323","395119","20221005094000","300","1","新北市","貢寮區","121.925","25.055","318"
"299","395121","20221005094000","251","1","新北市","貢寮區","121.925","25.060","285"
"73","395125","20221005094000","64","1","新北市","貢寮區","121.925","25.065","91"
"401","395129","20221005094000","574","0","新北市","新莊區","121.455","25.065","374"
"1054","395130","20221005094000","863","2","新北市","五股區","121.445","25.065","1049"
"460","395131","20221005094000","522","0","新北市","泰山區","121.435","25.060","430"
"1011","395132","20221005094000","1399","0","新北市","汐止區","121.645","25.060","1024"
"2108","395133","20221005094000","1805","1","新北市","汐止區","121.665","25.065","1929"
"379","395134","20221005094000","396","0","桃園市","蘆竹區","121.270","25.060","347"
"885","395135","20221005094000","1343","0","桃園市","蘆竹區","121.275","25.060","885"
"17","395136","20221005094000","292","0","桃園市","蘆竹區","121.280","25.060","24"
"968","395137","20221005094000","921","1","桃園市","蘆竹區","121.265","25.065","1033"
"1054","395141","20221005094000","1112","0","桃園市","蘆竹區","121.270","25.070","1099"
"2134","395143","20221005094000","2516","0","新北市","蘆洲區","121.470","25.090","2092"
"16","395145","20221005094000","56","0","新北市","瑞芳區","121.835","25.110","23"
"15","395147","20221005094000","11","2","新北市","瑞芳區","121.830","25.115","17"
"248","395149","20221005094000","180","2","新北市","瑞芳區","121.840","25.115","244"
"20","395156","20221005094000","148","0","新北市","瑞芳區","121.830","25.125","18"
"42","395157","20221005094000","29","2","新北市","瑞芳區","121.835","25.125","56"
"289","395163","20221005094000","533","0","新北市","瑞芳區","121.815","25.130","267"
"1031","395173","20221005094000","1017","1","新北市","瑞芳區","121.810","25.105","991"
"2254","395174","20221005094000","2880","0","新北市","泰山區","121.445","25.060","2221"
"2610","395175","20221005094000","2113","2","新北市","五股區","121.450","25.065","2715"
"1785","395176","20221005094000","1969","0","新北市","新莊區","121.460","25.065","1725"
"45","395186","20221005094000","49","0","新北市","萬里區","121.605","25.145","52"
"2186","395203","20221005094000","2060","1","新北市","蘆洲區","121.470","25.085","2198"
"121","395204","20221005094000","258","0","新北市","蘆洲區","121.465","25.095","126"
"35","395205","20221005094000","43","0","新北市","蘆洲區","121.465","25.100","33"
"2060","395206","20221005094000","1965","1","新北市","汐止區","121.630","25.065","2052"
"1439","395207","20221005094000","1258","1","新北市","汐止區","121.630","25.070","1488"
"1165","395208","20221005094000","1424","0","新北市","汐止區","121.645","25.065","1135"
"71","395223","20221005094000","88","0","新北市","瑞芳區","121.820","25.060","106"
"66","395239","20221005094000","48","2","新北市","瑞芳區","121.840","25.105","72"
"217","395245","20221005094000","234","0","新北市","瑞芳區","121.855","25.105","240"
"139","395253","20221005094000","96","2","新北市","瑞芳區","121.915","25.120","193"
"242","395254","20221005094000","326","0","新北市","瑞芳區","121.915","25.125","310"
"377","395256","20221005094000","224","3","新北市","瑞芳區","121.795","25.110","357"
"21","395257","20221005094000","614","0","新北市","瑞芳區","121.800","25.110","27"
"330","395269","20221005094000","228","2","新北市","泰山區","121.385","25.065","311"
"849","395270","20221005094000","474","3","桃園市","龜山區","121.390","25.060","863"
"282","395273","20221005094000","189","2","新北市","泰山區","121.390","25.065","284"
"999","395280","20221005094000","1244","0","新北市","淡水區","121.465","25.135","1062"
"26","395284","20221005094000","19","2","新北市","雙溪區","121.855","25.050","30"
"237","395287","20221005094000","182","2","新北市","雙溪區","121.850","25.055","251"
"2239","395319","20221005094000","2416","0","新北市","三重區","121.495","25.080","2228"
"1175","395320","20221005094000","1587","0","新北市","三重區","121.475","25.060","1142"
"446","395322","20221005094000","730","0","新北市","五股區","121.455","25.105","472"
"70","395323","20221005094000","77","0","新北市","五股區","121.450","25.110","77"
"65","395324","20221005094000","124","0","新北市","五股區","121.455","25.110","83"
"308","395329","20221005094000","679","0","新北市","五股區","121.445","25.105","317"
"103","395331","20221005094000","242","0","新北市","五股區","121.445","25.110","121"
"22","395344","20221005094000","84","0","新北市","八里區","121.375","25.140","14"
"269","395346","20221005094000","469","0","新北市","八里區","121.385","25.140","311"
"59","395349","20221005094000","39","3","新北市","瑞芳區","121.800","25.100","35"
"541","395350","20221005094000","567","0","新北市","瑞芳區","121.800","25.105","496"
"288","395351","20221005094000","287","1","新北市","瑞芳區","121.820","25.105","290"
"17","395352","20221005094000","40","0","新北市","瑞芳區","121.825","25.105","30"
"244","395356","20221005094000","389","0","新北市","汐止區","121.670","25.065","248"
"625","395357","20221005094000","838","0","新北市","汐止區","121.670","25.070","641"
"1434","395361","20221005094000","1445","0","桃園市","蘆竹區","121.285","25.060","1494"
"1336","395362","20221005094000","753","3","桃園市","蘆竹區","121.290","25.060","1313"
"259","395363","20221005094000","374","0","桃園市","蘆竹區","121.320","25.060","324"
"537","395367","20221005094000","474","1","桃園市","觀音區","121.140","25.065","531"
"805","395388","20221005094000","470","3","桃園市","蘆竹區","121.265","25.085","806"
"245","395395","20221005094000","222","1","桃園市","蘆竹區","121.265","25.095","228"
"769","395397","20221005094000","483","3","桃園市","蘆竹區","121.275","25.095","756"
"1505","395400","20221005094000","1169","2","桃園市","蘆竹區","121.260","25.100","1533"
"21","395417","20221005094000","13","3","桃園市","蘆竹區","121.330","25.065","29"
"140","395420","20221005094000","91","3","桃園市","蘆竹區","121.325","25.065","143"
"94","395423","20221005094000","61","3","桃園市","蘆竹區","121.340","25.070","148"
"558","395424","20221005094000","529","1","桃園市","蘆竹區","121.345","25.065","746"
"24","395433","20221005094000","137","0","桃園市","蘆竹區","121.315","25.075","18"
"19","395434","20221005094000","86","0","桃園市","蘆竹區","121.320","25.075","18"
"117","395436","20221005094000","63","3","桃園市","蘆竹區","121.330","25.075","134"
"164","395447","20221005094000","216","0","桃園市","蘆竹區","121.300","25.080","221"
"174","395448","20221005094000","145","2","桃園市","蘆竹區","121.305","25.080","211"
"35","395464","20221005094000","38","0","桃園市","蘆竹區","121.325","25.090","47"
"1048","395471","20221005094000","926","1","桃園市","蘆竹區","121.280","25.085","1206"
"741","395473","20221005094000","631","1","桃園市","蘆竹區","121.290","25.085","849"
"20","395480","20221005094000","15","2","桃園市","蘆竹區","121.295","25.095","18"
"2167","395483","20221005094000","2334","0","新北市","蘆洲區","121.470","25.080","2200"
"2845","395484","20221005094000","3037","0","新北市","蘆洲區","121.465","25.080","2834"
"3797","395485","20221005094000","4408","0","新北市","三重區","121.485","25.085","3649"
"1524","395486","20221005094000","1662","0","新北市","蘆洲區","121.455","25.090","1565"
"1512","395487","20221005094000","1759","0","新北市","蘆洲區","121.475","25.080","1515"
"1137","395488","20221005094000","943","2","新北市","汐止區","121.665","25.075","1103"
"8431","395489","20221005094000","9353","0","新北市","汐止區","121.650","25.060","8747"
"2577","395490","20221005094000","2064","2","新北市","汐止區","121.655","25.060","2528"
"172","395491","20221005094000","144","1","新北市","汐止區","121.625","25.070","184"
"318","395492","20221005094000","264","2","新北市","汐止區","121.625","25.075","318"
"997","395493","20221005094000","824","2","新北市","汐止區","121.630","25.080","1023"
"316","395495","20221005094000","384","0","新北市","汐止區","121.650","25.080","296"
"992","395499","20221005094000","931","1","新北市","汐止區","121.645","25.090","953"
"76","395501","20221005094000","54","2","新北市","汐止區","121.655","25.090","89"
"200","395508","20221005094000","439","0","新北市","汐止區","121.650","25.055","209"
"1724","395509","20221005094000","1744","0","新北市","汐止區","121.655","25.055","1701"
"690","395512","20221005094000","873","0","新北市","汐止區","121.655","25.065","646"
"65","395526","20221005094000","46","2","新北市","汐止區","121.715","25.055","82"
"208","395530","20221005094000","156","2","新北市","汐止區","121.700","25.060","217"
"2475","395539","20221005094000","2910","0","新北市","汐止區","121.635","25.055","2485"
"1865","395541","20221005094000","1772","1","新北市","汐止區","121.635","25.060","1804"
"2564","395542","20221005094000","2284","1","新北市","汐止區","121.640","25.060","2538"
"2213","395544","20221005094000","2194","1","新北市","林口區","121.375","25.070","2308"
"1629","395546","20221005094000","1245","2","新北市","林口區","121.400","25.075","1642"
"1052","395548","20221005094000","1137","0","新北市","林口區","121.400","25.080","1222"
"329","395549","20221005094000","364","0","新北市","林口區","121.400","25.085","353"
"554","395550","20221005094000","469","1","新北市","林口區","121.405","25.085","577"
"70","395553","20221005094000","53","2","新北市","林口區","121.405","25.095","73"
"236","395555","20221005094000","288","0","新北市","林口區","121.405","25.100","237"
"504","395557","20221005094000","319","3","新北市","林口區","121.400","25.065","378"
"2851","395558","20221005094000","2338","2","新北市","林口區","121.390","25.075","2737"
"790","395559","20221005094000","899","0","新北市","林口區","121.395","25.075","700"
"158","395560","20221005094000","143","1","新北市","林口區","121.385","25.090","135"
"1040","395561","20221005094000","909","1","新北市","林口區","121.390","25.090","1047"
"590","395565","20221005094000","635","0","新北市","林口區","121.385","25.100","638"
"192","395570","20221005094000","196","0","新北市","林口區","121.385","25.110","243"
"4470","395571","20221005094000","2707","3","新北市","林口區","121.375","25.075","4452"
"809","395572","20221005094000","1147","0","新北市","林口區","121.380","25.075","812"
"1310","395574","20221005094000","1359","0","新北市","林口區","121.370","25.080","1301"
"1223","395575","20221005094000","783","3","新北市","林口區","121.375","25.080","1226"
"1243","395576","20221005094000","570","3","新北市","林口區","121.380","25.080","1172"
"741","395579","20221005094000","624","1","新北市","林口區","121.370","25.085","743"
"1521","395580","20221005094000","1521","1","新北市","林口區","121.375","25.085","1444"
"110","395587","20221005094000","113","0","新北市","林口區","121.365","25.110","113"
"35","395603","20221005094000","33","1","新北市","林口區","121.390","25.080","27"
"347","395604","20221005094000","277","2","新北市","林口區","121.385","25.085","308"
"965","395606","20221005094000","687","2","新北市","汐止區","121.655","25.070","861"
"1122","395607","20221005094000","1496","0","新北市","汐止區","121.660","25.070","1067"
"105","395616","20221005094000","74","2","桃園市","大園區","121.260","25.065","86"
"330","395617","20221005094000","282","1","新北市","汐止區","121.635","25.070","330"
"1657","395618","20221005094000","1150","2","新北市","汐止區","121.640","25.070","1672"
"358","395619","20221005094000","493","0","新北市","汐止區","121.640","25.075","372"
"1423","395622","20221005094000","1182","2","新北市","汐止區","121.640","25.080","1358"
"192","395623","20221005094000","221","0","新北市","汐止區","121.635","25.085","220"
"405","395625","20221005094000","391","1","新北市","汐止區","121.635","25.075","389"
"117","395628","20221005094000","146","0","新北市","汐止區","121.640","25.100","155"
"98","395641","20221005094000","63","3","新北市","汐止區","121.620","25.115","107"
"53","395643","20221005094000","56","0","新北市","汐止區","121.630","25.115","77"
"31","395653","20221005094000","32","0","新北市","汐止區","121.605","25.125","52"
"501","395667","20221005094000","355","2","新北市","汐止區","121.615","25.135","556"
"1108","395672","20221005094000","964","1","新北市","淡水區","121.460","25.130","1124"
"2176","395673","20221005094000","2886","0","新北市","淡水區","121.460","25.135","2305"
"3700","395675","20221005094000","4048","0","新北市","淡水區","121.460","25.140","3659"
"687","395676","20221005094000","594","1","新北市","淡水區","121.465","25.140","673"
"871","395691","20221005094000","783","1","新北市","汐止區","121.675","25.065","853"
"952","395692","20221005094000","1075","0","新北市","汐止區","121.665","25.080","935"
"282","395698","20221005094000","370","0","新北市","汐止區","121.670","25.075","295"
"882","395699","20221005094000","1281","0","新北市","汐止區","121.675","25.075","895"
"240","395701","20221005094000","202","1","新北市","汐止區","121.610","25.105","254"
"147","395703","20221005094000","144","1","新北市","汐止區","121.605","25.110","139"
"1216","395715","20221005094000","1455","0","新北市","泰山區","121.430","25.060","1212"
"44","395716","20221005094000","490","0","新北市","泰山區","121.425","25.060","44"
"613","395717","20221005094000","1584","0","新北市","泰山區","121.425","25.065","625"
"2058","395718","20221005094000","2070","0","新北市","蘆洲區","121.480","25.090","2024"
"656","395719","20221005094000","817","0","新北市","蘆洲區","121.480","25.095","633"
"45","395724","20221005094000","40","1","桃園市","蘆竹區","121.300","25.100","55"
"245","395727","20221005094000","230","1","新北市","林口區","121.290","25.105","267"
"524","395732","20221005094000","454","1","新北市","林口區","121.315","25.105","480"
"150","395735","20221005094000","141","1","新北市","林口區","121.295","25.110","178"
"87","395748","20221005094000","119","0","新北市","林口區","121.295","25.115","93"
"302","395749","20221005094000","343","0","新北市","林口區","121.300","25.115","284"
"245","395752","20221005094000","287","0","新北市","林口區","121.295","25.120","236"
"2485","395755","20221005094000","2402","1","新北市","林口區","121.385","25.080","2273"
"855","395756","20221005094000","652","2","新北市","林口區","121.380","25.085","907"
"800","395757","20221005094000","868","0","新北市","林口區","121.375","25.090","801"
"2734","395768","20221005094000","2686","1","新北市","林口區","121.365","25.065","2754"
"2305","395769","20221005094000","1744","2","新北市","汐止區","121.665","25.070","2330"
"620","395773","20221005094000","526","1","新北市","汐止區","121.675","25.070","619"
"883","395774","20221005094000","986","0","新北市","汐止區","121.680","25.070","864"
"281","395775","20221005094000","281","1","新北市","汐止區","121.685","25.070","270"
"240","395777","20221005094000","346","0","新北市","汐止區","121.675","25.080","218"
"492","395784","20221005094000","367","2","新北市","汐止區","121.645","25.080","458"
"40","395791","20221005094000","102","0","新北市","汐止區","121.640","25.095","44"
"417","395805","20221005094000","466","0","新北市","林口區","121.390","25.070","390"
"779","395806","20221005094000","421","3","新北市","林口區","121.385","25.075","789"
"271","395809","20221005094000","258","1","新北市","林口區","121.345","25.085","288"
"92","395828","20221005094000","26","3","新北市","林口區","121.315","25.100","73"
"16","395833","20221005094000","62","0","新北市","林口區","121.340","25.100","17"
"66","395837","20221005094000","24","3","新北市","林口區","121.330","25.105","67"
"3315","395840","20221005094000","2384","2","桃園市","龜山區","121.375","25.065","3101"
"1569","395843","20221005094000","866","3","新北市","林口區","121.360","25.065","1569"
"224","395844","20221005094000","160","2","新北市","林口區","121.350","25.070","233"
"1351","395846","20221005094000","1063","2","新北市","林口區","121.360","25.070","1373"
"3212","395847","20221005094000","2502","2","新北市","林口區","121.370","25.070","3158"
"117","395848","20221005094000","110","1","新北市","林口區","121.345","25.075","136"
"1149","395850","20221005094000","909","2","新北市","林口區","121.355","25.075","1157"
"1628","395853","20221005094000","1078","3","新北市","林口區","121.370","25.075","1618"
"845","395854","20221005094000","981","0","新北市","林口區","121.350","25.080","883"
"384","395858","20221005094000","350","1","新北市","林口區","121.345","25.100","395"
"114","395862","20221005094000","105","1","新北市","林口區","121.340","25.105","107"
"168","395869","20221005094000","107","3","新北市","林口區","121.340","25.110","176"
"269","395881","20221005094000","216","2","新北市","林口區","121.320","25.115","302"
"15","395883","20221005094000","15","1","新北市","林口區","121.330","25.115","31"
"146","395900","20221005094000","99","2","新北市","林口區","121.345","25.125","184"
"4775","395909","20221005094000","5060","0","新北市","蘆洲區","121.480","25.080","4907"
"90","395910","20221005094000","205","0","新北市","蘆洲區","121.455","25.085","100"
"2974","395911","20221005094000","2496","1","新北市","林口區","121.365","25.070","2930"
"29","395919","20221005094000","25","1","新北市","平溪區","121.770","25.050","54"
"71","395949","20221005094000","52","2","新北市","平溪區","121.790","25.070","84"
"1993","395961","20221005094000","1828","1","新北市","汐止區","121.630","25.055","1925"
"1587","395962","20221005094000","1657","0","新北市","汐止區","121.625","25.060","1640"
"1179","395965","20221005094000","1620","0","新北市","蘆洲區","121.470","25.075","1169"
"7264","395966","20221005094000","6003","2","桃園市","龜山區","121.370","25.060","7294"
"2061","395968","20221005094000","1748","1","桃園市","龜山區","121.380","25.060","2031"
"2235","395969","20221005094000","1413","3","桃園市","龜山區","121.375","25.060","2289"
"8512","395972","20221005094000","9941","0","臺北市","中山區","121.530","25.060","8412"
"1037","395973","20221005094000","1168","0","桃園市","大園區","121.245","25.105","1129"
"18","395977","20221005094000","13","2","桃園市","大園區","121.250","25.110","16"
"793","395980","20221005094000","764","1","桃園市","大園區","121.180","25.065","809"
"763","395981","20221005094000","990","0","桃園市","大園區","121.190","25.060","863"
"249","395982","20221005094000","259","0","桃園市","大園區","121.195","25.060","266"
"505","395983","20221005094000","530","0","桃園市","大園區","121.185","25.065","516"
"800","395984","20221005094000","956","0","桃園市","大園區","121.190","25.065","827"
"1455","395990","20221005094000","1481","0","桃園市","大園區","121.250","25.095","1435"
"90","395991","20221005094000","55","3","桃園市","大園區","121.255","25.095","80"
"55","395992","20221005094000","74","0","桃園市","大園區","121.235","25.100","52"
"728","395998","20221005094000","953","0","桃園市","大園區","121.260","25.070","779"
"660","395999","20221005094000","657","1","桃園市","大園區","121.255","25.075","636"
"1944","396009","20221005094000","2016","0","臺北市","中山區","121.530","25.070","1934"
"19","396010","20221005094000","314","0","臺北市","中山區","121.540","25.075","13"
"2908","396012","20221005094000","3525","0","臺北市","中山區","121.530","25.065","2785"
"5175","396013","20221005094000","6566","0","臺北市","中山區","121.540","25.060","5139"
"307","396014","20221005094000","315","0","臺北市","中山區","121.555","25.075","318"
"1481","396015","20221005094000","1789","0","臺北市","中山區","121.550","25.080","1472"
"2311","396016","20221005094000","1773","2","臺北市","中山區","121.555","25.080","2286"
"1706","396018","20221005094000","1569","1","臺北市","中山區","121.525","25.080","1747"
"208","396020","20221005094000","288","0","臺北市","中山區","121.535","25.080","233"
"1631","396021","20221005094000","1916","0","臺北市","中山區","121.540","25.080","1708"
"78","396022","20221005094000","230","0","臺北市","中山區","121.535","25.085","66"
"1974","396025","20221005094000","1857","1","新北市","蘆洲區","121.480","25.085","1894"
"1367","396033","20221005094000","1995","0","新北市","泰山區","121.420","25.065","1390"
"403","396035","20221005094000","186","3","新北市","泰山區","121.440","25.065","359"
"81","396038","20221005094000","131","0","新北市","泰山區","121.410","25.070","96"
"122","396040","20221005094000","340","0","新北市","淡水區","121.460","25.145","114"
"2086","396044","20221005094000","2329","0","臺北市","大同區","121.510","25.065","2088"
"2292","396045","20221005094000","2388","0","臺北市","大同區","121.515","25.075","2288"
"3074","396046","20221005094000","2808","1","臺北市","大同區","121.510","25.060","3018"
"5368","396047","20221005094000","5036","1","臺北市","松山區","121.545","25.060","5447"
"7180","396048","20221005094000","8332","0","臺北市","中山區","121.525","25.060","6961"
"1472","396049","20221005094000","1652","0","新北市","蘆洲區","121.460","25.080","1432"
"2718","396050","20221005094000","2563","1","新北市","蘆洲區","121.475","25.085","2715"
"402","396053","20221005094000","417","0","新北市","貢寮區","121.920","25.050","405"
"10","396054","20221005094000","104","0","新北市","貢寮區","121.925","25.050","10"
"23","396057","20221005094000","26","0","新北市","貢寮區","121.900","25.050","27"
"45","396059","20221005094000","40","1","新北市","貢寮區","121.890","25.055","54"
"86","396074","20221005094000","58","2","新北市","貢寮區","121.900","25.065","93"
"528","396088","20221005094000","394","2","新北市","瑞芳區","121.805","25.110","596"
"118","396089","20221005094000","70","3","新北市","瑞芳區","121.810","25.110","86"
"645","396099","20221005094000","1063","0","桃園市","龜山區","121.385","25.060","1201"
"1967","396100","20221005094000","2178","0","臺北市","中山區","121.540","25.055","1980"
"1423","396101","20221005094000","1722","0","臺北市","松山區","121.540","25.070","1527"
"1248","396102","20221005094000","1616","0","臺北市","中山區","121.535","25.070","1303"
"334","396103","20221005094000","193","3","臺北市","內湖區","121.615","25.075","312"
"3279","396104","20221005094000","3478","0","臺北市","內湖區","121.610","25.070","3270"
"2879","396105","20221005094000","2539","1","臺北市","北投區","121.500","25.140","2794"
"1643","396106","20221005094000","2323","0","臺北市","北投區","121.505","25.140","1595"
"493","396112","20221005094000","461","1","臺北市","北投區","121.485","25.115","488"
"146","396118","20221005094000","183","0","臺北市","北投區","121.485","25.120","99"
"2267","396121","20221005094000","2416","0","臺北市","北投區","121.500","25.120","2294"
"3775","396123","20221005094000","2977","2","臺北市","北投區","121.500","25.125","3842"
"2442","396124","20221005094000","2288","1","臺北市","北投區","121.510","25.115","2420"
"2612","396126","20221005094000","2907","0","臺北市","中山區","121.535","25.065","2351"
"1839","396127","20221005094000","2309","0","臺北市","中山區","121.550","25.085","1745"
"945","396128","20221005094000","1377","0","臺北市","中山區","121.555","25.085","979"
"1712","396130","20221005094000","1956","0","新北市","三重區","121.505","25.065","1656"
"1851","396131","20221005094000","2664","0","臺北市","中山區","121.525","25.070","1811"
"1782","396132","20221005094000","1823","0","新北市","三重區","121.505","25.070","1725"
"720","396133","20221005094000","464","3","桃園市","蘆竹區","121.280","25.065","654"
"2471","396134","20221005094000","2007","2","桃園市","蘆竹區","121.285","25.065","2455"
"656","396135","20221005094000","480","2","桃園市","蘆竹區","121.290","25.065","710"
"1209","396136","20221005094000","1067","1","桃園市","蘆竹區","121.275","25.070","1222"
"563","396144","20221005094000","892","0","桃園市","龜山區","121.355","25.060","591"
"3438","396145","20221005094000","4183","0","桃園市","龜山區","121.365","25.060","3404"
"299","396146","20221005094000","325","0","桃園市","蘆竹區","121.340","25.065","332"
"745","396149","20221005094000","668","1","新北市","林口區","121.355","25.065","746"
"218","396150","20221005094000","201","1","桃園市","龜山區","121.355","25.055","232"
"1519","396151","20221005094000","1796","0","新北市","林口區","121.370","25.065","1718"
"2902","396157","20221005094000","3085","0","臺北市","內湖區","121.620","25.070","2773"
"2765","396158","20221005094000","2979","0","臺北市","內湖區","121.595","25.080","2884"
"263","396159","20221005094000","436","0","臺北市","內湖區","121.600","25.080","251"
"34","396164","20221005094000","48","0","臺北市","北投區","121.505","25.150","33"
"471","396165","20221005094000","258","3","臺北市","北投區","121.505","25.125","505"
"934","396166","20221005094000","623","2","臺北市","北投區","121.510","25.125","947"
"1204","396168","20221005094000","1080","1","臺北市","北投區","121.505","25.130","1182"
"11","396169","20221005094000","43","0","臺北市","北投區","121.510","25.130","16"
"225","396170","20221005094000","245","0","臺北市","北投區","121.515","25.130","212"
"142","396172","20221005094000","140","1","臺北市","北投區","121.510","25.105","172"
"407","396173","20221005094000","397","1","臺北市","北投區","121.505","25.110","409"
"2043","396175","20221005094000","2419","0","臺北市","南港區","121.595","25.055","2025"
"1270","396176","20221005094000","1903","0","臺北市","南港區","121.600","25.050","1227"
"1185","396177","20221005094000","1637","0","臺北市","南港區","121.590","25.055","1136"
"3679","396178","20221005094000","3646","1","臺北市","內湖區","121.595","25.060","3672"
"619","396179","20221005094000","758","0","臺北市","內湖區","121.600","25.060","688"
"50","396189","20221005094000","38","2","新北市","雙溪區","121.880","25.060","64"
"15","396205","20221005094000","11","2","新北市","雙溪區","121.845","25.060","22"
"10","396211","20221005094000","27","0","新北市","瑞芳區","121.830","25.070","11"
"40","396219","20221005094000","21","3","新北市","雙溪區","121.850","25.075","33"
"2055","396233","20221005094000","2011","1","桃園市","龜山區","121.360","25.060","2045"
"1168","396237","20221005094000","1134","1","臺北市","士林區","121.545","25.100","693"
"1037","396238","20221005094000","1076","0","臺北市","士林區","121.550","25.100","1099"
"122","396243","20221005094000","131","0","臺北市","士林區","121.560","25.105","135"
"1799","396246","20221005094000","1762","1","臺北市","士林區","121.535","25.105","1697"
"52","396247","20221005094000","110","0","臺北市","士林區","121.545","25.110","52"
"986","396248","20221005094000","1023","0","臺北市","士林區","121.535","25.110","924"
"64","396249","20221005094000","70","0","臺北市","士林區","121.550","25.115","51"
"15","396253","20221005094000","13","1","臺北市","士林區","121.570","25.135","16"
"175","396255","20221005094000","153","1","臺北市","士林區","121.560","25.140","228"
"35","396258","20221005094000","63","0","臺北市","士林區","121.555","25.145","47"
"149","396259","20221005094000","159","0","臺北市","士林區","121.560","25.145","143"
"202","396260","20221005094000","201","1","臺北市","士林區","121.565","25.145","200"
"132","396262","20221005094000","186","0","臺北市","士林區","121.555","25.150","155"
"90","396263","20221005094000","82","1","臺北市","士林區","121.560","25.150","86"
"2025","396266","20221005094000","2206","0","臺北市","士林區","121.510","25.085","2071"
"2674","396267","20221005094000","3418","0","臺北市","北投區","121.520","25.110","2598"
"3534","396268","20221005094000","3190","1","臺北市","北投區","121.520","25.115","3618"
"1311","396269","20221005094000","1382","0","臺北市","北投區","121.520","25.105","1349"
"1570","396270","20221005094000","2088","0","臺北市","士林區","121.525","25.100","1599"
"26","396271","20221005094000","28","0","臺北市","士林區","121.545","25.130","29"
"3821","396273","20221005094000","3529","1","臺北市","士林區","121.540","25.135","3877"
"318","396274","20221005094000","291","1","臺北市","士林區","121.545","25.135","334"
"2494","396276","20221005094000","2091","1","臺北市","士林區","121.545","25.140","2555"
"221","396278","20221005094000","147","3","臺北市","士林區","121.550","25.145","217"
"1725","396280","20221005094000","1066","3","臺北市","士林區","121.530","25.100","1811"
"772","396281","20221005094000","1071","0","臺北市","士林區","121.535","25.100","774"
"2222","396282","20221005094000","1824","2","臺北市","士林區","121.530","25.085","2093"
"94","396283","20221005094000","81","1","臺北市","士林區","121.530","25.090","98"
"1439","396285","20221005094000","1762","0","臺北市","士林區","121.530","25.095","1364"
"562","396286","20221005094000","648","0","臺北市","士林區","121.535","25.095","561"
"1503","396289","20221005094000","1429","1","臺北市","士林區","121.520","25.080","1513"
"3554","396290","20221005094000","3215","1","臺北市","士林區","121.525","25.085","3529"
"287","396294","20221005094000","335","0","臺北市","士林區","121.565","25.105","286"
"8034","396296","20221005094000","8193","0","臺北市","內湖區","121.575","25.075","8111"
"836","396297","20221005094000","765","1","臺北市","內湖區","121.575","25.085","1041"
"956","396299","20221005094000","889","1","臺北市","北投區","121.495","25.145","928"
"6070","396301","20221005094000","5857","1","臺北市","士林區","121.525","25.115","6010"
"3423","396302","20221005094000","3624","0","臺北市","內湖區","121.575","25.055","3435"
"2065","396303","20221005094000","2280","0","臺北市","內湖區","121.575","25.060","2033"
"2424","396304","20221005094000","2473","0","臺北市","內湖區","121.585","25.055","2457"
"2453","396305","20221005094000","2816","0","臺北市","內湖區","121.580","25.065","2480"
"1491","396306","20221005094000","1612","0","臺北市","內湖區","121.575","25.065","1487"
"2493","396307","20221005094000","2930","0","臺北市","內湖區","121.575","25.070","2528"
"1802","396308","20221005094000","1700","1","臺北市","內湖區","121.585","25.065","1829"
"3680","396309","20221005094000","4635","0","臺北市","中山區","121.570","25.075","3712"
"3375","396310","20221005094000","3628","0","臺北市","內湖區","121.580","25.070","3421"
"69","396311","20221005094000","53","2","臺北市","內湖區","121.585","25.080","63"
"2560","396312","20221005094000","2991","0","臺北市","內湖區","121.590","25.080","2141"
"675","396313","20221005094000","725","0","臺北市","內湖區","121.585","25.085","674"
"521","396314","20221005094000","528","0","臺北市","內湖區","121.595","25.065","545"
"899","396315","20221005094000","1018","0","臺北市","內湖區","121.600","25.065","866"
"3019","396316","20221005094000","4126","0","臺北市","內湖區","121.595","25.070","3101"
"1180","396317","20221005094000","1116","1","臺北市","內湖區","121.600","25.070","1195"
"159","396318","20221005094000","127","2","桃園市","大園區","121.200","25.060","151"
"297","396320","20221005094000","254","1","桃園市","大園區","121.200","25.065","289"
"421","396322","20221005094000","296","2","桃園市","大園區","121.200","25.070","380"
"107","396333","20221005094000","183","0","桃園市","大園區","121.230","25.095","93"
"260","396335","20221005094000","187","2","桃園市","大園區","121.210","25.100","278"
"277","396349","20221005094000","186","2","桃園市","大園區","121.230","25.110","269"
"1117","396355","20221005094000","1261","0","臺北市","北投區","121.505","25.120","1074"
"2236","396356","20221005094000","2097","1","臺北市","北投區","121.510","25.120","2342"
"540","396357","20221005094000","477","1","臺北市","北投區","121.510","25.135","575"
"569","396358","20221005094000","388","2","臺北市","北投區","121.515","25.135","620"
"308","396360","20221005094000","248","2","臺北市","北投區","121.510","25.140","309"
"158","396361","20221005094000","498","0","臺北市","北投區","121.515","25.140","177"
"302","396363","20221005094000","375","0","臺北市","北投區","121.525","25.145","319"
"1042","396366","20221005094000","1177","0","臺北市","北投區","121.485","25.135","1047"
"1202","396368","20221005094000","980","2","臺北市","北投區","121.485","25.140","1221"
"3266","396370","20221005094000","3508","0","臺北市","士林區","121.525","25.105","3342"
"3668","396371","20221005094000","4038","0","臺北市","士林區","121.530","25.105","3661"
"3226","396372","20221005094000","3249","0","臺北市","北投區","121.515","25.110","3200"
"1944","396373","20221005094000","2094","0","臺北市","士林區","121.520","25.100","1978"
"1140","396376","20221005094000","1740","0","臺北市","士林區","121.530","25.125","1174"
"332","396377","20221005094000","449","0","臺北市","北投區","121.525","25.130","345"
"652","396378","20221005094000","634","1","臺北市","北投區","121.530","25.130","710"
"18","396380","20221005094000","18","1","臺北市","士林區","121.530","25.135","16"
"2651","396382","20221005094000","3130","0","臺北市","北投區","121.515","25.115","2734"
"1103","396383","20221005094000","1489","0","臺北市","北投區","121.515","25.120","1106"
"3347","396384","20221005094000","3858","0","臺北市","北投區","121.520","25.120","3215"
"3487","396385","20221005094000","3108","1","臺北市","北投區","121.525","25.120","3493"
"1093","396395","20221005094000","1297","0","臺北市","松山區","121.545","25.070","1089"
"688","396397","20221005094000","491","2","臺北市","中山區","121.540","25.065","705"
"886","396398","20221005094000","757","1","臺北市","中山區","121.535","25.075","890"
"584","396399","20221005094000","344","3","臺北市","松山區","121.550","25.075","586"
"4992","396400","20221005094000","5691","0","臺北市","中山區","121.545","25.080","5239"
"1926","396401","20221005094000","1512","2","臺北市","中山區","121.545","25.085","1817"
"1227","396404","20221005094000","983","2","臺北市","北投區","121.495","25.140","1210"
"605","396405","20221005094000","1567","0","臺北市","北投區","121.515","25.105","607"
"6150","396406","20221005094000","7623","0","臺北市","中山區","121.525","25.065","6102"
"3513","396407","20221005094000","3804","0","臺北市","士林區","121.535","25.115","3278"
"1943","396408","20221005094000","2849","0","臺北市","士林區","121.525","25.090","1893"
"751","396409","20221005094000","648","1","臺北市","士林區","121.560","25.115","778"
"389","396410","20221005094000","454","0","臺北市","士林區","121.560","25.120","396"
"92","396412","20221005094000","100","0","臺北市","士林區","121.560","25.125","100"
"150","396416","20221005094000","246","0","臺北市","士林區","121.560","25.135","171"
"3989","396417","20221005094000","5014","0","臺北市","士林區","121.520","25.085","3883"
"2329","396418","20221005094000","2862","0","臺北市","內湖區","121.580","25.080","2382"
"1030","396419","20221005094000","1043","0","臺北市","內湖區","121.580","25.085","1126"
"359","396422","20221005094000","470","0","桃園市","大園區","121.240","25.065","342"
"69","396424","20221005094000","93","0","桃園市","大園區","121.250","25.065","49"
"23","396433","20221005094000","212","0","桃園市","大園區","121.255","25.070","25"
"716","396435","20221005094000","677","1","桃園市","大園區","121.185","25.070","673"
"808","396436","20221005094000","839","0","桃園市","大園區","121.190","25.070","821"
"1351","396438","20221005094000","1066","2","桃園市","大園區","121.175","25.075","1389"
"825","396439","20221005094000","884","0","桃園市","大園區","121.180","25.075","811"
"1340","396440","20221005094000","1172","1","桃園市","大園區","121.185","25.075","1300"
"130","396443","20221005094000","134","0","桃園市","大園區","121.180","25.080","116"
"254","396447","20221005094000","246","1","桃園市","大園區","121.185","25.085","267"
"408","396462","20221005094000","334","2","桃園市","大園區","121.160","25.075","440"
"398","396471","20221005094000","319","2","桃園市","大園區","121.165","25.060","420"
"363","396472","20221005094000","338","1","桃園市","大園區","121.170","25.060","384"
"986","396473","20221005094000","1087","0","桃園市","大園區","121.175","25.060","1023"
"1002","396496","20221005094000","790","2","桃園市","大園區","121.210","25.060","970"
"999","396505","20221005094000","773","2","桃園市","大園區","121.220","25.070","1005"
"3747","396517","20221005094000","2353","3","桃園市","大園區","121.230","25.075","3932"
"637","396518","20221005094000","400","3","桃園市","大園區","121.235","25.075","569"
"1086","396524","20221005094000","997","1","桃園市","大園區","121.235","25.080","1077"
"1054","396531","20221005094000","1102","0","桃園市","大園區","121.240","25.085","1105"
"1183","396532","20221005094000","942","2","桃園市","大園區","121.245","25.085","1150"
"701","396533","20221005094000","800","0","桃園市","大園區","121.250","25.085","663"
"1657","396537","20221005094000","1148","2","桃園市","大園區","121.245","25.090","1579"
"475","396541","20221005094000","389","2","桃園市","大園區","121.240","25.100","533"
"1747","396542","20221005094000","1424","2","桃園市","大園區","121.195","25.065","1669"
"2168","396543","20221005094000","2019","1","桃園市","大園區","121.195","25.070","2125"
"110","396549","20221005094000","245","0","桃園市","大園區","121.235","25.065","115"
"276","396555","20221005094000","365","0","桃園市","大園區","121.200","25.085","283"
"319","396560","20221005094000","303","1","桃園市","大園區","121.225","25.090","389"
"5322","396561","20221005094000","6113","0","臺北市","士林區","121.520","25.095","5318"
"1374","396562","20221005094000","1549","0","臺北市","南港區","121.600","25.055","1439"
"4014","396563","20221005094000","4652","0","臺北市","南港區","121.605","25.055","4169"
"38","396564","20221005094000","54","0","臺北市","內湖區","121.615","25.080","36"
"1128","396567","20221005094000","1346","0","臺北市","內湖區","121.615","25.070","1049"
"2973","396568","20221005094000","3286","0","臺北市","內湖區","121.590","25.065","2896"
"324","396569","20221005094000","517","0","臺北市","內湖區","121.585","25.070","430"
"2149","396570","20221005094000","1731","2","臺北市","內湖區","121.590","25.070","2212"
"247","396571","20221005094000","333","0","臺北市","北投區","121.500","25.145","236"
"496","396572","20221005094000","496","1","臺北市","內湖區","121.620","25.075","537"
"11","396573","20221005094000","17","0","臺北市","內湖區","121.620","25.080","15"
"139","396574","20221005094000","136","1","新北市","汐止區","121.625","25.080","152"
"91","396576","20221005094000","86","1","臺北市","內湖區","121.625","25.085","92"
"22","396587","20221005094000","40","0","臺北市","內湖區","121.610","25.100","22"
"844","396590","20221005094000","912","0","臺北市","內湖區","121.610","25.065","865"
"544","396592","20221005094000","664","0","臺北市","內湖區","121.605","25.085","607"
"699","396594","20221005094000","846","0","臺北市","內湖區","121.600","25.090","715"
"10","396599","20221005094000","26","0","臺北市","內湖區","121.605","25.095","10"
"2528","396603","20221005094000","3119","0","臺北市","北投區","121.500","25.130","2543"
"1133","396604","20221005094000","1282","0","新北市","汐止區","121.620","25.055","1224"
"2435","396605","20221005094000","2816","0","臺北市","士林區","121.505","25.085","2401"
"658","396606","20221005094000","902","0","臺北市","士林區","121.515","25.085","688"
"674","396607","20221005094000","686","0","臺北市","內湖區","121.590","25.085","634"
"1685","396608","20221005094000","1605","1","臺北市","內湖區","121.595","25.085","1794"
"5249","396609","20221005094000","5670","0","臺北市","內湖區","121.575","25.080","5579"
"6219","396611","20221005094000","8424","0","臺北市","北投區","121.470","25.125","7459"
"513","396612","20221005094000","711","0","臺北市","北投區","121.475","25.125","551"
"1045","396615","20221005094000","1114","0","臺北市","北投區","121.465","25.130","1115"
"1032","396616","20221005094000","785","2","臺北市","北投區","121.470","25.130","1023"
"91","396617","20221005094000","119","0","臺北市","北投區","121.475","25.130","87"
"2298","396619","20221005094000","2241","1","臺北市","北投區","121.470","25.135","2305"
"28","396620","20221005094000","22","2","臺北市","北投區","121.475","25.135","28"
"23","396621","20221005094000","29","0","臺北市","北投區","121.475","25.140","19"
"1408","396622","20221005094000","1291","1","臺北市","南港區","121.610","25.055","1450"
"1983","396623","20221005094000","2172","0","臺北市","內湖區","121.605","25.065","2007"
"6059","396624","20221005094000","6516","0","臺北市","中山區","121.520","25.060","5541"
"425","396625","20221005094000","702","0","臺北市","中山區","121.530","25.075","525"
"386","396626","20221005094000","495","0","臺北市","內湖區","121.570","25.065","360"
"1479","396628","20221005094000","1509","0","臺北市","松山區","121.550","25.070","1481"
"108","396629","20221005094000","135","0","臺北市","松山區","121.555","25.070","136"
"480","396630","20221005094000","510","0","臺北市","松山區","121.560","25.070","481"
"25","396632","20221005094000","83","0","臺北市","中山區","121.565","25.075","25"
"114","396633","20221005094000","2150","0","臺北市","松山區","121.555","25.055","124"
"3177","396634","20221005094000","5354","0","臺北市","松山區","121.570","25.055","3176"
"2708","396635","20221005094000","2665","1","臺北市","士林區","121.530","25.115","2595"
"27","396636","20221005094000","288","0","臺北市","士林區","121.495","25.095","21"
"1887","396637","20221005094000","2030","0","臺北市","士林區","121.500","25.095","1859"
"276","396639","20221005094000","376","0","臺北市","士林區","121.490","25.100","273"
"116","396643","20221005094000","109","1","臺北市","士林區","121.480","25.110","107"
"466","396644","20221005094000","535","0","臺北市","士林區","121.495","25.110","461"
"6800","396647","20221005094000","8600","0","臺北市","松山區","121.550","25.060","6809"
"3619","396648","20221005094000","3951","0","臺北市","松山區","121.555","25.060","3467"
"857","396649","20221005094000","822","1","臺北市","松山區","121.560","25.065","738"
"1592","396650","20221005094000","1982","0","臺北市","松山區","121.555","25.065","1611"
"1208","396651","20221005094000","1233","0","臺北市","中山區","121.545","25.075","1291"
"62","396655","20221005094000","145","0","臺北市","內湖區","121.605","25.080","59"
"1972","396656","20221005094000","1423","2","臺北市","內湖區","121.600","25.085","2008"
"4100","396657","20221005094000","4409","0","臺北市","松山區","121.550","25.065","4041"
"2601","396658","20221005094000","3046","0","臺北市","松山區","121.545","25.065","2787"
"3039","396659","20221005094000","3727","0","臺北市","松山區","121.565","25.055","3066"
"5019","396660","20221005094000","4797","1","臺北市","松山區","121.560","25.060","5018"
"354","396661","20221005094000","1153","0","臺北市","內湖區","121.570","25.060","319"
"2247","396662","20221005094000","2606","0","臺北市","松山區","121.565","25.060","2271"
"318","396663","20221005094000","303","1","臺北市","中山區","121.560","25.075","309"
"680","396665","20221005094000","811","0","臺北市","松山區","121.570","25.070","674"
"3279","396666","20221005094000","3719","0","臺北市","中山區","121.560","25.080","3427"
"7320","396667","20221005094000","10875","0","臺北市","松山區","121.550","25.055","7075"
"406","396669","20221005094000","513","0","臺北市","士林區","121.535","25.125","402"
"106","396672","20221005094000","126","0","臺北市","士林區","121.535","25.135","90"
"3329","396674","20221005094000","2683","2","臺北市","士林區","121.530","25.120","3303"
"4821","396675","20221005094000","4561","1","臺北市","士林區","121.530","25.110","4819"
"4368","396676","20221005094000","9748","0","臺北市","松山區","121.545","25.055","4231"
"3341","396677","20221005094000","2803","1","臺北市","松山區","121.560","25.055","3397"
"2470","396678","20221005094000","2566","0","臺北市","內湖區","121.580","25.075","2427"
"1943","396680","20221005094000","2034","0","臺北市","內湖區","121.590","25.060","1927"
"2063","396683","20221005094000","1829","1","臺北市","內湖區","121.590","25.090","2079"
"49","396684","20221005094000","16","3","臺北市","內湖區","121.595","25.090","54"
"77","396688","20221005094000","167","0","臺北市","內湖區","121.590","25.100","52"
"163","396690","20221005094000","197","0","臺北市","內湖區","121.580","25.105","137"
"88","396693","20221005094000","98","0","臺北市","內湖區","121.595","25.105","96"
"1932","396701","20221005094000","2858","0","臺北市","北投區","121.495","25.135","2000"
"236","396703","20221005094000","160","2","臺北市","北投區","121.505","25.100","224"
"454","396707","20221005094000","457","0","臺北市","北投區","121.500","25.110","464"
"126","396710","20221005094000","125","1","臺北市","北投區","121.530","25.140","126"
"100","396716","20221005094000","110","0","臺北市","北投區","121.535","25.150","96"
"359","396719","20221005094000","395","0","臺北市","士林區","121.555","25.115","370"
"221","396722","20221005094000","243","0","臺北市","士林區","121.550","25.125","235"
"1669","396727","20221005094000","1814","0","臺北市","士林區","121.510","25.080","1732"
"158","396731","20221005094000","247","0","臺北市","士林區","121.480","25.105","168"
"572","396732","20221005094000","552","1","臺北市","士林區","121.485","25.105","565"
"370","396735","20221005094000","688","0","臺北市","北投區","121.470","25.110","273"
"134","396737","20221005094000","135","0","臺北市","士林區","121.485","25.110","126"
"192","396739","20221005094000","112","3","臺北市","士林區","121.460","25.110","184"
"4097","396740","20221005094000","3735","1","臺北市","大同區","121.515","25.060","4094"
"3230","396741","20221005094000","3873","0","臺北市","中山區","121.520","25.065","3123"
"1192","396742","20221005094000","1334","0","臺北市","內湖區","121.615","25.065","1230"
"2641","396743","20221005094000","2184","2","臺北市","內湖區","121.605","25.070","2654"
"122","396744","20221005094000","352","0","臺北市","內湖區","121.605","25.075","110"
"2684","396745","20221005094000","2655","1","臺北市","內湖區","121.610","25.075","2724"
"553","396746","20221005094000","436","2","臺北市","內湖區","121.585","25.090","553"
"7154","396754","20221005094000","8096","0","臺北市","南港區","121.610","25.060","7301"
"2756","396755","20221005094000","2691","1","臺北市","南港區","121.620","25.060","3135"
"2784","396756","20221005094000","2772","1","臺北市","南港區","121.615","25.060","2735"
"2894","396758","20221005094000","3167","0","臺北市","南港區","121.615","25.055","2977"
"2084","396759","20221005094000","1767","1","臺北市","北投區","121.505","25.145","2108"
"408","396762","20221005094000","511","0","臺北市","北投區","121.465","25.115","383"
"3751","396765","20221005094000","3369","1","臺北市","北投區","121.465","25.120","3727"
"1520","396766","20221005094000","1564","0","臺北市","北投區","121.470","25.120","1415"
"2376","396767","20221005094000","2706","0","臺北市","士林區","121.525","25.095","2472"
"1513","396768","20221005094000","1308","1","臺北市","士林區","121.505","25.090","1494"
"1326","396769","20221005094000","873","3","臺北市","士林區","121.510","25.090","1312"
"621","396771","20221005094000","800","0","新北市","三重區","121.500","25.075","656"
"2944","396773","20221005094000","3019","0","臺北市","內湖區","121.585","25.075","3012"
"1223","396774","20221005094000","1128","1","臺北市","內湖區","121.590","25.075","1203"
"590","396775","20221005094000","584","1","臺北市","內湖區","121.595","25.075","590"
"792","396776","20221005094000","748","1","臺北市","內湖區","121.600","25.075","687"
"5493","396777","20221005094000","6800","0","臺北市","中山區","121.535","25.060","5714"
"3949","396778","20221005094000","4519","0","臺北市","大同區","121.515","25.070","3957"
"2538","396779","20221005094000","3124","0","臺北市","大同區","121.515","25.065","2555"
"2455","396781","20221005094000","3036","0","臺北市","北投區","121.510","25.110","2483"
"1564","396785","20221005094000","1676","0","臺北市","北投區","121.490","25.145","1529"
"1621","396788","20221005094000","2033","0","臺北市","北投區","121.505","25.115","1633"
"493","396789","20221005094000","554","0","臺北市","北投區","121.515","25.100","487"
"1772","396790","20221005094000","2040","0","臺北市","士林區","121.525","25.110","1747"
"1971","396791","20221005094000","2066","0","臺北市","中山區","121.520","25.070","1886"
"1835","396792","20221005094000","1931","0","臺北市","大同區","121.520","25.075","1862"
"17","396793","20221005094000","798","0","臺北市","士林區","121.515","25.080","17"
"912","396794","20221005094000","939","0","臺北市","內湖區","121.605","25.060","873"
"1649","396798","20221005094000","1502","1","臺北市","內湖區","121.585","25.060","1678"
"2781","396799","20221005094000","2964","0","臺北市","北投區","121.505","25.135","2733"
"54","396802","20221005094000","32","3","臺北市","士林區","121.575","25.120","75"
"17","396803","20221005094000","17","1","臺北市","士林區","121.570","25.125","24"
"212","396804","20221005094000","162","2","臺北市","士林區","121.575","25.125","232"
"19","396806","20221005094000","25","0","臺北市","士林區","121.570","25.130","22"
"131","396807","20221005094000","198","0","臺北市","士林區","121.575","25.130","127"
"16","396809","20221005094000","14","1","臺北市","士林區","121.575","25.135","17"
"44","396812","20221005094000","45","0","臺北市","士林區","121.580","25.140","46"
"706","396819","20221005094000","761","0","臺北市","士林區","121.515","25.090","740"
"4037","396820","20221005094000","4161","0","臺北市","士林區","121.520","25.090","3990"
"3226","396821","20221005094000","3066","1","臺北市","士林區","121.515","25.095","3311"
"2741","396822","20221005094000","2269","2","臺北市","北投區","121.500","25.135","2796"
"2152","396823","20221005094000","1899","1","臺北市","士林區","121.525","25.075","2223"
"716","396824","20221005094000","938","0","臺北市","士林區","121.540","25.110","705"
"572","396826","20221005094000","504","1","臺北市","士林區","121.545","25.115","547"
"225","396828","20221005094000","167","2","臺北市","士林區","121.540","25.125","234"
"615","396831","20221005094000","512","2","臺北市","士林區","121.505","25.095","630"
"1205","396832","20221005094000","392","3","臺北市","士林區","121.540","25.095","1134"
"1282","396833","20221005094000","958","2","臺北市","士林區","121.545","25.105","919"
"258","396834","20221005094000","373","0","臺北市","士林區","121.540","25.105","289"
"115","396839","20221005094000","129","0","臺北市","士林區","121.560","25.110","113"
"59","396841","20221005094000","48","2","臺北市","士林區","121.570","25.110","61"
"109","396848","20221005094000","104","1","臺北市","士林區","121.580","25.115","142"
"65","396852","20221005094000","66","0","臺北市","士林區","121.580","25.120","58"
"67","396853","20221005094000","89","0","臺北市","士林區","121.585","25.120","67"
"399","396856","20221005094000","199","3","新北市","汐止區","121.600","25.120","468"
"2715","396878","20221005094000","3117","0","臺北市","內湖區","121.580","25.055","2767"
"3103","396879","20221005094000","2952","1","臺北市","內湖區","121.580","25.060","2971"
"699","396880","20221005094000","1100","0","臺北市","內湖區","121.565","25.090","712"
"9371","396884","20221005094000","11113","0","臺北市","內湖區","121.565","25.080","9483"
"1283","396885","20221005094000","1360","0","臺北市","內湖區","121.560","25.085","1243"
"3363","396886","20221005094000","3258","1","臺北市","內湖區","121.565","25.085","3492"
"363","396888","20221005094000","399","0","臺北市","內湖區","121.560","25.090","372"
"7477","396890","20221005094000","8003","0","臺北市","內湖區","121.570","25.080","7785"
"1844","396891","20221005094000","1322","2","臺北市","內湖區","121.570","25.085","1077"
"2028","396892","20221005094000","2697","0","臺北市","松山區","121.570","25.050","2006"
"1011","396893","20221005094000","1045","0","臺北市","松山區","121.565","25.065","1070"
"859","398951","20221005094000","573","2","新北市","八里區","121.390","25.165","964"
"120","398956","20221005094000","100","2","基隆市","安樂區","121.710","25.165","120"
"72","399938","20221005094000","120","0","基隆市","安樂區","121.710","25.175","84"
"63","402902","20221005094000","62","1","新北市","萬里區","121.680","25.200","80"
"377","403910","20221005094000","383","0","新北市","萬里區","121.700","25.210","558"
"107","406949","20221005094000","115","0","新北市","金山區","121.635","25.240","139"
"37","409009","20221005094000","47","0","新北市","金山區","121.635","25.255","44"
"119","409527","20221005094000","110","1","新北市","三芝區","121.475","25.260","125"
"488","413221","20221005094000","508","0","新北市","石門區","121.565","25.290","454"
"28","413222","20221005094000","30","0","新北市","石門區","121.590","25.290","21"
"107","413767","20221005094000","106","1","新北市","石門區","121.580","25.295","98"
"199","414894","20221005094000","52","3","基隆市","中正區","121.765","25.145","177"
"342","414895","20221005094000","365","0","基隆市","中正區","121.770","25.155","347"
"625","414896","20221005094000","578","1","基隆市","中正區","121.765","25.155","603"
"354","414897","20221005094000","219","3","基隆市","中正區","121.765","25.160","429"
"828","414900","20221005094000","883","0","基隆市","中正區","121.780","25.145","808"
"1093","414901","20221005094000","1133","0","基隆市","中正區","121.775","25.150","1177"
"77","414906","20221005094000","73","1","基隆市","安樂區","121.695","25.150","73"
"580","414907","20221005094000","577","1","基隆市","安樂區","121.700","25.150","577"
"707","414909","20221005094000","661","1","基隆市","安樂區","121.695","25.155","628"
"260","414910","20221005094000","237","1","基隆市","安樂區","121.700","25.155","278"
"174","414912","20221005094000","96","3","基隆市","安樂區","121.695","25.160","186"
"19","414913","20221005094000","139","0","基隆市","安樂區","121.700","25.160","22"
"264","414921","20221005094000","231","1","基隆市","中山區","121.750","25.145","287"
"716","414923","20221005094000","767","0","基隆市","中山區","121.720","25.150","706"
"328","414929","20221005094000","335","0","基隆市","中山區","121.745","25.150","367"
"1016","414936","20221005094000","1079","0","新北市","三芝區","121.495","25.250","991"
"205","414948","20221005094000","248","0","新北市","三芝區","121.490","25.270","196"
"628","414949","20221005094000","503","2","基隆市","中山區","121.740","25.150","622"
"352","414951","20221005094000","331","1","基隆市","中山區","121.740","25.155","405"
"157","414985","20221005094000","367","0","新北市","三芝區","121.510","25.215","189"
"109","415028","20221005094000","99","1","新北市","三芝區","121.530","25.230","155"
"1380","415040","20221005094000","1430","0","新北市","三芝區","121.505","25.255","1430"
"400","415041","20221005094000","386","1","新北市","三芝區","121.505","25.260","391"
"10","415042","20221005094000","12","0","新北市","三芝區","121.505","25.245","15"
"2044","415044","20221005094000","1982","1","新北市","三芝區","121.500","25.255","2065"
"254","415063","20221005094000","152","3","新北市","三芝區","121.505","25.205","328"
"1742","415070","20221005094000","2091","0","基隆市","中正區","121.770","25.150","1608"
"13","415072","20221005094000","17","0","基隆市","中山區","121.730","25.150","14"
"160","415078","20221005094000","180","0","新北市","三芝區","121.465","25.240","169"
"390","415083","20221005094000","335","1","新北市","三芝區","121.455","25.245","437"
"83","415087","20221005094000","89","0","新北市","三芝區","121.475","25.245","98"
"148","415093","20221005094000","159","0","新北市","三芝區","121.465","25.250","127"
"333","415100","20221005094000","332","1","新北市","三芝區","121.475","25.250","333"
"62","415103","20221005094000","53","1","新北市","三芝區","121.505","25.265","49"
"1462","415124","20221005094000","588","3","新北市","三芝區","121.535","25.245","1517"
"97","415149","20221005094000","77","2","新北市","三芝區","121.520","25.225","109"
"30","415158","20221005094000","30","1","新北市","三芝區","121.525","25.185","67"
"280","415181","20221005094000","232","2","新北市","三芝區","121.500","25.210","339"
"124","415188","20221005094000","230","0","新北市","三芝區","121.510","25.255","98"
"144","415196","20221005094000","133","1","新北市","三芝區","121.495","25.235","172"
"39","415202","20221005094000","27","2","新北市","三芝區","121.490","25.245","30"
"464","415205","20221005094000","551","0","新北市","三芝區","121.495","25.245","473"
"372","415211","20221005094000","382","0","基隆市","中山區","121.735","25.150","385"
"354","415212","20221005094000","177","3","基隆市","中山區","121.730","25.155","292"
"513","415214","20221005094000","584","0","基隆市","中正區","121.785","25.145","601"
"241","415224","20221005094000","353","0","新北市","八里區","121.415","25.155","263"
"1305","415226","20221005094000","1197","1","新北市","八里區","121.415","25.160","1296"
"831","415229","20221005094000","889","0","新北市","八里區","121.420","25.160","863"
"125","415237","20221005094000","108","1","新北市","八里區","121.440","25.155","136"
"408","415239","20221005094000","371","1","新北市","八里區","121.430","25.155","410"
"135","415242","20221005094000","135","1","新北市","八里區","121.430","25.160","130"
"552","415250","20221005094000","695","0","新北市","八里區","121.395","25.160","637"
"344","415252","20221005094000","339","1","新北市","八里區","121.405","25.155","317"
"249","415257","20221005094000","255","0","新北市","萬里區","121.675","25.180","266"
"365","415264","20221005094000","285","2","新北市","萬里區","121.640","25.210","370"
"64","415271","20221005094000","57","1","新北市","萬里區","121.645","25.150","67"
"177","415286","20221005094000","158","1","新北市","萬里區","121.665","25.160","185"
"47","415301","20221005094000","53","0","新北市","萬里區","121.625","25.150","42"
"80","415357","20221005094000","89","0","新北市","萬里區","121.620","25.200","88"
"224","415363","20221005094000","301","0","新北市","萬里區","121.650","25.200","245"
"853","415369","20221005094000","850","1","新北市","萬里區","121.690","25.175","885"
"787","415372","20221005094000","625","2","新北市","萬里區","121.690","25.180","691"
"1957","415375","20221005094000","1700","1","新北市","淡水區","121.440","25.175","1907"
"286","415378","20221005094000","347","0","新北市","淡水區","121.450","25.160","323"
"962","415379","20221005094000","886","1","新北市","淡水區","121.455","25.160","964"
"320","415380","20221005094000","415","0","新北市","淡水區","121.460","25.160","296"
"892","415383","20221005094000","797","1","新北市","淡水區","121.450","25.165","891"
"24","415388","20221005094000","213","0","新北市","淡水區","121.445","25.200","22"
"39","415391","20221005094000","29","2","新北市","淡水區","121.430","25.205","39"
"53","415394","20221005094000","135","0","新北市","淡水區","121.445","25.205","45"
"294","415395","20221005094000","332","0","新北市","淡水區","121.450","25.205","293"
"355","415396","20221005094000","328","1","新北市","淡水區","121.455","25.205","385"
"145","415398","20221005094000","129","1","新北市","淡水區","121.440","25.210","133"
"328","415408","20221005094000","385","0","新北市","淡水區","121.460","25.215","329"
"39","415409","20221005094000","41","0","新北市","淡水區","121.465","25.215","44"
"10","415410","20221005094000","42","0","新北市","淡水區","121.440","25.220","10"
"433","415412","20221005094000","398","1","新北市","淡水區","121.450","25.220","398"
"66","415437","20221005094000","130","0","新北市","石門區","121.580","25.245","75"
"137","415462","20221005094000","44","3","新北市","石門區","121.530","25.285","145"
"147","415465","20221005094000","106","2","新北市","石門區","121.535","25.290","161"
"364","415468","20221005094000","353","1","新北市","石門區","121.540","25.290","418"
"101","415521","20221005094000","138","0","新北市","石門區","121.550","25.285","93"
"138","415532","20221005094000","183","0","新北市","石門區","121.515","25.275","117"
"28","415541","20221005094000","19","2","新北市","石門區","121.515","25.285","13"
"237","415546","20221005094000","107","3","新北市","石門區","121.570","25.255","246"
"111","415568","20221005094000","156","0","新北市","石門區","121.550","25.255","130"
"65","415594","20221005094000","79","0","新北市","石門區","121.595","25.270","51"
"67","415595","20221005094000","66","1","新北市","石門區","121.590","25.275","68"
"481","415599","20221005094000","423","1","新北市","石門區","121.590","25.285","461"
"25","415623","20221005094000","39","0","新北市","石門區","121.600","25.280","19"
"98","415625","20221005094000","101","0","新北市","石門區","121.610","25.280","105"
"55","415630","20221005094000","54","1","新北市","萬里區","121.685","25.165","54"
"258","415649","20221005094000","186","2","新北市","萬里區","121.655","25.200","262"
"764","415654","20221005094000","584","2","新北市","萬里區","121.690","25.200","641"
"54","415655","20221005094000","47","1","新北市","萬里區","121.655","25.205","47"
"290","415656","20221005094000","246","1","新北市","萬里區","121.660","25.205","275"
"294","415657","20221005094000","168","3","新北市","萬里區","121.690","25.205","218"
"20","415664","20221005094000","11","3","新北市","淡水區","121.465","25.175","15"
"78","415674","20221005094000","127","0","新北市","淡水區","121.520","25.175","118"
"50","415676","20221005094000","50","1","新北市","淡水區","121.480","25.180","34"
"112","415677","20221005094000","90","2","新北市","淡水區","121.485","25.180","114"
"173","415685","20221005094000","131","2","新北市","淡水區","121.470","25.185","169"
"57","415687","20221005094000","109","0","新北市","淡水區","121.480","25.185","63"
"411","415688","20221005094000","492","0","新北市","淡水區","121.485","25.185","420"
"176","415696","20221005094000","162","1","新北市","淡水區","121.475","25.190","194"
"159","415697","20221005094000","116","2","新北市","淡水區","121.490","25.190","162"
"21","415699","20221005094000","21","1","新北市","淡水區","121.500","25.190","31"
"452","415701","20221005094000","853","0","新北市","淡水區","121.440","25.180","421"
"146","415706","20221005094000","197","0","新北市","淡水區","121.485","25.165","155"
"54","415713","20221005094000","53","1","新北市","淡水區","121.485","25.170","56"
"99","415717","20221005094000","116","0","新北市","淡水區","121.485","25.175","122"
"44","415718","20221005094000","322","0","新北市","淡水區","121.415","25.180","33"
"139","415720","20221005094000","85","3","新北市","淡水區","121.410","25.185","140"
"1391","415722","20221005094000","1134","2","新北市","淡水區","121.420","25.185","1402"
"745","415723","20221005094000","823","0","新北市","淡水區","121.425","25.185","769"
"757","415724","20221005094000","950","0","新北市","淡水區","121.430","25.185","786"
"528","415730","20221005094000","373","2","新北市","淡水區","121.430","25.190","495"
"53","415731","20221005094000","33","3","新北市","淡水區","121.420","25.195","48"
"786","415732","20221005094000","614","2","新北市","淡水區","121.425","25.195","805"
"530","415734","20221005094000","568","0","新北市","淡水區","121.420","25.175","524"
"102","415735","20221005094000","70","2","新北市","淡水區","121.425","25.175","93"
"120","415737","20221005094000","83","2","新北市","淡水區","121.430","25.180","159"
"37","415738","20221005094000","24","3","新北市","淡水區","121.475","25.210","39"
"48","415743","20221005094000","31","3","新北市","淡水區","121.475","25.215","39"
"36","415744","20221005094000","29","2","新北市","淡水區","121.480","25.215","40"
"132","415745","20221005094000","206","0","新北市","淡水區","121.485","25.215","139"
"46","415753","20221005094000","141","0","新北市","淡水區","121.445","25.225","33"
"190","415754","20221005094000","359","0","新北市","淡水區","121.450","25.225","188"
"113","415755","20221005094000","136","0","新北市","淡水區","121.455","25.225","107"
"49","415761","20221005094000","96","0","新北市","淡水區","121.445","25.230","53"
"142","415762","20221005094000","129","1","新北市","淡水區","121.450","25.230","130"
"136","415775","20221005094000","150","0","新北市","萬里區","121.635","25.165","215"
"117","415799","20221005094000","56","3","新北市","萬里區","121.650","25.175","132"
"225","415830","20221005094000","209","1","新北市","萬里區","121.685","25.190","191"
"161","415832","20221005094000","125","2","新北市","萬里區","121.680","25.195","148"
"425","415838","20221005094000","420","1","新北市","淡水區","121.430","25.175","400"
"1976","415839","20221005094000","2285","0","新北市","淡水區","121.435","25.175","1675"
"1304","415840","20221005094000","1451","0","新北市","淡水區","121.435","25.180","1299"
"562","415841","20221005094000","568","0","新北市","淡水區","121.435","25.170","574"
"212","415852","20221005094000","188","1","新北市","三芝區","121.480","25.235","234"
"2853","415853","20221005094000","2769","1","新北市","淡水區","121.445","25.175","2792"
"4499","415854","20221005094000","5563","0","新北市","淡水區","121.450","25.175","4577"
"2088","415857","20221005094000","2218","0","新北市","淡水區","121.460","25.155","2032"
"1000","415860","20221005094000","1079","0","新北市","淡水區","121.455","25.155","993"
"316","415861","20221005094000","530","0","新北市","淡水區","121.465","25.160","328"
"304","415870","20221005094000","154","3","新北市","金山區","121.615","25.240","297"
"52","415905","20221005094000","41","2","新北市","金山區","121.590","25.235","54"
"1324","415910","20221005094000","1737","0","新北市","淡水區","121.445","25.180","1269"
"1460","415911","20221005094000","1727","0","新北市","淡水區","121.450","25.180","1571"
"41","415912","20221005094000","136","0","新北市","淡水區","121.455","25.180","25"
"715","415916","20221005094000","1067","0","新北市","淡水區","121.445","25.185","710"
"22","415918","20221005094000","20","1","新北市","淡水區","121.455","25.185","20"
"1198","415921","20221005094000","1325","0","新北市","淡水區","121.455","25.175","1200"
"2526","415922","20221005094000","2786","0","新北市","淡水區","121.440","25.170","2702"
"218","415924","20221005094000","159","2","新北市","淡水區","121.485","25.155","221"
"303","415927","20221005094000","336","0","新北市","淡水區","121.485","25.160","274"
"195","415931","20221005094000","211","0","新北市","淡水區","121.470","25.165","201"
"413","415932","20221005094000","348","1","新北市","淡水區","121.440","25.190","387"
"1557","415933","20221005094000","1664","0","新北市","淡水區","121.445","25.190","1618"
"425","415936","20221005094000","385","1","新北市","淡水區","121.460","25.190","378"
"1125","415942","20221005094000","1131","0","新北市","淡水區","121.450","25.200","1131"
"405","415944","20221005094000","393","1","新北市","淡水區","121.460","25.200","425"
"545","415946","20221005094000","548","0","新北市","淡水區","121.420","25.180","553"
"1600","415947","20221005094000","1603","0","新北市","淡水區","121.450","25.170","1601"
"484","415948","20221005094000","637","0","新北市","淡水區","121.455","25.170","497"
"331","415951","20221005094000","303","1","新北市","淡水區","121.455","25.235","340"
"804","415961","20221005094000","656","2","新北市","淡水區","121.435","25.185","766"
"252","415962","20221005094000","289","0","新北市","淡水區","121.440","25.185","243"
"1545","415963","20221005094000","1344","1","新北市","淡水區","121.435","25.190","1473"
"711","415964","20221005094000","513","2","新北市","淡水區","121.430","25.195","672"
"411","415968","20221005094000","298","2","新北市","淡水區","121.430","25.200","377"
"1396","415969","20221005094000","1430","0","新北市","淡水區","121.435","25.200","1425"
"308","415971","20221005094000","273","1","新北市","淡水區","121.425","25.205","347"
"44","415972","20221005094000","32","2","新北市","淡水區","121.435","25.205","41"
"107","415975","20221005094000","376","0","新北市","淡水區","121.445","25.170","79"
"33","415977","20221005094000","30","1","新北市","淡水區","121.485","25.190","27"
"24","415979","20221005094000","82","0","新北市","淡水區","121.470","25.195","33"
"150","415984","20221005094000","163","0","新北市","淡水區","121.470","25.200","148"
"120","415986","20221005094000","123","0","新北市","淡水區","121.480","25.200","126"
"1090","416009","20221005094000","1267","0","新北市","金山區","121.640","25.220","1134"
"21","416022","20221005094000","33","0","新北市","金山區","121.625","25.270","33"
"429","416030","20221005094000","482","0","新北市","金山區","121.640","25.225","421"
"208","416031","20221005094000","258","0","新北市","金山區","121.645","25.225","227"
"258","416033","20221005094000","162","3","新北市","金山區","121.645","25.230","169"
"61","416038","20221005094000","98","0","臺北市","北投區","121.500","25.155","77"
"291","416050","20221005094000","265","1","新北市","金山區","121.630","25.225","308"
"286","416051","20221005094000","228","2","新北市","金山區","121.635","25.225","269"
"269","416060","20221005094000","189","2","新北市","金山區","121.615","25.245","270"
"110","416062","20221005094000","74","2","新北市","金山區","121.605","25.245","94"
"45","416063","20221005094000","31","2","新北市","金山區","121.610","25.245","27"
"36","416067","20221005094000","36","1","新北市","金山區","121.610","25.250","40"
"135","416122","20221005094000","137","0","新北市","金山區","121.595","25.200","201"
"318","416123","20221005094000","180","3","新北市","金山區","121.600","25.200","325"
"111","416146","20221005094000","99","1","新北市","金山區","121.600","25.215","115"
"690","416155","20221005094000","757","0","新北市","金山區","121.630","25.220","698"
"917","416156","20221005094000","595","3","新北市","金山區","121.635","25.220","883"
"62","416160","20221005094000","94","0","臺北市","士林區","121.555","25.155","60"
"14","416161","20221005094000","10","2","臺北市","士林區","121.560","25.155","14"
"24","416168","20221005094000","31","0","臺北市","士林區","121.575","25.165","58"
"32","416182","20221005094000","43","0","臺北市","士林區","121.570","25.190","32"
"53","416192","20221005094000","72","0","臺北市","北投區","121.530","25.155","72"
"1764","416202","20221005094000","2156","0","新北市","淡水區","121.445","25.165","1832"
"293","416204","20221005094000","197","2","臺北市","北投區","121.540","25.155","317"
"236","416205","20221005094000","313","0","臺北市","北投區","121.545","25.150","279"
"19","416209","20221005094000","105","0","臺北市","北投區","121.545","25.155","18"
"24","416212","20221005094000","24","1","臺北市","北投區","121.540","25.160","22"
"45","416213","20221005094000","34","2","臺北市","北投區","121.545","25.160","50"
"292","416221","20221005094000","144","3","臺北市","北投區","121.540","25.165","411"
"237","416225","20221005094000","117","3","臺北市","北投區","121.560","25.165","356"
"34","416236","20221005094000","82","0","臺北市","北投區","121.535","25.175","53"
"77","416246","20221005094000","99","0","臺北市","北投區","121.545","25.180","105"
"110","416251","20221005094000","198","0","臺北市","北投區","121.535","25.185","130"
"45","416275","20221005094000","150","0","臺北市","北投區","121.490","25.155","62"
"13","616904","20221005094000","19","0","金門縣","金城鎮","118.320","24.390","13"
"18","617429","20221005094000","222","0","金門縣","金城鎮","118.305","24.400","18"
"1178","617430","20221005094000","935","2","金門縣","金城鎮","118.310","24.400","1283"
"348","617700","20221005094000","309","1","金門縣","金城鎮","118.305","24.405","372"
"306","617704","20221005094000","237","2","金門縣","金城鎮","118.325","24.405","288"
"20","617966","20221005094000","20","1","金門縣","烈嶼鄉","118.225","24.405","27"
"54","617974","20221005094000","80","0","金門縣","金城鎮","118.290","24.405","59"
"255","617990","20221005094000","234","1","金門縣","金湖鎮","118.430","24.410","256"
"270","618255","20221005094000","305","0","金門縣","金城鎮","118.285","24.410","313"
"112","618257","20221005094000","310","0","金門縣","金城鎮","118.295","24.410","108"
"108","618258","20221005094000","149","0","金門縣","金城鎮","118.300","24.410","103"
"49","618259","20221005094000","40","2","金門縣","金城鎮","118.305","24.410","34"
"53","618260","20221005094000","49","1","金門縣","金城鎮","118.310","24.410","43"
"166","618263","20221005094000","171","0","金門縣","金城鎮","118.325","24.410","150"
"625","618264","20221005094000","474","2","金門縣","金城鎮","118.330","24.410","676"
"172","618266","20221005094000","154","1","金門縣","金城鎮","118.335","24.410","185"
"346","618273","20221005094000","318","1","金門縣","金湖鎮","118.435","24.415","368"
"515","618274","20221005094000","531","0","金門縣","金湖鎮","118.440","24.415","780"
"34","618530","20221005094000","269","0","金門縣","烈嶼鄉","118.230","24.415","69"
"380","618532","20221005094000","583","0","金門縣","烈嶼鄉","118.240","24.415","394"
"328","618541","20221005094000","325","1","金門縣","金城鎮","118.290","24.415","362"
"514","618545","20221005094000","585","0","金門縣","金城鎮","118.310","24.415","463"
"592","618547","20221005094000","668","0","金門縣","金城鎮","118.315","24.415","600"
"286","618552","20221005094000","143","3","金門縣","金寧鄉","118.340","24.415","273"
"171","618560","20221005094000","156","1","金門縣","金湖鎮","118.440","24.420","159"
"510","618813","20221005094000","464","1","金門縣","烈嶼鄉","118.220","24.420","568"
"46","618818","20221005094000","30","3","金門縣","烈嶼鄉","118.245","24.420","26"
"20","618832","20221005094000","793","0","金門縣","金城鎮","118.310","24.420","19"
"126","618833","20221005094000","90","2","金門縣","金城鎮","118.315","24.420","90"
"48","618834","20221005094000","75","0","金門縣","金城鎮","118.320","24.420","44"
"43","618835","20221005094000","35","2","金門縣","金城鎮","118.325","24.420","38"
"151","618836","20221005094000","152","0","金門縣","金寧鄉","118.330","24.420","155"
"37","618838","20221005094000","14","3","金門縣","金寧鄉","118.340","24.420","23"
"328","618851","20221005094000","267","2","金門縣","金湖鎮","118.440","24.425","276"
"1769","619113","20221005094000","1421","2","金門縣","烈嶼鄉","118.245","24.425","1716"
"386","619116","20221005094000","217","3","金門縣","烈嶼鄉","118.260","24.425","368"
"109","619117","20221005094000","86","2","金門縣","烈嶼鄉","118.265","24.425","129"
"54","619126","20221005094000","44","2","金門縣","金城鎮","118.315","24.425","27"
"1563","619127","20221005094000","1305","1","金門縣","金城鎮","118.320","24.425","1515"
"24","619131","20221005094000","243","0","金門縣","金寧鄉","118.340","24.425","63"
"119","619133","20221005094000","143","0","金門縣","金寧鄉","118.350","24.425","113"
"278","619146","20221005094000","406","0","金門縣","金湖鎮","118.430","24.425","423"
"99","619151","20221005094000","103","0","金門縣","金湖鎮","118.455","24.430","115"
"40","619406","20221005094000","77","0","金門縣","烈嶼鄉","118.230","24.430","40"
"11","619412","20221005094000","10","1","金門縣","烈嶼鄉","118.260","24.430","11"
"95","619420","20221005094000","1801","0","金門縣","金城鎮","118.310","24.430","86"
"958","619421","20221005094000","1481","0","金門縣","金城鎮","118.315","24.430","967"
"1161","619422","20221005094000","1275","0","金門縣","金城鎮","118.320","24.430","1188"
"12","619424","20221005094000","133","0","金門縣","金寧鄉","118.330","24.430","89"
"1043","619426","20221005094000","828","2","金門縣","金寧鄉","118.340","24.430","1147"
"67","619430","20221005094000","61","1","金門縣","金寧鄉","118.360","24.430","79"
"326","619440","20221005094000","760","0","金門縣","金湖鎮","118.410","24.430","265"
"398","619442","20221005094000","417","0","金門縣","金湖鎮","118.420","24.430","373"
"274","619709","20221005094000","343","0","金門縣","烈嶼鄉","118.255","24.435","270"
"23","619710","20221005094000","24","0","金門縣","烈嶼鄉","118.260","24.435","30"
"428","619718","20221005094000","435","0","金門縣","金城鎮","118.310","24.435","422"
"3183","619719","20221005094000","3168","1","金門縣","金城鎮","118.315","24.435","3200"
"28","619721","20221005094000","955","0","金門縣","金城鎮","118.325","24.435","30"
"235","619722","20221005094000","315","0","金門縣","金寧鄉","118.330","24.435","238"
"39","619726","20221005094000","50","0","金門縣","金寧鄉","118.350","24.435","62"
"23","619728","20221005094000","30","0","金門縣","金寧鄉","118.360","24.435","29"
"511","619729","20221005094000","431","1","金門縣","金湖鎮","118.365","24.435","566"
"150","619731","20221005094000","96","3","金門縣","金湖鎮","118.375","24.435","127"
"146","619734","20221005094000","180","0","金門縣","金湖鎮","118.390","24.435","119"
"695","619737","20221005094000","1380","0","金門縣","金湖鎮","118.405","24.435","665"
"49","619739","20221005094000","91","0","金門縣","金湖鎮","118.415","24.435","46"
"97","619747","20221005094000","101","0","金門縣","金湖鎮","118.455","24.435","106"
"518","620010","20221005094000","313","3","金門縣","金城鎮","118.310","24.440","511"
"4085","620011","20221005094000","2398","3","金門縣","金城鎮","118.315","24.440","4166"
"764","620012","20221005094000","516","2","金門縣","金寧鄉","118.320","24.440","782"
"81","620013","20221005094000","85","0","金門縣","金城鎮","118.325","24.440","82"
"26","620015","20221005094000","515","0","金門縣","金寧鄉","118.335","24.440","25"
"166","620024","20221005094000","101","3","金門縣","金湖鎮","118.380","24.440","121"
"603","620025","20221005094000","741","0","金門縣","金湖鎮","118.385","24.440","607"
"107","620027","20221005094000","43","3","金門縣","金湖鎮","118.395","24.440","107"
"47","620029","20221005094000","135","0","金門縣","金湖鎮","118.405","24.440","49"
"1335","620031","20221005094000","3740","0","金門縣","金湖鎮","118.415","24.440","1298"
"1609","620032","20221005094000","2076","0","金門縣","金湖鎮","118.420","24.440","1577"
"13","620037","20221005094000","173","0","金門縣","金湖鎮","118.445","24.440","21"
"19","620040","20221005094000","82","0","金門縣","金湖鎮","118.460","24.440","20"
"51","620293","20221005094000","291","0","金門縣","烈嶼鄉","118.240","24.440","47"
"761","620304","20221005094000","632","2","金門縣","金寧鄉","118.310","24.445","657"
"176","620306","20221005094000","220","0","金門縣","金寧鄉","118.320","24.445","144"
"42","620312","20221005094000","477","0","金門縣","金寧鄉","118.350","24.445","36"
"11","620315","20221005094000","67","0","金門縣","金湖鎮","118.365","24.445","11"
"52","620317","20221005094000","364","0","金門縣","金湖鎮","118.375","24.445","60"
"385","620318","20221005094000","268","2","金門縣","金湖鎮","118.380","24.445","365"
"44","620323","20221005094000","19","3","金門縣","金湖鎮","118.405","24.445","23"
"92","620326","20221005094000","53","3","金門縣","金湖鎮","118.420","24.445","109"
"30","620327","20221005094000","354","0","金門縣","金湖鎮","118.425","24.445","28"
"24","620335","20221005094000","20","2","金門縣","金湖鎮","118.465","24.445","17"
"86","620336","20221005094000","136","0","金門縣","金湖鎮","118.470","24.445","143"
"152","620593","20221005094000","135","1","金門縣","烈嶼鄉","118.250","24.445","109"
"87","620594","20221005094000","75","1","金門縣","烈嶼鄉","118.255","24.445","91"
"384","620595","20221005094000","46","3","金門縣","烈嶼鄉","118.260","24.445","382"
"311","620604","20221005094000","344","0","金門縣","金寧鄉","118.305","24.450","283"
"666","620605","20221005094000","345","3","金門縣","金寧鄉","118.310","24.450","654"
"665","620607","20221005094000","625","1","金門縣","金寧鄉","118.320","24.450","672"
"558","620608","20221005094000","376","2","金門縣","金寧鄉","118.325","24.450","527"
"1398","620609","20221005094000","1426","0","金門縣","金寧鄉","118.330","24.450","1397"
"496","620610","20221005094000","574","0","金門縣","金寧鄉","118.335","24.450","536"
"334","620611","20221005094000","411","0","金門縣","金寧鄉","118.340","24.450","340"
"62","620613","20221005094000","50","2","金門縣","金寧鄉","118.350","24.450","67"
"82","620618","20221005094000","61","2","金門縣","金湖鎮","118.375","24.450","71"
"73","620625","20221005094000","44","3","金門縣","金湖鎮","118.410","24.450","36"
"13","620634","20221005094000","115","0","金門縣","金沙鎮","118.455","24.450","13"
"487","620912","20221005094000","238","3","金門縣","金寧鄉","118.335","24.455","476"
"322","620919","20221005094000","268","2","金門縣","金湖鎮","118.370","24.455","314"
"375","620920","20221005094000","287","2","金門縣","金湖鎮","118.375","24.455","388"
"450","620921","20221005094000","375","2","金門縣","金湖鎮","118.380","24.455","440"
"118","620922","20221005094000","81","2","金門縣","金湖鎮","118.385","24.455","91"
"33","620927","20221005094000","33","1","金門縣","金湖鎮","118.410","24.455","28"
"54","620928","20221005094000","45","2","金門縣","金湖鎮","118.415","24.455","59"
"19","620930","20221005094000","16","1","金門縣","金湖鎮","118.425","24.455","37"
"448","621210","20221005094000","518","0","金門縣","金寧鄉","118.305","24.455","428"
"20","621211","20221005094000","168","0","金門縣","金寧鄉","118.310","24.455","20"
"25","621214","20221005094000","719","0","金門縣","金寧鄉","118.325","24.455","32"
"236","621221","20221005094000","210","1","金門縣","金寧鄉","118.360","24.460","236"
"21","621226","20221005094000","15","2","金門縣","金沙鎮","118.385","24.460","22"
"156","621230","20221005094000","154","1","金門縣","金沙鎮","118.405","24.460","182"
"108","621231","20221005094000","474","0","金門縣","金湖鎮","118.410","24.460","89"
"61","621233","20221005094000","39","3","金門縣","金湖鎮","118.420","24.460","66"
"28","621239","20221005094000","28","1","金門縣","金沙鎮","118.450","24.460","23"
"537","621509","20221005094000","670","0","金門縣","金寧鄉","118.315","24.460","529"
"159","621510","20221005094000","180","0","金門縣","金寧鄉","118.320","24.460","154"
"232","621511","20221005094000","148","3","金門縣","金寧鄉","118.325","24.460","209"
"25","621523","20221005094000","119","0","金門縣","金沙鎮","118.385","24.465","20"
"13","621529","20221005094000","11","1","金門縣","金沙鎮","118.415","24.465","12"
"40","621530","20221005094000","53","0","金門縣","金湖鎮","118.420","24.465","47"
"94","621533","20221005094000","97","0","金門縣","金沙鎮","118.435","24.465","89"
"78","621534","20221005094000","83","0","金門縣","金沙鎮","118.440","24.465","80"
"226","621810","20221005094000","232","0","金門縣","金沙鎮","118.390","24.465","236"
"42","621816","20221005094000","802","0","金門縣","金沙鎮","118.420","24.470","71"
"319","621823","20221005094000","298","1","金門縣","金沙鎮","118.455","24.470","409"
"221","622075","20221005094000","12","3","金門縣","金寧鄉","118.295","24.470","232"
"588","622079","20221005094000","476","2","金門縣","金寧鄉","118.315","24.470","586"
"290","622096","20221005094000","402","0","金門縣","金沙鎮","118.400","24.470","297"
"11","622101","20221005094000","15","0","金門縣","金沙鎮","118.425","24.475","14"
"82","622102","20221005094000","63","2","金門縣","金沙鎮","118.430","24.475","70"
"239","622377","20221005094000","100","3","金門縣","金沙鎮","118.390","24.475","250"
"227","622643","20221005094000","369","0","金門縣","金寧鄉","118.305","24.480","219"
"103","622644","20221005094000","69","2","金門縣","金寧鄉","118.310","24.480","86"
"25","622657","20221005094000","218","0","金門縣","金沙鎮","118.390","24.480","18"
"104","622658","20221005094000","102","1","金門縣","金沙鎮","118.395","24.480","142"
"14","622921","20221005094000","16","0","金門縣","金寧鄉","118.300","24.485","13"
"1068","622937","20221005094000","784","2","金門縣","金沙鎮","118.415","24.485","1039"
"109","622938","20221005094000","95","1","金門縣","金沙鎮","118.420","24.485","114"
"27","622941","20221005094000","35","0","金門縣","金沙鎮","118.435","24.485","35"
"166","622942","20221005094000","68","3","金門縣","金沙鎮","118.440","24.485","134"
"589","623206","20221005094000","454","2","金門縣","金沙鎮","118.410","24.490","579"
"612","623207","20221005094000","661","0","金門縣","金沙鎮","118.415","24.490","635"
"76","623210","20221005094000","70","1","金門縣","金沙鎮","118.430","24.490","78"
"583","623474","20221005094000","782","0","金門縣","金沙鎮","118.415","24.495","575"
"26","623478","20221005094000","359","0","金門縣","金沙鎮","118.435","24.495","30"
"108","623734","20221005094000","93","1","金門縣","金沙鎮","118.400","24.500","131"
"42","623738","20221005094000","39","1","金門縣","金沙鎮","118.420","24.500","29"
"210","623993","20221005094000","205","1","金門縣","金沙鎮","118.405","24.505","212"
"25","623999","20221005094000","27","0","金門縣","金沙鎮","118.435","24.505","24"
"299","624000","20221005094000","309","0","金門縣","金沙鎮","118.440","24.505","284"
"207","624511","20221005094000","191","1","金門縣","金沙鎮","118.405","24.515","196"
"146","624771","20221005094000","181","0","金門縣","金沙鎮","118.415","24.515","139"
"16","625280","20221005094000","14","1","金門縣","金沙鎮","118.410","24.525","29"
"310","653049","20221005094000","384","0","連江縣","莒光鄉","119.975","25.960","307"
"17","653081","20221005094000","12","2","連江縣","莒光鄉","119.930","25.970","12"
"187","653082","20221005094000","272","0","連江縣","莒光鄉","119.935","25.970","228"
"117","653097","20221005094000","155","0","連江縣","莒光鄉","119.930","25.975","155"
"18","653099","20221005094000","21","0","連江縣","莒光鄉","119.940","25.975","19"
"424","653173","20221005094000","233","3","連江縣","南竿鄉","119.925","26.140","409"
"94","653187","20221005094000","137","0","連江縣","南竿鄉","119.930","26.145","185"
"89","653198","20221005094000","79","1","連江縣","南竿鄉","119.915","26.145","129"
"66","653200","20221005094000","66","1","連江縣","南竿鄉","119.925","26.145","60"
"398","653203","20221005094000","424","0","連江縣","南竿鄉","119.940","26.145","461"
"35","653217","20221005094000","40","0","連江縣","南竿鄉","119.925","26.150","52"
"325","653219","20221005094000","402","0","連江縣","南竿鄉","119.935","26.150","313"
"38","653221","20221005094000","41","0","連江縣","南竿鄉","119.945","26.150","54"
"217","653231","20221005094000","234","0","連江縣","南竿鄉","119.920","26.155","171"
"540","653235","20221005094000","570","0","連江縣","南竿鄉","119.940","26.155","652"
"956","653238","20221005094000","863","1","連江縣","南竿鄉","119.955","26.155","924"
"127","653248","20221005094000","85","2","連江縣","南竿鄉","119.920","26.160","129"
"1014","653255","20221005094000","981","1","連江縣","南竿鄉","119.955","26.160","1044"
"49","653257","20221005094000","40","2","連江縣","南竿鄉","119.965","26.160","37"
"603","653272","20221005094000","614","0","連江縣","南竿鄉","119.950","26.165","599"
"112","653282","20221005094000","187","0","連江縣","南竿鄉","119.925","26.170","155"
"296","653344","20221005094000","265","1","連江縣","北竿鄉","119.970","26.205","256"
"316","653365","20221005094000","207","3","連江縣","北竿鄉","119.975","26.215","273"
"30","653382","20221005094000","33","0","連江縣","北竿鄉","120.000","26.220","40"
"19","653393","20221005094000","21","0","連江縣","北竿鄉","119.980","26.225","21"
"659","653396","20221005094000","1010","0","連江縣","北竿鄉","119.995","26.225","1158"
"369","653397","20221005094000","335","1","連江縣","北竿鄉","120.000","26.225","342"
"162","653411","20221005094000","95","3","連江縣","北竿鄉","120.000","26.230","159"
"27","653580","20221005094000","28","0","連江縣","東引鄉","120.485","26.360","37"
"59","653590","20221005094000","63","0","連江縣","東引鄉","120.490","26.360","66"
"277","653592","20221005094000","582","0","連江縣","東引鄉","120.500","26.360","395"
"734","653602","20221005094000","580","2","連江縣","東引鄉","120.490","26.365","813"
"94","653603","20221005094000","53","3","連江縣","東引鄉","120.495","26.365","106"
"113","653623","20221005094000","135","0","連江縣","東引鄉","120.480","26.375","145"
