"POPULATION","G_ID","time","avg","idx","City","Town","x","y","prePop"
"113","6258","20220623022000","80","2","屏東縣","恆春鎮","120.745","21.945","86"
"16","6267","20220623022000","139","0","屏東縣","恆春鎮","120.790","21.945","13"
"89","9415","20220623022000","80","1","屏東縣","恆春鎮","120.715","21.970","97"
"84","9416","20220623022000","49","3","屏東縣","恆春鎮","120.845","21.970","64"
"224","15716","20220623022000","190","1","臺東縣","蘭嶼鄉","121.535","22.025","209"
"23","15719","20220623022000","318","0","臺東縣","蘭嶼鄉","121.550","22.025","22"
"37","18068","20220623022000","43","0","屏東縣","車城鄉","120.695","22.045","32"
"147","20191","20220623022000","571","0","臺東縣","蘭嶼鄉","121.570","22.065","106"
"73","40369","20220623022000","66","1","屏東縣","枋山鄉","120.660","22.245","84"
"72","46865","20220623022000","70","1","臺東縣","大武鄉","120.890","22.305","67"
"204","49782","20220623022000","165","2","屏東縣","琉球鄉","120.355","22.330","199"
"457","52213","20220623022000","237","3","屏東縣","琉球鄉","120.380","22.355","432"
"39","57589","20220623022000","15","3","屏東縣","春日鄉","120.660","22.365","13"
"85","57606","20220623022000","65","2","屏東縣","春日鄉","120.665","22.365","89"
"80","57748","20220623022000","82","0","屏東縣","春日鄉","120.750","22.405","99"
"197","57758","20220623022000","162","2","屏東縣","春日鄉","120.625","22.365","191"
"14","57858","20220623022000","198","0","屏東縣","恆春鎮","120.730","21.985","22"
"19","57868","20220623022000","217","0","屏東縣","車城鄉","120.730","22.055","13"
"117","57949","20220623022000","61","3","屏東縣","車城鄉","120.715","22.050","111"
"11","57951","20220623022000","124","0","屏東縣","車城鄉","120.710","22.055","11"
"176","57952","20220623022000","154","1","屏東縣","枋寮鄉","120.595","22.375","188"
"720","57962","20220623022000","414","3","屏東縣","枋寮鄉","120.595","22.385","683"
"349","57963","20220623022000","356","0","屏東縣","枋寮鄉","120.600","22.385","340"
"12","57992","20220623022000","15","0","屏東縣","滿州鄉","120.890","22.090","17"
"12","58112","20220623022000","11","1","屏東縣","滿州鄉","120.805","22.015","20"
"126","58150","20220623022000","91","2","屏東縣","滿州鄉","120.875","22.115","137"
"121","58209","20220623022000","79","3","屏東縣","滿州鄉","120.840","21.985","116"
"58","58243","20220623022000","66","0","屏東縣","滿州鄉","120.840","22.015","53"
"237","58245","20220623022000","198","1","屏東縣","滿州鄉","120.835","22.020","244"
"18","58246","20220623022000","25","0","屏東縣","滿州鄉","120.840","22.020","22"
"111","58248","20220623022000","179","0","屏東縣","滿州鄉","120.830","22.025","92"
"318","58265","20220623022000","242","2","屏東縣","滿州鄉","120.830","21.995","320"
"35","58303","20220623022000","30","1","屏東縣","滿州鄉","120.850","22.020","28"
"73","58452","20220623022000","45","3","屏東縣","滿州鄉","120.830","22.075","69"
"24","58493","20220623022000","20","2","屏東縣","滿州鄉","120.830","22.095","20"
"20","58500","20220623022000","23","0","屏東縣","滿州鄉","120.840","22.100","23"
"66","58514","20220623022000","45","2","屏東縣","枋山鄉","120.665","22.240","94"
"163","58522","20220623022000","131","2","屏東縣","枋山鄉","120.650","22.260","185"
"34","58529","20220623022000","226","0","屏東縣","枋山鄉","120.690","22.190","33"
"35","58531","20220623022000","100","0","屏東縣","枋山鄉","120.690","22.195","19"
"11","58544","20220623022000","11","1","屏東縣","佳冬鄉","120.525","22.410","12"
"360","58554","20220623022000","600","0","屏東縣","恆春鎮","120.740","22.030","370"
"26","58568","20220623022000","146","0","屏東縣","恆春鎮","120.735","22.040","21"
"63","58585","20220623022000","67","0","屏東縣","恆春鎮","120.720","22.045","60"
"18","58609","20220623022000","50","0","屏東縣","恆春鎮","120.750","21.955","10"
"48","58614","20220623022000","390","0","屏東縣","恆春鎮","120.755","21.960","35"
"19","58615","20220623022000","22","0","屏東縣","恆春鎮","120.760","21.960","24"
"365","58618","20220623022000","573","0","屏東縣","恆春鎮","120.755","21.965","377"
"479","58656","20220623022000","232","3","屏東縣","恆春鎮","120.730","22.010","421"
"331","58663","20220623022000","379","0","屏東縣","恆春鎮","120.745","22.005","290"
"306","58680","20220623022000","240","2","屏東縣","恆春鎮","120.730","21.995","265"
"16","58690","20220623022000","15","1","屏東縣","恆春鎮","120.740","21.920","15"
"288","58691","20220623022000","197","2","屏東縣","恆春鎮","120.725","21.925","236"
"25","58698","20220623022000","19","2","屏東縣","恆春鎮","120.715","21.935","18"
"57","58707","20220623022000","23","3","屏東縣","恆春鎮","120.715","21.945","30"
"260","58723","20220623022000","164","3","屏東縣","恆春鎮","120.720","21.960","200"
"1178","58725","20220623022000","1167","1","屏東縣","恆春鎮","120.740","22.010","1127"
"20","58785","20220623022000","66","0","屏東縣","恆春鎮","120.720","22.040","27"
"86","58793","20220623022000","54","3","屏東縣","恆春鎮","120.695","22.020","86"
"23","58796","20220623022000","17","2","屏東縣","恆春鎮","120.710","22.020","28"
"95","58818","20220623022000","77","2","屏東縣","恆春鎮","120.850","21.905","89"
"22","58819","20220623022000","14","3","屏東縣","恆春鎮","120.855","21.905","16"
"45","58824","20220623022000","45","1","屏東縣","恆春鎮","120.850","21.910","48"
"207","58829","20220623022000","118","3","屏東縣","恆春鎮","120.850","21.915","169"
"50","58837","20220623022000","72","0","屏東縣","恆春鎮","120.830","21.925","52"
"156","58849","20220623022000","101","3","屏東縣","恆春鎮","120.825","21.935","148"
"11","58859","20220623022000","12","0","屏東縣","恆春鎮","120.840","21.940","11"
"18","58893","20220623022000","233","0","屏東縣","車城鄉","120.715","22.070","249"
"79","58924","20220623022000","53","2","屏東縣","獅子鄉","120.730","22.195","78"
"13","58958","20220623022000","110","0","屏東縣","獅子鄉","120.750","22.205","15"
"98","58971","20220623022000","83","1","屏東縣","獅子鄉","120.725","22.210","96"
"29","58997","20220623022000","13","3","屏東縣","獅子鄉","120.785","22.215","24"
"56","59115","20220623022000","434","0","屏東縣","琉球鄉","120.380","22.350","73"
"30","59117","20220623022000","324","0","屏東縣","琉球鄉","120.365","22.325","34"
"363","59120","20220623022000","259","2","屏東縣","琉球鄉","120.370","22.335","297"
"75","59149","20220623022000","120","0","屏東縣","獅子鄉","120.660","22.275","83"
"90","59469","20220623022000","74","2","屏東縣","獅子鄉","120.650","22.315","89"
"137","59772","20220623022000","98","2","屏東縣","獅子鄉","120.685","22.225","146"
"111","60023","20220623022000","96","1","屏東縣","獅子鄉","120.700","22.165","100"
"1747","60172","20220623022000","1402","2","屏東縣","琉球鄉","120.370","22.340","1618"
"17","60173","20220623022000","20","0","屏東縣","琉球鄉","120.370","22.345","16"
"100","60174","20220623022000","78","2","屏東縣","琉球鄉","120.375","22.345","87"
"102","60189","20220623022000","68","3","屏東縣","車城鄉","120.700","22.040","96"
"61","60193","20220623022000","53","1","屏東縣","車城鄉","120.700","22.050","65"
"34","60196","20220623022000","27","2","屏東縣","琉球鄉","120.365","22.340","31"
"32","60197","20220623022000","25","2","屏東縣","琉球鄉","120.365","22.345","32"
"177","60198","20220623022000","172","1","屏東縣","琉球鄉","120.370","22.350","174"
"427","60206","20220623022000","196","3","屏東縣","車城鄉","120.715","22.065","358"
"22","60213","20220623022000","139","0","屏東縣","車城鄉","120.720","22.090","15"
"48","60234","20220623022000","26","3","屏東縣","車城鄉","120.715","22.115","36"
"972","60246","20220623022000","556","3","屏東縣","琉球鄉","120.385","22.350","915"
"58","60260","20220623022000","65","0","屏東縣","車城鄉","120.740","22.085","65"
"204","60283","20220623022000","221","0","屏東縣","車城鄉","120.750","22.095","223"
"14","60314","20220623022000","169","0","屏東縣","枋寮鄉","120.555","22.390","11"
"55","60322","20220623022000","327","0","屏東縣","車城鄉","120.715","22.075","47"
"176","60328","20220623022000","140","2","屏東縣","車城鄉","120.730","22.075","174"
"18","60338","20220623022000","17","1","屏東縣","枋寮鄉","120.595","22.390","22"
"197","60350","20220623022000","164","2","屏東縣","枋寮鄉","120.590","22.405","193"
"354","60361","20220623022000","349","1","屏東縣","枋寮鄉","120.595","22.365","334"
"46","60369","20220623022000","268","0","屏東縣","枋寮鄉","120.620","22.405","51"
"100","60374","20220623022000","65","3","屏東縣","枋寮鄉","120.590","22.370","87"
"172","60377","20220623022000","177","0","屏東縣","枋寮鄉","120.580","22.375","167"
"739","60401","20220623022000","722","1","屏東縣","枋寮鄉","120.575","22.405","762"
"352","60404","20220623022000","239","2","屏東縣","佳冬鄉","120.565","22.410","339"
"1265","60421","20220623022000","1116","1","屏東縣","枋寮鄉","120.600","22.360","1295"
"375","60428","20220623022000","319","1","屏東縣","枋寮鄉","120.600","22.365","358"
"85","60441","20220623022000","76","1","屏東縣","枋山鄉","120.645","22.295","79"
"62","60442","20220623022000","58","1","屏東縣","獅子鄉","120.640","22.310","58"
"248","60446","20220623022000","204","2","屏東縣","枋山鄉","120.630","22.320","257"
"125","60449","20220623022000","86","2","屏東縣","枋山鄉","120.615","22.330","114"
"330","60455","20220623022000","127","3","屏東縣","枋山鄉","120.620","22.335","265"
"178","60456","20220623022000","107","3","屏東縣","枋山鄉","120.625","22.335","138"
"982","60532","20220623022000","754","2","屏東縣","恆春鎮","120.740","22.000","975"
"576","60533","20220623022000","423","2","屏東縣","恆春鎮","120.740","22.005","553"
"116","60535","20220623022000","287","0","屏東縣","恆春鎮","120.815","21.935","90"
"157","60537","20220623022000","213","0","屏東縣","恆春鎮","120.805","21.940","92"
"23","60539","20220623022000","247","0","屏東縣","恆春鎮","120.795","21.945","26"
"638","60540","20220623022000","508","2","屏東縣","恆春鎮","120.800","21.945","518"
"333","60541","20220623022000","495","0","屏東縣","恆春鎮","120.805","21.945","257"
"83","60543","20220623022000","84","0","屏東縣","恆春鎮","120.780","21.950","91"
"218","60544","20220623022000","105","3","屏東縣","恆春鎮","120.785","21.950","119"
"176","60568","20220623022000","150","1","屏東縣","恆春鎮","120.810","21.955","130"
"95","60589","20220623022000","53","3","屏東縣","恆春鎮","120.815","21.965","78"
"69","60623","20220623022000","339","0","屏東縣","恆春鎮","120.735","21.950","492"
"70","60646","20220623022000","58","2","屏東縣","恆春鎮","120.720","21.975","72"
"94","60651","20220623022000","80","1","屏東縣","恆春鎮","120.715","21.985","104"
"234","60656","20220623022000","180","2","屏東縣","恆春鎮","120.705","21.995","192"
"791","60671","20220623022000","904","0","屏東縣","恆春鎮","120.740","21.995","800"
"429","60672","20220623022000","278","3","屏東縣","恆春鎮","120.745","21.995","449"
"571","60680","20220623022000","617","0","屏東縣","恆春鎮","120.745","22.000","549"
"59","60694","20220623022000","58","1","屏東縣","恆春鎮","120.765","22.000","56"
"43","60732","20220623022000","48","0","屏東縣","牡丹鄉","120.815","22.075","44"
"44","60771","20220623022000","71","0","屏東縣","滿州鄉","120.890","22.140","56"
"19","60778","20220623022000","12","3","屏東縣","牡丹鄉","120.880","22.155","16"
"27","60784","20220623022000","30","0","屏東縣","牡丹鄉","120.880","22.160","29"
"315","60791","20220623022000","199","3","屏東縣","牡丹鄉","120.890","22.165","312"
"79","60821","20220623022000","69","1","屏東縣","牡丹鄉","120.880","22.185","72"
"38","60825","20220623022000","32","1","屏東縣","牡丹鄉","120.880","22.190","28"
"75","60827","20220623022000","63","1","屏東縣","牡丹鄉","120.885","22.190","65"
"37","60884","20220623022000","23","3","屏東縣","牡丹鄉","120.850","22.185","29"
"110","60907","20220623022000","54","3","屏東縣","牡丹鄉","120.855","22.200","155"
"20","60936","20220623022000","12","3","屏東縣","牡丹鄉","120.815","22.150","13"
"77","60994","20220623022000","54","2","屏東縣","牡丹鄉","120.835","22.175","75"
"98","61141","20220623022000","58","3","屏東縣","牡丹鄉","120.770","22.125","106"
"249","61160","20220623022000","229","1","屏東縣","牡丹鄉","120.780","22.130","241"
"26","61331","20220623022000","94","0","屏東縣","牡丹鄉","120.840","22.115","15"
"172","61332","20220623022000","171","1","屏東縣","牡丹鄉","120.845","22.115","181"
"100","61441","20220623022000","71","2","臺東縣","大武鄉","120.880","22.325","99"
"23","61469","20220623022000","173","0","臺東縣","大武鄉","120.905","22.360","29"
"13","61471","20220623022000","103","0","臺東縣","大武鄉","120.900","22.365","12"
"311","61472","20220623022000","232","2","臺東縣","大武鄉","120.905","22.365","290"
"278","61501","20220623022000","262","1","臺東縣","大武鄉","120.910","22.380","267"
"57","61562","20220623022000","319","0","臺東縣","大武鄉","120.885","22.340","69"
"236","61604","20220623022000","226","1","臺東縣","蘭嶼鄉","121.525","22.080","211"
"215","61605","20220623022000","159","2","臺東縣","蘭嶼鄉","121.530","22.080","184"
"33","61620","20220623022000","31","1","臺東縣","蘭嶼鄉","121.590","22.005","37"
"204","61703","20220623022000","221","0","臺東縣","蘭嶼鄉","121.510","22.055","194"
"187","61734","20220623022000","233","0","臺東縣","蘭嶼鄉","121.555","22.025","151"
"20","61738","20220623022000","27","0","臺東縣","蘭嶼鄉","121.535","22.030","24"
"47","61830","20220623022000","76","0","臺東縣","達仁鄉","120.885","22.285","94"
"16","61910","20220623022000","53","0","臺東縣","達仁鄉","120.870","22.290","10"
"173","61933","20220623022000","115","3","臺東縣","達仁鄉","120.885","22.295","154"
"49","62017","20220623022000","45","1","臺東縣","達仁鄉","120.855","22.320","45"
"67","62301","20220623022000","50","2","臺東縣","達仁鄉","120.860","22.380","75"
"74","62355","20220623022000","42","3","臺東縣","達仁鄉","120.855","22.390","72"
"45","62479","20220623022000","29","3","臺東縣","達仁鄉","120.855","22.275","40"
"71","62493","20220623022000","32","3","臺東縣","達仁鄉","120.875","22.290","50"
"31","63917","20220623022000","23","2","臺東縣","大武鄉","120.930","22.415","32"
"241","65292","20220623022000","238","1","屏東縣","東港鎮","120.480","22.430","231"
"26","72794","20220623022000","34","0","高雄市","小港區","120.360","22.510","23"
"197","80997","20220623022000","163","2","屏東縣","新埤鄉","120.560","22.475","200"
"219","81026","20220623022000","136","3","屏東縣","新埤鄉","120.540","22.495","211"
"477","81045","20220623022000","403","1","屏東縣","新埤鄉","120.545","22.465","487"
"105","81049","20220623022000","77","2","屏東縣","新埤鄉","120.565","22.465","114"
"18","81063","20220623022000","16","1","屏東縣","新埤鄉","120.610","22.450","25"
"157","81079","20220623022000","124","2","屏東縣","新埤鄉","120.610","22.460","143"
"589","81134","20220623022000","515","1","屏東縣","新埤鄉","120.580","22.505","591"
"279","81174","20220623022000","215","2","屏東縣","新埤鄉","120.615","22.470","293"
"82","81486","20220623022000","58","2","屏東縣","春日鄉","120.630","22.425","91"
"188","81488","20220623022000","87","3","屏東縣","春日鄉","120.640","22.425","181"
"710","81506","20220623022000","404","3","屏東縣","新園鄉","120.435","22.500","709"
"81","81517","20220623022000","54","3","屏東縣","新園鄉","120.440","22.510","84"
"384","81529","20220623022000","478","0","屏東縣","萬巒鄉","120.610","22.590","390"
"885","81547","20220623022000","1309","0","屏東縣","林邊鄉","120.515","22.435","888"
"550","81552","20220623022000","356","3","屏東縣","林邊鄉","120.520","22.430","567"
"23","81557","20220623022000","13","3","屏東縣","林邊鄉","120.490","22.430","20"
"54","81560","20220623022000","34","3","屏東縣","東港鎮","120.495","22.460","51"
"298","81569","20220623022000","273","1","屏東縣","東港鎮","120.455","22.460","307"
"31","81573","20220623022000","25","2","屏東縣","東港鎮","120.465","22.440","33"
"45","81584","20220623022000","45","1","屏東縣","東港鎮","120.455","22.450","57"
"59","81816","20220623022000","56","1","屏東縣","來義鄉","120.680","22.525","61"
"71","81919","20220623022000","52","2","屏東縣","來義鄉","120.640","22.435","76"
"83","82042","20220623022000","69","2","屏東縣","來義鄉","120.635","22.525","76"
"42","82186","20220623022000","37","1","屏東縣","來義鄉","120.665","22.560","39"
"18","82194","20220623022000","352","0","屏東縣","佳冬鄉","120.550","22.415","470"
"922","82204","20220623022000","726","2","屏東縣","佳冬鄉","120.545","22.415","896"
"623","82217","20220623022000","531","1","屏東縣","竹田鄉","120.515","22.575","622"
"275","82239","20220623022000","137","3","屏東縣","東港鎮","120.495","22.455","262"
"48","82241","20220623022000","548","0","屏東縣","東港鎮","120.490","22.455","35"
"537","82243","20220623022000","592","0","屏東縣","東港鎮","120.445","22.465","532"
"212","82245","20220623022000","672","0","屏東縣","東港鎮","120.445","22.460","210"
"892","82256","20220623022000","750","1","屏東縣","東港鎮","120.455","22.470","902"
"65","82257","20220623022000","48","2","屏東縣","東港鎮","120.460","22.470","56"
"1587","82262","20220623022000","724","3","屏東縣","東港鎮","120.460","22.475","1633"
"201","82266","20220623022000","557","0","屏東縣","東港鎮","120.465","22.480","190"
"100","82270","20220623022000","466","0","屏東縣","東港鎮","120.475","22.485","103"
"52","82283","20220623022000","58","0","屏東縣","泰武鄉","120.625","22.590","49"
"112","82284","20220623022000","75","2","屏東縣","泰武鄉","120.635","22.590","115"
"357","82290","20220623022000","309","1","屏東縣","林邊鄉","120.520","22.435","341"
"350","82303","20220623022000","337","1","屏東縣","新園鄉","120.460","22.540","332"
"850","82306","20220623022000","715","1","屏東縣","新園鄉","120.460","22.545","848"
"70","82311","20220623022000","411","0","屏東縣","東港鎮","120.450","22.470","64"
"19","82316","20220623022000","11","3","屏東縣","竹田鄉","120.540","22.570","18"
"519","82324","20220623022000","528","0","屏東縣","竹田鄉","120.540","22.585","521"
"99","82325","20220623022000","92","1","屏東縣","竹田鄉","120.545","22.585","91"
"904","82333","20220623022000","710","2","屏東縣","新園鄉","120.455","22.525","924"
"346","82340","20220623022000","231","2","屏東縣","新園鄉","120.465","22.530","348"
"314","82347","20220623022000","244","2","屏東縣","新園鄉","120.440","22.475","292"
"281","82362","20220623022000","253","1","屏東縣","萬丹鄉","120.460","22.590","281"
"40","82367","20220623022000","48","0","屏東縣","萬丹鄉","120.465","22.595","42"
"343","82441","20220623022000","214","3","屏東縣","泰武鄉","120.650","22.570","322"
"15","82445","20220623022000","174","0","屏東縣","泰武鄉","120.635","22.580","12"
"71","82467","20220623022000","68","1","屏東縣","泰武鄉","120.660","22.570","67"
"39","82513","20220623022000","20","3","屏東縣","泰武鄉","120.665","22.585","43"
"13","82564","20220623022000","34","0","屏東縣","萬丹鄉","120.485","22.570","11"
"40","82568","20220623022000","30","2","屏東縣","萬丹鄉","120.490","22.575","31"
"342","82569","20220623022000","274","2","屏東縣","新園鄉","120.450","22.475","328"
"256","82576","20220623022000","210","2","屏東縣","新園鄉","120.445","22.515","261"
"152","82591","20220623022000","106","2","屏東縣","新園鄉","120.450","22.525","150"
"35","82614","20220623022000","326","0","屏東縣","佳冬鄉","120.515","22.415","32"
"20","82630","20220623022000","353","0","屏東縣","佳冬鄉","120.560","22.430","14"
"159","82634","20220623022000","469","0","屏東縣","佳冬鄉","120.560","22.435","150"
"84","82638","20220623022000","56","3","屏東縣","佳冬鄉","120.535","22.425","78"
"251","82649","20220623022000","568","0","屏東縣","佳冬鄉","120.555","22.420","239"
"243","82700","20220623022000","178","2","屏東縣","來義鄉","120.635","22.515","251"
"77","82715","20220623022000","42","3","屏東縣","來義鄉","120.660","22.525","85"
"14","82722","20220623022000","96","0","屏東縣","南州鄉","120.490","22.485","19"
"218","82723","20220623022000","169","2","屏東縣","南州鄉","120.495","22.485","207"
"90","82736","20220623022000","209","0","屏東縣","南州鄉","120.530","22.465","303"
"16","82738","20220623022000","14","1","屏東縣","南州鄉","120.525","22.470","15"
"272","82740","20220623022000","175","3","屏東縣","南州鄉","120.535","22.470","221"
"673","82742","20220623022000","705","0","屏東縣","南州鄉","120.520","22.475","651"
"124","82751","20220623022000","105","1","屏東縣","南州鄉","120.540","22.485","120"
"43","82754","20220623022000","28","3","屏東縣","南州鄉","120.535","22.490","36"
"32","82763","20220623022000","24","2","屏東縣","崁頂鄉","120.520","22.495","27"
"115","82767","20220623022000","67","3","屏東縣","內埔鄉","120.560","22.585","112"
"23","82779","20220623022000","182","0","屏東縣","萬丹鄉","120.495","22.550","27"
"565","82796","20220623022000","431","2","屏東縣","新園鄉","120.460","22.505","592"
"89","82807","20220623022000","303","0","屏東縣","崁頂鄉","120.505","22.540","90"
"319","82809","20220623022000","294","1","屏東縣","崁頂鄉","120.515","22.540","324"
"32","82821","20220623022000","278","0","屏東縣","崁頂鄉","120.490","22.510","327"
"122","82835","20220623022000","75","3","屏東縣","崁頂鄉","120.520","22.530","102"
"555","82839","20220623022000","656","0","屏東縣","南州鄉","120.510","22.495","985"
"37","82881","20220623022000","142","0","屏東縣","佳冬鄉","120.560","22.445","46"
"133","82883","20220623022000","87","3","屏東縣","佳冬鄉","120.560","22.450","138"
"236","82893","20220623022000","251","0","屏東縣","萬丹鄉","120.495","22.545","234"
"67","82901","20220623022000","41","3","屏東縣","崁頂鄉","120.510","22.510","50"
"412","82906","20220623022000","421","0","屏東縣","崁頂鄉","120.515","22.515","434"
"35","82941","20220623022000","28","2","屏東縣","崁頂鄉","120.490","22.500","32"
"14","82951","20220623022000","29","0","屏東縣","內埔鄉","120.570","22.590","12"
"611","82954","20220623022000","466","2","屏東縣","新園鄉","120.460","22.495","578"
"160","82963","20220623022000","137","1","屏東縣","新園鄉","120.475","22.550","155"
"556","82970","20220623022000","531","1","屏東縣","新園鄉","120.455","22.545","546"
"78","82987","20220623022000","477","0","屏東縣","新園鄉","120.460","22.490","89"
"85","82992","20220623022000","396","0","屏東縣","新園鄉","120.445","22.500","72"
"17","82996","20220623022000","16","1","屏東縣","新園鄉","120.445","22.475","12"
"460","82997","20220623022000","262","3","屏東縣","新園鄉","120.440","22.480","472"
"211","82998","20220623022000","189","1","屏東縣","新園鄉","120.445","22.480","212"
"92","83002","20220623022000","52","3","屏東縣","新園鄉","120.440","22.485","102"
"133","83015","20220623022000","137","0","屏東縣","新埤鄉","120.550","22.505","158"
"454","83024","20220623022000","381","1","屏東縣","潮州鎮","120.530","22.545","440"
"1817","83025","20220623022000","1186","3","屏東縣","潮州鎮","120.535","22.545","1830"
"10","83041","20220623022000","10","1","屏東縣","潮州鎮","120.590","22.540","10"
"156","83047","20220623022000","143","1","屏東縣","潮州鎮","120.555","22.550","142"
"356","83049","20220623022000","245","2","屏東縣","潮州鎮","120.565","22.550","350"
"481","83055","20220623022000","398","2","屏東縣","萬丹鄉","120.470","22.560","494"
"41","83064","20220623022000","208","0","屏東縣","萬巒鄉","120.600","22.590","40"
"187","83080","20220623022000","393","0","屏東縣","東港鎮","120.450","22.465","167"
"394","83093","20220623022000","246","3","屏東縣","萬巒鄉","120.595","22.565","382"
"82","83095","20220623022000","323","0","屏東縣","萬巒鄉","120.605","22.565","70"
"150","83096","20220623022000","103","2","屏東縣","萬巒鄉","120.600","22.570","163"
"232","83142","20220623022000","154","3","屏東縣","新埤鄉","120.625","22.525","229"
"36","83161","20220623022000","415","0","屏東縣","萬巒鄉","120.620","22.545","41"
"441","83162","20220623022000","445","0","屏東縣","泰武鄉","120.625","22.545","445"
"165","83177","20220623022000","135","2","屏東縣","萬巒鄉","120.580","22.590","160"
"710","83201","20220623022000","531","2","屏東縣","萬巒鄉","120.570","22.570","689"
"325","83206","20220623022000","331","0","屏東縣","萬巒鄉","120.565","22.575","327"
"176","83210","20220623022000","136","2","屏東縣","內埔鄉","120.565","22.580","190"
"20","83216","20220623022000","15","2","屏東縣","萬丹鄉","120.485","22.555","17"
"19","83222","20220623022000","117","0","屏東縣","東港鎮","120.470","22.485","16"
"30","83231","20220623022000","31","0","屏東縣","東港鎮","120.460","22.460","28"
"896","83232","20220623022000","679","2","屏東縣","東港鎮","120.465","22.460","914"
"696","83234","20220623022000","739","0","屏東縣","東港鎮","120.455","22.465","675"
"149","83235","20220623022000","89","3","屏東縣","東港鎮","120.460","22.465","151"
"178","83236","20220623022000","934","0","屏東縣","東港鎮","120.465","22.465","162"
"22","83237","20220623022000","11","3","屏東縣","東港鎮","120.470","22.465","21"
"574","83241","20220623022000","599","0","屏東縣","東港鎮","120.440","22.460","582"
"669","83257","20220623022000","748","0","屏東縣","竹田鄉","120.525","22.575","712"
"183","83258","20220623022000","115","3","屏東縣","潮州鎮","120.530","22.525","201"
"222","83261","20220623022000","209","1","屏東縣","潮州鎮","120.540","22.525","227"
"202","83267","20220623022000","121","3","屏東縣","潮州鎮","120.535","22.535","202"
"351","83269","20220623022000","258","2","屏東縣","潮州鎮","120.535","22.540","346"
"83","83271","20220623022000","82","1","屏東縣","枋寮鄉","120.580","22.410","86"
"83","83278","20220623022000","64","2","屏東縣","枋寮鄉","120.580","22.415","76"
"34","83323","20220623022000","75","0","屏東縣","枋寮鄉","120.620","22.425","32"
"35","83342","20220623022000","39","0","屏東縣","枋寮鄉","120.595","22.435","32"
"341","83378","20220623022000","241","2","屏東縣","萬丹鄉","120.460","22.575","322"
"40","83380","20220623022000","43","0","屏東縣","萬丹鄉","120.470","22.575","42"
"21","83382","20220623022000","17","2","屏東縣","竹田鄉","120.530","22.595","23"
"313","83383","20220623022000","298","1","屏東縣","竹田鄉","120.535","22.595","307"
"19","83404","20220623022000","14","2","屏東縣","林邊鄉","120.505","22.435","19"
"68","83414","20220623022000","43","3","屏東縣","林邊鄉","120.525","22.455","63"
"147","83430","20220623022000","144","1","屏東縣","萬丹鄉","120.485","22.580","136"
"467","83431","20220623022000","433","1","屏東縣","萬丹鄉","120.490","22.580","449"
"79","83433","20220623022000","71","1","屏東縣","萬丹鄉","120.480","22.565","76"
"702","83435","20220623022000","783","0","屏東縣","竹田鄉","120.490","22.565","891"
"114","83437","20220623022000","89","2","屏東縣","萬丹鄉","120.480","22.570","106"
"52","83438","20220623022000","37","2","屏東縣","萬丹鄉","120.490","22.550","45"
"49","83439","20220623022000","54","0","屏東縣","萬丹鄉","120.490","22.555","53"
"836","83442","20220623022000","782","1","屏東縣","潮州鎮","120.545","22.545","861"
"432","83443","20220623022000","317","2","屏東縣","潮州鎮","120.550","22.545","425"
"1066","83448","20220623022000","815","2","屏東縣","潮州鎮","120.550","22.555","1076"
"526","83455","20220623022000","450","1","屏東縣","潮州鎮","120.560","22.515","331"
"132","83457","20220623022000","135","0","屏東縣","潮州鎮","120.570","22.515","189"
"663","83473","20220623022000","586","1","屏東縣","潮州鎮","120.530","22.560","666"
"334","83483","20220623022000","360","0","屏東縣","萬丹鄉","120.465","22.565","355"
"1407","83504","20220623022000","1178","1","屏東縣","潮州鎮","120.540","22.555","1435"
"18","83508","20220623022000","132","0","屏東縣","潮州鎮","120.550","22.560","20"
"411","83516","20220623022000","319","2","屏東縣","潮州鎮","120.540","22.545","405"
"19","83518","20220623022000","17","1","屏東縣","潮州鎮","120.545","22.550","21"
"571","83525","20220623022000","525","1","屏東縣","潮州鎮","120.530","22.540","582"
"166","83540","20220623022000","111","2","屏東縣","潮州鎮","120.580","22.555","150"
"1179","83567","20220623022000","792","2","屏東縣","萬丹鄉","120.490","22.590","1106"
"16","83574","20220623022000","11","2","屏東縣","潮州鎮","120.550","22.535","15"
"357","83576","20220623022000","242","2","屏東縣","潮州鎮","120.550","22.540","357"
"609","83577","20220623022000","423","2","屏東縣","潮州鎮","120.535","22.550","581"
"56","83578","20220623022000","658","0","屏東縣","潮州鎮","120.535","22.555","67"
"90","83582","20220623022000","61","2","屏東縣","萬丹鄉","120.500","22.595","68"
"511","83585","20220623022000","470","1","屏東縣","萬丹鄉","120.485","22.585","506"
"214","83586","20220623022000","409","0","屏東縣","萬丹鄉","120.490","22.585","173"
"391","83599","20220623022000","318","2","屏東縣","南州鄉","120.505","22.490","374"
"755","83623","20220623022000","436","3","屏東縣","南州鄉","120.510","22.490","739"
"184","83624","20220623022000","141","2","屏東縣","潮州鎮","120.530","22.510","178"
"182","83625","20220623022000","148","2","屏東縣","潮州鎮","120.535","22.510","163"
"453","83646","20220623022000","315","2","屏東縣","潮州鎮","120.530","22.550","448"
"1113","83648","20220623022000","916","2","高雄市","鳳山區","120.325","22.595","1112"
"445","83650","20220623022000","466","0","高雄市","前鎮區","120.320","22.595","459"
"1220","83651","20220623022000","1449","0","高雄市","小港區","120.360","22.565","1204"
"184","83652","20220623022000","107","3","高雄市","小港區(海)","120.335","22.550","170"
"280","83653","20220623022000","241","1","高雄市","小港區","120.335","22.555","292"
"318","83655","20220623022000","309","1","高雄市","小港區","120.340","22.560","324"
"41","83657","20220623022000","58","0","高雄市","小港區","120.370","22.530","61"
"103","83658","20220623022000","129","0","高雄市","小港區","120.365","22.535","103"
"17","83660","20220623022000","128","0","高雄市","小港區","120.370","22.540","12"
"35","83661","20220623022000","23","3","高雄市","小港區","120.375","22.540","37"
"303","83662","20220623022000","152","3","高雄市","小港區","120.370","22.545","299"
"42","83666","20220623022000","45","0","高雄市","小港區","120.375","22.545","42"
"14","83669","20220623022000","143","0","高雄市","小港區","120.375","22.550","13"
"242","83670","20220623022000","69","3","高雄市","小港區","120.370","22.555","248"
"57","83671","20220623022000","754","0","高雄市","小港區","120.365","22.560","57"
"694","83673","20220623022000","722","0","高雄市","小港區","120.375","22.560","666"
"569","83674","20220623022000","1192","0","高雄市","小港區","120.365","22.565","553"
"361","83675","20220623022000","403","0","高雄市","小港區","120.370","22.565","365"
"820","83677","20220623022000","1794","0","高雄市","小港區","120.355","22.570","850"
"690","83684","20220623022000","654","1","高雄市","大寮區","120.380","22.590","724"
"48","83692","20220623022000","560","0","高雄市","大寮區","120.385","22.590","35"
"587","83694","20220623022000","397","2","高雄市","大寮區","120.395","22.590","585"
"86","83701","20220623022000","100","0","高雄市","大寮區","120.420","22.585","85"
"19","83702","20220623022000","320","0","高雄市","大寮區","120.410","22.590","26"
"188","83703","20220623022000","145","2","高雄市","大寮區","120.415","22.590","177"
"924","83704","20220623022000","943","0","高雄市","大寮區","120.420","22.590","877"
"516","83705","20220623022000","469","1","高雄市","大寮區","120.410","22.595","510"
"449","83706","20220623022000","282","3","高雄市","大寮區","120.415","22.595","418"
"16","83712","20220623022000","53","0","高雄市","前鎮區","120.310","22.580","12"
"54","83713","20220623022000","677","0","高雄市","小港區","120.345","22.565","46"
"17","83764","20220623022000","12","2","臺東縣","大武鄉","120.935","22.435","14"
"69","83802","20220623022000","61","1","臺東縣","大武鄉","120.925","22.415","68"
"21","83805","20220623022000","556","0","高雄市","小港區","120.345","22.525","25"
"136","83815","20220623022000","114","1","高雄市","林園區","120.405","22.495","122"
"45","83819","20220623022000","55","0","高雄市","林園區","120.400","22.500","45"
"28","83820","20220623022000","168","0","高雄市","林園區","120.410","22.495","13"
"347","83822","20220623022000","320","1","高雄市","林園區","120.390","22.505","328"
"56","83828","20220623022000","45","2","高雄市","林園區","120.415","22.485","66"
"369","83831","20220623022000","480","0","高雄市","前鎮區","120.315","22.580","337"
"1552","83836","20220623022000","1230","2","高雄市","大寮區","120.405","22.545","1569"
"26","83838","20220623022000","169","0","高雄市","前鎮區","120.300","22.590","19"
"26","83839","20220623022000","204","0","高雄市","前鎮區","120.300","22.585","23"
"149","83840","20220623022000","103","2","高雄市","前鎮區","120.295","22.590","164"
"75","83842","20220623022000","320","0","高雄市","前鎮區","120.305","22.590","82"
"125","83843","20220623022000","92","2","高雄市","前鎮區","120.290","22.595","137"
"182","83844","20220623022000","138","2","高雄市","前鎮區","120.295","22.595","185"
"249","83845","20220623022000","261","0","高雄市","前鎮區","120.310","22.585","235"
"196","83862","20220623022000","161","2","臺東縣","達仁鄉","120.905","22.475","200"
"183","84086","20220623022000","137","2","臺東縣","達仁鄉","120.885","22.455","187"
"323","84511","20220623022000","278","1","臺東縣","金峰鄉","120.960","22.595","322"
"226","85294","20220623022000","178","2","臺東縣","太麻里鄉","120.960","22.530","230"
"497","85296","20220623022000","420","1","高雄市","林園區","120.410","22.480","475"
"13","85297","20220623022000","14","0","高雄市","林園區","120.395","22.490","12"
"415","85301","20220623022000","339","2","高雄市","林園區","120.360","22.505","414"
"483","85302","20220623022000","356","2","高雄市","林園區","120.365","22.505","503"
"379","85305","20220623022000","1049","0","高雄市","小港區","120.335","22.560","364"
"425","85307","20220623022000","359","1","高雄市","鳳山區","120.345","22.585","404"
"575","85308","20220623022000","472","2","高雄市","鳳山區","120.355","22.590","586"
"602","85309","20220623022000","546","1","高雄市","鳳山區","120.360","22.590","563"
"74","85310","20220623022000","419","0","高雄市","鳳山區","120.365","22.590","88"
"1807","85311","20220623022000","1452","2","高雄市","鳳山區","120.355","22.595","1833"
"516","85315","20220623022000","365","2","高雄市","鳳山區","120.360","22.595","606"
"369","85322","20220623022000","517","0","高雄市","小港區","120.350","22.560","354"
"795","85323","20220623022000","718","1","高雄市","小港區","120.355","22.560","802"
"1858","85325","20220623022000","1703","1","高雄市","鳳山區","120.360","22.585","1815"
"88","85327","20220623022000","500","0","高雄市","小港區","120.370","22.570","80"
"110","85328","20220623022000","121","0","高雄市","小港區","120.355","22.565","114"
"430","85329","20220623022000","325","2","高雄市","小港區","120.375","22.570","423"
"28","85331","20220623022000","232","0","高雄市","小港區","120.370","22.575","35"
"816","85332","20220623022000","783","1","高雄市","小港區","120.375","22.575","834"
"69","85337","20220623022000","93","0","高雄市","小港區","120.355","22.540","74"
"75","85340","20220623022000","87","0","高雄市","小港區","120.350","22.540","68"
"251","85343","20220623022000","176","2","高雄市","小港區","120.360","22.540","245"
"54","85345","20220623022000","46","1","高雄市","小港區","120.340","22.545","67"
"199","85347","20220623022000","205","0","高雄市","小港區","120.350","22.545","229"
"41","85353","20220623022000","41","1","高雄市","小港區","120.350","22.550","44"
"95","85354","20220623022000","77","2","高雄市","小港區","120.355","22.550","80"
"174","85355","20220623022000","162","1","高雄市","小港區","120.360","22.550","191"
"31","85356","20220623022000","77","0","高雄市","小港區","120.345","22.555","33"
"264","85359","20220623022000","238","1","高雄市","小港區","120.355","22.555","244"
"293","85360","20220623022000","221","2","高雄市","小港區","120.345","22.560","294"
"101","85367","20220623022000","103","0","高雄市","小港區","120.345","22.530","105"
"44","85368","20220623022000","34","2","高雄市","小港區","120.350","22.530","35"
"152","85370","20220623022000","146","1","高雄市","小港區","120.355","22.530","143"
"269","85371","20220623022000","252","1","高雄市","小港區","120.360","22.530","256"
"131","85372","20220623022000","184","0","高雄市","小港區","120.335","22.535","143"
"105","85374","20220623022000","88","1","高雄市","小港區","120.345","22.535","115"
"100","85377","20220623022000","84","1","高雄市","小港區(海)","120.330","22.540","146"
"66","85382","20220623022000","117","0","高雄市","小港區","120.320","22.545","233"
"922","85384","20220623022000","881","1","高雄市","前鎮區","120.325","22.570","949"
"1012","85385","20220623022000","985","1","高雄市","前鎮區","120.325","22.575","942"
"513","85386","20220623022000","1304","0","高雄市","前鎮區","120.315","22.590","515"
"309","85387","20220623022000","316","0","高雄市","前鎮區","120.305","22.595","319"
"643","85389","20220623022000","671","0","高雄市","前鎮區","120.310","22.595","653"
"495","85391","20220623022000","308","3","高雄市","前鎮區","120.315","22.575","426"
"254","85392","20220623022000","200","2","高雄市","前鎮區","120.320","22.575","253"
"886","85393","20220623022000","1544","0","高雄市","前鎮區","120.325","22.580","854"
"656","85396","20220623022000","601","1","高雄市","前鎮區","120.330","22.585","652"
"492","85398","20220623022000","554","0","高雄市","鳳山區","120.340","22.585","483"
"177","85400","20220623022000","136","2","臺東縣","太麻里鄉","120.940","22.460","172"
"14","85417","20220623022000","11","2","臺東縣","太麻里鄉","120.950","22.480","11"
"57","85451","20220623022000","54","1","臺東縣","太麻里鄉","120.955","22.510","54"
"164","85475","20220623022000","118","2","臺東縣","太麻里鄉","120.935","22.520","162"
"382","85487","20220623022000","291","2","高雄市","鳳山區","120.325","22.585","391"
"920","85489","20220623022000","511","3","高雄市","鳳山區","120.350","22.590","938"
"1371","85490","20220623022000","1161","1","高雄市","鳳山區","120.345","22.595","1353"
"613","85491","20220623022000","843","0","高雄市","鳳山區","120.330","22.590","648"
"2589","85492","20220623022000","1922","2","高雄市","鳳山區","120.325","22.590","2416"
"1148","85493","20220623022000","903","2","高雄市","前鎮區","120.320","22.585","1185"
"565","85496","20220623022000","482","1","高雄市","前鎮區","120.330","22.580","635"
"447","85517","20220623022000","417","1","高雄市","大寮區","120.410","22.560","482"
"277","85519","20220623022000","216","2","高雄市","大寮區","120.420","22.560","258"
"357","85533","20220623022000","313","1","高雄市","大寮區","120.405","22.580","365"
"1313","85535","20220623022000","1198","1","高雄市","鳳山區","120.335","22.595","1304"
"139","85536","20220623022000","428","0","高雄市","小港區","120.360","22.570","135"
"676","85537","20220623022000","669","1","高雄市","林園區","120.385","22.490","700"
"541","85543","20220623022000","468","1","高雄市","鳳山區","120.330","22.595","566"
"246","85544","20220623022000","250","0","高雄市","小港區","120.355","22.515","235"
"98","85546","20220623022000","94","1","高雄市","小港區","120.360","22.525","92"
"374","85559","20220623022000","378","0","臺東縣","太麻里鄉","120.965","22.530","385"
"22","85590","20220623022000","16","2","臺東縣","太麻里鄉","120.965","22.545","25"
"18","85591","20220623022000","13","2","臺東縣","太麻里鄉","120.970","22.545","10"
"247","85656","20220623022000","96","3","臺東縣","太麻里鄉","120.990","22.575","267"
"29","85660","20220623022000","79","0","臺東縣","太麻里鄉","120.990","22.580","31"
"799","85678","20220623022000","671","1","高雄市","鳳山區","120.350","22.595","771"
"331","85680","20220623022000","329","1","高雄市","鳳山區","120.340","22.595","288"
"581","85681","20220623022000","458","2","高雄市","林園區","120.375","22.500","562"
"1211","85683","20220623022000","1094","1","高雄市","林園區","120.385","22.500","1269"
"124","85684","20220623022000","444","0","高雄市","林園區","120.395","22.485","121"
"248","85685","20220623022000","255","0","高雄市","林園區","120.375","22.505","257"
"311","85689","20220623022000","1110","0","高雄市","前鎮區","120.310","22.590","329"
"687","85700","20220623022000","694","0","高雄市","小港區","120.340","22.565","701"
"309","85708","20220623022000","302","1","高雄市","小港區","120.380","22.545","319"
"73","85713","20220623022000","114","0","高雄市","小港區","120.390","22.545","69"
"470","85719","20220623022000","453","1","高雄市","小港區","120.385","22.555","435"
"515","85721","20220623022000","538","0","高雄市","小港區","120.390","22.560","544"
"169","85723","20220623022000","229","0","高雄市","小港區","120.380","22.555","182"
"379","85724","20220623022000","280","2","高雄市","小港區","120.380","22.560","348"
"176","85725","20220623022000","100","3","高雄市","小港區","120.385","22.560","182"
"135","85726","20220623022000","155","0","高雄市","小港區","120.380","22.565","133"
"195","85727","20220623022000","104","3","高雄市","小港區","120.385","22.565","169"
"517","85728","20220623022000","351","2","高雄市","大寮區","120.400","22.590","517"
"14","85729","20220623022000","53","0","高雄市","大寮區","120.390","22.595","21"
"45","85731","20220623022000","32","2","高雄市","大寮區","120.415","22.535","44"
"99","85751","20220623022000","82","2","高雄市","大寮區","120.425","22.555","106"
"223","85754","20220623022000","159","2","高雄市","大寮區","120.425","22.560","232"
"1129","85755","20220623022000","821","2","高雄市","前鎮區","120.315","22.585","1159"
"293","85756","20220623022000","218","2","高雄市","前鎮區","120.305","22.585","277"
"137","85758","20220623022000","301","0","高雄市","小港區","120.345","22.570","149"
"601","85759","20220623022000","1342","0","高雄市","小港區","120.350","22.570","585"
"299","85764","20220623022000","334","0","高雄市","小港區","120.350","22.575","306"
"344","85768","20220623022000","324","1","高雄市","小港區","120.350","22.580","339"
"638","85770","20220623022000","1047","0","高雄市","鳳山區","120.350","22.585","642"
"2252","85771","20220623022000","2328","0","高雄市","鳳山區","120.355","22.585","2249"
"1523","85772","20220623022000","1575","0","高雄市","小港區","120.350","22.565","1564"
"16","85776","20220623022000","25","0","高雄市","小港區","120.325","22.565","16"
"833","85777","20220623022000","696","1","高雄市","小港區","120.330","22.565","869"
"620","85778","20220623022000","497","2","高雄市","前鎮區","120.330","22.570","614"
"1094","85779","20220623022000","951","1","高雄市","小港區","120.335","22.570","1102"
"312","85780","20220623022000","224","2","高雄市","小港區","120.335","22.565","334"
"671","85790","20220623022000","580","1","高雄市","鳳山區","120.340","22.590","687"
"422","85791","20220623022000","344","2","高雄市","鳳山區","120.345","22.590","399"
"1500","85793","20220623022000","1265","1","高雄市","鳳山區","120.335","22.590","1504"
"563","85794","20220623022000","332","3","高雄市","前鎮區","120.335","22.585","522"
"127","85806","20220623022000","122","1","高雄市","小港區(海)","120.330","22.550","138"
"152","85816","20220623022000","101","3","高雄市","小港區(海)","120.315","22.550","220"
"93","85817","20220623022000","87","1","高雄市","旗津區","120.310","22.555","89"
"44","85821","20220623022000","50","0","高雄市","旗津區(海)","120.300","22.575","39"
"125","85826","20220623022000","243","0","高雄市","旗津區(海)","120.295","22.580","132"
"237","85827","20220623022000","134","3","高雄市","旗津區","120.290","22.585","217"
"33","85829","20220623022000","87","0","高雄市","大寮區","120.430","22.560","29"
"30","85834","20220623022000","71","0","高雄市","大寮區","120.430","22.565","27"
"186","85835","20220623022000","143","2","高雄市","大寮區","120.435","22.565","191"
"120","85837","20220623022000","90","2","高雄市","大寮區","120.420","22.570","118"
"424","85839","20220623022000","385","1","高雄市","大寮區","120.430","22.570","416"
"22","85845","20220623022000","19","1","高雄市","大寮區","120.435","22.580","19"
"64","85858","20220623022000","65","0","高雄市","大寮區","120.410","22.575","62"
"298","85859","20220623022000","243","2","高雄市","大寮區","120.415","22.575","299"
"199","85864","20220623022000","205","0","高雄市","大寮區","120.420","22.580","210"
"242","85865","20220623022000","213","1","高雄市","大寮區","120.425","22.580","248"
"27","85866","20220623022000","236","0","高雄市","大寮區","120.430","22.580","27"
"49","85867","20220623022000","62","0","高雄市","大寮區","120.425","22.585","62"
"34","85869","20220623022000","28","2","高雄市","大寮區","120.435","22.585","25"
"20","85872","20220623022000","130","0","高雄市","大寮區","120.425","22.590","16"
"113","85873","20220623022000","129","0","高雄市","大寮區","120.430","22.590","120"
"25","85880","20220623022000","365","0","高雄市","大寮區","120.400","22.595","29"
"596","85881","20220623022000","511","1","高雄市","大寮區","120.405","22.595","607"
"298","85887","20220623022000","315","0","高雄市","前鎮區","120.320","22.570","282"
"120","85888","20220623022000","94","2","高雄市","前鎮區(海)","120.305","22.575","78"
"618","85894","20220623022000","495","2","高雄市","小港區","120.365","22.585","585"
"939","85896","20220623022000","755","2","高雄市","前鎮區","120.320","22.590","944"
"308","85897","20220623022000","317","0","高雄市","林園區","120.395","22.505","309"
"1513","85898","20220623022000","1072","2","高雄市","林園區","120.395","22.510","1491"
"247","85910","20220623022000","203","2","高雄市","林園區","120.405","22.500","239"
"70","85911","20220623022000","82","0","高雄市","林園區","120.410","22.500","80"
"350","85915","20220623022000","344","1","高雄市","林園區","120.405","22.505","348"
"47","85916","20220623022000","38","2","高雄市","林園區","120.410","22.505","52"
"221","85920","20220623022000","201","1","高雄市","林園區","120.405","22.510","219"
"448","85929","20220623022000","305","2","高雄市","林園區","120.405","22.520","430"
"250","85936","20220623022000","230","1","高雄市","林園區","120.390","22.525","210"
"142","85937","20220623022000","212","0","高雄市","林園區","120.395","22.525","149"
"18","85945","20220623022000","119","0","高雄市","前鎮區","120.300","22.595","22"
"1132","85946","20220623022000","726","3","高雄市","前鎮區","120.325","22.600","1162"
"162","85948","20220623022000","470","0","高雄市","林園區","120.390","22.510","128"
"15","85949","20220623022000","15","1","高雄市","林園區","120.390","22.515","13"
"210","85950","20220623022000","189","1","高雄市","林園區","120.400","22.480","213"
"114","85953","20220623022000","56","3","高雄市","旗津區","120.310","22.560","104"
"79","85954","20220623022000","46","3","高雄市","旗津區","120.305","22.565","85"
"365","85955","20220623022000","330","1","高雄市","旗津區","120.300","22.570","348"
"71","85960","20220623022000","327","0","高雄市","林園區","120.395","22.530","63"
"238","85961","20220623022000","239","0","高雄市","林園區","120.400","22.530","221"
"20","85963","20220623022000","22","0","高雄市","林園區","120.385","22.505","23"
"64","85971","20220623022000","339","0","高雄市","旗津區","120.280","22.595","71"
"196","85972","20220623022000","133","2","高雄市","旗津區","120.285","22.585","196"
"156","85975","20220623022000","128","2","高雄市","旗津區","120.285","22.590","195"
"581","85978","20220623022000","423","2","高雄市","林園區","120.390","22.500","542"
"112","85982","20220623022000","829","0","高雄市","林園區","120.380","22.500","75"
"117","85983","20220623022000","672","0","高雄市","林園區","120.395","22.500","76"
"182","85988","20220623022000","168","1","高雄市","林園區","120.395","22.535","169"
"373","85989","20220623022000","242","3","高雄市","林園區","120.400","22.535","362"
"38","88407","20220623022000","101","0","高雄市","鼓山區","120.260","22.625","38"
"24","90458","20220623022000","10","3","臺東縣","綠島鄉","121.470","22.645","20"
"257","93129","20220623022000","115","3","臺東縣","綠島鄉","121.485","22.680","194"
"386","94971","20220623022000","236","3","高雄市","左營區","120.275","22.700","341"
"33","97490","20220623022000","491","0","屏東縣","屏東市","120.480","22.650","28"
"382","97491","20220623022000","331","1","屏東縣","屏東市","120.485","22.650","367"
"367","97497","20220623022000","471","0","屏東縣","屏東市","120.485","22.645","344"
"19","97500","20220623022000","16","1","屏東縣","屏東市","120.500","22.660","22"
"318","97501","20220623022000","312","1","屏東縣","屏東市","120.500","22.665","326"
"37","97502","20220623022000","299","0","屏東縣","九如鄉","120.490","22.730","32"
"1001","97503","20220623022000","889","1","屏東縣","九如鄉","120.490","22.735","1017"
"313","97504","20220623022000","192","3","屏東縣","九如鄉","120.490","22.710","293"
"25","97506","20220623022000","28","0","屏東縣","九如鄉","120.490","22.715","20"
"532","97516","20220623022000","377","2","屏東縣","九如鄉","120.500","22.735","526"
"97","97518","20220623022000","91","1","屏東縣","九如鄉","120.505","22.735","101"
"485","97519","20220623022000","418","1","屏東縣","屏東市","120.475","22.655","470"
"323","97520","20220623022000","199","3","屏東縣","屏東市","120.480","22.655","330"
"13","97527","20220623022000","10","2","屏東縣","屏東市","120.450","22.635","11"
"25","97528","20220623022000","30","0","屏東縣","屏東市","120.455","22.635","23"
"13","97529","20220623022000","16","0","屏東縣","屏東市","120.460","22.635","14"
"11","97534","20220623022000","11","1","屏東縣","屏東市","120.455","22.640","11"
"51","97542","20220623022000","41","2","屏東縣","屏東市","120.495","22.625","53"
"549","97544","20220623022000","471","1","屏東縣","屏東市","120.505","22.625","594"
"1967","97550","20220623022000","1788","1","屏東縣","長治鄉","120.510","22.680","1968"
"11","97551","20220623022000","19","0","屏東縣","屏東市","120.475","22.665","10"
"645","97552","20220623022000","465","2","屏東縣","屏東市","120.485","22.670","697"
"81","97565","20220623022000","68","1","屏東縣","內埔鄉","120.570","22.650","76"
"16","97566","20220623022000","131","0","屏東縣","內埔鄉","120.575","22.650","20"
"16","97567","20220623022000","26","0","屏東縣","內埔鄉","120.560","22.655","15"
"509","97588","20220623022000","303","3","屏東縣","屏東市","120.505","22.690","500"
"1340","97589","20220623022000","1541","0","屏東縣","屏東市","120.495","22.685","1380"
"17","97597","20220623022000","266","0","屏東縣","屏東市","120.510","22.700","14"
"49","97598","20220623022000","61","0","屏東縣","屏東市","120.495","22.705","58"
"186","97600","20220623022000","81","3","屏東縣","屏東市","120.505","22.705","207"
"1167","97606","20220623022000","1047","1","屏東縣","屏東市","120.475","22.660","1154"
"184","97607","20220623022000","369","0","屏東縣","屏東市","120.480","22.660","180"
"2363","97613","20220623022000","1669","2","屏東縣","屏東市","120.475","22.690","2392"
"84","97614","20220623022000","178","0","屏東縣","屏東市","120.470","22.690","90"
"31","97625","20220623022000","31","1","屏東縣","屏東市","120.485","22.700","26"
"320","97627","20220623022000","214","2","屏東縣","屏東市","120.480","22.670","302"
"303","97628","20220623022000","286","1","屏東縣","屏東市","120.495","22.670","280"
"349","97638","20220623022000","321","1","屏東縣","竹田鄉","120.525","22.605","336"
"787","97642","20220623022000","682","1","屏東縣","屏東市","120.495","22.665","746"
"512","97643","20220623022000","528","0","屏東縣","屏東市","120.480","22.640","501"
"475","97654","20220623022000","339","2","屏東縣","鹽埔鄉","120.605","22.725","485"
"15","97655","20220623022000","15","1","屏東縣","屏東市","120.500","22.650","14"
"47","97656","20220623022000","37","2","屏東縣","屏東市","120.505","22.650","47"
"535","97657","20220623022000","365","2","屏東縣","屏東市","120.480","22.675","559"
"1462","97658","20220623022000","1063","2","屏東縣","屏東市","120.490","22.655","1409"
"502","97660","20220623022000","336","2","屏東縣","屏東市","120.490","22.660","541"
"74","97661","20220623022000","70","1","屏東縣","屏東市","120.495","22.660","76"
"154","97663","20220623022000","72","3","屏東縣","屏東市","120.460","22.665","169"
"35","97701","20220623022000","547","0","屏東縣","鹽埔鄉","120.540","22.730","37"
"44","97715","20220623022000","362","0","屏東縣","鹽埔鄉","120.555","22.735","40"
"160","97722","20220623022000","115","2","屏東縣","鹽埔鄉","120.520","22.735","152"
"17","97743","20220623022000","17","1","屏東縣","長治鄉","120.525","22.690","17"
"79","97744","20220623022000","317","0","屏東縣","長治鄉","120.530","22.690","82"
"29","97746","20220623022000","23","2","屏東縣","長治鄉","120.530","22.695","32"
"355","97754","20220623022000","334","1","屏東縣","屏東市","120.490","22.675","347"
"240","97761","20220623022000","837","0","屏東縣","屏東市","120.470","22.655","243"
"28","97765","20220623022000","33","0","屏東縣","屏東市","120.510","22.645","106"
"874","97771","20220623022000","885","0","屏東縣","屏東市","120.495","22.680","889"
"858","97772","20220623022000","421","3","屏東縣","屏東市","120.495","22.675","858"
"155","97773","20220623022000","344","0","屏東縣","屏東市","120.500","22.685","162"
"1601","97774","20220623022000","1371","1","屏東縣","屏東市","120.505","22.685","1628"
"1055","97775","20220623022000","772","2","屏東縣","屏東市","120.510","22.685","1074"
"700","97777","20220623022000","569","2","屏東縣","屏東市","120.500","22.675","732"
"185","97783","20220623022000","100","3","屏東縣","內埔鄉","120.600","22.650","177"
"397","97786","20220623022000","817","0","屏東縣","內埔鄉","120.615","22.650","444"
"86","97791","20220623022000","680","0","屏東縣","內埔鄉","120.600","22.660","110"
"284","97800","20220623022000","196","2","屏東縣","麟洛鄉","120.535","22.650","280"
"125","97814","20220623022000","111","1","屏東縣","麟洛鄉","120.550","22.660","140"
"83","97818","20220623022000","80","1","屏東縣","麟洛鄉","120.535","22.665","84"
"23","97823","20220623022000","30","0","屏東縣","麟洛鄉","120.515","22.640","183"
"342","97842","20220623022000","252","2","屏東縣","麟洛鄉","120.520","22.645","382"
"18","97844","20220623022000","14","2","屏東縣","屏東市","120.515","22.650","17"
"43","97849","20220623022000","544","0","屏東縣","麟洛鄉","120.525","22.650","33"
"110","97851","20220623022000","516","0","屏東縣","麟洛鄉","120.520","22.655","122"
"60","97914","20220623022000","366","0","屏東縣","萬丹鄉","120.460","22.595","59"
"778","97916","20220623022000","645","2","屏東縣","屏東市","120.490","22.680","730"
"850","97917","20220623022000","712","1","屏東縣","屏東市","120.490","22.685","863"
"1269","97918","20220623022000","796","3","屏東縣","屏東市","120.490","22.690","1263"
"558","97919","20220623022000","661","0","屏東縣","屏東市","120.505","22.670","614"
"1506","97920","20220623022000","1655","0","屏東縣","長治鄉","120.510","22.670","1565"
"124","97925","20220623022000","373","0","屏東縣","長治鄉","120.545","22.690","150"
"13","97933","20220623022000","15","0","屏東縣","屏東市","120.465","22.670","18"
"413","97947","20220623022000","348","1","屏東縣","屏東市","120.475","22.680","408"
"136","97948","20220623022000","296","0","屏東縣","屏東市","120.480","22.680","141"
"83","97953","20220623022000","187","0","屏東縣","屏東市","120.465","22.685","101"
"316","97954","20220623022000","273","1","屏東縣","屏東市","120.470","22.685","322"
"209","97955","20220623022000","430","0","屏東縣","屏東市","120.475","22.685","228"
"830","97964","20220623022000","914","0","屏東縣","屏東市","120.510","22.655","944"
"400","97965","20220623022000","513","0","屏東縣","屏東市","120.505","22.660","202"
"202","97967","20220623022000","583","0","屏東縣","屏東市","120.515","22.660","243"
"731","97969","20220623022000","811","0","屏東縣","屏東市","120.505","22.665","749"
"39","97974","20220623022000","991","0","屏東縣","屏東市","120.505","22.675","38"
"433","97978","20220623022000","393","1","屏東縣","屏東市","120.475","22.670","422"
"492","97984","20220623022000","406","2","屏東縣","萬丹鄉","120.485","22.610","481"
"340","97985","20220623022000","247","2","屏東縣","萬丹鄉","120.490","22.610","336"
"41","97991","20220623022000","208","0","屏東縣","萬丹鄉","120.490","22.620","42"
"22","98035","20220623022000","39","0","屏東縣","泰武鄉","120.700","22.610","20"
"30","98173","20220623022000","134","0","屏東縣","泰武鄉","120.640","22.625","29"
"124","98233","20220623022000","527","0","屏東縣","萬丹鄉","120.470","22.620","149"
"189","98245","20220623022000","148","2","屏東縣","萬丹鄉","120.470","22.610","175"
"208","98249","20220623022000","152","2","屏東縣","內埔鄉","120.600","22.675","210"
"173","98252","20220623022000","97","3","屏東縣","內埔鄉","120.585","22.640","183"
"77","98255","20220623022000","756","0","屏東縣","內埔鄉","120.590","22.645","74"
"339","98266","20220623022000","176","3","屏東縣","瑪家鄉","120.650","22.700","322"
"333","98270","20220623022000","315","1","屏東縣","內埔鄉","120.645","22.705","344"
"989","98276","20220623022000","750","2","屏東縣","內埔鄉","120.565","22.635","988"
"194","98277","20220623022000","195","0","屏東縣","內埔鄉","120.545","22.640","207"
"661","98281","20220623022000","471","2","屏東縣","麟洛鄉","120.540","22.645","746"
"344","98298","20220623022000","498","0","屏東縣","內埔鄉","120.555","22.600","361"
"947","98309","20220623022000","811","1","屏東縣","內埔鄉","120.595","22.630","994"
"370","98311","20220623022000","253","2","屏東縣","內埔鄉","120.590","22.635","372"
"100","98316","20220623022000","557","0","屏東縣","內埔鄉","120.600","22.640","91"
"12","98321","20220623022000","113","0","屏東縣","內埔鄉","120.605","22.645","15"
"129","98328","20220623022000","89","2","屏東縣","瑪家鄉","120.630","22.650","145"
"20","98341","20220623022000","318","0","屏東縣","內埔鄉","120.580","22.620","19"
"38","98346","20220623022000","24","3","屏東縣","內埔鄉","120.545","22.630","35"
"52","98348","20220623022000","291","0","屏東縣","內埔鄉","120.540","22.635","59"
"15","98355","20220623022000","11","2","屏東縣","內埔鄉","120.635","22.685","14"
"355","98362","20220623022000","217","3","屏東縣","內埔鄉","120.640","22.695","372"
"67","98378","20220623022000","346","0","屏東縣","長治鄉","120.550","22.680","78"
"36","98380","20220623022000","27","2","屏東縣","長治鄉","120.540","22.685","36"
"202","98392","20220623022000","454","0","屏東縣","長治鄉","120.550","22.695","88"
"47","98396","20220623022000","29","3","屏東縣","長治鄉","120.535","22.705","49"
"464","98405","20220623022000","483","0","屏東縣","長治鄉","120.535","22.710","461"
"118","98407","20220623022000","145","0","屏東縣","長治鄉","120.545","22.710","133"
"56","98408","20220623022000","257","0","屏東縣","長治鄉","120.525","22.715","57"
"38","98410","20220623022000","114","0","屏東縣","長治鄉","120.535","22.715","39"
"86","98418","20220623022000","384","0","屏東縣","萬丹鄉","120.470","22.615","87"
"158","98422","20220623022000","123","2","屏東縣","萬丹鄉","120.520","22.595","159"
"213","98443","20220623022000","209","1","屏東縣","屏東市","120.495","22.640","248"
"453","98446","20220623022000","387","1","屏東縣","屏東市","120.490","22.645","424"
"220","98453","20220623022000","153","2","屏東縣","屏東市","120.485","22.625","228"
"457","98457","20220623022000","510","0","屏東縣","屏東市","120.480","22.635","475"
"21","98458","20220623022000","26","0","屏東縣","屏東市","120.485","22.635","17"
"246","98459","20220623022000","228","1","屏東縣","屏東市","120.490","22.635","248"
"27","98460","20220623022000","322","0","屏東縣","屏東市","120.485","22.640","28"
"58","98462","20220623022000","489","0","屏東縣","內埔鄉","120.565","22.610","50"
"24","98463","20220623022000","22","1","屏東縣","內埔鄉","120.570","22.610","24"
"1062","98464","20220623022000","930","1","屏東縣","內埔鄉","120.570","22.615","1041"
"555","98467","20220623022000","656","0","屏東縣","內埔鄉","120.560","22.605","559"
"33","98471","20220623022000","322","0","屏東縣","內埔鄉","120.560","22.600","24"
"319","98472","20220623022000","373","0","屏東縣","內埔鄉","120.565","22.600","342"
"32","98486","20220623022000","193","0","屏東縣","內埔鄉","120.595","22.675","27"
"916","98496","20220623022000","962","0","屏東縣","屏東市","120.485","22.685","892"
"1195","98497","20220623022000","609","3","屏東縣","屏東市","120.480","22.690","1218"
"770","98498","20220623022000","850","0","屏東縣","屏東市","120.485","22.690","752"
"925","98502","20220623022000","754","2","屏東縣","內埔鄉","120.545","22.625","931"
"16","98511","20220623022000","13","2","屏東縣","內埔鄉","120.570","22.640","17"
"861","98532","20220623022000","707","2","屏東縣","內埔鄉","120.560","22.620","859"
"609","98533","20220623022000","512","1","屏東縣","內埔鄉","120.565","22.620","543"
"311","98544","20220623022000","284","1","屏東縣","內埔鄉","120.600","22.690","303"
"322","98558","20220623022000","353","0","屏東縣","內埔鄉","120.610","22.700","335"
"24","98563","20220623022000","12","3","屏東縣","內埔鄉","120.600","22.665","21"
"374","98589","20220623022000","358","1","屏東縣","屏東市","120.505","22.695","391"
"194","98591","20220623022000","164","1","屏東縣","屏東市","120.445","22.640","186"
"363","98594","20220623022000","338","1","屏東縣","屏東市","120.460","22.640","351"
"102","98598","20220623022000","65","3","屏東縣","屏東市","120.455","22.645","83"
"350","98607","20220623022000","262","2","屏東縣","屏東市","120.465","22.650","334"
"251","98633","20220623022000","172","2","屏東縣","三地門鄉","120.640","22.715","245"
"421","98636","20220623022000","402","1","屏東縣","三地門鄉","120.655","22.715","438"
"82","98648","20220623022000","55","2","屏東縣","三地門鄉","120.670","22.720","70"
"298","98723","20220623022000","261","1","屏東縣","屏東市","120.495","22.690","293"
"681","98724","20220623022000","431","3","屏東縣","屏東市","120.500","22.690","717"
"901","98725","20220623022000","767","1","屏東縣","屏東市","120.480","22.665","864"
"468","98726","20220623022000","338","2","屏東縣","屏東市","120.495","22.695","478"
"270","98729","20220623022000","231","1","屏東縣","屏東市","120.500","22.695","261"
"801","98734","20220623022000","418","3","屏東縣","屏東市","120.490","22.670","771"
"79","98776","20220623022000","48","3","屏東縣","萬巒鄉","120.625","22.630","72"
"61","98782","20220623022000","43","2","屏東縣","萬巒鄉","120.625","22.640","65"
"42","98803","20220623022000","61","0","屏東縣","萬巒鄉","120.615","22.605","40"
"455","98804","20220623022000","320","2","屏東縣","萬巒鄉","120.620","22.605","465"
"79","98822","20220623022000","54","2","屏東縣","長治鄉","120.535","22.670","73"
"1336","98826","20220623022000","964","2","屏東縣","長治鄉","120.525","22.675","1332"
"269","98837","20220623022000","237","1","屏東縣","長治鄉","120.515","22.685","252"
"42","98842","20220623022000","1071","0","屏東縣","長治鄉","120.510","22.665","43"
"427","98843","20220623022000","450","0","屏東縣","長治鄉","120.515","22.665","448"
"26","98844","20220623022000","32","0","屏東縣","長治鄉","120.520","22.665","25"
"11","98884","20220623022000","24","0","屏東縣","瑪家鄉","120.705","22.675","14"
"189","98968","20220623022000","134","2","屏東縣","瑪家鄉","120.670","22.675","189"
"30","99003","20220623022000","26","1","屏東縣","瑪家鄉","120.655","22.705","30"
"102","99078","20220623022000","128","0","屏東縣","瑪家鄉","120.640","22.685","93"
"96","99094","20220623022000","90","1","屏東縣","竹田鄉","120.530","22.630","105"
"172","99099","20220623022000","171","1","屏東縣","竹田鄉","120.535","22.640","195"
"16","99104","20220623022000","20","0","屏東縣","竹田鄉","120.545","22.600","19"
"233","99110","20220623022000","231","1","屏東縣","竹田鄉","120.520","22.615","251"
"231","99116","20220623022000","303","0","屏東縣","竹田鄉","120.525","22.620","226"
"73","99293","20220623022000","457","0","屏東縣","萬丹鄉","120.465","22.605","75"
"295","99294","20220623022000","221","2","屏東縣","萬丹鄉","120.470","22.605","305"
"83","99299","20220623022000","643","0","屏東縣","萬丹鄉","120.495","22.595","678"
"527","99310","20220623022000","526","1","屏東縣","長治鄉","120.520","22.680","564"
"66","99313","20220623022000","107","0","屏東縣","長治鄉","120.525","22.685","71"
"18","99317","20220623022000","279","0","屏東縣","長治鄉","120.565","22.670","23"
"712","99340","20220623022000","362","3","屏東縣","長治鄉","120.590","22.695","718"
"376","99352","20220623022000","528","0","屏東縣","長治鄉","120.575","22.705","371"
"102","99358","20220623022000","58","3","屏東縣","長治鄉","120.580","22.710","106"
"33","99371","20220623022000","24","2","屏東縣","鹽埔鄉","120.580","22.720","34"
"106","99390","20220623022000","82","2","屏東縣","長治鄉","120.570","22.700","112"
"10","99551","20220623022000","18","0","屏東縣","霧台鄉","120.755","22.730","10"
"13","99607","20220623022000","15","0","屏東縣","高樹鄉","120.630","22.735","13"
"46","99617","20220623022000","38","2","屏東縣","萬丹鄉","120.450","22.620","49"
"24","99627","20220623022000","311","0","屏東縣","萬丹鄉","120.465","22.625","28"
"31","99670","20220623022000","142","0","屏東縣","九如鄉","120.485","22.735","28"
"871","99671","20220623022000","871","1","屏東縣","屏東市","120.490","22.665","881"
"15","99680","20220623022000","134","0","屏東縣","九如鄉","120.480","22.710","11"
"325","99690","20220623022000","203","3","屏東縣","九如鄉","120.520","22.710","306"
"317","99716","20220623022000","199","3","臺東縣","綠島鄉","121.470","22.670","241"
"358","99719","20220623022000","258","2","臺東縣","綠島鄉","121.470","22.675","350"
"93","99732","20220623022000","69","2","臺東縣","綠島鄉","121.500","22.645","78"
"28","99739","20220623022000","25","1","臺東縣","綠島鄉","121.505","22.655","38"
"283","99759","20220623022000","147","3","臺東縣","綠島鄉","121.490","22.675","285"
"27","99760","20220623022000","23","1","臺東縣","綠島鄉","121.495","22.675","25"
"74","99762","20220623022000","45","3","臺東縣","綠島鄉","121.505","22.675","70"
"79","99767","20220623022000","55","2","臺東縣","綠島鄉","121.475","22.650","67"
"103","99769","20220623022000","82","2","臺東縣","綠島鄉","121.485","22.650","77"
"183","99774","20220623022000","181","1","臺東縣","綠島鄉","121.475","22.660","146"
"200","99777","20220623022000","162","2","臺東縣","綠島鄉","121.470","22.665","169"
"698","99779","20220623022000","510","2","臺東縣","綠島鄉","121.465","22.670","604"
"538","99780","20220623022000","359","2","高雄市","楠梓區","120.295","22.715","526"
"149","99782","20220623022000","173","0","高雄市","楠梓區","120.305","22.710","145"
"960","99783","20220623022000","673","2","高雄市","楠梓區","120.300","22.715","945"
"516","99784","20220623022000","463","1","高雄市","楠梓區","120.305","22.715","495"
"95","99785","20220623022000","414","0","高雄市","楠梓區","120.310","22.715","94"
"365","99787","20220623022000","435","0","高雄市","前金區","120.290","22.625","363"
"1139","99788","20220623022000","1020","1","高雄市","前金區","120.300","22.620","1136"
"540","99792","20220623022000","540","1","臺東縣","臺東市","121.050","22.705","524"
"415","99796","20220623022000","392","1","臺東縣","臺東市","121.040","22.705","426"
"777","99800","20220623022000","550","2","臺東縣","臺東市","121.045","22.710","652"
"354","99817","20220623022000","248","2","臺東縣","臺東市","121.060","22.710","318"
"663","99819","20220623022000","634","1","臺東縣","臺東市","121.070","22.710","692"
"144","99837","20220623022000","120","2","臺東縣","臺東市","121.070","22.720","126"
"37","99854","20220623022000","58","0","臺東縣","臺東市","121.085","22.730","33"
"61","99856","20220623022000","48","2","高雄市","大寮區","120.415","22.620","49"
"44","99859","20220623022000","33","2","高雄市","大寮區","120.430","22.620","37"
"249","99862","20220623022000","250","0","高雄市","大寮區","120.425","22.625","237"
"2425","99875","20220623022000","1732","2","高雄市","鳥松區","120.335","22.655","2346"
"562","99876","20220623022000","790","0","高雄市","前鎮區","120.315","22.595","555"
"1108","99877","20220623022000","979","1","高雄市","三民區","120.320","22.670","1127"
"305","99885","20220623022000","292","1","臺東縣","臺東市","121.055","22.725","285"
"967","99892","20220623022000","855","1","高雄市","前鎮區","120.305","22.605","1007"
"1548","99893","20220623022000","1126","2","高雄市","前鎮區","120.315","22.615","1535"
"1465","99894","20220623022000","1189","2","高雄市","前鎮區","120.305","22.600","1465"
"1587","99895","20220623022000","1837","0","高雄市","前鎮區","120.330","22.610","1637"
"32","99897","20220623022000","60","0","高雄市","仁武區","120.330","22.705","16"
"700","99898","20220623022000","583","2","高雄市","仁武區","120.335","22.705","708"
"381","99899","20220623022000","341","1","高雄市","仁武區","120.330","22.710","369"
"295","99900","20220623022000","215","2","高雄市","仁武區","120.335","22.710","296"
"204","99902","20220623022000","214","0","高雄市","楠梓區","120.330","22.720","225"
"18","99903","20220623022000","14","2","高雄市","三民區","120.290","22.640","16"
"40","99905","20220623022000","778","0","高雄市","仁武區","120.355","22.680","37"
"367","99906","20220623022000","1439","0","高雄市","仁武區","120.355","22.685","391"
"671","99908","20220623022000","752","0","高雄市","仁武區","120.345","22.685","667"
"123","99912","20220623022000","91","2","高雄市","仁武區","120.365","22.690","105"
"15","99913","20220623022000","13","1","高雄市","仁武區","120.370","22.690","14"
"175","99914","20220623022000","165","1","高雄市","仁武區","120.375","22.690","178"
"120","99919","20220623022000","99","2","高雄市","仁武區","120.375","22.695","119"
"437","99924","20220623022000","388","1","高雄市","仁武區","120.365","22.700","458"
"143","99927","20220623022000","110","2","高雄市","仁武區","120.380","22.700","142"
"315","99930","20220623022000","221","2","高雄市","仁武區","120.395","22.700","314"
"2154","99933","20220623022000","2082","1","高雄市","鹽埕區","120.285","22.630","2139"
"1598","99935","20220623022000","1710","0","高雄市","楠梓區","120.325","22.725","1651"
"465","99936","20220623022000","314","2","高雄市","楠梓區","120.315","22.735","438"
"961","99937","20220623022000","870","1","高雄市","楠梓區","120.320","22.730","931"
"1516","99940","20220623022000","1446","1","高雄市","楠梓區","120.300","22.710","1562"
"1815","99941","20220623022000","1758","1","高雄市","三民區","120.320","22.650","1820"
"2378","99942","20220623022000","2111","1","高雄市","前金區","120.295","22.630","2301"
"646","99943","20220623022000","679","0","高雄市","三民區","120.290","22.645","639"
"75","99944","20220623022000","777","0","高雄市","鳳山區","120.375","22.635","55"
"2212","99945","20220623022000","1545","2","高雄市","鳳山區","120.365","22.625","2149"
"776","99946","20220623022000","635","2","高雄市","鳳山區","120.370","22.625","784"
"33","99951","20220623022000","205","0","高雄市","大樹區","120.420","22.695","27"
"10","99963","20220623022000","301","0","高雄市","大樹區","120.415","22.685","10"
"19","99964","20220623022000","14","2","高雄市","大樹區","120.410","22.690","20"
"61","99973","20220623022000","49","2","高雄市","大樹區","120.400","22.700","59"
"103","99976","20220623022000","132","0","高雄市","大社區","120.340","22.725","118"
"236","99979","20220623022000","426","0","高雄市","大社區","120.345","22.725","259"
"25","99983","20220623022000","382","0","高雄市","左營區","120.300","22.685","25"
"458","99984","20220623022000","478","0","高雄市","左營區","120.305","22.690","439"
"1518","99985","20220623022000","1217","2","高雄市","左營區","120.310","22.685","1510"
"1345","99987","20220623022000","759","3","高雄市","左營區","120.315","22.690","1339"
"1060","99989","20220623022000","931","1","高雄市","新興區","120.305","22.630","1054"
"125","99990","20220623022000","210","0","高雄市","大寮區","120.385","22.615","127"
"867","99993","20220623022000","1024","0","高雄市","大寮區","120.380","22.620","850"
"512","99994","20220623022000","287","3","高雄市","大寮區","120.385","22.620","515"
"18","99999","20220623022000","13","2","高雄市","大寮區","120.375","22.600","23"
"1854","100002","20220623022000","1944","0","高雄市","三民區","120.295","22.635","1893"
"805","100003","20220623022000","701","1","高雄市","前金區","120.300","22.625","854"
"1381","100004","20220623022000","1600","0","高雄市","新興區","120.300","22.630","1397"
"558","100005","20220623022000","1010","0","高雄市","大寮區","120.385","22.600","565"
"901","100007","20220623022000","817","1","高雄市","大寮區","120.385","22.610","883"
"116","100010","20220623022000","491","0","高雄市","苓雅區","120.330","22.625","121"
"3322","100011","20220623022000","2818","1","高雄市","鳳山區","120.360","22.635","3359"
"894","100012","20220623022000","839","1","高雄市","鳳山區","120.365","22.630","861"
"351","100013","20220623022000","325","1","高雄市","鳳山區","120.375","22.640","361"
"405","100014","20220623022000","973","0","高雄市","鳳山區","120.350","22.615","391"
"2293","100015","20220623022000","1864","2","高雄市","楠梓區","120.300","22.725","2199"
"1449","100016","20220623022000","1191","2","高雄市","橋頭區","120.300","22.730","1411"
"906","100017","20220623022000","1834","0","高雄市","橋頭區","120.305","22.730","870"
"714","100019","20220623022000","1491","0","高雄市","鳳山區","120.345","22.615","718"
"785","100021","20220623022000","345","3","高雄市","楠梓區","120.285","22.725","783"
"341","100022","20220623022000","1426","0","高雄市","楠梓區","120.290","22.725","343"
"759","100023","20220623022000","612","2","高雄市","橋頭區","120.295","22.730","783"
"312","100025","20220623022000","335","0","高雄市","楠梓區","120.285","22.730","328"
"14","100026","20220623022000","12","1","高雄市","楠梓區","120.290","22.730","14"
"1442","100028","20220623022000","1478","0","高雄市","楠梓區","120.290","22.715","1426"
"1554","100029","20220623022000","1580","0","高雄市","楠梓區","120.290","22.720","1575"
"1069","100032","20220623022000","1344","0","高雄市","苓雅區","120.300","22.610","1003"
"1294","100033","20220623022000","1281","1","高雄市","苓雅區","120.335","22.625","1300"
"2915","100034","20220623022000","2755","1","高雄市","前鎮區","120.310","22.615","2867"
"263","100038","20220623022000","187","2","高雄市","大寮區","120.405","22.640","268"
"358","100039","20220623022000","278","2","高雄市","大寮區","120.410","22.640","330"
"3188","100044","20220623022000","2178","2","高雄市","三民區","120.325","22.650","3024"
"946","100045","20220623022000","702","2","高雄市","三民區","120.320","22.655","993"
"851","100047","20220623022000","1515","0","高雄市","鳳山區","120.380","22.630","886"
"4856","100048","20220623022000","4147","1","高雄市","苓雅區","120.320","22.620","4871"
"2175","100049","20220623022000","2699","0","高雄市","新興區","120.310","22.630","2073"
"497","100050","20220623022000","505","0","高雄市","三民區","120.315","22.650","450"
"540","100052","20220623022000","602","0","高雄市","三民區","120.315","22.655","525"
"2326","100053","20220623022000","1414","3","高雄市","三民區","120.330","22.640","2323"
"1638","100054","20220623022000","1002","3","高雄市","三民區","120.315","22.640","1671"
"149","100057","20220623022000","225","0","高雄市","前鎮區","120.285","22.605","157"
"133","100058","20220623022000","140","0","高雄市","前鎮區","120.290","22.605","137"
"429","100059","20220623022000","264","3","高雄市","前鎮區","120.300","22.605","423"
"83","100071","20220623022000","50","3","臺東縣","太麻里鄉","121.025","22.670","81"
"128","100074","20220623022000","110","1","臺東縣","太麻里鄉","121.040","22.670","124"
"92","100530","20220623022000","74","2","臺東縣","金峰鄉","120.950","22.640","87"
"121","100729","20220623022000","80","3","臺東縣","金峰鄉","121.000","22.635","115"
"696","100742","20220623022000","710","0","高雄市","鳳山區","120.360","22.625","668"
"981","100743","20220623022000","1233","0","高雄市","三民區","120.305","22.640","989"
"115","100744","20220623022000","1154","0","高雄市","楠梓區","120.295","22.725","106"
"2186","100745","20220623022000","1601","2","高雄市","楠梓區","120.300","22.720","2127"
"109","100746","20220623022000","102","1","高雄市","鳳山區","120.365","22.605","100"
"1336","100747","20220623022000","1361","0","高雄市","鳳山區","120.360","22.610","1381"
"716","100753","20220623022000","551","2","高雄市","鳳山區","120.355","22.605","783"
"149","100755","20220623022000","102","2","高雄市","鳳山區","120.365","22.615","177"
"111","100759","20220623022000","88","2","高雄市","左營區","120.295","22.695","112"
"114","100760","20220623022000","102","1","高雄市","左營區","120.295","22.700","87"
"1888","100762","20220623022000","1681","1","高雄市","三民區","120.315","22.645","1832"
"2853","100764","20220623022000","2219","2","高雄市","三民區","120.310","22.640","2852"
"1695","100765","20220623022000","1678","1","高雄市","前金區","120.290","22.630","1730"
"1808","100766","20220623022000","1109","3","高雄市","三民區","120.295","22.645","1824"
"81","100767","20220623022000","56","2","高雄市","仁武區","120.340","22.705","73"
"136","100768","20220623022000","885","0","高雄市","仁武區","120.345","22.705","159"
"145","100771","20220623022000","133","1","高雄市","仁武區","120.340","22.715","134"
"1043","100773","20220623022000","1063","0","高雄市","仁武區","120.350","22.690","1048"
"921","100775","20220623022000","628","2","高雄市","仁武區","120.350","22.695","919"
"37","100777","20220623022000","605","0","高雄市","仁武區","120.355","22.700","29"
"55","100778","20220623022000","54","1","高雄市","仁武區","120.350","22.705","50"
"248","100779","20220623022000","212","1","高雄市","仁武區","120.355","22.705","251"
"392","100781","20220623022000","390","1","高雄市","仁武區","120.350","22.710","417"
"123","100783","20220623022000","105","1","高雄市","仁武區","120.345","22.715","128"
"86","100784","20220623022000","131","0","高雄市","仁武區","120.350","22.715","93"
"1148","100786","20220623022000","1818","0","高雄市","前鎮區","120.335","22.605","1182"
"2952","100787","20220623022000","2725","1","高雄市","前鎮區","120.330","22.600","2879"
"2425","100788","20220623022000","2174","1","高雄市","三民區","120.335","22.650","2487"
"918","100789","20220623022000","865","1","高雄市","三民區","120.325","22.655","939"
"26","100790","20220623022000","23","1","臺東縣","太麻里鄉","120.975","22.600","28"
"650","100808","20220623022000","613","1","臺東縣","太麻里鄉","121.005","22.610","648"
"2465","100829","20220623022000","2224","1","高雄市","苓雅區","120.340","22.630","2424"
"1857","100830","20220623022000","1793","1","高雄市","鳳山區","120.345","22.630","1890"
"1291","100831","20220623022000","2566","0","高雄市","鳳山區","120.365","22.640","1248"
"2519","100832","20220623022000","2029","2","高雄市","苓雅區","120.325","22.615","2485"
"1774","100833","20220623022000","1447","2","高雄市","左營區","120.305","22.660","1795"
"2897","100834","20220623022000","2907","0","高雄市","左營區","120.310","22.660","2880"
"2892","100835","20220623022000","2776","1","高雄市","左營區","120.305","22.665","2775"
"1846","100836","20220623022000","2276","0","高雄市","左營區","120.310","22.665","1939"
"2035","100837","20220623022000","2213","0","高雄市","左營區","120.300","22.670","1990"
"1069","100838","20220623022000","871","2","高雄市","左營區","120.305","22.670","1080"
"2536","100839","20220623022000","2425","1","高雄市","左營區","120.300","22.680","2542"
"1721","100842","20220623022000","1579","1","高雄市","新興區","120.305","22.635","1754"
"42","100844","20220623022000","33","2","高雄市","大寮區","120.385","22.635","39"
"1981","100848","20220623022000","1648","2","高雄市","大寮區","120.395","22.640","1991"
"2573","100851","20220623022000","2326","1","高雄市","三民區","120.325","22.675","2713"
"1972","100852","20220623022000","1856","1","高雄市","三民區","120.325","22.660","2004"
"2506","100853","20220623022000","1877","2","高雄市","三民區","120.330","22.660","2447"
"1473","100854","20220623022000","2699","0","高雄市","三民區","120.325","22.665","1493"
"21","100855","20220623022000","434","0","高雄市","鳥松區","120.335","22.665","12"
"60","100856","20220623022000","654","0","高雄市","三民區","120.330","22.665","55"
"487","100858","20220623022000","456","1","高雄市","三民區","120.330","22.670","499"
"2805","100860","20220623022000","2508","1","高雄市","三民區","120.335","22.645","2798"
"125","100861","20220623022000","90","2","高雄市","前鎮區","120.310","22.605","135"
"2528","100862","20220623022000","2953","0","高雄市","前鎮區","120.310","22.610","2531"
"723","100863","20220623022000","959","0","高雄市","前鎮區","120.315","22.610","690"
"427","100864","20220623022000","249","3","高雄市","左營區","120.290","22.700","290"
"1336","100865","20220623022000","1166","1","高雄市","左營區","120.285","22.680","1389"
"755","100866","20220623022000","518","2","高雄市","左營區","120.290","22.680","725"
"867","100867","20220623022000","968","0","高雄市","鳳山區","120.350","22.640","866"
"2187","100868","20220623022000","1640","2","高雄市","鳳山區","120.350","22.630","2100"
"883","100869","20220623022000","1432","0","高雄市","鳳山區","120.350","22.645","933"
"1210","100870","20220623022000","1931","0","高雄市","鳳山區","120.350","22.635","1368"
"2271","100871","20220623022000","2072","1","高雄市","苓雅區","120.335","22.620","2143"
"1087","100872","20220623022000","2199","0","高雄市","鳳山區","120.340","22.600","1027"
"2823","100873","20220623022000","1747","3","高雄市","三民區","120.320","22.645","2868"
"1900","100874","20220623022000","1728","1","高雄市","三民區","120.325","22.645","1846"
"2100","100875","20220623022000","1453","2","高雄市","三民區","120.290","22.635","2142"
"1713","100877","20220623022000","1902","0","高雄市","三民區","120.325","22.670","1667"
"1199","100878","20220623022000","1818","0","高雄市","三民區","120.315","22.660","1162"
"1562","100879","20220623022000","1828","0","高雄市","三民區","120.320","22.660","1535"
"2402","100880","20220623022000","3762","0","高雄市","三民區","120.315","22.665","2368"
"177","100881","20220623022000","2259","0","高雄市","三民區","120.320","22.665","158"
"1191","100883","20220623022000","782","3","高雄市","前鎮區","120.305","22.610","1138"
"230","100888","20220623022000","884","0","高雄市","大寮區","120.390","22.625","238"
"2723","100890","20220623022000","2304","1","高雄市","三民區","120.335","22.640","2700"
"2632","100891","20220623022000","2788","0","高雄市","鳳山區","120.345","22.635","2653"
"553","100909","20220623022000","554","0","臺東縣","臺東市","121.055","22.705","560"
"205","100915","20220623022000","169","2","臺東縣","太麻里鄉","121.010","22.625","207"
"47","100925","20220623022000","36","2","臺東縣","太麻里鄉","121.015","22.640","45"
"376","100938","20220623022000","344","1","臺東縣","臺東市","121.100","22.725","347"
"174","100946","20220623022000","475","0","高雄市","鳥松區","120.350","22.665","162"
"1489","100947","20220623022000","987","3","高雄市","鳥松區","120.355","22.665","1462"
"350","100948","20220623022000","315","1","高雄市","鳥松區","120.360","22.665","339"
"60","100954","20220623022000","131","0","高雄市","仁武區","120.370","22.680","60"
"11","100961","20220623022000","12","0","高雄市","鳥松區","120.380","22.685","11"
"458","100966","20220623022000","388","1","高雄市","鳥松區","120.395","22.665","469"
"32","100969","20220623022000","54","0","高雄市","鳥松區","120.390","22.675","30"
"1681","100974","20220623022000","1835","0","高雄市","三民區","120.340","22.645","1693"
"289","100975","20220623022000","255","1","高雄市","鳥松區","120.345","22.655","276"
"688","100977","20220623022000","536","2","高雄市","鳥松區","120.340","22.655","668"
"334","100978","20220623022000","260","2","高雄市","鳥松區","120.340","22.660","369"
"349","100982","20220623022000","413","0","高雄市","鳥松區","120.390","22.660","341"
"440","100983","20220623022000","386","1","高雄市","鳥松區","120.395","22.660","421"
"99","100986","20220623022000","1515","0","高雄市","鳳山區","120.360","22.640","86"
"1087","100987","20220623022000","1275","0","高雄市","鳥松區","120.355","22.645","1145"
"166","100988","20220623022000","184","0","高雄市","鳳山區","120.360","22.645","171"
"515","100989","20220623022000","270","3","高雄市","鳥松區","120.365","22.645","498"
"847","100992","20220623022000","857","0","高雄市","鳥松區","120.355","22.650","840"
"466","100995","20220623022000","465","1","高雄市","鳥松區","120.370","22.650","493"
"89","100997","20220623022000","132","0","高雄市","鳥松區","120.355","22.655","103"
"1161","100998","20220623022000","886","2","高雄市","鳥松區","120.360","22.655","1153"
"562","101004","20220623022000","556","1","高雄市","鳥松區","120.360","22.660","545"
"556","101009","20220623022000","526","1","高雄市","鳥松區","120.370","22.665","544"
"56","101010","20220623022000","85","0","高雄市","鳥松區","120.340","22.665","59"
"511","101014","20220623022000","431","1","高雄市","鳥松區","120.370","22.670","507"
"342","101017","20220623022000","241","2","高雄市","鳥松區","120.380","22.655","332"
"218","101018","20220623022000","136","3","高雄市","鳥松區","120.385","22.655","216"
"91","101019","20220623022000","82","1","高雄市","鳥松區","120.370","22.660","96"
"284","101021","20220623022000","374","0","高雄市","鳥松區","120.380","22.660","284"
"11","101023","20220623022000","10","1","高雄市","鳥松區","120.375","22.665","11"
"734","101029","20220623022000","596","2","高雄市","鳳山區","120.355","22.625","753"
"3036","101030","20220623022000","2429","2","高雄市","鳳山區","120.355","22.635","3176"
"30","101034","20220623022000","30","1","高雄市","鳳山區","120.380","22.625","28"
"605","101035","20220623022000","525","1","高雄市","楠梓區","120.325","22.705","583"
"21","101038","20220623022000","32","0","高雄市","仁武區","120.330","22.695","28"
"321","101039","20220623022000","365","0","高雄市","仁武區","120.325","22.700","318"
"538","101043","20220623022000","1459","0","高雄市","前鎮區","120.315","22.605","528"
"2803","101044","20220623022000","2697","1","高雄市","三民區","120.335","22.635","2778"
"175","101045","20220623022000","1262","0","高雄市","三民區","120.345","22.640","186"
"153","101046","20220623022000","1354","0","高雄市","仁武區","120.345","22.675","136"
"696","101047","20220623022000","716","0","高雄市","仁武區","120.350","22.675","682"
"232","101048","20220623022000","801","0","高雄市","仁武區","120.340","22.680","204"
"656","101049","20220623022000","561","1","高雄市","仁武區","120.345","22.680","643"
"1575","101052","20220623022000","1566","1","高雄市","仁武區","120.325","22.685","1631"
"1008","101053","20220623022000","826","2","高雄市","仁武區","120.325","22.690","960"
"681","101055","20220623022000","449","3","高雄市","仁武區","120.325","22.695","678"
"374","101056","20220623022000","229","3","高雄市","仁武區","120.320","22.695","403"
"161","101058","20220623022000","222","0","高雄市","仁武區","120.330","22.700","180"
"285","101059","20220623022000","1133","0","高雄市","鳳山區","120.365","22.635","325"
"1178","101061","20220623022000","1182","0","高雄市","苓雅區","120.295","22.615","1198"
"1213","101062","20220623022000","1417","0","高雄市","苓雅區","120.320","22.625","1162"
"2015","101063","20220623022000","1746","1","高雄市","鳳山區","120.375","22.625","1995"
"54","101064","20220623022000","965","0","高雄市","鳳山區","120.375","22.620","57"
"43","101068","20220623022000","48","0","高雄市","鳳山區","120.365","22.620","45"
"576","101069","20220623022000","479","2","高雄市","鳳山區","120.370","22.620","579"
"1793","101074","20220623022000","1998","0","高雄市","左營區","120.290","22.675","1789"
"34","101076","20220623022000","130","0","高雄市","梓官區","120.250","22.730","30"
"949","101077","20220623022000","849","1","高雄市","梓官區","120.255","22.730","895"
"628","101086","20220623022000","573","1","高雄市","楠梓區","120.275","22.725","510"
"16","101090","20220623022000","718","0","高雄市","楠梓區","120.280","22.725","14"
"787","101092","20220623022000","854","0","高雄市","楠梓區","120.280","22.730","819"
"1420","101094","20220623022000","1281","1","高雄市","楠梓區","120.320","22.725","1430"
"1527","101095","20220623022000","1098","2","高雄市","楠梓區","120.285","22.710","1478"
"269","101096","20220623022000","207","2","高雄市","左營區","120.300","22.695","260"
"1610","101100","20220623022000","1471","1","高雄市","苓雅區","120.315","22.625","1674"
"1236","101101","20220623022000","1281","0","高雄市","鹽埕區","120.280","22.625","1202"
"2180","101102","20220623022000","1369","3","高雄市","苓雅區","120.325","22.620","2253"
"472","101103","20220623022000","373","2","高雄市","左營區","120.310","22.670","452"
"1488","101104","20220623022000","1050","2","高雄市","左營區","120.315","22.670","1477"
"1804","101105","20220623022000","1765","1","高雄市","左營區","120.300","22.675","1857"
"409","101106","20220623022000","292","2","高雄市","左營區","120.295","22.680","350"
"2391","101107","20220623022000","2237","1","高雄市","左營區","120.305","22.675","2744"
"465","101109","20220623022000","1004","0","高雄市","鳳山區","120.340","22.610","451"
"1462","101110","20220623022000","1392","1","高雄市","鳳山區","120.335","22.615","1436"
"110","101111","20220623022000","776","0","高雄市","鳳山區","120.340","22.615","118"
"618","101113","20220623022000","2482","0","高雄市","鳳山區","120.340","22.605","653"
"869","101114","20220623022000","797","1","高雄市","鼓山區","120.280","22.655","866"
"2101","101115","20220623022000","1910","1","高雄市","鼓山區","120.280","22.660","2070"
"1250","101116","20220623022000","1284","0","高雄市","鼓山區","120.285","22.650","1226"
"1537","101117","20220623022000","1368","1","高雄市","鼓山區","120.290","22.650","1518"
"1664","101119","20220623022000","1771","0","高雄市","鼓山區","120.290","22.655","1622"
"716","101120","20220623022000","1006","0","高雄市","鼓山區","120.285","22.660","694"
"1281","101121","20220623022000","1889","0","高雄市","鼓山區","120.290","22.660","1238"
"863","101122","20220623022000","679","2","高雄市","鼓山區","120.290","22.665","858"
"759","101123","20220623022000","1500","0","高雄市","鼓山區","120.285","22.665","750"
"1328","101124","20220623022000","1149","1","高雄市","鼓山區","120.280","22.645","1323"
"1112","101125","20220623022000","963","1","高雄市","鼓山區","120.270","22.625","1083"
"1590","101126","20220623022000","2269","0","高雄市","鼓山區","120.280","22.630","1623"
"29","101127","20220623022000","61","0","高雄市","鼓山區","120.275","22.625","35"
"56","101128","20220623022000","83","0","高雄市","鼓山區","120.270","22.635","46"
"30","101129","20220623022000","37","0","高雄市","鼓山區","120.275","22.635","29"
"1544","101132","20220623022000","1692","0","高雄市","三民區","120.320","22.640","1614"
"974","101133","20220623022000","1593","0","高雄市","鳥松區","120.340","22.650","1011"
"3231","101134","20220623022000","2718","1","高雄市","三民區","120.340","22.640","3172"
"1743","101135","20220623022000","2624","0","高雄市","三民區","120.345","22.645","1719"
"205","101137","20220623022000","339","0","高雄市","梓官區","120.260","22.725","214"
"352","101139","20220623022000","334","1","高雄市","梓官區","120.255","22.725","505"
"34","101449","20220623022000","27","2","臺東縣","卑南鄉","120.990","22.690","34"
"298","101488","20220623022000","345","0","臺東縣","卑南鄉","121.020","22.695","215"
"20","101568","20220623022000","178","0","臺東縣","卑南鄉","121.030","22.700","11"
"1247","101748","20220623022000","1482","0","高雄市","苓雅區","120.300","22.615","1235"
"1165","101749","20220623022000","1325","0","高雄市","苓雅區","120.325","22.630","1398"
"824","101750","20220623022000","1006","0","高雄市","鳳山區","120.340","22.620","838"
"413","101751","20220623022000","782","0","高雄市","鳳山區","120.370","22.630","396"
"1258","101752","20220623022000","1310","0","高雄市","鳳山區","120.355","22.630","1335"
"457","101753","20220623022000","822","0","高雄市","鳳山區","120.360","22.630","461"
"82","101754","20220623022000","281","0","高雄市","鳳山區","120.330","22.615","75"
"96","101757","20220623022000","1277","0","高雄市","苓雅區","120.325","22.635","98"
"24","101758","20220623022000","202","0","高雄市","仁武區","120.350","22.680","22"
"392","101759","20220623022000","381","1","高雄市","鳥松區","120.355","22.670","402"
"128","101760","20220623022000","1468","0","高雄市","仁武區","120.355","22.675","138"
"10","101761","20220623022000","10","1","高雄市","仁武區","120.340","22.690","13"
"18","101763","20220623022000","13","2","高雄市","仁武區","120.335","22.695","14"
"43","101765","20220623022000","38","1","高雄市","仁武區","120.345","22.695","40"
"178","101766","20220623022000","146","2","高雄市","仁武區","120.340","22.700","178"
"788","101767","20220623022000","767","1","高雄市","仁武區","120.345","22.700","777"
"199","101768","20220623022000","741","0","高雄市","仁武區","120.350","22.700","179"
"23","101777","20220623022000","15","3","高雄市","仁武區","120.375","22.710","22"
"29","101778","20220623022000","67","0","高雄市","仁武區","120.380","22.710","31"
"60","101783","20220623022000","64","0","高雄市","仁武區","120.380","22.715","62"
"41","101785","20220623022000","29","2","高雄市","仁武區","120.390","22.715","33"
"40","101790","20220623022000","30","2","高雄市","仁武區","120.390","22.720","29"
"482","101808","20220623022000","455","1","高雄市","三民區","120.335","22.670","475"
"889","101809","20220623022000","756","1","高雄市","仁武區","120.335","22.680","864"
"1900","101810","20220623022000","1641","1","高雄市","仁武區","120.335","22.685","1916"
"1139","101815","20220623022000","832","2","高雄市","仁武區","120.330","22.680","1131"
"96","101817","20220623022000","1605","0","高雄市","仁武區","120.330","22.690","84"
"146","101818","20220623022000","530","0","高雄市","仁武區","120.335","22.690","136"
"945","101819","20220623022000","921","1","高雄市","仁武區","120.330","22.675","955"
"214","101820","20220623022000","675","0","高雄市","仁武區","120.335","22.675","210"
"919","101822","20220623022000","711","2","高雄市","前鎮區","120.320","22.605","853"
"484","101823","20220623022000","546","0","高雄市","前鎮區","120.325","22.605","469"
"835","101824","20220623022000","1308","0","高雄市","前鎮區","120.325","22.610","822"
"3087","101825","20220623022000","2761","1","高雄市","前鎮區","120.320","22.610","3181"
"208","101826","20220623022000","193","1","高雄市","左營區","120.290","22.685","249"
"594","101827","20220623022000","369","3","高雄市","左營區","120.275","22.690","476"
"311","101829","20220623022000","121","3","高雄市","左營區","120.285","22.690","284"
"303","101832","20220623022000","247","2","高雄市","左營區","120.285","22.695","296"
"400","101833","20220623022000","452","0","高雄市","左營區","120.290","22.695","389"
"116","101835","20220623022000","262","0","高雄市","左營區","120.285","22.700","91"
"169","101836","20220623022000","120","2","高雄市","左營區","120.280","22.705","91"
"269","101837","20220623022000","235","1","高雄市","楠梓區","120.285","22.705","262"
"1423","101838","20220623022000","2301","0","高雄市","左營區","120.290","22.670","1509"
"1635","101839","20220623022000","1305","2","高雄市","苓雅區","120.335","22.630","1605"
"1030","101840","20220623022000","2002","0","高雄市","三民區","120.340","22.635","966"
"1104","101842","20220623022000","1009","1","高雄市","鳳山區","120.345","22.625","1135"
"611","101843","20220623022000","728","0","高雄市","鼓山區","120.275","22.660","617"
"318","101852","20220623022000","370","0","臺東縣","太麻里鄉","121.000","22.600","337"
"27","101859","20220623022000","414","0","臺東縣","太麻里鄉","121.010","22.605","25"
"50","101862","20220623022000","67","0","臺東縣","太麻里鄉","121.045","22.675","52"
"393","101876","20220623022000","283","2","臺東縣","太麻里鄉","121.030","22.685","393"
"251","101895","20220623022000","163","3","臺東縣","太麻里鄉","121.050","22.690","222"
"198","101900","20220623022000","163","2","臺東縣","卑南鄉","121.015","22.695","191"
"36","101930","20220623022000","36","1","臺東縣","太麻里鄉","121.020","22.650","49"
"16","101962","20220623022000","115","0","臺東縣","太麻里鄉","121.030","22.660","19"
"844","101964","20220623022000","739","1","高雄市","苓雅區","120.320","22.635","851"
"431","101965","20220623022000","1061","0","高雄市","三民區","120.315","22.635","420"
"2108","101966","20220623022000","2080","1","高雄市","苓雅區","120.330","22.630","2140"
"264","101967","20220623022000","269","0","高雄市","鳳山區","120.350","22.605","263"
"2253","101970","20220623022000","1886","1","高雄市","鳳山區","120.350","22.600","2280"
"2101","101972","20220623022000","1758","1","高雄市","鳳山區","120.335","22.610","2107"
"2803","101973","20220623022000","1892","2","高雄市","苓雅區","120.330","22.635","2786"
"148","101976","20220623022000","97","3","高雄市","大寮區","120.425","22.600","152"
"36","101977","20220623022000","84","0","高雄市","大寮區","120.430","22.600","33"
"57","101981","20220623022000","338","0","高雄市","前金區","120.290","22.620","54"
"1912","101982","20220623022000","1784","1","高雄市","苓雅區","120.340","22.625","1938"
"1018","101983","20220623022000","600","3","高雄市","苓雅區","120.330","22.620","987"
"2309","101984","20220623022000","2315","0","高雄市","鼓山區","120.280","22.650","3049"
"715","101985","20220623022000","1413","0","高雄市","三民區","120.285","22.640","744"
"1359","101988","20220623022000","983","2","高雄市","楠梓區","120.285","22.715","1386"
"2489","101989","20220623022000","2082","1","高雄市","苓雅區","120.305","22.620","2476"
"12","101990","20220623022000","25","0","高雄市","苓雅區","120.320","22.615","10"
"88","101991","20220623022000","1262","0","高雄市","苓雅區","120.320","22.630","95"
"2076","101992","20220623022000","1889","1","高雄市","前金區","120.295","22.620","1975"
"1264","101993","20220623022000","721","3","高雄市","苓雅區","120.325","22.625","1234"
"1323","101995","20220623022000","1397","0","高雄市","鼓山區","120.275","22.620","1370"
"123","101996","20220623022000","148","0","高雄市","鹽埕區","120.280","22.620","135"
"32","101997","20220623022000","741","0","高雄市","左營區","120.295","22.705","25"
"3805","101998","20220623022000","2713","2","高雄市","左營區","120.310","22.675","3977"
"780","101999","20220623022000","871","0","高雄市","左營區","120.315","22.675","776"
"1052","102000","20220623022000","841","2","高雄市","左營區","120.320","22.675","1020"
"77","102001","20220623022000","935","0","高雄市","左營區","120.305","22.685","87"
"617","102002","20220623022000","472","2","高雄市","左營區","120.310","22.680","606"
"2800","102003","20220623022000","2050","2","高雄市","左營區","120.320","22.680","2818"
"56","102005","20220623022000","124","0","高雄市","大寮區","120.395","22.600","63"
"308","102006","20220623022000","324","0","高雄市","大寮區","120.390","22.600","318"
"456","102007","20220623022000","398","1","高雄市","大寮區","120.390","22.605","461"
"1005","102008","20220623022000","851","1","高雄市","大寮區","120.395","22.605","980"
"639","102010","20220623022000","645","0","高雄市","大寮區","120.400","22.610","650"
"14","102011","20220623022000","18","0","高雄市","大寮區","120.405","22.610","20"
"819","102013","20220623022000","679","2","高雄市","大寮區","120.405","22.615","792"
"786","102015","20220623022000","846","0","高雄市","鳳山區","120.355","22.640","818"
"1053","102017","20220623022000","727","2","高雄市","鼓山區","120.280","22.635","1074"
"1469","102018","20220623022000","1044","2","高雄市","鳳山區","120.370","22.635","1534"
"819","102019","20220623022000","1353","0","高雄市","鼓山區","120.295","22.665","740"
"3391","102020","20220623022000","3567","0","高雄市","鼓山區","120.300","22.665","3334"
"16","102021","20220623022000","58","0","高雄市","鼓山區","120.265","22.625","19"
"188","102022","20220623022000","658","0","高雄市","鼓山區","120.265","22.630","232"
"16","102024","20220623022000","152","0","高雄市","鼓山區","120.260","22.635","26"
"166","102030","20220623022000","170","0","高雄市","鼓山區","120.255","22.645","188"
"27","102031","20220623022000","63","0","高雄市","鼓山區","120.260","22.645","25"
"705","102045","20220623022000","740","0","高雄市","鼓山區","120.275","22.650","662"
"677","102046","20220623022000","440","3","高雄市","苓雅區","120.310","22.620","667"
"2366","102047","20220623022000","2675","0","高雄市","左營區","120.295","22.670","2216"
"31","102048","20220623022000","342","0","高雄市","鼓山區","120.285","22.670","23"
"89","102049","20220623022000","1031","0","高雄市","鼓山區","120.280","22.640","78"
"327","102052","20220623022000","333","0","高雄市","大樹區","120.430","22.675","332"
"378","102078","20220623022000","464","0","高雄市","大樹區","120.410","22.675","366"
"207","102079","20220623022000","221","0","高雄市","大樹區","120.405","22.680","207"
"33","102090","20220623022000","48","0","高雄市","大樹區","120.395","22.690","35"
"944","102093","20220623022000","833","1","高雄市","大樹區","120.430","22.690","941"
"458","102098","20220623022000","385","1","高雄市","大樹區","120.435","22.695","444"
"457","102111","20220623022000","575","0","高雄市","大樹區","120.410","22.660","469"
"946","102113","20220623022000","617","3","高雄市","大樹區","120.410","22.665","943"
"321","102120","20220623022000","267","2","高雄市","大樹區","120.445","22.725","317"
"304","102123","20220623022000","287","1","高雄市","大樹區","120.445","22.730","323"
"136","102126","20220623022000","117","1","高雄市","大樹區","120.445","22.735","134"
"125","102132","20220623022000","122","1","高雄市","大樹區","120.425","22.665","135"
"162","102141","20220623022000","95","3","高雄市","大樹區","120.425","22.675","154"
"1420","102143","20220623022000","1532","0","高雄市","左營區","120.295","22.690","1388"
"962","102144","20220623022000","950","1","高雄市","鳳山區","120.360","22.620","981"
"1595","102146","20220623022000","1820","0","高雄市","鳳山區","120.355","22.620","1571"
"497","102147","20220623022000","475","1","高雄市","鳳山區","120.335","22.600","491"
"3297","102148","20220623022000","2489","2","高雄市","新興區","120.315","22.630","3231"
"1492","102149","20220623022000","1164","2","高雄市","苓雅區","120.305","22.615","1404"
"1786","102150","20220623022000","1401","2","高雄市","鳳山區","120.345","22.605","1712"
"2678","102151","20220623022000","2200","2","高雄市","前鎮區","120.330","22.605","2670"
"1791","102152","20220623022000","1425","2","高雄市","鳥松區","120.345","22.650","1804"
"1973","102153","20220623022000","2294","0","高雄市","三民區","120.330","22.650","1968"
"586","102154","20220623022000","1342","0","高雄市","三民區","120.330","22.655","545"
"51","102157","20220623022000","359","0","高雄市","仁武區","120.360","22.675","58"
"96","102159","20220623022000","105","0","高雄市","仁武區","120.365","22.680","104"
"644","102160","20220623022000","632","1","高雄市","仁武區","120.360","22.685","678"
"141","102165","20220623022000","135","1","高雄市","仁武區","120.365","22.685","145"
"198","102172","20220623022000","285","0","高雄市","大寮區","120.425","22.605","182"
"70","102173","20220623022000","487","0","高雄市","大寮區","120.430","22.605","64"
"1010","102181","20220623022000","789","2","高雄市","大寮區","120.410","22.615","999"
"30","102185","20220623022000","22","2","高雄市","大寮區","120.430","22.615","27"
"337","102186","20220623022000","258","2","高雄市","大寮區","120.420","22.640","323"
"247","102190","20220623022000","255","0","高雄市","大寮區","120.415","22.640","273"
"12","102199","20220623022000","173","0","高雄市","鼓山區","120.275","22.630","12"
"486","102200","20220623022000","334","2","高雄市","鼓山區","120.270","22.620","445"
"571","102203","20220623022000","590","0","高雄市","大寮區","120.385","22.640","575"
"326","102206","20220623022000","311","1","高雄市","鳥松區","120.385","22.645","342"
"405","102213","20220623022000","221","3","高雄市","鳥松區","120.390","22.650","390"
"251","102214","20220623022000","198","2","高雄市","鳥松區","120.395","22.650","255"
"733","102215","20220623022000","665","1","高雄市","鳥松區","120.390","22.655","756"
"11","102216","20220623022000","247","0","高雄市","鳥松區","120.395","22.655","13"
"256","102217","20220623022000","150","3","高雄市","鳥松區","120.400","22.655","234"
"594","102227","20220623022000","501","1","高雄市","鼓山區","120.285","22.655","612"
"1429","102228","20220623022000","1371","1","高雄市","三民區","120.295","22.650","1428"
"1993","102229","20220623022000","1457","2","高雄市","鼓山區","120.295","22.655","1860"
"1937","102230","20220623022000","1804","1","高雄市","鼓山區","120.300","22.655","1899"
"1172","102231","20220623022000","1693","0","高雄市","鼓山區","120.305","22.655","1132"
"557","102232","20220623022000","633","0","高雄市","左營區","120.310","22.655","538"
"4123","102233","20220623022000","3726","1","高雄市","鼓山區","120.295","22.660","4907"
"95","102235","20220623022000","536","0","高雄市","楠梓區","120.315","22.715","105"
"1170","102236","20220623022000","1168","1","高雄市","楠梓區","120.315","22.720","1155"
"454","102237","20220623022000","1787","0","高雄市","楠梓區","120.295","22.710","463"
"2380","102238","20220623022000","2265","1","高雄市","苓雅區","120.315","22.620","2382"
"67","102239","20220623022000","65","1","高雄市","旗津區","120.265","22.615","91"
"570","102241","20220623022000","519","1","高雄市","大寮區","120.410","22.620","549"
"376","102243","20220623022000","286","2","高雄市","大寮區","120.410","22.625","363"
"205","102244","20220623022000","194","1","高雄市","大寮區","120.405","22.630","228"
"133","102246","20220623022000","125","1","高雄市","大樹區","120.425","22.715","134"
"108","102254","20220623022000","1274","0","高雄市","大樹區","120.405","22.725","117"
"76","102259","20220623022000","57","2","高雄市","大樹區","120.430","22.725","83"
"48","102260","20220623022000","1414","0","高雄市","仁武區","120.400","22.730","55"
"15","102261","20220623022000","266","0","高雄市","大樹區","120.405","22.730","16"
"31","102267","20220623022000","56","0","高雄市","大樹區","120.410","22.735","37"
"530","102273","20220623022000","509","1","高雄市","大樹區","120.415","22.655","583"
"352","102274","20220623022000","347","1","高雄市","大樹區","120.420","22.655","343"
"74","102276","20220623022000","591","0","高雄市","大樹區","120.420","22.660","72"
"105","102278","20220623022000","92","1","高雄市","大樹區","120.410","22.645","127"
"46","102279","20220623022000","39","1","高雄市","大樹區","120.415","22.645","47"
"460","102280","20220623022000","898","0","高雄市","大樹區","120.420","22.645","453"
"354","102282","20220623022000","369","0","高雄市","大樹區","120.425","22.650","373"
"468","102285","20220623022000","449","1","高雄市","大樹區","120.425","22.655","461"
"153","102292","20220623022000","221","0","高雄市","大寮區","120.405","22.605","171"
"49","102296","20220623022000","58","0","高雄市","前鎮區(海)","120.285","22.610","70"
"1150","102302","20220623022000","1009","1","高雄市","大寮區","120.390","22.635","1121"
"521","102303","20220623022000","599","0","高雄市","大寮區","120.395","22.635","536"
"108","102304","20220623022000","96","1","高雄市","大寮區","120.400","22.635","104"
"256","102305","20220623022000","122","3","高雄市","大寮區","120.400","22.640","244"
"1270","102306","20220623022000","1364","0","高雄市","三民區","120.305","22.645","1306"
"1966","102307","20220623022000","1540","2","高雄市","三民區","120.305","22.650","1852"
"1886","102308","20220623022000","1657","1","高雄市","鳳山區","120.345","22.620","1898"
"1669","102309","20220623022000","390","3","高雄市","鳳山區","120.350","22.620","1647"
"366","102310","20220623022000","1410","0","高雄市","鳳山區","120.350","22.625","351"
"121","102311","20220623022000","124","0","高雄市","旗津區","120.275","22.605","123"
"213","102312","20220623022000","182","1","高雄市","旗津區(海)","120.275","22.610","154"
"566","102313","20220623022000","549","1","高雄市","旗津區","120.275","22.600","649"
"569","102314","20220623022000","477","1","高雄市","旗津區","120.270","22.610","577"
"86","102316","20220623022000","58","2","高雄市","大社區","120.365","22.715","95"
"353","102319","20220623022000","359","0","高雄市","大社區","120.350","22.720","343"
"74","102326","20220623022000","67","1","高雄市","大社區","120.340","22.730","72"
"532","102327","20220623022000","1132","0","高雄市","大社區","120.350","22.735","545"
"1765","102328","20220623022000","1789","0","高雄市","大社區","120.345","22.730","1783"
"784","102329","20220623022000","1226","0","高雄市","大社區","120.350","22.730","805"
"551","102330","20220623022000","600","0","高雄市","大社區","120.355","22.730","560"
"61","102333","20220623022000","44","2","高雄市","大社區","120.370","22.730","64"
"45","102335","20220623022000","44","1","高雄市","大社區","120.375","22.730","47"
"248","102340","20220623022000","250","0","高雄市","大社區","120.360","22.720","235"
"1201","102341","20220623022000","1300","0","高雄市","大社區","120.350","22.725","1166"
"664","102342","20220623022000","554","1","高雄市","大社區","120.355","22.725","671"
"131","102345","20220623022000","365","0","高雄市","左營區","120.300","22.690","136"
"190","102347","20220623022000","155","2","高雄市","左營區","120.265","22.675","202"
"223","102349","20220623022000","116","3","高雄市","左營區","120.275","22.675","202"
"221","102350","20220623022000","119","3","高雄市","左營區","120.280","22.675","244"
"185","102353","20220623022000","225","0","高雄市","左營區","120.275","22.680","211"
"632","102354","20220623022000","1254","0","高雄市","左營區","120.280","22.680","631"
"371","102356","20220623022000","287","2","高雄市","左營區","120.265","22.680","444"
"165","102357","20220623022000","154","1","高雄市","左營區","120.270","22.680","111"
"365","102358","20220623022000","376","0","高雄市","左營區","120.280","22.685","353"
"133","102360","20220623022000","152","0","高雄市","左營區","120.265","22.685","144"
"381","102361","20220623022000","299","2","高雄市","左營區","120.275","22.685","436"
"36","102364","20220623022000","165","0","高雄市","左營區","120.295","22.685","24"
"2279","102365","20220623022000","2002","1","高雄市","新興區","120.310","22.625","2193"
"1190","102366","20220623022000","815","2","高雄市","新興區","120.305","22.625","1208"
"1823","102370","20220623022000","1556","1","高雄市","仁武區","120.325","22.680","1771"
"2727","102371","20220623022000","2502","1","高雄市","左營區","120.305","22.680","2681"
"761","102372","20220623022000","2419","0","高雄市","左營區","120.315","22.680","751"
"940","102373","20220623022000","926","1","高雄市","左營區","120.315","22.685","951"
"736","102374","20220623022000","973","0","高雄市","仁武區","120.330","22.685","756"
"268","102375","20220623022000","527","0","高雄市","左營區","120.310","22.690","282"
"2576","102376","20220623022000","2219","1","高雄市","左營區","120.320","22.685","2632"
"3545","102377","20220623022000","3458","1","高雄市","三民區","120.310","22.645","3537"
"576","102378","20220623022000","947","0","高雄市","三民區","120.310","22.650","573"
"1851","102380","20220623022000","1552","1","高雄市","三民區","120.325","22.640","1832"
"790","102381","20220623022000","756","1","高雄市","三民區","120.295","22.640","808"
"1703","102382","20220623022000","1657","1","高雄市","三民區","120.300","22.650","1709"
"1357","102383","20220623022000","1105","2","高雄市","新興區","120.300","22.635","1302"
"1522","102384","20220623022000","1129","2","高雄市","三民區","120.285","22.635","1458"
"1436","102385","20220623022000","1428","1","高雄市","三民區","120.330","22.645","1402"
"22","102386","20220623022000","33","0","高雄市","楠梓區","120.330","22.725","23"
"57","102387","20220623022000","60","0","高雄市","楠梓區","120.330","22.730","63"
"1655","102388","20220623022000","1576","1","高雄市","楠梓區","120.335","22.730","1676"
"2460","102389","20220623022000","2018","2","高雄市","楠梓區","120.325","22.730","2474"
"1614","102390","20220623022000","1440","1","高雄市","楠梓區","120.285","22.720","1556"
"555","102391","20220623022000","738","0","高雄市","楠梓區","120.290","22.705","561"
"115","102393","20220623022000","40","3","高雄市","楠梓區","120.305","22.700","106"
"140","102408","20220623022000","101","2","高雄市","鼓山區(海)","120.295","22.600","134"
"1670","102417","20220623022000","1822","0","高雄市","三民區","120.300","22.645","1705"
"76","102419","20220623022000","116","0","高雄市","新興區","120.310","22.635","67"
"1847","102420","20220623022000","1536","2","高雄市","三民區","120.300","22.640","1881"
"509","102421","20220623022000","551","0","高雄市","鳳山區","120.345","22.600","545"
"3009","102422","20220623022000","3642","0","高雄市","鳳山區","120.345","22.610","2967"
"287","102423","20220623022000","229","2","高雄市","鳳山區","120.355","22.610","286"
"1462","102424","20220623022000","1489","0","高雄市","鹽埕區","120.285","22.625","1401"
"1873","102425","20220623022000","1298","2","高雄市","鹽埕區","120.285","22.620","1871"
"339","102426","20220623022000","317","1","高雄市","楠梓區","120.305","22.720","370"
"841","102427","20220623022000","813","1","高雄市","楠梓區","120.310","22.720","799"
"956","102428","20220623022000","758","2","高雄市","楠梓區","120.305","22.725","896"
"947","102429","20220623022000","791","1","高雄市","楠梓區","120.310","22.725","987"
"621","102430","20220623022000","1234","0","高雄市","楠梓區","120.315","22.725","643"
"1330","102431","20220623022000","1371","0","高雄市","楠梓區","120.315","22.730","1339"
"279","102432","20220623022000","174","3","高雄市","楠梓區","120.265","22.705","306"
"33","102441","20220623022000","290","0","高雄市","楠梓區","120.280","22.715","37"
"295","102442","20220623022000","1143","0","高雄市","楠梓區","120.280","22.720","414"
"532","102444","20220623022000","445","1","高雄市","楠梓區","120.320","22.715","521"
"716","102445","20220623022000","547","2","高雄市","楠梓區","120.325","22.720","731"
"45","102447","20220623022000","737","0","高雄市","楠梓區","120.320","22.720","41"
"148","102448","20220623022000","179","0","高雄市","旗津區","120.270","22.605","148"
"206","102466","20220623022000","162","2","高雄市","大樹區","120.415","22.705","210"
"45","102478","20220623022000","253","0","高雄市","大樹區","120.440","22.710","47"
"240","102482","20220623022000","259","0","高雄市","大樹區","120.445","22.715","242"
"111","111108","20220623022000","598","0","屏東縣","九如鄉","120.480","22.750","120"
"13","111134","20220623022000","14","0","屏東縣","九如鄉","120.490","22.740","16"
"362","111142","20220623022000","216","3","屏東縣","九如鄉","120.500","22.740","352"
"37","111145","20220623022000","225","0","屏東縣","九如鄉","120.500","22.745","18"
"30","111157","20220623022000","391","0","屏東縣","九如鄉","120.500","22.760","39"
"108","111163","20220623022000","100","1","屏東縣","九如鄉","120.495","22.745","117"
"297","111167","20220623022000","216","2","屏東縣","九如鄉","120.490","22.755","296"
"16","111171","20220623022000","161","0","屏東縣","九如鄉","120.495","22.760","15"
"238","111186","20220623022000","152","3","屏東縣","高樹鄉","120.570","22.795","257"
"52","111215","20220623022000","44","1","屏東縣","鹽埔鄉","120.545","22.760","50"
"40","111217","20220623022000","143","0","屏東縣","鹽埔鄉","120.555","22.760","43"
"317","111238","20220623022000","222","2","屏東縣","鹽埔鄉","120.545","22.745","311"
"405","111270","20220623022000","356","1","屏東縣","鹽埔鄉","120.550","22.735","379"
"17","111271","20220623022000","24","0","屏東縣","鹽埔鄉","120.560","22.735","22"
"42","111273","20220623022000","327","0","屏東縣","鹽埔鄉","120.555","22.740","434"
"395","111282","20220623022000","195","3","屏東縣","鹽埔鄉","120.560","22.740","359"
"333","111309","20220623022000","242","2","屏東縣","鹽埔鄉","120.515","22.740","368"
"42","111315","20220623022000","234","0","屏東縣","鹽埔鄉","120.580","22.740","53"
"47","111337","20220623022000","396","0","屏東縣","鹽埔鄉","120.580","22.755","46"
"276","111360","20220623022000","876","0","屏東縣","鹽埔鄉","120.575","22.755","278"
"118","111374","20220623022000","112","1","屏東縣","里港鄉","120.480","22.770","127"
"462","111380","20220623022000","380","2","屏東縣","里港鄉","120.480","22.775","446"
"131","111398","20220623022000","106","2","屏東縣","里港鄉","120.490","22.820","139"
"26","111418","20220623022000","226","0","屏東縣","里港鄉","120.490","22.775","29"
"983","111419","20220623022000","783","2","屏東縣","里港鄉","120.495","22.775","985"
"97","111451","20220623022000","137","0","屏東縣","里港鄉","120.535","22.775","92"
"40","111459","20220623022000","466","0","屏東縣","里港鄉","120.520","22.785","48"
"211","111491","20220623022000","185","1","屏東縣","里港鄉","120.500","22.780","230"
"104","111507","20220623022000","308","0","屏東縣","高樹鄉","120.615","22.815","123"
"17","111605","20220623022000","55","0","屏東縣","三地門鄉","120.700","22.790","21"
"21","111824","20220623022000","39","0","屏東縣","三地門鄉","120.700","22.765","17"
"156","111907","20220623022000","114","2","屏東縣","三地門鄉","120.635","22.745","151"
"20","112026","20220623022000","61","0","屏東縣","霧台鄉","120.740","22.740","15"
"406","112600","20220623022000","202","3","屏東縣","里港鄉","120.505","22.810","410"
"268","112635","20220623022000","235","1","屏東縣","里港鄉","120.490","22.805","256"
"356","112659","20220623022000","310","1","屏東縣","里港鄉","120.505","22.815","330"
"12","112669","20220623022000","96","0","屏東縣","里港鄉","120.505","22.820","168"
"211","112687","20220623022000","164","2","屏東縣","里港鄉","120.535","22.825","198"
"156","112714","20220623022000","117","2","屏東縣","里港鄉","120.485","22.765","173"
"1329","112719","20220623022000","944","2","屏東縣","里港鄉","120.495","22.780","1350"
"22","112920","20220623022000","48","0","屏東縣","霧台鄉","120.725","22.740","22"
"208","112942","20220623022000","146","2","屏東縣","高樹鄉","120.595","22.775","208"
"19","112982","20220623022000","13","2","屏東縣","高樹鄉","120.615","22.760","22"
"160","112999","20220623022000","122","2","屏東縣","高樹鄉","120.635","22.770","163"
"20","113004","20220623022000","33","0","屏東縣","高樹鄉","120.630","22.740","19"
"216","113006","20220623022000","181","1","屏東縣","高樹鄉","120.620","22.740","202"
"59","113023","20220623022000","37","3","屏東縣","高樹鄉","120.625","22.830","57"
"382","113048","20220623022000","337","1","屏東縣","高樹鄉","120.560","22.785","379"
"37","113075","20220623022000","116","0","屏東縣","高樹鄉","120.590","22.825","28"
"279","113097","20220623022000","246","1","屏東縣","高樹鄉","120.610","22.785","298"
"10","113099","20220623022000","197","0","屏東縣","高樹鄉","120.620","22.785","14"
"35","113103","20220623022000","37","0","屏東縣","高樹鄉","120.610","22.790","32"
"77","113129","20220623022000","51","3","屏東縣","高樹鄉","120.595","22.810","78"
"53","113131","20220623022000","46","1","屏東縣","高樹鄉","120.595","22.815","59"
"1223","113133","20220623022000","1041","1","屏東縣","高樹鄉","120.600","22.825","1223"
"1715","113137","20220623022000","2302","0","臺東縣","臺東市","121.155","22.750","1681"
"63","113138","20220623022000","465","0","臺東縣","臺東市","121.135","22.760","50"
"21","113139","20220623022000","30","0","臺東縣","臺東市","121.160","22.760","28"
"2051","113141","20220623022000","1325","3","臺東縣","臺東市","121.155","22.755","2090"
"800","113159","20220623022000","549","2","高雄市","永安區","120.225","22.820","755"
"600","113177","20220623022000","366","3","高雄市","永安區","120.250","22.810","580"
"30","113178","20220623022000","341","0","高雄市","岡山區","120.255","22.810","33"
"90","113182","20220623022000","74","2","高雄市","永安區","120.250","22.815","82"
"151","113185","20220623022000","162","0","高雄市","永安區","120.240","22.815","145"
"31","113196","20220623022000","31","1","高雄市","永安區","120.205","22.840","21"
"524","113206","20220623022000","606","0","臺東縣","臺東市","121.130","22.765","557"
"930","113207","20220623022000","1252","0","臺東縣","臺東市","121.120","22.770","914"
"38","113208","20220623022000","477","0","臺東縣","臺東市","121.125","22.770","27"
"659","113213","20220623022000","530","2","臺東縣","臺東市","121.125","22.780","637"
"1515","113214","20220623022000","1454","1","臺東縣","臺東市","121.120","22.785","1507"
"13","113215","20220623022000","294","0","臺東縣","臺東市","121.125","22.785","13"
"205","113216","20220623022000","157","2","臺東縣","臺東市","121.130","22.770","201"
"1409","113217","20220623022000","800","3","臺東縣","臺東市","121.135","22.770","1371"
"92","113218","20220623022000","112","0","臺東縣","臺東市","121.125","22.775","86"
"421","113219","20220623022000","497","0","臺東縣","臺東市","121.130","22.775","423"
"925","113236","20220623022000","851","1","臺東縣","臺東市","121.115","22.785","918"
"315","113239","20220623022000","234","2","臺東縣","臺東市","121.110","22.790","295"
"36","113251","20220623022000","30","2","臺東縣","臺東市","121.155","22.760","29"
"132","113258","20220623022000","82","3","臺東縣","臺東市","121.175","22.780","106"
"86","113260","20220623022000","73","1","臺東縣","臺東市","121.185","22.790","89"
"569","113263","20220623022000","478","1","臺東縣","臺東市","121.190","22.795","502"
"88","113266","20220623022000","74","1","臺東縣","臺東市","121.195","22.800","85"
"40","113269","20220623022000","36","1","臺東縣","臺東市","121.190","22.810","42"
"106","113273","20220623022000","96","1","臺東縣","臺東市","121.195","22.815","128"
"185","113295","20220623022000","205","0","臺東縣","臺東市","121.175","22.785","210"
"135","113299","20220623022000","147","0","臺東縣","臺東市","121.175","22.790","111"
"129","113310","20220623022000","119","1","臺東縣","臺東市","121.150","22.765","123"
"787","113311","20220623022000","731","1","臺東縣","臺東市","121.155","22.765","795"
"165","113314","20220623022000","1084","0","高雄市","岡山區","120.285","22.780","177"
"49","113315","20220623022000","45","1","高雄市","岡山區","120.290","22.780","52"
"91","113317","20220623022000","87","1","高雄市","岡山區","120.290","22.785","96"
"764","113318","20220623022000","804","0","高雄市","岡山區","120.280","22.800","794"
"158","113327","20220623022000","250","0","臺東縣","臺東市","121.065","22.740","149"
"287","113345","20220623022000","271","1","臺東縣","臺東市","121.055","22.760","296"
"184","113347","20220623022000","238","0","臺東縣","臺東市","121.060","22.760","186"
"83","113353","20220623022000","363","0","臺東縣","臺東市","121.140","22.765","69"
"1486","113354","20220623022000","1697","0","臺東縣","臺東市","121.145","22.765","1508"
"363","113355","20220623022000","473","0","臺東縣","臺東市","121.140","22.770","326"
"1570","113356","20220623022000","1374","1","臺東縣","臺東市","121.145","22.770","1503"
"914","113364","20220623022000","970","0","臺東縣","臺東市","121.145","22.745","921"
"778","113366","20220623022000","1474","0","臺東縣","臺東市","121.140","22.750","707"
"335","113367","20220623022000","371","0","臺東縣","臺東市","121.145","22.750","291"
"225","113369","20220623022000","633","0","臺東縣","臺東市","121.145","22.755","212"
"318","113378","20220623022000","224","2","臺東縣","臺東市","121.125","22.790","300"
"535","113380","20220623022000","512","1","臺東縣","臺東市","121.130","22.790","542"
"796","113381","20220623022000","1106","0","臺東縣","臺東市","121.125","22.795","734"
"273","113386","20220623022000","213","2","臺東縣","臺東市","121.125","22.805","251"
"117","113389","20220623022000","72","3","臺東縣","臺東市","121.120","22.810","116"
"1250","113416","20220623022000","1087","1","臺東縣","臺東市","121.105","22.750","1245"
"264","113423","20220623022000","184","2","臺東縣","臺東市","121.105","22.755","284"
"212","113425","20220623022000","300","0","臺東縣","臺東市","121.075","22.760","227"
"352","113434","20220623022000","493","0","臺東縣","臺東市","121.060","22.735","372"
"85","113448","20220623022000","77","1","屏東縣","里港鄉","120.530","22.830","80"
"90","113450","20220623022000","62","2","高雄市","美濃區","120.540","22.830","91"
"257","113466","20220623022000","222","1","高雄市","美濃區","120.530","22.840","244"
"40","113487","20220623022000","32","2","高雄市","大樹區","120.445","22.740","47"
"62","113496","20220623022000","59","1","高雄市","大樹區","120.445","22.745","58"
"577","113505","20220623022000","687","0","高雄市","大樹區","120.445","22.750","609"
"43","113506","20220623022000","43","1","高雄市","大樹區","120.450","22.750","44"
"74","113513","20220623022000","74","1","高雄市","岡山區","120.270","22.775","75"
"201","113514","20220623022000","335","0","高雄市","楠梓區","120.280","22.735","197"
"326","113564","20220623022000","156","3","臺東縣","卑南鄉","121.075","22.775","313"
"400","113740","20220623022000","415","0","臺東縣","卑南鄉","121.080","22.775","409"
"349","113741","20220623022000","326","1","臺東縣","卑南鄉","121.085","22.775","329"
"506","113742","20220623022000","446","1","臺東縣","卑南鄉","121.090","22.775","470"
"390","113750","20220623022000","251","3","臺東縣","卑南鄉","121.080","22.785","371"
"47","113762","20220623022000","149","0","臺東縣","卑南鄉","121.095","22.790","34"
"300","113792","20220623022000","298","1","臺東縣","卑南鄉","121.100","22.825","305"
"137","113799","20220623022000","94","2","臺東縣","卑南鄉","121.090","22.830","144"
"17","113840","20220623022000","225","0","臺東縣","卑南鄉","121.105","22.795","25"
"488","113843","20220623022000","470","1","臺東縣","卑南鄉","121.090","22.800","488"
"132","113882","20220623022000","130","1","臺東縣","卑南鄉","121.090","22.820","116"
"21","113896","20220623022000","24","0","高雄市","路竹區","120.270","22.840","26"
"404","113902","20220623022000","279","2","高雄市","橋頭區","120.290","22.745","401"
"73","113905","20220623022000","114","0","高雄市","橋頭區","120.295","22.755","70"
"342","113906","20220623022000","458","0","高雄市","楠梓區","120.325","22.755","387"
"89","113911","20220623022000","88","1","高雄市","橋頭區","120.320","22.765","91"
"700","113923","20220623022000","616","1","高雄市","橋頭區","120.305","22.770","640"
"351","113933","20220623022000","278","2","高雄市","橋頭區","120.290","22.760","351"
"403","113934","20220623022000","360","1","高雄市","岡山區","120.280","22.765","396"
"30","113947","20220623022000","27","1","高雄市","路竹區","120.275","22.840","30"
"41","113948","20220623022000","44","0","高雄市","路竹區","120.280","22.840","39"
"260","113950","20220623022000","196","2","高雄市","路竹區","120.275","22.820","263"
"141","113959","20220623022000","140","1","高雄市","路竹區","120.275","22.825","136"
"177","113962","20220623022000","151","1","高雄市","路竹區","120.265","22.830","187"
"19","113965","20220623022000","14","2","高雄市","路竹區","120.265","22.840","21"
"626","113969","20220623022000","509","2","高雄市","路竹區","120.240","22.835","606"
"740","113971","20220623022000","581","2","高雄市","路竹區","120.250","22.835","740"
"308","113978","20220623022000","296","1","高雄市","路竹區","120.245","22.845","322"
"179","113982","20220623022000","156","1","高雄市","路竹區","120.260","22.840","182"
"250","113984","20220623022000","242","1","高雄市","彌陀區","120.245","22.785","210"
"384","113985","20220623022000","254","3","高雄市","彌陀區","120.245","22.790","401"
"53","113992","20220623022000","48","1","高雄市","橋頭區","120.300","22.765","56"
"25","113994","20220623022000","749","0","高雄市","橋頭區","120.320","22.735","20"
"389","113997","20220623022000","297","2","高雄市","橋頭區","120.315","22.745","393"
"473","114001","20220623022000","620","0","高雄市","橋頭區","120.315","22.760","517"
"302","114004","20220623022000","276","1","高雄市","橋頭區","120.310","22.760","282"
"1785","114006","20220623022000","1588","1","高雄市","橋頭區","120.310","22.765","1900"
"418","114050","20220623022000","389","1","高雄市","橋頭區","120.300","22.740","407"
"860","114055","20220623022000","520","3","高雄市","橋頭區","120.295","22.735","868"
"396","114057","20220623022000","512","0","高雄市","橋頭區","120.295","22.740","386"
"52","114059","20220623022000","647","0","高雄市","橋頭區","120.290","22.765","63"
"338","114062","20220623022000","259","2","高雄市","橋頭區","120.270","22.735","357"
"35","114068","20220623022000","419","0","高雄市","橋頭區","120.280","22.745","34"
"478","114075","20220623022000","303","3","高雄市","永安區","120.240","22.820","503"
"100","114077","20220623022000","72","2","高雄市","永安區","120.250","22.820","89"
"117","114094","20220623022000","81","2","高雄市","永安區","120.210","22.810","110"
"38","114108","20220623022000","45","0","高雄市","永安區","120.205","22.825","39"
"1507","114116","20220623022000","1713","0","臺東縣","臺東市","121.150","22.755","1479"
"2415","114117","20220623022000","1872","2","臺東縣","臺東市","121.145","22.760","2371"
"790","114118","20220623022000","762","1","臺東縣","臺東市","121.150","22.760","770"
"400","114125","20220623022000","380","1","臺東縣","臺東市","121.115","22.750","420"
"1828","114128","20220623022000","1368","2","臺東縣","臺東市","121.135","22.755","1801"
"1121","114129","20220623022000","907","2","臺東縣","臺東市","121.140","22.760","1113"
"294","114130","20220623022000","1343","0","臺東縣","臺東市","121.150","22.750","261"
"314","114135","20220623022000","286","1","臺東縣","臺東市","121.100","22.740","310"
"354","114143","20220623022000","592","0","高雄市","燕巢區","120.360","22.765","356"
"806","114144","20220623022000","755","1","高雄市","燕巢區","120.365","22.765","851"
"423","114154","20220623022000","687","0","高雄市","燕巢區","120.360","22.770","430"
"641","114155","20220623022000","519","2","高雄市","岡山區","120.315","22.775","612"
"342","114160","20220623022000","289","1","高雄市","燕巢區","120.340","22.775","339"
"132","114174","20220623022000","112","1","高雄市","燕巢區","120.360","22.775","130"
"102","114194","20220623022000","68","3","高雄市","燕巢區","120.400","22.810","87"
"242","114204","20220623022000","245","0","高雄市","燕巢區","120.340","22.755","240"
"189","114206","20220623022000","209","0","高雄市","燕巢區","120.350","22.755","162"
"555","114207","20220623022000","435","2","高雄市","燕巢區","120.355","22.755","542"
"58","114210","20220623022000","109","0","高雄市","燕巢區","120.335","22.760","46"
"191","114212","20220623022000","216","0","高雄市","燕巢區","120.345","22.760","164"
"33","114214","20220623022000","76","0","高雄市","燕巢區","120.355","22.760","25"
"27","114226","20220623022000","17","3","高雄市","田寮區","120.420","22.820","19"
"1322","114271","20220623022000","1021","2","高雄市","岡山區","120.285","22.795","1381"
"692","114274","20220623022000","548","2","高雄市","岡山區","120.280","22.780","673"
"558","114276","20220623022000","536","1","高雄市","梓官區","120.265","22.750","567"
"674","114278","20220623022000","573","1","高雄市","梓官區","120.260","22.745","686"
"462","114279","20220623022000","170","3","高雄市","梓官區","120.265","22.745","419"
"78","114284","20220623022000","85","0","高雄市","梓官區","120.265","22.765","76"
"851","114288","20220623022000","698","2","高雄市","梓官區","120.265","22.760","857"
"1602","114295","20220623022000","1117","2","高雄市","梓官區","120.270","22.760","1596"
"395","114297","20220623022000","327","2","高雄市","梓官區","120.245","22.740","411"
"124","114302","20220623022000","98","2","高雄市","梓官區","120.245","22.750","115"
"562","114304","20220623022000","348","3","高雄市","梓官區","120.250","22.735","543"
"699","114307","20220623022000","975","0","高雄市","橋頭區","120.310","22.750","725"
"91","114308","20220623022000","84","1","高雄市","橋頭區","120.315","22.755","77"
"972","114309","20220623022000","1393","0","高雄市","橋頭區","120.310","22.755","986"
"552","114311","20220623022000","444","2","高雄市","橋頭區","120.305","22.735","525"
"319","114315","20220623022000","300","1","高雄市","橋頭區","120.305","22.740","336"
"608","114318","20220623022000","596","1","高雄市","橋頭區","120.310","22.745","601"
"408","114322","20220623022000","425","0","高雄市","橋頭區","120.300","22.755","406"
"210","114329","20220623022000","117","3","高雄市","旗山區","120.445","22.775","233"
"56","114344","20220623022000","46","2","高雄市","旗山區","120.440","22.785","57"
"15","114358","20220623022000","24","0","高雄市","旗山區","120.435","22.795","10"
"149","114363","20220623022000","153","0","高雄市","旗山區","120.460","22.795","145"
"48","114393","20220623022000","47","1","高雄市","旗山區","120.455","22.815","50"
"93","114395","20220623022000","81","1","高雄市","旗山區","120.465","22.815","96"
"668","114407","20220623022000","744","0","高雄市","旗山區","120.465","22.840","681"
"92","114408","20220623022000","80","1","高雄市","旗山區","120.450","22.845","107"
"28","114416","20220623022000","520","0","高雄市","梓官區","120.270","22.765","32"
"58","114421","20220623022000","1064","0","高雄市","梓官區","120.260","22.740","87"
"304","114422","20220623022000","309","0","高雄市","橋頭區","120.265","22.740","320"
"17","114424","20220623022000","308","0","臺東縣","卑南鄉","121.160","22.790","16"
"47","114462","20220623022000","56","0","臺東縣","卑南鄉","121.150","22.820","47"
"85","114473","20220623022000","103","0","臺東縣","卑南鄉","121.150","22.830","99"
"59","114575","20220623022000","90","0","臺東縣","卑南鄉","121.055","22.745","104"
"279","114700","20220623022000","309","0","臺東縣","臺東市","121.045","22.760","278"
"143","114840","20220623022000","121","1","臺東縣","卑南鄉","121.070","22.795","124"
"387","114846","20220623022000","338","1","臺東縣","卑南鄉","121.065","22.800","339"
"654","114971","20220623022000","670","0","臺東縣","臺東市","121.125","22.740","643"
"14","114972","20220623022000","558","0","臺東縣","臺東市","121.130","22.740","13"
"1077","114977","20220623022000","1075","1","臺東縣","臺東市","121.135","22.740","1026"
"949","114979","20220623022000","933","1","臺東縣","臺東市","121.120","22.735","1000"
"11","114990","20220623022000","13","0","高雄市","岡山區","120.345","22.820","11"
"1295","115004","20220623022000","1381","0","高雄市","岡山區","120.285","22.790","1292"
"17","115005","20220623022000","18","0","高雄市","岡山區","120.290","22.790","19"
"328","115006","20220623022000","269","2","高雄市","岡山區","120.295","22.785","333"
"10","115293","20220623022000","12","0","高雄市","田寮區","120.370","22.825","10"
"307","115298","20220623022000","209","2","高雄市","田寮區","120.360","22.830","329"
"135","115300","20220623022000","127","1","高雄市","田寮區","120.370","22.830","135"
"124","115304","20220623022000","101","2","高雄市","田寮區","120.355","22.835","118"
"40","115311","20220623022000","53","0","高雄市","田寮區","120.395","22.835","49"
"126","115312","20220623022000","113","1","高雄市","田寮區","120.345","22.840","97"
"43","115319","20220623022000","51","0","高雄市","田寮區","120.345","22.845","59"
"62","115329","20220623022000","58","1","高雄市","旗山區","120.435","22.830","57"
"86","115367","20220623022000","886","0","高雄市","燕巢區","120.355","22.790","93"
"334","115368","20220623022000","261","2","高雄市","燕巢區","120.360","22.790","321"
"146","115374","20220623022000","156","0","高雄市","燕巢區","120.325","22.785","120"
"240","115375","20220623022000","197","2","高雄市","燕巢區","120.330","22.785","227"
"365","115377","20220623022000","308","1","高雄市","燕巢區","120.340","22.785","351"
"134","115380","20220623022000","109","2","高雄市","燕巢區","120.355","22.785","113"
"312","115382","20220623022000","271","1","高雄市","燕巢區","120.340","22.790","322"
"250","115384","20220623022000","232","1","高雄市","燕巢區","120.350","22.790","255"
"22","115394","20220623022000","20","1","高雄市","燕巢區","120.355","22.810","19"
"21","115398","20220623022000","21","1","高雄市","燕巢區","120.375","22.810","26"
"78","115401","20220623022000","82","0","高雄市","燕巢區","120.390","22.810","89"
"59","115402","20220623022000","56","1","高雄市","燕巢區","120.355","22.815","49"
"21","115404","20220623022000","22","0","高雄市","燕巢區","120.365","22.815","22"
"279","115429","20220623022000","268","1","高雄市","燕巢區","120.365","22.790","290"
"466","115436","20220623022000","433","1","高雄市","燕巢區","120.365","22.795","454"
"168","115437","20220623022000","143","1","高雄市","燕巢區","120.370","22.795","157"
"41","115438","20220623022000","43","0","高雄市","燕巢區","120.375","22.795","45"
"385","115447","20220623022000","645","0","高雄市","燕巢區","120.375","22.760","432"
"460","115450","20220623022000","503","0","高雄市","燕巢區","120.375","22.765","507"
"23","115453","20220623022000","39","0","高雄市","燕巢區","120.390","22.765","28"
"20","115458","20220623022000","91","0","高雄市","燕巢區","120.385","22.770","17"
"50","115463","20220623022000","50","1","高雄市","燕巢區","120.410","22.770","54"
"301","115472","20220623022000","284","1","高雄市","燕巢區","120.385","22.775","299"
"157","115473","20220623022000","166","0","高雄市","燕巢區","120.390","22.775","161"
"20","115475","20220623022000","65","0","高雄市","燕巢區","120.400","22.775","23"
"167","115482","20220623022000","118","2","高雄市","燕巢區","120.385","22.780","177"
"110","115486","20220623022000","147","0","高雄市","燕巢區","120.405","22.780","113"
"134","115500","20220623022000","127","1","高雄市","燕巢區","120.420","22.780","135"
"96","115501","20220623022000","65","2","高雄市","燕巢區","120.425","22.780","92"
"13","115507","20220623022000","26","0","高雄市","燕巢區","120.410","22.785","13"
"18","115513","20220623022000","97","0","高雄市","燕巢區","120.405","22.790","30"
"52","115519","20220623022000","89","0","高雄市","燕巢區","120.410","22.795","42"
"99","115523","20220623022000","94","1","高雄市","岡山區","120.315","22.785","110"
"259","115524","20220623022000","214","2","高雄市","燕巢區","120.320","22.785","293"
"19","115528","20220623022000","105","0","高雄市","燕巢區","120.330","22.790","13"
"44","115531","20220623022000","457","0","高雄市","燕巢區","120.325","22.795","55"
"234","115537","20220623022000","389","0","高雄市","燕巢區","120.335","22.800","191"
"865","115543","20220623022000","854","1","高雄市","燕巢區","120.355","22.795","839"
"199","115544","20220623022000","173","1","高雄市","燕巢區","120.360","22.795","211"
"191","115546","20220623022000","224","0","高雄市","燕巢區","120.355","22.800","189"
"930","115555","20220623022000","2130","0","高雄市","楠梓區","120.325","22.735","930"
"1221","115556","20220623022000","701","3","高雄市","楠梓區","120.330","22.735","1273"
"1145","115557","20220623022000","1650","0","高雄市","楠梓區","120.335","22.735","1180"
"954","115559","20220623022000","974","0","高雄市","楠梓區","120.330","22.740","978"
"1194","115560","20220623022000","1196","0","高雄市","楠梓區","120.335","22.740","1188"
"47","115562","20220623022000","620","0","高雄市","楠梓區","120.330","22.745","56"
"35","115563","20220623022000","441","0","高雄市","橋頭區","120.325","22.750","29"
"972","115564","20220623022000","815","1","高雄市","楠梓區","120.330","22.750","943"
"127","115565","20220623022000","62","3","高雄市","岡山區","120.305","22.780","179"
"192","115567","20220623022000","173","1","高雄市","岡山區","120.315","22.825","180"
"308","115568","20220623022000","260","1","高雄市","岡山區","120.325","22.825","304"
"113","115576","20220623022000","239","0","高雄市","岡山區","120.315","22.815","108"
"154","115577","20220623022000","114","2","高雄市","岡山區","120.320","22.815","156"
"88","115598","20220623022000","1057","0","高雄市","岡山區","120.295","22.795","92"
"237","115599","20220623022000","248","0","高雄市","岡山區","120.290","22.800","260"
"617","115600","20220623022000","649","0","高雄市","岡山區","120.295","22.800","608"
"38","115607","20220623022000","34","1","高雄市","彌陀區","120.230","22.800","32"
"10","115611","20220623022000","11","0","臺東縣","臺東市","121.105","22.765","11"
"573","115616","20220623022000","613","0","臺東縣","臺東市","121.105","22.770","581"
"433","115617","20220623022000","422","1","臺東縣","臺東市","121.110","22.770","420"
"46","115618","20220623022000","669","0","臺東縣","臺東市","121.115","22.770","45"
"41","115620","20220623022000","58","0","高雄市","大樹區","120.440","22.755","38"
"131","115631","20220623022000","58","3","高雄市","大樹區","120.420","22.765","134"
"15","115636","20220623022000","40","0","高雄市","大樹區","120.445","22.765","15"
"239","115644","20220623022000","199","2","高雄市","大樹區","120.450","22.770","231"
"38","115647","20220623022000","28","2","高雄市","旗山區","120.430","22.775","34"
"340","115648","20220623022000","257","2","高雄市","岡山區","120.300","22.815","334"
"1173","115657","20220623022000","888","2","高雄市","岡山區","120.300","22.820","1137"
"551","115660","20220623022000","426","2","高雄市","岡山區","120.315","22.820","565"
"50","115663","20220623022000","36","2","高雄市","岡山區","120.295","22.830","41"
"249","115664","20220623022000","210","1","高雄市","岡山區","120.290","22.795","234"
"892","115665","20220623022000","844","1","高雄市","岡山區","120.285","22.800","853"
"14","115669","20220623022000","200","0","高雄市","燕巢區","120.325","22.800","11"
"25","115676","20220623022000","69","0","高雄市","岡山區","120.320","22.810","16"
"110","115684","20220623022000","169","0","高雄市","岡山區","120.305","22.775","114"
"26","115686","20220623022000","44","0","高雄市","岡山區","120.310","22.775","28"
"27","115687","20220623022000","383","0","高雄市","岡山區","120.300","22.780","29"
"21","115690","20220623022000","905","0","高雄市","岡山區","120.300","22.785","30"
"39","115691","20220623022000","453","0","高雄市","岡山區","120.290","22.805","44"
"128","115692","20220623022000","222","0","高雄市","岡山區","120.295","22.805","137"
"63","115694","20220623022000","646","0","高雄市","岡山區","120.295","22.790","84"
"185","115706","20220623022000","149","2","高雄市","彌陀區","120.240","22.755","182"
"122","115708","20220623022000","124","0","高雄市","梓官區","120.250","22.755","127"
"141","115709","20220623022000","92","3","高雄市","彌陀區","120.235","22.760","139"
"134","115713","20220623022000","125","1","高雄市","彌陀區","120.240","22.765","141"
"403","115714","20220623022000","500","0","高雄市","彌陀區","120.250","22.780","397"
"759","115717","20220623022000","646","1","臺東縣","臺東市","121.140","22.740","702"
"356","115718","20220623022000","290","2","臺東縣","臺東市","121.130","22.745","330"
"2045","115719","20220623022000","2088","0","臺東縣","臺東市","121.135","22.745","2113"
"34","115720","20220623022000","727","0","臺東縣","臺東市","121.140","22.745","28"
"434","115721","20220623022000","422","1","臺東縣","臺東市","121.130","22.750","450"
"802","115722","20220623022000","707","1","臺東縣","臺東市","121.135","22.750","751"
"433","115724","20220623022000","330","2","臺東縣","臺東市","121.120","22.750","418"
"294","115727","20220623022000","298","0","臺東縣","臺東市","121.130","22.755","294"
"258","115728","20220623022000","327","0","臺東縣","臺東市","121.120","22.760","257"
"75","115732","20220623022000","78","0","臺東縣","臺東市","121.090","22.760","62"
"349","115739","20220623022000","280","2","臺東縣","臺東市","121.095","22.765","344"
"542","115745","20220623022000","531","1","臺東縣","臺東市","121.095","22.770","547"
"163","115749","20220623022000","154","1","高雄市","阿蓮區","120.335","22.835","150"
"1423","115782","20220623022000","830","3","高雄市","岡山區","120.300","22.795","1394"
"1170","115783","20220623022000","1117","1","高雄市","岡山區","120.305","22.795","1141"
"20","115784","20220623022000","27","0","高雄市","岡山區","120.310","22.795","20"
"499","115787","20220623022000","394","2","高雄市","岡山區","120.270","22.780","482"
"98","115788","20220623022000","425","0","高雄市","岡山區","120.270","22.785","90"
"282","115791","20220623022000","894","0","高雄市","岡山區","120.285","22.785","259"
"495","115793","20220623022000","493","1","高雄市","彌陀區","120.250","22.785","509"
"1155","115795","20220623022000","903","2","高雄市","彌陀區","120.235","22.795","1177"
"127","115804","20220623022000","137","0","高雄市","彌陀區","120.245","22.775","125"
"67","115805","20220623022000","71","0","高雄市","彌陀區","120.245","22.765","66"
"227","115808","20220623022000","177","2","高雄市","彌陀區","120.245","22.770","228"
"29","115810","20220623022000","162","0","高雄市","彌陀區","120.255","22.770","22"
"1437","115819","20220623022000","1050","2","高雄市","岡山區","120.305","22.785","1422"
"546","115820","20220623022000","1299","0","高雄市","岡山區","120.300","22.790","552"
"868","115821","20220623022000","868","1","高雄市","岡山區","120.305","22.790","885"
"506","115833","20220623022000","243","3","高雄市","岡山區","120.265","22.815","508"
"228","115834","20220623022000","193","1","高雄市","岡山區","120.270","22.815","206"
"162","115836","20220623022000","136","1","高雄市","岡山區","120.255","22.820","165"
"103","115841","20220623022000","100","1","高雄市","岡山區","120.265","22.820","101"
"119","115844","20220623022000","98","2","高雄市","岡山區","120.300","22.830","118"
"552","115849","20220623022000","546","1","高雄市","阿蓮區","120.305","22.835","564"
"41","115851","20220623022000","125","0","高雄市","岡山區","120.280","22.810","42"
"256","115852","20220623022000","167","3","高雄市","岡山區","120.285","22.810","242"
"405","115855","20220623022000","355","1","高雄市","岡山區","120.285","22.815","388"
"33","115856","20220623022000","285","0","高雄市","岡山區","120.290","22.815","36"
"443","115872","20220623022000","338","2","高雄市","彌陀區","120.250","22.775","430"
"17","115876","20220623022000","33","0","高雄市","大社區","120.345","22.735","24"
"18","115878","20220623022000","259","0","高雄市","大社區","120.360","22.740","25"
"83","115879","20220623022000","83","1","高雄市","大社區","120.365","22.740","83"
"233","115883","20220623022000","260","0","高雄市","大社區","120.345","22.740","227"
"938","115886","20220623022000","946","0","高雄市","楠梓區","120.335","22.745","950"
"604","115889","20220623022000","679","0","高雄市","大社區","120.350","22.745","430"
"223","115892","20220623022000","489","0","高雄市","燕巢區","120.340","22.750","208"
"42","115895","20220623022000","39","1","高雄市","大社區","120.355","22.750","46"
"114","115897","20220623022000","150","0","高雄市","大社區","120.365","22.750","144"
"109","115907","20220623022000","140","0","高雄市","大社區","120.375","22.745","114"
"47","115911","20220623022000","48","0","高雄市","大社區","120.395","22.745","49"
"12","115922","20220623022000","34","0","高雄市","大社區","120.405","22.750","16"
"77","115927","20220623022000","58","2","高雄市","大社區","120.390","22.755","69"
"234","115941","20220623022000","146","3","高雄市","大社區","120.370","22.735","243"
"360","115943","20220623022000","386","0","高雄市","大社區","120.380","22.735","369"
"599","115946","20220623022000","518","1","高雄市","岡山區","120.275","22.775","583"
"694","115949","20220623022000","557","2","高雄市","岡山區","120.310","22.790","702"
"1016","115953","20220623022000","992","1","高雄市","岡山區","120.300","22.800","1021"
"66","115954","20220623022000","557","0","高雄市","岡山區","120.305","22.800","59"
"10","115963","20220623022000","10","1","高雄市","旗山區","120.425","22.805","10"
"96","115966","20220623022000","71","2","高雄市","旗山區","120.425","22.815","114"
"13","115972","20220623022000","12","1","高雄市","旗山區","120.435","22.825","13"
"69","124145","20220623022000","396","0","屏東縣","高樹鄉","120.610","22.850","61"
"57","124161","20220623022000","200","0","屏東縣","高樹鄉","120.630","22.865","58"
"78","124176","20220623022000","54","2","屏東縣","高樹鄉","120.640","22.880","81"
"40","124193","20220623022000","34","1","臺南市","仁德區","120.245","22.935","41"
"78","124195","20220623022000","62","2","臺南市","仁德區","120.240","22.940","67"
"681","124197","20220623022000","627","1","臺南市","仁德區","120.250","22.940","695"
"49","124211","20220623022000","26","3","臺南市","關廟區","120.330","22.910","43"
"253","124220","20220623022000","261","0","臺南市","關廟區","120.345","22.915","274"
"47","124243","20220623022000","80","0","高雄市","茄萣區","120.205","22.855","37"
"363","124253","20220623022000","367","0","臺南市","仁德區","120.215","22.910","374"
"304","124255","20220623022000","262","1","高雄市","湖內區","120.225","22.905","288"
"187","124262","20220623022000","430","0","臺南市","南區","120.185","22.920","138"
"20","124268","20220623022000","250","0","臺南市","歸仁區","120.280","22.915","25"
"232","124271","20220623022000","236","0","臺南市","歸仁區","120.270","22.920","264"
"360","124275","20220623022000","231","3","臺南市","歸仁區","120.285","22.920","383"
"207","124278","20220623022000","124","3","臺南市","歸仁區","120.280","22.925","222"
"39","124281","20220623022000","111","0","臺南市","歸仁區","120.270","22.930","35"
"13","124291","20220623022000","112","0","臺南市","南區","120.175","22.940","15"
"250","124293","20220623022000","265","0","臺南市","仁德區","120.245","22.925","231"
"19","124295","20220623022000","21","0","臺南市","仁德區","120.240","22.930","17"
"763","124314","20220623022000","1504","0","臺南市","仁德區","120.260","22.945","680"
"232","124322","20220623022000","527","0","臺南市","歸仁區","120.270","22.905","352"
"773","124323","20220623022000","569","2","臺南市","仁德區","120.255","22.910","812"
"536","124338","20220623022000","427","2","臺南市","仁德區","120.250","22.910","561"
"93","124352","20220623022000","79","1","臺南市","關廟區","120.325","22.950","92"
"224","124363","20220623022000","151","2","臺南市","關廟區","120.335","22.930","230"
"360","124371","20220623022000","242","2","臺南市","關廟區","120.335","22.940","360"
"1182","124386","20220623022000","1035","1","臺南市","仁德區","120.255","22.950","1172"
"10","124397","20220623022000","10","1","臺南市","仁德區","120.230","22.935","12"
"187","124408","20220623022000","225","0","臺南市","仁德區","120.230","22.945","188"
"268","124415","20220623022000","296","0","臺南市","仁德區","120.260","22.950","270"
"135","124431","20220623022000","153","0","臺南市","歸仁區","120.295","22.925","139"
"234","124453","20220623022000","142","3","臺南市","歸仁區","120.300","22.940","201"
"805","124469","20220623022000","608","2","臺南市","南區","120.180","22.930","729"
"47","124472","20220623022000","138","0","臺南市","南區","120.180","22.935","46"
"140","124474","20220623022000","122","1","臺南市","南區","120.190","22.935","131"
"364","124477","20220623022000","1178","0","臺南市","南區","120.180","22.925","1256"
"37","124491","20220623022000","383","0","臺南市","歸仁區","120.275","22.910","28"
"133","124494","20220623022000","177","0","臺南市","歸仁區","120.285","22.910","167"
"149","124504","20220623022000","553","0","臺南市","歸仁區","120.275","22.915","172"
"784","124526","20220623022000","678","1","臺南市","歸仁區","120.275","22.950","760"
"191","124527","20220623022000","162","1","臺南市","歸仁區","120.280","22.950","193"
"32","124538","20220623022000","45","0","臺南市","仁德區","120.220","22.920","40"
"211","124546","20220623022000","165","2","臺南市","南區","120.215","22.950","202"
"16","124548","20220623022000","43","0","臺南市","仁德區","120.220","22.945","12"
"149","124549","20220623022000","152","0","臺南市","仁德區","120.220","22.950","168"
"48","124550","20220623022000","584","0","高雄市","湖內區","120.230","22.915","32"
"426","124551","20220623022000","521","0","臺南市","仁德區","120.235","22.915","423"
"446","124552","20220623022000","766","0","臺南市","仁德區","120.225","22.920","447"
"240","124553","20220623022000","639","0","臺南市","仁德區","120.230","22.920","240"
"38","124555","20220623022000","604","0","臺南市","仁德區","120.240","22.920","34"
"231","124557","20220623022000","223","1","臺南市","仁德區","120.250","22.920","239"
"379","124559","20220623022000","473","0","臺南市","仁德區","120.225","22.925","385"
"36","124563","20220623022000","523","0","臺南市","仁德區","120.230","22.930","29"
"535","124565","20220623022000","426","2","臺南市","仁德區","120.220","22.915","530"
"1021","124569","20220623022000","1007","1","臺南市","仁德區","120.215","22.915","1004"
"702","124585","20220623022000","555","2","臺南市","南區","120.180","22.945","682"
"352","124591","20220623022000","300","1","臺南市","南區","120.185","22.950","353"
"11","124593","20220623022000","13","0","臺南市","南區","120.195","22.950","11"
"44","124601","20220623022000","35","2","高雄市","茂林區","120.685","22.905","52"
"1540","124642","20220623022000","1429","1","高雄市","茄萣區","120.185","22.895","1513"
"10","124648","20220623022000","13","0","高雄市","內門區","120.450","22.920","10"
"299","124661","20220623022000","322","0","高雄市","美濃區","120.525","22.850","306"
"93","124668","20220623022000","99","0","高雄市","美濃區","120.535","22.850","111"
"280","124671","20220623022000","348","0","高雄市","美濃區","120.550","22.850","266"
"333","124678","20220623022000","349","0","高雄市","美濃區","120.535","22.860","316"
"188","124706","20220623022000","150","2","高雄市","美濃區","120.580","22.920","184"
"16","124745","20220623022000","18","0","高雄市","美濃區","120.585","22.940","20"
"897","124774","20220623022000","845","1","高雄市","美濃區","120.545","22.900","873"
"222","124778","20220623022000","157","2","高雄市","美濃區","120.555","22.905","217"
"309","124780","20220623022000","242","2","高雄市","美濃區","120.545","22.910","307"
"251","124803","20220623022000","190","2","高雄市","美濃區","120.535","22.865","262"
"370","124809","20220623022000","306","2","高雄市","美濃區","120.535","22.875","354"
"248","124812","20220623022000","195","2","高雄市","美濃區","120.535","22.880","258"
"212","124818","20220623022000","177","1","高雄市","美濃區","120.555","22.885","231"
"298","124831","20220623022000","308","0","高雄市","內門區","120.460","22.925","319"
"43","124869","20220623022000","93","0","高雄市","內門區","120.470","22.910","48"
"194","124897","20220623022000","181","1","高雄市","內門區","120.465","22.930","179"
"250","124903","20220623022000","235","1","高雄市","內門區","120.465","22.940","244"
"242","124908","20220623022000","177","2","高雄市","內門區","120.460","22.920","226"
"19","124962","20220623022000","15","2","臺南市","龍崎區","120.380","22.950","17"
"20","124976","20220623022000","19","1","臺南市","龍崎區","120.395","22.930","22"
"79","124995","20220623022000","53","2","臺南市","龍崎區","120.365","22.915","82"
"79","125006","20220623022000","64","2","臺南市","龍崎區","120.350","22.930","72"
"536","125045","20220623022000","403","2","臺南市","龍崎區","120.425","22.940","520"
"12","125061","20220623022000","10","2","臺南市","龍崎區","120.420","22.945","10"
"42","125099","20220623022000","203","0","臺東縣","卑南鄉","121.090","22.865","34"
"223","125138","20220623022000","242","0","臺東縣","卑南鄉","121.125","22.870","223"
"67","125172","20220623022000","53","2","臺東縣","卑南鄉","121.190","22.850","83"
"257","125177","20220623022000","236","1","高雄市","湖內區","120.235","22.900","241"
"82","125178","20220623022000","116","0","臺南市","仁德區","120.235","22.905","81"
"420","125179","20220623022000","307","2","高雄市","湖內區","120.230","22.910","421"
"540","125186","20220623022000","443","2","高雄市","路竹區","120.275","22.870","517"
"52","125192","20220623022000","51","1","高雄市","路竹區","120.265","22.885","36"
"461","125206","20220623022000","410","1","高雄市","路竹區","120.270","22.870","470"
"417","125207","20220623022000","438","0","高雄市","路竹區","120.255","22.875","417"
"179","125215","20220623022000","134","2","高雄市","茄萣區","120.180","22.910","144"
"581","125229","20220623022000","422","2","高雄市","路竹區","120.290","22.865","580"
"241","125232","20220623022000","255","0","高雄市","路竹區","120.245","22.860","248"
"1213","125234","20220623022000","984","2","高雄市","路竹區","120.255","22.860","1229"
"67","125242","20220623022000","66","1","高雄市","路竹區","120.250","22.855","66"
"38","125244","20220623022000","44","0","高雄市","路竹區","120.260","22.865","37"
"390","125249","20220623022000","473","0","高雄市","路竹區","120.235","22.860","394"
"533","125257","20220623022000","590","0","高雄市","路竹區","120.260","22.860","576"
"72","125258","20220623022000","61","1","高雄市","路竹區","120.255","22.865","64"
"465","125263","20220623022000","436","1","高雄市","路竹區","120.225","22.855","458"
"152","125284","20220623022000","81","3","高雄市","旗山區","120.515","22.855","170"
"152","125285","20220623022000","140","1","高雄市","旗山區","120.490","22.860","173"
"323","125296","20220623022000","199","3","高雄市","旗山區","120.495","22.880","319"
"498","125297","20220623022000","418","1","高雄市","旗山區","120.500","22.880","482"
"851","125340","20220623022000","1198","0","高雄市","旗山區","120.480","22.895","883"
"172","125343","20220623022000","135","2","高雄市","旗山區","120.480","22.900","153"
"156","125346","20220623022000","506","0","高雄市","旗山區","120.475","22.905","180"
"23","125349","20220623022000","386","0","高雄市","旗山區","120.485","22.905","19"
"83","125360","20220623022000","476","0","高雄市","湖內區","120.250","22.880","79"
"761","125361","20220623022000","816","0","高雄市","湖內區","120.245","22.885","777"
"112","125366","20220623022000","280","0","高雄市","湖內區","120.240","22.890","71"
"544","125367","20220623022000","441","2","高雄市","湖內區","120.245","22.890","529"
"46","125374","20220623022000","50","0","高雄市","旗山區","120.445","22.885","50"
"45","125393","20220623022000","54","0","高雄市","內門區","120.420","22.910","48"
"20","125438","20220623022000","13","3","高雄市","茂林區","120.650","22.880","24"
"15","125444","20220623022000","11","2","高雄市","六龜區","120.650","22.890","16"
"64","125487","20220623022000","78","0","高雄市","六龜區","120.620","22.890","70"
"132","125491","20220623022000","103","2","高雄市","六龜區","120.625","22.895","136"
"120","125506","20220623022000","101","1","高雄市","六龜區","120.635","22.910","114"
"16","125528","20220623022000","10","3","高雄市","六龜區","120.615","22.880","15"
"76","125543","20220623022000","68","1","高雄市","六龜區","120.625","22.885","73"
"97","125591","20220623022000","80","2","高雄市","六龜區","120.645","22.925","97"
"870","125608","20220623022000","760","1","高雄市","路竹區","120.265","22.865","845"
"96","125613","20220623022000","116","0","高雄市","路竹區","120.265","22.850","117"
"95","125614","20220623022000","106","0","高雄市","路竹區","120.260","22.855","90"
"14","125615","20220623022000","551","0","高雄市","路竹區","120.265","22.855","14"
"355","125624","20220623022000","238","2","高雄市","路竹區","120.290","22.875","400"
"47","125626","20220623022000","52","0","高雄市","路竹區","120.295","22.875","45"
"44","125629","20220623022000","70","0","高雄市","路竹區","120.285","22.880","55"
"246","125646","20220623022000","187","2","臺南市","關廟區","120.345","22.905","237"
"305","125659","20220623022000","276","1","高雄市","阿蓮區","120.290","22.895","317"
"171","125660","20220623022000","183","0","高雄市","阿蓮區","120.295","22.895","170"
"215","125667","20220623022000","559","0","臺南市","歸仁區","120.280","22.905","368"
"19","125673","20220623022000","14","2","高雄市","阿蓮區","120.330","22.875","11"
"154","125675","20220623022000","115","2","高雄市","湖內區","120.195","22.910","149"
"263","125676","20220623022000","104","3","高雄市","湖內區","120.200","22.910","247"
"19","125737","20220623022000","210","0","高雄市","田寮區","120.370","22.865","18"
"62","125772","20220623022000","61","1","高雄市","田寮區","120.400","22.890","65"
"27","125779","20220623022000","39","0","高雄市","田寮區","120.400","22.895","26"
"28","125825","20220623022000","25","1","臺東縣","東河鄉","121.270","22.930","29"
"33","125838","20220623022000","22","3","臺東縣","東河鄉","121.275","22.940","29"
"106","125849","20220623022000","87","2","臺東縣","鹿野鄉","121.150","22.930","102"
"670","125884","20220623022000","1070","0","高雄市","旗山區","120.480","22.880","679"
"528","125896","20220623022000","521","1","高雄市","美濃區","120.540","22.900","555"
"27","125917","20220623022000","32","0","高雄市","美濃區","120.535","22.900","22"
"184","125941","20220623022000","160","1","高雄市","美濃區","120.565","22.865","187"
"21","125950","20220623022000","16","2","高雄市","美濃區","120.570","22.870","23"
"40","125951","20220623022000","29","2","高雄市","美濃區","120.575","22.870","42"
"65","125952","20220623022000","70","0","高雄市","美濃區","120.580","22.870","72"
"305","125955","20220623022000","289","1","高雄市","美濃區","120.565","22.875","317"
"106","125966","20220623022000","82","2","高雄市","美濃區","120.545","22.880","98"
"66","125970","20220623022000","83","0","高雄市","美濃區","120.535","22.885","80"
"348","125981","20220623022000","292","1","高雄市","美濃區","120.515","22.875","369"
"126","125989","20220623022000","130","0","高雄市","旗山區","120.505","22.890","133"
"268","125997","20220623022000","266","1","高雄市","美濃區","120.520","22.895","263"
"244","126001","20220623022000","186","2","高雄市","美濃區","120.520","22.900","250"
"465","126010","20220623022000","402","1","高雄市","美濃區","120.560","22.915","452"
"155","126024","20220623022000","127","2","高雄市","美濃區","120.580","22.925","152"
"293","126043","20220623022000","238","2","高雄市","美濃區","120.550","22.865","291"
"325","126059","20220623022000","275","1","高雄市","美濃區","120.575","22.880","340"
"104","126076","20220623022000","88","1","高雄市","美濃區","120.570","22.895","104"
"551","126092","20220623022000","764","0","高雄市","旗山區","120.480","22.885","551"
"268","126096","20220623022000","589","0","高雄市","路竹區","120.265","22.870","277"
"543","126107","20220623022000","673","0","高雄市","路竹區","120.270","22.865","550"
"338","126119","20220623022000","294","1","高雄市","旗山區","120.490","22.920","322"
"376","126120","20220623022000","356","1","高雄市","旗山區","120.495","22.920","363"
"419","126140","20220623022000","263","3","高雄市","路竹區","120.280","22.850","412"
"46","126141","20220623022000","279","0","高雄市","路竹區","120.270","22.855","46"
"1394","126142","20220623022000","1191","1","高雄市","路竹區","120.265","22.860","1374"
"18","126160","20220623022000","25","0","臺東縣","卑南鄉","121.105","22.850","18"
"549","126178","20220623022000","518","1","臺東縣","卑南鄉","121.105","22.860","556"
"98","126183","20220623022000","59","3","臺東縣","卑南鄉","121.100","22.865","95"
"82","126219","20220623022000","396","0","高雄市","茄萣區","120.185","22.890","75"
"389","126227","20220623022000","302","2","高雄市","湖內區","120.235","22.895","395"
"145","126228","20220623022000","120","2","高雄市","湖內區","120.220","22.900","133"
"82","126236","20220623022000","53","3","高雄市","湖內區","120.225","22.880","79"
"566","126244","20220623022000","530","1","高雄市","湖內區","120.225","22.895","568"
"588","126247","20220623022000","431","2","高雄市","湖內區","120.240","22.870","569"
"218","126249","20220623022000","162","2","高雄市","湖內區","120.235","22.875","201"
"358","126256","20220623022000","273","2","高雄市","湖內區","120.240","22.885","366"
"813","126258","20220623022000","742","1","高雄市","湖內區","120.250","22.875","866"
"165","126273","20220623022000","159","1","高雄市","美濃區","120.545","22.895","169"
"270","126301","20220623022000","244","1","臺東縣","鹿野鄉","121.085","22.900","260"
"259","126303","20220623022000","231","1","臺東縣","延平鄉","121.075","22.905","255"
"152","127499","20220623022000","157","0","臺東縣","延平鄉","121.150","22.900","134"
"19","127566","20220623022000","12","3","臺東縣","鹿野鄉","121.120","22.920","18"
"24","127569","20220623022000","189","0","臺東縣","鹿野鄉","121.120","22.925","18"
"14","127570","20220623022000","12","1","臺東縣","鹿野鄉","121.125","22.925","14"
"215","127581","20220623022000","145","2","臺東縣","鹿野鄉","121.120","22.930","241"
"128","127584","20220623022000","103","2","臺東縣","鹿野鄉","121.135","22.930","133"
"54","127600","20220623022000","48","1","臺東縣","鹿野鄉","121.135","22.945","57"
"104","127605","20220623022000","84","2","高雄市","田寮區","120.395","22.850","113"
"81","127613","20220623022000","49","3","高雄市","田寮區","120.380","22.875","85"
"307","127617","20220623022000","257","1","高雄市","田寮區","120.385","22.880","300"
"50","127622","20220623022000","41","2","高雄市","田寮區","120.390","22.885","49"
"40","127652","20220623022000","46","0","高雄市","田寮區","120.360","22.880","45"
"82","127664","20220623022000","64","2","高雄市","田寮區","120.370","22.890","72"
"39","127666","20220623022000","49","0","高雄市","田寮區","120.360","22.895","49"
"32","127698","20220623022000","45","0","高雄市","田寮區","120.425","22.885","29"
"357","127704","20220623022000","357","1","高雄市","茄萣區","120.180","22.900","308"
"67","127705","20220623022000","460","0","高雄市","茄萣區","120.185","22.900","578"
"92","127717","20220623022000","156","0","臺東縣","鹿野鄉","121.100","22.895","92"
"74","127724","20220623022000","42","3","臺東縣","鹿野鄉","121.135","22.895","74"
"14","127727","20220623022000","16","0","臺東縣","鹿野鄉","121.100","22.900","12"
"186","127733","20220623022000","197","0","臺東縣","鹿野鄉","121.135","22.910","196"
"88","127737","20220623022000","96","0","臺東縣","鹿野鄉","121.135","22.920","80"
"10","127748","20220623022000","117","0","臺東縣","鹿野鄉","121.130","22.900","11"
"266","127754","20220623022000","220","2","臺東縣","鹿野鄉","121.120","22.905","240"
"1659","127765","20220623022000","1414","1","臺南市","仁德區","120.220","22.910","1663"
"206","127770","20220623022000","213","0","高雄市","湖內區","120.215","22.905","184"
"58","127835","20220623022000","45","2","臺東縣","東河鄉","121.235","22.940","59"
"165","127852","20220623022000","158","1","臺東縣","東河鄉","121.250","22.895","171"
"109","127889","20220623022000","85","2","臺東縣","東河鄉","121.255","22.915","100"
"26","127912","20220623022000","175","0","臺東縣","東河鄉","121.265","22.925","26"
"170","127933","20220623022000","153","1","臺東縣","東河鄉","121.190","22.860","136"
"54","127935","20220623022000","47","1","臺東縣","東河鄉","121.200","22.860","45"
"750","127958","20220623022000","764","0","臺東縣","東河鄉","121.225","22.870","778"
"130","127984","20220623022000","15","3","臺東縣","東河鄉","121.225","22.880","116"
"120","127998","20220623022000","85","2","臺東縣","東河鄉","121.235","22.880","129"
"56","128028","20220623022000","57","0","臺東縣","東河鄉","121.245","22.890","56"
"36","128038","20220623022000","57","0","臺東縣","東河鄉","121.235","22.895","44"
"174","128060","20220623022000","189","0","高雄市","阿蓮區","120.345","22.860","168"
"56","128066","20220623022000","481","0","高雄市","阿蓮區","120.320","22.850","506"
"122","128071","20220623022000","105","1","高雄市","阿蓮區","120.320","22.855","121"
"257","128073","20220623022000","199","2","高雄市","阿蓮區","120.330","22.855","266"
"1346","128075","20220623022000","944","2","高雄市","阿蓮區","120.325","22.875","1351"
"1570","128076","20220623022000","1088","2","高雄市","阿蓮區","120.325","22.880","1497"
"15","128078","20220623022000","186","0","高雄市","路竹區","120.305","22.860","18"
"241","128090","20220623022000","202","1","高雄市","阿蓮區","120.310","22.870","233"
"181","128091","20220623022000","143","2","高雄市","阿蓮區","120.315","22.870","184"
"75","128097","20220623022000","76","0","高雄市","阿蓮區","120.315","22.880","79"
"65","128418","20220623022000","49","2","高雄市","茂林區","120.715","22.910","76"
"75","128722","20220623022000","61","2","高雄市","茂林區","120.665","22.885","81"
"69","128723","20220623022000","31","3","高雄市","茂林區","120.670","22.885","57"
"33","128748","20220623022000","260","0","高雄市","旗山區","120.480","22.890","31"
"29","128751","20220623022000","20","2","高雄市","旗山區","120.475","22.850","29"
"329","128754","20220623022000","270","2","高雄市","路竹區","120.300","22.880","307"
"135","128758","20220623022000","117","1","高雄市","阿蓮區","120.305","22.890","136"
"345","128759","20220623022000","265","2","高雄市","阿蓮區","120.310","22.890","334"
"291","128764","20220623022000","229","2","高雄市","阿蓮區","120.330","22.880","304"
"912","128765","20220623022000","734","2","高雄市","阿蓮區","120.335","22.880","929"
"207","128766","20220623022000","185","1","高雄市","阿蓮區","120.340","22.880","192"
"273","128769","20220623022000","233","1","高雄市","阿蓮區","120.330","22.885","280"
"274","128776","20220623022000","230","1","高雄市","阿蓮區","120.320","22.890","291"
"103","128782","20220623022000","86","1","高雄市","阿蓮區","120.335","22.870","101"
"386","128789","20220623022000","323","1","高雄市","田寮區","120.355","22.870","370"
"587","128797","20220623022000","466","2","高雄市","茄萣區","120.185","22.905","590"
"307","128798","20220623022000","233","2","高雄市","茄萣區","120.190","22.905","291"
"87","128803","20220623022000","73","1","高雄市","茄萣區","120.195","22.855","54"
"45","128807","20220623022000","69","0","高雄市","茄萣區","120.195","22.860","68"
"322","128823","20220623022000","260","2","高雄市","茄萣區","120.190","22.870","343"
"455","128824","20220623022000","368","2","高雄市","茄萣區","120.195","22.870","480"
"160","128825","20220623022000","193","0","高雄市","茄萣區","120.200","22.870","160"
"25","128829","20220623022000","15","3","高雄市","茄萣區","120.190","22.875","18"
"472","128830","20220623022000","388","2","高雄市","茄萣區","120.195","22.875","439"
"158","128833","20220623022000","145","1","高雄市","茄萣區","120.210","22.875","143"
"194","128847","20220623022000","199","0","高雄市","茄萣區","120.190","22.910","200"
"441","128850","20220623022000","568","0","高雄市","茄萣區","120.185","22.910","445"
"205","128866","20220623022000","188","1","高雄市","旗山區","120.475","22.870","209"
"126","128884","20220623022000","100","2","高雄市","旗山區","120.455","22.880","124"
"65","128886","20220623022000","208","0","高雄市","旗山區","120.465","22.880","238"
"12","128887","20220623022000","16","0","高雄市","旗山區","120.470","22.880","15"
"774","128898","20220623022000","637","2","高雄市","旗山區","120.470","22.855","758"
"360","128911","20220623022000","329","1","高雄市","旗山區","120.500","22.925","336"
"257","128916","20220623022000","195","2","高雄市","旗山區","120.500","22.930","272"
"137","128946","20220623022000","143","0","高雄市","杉林區","120.525","22.930","165"
"576","134975","20220623022000","362","3","臺南市","安南區","120.210","23.035","537"
"665","134976","20220623022000","538","2","臺南市","安南區","120.210","23.040","683"
"1417","134977","20220623022000","1229","1","臺南市","安南區","120.215","23.040","1418"
"1115","134978","20220623022000","858","2","臺南市","安南區","120.215","23.030","1126"
"437","134979","20220623022000","335","2","臺南市","安南區","120.215","23.035","452"
"524","134985","20220623022000","474","1","臺南市","安南區","120.195","23.025","506"
"323","134991","20220623022000","292","1","臺南市","關廟區","120.300","22.995","337"
"317","134999","20220623022000","179","3","臺南市","關廟區","120.305","23.000","299"
"122","135010","20220623022000","87","2","臺南市","關廟區","120.320","23.005","105"
"304","135015","20220623022000","180","3","臺南市","關廟區","120.305","23.010","307"
"898","135022","20220623022000","812","1","臺南市","關廟區","120.325","22.965","857"
"20","135028","20220623022000","191","0","臺南市","關廟區","120.360","22.965","25"
"256","135056","20220623022000","245","1","臺南市","關廟區","120.330","22.965","252"
"20","135059","20220623022000","244","0","臺南市","關廟區","120.325","22.975","241"
"2007","135061","20220623022000","2094","0","臺南市","中西區","120.210","22.985","1992"
"204","135062","20220623022000","1785","0","臺南市","永康區","120.235","23.005","195"
"1441","135063","20220623022000","1488","0","臺南市","東區","120.230","22.980","1406"
"270","135064","20220623022000","205","2","臺南市","安南區","120.125","23.040","246"
"228","135074","20220623022000","215","1","臺南市","南區","120.175","22.965","216"
"1599","135079","20220623022000","1633","0","臺南市","南區","120.185","22.970","1654"
"431","135080","20220623022000","425","1","臺南市","南區","120.175","22.975","747"
"309","135081","20220623022000","281","1","臺南市","南區","120.180","22.975","295"
"1124","135083","20220623022000","871","2","臺南市","南區","120.185","22.980","1156"
"1535","135084","20220623022000","1019","3","臺南市","北區","120.210","23.020","1520"
"1398","135085","20220623022000","1443","0","臺南市","南區","120.200","22.980","1421"
"16","135086","20220623022000","80","0","臺南市","南區","120.205","22.970","19"
"273","135087","20220623022000","244","1","臺南市","南區","120.195","22.970","296"
"1003","135088","20220623022000","1124","0","臺南市","南區","120.190","22.960","1079"
"16","135461","20220623022000","17","0","臺東縣","海端鄉","121.130","23.000","17"
"172","135797","20220623022000","130","2","臺東縣","關山鎮","121.145","23.020","168"
"2065","135951","20220623022000","1805","1","臺南市","永康區","120.230","23.010","2106"
"3446","135952","20220623022000","3752","0","臺南市","永康區","120.225","23.020","3998"
"779","135953","20220623022000","808","0","臺南市","永康區","120.220","23.025","806"
"342","135954","20220623022000","337","1","臺南市","永康區","120.225","23.025","397"
"1442","135956","20220623022000","1406","1","臺南市","永康區","120.235","23.025","1516"
"356","135957","20220623022000","254","2","臺南市","永康區","120.225","23.030","343"
"166","135958","20220623022000","175","0","臺南市","永康區","120.230","23.030","150"
"42","135959","20220623022000","930","0","臺南市","永康區","120.255","22.995","44"
"845","135960","20220623022000","889","0","臺南市","永康區","120.255","23.000","908"
"125","135961","20220623022000","999","0","臺南市","永康區","120.260","23.000","127"
"516","135963","20220623022000","443","1","臺南市","永康區","120.260","23.005","505"
"1777","135966","20220623022000","1435","2","臺南市","安南區","120.205","23.030","1629"
"749","135967","20220623022000","712","1","臺南市","安南區","120.210","23.030","739"
"378","135969","20220623022000","321","1","臺南市","安南區","120.220","23.040","373"
"2171","135971","20220623022000","1810","1","臺南市","中西區","120.190","23.005","2222"
"195","135972","20220623022000","667","0","臺南市","永康區","120.250","23.005","197"
"360","135976","20220623022000","327","1","臺南市","歸仁區","120.300","22.965","310"
"688","135980","20220623022000","483","2","臺南市","南區","120.195","22.980","669"
"1339","135981","20220623022000","1136","1","臺南市","南區","120.190","22.970","1317"
"704","135982","20220623022000","1272","0","臺南市","中西區","120.190","23.000","697"
"1887","135983","20220623022000","1078","3","臺南市","中西區","120.195","23.000","1820"
"2792","135984","20220623022000","2323","2","臺南市","中西區","120.175","23.005","2701"
"332","135985","20220623022000","280","1","臺南市","中西區","120.180","23.000","342"
"590","135986","20220623022000","447","2","臺南市","安南區","120.165","23.005","576"
"643","135989","20220623022000","1044","0","臺南市","永康區","120.255","23.035","658"
"1189","135990","20220623022000","1067","1","臺南市","永康區","120.260","23.030","1129"
"2417","135991","20220623022000","2116","1","臺南市","永康區","120.260","23.035","2611"
"449","135992","20220623022000","352","2","臺南市","永康區","120.255","23.040","400"
"2990","135993","20220623022000","2725","1","臺南市","永康區","120.230","23.015","2972"
"1027","135994","20220623022000","1153","0","臺南市","永康區","120.230","23.020","1224"
"621","135995","20220623022000","474","2","臺南市","安南區","120.205","23.035","608"
"956","135997","20220623022000","905","1","臺南市","永康區","120.220","23.020","925"
"999","135998","20220623022000","652","3","臺南市","北區","120.195","23.010","1043"
"2382","136000","20220623022000","2145","1","臺南市","北區","120.195","23.015","2537"
"889","136001","20220623022000","893","0","臺南市","北區","120.200","23.015","639"
"585","136002","20220623022000","410","2","臺南市","北區","120.195","23.005","575"
"1465","136005","20220623022000","1192","2","臺南市","南區","120.190","22.985","1495"
"52","136006","20220623022000","208","0","臺南市","南區","120.210","22.975","47"
"589","136008","20220623022000","505","1","臺南市","北區","120.185","23.010","562"
"734","136009","20220623022000","800","0","臺南市","北區","120.190","23.010","701"
"158","136012","20220623022000","937","0","臺南市","永康區","120.270","23.010","174"
"1449","136013","20220623022000","1172","2","臺南市","中西區","120.195","22.990","1467"
"1016","136014","20220623022000","799","2","臺南市","仁德區","120.255","22.975","968"
"68","136018","20220623022000","92","0","臺南市","仁德區","120.255","22.980","65"
"756","136020","20220623022000","469","3","臺南市","北區","120.200","23.010","724"
"1294","136021","20220623022000","832","3","臺南市","北區","120.200","23.020","1317"
"1445","136022","20220623022000","1159","2","臺南市","北區","120.205","23.015","1432"
"2173","136023","20220623022000","1280","3","臺南市","北區","120.210","23.015","2195"
"274","136025","20220623022000","209","2","臺南市","北區","120.205","23.020","260"
"385","136030","20220623022000","322","1","臺南市","永康區","120.275","23.030","391"
"1995","136034","20220623022000","1419","2","臺南市","永康區","120.235","23.020","2090"
"225","136035","20220623022000","297","0","臺南市","永康區","120.240","23.020","196"
"585","136036","20220623022000","786","0","臺南市","永康區","120.245","23.020","568"
"386","136037","20220623022000","1937","0","臺南市","永康區","120.250","23.020","371"
"676","136042","20220623022000","697","0","臺南市","永康區","120.250","23.025","574"
"687","136043","20220623022000","473","2","臺南市","關廟區","120.330","22.955","681"
"538","136044","20220623022000","394","2","臺南市","關廟區","120.330","22.960","506"
"90","136047","20220623022000","71","2","臺南市","關廟區","120.340","22.970","93"
"719","136049","20220623022000","704","1","臺南市","關廟區","120.335","22.960","1116"
"253","136054","20220623022000","183","2","臺南市","關廟區","120.345","22.965","248"
"65","136056","20220623022000","57","1","臺南市","關廟區","120.355","22.965","56"
"1755","136059","20220623022000","1171","2","臺南市","北區","120.205","23.005","1645"
"823","136061","20220623022000","818","1","臺南市","南區","120.200","22.970","858"
"513","136062","20220623022000","471","1","臺南市","中西區","120.205","22.990","520"
"914","136063","20220623022000","775","1","臺南市","中西區","120.200","22.985","890"
"1500","136064","20220623022000","1188","2","臺南市","中西區","120.200","22.990","1456"
"775","136065","20220623022000","686","1","臺南市","中西區","120.200","22.995","715"
"386","136067","20220623022000","351","1","臺南市","永康區","120.270","22.995","349"
"87","136070","20220623022000","1002","0","臺南市","永康區","120.265","23.005","91"
"2262","136071","20220623022000","1869","2","臺南市","永康區","120.255","23.030","2439"
"172","136072","20220623022000","507","0","臺南市","關廟區","120.335","22.955","180"
"620","136080","20220623022000","420","2","臺南市","關廟區","120.325","22.955","594"
"259","136081","20220623022000","288","0","臺南市","關廟區","120.315","22.960","253"
"867","136083","20220623022000","520","3","臺南市","關廟區","120.325","22.960","859"
"145","136085","20220623022000","132","1","臺南市","東區","120.220","22.990","154"
"2955","136087","20220623022000","2577","1","臺南市","東區","120.225","22.985","2877"
"1409","136088","20220623022000","1204","1","臺南市","東區","120.230","22.990","1455"
"2092","136089","20220623022000","1953","1","臺南市","東區","120.230","22.995","2104"
"1047","136090","20220623022000","872","2","臺南市","東區","120.235","22.995","1051"
"1568","136091","20220623022000","1118","2","臺南市","北區","120.220","23.000","1626"
"648","136093","20220623022000","520","2","臺南市","中西區","120.180","23.005","645"
"2116","136094","20220623022000","2044","1","臺南市","中西區","120.185","23.005","2080"
"1985","136095","20220623022000","1495","2","臺南市","北區","120.225","23.005","2025"
"516","136096","20220623022000","413","2","臺南市","北區","120.225","23.000","572"
"142","136100","20220623022000","98","2","臺南市","仁德區","120.235","22.950","130"
"260","136101","20220623022000","205","2","臺南市","仁德區","120.235","22.955","257"
"1459","136102","20220623022000","1232","1","臺南市","仁德區","120.230","22.955","1446"
"132","136104","20220623022000","136","0","臺南市","仁德區","120.240","22.955","146"
"1852","136105","20220623022000","1387","2","臺南市","仁德區","120.255","22.955","1853"
"213","136109","20220623022000","248","0","臺南市","仁德區","120.250","22.955","208"
"16","136111","20220623022000","15","1","臺南市","仁德區","120.265","22.955","15"
"62","136113","20220623022000","463","0","臺南市","仁德區","120.265","22.960","72"
"926","136115","20220623022000","786","1","臺南市","北區","120.220","23.010","937"
"343","136118","20220623022000","1139","0","臺南市","中西區","120.210","22.995","357"
"490","136119","20220623022000","1079","0","臺南市","中西區","120.210","22.990","513"
"1465","136120","20220623022000","1316","1","臺南市","北區","120.205","23.000","1443"
"1660","136122","20220623022000","1081","3","臺南市","東區","120.225","22.965","1709"
"1262","136123","20220623022000","920","2","臺南市","東區","120.220","22.970","1296"
"105","136124","20220623022000","857","0","臺南市","東區","120.225","22.970","104"
"1161","136125","20220623022000","1575","0","臺南市","東區","120.225","22.990","1151"
"582","136126","20220623022000","648","0","臺南市","東區","120.235","22.990","588"
"780","136128","20220623022000","600","2","臺南市","東區","120.245","22.990","736"
"298","136131","20220623022000","364","0","臺南市","歸仁區","120.275","22.960","366"
"568","136132","20220623022000","415","2","臺南市","歸仁區","120.280","22.960","500"
"25","136145","20220623022000","420","0","臺南市","南區","120.205","22.980","25"
"839","136146","20220623022000","1254","0","臺南市","南區","120.210","22.980","845"
"786","136147","20220623022000","620","2","臺南市","安平區","120.165","22.990","768"
"33","136148","20220623022000","89","0","臺南市","永康區","120.245","22.995","32"
"1072","136149","20220623022000","802","2","臺南市","永康區","120.245","23.005","1062"
"1385","136151","20220623022000","1297","1","臺南市","永康區","120.245","23.010","1355"
"158","136152","20220623022000","1200","0","臺南市","永康區","120.250","23.010","165"
"51","136155","20220623022000","26","3","臺南市","關廟區","120.320","22.970","39"
"54","136163","20220623022000","46","1","臺南市","關廟區","120.310","22.980","50"
"1794","136181","20220623022000","1315","2","臺南市","北區","120.200","23.000","1827"
"53","136182","20220623022000","73","0","臺南市","南區","120.195","22.985","57"
"403","136184","20220623022000","285","2","臺南市","仁德區","120.225","22.960","387"
"376","136185","20220623022000","323","1","臺南市","東區","120.230","22.960","391"
"50","136186","20220623022000","52","0","臺南市","歸仁區","120.275","22.995","45"
"469","136188","20220623022000","434","1","臺南市","歸仁區","120.275","23.000","489"
"335","136195","20220623022000","258","2","臺南市","歸仁區","120.290","22.995","327"
"53","136196","20220623022000","344","0","臺南市","歸仁區","120.295","22.995","60"
"1736","136199","20220623022000","1313","2","臺南市","北區","120.210","23.005","1798"
"1229","136200","20220623022000","745","3","臺南市","東區","120.215","22.995","1268"
"648","136229","20220623022000","592","1","臺南市","安南區","120.195","23.030","666"
"1190","136230","20220623022000","1137","1","臺南市","安南區","120.195","23.035","1183"
"649","136231","20220623022000","535","2","臺南市","南區","120.190","22.965","673"
"14","136248","20220623022000","21","0","臺南市","左鎮區","120.405","22.995","13"
"79","136271","20220623022000","67","1","臺南市","左鎮區","120.420","23.010","83"
"22","136316","20220623022000","75","0","臺南市","左鎮區","120.395","23.010","19"
"43","136343","20220623022000","35","2","臺南市","左鎮區","120.385","23.035","40"
"3780","136422","20220623022000","3662","1","臺南市","東區","120.235","22.985","3764"
"1007","136423","20220623022000","660","3","臺南市","東區","120.215","22.990","1038"
"562","136430","20220623022000","556","1","臺南市","歸仁區","120.285","22.980","585"
"195","136438","20220623022000","154","2","臺南市","歸仁區","120.280","22.990","209"
"511","136444","20220623022000","434","1","臺南市","歸仁區","120.295","22.975","463"
"623","136452","20220623022000","515","2","臺南市","歸仁區","120.285","22.960","631"
"687","136453","20220623022000","401","3","臺南市","歸仁區","120.280","22.965","682"
"37","136454","20220623022000","55","0","臺南市","歸仁區","120.285","22.965","36"
"761","136455","20220623022000","618","2","臺南市","歸仁區","120.285","22.970","791"
"38","136457","20220623022000","535","0","臺南市","仁德區","120.270","22.970","34"
"966","136458","20220623022000","915","1","臺南市","歸仁區","120.275","22.970","962"
"495","136459","20220623022000","382","2","臺南市","歸仁區","120.280","22.970","502"
"466","136460","20220623022000","344","2","臺南市","南區","120.200","22.975","463"
"786","136461","20220623022000","468","3","臺南市","南區","120.195","22.960","791"
"2331","136462","20220623022000","1821","2","臺南市","南區","120.190","22.980","2332"
"345","136475","20220623022000","285","2","臺南市","安南區","120.130","23.015","364"
"79","136483","20220623022000","50","3","臺南市","安南區","120.135","23.020","58"
"788","136490","20220623022000","545","2","臺南市","安南區","120.185","23.025","803"
"695","136495","20220623022000","562","2","臺南市","東區","120.235","22.980","686"
"334","136496","20220623022000","307","1","臺南市","永康區","120.255","23.010","340"
"1289","136497","20220623022000","1318","0","臺南市","永康區","120.255","23.015","1264"
"610","136498","20220623022000","777","0","臺南市","永康區","120.260","23.015","618"
"35","136501","20220623022000","316","0","臺南市","永康區","120.280","23.010","35"
"125","136503","20220623022000","704","0","臺南市","永康區","120.270","23.015","134"
"1277","136507","20220623022000","892","2","臺南市","永康區","120.275","23.020","1297"
"106","136508","20220623022000","726","0","臺南市","永康區","120.280","23.020","103"
"106","136509","20220623022000","1636","0","臺南市","安平區","120.175","22.995","108"
"300","136512","20220623022000","226","2","臺南市","安南區","120.160","23.005","290"
"964","136513","20220623022000","654","2","臺南市","安平區","120.190","22.990","952"
"481","136515","20220623022000","498","0","臺南市","永康區","120.220","23.030","497"
"655","136516","20220623022000","590","1","臺南市","東區","120.245","22.980","673"
"815","136517","20220623022000","785","1","臺南市","仁德區","120.250","22.980","816"
"2729","136518","20220623022000","1841","2","臺南市","東區","120.215","22.980","2693"
"2295","136520","20220623022000","2409","0","臺南市","東區","120.245","22.985","2362"
"1366","136521","20220623022000","862","3","臺南市","仁德區","120.250","22.985","1368"
"734","136523","20220623022000","716","1","臺南市","安平區","120.160","22.990","767"
"641","136525","20220623022000","548","1","臺南市","安平區","120.160","22.995","680"
"1016","136532","20220623022000","880","1","臺南市","安平區","120.165","22.985","1070"
"1032","136533","20220623022000","617","3","臺南市","安平區","120.170","22.985","1034"
"675","136534","20220623022000","821","0","臺南市","安平區","120.175","22.985","688"
"1551","136535","20220623022000","1062","2","臺南市","安平區","120.170","22.990","1510"
"948","136536","20220623022000","894","1","臺南市","安平區","120.175","22.990","971"
"234","136539","20220623022000","218","1","臺南市","安平區","120.150","22.995","231"
"288","136541","20220623022000","219","2","臺南市","安平區","120.145","23.000","273"
"251","136542","20220623022000","141","3","臺南市","安平區","120.150","23.000","242"
"301","136543","20220623022000","264","1","臺南市","安平區","120.155","23.000","261"
"243","136544","20220623022000","212","1","臺南市","安平區","120.160","23.000","250"
"1032","136545","20220623022000","1525","0","臺南市","東區","120.240","22.980","1065"
"607","136546","20220623022000","513","1","臺南市","東區","120.225","22.995","574"
"1724","136547","20220623022000","1596","1","臺南市","東區","120.235","22.965","1744"
"821","136548","20220623022000","721","1","臺南市","東區","120.220","22.975","834"
"605","136549","20220623022000","593","1","臺南市","歸仁區","120.300","22.960","622"
"67","136550","20220623022000","78","0","臺南市","歸仁區","120.305","22.960","57"
"501","136553","20220623022000","497","1","臺南市","歸仁區","120.285","23.005","492"
"185","136560","20220623022000","1693","0","臺南市","南區","120.195","22.975","200"
"397","136561","20220623022000","2065","0","臺南市","永康區","120.240","23.015","364"
"1077","136562","20220623022000","840","2","臺南市","永康區","120.245","23.015","1053"
"793","136563","20220623022000","988","0","臺南市","永康區","120.250","23.015","843"
"1761","136564","20220623022000","1055","3","臺南市","永康區","120.230","23.005","1676"
"1934","136565","20220623022000","2504","0","臺南市","永康區","120.235","23.000","2036"
"2051","136566","20220623022000","1652","2","臺南市","北區","120.230","23.000","2119"
"1064","136567","20220623022000","1177","0","臺南市","永康區","120.270","23.005","1074"
"1458","136568","20220623022000","1272","1","臺南市","永康區","120.265","23.010","1417"
"217","136570","20220623022000","1298","0","臺南市","永康區","120.265","23.020","224"
"39","136572","20220623022000","511","0","臺南市","永康區","120.260","22.995","35"
"745","136573","20220623022000","738","1","臺南市","永康區","120.265","23.000","717"
"539","136574","20220623022000","512","1","臺南市","安南區","120.200","23.025","543"
"1142","136575","20220623022000","753","3","臺南市","安南區","120.205","23.025","1225"
"1163","136576","20220623022000","820","2","臺南市","安南區","120.210","23.025","1170"
"2792","136577","20220623022000","2251","2","臺南市","北區","120.225","23.010","2914"
"1470","136578","20220623022000","1363","1","臺南市","北區","120.215","23.010","1495"
"1244","136579","20220623022000","906","2","臺南市","北區","120.215","23.015","1236"
"130","136580","20220623022000","352","0","臺南市","南化區","120.495","23.030","123"
"67","136584","20220623022000","24","3","臺南市","南化區","120.500","23.035","75"
"41","136586","20220623022000","38","1","臺南市","南化區","120.465","23.040","55"
"20","136602","20220623022000","16","2","臺南市","南化區","120.465","23.010","18"
"1569","136671","20220623022000","1110","2","臺南市","中西區","120.170","23.000","1393"
"1518","136672","20220623022000","1866","0","臺南市","中西區","120.175","23.000","1967"
"403","136674","20220623022000","675","0","臺南市","中西區","120.185","23.000","464"
"1917","136675","20220623022000","1823","1","臺南市","安平區","120.165","22.995","1935"
"626","136676","20220623022000","529","1","臺南市","安平區","120.170","22.995","626"
"1593","136677","20220623022000","1360","1","臺南市","安平區","120.185","22.990","1589"
"311","136678","20220623022000","287","1","臺南市","安平區","120.180","22.995","292"
"1010","136679","20220623022000","1168","0","臺南市","安平區","120.185","22.995","1013"
"1110","136680","20220623022000","832","2","臺南市","安平區","120.180","22.985","1106"
"1993","136681","20220623022000","1352","2","臺南市","安平區","120.180","22.990","1959"
"24","136684","20220623022000","481","0","臺南市","安南區","120.190","23.040","25"
"326","136690","20220623022000","203","3","臺南市","南區","120.215","22.955","314"
"552","136695","20220623022000","419","2","臺南市","南區","120.210","22.965","510"
"880","136696","20220623022000","885","0","臺南市","南區","120.215","22.965","850"
"2290","136697","20220623022000","1731","2","臺南市","南區","120.185","22.965","2288"
"645","136701","20220623022000","411","3","臺南市","南區","120.170","22.955","698"
"162","136709","20220623022000","97","3","臺南市","南區","120.165","22.965","151"
"666","136712","20220623022000","446","2","臺南市","仁德區","120.220","22.955","650"
"431","136717","20220623022000","335","2","臺南市","仁德區","120.255","22.965","447"
"223","136718","20220623022000","314","0","臺南市","仁德區","120.260","22.965","239"
"34","136720","20220623022000","251","0","臺南市","仁德區","120.270","22.965","39"
"259","136721","20220623022000","1401","0","臺南市","仁德區","120.255","22.970","285"
"711","136722","20220623022000","435","3","臺南市","仁德區","120.260","22.970","675"
"2110","136727","20220623022000","1645","2","臺南市","北區","120.220","23.005","2239"
"1815","136728","20220623022000","1588","1","臺南市","北區","120.200","23.005","1857"
"539","136732","20220623022000","394","2","臺南市","仁德區","120.260","22.985","559"
"1181","136738","20220623022000","813","2","臺南市","仁德區","120.260","22.990","1199"
"32","136741","20220623022000","58","0","臺南市","仁德區","120.265","22.995","33"
"502","136752","20220623022000","228","3","臺南市","安南區","120.185","23.035","473"
"706","136755","20220623022000","628","1","臺南市","安南區","120.185","23.040","706"
"2569","136756","20220623022000","2225","1","臺南市","中西區","120.205","22.995","2508"
"441","136758","20220623022000","447","0","臺南市","永康區","120.250","23.000","490"
"539","136763","20220623022000","457","1","臺南市","安南區","120.200","23.040","552"
"1199","136764","20220623022000","2784","0","臺南市","安南區","120.190","23.025","1159"
"148","136765","20220623022000","136","1","臺南市","安南區","120.140","23.000","108"
"2508","136786","20220623022000","1936","2","臺南市","北區","120.210","23.000","2395"
"1074","136787","20220623022000","594","3","臺南市","中西區","120.195","22.995","1087"
"953","136788","20220623022000","861","1","臺南市","中西區","120.205","22.985","895"
"854","136789","20220623022000","1024","0","臺南市","東區","120.225","22.980","881"
"4711","136790","20220623022000","3200","2","臺南市","東區","120.220","22.985","4683"
"509","136791","20220623022000","573","0","臺南市","永康區","120.225","23.015","511"
"1118","136792","20220623022000","1246","0","臺南市","永康區","120.240","23.005","1148"
"166","136793","20220623022000","1033","0","臺南市","永康區","120.240","23.000","150"
"1154","136794","20220623022000","1984","0","臺南市","永康區","120.235","23.010","1207"
"852","136795","20220623022000","618","2","臺南市","永康區","120.245","23.000","889"
"1526","136799","20220623022000","1819","0","臺南市","新化區","120.300","23.035","1534"
"979","136800","20220623022000","1314","0","臺南市","東區","120.215","22.975","997"
"1141","136801","20220623022000","836","2","臺南市","東區","120.230","22.985","1271"
"2426","136802","20220623022000","1842","2","臺南市","東區","120.230","22.975","2429"
"119","136803","20220623022000","260","0","臺南市","東區","120.225","22.975","125"
"662","136804","20220623022000","389","3","臺南市","東區","120.230","22.970","692"
"1350","136805","20220623022000","1198","1","臺南市","東區","120.230","22.965","1336"
"528","136806","20220623022000","425","2","臺南市","南區","120.185","22.975","522"
"875","136808","20220623022000","948","0","臺南市","南區","120.210","22.970","880"
"710","136809","20220623022000","595","1","臺南市","東區","120.215","22.970","727"
"149","136812","20220623022000","311","0","臺南市","仁德區","120.245","22.955","175"
"218","136813","20220623022000","185","1","臺南市","仁德區","120.240","22.960","222"
"195","136814","20220623022000","130","3","臺南市","仁德區","120.245","22.960","180"
"368","136816","20220623022000","741","0","臺南市","仁德區","120.255","22.960","353"
"528","136817","20220623022000","445","1","臺南市","仁德區","120.240","22.965","527"
"49","136820","20220623022000","53","0","臺南市","仁德區","120.240","22.970","47"
"819","136821","20220623022000","532","3","臺南市","仁德區","120.245","22.970","819"
"612","136822","20220623022000","657","0","臺南市","仁德區","120.250","22.970","648"
"1190","136823","20220623022000","659","3","臺南市","仁德區","120.240","22.975","1152"
"1045","136824","20220623022000","1017","1","臺南市","仁德區","120.245","22.975","1052"
"581","136825","20220623022000","447","2","臺南市","仁德區","120.250","22.975","596"
"1799","136826","20220623022000","1555","1","臺南市","北區","120.215","23.005","1919"
"314","136851","20220623022000","232","2","高雄市","內門區","120.445","22.975","314"
"19","136927","20220623022000","18","1","臺東縣","池上鄉","121.195","23.040","18"
"33","136939","20220623022000","31","1","高雄市","內門區","120.435","22.955","31"
"97","136953","20220623022000","89","1","高雄市","內門區","120.465","23.000","92"
"157","136958","20220623022000","221","0","高雄市","內門區","120.470","22.960","147"
"77","136970","20220623022000","62","2","高雄市","內門區","120.465","22.975","87"
"51","136996","20220623022000","40","2","高雄市","內門區","120.495","22.955","46"
"92","137008","20220623022000","123","0","高雄市","內門區","120.490","22.970","101"
"64","137020","20220623022000","69","0","高雄市","內門區","120.510","22.980","63"
"265","137023","20220623022000","278","0","高雄市","內門區","120.500","22.985","279"
"28","137048","20220623022000","80","0","高雄市","六龜區","120.660","23.005","34"
"62","137056","20220623022000","107","0","高雄市","六龜區","120.665","23.010","57"
"35","137071","20220623022000","29","2","臺南市","龍崎區","120.350","22.955","37"
"25","137124","20220623022000","17","2","臺南市","龍崎區","120.385","23.005","22"
"70","137130","20220623022000","56","2","臺南市","關廟區","120.370","22.960","68"
"325","137196","20220623022000","922","0","臺南市","安南區","120.190","23.020","322"
"39","137197","20220623022000","45","0","臺南市","南區","120.195","22.965","52"
"91","137201","20220623022000","288","0","臺南市","歸仁區","120.295","22.960","81"
"680","137202","20220623022000","624","1","臺南市","永康區","120.255","23.005","667"
"213","137251","20220623022000","240","0","高雄市","內門區","120.485","23.015","224"
"39","137259","20220623022000","32","2","高雄市","內門區","120.480","22.965","38"
"92","137275","20220623022000","106","0","高雄市","內門區","120.510","23.015","92"
"149","137311","20220623022000","63","3","高雄市","六龜區","120.650","22.975","174"
"663","137325","20220623022000","767","0","高雄市","六龜區","120.660","22.985","663"
"162","137409","20220623022000","116","2","高雄市","六龜區","120.640","22.990","166"
"202","137466","20220623022000","198","1","高雄市","六龜區","120.660","23.035","219"
"847","137491","20220623022000","785","1","高雄市","六龜區","120.635","22.995","866"
"214","137494","20220623022000","159","2","臺南市","安平區","120.165","23.000","217"
"211","137502","20220623022000","195","1","臺南市","安平區","120.150","22.990","132"
"790","137506","20220623022000","564","2","臺南市","永康區","120.260","23.020","792"
"519","137507","20220623022000","507","1","臺南市","永康區","120.250","23.030","545"
"168","137585","20220623022000","93","3","臺東縣","鹿野鄉","121.140","22.975","159"
"173","137592","20220623022000","116","2","臺東縣","鹿野鄉","121.140","22.985","174"
"81","137600","20220623022000","81","1","臺東縣","鹿野鄉","121.155","22.950","85"
"388","137609","20220623022000","346","1","臺東縣","鹿野鄉","121.155","22.955","367"
"545","137617","20220623022000","522","1","高雄市","旗山區","120.510","22.955","558"
"71","137618","20220623022000","98","0","高雄市","旗山區","120.515","22.955","74"
"194","137627","20220623022000","253","0","高雄市","旗山區","120.515","22.970","191"
"1081","137638","20220623022000","2150","0","臺南市","歸仁區","120.290","22.965","1075"
"24","137642","20220623022000","157","0","臺南市","永康區","120.275","23.035","27"
"50","137643","20220623022000","230","0","臺南市","永康區","120.280","23.035","47"
"20","137645","20220623022000","25","0","臺南市","永康區","120.275","23.040","22"
"576","137648","20220623022000","484","1","臺南市","新化區","120.305","23.030","576"
"837","137649","20220623022000","741","1","臺南市","永康區","120.240","23.010","834"
"644","137650","20220623022000","570","1","臺南市","永康區","120.215","23.020","624"
"652","137651","20220623022000","414","3","臺南市","北區","120.220","23.015","635"
"11","138036","20220623022000","67","0","臺東縣","成功鎮","121.315","22.990","11"
"84","138047","20220623022000","49","3","臺東縣","成功鎮","121.320","23.005","97"
"50","138061","20220623022000","38","2","臺東縣","成功鎮","121.325","23.020","49"
"231","138079","20220623022000","216","1","臺東縣","成功鎮","121.335","23.030","242"
"611","138095","20220623022000","173","3","臺東縣","關山鎮","121.170","23.040","610"
"72","138110","20220623022000","58","2","臺東縣","關山鎮","121.145","23.005","67"
"130","138197","20220623022000","127","1","臺東縣","關山鎮","121.175","23.015","132"
"73","138230","20220623022000","70","1","臺東縣","關山鎮","121.185","23.025","59"
"39","138241","20220623022000","26","3","臺東縣","鹿野鄉","121.130","22.955","34"
"206","138251","20220623022000","191","1","臺東縣","鹿野鄉","121.120","22.970","214"
"153","138278","20220623022000","140","1","臺東縣","鹿野鄉","121.150","22.980","156"
"1045","138324","20220623022000","858","2","臺南市","新化區","120.300","23.020","1060"
"170","138325","20220623022000","154","1","臺南市","新化區","120.305","23.020","183"
"359","138337","20220623022000","330","1","臺南市","安南區","120.125","23.035","390"
"204","138363","20220623022000","158","2","臺南市","安南區","120.140","23.030","181"
"341","138367","20220623022000","240","2","臺南市","安南區","120.160","23.030","349"
"229","138369","20220623022000","210","1","臺南市","安南區","120.135","23.035","250"
"110","138375","20220623022000","87","2","臺南市","安南區","120.140","23.040","129"
"466","138376","20220623022000","534","0","臺南市","安南區","120.145","23.040","465"
"310","138377","20220623022000","243","2","臺南市","安南區","120.150","23.040","316"
"228","138378","20220623022000","155","2","臺南市","安南區","120.155","23.040","232"
"23","138379","20220623022000","16","2","臺南市","安南區","120.160","23.040","28"
"31","138760","20220623022000","19","3","高雄市","桃源區","120.715","23.035","31"
"2513","138833","20220623022000","1964","2","臺南市","永康區","120.260","23.025","2413"
"30","138836","20220623022000","369","0","臺南市","永康區","120.265","23.030","354"
"919","138838","20220623022000","729","2","臺南市","永康區","120.265","23.035","858"
"205","138839","20220623022000","465","0","臺南市","永康區","120.265","23.040","192"
"64","138843","20220623022000","683","0","臺南市","新化區","120.300","23.040","59"
"20","138851","20220623022000","12","3","臺南市","新化區","120.375","23.010","18"
"184","138868","20220623022000","1137","0","臺南市","新化區","120.305","23.040","172"
"87","138909","20220623022000","139","0","臺南市","新化區","120.325","23.025","76"
"47","138910","20220623022000","28","3","臺南市","新化區","120.330","23.025","44"
"251","138917","20220623022000","1710","0","臺南市","新化區","120.310","23.035","268"
"1980","138922","20220623022000","1279","3","臺南市","東區","120.220","22.980","2204"
"2333","138923","20220623022000","1342","3","臺南市","東區","120.235","22.970","2346"
"772","138926","20220623022000","753","1","臺南市","永康區","120.230","23.035","809"
"1431","138928","20220623022000","1253","1","臺南市","永康區","120.235","23.040","1467"
"1279","138932","20220623022000","1146","1","臺南市","永康區","120.240","23.035","1333"
"55","138933","20220623022000","212","0","臺南市","永康區","120.245","23.035","55"
"973","138935","20220623022000","713","2","臺南市","永康區","120.240","23.040","1021"
"3337","138936","20220623022000","2076","3","臺南市","永康區","120.245","23.040","3340"
"141","138937","20220623022000","146","0","臺南市","永康區","120.250","23.040","143"
"22","138942","20220623022000","235","0","臺東縣","東河鄉","121.285","23.000","18"
"97","138962","20220623022000","84","1","臺東縣","東河鄉","121.280","23.020","96"
"22","138979","20220623022000","80","0","臺東縣","東河鄉","121.285","23.030","16"
"91","139027","20220623022000","73","2","臺東縣","東河鄉","121.240","22.965","92"
"51","139060","20220623022000","276","0","臺東縣","東河鄉","121.300","22.970","50"
"18","139073","20220623022000","15","2","臺東縣","東河鄉","121.300","22.985","23"
"47","139131","20220623022000","24","3","臺東縣","東河鄉","121.260","22.980","35"
"25","139146","20220623022000","25","1","臺東縣","東河鄉","121.265","22.985","27"
"189","139164","20220623022000","112","3","臺東縣","東河鄉","121.280","22.990","183"
"156","139299","20220623022000","102","3","臺南市","新化區","120.330","23.015","155"
"47","139305","20220623022000","528","0","臺南市","新化區","120.310","23.020","52"
"17","139307","20220623022000","194","0","臺南市","新化區","120.330","23.020","15"
"20","139318","20220623022000","48","0","臺南市","新化區","120.355","23.020","24"
"39","139335","20220623022000","92","0","臺南市","新化區","120.335","23.035","37"
"1213","139358","20220623022000","1136","1","臺南市","東區","120.220","22.995","1346"
"36","139360","20220623022000","147","0","臺南市","東區","120.215","23.000","47"
"1157","139362","20220623022000","720","3","臺南市","東區","120.235","22.960","1179"
"315","139635","20220623022000","291","1","高雄市","杉林區","120.540","22.970","305"
"151","139644","20220623022000","132","1","高雄市","杉林區","120.550","22.975","149"
"120","139672","20220623022000","112","1","高雄市","杉林區","120.565","22.985","128"
"620","139718","20220623022000","480","2","高雄市","杉林區","120.540","22.965","626"
"72","139735","20220623022000","50","2","高雄市","杉林區","120.550","23.020","58"
"18","139762","20220623022000","13","2","高雄市","杉林區","120.535","23.035","18"
"64","139796","20220623022000","100","0","高雄市","杉林區","120.550","23.000","62"
"125","139852","20220623022000","161","0","高雄市","杉林區","120.585","22.995","138"
"132","139897","20220623022000","165","0","高雄市","杉林區","120.565","23.015","140"
"53","139960","20220623022000","58","0","高雄市","杉林區","120.550","23.040","61"
"157","144971","20220623022000","130","2","臺南市","新市區","120.330","23.105","169"
"247","144982","20220623022000","1010","0","臺南市","善化區","120.295","23.125","234"
"469","144986","20220623022000","370","2","臺南市","善化區","120.310","23.110","481"
"4025","144989","20220623022000","3310","2","臺南市","善化區","120.305","23.115","4111"
"529","144992","20220623022000","468","1","臺南市","善化區","120.320","23.115","538"
"530","144998","20220623022000","398","2","臺南市","善化區","120.310","23.125","535"
"2543","144999","20220623022000","1664","3","臺南市","善化區","120.315","23.125","2575"
"4160","145002","20220623022000","2197","3","臺南市","新市區","120.300","23.105","4031"
"4086","145007","20220623022000","2183","3","臺南市","善化區","120.295","23.115","4043"
"414","145022","20220623022000","334","2","臺南市","安定區","120.235","23.110","397"
"197","145025","20220623022000","301","0","臺南市","安定區","120.235","23.115","370"
"449","145026","20220623022000","413","1","臺南市","安定區","120.240","23.115","424"
"322","145031","20220623022000","120","3","臺南市","安定區","120.255","23.115","313"
"81","145032","20220623022000","223","0","臺南市","安定區","120.235","23.120","293"
"895","145050","20220623022000","726","2","臺南市","七股區","120.160","23.115","915"
"68","145054","20220623022000","52","2","臺南市","安南區","120.135","23.045","54"
"100","145055","20220623022000","109","0","臺南市","安南區","120.155","23.045","74"
"278","145067","20220623022000","1922","0","臺南市","安南區","120.195","23.045","277"
"109","145080","20220623022000","109","1","臺東縣","池上鄉","121.220","23.090","105"
"24","145103","20220623022000","25","0","臺東縣","池上鄉","121.220","23.100","36"
"59","145114","20220623022000","45","2","臺東縣","池上鄉","121.225","23.105","46"
"68","145631","20220623022000","55","2","臺東縣","海端鄉","121.145","23.045","69"
"348","145817","20220623022000","371","0","臺東縣","海端鄉","121.175","23.095","345"
"443","146198","20220623022000","526","0","臺南市","西港區","120.200","23.115","431"
"624","146199","20220623022000","573","1","臺南市","西港區","120.205","23.115","636"
"1372","146201","20220623022000","1081","2","臺南市","西港區","120.200","23.120","1402"
"146","146215","20220623022000","570","0","臺南市","西港區","120.180","23.115","141"
"32","146227","20220623022000","606","0","臺南市","安南區","120.215","23.045","32"
"1306","146231","20220623022000","724","3","臺南市","安南區","120.215","23.050","1296"
"1702","146234","20220623022000","1326","2","臺南市","安南區","120.220","23.045","1721"
"233","146235","20220623022000","334","0","臺南市","安南區","120.225","23.045","214"
"137","146238","20220623022000","482","0","臺南市","安南區","120.235","23.050","46"
"82","146239","20220623022000","66","2","臺南市","永康區","120.240","23.050","76"
"100","146241","20220623022000","82","2","臺南市","安南區","120.235","23.055","106"
"1179","146244","20220623022000","967","2","臺南市","安南區","120.230","23.060","1148"
"98","146245","20220623022000","44","3","臺南市","安南區","120.235","23.060","94"
"515","146251","20220623022000","508","1","臺南市","西港區","120.210","23.115","499"
"404","146255","20220623022000","352","1","臺南市","西港區","120.220","23.120","372"
"65","146265","20220623022000","75","0","臺南市","大內區","120.390","23.110","71"
"313","146341","20220623022000","237","2","臺南市","安南區","120.110","23.080","291"
"508","146347","20220623022000","762","0","臺南市","安南區","120.205","23.045","500"
"697","146348","20220623022000","468","2","臺南市","安南區","120.210","23.045","710"
"112","146361","20220623022000","89","2","臺南市","大內區","120.395","23.120","117"
"80","146366","20220623022000","52","3","臺南市","大內區","120.420","23.120","79"
"720","146385","20220623022000","363","3","臺南市","安南區","120.220","23.055","738"
"1114","146387","20220623022000","1017","1","臺南市","安南區","120.215","23.060","1077"
"421","146388","20220623022000","320","2","臺南市","安南區","120.220","23.060","415"
"1375","146390","20220623022000","1572","0","臺南市","安南區","120.225","23.065","1425"
"72","146400","20220623022000","53","2","臺南市","七股區","120.160","23.100","70"
"25","146423","20220623022000","27","0","臺南市","七股區","120.100","23.120","17"
"2764","146430","20220623022000","2158","2","臺南市","新市區","120.290","23.070","2807"
"150","146431","20220623022000","468","0","臺南市","新市區","120.290","23.075","141"
"1938","146432","20220623022000","1281","3","臺南市","新市區","120.290","23.080","1868"
"3228","146433","20220623022000","2808","1","臺南市","新市區","120.295","23.080","3401"
"60","146437","20220623022000","578","0","臺南市","新市區","120.290","23.055","56"
"751","146444","20220623022000","591","2","臺南市","新市區","120.300","23.060","751"
"473","146450","20220623022000","314","3","臺南市","新市區","120.295","23.065","477"
"172","146459","20220623022000","126","2","臺南市","新市區","120.305","23.070","169"
"1641","146460","20220623022000","1009","3","臺南市","新市區","120.295","23.075","1690"
"375","146461","20220623022000","317","1","臺南市","新市區","120.300","23.075","366"
"512","146468","20220623022000","480","1","臺南市","新市區","120.300","23.085","540"
"259","146478","20220623022000","215","2","臺南市","新市區","120.325","23.070","268"
"52","146482","20220623022000","42","2","臺南市","新市區","120.320","23.075","54"
"509","146495","20220623022000","382","2","臺南市","新市區","120.280","23.060","476"
"243","146505","20220623022000","166","2","臺南市","新市區","120.280","23.075","236"
"3747","146506","20220623022000","2848","2","臺南市","新市區","120.285","23.075","3636"
"126","146509","20220623022000","88","2","臺南市","新市區","120.285","23.080","121"
"714","146513","20220623022000","473","3","臺南市","新市區","120.280","23.090","709"
"136","146522","20220623022000","239","0","臺南市","新市區","120.255","23.090","145"
"269","146525","20220623022000","217","2","臺南市","新市區","120.270","23.090","273"
"697","146526","20220623022000","481","2","臺南市","新市區","120.275","23.090","673"
"232","146529","20220623022000","166","2","臺南市","新市區","120.255","23.095","220"
"32","146532","20220623022000","36","0","臺南市","新市區","120.270","23.095","27"
"841","146533","20220623022000","927","0","臺南市","新市區","120.275","23.095","850"
"480","146535","20220623022000","294","3","臺南市","新市區","120.250","23.100","462"
"47","146536","20220623022000","92","0","臺南市","新市區","120.260","23.100","44"
"267","146537","20220623022000","185","2","臺南市","新市區","120.260","23.095","286"
"383","146541","20220623022000","499","0","臺南市","新市區","120.280","23.095","362"
"13","146542","20220623022000","174","0","臺南市","新市區","120.285","23.100","13"
"594","146545","20220623022000","487","2","臺南市","新市區","120.255","23.100","574"
"28","146546","20220623022000","23","2","臺南市","善化區","120.260","23.105","23"
"16","146547","20220623022000","14","1","臺南市","新市區","120.265","23.100","13"
"276","146549","20220623022000","195","2","臺南市","新市區","120.275","23.100","277"
"247","146550","20220623022000","235","1","臺南市","新市區","120.280","23.100","235"
"446","146552","20220623022000","566","0","臺南市","新市區","120.265","23.105","448"
"863","146554","20220623022000","785","1","臺南市","新市區","120.275","23.105","926"
"228","146562","20220623022000","265","0","臺南市","七股區","120.145","23.105","227"
"698","146587","20220623022000","442","3","臺南市","安定區","120.225","23.080","691"
"412","146590","20220623022000","358","1","臺南市","安定區","120.230","23.100","420"
"768","146602","20220623022000","608","2","臺南市","西港區","120.210","23.125","778"
"353","146614","20220623022000","181","3","臺南市","安南區","120.155","23.055","333"
"148","146615","20220623022000","92","3","臺南市","安南區","120.165","23.060","123"
"593","146616","20220623022000","561","1","臺南市","安南區","120.175","23.060","622"
"1174","146621","20220623022000","1023","1","臺南市","安南區","120.175","23.070","1203"
"127","146652","20220623022000","128","0","臺南市","七股區","120.150","23.120","107"
"566","146661","20220623022000","386","2","臺南市","安南區","120.130","23.070","523"
"20","146695","20220623022000","271","0","臺南市","安南區","120.095","23.060","21"
"77","146704","20220623022000","61","2","臺南市","山上區","120.355","23.085","88"
"54","146707","20220623022000","63","0","臺南市","山上區","120.345","23.090","54"
"135","146712","20220623022000","205","0","臺南市","山上區","120.355","23.095","139"
"193","146713","20220623022000","125","3","臺南市","山上區","120.360","23.095","182"
"127","146727","20220623022000","152","0","臺南市","山上區","120.340","23.110","121"
"47","146773","20220623022000","56","0","臺南市","山上區","120.405","23.105","38"
"41","146783","20220623022000","41","1","臺南市","山上區","120.365","23.075","34"
"21","146806","20220623022000","12","3","臺南市","左鎮區","120.380","23.050","22"
"177","146822","20220623022000","119","2","臺南市","左鎮區","120.365","23.065","92"
"93","146848","20220623022000","100","0","臺南市","左鎮區","120.400","23.055","97"
"205","146850","20220623022000","175","1","臺南市","左鎮區","120.410","23.055","195"
"196","146853","20220623022000","151","2","臺南市","左鎮區","120.390","23.060","196"
"237","146890","20220623022000","284","0","臺南市","安南區","120.160","23.065","255"
"440","146891","20220623022000","356","2","臺南市","安南區","120.160","23.070","384"
"491","146892","20220623022000","482","1","臺南市","安南區","120.165","23.070","515"
"174","146896","20220623022000","153","1","臺南市","安南區","120.200","23.075","189"
"62","146931","20220623022000","956","0","臺南市","安南區","120.130","23.060","94"
"110","146932","20220623022000","521","0","臺南市","安南區","120.135","23.060","56"
"38","146947","20220623022000","218","0","臺南市","安南區","120.115","23.055","45"
"757","146954","20220623022000","678","1","臺南市","安南區","120.125","23.060","710"
"549","146957","20220623022000","457","2","臺南市","安南區","120.125","23.065","607"
"1057","146965","20220623022000","850","2","臺南市","山上區","120.355","23.105","933"
"103","146969","20220623022000","87","1","臺南市","山上區","120.370","23.080","106"
"110","146971","20220623022000","111","0","臺南市","山上區","120.380","23.080","116"
"313","146979","20220623022000","300","1","臺南市","安定區","120.235","23.100","309"
"1706","146988","20220623022000","1240","2","臺南市","永康區","120.255","23.045","1763"
"66","146992","20220623022000","47","2","臺南市","永康區","120.260","23.050","60"
"179","147017","20220623022000","119","3","臺南市","安南區","120.145","23.075","176"
"569","147019","20220623022000","472","2","臺南市","安南區","120.135","23.080","567"
"202","147031","20220623022000","170","1","臺南市","安定區","120.220","23.105","210"
"78","147043","20220623022000","80","0","臺南市","安定區","120.260","23.110","89"
"66","147044","20220623022000","59","1","臺南市","安定區","120.260","23.115","65"
"442","147045","20220623022000","425","1","臺南市","安定區","120.255","23.120","451"
"2851","147046","20220623022000","2293","2","臺南市","安定區","120.260","23.120","2814"
"17","147047","20220623022000","31","0","臺南市","安定區","120.265","23.120","17"
"42","147048","20220623022000","198","0","臺南市","安定區","120.250","23.125","115"
"488","147051","20220623022000","790","0","臺南市","安定區","120.240","23.095","499"
"232","147056","20220623022000","505","0","臺南市","安定區","120.235","23.085","230"
"1346","147068","20220623022000","1267","1","臺南市","安定區","120.235","23.095","1325"
"192","147073","20220623022000","150","2","臺南市","安南區","120.180","23.045","192"
"1907","147074","20220623022000","1752","1","臺南市","安南區","120.185","23.045","1873"
"785","147075","20220623022000","718","1","臺南市","安南區","120.180","23.050","797"
"611","147079","20220623022000","379","3","臺南市","安南區","120.190","23.055","541"
"82","147083","20220623022000","188","0","臺南市","南化區","120.450","23.050","82"
"349","147121","20220623022000","239","2","臺南市","南化區","120.485","23.080","354"
"214","147153","20220623022000","196","1","臺南市","南化區","120.475","23.065","213"
"300","147170","20220623022000","242","2","臺南市","南化區","120.475","23.045","295"
"57","147181","20220623022000","56","1","臺南市","南化區","120.515","23.045","55"
"91","147248","20220623022000","68","2","臺南市","南化區","120.515","23.075","84"
"16","147252","20220623022000","16","1","臺南市","南化區","120.535","23.075","13"
"85","147257","20220623022000","66","2","臺南市","南化區","120.510","23.080","81"
"29","147271","20220623022000","29","1","臺南市","南化區","120.525","23.085","24"
"402","147381","20220623022000","358","1","臺南市","安南區","120.165","23.050","395"
"130","147382","20220623022000","559","0","臺南市","安南區","120.170","23.050","118"
"61","147391","20220623022000","43","2","臺東縣","池上鄉","121.205","23.100","52"
"195","147393","20220623022000","154","2","臺東縣","池上鄉","121.200","23.105","178"
"17","147394","20220623022000","12","2","臺東縣","池上鄉","121.205","23.105","11"
"145","147398","20220623022000","90","3","臺東縣","池上鄉","121.200","23.110","127"
"75","147404","20220623022000","61","2","臺東縣","池上鄉","121.200","23.115","54"
"421","147422","20220623022000","446","0","臺東縣","池上鄉","121.220","23.115","450"
"89","147425","20220623022000","61","2","臺東縣","池上鄉","121.210","23.120","70"
"466","147426","20220623022000","421","1","臺東縣","池上鄉","121.215","23.120","473"
"201","147427","20220623022000","875","0","臺東縣","池上鄉","121.220","23.120","198"
"39","147429","20220623022000","479","0","臺南市","安南區","120.120","23.075","432"
"114","147438","20220623022000","888","0","臺南市","安南區","120.205","23.050","118"
"867","147448","20220623022000","843","1","臺南市","安南區","120.195","23.070","879"
"431","147449","20220623022000","353","2","臺南市","安定區","120.200","23.070","423"
"800","147457","20220623022000","494","3","臺南市","新市區","120.280","23.105","783"
"1478","147458","20220623022000","1179","2","臺南市","善化區","120.265","23.110","1446"
"832","147459","20220623022000","959","0","臺南市","善化區","120.270","23.110","1121"
"948","147460","20220623022000","609","3","臺南市","善化區","120.275","23.110","864"
"19","147461","20220623022000","13","2","臺南市","善化區","120.280","23.110","20"
"1122","147464","20220623022000","961","1","臺南市","善化區","120.270","23.115","1181"
"1220","147465","20220623022000","976","2","臺南市","善化區","120.275","23.115","1185"
"14","147466","20220623022000","11","2","臺南市","善化區","120.280","23.115","15"
"67","147467","20220623022000","69","0","臺南市","善化區","120.285","23.115","75"
"384","147468","20220623022000","215","3","臺南市","善化區","120.270","23.120","371"
"15","147469","20220623022000","51","0","臺南市","善化區","120.275","23.120","14"
"1867","147475","20220623022000","980","3","臺南市","安南區","120.190","23.045","1891"
"190","147479","20220623022000","146","2","臺南市","安定區","120.215","23.075","193"
"619","147503","20220623022000","528","1","臺南市","大內區","120.370","23.115","656"
"168","147511","20220623022000","196","0","臺南市","安定區","120.205","23.080","188"
"515","147522","20220623022000","492","1","臺南市","安定區","120.210","23.090","479"
"581","147528","20220623022000","457","2","臺南市","安定區","120.215","23.095","605"
"525","147531","20220623022000","502","1","臺南市","安定區","120.210","23.095","517"
"983","147539","20220623022000","588","3","臺南市","新市區","120.290","23.085","949"
"847","147540","20220623022000","571","2","臺南市","新市區","120.285","23.090","805"
"1847","147548","20220623022000","1504","2","臺南市","新市區","120.290","23.100","1843"
"174","147550","20220623022000","178","0","臺南市","新市區","120.285","23.105","180"
"26","147563","20220623022000","22","1","臺南市","新市區","120.255","23.070","23"
"57","147564","20220623022000","119","0","臺南市","新市區","120.260","23.070","57"
"134","147567","20220623022000","87","3","臺南市","新市區","120.250","23.075","123"
"97","147570","20220623022000","73","2","臺南市","新市區","120.265","23.075","95"
"139","147571","20220623022000","98","2","臺南市","新市區","120.255","23.080","139"
"226","147576","20220623022000","194","1","臺南市","新市區","120.305","23.090","214"
"295","147580","20220623022000","495","0","臺南市","新市區","120.300","23.100","691"
"481","147587","20220623022000","341","2","臺南市","新市區","120.310","23.100","474"
"455","147594","20220623022000","473","0","臺南市","新市區","120.320","23.085","437"
"1562","147598","20220623022000","944","3","臺南市","新市區","120.315","23.090","1589"
"625","147603","20220623022000","324","3","臺南市","新市區","120.320","23.095","631"
"40","147613","20220623022000","131","0","臺南市","安南區","120.165","23.045","38"
"404","147619","20220623022000","351","1","臺南市","安南區","120.170","23.045","386"
"187","147620","20220623022000","149","2","臺南市","安南區","120.175","23.045","175"
"1004","147621","20220623022000","1094","0","臺南市","安南區","120.175","23.050","1005"
"88","147622","20220623022000","407","0","臺南市","安南區","120.175","23.055","91"
"193","147627","20220623022000","107","3","臺南市","七股區","120.120","23.095","176"
"104","147686","20220623022000","96","1","臺南市","七股區","120.075","23.125","104"
"60","147743","20220623022000","25","3","臺南市","七股區","120.050","23.080","49"
"126","147812","20220623022000","124","1","臺南市","七股區","120.090","23.095","135"
"597","147816","20220623022000","467","2","臺南市","七股區","120.110","23.095","623"
"82","147889","20220623022000","64","2","臺東縣","池上鄉","121.220","23.080","71"
"168","147906","20220623022000","133","2","臺東縣","池上鄉","121.230","23.120","153"
"205","147984","20220623022000","166","2","高雄市","甲仙區","120.585","23.080","197"
"231","147985","20220623022000","106","3","高雄市","甲仙區","120.590","23.080","211"
"54","147999","20220623022000","44","2","高雄市","甲仙區","120.610","23.110","57"
"14","148032","20220623022000","11","2","高雄市","甲仙區","120.630","23.115","13"
"179","148097","20220623022000","161","1","高雄市","六龜區","120.670","23.065","185"
"173","148126","20220623022000","97","3","高雄市","六龜區","120.675","23.080","149"
"568","148173","20220623022000","377","3","臺南市","安南區","120.205","23.060","570"
"434","148177","20220623022000","362","1","臺南市","安南區","120.220","23.070","408"
"427","148178","20220623022000","367","1","臺南市","安南區","120.225","23.070","406"
"157","148201","20220623022000","123","2","高雄市","六龜區","120.690","23.095","151"
"206","148224","20220623022000","146","2","高雄市","六龜區","120.690","23.105","187"
"160","148238","20220623022000","188","0","高雄市","六龜區","120.700","23.110","134"
"16","148255","20220623022000","12","2","高雄市","桃源區","120.710","23.115","15"
"93","148271","20220623022000","89","1","高雄市","六龜區","120.720","23.115","99"
"55","148275","20220623022000","28","3","高雄市","桃源區","120.745","23.115","51"
"39","148342","20220623022000","18","3","高雄市","六龜區","120.715","23.065","36"
"19","148372","20220623022000","16","1","臺南市","新化區","120.330","23.055","19"
"63","148373","20220623022000","50","2","臺南市","新化區","120.335","23.055","64"
"43","148376","20220623022000","45","0","臺南市","新化區","120.335","23.060","44"
"104","148377","20220623022000","73","2","臺南市","新化區","120.340","23.060","101"
"16","148378","20220623022000","15","1","臺南市","新化區","120.345","23.060","13"
"644","148380","20220623022000","553","1","臺南市","新化區","120.345","23.065","667"
"176","148386","20220623022000","224","0","臺南市","新化區","120.355","23.070","210"
"147","148418","20220623022000","108","2","臺東縣","池上鄉","121.235","23.120","152"
"47","148429","20220623022000","89","0","臺南市","玉井區","120.425","23.070","115"
"61","148453","20220623022000","41","2","臺南市","玉井區","120.430","23.085","55"
"25","148472","20220623022000","12","3","臺南市","玉井區","120.440","23.095","30"
"18","148477","20220623022000","23","0","臺南市","玉井區","120.450","23.090","24"
"79","148526","20220623022000","68","1","臺南市","玉井區","120.480","23.110","77"
"11","148531","20220623022000","11","1","臺南市","玉井區","120.505","23.110","11"
"1824","148561","20220623022000","1564","1","臺南市","玉井區","120.460","23.120","1872"
"602","148562","20220623022000","619","0","臺南市","玉井區","120.465","23.120","629"
"376","148578","20220623022000","463","0","臺南市","永康區","120.265","23.045","347"
"223","148580","20220623022000","335","0","臺南市","永康區","120.275","23.045","219"
"71","148582","20220623022000","67","1","臺南市","永康區","120.265","23.050","57"
"201","148583","20220623022000","285","0","臺南市","永康區","120.270","23.050","203"
"51","148584","20220623022000","56","0","臺南市","永康區","120.275","23.050","53"
"55","148586","20220623022000","138","0","臺南市","永康區","120.270","23.055","41"
"38","148590","20220623022000","232","0","臺南市","永康區","120.245","23.050","47"
"186","148594","20220623022000","80","3","臺南市","永康區","120.260","23.055","187"
"342","148600","20220623022000","293","1","臺南市","永康區","120.265","23.055","323"
"21","148632","20220623022000","24","0","臺東縣","成功鎮","121.355","23.120","17"
"416","148641","20220623022000","282","2","臺東縣","成功鎮","121.400","23.120","369"
"28","148653","20220623022000","15","3","臺東縣","成功鎮","121.355","23.105","27"
"84","148657","20220623022000","858","0","臺東縣","成功鎮","121.375","23.105","86"
"112","148690","20220623022000","61","3","臺東縣","成功鎮","121.340","23.045","97"
"29","148696","20220623022000","26","1","臺東縣","成功鎮","121.340","23.050","39"
"127","148718","20220623022000","122","1","臺東縣","成功鎮","121.345","23.065","123"
"116","148763","20220623022000","71","3","臺東縣","成功鎮","121.355","23.090","110"
"15","148769","20220623022000","14","1","臺東縣","成功鎮","121.345","23.095","17"
"15","148782","20220623022000","158","0","臺東縣","成功鎮","121.370","23.100","17"
"719","148784","20220623022000","477","3","臺東縣","成功鎮","121.380","23.100","708"
"515","148795","20220623022000","415","2","臺東縣","關山鎮","121.175","23.070","507"
"109","148817","20220623022000","118","0","臺東縣","關山鎮","121.175","23.080","105"
"378","148847","20220623022000","272","2","臺東縣","關山鎮","121.165","23.045","286"
"36","148852","20220623022000","1147","0","臺東縣","關山鎮","121.165","23.050","33"
"406","148873","20220623022000","382","1","臺東縣","關山鎮","121.165","23.055","437"
"406","148879","20220623022000","318","2","臺東縣","關山鎮","121.155","23.045","383"
"493","148883","20220623022000","502","0","高雄市","甲仙區","120.590","23.085","485"
"60","148899","20220623022000","56","1","高雄市","甲仙區","120.590","23.100","52"
"68","148910","20220623022000","43","3","高雄市","甲仙區","120.550","23.055","69"
"96","148925","20220623022000","86","1","高雄市","甲仙區","120.570","23.065","88"
"227","148938","20220623022000","153","2","高雄市","甲仙區","120.575","23.070","223"
"76","148960","20220623022000","76","1","高雄市","甲仙區","120.560","23.050","72"
"408","148978","20220623022000","313","2","臺南市","新化區","120.290","23.045","390"
"193","148986","20220623022000","115","3","臺南市","新化區","120.295","23.055","188"
"194","148988","20220623022000","87","3","臺南市","安南區","120.145","23.045","175"
"42","149026","20220623022000","26","3","高雄市","桃源區","120.720","23.050","50"
"10","149519","20220623022000","100","0","高雄市","六龜區","120.685","23.110","10"
"336","149576","20220623022000","234","2","臺南市","新化區","120.295","23.045","348"
"173","149577","20220623022000","642","0","臺南市","新化區","120.300","23.045","180"
"139","149589","20220623022000","366","0","臺南市","永康區","120.235","23.045","143"
"3771","149590","20220623022000","2111","3","臺南市","永康區","120.240","23.045","3820"
"470","149593","20220623022000","228","3","臺南市","永康區","120.250","23.045","479"
"69","149614","20220623022000","64","1","臺南市","玉井區","120.460","23.100","69"
"17","149636","20220623022000","19","0","臺南市","玉井區","120.490","23.095","20"
"124","149651","20220623022000","124","1","臺南市","玉井區","120.480","23.105","153"
"154","149654","20220623022000","1264","0","臺東縣","成功鎮","121.380","23.105","161"
"71","149658","20220623022000","52","2","臺東縣","東河鄉","121.285","23.045","65"
"73","149682","20220623022000","38","3","臺東縣","東河鄉","121.295","23.055","66"
"22","149761","20220623022000","27","0","臺東縣","東河鄉","121.295","23.080","27"
"11","149846","20220623022000","84","0","臺南市","新化區","120.370","23.045","13"
"37","149865","20220623022000","101","0","臺南市","新化區","120.310","23.045","41"
"136","149866","20220623022000","97","2","臺南市","新化區","120.315","23.045","146"
"24","149869","20220623022000","171","0","臺南市","新化區","120.315","23.050","20"
"44","149873","20220623022000","41","1","臺南市","新化區","120.325","23.055","41"
"30","149908","20220623022000","28","1","高雄市","甲仙區","120.600","23.085","25"
"379","149946","20220623022000","254","2","臺南市","善化區","120.270","23.125","379"
"881","149948","20220623022000","747","1","臺南市","大內區","120.355","23.120","896"
"247","154962","20220623022000","168","2","澎湖縣","七美鄉","119.415","23.195","195"
"988","154965","20220623022000","760","2","臺南市","善化區","120.325","23.140","973"
"418","154980","20220623022000","437","0","臺南市","善化區","120.325","23.135","416"
"2073","154984","20220623022000","1596","2","臺南市","善化區","120.300","23.130","2168"
"606","154985","20220623022000","617","0","臺南市","善化區","120.305","23.130","595"
"1301","154986","20220623022000","747","3","臺南市","善化區","120.310","23.130","1312"
"83","154996","20220623022000","59","2","澎湖縣","七美鄉","119.435","23.200","59"
"147","155092","20220623022000","774","0","臺南市","麻豆區","120.220","23.190","153"
"508","155098","20220623022000","666","0","臺南市","麻豆區","120.245","23.190","489"
"387","155107","20220623022000","189","3","臺南市","佳里區","120.180","23.145","400"
"717","155111","20220623022000","679","1","臺南市","佳里區","120.175","23.150","751"
"233","155114","20220623022000","902","0","臺南市","佳里區","120.175","23.155","217"
"1029","155129","20220623022000","806","2","臺南市","佳里區","120.195","23.190","1016"
"117","155501","20220623022000","69","3","臺東縣","海端鄉","121.025","23.185","110"
"19","155650","20220623022000","69","0","臺東縣","海端鄉","121.180","23.130","82"
"29","155658","20220623022000","20","2","臺東縣","海端鄉","121.205","23.150","26"
"111","155664","20220623022000","104","1","臺東縣","海端鄉","121.190","23.155","110"
"79","155779","20220623022000","77","1","臺東縣","海端鄉","121.125","23.130","102"
"61","155786","20220623022000","36","3","臺東縣","海端鄉","121.160","23.130","56"
"17","156049","20220623022000","18","0","臺東縣","海端鄉","121.030","23.165","22"
"103","156052","20220623022000","61","3","臺東縣","海端鄉","121.045","23.165","98"
"82","156083","20220623022000","64","2","臺東縣","海端鄉","121.045","23.170","76"
"80","156227","20220623022000","378","0","臺南市","西港區","120.180","23.130","93"
"158","156233","20220623022000","139","1","臺南市","西港區","120.200","23.130","138"
"580","156281","20220623022000","438","2","臺南市","佳里區","120.180","23.165","574"
"33","156284","20220623022000","127","0","臺南市","佳里區","120.180","23.170","35"
"44","156292","20220623022000","31","2","臺南市","佳里區","120.155","23.170","44"
"691","156302","20220623022000","603","1","臺南市","麻豆區","120.215","23.175","705"
"1071","156306","20220623022000","907","1","臺南市","佳里區","120.160","23.160","1060"
"1539","156309","20220623022000","1385","1","臺南市","佳里區","120.175","23.160","1557"
"3876","156314","20220623022000","3661","1","臺南市","佳里區","120.175","23.165","3875"
"20","156316","20220623022000","20","1","臺南市","佳里區","120.170","23.170","20"
"357","156333","20220623022000","216","3","臺南市","七股區","120.140","23.140","368"
"356","156339","20220623022000","290","2","臺南市","七股區","120.150","23.150","345"
"235","156348","20220623022000","183","2","花蓮縣","富里鄉","121.255","23.180","243"
"249","156361","20220623022000","215","1","花蓮縣","富里鄉","121.275","23.190","276"
"349","156391","20220623022000","593","0","臺南市","西港區","120.220","23.140","368"
"619","156401","20220623022000","607","1","臺南市","麻豆區","120.240","23.155","646"
"29","156402","20220623022000","12","3","臺南市","麻豆區","120.240","23.160","31"
"55","156413","20220623022000","688","0","臺南市","麻豆區","120.275","23.190","52"
"196","156420","20220623022000","154","2","臺南市","麻豆區","120.270","23.195","194"
"142","156423","20220623022000","45","3","臺南市","麻豆區","120.285","23.195","115"
"69","156427","20220623022000","357","0","臺南市","麻豆區","120.230","23.180","67"
"254","156446","20220623022000","261","0","臺南市","大內區","120.415","23.150","268"
"33","156474","20220623022000","28","1","臺南市","大內區","120.410","23.165","36"
"723","156721","20220623022000","472","3","臺南市","善化區","120.270","23.145","726"
"243","156727","20220623022000","1030","0","臺南市","善化區","120.275","23.130","235"
"22","156730","20220623022000","22","1","臺南市","大內區","120.405","23.130","27"
"15","156736","20220623022000","18","0","臺南市","大內區","120.435","23.130","16"
"88","156744","20220623022000","88","1","臺南市","玉井區","120.435","23.135","89"
"651","156753","20220623022000","719","0","臺南市","善化區","120.285","23.135","632"
"1080","156765","20220623022000","823","2","臺南市","善化區","120.290","23.135","1065"
"346","156769","20220623022000","254","2","臺南市","善化區","120.315","23.155","357"
"994","156781","20220623022000","613","3","臺南市","善化區","120.285","23.150","1025"
"39","156784","20220623022000","203","0","臺南市","善化區","120.275","23.155","35"
"696","156792","20220623022000","559","2","臺南市","七股區","120.135","23.140","706"
"267","156851","20220623022000","319","0","臺南市","佳里區","120.155","23.180","277"
"478","156856","20220623022000","390","2","臺南市","佳里區","120.155","23.140","471"
"657","156864","20220623022000","620","1","臺南市","佳里區","120.185","23.145","694"
"191","156865","20220623022000","797","0","臺南市","佳里區","120.180","23.150","163"
"1845","156869","20220623022000","1511","2","臺南市","佳里區","120.180","23.155","1876"
"58","156870","20220623022000","161","0","臺南市","佳里區","120.185","23.155","64"
"828","156873","20220623022000","810","1","臺南市","佳里區","120.155","23.175","855"
"553","156909","20220623022000","498","1","臺南市","麻豆區","120.240","23.190","538"
"59","156922","20220623022000","363","0","臺南市","麻豆區","120.210","23.200","49"
"355","156941","20220623022000","331","1","臺南市","佳里區","120.190","23.190","350"
"228","156942","20220623022000","183","2","臺南市","佳里區","120.185","23.185","279"
"905","156974","20220623022000","899","1","臺南市","七股區","120.090","23.185","914"
"450","156977","20220623022000","246","3","臺南市","西港區","120.200","23.140","419"
"1714","157009","20220623022000","1327","2","臺南市","麻豆區","120.240","23.185","1707"
"981","157010","20220623022000","973","1","臺南市","麻豆區","120.250","23.185","984"
"168","157011","20220623022000","613","0","臺南市","麻豆區","120.255","23.185","165"
"39","157047","20220623022000","37","1","臺南市","六甲區","120.415","23.205","40"
"91","157077","20220623022000","71","2","臺南市","楠西區","120.505","23.140","98"
"390","157130","20220623022000","355","1","臺南市","將軍區","120.160","23.190","367"
"140","157174","20220623022000","606","0","臺南市","官田區","120.315","23.195","133"
"898","157183","20220623022000","485","3","臺南市","安定區","120.245","23.130","917"
"785","157184","20220623022000","531","2","臺南市","安定區","120.250","23.130","756"
"276","157198","20220623022000","227","2","花蓮縣","富里鄉","121.265","23.155","274"
"70","157258","20220623022000","90","0","臺南市","官田區","120.320","23.200","71"
"180","157259","20220623022000","193","0","臺南市","官田區","120.325","23.200","185"
"78","157263","20220623022000","77","1","臺南市","官田區","120.320","23.205","76"
"102","157265","20220623022000","88","1","臺南市","官田區","120.330","23.205","83"
"58","157312","20220623022000","255","0","臺南市","官田區","120.380","23.185","73"
"156","157333","20220623022000","187","0","臺南市","官田區","120.365","23.195","157"
"116","157334","20220623022000","242","0","臺南市","官田區","120.370","23.195","143"
"25","157335","20220623022000","110","0","臺南市","官田區","120.375","23.195","14"
"102","157360","20220623022000","699","0","臺南市","官田區","120.335","23.180","101"
"176","157382","20220623022000","90","3","臺南市","官田區","120.320","23.170","181"
"23","157394","20220623022000","145","0","臺南市","官田區","120.310","23.175","28"
"293","157399","20220623022000","243","2","臺南市","官田區","120.295","23.185","282"
"32","157419","20220623022000","206","0","臺南市","官田區","120.350","23.160","44"
"61","157422","20220623022000","50","2","臺南市","官田區","120.330","23.165","67"
"84","157424","20220623022000","366","0","臺南市","官田區","120.340","23.165","86"
"37","157463","20220623022000","22","3","臺南市","官田區","120.365","23.180","31"
"71","157477","20220623022000","402","0","臺南市","官田區","120.305","23.195","77"
"818","157478","20220623022000","641","2","臺南市","官田區","120.315","23.190","834"
"63","157597","20220623022000","40","3","臺南市","南化區","120.595","23.165","55"
"63","157624","20220623022000","44","2","臺南市","南化區","120.600","23.175","63"
"94","157646","20220623022000","61","3","臺南市","南化區","120.570","23.185","75"
"376","157733","20220623022000","284","2","臺南市","麻豆區","120.230","23.145","374"
"2225","157737","20220623022000","1864","1","臺南市","麻豆區","120.245","23.180","2260"
"86","157740","20220623022000","68","2","臺南市","麻豆區","120.240","23.195","70"
"872","157752","20220623022000","514","3","臺南市","麻豆區","120.260","23.185","838"
"213","157756","20220623022000","221","0","臺南市","麻豆區","120.265","23.190","248"
"227","157759","20220623022000","163","2","臺南市","麻豆區","120.255","23.190","245"
"45","157773","20220623022000","44","1","臺東縣","池上鄉","121.210","23.125","50"
"146","157789","20220623022000","118","2","臺東縣","池上鄉","121.200","23.140","147"
"254","157809","20220623022000","121","3","臺南市","善化區","120.275","23.145","244"
"299","157818","20220623022000","237","2","花蓮縣","卓溪鄉","121.225","23.160","301"
"143","157895","20220623022000","129","1","花蓮縣","富里鄉","121.250","23.200","148"
"655","157913","20220623022000","839","0","臺南市","善化區","120.295","23.135","683"
"21","157915","20220623022000","30","0","臺南市","善化區","120.305","23.135","19"
"1045","157919","20220623022000","709","2","臺南市","善化區","120.305","23.140","1056"
"867","157924","20220623022000","403","3","臺南市","善化區","120.290","23.145","833"
"12","157933","20220623022000","10","2","臺南市","善化區","120.285","23.160","12"
"358","157961","20220623022000","633","0","臺南市","善化區","120.285","23.130","388"
"80","157991","20220623022000","58","2","花蓮縣","富里鄉","121.235","23.135","70"
"65","157998","20220623022000","73","0","花蓮縣","富里鄉","121.240","23.140","82"
"331","158028","20220623022000","252","2","花蓮縣","富里鄉","121.250","23.170","317"
"408","158030","20220623022000","346","1","花蓮縣","富里鄉","121.250","23.175","416"
"71","158032","20220623022000","46","3","花蓮縣","富里鄉","121.250","23.180","75"
"918","158045","20220623022000","509","3","臺南市","將軍區","120.140","23.205","958"
"1395","158058","20220623022000","1449","0","臺南市","將軍區","120.160","23.200","1417"
"300","158065","20220623022000","285","1","臺南市","七股區","120.135","23.130","301"
"435","158072","20220623022000","347","2","臺南市","七股區","120.110","23.145","435"
"25","158092","20220623022000","23","1","臺南市","七股區","120.130","23.185","27"
"26","158097","20220623022000","12","3","臺南市","七股區","120.145","23.180","26"
"434","158106","20220623022000","276","3","臺南市","佳里區","120.190","23.165","435"
"35","158107","20220623022000","439","0","臺南市","佳里區","120.195","23.165","41"
"173","158122","20220623022000","155","1","臺南市","佳里區","120.180","23.180","159"
"338","158126","20220623022000","341","0","臺南市","佳里區","120.175","23.185","344"
"34","158128","20220623022000","33","1","臺東縣","池上鄉","121.185","23.130","38"
"330","158181","20220623022000","292","1","臺南市","麻豆區","120.265","23.180","325"
"1039","158192","20220623022000","675","3","臺南市","麻豆區","120.245","23.185","1038"
"30","158195","20220623022000","206","0","臺南市","麻豆區","120.240","23.180","19"
"13","158363","20220623022000","11","1","高雄市","桃源區","120.790","23.185","14"
"93","158397","20220623022000","87","1","臺東縣","池上鄉","121.235","23.130","97"
"604","158398","20220623022000","424","2","臺南市","玉井區","120.470","23.130","576"
"24","158400","20220623022000","182","0","臺南市","玉井區","120.480","23.130","225"
"196","158410","20220623022000","151","2","臺南市","玉井區","120.440","23.135","198"
"110","158457","20220623022000","74","2","臺南市","楠西區","120.490","23.190","100"
"64","158502","20220623022000","59","1","臺南市","楠西區","120.515","23.200","66"
"19","158508","20220623022000","19","1","臺南市","楠西區","120.545","23.205","10"
"886","158533","20220623022000","632","2","臺南市","楠西區","120.485","23.175","822"
"299","158546","20220623022000","289","1","臺南市","楠西區","120.485","23.170","298"
"19","158547","20220623022000","350","0","臺南市","楠西區","120.480","23.175","22"
"36","158572","20220623022000","38","0","臺南市","楠西區","120.505","23.160","26"
"20","158634","20220623022000","12","3","臺南市","楠西區","120.560","23.180","19"
"108","158670","20220623022000","67","3","臺南市","楠西區","120.465","23.190","112"
"42","158687","20220623022000","64","0","臺南市","楠西區","120.490","23.200","37"
"275","158849","20220623022000","212","2","臺東縣","成功鎮","121.400","23.155","273"
"68","158905","20220623022000","63","1","臺東縣","成功鎮","121.400","23.170","73"
"126","158933","20220623022000","96","2","臺東縣","成功鎮","121.395","23.180","101"
"111","159028","20220623022000","101","1","高雄市","甲仙區","120.635","23.150","113"
"13","159158","20220623022000","17","0","高雄市","三民區","120.660","23.200","16"
"11","159434","20220623022000","10","1","高雄市","桃源區","120.755","23.145","11"
"206","159527","20220623022000","166","2","高雄市","桃源區","120.765","23.160","200"
"81","159574","20220623022000","74","1","高雄市","桃源區","120.770","23.165","76"
"65","159707","20220623022000","30","3","高雄市","桃源區","120.740","23.135","64"
"172","159838","20220623022000","143","2","臺南市","官田區","120.350","23.150","164"
"63","159846","20220623022000","58","1","臺南市","大內區","120.365","23.155","60"
"273","159859","20220623022000","227","2","臺南市","大內區","120.380","23.145","252"
"73","159883","20220623022000","49","2","臺南市","大內區","120.370","23.160","71"
"67","159912","20220623022000","108","0","臺南市","麻豆區","120.225","23.175","54"
"569","159913","20220623022000","523","1","臺南市","麻豆區","120.220","23.180","604"
"803","159928","20220623022000","689","1","臺南市","麻豆區","120.255","23.180","780"
"1002","159936","20220623022000","484","3","臺南市","善化區","120.315","23.145","987"
"883","159943","20220623022000","581","3","臺南市","善化區","120.300","23.150","894"
"39","159947","20220623022000","68","0","臺南市","善化區","120.265","23.130","138"
"343","159950","20220623022000","175","3","臺南市","善化區","120.260","23.135","324"
"200","161053","20220623022000","118","3","澎湖縣","七美鄉","119.430","23.215","175"
"87","162017","20220623022000","47","3","臺東縣","長濱鄉","121.415","23.235","92"
"374","164970","20220623022000","334","1","澎湖縣","七美鄉","119.425","23.205","362"
"421","164978","20220623022000","95","3","澎湖縣","望安鄉","119.670","23.245","199"
"691","165017","20220623022000","525","2","臺南市","學甲區","120.195","23.215","672"
"529","165030","20220623022000","548","0","臺南市","學甲區","120.195","23.230","556"
"48","165342","20220623022000","42","1","臺東縣","海端鄉","120.985","23.250","50"
"45","165457","20220623022000","42","1","臺東縣","海端鄉","120.990","23.270","43"
"46","165593","20220623022000","336","0","臺南市","下營區","120.240","23.220","35"
"57","165611","20220623022000","176","0","臺南市","下營區","120.240","23.235","53"
"1685","165635","20220623022000","1735","0","臺南市","下營區","120.265","23.240","1686"
"807","165652","20220623022000","647","2","臺南市","下營區","120.270","23.245","781"
"247","165697","20220623022000","205","2","花蓮縣","富里鄉","121.275","23.215","269"
"529","165713","20220623022000","391","2","臺南市","下營區","120.270","23.210","594"
"34","165716","20220623022000","59","0","花蓮縣","富里鄉","121.340","23.280","29"
"167","165718","20220623022000","129","2","花蓮縣","玉里鎮","121.345","23.285","170"
"181","165736","20220623022000","123","2","花蓮縣","玉里鎮","121.285","23.280","191"
"252","165743","20220623022000","135","3","花蓮縣","玉里鎮","121.280","23.285","261"
"158","165775","20220623022000","146","1","花蓮縣","富里鄉","121.290","23.240","143"
"47","165778","20220623022000","47","1","花蓮縣","富里鄉","121.305","23.240","54"
"135","165815","20220623022000","100","2","花蓮縣","富里鄉","121.295","23.255","123"
"34","165844","20220623022000","227","0","臺南市","新營區","120.265","23.270","38"
"303","165847","20220623022000","286","1","臺南市","新營區","120.275","23.275","323"
"57","165852","20220623022000","52","1","臺南市","六甲區","120.345","23.230","52"
"18","165853","20220623022000","163","0","臺南市","六甲區","120.335","23.235","12"
"1003","165855","20220623022000","739","2","臺南市","北門區","120.135","23.240","1010"
"107","165858","20220623022000","138","0","臺南市","北門區","120.130","23.250","105"
"63","165860","20220623022000","611","0","臺南市","六甲區","120.350","23.225","63"
"408","165925","20220623022000","370","1","臺南市","六甲區","120.345","23.235","438"
"60","165938","20220623022000","38","3","臺南市","六甲區","120.340","23.250","46"
"25","165969","20220623022000","27","0","臺南市","六甲區","120.400","23.220","26"
"62","165999","20220623022000","453","0","臺南市","柳營區","120.315","23.275","44"
"21","166011","20220623022000","127","0","臺南市","柳營區","120.315","23.265","62"
"56","166028","20220623022000","299","0","臺南市","柳營區","120.295","23.275","54"
"666","166037","20220623022000","296","3","臺南市","柳營區","120.305","23.280","635"
"80","166056","20220623022000","262","0","臺南市","柳營區","120.360","23.280","75"
"171","166060","20220623022000","97","3","臺南市","柳營區","120.355","23.285","164"
"23","166064","20220623022000","221","0","臺南市","柳營區","120.380","23.285","31"
"451","166071","20220623022000","521","0","臺南市","六甲區","120.340","23.225","452"
"63","166077","20220623022000","40","3","臺南市","六甲區","120.315","23.250","62"
"315","166081","20220623022000","303","1","臺南市","六甲區","120.310","23.255","317"
"62","166097","20220623022000","46","2","臺南市","北門區","120.110","23.260","62"
"136","166128","20220623022000","126","1","臺南市","北門區","120.140","23.265","138"
"113","166144","20220623022000","148","0","臺南市","學甲區","120.180","23.285","119"
"498","166153","20220623022000","355","2","臺南市","將軍區","120.165","23.220","507"
"740","166181","20220623022000","486","3","臺南市","北門區","120.095","23.230","750"
"1146","166188","20220623022000","1157","0","臺南市","北門區","120.115","23.235","1164"
"127","166204","20220623022000","219","0","臺南市","下營區","120.275","23.215","271"
"21","166206","20220623022000","507","0","臺南市","下營區","120.270","23.220","14"
"828","166224","20220623022000","770","1","臺南市","北門區","120.135","23.280","845"
"727","166238","20220623022000","724","1","臺南市","北門區","120.125","23.270","713"
"77","166250","20220623022000","39","3","花蓮縣","富里鄉","121.315","23.220","69"
"240","166256","20220623022000","184","2","花蓮縣","富里鄉","121.275","23.225","241"
"147","166326","20220623022000","143","1","花蓮縣","富里鄉","121.305","23.255","147"
"115","166340","20220623022000","75","3","花蓮縣","富里鄉","121.305","23.265","109"
"64","166344","20220623022000","70","0","花蓮縣","富里鄉","121.300","23.270","69"
"14","166349","20220623022000","124","0","臺南市","官田區","120.320","23.210","14"
"22","166350","20220623022000","189","0","臺南市","官田區","120.325","23.210","19"
"335","166354","20220623022000","213","3","臺南市","官田區","120.320","23.215","341"
"80","166356","20220623022000","569","0","臺南市","官田區","120.330","23.215","76"
"215","166363","20220623022000","202","1","臺南市","官田區","120.340","23.220","211"
"137","166377","20220623022000","571","0","臺南市","官田區","120.310","23.215","109"
"223","166389","20220623022000","198","1","臺南市","官田區","120.360","23.210","188"
"378","166391","20220623022000","147","3","臺南市","官田區","120.370","23.210","431"
"227","166424","20220623022000","230","0","臺南市","北門區","120.145","23.285","212"
"261","166429","20220623022000","234","1","臺南市","將軍區","120.160","23.220","266"
"74","166442","20220623022000","543","0","臺南市","下營區","120.260","23.230","63"
"330","166445","20220623022000","228","2","臺南市","六甲區","120.355","23.220","331"
"2027","166446","20220623022000","2026","1","臺南市","六甲區","120.355","23.230","2030"
"66","166455","20220623022000","83","0","臺南市","六甲區","120.370","23.230","50"
"150","166458","20220623022000","144","1","臺南市","六甲區","120.365","23.235","177"
"146","166495","20220623022000","134","1","臺南市","北門區","120.125","23.240","139"
"593","166562","20220623022000","358","3","臺南市","麻豆區","120.220","23.220","583"
"46","166785","20220623022000","32","2","花蓮縣","富里鄉","121.265","23.215","38"
"315","167284","20220623022000","315","1","臺南市","下營區","120.290","23.245","316"
"40","167340","20220623022000","39","1","花蓮縣","富里鄉","121.315","23.275","52"
"197","167482","20220623022000","163","2","臺南市","東山區","120.470","23.260","194"
"63","167491","20220623022000","46","2","臺南市","東山區","120.515","23.260","60"
"226","167497","20220623022000","149","3","臺南市","東山區","120.480","23.265","210"
"216","167501","20220623022000","183","1","臺南市","東山區","120.500","23.265","247"
"12","167514","20220623022000","78","0","臺南市","東山區","120.395","23.265","12"
"72","167565","20220623022000","143","0","臺南市","東山區","120.445","23.265","48"
"297","167568","20220623022000","199","2","臺南市","東山區","120.445","23.270","310"
"82","167588","20220623022000","67","2","臺南市","東山區","120.445","23.290","84"
"47","167626","20220623022000","131","0","臺南市","東山區","120.405","23.285","52"
"28","167655","20220623022000","25","1","臺南市","東山區","120.465","23.280","34"
"25","167656","20220623022000","204","0","臺南市","東山區","120.470","23.280","16"
"48","167674","20220623022000","44","1","臺南市","東山區","120.500","23.285","48"
"50","167688","20220623022000","25","3","臺南市","東山區","120.515","23.290","41"
"211","167707","20220623022000","162","2","臺南市","將軍區","120.085","23.215","197"
"245","167714","20220623022000","191","2","臺南市","將軍區","120.120","23.220","260"
"100","167750","20220623022000","95","1","臺南市","學甲區","120.165","23.270","104"
"512","167786","20220623022000","434","1","臺南市","鹽水區","120.205","23.260","551"
"66","167813","20220623022000","42","3","臺東縣","長濱鄉","121.410","23.215","69"
"106","167824","20220623022000","78","2","臺東縣","長濱鄉","121.415","23.225","107"
"257","167894","20220623022000","207","2","臺東縣","長濱鄉","121.415","23.250","207"
"22","167952","20220623022000","32","0","臺南市","學甲區","120.185","23.230","27"
"973","167953","20220623022000","952","1","臺南市","學甲區","120.185","23.235","957"
"1588","167958","20220623022000","1017","3","臺南市","學甲區","120.185","23.225","1547"
"158","167982","20220623022000","127","2","臺南市","學甲區","120.195","23.240","147"
"2273","167993","20220623022000","1904","1","臺南市","學甲區","120.180","23.235","2274"
"30","167995","20220623022000","450","0","臺南市","六甲區","120.345","23.220","32"
"37","167997","20220623022000","119","0","臺南市","六甲區","120.320","23.230","35"
"33","168014","20220623022000","166","0","臺南市","六甲區","120.315","23.245","30"
"10","168046","20220623022000","13","0","高雄市","三民區","120.690","23.215","10"
"173","168093","20220623022000","164","1","高雄市","三民區","120.670","23.235","166"
"74","168132","20220623022000","86","0","高雄市","三民區","120.695","23.235","81"
"125","168149","20220623022000","101","2","高雄市","三民區","120.695","23.240","101"
"71","168296","20220623022000","61","1","高雄市","三民區","120.680","23.265","65"
"18","168304","20220623022000","13","2","高雄市","三民區","120.720","23.265","15"
"165","168347","20220623022000","274","0","高雄市","三民區","120.700","23.275","160"
"301","168351","20220623022000","142","3","高雄市","三民區","120.720","23.275","289"
"749","168445","20220623022000","631","1","臺南市","鹽水區","120.235","23.285","718"
"10","168451","20220623022000","33","0","臺南市","柳營區","120.345","23.270","10"
"26","168459","20220623022000","243","0","臺南市","柳營區","120.335","23.285","35"
"591","168462","20220623022000","922","0","臺南市","柳營區","120.325","23.290","543"
"161","168468","20220623022000","149","1","臺南市","柳營區","120.405","23.235","162"
"113","168484","20220623022000","117","0","臺南市","柳營區","120.420","23.245","123"
"57","168515","20220623022000","406","0","臺南市","柳營區","120.380","23.265","49"
"422","168538","20220623022000","1361","0","臺南市","柳營區","120.315","23.280","429"
"25","168539","20220623022000","554","0","臺南市","柳營區","120.320","23.280","23"
"17","168541","20220623022000","143","0","臺南市","柳營區","120.330","23.280","14"
"91","168545","20220623022000","51","3","臺南市","柳營區","120.380","23.240","62"
"361","168560","20220623022000","416","0","臺南市","柳營區","120.375","23.250","511"
"379","168591","20220623022000","203","3","臺南市","柳營區","120.365","23.265","268"
"206","168619","20220623022000","177","1","臺南市","楠西區","120.495","23.215","177"
"41","168624","20220623022000","26","3","臺南市","楠西區","120.520","23.215","35"
"83","168647","20220623022000","108","0","臺南市","楠西區","120.500","23.225","128"
"21","168692","20220623022000","25","0","臺南市","鹽水區","120.245","23.275","19"
"30","168719","20220623022000","26","1","臺東縣","成功鎮","121.400","23.210","25"
"140","168755","20220623022000","130","1","臺東縣","長濱鄉","121.425","23.275","124"
"19","168771","20220623022000","183","0","臺南市","新營區","120.280","23.285","16"
"75","168825","20220623022000","72","1","高雄市","桃源區","120.805","23.220","74"
"86","168996","20220623022000","49","3","高雄市","桃源區","120.815","23.240","71"
"98","169242","20220623022000","76","2","高雄市","桃源區","120.825","23.265","65"
"218","169480","20220623022000","206","1","臺南市","新營區","120.275","23.265","208"
"145","169490","20220623022000","111","2","臺南市","學甲區","120.195","23.275","143"
"342","169506","20220623022000","318","1","臺南市","學甲區","120.205","23.280","352"
"673","169527","20220623022000","555","2","臺南市","學甲區","120.160","23.245","638"
"15","169530","20220623022000","11","2","臺南市","學甲區","120.150","23.250","11"
"462","169555","20220623022000","327","2","臺南市","鹽水區","120.255","23.250","501"
"38","169556","20220623022000","119","0","臺南市","鹽水區","120.250","23.255","42"
"250","169567","20220623022000","294","0","臺南市","將軍區","120.135","23.225","261"
"28","169664","20220623022000","26","1","嘉義縣","大埔鄉","120.625","23.245","31"
"55","169729","20220623022000","43","2","嘉義縣","大埔鄉","120.590","23.270","50"
"31","169739","20220623022000","25","2","嘉義縣","大埔鄉","120.585","23.275","36"
"42","169788","20220623022000","29","2","嘉義縣","大埔鄉","120.545","23.230","41"
"11","169812","20220623022000","10","1","臺南市","東山區","120.520","23.240","11"
"31","169834","20220623022000","31","1","嘉義縣","大埔鄉","120.565","23.245","32"
"15","169837","20220623022000","18","0","嘉義縣","大埔鄉","120.580","23.245","18"
"26","169842","20220623022000","21","2","嘉義縣","大埔鄉","120.535","23.250","28"
"608","174966","20220623022000","368","3","澎湖縣","望安鄉","119.505","23.360","372"
"64","174993","20220623022000","40","3","臺南市","白河區","120.450","23.355","59"
"126","175007","20220623022000","94","2","臺南市","東山區","120.500","23.295","118"
"40","175048","20220623022000","40","1","臺南市","白河區","120.480","23.320","44"
"34","175054","20220623022000","24","2","臺南市","白河區","120.510","23.320","21"
"344","175059","20220623022000","308","1","臺南市","白河區","120.485","23.325","332"
"70","175081","20220623022000","66","1","臺南市","白河區","120.495","23.335","57"
"153","175083","20220623022000","138","1","臺南市","白河區","120.505","23.335","142"
"66","175092","20220623022000","56","1","臺南市","白河區","120.505","23.340","54"
"1279","175108","20220623022000","1137","1","臺南市","新營區","120.310","23.305","1266"
"143","175181","20220623022000","109","2","花蓮縣","玉里鎮","121.335","23.320","145"
"1027","175206","20220623022000","976","1","花蓮縣","玉里鎮","121.310","23.335","1096"
"134","175209","20220623022000","99","2","花蓮縣","玉里鎮","121.310","23.340","136"
"77","175217","20220623022000","61","2","花蓮縣","玉里鎮","121.300","23.300","77"
"349","175262","20220623022000","325","1","花蓮縣","玉里鎮","121.300","23.320","330"
"215","175264","20220623022000","165","2","花蓮縣","玉里鎮","121.310","23.320","220"
"40","175284","20220623022000","21","3","花蓮縣","玉里鎮","121.275","23.290","41"
"24","175299","20220623022000","30","0","花蓮縣","玉里鎮","121.290","23.295","26"
"126","175318","20220623022000","639","0","臺南市","白河區","120.410","23.345","130"
"25","175319","20220623022000","457","0","臺南市","白河區","120.405","23.350","30"
"112","175320","20220623022000","599","0","臺南市","白河區","120.410","23.350","121"
"50","175328","20220623022000","48","1","臺南市","白河區","120.460","23.365","58"
"115","175348","20220623022000","236","0","臺南市","白河區","120.440","23.345","95"
"104","175355","20220623022000","107","0","臺南市","新營區","120.330","23.320","91"
"30","175356","20220623022000","483","0","臺南市","新營區","120.335","23.320","33"
"19","175359","20220623022000","17","1","臺南市","新營區","120.350","23.320","17"
"1123","175362","20220623022000","897","2","臺南市","新營區","120.315","23.325","1053"
"140","175369","20220623022000","120","1","臺南市","新營區","120.325","23.310","85"
"43","175372","20220623022000","40","1","臺南市","新營區","120.325","23.305","48"
"41","175397","20220623022000","49","0","臺南市","後壁區","120.310","23.370","41"
"570","175398","20220623022000","354","3","臺南市","後壁區","120.315","23.370","630"
"97","175414","20220623022000","543","0","臺南市","後壁區","120.330","23.340","89"
"368","175425","20220623022000","237","3","臺南市","後壁區","120.375","23.330","364"
"77","175446","20220623022000","456","0","臺南市","新營區","120.320","23.320","72"
"394","175467","20220623022000","473","0","臺南市","北門區","120.170","23.300","398"
"213","175484","20220623022000","193","1","臺南市","後壁區","120.330","23.355","215"
"450","175489","20220623022000","522","0","臺南市","新營區","120.270","23.295","449"
"54","175494","20220623022000","208","0","臺南市","新營區","120.280","23.300","41"
"33","175496","20220623022000","225","0","臺南市","新營區","120.280","23.290","29"
"559","175497","20220623022000","799","0","臺南市","後壁區","120.360","23.370","575"
"2682","175499","20220623022000","2372","1","臺南市","後壁區","120.370","23.370","2710"
"1507","175523","20220623022000","1306","1","臺南市","後壁區","120.395","23.370","1521"
"1000","175546","20220623022000","798","2","臺南市","新營區","120.310","23.300","1016"
"1969","175547","20220623022000","1269","3","臺南市","新營區","120.315","23.310","1831"
"2217","175548","20220623022000","2123","1","臺南市","新營區","120.315","23.315","2223"
"177","175564","20220623022000","232","0","臺南市","後壁區","120.355","23.365","172"
"215","175571","20220623022000","2036","0","臺南市","新營區","120.305","23.310","208"
"69","175572","20220623022000","67","1","臺南市","新營區","120.305","23.315","66"
"35","175573","20220623022000","39","0","臺南市","新營區","120.295","23.305","28"
"119","175574","20220623022000","641","0","臺南市","新營區","120.300","23.305","103"
"1917","175576","20220623022000","1047","3","臺南市","新營區","120.300","23.310","2058"
"175","175585","20220623022000","114","3","臺南市","北門區","120.110","23.300","170"
"102","175647","20220623022000","393","0","臺南市","新營區","120.295","23.295","104"
"21","175648","20220623022000","35","0","臺南市","新營區","120.290","23.300","20"
"44","175651","20220623022000","36","2","臺南市","柳營區","120.300","23.295","41"
"16","175653","20220623022000","13","2","臺南市","柳營區","120.310","23.295","15"
"57","175658","20220623022000","62","0","臺南市","新營區","120.285","23.310","54"
"15","175712","20220623022000","133","0","臺南市","白河區","120.430","23.330","17"
"454","175737","20220623022000","386","1","臺南市","白河區","120.430","23.355","468"
"25","175874","20220623022000","27","0","花蓮縣","卓溪鄉","121.270","23.305","28"
"178","176357","20220623022000","138","2","花蓮縣","玉里鎮","121.300","23.345","169"
"415","176756","20220623022000","313","2","臺南市","新營區","120.325","23.315","410"
"341","176757","20220623022000","288","1","臺南市","新營區","120.330","23.315","336"
"180","176758","20220623022000","156","1","臺南市","新營區","120.325","23.320","191"
"40","176764","20220623022000","35","1","花蓮縣","玉里鎮","121.330","23.300","24"
"15","176769","20220623022000","17","0","臺南市","後壁區","120.340","23.325","12"
"27","176782","20220623022000","29","0","臺南市","後壁區","120.310","23.335","28"
"255","176798","20220623022000","271","0","臺南市","後壁區","120.350","23.335","256"
"1159","176811","20220623022000","1001","1","臺南市","新營區","120.305","23.300","1192"
"984","176812","20220623022000","720","2","臺南市","新營區","120.315","23.305","989"
"893","176863","20220623022000","760","1","臺南市","東山區","120.405","23.320","885"
"181","176885","20220623022000","155","1","臺南市","東山區","120.405","23.325","160"
"91","176921","20220623022000","302","0","臺南市","東山區","120.390","23.295","87"
"422","176933","20220623022000","387","1","臺南市","東山區","120.415","23.300","416"
"186","176942","20220623022000","190","0","臺南市","東山區","120.345","23.300","198"
"418","176986","20220623022000","458","0","臺南市","白河區","120.395","23.340","399"
"129","176994","20220623022000","90","2","臺南市","白河區","120.400","23.350","114"
"620","177006","20220623022000","752","0","臺南市","鹽水區","120.270","23.325","625"
"742","177007","20220623022000","612","2","嘉義縣","義竹鄉","120.255","23.330","771"
"540","177010","20220623022000","495","1","臺南市","鹽水區","120.270","23.330","537"
"193","177054","20220623022000","133","2","臺東縣","長濱鄉","121.470","23.355","178"
"14","177119","20220623022000","13","1","花蓮縣","玉里鎮","121.340","23.340","10"
"19","177169","20220623022000","35","0","花蓮縣","玉里鎮","121.370","23.350","27"
"1315","177425","20220623022000","709","3","臺南市","新營區","120.315","23.300","1321"
"353","177432","20220623022000","295","1","臺南市","鹽水區","120.280","23.330","378"
"312","177436","20220623022000","216","2","臺南市","鹽水區","120.290","23.335","315"
"1178","177466","20220623022000","876","2","臺南市","鹽水區","120.270","23.310","1182"
"537","177467","20220623022000","487","1","臺南市","新營區","120.275","23.310","517"
"960","177475","20220623022000","627","3","臺南市","鹽水區","120.265","23.325","950"
"94","177480","20220623022000","86","1","臺南市","白河區","120.480","23.325","100"
"108","177500","20220623022000","81","2","臺南市","白河區","120.495","23.340","129"
"22","177550","20220623022000","11","3","臺南市","白河區","120.455","23.310","14"
"13","177568","20220623022000","13","1","臺南市","白河區","120.445","23.320","14"
"202","177580","20220623022000","1256","0","臺南市","白河區","120.415","23.350","199"
"131","177585","20220623022000","295","0","臺南市","柳營區","120.340","23.290","130"
"176","177586","20220623022000","139","2","臺南市","柳營區","120.325","23.295","172"
"157","177599","20220623022000","781","0","臺南市","柳營區","120.365","23.295","190"
"40","177602","20220623022000","27","2","臺南市","鹽水區","120.270","23.320","43"
"352","177603","20220623022000","304","1","花蓮縣","玉里鎮","121.320","23.320","375"
"608","177605","20220623022000","362","3","花蓮縣","玉里鎮","121.310","23.325","592"
"288","177606","20220623022000","142","3","花蓮縣","玉里鎮","121.315","23.325","275"
"248","177609","20220623022000","205","2","花蓮縣","玉里鎮","121.310","23.330","242"
"2130","177610","20220623022000","2029","1","花蓮縣","玉里鎮","121.315","23.330","2144"
"1069","177613","20220623022000","1008","1","花蓮縣","玉里鎮","121.315","23.340","1049"
"169","177617","20220623022000","152","1","花蓮縣","玉里鎮","121.320","23.345","167"
"456","177619","20220623022000","411","1","花蓮縣","玉里鎮","121.320","23.330","449"
"150","177624","20220623022000","111","2","花蓮縣","玉里鎮","121.320","23.350","154"
"249","177632","20220623022000","211","1","花蓮縣","卓溪鄉","121.320","23.355","253"
"33","177682","20220623022000","20","3","臺東縣","長濱鄉","121.440","23.325","28"
"74","177742","20220623022000","45","3","臺東縣","長濱鄉","121.425","23.290","87"
"30","177750","20220623022000","26","1","臺東縣","長濱鄉","121.420","23.295","35"
"525","177808","20220623022000","486","1","臺東縣","長濱鄉","121.455","23.315","550"
"192","177813","20220623022000","174","1","臺東縣","長濱鄉","121.460","23.320","201"
"126","177815","20220623022000","93","2","臺東縣","長濱鄉","121.445","23.325","116"
"203","177826","20220623022000","143","2","臺東縣","長濱鄉","121.465","23.335","192"
"1030","178630","20220623022000","586","3","臺南市","鹽水區","120.265","23.320","1064"
"247","178643","20220623022000","222","1","臺南市","新營區","120.305","23.320","247"
"112","178644","20220623022000","72","3","臺南市","新營區","120.310","23.320","87"
"43","178697","20220623022000","37","1","嘉義縣","中埔鄉","120.510","23.345","43"
"17","178710","20220623022000","16","1","嘉義縣","中埔鄉","120.520","23.350","16"
"206","178722","20220623022000","113","3","嘉義縣","中埔鄉","120.540","23.355","173"
"126","178756","20220623022000","70","3","嘉義縣","中埔鄉","120.495","23.370","130"
"10","178763","20220623022000","15","0","臺南市","鹽水區","120.245","23.295","11"
"356","178768","20220623022000","285","2","臺南市","鹽水區","120.260","23.295","360"
"271","178886","20220623022000","163","3","嘉義縣","布袋鎮","120.140","23.335","280"
"441","178930","20220623022000","177","3","嘉義縣","布袋鎮","120.160","23.320","439"
"1089","178938","20220623022000","1103","0","嘉義縣","布袋鎮","120.165","23.325","1134"
"73","178970","20220623022000","47","3","嘉義縣","大埔鄉","120.625","23.300","76"
"19","178978","20220623022000","17","1","嘉義縣","大埔鄉","120.605","23.305","22"
"74","179106","20220623022000","79","0","嘉義縣","大埔鄉","120.590","23.295","74"
"535","179113","20220623022000","494","1","嘉義縣","大埔鄉","120.595","23.295","517"
"106","179189","20220623022000","104","1","嘉義縣","大埔鄉","120.570","23.330","96"
"27","179210","20220623022000","30","0","嘉義縣","大埔鄉","120.555","23.340","29"
"23","179249","20220623022000","12","3","嘉義縣","大埔鄉","120.585","23.360","20"
"24","179312","20220623022000","38","0","嘉義縣","番路鄉","120.605","23.355","26"
"140","179320","20220623022000","152","0","嘉義縣","番路鄉","120.590","23.360","127"
"1353","179352","20220623022000","1253","1","嘉義縣","義竹鄉","120.250","23.340","1371"
"625","179448","20220623022000","628","0","嘉義縣","義竹鄉","120.240","23.335","627"
"53","179461","20220623022000","49","1","嘉義縣","義竹鄉","120.245","23.335","50"
"727","179521","20220623022000","422","3","嘉義縣","義竹鄉","120.195","23.305","730"
"13","179523","20220623022000","11","1","嘉義縣","義竹鄉","120.205","23.305","14"
"38","179646","20220623022000","29","2","嘉義縣","阿里山鄉","120.680","23.335","37"
"71","179666","20220623022000","68","1","嘉義縣","阿里山鄉","120.680","23.340","77"
"88","179747","20220623022000","83","1","嘉義縣","阿里山鄉","120.665","23.300","91"
"62","179773","20220623022000","68","0","嘉義縣","阿里山鄉","120.695","23.305","61"
"42","179780","20220623022000","36","1","嘉義縣","阿里山鄉","120.665","23.310","44"
"1030","179845","20220623022000","720","2","嘉義縣","義竹鄉","120.225","23.320","1027"
"1079","179874","20220623022000","703","3","嘉義縣","義竹鄉","120.190","23.335","1139"
"578","179880","20220623022000","560","1","嘉義縣","義竹鄉","120.230","23.360","578"
"80","179883","20220623022000","80","1","嘉義縣","義竹鄉","120.245","23.360","78"
"767","179922","20220623022000","664","1","嘉義縣","義竹鄉","120.220","23.360","747"
"217","179933","20220623022000","128","3","嘉義縣","義竹鄉","120.210","23.300","226"
"716","179945","20220623022000","497","2","嘉義縣","義竹鄉","120.270","23.360","690"
"195","180132","20220623022000","270","0","澎湖縣","望安鄉","119.520","23.365","248"
"98","180802","20220623022000","141","0","嘉義縣","布袋鎮","120.140","23.375","102"
"101","180804","20220623022000","65","3","臺東縣","長濱鄉","121.475","23.380","93"
"134","181221","20220623022000","118","1","澎湖縣","望安鄉","119.495","23.380","122"
"161","185223","20220623022000","149","1","嘉義縣","東石鄉","120.135","23.450","159"
"1285","185452","20220623022000","1467","0","嘉義市","東區","120.455","23.450","1292"
"899","185456","20220623022000","1041","0","嘉義縣","水上鄉","120.430","23.450","836"
"142","185475","20220623022000","91","3","澎湖縣","望安鄉","119.320","23.395","108"
"44","185491","20220623022000","48","0","花蓮縣","瑞穗鄉","121.350","23.450","46"
"82","185499","20220623022000","740","0","臺南市","白河區","120.405","23.395","94"
"14","185543","20220623022000","12","1","花蓮縣","玉里鎮","121.390","23.380","22"
"304","185546","20220623022000","240","2","花蓮縣","玉里鎮","121.355","23.385","293"
"21","185565","20220623022000","13","3","花蓮縣","玉里鎮","121.395","23.390","16"
"66","185576","20220623022000","27","3","花蓮縣","玉里鎮","121.355","23.395","78"
"54","185590","20220623022000","53","1","花蓮縣","玉里鎮","121.365","23.405","54"
"97","185598","20220623022000","320","0","臺南市","白河區","120.415","23.380","87"
"303","185635","20220623022000","307","0","臺南市","後壁區","120.380","23.390","313"
"729","185683","20220623022000","747","0","臺南市","後壁區","120.340","23.380","735"
"202","185698","20220623022000","128","3","臺南市","白河區","120.480","23.385","203"
"154","186808","20220623022000","130","1","花蓮縣","卓溪鄉","121.315","23.435","148"
"273","186812","20220623022000","201","2","花蓮縣","卓溪鄉","121.335","23.435","279"
"85","186826","20220623022000","57","2","花蓮縣","卓溪鄉","121.340","23.440","79"
"20","186875","20220623022000","25","0","臺南市","後壁區","120.335","23.380","24"
"31","186914","20220623022000","25","2","臺南市","白河區","120.445","23.380","33"
"31","186915","20220623022000","416","0","臺南市","白河區","120.450","23.380","40"
"243","186921","20220623022000","174","2","臺南市","白河區","120.435","23.390","237"
"17","187008","20220623022000","17","1","臺東縣","長濱鄉","121.480","23.395","14"
"218","187061","20220623022000","174","2","花蓮縣","玉里鎮","121.320","23.395","210"
"136","187086","20220623022000","108","2","花蓮縣","玉里鎮","121.340","23.415","128"
"156","187099","20220623022000","82","3","花蓮縣","玉里鎮","121.345","23.425","153"
"146","187105","20220623022000","121","2","花蓮縣","玉里鎮","121.345","23.430","145"
"19","187111","20220623022000","18","1","花蓮縣","玉里鎮","121.350","23.435","19"
"143","187173","20220623022000","118","2","花蓮縣","玉里鎮","121.395","23.450","144"
"313","187253","20220623022000","211","2","花蓮縣","玉里鎮","121.375","23.425","309"
"301","187296","20220623022000","251","1","臺南市","白河區","120.440","23.400","331"
"171","187322","20220623022000","140","2","花蓮縣","玉里鎮","121.330","23.375","170"
"190","187339","20220623022000","118","3","花蓮縣","玉里鎮","121.325","23.390","211"
"21","187385","20220623022000","25","0","臺東縣","長濱鄉","121.465","23.405","21"
"48","187398","20220623022000","49","0","臺東縣","長濱鄉","121.470","23.410","55"
"175","187401","20220623022000","103","3","臺東縣","長濱鄉","121.485","23.410","175"
"472","188051","20220623022000","580","0","嘉義縣","中埔鄉","120.520","23.430","466"
"381","188063","20220623022000","282","2","嘉義縣","中埔鄉","120.560","23.435","375"
"672","188064","20220623022000","923","0","嘉義縣","中埔鄉","120.520","23.420","683"
"421","188069","20220623022000","219","3","嘉義縣","中埔鄉","120.520","23.425","425"
"91","188090","20220623022000","78","1","嘉義縣","中埔鄉","120.510","23.400","77"
"27","188129","20220623022000","441","0","嘉義縣","中埔鄉","120.460","23.445","25"
"348","188131","20220623022000","274","2","嘉義縣","中埔鄉","120.460","23.450","331"
"506","188132","20220623022000","490","1","嘉義縣","中埔鄉","120.470","23.450","487"
"554","188133","20220623022000","622","0","嘉義縣","中埔鄉","120.475","23.450","601"
"1495","188134","20220623022000","1670","0","嘉義縣","中埔鄉","120.465","23.450","1571"
"155","188136","20220623022000","110","2","嘉義縣","中埔鄉","120.485","23.450","132"
"1382","188141","20220623022000","1329","1","嘉義縣","中埔鄉","120.450","23.435","1392"
"508","188144","20220623022000","509","0","嘉義縣","中埔鄉","120.455","23.445","490"
"437","188147","20220623022000","444","0","嘉義縣","中埔鄉","120.480","23.440","468"
"16","188154","20220623022000","119","0","嘉義縣","中埔鄉","120.490","23.445","13"
"662","188193","20220623022000","546","2","嘉義縣","中埔鄉","120.520","23.385","684"
"175","188241","20220623022000","131","2","嘉義縣","中埔鄉","120.580","23.425","168"
"209","188261","20220623022000","149","2","嘉義縣","中埔鄉","120.540","23.390","211"
"10","188280","20220623022000","70","0","嘉義縣","中埔鄉","120.575","23.380","10"
"46","188314","20220623022000","41","1","嘉義縣","中埔鄉","120.590","23.395","38"
"471","188331","20220623022000","467","1","嘉義縣","中埔鄉","120.555","23.405","488"
"32","188335","20220623022000","11","3","嘉義縣","中埔鄉","120.575","23.405","33"
"775","188368","20220623022000","705","1","嘉義縣","中埔鄉","120.540","23.440","774"
"283","188369","20220623022000","242","1","嘉義縣","中埔鄉","120.545","23.440","294"
"221","188382","20220623022000","189","1","嘉義縣","中埔鄉","120.565","23.445","218"
"342","188390","20220623022000","333","1","嘉義縣","中埔鄉","120.530","23.440","349"
"567","188399","20220623022000","367","3","嘉義縣","中埔鄉","120.535","23.450","545"
"304","188417","20220623022000","338","0","嘉義縣","中埔鄉","120.510","23.435","308"
"494","188421","20220623022000","389","2","嘉義縣","中埔鄉","120.510","23.440","481"
"722","188422","20220623022000","682","1","嘉義縣","中埔鄉","120.495","23.445","713"
"442","188442","20220623022000","407","1","嘉義縣","中埔鄉","120.515","23.410","411"
"270","188445","20220623022000","253","1","嘉義縣","中埔鄉","120.530","23.410","257"
"362","188457","20220623022000","397","0","嘉義縣","中埔鄉","120.505","23.425","374"
"33","188462","20220623022000","37","0","嘉義縣","中埔鄉","120.505","23.375","32"
"131","188463","20220623022000","100","2","嘉義縣","中埔鄉","120.510","23.375","127"
"397","188469","20220623022000","374","1","嘉義縣","鹿草鄉","120.315","23.390","393"
"13","188471","20220623022000","10","2","嘉義縣","鹿草鄉","120.315","23.395","15"
"455","188493","20220623022000","431","1","嘉義縣","鹿草鄉","120.320","23.420","453"
"223","188498","20220623022000","125","3","嘉義縣","鹿草鄉","120.320","23.425","231"
"1070","188503","20220623022000","909","1","嘉義縣","鹿草鄉","120.315","23.410","1068"
"136","188507","20220623022000","107","2","嘉義縣","太保市","120.335","23.430","125"
"160","188508","20220623022000","107","2","嘉義縣","太保市","120.340","23.430","140"
"82","188510","20220623022000","73","1","嘉義縣","鹿草鄉","120.350","23.430","88"
"27","188516","20220623022000","243","0","嘉義縣","太保市","120.340","23.440","24"
"561","188554","20220623022000","418","2","嘉義縣","鹿草鄉","120.340","23.400","539"
"268","188555","20220623022000","239","1","嘉義縣","鹿草鄉","120.290","23.375","263"
"26","188574","20220623022000","327","0","嘉義縣","朴子市","120.245","23.415","21"
"48","188579","20220623022000","277","0","嘉義縣","水上鄉","120.355","23.410","36"
"174","188626","20220623022000","148","1","嘉義縣","鹿草鄉","120.345","23.405","156"
"162","188631","20220623022000","141","1","嘉義縣","鹿草鄉","120.330","23.410","160"
"202","188646","20220623022000","74","3","嘉義縣","朴子市","120.290","23.445","173"
"93","188650","20220623022000","79","1","嘉義縣","朴子市","120.280","23.450","89"
"639","188654","20220623022000","662","0","嘉義縣","布袋鎮","120.170","23.375","656"
"178","188666","20220623022000","127","2","嘉義縣","布袋鎮","120.220","23.390","192"
"193","188716","20220623022000","135","2","嘉義縣","阿里山鄉","120.715","23.390","184"
"108","188874","20220623022000","886","0","嘉義縣","太保市","120.345","23.450","104"
"28","188885","20220623022000","281","0","嘉義縣","太保市","120.320","23.445","27"
"44","188892","20220623022000","377","0","嘉義縣","太保市","120.340","23.450","51"
"124","188897","20220623022000","101","2","嘉義縣","朴子市","120.235","23.440","114"
"15","188921","20220623022000","11","2","嘉義縣","朴子市","120.240","23.450","21"
"154","188949","20220623022000","135","1","嘉義縣","朴子市","120.255","23.410","135"
"505","188956","20220623022000","383","2","嘉義縣","朴子市","120.260","23.420","538"
"117","188966","20220623022000","118","0","嘉義縣","東石鄉","120.145","23.455","117"
"481","188983","20220623022000","295","3","嘉義縣","布袋鎮","120.190","23.375","375"
"39","189028","20220623022000","331","0","嘉義縣","太保市","120.295","23.440","42"
"202","189044","20220623022000","146","2","嘉義縣","東石鄉","120.170","23.430","172"
"207","189051","20220623022000","143","2","嘉義縣","東石鄉","120.180","23.440","215"
"49","189105","20220623022000","141","0","嘉義縣","東石鄉","120.185","23.450","32"
"44","189112","20220623022000","218","0","嘉義縣","東石鄉","120.200","23.455","32"
"12","189120","20220623022000","11","1","嘉義縣","東石鄉","120.150","23.435","11"
"500","189144","20220623022000","360","2","嘉義縣","布袋鎮","120.165","23.375","492"
"39","189152","20220623022000","336","0","嘉義縣","東石鄉","120.205","23.425","36"
"213","189184","20220623022000","174","2","嘉義縣","水上鄉","120.410","23.430","199"
"22","189187","20220623022000","255","0","嘉義縣","水上鄉","120.415","23.430","19"
"728","189189","20220623022000","603","2","嘉義縣","水上鄉","120.415","23.435","748"
"266","189192","20220623022000","226","1","嘉義縣","水上鄉","120.420","23.440","264"
"686","189195","20220623022000","621","1","嘉義縣","布袋鎮","120.180","23.375","738"
"115","189210","20220623022000","131","0","嘉義縣","布袋鎮","120.200","23.400","124"
"112","189224","20220623022000","80","2","嘉義縣","水上鄉","120.435","23.430","107"
"214","189225","20220623022000","171","2","嘉義縣","水上鄉","120.420","23.430","219"
"765","189233","20220623022000","569","2","嘉義縣","水上鄉","120.425","23.440","771"
"41","189242","20220623022000","187","0","嘉義縣","水上鄉","120.370","23.415","32"
"130","189246","20220623022000","150","0","嘉義縣","水上鄉","120.370","23.420","149"
"64","189248","20220623022000","163","0","嘉義縣","水上鄉","120.360","23.425","67"
"319","189268","20220623022000","289","1","嘉義縣","水上鄉","120.495","23.400","324"
"61","189286","20220623022000","51","1","嘉義縣","水上鄉","120.450","23.415","52"
"140","189288","20220623022000","169","0","嘉義縣","水上鄉","120.460","23.415","141"
"91","189292","20220623022000","59","3","嘉義縣","水上鄉","120.450","23.420","83"
"42","189296","20220623022000","58","0","嘉義縣","水上鄉","120.410","23.445","48"
"332","189322","20220623022000","353","0","嘉義縣","水上鄉","120.370","23.440","327"
"55","189337","20220623022000","608","0","嘉義縣","水上鄉","120.360","23.445","68"
"271","189343","20220623022000","280","0","嘉義縣","水上鄉","120.425","23.445","270"
"1159","189344","20220623022000","955","2","嘉義縣","水上鄉","120.430","23.445","1162"
"56","189349","20220623022000","43","2","嘉義縣","水上鄉","120.435","23.415","49"
"539","189350","20220623022000","427","2","嘉義縣","水上鄉","120.430","23.420","526"
"782","189351","20220623022000","667","1","嘉義縣","水上鄉","120.435","23.420","780"
"104","189364","20220623022000","89","1","嘉義縣","布袋鎮","120.150","23.375","106"
"387","189365","20220623022000","260","2","嘉義縣","布袋鎮","120.155","23.375","405"
"219","189369","20220623022000","143","3","嘉義縣","布袋鎮","120.150","23.380","226"
"474","189370","20220623022000","360","2","嘉義縣","布袋鎮","120.155","23.380","464"
"82","189382","20220623022000","835","0","嘉義縣","水上鄉","120.470","23.435","75"
"155","189385","20220623022000","118","2","嘉義縣","水上鄉","120.385","23.405","146"
"75","189387","20220623022000","83","0","嘉義縣","水上鄉","120.390","23.410","77"
"244","189388","20220623022000","179","2","嘉義縣","水上鄉","120.385","23.415","217"
"346","189389","20220623022000","419","0","嘉義縣","水上鄉","120.385","23.420","358"
"23","189392","20220623022000","17","2","嘉義縣","水上鄉","120.405","23.450","26"
"454","189393","20220623022000","478","0","嘉義縣","水上鄉","120.435","23.445","458"
"200","189396","20220623022000","374","0","嘉義縣","水上鄉","120.400","23.425","197"
"76","189397","20220623022000","381","0","嘉義縣","水上鄉","120.395","23.430","64"
"1211","189399","20220623022000","1240","0","嘉義縣","水上鄉","120.400","23.430","1216"
"219","189411","20220623022000","298","0","嘉義縣","水上鄉","120.390","23.425","220"
"72","189413","20220623022000","643","0","嘉義縣","水上鄉","120.395","23.435","73"
"434","189416","20220623022000","464","0","嘉義縣","水上鄉","120.400","23.435","426"
"355","189439","20220623022000","336","1","嘉義縣","水上鄉","120.420","23.420","368"
"77","189459","20220623022000","89","0","嘉義縣","水上鄉","120.385","23.425","69"
"384","189461","20220623022000","359","1","嘉義縣","水上鄉","120.380","23.430","399"
"250","189463","20220623022000","356","0","嘉義縣","水上鄉","120.390","23.430","274"
"910","189474","20220623022000","812","1","嘉義縣","鹿草鄉","120.295","23.380","909"
"194","189491","20220623022000","155","2","嘉義縣","鹿草鄉","120.270","23.395","178"
"265","189518","20220623022000","232","1","嘉義縣","鹿草鄉","120.305","23.415","259"
"25","189555","20220623022000","140","0","嘉義縣","鹿草鄉","120.285","23.435","38"
"44","189575","20220623022000","291","0","嘉義縣","朴子市","120.245","23.430","37"
"524","189579","20220623022000","446","1","嘉義縣","朴子市","120.245","23.435","566"
"123","189583","20220623022000","145","0","嘉義縣","朴子市","120.250","23.440","116"
"1514","189591","20220623022000","1454","1","嘉義縣","東石鄉","120.180","23.420","1570"
"269","189607","20220623022000","246","1","嘉義縣","番路鄉","120.660","23.420","248"
"124","189608","20220623022000","89","2","嘉義縣","番路鄉","120.650","23.425","149"
"32","189630","20220623022000","36","0","嘉義縣","番路鄉","120.640","23.440","31"
"136","189633","20220623022000","102","2","嘉義縣","番路鄉","120.655","23.440","163"
"31","189645","20220623022000","25","2","嘉義縣","番路鄉","120.645","23.440","27"
"165","189663","20220623022000","149","1","嘉義縣","番路鄉","120.670","23.445","145"
"149","189673","20220623022000","98","3","嘉義縣","番路鄉","120.645","23.400","154"
"47","189685","20220623022000","29","3","嘉義縣","番路鄉","120.650","23.405","35"
"26","189703","20220623022000","17","3","嘉義縣","番路鄉","120.640","23.415","23"
"46","189705","20220623022000","26","3","嘉義縣","番路鄉","120.605","23.420","49"
"21","189724","20220623022000","19","1","嘉義縣","番路鄉","120.610","23.430","13"
"91","189756","20220623022000","65","2","嘉義縣","番路鄉","120.620","23.375","97"
"152","189823","20220623022000","130","1","嘉義縣","番路鄉","120.600","23.435","156"
"211","189837","20220623022000","182","1","嘉義縣","番路鄉","120.580","23.450","220"
"350","189852","20220623022000","235","2","嘉義縣","布袋鎮","120.170","23.385","343"
"151","189978","20220623022000","126","1","嘉義縣","阿里山鄉","120.665","23.380","163"
"86","190321","20220623022000","92","0","嘉義縣","阿里山鄉","120.750","23.440","93"
"54","190374","20220623022000","41","2","嘉義縣","阿里山鄉","120.755","23.450","70"
"175","190402","20220623022000","138","2","嘉義縣","義竹鄉","120.245","23.385","181"
"361","190407","20220623022000","255","2","嘉義縣","義竹鄉","120.240","23.375","363"
"125","192504","20220623022000","95","2","澎湖縣","馬公市","119.515","23.485","126"
"275","192620","20220623022000","254","1","嘉義縣","東石鄉","120.165","23.490","280"
"120","192621","20220623022000","70","3","花蓮縣","豐濱鄉","121.510","23.490","115"
"21","194053","20220623022000","115","0","澎湖縣","馬公市","119.515","23.510","21"
"459","194584","20220623022000","282","3","澎湖縣","馬公市","119.595","23.520","390"
"330","194849","20220623022000","291","1","澎湖縣","馬公市","119.580","23.525","352"
"164","194852","20220623022000","164","1","澎湖縣","馬公市","119.595","23.525","126"
"1350","194945","20220623022000","976","2","嘉義市","東區","120.455","23.495","1331"
"347","194952","20220623022000","217","3","嘉義市","東區","120.485","23.460","371"
"54","194954","20220623022000","51","1","嘉義市","東區","120.495","23.460","55"
"42","194959","20220623022000","35","2","嘉義市","東區","120.485","23.470","38"
"33","194963","20220623022000","29","1","嘉義市","東區","120.490","23.475","34"
"687","194965","20220623022000","1000","0","嘉義市","西區","120.435","23.460","701"
"786","194966","20220623022000","1539","0","嘉義市","西區","120.440","23.460","783"
"520","194967","20220623022000","367","2","嘉義市","西區","120.445","23.460","520"
"19","194968","20220623022000","45","0","嘉義市","西區","120.440","23.475","15"
"866","194969","20220623022000","495","3","嘉義市","西區","120.440","23.490","873"
"1507","194970","20220623022000","1303","1","嘉義市","東區","120.460","23.480","1587"
"906","194971","20220623022000","827","1","嘉義市","東區","120.450","23.480","907"
"1165","194972","20220623022000","768","3","嘉義市","東區","120.450","23.490","1190"
"293","194973","20220623022000","1996","0","嘉義市","東區","120.450","23.495","310"
"1246","194974","20220623022000","919","2","嘉義市","西區","120.415","23.485","1285"
"485","194975","20220623022000","636","0","嘉義市","西區","120.405","23.490","499"
"1110","194980","20220623022000","2389","0","嘉義市","西區","120.425","23.475","1109"
"582","194981","20220623022000","597","0","嘉義市","西區","120.430","23.470","608"
"75","194985","20220623022000","1647","0","嘉義市","東區","120.470","23.490","78"
"467","194986","20220623022000","470","0","嘉義市","東區","120.470","23.495","454"
"388","194988","20220623022000","354","1","嘉義市","東區","120.480","23.495","384"
"860","194993","20220623022000","722","1","嘉義市","東區","120.450","23.500","894"
"51","194994","20220623022000","495","0","嘉義市","東區","120.450","23.505","55"
"758","194995","20220623022000","631","2","嘉義市","東區","120.455","23.505","721"
"199","194996","20220623022000","235","0","嘉義市","東區","120.445","23.510","199"
"512","195001","20220623022000","1456","0","嘉義市","東區","120.485","23.485","515"
"476","195002","20220623022000","384","2","嘉義市","東區","120.490","23.480","487"
"1635","195003","20220623022000","1214","2","嘉義市","東區","120.455","23.490","1593"
"2138","195004","20220623022000","2032","1","嘉義市","東區","120.455","23.480","2137"
"475","195006","20220623022000","269","3","嘉義市","西區","120.420","23.480","449"
"997","195007","20220623022000","999","0","嘉義市","西區","120.430","23.480","984"
"513","195008","20220623022000","486","1","嘉義市","西區","120.420","23.490","501"
"1023","195009","20220623022000","2595","0","嘉義市","西區","120.430","23.465","1053"
"1276","195011","20220623022000","860","2","嘉義市","西區","120.425","23.485","1214"
"879","195012","20220623022000","1834","0","嘉義市","西區","120.435","23.480","866"
"1446","195013","20220623022000","1981","0","嘉義市","西區","120.430","23.485","1494"
"27","195015","20220623022000","30","0","嘉義市","西區","120.395","23.490","24"
"156","195016","20220623022000","86","3","嘉義市","西區","120.400","23.490","142"
"17","195017","20220623022000","22","0","嘉義市","西區","120.390","23.495","20"
"1669","195022","20220623022000","1089","3","嘉義市","西區","120.440","23.480","1614"
"708","195024","20220623022000","411","3","嘉義市","西區","120.430","23.495","682"
"1204","195025","20220623022000","1434","0","嘉義市","西區","120.425","23.490","1236"
"1841","195033","20220623022000","1133","3","嘉義市","東區","120.450","23.475","1842"
"1748","195036","20220623022000","969","3","嘉義市","東區","120.450","23.460","1701"
"2471","195037","20220623022000","1817","2","嘉義市","東區","120.455","23.455","2523"
"99","195038","20220623022000","1826","0","嘉義市","西區","120.435","23.470","93"
"235","195039","20220623022000","172","2","嘉義市","西區","120.430","23.455","235"
"29","195040","20220623022000","426","0","嘉義市","西區","120.430","23.460","30"
"82","195041","20220623022000","1204","0","嘉義市","西區","120.440","23.485","85"
"139","195042","20220623022000","109","2","嘉義市","西區","120.395","23.465","165"
"398","195047","20220623022000","322","2","嘉義市","西區","120.405","23.470","403"
"355","195049","20220623022000","386","0","嘉義市","西區","120.405","23.475","359"
"54","195053","20220623022000","562","0","嘉義市","西區","120.445","23.500","61"
"1612","195054","20220623022000","1727","0","嘉義市","東區","120.465","23.490","1643"
"30","195055","20220623022000","14","3","嘉義市","東區","120.465","23.495","29"
"494","195056","20220623022000","279","3","嘉義市","東區","120.460","23.470","507"
"1886","195057","20220623022000","1035","3","嘉義市","東區","120.470","23.480","1881"
"93","195058","20220623022000","812","0","嘉義市","東區","120.465","23.475","69"
"1963","195060","20220623022000","1698","1","嘉義市","西區","120.435","23.475","1975"
"1357","195061","20220623022000","748","3","嘉義市","西區","120.440","23.465","1345"
"16","195062","20220623022000","457","0","嘉義市","西區","120.450","23.465","22"
"1232","195064","20220623022000","1973","0","嘉義市","西區","120.440","23.470","1244"
"11","195065","20220623022000","10","1","嘉義市","東區","120.455","23.485","12"
"38","195066","20220623022000","597","0","嘉義市","東區","120.450","23.485","42"
"492","195069","20220623022000","507","0","嘉義市","西區","120.415","23.475","467"
"1349","195073","20220623022000","3161","0","嘉義市","西區","120.440","23.455","1351"
"2708","195075","20220623022000","2416","1","嘉義市","西區","120.445","23.475","2691"
"1839","195076","20220623022000","2067","0","嘉義市","東區","120.465","23.465","1858"
"1192","195083","20220623022000","766","3","嘉義市","東區","120.445","23.515","1138"
"357","195084","20220623022000","769","0","嘉義市","東區","120.465","23.480","354"
"507","195086","20220623022000","1001","0","嘉義市","東區","120.480","23.465","764"
"1271","195090","20220623022000","847","3","嘉義市","東區","120.475","23.475","1306"
"35","195093","20220623022000","680","0","嘉義市","東區","120.470","23.485","39"
"803","195094","20220623022000","521","3","嘉義市","東區","120.475","23.485","829"
"16","195098","20220623022000","14","1","嘉義市","東區","120.500","23.475","22"
"13","195100","20220623022000","304","0","嘉義市","東區","120.485","23.480","14"
"697","195103","20220623022000","478","2","嘉義市","東區","120.500","23.480","692"
"549","195108","20220623022000","385","2","嘉義市","東區","120.490","23.485","520"
"11","195109","20220623022000","14","0","嘉義市","東區","120.495","23.485","11"
"54","195113","20220623022000","796","0","嘉義市","東區","120.470","23.475","59"
"822","195114","20220623022000","579","2","嘉義市","東區","120.455","23.500","832"
"153","195115","20220623022000","95","3","嘉義市","東區","120.475","23.490","155"
"749","195118","20220623022000","592","2","嘉義市","東區","120.480","23.490","764"
"898","195120","20220623022000","1805","0","嘉義市","東區","120.455","23.475","869"
"1408","195121","20220623022000","1582","0","嘉義市","西區","120.430","23.490","1425"
"80","195122","20220623022000","867","0","嘉義市","西區","120.435","23.485","70"
"103","195123","20220623022000","947","0","嘉義市","西區","120.435","23.490","105"
"655","195124","20220623022000","629","1","嘉義市","西區","120.450","23.470","650"
"774","195127","20220623022000","420","3","嘉義市","東區","120.470","23.470","749"
"35","195128","20220623022000","697","0","嘉義市","東區","120.475","23.480","25"
"469","195129","20220623022000","429","1","嘉義市","東區","120.465","23.485","490"
"28","195131","20220623022000","34","0","嘉義市","東區","120.480","23.480","39"
"830","195133","20220623022000","740","1","嘉義市","東區","120.460","23.490","860"
"51","195139","20220623022000","523","0","嘉義市","西區","120.405","23.480","43"
"417","195147","20220623022000","285","2","嘉義市","西區","120.415","23.465","435"
"63","195148","20220623022000","1751","0","嘉義市","西區","120.420","23.465","71"
"841","195150","20220623022000","666","2","嘉義市","西區","120.415","23.470","831"
"68","195151","20220623022000","64","1","嘉義市","西區","120.420","23.470","66"
"803","195154","20220623022000","446","3","嘉義市","西區","120.440","23.495","872"
"84","195158","20220623022000","84","1","嘉義市","東區","120.430","23.505","98"
"180","195159","20220623022000","123","2","嘉義市","西區","120.435","23.505","177"
"823","195160","20220623022000","787","1","嘉義市","西區","120.445","23.485","849"
"2046","195161","20220623022000","1334","3","嘉義市","東區","120.460","23.465","1980"
"675","195162","20220623022000","1302","0","嘉義市","西區","120.445","23.470","663"
"147","195164","20220623022000","99","2","嘉義市","西區","120.425","23.465","141"
"53","195165","20220623022000","72","0","嘉義市","西區","120.425","23.480","43"
"1557","195166","20220623022000","1098","2","嘉義市","西區","120.445","23.480","1529"
"845","195167","20220623022000","814","1","嘉義市","東區","120.460","23.455","863"
"299","195169","20220623022000","249","2","嘉義市","東區","120.465","23.460","310"
"1925","195170","20220623022000","1407","2","嘉義市","東區","120.455","23.465","1979"
"657","195171","20220623022000","535","2","嘉義市","東區","120.455","23.470","638"
"506","195183","20220623022000","408","2","澎湖縣","馬公市","119.590","23.515","511"
"346","195202","20220623022000","201","3","澎湖縣","馬公市","119.605","23.525","360"
"166","195219","20220623022000","142","1","花蓮縣","瑞穗鄉","121.375","23.495","176"
"52","195220","20220623022000","64","0","花蓮縣","瑞穗鄉","121.375","23.500","57"
"422","195222","20220623022000","381","1","花蓮縣","瑞穗鄉","121.375","23.505","432"
"263","195231","20220623022000","221","1","花蓮縣","瑞穗鄉","121.390","23.490","259"
"1429","195232","20220623022000","1176","2","花蓮縣","瑞穗鄉","121.380","23.495","1412"
"84","195268","20220623022000","58","2","花蓮縣","瑞穗鄉","121.355","23.465","78"
"65","195289","20220623022000","64","1","花蓮縣","瑞穗鄉","121.360","23.475","72"
"329","195291","20220623022000","258","2","花蓮縣","瑞穗鄉","121.370","23.475","314"
"42","195336","20220623022000","29","2","花蓮縣","瑞穗鄉","121.390","23.520","43"
"22","195346","20220623022000","14","3","花蓮縣","瑞穗鄉","121.390","23.525","24"
"12","195428","20220623022000","15","0","花蓮縣","瑞穗鄉","121.435","23.490","13"
"79","195430","20220623022000","48","3","花蓮縣","瑞穗鄉","121.445","23.490","81"
"184","196332","20220623022000","161","1","花蓮縣","瑞穗鄉","121.375","23.515","182"
"67","196345","20220623022000","43","3","花蓮縣","瑞穗鄉","121.360","23.480","56"
"238","196360","20220623022000","205","1","花蓮縣","瑞穗鄉","121.355","23.490","193"
"352","196364","20220623022000","272","2","花蓮縣","瑞穗鄉","121.375","23.490","311"
"60","196368","20220623022000","45","2","花蓮縣","瑞穗鄉","121.360","23.495","60"
"168","196453","20220623022000","159","1","花蓮縣","卓溪鄉","121.325","23.490","170"
"284","196567","20220623022000","181","3","花蓮縣","豐濱鄉","121.505","23.470","279"
"68","196575","20220623022000","38","3","花蓮縣","豐濱鄉","121.505","23.475","78"
"73","196592","20220623022000","43","3","花蓮縣","豐濱鄉","121.510","23.480","77"
"53","196639","20220623022000","49","1","花蓮縣","豐濱鄉","121.500","23.455","61"
"229","196667","20220623022000","131","3","花蓮縣","玉里鎮","121.405","23.465","225"
"135","196709","20220623022000","62","3","花蓮縣","玉里鎮","121.395","23.455","125"
"939","196774","20220623022000","774","2","嘉義縣","中埔鄉","120.465","23.455","951"
"1166","196781","20220623022000","1670","0","嘉義縣","民雄鄉","120.430","23.520","1167"
"413","196789","20220623022000","481","0","嘉義縣","民雄鄉","120.440","23.515","432"
"388","196793","20220623022000","219","3","嘉義縣","六腳鄉","120.290","23.520","394"
"694","196815","20220623022000","609","1","嘉義縣","六腳鄉","120.250","23.510","693"
"44","196825","20220623022000","33","2","嘉義縣","六腳鄉","120.225","23.485","44"
"115","196836","20220623022000","94","2","嘉義縣","六腳鄉","120.285","23.500","110"
"280","196856","20220623022000","163","3","雲林縣","水林鄉","120.225","23.505","286"
"57","196879","20220623022000","328","0","嘉義縣","六腳鄉","120.245","23.485","57"
"313","196886","20220623022000","196","3","嘉義縣","民雄鄉","120.415","23.525","342"
"14","196888","20220623022000","17","0","嘉義縣","民雄鄉","120.425","23.525","12"
"42","196895","20220623022000","168","0","嘉義縣","太保市","120.310","23.460","37"
"109","196913","20220623022000","117","0","嘉義縣","新港鄉","120.375","23.515","125"
"181","196921","20220623022000","707","0","嘉義縣","新港鄉","120.380","23.525","210"
"396","196935","20220623022000","323","2","嘉義縣","六腳鄉","120.280","23.505","409"
"483","196963","20220623022000","531","0","嘉義縣","六腳鄉","120.310","23.500","496"
"986","197018","20220623022000","816","2","嘉義縣","太保市","120.335","23.490","988"
"642","197019","20220623022000","462","2","嘉義縣","太保市","120.340","23.495","641"
"2662","197036","20220623022000","2257","1","嘉義縣","太保市","120.365","23.500","2714"
"19","197041","20220623022000","93","0","嘉義縣","太保市","120.360","23.510","13"
"650","197046","20220623022000","557","1","嘉義縣","太保市","120.370","23.500","597"
"18","197053","20220623022000","15","2","嘉義縣","六腳鄉","120.265","23.525","18"
"353","197055","20220623022000","286","2","嘉義縣","六腳鄉","120.275","23.525","362"
"98","197536","20220623022000","77","2","南投縣","信義鄉","120.870","23.470","92"
"32","197634","20220623022000","22","2","南投縣","信義鄉","120.825","23.510","24"
"484","197682","20220623022000","802","0","嘉義縣","民雄鄉","120.440","23.520","486"
"1129","197684","20220623022000","1265","0","嘉義縣","民雄鄉","120.440","23.525","1118"
"1171","197685","20220623022000","1612","0","嘉義縣","民雄鄉","120.445","23.525","1191"
"43","197686","20220623022000","45","0","嘉義縣","民雄鄉","120.450","23.525","50"
"88","197696","20220623022000","58","3","嘉義縣","民雄鄉","120.425","23.510","83"
"451","197703","20220623022000","351","2","嘉義縣","民雄鄉","120.465","23.505","446"
"602","197710","20220623022000","451","2","嘉義縣","民雄鄉","120.475","23.515","626"
"38","197714","20220623022000","49","0","嘉義縣","民雄鄉","120.480","23.520","41"
"133","197719","20220623022000","97","2","雲林縣","水林鄉","120.205","23.530","134"
"182","197727","20220623022000","135","2","嘉義縣","太保市","120.380","23.490","151"
"335","197729","20220623022000","217","3","嘉義縣","太保市","120.370","23.495","322"
"231","197749","20220623022000","92","3","嘉義縣","太保市","120.385","23.480","219"
"915","197755","20220623022000","881","1","嘉義縣","朴子市","120.285","23.465","1017"
"143","197756","20220623022000","109","2","嘉義縣","朴子市","120.290","23.465","140"
"31","197762","20220623022000","21","2","嘉義縣","太保市","120.290","23.470","34"
"38","197764","20220623022000","209","0","嘉義縣","太保市","120.290","23.475","43"
"206","197766","20220623022000","131","3","嘉義縣","朴子市","120.240","23.470","202"
"28","197770","20220623022000","75","0","嘉義縣","新港鄉","120.310","23.515","30"
"26","197781","20220623022000","106","0","嘉義縣","新港鄉","120.330","23.520","22"
"45","197788","20220623022000","448","0","嘉義縣","朴子市","120.285","23.455","41"
"11","197789","20220623022000","150","0","嘉義縣","朴子市","120.290","23.455","13"
"301","197794","20220623022000","985","0","嘉義縣","朴子市","120.285","23.460","281"
"44","197795","20220623022000","221","0","嘉義縣","朴子市","120.290","23.460","45"
"710","197796","20220623022000","680","1","嘉義縣","朴子市","120.265","23.465","708"
"56","197797","20220623022000","407","0","嘉義縣","朴子市","120.255","23.455","48"
"47","197799","20220623022000","39","2","嘉義縣","朴子市","120.265","23.455","53"
"528","197800","20220623022000","243","3","嘉義縣","朴子市","120.250","23.460","543"
"78","197802","20220623022000","59","2","嘉義縣","朴子市","120.260","23.460","82"
"352","197804","20220623022000","214","3","嘉義縣","朴子市","120.255","23.465","367"
"116","197820","20220623022000","120","0","嘉義縣","新港鄉","120.365","23.515","123"
"73","197822","20220623022000","289","0","嘉義縣","新港鄉","120.350","23.520","74"
"57","197827","20220623022000","404","0","嘉義縣","新港鄉","120.355","23.520","60"
"37","197830","20220623022000","114","0","嘉義縣","新港鄉","120.330","23.510","31"
"60","197832","20220623022000","54","1","嘉義縣","新港鄉","120.340","23.510","57"
"91","197837","20220623022000","73","2","嘉義縣","新港鄉","120.340","23.515","97"
"76","197862","20220623022000","45","3","嘉義縣","阿里山鄉","120.790","23.505","44"
"229","197867","20220623022000","213","1","嘉義縣","阿里山鄉","120.810","23.515","173"
"107","197868","20220623022000","82","2","嘉義縣","阿里山鄉","120.815","23.515","104"
"302","197899","20220623022000","241","2","嘉義縣","太保市","120.335","23.475","290"
"247","197906","20220623022000","251","0","嘉義縣","太保市","120.345","23.480","266"
"39","197913","20220623022000","157","0","嘉義縣","太保市","120.300","23.465","39"
"16","197924","20220623022000","141","0","嘉義縣","太保市","120.300","23.470","12"
"51","197940","20220623022000","30","3","南投縣","信義鄉","120.890","23.490","45"
"99","198035","20220623022000","118","0","雲林縣","水林鄉","120.230","23.515","96"
"602","198046","20220623022000","439","2","雲林縣","水林鄉","120.230","23.520","602"
"1661","198052","20220623022000","1188","2","嘉義縣","朴子市","120.245","23.470","1639"
"48","198053","20220623022000","471","0","嘉義縣","六腳鄉","120.250","23.470","51"
"97","198057","20220623022000","999","0","嘉義縣","朴子市","120.245","23.465","102"
"105","198066","20220623022000","965","0","嘉義縣","朴子市","120.240","23.465","102"
"372","198068","20220623022000","231","3","嘉義縣","朴子市","120.225","23.460","397"
"143","198071","20220623022000","913","0","嘉義縣","朴子市","120.235","23.465","148"
"549","198076","20220623022000","375","2","嘉義縣","朴子市","120.270","23.480","534"
"51","198087","20220623022000","180","0","嘉義縣","太保市","120.355","23.465","60"
"1645","198089","20220623022000","2502","0","嘉義縣","太保市","120.380","23.500","1668"
"10","198113","20220623022000","85","0","雲林縣","水林鄉","120.225","23.510","10"
"821","198129","20220623022000","415","3","嘉義縣","太保市","120.325","23.455","860"
"44","198131","20220623022000","329","0","嘉義縣","太保市","120.335","23.455","44"
"52","198135","20220623022000","322","0","嘉義縣","太保市","120.335","23.460","39"
"62","198141","20220623022000","632","0","嘉義縣","太保市","120.295","23.455","46"
"97","198144","20220623022000","857","0","嘉義縣","太保市","120.295","23.460","88"
"242","198164","20220623022000","168","2","嘉義縣","東石鄉","120.170","23.480","219"
"13","198175","20220623022000","11","1","嘉義縣","東石鄉","120.195","23.465","12"
"33","198190","20220623022000","29","1","嘉義縣","東石鄉","120.145","23.465","33"
"41","198208","20220623022000","33","2","嘉義縣","梅山鄉","120.710","23.520","45"
"157","198214","20220623022000","125","2","嘉義縣","梅山鄉","120.710","23.525","156"
"609","198237","20220623022000","585","1","嘉義縣","東石鄉","120.170","23.465","685"
"467","198282","20220623022000","453","1","嘉義縣","東石鄉","120.185","23.490","491"
"903","198309","20220623022000","759","1","嘉義縣","東石鄉","120.150","23.460","893"
"252","198354","20220623022000","191","2","嘉義縣","東石鄉","120.155","23.500","235"
"216","198358","20220623022000","175","2","嘉義縣","東石鄉","120.175","23.500","211"
"76","198378","20220623022000","71","1","嘉義縣","東石鄉","120.160","23.510","88"
"253","198419","20220623022000","188","2","嘉義縣","梅山鄉","120.660","23.525","242"
"43","198450","20220623022000","33","2","嘉義縣","民雄鄉","120.450","23.520","36"
"128","198452","20220623022000","98","2","嘉義縣","民雄鄉","120.460","23.520","133"
"37","198455","20220623022000","45","0","嘉義縣","民雄鄉","120.455","23.525","29"
"317","198456","20220623022000","325","0","嘉義縣","民雄鄉","120.460","23.525","309"
"145","198457","20220623022000","128","1","嘉義縣","民雄鄉","120.450","23.530","164"
"769","198458","20220623022000","599","2","嘉義縣","民雄鄉","120.455","23.530","756"
"587","198459","20220623022000","439","2","嘉義縣","民雄鄉","120.460","23.530","597"
"141","198474","20220623022000","107","2","嘉義縣","民雄鄉","120.475","23.525","131"
"19","198490","20220623022000","141","0","嘉義縣","新港鄉","120.390","23.515","28"
"37","198491","20220623022000","53","0","嘉義縣","民雄鄉","120.400","23.515","43"
"695","198495","20220623022000","571","2","嘉義縣","民雄鄉","120.410","23.520","681"
"33","198501","20220623022000","45","0","嘉義縣","民雄鄉","120.415","23.520","26"
"734","198503","20220623022000","820","0","嘉義縣","民雄鄉","120.430","23.530","796"
"356","198542","20220623022000","177","3","嘉義縣","六腳鄉","120.300","23.505","356"
"30","198546","20220623022000","29","1","嘉義縣","六腳鄉","120.300","23.515","33"
"18","198646","20220623022000","105","0","嘉義縣","水上鄉","120.375","23.460","13"
"164","198651","20220623022000","137","1","雲林縣","水林鄉","120.210","23.515","180"
"452","198686","20220623022000","457","0","嘉義縣","水上鄉","120.410","23.455","469"
"294","198687","20220623022000","155","3","嘉義縣","水上鄉","120.415","23.455","292"
"897","198691","20220623022000","351","3","嘉義市","西區","120.415","23.460","904"
"46","198693","20220623022000","92","0","嘉義縣","水上鄉","120.420","23.460","58"
"1484","198697","20220623022000","991","2","嘉義縣","六腳鄉","120.295","23.490","1502"
"325","198713","20220623022000","253","2","雲林縣","口湖鄉","120.185","23.525","311"
"964","198720","20220623022000","810","1","嘉義縣","水上鄉","120.400","23.455","953"
"143","198726","20220623022000","1093","0","嘉義縣","朴子市","120.245","23.460","143"
"34","198735","20220623022000","17","3","嘉義縣","六腳鄉","120.260","23.530","22"
"21","198765","20220623022000","16","2","嘉義縣","竹崎鄉","120.580","23.520","21"
"250","198769","20220623022000","227","1","嘉義縣","番路鄉","120.555","23.465","253"
"702","198770","20220623022000","727","0","嘉義縣","番路鄉","120.560","23.465","724"
"163","198785","20220623022000","199","0","嘉義縣","番路鄉","120.505","23.455","188"
"150","198844","20220623022000","111","2","嘉義縣","番路鄉","120.620","23.480","144"
"25","198849","20220623022000","20","2","嘉義縣","番路鄉","120.625","23.485","23"
"70","198869","20220623022000","61","1","嘉義縣","番路鄉","120.540","23.460","67"
"231","198871","20220623022000","202","1","嘉義縣","番路鄉","120.550","23.460","220"
"92","198874","20220623022000","103","0","嘉義縣","番路鄉","120.540","23.465","97"
"10","198875","20220623022000","44","0","嘉義縣","番路鄉","120.535","23.470","12"
"193","198880","20220623022000","127","3","嘉義縣","番路鄉","120.600","23.455","190"
"201","198884","20220623022000","202","0","嘉義縣","番路鄉","120.595","23.460","227"
"51","198885","20220623022000","39","2","嘉義縣","番路鄉","120.600","23.460","54"
"868","198892","20220623022000","745","1","嘉義縣","番路鄉","120.535","23.475","843"
"135","198893","20220623022000","82","3","嘉義縣","番路鄉","120.510","23.480","127"
"44","198896","20220623022000","55","0","嘉義縣","番路鄉","120.525","23.480","46"
"243","198913","20220623022000","199","2","嘉義縣","竹崎鄉","120.685","23.460","196"
"158","198918","20220623022000","108","2","嘉義縣","竹崎鄉","120.695","23.475","158"
"37","198922","20220623022000","33","1","嘉義縣","竹崎鄉","120.700","23.480","36"
"25","198923","20220623022000","17","2","嘉義縣","竹崎鄉","120.705","23.480","19"
"23","198932","20220623022000","25","0","嘉義縣","竹崎鄉","120.705","23.485","14"
"144","198946","20220623022000","100","2","嘉義縣","竹崎鄉","120.695","23.500","143"
"200","198952","20220623022000","164","2","嘉義縣","竹崎鄉","120.695","23.505","173"
"27","198964","20220623022000","24","1","嘉義縣","竹崎鄉","120.660","23.505","19"
"148","198983","20220623022000","129","1","嘉義縣","竹崎鄉","120.635","23.520","146"
"84","199039","20220623022000","61","2","嘉義縣","竹崎鄉","120.650","23.470","85"
"133","199063","20220623022000","109","2","嘉義縣","竹崎鄉","120.680","23.480","137"
"506","199106","20220623022000","509","0","嘉義縣","竹崎鄉","120.570","23.485","448"
"360","199108","20220623022000","249","2","嘉義縣","竹崎鄉","120.555","23.485","370"
"34","199120","20220623022000","20","3","嘉義縣","竹崎鄉","120.540","23.515","30"
"1384","199122","20220623022000","1248","1","嘉義縣","竹崎鄉","120.550","23.515","1417"
"446","199146","20220623022000","451","0","嘉義縣","竹崎鄉","120.570","23.500","489"
"27","199161","20220623022000","400","0","嘉義縣","竹崎鄉","120.550","23.530","27"
"63","199213","20220623022000","53","1","嘉義縣","竹崎鄉","120.590","23.465","62"
"313","199237","20220623022000","154","3","嘉義縣","竹崎鄉","120.605","23.470","333"
"59","199241","20220623022000","52","1","嘉義縣","竹崎鄉","120.585","23.475","54"
"217","199248","20220623022000","185","1","嘉義縣","竹崎鄉","120.575","23.480","166"
"466","199280","20220623022000","415","1","嘉義縣","竹崎鄉","120.505","23.485","428"
"938","199288","20220623022000","768","2","嘉義縣","竹崎鄉","120.500","23.490","969"
"700","199291","20220623022000","564","2","嘉義縣","竹崎鄉","120.520","23.490","665"
"444","199297","20220623022000","439","1","嘉義縣","竹崎鄉","120.495","23.495","473"
"378","199306","20220623022000","282","2","嘉義縣","竹崎鄉","120.500","23.500","378"
"331","199313","20220623022000","299","1","嘉義縣","竹崎鄉","120.505","23.525","313"
"335","199322","20220623022000","287","1","嘉義縣","竹崎鄉","120.515","23.530","333"
"249","199330","20220623022000","220","1","嘉義縣","竹崎鄉","120.495","23.510","253"
"108","199332","20220623022000","90","2","嘉義縣","竹崎鄉","120.495","23.515","104"
"938","199353","20220623022000","743","2","嘉義縣","竹崎鄉","120.570","23.505","1001"
"178","199358","20220623022000","136","2","嘉義縣","竹崎鄉","120.610","23.510","198"
"111","199367","20220623022000","158","0","嘉義縣","竹崎鄉","120.605","23.515","113"
"129","199379","20220623022000","55","3","嘉義縣","竹崎鄉","120.610","23.520","142"
"50","199459","20220623022000","54","0","嘉義縣","阿里山鄉","120.950","23.465","44"
"15","199523","20220623022000","14","1","嘉義縣","阿里山鄉","120.795","23.490","15"
"45","199552","20220623022000","35","2","嘉義縣","阿里山鄉","120.815","23.505","45"
"633","199555","20220623022000","564","1","嘉義縣","阿里山鄉","120.805","23.510","529"
"221","199603","20220623022000","160","2","嘉義縣","阿里山鄉","120.730","23.530","218"
"109","199642","20220623022000","95","1","嘉義縣","阿里山鄉","120.755","23.490","106"
"65","199653","20220623022000","36","3","嘉義縣","阿里山鄉","120.745","23.495","56"
"83","199699","20220623022000","72","1","嘉義縣","阿里山鄉","120.740","23.515","79"
"64","199719","20220623022000","76","0","嘉義縣","阿里山鄉","120.720","23.455","61"
"46","199725","20220623022000","38","2","嘉義縣","阿里山鄉","120.700","23.460","45"
"117","199742","20220623022000","122","0","嘉義縣","阿里山鄉","120.730","23.465","123"
"186","199744","20220623022000","92","3","嘉義縣","竹崎鄉","120.695","23.470","166"
"433","199745","20220623022000","316","2","嘉義縣","阿里山鄉","120.700","23.470","439"
"52","199748","20220623022000","55","0","嘉義縣","阿里山鄉","120.715","23.470","59"
"77","199760","20220623022000","67","1","嘉義縣","阿里山鄉","120.715","23.480","68"
"79","199769","20220623022000","35","3","嘉義縣","阿里山鄉","120.720","23.485","76"
"155","199777","20220623022000","119","2","嘉義縣","阿里山鄉","120.750","23.455","161"
"22","199798","20220623022000","15","2","嘉義縣","阿里山鄉","120.775","23.460","27"
"317","199875","20220623022000","205","3","嘉義縣","竹崎鄉","120.595","23.485","301"
"176","199886","20220623022000","128","2","嘉義縣","竹崎鄉","120.595","23.495","171"
"397","199897","20220623022000","392","1","嘉義縣","竹崎鄉","120.550","23.485","390"
"111","199900","20220623022000","244","0","嘉義縣","竹崎鄉","120.540","23.495","100"
"690","199903","20220623022000","683","1","嘉義縣","竹崎鄉","120.540","23.500","694"
"115","199909","20220623022000","71","3","嘉義縣","竹崎鄉","120.595","23.525","105"
"158","199920","20220623022000","115","2","嘉義縣","竹崎鄉","120.510","23.490","162"
"660","199938","20220623022000","561","1","嘉義縣","竹崎鄉","120.525","23.515","679"
"234","200367","20220623022000","421","0","澎湖縣","馬公市","119.550","23.535","237"
"73","201149","20220623022000","59","2","澎湖縣","馬公市","119.570","23.550","92"
"357","201150","20220623022000","230","3","澎湖縣","馬公市","119.575","23.550","260"
"126","201400","20220623022000","127","0","澎湖縣","馬公市","119.570","23.555","193"
"530","202108","20220623022000","535","0","澎湖縣","西嶼鄉","119.485","23.565","509"
"836","202121","20220623022000","537","3","澎湖縣","馬公市","119.565","23.565","772"
"194","202367","20220623022000","173","1","澎湖縣","馬公市","119.565","23.570","223"
"72","202600","20220623022000","57","2","澎湖縣","西嶼鄉","119.500","23.575","84"
"680","202858","20220623022000","966","0","澎湖縣","馬公市","119.575","23.580","585"
"11","202863","20220623022000","15","0","澎湖縣","湖西鄉","119.625","23.580","11"
"163","203106","20220623022000","123","2","澎湖縣","馬公市","119.570","23.585","171"
"740","203108","20220623022000","518","2","澎湖縣","馬公市","119.580","23.585","662"
"182","203109","20220623022000","121","3","澎湖縣","馬公市","119.585","23.585","149"
"18","203624","20220623022000","10","3","澎湖縣","湖西鄉","119.670","23.595","20"
"25","203877","20220623022000","14","3","澎湖縣","湖西鄉","119.640","23.600","20"
"29","203940","20220623022000","35","0","澎湖縣","馬公市","119.570","23.560","22"
"883","203941","20220623022000","823","1","澎湖縣","馬公市","119.570","23.565","795"
"1591","203942","20220623022000","1913","0","澎湖縣","馬公市","119.570","23.570","1569"
"411","203945","20220623022000","351","1","澎湖縣","湖西鄉","119.615","23.570","367"
"37","203947","20220623022000","237","0","澎湖縣","湖西鄉","119.625","23.570","26"
"211","203951","20220623022000","230","0","澎湖縣","馬公市","119.600","23.555","241"
"19","203964","20220623022000","207","0","澎湖縣","湖西鄉","119.620","23.600","17"
"360","203989","20220623022000","245","2","澎湖縣","西嶼鄉","119.480","23.565","367"
"258","203992","20220623022000","199","2","澎湖縣","湖西鄉","119.615","23.595","267"
"123","203994","20220623022000","95","2","澎湖縣","湖西鄉","119.665","23.585","129"
"24","204001","20220623022000","14","3","澎湖縣","馬公市","119.590","23.550","25"
"1636","204013","20220623022000","1124","2","澎湖縣","馬公市","119.600","23.570","1562"
"87","204018","20220623022000","450","0","澎湖縣","馬公市","119.580","23.560","110"
"2141","204021","20220623022000","725","3","澎湖縣","馬公市","119.585","23.565","2154"
"1521","204022","20220623022000","545","3","澎湖縣","馬公市","119.590","23.565","1449"
"215","204025","20220623022000","156","2","澎湖縣","湖西鄉","119.630","23.565","225"
"162","204033","20220623022000","199","0","澎湖縣","湖西鄉","119.655","23.565","156"
"337","204042","20220623022000","310","1","澎湖縣","馬公市","119.545","23.540","349"
"204","204045","20220623022000","739","0","澎湖縣","湖西鄉","119.670","23.570","261"
"310","204049","20220623022000","316","0","澎湖縣","馬公市","119.575","23.570","307"
"920","204050","20220623022000","487","3","澎湖縣","馬公市","119.580","23.570","936"
"3084","204052","20220623022000","2856","1","澎湖縣","馬公市","119.575","23.575","3012"
"70","204053","20220623022000","400","0","澎湖縣","馬公市","119.580","23.575","63"
"934","204054","20220623022000","577","3","澎湖縣","馬公市","119.580","23.580","974"
"441","204067","20220623022000","281","3","澎湖縣","馬公市","119.615","23.555","379"
"138","204074","20220623022000","74","3","澎湖縣","湖西鄉","119.620","23.565","114"
"327","204075","20220623022000","299","1","澎湖縣","湖西鄉","119.650","23.570","334"
"605","204080","20220623022000","474","2","澎湖縣","湖西鄉","119.650","23.580","598"
"237","204087","20220623022000","190","2","澎湖縣","西嶼鄉","119.505","23.585","279"
"308","204092","20220623022000","337","0","澎湖縣","西嶼鄉","119.510","23.600","298"
"230","204107","20220623022000","238","0","澎湖縣","馬公市","119.560","23.560","223"
"469","204108","20220623022000","494","0","澎湖縣","馬公市","119.565","23.560","428"
"22","204109","20220623022000","32","0","澎湖縣","馬公市","119.595","23.550","19"
"25","204111","20220623022000","251","0","澎湖縣","馬公市","119.595","23.555","30"
"346","204113","20220623022000","249","2","澎湖縣","馬公市","119.605","23.535","339"
"52","204120","20220623022000","254","0","澎湖縣","馬公市","119.610","23.545","47"
"16","204123","20220623022000","15","1","澎湖縣","馬公市","119.615","23.550","10"
"347","204124","20220623022000","201","3","澎湖縣","馬公市","119.620","23.550","326"
"50","204136","20220623022000","143","0","澎湖縣","湖西鄉","119.640","23.580","44"
"427","204137","20220623022000","340","2","澎湖縣","湖西鄉","119.645","23.580","451"
"178","204161","20220623022000","138","2","澎湖縣","湖西鄉","119.640","23.555","191"
"16","204163","20220623022000","159","0","澎湖縣","湖西鄉","119.635","23.560","15"
"19","204174","20220623022000","420","0","澎湖縣","湖西鄉","119.615","23.590","21"
"74","204179","20220623022000","29","3","澎湖縣","湖西鄉","119.680","23.555","75"
"455","204185","20220623022000","345","2","澎湖縣","湖西鄉","119.670","23.565","468"
"1399","204189","20220623022000","739","3","澎湖縣","馬公市","119.575","23.565","1258"
"116","204191","20220623022000","769","0","澎湖縣","馬公市","119.585","23.555","42"
"788","204192","20220623022000","346","3","澎湖縣","馬公市","119.585","23.560","782"
"36","204194","20220623022000","231","0","澎湖縣","馬公市","119.595","23.560","39"
"1381","204195","20220623022000","996","2","澎湖縣","馬公市","119.600","23.560","1342"
"61","204307","20220623022000","53","1","花蓮縣","瑞穗鄉","121.370","23.575","65"
"245","204313","20220623022000","217","1","花蓮縣","瑞穗鄉","121.375","23.575","261"
"180","204317","20220623022000","137","2","花蓮縣","瑞穗鄉","121.370","23.580","168"
"132","204319","20220623022000","99","2","花蓮縣","瑞穗鄉","121.380","23.580","129"
"50","204320","20220623022000","31","3","花蓮縣","萬榮鄉","121.355","23.585","31"
"133","204355","20220623022000","105","2","花蓮縣","瑞穗鄉","121.385","23.570","124"
"87","204381","20220623022000","67","2","花蓮縣","瑞穗鄉","121.385","23.580","90"
"39","204384","20220623022000","33","1","花蓮縣","瑞穗鄉","121.400","23.580","42"
"157","204421","20220623022000","116","2","花蓮縣","光復鄉","121.390","23.605","151"
"54","204446","20220623022000","38","2","花蓮縣","光復鄉","121.385","23.605","53"
"183","204758","20220623022000","150","2","花蓮縣","瑞穗鄉","121.375","23.540","183"
"32","205305","20220623022000","19","3","花蓮縣","豐濱鄉","121.525","23.575","31"
"26","205385","20220623022000","16","3","花蓮縣","豐濱鄉","121.520","23.595","22"
"101","205386","20220623022000","63","3","花蓮縣","豐濱鄉","121.525","23.595","108"
"220","205403","20220623022000","163","2","花蓮縣","豐濱鄉","121.520","23.600","199"
"49","205422","20220623022000","44","1","花蓮縣","豐濱鄉","121.530","23.605","54"
"27","205447","20220623022000","46","0","花蓮縣","光復鄉","121.420","23.605","29"
"309","205461","20220623022000","298","1","雲林縣","元長鄉","120.350","23.600","324"
"49","205475","20220623022000","54","0","嘉義縣","民雄鄉","120.400","23.555","52"
"473","205481","20220623022000","534","0","嘉義縣","民雄鄉","120.400","23.560","447"
"238","205482","20220623022000","160","2","嘉義縣","溪口鄉","120.405","23.560","229"
"732","205486","20220623022000","582","2","嘉義縣","民雄鄉","120.420","23.550","747"
"19","205488","20220623022000","33","0","嘉義縣","民雄鄉","120.425","23.555","20"
"474","205494","20220623022000","368","2","嘉義縣","民雄鄉","120.380","23.545","493"
"406","205501","20220623022000","360","1","嘉義縣","民雄鄉","120.445","23.560","399"
"416","205502","20220623022000","341","2","嘉義縣","民雄鄉","120.450","23.560","416"
"39","205523","20220623022000","47","0","嘉義縣","民雄鄉","120.450","23.570","46"
"567","205531","20220623022000","585","0","嘉義縣","民雄鄉","120.435","23.565","581"
"65","205537","20220623022000","169","0","嘉義縣","民雄鄉","120.435","23.535","76"
"195","205548","20220623022000","158","2","嘉義縣","六腳鄉","120.295","23.540","174"
"315","205557","20220623022000","251","2","嘉義縣","六腳鄉","120.300","23.550","332"
"84","205571","20220623022000","236","0","雲林縣","水林鄉","120.245","23.605","84"
"68","205579","20220623022000","35","3","雲林縣","水林鄉","120.220","23.595","68"
"67","205593","20220623022000","425","0","嘉義縣","新港鄉","120.345","23.570","56"
"52","205600","20220623022000","345","0","嘉義縣","新港鄉","120.345","23.550","65"
"213","205605","20220623022000","154","2","嘉義縣","新港鄉","120.330","23.560","216"
"87","205606","20220623022000","66","2","嘉義縣","新港鄉","120.335","23.560","92"
"29","205615","20220623022000","140","0","嘉義縣","新港鄉","120.340","23.575","30"
"345","205623","20220623022000","276","2","雲林縣","元長鄉","120.335","23.610","359"
"158","205641","20220623022000","152","1","嘉義縣","新港鄉","120.350","23.590","162"
"38","205670","20220623022000","21","3","雲林縣","口湖鄉","120.170","23.605","29"
"292","206056","20220623022000","318","0","南投縣","信義鄉","120.925","23.560","250"
"485","206426","20220623022000","468","1","南投縣","信義鄉","120.895","23.595","518"
"11","206748","20220623022000","11","1","雲林縣","北港鎮","120.285","23.555","16"
"45","206756","20220623022000","46","0","嘉義縣","溪口鄉","120.410","23.600","44"
"1043","206759","20220623022000","927","1","嘉義縣","溪口鄉","120.400","23.605","1091"
"681","206766","20220623022000","623","1","嘉義縣","民雄鄉","120.430","23.550","717"
"1054","206767","20220623022000","931","1","嘉義縣","民雄鄉","120.430","23.555","1047"
"747","206768","20220623022000","726","1","嘉義縣","民雄鄉","120.435","23.555","794"
"297","206781","20220623022000","277","1","雲林縣","北港鎮","120.325","23.585","286"
"83","206786","20220623022000","789","0","雲林縣","北港鎮","120.295","23.575","681"
"237","206789","20220623022000","264","0","雲林縣","北港鎮","120.300","23.580","247"
"602","206790","20220623022000","603","0","雲林縣","北港鎮","120.305","23.580","615"
"63","206794","20220623022000","57","1","雲林縣","北港鎮","120.310","23.585","57"
"73","206797","20220623022000","767","0","雲林縣","北港鎮","120.310","23.590","77"
"342","206815","20220623022000","236","2","嘉義縣","大林鎮","120.465","23.600","349"
"353","206822","20220623022000","237","2","嘉義縣","大林鎮","120.470","23.605","365"
"62","206825","20220623022000","478","0","嘉義縣","大林鎮","120.485","23.605","54"
"272","206830","20220623022000","283","0","嘉義縣","民雄鄉","120.445","23.545","274"
"29","206834","20220623022000","23","2","嘉義縣","民雄鄉","120.440","23.550","28"
"169","206837","20220623022000","147","1","嘉義縣","民雄鄉","120.455","23.550","196"
"427","206858","20220623022000","373","1","嘉義縣","民雄鄉","120.480","23.535","486"
"90","206869","20220623022000","84","1","嘉義縣","民雄鄉","120.500","23.540","95"
"16","206879","20220623022000","26","0","嘉義縣","民雄鄉","120.415","23.560","18"
"33","206882","20220623022000","27","2","嘉義縣","民雄鄉","120.410","23.565","35"
"342","206905","20220623022000","212","3","雲林縣","水林鄉","120.230","23.585","345"
"33","206932","20220623022000","31","1","雲林縣","水林鄉","120.255","23.600","30"
"122","206936","20220623022000","80","3","雲林縣","水林鄉","120.265","23.605","129"
"942","206940","20220623022000","967","0","雲林縣","北港鎮","120.300","23.565","957"
"367","206943","20220623022000","219","3","雲林縣","北港鎮","120.310","23.575","376"
"494","206964","20220623022000","303","3","嘉義縣","新港鄉","120.360","23.590","498"
"42","206982","20220623022000","424","0","嘉義縣","新港鄉","120.370","23.555","41"
"403","206991","20220623022000","591","0","嘉義縣","新港鄉","120.350","23.555","404"
"506","206992","20220623022000","383","2","嘉義縣","新港鄉","120.355","23.555","501"
"47","206994","20220623022000","726","0","嘉義縣","新港鄉","120.350","23.560","42"
"552","206997","20220623022000","480","1","嘉義縣","新港鄉","120.320","23.565","573"
"13","207025","20220623022000","156","0","嘉義縣","新港鄉","120.335","23.540","11"
"871","207038","20220623022000","518","3","嘉義縣","新港鄉","120.345","23.555","906"
"35","207039","20220623022000","28","2","嘉義縣","新港鄉","120.345","23.560","34"
"20","207040","20220623022000","95","0","嘉義縣","新港鄉","120.345","23.535","14"
"29","207051","20220623022000","282","0","嘉義縣","新港鄉","120.375","23.560","26"
"18","207166","20220623022000","16","1","南投縣","信義鄉","120.915","23.545","19"
"116","207170","20220623022000","102","1","南投縣","信義鄉","120.870","23.550","119"
"121","207172","20220623022000","93","2","南投縣","信義鄉","120.880","23.550","120"
"216","207208","20220623022000","156","2","南投縣","信義鄉","120.905","23.565","215"
"384","207242","20220623022000","290","2","南投縣","信義鄉","120.890","23.590","370"
"1008","207256","20220623022000","983","1","雲林縣","北港鎮","120.305","23.565","990"
"202","207266","20220623022000","149","2","嘉義縣","新港鄉","120.310","23.565","190"
"1927","207275","20220623022000","1494","2","雲林縣","北港鎮","120.290","23.575","1998"
"68","207299","20220623022000","52","2","嘉義縣","梅山鄉","120.600","23.560","57"
"93","207304","20220623022000","133","0","嘉義縣","梅山鄉","120.595","23.565","86"
"223","207305","20220623022000","215","1","嘉義縣","梅山鄉","120.605","23.565","249"
"108","207326","20220623022000","124","0","嘉義縣","梅山鄉","120.625","23.550","123"
"389","207338","20220623022000","382","1","嘉義縣","梅山鄉","120.580","23.545","393"
"1067","207352","20220623022000","1040","1","嘉義縣","梅山鄉","120.555","23.585","1076"
"854","207353","20220623022000","831","1","嘉義縣","梅山鄉","120.560","23.585","861"
"458","207356","20220623022000","391","1","嘉義縣","梅山鄉","120.550","23.590","442"
"525","207360","20220623022000","420","2","嘉義縣","大林鎮","120.450","23.605","533"
"83","207361","20220623022000","73","1","嘉義縣","大林鎮","120.410","23.605","77"
"42","207367","20220623022000","401","0","嘉義縣","大林鎮","120.525","23.595","41"
"123","207373","20220623022000","361","0","嘉義縣","大林鎮","120.500","23.605","133"
"805","207387","20220623022000","611","2","雲林縣","北港鎮","120.275","23.600","794"
"249","207403","20220623022000","223","1","雲林縣","北港鎮","120.325","23.595","252"
"487","207414","20220623022000","470","1","雲林縣","北港鎮","120.280","23.560","485"
"218","207435","20220623022000","173","2","雲林縣","古坑鄉","120.540","23.595","209"
"108","207462","20220623022000","107","1","雲林縣","古坑鄉","120.595","23.600","111"
"116","207463","20220623022000","116","1","雲林縣","古坑鄉","120.600","23.600","126"
"124","207465","20220623022000","97","2","雲林縣","古坑鄉","120.610","23.600","124"
"28","207467","20220623022000","23","2","雲林縣","古坑鄉","120.620","23.600","31"
"60","207494","20220623022000","42","2","雲林縣","古坑鄉","120.640","23.605","56"
"14","207498","20220623022000","106","0","雲林縣","古坑鄉","120.570","23.605","12"
"263","207505","20220623022000","251","1","嘉義縣","大林鎮","120.470","23.580","251"
"243","207507","20220623022000","373","0","嘉義縣","大林鎮","120.465","23.585","261"
"61","207511","20220623022000","52","1","嘉義縣","大林鎮","120.505","23.560","64"
"155","207522","20220623022000","261","0","嘉義縣","大林鎮","120.490","23.570","143"
"242","207523","20220623022000","370","0","嘉義縣","大林鎮","120.495","23.570","271"
"45","207556","20220623022000","434","0","嘉義縣","大林鎮","120.500","23.580","43"
"11","207558","20220623022000","91","0","嘉義縣","大林鎮","120.510","23.580","14"
"242","207564","20220623022000","231","1","嘉義縣","大林鎮","120.495","23.585","238"
"19","207576","20220623022000","255","0","嘉義縣","大林鎮","120.475","23.590","16"
"262","207578","20220623022000","306","0","嘉義縣","大林鎮","120.465","23.595","244"
"50","207585","20220623022000","29","3","嘉義縣","大林鎮","120.505","23.590","43"
"42","207592","20220623022000","516","0","嘉義縣","大林鎮","120.505","23.595","49"
"46","207596","20220623022000","31","2","嘉義縣","大林鎮","120.505","23.600","47"
"117","207602","20220623022000","167","0","嘉義縣","大林鎮","120.455","23.595","129"
"430","207604","20220623022000","725","0","嘉義縣","大林鎮","120.455","23.600","416"
"1178","207605","20220623022000","1359","0","嘉義縣","大林鎮","120.460","23.600","1152"
"149","207606","20220623022000","120","2","嘉義縣","大林鎮","120.460","23.605","148"
"283","207613","20220623022000","285","0","嘉義縣","大林鎮","120.445","23.610","289"
"23","207617","20220623022000","375","0","嘉義縣","大林鎮","120.445","23.595","27"
"1245","207626","20220623022000","1085","1","嘉義縣","大林鎮","120.455","23.605","1266"
"199","207628","20220623022000","1415","0","雲林縣","水林鄉","120.240","23.570","214"
"552","207634","20220623022000","436","2","雲林縣","水林鄉","120.250","23.575","533"
"16","207650","20220623022000","12","2","雲林縣","水林鄉","120.265","23.535","19"
"204","207670","20220623022000","158","2","嘉義縣","溪口鄉","120.395","23.600","183"
"78","207674","20220623022000","81","0","嘉義縣","梅山鄉","120.575","23.560","93"
"193","207675","20220623022000","195","0","嘉義縣","梅山鄉","120.580","23.560","202"
"730","207684","20220623022000","773","0","嘉義縣","梅山鄉","120.565","23.575","758"
"38","207691","20220623022000","45","0","嘉義縣","梅山鄉","120.580","23.580","35"
"77","207701","20220623022000","43","3","嘉義縣","梅山鄉","120.600","23.565","78"
"35","207703","20220623022000","88","0","嘉義縣","梅山鄉","120.580","23.570","29"
"381","207707","20220623022000","133","3","嘉義縣","梅山鄉","120.595","23.570","387"
"70","207721","20220623022000","70","1","嘉義縣","梅山鄉","120.600","23.575","77"
"508","207727","20220623022000","511","0","嘉義縣","梅山鄉","120.555","23.545","519"
"88","207736","20220623022000","74","1","嘉義縣","梅山鄉","120.545","23.555","81"
"72","207753","20220623022000","45","3","嘉義縣","梅山鄉","120.715","23.535","86"
"40","207756","20220623022000","36","1","嘉義縣","梅山鄉","120.730","23.535","37"
"249","207761","20220623022000","159","3","嘉義縣","梅山鄉","120.710","23.540","244"
"135","207793","20220623022000","103","2","嘉義縣","梅山鄉","120.740","23.555","151"
"157","207860","20220623022000","147","1","雲林縣","古坑鄉","120.695","23.580","155"
"99","207910","20220623022000","70","2","雲林縣","古坑鄉","120.690","23.595","85"
"50","207945","20220623022000","36","2","雲林縣","古坑鄉","120.710","23.605","55"
"17","207960","20220623022000","18","0","雲林縣","古坑鄉","120.565","23.595","13"
"18","207962","20220623022000","12","3","雲林縣","古坑鄉","120.575","23.595","17"
"27","207964","20220623022000","15","3","雲林縣","古坑鄉","120.585","23.595","18"
"184","207970","20220623022000","113","3","雲林縣","古坑鄉","120.590","23.585","211"
"18","207972","20220623022000","15","2","雲林縣","古坑鄉","120.600","23.585","15"
"142","207983","20220623022000","109","2","雲林縣","古坑鄉","120.595","23.595","149"
"76","207985","20220623022000","51","2","雲林縣","古坑鄉","120.585","23.600","87"
"413","207988","20220623022000","330","2","雲林縣","口湖鄉","120.165","23.535","402"
"482","208006","20220623022000","637","0","雲林縣","口湖鄉","120.185","23.585","531"
"81","208021","20220623022000","55","2","嘉義縣","梅山鄉","120.625","23.570","71"
"229","208025","20220623022000","125","3","嘉義縣","梅山鄉","120.625","23.575","217"
"200","208030","20220623022000","207","0","嘉義縣","新港鄉","120.310","23.570","208"
"330","208049","20220623022000","283","1","雲林縣","口湖鄉","120.160","23.560","328"
"22","208080","20220623022000","200","0","雲林縣","口湖鄉","120.150","23.580","21"
"24","208091","20220623022000","15","3","雲林縣","口湖鄉","120.140","23.585","20"
"340","208131","20220623022000","257","2","嘉義縣","民雄鄉","120.410","23.570","328"
"567","208146","20220623022000","476","1","雲林縣","大埤鄉","120.370","23.610","576"
"704","208152","20220623022000","533","2","嘉義縣","梅山鄉","120.560","23.580","662"
"194","208158","20220623022000","162","1","嘉義縣","梅山鄉","120.560","23.565","180"
"276","208165","20220623022000","242","1","嘉義縣","梅山鄉","120.555","23.575","277"
"121","208171","20220623022000","120","1","嘉義縣","梅山鄉","120.680","23.535","104"
"191","208176","20220623022000","172","1","嘉義縣","梅山鄉","120.665","23.540","194"
"132","208180","20220623022000","78","3","嘉義縣","梅山鄉","120.685","23.540","113"
"289","208200","20220623022000","245","1","嘉義縣","梅山鄉","120.665","23.550","272"
"36","208203","20220623022000","30","2","嘉義縣","梅山鄉","120.680","23.550","32"
"139","208265","20220623022000","99","2","嘉義縣","梅山鄉","120.530","23.580","137"
"242","208301","20220623022000","189","2","嘉義縣","梅山鄉","120.525","23.550","224"
"175","208303","20220623022000","155","1","嘉義縣","梅山鄉","120.535","23.550","173"
"509","208323","20220623022000","457","1","嘉義縣","民雄鄉","120.465","23.555","523"
"1689","208324","20220623022000","2036","0","嘉義縣","民雄鄉","120.470","23.555","2024"
"133","208325","20220623022000","126","1","嘉義縣","民雄鄉","120.475","23.555","136"
"19","208326","20220623022000","20","0","嘉義縣","民雄鄉","120.480","23.555","17"
"591","208328","20220623022000","866","0","嘉義縣","民雄鄉","120.470","23.560","782"
"464","208329","20220623022000","513","0","嘉義縣","民雄鄉","120.475","23.560","489"
"75","208332","20220623022000","97","0","嘉義縣","民雄鄉","120.475","23.565","84"
"127","208340","20220623022000","95","2","嘉義縣","民雄鄉","120.410","23.545","112"
"559","208347","20220623022000","401","2","嘉義縣","民雄鄉","120.400","23.535","556"
"50","208352","20220623022000","507","0","嘉義縣","民雄鄉","120.460","23.535","53"
"430","208357","20220623022000","347","2","嘉義縣","民雄鄉","120.460","23.545","427"
"1241","208359","20220623022000","1163","1","嘉義縣","民雄鄉","120.425","23.560","1216"
"10","208360","20220623022000","15","0","嘉義縣","民雄鄉","120.430","23.560","13"
"32","208363","20220623022000","297","0","嘉義縣","民雄鄉","120.425","23.570","27"
"84","208371","20220623022000","150","0","嘉義縣","民雄鄉","120.430","23.575","81"
"317","208380","20220623022000","146","3","嘉義縣","民雄鄉","120.390","23.545","324"
"519","208390","20220623022000","397","2","嘉義縣","民雄鄉","120.420","23.540","529"
"104","208392","20220623022000","122","0","嘉義縣","民雄鄉","120.430","23.540","103"
"205","208407","20220623022000","169","2","雲林縣","口湖鄉","120.175","23.570","200"
"370","208415","20220623022000","305","2","雲林縣","口湖鄉","120.190","23.575","369"
"10","208418","20220623022000","11","0","雲林縣","口湖鄉","120.200","23.580","10"
"430","208452","20220623022000","415","1","嘉義縣","溪口鄉","120.430","23.585","412"
"10","208454","20220623022000","280","0","嘉義縣","溪口鄉","120.440","23.585","10"
"562","208468","20220623022000","499","1","嘉義縣","溪口鄉","120.385","23.595","534"
"281","208486","20220623022000","189","2","嘉義縣","溪口鄉","120.390","23.605","271"
"470","208497","20220623022000","480","0","嘉義縣","六腳鄉","120.300","23.560","443"
"565","208503","20220623022000","587","0","嘉義縣","六腳鄉","120.290","23.535","578"
"598","208508","20220623022000","431","2","雲林縣","口湖鄉","120.180","23.585","586"
"298","208528","20220623022000","242","2","雲林縣","口湖鄉","120.140","23.550","292"
"387","208546","20220623022000","316","2","雲林縣","口湖鄉","120.150","23.565","425"
"205","208554","20220623022000","179","1","雲林縣","水林鄉","120.270","23.565","184"
"1102","208568","20220623022000","861","2","雲林縣","口湖鄉","120.190","23.545","1119"
"316","208573","20220623022000","321","0","雲林縣","北港鎮","120.285","23.610","336"
"1227","208589","20220623022000","1340","0","雲林縣","北港鎮","120.300","23.570","1223"
"731","208590","20220623022000","770","0","雲林縣","北港鎮","120.300","23.575","750"
"50","208617","20220623022000","452","0","雲林縣","水林鄉","120.220","23.560","52"
"366","208629","20220623022000","259","2","雲林縣","水林鄉","120.205","23.575","351"
"417","208638","20220623022000","315","2","雲林縣","水林鄉","120.230","23.540","414"
"111","208647","20220623022000","370","0","雲林縣","水林鄉","120.250","23.550","117"
"141","208695","20220623022000","120","1","嘉義縣","竹崎鄉","120.555","23.540","142"
"125","208704","20220623022000","87","2","嘉義縣","竹崎鄉","120.560","23.540","106"
"108","208793","20220623022000","72","3","嘉義縣","阿里山鄉","120.750","23.570","75"
"59","208821","20220623022000","51","1","嘉義縣","阿里山鄉","120.750","23.580","57"
"119","209129","20220623022000","111","1","澎湖縣","湖西鄉","119.625","23.605","101"
"155","209899","20220623022000","101","3","澎湖縣","白沙鄉","119.570","23.615","136"
"27","209905","20220623022000","229","0","澎湖縣","白沙鄉","119.605","23.615","32"
"64","210790","20220623022000","34","3","花蓮縣","豐濱鄉","121.535","23.635","65"
"99","210927","20220623022000","98","1","澎湖縣","西嶼鄉","119.530","23.635","96"
"230","210940","20220623022000","200","1","澎湖縣","白沙鄉","119.600","23.635","227"
"34","211725","20220623022000","10","3","澎湖縣","白沙鄉","119.630","23.650","13"
"373","212241","20220623022000","231","3","澎湖縣","白沙鄉","119.655","23.660","375"
"755","212745","20220623022000","435","3","澎湖縣","白沙鄉","119.595","23.665","766"
"11","213441","20220623022000","47","0","澎湖縣","白沙鄉","119.555","23.655","11"
"34","213442","20220623022000","16","3","澎湖縣","白沙鄉","119.555","23.660","29"
"25","213444","20220623022000","144","0","澎湖縣","白沙鄉","119.590","23.655","26"
"19","213447","20220623022000","19","1","澎湖縣","白沙鄉","119.600","23.650","25"
"14","213448","20220623022000","13","1","澎湖縣","白沙鄉","119.560","23.655","11"
"243","213454","20220623022000","111","3","澎湖縣","白沙鄉","119.560","23.660","214"
"174","213465","20220623022000","116","3","澎湖縣","白沙鄉","119.595","23.650","143"
"146","213491","20220623022000","130","1","澎湖縣","西嶼鄉","119.510","23.615","150"
"174","213509","20220623022000","203","0","澎湖縣","西嶼鄉","119.515","23.630","185"
"107","213516","20220623022000","93","1","澎湖縣","西嶼鄉","119.515","23.650","104"
"404","213554","20220623022000","353","1","花蓮縣","光復鄉","121.430","23.675","416"
"94","213627","20220623022000","89","1","花蓮縣","光復鄉","121.420","23.660","89"
"330","213652","20220623022000","294","1","花蓮縣","光復鄉","121.420","23.670","293"
"99","213675","20220623022000","82","2","花蓮縣","光復鄉","121.415","23.680","92"
"83","213820","20220623022000","56","2","花蓮縣","光復鄉","121.430","23.635","92"
"78","214398","20220623022000","42","3","花蓮縣","豐濱鄉","121.540","23.655","76"
"23","214415","20220623022000","17","2","花蓮縣","豐濱鄉","121.545","23.670","22"
"40","214424","20220623022000","47","0","花蓮縣","豐濱鄉","121.530","23.680","54"
"42","214495","20220623022000","35","2","花蓮縣","豐濱鄉","121.485","23.640","41"
"48","214521","20220623022000","14","3","雲林縣","四湖鄉","120.185","23.660","42"
"237","214544","20220623022000","191","2","雲林縣","四湖鄉","120.275","23.650","249"
"341","214550","20220623022000","240","2","雲林縣","元長鄉","120.275","23.660","342"
"234","214565","20220623022000","183","2","雲林縣","四湖鄉","120.200","23.640","241"
"161","214566","20220623022000","111","2","雲林縣","四湖鄉","120.205","23.640","140"
"469","214578","20220623022000","343","2","雲林縣","四湖鄉","120.220","23.615","447"
"30","214580","20220623022000","184","0","雲林縣","四湖鄉","120.170","23.640","29"
"258","214640","20220623022000","162","3","花蓮縣","光復鄉","121.450","23.655","264"
"156","214665","20220623022000","137","1","花蓮縣","光復鄉","121.405","23.625","147"
"155","214678","20220623022000","116","2","花蓮縣","光復鄉","121.415","23.645","142"
"34","214691","20220623022000","24","2","花蓮縣","光復鄉","121.415","23.655","34"
"277","214701","20220623022000","201","2","花蓮縣","光復鄉","121.430","23.665","278"
"415","214703","20220623022000","393","1","花蓮縣","光復鄉","121.425","23.670","414"
"627","214705","20220623022000","507","2","花蓮縣","光復鄉","121.420","23.665","667"
"123","214706","20220623022000","97","2","花蓮縣","光復鄉","121.425","23.665","125"
"470","214707","20220623022000","374","2","花蓮縣","光復鄉","121.450","23.660","471"
"213","214728","20220623022000","160","2","雲林縣","元長鄉","120.315","23.675","225"
"35","214762","20220623022000","32","1","雲林縣","元長鄉","120.285","23.640","36"
"358","214797","20220623022000","393","0","雲林縣","元長鄉","120.375","23.645","331"
"191","214824","20220623022000","124","3","雲林縣","東勢鄉","120.260","23.665","187"
"26","214826","20220623022000","258","0","雲林縣","東勢鄉","120.250","23.670","27"
"16","214842","20220623022000","238","0","雲林縣","四湖鄉","120.150","23.625","16"
"34","214846","20220623022000","113","0","雲林縣","口湖鄉","120.155","23.630","38"
"422","214854","20220623022000","339","2","雲林縣","斗南鎮","120.440","23.685","438"
"729","214857","20220623022000","574","2","雲林縣","斗南鎮","120.485","23.685","748"
"157","214861","20220623022000","79","3","雲林縣","斗南鎮","120.490","23.640","159"
"322","214868","20220623022000","333","0","雲林縣","斗南鎮","120.430","23.670","296"
"296","214876","20220623022000","180","3","雲林縣","斗南鎮","120.445","23.675","277"
"1390","214886","20220623022000","1350","1","雲林縣","斗南鎮","120.475","23.665","1378"
"22","214887","20220623022000","198","0","雲林縣","大埤鄉","120.455","23.670","22"
"421","214890","20220623022000","357","1","雲林縣","斗南鎮","120.470","23.670","427"
"1753","214891","20220623022000","1644","1","雲林縣","斗南鎮","120.475","23.670","1734"
"664","214896","20220623022000","607","1","雲林縣","斗南鎮","120.470","23.675","656"
"89","214922","20220623022000","65","2","南投縣","鹿谷鄉","120.790","23.670","48"
"56","214931","20220623022000","36","3","南投縣","鹿谷鄉","120.790","23.675","27"
"250","214932","20220623022000","207","2","南投縣","鹿谷鄉","120.800","23.670","215"
"163","214936","20220623022000","145","1","南投縣","鹿谷鄉","120.795","23.675","125"
"124","214937","20220623022000","65","3","南投縣","鹿谷鄉","120.800","23.675","71"
"204","214940","20220623022000","136","3","南投縣","鹿谷鄉","120.795","23.680","111"
"287","214967","20220623022000","485","0","雲林縣","斗南鎮","120.485","23.640","278"
"481","214975","20220623022000","400","2","雲林縣","斗南鎮","120.480","23.665","489"
"419","214978","20220623022000","206","3","雲林縣","斗南鎮","120.485","23.670","427"
"75","215001","20220623022000","339","0","雲林縣","土庫鎮","120.390","23.665","79"
"561","215006","20220623022000","490","1","雲林縣","土庫鎮","120.380","23.675","545"
"1093","215009","20220623022000","958","1","雲林縣","土庫鎮","120.390","23.680","1115"
"38","215011","20220623022000","91","0","雲林縣","土庫鎮","120.385","23.685","31"
"302","215012","20220623022000","318","0","雲林縣","土庫鎮","120.390","23.685","284"
"149","215013","20220623022000","158","0","雲林縣","土庫鎮","120.365","23.660","147"
"271","215017","20220623022000","220","2","雲林縣","土庫鎮","120.370","23.665","260"
"178","215022","20220623022000","150","1","雲林縣","土庫鎮","120.375","23.670","191"
"296","215044","20220623022000","214","2","雲林縣","元長鄉","120.335","23.615","259"
"315","215049","20220623022000","345","0","雲林縣","元長鄉","120.335","23.620","324"
"43","215072","20220623022000","43","1","雲林縣","元長鄉","120.350","23.615","40"
"261","215075","20220623022000","244","1","雲林縣","元長鄉","120.340","23.635","265"
"50","215100","20220623022000","285","0","雲林縣","元長鄉","120.330","23.660","52"
"632","215115","20220623022000","342","3","雲林縣","口湖鄉","120.165","23.615","627"
"263","215539","20220623022000","204","2","南投縣","信義鄉","120.865","23.625","271"
"64","215550","20220623022000","37","3","南投縣","信義鄉","120.895","23.630","69"
"104","215558","20220623022000","82","2","南投縣","信義鄉","120.880","23.635","70"
"177","215647","20220623022000","140","2","南投縣","信義鄉","120.860","23.665","171"
"63","215656","20220623022000","62","1","南投縣","信義鄉","120.855","23.670","70"
"404","216356","20220623022000","283","2","雲林縣","北港鎮","120.295","23.615","398"
"44","216361","20220623022000","43","1","雲林縣","斗南鎮","120.485","23.675","50"
"40","216367","20220623022000","39","1","雲林縣","斗南鎮","120.500","23.680","51"
"31","216370","20220623022000","322","0","雲林縣","斗南鎮","120.480","23.650","30"
"130","216372","20220623022000","120","1","雲林縣","斗南鎮","120.490","23.650","125"
"485","216377","20220623022000","379","2","雲林縣","斗南鎮","120.475","23.660","467"
"22","216386","20220623022000","13","3","雲林縣","元長鄉","120.335","23.630","20"
"224","216394","20220623022000","171","2","雲林縣","元長鄉","120.355","23.620","213"
"760","216409","20220623022000","665","1","雲林縣","元長鄉","120.360","23.640","795"
"64","216416","20220623022000","49","2","雲林縣","水林鄉","120.250","23.615","54"
"746","216421","20220623022000","459","3","雲林縣","斗南鎮","120.480","23.675","744"
"86","216424","20220623022000","46","3","雲林縣","斗南鎮","120.480","23.670","96"
"17","216438","20220623022000","22","0","雲林縣","斗六市","120.525","23.670","25"
"211","216439","20220623022000","130","3","雲林縣","斗六市","120.530","23.670","223"
"17","216451","20220623022000","24","0","雲林縣","斗六市","120.625","23.685","20"
"52","216459","20220623022000","238","0","雲林縣","土庫鎮","120.345","23.665","54"
"95","216478","20220623022000","80","1","雲林縣","水林鄉","120.260","23.620","131"
"156","216482","20220623022000","148","1","雲林縣","水林鄉","120.265","23.625","154"
"858","216488","20220623022000","567","3","雲林縣","斗南鎮","120.470","23.680","847"
"582","216489","20220623022000","464","2","雲林縣","斗南鎮","120.475","23.680","590"
"1116","216490","20220623022000","884","2","雲林縣","斗南鎮","120.480","23.680","1105"
"57","216498","20220623022000","171","0","雲林縣","斗南鎮","120.515","23.645","44"
"342","216500","20220623022000","219","3","雲林縣","斗南鎮","120.505","23.650","345"
"454","216517","20220623022000","335","2","雲林縣","古坑鄉","120.540","23.660","449"
"336","216519","20220623022000","254","2","雲林縣","斗六市","120.525","23.665","345"
"110","216526","20220623022000","179","0","雲林縣","斗南鎮","120.465","23.685","98"
"296","216543","20220623022000","213","2","雲林縣","斗南鎮","120.505","23.665","301"
"12","216544","20220623022000","137","0","雲林縣","斗南鎮","120.495","23.670","14"
"151","216579","20220623022000","101","2","雲林縣","土庫鎮","120.345","23.660","153"
"116","216583","20220623022000","917","0","雲林縣","土庫鎮","120.390","23.675","109"
"434","216589","20220623022000","369","1","雲林縣","土庫鎮","120.355","23.685","412"
"99","216593","20220623022000","90","1","雲林縣","北港鎮","120.270","23.615","91"
"47","216595","20220623022000","261","0","雲林縣","大埤鄉","120.465","23.635","48"
"16","216597","20220623022000","151","0","雲林縣","大埤鄉","120.465","23.640","16"
"37","216607","20220623022000","263","0","雲林縣","大埤鄉","120.450","23.650","43"
"58","216617","20220623022000","68","0","南投縣","信義鄉","120.810","23.665","60"
"191","216682","20220623022000","108","3","南投縣","信義鄉","120.865","23.640","216"
"24","216694","20220623022000","25","0","南投縣","信義鄉","120.875","23.660","28"
"77","216737","20220623022000","840","0","雲林縣","古坑鄉","120.565","23.640","76"
"13","216744","20220623022000","152","0","雲林縣","古坑鄉","120.575","23.645","19"
"33","216754","20220623022000","116","0","雲林縣","古坑鄉","120.550","23.610","31"
"16","216766","20220623022000","161","0","雲林縣","古坑鄉","120.540","23.620","19"
"41","216791","20220623022000","37","1","雲林縣","古坑鄉","120.605","23.670","40"
"30","216792","20220623022000","25","2","雲林縣","古坑鄉","120.595","23.670","24"
"25","216800","20220623022000","109","0","雲林縣","古坑鄉","120.590","23.685","26"
"363","216807","20220623022000","453","0","雲林縣","古坑鄉","120.565","23.645","359"
"30","216821","20220623022000","24","2","雲林縣","古坑鄉","120.605","23.655","30"
"243","216832","20220623022000","278","0","雲林縣","古坑鄉","120.575","23.675","256"
"93","216841","20220623022000","632","0","雲林縣","古坑鄉","120.570","23.685","95"
"264","216889","20220623022000","210","2","雲林縣","古坑鄉","120.600","23.685","260"
"23","216891","20220623022000","288","0","雲林縣","古坑鄉","120.610","23.685","24"
"325","216901","20220623022000","202","3","雲林縣","古坑鄉","120.635","23.615","312"
"51","216906","20220623022000","56","0","雲林縣","古坑鄉","120.640","23.620","51"
"34","216928","20220623022000","409","0","雲林縣","古坑鄉","120.560","23.670","34"
"33","216932","20220623022000","28","1","雲林縣","古坑鄉","120.570","23.610","29"
"54","216938","20220623022000","44","2","雲林縣","古坑鄉","120.575","23.615","56"
"146","216939","20220623022000","226","0","雲林縣","古坑鄉","120.580","23.615","127"
"83","216944","20220623022000","500","0","雲林縣","古坑鄉","120.560","23.620","68"
"46","216948","20220623022000","29","3","雲林縣","古坑鄉","120.580","23.620","41"
"343","216990","20220623022000","438","0","嘉義縣","大林鎮","120.470","23.620","355"
"13","217013","20220623022000","121","0","嘉義縣","大林鎮","120.500","23.625","13"
"41","217022","20220623022000","24","3","嘉義縣","大林鎮","120.490","23.615","37"
"10","217030","20220623022000","206","0","嘉義縣","大林鎮","120.420","23.615","13"
"488","217035","20220623022000","327","2","嘉義縣","大林鎮","120.435","23.620","481"
"26","217047","20220623022000","78","0","嘉義縣","大林鎮","120.460","23.620","16"
"62","217057","20220623022000","345","0","雲林縣","大埤鄉","120.395","23.625","58"
"45","217065","20220623022000","262","0","雲林縣","大埤鄉","120.380","23.620","51"
"27","217073","20220623022000","175","0","雲林縣","大埤鄉","120.425","23.665","26"
"36","217076","20220623022000","30","2","雲林縣","大埤鄉","120.415","23.665","32"
"42","217087","20220623022000","222","0","雲林縣","大埤鄉","120.470","23.655","39"
"80","217105","20220623022000","474","0","雲林縣","古坑鄉","120.555","23.625","86"
"112","217110","20220623022000","201","0","雲林縣","古坑鄉","120.555","23.630","103"
"10","217112","20220623022000","141","0","雲林縣","古坑鄉","120.550","23.640","17"
"15","217149","20220623022000","24","0","雲林縣","古坑鄉","120.710","23.610","15"
"31","217196","20220623022000","18","3","雲林縣","古坑鄉","120.590","23.650","30"
"68","217207","20220623022000","66","1","雲林縣","古坑鄉","120.590","23.660","64"
"40","217209","20220623022000","198","0","雲林縣","古坑鄉","120.575","23.665","42"
"790","217221","20220623022000","420","3","雲林縣","古坑鄉","120.560","23.650","818"
"90","217222","20220623022000","112","0","雲林縣","古坑鄉","120.560","23.655","93"
"23","217230","20220623022000","86","0","雲林縣","古坑鄉","120.515","23.625","19"
"117","217236","20220623022000","130","0","雲林縣","古坑鄉","120.525","23.630","133"
"22","217239","20220623022000","26","0","雲林縣","古坑鄉","120.520","23.635","22"
"50","217259","20220623022000","45","1","雲林縣","大埤鄉","120.420","23.625","50"
"36","217266","20220623022000","453","0","雲林縣","大埤鄉","120.420","23.635","32"
"538","217403","20220623022000","384","2","嘉義縣","溪口鄉","120.410","23.615","519"
"179","217423","20220623022000","93","3","雲林縣","大埤鄉","120.410","23.640","178"
"118","217432","20220623022000","750","0","雲林縣","大埤鄉","120.430","23.645","119"
"34","217442","20220623022000","175","0","雲林縣","大埤鄉","120.415","23.660","28"
"272","217449","20220623022000","128","3","雲林縣","東勢鄉","120.300","23.680","272"
"54","217458","20220623022000","327","0","雲林縣","東勢鄉","120.265","23.675","63"
"93","217463","20220623022000","366","0","雲林縣","東勢鄉","120.255","23.685","105"
"53","217467","20220623022000","714","0","雲林縣","東勢鄉","120.255","23.675","63"
"132","217468","20220623022000","81","3","雲林縣","東勢鄉","120.250","23.680","139"
"72","217492","20220623022000","217","0","雲林縣","四湖鄉","120.155","23.650","49"
"37","217497","20220623022000","168","0","雲林縣","四湖鄉","120.155","23.655","34"
"84","217526","20220623022000","80","1","雲林縣","元長鄉","120.320","23.615","92"
"113","217546","20220623022000","71","3","雲林縣","四湖鄉","120.190","23.620","101"
"18","217550","20220623022000","96","0","雲林縣","四湖鄉","120.185","23.625","12"
"24","217553","20220623022000","11","3","雲林縣","四湖鄉","120.200","23.625","23"
"604","217561","20220623022000","614","0","雲林縣","四湖鄉","120.230","23.635","592"
"314","217585","20220623022000","339","0","雲林縣","斗六市","120.525","23.675","312"
"266","217589","20220623022000","190","2","雲林縣","斗六市","120.520","23.680","277"
"86","217593","20220623022000","534","0","雲林縣","斗六市","120.510","23.685","79"
"48","217594","20220623022000","261","0","雲林縣","斗六市","120.515","23.685","47"
"252","217597","20220623022000","117","3","雲林縣","斗南鎮","120.470","23.630","233"
"31","217604","20220623022000","16","3","雲林縣","斗南鎮","120.480","23.640","35"
"89","217605","20220623022000","18","3","雲林縣","四湖鄉","120.140","23.620","99"
"102","217610","20220623022000","65","3","雲林縣","四湖鄉","120.150","23.630","106"
"799","217637","20220623022000","702","1","雲林縣","口湖鄉","120.160","23.610","785"
"466","217646","20220623022000","411","1","雲林縣","元長鄉","120.305","23.625","456"
"264","217654","20220623022000","151","3","雲林縣","元長鄉","120.325","23.655","251"
"266","217663","20220623022000","184","2","雲林縣","元長鄉","120.315","23.640","287"
"321","217673","20220623022000","1556","0","雲林縣","元長鄉","120.315","23.650","310"
"60","217674","20220623022000","98","0","雲林縣","元長鄉","120.300","23.655","52"
"132","217701","20220623022000","120","1","雲林縣","斗六市","120.560","23.675","126"
"10","217703","20220623022000","38","0","雲林縣","斗六市","120.555","23.680","10"
"386","217705","20220623022000","329","1","雲林縣","古坑鄉","120.565","23.680","392"
"25","217707","20220623022000","280","0","雲林縣","斗六市","120.550","23.685","22"
"129","217708","20220623022000","118","1","雲林縣","斗六市","120.555","23.685","136"
"143","217711","20220623022000","789","0","雲林縣","斗六市","120.540","23.675","133"
"25","217712","20220623022000","141","0","雲林縣","斗六市","120.545","23.675","26"
"1029","217716","20220623022000","770","2","雲林縣","斗六市","120.545","23.680","1017"
"529","217718","20220623022000","562","0","雲林縣","斗六市","120.540","23.685","533"
"51","217728","20220623022000","345","0","雲林縣","大埤鄉","120.450","23.665","39"
"260","217747","20220623022000","200","2","雲林縣","四湖鄉","120.220","23.635","274"
"531","217753","20220623022000","449","1","雲林縣","四湖鄉","120.225","23.645","544"
"60","217774","20220623022000","404","0","雲林縣","四湖鄉","120.175","23.680","65"
"224","217781","20220623022000","170","2","雲林縣","口湖鄉","120.200","23.615","221"
"175","217799","20220623022000","152","1","雲林縣","四湖鄉","120.215","23.635","160"
"555","217801","20220623022000","462","2","雲林縣","四湖鄉","120.225","23.635","556"
"223","217802","20220623022000","201","1","雲林縣","四湖鄉","120.225","23.640","216"
"70","217817","20220623022000","139","0","雲林縣","虎尾鎮","120.405","23.680","69"
"15","217819","20220623022000","98","0","雲林縣","虎尾鎮","120.415","23.680","29"
"415","217821","20220623022000","336","2","雲林縣","虎尾鎮","120.410","23.685","432"
"89","217830","20220623022000","74","2","南投縣","竹山鎮","120.660","23.670","90"
"101","217842","20220623022000","584","0","雲林縣","大埤鄉","120.450","23.630","104"
"39","217845","20220623022000","237","0","雲林縣","大埤鄉","120.465","23.630","37"
"40","217877","20220623022000","176","0","雲林縣","大埤鄉","120.395","23.650","35"
"282","217883","20220623022000","185","3","雲林縣","大埤鄉","120.400","23.655","292"
"33","217899","20220623022000","149","0","南投縣","竹山鎮","120.670","23.670","38"
"173","218047","20220623022000","141","2","南投縣","竹山鎮","120.795","23.630","113"
"25","218070","20220623022000","22","1","南投縣","竹山鎮","120.795","23.635","16"
"184","218092","20220623022000","142","2","南投縣","竹山鎮","120.790","23.640","73"
"81","218153","20220623022000","124","0","南投縣","竹山鎮","120.765","23.655","47"
"264","218218","20220623022000","310","0","南投縣","竹山鎮","120.760","23.675","205"
"81","218283","20220623022000","104","0","南投縣","竹山鎮","120.655","23.645","97"
"131","218348","20220623022000","92","2","南投縣","竹山鎮","120.665","23.650","123"
"142","218364","20220623022000","107","2","南投縣","竹山鎮","120.665","23.660","147"
"483","218380","20220623022000","286","3","雲林縣","台西鄉","120.210","23.675","497"
"14","218386","20220623022000","156","0","雲林縣","台西鄉","120.225","23.680","17"
"34","218399","20220623022000","298","0","雲林縣","台西鄉","120.180","23.680","37"
"59","218413","20220623022000","180","0","雲林縣","台西鄉","120.210","23.665","54"
"42","219194","20220623022000","38","1","花蓮縣","豐濱鄉","121.555","23.695","48"
"374","222539","20220623022000","315","1","澎湖縣","白沙鄉","119.610","23.750","387"
"69","223443","20220623022000","39","3","澎湖縣","白沙鄉","119.610","23.745","92"
"677","223474","20220623022000","401","3","花蓮縣","鳳林鎮","121.445","23.745","658"
"88","223481","20220623022000","58","3","花蓮縣","鳳林鎮","121.445","23.750","100"
"114","223503","20220623022000","112","1","花蓮縣","光復鄉","121.410","23.685","111"
"13","223515","20220623022000","12","1","花蓮縣","光復鄉","121.485","23.690","14"
"328","223610","20220623022000","338","0","雲林縣","二崙鄉","120.420","23.755","323"
"19","223616","20220623022000","50","0","雲林縣","二崙鄉","120.425","23.755","15"
"119","223971","20220623022000","86","2","花蓮縣","鳳林鎮","121.455","23.745","137"
"227","223986","20220623022000","190","1","花蓮縣","鳳林鎮","121.465","23.755","242"
"188","224005","20220623022000","136","2","花蓮縣","鳳林鎮","121.505","23.710","198"
"70","224077","20220623022000","45","3","花蓮縣","鳳林鎮","121.500","23.760","67"
"42","224149","20220623022000","29","2","花蓮縣","鳳林鎮","121.410","23.700","37"
"325","224179","20220623022000","456","0","花蓮縣","鳳林鎮","121.420","23.710","323"
"22","224210","20220623022000","17","2","花蓮縣","萬榮鄉","121.395","23.715","21"
"42","224212","20220623022000","63","0","花蓮縣","萬榮鄉","121.405","23.715","46"
"522","224231","20220623022000","348","3","花蓮縣","鳳林鎮","121.450","23.750","532"
"263","224245","20220623022000","215","2","花蓮縣","鳳林鎮","121.440","23.725","255"
"798","224262","20220623022000","825","0","花蓮縣","鳳林鎮","121.450","23.745","808"
"75","224269","20220623022000","51","2","雲林縣","土庫鎮","120.370","23.700","72"
"509","224270","20220623022000","386","2","雲林縣","土庫鎮","120.365","23.705","420"
"91","224271","20220623022000","52","3","雲林縣","土庫鎮","120.370","23.705","72"
"50","224272","20220623022000","215","0","雲林縣","土庫鎮","120.365","23.710","407"
"80","224291","20220623022000","65","2","雲林縣","土庫鎮","120.370","23.740","70"
"14","224301","20220623022000","89","0","雲林縣","二崙鄉","120.410","23.750","15"
"413","224303","20220623022000","402","1","雲林縣","二崙鄉","120.410","23.755","428"
"242","224441","20220623022000","46","3","花蓮縣","萬榮鄉","121.400","23.705","250"
"215","224591","20220623022000","187","1","花蓮縣","鳳林鎮","121.450","23.760","215"
"48","224688","20220623022000","29","3","花蓮縣","豐濱鄉","121.560","23.730","45"
"27","224707","20220623022000","143","0","雲林縣","二崙鄉","120.395","23.750","23"
"72","224725","20220623022000","66","1","雲林縣","元長鄉","120.330","23.690","74"
"325","224731","20220623022000","285","1","雲林縣","斗六市","120.565","23.730","328"
"784","224732","20220623022000","651","2","雲林縣","斗六市","120.555","23.735","813"
"10","224733","20220623022000","15","0","雲林縣","斗六市","120.560","23.735","16"
"519","224734","20220623022000","306","3","雲林縣","斗六市","120.565","23.735","512"
"268","224735","20220623022000","238","1","雲林縣","斗六市","120.550","23.740","292"
"75","224737","20220623022000","81","0","雲林縣","斗六市","120.560","23.740","83"
"246","224742","20220623022000","227","1","雲林縣","斗六市","120.560","23.745","221"
"489","224761","20220623022000","409","1","雲林縣","褒忠鄉","120.280","23.705","489"
"327","224763","20220623022000","236","2","雲林縣","東勢鄉","120.270","23.710","324"
"168","224805","20220623022000","115","2","雲林縣","東勢鄉","120.255","23.735","149"
"235","224806","20220623022000","183","2","雲林縣","斗南鎮","120.485","23.690","218"
"184","224834","20220623022000","181","1","南投縣","鹿谷鄉","120.795","23.690","133"
"106","224863","20220623022000","104","1","南投縣","鹿谷鄉","120.780","23.720","107"
"209","224872","20220623022000","163","2","南投縣","鹿谷鄉","120.745","23.760","223"
"74","224873","20220623022000","48","3","南投縣","鹿谷鄉","120.725","23.765","69"
"260","224875","20220623022000","229","1","南投縣","鹿谷鄉","120.735","23.765","265"
"289","224896","20220623022000","245","1","南投縣","鹿谷鄉","120.780","23.705","264"
"49","224900","20220623022000","39","2","南投縣","鹿谷鄉","120.775","23.715","43"
"14","224917","20220623022000","127","0","雲林縣","土庫鎮","120.365","23.730","20"
"211","224920","20220623022000","194","1","雲林縣","土庫鎮","120.385","23.690","202"
"409","224923","20220623022000","248","3","雲林縣","土庫鎮","120.390","23.695","389"
"53","224936","20220623022000","284","0","南投縣","鹿谷鄉","120.770","23.730","44"
"268","224950","20220623022000","303","0","南投縣","鹿谷鄉","120.760","23.740","317"
"428","224951","20220623022000","362","1","南投縣","鹿谷鄉","120.765","23.740","244"
"182","224973","20220623022000","832","0","南投縣","鹿谷鄉","120.775","23.750","201"
"363","225062","20220623022000","328","1","南投縣","鹿谷鄉","120.755","23.725","387"
"20","225085","20220623022000","13","3","南投縣","鹿谷鄉","120.740","23.730","15"
"42","225138","20220623022000","55","0","南投縣","鹿谷鄉","120.820","23.720","39"
"458","225159","20220623022000","458","1","南投縣","鹿谷鄉","120.790","23.730","451"
"323","225192","20220623022000","288","1","南投縣","鹿谷鄉","120.755","23.745","327"
"648","225195","20220623022000","460","2","南投縣","鹿谷鄉","120.755","23.750","626"
"126","225196","20220623022000","131","0","南投縣","鹿谷鄉","120.745","23.755","126"
"659","225206","20220623022000","570","1","雲林縣","麥寮鄉","120.185","23.760","636"
"51","225208","20220623022000","56","0","雲林縣","麥寮鄉","120.175","23.765","51"
"867","225215","20220623022000","835","1","雲林縣","斗六市","120.575","23.725","824"
"180","225247","20220623022000","133","2","南投縣","信義鄉","120.850","23.695","196"
"185","225254","20220623022000","155","1","南投縣","信義鄉","120.885","23.695","185"
"158","225259","20220623022000","124","2","南投縣","信義鄉","120.850","23.700","146"
"247","225307","20220623022000","183","2","南投縣","信義鄉","120.850","23.685","256"
"130","225309","20220623022000","126","1","南投縣","信義鄉","120.850","23.690","125"
"184","225972","20220623022000","158","1","雲林縣","斗南鎮","120.500","23.690","205"
"516","225977","20220623022000","478","1","雲林縣","斗南鎮","120.480","23.700","534"
"214","225978","20220623022000","198","1","雲林縣","斗南鎮","120.485","23.700","218"
"311","225980","20220623022000","424","0","雲林縣","斗南鎮","120.495","23.700","310"
"43","225991","20220623022000","170","0","雲林縣","斗六市","120.500","23.710","34"
"213","226020","20220623022000","165","2","南投縣","水里鄉","120.855","23.730","222"
"1712","226032","20220623022000","994","3","雲林縣","斗六市","120.535","23.700","1720"
"1272","226033","20220623022000","601","3","雲林縣","斗六市","120.540","23.705","1281"
"1062","226034","20220623022000","936","1","雲林縣","斗六市","120.555","23.710","1055"
"1226","226037","20220623022000","1216","1","雲林縣","斗六市","120.555","23.715","1234"
"1420","226039","20220623022000","995","2","雲林縣","斗六市","120.525","23.695","1446"
"1143","226040","20220623022000","906","2","雲林縣","斗六市","120.530","23.695","1160"
"135","226041","20220623022000","90","3","雲林縣","斗六市","120.530","23.700","112"
"3146","226042","20220623022000","1594","3","雲林縣","斗六市","120.535","23.705","3177"
"62","226047","20220623022000","65","0","雲林縣","斗六市","120.560","23.725","69"
"396","226050","20220623022000","416","0","雲林縣","斗六市","120.530","23.730","366"
"72","226056","20220623022000","347","0","雲林縣","斗六市","120.530","23.735","46"
"20","226057","20220623022000","23","0","雲林縣","斗六市","120.535","23.735","17"
"191","226058","20220623022000","193","0","雲林縣","斗六市","120.540","23.735","196"
"407","226062","20220623022000","275","2","雲林縣","斗六市","120.540","23.740","410"
"11","226065","20220623022000","12","0","雲林縣","斗六市","120.505","23.690","10"
"31","226070","20220623022000","33","0","雲林縣","斗六市","120.505","23.700","33"
"286","226075","20220623022000","294","0","雲林縣","斗六市","120.510","23.705","287"
"884","226079","20220623022000","769","1","雲林縣","斗六市","120.525","23.690","917"
"257","226080","20220623022000","884","0","雲林縣","斗六市","120.530","23.690","247"
"608","226081","20220623022000","609","0","雲林縣","斗六市","120.535","23.690","607"
"669","226083","20220623022000","507","2","雲林縣","斗六市","120.595","23.710","684"
"19","226086","20220623022000","76","0","雲林縣","斗六市","120.590","23.715","16"
"219","226091","20220623022000","216","1","雲林縣","斗六市","120.595","23.715","229"
"27","226098","20220623022000","24","1","雲林縣","斗六市","120.625","23.695","27"
"177","226124","20220623022000","149","1","雲林縣","斗六市","120.600","23.715","190"
"13","226125","20220623022000","15","0","雲林縣","斗六市","120.610","23.715","15"
"23","226131","20220623022000","47","0","雲林縣","斗六市","120.605","23.715","17"
"2029","226137","20220623022000","1398","2","雲林縣","斗六市","120.540","23.700","1963"
"113","226143","20220623022000","115","0","雲林縣","斗六市","120.505","23.715","130"
"552","226146","20220623022000","467","1","雲林縣","斗六市","120.525","23.715","528"
"454","226149","20220623022000","348","2","雲林縣","斗六市","120.505","23.720","456"
"83","226151","20220623022000","94","0","雲林縣","斗六市","120.515","23.720","82"
"707","226153","20220623022000","619","1","雲林縣","斗六市","120.525","23.720","676"
"564","226159","20220623022000","512","1","雲林縣","斗六市","120.520","23.725","586"
"115","226168","20220623022000","933","0","雲林縣","土庫鎮","120.355","23.705","112"
"14","226173","20220623022000","182","0","雲林縣","斗南鎮","120.475","23.690","25"
"252","226174","20220623022000","174","2","雲林縣","斗南鎮","120.480","23.690","254"
"254","226175","20220623022000","215","1","雲林縣","斗南鎮","120.465","23.695","265"
"153","226182","20220623022000","131","1","雲林縣","崙背鄉","120.345","23.755","163"
"46","226190","20220623022000","395","0","雲林縣","崙背鄉","120.305","23.755","42"
"198","226206","20220623022000","138","2","雲林縣","土庫鎮","120.345","23.695","195"
"42","226232","20220623022000","327","0","南投縣","水里鄉","120.845","23.745","39"
"70","226253","20220623022000","50","2","南投縣","水里鄉","120.855","23.765","76"
"524","226259","20220623022000","439","1","雲林縣","虎尾鎮","120.445","23.705","521"
"407","226261","20220623022000","359","1","雲林縣","虎尾鎮","120.455","23.705","383"
"1245","226263","20220623022000","1137","1","雲林縣","虎尾鎮","120.450","23.710","1257"
"460","226265","20220623022000","248","3","雲林縣","虎尾鎮","120.445","23.710","464"
"444","226266","20220623022000","415","1","雲林縣","虎尾鎮","120.450","23.715","454"
"262","226267","20220623022000","181","2","雲林縣","虎尾鎮","120.415","23.715","272"
"619","226268","20220623022000","463","2","雲林縣","虎尾鎮","120.420","23.715","645"
"393","226277","20220623022000","311","2","雲林縣","虎尾鎮","120.420","23.725","392"
"754","226286","20220623022000","570","2","雲林縣","虎尾鎮","120.425","23.735","740"
"293","226287","20220623022000","360","0","雲林縣","虎尾鎮","120.415","23.740","278"
"264","226291","20220623022000","257","1","雲林縣","斗六市","120.575","23.715","254"
"338","226293","20220623022000","379","0","雲林縣","斗六市","120.580","23.720","367"
"640","226294","20220623022000","609","1","雲林縣","斗六市","120.585","23.720","634"
"367","226298","20220623022000","310","1","雲林縣","斗六市","120.585","23.725","327"
"45","226299","20220623022000","132","0","雲林縣","斗六市","120.590","23.725","34"
"96","226300","20220623022000","87","1","雲林縣","斗六市","120.595","23.725","102"
"298","226302","20220623022000","247","2","雲林縣","斗六市","120.590","23.730","289"
"75","226669","20220623022000","470","0","雲林縣","崙背鄉","120.380","23.750","74"
"350","226678","20220623022000","175","3","雲林縣","崙背鄉","120.375","23.760","346"
"472","226684","20220623022000","358","2","雲林縣","斗六市","120.560","23.695","469"
"155","226686","20220623022000","113","2","雲林縣","斗六市","120.555","23.700","138"
"381","226687","20220623022000","212","3","雲林縣","斗六市","120.560","23.700","374"
"308","226689","20220623022000","272","1","雲林縣","斗六市","120.560","23.705","305"
"565","226695","20220623022000","566","0","雲林縣","斗六市","120.575","23.700","551"
"33","226701","20220623022000","255","0","雲林縣","斗六市","120.605","23.700","27"
"18","226707","20220623022000","16","1","雲林縣","斗六市","120.600","23.705","24"
"890","226714","20220623022000","415","3","雲林縣","虎尾鎮","120.430","23.715","887"
"339","226715","20220623022000","413","0","雲林縣","虎尾鎮","120.440","23.715","341"
"33","226718","20220623022000","86","0","雲林縣","斗六市","120.570","23.690","35"
"116","226726","20220623022000","96","2","雲林縣","古坑鄉","120.605","23.695","123"
"202","226731","20220623022000","182","1","雲林縣","虎尾鎮","120.400","23.715","216"
"69","226733","20220623022000","375","0","雲林縣","虎尾鎮","120.410","23.715","66"
"469","226737","20220623022000","524","0","雲林縣","虎尾鎮","120.445","23.715","475"
"122","226738","20220623022000","85","2","雲林縣","虎尾鎮","120.445","23.720","122"
"581","226739","20220623022000","541","1","雲林縣","虎尾鎮","120.450","23.720","561"
"535","226749","20220623022000","347","3","雲林縣","東勢鄉","120.250","23.715","540"
"509","226761","20220623022000","329","3","雲林縣","莿桐鄉","120.500","23.750","512"
"396","226763","20220623022000","236","3","雲林縣","莿桐鄉","120.510","23.750","399"
"74","226767","20220623022000","861","0","雲林縣","莿桐鄉","120.500","23.760","87"
"34","226768","20220623022000","446","0","雲林縣","莿桐鄉","120.505","23.760","25"
"21","226770","20220623022000","20","1","雲林縣","莿桐鄉","120.500","23.765","24"
"304","226788","20220623022000","292","1","雲林縣","虎尾鎮","120.405","23.700","309"
"412","226802","20220623022000","355","1","雲林縣","虎尾鎮","120.460","23.710","406"
"58","226804","20220623022000","52","1","雲林縣","虎尾鎮","120.470","23.710","53"
"516","226807","20220623022000","495","1","雲林縣","虎尾鎮","120.470","23.715","496"
"209","226810","20220623022000","169","2","雲林縣","虎尾鎮","120.460","23.715","210"
"227","226820","20220623022000","169","2","雲林縣","東勢鄉","120.245","23.690","195"
"17","226824","20220623022000","41","0","雲林縣","斗六市","120.600","23.725","18"
"176","226828","20220623022000","153","1","雲林縣","林內鄉","120.595","23.735","150"
"75","226841","20220623022000","675","0","雲林縣","林內鄉","120.595","23.750","81"
"18","226857","20220623022000","227","0","雲林縣","林內鄉","120.635","23.755","25"
"865","226870","20220623022000","793","1","雲林縣","林內鄉","120.610","23.755","860"
"412","226877","20220623022000","357","1","雲林縣","林內鄉","120.615","23.765","425"
"62","226880","20220623022000","557","0","雲林縣","林內鄉","120.620","23.765","51"
"419","226886","20220623022000","379","1","雲林縣","林內鄉","120.615","23.760","443"
"34","226902","20220623022000","28","2","雲林縣","林內鄉","120.615","23.745","31"
"15","226903","20220623022000","77","0","雲林縣","林內鄉","120.620","23.745","11"
"22","226920","20220623022000","44","0","雲林縣","林內鄉","120.625","23.720","19"
"181","226924","20220623022000","175","1","雲林縣","林內鄉","120.610","23.725","179"
"56","226957","20220623022000","163","0","雲林縣","林內鄉","120.590","23.760","58"
"1550","226964","20220623022000","2007","0","雲林縣","斗六市","120.555","23.705","1568"
"1351","226965","20220623022000","861","3","雲林縣","斗六市","120.530","23.715","1295"
"638","226966","20220623022000","388","3","雲林縣","斗六市","120.535","23.710","642"
"1253","226967","20220623022000","1242","1","雲林縣","斗六市","120.535","23.715","1252"
"102","227221","20220623022000","32","3","雲林縣","斗六市","120.545","23.720","95"
"103","227224","20220623022000","231","0","雲林縣","斗六市","120.540","23.725","96"
"37","227240","20220623022000","191","0","雲林縣","東勢鄉","120.270","23.705","35"
"14","227244","20220623022000","216","0","雲林縣","東勢鄉","120.285","23.690","14"
"378","227262","20220623022000","249","3","雲林縣","東勢鄉","120.250","23.705","434"
"115","227268","20220623022000","80","2","雲林縣","西螺鎮","120.460","23.760","117"
"1323","227273","20220623022000","813","3","雲林縣","斗六市","120.545","23.715","1341"
"107","227274","20220623022000","102","1","雲林縣","斗六市","120.565","23.710","113"
"830","227276","20220623022000","763","1","雲林縣","斗六市","120.565","23.715","866"
"223","227279","20220623022000","220","1","雲林縣","斗六市","120.560","23.715","221"
"511","227280","20220623022000","385","2","雲林縣","斗六市","120.565","23.720","517"
"59","227287","20220623022000","376","0","雲林縣","土庫鎮","120.345","23.705","56"
"205","227301","20220623022000","121","3","雲林縣","斗六市","120.520","23.695","204"
"21","227302","20220623022000","34","0","雲林縣","斗六市","120.520","23.700","16"
"382","227303","20220623022000","414","0","雲林縣","斗六市","120.525","23.700","373"
"14","227305","20220623022000","40","0","雲林縣","斗六市","120.525","23.705","15"
"69","227306","20220623022000","1347","0","雲林縣","斗六市","120.530","23.705","59"
"21","227309","20220623022000","50","0","雲林縣","斗六市","120.525","23.710","21"
"199","227316","20220623022000","174","1","雲林縣","斗六市","120.515","23.715","200"
"215","227320","20220623022000","150","2","雲林縣","斗六市","120.565","23.695","218"
"790","227328","20220623022000","1086","0","雲林縣","斗六市","120.540","23.710","803"
"1055","227329","20220623022000","806","2","雲林縣","斗六市","120.540","23.715","1077"
"960","227330","20220623022000","961","0","雲林縣","斗六市","120.550","23.715","949"
"13","227339","20220623022000","220","0","雲林縣","斗六市","120.565","23.750","14"
"1841","227348","20220623022000","1793","1","雲林縣","斗六市","120.545","23.710","1866"
"451","227349","20220623022000","779","0","雲林縣","斗六市","120.540","23.690","458"
"163","227350","20220623022000","911","0","雲林縣","斗六市","120.550","23.710","168"
"336","227351","20220623022000","153","3","雲林縣","崙背鄉","120.360","23.755","325"
"66","227355","20220623022000","321","0","雲林縣","崙背鄉","120.370","23.755","68"
"792","227359","20220623022000","1032","0","雲林縣","崙背鄉","120.350","23.760","816"
"182","227365","20220623022000","171","1","雲林縣","崙背鄉","120.330","23.750","176"
"465","227373","20220623022000","234","3","雲林縣","崙背鄉","120.315","23.755","452"
"23","227383","20220623022000","176","0","雲林縣","崙背鄉","120.335","23.760","16"
"195","227395","20220623022000","213","0","雲林縣","西螺鎮","120.435","23.755","193"
"117","227444","20220623022000","480","0","雲林縣","台西鄉","120.200","23.715","101"
"110","227446","20220623022000","78","2","雲林縣","台西鄉","120.210","23.715","113"
"156","227476","20220623022000","1327","0","雲林縣","台西鄉","120.200","23.700","144"
"1030","227502","20220623022000","933","1","南投縣","竹山鎮","120.695","23.760","1039"
"288","227503","20220623022000","306","0","南投縣","竹山鎮","120.685","23.765","305"
"61","227504","20220623022000","71","0","南投縣","竹山鎮","120.690","23.765","61"
"304","227505","20220623022000","283","1","南投縣","竹山鎮","120.695","23.765","327"
"35","227537","20220623022000","110","0","南投縣","竹山鎮","120.725","23.755","29"
"27","227540","20220623022000","79","0","南投縣","竹山鎮","120.710","23.760","27"
"164","227544","20220623022000","188","0","雲林縣","莿桐鄉","120.525","23.735","161"
"42","227559","20220623022000","367","0","雲林縣","莿桐鄉","120.505","23.730","34"
"26","227564","20220623022000","283","0","雲林縣","莿桐鄉","120.515","23.735","26"
"40","227570","20220623022000","427","0","雲林縣","莿桐鄉","120.515","23.740","36"
"14","227577","20220623022000","117","0","雲林縣","莿桐鄉","120.490","23.760","17"
"11","227580","20220623022000","26","0","雲林縣","虎尾鎮","120.435","23.715","11"
"466","227581","20220623022000","377","2","雲林縣","虎尾鎮","120.435","23.720","468"
"161","227585","20220623022000","108","2","雲林縣","虎尾鎮","120.435","23.735","171"
"598","227588","20220623022000","351","3","雲林縣","虎尾鎮","120.435","23.690","636"
"456","227593","20220623022000","424","1","雲林縣","虎尾鎮","120.435","23.695","449"
"47","227603","20220623022000","456","0","雲林縣","土庫鎮","120.375","23.705","55"
"302","227604","20220623022000","184","3","雲林縣","虎尾鎮","120.380","23.705","308"
"295","227632","20220623022000","182","3","雲林縣","褒忠鄉","120.340","23.735","238"
"723","227636","20220623022000","668","1","南投縣","竹山鎮","120.680","23.750","749"
"674","227637","20220623022000","642","1","南投縣","竹山鎮","120.675","23.755","703"
"1995","227638","20220623022000","1790","1","南投縣","竹山鎮","120.680","23.755","1945"
"63","227639","20220623022000","72","0","南投縣","竹山鎮","120.685","23.755","51"
"70","227640","20220623022000","661","0","雲林縣","虎尾鎮","120.420","23.700","48"
"421","227642","20220623022000","326","2","雲林縣","虎尾鎮","120.420","23.705","408"
"670","227645","20220623022000","582","1","雲林縣","虎尾鎮","120.420","23.710","668"
"2130","227647","20220623022000","1639","2","雲林縣","虎尾鎮","120.435","23.710","2150"
"201","227655","20220623022000","232","0","雲林縣","褒忠鄉","120.310","23.720","222"
"298","227684","20220623022000","313","0","雲林縣","虎尾鎮","120.405","23.725","307"
"160","227697","20220623022000","99","3","雲林縣","虎尾鎮","120.395","23.735","156"
"149","227698","20220623022000","125","1","雲林縣","虎尾鎮","120.400","23.735","148"
"237","227706","20220623022000","179","2","雲林縣","虎尾鎮","120.405","23.740","228"
"1184","227716","20220623022000","1025","1","雲林縣","虎尾鎮","120.430","23.705","1202"
"679","227717","20220623022000","580","1","雲林縣","虎尾鎮","120.435","23.705","704"
"125","227722","20220623022000","100","2","雲林縣","崙背鄉","120.345","23.750","120"
"295","227728","20220623022000","785","0","雲林縣","崙背鄉","120.350","23.750","269"
"16","227730","20220623022000","243","0","雲林縣","崙背鄉","120.350","23.755","14"
"25","227733","20220623022000","28","0","雲林縣","虎尾鎮","120.400","23.710","25"
"643","227738","20220623022000","559","1","雲林縣","虎尾鎮","120.430","23.710","657"
"304","227741","20220623022000","238","2","雲林縣","斗南鎮","120.485","23.720","284"
"10","227744","20220623022000","16","0","雲林縣","虎尾鎮","120.485","23.725","12"
"344","227745","20220623022000","249","2","雲林縣","虎尾鎮","120.490","23.725","343"
"174","227748","20220623022000","128","2","雲林縣","虎尾鎮","120.480","23.730","198"
"947","227763","20220623022000","560","3","雲林縣","虎尾鎮","120.440","23.710","989"
"31","227766","20220623022000","625","0","雲林縣","虎尾鎮","120.390","23.705","41"
"371","227798","20220623022000","514","0","南投縣","竹山鎮","120.710","23.765","440"
"546","227807","20220623022000","535","1","南投縣","竹山鎮","120.700","23.765","536"
"130","227808","20220623022000","150","0","南投縣","竹山鎮","120.705","23.765","130"
"325","227840","20220623022000","415","0","南投縣","竹山鎮","120.685","23.760","358"
"194","227841","20220623022000","155","2","南投縣","竹山鎮","120.670","23.760","188"
"88","227842","20220623022000","718","0","南投縣","竹山鎮","120.675","23.760","104"
"179","227852","20220623022000","140","2","南投縣","竹山鎮","120.650","23.705","182"
"11","227871","20220623022000","79","0","南投縣","竹山鎮","120.655","23.720","11"
"410","227882","20220623022000","336","2","雲林縣","虎尾鎮","120.430","23.700","410"
"897","227894","20220623022000","599","2","雲林縣","虎尾鎮","120.460","23.725","890"
"291","227907","20220623022000","156","3","雲林縣","虎尾鎮","120.465","23.740","303"
"1959","227921","20220623022000","1672","1","雲林縣","褒忠鄉","120.315","23.695","1945"
"123","227938","20220623022000","80","3","南投縣","竹山鎮","120.715","23.695","112"
"15","227947","20220623022000","15","1","南投縣","竹山鎮","120.715","23.705","22"
"13","227979","20220623022000","28","0","南投縣","竹山鎮","120.700","23.705","12"
"462","228012","20220623022000","334","2","雲林縣","褒忠鄉","120.285","23.700","439"
"770","228016","20220623022000","631","2","雲林縣","褒忠鄉","120.315","23.710","771"
"223","228047","20220623022000","185","2","南投縣","竹山鎮","120.665","23.755","204"
"445","228051","20220623022000","403","1","南投縣","竹山鎮","120.665","23.760","432"
"676","228091","20220623022000","314","3","雲林縣","台西鄉","120.215","23.740","683"
"212","228138","20220623022000","263","0","雲林縣","崙背鄉","120.295","23.760","214"
"22","228142","20220623022000","358","0","雲林縣","虎尾鎮","120.440","23.720","32"
"719","228151","20220623022000","266","3","雲林縣","麥寮鄉","120.260","23.750","758"
"414","228157","20220623022000","156","3","雲林縣","麥寮鄉","120.255","23.760","436"
"1757","228161","20220623022000","1328","2","雲林縣","斗六市","120.545","23.705","1823"
"380","228162","20220623022000","365","1","雲林縣","斗六市","120.550","23.705","373"
"195","228194","20220623022000","187","1","南投縣","竹山鎮","120.705","23.745","192"
"42","228199","20220623022000","37","1","南投縣","竹山鎮","120.700","23.750","41"
"538","228200","20220623022000","413","2","南投縣","竹山鎮","120.690","23.755","529"
"51","228205","20220623022000","60","0","南投縣","竹山鎮","120.680","23.745","52"
"255","228207","20220623022000","269","0","南投縣","竹山鎮","120.675","23.750","260"
"85","228209","20220623022000","612","0","雲林縣","台西鄉","120.210","23.720","116"
"1084","228228","20220623022000","819","2","雲林縣","台西鄉","120.220","23.720","1094"
"25","228231","20220623022000","19","2","雲林縣","台西鄉","120.215","23.700","23"
"49","228245","20220623022000","283","0","雲林縣","台西鄉","120.190","23.700","65"
"50","228266","20220623022000","188","0","雲林縣","麥寮鄉","120.260","23.745","30"
"1511","228271","20220623022000","400","3","雲林縣","麥寮鄉","120.250","23.750","1488"
"1559","228272","20220623022000","1702","0","雲林縣","麥寮鄉","120.255","23.750","1480"
"511","228274","20220623022000","332","3","雲林縣","麥寮鄉","120.265","23.750","517"
"40","228278","20220623022000","510","0","雲林縣","莿桐鄉","120.480","23.745","38"
"970","228283","20220623022000","772","2","雲林縣","西螺鎮","120.465","23.755","903"
"158","228312","20220623022000","882","0","雲林縣","麥寮鄉","120.240","23.750","159"
"262","228321","20220623022000","200","2","雲林縣","台西鄉","120.220","23.750","260"
"456","228335","20220623022000","324","2","雲林縣","虎尾鎮","120.420","23.690","467"
"349","228337","20220623022000","345","1","雲林縣","虎尾鎮","120.425","23.695","365"
"2721","228338","20220623022000","2356","1","雲林縣","虎尾鎮","120.425","23.700","2711"
"22","228340","20220623022000","709","0","雲林縣","虎尾鎮","120.425","23.710","32"
"20","228375","20220623022000","77","0","南投縣","竹山鎮","120.665","23.725","11"
"20","228395","20220623022000","98","0","南投縣","竹山鎮","120.690","23.725","23"
"115","228399","20220623022000","94","2","南投縣","竹山鎮","120.710","23.725","131"
"25","228402","20220623022000","166","0","南投縣","竹山鎮","120.690","23.730","23"
"112","228415","20220623022000","796","0","南投縣","竹山鎮","120.680","23.760","116"
"152","228711","20220623022000","121","2","雲林縣","麥寮鄉","120.170","23.770","121"
"130","230307","20220623022000","125","1","雲林縣","麥寮鄉","120.180","23.795","181"
"23","232186","20220623022000","16","2","花蓮縣","壽豐鄉","121.585","23.825","21"
"117","233034","20220623022000","75","3","花蓮縣","壽豐鄉","121.565","23.780","108"
"44","233104","20220623022000","27","3","花蓮縣","壽豐鄉","121.460","23.810","38"
"282","233119","20220623022000","180","3","花蓮縣","壽豐鄉","121.475","23.815","294"
"167","233140","20220623022000","112","2","花蓮縣","壽豐鄉","121.480","23.825","155"
"590","233238","20220623022000","496","1","花蓮縣","壽豐鄉","121.515","23.840","568"
"21","233277","20220623022000","11","3","花蓮縣","壽豐鄉","121.590","23.840","10"
"26","233282","20220623022000","139","0","雲林縣","二崙鄉","120.420","23.815","30"
"217","234014","20220623022000","190","1","花蓮縣","鳳林鎮","121.455","23.800","208"
"62","234015","20220623022000","82","0","花蓮縣","鳳林鎮","121.460","23.800","61"
"322","234042","20220623022000","269","1","花蓮縣","萬榮鄉","121.445","23.810","294"
"891","234074","20220623022000","1213","0","雲林縣","二崙鄉","120.415","23.770","891"
"10","234106","20220623022000","240","0","雲林縣","二崙鄉","120.410","23.815","13"
"24","234119","20220623022000","13","3","雲林縣","二崙鄉","120.415","23.795","25"
"50","234120","20220623022000","343","0","雲林縣","二崙鄉","120.420","23.795","47"
"442","234127","20220623022000","363","2","雲林縣","二崙鄉","120.385","23.795","461"
"298","234130","20220623022000","259","1","雲林縣","二崙鄉","120.380","23.800","311"
"263","234162","20220623022000","123","3","雲林縣","二崙鄉","120.395","23.820","260"
"215","234274","20220623022000","128","3","花蓮縣","鳳林鎮","121.460","23.780","215"
"77","234277","20220623022000","50","3","花蓮縣","鳳林鎮","121.460","23.785","78"
"30","234283","20220623022000","356","0","雲林縣","二崙鄉","120.410","23.805","26"
"19","234324","20220623022000","127","0","雲林縣","二崙鄉","120.395","23.765","22"
"456","234338","20220623022000","396","1","雲林縣","二崙鄉","120.365","23.805","462"
"232","234373","20220623022000","139","3","雲林縣","二崙鄉","120.375","23.795","228"
"143","234386","20220623022000","571","0","雲林縣","二崙鄉","120.395","23.790","146"
"811","234401","20220623022000","346","3","雲林縣","西螺鎮","120.470","23.795","827"
"255","234404","20220623022000","181","2","雲林縣","西螺鎮","120.470","23.800","265"
"238","234406","20220623022000","67","3","雲林縣","西螺鎮","120.480","23.800","245"
"1276","234413","20220623022000","491","3","雲林縣","西螺鎮","120.450","23.785","1289"
"455","234424","20220623022000","371","2","雲林縣","麥寮鄉","120.270","23.770","462"
"651","234432","20220623022000","402","3","雲林縣","麥寮鄉","120.265","23.780","630"
"147","234453","20220623022000","20","3","雲林縣","麥寮鄉","120.235","23.790","149"
"80","234454","20220623022000","449","0","雲林縣","麥寮鄉","120.240","23.790","95"
"1754","234481","20220623022000","1364","2","南投縣","水里鄉","120.855","23.815","1934"
"228","234482","20220623022000","142","3","南投縣","水里鄉","120.860","23.815","242"
"14","234513","20220623022000","253","0","雲林縣","西螺鎮","120.485","23.785","13"
"327","234539","20220623022000","195","3","雲林縣","西螺鎮","120.450","23.775","319"
"656","234540","20220623022000","151","3","雲林縣","西螺鎮","120.445","23.780","666"
"30","234570","20220623022000","36","0","南投縣","鹿谷鄉","120.740","23.775","36"
"398","234591","20220623022000","307","2","南投縣","水里鄉","120.845","23.820","376"
"172","234630","20220623022000","154","1","南投縣","水里鄉","120.930","23.795","208"
"72","234678","20220623022000","536","0","南投縣","水里鄉","120.850","23.815","82"
"179","234703","20220623022000","173","1","南投縣","水里鄉","120.845","23.775","234"
"470","234721","20220623022000","381","2","彰化縣","溪州鄉","120.515","23.815","487"
"159","234765","20220623022000","116","2","南投縣","鹿谷鄉","120.785","23.790","158"
"158","234802","20220623022000","121","2","南投縣","鹿谷鄉","120.785","23.805","151"
"58","234826","20220623022000","46","2","南投縣","鹿谷鄉","120.785","23.765","52"
"64","234843","20220623022000","44","2","南投縣","鹿谷鄉","120.775","23.775","67"
"140","234859","20220623022000","78","3","南投縣","鹿谷鄉","120.775","23.785","128"
"75","234881","20220623022000","46","3","雲林縣","麥寮鄉","120.195","23.775","64"
"87","234888","20220623022000","67","2","雲林縣","麥寮鄉","120.180","23.785","86"
"59","234892","20220623022000","50","1","雲林縣","麥寮鄉","120.200","23.785","59"
"262","234900","20220623022000","199","2","雲林縣","麥寮鄉","120.205","23.790","244"
"1457","234906","20220623022000","657","3","雲林縣","麥寮鄉","120.260","23.790","1423"
"1070","234915","20220623022000","458","3","雲林縣","麥寮鄉","120.220","23.795","1101"
"527","234934","20220623022000","141","3","雲林縣","麥寮鄉","120.230","23.795","517"
"1249","234937","20220623022000","525","3","雲林縣","麥寮鄉","120.245","23.795","1240"
"11","234945","20220623022000","14","0","雲林縣","麥寮鄉","120.190","23.800","15"
"41","234949","20220623022000","23","3","雲林縣","麥寮鄉","120.210","23.800","48"
"1401","234952","20220623022000","1385","1","雲林縣","麥寮鄉","120.225","23.800","1386"
"290","234961","20220623022000","200","2","雲林縣","麥寮鄉","120.270","23.800","290"
"41","234965","20220623022000","47","0","雲林縣","麥寮鄉","120.195","23.805","23"
"50","234967","20220623022000","67","0","雲林縣","麥寮鄉","120.205","23.805","52"
"97","234997","20220623022000","129","0","雲林縣","麥寮鄉","120.215","23.815","102"
"11","235080","20220623022000","100","0","南投縣","信義鄉","120.940","23.820","10"
"16","235214","20220623022000","26","0","南投縣","信義鄉","120.980","23.785","16"
"50","235228","20220623022000","215","0","雲林縣","崙背鄉","120.350","23.775","62"
"212","235235","20220623022000","120","3","雲林縣","崙背鄉","120.345","23.785","216"
"626","235274","20220623022000","627","0","南投縣","水里鄉","120.850","23.810","663"
"323","235297","20220623022000","273","1","彰化縣","溪州鄉","120.505","23.815","308"
"839","235309","20220623022000","768","1","彰化縣","溪州鄉","120.540","23.830","839"
"486","235350","20220623022000","360","2","彰化縣","溪州鄉","120.490","23.830","512"
"140","235352","20220623022000","152","0","彰化縣","溪州鄉","120.475","23.835","136"
"317","235362","20220623022000","286","1","彰化縣","溪州鄉","120.480","23.845","342"
"148","235370","20220623022000","191","0","彰化縣","溪州鄉","120.500","23.840","163"
"503","235385","20220623022000","335","3","雲林縣","崙背鄉","120.325","23.780","526"
"53","235403","20220623022000","42","2","南投縣","水里鄉","120.855","23.795","72"
"299","235405","20220623022000","204","2","南投縣","水里鄉","120.865","23.795","343"
"481","235409","20220623022000","516","0","南投縣","水里鄉","120.860","23.800","63"
"16","235459","20220623022000","247","0","南投縣","水里鄉","120.825","23.810","243"
"51","235505","20220623022000","36","2","南投縣","水里鄉","120.870","23.845","46"
"29","235509","20220623022000","367","0","南投縣","名間鄉","120.635","23.835","33"
"330","235515","20220623022000","265","2","南投縣","名間鄉","120.705","23.820","333"
"240","235521","20220623022000","215","1","南投縣","名間鄉","120.715","23.830","231"
"1038","235523","20220623022000","981","1","南投縣","名間鄉","120.705","23.835","1003"
"43","235527","20220623022000","68","0","南投縣","名間鄉","120.725","23.835","66"
"161","235539","20220623022000","134","2","南投縣","名間鄉","120.665","23.820","175"
"381","235555","20220623022000","373","1","南投縣","集集鎮","120.795","23.825","367"
"63","235556","20220623022000","369","0","南投縣","集集鎮","120.795","23.830","61"
"39","235703","20220623022000","48","0","南投縣","信義鄉","120.915","23.785","67"
"253","235812","20220623022000","197","2","南投縣","信義鄉","120.940","23.795","258"
"24","236275","20220623022000","228","0","南投縣","名間鄉","120.660","23.835","26"
"309","236286","20220623022000","258","1","南投縣","名間鄉","120.655","23.845","290"
"52","236299","20220623022000","53","0","南投縣","名間鄉","120.695","23.810","47"
"83","236318","20220623022000","77","1","彰化縣","二水鄉","120.635","23.830","89"
"446","236322","20220623022000","369","2","南投縣","名間鄉","120.630","23.840","435"
"201","236329","20220623022000","157","2","彰化縣","溪州鄉","120.515","23.830","207"
"136","236334","20220623022000","104","2","彰化縣","溪州鄉","120.520","23.835","132"
"12","236347","20220623022000","37","0","彰化縣","溪州鄉","120.510","23.845","13"
"168","236374","20220623022000","142","1","彰化縣","溪州鄉","120.580","23.820","170"
"302","236389","20220623022000","280","1","彰化縣","溪州鄉","120.470","23.830","304"
"357","236394","20220623022000","376","0","南投縣","名間鄉","120.695","23.835","345"
"822","236405","20220623022000","714","1","南投縣","名間鄉","120.700","23.835","789"
"36","236406","20220623022000","21","3","彰化縣","二水鄉","120.650","23.810","48"
"26","236410","20220623022000","197","0","南投縣","名間鄉","120.645","23.820","21"
"175","236415","20220623022000","132","2","南投縣","名間鄉","120.655","23.830","190"
"558","236419","20220623022000","196","3","彰化縣","大城鄉","120.345","23.845","554"
"294","236421","20220623022000","230","2","彰化縣","大城鄉","120.300","23.840","298"
"334","236449","20220623022000","246","2","彰化縣","溪州鄉","120.565","23.815","343"
"240","236455","20220623022000","203","1","彰化縣","溪州鄉","120.560","23.830","237"
"24","236462","20220623022000","295","0","雲林縣","莿桐鄉","120.540","23.765","27"
"353","236463","20220623022000","323","1","雲林縣","莿桐鄉","120.530","23.770","359"
"139","236472","20220623022000","120","1","南投縣","名間鄉","120.640","23.845","146"
"339","236479","20220623022000","235","2","南投縣","名間鄉","120.690","23.845","338"
"231","236481","20220623022000","217","1","南投縣","名間鄉","120.700","23.845","246"
"524","236492","20220623022000","454","1","雲林縣","林內鄉","120.610","23.770","514"
"150","236494","20220623022000","156","0","雲林縣","林內鄉","120.610","23.775","146"
"28","236509","20220623022000","225","0","雲林縣","林內鄉","120.625","23.775","31"
"57","236557","20220623022000","319","0","南投縣","集集鎮","120.800","23.825","56"
"166","236563","20220623022000","95","3","南投縣","集集鎮","120.765","23.820","153"
"17","236573","20220623022000","107","0","南投縣","集集鎮","120.770","23.845","23"
"116","236578","20220623022000","202","0","南投縣","集集鎮","120.815","23.825","115"
"203","236593","20220623022000","948","0","南投縣","集集鎮","120.785","23.825","179"
"305","236635","20220623022000","220","2","彰化縣","大城鄉","120.350","23.835","306"
"335","236679","20220623022000","232","2","彰化縣","大城鄉","120.275","23.845","351"
"263","236695","20220623022000","208","2","南投縣","信義鄉","120.905","23.770","263"
"23","236721","20220623022000","339","0","彰化縣","二水鄉","120.615","23.810","25"
"1105","236741","20220623022000","255","3","雲林縣","莿桐鄉","120.500","23.780","1163"
"159","236758","20220623022000","85","3","彰化縣","二水鄉","120.630","23.830","154"
"227","236765","20220623022000","509","0","彰化縣","二水鄉","120.610","23.815","210"
"309","236771","20220623022000","270","1","彰化縣","二水鄉","120.635","23.795","314"
"14","236772","20220623022000","28","0","彰化縣","二水鄉","120.640","23.795","14"
"2408","236781","20220623022000","1008","3","雲林縣","西螺鎮","120.440","23.780","2379"
"369","236785","20220623022000","290","2","雲林縣","西螺鎮","120.430","23.790","373"
"659","236786","20220623022000","110","3","雲林縣","西螺鎮","120.435","23.790","649"
"10","236796","20220623022000","218","0","彰化縣","二水鄉","120.640","23.805","12"
"38","236801","20220623022000","322","0","彰化縣","二水鄉","120.605","23.825","45"
"202","236814","20220623022000","1023","0","彰化縣","二水鄉","120.620","23.810","217"
"188","237024","20220623022000","334","0","雲林縣","莿桐鄉","120.515","23.775","163"
"382","237025","20220623022000","292","2","雲林縣","莿桐鄉","120.520","23.775","366"
"1160","237039","20220623022000","406","3","雲林縣","西螺鎮","120.435","23.800","1209"
"912","237048","20220623022000","222","3","雲林縣","西螺鎮","120.440","23.810","880"
"450","237053","20220623022000","314","2","雲林縣","西螺鎮","120.465","23.795","448"
"1375","237054","20220623022000","1125","2","雲林縣","西螺鎮","120.465","23.800","1346"
"11","237056","20220623022000","254","0","雲林縣","西螺鎮","120.465","23.765","15"
"1285","237062","20220623022000","628","3","雲林縣","西螺鎮","120.475","23.785","1245"
"253","237066","20220623022000","104","3","雲林縣","西螺鎮","120.475","23.765","280"
"34","237068","20220623022000","416","0","雲林縣","西螺鎮","120.460","23.795","48"
"870","237069","20220623022000","1002","0","雲林縣","西螺鎮","120.460","23.800","874"
"1762","237075","20220623022000","751","3","雲林縣","西螺鎮","120.440","23.800","1746"
"385","237076","20220623022000","261","2","雲林縣","西螺鎮","120.455","23.790","375"
"143","237078","20220623022000","2540","0","雲林縣","西螺鎮","120.455","23.800","133"
"14","237081","20220623022000","115","0","彰化縣","二水鄉","120.635","23.810","15"
"11","237089","20220623022000","15","0","彰化縣","二水鄉","120.640","23.800","11"
"12","237103","20220623022000","236","0","彰化縣","二水鄉","120.630","23.800","13"
"46","237115","20220623022000","30","3","彰化縣","二水鄉","120.655","23.800","37"
"416","237141","20220623022000","345","2","雲林縣","崙背鄉","120.325","23.795","399"
"191","237147","20220623022000","150","2","雲林縣","崙背鄉","120.340","23.800","189"
"145","237182","20220623022000","129","1","雲林縣","崙背鄉","120.310","23.790","142"
"215","237186","20220623022000","230","0","雲林縣","崙背鄉","120.305","23.795","193"
"30","237187","20220623022000","27","1","雲林縣","崙背鄉","120.310","23.795","29"
"947","237189","20220623022000","380","3","雲林縣","麥寮鄉","120.295","23.800","917"
"94","237228","20220623022000","62","3","彰化縣","田中鎮","120.605","23.845","105"
"29","237236","20220623022000","21","2","彰化縣","溪州鄉","120.455","23.825","24"
"187","237241","20220623022000","207","0","彰化縣","竹塘鄉","120.445","23.835","187"
"613","237255","20220623022000","578","1","雲林縣","莿桐鄉","120.565","23.775","663"
"53","237256","20220623022000","221","0","雲林縣","莿桐鄉","120.570","23.775","47"
"217","237302","20220623022000","170","2","雲林縣","莿桐鄉","120.550","23.765","223"
"15","237358","20220623022000","136","0","南投縣","竹山鎮","120.680","23.770","17"
"67","237361","20220623022000","93","0","南投縣","竹山鎮","120.680","23.775","57"
"96","237386","20220623022000","93","1","南投縣","竹山鎮","120.650","23.770","100"
"230","237414","20220623022000","210","1","南投縣","竹山鎮","120.730","23.815","216"
"186","237424","20220623022000","185","1","南投縣","竹山鎮","120.715","23.765","184"
"356","237434","20220623022000","374","0","南投縣","竹山鎮","120.705","23.780","356"
"166","237436","20220623022000","175","0","南投縣","竹山鎮","120.715","23.780","170"
"315","237453","20220623022000","284","1","南投縣","竹山鎮","120.695","23.770","296"
"189","237489","20220623022000","125","3","彰化縣","竹塘鄉","120.400","23.845","191"
"34","237498","20220623022000","433","0","雲林縣","麥寮鄉","120.240","23.770","49"
"199","237499","20220623022000","88","3","雲林縣","麥寮鄉","120.245","23.770","209"
"22","237516","20220623022000","219","0","雲林縣","崙背鄉","120.355","23.765","24"
"122","237531","20220623022000","96","2","南投縣","竹山鎮","120.750","23.815","127"
"354","237559","20220623022000","314","1","南投縣","竹山鎮","120.715","23.800","336"
"135","237593","20220623022000","149","0","南投縣","魚池鄉","120.895","23.835","133"
"150","237595","20220623022000","211","0","南投縣","魚池鄉","120.905","23.835","159"
"357","237603","20220623022000","373","0","南投縣","竹山鎮","120.715","23.805","350"
"289","237607","20220623022000","164","3","南投縣","竹山鎮","120.730","23.810","276"
"269","237611","20220623022000","256","1","南投縣","竹山鎮","120.725","23.810","296"
"99","237614","20220623022000","227","0","南投縣","竹山鎮","120.720","23.815","152"
"12","237626","20220623022000","10","2","南投縣","魚池鄉","120.915","23.835","12"
"81","237670","20220623022000","66","2","南投縣","魚池鄉","120.885","23.820","86"
"368","237685","20220623022000","323","1","雲林縣","麥寮鄉","120.290","23.765","373"
"93","237741","20220623022000","58","3","南投縣","集集鎮","120.760","23.830","71"
"51","237745","20220623022000","59","0","南投縣","集集鎮","120.760","23.835","72"
"154","237775","20220623022000","101","3","南投縣","集集鎮","120.750","23.840","175"
"41","237785","20220623022000","165","0","南投縣","集集鎮","120.745","23.830","222"
"32","237788","20220623022000","24","2","南投縣","集集鎮","120.740","23.835","32"
"37","237801","20220623022000","243","0","南投縣","集集鎮","120.780","23.825","42"
"263","237819","20220623022000","169","3","雲林縣","莿桐鄉","120.505","23.765","252"
"293","237826","20220623022000","219","2","雲林縣","莿桐鄉","120.520","23.765","286"
"1062","237833","20220623022000","447","3","雲林縣","西螺鎮","120.480","23.770","1059"
"365","237848","20220623022000","311","1","雲林縣","麥寮鄉","120.290","23.795","387"
"1829","237860","20220623022000","1476","2","雲林縣","麥寮鄉","120.275","23.795","1840"
"511","237864","20220623022000","306","3","雲林縣","麥寮鄉","120.280","23.795","474"
"19","237872","20220623022000","114","0","彰化縣","田中鎮","120.560","23.845","15"
"146","237874","20220623022000","106","2","彰化縣","田中鎮","120.570","23.845","153"
"73","237878","20220623022000","53","2","彰化縣","田中鎮","120.580","23.840","70"
"290","237881","20220623022000","300","0","彰化縣","田中鎮","120.595","23.840","302"
"48","237884","20220623022000","361","0","彰化縣","田中鎮","120.595","23.845","64"
"275","237895","20220623022000","186","2","彰化縣","田中鎮","120.595","23.830","286"
"83","237900","20220623022000","446","0","雲林縣","莿桐鄉","120.535","23.775","75"
"50","240440","20220623022000","48","1","花蓮縣","壽豐鄉","121.605","23.885","48"
"204","242904","20220623022000","152","2","花蓮縣","秀林鄉","121.500","23.920","227"
"189","242957","20220623022000","132","2","花蓮縣","壽豐鄉","121.530","23.865","174"
"140","242963","20220623022000","124","1","花蓮縣","壽豐鄉","121.525","23.870","141"
"908","242988","20220623022000","711","2","花蓮縣","壽豐鄉","121.510","23.870","933"
"673","243010","20220623022000","576","1","花蓮縣","壽豐鄉","121.520","23.890","704"
"28","243014","20220623022000","64","0","花蓮縣","壽豐鄉","121.540","23.890","29"
"328","243023","20220623022000","512","0","花蓮縣","壽豐鄉","121.555","23.895","414"
"64","243053","20220623022000","677","0","花蓮縣","壽豐鄉","121.535","23.895","467"
"211","243054","20220623022000","424","0","花蓮縣","壽豐鄉","121.540","23.895","338"
"269","243055","20220623022000","285","0","花蓮縣","壽豐鄉","121.545","23.895","360"
"352","243057","20220623022000","325","1","花蓮縣","壽豐鄉","121.530","23.895","368"
"417","243065","20220623022000","538","0","花蓮縣","壽豐鄉","121.530","23.900","545"
"433","243069","20220623022000","914","0","花蓮縣","壽豐鄉","121.550","23.900","705"
"883","243073","20220623022000","997","0","花蓮縣","壽豐鄉","121.530","23.905","958"
"150","243089","20220623022000","92","3","花蓮縣","壽豐鄉","121.520","23.915","174"
"100","243103","20220623022000","60","3","花蓮縣","壽豐鄉","121.550","23.920","108"
"71","243143","20220623022000","63","1","花蓮縣","壽豐鄉","121.555","23.865","71"
"44","243149","20220623022000","67","0","花蓮縣","壽豐鄉","121.555","23.870","64"
"43","243164","20220623022000","35","2","花蓮縣","壽豐鄉","121.585","23.880","48"
"48","243184","20220623022000","32","3","花蓮縣","壽豐鄉","121.595","23.905","44"
"40","243230","20220623022000","79","0","花蓮縣","壽豐鄉","121.520","23.845","36"
"496","243249","20220623022000","446","1","花蓮縣","壽豐鄉","121.495","23.850","495"
"496","243255","20220623022000","474","1","花蓮縣","壽豐鄉","121.490","23.855","524"
"106","243262","20220623022000","94","1","花蓮縣","壽豐鄉","121.485","23.855","107"
"123","243315","20220623022000","66","3","花蓮縣","壽豐鄉","121.600","23.870","125"
"33","243324","20220623022000","31","1","花蓮縣","壽豐鄉","121.590","23.885","33"
"152","243338","20220623022000","170","0","花蓮縣","壽豐鄉","121.600","23.905","120"
"57","243339","20220623022000","25","3","花蓮縣","壽豐鄉","121.605","23.905","67"
"664","243392","20220623022000","643","1","彰化縣","二林鎮","120.360","23.895","653"
"1156","243393","20220623022000","868","2","彰化縣","二林鎮","120.370","23.900","1154"
"334","243406","20220623022000","304","1","彰化縣","二林鎮","120.390","23.865","341"
"129","243422","20220623022000","173","0","彰化縣","二林鎮","120.415","23.910","154"
"431","243424","20220623022000","385","1","彰化縣","二林鎮","120.425","23.910","393"
"226","243439","20220623022000","212","1","彰化縣","二林鎮","120.360","23.865","223"
"404","243447","20220623022000","289","2","彰化縣","二林鎮","120.360","23.880","375"
"430","243770","20220623022000","414","1","彰化縣","二林鎮","120.365","23.890","430"
"444","243772","20220623022000","656","0","彰化縣","二林鎮","120.370","23.895","467"
"656","243777","20220623022000","461","2","彰化縣","二林鎮","120.425","23.895","676"
"373","243783","20220623022000","381","0","彰化縣","二林鎮","120.365","23.900","358"
"420","243796","20220623022000","377","1","彰化縣","二林鎮","120.440","23.875","438"
"100","243827","20220623022000","90","1","南投縣","水里鄉","120.865","23.905","94"
"309","243861","20220623022000","84","3","彰化縣","大城鄉","120.325","23.860","273"
"1149","243867","20220623022000","1099","1","彰化縣","大城鄉","120.320","23.850","1196"
"614","243900","20220623022000","580","1","彰化縣","埤頭鄉","120.470","23.915","622"
"340","243909","20220623022000","200","3","彰化縣","埤頭鄉","120.460","23.925","340"
"61","243970","20220623022000","43","2","南投縣","中寮鄉","120.800","23.905","58"
"121","244008","20220623022000","126","0","南投縣","中寮鄉","120.805","23.925","133"
"240","244044","20220623022000","136","3","南投縣","中寮鄉","120.750","23.895","255"
"25","244051","20220623022000","58","0","南投縣","中寮鄉","120.765","23.900","25"
"13","244098","20220623022000","129","0","南投縣","中寮鄉","120.790","23.860","15"
"584","244122","20220623022000","385","3","彰化縣","埤頭鄉","120.480","23.890","646"
"306","244129","20220623022000","268","1","彰化縣","埤頭鄉","120.460","23.860","284"
"38","244142","20220623022000","351","0","彰化縣","埤頭鄉","120.460","23.880","68"
"1290","244150","20220623022000","1155","1","彰化縣","埤頭鄉","120.465","23.890","1323"
"54","244159","20220623022000","383","0","南投縣","中寮鄉","120.760","23.880","60"
"136","244163","20220623022000","523","0","南投縣","中寮鄉","120.775","23.885","143"
"352","244211","20220623022000","285","2","南投縣","中寮鄉","120.735","23.895","360"
"78","244235","20220623022000","57","2","南投縣","中寮鄉","120.770","23.920","68"
"50","244247","20220623022000","270","0","南投縣","中寮鄉","120.830","23.860","57"
"109","244274","20220623022000","83","2","南投縣","中寮鄉","120.800","23.880","91"
"42","244326","20220623022000","490","0","南投縣","中寮鄉","120.710","23.895","29"
"38","244341","20220623022000","34","1","彰化縣","員林鎮","120.580","23.925","37"
"15","244380","20220623022000","19","0","南投縣","中寮鄉","120.720","23.915","14"
"126","244392","20220623022000","101","2","南投縣","中寮鄉","120.725","23.925","134"
"67","244395","20220623022000","58","1","南投縣","中寮鄉","120.740","23.925","61"
"883","244397","20220623022000","867","1","彰化縣","二林鎮","120.375","23.895","888"
"1192","244398","20220623022000","1036","1","彰化縣","二林鎮","120.380","23.895","1185"
"233","244411","20220623022000","209","1","南投縣","南投市","120.695","23.915","224"
"316","244414","20220623022000","599","0","南投縣","南投市","120.695","23.920","323"
"585","244415","20220623022000","526","1","南投縣","南投市","120.700","23.920","600"
"111","244420","20220623022000","79","2","南投縣","南投市","120.640","23.925","99"
"1550","244422","20220623022000","1611","0","南投縣","南投市","120.690","23.905","1545"
"507","244426","20220623022000","473","1","彰化縣","永靖鄉","120.545","23.920","523"
"308","244429","20220623022000","321","0","彰化縣","永靖鄉","120.570","23.925","289"
"53","244451","20220623022000","50","1","南投縣","水里鄉","120.870","23.880","53"
"667","244465","20220623022000","573","1","彰化縣","溪州鄉","120.500","23.855","656"
"135","244468","20220623022000","129","1","彰化縣","溪州鄉","120.505","23.860","139"
"145","244477","20220623022000","173","0","南投縣","南投市","120.635","23.905","149"
"387","244478","20220623022000","377","1","南投縣","南投市","120.640","23.905","373"
"12","244480","20220623022000","13","0","南投縣","南投市","120.635","23.910","11"
"28","244488","20220623022000","33","0","彰化縣","社頭鄉","120.635","23.920","39"
"125","244490","20220623022000","135","0","南投縣","南投市","120.650","23.920","129"
"484","244492","20220623022000","597","0","彰化縣","永靖鄉","120.535","23.920","468"
"345","244498","20220623022000","334","1","彰化縣","永靖鄉","120.515","23.915","330"
"422","244499","20220623022000","318","2","彰化縣","永靖鄉","120.520","23.915","402"
"455","244512","20220623022000","514","0","彰化縣","永靖鄉","120.560","23.920","446"
"93","244516","20220623022000","375","0","彰化縣","永靖鄉","120.535","23.925","95"
"1364","244517","20220623022000","1613","0","彰化縣","永靖鄉","120.540","23.925","1378"
"343","244520","20220623022000","237","2","彰化縣","永靖鄉","120.560","23.910","346"
"26","244530","20220623022000","266","0","彰化縣","永靖鄉","120.545","23.910","27"
"107","244534","20220623022000","101","1","彰化縣","田尾鄉","120.530","23.910","101"
"42","244537","20220623022000","440","0","彰化縣","永靖鄉","120.550","23.920","34"
"28","244540","20220623022000","482","0","彰化縣","永靖鄉","120.550","23.925","38"
"59","244544","20220623022000","466","0","彰化縣","永靖鄉","120.505","23.920","59"
"418","244566","20220623022000","100","3","彰化縣","大城鄉","120.285","23.865","406"
"216","244576","20220623022000","31","3","彰化縣","大城鄉","120.290","23.870","210"
"543","244605","20220623022000","460","1","彰化縣","芳苑鄉","120.345","23.910","563"
"12","244609","20220623022000","302","0","彰化縣","芳苑鄉","120.350","23.915","13"
"266","244612","20220623022000","187","2","彰化縣","芳苑鄉","120.350","23.920","255"
"21","244615","20220623022000","17","2","彰化縣","芳苑鄉","120.355","23.925","18"
"256","244624","20220623022000","102","3","彰化縣","芳苑鄉","120.315","23.895","257"
"69","244639","20220623022000","53","2","彰化縣","芳苑鄉","120.305","23.905","57"
"1136","244674","20220623022000","947","1","南投縣","南投市","120.695","23.900","1181"
"22","244675","20220623022000","38","0","南投縣","南投市","120.685","23.925","13"
"55","244677","20220623022000","81","0","南投縣","南投市","120.695","23.925","61"
"241","244693","20220623022000","315","0","南投縣","南投市","120.680","23.895","338"
"26","244694","20220623022000","20","2","南投縣","南投市","120.685","23.895","27"
"2113","244695","20220623022000","1912","1","南投縣","南投市","120.685","23.900","1981"
"363","244696","20220623022000","313","1","南投縣","南投市","120.690","23.900","344"
"184","244697","20220623022000","161","1","彰化縣","溪州鄉","120.480","23.850","191"
"35","244698","20220623022000","309","0","彰化縣","溪州鄉","120.485","23.850","46"
"597","244700","20220623022000","565","1","彰化縣","溪州鄉","120.495","23.850","579"
"690","244706","20220623022000","730","0","南投縣","南投市","120.680","23.910","680"
"400","244716","20220623022000","296","2","南投縣","南投市","120.675","23.900","417"
"262","244717","20220623022000","253","1","南投縣","南投市","120.680","23.905","250"
"1335","244720","20220623022000","936","2","南投縣","南投市","120.675","23.905","1333"
"29","244738","20220623022000","23","2","南投縣","埔里鎮","120.990","23.925","23"
"137","244739","20220623022000","133","1","南投縣","埔里鎮","120.995","23.925","142"
"87","244741","20220623022000","87","1","南投縣","仁愛鄉","121.010","23.925","96"
"518","244742","20220623022000","597","0","彰化縣","溪州鄉","120.495","23.855","530"
"16","244748","20220623022000","27","0","彰化縣","溪州鄉","120.515","23.850","16"
"38","244772","20220623022000","33","1","南投縣","水里鄉","120.865","23.855","30"
"219","244790","20220623022000","157","2","南投縣","名間鄉","120.675","23.870","237"
"248","244793","20220623022000","230","1","彰化縣","田中鎮","120.625","23.855","263"
"119","244800","20220623022000","74","3","南投縣","名間鄉","120.630","23.855","124"
"155","244806","20220623022000","102","3","南投縣","名間鄉","120.635","23.860","129"
"618","244815","20220623022000","465","2","南投縣","名間鄉","120.705","23.875","622"
"147","244846","20220623022000","93","3","南投縣","名間鄉","120.635","23.880","142"
"538","244854","20220623022000","305","3","南投縣","南投市","120.690","23.910","561"
"801","244855","20220623022000","736","1","南投縣","南投市","120.690","23.915","791"
"99","244860","20220623022000","118","0","南投縣","南投市","120.655","23.915","102"
"845","244865","20220623022000","656","2","南投縣","南投市","120.665","23.920","847"
"833","244867","20220623022000","553","3","南投縣","南投市","120.675","23.920","869"
"709","244868","20220623022000","743","0","南投縣","南投市","120.680","23.920","743"
"611","244869","20220623022000","457","2","南投縣","南投市","120.670","23.925","618"
"677","244870","20220623022000","630","1","南投縣","南投市","120.675","23.925","660"
"1174","244872","20220623022000","845","2","南投縣","南投市","120.685","23.910","1188"
"1791","244873","20220623022000","1701","1","南投縣","南投市","120.685","23.905","1752"
"177","244874","20220623022000","170","1","南投縣","南投市","120.705","23.900","167"
"46","244875","20220623022000","46","1","南投縣","南投市","120.710","23.900","42"
"114","244880","20220623022000","83","2","南投縣","南投市","120.695","23.905","118"
"452","244881","20220623022000","332","2","南投縣","南投市","120.700","23.905","424"
"404","244890","20220623022000","489","0","南投縣","南投市","120.705","23.915","417"
"691","244893","20220623022000","640","1","彰化縣","溪州鄉","120.495","23.865","690"
"521","244909","20220623022000","505","1","彰化縣","埤頭鄉","120.460","23.890","511"
"688","244910","20220623022000","662","1","彰化縣","埤頭鄉","120.455","23.895","695"
"607","244911","20220623022000","523","1","彰化縣","埤頭鄉","120.460","23.895","592"
"500","244918","20220623022000","392","2","彰化縣","埤頭鄉","120.495","23.885","518"
"554","244922","20220623022000","446","2","彰化縣","埤頭鄉","120.495","23.890","550"
"250","244924","20220623022000","195","2","彰化縣","埤頭鄉","120.480","23.895","244"
"381","244925","20220623022000","388","0","彰化縣","埤頭鄉","120.485","23.895","392"
"623","244953","20220623022000","559","1","彰化縣","北斗鎮","120.515","23.875","629"
"410","244955","20220623022000","243","3","彰化縣","北斗鎮","120.515","23.865","413"
"57","244956","20220623022000","386","0","彰化縣","北斗鎮","120.520","23.865","53"
"486","244958","20220623022000","923","0","彰化縣","北斗鎮","120.520","23.870","474"
"524","244960","20220623022000","442","1","彰化縣","埤頭鄉","120.460","23.850","499"
"279","244961","20220623022000","245","1","彰化縣","埤頭鄉","120.465","23.850","277"
"209","244970","20220623022000","147","2","南投縣","名間鄉","120.645","23.865","226"
"165","244972","20220623022000","215","0","南投縣","名間鄉","120.650","23.870","150"
"918","244974","20220623022000","694","2","南投縣","名間鄉","120.655","23.870","882"
"375","244987","20220623022000","354","1","南投縣","名間鄉","120.670","23.850","384"
"341","244993","20220623022000","337","1","南投縣","名間鄉","120.675","23.855","322"
"810","245005","20220623022000","632","2","南投縣","名間鄉","120.695","23.865","766"
"199","245007","20220623022000","202","0","南投縣","名間鄉","120.685","23.870","187"
"343","245016","20220623022000","213","3","南投縣","名間鄉","120.685","23.880","334"
"83","245017","20220623022000","434","0","南投縣","名間鄉","120.690","23.880","86"
"157","245037","20220623022000","150","1","南投縣","名間鄉","120.705","23.865","150"
"242","245042","20220623022000","245","0","彰化縣","溪州鄉","120.525","23.850","246"
"310","245076","20220623022000","32","3","彰化縣","大城鄉","120.295","23.885","354"
"20","245099","20220623022000","164","0","彰化縣","大城鄉","120.300","23.890","463"
"31","245150","20220623022000","199","0","彰化縣","大城鄉","120.295","23.855","35"
"189","245157","20220623022000","184","1","彰化縣","北斗鎮","120.530","23.855","171"
"1201","245161","20220623022000","1204","0","彰化縣","北斗鎮","120.530","23.870","1240"
"188","245165","20220623022000","173","1","彰化縣","北斗鎮","120.545","23.870","199"
"397","245169","20220623022000","284","2","彰化縣","芳苑鄉","120.320","23.920","389"
"80","245184","20220623022000","50","3","南投縣","名間鄉","120.625","23.850","78"
"120","245191","20220623022000","126","0","南投縣","名間鄉","120.690","23.850","122"
"158","245192","20220623022000","124","2","南投縣","名間鄉","120.695","23.850","164"
"1352","245211","20220623022000","348","3","彰化縣","大城鄉","120.290","23.860","1344"
"132","245214","20220623022000","71","3","彰化縣","大城鄉","120.300","23.865","136"
"212","245216","20220623022000","55","3","彰化縣","大城鄉","120.300","23.870","201"
"569","245296","20220623022000","250","3","南投縣","南投市","120.635","23.895","572"
"431","245305","20220623022000","306","2","南投縣","南投市","120.660","23.925","400"
"28","245312","20220623022000","159","0","南投縣","南投市","120.665","23.910","29"
"380","245314","20220623022000","1219","0","南投縣","南投市","120.675","23.910","353"
"894","245316","20220623022000","1319","0","南投縣","南投市","120.680","23.915","878"
"1441","245320","20220623022000","950","3","彰化縣","北斗鎮","120.520","23.880","1423"
"640","245325","20220623022000","521","2","彰化縣","北斗鎮","120.530","23.875","668"
"359","245329","20220623022000","239","3","彰化縣","北斗鎮","120.535","23.880","342"
"39","245332","20220623022000","634","0","彰化縣","北斗鎮","120.525","23.870","34"
"553","245335","20220623022000","169","3","彰化縣","大城鄉","120.310","23.875","577"
"327","245353","20220623022000","227","2","彰化縣","大城鄉","120.315","23.870","313"
"321","245376","20220623022000","271","1","彰化縣","北斗鎮","120.510","23.880","321"
"35","245379","20220623022000","243","0","彰化縣","田尾鄉","120.515","23.890","24"
"358","245489","20220623022000","299","1","南投縣","仁愛鄉","120.990","23.905","362"
"37","245503","20220623022000","23","3","南投縣","仁愛鄉","121.005","23.910","32"
"21","245515","20220623022000","23","0","南投縣","埔里鎮","121.010","23.920","22"
"23","245723","20220623022000","16","2","南投縣","仁愛鄉","121.025","23.910","25"
"295","245728","20220623022000","300","0","南投縣","仁愛鄉","121.050","23.910","281"
"34","245748","20220623022000","74","0","南投縣","仁愛鄉","121.030","23.920","32"
"149","246363","20220623022000","362","0","彰化縣","北斗鎮","120.525","23.880","154"
"205","246370","20220623022000","215","0","彰化縣","北斗鎮","120.555","23.855","213"
"512","246377","20220623022000","409","2","彰化縣","北斗鎮","120.550","23.865","510"
"279","246388","20220623022000","219","2","彰化縣","埤頭鄉","120.455","23.850","288"
"378","246394","20220623022000","274","2","彰化縣","二林鎮","120.410","23.920","380"
"19","246402","20220623022000","386","0","彰化縣","二林鎮","120.365","23.895","17"
"645","246404","20220623022000","469","2","彰化縣","二林鎮","120.405","23.895","637"
"192","246436","20220623022000","230","0","彰化縣","芳苑鄉","120.380","23.925","189"
"628","246446","20220623022000","461","2","彰化縣","芳苑鄉","120.330","23.895","612"
"157","246468","20220623022000","123","2","彰化縣","芳苑鄉","120.330","23.915","166"
"174","246471","20220623022000","110","3","彰化縣","芳苑鄉","120.335","23.920","163"
"948","246472","20220623022000","862","1","彰化縣","北斗鎮","120.525","23.875","948"
"234","246476","20220623022000","178","2","彰化縣","北斗鎮","120.560","23.850","225"
"34","246477","20220623022000","73","0","彰化縣","北斗鎮","120.540","23.855","62"
"74","246480","20220623022000","61","2","彰化縣","北斗鎮","120.550","23.855","66"
"478","246488","20220623022000","334","2","彰化縣","北斗鎮","120.535","23.870","482"
"137","246493","20220623022000","110","2","彰化縣","二林鎮","120.395","23.890","132"
"387","246499","20220623022000","284","2","彰化縣","大城鄉","120.315","23.850","405"
"212","246518","20220623022000","240","0","南投縣","南投市","120.670","23.890","212"
"594","246522","20220623022000","540","1","南投縣","南投市","120.690","23.890","611"
"1056","246530","20220623022000","978","1","彰化縣","社頭鄉","120.605","23.915","1081"
"560","246531","20220623022000","268","3","彰化縣","田中鎮","120.585","23.875","544"
"66","246534","20220623022000","175","0","彰化縣","田中鎮","120.575","23.865","190"
"335","246537","20220623022000","173","3","彰化縣","田中鎮","120.575","23.875","336"
"83","246545","20220623022000","85","0","彰化縣","田尾鄉","120.510","23.905","76"
"457","246547","20220623022000","337","2","彰化縣","竹塘鄉","120.415","23.850","446"
"449","246558","20220623022000","501","0","彰化縣","田尾鄉","120.535","23.905","452"
"1758","246566","20220623022000","819","3","彰化縣","社頭鄉","120.580","23.895","1736"
"1234","246568","20220623022000","596","3","彰化縣","社頭鄉","120.580","23.900","1246"
"2205","246569","20220623022000","1096","3","彰化縣","社頭鄉","120.580","23.905","2219"
"68","246573","20220623022000","245","0","彰化縣","田尾鄉","120.525","23.885","61"
"186","246574","20220623022000","326","0","彰化縣","田尾鄉","120.530","23.885","196"
"149","246579","20220623022000","113","2","彰化縣","田尾鄉","120.535","23.890","163"
"533","246581","20220623022000","426","2","彰化縣","田尾鄉","120.535","23.895","546"
"853","246583","20220623022000","751","1","彰化縣","田尾鄉","120.530","23.900","849"
"18","246608","20220623022000","38","0","彰化縣","社頭鄉","120.620","23.925","18"
"1444","246615","20220623022000","1312","1","彰化縣","竹塘鄉","120.430","23.855","1432"
"645","246618","20220623022000","656","0","彰化縣","竹塘鄉","120.420","23.875","596"
"207","246630","20220623022000","168","2","彰化縣","竹塘鄉","120.375","23.850","219"
"2452","246654","20220623022000","764","3","彰化縣","社頭鄉","120.585","23.900","2476"
"1238","246659","20220623022000","416","3","彰化縣","社頭鄉","120.585","23.890","1210"
"389","246669","20220623022000","227","3","彰化縣","竹塘鄉","120.445","23.860","380"
"427","246711","20220623022000","268","3","南投縣","魚池鄉","120.910","23.860","434"
"200","246720","20220623022000","183","1","南投縣","魚池鄉","120.900","23.865","222"
"179","246722","20220623022000","215","0","南投縣","魚池鄉","120.910","23.865","160"
"242","246735","20220623022000","140","3","南投縣","魚池鄉","120.925","23.870","199"
"276","246739","20220623022000","228","2","南投縣","魚池鄉","120.935","23.895","269"
"506","246741","20220623022000","372","2","南投縣","魚池鄉","120.935","23.900","518"
"550","246742","20220623022000","439","2","南投縣","魚池鄉","120.940","23.900","494"
"232","246747","20220623022000","254","0","彰化縣","芳苑鄉","120.350","23.900","234"
"308","246748","20220623022000","253","2","彰化縣","二林鎮","120.355","23.900","310"
"158","246749","20220623022000","138","1","彰化縣","芳苑鄉","120.360","23.900","159"
"35","246750","20220623022000","24","2","彰化縣","芳苑鄉","120.345","23.905","32"
"170","246758","20220623022000","131","2","彰化縣","芳苑鄉","120.355","23.920","165"
"259","246770","20220623022000","262","0","彰化縣","芳苑鄉","120.335","23.890","246"
"21","246777","20220623022000","28","0","南投縣","魚池鄉","120.925","23.875","17"
"244","246788","20220623022000","183","2","南投縣","魚池鄉","120.925","23.885","238"
"145","246822","20220623022000","88","3","南投縣","魚池鄉","120.905","23.880","143"
"13","246823","20220623022000","12","1","南投縣","魚池鄉","120.875","23.885","14"
"18","246824","20220623022000","105","0","南投縣","魚池鄉","120.880","23.885","18"
"51","246826","20220623022000","69","0","南投縣","魚池鄉","120.890","23.885","70"
"15","246832","20220623022000","17","0","南投縣","魚池鄉","120.880","23.890","17"
"18","246857","20220623022000","16","1","南投縣","魚池鄉","120.890","23.905","22"
"23","246858","20220623022000","26","0","南投縣","魚池鄉","120.895","23.905","20"
"20","246870","20220623022000","19","1","南投縣","魚池鄉","120.890","23.910","18"
"83","246893","20220623022000","92","0","南投縣","魚池鄉","120.955","23.900","95"
"195","246906","20220623022000","157","2","南投縣","魚池鄉","120.955","23.910","191"
"119","246920","20220623022000","124","0","南投縣","魚池鄉","120.965","23.915","125"
"58","246922","20220623022000","85","0","南投縣","魚池鄉","120.965","23.920","56"
"18","246930","20220623022000","21","0","南投縣","魚池鄉","120.950","23.865","15"
"69","246935","20220623022000","81","0","南投縣","魚池鄉","120.945","23.870","72"
"28","246941","20220623022000","77","0","南投縣","魚池鄉","120.950","23.875","28"
"252","246945","20220623022000","164","3","南投縣","魚池鄉","120.950","23.880","250"
"25","246955","20220623022000","278","0","南投縣","魚池鄉","120.905","23.905","30"
"316","246964","20220623022000","307","1","南投縣","魚池鄉","120.920","23.910","323"
"43","246970","20220623022000","34","2","南投縣","魚池鄉","120.920","23.915","31"
"232","246989","20220623022000","227","1","南投縣","魚池鄉","120.925","23.910","252"
"158","247005","20220623022000","130","2","南投縣","魚池鄉","120.945","23.925","205"
"644","247013","20220623022000","475","2","南投縣","魚池鄉","120.930","23.850","639"
"24","247024","20220623022000","33","0","南投縣","魚池鄉","120.935","23.855","24"
"430","247088","20220623022000","402","1","南投縣","魚池鄉","120.965","23.890","448"
"572","247100","20220623022000","337","3","南投縣","魚池鄉","120.940","23.895","595"
"27","247101","20220623022000","24","1","南投縣","魚池鄉","120.945","23.895","22"
"81","247117","20220623022000","48","3","彰化縣","竹塘鄉","120.400","23.860","82"
"169","247119","20220623022000","155","1","彰化縣","竹塘鄉","120.410","23.860","186"
"1060","247156","20220623022000","892","1","彰化縣","社頭鄉","120.595","23.900","1024"
"41","247158","20220623022000","201","0","彰化縣","田尾鄉","120.550","23.890","234"
"118","247160","20220623022000","99","1","彰化縣","田尾鄉","120.555","23.895","119"
"15","247163","20220623022000","287","0","彰化縣","田尾鄉","120.560","23.900","12"
"580","247166","20220623022000","604","0","彰化縣","田尾鄉","120.525","23.905","590"
"34","247170","20220623022000","15","3","彰化縣","田尾鄉","120.520","23.890","32"
"540","247187","20220623022000","582","0","彰化縣","田尾鄉","120.500","23.920","559"
"79","247189","20220623022000","604","0","彰化縣","溪湖鎮","120.475","23.925","74"
"2575","247194","20220623022000","538","3","彰化縣","社頭鄉","120.585","23.895","2580"
"308","247207","20220623022000","254","2","彰化縣","社頭鄉","120.605","23.895","309"
"31","247218","20220623022000","171","0","彰化縣","田尾鄉","120.540","23.885","22"
"376","247222","20220623022000","672","0","彰化縣","田中鎮","120.585","23.865","367"
"427","247224","20220623022000","409","1","彰化縣","田中鎮","120.585","23.850","460"
"46","247227","20220623022000","680","0","彰化縣","田中鎮","120.600","23.855","42"
"1140","247235","20220623022000","891","2","彰化縣","田中鎮","120.590","23.855","1123"
"40","247238","20220623022000","48","0","彰化縣","田尾鄉","120.530","23.895","37"
"213","247244","20220623022000","159","2","彰化縣","北斗鎮","120.545","23.880","216"
"44","247248","20220623022000","37","1","彰化縣","田尾鄉","120.550","23.885","37"
"293","247250","20220623022000","221","2","彰化縣","田尾鄉","120.560","23.890","292"
"107","247251","20220623022000","100","1","彰化縣","田尾鄉","120.565","23.890","115"
"16","247253","20220623022000","404","0","彰化縣","田尾鄉","120.535","23.900","20"
"77","247259","20220623022000","841","0","彰化縣","田尾鄉","120.550","23.900","76"
"521","247268","20220623022000","445","1","彰化縣","社頭鄉","120.585","23.920","543"
"51","247277","20220623022000","52","0","彰化縣","社頭鄉","120.615","23.885","54"
"418","247283","20220623022000","338","2","彰化縣","社頭鄉","120.610","23.890","408"
"24","247286","20220623022000","23","1","彰化縣","社頭鄉","120.570","23.910","23"
"37","247288","20220623022000","48","0","彰化縣","永靖鄉","120.575","23.915","43"
"51","247290","20220623022000","41","2","彰化縣","永靖鄉","120.575","23.920","54"
"23","247291","20220623022000","335","0","彰化縣","社頭鄉","120.595","23.920","28"
"21","247293","20220623022000","314","0","彰化縣","社頭鄉","120.605","23.920","20"
"550","247305","20220623022000","542","1","彰化縣","北斗鎮","120.570","23.850","548"
"279","247308","20220623022000","229","2","彰化縣","田中鎮","120.575","23.855","287"
"662","247312","20220623022000","544","2","彰化縣","田中鎮","120.605","23.855","641"
"478","247316","20220623022000","1082","0","彰化縣","田中鎮","120.580","23.860","479"
"401","247328","20220623022000","366","1","彰化縣","社頭鄉","120.575","23.900","428"
"336","247336","20220623022000","286","1","彰化縣","社頭鄉","120.610","23.905","344"
"13","247347","20220623022000","11","1","彰化縣","社頭鄉","120.630","23.905","17"
"445","247352","20220623022000","414","1","彰化縣","田中鎮","120.560","23.865","429"
"159","247353","20220623022000","168","0","彰化縣","田中鎮","120.565","23.865","151"
"171","247359","20220623022000","112","3","彰化縣","田中鎮","120.590","23.865","205"
"550","247361","20220623022000","511","1","彰化縣","田中鎮","120.585","23.870","532"
"461","247365","20220623022000","451","1","彰化縣","田中鎮","120.585","23.860","445"
"186","247366","20220623022000","166","1","彰化縣","田中鎮","120.570","23.875","181"
"12","247367","20220623022000","212","0","彰化縣","田中鎮","120.560","23.880","14"
"291","247377","20220623022000","265","1","彰化縣","田中鎮","120.605","23.870","302"
"145","247383","20220623022000","138","1","彰化縣","田中鎮","120.605","23.875","144"
"254","247399","20220623022000","226","1","彰化縣","田中鎮","120.595","23.855","257"
"60","247400","20220623022000","220","0","彰化縣","田中鎮","120.590","23.860","68"
"665","247403","20220623022000","307","3","彰化縣","社頭鄉","120.590","23.900","679"
"920","247409","20220623022000","297","3","彰化縣","社頭鄉","120.585","23.885","923"
"47","247637","20220623022000","24","3","花蓮縣","壽豐鄉","121.610","23.920","34"
"145","252412","20220623022000","117","2","花蓮縣","花蓮市","121.640","23.995","124"
"56","252926","20220623022000","47","1","臺中市","霧峰區","120.705","24.010","56"
"204","253141","20220623022000","145","2","花蓮縣","秀林鄉","121.505","23.945","210"
"319","253374","20220623022000","257","2","花蓮縣","秀林鄉","121.555","24.005","331"
"215","253376","20220623022000","224","0","花蓮縣","新城鄉","121.615","24.005","210"
"139","253382","20220623022000","162","0","花蓮縣","吉安鄉","121.580","23.925","146"
"194","253393","20220623022000","149","2","花蓮縣","吉安鄉","121.585","23.930","203"
"207","253400","20220623022000","163","2","花蓮縣","吉安鄉","121.580","23.935","224"
"733","253410","20220623022000","592","2","花蓮縣","吉安鄉","121.595","23.940","687"
"535","253413","20220623022000","524","1","花蓮縣","吉安鄉","121.575","23.945","531"
"1528","253414","20220623022000","1053","2","花蓮縣","吉安鄉","121.585","23.975","1505"
"196","253433","20220623022000","182","1","花蓮縣","吉安鄉","121.550","23.945","170"
"135","253436","20220623022000","114","1","花蓮縣","吉安鄉","121.525","23.945","130"
"21","253450","20220623022000","29","0","花蓮縣","吉安鄉","121.580","23.950","17"
"1401","253452","20220623022000","1054","2","花蓮縣","吉安鄉","121.590","23.950","1393"
"883","253454","20220623022000","729","2","花蓮縣","吉安鄉","121.590","23.955","886"
"515","253457","20220623022000","453","1","花蓮縣","吉安鄉","121.590","23.945","528"
"486","253463","20220623022000","386","2","花蓮縣","吉安鄉","121.600","23.945","480"
"1020","253470","20220623022000","1550","0","花蓮縣","吉安鄉","121.590","23.965","1029"
"1113","253471","20220623022000","634","3","花蓮縣","吉安鄉","121.590","23.970","1111"
"2713","253472","20220623022000","2403","1","花蓮縣","花蓮市","121.590","23.975","2707"
"1135","253475","20220623022000","1056","1","花蓮縣","吉安鄉","121.590","23.980","1095"
"291","253477","20220623022000","248","1","花蓮縣","吉安鄉","121.585","23.985","289"
"316","253478","20220623022000","279","1","花蓮縣","吉安鄉","121.585","23.980","322"
"962","253479","20220623022000","765","2","花蓮縣","花蓮市","121.600","23.985","967"
"333","253480","20220623022000","339","0","花蓮縣","吉安鄉","121.580","23.985","342"
"526","253481","20220623022000","523","1","花蓮縣","吉安鄉","121.585","23.990","525"
"2474","253482","20220623022000","1844","2","花蓮縣","花蓮市","121.595","23.990","2462"
"1917","253484","20220623022000","1382","2","花蓮縣","吉安鄉","121.580","23.970","1877"
"489","253485","20220623022000","542","0","花蓮縣","吉安鄉","121.585","23.970","535"
"157","253506","20220623022000","184","0","花蓮縣","吉安鄉","121.570","23.965","173"
"514","253507","20220623022000","346","2","花蓮縣","吉安鄉","121.575","23.965","512"
"617","253508","20220623022000","466","2","花蓮縣","吉安鄉","121.565","23.970","630"
"88","253517","20220623022000","104","0","花蓮縣","吉安鄉","121.560","23.975","79"
"1516","253520","20220623022000","1099","2","花蓮縣","吉安鄉","121.580","23.975","1552"
"643","253542","20220623022000","579","1","花蓮縣","吉安鄉","121.555","23.990","643"
"119","253545","20220623022000","150","0","花蓮縣","吉安鄉","121.570","23.990","136"
"495","253552","20220623022000","345","2","花蓮縣","吉安鄉","121.570","23.975","497"
"884","253554","20220623022000","475","3","花蓮縣","吉安鄉","121.565","23.980","904"
"1618","253555","20220623022000","1194","2","花蓮縣","吉安鄉","121.570","23.980","1711"
"425","253556","20220623022000","442","0","花蓮縣","吉安鄉","121.575","23.980","350"
"46","253557","20220623022000","37","2","花蓮縣","吉安鄉","121.555","23.985","43"
"792","253559","20220623022000","409","3","花蓮縣","吉安鄉","121.565","23.985","763"
"196","253561","20220623022000","155","2","花蓮縣","吉安鄉","121.605","23.955","208"
"739","253562","20220623022000","492","3","花蓮縣","吉安鄉","121.595","23.960","746"
"533","253563","20220623022000","457","1","花蓮縣","吉安鄉","121.600","23.960","507"
"1561","253565","20220623022000","1650","0","花蓮縣","吉安鄉","121.595","23.965","1541"
"565","253569","20220623022000","593","0","花蓮縣","吉安鄉","121.575","23.985","575"
"515","253575","20220623022000","363","2","花蓮縣","吉安鄉","121.570","23.940","517"
"567","253584","20220623022000","540","1","花蓮縣","吉安鄉","121.560","23.950","575"
"814","253594","20220623022000","734","1","花蓮縣","吉安鄉","121.550","23.965","808"
"78","253595","20220623022000","54","2","花蓮縣","吉安鄉","121.555","23.965","75"
"898","253596","20220623022000","799","1","花蓮縣","吉安鄉","121.560","23.965","920"
"1056","253597","20220623022000","731","2","花蓮縣","吉安鄉","121.565","23.965","1066"
"591","253603","20220623022000","327","3","花蓮縣","吉安鄉","121.560","23.970","535"
"424","253608","20220623022000","268","3","花蓮縣","吉安鄉","121.580","23.955","431"
"1029","253609","20220623022000","921","1","花蓮縣","吉安鄉","121.570","23.960","974"
"420","253611","20220623022000","436","0","花蓮縣","吉安鄉","121.580","23.960","415"
"394","253627","20220623022000","289","2","花蓮縣","吉安鄉","121.535","23.930","370"
"485","253648","20220623022000","457","1","花蓮縣","花蓮市","121.625","23.985","456"
"1325","253649","20220623022000","1346","0","花蓮縣","花蓮市","121.620","24.005","1336"
"76","253650","20220623022000","59","2","彰化縣","二林鎮","120.420","23.955","82"
"102","253656","20220623022000","96","1","彰化縣","二林鎮","120.415","23.965","101"
"382","253670","20220623022000","261","2","彰化縣","二林鎮","120.440","23.930","368"
"2001","253672","20220623022000","1637","2","彰化縣","員林鎮","120.580","23.955","2050"
"655","253673","20220623022000","563","1","彰化縣","員林鎮","120.585","23.955","655"
"511","253675","20220623022000","736","0","彰化縣","員林鎮","120.565","23.950","530"
"336","253677","20220623022000","307","1","彰化縣","埔心鄉","120.560","23.940","338"
"756","253681","20220623022000","712","1","彰化縣","員林鎮","120.565","23.945","772"
"18","253686","20220623022000","11","3","彰化縣","員林鎮","120.610","23.980","12"
"1543","253688","20220623022000","1272","2","彰化縣","員林鎮","120.570","23.960","1523"
"2415","253689","20220623022000","2251","1","彰化縣","員林鎮","120.570","23.955","2437"
"265","253764","20220623022000","189","2","花蓮縣","秀林鄉","121.505","23.960","248"
"147","253789","20220623022000","95","3","花蓮縣","秀林鄉","121.495","23.965","159"
"1319","254233","20220623022000","1797","0","花蓮縣","花蓮市","121.605","23.975","1338"
"2511","254234","20220623022000","2132","1","花蓮縣","花蓮市","121.600","23.975","2447"
"1550","254236","20220623022000","1414","1","花蓮縣","花蓮市","121.625","23.990","1490"
"670","254237","20220623022000","713","0","花蓮縣","花蓮市","121.630","23.985","678"
"1282","254238","20220623022000","1126","1","花蓮縣","花蓮市","121.630","23.990","1255"
"19","254239","20220623022000","12","3","花蓮縣","花蓮市","121.635","23.990","13"
"2187","254240","20220623022000","2054","1","花蓮縣","花蓮市","121.635","23.995","2226"
"42","254242","20220623022000","55","0","南投縣","國姓鄉","120.880","23.970","39"
"315","254247","20220623022000","275","1","南投縣","國姓鄉","120.875","23.975","165"
"215","254260","20220623022000","223","0","南投縣","國姓鄉","120.870","23.985","280"
"31","254328","20220623022000","23","2","南投縣","國姓鄉","120.830","23.945","27"
"33","254335","20220623022000","34","0","南投縣","國姓鄉","120.865","23.945","34"
"109","254346","20220623022000","92","1","南投縣","國姓鄉","120.865","23.950","121"
"30","254349","20220623022000","27","1","南投縣","中寮鄉","120.830","23.955","27"
"38","254374","20220623022000","26","2","南投縣","國姓鄉","120.860","23.960","37"
"45","254379","20220623022000","17","3","南投縣","中寮鄉","120.835","23.965","35"
"155","254397","20220623022000","126","2","南投縣","國姓鄉","120.865","23.975","187"
"768","254400","20220623022000","642","1","南投縣","埔里鎮","120.970","23.955","794"
"696","254401","20220623022000","490","2","南投縣","埔里鎮","120.990","23.945","708"
"1286","254411","20220623022000","2271","0","南投縣","埔里鎮","120.975","23.955","1274"
"2184","254415","20220623022000","1803","2","南投縣","埔里鎮","120.975","23.960","2217"
"142","254447","20220623022000","158","0","南投縣","埔里鎮","120.925","23.940","149"
"34","254450","20220623022000","43","0","南投縣","埔里鎮","120.940","23.940","33"
"133","254465","20220623022000","373","0","南投縣","埔里鎮","120.915","23.950","236"
"138","254467","20220623022000","661","0","南投縣","埔里鎮","120.925","23.950","320"
"252","254470","20220623022000","251","1","南投縣","埔里鎮","120.940","23.950","287"
"112","254481","20220623022000","133","0","南投縣","埔里鎮","120.915","23.955","122"
"195","254490","20220623022000","264","0","南投縣","埔里鎮","120.980","23.935","193"
"64","254499","20220623022000","64","1","南投縣","埔里鎮","120.995","23.940","56"
"427","254504","20220623022000","381","1","南投縣","埔里鎮","120.970","23.945","430"
"411","254506","20220623022000","376","1","南投縣","埔里鎮","120.980","23.945","438"
"521","254510","20220623022000","461","1","南投縣","埔里鎮","120.965","23.950","521"
"409","254512","20220623022000","504","0","南投縣","埔里鎮","120.975","23.950","413"
"2145","254517","20220623022000","2020","1","南投縣","埔里鎮","120.970","23.970","2161"
"381","254519","20220623022000","259","2","南投縣","埔里鎮","120.975","23.975","386"
"20","254520","20220623022000","62","0","南投縣","埔里鎮","120.970","23.980","22"
"254","254538","20220623022000","159","3","南投縣","中寮鄉","120.790","23.945","250"
"11","254548","20220623022000","11","1","南投縣","中寮鄉","120.790","23.955","12"
"432","254550","20220623022000","1199","0","南投縣","埔里鎮","120.970","23.965","440"
"267","254560","20220623022000","288","0","南投縣","埔里鎮","120.945","23.960","284"
"25","254571","20220623022000","179","0","南投縣","埔里鎮","120.930","23.970","19"
"354","254589","20220623022000","308","1","南投縣","埔里鎮","120.955","24.005","345"
"981","254592","20220623022000","939","1","南投縣","埔里鎮","120.965","23.955","989"
"17","254593","20220623022000","17","1","南投縣","埔里鎮","120.910","23.985","17"
"31","254599","20220623022000","24","2","南投縣","埔里鎮","120.915","23.990","32"
"888","254621","20220623022000","554","3","南投縣","埔里鎮","120.960","23.960","857"
"137","254622","20220623022000","111","2","南投縣","埔里鎮","120.965","23.960","126"
"56","254624","20220623022000","1055","0","南投縣","埔里鎮","120.955","23.965","58"
"499","254627","20220623022000","758","0","南投縣","埔里鎮","120.960","23.970","530"
"638","254629","20220623022000","637","1","南投縣","埔里鎮","120.955","23.975","626"
"738","254633","20220623022000","803","0","南投縣","埔里鎮","120.980","23.980","725"
"36","254641","20220623022000","211","0","南投縣","埔里鎮","120.955","23.955","34"
"449","254658","20220623022000","376","1","南投縣","埔里鎮","120.980","23.990","439"
"184","254675","20220623022000","180","1","南投縣","埔里鎮","120.960","24.000","196"
"29","254680","20220623022000","30","0","南投縣","埔里鎮","120.985","24.000","31"
"13","254694","20220623022000","360","0","南投縣","埔里鎮","120.955","23.940","19"
"370","254705","20220623022000","328","1","南投縣","埔里鎮","120.970","24.005","378"
"188","254706","20220623022000","167","1","南投縣","埔里鎮","120.975","24.005","191"
"480","254712","20220623022000","471","1","花蓮縣","花蓮市","121.610","23.970","439"
"1636","254713","20220623022000","1339","2","花蓮縣","花蓮市","121.600","23.965","1608"
"628","254714","20220623022000","562","1","花蓮縣","花蓮市","121.610","23.985","632"
"1335","254716","20220623022000","1411","0","花蓮縣","花蓮市","121.605","23.980","1324"
"1248","254717","20220623022000","1093","1","花蓮縣","花蓮市","121.600","23.980","1229"
"716","254719","20220623022000","901","0","花蓮縣","花蓮市","121.605","23.985","725"
"32","254721","20220623022000","105","0","花蓮縣","花蓮市","121.600","23.970","35"
"1513","254723","20220623022000","1963","0","花蓮縣","花蓮市","121.605","23.970","1512"
"59","254728","20220623022000","93","0","花蓮縣","花蓮市","121.615","23.985","61"
"1158","254729","20220623022000","1218","0","花蓮縣","花蓮市","121.620","24.000","1167"
"1648","254730","20220623022000","1691","0","花蓮縣","花蓮市","121.625","23.995","1639"
"736","254732","20220623022000","547","2","花蓮縣","花蓮市","121.615","23.975","645"
"322","254733","20220623022000","328","0","花蓮縣","花蓮市","121.615","23.980","291"
"1684","254735","20220623022000","1333","2","花蓮縣","吉安鄉","121.590","23.985","1688"
"104","254742","20220623022000","264","0","花蓮縣","花蓮市","121.610","24.005","111"
"36","254743","20220623022000","173","0","花蓮縣","吉安鄉","121.580","23.990","37"
"806","254745","20220623022000","501","3","花蓮縣","吉安鄉","121.590","23.990","805"
"469","254746","20220623022000","788","0","花蓮縣","花蓮市","121.585","23.995","707"
"533","254747","20220623022000","479","1","花蓮縣","花蓮市","121.590","23.995","505"
"744","254748","20220623022000","864","0","花蓮縣","花蓮市","121.595","23.995","711"
"325","254754","20220623022000","387","0","花蓮縣","花蓮市","121.590","24.005","345"
"431","254755","20220623022000","436","0","花蓮縣","花蓮市","121.595","24.005","461"
"1415","254756","20220623022000","1571","0","花蓮縣","花蓮市","121.595","23.970","1417"
"815","254757","20220623022000","726","1","花蓮縣","花蓮市","121.595","23.975","854"
"2312","254766","20220623022000","2192","1","彰化縣","員林鎮","120.570","23.970","2342"
"640","254767","20220623022000","562","1","彰化縣","員林鎮","120.575","23.970","624"
"599","254769","20220623022000","558","1","花蓮縣","花蓮市","121.610","23.975","554"
"1422","254770","20220623022000","1164","2","花蓮縣","花蓮市","121.610","23.980","1382"
"815","254771","20220623022000","759","1","花蓮縣","花蓮市","121.615","24.000","827"
"20","254772","20220623022000","31","0","花蓮縣","花蓮市","121.560","24.000","23"
"180","254777","20220623022000","178","1","花蓮縣","花蓮市","121.575","24.005","191"
"2284","254779","20220623022000","2194","1","花蓮縣","花蓮市","121.600","23.990","2265"
"795","254780","20220623022000","804","0","花蓮縣","花蓮市","121.610","23.990","797"
"2391","254781","20220623022000","2928","0","花蓮縣","花蓮市","121.605","23.990","2358"
"524","254782","20220623022000","547","0","花蓮縣","花蓮市","121.605","23.995","510"
"3219","254783","20220623022000","3070","1","花蓮縣","吉安鄉","121.575","23.990","3221"
"1482","254784","20220623022000","1765","0","花蓮縣","吉安鄉","121.565","23.995","1646"
"536","254785","20220623022000","459","1","花蓮縣","花蓮市","121.570","23.995","518"
"169","254786","20220623022000","294","0","花蓮縣","花蓮市","121.575","23.995","231"
"1076","254789","20220623022000","1153","0","花蓮縣","吉安鄉","121.595","23.985","1075"
"2218","254790","20220623022000","1716","2","花蓮縣","花蓮市","121.600","23.995","2289"
"20","254887","20220623022000","141","0","南投縣","中寮鄉","120.780","23.945","30"
"244","254901","20220623022000","219","1","南投縣","中寮鄉","120.765","23.940","231"
"228","254913","20220623022000","211","1","彰化縣","員林鎮","120.550","23.975","240"
"540","254920","20220623022000","530","1","彰化縣","員林鎮","120.580","23.935","560"
"67","254922","20220623022000","89","0","彰化縣","員林鎮","120.575","23.940","70"
"369","254925","20220623022000","321","1","彰化縣","員林鎮","120.580","23.945","353"
"64","254926","20220623022000","222","0","彰化縣","員林鎮","120.575","23.945","80"
"717","254940","20220623022000","662","1","花蓮縣","花蓮市","121.620","23.985","728"
"655","254941","20220623022000","643","1","花蓮縣","花蓮市","121.615","23.990","599"
"273","254942","20220623022000","317","0","花蓮縣","花蓮市","121.620","23.990","304"
"12","254945","20220623022000","11","1","花蓮縣","花蓮市","121.630","23.995","11"
"74","254950","20220623022000","73","1","花蓮縣","花蓮市","121.645","24.005","72"
"566","254952","20220623022000","510","1","彰化縣","埔心鄉","120.520","23.965","534"
"32","254964","20220623022000","86","0","彰化縣","芳苑鄉","120.325","23.940","28"
"344","254974","20220623022000","229","3","彰化縣","芳苑鄉","120.330","23.940","329"
"1817","255019","20220623022000","1425","2","彰化縣","員林鎮","120.565","23.965","1865"
"119","255021","20220623022000","724","0","彰化縣","員林鎮","120.600","23.965","136"
"56","255024","20220623022000","51","1","彰化縣","員林鎮","120.610","23.970","60"
"405","255030","20220623022000","366","1","彰化縣","埔心鄉","120.530","23.940","395"
"28","255038","20220623022000","600","0","彰化縣","埔鹽鄉","120.480","23.990","27"
"180","255039","20220623022000","164","1","彰化縣","埔鹽鄉","120.500","23.975","174"
"132","255044","20220623022000","257","0","南投縣","南投市","120.700","23.930","143"
"232","255046","20220623022000","191","2","南投縣","南投市","120.635","23.935","232"
"176","255053","20220623022000","155","1","南投縣","南投市","120.635","23.945","169"
"563","255063","20220623022000","635","0","彰化縣","永靖鄉","120.555","23.935","567"
"41","255064","20220623022000","372","0","彰化縣","永靖鄉","120.560","23.930","41"
"648","255065","20220623022000","579","1","彰化縣","員林鎮","120.555","23.960","622"
"376","255068","20220623022000","197","3","彰化縣","員林鎮","120.560","23.965","357"
"478","255069","20220623022000","362","2","彰化縣","員林鎮","120.555","23.970","465"
"1564","255073","20220623022000","1414","1","南投縣","南投市","120.690","23.945","1559"
"1254","255074","20220623022000","1121","1","南投縣","南投市","120.690","23.950","1250"
"33","255075","20220623022000","172","0","南投縣","南投市","120.685","23.950","30"
"49","255078","20220623022000","270","0","南投縣","南投市","120.675","23.945","49"
"50","255079","20220623022000","567","0","南投縣","南投市","120.680","23.945","42"
"141","255081","20220623022000","171","0","南投縣","草屯鎮","120.675","23.950","159"
"269","255088","20220623022000","315","0","南投縣","南投市","120.660","23.935","279"
"132","255092","20220623022000","251","0","南投縣","南投市","120.665","23.940","137"
"128","255094","20220623022000","105","2","南投縣","南投市","120.650","23.945","128"
"21","255100","20220623022000","153","0","南投縣","南投市","120.655","23.950","22"
"315","255130","20220623022000","237","2","彰化縣","芳苑鄉","120.315","23.930","322"
"16","255153","20220623022000","157","0","彰化縣","芳苑鄉","120.380","23.940","10"
"610","255158","20220623022000","437","2","彰化縣","芳苑鄉","120.380","23.955","611"
"197","255176","20220623022000","513","0","彰化縣","埔心鄉","120.555","23.940","188"
"1243","255177","20220623022000","1277","0","彰化縣","埔心鄉","120.540","23.950","1231"
"27","255178","20220623022000","587","0","彰化縣","埔心鄉","120.545","23.950","19"
"86","255179","20220623022000","83","1","彰化縣","埔心鄉","120.540","23.955","89"
"355","255199","20220623022000","283","2","彰化縣","二林鎮","120.420","23.950","348"
"407","255210","20220623022000","411","0","彰化縣","永靖鄉","120.550","23.930","393"
"391","255220","20220623022000","403","0","彰化縣","大村鄉","120.585","23.990","385"
"884","255222","20220623022000","973","0","彰化縣","大村鄉","120.580","23.995","908"
"25","255223","20220623022000","18","2","彰化縣","大村鄉","120.585","23.995","14"
"56","255227","20220623022000","56","1","彰化縣","大村鄉","120.590","23.995","57"
"115","255229","20220623022000","273","0","彰化縣","大村鄉","120.600","23.995","119"
"31","255230","20220623022000","40","0","彰化縣","大村鄉","120.605","23.995","34"
"197","255232","20220623022000","351","0","彰化縣","大村鄉","120.595","24.000","197"
"597","255234","20220623022000","508","1","彰化縣","大村鄉","120.570","23.975","556"
"713","255238","20220623022000","573","2","彰化縣","大村鄉","120.535","24.000","706"
"20","255239","20220623022000","225","0","彰化縣","大村鄉","120.540","24.000","22"
"279","255251","20220623022000","231","2","彰化縣","埔心鄉","120.515","23.970","291"
"58","255257","20220623022000","49","1","彰化縣","埔心鄉","120.540","23.965","54"
"503","255261","20220623022000","322","3","彰化縣","埔心鄉","120.555","23.950","498"
"126","255262","20220623022000","156","0","彰化縣","埔心鄉","120.550","23.955","128"
"373","255263","20220623022000","324","1","彰化縣","埔心鄉","120.555","23.955","377"
"18","255264","20220623022000","297","0","彰化縣","埔心鄉","120.545","23.960","16"
"729","255265","20220623022000","46","3","彰化縣","埔心鄉","120.560","23.945","748"
"484","255266","20220623022000","237","3","彰化縣","埔心鄉","120.550","23.945","471"
"428","255267","20220623022000","401","1","彰化縣","埔心鄉","120.555","23.945","443"
"170","255273","20220623022000","134","2","彰化縣","埔心鄉","120.515","23.940","175"
"174","255276","20220623022000","156","1","彰化縣","埔心鄉","120.525","23.950","177"
"1072","255277","20220623022000","618","3","彰化縣","埔心鄉","120.525","23.945","1070"
"292","255284","20220623022000","304","0","彰化縣","埔心鄉","120.520","23.945","321"
"583","255287","20220623022000","399","2","彰化縣","埔心鄉","120.515","23.950","565"
"292","255292","20220623022000","338","0","南投縣","埔里鎮","120.935","23.995","314"
"39","255303","20220623022000","56","0","南投縣","埔里鎮","120.945","24.000","39"
"284","255308","20220623022000","185","3","南投縣","埔里鎮","120.940","24.005","256"
"96","255309","20220623022000","259","0","南投縣","埔里鎮","120.945","24.005","98"
"599","255312","20220623022000","505","1","彰化縣","溪湖鎮","120.495","23.965","615"
"366","255322","20220623022000","317","1","彰化縣","溪湖鎮","120.510","23.970","370"
"1091","255326","20220623022000","620","3","彰化縣","大村鄉","120.545","23.995","1079"
"350","255337","20220623022000","344","1","彰化縣","大村鄉","120.555","24.000","349"
"587","255339","20220623022000","454","2","彰化縣","大村鄉","120.550","24.005","557"
"30","255345","20220623022000","428","0","彰化縣","大村鄉","120.580","24.000","22"
"90","255351","20220623022000","77","1","彰化縣","大村鄉","120.585","24.000","98"
"429","255359","20220623022000","354","2","彰化縣","大村鄉","120.550","23.980","439"
"1035","255361","20220623022000","806","2","彰化縣","大村鄉","120.565","23.980","1186"
"436","255365","20220623022000","359","2","彰化縣","大村鄉","120.540","23.975","449"
"67","255366","20220623022000","72","0","彰化縣","大村鄉","120.520","23.980","67"
"12","255371","20220623022000","78","0","彰化縣","芳苑鄉","120.355","23.935","15"
"145","255379","20220623022000","73","3","彰化縣","芳苑鄉","120.365","23.940","124"
"38","255396","20220623022000","240","0","彰化縣","芳苑鄉","120.350","23.975","41"
"443","255400","20220623022000","289","3","彰化縣","芳苑鄉","120.345","23.980","448"
"261","255443","20220623022000","219","1","彰化縣","芳苑鄉","120.390","23.980","286"
"82","255448","20220623022000","77","1","彰化縣","芳苑鄉","120.385","23.985","78"
"1723","255463","20220623022000","1464","1","南投縣","埔里鎮","120.975","23.970","1717"
"61","255464","20220623022000","331","0","彰化縣","埔心鄉","120.560","23.950","53"
"377","255466","20220623022000","319","1","南投縣","南投市","120.695","23.940","383"
"575","255472","20220623022000","533","1","南投縣","南投市","120.695","23.945","582"
"40","255475","20220623022000","34","1","南投縣","南投市","120.700","23.950","40"
"263","255480","20220623022000","449","0","南投縣","南投市","120.695","23.950","275"
"108","255482","20220623022000","114","0","南投縣","南投市","120.690","23.955","114"
"52","255490","20220623022000","204","0","南投縣","南投市","120.690","23.930","59"
"1348","255491","20220623022000","942","2","南投縣","南投市","120.695","23.930","1348"
"340","255494","20220623022000","675","0","南投縣","南投市","120.690","23.935","338"
"309","255496","20220623022000","446","0","南投縣","南投市","120.700","23.935","334"
"80","255498","20220623022000","455","0","南投縣","南投市","120.710","23.935","76"
"166","255525","20220623022000","775","0","彰化縣","芳苑鄉","120.335","23.960","151"
"109","255535","20220623022000","97","1","彰化縣","芳苑鄉","120.360","23.970","105"
"172","255545","20220623022000","127","2","彰化縣","二林鎮","120.385","23.945","163"
"165","255549","20220623022000","172","0","彰化縣","芳苑鄉","120.385","23.955","162"
"165","255550","20220623022000","129","2","彰化縣","芳苑鄉","120.390","23.955","151"
"195","255551","20220623022000","158","2","彰化縣","芳苑鄉","120.395","23.955","188"
"108","255559","20220623022000","102","1","彰化縣","芳苑鄉","120.385","23.970","113"
"78","255593","20220623022000","65","2","南投縣","國姓鄉","120.855","23.995","82"
"261","255626","20220623022000","237","1","南投縣","國姓鄉","120.840","24.005","277"
"194","255633","20220623022000","186","1","南投縣","國姓鄉","120.815","24.000","182"
"151","255636","20220623022000","104","2","南投縣","國姓鄉","120.815","24.005","156"
"322","255646","20220623022000","303","1","南投縣","埔里鎮","120.955","23.995","291"
"261","255647","20220623022000","216","2","南投縣","埔里鎮","120.960","23.965","284"
"13","255663","20220623022000","167","0","南投縣","埔里鎮","121.000","23.955","13"
"213","255680","20220623022000","193","1","南投縣","埔里鎮","121.000","23.965","226"
"649","255708","20220623022000","728","0","南投縣","埔里鎮","120.995","23.975","669"
"185","255724","20220623022000","152","2","南投縣","埔里鎮","121.005","23.980","172"
"74","255748","20220623022000","89","0","南投縣","埔里鎮","121.020","23.990","63"
"51","255778","20220623022000","103","0","南投縣","仁愛鄉","121.040","24.000","74"
"757","255785","20220623022000","904","0","南投縣","埔里鎮","120.965","23.965","771"
"30","255786","20220623022000","42","0","南投縣","埔里鎮","120.965","23.970","33"
"294","255794","20220623022000","281","1","南投縣","埔里鎮","120.990","23.930","292"
"728","255798","20220623022000","543","2","彰化縣","埔鹽鄉","120.485","24.005","715"
"522","255803","20220623022000","402","2","彰化縣","埔鹽鄉","120.475","23.995","537"
"819","255804","20220623022000","632","2","彰化縣","埔鹽鄉","120.480","23.995","797"
"244","255810","20220623022000","166","2","彰化縣","埔鹽鄉","120.455","24.010","250"
"10","255814","20220623022000","473","0","彰化縣","埔鹽鄉","120.430","23.980","17"
"324","255817","20220623022000","244","2","彰化縣","埔鹽鄉","120.445","23.960","328"
"307","255822","20220623022000","176","3","彰化縣","埔鹽鄉","120.440","23.975","323"
"707","255835","20220623022000","564","2","彰化縣","埔鹽鄉","120.465","24.000","655"
"237","255836","20220623022000","157","3","彰化縣","埔鹽鄉","120.460","24.005","257"
"722","255841","20220623022000","514","2","彰化縣","花壇鄉","120.575","24.005","729"
"218","255861","20220623022000","117","3","彰化縣","埔鹽鄉","120.450","23.985","243"
"56","255868","20220623022000","361","0","彰化縣","埔鹽鄉","120.445","23.985","99"
"351","255875","20220623022000","256","2","彰化縣","埔鹽鄉","120.465","23.970","339"
"186","255894","20220623022000","223","0","彰化縣","埔鹽鄉","120.490","23.990","195"
"18","255901","20220623022000","257","0","彰化縣","埔鹽鄉","120.490","23.975","25"
"59","255903","20220623022000","479","0","彰化縣","埔鹽鄉","120.480","23.980","54"
"595","255912","20220623022000","489","2","彰化縣","大村鄉","120.530","23.990","580"
"573","255913","20220623022000","464","2","彰化縣","大村鄉","120.535","23.990","574"
"1145","255917","20220623022000","1093","1","彰化縣","大村鄉","120.555","23.990","1142"
"152","255920","20220623022000","461","0","彰化縣","大村鄉","120.575","23.985","156"
"504","255921","20220623022000","420","2","彰化縣","大村鄉","120.580","23.985","489"
"821","255923","20220623022000","603","2","彰化縣","大村鄉","120.590","23.985","826"
"129","255924","20220623022000","106","2","彰化縣","大村鄉","120.595","23.985","139"
"164","255941","20220623022000","144","1","彰化縣","大村鄉","120.540","23.980","156"
"245","255943","20220623022000","294","0","彰化縣","大村鄉","120.540","23.985","238"
"299","255950","20220623022000","256","1","彰化縣","大村鄉","120.510","23.985","281"
"315","255953","20220623022000","202","3","彰化縣","大村鄉","120.520","23.985","339"
"106","255956","20220623022000","963","0","彰化縣","大村鄉","120.560","23.990","96"
"50","255962","20220623022000","33","3","彰化縣","埔鹽鄉","120.430","23.995","52"
"397","255975","20220623022000","228","3","彰化縣","埔鹽鄉","120.420","23.990","394"
"82","255987","20220623022000","553","0","彰化縣","埔鹽鄉","120.450","24.005","69"
"330","256002","20220623022000","548","0","南投縣","埔里鎮","120.945","23.965","342"
"93","256004","20220623022000","918","0","南投縣","埔里鎮","120.945","23.970","108"
"75","256025","20220623022000","69","1","南投縣","埔里鎮","120.890","23.955","81"
"1035","256042","20220623022000","1078","0","南投縣","埔里鎮","120.945","23.975","1044"
"423","256043","20220623022000","401","1","南投縣","埔里鎮","120.925","23.980","418"
"56","256061","20220623022000","67","0","彰化縣","員林鎮","120.605","23.950","58"
"1294","256062","20220623022000","800","3","彰化縣","員林鎮","120.605","23.955","1315"
"55","256063","20220623022000","481","0","南投縣","南投市","120.670","23.930","45"
"39","256065","20220623022000","340","0","南投縣","南投市","120.675","23.935","49"
"20","256071","20220623022000","27","0","南投縣","南投市","120.730","23.930","22"
"236","256085","20220623022000","191","2","南投縣","南投市","120.660","23.930","240"
"118","256086","20220623022000","95","2","南投縣","南投市","120.665","23.930","117"
"624","256089","20220623022000","570","1","南投縣","南投市","120.670","23.940","624"
"358","256091","20220623022000","322","1","彰化縣","員林鎮","120.570","23.965","372"
"1446","256092","20220623022000","1709","0","彰化縣","員林鎮","120.575","23.965","1443"
"1997","256094","20220623022000","1756","1","彰化縣","員林鎮","120.580","23.960","1989"
"14","256095","20220623022000","17","0","彰化縣","員林鎮","120.585","23.960","16"
"2474","256096","20220623022000","1559","3","彰化縣","員林鎮","120.580","23.965","2467"
"103","256144","20220623022000","95","1","南投縣","仁愛鄉","121.080","23.995","97"
"132","256164","20220623022000","118","1","南投縣","仁愛鄉","121.085","24.000","132"
"97","256171","20220623022000","76","2","南投縣","仁愛鄉","121.070","24.005","95"
"74","256180","20220623022000","52","2","南投縣","仁愛鄉","121.130","23.980","79"
"273","256187","20220623022000","240","1","南投縣","仁愛鄉","121.100","23.990","257"
"92","256354","20220623022000","47","3","南投縣","仁愛鄉","121.075","23.930","86"
"198","256404","20220623022000","134","2","南投縣","仁愛鄉","121.075","23.950","189"
"19","256598","20220623022000","15","2","南投縣","仁愛鄉","121.120","23.950","18"
"29","256646","20220623022000","33","0","南投縣","仁愛鄉","121.180","23.955","27"
"96","256716","20220623022000","59","3","南投縣","仁愛鄉","121.130","23.960","93"
"127","256753","20220623022000","95","2","南投縣","仁愛鄉","121.105","23.965","132"
"110","256953","20220623022000","1438","0","彰化縣","員林鎮","120.575","23.950","102"
"773","256956","20220623022000","617","2","彰化縣","員林鎮","120.595","23.960","798"
"52","256962","20220623022000","45","1","彰化縣","員林鎮","120.615","23.950","56"
"197","256968","20220623022000","161","2","彰化縣","員林鎮","120.625","23.955","188"
"24","256971","20220623022000","271","0","彰化縣","員林鎮","120.550","23.965","23"
"23","256976","20220623022000","29","0","彰化縣","員林鎮","120.605","23.945","20"
"64","256977","20220623022000","64","1","彰化縣","員林鎮","120.610","23.945","73"
"141","256978","20220623022000","161","0","彰化縣","員林鎮","120.615","23.945","137"
"1230","256982","20220623022000","1273","0","彰化縣","員林鎮","120.565","23.955","1255"
"1376","256983","20220623022000","1260","1","彰化縣","員林鎮","120.565","23.960","1366"
"480","256986","20220623022000","369","2","彰化縣","員林鎮","120.595","23.975","483"
"732","256988","20220623022000","542","2","彰化縣","大村鄉","120.590","23.980","735"
"1664","256995","20220623022000","1325","2","彰化縣","員林鎮","120.575","23.955","1680"
"87","256996","20220623022000","68","2","彰化縣","員林鎮","120.595","23.935","82"
"72","256997","20220623022000","482","0","彰化縣","員林鎮","120.605","23.935","83"
"311","257021","20220623022000","291","1","彰化縣","二林鎮","120.415","23.955","320"
"120","257028","20220623022000","83","2","彰化縣","二林鎮","120.430","23.955","118"
"452","257055","20220623022000","384","1","彰化縣","二林鎮","120.400","23.930","442"
"674","257083","20220623022000","620","1","南投縣","草屯鎮","120.670","23.950","608"
"216","257088","20220623022000","1017","0","南投縣","草屯鎮","120.680","23.960","237"
"118","257089","20220623022000","855","0","南投縣","草屯鎮","120.680","23.965","102"
"60","257092","20220623022000","580","0","彰化縣","員林鎮","120.570","23.945","50"
"566","257094","20220623022000","488","1","彰化縣","員林鎮","120.590","23.950","571"
"318","257095","20220623022000","244","2","彰化縣","員林鎮","120.595","23.950","318"
"1115","257097","20220623022000","978","1","彰化縣","員林鎮","120.570","23.950","1117"
"78","257100","20220623022000","585","0","彰化縣","員林鎮","120.585","23.970","75"
"400","257103","20220623022000","331","2","彰化縣","二林鎮","120.455","23.930","415"
"166","257115","20220623022000","147","1","彰化縣","二林鎮","120.445","23.945","164"
"943","257118","20220623022000","797","1","彰化縣","二林鎮","120.440","23.950","927"
"427","257124","20220623022000","478","0","彰化縣","員林鎮","120.590","23.940","417"
"216","257135","20220623022000","224","0","彰化縣","埔心鄉","120.510","23.940","211"
"16","257145","20220623022000","348","0","彰化縣","溪湖鎮","120.485","23.940","19"
"322","257149","20220623022000","280","1","彰化縣","溪湖鎮","120.480","23.955","326"
"161","257152","20220623022000","903","0","南投縣","草屯鎮","120.685","23.975","177"
"686","257154","20220623022000","601","1","南投縣","草屯鎮","120.725","23.980","682"
"73","257160","20220623022000","68","1","南投縣","草屯鎮","120.720","23.990","75"
"131","257162","20220623022000","130","1","南投縣","草屯鎮","120.730","23.990","140"
"511","257166","20220623022000","337","3","南投縣","草屯鎮","120.680","23.970","600"
"2039","257168","20220623022000","1877","1","南投縣","草屯鎮","120.680","23.980","2093"
"11","257171","20220623022000","415","0","南投縣","草屯鎮","120.655","24.000","13"
"451","257173","20220623022000","423","1","南投縣","草屯鎮","120.665","24.000","462"
"442","257176","20220623022000","329","2","南投縣","草屯鎮","120.650","24.005","440"
"311","257181","20220623022000","315","0","南投縣","草屯鎮","120.725","23.995","323"
"190","257193","20220623022000","110","3","南投縣","草屯鎮","120.730","24.000","179"
"624","257213","20220623022000","510","2","彰化縣","溪湖鎮","120.450","23.955","611"
"552","257215","20220623022000","501","1","彰化縣","溪湖鎮","120.460","23.955","573"
"19","257222","20220623022000","11","3","南投縣","草屯鎮","120.750","23.975","20"
"274","257229","20220623022000","212","2","南投縣","草屯鎮","120.750","23.980","288"
"327","257235","20220623022000","358","0","南投縣","草屯鎮","120.750","23.985","389"
"56","257245","20220623022000","35","3","南投縣","草屯鎮","120.720","23.955","50"
"108","257251","20220623022000","97","1","南投縣","中寮鄉","120.750","23.955","113"
"31","257266","20220623022000","27","1","南投縣","草屯鎮","120.740","23.965","32"
"173","257267","20220623022000","137","2","南投縣","草屯鎮","120.745","23.965","171"
"90","257273","20220623022000","93","0","南投縣","草屯鎮","120.705","23.960","102"
"1178","257282","20220623022000","869","2","南投縣","草屯鎮","120.705","23.975","1193"
"380","257285","20220623022000","332","1","南投縣","草屯鎮","120.695","23.980","341"
"1548","257286","20220623022000","1533","1","南投縣","草屯鎮","120.700","23.980","1557"
"935","257289","20220623022000","738","2","南投縣","草屯鎮","120.715","23.980","937"
"781","257294","20220623022000","682","1","南投縣","南投市","120.685","23.955","762"
"90","257295","20220623022000","656","0","南投縣","草屯鎮","120.685","23.960","75"
"1878","257299","20220623022000","1622","1","南投縣","草屯鎮","120.690","23.965","1862"
"16","257300","20220623022000","14","1","南投縣","草屯鎮","120.695","23.965","18"
"126","257307","20220623022000","128","0","南投縣","草屯鎮","120.775","23.985","130"
"81","257320","20220623022000","83","0","南投縣","草屯鎮","120.765","23.995","65"
"344","257342","20220623022000","463","0","南投縣","草屯鎮","120.700","23.985","356"
"14","257346","20220623022000","15","0","南投縣","草屯鎮","120.705","23.990","12"
"173","257348","20220623022000","246","0","南投縣","草屯鎮","120.715","23.990","173"
"173","257349","20220623022000","1060","0","南投縣","草屯鎮","120.690","23.995","169"
"197","257351","20220623022000","176","1","南投縣","草屯鎮","120.700","23.995","211"
"530","257354","20220623022000","577","0","南投縣","草屯鎮","120.715","23.995","550"
"497","257356","20220623022000","319","3","南投縣","草屯鎮","120.695","23.995","502"
"696","257362","20220623022000","619","1","南投縣","草屯鎮","120.695","24.000","699"
"81","257365","20220623022000","64","2","南投縣","草屯鎮","120.710","24.000","93"
"85","257366","20220623022000","135","0","南投縣","草屯鎮","120.670","23.960","88"
"410","257368","20220623022000","312","2","南投縣","草屯鎮","120.675","23.965","413"
"262","257369","20220623022000","213","2","南投縣","草屯鎮","120.670","23.970","242"
"575","257370","20220623022000","428","2","南投縣","草屯鎮","120.670","23.975","512"
"386","257373","20220623022000","310","2","南投縣","草屯鎮","120.675","23.980","372"
"861","257376","20220623022000","1182","0","南投縣","草屯鎮","120.680","23.985","879"
"282","257377","20220623022000","278","1","南投縣","草屯鎮","120.670","23.990","289"
"32","257381","20220623022000","240","0","南投縣","草屯鎮","120.670","23.995","30"
"184","257386","20220623022000","114","3","南投縣","草屯鎮","120.685","23.990","193"
"500","257387","20220623022000","442","1","南投縣","草屯鎮","120.680","23.995","506"
"45","257389","20220623022000","365","0","南投縣","草屯鎮","120.680","24.000","55"
"438","257396","20220623022000","369","1","南投縣","草屯鎮","120.680","24.005","460"
"99","257400","20220623022000","654","0","南投縣","草屯鎮","120.685","23.985","125"
"916","257401","20220623022000","750","2","南投縣","草屯鎮","120.685","23.980","881"
"64","257403","20220623022000","194","0","南投縣","草屯鎮","120.640","23.995","80"
"255","257407","20220623022000","311","0","南投縣","草屯鎮","120.660","23.995","240"
"44","257410","20220623022000","220","0","南投縣","草屯鎮","120.650","23.995","35"
"117","257415","20220623022000","148","0","南投縣","草屯鎮","120.655","23.965","136"
"729","257418","20220623022000","667","1","南投縣","草屯鎮","120.650","23.970","726"
"366","257422","20220623022000","323","1","南投縣","草屯鎮","120.650","23.975","378"
"311","257424","20220623022000","282","1","南投縣","草屯鎮","120.660","23.975","307"
"549","257425","20220623022000","481","1","南投縣","草屯鎮","120.665","23.975","570"
"81","257426","20220623022000","242","0","南投縣","草屯鎮","120.650","23.980","79"
"486","257429","20220623022000","581","0","南投縣","草屯鎮","120.665","23.950","518"
"431","257438","20220623022000","268","3","南投縣","草屯鎮","120.660","23.960","432"
"187","257439","20220623022000","218","0","南投縣","草屯鎮","120.665","23.960","179"
"271","257496","20220623022000","258","1","南投縣","草屯鎮","120.795","23.985","285"
"246","257505","20220623022000","207","1","南投縣","草屯鎮","120.795","23.990","234"
"100","257522","20220623022000","71","2","南投縣","草屯鎮","120.800","24.000","100"
"77","257550","20220623022000","312","0","彰化縣","福興鄉","120.410","24.005","75"
"114","257580","20220623022000","64","3","彰化縣","芳苑鄉","120.400","23.995","111"
"456","257591","20220623022000","359","2","彰化縣","芳苑鄉","120.365","24.000","465"
"233","257595","20220623022000","204","1","彰化縣","芳苑鄉","120.385","24.000","228"
"413","257609","20220623022000","349","1","彰化縣","芳苑鄉","120.370","24.005","404"
"183","257631","20220623022000","110","3","彰化縣","芳苑鄉","120.340","23.965","139"
"81","257632","20220623022000","669","0","彰化縣","芳苑鄉","120.345","23.965","81"
"150","257669","20220623022000","686","0","彰化縣","秀水鄉","120.510","23.995","134"
"555","257680","20220623022000","447","2","彰化縣","秀水鄉","120.520","24.000","550"
"151","257685","20220623022000","96","3","彰化縣","福興鄉","120.490","24.010","127"
"815","257686","20220623022000","665","2","彰化縣","福興鄉","120.495","24.010","807"
"21","257694","20220623022000","12","3","彰化縣","芬園鄉","120.605","24.005","18"
"379","257699","20220623022000","246","3","彰化縣","溪湖鎮","120.490","23.950","368"
"555","257700","20220623022000","549","1","彰化縣","溪湖鎮","120.495","23.950","548"
"1331","257703","20220623022000","787","3","彰化縣","溪湖鎮","120.475","23.960","1285"
"430","257704","20220623022000","280","3","彰化縣","溪湖鎮","120.465","23.965","420"
"1414","257708","20220623022000","1373","1","彰化縣","溪湖鎮","120.480","23.960","1436"
"490","257713","20220623022000","343","2","彰化縣","溪湖鎮","120.485","23.935","487"
"13","257720","20220623022000","12","1","彰化縣","溪湖鎮","120.500","23.940","16"
"25","257725","20220623022000","174","0","彰化縣","溪湖鎮","120.505","23.950","23"
"426","257727","20220623022000","384","1","彰化縣","溪湖鎮","120.490","23.955","445"
"38","257728","20220623022000","41","0","彰化縣","溪湖鎮","120.495","23.955","29"
"373","257729","20220623022000","555","0","彰化縣","溪湖鎮","120.485","23.960","372"
"206","257731","20220623022000","219","0","彰化縣","溪湖鎮","120.495","23.960","203"
"310","257733","20220623022000","253","2","彰化縣","溪湖鎮","120.490","23.965","307"
"540","257734","20220623022000","542","0","彰化縣","溪湖鎮","120.485","23.970","542"
"298","257750","20220623022000","293","1","彰化縣","芬園鄉","120.625","23.965","280"
"301","257766","20220623022000","377","0","彰化縣","溪湖鎮","120.475","23.950","298"
"697","257767","20220623022000","852","0","彰化縣","溪湖鎮","120.475","23.955","691"
"258","257778","20220623022000","205","2","彰化縣","溪湖鎮","120.475","23.970","263"
"784","257781","20220623022000","696","1","彰化縣","溪湖鎮","120.470","23.980","799"
"194","257784","20220623022000","163","1","南投縣","草屯鎮","120.670","23.980","180"
"92","257785","20220623022000","367","0","南投縣","草屯鎮","120.650","23.985","103"
"365","257788","20220623022000","479","0","南投縣","草屯鎮","120.665","23.985","363"
"322","257792","20220623022000","302","1","南投縣","草屯鎮","120.665","23.990","310"
"28","257795","20220623022000","489","0","彰化縣","社頭鄉","120.605","23.930","33"
"125","257797","20220623022000","146","0","彰化縣","社頭鄉","120.615","23.930","125"
"75","257798","20220623022000","45","3","彰化縣","社頭鄉","120.620","23.930","66"
"400","257802","20220623022000","322","2","彰化縣","芬園鄉","120.630","23.995","388"
"19","257808","20220623022000","13","2","彰化縣","芬園鄉","120.615","24.005","17"
"1324","257810","20220623022000","1058","2","彰化縣","芬園鄉","120.630","24.010","1279"
"17","257812","20220623022000","273","0","彰化縣","芬園鄉","120.640","24.010","26"
"36","257813","20220623022000","24","3","彰化縣","芬園鄉","120.645","24.010","37"
"336","257817","20220623022000","227","2","彰化縣","埔鹽鄉","120.425","23.995","332"
"22","257823","20220623022000","203","0","彰化縣","埔鹽鄉","120.430","24.005","25"
"237","257824","20220623022000","196","2","彰化縣","福興鄉","120.420","24.010","245"
"24","257825","20220623022000","12","3","彰化縣","福興鄉","120.425","24.010","16"
"138","257827","20220623022000","570","0","彰化縣","秀水鄉","120.515","24.010","160"
"277","257834","20220623022000","192","2","彰化縣","芬園鄉","120.620","23.980","264"
"210","257851","20220623022000","162","2","彰化縣","芬園鄉","120.610","23.995","202"
"84","257857","20220623022000","73","1","彰化縣","芬園鄉","120.625","24.000","90"
"19","257867","20220623022000","206","0","彰化縣","芬園鄉","120.645","23.965","20"
"481","257871","20220623022000","360","2","彰化縣","芬園鄉","120.640","23.975","488"
"19","257882","20220623022000","303","0","彰化縣","花壇鄉","120.550","24.010","20"
"40","257884","20220623022000","40","1","彰化縣","花壇鄉","120.570","24.010","39"
"583","257886","20220623022000","517","1","彰化縣","社頭鄉","120.575","23.930","560"
"435","257898","20220623022000","412","1","南投縣","草屯鎮","120.730","23.975","411"
"278","257902","20220623022000","228","2","南投縣","草屯鎮","120.735","23.980","279"
"579","257907","20220623022000","1211","0","彰化縣","溪湖鎮","120.480","23.965","593"
"28","257908","20220623022000","433","0","彰化縣","溪湖鎮","120.480","23.970","25"
"527","263412","20220623022000","1096","0","臺中市","霧峰區","120.690","24.045","782"
"170","263414","20220623022000","102","3","臺中市","霧峰區","120.685","24.050","170"
"140","263420","20220623022000","135","1","臺中市","霧峰區","120.705","24.045","129"
"24","263428","20220623022000","17","2","臺中市","霧峰區","120.705","24.055","25"
"479","263432","20220623022000","441","1","臺中市","霧峰區","120.705","24.060","483"
"14","263433","20220623022000","410","0","臺中市","霧峰區","120.710","24.060","17"
"38","263450","20220623022000","184","0","臺中市","霧峰區","120.700","24.020","37"
"323","263482","20220623022000","321","1","臺中市","霧峰區","120.700","24.030","311"
"380","263484","20220623022000","342","1","臺中市","霧峰區","120.695","24.035","383"
"332","263486","20220623022000","455","0","臺中市","霧峰區","120.710","24.070","350"
"54","263487","20220623022000","99","0","臺中市","霧峰區","120.715","24.070","86"
"27","263488","20220623022000","33","0","臺中市","霧峰區","120.720","24.070","35"
"319","263490","20220623022000","400","0","臺中市","霧峰區","120.705","24.075","315"
"320","263491","20220623022000","310","1","臺中市","霧峰區","120.710","24.075","330"
"1487","263492","20220623022000","1797","0","臺中市","霧峰區","120.715","24.075","1592"
"18","263493","20220623022000","411","0","臺中市","霧峰區","120.720","24.075","20"
"586","263495","20220623022000","489","1","臺中市","霧峰區","120.710","24.080","575"
"18","263497","20220623022000","20","0","臺中市","大里區","120.720","24.080","10"
"51","263498","20220623022000","370","0","臺中市","霧峰區","120.665","24.055","58"
"1057","263528","20220623022000","1118","0","臺中市","霧峰區","120.695","24.040","1102"
"34","263539","20220623022000","33","1","臺中市","霧峰區","120.695","24.045","35"
"111","263553","20220623022000","72","3","臺中市","霧峰區","120.725","24.030","100"
"231","263569","20220623022000","161","2","臺中市","霧峰區","120.725","24.035","256"
"862","263579","20220623022000","872","0","臺中市","大里區","120.695","24.080","884"
"2569","263581","20220623022000","2029","2","臺中市","大里區","120.695","24.085","2653"
"290","263583","20220623022000","315","0","臺中市","大里區","120.690","24.085","296"
"103","263584","20220623022000","110","0","臺中市","大里區","120.700","24.080","102"
"1173","263585","20220623022000","1173","1","臺中市","大里區","120.700","24.085","1185"
"13","263586","20220623022000","414","0","臺中市","大里區","120.705","24.085","15"
"1266","263587","20220623022000","1186","1","臺中市","大里區","120.705","24.090","1264"
"416","263588","20220623022000","419","0","臺中市","大里區","120.715","24.095","422"
"21","263708","20220623022000","19","1","臺中市","太平區","120.755","24.085","23"
"138","263716","20220623022000","152","0","臺中市","太平區","120.745","24.090","134"
"182","263736","20220623022000","167","1","臺中市","霧峰區","120.700","24.050","206"
"595","263737","20220623022000","558","1","臺中市","霧峰區","120.695","24.055","597"
"85","263738","20220623022000","91","0","臺中市","霧峰區","120.700","24.055","96"
"40","263741","20220623022000","445","0","臺中市","霧峰區","120.680","24.060","44"
"849","263743","20220623022000","796","1","臺中市","霧峰區","120.680","24.065","849"
"14","263745","20220623022000","17","0","臺中市","霧峰區","120.690","24.065","20"
"467","263746","20220623022000","320","2","臺中市","霧峰區","120.680","24.070","478"
"87","263747","20220623022000","842","0","臺中市","霧峰區","120.700","24.070","87"
"118","263753","20220623022000","123","0","臺中市","新社區","120.885","24.095","119"
"411","263758","20220623022000","335","2","臺中市","大里區","120.685","24.075","390"
"464","263759","20220623022000","276","3","臺中市","大里區","120.690","24.075","466"
"127","263764","20220623022000","196","0","臺中市","大里區","120.680","24.085","130"
"328","263766","20220623022000","304","1","臺中市","太平區","120.730","24.095","323"
"406","263776","20220623022000","442","0","臺中市","霧峰區","120.705","24.065","428"
"24","263778","20220623022000","185","0","臺中市","霧峰區","120.715","24.065","79"
"106","263794","20220623022000","85","2","臺中市","霧峰區","120.745","24.045","101"
"88","263828","20220623022000","187","0","臺中市","霧峰區","120.745","24.060","97"
"39","263842","20220623022000","36","1","臺中市","霧峰區","120.760","24.065","38"
"82","263846","20220623022000","55","2","臺中市","霧峰區","120.735","24.070","82"
"333","263863","20220623022000","318","1","臺中市","霧峰區","120.695","24.015","306"
"497","263864","20220623022000","499","0","臺中市","霧峰區","120.685","24.020","521"
"360","263875","20220623022000","269","2","臺中市","烏日區","120.655","24.055","358"
"221","263876","20220623022000","313","0","臺中市","烏日區","120.660","24.055","217"
"290","263878","20220623022000","221","2","臺中市","烏日區","120.655","24.045","275"
"286","263884","20220623022000","253","1","臺中市","烏日區","120.650","24.050","284"
"436","263885","20220623022000","519","0","臺中市","烏日區","120.635","24.070","448"
"1266","263888","20220623022000","1224","1","臺中市","烏日區","120.635","24.080","1273"
"456","263891","20220623022000","439","1","臺中市","烏日區","120.625","24.090","486"
"1558","263900","20220623022000","1422","1","臺中市","烏日區","120.640","24.075","1565"
"638","263902","20220623022000","570","1","臺中市","烏日區","120.650","24.075","617"
"41","263907","20220623022000","1049","0","臺中市","烏日區","120.645","24.085","36"
"104","263933","20220623022000","155","0","臺中市","烏日區","120.635","24.050","101"
"3403","263942","20220623022000","2076","3","臺中市","大里區","120.680","24.095","3321"
"200","263943","20220623022000","183","1","臺中市","大里區","120.665","24.095","206"
"1347","263945","20220623022000","918","2","臺中市","大里區","120.690","24.090","1347"
"843","263946","20220623022000","928","0","臺中市","大里區","120.695","24.095","876"
"533","263948","20220623022000","549","0","臺中市","大里區","120.705","24.095","545"
"303","263949","20220623022000","410","0","臺中市","大里區","120.710","24.095","310"
"321","263950","20220623022000","279","1","臺中市","大里區","120.715","24.090","314"
"472","263951","20220623022000","526","0","臺中市","大里區","120.720","24.095","502"
"16","263953","20220623022000","461","0","臺中市","大里區","120.695","24.090","21"
"1176","263954","20220623022000","1198","0","臺中市","大里區","120.700","24.095","1168"
"614","263960","20220623022000","416","2","臺中市","大里區","120.735","24.090","672"
"578","263962","20220623022000","498","1","臺中市","大里區","120.720","24.090","577"
"533","263964","20220623022000","510","1","臺中市","大里區","120.730","24.090","524"
"1040","263969","20220623022000","1381","0","臺中市","大里區","120.710","24.085","1022"
"363","263970","20220623022000","725","0","臺中市","大里區","120.715","24.085","376"
"104","263971","20220623022000","105","0","臺中市","大里區","120.720","24.085","107"
"32","263975","20220623022000","53","0","臺中市","大里區","120.710","24.090","34"
"89","263977","20220623022000","52","3","臺中市","大里區","120.665","24.085","95"
"239","263979","20220623022000","229","1","臺中市","大里區","120.675","24.085","257"
"215","263989","20220623022000","159","2","臺中市","大里區","120.685","24.095","231"
"393","263990","20220623022000","466","0","臺中市","大里區","120.690","24.095","409"
"103","263991","20220623022000","256","0","臺中市","霧峰區","120.695","24.065","97"
"2094","263992","20220623022000","2565","0","臺中市","霧峰區","120.700","24.065","2195"
"372","263995","20220623022000","273","2","臺中市","霧峰區","120.665","24.065","367"
"148","263999","20220623022000","687","0","臺中市","霧峰區","120.665","24.070","136"
"18","264007","20220623022000","296","0","臺中市","霧峰區","120.655","24.085","18"
"30","264008","20220623022000","323","0","臺中市","霧峰區","120.650","24.085","24"
"191","264016","20220623022000","206","0","臺中市","霧峰區","120.690","24.040","244"
"31","264018","20220623022000","555","0","臺中市","霧峰區","120.685","24.045","23"
"18","264024","20220623022000","461","0","臺中市","霧峰區","120.665","24.040","17"
"66","264029","20220623022000","73","0","臺中市","霧峰區","120.660","24.050","78"
"774","264031","20220623022000","768","1","臺中市","大里區","120.700","24.090","768"
"57","264037","20220623022000","38","3","臺中市","霧峰區","120.670","24.025","59"
"10","264042","20220623022000","137","0","臺中市","霧峰區","120.670","24.030","10"
"185","264047","20220623022000","193","0","花蓮縣","秀林鄉","121.580","24.020","166"
"267","264094","20220623022000","217","2","花蓮縣","秀林鄉","121.595","24.050","270"
"586","264107","20220623022000","656","0","花蓮縣","秀林鄉","121.600","24.055","635"
"349","264435","20220623022000","303","1","花蓮縣","新城鄉","121.610","24.080","352"
"305","264642","20220623022000","281","1","花蓮縣","新城鄉","121.595","24.015","318"
"248","264655","20220623022000","226","1","花蓮縣","新城鄉","121.590","24.035","225"
"287","264661","20220623022000","219","2","花蓮縣","新城鄉","121.595","24.040","296"
"1130","264663","20220623022000","695","3","花蓮縣","新城鄉","121.605","24.030","1127"
"416","264665","20220623022000","396","1","花蓮縣","新城鄉","121.605","24.035","420"
"456","264667","20220623022000","387","1","花蓮縣","新城鄉","121.600","24.035","466"
"1657","264676","20220623022000","1309","2","臺中市","烏日區","120.645","24.060","1665"
"32","264678","20220623022000","452","0","臺中市","烏日區","120.655","24.060","42"
"358","264683","20220623022000","417","0","臺中市","烏日區","120.640","24.065","368"
"82","264700","20220623022000","96","0","臺中市","烏日區","120.620","24.090","67"
"392","264703","20220623022000","277","2","臺中市","霧峰區","120.675","24.040","406"
"139","264707","20220623022000","145","0","臺中市","霧峰區","120.680","24.045","152"
"368","264712","20220623022000","365","1","臺中市","霧峰區","120.675","24.050","369"
"790","264717","20220623022000","791","0","臺中市","烏日區","120.645","24.090","767"
"200","264719","20220623022000","193","1","臺中市","烏日區","120.635","24.095","189"
"17","264720","20220623022000","15","1","臺中市","烏日區","120.640","24.095","21"
"42","264722","20220623022000","212","0","臺中市","烏日區","120.645","24.095","43"
"435","264725","20220623022000","403","1","臺中市","烏日區","120.655","24.095","436"
"124","264726","20220623022000","100","2","臺中市","大里區","120.660","24.095","119"
"874","264728","20220623022000","910","0","花蓮縣","花蓮市","121.625","24.010","871"
"283","264732","20220623022000","306","0","花蓮縣","花蓮市","121.630","24.015","284"
"278","264737","20220623022000","217","2","花蓮縣","花蓮市","121.635","24.025","217"
"66","265344","20220623022000","46","2","南投縣","國姓鄉","120.830","24.030","72"
"21","265374","20220623022000","19","1","南投縣","國姓鄉","120.800","24.045","22"
"53","265406","20220623022000","34","3","南投縣","國姓鄉","120.825","24.070","48"
"14","265430","20220623022000","16","0","南投縣","國姓鄉","120.880","24.050","14"
"107","265436","20220623022000","104","1","南投縣","國姓鄉","120.910","24.050","111"
"124","265440","20220623022000","121","1","南投縣","國姓鄉","120.930","24.050","136"
"380","265442","20220623022000","388","0","南投縣","國姓鄉","120.880","24.055","372"
"217","265449","20220623022000","225","0","南投縣","國姓鄉","120.915","24.055","235"
"12","265465","20220623022000","12","1","南投縣","國姓鄉","120.930","24.060","13"
"109","265467","20220623022000","97","1","南投縣","國姓鄉","120.940","24.060","135"
"26","265498","20220623022000","25","1","南投縣","國姓鄉","120.930","24.075","26"
"37","265569","20220623022000","420","0","南投縣","國姓鄉","120.850","24.040","33"
"19","265593","20220623022000","148","0","南投縣","埔里鎮","120.910","24.025","18"
"16","265615","20220623022000","256","0","南投縣","埔里鎮","120.920","24.040","19"
"347","265622","20220623022000","254","2","南投縣","國姓鄉","120.930","24.045","351"
"27","265627","20220623022000","22","2","南投縣","埔里鎮","120.950","24.010","26"
"102","265628","20220623022000","274","0","南投縣","埔里鎮","120.945","24.015","96"
"223","265633","20220623022000","198","1","南投縣","埔里鎮","120.950","24.020","216"
"64","265651","20220623022000","76","0","南投縣","埔里鎮","120.950","24.035","67"
"66","265706","20220623022000","100","0","花蓮縣","花蓮市","121.590","24.010","64"
"1123","265708","20220623022000","1141","0","花蓮縣","新城鄉","121.610","24.015","1168"
"205","265711","20220623022000","195","1","花蓮縣","新城鄉","121.605","24.020","209"
"690","265716","20220623022000","588","1","花蓮縣","新城鄉","121.605","24.025","683"
"63","265719","20220623022000","60","1","花蓮縣","新城鄉","121.620","24.025","62"
"146","265723","20220623022000","208","0","花蓮縣","新城鄉","121.615","24.030","142"
"46","265734","20220623022000","29","3","花蓮縣","新城鄉","121.625","24.035","43"
"535","265739","20220623022000","438","2","花蓮縣","新城鄉","121.605","24.040","552"
"454","265742","20220623022000","328","2","花蓮縣","新城鄉","121.610","24.045","417"
"50","265753","20220623022000","41","2","花蓮縣","新城鄉","121.615","24.060","46"
"248","265754","20220623022000","250","0","花蓮縣","新城鄉","121.610","24.065","231"
"966","265773","20220623022000","670","2","彰化縣","彰化市","120.570","24.085","961"
"716","265774","20220623022000","774","0","彰化縣","彰化市","120.575","24.090","757"
"164","265780","20220623022000","160","1","彰化縣","彰化市","120.620","24.045","164"
"375","265784","20220623022000","333","1","彰化縣","彰化市","120.620","24.060","379"
"1093","265794","20220623022000","1444","0","彰化縣","彰化市","120.535","24.090","1108"
"711","265797","20220623022000","489","2","彰化縣","彰化市","120.545","24.075","686"
"868","265798","20220623022000","502","3","彰化縣","彰化市","120.555","24.070","877"
"1899","265800","20220623022000","1200","3","彰化縣","彰化市","120.545","24.085","1909"
"523","265801","20220623022000","407","2","彰化縣","彰化市","120.555","24.090","479"
"814","265802","20220623022000","788","1","彰化縣","彰化市","120.555","24.080","819"
"126","265803","20220623022000","1147","0","彰化縣","彰化市","120.560","24.080","117"
"1055","265804","20220623022000","1035","1","彰化縣","彰化市","120.555","24.085","1049"
"34","265805","20220623022000","114","0","彰化縣","彰化市","120.560","24.085","37"
"1184","265806","20220623022000","741","3","彰化縣","彰化市","120.535","24.080","1198"
"2877","265807","20220623022000","1888","3","彰化縣","彰化市","120.540","24.085","2819"
"1915","265808","20220623022000","1209","3","彰化縣","彰化市","120.545","24.090","1906"
"495","265810","20220623022000","229","3","彰化縣","彰化市","120.550","24.075","454"
"1859","265812","20220623022000","1847","1","彰化縣","彰化市","120.530","24.080","1901"
"30","265817","20220623022000","265","0","彰化縣","鹿港鎮","120.480","24.090","21"
"854","265820","20220623022000","595","2","彰化縣","彰化市","120.535","24.070","889"
"1490","265821","20220623022000","1045","2","彰化縣","彰化市","120.530","24.065","1558"
"2209","265822","20220623022000","1610","2","彰化縣","彰化市","120.530","24.070","1999"
"858","265823","20220623022000","883","0","彰化縣","鹿港鎮","120.445","24.055","856"
"31","265824","20220623022000","399","0","彰化縣","鹿港鎮","120.445","24.060","24"
"24","265825","20220623022000","24","1","彰化縣","鹿港鎮","120.450","24.060","26"
"810","265826","20220623022000","666","2","彰化縣","鹿港鎮","120.445","24.065","816"
"15","265839","20220623022000","16","0","彰化縣","彰化市","120.580","24.075","24"
"321","265841","20220623022000","1542","0","彰化縣","彰化市","120.535","24.075","321"
"572","265848","20220623022000","669","0","彰化縣","鹿港鎮","120.460","24.080","566"
"417","265863","20220623022000","346","2","彰化縣","鹿港鎮","120.435","24.050","360"
"1044","265864","20220623022000","1216","0","彰化縣","彰化市","120.550","24.085","1075"
"660","265898","20220623022000","530","2","南投縣","國姓鄉","120.860","24.060","686"
"184","265927","20220623022000","171","1","南投縣","國姓鄉","120.845","24.025","184"
"43","265948","20220623022000","335","0","南投縣","國姓鄉","120.860","24.040","42"
"431","265956","20220623022000","295","2","南投縣","國姓鄉","120.855","24.045","430"
"270","265973","20220623022000","285","0","南投縣","國姓鄉","120.820","24.020","257"
"16","265977","20220623022000","225","0","南投縣","國姓鄉","120.825","24.025","18"
"199","266037","20220623022000","170","1","南投縣","國姓鄉","120.875","24.075","198"
"1890","266081","20220623022000","2790","0","彰化縣","彰化市","120.535","24.065","1836"
"1322","266082","20220623022000","603","3","彰化縣","和美鎮","120.510","24.090","1291"
"282","266091","20220623022000","217","2","彰化縣","埔鹽鄉","120.455","24.015","292"
"715","266093","20220623022000","618","1","彰化縣","彰化市","120.540","24.070","735"
"67","266099","20220623022000","623","0","彰化縣","花壇鄉","120.545","24.015","811"
"377","266100","20220623022000","381","0","彰化縣","花壇鄉","120.545","24.020","363"
"75","266107","20220623022000","69","1","彰化縣","花壇鄉","120.545","24.030","73"
"16","266111","20220623022000","69","0","彰化縣","花壇鄉","120.550","24.035","16"
"347","266122","20220623022000","310","1","彰化縣","埔鹽鄉","120.445","24.020","351"
"588","266124","20220623022000","139","3","彰化縣","彰化市","120.520","24.055","565"
"441","266127","20220623022000","468","0","彰化縣","彰化市","120.565","24.090","450"
"1208","266128","20220623022000","712","3","彰化縣","彰化市","120.555","24.095","1185"
"329","266129","20220623022000","209","3","彰化縣","彰化市","120.560","24.095","332"
"1145","266131","20220623022000","1008","1","彰化縣","彰化市","120.595","24.070","1113"
"132","266132","20220623022000","163","0","彰化縣","彰化市","120.595","24.075","144"
"170","266134","20220623022000","108","3","彰化縣","彰化市","120.605","24.075","175"
"714","266136","20220623022000","561","2","彰化縣","彰化市","120.600","24.080","709"
"407","266138","20220623022000","234","3","彰化縣","彰化市","120.595","24.085","403"
"40","266153","20220623022000","53","0","彰化縣","彰化市","120.605","24.045","38"
"52","266154","20220623022000","31","3","彰化縣","彰化市","120.585","24.050","56"
"44","266155","20220623022000","51","0","彰化縣","彰化市","120.590","24.050","44"
"59","266157","20220623022000","54","1","彰化縣","彰化市","120.600","24.050","64"
"343","266166","20220623022000","242","2","彰化縣","彰化市","120.615","24.055","336"
"654","266168","20220623022000","641","1","彰化縣","彰化市","120.580","24.080","666"
"979","266169","20220623022000","873","1","彰化縣","彰化市","120.575","24.085","962"
"1182","266170","20220623022000","875","2","彰化縣","彰化市","120.580","24.085","1194"
"308","266171","20220623022000","226","2","彰化縣","彰化市","120.560","24.075","302"
"623","266172","20220623022000","646","0","彰化縣","彰化市","120.550","24.080","647"
"1396","266176","20220623022000","465","3","彰化縣","和美鎮","120.495","24.085","1395"
"39","266180","20220623022000","48","0","彰化縣","和美鎮","120.495","24.090","31"
"654","266182","20220623022000","2148","0","彰化縣","彰化市","120.535","24.085","640"
"633","266183","20220623022000","677","0","彰化縣","和美鎮","120.525","24.095","664"
"121","266185","20220623022000","107","1","彰化縣","和美鎮","120.535","24.095","127"
"44","266190","20220623022000","58","0","彰化縣","秀水鄉","120.505","24.065","51"
"1545","266191","20220623022000","424","3","彰化縣","彰化市","120.510","24.065","1514"
"1267","266192","20220623022000","869","2","彰化縣","彰化市","120.515","24.065","1275"
"626","266194","20220623022000","177","3","彰化縣","彰化市","120.510","24.070","634"
"217","266196","20220623022000","154","2","彰化縣","花壇鄉","120.570","24.055","217"
"13","266205","20220623022000","122","0","彰化縣","彰化市","120.570","24.065","13"
"1371","266210","20220623022000","801","3","彰化縣","彰化市","120.540","24.075","1380"
"2000","266211","20220623022000","1503","2","彰化縣","彰化市","120.540","24.080","1965"
"1214","266214","20220623022000","415","3","彰化縣","彰化市","120.525","24.080","865"
"991","266216","20220623022000","999","0","彰化縣","彰化市","120.530","24.085","1022"
"1100","266222","20220623022000","954","1","彰化縣","彰化市","120.600","24.090","1070"
"237","266224","20220623022000","174","2","彰化縣","彰化市","120.585","24.090","243"
"180","266228","20220623022000","105","3","彰化縣","彰化市","120.580","24.095","180"
"21","266232","20220623022000","19","1","彰化縣","彰化市","120.600","24.095","24"
"416","266233","20220623022000","189","3","彰化縣","秀水鄉","120.500","24.075","420"
"30","266234","20220623022000","551","0","彰化縣","彰化市","120.505","24.075","33"
"644","266237","20220623022000","383","3","彰化縣","彰化市","120.520","24.075","503"
"407","266238","20220623022000","131","3","彰化縣","彰化市","120.510","24.080","405"
"60","266239","20220623022000","287","0","彰化縣","和美鎮","120.515","24.080","59"
"41","266240","20220623022000","200","0","彰化縣","彰化市","120.520","24.080","50"
"484","266241","20220623022000","252","3","彰化縣","彰化市","120.515","24.085","507"
"230","266243","20220623022000","166","2","彰化縣","彰化市","120.525","24.085","205"
"328","266244","20220623022000","660","0","彰化縣","彰化市","120.545","24.095","299"
"27","266245","20220623022000","355","0","彰化縣","彰化市","120.545","24.080","25"
"295","266246","20220623022000","221","2","彰化縣","彰化市","120.565","24.085","298"
"1822","266247","20220623022000","1762","1","彰化縣","彰化市","120.560","24.090","1850"
"637","266248","20220623022000","583","1","彰化縣","彰化市","120.570","24.090","646"
"1004","266249","20220623022000","831","2","彰化縣","和美鎮","120.530","24.090","960"
"200","266250","20220623022000","222","0","彰化縣","彰化市","120.555","24.065","183"
"1369","266251","20220623022000","3114","0","彰化縣","彰化市","120.545","24.070","1338"
"283","266252","20220623022000","261","1","彰化縣","彰化市","120.550","24.070","301"
"29","266255","20220623022000","17","3","彰化縣","彰化市","120.600","24.060","27"
"11","266262","20220623022000","232","0","彰化縣","彰化市","120.610","24.065","12"
"561","266263","20220623022000","511","1","彰化縣","彰化市","120.600","24.070","574"
"47","266264","20220623022000","44","1","彰化縣","彰化市","120.605","24.070","53"
"245","266265","20220623022000","187","2","彰化縣","彰化市","120.610","24.070","222"
"170","266266","20220623022000","1422","0","彰化縣","彰化市","120.540","24.090","171"
"583","266267","20220623022000","409","2","彰化縣","和美鎮","120.520","24.090","568"
"46","266274","20220623022000","522","0","彰化縣","和美鎮","120.505","24.085","54"
"51","266309","20220623022000","48","1","南投縣","仁愛鄉","120.970","24.045","45"
"273","266333","20220623022000","280","0","南投縣","仁愛鄉","120.970","24.060","281"
"158","266406","20220623022000","112","2","南投縣","仁愛鄉","121.095","24.010","151"
"91","266517","20220623022000","65","2","南投縣","仁愛鄉","121.210","24.075","86"
"61","266589","20220623022000","52","1","南投縣","仁愛鄉","121.210","24.090","65"
"296","266696","20220623022000","257","1","南投縣","仁愛鄉","121.150","24.040","256"
"14","266697","20220623022000","12","1","南投縣","仁愛鄉","121.155","24.040","14"
"302","266700","20220623022000","250","2","南投縣","仁愛鄉","121.125","24.045","282"
"144","266706","20220623022000","128","1","南投縣","仁愛鄉","121.155","24.045","73"
"41","266715","20220623022000","24","3","南投縣","仁愛鄉","121.155","24.050","41"
"25","266733","20220623022000","30","0","南投縣","仁愛鄉","121.160","24.055","17"
"341","266768","20220623022000","329","1","南投縣","仁愛鄉","121.165","24.070","247"
"27","266805","20220623022000","20","2","南投縣","仁愛鄉","121.175","24.090","37"
"18","267165","20220623022000","34","0","南投縣","仁愛鄉","121.025","24.090","15"
"45","267167","20220623022000","12","3","南投縣","仁愛鄉","121.035","24.090","45"
"240","267268","20220623022000","211","1","南投縣","仁愛鄉","121.175","24.010","191"
"25","267286","20220623022000","281","0","南投縣","仁愛鄉","121.140","24.025","24"
"76","267290","20220623022000","46","3","南投縣","仁愛鄉","121.160","24.025","58"
"573","267410","20220623022000","533","1","南投縣","仁愛鄉","121.180","24.035","491"
"96","267555","20220623022000","64","3","南投縣","仁愛鄉","121.190","24.060","96"
"209","267605","20220623022000","221","0","南投縣","仁愛鄉","121.210","24.070","189"
"121","267630","20220623022000","86","2","彰化縣","花壇鄉","120.530","24.050","110"
"421","267631","20220623022000","352","1","彰化縣","彰化市","120.530","24.055","417"
"1891","267632","20220623022000","1577","1","彰化縣","彰化市","120.530","24.060","1900"
"93","267633","20220623022000","1812","0","彰化縣","彰化市","120.535","24.060","84"
"1502","267634","20220623022000","2027","0","彰化縣","彰化市","120.550","24.090","1551"
"851","267636","20220623022000","632","2","彰化縣","彰化市","120.550","24.095","824"
"35","267637","20220623022000","49","0","彰化縣","彰化市","120.590","24.065","37"
"466","267640","20220623022000","313","2","彰化縣","彰化市","120.585","24.080","455"
"770","267641","20220623022000","669","1","彰化縣","彰化市","120.590","24.080","764"
"608","267646","20220623022000","356","3","彰化縣","彰化市","120.520","24.065","609"
"1520","267649","20220623022000","1284","1","彰化縣","彰化市","120.525","24.070","1523"
"44","267650","20220623022000","74","0","彰化縣","彰化市","120.525","24.075","53"
"522","267652","20220623022000","448","1","彰化縣","彰化市","120.555","24.050","537"
"876","267654","20220623022000","601","2","彰化縣","彰化市","120.535","24.055","869"
"259","267655","20220623022000","188","2","彰化縣","彰化市","120.540","24.055","277"
"369","267656","20220623022000","235","3","彰化縣","彰化市","120.545","24.055","378"
"307","267661","20220623022000","366","0","彰化縣","彰化市","120.540","24.060","300"
"296","267662","20220623022000","390","0","彰化縣","彰化市","120.545","24.060","278"
"139","267664","20220623022000","102","2","彰化縣","彰化市","120.555","24.060","144"
"3483","267665","20220623022000","2831","2","彰化縣","彰化市","120.540","24.065","3516"
"929","267666","20220623022000","880","1","彰化縣","彰化市","120.545","24.065","931"
"301","267667","20220623022000","370","0","彰化縣","彰化市","120.550","24.065","311"
"2227","267669","20220623022000","904","3","彰化縣","彰化市","120.515","24.055","2222"
"3363","267670","20220623022000","1467","3","彰化縣","彰化市","120.515","24.060","3366"
"17","267676","20220623022000","254","0","彰化縣","福興鄉","120.470","24.030","18"
"152","267682","20220623022000","91","3","彰化縣","福興鄉","120.470","24.035","145"
"563","267689","20220623022000","461","2","彰化縣","福興鄉","120.480","24.040","560"
"394","267697","20220623022000","182","3","彰化縣","福興鄉","120.455","24.035","378"
"464","267705","20220623022000","486","0","彰化縣","福興鄉","120.465","24.045","465"
"11","267711","20220623022000","244","0","彰化縣","福興鄉","120.460","24.020","11"
"268","267717","20220623022000","170","3","彰化縣","秀水鄉","120.510","24.015","260"
"22","267718","20220623022000","22","1","彰化縣","秀水鄉","120.500","24.020","33"
"36","267726","20220623022000","104","0","彰化縣","鹿港鎮","120.480","24.085","27"
"1098","267729","20220623022000","749","2","彰化縣","鹿港鎮","120.485","24.090","939"
"1858","267732","20220623022000","1316","2","彰化縣","鹿港鎮","120.435","24.055","1864"
"919","267736","20220623022000","547","3","彰化縣","鹿港鎮","120.465","24.090","937"
"10","267739","20220623022000","321","0","彰化縣","鹿港鎮","120.470","24.095","10"
"897","267795","20220623022000","675","2","彰化縣","福興鄉","120.490","24.015","898"
"365","267808","20220623022000","291","2","彰化縣","福興鄉","120.440","24.030","348"
"453","267810","20220623022000","365","2","彰化縣","福興鄉","120.435","24.035","458"
"354","267824","20220623022000","377","0","彰化縣","福興鄉","120.390","24.015","364"
"764","267834","20220623022000","745","1","彰化縣","福興鄉","120.410","24.020","750"
"932","267844","20220623022000","775","2","彰化縣","秀水鄉","120.495","24.025","930"
"689","267873","20220623022000","532","2","彰化縣","福興鄉","120.400","24.045","692"
"778","267898","20220623022000","452","3","彰化縣","福興鄉","120.430","24.040","807"
"787","267900","20220623022000","631","2","彰化縣","福興鄉","120.430","24.045","803"
"21","267904","20220623022000","333","0","彰化縣","福興鄉","120.430","24.050","20"
"231","267908","20220623022000","128","3","彰化縣","福興鄉","120.430","24.020","232"
"28","267913","20220623022000","24","1","彰化縣","福興鄉","120.425","24.030","25"
"64","267926","20220623022000","53","2","彰化縣","福興鄉","120.405","24.030","63"
"258","267928","20220623022000","203","2","彰化縣","福興鄉","120.415","24.030","271"
"51","267935","20220623022000","57","0","彰化縣","秀水鄉","120.500","24.060","57"
"248","267946","20220623022000","199","2","彰化縣","秀水鄉","120.490","24.050","246"
"41","267947","20220623022000","23","3","彰化縣","秀水鄉","120.495","24.050","44"
"60","267949","20220623022000","405","0","彰化縣","秀水鄉","120.500","24.050","61"
"17","267955","20220623022000","247","0","彰化縣","秀水鄉","120.495","24.060","11"
"65","267957","20220623022000","804","0","彰化縣","秀水鄉","120.500","24.030","69"
"225","267959","20220623022000","1074","0","彰化縣","秀水鄉","120.495","24.035","211"
"56","267960","20220623022000","421","0","彰化縣","秀水鄉","120.500","24.035","48"
"99","267964","20220623022000","87","1","彰化縣","秀水鄉","120.520","24.025","111"
"58","267966","20220623022000","598","0","彰化縣","秀水鄉","120.520","24.030","57"
"779","267972","20220623022000","544","2","彰化縣","鹿港鎮","120.435","24.065","779"
"651","267973","20220623022000","585","1","彰化縣","鹿港鎮","120.440","24.065","616"
"446","267975","20220623022000","416","1","彰化縣","鹿港鎮","120.435","24.070","456"
"21","267978","20220623022000","290","0","彰化縣","鹿港鎮","120.425","24.075","15"
"690","267984","20220623022000","720","0","彰化縣","鹿港鎮","120.410","24.080","693"
"129","267987","20220623022000","114","1","彰化縣","鹿港鎮","120.425","24.080","121"
"17","267991","20220623022000","305","0","彰化縣","鹿港鎮","120.445","24.080","18"
"274","267999","20220623022000","197","2","彰化縣","鹿港鎮","120.415","24.080","258"
"369","268001","20220623022000","310","1","彰化縣","鹿港鎮","120.425","24.085","364"
"893","268005","20220623022000","625","2","彰化縣","鹿港鎮","120.445","24.085","894"
"648","268020","20220623022000","488","2","彰化縣","鹿港鎮","120.475","24.065","595"
"824","268031","20220623022000","489","3","彰化縣","鹿港鎮","120.485","24.085","712"
"1043","268032","20220623022000","948","1","彰化縣","鹿港鎮","120.430","24.060","1035"
"365","268034","20220623022000","779","0","彰化縣","彰化市","120.525","24.060","367"
"1010","268035","20220623022000","1119","0","彰化縣","彰化市","120.525","24.065","985"
"47","268044","20220623022000","464","0","彰化縣","鹿港鎮","120.450","24.095","83"
"49","268053","20220623022000","42","1","彰化縣","鹿港鎮","120.470","24.075","43"
"237","268057","20220623022000","1003","0","彰化縣","鹿港鎮","120.475","24.080","232"
"164","268061","20220623022000","192","0","彰化縣","鹿港鎮","120.430","24.055","168"
"22","268068","20220623022000","158","0","彰化縣","芬園鄉","120.625","24.025","29"
"25","268073","20220623022000","26","0","彰化縣","芬園鄉","120.615","24.015","33"
"58","268074","20220623022000","69","0","彰化縣","芬園鄉","120.620","24.015","76"
"35","268077","20220623022000","429","0","彰化縣","福興鄉","120.480","24.045","39"
"1172","268085","20220623022000","1147","1","彰化縣","鹿港鎮","120.470","24.055","1157"
"221","268089","20220623022000","212","1","彰化縣","鹿港鎮","120.460","24.060","240"
"131","268108","20220623022000","118","1","彰化縣","鹿港鎮","120.385","24.060","125"
"162","268109","20220623022000","128","2","彰化縣","鹿港鎮","120.390","24.060","161"
"206","268110","20220623022000","220","0","彰化縣","鹿港鎮","120.395","24.060","214"
"13","268126","20220623022000","13","1","彰化縣","鹿港鎮","120.390","24.065","16"
"290","268128","20220623022000","152","3","彰化縣","鹿港鎮","120.400","24.065","269"
"87","268129","20220623022000","67","2","彰化縣","鹿港鎮","120.405","24.065","83"
"419","268130","20220623022000","294","2","彰化縣","鹿港鎮","120.410","24.065","424"
"691","268134","20220623022000","448","3","彰化縣","鹿港鎮","120.430","24.065","663"
"58","268144","20220623022000","52","1","彰化縣","鹿港鎮","120.395","24.070","56"
"171","268157","20220623022000","144","1","彰化縣","鹿港鎮","120.390","24.075","162"
"25","268158","20220623022000","94","0","彰化縣","鹿港鎮","120.395","24.075","30"
"75","268161","20220623022000","80","0","彰化縣","鹿港鎮","120.410","24.075","77"
"58","268162","20220623022000","112","0","彰化縣","鹿港鎮","120.415","24.075","63"
"479","268170","20220623022000","449","1","彰化縣","鹿港鎮","120.395","24.080","453"
"1754","268172","20220623022000","1716","1","彰化縣","鹿港鎮","120.440","24.055","1722"
"99","268173","20220623022000","1080","0","彰化縣","鹿港鎮","120.440","24.060","114"
"1940","268175","20220623022000","1817","1","彰化縣","福興鄉","120.440","24.045","1915"
"19","268176","20220623022000","118","0","彰化縣","花壇鄉","120.550","24.040","14"
"30","268203","20220623022000","14","3","彰化縣","芬園鄉","120.595","24.035","37"
"241","268205","20220623022000","236","1","彰化縣","芬園鄉","120.605","24.035","255"
"418","268224","20220623022000","372","1","彰化縣","芬園鄉","120.650","24.020","416"
"481","268226","20220623022000","225","3","彰化縣","芬園鄉","120.635","24.025","473"
"376","268233","20220623022000","356","1","彰化縣","福興鄉","120.440","24.035","390"
"594","268245","20220623022000","377","3","彰化縣","秀水鄉","120.490","24.070","601"
"342","268249","20220623022000","250","2","彰化縣","秀水鄉","120.505","24.030","307"
"145","268253","20220623022000","642","0","彰化縣","秀水鄉","120.505","24.040","140"
"52","268258","20220623022000","322","0","彰化縣","秀水鄉","120.515","24.020","49"
"20","268261","20220623022000","470","0","彰化縣","福興鄉","120.450","24.030","23"
"590","268262","20220623022000","401","2","彰化縣","福興鄉","120.455","24.030","586"
"872","268271","20220623022000","778","1","彰化縣","福興鄉","120.420","24.035","889"
"48","268274","20220623022000","372","0","彰化縣","福興鄉","120.425","24.035","42"
"448","268277","20220623022000","342","2","彰化縣","芬園鄉","120.660","24.015","467"
"99","268289","20220623022000","669","0","彰化縣","芬園鄉","120.625","24.020","99"
"49","268296","20220623022000","530","0","彰化縣","福興鄉","120.470","24.020","56"
"775","268297","20220623022000","332","3","彰化縣","秀水鄉","120.505","24.035","795"
"28","268301","20220623022000","325","0","彰化縣","秀水鄉","120.495","24.040","34"
"28","268303","20220623022000","348","0","彰化縣","秀水鄉","120.500","24.040","26"
"522","268308","20220623022000","287","3","彰化縣","秀水鄉","120.510","24.045","512"
"72","268311","20220623022000","865","0","彰化縣","秀水鄉","120.510","24.050","66"
"655","268316","20220623022000","588","1","彰化縣","花壇鄉","120.530","24.020","667"
"330","268321","20220623022000","345","0","彰化縣","花壇鄉","120.530","24.040","309"
"52","268322","20220623022000","107","0","彰化縣","花壇鄉","120.520","24.045","50"
"42","268324","20220623022000","601","0","彰化縣","花壇鄉","120.530","24.045","43"
"293","268327","20220623022000","256","1","彰化縣","花壇鄉","120.535","24.030","285"
"568","268328","20220623022000","539","1","彰化縣","花壇鄉","120.535","24.035","589"
"66","268329","20220623022000","249","0","彰化縣","花壇鄉","120.535","24.040","67"
"59","268331","20220623022000","654","0","彰化縣","花壇鄉","120.545","24.040","63"
"513","268333","20220623022000","370","2","彰化縣","花壇鄉","120.540","24.040","518"
"338","268335","20220623022000","296","1","彰化縣","花壇鄉","120.555","24.020","322"
"872","268336","20220623022000","769","1","彰化縣","花壇鄉","120.540","24.025","858"
"407","268338","20220623022000","355","1","彰化縣","花壇鄉","120.550","24.025","382"
"201","268339","20220623022000","184","1","彰化縣","花壇鄉","120.555","24.025","211"
"174","268347","20220623022000","139","2","彰化縣","花壇鄉","120.565","24.020","165"
"88","268356","20220623022000","85","1","彰化縣","花壇鄉","120.575","24.035","78"
"78","268370","20220623022000","112","0","彰化縣","花壇鄉","120.560","24.015","74"
"60","268371","20220623022000","61","0","彰化縣","花壇鄉","120.570","24.020","63"
"28","268375","20220623022000","20","2","彰化縣","花壇鄉","120.595","24.020","31"
"157","268381","20220623022000","858","0","彰化縣","花壇鄉","120.545","24.045","174"
"40","268391","20220623022000","18","3","彰化縣","花壇鄉","120.540","24.020","42"
"1701","268393","20220623022000","1388","2","彰化縣","花壇鄉","120.535","24.025","1668"
"25","268399","20220623022000","229","0","彰化縣","福興鄉","120.480","24.020","23"
"876","274405","20220623022000","1232","0","臺中市","太平區","120.720","24.135","847"
"2289","274408","20220623022000","1822","2","臺中市","太平區","120.720","24.115","2285"
"115","274410","20220623022000","87","2","臺中市","太平區","120.755","24.120","119"
"96","274476","20220623022000","161","0","臺中市","太平區","120.810","24.140","172"
"2730","274515","20220623022000","2281","1","臺中市","南屯區","120.645","24.135","2685"
"3651","274516","20220623022000","3279","1","臺中市","南屯區","120.650","24.140","3671"
"2542","274517","20220623022000","2041","2","臺中市","南屯區","120.650","24.150","2521"
"1014","274518","20220623022000","1033","0","臺中市","西屯區","120.650","24.155","1055"
"28","274519","20220623022000","443","0","臺中市","南屯區","120.650","24.135","42"
"1954","274520","20220623022000","1382","2","臺中市","南屯區","120.650","24.130","1968"
"685","274521","20220623022000","554","2","臺中市","南屯區","120.610","24.150","678"
"2147","274522","20220623022000","1996","1","臺中市","南屯區","120.615","24.150","2156"
"490","274524","20220623022000","403","2","臺中市","南屯區","120.605","24.155","504"
"269","274525","20220623022000","231","1","臺中市","南屯區","120.610","24.155","277"
"55","274530","20220623022000","65","0","臺中市","南屯區","120.600","24.160","51"
"304","274531","20220623022000","333","0","臺中市","南屯區","120.605","24.160","292"
"107","274534","20220623022000","64","3","臺中市","南屯區","120.590","24.165","103"
"1589","274535","20220623022000","1644","0","臺中市","北區","120.690","24.155","1551"
"1947","274536","20220623022000","2188","0","臺中市","北屯區","120.695","24.165","1929"
"2027","274537","20220623022000","1733","1","臺中市","北屯區","120.700","24.160","2269"
"2088","274538","20220623022000","1797","1","臺中市","北區","120.690","24.160","2267"
"1584","274539","20220623022000","1883","0","臺中市","北區","120.680","24.150","1578"
"2397","274540","20220623022000","1422","3","臺中市","北區","120.685","24.150","2406"
"1555","274541","20220623022000","1833","0","臺中市","南區","120.660","24.125","1522"
"2367","274543","20220623022000","2259","1","臺中市","南區","120.675","24.125","2513"
"61","274544","20220623022000","74","0","臺中市","北屯區","120.665","24.185","57"
"1001","274545","20220623022000","685","2","臺中市","北屯區","120.725","24.170","960"
"743","274546","20220623022000","1386","0","臺中市","北屯區","120.720","24.175","737"
"1728","274547","20220623022000","1579","1","臺中市","北屯區","120.725","24.175","1696"
"2405","274549","20220623022000","2022","1","臺中市","北屯區","120.725","24.180","2419"
"348","274551","20220623022000","340","1","臺中市","北屯區","120.735","24.180","399"
"1478","274554","20220623022000","1552","0","臺中市","西區","120.675","24.140","1450"
"1476","274556","20220623022000","1406","1","臺中市","大里區","120.675","24.105","1532"
"769","274558","20220623022000","836","0","臺中市","大里區","120.675","24.115","820"
"1722","274559","20220623022000","1676","1","臺中市","西屯區","120.615","24.175","1702"
"918","274560","20220623022000","646","2","臺中市","西屯區","120.630","24.175","876"
"2585","274561","20220623022000","2531","1","臺中市","西屯區","120.615","24.180","2560"
"1179","274562","20220623022000","1303","0","臺中市","西屯區","120.625","24.180","1154"
"953","274564","20220623022000","815","1","臺中市","西屯區","120.630","24.180","926"
"3199","274566","20220623022000","3004","1","臺中市","西屯區","120.640","24.175","3148"
"2135","274567","20220623022000","1857","1","臺中市","西屯區","120.635","24.175","2068"
"1623","274568","20220623022000","964","3","臺中市","西屯區","120.635","24.180","1604"
"127","274569","20220623022000","1092","0","臺中市","西屯區","120.630","24.185","138"
"147","274571","20220623022000","924","0","臺中市","北屯區","120.715","24.175","123"
"1478","274572","20220623022000","1206","2","臺中市","北屯區","120.715","24.180","1437"
"190","274575","20220623022000","528","0","臺中市","北屯區","120.715","24.185","198"
"57","274577","20220623022000","44","2","臺中市","北屯區","120.730","24.185","57"
"457","274578","20220623022000","331","2","臺中市","北屯區","120.720","24.185","464"
"1603","274581","20220623022000","2398","0","臺中市","北區","120.665","24.165","1660"
"2849","274582","20220623022000","2243","2","臺中市","北區","120.670","24.165","2842"
"604","274583","20220623022000","398","3","臺中市","南區","120.670","24.125","588"
"1644","274585","20220623022000","1780","0","臺中市","西屯區","120.610","24.185","1618"
"395","274586","20220623022000","439","0","臺中市","西屯區","120.600","24.180","401"
"1715","274587","20220623022000","1479","1","臺中市","西屯區","120.605","24.180","1677"
"283","274591","20220623022000","2055","0","臺中市","龍井區","120.530","24.180","302"
"688","274593","20220623022000","1348","0","臺中市","烏日區","120.635","24.100","684"
"1243","274595","20220623022000","1662","0","臺中市","烏日區","120.635","24.105","1280"
"1130","274596","20220623022000","1165","0","臺中市","烏日區","120.640","24.105","1127"
"735","274603","20220623022000","549","2","臺中市","大肚區","120.530","24.160","741"
"2000","274608","20220623022000","1393","2","臺中市","西區","120.670","24.135","2016"
"732","274609","20220623022000","1727","0","臺中市","西區","120.655","24.150","778"
"3623","274610","20220623022000","3300","1","臺中市","西區","120.655","24.135","3657"
"2436","274611","20220623022000","2839","0","臺中市","西區","120.655","24.145","2475"
"2014","274612","20220623022000","2100","0","臺中市","西區","120.670","24.130","1996"
"261","274615","20220623022000","313","0","臺中市","太平區","120.735","24.135","274"
"31","274616","20220623022000","20","3","臺中市","太平區","120.740","24.140","29"
"2414","274620","20220623022000","1863","2","臺中市","北區","120.685","24.160","2405"
"2521","274621","20220623022000","1784","2","臺中市","北區","120.675","24.150","2483"
"1508","274623","20220623022000","826","3","臺中市","北區","120.690","24.150","1582"
"1265","274624","20220623022000","1217","1","臺中市","南區","120.680","24.120","1421"
"2268","274625","20220623022000","1956","1","臺中市","大里區","120.685","24.120","2330"
"1561","274626","20220623022000","977","3","臺中市","南區","120.660","24.120","1566"
"911","274627","20220623022000","1007","0","臺中市","南區","120.675","24.120","1280"
"1046","274628","20220623022000","1495","0","臺中市","東區","120.695","24.130","1054"
"1451","274629","20220623022000","2183","0","臺中市","西屯區","120.620","24.185","1510"
"1206","274630","20220623022000","839","2","臺中市","西屯區","120.615","24.185","1235"
"894","274631","20220623022000","1301","0","臺中市","西屯區","120.620","24.190","866"
"3748","274632","20220623022000","3675","1","臺中市","西屯區","120.605","24.185","3906"
"565","274634","20220623022000","736","0","臺中市","西屯區","120.600","24.185","543"
"851","274636","20220623022000","511","3","臺中市","東區","120.705","24.130","883"
"830","274637","20220623022000","826","1","臺中市","東區","120.705","24.135","838"
"2933","274639","20220623022000","2078","2","臺中市","東區","120.695","24.145","2940"
"85","274640","20220623022000","120","0","臺中市","東區","120.700","24.145","68"
"1802","274641","20220623022000","1404","2","臺中市","東區","120.695","24.125","1816"
"2808","274642","20220623022000","2003","2","臺中市","大里區","120.680","24.110","2701"
"231","274644","20220623022000","206","1","臺中市","大里區","120.665","24.100","237"
"62","274646","20220623022000","624","0","臺中市","大里區","120.665","24.105","83"
"213","274647","20220623022000","156","2","臺中市","大里區","120.670","24.105","230"
"43","274648","20220623022000","682","0","臺中市","大里區","120.665","24.110","51"
"1100","274649","20220623022000","880","2","臺中市","大里區","120.670","24.110","1175"
"753","274650","20220623022000","712","1","臺中市","大里區","120.700","24.105","761"
"12","274669","20220623022000","98","0","臺中市","太平區","120.780","24.105","12"
"216","274683","20220623022000","215","1","臺中市","太平區","120.765","24.110","223"
"64","274707","20220623022000","68","0","臺中市","太平區","120.795","24.115","62"
"455","274737","20220623022000","530","0","臺中市","太平區","120.720","24.140","452"
"1239","274738","20220623022000","767","3","臺中市","太平區","120.725","24.135","1234"
"1388","274739","20220623022000","876","3","臺中市","大里區","120.695","24.120","1354"
"233","274741","20220623022000","144","3","臺中市","東區","120.700","24.130","222"
"191","274742","20220623022000","155","2","臺中市","東區","120.700","24.135","190"
"1859","274744","20220623022000","2081","0","臺中市","大里區","120.685","24.105","1833"
"102","274781","20220623022000","64","3","臺中市","新社區","120.825","24.165","105"
"86","274785","20220623022000","55","3","臺中市","新社區","120.835","24.170","83"
"1135","274786","20220623022000","705","3","臺中市","西屯區","120.610","24.180","1156"
"41","274787","20220623022000","478","0","臺中市","南區","120.680","24.125","45"
"1405","274788","20220623022000","764","3","臺中市","東區","120.685","24.135","1373"
"3665","274789","20220623022000","1905","3","臺中市","北區","120.685","24.145","3628"
"4363","274790","20220623022000","3847","1","臺中市","北屯區","120.670","24.175","4366"
"587","274792","20220623022000","579","1","臺中市","東區","120.695","24.135","575"
"68","274805","20220623022000","57","1","臺中市","新社區","120.825","24.155","69"
"253","274823","20220623022000","185","2","臺中市","新社區","120.800","24.180","270"
"178","274835","20220623022000","1499","0","臺中市","大肚區","120.540","24.150","171"
"258","274842","20220623022000","251","1","臺中市","大肚區","120.540","24.170","259"
"35","274852","20220623022000","40","0","臺中市","大肚區","120.525","24.175","33"
"82","274869","20220623022000","415","0","臺中市","大肚區","120.545","24.135","95"
"15","274873","20220623022000","240","0","臺中市","大肚區","120.550","24.140","16"
"193","274874","20220623022000","163","1","臺中市","大肚區","120.555","24.140","171"
"2406","274883","20220623022000","2120","1","臺中市","北區","120.670","24.155","2404"
"686","274884","20220623022000","614","1","臺中市","西屯區","120.655","24.175","713"
"127","274885","20220623022000","674","0","臺中市","西屯區","120.660","24.175","136"
"1176","274889","20220623022000","958","2","臺中市","大肚區","120.580","24.110","1202"
"25","274891","20220623022000","327","0","臺中市","大肚區","120.570","24.115","33"
"151","274895","20220623022000","162","0","臺中市","大肚區","120.545","24.145","159"
"206","274897","20220623022000","1592","0","臺中市","大肚區","120.550","24.150","213"
"1402","274905","20220623022000","993","2","臺中市","南區","120.650","24.115","1422"
"74","274907","20220623022000","398","0","臺中市","南區","120.650","24.120","63"
"1384","274908","20220623022000","1415","0","臺中市","南區","120.655","24.120","1317"
"1129","274910","20220623022000","1088","1","臺中市","南區","120.645","24.110","1124"
"1715","274911","20220623022000","1883","0","臺中市","南區","120.650","24.110","1708"
"1506","274912","20220623022000","1414","1","臺中市","南區","120.655","24.110","1453"
"734","274913","20220623022000","1321","0","臺中市","南區","120.670","24.115","746"
"508","274917","20220623022000","320","3","臺中市","龍井區","120.575","24.180","556"
"1562","274918","20220623022000","1193","2","臺中市","龍井區","120.580","24.180","1553"
"185","274921","20220623022000","184","1","臺中市","龍井區","120.580","24.185","201"
"235","274926","20220623022000","194","2","臺中市","新社區","120.815","24.180","214"
"44","274950","20220623022000","62","0","南投縣","國姓鄉","120.855","24.120","65"
"17","274969","20220623022000","21","0","臺中市","新社區","120.840","24.130","21"
"63","274972","20220623022000","46","2","臺中市","新社區","120.855","24.130","63"
"16","274976","20220623022000","14","1","臺中市","新社區","120.875","24.130","12"
"46","274982","20220623022000","37","2","臺中市","新社區","120.855","24.135","44"
"69","274997","20220623022000","41","3","臺中市","和平區","120.885","24.140","68"
"11","275017","20220623022000","102","0","臺中市","新社區","120.865","24.155","12"
"13","275019","20220623022000","55","0","臺中市","新社區","120.875","24.155","10"
"219","275027","20220623022000","102","3","臺中市","新社區","120.885","24.160","226"
"1313","275034","20220623022000","1765","0","臺中市","北區","120.675","24.165","1295"
"4704","275035","20220623022000","3552","2","臺中市","北區","120.680","24.165","4690"
"1605","275036","20220623022000","2102","0","臺中市","北區","120.675","24.170","1565"
"996","275037","20220623022000","1062","0","臺中市","南區","120.655","24.115","1159"
"1747","275038","20220623022000","2781","0","臺中市","南區","120.660","24.115","1732"
"3059","275039","20220623022000","2371","2","臺中市","南區","120.665","24.120","3089"
"2269","275040","20220623022000","1875","2","臺中市","南區","120.670","24.120","2344"
"188","275041","20220623022000","925","0","臺中市","太平區","120.715","24.115","192"
"1292","275042","20220623022000","1226","1","臺中市","太平區","120.720","24.120","1325"
"4484","275043","20220623022000","4180","1","臺中市","西屯區","120.645","24.175","4538"
"2734","275044","20220623022000","3876","0","臺中市","西屯區","120.650","24.175","2891"
"358","275045","20220623022000","264","2","臺中市","西屯區","120.640","24.185","357"
"95","275048","20220623022000","119","0","臺中市","西屯區","120.625","24.155","110"
"497","275049","20220623022000","393","2","臺中市","西屯區","120.625","24.160","486"
"1793","275052","20220623022000","2078","0","臺中市","龍井區","120.585","24.180","1838"
"2074","275053","20220623022000","2904","0","臺中市","西屯區","120.590","24.185","2146"
"534","275054","20220623022000","598","0","臺中市","龍井區","120.585","24.185","561"
"2079","275055","20220623022000","2393","0","臺中市","龍井區","120.590","24.180","2030"
"611","275056","20220623022000","423","2","臺中市","西屯區","120.595","24.190","651"
"836","275061","20220623022000","840","0","臺中市","東區","120.710","24.145","826"
"1316","275062","20220623022000","1321","0","臺中市","東區","120.710","24.140","1326"
"224","275064","20220623022000","249","0","臺中市","大里區","120.695","24.100","203"
"424","275065","20220623022000","548","0","臺中市","大里區","120.700","24.100","436"
"1609","275066","20220623022000","1421","1","臺中市","大里區","120.685","24.110","1583"
"761","275067","20220623022000","428","3","臺中市","大里區","120.690","24.110","770"
"601","275069","20220623022000","509","1","臺中市","太平區","120.730","24.100","577"
"437","275075","20220623022000","549","0","臺中市","太平區","120.730","24.105","447"
"722","275076","20220623022000","446","3","臺中市","太平區","120.735","24.120","723"
"12","275081","20220623022000","13","0","臺中市","太平區","120.745","24.125","14"
"413","275082","20220623022000","264","3","臺中市","太平區","120.740","24.130","417"
"1536","275083","20220623022000","1260","2","臺中市","北區","120.680","24.155","1534"
"364","275084","20220623022000","318","1","臺中市","太平區","120.750","24.125","349"
"42","275090","20220623022000","35","2","臺中市","太平區","120.755","24.135","37"
"725","275099","20220623022000","466","3","臺中市","太平區","120.735","24.110","725"
"1139","275110","20220623022000","992","1","臺中市","西區","120.665","24.130","1121"
"1812","275111","20220623022000","1828","0","臺中市","東區","120.690","24.125","1877"
"124","275112","20220623022000","111","1","臺中市","東區","120.685","24.125","131"
"798","275114","20220623022000","574","2","臺中市","西區","120.665","24.135","799"
"1508","275115","20220623022000","1808","0","臺中市","西區","120.670","24.140","1472"
"2953","275116","20220623022000","964","3","臺中市","南區","120.655","24.130","1650"
"1374","275118","20220623022000","1705","0","臺中市","北區","120.695","24.155","1497"
"2373","275119","20220623022000","1984","1","臺中市","北區","120.695","24.160","2433"
"4888","275120","20220623022000","3834","2","臺中市","西區","120.660","24.135","4898"
"896","275121","20220623022000","948","0","臺中市","東區","120.685","24.130","903"
"2314","275122","20220623022000","1379","3","臺中市","南區","120.675","24.130","2354"
"2057","275123","20220623022000","2028","1","臺中市","南屯區","120.635","24.145","2077"
"3313","275124","20220623022000","2438","2","臺中市","南屯區","120.640","24.145","3249"
"2452","275125","20220623022000","1941","2","臺中市","西區","120.670","24.145","2450"
"3263","275126","20220623022000","2936","1","臺中市","北區","120.665","24.160","3343"
"1703","275128","20220623022000","1664","1","臺中市","北區","120.675","24.160","1720"
"1373","275129","20220623022000","1703","0","臺中市","北區","120.675","24.145","1394"
"1995","275130","20220623022000","1812","1","臺中市","北屯區","120.700","24.185","2156"
"733","275133","20220623022000","247","3","臺中市","北屯區","120.660","24.185","720"
"2181","275134","20220623022000","1543","2","臺中市","北屯區","120.660","24.180","2257"
"367","275137","20220623022000","288","2","臺中市","龍井區","120.565","24.175","360"
"4124","275141","20220623022000","4246","0","臺中市","南屯區","120.655","24.140","4111"
"569","275142","20220623022000","971","0","臺中市","西區","120.665","24.140","539"
"934","275143","20220623022000","714","2","臺中市","西屯區","120.625","24.185","925"
"2384","275144","20220623022000","2040","1","臺中市","西屯區","120.655","24.160","2420"
"1259","275145","20220623022000","1183","1","臺中市","西屯區","120.650","24.165","1267"
"4468","275146","20220623022000","3612","2","臺中市","西屯區","120.655","24.165","4506"
"71","275147","20220623022000","472","0","臺中市","烏日區","120.600","24.120","56"
"67","275154","20220623022000","517","0","臺中市","烏日區","120.605","24.125","88"
"67","275159","20220623022000","83","0","臺中市","南屯區","120.600","24.130","50"
"79","275166","20220623022000","73","1","臺中市","烏日區","120.590","24.110","75"
"2474","275167","20220623022000","1682","2","臺中市","烏日區","120.595","24.110","2385"
"998","275174","20220623022000","805","2","臺中市","烏日區","120.615","24.105","1004"
"211","275175","20220623022000","139","3","臺中市","烏日區","120.615","24.110","189"
"313","275177","20220623022000","1167","0","臺中市","烏日區","120.625","24.110","305"
"1115","275179","20220623022000","2228","0","臺中市","北區","120.685","24.165","1116"
"685","275181","20220623022000","2016","0","臺中市","北屯區","120.725","24.160","694"
"621","275185","20220623022000","533","1","臺中市","北屯區","120.725","24.165","602"
"1631","275187","20220623022000","1485","1","臺中市","北屯區","120.735","24.165","1641"
"52","275188","20220623022000","60","0","臺中市","北屯區","120.740","24.165","55"
"680","275189","20220623022000","425","3","臺中市","北屯區","120.730","24.170","729"
"362","275192","20220623022000","758","0","臺中市","北屯區","120.735","24.175","435"
"494","275193","20220623022000","457","1","臺中市","北屯區","120.740","24.175","536"
"2351","275194","20220623022000","2526","0","臺中市","北區","120.670","24.170","2338"
"1099","275195","20220623022000","1038","1","臺中市","北屯區","120.690","24.170","1052"
"1260","275196","20220623022000","707","3","臺中市","北屯區","120.675","24.175","1269"
"5312","275197","20220623022000","4046","2","臺中市","北屯區","120.680","24.175","5305"
"3563","275198","20220623022000","3109","1","臺中市","北屯區","120.685","24.175","3586"
"4096","275199","20220623022000","4231","0","臺中市","南屯區","120.635","24.150","4116"
"1150","275200","20220623022000","837","2","臺中市","南屯區","120.640","24.150","1192"
"2198","275201","20220623022000","2124","1","臺中市","南屯區","120.635","24.155","2172"
"2268","275202","20220623022000","1512","3","臺中市","北屯區","120.685","24.190","2242"
"18","275203","20220623022000","108","0","臺中市","南屯區","120.620","24.115","21"
"2271","275204","20220623022000","1400","3","臺中市","南屯區","120.625","24.115","2232"
"368","275206","20220623022000","388","0","臺中市","南屯區","120.625","24.120","350"
"2517","275207","20220623022000","2865","0","臺中市","西屯區","120.650","24.180","2539"
"2443","275208","20220623022000","1844","2","臺中市","西屯區","120.635","24.185","2441"
"3929","275209","20220623022000","4368","0","臺中市","西屯區","120.645","24.180","4168"
"1924","275210","20220623022000","2178","0","臺中市","西屯區","120.640","24.180","2108"
"411","275211","20220623022000","337","2","臺中市","西屯區","120.655","24.185","454"
"1360","275212","20220623022000","853","3","臺中市","西屯區","120.660","24.165","1381"
"2284","275213","20220623022000","1996","1","臺中市","西屯區","120.650","24.160","2261"
"479","275214","20220623022000","469","1","臺中市","西屯區","120.665","24.170","491"
"575","275215","20220623022000","513","1","臺中市","大里區","120.710","24.110","565"
"351","275217","20220623022000","483","0","臺中市","太平區","120.710","24.115","352"
"132","275219","20220623022000","151","0","臺中市","太平區","120.710","24.120","129"
"725","275221","20220623022000","689","1","臺中市","太平區","120.705","24.125","721"
"550","275222","20220623022000","513","1","臺中市","太平區","120.710","24.125","533"
"1179","275223","20220623022000","1329","0","臺中市","太平區","120.715","24.125","1183"
"1306","275227","20220623022000","1198","1","臺中市","北屯區","120.670","24.180","1285"
"1093","275228","20220623022000","687","3","臺中市","北屯區","120.665","24.180","1104"
"90","275229","20220623022000","900","0","臺中市","北屯區","120.700","24.165","93"
"1794","275230","20220623022000","2543","0","臺中市","北屯區","120.700","24.170","1754"
"1257","275231","20220623022000","721","3","臺中市","北屯區","120.705","24.165","1274"
"1307","275232","20220623022000","798","3","臺中市","北屯區","120.675","24.180","1322"
"732","275233","20220623022000","375","3","臺中市","北屯區","120.675","24.185","662"
"3106","275234","20220623022000","1898","3","臺中市","北屯區","120.680","24.180","3150"
"2436","275235","20220623022000","1868","2","臺中市","北屯區","120.670","24.185","2424"
"952","275237","20220623022000","489","3","臺中市","北屯區","120.675","24.190","960"
"76","275238","20220623022000","759","0","臺中市","北屯區","120.680","24.185","79"
"3339","275239","20220623022000","3673","0","臺中市","北區","120.680","24.160","3803"
"2209","275240","20220623022000","2798","0","臺中市","南區","120.660","24.110","2229"
"2323","275241","20220623022000","2338","0","臺中市","南區","120.665","24.115","2309"
"2511","275242","20220623022000","2341","1","臺中市","南區","120.665","24.125","2479"
"1488","275243","20220623022000","1569","0","臺中市","南區","120.655","24.125","1585"
"1589","275245","20220623022000","1326","1","臺中市","南屯區","120.645","24.145","1528"
"2772","275246","20220623022000","3310","0","臺中市","西區","120.650","24.145","2797"
"100","275247","20220623022000","133","0","臺中市","南屯區","120.600","24.140","102"
"612","275249","20220623022000","491","2","臺中市","南屯區","120.610","24.140","613"
"307","275250","20220623022000","253","2","臺中市","南屯區","120.615","24.140","324"
"514","275251","20220623022000","323","3","臺中市","南屯區","120.600","24.145","500"
"1659","275252","20220623022000","1059","3","臺中市","南屯區","120.605","24.145","1698"
"1158","275253","20220623022000","716","3","臺中市","南屯區","120.610","24.145","1143"
"1612","275254","20220623022000","1229","2","臺中市","南屯區","120.615","24.145","1648"
"375","275255","20220623022000","346","1","臺中市","南屯區","120.620","24.145","361"
"39","275256","20220623022000","37","1","臺中市","南屯區","120.595","24.150","41"
"192","275257","20220623022000","111","3","臺中市","南屯區","120.600","24.150","186"
"10","275259","20220623022000","28","0","臺中市","南屯區","120.580","24.155","10"
"2728","275267","20220623022000","3057","0","臺中市","北屯區","120.690","24.185","2726"
"18","275268","20220623022000","21","0","臺中市","北屯區","120.690","24.190","15"
"511","275270","20220623022000","480","1","臺中市","大肚區","120.555","24.130","518"
"449","275272","20220623022000","500","0","臺中市","大肚區","120.555","24.135","441"
"516","275278","20220623022000","478","1","臺中市","南屯區","120.620","24.140","516"
"257","275280","20220623022000","260","0","臺中市","南屯區","120.625","24.145","258"
"437","275281","20220623022000","404","1","臺中市","南屯區","120.630","24.145","466"
"469","275284","20220623022000","380","2","臺中市","南屯區","120.610","24.130","491"
"591","275286","20220623022000","314","3","臺中市","南屯區","120.600","24.135","639"
"480","275288","20220623022000","452","1","臺中市","南屯區","120.610","24.135","454"
"232","275291","20220623022000","240","0","臺中市","南屯區","120.595","24.135","240"
"728","275293","20220623022000","828","0","臺中市","南屯區","120.605","24.135","850"
"1814","275294","20220623022000","1504","2","臺中市","南屯區","120.615","24.135","1895"
"69","275297","20220623022000","38","3","臺中市","南屯區","120.590","24.140","67"
"379","275302","20220623022000","258","2","臺中市","南屯區","120.590","24.145","402"
"23","275303","20220623022000","61","0","臺中市","南屯區","120.595","24.145","24"
"149","275307","20220623022000","96","3","臺中市","南屯區","120.590","24.150","154"
"171","275309","20220623022000","231","0","臺中市","南屯區","120.630","24.115","157"
"84","275311","20220623022000","383","0","臺中市","南屯區","120.630","24.120","87"
"461","275312","20220623022000","370","2","臺中市","南屯區","120.635","24.120","459"
"115","275314","20220623022000","38","3","臺中市","南屯區","120.625","24.135","109"
"3044","275315","20220623022000","2206","2","臺中市","南屯區","120.630","24.135","3096"
"963","275316","20220623022000","638","3","臺中市","南屯區","120.630","24.140","942"
"3371","275317","20220623022000","2357","2","臺中市","南屯區","120.635","24.140","3477"
"1120","275318","20220623022000","913","2","臺中市","南屯區","120.645","24.150","1163"
"1596","275319","20220623022000","1184","2","臺中市","南屯區","120.640","24.140","1619"
"1961","275320","20220623022000","2537","0","臺中市","南屯區","120.645","24.140","1949"
"338","275322","20220623022000","325","1","臺中市","南屯區","120.635","24.125","334"
"539","275325","20220623022000","503","1","臺中市","南屯區","120.635","24.130","518"
"1380","275326","20220623022000","1139","2","臺中市","南屯區","120.645","24.130","1415"
"979","275328","20220623022000","762","2","臺中市","南屯區","120.640","24.135","959"
"164","275329","20220623022000","538","0","臺中市","南屯區","120.640","24.130","167"
"74","275330","20220623022000","53","2","臺中市","南屯區","120.620","24.125","62"
"618","275332","20220623022000","339","3","臺中市","南屯區","120.630","24.125","625"
"156","275333","20220623022000","114","2","臺中市","南屯區","120.620","24.130","175"
"237","275336","20220623022000","154","3","臺中市","南屯區","120.640","24.125","227"
"369","275337","20220623022000","307","2","臺中市","南屯區","120.620","24.135","361"
"2199","275340","20220623022000","2303","0","臺中市","太平區","120.700","24.150","2442"
"1247","275341","20220623022000","1107","1","臺中市","北區","120.700","24.155","103"
"2856","275343","20220623022000","2128","2","臺中市","北屯區","120.685","24.180","2863"
"1472","275344","20220623022000","1178","2","臺中市","北屯區","120.690","24.180","1492"
"446","275350","20220623022000","295","3","臺中市","北屯區","120.745","24.160","451"
"165","275354","20220623022000","139","1","臺中市","太平區","120.770","24.160","153"
"13","275362","20220623022000","11","1","臺中市","北屯區","120.745","24.170","11"
"226","275365","20220623022000","150","3","臺中市","北屯區","120.760","24.170","215"
"215","275380","20220623022000","204","1","臺中市","北屯區","120.775","24.175","225"
"96","275382","20220623022000","51","3","臺中市","北屯區","120.785","24.175","86"
"133","275386","20220623022000","140","0","臺中市","北屯區","120.750","24.180","153"
"1118","275391","20220623022000","1299","0","臺中市","北屯區","120.710","24.160","1129"
"552","275392","20220623022000","386","2","臺中市","北屯區","120.715","24.160","593"
"404","275393","20220623022000","427","0","臺中市","北屯區","120.710","24.165","417"
"673","275394","20220623022000","621","1","臺中市","北屯區","120.715","24.165","669"
"390","275395","20220623022000","664","0","臺中市","北屯區","120.720","24.165","410"
"1817","275396","20220623022000","1864","0","臺中市","北屯區","120.710","24.170","1792"
"451","275397","20220623022000","484","0","臺中市","北屯區","120.715","24.170","455"
"1212","275398","20220623022000","1240","0","臺中市","北屯區","120.720","24.170","1256"
"52","275399","20220623022000","52","1","臺中市","大肚區","120.570","24.150","65"
"161","275400","20220623022000","134","2","臺中市","大肚區","120.570","24.155","158"
"1474","275403","20220623022000","1422","1","臺中市","大肚區","120.570","24.160","1447"
"65","275420","20220623022000","54","2","臺中市","大肚區","120.535","24.150","57"
"2444","275421","20220623022000","2356","1","臺中市","西區","120.655","24.155","2398"
"2511","275422","20220623022000","1794","2","臺中市","西區","120.660","24.155","2439"
"841","275423","20220623022000","745","1","臺中市","西區","120.660","24.160","772"
"158","275424","20220623022000","180","0","臺中市","大里區","120.675","24.100","231"
"643","275425","20220623022000","649","0","臺中市","大里區","120.680","24.100","659"
"429","275426","20220623022000","296","2","臺中市","大里區","120.680","24.105","449"
"1563","275427","20220623022000","870","3","臺中市","西區","120.680","24.135","1560"
"1124","275428","20220623022000","1118","1","臺中市","中區","120.680","24.145","1115"
"2830","275429","20220623022000","1238","3","臺中市","中區","120.680","24.140","2876"
"2624","275430","20220623022000","1688","3","臺中市","北屯區","120.680","24.170","2650"
"647","275431","20220623022000","987","0","臺中市","北屯區","120.685","24.170","631"
"643","275432","20220623022000","1141","0","臺中市","北屯區","120.690","24.165","668"
"1464","275433","20220623022000","1315","1","臺中市","北屯區","120.695","24.170","1467"
"3685","275434","20220623022000","3494","1","臺中市","北屯區","120.695","24.175","3253"
"2836","275435","20220623022000","2648","1","臺中市","北屯區","120.690","24.175","2993"
"1711","275436","20220623022000","1333","2","臺中市","南屯區","120.630","24.150","1673"
"951","275437","20220623022000","634","3","臺中市","南屯區","120.630","24.155","974"
"623","275439","20220623022000","1339","0","臺中市","北屯區","120.710","24.175","604"
"410","275440","20220623022000","419","0","臺中市","北屯區","120.695","24.185","404"
"656","275442","20220623022000","659","0","臺中市","北屯區","120.710","24.180","696"
"134","275443","20220623022000","496","0","臺中市","北屯區","120.705","24.180","141"
"1186","275445","20220623022000","1124","1","臺中市","北屯區","120.705","24.185","1225"
"1960","275457","20220623022000","1465","2","臺中市","北區","120.670","24.160","1949"
"1478","275458","20220623022000","1083","2","臺中市","北區","120.685","24.155","1496"
"1529","275459","20220623022000","1006","3","臺中市","北屯區","120.700","24.175","1562"
"665","275461","20220623022000","419","3","臺中市","大里區","120.710","24.100","689"
"773","275462","20220623022000","776","0","臺中市","大里區","120.715","24.100","785"
"1525","275463","20220623022000","2021","0","臺中市","大里區","120.690","24.105","1615"
"592","275464","20220623022000","898","0","臺中市","大里區","120.695","24.105","640"
"1020","275466","20220623022000","1023","0","臺中市","大里區","120.685","24.100","1000"
"3246","275467","20220623022000","2643","2","臺中市","大里區","120.680","24.115","3249"
"544","275468","20220623022000","450","2","臺中市","大里區","120.685","24.115","555"
"877","275469","20220623022000","1182","0","臺中市","南屯區","120.635","24.135","872"
"38","275471","20220623022000","833","0","臺中市","大里區","120.695","24.110","66"
"2024","275477","20220623022000","1466","2","臺中市","太平區","120.715","24.155","1917"
"1265","275478","20220623022000","763","3","臺中市","北屯區","120.705","24.170","1277"
"330","275479","20220623022000","334","0","臺中市","北屯區","120.740","24.180","332"
"93","275480","20220623022000","294","0","臺中市","北屯區","120.745","24.180","110"
"11","275487","20220623022000","121","0","臺中市","北屯區","120.745","24.185","13"
"49","275492","20220623022000","43","1","臺中市","北屯區","120.770","24.185","50"
"18","275495","20220623022000","37","0","臺中市","北屯區","120.780","24.185","18"
"52","275502","20220623022000","85","0","臺中市","北屯區","120.765","24.185","52"
"1666","275504","20220623022000","2155","0","臺中市","北屯區","120.695","24.180","1690"
"2055","275505","20220623022000","1745","1","臺中市","西屯區","120.665","24.175","2035"
"569","275506","20220623022000","614","0","臺中市","西屯區","120.640","24.155","528"
"2384","275507","20220623022000","2452","0","臺中市","西屯區","120.645","24.155","2381"
"1042","275508","20220623022000","2364","0","臺中市","西屯區","120.640","24.160","1069"
"2250","275509","20220623022000","1195","3","臺中市","西屯區","120.645","24.160","2230"
"349","275510","20220623022000","934","0","臺中市","西屯區","120.640","24.165","379"
"1749","275511","20220623022000","1759","0","臺中市","西屯區","120.645","24.165","1664"
"1377","275512","20220623022000","1285","1","臺中市","西屯區","120.650","24.170","1396"
"959","275513","20220623022000","612","3","臺中市","太平區","120.720","24.145","961"
"628","275515","20220623022000","615","1","臺中市","太平區","120.715","24.145","642"
"1780","275517","20220623022000","1642","1","臺中市","大里區","120.690","24.115","1826"
"757","275518","20220623022000","594","2","臺中市","大里區","120.690","24.120","776"
"499","275519","20220623022000","344","2","臺中市","東區","120.700","24.125","513"
"12","275662","20220623022000","22","0","臺中市","和平區","120.955","24.160","12"
"94","275685","20220623022000","68","2","臺中市","和平區","120.950","24.165","92"
"35","275710","20220623022000","22","3","臺中市","和平區","120.945","24.170","32"
"153","275829","20220623022000","123","2","臺中市","和平區","120.990","24.185","207"
"119","276007","20220623022000","120","0","臺中市","和平區","120.925","24.180","117"
"185","276027","20220623022000","1130","0","臺中市","北屯區","120.700","24.180","200"
"1632","276028","20220623022000","2101","0","臺中市","南區","120.680","24.130","1676"
"1618","276029","20220623022000","2220","0","臺中市","西屯區","120.620","24.180","1563"
"1164","276033","20220623022000","1686","0","臺中市","西屯區","120.650","24.185","1466"
"658","276037","20220623022000","499","2","臺中市","西屯區","120.635","24.160","654"
"1265","276039","20220623022000","1129","1","臺中市","西屯區","120.635","24.165","1249"
"324","276040","20220623022000","239","2","臺中市","西屯區","120.630","24.170","333"
"908","276041","20220623022000","722","2","臺中市","西屯區","120.635","24.170","874"
"2011","276043","20220623022000","1774","1","臺中市","太平區","120.715","24.140","1978"
"116","276044","20220623022000","938","0","臺中市","太平區","120.720","24.155","89"
"2596","276045","20220623022000","2464","1","臺中市","西區","120.660","24.140","2570"
"1931","276046","20220623022000","2023","0","臺中市","西區","120.660","24.145","1962"
"1233","276048","20220623022000","1412","0","臺中市","南區","120.660","24.130","1253"
"82","276451","20220623022000","111","0","花蓮縣","秀林鄉","121.285","24.140","56"
"270","276521","20220623022000","204","2","花蓮縣","秀林鄉","121.635","24.140","225"
"76","276664","20220623022000","73","1","花蓮縣","秀林鄉","121.625","24.150","76"
"139","276735","20220623022000","82","3","花蓮縣","秀林鄉","121.625","24.155","137"
"69","276803","20220623022000","42","3","花蓮縣","秀林鄉","121.620","24.160","56"
"38","276945","20220623022000","48","0","花蓮縣","秀林鄉","121.300","24.175","22"
"57","277000","20220623022000","59","0","花蓮縣","秀林鄉","121.570","24.175","33"
"17","277055","20220623022000","14","2","花蓮縣","秀林鄉","121.510","24.180","17"
"291","277116","20220623022000","196","2","花蓮縣","秀林鄉","121.495","24.180","253"
"648","277183","20220623022000","382","3","花蓮縣","秀林鄉","121.655","24.125","586"
"53","277187","20220623022000","49","1","花蓮縣","秀林鄉","121.645","24.135","55"
"270","277214","20220623022000","232","1","花蓮縣","秀林鄉","121.650","24.155","276"
"144","277223","20220623022000","122","1","花蓮縣","秀林鄉","121.655","24.160","137"
"117","277237","20220623022000","80","2","花蓮縣","秀林鄉","121.655","24.170","92"
"2500","277409","20220623022000","3502","0","臺中市","西屯區","120.645","24.170","2453"
"647","277410","20220623022000","504","2","臺中市","太平區","120.730","24.155","602"
"134","277411","20220623022000","912","0","臺中市","太平區","120.735","24.155","148"
"23","277415","20220623022000","250","0","臺中市","大肚區","120.550","24.120","22"
"998","277420","20220623022000","968","1","臺中市","大肚區","120.570","24.120","985"
"96","277421","20220623022000","716","0","臺中市","大肚區","120.575","24.120","99"
"490","277423","20220623022000","391","2","臺中市","大肚區","120.570","24.125","489"
"47","277425","20220623022000","398","0","臺中市","大肚區","120.580","24.125","60"
"143","277426","20220623022000","130","1","臺中市","大肚區","120.570","24.130","135"
"206","277434","20220623022000","241","0","臺中市","大肚區","120.585","24.135","208"
"13","277436","20220623022000","10","2","臺中市","大肚區","120.580","24.140","13"
"2548","277437","20220623022000","2576","0","臺中市","大里區","120.705","24.105","2537"
"587","277439","20220623022000","559","1","臺中市","大里區","120.705","24.110","605"
"40","277440","20220623022000","499","0","臺中市","太平區","120.705","24.150","46"
"433","277441","20220623022000","893","0","臺中市","太平區","120.710","24.150","423"
"505","277442","20220623022000","367","2","臺中市","烏日區","120.625","24.100","475"
"836","277443","20220623022000","753","1","臺中市","烏日區","120.630","24.100","844"
"1518","277444","20220623022000","1021","2","臺中市","烏日區","120.620","24.105","1504"
"520","277445","20220623022000","424","2","臺中市","烏日區","120.625","24.105","528"
"112","277450","20220623022000","92","2","臺中市","西屯區","120.595","24.165","100"
"230","277451","20220623022000","219","1","臺中市","西屯區","120.600","24.165","234"
"152","277452","20220623022000","200","0","臺中市","西屯區","120.605","24.165","149"
"348","277453","20220623022000","332","1","臺中市","西屯區","120.610","24.165","346"
"554","277457","20220623022000","511","1","臺中市","西屯區","120.590","24.170","543"
"68","277458","20220623022000","47","2","臺中市","西屯區","120.595","24.170","70"
"50","277460","20220623022000","47","1","臺中市","西屯區","120.605","24.170","53"
"278","277461","20220623022000","439","0","臺中市","西屯區","120.610","24.170","245"
"94","277462","20220623022000","195","0","臺中市","西屯區","120.615","24.170","110"
"728","277463","20220623022000","522","2","臺中市","西屯區","120.620","24.170","681"
"105","277467","20220623022000","94","1","臺中市","西屯區","120.605","24.175","91"
"460","277468","20220623022000","397","1","臺中市","西屯區","120.595","24.175","481"
"443","277471","20220623022000","255","3","臺中市","西屯區","120.620","24.175","426"
"1288","277473","20220623022000","1764","0","臺中市","西屯區","120.595","24.180","1274"
"374","277474","20220623022000","105","3","臺中市","西屯區","120.595","24.185","354"
"383","277475","20220623022000","779","0","臺中市","西屯區","120.600","24.175","382"
"2261","277477","20220623022000","2315","0","臺中市","太平區","120.720","24.130","2210"
"36","277478","20220623022000","268","0","臺中市","太平區","120.710","24.130","25"
"106","277480","20220623022000","1136","0","臺中市","太平區","120.715","24.135","108"
"1922","277481","20220623022000","1652","1","臺中市","太平區","120.730","24.150","1972"
"47","277483","20220623022000","251","0","臺中市","大肚區","120.575","24.170","38"
"640","277484","20220623022000","998","0","臺中市","大肚區","120.580","24.170","646"
"1963","277487","20220623022000","2075","0","臺中市","大肚區","120.545","24.155","1993"
"81","277488","20220623022000","666","0","臺中市","大肚區","120.540","24.160","84"
"772","277489","20220623022000","695","1","臺中市","大肚區","120.545","24.160","779"
"254","277492","20220623022000","220","1","臺中市","大肚區","120.535","24.165","247"
"759","277493","20220623022000","1190","0","臺中市","大里區","120.690","24.100","777"
"450","277496","20220623022000","391","1","臺中市","太平區","120.735","24.105","455"
"1038","277503","20220623022000","999","1","臺中市","太平區","120.730","24.140","1042"
"1321","277504","20220623022000","1243","1","臺中市","太平區","120.735","24.140","1332"
"27","277507","20220623022000","24","1","臺中市","太平區","120.730","24.145","33"
"1587","277508","20220623022000","1399","1","臺中市","太平區","120.735","24.145","1599"
"1598","277520","20220623022000","1480","1","臺中市","太平區","120.740","24.155","1601"
"204","277531","20220623022000","934","0","臺中市","太平區","120.730","24.125","214"
"141","277532","20220623022000","251","0","臺中市","太平區","120.725","24.130","142"
"1418","277533","20220623022000","1347","1","臺中市","東區","120.690","24.130","1382"
"1166","277534","20220623022000","1007","1","臺中市","東區","120.690","24.140","1196"
"2194","277535","20220623022000","1317","3","臺中市","中區","120.685","24.140","2162"
"21","277537","20220623022000","235","0","臺中市","太平區","120.735","24.130","19"
"767","277538","20220623022000","1039","0","臺中市","太平區","120.720","24.100","758"
"687","277540","20220623022000","563","2","臺中市","太平區","120.720","24.105","745"
"942","277541","20220623022000","969","0","臺中市","太平區","120.725","24.140","952"
"503","277542","20220623022000","495","1","臺中市","太平區","120.730","24.135","494"
"910","277544","20220623022000","876","1","臺中市","龍井區","120.540","24.175","893"
"561","277557","20220623022000","429","2","臺中市","大肚區","120.560","24.125","579"
"133","277558","20220623022000","689","0","臺中市","大肚區","120.565","24.125","138"
"839","277564","20220623022000","877","0","臺中市","龍井區","120.575","24.175","891"
"190","277565","20220623022000","567","0","臺中市","龍井區","120.580","24.175","197"
"613","277566","20220623022000","613","1","臺中市","太平區","120.725","24.145","651"
"812","277567","20220623022000","734","1","臺中市","太平區","120.720","24.125","815"
"21","277587","20220623022000","18","1","臺中市","東勢區","120.855","24.175","22"
"89","277597","20220623022000","70","2","臺中市","東勢區","120.840","24.185","81"
"13","277611","20220623022000","10","2","臺中市","東勢區","120.865","24.185","10"
"754","277614","20220623022000","863","0","臺中市","太平區","120.710","24.135","807"
"1772","277615","20220623022000","1513","1","臺中市","東區","120.705","24.140","1758"
"1611","277617","20220623022000","1301","2","臺中市","東區","120.695","24.150","1624"
"90","277618","20220623022000","1994","0","臺中市","太平區","120.705","24.155","91"
"850","277619","20220623022000","804","1","臺中市","太平區","120.705","24.160","1129"
"1875","277620","20220623022000","986","3","臺中市","太平區","120.710","24.155","1873"
"1895","277621","20220623022000","1475","2","臺中市","東區","120.690","24.135","1908"
"631","277622","20220623022000","623","1","臺中市","東區","120.690","24.145","612"
"2075","277623","20220623022000","1565","2","臺中市","東區","120.700","24.140","2063"
"1953","277624","20220623022000","1839","1","臺中市","北區","120.675","24.155","2007"
"1922","277625","20220623022000","1753","1","臺中市","西區","120.660","24.150","1894"
"2118","277626","20220623022000","1698","2","臺中市","西區","120.665","24.155","2147"
"27","277630","20220623022000","483","0","臺中市","龍井區","120.550","24.185","25"
"220","277637","20220623022000","194","1","臺中市","烏日區","120.650","24.105","234"
"971","277638","20220623022000","983","0","臺中市","烏日區","120.655","24.105","943"
"3264","277639","20220623022000","2956","1","臺中市","西屯區","120.640","24.170","3293"
"1371","277640","20220623022000","1720","0","臺中市","西屯區","120.655","24.170","1366"
"4194","277641","20220623022000","3852","1","臺中市","西屯區","120.660","24.170","4086"
"1869","277642","20220623022000","2269","0","臺中市","太平區","120.720","24.150","1871"
"324","277643","20220623022000","305","1","臺中市","太平區","120.725","24.150","331"
"1819","277644","20220623022000","1764","1","臺中市","太平區","120.725","24.155","1848"
"1409","277646","20220623022000","689","3","臺中市","烏日區","120.605","24.105","1253"
"457","277647","20220623022000","302","3","臺中市","烏日區","120.610","24.105","482"
"74","277648","20220623022000","55","2","臺中市","烏日區","120.600","24.110","58"
"1044","277649","20220623022000","1627","0","臺中市","烏日區","120.605","24.110","1473"
"23","277650","20220623022000","14","3","臺中市","烏日區","120.610","24.110","23"
"497","277652","20220623022000","443","1","臺中市","烏日區","120.605","24.115","457"
"250","277653","20220623022000","137","3","臺中市","烏日區","120.610","24.115","228"
"129","277655","20220623022000","116","1","臺中市","烏日區","120.595","24.120","98"
"316","277656","20220623022000","1087","0","臺中市","烏日區","120.635","24.110","303"
"1067","277657","20220623022000","1104","0","臺中市","烏日區","120.640","24.110","1063"
"1974","277661","20220623022000","1251","3","臺中市","西區","120.665","24.150","1975"
"271","277662","20220623022000","383","0","臺中市","西區","120.670","24.150","262"
"1659","277663","20220623022000","2781","0","臺中市","西區","120.675","24.135","1603"
"1846","277664","20220623022000","1851","0","臺中市","西區","120.665","24.145","1853"
"180","277681","20220623022000","152","1","花蓮縣","秀林鄉","121.630","24.115","168"
"77","277712","20220623022000","73","1","花蓮縣","秀林鄉","121.630","24.125","88"
"279","277713","20220623022000","220","2","花蓮縣","秀林鄉","121.635","24.125","290"
"223","277756","20220623022000","201","1","花蓮縣","新城鄉","121.615","24.100","224"
"148","277759","20220623022000","122","2","花蓮縣","新城鄉","121.620","24.105","156"
"335","277766","20220623022000","291","1","花蓮縣","新城鄉","121.640","24.115","368"
"55","277799","20220623022000","55","1","花蓮縣","新城鄉","121.650","24.125","50"
"157","277805","20220623022000","148","1","花蓮縣","新城鄉","121.645","24.130","159"
"31","277807","20220623022000","33","0","彰化縣","彰化市","120.545","24.100","24"
"1145","277812","20220623022000","1025","1","彰化縣","和美鎮","120.495","24.115","1110"
"303","277817","20220623022000","234","2","彰化縣","彰化市","120.560","24.105","330"
"298","277821","20220623022000","153","3","彰化縣","和美鎮","120.505","24.140","286"
"1153","277830","20220623022000","1268","0","彰化縣","和美鎮","120.500","24.105","1123"
"1787","277831","20220623022000","1552","1","彰化縣","和美鎮","120.495","24.110","1821"
"1583","277832","20220623022000","1616","0","彰化縣","和美鎮","120.500","24.110","1549"
"91","277834","20220623022000","1101","0","彰化縣","伸港鄉","120.480","24.140","88"
"97","277848","20220623022000","93","1","南投縣","國姓鄉","120.895","24.110","104"
"19","277865","20220623022000","17","1","南投縣","國姓鄉","120.850","24.105","22"
"55","277866","20220623022000","30","3","南投縣","國姓鄉","120.855","24.105","47"
"670","277889","20220623022000","594","1","彰化縣","和美鎮","120.490","24.110","666"
"208","277890","20220623022000","194","1","彰化縣","和美鎮","120.490","24.115","213"
"207","277892","20220623022000","249","0","彰化縣","和美鎮","120.515","24.125","199"
"25","277895","20220623022000","32","0","彰化縣","和美鎮","120.520","24.130","27"
"331","277898","20220623022000","304","1","彰化縣","和美鎮","120.515","24.135","349"
"458","277902","20220623022000","400","1","彰化縣","和美鎮","120.500","24.130","464"
"29","277906","20220623022000","16","3","彰化縣","和美鎮","120.505","24.135","25"
"16","277907","20220623022000","17","0","彰化縣","和美鎮","120.510","24.135","20"
"1486","277912","20220623022000","1266","1","彰化縣","和美鎮","120.490","24.120","1519"
"733","277913","20220623022000","641","1","彰化縣","和美鎮","120.495","24.120","732"
"66","277919","20220623022000","123","0","彰化縣","伸港鄉","120.510","24.160","66"
"71","277922","20220623022000","45","3","彰化縣","伸港鄉","120.510","24.165","60"
"103","277925","20220623022000","589","0","彰化縣","伸港鄉","120.505","24.170","85"
"137","277926","20220623022000","113","2","彰化縣","伸港鄉","120.510","24.170","105"
"288","277931","20220623022000","185","3","彰化縣","伸港鄉","120.505","24.180","287"
"826","277935","20220623022000","467","3","彰化縣","彰化市","120.575","24.100","782"
"44","277953","20220623022000","830","0","彰化縣","和美鎮","120.530","24.110","42"
"48","277967","20220623022000","536","0","彰化縣","和美鎮","120.545","24.110","50"
"16","277968","20220623022000","30","0","彰化縣","和美鎮","120.540","24.115","13"
"26","277971","20220623022000","45","0","彰化縣","和美鎮","120.530","24.100","38"
"1408","277975","20220623022000","1100","2","彰化縣","和美鎮","120.525","24.115","1388"
"20","277978","20220623022000","14","2","彰化縣","和美鎮","120.485","24.135","24"
"121","277979","20220623022000","186","0","彰化縣","和美鎮","120.485","24.140","126"
"459","277980","20220623022000","2236","0","彰化縣","伸港鄉","120.485","24.145","457"
"236","277982","20220623022000","698","0","彰化縣","伸港鄉","120.490","24.150","246"
"224","277984","20220623022000","170","2","彰化縣","伸港鄉","120.470","24.145","222"
"62","277985","20220623022000","343","0","彰化縣","伸港鄉","120.475","24.145","59"
"143","277994","20220623022000","782","0","彰化縣","伸港鄉","120.500","24.140","152"
"127","277998","20220623022000","281","0","彰化縣","伸港鄉","120.480","24.155","141"
"963","278002","20220623022000","872","1","彰化縣","和美鎮","120.490","24.105","941"
"47","278003","20220623022000","86","0","彰化縣","和美鎮","120.490","24.125","44"
"648","278011","20220623022000","525","2","彰化縣","和美鎮","120.515","24.105","639"
"678","278012","20220623022000","529","2","彰化縣","和美鎮","120.510","24.110","662"
"138","278018","20220623022000","456","0","彰化縣","和美鎮","120.510","24.150","131"
"28","278026","20220623022000","551","0","彰化縣","線西鄉","120.455","24.145","36"
"158","278032","20220623022000","89","3","彰化縣","伸港鄉","120.450","24.155","150"
"1439","278037","20220623022000","1367","1","彰化縣","和美鎮","120.500","24.115","1488"
"1089","278047","20220623022000","568","3","彰化縣","和美鎮","120.490","24.130","1040"
"1132","278050","20220623022000","578","3","彰化縣","和美鎮","120.490","24.100","1091"
"1838","278052","20220623022000","681","3","彰化縣","和美鎮","120.515","24.100","1846"
"905","278053","20220623022000","538","3","彰化縣","和美鎮","120.520","24.100","875"
"173","278058","20220623022000","126","2","彰化縣","和美鎮","120.485","24.100","165"
"547","278060","20220623022000","546","1","彰化縣","和美鎮","120.485","24.110","536"
"82","278065","20220623022000","204","0","彰化縣","伸港鄉","120.475","24.155","74"
"35","278066","20220623022000","10","3","彰化縣","伸港鄉","120.470","24.160","33"
"1097","278099","20220623022000","1182","0","彰化縣","和美鎮","120.530","24.105","1067"
"539","278100","20220623022000","452","1","彰化縣","和美鎮","120.515","24.120","525"
"205","278175","20220623022000","180","1","南投縣","仁愛鄉","121.190","24.145","199"
"290","278457","20220623022000","298","0","南投縣","仁愛鄉","121.205","24.110","273"
"79","278506","20220623022000","61","2","南投縣","仁愛鄉","121.270","24.140","50"
"33","278518","20220623022000","19","3","南投縣","仁愛鄉","121.285","24.160","19"
"134","278973","20220623022000","107","2","南投縣","仁愛鄉","121.185","24.120","119"
"284","279090","20220623022000","262","1","南投縣","仁愛鄉","121.170","24.155","237"
"40","279213","20220623022000","84","0","南投縣","仁愛鄉","121.200","24.180","42"
"167","279218","20220623022000","186","0","南投縣","仁愛鄉","121.225","24.180","197"
"328","279255","20220623022000","1826","0","彰化縣","伸港鄉","120.485","24.160","324"
"243","279258","20220623022000","788","0","彰化縣","伸港鄉","120.495","24.160","247"
"38","279282","20220623022000","27","2","彰化縣","線西鄉","120.420","24.130","39"
"56","279286","20220623022000","440","0","彰化縣","和美鎮","120.480","24.105","66"
"23","279292","20220623022000","391","0","彰化縣","鹿港鎮","120.460","24.105","28"
"15","279293","20220623022000","439","0","彰化縣","鹿港鎮","120.465","24.105","12"
"664","279295","20220623022000","339","3","彰化縣","鹿港鎮","120.465","24.110","690"
"382","279296","20220623022000","215","3","彰化縣","鹿港鎮","120.460","24.115","357"
"1683","279303","20220623022000","1373","2","彰化縣","線西鄉","120.465","24.130","1665"
"281","279311","20220623022000","234","2","彰化縣","線西鄉","120.435","24.140","271"
"581","279350","20220623022000","456","2","彰化縣","鹿港鎮","120.450","24.115","592"
"239","279359","20220623022000","146","3","彰化縣","鹿港鎮","120.455","24.120","263"
"52","279366","20220623022000","52","1","彰化縣","線西鄉","120.460","24.130","52"
"366","279368","20220623022000","358","1","彰化縣","線西鄉","120.430","24.130","365"
"335","279371","20220623022000","213","3","彰化縣","線西鄉","120.425","24.135","340"
"470","279375","20220623022000","404","1","彰化縣","線西鄉","120.470","24.135","472"
"130","279379","20220623022000","100","2","彰化縣","線西鄉","120.440","24.150","136"
"144","279387","20220623022000","164","0","彰化縣","線西鄉","120.445","24.150","129"
"513","279389","20220623022000","370","2","彰化縣","線西鄉","120.480","24.115","509"
"265","279392","20220623022000","228","1","彰化縣","和美鎮","120.485","24.120","255"
"419","279396","20220623022000","407","1","彰化縣","線西鄉","120.480","24.125","397"
"674","279398","20220623022000","434","3","彰化縣","線西鄉","120.470","24.130","672"
"273","285401","20220623022000","244","1","臺中市","清水區","120.560","24.270","296"
"2246","285403","20220623022000","2135","1","臺中市","清水區","120.550","24.275","2230"
"708","285405","20220623022000","688","1","臺中市","清水區","120.540","24.275","697"
"134","285406","20220623022000","920","0","臺中市","北屯區","120.665","24.195","136"
"800","285409","20220623022000","595","2","臺中市","北屯區","120.680","24.195","794"
"729","285410","20220623022000","511","2","臺中市","北屯區","120.665","24.200","712"
"556","285412","20220623022000","487","1","臺中市","北屯區","120.675","24.200","546"
"438","285413","20220623022000","441","0","臺中市","北屯區","120.680","24.200","439"
"559","285414","20220623022000","477","1","臺中市","北屯區","120.685","24.200","540"
"37","285415","20220623022000","22","3","臺中市","北屯區","120.665","24.190","39"
"1517","285416","20220623022000","829","3","臺中市","北屯區","120.670","24.190","1612"
"1767","285419","20220623022000","2396","0","臺中市","沙鹿區","120.565","24.240","1819"
"62","285422","20220623022000","67","0","臺中市","沙鹿區","120.565","24.245","73"
"435","285423","20220623022000","634","0","臺中市","沙鹿區","120.570","24.245","431"
"416","285425","20220623022000","440","0","臺中市","沙鹿區","120.560","24.250","422"
"657","285426","20220623022000","340","3","臺中市","沙鹿區","120.565","24.250","665"
"595","285428","20220623022000","440","2","臺中市","沙鹿區","120.565","24.255","610"
"1796","285431","20220623022000","800","3","臺中市","清水區","120.575","24.275","1781"
"1446","285434","20220623022000","1261","1","臺中市","潭子區","120.715","24.205","1477"
"502","285437","20220623022000","320","3","臺中市","潭子區","120.700","24.200","511"
"568","285439","20220623022000","590","0","臺中市","潭子區","120.700","24.205","587"
"671","285440","20220623022000","616","1","臺中市","潭子區","120.700","24.210","644"
"1541","285441","20220623022000","1670","0","臺中市","潭子區","120.705","24.210","1526"
"1338","285442","20220623022000","1303","1","臺中市","潭子區","120.700","24.215","1326"
"105","285443","20220623022000","151","0","臺中市","潭子區","120.710","24.195","110"
"89","285444","20220623022000","83","1","臺中市","潭子區","120.705","24.200","92"
"702","285445","20220623022000","651","1","臺中市","潭子區","120.710","24.200","732"
"1402","285446","20220623022000","1632","0","臺中市","潭子區","120.705","24.205","1413"
"3154","285447","20220623022000","2489","2","臺中市","潭子區","120.710","24.205","3151"
"308","285453","20220623022000","227","2","臺中市","潭子區","120.720","24.195","279"
"322","285454","20220623022000","304","1","臺中市","潭子區","120.725","24.195","346"
"528","285459","20220623022000","461","1","臺中市","潭子區","120.725","24.200","533"
"1151","285460","20220623022000","1081","1","臺中市","潭子區","120.730","24.200","1167"
"60","285468","20220623022000","55","1","臺中市","潭子區","120.745","24.210","60"
"4038","285469","20220623022000","3342","2","臺中市","北屯區","120.705","24.190","4029"
"54","285470","20220623022000","67","0","臺中市","北屯區","120.705","24.195","72"
"13","285471","20220623022000","196","0","臺中市","西屯區","120.645","24.190","55"
"416","285472","20220623022000","316","2","臺中市","大雅區","120.615","24.235","447"
"703","285473","20220623022000","426","3","臺中市","沙鹿區","120.610","24.240","688"
"92","285474","20220623022000","548","0","臺中市","沙鹿區","120.615","24.240","75"
"15","285488","20220623022000","106","0","臺中市","沙鹿區","120.575","24.240","12"
"420","285500","20220623022000","417","1","臺中市","沙鹿區","120.560","24.225","411"
"1149","285503","20220623022000","1330","0","臺中市","沙鹿區","120.565","24.225","1117"
"90","285504","20220623022000","416","0","臺中市","神岡區","120.655","24.250","118"
"13","285505","20220623022000","10","2","臺中市","神岡區","120.660","24.250","13"
"25","285507","20220623022000","28","0","臺中市","神岡區","120.660","24.255","31"
"473","285509","20220623022000","356","2","臺中市","神岡區","120.675","24.260","438"
"648","285515","20220623022000","608","1","臺中市","神岡區","120.680","24.265","642"
"70","285519","20220623022000","805","0","臺中市","神岡區","120.655","24.275","72"
"743","285522","20220623022000","1925","0","臺中市","豐原區","120.705","24.240","749"
"758","285523","20220623022000","684","1","臺中市","豐原區","120.700","24.245","761"
"834","285524","20220623022000","1208","0","臺中市","豐原區","120.705","24.245","812"
"376","285525","20220623022000","281","2","臺中市","龍井區","120.560","24.190","380"
"355","285526","20220623022000","321","1","臺中市","龍井區","120.535","24.195","376"
"45","285527","20220623022000","36","2","臺中市","龍井區","120.540","24.195","43"
"563","285528","20220623022000","497","1","臺中市","龍井區","120.545","24.195","563"
"755","285531","20220623022000","648","1","臺中市","龍井區","120.560","24.195","746"
"674","285533","20220623022000","747","0","臺中市","龍井區","120.545","24.200","674"
"402","285536","20220623022000","367","1","臺中市","龍井區","120.560","24.200","405"
"485","285538","20220623022000","499","0","臺中市","潭子區","120.705","24.215","494"
"41","285539","20220623022000","31","2","臺中市","潭子區","120.700","24.220","39"
"646","285540","20220623022000","662","0","臺中市","潭子區","120.705","24.220","612"
"1275","285541","20220623022000","1360","0","臺中市","潭子區","120.705","24.225","1287"
"394","285542","20220623022000","509","0","臺中市","龍井區","120.590","24.190","405"
"209","285544","20220623022000","144","2","臺中市","西屯區","120.605","24.190","185"
"692","285547","20220623022000","531","2","臺中市","神岡區","120.690","24.265","666"
"189","285549","20220623022000","112","3","臺中市","神岡區","120.685","24.270","181"
"136","285551","20220623022000","102","2","臺中市","神岡區","120.675","24.275","141"
"301","285553","20220623022000","335","0","臺中市","神岡區","120.685","24.275","288"
"333","285559","20220623022000","184","3","臺中市","神岡區","120.690","24.275","350"
"990","285561","20220623022000","718","2","臺中市","神岡區","120.680","24.240","1028"
"537","285565","20220623022000","474","1","臺中市","神岡區","120.680","24.245","505"
"615","285567","20220623022000","589","1","臺中市","神岡區","120.675","24.250","644"
"1274","285568","20220623022000","1327","0","臺中市","神岡區","120.685","24.245","1312"
"49","285569","20220623022000","59","0","臺中市","神岡區","120.680","24.250","53"
"41","285570","20220623022000","450","0","臺中市","神岡區","120.685","24.250","51"
"87","285571","20220623022000","96","0","臺中市","神岡區","120.690","24.250","91"
"309","285573","20220623022000","287","1","臺中市","神岡區","120.685","24.255","304"
"108","285574","20220623022000","107","1","臺中市","神岡區","120.690","24.255","120"
"1892","285581","20220623022000","1611","1","臺中市","沙鹿區","120.555","24.230","1936"
"889","285582","20220623022000","977","0","臺中市","沙鹿區","120.555","24.235","859"
"104","285584","20220623022000","187","0","臺中市","沙鹿區","120.580","24.250","109"
"285","285593","20220623022000","281","1","臺中市","沙鹿區","120.600","24.255","256"
"418","285599","20220623022000","351","1","臺中市","沙鹿區","120.600","24.260","436"
"242","285602","20220623022000","116","3","臺中市","沙鹿區","120.585","24.265","220"
"475","285607","20220623022000","334","2","臺中市","大雅區","120.655","24.210","467"
"351","285613","20220623022000","477","0","臺中市","大雅區","120.665","24.220","359"
"28","285618","20220623022000","428","0","臺中市","新社區","120.805","24.250","27"
"343","285621","20220623022000","276","2","臺中市","新社區","120.805","24.255","319"
"67","285626","20220623022000","75","0","臺中市","梧棲區","120.515","24.260","142"
"174","285627","20220623022000","131","2","臺中市","梧棲區","120.520","24.260","192"
"48","285630","20220623022000","136","0","臺中市","梧棲區","120.515","24.270","38"
"1239","285634","20220623022000","1229","1","臺中市","梧棲區","120.535","24.255","1254"
"933","285635","20220623022000","721","2","臺中市","梧棲區","120.550","24.255","944"
"705","285637","20220623022000","873","0","臺中市","梧棲區","120.560","24.255","703"
"1426","285638","20220623022000","1095","2","臺中市","梧棲區","120.540","24.260","1430"
"534","285642","20220623022000","602","0","臺中市","梧棲區","120.555","24.240","549"
"1959","285644","20220623022000","1359","2","臺中市","梧棲區","120.545","24.245","1977"
"431","285646","20220623022000","1175","0","臺中市","神岡區","120.695","24.245","448"
"650","285648","20220623022000","649","1","臺中市","神岡區","120.695","24.255","629"
"85","285657","20220623022000","80","1","臺中市","梧棲區(海)","120.490","24.255","86"
"12","285659","20220623022000","25","0","臺中市","梧棲區(海)","120.500","24.255","12"
"182","285667","20220623022000","148","2","臺中市","梧棲區(海)","120.500","24.265","209"
"77","285671","20220623022000","76","1","臺中市","梧棲區(海)","120.500","24.270","57"
"45","285677","20220623022000","42","1","臺中市","梧棲區(海)","120.505","24.275","34"
"12","285681","20220623022000","114","0","臺中市","梧棲區","120.525","24.260","10"
"92","285682","20220623022000","92","1","臺中市","梧棲區","120.530","24.260","101"
"378","285683","20220623022000","294","2","臺中市","北屯區","120.790","24.205","436"
"286","285685","20220623022000","240","1","臺中市","新社區","120.805","24.190","271"
"146","285695","20220623022000","154","0","臺中市","新社區","120.815","24.200","143"
"168","285697","20220623022000","149","1","臺中市","新社區","120.805","24.205","156"
"168","285701","20220623022000","140","2","臺中市","新社區","120.805","24.210","150"
"261","285707","20220623022000","293","0","臺中市","新社區","120.800","24.220","289"
"156","285713","20220623022000","120","2","臺中市","新社區","120.795","24.235","168"
"32","285717","20220623022000","329","0","臺中市","新社區","120.795","24.230","50"
"140","285720","20220623022000","105","2","臺中市","新社區","120.780","24.230","155"
"32","285727","20220623022000","418","0","臺中市","新社區","120.785","24.235","45"
"1148","285738","20220623022000","911","2","臺中市","神岡區","120.700","24.250","1175"
"587","285742","20220623022000","476","2","臺中市","神岡區","120.645","24.250","609"
"159","285745","20220623022000","147","1","臺中市","神岡區","120.645","24.255","176"
"74","285747","20220623022000","87","0","臺中市","神岡區","120.635","24.260","66"
"547","285750","20220623022000","1362","0","臺中市","豐原區","120.710","24.245","574"
"1231","285752","20220623022000","704","3","臺中市","豐原區","120.720","24.260","1222"
"3315","285754","20220623022000","2802","1","臺中市","豐原區","120.720","24.265","3261"
"385","285758","20220623022000","306","2","臺中市","豐原區","120.715","24.275","410"
"786","285759","20220623022000","282","3","臺中市","豐原區","120.720","24.275","799"
"188","285761","20220623022000","190","0","臺中市","豐原區","120.720","24.280","200"
"1491","285764","20220623022000","1223","2","臺中市","梧棲區","120.545","24.240","1467"
"1004","285765","20220623022000","1189","0","臺中市","梧棲區","120.540","24.245","1031"
"248","285766","20220623022000","281","0","臺中市","梧棲區","120.520","24.255","278"
"609","285767","20220623022000","857","0","臺中市","梧棲區","120.525","24.255","660"
"228","285773","20220623022000","184","2","臺中市","新社區","120.810","24.225","229"
"338","285777","20220623022000","427","0","臺中市","新社區","120.805","24.230","348"
"2650","285782","20220623022000","1555","3","臺中市","豐原區","120.725","24.255","2625"
"641","285783","20220623022000","707","0","臺中市","豐原區","120.705","24.250","635"
"613","285785","20220623022000","543","1","臺中市","豐原區","120.720","24.240","632"
"1339","285787","20220623022000","1452","0","臺中市","豐原區","120.715","24.235","1316"
"1847","285788","20220623022000","1457","2","臺中市","豐原區","120.720","24.235","1865"
"822","285789","20220623022000","760","1","臺中市","豐原區","120.725","24.235","826"
"3037","285791","20220623022000","1754","3","臺中市","豐原區","120.715","24.245","3030"
"125","285792","20220623022000","124","1","臺中市","豐原區","120.710","24.240","121"
"55","285793","20220623022000","64","0","臺中市","豐原區","120.725","24.250","46"
"575","285796","20220623022000","365","3","臺中市","豐原區","120.740","24.240","546"
"506","285799","20220623022000","1071","0","臺中市","豐原區","120.730","24.245","557"
"931","285800","20220623022000","597","3","臺中市","豐原區","120.735","24.245","904"
"1016","285803","20220623022000","608","3","臺中市","豐原區","120.730","24.250","1020"
"984","285804","20220623022000","650","3","臺中市","豐原區","120.735","24.250","988"
"1023","285805","20220623022000","922","1","臺中市","豐原區","120.740","24.250","1027"
"27","285806","20220623022000","693","0","臺中市","龍井區","120.525","24.210","25"
"319","285812","20220623022000","359","0","臺中市","龍井區","120.515","24.215","329"
"503","285819","20220623022000","320","3","臺中市","龍井區","120.510","24.220","508"
"638","285821","20220623022000","343","3","臺中市","龍井區","120.520","24.220","634"
"2255","285822","20220623022000","1030","3","臺中市","龍井區","120.525","24.220","2281"
"662","285849","20220623022000","831","0","臺中市","新社區","120.805","24.240","695"
"284","285852","20220623022000","146","3","臺中市","新社區","120.820","24.205","284"
"59","285856","20220623022000","37","3","臺中市","北屯區","120.780","24.210","48"
"15","285859","20220623022000","151","0","臺中市","新社區","120.795","24.210","16"
"488","285862","20220623022000","313","3","臺中市","新社區","120.780","24.215","540"
"262","285867","20220623022000","227","1","臺中市","新社區","120.775","24.220","259"
"137","285871","20220623022000","109","2","臺中市","新社區","120.775","24.225","129"
"126","285886","20220623022000","75","3","臺中市","梧棲區","120.515","24.225","127"
"148","285894","20220623022000","153","0","臺中市","清水區","120.635","24.265","151"
"659","285910","20220623022000","725","0","臺中市","梧棲區","120.535","24.250","681"
"34","285912","20220623022000","447","0","臺中市","梧棲區","120.545","24.250","37"
"484","285914","20220623022000","483","1","臺中市","梧棲區","120.540","24.255","478"
"296","285916","20220623022000","276","1","臺中市","豐原區","120.700","24.230","302"
"331","285918","20220623022000","362","0","臺中市","豐原區","120.705","24.235","342"
"276","285919","20220623022000","207","2","臺中市","豐原區","120.700","24.235","268"
"411","285920","20220623022000","409","1","臺中市","豐原區","120.700","24.240","399"
"49","285921","20220623022000","39","2","臺中市","豐原區","120.760","24.235","53"
"41","285923","20220623022000","48","0","臺中市","豐原區","120.755","24.240","42"
"22","285925","20220623022000","20","1","臺中市","豐原區","120.765","24.240","23"
"76","285927","20220623022000","82","0","臺中市","豐原區","120.750","24.245","73"
"462","285933","20220623022000","367","2","臺中市","豐原區","120.745","24.250","467"
"85","285937","20220623022000","55","3","臺中市","豐原區","120.765","24.250","79"
"235","285948","20220623022000","152","3","臺中市","石岡區","120.770","24.260","220"
"48","285949","20220623022000","51","0","臺中市","豐原區","120.760","24.265","47"
"128","285953","20220623022000","75","3","臺中市","石岡區","120.765","24.270","128"
"1099","285954","20220623022000","733","2","臺中市","豐原區","120.730","24.255","1048"
"310","285955","20220623022000","400","0","臺中市","豐原區","120.735","24.255","327"
"1259","285956","20220623022000","948","2","臺中市","豐原區","120.745","24.255","1238"
"533","285957","20220623022000","268","3","臺中市","豐原區","120.740","24.260","523"
"438","285958","20220623022000","285","3","臺中市","豐原區","120.745","24.260","429"
"19","285959","20220623022000","343","0","臺中市","豐原區","120.750","24.260","27"
"222","285960","20220623022000","217","1","臺中市","豐原區","120.755","24.265","227"
"2642","285962","20220623022000","2560","1","臺中市","豐原區","120.725","24.240","2643"
"1480","285963","20220623022000","1749","0","臺中市","豐原區","120.730","24.240","1368"
"28","285964","20220623022000","48","0","臺中市","龍井區","120.580","24.190","32"
"55","285965","20220623022000","55","1","臺中市","龍井區","120.585","24.190","63"
"26","285980","20220623022000","491","0","臺中市","沙鹿區","120.570","24.225","35"
"2352","285981","20220623022000","2160","1","臺中市","沙鹿區","120.570","24.230","2357"
"569","285983","20220623022000","1344","0","臺中市","沙鹿區","120.565","24.215","559"
"1790","285984","20220623022000","1649","1","臺中市","沙鹿區","120.555","24.220","1793"
"294","285985","20220623022000","262","1","臺中市","沙鹿區","120.560","24.220","291"
"644","285990","20220623022000","425","3","臺中市","沙鹿區","120.575","24.200","654"
"2146","285991","20220623022000","1509","2","臺中市","沙鹿區","120.580","24.200","2099"
"483","285994","20220623022000","522","0","臺中市","沙鹿區","120.570","24.205","504"
"647","285999","20220623022000","699","0","臺中市","沙鹿區","120.575","24.210","676"
"130","286001","20220623022000","123","1","臺中市","沙鹿區","120.560","24.235","154"
"541","286002","20220623022000","555","0","臺中市","豐原區","120.710","24.250","525"
"2228","286003","20220623022000","1879","1","臺中市","豐原區","120.715","24.250","2246"
"450","286005","20220623022000","466","0","臺中市","豐原區","120.725","24.225","438"
"361","286006","20220623022000","330","1","臺中市","豐原區","120.730","24.225","360"
"546","286008","20220623022000","453","2","臺中市","豐原區","120.725","24.230","551"
"230","286010","20220623022000","239","0","臺中市","豐原區","120.735","24.230","239"
"522","286012","20220623022000","485","1","臺中市","豐原區","120.730","24.230","517"
"1051","286014","20220623022000","940","1","臺中市","北屯區","120.660","24.190","1071"
"1844","286023","20220623022000","655","3","臺中市","龍井區","120.520","24.205","1832"
"931","286024","20220623022000","214","3","臺中市","龍井區","120.525","24.205","972"
"1023","286027","20220623022000","348","3","臺中市","龍井區","120.505","24.210","1018"
"144","286031","20220623022000","104","2","臺中市","龍井區","120.545","24.205","150"
"1396","286036","20220623022000","1415","0","臺中市","龍井區","120.550","24.210","1431"
"467","286039","20220623022000","403","1","臺中市","龍井區","120.545","24.215","451"
"376","286043","20220623022000","215","3","臺中市","東勢區","120.830","24.235","371"
"502","286047","20220623022000","371","2","臺中市","東勢區","120.830","24.240","509"
"922","286051","20220623022000","1307","0","臺中市","東勢區","120.830","24.245","917"
"236","286052","20220623022000","186","2","臺中市","東勢區","120.835","24.245","239"
"664","286053","20220623022000","582","1","臺中市","東勢區","120.840","24.245","660"
"667","286054","20220623022000","620","1","臺中市","東勢區","120.825","24.255","668"
"61","286060","20220623022000","60","1","臺中市","東勢區","120.845","24.275","58"
"152","286071","20220623022000","122","2","臺中市","清水區","120.580","24.270","147"
"1973","286072","20220623022000","1338","2","臺中市","北屯區","120.685","24.185","1957"
"47","286075","20220623022000","296","0","臺中市","北屯區","120.690","24.195","40"
"1501","286078","20220623022000","1284","1","臺中市","豐原區","120.720","24.250","1416"
"2976","286079","20220623022000","3232","0","臺中市","梧棲區","120.535","24.260","3068"
"517","286081","20220623022000","573","0","臺中市","梧棲區","120.530","24.265","537"
"897","286084","20220623022000","915","0","臺中市","梧棲區","120.530","24.270","866"
"762","286088","20220623022000","720","1","臺中市","沙鹿區","120.565","24.200","765"
"431","286090","20220623022000","261","3","臺中市","沙鹿區","120.560","24.205","428"
"24","286091","20220623022000","567","0","臺中市","沙鹿區","120.565","24.205","23"
"48","286092","20220623022000","578","0","臺中市","沙鹿區","120.555","24.210","53"
"18","286093","20220623022000","298","0","臺中市","沙鹿區","120.560","24.210","25"
"268","286094","20220623022000","236","1","臺中市","沙鹿區","120.565","24.210","255"
"135","286095","20220623022000","134","1","臺中市","沙鹿區","120.555","24.215","142"
"260","286097","20220623022000","220","1","臺中市","沙鹿區","120.605","24.240","262"
"365","286098","20220623022000","355","1","臺中市","沙鹿區","120.605","24.245","371"
"669","286099","20220623022000","493","2","臺中市","沙鹿區","120.610","24.245","661"
"373","286100","20220623022000","223","3","臺中市","沙鹿區","120.600","24.250","374"
"291","286105","20220623022000","286","1","臺中市","北屯區","120.685","24.195","280"
"340","286108","20220623022000","294","1","臺中市","北屯區","120.750","24.190","343"
"139","286113","20220623022000","115","2","臺中市","北屯區","120.750","24.195","141"
"39","286118","20220623022000","36","1","臺中市","北屯區","120.745","24.200","35"
"35","286121","20220623022000","28","2","臺中市","北屯區","120.760","24.200","36"
"1513","286135","20220623022000","934","3","臺中市","北屯區","120.680","24.190","1569"
"812","286137","20220623022000","665","2","臺中市","清水區","120.545","24.265","788"
"828","286140","20220623022000","839","0","臺中市","清水區","120.545","24.270","811"
"649","286141","20220623022000","575","1","臺中市","清水區","120.550","24.270","637"
"1461","286147","20220623022000","1963","0","臺中市","潭子區","120.710","24.215","1407"
"25","286149","20220623022000","337","0","臺中市","潭子區","120.710","24.220","23"
"562","286153","20220623022000","534","1","臺中市","豐原區","120.720","24.230","515"
"409","286156","20220623022000","381","1","臺中市","潭子區","120.680","24.225","407"
"852","286159","20220623022000","637","2","臺中市","潭子區","120.685","24.230","856"
"1629","286161","20220623022000","1255","2","臺中市","潭子區","120.690","24.225","1664"
"305","286162","20220623022000","322","0","臺中市","潭子區","120.695","24.225","301"
"375","286167","20220623022000","408","0","臺中市","梧棲區","120.525","24.225","404"
"237","286169","20220623022000","293","0","臺中市","梧棲區","120.510","24.230","237"
"92","286173","20220623022000","101","0","臺中市","梧棲區","120.505","24.235","97"
"19","286175","20220623022000","22","0","臺中市","梧棲區","120.515","24.235","21"
"962","286177","20220623022000","1195","0","臺中市","梧棲區","120.525","24.235","962"
"14","286179","20220623022000","16","0","臺中市","梧棲區","120.505","24.240","14"
"160","286180","20220623022000","186","0","臺中市","梧棲區","120.510","24.240","161"
"82","286181","20220623022000","92","0","臺中市","梧棲區","120.515","24.240","79"
"819","286183","20220623022000","507","3","臺中市","梧棲區","120.525","24.240","830"
"59","286186","20220623022000","50","1","臺中市","梧棲區","120.510","24.245","61"
"194","286187","20220623022000","244","0","臺中市","梧棲區","120.515","24.245","194"
"951","286190","20220623022000","1174","0","臺中市","梧棲區","120.530","24.245","888"
"239","286195","20220623022000","183","2","臺中市","梧棲區","120.525","24.250","263"
"242","286199","20220623022000","257","0","臺中市","沙鹿區","120.580","24.220","251"
"1616","286203","20220623022000","1924","0","臺中市","沙鹿區","120.575","24.225","1673"
"604","286204","20220623022000","926","0","臺中市","沙鹿區","120.580","24.225","601"
"521","286205","20220623022000","733","0","臺中市","沙鹿區","120.585","24.225","507"
"464","286208","20220623022000","468","0","臺中市","沙鹿區","120.575","24.230","485"
"167","286209","20220623022000","558","0","臺中市","沙鹿區","120.580","24.230","220"
"64","286215","20220623022000","744","0","臺中市","沙鹿區","120.550","24.225","58"
"21","286221","20220623022000","17","2","臺中市","北屯區","120.770","24.195","23"
"20","286224","20220623022000","230","0","臺中市","北屯區","120.780","24.195","21"
"34","286235","20220623022000","30","1","臺中市","北屯區","120.770","24.205","36"
"809","286244","20220623022000","1327","0","臺中市","大雅區","120.650","24.225","820"
"126","286246","20220623022000","97","2","臺中市","大雅區","120.605","24.225","110"
"149","286248","20220623022000","106","2","臺中市","大雅區","120.615","24.225","123"
"429","286260","20220623022000","355","2","臺中市","大雅區","120.620","24.235","412"
"1497","286262","20220623022000","1079","2","臺中市","大雅區","120.645","24.215","1524"
"403","286263","20220623022000","356","1","臺中市","大雅區","120.645","24.220","408"
"849","286264","20220623022000","709","1","臺中市","大雅區","120.645","24.225","854"
"502","286266","20220623022000","269","3","臺中市","大雅區","120.635","24.205","499"
"23","286267","20220623022000","274","0","臺中市","大雅區","120.640","24.205","33"
"1895","286269","20220623022000","1313","2","臺中市","大雅區","120.615","24.210","1915"
"368","286270","20220623022000","253","2","臺中市","大雅區","120.620","24.210","366"
"744","286272","20220623022000","629","1","臺中市","大雅區","120.630","24.210","750"
"324","286273","20220623022000","251","2","臺中市","大雅區","120.635","24.210","318"
"149","286276","20220623022000","142","1","臺中市","大雅區","120.605","24.215","154"
"514","286279","20220623022000","707","0","臺中市","大雅區","120.620","24.215","508"
"793","286281","20220623022000","587","2","臺中市","大雅區","120.635","24.215","782"
"89","286282","20220623022000","73","2","臺中市","大雅區","120.600","24.220","98"
"76","286284","20220623022000","82","0","臺中市","大雅區","120.610","24.220","79"
"267","286285","20220623022000","127","3","臺中市","大雅區","120.615","24.220","269"
"702","286287","20220623022000","415","3","臺中市","大雅區","120.640","24.220","691"
"199","286288","20220623022000","168","1","臺中市","大雅區","120.630","24.215","190"
"35","286289","20220623022000","72","0","臺中市","大雅區","120.625","24.220","41"
"620","286292","20220623022000","563","1","臺中市","大雅區","120.625","24.225","641"
"1175","286293","20220623022000","991","1","臺中市","大雅區","120.630","24.225","1180"
"500","286296","20220623022000","329","3","臺中市","大雅區","120.620","24.230","518"
"240","286300","20220623022000","163","2","臺中市","大雅區","120.625","24.230","258"
"479","286302","20220623022000","428","1","臺中市","潭子區","120.670","24.205","499"
"95","286305","20220623022000","86","1","臺中市","大雅區","120.670","24.215","104"
"465","286306","20220623022000","284","3","臺中市","大雅區","120.675","24.215","452"
"717","286307","20220623022000","763","0","臺中市","大雅區","120.670","24.220","713"
"576","286318","20220623022000","404","2","臺中市","東勢區","120.835","24.220","599"
"220","286323","20220623022000","187","1","臺中市","東勢區","120.820","24.275","216"
"365","286344","20220623022000","352","1","臺中市","東勢區","120.850","24.260","367"
"195","286375","20220623022000","146","2","臺中市","沙鹿區","120.590","24.230","209"
"479","286377","20220623022000","614","0","臺中市","沙鹿區","120.565","24.235","571"
"2591","286384","20220623022000","2876","0","臺中市","沙鹿區","120.570","24.240","2578"
"534","286386","20220623022000","775","0","臺中市","東勢區","120.830","24.255","544"
"465","286388","20220623022000","670","0","臺中市","東勢區","120.825","24.250","479"
"370","286389","20220623022000","388","0","臺中市","梧棲區","120.530","24.230","406"
"676","286392","20220623022000","794","0","臺中市","梧棲區","120.545","24.230","695"
"1001","286398","20220623022000","1048","0","臺中市","豐原區","120.715","24.255","954"
"98","286399","20220623022000","1162","0","臺中市","豐原區","120.720","24.255","1201"
"2328","286400","20220623022000","644","3","臺中市","豐原區","120.735","24.270","2316"
"54","286406","20220623022000","322","0","臺中市","豐原區","120.745","24.275","59"
"431","286408","20220623022000","301","2","臺中市","豐原區","120.755","24.275","414"
"648","286413","20220623022000","587","1","臺中市","東勢區","120.760","24.280","653"
"331","286418","20220623022000","135","3","臺中市","豐原區","120.725","24.275","327"
"586","286422","20220623022000","127","3","臺中市","豐原區","120.735","24.280","584"
"162","286436","20220623022000","137","1","臺中市","豐原區","120.760","24.230","157"
"201","286446","20220623022000","158","2","臺中市","豐原區","120.740","24.235","198"
"218","286447","20220623022000","130","3","臺中市","豐原區","120.745","24.235","220"
"161","286461","20220623022000","1468","0","臺中市","龍井區","120.520","24.195","138"
"1092","286465","20220623022000","348","3","臺中市","龍井區","120.500","24.200","1091"
"569","286475","20220623022000","210","3","臺中市","龍井區","120.510","24.200","595"
"74","286482","20220623022000","285","0","臺中市","龍井區","120.515","24.205","62"
"325","286485","20220623022000","235","2","臺中市","石岡區","120.770","24.280","341"
"1013","286486","20220623022000","900","1","臺中市","石岡區","120.775","24.275","1004"
"494","286489","20220623022000","558","0","臺中市","石岡區","120.795","24.270","492"
"110","286497","20220623022000","68","3","臺中市","石岡區","120.775","24.255","103"
"24","286500","20220623022000","19","2","臺中市","石岡區","120.775","24.260","19"
"181","286510","20220623022000","139","2","臺中市","石岡區","120.770","24.275","189"
"133","286511","20220623022000","102","2","臺中市","新社區","120.795","24.245","129"
"286","286517","20220623022000","199","2","臺中市","石岡區","120.785","24.260","256"
"446","286522","20220623022000","361","2","臺中市","潭子區","120.695","24.230","461"
"566","286525","20220623022000","416","2","臺中市","神岡區","120.695","24.235","530"
"409","286526","20220623022000","347","1","臺中市","神岡區","120.690","24.240","439"
"46","286528","20220623022000","426","0","臺中市","豐原區","120.740","24.265","40"
"2439","286530","20220623022000","2329","1","臺中市","清水區","120.570","24.265","2452"
"398","286531","20220623022000","322","2","臺中市","清水區","120.570","24.270","393"
"617","286535","20220623022000","459","2","臺中市","清水區","120.630","24.275","521"
"143","286541","20220623022000","117","2","臺中市","清水區","120.565","24.275","121"
"202","286544","20220623022000","111","3","臺中市","西屯區","120.640","24.190","193"
"311","286547","20220623022000","344","0","臺中市","西屯區","120.645","24.195","293"
"580","286549","20220623022000","301","3","臺中市","西屯區","120.645","24.200","577"
"46","286550","20220623022000","340","0","臺中市","西屯區","120.650","24.200","41"
"15","286551","20220623022000","33","0","臺中市","西屯區","120.650","24.205","13"
"45","286554","20220623022000","465","0","臺中市","神岡區","120.670","24.255","39"
"926","286555","20220623022000","810","1","臺中市","神岡區","120.675","24.255","912"
"1480","286556","20220623022000","703","3","臺中市","神岡區","120.665","24.260","761"
"12","286558","20220623022000","139","0","臺中市","神岡區","120.655","24.265","12"
"376","286561","20220623022000","279","2","臺中市","神岡區","120.665","24.270","374"
"126","286563","20220623022000","44","3","臺中市","神岡區","120.665","24.275","117"
"354","286566","20220623022000","362","0","臺中市","神岡區","120.645","24.265","363"
"48","286569","20220623022000","101","0","臺中市","神岡區","120.650","24.270","44"
"589","286570","20220623022000","347","3","臺中市","神岡區","120.655","24.270","524"
"40","286572","20220623022000","491","0","臺中市","神岡區","120.650","24.275","46"
"625","286574","20220623022000","468","2","臺中市","神岡區","120.660","24.275","528"
"117","286598","20220623022000","79","2","臺中市","和平區","120.895","24.230","109"
"34","286652","20220623022000","28","2","臺中市","和平區","120.905","24.240","29"
"112","286658","20220623022000","93","2","臺中市","和平區","120.935","24.240","104"
"89","286690","20220623022000","67","2","臺中市","和平區","120.900","24.250","86"
"39","286794","20220623022000","44","0","臺中市","和平區","121.015","24.195","33"
"176","286822","20220623022000","124","2","臺中市","和平區","121.005","24.200","152"
"117","286823","20220623022000","222","0","臺中市","和平區","121.010","24.200","134"
"131","286853","20220623022000","181","0","臺中市","和平區","121.015","24.205","90"
"16","286950","20220623022000","10","3","臺中市","和平區","120.965","24.225","17"
"108","287119","20220623022000","70","3","臺中市","和平區","121.010","24.255","104"
"36","287154","20220623022000","18","3","臺中市","和平區","121.000","24.265","24"
"20","287173","20220623022000","16","2","臺中市","和平區","121.015","24.270","18"
"166","287678","20220623022000","154","1","臺中市","和平區","121.245","24.245","167"
"186","287725","20220623022000","125","2","臺中市","和平區","121.245","24.250","193"
"167","287726","20220623022000","153","1","臺中市","和平區","121.250","24.250","170"
"29","287756","20220623022000","32","0","臺中市","和平區","121.165","24.255","30"
"23","287766","20220623022000","24","0","臺中市","和平區","121.215","24.255","17"
"235","287770","20220623022000","162","2","臺中市","和平區","121.235","24.255","209"
"265","287774","20220623022000","240","1","臺中市","和平區","121.255","24.255","203"
"165","287776","20220623022000","140","1","臺中市","和平區","121.265","24.255","172"
"520","287823","20220623022000","377","2","臺中市","和平區","121.260","24.260","466"
"53","288103","20220623022000","34","3","臺中市","和平區","120.890","24.275","49"
"12","288133","20220623022000","13","0","臺中市","和平區","120.945","24.280","13"
"22","288159","20220623022000","26","0","臺中市","和平區","121.025","24.280","15"
"794","288160","20220623022000","821","0","臺中市","清水區","120.555","24.260","785"
"753","288161","20220623022000","761","0","臺中市","清水區","120.560","24.260","747"
"1283","288163","20220623022000","1091","1","臺中市","清水區","120.550","24.265","1288"
"547","288166","20220623022000","1174","0","臺中市","清水區","120.565","24.265","527"
"1416","288169","20220623022000","987","2","臺中市","清水區","120.560","24.275","1389"
"319","288179","20220623022000","322","0","臺中市","清水區","120.605","24.275","336"
"88","288182","20220623022000","119","0","臺中市","清水區","120.600","24.275","74"
"96","288184","20220623022000","71","2","臺中市","清水區","120.610","24.275","92"
"148","288192","20220623022000","148","1","臺中市","潭子區","120.725","24.215","146"
"269","288194","20220623022000","255","1","臺中市","潭子區","120.735","24.215","273"
"476","288198","20220623022000","512","0","臺中市","潭子區","120.720","24.220","478"
"1556","288207","20220623022000","1316","1","臺中市","潭子區","120.680","24.205","1539"
"46","288208","20220623022000","44","1","臺中市","潭子區","120.685","24.205","45"
"526","288209","20220623022000","484","1","臺中市","北屯區","120.690","24.205","541"
"149","288212","20220623022000","82","3","臺中市","潭子區","120.690","24.210","143"
"728","288215","20220623022000","671","1","臺中市","潭子區","120.685","24.215","729"
"1267","288216","20220623022000","1306","0","臺中市","潭子區","120.690","24.215","1247"
"418","288219","20220623022000","442","0","臺中市","潭子區","120.690","24.220","441"
"1577","288223","20220623022000","1371","1","臺中市","潭子區","120.710","24.230","1592"
"263","288224","20220623022000","268","0","臺中市","豐原區","120.715","24.230","260"
"918","288225","20220623022000","607","3","臺中市","潭子區","120.705","24.230","908"
"2373","288228","20220623022000","1339","3","臺中市","神岡區","120.660","24.260","1629"
"986","288232","20220623022000","878","1","臺中市","神岡區","120.700","24.265","954"
"1188","288240","20220623022000","1151","1","臺中市","神岡區","120.710","24.255","1230"
"667","288242","20220623022000","471","2","臺中市","神岡區","120.705","24.260","650"
"111","288243","20220623022000","1250","0","臺中市","神岡區","120.710","24.260","109"
"690","288247","20220623022000","606","1","臺中市","神岡區","120.705","24.275","701"
"478","288250","20220623022000","403","1","臺中市","神岡區","120.710","24.275","463"
"128","288252","20220623022000","112","1","臺中市","西屯區","120.605","24.195","125"
"129","288253","20220623022000","159","0","臺中市","西屯區","120.610","24.195","124"
"33","288259","20220623022000","29","1","臺中市","西屯區","120.600","24.200","39"
"37","288260","20220623022000","35","1","臺中市","西屯區","120.605","24.200","36"
"13","288261","20220623022000","31","0","臺中市","西屯區","120.610","24.200","18"
"770","288262","20220623022000","717","1","臺中市","西屯區","120.615","24.200","764"
"687","288264","20220623022000","444","3","臺中市","西屯區","120.625","24.200","677"
"532","288265","20220623022000","427","2","臺中市","西屯區","120.630","24.200","537"
"24","288267","20220623022000","17","2","臺中市","西屯區","120.595","24.205","24"
"737","288268","20220623022000","534","2","臺中市","西屯區","120.600","24.205","741"
"205","288269","20220623022000","217","0","臺中市","西屯區","120.605","24.205","199"
"192","288270","20220623022000","251","0","臺中市","西屯區","120.610","24.205","162"
"624","288271","20220623022000","606","1","臺中市","西屯區","120.615","24.205","603"
"740","288272","20220623022000","750","0","臺中市","西屯區","120.620","24.205","765"
"190","288276","20220623022000","179","1","臺中市","西屯區","120.605","24.210","201"
"1213","288277","20220623022000","1246","0","臺中市","西屯區","120.610","24.210","1223"
"3836","288279","20220623022000","3841","0","臺中市","西屯區","120.610","24.190","3907"
"239","288281","20220623022000","152","3","臺中市","西屯區","120.625","24.190","250"
"97","288284","20220623022000","34","3","臺中市","西屯區","120.595","24.195","89"
"127","288287","20220623022000","70","3","臺中市","西屯區","120.655","24.190","120"
"582","288289","20220623022000","399","2","臺中市","西屯區","120.655","24.195","592"
"1215","288290","20220623022000","1139","1","臺中市","西屯區","120.660","24.195","1253"
"496","288291","20220623022000","287","3","臺中市","西屯區","120.655","24.200","471"
"219","288294","20220623022000","182","2","臺中市","西屯區","120.660","24.205","226"
"482","288298","20220623022000","432","1","臺中市","東勢區","120.850","24.240","482"
"286","288299","20220623022000","189","3","臺中市","東勢區","120.845","24.245","269"
"356","288302","20220623022000","544","0","臺中市","東勢區","120.825","24.260","363"
"1001","288304","20220623022000","885","1","臺中市","東勢區","120.825","24.265","1011"
"242","288312","20220623022000","173","2","臺中市","東勢區","120.835","24.230","254"
"19","288317","20220623022000","312","0","臺中市","東勢區","120.840","24.235","19"
"62","288339","20220623022000","37","3","臺中市","東勢區","120.875","24.215","64"
"62","288351","20220623022000","38","3","臺中市","東勢區","120.895","24.220","43"
"119","288382","20220623022000","91","2","臺中市","東勢區","120.865","24.240","128"
"729","288395","20220623022000","505","2","臺中市","沙鹿區","120.560","24.230","733"
"1224","288396","20220623022000","1240","0","臺中市","潭子區","120.710","24.235","1255"
"189","288397","20220623022000","1140","0","臺中市","豐原區","120.715","24.240","190"
"860","288401","20220623022000","1093","0","臺中市","清水區","120.570","24.260","838"
"14","288402","20220623022000","79","0","臺中市","清水區","120.575","24.270","11"
"1827","288403","20220623022000","1955","0","臺中市","清水區","120.580","24.275","1834"
"294","288407","20220623022000","1261","0","臺中市","潭子區","120.700","24.190","296"
"92","288459","20220623022000","76","2","花蓮縣","秀林鄉","121.715","24.245","108"
"95","288610","20220623022000","44","3","花蓮縣","秀林鄉","121.740","24.260","103"
"34","288819","20220623022000","36","0","花蓮縣","秀林鄉","121.485","24.190","34"
"32","288993","20220623022000","28","1","花蓮縣","秀林鄉","121.480","24.205","31"
"21","289039","20220623022000","16","2","花蓮縣","秀林鄉","121.450","24.210","21"
"1279","289851","20220623022000","1471","0","臺中市","大雅區","120.650","24.220","1267"
"559","289852","20220623022000","1058","0","臺中市","大雅區","120.655","24.220","574"
"438","289853","20220623022000","302","2","臺中市","大雅區","120.660","24.220","434"
"3711","289854","20220623022000","2894","2","臺中市","大雅區","120.655","24.225","3659"
"106","289855","20220623022000","105","1","臺中市","大雅區","120.660","24.225","123"
"1062","289860","20220623022000","951","1","臺中市","大雅區","120.635","24.235","1036"
"1311","289863","20220623022000","1075","2","臺中市","大雅區","120.630","24.240","1297"
"287","289868","20220623022000","266","1","臺中市","大雅區","120.635","24.245","280"
"21","289874","20220623022000","26","0","臺中市","大雅區","120.635","24.255","15"
"1977","289875","20220623022000","1365","2","臺中市","大雅區","120.645","24.230","1933"
"911","289879","20220623022000","722","2","臺中市","大雅區","120.655","24.230","901"
"642","289882","20220623022000","552","1","臺中市","大雅區","120.655","24.235","653"
"323","289884","20220623022000","190","3","臺中市","大雅區","120.645","24.240","326"
"1009","289886","20220623022000","709","2","臺中市","大雅區","120.655","24.240","1052"
"251","289893","20220623022000","290","0","臺中市","豐原區","120.735","24.260","277"
"981","289895","20220623022000","515","3","臺中市","豐原區","120.750","24.265","972"
"422","289898","20220623022000","313","2","臺中市","豐原區","120.735","24.265","426"
"124","289907","20220623022000","119","1","臺中市","新社區","120.815","24.240","133"
"32","289909","20220623022000","478","0","臺中市","豐原區","120.720","24.245","28"
"1100","289910","20220623022000","972","1","臺中市","豐原區","120.725","24.245","1099"
"460","289912","20220623022000","459","1","臺中市","大雅區","120.670","24.225","451"
"670","289916","20220623022000","1338","0","臺中市","大雅區","120.650","24.230","683"
"31","289918","20220623022000","253","0","臺中市","大雅區","120.645","24.210","24"
"824","289919","20220623022000","713","1","臺中市","大雅區","120.650","24.210","826"
"265","289920","20220623022000","430","0","臺中市","大雅區","120.650","24.215","260"
"1188","289921","20220623022000","984","2","臺中市","大雅區","120.660","24.230","1196"
"605","289922","20220623022000","621","0","臺中市","大雅區","120.665","24.230","592"
"1752","289923","20220623022000","1624","1","臺中市","大雅區","120.670","24.230","1719"
"480","289927","20220623022000","535","0","臺中市","大雅區","120.675","24.240","466"
"991","289928","20220623022000","788","2","臺中市","東勢區","120.830","24.250","995"
"728","289929","20220623022000","666","1","臺中市","東勢區","120.835","24.250","717"
"629","289937","20220623022000","524","2","臺中市","石岡區","120.785","24.275","659"
"724","289944","20220623022000","571","2","臺中市","石岡區","120.815","24.260","712"
"55","289946","20220623022000","240","0","臺中市","石岡區","120.805","24.265","58"
"24","289955","20220623022000","276","0","臺中市","石岡區","120.795","24.275","18"
"757","289964","20220623022000","193","3","臺中市","龍井區","120.480","24.210","785"
"198","289976","20220623022000","104","3","臺中市","龍井區","120.485","24.220","216"
"130","289982","20220623022000","95","2","臺中市","龍井區","120.490","24.225","126"
"426","289983","20220623022000","276","3","臺中市","龍井區","120.495","24.225","388"
"45","289992","20220623022000","77","0","臺中市","龍井區","120.490","24.230","53"
"744","289996","20220623022000","904","0","臺中市","沙鹿區","120.580","24.210","759"
"122","289999","20220623022000","1184","0","臺中市","沙鹿區","120.575","24.215","126"
"432","290000","20220623022000","527","0","臺中市","沙鹿區","120.580","24.215","447"
"232","290001","20220623022000","214","1","臺中市","沙鹿區","120.585","24.215","217"
"1256","290004","20220623022000","1064","1","臺中市","沙鹿區","120.570","24.220","1263"
"441","290005","20220623022000","407","1","臺中市","沙鹿區","120.575","24.220","427"
"38","290008","20220623022000","33","1","臺中市","東勢區","120.840","24.190","39"
"75","290010","20220623022000","60","2","臺中市","東勢區","120.835","24.195","77"
"400","290015","20220623022000","286","2","臺中市","東勢區","120.840","24.200","392"
"168","290025","20220623022000","169","0","臺中市","東勢區","120.840","24.210","167"
"11","290037","20220623022000","319","0","臺中市","東勢區","120.850","24.195","13"
"740","290046","20220623022000","823","0","臺中市","龍井區","120.545","24.190","739"
"185","290051","20220623022000","172","1","臺中市","潭子區","120.695","24.195","181"
"2052","290052","20220623022000","1803","1","臺中市","潭子區","120.700","24.195","2077"
"11","290171","20220623022000","14","0","南投縣","仁愛鄉","121.290","24.225","15"
"95","290182","20220623022000","89","1","南投縣","仁愛鄉","121.260","24.230","76"
"118","290292","20220623022000","111","1","南投縣","仁愛鄉","121.220","24.190","136"
"191","290293","20220623022000","123","3","南投縣","仁愛鄉","121.225","24.190","182"
"50","296900","20220623022000","56","0","宜蘭縣","南澳鄉","121.750","24.320","35"
"313","296924","20220623022000","188","3","宜蘭縣","南澳鄉","121.745","24.330","333"
"676","297399","20220623022000","452","2","臺中市","清水區","120.580","24.280","660"
"1419","297407","20220623022000","1300","1","臺中市","外埔區","120.620","24.335","1422"
"216","297413","20220623022000","126","3","臺中市","神岡區","120.650","24.280","145"
"365","297416","20220623022000","187","3","臺中市","神岡區","120.640","24.285","238"
"66","297422","20220623022000","60","1","臺中市","神岡區","120.640","24.290","65"
"176","297424","20220623022000","123","2","臺中市","神岡區","120.650","24.290","135"
"155","297433","20220623022000","1105","0","臺中市","大甲區","120.620","24.345","147"
"173","297434","20220623022000","182","0","臺中市","梧棲區(海)","120.510","24.280","178"
"38","297444","20220623022000","12","3","臺中市","清水區","120.620","24.285","39"
"93","297446","20220623022000","67","2","臺中市","大甲區","120.640","24.345","86"
"1138","297450","20220623022000","1055","1","臺中市","大甲區","120.630","24.355","1144"
"499","297453","20220623022000","548","0","臺中市","大甲區","120.645","24.355","530"
"33","297457","20220623022000","44","0","臺中市","大甲區","120.650","24.360","33"
"46","297458","20220623022000","332","0","臺中市","大甲區","120.640","24.365","50"
"100","297462","20220623022000","151","0","臺中市","東勢區","120.795","24.295","99"
"127","297485","20220623022000","102","2","臺中市","東勢區","120.785","24.310","122"
"270","297494","20220623022000","249","1","臺中市","東勢區","120.780","24.315","264"
"83","297510","20220623022000","120","0","臺中市","東勢區","120.870","24.280","76"
"118","297533","20220623022000","94","2","臺中市","清水區","120.560","24.310","110"
"18","297539","20220623022000","232","0","臺中市","清水區","120.555","24.305","22"
"199","297540","20220623022000","175","1","臺中市","清水區","120.550","24.310","189"
"455","297546","20220623022000","442","1","臺中市","清水區","120.560","24.320","431"
"16","297575","20220623022000","10","3","臺中市","清水區","120.540","24.300","12"
"154","297586","20220623022000","227","0","臺中市","清水區","120.545","24.305","154"
"178","297618","20220623022000","203","0","臺中市","后里區","120.665","24.305","108"
"495","297627","20220623022000","463","1","臺中市","后里區","120.680","24.310","518"
"172","297639","20220623022000","163","1","臺中市","后里區","120.725","24.285","189"
"289","297645","20220623022000","281","1","臺中市","后里區","120.725","24.290","288"
"296","297646","20220623022000","255","1","臺中市","后里區","120.730","24.290","305"
"99","297647","20220623022000","55","3","臺中市","后里區","120.735","24.290","110"
"171","297648","20220623022000","90","3","臺中市","后里區","120.740","24.290","207"
"284","297654","20220623022000","734","0","臺中市","后里區","120.730","24.295","276"
"56","297656","20220623022000","46","2","臺中市","后里區","120.740","24.295","47"
"189","297659","20220623022000","196","0","臺中市","后里區","120.755","24.295","182"
"65","297664","20220623022000","51","2","臺中市","后里區","120.735","24.300","55"
"17","297665","20220623022000","80","0","臺中市","后里區","120.740","24.300","17"
"712","297671","20220623022000","647","1","臺中市","后里區","120.725","24.305","686"
"73","297672","20220623022000","16","3","臺中市","后里區","120.735","24.305","69"
"605","297689","20220623022000","499","2","臺中市","大安區","120.585","24.365","606"
"1778","297697","20220623022000","1689","1","臺中市","大甲區","120.630","24.350","1783"
"18","297701","20220623022000","15","2","苗栗縣","苑裡鎮","120.700","24.365","14"
"1656","297704","20220623022000","1121","2","臺中市","大甲區","120.625","24.350","1622"
"1866","297705","20220623022000","1758","1","臺中市","大甲區","120.620","24.355","1823"
"1856","297706","20220623022000","1431","2","臺中市","大甲區","120.615","24.345","1884"
"719","297725","20220623022000","707","1","臺中市","大甲區","120.635","24.370","733"
"357","297760","20220623022000","304","1","臺中市","清水區","120.605","24.305","357"
"497","297763","20220623022000","426","1","臺中市","清水區","120.605","24.310","460"
"150","297775","20220623022000","1175","0","臺中市","后里區","120.710","24.305","134"
"193","297776","20220623022000","148","2","臺中市","后里區","120.700","24.310","195"
"225","297778","20220623022000","156","2","臺中市","后里區","120.735","24.310","229"
"45","297782","20220623022000","55","0","臺中市","后里區","120.755","24.310","46"
"237","297783","20220623022000","276","0","臺中市","后里區","120.740","24.315","228"
"16","297787","20220623022000","14","1","臺中市","后里區","120.760","24.315","16"
"187","297795","20220623022000","169","1","臺中市","后里區","120.735","24.325","191"
"328","297801","20220623022000","293","1","臺中市","后里區","120.740","24.330","316"
"291","297811","20220623022000","234","2","臺中市","后里區","120.725","24.340","319"
"353","297831","20220623022000","370","0","臺中市","外埔區","120.700","24.345","341"
"644","297868","20220623022000","615","1","臺中市","外埔區","120.645","24.320","631"
"502","297883","20220623022000","412","2","臺中市","外埔區","120.670","24.320","514"
"183","297885","20220623022000","190","0","臺中市","外埔區","120.680","24.320","189"
"866","297886","20220623022000","750","1","臺中市","外埔區","120.665","24.325","856"
"687","297921","20220623022000","484","2","臺中市","外埔區","120.650","24.330","673"
"2029","297922","20220623022000","2091","0","臺中市","外埔區","120.655","24.330","2032"
"2535","297926","20220623022000","2511","1","臺中市","外埔區","120.635","24.340","2515"
"363","297928","20220623022000","327","1","臺中市","外埔區","120.645","24.340","366"
"200","297941","20220623022000","191","1","臺中市","外埔區","120.625","24.320","188"
"351","297947","20220623022000","301","1","臺中市","外埔區","120.630","24.325","344"
"56","297954","20220623022000","37","3","臺中市","外埔區","120.635","24.330","61"
"305","297957","20220623022000","247","2","臺中市","外埔區","120.630","24.335","332"
"289","297959","20220623022000","241","1","臺中市","外埔區","120.685","24.325","290"
"52","297961","20220623022000","70","0","臺中市","外埔區","120.675","24.330","53"
"263","297967","20220623022000","210","2","臺中市","后里區","120.710","24.330","258"
"571","297988","20220623022000","485","1","臺中市","外埔區","120.665","24.340","541"
"397","297992","20220623022000","300","2","臺中市","外埔區","120.685","24.340","415"
"747","297995","20220623022000","886","0","臺中市","大安區","120.585","24.345","791"
"29","298020","20220623022000","23","2","臺中市","大安區","120.570","24.340","31"
"63","298024","20220623022000","88","0","臺中市","大安區","120.570","24.345","95"
"344","298036","20220623022000","295","1","臺中市","大安區","120.590","24.335","341"
"321","298040","20220623022000","399","0","臺中市","大安區","120.590","24.340","313"
"62","298043","20220623022000","681","0","臺中市","大安區","120.605","24.365","60"
"1366","298045","20220623022000","1377","0","臺中市","后里區","120.720","24.310","1346"
"382","298047","20220623022000","485","0","臺中市","后里區","120.720","24.320","347"
"144","298050","20220623022000","834","0","臺中市","后里區","120.725","24.315","123"
"347","298051","20220623022000","294","1","臺中市","后里區","120.730","24.315","352"
"1715","298052","20220623022000","1200","2","臺中市","后里區","120.725","24.320","1754"
"128","298053","20220623022000","155","0","臺中市","后里區","120.730","24.320","125"
"54","298054","20220623022000","68","0","臺中市","后里區","120.735","24.320","45"
"65","298056","20220623022000","88","0","臺中市","后里區","120.725","24.325","73"
"877","298059","20220623022000","674","2","臺中市","后里區","120.710","24.310","906"
"171","298060","20220623022000","143","1","臺中市","后里區","120.715","24.310","165"
"358","298062","20220623022000","178","3","臺中市","后里區","120.710","24.315","346"
"133","298066","20220623022000","113","1","臺中市","后里區","120.705","24.320","201"
"51","298069","20220623022000","112","0","臺中市","外埔區","120.695","24.325","27"
"214","298070","20220623022000","197","1","臺中市","后里區","120.700","24.325","187"
"23","298074","20220623022000","18","2","臺中市","后里區","120.705","24.325","21"
"339","298075","20220623022000","315","1","臺中市","后里區","120.710","24.325","356"
"334","298078","20220623022000","294","1","臺中市","后里區","120.705","24.330","339"
"40","298081","20220623022000","218","0","臺中市","后里區","120.745","24.325","40"
"106","298082","20220623022000","103","1","臺中市","后里區","120.750","24.325","116"
"162","298092","20220623022000","123","2","臺中市","后里區","120.680","24.315","150"
"76","298093","20220623022000","41","3","臺中市","后里區","120.685","24.315","57"
"649","298094","20220623022000","575","1","臺中市","后里區","120.690","24.315","643"
"529","298095","20220623022000","409","2","臺中市","后里區","120.695","24.315","515"
"112","298096","20220623022000","82","2","臺中市","外埔區","120.685","24.320","90"
"44","298098","20220623022000","467","0","臺中市","大安區","120.600","24.345","47"
"31","298100","20220623022000","473","0","臺中市","大安區","120.600","24.350","31"
"118","298108","20220623022000","121","0","臺中市","大甲區","120.680","24.365","131"
"262","298116","20220623022000","262","1","臺中市","大甲區","120.675","24.370","265"
"651","298125","20220623022000","756","0","臺中市","大甲區","120.625","24.340","654"
"350","298126","20220623022000","372","0","臺中市","大甲區","120.630","24.340","325"
"162","298128","20220623022000","148","1","臺中市","大甲區","120.620","24.340","165"
"2548","298129","20220623022000","2259","1","臺中市","大甲區","120.625","24.345","2571"
"206","298135","20220623022000","242","0","臺中市","后里區","120.715","24.295","202"
"1294","298141","20220623022000","1580","0","臺中市","后里區","120.715","24.305","1327"
"350","298142","20220623022000","450","0","臺中市","后里區","120.720","24.305","345"
"490","298151","20220623022000","484","1","臺中市","清水區","120.610","24.290","472"
"147","298155","20220623022000","141","1","臺中市","清水區","120.610","24.295","153"
"1094","298159","20220623022000","945","1","臺中市","大甲區","120.615","24.350","1094"
"295","298177","20220623022000","283","1","臺中市","大甲區","120.605","24.325","295"
"259","298178","20220623022000","285","0","臺中市","大甲區","120.595","24.330","258"
"1357","298182","20220623022000","1043","2","臺中市","后里區","120.725","24.310","1343"
"115","298183","20220623022000","188","0","臺中市","后里區","120.730","24.305","127"
"403","298184","20220623022000","580","0","臺中市","后里區","120.730","24.310","394"
"31","298185","20220623022000","24","2","臺中市","后里區","120.735","24.315","32"
"108","298202","20220623022000","109","0","臺中市","后里區","120.700","24.285","102"
"15","298208","20220623022000","243","0","臺中市","后里區","120.675","24.290","15"
"372","298213","20220623022000","344","1","臺中市","后里區","120.700","24.290","356"
"20","298360","20220623022000","27","0","臺中市","和平區","121.280","24.305","17"
"530","298427","20220623022000","385","2","臺中市","和平區","121.295","24.315","484"
"108","298504","20220623022000","70","3","臺中市","和平區","121.310","24.325","109"
"170","298630","20220623022000","128","2","臺中市","和平區","121.310","24.335","143"
"88","298631","20220623022000","86","1","臺中市","和平區","121.315","24.335","101"
"99","298723","20220623022000","78","2","臺中市","和平區","121.310","24.345","65"
"200","298770","20220623022000","126","3","臺中市","和平區","121.310","24.350","106"
"10","298772","20220623022000","20","0","臺中市","和平區","121.320","24.350","18"
"66","298818","20220623022000","54","2","臺中市","和平區","121.315","24.355","35"
"24","298866","20220623022000","39","0","臺中市","和平區","121.315","24.360","33"
"20","298968","20220623022000","15","2","臺中市","和平區","121.340","24.370","24"
"28","299078","20220623022000","14","3","臺中市","和平區","121.265","24.285","21"
"19","299174","20220623022000","11","3","臺中市","和平區","121.275","24.295","21"
"89","299584","20220623022000","74","2","臺中市","和平區","120.905","24.290","86"
"54","299602","20220623022000","45","2","臺中市","和平區","120.930","24.295","56"
"50","299659","20220623022000","47","1","臺中市","和平區","120.940","24.300","49"
"13","299678","20220623022000","12","1","臺中市","和平區","120.925","24.305","10"
"70","299703","20220623022000","59","1","臺中市","和平區","120.940","24.310","71"
"21","299761","20220623022000","15","2","臺中市","和平區","120.930","24.325","21"
"115","299779","20220623022000","86","2","臺中市","和平區","120.925","24.325","107"
"169","299781","20220623022000","134","2","臺中市","和平區","120.935","24.325","141"
"1036","299822","20220623022000","1041","0","臺中市","清水區","120.565","24.290","1024"
"33","299823","20220623022000","399","0","臺中市","清水區","120.560","24.295","30"
"69","299826","20220623022000","37","3","臺中市","清水區","120.600","24.280","84"
"32","299828","20220623022000","16","3","臺中市","清水區","120.610","24.280","31"
"103","299830","20220623022000","74","2","臺中市","清水區","120.600","24.285","98"
"634","299831","20220623022000","637","0","臺中市","清水區","120.575","24.285","637"
"551","299835","20220623022000","489","1","臺中市","清水區","120.575","24.300","522"
"93","299845","20220623022000","104","0","臺中市","東勢區","120.790","24.285","90"
"298","299852","20220623022000","240","2","臺中市","東勢區","120.795","24.285","294"
"39","299868","20220623022000","27","2","臺中市","東勢區","120.805","24.300","41"
"175","299869","20220623022000","171","1","臺中市","東勢區","120.810","24.300","178"
"510","299873","20220623022000","421","2","臺中市","清水區","120.555","24.280","526"
"171","299884","20220623022000","960","0","臺中市","清水區","120.540","24.285","186"
"26","299886","20220623022000","312","0","臺中市","清水區","120.525","24.290","30"
"52","299892","20220623022000","34","3","臺中市","清水區","120.520","24.295","56"
"545","299901","20220623022000","449","2","臺中市","清水區","120.630","24.290","507"
"58","299913","20220623022000","56","1","臺中市","清水區","120.630","24.300","55"
"71","299923","20220623022000","101","0","臺中市","清水區","120.580","24.290","68"
"610","299926","20220623022000","550","1","臺中市","清水區","120.590","24.295","608"
"95","300263","20220623022000","75","2","花蓮縣","秀林鄉","121.755","24.300","84"
"296","300401","20220623022000","184","3","花蓮縣","秀林鄉","121.750","24.310","256"
"61","300404","20220623022000","35","3","花蓮縣","秀林鄉","121.765","24.310","64"
"17","300405","20220623022000","14","2","花蓮縣","秀林鄉","121.765","24.305","27"
"10","300877","20220623022000","59","0","苗栗縣","三義鄉","120.740","24.365","10"
"59","300918","20220623022000","35","3","苗栗縣","三義鄉","120.750","24.345","55"
"178","300926","20220623022000","123","2","苗栗縣","三義鄉","120.745","24.350","177"
"10","300932","20220623022000","86","0","苗栗縣","三義鄉","120.735","24.355","18"
"107","300935","20220623022000","72","2","苗栗縣","三義鄉","120.750","24.355","109"
"10","300937","20220623022000","131","0","苗栗縣","三義鄉","120.760","24.355","10"
"39","300943","20220623022000","33","1","苗栗縣","三義鄉","120.770","24.355","48"
"79","300949","20220623022000","73","1","苗栗縣","三義鄉","120.780","24.360","65"
"198","300971","20220623022000","174","1","苗栗縣","卓蘭鎮","120.835","24.300","216"
"29","300982","20220623022000","21","2","苗栗縣","卓蘭鎮","120.845","24.310","33"
"22","301006","20220623022000","192","0","臺中市","東勢區","120.805","24.280","19"
"292","301007","20220623022000","233","2","臺中市","東勢區","120.810","24.280","284"
"662","301021","20220623022000","559","1","苗栗縣","卓蘭鎮","120.830","24.310","633"
"267","301030","20220623022000","218","2","苗栗縣","卓蘭鎮","120.845","24.320","298"
"237","301060","20220623022000","217","1","苗栗縣","卓蘭鎮","120.810","24.330","274"
"163","301079","20220623022000","141","1","苗栗縣","卓蘭鎮","120.785","24.330","180"
"196","301082","20220623022000","111","3","苗栗縣","卓蘭鎮","120.825","24.330","143"
"48","301093","20220623022000","29","3","苗栗縣","卓蘭鎮","120.805","24.335","38"
"34","301097","20220623022000","21","3","苗栗縣","卓蘭鎮","120.825","24.335","31"
"29","301176","20220623022000","13","3","臺中市","和平區","121.040","24.295","22"
"25","301578","20220623022000","52","0","苗栗縣","泰安鄉","120.945","24.360","67"
"95","301582","20220623022000","65","2","苗栗縣","泰安鄉","120.965","24.360","100"
"160","301609","20220623022000","97","3","苗栗縣","泰安鄉","120.960","24.370","133"
"10","301626","20220623022000","190","0","苗栗縣","卓蘭鎮","120.845","24.295","10"
"114","301629","20220623022000","109","1","苗栗縣","卓蘭鎮","120.860","24.295","119"
"118","301639","20220623022000","72","3","苗栗縣","卓蘭鎮","120.840","24.300","111"
"61","301640","20220623022000","58","1","苗栗縣","卓蘭鎮","120.845","24.300","67"
"57","301669","20220623022000","42","2","苗栗縣","卓蘭鎮","120.880","24.315","60"
"172","301723","20220623022000","158","1","苗栗縣","卓蘭鎮","120.850","24.340","166"
"164","301727","20220623022000","100","3","苗栗縣","卓蘭鎮","120.870","24.340","165"
"120","301752","20220623022000","135","0","苗栗縣","卓蘭鎮","120.825","24.305","122"
"643","301756","20220623022000","563","1","苗栗縣","卓蘭鎮","120.820","24.315","632"
"863","301757","20220623022000","685","2","苗栗縣","卓蘭鎮","120.825","24.315","861"
"13","301775","20220623022000","68","0","苗栗縣","卓蘭鎮","120.855","24.355","22"
"47","301787","20220623022000","34","2","苗栗縣","大湖鄉","120.870","24.360","45"
"113","301882","20220623022000","88","2","苗栗縣","大湖鄉","120.875","24.365","112"
"19","308048","20220623022000","13","2","宜蘭縣","南澳鄉","121.765","24.440","17"
"36","308125","20220623022000","23","3","宜蘭縣","南澳鄉","121.775","24.450","25"
"269","308964","20220623022000","214","2","宜蘭縣","南澳鄉","121.750","24.425","266"
"41","309060","20220623022000","17","3","宜蘭縣","南澳鄉","121.750","24.435","23"
"54","309298","20220623022000","31","3","宜蘭縣","大同鄉","121.355","24.395","73"
"470","309501","20220623022000","287","3","宜蘭縣","大同鄉","121.380","24.435","458"
"97","309740","20220623022000","85","1","宜蘭縣","蘇澳鎮","121.805","24.445","100"
"188","309750","20220623022000","165","1","宜蘭縣","蘇澳鎮","121.790","24.455","202"
"182","309853","20220623022000","117","3","臺中市","大甲區","120.640","24.410","178"
"84","309860","20220623022000","784","0","臺中市","大甲區","120.630","24.415","82"
"365","309867","20220623022000","319","1","臺中市","大甲區","120.635","24.390","376"
"47","309881","20220623022000","488","0","臺中市","大甲區","120.635","24.410","47"
"613","309883","20220623022000","574","1","臺中市","大甲區","120.640","24.415","602"
"12","309891","20220623022000","367","0","臺中市","大安區","120.600","24.370","12"
"401","309899","20220623022000","375","1","臺中市","大安區","120.605","24.385","381"
"409","309910","20220623022000","303","2","臺中市","大安區","120.600","24.395","388"
"18","309925","20220623022000","435","0","臺中市","大甲區","120.670","24.380","18"
"16","309935","20220623022000","15","1","臺中市","大甲區","120.665","24.390","14"
"16","309937","20220623022000","415","0","臺中市","大甲區","120.660","24.395","23"
"468","309939","20220623022000","469","0","苗栗縣","苑裡鎮","120.665","24.400","474"
"680","309942","20220623022000","527","2","臺中市","大甲區","120.645","24.400","700"
"1622","309947","20220623022000","1803","0","臺中市","大甲區","120.650","24.405","1532"
"365","309948","20220623022000","470","0","臺中市","大甲區","120.655","24.405","389"
"178","309960","20220623022000","217","0","臺中市","大安區","120.595","24.385","185"
"39","309972","20220623022000","310","0","臺中市","大安區","120.585","24.375","44"
"427","309973","20220623022000","398","1","臺中市","大安區","120.590","24.375","418"
"42","309975","20220623022000","47","0","臺中市","大安區","120.585","24.380","50"
"45","309977","20220623022000","40","1","臺中市","大安區","120.610","24.375","37"
"347","309986","20220623022000","304","1","臺中市","大甲區","120.660","24.370","316"
"1484","310004","20220623022000","1722","0","臺中市","大甲區","120.655","24.380","1484"
"36","310009","20220623022000","1079","0","臺中市","大甲區","120.650","24.390","37"
"398","310033","20220623022000","343","1","臺中市","大甲區","120.615","24.415","392"
"504","310040","20220623022000","486","1","臺中市","大甲區","120.620","24.370","488"
"29","310149","20220623022000","15","3","臺中市","和平區","121.305","24.380","13"
"32","310150","20220623022000","35","0","臺中市","和平區","121.310","24.380","30"
"62","310180","20220623022000","23","3","臺中市","和平區","121.300","24.385","30"
"39","310235","20220623022000","34","1","臺中市","和平區","121.305","24.395","21"
"36","310390","20220623022000","38","0","苗栗縣","三義鄉","120.780","24.385","38"
"183","310395","20220623022000","215","0","苗栗縣","三義鄉","120.750","24.395","205"
"335","310396","20220623022000","320","1","苗栗縣","三義鄉","120.755","24.395","360"
"1898","310412","20220623022000","1707","1","苗栗縣","三義鄉","120.760","24.405","1899"
"425","310415","20220623022000","368","1","苗栗縣","三義鄉","120.765","24.410","428"
"804","310419","20220623022000","878","0","苗栗縣","三義鄉","120.770","24.415","779"
"161","310423","20220623022000","159","1","苗栗縣","三義鄉","120.745","24.370","139"
"23","310429","20220623022000","26","0","苗栗縣","三義鄉","120.770","24.370","27"
"169","310433","20220623022000","132","2","苗栗縣","三義鄉","120.750","24.375","169"
"28","310441","20220623022000","34","0","苗栗縣","三義鄉","120.750","24.380","25"
"78","310450","20220623022000","53","2","苗栗縣","三義鄉","120.755","24.385","79"
"19","310451","20220623022000","159","0","苗栗縣","三義鄉","120.760","24.385","16"
"10","310456","20220623022000","12","0","苗栗縣","三義鄉","120.755","24.390","14"
"58","310458","20220623022000","62","0","苗栗縣","三義鄉","120.760","24.390","28"
"24","310469","20220623022000","23","1","苗栗縣","三義鄉","120.780","24.375","26"
"622","310489","20220623022000","591","1","苗栗縣","三義鄉","120.775","24.420","599"
"134","310506","20220623022000","127","1","苗栗縣","三義鄉","120.770","24.435","144"
"31","310521","20220623022000","26","1","苗栗縣","三義鄉","120.805","24.385","28"
"16","310527","20220623022000","19","0","苗栗縣","三義鄉","120.795","24.390","20"
"16","310542","20220623022000","15","1","苗栗縣","三義鄉","120.775","24.405","19"
"281","310551","20220623022000","269","1","苗栗縣","三義鄉","120.790","24.410","275"
"21","310552","20220623022000","21","1","苗栗縣","三義鄉","120.795","24.410","19"
"143","310580","20220623022000","111","2","苗栗縣","公館鄉","120.860","24.460","138"
"19","310595","20220623022000","19","1","苗栗縣","苑裡鎮","120.660","24.430","20"
"736","310596","20220623022000","605","2","苗栗縣","苑裡鎮","120.665","24.430","767"
"39","310601","20220623022000","305","0","苗栗縣","苑裡鎮","120.710","24.375","63"
"75","310623","20220623022000","72","1","苗栗縣","苑裡鎮","120.695","24.400","72"
"18","310630","20220623022000","12","3","苗栗縣","苑裡鎮","120.670","24.445","17"
"594","310636","20220623022000","436","2","苗栗縣","苑裡鎮","120.660","24.440","609"
"32","310637","20220623022000","40","0","苗栗縣","苑裡鎮","120.655","24.445","34"
"30","310639","20220623022000","16","3","苗栗縣","苑裡鎮","120.665","24.445","19"
"24","310640","20220623022000","13","3","苗栗縣","通霄鎮","120.660","24.450","20"
"527","310644","20220623022000","387","2","苗栗縣","苑裡鎮","120.655","24.450","530"
"43","310647","20220623022000","62","0","苗栗縣","通霄鎮","120.660","24.455","46"
"13","310648","20220623022000","11","1","苗栗縣","苑裡鎮","120.650","24.460","11"
"16","310656","20220623022000","179","0","苗栗縣","三義鄉","120.745","24.395","17"
"12","310670","20220623022000","90","0","苗栗縣","苑裡鎮","120.715","24.410","25"
"84","310685","20220623022000","80","1","苗栗縣","苑裡鎮","120.710","24.420","126"
"40","310688","20220623022000","23","3","苗栗縣","苑裡鎮","120.660","24.435","51"
"279","310695","20220623022000","253","1","苗栗縣","苑裡鎮","120.670","24.405","281"
"193","310698","20220623022000","246","0","苗栗縣","苑裡鎮","120.690","24.410","189"
"112","310699","20220623022000","51","3","苗栗縣","苑裡鎮","120.690","24.415","102"
"29","310721","20220623022000","453","0","苗栗縣","苑裡鎮","120.645","24.435","45"
"119","310722","20220623022000","91","2","苗栗縣","苑裡鎮","120.650","24.435","101"
"576","310727","20220623022000","458","2","苗栗縣","苑裡鎮","120.635","24.445","540"
"11","310728","20220623022000","12","0","苗栗縣","苑裡鎮","120.655","24.410","12"
"436","310730","20220623022000","363","2","苗栗縣","苑裡鎮","120.655","24.415","463"
"319","310737","20220623022000","278","1","苗栗縣","苑裡鎮","120.650","24.425","293"
"234","310752","20220623022000","223","1","苗栗縣","苑裡鎮","120.700","24.435","269"
"32","310755","20220623022000","40","0","苗栗縣","苑裡鎮","120.680","24.440","39"
"338","310758","20220623022000","286","1","苗栗縣","苑裡鎮","120.700","24.385","354"
"253","310763","20220623022000","313","0","苗栗縣","苑裡鎮","120.695","24.395","266"
"30","310766","20220623022000","13","3","苗栗縣","苑裡鎮","120.685","24.405","35"
"1039","310776","20220623022000","974","1","苗栗縣","大湖鄉","120.870","24.425","1044"
"18","310779","20220623022000","13","2","苗栗縣","大湖鄉","120.885","24.425","17"
"288","310796","20220623022000","217","2","苗栗縣","大湖鄉","120.865","24.400","273"
"45","310800","20220623022000","46","0","苗栗縣","大湖鄉","120.855","24.405","50"
"17","310825","20220623022000","172","0","苗栗縣","大湖鄉","120.900","24.410","15"
"205","310860","20220623022000","117","3","苗栗縣","大湖鄉","120.870","24.405","188"
"15","310881","20220623022000","246","0","苗栗縣","大湖鄉","120.860","24.420","10"
"425","310894","20220623022000","502","0","苗栗縣","苑裡鎮","120.655","24.440","401"
"1113","310905","20220623022000","1092","1","苗栗縣","苑裡鎮","120.680","24.385","1159"
"131","310911","20220623022000","126","1","苗栗縣","苑裡鎮","120.660","24.410","159"
"321","310914","20220623022000","164","3","苗栗縣","苑裡鎮","120.660","24.415","328"
"37","310926","20220623022000","36","1","苗栗縣","苑裡鎮","120.720","24.395","44"
"11","310927","20220623022000","76","0","苗栗縣","苑裡鎮","120.725","24.395","11"
"14","310930","20220623022000","14","1","苗栗縣","苑裡鎮","120.715","24.400","15"
"37","310938","20220623022000","33","1","苗栗縣","苑裡鎮","120.705","24.410","38"
"18","310941","20220623022000","41","0","苗栗縣","苑裡鎮","120.675","24.400","24"
"14","310942","20220623022000","12","1","苗栗縣","苑裡鎮","120.680","24.400","16"
"36","310943","20220623022000","513","0","苗栗縣","苑裡鎮","120.675","24.405","37"
"364","310949","20220623022000","224","3","苗栗縣","苑裡鎮","120.670","24.415","384"
"17","310953","20220623022000","13","2","苗栗縣","苑裡鎮","120.670","24.425","13"
"16","310959","20220623022000","15","1","苗栗縣","苑裡鎮","120.680","24.410","16"
"157","310964","20220623022000","1082","0","苗栗縣","苑裡鎮","120.685","24.415","147"
"195","310996","20220623022000","176","1","苗栗縣","銅鑼鄉","120.810","24.465","201"
"17","310999","20220623022000","22","0","苗栗縣","銅鑼鄉","120.755","24.445","12"
"17","311009","20220623022000","17","1","苗栗縣","銅鑼鄉","120.765","24.460","21"
"236","311014","20220623022000","151","3","苗栗縣","銅鑼鄉","120.760","24.460","226"
"45","311016","20220623022000","57","0","苗栗縣","銅鑼鄉","120.770","24.465","45"
"103","311031","20220623022000","62","3","苗栗縣","銅鑼鄉","120.810","24.405","109"
"127","311073","20220623022000","59","3","苗栗縣","銅鑼鄉","120.835","24.420","122"
"17","311089","20220623022000","12","2","苗栗縣","銅鑼鄉","120.765","24.435","14"
"141","311108","20220623022000","131","1","苗栗縣","銅鑼鄉","120.780","24.450","143"
"348","311118","20220623022000","375","0","苗栗縣","銅鑼鄉","120.780","24.465","359"
"1779","311279","20220623022000","1969","0","苗栗縣","苑裡鎮","120.650","24.440","1836"
"155","311280","20220623022000","145","1","苗栗縣","苑裡鎮","120.650","24.445","166"
"15","311281","20220623022000","17","0","苗栗縣","苑裡鎮","120.645","24.445","15"
"359","311283","20220623022000","365","0","苗栗縣","苑裡鎮","120.650","24.450","377"
"68","311310","20220623022000","50","2","苗栗縣","泰安鄉","120.925","24.390","64"
"14","311446","20220623022000","10","2","苗栗縣","泰安鄉","120.980","24.445","13"
"128","311474","20220623022000","84","3","苗栗縣","泰安鄉","120.935","24.420","100"
"185","311478","20220623022000","145","2","苗栗縣","泰安鄉","120.925","24.420","190"
"12","312076","20220623022000","16","0","苗栗縣","泰安鄉","121.015","24.425","11"
"110","312522","20220623022000","95","1","苗栗縣","泰安鄉","120.925","24.440","98"
"101","312590","20220623022000","87","1","苗栗縣","通霄鎮","120.735","24.410","132"
"139","312624","20220623022000","132","1","苗栗縣","通霄鎮","120.680","24.455","155"
"84","312636","20220623022000","64","2","苗栗縣","通霄鎮","120.690","24.465","66"
"12","312656","20220623022000","15","0","苗栗縣","通霄鎮","120.745","24.440","17"
"100","312664","20220623022000","54","3","苗栗縣","通霄鎮","120.725","24.450","109"
"11","312666","20220623022000","14","0","苗栗縣","通霄鎮","120.735","24.450","13"
"55","312668","20220623022000","105","0","苗栗縣","通霄鎮","120.720","24.425","58"
"61","312670","20220623022000","216","0","苗栗縣","通霄鎮","120.720","24.430","46"
"193","312677","20220623022000","188","1","苗栗縣","通霄鎮","120.715","24.440","206"
"222","312691","20220623022000","214","1","苗栗縣","通霄鎮","120.700","24.455","210"
"37","312717","20220623022000","29","2","苗栗縣","通霄鎮","120.730","24.460","36"
"57","312744","20220623022000","78","0","苗栗縣","大湖鄉","120.865","24.430","55"
"30","312752","20220623022000","167","0","苗栗縣","大湖鄉","120.865","24.435","29"
"60","312778","20220623022000","53","1","苗栗縣","大湖鄉","120.905","24.445","57"
"40","312782","20220623022000","28","2","苗栗縣","大湖鄉","120.880","24.450","40"
"188","312784","20220623022000","168","1","苗栗縣","大湖鄉","120.875","24.455","180"
"58","312785","20220623022000","685","0","苗栗縣","大湖鄉","120.865","24.420","61"
"182","312798","20220623022000","237","0","苗栗縣","大湖鄉","120.900","24.375","185"
"316","312833","20220623022000","255","2","苗栗縣","三義鄉","120.820","24.380","302"
"151","312851","20220623022000","111","2","苗栗縣","大湖鄉","120.865","24.375","151"
"44","312863","20220623022000","161","0","苗栗縣","大湖鄉","120.850","24.385","46"
"26","317431","20220623022000","26","1","宜蘭縣","蘇澳鎮","121.845","24.520","22"
"361","319889","20220623022000","254","2","宜蘭縣","南澳鄉","121.800","24.465","385"
"460","319890","20220623022000","470","0","宜蘭縣","蘇澳鎮","121.805","24.465","442"
"21","319894","20220623022000","13","3","宜蘭縣","南澳鄉","121.810","24.470","16"
"83","320020","20220623022000","85","0","宜蘭縣","蘇澳鎮","121.830","24.515","101"
"15","320043","20220623022000","12","2","宜蘭縣","南澳鄉","121.830","24.530","13"
"24","320054","20220623022000","15","3","宜蘭縣","南澳鄉","121.835","24.535","21"
"36","320069","20220623022000","46","0","宜蘭縣","蘇澳鎮","121.850","24.535","42"
"253","320197","20220623022000","209","2","宜蘭縣","南澳鄉","121.790","24.470","243"
"27","320298","20220623022000","14","3","宜蘭縣","南澳鄉","121.785","24.460","20"
"169","320807","20220623022000","113","2","宜蘭縣","大同鄉","121.430","24.485","216"
"156","320829","20220623022000","131","1","宜蘭縣","大同鄉","121.430","24.490","151"
"96","321192","20220623022000","90","1","宜蘭縣","大同鄉","121.530","24.500","93"
"19","321219","20220623022000","20","0","宜蘭縣","大同鄉","121.530","24.505","10"
"24","321263","20220623022000","10","3","宜蘭縣","南澳鄉","121.610","24.505","15"
"79","321699","20220623022000","66","1","宜蘭縣","大同鄉","121.450","24.530","91"
"15","321804","20220623022000","13","1","宜蘭縣","蘇澳鎮","121.810","24.465","15"
"144","321823","20220623022000","171","0","宜蘭縣","蘇澳鎮","121.840","24.485","229"
"43","321846","20220623022000","24","3","宜蘭縣","蘇澳鎮","121.835","24.510","36"
"217","321850","20220623022000","135","3","宜蘭縣","蘇澳鎮","121.835","24.520","193"
"145","321880","20220623022000","100","2","宜蘭縣","蘇澳鎮","121.820","24.460","145"
"15","321882","20220623022000","14","1","宜蘭縣","蘇澳鎮","121.820","24.465","20"
"30","321898","20220623022000","21","2","宜蘭縣","蘇澳鎮","121.825","24.485","22"
"119","322716","20220623022000","99","2","新竹縣","五峰鄉","121.110","24.525","63"
"20","322717","20220623022000","27","0","新竹縣","五峰鄉","121.115","24.525","16"
"26","322744","20220623022000","41","0","新竹縣","五峰鄉","121.125","24.530","28"
"71","322792","20220623022000","71","1","新竹縣","五峰鄉","121.125","24.540","59"
"38","322897","20220623022000","23","3","新竹縣","五峰鄉","121.130","24.560","10"
"64","322913","20220623022000","432","0","苗栗縣","公館鄉","120.820","24.495","62"
"16","322918","20220623022000","216","0","苗栗縣","公館鄉","120.815","24.510","18"
"207","322920","20220623022000","294","0","苗栗縣","公館鄉","120.815","24.515","197"
"372","322921","20220623022000","338","1","苗栗縣","銅鑼鄉","120.810","24.515","405"
"268","322933","20220623022000","227","1","苗栗縣","公館鄉","120.835","24.510","257"
"410","322941","20220623022000","404","1","苗栗縣","公館鄉","120.835","24.530","420"
"10","322961","20220623022000","100","0","苗栗縣","公館鄉","120.850","24.530","12"
"74","322992","20220623022000","60","2","苗栗縣","公館鄉","120.890","24.540","65"
"153","323065","20220623022000","135","1","苗栗縣","公館鄉","120.835","24.500","141"
"150","323078","20220623022000","151","0","苗栗縣","公館鄉","120.835","24.545","145"
"1098","323086","20220623022000","765","2","苗栗縣","公館鄉","120.825","24.510","1089"
"51","323090","20220623022000","736","0","苗栗縣","公館鄉","120.820","24.515","46"
"299","323092","20220623022000","473","0","苗栗縣","公館鄉","120.825","24.520","309"
"446","323094","20220623022000","311","2","苗栗縣","公館鄉","120.825","24.465","428"
"118","323105","20220623022000","193","0","苗栗縣","公館鄉","120.835","24.465","120"
"46","323120","20220623022000","36","2","苗栗縣","公館鄉","120.855","24.475","37"
"418","323126","20220623022000","412","1","苗栗縣","公館鄉","120.825","24.475","429"
"363","323131","20220623022000","422","0","苗栗縣","公館鄉","120.820","24.480","347"
"621","323137","20220623022000","490","2","苗栗縣","公館鄉","120.830","24.485","621"
"545","323139","20220623022000","514","1","苗栗縣","公館鄉","120.825","24.500","526"
"756","323140","20220623022000","764","0","苗栗縣","公館鄉","120.825","24.505","785"
"1186","323143","20220623022000","1414","0","苗栗縣","公館鄉","120.820","24.500","1204"
"449","323150","20220623022000","266","3","苗栗縣","公館鄉","120.830","24.530","456"
"203","323152","20220623022000","169","2","苗栗縣","公館鄉","120.830","24.535","209"
"876","323159","20220623022000","623","2","苗栗縣","公館鄉","120.825","24.530","840"
"163","323161","20220623022000","135","2","苗栗縣","苗栗市","120.835","24.555","166"
"424","323164","20220623022000","690","0","苗栗縣","苗栗市","120.820","24.560","832"
"30","323166","20220623022000","42","0","苗栗縣","通霄鎮","120.695","24.540","27"
"250","323174","20220623022000","159","3","苗栗縣","通霄鎮","120.700","24.550","255"
"225","323187","20220623022000","202","1","苗栗縣","通霄鎮","120.695","24.475","236"
"23","323189","20220623022000","471","0","苗栗縣","通霄鎮","120.685","24.480","16"
"73","323210","20220623022000","53","2","苗栗縣","通霄鎮","120.730","24.490","60"
"19","323218","20220623022000","71","0","苗栗縣","通霄鎮","120.740","24.495","19"
"15","323221","20220623022000","18","0","苗栗縣","通霄鎮","120.750","24.485","17"
"85","323237","20220623022000","81","1","苗栗縣","通霄鎮","120.720","24.505","100"
"12","323239","20220623022000","34","0","苗栗縣","通霄鎮","120.730","24.505","14"
"85","323242","20220623022000","69","2","苗栗縣","通霄鎮","120.740","24.505","85"
"44","323248","20220623022000","48","0","苗栗縣","通霄鎮","120.730","24.510","51"
"25","323299","20220623022000","16","3","苗栗縣","南庄鄉","120.960","24.520","27"
"82","323333","20220623022000","91","0","苗栗縣","南庄鄉","120.965","24.535","87"
"19","323356","20220623022000","119","0","苗栗縣","南庄鄉","120.970","24.545","11"
"2444","323391","20220623022000","2211","1","苗栗縣","苗栗市","120.825","24.555","2449"
"21","323392","20220623022000","21","1","苗栗縣","苗栗市","120.820","24.540","15"
"1034","323394","20220623022000","706","2","苗栗縣","苗栗市","120.825","24.545","1028"
"837","323395","20220623022000","1729","0","苗栗縣","苗栗市","120.815","24.550","853"
"72","323396","20220623022000","88","0","苗栗縣","苗栗市","120.820","24.550","67"
"1500","323397","20220623022000","1300","1","苗栗縣","苗栗市","120.815","24.555","1492"
"683","323400","20220623022000","553","2","苗栗縣","苗栗市","120.820","24.555","689"
"211","323402","20220623022000","186","1","苗栗縣","苗栗市","120.830","24.555","194"
"599","323403","20220623022000","466","2","苗栗縣","苗栗市","120.825","24.565","566"
"15","323405","20220623022000","30","0","苗栗縣","苗栗市","120.790","24.525","16"
"120","323411","20220623022000","204","0","苗栗縣","苗栗市","120.785","24.535","105"
"31","323412","20220623022000","52","0","苗栗縣","苗栗市","120.790","24.535","35"
"287","323414","20220623022000","112","3","苗栗縣","苗栗市","120.800","24.535","278"
"42","323530","20220623022000","23","3","苗栗縣","南庄鄉","121.025","24.535","34"
"26","323545","20220623022000","31","0","苗栗縣","南庄鄉","121.030","24.540","37"
"98","323601","20220623022000","64","3","苗栗縣","頭屋鄉","120.855","24.555","107"
"18","323631","20220623022000","44","0","苗栗縣","頭屋鄉","120.870","24.560","12"
"13","323638","20220623022000","13","1","苗栗縣","頭屋鄉","120.905","24.550","13"
"11","323656","20220623022000","10","1","苗栗縣","銅鑼鄉","120.765","24.490","11"
"198","323661","20220623022000","170","1","苗栗縣","銅鑼鄉","120.775","24.495","194"
"26","323663","20220623022000","26","1","苗栗縣","西湖鄉","120.770","24.500","25"
"293","323674","20220623022000","215","2","苗栗縣","銅鑼鄉","120.790","24.470","281"
"333","323678","20220623022000","283","1","苗栗縣","銅鑼鄉","120.790","24.475","341"
"25","323679","20220623022000","38","0","苗栗縣","銅鑼鄉","120.795","24.475","30"
"490","323682","20220623022000","413","1","苗栗縣","銅鑼鄉","120.785","24.480","455"
"513","323683","20220623022000","471","1","苗栗縣","銅鑼鄉","120.790","24.480","499"
"433","323685","20220623022000","453","0","苗栗縣","銅鑼鄉","120.785","24.485","456"
"747","323686","20220623022000","1069","0","苗栗縣","銅鑼鄉","120.785","24.490","764"
"58","323691","20220623022000","54","1","苗栗縣","通霄鎮","120.725","24.520","60"
"27","323727","20220623022000","158","0","苗栗縣","通霄鎮","120.675","24.485","19"
"675","323728","20220623022000","957","0","苗栗縣","苗栗市","120.810","24.545","660"
"60","323734","20220623022000","40","3","苗栗縣","西湖鄉","120.790","24.550","56"
"149","323738","20220623022000","134","1","苗栗縣","苗栗市","120.795","24.555","144"
"453","323740","20220623022000","410","1","苗栗縣","苗栗市","120.805","24.555","473"
"352","323743","20220623022000","351","1","苗栗縣","苗栗市","120.800","24.560","342"
"86","323744","20220623022000","249","0","苗栗縣","苗栗市","120.805","24.560","89"
"474","323747","20220623022000","424","1","苗栗縣","苗栗市","120.815","24.530","463"
"1325","323751","20220623022000","1637","0","苗栗縣","苗栗市","120.815","24.540","1331"
"245","323752","20220623022000","193","2","苗栗縣","苗栗市","120.805","24.545","249"
"29","323753","20220623022000","39","0","苗栗縣","苗栗市","120.805","24.550","23"
"62","323763","20220623022000","216","0","苗栗縣","西湖鄉","120.730","24.555","63"
"154","323770","20220623022000","130","1","苗栗縣","西湖鄉","120.745","24.555","139"
"84","323782","20220623022000","72","1","苗栗縣","西湖鄉","120.765","24.520","84"
"165","323800","20220623022000","169","0","苗栗縣","西湖鄉","120.785","24.525","161"
"72","323808","20220623022000","45","3","苗栗縣","西湖鄉","120.745","24.525","79"
"40","323810","20220623022000","74","0","苗栗縣","西湖鄉","120.740","24.530","37"
"53","323815","20220623022000","31","3","苗栗縣","西湖鄉","120.750","24.535","44"
"163","323828","20220623022000","148","1","苗栗縣","通霄鎮","120.680","24.500","164"
"225","323830","20220623022000","262","0","苗栗縣","通霄鎮","120.690","24.500","235"
"148","323838","20220623022000","28","3","苗栗縣","通霄鎮","120.690","24.510","146"
"198","323845","20220623022000","195","1","苗栗縣","通霄鎮","120.695","24.515","190"
"71","323854","20220623022000","55","2","苗栗縣","通霄鎮","120.695","24.530","71"
"21","323864","20220623022000","13","3","苗栗縣","通霄鎮","120.675","24.490","10"
"1271","323865","20220623022000","1128","1","苗栗縣","通霄鎮","120.680","24.490","1260"
"695","323876","20220623022000","686","1","苗栗縣","銅鑼鄉","120.800","24.490","714"
"441","323879","20220623022000","502","0","苗栗縣","銅鑼鄉","120.800","24.495","422"
"258","323881","20220623022000","253","1","苗栗縣","銅鑼鄉","120.810","24.495","254"
"20","323884","20220623022000","169","0","苗栗縣","銅鑼鄉","120.805","24.500","22"
"219","323893","20220623022000","184","1","苗栗縣","銅鑼鄉","120.805","24.510","215"
"51","323896","20220623022000","63","0","苗栗縣","銅鑼鄉","120.810","24.520","52"
"180","323898","20220623022000","159","1","苗栗縣","銅鑼鄉","120.760","24.465","170"
"53","323899","20220623022000","90","0","苗栗縣","銅鑼鄉","120.765","24.465","56"
"185","323904","20220623022000","156","1","苗栗縣","銅鑼鄉","120.770","24.470","168"
"195","323913","20220623022000","197","0","苗栗縣","銅鑼鄉","120.790","24.485","188"
"180","323918","20220623022000","150","2","苗栗縣","銅鑼鄉","120.790","24.505","169"
"98","323920","20220623022000","61","3","苗栗縣","銅鑼鄉","120.785","24.510","105"
"304","323923","20220623022000","333","0","苗栗縣","西湖鄉","120.785","24.515","308"
"20","323948","20220623022000","43","0","苗栗縣","泰安鄉","120.950","24.465","18"
"49","323952","20220623022000","90","0","苗栗縣","泰安鄉","120.970","24.465","40"
"137","323970","20220623022000","110","2","苗栗縣","泰安鄉","120.945","24.470","120"
"71","323976","20220623022000","73","0","苗栗縣","泰安鄉","120.975","24.470","65"
"16","324112","20220623022000","14","1","苗栗縣","獅潭鄉","120.910","24.505","15"
"42","324130","20220623022000","25","3","苗栗縣","獅潭鄉","120.910","24.510","40"
"259","324200","20220623022000","159","3","苗栗縣","獅潭鄉","120.920","24.540","254"
"42","324206","20220623022000","29","2","苗栗縣","獅潭鄉","120.950","24.540","48"
"93","324257","20220623022000","84","1","苗栗縣","獅潭鄉","120.935","24.555","83"
"36","324281","20220623022000","33","1","苗栗縣","獅潭鄉","120.910","24.465","32"
"138","324285","20220623022000","133","1","苗栗縣","獅潭鄉","120.880","24.470","119"
"23","324297","20220623022000","10","3","苗栗縣","獅潭鄉","120.915","24.475","21"
"56","324301","20220623022000","65","0","苗栗縣","獅潭鄉","120.900","24.485","57"
"69","324306","20220623022000","36","3","苗栗縣","獅潭鄉","120.900","24.490","67"
"59","324349","20220623022000","59","1","苗栗縣","泰安鄉","120.945","24.485","53"
"37","324420","20220623022000","47","0","苗栗縣","泰安鄉","121.205","24.465","22"
"15","324615","20220623022000","21","0","苗栗縣","泰安鄉","121.070","24.495","20"
"20","324700","20220623022000","14","2","苗栗縣","通霄鎮","120.700","24.505","14"
"27","324701","20220623022000","14","3","苗栗縣","通霄鎮","120.705","24.505","15"
"69","324706","20220623022000","51","2","苗栗縣","通霄鎮","120.715","24.510","68"
"79","324721","20220623022000","73","1","苗栗縣","西湖鄉","120.780","24.550","79"
"88","324736","20220623022000","46","3","苗栗縣","西湖鄉","120.755","24.495","103"
"10","324754","20220623022000","10","1","苗栗縣","西湖鄉","120.775","24.530","10"
"52","324766","20220623022000","28","3","苗栗縣","西湖鄉","120.785","24.540","46"
"56","324767","20220623022000","45","2","苗栗縣","西湖鄉","120.755","24.545","54"
"35","324782","20220623022000","26","2","苗栗縣","通霄鎮","120.680","24.465","43"
"437","324784","20220623022000","432","1","苗栗縣","通霄鎮","120.665","24.470","441"
"85","324791","20220623022000","848","0","苗栗縣","通霄鎮","120.675","24.475","87"
"272","324812","20220623022000","272","1","苗栗縣","通霄鎮","120.710","24.555","291"
"27","324833","20220623022000","169","0","苗栗縣","通霄鎮","120.710","24.505","24"
"105","324841","20220623022000","80","2","苗栗縣","通霄鎮","120.705","24.475","101"
"15","324850","20220623022000","28","0","苗栗縣","通霄鎮","120.715","24.480","13"
"46","324851","20220623022000","42","1","苗栗縣","通霄鎮","120.720","24.480","48"
"245","324858","20220623022000","175","2","苗栗縣","通霄鎮","120.720","24.465","242"
"93","324872","20220623022000","92","1","苗栗縣","通霄鎮","120.685","24.485","96"
"37","324877","20220623022000","792","0","苗栗縣","通霄鎮","120.690","24.495","41"
"30","324879","20220623022000","312","0","苗栗縣","通霄鎮","120.695","24.500","34"
"133","328071","20220623022000","135","0","宜蘭縣","蘇澳鎮","121.860","24.600","119"
"42","328073","20220623022000","94","0","宜蘭縣","蘇澳鎮","121.870","24.600","81"
"594","328074","20220623022000","266","3","宜蘭縣","蘇澳鎮","121.880","24.600","417"
"25","328390","20220623022000","21","1","宜蘭縣","蘇澳鎮","121.880","24.605","19"
"278","331880","20220623022000","248","1","宜蘭縣","冬山鄉","121.750","24.645","271"
"19","331921","20220623022000","15","2","宜蘭縣","南澳鄉","121.805","24.555","17"
"1350","332115","20220623022000","1074","2","宜蘭縣","蘇澳鎮","121.865","24.580","1326"
"154","332120","20220623022000","104","2","宜蘭縣","冬山鄉","121.815","24.630","136"
"157","332121","20220623022000","107","2","宜蘭縣","蘇澳鎮","121.820","24.625","162"
"571","332122","20220623022000","594","0","宜蘭縣","冬山鄉","121.810","24.630","588"
"276","332124","20220623022000","188","2","宜蘭縣","冬山鄉","121.820","24.630","254"
"247","332146","20220623022000","239","1","宜蘭縣","冬山鄉","121.710","24.635","230"
"81","332175","20220623022000","108","0","宜蘭縣","冬山鄉","121.765","24.620","80"
"645","332186","20220623022000","535","2","宜蘭縣","冬山鄉","121.770","24.630","623"
"507","332216","20220623022000","537","0","宜蘭縣","冬山鄉","121.785","24.625","485"
"185","332233","20220623022000","181","1","宜蘭縣","冬山鄉","121.730","24.650","189"
"294","332244","20220623022000","220","2","宜蘭縣","冬山鄉","121.805","24.625","292"
"12","332340","20220623022000","13","0","宜蘭縣","大同鄉","121.495","24.570","15"
"71","332362","20220623022000","33","3","宜蘭縣","大同鄉","121.480","24.575","64"
"62","332385","20220623022000","61","1","宜蘭縣","大同鄉","121.495","24.580","38"
"22","332698","20220623022000","26","0","宜蘭縣","大同鄉","121.685","24.610","17"
"150","332699","20220623022000","121","2","宜蘭縣","大同鄉","121.690","24.610","153"
"24","332745","20220623022000","51","0","宜蘭縣","大同鄉","121.685","24.625","23"
"14","332848","20220623022000","16","0","宜蘭縣","大同鄉","121.635","24.615","20"
"10","332886","20220623022000","12","0","宜蘭縣","大同鄉","121.590","24.630","10"
"54","332889","20220623022000","61","0","宜蘭縣","大同鄉","121.605","24.630","38"
"41","332899","20220623022000","15","3","宜蘭縣","三星鄉","121.605","24.635","31"
"61","332902","20220623022000","68","0","宜蘭縣","大同鄉","121.560","24.640","56"
"90","333040","20220623022000","114","0","宜蘭縣","大同鄉","121.530","24.595","74"
"34","333263","20220623022000","84","0","宜蘭縣","大同鄉","121.540","24.625","23"
"82","333282","20220623022000","57","2","宜蘭縣","大同鄉","121.525","24.630","77"
"16","333369","20220623022000","12","2","宜蘭縣","大同鄉","121.475","24.650","19"
"79","333370","20220623022000","55","2","宜蘭縣","大同鄉","121.480","24.650","86"
"10","333448","20220623022000","277","0","宜蘭縣","蘇澳鎮","121.865","24.575","10"
"338","333450","20220623022000","468","0","宜蘭縣","蘇澳鎮","121.870","24.580","330"
"463","333451","20220623022000","554","0","宜蘭縣","蘇澳鎮","121.875","24.580","433"
"923","333457","20220623022000","735","2","宜蘭縣","蘇澳鎮","121.855","24.595","936"
"28","333458","20220623022000","54","0","宜蘭縣","蘇澳鎮","121.875","24.600","32"
"16","333460","20220623022000","13","2","宜蘭縣","蘇澳鎮","121.860","24.605","17"
"53","333462","20220623022000","47","1","宜蘭縣","蘇澳鎮","121.870","24.605","48"
"647","333474","20220623022000","507","2","宜蘭縣","蘇澳鎮","121.835","24.590","628"
"1049","333478","20220623022000","1000","1","宜蘭縣","蘇澳鎮","121.835","24.595","1042"
"314","333479","20220623022000","325","0","宜蘭縣","蘇澳鎮","121.840","24.595","315"
"183","333488","20220623022000","133","2","宜蘭縣","蘇澳鎮","121.835","24.605","173"
"46","333492","20220623022000","42","1","宜蘭縣","蘇澳鎮","121.830","24.610","39"
"657","333495","20220623022000","558","1","宜蘭縣","蘇澳鎮","121.830","24.615","645"
"777","333504","20220623022000","673","1","宜蘭縣","五結鄉","121.835","24.650","742"
"335","333511","20220623022000","246","2","宜蘭縣","冬山鄉","121.795","24.640","360"
"50","333515","20220623022000","56","0","宜蘭縣","冬山鄉","121.780","24.650","46"
"227","333516","20220623022000","119","3","宜蘭縣","冬山鄉","121.785","24.650","213"
"627","333519","20220623022000","546","1","宜蘭縣","蘇澳鎮","121.835","24.620","630"
"1751","333520","20220623022000","1474","1","宜蘭縣","蘇澳鎮","121.840","24.620","1700"
"129","333521","20220623022000","79","3","宜蘭縣","蘇澳鎮","121.845","24.620","104"
"547","333522","20220623022000","378","2","宜蘭縣","蘇澳鎮","121.835","24.625","542"
"42","333545","20220623022000","34","2","宜蘭縣","蘇澳鎮","121.845","24.565","38"
"173","333557","20220623022000","154","1","宜蘭縣","蘇澳鎮","121.840","24.575","163"
"21","333558","20220623022000","16","2","宜蘭縣","蘇澳鎮","121.845","24.575","22"
"165","333564","20220623022000","224","0","宜蘭縣","蘇澳鎮","121.855","24.605","165"
"126","333566","20220623022000","79","3","宜蘭縣","蘇澳鎮","121.850","24.610","90"
"354","333569","20220623022000","458","0","宜蘭縣","蘇澳鎮","121.850","24.615","530"
"432","333653","20220623022000","386","1","宜蘭縣","三星鄉","121.615","24.650","411"
"673","333661","20220623022000","537","2","宜蘭縣","冬山鄉","121.805","24.640","640"
"127","333695","20220623022000","94","2","宜蘭縣","蘇澳鎮","121.850","24.575","131"
"18","333704","20220623022000","19","0","宜蘭縣","蘇澳鎮","121.845","24.580","19"
"24","333737","20220623022000","22","1","宜蘭縣","蘇澳鎮","121.815","24.610","21"
"151","333739","20220623022000","153","0","宜蘭縣","蘇澳鎮","121.815","24.615","149"
"57","333741","20220623022000","51","1","宜蘭縣","蘇澳鎮","121.825","24.615","57"
"411","333742","20220623022000","342","2","宜蘭縣","蘇澳鎮","121.815","24.620","428"
"261","333747","20220623022000","106","3","宜蘭縣","蘇澳鎮","121.830","24.625","252"
"940","333751","20220623022000","888","1","宜蘭縣","冬山鄉","121.765","24.650","997"
"264","333753","20220623022000","384","0","宜蘭縣","冬山鄉","121.795","24.630","253"
"657","333754","20220623022000","644","1","宜蘭縣","冬山鄉","121.800","24.630","659"
"35","333764","20220623022000","33","1","宜蘭縣","冬山鄉","121.725","24.625","36"
"32","333769","20220623022000","23","2","宜蘭縣","冬山鄉","121.750","24.625","32"
"30","333770","20220623022000","21","2","宜蘭縣","冬山鄉","121.760","24.625","34"
"18","333774","20220623022000","56","0","宜蘭縣","冬山鄉","121.740","24.630","17"
"140","333781","20220623022000","142","0","宜蘭縣","冬山鄉","121.750","24.635","130"
"210","333789","20220623022000","186","1","宜蘭縣","冬山鄉","121.765","24.640","204"
"77","333791","20220623022000","92","0","宜蘭縣","冬山鄉","121.760","24.645","81"
"864","333802","20220623022000","712","2","宜蘭縣","冬山鄉","121.790","24.635","877"
"1295","333804","20220623022000","1037","2","宜蘭縣","冬山鄉","121.795","24.635","1306"
"998","333809","20220623022000","526","3","宜蘭縣","蘇澳鎮","121.835","24.640","1023"
"89","333810","20220623022000","109","0","宜蘭縣","蘇澳鎮","121.840","24.640","102"
"703","333814","20220623022000","633","1","宜蘭縣","蘇澳鎮","121.830","24.630","684"
"643","333818","20220623022000","515","2","宜蘭縣","蘇澳鎮","121.830","24.640","642"
"659","333821","20220623022000","587","1","宜蘭縣","蘇澳鎮","121.830","24.645","692"
"17","333893","20220623022000","11","3","新竹縣","北埔鄉","121.065","24.645","15"
"61","333899","20220623022000","51","1","新竹縣","竹東鎮","121.095","24.645","56"
"133","334213","20220623022000","71","3","新竹縣","尖石鄉","121.340","24.650","132"
"52","334309","20220623022000","33","3","新竹縣","尖石鄉","121.310","24.570","168"
"90","334366","20220623022000","89","1","新竹縣","尖石鄉","121.305","24.580","86"
"81","334372","20220623022000","64","2","新竹縣","尖石鄉","121.335","24.580","56"
"26","334487","20220623022000","32","0","新竹縣","尖石鄉","121.290","24.605","21"
"237","334532","20220623022000","181","2","新竹縣","尖石鄉","121.295","24.610","224"
"50","334547","20220623022000","50","1","新竹縣","尖石鄉","121.285","24.615","55"
"34","334623","20220623022000","21","3","新竹縣","尖石鄉","121.275","24.640","23"
"46","334698","20220623022000","36","2","新竹縣","峨眉鄉","121.025","24.655","47"
"114","334723","20220623022000","94","2","宜蘭縣","蘇澳鎮","121.840","24.590","115"
"69","334725","20220623022000","67","1","宜蘭縣","蘇澳鎮","121.850","24.590","75"
"704","334726","20220623022000","672","1","宜蘭縣","蘇澳鎮","121.845","24.595","706"
"26","334737","20220623022000","32","0","新竹縣","五峰鄉","121.090","24.605","30"
"29","334763","20220623022000","25","1","新竹縣","五峰鄉","121.105","24.615","32"
"23","334770","20220623022000","20","1","新竹縣","五峰鄉","121.085","24.625","10"
"144","334783","20220623022000","97","2","新竹縣","五峰鄉","121.120","24.630","150"
"376","334790","20220623022000","311","2","新竹縣","五峰鄉","121.100","24.640","369"
"29","334829","20220623022000","20","2","新竹縣","五峰鄉","121.090","24.565","30"
"10","334833","20220623022000","11","0","新竹縣","五峰鄉","121.110","24.565","12"
"102","334868","20220623022000","52","3","新竹縣","五峰鄉","121.105","24.580","77"
"22","334869","20220623022000","17","2","新竹縣","五峰鄉","121.110","24.580","22"
"80","334891","20220623022000","61","2","新竹縣","五峰鄉","121.115","24.590","84"
"36","334969","20220623022000","64","0","新竹縣","五峰鄉","121.125","24.590","30"
"40","335076","20220623022000","26","3","新竹縣","五峰鄉","121.155","24.610","48"
"64","335109","20220623022000","52","2","新竹縣","五峰鄉","121.110","24.620","52"
"21","335134","20220623022000","17","2","新竹縣","五峰鄉","121.145","24.625","28"
"77","335187","20220623022000","60","2","新竹縣","五峰鄉","121.150","24.645","83"
"96","335195","20220623022000","67","2","新竹縣","竹東鎮","121.125","24.650","95"
"30","335200","20220623022000","44","0","新竹縣","五峰鄉","121.150","24.650","30"
"123","335230","20220623022000","89","2","新竹縣","五峰鄉","121.180","24.655","109"
"195","335366","20220623022000","120","3","桃園市","復興區","121.400","24.640","168"
"24","335480","20220623022000","23","1","苗栗縣","三灣鄉","120.960","24.610","20"
"80","335520","20220623022000","66","2","苗栗縣","三灣鄉","120.925","24.640","85"
"215","335553","20220623022000","223","0","苗栗縣","三灣鄉","121.005","24.645","231"
"102","335569","20220623022000","920","0","苗栗縣","三灣鄉","120.955","24.650","89"
"39","335581","20220623022000","24","3","苗栗縣","三灣鄉","120.945","24.655","38"
"112","335594","20220623022000","75","2","苗栗縣","三灣鄉","120.975","24.645","102"
"203","335619","20220623022000","164","2","苗栗縣","三灣鄉","120.905","24.625","194"
"367","335630","20220623022000","287","2","苗栗縣","後龍鎮","120.770","24.615","390"
"87","335632","20220623022000","56","3","苗栗縣","後龍鎮","120.765","24.620","66"
"593","335635","20220623022000","727","0","苗栗縣","後龍鎮","120.780","24.620","586"
"40","335639","20220623022000","652","0","苗栗縣","後龍鎮","120.780","24.625","42"
"448","335647","20220623022000","559","0","苗栗縣","苗栗市","120.830","24.560","448"
"269","335648","20220623022000","243","1","苗栗縣","苗栗市","120.835","24.560","237"
"807","335652","20220623022000","684","1","苗栗縣","苗栗市","120.825","24.585","829"
"132","335655","20220623022000","151","0","苗栗縣","苗栗市","120.815","24.595","139"
"153","335657","20220623022000","146","1","苗栗縣","苗栗市","120.825","24.595","189"
"780","335658","20220623022000","391","3","苗栗縣","苗栗市","120.825","24.575","797"
"1603","335660","20220623022000","1547","1","苗栗縣","苗栗市","120.825","24.580","1600"
"281","335662","20220623022000","263","1","苗栗縣","苗栗市","120.810","24.560","282"
"1676","335663","20220623022000","2244","0","苗栗縣","苗栗市","120.815","24.560","1716"
"10","335664","20220623022000","176","0","苗栗縣","苗栗市","120.805","24.565","10"
"194","335666","20220623022000","336","0","苗栗縣","通霄鎮","120.715","24.560","169"
"110","335669","20220623022000","58","3","苗栗縣","通霄鎮","120.715","24.565","55"
"91","335671","20220623022000","138","0","苗栗縣","通霄鎮","120.710","24.570","90"
"165","335675","20220623022000","160","1","苗栗縣","通霄鎮","120.710","24.565","138"
"114","335689","20220623022000","109","1","苗栗縣","南庄鄉","121.005","24.615","111"
"171","335701","20220623022000","108","3","苗栗縣","南庄鄉","121.010","24.635","166"
"1806","335706","20220623022000","1944","0","苗栗縣","苗栗市","120.820","24.565","1797"
"104","335707","20220623022000","972","0","苗栗縣","苗栗市","120.820","24.570","109"
"358","335708","20220623022000","425","0","苗栗縣","苗栗市","120.820","24.575","358"
"469","335717","20220623022000","399","1","苗栗縣","後龍鎮","120.775","24.650","514"
"21","335748","20220623022000","291","0","苗栗縣","南庄鄉","120.985","24.635","19"
"1061","335753","20220623022000","781","2","苗栗縣","苗栗市","120.830","24.575","1083"
"272","335754","20220623022000","197","2","苗栗縣","苗栗市","120.830","24.580","264"
"60","335762","20220623022000","1814","0","苗栗縣","苗栗市","120.830","24.570","60"
"1062","335763","20220623022000","826","2","苗栗縣","苗栗市","120.835","24.570","1060"
"27","335766","20220623022000","109","0","苗栗縣","苗栗市","120.840","24.575","25"
"481","335767","20220623022000","309","3","苗栗縣","苗栗市","120.835","24.580","482"
"284","335776","20220623022000","301","0","苗栗縣","頭屋鄉","120.845","24.595","282"
"63","335787","20220623022000","39","3","苗栗縣","頭屋鄉","120.860","24.570","53"
"307","335795","20220623022000","208","2","苗栗縣","頭屋鄉","120.855","24.580","306"
"172","335796","20220623022000","170","1","苗栗縣","頭屋鄉","120.860","24.580","175"
"22","335799","20220623022000","279","0","苗栗縣","頭屋鄉","120.875","24.580","15"
"27","335801","20220623022000","278","0","苗栗縣","頭屋鄉","120.850","24.570","33"
"60","335802","20220623022000","51","1","苗栗縣","頭屋鄉","120.855","24.570","51"
"442","335804","20220623022000","400","1","苗栗縣","頭屋鄉","120.850","24.575","430"
"68","335805","20220623022000","236","0","苗栗縣","頭屋鄉","120.855","24.575","75"
"116","335817","20220623022000","112","1","苗栗縣","後龍鎮","120.730","24.590","113"
"152","335832","20220623022000","132","1","苗栗縣","後龍鎮","120.735","24.605","158"
"11","335881","20220623022000","70","0","苗栗縣","南庄鄉","120.985","24.570","11"
"24","335884","20220623022000","21","1","苗栗縣","南庄鄉","121.000","24.570","29"
"140","335931","20220623022000","138","1","苗栗縣","南庄鄉","121.015","24.595","133"
"416","335948","20220623022000","393","1","苗栗縣","南庄鄉","120.955","24.640","380"
"338","335954","20220623022000","307","1","苗栗縣","南庄鄉","121.000","24.600","332"
"381","335959","20220623022000","370","1","苗栗縣","南庄鄉","121.000","24.605","385"
"30","336014","20220623022000","31","0","苗栗縣","南庄鄉","121.035","24.585","32"
"12","336050","20220623022000","112","0","苗栗縣","南庄鄉","121.040","24.600","11"
"180","336097","20220623022000","147","2","苗栗縣","南庄鄉","121.035","24.620","171"
"50","336103","20220623022000","39","2","苗栗縣","南庄鄉","121.020","24.620","36"
"32","336149","20220623022000","180","0","苗栗縣","頭屋鄉","120.890","24.585","28"
"162","336180","20220623022000","151","1","苗栗縣","頭屋鄉","120.885","24.600","152"
"196","336185","20220623022000","221","0","苗栗縣","頭屋鄉","120.845","24.560","212"
"21","336218","20220623022000","14","3","苗栗縣","頭屋鄉","120.895","24.570","17"
"37","336244","20220623022000","323","0","苗栗縣","頭份鎮","120.880","24.645","39"
"180","336248","20220623022000","168","1","苗栗縣","頭份鎮","120.880","24.650","191"
"482","336249","20220623022000","424","1","苗栗縣","頭份鎮","120.885","24.650","462"
"10","336255","20220623022000","13","0","苗栗縣","頭份鎮","120.895","24.650","10"
"765","336266","20220623022000","769","0","苗栗縣","後龍鎮","120.785","24.610","740"
"316","336274","20220623022000","285","1","苗栗縣","後龍鎮","120.820","24.615","309"
"41","336275","20220623022000","17","3","苗栗縣","後龍鎮","120.825","24.615","39"
"583","336278","20220623022000","554","1","苗栗縣","後龍鎮","120.810","24.620","583"
"176","336282","20220623022000","177","0","苗栗縣","造橋鄉","120.815","24.625","171"
"1967","336283","20220623022000","1490","2","苗栗縣","苗栗市","120.810","24.565","1951"
"1479","336284","20220623022000","1162","2","苗栗縣","苗栗市","120.815","24.565","1660"
"195","336285","20220623022000","166","1","苗栗縣","苗栗市","120.805","24.570","193"
"17","336287","20220623022000","343","0","苗栗縣","苗栗市","120.815","24.570","17"
"62","336288","20220623022000","62","1","苗栗縣","苗栗市","120.810","24.575","64"
"424","336292","20220623022000","391","1","苗栗縣","苗栗市","120.810","24.585","405"
"195","336295","20220623022000","163","1","苗栗縣","苗栗市","120.810","24.590","186"
"13","336306","20220623022000","11","1","苗栗縣","苗栗市","120.790","24.570","14"
"22","336318","20220623022000","17","2","苗栗縣","苗栗市","120.795","24.580","23"
"25","336323","20220623022000","34","0","苗栗縣","苗栗市","120.795","24.585","51"
"503","336331","20220623022000","888","0","苗栗縣","苗栗市","120.825","24.570","504"
"86","336352","20220623022000","581","0","苗栗縣","後龍鎮","120.805","24.645","82"
"136","336359","20220623022000","97","2","苗栗縣","後龍鎮","120.805","24.650","140"
"2032","336369","20220623022000","1555","2","苗栗縣","後龍鎮","120.790","24.610","2041"
"91","336376","20220623022000","423","0","苗栗縣","後龍鎮","120.810","24.610","84"
"160","336382","20220623022000","160","1","苗栗縣","後龍鎮","120.800","24.625","156"
"154","336386","20220623022000","125","2","苗栗縣","後龍鎮","120.800","24.630","149"
"297","336390","20220623022000","233","2","苗栗縣","後龍鎮","120.800","24.635","312"
"83","336395","20220623022000","67","2","苗栗縣","後龍鎮","120.825","24.605","82"
"174","336400","20220623022000","197","0","苗栗縣","後龍鎮","120.825","24.610","178"
"57","336426","20220623022000","357","0","苗栗縣","造橋鄉","120.890","24.620","376"
"81","336440","20220623022000","79","1","苗栗縣","造橋鄉","120.925","24.600","89"
"89","336466","20220623022000","55","3","苗栗縣","造橋鄉","120.910","24.620","76"
"31","336470","20220623022000","87","0","苗栗縣","造橋鄉","120.865","24.605","32"
"82","336492","20220623022000","72","1","苗栗縣","造橋鄉","120.855","24.620","75"
"22","336494","20220623022000","15","2","苗栗縣","造橋鄉","120.865","24.620","22"
"20","336501","20220623022000","159","0","苗栗縣","造橋鄉","120.865","24.630","24"
"39","336504","20220623022000","23","3","苗栗縣","造橋鄉","120.860","24.645","34"
"216","336507","20220623022000","198","1","苗栗縣","造橋鄉","120.870","24.650","257"
"322","336511","20220623022000","173","3","苗栗縣","造橋鄉","120.860","24.655","296"
"111","336512","20220623022000","80","2","苗栗縣","造橋鄉","120.865","24.655","105"
"207","336520","20220623022000","122","3","苗栗縣","造橋鄉","120.850","24.645","209"
"256","336523","20220623022000","216","1","苗栗縣","造橋鄉","120.845","24.650","248"
"174","336526","20220623022000","237","0","苗栗縣","造橋鄉","120.840","24.650","180"
"30","336528","20220623022000","32","0","苗栗縣","造橋鄉","120.850","24.650","29"
"82","336531","20220623022000","96","0","苗栗縣","造橋鄉","120.855","24.655","77"
"174","336542","20220623022000","202","0","苗栗縣","造橋鄉","120.840","24.610","170"
"10","336543","20220623022000","11","0","苗栗縣","造橋鄉","120.845","24.610","13"
"47","336546","20220623022000","30","3","苗栗縣","造橋鄉","120.840","24.615","45"
"10","336549","20220623022000","12","0","苗栗縣","造橋鄉","120.830","24.620","15"
"139","336556","20220623022000","89","3","苗栗縣","造橋鄉","120.840","24.625","118"
"45","336559","20220623022000","35","2","苗栗縣","造橋鄉","120.855","24.625","44"
"65","336569","20220623022000","46","2","苗栗縣","造橋鄉","120.860","24.640","59"
"306","336572","20220623022000","325","0","苗栗縣","造橋鄉","120.875","24.640","301"
"221","336573","20220623022000","156","2","苗栗縣","造橋鄉","120.865","24.645","215"
"99","336574","20220623022000","103","0","苗栗縣","造橋鄉","120.870","24.645","101"
"46","336587","20220623022000","34","2","苗栗縣","造橋鄉","120.820","24.630","51"
"27","336604","20220623022000","24","1","苗栗縣","造橋鄉","120.840","24.645","23"
"124","336605","20220623022000","56","3","苗栗縣","造橋鄉","120.830","24.650","140"
"58","336610","20220623022000","61","0","苗栗縣","造橋鄉","120.840","24.655","77"
"282","336662","20220623022000","222","2","苗栗縣","獅潭鄉","120.940","24.590","276"
"1324","336672","20220623022000","1008","2","苗栗縣","頭份鎮","120.890","24.625","1270"
"271","336679","20220623022000","231","1","苗栗縣","頭份鎮","120.885","24.635","280"
"197","336689","20220623022000","119","3","苗栗縣","頭份鎮","120.885","24.645","209"
"16","336694","20220623022000","14","1","苗栗縣","頭份鎮","120.905","24.650","15"
"162","336696","20220623022000","92","3","苗栗縣","後龍鎮","120.815","24.635","160"
"174","336716","20220623022000","153","1","苗栗縣","後龍鎮","120.765","24.590","177"
"150","336717","20220623022000","128","1","苗栗縣","後龍鎮","120.750","24.595","153"
"188","336734","20220623022000","142","2","苗栗縣","後龍鎮","120.760","24.635","184"
"34","336737","20220623022000","29","1","苗栗縣","後龍鎮","120.775","24.635","26"
"127","336741","20220623022000","125","1","苗栗縣","後龍鎮","120.770","24.640","126"
"402","336749","20220623022000","380","1","苗栗縣","後龍鎮","120.825","24.600","380"
"193","336751","20220623022000","285","0","苗栗縣","後龍鎮","120.815","24.605","182"
"137","336767","20220623022000","143","0","苗栗縣","後龍鎮","120.790","24.590","128"
"44","336777","20220623022000","318","0","苗栗縣","後龍鎮","120.780","24.600","42"
"202","336816","20220623022000","316","0","苗栗縣","西湖鄉","120.755","24.560","224"
"372","336818","20220623022000","306","2","苗栗縣","西湖鄉","120.755","24.565","368"
"44","336841","20220623022000","635","0","苗栗縣","後龍鎮","120.790","24.615","29"
"212","336849","20220623022000","234","0","苗栗縣","後龍鎮","120.735","24.570","234"
"60","336860","20220623022000","48","2","苗栗縣","後龍鎮","120.715","24.585","60"
"59","336867","20220623022000","65","0","苗栗縣","後龍鎮","120.725","24.590","70"
"13","336873","20220623022000","14","0","苗栗縣","後龍鎮","120.725","24.600","22"
"1149","345384","20220623022000","894","2","宜蘭縣","員山鄉","121.730","24.730","1118"
"721","345386","20220623022000","498","2","宜蘭縣","冬山鄉","121.750","24.655","749"
"964","345394","20220623022000","922","1","宜蘭縣","員山鄉","121.725","24.740","937"
"878","345398","20220623022000","785","1","宜蘭縣","員山鄉","121.725","24.745","880"
"198","345405","20220623022000","165","2","宜蘭縣","員山鄉","121.705","24.730","179"
"266","345413","20220623022000","157","3","宜蘭縣","員山鄉","121.715","24.735","292"
"379","345414","20220623022000","326","1","宜蘭縣","員山鄉","121.720","24.735","375"
"21","345418","20220623022000","484","0","宜蘭縣","宜蘭市","121.760","24.755","20"
"923","345419","20220623022000","1185","0","宜蘭縣","宜蘭市","121.755","24.755","897"
"268","345420","20220623022000","250","1","宜蘭縣","員山鄉","121.730","24.710","256"
"619","345431","20220623022000","505","2","宜蘭縣","宜蘭市","121.740","24.725","639"
"59","345442","20220623022000","50","1","宜蘭縣","員山鄉","121.630","24.690","59"
"24","345460","20220623022000","25","0","宜蘭縣","員山鄉","121.645","24.700","28"
"120","345472","20220623022000","80","3","宜蘭縣","員山鄉","121.645","24.705","94"
"68","345493","20220623022000","61","1","宜蘭縣","員山鄉","121.665","24.710","69"
"39","345545","20220623022000","57","0","宜蘭縣","員山鄉","121.680","24.715","37"
"339","345546","20220623022000","254","2","宜蘭縣","員山鄉","121.685","24.715","341"
"428","345550","20220623022000","326","2","宜蘭縣","員山鄉","121.685","24.720","421"
"1004","345564","20220623022000","736","2","宜蘭縣","冬山鄉","121.705","24.655","977"
"477","345567","20220623022000","416","1","宜蘭縣","冬山鄉","121.745","24.670","491"
"31","345571","20220623022000","292","0","宜蘭縣","羅東鎮","121.750","24.685","37"
"15","345574","20220623022000","11","2","宜蘭縣","冬山鄉","121.730","24.660","15"
"395","345575","20220623022000","307","2","宜蘭縣","冬山鄉","121.735","24.660","444"
"488","345579","20220623022000","409","1","宜蘭縣","冬山鄉","121.745","24.665","480"
"615","345580","20220623022000","323","3","宜蘭縣","冬山鄉","121.750","24.670","586"
"394","345593","20220623022000","304","2","宜蘭縣","冬山鄉","121.735","24.680","387"
"330","345596","20220623022000","256","2","宜蘭縣","冬山鄉","121.730","24.685","315"
"497","345600","20220623022000","225","3","宜蘭縣","冬山鄉","121.740","24.690","483"
"301","345608","20220623022000","202","2","宜蘭縣","壯圍鄉","121.780","24.725","283"
"607","345621","20220623022000","378","3","宜蘭縣","宜蘭市","121.755","24.765","608"
"199","345623","20220623022000","392","0","宜蘭縣","三星鄉","121.685","24.700","213"
"242","345646","20220623022000","210","1","宜蘭縣","五結鄉","121.775","24.700","279"
"43","345649","20220623022000","153","0","宜蘭縣","五結鄉","121.790","24.700","41"
"323","345652","20220623022000","235","2","宜蘭縣","五結鄉","121.785","24.705","329"
"310","345678","20220623022000","283","1","宜蘭縣","三星鄉","121.675","24.685","310"
"501","345685","20220623022000","364","2","宜蘭縣","三星鄉","121.670","24.690","436"
"33","345695","20220623022000","130","0","宜蘭縣","三星鄉","121.685","24.695","37"
"248","345711","20220623022000","186","2","宜蘭縣","三星鄉","121.630","24.665","260"
"922","345715","20220623022000","987","0","宜蘭縣","宜蘭市","121.755","24.760","914"
"526","345716","20220623022000","414","2","宜蘭縣","三星鄉","121.655","24.670","505"
"1389","345720","20220623022000","1190","1","宜蘭縣","三星鄉","121.650","24.665","1381"
"871","345726","20220623022000","1008","0","宜蘭縣","壯圍鄉","121.815","24.760","863"
"204","345731","20220623022000","180","1","宜蘭縣","大同鄉","121.600","24.675","207"
"188","345738","20220623022000","138","2","宜蘭縣","大同鄉","121.610","24.680","188"
"115","345857","20220623022000","105","1","宜蘭縣","大同鄉","121.580","24.655","113"
"163","345897","20220623022000","119","2","宜蘭縣","大同鄉","121.590","24.665","166"
"24","345918","20220623022000","21","1","宜蘭縣","大同鄉","121.590","24.670","20"
"388","345998","20220623022000","396","0","宜蘭縣","宜蘭市","121.745","24.760","366"
"439","346004","20220623022000","417","1","宜蘭縣","壯圍鄉","121.820","24.725","418"
"486","346010","20220623022000","473","1","宜蘭縣","員山鄉","121.685","24.730","508"
"397","346029","20220623022000","243","3","宜蘭縣","員山鄉","121.705","24.710","384"
"139","346033","20220623022000","122","1","宜蘭縣","員山鄉","121.725","24.710","140"
"1107","346041","20220623022000","811","2","宜蘭縣","員山鄉","121.720","24.725","1109"
"298","346048","20220623022000","244","2","宜蘭縣","員山鄉","121.700","24.745","290"
"25","346150","20220623022000","19","2","宜蘭縣","員山鄉","121.670","24.745","25"
"294","346153","20220623022000","227","2","宜蘭縣","員山鄉","121.685","24.745","278"
"10","346164","20220623022000","10","1","宜蘭縣","員山鄉","121.640","24.750","10"
"11","346174","20220623022000","23","0","宜蘭縣","員山鄉","121.590","24.755","25"
"22","346184","20220623022000","33","0","宜蘭縣","員山鄉","121.640","24.755","23"
"207","346231","20220623022000","189","1","宜蘭縣","冬山鄉","121.790","24.655","219"
"476","346234","20220623022000","405","1","宜蘭縣","冬山鄉","121.805","24.655","489"
"691","346247","20220623022000","658","1","宜蘭縣","羅東鎮","121.775","24.685","674"
"303","346248","20220623022000","305","0","宜蘭縣","五結鄉","121.775","24.690","322"
"912","346251","20220623022000","643","2","宜蘭縣","五結鄉","121.770","24.695","912"
"368","346252","20220623022000","289","2","宜蘭縣","五結鄉","121.775","24.695","381"
"2605","346254","20220623022000","2363","1","宜蘭縣","羅東鎮","121.770","24.680","2576"
"38","346256","20220623022000","29","2","宜蘭縣","員山鄉","121.720","24.760","40"
"2726","346259","20220623022000","2117","2","宜蘭縣","五結鄉","121.770","24.705","2752"
"1232","346261","20220623022000","653","3","宜蘭縣","五結鄉","121.785","24.685","1193"
"2083","346263","20220623022000","1891","1","宜蘭縣","五結鄉","121.795","24.685","2065"
"1052","346264","20220623022000","917","1","宜蘭縣","五結鄉","121.800","24.685","1057"
"1332","346266","20220623022000","1234","1","宜蘭縣","五結鄉","121.795","24.690","1350"
"738","346267","20220623022000","656","1","宜蘭縣","五結鄉","121.795","24.695","741"
"929","346274","20220623022000","968","0","宜蘭縣","五結鄉","121.820","24.665","963"
"43","346275","20220623022000","16","3","宜蘭縣","五結鄉","121.825","24.665","47"
"564","346280","20220623022000","522","1","宜蘭縣","五結鄉","121.810","24.675","551"
"108","346281","20220623022000","107","1","宜蘭縣","五結鄉","121.815","24.675","120"
"462","346284","20220623022000","360","2","宜蘭縣","五結鄉","121.815","24.680","421"
"223","346286","20220623022000","159","2","宜蘭縣","五結鄉","121.800","24.680","230"
"44","346292","20220623022000","249","0","宜蘭縣","壯圍鄉","121.795","24.760","268"
"20","346296","20220623022000","16","2","宜蘭縣","三星鄉","121.665","24.675","26"
"266","346360","20220623022000","321","0","宜蘭縣","壯圍鄉","121.815","24.745","254"
"37","346378","20220623022000","30","2","宜蘭縣","壯圍鄉","121.805","24.765","38"
"2073","346379","20220623022000","2067","1","宜蘭縣","宜蘭市","121.750","24.750","2027"
"404","346389","20220623022000","333","2","宜蘭縣","五結鄉","121.810","24.700","407"
"276","346394","20220623022000","214","2","宜蘭縣","五結鄉","121.830","24.675","280"
"361","346399","20220623022000","584","0","宜蘭縣","五結鄉","121.825","24.680","338"
"31","346400","20220623022000","70","0","宜蘭縣","五結鄉","121.830","24.680","30"
"24","346401","20220623022000","18","2","宜蘭縣","五結鄉","121.835","24.680","23"
"44","346403","20220623022000","54","0","宜蘭縣","五結鄉","121.825","24.685","41"
"156","346413","20220623022000","143","1","宜蘭縣","五結鄉","121.835","24.660","168"
"213","346416","20220623022000","99","3","宜蘭縣","五結鄉","121.835","24.665","242"
"709","346420","20220623022000","801","0","宜蘭縣","五結鄉","121.795","24.680","700"
"728","346421","20220623022000","547","2","宜蘭縣","五結鄉","121.800","24.675","723"
"667","346423","20220623022000","375","3","宜蘭縣","五結鄉","121.785","24.680","668"
"681","346429","20220623022000","307","3","宜蘭縣","冬山鄉","121.775","24.660","667"
"263","346430","20220623022000","360","0","宜蘭縣","冬山鄉","121.770","24.665","256"
"328","346431","20220623022000","496","0","宜蘭縣","宜蘭市","121.745","24.755","531"
"659","346436","20220623022000","591","1","宜蘭縣","宜蘭市","121.750","24.740","638"
"859","346437","20220623022000","805","1","宜蘭縣","宜蘭市","121.750","24.760","856"
"51","346440","20220623022000","91","0","宜蘭縣","冬山鄉","121.765","24.665","52"
"300","346442","20220623022000","262","1","宜蘭縣","冬山鄉","121.780","24.660","306"
"553","346443","20220623022000","382","2","宜蘭縣","冬山鄉","121.785","24.660","545"
"164","346456","20220623022000","139","1","宜蘭縣","宜蘭市","121.770","24.720","166"
"987","346457","20220623022000","755","2","宜蘭縣","宜蘭市","121.760","24.720","965"
"261","346458","20220623022000","198","2","宜蘭縣","宜蘭市","121.765","24.720","274"
"118","346461","20220623022000","140","0","宜蘭縣","五結鄉","121.820","24.695","119"
"148","346470","20220623022000","105","2","宜蘭縣","五結鄉","121.810","24.705","158"
"545","346472","20220623022000","461","1","宜蘭縣","五結鄉","121.820","24.705","538"
"227","346534","20220623022000","216","1","宜蘭縣","三星鄉","121.680","24.665","211"
"346","346538","20220623022000","254","2","宜蘭縣","三星鄉","121.680","24.670","315"
"450","346540","20220623022000","442","1","宜蘭縣","宜蘭市","121.740","24.760","435"
"306","346545","20220623022000","754","0","宜蘭縣","員山鄉","121.710","24.750","261"
"358","346553","20220623022000","241","2","宜蘭縣","員山鄉","121.715","24.760","365"
"644","346555","20220623022000","532","2","宜蘭縣","羅東鎮","121.765","24.690","660"
"549","346556","20220623022000","616","0","宜蘭縣","五結鄉","121.770","24.690","545"
"395","346558","20220623022000","234","3","宜蘭縣","壯圍鄉","121.800","24.730","332"
"1890","346566","20220623022000","1455","2","宜蘭縣","壯圍鄉","121.785","24.745","1884"
"366","346572","20220623022000","376","0","宜蘭縣","三星鄉","121.690","24.680","365"
"112","346599","20220623022000","287","0","宜蘭縣","三星鄉","121.700","24.665","119"
"659","346607","20220623022000","481","2","宜蘭縣","三星鄉","121.710","24.670","653"
"629","346608","20220623022000","537","1","宜蘭縣","三星鄉","121.715","24.670","631"
"312","346611","20220623022000","221","2","宜蘭縣","冬山鄉","121.730","24.670","318"
"535","346626","20220623022000","725","0","宜蘭縣","員山鄉","121.725","24.765","563"
"1883","346628","20220623022000","3112","0","宜蘭縣","羅東鎮","121.770","24.675","1929"
"3396","346629","20220623022000","2913","1","宜蘭縣","羅東鎮","121.760","24.680","3470"
"2322","346630","20220623022000","2181","1","宜蘭縣","羅東鎮","121.760","24.675","2245"
"457","346634","20220623022000","300","3","宜蘭縣","宜蘭市","121.775","24.735","441"
"835","346635","20220623022000","704","1","宜蘭縣","宜蘭市","121.765","24.740","835"
"1469","346642","20220623022000","1603","0","宜蘭縣","宜蘭市","121.770","24.750","1515"
"15","346652","20220623022000","79","0","宜蘭縣","壯圍鄉","121.805","24.720","21"
"1674","346668","20220623022000","1155","2","宜蘭縣","宜蘭市","121.750","24.755","1686"
"895","346672","20220623022000","836","1","宜蘭縣","冬山鄉","121.770","24.655","880"
"1105","346673","20220623022000","919","2","宜蘭縣","冬山鄉","121.755","24.660","1062"
"507","346674","20220623022000","439","1","宜蘭縣","冬山鄉","121.760","24.660","500"
"719","346675","20220623022000","507","2","宜蘭縣","冬山鄉","121.765","24.660","712"
"1060","346678","20220623022000","925","1","宜蘭縣","羅東鎮","121.780","24.675","1081"
"488","346684","20220623022000","468","1","宜蘭縣","宜蘭市","121.770","24.725","454"
"457","346685","20220623022000","406","1","宜蘭縣","宜蘭市","121.765","24.725","453"
"11","346689","20220623022000","10","1","宜蘭縣","宜蘭市","121.760","24.735","13"
"1973","346692","20220623022000","1621","2","宜蘭縣","宜蘭市","121.755","24.745","1965"
"551","346698","20220623022000","260","3","宜蘭縣","三星鄉","121.725","24.690","544"
"547","346702","20220623022000","463","1","宜蘭縣","三星鄉","121.730","24.695","554"
"663","346710","20220623022000","602","1","宜蘭縣","羅東鎮","121.755","24.670","633"
"712","346712","20220623022000","733","0","宜蘭縣","羅東鎮","121.765","24.670","707"
"786","346713","20220623022000","610","2","宜蘭縣","五結鄉","121.800","24.690","801"
"1121","346714","20220623022000","954","1","宜蘭縣","五結鄉","121.800","24.695","1096"
"392","346718","20220623022000","439","0","宜蘭縣","五結鄉","121.790","24.705","386"
"250","346731","20220623022000","276","0","宜蘭縣","三星鄉","121.745","24.700","260"
"2513","346739","20220623022000","2366","1","新竹縣","竹東鎮","121.100","24.720","2507"
"57","346747","20220623022000","55","1","新竹縣","竹東鎮","121.035","24.760","62"
"2831","346754","20220623022000","2055","2","新竹縣","竹東鎮","121.090","24.745","2880"
"890","346790","20220623022000","911","0","新竹市","香山區","120.955","24.750","926"
"90","346791","20220623022000","100","0","新竹市","香山區","120.940","24.755","96"
"249","346792","20220623022000","198","2","新竹市","香山區","120.945","24.755","255"
"653","346793","20220623022000","1208","0","新竹市","香山區","120.950","24.755","875"
"174","346794","20220623022000","117","2","新竹市","香山區","120.920","24.720","174"
"540","346797","20220623022000","472","1","新竹市","香山區","120.915","24.730","569"
"302","346804","20220623022000","230","2","新竹市","香山區","120.915","24.735","295"
"377","346806","20220623022000","377","1","新竹市","香山區","120.915","24.740","359"
"1161","346812","20220623022000","832","2","新竹市","香山區","120.910","24.745","1181"
"108","346817","20220623022000","125","0","新竹市","香山區","120.880","24.735","95"
"13","346819","20220623022000","14","0","新竹市","香山區","120.890","24.735","15"
"320","346825","20220623022000","312","1","新竹市","香山區","120.895","24.740","328"
"123","346835","20220623022000","103","1","新竹市","香山區","120.925","24.715","125"
"145","346841","20220623022000","105","2","新竹市","香山區","120.930","24.725","139"
"148","346860","20220623022000","105","2","新竹縣","關西鎮","121.210","24.760","107"
"38","346863","20220623022000","38","1","新竹縣","關西鎮","121.225","24.760","35"
"59","346867","20220623022000","48","2","新竹縣","關西鎮","121.215","24.765","47"
"115","346868","20220623022000","81","2","新竹縣","關西鎮","121.220","24.765","126"
"112","346896","20220623022000","75","2","新竹縣","關西鎮","121.240","24.765","108"
"241","346907","20220623022000","129","3","新竹縣","關西鎮","121.230","24.770","246"
"1368","346918","20220623022000","1439","0","新竹市","東區","121.020","24.760","1381"
"47","346919","20220623022000","90","0","新竹市","東區","121.025","24.760","50"
"472","346920","20220623022000","542","0","新竹市","東區","121.020","24.765","481"
"865","346921","20220623022000","923","0","新竹市","東區","121.025","24.765","943"
"4455","346922","20220623022000","4266","1","新竹市","東區","121.015","24.770","4437"
"1123","346923","20220623022000","1568","0","新竹市","東區","121.020","24.770","1061"
"354","346924","20220623022000","350","1","新竹市","東區","121.025","24.770","364"
"111","346931","20220623022000","713","0","新竹縣","竹東鎮","121.090","24.735","180"
"554","346936","20220623022000","352","3","新竹縣","橫山鄉","121.100","24.710","537"
"886","346937","20220623022000","758","1","新竹縣","竹東鎮","121.100","24.715","856"
"396","346949","20220623022000","372","1","新竹縣","橫山鄉","121.180","24.705","411"
"220","346961","20220623022000","202","1","新竹縣","橫山鄉","121.165","24.710","217"
"171","346964","20220623022000","156","1","新竹縣","橫山鄉","121.150","24.715","172"
"10","346967","20220623022000","40","0","新竹縣","橫山鄉","121.165","24.715","11"
"994","347497","20220623022000","1221","0","新竹市","東區","120.975","24.765","1034"
"915","347498","20220623022000","596","3","新竹市","東區","120.980","24.765","932"
"319","347499","20220623022000","308","1","新竹市","東區","120.970","24.770","314"
"1982","347500","20220623022000","1657","1","新竹市","東區","120.975","24.770","1987"
"419","347505","20220623022000","293","2","新竹市","東區","120.965","24.765","416"
"985","347506","20220623022000","996","0","新竹市","東區","120.970","24.765","983"
"91","347507","20220623022000","75","2","新竹市","東區","120.965","24.770","83"
"1306","347508","20220623022000","973","2","新竹縣","竹東鎮","121.085","24.735","1283"
"315","347515","20220623022000","485","0","新竹縣","竹東鎮","121.075","24.725","347"
"404","347520","20220623022000","415","0","新竹縣","竹東鎮","121.090","24.730","393"
"1504","347521","20220623022000","1317","1","新竹縣","竹東鎮","121.085","24.740","1525"
"786","347522","20220623022000","846","0","新竹縣","竹東鎮","121.100","24.745","878"
"478","347533","20220623022000","432","1","新竹縣","芎林鄉","121.125","24.725","449"
"358","347538","20220623022000","321","1","新竹縣","芎林鄉","121.120","24.735","303"
"206","347547","20220623022000","163","2","新竹縣","芎林鄉","121.135","24.745","168"
"51","347555","20220623022000","45","1","新竹縣","芎林鄉","121.140","24.750","50"
"90","347573","20220623022000","69","2","新竹縣","關西鎮","121.185","24.755","90"
"21","347621","20220623022000","19","1","新竹縣","關西鎮","121.195","24.750","24"
"26","347630","20220623022000","29","0","新竹縣","關西鎮","121.205","24.755","27"
"39","347640","20220623022000","65","0","新竹縣","關西鎮","121.180","24.745","35"
"38","347650","20220623022000","42","0","新竹縣","關西鎮","121.170","24.755","41"
"146","347665","20220623022000","72","3","新竹縣","關西鎮","121.170","24.765","137"
"192","347670","20220623022000","150","2","新竹縣","關西鎮","121.170","24.770","184"
"2990","347702","20220623022000","2809","1","新竹縣","竹東鎮","121.090","24.740","2937"
"283","347705","20220623022000","256","1","新竹縣","竹東鎮","121.100","24.695","287"
"1522","347714","20220623022000","1430","1","新竹縣","竹東鎮","121.050","24.770","1502"
"168","347720","20220623022000","115","2","新竹縣","寶山鄉","121.030","24.735","171"
"26","347723","20220623022000","88","0","新竹縣","寶山鄉","121.020","24.740","26"
"138","347740","20220623022000","187","0","新竹縣","寶山鄉","121.030","24.750","123"
"100","347774","20220623022000","69","2","新竹縣","寶山鄉","121.050","24.730","100"
"138","347788","20220623022000","86","3","新竹縣","寶山鄉","121.040","24.745","132"
"97","347794","20220623022000","95","1","新竹縣","寶山鄉","121.045","24.745","104"
"23","347799","20220623022000","13","3","新竹縣","寶山鄉","121.050","24.750","20"
"194","347805","20220623022000","175","1","新竹縣","寶山鄉","120.960","24.725","188"
"130","347806","20220623022000","109","1","新竹縣","寶山鄉","120.965","24.725","132"
"26","347808","20220623022000","19","2","新竹縣","寶山鄉","120.975","24.725","25"
"185","347809","20220623022000","178","1","新竹縣","寶山鄉","120.980","24.725","196"
"213","347812","20220623022000","311","0","新竹縣","寶山鄉","120.965","24.730","221"
"26","347818","20220623022000","21","2","新竹縣","寶山鄉","120.970","24.735","16"
"67","347821","20220623022000","55","2","新竹縣","寶山鄉","120.985","24.735","54"
"121","347823","20220623022000","96","2","新竹縣","寶山鄉","120.970","24.740","113"
"110","347832","20220623022000","85","2","新竹縣","寶山鄉","120.980","24.745","114"
"203","347835","20220623022000","198","1","新竹縣","寶山鄉","120.980","24.755","213"
"85","347842","20220623022000","77","1","新竹縣","寶山鄉","121.000","24.715","84"
"119","347845","20220623022000","84","2","新竹縣","寶山鄉","121.015","24.715","131"
"526","347878","20220623022000","472","1","新竹縣","寶山鄉","120.940","24.725","514"
"54","347882","20220623022000","51","1","新竹縣","寶山鄉","120.945","24.740","57"
"146","347889","20220623022000","137","1","新竹縣","寶山鄉","120.960","24.745","138"
"12","347900","20220623022000","56","0","新竹縣","北埔鄉","121.055","24.670","66"
"1442","347925","20220623022000","1211","1","新竹縣","北埔鄉","121.055","24.695","1397"
"154","347926","20220623022000","140","1","新竹縣","北埔鄉","121.045","24.700","168"
"387","347927","20220623022000","236","3","新竹縣","北埔鄉","121.050","24.700","405"
"49","347930","20220623022000","46","1","新竹縣","北埔鄉","121.045","24.705","53"
"28","347931","20220623022000","32","0","新竹縣","北埔鄉","121.050","24.705","30"
"80","347934","20220623022000","58","2","新竹縣","北埔鄉","121.045","24.715","74"
"289","347949","20220623022000","207","2","新竹縣","北埔鄉","121.065","24.675","287"
"438","347958","20220623022000","387","1","新竹縣","橫山鄉","121.130","24.725","458"
"287","347972","20220623022000","272","1","新竹縣","橫山鄉","121.140","24.715","296"
"421","347976","20220623022000","379","1","新竹縣","橫山鄉","121.140","24.720","416"
"36","347986","20220623022000","22","3","新竹縣","橫山鄉","121.130","24.700","18"
"93","347995","20220623022000","141","0","新竹縣","橫山鄉","121.115","24.710","88"
"470","348000","20220623022000","397","1","新竹縣","橫山鄉","121.110","24.715","521"
"137","348001","20220623022000","128","1","新竹縣","橫山鄉","121.115","24.715","129"
"139","348006","20220623022000","157","0","新竹縣","橫山鄉","121.115","24.720","151"
"552","348007","20220623022000","692","0","新竹縣","橫山鄉","121.120","24.720","521"
"19","348008","20220623022000","35","0","新竹縣","橫山鄉","121.125","24.720","70"
"334","348022","20220623022000","261","2","新竹縣","橫山鄉","121.160","24.740","317"
"125","348032","20220623022000","71","3","新竹縣","橫山鄉","121.165","24.745","146"
"55","348040","20220623022000","36","3","新竹縣","橫山鄉","121.105","24.680","53"
"60","348074","20220623022000","58","1","新竹縣","橫山鄉","121.165","24.730","60"
"41","348081","20220623022000","30","2","新竹縣","橫山鄉","121.170","24.735","39"
"24","348083","20220623022000","21","1","新竹縣","橫山鄉","121.180","24.735","24"
"11","348089","20220623022000","13","0","新竹縣","關西鎮","121.185","24.740","12"
"261","348136","20220623022000","138","3","新竹縣","橫山鄉","121.140","24.700","266"
"1146","348137","20220623022000","1094","1","新竹縣","竹東鎮","121.095","24.735","1146"
"1654","348138","20220623022000","1596","1","新竹縣","竹東鎮","121.100","24.735","1635"
"35","348144","20220623022000","34","1","新竹縣","芎林鄉","121.110","24.770","38"
"712","348163","20220623022000","638","1","新竹縣","芎林鄉","121.085","24.765","759"
"19","348164","20220623022000","20","0","新竹縣","芎林鄉","121.085","24.770","16"
"343","348165","20220623022000","408","0","新竹縣","芎林鄉","121.095","24.760","385"
"84","348190","20220623022000","63","2","新竹縣","芎林鄉","121.125","24.755","75"
"14","348191","20220623022000","11","2","新竹縣","芎林鄉","121.130","24.755","11"
"293","348207","20220623022000","216","2","新竹縣","寶山鄉","120.985","24.750","290"
"247","348212","20220623022000","255","0","新竹縣","寶山鄉","120.995","24.755","243"
"1593","348213","20220623022000","1246","2","新竹縣","寶山鄉","120.985","24.760","1596"
"812","348217","20220623022000","818","0","新竹縣","寶山鄉","120.990","24.765","797"
"164","348225","20220623022000","150","1","新竹縣","尖石鄉","121.200","24.705","178"
"71","348272","20220623022000","42","3","新竹縣","尖石鄉","121.225","24.730","84"
"79","348276","20220623022000","50","3","新竹縣","尖石鄉","121.245","24.730","82"
"38","348320","20220623022000","26","2","新竹縣","尖石鄉","121.260","24.705","33"
"125","348345","20220623022000","114","1","新竹縣","尖石鄉","121.270","24.715","139"
"142","348353","20220623022000","121","1","新竹縣","尖石鄉","121.250","24.720","135"
"101","348419","20220623022000","92","1","新竹縣","尖石鄉","121.265","24.745","96"
"34","348461","20220623022000","30","1","新竹縣","尖石鄉","121.185","24.665","36"
"76","348468","20220623022000","41","3","新竹縣","尖石鄉","121.195","24.670","66"
"34","348469","20220623022000","26","2","新竹縣","尖石鄉","121.200","24.670","38"
"52","348470","20220623022000","51","1","新竹縣","尖石鄉","121.205","24.670","52"
"24","348485","20220623022000","19","2","新竹縣","尖石鄉","121.300","24.655","24"
"111","348506","20220623022000","55","3","新竹縣","尖石鄉","121.350","24.660","83"
"77","348549","20220623022000","43","3","新竹縣","尖石鄉","121.310","24.685","53"
"174","348577","20220623022000","108","3","新竹縣","尖石鄉","121.280","24.665","171"
"140","348584","20220623022000","149","0","新竹縣","五峰鄉","121.150","24.670","124"
"48","348588","20220623022000","46","1","新竹縣","尖石鄉","121.170","24.670","48"
"41","348599","20220623022000","24","3","新竹縣","尖石鄉","121.170","24.680","30"
"85","348600","20220623022000","75","1","新竹縣","尖石鄉","121.175","24.680","93"
"16","348608","20220623022000","16","1","新竹縣","尖石鄉","121.185","24.685","16"
"18","348708","20220623022000","15","2","新竹縣","尖石鄉","121.235","24.680","13"
"176","348711","20220623022000","104","3","新竹縣","尖石鄉","121.250","24.680","173"
"61","348720","20220623022000","113","0","新竹縣","尖石鄉","121.220","24.685","64"
"322","348785","20220623022000","161","3","新竹縣","尖石鄉","121.220","24.705","305"
"53","348819","20220623022000","46","1","新竹縣","峨眉鄉","121.035","24.695","56"
"200","348820","20220623022000","163","2","新竹縣","北埔鄉","121.040","24.695","182"
"99","348822","20220623022000","78","2","新竹縣","峨眉鄉","121.035","24.700","106"
"83","348831","20220623022000","86","0","新竹縣","峨眉鄉","120.985","24.685","90"
"52","348834","20220623022000","35","2","新竹縣","峨眉鄉","120.970","24.690","39"
"127","348838","20220623022000","117","1","新竹縣","峨眉鄉","120.990","24.690","134"
"57","348845","20220623022000","44","2","新竹縣","峨眉鄉","120.985","24.700","57"
"39","348851","20220623022000","42","0","新竹縣","峨眉鄉","120.990","24.705","47"
"437","348861","20220623022000","347","2","新竹縣","峨眉鄉","121.025","24.685","411"
"248","348863","20220623022000","205","2","新竹縣","峨眉鄉","121.020","24.690","271"
"139","348870","20220623022000","181","0","新竹縣","北埔鄉","121.055","24.685","144"
"143","348889","20220623022000","118","2","新竹縣","北埔鄉","121.090","24.690","154"
"97","348892","20220623022000","63","3","新竹縣","北埔鄉","121.070","24.695","86"
"561","348909","20220623022000","482","1","新竹縣","北埔鄉","121.060","24.700","567"
"46","348910","20220623022000","59","0","新竹縣","北埔鄉","121.065","24.700","53"
"22","348919","20220623022000","23","0","新竹縣","北埔鄉","121.060","24.710","21"
"11","348944","20220623022000","12","0","新竹縣","寶山鄉","121.000","24.720","12"
"128","348947","20220623022000","111","1","新竹縣","寶山鄉","121.000","24.725","153"
"49","348952","20220623022000","53","0","新竹縣","寶山鄉","121.005","24.730","44"
"374","348957","20220623022000","272","2","新竹縣","寶山鄉","120.990","24.740","411"
"87","348958","20220623022000","57","3","新竹縣","寶山鄉","120.995","24.740","79"
"48","348969","20220623022000","47","1","新竹縣","寶山鄉","121.005","24.745","58"
"867","348971","20220623022000","997","0","新竹縣","寶山鄉","121.005","24.750","887"
"760","348978","20220623022000","716","1","新竹縣","寶山鄉","121.020","24.755","765"
"310","348983","20220623022000","368","0","新竹縣","寶山鄉","121.000","24.765","334"
"894","348986","20220623022000","980","0","新竹縣","寶山鄉","121.015","24.765","848"
"746","348987","20220623022000","845","0","新竹縣","寶山鄉","121.000","24.770","758"
"64","348988","20220623022000","56","1","新竹縣","寶山鄉","121.005","24.770","67"
"227","348989","20220623022000","436","0","新竹縣","寶山鄉","121.010","24.770","232"
"75","348993","20220623022000","63","1","新竹縣","峨眉鄉","120.990","24.665","73"
"20","349000","20220623022000","20","1","新竹縣","峨眉鄉","120.995","24.670","25"
"67","349005","20220623022000","45","2","新竹縣","峨眉鄉","120.985","24.675","72"
"91","349012","20220623022000","68","2","新竹縣","峨眉鄉","120.990","24.680","94"
"144","349031","20220623022000","114","2","新竹縣","峨眉鄉","121.000","24.700","153"
"1348","349060","20220623022000","1275","1","新竹縣","竹東鎮","121.060","24.750","1341"
"324","349062","20220623022000","306","1","新竹縣","竹東鎮","121.070","24.750","332"
"899","349066","20220623022000","838","1","新竹縣","竹東鎮","121.070","24.755","872"
"2001","349070","20220623022000","1742","1","新竹縣","竹東鎮","121.065","24.760","1985"
"5478","349073","20220623022000","4957","1","新竹縣","竹東鎮","121.060","24.765","5456"
"95","349074","20220623022000","84","1","新竹縣","竹東鎮","121.065","24.765","87"
"148","349079","20220623022000","109","2","新竹縣","竹東鎮","121.120","24.660","157"
"393","349087","20220623022000","330","1","新竹縣","竹東鎮","121.090","24.720","415"
"2218","349088","20220623022000","1998","1","新竹縣","竹東鎮","121.095","24.720","2195"
"3020","349089","20220623022000","2756","1","新竹縣","竹東鎮","121.090","24.725","3022"
"834","349090","20220623022000","734","1","新竹縣","竹東鎮","121.095","24.725","844"
"1940","349092","20220623022000","1255","3","新竹縣","竹東鎮","121.095","24.730","1940"
"310","349094","20220623022000","377","0","新竹縣","竹東鎮","121.105","24.730","304"
"348","349096","20220623022000","399","0","新竹縣","竹東鎮","121.055","24.755","337"
"57","349099","20220623022000","53","1","新竹縣","竹東鎮","121.045","24.765","57"
"809","349103","20220623022000","787","1","新竹縣","竹東鎮","121.060","24.770","838"
"827","349105","20220623022000","606","2","新竹縣","竹東鎮","121.080","24.735","839"
"139","349109","20220623022000","83","3","新竹縣","竹東鎮","121.080","24.740","134"
"121","349110","20220623022000","63","3","新竹縣","竹東鎮","121.075","24.745","117"
"1077","349113","20220623022000","1222","0","新竹縣","竹東鎮","121.080","24.745","1106"
"1899","349114","20220623022000","1493","2","新竹縣","竹東鎮","121.085","24.745","1889"
"267","349115","20220623022000","191","2","新竹縣","竹東鎮","121.080","24.750","272"
"655","349118","20220623022000","689","0","宜蘭縣","宜蘭市","121.780","24.750","676"
"831","349120","20220623022000","812","1","宜蘭縣","宜蘭市","121.765","24.755","844"
"576","349124","20220623022000","722","0","宜蘭縣","宜蘭市","121.765","24.760","565"
"398","349125","20220623022000","427","0","宜蘭縣","宜蘭市","121.770","24.760","380"
"76","349130","20220623022000","90","0","宜蘭縣","宜蘭市","121.760","24.725","99"
"498","349131","20220623022000","380","2","宜蘭縣","宜蘭市","121.755","24.730","488"
"62","349132","20220623022000","41","3","宜蘭縣","宜蘭市","121.760","24.730","61"
"509","349136","20220623022000","483","1","宜蘭縣","宜蘭市","121.755","24.740","509"
"406","349139","20220623022000","437","0","宜蘭縣","宜蘭市","121.735","24.755","402"
"1005","349140","20220623022000","1052","0","宜蘭縣","宜蘭市","121.740","24.755","1070"
"27","349143","20220623022000","31","0","宜蘭縣","羅東鎮","121.755","24.680","26"
"2099","349144","20220623022000","1765","1","宜蘭縣","羅東鎮","121.775","24.680","2134"
"1597","349145","20220623022000","1546","1","宜蘭縣","羅東鎮","121.775","24.675","1592"
"897","349146","20220623022000","700","2","宜蘭縣","羅東鎮","121.750","24.675","877"
"632","349147","20220623022000","579","1","宜蘭縣","羅東鎮","121.770","24.685","621"
"348","349149","20220623022000","204","3","宜蘭縣","羅東鎮","121.750","24.680","349"
"219","349158","20220623022000","53","3","新竹市","香山區","120.930","24.745","206"
"87","349160","20220623022000","86","1","新竹市","香山區","120.925","24.750","95"
"471","349162","20220623022000","381","2","新竹市","香山區","120.915","24.760","443"
"936","349166","20220623022000","791","1","新竹市","香山區","120.915","24.765","932"
"82","349176","20220623022000","115","0","新竹市","香山區","120.955","24.760","86"
"22","349177","20220623022000","21","1","新竹市","東區","120.960","24.760","20"
"1400","349183","20220623022000","1333","1","新竹市","香山區","120.955","24.770","1415"
"394","349184","20220623022000","464","0","新竹市","香山區","120.960","24.770","408"
"76","349186","20220623022000","76","1","新竹市","香山區","120.910","24.755","80"
"349","349196","20220623022000","338","1","新竹市","香山區","120.920","24.760","351"
"79","349198","20220623022000","66","1","新竹市","香山區","120.930","24.760","79"
"126","349199","20220623022000","71","3","新竹市","香山區","120.935","24.760","128"
"84","349203","20220623022000","89","0","宜蘭縣","宜蘭市","121.765","24.745","85"
"940","349204","20220623022000","1069","0","宜蘭縣","宜蘭市","121.760","24.750","949"
"1002","349205","20220623022000","848","1","宜蘭縣","宜蘭市","121.765","24.750","978"
"2005","349206","20220623022000","2024","0","宜蘭縣","羅東鎮","121.775","24.670","1964"
"1070","349207","20220623022000","1071","0","宜蘭縣","羅東鎮","121.755","24.675","1077"
"31","349208","20220623022000","249","0","宜蘭縣","羅東鎮","121.755","24.690","32"
"85","349210","20220623022000","105","0","宜蘭縣","羅東鎮","121.755","24.695","75"
"811","349211","20220623022000","597","2","宜蘭縣","羅東鎮","121.760","24.695","820"
"924","349214","20220623022000","1695","0","宜蘭縣","羅東鎮","121.770","24.670","968"
"570","349216","20220623022000","628","0","宜蘭縣","羅東鎮","121.800","24.665","537"
"1176","349222","20220623022000","578","3","宜蘭縣","羅東鎮","121.795","24.675","1171"
"784","349224","20220623022000","742","1","宜蘭縣","羅東鎮","121.785","24.675","763"
"2705","349225","20220623022000","2084","2","宜蘭縣","羅東鎮","121.780","24.680","2687"
"1440","349227","20220623022000","1581","0","宜蘭縣","宜蘭市","121.750","24.745","1423"
"1113","349228","20220623022000","1127","0","宜蘭縣","員山鄉","121.735","24.745","1114"
"2041","349229","20220623022000","2196","0","宜蘭縣","宜蘭市","121.740","24.745","2057"
"1556","349230","20220623022000","1170","2","宜蘭縣","宜蘭市","121.745","24.745","1579"
"503","349231","20220623022000","419","2","宜蘭縣","宜蘭市","121.730","24.750","493"
"1581","349232","20220623022000","1684","0","宜蘭縣","宜蘭市","121.735","24.750","1568"
"1488","349234","20220623022000","1319","1","宜蘭縣","羅東鎮","121.765","24.675","1541"
"792","349235","20220623022000","831","0","宜蘭縣","宜蘭市","121.760","24.760","783"
"841","349236","20220623022000","672","2","宜蘭縣","宜蘭市","121.750","24.765","860"
"414","349237","20220623022000","416","0","宜蘭縣","宜蘭市","121.745","24.750","562"
"533","349238","20220623022000","448","1","宜蘭縣","宜蘭市","121.760","24.765","529"
"839","349240","20220623022000","773","1","宜蘭縣","羅東鎮","121.755","24.685","822"
"20","349296","20220623022000","21","0","桃園市","復興區","121.350","24.760","21"
"50","349304","20220623022000","45","1","桃園市","復興區","121.360","24.770","37"
"84","349422","20220623022000","55","3","桃園市","復興區","121.390","24.660","78"
"27","349482","20220623022000","20","2","桃園市","復興區","121.385","24.680","14"
"195","349502","20220623022000","120","3","桃園市","復興區","121.395","24.685","185"
"323","349582","20220623022000","110","3","桃園市","復興區","121.410","24.705","271"
"54","349762","20220623022000","44","2","桃園市","復興區","121.345","24.725","55"
"29","349769","20220623022000","11","3","桃園市","復興區","121.380","24.725","14"
"11","349794","20220623022000","11","1","桃園市","復興區","121.375","24.730","11"
"20","349865","20220623022000","16","2","桃園市","復興區","121.365","24.740","20"
"148","349883","20220623022000","189","0","新竹市","香山區","120.940","24.760","162"
"307","349889","20220623022000","231","2","新竹市","香山區","120.935","24.770","360"
"296","349896","20220623022000","275","1","新竹市","香山區","120.905","24.750","328"
"541","349897","20220623022000","322","3","新竹市","香山區","120.910","24.750","530"
"944","349904","20220623022000","992","0","新竹縣","竹東鎮","121.030","24.770","909"
"56","349937","20220623022000","48","1","桃園市","復興區","121.365","24.675","56"
"18","349983","20220623022000","111","0","苗栗縣","三灣鄉","120.965","24.665","16"
"303","349985","20220623022000","237","2","苗栗縣","三灣鄉","120.975","24.665","296"
"137","350003","20220623022000","197","0","苗栗縣","三灣鄉","120.950","24.670","149"
"167","350012","20220623022000","128","2","苗栗縣","頭份鎮","120.955","24.680","173"
"395","350014","20220623022000","275","2","苗栗縣","頭份鎮","120.965","24.680","400"
"41","350017","20220623022000","363","0","苗栗縣","頭份鎮","120.960","24.685","38"
"330","350018","20220623022000","233","2","苗栗縣","頭份鎮","120.965","24.685","323"
"154","350019","20220623022000","144","1","苗栗縣","竹南鎮","120.880","24.680","157"
"3095","350021","20220623022000","2537","2","苗栗縣","竹南鎮","120.885","24.685","3082"
"25","350023","20220623022000","25","1","苗栗縣","頭份鎮","120.925","24.690","27"
"1067","350024","20220623022000","789","2","苗栗縣","頭份鎮","120.930","24.690","1087"
"415","350031","20220623022000","335","2","苗栗縣","頭份鎮","120.920","24.665","403"
"53","350036","20220623022000","466","0","苗栗縣","頭份鎮","120.920","24.670","61"
"282","350042","20220623022000","301","0","苗栗縣","頭份鎮","120.925","24.675","298"
"40","350052","20220623022000","144","0","苗栗縣","後龍鎮","120.820","24.660","44"
"364","350068","20220623022000","272","2","苗栗縣","頭份鎮","120.910","24.690","375"
"894","350073","20220623022000","726","2","苗栗縣","竹南鎮","120.885","24.695","866"
"983","350075","20220623022000","654","3","苗栗縣","頭份鎮","120.890","24.695","1023"
"1685","350077","20220623022000","1188","2","苗栗縣","頭份鎮","120.910","24.695","1646"
"938","350078","20220623022000","820","1","苗栗縣","頭份鎮","120.910","24.700","948"
"645","350080","20220623022000","529","2","苗栗縣","頭份鎮","120.940","24.680","650"
"194","350082","20220623022000","271","0","苗栗縣","頭份鎮","120.950","24.680","166"
"728","350085","20220623022000","656","1","苗栗縣","頭份鎮","120.925","24.685","720"
"426","350087","20220623022000","368","1","苗栗縣","頭份鎮","120.935","24.685","399"
"2022","350090","20220623022000","1505","2","苗栗縣","頭份鎮","120.895","24.690","2066"
"1083","350091","20220623022000","1605","0","苗栗縣","頭份鎮","120.905","24.690","1141"
"463","350092","20220623022000","983","0","苗栗縣","頭份鎮","120.905","24.685","415"
"180","350095","20220623022000","445","0","苗栗縣","頭份鎮","120.945","24.690","172"
"36","350102","20220623022000","193","0","苗栗縣","頭份鎮","120.935","24.700","31"
"44","350103","20220623022000","391","0","苗栗縣","頭份鎮","120.940","24.695","34"
"116","350109","20220623022000","136","0","苗栗縣","頭份鎮","120.940","24.700","137"
"13","350110","20220623022000","22","0","苗栗縣","頭份鎮","120.945","24.700","12"
"733","350112","20220623022000","469","3","苗栗縣","頭份鎮","120.930","24.705","703"
"193","350117","20220623022000","179","1","苗栗縣","頭份鎮","120.935","24.710","192"
"434","350118","20220623022000","398","1","苗栗縣","頭份鎮","120.885","24.665","459"
"27","350124","20220623022000","285","0","苗栗縣","頭份鎮","120.885","24.675","37"
"457","350127","20220623022000","544","0","苗栗縣","頭份鎮","120.905","24.700","425"
"867","350128","20220623022000","1416","0","苗栗縣","頭份鎮","120.900","24.695","851"
"1156","350129","20220623022000","980","1","苗栗縣","頭份鎮","120.905","24.695","1170"
"167","350131","20220623022000","436","0","苗栗縣","頭份鎮","120.915","24.690","157"
"1353","350132","20220623022000","1491","0","苗栗縣","頭份鎮","120.915","24.695","1371"
"25","350142","20220623022000","30","0","苗栗縣","頭份鎮","120.915","24.665","19"
"81","350146","20220623022000","449","0","苗栗縣","頭份鎮","120.915","24.670","70"
"799","350150","20220623022000","621","2","苗栗縣","竹南鎮","120.860","24.695","816"
"851","350151","20220623022000","579","2","苗栗縣","竹南鎮","120.865","24.695","859"
"275","350154","20220623022000","738","0","苗栗縣","竹南鎮","120.870","24.695","257"
"121","350155","20220623022000","647","0","苗栗縣","竹南鎮","120.880","24.695","124"
"359","350156","20220623022000","330","1","苗栗縣","竹南鎮","120.865","24.680","361"
"428","350157","20220623022000","347","2","苗栗縣","竹南鎮","120.910","24.710","426"
"655","350159","20220623022000","691","0","苗栗縣","竹南鎮","120.920","24.705","626"
"374","350160","20220623022000","536","0","苗栗縣","頭份鎮","120.925","24.705","373"
"137","350161","20220623022000","115","1","苗栗縣","竹南鎮","120.915","24.705","130"
"1218","350162","20220623022000","1211","1","苗栗縣","竹南鎮","120.915","24.710","1198"
"344","350163","20220623022000","316","1","苗栗縣","竹南鎮","120.920","24.710","350"
"108","350165","20220623022000","130","0","苗栗縣","竹南鎮","120.930","24.710","91"
"271","350166","20220623022000","344","0","苗栗縣","竹南鎮","120.915","24.715","256"
"187","350167","20220623022000","229","0","苗栗縣","竹南鎮","120.920","24.715","183"
"1551","350169","20220623022000","1491","1","苗栗縣","頭份鎮","120.910","24.685","1520"
"2858","350170","20220623022000","2950","0","苗栗縣","頭份鎮","120.895","24.700","2821"
"1545","350172","20220623022000","1066","2","苗栗縣","頭份鎮","120.905","24.680","1541"
"811","350173","20220623022000","602","2","苗栗縣","竹南鎮","120.875","24.700","800"
"874","350174","20220623022000","669","2","苗栗縣","竹南鎮","120.870","24.700","841"
"412","350176","20220623022000","381","1","苗栗縣","頭份鎮","120.920","24.690","380"
"126","350177","20220623022000","107","1","苗栗縣","頭份鎮","120.880","24.660","126"
"857","350179","20220623022000","985","0","苗栗縣","頭份鎮","120.900","24.700","864"
"24","350180","20220623022000","32","0","苗栗縣","竹南鎮","120.910","24.705","28"
"481","350182","20220623022000","527","0","苗栗縣","頭份鎮","120.920","24.700","503"
"1027","350183","20220623022000","1464","0","苗栗縣","頭份鎮","120.895","24.695","1080"
"519","350203","20220623022000","321","3","苗栗縣","竹南鎮","120.860","24.685","506"
"42","350206","20220623022000","282","0","苗栗縣","竹南鎮","120.865","24.700","33"
"686","350208","20220623022000","440","3","苗栗縣","竹南鎮","120.875","24.705","638"
"1208","350209","20220623022000","1348","0","苗栗縣","竹南鎮","120.880","24.700","1194"
"1031","350210","20220623022000","626","3","苗栗縣","頭份鎮","120.885","24.700","1087"
"698","350211","20220623022000","395","3","苗栗縣","竹南鎮","120.880","24.705","694"
"114","350214","20220623022000","110","1","苗栗縣","竹南鎮","120.865","24.705","93"
"45","350220","20220623022000","281","0","苗栗縣","竹南鎮","120.880","24.710","40"
"168","350223","20220623022000","128","2","苗栗縣","竹南鎮","120.865","24.715","155"
"352","350224","20220623022000","358","0","苗栗縣","竹南鎮","120.870","24.715","334"
"224","350225","20220623022000","374","0","苗栗縣","竹南鎮","120.875","24.715","240"
"58","350226","20220623022000","58","1","苗栗縣","竹南鎮","120.880","24.715","44"
"26","350229","20220623022000","27","0","苗栗縣","竹南鎮","120.865","24.720","31"
"77","350236","20220623022000","85","0","苗栗縣","竹南鎮","120.870","24.725","86"
"304","350240","20220623022000","207","2","苗栗縣","竹南鎮","120.890","24.725","291"
"59","350247","20220623022000","54","1","苗栗縣","竹南鎮","120.880","24.685","54"
"1989","350248","20220623022000","1656","2","苗栗縣","竹南鎮","120.880","24.690","1970"
"1533","350250","20220623022000","1934","0","苗栗縣","竹南鎮","120.890","24.690","1612"
"2146","350251","20220623022000","2494","0","苗栗縣","竹南鎮","120.875","24.685","2186"
"446","350258","20220623022000","343","2","苗栗縣","竹南鎮","120.855","24.675","422"
"358","350264","20220623022000","286","2","苗栗縣","竹南鎮","120.850","24.680","339"
"15","350275","20220623022000","176","0","苗栗縣","竹南鎮","120.850","24.670","17"
"1242","350277","20220623022000","963","2","苗栗縣","竹南鎮","120.860","24.670","1257"
"40","350278","20220623022000","29","2","苗栗縣","竹南鎮","120.845","24.675","44"
"92","350279","20220623022000","82","1","苗栗縣","造橋鄉","120.855","24.660","87"
"99","350285","20220623022000","261","0","苗栗縣","頭份鎮","120.900","24.685","109"
"274","350286","20220623022000","306","0","苗栗縣","頭份鎮","120.895","24.675","261"
"628","350288","20220623022000","555","1","苗栗縣","頭份鎮","120.890","24.680","653"
"1103","350290","20220623022000","1113","0","苗栗縣","頭份鎮","120.900","24.680","1065"
"498","350291","20220623022000","483","1","苗栗縣","頭份鎮","120.945","24.685","507"
"172","350303","20220623022000","141","2","苗栗縣","頭份鎮","120.960","24.700","167"
"102","350311","20220623022000","87","1","苗栗縣","頭份鎮","120.965","24.705","96"
"897","350314","20220623022000","1544","0","苗栗縣","竹南鎮","120.870","24.690","916"
"652","350316","20220623022000","591","1","苗栗縣","竹南鎮","120.855","24.690","685"
"1308","350319","20220623022000","1371","0","苗栗縣","竹南鎮","120.865","24.685","1274"
"818","350320","20220623022000","942","0","苗栗縣","竹南鎮","120.875","24.695","827"
"105","350321","20220623022000","766","0","苗栗縣","竹南鎮","120.875","24.690","126"
"194","350326","20220623022000","418","0","苗栗縣","竹南鎮","120.910","24.720","199"
"126","350328","20220623022000","36","3","苗栗縣","竹南鎮","120.895","24.725","120"
"17","350330","20220623022000","230","0","苗栗縣","竹南鎮","120.905","24.725","18"
"231","350331","20220623022000","222","1","苗栗縣","竹南鎮","120.910","24.725","244"
"308","350334","20220623022000","225","2","苗栗縣","竹南鎮","120.905","24.730","307"
"110","350336","20220623022000","90","2","新竹市","香山區","120.900","24.735","120"
"18","350338","20220623022000","260","0","新竹市","香山區","120.905","24.740","14"
"656","350340","20220623022000","640","1","苗栗縣","竹南鎮","120.875","24.660","648"
"1156","350347","20220623022000","1080","1","苗栗縣","竹南鎮","120.865","24.675","1143"
"47","350349","20220623022000","294","0","苗栗縣","竹南鎮","120.875","24.675","43"
"568","350350","20220623022000","536","1","苗栗縣","竹南鎮","120.880","24.675","558"
"726","350351","20220623022000","414","3","苗栗縣","竹南鎮","120.870","24.680","697"
"426","350352","20220623022000","540","0","苗栗縣","竹南鎮","120.875","24.680","452"
"2143","350353","20220623022000","2174","0","苗栗縣","竹南鎮","120.870","24.685","2113"
"100","350357","20220623022000","439","0","苗栗縣","竹南鎮","120.890","24.705","78"
"274","350358","20220623022000","219","2","苗栗縣","竹南鎮","120.895","24.705","278"
"860","350359","20220623022000","601","2","苗栗縣","竹南鎮","120.900","24.705","825"
"367","350363","20220623022000","582","0","苗栗縣","竹南鎮","120.900","24.710","365"
"284","350364","20220623022000","172","3","苗栗縣","竹南鎮","120.905","24.710","244"
"246","350365","20220623022000","222","1","苗栗縣","竹南鎮","120.895","24.715","246"
"486","350367","20220623022000","383","2","苗栗縣","竹南鎮","120.905","24.715","488"
"126","350369","20220623022000","111","1","苗栗縣","竹南鎮","120.895","24.720","132"
"84","356638","20220623022000","72","1","宜蘭縣","頭城鎮","121.940","24.840","113"
"931","360378","20220623022000","691","2","宜蘭縣","礁溪鄉","121.765","24.825","921"
"1349","360379","20220623022000","1828","0","宜蘭縣","礁溪鄉","121.770","24.825","1212"
"537","360380","20220623022000","508","1","宜蘭縣","礁溪鄉","121.775","24.825","487"
"505","360392","20220623022000","419","2","宜蘭縣","礁溪鄉","121.810","24.815","507"
"134","360394","20220623022000","119","1","宜蘭縣","礁溪鄉","121.795","24.815","146"
"23","360410","20220623022000","114","0","宜蘭縣","礁溪鄉","121.720","24.815","21"
"75","360417","20220623022000","85","0","宜蘭縣","礁溪鄉","121.720","24.820","72"
"73","360419","20220623022000","78","0","宜蘭縣","礁溪鄉","121.730","24.820","99"
"107","360427","20220623022000","326","0","宜蘭縣","礁溪鄉","121.725","24.820","126"
"376","360433","20220623022000","351","1","宜蘭縣","礁溪鄉","121.755","24.820","409"
"39","360437","20220623022000","47","0","宜蘭縣","礁溪鄉","121.740","24.825","48"
"1870","360439","20220623022000","1596","1","宜蘭縣","宜蘭市","121.755","24.770","1836"
"470","360442","20220623022000","335","2","宜蘭縣","宜蘭市","121.745","24.775","465"
"1016","360449","20220623022000","794","2","宜蘭縣","壯圍鄉","121.785","24.775","1002"
"14","360451","20220623022000","12","1","宜蘭縣","壯圍鄉","121.780","24.780","10"
"365","360457","20220623022000","260","2","宜蘭縣","壯圍鄉","121.795","24.790","385"
"162","360471","20220623022000","177","0","宜蘭縣","頭城鎮","121.820","24.855","149"
"40","360474","20220623022000","50","0","宜蘭縣","頭城鎮","121.835","24.885","43"
"75","360476","20220623022000","73","1","宜蘭縣","頭城鎮","121.845","24.885","78"
"517","360478","20220623022000","594","0","宜蘭縣","頭城鎮","121.830","24.855","518"
"658","360482","20220623022000","773","0","宜蘭縣","頭城鎮","121.820","24.860","657"
"342","360484","20220623022000","256","2","宜蘭縣","頭城鎮","121.815","24.860","346"
"661","360485","20220623022000","583","1","宜蘭縣","頭城鎮","121.820","24.865","651"
"261","360486","20220623022000","242","1","宜蘭縣","頭城鎮","121.810","24.865","277"
"142","360502","20220623022000","165","0","宜蘭縣","頭城鎮","121.815","24.850","158"
"654","360507","20220623022000","691","0","宜蘭縣","頭城鎮","121.825","24.865","634"
"130","360520","20220623022000","151","0","宜蘭縣","頭城鎮","121.835","24.870","145"
"29","360521","20220623022000","62","0","宜蘭縣","頭城鎮","121.840","24.870","25"
"206","360524","20220623022000","146","2","宜蘭縣","頭城鎮","121.840","24.875","196"
"45","360537","20220623022000","19","3","新北市","三峽區","121.345","24.845","41"
"82","360552","20220623022000","82","1","新北市","三峽區","121.360","24.855","86"
"25","360554","20220623022000","12","3","新北市","三峽區","121.370","24.855","17"
"21","360559","20220623022000","24","0","新北市","三峽區","121.365","24.860","19"
"68","360569","20220623022000","50","2","新北市","三峽區","121.355","24.870","76"
"51","360573","20220623022000","43","1","新北市","三峽區","121.375","24.870","50"
"36","360625","20220623022000","28","2","宜蘭縣","頭城鎮","121.820","24.825","35"
"68","360631","20220623022000","92","0","宜蘭縣","頭城鎮","121.790","24.845","63"
"256","360639","20220623022000","243","1","宜蘭縣","頭城鎮","121.795","24.855","256"
"564","360641","20220623022000","473","1","宜蘭縣","頭城鎮","121.805","24.855","574"
"206","360684","20220623022000","166","2","宜蘭縣","礁溪鄉","121.765","24.800","206"
"261","360687","20220623022000","269","0","宜蘭縣","礁溪鄉","121.760","24.810","258"
"299","360689","20220623022000","270","1","宜蘭縣","礁溪鄉","121.755","24.815","278"
"96","360694","20220623022000","71","2","宜蘭縣","員山鄉","121.700","24.780","104"
"49","360702","20220623022000","35","2","宜蘭縣","礁溪鄉","121.680","24.785","43"
"181","360788","20220623022000","177","1","宜蘭縣","礁溪鄉","121.780","24.810","172"
"492","360803","20220623022000","425","1","宜蘭縣","壯圍鄉","121.810","24.800","512"
"542","360806","20220623022000","445","2","宜蘭縣","壯圍鄉","121.815","24.805","522"
"492","360817","20220623022000","478","1","宜蘭縣","礁溪鄉","121.780","24.785","515"
"553","360820","20220623022000","529","1","宜蘭縣","礁溪鄉","121.775","24.815","530"
"978","360822","20220623022000","899","1","宜蘭縣","礁溪鄉","121.770","24.820","985"
"227","360828","20220623022000","262","0","宜蘭縣","礁溪鄉","121.730","24.790","228"
"102","360848","20220623022000","85","2","宜蘭縣","礁溪鄉","121.710","24.810","121"
"577","360876","20220623022000","504","1","宜蘭縣","礁溪鄉","121.760","24.785","570"
"94","360877","20220623022000","81","1","宜蘭縣","礁溪鄉","121.750","24.790","80"
"441","360879","20220623022000","275","3","宜蘭縣","礁溪鄉","121.760","24.790","438"
"510","360881","20220623022000","394","2","宜蘭縣","礁溪鄉","121.765","24.815","508"
"571","360883","20220623022000","426","2","宜蘭縣","礁溪鄉","121.765","24.820","560"
"315","360888","20220623022000","209","3","宜蘭縣","礁溪鄉","121.755","24.825","237"
"494","360889","20220623022000","512","0","宜蘭縣","礁溪鄉","121.760","24.825","517"
"31","360898","20220623022000","18","3","宜蘭縣","礁溪鄉","121.745","24.830","17"
"51","360964","20220623022000","38","2","新北市","三峽區","121.410","24.865","58"
"175","360967","20220623022000","196","0","新北市","三峽區","121.410","24.870","134"
"106","360994","20220623022000","70","3","新北市","三峽區","121.415","24.885","97"
"18","361075","20220623022000","15","2","新北市","三峽區","121.445","24.830","17"
"17","361124","20220623022000","13","2","新北市","三峽區","121.430","24.845","15"
"24","361179","20220623022000","30","0","新北市","三峽區","121.435","24.860","20"
"11","361193","20220623022000","11","1","新北市","三峽區","121.430","24.865","11"
"16","361195","20220623022000","17","0","新北市","三峽區","121.440","24.865","19"
"13","361256","20220623022000","17","0","新北市","三峽區","121.450","24.890","13"
"32","361304","20220623022000","30","1","新北市","三峽區","121.375","24.885","29"
"31","361308","20220623022000","18","3","新北市","三峽區","121.400","24.885","30"
"699","361316","20220623022000","564","2","宜蘭縣","員山鄉","121.720","24.770","716"
"222","361349","20220623022000","223","0","宜蘭縣","員山鄉","121.715","24.775","174"
"384","361393","20220623022000","305","2","宜蘭縣","壯圍鄉","121.800","24.770","403"
"241","361412","20220623022000","217","1","宜蘭縣","宜蘭市","121.735","24.775","248"
"14","361413","20220623022000","14","1","宜蘭縣","宜蘭市","121.740","24.775","10"
"140","361414","20220623022000","125","1","宜蘭縣","宜蘭市","121.730","24.780","147"
"694","361441","20220623022000","547","2","宜蘭縣","頭城鎮","121.790","24.835","669"
"16","361461","20220623022000","22","0","宜蘭縣","頭城鎮","121.775","24.860","24"
"31","361466","20220623022000","15","3","新北市","坪林區","121.770","24.865","11"
"580","361479","20220623022000","470","2","宜蘭縣","頭城鎮","121.815","24.835","531"
"498","361482","20220623022000","329","3","宜蘭縣","頭城鎮","121.810","24.845","486"
"4314","361485","20220623022000","4024","1","新竹市","東區","120.985","24.800","4380"
"2670","361486","20220623022000","2157","2","新竹市","東區","120.985","24.810","2649"
"189","361502","20220623022000","92","3","桃園市","大溪區","121.330","24.880","115"
"131","361509","20220623022000","106","2","桃園市","大溪區","121.325","24.885","124"
"22","361515","20220623022000","36","0","桃園市","大溪區","121.325","24.890","26"
"24","361517","20220623022000","45","0","桃園市","大溪區","121.335","24.890","21"
"259","361521","20220623022000","232","1","桃園市","大溪區","121.250","24.865","261"
"36","361525","20220623022000","32","1","桃園市","大溪區","121.255","24.870","27"
"392","361530","20220623022000","642","0","桃園市","大溪區","121.260","24.875","396"
"656","361536","20220623022000","461","2","桃園市","大溪區","121.260","24.880","671"
"82","361538","20220623022000","98","0","桃園市","大溪區","121.275","24.880","86"
"831","361539","20220623022000","775","1","桃園市","大溪區","121.250","24.880","856"
"361","361545","20220623022000","275","2","桃園市","大溪區","121.275","24.885","362"
"162","361546","20220623022000","142","1","桃園市","大溪區","121.280","24.885","164"
"495","361547","20220623022000","353","2","桃園市","大溪區","121.275","24.890","476"
"1518","361550","20220623022000","1256","2","桃園市","大溪區","121.295","24.885","1517"
"102","361551","20220623022000","118","0","桃園市","大溪區","121.300","24.880","101"
"109","361552","20220623022000","233","0","桃園市","大溪區","121.290","24.880","116"
"85","361556","20220623022000","86","0","新竹縣","新埔鎮","121.080","24.835","81"
"349","361565","20220623022000","312","1","新竹縣","新埔鎮","121.080","24.840","378"
"67","361570","20220623022000","44","3","新竹縣","新埔鎮","121.130","24.860","64"
"18","361574","20220623022000","16","1","新竹縣","新埔鎮","121.135","24.865","17"
"34","361579","20220623022000","33","1","新竹縣","新埔鎮","121.140","24.870","29"
"99","361585","20220623022000","76","2","新竹縣","新埔鎮","121.135","24.875","93"
"871","361597","20220623022000","686","2","新竹縣","新豐鄉","120.995","24.885","888"
"1252","361600","20220623022000","1201","1","新竹縣","新豐鄉","121.010","24.885","1275"
"652","361602","20220623022000","490","2","新竹市","東區","120.975","24.805","653"
"2333","361603","20220623022000","2438","0","新竹市","東區","120.980","24.805","2358"
"985","361604","20220623022000","875","1","新竹市","東區","120.980","24.810","1016"
"1068","361605","20220623022000","1050","1","新竹市","東區","120.975","24.800","1059"
"60","361609","20220623022000","95","0","新竹市","東區","120.985","24.785","52"
"7458","361610","20220623022000","6161","2","新竹市","東區","121.020","24.780","7495"
"3249","361611","20220623022000","2804","1","新竹市","東區","121.015","24.785","3223"
"177","361614","20220623022000","176","1","新竹縣","新埔鎮","121.105","24.845","175"
"62","361615","20220623022000","49","2","新竹縣","新埔鎮","121.115","24.845","56"
"63","361621","20220623022000","51","2","新竹縣","新埔鎮","121.120","24.850","66"
"35","361623","20220623022000","24","2","新竹縣","新埔鎮","121.100","24.855","34"
"59","361624","20220623022000","57","1","新竹縣","新埔鎮","121.105","24.855","55"
"25","361628","20220623022000","29","0","新竹縣","新埔鎮","121.125","24.855","22"
"111","361642","20220623022000","92","2","新竹縣","新埔鎮","121.115","24.875","121"
"649","361646","20220623022000","686","0","新竹縣","新埔鎮","121.070","24.825","649"
"919","361648","20220623022000","750","2","新竹縣","新埔鎮","121.080","24.825","967"
"429","361651","20220623022000","471","0","新竹縣","新埔鎮","121.070","24.830","448"
"132","361655","20220623022000","83","3","新竹縣","新埔鎮","121.135","24.845","131"
"412","361668","20220623022000","475","0","新竹縣","新豐鄉","120.980","24.870","445"
"46","361671","20220623022000","28","3","新竹縣","新豐鄉","120.970","24.880","41"
"2852","361683","20220623022000","2130","2","新竹縣","竹東鎮","121.030","24.775","2796"
"262","361685","20220623022000","363","0","新竹縣","湖口鄉","121.010","24.855","256"
"406","361687","20220623022000","350","1","新竹縣","湖口鄉","121.020","24.855","378"
"228","361688","20220623022000","424","0","新竹縣","湖口鄉","121.025","24.855","185"
"1337","361692","20220623022000","1350","0","新竹縣","湖口鄉","121.010","24.860","1388"
"2991","361694","20220623022000","3283","0","新竹縣","湖口鄉","120.995","24.865","3076"
"1062","361695","20220623022000","926","1","新竹縣","湖口鄉","121.000","24.865","1079"
"23","361696","20220623022000","112","0","新竹縣","湖口鄉","121.005","24.865","101"
"174","361697","20220623022000","145","2","新竹縣","湖口鄉","121.010","24.865","168"
"1642","361698","20220623022000","1435","1","新竹縣","湖口鄉","121.000","24.870","3581"
"837","361700","20220623022000","311","3","新竹縣","湖口鄉","121.010","24.870","5559"
"3011","361702","20220623022000","846","3","新竹縣","湖口鄉","121.010","24.875","10564"
"789","361703","20220623022000","1019","0","新竹縣","竹北市","121.030","24.810","807"
"1603","361704","20220623022000","1721","0","新竹縣","竹北市","121.035","24.810","1575"
"569","361705","20220623022000","413","2","新竹縣","竹北市","121.030","24.815","575"
"306","361712","20220623022000","350","0","桃園市","大溪區","121.260","24.890","228"
"308","361715","20220623022000","304","1","新竹市","香山區","120.920","24.810","300"
"363","361721","20220623022000","263","2","新竹市","香山區","120.925","24.815","332"
"108","361725","20220623022000","90","2","新竹市","香山區","120.915","24.820","96"
"582","361727","20220623022000","621","0","新竹市","香山區","120.925","24.820","650"
"733","361733","20220623022000","451","3","新竹市","北區","120.925","24.825","711"
"1344","361736","20220623022000","1491","0","新竹市","香山區","120.930","24.790","1305"
"782","361738","20220623022000","543","2","新竹市","香山區","120.930","24.795","800"
"425","361744","20220623022000","371","1","新竹市","香山區","120.915","24.780","405"
"236","361752","20220623022000","219","1","新竹市","香山區","120.920","24.785","232"
"1311","361756","20220623022000","1370","0","新竹市","香山區","120.920","24.805","1359"
"1028","361758","20220623022000","834","2","新竹市","香山區","120.935","24.805","1076"
"913","361761","20220623022000","955","0","新竹市","香山區","120.940","24.805","731"
"3526","361763","20220623022000","2949","1","新竹市","香山區","120.945","24.795","3675"
"389","361765","20220623022000","611","0","新竹市","香山區","120.940","24.790","397"
"68","361766","20220623022000","921","0","新竹市","香山區","120.935","24.790","97"
"137","361767","20220623022000","198","0","新竹市","香山區","120.935","24.800","140"
"628","361768","20220623022000","676","0","新竹市","香山區","120.940","24.795","597"
"48","362002","20220623022000","43","1","新竹縣","關西鎮","121.260","24.775","56"
"94","362027","20220623022000","124","0","新竹縣","湖口鄉","121.030","24.880","88"
"874","362033","20220623022000","917","0","新竹縣","湖口鄉","121.025","24.885","870"
"1029","362036","20220623022000","1012","1","新竹縣","竹北市","120.965","24.860","1044"
"116","362037","20220623022000","105","1","新竹縣","竹北市","120.970","24.860","113"
"432","362039","20220623022000","387","1","新竹縣","竹北市","120.980","24.860","426"
"96","362040","20220623022000","83","1","新竹縣","竹北市","120.970","24.865","96"
"1740","362056","20220623022000","1628","1","新竹縣","竹北市","121.015","24.825","1778"
"1677","362057","20220623022000","1891","0","新竹縣","竹北市","121.010","24.830","1602"
"278","362058","20220623022000","196","2","新竹縣","竹北市","121.040","24.810","278"
"1577","362059","20220623022000","1427","1","新竹縣","竹北市","121.035","24.815","1580"
"114","362060","20220623022000","302","0","新竹縣","竹北市","121.040","24.815","107"
"2700","362063","20220623022000","3256","0","新竹縣","竹北市","121.030","24.820","2777"
"1469","362064","20220623022000","1469","1","新竹縣","竹北市","121.035","24.820","1442"
"1082","362066","20220623022000","1219","0","新竹縣","竹北市","121.020","24.825","1094"
"1009","362067","20220623022000","1037","0","新竹縣","竹北市","121.025","24.825","1034"
"4877","362068","20220623022000","4711","1","新竹縣","竹北市","121.030","24.825","4845"
"1851","362069","20220623022000","1520","2","新竹縣","竹北市","121.035","24.825","1873"
"2132","362070","20220623022000","1991","1","新竹縣","竹北市","121.015","24.830","2121"
"1079","362071","20220623022000","971","1","新竹縣","竹北市","121.020","24.830","1074"
"2111","362072","20220623022000","1195","3","新竹縣","竹北市","121.025","24.830","2203"
"1884","362073","20220623022000","1528","2","新竹縣","新埔鎮","121.030","24.830","1655"
"47","362075","20220623022000","26","3","新竹縣","竹北市","120.990","24.855","42"
"519","362076","20220623022000","511","1","新竹縣","竹北市","120.995","24.855","536"
"363","362077","20220623022000","329","1","新竹縣","竹北市","120.990","24.860","353"
"134","362079","20220623022000","113","1","新竹縣","竹北市","120.995","24.860","150"
"3363","362081","20220623022000","2003","3","新竹市","東區","120.995","24.800","3441"
"697","362082","20220623022000","685","1","新竹市","東區","121.000","24.805","674"
"96","362085","20220623022000","259","0","新竹市","東區","121.000","24.810","104"
"653","362086","20220623022000","458","2","新竹市","東區","121.005","24.810","670"
"1025","362087","20220623022000","748","2","新竹市","東區","121.010","24.810","1015"
"733","362088","20220623022000","642","1","新竹市","東區","120.995","24.815","727"
"1151","362092","20220623022000","1105","1","新竹市","東區","121.010","24.775","1136"
"933","362093","20220623022000","885","1","新竹市","東區","121.015","24.775","949"
"2352","362094","20220623022000","2454","0","新竹市","東區","121.020","24.775","2343"
"4441","362095","20220623022000","4405","1","新竹市","東區","121.025","24.775","4455"
"3014","362096","20220623022000","3072","0","新竹市","東區","120.990","24.780","3099"
"802","362097","20220623022000","815","0","新竹市","東區","121.005","24.775","726"
"1112","362098","20220623022000","853","2","新竹市","東區","121.005","24.780","1109"
"1506","362099","20220623022000","1162","2","新竹市","東區","121.010","24.780","1492"
"2437","362100","20220623022000","2401","1","新竹市","東區","121.015","24.780","2466"
"1396","362101","20220623022000","1604","0","新竹市","東區","121.005","24.785","1412"
"1569","362102","20220623022000","1479","1","新竹市","東區","121.010","24.785","1553"
"521","362103","20220623022000","560","0","新竹市","北區","120.945","24.835","500"
"372","362104","20220623022000","415","0","新竹市","北區","120.950","24.835","376"
"787","362107","20220623022000","691","1","新竹縣","竹東鎮","121.045","24.785","827"
"204","362108","20220623022000","218","0","新竹縣","竹東鎮","121.050","24.785","200"
"1471","362117","20220623022000","979","3","新竹縣","竹東鎮","121.035","24.790","1478"
"813","362122","20220623022000","938","0","新竹縣","竹東鎮","121.030","24.795","802"
"154","362128","20220623022000","170","0","新竹縣","竹北市","120.960","24.855","161"
"592","362141","20220623022000","518","1","新竹縣","竹北市","120.955","24.870","550"
"2041","362143","20220623022000","1685","2","新竹縣","竹北市","121.015","24.835","2070"
"241","362158","20220623022000","181","2","新竹縣","新豐鄉","120.975","24.890","239"
"2325","362159","20220623022000","1956","1","新竹市","東區","121.005","24.790","2244"
"6400","362160","20220623022000","4009","3","新竹市","東區","121.015","24.790","6451"
"45","362275","20220623022000","38","1","新北市","烏來區","121.525","24.835","40"
"15","362568","20220623022000","11","2","新北市","烏來區","121.590","24.850","13"
"119","362673","20220623022000","106","1","新北市","烏來區","121.550","24.875","103"
"52","362692","20220623022000","57","0","新北市","烏來區","121.545","24.880","53"
"97","362700","20220623022000","124","0","新北市","烏來區","121.550","24.885","98"
"19","362716","20220623022000","33","0","新北市","烏來區","121.550","24.845","19"
"158","362717","20220623022000","157","1","新北市","烏來區","121.555","24.845","147"
"57","362740","20220623022000","48","1","新北市","烏來區","121.560","24.860","51"
"262","362744","20220623022000","424","0","新北市","烏來區","121.550","24.865","279"
"72","362793","20220623022000","43","3","新北市","烏來區","121.510","24.775","62"
"1824","362984","20220623022000","1997","0","新竹市","東區","120.960","24.795","1866"
"7567","362985","20220623022000","6345","1","新竹市","東區","121.020","24.790","7580"
"1387","362988","20220623022000","1369","1","新竹市","東區","120.970","24.775","1382"
"2754","362990","20220623022000","2201","2","新竹市","東區","120.985","24.805","2789"
"30","362991","20220623022000","27","1","新竹市","東區","120.965","24.775","32"
"1134","362992","20220623022000","1345","0","新竹市","北區","120.960","24.805","1153"
"525","362994","20220623022000","430","2","新竹縣","竹北市","120.945","24.850","506"
"866","362996","20220623022000","970","0","新竹縣","竹北市","120.945","24.855","903"
"1886","362998","20220623022000","1860","1","新竹縣","竹北市","120.995","24.840","1937"
"1730","362999","20220623022000","1645","1","新竹縣","竹北市","121.000","24.840","1734"
"514","363002","20220623022000","649","0","新竹縣","竹北市","121.035","24.800","513"
"939","363004","20220623022000","1116","0","新竹縣","竹北市","121.025","24.805","963"
"1578","363005","20220623022000","1898","0","新竹縣","竹北市","121.030","24.805","1588"
"3610","363006","20220623022000","2823","2","新竹縣","竹北市","121.035","24.805","3630"
"4099","363007","20220623022000","3580","1","新竹縣","竹北市","121.025","24.810","4109"
"90","363008","20220623022000","78","1","新竹縣","芎林鄉","121.065","24.790","87"
"727","363013","20220623022000","626","1","新竹縣","竹北市","121.050","24.805","726"
"230","363016","20220623022000","349","0","新竹縣","竹北市","121.045","24.810","246"
"2897","363021","20220623022000","2815","1","新竹縣","竹北市","121.005","24.840","2899"
"640","363023","20220623022000","454","2","新竹縣","竹北市","121.020","24.840","647"
"1657","363024","20220623022000","1498","1","新竹縣","竹北市","121.000","24.845","1695"
"994","363025","20220623022000","718","2","新竹縣","竹北市","121.000","24.855","990"
"766","363026","20220623022000","605","2","新竹縣","竹北市","121.010","24.845","787"
"256","363027","20220623022000","435","0","新竹縣","新埔鎮","121.015","24.850","279"
"290","363028","20220623022000","263","1","新竹縣","竹北市","121.020","24.845","319"
"68","363029","20220623022000","72","0","新竹縣","竹北市","121.000","24.850","99"
"1466","363032","20220623022000","1020","2","新竹縣","芎林鄉","121.080","24.775","1465"
"19","363046","20220623022000","11","3","新竹縣","關西鎮","121.140","24.790","14"
"10","363048","20220623022000","10","1","新竹縣","關西鎮","121.150","24.790","10"
"118","363062","20220623022000","97","2","新竹縣","關西鎮","121.185","24.800","115"
"374","363073","20220623022000","320","1","新竹縣","關西鎮","121.200","24.810","371"
"61","363082","20220623022000","107","0","新竹縣","關西鎮","121.180","24.820","55"
"85","363084","20220623022000","83","1","新竹縣","關西鎮","121.175","24.825","82"
"921","363085","20220623022000","847","1","桃園市","龍潭區","121.180","24.825","943"
"881","363086","20220623022000","885","0","新竹市","東區","120.975","24.795","966"
"1302","363088","20220623022000","1267","1","新竹縣","寶山鄉","120.985","24.775","1463"
"548","363090","20220623022000","460","1","新竹市","東區","120.980","24.780","553"
"1474","363093","20220623022000","1453","1","新竹市","東區","120.980","24.785","1483"
"1533","363094","20220623022000","1177","2","新竹縣","新豐鄉","121.000","24.875","1532"
"1085","363095","20220623022000","980","1","新竹縣","新豐鄉","120.995","24.880","1048"
"518","363096","20220623022000","470","1","新竹縣","新豐鄉","121.000","24.880","1140"
"422","363097","20220623022000","362","1","新竹縣","新豐鄉","121.005","24.880","403"
"2364","363098","20220623022000","1550","3","新竹縣","新豐鄉","120.990","24.870","4853"
"3750","363099","20220623022000","3518","1","新竹縣","新豐鄉","120.995","24.870","3781"
"1895","363100","20220623022000","1621","1","新竹縣","新豐鄉","120.985","24.865","1855"
"497","363101","20220623022000","423","1","新竹縣","新豐鄉","120.990","24.865","487"
"115","363102","20220623022000","443","0","新竹縣","新豐鄉","120.985","24.870","122"
"768","363103","20220623022000","608","2","新竹縣","新豐鄉","120.985","24.875","748"
"607","363109","20220623022000","577","1","新竹縣","關西鎮","121.145","24.805","606"
"41","363127","20220623022000","36","1","新竹縣","關西鎮","121.120","24.780","39"
"15","363131","20220623022000","16","0","新竹縣","關西鎮","121.115","24.785","15"
"169","363143","20220623022000","136","2","新竹縣","關西鎮","121.130","24.790","175"
"107","363153","20220623022000","54","3","新竹縣","關西鎮","121.200","24.775","101"
"1089","363158","20220623022000","937","1","新竹縣","關西鎮","121.175","24.785","1090"
"56","363159","20220623022000","47","1","新竹縣","關西鎮","121.180","24.790","54"
"1082","363160","20220623022000","933","1","新竹縣","關西鎮","121.185","24.790","1054"
"440","363164","20220623022000","355","2","新竹縣","關西鎮","121.190","24.795","433"
"33","363183","20220623022000","25","2","新竹縣","關西鎮","121.205","24.780","21"
"246","363195","20220623022000","139","3","新竹縣","關西鎮","121.195","24.790","235"
"21","363197","20220623022000","13","3","新竹縣","關西鎮","121.205","24.790","14"
"50","363217","20220623022000","47","1","新竹縣","關西鎮","121.230","24.795","49"
"85","363223","20220623022000","66","2","新竹縣","關西鎮","121.235","24.800","82"
"22","363229","20220623022000","11","3","新竹縣","關西鎮","121.135","24.820","17"
"425","363233","20220623022000","491","0","新竹縣","關西鎮","121.115","24.825","418"
"285","363245","20220623022000","234","2","新竹縣","關西鎮","121.115","24.830","294"
"647","363256","20220623022000","485","2","新竹縣","關西鎮","121.165","24.830","624"
"72","363258","20220623022000","51","2","新竹縣","新埔鎮","121.125","24.835","72"
"211","363272","20220623022000","223","0","新竹縣","關西鎮","121.150","24.840","213"
"1081","363274","20220623022000","944","1","新竹縣","關西鎮","121.135","24.810","1067"
"59","363279","20220623022000","47","2","新竹縣","關西鎮","121.130","24.815","62"
"17","363288","20220623022000","17","1","新竹縣","關西鎮","121.165","24.795","18"
"481","363291","20220623022000","437","1","新竹縣","關西鎮","121.165","24.800","461"
"2653","363304","20220623022000","2183","2","新竹縣","關西鎮","121.175","24.790","2657"
"222","363305","20220623022000","272","0","新竹縣","關西鎮","121.170","24.795","211"
"341","363306","20220623022000","378","0","新竹縣","關西鎮","121.175","24.795","364"
"63","363308","20220623022000","65","0","新竹縣","關西鎮","121.175","24.805","60"
"3138","363344","20220623022000","2196","2","桃園市","龍潭區","121.230","24.875","3210"
"366","363345","20220623022000","420","0","桃園市","龍潭區","121.230","24.880","365"
"998","363346","20220623022000","982","1","桃園市","龍潭區","121.225","24.855","1036"
"91","363347","20220623022000","80","1","桃園市","龍潭區","121.230","24.855","86"
"48","363355","20220623022000","32","3","桃園市","龍潭區","121.235","24.865","31"
"86","363358","20220623022000","376","0","桃園市","龍潭區","121.230","24.870","77"
"560","363359","20220623022000","597","0","桃園市","龍潭區","121.235","24.870","557"
"234","363362","20220623022000","375","0","桃園市","平鎮區","121.245","24.875","241"
"1088","363365","20220623022000","1074","1","桃園市","龍潭區","121.235","24.840","1101"
"1458","363366","20220623022000","1386","1","桃園市","龍潭區","121.240","24.835","1461"
"213","363369","20220623022000","240","0","桃園市","龍潭區","121.240","24.845","196"
"190","363370","20220623022000","113","3","桃園市","龍潭區","121.245","24.850","199"
"90","363371","20220623022000","59","3","桃園市","龍潭區","121.250","24.850","87"
"405","363374","20220623022000","240","3","桃園市","龍潭區","121.250","24.855","414"
"14","363376","20220623022000","25","0","桃園市","龍潭區","121.255","24.860","14"
"246","363377","20220623022000","201","2","桃園市","龍潭區","121.180","24.870","255"
"1096","363380","20220623022000","1010","1","桃園市","龍潭區","121.195","24.870","1079"
"468","363388","20220623022000","380","2","桃園市","龍潭區","121.185","24.880","439"
"1462","363392","20220623022000","1118","2","桃園市","龍潭區","121.185","24.885","1459"
"36","363394","20220623022000","26","2","桃園市","龍潭區","121.180","24.885","35"
"245","363396","20220623022000","246","0","桃園市","龍潭區","121.190","24.885","251"
"93","363397","20220623022000","90","1","桃園市","龍潭區","121.190","24.890","93"
"4467","363481","20220623022000","4015","1","新竹市","東區","120.975","24.810","4520"
"2933","363482","20220623022000","2463","1","新竹市","東區","120.970","24.800","2892"
"953","363483","20220623022000","919","1","新竹市","東區","120.970","24.810","962"
"726","363484","20220623022000","647","1","新竹市","東區","120.970","24.785","727"
"1523","363485","20220623022000","984","3","新竹市","東區","120.975","24.785","1519"
"4593","363486","20220623022000","4225","1","新竹市","東區","120.965","24.795","4597"
"652","363502","20220623022000","654","0","桃園市","龍潭區","121.185","24.840","653"
"513","363507","20220623022000","578","0","桃園市","龍潭區","121.185","24.845","496"
"144","363514","20220623022000","171","0","桃園市","龍潭區","121.195","24.850","170"
"235","363523","20220623022000","199","1","桃園市","龍潭區","121.190","24.860","236"
"431","363528","20220623022000","455","0","桃園市","龍潭區","121.245","24.835","420"
"288","363532","20220623022000","244","1","桃園市","龍潭區","121.245","24.840","293"
"87","363557","20220623022000","88","0","桃園市","龍潭區","121.240","24.830","91"
"663","363560","20220623022000","562","1","桃園市","龍潭區","121.230","24.835","650"
"50","363589","20220623022000","35","2","桃園市","龍潭區","121.160","24.870","47"
"812","363593","20220623022000","597","2","桃園市","龍潭區","121.210","24.840","797"
"420","363597","20220623022000","310","2","桃園市","龍潭區","121.200","24.855","393"
"593","363599","20220623022000","665","0","桃園市","龍潭區","121.210","24.855","651"
"1310","363602","20220623022000","879","2","桃園市","龍潭區","121.225","24.845","1294"
"308","363603","20220623022000","516","0","桃園市","龍潭區","121.230","24.845","330"
"13","363605","20220623022000","13","1","桃園市","龍潭區","121.225","24.850","16"
"1576","363611","20220623022000","1503","1","桃園市","龍潭區","121.220","24.850","1584"
"1168","363613","20220623022000","1019","1","桃園市","龍潭區","121.215","24.865","1179"
"646","363614","20220623022000","623","1","桃園市","龍潭區","121.220","24.865","596"
"482","363615","20220623022000","486","0","桃園市","龍潭區","121.210","24.870","491"
"935","363616","20220623022000","843","1","桃園市","龍潭區","121.215","24.870","908"
"621","363620","20220623022000","571","1","桃園市","龍潭區","121.220","24.860","607"
"343","363625","20220623022000","364","0","桃園市","龍潭區","121.205","24.865","345"
"175","363626","20220623022000","157","1","桃園市","龍潭區","121.200","24.870","169"
"1683","363627","20220623022000","1124","2","桃園市","龍潭區","121.205","24.870","1737"
"3570","363628","20220623022000","3131","1","新竹縣","竹北市","121.020","24.835","3572"
"2520","363629","20220623022000","1993","2","新竹縣","竹北市","121.025","24.835","2535"
"1130","363630","20220623022000","1271","0","新竹縣","竹北市","121.010","24.835","1098"
"460","363633","20220623022000","420","1","新竹市","東區","120.960","24.780","485"
"651","363634","20220623022000","519","2","新竹市","東區","120.965","24.780","668"
"1551","363637","20220623022000","1354","1","新竹市","東區","120.965","24.785","1548"
"4031","363639","20220623022000","3693","1","新竹市","東區","120.965","24.790","3962"
"2543","363641","20220623022000","3012","0","新竹市","東區","121.020","24.785","2553"
"489","363642","20220623022000","366","2","新竹縣","竹東鎮","121.025","24.785","478"
"1091","363644","20220623022000","894","2","新竹縣","竹東鎮","121.035","24.775","1082"
"192","363646","20220623022000","137","2","新竹縣","竹東鎮","121.045","24.775","212"
"3345","363648","20220623022000","2855","1","新竹縣","竹東鎮","121.030","24.780","3345"
"320","363649","20220623022000","633","0","新竹縣","竹東鎮","121.035","24.780","344"
"93","363651","20220623022000","357","0","新竹縣","竹東鎮","121.045","24.780","92"
"1097","363655","20220623022000","1082","1","桃園市","龍潭區","121.235","24.880","1077"
"992","363658","20220623022000","917","1","桃園市","龍潭區","121.240","24.880","967"
"54","363661","20220623022000","49","1","桃園市","龍潭區","121.240","24.810","59"
"578","363663","20220623022000","511","1","桃園市","龍潭區","121.240","24.815","526"
"13","363664","20220623022000","35","0","桃園市","龍潭區","121.235","24.820","13"
"301","363667","20220623022000","303","0","桃園市","龍潭區","121.230","24.825","307"
"649","363668","20220623022000","572","1","桃園市","龍潭區","121.235","24.825","668"
"933","363676","20220623022000","835","1","桃園市","龍潭區","121.230","24.840","966"
"575","363677","20220623022000","505","1","新竹縣","竹北市","121.005","24.845","608"
"1626","363682","20220623022000","1337","2","新竹縣","芎林鄉","121.080","24.780","1604"
"230","363685","20220623022000","150","3","新竹縣","芎林鄉","121.075","24.785","230"
"1275","363687","20220623022000","1188","1","新竹縣","芎林鄉","121.070","24.790","1271"
"841","363696","20220623022000","533","3","新竹縣","芎林鄉","121.060","24.795","887"
"24","363707","20220623022000","20","2","新竹縣","芎林鄉","121.065","24.810","27"
"776","363709","20220623022000","691","1","新竹縣","芎林鄉","121.090","24.775","741"
"10","363719","20220623022000","10","1","新竹縣","芎林鄉","121.110","24.785","10"
"38","363721","20220623022000","33","1","新竹縣","芎林鄉","121.085","24.780","39"
"22","363725","20220623022000","64","0","新竹縣","芎林鄉","121.100","24.780","69"
"317","363728","20220623022000","278","1","新竹縣","芎林鄉","121.100","24.785","310"
"1246","363737","20220623022000","1012","2","新竹縣","竹北市","120.985","24.835","1227"
"694","363744","20220623022000","465","2","新竹縣","竹北市","120.975","24.840","670"
"783","363746","20220623022000","633","2","新竹縣","竹北市","120.955","24.840","743"
"560","363748","20220623022000","471","1","新竹縣","竹北市","120.965","24.840","536"
"145","363755","20220623022000","129","1","新竹縣","竹北市","120.960","24.850","148"
"65","363765","20220623022000","310","0","宜蘭縣","礁溪鄉","121.790","24.795","258"
"30","363769","20220623022000","103","0","宜蘭縣","礁溪鄉","121.780","24.800","27"
"218","363770","20220623022000","189","1","宜蘭縣","礁溪鄉","121.785","24.800","226"
"199","363777","20220623022000","194","1","宜蘭縣","礁溪鄉","121.790","24.810","196"
"865","363779","20220623022000","987","0","宜蘭縣","礁溪鄉","121.775","24.830","879"
"646","363783","20220623022000","555","1","宜蘭縣","礁溪鄉","121.780","24.835","649"
"384","363797","20220623022000","314","2","宜蘭縣","礁溪鄉","121.790","24.830","394"
"19","363798","20220623022000","39","0","宜蘭縣","礁溪鄉","121.785","24.835","16"
"1398","363803","20220623022000","987","2","桃園市","平鎮區","121.200","24.890","1422"
"1701","363805","20220623022000","1866","0","新竹市","北區","120.955","24.805","1704"
"535","363808","20220623022000","777","0","新竹市","北區","120.945","24.815","547"
"40","363811","20220623022000","15","3","新竹市","北區","120.955","24.785","48"
"2504","363814","20220623022000","2121","1","新竹市","北區","120.955","24.790","2514"
"867","363815","20220623022000","928","0","新竹市","香山區","120.950","24.795","897"
"1078","363816","20220623022000","1083","0","桃園市","大溪區","121.290","24.885","1052"
"1534","363817","20220623022000","1546","0","新竹縣","寶山鄉","120.990","24.775","1460"
"662","363818","20220623022000","532","2","新竹縣","寶山鄉","120.995","24.775","792"
"1599","363819","20220623022000","1593","1","新竹縣","寶山鄉","121.000","24.775","1639"
"1327","363821","20220623022000","1080","2","新竹市","東區","120.995","24.780","1308"
"2219","363824","20220623022000","1241","3","新竹縣","竹北市","121.010","24.820","2197"
"2013","363825","20220623022000","1821","1","新竹縣","竹北市","121.015","24.820","1999"
"2278","363826","20220623022000","1845","2","新竹縣","竹北市","121.005","24.825","2260"
"3580","363827","20220623022000","3045","1","新竹縣","竹北市","121.010","24.825","3524"
"2631","363828","20220623022000","2139","2","新竹縣","竹北市","121.005","24.830","2599"
"687","363835","20220623022000","546","2","新竹縣","新埔鎮","121.050","24.835","648"
"694","363837","20220623022000","610","1","新竹縣","新埔鎮","121.045","24.840","685"
"251","363839","20220623022000","39","3","新竹縣","新埔鎮","121.055","24.840","262"
"882","363852","20220623022000","724","2","新竹縣","新埔鎮","121.025","24.845","895"
"216","363854","20220623022000","59","3","新竹縣","新埔鎮","121.035","24.845","212"
"113","363855","20220623022000","283","0","新竹縣","新埔鎮","121.040","24.845","99"
"24","363860","20220623022000","25","0","新竹縣","新埔鎮","121.030","24.850","19"
"19","363864","20220623022000","15","2","桃園市","龍潭區","121.210","24.875","17"
"1506","363865","20220623022000","1385","1","桃園市","龍潭區","121.205","24.880","1533"
"367","363866","20220623022000","342","1","新竹縣","竹北市","120.980","24.840","379"
"908","363870","20220623022000","909","0","新竹縣","竹北市","120.975","24.850","910"
"574","363871","20220623022000","494","1","新竹縣","竹北市","120.980","24.850","564"
"84","363872","20220623022000","344","0","新竹縣","竹東鎮","121.055","24.775","86"
"897","363875","20220623022000","535","3","新竹縣","竹東鎮","121.055","24.780","923"
"165","363877","20220623022000","171","0","新竹縣","竹東鎮","121.055","24.785","163"
"62","363882","20220623022000","51","2","宜蘭縣","礁溪鄉","121.745","24.800","69"
"225","363884","20220623022000","221","1","宜蘭縣","礁溪鄉","121.755","24.800","236"
"1275","363890","20220623022000","830","3","宜蘭縣","礁溪鄉","121.740","24.780","1273"
"131","363899","20220623022000","115","1","宜蘭縣","礁溪鄉","121.740","24.790","140"
"462","363936","20220623022000","545","0","新竹市","香山區","120.950","24.775","519"
"10","363937","20220623022000","11","0","新竹市","香山區","120.955","24.775","12"
"524","363940","20220623022000","469","1","新竹市","香山區","120.950","24.780","490"
"289","363941","20220623022000","359","0","新竹市","香山區","120.935","24.795","303"
"624","363948","20220623022000","571","1","新竹市","香山區","120.925","24.800","662"
"2678","363957","20220623022000","1895","2","新竹縣","竹北市","120.995","24.835","2675"
"738","363960","20220623022000","984","0","新竹縣","竹北市","121.000","24.825","793"
"606","363961","20220623022000","516","1","新竹縣","竹北市","120.990","24.830","620"
"1261","363963","20220623022000","1105","1","新竹縣","竹北市","121.000","24.830","1268"
"1757","363964","20220623022000","1683","1","新竹縣","竹北市","121.000","24.835","1778"
"648","363965","20220623022000","667","0","新竹縣","竹北市","121.005","24.835","676"
"707","363968","20220623022000","698","1","新竹縣","竹北市","120.970","24.835","710"
"3116","363976","20220623022000","2717","1","桃園市","龍潭區","121.215","24.860","3083"
"1050","363977","20220623022000","680","3","桃園市","龍潭區","121.210","24.865","1095"
"364","363980","20220623022000","217","3","新竹縣","新埔鎮","121.110","24.815","368"
"56","363983","20220623022000","54","1","新竹縣","新埔鎮","121.100","24.820","56"
"659","363985","20220623022000","540","2","新竹縣","新埔鎮","121.090","24.825","692"
"268","363989","20220623022000","232","1","新竹縣","關西鎮","121.110","24.825","301"
"189","363993","20220623022000","531","0","新竹市","北區","120.965","24.820","185"
"2779","363994","20220623022000","2421","1","新竹市","北區","120.970","24.820","2781"
"2090","363995","20220623022000","2499","0","新竹市","北區","120.955","24.810","2064"
"3041","363996","20220623022000","2741","1","新竹市","北區","120.960","24.810","3095"
"790","363997","20220623022000","791","0","宜蘭縣","頭城鎮","121.825","24.860","776"
"38","364010","20220623022000","29","2","桃園市","大溪區","121.295","24.835","36"
"37","364013","20220623022000","37","1","桃園市","大溪區","121.280","24.840","39"
"709","364024","20220623022000","593","1","桃園市","大溪區","121.285","24.850","707"
"24","364032","20220623022000","296","0","桃園市","大溪區","121.295","24.855","23"
"19","364043","20220623022000","17","1","桃園市","大溪區","121.305","24.860","19"
"296","364050","20220623022000","262","1","桃園市","大溪區","121.295","24.865","310"
"65","364052","20220623022000","76","0","桃園市","大溪區","121.305","24.865","86"
"324","364061","20220623022000","271","1","桃園市","大溪區","121.300","24.870","299"
"221","364068","20220623022000","213","1","桃園市","大溪區","121.300","24.875","211"
"41","364070","20220623022000","41","1","桃園市","大溪區","121.310","24.875","38"
"186","364110","20220623022000","215","0","桃園市","大溪區","121.270","24.840","185"
"27","364116","20220623022000","21","2","桃園市","大溪區","121.275","24.850","30"
"746","364119","20220623022000","495","3","新竹縣","新豐鄉","121.005","24.885","719"
"854","364123","20220623022000","681","2","新竹縣","新豐鄉","121.005","24.890","867"
"448","364126","20220623022000","388","1","新竹縣","湖口鄉","121.020","24.890","439"
"129","364127","20220623022000","67","3","新竹縣","新豐鄉","120.995","24.875","126"
"465","364129","20220623022000","464","1","新竹縣","新豐鄉","120.990","24.880","640"
"181","364130","20220623022000","257","0","新竹縣","新豐鄉","120.990","24.885","180"
"1438","364132","20220623022000","1389","1","新竹縣","新豐鄉","120.990","24.890","1420"
"282","364139","20220623022000","310","0","新竹縣","湖口鄉","121.025","24.890","282"
"778","364141","20220623022000","758","1","新竹縣","湖口鄉","121.035","24.890","765"
"774","364143","20220623022000","667","1","新竹縣","湖口鄉","121.020","24.860","731"
"160","364146","20220623022000","157","1","新竹縣","湖口鄉","121.015","24.865","165"
"276","364147","20220623022000","167","3","新竹縣","湖口鄉","121.020","24.865","276"
"1769","364148","20220623022000","1420","2","新竹縣","湖口鄉","121.025","24.865","1827"
"603","364149","20220623022000","655","0","新竹縣","湖口鄉","121.030","24.865","591"
"307","364163","20220623022000","489","0","新竹縣","湖口鄉","121.035","24.875","308"
"848","364164","20220623022000","791","1","新竹縣","湖口鄉","121.040","24.875","736"
"313","364168","20220623022000","405","0","新竹縣","湖口鄉","121.035","24.880","339"
"335","364171","20220623022000","353","0","新竹縣","湖口鄉","121.050","24.880","348"
"213","364189","20220623022000","199","1","新竹縣","湖口鄉","121.075","24.880","211"
"240","364194","20220623022000","200","2","新竹縣","湖口鄉","121.070","24.885","205"
"280","364195","20220623022000","198","2","新竹縣","湖口鄉","121.075","24.885","271"
"679","364201","20220623022000","684","0","新竹縣","湖口鄉","121.055","24.880","670"
"404","364202","20220623022000","271","2","新竹縣","湖口鄉","121.060","24.880","391"
"745","364205","20220623022000","624","1","新竹縣","湖口鄉","121.050","24.885","743"
"83","364211","20220623022000","91","0","新竹縣","湖口鄉","121.105","24.880","80"
"431","364216","20220623022000","442","0","新竹縣","湖口鄉","121.090","24.885","444"
"141","364221","20220623022000","147","0","新竹縣","湖口鄉","121.095","24.885","142"
"50","364222","20220623022000","33","3","新竹縣","湖口鄉","121.100","24.885","40"
"88","364228","20220623022000","62","2","新竹縣","湖口鄉","121.110","24.890","88"
"228","364231","20220623022000","159","2","新竹縣","湖口鄉","121.085","24.885","206"
"499","364236","20220623022000","347","2","新竹縣","湖口鄉","121.080","24.890","474"
"360","364238","20220623022000","364","0","新竹縣","湖口鄉","121.090","24.890","350"
"3407","364239","20220623022000","2595","2","新竹縣","湖口鄉","121.015","24.870","8140"
"552","364240","20220623022000","682","0","新竹縣","湖口鄉","121.015","24.875","546"
"972","364242","20220623022000","779","2","新竹縣","湖口鄉","121.025","24.875","987"
"529","364243","20220623022000","495","1","新竹縣","湖口鄉","121.010","24.880","691"
"3510","364244","20220623022000","2700","2","新竹市","北區","120.965","24.805","3420"
"26","364290","20220623022000","27","0","新北市","新店區","121.510","24.890","18"
"16","364291","20220623022000","16","1","新北市","新店區","121.515","24.890","16"
"511","364296","20220623022000","655","0","桃園市","大溪區","121.265","24.885","519"
"447","364314","20220623022000","305","2","桃園市","大溪區","121.280","24.870","432"
"21","364340","20220623022000","27","0","桃園市","大溪區","121.285","24.820","20"
"101","364352","20220623022000","82","2","桃園市","大溪區","121.310","24.825","97"
"33","364359","20220623022000","21","3","桃園市","大溪區","121.305","24.830","33"
"14","364384","20220623022000","68","0","桃園市","大溪區","121.335","24.845","18"
"53","364400","20220623022000","63","0","桃園市","大溪區","121.285","24.885","61"
"695","364405","20220623022000","512","2","桃園市","大溪區","121.300","24.890","728"
"200","364408","20220623022000","193","1","新竹縣","湖口鄉","121.055","24.885","224"
"863","364409","20220623022000","655","2","新竹縣","湖口鄉","121.045","24.890","880"
"59","364410","20220623022000","116","0","新竹縣","湖口鄉","121.050","24.890","67"
"143","364419","20220623022000","145","0","新竹縣","湖口鄉","121.040","24.860","174"
"1367","364424","20220623022000","1258","1","新竹縣","湖口鄉","121.035","24.865","1374"
"246","364429","20220623022000","155","3","新竹縣","湖口鄉","121.020","24.870","228"
"1131","364430","20220623022000","1626","0","新竹縣","湖口鄉","121.025","24.870","1099"
"1313","364431","20220623022000","1311","1","新竹縣","湖口鄉","121.030","24.870","1342"
"1243","364432","20220623022000","1504","0","新竹縣","湖口鄉","121.035","24.870","1340"
"813","364436","20220623022000","561","2","新竹縣","湖口鄉","121.030","24.875","801"
"29","364448","20220623022000","30","0","新竹縣","新埔鎮","121.095","24.805","29"
"267","364453","20220623022000","259","1","新竹縣","新埔鎮","121.090","24.810","289"
"69","364455","20220623022000","58","1","新竹縣","新埔鎮","121.100","24.810","68"
"141","364470","20220623022000","86","3","新竹縣","新埔鎮","121.095","24.855","115"
"476","364480","20220623022000","505","0","新竹縣","新埔鎮","121.060","24.835","382"
"325","364482","20220623022000","238","2","新竹縣","新埔鎮","121.060","24.840","323"
"2189","364497","20220623022000","2112","1","新竹縣","新埔鎮","121.085","24.830","2200"
"43","364505","20220623022000","51","0","新竹縣","芎林鄉","121.085","24.790","59"
"89","364507","20220623022000","59","3","新竹縣","新埔鎮","121.085","24.795","88"
"78","364516","20220623022000","61","2","新竹縣","新埔鎮","121.080","24.810","77"
"191","364518","20220623022000","177","1","新竹縣","新埔鎮","121.080","24.815","186"
"582","364538","20220623022000","509","1","新竹縣","新埔鎮","121.120","24.840","595"
"603","364549","20220623022000","653","0","新竹縣","新埔鎮","121.060","24.820","608"
"12","364554","20220623022000","14","0","新竹縣","新埔鎮","121.055","24.825","10"
"41","364557","20220623022000","660","0","新竹縣","新埔鎮","121.035","24.830","40"
"852","364558","20220623022000","666","2","新竹縣","新埔鎮","121.040","24.830","889"
"3038","364561","20220623022000","2267","2","新竹縣","新埔鎮","121.030","24.835","3029"
"28","364571","20220623022000","56","0","新竹縣","新埔鎮","121.145","24.855","28"
"1307","364579","20220623022000","1194","1","新竹縣","新埔鎮","121.080","24.830","1333"
"66","364580","20220623022000","60","1","新竹縣","新埔鎮","121.075","24.830","59"
"256","364581","20220623022000","251","1","宜蘭縣","宜蘭市","121.760","24.770","266"
"386","364583","20220623022000","263","2","宜蘭縣","宜蘭市","121.770","24.770","418"
"133","364585","20220623022000","140","0","宜蘭縣","宜蘭市","121.765","24.770","125"
"214","364586","20220623022000","182","1","宜蘭縣","宜蘭市","121.760","24.775","236"
"421","364587","20220623022000","332","2","宜蘭縣","宜蘭市","121.760","24.780","425"
"22","364588","20220623022000","32","0","桃園市","平鎮區","121.185","24.890","35"
"290","364590","20220623022000","223","2","桃園市","大溪區","121.285","24.865","312"
"698","364594","20220623022000","487","2","桃園市","大溪區","121.285","24.875","684"
"1201","364597","20220623022000","1171","1","桃園市","大溪區","121.285","24.880","1234"
"861","364599","20220623022000","1177","0","桃園市","大溪區","121.295","24.880","914"
"1316","364601","20220623022000","1236","1","桃園市","大溪區","121.270","24.880","1344"
"13","364604","20220623022000","14","0","桃園市","楊梅區","121.175","24.885","12"
"293","364607","20220623022000","283","1","桃園市","楊梅區","121.180","24.890","286"
"477","364609","20220623022000","540","0","桃園市","龍潭區","121.235","24.875","480"
"549","364612","20220623022000","503","1","桃園市","龍潭區","121.220","24.870","536"
"1014","364613","20220623022000","787","2","桃園市","龍潭區","121.225","24.870","1014"
"722","364614","20220623022000","506","2","桃園市","龍潭區","121.205","24.885","703"
"145","364615","20220623022000","96","3","桃園市","龍潭區","121.205","24.890","149"
"1054","364616","20220623022000","1039","1","桃園市","龍潭區","121.210","24.885","1062"
"390","364618","20220623022000","358","1","新竹縣","竹北市","120.990","24.835","372"
"427","364620","20220623022000","448","0","新竹縣","竹北市","120.990","24.840","428"
"658","364623","20220623022000","708","0","新竹縣","竹北市","120.990","24.845","653"
"825","364629","20220623022000","1419","0","新竹縣","竹北市","121.045","24.795","798"
"1650","364631","20220623022000","1326","2","新竹縣","竹北市","121.040","24.800","1636"
"773","364632","20220623022000","716","1","新竹縣","竹北市","121.045","24.800","791"
"569","364633","20220623022000","585","0","新竹縣","竹北市","121.050","24.800","546"
"1588","364634","20220623022000","1243","2","新竹縣","竹北市","121.040","24.805","1328"
"575","364635","20220623022000","510","1","新竹縣","竹北市","121.045","24.805","587"
"2196","364637","20220623022000","1398","3","新竹縣","竹北市","121.020","24.810","2058"
"2409","364639","20220623022000","2134","1","新竹縣","竹北市","121.020","24.815","2471"
"2093","364640","20220623022000","2270","0","新竹縣","竹北市","121.025","24.815","2148"
"440","364641","20220623022000","350","2","新竹縣","竹北市","121.020","24.820","452"
"2335","364642","20220623022000","3095","0","新竹縣","竹北市","121.025","24.820","2279"
"1397","364648","20220623022000","1070","2","新竹市","北區","120.925","24.840","1380"
"753","364657","20220623022000","743","1","桃園市","龍潭區","121.210","24.890","893"
"68","364662","20220623022000","34","3","桃園市","復興區","121.325","24.775","62"
"16","364692","20220623022000","12","2","桃園市","復興區","121.335","24.790","13"
"102","364720","20220623022000","100","1","桃園市","復興區","121.345","24.805","104"
"199","364731","20220623022000","141","2","桃園市","復興區","121.350","24.815","185"
"102","364735","20220623022000","82","2","桃園市","復興區","121.350","24.820","98"
"67","364741","20220623022000","76","0","桃園市","復興區","121.370","24.825","69"
"109","364767","20220623022000","131","0","桃園市","復興區","121.375","24.800","120"
"37","364824","20220623022000","33","1","桃園市","復興區","121.375","24.785","31"
"33","364825","20220623022000","18","3","桃園市","復興區","121.380","24.785","30"
"52","364828","20220623022000","27","3","桃園市","復興區","121.395","24.785","46"
"95","364934","20220623022000","77","2","桃園市","復興區","121.305","24.800","78"
"62","364969","20220623022000","34","3","桃園市","復興區","121.400","24.805","40"
"40","365017","20220623022000","34","1","桃園市","復興區","121.390","24.825","30"
"75","365042","20220623022000","44","3","桃園市","復興區","121.385","24.835","58"
"210","365054","20220623022000","224","0","桃園市","楊梅區","121.155","24.880","191"
"91","365058","20220623022000","76","1","桃園市","楊梅區","121.155","24.885","92"
"334","365063","20220623022000","335","0","桃園市","楊梅區","121.150","24.885","321"
"188","365065","20220623022000","182","1","桃園市","楊梅區","121.160","24.885","207"
"48","365067","20220623022000","172","0","桃園市","楊梅區","121.150","24.890","42"
"980","365068","20220623022000","969","1","桃園市","楊梅區","121.155","24.890","1006"
"1181","365070","20220623022000","803","2","桃園市","楊梅區","121.170","24.885","1169"
"3117","365073","20220623022000","3131","0","新竹市","北區","120.955","24.795","3160"
"195","365074","20220623022000","162","2","新竹市","香山區","120.955","24.780","140"
"1945","365075","20220623022000","1700","1","新竹市","香山區","120.945","24.790","1981"
"688","365076","20220623022000","565","2","新竹市","香山區","120.950","24.790","694"
"1035","365079","20220623022000","1039","0","新竹市","香山區","120.925","24.790","1063"
"2659","365080","20220623022000","2792","0","新竹市","香山區","120.925","24.795","2628"
"1038","365083","20220623022000","999","1","新竹市","香山區","120.940","24.775","1048"
"104","365084","20220623022000","82","2","新竹市","香山區","120.930","24.780","101"
"378","365086","20220623022000","450","0","新竹市","香山區","120.940","24.780","372"
"352","365089","20220623022000","259","2","新竹市","香山區","120.935","24.785","368"
"2168","365090","20220623022000","1435","3","新竹縣","竹北市","121.015","24.840","2126"
"4218","365091","20220623022000","3837","1","新竹縣","竹北市","121.010","24.840","4266"
"1089","365092","20220623022000","987","1","桃園市","龍潭區","121.210","24.880","1056"
"577","365093","20220623022000","394","2","桃園市","龍潭區","121.215","24.880","568"
"651","365094","20220623022000","665","0","桃園市","龍潭區","121.215","24.885","643"
"444","365099","20220623022000","451","0","桃園市","龍潭區","121.200","24.875","447"
"593","365102","20220623022000","584","1","桃園市","龍潭區","121.195","24.885","592"
"272","365105","20220623022000","203","2","桃園市","龍潭區","121.200","24.885","262"
"915","365121","20220623022000","745","2","桃園市","龍潭區","121.180","24.835","893"
"360","365122","20220623022000","470","0","桃園市","龍潭區","121.185","24.835","347"
"455","365124","20220623022000","530","0","桃園市","龍潭區","121.195","24.835","437"
"664","365133","20220623022000","780","0","桃園市","龍潭區","121.200","24.850","648"
"508","365138","20220623022000","426","1","桃園市","龍潭區","121.210","24.810","511"
"60","365145","20220623022000","83","0","桃園市","龍潭區","121.205","24.820","81"
"144","365150","20220623022000","141","1","桃園市","龍潭區","121.205","24.825","124"
"64","365153","20220623022000","55","1","桃園市","龍潭區","121.220","24.825","61"
"523","365158","20220623022000","554","0","桃園市","龍潭區","121.205","24.835","529"
"839","365161","20220623022000","755","1","桃園市","龍潭區","121.205","24.840","820"
"398","365169","20220623022000","380","1","桃園市","龍潭區","121.230","24.885","414"
"1339","365173","20220623022000","1272","1","新竹市","北區","120.965","24.815","1338"
"994","365174","20220623022000","898","1","新竹市","北區","120.960","24.820","971"
"1605","365175","20220623022000","1562","1","新竹市","北區","120.960","24.800","1613"
"2418","365176","20220623022000","2136","1","新竹市","東區","120.980","24.795","2415"
"1240","365177","20220623022000","1530","0","新竹市","東區","120.985","24.795","1272"
"54","365178","20220623022000","147","0","新竹市","東區","120.985","24.790","54"
"2211","365183","20220623022000","1649","2","新竹市","北區","120.975","24.820","2229"
"1499","365184","20220623022000","1531","0","新竹市","北區","120.975","24.825","1513"
"714","365185","20220623022000","560","2","新竹市","北區","120.980","24.825","693"
"1721","365210","20220623022000","1527","1","新竹市","東區","121.000","24.800","1751"
"1512","365211","20220623022000","1946","0","新竹市","東區","121.000","24.795","1551"
"1202","365212","20220623022000","943","2","新竹市","東區","121.025","24.780","1241"
"319","365213","20220623022000","352","0","桃園市","龍潭區","121.245","24.880","308"
"392","365219","20220623022000","425","0","桃園市","平鎮區","121.240","24.890","391"
"1542","365221","20220623022000","1373","1","新竹市","北區","120.930","24.835","1559"
"1020","365222","20220623022000","937","1","新竹市","北區","120.935","24.835","1013"
"4267","365223","20220623022000","3618","1","新竹市","北區","120.970","24.825","4246"
"4974","365224","20220623022000","4217","1","新竹市","東區","120.975","24.815","4922"
"3326","365225","20220623022000","2763","2","新竹市","東區","120.980","24.815","3240"
"1908","365226","20220623022000","1150","3","新竹市","北區","120.965","24.825","1921"
"650","365227","20220623022000","489","2","新竹市","北區","120.965","24.830","650"
"113","365229","20220623022000","101","1","桃園市","楊梅區","121.140","24.885","113"
"129","365231","20220623022000","99","2","桃園市","楊梅區","121.135","24.885","141"
"267","365234","20220623022000","121","3","桃園市","楊梅區","121.135","24.890","255"
"368","365235","20220623022000","347","1","桃園市","楊梅區","121.140","24.890","349"
"598","365236","20220623022000","701","0","桃園市","楊梅區","121.145","24.890","589"
"1112","365237","20220623022000","1109","1","新竹市","北區","120.950","24.805","1096"
"1530","365238","20220623022000","1348","1","新竹市","北區","120.940","24.840","1529"
"1046","365240","20220623022000","1015","1","新竹市","北區","120.930","24.840","1037"
"887","365241","20220623022000","745","1","新竹市","北區","120.935","24.840","896"
"90","365242","20220623022000","48","3","新竹市","北區","120.920","24.845","92"
"154","365243","20220623022000","130","1","新竹市","北區","120.925","24.845","154"
"937","365244","20220623022000","868","1","新竹市","北區","120.930","24.845","941"
"1614","365253","20220623022000","1576","1","新竹市","東區","120.965","24.800","1619"
"6064","365254","20220623022000","5678","1","新竹市","東區","121.005","24.795","6439"
"3632","365255","20220623022000","3351","1","新竹市","東區","121.010","24.795","4036"
"1175","365258","20220623022000","1060","1","新竹市","東區","121.015","24.795","1191"
"1050","365259","20220623022000","718","2","新竹市","東區","120.970","24.790","1090"
"1204","365261","20220623022000","960","2","新竹市","北區","120.955","24.815","1202"
"5982","365262","20220623022000","5398","1","新竹市","北區","120.960","24.815","6006"
"29","365263","20220623022000","271","0","新竹市","北區","120.955","24.820","32"
"949","365264","20220623022000","850","1","新竹市","北區","120.955","24.825","973"
"2997","365265","20220623022000","2844","1","新竹市","東區","121.010","24.790","2932"
"593","365266","20220623022000","1055","0","新竹市","東區","120.970","24.795","588"
"1140","365267","20220623022000","1033","1","新竹市","東區","120.980","24.790","1106"
"2165","365268","20220623022000","1856","1","新竹市","東區","120.970","24.805","2177"
"654","365269","20220623022000","732","0","新竹市","北區","120.945","24.805","667"
"849","365270","20220623022000","1180","0","新竹市","香山區","120.950","24.800","1003"
"2270","365271","20220623022000","2169","1","新竹市","北區","120.955","24.800","2303"
"67","365292","20220623022000","77","0","桃園市","復興區","121.340","24.820","64"
"56","365296","20220623022000","32","3","桃園市","復興區","121.340","24.825","53"
"244","365304","20220623022000","187","2","桃園市","大溪區","121.330","24.835","222"
"120","365315","20220623022000","96","2","桃園市","復興區","121.350","24.835","98"
"1699","365322","20220623022000","1607","1","新竹市","東區","120.970","24.815","1717"
"3517","365323","20220623022000","2956","1","新竹市","北區","120.965","24.810","3521"
"2634","365324","20220623022000","2341","1","新竹市","東區","120.990","24.800","2642"
"39","365325","20220623022000","74","0","新竹市","東區","120.990","24.805","32"
"81","365326","20220623022000","70","1","新竹市","東區","120.995","24.805","70"
"533","365327","20220623022000","1226","0","新竹市","東區","120.995","24.785","683"
"295","365328","20220623022000","728","0","新竹市","東區","121.000","24.780","427"
"134","365330","20220623022000","216","0","新竹市","東區","120.990","24.785","140"
"1626","365331","20220623022000","2457","0","新竹市","東區","121.000","24.790","1950"
"1374","365332","20220623022000","1066","2","新竹市","東區","121.000","24.785","1286"
"201","365334","20220623022000","498","0","新竹市","東區","120.990","24.795","297"
"1168","365335","20220623022000","1936","0","新竹市","東區","120.990","24.790","1550"
"1794","365336","20220623022000","1700","1","新竹市","東區","120.995","24.795","1769"
"1719","365337","20220623022000","1436","1","新竹市","東區","120.995","24.790","1803"
"884","365338","20220623022000","861","1","新竹市","北區","120.960","24.790","880"
"1426","365339","20220623022000","1251","1","新竹市","東區","120.980","24.800","1423"
"378","365340","20220623022000","330","1","新竹市","東區","120.990","24.810","378"
"1793","365341","20220623022000","1624","1","新竹市","東區","120.985","24.815","1786"
"732","365346","20220623022000","788","0","新竹市","東區","120.995","24.820","729"
"23","365352","20220623022000","164","0","新竹市","東區","121.015","24.805","23"
"241","365356","20220623022000","284","0","桃園市","楊梅區","121.130","24.885","236"
"135","365363","20220623022000","146","0","桃園市","楊梅區","121.125","24.890","134"
"199","365364","20220623022000","216","0","桃園市","楊梅區","121.130","24.890","187"
"24","367498","20220623022000","36","0","宜蘭縣","頭城鎮","121.880","24.910","29"
"54","369694","20220623022000","61","0","宜蘭縣","頭城鎮","121.895","24.940","48"
"19","369695","20220623022000","184","0","宜蘭縣","頭城鎮","121.900","24.940","14"
"497","373866","20220623022000","654","0","新北市","板橋區","121.435","24.985","511"
"2222","373867","20220623022000","3425","0","新北市","中和區","121.515","24.990","2121"
"28","373876","20220623022000","31","0","宜蘭縣","頭城鎮","121.850","24.895","29"
"217","373895","20220623022000","228","0","宜蘭縣","頭城鎮","121.890","24.940","221"
"64","373934","20220623022000","97","0","宜蘭縣","頭城鎮","121.900","24.945","74"
"26","373935","20220623022000","15","3","宜蘭縣","頭城鎮","121.900","24.950","27"
"34","373940","20220623022000","20","3","宜蘭縣","頭城鎮","121.915","24.950","27"
"133","373951","20220623022000","117","1","宜蘭縣","頭城鎮","121.920","24.960","123"
"118","373977","20220623022000","132","0","新北市","雙溪區","121.795","24.900","117"
"213","373991","20220623022000","226","0","宜蘭縣","頭城鎮","121.865","24.905","204"
"47","373993","20220623022000","77","0","宜蘭縣","頭城鎮","121.850","24.905","79"
"2498","374034","20220623022000","3264","0","新北市","中和區","121.525","24.990","2499"
"3235","374036","20220623022000","6415","0","新北市","土城區","121.465","24.985","3065"
"3345","374037","20220623022000","3320","1","新北市","土城區","121.470","24.990","3332"
"962","374042","20220623022000","1057","0","新北市","土城區","121.470","24.975","926"
"1258","374045","20220623022000","2120","0","新北市","新店區","121.545","24.980","1192"
"854","374046","20220623022000","999","0","新北市","中和區","121.480","24.965","865"
"22","374051","20220623022000","22","1","新北市","中和區","121.490","24.970","28"
"17","374054","20220623022000","18","0","新北市","中和區","121.495","24.975","20"
"416","374055","20220623022000","427","0","新北市","中和區","121.495","24.980","429"
"1443","374056","20220623022000","1997","0","新北市","中和區","121.505","24.985","1436"
"542","374067","20220623022000","475","1","新北市","三峽區","121.380","24.925","552"
"1893","374070","20220623022000","1793","1","新北市","三峽區","121.370","24.930","1951"
"397","374083","20220623022000","247","3","新北市","三峽區","121.405","24.905","379"
"67","374086","20220623022000","43","3","新北市","三峽區","121.380","24.910","74"
"53","374103","20220623022000","47","1","新北市","三峽區","121.350","24.900","51"
"115","374104","20220623022000","95","2","新北市","三峽區","121.355","24.900","127"
"66","374106","20220623022000","92","0","新北市","三峽區","121.365","24.900","81"
"362","374107","20220623022000","274","2","新北市","三峽區","121.360","24.905","374"
"92","374108","20220623022000","159","0","新北市","三峽區","121.365","24.905","93"
"776","374109","20220623022000","736","1","新北市","三峽區","121.365","24.910","772"
"178","374111","20220623022000","153","1","新北市","三峽區","121.365","24.920","168"
"61","374139","20220623022000","52","1","新北市","三峽區","121.465","24.915","57"
"62","374147","20220623022000","49","2","新北市","三峽區","121.455","24.920","59"
"21","374151","20220623022000","12","3","新北市","三峽區","121.475","24.920","17"
"137","374167","20220623022000","98","2","新北市","三峽區","121.445","24.925","120"
"169","374179","20220623022000","113","2","新北市","三峽區","121.455","24.930","159"
"47","374183","20220623022000","45","1","新北市","三峽區","121.445","24.935","43"
"2852","374196","20220623022000","2775","1","新北市","新店區","121.550","24.970","3179"
"405","374198","20220623022000","577","0","新北市","新店區","121.550","24.975","597"
"634","374199","20220623022000","902","0","新北市","土城區","121.455","24.990","768"
"1361","374200","20220623022000","1000","2","新北市","土城區","121.440","24.980","1382"
"267","374201","20220623022000","457","0","新北市","土城區","121.445","24.980","263"
"3350","374203","20220623022000","3186","1","新北市","中和區","121.495","24.990","3237"
"2205","374204","20220623022000","2299","0","新北市","中和區","121.510","24.985","2122"
"4986","374205","20220623022000","5175","0","新北市","新店區","121.545","24.975","5194"
"1153","374206","20220623022000","1215","0","新北市","新店區","121.550","24.980","1304"
"2219","374207","20220623022000","2849","0","新北市","中和區","121.505","24.980","2179"
"32","374212","20220623022000","26","2","新北市","中和區","121.485","24.980","33"
"228","374215","20220623022000","215","1","新北市","中和區","121.485","24.990","206"
"96","374216","20220623022000","57","3","新北市","中和區","121.500","24.970","79"
"141","374217","20220623022000","114","2","新北市","中和區","121.500","24.975","125"
"812","374218","20220623022000","681","1","新北市","中和區","121.505","24.975","809"
"516","374219","20220623022000","530","0","新北市","新店區","121.510","24.975","531"
"28","374220","20220623022000","25","1","新北市","中和區","121.500","24.980","32"
"4138","374221","20220623022000","4333","0","新北市","樹林區","121.375","24.945","4195"
"1150","374222","20220623022000","1062","1","新北市","三峽區","121.370","24.925","1175"
"1136","374223","20220623022000","1933","0","新北市","三峽區","121.365","24.930","1120"
"180","374240","20220623022000","112","3","新北市","三峽區","121.345","24.915","163"
"17","374252","20220623022000","190","0","新北市","三峽區","121.360","24.925","20"
"155","374255","20220623022000","113","2","新北市","三峽區","121.420","24.925","154"
"945","374266","20220623022000","558","3","新北市","中和區","121.500","24.985","927"
"283","374267","20220623022000","1898","0","新北市","中和區","121.500","24.990","265"
"5693","374268","20220623022000","6023","0","新北市","中和區","121.510","24.990","5590"
"2611","374272","20220623022000","2589","1","新北市","三峽區","121.370","24.935","2781"
"371","374277","20220623022000","341","1","新北市","三峽區","121.370","24.900","376"
"159","374283","20220623022000","197","0","新北市","三峽區","121.395","24.935","167"
"300","374286","20220623022000","246","2","新北市","三峽區","121.400","24.940","312"
"92","374288","20220623022000","106","0","新北市","三峽區","121.405","24.945","97"
"528","374295","20220623022000","393","2","新北市","三峽區","121.390","24.930","522"
"503","374297","20220623022000","388","2","新北市","三峽區","121.400","24.930","493"
"221","374300","20220623022000","163","2","新北市","三峽區","121.415","24.925","221"
"466","374302","20220623022000","450","1","新北市","三峽區","121.410","24.930","474"
"22","374321","20220623022000","20","1","新北市","三峽區","121.420","24.900","30"
"96","374335","20220623022000","58","3","新北市","三峽區","121.435","24.905","93"
"103","374343","20220623022000","91","1","新北市","三峽區","121.420","24.910","93"
"183","374363","20220623022000","99","3","新北市","三峽區","121.425","24.920","188"
"157","374371","20220623022000","138","1","新北市","三峽區","121.425","24.925","162"
"27","374390","20220623022000","140","0","新北市","三峽區","121.360","24.935","95"
"2662","374391","20220623022000","2520","1","新北市","三峽區","121.365","24.935","2621"
"918","374393","20220623022000","1217","0","新北市","三峽區","121.375","24.935","982"
"655","374394","20220623022000","505","2","新北市","三峽區","121.380","24.935","745"
"1757","374396","20220623022000","1582","1","新北市","三峽區","121.380","24.940","1761"
"13","374399","20220623022000","14","0","新北市","三峽區","121.395","24.945","13"
"1715","374402","20220623022000","1729","0","新北市","三峽區","121.370","24.940","1768"
"1492","374403","20220623022000","2539","0","新北市","三峽區","121.375","24.940","1519"
"197","374405","20220623022000","213","0","新北市","三峽區","121.370","24.945","206"
"690","374408","20220623022000","589","1","新北市","三峽區","121.365","24.925","684"
"44","374410","20220623022000","33","2","新北市","三峽區","121.370","24.920","47"
"815","374412","20220623022000","804","1","新北市","三峽區","121.375","24.925","801"
"16","374414","20220623022000","17","0","新北市","三峽區","121.340","24.900","11"
"533","374418","20220623022000","553","0","新北市","三峽區","121.355","24.910","550"
"1883","374420","20220623022000","1918","0","新北市","三峽區","121.375","24.930","1956"
"574","374421","20220623022000","579","0","新北市","三峽區","121.385","24.930","570"
"2417","374422","20220623022000","4256","0","新北市","中和區","121.505","24.990","2418"
"1360","374423","20220623022000","2278","0","新北市","土城區","121.455","24.985","1075"
"1997","374424","20220623022000","1487","2","新北市","土城區","121.470","24.985","1999"
"211","374427","20220623022000","30","3","宜蘭縣","頭城鎮","121.870","24.910","219"
"27","374433","20220623022000","20","2","宜蘭縣","頭城鎮","121.880","24.920","28"
"40","374451","20220623022000","29","2","宜蘭縣","頭城鎮","121.885","24.935","39"
"3053","374458","20220623022000","4481","0","新北市","中和區","121.520","24.990","2939"
"3652","374459","20220623022000","3585","1","新北市","樹林區","121.415","24.980","3662"
"985","374462","20220623022000","1043","0","新北市","樹林區","121.385","24.955","1032"
"10","374466","20220623022000","11","0","新北市","樹林區","121.380","24.970","10"
"52","374467","20220623022000","130","0","新北市","樹林區","121.385","24.970","53"
"165","374493","20220623022000","962","0","新北市","新店區","121.535","24.990","133"
"393","374494","20220623022000","262","3","新北市","新店區","121.530","24.955","393"
"1010","374496","20220623022000","816","2","新北市","新店區","121.535","24.960","1041"
"261","374498","20220623022000","418","0","新北市","新店區","121.520","24.970","204"
"1746","374500","20220623022000","1900","0","新北市","新店區","121.515","24.975","1728"
"1826","374512","20220623022000","2176","0","新北市","樹林區","121.420","24.990","1776"
"4229","374513","20220623022000","3645","1","新北市","中和區","121.510","24.980","4278"
"1679","374514","20220623022000","1570","1","新北市","土城區","121.460","24.975","1705"
"614","374515","20220623022000","647","0","新北市","新店區","121.520","24.980","599"
"1107","374516","20220623022000","1780","0","新北市","新店區","121.520","24.985","1091"
"139","374517","20220623022000","122","1","桃園市","大溪區","121.310","24.895","141"
"17","374520","20220623022000","15","1","桃園市","大溪區","121.330","24.895","12"
"24","374524","20220623022000","27","0","桃園市","大溪區","121.320","24.905","23"
"51","374544","20220623022000","53","0","桃園市","大溪區","121.305","24.925","53"
"946","374548","20220623022000","807","1","桃園市","中壢區","121.240","24.940","917"
"119","374549","20220623022000","92","2","桃園市","中壢區","121.245","24.940","134"
"236","374550","20220623022000","187","2","桃園市","中壢區","121.235","24.945","228"
"821","374551","20220623022000","705","1","桃園市","中壢區","121.240","24.945","807"
"447","374552","20220623022000","463","0","桃園市","中壢區","121.240","24.980","453"
"779","374554","20220623022000","670","1","桃園市","中壢區","121.240","24.930","777"
"230","374555","20220623022000","405","0","桃園市","中壢區","121.245","24.930","215"
"934","374556","20220623022000","969","0","桃園市","中壢區","121.235","24.930","921"
"2197","374558","20220623022000","2054","1","桃園市","中壢區","121.250","24.930","2187"
"387","374560","20220623022000","377","1","桃園市","平鎮區","121.205","24.930","387"
"1200","374561","20220623022000","1077","1","桃園市","平鎮區","121.200","24.935","1152"
"100","374562","20220623022000","119","0","桃園市","平鎮區","121.205","24.935","99"
"845","374563","20220623022000","1179","0","桃園市","平鎮區","121.205","24.940","849"
"1844","374564","20220623022000","2265","0","桃園市","平鎮區","121.210","24.955","1881"
"1782","374565","20220623022000","1740","1","桃園市","平鎮區","121.205","24.955","1827"
"699","374566","20220623022000","687","1","桃園市","平鎮區","121.240","24.910","701"
"101","374575","20220623022000","71","2","桃園市","平鎮區","121.195","24.945","93"
"2343","374577","20220623022000","2479","0","桃園市","平鎮區","121.200","24.950","2344"
"1656","374578","20220623022000","1565","1","桃園市","平鎮區","121.200","24.955","1674"
"1151","374579","20220623022000","1263","0","桃園市","平鎮區","121.215","24.950","1202"
"244","374580","20220623022000","294","0","新北市","樹林區","121.365","24.950","242"
"463","374582","20220623022000","454","1","新北市","樹林區","121.375","24.950","468"
"681","374587","20220623022000","682","0","新竹縣","新豐鄉","120.980","24.910","697"
"34","374593","20220623022000","33","1","新竹縣","新豐鄉","120.985","24.915","43"
"496","374594","20220623022000","369","2","新竹縣","新豐鄉","120.970","24.920","468"
"1824","374598","20220623022000","2020","0","桃園市","中壢區","121.245","24.970","1904"
"762","374599","20220623022000","749","1","桃園市","中壢區","121.240","24.975","814"
"1854","374600","20220623022000","1239","2","桃園市","中壢區","121.250","24.980","1723"
"786","374601","20220623022000","793","0","桃園市","中壢區","121.250","24.975","797"
"1878","374602","20220623022000","1797","1","桃園市","中壢區","121.260","24.975","1902"
"526","374603","20220623022000","788","0","桃園市","中壢區","121.210","24.960","509"
"993","374604","20220623022000","1002","0","新北市","中和區","121.490","24.990","979"
"230","374605","20220623022000","294","0","新北市","土城區","121.445","24.990","260"
"275","374606","20220623022000","287","0","新北市","新店區","121.545","24.960","255"
"1813","374607","20220623022000","2207","0","新北市","新店區","121.535","24.965","1821"
"3446","374608","20220623022000","3054","1","新北市","新店區","121.535","24.970","3451"
"1788","374609","20220623022000","1360","2","新北市","鶯歌區","121.350","24.955","1760"
"1866","374610","20220623022000","1690","1","新北市","鶯歌區","121.345","24.950","1891"
"348","374612","20220623022000","225","3","桃園市","龜山區","121.335","24.980","365"
"2512","374613","20220623022000","2223","1","新北市","鶯歌區","121.335","24.975","2511"
"1492","374614","20220623022000","1599","0","新北市","鶯歌區","121.340","24.940","1451"
"149","374617","20220623022000","200","0","新北市","鶯歌區","121.335","24.945","147"
"547","374618","20220623022000","539","1","新北市","鶯歌區","121.340","24.945","552"
"127","374620","20220623022000","200","0","新北市","鶯歌區","121.330","24.950","124"
"3112","374622","20220623022000","2817","1","新北市","鶯歌區","121.345","24.955","3120"
"70","374623","20220623022000","70","1","新北市","鶯歌區","121.365","24.955","74"
"219","374626","20220623022000","162","2","新北市","鶯歌區","121.370","24.960","209"
"237","374630","20220623022000","250","0","新北市","鶯歌區","121.375","24.965","244"
"241","374631","20220623022000","179","2","新北市","樹林區","121.380","24.965","221"
"64","374641","20220623022000","64","1","新北市","鶯歌區","121.355","24.975","59"
"2652","374648","20220623022000","2089","2","桃園市","中壢區","121.250","24.935","2694"
"52","374649","20220623022000","57","0","新竹縣","新豐鄉","120.980","24.895","65"
"712","374653","20220623022000","625","1","桃園市","八德區","121.300","24.955","680"
"1774","374654","20220623022000","1928","0","桃園市","中壢區","121.225","24.965","1745"
"73","374656","20220623022000","64","1","桃園市","大溪區","121.250","24.895","77"
"276","374659","20220623022000","308","0","桃園市","大溪區","121.265","24.895","271"
"298","374662","20220623022000","506","0","桃園市","大溪區","121.265","24.900","306"
"743","374664","20220623022000","990","0","桃園市","大溪區","121.260","24.905","740"
"3659","374674","20220623022000","3671","0","新北市","新店區","121.535","24.985","3567"
"70","374675","20220623022000","134","0","新北市","新店區","121.540","24.985","59"
"53","374676","20220623022000","1472","0","新北市","新店區","121.505","24.945","48"
"733","374679","20220623022000","607","2","新北市","新店區","121.500","24.955","742"
"446","374680","20220623022000","442","1","新北市","新店區","121.505","24.955","478"
"35","374683","20220623022000","34","1","新北市","新店區","121.500","24.960","43"
"3303","374685","20220623022000","4123","0","新北市","新店區","121.510","24.960","3372"
"367","374692","20220623022000","652","0","新北市","中和區","121.490","24.980","379"
"1353","374694","20220623022000","1226","1","新北市","中和區","121.490","24.985","1339"
"414","374695","20220623022000","351","1","新北市","中和區","121.495","24.985","439"
"13","374714","20220623022000","25","0","新北市","坪林區","121.735","24.950","15"
"148","374733","20220623022000","125","1","新北市","坪林區","121.700","24.960","135"
"110","374748","20220623022000","89","2","新北市","坪林區","121.725","24.960","110"
"43","374749","20220623022000","34","2","新北市","坪林區","121.705","24.965","38"
"187","374755","20220623022000","153","2","新北市","坪林區","121.705","24.935","177"
"40","374759","20220623022000","50","0","新北市","坪林區","121.710","24.940","37"
"115","374760","20220623022000","122","0","新北市","坪林區","121.720","24.940","92"
"24","374772","20220623022000","17","2","新北市","坪林區","121.710","24.890","23"
"43","374784","20220623022000","24","3","新北市","坪林區","121.700","24.905","35"
"33","374792","20220623022000","23","2","新北市","坪林區","121.700","24.915","26"
"37","374801","20220623022000","30","2","新北市","坪林區","121.700","24.920","29"
"181","374804","20220623022000","139","2","新北市","坪林區","121.695","24.925","180"
"157","374823","20220623022000","181","0","新北市","坪林區","121.715","24.925","150"
"28","374907","20220623022000","18","3","新北市","坪林區","121.785","24.955","37"
"32","374921","20220623022000","37","0","新北市","坪林區","121.730","24.965","29"
"20","374929","20220623022000","17","1","新北市","坪林區","121.770","24.965","14"
"20","374980","20220623022000","12","3","新北市","坪林區","121.730","24.895","13"
"68","375126","20220623022000","66","1","新北市","坪林區","121.680","24.930","64"
"50","375135","20220623022000","51","0","新北市","石碇區","121.665","24.940","43"
"1013","375152","20220623022000","1113","0","新北市","新店區","121.535","24.980","1003"
"561","375153","20220623022000","601","0","新北市","新店區","121.495","24.945","575"
"889","375154","20220623022000","644","2","新北市","新店區","121.495","24.950","893"
"2292","375155","20220623022000","4515","0","新北市","新店區","121.545","24.970","2226"
"416","375159","20220623022000","361","1","新北市","新店區","121.535","24.940","416"
"439","375160","20220623022000","255","3","新北市","新店區","121.540","24.940","468"
"2574","375167","20220623022000","2284","1","桃園市","八德區","121.295","24.960","2614"
"454","375168","20220623022000","388","1","桃園市","中壢區","121.205","24.965","606"
"18","375172","20220623022000","13","2","桃園市","中壢區","121.190","24.975","16"
"27","375176","20220623022000","57","0","桃園市","中壢區","121.210","24.975","34"
"2238","375180","20220623022000","2447","0","桃園市","中壢區","121.255","24.975","2276"
"1321","375181","20220623022000","1344","0","桃園市","平鎮區","121.220","24.950","1329"
"1676","375182","20220623022000","1361","2","桃園市","中壢區","121.225","24.945","1717"
"3661","375183","20220623022000","3090","1","桃園市","中壢區","121.230","24.955","3646"
"437","375185","20220623022000","526","0","桃園市","中壢區","121.220","24.985","463"
"2467","375190","20220623022000","2474","0","桃園市","八德區","121.300","24.960","2443"
"1684","375191","20220623022000","1620","1","新竹縣","湖口鄉","121.050","24.905","1727"
"821","375194","20220623022000","738","1","新竹縣","湖口鄉","121.055","24.910","809"
"492","375195","20220623022000","453","1","新竹縣","湖口鄉","121.050","24.915","503"
"1391","375199","20220623022000","1403","0","桃園市","楊梅區","121.060","24.920","1421"
"231","375200","20220623022000","220","1","新竹縣","湖口鄉","121.055","24.925","242"
"1753","375202","20220623022000","2013","0","桃園市","八德區","121.295","24.965","1709"
"1561","375203","20220623022000","1451","1","桃園市","中壢區","121.225","24.955","1581"
"1649","375204","20220623022000","1681","0","桃園市","中壢區","121.225","24.960","1674"
"1510","375206","20220623022000","2091","0","桃園市","中壢區","121.260","24.965","1498"
"1432","375207","20220623022000","1090","2","桃園市","八德區","121.300","24.970","1388"
"3169","375208","20220623022000","2716","1","桃園市","桃園區","121.305","24.975","3201"
"1228","375209","20220623022000","1031","1","桃園市","八德區","121.300","24.975","1226"
"10","375211","20220623022000","16","0","桃園市","八德區","121.315","24.940","10"
"518","375215","20220623022000","458","1","桃園市","八德區","121.300","24.925","552"
"1670","375216","20220623022000","1092","3","新北市","土城區","121.450","24.990","1635"
"1409","375217","20220623022000","1902","0","新北市","土城區","121.440","24.975","1398"
"2188","375218","20220623022000","1871","1","新北市","土城區","121.465","24.975","2199"
"1026","375220","20220623022000","1720","0","新北市","新店區","121.540","24.970","990"
"91","375228","20220623022000","91","1","新北市","新店區","121.470","24.940","84"
"270","375229","20220623022000","291","0","新北市","新店區","121.475","24.940","287"
"60","375230","20220623022000","662","0","新北市","新店區","121.480","24.940","56"
"250","375239","20220623022000","348","0","新北市","新店區","121.485","24.950","244"
"89","375241","20220623022000","182","0","新北市","新店區","121.510","24.965","78"
"1155","375244","20220623022000","1470","0","新北市","新店區","121.510","24.970","1147"
"1340","375246","20220623022000","1525","0","新北市","新店區","121.515","24.970","1304"
"1313","375247","20220623022000","1866","0","桃園市","中壢區","121.210","24.965","1311"
"1296","375250","20220623022000","1187","1","桃園市","中壢區","121.235","24.970","1326"
"502","375252","20220623022000","478","1","桃園市","中壢區","121.235","24.975","509"
"238","375253","20220623022000","487","0","桃園市","中壢區","121.235","24.980","221"
"57","375255","20220623022000","176","0","桃園市","中壢區","121.235","24.985","59"
"1262","375256","20220623022000","1201","1","桃園市","中壢區","121.230","24.990","1251"
"2330","375258","20220623022000","1933","2","桃園市","八德區","121.295","24.945","2331"
"427","375259","20220623022000","446","0","桃園市","八德區","121.295","24.950","402"
"1030","375260","20220623022000","758","2","桃園市","八德區","121.275","24.965","1041"
"483","375261","20220623022000","540","0","桃園市","八德區","121.280","24.970","490"
"1037","375264","20220623022000","1229","0","桃園市","中壢區","121.195","24.960","1092"
"65","375265","20220623022000","192","0","桃園市","中壢區","121.200","24.960","70"
"2231","375266","20220623022000","3330","0","桃園市","平鎮區","121.190","24.965","3217"
"570","375269","20220623022000","887","0","桃園市","平鎮區","121.190","24.970","683"
"3075","375271","20220623022000","2129","2","桃園市","中壢區","121.205","24.960","3139"
"2533","375272","20220623022000","2241","1","桃園市","中壢區","121.260","24.950","2574"
"2671","375273","20220623022000","1939","2","桃園市","中壢區","121.260","24.955","2713"
"641","375274","20220623022000","654","0","桃園市","八德區","121.290","24.960","629"
"819","375275","20220623022000","1013","0","桃園市","八德區","121.265","24.970","925"
"199","375276","20220623022000","269","0","桃園市","八德區","121.275","24.970","186"
"509","375278","20220623022000","480","1","桃園市","八德區","121.270","24.970","507"
"1221","375279","20220623022000","994","2","桃園市","八德區","121.275","24.975","1227"
"1095","375281","20220623022000","1021","1","桃園市","八德區","121.295","24.925","1104"
"372","375296","20220623022000","313","1","新竹縣","新豐鄉","121.005","24.925","381"
"295","375299","20220623022000","383","0","新竹縣","新豐鄉","121.020","24.925","275"
"163","375303","20220623022000","147","1","新竹縣","新豐鄉","120.965","24.895","156"
"234","375308","20220623022000","163","2","新竹縣","新豐鄉","120.970","24.900","232"
"1062","375316","20220623022000","1387","0","新北市","土城區","121.420","24.960","1112"
"650","375317","20220623022000","782","0","新北市","土城區","121.410","24.955","636"
"1231","375318","20220623022000","1037","1","新北市","土城區","121.415","24.955","1229"
"254","375319","20220623022000","244","1","新北市","新店區","121.515","24.980","235"
"158","375320","20220623022000","89","3","新北市","新店區","121.515","24.945","152"
"420","375321","20220623022000","535","0","新北市","新店區","121.520","24.945","465"
"47","375323","20220623022000","49","0","新北市","新店區","121.520","24.950","49"
"70","375324","20220623022000","23","3","新北市","新店區","121.525","24.950","63"
"360","375325","20220623022000","540","0","新北市","新店區","121.515","24.955","396"
"1281","375326","20220623022000","638","3","新北市","新店區","121.520","24.955","1257"
"216","375330","20220623022000","164","2","新北市","新店區","121.530","24.960","210"
"651","375332","20220623022000","673","0","新北市","新店區","121.525","24.965","601"
"12","375333","20220623022000","755","0","新北市","新店區","121.520","24.965","12"
"2325","375335","20220623022000","3161","0","新北市","新店區","121.540","24.975","2296"
"647","375346","20220623022000","817","0","新北市","新店區","121.505","24.920","608"
"653","375357","20220623022000","638","1","新北市","新店區","121.510","24.925","691"
"21","375361","20220623022000","19","1","新北市","新店區","121.530","24.925","27"
"3928","375369","20220623022000","4410","0","新北市","新店區","121.540","24.980","3855"
"1161","375370","20220623022000","1368","0","新北市","新店區","121.530","24.950","1172"
"1735","375371","20220623022000","1494","1","新北市","新店區","121.550","24.955","1724"
"155","375372","20220623022000","396","0","新北市","新店區","121.555","24.955","153"
"676","375374","20220623022000","611","1","新北市","新店區","121.555","24.965","670"
"83","375384","20220623022000","79","1","新北市","新店區","121.500","24.920","83"
"88","375390","20220623022000","84","1","新北市","新店區","121.505","24.930","81"
"41","375394","20220623022000","36","1","新北市","新店區","121.510","24.935","38"
"649","375399","20220623022000","580","1","新北市","新店區","121.505","24.940","627"
"1458","375400","20220623022000","1111","2","桃園市","八德區","121.320","24.960","1461"
"1777","375401","20220623022000","1556","1","桃園市","八德區","121.325","24.970","1772"
"876","375402","20220623022000","736","1","桃園市","八德區","121.300","24.930","871"
"542","375403","20220623022000","664","0","桃園市","八德區","121.305","24.930","535"
"159","375404","20220623022000","160","0","桃園市","八德區","121.300","24.935","165"
"371","375405","20220623022000","444","0","桃園市","八德區","121.305","24.935","377"
"259","375407","20220623022000","264","0","桃園市","八德區","121.300","24.940","253"
"691","375408","20220623022000","583","1","桃園市","八德區","121.305","24.940","634"
"664","375410","20220623022000","750","0","桃園市","八德區","121.255","24.920","658"
"324","375417","20220623022000","310","1","桃園市","八德區","121.260","24.925","334"
"1131","375419","20220623022000","986","1","桃園市","八德區","121.270","24.975","1167"
"2800","375420","20220623022000","3873","0","桃園市","中壢區","121.240","24.955","2829"
"1020","375421","20220623022000","2018","0","桃園市","中壢區","121.240","24.960","1093"
"739","375422","20220623022000","941","0","桃園市","中壢區","121.245","24.960","747"
"2291","375427","20220623022000","1554","2","桃園市","中壢區","121.255","24.960","2350"
"145","375435","20220623022000","169","0","新竹縣","新豐鄉","121.005","24.930","143"
"233","375452","20220623022000","218","1","新竹縣","新豐鄉","121.000","24.905","244"
"483","375460","20220623022000","517","0","新竹縣","新豐鄉","121.010","24.910","480"
"531","375465","20220623022000","485","1","新竹縣","新豐鄉","121.025","24.915","542"
"459","375468","20220623022000","307","2","新竹縣","新豐鄉","121.035","24.930","442"
"1455","375480","20220623022000","1392","1","新竹縣","新豐鄉","120.985","24.900","1448"
"892","375481","20220623022000","719","2","新竹縣","新豐鄉","120.990","24.900","931"
"953","375484","20220623022000","1694","0","桃園市","中壢區","121.235","24.950","947"
"2851","375485","20220623022000","2414","1","新北市","土城區","121.445","24.970","2876"
"1031","375486","20220623022000","850","2","新北市","土城區","121.445","24.975","1007"
"2901","375487","20220623022000","2952","0","新北市","新店區","121.530","24.970","2948"
"2298","375488","20220623022000","1888","2","新北市","新店區","121.525","24.975","2266"
"1121","375489","20220623022000","998","1","新北市","新店區","121.530","24.975","1149"
"185","375490","20220623022000","155","1","新北市","新店區","121.525","24.980","155"
"2229","375492","20220623022000","1906","1","新北市","土城區","121.435","24.970","2236"
"2638","375493","20220623022000","3353","0","新北市","新店區","121.545","24.965","2632"
"3826","375495","20220623022000","5698","0","新北市","新店區","121.535","24.975","3698"
"483","375515","20220623022000","452","1","新北市","新店區","121.555","24.930","506"
"35","375517","20220623022000","38","0","新北市","新店區","121.565","24.930","37"
"579","375521","20220623022000","525","1","新北市","新店區","121.550","24.935","504"
"933","375529","20220623022000","945","0","新北市","新店區","121.530","24.965","944"
"1584","375530","20220623022000","2229","0","新北市","新店區","121.475","24.955","1554"
"1124","375534","20220623022000","1219","0","新北市","中和區","121.485","24.965","1124"
"1753","375536","20220623022000","1615","1","桃園市","中壢區","121.245","24.935","1773"
"1474","375537","20220623022000","1447","1","桃園市","中壢區","121.260","24.970","1475"
"570","375539","20220623022000","716","0","桃園市","中壢區","121.255","24.935","635"
"330","375540","20220623022000","560","0","桃園市","中壢區","121.260","24.935","501"
"1191","375541","20220623022000","1801","0","桃園市","中壢區","121.250","24.940","1237"
"593","375542","20220623022000","674","0","桃園市","中壢區","121.260","24.940","668"
"2066","375543","20220623022000","1939","1","桃園市","中壢區","121.240","24.950","2102"
"508","375544","20220623022000","507","1","桃園市","中壢區","121.245","24.950","519"
"1089","375548","20220623022000","829","2","桃園市","觀音區","121.150","24.965","1071"
"316","375551","20220623022000","309","1","桃園市","觀音區","121.140","24.975","324"
"178","375559","20220623022000","155","1","桃園市","觀音區","121.135","24.985","170"
"1104","375569","20220623022000","977","1","桃園市","觀音區","121.165","24.990","1089"
"435","375572","20220623022000","501","0","桃園市","八德區","121.320","24.945","428"
"190","375574","20220623022000","355","0","桃園市","八德區","121.315","24.950","166"
"842","375577","20220623022000","1093","0","桃園市","八德區","121.315","24.955","840"
"1326","375578","20220623022000","1274","1","桃園市","八德區","121.295","24.970","1297"
"377","375581","20220623022000","321","1","桃園市","蘆竹區","121.270","24.990","374"
"25","375593","20220623022000","32","0","新北市","石碇區","121.675","24.970","27"
"22","375644","20220623022000","22","1","新北市","石碇區","121.635","24.950","23"
"53","375652","20220623022000","42","2","新北市","石碇區","121.635","24.955","44"
"49","375653","20220623022000","39","2","新北市","石碇區","121.640","24.955","47"
"97","375655","20220623022000","98","0","新北市","石碇區","121.650","24.955","116"
"101","375667","20220623022000","93","1","新北市","石碇區","121.630","24.965","92"
"13","375811","20220623022000","14","0","新北市","石碇區","121.645","24.930","13"
"18","375836","20220623022000","11","3","新北市","石碇區","121.660","24.950","16"
"31","375839","20220623022000","30","1","新北市","石碇區","121.670","24.980","27"
"20","375840","20220623022000","12","3","新北市","石碇區","121.675","24.980","21"
"75","375891","20220623022000","65","1","新北市","石碇區","121.660","24.975","83"
"24","375897","20220623022000","23","1","新北市","石碇區","121.665","24.980","32"
"39","375941","20220623022000","34","1","新北市","貢寮區","121.885","24.985","43"
"170","375959","20220623022000","155","1","新北市","土城區","121.445","24.960","164"
"714","375963","20220623022000","730","0","新北市","土城區","121.435","24.975","714"
"1418","375967","20220623022000","1407","1","新北市","土城區","121.440","24.970","1442"
"448","375969","20220623022000","441","1","新北市","土城區","121.455","24.970","413"
"332","375970","20220623022000","272","2","新北市","新店區","121.550","24.960","325"
"657","375971","20220623022000","679","0","新北市","新店區","121.550","24.965","684"
"37","375972","20220623022000","33","1","新北市","新店區","121.580","24.910","34"
"236","375990","20220623022000","245","0","新北市","新店區","121.570","24.930","242"
"69","375994","20220623022000","44","3","新北市","新店區","121.590","24.930","67"
"96","376023","20220623022000","76","2","新北市","新店區","121.580","24.950","91"
"36","376024","20220623022000","36","1","新北市","新店區","121.585","24.950","38"
"29","376033","20220623022000","21","2","新北市","新店區","121.605","24.955","21"
"256","376045","20220623022000","300","0","新北市","新店區","121.500","24.935","240"
"43","376049","20220623022000","59","0","新北市","新店區","121.500","24.940","30"
"98","376050","20220623022000","100","0","新北市","新店區","121.485","24.945","97"
"2142","376051","20220623022000","2277","0","新北市","新店區","121.490","24.945","2142"
"395","376052","20220623022000","406","0","新北市","新店區","121.490","24.950","364"
"661","376060","20220623022000","601","1","新北市","新店區","121.545","24.955","689"
"1208","376063","20220623022000","1223","0","新北市","新店區","121.560","24.955","1207"
"1459","376064","20220623022000","1242","1","新北市","新店區","121.565","24.955","1441"
"61","376065","20220623022000","52","1","新北市","新店區","121.570","24.955","57"
"16","376068","20220623022000","93","0","新北市","新店區","121.560","24.960","12"
"17","376072","20220623022000","71","0","新北市","新店區","121.580","24.960","17"
"30","376096","20220623022000","14","3","新北市","新店區","121.570","24.900","28"
"24","376099","20220623022000","260","0","新北市","新店區","121.555","24.905","19"
"501","376101","20220623022000","487","1","新北市","新店區","121.545","24.910","425"
"799","376106","20220623022000","690","1","桃園市","觀音區","121.155","24.975","800"
"450","376109","20220623022000","351","2","桃園市","觀音區","121.150","24.980","407"
"256","376115","20220623022000","283","0","桃園市","觀音區","121.135","24.990","234"
"2818","376118","20220623022000","4211","0","新北市","新店區","121.515","24.985","2847"
"573","376123","20220623022000","627","0","新北市","土城區","121.445","24.950","605"
"229","376130","20220623022000","139","3","新北市","土城區","121.440","24.965","226"
"264","376131","20220623022000","299","0","新北市","土城區","121.430","24.970","251"
"793","376132","20220623022000","776","1","新北市","土城區","121.435","24.965","797"
"297","376133","20220623022000","343","0","新北市","板橋區","121.430","24.975","264"
"1615","376134","20220623022000","2772","0","臺北市","文山區","121.545","24.985","1673"
"353","376135","20220623022000","503","0","新北市","新店區","121.510","24.950","386"
"1330","376136","20220623022000","1148","1","新北市","新店區","121.515","24.960","1327"
"92","376137","20220623022000","1918","0","新北市","新店區","121.515","24.965","84"
"1610","376141","20220623022000","1758","0","桃園市","八德區","121.320","24.965","1620"
"607","376145","20220623022000","502","2","新竹縣","湖口鄉","121.060","24.895","588"
"158","376148","20220623022000","1365","0","新北市","土城區","121.455","24.980","162"
"502","376149","20220623022000","1190","0","新北市","土城區","121.450","24.980","465"
"188","376150","20220623022000","1046","0","新北市","新店區","121.540","24.955","194"
"248","376151","20220623022000","720","0","桃園市","中壢區","121.255","24.940","302"
"1338","376153","20220623022000","1376","0","桃園市","中壢區","121.250","24.965","1322"
"2320","376154","20220623022000","2604","0","桃園市","中壢區","121.255","24.965","2325"
"1986","376155","20220623022000","3098","0","桃園市","中壢區","121.250","24.970","1983"
"60","376156","20220623022000","85","0","桃園市","八德區","121.320","24.955","63"
"84","376157","20220623022000","256","0","桃園市","八德區","121.325","24.955","88"
"931","376160","20220623022000","770","2","桃園市","八德區","121.325","24.965","924"
"4057","376161","20220623022000","3642","1","桃園市","桃園區","121.280","24.990","4029"
"156","376176","20220623022000","171","0","新北市","樹林區","121.405","24.990","160"
"949","376178","20220623022000","597","3","桃園市","平鎮區","121.205","24.895","606"
"217","376179","20220623022000","283","0","桃園市","平鎮區","121.195","24.895","204"
"1055","376180","20220623022000","1119","0","桃園市","平鎮區","121.200","24.895","1112"
"804","376181","20220623022000","558","2","桃園市","平鎮區","121.195","24.900","800"
"379","376183","20220623022000","291","2","桃園市","平鎮區","121.205","24.900","354"
"251","376184","20220623022000","270","0","桃園市","平鎮區","121.195","24.905","177"
"316","376185","20220623022000","341","0","桃園市","平鎮區","121.200","24.905","304"
"204","376189","20220623022000","143","2","桃園市","平鎮區","121.215","24.900","194"
"652","376192","20220623022000","606","1","桃園市","平鎮區","121.215","24.905","622"
"2116","376194","20220623022000","1868","1","桃園市","桃園區","121.315","24.985","2123"
"1276","376195","20220623022000","1223","1","桃園市","中壢區","121.245","24.945","1266"
"833","376196","20220623022000","782","1","桃園市","中壢區","121.250","24.945","773"
"254","376199","20220623022000","191","2","新北市","石碇區","121.660","24.990","250"
"58","376200","20220623022000","44","2","新北市","石碇區","121.685","24.960","60"
"53","376205","20220623022000","59","0","新北市","石碇區","121.680","24.970","51"
"194","376222","20220623022000","245","0","新北市","石碇區","121.690","24.980","173"
"351","376245","20220623022000","554","0","新北市","鶯歌區","121.340","24.960","375"
"201","376246","20220623022000","185","1","新北市","鶯歌區","121.340","24.965","197"
"166","376248","20220623022000","151","1","新北市","鶯歌區","121.340","24.970","162"
"459","376251","20220623022000","449","1","新北市","鶯歌區","121.345","24.975","473"
"149","376258","20220623022000","128","1","新北市","鶯歌區","121.320","24.935","142"
"758","376259","20220623022000","831","0","新北市","鶯歌區","121.325","24.935","766"
"333","376260","20220623022000","446","0","新北市","鶯歌區","121.330","24.935","306"
"288","376263","20220623022000","323","0","新北市","鶯歌區","121.330","24.940","266"
"255","376265","20220623022000","276","0","新北市","鶯歌區","121.335","24.930","243"
"547","376268","20220623022000","527","1","新北市","鶯歌區","121.345","24.935","546"
"2380","376269","20220623022000","2261","1","新北市","鶯歌區","121.355","24.955","2398"
"816","376270","20220623022000","723","1","新北市","鶯歌區","121.360","24.955","847"
"692","376273","20220623022000","618","1","新北市","鶯歌區","121.355","24.940","692"
"195","376274","20220623022000","368","0","新北市","鶯歌區","121.350","24.945","184"
"464","376277","20220623022000","452","1","新北市","鶯歌區","121.350","24.950","468"
"1646","376280","20220623022000","1647","0","新北市","樹林區","121.395","24.970","1681"
"759","376281","20220623022000","696","1","桃園市","楊梅區","121.185","24.915","693"
"637","376282","20220623022000","704","0","桃園市","楊梅區","121.180","24.920","624"
"568","376283","20220623022000","405","2","桃園市","楊梅區","121.185","24.920","572"
"444","376284","20220623022000","417","1","桃園市","中壢區","121.215","24.960","459"
"1187","376285","20220623022000","1712","0","桃園市","中壢區","121.215","24.965","1186"
"16","376287","20220623022000","14","1","桃園市","中壢區","121.175","24.975","23"
"167","376293","20220623022000","187","0","桃園市","中壢區","121.190","24.980","174"
"42","376295","20220623022000","50","0","桃園市","中壢區","121.175","24.980","42"
"1224","376297","20220623022000","1059","1","桃園市","中壢區","121.185","24.980","1236"
"288","376300","20220623022000","263","1","桃園市","中壢區","121.175","24.985","290"
"178","376301","20220623022000","159","1","桃園市","中壢區","121.180","24.985","186"
"1981","376307","20220623022000","1389","2","桃園市","八德區","121.260","24.930","2141"
"1466","376308","20220623022000","1534","0","桃園市","平鎮區","121.220","24.945","1481"
"1272","376309","20220623022000","1229","1","桃園市","楊梅區","121.150","24.905","1297"
"402","376311","20220623022000","368","1","桃園市","平鎮區","121.220","24.920","433"
"599","376312","20220623022000","652","0","桃園市","平鎮區","121.220","24.925","589"
"1270","376313","20220623022000","924","2","桃園市","平鎮區","121.205","24.915","1293"
"784","376315","20220623022000","621","2","新北市","樹林區","121.390","24.960","749"
"20","376320","20220623022000","32","0","新北市","樹林區","121.395","24.965","21"
"144","376325","20220623022000","130","1","新北市","樹林區","121.405","24.970","157"
"4643","376326","20220623022000","4951","0","新北市","樹林區","121.380","24.945","4634"
"697","376327","20220623022000","611","1","新北市","樹林區","121.385","24.945","674"
"2375","376330","20220623022000","2265","1","新北市","樹林區","121.380","24.950","2379"
"616","376331","20220623022000","719","0","新北市","樹林區","121.385","24.950","611"
"1547","376333","20220623022000","1432","1","新北市","樹林區","121.395","24.950","1487"
"568","376335","20220623022000","638","0","新北市","板橋區","121.435","24.990","579"
"5426","376337","20220623022000","5187","1","新北市","土城區","121.450","24.985","5399"
"441","376338","20220623022000","467","0","桃園市","中壢區","121.245","24.985","431"
"916","376341","20220623022000","955","0","桃園市","中壢區","121.240","24.990","902"
"429","376344","20220623022000","480","0","桃園市","中壢區","121.255","24.990","416"
"1712","376345","20220623022000","1592","1","桃園市","中壢區","121.255","24.980","1698"
"657","376347","20220623022000","747","0","桃園市","中壢區","121.260","24.945","681"
"371","376348","20220623022000","384","0","桃園市","中壢區","121.255","24.950","340"
"1483","376349","20220623022000","985","3","桃園市","中壢區","121.165","24.960","1489"
"468","376350","20220623022000","367","2","桃園市","中壢區","121.170","24.960","416"
"769","376351","20220623022000","634","2","桃園市","新屋區","121.155","24.960","783"
"468","376353","20220623022000","442","1","桃園市","中壢區","121.160","24.965","498"
"231","376358","20220623022000","267","0","桃園市","中壢區","121.160","24.970","232"
"1869","376361","20220623022000","1614","1","桃園市","中壢區","121.175","24.970","1908"
"1408","376370","20220623022000","1459","0","新北市","樹林區","121.420","24.980","1436"
"1501","376373","20220623022000","1405","1","新北市","樹林區","121.420","24.975","1454"
"3020","376375","20220623022000","2260","2","新北市","板橋區","121.425","24.985","3059"
"2900","376380","20220623022000","3022","0","新北市","板橋區","121.430","24.985","2915"
"1133","376381","20220623022000","1080","1","桃園市","平鎮區","121.250","24.925","1154"
"10","376385","20220623022000","43","0","桃園市","龜山區","121.350","24.985","12"
"539","376391","20220623022000","690","0","桃園市","龜山區","121.360","24.990","543"
"39","376392","20220623022000","31","2","桃園市","龜山區","121.365","24.990","38"
"70","376393","20220623022000","79","0","桃園市","龜山區","121.370","24.990","79"
"127","376400","20220623022000","294","0","桃園市","楊梅區","121.105","24.910","130"
"289","376403","20220623022000","299","0","桃園市","楊梅區","121.120","24.910","294"
"264","376407","20220623022000","226","1","桃園市","楊梅區","121.100","24.915","261"
"1404","376412","20220623022000","930","3","桃園市","楊梅區","121.125","24.915","1386"
"164","376419","20220623022000","156","1","新竹縣","湖口鄉","121.105","24.895","160"
"15","376422","20220623022000","108","0","桃園市","楊梅區","121.085","24.900","14"
"926","376427","20220623022000","735","2","桃園市","楊梅區","121.060","24.905","926"
"380","376431","20220623022000","380","1","桃園市","楊梅區","121.080","24.905","396"
"597","376438","20220623022000","589","1","桃園市","楊梅區","121.070","24.910","609"
"344","376440","20220623022000","258","2","桃園市","楊梅區","121.080","24.910","349"
"460","376443","20220623022000","492","0","桃園市","楊梅區","121.095","24.910","445"
"616","376447","20220623022000","623","0","桃園市","楊梅區","121.075","24.915","611"
"502","376456","20220623022000","471","1","桃園市","楊梅區","121.125","24.940","542"
"453","376457","20220623022000","214","3","桃園市","楊梅區","121.130","24.940","447"
"175","376471","20220623022000","218","0","新北市","深坑區","121.620","24.980","171"
"670","376485","20220623022000","825","0","新北市","樹林區","121.415","24.985","690"
"1751","376486","20220623022000","1447","2","新北市","樹林區","121.425","24.990","1765"
"1015","376487","20220623022000","969","1","桃園市","平鎮區","121.200","24.945","965"
"3863","376488","20220623022000","3507","1","桃園市","平鎮區","121.205","24.945","3823"
"1484","376490","20220623022000","1827","0","桃園市","平鎮區","121.210","24.950","1485"
"1299","376491","20220623022000","1273","1","桃園市","平鎮區","121.210","24.900","1330"
"2128","376492","20220623022000","1851","1","桃園市","平鎮區","121.210","24.905","2146"
"11","376500","20220623022000","10","1","新北市","土城區","121.445","24.940","11"
"42","376502","20220623022000","35","2","新北市","土城區","121.415","24.945","37"
"186","376508","20220623022000","245","0","新北市","土城區","121.410","24.950","175"
"284","376509","20220623022000","290","0","新北市","土城區","121.415","24.950","285"
"3430","376510","20220623022000","2825","2","桃園市","中壢區","121.230","24.945","3535"
"2464","376511","20220623022000","2662","0","桃園市","中壢區","121.235","24.955","2467"
"441","376514","20220623022000","569","0","桃園市","中壢區","121.220","24.975","464"
"927","376517","20220623022000","596","3","桃園市","中壢區","121.215","24.980","740"
"25","376518","20220623022000","117","0","桃園市","中壢區","121.220","24.980","23"
"2874","376521","20220623022000","3122","0","桃園市","中壢區","121.220","24.960","2884"
"409","376522","20220623022000","367","1","新竹縣","新豐鄉","121.000","24.895","422"
"117","376524","20220623022000","99","1","新竹縣","新豐鄉","121.010","24.895","109"
"959","376531","20220623022000","859","1","桃園市","平鎮區","121.255","24.925","930"
"747","376532","20220623022000","745","1","新北市","樹林區","121.415","24.975","714"
"330","376533","20220623022000","487","0","新北市","樹林區","121.400","24.970","333"
"2804","376539","20220623022000","2110","2","新北市","樹林區","121.420","24.985","2821"
"3602","376540","20220623022000","2992","2","新北市","土城區","121.460","24.980","3651"
"1698","376541","20220623022000","2127","0","新北市","土城區","121.460","24.985","1724"
"2749","376542","20220623022000","3212","0","新北市","板橋區","121.430","24.990","2772"
"29","376544","20220623022000","21","2","新北市","平溪區","121.725","24.975","21"
"5252","376577","20220623022000","4642","1","新北市","板橋區","121.460","24.990","5293"
"560","376578","20220623022000","1013","0","新北市","土城區","121.465","24.980","564"
"491","376584","20220623022000","679","0","新北市","土城區","121.425","24.960","463"
"355","376586","20220623022000","268","2","新北市","土城區","121.435","24.960","367"
"873","376587","20220623022000","1136","0","新北市","土城區","121.430","24.965","862"
"3221","376588","20220623022000","2380","2","桃園市","八德區","121.305","24.965","3280"
"1135","376589","20220623022000","682","3","桃園市","桃園區","121.295","24.975","1107"
"1016","376592","20220623022000","962","1","桃園市","中壢區","121.230","24.940","996"
"1889","376594","20220623022000","1341","2","桃園市","平鎮區","121.245","24.915","1940"
"1908","376595","20220623022000","1678","1","桃園市","八德區","121.295","24.955","1919"
"87","376597","20220623022000","66","2","新竹縣","新豐鄉","120.980","24.925","82"
"476","376607","20220623022000","400","1","新竹縣","新豐鄉","120.985","24.920","474"
"1462","376614","20220623022000","1197","2","新竹縣","新豐鄉","120.990","24.930","1475"
"847","376622","20220623022000","759","1","桃園市","中壢區","121.230","24.970","867"
"875","376623","20220623022000","849","1","桃園市","中壢區","121.225","24.975","870"
"1245","376624","20220623022000","1238","1","桃園市","中壢區","121.230","24.975","1123"
"631","376627","20220623022000","625","1","桃園市","中壢區","121.230","24.980","617"
"100","376628","20220623022000","81","2","新竹縣","湖口鄉","121.035","24.900","98"
"96","376629","20220623022000","98","0","新竹縣","湖口鄉","121.040","24.900","102"
"1149","376633","20220623022000","955","2","新竹縣","湖口鄉","121.040","24.895","1146"
"984","376636","20220623022000","686","2","新竹縣","湖口鄉","121.040","24.915","1004"
"319","376641","20220623022000","258","2","新竹縣","湖口鄉","121.040","24.925","286"
"338","376651","20220623022000","230","2","新竹縣","湖口鄉","121.045","24.935","317"
"1373","376653","20220623022000","1313","1","桃園市","中壢區","121.235","24.965","1420"
"34","376655","20220623022000","19","3","桃園市","中壢區","121.240","24.970","37"
"212","376656","20220623022000","845","0","桃園市","中壢區","121.255","24.930","208"
"718","376658","20220623022000","689","1","新竹縣","湖口鄉","121.065","24.895","727"
"355","376665","20220623022000","347","1","新北市","鶯歌區","121.355","24.950","356"
"727","376666","20220623022000","834","0","新北市","鶯歌區","121.335","24.955","727"
"2194","376667","20220623022000","2164","1","新北市","鶯歌區","121.330","24.960","2154"
"222","376668","20220623022000","239","0","新北市","鶯歌區","121.335","24.960","226"
"464","376670","20220623022000","359","2","新北市","鶯歌區","121.340","24.950","448"
"1384","376674","20220623022000","1181","1","新北市","鶯歌區","121.330","24.965","1404"
"1988","376675","20220623022000","2090","0","新北市","樹林區","121.425","24.980","2073"
"78","376679","20220623022000","67","1","新北市","樹林區","121.405","24.955","69"
"565","376680","20220623022000","538","1","新北市","樹林區","121.405","24.960","571"
"409","376682","20220623022000","396","1","新北市","樹林區","121.410","24.970","405"
"299","376685","20220623022000","256","1","新北市","樹林區","121.400","24.975","303"
"356","376686","20220623022000","302","1","新北市","樹林區","121.405","24.975","372"
"1253","376687","20220623022000","1173","1","新北市","樹林區","121.410","24.975","1288"
"70","376690","20220623022000","90","0","新北市","樹林區","121.400","24.980","78"
"1627","376699","20220623022000","1898","0","新北市","樹林區","121.410","24.980","1626"
"805","376700","20220623022000","939","0","新北市","樹林區","121.415","24.990","791"
"1803","376701","20220623022000","1460","2","新北市","新店區","121.500","24.945","1755"
"69","376703","20220623022000","62","1","新北市","新店區","121.565","24.905","64"
"455","376717","20220623022000","401","1","新北市","新店區","121.550","24.920","493"
"3426","376725","20220623022000","2214","3","新北市","新店區","121.540","24.960","3433"
"16","376752","20220623022000","13","2","新北市","新店區","121.535","24.905","17"
"32","376759","20220623022000","27","1","新北市","新店區","121.535","24.910","29"
"20","376761","20220623022000","17","1","新北市","新店區","121.520","24.915","22"
"50","376764","20220623022000","56","0","新北市","新店區","121.535","24.915","60"
"51","376766","20220623022000","47","1","新北市","新店區","121.545","24.915","54"
"2923","376768","20220623022000","3610","0","新北市","土城區","121.445","24.985","2898"
"802","376769","20220623022000","955","0","新北市","土城區","121.450","24.975","850"
"625","376770","20220623022000","797","0","新北市","土城區","121.455","24.975","626"
"1663","376772","20220623022000","1676","0","新北市","土城區","121.415","24.960","1686"
"94","376774","20220623022000","1092","0","新北市","土城區","121.420","24.965","90"
"415","376775","20220623022000","645","0","新北市","土城區","121.425","24.965","409"
"227","376777","20220623022000","280","0","新北市","土城區","121.425","24.970","234"
"86","376787","20220623022000","96","0","新北市","土城區","121.470","24.960","84"
"89","376788","20220623022000","75","1","新北市","土城區","121.455","24.965","87"
"35","376791","20220623022000","36","0","新北市","土城區","121.470","24.965","35"
"904","376796","20220623022000","990","0","新北市","土城區","121.460","24.970","896"
"5380","376798","20220623022000","5123","1","新北市","新店區","121.540","24.965","5304"
"21","376801","20220623022000","16","2","桃園市","大溪區","121.305","24.895","25"
"18","376808","20220623022000","186","0","桃園市","八德區","121.280","24.930","14"
"1665","376809","20220623022000","1239","2","桃園市","八德區","121.285","24.930","1612"
"588","376810","20220623022000","571","1","桃園市","八德區","121.280","24.935","580"
"760","376813","20220623022000","665","1","桃園市","八德區","121.270","24.930","784"
"41","376815","20220623022000","53","0","桃園市","八德區","121.270","24.935","47"
"1653","376823","20220623022000","1163","2","桃園市","八德區","121.280","24.925","1651"
"1744","376824","20220623022000","1525","1","桃園市","八德區","121.285","24.925","1705"
"1704","376825","20220623022000","1832","0","桃園市","中壢區","121.220","24.955","1705"
"2249","376826","20220623022000","2423","0","桃園市","中壢區","121.230","24.965","2262"
"1693","376828","20220623022000","1525","1","桃園市","八德區","121.275","24.980","1698"
"481","376829","20220623022000","457","1","桃園市","八德區","121.280","24.980","489"
"1732","376831","20220623022000","1440","2","新竹縣","湖口鄉","121.050","24.900","1798"
"3433","376832","20220623022000","3120","1","新竹縣","湖口鄉","121.045","24.900","3371"
"89","376834","20220623022000","109","0","新竹縣","湖口鄉","121.030","24.900","103"
"138","376835","20220623022000","128","1","新竹縣","湖口鄉","121.025","24.905","130"
"574","376845","20220623022000","943","0","桃園市","平鎮區","121.230","24.930","604"
"2573","376847","20220623022000","1573","3","桃園市","中壢區","121.230","24.935","2596"
"1095","376848","20220623022000","1121","0","桃園市","中壢區","121.225","24.940","1099"
"1977","376849","20220623022000","1716","1","桃園市","中壢區","121.245","24.975","2028"
"2278","376850","20220623022000","2076","1","桃園市","中壢區","121.245","24.980","2316"
"864","376851","20220623022000","751","1","桃園市","中壢區","121.250","24.985","875"
"144","376852","20220623022000","148","0","桃園市","中壢區","121.240","24.985","134"
"1187","376853","20220623022000","1122","1","桃園市","八德區","121.295","24.935","1168"
"293","376854","20220623022000","267","1","桃園市","八德區","121.295","24.940","287"
"1260","376855","20220623022000","1275","0","桃園市","八德區","121.295","24.930","1246"
"741","376856","20220623022000","901","0","桃園市","龜山區","121.335","24.985","733"
"2293","376857","20220623022000","2589","0","桃園市","龜山區","121.335","24.990","2338"
"521","376860","20220623022000","747","0","桃園市","龜山區","121.345","24.980","519"
"19","376865","20220623022000","134","0","桃園市","龜山區","121.360","24.985","16"
"2561","376866","20220623022000","1973","2","桃園市","平鎮區","121.220","24.940","2486"
"327","376871","20220623022000","267","2","桃園市","楊梅區","121.185","24.905","327"
"210","376875","20220623022000","208","1","桃園市","平鎮區","121.200","24.910","244"
"1434","376878","20220623022000","859","3","桃園市","平鎮區","121.200","24.915","1417"
"216","376881","20220623022000","227","0","桃園市","平鎮區","121.200","24.920","202"
"500","376882","20220623022000","736","0","桃園市","楊梅區","121.180","24.945","476"
"1042","376886","20220623022000","948","1","桃園市","平鎮區","121.185","24.955","1080"
"820","376887","20220623022000","857","0","桃園市","中壢區","121.175","24.960","807"
"756","376889","20220623022000","630","2","桃園市","平鎮區","121.185","24.960","738"
"437","376892","20220623022000","523","0","桃園市","中壢區","121.185","24.970","418"
"275","376894","20220623022000","222","2","桃園市","平鎮區","121.190","24.930","260"
"267","376899","20220623022000","221","2","桃園市","平鎮區","121.190","24.940","274"
"557","376900","20220623022000","518","1","桃園市","平鎮區","121.195","24.940","553"
"298","376915","20220623022000","247","2","桃園市","大溪區","121.310","24.930","316"
"926","376925","20220623022000","704","2","桃園市","大溪區","121.275","24.895","893"
"1456","376927","20220623022000","1264","1","桃園市","大溪區","121.280","24.895","1484"
"883","376929","20220623022000","709","2","桃園市","大溪區","121.285","24.905","858"
"665","376930","20220623022000","634","1","桃園市","大溪區","121.280","24.900","675"
"556","376931","20220623022000","434","2","桃園市","大溪區","121.280","24.905","544"
"1392","376932","20220623022000","1030","2","桃園市","龜山區","121.325","24.990","1372"
"535","376933","20220623022000","630","0","桃園市","桃園區","121.325","24.980","550"
"1422","376934","20220623022000","1584","0","桃園市","龜山區","121.330","24.980","1378"
"1785","376936","20220623022000","1552","1","桃園市","桃園區","121.320","24.985","1814"
"2343","376937","20220623022000","2141","1","桃園市","龜山區","121.325","24.985","2405"
"707","376938","20220623022000","976","0","桃園市","龜山區","121.330","24.985","729"
"364","376940","20220623022000","319","1","桃園市","新屋區","121.055","24.975","344"
"166","376956","20220623022000","159","1","桃園市","新屋區","121.125","24.955","163"
"397","376971","20220623022000","336","1","桃園市","新屋區","121.135","24.970","374"
"89","376972","20220623022000","87","1","桃園市","觀音區","121.140","24.970","80"
"641","376974","20220623022000","649","0","桃園市","龜山區","121.330","24.990","633"
"1417","376975","20220623022000","3127","0","桃園市","桃園區","121.310","24.990","1394"
"2071","376976","20220623022000","2029","1","桃園市","楊梅區","121.170","24.910","2094"
"743","376978","20220623022000","655","1","桃園市","楊梅區","121.175","24.915","720"
"1132","376979","20220623022000","1196","0","桃園市","楊梅區","121.170","24.920","1112"
"526","376984","20220623022000","422","2","桃園市","楊梅區","121.110","24.925","505"
"828","376995","20220623022000","788","1","桃園市","楊梅區","121.125","24.930","815"
"148","376998","20220623022000","139","1","桃園市","楊梅區","121.115","24.940","136"
"312","377001","20220623022000","299","1","桃園市","楊梅區","121.175","24.900","305"
"967","377002","20220623022000","998","0","桃園市","楊梅區","121.180","24.900","955"
"3008","377003","20220623022000","2624","1","桃園市","楊梅區","121.175","24.905","2956"
"112","377004","20220623022000","84","2","桃園市","楊梅區","121.180","24.905","104"
"63","377007","20220623022000","95","0","桃園市","楊梅區","121.095","24.930","53"
"510","377008","20220623022000","462","1","桃園市","楊梅區","121.100","24.930","498"
"1224","377010","20220623022000","698","3","桃園市","楊梅區","121.090","24.935","1198"
"390","377027","20220623022000","370","1","桃園市","新屋區","121.090","24.955","394"
"609","377030","20220623022000","495","2","桃園市","楊梅區","121.160","24.900","556"
"1285","377031","20220623022000","1154","1","桃園市","楊梅區","121.155","24.900","1299"
"598","377033","20220623022000","666","0","桃園市","楊梅區","121.085","24.935","574"
"358","377034","20220623022000","396","0","桃園市","楊梅區","121.075","24.940","347"
"903","377039","20220623022000","840","1","桃園市","桃園區","121.285","24.990","887"
"859","377041","20220623022000","765","1","桃園市","桃園區","121.295","24.980","865"
"2324","377042","20220623022000","3182","0","桃園市","桃園區","121.300","24.990","2307"
"335","377043","20220623022000","275","2","桃園市","桃園區","121.300","24.980","340"
"3185","377045","20220623022000","2939","1","桃園市","桃園區","121.300","24.985","3104"
"901","377046","20220623022000","1174","0","桃園市","楊梅區","121.175","24.910","905"
"2061","377047","20220623022000","1591","2","桃園市","八德區","121.300","24.965","2047"
"1398","377051","20220623022000","993","2","桃園市","八德區","121.305","24.955","1407"
"443","377052","20220623022000","413","1","桃園市","八德區","121.310","24.955","451"
"252","377054","20220623022000","260","0","桃園市","八德區","121.300","24.945","265"
"529","377056","20220623022000","475","1","桃園市","八德區","121.275","24.940","523"
"869","377058","20220623022000","1117","0","桃園市","八德區","121.285","24.940","846"
"180","377059","20220623022000","196","0","桃園市","八德區","121.280","24.945","199"
"363","377061","20220623022000","382","0","桃園市","八德區","121.290","24.950","374"
"131","377068","20220623022000","116","1","桃園市","八德區","121.290","24.955","131"
"358","377069","20220623022000","293","2","桃園市","八德區","121.280","24.960","373"
"824","377070","20220623022000","719","1","桃園市","八德區","121.285","24.960","845"
"3617","377071","20220623022000","3439","1","桃園市","桃園區","121.290","24.985","3636"
"3894","377072","20220623022000","3240","2","桃園市","中壢區","121.220","24.965","3976"
"793","377073","20220623022000","820","0","桃園市","中壢區","121.215","24.955","760"
"160","377077","20220623022000","411","0","桃園市","中壢區","121.205","24.980","443"
"384","377084","20220623022000","322","1","桃園市","中壢區","121.205","24.990","389"
"1527","377086","20220623022000","1541","0","桃園市","中壢區","121.255","24.970","1580"
"1779","377088","20220623022000","2050","0","桃園市","楊梅區","121.155","24.910","1801"
"907","377089","20220623022000","778","1","桃園市","楊梅區","121.160","24.910","930"
"1800","377092","20220623022000","1604","1","桃園市","平鎮區","121.205","24.910","1805"
"2090","377093","20220623022000","1903","1","桃園市","平鎮區","121.205","24.920","2159"
"184","377099","20220623022000","151","2","桃園市","新屋區","121.010","24.960","174"
"584","377106","20220623022000","592","0","桃園市","新屋區","121.120","24.970","595"
"317","377111","20220623022000","193","3","桃園市","新屋區","121.130","24.975","315"
"1137","377117","20220623022000","1032","1","桃園市","新屋區","121.110","24.980","1075"
"545","377122","20220623022000","526","1","桃園市","新屋區","121.110","24.985","627"
"421","377125","20220623022000","433","0","桃園市","新屋區","121.125","24.985","527"
"439","377128","20220623022000","453","0","桃園市","新屋區","121.125","24.990","459"
"649","377135","20220623022000","653","0","桃園市","新屋區","121.100","24.990","684"
"12","377136","20220623022000","27","0","桃園市","新屋區","121.105","24.990","14"
"57","377148","20220623022000","45","2","桃園市","新屋區","121.095","24.960","61"
"284","377155","20220623022000","284","1","桃園市","新屋區","121.070","24.970","285"
"167","377159","20220623022000","134","2","桃園市","新屋區","121.020","24.970","151"
"286","377173","20220623022000","234","2","桃園市","新屋區","121.015","24.985","285"
"182","377175","20220623022000","194","0","桃園市","新屋區","120.990","24.940","185"
"183","377179","20220623022000","102","3","桃園市","新屋區","121.000","24.945","170"
"258","377183","20220623022000","275","0","桃園市","新屋區","121.010","24.950","246"
"599","377187","20220623022000","556","1","桃園市","新屋區","121.080","24.975","605"
"350","377195","20220623022000","299","1","桃園市","新屋區","121.075","24.990","363"
"234","377204","20220623022000","260","0","桃園市","新屋區","121.140","24.960","224"
"542","377205","20220623022000","600","0","桃園市","新屋區","121.145","24.960","523"
"362","377209","20220623022000","276","2","桃園市","新屋區","121.160","24.960","355"
"47","377211","20220623022000","30","3","桃園市","觀音區","121.145","24.970","38"
"425","377249","20220623022000","601","0","桃園市","平鎮區","121.210","24.895","425"
"800","377259","20220623022000","835","0","桃園市","桃園區","121.285","24.980","762"
"1392","377261","20220623022000","929","2","桃園市","楊梅區","121.145","24.915","1394"
"296","377263","20220623022000","336","0","桃園市","楊梅區","121.145","24.910","307"
"17","377264","20220623022000","247","0","桃園市","楊梅區","121.130","24.915","18"
"569","377268","20220623022000","598","0","桃園市","楊梅區","121.130","24.920","602"
"619","377270","20220623022000","579","1","桃園市","楊梅區","121.140","24.920","579"
"3147","377280","20220623022000","2993","1","桃園市","楊梅區","121.145","24.900","3223"
"758","377285","20220623022000","478","3","桃園市","楊梅區","121.170","24.900","756"
"810","377288","20220623022000","839","0","桃園市","楊梅區","121.185","24.925","848"
"696","377289","20220623022000","694","1","桃園市","平鎮區","121.190","24.925","703"
"648","377292","20220623022000","587","1","桃園市","平鎮區","121.195","24.925","628"
"238","377295","20220623022000","605","0","桃園市","平鎮區","121.210","24.935","257"
"1965","377296","20220623022000","1759","1","桃園市","桃園區","121.295","24.990","1945"
"2886","377297","20220623022000","2822","1","桃園市","桃園區","121.285","24.985","2935"
"741","377303","20220623022000","677","1","桃園市","新屋區","121.120","24.950","769"
"314","377308","20220623022000","299","1","桃園市","新屋區","121.100","24.960","305"
"429","377310","20220623022000","339","2","桃園市","新屋區","121.110","24.960","428"
"653","377311","20220623022000","602","1","桃園市","新屋區","121.095","24.965","638"
"706","377322","20220623022000","617","1","桃園市","新屋區","121.045","24.960","709"
"208","377333","20220623022000","165","2","桃園市","新屋區","121.045","24.970","189"
"1689","377335","20220623022000","1522","1","桃園市","桃園區","121.320","24.990","1658"
"2035","377337","20220623022000","1822","1","桃園市","平鎮區","121.250","24.920","2119"
"692","377339","20220623022000","729","0","桃園市","平鎮區","121.240","24.925","741"
"1287","377340","20220623022000","1321","0","桃園市","桃園區","121.305","24.985","1287"
"1219","377342","20220623022000","1214","1","桃園市","桃園區","121.325","24.975","1209"
"2633","377344","20220623022000","2389","1","桃園市","桃園區","121.320","24.975","2619"
"801","377345","20220623022000","456","3","新北市","鶯歌區","121.330","24.975","802"
"729","377346","20220623022000","676","1","桃園市","桃園區","121.320","24.980","666"
"1484","377347","20220623022000","1075","2","桃園市","中壢區","121.230","24.960","1511"
"1325","377348","20220623022000","1730","0","桃園市","中壢區","121.235","24.960","1368"
"591","377349","20220623022000","883","0","桃園市","中壢區","121.230","24.950","648"
"1680","377350","20220623022000","1535","1","桃園市","中壢區","121.225","24.950","1672"
"464","377361","20220623022000","463","1","桃園市","新屋區","121.030","24.950","463"
"455","377372","20220623022000","543","0","桃園市","新屋區","121.090","24.980","450"
"1186","377380","20220623022000","1132","1","桃園市","新屋區","121.110","24.970","1182"
"70","377381","20220623022000","78","0","桃園市","新屋區","121.110","24.975","68"
"2351","377384","20220623022000","2425","0","桃園市","新屋區","121.105","24.975","2362"
"121","377428","20220623022000","91","2","桃園市","新屋區","121.040","24.980","130"
"882","377433","20220623022000","942","0","桃園市","新屋區","121.035","24.985","832"
"454","377434","20220623022000","389","1","桃園市","新屋區","121.040","24.985","417"
"1120","377446","20220623022000","1084","1","桃園市","桃園區","121.315","24.990","1126"
"2390","377447","20220623022000","1674","2","桃園市","桃園區","121.270","24.980","2357"
"3522","377449","20220623022000","2788","2","桃園市","桃園區","121.275","24.990","3537"
"1124","377450","20220623022000","1448","0","桃園市","桃園區","121.265","24.975","1042"
"2212","377452","20220623022000","2097","1","桃園市","桃園區","121.265","24.980","2224"
"37","377454","20220623022000","28","2","桃園市","桃園區","121.265","24.985","26"
"2211","377455","20220623022000","2110","1","桃園市","桃園區","121.290","24.990","2223"
"478","377456","20220623022000","486","0","桃園市","平鎮區","121.245","24.905","476"
"29","377457","20220623022000","87","0","桃園市","平鎮區","121.250","24.905","26"
"257","377459","20220623022000","283","0","桃園市","平鎮區","121.250","24.915","247"
"765","377460","20220623022000","720","1","桃園市","平鎮區","121.215","24.935","741"
"1835","377461","20220623022000","1804","1","桃園市","平鎮區","121.215","24.940","1898"
"2140","377462","20220623022000","1720","2","桃園市","平鎮區","121.215","24.945","1783"
"2612","377463","20220623022000","2263","1","桃園市","桃園區","121.310","24.980","2692"
"1149","377464","20220623022000","1415","0","桃園市","桃園區","121.310","24.985","1120"
"2228","377468","20220623022000","2127","1","桃園市","桃園區","121.305","24.980","2239"
"175","377469","20220623022000","152","1","桃園市","楊梅區","121.175","24.950","172"
"1775","377470","20220623022000","1457","2","桃園市","楊梅區","121.170","24.955","1744"
"297","377473","20220623022000","229","2","桃園市","楊梅區","121.115","24.900","298"
"150","377476","20220623022000","329","0","桃園市","楊梅區","121.125","24.910","165"
"476","377481","20220623022000","431","1","桃園市","楊梅區","121.150","24.940","474"
"226","377483","20220623022000","236","0","桃園市","楊梅區","121.150","24.920","221"
"1120","377484","20220623022000","992","1","桃園市","楊梅區","121.155","24.920","1103"
"738","377488","20220623022000","649","1","桃園市","楊梅區","121.150","24.925","762"
"45","377489","20220623022000","79","0","桃園市","楊梅區","121.155","24.925","41"
"30","377490","20220623022000","25","2","桃園市","楊梅區","121.160","24.925","43"
"659","377491","20220623022000","668","0","桃園市","楊梅區","121.165","24.925","664"
"390","377493","20220623022000","412","0","桃園市","楊梅區","121.145","24.930","393"
"382","377497","20220623022000","385","0","桃園市","楊梅區","121.160","24.930","381"
"113","377498","20220623022000","269","0","桃園市","楊梅區","121.165","24.930","102"
"582","377499","20220623022000","346","3","桃園市","楊梅區","121.170","24.930","573"
"393","377501","20220623022000","370","1","桃園市","楊梅區","121.140","24.930","357"
"2054","377508","20220623022000","1970","1","桃園市","平鎮區","121.210","24.940","2114"
"2234","377509","20220623022000","2085","1","桃園市","平鎮區","121.210","24.945","2433"
"711","377513","20220623022000","616","1","桃園市","平鎮區","121.210","24.930","721"
"1414","377519","20220623022000","904","3","桃園市","平鎮區","121.230","24.900","1418"
"304","377522","20220623022000","314","0","桃園市","平鎮區","121.245","24.900","299"
"1038","377529","20220623022000","1154","0","桃園市","平鎮區","121.225","24.910","1022"
"492","377530","20220623022000","418","1","桃園市","平鎮區","121.230","24.910","442"
"1745","377532","20220623022000","1436","2","桃園市","桃園區","121.305","24.990","1697"
"1083","377533","20220623022000","970","1","新北市","鶯歌區","121.330","24.970","1088"
"446","377534","20220623022000","466","0","新北市","鶯歌區","121.335","24.965","453"
"924","377535","20220623022000","693","2","桃園市","桃園區","121.320","24.970","908"
"1925","377538","20220623022000","2244","0","桃園市","桃園區","121.315","24.980","1967"
"718","377539","20220623022000","584","2","桃園市","楊梅區","121.175","24.925","708"
"346","377542","20220623022000","147","3","桃園市","楊梅區","121.180","24.925","368"
"288","377546","20220623022000","208","2","桃園市","楊梅區","121.180","24.930","304"
"855","377547","20220623022000","678","2","桃園市","楊梅區","121.160","24.935","826"
"73","377551","20220623022000","88","0","桃園市","楊梅區","121.180","24.935","69"
"51","377559","20220623022000","63","0","桃園市","楊梅區","121.150","24.945","50"
"17","377561","20220623022000","17","1","桃園市","楊梅區","121.160","24.945","14"
"282","377564","20220623022000","300","0","桃園市","楊梅區","121.175","24.945","266"
"585","377565","20220623022000","573","1","桃園市","新屋區","121.150","24.950","597"
"422","377566","20220623022000","340","2","桃園市","楊梅區","121.155","24.950","427"
"28","377568","20220623022000","22","2","桃園市","楊梅區","121.170","24.950","26"
"818","377570","20220623022000","793","1","桃園市","蘆竹區","121.265","24.990","777"
"254","377571","20220623022000","323","0","桃園市","龜山區","121.340","24.980","266"
"26","377572","20220623022000","40","0","桃園市","龜山區","121.340","24.985","17"
"2432","377573","20220623022000","2772","0","桃園市","龜山區","121.345","24.985","2514"
"1023","377574","20220623022000","1183","0","桃園市","龜山區","121.340","24.990","1006"
"600","377575","20220623022000","610","0","桃園市","龜山區","121.345","24.990","619"
"10","377650","20220623022000","11","0","新北市","雙溪區","121.810","24.930","10"
"13","377742","20220623022000","17","0","新北市","雙溪區","121.820","24.965","13"
"17","377753","20220623022000","11","3","新北市","雙溪區","121.810","24.970","12"
"14","377756","20220623022000","15","0","新北市","雙溪區","121.825","24.970","10"
"15","377787","20220623022000","16","0","新北市","雙溪區","121.845","24.980","15"
"1332","377821","20220623022000","1350","0","桃園市","楊梅區","121.145","24.905","1267"
"1613","377823","20220623022000","1623","0","桃園市","楊梅區","121.165","24.910","1592"
"12","377824","20220623022000","73","0","桃園市","楊梅區","121.165","24.915","17"
"339","377826","20220623022000","280","2","桃園市","大溪區","121.280","24.910","321"
"1006","377827","20220623022000","1032","0","桃園市","大溪區","121.285","24.910","1013"
"1311","377831","20220623022000","1069","2","桃園市","大溪區","121.280","24.915","1310"
"329","377833","20220623022000","316","1","桃園市","大溪區","121.290","24.915","302"
"761","377835","20220623022000","801","0","桃園市","大溪區","121.280","24.920","811"
"697","377837","20220623022000","955","0","桃園市","大溪區","121.290","24.920","712"
"734","377839","20220623022000","646","1","桃園市","大溪區","121.275","24.900","789"
"831","377841","20220623022000","591","2","桃園市","大溪區","121.275","24.905","823"
"2590","377843","20220623022000","2674","0","桃園市","楊梅區","121.180","24.910","2590"
"1331","377844","20220623022000","1060","2","桃園市","楊梅區","121.180","24.915","1349"
"301","377845","20220623022000","313","0","桃園市","平鎮區","121.225","24.925","299"
"537","377847","20220623022000","608","0","桃園市","平鎮區","121.220","24.935","536"
"3355","377848","20220623022000","2580","2","桃園市","平鎮區","121.225","24.930","3376"
"889","377849","20220623022000","708","2","桃園市","平鎮區","121.220","24.930","873"
"570","377851","20220623022000","390","2","桃園市","平鎮區","121.230","24.925","567"
"597","377852","20220623022000","546","1","桃園市","中壢區","121.245","24.925","579"
"1608","377853","20220623022000","1423","1","桃園市","楊梅區","121.150","24.910","1614"
"969","377854","20220623022000","802","2","桃園市","楊梅區","121.150","24.915","938"
"104","377858","20220623022000","100","1","桃園市","楊梅區","121.130","24.905","101"
"626","377859","20220623022000","647","0","桃園市","楊梅區","121.135","24.905","718"
"68","377862","20220623022000","121","0","桃園市","楊梅區","121.135","24.910","61"
"312","377866","20220623022000","157","3","桃園市","楊梅區","121.070","24.930","336"
"381","377868","20220623022000","394","0","桃園市","楊梅區","121.065","24.935","400"
"369","377877","20220623022000","292","2","桃園市","楊梅區","121.100","24.920","353"
"95","377879","20220623022000","328","0","桃園市","楊梅區","121.070","24.925","84"
"509","377895","20220623022000","1277","0","桃園市","楊梅區","121.085","24.930","496"
"199","377896","20220623022000","192","1","桃園市","楊梅區","121.160","24.950","193"
"3423","377898","20220623022000","2771","2","桃園市","楊梅區","121.160","24.955","3408"
"121","377901","20220623022000","140","0","桃園市","楊梅區","121.120","24.895","118"
"82","377906","20220623022000","84","0","桃園市","楊梅區","121.125","24.900","83"
"295","377909","20220623022000","219","2","桃園市","平鎮區","121.210","24.910","286"
"2238","377914","20220623022000","1628","2","桃園市","平鎮區","121.210","24.920","2210"
"243","377919","20220623022000","260","0","桃園市","平鎮區","121.195","24.930","255"
"959","377920","20220623022000","891","1","桃園市","平鎮區","121.200","24.940","942"
"174","377924","20220623022000","573","0","桃園市","八德區","121.290","24.945","172"
"1828","377925","20220623022000","1413","2","桃園市","八德區","121.290","24.930","1880"
"1130","377933","20220623022000","1044","1","桃園市","八德區","121.275","24.960","1121"
"1748","377940","20220623022000","1954","0","臺北市","文山區","121.555","24.985","1828"
"866","377941","20220623022000","760","1","臺北市","文山區","121.560","24.985","901"
"1444","377942","20220623022000","1646","0","臺北市","文山區","121.565","24.980","1448"
"30","377946","20220623022000","34","0","新北市","新店區","121.575","24.965","19"
"102","377947","20220623022000","119","0","臺北市","文山區","121.580","24.965","107"
"259","377948","20220623022000","240","1","臺北市","文山區","121.560","24.970","283"
"236","377953","20220623022000","245","0","臺北市","文山區","121.560","24.975","284"
"120","377955","20220623022000","183","0","臺北市","文山區","121.570","24.975","133"
"306","377957","20220623022000","1527","0","臺北市","文山區","121.570","24.980","515"
"2327","377958","20220623022000","2685","0","臺北市","文山區","121.565","24.985","2392"
"184","377962","20220623022000","169","1","臺北市","文山區","121.610","24.965","200"
"138","377964","20220623022000","25","3","臺北市","文山區","121.590","24.965","145"
"71","377978","20220623022000","123","0","臺北市","文山區","121.580","24.975","82"
"435","377979","20220623022000","565","0","臺北市","文山區","121.585","24.975","399"
"92","377980","20220623022000","113","0","臺北市","文山區","121.590","24.975","90"
"1164","377982","20220623022000","1650","0","臺北市","文山區","121.575","24.980","1300"
"810","377989","20220623022000","895","0","臺北市","文山區","121.585","24.985","834"
"899","377990","20220623022000","1364","0","臺北市","文山區","121.590","24.985","866"
"698","377994","20220623022000","28","3","臺北市","文山區","121.590","24.990","761"
"46","377995","20220623022000","21","3","臺北市","文山區","121.595","24.990","49"
"3368","377997","20220623022000","2976","1","臺北市","文山區","121.560","24.990","3401"
"455","377998","20220623022000","1592","0","臺北市","文山區","121.575","24.985","516"
"994","377999","20220623022000","1334","0","臺北市","文山區","121.580","24.985","1082"
"2154","378000","20220623022000","2316","0","臺北市","文山區","121.575","24.990","2296"
"1160","378001","20220623022000","990","1","臺北市","文山區","121.580","24.990","1182"
"1232","378002","20220623022000","1792","0","臺北市","文山區","121.550","24.985","1223"
"1439","378003","20220623022000","2543","0","臺北市","文山區","121.565","24.990","1514"
"2215","378004","20220623022000","2802","0","臺北市","文山區","121.570","24.990","2114"
"1736","378005","20220623022000","1990","0","臺北市","文山區","121.555","24.980","1812"
"2772","378006","20220623022000","2642","1","臺北市","文山區","121.560","24.980","2766"
"395","378007","20220623022000","487","0","臺北市","文山區","121.555","24.975","441"
"2944","378008","20220623022000","2978","0","臺北市","文山區","121.570","24.985","2945"
"2327","378009","20220623022000","2813","0","臺北市","文山區","121.545","24.990","2470"
"2929","378010","20220623022000","3247","0","臺北市","文山區","121.540","24.990","2940"
"395","378011","20220623022000","703","0","臺北市","文山區","121.550","24.990","406"
"589","378012","20220623022000","680","0","臺北市","文山區","121.555","24.990","579"
"26","378561","20220623022000","17","3","新北市","貢寮區","121.990","24.995","25"
"28","378916","20220623022000","13","3","新北市","貢寮區","122.000","25.000","22"
"49","379975","20220623022000","27","3","新北市","貢寮區","122.005","25.015","60"
"1985","382513","20220623022000","2104","0","新北市","新莊區","121.450","25.035","1967"
"940","382514","20220623022000","955","0","新北市","新莊區","121.415","25.020","943"
"2835","382515","20220623022000","2365","1","新北市","板橋區","121.430","24.995","2898"
"817","382517","20220623022000","701","1","新北市","新莊區","121.435","25.005","798"
"597","382519","20220623022000","696","0","新北市","板橋區","121.440","25.010","602"
"1644","382521","20220623022000","2083","0","新北市","新莊區","121.430","25.020","1670"
"2326","382522","20220623022000","2145","1","新北市","新莊區","121.430","25.015","2348"
"14","382523","20220623022000","391","0","新北市","新莊區","121.420","25.020","15"
"2895","382525","20220623022000","2563","1","新北市","新莊區","121.410","25.025","2897"
"145","382526","20220623022000","137","1","新北市","新莊區","121.400","25.030","134"
"4265","382528","20220623022000","4711","0","新北市","板橋區","121.470","25.015","4337"
"2862","382530","20220623022000","3411","0","新北市","板橋區","121.465","25.025","2905"
"6102","382531","20220623022000","6145","0","新北市","板橋區","121.460","25.025","6046"
"2662","382532","20220623022000","3052","0","新北市","中和區","121.480","24.995","2658"
"1990","382534","20220623022000","3100","0","新北市","板橋區","121.445","25.000","2097"
"3320","382536","20220623022000","4243","0","新北市","中和區","121.520","24.995","3370"
"2584","382537","20220623022000","3310","0","新北市","板橋區","121.455","25.025","3036"
"1570","382538","20220623022000","1504","1","臺北市","文山區","121.530","24.995","1363"
"1312","382539","20220623022000","1395","0","新北市","汐止區","121.620","25.045","1246"
"640","382546","20220623022000","722","0","新北市","樹林區","121.410","25.010","682"
"2628","382547","20220623022000","3116","0","新北市","新莊區","121.425","25.015","2678"
"2347","382548","20220623022000","2278","1","新北市","中和區","121.495","24.995","2283"
"587","382549","20220623022000","668","0","臺北市","萬華區","121.490","25.015","631"
"69","382550","20220623022000","60","1","新北市","三重區","121.480","25.050","79"
"2631","382552","20220623022000","2554","1","新北市","中和區","121.480","25.000","2576"
"1299","382553","20220623022000","1960","0","新北市","中和區","121.475","25.005","1302"
"7155","382554","20220623022000","5724","2","新北市","中和區","121.470","25.005","7072"
"4839","382555","20220623022000","7214","0","新北市","中和區","121.500","24.995","4798"
"3174","382556","20220623022000","2633","2","新北市","中和區","121.495","25.005","3159"
"2643","382557","20220623022000","3730","0","新北市","中和區","121.500","25.005","2644"
"2107","382558","20220623022000","2229","0","新北市","三重區","121.490","25.055","2193"
"800","382559","20220623022000","541","2","新北市","三重區","121.475","25.045","768"
"1868","382560","20220623022000","1937","0","新北市","板橋區","121.445","25.005","1987"
"644","382561","20220623022000","619","1","新北市","板橋區","121.445","25.010","610"
"449","382562","20220623022000","626","0","新北市","板橋區","121.450","25.005","485"
"879","382563","20220623022000","1022","0","新北市","板橋區","121.450","25.020","841"
"2862","382564","20220623022000","3191","0","新北市","中和區","121.505","25.005","2819"
"2206","382565","20220623022000","2704","0","新北市","三重區","121.485","25.055","2214"
"2477","382567","20220623022000","2740","0","新北市","三重區","121.495","25.055","2462"
"1594","382568","20220623022000","1626","0","新北市","三重區","121.500","25.045","1588"
"1240","382571","20220623022000","1025","2","新北市","中和區","121.490","25.005","1201"
"1247","382572","20220623022000","930","2","新北市","中和區","121.490","25.000","1214"
"1190","382574","20220623022000","874","2","新北市","中和區","121.485","25.010","1185"
"3848","382575","20220623022000","3242","1","新北市","中和區","121.485","24.995","3885"
"2694","382576","20220623022000","3070","0","新北市","中和區","121.490","24.995","2702"
"4431","382577","20220623022000","5133","0","新北市","中和區","121.505","24.995","4345"
"67","382579","20220623022000","95","0","新北市","板橋區","121.460","25.030","66"
"3429","382580","20220623022000","3995","0","新北市","板橋區","121.455","25.015","3352"
"335","382582","20220623022000","854","0","新北市","板橋區","121.450","25.025","328"
"514","382583","20220623022000","752","0","新北市","泰山區","121.420","25.045","505"
"836","382584","20220623022000","1325","0","新北市","泰山區","121.425","25.045","838"
"241","382589","20220623022000","141","3","新北市","三重區","121.485","25.045","228"
"1290","382592","20220623022000","1035","2","新北市","三重區","121.485","25.050","1311"
"2832","382593","20220623022000","2768","1","新北市","三重區","121.490","25.050","2779"
"763","382594","20220623022000","623","2","桃園市","龜山區","121.410","25.020","778"
"2126","382595","20220623022000","2162","0","新北市","新莊區","121.460","25.050","2235"
"1402","382596","20220623022000","1432","0","新北市","新莊區","121.465","25.050","1452"
"417","382597","20220623022000","816","0","新北市","新莊區","121.460","25.055","431"
"1103","382598","20220623022000","1433","0","新北市","新莊區","121.465","25.055","1002"
"1062","382600","20220623022000","1108","0","新北市","三重區","121.470","25.045","1064"
"805","382601","20220623022000","680","1","新北市","三重區","121.470","25.050","771"
"2521","382603","20220623022000","2268","1","新北市","中和區","121.480","25.010","2424"
"3876","382604","20220623022000","3595","1","新北市","板橋區","121.475","25.010","3981"
"2148","382605","20220623022000","2689","0","新北市","中和區","121.465","24.995","2115"
"2816","382606","20220623022000","2819","0","新北市","新莊區","121.450","25.040","2793"
"3830","382607","20220623022000","3585","1","新北市","新莊區","121.445","25.040","3824"
"3786","382608","20220623022000","4660","0","新北市","新莊區","121.425","25.020","3759"
"228","382609","20220623022000","2259","0","新北市","新莊區","121.455","25.045","238"
"2543","382610","20220623022000","2594","0","新北市","板橋區","121.465","25.005","2576"
"3337","382611","20220623022000","2967","1","新北市","板橋區","121.460","25.005","3295"
"98","382614","20220623022000","284","0","新北市","深坑區","121.630","25.010","90"
"266","382615","20220623022000","262","1","新北市","深坑區","121.620","25.010","274"
"116","382618","20220623022000","369","0","新北市","深坑區","121.630","25.015","112"
"269","382623","20220623022000","477","0","新北市","深坑區","121.605","25.000","251"
"1907","382624","20220623022000","2167","0","新北市","新莊區","121.435","25.015","1906"
"32","382625","20220623022000","484","0","新北市","板橋區","121.450","25.000","25"
"714","382626","20220623022000","642","1","新北市","中和區","121.470","24.995","685"
"142","382627","20220623022000","123","1","新北市","中和區","121.480","24.990","124"
"417","382628","20220623022000","1873","0","新北市","中和區","121.475","25.000","431"
"161","382629","20220623022000","730","0","新北市","中和區","121.505","25.000","152"
"2789","382630","20220623022000","3699","0","新北市","永和區","121.525","25.005","2916"
"1631","382634","20220623022000","1202","2","新北市","樹林區","121.420","24.995","1598"
"843","382637","20220623022000","715","1","新北市","樹林區","121.420","25.000","842"
"412","382638","20220623022000","523","0","新北市","新莊區","121.440","25.030","395"
"2788","382639","20220623022000","2467","1","新北市","新莊區","121.420","25.025","2783"
"3126","382640","20220623022000","3545","0","新北市","新莊區","121.455","25.050","3229"
"4400","382641","20220623022000","3521","2","新北市","中和區","121.470","25.000","4348"
"7486","382642","20220623022000","4372","3","新北市","板橋區","121.455","25.005","7578"
"1070","382643","20220623022000","328","3","新北市","板橋區","121.445","25.020","1144"
"1140","382644","20220623022000","1069","1","新北市","板橋區","121.440","25.000","1196"
"5645","382645","20220623022000","8580","0","新北市","永和區","121.520","25.010","5549"
"1012","382646","20220623022000","1051","0","新北市","樹林區","121.415","25.000","1037"
"1189","382647","20220623022000","1000","1","新北市","樹林區","121.415","25.005","1196"
"2665","382648","20220623022000","3129","0","新北市","土城區","121.455","24.995","2701"
"16","382660","20220623022000","19","0","新北市","平溪區","121.710","25.020","17"
"1261","382667","20220623022000","1397","0","新北市","新莊區","121.460","25.040","1284"
"4217","382668","20220623022000","3983","1","新北市","新莊區","121.460","25.045","4204"
"1049","382671","20220623022000","1169","0","新北市","板橋區","121.445","25.015","1111"
"5128","382673","20220623022000","4058","2","新北市","板橋區","121.450","24.995","4914"
"1811","382674","20220623022000","1920","0","新北市","板橋區","121.455","25.000","1681"
"5489","382675","20220623022000","4182","2","新北市","永和區","121.520","25.015","5519"
"2488","382676","20220623022000","3894","0","新北市","永和區","121.515","25.015","2448"
"2598","382677","20220623022000","3324","0","新北市","新莊區","121.445","25.030","2670"
"3097","382678","20220623022000","2531","2","新北市","新莊區","121.455","25.035","2979"
"24","382679","20220623022000","798","0","新北市","板橋區","121.460","25.035","30"
"600","382680","20220623022000","576","1","新北市","新莊區","121.465","25.040","613"
"1079","382683","20220623022000","781","2","桃園市","中壢區","121.215","25.000","1124"
"480","382686","20220623022000","338","2","桃園市","觀音區","121.125","25.030","524"
"3730","382699","20220623022000","3750","0","新北市","板橋區","121.485","25.020","3687"
"5188","382700","20220623022000","4245","2","新北市","板橋區","121.460","25.010","5296"
"3758","382701","20220623022000","2360","3","新北市","板橋區","121.460","24.995","3736"
"1660","382702","20220623022000","1391","1","新北市","樹林區","121.420","25.015","1692"
"758","382703","20220623022000","526","2","新北市","新莊區","121.435","25.010","818"
"1028","382706","20220623022000","1010","1","新北市","新莊區","121.440","25.020","919"
"346","382710","20220623022000","341","1","新北市","新莊區","121.445","25.025","349"
"4752","382711","20220623022000","4069","1","新北市","永和區","121.505","25.010","4863"
"3347","382712","20220623022000","3324","1","新北市","板橋區","121.475","25.020","3599"
"3013","382713","20220623022000","2540","1","新北市","新莊區","121.430","25.025","2991"
"10","382714","20220623022000","10","1","新北市","新莊區","121.435","25.025","15"
"1559","382715","20220623022000","1923","0","新北市","新莊區","121.425","25.025","1582"
"1325","382716","20220623022000","1311","1","臺北市","萬華區","121.500","25.015","1328"
"2719","382717","20220623022000","1941","2","新北市","新莊區","121.450","25.030","2551"
"294","382724","20220623022000","301","0","桃園市","中壢區","121.180","25.005","285"
"704","382730","20220623022000","535","2","桃園市","中壢區","121.190","25.010","738"
"799","382732","20220623022000","376","3","桃園市","中壢區","121.185","25.015","829"
"683","382735","20220623022000","574","1","桃園市","大園區","121.180","25.025","694"
"1063","382741","20220623022000","983","1","桃園市","觀音區","121.160","24.995","1035"
"440","382743","20220623022000","419","1","桃園市","觀音區","121.155","25.000","460"
"1024","382759","20220623022000","818","2","桃園市","觀音區","121.160","25.020","1019"
"348","382780","20220623022000","327","1","桃園市","觀音區","121.105","25.040","370"
"218","382785","20220623022000","186","1","桃園市","觀音區","121.130","25.020","212"
"211","382813","20220623022000","244","0","桃園市","觀音區","121.110","25.050","190"
"1434","382814","20220623022000","1245","1","桃園市","觀音區","121.115","25.050","1430"
"1601","382815","20220623022000","856","3","桃園市","觀音區","121.120","25.050","1587"
"385","382816","20220623022000","235","3","桃園市","觀音區","121.125","25.050","397"
"180","382820","20220623022000","107","3","桃園市","觀音區","121.120","25.055","180"
"896","382821","20220623022000","915","0","桃園市","觀音區","121.125","25.055","879"
"706","382830","20220623022000","636","1","桃園市","觀音區","121.080","25.035","705"
"355","382842","20220623022000","259","2","桃園市","觀音區","121.095","25.050","515"
"417","382853","20220623022000","607","0","桃園市","觀音區","121.145","25.040","445"
"3257","382855","20220623022000","2615","2","桃園市","觀音區","121.140","25.045","3214"
"789","382857","20220623022000","640","2","桃園市","觀音區","121.130","25.050","769"
"259","382858","20220623022000","255","1","桃園市","觀音區","121.135","25.050","242"
"436","382868","20220623022000","251","3","桃園市","觀音區","121.115","25.000","358"
"1664","382888","20220623022000","1339","2","桃園市","蘆竹區","121.270","25.010","1662"
"44","382890","20220623022000","49","0","桃園市","蘆竹區","121.265","25.015","46"
"1201","382891","20220623022000","1075","1","桃園市","蘆竹區","121.240","25.025","1161"
"1277","382893","20220623022000","809","3","桃園市","蘆竹區","121.250","25.025","1294"
"405","382894","20220623022000","433","0","桃園市","大園區","121.235","25.025","433"
"1028","382896","20220623022000","908","1","桃園市","蘆竹區","121.245","25.025","1040"
"477","382898","20220623022000","367","2","桃園市","蘆竹區","121.240","25.030","476"
"159","382911","20220623022000","156","1","新北市","石碇區","121.670","25.010","151"
"61","382935","20220623022000","72","0","新北市","石碇區","121.670","25.030","57"
"118","382953","20220623022000","91","2","新北市","石碇區","121.690","25.005","124"
"41","382971","20220623022000","38","1","新北市","石碇區","121.700","25.015","45"
"78","382976","20220623022000","70","1","新北市","石碇區","121.660","24.995","80"
"37","382980","20220623022000","41","0","新北市","石碇區","121.650","25.000","39"
"23","382991","20220623022000","29","0","新北市","貢寮區","121.885","24.995","21"
"22","382996","20220623022000","13","3","新北市","貢寮區","121.885","25.000","21"
"41","383019","20220623022000","32","2","新北市","貢寮區","122.000","25.005","25"
"67","383024","20220623022000","44","3","新北市","貢寮區","121.990","25.010","73"
"67","383035","20220623022000","46","2","新北市","貢寮區","121.985","25.020","59"
"2258","383037","20220623022000","3784","0","新北市","永和區","121.520","25.000","2253"
"4811","383038","20220623022000","4546","1","新北市","板橋區","121.475","25.025","4824"
"570","383039","20220623022000","975","0","新北市","新莊區","121.410","25.030","558"
"723","383040","20220623022000","860","0","新北市","新莊區","121.415","25.030","716"
"66","383045","20220623022000","63","1","新北市","新莊區","121.405","25.040","59"
"3394","383046","20220623022000","4235","0","新北市","新莊區","121.455","25.055","3411"
"1062","383047","20220623022000","1258","0","新北市","新莊區","121.435","25.030","1069"
"1658","383048","20220623022000","1389","1","新北市","新莊區","121.425","25.030","1789"
"518","383049","20220623022000","1413","0","新北市","新莊區","121.430","25.030","539"
"729","383050","20220623022000","1033","0","新北市","新莊區","121.430","25.035","711"
"4159","383054","20220623022000","5561","0","新北市","新莊區","121.445","25.050","4043"
"4165","383055","20220623022000","4269","0","新北市","新莊區","121.450","25.045","4234"
"1291","383056","20220623022000","1360","0","桃園市","蘆竹區","121.290","25.050","1311"
"1515","383057","20220623022000","1382","1","桃園市","蘆竹區","121.280","25.055","1517"
"527","383058","20220623022000","514","1","桃園市","蘆竹區","121.285","25.045","546"
"1683","383059","20220623022000","1040","3","桃園市","蘆竹區","121.285","25.050","1702"
"941","383060","20220623022000","1150","0","桃園市","蘆竹區","121.285","25.055","961"
"461","383094","20220623022000","570","0","桃園市","觀音區","121.050","25.025","513"
"452","383096","20220623022000","623","0","桃園市","觀音區","121.080","25.030","472"
"721","383099","20220623022000","713","1","桃園市","觀音區","121.085","25.035","719"
"1361","383113","20220623022000","782","3","桃園市","觀音區","121.120","25.025","1335"
"460","383117","20220623022000","446","1","桃園市","觀音區","121.115","25.025","484"
"989","383118","20220623022000","1108","0","新北市","樹林區","121.410","25.015","1019"
"1337","383121","20220623022000","1456","0","新北市","泰山區","121.440","25.045","1317"
"31","383122","20220623022000","410","0","新北市","泰山區","121.430","25.050","28"
"1041","383124","20220623022000","713","2","新北市","泰山區","121.440","25.050","1051"
"93","383125","20220623022000","753","0","新北市","泰山區","121.435","25.055","83"
"1369","383126","20220623022000","1251","1","新北市","泰山區","121.425","25.050","1384"
"1102","383127","20220623022000","847","2","新北市","新莊區","121.440","25.055","1089"
"1158","383128","20220623022000","2096","0","新北市","新莊區","121.445","25.055","1176"
"4148","383129","20220623022000","4527","0","新北市","新莊區","121.450","25.055","4150"
"4650","383130","20220623022000","6000","0","新北市","新莊區","121.450","25.050","4627"
"818","383131","20220623022000","1289","0","新北市","新莊區","121.455","25.040","1125"
"197","383132","20220623022000","46","3","新北市","板橋區","121.435","24.995","190"
"1373","383134","20220623022000","1403","0","新北市","板橋區","121.445","24.995","1374"
"3694","383141","20220623022000","4692","0","新北市","永和區","121.515","25.005","3602"
"4336","383142","20220623022000","4664","0","新北市","板橋區","121.470","25.025","4204"
"4573","383143","20220623022000","4587","0","新北市","板橋區","121.475","25.030","4506"
"2476","383144","20220623022000","2887","0","新北市","新莊區","121.445","25.045","2533"
"122","383152","20220623022000","104","1","新北市","泰山區","121.400","25.055","117"
"3982","383156","20220623022000","3016","2","新北市","汐止區","121.625","25.040","3402"
"22","383164","20220623022000","15","2","新北市","雙溪區","121.860","25.045","17"
"20","383165","20220623022000","36","0","新北市","雙溪區","121.865","25.045","21"
"96","383202","20220623022000","101","0","新北市","雙溪區","121.800","25.015","104"
"557","383204","20220623022000","586","0","新北市","中和區","121.490","25.010","540"
"371","383205","20220623022000","674","0","新北市","樹林區","121.430","25.000","348"
"3086","383207","20220623022000","3169","0","新北市","永和區","121.515","24.995","3096"
"2352","383208","20220623022000","2032","1","桃園市","桃園區","121.315","25.005","2301"
"881","383209","20220623022000","1339","0","桃園市","桃園區","121.315","25.010","903"
"483","383210","20220623022000","566","0","臺北市","萬華區","121.495","25.010","521"
"1339","383211","20220623022000","2096","0","新北市","永和區","121.500","25.010","1356"
"4221","383212","20220623022000","3896","1","新北市","永和區","121.510","25.015","4214"
"623","383214","20220623022000","607","1","新北市","汐止區","121.625","25.050","635"
"615","383218","20220623022000","576","1","桃園市","蘆竹區","121.290","25.055","624"
"1113","383219","20220623022000","915","2","桃園市","蘆竹區","121.295","25.050","1105"
"1499","383220","20220623022000","2165","0","桃園市","蘆竹區","121.300","25.050","1522"
"2149","383222","20220623022000","1851","1","桃園市","蘆竹區","121.300","25.055","2218"
"169","383229","20220623022000","118","2","新北市","石碇區","121.645","25.005","163"
"23","383234","20220623022000","23","1","新北市","石碇區","121.700","24.995","25"
"63","383253","20220623022000","68","0","新北市","石碇區","121.665","25.010","66"
"139","383254","20220623022000","113","2","新北市","石碇區","121.645","25.010","142"
"92","383261","20220623022000","91","1","新北市","石碇區","121.655","25.015","94"
"478","383272","20220623022000","436","1","桃園市","觀音區","121.100","25.005","494"
"675","383277","20220623022000","634","1","桃園市","觀音區","121.095","25.020","704"
"322","383281","20220623022000","339","0","桃園市","觀音區","121.095","25.025","315"
"1692","383283","20220623022000","1925","0","桃園市","桃園區","121.285","24.995","1669"
"255","383284","20220623022000","376","0","桃園市","桃園區","121.290","24.995","256"
"628","383285","20220623022000","535","1","桃園市","桃園區","121.285","25.000","658"
"4010","383286","20220623022000","3822","1","桃園市","蘆竹區","121.290","25.045","4041"
"284","383287","20220623022000","213","2","桃園市","桃園區","121.280","25.030","246"
"619","383290","20220623022000","603","1","桃園市","蘆竹區","121.280","25.035","613"
"1537","383291","20220623022000","1654","0","桃園市","蘆竹區","121.285","25.035","1566"
"2725","383294","20220623022000","2032","2","桃園市","蘆竹區","121.285","25.040","2745"
"3294","383295","20220623022000","4330","0","桃園市","蘆竹區","121.290","25.040","3343"
"13","383299","20220623022000","146","0","桃園市","蘆竹區","121.255","25.025","12"
"304","383301","20220623022000","296","1","桃園市","蘆竹區","121.250","25.035","292"
"249","383311","20220623022000","244","1","桃園市","蘆竹區","121.240","25.040","232"
"153","383313","20220623022000","139","1","桃園市","蘆竹區","121.255","25.040","163"
"16","383315","20220623022000","90","0","桃園市","蘆竹區","121.250","25.045","13"
"585","383318","20220623022000","608","0","桃園市","蘆竹區","121.265","25.025","583"
"744","383325","20220623022000","528","2","桃園市","蘆竹區","121.275","25.030","722"
"46","383357","20220623022000","46","1","新北市","雙溪區","121.880","25.020","42"
"20","383364","20220623022000","32","0","新北市","雙溪區","121.870","25.030","16"
"2036","383376","20220623022000","2919","0","新北市","中和區","121.485","25.000","1980"
"2352","383377","20220623022000","3036","0","新北市","中和區","121.485","25.005","2324"
"2636","383378","20220623022000","4861","0","新北市","中和區","121.500","25.000","2534"
"2685","383379","20220623022000","3430","0","新北市","板橋區","121.465","25.010","2671"
"3667","383380","20220623022000","3278","1","新北市","板橋區","121.470","25.010","3730"
"1142","383384","20220623022000","1005","1","新北市","汐止區","121.635","25.040","1187"
"229","383424","20220623022000","263","0","桃園市","蘆竹區","121.255","25.050","248"
"640","383426","20220623022000","406","3","桃園市","蘆竹區","121.265","25.050","646"
"73","383430","20220623022000","44","3","桃園市","蘆竹區","121.250","25.055","80"
"476","383435","20220623022000","357","2","桃園市","蘆竹區","121.275","25.055","465"
"516","383437","20220623022000","433","1","桃園市","大園區","121.160","25.030","500"
"470","383449","20220623022000","425","1","桃園市","觀音區","121.155","25.050","445"
"1419","383456","20220623022000","1195","1","桃園市","觀音區","121.140","25.010","1379"
"663","383457","20220623022000","675","0","桃園市","觀音區","121.145","25.010","663"
"574","383463","20220623022000","467","2","桃園市","觀音區","121.130","25.005","574"
"189","383469","20220623022000","200","0","桃園市","觀音區","121.060","25.025","172"
"314","383475","20220623022000","339","0","桃園市","觀音區","121.065","25.025","280"
"114","383483","20220623022000","114","1","桃園市","觀音區","121.060","25.035","116"
"111","383485","20220623022000","165","0","桃園市","觀音區","121.070","25.035","102"
"87","383489","20220623022000","88","0","桃園市","觀音區","121.070","25.040","96"
"1301","383492","20220623022000","1359","0","新北市","三重區","121.475","25.050","1295"
"4324","383493","20220623022000","4804","0","新北市","中和區","121.510","24.995","4285"
"4786","383494","20220623022000","5749","0","新北市","中和區","121.510","25.000","4742"
"2842","383495","20220623022000","2821","1","新北市","板橋區","121.455","25.010","2768"
"4462","383496","20220623022000","4439","1","新北市","板橋區","121.455","25.020","4154"
"2356","383500","20220623022000","3262","0","新北市","樹林區","121.425","24.995","2371"
"227","383502","20220623022000","606","0","新北市","樹林區","121.405","25.005","220"
"88","383503","20220623022000","510","0","新北市","樹林區","121.410","25.005","59"
"2740","383507","20220623022000","2592","1","新北市","永和區","121.505","25.015","2755"
"45","383513","20220623022000","113","0","桃園市","中壢區","121.245","24.995","69"
"1173","383515","20220623022000","975","2","桃園市","中壢區","121.225","25.000","1167"
"451","383519","20220623022000","429","1","桃園市","中壢區","121.245","25.000","381"
"436","383520","20220623022000","408","1","桃園市","中壢區","121.250","25.000","483"
"389","383521","20220623022000","262","2","桃園市","中壢區","121.230","25.005","396"
"574","383524","20220623022000","460","2","桃園市","中壢區","121.245","25.005","614"
"470","383526","20220623022000","440","1","桃園市","大園區","121.245","25.010","447"
"1378","383529","20220623022000","915","3","桃園市","中壢區","121.175","24.995","1368"
"759","383553","20220623022000","622","2","桃園市","中壢區","121.220","25.005","791"
"143","383554","20220623022000","155","0","桃園市","中壢區","121.215","25.010","121"
"12","383556","20220623022000","62","0","桃園市","中壢區","121.215","25.015","11"
"919","383557","20220623022000","725","2","桃園市","中壢區","121.220","25.015","906"
"1686","383559","20220623022000","1945","0","新北市","板橋區","121.480","25.030","1657"
"253","383560","20220623022000","225","1","新北市","樹林區","121.420","25.005","257"
"2475","383562","20220623022000","2007","2","新北市","新莊區","121.430","25.005","2456"
"1129","383563","20220623022000","1318","0","新北市","樹林區","121.425","25.010","1134"
"241","383564","20220623022000","1034","0","新北市","樹林區","121.425","25.000","248"
"4168","383565","20220623022000","3900","1","新北市","永和區","121.515","25.000","4174"
"3241","383566","20220623022000","3403","0","新北市","永和區","121.520","25.005","3265"
"2427","383567","20220623022000","1724","2","新北市","中和區","121.480","25.005","2417"
"472","383568","20220623022000","499","0","新北市","泰山區","121.415","25.050","491"
"1968","383572","20220623022000","2099","0","新北市","泰山區","121.430","25.055","1909"
"2846","383573","20220623022000","2320","2","新北市","板橋區","121.460","25.000","2868"
"4333","383574","20220623022000","3903","1","新北市","中和區","121.495","25.000","4303"
"2219","383575","20220623022000","2942","0","新北市","板橋區","121.465","25.030","2211"
"4591","383576","20220623022000","4125","1","新北市","板橋區","121.470","25.030","4571"
"14","383582","20220623022000","900","0","新北市","深坑區","121.620","25.005","14"
"199","383589","20220623022000","206","0","新北市","深坑區","121.615","25.000","185"
"500","383590","20220623022000","922","0","新北市","深坑區","121.620","25.000","481"
"1498","383591","20220623022000","1362","1","新北市","深坑區","121.625","25.000","1479"
"518","383599","20220623022000","341","3","新北市","深坑區","121.635","25.005","490"
"1496","383600","20220623022000","1315","1","新北市","深坑區","121.615","25.005","1479"
"4529","383602","20220623022000","4746","0","新北市","板橋區","121.480","25.025","4498"
"3565","383603","20220623022000","4664","0","新北市","新莊區","121.445","25.035","3648"
"335","383604","20220623022000","755","0","新北市","永和區","121.530","25.000","276"
"2468","383605","20220623022000","3589","0","新北市","板橋區","121.480","25.020","2492"
"4719","383606","20220623022000","4503","1","新北市","板橋區","121.480","25.015","4635"
"1575","383607","20220623022000","1614","0","桃園市","桃園區","121.310","25.010","1548"
"3718","383608","20220623022000","2762","2","桃園市","桃園區","121.310","25.015","3704"
"3495","383609","20220623022000","4728","0","新北市","永和區","121.510","25.010","3351"
"4145","383610","20220623022000","4310","0","新北市","永和區","121.515","25.010","4223"
"2717","383611","20220623022000","2730","0","新北市","板橋區","121.460","25.015","2725"
"2585","383612","20220623022000","3507","0","新北市","板橋區","121.465","25.000","2592"
"2082","383614","20220623022000","1518","2","桃園市","桃園區","121.300","25.010","2043"
"3122","383615","20220623022000","2639","1","桃園市","桃園區","121.315","24.995","3141"
"191","383616","20220623022000","237","0","新北市","深坑區","121.605","25.005","194"
"78","383618","20220623022000","96","0","新北市","深坑區","121.600","25.010","95"
"1839","383631","20220623022000","1968","0","新北市","深坑區","121.600","25.005","1902"
"2371","383632","20220623022000","2369","1","新北市","中和區","121.485","25.015","2361"
"3125","383633","20220623022000","3119","1","新北市","板橋區","121.475","25.015","3062"
"4485","383634","20220623022000","4600","0","新北市","板橋區","121.450","25.015","4739"
"2456","383635","20220623022000","3063","0","新北市","永和區","121.510","25.005","2475"
"2535","383636","20220623022000","2732","0","新北市","板橋區","121.450","25.010","2893"
"877","383637","20220623022000","967","0","新北市","樹林區","121.405","25.015","887"
"254","383638","20220623022000","227","1","新北市","樹林區","121.420","25.010","250"
"1338","383639","20220623022000","1138","1","新北市","樹林區","121.415","25.015","1330"
"51","383641","20220623022000","39","2","新北市","平溪區","121.765","25.035","49"
"187","383658","20220623022000","179","1","新北市","平溪區","121.775","25.040","192"
"119","383678","20220623022000","85","2","新北市","平溪區","121.740","25.025","115"
"121","383679","20220623022000","98","2","新北市","平溪區","121.745","25.025","119"
"19","383682","20220623022000","20","0","新北市","平溪區","121.745","25.030","23"
"17","383718","20220623022000","11","3","新北市","平溪區","121.780","25.025","17"
"35","383787","20220623022000","32","1","新北市","平溪區","121.750","25.005","35"
"65","383811","20220623022000","229","0","新北市","平溪區","121.715","25.020","60"
"1156","383828","20220623022000","2407","0","新北市","中和區","121.475","24.995","1173"
"4608","383829","20220623022000","5881","0","新北市","板橋區","121.470","25.020","4498"
"447","383830","20220623022000","379","1","新北市","板橋區","121.440","25.005","560"
"871","383831","20220623022000","817","1","新北市","新莊區","121.440","25.015","29"
"1572","383833","20220623022000","2681","0","新北市","永和區","121.515","25.020","1585"
"176","383834","20220623022000","161","1","新北市","汐止區","121.645","25.030","185"
"363","383848","20220623022000","321","1","新北市","汐止區","121.645","25.040","358"
"23","383859","20220623022000","35","0","新北市","汐止區","121.670","25.045","15"
"39","383862","20220623022000","103","0","新北市","汐止區","121.660","25.050","41"
"653","383865","20220623022000","648","1","新北市","永和區","121.530","25.005","623"
"646","383866","20220623022000","727","0","新北市","新莊區","121.465","25.045","640"
"1702","383867","20220623022000","2177","0","新北市","新莊區","121.415","25.025","1713"
"2099","383868","20220623022000","2973","0","新北市","中和區","121.525","24.995","2065"
"993","383871","20220623022000","1438","0","桃園市","中壢區","121.200","25.010","1000"
"680","383880","20220623022000","550","2","桃園市","中壢區","121.200","25.020","678"
"95","383883","20220623022000","151","0","新北市","深坑區","121.635","25.010","89"
"2987","383889","20220623022000","2055","2","新北市","板橋區","121.465","25.015","2958"
"23","383890","20220623022000","268","0","新北市","板橋區","121.475","25.035","16"
"1143","383891","20220623022000","1075","1","新北市","板橋區","121.480","25.035","1134"
"5539","383893","20220623022000","5231","1","新北市","板橋區","121.465","25.020","5489"
"3672","383894","20220623022000","2984","2","新北市","板橋區","121.460","25.020","2393"
"3499","383895","20220623022000","2967","1","新北市","永和區","121.525","25.010","3536"
"5154","383896","20220623022000","5559","0","新北市","永和區","121.525","25.000","5088"
"370","383897","20220623022000","461","0","桃園市","龜山區","121.365","25.030","352"
"602","383900","20220623022000","632","0","桃園市","龜山區","121.360","25.040","616"
"692","383902","20220623022000","686","1","桃園市","龜山區","121.360","25.045","669"
"1529","383903","20220623022000","1283","1","桃園市","龜山區","121.360","25.050","1560"
"1143","383904","20220623022000","1799","0","桃園市","龜山區","121.365","25.050","1158"
"1521","383905","20220623022000","1627","0","桃園市","龜山區","121.360","25.055","1555"
"3741","383906","20220623022000","2627","2","桃園市","龜山區","121.365","25.055","3781"
"1280","383907","20220623022000","1016","2","桃園市","龜山區","121.375","25.035","1229"
"360","383908","20220623022000","335","1","桃園市","龜山區","121.370","25.040","385"
"333","383909","20220623022000","176","3","桃園市","龜山區","121.375","25.040","347"
"100","383910","20220623022000","97","1","桃園市","龜山區","121.365","25.045","107"
"651","383911","20220623022000","506","2","桃園市","龜山區","121.370","25.045","635"
"110","383912","20220623022000","161","0","桃園市","龜山區","121.375","25.045","189"
"749","383913","20220623022000","836","0","桃園市","龜山區","121.370","25.050","716"
"440","383914","20220623022000","252","3","桃園市","龜山區","121.375","25.050","427"
"1690","383915","20220623022000","1820","0","桃園市","龜山區","121.370","25.055","1642"
"2166","383916","20220623022000","1653","2","桃園市","龜山區","121.375","25.055","2104"
"509","383919","20220623022000","592","0","桃園市","龜山區","121.360","25.000","468"
"406","383920","20220623022000","392","1","桃園市","龜山區","121.365","25.000","421"
"873","383922","20220623022000","840","1","桃園市","龜山區","121.340","25.000","928"
"523","383924","20220623022000","438","1","桃園市","龜山區","121.340","25.005","561"
"983","383928","20220623022000","1026","0","桃園市","龜山區","121.365","25.005","965"
"322","383930","20220623022000","268","2","桃園市","龜山區","121.355","25.010","345"
"225","383939","20220623022000","279","0","桃園市","龜山區","121.360","25.020","215"
"579","383940","20220623022000","578","1","桃園市","龜山區","121.365","25.015","594"
"151","383941","20220623022000","206","0","桃園市","龜山區","121.370","25.020","140"
"109","383945","20220623022000","125","0","桃園市","龜山區","121.365","25.020","120"
"1292","383958","20220623022000","1113","1","桃園市","龜山區","121.335","24.995","1282"
"1014","383959","20220623022000","1044","0","桃園市","龜山區","121.345","25.005","1009"
"863","383962","20220623022000","776","1","桃園市","龜山區","121.345","25.010","826"
"544","383966","20220623022000","503","1","桃園市","龜山區","121.345","25.015","555"
"242","383978","20220623022000","260","0","桃園市","龜山區","121.350","25.020","235"
"38","383987","20220623022000","36","1","桃園市","龜山區","121.345","25.030","32"
"105","383989","20220623022000","96","1","桃園市","龜山區","121.355","25.030","91"
"54","383991","20220623022000","72","0","桃園市","龜山區","121.380","25.020","51"
"267","383995","20220623022000","501","0","桃園市","龜山區","121.385","25.025","274"
"64","383996","20220623022000","324","0","桃園市","龜山區","121.390","25.025","105"
"1040","384001","20220623022000","1945","0","桃園市","龜山區","121.390","25.030","1062"
"456","384003","20220623022000","269","3","桃園市","龜山區","121.385","25.035","445"
"1052","384004","20220623022000","1401","0","桃園市","龜山區","121.390","25.035","1049"
"51","384008","20220623022000","22","3","桃園市","龜山區","121.385","25.040","65"
"1391","384009","20220623022000","1261","1","桃園市","龜山區","121.390","25.040","1373"
"1530","384015","20220623022000","690","3","桃園市","龜山區","121.380","25.050","1534"
"172","384019","20220623022000","500","0","桃園市","龜山區","121.380","25.055","191"
"6237","384021","20220623022000","6827","0","臺北市","中山區","121.525","25.050","6355"
"5775","384022","20220623022000","5948","0","臺北市","中山區","121.530","25.055","5863"
"391","384040","20220623022000","408","0","桃園市","大園區","121.185","25.045","402"
"290","384041","20220623022000","324","0","桃園市","大園區","121.190","25.045","295"
"11","384045","20220623022000","36","0","桃園市","大園區","121.180","25.055","11"
"198","384058","20220623022000","185","1","桃園市","龜山區","121.355","24.995","203"
"241","384060","20220623022000","183","2","桃園市","龜山區","121.355","25.000","226"
"2266","384064","20220623022000","2677","0","新北市","永和區","121.510","25.020","2316"
"2482","384065","20220623022000","2820","0","臺北市","中正區","121.515","25.025","2589"
"1747","384066","20220623022000","3593","0","臺北市","中正區","121.525","25.020","1736"
"369","384067","20220623022000","459","0","臺北市","中正區","121.515","25.040","363"
"3465","384068","20220623022000","4113","0","臺北市","中正區","121.515","25.045","3396"
"4607","384069","20220623022000","4074","1","臺北市","中山區","121.535","25.055","4578"
"1712","384070","20220623022000","1774","0","臺北市","文山區","121.560","25.005","1749"
"924","384071","20220623022000","840","1","臺北市","大安區","121.560","25.010","832"
"315","384072","20220623022000","1180","0","桃園市","桃園區","121.310","24.995","313"
"3523","384073","20220623022000","3486","1","臺北市","中山區","121.535","25.045","3820"
"1674","384074","20220623022000","2224","0","臺北市","中山區","121.535","25.050","1628"
"2961","384075","20220623022000","2430","2","臺北市","中正區","121.515","25.030","2942"
"4208","384076","20220623022000","5937","0","臺北市","信義區","121.565","25.025","4358"
"1666","384077","20220623022000","2266","0","臺北市","信義區","121.575","25.045","1658"
"509","384078","20220623022000","552","0","臺北市","信義區","121.585","25.035","525"
"1266","384079","20220623022000","1530","0","臺北市","信義區","121.565","25.020","1309"
"831","384081","20220623022000","982","0","桃園市","桃園區","121.290","25.010","869"
"920","384082","20220623022000","1497","0","桃園市","桃園區","121.285","25.015","940"
"1093","384083","20220623022000","982","1","桃園市","桃園區","121.290","25.015","1084"
"3270","384084","20220623022000","3714","0","臺北市","中正區","121.525","25.045","3257"
"3992","384085","20220623022000","2995","2","臺北市","中正區","121.530","25.045","3894"
"1314","384086","20220623022000","2323","0","臺北市","中正區","121.530","25.010","1319"
"4699","384087","20220623022000","4854","0","臺北市","中山區","121.525","25.055","4789"
"2541","384088","20220623022000","2740","0","臺北市","中山區","121.540","25.045","2588"
"3188","384089","20220623022000","3631","0","臺北市","大安區","121.540","25.040","3117"
"2923","384090","20220623022000","2934","0","臺北市","中正區","121.520","25.030","2946"
"1002","384091","20220623022000","915","1","臺北市","中正區","121.520","25.035","958"
"2135","384092","20220623022000","2100","1","臺北市","中正區","121.520","25.040","2030"
"6475","384093","20220623022000","6997","0","臺北市","中正區","121.525","25.040","6498"
"337","384094","20220623022000","831","0","臺北市","中正區","121.525","25.015","341"
"1470","384100","20220623022000","990","2","桃園市","中壢區","121.200","25.000","1406"
"164","384101","20220623022000","156","1","桃園市","中壢區","121.205","25.000","193"
"684","384103","20220623022000","546","2","桃園市","中壢區","121.200","25.005","658"
"1103","384104","20220623022000","1204","0","新北市","泰山區","121.420","25.030","1028"
"433","384106","20220623022000","404","1","新北市","泰山區","121.425","25.035","414"
"2020","384109","20220623022000","2580","0","新北市","泰山區","121.420","25.040","2027"
"1143","384111","20220623022000","1255","0","新北市","泰山區","121.425","25.040","1306"
"1813","384112","20220623022000","1531","1","新北市","泰山區","121.430","25.040","1809"
"129","384113","20220623022000","102","2","桃園市","龜山區","121.330","24.995","123"
"49","384129","20220623022000","49","1","桃園市","龜山區","121.375","25.010","49"
"436","384131","20220623022000","404","1","桃園市","龜山區","121.385","25.010","439"
"156","384132","20220623022000","154","1","桃園市","龜山區","121.390","25.010","156"
"1187","384140","20220623022000","1132","1","桃園市","龜山區","121.395","25.020","1176"
"482","384141","20220623022000","589","0","桃園市","龜山區","121.400","25.020","487"
"1371","384142","20220623022000","1258","1","桃園市","龜山區","121.340","24.995","1386"
"2117","384145","20220623022000","1936","1","桃園市","龜山區","121.345","25.000","2035"
"4644","384146","20220623022000","5314","0","臺北市","中山區","121.520","25.055","4697"
"1227","384147","20220623022000","1114","1","桃園市","桃園區","121.305","25.025","1255"
"64","384149","20220623022000","56","1","桃園市","新屋區","121.030","25.000","64"
"142","384152","20220623022000","161","0","桃園市","新屋區","121.030","25.005","130"
"97","384164","20220623022000","118","0","桃園市","新屋區","121.060","24.995","119"
"298","384167","20220623022000","268","1","桃園市","新屋區","121.060","25.000","290"
"631","384185","20220623022000","631","1","桃園市","新屋區","121.075","25.005","657"
"14","384188","20220623022000","47","0","桃園市","桃園區","121.325","25.000","15"
"86","384189","20220623022000","83","1","桃園市","桃園區","121.320","25.005","80"
"894","384190","20220623022000","853","1","桃園市","桃園區","121.325","25.005","904"
"2937","384194","20220623022000","3815","0","臺北市","中正區","121.510","25.025","2789"
"29","384227","20220623022000","27","1","新北市","貢寮區","121.955","25.005","28"
"15","384234","20220623022000","22","0","新北市","貢寮區","121.950","25.010","16"
"332","384241","20220623022000","267","2","新北市","貢寮區","121.945","25.015","315"
"58","384254","20220623022000","45","2","新北市","貢寮區","121.970","25.025","54"
"36","384264","20220623022000","41","0","新北市","貢寮區","121.890","25.020","37"
"311","384267","20220623022000","290","1","新北市","貢寮區","121.905","25.020","335"
"17","384270","20220623022000","26","0","新北市","貢寮區","121.900","25.025","18"
"14","384288","20220623022000","12","1","新北市","貢寮區","121.930","25.000","11"
"109","384299","20220623022000","106","1","新北市","貢寮區","121.920","25.010","115"
"32","384306","20220623022000","48","0","新北市","貢寮區","121.930","25.015","26"
"14","384313","20220623022000","13","1","新北市","貢寮區","121.925","25.025","14"
"29","384338","20220623022000","23","2","新北市","貢寮區","121.905","25.010","29"
"314","384342","20220623022000","192","3","新北市","貢寮區","121.945","25.020","210"
"87","384349","20220623022000","95","0","新北市","貢寮區","121.930","25.030","85"
"15","384353","20220623022000","14","1","新北市","貢寮區","121.930","25.035","12"
"2382","384355","20220623022000","1962","2","桃園市","龜山區","121.400","25.015","2350"
"2959","384356","20220623022000","2790","1","桃園市","龜山區","121.405","25.020","3007"
"207","384362","20220623022000","168","2","桃園市","新屋區","121.045","25.005","222"
"226","384367","20220623022000","308","0","桃園市","桃園區","121.320","24.995","251"
"1547","384368","20220623022000","1489","1","桃園市","桃園區","121.325","24.995","1524"
"1800","384371","20220623022000","1732","1","桃園市","桃園區","121.295","25.000","1798"
"500","384372","20220623022000","434","1","桃園市","桃園區","121.280","25.005","501"
"117","384373","20220623022000","71","3","桃園市","桃園區","121.285","25.005","128"
"923","384374","20220623022000","999","0","桃園市","桃園區","121.280","25.010","914"
"1758","384375","20220623022000","2223","0","桃園市","桃園區","121.300","25.000","1766"
"1467","384376","20220623022000","1453","1","桃園市","桃園區","121.305","25.000","1420"
"1205","384377","20220623022000","1047","1","桃園市","桃園區","121.310","25.025","1196"
"508","384378","20220623022000","343","2","桃園市","桃園區","121.310","25.020","518"
"873","384379","20220623022000","577","3","桃園市","桃園區","121.315","25.025","858"
"1107","384382","20220623022000","1216","0","桃園市","桃園區","121.300","25.025","1155"
"849","384383","20220623022000","795","1","桃園市","桃園區","121.305","25.020","871"
"30","384387","20220623022000","28","1","桃園市","桃園區","121.295","24.995","29"
"2371","384388","20220623022000","3391","0","臺北市","中山區","121.530","25.050","2429"
"4114","384389","20220623022000","4200","0","桃園市","桃園區","121.295","25.025","4113"
"2974","384392","20220623022000","2952","1","桃園市","蘆竹區","121.295","25.040","2938"
"2013","384393","20220623022000","2481","0","桃園市","桃園區","121.300","25.015","2234"
"5366","384394","20220623022000","4158","2","桃園市","桃園區","121.295","25.015","5262"
"3145","384395","20220623022000","2799","1","桃園市","桃園區","121.320","25.010","3246"
"1802","384398","20220623022000","1140","3","桃園市","桃園區","121.310","25.000","1797"
"792","384399","20220623022000","879","0","桃園市","桃園區","121.315","25.000","830"
"413","384400","20220623022000","435","0","桃園市","桃園區","121.320","25.000","396"
"874","384401","20220623022000","863","1","桃園市","桃園區","121.310","25.005","848"
"374","384402","20220623022000","339","1","臺北市","南港區","121.590","25.035","359"
"277","384403","20220623022000","333","0","臺北市","大安區","121.550","25.015","291"
"3688","384404","20220623022000","4475","0","臺北市","大安區","121.555","25.020","3733"
"4996","384405","20220623022000","5037","0","臺北市","大安區","121.550","25.020","4944"
"2319","384408","20220623022000","2173","1","桃園市","桃園區","121.305","25.010","2331"
"3154","384409","20220623022000","3633","0","臺北市","中正區","121.530","25.015","3135"
"3063","384410","20220623022000","3321","0","臺北市","中正區","121.525","25.035","3094"
"1504","384411","20220623022000","2118","0","臺北市","中山區","121.540","25.050","1466"
"1238","384412","20220623022000","1453","0","桃園市","桃園區","121.290","25.020","1396"
"3945","384413","20220623022000","4648","0","臺北市","信義區","121.560","25.045","3634"
"56","384415","20220623022000","167","0","桃園市","桃園區","121.300","24.995","55"
"1875","384416","20220623022000","2077","0","桃園市","桃園區","121.290","25.025","1779"
"831","384417","20220623022000","722","1","桃園市","桃園區","121.290","25.005","816"
"2044","384418","20220623022000","2047","0","桃園市","桃園區","121.295","25.005","2086"
"1104","384419","20220623022000","1565","0","桃園市","桃園區","121.295","25.010","1121"
"3239","384420","20220623022000","3652","0","臺北市","大同區","121.510","25.055","3177"
"1791","384421","20220623022000","1670","1","臺北市","中正區","121.520","25.020","1741"
"5952","384422","20220623022000","4520","2","臺北市","信義區","121.570","25.025","5266"
"1587","384424","20220623022000","1430","1","臺北市","信義區","121.570","25.030","1585"
"1630","384425","20220623022000","1535","1","臺北市","信義區","121.575","25.030","1179"
"2622","384426","20220623022000","2769","0","臺北市","大同區","121.515","25.050","2683"
"3511","384427","20220623022000","3242","1","臺北市","中山區","121.520","25.050","3441"
"2462","384428","20220623022000","2644","0","臺北市","大同區","121.515","25.055","2361"
"2547","384429","20220623022000","2311","1","桃園市","桃園區","121.305","24.995","2601"
"2848","384430","20220623022000","2571","1","桃園市","桃園區","121.300","25.005","2839"
"576","384431","20220623022000","675","0","臺北市","大同區","121.505","25.050","557"
"1564","384432","20220623022000","1701","0","臺北市","大同區","121.510","25.050","1573"
"238","384433","20220623022000","1196","0","臺北市","大安區","121.555","25.040","255"
"5528","384434","20220623022000","6565","0","臺北市","大安區","121.555","25.030","5683"
"3548","384435","20220623022000","3664","0","臺北市","大安區","121.530","25.025","4014"
"857","384436","20220623022000","2232","0","臺北市","大安區","121.525","25.030","956"
"3947","384437","20220623022000","4564","0","臺北市","大安區","121.525","25.025","3924"
"2489","384438","20220623022000","2562","0","臺北市","大安區","121.545","25.035","2487"
"5306","384439","20220623022000","6241","0","臺北市","大安區","121.545","25.030","5316"
"3452","384440","20220623022000","3940","0","臺北市","大安區","121.555","25.035","3967"
"3051","384441","20220623022000","4766","0","臺北市","大安區","121.550","25.025","2921"
"5645","384442","20220623022000","5337","1","臺北市","中正區","121.530","25.035","5653"
"2441","384443","20220623022000","2376","1","臺北市","中正區","121.510","25.045","2400"
"362","384446","20220623022000","359","1","桃園市","蘆竹區","121.270","25.015","351"
"532","384447","20220623022000","424","2","桃園市","蘆竹區","121.260","25.025","551"
"1651","384448","20220623022000","1310","2","桃園市","蘆竹區","121.265","25.020","1620"
"275","384449","20220623022000","398","0","桃園市","蘆竹區","121.270","25.020","267"
"18","384454","20220623022000","14","2","桃園市","蘆竹區","121.255","25.000","14"
"21","384461","20220623022000","63","0","桃園市","蘆竹區","121.260","25.010","25"
"17","384463","20220623022000","112","0","桃園市","蘆竹區","121.250","25.015","16"
"571","384466","20220623022000","496","1","桃園市","蘆竹區","121.250","25.020","574"
"1787","384467","20220623022000","1364","2","桃園市","蘆竹區","121.255","25.020","1734"
"3116","384468","20220623022000","2310","2","桃園市","蘆竹區","121.260","25.020","3102"
"2806","384469","20220623022000","3273","0","桃園市","蘆竹區","121.295","25.055","2894"
"414","384473","20220623022000","369","1","桃園市","桃園區","121.305","25.030","393"
"98","384480","20220623022000","127","0","桃園市","龜山區","121.305","25.035","94"
"976","384489","20220623022000","857","1","桃園市","蘆竹區","121.295","25.045","946"
"877","384497","20220623022000","1036","0","桃園市","龜山區","121.305","25.045","866"
"187","384499","20220623022000","232","0","桃園市","龜山區","121.315","25.045","168"
"10","384502","20220623022000","20","0","桃園市","龜山區","121.330","25.045","25"
"113","384507","20220623022000","140","0","桃園市","龜山區","121.320","25.050","96"
"187","384514","20220623022000","183","1","桃園市","龜山區","121.335","25.055","179"
"357","384517","20220623022000","472","0","桃園市","龜山區","121.340","25.035","396"
"282","384521","20220623022000","256","1","桃園市","龜山區","121.345","25.040","301"
"272","384522","20220623022000","180","3","桃園市","龜山區","121.350","25.040","268"
"15","384523","20220623022000","16","0","桃園市","龜山區","121.355","25.040","14"
"312","384525","20220623022000","578","0","桃園市","龜山區","121.350","25.045","317"
"498","384526","20220623022000","415","2","桃園市","龜山區","121.355","25.045","548"
"33","384527","20220623022000","40","0","桃園市","龜山區","121.345","25.050","28"
"472","384528","20220623022000","813","0","桃園市","龜山區","121.350","25.050","574"
"368","384532","20220623022000","284","2","桃園市","龜山區","121.350","25.055","349"
"932","384533","20220623022000","1947","0","臺北市","信義區","121.570","25.035","1010"
"2403","384534","20220623022000","3309","0","臺北市","信義區","121.575","25.035","2148"
"19","384549","20220623022000","32","0","臺北市","南港區","121.630","25.030","23"
"1178","384552","20220623022000","949","2","臺北市","南港區","121.620","25.035","1183"
"104","384554","20220623022000","82","2","新北市","汐止區","121.630","25.035","104"
"396","384555","20220623022000","1082","0","臺北市","南港區","121.620","25.040","1241"
"3338","384556","20220623022000","4850","0","臺北市","信義區","121.575","25.040","3473"
"3598","384557","20220623022000","4559","0","臺北市","南港區","121.585","25.045","5301"
"99","384572","20220623022000","64","3","新北市","雙溪區","121.825","25.025","94"
"73","384613","20220623022000","65","1","新北市","雙溪區","121.860","25.035","73"
"777","384614","20220623022000","742","1","新北市","雙溪區","121.865","25.035","806"
"35","384624","20220623022000","29","2","新北市","雙溪區","121.830","25.000","34"
"29","384641","20220623022000","30","0","新北市","雙溪區","121.805","25.015","33"
"116","384662","20220623022000","110","1","新北市","雙溪區","121.840","25.035","129"
"306","384679","20220623022000","258","1","新北市","雙溪區","121.865","25.040","302"
"26","384696","20220623022000","22","1","新北市","雙溪區","121.845","24.995","25"
"517","384710","20220623022000","380","2","桃園市","桃園區","121.275","25.020","538"
"397","384711","20220623022000","415","0","桃園市","桃園區","121.280","25.020","363"
"214","384716","20220623022000","574","0","臺北市","信義區","121.565","25.030","247"
"7264","384717","20220623022000","7558","0","臺北市","信義區","121.560","25.030","7249"
"2661","384718","20220623022000","3544","0","臺北市","中正區","121.520","25.025","2603"
"1272","384719","20220623022000","1167","1","桃園市","大園區","121.210","25.005","1364"
"723","384720","20220623022000","771","0","桃園市","大園區","121.210","25.010","757"
"1624","384721","20220623022000","1062","3","桃園市","大園區","121.210","25.015","1668"
"849","384722","20220623022000","657","2","桃園市","大園區","121.210","25.020","822"
"135","384723","20220623022000","125","1","桃園市","大園區","121.220","25.020","124"
"754","384726","20220623022000","714","1","桃園市","大園區","121.220","25.025","754"
"601","384729","20220623022000","608","0","桃園市","大園區","121.215","25.025","618"
"703","384731","20220623022000","589","1","桃園市","大園區","121.205","25.035","691"
"482","384739","20220623022000","397","2","桃園市","大園區","121.205","25.050","527"
"43","384743","20220623022000","61","0","桃園市","大園區","121.210","25.055","47"
"3227","384744","20220623022000","3735","0","臺北市","信義區","121.580","25.040","3197"
"694","384745","20220623022000","1122","0","臺北市","中正區","121.510","25.030","708"
"1941","384746","20220623022000","1968","0","臺北市","中正區","121.520","25.045","2002"
"2688","384747","20220623022000","3371","0","臺北市","中正區","121.505","25.030","2684"
"1471","384748","20220623022000","1207","2","臺北市","中正區","121.510","25.035","1523"
"204","384749","20220623022000","267","0","臺北市","中正區","121.515","25.035","207"
"1167","384750","20220623022000","1521","0","臺北市","中正區","121.510","25.040","1103"
"1923","384751","20220623022000","1726","1","桃園市","桃園區","121.305","25.015","1925"
"2162","384752","20220623022000","2280","0","桃園市","桃園區","121.300","25.020","2074"
"4054","384754","20220623022000","3577","1","桃園市","桃園區","121.295","25.020","3938"
"3671","384756","20220623022000","3692","0","桃園市","桃園區","121.315","25.015","3795"
"698","384757","20220623022000","2458","0","桃園市","桃園區","121.315","25.020","712"
"2031","384759","20220623022000","2261","0","桃園市","桃園區","121.305","25.005","2086"
"3762","384760","20220623022000","4216","0","臺北市","信義區","121.570","25.045","3816"
"753","384761","20220623022000","679","1","臺北市","信義區","121.575","25.015","741"
"69","384763","20220623022000","832","0","臺北市","信義區","121.575","25.020","693"
"615","384770","20220623022000","424","2","桃園市","大園區","121.225","25.015","638"
"702","384775","20220623022000","725","0","桃園市","大園區","121.230","25.020","701"
"27","384776","20220623022000","31","0","桃園市","大園區","121.235","25.020","30"
"498","384777","20220623022000","491","1","桃園市","大園區","121.240","25.020","461"
"155","384783","20220623022000","166","0","桃園市","大園區","121.230","25.025","157"
"95","384787","20220623022000","92","1","桃園市","大園區","121.220","25.035","105"
"585","384788","20220623022000","575","1","桃園市","大園區","121.225","25.035","575"
"440","384790","20220623022000","371","1","桃園市","大園區","121.165","25.050","463"
"695","384794","20220623022000","638","1","桃園市","大園區","121.160","25.055","682"
"256","384798","20220623022000","246","1","桃園市","大園區","121.175","25.055","236"
"475","384806","20220623022000","471","1","桃園市","大園區","121.175","25.030","503"
"323","384811","20220623022000","177","3","桃園市","大園區","121.180","25.035","318"
"213","384818","20220623022000","211","1","桃園市","大園區","121.215","25.035","139"
"447","384824","20220623022000","487","0","桃園市","大園區","121.215","25.045","455"
"161","384830","20220623022000","175","0","桃園市","大園區","121.215","25.055","161"
"685","384831","20220623022000","741","0","桃園市","大園區","121.220","25.055","679"
"3341","384843","20220623022000","4415","0","臺北市","松山區","121.550","25.045","3383"
"2000","384844","20220623022000","2583","0","臺北市","信義區","121.565","25.045","1984"
"83","384845","20220623022000","71","1","臺北市","南港區","121.595","25.035","77"
"2100","384846","20220623022000","2604","0","臺北市","大安區","121.535","25.020","2080"
"481","384847","20220623022000","525","0","臺北市","大安區","121.535","25.030","548"
"1362","384848","20220623022000","1083","2","臺北市","文山區","121.575","25.000","1411"
"43","384849","20220623022000","52","0","臺北市","文山區","121.590","25.000","43"
"124","384853","20220623022000","141","0","臺北市","文山區","121.585","25.005","117"
"558","384856","20220623022000","374","2","臺北市","文山區","121.570","25.010","577"
"121","384857","20220623022000","145","0","臺北市","文山區","121.575","25.010","120"
"47","384862","20220623022000","30","3","臺北市","文山區","121.590","25.010","42"
"441","384864","20220623022000","633","0","臺北市","大安區","121.540","25.010","431"
"3785","384865","20220623022000","3868","0","臺北市","文山區","121.540","25.005","3827"
"1438","384868","20220623022000","1526","0","臺北市","萬華區","121.490","25.035","1439"
"2698","384871","20220623022000","2685","1","臺北市","文山區","121.560","25.000","2479"
"1628","384874","20220623022000","1594","1","臺北市","萬華區","121.495","25.015","1628"
"123","384876","20220623022000","58","3","臺北市","信義區","121.565","25.015","123"
"3351","384878","20220623022000","3277","1","臺北市","大安區","121.550","25.035","3399"
"3529","384879","20220623022000","3232","1","臺北市","中正區","121.530","25.040","3383"
"9494","384880","20220623022000","8238","1","臺北市","大安區","121.550","25.030","9343"
"3942","384881","20220623022000","4994","0","臺北市","信義區","121.555","25.025","4051"
"1478","384882","20220623022000","998","2","臺北市","文山區","121.550","24.995","1495"
"3887","384883","20220623022000","3356","1","臺北市","文山區","121.550","25.000","3910"
"4127","384884","20220623022000","4497","0","臺北市","萬華區","121.500","25.020","4070"
"4012","384885","20220623022000","4191","0","臺北市","大安區","121.530","25.020","4054"
"4174","384886","20220623022000","3804","1","臺北市","大安區","121.540","25.035","4074"
"540","384888","20220623022000","485","1","臺北市","文山區","121.565","25.000","492"
"238","384889","20220623022000","464","0","臺北市","文山區","121.565","25.005","256"
"957","384890","20220623022000","1142","0","臺北市","文山區","121.570","25.005","898"
"100","384891","20220623022000","17","3","臺北市","文山區","121.575","24.995","96"
"43","384893","20220623022000","42","1","臺北市","文山區","121.585","24.995","41"
"343","384895","20220623022000","336","1","臺北市","文山區","121.580","25.000","362"
"277","384897","20220623022000","321","0","新北市","深坑區","121.600","25.000","250"
"3600","384898","20220623022000","4514","0","臺北市","文山區","121.540","24.995","3467"
"163","384899","20220623022000","219","0","臺北市","文山區","121.570","24.995","169"
"1847","384900","20220623022000","1633","1","臺北市","文山區","121.570","25.000","1894"
"5103","384901","20220623022000","5298","0","臺北市","文山區","121.540","25.000","5057"
"1451","384903","20220623022000","1821","0","臺北市","萬華區","121.505","25.020","1489"
"1441","384904","20220623022000","1500","0","臺北市","文山區","121.555","24.995","1451"
"1349","384905","20220623022000","1355","0","臺北市","文山區","121.560","24.995","1329"
"1649","384906","20220623022000","2262","0","臺北市","文山區","121.555","25.000","1635"
"2106","384907","20220623022000","2141","0","臺北市","文山區","121.550","25.005","2130"
"582","384908","20220623022000","479","2","臺北市","大安區","121.550","25.010","663"
"1345","384909","20220623022000","1656","0","臺北市","大安區","121.540","25.015","1343"
"605","384911","20220623022000","1691","0","臺北市","中正區","121.535","25.010","663"
"390","384913","20220623022000","1050","0","臺北市","大安區","121.545","25.010","431"
"2716","384914","20220623022000","3173","0","臺北市","大安區","121.535","25.015","2679"
"640","384916","20220623022000","1103","0","臺北市","大安區","121.545","25.015","750"
"4039","384917","20220623022000","4636","0","臺北市","大安區","121.550","25.040","3812"
"714","384918","20220623022000","961","0","臺北市","文山區","121.535","24.995","722"
"2749","384919","20220623022000","2678","1","臺北市","松山區","121.545","25.045","2884"
"3315","384920","20220623022000","3460","0","臺北市","萬華區","121.500","25.040","3238"
"752","384922","20220623022000","968","0","臺北市","萬華區","121.490","25.030","767"
"5514","384923","20220623022000","5637","0","臺北市","萬華區","121.505","25.045","5401"
"2033","384924","20220623022000","2395","0","臺北市","南港區","121.585","25.050","1768"
"1047","384925","20220623022000","1586","0","臺北市","南港區","121.590","25.050","987"
"2183","384926","20220623022000","2053","1","臺北市","南港區","121.590","25.040","2114"
"458","384927","20220623022000","653","0","臺北市","南港區","121.590","25.045","548"
"1383","384929","20220623022000","1719","0","臺北市","南港區","121.595","25.040","1572"
"400","384931","20220623022000","687","0","臺北市","南港區","121.595","25.045","405"
"51","384932","20220623022000","64","0","臺北市","南港區","121.600","25.045","47"
"1420","384933","20220623022000","1152","2","臺北市","南港區","121.595","25.050","1438"
"3625","384935","20220623022000","4365","0","臺北市","萬華區","121.495","25.030","3634"
"1877","384936","20220623022000","1490","2","臺北市","萬華區","121.490","25.025","1846"
"25","384937","20220623022000","52","0","臺北市","文山區","121.555","25.010","28"
"101","384938","20220623022000","116","0","臺北市","信義區","121.565","25.010","106"
"2413","384940","20220623022000","2997","0","臺北市","大安區","121.560","25.015","2528"
"3723","384941","20220623022000","2974","2","臺北市","松山區","121.550","25.050","3499"
"119","384942","20220623022000","233","0","臺北市","大安區","121.540","25.020","78"
"62","384943","20220623022000","1922","0","臺北市","大安區","121.540","25.025","58"
"7140","384944","20220623022000","6942","1","臺北市","松山區","121.555","25.050","6744"
"2059","384945","20220623022000","1767","1","臺北市","萬華區","121.495","25.035","2004"
"394","384946","20220623022000","379","1","臺北市","萬華區","121.495","25.040","432"
"1177","384947","20220623022000","1142","1","臺北市","文山區","121.565","24.995","1145"
"3649","384948","20220623022000","3223","1","臺北市","松山區","121.560","25.050","3471"
"3315","384949","20220623022000","4388","0","臺北市","松山區","121.565","25.050","3153"
"1762","384950","20220623022000","1403","2","臺北市","萬華區","121.490","25.020","1822"
"683","384951","20220623022000","691","0","臺北市","萬華區","121.500","25.030","594"
"3924","384952","20220623022000","4208","0","臺北市","萬華區","121.505","25.040","3808"
"4116","384955","20220623022000","4579","0","臺北市","大安區","121.535","25.040","4029"
"3755","384956","20220623022000","2629","2","臺北市","松山區","121.555","25.045","3887"
"2512","384957","20220623022000","2185","1","臺北市","松山區","121.575","25.050","2612"
"4909","384958","20220623022000","4697","1","臺北市","南港區","121.580","25.050","4711"
"222","384960","20220623022000","287","0","臺北市","信義區","121.580","25.030","226"
"2304","384961","20220623022000","3346","0","臺北市","信義區","121.580","25.035","2193"
"2285","384962","20220623022000","4472","0","臺北市","信義區","121.580","25.045","2649"
"1601","384963","20220623022000","3039","0","臺北市","萬華區","121.500","25.035","1605"
"4091","384964","20220623022000","4831","0","臺北市","松山區","121.545","25.050","3905"
"2292","384965","20220623022000","2050","1","臺北市","萬華區","121.495","25.020","2285"
"2412","384966","20220623022000","2474","0","臺北市","萬華區","121.500","25.025","2466"
"564","384968","20220623022000","441","2","臺北市","信義區","121.570","25.015","539"
"166","384969","20220623022000","1824","0","臺北市","信義區","121.570","25.020","166"
"1119","384970","20220623022000","2388","0","臺北市","信義區","121.560","25.040","1096"
"3459","384971","20220623022000","4164","0","臺北市","大安區","121.535","25.035","3405"
"2022","384972","20220623022000","2111","0","臺北市","文山區","121.545","24.995","2005"
"2054","384973","20220623022000","1688","2","臺北市","大安區","121.555","25.015","1935"
"2977","384974","20220623022000","3455","0","臺北市","大安區","121.540","25.030","2932"
"249","384975","20220623022000","215","1","臺北市","文山區","121.545","25.005","251"
"826","384976","20220623022000","713","1","臺北市","文山區","121.535","25.000","833"
"705","384977","20220623022000","944","0","臺北市","文山區","121.535","25.005","671"
"3554","384978","20220623022000","4402","0","臺北市","萬華區","121.505","25.025","3514"
"1276","384983","20220623022000","1264","1","臺北市","南港區","121.610","25.050","1255"
"15","384984","20220623022000","88","0","臺北市","南港區","121.615","25.050","15"
"957","384986","20220623022000","738","2","臺北市","南港區","121.615","25.040","910"
"2248","384987","20220623022000","2309","0","臺北市","南港區","121.615","25.045","2205"
"19","384992","20220623022000","20","0","臺北市","南港區","121.595","25.015","21"
"50","384996","20220623022000","36","2","臺北市","南港區","121.600","25.020","45"
"42","384997","20220623022000","34","2","臺北市","南港區","121.605","25.020","56"
"61","385006","20220623022000","63","0","臺北市","南港區","121.620","25.025","60"
"1020","385010","20220623022000","684","2","臺北市","南港區","121.610","25.030","1033"
"21","385015","20220623022000","640","0","臺北市","南港區","121.615","25.035","26"
"3844","385016","20220623022000","3433","1","臺北市","大安區","121.535","25.025","3768"
"2427","385018","20220623022000","3202","0","臺北市","大安區","121.545","25.020","2592"
"2116","385019","20220623022000","2389","0","臺北市","信義區","121.565","25.040","1979"
"2862","385020","20220623022000","3203","0","臺北市","信義區","121.570","25.040","2908"
"1962","385021","20220623022000","3426","0","臺北市","信義區","121.560","25.035","1940"
"1433","385022","20220623022000","1381","1","臺北市","信義區","121.565","25.035","1335"
"350","385023","20220623022000","319","1","臺北市","文山區","121.555","25.005","366"
"2226","385025","20220623022000","2179","1","臺北市","文山區","121.545","25.000","2462"
"3677","385026","20220623022000","3755","0","臺北市","萬華區","121.505","25.035","3795"
"1573","385027","20220623022000","1469","1","臺北市","萬華區","121.495","25.025","1493"
"5002","385028","20220623022000","5547","0","臺北市","大安區","121.545","25.040","4951"
"1937","385029","20220623022000","1955","0","臺北市","信義區","121.560","25.020","1905"
"3827","385033","20220623022000","3740","1","臺北市","信義區","121.585","25.040","4067"
"4049","385034","20220623022000","3634","1","臺北市","大安區","121.530","25.030","4043"
"3176","385035","20220623022000","3390","0","臺北市","大安區","121.545","25.025","3221"
"75","387378","20220623022000","39","3","新北市","貢寮區","121.920","25.075","84"
"256","391023","20220623022000","236","1","桃園市","大園區","121.240","25.115","258"
"181","392790","20220623022000","190","0","新北市","林口區","121.360","25.135","167"
"603","392791","20220623022000","557","1","基隆市","中正區(海)","121.745","25.135","638"
"86","392792","20220623022000","71","2","新北市","瑞芳區","121.805","25.135","96"
"943","393254","20220623022000","891","1","基隆市","中正區(海)","121.750","25.140","985"
"3366","394037","20220623022000","3705","0","基隆市","七堵區","121.700","25.085","3245"
"99","394044","20220623022000","62","3","基隆市","七堵區","121.715","25.105","95"
"756","394050","20220623022000","587","2","基隆市","中正區","121.760","25.140","686"
"930","394051","20220623022000","948","0","基隆市","中正區","121.755","25.135","917"
"1988","394053","20220623022000","1570","2","基隆市","安樂區","121.720","25.125","1918"
"959","394054","20220623022000","996","0","基隆市","中山區","121.730","25.145","981"
"1487","394055","20220623022000","1698","0","新北市","三重區","121.475","25.065","1463"
"1530","394056","20220623022000","1537","0","新北市","三重區","121.490","25.070","1529"
"4548","394057","20220623022000","4154","1","新北市","汐止區","121.635","25.065","4532"
"2783","394058","20220623022000","2383","1","新北市","汐止區","121.660","25.065","2916"
"21","394059","20220623022000","20","1","新北市","汐止區","121.665","25.050","15"
"1030","394060","20220623022000","1008","1","新北市","汐止區","121.670","25.055","998"
"1055","394062","20220623022000","1506","0","新北市","汐止區","121.665","25.055","1206"
"1399","394064","20220623022000","3176","0","新北市","汐止區","121.660","25.060","1679"
"1040","394066","20220623022000","712","2","基隆市","七堵區","121.695","25.080","962"
"1053","394068","20220623022000","1191","0","基隆市","七堵區","121.720","25.100","1015"
"1393","394069","20220623022000","1569","0","基隆市","中正區","121.750","25.135","1217"
"147","394070","20220623022000","189","0","基隆市","中正區","121.755","25.140","165"
"567","394072","20220623022000","524","1","基隆市","中正區","121.770","25.145","558"
"897","394074","20220623022000","1013","0","基隆市","暖暖區","121.730","25.095","956"
"368","394075","20220623022000","355","1","基隆市","暖暖區","121.735","25.105","337"
"402","394076","20220623022000","511","0","基隆市","暖暖區","121.735","25.110","394"
"635","394077","20220623022000","400","3","基隆市","暖暖區","121.740","25.100","591"
"688","394078","20220623022000","758","0","基隆市","中山區","121.735","25.135","706"
"261","394082","20220623022000","281","0","基隆市","安樂區","121.705","25.140","278"
"36","394085","20220623022000","16","3","基隆市","安樂區","121.700","25.145","25"
"2015","394090","20220623022000","1803","1","基隆市","安樂區","121.715","25.125","1946"
"2182","394091","20220623022000","2404","0","基隆市","仁愛區","121.740","25.125","2289"
"1263","394092","20220623022000","1005","2","臺北市","大同區","121.510","25.070","1251"
"4860","394093","20220623022000","3967","2","新北市","三重區","121.500","25.055","4901"
"5660","394094","20220623022000","5239","1","新北市","三重區","121.500","25.065","5681"
"308","394095","20220623022000","411","0","基隆市","中山區","121.740","25.135","407"
"2947","394096","20220623022000","3601","0","基隆市","信義區","121.755","25.130","3069"
"1002","394097","20220623022000","1189","0","基隆市","仁愛區","121.735","25.125","1027"
"451","394098","20220623022000","443","1","基隆市","安樂區","121.725","25.140","452"
"240","394099","20220623022000","1053","0","基隆市","安樂區","121.730","25.130","231"
"3139","394102","20220623022000","3101","1","新北市","五股區","121.450","25.105","3176"
"1365","394106","20220623022000","1027","2","新北市","五股區","121.440","25.090","1336"
"1237","394108","20220623022000","1173","1","新北市","五股區","121.440","25.095","1241"
"264","394109","20220623022000","227","1","新北市","五股區","121.430","25.100","266"
"99","394115","20220623022000","318","0","新北市","五股區","121.445","25.075","89"
"1246","394118","20220623022000","1204","1","新北市","五股區","121.460","25.075","1226"
"1650","394121","20220623022000","1274","2","新北市","五股區","121.455","25.080","1641"
"76","394125","20220623022000","160","0","新北市","五股區","121.430","25.085","72"
"1578","394126","20220623022000","1944","0","新北市","五股區","121.435","25.085","1635"
"39","394127","20220623022000","23","3","新北市","五股區","121.420","25.090","32"
"2455","394129","20220623022000","2551","0","新北市","五股區","121.430","25.070","2528"
"2251","394130","20220623022000","2088","1","新北市","五股區","121.435","25.070","2252"
"266","394135","20220623022000","338","0","新北市","五股區","121.425","25.070","248"
"35","394136","20220623022000","21","3","新北市","林口區","121.405","25.075","43"
"41","394138","20220623022000","28","2","新北市","五股區","121.405","25.080","37"
"390","394139","20220623022000","568","0","新北市","新莊區","121.450","25.060","389"
"802","394141","20220623022000","855","0","新北市","新莊區","121.455","25.060","819"
"217","394142","20220623022000","257","0","新北市","五股區","121.450","25.070","206"
"497","394144","20220623022000","429","1","新北市","五股區","121.455","25.070","488"
"1302","394146","20220623022000","1317","0","新北市","五股區","121.465","25.070","1284"
"526","394147","20220623022000","597","0","新北市","五股區","121.465","25.075","548"
"108","394149","20220623022000","109","0","新北市","五股區","121.435","25.105","123"
"136","394150","20220623022000","107","2","新北市","五股區","121.420","25.110","125"
"44","394166","20220623022000","34","2","新北市","五股區","121.425","25.120","51"
"100","394170","20220623022000","89","1","新北市","五股區","121.420","25.125","98"
"1239","394174","20220623022000","1232","1","基隆市","信義區","121.765","25.125","1332"
"1164","394175","20220623022000","886","2","基隆市","信義區","121.760","25.130","1145"
"789","394176","20220623022000","618","2","基隆市","中正區","121.760","25.135","691"
"398","394178","20220623022000","325","2","基隆市","七堵區","121.700","25.070","377"
"496","394179","20220623022000","572","0","基隆市","七堵區","121.695","25.075","539"
"1204","394181","20220623022000","1159","1","基隆市","七堵區","121.715","25.095","1089"
"908","394182","20220623022000","886","1","基隆市","七堵區","121.720","25.095","882"
"957","394185","20220623022000","975","0","基隆市","中山區","121.720","25.140","962"
"2627","394186","20220623022000","2939","0","基隆市","中山區","121.725","25.145","2626"
"1372","394187","20220623022000","1140","2","新北市","五股區","121.435","25.090","1349"
"595","394188","20220623022000","480","2","新北市","五股區","121.440","25.080","601"
"842","394189","20220623022000","1294","0","新北市","五股區","121.440","25.085","857"
"62","394191","20220623022000","49","2","新北市","五股區","121.415","25.085","60"
"90","394193","20220623022000","86","1","新北市","五股區","121.415","25.090","91"
"72","394196","20220623022000","70","1","新北市","五股區","121.410","25.100","72"
"172","394202","20220623022000","185","0","新北市","五股區","121.405","25.110","186"
"35","394207","20220623022000","50","0","新北市","五股區","121.410","25.110","36"
"14","394208","20220623022000","16","0","新北市","八里區","121.400","25.115","13"
"240","394211","20220623022000","245","0","新北市","五股區","121.425","25.095","249"
"98","394214","20220623022000","523","0","新北市","泰山區","121.435","25.065","106"
"122","394216","20220623022000","122","1","新北市","五股區","121.415","25.075","117"
"133","394218","20220623022000","141","0","新北市","五股區","121.425","25.075","117"
"927","394220","20220623022000","856","1","新北市","五股區","121.435","25.075","902"
"50","394223","20220623022000","38","2","新北市","五股區","121.420","25.080","48"
"1044","394226","20220623022000","1043","1","新北市","五股區","121.435","25.080","1030"
"1505","394227","20220623022000","1202","2","新北市","五股區","121.445","25.090","1473"
"1113","394229","20220623022000","1008","1","新北市","五股區","121.445","25.095","1119"
"37","394230","20220623022000","455","0","新北市","五股區","121.450","25.095","31"
"838","394234","20220623022000","1432","0","新北市","五股區","121.450","25.100","822"
"5140","394235","20220623022000","4733","1","新北市","三重區","121.495","25.070","5057"
"3586","394236","20220623022000","3318","1","新北市","三重區","121.500","25.070","3603"
"4565","394237","20220623022000","4873","0","新北市","三重區","121.490","25.065","4519"
"4209","394238","20220623022000","2471","3","基隆市","中正區","121.785","25.135","4251"
"3201","394242","20220623022000","3117","1","基隆市","安樂區","121.720","25.120","3276"
"1495","394243","20220623022000","2146","0","新北市","三重區","121.505","25.060","1507"
"4286","394244","20220623022000","4751","0","新北市","三重區","121.480","25.060","4276"
"2460","394247","20220623022000","2484","0","新北市","三重區","121.485","25.070","2455"
"1172","394248","20220623022000","677","3","基隆市","中正區","121.790","25.135","1174"
"1296","394252","20220623022000","1057","2","基隆市","信義區","121.765","25.130","1256"
"95","394254","20220623022000","486","0","基隆市","信義區","121.770","25.135","72"
"1454","394258","20220623022000","1763","0","基隆市","信義區","121.770","25.130","1558"
"1087","394259","20220623022000","1003","1","基隆市","信義區","121.775","25.130","962"
"62","394262","20220623022000","56","1","基隆市","信義區","121.790","25.115","60"
"54","394265","20220623022000","45","2","基隆市","信義區","121.790","25.120","69"
"324","394266","20220623022000","515","0","基隆市","信義區","121.785","25.125","557"
"2050","394270","20220623022000","2321","0","基隆市","信義區","121.775","25.135","2130"
"635","394272","20220623022000","692","0","基隆市","安樂區","121.725","25.135","622"
"1598","394273","20220623022000","1881","0","基隆市","安樂區","121.715","25.140","1701"
"2121","394275","20220623022000","2348","0","基隆市","中山區","121.735","25.130","2056"
"358","394276","20220623022000","1063","0","基隆市","安樂區","121.725","25.125","337"
"1557","394277","20220623022000","1540","1","基隆市","安樂區","121.725","25.130","1525"
"219","394278","20220623022000","270","0","基隆市","中山區","121.720","25.145","207"
"1530","394280","20220623022000","1457","1","基隆市","仁愛區","121.740","25.130","1541"
"1029","394281","20220623022000","890","1","基隆市","安樂區","121.730","25.135","1022"
"3395","394282","20220623022000","3108","1","新北市","三重區","121.490","25.075","3300"
"4719","394283","20220623022000","5025","0","新北市","三重區","121.490","25.060","4700"
"2406","394284","20220623022000","3175","0","新北市","三重區","121.495","25.060","2340"
"677","394285","20220623022000","615","1","基隆市","中山區","121.740","25.145","644"
"1729","394288","20220623022000","1830","0","基隆市","安樂區","121.710","25.140","1707"
"1412","394290","20220623022000","1258","1","基隆市","安樂區","121.710","25.150","1330"
"882","394291","20220623022000","665","2","基隆市","中山區","121.715","25.145","927"
"56","394292","20220623022000","429","0","新北市","三重區","121.485","25.065","54"
"831","394293","20220623022000","1044","0","臺北市","大同區","121.510","25.075","837"
"4434","394294","20220623022000","4511","0","新北市","三重區","121.500","25.060","4468"
"1581","394295","20220623022000","1135","2","新北市","三重區","121.475","25.055","1594"
"237","394297","20220623022000","225","1","新北市","五股區","121.460","25.070","268"
"326","394298","20220623022000","301","1","新北市","三重區","121.470","25.060","309"
"810","394299","20220623022000","829","0","新北市","三重區","121.470","25.065","812"
"814","394301","20220623022000","778","1","新北市","三重區","121.505","25.075","770"
"2656","394302","20220623022000","2745","0","新北市","三重區","121.485","25.080","2770"
"250","394303","20220623022000","341","0","基隆市","中山區","121.740","25.140","278"
"1104","394304","20220623022000","1059","1","新北市","三重區","121.470","25.070","1135"
"240","394305","20220623022000","295","0","基隆市","信義區","121.780","25.135","222"
"826","394306","20220623022000","1567","0","基隆市","信義區","121.780","25.130","858"
"1145","394307","20220623022000","1080","1","基隆市","信義區","121.780","25.140","1144"
"743","394308","20220623022000","724","1","基隆市","中正區","121.785","25.140","741"
"284","394312","20220623022000","158","3","基隆市","信義區","121.775","25.125","273"
"1020","394313","20220623022000","1149","0","基隆市","信義區","121.780","25.125","989"
"112","394317","20220623022000","105","1","新北市","瑞芳區","121.760","25.110","99"
"26","394320","20220623022000","36","0","基隆市","信義區","121.765","25.115","25"
"407","394321","20220623022000","323","2","基隆市","信義區","121.765","25.120","385"
"1110","394324","20220623022000","957","1","基隆市","信義區","121.760","25.125","1027"
"1603","394325","20220623022000","1941","0","新北市","三重區","121.490","25.085","1626"
"548","394326","20220623022000","644","0","新北市","三重區","121.490","25.090","584"
"200","394327","20220623022000","98","3","新北市","三重區","121.495","25.090","226"
"1769","394329","20220623022000","1536","1","新北市","三重區","121.475","25.070","1765"
"3118","394330","20220623022000","3103","1","新北市","三重區","121.480","25.070","3122"
"2509","394332","20220623022000","1425","3","新北市","泰山區","121.430","25.065","2462"
"1004","394333","20220623022000","1009","0","新北市","泰山區","121.440","25.060","1001"
"485","394335","20220623022000","437","1","基隆市","中山區","121.735","25.140","447"
"111","394336","20220623022000","1044","0","基隆市","中山區","121.730","25.140","71"
"121","394337","20220623022000","485","0","基隆市","暖暖區","121.735","25.100","127"
"28","394358","20220623022000","44","0","基隆市","暖暖區","121.755","25.075","19"
"57","394364","20220623022000","40","2","基隆市","暖暖區","121.745","25.085","50"
"760","394398","20220623022000","630","2","基隆市","暖暖區","121.740","25.090","739"
"22","394401","20220623022000","215","0","基隆市","暖暖區","121.735","25.095","21"
"30","394402","20220623022000","643","0","基隆市","暖暖區","121.740","25.095","21"
"4314","394404","20220623022000","4062","1","基隆市","暖暖區","121.755","25.095","4222"
"60","394405","20220623022000","803","0","基隆市","暖暖區","121.750","25.090","54"
"517","394407","20220623022000","408","2","基隆市","暖暖區","121.750","25.095","459"
"1616","394413","20220623022000","1525","1","基隆市","暖暖區","121.740","25.105","1640"
"217","394418","20220623022000","244","0","基隆市","暖暖區","121.730","25.100","235"
"1123","394422","20220623022000","1067","1","基隆市","安樂區","121.705","25.145","1170"
"1872","394423","20220623022000","1405","2","基隆市","安樂區","121.710","25.145","1880"
"2909","394426","20220623022000","3359","0","新北市","三重區","121.490","25.080","2847"
"1758","394427","20220623022000","1910","0","新北市","三重區","121.485","25.075","1716"
"4221","394428","20220623022000","4200","1","新北市","三重區","121.480","25.075","4235"
"25","394429","20220623022000","199","0","基隆市","中山區","121.735","25.145","31"
"5313","394430","20220623022000","5736","0","新北市","三重區","121.495","25.065","5406"
"2675","394435","20220623022000","2708","0","基隆市","仁愛區","121.745","25.125","2628"
"859","394436","20220623022000","832","1","基隆市","仁愛區","121.745","25.120","830"
"2764","394438","20220623022000","3077","0","新北市","三重區","121.485","25.060","2736"
"1534","394441","20220623022000","1490","1","基隆市","暖暖區","121.750","25.100","1650"
"884","394442","20220623022000","885","0","基隆市","安樂區","121.730","25.115","860"
"2903","394444","20220623022000","2568","1","基隆市","安樂區","121.725","25.120","2900"
"714","394447","20220623022000","1156","0","新北市","三重區","121.495","25.075","692"
"2822","394450","20220623022000","2734","1","新北市","三重區","121.495","25.085","2838"
"5016","394451","20220623022000","4607","1","新北市","三重區","121.480","25.065","5035"
"290","394458","20220623022000","305","0","基隆市","暖暖區","121.730","25.110","325"
"650","394461","20220623022000","454","2","基隆市","七堵區","121.700","25.075","680"
"190","394464","20220623022000","197","0","基隆市","七堵區","121.705","25.085","184"
"856","394466","20220623022000","830","1","基隆市","七堵區","121.705","25.090","848"
"226","394467","20220623022000","201","1","基隆市","七堵區","121.700","25.095","204"
"845","394470","20220623022000","798","1","基隆市","七堵區","121.665","25.090","839"
"24","394480","20220623022000","19","2","基隆市","七堵區","121.670","25.100","30"
"499","394492","20220623022000","375","2","基隆市","七堵區","121.670","25.105","482"
"46","394500","20220623022000","44","1","基隆市","七堵區","121.660","25.115","47"
"71","394518","20220623022000","78","0","基隆市","七堵區","121.660","25.130","71"
"80","394538","20220623022000","326","0","基隆市","七堵區","121.695","25.085","69"
"1335","394546","20220623022000","1279","1","基隆市","七堵區","121.685","25.075","1410"
"542","394547","20220623022000","414","2","基隆市","七堵區","121.690","25.075","572"
"1107","394550","20220623022000","898","2","基隆市","七堵區","121.690","25.085","1129"
"2933","394551","20220623022000","3258","0","基隆市","中正區","121.745","25.130","2893"
"123","394552","20220623022000","429","0","基隆市","仁愛區","121.740","25.120","115"
"1869","394553","20220623022000","1469","2","基隆市","信義區","121.750","25.130","1784"
"277","394554","20220623022000","628","0","基隆市","仁愛區","121.750","25.125","236"
"507","394555","20220623022000","774","0","基隆市","中正區","121.765","25.140","532"
"246","394556","20220623022000","200","2","基隆市","中正區","121.795","25.125","239"
"266","394559","20220623022000","149","3","基隆市","中正區","121.795","25.130","259"
"1486","394564","20220623022000","1550","0","基隆市","中正區","121.790","25.140","1557"
"1236","394565","20220623022000","1156","1","基隆市","中正區","121.795","25.140","1250"
"1623","394567","20220623022000","1477","1","基隆市","中正區","121.760","25.145","1603"
"1126","394570","20220623022000","1022","1","基隆市","安樂區","121.715","25.120","1065"
"1075","394576","20220623022000","1229","0","基隆市","安樂區","121.715","25.130","1282"
"25","394582","20220623022000","37","0","基隆市","仁愛區","121.740","25.110","29"
"93","394583","20220623022000","81","1","基隆市","仁愛區","121.745","25.110","105"
"474","394586","20220623022000","521","0","基隆市","仁愛區","121.745","25.115","496"
"107","394587","20220623022000","98","1","基隆市","仁愛區","121.750","25.115","88"
"323","394590","20220623022000","190","3","基隆市","七堵區","121.710","25.100","298"
"2640","394592","20220623022000","2515","1","基隆市","七堵區","121.715","25.100","2932"
"120","394607","20220623022000","76","3","基隆市","七堵區","121.710","25.085","108"
"1669","394611","20220623022000","1920","0","基隆市","七堵區","121.710","25.090","1656"
"216","394613","20220623022000","187","1","基隆市","七堵區","121.720","25.090","194"
"25","394617","20220623022000","26","0","基隆市","七堵區","121.680","25.100","29"
"64","394625","20220623022000","64","1","基隆市","七堵區","121.695","25.105","67"
"46","394632","20220623022000","41","1","基隆市","七堵區","121.690","25.115","46"
"56","394634","20220623022000","50","1","基隆市","七堵區","121.700","25.115","51"
"17","394645","20220623022000","25","0","基隆市","安樂區","121.700","25.130","11"
"95","394660","20220623022000","81","1","基隆市","七堵區","121.680","25.120","90"
"38","394663","20220623022000","19","3","基隆市","七堵區","121.680","25.125","43"
"321","394685","20220623022000","265","2","新北市","蘆洲區","121.485","25.090","305"
"691","394686","20220623022000","733","0","新北市","汐止區","121.630","25.060","717"
"2134","394687","20220623022000","1333","3","新北市","汐止區","121.620","25.065","2178"
"2232","394688","20220623022000","2146","1","新北市","汐止區","121.625","25.065","2225"
"15","394694","20220623022000","15","1","新北市","八里區","121.415","25.145","11"
"795","394705","20220623022000","1015","0","新北市","八里區","121.450","25.140","774"
"41","394716","20220623022000","32","2","新北市","八里區","121.415","25.130","41"
"111","394724","20220623022000","118","0","新北市","八里區","121.410","25.145","112"
"20","394725","20220623022000","256","0","新北市","八里區","121.405","25.150","23"
"465","394726","20220623022000","523","0","新北市","八里區","121.410","25.150","424"
"72","394731","20220623022000","91","0","新北市","八里區","121.405","25.125","67"
"1819","394740","20220623022000","1615","1","新北市","蘆洲區","121.465","25.090","1785"
"3202","394741","20220623022000","3261","0","新北市","蘆洲區","121.460","25.085","3142"
"1700","394742","20220623022000","2195","0","新北市","蘆洲區","121.465","25.085","1762"
"2081","394743","20220623022000","2051","1","新北市","蘆洲區","121.460","25.090","2082"
"778","394744","20220623022000","1432","0","新北市","蘆洲區","121.460","25.095","790"
"241","394745","20220623022000","626","0","新北市","蘆洲區","121.475","25.075","237"
"1098","394746","20220623022000","1307","0","新北市","蘆洲區","121.475","25.090","1084"
"2159","394747","20220623022000","1753","2","新北市","蘆洲區","121.470","25.095","2532"
"26","394748","20220623022000","277","0","新北市","蘆洲區","121.475","25.095","22"
"279","394749","20220623022000","391","0","新北市","蘆洲區","121.470","25.100","279"
"578","394750","20220623022000","1702","0","新北市","新莊區","121.460","25.060","598"
"1943","394751","20220623022000","2389","0","新北市","新莊區","121.465","25.060","1931"
"1433","394752","20220623022000","1297","1","新北市","五股區","121.465","25.065","1160"
"379","394787","20220623022000","496","0","新北市","瑞芳區","121.770","25.100","360"
"73","394798","20220623022000","48","3","新北市","瑞芳區","121.825","25.085","62"
"10","394809","20220623022000","10","1","新北市","瑞芳區","121.815","25.120","10"
"496","394810","20220623022000","460","1","新北市","瑞芳區","121.820","25.120","450"
"1330","394819","20220623022000","1244","1","新北市","五股區","121.430","25.090","1318"
"2341","394821","20220623022000","1876","2","新北市","八里區","121.395","25.145","2279"
"29","394822","20220623022000","26","1","新北市","八里區","121.390","25.150","25"
"1956","394824","20220623022000","1591","2","新北市","八里區","121.400","25.150","1985"
"45","394829","20220623022000","47","0","新北市","八里區","121.400","25.100","46"
"66","394833","20220623022000","92","0","新北市","八里區","121.390","25.110","70"
"252","394843","20220623022000","332","0","新北市","林口區","121.375","25.120","239"
"455","394854","20220623022000","454","1","新北市","八里區","121.385","25.130","466"
"1687","394858","20220623022000","1554","1","新北市","瑞芳區","121.805","25.105","1676"
"13","394863","20220623022000","32","0","新北市","瑞芳區","121.795","25.085","16"
"79","394867","20220623022000","96","0","新北市","瑞芳區","121.795","25.090","79"
"692","394873","20220623022000","393","3","新北市","瑞芳區","121.785","25.095","658"
"75","394878","20220623022000","63","1","新北市","瑞芳區","121.790","25.100","79"
"527","394885","20220623022000","485","1","新北市","瑞芳區","121.790","25.110","518"
"64","394894","20220623022000","62","1","新北市","瑞芳區","121.825","25.090","73"
"347","394924","20220623022000","229","3","新北市","瑞芳區","121.760","25.100","316"
"25","394926","20220623022000","26","0","新北市","瑞芳區","121.760","25.105","15"
"33","394932","20220623022000","25","2","新北市","瑞芳區","121.775","25.110","31"
"24","394934","20220623022000","23","1","新北市","瑞芳區","121.770","25.115","27"
"360","394937","20220623022000","385","0","新北市","瑞芳區","121.845","25.110","343"
"107","394943","20220623022000","92","1","新北市","瑞芳區","121.830","25.095","96"
"296","394949","20220623022000","288","1","新北市","瑞芳區","121.840","25.095","343"
"236","394954","20220623022000","242","0","新北市","瑞芳區","121.850","25.105","240"
"242","394965","20220623022000","283","0","新北市","瑞芳區","121.815","25.105","244"
"89","394966","20220623022000","128","0","新北市","五股區","121.455","25.115","84"
"658","394972","20220623022000","550","1","新北市","八里區","121.450","25.125","674"
"925","394973","20220623022000","1027","0","新北市","八里區","121.455","25.125","993"
"950","394979","20220623022000","887","1","新北市","八里區","121.450","25.130","933"
"549","394985","20220623022000","518","1","新北市","八里區","121.450","25.135","560"
"2580","394986","20220623022000","2290","1","新北市","汐止區","121.640","25.065","2588"
"304","394991","20220623022000","310","0","桃園市","觀音區","121.120","25.060","284"
"377","394992","20220623022000","357","1","桃園市","觀音區","121.125","25.060","363"
"16","394993","20220623022000","113","0","桃園市","觀音區","121.130","25.060","16"
"347","394996","20220623022000","299","1","桃園市","觀音區","121.110","25.065","328"
"542","395000","20220623022000","488","1","桃園市","觀音區","121.130","25.065","531"
"169","395008","20220623022000","176","0","桃園市","觀音區","121.135","25.060","167"
"1033","395014","20220623022000","1238","0","桃園市","蘆竹區","121.285","25.070","1064"
"175","395019","20220623022000","392","0","桃園市","蘆竹區","121.285","25.075","171"
"364","395023","20220623022000","351","1","桃園市","蘆竹區","121.285","25.080","377"
"593","395029","20220623022000","637","0","桃園市","蘆竹區","121.255","25.110","661"
"149","395030","20220623022000","199","0","桃園市","蘆竹區","121.260","25.110","155"
"200","395031","20220623022000","271","0","桃園市","蘆竹區","121.265","25.110","233"
"361","395032","20220623022000","282","2","桃園市","蘆竹區","121.270","25.110","357"
"206","395038","20220623022000","195","1","桃園市","蘆竹區","121.255","25.115","204"
"1641","395042","20220623022000","1747","0","桃園市","蘆竹區","121.295","25.060","1598"
"1296","395043","20220623022000","1235","1","桃園市","蘆竹區","121.300","25.060","1328"
"17","395046","20220623022000","15","1","桃園市","蘆竹區","121.315","25.060","11"
"238","395057","20220623022000","225","1","新北市","瑞芳區","121.860","25.125","245"
"16","395074","20220623022000","22","0","新北市","貢寮區","121.910","25.085","16"
"118","395083","20220623022000","205","0","新北市","雙溪區","121.875","25.090","278"
"33","395098","20220623022000","22","3","新北市","貢寮區","121.915","25.095","27"
"80","395109","20220623022000","75","1","新北市","貢寮區","121.920","25.105","82"
"350","395119","20220623022000","339","1","新北市","貢寮區","121.925","25.055","354"
"297","395121","20220623022000","244","2","新北市","貢寮區","121.925","25.060","293"
"45","395125","20220623022000","40","1","新北市","貢寮區","121.925","25.065","65"
"123","395129","20220623022000","346","0","新北市","新莊區","121.455","25.065","115"
"840","395130","20220623022000","858","0","新北市","五股區","121.445","25.065","924"
"428","395131","20220623022000","579","0","新北市","泰山區","121.435","25.060","446"
"177","395132","20220623022000","314","0","新北市","汐止區","121.645","25.060","170"
"3316","395133","20220623022000","2821","1","新北市","汐止區","121.665","25.065","3471"
"210","395134","20220623022000","187","1","桃園市","蘆竹區","121.270","25.060","213"
"407","395135","20220623022000","627","0","桃園市","蘆竹區","121.275","25.060","404"
"792","395137","20220623022000","691","1","桃園市","蘆竹區","121.265","25.065","788"
"796","395141","20220623022000","773","1","桃園市","蘆竹區","121.270","25.070","775"
"2988","395143","20220623022000","3861","0","新北市","蘆洲區","121.470","25.090","2982"
"23","395145","20220623022000","27","0","新北市","瑞芳區","121.835","25.110","27"
"16","395147","20220623022000","15","1","新北市","瑞芳區","121.830","25.115","12"
"220","395149","20220623022000","141","3","新北市","瑞芳區","121.840","25.115","202"
"174","395156","20220623022000","159","1","新北市","瑞芳區","121.830","25.125","188"
"11","395157","20220623022000","10","1","新北市","瑞芳區","121.835","25.125","10"
"155","395163","20220623022000","446","0","新北市","瑞芳區","121.815","25.130","152"
"1660","395173","20220623022000","1640","1","新北市","瑞芳區","121.810","25.105","1649"
"2543","395174","20220623022000","2117","2","新北市","泰山區","121.445","25.060","2543"
"788","395175","20220623022000","641","2","新北市","五股區","121.450","25.065","771"
"1368","395176","20220623022000","1455","0","新北市","新莊區","121.460","25.065","1503"
"41","395186","20220623022000","38","1","新北市","萬里區","121.605","25.145","41"
"2490","395203","20220623022000","2327","1","新北市","蘆洲區","121.470","25.085","2449"
"76","395204","20220623022000","199","0","新北市","蘆洲區","121.465","25.095","65"
"14","395205","20220623022000","12","1","新北市","蘆洲區","121.465","25.100","19"
"2650","395206","20220623022000","2448","1","新北市","汐止區","121.630","25.065","2732"
"2667","395207","20220623022000","2168","2","新北市","汐止區","121.630","25.070","2719"
"1672","395208","20220623022000","1849","0","新北市","汐止區","121.645","25.065","1651"
"24","395223","20220623022000","26","0","新北市","瑞芳區","121.820","25.060","22"
"68","395239","20220623022000","62","1","新北市","瑞芳區","121.840","25.105","63"
"187","395245","20220623022000","145","2","新北市","瑞芳區","121.855","25.105","154"
"91","395253","20220623022000","78","1","新北市","瑞芳區","121.915","25.120","94"
"237","395254","20220623022000","247","0","新北市","瑞芳區","121.915","25.125","250"
"261","395256","20220623022000","176","2","新北市","瑞芳區","121.795","25.110","256"
"13","395257","20220623022000","501","0","新北市","瑞芳區","121.800","25.110","13"
"53","395269","20220623022000","34","3","新北市","泰山區","121.385","25.065","47"
"455","395270","20220623022000","279","3","桃園市","龜山區","121.390","25.060","446"
"163","395273","20220623022000","125","2","新北市","泰山區","121.390","25.065","183"
"1644","395280","20220623022000","1717","0","新北市","淡水區","121.465","25.135","1639"
"19","395284","20220623022000","15","2","新北市","雙溪區","121.855","25.050","20"
"278","395287","20220623022000","245","1","新北市","雙溪區","121.850","25.055","260"
"3319","395319","20220623022000","4088","0","新北市","三重區","121.495","25.080","3314"
"2042","395320","20220623022000","2268","0","新北市","三重區","121.475","25.060","2015"
"730","395322","20220623022000","741","0","新北市","五股區","121.455","25.105","771"
"47","395323","20220623022000","50","0","新北市","五股區","121.450","25.110","49"
"51","395324","20220623022000","73","0","新北市","五股區","121.455","25.110","49"
"181","395329","20220623022000","741","0","新北市","五股區","121.445","25.105","197"
"31","395331","20220623022000","57","0","新北市","五股區","121.445","25.110","31"
"22","395344","20220623022000","115","0","新北市","八里區","121.375","25.140","24"
"292","395346","20220623022000","371","0","新北市","八里區","121.385","25.140","298"
"106","395349","20220623022000","72","2","新北市","瑞芳區","121.800","25.100","103"
"709","395350","20220623022000","748","0","新北市","瑞芳區","121.800","25.105","705"
"458","395351","20220623022000","448","1","新北市","瑞芳區","121.820","25.105","479"
"1264","395357","20220623022000","1401","0","新北市","汐止區","121.670","25.070","1192"
"775","395361","20220623022000","739","1","桃園市","蘆竹區","121.285","25.060","778"
"1343","395362","20220623022000","801","3","桃園市","蘆竹區","121.290","25.060","1356"
"26","395363","20220623022000","42","0","桃園市","蘆竹區","121.320","25.060","32"
"285","395367","20220623022000","217","2","桃園市","觀音區","121.140","25.065","278"
"759","395388","20220623022000","608","2","桃園市","蘆竹區","121.265","25.085","767"
"107","395395","20220623022000","107","1","桃園市","蘆竹區","121.265","25.095","93"
"316","395397","20220623022000","194","3","桃園市","蘆竹區","121.275","25.095","325"
"805","395400","20220623022000","642","2","桃園市","蘆竹區","121.260","25.100","742"
"20","395417","20220623022000","26","0","桃園市","蘆竹區","121.330","25.065","16"
"160","395420","20220623022000","109","2","桃園市","蘆竹區","121.325","25.065","158"
"80","395423","20220623022000","62","2","桃園市","蘆竹區","121.340","25.070","76"
"201","395424","20220623022000","164","2","桃園市","蘆竹區","121.345","25.065","201"
"10","395433","20220623022000","127","0","桃園市","蘆竹區","121.315","25.075","10"
"49","395436","20220623022000","37","2","桃園市","蘆竹區","121.330","25.075","37"
"144","395447","20220623022000","204","0","桃園市","蘆竹區","121.300","25.080","130"
"243","395448","20220623022000","206","1","桃園市","蘆竹區","121.305","25.080","234"
"65","395464","20220623022000","53","2","桃園市","蘆竹區","121.325","25.090","59"
"1220","395471","20220623022000","1075","1","桃園市","蘆竹區","121.280","25.085","1247"
"925","395473","20220623022000","742","2","桃園市","蘆竹區","121.290","25.085","916"
"15","395480","20220623022000","13","1","桃園市","蘆竹區","121.295","25.095","11"
"3017","395483","20220623022000","3094","0","新北市","蘆洲區","121.470","25.080","2955"
"5123","395484","20220623022000","4909","1","新北市","蘆洲區","121.465","25.080","5055"
"5359","395485","20220623022000","6327","0","新北市","三重區","121.485","25.085","5305"
"2909","395486","20220623022000","2933","0","新北市","蘆洲區","121.455","25.090","2937"
"1842","395487","20220623022000","2467","0","新北市","蘆洲區","121.475","25.080","1817"
"1288","395488","20220623022000","1293","0","新北市","汐止區","121.665","25.075","1335"
"728","395489","20220623022000","762","0","新北市","汐止區","121.650","25.060","697"
"3664","395490","20220623022000","3177","1","新北市","汐止區","121.655","25.060","3844"
"27","395491","20220623022000","20","2","新北市","汐止區","121.625","25.070","24"
"421","395492","20220623022000","381","1","新北市","汐止區","121.625","25.075","441"
"1671","395493","20220623022000","1558","1","新北市","汐止區","121.630","25.080","1651"
"405","395495","20220623022000","459","0","新北市","汐止區","121.650","25.080","420"
"1337","395499","20220623022000","1295","1","新北市","汐止區","121.645","25.090","1311"
"23","395501","20220623022000","37","0","新北市","汐止區","121.655","25.090","25"
"181","395508","20220623022000","374","0","新北市","汐止區","121.650","25.055","190"
"3032","395509","20220623022000","2849","1","新北市","汐止區","121.655","25.055","3366"
"839","395512","20220623022000","1073","0","新北市","汐止區","121.655","25.065","808"
"26","395526","20220623022000","24","1","新北市","汐止區","121.715","25.055","23"
"169","395530","20220623022000","136","2","新北市","汐止區","121.700","25.060","174"
"1181","395539","20220623022000","1125","1","新北市","汐止區","121.635","25.055","1093"
"2498","395541","20220623022000","2154","1","新北市","汐止區","121.635","25.060","2381"
"2496","395542","20220623022000","1812","2","新北市","汐止區","121.640","25.060","2539"
"3224","395544","20220623022000","2255","2","新北市","林口區","121.375","25.070","3201"
"1314","395546","20220623022000","966","2","新北市","林口區","121.400","25.075","1345"
"333","395548","20220623022000","407","0","新北市","林口區","121.400","25.080","332"
"104","395549","20220623022000","149","0","新北市","林口區","121.400","25.085","111"
"264","395550","20220623022000","237","1","新北市","林口區","121.405","25.085","240"
"29","395553","20220623022000","16","3","新北市","林口區","121.405","25.095","21"
"69","395555","20220623022000","187","0","新北市","林口區","121.405","25.100","75"
"81","395557","20220623022000","222","0","新北市","林口區","121.400","25.065","85"
"2548","395558","20220623022000","1996","2","新北市","林口區","121.390","25.075","2395"
"1052","395559","20220623022000","1191","0","新北市","林口區","121.395","25.075","1024"
"16","395560","20220623022000","24","0","新北市","林口區","121.385","25.090","12"
"883","395561","20220623022000","813","1","新北市","林口區","121.390","25.090","870"
"617","395565","20220623022000","646","0","新北市","林口區","121.385","25.100","618"
"81","395570","20220623022000","72","1","新北市","林口區","121.385","25.110","84"
"5261","395571","20220623022000","3767","2","新北市","林口區","121.375","25.075","5387"
"1181","395572","20220623022000","1267","0","新北市","林口區","121.380","25.075","1186"
"1839","395574","20220623022000","1925","0","新北市","林口區","121.370","25.080","1860"
"1470","395575","20220623022000","1328","1","新北市","林口區","121.375","25.080","1486"
"1469","395576","20220623022000","880","3","新北市","林口區","121.380","25.080","1484"
"877","395579","20220623022000","657","2","新北市","林口區","121.370","25.085","884"
"2343","395580","20220623022000","2359","0","新北市","林口區","121.375","25.085","2356"
"34","395587","20220623022000","36","0","新北市","林口區","121.365","25.110","33"
"13","395603","20220623022000","28","0","新北市","林口區","121.390","25.080","10"
"454","395604","20220623022000","422","1","新北市","林口區","121.385","25.085","468"
"673","395606","20220623022000","898","0","新北市","汐止區","121.655","25.070","663"
"1943","395607","20220623022000","2005","0","新北市","汐止區","121.660","25.070","1941"
"30","395616","20220623022000","21","2","桃園市","大園區","121.260","25.065","25"
"648","395617","20220623022000","588","1","新北市","汐止區","121.635","25.070","661"
"2821","395618","20220623022000","2036","2","新北市","汐止區","121.640","25.070","2815"
"789","395619","20220623022000","832","0","新北市","汐止區","121.640","25.075","672"
"2561","395622","20220623022000","2073","2","新北市","汐止區","121.640","25.080","2576"
"453","395623","20220623022000","481","0","新北市","汐止區","121.635","25.085","466"
"481","395625","20220623022000","654","0","新北市","汐止區","121.635","25.075","449"
"215","395628","20220623022000","223","0","新北市","汐止區","121.640","25.100","221"
"119","395641","20220623022000","80","2","新北市","汐止區","121.620","25.115","119"
"47","395643","20220623022000","48","0","新北市","汐止區","121.630","25.115","53"
"30","395653","20220623022000","33","0","新北市","汐止區","121.605","25.125","28"
"517","395667","20220623022000","376","2","新北市","汐止區","121.615","25.135","531"
"1722","395672","20220623022000","1571","1","新北市","淡水區","121.460","25.130","1748"
"2760","395673","20220623022000","3726","0","新北市","淡水區","121.460","25.135","2695"
"2007","395675","20220623022000","2759","0","新北市","淡水區","121.460","25.140","1990"
"1076","395676","20220623022000","1019","1","新北市","淡水區","121.465","25.140","1078"
"1548","395691","20220623022000","1122","2","新北市","汐止區","121.675","25.065","1284"
"1941","395692","20220623022000","1659","1","新北市","汐止區","121.665","25.080","1913"
"352","395698","20220623022000","509","0","新北市","汐止區","121.670","25.075","314"
"604","395699","20220623022000","884","0","新北市","汐止區","121.675","25.075","575"
"373","395701","20220623022000","316","1","新北市","汐止區","121.610","25.105","372"
"121","395703","20220623022000","166","0","新北市","汐止區","121.605","25.110","139"
"1587","395715","20220623022000","1944","0","新北市","泰山區","121.430","25.060","1631"
"506","395717","20220623022000","1583","0","新北市","泰山區","121.425","25.065","539"
"3259","395718","20220623022000","3259","1","新北市","蘆洲區","121.480","25.090","3297"
"453","395719","20220623022000","536","0","新北市","蘆洲區","121.480","25.095","508"
"45","395724","20220623022000","24","3","桃園市","蘆竹區","121.300","25.100","43"
"182","395727","20220623022000","161","1","新北市","林口區","121.290","25.105","172"
"181","395732","20220623022000","210","0","新北市","林口區","121.315","25.105","185"
"29","395735","20220623022000","37","0","新北市","林口區","121.295","25.110","28"
"65","395748","20220623022000","84","0","新北市","林口區","121.295","25.115","60"
"150","395749","20220623022000","114","2","新北市","林口區","121.300","25.115","152"
"62","395752","20220623022000","63","0","新北市","林口區","121.295","25.120","67"
"2835","395755","20220623022000","2784","1","新北市","林口區","121.385","25.080","2798"
"990","395756","20220623022000","867","1","新北市","林口區","121.380","25.085","1008"
"585","395757","20220623022000","568","1","新北市","林口區","121.375","25.090","573"
"3712","395768","20220623022000","3610","1","新北市","林口區","121.365","25.065","3786"
"3331","395769","20220623022000","2781","1","新北市","汐止區","121.665","25.070","3273"
"23","395773","20220623022000","20","1","新北市","汐止區","121.675","25.070","26"
"560","395774","20220623022000","505","1","新北市","汐止區","121.680","25.070","556"
"207","395775","20220623022000","197","1","新北市","汐止區","121.685","25.070","430"
"737","395777","20220623022000","691","1","新北市","汐止區","121.675","25.080","749"
"561","395784","20220623022000","486","1","新北市","汐止區","121.645","25.080","559"
"39","395791","20220623022000","131","0","新北市","汐止區","121.640","25.095","41"
"260","395805","20220623022000","609","0","新北市","林口區","121.390","25.070","414"
"854","395806","20220623022000","582","2","新北市","林口區","121.385","25.075","824"
"156","395809","20220623022000","119","2","新北市","林口區","121.345","25.085","164"
"18","395833","20220623022000","36","0","新北市","林口區","121.340","25.100","19"
"27","395837","20220623022000","27","1","新北市","林口區","121.330","25.105","34"
"2645","395840","20220623022000","2420","1","桃園市","龜山區","121.375","25.065","2616"
"1189","395843","20220623022000","987","2","新北市","林口區","121.360","25.065","1208"
"304","395844","20220623022000","184","3","新北市","林口區","121.350","25.070","312"
"1782","395846","20220623022000","1353","2","新北市","林口區","121.360","25.070","1815"
"3870","395847","20220623022000","3687","1","新北市","林口區","121.370","25.070","3881"
"64","395848","20220623022000","47","2","新北市","林口區","121.345","25.075","64"
"1510","395850","20220623022000","1235","2","新北市","林口區","121.355","25.075","1536"
"2006","395853","20220623022000","1564","2","新北市","林口區","121.370","25.075","2036"
"1345","395854","20220623022000","1264","1","新北市","林口區","121.350","25.080","1369"
"312","395858","20220623022000","274","1","新北市","林口區","121.345","25.100","316"
"57","395862","20220623022000","84","0","新北市","林口區","121.340","25.105","60"
"85","395869","20220623022000","64","2","新北市","林口區","121.340","25.110","89"
"99","395881","20220623022000","80","2","新北市","林口區","121.320","25.115","102"
"13","395883","20220623022000","12","1","新北市","林口區","121.330","25.115","12"
"82","395900","20220623022000","61","2","新北市","林口區","121.345","25.125","95"
"6771","395909","20220623022000","6526","1","新北市","蘆洲區","121.480","25.080","6809"
"182","395910","20220623022000","315","0","新北市","蘆洲區","121.455","25.085","179"
"3123","395911","20220623022000","2775","1","新北市","林口區","121.365","25.070","3135"
"51","395949","20220623022000","38","2","新北市","平溪區","121.790","25.070","45"
"570","395961","20220623022000","625","0","新北市","汐止區","121.630","25.055","606"
"746","395962","20220623022000","684","1","新北市","汐止區","121.625","25.060","751"
"1042","395965","20220623022000","1215","0","新北市","蘆洲區","121.470","25.075","1064"
"2038","395966","20220623022000","2250","0","桃園市","龜山區","121.370","25.060","1962"
"1550","395968","20220623022000","1193","2","桃園市","龜山區","121.380","25.060","1582"
"491","395969","20220623022000","433","1","桃園市","龜山區","121.375","25.060","434"
"5130","395972","20220623022000","5517","0","臺北市","中山區","121.530","25.060","5014"
"803","395973","20220623022000","1012","0","桃園市","大園區","121.245","25.105","795"
"11","395977","20220623022000","12","0","桃園市","大園區","121.250","25.110","11"
"490","395980","20220623022000","648","0","桃園市","大園區","121.180","25.065","510"
"1022","395981","20220623022000","971","1","桃園市","大園區","121.190","25.060","987"
"245","395982","20220623022000","410","0","桃園市","大園區","121.195","25.060","240"
"278","395983","20220623022000","304","0","桃園市","大園區","121.185","25.065","254"
"765","395984","20220623022000","743","1","桃園市","大園區","121.190","25.065","774"
"470","395990","20220623022000","468","1","桃園市","大園區","121.250","25.095","471"
"64","395992","20220623022000","117","0","桃園市","大園區","121.235","25.100","60"
"1113","395998","20220623022000","1153","0","桃園市","大園區","121.260","25.070","1142"
"838","395999","20220623022000","821","1","桃園市","大園區","121.255","25.075","798"
"2718","396009","20220623022000","2665","1","臺北市","中山區","121.530","25.070","2876"
"2735","396012","20220623022000","3668","0","臺北市","中山區","121.530","25.065","2493"
"3965","396013","20220623022000","4375","0","臺北市","中山區","121.540","25.060","3745"
"392","396014","20220623022000","414","0","臺北市","中山區","121.555","25.075","316"
"1424","396015","20220623022000","1934","0","臺北市","中山區","121.550","25.080","1495"
"2550","396016","20220623022000","1846","2","臺北市","中山區","121.555","25.080","2518"
"1338","396018","20220623022000","1278","1","臺北市","中山區","121.525","25.080","1286"
"266","396020","20220623022000","348","0","臺北市","中山區","121.535","25.080","286"
"1410","396021","20220623022000","1428","0","臺北市","中山區","121.540","25.080","1278"
"123","396022","20220623022000","328","0","臺北市","中山區","121.535","25.085","134"
"3321","396025","20220623022000","3204","1","新北市","蘆洲區","121.480","25.085","3334"
"952","396033","20220623022000","1499","0","新北市","泰山區","121.420","25.065","978"
"258","396035","20220623022000","321","0","新北市","泰山區","121.440","25.065","254"
"62","396038","20220623022000","85","0","新北市","泰山區","121.410","25.070","55"
"69","396040","20220623022000","127","0","新北市","淡水區","121.460","25.145","60"
"2248","396044","20220623022000","2577","0","臺北市","大同區","121.510","25.065","2436"
"1622","396045","20220623022000","1691","0","臺北市","大同區","121.515","25.075","1515"
"3161","396046","20220623022000","2795","1","臺北市","大同區","121.510","25.060","3296"
"3665","396047","20220623022000","3808","0","臺北市","松山區","121.545","25.060","4122"
"4584","396048","20220623022000","5980","0","臺北市","中山區","121.525","25.060","5008"
"2125","396049","20220623022000","2885","0","新北市","蘆洲區","121.460","25.080","2154"
"3287","396050","20220623022000","2810","1","新北市","蘆洲區","121.475","25.085","3258"
"522","396053","20220623022000","462","1","新北市","貢寮區","121.920","25.050","494"
"79","396054","20220623022000","76","1","新北市","貢寮區","121.925","25.050","77"
"37","396057","20220623022000","30","2","新北市","貢寮區","121.900","25.050","34"
"34","396059","20220623022000","36","0","新北市","貢寮區","121.890","25.055","31"
"90","396074","20220623022000","65","2","新北市","貢寮區","121.900","25.065","85"
"624","396088","20220623022000","434","2","新北市","瑞芳區","121.805","25.110","640"
"170","396089","20220623022000","92","3","新北市","瑞芳區","121.810","25.110","167"
"1632","396099","20220623022000","1372","1","桃園市","龜山區","121.385","25.060","1661"
"1703","396100","20220623022000","2113","0","臺北市","中山區","121.540","25.055","1491"
"1763","396101","20220623022000","2189","0","臺北市","松山區","121.540","25.070","1834"
"891","396102","20220623022000","1199","0","臺北市","中山區","121.535","25.070","889"
"647","396103","20220623022000","366","3","臺北市","內湖區","121.615","25.075","572"
"4358","396104","20220623022000","4024","1","臺北市","內湖區","121.610","25.070","4329"
"3372","396105","20220623022000","3325","1","臺北市","北投區","121.500","25.140","3412"
"1739","396106","20220623022000","2394","0","臺北市","北投區","121.505","25.140","1800"
"293","396112","20220623022000","303","0","臺北市","北投區","121.485","25.115","347"
"50","396118","20220623022000","43","1","臺北市","北投區","121.485","25.120","39"
"1557","396121","20220623022000","1658","0","臺北市","北投區","121.500","25.120","1567"
"3166","396123","20220623022000","2115","2","臺北市","北投區","121.500","25.125","3112"
"3517","396124","20220623022000","3404","1","臺北市","北投區","121.510","25.115","3635"
"2990","396126","20220623022000","3283","0","臺北市","中山區","121.535","25.065","2816"
"1776","396127","20220623022000","2167","0","臺北市","中山區","121.550","25.085","1568"
"520","396128","20220623022000","890","0","臺北市","中山區","121.555","25.085","544"
"2079","396130","20220623022000","2405","0","新北市","三重區","121.505","25.065","2246"
"2010","396131","20220623022000","2763","0","臺北市","中山區","121.525","25.070","2072"
"1864","396132","20220623022000","1961","0","新北市","三重區","121.505","25.070","1843"
"241","396133","20220623022000","143","3","桃園市","蘆竹區","121.280","25.065","214"
"1229","396134","20220623022000","901","2","桃園市","蘆竹區","121.285","25.065","1227"
"639","396135","20220623022000","382","3","桃園市","蘆竹區","121.290","25.065","644"
"425","396136","20220623022000","349","2","桃園市","蘆竹區","121.275","25.070","411"
"487","396144","20220623022000","549","0","桃園市","龜山區","121.355","25.060","445"
"2380","396145","20220623022000","3102","0","桃園市","龜山區","121.365","25.060","2247"
"102","396146","20220623022000","103","0","桃園市","蘆竹區","121.340","25.065","111"
"401","396149","20220623022000","374","1","新北市","林口區","121.355","25.065","384"
"182","396150","20220623022000","155","1","桃園市","龜山區","121.355","25.055","182"
"839","396151","20220623022000","893","0","新北市","林口區","121.370","25.065","840"
"4409","396157","20220623022000","4824","0","臺北市","內湖區","121.620","25.070","4468"
"4043","396158","20220623022000","3936","1","臺北市","內湖區","121.595","25.080","4095"
"331","396159","20220623022000","590","0","臺北市","內湖區","121.600","25.080","317"
"40","396164","20220623022000","54","0","臺北市","北投區","121.505","25.150","32"
"767","396165","20220623022000","423","3","臺北市","北投區","121.505","25.125","769"
"1492","396166","20220623022000","866","3","臺北市","北投區","121.510","25.125","1512"
"1430","396168","20220623022000","1436","0","臺北市","北投區","121.505","25.130","1514"
"313","396170","20220623022000","390","0","臺北市","北投區","121.515","25.130","290"
"52","396172","20220623022000","49","1","臺北市","北投區","121.510","25.105","48"
"265","396173","20220623022000","289","0","臺北市","北投區","121.505","25.110","223"
"995","396175","20220623022000","1133","0","臺北市","南港區","121.595","25.055","984"
"488","396176","20220623022000","827","0","臺北市","南港區","121.600","25.050","480"
"951","396177","20220623022000","1180","0","臺北市","南港區","121.590","25.055","1000"
"3602","396178","20220623022000","3417","1","臺北市","內湖區","121.595","25.060","3571"
"925","396179","20220623022000","668","2","臺北市","內湖區","121.600","25.060","959"
"54","396189","20220623022000","36","3","新北市","雙溪區","121.880","25.060","65"
"26","396219","20220623022000","21","2","新北市","雙溪區","121.850","25.075","28"
"2964","396233","20220623022000","2664","1","桃園市","龜山區","121.360","25.060","2923"
"503","396237","20220623022000","585","0","臺北市","士林區","121.545","25.100","497"
"746","396238","20220623022000","744","1","臺北市","士林區","121.550","25.100","777"
"90","396243","20220623022000","107","0","臺北市","士林區","121.560","25.105","97"
"1611","396246","20220623022000","1499","1","臺北市","士林區","121.535","25.105","1585"
"75","396247","20220623022000","192","0","臺北市","士林區","121.545","25.110","67"
"997","396248","20220623022000","1008","0","臺北市","士林區","121.535","25.110","974"
"62","396249","20220623022000","72","0","臺北市","士林區","121.550","25.115","66"
"21","396253","20220623022000","17","2","臺北市","士林區","121.570","25.135","19"
"109","396255","20220623022000","88","2","臺北市","士林區","121.560","25.140","109"
"27","396258","20220623022000","72","0","臺北市","士林區","121.555","25.145","23"
"101","396259","20220623022000","131","0","臺北市","士林區","121.560","25.145","102"
"204","396260","20220623022000","206","0","臺北市","士林區","121.565","25.145","215"
"160","396262","20220623022000","184","0","臺北市","士林區","121.555","25.150","165"
"80","396263","20220623022000","81","0","臺北市","士林區","121.560","25.150","80"
"2636","396266","20220623022000","2575","1","臺北市","士林區","121.510","25.085","2722"
"3516","396267","20220623022000","4637","0","臺北市","北投區","121.520","25.110","3532"
"1945","396268","20220623022000","1665","1","臺北市","北投區","121.520","25.115","1851"
"1547","396269","20220623022000","1448","1","臺北市","北投區","121.520","25.105","1578"
"1665","396270","20220623022000","2251","0","臺北市","士林區","121.525","25.100","1723"
"26","396271","20220623022000","29","0","臺北市","士林區","121.545","25.130","33"
"735","396273","20220623022000","2071","0","臺北市","士林區","121.540","25.135","792"
"234","396274","20220623022000","265","0","臺北市","士林區","121.545","25.135","244"
"1561","396276","20220623022000","2069","0","臺北市","士林區","121.545","25.140","1747"
"218","396278","20220623022000","162","2","臺北市","士林區","121.550","25.145","225"
"1439","396280","20220623022000","1461","0","臺北市","士林區","121.530","25.100","1497"
"875","396281","20220623022000","1183","0","臺北市","士林區","121.535","25.100","878"
"785","396282","20220623022000","735","1","臺北市","士林區","121.530","25.085","803"
"41","396283","20220623022000","22","3","臺北市","士林區","121.530","25.090","31"
"1112","396285","20220623022000","1304","0","臺北市","士林區","121.530","25.095","1133"
"391","396286","20220623022000","566","0","臺北市","士林區","121.535","25.095","405"
"2031","396289","20220623022000","2239","0","臺北市","士林區","121.520","25.080","1993"
"1799","396290","20220623022000","1672","1","臺北市","士林區","121.525","25.085","1861"
"374","396294","20220623022000","464","0","臺北市","士林區","121.565","25.105","358"
"2190","396296","20220623022000","2441","0","臺北市","內湖區","121.575","25.075","2297"
"1479","396297","20220623022000","1298","1","臺北市","內湖區","121.575","25.085","388"
"1427","396299","20220623022000","1423","1","臺北市","北投區","121.495","25.145","1459"
"4006","396301","20220623022000","4395","0","臺北市","士林區","121.525","25.115","4123"
"965","396302","20220623022000","1029","0","臺北市","內湖區","121.575","25.055","1013"
"419","396303","20220623022000","482","0","臺北市","內湖區","121.575","25.060","438"
"332","396304","20220623022000","347","0","臺北市","內湖區","121.585","25.055","359"
"833","396305","20220623022000","1052","0","臺北市","內湖區","121.580","25.065","944"
"286","396306","20220623022000","306","0","臺北市","內湖區","121.575","25.065","304"
"667","396307","20220623022000","709","0","臺北市","內湖區","121.575","25.070","640"
"761","396308","20220623022000","795","0","臺北市","內湖區","121.585","25.065","769"
"238","396309","20220623022000","430","0","臺北市","中山區","121.570","25.075","212"
"1263","396310","20220623022000","1224","1","臺北市","內湖區","121.580","25.070","1268"
"141","396311","20220623022000","123","1","臺北市","內湖區","121.585","25.080","138"
"3076","396312","20220623022000","3170","0","臺北市","內湖區","121.590","25.080","3125"
"814","396313","20220623022000","892","0","臺北市","內湖區","121.585","25.085","845"
"646","396314","20220623022000","685","0","臺北市","內湖區","121.595","25.065","644"
"1143","396315","20220623022000","1381","0","臺北市","內湖區","121.600","25.065","1139"
"1051","396316","20220623022000","2105","0","臺北市","內湖區","121.595","25.070","987"
"1106","396317","20220623022000","1273","0","臺北市","內湖區","121.600","25.070","1097"
"169","396318","20220623022000","135","2","桃園市","大園區","121.200","25.060","163"
"262","396320","20220623022000","243","1","桃園市","大園區","121.200","25.065","257"
"295","396322","20220623022000","248","1","桃園市","大園區","121.200","25.070","316"
"100","396333","20220623022000","195","0","桃園市","大園區","121.230","25.095","102"
"133","396335","20220623022000","96","2","桃園市","大園區","121.210","25.100","130"
"291","396349","20220623022000","221","2","桃園市","大園區","121.230","25.110","298"
"2054","396355","20220623022000","1934","1","臺北市","北投區","121.505","25.120","2007"
"2978","396356","20220623022000","3043","0","臺北市","北投區","121.510","25.120","2926"
"402","396357","20220623022000","391","1","臺北市","北投區","121.510","25.135","433"
"590","396358","20220623022000","368","3","臺北市","北投區","121.515","25.135","564"
"296","396360","20220623022000","225","2","臺北市","北投區","121.510","25.140","319"
"286","396361","20220623022000","568","0","臺北市","北投區","121.515","25.140","273"
"110","396363","20220623022000","153","0","臺北市","北投區","121.525","25.145","121"
"1047","396366","20220623022000","1024","1","臺北市","北投區","121.485","25.135","626"
"2112","396368","20220623022000","1701","2","臺北市","北投區","121.485","25.140","2200"
"2662","396370","20220623022000","2849","0","臺北市","士林區","121.525","25.105","2616"
"3767","396371","20220623022000","3965","0","臺北市","士林區","121.530","25.105","3794"
"2824","396372","20220623022000","2878","0","臺北市","北投區","121.515","25.110","2719"
"2173","396373","20220623022000","2405","0","臺北市","士林區","121.520","25.100","2171"
"1608","396376","20220623022000","2621","0","臺北市","士林區","121.530","25.125","1594"
"537","396377","20220623022000","731","0","臺北市","北投區","121.525","25.130","619"
"1024","396378","20220623022000","1028","0","臺北市","北投區","121.530","25.130","1039"
"33","396380","20220623022000","33","1","臺北市","士林區","121.530","25.135","27"
"2623","396382","20220623022000","2914","0","臺北市","北投區","121.515","25.115","2627"
"591","396383","20220623022000","1242","0","臺北市","北投區","121.515","25.120","641"
"1746","396384","20220623022000","1941","0","臺北市","北投區","121.520","25.120","1841"
"4257","396385","20220623022000","3899","1","臺北市","北投區","121.525","25.120","4107"
"388","396395","20220623022000","440","0","臺北市","松山區","121.545","25.070","427"
"292","396397","20220623022000","267","1","臺北市","中山區","121.540","25.065","276"
"918","396398","20220623022000","732","2","臺北市","中山區","121.535","25.075","873"
"798","396399","20220623022000","522","3","臺北市","松山區","121.550","25.075","816"
"3684","396400","20220623022000","4089","0","臺北市","中山區","121.545","25.080","3840"
"860","396401","20220623022000","983","0","臺北市","中山區","121.545","25.085","932"
"1595","396404","20220623022000","1418","1","臺北市","北投區","121.495","25.140","1610"
"883","396405","20220623022000","2381","0","臺北市","北投區","121.515","25.105","894"
"4580","396406","20220623022000","5929","0","臺北市","中山區","121.525","25.065","5158"
"3790","396407","20220623022000","4601","0","臺北市","士林區","121.535","25.115","3844"
"1263","396408","20220623022000","1799","0","臺北市","士林區","121.525","25.090","1341"
"1242","396409","20220623022000","923","2","臺北市","士林區","121.560","25.115","1216"
"443","396410","20220623022000","491","0","臺北市","士林區","121.560","25.120","471"
"193","396412","20220623022000","177","1","臺北市","士林區","121.560","25.125","192"
"185","396416","20220623022000","261","0","臺北市","士林區","121.560","25.135","191"
"4499","396417","20220623022000","5317","0","臺北市","士林區","121.520","25.085","4621"
"2847","396418","20220623022000","3228","0","臺北市","內湖區","121.580","25.080","2995"
"1165","396419","20220623022000","1136","1","臺北市","內湖區","121.580","25.085","1190"
"396","396422","20220623022000","426","0","桃園市","大園區","121.240","25.065","410"
"27","396424","20220623022000","38","0","桃園市","大園區","121.250","25.065","26"
"31","396433","20220623022000","201","0","桃園市","大園區","121.255","25.070","25"
"258","396435","20220623022000","272","0","桃園市","大園區","121.185","25.070","254"
"390","396436","20220623022000","376","1","桃園市","大園區","121.190","25.070","376"
"877","396438","20220623022000","751","1","桃園市","大園區","121.175","25.075","881"
"376","396439","20220623022000","459","0","桃園市","大園區","121.180","25.075","381"
"553","396440","20220623022000","459","2","桃園市","大園區","121.185","25.075","548"
"116","396443","20220623022000","118","0","桃園市","大園區","121.180","25.080","110"
"323","396447","20220623022000","270","1","桃園市","大園區","121.185","25.085","327"
"369","396462","20220623022000","295","2","桃園市","大園區","121.160","25.075","366"
"269","396471","20220623022000","221","2","桃園市","大園區","121.165","25.060","282"
"298","396472","20220623022000","320","0","桃園市","大園區","121.170","25.060","307"
"996","396473","20220623022000","958","1","桃園市","大園區","121.175","25.060","957"
"598","396496","20220623022000","617","0","桃園市","大園區","121.210","25.060","630"
"48","396505","20220623022000","77","0","桃園市","大園區","121.220","25.070","52"
"926","396517","20220623022000","778","1","桃園市","大園區","121.230","25.075","886"
"126","396518","20220623022000","117","1","桃園市","大園區","121.235","25.075","133"
"393","396524","20220623022000","367","1","桃園市","大園區","121.235","25.080","362"
"307","396531","20220623022000","359","0","桃園市","大園區","121.240","25.085","328"
"201","396532","20220623022000","114","3","桃園市","大園區","121.245","25.085","156"
"710","396533","20220623022000","706","1","桃園市","大園區","121.250","25.085","706"
"623","396537","20220623022000","250","3","桃園市","大園區","121.245","25.090","687"
"461","396541","20220623022000","421","1","桃園市","大園區","121.240","25.100","470"
"1232","396542","20220623022000","1375","0","桃園市","大園區","121.195","25.065","1254"
"1940","396543","20220623022000","1688","1","桃園市","大園區","121.195","25.070","1908"
"120","396549","20220623022000","267","0","桃園市","大園區","121.235","25.065","117"
"289","396555","20220623022000","331","0","桃園市","大園區","121.200","25.085","276"
"254","396560","20220623022000","242","1","桃園市","大園區","121.225","25.090","246"
"3169","396561","20220623022000","3697","0","臺北市","士林區","121.520","25.095","3248"
"1020","396562","20220623022000","1126","0","臺北市","南港區","121.600","25.055","989"
"3260","396563","20220623022000","3372","0","臺北市","南港區","121.605","25.055","3108"
"46","396564","20220623022000","39","1","臺北市","內湖區","121.615","25.080","45"
"1617","396567","20220623022000","2269","0","臺北市","內湖區","121.615","25.070","1649"
"3471","396568","20220623022000","3034","1","臺北市","內湖區","121.590","25.065","3414"
"61","396569","20220623022000","65","0","臺北市","內湖區","121.585","25.070","61"
"2001","396570","20220623022000","1462","2","臺北市","內湖區","121.590","25.070","2015"
"323","396571","20220623022000","492","0","臺北市","北投區","121.500","25.145","599"
"992","396572","20220623022000","937","1","臺北市","內湖區","121.620","25.075","914"
"238","396574","20220623022000","214","1","新北市","汐止區","121.625","25.080","249"
"114","396576","20220623022000","96","1","臺北市","內湖區","121.625","25.085","101"
"21","396587","20220623022000","39","0","臺北市","內湖區","121.610","25.100","20"
"1355","396590","20220623022000","1273","1","臺北市","內湖區","121.610","25.065","1393"
"466","396592","20220623022000","544","0","臺北市","內湖區","121.605","25.085","480"
"1215","396594","20220623022000","1492","0","臺北市","內湖區","121.600","25.090","1199"
"14","396599","20220623022000","15","0","臺北市","內湖區","121.605","25.095","17"
"2924","396603","20220623022000","3144","0","臺北市","北投區","121.500","25.130","2912"
"722","396604","20220623022000","815","0","新北市","汐止區","121.620","25.055","702"
"3050","396605","20220623022000","3833","0","臺北市","士林區","121.505","25.085","3230"
"1090","396606","20220623022000","1641","0","臺北市","士林區","121.515","25.085","1141"
"1410","396607","20220623022000","1166","2","臺北市","內湖區","121.590","25.085","1357"
"2171","396608","20220623022000","2122","1","臺北市","內湖區","121.595","25.085","2127"
"2377","396609","20220623022000","2006","1","臺北市","內湖區","121.575","25.080","2713"
"1637","396611","20220623022000","1610","1","臺北市","北投區","121.470","25.125","1630"
"179","396612","20220623022000","317","0","臺北市","北投區","121.475","25.125","213"
"1487","396615","20220623022000","1979","0","臺北市","北投區","121.465","25.130","1499"
"633","396616","20220623022000","879","0","臺北市","北投區","121.470","25.130","699"
"177","396617","20220623022000","172","1","臺北市","北投區","121.475","25.130","154"
"1303","396619","20220623022000","1628","0","臺北市","北投區","121.470","25.135","1678"
"72","396620","20220623022000","48","3","臺北市","北投區","121.475","25.135","63"
"23","396621","20220623022000","15","3","臺北市","北投區","121.475","25.140","20"
"131","396622","20220623022000","108","2","臺北市","南港區","121.610","25.055","113"
"1093","396623","20220623022000","602","3","臺北市","內湖區","121.605","25.065","1061"
"4894","396624","20220623022000","5144","0","臺北市","中山區","121.520","25.060","4841"
"181","396625","20220623022000","263","0","臺北市","中山區","121.530","25.075","130"
"408","396626","20220623022000","582","0","臺北市","內湖區","121.570","25.065","409"
"1060","396628","20220623022000","1024","1","臺北市","松山區","121.550","25.070","948"
"164","396629","20220623022000","211","0","臺北市","松山區","121.555","25.070","212"
"131","396630","20220623022000","144","0","臺北市","松山區","121.560","25.070","152"
"112","396633","20220623022000","2203","0","臺北市","松山區","121.555","25.055","117"
"2388","396634","20220623022000","4895","0","臺北市","松山區","121.570","25.055","4827"
"1918","396635","20220623022000","1994","0","臺北市","士林區","121.530","25.115","2085"
"30","396636","20220623022000","311","0","臺北市","士林區","121.495","25.095","25"
"1642","396637","20220623022000","1627","1","臺北市","士林區","121.500","25.095","1655"
"249","396639","20220623022000","276","0","臺北市","士林區","121.490","25.100","242"
"111","396643","20220623022000","110","1","臺北市","士林區","121.480","25.110","113"
"269","396644","20220623022000","289","0","臺北市","士林區","121.495","25.110","316"
"2486","396647","20220623022000","3162","0","臺北市","松山區","121.550","25.060","2518"
"3371","396648","20220623022000","3963","0","臺北市","松山區","121.555","25.060","3132"
"363","396649","20220623022000","440","0","臺北市","松山區","121.560","25.065","333"
"1626","396650","20220623022000","2011","0","臺北市","松山區","121.555","25.065","1643"
"1146","396651","20220623022000","1169","0","臺北市","中山區","121.545","25.075","1154"
"79","396655","20220623022000","156","0","臺北市","內湖區","121.605","25.080","132"
"2899","396656","20220623022000","2116","2","臺北市","內湖區","121.600","25.085","2901"
"3901","396657","20220623022000","3111","2","臺北市","松山區","121.550","25.065","3976"
"1370","396658","20220623022000","1529","0","臺北市","松山區","121.545","25.065","1303"
"3652","396659","20220623022000","4160","0","臺北市","松山區","121.565","25.055","3710"
"3844","396660","20220623022000","4131","0","臺北市","松山區","121.560","25.060","3982"
"259","396661","20220623022000","1287","0","臺北市","內湖區","121.570","25.060","309"
"2391","396662","20220623022000","2586","0","臺北市","松山區","121.565","25.060","2445"
"247","396663","20220623022000","260","0","臺北市","中山區","121.560","25.075","236"
"55","396665","20220623022000","51","1","臺北市","松山區","121.570","25.070","52"
"2386","396666","20220623022000","2702","0","臺北市","中山區","121.560","25.080","2331"
"3764","396667","20220623022000","4912","0","臺北市","松山區","121.550","25.055","3369"
"367","396669","20220623022000","589","0","臺北市","士林區","121.535","25.125","361"
"119","396672","20220623022000","139","0","臺北市","士林區","121.535","25.135","104"
"4925","396674","20220623022000","3489","2","臺北市","士林區","121.530","25.120","4936"
"5176","396675","20220623022000","5410","0","臺北市","士林區","121.530","25.110","5374"
"1991","396676","20220623022000","4013","0","臺北市","松山區","121.545","25.055","1926"
"3994","396677","20220623022000","3550","1","臺北市","松山區","121.560","25.055","3361"
"3065","396678","20220623022000","3583","0","臺北市","內湖區","121.580","25.075","2776"
"980","396680","20220623022000","1136","0","臺北市","內湖區","121.590","25.060","1002"
"3937","396683","20220623022000","3462","1","臺北市","內湖區","121.590","25.090","3817"
"107","396684","20220623022000","20","3","臺北市","內湖區","121.595","25.090","99"
"64","396688","20220623022000","143","0","臺北市","內湖區","121.590","25.100","58"
"98","396690","20220623022000","164","0","臺北市","內湖區","121.580","25.105","107"
"115","396693","20220623022000","102","1","臺北市","內湖區","121.595","25.105","118"
"2476","396701","20220623022000","3395","0","臺北市","北投區","121.495","25.135","2496"
"251","396703","20220623022000","258","0","臺北市","北投區","121.505","25.100","312"
"200","396707","20220623022000","232","0","臺北市","北投區","121.500","25.110","211"
"35","396710","20220623022000","40","0","臺北市","北投區","121.530","25.140","35"
"93","396716","20220623022000","114","0","臺北市","北投區","121.535","25.150","87"
"394","396719","20220623022000","464","0","臺北市","士林區","121.555","25.115","339"
"191","396722","20220623022000","231","0","臺北市","士林區","121.550","25.125","203"
"2320","396727","20220623022000","2467","0","臺北市","士林區","121.510","25.080","2228"
"175","396731","20220623022000","272","0","臺北市","士林區","121.480","25.105","202"
"514","396732","20220623022000","372","2","臺北市","士林區","121.485","25.105","354"
"175","396735","20220623022000","655","0","臺北市","北投區","121.470","25.110","162"
"129","396737","20220623022000","128","1","臺北市","士林區","121.485","25.110","123"
"49","396739","20220623022000","35","2","臺北市","士林區","121.460","25.110","36"
"3890","396740","20220623022000","3597","1","臺北市","大同區","121.515","25.060","3639"
"2266","396741","20220623022000","2660","0","臺北市","中山區","121.520","25.065","2527"
"924","396742","20220623022000","1438","0","臺北市","內湖區","121.615","25.065","905"
"2992","396743","20220623022000","2679","1","臺北市","內湖區","121.605","25.070","2974"
"546","396744","20220623022000","413","2","臺北市","內湖區","121.605","25.075","555"
"2967","396745","20220623022000","3152","0","臺北市","內湖區","121.610","25.075","2931"
"768","396746","20220623022000","710","1","臺北市","內湖區","121.585","25.090","875"
"1672","396754","20220623022000","1337","2","臺北市","南港區","121.610","25.060","1550"
"625","396755","20220623022000","682","0","臺北市","南港區","121.620","25.060","611"
"2290","396756","20220623022000","2400","0","臺北市","南港區","121.615","25.060","2230"
"3509","396758","20220623022000","3389","1","臺北市","南港區","121.615","25.055","3493"
"2206","396759","20220623022000","1772","2","臺北市","北投區","121.505","25.145","1992"
"408","396762","20220623022000","581","0","臺北市","北投區","121.465","25.115","421"
"3175","396765","20220623022000","2644","2","臺北市","北投區","121.465","25.120","3216"
"788","396766","20220623022000","847","0","臺北市","北投區","121.470","25.120","801"
"2460","396767","20220623022000","2339","1","臺北市","士林區","121.525","25.095","2498"
"2282","396768","20220623022000","1706","2","臺北市","士林區","121.505","25.090","2188"
"2139","396769","20220623022000","1387","3","臺北市","士林區","121.510","25.090","1986"
"674","396771","20220623022000","817","0","新北市","三重區","121.500","25.075","422"
"3641","396773","20220623022000","3957","0","臺北市","內湖區","121.585","25.075","3643"
"1652","396774","20220623022000","1606","1","臺北市","內湖區","121.590","25.075","1695"
"1138","396775","20220623022000","1126","1","臺北市","內湖區","121.595","25.075","1148"
"956","396776","20220623022000","1143","0","臺北市","內湖區","121.600","25.075","1062"
"3753","396777","20220623022000","4584","0","臺北市","中山區","121.535","25.060","3768"
"1885","396778","20220623022000","2288","0","臺北市","大同區","121.515","25.070","2165"
"1839","396779","20220623022000","2229","0","臺北市","大同區","121.515","25.065","1897"
"3225","396781","20220623022000","3576","0","臺北市","北投區","121.510","25.110","3221"
"1807","396785","20220623022000","2271","0","臺北市","北投區","121.490","25.145","1884"
"2486","396788","20220623022000","2820","0","臺北市","北投區","121.505","25.115","2527"
"533","396789","20220623022000","512","1","臺北市","北投區","121.515","25.100","509"
"2374","396790","20220623022000","2762","0","臺北市","士林區","121.525","25.110","2347"
"1348","396791","20220623022000","1303","1","臺北市","中山區","121.520","25.070","1362"
"1867","396792","20220623022000","1852","1","臺北市","大同區","121.520","25.075","1941"
"15","396793","20220623022000","538","0","臺北市","士林區","121.515","25.080","11"
"435","396794","20220623022000","560","0","臺北市","內湖區","121.605","25.060","427"
"2351","396798","20220623022000","2199","1","臺北市","內湖區","121.585","25.060","2419"
"3918","396799","20220623022000","3828","1","臺北市","北投區","121.505","25.135","3937"
"36","396802","20220623022000","42","0","臺北市","士林區","121.575","25.120","26"
"28","396803","20220623022000","18","3","臺北市","士林區","121.570","25.125","25"
"203","396804","20220623022000","187","1","臺北市","士林區","121.575","25.125","214"
"19","396806","20220623022000","26","0","臺北市","士林區","121.570","25.130","19"
"220","396807","20220623022000","313","0","臺北市","士林區","121.575","25.130","241"
"29","396809","20220623022000","23","2","臺北市","士林區","121.575","25.135","26"
"59","396812","20220623022000","49","2","臺北市","士林區","121.580","25.140","47"
"545","396819","20220623022000","611","0","臺北市","士林區","121.515","25.090","525"
"5570","396820","20220623022000","4456","2","臺北市","士林區","121.520","25.090","5516"
"1173","396821","20220623022000","1104","1","臺北市","士林區","121.515","25.095","1041"
"2718","396822","20220623022000","2249","2","臺北市","北投區","121.500","25.135","2730"
"1333","396823","20220623022000","1087","2","臺北市","士林區","121.525","25.075","1300"
"1113","396824","20220623022000","1521","0","臺北市","士林區","121.540","25.110","1113"
"574","396826","20220623022000","460","2","臺北市","士林區","121.545","25.115","570"
"237","396828","20220623022000","211","1","臺北市","士林區","121.540","25.125","221"
"776","396831","20220623022000","810","0","臺北市","士林區","121.505","25.095","772"
"1109","396832","20220623022000","391","3","臺北市","士林區","121.540","25.095","1070"
"616","396833","20220623022000","591","1","臺北市","士林區","121.545","25.105","621"
"302","396834","20220623022000","285","1","臺北市","士林區","121.540","25.105","297"
"101","396839","20220623022000","104","0","臺北市","士林區","121.560","25.110","114"
"49","396841","20220623022000","50","0","臺北市","士林區","121.570","25.110","44"
"86","396848","20220623022000","95","0","臺北市","士林區","121.580","25.115","117"
"63","396852","20220623022000","58","1","臺北市","士林區","121.580","25.120","63"
"78","396853","20220623022000","99","0","臺北市","士林區","121.585","25.120","80"
"210","396856","20220623022000","200","1","新北市","汐止區","121.600","25.120","235"
"1604","396878","20220623022000","2050","0","臺北市","內湖區","121.580","25.055","1718"
"2603","396879","20220623022000","2444","1","臺北市","內湖區","121.580","25.060","2642"
"772","396880","20220623022000","1212","0","臺北市","內湖區","121.565","25.090","787"
"2909","396884","20220623022000","3193","0","臺北市","內湖區","121.565","25.080","2994"
"1346","396885","20220623022000","1326","1","臺北市","內湖區","121.560","25.085","1336"
"3553","396886","20220623022000","3237","1","臺北市","內湖區","121.565","25.085","3466"
"742","396888","20220623022000","787","0","臺北市","內湖區","121.560","25.090","769"
"1516","396890","20220623022000","1573","0","臺北市","內湖區","121.570","25.080","1528"
"2503","396891","20220623022000","2262","1","臺北市","內湖區","121.570","25.085","3019"
"2864","396892","20220623022000","3526","0","臺北市","松山區","121.570","25.050","3331"
"1084","396893","20220623022000","1243","0","臺北市","松山區","121.565","25.065","1052"
"175","398951","20220623022000","147","1","新北市","八里區","121.390","25.165","212"
"45","398956","20220623022000","31","2","基隆市","安樂區","121.710","25.165","52"
"54","399938","20220623022000","60","0","基隆市","安樂區","121.710","25.175","64"
"17","402902","20220623022000","16","1","新北市","萬里區","121.680","25.200","15"
"388","403910","20220623022000","282","2","新北市","萬里區","121.700","25.210","272"
"157","406949","20220623022000","104","3","新北市","金山區","121.635","25.240","168"
"32","409009","20220623022000","38","0","新北市","金山區","121.635","25.255","42"
"79","409527","20220623022000","86","0","新北市","三芝區","121.475","25.260","84"
"477","413221","20220623022000","526","0","新北市","石門區","121.565","25.290","483"
"73","413767","20220623022000","56","2","新北市","石門區","121.580","25.295","76"
"159","414894","20220623022000","74","3","基隆市","中正區","121.765","25.145","181"
"418","414895","20220623022000","414","1","基隆市","中正區","121.770","25.155","430"
"564","414896","20220623022000","516","1","基隆市","中正區","121.765","25.155","570"
"59","414897","20220623022000","56","1","基隆市","中正區","121.765","25.160","66"
"118","414900","20220623022000","539","0","基隆市","中正區","121.780","25.145","118"
"542","414901","20220623022000","823","0","基隆市","中正區","121.775","25.150","529"
"147","414906","20220623022000","149","0","基隆市","安樂區","121.695","25.150","145"
"445","414907","20220623022000","418","1","基隆市","安樂區","121.700","25.150","438"
"1183","414909","20220623022000","1073","1","基隆市","安樂區","121.695","25.155","1166"
"451","414910","20220623022000","361","2","基隆市","安樂區","121.700","25.155","439"
"350","414912","20220623022000","189","3","基隆市","安樂區","121.695","25.160","293"
"25","414913","20220623022000","187","0","基隆市","安樂區","121.700","25.160","18"
"253","414921","20220623022000","219","1","基隆市","中山區","121.750","25.145","251"
"1344","414923","20220623022000","1447","0","基隆市","中山區","121.720","25.150","1326"
"266","414929","20220623022000","234","1","基隆市","中山區","121.745","25.150","281"
"1043","414936","20220623022000","959","1","新北市","三芝區","121.495","25.250","990"
"213","414948","20220623022000","204","1","新北市","三芝區","121.490","25.270","203"
"843","414949","20220623022000","677","2","基隆市","中山區","121.740","25.150","833"
"199","414951","20220623022000","192","1","基隆市","中山區","121.740","25.155","212"
"303","414985","20220623022000","296","1","新北市","三芝區","121.510","25.215","324"
"69","415028","20220623022000","66","1","新北市","三芝區","121.530","25.230","67"
"2210","415040","20220623022000","2123","1","新北市","三芝區","121.505","25.255","2221"
"581","415041","20220623022000","462","2","新北市","三芝區","121.505","25.260","596"
"2296","415044","20220623022000","2238","1","新北市","三芝區","121.500","25.255","2650"
"199","415063","20220623022000","146","2","新北市","三芝區","121.505","25.205","222"
"1818","415070","20220623022000","1879","0","基隆市","中正區","121.770","25.150","1783"
"166","415078","20220623022000","131","2","新北市","三芝區","121.465","25.240","158"
"233","415083","20220623022000","204","1","新北市","三芝區","121.455","25.245","235"
"141","415087","20220623022000","123","1","新北市","三芝區","121.475","25.245","147"
"95","415093","20220623022000","127","0","新北市","三芝區","121.465","25.250","101"
"279","415100","20220623022000","253","1","新北市","三芝區","121.475","25.250","273"
"59","415103","20220623022000","62","0","新北市","三芝區","121.505","25.265","59"
"1100","415124","20220623022000","690","3","新北市","三芝區","121.535","25.245","1157"
"112","415149","20220623022000","125","0","新北市","三芝區","121.520","25.225","139"
"304","415181","20220623022000","221","2","新北市","三芝區","121.500","25.210","269"
"332","415188","20220623022000","428","0","新北市","三芝區","121.510","25.255","324"
"150","415196","20220623022000","122","2","新北市","三芝區","121.495","25.235","153"
"21","415202","20220623022000","15","2","新北市","三芝區","121.490","25.245","21"
"419","415205","20220623022000","515","0","新北市","三芝區","121.495","25.245","414"
"334","415211","20220623022000","312","1","基隆市","中山區","121.735","25.150","363"
"277","415212","20220623022000","122","3","基隆市","中山區","121.730","25.155","225"
"363","415214","20220623022000","344","1","基隆市","中正區","121.785","25.145","378"
"247","415224","20220623022000","273","0","新北市","八里區","121.415","25.155","232"
"1540","415226","20220623022000","1379","1","新北市","八里區","121.415","25.160","1452"
"651","415229","20220623022000","693","0","新北市","八里區","121.420","25.160","713"
"95","415237","20220623022000","85","1","新北市","八里區","121.440","25.155","96"
"287","415239","20220623022000","354","0","新北市","八里區","121.430","25.155","307"
"178","415242","20220623022000","161","1","新北市","八里區","121.430","25.160","194"
"181","415250","20220623022000","223","0","新北市","八里區","121.395","25.160","174"
"166","415252","20220623022000","215","0","新北市","八里區","121.405","25.155","181"
"299","415257","20220623022000","319","0","新北市","萬里區","121.675","25.180","292"
"10","415259","20220623022000","41","0","新北市","萬里區","121.685","25.180","11"
"395","415264","20220623022000","338","1","新北市","萬里區","121.640","25.210","376"
"51","415271","20220623022000","43","1","新北市","萬里區","121.645","25.150","55"
"105","415286","20220623022000","93","1","新北市","萬里區","121.665","25.160","105"
"51","415301","20220623022000","41","2","新北市","萬里區","121.625","25.150","45"
"90","415357","20220623022000","42","3","新北市","萬里區","121.620","25.200","26"
"239","415363","20220623022000","252","0","新北市","萬里區","121.650","25.200","125"
"1063","415369","20220623022000","971","1","新北市","萬里區","121.690","25.175","1069"
"668","415372","20220623022000","584","1","新北市","萬里區","121.690","25.180","681"
"2357","415375","20220623022000","2446","0","新北市","淡水區","121.440","25.175","2365"
"488","415378","20220623022000","495","0","新北市","淡水區","121.450","25.160","480"
"1571","415379","20220623022000","1399","1","新北市","淡水區","121.455","25.160","1577"
"497","415380","20220623022000","672","0","新北市","淡水區","121.460","25.160","488"
"730","415383","20220623022000","631","1","新北市","淡水區","121.450","25.165","709"
"11","415391","20220623022000","22","0","新北市","淡水區","121.430","25.205","13"
"32","415394","20220623022000","86","0","新北市","淡水區","121.445","25.205","27"
"246","415395","20220623022000","270","0","新北市","淡水區","121.450","25.205","243"
"167","415396","20220623022000","154","1","新北市","淡水區","121.455","25.205","172"
"21","415398","20220623022000","23","0","新北市","淡水區","121.440","25.210","23"
"232","415408","20220623022000","245","0","新北市","淡水區","121.460","25.215","240"
"45","415409","20220623022000","64","0","新北市","淡水區","121.465","25.215","52"
"420","415412","20220623022000","346","2","新北市","淡水區","121.450","25.220","422"
"10","415428","20220623022000","11","0","新北市","石門區","121.580","25.240","10"
"48","415462","20220623022000","23","3","新北市","石門區","121.530","25.285","49"
"67","415465","20220623022000","110","0","新北市","石門區","121.535","25.290","83"
"435","415468","20220623022000","373","1","新北市","石門區","121.540","25.290","451"
"131","415521","20220623022000","161","0","新北市","石門區","121.550","25.285","129"
"224","415532","20220623022000","129","3","新北市","石門區","121.515","25.275","149"
"202","415546","20220623022000","106","3","新北市","石門區","121.570","25.255","266"
"100","415568","20220623022000","141","0","新北市","石門區","121.550","25.255","102"
"61","415594","20220623022000","66","0","新北市","石門區","121.595","25.270","63"
"25","415595","20220623022000","19","2","新北市","石門區","121.590","25.275","29"
"66","415599","20220623022000","62","1","新北市","石門區","121.590","25.285","69"
"13","415623","20220623022000","15","0","新北市","石門區","121.600","25.280","21"
"109","415625","20220623022000","94","1","新北市","石門區","121.610","25.280","101"
"233","415628","20220623022000","229","1","新北市","萬里區","121.675","25.165","246"
"34","415630","20220623022000","29","1","新北市","萬里區","121.685","25.165","35"
"24","415649","20220623022000","19","2","新北市","萬里區","121.655","25.200","23"
"721","415654","20220623022000","622","1","新北市","萬里區","121.690","25.200","726"
"57","415655","20220623022000","48","1","新北市","萬里區","121.655","25.205","75"
"85","415656","20220623022000","75","1","新北市","萬里區","121.660","25.205","87"
"186","415657","20220623022000","150","2","新北市","萬里區","121.690","25.205","237"
"22","415664","20220623022000","23","0","新北市","淡水區","121.465","25.175","21"
"97","415674","20220623022000","62","3","新北市","淡水區","121.520","25.175","82"
"51","415676","20220623022000","90","0","新北市","淡水區","121.480","25.180","54"
"150","415677","20220623022000","146","1","新北市","淡水區","121.485","25.180","156"
"127","415685","20220623022000","113","1","新北市","淡水區","121.470","25.185","136"
"18","415687","20220623022000","116","0","新北市","淡水區","121.480","25.185","27"
"518","415688","20220623022000","500","1","新北市","淡水區","121.485","25.185","527"
"127","415696","20220623022000","138","0","新北市","淡水區","121.475","25.190","119"
"215","415697","20220623022000","151","2","新北市","淡水區","121.490","25.190","208"
"13","415699","20220623022000","13","1","新北市","淡水區","121.500","25.190","15"
"396","415701","20220623022000","1247","0","新北市","淡水區","121.440","25.180","410"
"148","415706","20220623022000","242","0","新北市","淡水區","121.485","25.165","149"
"56","415713","20220623022000","70","0","新北市","淡水區","121.485","25.170","55"
"118","415717","20220623022000","162","0","新北市","淡水區","121.485","25.175","109"
"36","415718","20220623022000","273","0","新北市","淡水區","121.415","25.180","28"
"95","415720","20220623022000","61","3","新北市","淡水區","121.410","25.185","66"
"1794","415722","20220623022000","1598","1","新北市","淡水區","121.420","25.185","1782"
"1101","415723","20220623022000","1132","0","新北市","淡水區","121.425","25.185","1109"
"963","415724","20220623022000","1350","0","新北市","淡水區","121.430","25.185","989"
"933","415730","20220623022000","505","3","新北市","淡水區","121.430","25.190","946"
"27","415731","20220623022000","34","0","新北市","淡水區","121.420","25.195","30"
"833","415732","20220623022000","761","1","新北市","淡水區","121.425","25.195","845"
"645","415734","20220623022000","569","1","新北市","淡水區","121.420","25.175","613"
"157","415735","20220623022000","139","1","新北市","淡水區","121.425","25.175","143"
"59","415738","20220623022000","55","1","新北市","淡水區","121.475","25.210","61"
"24","415743","20220623022000","21","1","新北市","淡水區","121.475","25.215","19"
"51","415744","20220623022000","53","0","新北市","淡水區","121.480","25.215","55"
"150","415745","20220623022000","203","0","新北市","淡水區","121.485","25.215","167"
"53","415753","20220623022000","134","0","新北市","淡水區","121.445","25.225","43"
"134","415754","20220623022000","223","0","新北市","淡水區","121.450","25.225","149"
"163","415755","20220623022000","168","0","新北市","淡水區","121.455","25.225","163"
"16","415761","20220623022000","55","0","新北市","淡水區","121.445","25.230","15"
"198","415762","20220623022000","155","2","新北市","淡水區","121.450","25.230","186"
"108","415775","20220623022000","91","1","新北市","萬里區","121.635","25.165","110"
"81","415799","20220623022000","58","2","新北市","萬里區","121.650","25.175","77"
"238","415830","20220623022000","251","0","新北市","萬里區","121.685","25.190","277"
"158","415832","20220623022000","103","3","新北市","萬里區","121.680","25.195","139"
"228","415838","20220623022000","190","2","新北市","淡水區","121.430","25.175","197"
"1658","415839","20220623022000","2042","0","新北市","淡水區","121.435","25.175","1676"
"2042","415840","20220623022000","2449","0","新北市","淡水區","121.435","25.180","2087"
"488","415841","20220623022000","431","1","新北市","淡水區","121.435","25.170","521"
"18","415849","20220623022000","16","1","新北市","淡水區","121.485","25.230","17"
"166","415852","20220623022000","156","1","新北市","三芝區","121.480","25.235","172"
"3184","415853","20220623022000","3319","0","新北市","淡水區","121.445","25.175","3230"
"3182","415854","20220623022000","4767","0","新北市","淡水區","121.450","25.175","3168"
"2117","415857","20220623022000","2149","0","新北市","淡水區","121.460","25.155","2109"
"1276","415860","20220623022000","1186","1","新北市","淡水區","121.455","25.155","1282"
"176","415861","20220623022000","1005","0","新北市","淡水區","121.465","25.160","174"
"10","415863","20220623022000","71","0","新北市","淡水區","121.470","25.155","16"
"77","415870","20220623022000","66","1","新北市","金山區","121.615","25.240","26"
"42","415905","20220623022000","49","0","新北市","金山區","121.590","25.235","81"
"2029","415910","20220623022000","2957","0","新北市","淡水區","121.445","25.180","2116"
"2481","415911","20220623022000","2770","0","新北市","淡水區","121.450","25.180","2428"
"64","415912","20220623022000","225","0","新北市","淡水區","121.455","25.180","71"
"1076","415916","20220623022000","1804","0","新北市","淡水區","121.445","25.185","1100"
"1550","415921","20220623022000","1876","0","新北市","淡水區","121.455","25.175","1608"
"2590","415922","20220623022000","2563","1","新北市","淡水區","121.440","25.170","2511"
"146","415924","20220623022000","137","1","新北市","淡水區","121.485","25.155","146"
"454","415927","20220623022000","425","1","新北市","淡水區","121.485","25.160","447"
"302","415931","20220623022000","280","1","新北市","淡水區","121.470","25.165","289"
"482","415932","20220623022000","417","1","新北市","淡水區","121.440","25.190","462"
"1881","415933","20220623022000","1917","0","新北市","淡水區","121.445","25.190","1870"
"52","415936","20220623022000","69","0","新北市","淡水區","121.460","25.190","46"
"790","415942","20220623022000","674","1","新北市","淡水區","121.450","25.200","741"
"220","415944","20220623022000","203","1","新北市","淡水區","121.460","25.200","203"
"747","415946","20220623022000","848","0","新北市","淡水區","121.420","25.180","789"
"2381","415947","20220623022000","2484","0","新北市","淡水區","121.450","25.170","2341"
"939","415948","20220623022000","1088","0","新北市","淡水區","121.455","25.170","950"
"261","415951","20220623022000","291","0","新北市","淡水區","121.455","25.235","250"
"1314","415961","20220623022000","1125","1","新北市","淡水區","121.435","25.185","1288"
"437","415962","20220623022000","473","0","新北市","淡水區","121.440","25.185","422"
"2662","415963","20220623022000","2165","2","新北市","淡水區","121.435","25.190","2652"
"817","415964","20220623022000","903","0","新北市","淡水區","121.430","25.195","850"
"625","415968","20220623022000","481","2","新北市","淡水區","121.430","25.200","634"
"1447","415969","20220623022000","1631","0","新北市","淡水區","121.435","25.200","1422"
"486","415971","20220623022000","367","2","新北市","淡水區","121.425","25.205","449"
"25","415972","20220623022000","22","1","新北市","淡水區","121.435","25.205","22"
"68","415975","20220623022000","518","0","新北市","淡水區","121.445","25.170","67"
"50","415977","20220623022000","46","1","新北市","淡水區","121.485","25.190","40"
"28","415979","20220623022000","102","0","新北市","淡水區","121.470","25.195","30"
"171","415984","20220623022000","176","0","新北市","淡水區","121.470","25.200","170"
"100","415986","20220623022000","106","0","新北市","淡水區","121.480","25.200","105"
"1271","416009","20220623022000","1239","1","新北市","金山區","121.640","25.220","1327"
"30","416022","20220623022000","17","3","新北市","金山區","121.625","25.270","20"
"299","416030","20220623022000","268","1","新北市","金山區","121.640","25.225","316"
"185","416031","20220623022000","176","1","新北市","金山區","121.645","25.225","187"
"219","416033","20220623022000","203","1","新北市","金山區","121.645","25.230","220"
"63","416038","20220623022000","111","0","臺北市","北投區","121.500","25.155","61"
"293","416050","20220623022000","286","1","新北市","金山區","121.630","25.225","304"
"459","416051","20220623022000","396","1","新北市","金山區","121.635","25.225","456"
"182","416060","20220623022000","147","2","新北市","金山區","121.615","25.245","200"
"23","416063","20220623022000","21","1","新北市","金山區","121.610","25.245","22"
"16","416067","20220623022000","18","0","新北市","金山區","121.610","25.250","17"
"148","416122","20220623022000","91","3","新北市","金山區","121.595","25.200","133"
"247","416123","20220623022000","149","3","新北市","金山區","121.600","25.200","256"
"92","416146","20220623022000","73","2","新北市","金山區","121.600","25.215","96"
"555","416155","20220623022000","609","0","新北市","金山區","121.630","25.220","550"
"1144","416156","20220623022000","744","3","新北市","金山區","121.635","25.220","1155"
"50","416160","20220623022000","46","1","臺北市","士林區","121.555","25.155","43"
"16","416182","20220623022000","21","0","臺北市","士林區","121.570","25.190","14"
"23","416192","20220623022000","51","0","臺北市","北投區","121.530","25.155","27"
"2126","416202","20220623022000","2416","0","新北市","淡水區","121.445","25.165","2075"
"203","416204","20220623022000","152","2","臺北市","北投區","121.540","25.155","197"
"135","416205","20220623022000","153","0","臺北市","北投區","121.545","25.150","147"
"48","416213","20220623022000","28","3","臺北市","北投區","121.545","25.160","43"
"272","416221","20220623022000","111","3","臺北市","北投區","121.540","25.165","261"
"309","416225","20220623022000","36","3","臺北市","北投區","121.560","25.165","294"
"45","416236","20220623022000","36","2","臺北市","北投區","121.535","25.175","38"
"65","416246","20220623022000","65","1","臺北市","北投區","121.545","25.180","81"
"79","416251","20220623022000","105","0","臺北市","北投區","121.535","25.185","62"
"60","416275","20220623022000","96","0","臺北市","北投區","121.490","25.155","62"
"14","617429","20220623022000","175","0","金門縣","金城鎮","118.305","24.400","21"
"1229","617430","20220623022000","1063","1","金門縣","金城鎮","118.310","24.400","1214"
"434","617700","20220623022000","422","1","金門縣","金城鎮","118.305","24.405","439"
"275","617704","20220623022000","260","1","金門縣","金城鎮","118.325","24.405","269"
"29","617966","20220623022000","18","3","金門縣","烈嶼鄉","118.225","24.405","15"
"64","617974","20220623022000","51","2","金門縣","金城鎮","118.290","24.405","61"
"72","617990","20220623022000","60","2","金門縣","金湖鎮","118.430","24.410","70"
"61","617991","20220623022000","57","1","金門縣","金湖鎮","118.435","24.410","61"
"71","618255","20220623022000","76","0","金門縣","金城鎮","118.285","24.410","61"
"96","618257","20220623022000","347","0","金門縣","金城鎮","118.295","24.410","93"
"164","618258","20220623022000","181","0","金門縣","金城鎮","118.300","24.410","173"
"30","618259","20220623022000","30","1","金門縣","金城鎮","118.305","24.410","30"
"56","618260","20220623022000","65","0","金門縣","金城鎮","118.310","24.410","56"
"196","618263","20220623022000","202","0","金門縣","金城鎮","118.325","24.410","199"
"807","618264","20220623022000","640","2","金門縣","金城鎮","118.330","24.410","799"
"211","618266","20220623022000","193","1","金門縣","金城鎮","118.335","24.410","217"
"362","618273","20220623022000","346","1","金門縣","金湖鎮","118.435","24.415","351"
"554","618274","20220623022000","543","1","金門縣","金湖鎮","118.440","24.415","582"
"59","618530","20220623022000","337","0","金門縣","烈嶼鄉","118.230","24.415","55"
"381","618532","20220623022000","551","0","金門縣","烈嶼鄉","118.240","24.415","350"
"160","618541","20220623022000","148","1","金門縣","金城鎮","118.290","24.415","168"
"557","618545","20220623022000","668","0","金門縣","金城鎮","118.310","24.415","536"
"693","618547","20220623022000","767","0","金門縣","金城鎮","118.315","24.415","720"
"268","618552","20220623022000","177","3","金門縣","金寧鄉","118.340","24.415","275"
"167","618560","20220623022000","178","0","金門縣","金湖鎮","118.440","24.420","169"
"438","618813","20220623022000","436","1","金門縣","烈嶼鄉","118.220","24.420","466"
"30","618818","20220623022000","22","2","金門縣","烈嶼鄉","118.245","24.420","35"
"29","618832","20220623022000","998","0","金門縣","金城鎮","118.310","24.420","29"
"120","618833","20220623022000","106","1","金門縣","金城鎮","118.315","24.420","119"
"47","618834","20220623022000","73","0","金門縣","金城鎮","118.320","24.420","43"
"25","618835","20220623022000","39","0","金門縣","金城鎮","118.325","24.420","34"
"99","618836","20220623022000","187","0","金門縣","金寧鄉","118.330","24.420","108"
"11","618838","20220623022000","11","1","金門縣","金寧鄉","118.340","24.420","12"
"1464","619113","20220623022000","1235","1","金門縣","烈嶼鄉","118.245","24.425","1491"
"326","619116","20220623022000","211","3","金門縣","烈嶼鄉","118.260","24.425","316"
"30","619117","20220623022000","28","1","金門縣","烈嶼鄉","118.265","24.425","23"
"1482","619127","20220623022000","1274","1","金門縣","金城鎮","118.320","24.425","1485"
"160","619131","20220623022000","135","1","金門縣","金寧鄉","118.340","24.425","170"
"143","619133","20220623022000","175","0","金門縣","金寧鄉","118.350","24.425","146"
"289","619146","20220623022000","214","2","金門縣","金湖鎮","118.430","24.425","271"
"127","619151","20220623022000","123","1","金門縣","金湖鎮","118.455","24.430","121"
"65","619406","20220623022000","64","1","金門縣","烈嶼鄉","118.230","24.430","77"
"68","619420","20220623022000","934","0","金門縣","金城鎮","118.310","24.430","72"
"717","619421","20220623022000","1294","0","金門縣","金城鎮","118.315","24.430","724"
"944","619422","20220623022000","1038","0","金門縣","金城鎮","118.320","24.430","935"
"111","619424","20220623022000","174","0","金門縣","金寧鄉","118.330","24.430","111"
"264","619426","20220623022000","290","0","金門縣","金寧鄉","118.340","24.430","269"
"95","619430","20220623022000","48","3","金門縣","金寧鄉","118.360","24.430","95"
"479","619440","20220623022000","957","0","金門縣","金湖鎮","118.410","24.430","26"
"405","619442","20220623022000","531","0","金門縣","金湖鎮","118.420","24.430","430"
"240","619709","20220623022000","351","0","金門縣","烈嶼鄉","118.255","24.435","226"
"24","619710","20220623022000","24","1","金門縣","烈嶼鄉","118.260","24.435","20"
"626","619718","20220623022000","603","1","金門縣","金城鎮","118.310","24.435","617"
"2304","619719","20220623022000","2815","0","金門縣","金城鎮","118.315","24.435","2249"
"33","619721","20220623022000","963","0","金門縣","金城鎮","118.325","24.435","31"
"280","619722","20220623022000","380","0","金門縣","金寧鄉","118.330","24.435","286"
"46","619729","20220623022000","40","1","金門縣","金湖鎮","118.365","24.435","36"
"161","619731","20220623022000","106","3","金門縣","金湖鎮","118.375","24.435","160"
"128","619734","20220623022000","178","0","金門縣","金湖鎮","118.390","24.435","131"
"265","619736","20220623022000","308","0","金門縣","金湖鎮","118.400","24.435","261"
"1431","619737","20220623022000","1579","0","金門縣","金湖鎮","118.405","24.435","1455"
"50","619739","20220623022000","101","0","金門縣","金湖鎮","118.415","24.435","119"
"116","619747","20220623022000","120","0","金門縣","金湖鎮","118.455","24.435","117"
"203","620001","20220623022000","137","2","金門縣","烈嶼鄉","118.250","24.440","187"
"574","620010","20220623022000","362","3","金門縣","金城鎮","118.310","24.440","559"
"4226","620011","20220623022000","2286","3","金門縣","金城鎮","118.315","24.440","4229"
"709","620012","20220623022000","500","2","金門縣","金寧鄉","118.320","24.440","721"
"82","620013","20220623022000","91","0","金門縣","金城鎮","118.325","24.440","86"
"376","620015","20220623022000","341","1","金門縣","金寧鄉","118.335","24.440","348"
"24","620021","20220623022000","21","1","金門縣","金湖鎮","118.365","24.440","20"
"97","620024","20220623022000","110","0","金門縣","金湖鎮","118.380","24.440","116"
"727","620025","20220623022000","792","0","金門縣","金湖鎮","118.385","24.440","720"
"70","620027","20220623022000","44","3","金門縣","金湖鎮","118.395","24.440","66"
"76","620029","20220623022000","194","0","金門縣","金湖鎮","118.405","24.440","79"
"804","620031","20220623022000","2776","0","金門縣","金湖鎮","118.415","24.440","827"
"1020","620032","20220623022000","1193","0","金門縣","金湖鎮","118.420","24.440","1053"
"281","620037","20220623022000","125","3","金門縣","金湖鎮","118.445","24.440","293"
"10","620040","20220623022000","130","0","金門縣","金湖鎮","118.460","24.440","139"
"389","620293","20220623022000","355","1","金門縣","烈嶼鄉","118.240","24.440","383"
"858","620304","20220623022000","926","0","金門縣","金寧鄉","118.310","24.445","885"
"158","620306","20220623022000","203","0","金門縣","金寧鄉","118.320","24.445","162"
"23","620312","20220623022000","417","0","金門縣","金寧鄉","118.350","24.445","28"
"19","620317","20220623022000","202","0","金門縣","金湖鎮","118.375","24.445","15"
"332","620318","20220623022000","261","2","金門縣","金湖鎮","118.380","24.445","340"
"30","620319","20220623022000","28","1","金門縣","金湖鎮","118.385","24.445","29"
"29","620323","20220623022000","20","2","金門縣","金湖鎮","118.405","24.445","39"
"26","620326","20220623022000","21","2","金門縣","金湖鎮","118.420","24.445","24"
"23","620327","20220623022000","299","0","金門縣","金湖鎮","118.425","24.445","12"
"12","620335","20220623022000","12","1","金門縣","金湖鎮","118.465","24.445","16"
"137","620336","20220623022000","145","0","金門縣","金湖鎮","118.470","24.445","123"
"152","620593","20220623022000","151","1","金門縣","烈嶼鄉","118.250","24.445","137"
"95","620594","20220623022000","94","1","金門縣","烈嶼鄉","118.255","24.445","100"
"203","620604","20220623022000","351","0","金門縣","金寧鄉","118.305","24.450","185"
"720","620605","20220623022000","432","3","金門縣","金寧鄉","118.310","24.450","718"
"188","620607","20220623022000","483","0","金門縣","金寧鄉","118.320","24.450","204"
"529","620608","20220623022000","356","2","金門縣","金寧鄉","118.325","24.450","557"
"1561","620609","20220623022000","1609","0","金門縣","金寧鄉","118.330","24.450","1621"
"663","620610","20220623022000","561","1","金門縣","金寧鄉","118.335","24.450","655"
"432","620611","20220623022000","515","0","金門縣","金寧鄉","118.340","24.450","416"
"83","620613","20220623022000","60","2","金門縣","金寧鄉","118.350","24.450","80"
"47","620618","20220623022000","54","0","金門縣","金湖鎮","118.375","24.450","48"
"50","620623","20220623022000","52","0","金門縣","金湖鎮","118.400","24.450","59"
"40","620624","20220623022000","49","0","金門縣","金湖鎮","118.405","24.450","38"
"70","620625","20220623022000","57","2","金門縣","金湖鎮","118.410","24.450","78"
"541","620912","20220623022000","289","3","金門縣","金寧鄉","118.335","24.455","554"
"325","620919","20220623022000","259","2","金門縣","金湖鎮","118.370","24.455","354"
"380","620920","20220623022000","354","1","金門縣","金湖鎮","118.375","24.455","366"
"420","620921","20220623022000","346","2","金門縣","金湖鎮","118.380","24.455","422"
"107","620922","20220623022000","45","3","金門縣","金湖鎮","118.385","24.455","89"
"47","620927","20220623022000","25","3","金門縣","金湖鎮","118.410","24.455","58"
"45","620928","20220623022000","42","1","金門縣","金湖鎮","118.415","24.455","37"
"28","620930","20220623022000","30","0","金門縣","金湖鎮","118.425","24.455","29"
"352","621210","20220623022000","616","0","金門縣","金寧鄉","118.305","24.455","348"
"26","621214","20220623022000","648","0","金門縣","金寧鄉","118.325","24.455","23"
"246","621221","20220623022000","269","0","金門縣","金寧鄉","118.360","24.460","230"
"11","621226","20220623022000","12","0","金門縣","金沙鎮","118.385","24.460","12"
"60","621230","20220623022000","106","0","金門縣","金沙鎮","118.405","24.460","68"
"805","621231","20220623022000","484","3","金門縣","金湖鎮","118.410","24.460","795"
"60","621233","20220623022000","24","3","金門縣","金湖鎮","118.420","24.460","33"
"30","621239","20220623022000","34","0","金門縣","金沙鎮","118.450","24.460","30"
"630","621509","20220623022000","873","0","金門縣","金寧鄉","118.315","24.460","617"
"147","621510","20220623022000","217","0","金門縣","金寧鄉","118.320","24.460","154"
"195","621511","20220623022000","166","1","金門縣","金寧鄉","118.325","24.460","203"
"21","621529","20220623022000","22","0","金門縣","金沙鎮","118.415","24.465","19"
"12","621530","20220623022000","10","2","金門縣","金湖鎮","118.420","24.465","14"
"138","621533","20220623022000","87","3","金門縣","金沙鎮","118.435","24.465","148"
"73","621534","20220623022000","73","1","金門縣","金沙鎮","118.440","24.465","71"
"210","621810","20220623022000","245","0","金門縣","金沙鎮","118.390","24.465","201"
"864","621816","20220623022000","761","1","金門縣","金沙鎮","118.420","24.470","816"
"285","621823","20220623022000","263","1","金門縣","金沙鎮","118.455","24.470","289"
"412","622079","20220623022000","479","0","金門縣","金寧鄉","118.315","24.470","389"
"100","622096","20220623022000","461","0","金門縣","金沙鎮","118.400","24.470","93"
"15","622101","20220623022000","11","2","金門縣","金沙鎮","118.425","24.475","11"
"71","622102","20220623022000","58","2","金門縣","金沙鎮","118.430","24.475","82"
"291","622377","20220623022000","164","3","金門縣","金沙鎮","118.390","24.475","301"
"200","622643","20220623022000","427","0","金門縣","金寧鄉","118.305","24.480","203"
"65","622644","20220623022000","85","0","金門縣","金寧鄉","118.310","24.480","66"
"46","622657","20220623022000","268","0","金門縣","金沙鎮","118.390","24.480","366"
"153","622658","20220623022000","130","1","金門縣","金沙鎮","118.395","24.480","145"
"16","622921","20220623022000","18","0","金門縣","金寧鄉","118.300","24.485","14"
"1238","622937","20220623022000","892","2","金門縣","金沙鎮","118.415","24.485","1175"
"96","622938","20220623022000","115","0","金門縣","金沙鎮","118.420","24.485","87"
"37","622941","20220623022000","41","0","金門縣","金沙鎮","118.435","24.485","35"
"166","623204","20220623022000","180","0","金門縣","金沙鎮","118.400","24.490","169"
"541","623206","20220623022000","432","2","金門縣","金沙鎮","118.410","24.490","544"
"501","623207","20220623022000","549","0","金門縣","金沙鎮","118.415","24.490","484"
"10","623208","20220623022000","10","1","金門縣","金沙鎮","118.420","24.490","10"
"91","623210","20220623022000","93","0","金門縣","金沙鎮","118.430","24.490","93"
"778","623474","20220623022000","889","0","金門縣","金沙鎮","118.415","24.495","789"
"293","623478","20220623022000","400","0","金門縣","金沙鎮","118.435","24.495","288"
"73","623734","20220623022000","85","0","金門縣","金沙鎮","118.400","24.500","84"
"37","623738","20220623022000","39","0","金門縣","金沙鎮","118.420","24.500","27"
"258","623993","20220623022000","228","1","金門縣","金沙鎮","118.405","24.505","264"
"26","623999","20220623022000","16","3","金門縣","金沙鎮","118.435","24.505","15"
"240","624000","20220623022000","253","0","金門縣","金沙鎮","118.440","24.505","242"
"229","624511","20220623022000","209","1","金門縣","金沙鎮","118.405","24.515","230"
"146","624771","20220623022000","211","0","金門縣","金沙鎮","118.415","24.515","254"
"422","653049","20220623022000","345","2","連江縣","莒光鄉","119.975","25.960","348"
"211","653082","20220623022000","232","0","連江縣","莒光鄉","119.935","25.970","222"
"102","653097","20220623022000","136","0","連江縣","莒光鄉","119.930","25.975","151"
"28","653099","20220623022000","23","2","連江縣","莒光鄉","119.940","25.975","31"
"477","653173","20220623022000","328","2","連江縣","南竿鄉","119.925","26.140","489"
"86","653187","20220623022000","50","3","連江縣","南竿鄉","119.930","26.145","88"
"182","653198","20220623022000","132","2","連江縣","南竿鄉","119.915","26.145","143"
"57","653200","20220623022000","67","0","連江縣","南竿鄉","119.925","26.145","53"
"252","653203","20220623022000","424","0","連江縣","南竿鄉","119.940","26.145","262"
"34","653217","20220623022000","44","0","連江縣","南竿鄉","119.925","26.150","25"
"403","653219","20220623022000","433","0","連江縣","南竿鄉","119.935","26.150","375"
"48","653221","20220623022000","56","0","連江縣","南竿鄉","119.945","26.150","51"
"218","653231","20220623022000","300","0","連江縣","南竿鄉","119.920","26.155","211"
"617","653235","20220623022000","444","2","連江縣","南竿鄉","119.940","26.155","543"
"913","653238","20220623022000","861","1","連江縣","南竿鄉","119.955","26.155","919"
"185","653248","20220623022000","72","3","連江縣","南竿鄉","119.920","26.160","161"
"1080","653255","20220623022000","830","2","連江縣","南竿鄉","119.955","26.160","978"
"436","653272","20220623022000","402","1","連江縣","南竿鄉","119.950","26.165","479"
"89","653282","20220623022000","104","0","連江縣","南竿鄉","119.925","26.170","91"
"177","653344","20220623022000","128","2","連江縣","北竿鄉","119.970","26.205","170"
"166","653365","20220623022000","159","1","連江縣","北竿鄉","119.975","26.215","161"
"31","653380","20220623022000","29","1","連江縣","北竿鄉","119.990","26.220","33"
"26","653382","20220623022000","28","0","連江縣","北竿鄉","120.000","26.220","14"
"920","653396","20220623022000","783","1","連江縣","北竿鄉","119.995","26.225","848"
"441","653397","20220623022000","354","2","連江縣","北竿鄉","120.000","26.225","392"
"52","653399","20220623022000","18","3","連江縣","北竿鄉","120.010","26.225","38"
"12","653410","20220623022000","12","1","連江縣","北竿鄉","119.995","26.230","12"
"106","653411","20220623022000","85","2","連江縣","北竿鄉","120.000","26.230","115"
"22","653580","20220623022000","37","0","連江縣","東引鄉","120.485","26.360","35"
"57","653590","20220623022000","38","3","連江縣","東引鄉","120.490","26.360","62"
"339","653592","20220623022000","540","0","連江縣","東引鄉","120.500","26.360","357"
"906","653602","20220623022000","729","2","連江縣","東引鄉","120.490","26.365","897"
"79","653603","20220623022000","45","3","連江縣","東引鄉","120.495","26.365","83"
"41","653606","20220623022000","13","3","連江縣","東引鄉","120.510","26.365","21"
"123","653623","20220623022000","105","1","連江縣","東引鄉","120.480","26.375","163"
