"POPULATION","G_ID","time","avg","idx","City","Town","x","y","prePop"
"607","6258","20220930132000","524","1","屏東縣","恆春鎮","120.745","21.945","726"
"135","9415","20220930132000","73","3","屏東縣","恆春鎮","120.715","21.970","142"
"173","9416","20220930132000","80","3","屏東縣","恆春鎮","120.845","21.970","140"
"350","15716","20220930132000","194","3","臺東縣","蘭嶼鄉","121.535","22.025","342"
"293","18068","20220930132000","438","0","屏東縣","車城鄉","120.695","22.045","378"
"36","39868","20220930132000","31","1","屏東縣","牡丹鄉","120.895","22.240","23"
"21","40369","20220930132000","175","0","屏東縣","枋山鄉","120.660","22.245","189"
"114","46865","20220930132000","100","1","臺東縣","大武鄉","120.890","22.305","18"
"116","49782","20220930132000","208","0","屏東縣","琉球鄉","120.355","22.330","91"
"49","49783","20220930132000","201","0","屏東縣","琉球鄉","120.375","22.330","38"
"703","52213","20220930132000","461","3","屏東縣","琉球鄉","120.380","22.355","701"
"114","57589","20220930132000","32","3","屏東縣","春日鄉","120.660","22.365","97"
"71","57606","20220930132000","54","2","屏東縣","春日鄉","120.665","22.365","80"
"139","57748","20220930132000","107","2","屏東縣","春日鄉","120.750","22.405","123"
"254","57758","20220930132000","187","2","屏東縣","春日鄉","120.625","22.365","268"
"34","57868","20220930132000","171","0","屏東縣","車城鄉","120.730","22.055","25"
"11","57911","20220930132000","16","0","屏東縣","車城鄉","120.775","22.070","11"
"281","57949","20220930132000","91","3","屏東縣","車城鄉","120.715","22.050","249"
"17","57951","20220930132000","171","0","屏東縣","車城鄉","120.710","22.055","17"
"564","57952","20220930132000","313","3","屏東縣","枋寮鄉","120.595","22.375","462"
"242","57962","20220930132000","458","0","屏東縣","枋寮鄉","120.595","22.385","227"
"493","57963","20220930132000","363","2","屏東縣","枋寮鄉","120.600","22.385","478"
"15","57992","20220930132000","18","0","屏東縣","滿州鄉","120.890","22.090","19"
"36","58022","20220930132000","58","0","屏東縣","滿州鄉","120.895","22.100","38"
"23","58112","20220930132000","20","1","屏東縣","滿州鄉","120.805","22.015","15"
"151","58150","20220930132000","105","2","屏東縣","滿州鄉","120.875","22.115","123"
"14","58179","20220930132000","14","1","屏東縣","滿州鄉","120.880","22.135","14"
"10","58180","20220930132000","25","0","屏東縣","滿州鄉","120.885","22.135","10"
"215","58209","20220930132000","101","3","屏東縣","滿州鄉","120.840","21.985","113"
"61","58243","20220930132000","75","0","屏東縣","滿州鄉","120.840","22.015","69"
"208","58245","20220930132000","220","0","屏東縣","滿州鄉","120.835","22.020","260"
"43","58246","20220930132000","14","3","屏東縣","滿州鄉","120.840","22.020","57"
"75","58248","20220930132000","73","1","屏東縣","滿州鄉","120.830","22.025","84"
"284","58265","20220930132000","306","0","屏東縣","滿州鄉","120.830","21.995","289"
"60","58303","20220930132000","38","3","屏東縣","滿州鄉","120.850","22.020","68"
"62","58452","20220930132000","45","2","屏東縣","滿州鄉","120.830","22.075","53"
"31","58493","20220930132000","26","1","屏東縣","滿州鄉","120.830","22.095","33"
"21","58500","20220930132000","38","0","屏東縣","滿州鄉","120.840","22.100","16"
"430","58514","20220930132000","311","2","屏東縣","枋山鄉","120.665","22.240","397"
"208","58522","20220930132000","366","0","屏東縣","枋山鄉","120.650","22.260","171"
"100","58529","20220930132000","315","0","屏東縣","枋山鄉","120.690","22.190","132"
"97","58531","20220930132000","283","0","屏東縣","枋山鄉","120.690","22.195","77"
"27","58544","20220930132000","13","3","屏東縣","佳冬鄉","120.525","22.410","31"
"620","58554","20220930132000","352","3","屏東縣","恆春鎮","120.740","22.030","554"
"33","58568","20220930132000","137","0","屏東縣","恆春鎮","120.735","22.040","17"
"145","58585","20220930132000","24","3","屏東縣","恆春鎮","120.720","22.045","138"
"72","58609","20220930132000","803","0","屏東縣","恆春鎮","120.750","21.955","62"
"130","58614","20220930132000","759","0","屏東縣","恆春鎮","120.755","21.960","125"
"445","58618","20220930132000","323","2","屏東縣","恆春鎮","120.755","21.965","481"
"388","58656","20220930132000","195","3","屏東縣","恆春鎮","120.730","22.010","430"
"10","58662","20220930132000","11","0","屏東縣","恆春鎮","120.725","22.020","10"
"347","58663","20220930132000","301","1","屏東縣","恆春鎮","120.745","22.005","352"
"212","58680","20220930132000","133","3","屏東縣","恆春鎮","120.730","21.995","215"
"62","58690","20220930132000","42","2","屏東縣","恆春鎮","120.740","21.920","78"
"352","58691","20220930132000","215","3","屏東縣","恆春鎮","120.725","21.925","368"
"16","58698","20220930132000","14","1","屏東縣","恆春鎮","120.715","21.935","19"
"31","58707","20220930132000","33","0","屏東縣","恆春鎮","120.715","21.945","47"
"651","58723","20220930132000","232","3","屏東縣","恆春鎮","120.720","21.960","661"
"839","58725","20220930132000","976","0","屏東縣","恆春鎮","120.740","22.010","888"
"23","58785","20220930132000","89","0","屏東縣","恆春鎮","120.720","22.040","19"
"150","58793","20220930132000","89","3","屏東縣","恆春鎮","120.695","22.020","114"
"10","58796","20220930132000","11","0","屏東縣","恆春鎮","120.710","22.020","10"
"125","58818","20220930132000","122","1","屏東縣","恆春鎮","120.850","21.905","169"
"72","58819","20220930132000","45","3","屏東縣","恆春鎮","120.855","21.905","106"
"64","58824","20220930132000","50","2","屏東縣","恆春鎮","120.850","21.910","60"
"354","58829","20220930132000","209","3","屏東縣","恆春鎮","120.850","21.915","370"
"52","58837","20220930132000","48","1","屏東縣","恆春鎮","120.830","21.925","72"
"111","58849","20220930132000","56","3","屏東縣","恆春鎮","120.825","21.935","118"
"68","58893","20220930132000","376","0","屏東縣","車城鄉","120.715","22.070","57"
"262","58924","20220930132000","119","3","屏東縣","獅子鄉","120.730","22.195","234"
"25","58958","20220930132000","195","0","屏東縣","獅子鄉","120.750","22.205","30"
"195","58971","20220930132000","201","0","屏東縣","獅子鄉","120.725","22.210","195"
"20","58992","20220930132000","33","0","屏東縣","獅子鄉","120.760","22.215","24"
"96","58997","20220930132000","55","3","屏東縣","獅子鄉","120.785","22.215","117"
"21","59041","20220930132000","17","2","屏東縣","獅子鄉","120.805","22.220","21"
"22","59098","20220930132000","12","3","屏東縣","獅子鄉","120.860","22.235","14"
"142","59115","20220930132000","549","0","屏東縣","琉球鄉","120.380","22.350","150"
"82","59117","20220930132000","313","0","屏東縣","琉球鄉","120.365","22.325","44"
"576","59120","20220930132000","294","3","屏東縣","琉球鄉","120.370","22.335","517"
"12","59128","20220930132000","36","0","屏東縣","獅子鄉","120.665","22.265","12"
"270","59149","20220930132000","152","3","屏東縣","獅子鄉","120.660","22.275","276"
"42","59469","20220930132000","53","0","屏東縣","獅子鄉","120.650","22.315","42"
"25","59727","20220930132000","106","0","屏東縣","獅子鄉","120.710","22.195","19"
"129","59772","20220930132000","128","1","屏東縣","獅子鄉","120.685","22.225","112"
"369","60023","20220930132000","181","3","屏東縣","獅子鄉","120.700","22.165","308"
"25","60048","20220930132000","131","0","屏東縣","獅子鄉","120.795","22.225","20"
"11","60056","20220930132000","73","0","屏東縣","獅子鄉","120.800","22.225","11"
"20","60065","20220930132000","136","0","屏東縣","獅子鄉","120.800","22.230","17"
"46","60076","20220930132000","41","1","屏東縣","獅子鄉","120.805","22.235","54"
"26","60088","20220930132000","24","1","屏東縣","獅子鄉","120.810","22.240","15"
"16","60119","20220930132000","17","0","屏東縣","獅子鄉","120.820","22.250","13"
"1600","60172","20220930132000","1639","0","屏東縣","琉球鄉","120.370","22.340","1439"
"48","60174","20220930132000","88","0","屏東縣","琉球鄉","120.375","22.345","34"
"257","60189","20220930132000","184","2","屏東縣","車城鄉","120.700","22.040","274"
"146","60193","20220930132000","190","0","屏東縣","車城鄉","120.700","22.050","148"
"59","60196","20220930132000","101","0","屏東縣","琉球鄉","120.365","22.340","116"
"11","60197","20220930132000","30","0","屏東縣","琉球鄉","120.365","22.345","14"
"220","60198","20220930132000","241","0","屏東縣","琉球鄉","120.370","22.350","257"
"636","60206","20220930132000","381","3","屏東縣","車城鄉","120.715","22.065","497"
"52","60213","20220930132000","205","0","屏東縣","車城鄉","120.720","22.090","68"
"288","60234","20220930132000","91","3","屏東縣","車城鄉","120.715","22.115","366"
"1356","60246","20220930132000","725","3","屏東縣","琉球鄉","120.385","22.350","1247"
"151","60260","20220930132000","119","2","屏東縣","車城鄉","120.740","22.085","142"
"189","60283","20220930132000","209","0","屏東縣","車城鄉","120.750","22.095","199"
"35","60314","20220930132000","180","0","屏東縣","枋寮鄉","120.555","22.390","26"
"83","60322","20220930132000","461","0","屏東縣","車城鄉","120.715","22.075","82"
"332","60328","20220930132000","117","3","屏東縣","車城鄉","120.730","22.075","316"
"640","60350","20220930132000","458","2","屏東縣","枋寮鄉","120.590","22.405","565"
"89","60369","20220930132000","272","0","屏東縣","枋寮鄉","120.620","22.405","78"
"323","60374","20220930132000","195","3","屏東縣","枋寮鄉","120.590","22.370","313"
"233","60377","20220930132000","197","1","屏東縣","枋寮鄉","120.580","22.375","235"
"914","60401","20220930132000","746","2","屏東縣","枋寮鄉","120.575","22.405","781"
"639","60404","20220930132000","440","2","屏東縣","佳冬鄉","120.565","22.410","664"
"1304","60421","20220930132000","1208","1","屏東縣","枋寮鄉","120.600","22.360","1290"
"512","60428","20220930132000","252","3","屏東縣","枋寮鄉","120.600","22.365","567"
"133","60441","20220930132000","227","0","屏東縣","枋山鄉","120.645","22.295","170"
"245","60442","20220930132000","173","2","屏東縣","獅子鄉","120.640","22.310","292"
"235","60446","20220930132000","276","0","屏東縣","枋山鄉","120.630","22.320","189"
"111","60449","20220930132000","138","0","屏東縣","枋山鄉","120.615","22.330","124"
"289","60455","20220930132000","254","1","屏東縣","枋山鄉","120.620","22.335","271"
"367","60456","20220930132000","181","3","屏東縣","枋山鄉","120.625","22.335","321"
"1413","60532","20220930132000","1013","2","屏東縣","恆春鎮","120.740","22.000","1283"
"409","60533","20220930132000","306","2","屏東縣","恆春鎮","120.740","22.005","393"
"53","60535","20220930132000","164","0","屏東縣","恆春鎮","120.815","21.935","63"
"93","60537","20220930132000","75","2","屏東縣","恆春鎮","120.805","21.940","93"
"19","60539","20220930132000","142","0","屏東縣","恆春鎮","120.795","21.945","21"
"312","60540","20220930132000","371","0","屏東縣","恆春鎮","120.800","21.945","313"
"237","60541","20220930132000","252","0","屏東縣","恆春鎮","120.805","21.945","195"
"121","60543","20220930132000","147","0","屏東縣","恆春鎮","120.780","21.950","114"
"91","60544","20220930132000","73","2","屏東縣","恆春鎮","120.785","21.950","83"
"117","60568","20220930132000","143","0","屏東縣","恆春鎮","120.810","21.955","132"
"185","60589","20220930132000","139","2","屏東縣","恆春鎮","120.815","21.965","181"
"137","60623","20220930132000","485","0","屏東縣","恆春鎮","120.735","21.950","100"
"88","60646","20220930132000","143","0","屏東縣","恆春鎮","120.720","21.975","78"
"88","60651","20220930132000","89","0","屏東縣","恆春鎮","120.715","21.985","105"
"224","60656","20220930132000","194","1","屏東縣","恆春鎮","120.705","21.995","206"
"180","60671","20220930132000","786","0","屏東縣","恆春鎮","120.740","21.995","168"
"147","60672","20220930132000","286","0","屏東縣","恆春鎮","120.745","21.995","136"
"716","60680","20220930132000","581","2","屏東縣","恆春鎮","120.745","22.000","714"
"55","60694","20220930132000","80","0","屏東縣","恆春鎮","120.765","22.000","47"
"40","60732","20220930132000","71","0","屏東縣","牡丹鄉","120.815","22.075","38"
"101","60771","20220930132000","114","0","屏東縣","滿州鄉","120.890","22.140","102"
"32","60778","20220930132000","50","0","屏東縣","牡丹鄉","120.880","22.155","117"
"77","60791","20220930132000","56","2","屏東縣","牡丹鄉","120.890","22.165","77"
"40","60821","20220930132000","71","0","屏東縣","牡丹鄉","120.880","22.185","50"
"23","60825","20220930132000","19","2","屏東縣","牡丹鄉","120.880","22.190","21"
"81","60827","20220930132000","52","3","屏東縣","牡丹鄉","120.885","22.190","55"
"16","60836","20220930132000","22","0","屏東縣","牡丹鄉","120.890","22.200","13"
"34","60884","20220930132000","44","0","屏東縣","牡丹鄉","120.850","22.185","56"
"74","60907","20220930132000","128","0","屏東縣","牡丹鄉","120.855","22.200","121"
"38","60936","20220930132000","27","2","屏東縣","牡丹鄉","120.815","22.150","67"
"78","60994","20220930132000","48","3","屏東縣","牡丹鄉","120.835","22.175","69"
"55","61141","20220930132000","56","0","屏東縣","牡丹鄉","120.770","22.125","59"
"282","61160","20220930132000","247","1","屏東縣","牡丹鄉","120.780","22.130","227"
"18","61331","20220930132000","96","0","屏東縣","牡丹鄉","120.840","22.115","16"
"133","61332","20220930132000","146","0","屏東縣","牡丹鄉","120.845","22.115","121"
"231","61441","20220930132000","103","3","臺東縣","大武鄉","120.880","22.325","255"
"62","61469","20220930132000","265","0","臺東縣","大武鄉","120.905","22.360","56"
"524","61472","20220930132000","300","3","臺東縣","大武鄉","120.905","22.365","606"
"35","61501","20220930132000","301","0","臺東縣","大武鄉","120.910","22.380","38"
"169","61604","20220930132000","164","1","臺東縣","蘭嶼鄉","121.525","22.080","144"
"259","61605","20220930132000","216","1","臺東縣","蘭嶼鄉","121.530","22.080","237"
"76","61620","20220930132000","132","0","臺東縣","蘭嶼鄉","121.590","22.005","91"
"218","61703","20220930132000","319","0","臺東縣","蘭嶼鄉","121.510","22.055","264"
"301","61734","20220930132000","253","1","臺東縣","蘭嶼鄉","121.555","22.025","326"
"89","61738","20220930132000","87","1","臺東縣","蘭嶼鄉","121.535","22.030","73"
"48","62017","20220930132000","43","1","臺東縣","達仁鄉","120.855","22.320","42"
"17","62278","20220930132000","11","3","臺東縣","大武鄉","120.880","22.375","17"
"49","62355","20220930132000","33","2","臺東縣","達仁鄉","120.855","22.390","81"
"29","62465","20220930132000","22","2","臺東縣","達仁鄉","120.840","22.265","28"
"80","62479","20220930132000","50","3","臺東縣","達仁鄉","120.855","22.275","61"
"291","62493","20220930132000","48","3","臺東縣","達仁鄉","120.875","22.290","97"
"81","63917","20220930132000","70","1","臺東縣","大武鄉","120.930","22.415","90"
"88","65292","20220930132000","309","0","屏東縣","東港鎮","120.480","22.430","68"
"22","72794","20220930132000","47","0","高雄市","小港區","120.360","22.510","19"
"145","72795","20220930132000","147","0","臺東縣","太麻里鄉","120.960","22.510","229"
"192","80997","20220930132000","164","1","屏東縣","新埤鄉","120.560","22.475","180"
"570","81045","20220930132000","599","0","屏東縣","新埤鄉","120.545","22.465","577"
"279","81049","20220930132000","131","3","屏東縣","新埤鄉","120.565","22.465","288"
"28","81063","20220930132000","22","2","屏東縣","新埤鄉","120.610","22.450","27"
"196","81079","20220930132000","178","1","屏東縣","新埤鄉","120.610","22.460","196"
"547","81134","20220930132000","518","1","屏東縣","新埤鄉","120.580","22.505","637"
"213","81174","20220930132000","237","0","屏東縣","新埤鄉","120.615","22.470","252"
"81","81486","20220930132000","58","2","屏東縣","春日鄉","120.630","22.425","54"
"208","81488","20220930132000","160","2","屏東縣","春日鄉","120.640","22.425","209"
"604","81506","20220930132000","404","2","屏東縣","新園鄉","120.435","22.500","622"
"158","81517","20220930132000","119","2","屏東縣","新園鄉","120.440","22.510","166"
"329","81529","20220930132000","387","0","屏東縣","萬巒鄉","120.610","22.590","339"
"1035","81547","20220930132000","1533","0","屏東縣","林邊鄉","120.515","22.435","1015"
"38","81550","20220930132000","25","3","屏東縣","林邊鄉","120.510","22.430","52"
"639","81552","20220930132000","367","3","屏東縣","林邊鄉","120.520","22.430","675"
"27","81557","20220930132000","53","0","屏東縣","林邊鄉","120.490","22.430","53"
"89","81560","20220930132000","28","3","屏東縣","東港鎮","120.495","22.460","80"
"186","81569","20220930132000","201","0","屏東縣","東港鎮","120.455","22.460","209"
"24","81573","20220930132000","26","0","屏東縣","東港鎮","120.465","22.440","24"
"107","81584","20220930132000","94","1","屏東縣","東港鎮","120.455","22.450","116"
"49","81816","20220930132000","48","1","屏東縣","來義鄉","120.680","22.525","43"
"35","81919","20220930132000","57","0","屏東縣","來義鄉","120.640","22.435","47"
"96","82042","20220930132000","69","2","屏東縣","來義鄉","120.635","22.525","86"
"22","82186","20220930132000","20","1","屏東縣","來義鄉","120.665","22.560","23"
"55","82194","20220930132000","372","0","屏東縣","佳冬鄉","120.550","22.415","45"
"1225","82204","20220930132000","893","2","屏東縣","佳冬鄉","120.545","22.415","1218"
"587","82217","20220930132000","583","1","屏東縣","竹田鄉","120.515","22.575","597"
"15","82225","20220930132000","76","0","屏東縣","東港鎮","120.450","22.455","17"
"588","82239","20220930132000","159","3","屏東縣","東港鎮","120.495","22.455","520"
"77","82241","20220930132000","597","0","屏東縣","東港鎮","120.490","22.455","74"
"1420","82243","20220930132000","1315","1","屏東縣","東港鎮","120.445","22.465","1383"
"233","82245","20220930132000","641","0","屏東縣","東港鎮","120.445","22.460","243"
"1299","82256","20220930132000","897","2","屏東縣","東港鎮","120.455","22.470","1128"
"130","82257","20220930132000","94","2","屏東縣","東港鎮","120.460","22.470","113"
"1842","82262","20220930132000","816","3","屏東縣","東港鎮","120.460","22.475","1836"
"225","82266","20220930132000","434","0","屏東縣","東港鎮","120.465","22.480","216"
"187","82270","20220930132000","428","0","屏東縣","東港鎮","120.475","22.485","165"
"60","82283","20220930132000","69","0","屏東縣","泰武鄉","120.625","22.590","58"
"126","82284","20220930132000","126","1","屏東縣","泰武鄉","120.635","22.590","138"
"410","82290","20220930132000","285","2","屏東縣","林邊鄉","120.520","22.435","398"
"451","82303","20220930132000","331","2","屏東縣","新園鄉","120.460","22.540","458"
"821","82306","20220930132000","793","1","屏東縣","新園鄉","120.460","22.545","804"
"150","82311","20220930132000","573","0","屏東縣","東港鎮","120.450","22.470","145"
"14","82316","20220930132000","15","0","屏東縣","竹田鄉","120.540","22.570","13"
"539","82324","20220930132000","594","0","屏東縣","竹田鄉","120.540","22.585","541"
"89","82325","20220930132000","102","0","屏東縣","竹田鄉","120.545","22.585","78"
"575","82333","20220930132000","495","1","屏東縣","新園鄉","120.455","22.525","592"
"306","82340","20220930132000","234","2","屏東縣","新園鄉","120.465","22.530","262"
"293","82347","20220930132000","219","2","屏東縣","新園鄉","120.440","22.475","283"
"105","82367","20220930132000","59","3","屏東縣","萬丹鄉","120.465","22.595","122"
"511","82441","20220930132000","284","3","屏東縣","泰武鄉","120.650","22.570","500"
"23","82445","20220930132000","126","0","屏東縣","泰武鄉","120.635","22.580","18"
"41","82467","20220930132000","65","0","屏東縣","泰武鄉","120.660","22.570","53"
"90","82513","20220930132000","73","2","屏東縣","泰武鄉","120.665","22.585","90"
"10","82564","20220930132000","45","0","屏東縣","萬丹鄉","120.485","22.570","10"
"20","82568","20220930132000","24","0","屏東縣","萬丹鄉","120.490","22.575","19"
"559","82569","20220930132000","338","3","屏東縣","新園鄉","120.450","22.475","528"
"575","82576","20220930132000","412","2","屏東縣","新園鄉","120.445","22.515","579"
"139","82591","20220930132000","115","2","屏東縣","新園鄉","120.450","22.525","163"
"52","82614","20220930132000","314","0","屏東縣","佳冬鄉","120.515","22.415","52"
"34","82630","20220930132000","378","0","屏東縣","佳冬鄉","120.560","22.430","53"
"261","82634","20220930132000","470","0","屏東縣","佳冬鄉","120.560","22.435","247"
"99","82638","20220930132000","84","1","屏東縣","佳冬鄉","120.535","22.425","97"
"406","82649","20220930132000","702","0","屏東縣","佳冬鄉","120.555","22.420","392"
"171","82700","20220930132000","163","1","屏東縣","來義鄉","120.635","22.515","163"
"72","82715","20220930132000","39","3","屏東縣","來義鄉","120.660","22.525","73"
"11","82720","20220930132000","114","0","屏東縣","南州鄉","120.500","22.480","15"
"45","82722","20220930132000","37","2","屏東縣","南州鄉","120.490","22.485","46"
"727","82723","20220930132000","366","3","屏東縣","南州鄉","120.495","22.485","739"
"83","82736","20220930132000","211","0","屏東縣","南州鄉","120.530","22.465","77"
"692","82742","20220930132000","613","1","屏東縣","南州鄉","120.520","22.475","682"
"420","82751","20220930132000","221","3","屏東縣","南州鄉","120.540","22.485","466"
"89","82754","20220930132000","46","3","屏東縣","南州鄉","120.535","22.490","85"
"53","82763","20220930132000","40","2","屏東縣","崁頂鄉","120.520","22.495","47"
"189","82767","20220930132000","68","3","屏東縣","內埔鄉","120.560","22.585","188"
"21","82779","20220930132000","176","0","屏東縣","萬丹鄉","120.495","22.550","19"
"448","82796","20220930132000","460","0","屏東縣","新園鄉","120.460","22.505","472"
"137","82807","20220930132000","282","0","屏東縣","崁頂鄉","120.505","22.540","113"
"46","82821","20220930132000","293","0","屏東縣","崁頂鄉","120.490","22.510","58"
"36","82835","20220930132000","167","0","屏東縣","崁頂鄉","120.520","22.530","34"
"666","82839","20220930132000","720","0","屏東縣","南州鄉","120.510","22.495","689"
"80","82881","20220930132000","313","0","屏東縣","佳冬鄉","120.560","22.445","83"
"172","82883","20220930132000","74","3","屏東縣","佳冬鄉","120.560","22.450","208"
"284","82893","20220930132000","272","1","屏東縣","萬丹鄉","120.495","22.545","250"
"78","82901","20220930132000","50","3","屏東縣","崁頂鄉","120.510","22.510","75"
"323","82906","20220930132000","472","0","屏東縣","崁頂鄉","120.515","22.515","316"
"80","82941","20220930132000","37","3","屏東縣","崁頂鄉","120.490","22.500","78"
"29","82951","20220930132000","37","0","屏東縣","內埔鄉","120.570","22.590","27"
"762","82954","20220930132000","418","3","屏東縣","新園鄉","120.460","22.495","802"
"124","82963","20220930132000","122","1","屏東縣","新園鄉","120.475","22.550","125"
"367","82970","20220930132000","370","0","屏東縣","新園鄉","120.455","22.545","338"
"174","82987","20220930132000","422","0","屏東縣","新園鄉","120.460","22.490","176"
"108","82992","20220930132000","500","0","屏東縣","新園鄉","120.445","22.500","118"
"27","82996","20220930132000","24","1","屏東縣","新園鄉","120.445","22.475","29"
"324","82997","20220930132000","214","3","屏東縣","新園鄉","120.440","22.480","313"
"152","82998","20220930132000","165","0","屏東縣","新園鄉","120.445","22.480","168"
"17","83002","20220930132000","49","0","屏東縣","新園鄉","120.440","22.485","17"
"116","83015","20220930132000","141","0","屏東縣","新埤鄉","120.550","22.505","117"
"523","83024","20220930132000","437","1","屏東縣","潮州鎮","120.530","22.545","553"
"1403","83025","20220930132000","1085","2","屏東縣","潮州鎮","120.535","22.545","1425"
"50","83041","20220930132000","51","0","屏東縣","潮州鎮","120.590","22.540","57"
"221","83047","20220930132000","174","2","屏東縣","潮州鎮","120.555","22.550","232"
"428","83049","20220930132000","287","2","屏東縣","潮州鎮","120.565","22.550","426"
"420","83055","20220930132000","372","1","屏東縣","萬丹鄉","120.470","22.560","399"
"78","83064","20220930132000","217","0","屏東縣","萬巒鄉","120.600","22.590","77"
"30","83074","20220930132000","38","0","屏東縣","東港鎮","120.480","22.455","14"
"394","83080","20220930132000","639","0","屏東縣","東港鎮","120.450","22.465","372"
"490","83093","20220930132000","297","3","屏東縣","萬巒鄉","120.595","22.565","533"
"64","83095","20220930132000","272","0","屏東縣","萬巒鄉","120.605","22.565","80"
"178","83096","20220930132000","107","3","屏東縣","萬巒鄉","120.600","22.570","192"
"23","83099","20220930132000","23","1","屏東縣","萬巒鄉","120.595","22.570","18"
"346","83142","20220930132000","190","3","屏東縣","新埤鄉","120.625","22.525","369"
"71","83161","20220930132000","388","0","屏東縣","萬巒鄉","120.620","22.545","62"
"372","83162","20220930132000","544","0","屏東縣","泰武鄉","120.625","22.545","375"
"22","83177","20220930132000","141","0","屏東縣","萬巒鄉","120.580","22.590","28"
"585","83201","20220930132000","541","1","屏東縣","萬巒鄉","120.570","22.570","610"
"423","83206","20220930132000","604","0","屏東縣","萬巒鄉","120.565","22.575","556"
"306","83210","20220930132000","183","3","屏東縣","內埔鄉","120.565","22.580","256"
"25","83216","20220930132000","31","0","屏東縣","萬丹鄉","120.485","22.555","17"
"13","83222","20220930132000","77","0","屏東縣","東港鎮","120.470","22.485","10"
"164","83231","20220930132000","56","3","屏東縣","東港鎮","120.460","22.460","140"
"901","83232","20220930132000","655","2","屏東縣","東港鎮","120.465","22.460","923"
"1620","83234","20220930132000","1250","2","屏東縣","東港鎮","120.455","22.465","1430"
"196","83235","20220930132000","77","3","屏東縣","東港鎮","120.460","22.465","189"
"297","83236","20220930132000","966","0","屏東縣","東港鎮","120.465","22.465","289"
"25","83237","20220930132000","13","3","屏東縣","東港鎮","120.470","22.465","27"
"694","83241","20220930132000","938","0","屏東縣","東港鎮","120.440","22.460","732"
"129","83257","20220930132000","866","0","屏東縣","竹田鄉","120.525","22.575","121"
"226","83258","20220930132000","186","2","屏東縣","潮州鎮","120.530","22.525","206"
"363","83261","20220930132000","285","2","屏東縣","潮州鎮","120.540","22.525","415"
"345","83267","20220930132000","237","2","屏東縣","潮州鎮","120.535","22.535","376"
"381","83269","20220930132000","237","3","屏東縣","潮州鎮","120.535","22.540","378"
"245","83271","20220930132000","221","1","屏東縣","枋寮鄉","120.580","22.410","267"
"296","83278","20220930132000","205","2","屏東縣","枋寮鄉","120.580","22.415","321"
"57","83323","20220930132000","79","0","屏東縣","枋寮鄉","120.620","22.425","43"
"197","83342","20220930132000","102","3","屏東縣","枋寮鄉","120.595","22.435","152"
"43","83378","20220930132000","206","0","屏東縣","萬丹鄉","120.460","22.575","44"
"90","83380","20220930132000","50","3","屏東縣","萬丹鄉","120.470","22.575","95"
"306","83383","20220930132000","262","1","屏東縣","竹田鄉","120.535","22.595","312"
"16","83404","20220930132000","16","1","屏東縣","林邊鄉","120.505","22.435","16"
"183","83414","20220930132000","58","3","屏東縣","林邊鄉","120.525","22.455","169"
"236","83430","20220930132000","196","2","屏東縣","萬丹鄉","120.485","22.580","208"
"554","83431","20220930132000","372","2","屏東縣","萬丹鄉","120.490","22.580","526"
"61","83433","20220930132000","57","1","屏東縣","萬丹鄉","120.480","22.565","54"
"620","83435","20220930132000","867","0","屏東縣","竹田鄉","120.490","22.565","465"
"293","83437","20220930132000","189","3","屏東縣","萬丹鄉","120.480","22.570","285"
"27","83438","20220930132000","64","0","屏東縣","萬丹鄉","120.490","22.550","20"
"31","83439","20220930132000","58","0","屏東縣","萬丹鄉","120.490","22.555","24"
"741","83442","20220930132000","773","0","屏東縣","潮州鎮","120.545","22.545","716"
"412","83443","20220930132000","260","3","屏東縣","潮州鎮","120.550","22.545","436"
"869","83448","20220930132000","672","2","屏東縣","潮州鎮","120.550","22.555","851"
"472","83455","20220930132000","469","1","屏東縣","潮州鎮","120.560","22.515","473"
"100","83457","20220930132000","174","0","屏東縣","潮州鎮","120.570","22.515","97"
"513","83473","20220930132000","633","0","屏東縣","潮州鎮","120.530","22.560","535"
"288","83483","20220930132000","356","0","屏東縣","萬丹鄉","120.465","22.565","295"
"712","83504","20220930132000","1081","0","屏東縣","潮州鎮","120.540","22.555","684"
"57","83508","20220930132000","223","0","屏東縣","潮州鎮","120.550","22.560","58"
"14","83516","20220930132000","273","0","屏東縣","潮州鎮","120.540","22.545","14"
"35","83518","20220930132000","28","2","屏東縣","潮州鎮","120.545","22.550","36"
"397","83525","20220930132000","413","0","屏東縣","潮州鎮","120.530","22.540","384"
"225","83540","20220930132000","120","3","屏東縣","潮州鎮","120.580","22.555","241"
"1368","83567","20220930132000","937","2","屏東縣","萬丹鄉","120.490","22.590","1367"
"29","83574","20220930132000","40","0","屏東縣","潮州鎮","120.550","22.535","33"
"357","83576","20220930132000","288","2","屏東縣","潮州鎮","120.550","22.540","349"
"1002","83577","20220930132000","803","2","屏東縣","潮州鎮","120.535","22.550","978"
"112","83578","20220930132000","1157","0","屏東縣","潮州鎮","120.535","22.555","83"
"201","83582","20220930132000","77","3","屏東縣","萬丹鄉","120.500","22.595","202"
"460","83585","20220930132000","429","1","屏東縣","萬丹鄉","120.485","22.585","467"
"321","83586","20220930132000","525","0","屏東縣","萬丹鄉","120.490","22.585","357"
"86","83599","20220930132000","341","0","屏東縣","南州鄉","120.505","22.490","79"
"903","83623","20220930132000","472","3","屏東縣","南州鄉","120.510","22.490","906"
"286","83624","20220930132000","178","3","屏東縣","潮州鎮","120.530","22.510","291"
"250","83625","20220930132000","194","2","屏東縣","潮州鎮","120.535","22.510","264"
"386","83646","20220930132000","249","3","屏東縣","潮州鎮","120.530","22.550","363"
"889","83648","20220930132000","595","2","高雄市","鳳山區","120.325","22.595","885"
"307","83650","20220930132000","385","0","高雄市","前鎮區","120.320","22.595","409"
"1183","83651","20220930132000","1466","0","高雄市","小港區","120.360","22.565","1204"
"374","83652","20220930132000","224","3","高雄市","小港區(海)","120.335","22.550","367"
"33","83653","20220930132000","367","0","高雄市","小港區","120.335","22.555","42"
"534","83655","20220930132000","373","2","高雄市","小港區","120.340","22.560","585"
"49","83657","20220930132000","133","0","高雄市","小港區","120.370","22.530","64"
"460","83658","20220930132000","639","0","高雄市","小港區","120.365","22.535","439"
"38","83660","20220930132000","423","0","高雄市","小港區","120.370","22.540","57"
"177","83661","20220930132000","79","3","高雄市","小港區","120.375","22.540","216"
"678","83662","20220930132000","416","3","高雄市","小港區","120.370","22.545","862"
"342","83666","20220930132000","165","3","高雄市","小港區","120.375","22.545","383"
"17","83669","20220930132000","215","0","高雄市","小港區","120.375","22.550","21"
"283","83670","20220930132000","120","3","高雄市","小港區","120.370","22.555","301"
"64","83671","20220930132000","476","0","高雄市","小港區","120.365","22.560","53"
"581","83673","20220930132000","579","1","高雄市","小港區","120.375","22.560","547"
"357","83674","20220930132000","886","0","高雄市","小港區","120.365","22.565","383"
"233","83675","20220930132000","477","0","高雄市","小港區","120.370","22.565","270"
"161","83677","20220930132000","1311","0","高雄市","小港區","120.355","22.570","238"
"683","83684","20220930132000","717","0","高雄市","大寮區","120.380","22.590","638"
"37","83692","20220930132000","416","0","高雄市","大寮區","120.385","22.590","34"
"590","83694","20220930132000","376","3","高雄市","大寮區","120.395","22.590","565"
"52","83701","20220930132000","329","0","高雄市","大寮區","120.420","22.585","51"
"51","83702","20220930132000","552","0","高雄市","大寮區","120.410","22.590","50"
"126","83703","20220930132000","94","2","高雄市","大寮區","120.415","22.590","131"
"1433","83704","20220930132000","1274","1","高雄市","大寮區","120.420","22.590","1411"
"478","83705","20220930132000","388","2","高雄市","大寮區","120.410","22.595","453"
"486","83706","20220930132000","327","2","高雄市","大寮區","120.415","22.595","474"
"20","83712","20220930132000","60","0","高雄市","前鎮區","120.310","22.580","28"
"83","83713","20220930132000","870","0","高雄市","小港區","120.345","22.565","75"
"127","83752","20220930132000","55","3","臺東縣","大武鄉","120.930","22.425","90"
"10","83764","20220930132000","28","0","臺東縣","大武鄉","120.935","22.435","11"
"56","83802","20220930132000","46","2","臺東縣","大武鄉","120.925","22.415","55"
"34","83805","20220930132000","769","0","高雄市","小港區","120.345","22.525","28"
"472","83815","20220930132000","294","3","高雄市","林園區","120.405","22.495","433"
"19","83817","20220930132000","129","0","高雄市","林園區","120.415","22.495","17"
"291","83819","20220930132000","210","2","高雄市","林園區","120.400","22.500","286"
"37","83820","20220930132000","401","0","高雄市","林園區","120.410","22.495","44"
"294","83822","20220930132000","261","1","高雄市","林園區","120.390","22.505","301"
"179","83828","20220930132000","129","2","高雄市","林園區","120.415","22.485","202"
"543","83831","20220930132000","525","1","高雄市","前鎮區","120.315","22.580","588"
"1232","83836","20220930132000","1049","1","高雄市","大寮區","120.405","22.545","1273"
"55","83838","20220930132000","484","0","高雄市","前鎮區","120.300","22.590","54"
"49","83839","20220930132000","246","0","高雄市","前鎮區","120.300","22.585","54"
"534","83840","20220930132000","300","3","高雄市","前鎮區","120.295","22.590","516"
"180","83842","20220930132000","863","0","高雄市","前鎮區","120.305","22.590","183"
"364","83843","20220930132000","206","3","高雄市","前鎮區","120.290","22.595","369"
"862","83844","20220930132000","558","3","高雄市","前鎮區","120.295","22.595","908"
"206","83845","20220930132000","166","2","高雄市","前鎮區","120.310","22.585","211"
"154","83862","20220930132000","135","1","臺東縣","達仁鄉","120.905","22.475","157"
"140","84086","20220930132000","122","1","臺東縣","達仁鄉","120.885","22.455","142"
"305","84511","20220930132000","240","2","臺東縣","金峰鄉","120.960","22.595","304"
"286","85294","20220930132000","276","1","臺東縣","太麻里鄉","120.960","22.530","286"
"629","85296","20220930132000","488","2","高雄市","林園區","120.410","22.480","655"
"46","85297","20220930132000","21","3","高雄市","林園區","120.395","22.490","34"
"402","85301","20220930132000","372","1","高雄市","林園區","120.360","22.505","425"
"367","85302","20220930132000","287","2","高雄市","林園區","120.365","22.505","348"
"409","85305","20220930132000","906","0","高雄市","小港區","120.335","22.560","455"
"356","85307","20220930132000","245","2","高雄市","鳳山區","120.345","22.585","403"
"497","85308","20220930132000","309","3","高雄市","鳳山區","120.355","22.590","450"
"619","85309","20220930132000","330","3","高雄市","鳳山區","120.360","22.590","601"
"83","85310","20220930132000","204","0","高雄市","鳳山區","120.365","22.590","81"
"999","85311","20220930132000","938","1","高雄市","鳳山區","120.355","22.595","1012"
"392","85315","20220930132000","366","1","高雄市","鳳山區","120.360","22.595","506"
"320","85322","20220930132000","564","0","高雄市","小港區","120.350","22.560","323"
"353","85323","20220930132000","748","0","高雄市","小港區","120.355","22.560","364"
"1462","85325","20220930132000","1034","2","高雄市","鳳山區","120.360","22.585","1361"
"103","85327","20220930132000","345","0","高雄市","小港區","120.370","22.570","95"
"125","85328","20220930132000","158","0","高雄市","小港區","120.355","22.565","114"
"298","85329","20220930132000","185","3","高雄市","小港區","120.375","22.570","284"
"44","85331","20220930132000","210","0","高雄市","小港區","120.370","22.575","37"
"556","85332","20220930132000","516","1","高雄市","小港區","120.375","22.575","535"
"417","85337","20220930132000","457","0","高雄市","小港區","120.355","22.540","399"
"569","85340","20220930132000","407","2","高雄市","小港區","120.350","22.540","526"
"998","85343","20220930132000","576","3","高雄市","小港區","120.360","22.540","1098"
"543","85345","20220930132000","256","3","高雄市","小港區","120.340","22.545","460"
"871","85347","20220930132000","564","3","高雄市","小港區","120.350","22.545","884"
"323","85353","20220930132000","191","3","高雄市","小港區","120.350","22.550","306"
"289","85354","20220930132000","211","2","高雄市","小港區","120.355","22.550","265"
"869","85355","20220930132000","683","2","高雄市","小港區","120.360","22.550","900"
"110","85356","20220930132000","161","0","高雄市","小港區","120.345","22.555","88"
"920","85359","20220930132000","686","2","高雄市","小港區","120.355","22.555","948"
"675","85360","20220930132000","380","3","高雄市","小港區","120.345","22.560","654"
"109","85367","20220930132000","136","0","高雄市","小港區","120.345","22.530","119"
"309","85368","20220930132000","172","3","高雄市","小港區","120.350","22.530","300"
"635","85370","20220930132000","529","2","高雄市","小港區","120.355","22.530","349"
"862","85371","20220930132000","744","1","高雄市","小港區","120.360","22.530","970"
"538","85372","20220930132000","596","0","高雄市","小港區","120.335","22.535","540"
"381","85374","20220930132000","295","2","高雄市","小港區","120.345","22.535","372"
"182","85377","20220930132000","168","1","高雄市","小港區(海)","120.330","22.540","157"
"261","85382","20220930132000","480","0","高雄市","小港區","120.320","22.545","288"
"1104","85384","20220930132000","1514","0","高雄市","前鎮區","120.325","22.570","1133"
"936","85385","20220930132000","801","1","高雄市","前鎮區","120.325","22.575","919"
"751","85386","20220930132000","942","0","高雄市","前鎮區","120.315","22.590","774"
"849","85387","20220930132000","538","3","高雄市","前鎮區","120.305","22.595","809"
"518","85389","20220930132000","857","0","高雄市","前鎮區","120.310","22.595","92"
"1443","85391","20220930132000","1086","2","高雄市","前鎮區","120.315","22.575","1482"
"683","85392","20220930132000","588","1","高雄市","前鎮區","120.320","22.575","662"
"1050","85393","20220930132000","1314","0","高雄市","前鎮區","120.325","22.580","1011"
"1122","85396","20220930132000","1082","1","高雄市","前鎮區","120.330","22.585","1186"
"339","85398","20220930132000","630","0","高雄市","鳳山區","120.340","22.585","358"
"198","85400","20220930132000","199","0","臺東縣","太麻里鄉","120.940","22.460","208"
"51","85417","20220930132000","146","0","臺東縣","太麻里鄉","120.950","22.480","43"
"47","85451","20220930132000","53","0","臺東縣","太麻里鄉","120.955","22.510","45"
"179","85475","20220930132000","116","3","臺東縣","太麻里鄉","120.935","22.520","150"
"665","85487","20220930132000","691","0","高雄市","鳳山區","120.325","22.585","747"
"567","85489","20220930132000","441","2","高雄市","鳳山區","120.350","22.590","561"
"1041","85490","20220930132000","734","2","高雄市","鳳山區","120.345","22.595","907"
"421","85491","20220930132000","550","0","高雄市","鳳山區","120.330","22.590","428"
"2409","85492","20220930132000","1598","3","高雄市","鳳山區","120.325","22.590","2318"
"840","85493","20220930132000","855","0","高雄市","前鎮區","120.320","22.585","860"
"656","85496","20220930132000","815","0","高雄市","前鎮區","120.330","22.580","625"
"664","85517","20220930132000","770","0","高雄市","大寮區","120.410","22.560","701"
"443","85519","20220930132000","307","2","高雄市","大寮區","120.420","22.560","405"
"1099","85533","20220930132000","701","3","高雄市","大寮區","120.405","22.580","1032"
"811","85535","20220930132000","792","1","高雄市","鳳山區","120.335","22.595","822"
"95","85536","20220930132000","311","0","高雄市","小港區","120.360","22.570","84"
"630","85537","20220930132000","537","1","高雄市","林園區","120.385","22.490","623"
"463","85543","20220930132000","404","1","高雄市","鳳山區","120.330","22.595","465"
"215","85544","20220930132000","191","1","高雄市","小港區","120.355","22.515","213"
"337","85546","20220930132000","251","2","高雄市","小港區","120.360","22.525","498"
"378","85559","20220930132000","511","0","臺東縣","太麻里鄉","120.965","22.530","393"
"172","85568","20220930132000","21","3","臺東縣","太麻里鄉","120.965","22.535","159"
"16","85590","20220930132000","24","0","臺東縣","太麻里鄉","120.965","22.545","22"
"145","85591","20220930132000","62","3","臺東縣","太麻里鄉","120.970","22.545","190"
"28","85646","20220930132000","15","3","臺東縣","太麻里鄉","120.980","22.565","63"
"255","85656","20220930132000","242","1","臺東縣","太麻里鄉","120.990","22.575","272"
"142","85660","20220930132000","142","1","臺東縣","太麻里鄉","120.990","22.580","160"
"705","85678","20220930132000","460","3","高雄市","鳳山區","120.350","22.595","673"
"340","85680","20220930132000","338","1","高雄市","鳳山區","120.340","22.595","330"
"489","85681","20220930132000","393","2","高雄市","林園區","120.375","22.500","458"
"1050","85683","20220930132000","907","1","高雄市","林園區","120.385","22.500","1013"
"137","85684","20220930132000","493","0","高雄市","林園區","120.395","22.485","141"
"159","85685","20220930132000","176","0","高雄市","林園區","120.375","22.505","166"
"414","85689","20220930132000","2434","0","高雄市","前鎮區","120.310","22.590","390"
"809","85700","20220930132000","822","0","高雄市","小港區","120.340","22.565","670"
"364","85708","20220930132000","306","1","高雄市","小港區","120.380","22.545","375"
"60","85713","20220930132000","101","0","高雄市","小港區","120.390","22.545","69"
"353","85719","20220930132000","299","1","高雄市","小港區","120.385","22.555","351"
"334","85721","20220930132000","405","0","高雄市","小港區","120.390","22.560","324"
"89","85723","20220930132000","118","0","高雄市","小港區","120.380","22.555","65"
"287","85724","20220930132000","176","3","高雄市","小港區","120.380","22.560","293"
"209","85725","20220930132000","120","3","高雄市","小港區","120.385","22.560","198"
"121","85726","20220930132000","156","0","高雄市","小港區","120.380","22.565","126"
"10","85727","20220930132000","97","0","高雄市","小港區","120.385","22.565","10"
"423","85728","20220930132000","273","3","高雄市","大寮區","120.400","22.590","428"
"750","85729","20220930132000","675","1","高雄市","大寮區","120.390","22.595","767"
"116","85731","20220930132000","77","3","高雄市","大寮區","120.415","22.535","110"
"115","85751","20220930132000","92","2","高雄市","大寮區","120.425","22.555","121"
"187","85754","20220930132000","174","1","高雄市","大寮區","120.425","22.560","189"
"2278","85755","20220930132000","1604","2","高雄市","前鎮區","120.315","22.585","2338"
"400","85756","20220930132000","185","3","高雄市","前鎮區","120.305","22.585","380"
"449","85758","20220930132000","854","0","高雄市","小港區","120.345","22.570","455"
"84","85759","20220930132000","1178","0","高雄市","小港區","120.350","22.570","77"
"48","85764","20220930132000","361","0","高雄市","小港區","120.350","22.575","46"
"190","85768","20220930132000","196","0","高雄市","小港區","120.350","22.580","190"
"393","85770","20220930132000","759","0","高雄市","鳳山區","120.350","22.585","367"
"1474","85771","20220930132000","1602","0","高雄市","鳳山區","120.355","22.585","1568"
"1566","85772","20220930132000","1556","1","高雄市","小港區","120.350","22.565","1628"
"33","85776","20220930132000","69","0","高雄市","小港區","120.325","22.565","52"
"715","85777","20220930132000","720","0","高雄市","小港區","120.330","22.565","763"
"563","85778","20220930132000","520","1","高雄市","前鎮區","120.330","22.570","477"
"930","85779","20220930132000","783","1","高雄市","小港區","120.335","22.570","795"
"274","85780","20220930132000","199","2","高雄市","小港區","120.335","22.565","284"
"18","85783","20220930132000","269","0","高雄市","小港區","120.360","22.515","17"
"356","85790","20220930132000","378","0","高雄市","鳳山區","120.340","22.590","346"
"355","85791","20220930132000","264","2","高雄市","鳳山區","120.345","22.590","337"
"962","85793","20220930132000","1010","0","高雄市","鳳山區","120.335","22.590","988"
"513","85794","20220930132000","263","3","高雄市","前鎮區","120.335","22.585","485"
"48","85806","20220930132000","148","0","高雄市","小港區(海)","120.330","22.550","96"
"297","85816","20220930132000","250","1","高雄市","小港區(海)","120.315","22.550","291"
"315","85817","20220930132000","194","3","高雄市","旗津區","120.310","22.555","253"
"35","85821","20220930132000","92","0","高雄市","旗津區(海)","120.300","22.575","31"
"25","85823","20220930132000","60","0","高雄市","前鎮區(海)","120.295","22.585","31"
"203","85826","20220930132000","354","0","高雄市","旗津區(海)","120.295","22.580","207"
"393","85827","20220930132000","253","3","高雄市","旗津區","120.290","22.585","387"
"30","85829","20220930132000","67","0","高雄市","大寮區","120.430","22.560","24"
"12","85834","20220930132000","53","0","高雄市","大寮區","120.430","22.565","14"
"152","85835","20220930132000","119","2","高雄市","大寮區","120.435","22.565","171"
"350","85837","20220930132000","241","2","高雄市","大寮區","120.420","22.570","359"
"920","85839","20220930132000","692","2","高雄市","大寮區","120.430","22.570","916"
"231","85845","20220930132000","189","2","高雄市","大寮區","120.435","22.580","286"
"224","85858","20220930132000","199","1","高雄市","大寮區","120.410","22.575","221"
"356","85859","20220930132000","393","0","高雄市","大寮區","120.415","22.575","389"
"213","85864","20220930132000","221","0","高雄市","大寮區","120.420","22.580","200"
"1001","85865","20220930132000","760","2","高雄市","大寮區","120.425","22.580","1037"
"104","85866","20220930132000","1036","0","高雄市","大寮區","120.430","22.580","93"
"241","85867","20220930132000","223","1","高雄市","大寮區","120.425","22.585","259"
"305","85869","20220930132000","263","1","高雄市","大寮區","120.435","22.585","374"
"29","85872","20220930132000","476","0","高雄市","大寮區","120.425","22.590","25"
"693","85873","20220930132000","746","0","高雄市","大寮區","120.430","22.590","749"
"30","85880","20220930132000","291","0","高雄市","大寮區","120.400","22.595","35"
"515","85881","20220930132000","497","1","高雄市","大寮區","120.405","22.595","544"
"483","85887","20220930132000","468","1","高雄市","前鎮區","120.320","22.570","541"
"114","85888","20220930132000","202","0","高雄市","前鎮區(海)","120.305","22.575","115"
"195","85894","20220930132000","352","0","高雄市","小港區","120.365","22.585","251"
"1045","85896","20220930132000","700","2","高雄市","前鎮區","120.320","22.590","1036"
"340","85897","20220930132000","367","0","高雄市","林園區","120.395","22.505","367"
"1520","85898","20220930132000","1210","2","高雄市","林園區","120.395","22.510","1460"
"262","85910","20220930132000","226","1","高雄市","林園區","120.405","22.500","233"
"404","85911","20220930132000","312","2","高雄市","林園區","120.410","22.500","379"
"517","85915","20220930132000","380","2","高雄市","林園區","120.405","22.505","515"
"183","85916","20220930132000","228","0","高雄市","林園區","120.410","22.505","206"
"255","85920","20220930132000","221","1","高雄市","林園區","120.405","22.510","266"
"530","85929","20220930132000","363","2","高雄市","林園區","120.405","22.520","545"
"245","85936","20220930132000","200","2","高雄市","林園區","120.390","22.525","199"
"100","85937","20220930132000","155","0","高雄市","林園區","120.395","22.525","101"
"12","85940","20220930132000","15","0","高雄市","林園區","120.410","22.525","13"
"39","85945","20220930132000","402","0","高雄市","前鎮區","120.300","22.595","45"
"771","85946","20220930132000","658","1","高雄市","前鎮區","120.325","22.600","797"
"134","85948","20220930132000","310","0","高雄市","林園區","120.390","22.510","132"
"196","85950","20220930132000","157","2","高雄市","林園區","120.400","22.480","237"
"460","85953","20220930132000","167","3","高雄市","旗津區","120.310","22.560","444"
"110","85954","20220930132000","72","3","高雄市","旗津區","120.305","22.565","100"
"257","85955","20220930132000","408","0","高雄市","旗津區","120.300","22.570","271"
"55","85960","20220930132000","215","0","高雄市","林園區","120.395","22.530","49"
"183","85961","20220930132000","209","0","高雄市","林園區","120.400","22.530","180"
"34","85963","20220930132000","27","2","高雄市","林園區","120.385","22.505","23"
"69","85971","20220930132000","252","0","高雄市","旗津區","120.280","22.595","86"
"327","85972","20220930132000","300","1","高雄市","旗津區","120.285","22.585","339"
"252","85975","20220930132000","219","1","高雄市","旗津區","120.285","22.590","267"
"480","85978","20220930132000","427","1","高雄市","林園區","120.390","22.500","508"
"67","85982","20220930132000","656","0","高雄市","林園區","120.380","22.500","67"
"95","85983","20220930132000","561","0","高雄市","林園區","120.395","22.500","96"
"51","85988","20220930132000","131","0","高雄市","林園區","120.395","22.535","51"
"287","85989","20220930132000","211","2","高雄市","林園區","120.400","22.535","315"
"220","88407","20220930132000","304","0","高雄市","鼓山區","120.260","22.625","234"
"36","90458","20220930132000","38","0","臺東縣","綠島鄉","121.470","22.645","67"
"343","93129","20220930132000","158","3","臺東縣","綠島鄉","121.485","22.680","277"
"453","94971","20220930132000","363","2","高雄市","左營區","120.275","22.700","722"
"40","97490","20220930132000","406","0","屏東縣","屏東市","120.480","22.650","35"
"252","97491","20220930132000","261","0","屏東縣","屏東市","120.485","22.650","247"
"199","97497","20220930132000","288","0","屏東縣","屏東市","120.485","22.645","209"
"18","97500","20220930132000","15","2","屏東縣","屏東市","120.500","22.660","28"
"578","97501","20220930132000","416","2","屏東縣","屏東市","120.500","22.665","569"
"52","97502","20220930132000","350","0","屏東縣","九如鄉","120.490","22.730","52"
"1105","97503","20220930132000","754","2","屏東縣","九如鄉","120.490","22.735","1134"
"663","97504","20220930132000","346","3","屏東縣","九如鄉","120.490","22.710","678"
"31","97506","20220930132000","50","0","屏東縣","九如鄉","120.490","22.715","38"
"11","97509","20220930132000","33","0","屏東縣","九如鄉","120.495","22.720","14"
"71","97516","20220930132000","265","0","屏東縣","九如鄉","120.500","22.735","89"
"10","97518","20220930132000","130","0","屏東縣","九如鄉","120.505","22.735","10"
"372","97519","20220930132000","282","2","屏東縣","屏東市","120.475","22.655","361"
"251","97520","20220930132000","185","2","屏東縣","屏東市","120.480","22.655","231"
"135","97527","20220930132000","77","3","屏東縣","屏東市","120.450","22.635","133"
"129","97528","20220930132000","141","0","屏東縣","屏東市","120.455","22.635","129"
"141","97529","20220930132000","103","2","屏東縣","屏東市","120.460","22.635","120"
"136","97534","20220930132000","115","1","屏東縣","屏東市","120.455","22.640","138"
"24","97542","20220930132000","24","1","屏東縣","屏東市","120.495","22.625","25"
"468","97544","20220930132000","410","1","屏東縣","屏東市","120.505","22.625","504"
"1401","97550","20220930132000","1342","1","屏東縣","長治鄉","120.510","22.680","1446"
"15","97551","20220930132000","19","0","屏東縣","屏東市","120.475","22.665","15"
"725","97552","20220930132000","587","2","屏東縣","屏東市","120.485","22.670","775"
"87","97565","20220930132000","59","2","屏東縣","內埔鄉","120.570","22.650","83"
"33","97566","20220930132000","164","0","屏東縣","內埔鄉","120.575","22.650","38"
"78","97567","20220930132000","123","0","屏東縣","內埔鄉","120.560","22.655","66"
"14","97581","20220930132000","11","2","屏東縣","內埔鄉","120.585","22.665","21"
"331","97588","20220930132000","239","2","屏東縣","屏東市","120.505","22.690","360"
"1111","97589","20220930132000","1604","0","屏東縣","屏東市","120.495","22.685","1053"
"23","97597","20220930132000","193","0","屏東縣","屏東市","120.510","22.700","26"
"88","97598","20220930132000","101","0","屏東縣","屏東市","120.495","22.705","89"
"131","97600","20220930132000","62","3","屏東縣","屏東市","120.505","22.705","149"
"1026","97606","20220930132000","882","1","屏東縣","屏東市","120.475","22.660","1077"
"165","97607","20220930132000","331","0","屏東縣","屏東市","120.480","22.660","187"
"1294","97613","20220930132000","975","2","屏東縣","屏東市","120.475","22.690","1247"
"91","97614","20220930132000","144","0","屏東縣","屏東市","120.470","22.690","91"
"42","97625","20220930132000","41","1","屏東縣","屏東市","120.485","22.700","54"
"297","97627","20220930132000","273","1","屏東縣","屏東市","120.480","22.670","313"
"763","97628","20220930132000","824","0","屏東縣","屏東市","120.495","22.670","794"
"347","97638","20220930132000","338","1","屏東縣","竹田鄉","120.525","22.605","331"
"797","97642","20220930132000","734","1","屏東縣","屏東市","120.495","22.665","816"
"380","97643","20220930132000","388","0","屏東縣","屏東市","120.480","22.640","375"
"442","97654","20220930132000","357","2","屏東縣","鹽埔鄉","120.605","22.725","427"
"20","97655","20220930132000","34","0","屏東縣","屏東市","120.500","22.650","31"
"27","97656","20220930132000","33","0","屏東縣","屏東市","120.505","22.650","34"
"448","97657","20220930132000","342","2","屏東縣","屏東市","120.480","22.675","446"
"1714","97658","20220930132000","1260","2","屏東縣","屏東市","120.490","22.655","1713"
"479","97660","20220930132000","448","1","屏東縣","屏東市","120.490","22.660","437"
"137","97661","20220930132000","137","1","屏東縣","屏東市","120.495","22.660","139"
"208","97663","20220930132000","145","2","屏東縣","屏東市","120.460","22.665","216"
"139","97701","20220930132000","910","0","屏東縣","鹽埔鄉","120.540","22.730","151"
"53","97715","20220930132000","278","0","屏東縣","鹽埔鄉","120.555","22.735","59"
"59","97722","20220930132000","245","0","屏東縣","鹽埔鄉","120.520","22.735","68"
"90","97744","20220930132000","284","0","屏東縣","長治鄉","120.530","22.690","107"
"49","97746","20220930132000","31","3","屏東縣","長治鄉","120.530","22.695","50"
"28","97752","20220930132000","356","0","屏東縣","屏東市","120.485","22.655","20"
"1058","97754","20220930132000","1140","0","屏東縣","屏東市","120.490","22.675","1035"
"342","97761","20220930132000","1120","0","屏東縣","屏東市","120.470","22.655","362"
"45","97765","20220930132000","35","2","屏東縣","屏東市","120.510","22.645","46"
"959","97771","20220930132000","1210","0","屏東縣","屏東市","120.495","22.680","905"
"2218","97772","20220930132000","1236","3","屏東縣","屏東市","120.495","22.675","2140"
"333","97773","20220930132000","510","0","屏東縣","屏東市","120.500","22.685","385"
"2001","97774","20220930132000","1625","2","屏東縣","屏東市","120.505","22.685","2045"
"780","97775","20220930132000","606","2","屏東縣","屏東市","120.510","22.685","804"
"775","97777","20220930132000","727","1","屏東縣","屏東市","120.500","22.675","735"
"300","97783","20220930132000","82","3","屏東縣","內埔鄉","120.600","22.650","326"
"1284","97786","20220930132000","900","2","屏東縣","內埔鄉","120.615","22.650","1283"
"214","97791","20220930132000","701","0","屏東縣","內埔鄉","120.600","22.660","231"
"358","97800","20220930132000","197","3","屏東縣","麟洛鄉","120.535","22.650","380"
"265","97814","20220930132000","217","2","屏東縣","麟洛鄉","120.550","22.660","297"
"77","97818","20220930132000","79","0","屏東縣","麟洛鄉","120.535","22.665","73"
"47","97823","20220930132000","46","1","屏東縣","麟洛鄉","120.515","22.640","67"
"349","97842","20220930132000","226","3","屏東縣","麟洛鄉","120.520","22.645","329"
"46","97849","20220930132000","659","0","屏東縣","麟洛鄉","120.525","22.650","48"
"95","97851","20220930132000","463","0","屏東縣","麟洛鄉","120.520","22.655","99"
"104","97914","20220930132000","314","0","屏東縣","萬丹鄉","120.460","22.595","103"
"859","97916","20220930132000","917","0","屏東縣","屏東市","120.490","22.680","950"
"1518","97917","20220930132000","1343","1","屏東縣","屏東市","120.490","22.685","1404"
"1145","97918","20220930132000","810","2","屏東縣","屏東市","120.490","22.690","1194"
"618","97919","20220930132000","734","0","屏東縣","屏東市","120.505","22.670","583"
"955","97920","20220930132000","1142","0","屏東縣","長治鄉","120.510","22.670","983"
"204","97925","20220930132000","388","0","屏東縣","長治鄉","120.545","22.690","197"
"384","97947","20220930132000","321","1","屏東縣","屏東市","120.475","22.680","413"
"176","97948","20220930132000","343","0","屏東縣","屏東市","120.480","22.680","164"
"361","97953","20220930132000","434","0","屏東縣","屏東市","120.465","22.685","323"
"221","97954","20220930132000","193","1","屏東縣","屏東市","120.470","22.685","217"
"200","97955","20220930132000","378","0","屏東縣","屏東市","120.475","22.685","187"
"1207","97964","20220930132000","1000","2","屏東縣","屏東市","120.510","22.655","1226"
"606","97965","20220930132000","829","0","屏東縣","屏東市","120.505","22.660","610"
"326","97967","20220930132000","539","0","屏東縣","屏東市","120.515","22.660","275"
"686","97969","20220930132000","883","0","屏東縣","屏東市","120.505","22.665","673"
"71","97974","20220930132000","1317","0","屏東縣","屏東市","120.505","22.675","72"
"321","97978","20220930132000","295","1","屏東縣","屏東市","120.475","22.670","307"
"36","97984","20220930132000","505","0","屏東縣","萬丹鄉","120.485","22.610","37"
"420","97985","20220930132000","190","3","屏東縣","萬丹鄉","120.490","22.610","426"
"58","97991","20220930132000","214","0","屏東縣","萬丹鄉","120.490","22.620","54"
"54","98035","20220930132000","110","0","屏東縣","泰武鄉","120.700","22.610","66"
"53","98173","20220930132000","115","0","屏東縣","泰武鄉","120.640","22.625","57"
"226","98233","20220930132000","481","0","屏東縣","萬丹鄉","120.470","22.620","208"
"251","98245","20220930132000","125","3","屏東縣","萬丹鄉","120.470","22.610","258"
"65","98249","20220930132000","171","0","屏東縣","內埔鄉","120.600","22.675","50"
"155","98252","20220930132000","58","3","屏東縣","內埔鄉","120.585","22.640","146"
"107","98255","20220930132000","602","0","屏東縣","內埔鄉","120.590","22.645","104"
"34","98264","20220930132000","225","0","屏東縣","瑪家鄉","120.645","22.695","16"
"203","98266","20220930132000","157","2","屏東縣","瑪家鄉","120.650","22.700","200"
"260","98270","20220930132000","346","0","屏東縣","內埔鄉","120.645","22.705","285"
"984","98276","20220930132000","667","2","屏東縣","內埔鄉","120.565","22.635","993"
"226","98277","20220930132000","166","2","屏東縣","內埔鄉","120.545","22.640","220"
"870","98281","20220930132000","984","0","屏東縣","麟洛鄉","120.540","22.645","961"
"339","98298","20220930132000","494","0","屏東縣","內埔鄉","120.555","22.600","327"
"691","98309","20220930132000","559","2","屏東縣","內埔鄉","120.595","22.630","697"
"581","98311","20220930132000","168","3","屏東縣","內埔鄉","120.590","22.635","573"
"204","98316","20220930132000","571","0","屏東縣","內埔鄉","120.600","22.640","160"
"69","98321","20220930132000","187","0","屏東縣","內埔鄉","120.605","22.645","86"
"140","98322","20220930132000","803","0","屏東縣","內埔鄉","120.610","22.645","114"
"91","98328","20220930132000","95","0","屏東縣","瑪家鄉","120.630","22.650","85"
"21","98341","20220930132000","286","0","屏東縣","內埔鄉","120.580","22.620","15"
"30","98346","20220930132000","21","2","屏東縣","內埔鄉","120.545","22.630","26"
"83","98348","20220930132000","285","0","屏東縣","內埔鄉","120.540","22.635","72"
"16","98355","20220930132000","20","0","屏東縣","內埔鄉","120.635","22.685","17"
"273","98362","20220930132000","206","2","屏東縣","內埔鄉","120.640","22.695","314"
"112","98378","20220930132000","364","0","屏東縣","長治鄉","120.550","22.680","98"
"60","98380","20220930132000","28","3","屏東縣","長治鄉","120.540","22.685","50"
"250","98392","20220930132000","581","0","屏東縣","長治鄉","120.550","22.695","288"
"127","98396","20220930132000","68","3","屏東縣","長治鄉","120.535","22.705","160"
"51","98403","20220930132000","50","1","屏東縣","長治鄉","120.525","22.710","55"
"657","98405","20220930132000","847","0","屏東縣","長治鄉","120.535","22.710","655"
"30","98406","20220930132000","222","0","屏東縣","長治鄉","120.540","22.710","31"
"343","98407","20220930132000","130","3","屏東縣","長治鄉","120.545","22.710","355"
"123","98408","20220930132000","378","0","屏東縣","長治鄉","120.525","22.715","125"
"85","98410","20220930132000","354","0","屏東縣","長治鄉","120.535","22.715","94"
"120","98418","20220930132000","346","0","屏東縣","萬丹鄉","120.470","22.615","137"
"82","98422","20220930132000","158","0","屏東縣","萬丹鄉","120.520","22.595","86"
"179","98443","20220930132000","180","0","屏東縣","屏東市","120.495","22.640","180"
"342","98446","20220930132000","302","1","屏東縣","屏東市","120.490","22.645","327"
"453","98453","20220930132000","287","3","屏東縣","屏東市","120.485","22.625","432"
"448","98457","20220930132000","468","0","屏東縣","屏東市","120.480","22.635","440"
"54","98458","20220930132000","42","2","屏東縣","屏東市","120.485","22.635","56"
"425","98459","20220930132000","308","2","屏東縣","屏東市","120.490","22.635","423"
"14","98460","20220930132000","320","0","屏東縣","屏東市","120.485","22.640","27"
"136","98462","20220930132000","608","0","屏東縣","內埔鄉","120.565","22.610","101"
"72","98463","20220930132000","56","2","屏東縣","內埔鄉","120.570","22.610","106"
"855","98464","20220930132000","943","0","屏東縣","內埔鄉","120.570","22.615","863"
"529","98467","20220930132000","701","0","屏東縣","內埔鄉","120.560","22.605","508"
"73","98471","20220930132000","901","0","屏東縣","內埔鄉","120.560","22.600","67"
"188","98472","20220930132000","290","0","屏東縣","內埔鄉","120.565","22.600","177"
"89","98486","20220930132000","231","0","屏東縣","內埔鄉","120.595","22.675","83"
"868","98496","20220930132000","975","0","屏東縣","屏東市","120.485","22.685","806"
"775","98497","20220930132000","422","3","屏東縣","屏東市","120.480","22.690","757"
"665","98498","20220930132000","675","0","屏東縣","屏東市","120.485","22.690","649"
"654","98502","20220930132000","782","0","屏東縣","內埔鄉","120.545","22.625","703"
"14","98511","20220930132000","17","0","屏東縣","內埔鄉","120.570","22.640","11"
"701","98532","20220930132000","714","0","屏東縣","內埔鄉","120.560","22.620","711"
"886","98533","20220930132000","529","3","屏東縣","內埔鄉","120.565","22.620","951"
"23","98538","20220930132000","15","3","屏東縣","內埔鄉","120.565","22.625","10"
"12","98542","20220930132000","11","1","屏東縣","內埔鄉","120.615","22.685","12"
"38","98544","20220930132000","282","0","屏東縣","內埔鄉","120.600","22.690","36"
"305","98558","20220930132000","331","0","屏東縣","內埔鄉","120.610","22.700","309"
"18","98563","20220930132000","12","3","屏東縣","內埔鄉","120.600","22.665","22"
"58","98566","20220930132000","15","3","屏東縣","內埔鄉","120.600","22.670","49"
"471","98589","20220930132000","340","2","屏東縣","屏東市","120.505","22.695","461"
"632","98591","20220930132000","650","0","屏東縣","屏東市","120.445","22.640","641"
"335","98594","20220930132000","376","0","屏東縣","屏東市","120.460","22.640","338"
"49","98596","20220930132000","243","0","屏東縣","屏東市","120.445","22.645","42"
"445","98598","20220930132000","428","1","屏東縣","屏東市","120.455","22.645","473"
"354","98607","20220930132000","257","2","屏東縣","屏東市","120.465","22.650","364"
"28","98616","20220930132000","31","0","屏東縣","屏東市","120.445","22.660","36"
"248","98633","20220930132000","421","0","屏東縣","三地門鄉","120.640","22.715","265"
"396","98636","20220930132000","477","0","屏東縣","三地門鄉","120.655","22.715","415"
"258","98648","20220930132000","238","1","屏東縣","三地門鄉","120.670","22.720","246"
"20","98661","20220930132000","68","0","屏東縣","三地門鄉","120.640","22.735","32"
"315","98723","20220930132000","265","1","屏東縣","屏東市","120.495","22.690","286"
"462","98724","20220930132000","386","1","屏東縣","屏東市","120.500","22.690","514"
"800","98725","20220930132000","698","1","屏東縣","屏東市","120.480","22.665","812"
"534","98726","20220930132000","433","2","屏東縣","屏東市","120.495","22.695","567"
"344","98729","20220930132000","318","1","屏東縣","屏東市","120.500","22.695","352"
"2046","98734","20220930132000","1240","3","屏東縣","屏東市","120.490","22.670","1971"
"94","98776","20220930132000","49","3","屏東縣","萬巒鄉","120.625","22.630","92"
"122","98782","20220930132000","56","3","屏東縣","萬巒鄉","120.625","22.640","117"
"64","98803","20220930132000","52","2","屏東縣","萬巒鄉","120.615","22.605","69"
"628","98804","20220930132000","333","3","屏東縣","萬巒鄉","120.620","22.605","536"
"50","98822","20220930132000","42","1","屏東縣","長治鄉","120.535","22.670","68"
"1023","98826","20220930132000","753","2","屏東縣","長治鄉","120.525","22.675","1090"
"234","98837","20220930132000","196","1","屏東縣","長治鄉","120.515","22.685","211"
"42","98842","20220930132000","841","0","屏東縣","長治鄉","120.510","22.665","44"
"357","98843","20220930132000","383","0","屏東縣","長治鄉","120.515","22.665","336"
"30","98844","20220930132000","29","1","屏東縣","長治鄉","120.520","22.665","29"
"28","98884","20220930132000","46","0","屏東縣","瑪家鄉","120.705","22.675","15"
"643","98968","20220930132000","210","3","屏東縣","瑪家鄉","120.670","22.675","645"
"109","99003","20220930132000","117","0","屏東縣","瑪家鄉","120.655","22.705","105"
"102","99078","20220930132000","144","0","屏東縣","瑪家鄉","120.640","22.685","103"
"20","99093","20220930132000","11","3","屏東縣","麟洛鄉","120.525","22.630","13"
"436","99099","20220930132000","331","2","屏東縣","竹田鄉","120.535","22.640","443"
"202","99110","20220930132000","212","0","屏東縣","竹田鄉","120.520","22.615","222"
"31","99116","20220930132000","238","0","屏東縣","竹田鄉","120.525","22.620","28"
"111","99293","20220930132000","403","0","屏東縣","萬丹鄉","120.465","22.605","134"
"379","99294","20220930132000","173","3","屏東縣","萬丹鄉","120.470","22.605","382"
"107","99299","20220930132000","574","0","屏東縣","萬丹鄉","120.495","22.595","96"
"407","99310","20220930132000","391","1","屏東縣","長治鄉","120.520","22.680","394"
"48","99313","20220930132000","80","0","屏東縣","長治鄉","120.525","22.685","34"
"80","99317","20220930132000","448","0","屏東縣","長治鄉","120.565","22.670","67"
"836","99340","20220930132000","375","3","屏東縣","長治鄉","120.590","22.695","805"
"403","99352","20220930132000","432","0","屏東縣","長治鄉","120.575","22.705","385"
"202","99358","20220930132000","123","3","屏東縣","長治鄉","120.580","22.710","195"
"71","99371","20220930132000","41","3","屏東縣","鹽埔鄉","120.580","22.720","68"
"203","99390","20220930132000","136","2","屏東縣","長治鄉","120.570","22.700","206"
"11","99551","20220930132000","40","0","屏東縣","霧台鄉","120.755","22.730","11"
"59","99607","20220930132000","43","2","屏東縣","高樹鄉","120.630","22.735","65"
"150","99617","20220930132000","52","3","屏東縣","萬丹鄉","120.450","22.620","136"
"70","99627","20220930132000","315","0","屏東縣","萬丹鄉","120.465","22.625","84"
"35","99670","20220930132000","141","0","屏東縣","九如鄉","120.485","22.735","36"
"938","99671","20220930132000","1202","0","屏東縣","屏東市","120.490","22.665","929"
"17","99677","20220930132000","17","1","屏東縣","屏東市","120.485","22.705","24"
"25","99680","20220930132000","119","0","屏東縣","九如鄉","120.480","22.710","24"
"480","99690","20220930132000","310","3","屏東縣","九如鄉","120.520","22.710","465"
"39","99705","20220930132000","111","0","屏東縣","九如鄉","120.505","22.725","32"
"414","99716","20220930132000","223","3","臺東縣","綠島鄉","121.470","22.670","328"
"237","99719","20220930132000","199","1","臺東縣","綠島鄉","121.470","22.675","209"
"28","99724","20220930132000","20","2","臺東縣","綠島鄉","121.495","22.640","32"
"75","99732","20220930132000","42","3","臺東縣","綠島鄉","121.500","22.645","83"
"83","99739","20220930132000","40","3","臺東縣","綠島鄉","121.505","22.655","75"
"197","99759","20220930132000","153","2","臺東縣","綠島鄉","121.490","22.675","191"
"40","99760","20220930132000","44","0","臺東縣","綠島鄉","121.495","22.675","47"
"97","99762","20220930132000","66","2","臺東縣","綠島鄉","121.505","22.675","52"
"109","99767","20220930132000","101","1","臺東縣","綠島鄉","121.475","22.650","112"
"114","99769","20220930132000","105","1","臺東縣","綠島鄉","121.485","22.650","118"
"347","99774","20220930132000","306","1","臺東縣","綠島鄉","121.475","22.660","464"
"199","99777","20220930132000","129","3","臺東縣","綠島鄉","121.470","22.665","192"
"792","99779","20220930132000","645","2","臺東縣","綠島鄉","121.465","22.670","709"
"460","99780","20220930132000","336","2","高雄市","楠梓區","120.295","22.715","461"
"10","99781","20220930132000","326","0","高雄市","楠梓區","120.295","22.720","11"
"320","99782","20220930132000","374","0","高雄市","楠梓區","120.305","22.710","304"
"1131","99783","20220930132000","853","2","高雄市","楠梓區","120.300","22.715","1169"
"1344","99784","20220930132000","908","2","高雄市","楠梓區","120.305","22.715","1375"
"138","99785","20220930132000","420","0","高雄市","楠梓區","120.310","22.715","163"
"1056","99787","20220930132000","1170","0","高雄市","前金區","120.290","22.625","1068"
"1481","99788","20220930132000","1381","1","高雄市","前金區","120.300","22.620","1485"
"591","99792","20220930132000","447","2","臺東縣","臺東市","121.050","22.705","511"
"310","99796","20220930132000","397","0","臺東縣","臺東市","121.040","22.705","279"
"776","99800","20220930132000","443","3","臺東縣","臺東市","121.045","22.710","695"
"532","99819","20220930132000","696","0","臺東縣","臺東市","121.070","22.710","543"
"261","99837","20220930132000","98","3","臺東縣","臺東市","121.070","22.720","203"
"73","99854","20220930132000","81","0","臺東縣","臺東市","121.085","22.730","68"
"90","99856","20220930132000","79","1","高雄市","大寮區","120.415","22.620","88"
"173","99859","20220930132000","92","3","高雄市","大寮區","120.430","22.620","173"
"434","99862","20220930132000","405","1","高雄市","大寮區","120.425","22.625","461"
"1895","99875","20220930132000","1355","2","高雄市","鳥松區","120.335","22.655","1803"
"579","99876","20220930132000","882","0","高雄市","前鎮區","120.315","22.595","606"
"1287","99877","20220930132000","1097","1","高雄市","三民區","120.320","22.670","1378"
"319","99885","20220930132000","245","2","臺東縣","臺東市","121.055","22.725","287"
"1358","99892","20220930132000","1619","0","高雄市","前鎮區","120.305","22.605","1291"
"1222","99893","20220930132000","881","2","高雄市","前鎮區","120.315","22.615","1206"
"1745","99894","20220930132000","1338","2","高雄市","前鎮區","120.305","22.600","1657"
"1035","99895","20220930132000","1235","0","高雄市","前鎮區","120.330","22.610","1045"
"208","99897","20220930132000","229","0","高雄市","仁武區","120.330","22.705","156"
"1034","99898","20220930132000","1152","0","高雄市","仁武區","120.335","22.705","1235"
"1121","99899","20220930132000","829","2","高雄市","仁武區","120.330","22.710","1084"
"863","99900","20220930132000","460","3","高雄市","仁武區","120.335","22.710","859"
"62","99901","20220930132000","58","1","高雄市","仁武區","120.330","22.715","52"
"513","99902","20220930132000","667","0","高雄市","楠梓區","120.330","22.720","513"
"25","99903","20220930132000","15","3","高雄市","三民區","120.290","22.640","15"
"55","99905","20220930132000","773","0","高雄市","仁武區","120.355","22.680","37"
"259","99906","20220930132000","1068","0","高雄市","仁武區","120.355","22.685","249"
"560","99908","20220930132000","475","1","高雄市","仁武區","120.345","22.685","516"
"442","99912","20220930132000","381","1","高雄市","仁武區","120.365","22.690","447"
"65","99913","20220930132000","28","3","高雄市","仁武區","120.370","22.690","74"
"209","99914","20220930132000","168","2","高雄市","仁武區","120.375","22.690","216"
"165","99919","20220930132000","69","3","高雄市","仁武區","120.375","22.695","165"
"839","99924","20220930132000","723","1","高雄市","仁武區","120.365","22.700","851"
"240","99927","20220930132000","199","2","高雄市","仁武區","120.380","22.700","268"
"403","99930","20220930132000","254","3","高雄市","仁武區","120.395","22.700","350"
"2085","99933","20220930132000","2288","0","高雄市","鹽埕區","120.285","22.630","2119"
"1052","99935","20220930132000","1619","0","高雄市","楠梓區","120.325","22.725","1061"
"57","99936","20220930132000","220","0","高雄市","楠梓區","120.315","22.735","63"
"763","99937","20220930132000","496","3","高雄市","楠梓區","120.320","22.730","799"
"1356","99940","20220930132000","1210","1","高雄市","楠梓區","120.300","22.710","1428"
"1579","99941","20220930132000","1585","0","高雄市","三民區","120.320","22.650","1514"
"3288","99942","20220930132000","3662","0","高雄市","前金區","120.295","22.630","3309"
"693","99943","20220930132000","904","0","高雄市","三民區","120.290","22.645","703"
"63","99944","20220930132000","1092","0","高雄市","鳳山區","120.375","22.635","122"
"1863","99945","20220930132000","1333","2","高雄市","鳳山區","120.365","22.625","1923"
"614","99946","20220930132000","614","1","高雄市","鳳山區","120.370","22.625","619"
"37","99951","20220930132000","246","0","高雄市","大樹區","120.420","22.695","36"
"21","99953","20220930132000","11","3","高雄市","大樹區","120.425","22.700","23"
"41","99955","20220930132000","27","3","高雄市","大樹區","120.430","22.730","43"
"39","99958","20220930132000","42","0","高雄市","大樹區","120.425","22.735","45"
"10","99963","20220930132000","344","0","高雄市","大樹區","120.415","22.685","10"
"19","99964","20220930132000","19","1","高雄市","大樹區","120.410","22.690","11"
"13","99968","20220930132000","11","1","高雄市","大樹區","120.405","22.690","20"
"152","99973","20220930132000","117","2","高雄市","大樹區","120.400","22.700","171"
"285","99976","20220930132000","314","0","高雄市","大社區","120.340","22.725","285"
"184","99979","20220930132000","304","0","高雄市","大社區","120.345","22.725","200"
"67","99983","20220930132000","568","0","高雄市","左營區","120.300","22.685","67"
"22","99984","20220930132000","398","0","高雄市","左營區","120.305","22.690","34"
"2692","99985","20220930132000","3363","0","高雄市","左營區","120.310","22.685","2613"
"1204","99987","20220930132000","672","3","高雄市","左營區","120.315","22.690","1227"
"1226","99989","20220930132000","1187","1","高雄市","新興區","120.305","22.630","1294"
"126","99990","20220930132000","212","0","高雄市","大寮區","120.385","22.615","118"
"632","99993","20220930132000","769","0","高雄市","大寮區","120.380","22.620","643"
"385","99994","20220930132000","211","3","高雄市","大寮區","120.385","22.620","341"
"53","99999","20220930132000","31","3","高雄市","大寮區","120.375","22.600","60"
"2013","100002","20220930132000","2189","0","高雄市","三民區","120.295","22.635","2080"
"880","100003","20220930132000","978","0","高雄市","前金區","120.300","22.625","931"
"2126","100004","20220930132000","2288","0","高雄市","新興區","120.300","22.630","2185"
"628","100005","20220930132000","1855","0","高雄市","大寮區","120.385","22.600","603"
"697","100007","20220930132000","550","2","高雄市","大寮區","120.385","22.610","678"
"536","100010","20220930132000","885","0","高雄市","苓雅區","120.330","22.625","537"
"2518","100011","20220930132000","2507","1","高雄市","鳳山區","120.360","22.635","2581"
"505","100012","20220930132000","799","0","高雄市","鳳山區","120.365","22.630","511"
"523","100013","20220930132000","366","2","高雄市","鳳山區","120.375","22.640","534"
"370","100014","20220930132000","1049","0","高雄市","鳳山區","120.350","22.615","348"
"3104","100015","20220930132000","2160","2","高雄市","楠梓區","120.300","22.725","3226"
"1141","100016","20220930132000","863","2","高雄市","橋頭區","120.300","22.730","1146"
"833","100017","20220930132000","1661","0","高雄市","橋頭區","120.305","22.730","920"
"646","100019","20220930132000","1153","0","高雄市","鳳山區","120.345","22.615","607"
"982","100021","20220930132000","233","3","高雄市","楠梓區","120.285","22.725","937"
"118","100022","20220930132000","1420","0","高雄市","楠梓區","120.290","22.725","134"
"872","100023","20220930132000","861","1","高雄市","橋頭區","120.295","22.730","836"
"292","100025","20220930132000","353","0","高雄市","楠梓區","120.285","22.730","304"
"21","100026","20220930132000","20","1","高雄市","楠梓區","120.290","22.730","22"
"955","100028","20220930132000","1270","0","高雄市","楠梓區","120.290","22.715","918"
"1006","100029","20220930132000","1108","0","高雄市","楠梓區","120.290","22.720","977"
"1208","100032","20220930132000","1743","0","高雄市","苓雅區","120.300","22.610","1146"
"1298","100033","20220930132000","969","2","高雄市","苓雅區","120.335","22.625","1301"
"2768","100034","20220930132000","3033","0","高雄市","前鎮區","120.310","22.615","2687"
"649","100038","20220930132000","539","2","高雄市","大寮區","120.405","22.640","699"
"275","100039","20220930132000","212","2","高雄市","大寮區","120.410","22.640","294"
"3389","100044","20220930132000","2748","2","高雄市","三民區","120.325","22.650","3339"
"940","100045","20220930132000","930","1","高雄市","三民區","120.320","22.655","903"
"946","100047","20220930132000","1371","0","高雄市","鳳山區","120.380","22.630","913"
"3893","100048","20220930132000","3691","1","高雄市","苓雅區","120.320","22.620","3885"
"3593","100049","20220930132000","3625","0","高雄市","新興區","120.310","22.630","3552"
"267","100050","20220930132000","842","0","高雄市","三民區","120.315","22.650","279"
"773","100052","20220930132000","1212","0","高雄市","三民區","120.315","22.655","764"
"2346","100053","20220930132000","1272","3","高雄市","三民區","120.330","22.640","2262"
"1458","100054","20220930132000","945","3","高雄市","三民區","120.315","22.640","1420"
"777","100057","20220930132000","938","0","高雄市","前鎮區","120.285","22.605","867"
"459","100058","20220930132000","397","1","高雄市","前鎮區","120.290","22.605","491"
"2577","100059","20220930132000","1163","3","高雄市","前鎮區","120.300","22.605","1710"
"77","100071","20220930132000","64","2","臺東縣","太麻里鄉","121.025","22.670","65"
"126","100074","20220930132000","168","0","臺東縣","太麻里鄉","121.040","22.670","151"
"146","100530","20220930132000","208","0","臺東縣","金峰鄉","120.950","22.640","170"
"95","100729","20220930132000","85","1","臺東縣","金峰鄉","121.000","22.635","83"
"1324","100742","20220930132000","960","2","高雄市","鳳山區","120.360","22.625","1307"
"1459","100743","20220930132000","1655","0","高雄市","三民區","120.305","22.640","1494"
"124","100744","20220930132000","788","0","高雄市","楠梓區","120.295","22.725","136"
"3064","100745","20220930132000","2384","2","高雄市","楠梓區","120.300","22.720","3007"
"105","100746","20220930132000","97","1","高雄市","鳳山區","120.365","22.605","112"
"961","100747","20220930132000","964","0","高雄市","鳳山區","120.360","22.610","943"
"477","100753","20220930132000","408","1","高雄市","鳳山區","120.355","22.605","535"
"154","100755","20220930132000","134","1","高雄市","鳳山區","120.365","22.615","164"
"29","100759","20220930132000","196","0","高雄市","左營區","120.295","22.695","29"
"326","100760","20220930132000","144","3","高雄市","左營區","120.295","22.700","342"
"2200","100762","20220930132000","1737","2","高雄市","三民區","120.315","22.645","2146"
"2322","100764","20220930132000","2106","1","高雄市","三民區","120.310","22.640","2194"
"1448","100765","20220930132000","1505","0","高雄市","前金區","120.290","22.630","1476"
"1773","100766","20220930132000","1145","3","高雄市","三民區","120.295","22.645","1768"
"188","100767","20220930132000","186","1","高雄市","仁武區","120.340","22.705","165"
"343","100768","20220930132000","1116","0","高雄市","仁武區","120.345","22.705","294"
"636","100771","20220930132000","446","2","高雄市","仁武區","120.340","22.715","624"
"1211","100773","20220930132000","1051","1","高雄市","仁武區","120.350","22.690","1121"
"817","100775","20220930132000","371","3","高雄市","仁武區","120.350","22.695","758"
"58","100777","20220930132000","730","0","高雄市","仁武區","120.355","22.700","55"
"59","100778","20220930132000","38","3","高雄市","仁武區","120.350","22.705","64"
"284","100779","20220930132000","312","0","高雄市","仁武區","120.355","22.705","303"
"345","100781","20220930132000","288","1","高雄市","仁武區","120.350","22.710","356"
"224","100783","20220930132000","245","0","高雄市","仁武區","120.345","22.715","229"
"931","100786","20220930132000","1281","0","高雄市","前鎮區","120.335","22.605","929"
"1835","100787","20220930132000","1965","0","高雄市","前鎮區","120.330","22.600","1869"
"1908","100788","20220930132000","1816","1","高雄市","三民區","120.335","22.650","1823"
"979","100789","20220930132000","1026","0","高雄市","三民區","120.325","22.655","993"
"49","100790","20220930132000","20","3","臺東縣","太麻里鄉","120.975","22.600","42"
"669","100808","20220930132000","698","0","臺東縣","太麻里鄉","121.005","22.610","665"
"3029","100829","20220930132000","2737","1","高雄市","苓雅區","120.340","22.630","3031"
"1860","100830","20220930132000","2123","0","高雄市","鳳山區","120.345","22.630","1931"
"945","100831","20220930132000","1814","0","高雄市","鳳山區","120.365","22.640","959"
"1983","100832","20220930132000","1505","2","高雄市","苓雅區","120.325","22.615","2154"
"2557","100833","20220930132000","2349","1","高雄市","左營區","120.305","22.660","2598"
"3376","100834","20220930132000","3008","1","高雄市","左營區","120.310","22.660","3335"
"3916","100835","20220930132000","3169","2","高雄市","左營區","120.305","22.665","3951"
"1722","100836","20220930132000","2487","0","高雄市","左營區","120.310","22.665","1770"
"1709","100837","20220930132000","1884","0","高雄市","左營區","120.300","22.670","1758"
"2755","100838","20220930132000","3236","0","高雄市","左營區","120.305","22.670","2784"
"1967","100839","20220930132000","2043","0","高雄市","左營區","120.300","22.680","2006"
"2049","100842","20220930132000","2063","0","高雄市","新興區","120.305","22.635","2123"
"54","100844","20220930132000","43","2","高雄市","大寮區","120.385","22.635","47"
"1948","100848","20220930132000","1541","2","高雄市","大寮區","120.395","22.640","1874"
"1514","100851","20220930132000","1717","0","高雄市","三民區","120.325","22.675","1536"
"1689","100852","20220930132000","1442","1","高雄市","三民區","120.325","22.660","1678"
"1730","100853","20220930132000","1278","2","高雄市","三民區","120.330","22.660","1764"
"1074","100854","20220930132000","2193","0","高雄市","三民區","120.325","22.665","1036"
"80","100855","20220930132000","773","0","高雄市","鳥松區","120.335","22.665","57"
"264","100856","20220930132000","1225","0","高雄市","三民區","120.330","22.665","216"
"358","100858","20220930132000","443","0","高雄市","三民區","120.330","22.670","366"
"2596","100860","20220930132000","2265","1","高雄市","三民區","120.335","22.645","2493"
"1035","100861","20220930132000","645","3","高雄市","前鎮區","120.310","22.605","1020"
"2721","100862","20220930132000","2894","0","高雄市","前鎮區","120.310","22.610","2626"
"772","100863","20220930132000","905","0","高雄市","前鎮區","120.315","22.610","778"
"40","100864","20220930132000","331","0","高雄市","左營區","120.290","22.700","44"
"1217","100865","20220930132000","1154","1","高雄市","左營區","120.285","22.680","1225"
"1014","100866","20220930132000","693","2","高雄市","左營區","120.290","22.680","1024"
"919","100867","20220930132000","1117","0","高雄市","鳳山區","120.350","22.640","932"
"1791","100868","20220930132000","1299","2","高雄市","鳳山區","120.350","22.630","1873"
"855","100869","20220930132000","2818","0","高雄市","鳳山區","120.350","22.645","853"
"1083","100870","20220930132000","1542","0","高雄市","鳳山區","120.350","22.635","1099"
"1835","100871","20220930132000","1756","1","高雄市","苓雅區","120.335","22.620","1879"
"1096","100872","20220930132000","1835","0","高雄市","鳳山區","120.340","22.600","1091"
"1886","100873","20220930132000","1234","3","高雄市","三民區","120.320","22.645","1906"
"1390","100874","20220930132000","1276","1","高雄市","三民區","120.325","22.645","1421"
"2228","100875","20220930132000","1521","2","高雄市","三民區","120.290","22.635","2249"
"1565","100877","20220930132000","1355","1","高雄市","三民區","120.325","22.670","1559"
"1058","100878","20220930132000","1916","0","高雄市","三民區","120.315","22.660","1066"
"1472","100879","20220930132000","1370","1","高雄市","三民區","120.320","22.660","1501"
"2211","100880","20220930132000","2439","0","高雄市","三民區","120.315","22.665","2211"
"253","100881","20220930132000","2216","0","高雄市","三民區","120.320","22.665","247"
"2029","100883","20220930132000","1349","3","高雄市","前鎮區","120.305","22.610","2020"
"217","100888","20220930132000","963","0","高雄市","大寮區","120.390","22.625","199"
"2688","100890","20220930132000","2434","1","高雄市","三民區","120.335","22.640","2772"
"1982","100891","20220930132000","2456","0","高雄市","鳳山區","120.345","22.635","1980"
"379","100909","20220930132000","506","0","臺東縣","臺東市","121.055","22.705","364"
"185","100915","20220930132000","186","0","臺東縣","太麻里鄉","121.010","22.625","186"
"166","100925","20220930132000","74","3","臺東縣","太麻里鄉","121.015","22.640","159"
"415","100938","20220930132000","338","2","臺東縣","臺東市","121.100","22.725","433"
"141","100946","20220930132000","277","0","高雄市","鳥松區","120.350","22.665","142"
"1104","100947","20220930132000","702","3","高雄市","鳥松區","120.355","22.665","1010"
"239","100948","20220930132000","245","0","高雄市","鳥松區","120.360","22.665","248"
"115","100954","20220930132000","156","0","高雄市","仁武區","120.370","22.680","100"
"40","100961","20220930132000","29","2","高雄市","鳥松區","120.380","22.685","36"
"338","100966","20220930132000","270","2","高雄市","鳥松區","120.395","22.665","345"
"25","100969","20220930132000","65","0","高雄市","鳥松區","120.390","22.675","39"
"1444","100974","20220930132000","1313","1","高雄市","三民區","120.340","22.645","1375"
"1250","100975","20220930132000","809","3","高雄市","鳥松區","120.345","22.655","1280"
"342","100977","20220930132000","441","0","高雄市","鳥松區","120.340","22.655","338"
"315","100978","20220930132000","318","0","高雄市","鳥松區","120.340","22.660","326"
"293","100982","20220930132000","297","0","高雄市","鳥松區","120.390","22.660","329"
"29","100983","20220930132000","221","0","高雄市","鳥松區","120.395","22.660","35"
"97","100986","20220930132000","1006","0","高雄市","鳳山區","120.360","22.640","77"
"190","100987","20220930132000","1261","0","高雄市","鳥松區","120.355","22.645","162"
"394","100988","20220930132000","169","3","高雄市","鳳山區","120.360","22.645","425"
"447","100989","20220930132000","242","3","高雄市","鳥松區","120.365","22.645","469"
"2616","100992","20220930132000","2126","2","高雄市","鳥松區","120.355","22.650","2521"
"720","100995","20220930132000","814","0","高雄市","鳥松區","120.370","22.650","743"
"109","100997","20220930132000","133","0","高雄市","鳥松區","120.355","22.655","91"
"1296","100998","20220930132000","1098","1","高雄市","鳥松區","120.360","22.655","1334"
"914","101004","20220930132000","598","3","高雄市","鳥松區","120.360","22.660","883"
"714","101009","20220930132000","684","1","高雄市","鳥松區","120.370","22.665","691"
"111","101010","20220930132000","140","0","高雄市","鳥松區","120.340","22.665","120"
"18","101012","20220930132000","13","2","高雄市","仁武區","120.345","22.670","28"
"29","101013","20220930132000","62","0","高雄市","鳥松區","120.365","22.670","28"
"286","101014","20220930132000","243","1","高雄市","鳥松區","120.370","22.670","308"
"295","101017","20220930132000","215","2","高雄市","鳥松區","120.380","22.655","291"
"161","101018","20220930132000","106","3","高雄市","鳥松區","120.385","22.655","141"
"331","101019","20220930132000","252","2","高雄市","鳥松區","120.370","22.660","310"
"208","101021","20220930132000","398","0","高雄市","鳥松區","120.380","22.660","234"
"808","101029","20220930132000","919","0","高雄市","鳳山區","120.355","22.625","771"
"2576","101030","20220930132000","2064","2","高雄市","鳳山區","120.355","22.635","2575"
"18","101034","20220930132000","13","2","高雄市","鳳山區","120.380","22.625","15"
"1064","101035","20220930132000","900","1","高雄市","楠梓區","120.325","22.705","1113"
"43","101038","20220930132000","32","2","高雄市","仁武區","120.330","22.695","40"
"284","101039","20220930132000","377","0","高雄市","仁武區","120.325","22.700","280"
"467","101043","20220930132000","826","0","高雄市","前鎮區","120.315","22.605","541"
"1274","101044","20220930132000","2006","0","高雄市","三民區","120.335","22.635","1300"
"162","101045","20220930132000","952","0","高雄市","三民區","120.345","22.640","189"
"170","101046","20220930132000","1040","0","高雄市","仁武區","120.345","22.675","168"
"338","101047","20220930132000","391","0","高雄市","仁武區","120.350","22.675","362"
"261","101048","20220930132000","860","0","高雄市","仁武區","120.340","22.680","256"
"732","101049","20220930132000","541","2","高雄市","仁武區","120.345","22.680","712"
"1123","101052","20220930132000","990","1","高雄市","仁武區","120.325","22.685","1209"
"735","101053","20220930132000","475","3","高雄市","仁武區","120.325","22.690","706"
"651","101055","20220930132000","468","2","高雄市","仁武區","120.325","22.695","680"
"682","101056","20220930132000","299","3","高雄市","仁武區","120.320","22.695","713"
"682","101058","20220930132000","541","2","高雄市","仁武區","120.330","22.700","706"
"234","101059","20220930132000","891","0","高雄市","鳳山區","120.365","22.635","268"
"1799","101061","20220930132000","1786","1","高雄市","苓雅區","120.295","22.615","1862"
"2318","101062","20220930132000","1932","1","高雄市","苓雅區","120.320","22.625","2343"
"1501","101063","20220930132000","1277","1","高雄市","鳳山區","120.375","22.625","1451"
"36","101064","20220930132000","705","0","高雄市","鳳山區","120.375","22.620","53"
"64","101068","20220930132000","59","1","高雄市","鳳山區","120.365","22.620","79"
"376","101069","20220930132000","340","1","高雄市","鳳山區","120.370","22.620","340"
"1637","101074","20220930132000","2134","0","高雄市","左營區","120.290","22.675","1650"
"53","101076","20220930132000","139","0","高雄市","梓官區","120.250","22.730","52"
"613","101077","20220930132000","698","0","高雄市","梓官區","120.255","22.730","605"
"669","101086","20220930132000","414","3","高雄市","楠梓區","120.275","22.725","678"
"17","101090","20220930132000","412","0","高雄市","楠梓區","120.280","22.725","21"
"508","101092","20220930132000","582","0","高雄市","楠梓區","120.280","22.730","511"
"1652","101094","20220930132000","1303","2","高雄市","楠梓區","120.320","22.725","1752"
"1206","101095","20220930132000","745","3","高雄市","楠梓區","120.285","22.710","1272"
"13","101096","20220930132000","302","0","高雄市","左營區","120.300","22.695","13"
"1364","101100","20220930132000","1552","0","高雄市","苓雅區","120.315","22.625","1355"
"1387","101101","20220930132000","1464","0","高雄市","鹽埕區","120.280","22.625","1295"
"2390","101102","20220930132000","1472","3","高雄市","苓雅區","120.325","22.620","2307"
"421","101103","20220930132000","329","2","高雄市","左營區","120.310","22.670","410"
"1279","101104","20220930132000","726","3","高雄市","左營區","120.315","22.670","1085"
"2281","101105","20220930132000","1851","2","高雄市","左營區","120.300","22.675","2259"
"640","101106","20220930132000","313","3","高雄市","左營區","120.295","22.680","583"
"1820","101107","20220930132000","1612","1","高雄市","左營區","120.305","22.675","1830"
"362","101109","20220930132000","1076","0","高雄市","鳳山區","120.340","22.610","373"
"1476","101110","20220930132000","1542","0","高雄市","鳳山區","120.335","22.615","1472"
"126","101111","20220930132000","641","0","高雄市","鳳山區","120.340","22.615","123"
"544","101113","20220930132000","1928","0","高雄市","鳳山區","120.340","22.605","515"
"688","101114","20220930132000","602","1","高雄市","鼓山區","120.280","22.655","703"
"1562","101115","20220930132000","1558","1","高雄市","鼓山區","120.280","22.660","1505"
"1354","101116","20220930132000","992","2","高雄市","鼓山區","120.285","22.650","1437"
"846","101117","20220930132000","1527","0","高雄市","鼓山區","120.290","22.650","775"
"1770","101119","20220930132000","1910","0","高雄市","鼓山區","120.290","22.655","1675"
"88","101120","20220930132000","696","0","高雄市","鼓山區","120.285","22.660","81"
"853","101121","20220930132000","1285","0","高雄市","鼓山區","120.290","22.660","842"
"693","101122","20220930132000","506","2","高雄市","鼓山區","120.290","22.665","682"
"600","101123","20220930132000","995","0","高雄市","鼓山區","120.285","22.665","597"
"1111","101124","20220930132000","781","2","高雄市","鼓山區","120.280","22.645","1065"
"1035","101125","20220930132000","843","2","高雄市","鼓山區","120.270","22.625","1059"
"1544","101126","20220930132000","2058","0","高雄市","鼓山區","120.280","22.630","1532"
"81","101127","20220930132000","142","0","高雄市","鼓山區","120.275","22.625","116"
"52","101128","20220930132000","111","0","高雄市","鼓山區","120.270","22.635","67"
"18","101129","20220930132000","115","0","高雄市","鼓山區","120.275","22.635","16"
"1468","101132","20220930132000","1612","0","高雄市","三民區","120.320","22.640","1430"
"834","101133","20220930132000","1146","0","高雄市","鳥松區","120.340","22.650","805"
"2769","101134","20220930132000","2447","1","高雄市","三民區","120.340","22.640","2691"
"1725","101135","20220930132000","2733","0","高雄市","三民區","120.345","22.645","1746"
"160","101137","20220930132000","249","0","高雄市","梓官區","120.260","22.725","255"
"572","101139","20220930132000","396","2","高雄市","梓官區","120.255","22.725","673"
"50","101449","20220930132000","76","0","臺東縣","卑南鄉","120.990","22.690","32"
"2710","101748","20220930132000","2276","1","高雄市","苓雅區","120.300","22.615","2629"
"1496","101749","20220930132000","1548","0","高雄市","苓雅區","120.325","22.630","1480"
"627","101750","20220930132000","970","0","高雄市","鳳山區","120.340","22.620","621"
"429","101751","20220930132000","583","0","高雄市","鳳山區","120.370","22.630","446"
"1725","101752","20220930132000","1885","0","高雄市","鳳山區","120.355","22.630","1688"
"565","101753","20220930132000","854","0","高雄市","鳳山區","120.360","22.630","529"
"83","101754","20220930132000","210","0","高雄市","鳳山區","120.330","22.615","96"
"256","101757","20220930132000","879","0","高雄市","苓雅區","120.325","22.635","156"
"158","101758","20220930132000","148","1","高雄市","仁武區","120.350","22.680","145"
"277","101759","20220930132000","237","1","高雄市","鳥松區","120.355","22.670","256"
"180","101760","20220930132000","1146","0","高雄市","仁武區","120.355","22.675","168"
"58","101765","20220930132000","47","2","高雄市","仁武區","120.345","22.695","69"
"581","101766","20220930132000","424","2","高雄市","仁武區","120.340","22.700","547"
"1291","101767","20220930132000","1052","2","高雄市","仁武區","120.345","22.700","1315"
"421","101768","20220930132000","747","0","高雄市","仁武區","120.350","22.700","385"
"28","101777","20220930132000","18","3","高雄市","仁武區","120.375","22.710","29"
"36","101778","20220930132000","84","0","高雄市","仁武區","120.380","22.710","39"
"55","101783","20220930132000","48","1","高雄市","仁武區","120.380","22.715","53"
"93","101785","20220930132000","105","0","高雄市","仁武區","120.390","22.715","89"
"100","101790","20220930132000","67","2","高雄市","仁武區","120.390","22.720","77"
"667","101808","20220930132000","366","3","高雄市","三民區","120.335","22.670","538"
"130","101809","20220930132000","540","0","高雄市","仁武區","120.335","22.680","152"
"1276","101810","20220930132000","984","2","高雄市","仁武區","120.335","22.685","1190"
"88","101815","20220930132000","623","0","高雄市","仁武區","120.330","22.680","106"
"116","101817","20220930132000","1052","0","高雄市","仁武區","120.330","22.690","108"
"198","101818","20220930132000","448","0","高雄市","仁武區","120.335","22.690","186"
"48","101819","20220930132000","704","0","高雄市","仁武區","120.330","22.675","1137"
"252","101820","20220930132000","558","0","高雄市","仁武區","120.335","22.675","230"
"693","101822","20220930132000","673","1","高雄市","前鎮區","120.320","22.605","658"
"618","101823","20220930132000","449","2","高雄市","前鎮區","120.325","22.605","592"
"303","101824","20220930132000","996","0","高雄市","前鎮區","120.325","22.610","230"
"2794","101825","20220930132000","2646","1","高雄市","前鎮區","120.320","22.610","2668"
"165","101826","20220930132000","250","0","高雄市","左營區","120.290","22.685","180"
"1118","101827","20220930132000","673","3","高雄市","左營區","120.275","22.690","1076"
"269","101829","20220930132000","153","3","高雄市","左營區","120.285","22.690","247"
"366","101832","20220930132000","342","1","高雄市","左營區","120.285","22.695","400"
"451","101833","20220930132000","403","1","高雄市","左營區","120.290","22.695","461"
"244","101835","20220930132000","280","0","高雄市","左營區","120.285","22.700","266"
"106","101836","20220930132000","102","1","高雄市","左營區","120.280","22.705","100"
"171","101837","20220930132000","172","0","高雄市","楠梓區","120.285","22.705","183"
"1361","101838","20220930132000","1833","0","高雄市","左營區","120.290","22.670","1306"
"2409","101839","20220930132000","1824","2","高雄市","苓雅區","120.335","22.630","2486"
"1552","101840","20220930132000","1468","1","高雄市","三民區","120.340","22.635","1538"
"875","101842","20220930132000","1018","0","高雄市","鳳山區","120.345","22.625","946"
"326","101843","20220930132000","476","0","高雄市","鼓山區","120.275","22.660","314"
"20","101848","20220930132000","46","0","高雄市","鼓山區","120.275","22.670","17"
"122","101862","20220930132000","95","2","臺東縣","太麻里鄉","121.045","22.675","121"
"182","101876","20220930132000","331","0","臺東縣","太麻里鄉","121.030","22.685","400"
"335","101895","20220930132000","167","3","臺東縣","太麻里鄉","121.050","22.690","307"
"69","101900","20220930132000","84","0","臺東縣","卑南鄉","121.015","22.695","81"
"102","101930","20220930132000","58","3","臺東縣","太麻里鄉","121.020","22.650","158"
"1283","101964","20220930132000","1148","1","高雄市","苓雅區","120.320","22.635","1215"
"383","101965","20220930132000","978","0","高雄市","三民區","120.315","22.635","370"
"1880","101966","20220930132000","2294","0","高雄市","苓雅區","120.330","22.630","1948"
"156","101967","20220930132000","195","0","高雄市","鳳山區","120.350","22.605","166"
"1269","101970","20220930132000","1121","1","高雄市","鳳山區","120.350","22.600","1329"
"641","101972","20220930132000","1282","0","高雄市","鳳山區","120.335","22.610","616"
"2763","101973","20220930132000","1827","3","高雄市","苓雅區","120.330","22.635","2639"
"84","101976","20220930132000","54","3","高雄市","大寮區","120.425","22.600","72"
"117","101977","20220930132000","103","1","高雄市","大寮區","120.430","22.600","109"
"118","101981","20220930132000","302","0","高雄市","前金區","120.290","22.620","93"
"1928","101982","20220930132000","1673","1","高雄市","苓雅區","120.340","22.625","1839"
"682","101983","20220930132000","458","2","高雄市","苓雅區","120.330","22.620","674"
"1959","101984","20220930132000","1914","1","高雄市","鼓山區","120.280","22.650","1907"
"509","101985","20220930132000","1047","0","高雄市","三民區","120.285","22.640","540"
"755","101988","20220930132000","581","2","高雄市","楠梓區","120.285","22.715","835"
"2934","101989","20220930132000","2959","0","高雄市","苓雅區","120.305","22.620","3085"
"87","101990","20220930132000","41","3","高雄市","苓雅區","120.320","22.615","80"
"207","101991","20220930132000","1562","0","高雄市","苓雅區","120.320","22.630","215"
"3658","101992","20220930132000","3719","0","高雄市","前金區","120.295","22.620","3674"
"1834","101993","20220930132000","1315","2","高雄市","苓雅區","120.325","22.625","1857"
"1453","101995","20220930132000","1405","1","高雄市","鼓山區","120.275","22.620","1410"
"449","101996","20220930132000","327","2","高雄市","鹽埕區","120.280","22.620","448"
"38","101997","20220930132000","597","0","高雄市","左營區","120.295","22.705","46"
"2582","101998","20220930132000","2066","2","高雄市","左營區","120.310","22.675","2630"
"507","101999","20220930132000","559","0","高雄市","左營區","120.315","22.675","545"
"1219","102000","20220930132000","879","2","高雄市","左營區","120.320","22.675","1156"
"143","102001","20220930132000","915","0","高雄市","左營區","120.305","22.685","128"
"896","102002","20220930132000","536","3","高雄市","左營區","120.310","22.680","887"
"2840","102003","20220930132000","1978","2","高雄市","左營區","120.320","22.680","2811"
"67","102005","20220930132000","125","0","高雄市","大寮區","120.395","22.600","50"
"612","102006","20220930132000","531","1","高雄市","大寮區","120.390","22.600","644"
"396","102007","20220930132000","274","2","高雄市","大寮區","120.390","22.605","361"
"998","102008","20220930132000","816","2","高雄市","大寮區","120.395","22.605","956"
"642","102010","20220930132000","533","2","高雄市","大寮區","120.400","22.610","584"
"108","102013","20220930132000","503","0","高雄市","大寮區","120.405","22.615","95"
"606","102015","20220930132000","744","0","高雄市","鳳山區","120.355","22.640","622"
"964","102017","20220930132000","765","2","高雄市","鼓山區","120.280","22.635","940"
"929","102018","20220930132000","776","1","高雄市","鳳山區","120.370","22.635","970"
"990","102019","20220930132000","997","0","高雄市","鼓山區","120.295","22.665","1012"
"2406","102020","20220930132000","3558","0","高雄市","鼓山區","120.300","22.665","2382"
"459","102021","20220930132000","173","3","高雄市","鼓山區","120.265","22.625","398"
"1622","102022","20220930132000","1164","2","高雄市","鼓山區","120.265","22.630","1658"
"244","102024","20220930132000","332","0","高雄市","鼓山區","120.260","22.635","244"
"177","102030","20220930132000","224","0","高雄市","鼓山區","120.255","22.645","166"
"51","102031","20220930132000","68","0","高雄市","鼓山區","120.260","22.645","49"
"723","102045","20220930132000","719","1","高雄市","鼓山區","120.275","22.650","706"
"649","102046","20220930132000","528","2","高雄市","苓雅區","120.310","22.620","690"
"2438","102047","20220930132000","2267","1","高雄市","左營區","120.295","22.670","2380"
"30","102048","20220930132000","340","0","高雄市","鼓山區","120.285","22.670","28"
"89","102049","20220930132000","718","0","高雄市","鼓山區","120.280","22.640","81"
"18","102052","20220930132000","222","0","高雄市","大樹區","120.430","22.675","16"
"58","102067","20220930132000","33","3","高雄市","大樹區","120.430","22.700","51"
"270","102078","20220930132000","354","0","高雄市","大樹區","120.410","22.675","307"
"168","102079","20220930132000","182","0","高雄市","大樹區","120.405","22.680","160"
"63","102090","20220930132000","32","3","高雄市","大樹區","120.395","22.690","81"
"736","102093","20220930132000","745","0","高雄市","大樹區","120.430","22.690","763"
"418","102098","20220930132000","337","2","高雄市","大樹區","120.435","22.695","360"
"314","102111","20220930132000","451","0","高雄市","大樹區","120.410","22.660","291"
"661","102113","20220930132000","478","2","高雄市","大樹區","120.410","22.665","637"
"250","102120","20220930132000","270","0","高雄市","大樹區","120.445","22.725","238"
"292","102123","20220930132000","250","1","高雄市","大樹區","120.445","22.730","303"
"293","102126","20220930132000","219","2","高雄市","大樹區","120.445","22.735","308"
"230","102132","20220930132000","289","0","高雄市","大樹區","120.425","22.665","209"
"152","102141","20220930132000","71","3","高雄市","大樹區","120.425","22.675","172"
"1708","102143","20220930132000","1967","0","高雄市","左營區","120.295","22.690","1742"
"807","102144","20220930132000","974","0","高雄市","鳳山區","120.360","22.620","843"
"1479","102146","20220930132000","1576","0","高雄市","鳳山區","120.355","22.620","1439"
"400","102147","20220930132000","376","1","高雄市","鳳山區","120.335","22.600","401"
"4811","102148","20220930132000","3513","2","高雄市","新興區","120.315","22.630","4863"
"1881","102149","20220930132000","1891","0","高雄市","苓雅區","120.305","22.615","1967"
"1197","102150","20220930132000","1212","0","高雄市","鳳山區","120.345","22.605","1241"
"2070","102151","20220930132000","1691","2","高雄市","前鎮區","120.330","22.605","2144"
"1542","102152","20220930132000","1171","2","高雄市","鳥松區","120.345","22.650","1512"
"1967","102153","20220930132000","2078","0","高雄市","三民區","120.330","22.650","1937"
"580","102154","20220930132000","1006","0","高雄市","三民區","120.330","22.655","586"
"86","102157","20220930132000","503","0","高雄市","仁武區","120.360","22.675","107"
"134","102159","20220930132000","96","2","高雄市","仁武區","120.365","22.680","114"
"680","102160","20220930132000","717","0","高雄市","仁武區","120.360","22.685","716"
"36","102165","20220930132000","224","0","高雄市","仁武區","120.365","22.685","38"
"572","102172","20220930132000","455","2","高雄市","大寮區","120.425","22.605","565"
"122","102173","20220930132000","745","0","高雄市","大寮區","120.430","22.605","114"
"649","102181","20220930132000","487","2","高雄市","大寮區","120.410","22.615","599"
"179","102185","20220930132000","121","2","高雄市","大寮區","120.430","22.615","181"
"232","102186","20220930132000","193","2","高雄市","大寮區","120.420","22.640","245"
"293","102190","20220930132000","339","0","高雄市","大寮區","120.415","22.640","295"
"10","102199","20220930132000","225","0","高雄市","鼓山區","120.275","22.630","10"
"437","102200","20220930132000","341","2","高雄市","鼓山區","120.270","22.620","493"
"540","102203","20220930132000","658","0","高雄市","大寮區","120.385","22.640","555"
"721","102206","20220930132000","634","1","高雄市","鳥松區","120.385","22.645","758"
"506","102213","20220930132000","202","3","高雄市","鳥松區","120.390","22.650","476"
"543","102215","20220930132000","454","1","高雄市","鳥松區","120.390","22.655","513"
"24","102216","20220930132000","231","0","高雄市","鳥松區","120.395","22.655","32"
"321","102217","20220930132000","177","3","高雄市","鳥松區","120.400","22.655","301"
"436","102227","20220930132000","420","1","高雄市","鼓山區","120.285","22.655","437"
"885","102228","20220930132000","1118","0","高雄市","三民區","120.295","22.650","867"
"1334","102229","20220930132000","1042","2","高雄市","鼓山區","120.295","22.655","1364"
"1818","102230","20220930132000","1435","2","高雄市","鼓山區","120.300","22.655","1733"
"1443","102231","20220930132000","2268","0","高雄市","鼓山區","120.305","22.655","1403"
"1504","102232","20220930132000","1688","0","高雄市","左營區","120.310","22.655","1356"
"4008","102233","20220930132000","3655","1","高雄市","鼓山區","120.295","22.660","4476"
"108","102235","20220930132000","356","0","高雄市","楠梓區","120.315","22.715","100"
"1180","102236","20220930132000","1180","1","高雄市","楠梓區","120.315","22.720","1175"
"357","102237","20220930132000","1572","0","高雄市","楠梓區","120.295","22.710","367"
"3411","102238","20220930132000","3065","1","高雄市","苓雅區","120.315","22.620","3209"
"38","102239","20220930132000","77","0","高雄市","旗津區","120.265","22.615","34"
"435","102241","20220930132000","399","1","高雄市","大寮區","120.410","22.620","467"
"342","102243","20220930132000","294","1","高雄市","大寮區","120.410","22.625","342"
"207","102244","20220930132000","176","1","高雄市","大寮區","120.405","22.630","191"
"135","102246","20220930132000","107","2","高雄市","大樹區","120.425","22.715","113"
"81","102251","20220930132000","42","3","高雄市","大樹區","120.425","22.720","78"
"680","102254","20220930132000","1991","0","高雄市","大樹區","120.405","22.725","733"
"86","102259","20220930132000","50","3","高雄市","大樹區","120.430","22.725","77"
"166","102260","20220930132000","1349","0","高雄市","仁武區","120.400","22.730","206"
"132","102261","20220930132000","1164","0","高雄市","大樹區","120.405","22.730","155"
"157","102267","20220930132000","129","2","高雄市","大樹區","120.410","22.735","167"
"515","102273","20220930132000","454","1","高雄市","大樹區","120.415","22.655","484"
"273","102274","20220930132000","193","2","高雄市","大樹區","120.420","22.655","268"
"86","102276","20220930132000","590","0","高雄市","大樹區","120.420","22.660","86"
"203","102278","20220930132000","107","3","高雄市","大樹區","120.410","22.645","184"
"74","102279","20220930132000","56","2","高雄市","大樹區","120.415","22.645","81"
"475","102280","20220930132000","912","0","高雄市","大樹區","120.420","22.645","516"
"240","102282","20220930132000","287","0","高雄市","大樹區","120.425","22.650","239"
"634","102285","20220930132000","612","1","高雄市","大樹區","120.425","22.655","619"
"132","102292","20220930132000","232","0","高雄市","大寮區","120.405","22.605","130"
"104","102296","20220930132000","212","0","高雄市","前鎮區(海)","120.285","22.610","106"
"909","102302","20220930132000","885","1","高雄市","大寮區","120.390","22.635","942"
"364","102303","20220930132000","421","0","高雄市","大寮區","120.395","22.635","345"
"155","102304","20220930132000","88","3","高雄市","大寮區","120.400","22.635","141"
"171","102305","20220930132000","101","3","高雄市","大寮區","120.400","22.640","171"
"1241","102306","20220930132000","1578","0","高雄市","三民區","120.305","22.645","1296"
"1663","102307","20220930132000","1614","1","高雄市","三民區","120.305","22.650","2584"
"2146","102308","20220930132000","1911","1","高雄市","鳳山區","120.345","22.620","2142"
"564","102309","20220930132000","333","3","高雄市","鳳山區","120.350","22.620","527"
"405","102310","20220930132000","1256","0","高雄市","鳳山區","120.350","22.625","418"
"231","102311","20220930132000","136","3","高雄市","旗津區","120.275","22.605","243"
"522","102312","20220930132000","379","2","高雄市","旗津區(海)","120.275","22.610","521"
"510","102313","20220930132000","641","0","高雄市","旗津區","120.275","22.600","544"
"742","102314","20220930132000","728","1","高雄市","旗津區","120.270","22.610","733"
"146","102316","20220930132000","177","0","高雄市","大社區","120.365","22.715","166"
"301","102319","20220930132000","264","1","高雄市","大社區","120.350","22.720","287"
"214","102326","20220930132000","127","3","高雄市","大社區","120.340","22.730","182"
"360","102327","20220930132000","1006","0","高雄市","大社區","120.350","22.735","399"
"1491","102328","20220930132000","1279","1","高雄市","大社區","120.345","22.730","1396"
"632","102329","20220930132000","739","0","高雄市","大社區","120.350","22.730","595"
"516","102330","20220930132000","502","1","高雄市","大社區","120.355","22.730","472"
"197","102333","20220930132000","160","2","高雄市","大社區","120.370","22.730","175"
"84","102335","20220930132000","75","1","高雄市","大社區","120.375","22.730","75"
"108","102340","20220930132000","622","0","高雄市","大社區","120.360","22.720","101"
"932","102341","20220930132000","795","1","高雄市","大社區","120.350","22.725","934"
"328","102342","20220930132000","315","1","高雄市","大社區","120.355","22.725","351"
"105","102343","20220930132000","52","3","高雄市","大社區","120.360","22.725","101"
"80","102344","20220930132000","76","1","高雄市","左營區","120.295","22.675","69"
"140","102345","20220930132000","432","0","高雄市","左營區","120.300","22.690","147"
"178","102347","20220930132000","160","1","高雄市","左營區","120.265","22.675","146"
"239","102349","20220930132000","129","3","高雄市","左營區","120.275","22.675","249"
"485","102350","20220930132000","166","3","高雄市","左營區","120.280","22.675","378"
"543","102353","20220930132000","440","2","高雄市","左營區","120.275","22.680","603"
"444","102354","20220930132000","937","0","高雄市","左營區","120.280","22.680","423"
"463","102356","20220930132000","443","1","高雄市","左營區","120.265","22.680","630"
"213","102357","20220930132000","210","1","高雄市","左營區","120.270","22.680","229"
"412","102358","20220930132000","423","0","高雄市","左營區","120.280","22.685","421"
"159","102360","20220930132000","192","0","高雄市","左營區","120.265","22.685","233"
"785","102361","20220930132000","688","1","高雄市","左營區","120.275","22.685","892"
"96","102364","20220930132000","179","0","高雄市","左營區","120.295","22.685","93"
"3064","102365","20220930132000","2482","2","高雄市","新興區","120.310","22.625","3072"
"1715","102366","20220930132000","1380","2","高雄市","新興區","120.305","22.625","1758"
"3322","102370","20220930132000","3482","0","高雄市","仁武區","120.325","22.680","3252"
"1813","102371","20220930132000","2016","0","高雄市","左營區","120.305","22.680","1771"
"1002","102372","20220930132000","2125","0","高雄市","左營區","120.315","22.680","1015"
"695","102373","20220930132000","625","1","高雄市","左營區","120.315","22.685","738"
"542","102374","20220930132000","596","0","高雄市","仁武區","120.330","22.685","532"
"280","102375","20220930132000","378","0","高雄市","左營區","120.310","22.690","245"
"1158","102376","20220930132000","1491","0","高雄市","左營區","120.320","22.685","1175"
"5666","102377","20220930132000","6811","0","高雄市","三民區","120.310","22.645","5541"
"498","102378","20220930132000","947","0","高雄市","三民區","120.310","22.650","520"
"1786","102380","20220930132000","1256","2","高雄市","三民區","120.325","22.640","1913"
"849","102381","20220930132000","798","1","高雄市","三民區","120.295","22.640","859"
"1614","102382","20220930132000","1519","1","高雄市","三民區","120.300","22.650","1484"
"1981","102383","20220930132000","1589","2","高雄市","新興區","120.300","22.635","1949"
"517","102384","20220930132000","1170","0","高雄市","三民區","120.285","22.635","486"
"1720","102385","20220930132000","1247","2","高雄市","三民區","120.330","22.645","1744"
"11","102386","20220930132000","36","0","高雄市","楠梓區","120.330","22.725","21"
"37","102387","20220930132000","25","2","高雄市","楠梓區","120.330","22.730","28"
"1411","102388","20220930132000","1355","1","高雄市","楠梓區","120.335","22.730","1331"
"2362","102389","20220930132000","1877","2","高雄市","楠梓區","120.325","22.730","2283"
"1020","102390","20220930132000","1125","0","高雄市","楠梓區","120.285","22.720","569"
"416","102391","20220930132000","482","0","高雄市","楠梓區","120.290","22.705","441"
"281","102393","20220930132000","224","2","高雄市","楠梓區","120.305","22.700","272"
"676","102408","20220930132000","365","3","高雄市","鼓山區(海)","120.295","22.600","644"
"1698","102417","20220930132000","1824","0","高雄市","三民區","120.300","22.645","1719"
"117","102419","20220930132000","173","0","高雄市","新興區","120.310","22.635","114"
"2413","102420","20220930132000","2413","1","高雄市","三民區","120.300","22.640","2362"
"366","102421","20220930132000","555","0","高雄市","鳳山區","120.345","22.600","363"
"2238","102422","20220930132000","2490","0","高雄市","鳳山區","120.345","22.610","2225"
"336","102423","20220930132000","303","1","高雄市","鳳山區","120.355","22.610","320"
"2820","102424","20220930132000","2438","1","高雄市","鹽埕區","120.285","22.625","2739"
"2788","102425","20220930132000","1646","3","高雄市","鹽埕區","120.285","22.620","2686"
"1088","102426","20220930132000","1146","0","高雄市","楠梓區","120.305","22.720","1169"
"1158","102427","20220930132000","1181","0","高雄市","楠梓區","120.310","22.720","1179"
"3678","102428","20220930132000","2078","3","高雄市","楠梓區","120.305","22.725","3753"
"1989","102429","20220930132000","1264","3","高雄市","楠梓區","120.310","22.725","1997"
"587","102430","20220930132000","1458","0","高雄市","楠梓區","120.315","22.725","633"
"1313","102431","20220930132000","1353","0","高雄市","楠梓區","120.315","22.730","1333"
"16","102432","20220930132000","227","0","高雄市","楠梓區","120.265","22.705","16"
"33","102441","20220930132000","193","0","高雄市","楠梓區","120.280","22.715","34"
"178","102442","20220930132000","674","0","高雄市","楠梓區","120.280","22.720","176"
"815","102444","20220930132000","742","1","高雄市","楠梓區","120.320","22.715","794"
"382","102445","20220930132000","363","1","高雄市","楠梓區","120.325","22.720","366"
"85","102447","20220930132000","1031","0","高雄市","楠梓區","120.320","22.720","69"
"161","102448","20220930132000","160","1","高雄市","旗津區","120.270","22.605","187"
"178","102466","20220930132000","111","3","高雄市","大樹區","120.415","22.705","157"
"43","102478","20220930132000","264","0","高雄市","大樹區","120.440","22.710","42"
"289","102482","20220930132000","264","1","高雄市","大樹區","120.445","22.715","302"
"197","111108","20220930132000","632","0","屏東縣","九如鄉","120.480","22.750","255"
"21","111132","20220930132000","26","0","屏東縣","九如鄉","120.480","22.740","16"
"49","111134","20220930132000","46","1","屏東縣","九如鄉","120.490","22.740","45"
"50","111142","20220930132000","173","0","屏東縣","九如鄉","120.500","22.740","55"
"99","111145","20220930132000","195","0","屏東縣","九如鄉","120.500","22.745","104"
"63","111157","20220930132000","340","0","屏東縣","九如鄉","120.500","22.760","69"
"350","111163","20220930132000","151","3","屏東縣","九如鄉","120.495","22.745","324"
"43","111167","20220930132000","308","0","屏東縣","九如鄉","120.490","22.755","42"
"30","111171","20220930132000","198","0","屏東縣","九如鄉","120.495","22.760","33"
"467","111186","20220930132000","179","3","屏東縣","高樹鄉","120.570","22.795","456"
"200","111215","20220930132000","110","3","屏東縣","鹽埔鄉","120.545","22.760","198"
"60","111217","20220930132000","161","0","屏東縣","鹽埔鄉","120.555","22.760","66"
"399","111238","20220930132000","281","2","屏東縣","鹽埔鄉","120.545","22.745","439"
"598","111270","20220930132000","311","3","屏東縣","鹽埔鄉","120.550","22.735","607"
"22","111271","20220930132000","30","0","屏東縣","鹽埔鄉","120.560","22.735","23"
"59","111273","20220930132000","314","0","屏東縣","鹽埔鄉","120.555","22.740","64"
"610","111282","20220930132000","204","3","屏東縣","鹽埔鄉","120.560","22.740","596"
"461","111309","20220930132000","272","3","屏東縣","鹽埔鄉","120.515","22.740","476"
"81","111315","20220930132000","217","0","屏東縣","鹽埔鄉","120.580","22.740","82"
"86","111337","20220930132000","344","0","屏東縣","鹽埔鄉","120.580","22.755","72"
"394","111360","20220930132000","843","0","屏東縣","鹽埔鄉","120.575","22.755","402"
"140","111374","20220930132000","118","1","屏東縣","里港鄉","120.480","22.770","130"
"520","111380","20220930132000","390","2","屏東縣","里港鄉","120.480","22.775","498"
"54","111398","20220930132000","134","0","屏東縣","里港鄉","120.490","22.820","53"
"48","111418","20220930132000","162","0","屏東縣","里港鄉","120.490","22.775","39"
"1490","111419","20220930132000","1035","2","屏東縣","里港鄉","120.495","22.775","1525"
"216","111451","20220930132000","166","2","屏東縣","里港鄉","120.535","22.775","197"
"124","111459","20220930132000","455","0","屏東縣","里港鄉","120.520","22.785","124"
"308","111491","20220930132000","179","3","屏東縣","里港鄉","120.500","22.780","376"
"240","111507","20220930132000","363","0","屏東縣","高樹鄉","120.615","22.815","221"
"45","111605","20220930132000","81","0","屏東縣","三地門鄉","120.700","22.790","45"
"23","111824","20220930132000","76","0","屏東縣","三地門鄉","120.700","22.765","19"
"129","111907","20220930132000","134","0","屏東縣","三地門鄉","120.635","22.745","111"
"16","112026","20220930132000","81","0","屏東縣","霧台鄉","120.740","22.740","13"
"49","112635","20220930132000","389","0","屏東縣","里港鄉","120.490","22.805","65"
"657","112659","20220930132000","390","3","屏東縣","里港鄉","120.505","22.815","705"
"22","112661","20220930132000","19","1","屏東縣","里港鄉","120.525","22.815","17"
"60","112669","20220930132000","112","0","屏東縣","里港鄉","120.505","22.820","54"
"310","112687","20220930132000","209","2","屏東縣","里港鄉","120.535","22.825","291"
"172","112714","20220930132000","102","3","屏東縣","里港鄉","120.485","22.765","186"
"1244","112719","20220930132000","941","2","屏東縣","里港鄉","120.495","22.780","1230"
"18","112920","20220930132000","99","0","屏東縣","霧台鄉","120.725","22.740","17"
"193","112942","20220930132000","152","2","屏東縣","高樹鄉","120.595","22.775","194"
"17","112982","20220930132000","18","0","屏東縣","高樹鄉","120.615","22.760","12"
"12","112995","20220930132000","11","1","屏東縣","高樹鄉","120.615","22.770","17"
"230","112999","20220930132000","146","3","屏東縣","高樹鄉","120.635","22.770","195"
"43","113004","20220930132000","34","2","屏東縣","高樹鄉","120.630","22.740","38"
"229","113006","20220930132000","158","2","屏東縣","高樹鄉","120.620","22.740","206"
"55","113023","20220930132000","41","2","屏東縣","高樹鄉","120.625","22.830","58"
"127","113048","20220930132000","424","0","屏東縣","高樹鄉","120.560","22.785","147"
"54","113075","20220930132000","117","0","屏東縣","高樹鄉","120.590","22.825","52"
"381","113097","20220930132000","287","2","屏東縣","高樹鄉","120.610","22.785","415"
"31","113103","20220930132000","18","3","屏東縣","高樹鄉","120.610","22.790","27"
"141","113129","20220930132000","68","3","屏東縣","高樹鄉","120.595","22.810","126"
"84","113131","20220930132000","62","2","屏東縣","高樹鄉","120.595","22.815","88"
"1557","113133","20220930132000","1260","2","屏東縣","高樹鄉","120.600","22.825","1566"
"1962","113137","20220930132000","2991","0","臺東縣","臺東市","121.155","22.750","1747"
"94","113139","20220930132000","73","2","臺東縣","臺東市","121.160","22.760","108"
"1808","113141","20220930132000","1184","3","臺東縣","臺東市","121.155","22.755","1780"
"789","113159","20220930132000","530","2","高雄市","永安區","120.225","22.820","791"
"761","113177","20220930132000","535","2","高雄市","永安區","120.250","22.810","792"
"129","113178","20220930132000","508","0","高雄市","岡山區","120.255","22.810","159"
"193","113182","20220930132000","189","1","高雄市","永安區","120.250","22.815","192"
"224","113185","20220930132000","150","2","高雄市","永安區","120.240","22.815","216"
"49","113196","20220930132000","48","1","高雄市","永安區","120.205","22.840","49"
"455","113206","20220930132000","613","0","臺東縣","臺東市","121.130","22.765","455"
"503","113207","20220930132000","1148","0","臺東縣","臺東市","121.120","22.770","510"
"466","113213","20220930132000","337","2","臺東縣","臺東市","121.125","22.780","445"
"926","113214","20220930132000","1052","0","臺東縣","臺東市","121.120","22.785","959"
"387","113216","20220930132000","159","3","臺東縣","臺東市","121.130","22.770","369"
"1178","113217","20220930132000","839","2","臺東縣","臺東市","121.135","22.770","1137"
"62","113218","20220930132000","109","0","臺東縣","臺東市","121.125","22.775","71"
"533","113219","20220930132000","593","0","臺東縣","臺東市","121.130","22.775","493"
"503","113236","20220930132000","645","0","臺東縣","臺東市","121.115","22.785","541"
"455","113239","20220930132000","259","3","臺東縣","臺東市","121.110","22.790","450"
"145","113251","20220930132000","124","1","臺東縣","臺東市","121.155","22.760","179"
"447","113258","20220930132000","224","3","臺東縣","臺東市","121.175","22.780","338"
"371","113260","20220930132000","107","3","臺東縣","臺東市","121.185","22.790","247"
"466","113263","20220930132000","680","0","臺東縣","臺東市","121.190","22.795","426"
"197","113266","20220930132000","110","3","臺東縣","臺東市","121.195","22.800","194"
"19","113269","20220930132000","26","0","臺東縣","臺東市","121.190","22.810","30"
"116","113273","20220930132000","214","0","臺東縣","臺東市","121.195","22.815","121"
"233","113295","20220930132000","282","0","臺東縣","臺東市","121.175","22.785","219"
"195","113299","20220930132000","145","2","臺東縣","臺東市","121.175","22.790","180"
"153","113310","20220930132000","95","3","臺東縣","臺東市","121.150","22.765","178"
"748","113311","20220930132000","819","0","臺東縣","臺東市","121.155","22.765","680"
"165","113314","20220930132000","962","0","高雄市","岡山區","120.285","22.780","162"
"30","113315","20220930132000","32","0","高雄市","岡山區","120.290","22.780","36"
"63","113317","20220930132000","63","1","高雄市","岡山區","120.290","22.785","78"
"1644","113318","20220930132000","1370","2","高雄市","岡山區","120.280","22.800","1639"
"580","113327","20220930132000","594","0","臺東縣","臺東市","121.065","22.740","956"
"170","113345","20220930132000","273","0","臺東縣","臺東市","121.055","22.760","181"
"238","113347","20220930132000","217","1","臺東縣","臺東市","121.060","22.760","228"
"1019","113354","20220930132000","1668","0","臺東縣","臺東市","121.145","22.765","1021"
"395","113355","20220930132000","309","2","臺東縣","臺東市","121.140","22.770","401"
"991","113356","20220930132000","1008","0","臺東縣","臺東市","121.145","22.770","974"
"971","113364","20220930132000","1056","0","臺東縣","臺東市","121.145","22.745","940"
"1164","113366","20220930132000","1848","0","臺東縣","臺東市","121.140","22.750","1172"
"697","113367","20220930132000","1036","0","臺東縣","臺東市","121.145","22.750","740"
"568","113369","20220930132000","1495","0","臺東縣","臺東市","121.145","22.755","662"
"38","113372","20220930132000","47","0","臺東縣","臺東市","121.160","22.755","42"
"124","113378","20220930132000","141","0","臺東縣","臺東市","121.125","22.790","116"
"297","113380","20220930132000","335","0","臺東縣","臺東市","121.130","22.790","280"
"592","113381","20220930132000","1416","0","臺東縣","臺東市","121.125","22.795","543"
"351","113386","20220930132000","338","1","臺東縣","臺東市","121.125","22.805","352"
"103","113389","20220930132000","48","3","臺東縣","臺東市","121.120","22.810","108"
"712","113416","20220930132000","784","0","臺東縣","臺東市","121.105","22.750","721"
"352","113423","20220930132000","225","3","臺東縣","臺東市","121.105","22.755","294"
"386","113425","20220930132000","410","0","臺東縣","臺東市","121.075","22.760","423"
"435","113434","20220930132000","467","0","臺東縣","臺東市","121.060","22.735","270"
"56","113448","20220930132000","80","0","屏東縣","里港鄉","120.530","22.830","69"
"130","113450","20220930132000","91","2","高雄市","美濃區","120.540","22.830","169"
"251","113466","20220930132000","188","2","高雄市","美濃區","120.530","22.840","247"
"18","113487","20220930132000","17","1","高雄市","大樹區","120.445","22.740","22"
"17","113496","20220930132000","11","3","高雄市","大樹區","120.445","22.745","21"
"468","113505","20220930132000","770","0","高雄市","大樹區","120.445","22.750","518"
"227","113506","20220930132000","131","3","高雄市","大樹區","120.450","22.750","201"
"49","113513","20220930132000","32","3","高雄市","岡山區","120.270","22.775","48"
"189","113514","20220930132000","244","0","高雄市","楠梓區","120.280","22.735","226"
"293","113564","20220930132000","138","3","臺東縣","卑南鄉","121.075","22.775","313"
"361","113740","20220930132000","271","2","臺東縣","卑南鄉","121.080","22.775","366"
"281","113741","20220930132000","252","1","臺東縣","卑南鄉","121.085","22.775","291"
"476","113742","20220930132000","315","3","臺東縣","卑南鄉","121.090","22.775","432"
"302","113750","20220930132000","206","2","臺東縣","卑南鄉","121.080","22.785","317"
"269","113792","20220930132000","310","0","臺東縣","卑南鄉","121.100","22.825","251"
"201","113799","20220930132000","101","3","臺東縣","卑南鄉","121.090","22.830","183"
"10","113812","20220930132000","11","0","臺東縣","卑南鄉","121.100","22.835","12"
"366","113843","20220930132000","466","0","臺東縣","卑南鄉","121.090","22.800","390"
"229","113882","20220930132000","156","2","臺東縣","卑南鄉","121.090","22.820","231"
"51","113896","20220930132000","65","0","高雄市","路竹區","120.270","22.840","40"
"434","113902","20220930132000","345","2","高雄市","橋頭區","120.290","22.745","444"
"72","113905","20220930132000","68","1","高雄市","橋頭區","120.295","22.755","69"
"377","113906","20220930132000","525","0","高雄市","楠梓區","120.325","22.755","351"
"166","113911","20220930132000","91","3","高雄市","橋頭區","120.320","22.765","154"
"629","113923","20220930132000","513","2","高雄市","橋頭區","120.305","22.770","637"
"328","113933","20220930132000","262","2","高雄市","橋頭區","120.290","22.760","284"
"1141","113934","20220930132000","821","2","高雄市","岡山區","120.280","22.765","1129"
"116","113947","20220930132000","76","3","高雄市","路竹區","120.275","22.840","103"
"112","113948","20220930132000","71","3","高雄市","路竹區","120.280","22.840","89"
"520","113950","20220930132000","373","2","高雄市","路竹區","120.275","22.820","484"
"15","113958","20220930132000","11","2","高雄市","路竹區","120.270","22.825","10"
"653","113959","20220930132000","448","2","高雄市","路竹區","120.275","22.825","668"
"1304","113962","20220930132000","936","2","高雄市","路竹區","120.265","22.830","1312"
"389","113965","20220930132000","14","3","高雄市","路竹區","120.265","22.840","348"
"621","113969","20220930132000","610","1","高雄市","路竹區","120.240","22.835","581"
"1865","113971","20220930132000","1271","2","高雄市","路竹區","120.250","22.835","1851"
"575","113978","20220930132000","653","0","高雄市","路竹區","120.245","22.845","639"
"1004","113982","20220930132000","823","2","高雄市","路竹區","120.260","22.840","910"
"43","113984","20220930132000","184","0","高雄市","彌陀區","120.245","22.785","43"
"355","113985","20220930132000","304","1","高雄市","彌陀區","120.245","22.790","354"
"52","113992","20220930132000","37","2","高雄市","橋頭區","120.300","22.765","56"
"22","113994","20220930132000","514","0","高雄市","橋頭區","120.320","22.735","21"
"331","113997","20220930132000","368","0","高雄市","橋頭區","120.315","22.745","355"
"248","114001","20220930132000","529","0","高雄市","橋頭區","120.315","22.760","263"
"223","114004","20220930132000","273","0","高雄市","橋頭區","120.310","22.760","241"
"1051","114006","20220930132000","1130","0","高雄市","橋頭區","120.310","22.765","1018"
"381","114050","20220930132000","278","2","高雄市","橋頭區","120.300","22.740","377"
"527","114055","20220930132000","384","2","高雄市","橋頭區","120.295","22.735","557"
"186","114057","20220930132000","342","0","高雄市","橋頭區","120.295","22.740","229"
"65","114059","20220930132000","494","0","高雄市","橋頭區","120.290","22.765","61"
"534","114062","20220930132000","313","3","高雄市","橋頭區","120.270","22.735","516"
"30","114068","20220930132000","263","0","高雄市","橋頭區","120.280","22.745","29"
"408","114075","20220930132000","350","1","高雄市","永安區","120.240","22.820","438"
"296","114077","20220930132000","196","3","高雄市","永安區","120.250","22.820","321"
"316","114094","20220930132000","237","2","高雄市","永安區","120.210","22.810","341"
"143","114108","20220930132000","54","3","高雄市","永安區","120.205","22.825","85"
"46","114112","20220930132000","570","0","高雄市","路竹區","120.260","22.835","46"
"2789","114116","20220930132000","3057","0","臺東縣","臺東市","121.150","22.755","2632"
"2800","114117","20220930132000","1926","2","臺東縣","臺東市","121.145","22.760","2799"
"670","114118","20220930132000","803","0","臺東縣","臺東市","121.150","22.760","969"
"309","114125","20220930132000","286","1","臺東縣","臺東市","121.115","22.750","327"
"1134","114128","20220930132000","929","2","臺東縣","臺東市","121.135","22.755","1140"
"847","114129","20220930132000","764","1","臺東縣","臺東市","121.140","22.760","815"
"213","114130","20220930132000","1989","0","臺東縣","臺東市","121.150","22.750","168"
"442","114135","20220930132000","255","3","臺東縣","臺東市","121.100","22.740","419"
"1186","114143","20220930132000","1322","0","高雄市","燕巢區","120.360","22.765","1178"
"2596","114144","20220930132000","2057","2","高雄市","燕巢區","120.365","22.765","2682"
"799","114154","20220930132000","1061","0","高雄市","燕巢區","120.360","22.770","774"
"561","114155","20220930132000","369","3","高雄市","岡山區","120.315","22.775","570"
"49","114158","20220930132000","32","3","高雄市","燕巢區","120.330","22.775","40"
"924","114160","20220930132000","811","1","高雄市","燕巢區","120.340","22.775","915"
"293","114174","20220930132000","258","1","高雄市","燕巢區","120.360","22.775","302"
"107","114194","20220930132000","78","2","高雄市","燕巢區","120.400","22.810","103"
"154","114204","20220930132000","178","0","高雄市","燕巢區","120.340","22.755","168"
"181","114206","20220930132000","253","0","高雄市","燕巢區","120.350","22.755","182"
"399","114207","20220930132000","319","2","高雄市","燕巢區","120.355","22.755","380"
"595","114210","20220930132000","477","2","高雄市","燕巢區","120.335","22.760","661"
"487","114212","20220930132000","395","2","高雄市","燕巢區","120.345","22.760","433"
"18","114214","20220930132000","237","0","高雄市","燕巢區","120.355","22.760","17"
"49","114226","20220930132000","124","0","高雄市","田寮區","120.420","22.820","40"
"17","114264","20220930132000","139","0","高雄市","岡山區","120.270","22.790","10"
"58","114268","20220930132000","43","2","高雄市","岡山區","120.270","22.795","52"
"752","114271","20220930132000","773","0","高雄市","岡山區","120.285","22.795","804"
"784","114274","20220930132000","479","3","高雄市","岡山區","120.280","22.780","723"
"703","114276","20220930132000","421","3","高雄市","梓官區","120.265","22.750","767"
"504","114278","20220930132000","413","2","高雄市","梓官區","120.260","22.745","531"
"212","114279","20220930132000","115","3","高雄市","梓官區","120.265","22.745","210"
"665","114288","20220930132000","564","1","高雄市","梓官區","120.265","22.760","697"
"1225","114295","20220930132000","921","2","高雄市","梓官區","120.270","22.760","1189"
"340","114297","20220930132000","313","1","高雄市","梓官區","120.245","22.740","381"
"330","114302","20220930132000","230","2","高雄市","梓官區","120.245","22.750","308"
"330","114304","20220930132000","248","2","高雄市","梓官區","120.250","22.735","342"
"484","114307","20220930132000","640","0","高雄市","橋頭區","120.310","22.750","499"
"121","114308","20220930132000","53","3","高雄市","橋頭區","120.315","22.755","121"
"722","114309","20220930132000","1264","0","高雄市","橋頭區","120.310","22.755","742"
"615","114311","20220930132000","688","0","高雄市","橋頭區","120.305","22.735","618"
"35","114315","20220930132000","184","0","高雄市","橋頭區","120.305","22.740","32"
"514","114318","20220930132000","443","1","高雄市","橋頭區","120.310","22.745","526"
"456","114322","20220930132000","295","3","高雄市","橋頭區","120.300","22.755","451"
"62","114344","20220930132000","53","1","高雄市","旗山區","120.440","22.785","62"
"30","114349","20220930132000","48","0","高雄市","旗山區","120.430","22.790","53"
"32","114358","20220930132000","35","0","高雄市","旗山區","120.435","22.795","46"
"210","114363","20220930132000","236","0","高雄市","旗山區","120.460","22.795","205"
"201","114393","20220930132000","47","3","高雄市","旗山區","120.455","22.815","161"
"150","114395","20220930132000","79","3","高雄市","旗山區","120.465","22.815","155"
"557","114407","20220930132000","656","0","高雄市","旗山區","120.465","22.840","614"
"83","114408","20220930132000","90","0","高雄市","旗山區","120.450","22.845","77"
"42","114416","20220930132000","444","0","高雄市","梓官區","120.270","22.765","44"
"49","114421","20220930132000","901","0","高雄市","梓官區","120.260","22.740","53"
"314","114422","20220930132000","238","2","高雄市","橋頭區","120.265","22.740","319"
"94","114448","20220930132000","58","3","臺東縣","卑南鄉","121.180","22.805","102"
"107","114462","20220930132000","76","2","臺東縣","卑南鄉","121.150","22.820","83"
"96","114473","20220930132000","97","0","臺東縣","卑南鄉","121.150","22.830","99"
"204","114575","20220930132000","158","2","臺東縣","卑南鄉","121.055","22.745","112"
"241","114700","20220930132000","238","1","臺東縣","臺東市","121.045","22.760","223"
"258","114840","20220930132000","121","3","臺東縣","卑南鄉","121.070","22.795","241"
"364","114846","20220930132000","314","1","臺東縣","卑南鄉","121.065","22.800","395"
"411","114971","20220930132000","491","0","臺東縣","臺東市","121.125","22.740","455"
"892","114977","20220930132000","778","1","臺東縣","臺東市","121.135","22.740","883"
"747","114979","20220930132000","910","0","臺東縣","臺東市","121.120","22.735","745"
"12","114990","20220930132000","23","0","高雄市","岡山區","120.345","22.820","15"
"1538","115004","20220930132000","1153","2","高雄市","岡山區","120.285","22.790","1509"
"80","115005","20220930132000","52","3","高雄市","岡山區","120.290","22.790","82"
"234","115006","20220930132000","190","2","高雄市","岡山區","120.295","22.785","240"
"27","115293","20220930132000","18","3","高雄市","田寮區","120.370","22.825","30"
"203","115298","20220930132000","193","1","高雄市","田寮區","120.360","22.830","177"
"95","115300","20220930132000","111","0","高雄市","田寮區","120.370","22.830","105"
"116","115304","20220930132000","105","1","高雄市","田寮區","120.355","22.835","140"
"93","115311","20220930132000","123","0","高雄市","田寮區","120.395","22.835","91"
"225","115312","20220930132000","187","2","高雄市","田寮區","120.345","22.840","197"
"61","115319","20220930132000","56","1","高雄市","田寮區","120.345","22.845","53"
"65","115329","20220930132000","74","0","高雄市","旗山區","120.435","22.830","57"
"104","115367","20220930132000","780","0","高雄市","燕巢區","120.355","22.790","112"
"331","115368","20220930132000","258","2","高雄市","燕巢區","120.360","22.790","337"
"103","115373","20220930132000","81","2","高雄市","燕巢區","120.360","22.780","114"
"509","115374","20220930132000","363","2","高雄市","燕巢區","120.325","22.785","591"
"419","115375","20220930132000","422","0","高雄市","燕巢區","120.330","22.785","441"
"288","115377","20220930132000","239","2","高雄市","燕巢區","120.340","22.785","287"
"403","115380","20220930132000","385","1","高雄市","燕巢區","120.355","22.785","368"
"490","115382","20220930132000","322","3","高雄市","燕巢區","120.340","22.790","450"
"338","115384","20220930132000","207","3","高雄市","燕巢區","120.350","22.790","304"
"20","115394","20220930132000","22","0","高雄市","燕巢區","120.355","22.810","18"
"33","115398","20220930132000","20","3","高雄市","燕巢區","120.375","22.810","19"
"80","115401","20220930132000","84","0","高雄市","燕巢區","120.390","22.810","76"
"98","115402","20220930132000","54","3","高雄市","燕巢區","120.355","22.815","74"
"165","115429","20220930132000","157","1","高雄市","燕巢區","120.365","22.790","158"
"379","115436","20220930132000","328","1","高雄市","燕巢區","120.365","22.795","353"
"115","115437","20220930132000","102","1","高雄市","燕巢區","120.370","22.795","115"
"32","115438","20220930132000","28","1","高雄市","燕巢區","120.375","22.795","27"
"763","115447","20220930132000","1020","0","高雄市","燕巢區","120.375","22.760","758"
"1141","115450","20220930132000","975","1","高雄市","燕巢區","120.375","22.765","1105"
"118","115453","20220930132000","149","0","高雄市","燕巢區","120.390","22.765","109"
"28","115456","20220930132000","34","0","高雄市","燕巢區","120.415","22.765","29"
"13","115458","20220930132000","83","0","高雄市","燕巢區","120.385","22.770","13"
"77","115463","20220930132000","65","1","高雄市","燕巢區","120.410","22.770","71"
"441","115472","20220930132000","304","2","高雄市","燕巢區","120.385","22.775","421"
"181","115473","20220930132000","141","2","高雄市","燕巢區","120.390","22.775","194"
"156","115475","20220930132000","126","2","高雄市","燕巢區","120.400","22.775","158"
"22","115478","20220930132000","25","0","高雄市","燕巢區","120.415","22.775","27"
"165","115482","20220930132000","102","3","高雄市","燕巢區","120.385","22.780","166"
"210","115486","20220930132000","212","0","高雄市","燕巢區","120.405","22.780","229"
"121","115500","20220930132000","118","1","高雄市","燕巢區","120.420","22.780","106"
"228","115501","20220930132000","148","3","高雄市","燕巢區","120.425","22.780","278"
"13","115507","20220930132000","37","0","高雄市","燕巢區","120.410","22.785","22"
"51","115513","20220930132000","96","0","高雄市","燕巢區","120.405","22.790","134"
"119","115519","20220930132000","138","0","高雄市","燕巢區","120.410","22.795","298"
"417","115523","20220930132000","323","2","高雄市","岡山區","120.315","22.785","401"
"365","115524","20220930132000","555","0","高雄市","燕巢區","120.320","22.785","387"
"21","115528","20220930132000","309","0","高雄市","燕巢區","120.330","22.790","22"
"62","115531","20220930132000","365","0","高雄市","燕巢區","120.325","22.795","64"
"298","115537","20220930132000","500","0","高雄市","燕巢區","120.335","22.800","347"
"796","115543","20220930132000","737","1","高雄市","燕巢區","120.355","22.795","786"
"134","115544","20220930132000","111","2","高雄市","燕巢區","120.360","22.795","118"
"333","115546","20220930132000","370","0","高雄市","燕巢區","120.355","22.800","372"
"663","115555","20220930132000","1455","0","高雄市","楠梓區","120.325","22.735","697"
"1160","115556","20220930132000","807","2","高雄市","楠梓區","120.330","22.735","1131"
"726","115557","20220930132000","1022","0","高雄市","楠梓區","120.335","22.735","769"
"646","115559","20220930132000","734","0","高雄市","楠梓區","120.330","22.740","710"
"851","115560","20220930132000","790","1","高雄市","楠梓區","120.335","22.740","830"
"48","115562","20220930132000","453","0","高雄市","楠梓區","120.330","22.745","46"
"16","115563","20220930132000","232","0","高雄市","橋頭區","120.325","22.750","19"
"695","115564","20220930132000","512","2","高雄市","楠梓區","120.330","22.750","694"
"191","115565","20220930132000","67","3","高雄市","岡山區","120.305","22.780","186"
"218","115567","20220930132000","153","2","高雄市","岡山區","120.315","22.825","231"
"383","115568","20220930132000","380","1","高雄市","岡山區","120.325","22.825","368"
"221","115576","20220930132000","516","0","高雄市","岡山區","120.315","22.815","208"
"581","115577","20220930132000","437","2","高雄市","岡山區","120.320","22.815","634"
"88","115580","20220930132000","88","1","高雄市","岡山區","120.325","22.820","97"
"120","115598","20220930132000","2060","0","高雄市","岡山區","120.295","22.795","113"
"224","115599","20220930132000","206","1","高雄市","岡山區","120.290","22.800","224"
"624","115600","20220930132000","555","1","高雄市","岡山區","120.295","22.800","653"
"620","115616","20220930132000","752","0","臺東縣","臺東市","121.105","22.770","608"
"458","115617","20220930132000","283","3","臺東縣","臺東市","121.110","22.770","453"
"24","115620","20220930132000","143","0","高雄市","大樹區","120.440","22.755","16"
"21","115621","20220930132000","207","0","高雄市","大樹區","120.445","22.755","23"
"296","115631","20220930132000","161","3","高雄市","大樹區","120.420","22.765","357"
"34","115632","20220930132000","26","2","高雄市","大樹區","120.425","22.765","38"
"120","115636","20220930132000","104","1","高雄市","大樹區","120.445","22.765","106"
"32","115639","20220930132000","20","3","高雄市","大樹區","120.425","22.770","27"
"227","115644","20220930132000","246","0","高雄市","大樹區","120.450","22.770","210"
"142","115647","20220930132000","77","3","高雄市","旗山區","120.430","22.775","137"
"687","115648","20220930132000","410","3","高雄市","岡山區","120.300","22.815","729"
"1100","115657","20220930132000","888","2","高雄市","岡山區","120.300","22.820","1097"
"517","115660","20220930132000","517","1","高雄市","岡山區","120.315","22.820","489"
"302","115663","20220930132000","98","3","高雄市","岡山區","120.295","22.830","282"
"289","115664","20220930132000","207","2","高雄市","岡山區","120.290","22.795","281"
"892","115665","20220930132000","624","2","高雄市","岡山區","120.285","22.800","852"
"22","115669","20220930132000","234","0","高雄市","燕巢區","120.325","22.800","14"
"25","115670","20220930132000","20","2","高雄市","岡山區","120.310","22.805","16"
"102","115676","20220930132000","211","0","高雄市","岡山區","120.320","22.810","101"
"199","115684","20220930132000","244","0","高雄市","岡山區","120.305","22.775","190"
"16","115686","20220930132000","31","0","高雄市","岡山區","120.310","22.775","21"
"59","115687","20220930132000","445","0","高雄市","岡山區","120.300","22.780","55"
"35","115690","20220930132000","794","0","高雄市","岡山區","120.300","22.785","47"
"89","115691","20220930132000","1222","0","高雄市","岡山區","120.290","22.805","86"
"136","115692","20220930132000","306","0","高雄市","岡山區","120.295","22.805","149"
"128","115694","20220930132000","812","0","高雄市","岡山區","120.295","22.790","124"
"119","115706","20220930132000","113","1","高雄市","彌陀區","120.240","22.755","136"
"129","115708","20220930132000","124","1","高雄市","梓官區","120.250","22.755","127"
"227","115709","20220930132000","104","3","高雄市","彌陀區","120.235","22.760","179"
"172","115713","20220930132000","131","2","高雄市","彌陀區","120.240","22.765","163"
"336","115714","20220930132000","395","0","高雄市","彌陀區","120.250","22.780","309"
"368","115717","20220930132000","395","0","臺東縣","臺東市","121.140","22.740","386"
"346","115718","20220930132000","172","3","臺東縣","臺東市","121.130","22.745","373"
"1313","115719","20220930132000","1444","0","臺東縣","臺東市","121.135","22.745","1349"
"466","115721","20220930132000","593","0","臺東縣","臺東市","121.130","22.750","441"
"896","115722","20220930132000","486","3","臺東縣","臺東市","121.135","22.750","851"
"344","115724","20220930132000","263","2","臺東縣","臺東市","121.120","22.750","312"
"325","115727","20220930132000","345","0","臺東縣","臺東市","121.130","22.755","303"
"501","115728","20220930132000","675","0","臺東縣","臺東市","121.120","22.760","495"
"215","115732","20220930132000","153","2","臺東縣","臺東市","121.090","22.760","221"
"308","115739","20220930132000","315","0","臺東縣","臺東市","121.095","22.765","281"
"638","115745","20220930132000","772","0","臺東縣","臺東市","121.095","22.770","638"
"255","115749","20220930132000","157","3","高雄市","阿蓮區","120.335","22.835","251"
"33","115751","20220930132000","31","1","高雄市","阿蓮區","120.325","22.840","40"
"1243","115782","20220930132000","916","2","高雄市","岡山區","120.300","22.795","1227"
"1008","115783","20220930132000","1068","0","高雄市","岡山區","120.305","22.795","1022"
"83","115784","20220930132000","54","3","高雄市","岡山區","120.310","22.795","88"
"32","115785","20220930132000","24","2","高雄市","旗山區","120.480","22.845","20"
"732","115787","20220930132000","673","1","高雄市","岡山區","120.270","22.780","802"
"95","115788","20220930132000","426","0","高雄市","岡山區","120.270","22.785","124"
"266","115791","20220930132000","759","0","高雄市","岡山區","120.285","22.785","250"
"377","115793","20220930132000","401","0","高雄市","彌陀區","120.250","22.785","388"
"904","115795","20220930132000","791","1","高雄市","彌陀區","120.235","22.795","925"
"94","115804","20220930132000","100","0","高雄市","彌陀區","120.245","22.775","99"
"122","115805","20220930132000","86","2","高雄市","彌陀區","120.245","22.765","121"
"111","115808","20220930132000","128","0","高雄市","彌陀區","120.245","22.770","123"
"39","115810","20220930132000","294","0","高雄市","彌陀區","120.255","22.770","33"
"1252","115819","20220930132000","759","3","高雄市","岡山區","120.305","22.785","1148"
"515","115820","20220930132000","1561","0","高雄市","岡山區","120.300","22.790","513"
"821","115821","20220930132000","827","0","高雄市","岡山區","120.305","22.790","825"
"869","115833","20220930132000","509","3","高雄市","岡山區","120.265","22.815","858"
"942","115834","20220930132000","634","2","高雄市","岡山區","120.270","22.815","859"
"500","115836","20220930132000","359","2","高雄市","岡山區","120.255","22.820","418"
"431","115841","20220930132000","354","2","高雄市","岡山區","120.265","22.820","377"
"636","115844","20220930132000","350","3","高雄市","岡山區","120.300","22.830","599"
"603","115849","20220930132000","811","0","高雄市","阿蓮區","120.305","22.835","593"
"75","115851","20220930132000","263","0","高雄市","岡山區","120.280","22.810","59"
"504","115852","20220930132000","379","2","高雄市","岡山區","120.285","22.810","518"
"280","115855","20220930132000","251","1","高雄市","岡山區","120.285","22.815","302"
"68","115856","20220930132000","485","0","高雄市","岡山區","120.290","22.815","59"
"450","115872","20220930132000","315","2","高雄市","彌陀區","120.250","22.775","425"
"27","115876","20220930132000","12","3","高雄市","大社區","120.345","22.735","29"
"26","115878","20220930132000","496","0","高雄市","大社區","120.360","22.740","35"
"191","115879","20220930132000","226","0","高雄市","大社區","120.365","22.740","205"
"447","115883","20220930132000","380","1","高雄市","大社區","120.345","22.740","477"
"854","115886","20220930132000","643","2","高雄市","楠梓區","120.335","22.745","808"
"544","115889","20220930132000","879","0","高雄市","大社區","120.350","22.745","527"
"157","115892","20220930132000","478","0","高雄市","燕巢區","120.340","22.750","165"
"47","115895","20220930132000","16","3","高雄市","大社區","120.355","22.750","40"
"360","115897","20220930132000","285","2","高雄市","大社區","120.365","22.750","403"
"47","115911","20220930132000","52","0","高雄市","大社區","120.395","22.745","42"
"12","115922","20220930132000","32","0","高雄市","大社區","120.405","22.750","14"
"18","115927","20220930132000","110","0","高雄市","大社區","120.390","22.755","20"
"215","115941","20220930132000","174","2","高雄市","大社區","120.370","22.735","253"
"228","115943","20220930132000","266","0","高雄市","大社區","120.380","22.735","258"
"40","115944","20220930132000","26","3","高雄市","大社區","120.380","22.740","34"
"458","115946","20220930132000","370","2","高雄市","岡山區","120.275","22.775","432"
"688","115949","20220930132000","550","2","高雄市","岡山區","120.310","22.790","675"
"649","115953","20220930132000","675","0","高雄市","岡山區","120.300","22.800","615"
"67","115954","20220930132000","504","0","高雄市","岡山區","120.305","22.800","68"
"10","115959","20220930132000","216","0","高雄市","岡山區","120.305","22.810","10"
"105","115966","20220930132000","83","2","高雄市","旗山區","120.425","22.815","95"
"11","115972","20220930132000","12","0","高雄市","旗山區","120.435","22.825","11"
"111","124145","20220930132000","436","0","屏東縣","高樹鄉","120.610","22.850","148"
"111","124161","20220930132000","280","0","屏東縣","高樹鄉","120.630","22.865","136"
"195","124176","20220930132000","78","3","屏東縣","高樹鄉","120.640","22.880","189"
"19","124193","20220930132000","32","0","臺南市","仁德區","120.245","22.935","22"
"511","124197","20220930132000","630","0","臺南市","仁德區","120.250","22.940","537"
"154","124211","20220930132000","108","2","臺南市","關廟區","120.330","22.910","120"
"305","124220","20220930132000","405","0","臺南市","關廟區","120.345","22.915","348"
"94","124243","20220930132000","169","0","高雄市","茄萣區","120.205","22.855","87"
"382","124253","20220930132000","320","1","臺南市","仁德區","120.215","22.910","343"
"274","124255","20220930132000","173","3","高雄市","湖內區","120.225","22.905","279"
"14","124262","20220930132000","446","0","臺南市","南區","120.185","22.920","183"
"337","124271","20220930132000","493","0","臺南市","歸仁區","120.270","22.920","377"
"770","124275","20220930132000","1350","0","臺南市","歸仁區","120.285","22.920","1057"
"277","124278","20220930132000","187","2","臺南市","歸仁區","120.280","22.925","331"
"28","124291","20220930132000","96","0","臺南市","南區","120.175","22.940","24"
"785","124293","20220930132000","840","0","臺南市","仁德區","120.245","22.925","897"
"11","124295","20220930132000","13","0","臺南市","仁德區","120.240","22.930","12"
"511","124314","20220930132000","887","0","臺南市","仁德區","120.260","22.945","508"
"737","124322","20220930132000","1083","0","臺南市","歸仁區","120.270","22.905","893"
"472","124323","20220930132000","554","0","臺南市","仁德區","120.255","22.910","546"
"360","124338","20220930132000","381","0","臺南市","仁德區","120.250","22.910","400"
"46","124352","20220930132000","53","0","臺南市","關廟區","120.325","22.950","48"
"595","124363","20220930132000","249","3","臺南市","關廟區","120.335","22.930","562"
"889","124386","20220930132000","937","0","臺南市","仁德區","120.255","22.950","957"
"14","124391","20220930132000","10","2","臺南市","仁德區","120.225","22.930","14"
"30","124396","20220930132000","21","2","臺南市","仁德區","120.225","22.935","23"
"300","124397","20220930132000","311","0","臺南市","仁德區","120.230","22.935","325"
"38","124404","20220930132000","205","0","臺南市","仁德區","120.230","22.940","26"
"135","124408","20220930132000","557","0","臺南市","仁德區","120.230","22.945","170"
"183","124415","20220930132000","189","0","臺南市","仁德區","120.260","22.950","172"
"55","124430","20220930132000","36","3","臺南市","歸仁區","120.290","22.925","42"
"356","124431","20220930132000","129","3","臺南市","歸仁區","120.295","22.925","319"
"298","124453","20220930132000","314","0","臺南市","歸仁區","120.300","22.940","341"
"993","124469","20220930132000","487","3","臺南市","南區","120.180","22.930","846"
"37","124474","20220930132000","234","0","臺南市","南區","120.190","22.935","249"
"224","124481","20220930132000","65","3","臺南市","歸仁區","120.275","22.905","220"
"104","124491","20220930132000","436","0","臺南市","歸仁區","120.275","22.910","114"
"149","124494","20220930132000","259","0","臺南市","歸仁區","120.285","22.910","179"
"675","124526","20220930132000","713","0","臺南市","歸仁區","120.275","22.950","712"
"218","124527","20220930132000","240","0","臺南市","歸仁區","120.280","22.950","264"
"57","124538","20220930132000","120","0","臺南市","仁德區","120.220","22.920","59"
"427","124546","20220930132000","413","1","臺南市","南區","120.215","22.950","371"
"80","124548","20220930132000","68","1","臺南市","仁德區","120.220","22.945","67"
"305","124549","20220930132000","426","0","臺南市","仁德區","120.220","22.950","319"
"420","124551","20220930132000","385","1","臺南市","仁德區","120.235","22.915","480"
"1048","124552","20220930132000","1010","1","臺南市","仁德區","120.225","22.920","1052"
"419","124553","20220930132000","710","0","臺南市","仁德區","120.230","22.920","367"
"645","124557","20220930132000","707","0","臺南市","仁德區","120.250","22.920","710"
"524","124559","20220930132000","755","0","臺南市","仁德區","120.225","22.925","543"
"242","124565","20220930132000","265","0","臺南市","仁德區","120.220","22.915","260"
"1029","124569","20220930132000","828","2","臺南市","仁德區","120.215","22.915","1065"
"776","124585","20220930132000","503","3","臺南市","南區","120.180","22.945","857"
"389","124591","20220930132000","420","0","臺南市","南區","120.185","22.950","392"
"40","124593","20220930132000","41","0","臺南市","南區","120.195","22.950","43"
"55","124601","20220930132000","100","0","高雄市","茂林區","120.685","22.905","64"
"1078","124642","20220930132000","1005","1","高雄市","茄萣區","120.185","22.895","1097"
"22","124648","20220930132000","10","3","高雄市","內門區","120.450","22.920","25"
"211","124661","20220930132000","286","0","高雄市","美濃區","120.525","22.850","240"
"90","124668","20220930132000","95","0","高雄市","美濃區","120.535","22.850","78"
"229","124671","20220930132000","339","0","高雄市","美濃區","120.550","22.850","249"
"285","124678","20220930132000","365","0","高雄市","美濃區","120.535","22.860","286"
"175","124706","20220930132000","143","2","高雄市","美濃區","120.580","22.920","175"
"11","124745","20220930132000","26","0","高雄市","美濃區","120.585","22.940","19"
"1042","124774","20220930132000","1010","1","高雄市","美濃區","120.545","22.900","1000"
"291","124778","20220930132000","162","3","高雄市","美濃區","120.555","22.905","291"
"251","124780","20220930132000","214","1","高雄市","美濃區","120.545","22.910","252"
"274","124803","20220930132000","187","2","高雄市","美濃區","120.535","22.865","272"
"474","124809","20220930132000","295","3","高雄市","美濃區","120.535","22.875","463"
"217","124812","20220930132000","175","2","高雄市","美濃區","120.535","22.880","212"
"300","124818","20220930132000","197","3","高雄市","美濃區","120.555","22.885","294"
"250","124831","20220930132000","289","0","高雄市","內門區","120.460","22.925","241"
"150","124869","20220930132000","52","3","高雄市","內門區","120.470","22.910","152"
"12","124897","20220930132000","153","0","高雄市","內門區","120.465","22.930","15"
"257","124903","20220930132000","240","1","高雄市","內門區","120.465","22.940","262"
"87","124908","20220930132000","214","0","高雄市","內門區","120.460","22.920","91"
"12","124929","20220930132000","12","1","高雄市","內門區","120.475","22.940","20"
"12","124935","20220930132000","12","1","高雄市","內門區","120.490","22.940","12"
"23","124948","20220930132000","15","3","臺南市","龍崎區","120.360","22.940","22"
"52","124962","20220930132000","44","1","臺南市","龍崎區","120.380","22.950","52"
"12","124976","20220930132000","15","0","臺南市","龍崎區","120.395","22.930","14"
"113","124995","20220930132000","74","3","臺南市","龍崎區","120.365","22.915","96"
"156","125006","20220930132000","276","0","臺南市","龍崎區","120.350","22.930","196"
"432","125045","20220930132000","480","0","臺南市","龍崎區","120.425","22.940","397"
"10","125051","20220930132000","14","0","臺南市","龍崎區","120.400","22.950","10"
"13","125061","20220930132000","18","0","臺南市","龍崎區","120.420","22.945","17"
"327","125138","20220930132000","254","2","臺東縣","卑南鄉","121.125","22.870","329"
"606","125177","20220930132000","551","1","高雄市","湖內區","120.235","22.900","567"
"216","125178","20220930132000","215","1","臺南市","仁德區","120.235","22.905","214"
"991","125179","20220930132000","495","3","高雄市","湖內區","120.230","22.910","947"
"502","125186","20220930132000","331","3","高雄市","路竹區","120.275","22.870","455"
"325","125192","20220930132000","345","0","高雄市","路竹區","120.265","22.885","266"
"280","125206","20220930132000","294","0","高雄市","路竹區","120.270","22.870","293"
"716","125207","20220930132000","670","1","高雄市","路竹區","120.255","22.875","709"
"298","125215","20220930132000","176","3","高雄市","茄萣區","120.180","22.910","255"
"364","125229","20220930132000","428","0","高雄市","路竹區","120.290","22.865","313"
"325","125232","20220930132000","300","1","高雄市","路竹區","120.245","22.860","310"
"946","125234","20220930132000","858","1","高雄市","路竹區","120.255","22.860","957"
"168","125242","20220930132000","106","3","高雄市","路竹區","120.250","22.855","158"
"37","125244","20220930132000","43","0","高雄市","路竹區","120.260","22.865","29"
"392","125249","20220930132000","424","0","高雄市","路竹區","120.235","22.860","394"
"325","125257","20220930132000","442","0","高雄市","路竹區","120.260","22.860","290"
"46","125258","20220930132000","38","2","高雄市","路竹區","120.255","22.865","59"
"394","125263","20220930132000","316","2","高雄市","路竹區","120.225","22.855","410"
"201","125284","20220930132000","90","3","高雄市","旗山區","120.515","22.855","185"
"317","125285","20220930132000","277","1","高雄市","旗山區","120.490","22.860","337"
"34","125295","20220930132000","105","0","高雄市","旗山區","120.490","22.880","30"
"380","125296","20220930132000","312","2","高雄市","旗山區","120.495","22.880","432"
"368","125297","20220930132000","401","0","高雄市","旗山區","120.500","22.880","368"
"713","125340","20220930132000","1012","0","高雄市","旗山區","120.480","22.895","741"
"111","125343","20220930132000","211","0","高雄市","旗山區","120.480","22.900","118"
"781","125346","20220930132000","741","1","高雄市","旗山區","120.475","22.905","771"
"29","125349","20220930132000","426","0","高雄市","旗山區","120.485","22.905","19"
"91","125360","20220930132000","476","0","高雄市","湖內區","120.250","22.880","85"
"203","125361","20220930132000","433","0","高雄市","湖內區","120.245","22.885","209"
"48","125366","20220930132000","259","0","高雄市","湖內區","120.240","22.890","50"
"597","125367","20220930132000","314","3","高雄市","湖內區","120.245","22.890","559"
"64","125374","20220930132000","71","0","高雄市","旗山區","120.445","22.885","60"
"44","125393","20220930132000","59","0","高雄市","內門區","120.420","22.910","46"
"22","125438","20220930132000","34","0","高雄市","茂林區","120.650","22.880","29"
"86","125487","20220930132000","120","0","高雄市","六龜區","120.620","22.890","124"
"134","125491","20220930132000","128","1","高雄市","六龜區","120.625","22.895","132"
"144","125506","20220930132000","146","0","高雄市","六龜區","120.635","22.910","130"
"14","125528","20220930132000","19","0","高雄市","六龜區","120.615","22.880","14"
"19","125541","20220930132000","57","0","高雄市","六龜區","120.615","22.885","24"
"114","125543","20220930132000","146","0","高雄市","六龜區","120.625","22.885","97"
"150","125591","20220930132000","89","3","高雄市","六龜區","120.645","22.925","145"
"498","125608","20220930132000","471","1","高雄市","路竹區","120.265","22.865","487"
"283","125613","20220930132000","209","2","高雄市","路竹區","120.265","22.850","323"
"131","125614","20220930132000","145","0","高雄市","路竹區","120.260","22.855","113"
"310","125624","20220930132000","283","1","高雄市","路竹區","120.290","22.875","345"
"242","125626","20220930132000","152","3","高雄市","路竹區","120.295","22.875","284"
"661","125629","20220930132000","350","3","高雄市","路竹區","120.285","22.880","582"
"168","125646","20220930132000","311","0","臺南市","關廟區","120.345","22.905","282"
"304","125659","20220930132000","218","2","高雄市","阿蓮區","120.290","22.895","294"
"292","125660","20220930132000","277","1","高雄市","阿蓮區","120.295","22.895","269"
"665","125667","20220930132000","504","2","臺南市","歸仁區","120.280","22.905","679"
"19","125673","20220930132000","13","2","高雄市","阿蓮區","120.330","22.875","18"
"46","125675","20220930132000","115","0","高雄市","湖內區","120.195","22.910","29"
"361","125676","20220930132000","120","3","高雄市","湖內區","120.200","22.910","378"
"10","125700","20220930132000","15","0","高雄市","田寮區","120.345","22.850","10"
"45","125737","20220930132000","301","0","高雄市","田寮區","120.370","22.865","46"
"87","125772","20220930132000","74","1","高雄市","田寮區","120.400","22.890","75"
"28","125779","20220930132000","40","0","高雄市","田寮區","120.400","22.895","26"
"66","125825","20220930132000","26","3","臺東縣","東河鄉","121.270","22.930","59"
"86","125838","20220930132000","50","3","臺東縣","東河鄉","121.275","22.940","82"
"177","125849","20220930132000","100","3","臺東縣","鹿野鄉","121.150","22.930","192"
"18","125863","20220930132000","25","0","臺東縣","鹿野鄉","121.150","22.940","19"
"1014","125884","20220930132000","1470","0","高雄市","旗山區","120.480","22.880","1077"
"642","125896","20220930132000","670","0","高雄市","美濃區","120.540","22.900","603"
"47","125917","20220930132000","42","1","高雄市","美濃區","120.535","22.900","32"
"170","125941","20220930132000","184","0","高雄市","美濃區","120.565","22.865","163"
"13","125950","20220930132000","13","1","高雄市","美濃區","120.570","22.870","10"
"42","125951","20220930132000","34","2","高雄市","美濃區","120.575","22.870","49"
"80","125952","20220930132000","79","1","高雄市","美濃區","120.580","22.870","71"
"340","125955","20220930132000","298","1","高雄市","美濃區","120.565","22.875","311"
"204","125966","20220930132000","181","1","高雄市","美濃區","120.545","22.880","308"
"17","125969","20220930132000","15","1","高雄市","美濃區","120.530","22.885","11"
"93","125970","20220930132000","99","0","高雄市","美濃區","120.535","22.885","89"
"324","125981","20220930132000","357","0","高雄市","美濃區","120.515","22.875","299"
"177","125989","20220930132000","126","2","高雄市","旗山區","120.505","22.890","163"
"554","125997","20220930132000","402","2","高雄市","美濃區","120.520","22.895","515"
"210","126001","20220930132000","212","0","高雄市","美濃區","120.520","22.900","221"
"401","126010","20220930132000","375","1","高雄市","美濃區","120.560","22.915","425"
"183","126024","20220930132000","144","2","高雄市","美濃區","120.580","22.925","162"
"292","126043","20220930132000","240","2","高雄市","美濃區","120.550","22.865","278"
"308","126059","20220930132000","282","1","高雄市","美濃區","120.575","22.880","309"
"78","126076","20220930132000","89","0","高雄市","美濃區","120.570","22.895","96"
"921","126092","20220930132000","1145","0","高雄市","旗山區","120.480","22.885","937"
"251","126096","20220930132000","408","0","高雄市","路竹區","120.265","22.870","221"
"439","126107","20220930132000","451","0","高雄市","路竹區","120.270","22.865","432"
"230","126119","20220930132000","199","1","高雄市","旗山區","120.490","22.920","222"
"240","126120","20220930132000","317","0","高雄市","旗山區","120.495","22.920","224"
"305","126140","20220930132000","185","3","高雄市","路竹區","120.280","22.850","297"
"61","126141","20220930132000","456","0","高雄市","路竹區","120.270","22.855","65"
"1288","126142","20220930132000","1214","1","高雄市","路竹區","120.265","22.860","1261"
"187","126160","20220930132000","143","2","臺東縣","卑南鄉","121.105","22.850","211"
"113","126219","20220930132000","333","0","高雄市","茄萣區","120.185","22.890","110"
"469","126227","20220930132000","436","1","高雄市","湖內區","120.235","22.895","473"
"180","126236","20220930132000","103","3","高雄市","湖內區","120.225","22.880","202"
"401","126244","20220930132000","386","1","高雄市","湖內區","120.225","22.895","397"
"349","126247","20220930132000","244","2","高雄市","湖內區","120.240","22.870","361"
"186","126249","20220930132000","107","3","高雄市","湖內區","120.235","22.875","147"
"179","126256","20220930132000","138","2","高雄市","湖內區","120.240","22.885","189"
"605","126258","20220930132000","603","1","高雄市","湖內區","120.250","22.875","614"
"202","126273","20220930132000","168","2","高雄市","美濃區","120.545","22.895","238"
"220","126301","20220930132000","205","1","臺東縣","鹿野鄉","121.085","22.900","248"
"192","126303","20220930132000","260","0","臺東縣","延平鄉","121.075","22.905","207"
"25","126313","20220930132000","49","0","臺東縣","延平鄉","121.090","22.915","16"
"63","126423","20220930132000","31","3","臺東縣","延平鄉","121.100","22.910","68"
"107","127499","20220930132000","207","0","臺東縣","延平鄉","121.150","22.900","109"
"28","127566","20220930132000","57","0","臺東縣","鹿野鄉","121.120","22.920","33"
"25","127570","20220930132000","25","1","臺東縣","鹿野鄉","121.125","22.925","27"
"294","127581","20220930132000","146","3","臺東縣","鹿野鄉","121.120","22.930","238"
"132","127584","20220930132000","110","2","臺東縣","鹿野鄉","121.135","22.930","135"
"71","127600","20220930132000","58","2","臺東縣","鹿野鄉","121.135","22.945","89"
"116","127605","20220930132000","131","0","高雄市","田寮區","120.395","22.850","136"
"63","127613","20220930132000","48","2","高雄市","田寮區","120.380","22.875","44"
"299","127617","20220930132000","383","0","高雄市","田寮區","120.385","22.880","244"
"138","127622","20220930132000","120","1","高雄市","田寮區","120.390","22.885","116"
"129","127652","20220930132000","119","1","高雄市","田寮區","120.360","22.880","113"
"191","127664","20220930132000","121","3","高雄市","田寮區","120.370","22.890","169"
"44","127666","20220930132000","119","0","高雄市","田寮區","120.360","22.895","41"
"25","127698","20220930132000","57","0","高雄市","田寮區","120.425","22.885","25"
"304","127704","20220930132000","273","1","高雄市","茄萣區","120.180","22.900","318"
"86","127705","20220930132000","394","0","高雄市","茄萣區","120.185","22.900","86"
"160","127717","20220930132000","169","0","臺東縣","鹿野鄉","121.100","22.895","164"
"250","127724","20220930132000","72","3","臺東縣","鹿野鄉","121.135","22.895","185"
"320","127733","20220930132000","325","0","臺東縣","鹿野鄉","121.135","22.910","330"
"78","127737","20220930132000","131","0","臺東縣","鹿野鄉","121.135","22.920","84"
"218","127754","20220930132000","247","0","臺東縣","鹿野鄉","121.120","22.905","199"
"910","127765","20220930132000","1002","0","臺南市","仁德區","120.220","22.910","905"
"77","127770","20220930132000","181","0","高雄市","湖內區","120.215","22.905","76"
"73","127835","20220930132000","74","0","臺東縣","東河鄉","121.235","22.940","64"
"162","127852","20220930132000","184","0","臺東縣","東河鄉","121.250","22.895","170"
"112","127889","20220930132000","80","2","臺東縣","東河鄉","121.255","22.915","115"
"62","127890","20220930132000","22","3","臺東縣","東河鄉","121.260","22.915","63"
"347","127933","20220930132000","225","3","臺東縣","東河鄉","121.190","22.860","255"
"54","127935","20220930132000","54","1","臺東縣","東河鄉","121.200","22.860","61"
"582","127958","20220930132000","872","0","臺東縣","東河鄉","121.225","22.870","593"
"212","127984","20220930132000","16","3","臺東縣","東河鄉","121.225","22.880","238"
"182","127998","20220930132000","158","1","臺東縣","東河鄉","121.235","22.880","269"
"56","128028","20220930132000","61","0","臺東縣","東河鄉","121.245","22.890","60"
"39","128038","20220930132000","48","0","臺東縣","東河鄉","121.235","22.895","25"
"159","128060","20220930132000","268","0","高雄市","阿蓮區","120.345","22.860","162"
"91","128066","20220930132000","506","0","高雄市","阿蓮區","120.320","22.850","95"
"132","128071","20220930132000","95","2","高雄市","阿蓮區","120.320","22.855","131"
"258","128073","20220930132000","182","2","高雄市","阿蓮區","120.330","22.855","279"
"1210","128075","20220930132000","924","2","高雄市","阿蓮區","120.325","22.875","1168"
"1168","128076","20220930132000","937","2","高雄市","阿蓮區","120.325","22.880","1179"
"25","128078","20220930132000","273","0","高雄市","路竹區","120.305","22.860","26"
"246","128090","20220930132000","217","1","高雄市","阿蓮區","120.310","22.870","251"
"140","128091","20220930132000","112","2","高雄市","阿蓮區","120.315","22.870","141"
"106","128097","20220930132000","66","3","高雄市","阿蓮區","120.315","22.880","93"
"67","128418","20220930132000","110","0","高雄市","茂林區","120.715","22.910","55"
"113","128722","20220930132000","114","0","高雄市","茂林區","120.665","22.885","121"
"79","128723","20220930132000","56","2","高雄市","茂林區","120.670","22.885","88"
"20","128748","20220930132000","205","0","高雄市","旗山區","120.480","22.890","34"
"27","128751","20220930132000","14","3","高雄市","旗山區","120.475","22.850","40"
"570","128754","20220930132000","502","1","高雄市","路竹區","120.300","22.880","571"
"223","128758","20220930132000","153","2","高雄市","阿蓮區","120.305","22.890","249"
"24","128759","20220930132000","200","0","高雄市","阿蓮區","120.310","22.890","19"
"275","128764","20220930132000","225","2","高雄市","阿蓮區","120.330","22.880","281"
"1073","128765","20220930132000","624","3","高雄市","阿蓮區","120.335","22.880","951"
"180","128766","20220930132000","170","1","高雄市","阿蓮區","120.340","22.880","165"
"230","128769","20220930132000","163","2","高雄市","阿蓮區","120.330","22.885","235"
"193","128776","20220930132000","159","2","高雄市","阿蓮區","120.320","22.890","201"
"226","128782","20220930132000","139","3","高雄市","阿蓮區","120.335","22.870","246"
"447","128789","20220930132000","339","2","高雄市","田寮區","120.355","22.870","405"
"548","128797","20220930132000","373","2","高雄市","茄萣區","120.185","22.905","546"
"301","128798","20220930132000","144","3","高雄市","茄萣區","120.190","22.905","285"
"179","128803","20220930132000","241","0","高雄市","茄萣區","120.195","22.855","145"
"116","128807","20220930132000","198","0","高雄市","茄萣區","120.195","22.860","152"
"260","128823","20220930132000","272","0","高雄市","茄萣區","120.190","22.870","280"
"343","128824","20220930132000","288","1","高雄市","茄萣區","120.195","22.870","303"
"368","128825","20220930132000","370","0","高雄市","茄萣區","120.200","22.870","344"
"23","128829","20220930132000","15","3","高雄市","茄萣區","120.190","22.875","29"
"463","128830","20220930132000","317","2","高雄市","茄萣區","120.195","22.875","475"
"497","128833","20220930132000","405","2","高雄市","茄萣區","120.210","22.875","516"
"201","128847","20220930132000","232","0","高雄市","茄萣區","120.190","22.910","191"
"504","128850","20220930132000","583","0","高雄市","茄萣區","120.185","22.910","487"
"281","128866","20220930132000","248","1","高雄市","旗山區","120.475","22.870","283"
"68","128884","20220930132000","86","0","高雄市","旗山區","120.455","22.880","71"
"88","128886","20220930132000","142","0","高雄市","旗山區","120.465","22.880","99"
"14","128887","20220930132000","16","0","高雄市","旗山區","120.470","22.880","15"
"640","128898","20220930132000","558","1","高雄市","旗山區","120.470","22.855","684"
"265","128911","20220930132000","258","1","高雄市","旗山區","120.500","22.925","476"
"225","128916","20220930132000","189","1","高雄市","旗山區","120.500","22.930","213"
"185","128946","20220930132000","143","2","高雄市","杉林區","120.525","22.930","170"
"744","134975","20220930132000","453","3","臺南市","安南區","120.210","23.035","847"
"479","134976","20220930132000","377","2","臺南市","安南區","120.210","23.040","474"
"1541","134977","20220930132000","1238","2","臺南市","安南區","120.215","23.040","1543"
"752","134978","20220930132000","785","0","臺南市","安南區","120.215","23.030","748"
"432","134979","20220930132000","377","1","臺南市","安南區","120.215","23.035","372"
"412","134985","20220930132000","349","1","臺南市","安南區","120.195","23.025","380"
"490","134991","20220930132000","420","1","臺南市","關廟區","120.300","22.995","484"
"235","134995","20220930132000","37","3","臺南市","關廟區","120.320","22.995","206"
"473","135015","20220930132000","235","3","臺南市","關廟區","120.305","23.010","469"
"608","135022","20220930132000","703","0","臺南市","關廟區","120.325","22.965","656"
"259","135056","20220930132000","153","3","臺南市","關廟區","120.330","22.965","259"
"798","135061","20220930132000","3242","0","臺南市","中西區","120.210","22.985","753"
"1454","135063","20220930132000","1179","2","臺南市","東區","120.230","22.980","1507"
"563","135064","20220930132000","311","3","臺南市","安南區","120.125","23.040","571"
"816","135074","20220930132000","672","2","臺南市","南區","120.175","22.965","820"
"14","135075","20220930132000","14","1","臺南市","南區","120.180","22.965","18"
"1030","135079","20220930132000","1404","0","臺南市","南區","120.185","22.970","1081"
"943","135080","20220930132000","1213","0","臺南市","南區","120.175","22.975","1084"
"397","135081","20220930132000","622","0","臺南市","南區","120.180","22.975","506"
"1161","135083","20220930132000","960","2","臺南市","南區","120.185","22.980","1426"
"1319","135084","20220930132000","878","3","臺南市","北區","120.210","23.020","1375"
"157","135085","20220930132000","1889","0","臺南市","南區","120.200","22.980","1564"
"13","135086","20220930132000","70","0","臺南市","南區","120.205","22.970","14"
"209","135087","20220930132000","182","1","臺南市","南區","120.195","22.970","224"
"651","135088","20220930132000","820","0","臺南市","南區","120.190","22.960","619"
"33","135461","20220930132000","28","1","臺東縣","海端鄉","121.130","23.000","24"
"333","135797","20220930132000","163","3","臺東縣","關山鎮","121.145","23.020","216"
"1378","135951","20220930132000","1389","0","臺南市","永康區","120.230","23.010","1286"
"5632","135952","20220930132000","4898","1","臺南市","永康區","120.225","23.020","5395"
"1498","135953","20220930132000","1081","2","臺南市","永康區","120.220","23.025","1498"
"1010","135954","20220930132000","1032","0","臺南市","永康區","120.225","23.025","1041"
"1123","135956","20220930132000","1178","0","臺南市","永康區","120.235","23.025","1134"
"864","135957","20220930132000","739","1","臺南市","永康區","120.225","23.030","834"
"550","135958","20220930132000","305","3","臺南市","永康區","120.230","23.030","517"
"80","135959","20220930132000","1364","0","臺南市","永康區","120.255","22.995","143"
"731","135960","20220930132000","1065","0","臺南市","永康區","120.255","23.000","809"
"242","135963","20220930132000","351","0","臺南市","永康區","120.260","23.005","270"
"1062","135966","20220930132000","901","1","臺南市","安南區","120.205","23.030","1103"
"543","135967","20220930132000","513","1","臺南市","安南區","120.210","23.030","558"
"674","135969","20220930132000","592","1","臺南市","安南區","120.220","23.040","664"
"1750","135971","20220930132000","1467","1","臺南市","中西區","120.190","23.005","1485"
"133","135972","20220930132000","396","0","臺南市","永康區","120.250","23.005","139"
"565","135980","20220930132000","444","2","臺南市","南區","120.195","22.980","531"
"991","135981","20220930132000","831","1","臺南市","南區","120.190","22.970","1001"
"715","135982","20220930132000","1436","0","臺南市","中西區","120.190","23.000","676"
"2206","135983","20220930132000","1259","3","臺南市","中西區","120.195","23.000","2057"
"2094","135984","20220930132000","1577","2","臺南市","中西區","120.175","23.005","1937"
"191","135985","20220930132000","170","1","臺南市","中西區","120.180","23.000","180"
"549","135986","20220930132000","507","1","臺南市","安南區","120.165","23.005","539"
"588","135990","20220930132000","624","0","臺南市","永康區","120.260","23.030","640"
"1081","135991","20220930132000","1211","0","臺南市","永康區","120.260","23.035","1206"
"320","135992","20220930132000","213","3","臺南市","永康區","120.255","23.040","343"
"2492","135993","20220930132000","2492","1","臺南市","永康區","120.230","23.015","2535"
"839","135994","20220930132000","956","0","臺南市","永康區","120.230","23.020","941"
"465","135995","20220930132000","264","3","臺南市","安南區","120.205","23.035","445"
"789","135997","20220930132000","753","1","臺南市","永康區","120.220","23.020","739"
"1231","135998","20220930132000","976","2","臺南市","北區","120.195","23.010","1127"
"1442","136000","20220930132000","1447","0","臺南市","北區","120.195","23.015","1403"
"597","136001","20220930132000","586","1","臺南市","北區","120.200","23.015","553"
"423","136002","20220930132000","373","1","臺南市","北區","120.195","23.005","448"
"1129","136005","20220930132000","962","1","臺南市","南區","120.190","22.985","1219"
"55","136006","20220930132000","133","0","臺南市","南區","120.210","22.975","52"
"555","136008","20220930132000","335","3","臺南市","北區","120.185","23.010","529"
"588","136009","20220930132000","658","0","臺南市","北區","120.190","23.010","612"
"1829","136013","20220930132000","1902","0","臺南市","中西區","120.195","22.990","1929"
"1210","136014","20220930132000","1050","1","臺南市","仁德區","120.255","22.975","1260"
"210","136018","20220930132000","297","0","臺南市","仁德區","120.255","22.980","234"
"530","136020","20220930132000","303","3","臺南市","北區","120.200","23.010","552"
"260","136021","20220930132000","548","0","臺南市","北區","120.200","23.020","254"
"1176","136022","20220930132000","772","3","臺南市","北區","120.205","23.015","1106"
"1909","136023","20220930132000","1121","3","臺南市","北區","120.210","23.015","1926"
"177","136025","20220930132000","147","2","臺南市","北區","120.205","23.020","170"
"606","136030","20220930132000","571","1","臺南市","永康區","120.275","23.030","651"
"1183","136034","20220930132000","947","2","臺南市","永康區","120.235","23.020","1191"
"139","136035","20220930132000","336","0","臺南市","永康區","120.240","23.020","217"
"373","136036","20220930132000","492","0","臺南市","永康區","120.245","23.020","382"
"117","136037","20220930132000","2131","0","臺南市","永康區","120.250","23.020","300"
"117","136038","20220930132000","122","0","臺南市","永康區","120.240","23.025","122"
"1109","136042","20220930132000","985","1","臺南市","永康區","120.250","23.025","1176"
"665","136043","20220930132000","399","3","臺南市","關廟區","120.330","22.955","607"
"486","136044","20220930132000","290","3","臺南市","關廟區","120.330","22.960","469"
"573","136049","20220930132000","546","1","臺南市","關廟區","120.335","22.960","638"
"410","136054","20220930132000","268","3","臺南市","關廟區","120.345","22.965","380"
"37","136056","20220930132000","29","2","臺南市","關廟區","120.355","22.965","36"
"2223","136059","20220930132000","1376","3","臺南市","北區","120.205","23.005","2208"
"565","136061","20220930132000","762","0","臺南市","南區","120.200","22.970","544"
"963","136062","20220930132000","924","1","臺南市","中西區","120.205","22.990","965"
"2312","136063","20220930132000","3033","0","臺南市","中西區","120.200","22.985","2303"
"830","136064","20220930132000","2367","0","臺南市","中西區","120.200","22.990","873"
"1216","136065","20220930132000","1306","0","臺南市","中西區","120.200","22.995","1204"
"498","136067","20220930132000","428","1","臺南市","永康區","120.270","22.995","518"
"1363","136071","20220930132000","1431","0","臺南市","永康區","120.255","23.030","1511"
"440","136080","20220930132000","335","2","臺南市","關廟區","120.325","22.955","477"
"513","136081","20220930132000","610","0","臺南市","關廟區","120.315","22.960","494"
"939","136083","20220930132000","528","3","臺南市","關廟區","120.325","22.960","962"
"296","136085","20220930132000","287","1","臺南市","東區","120.220","22.990","320"
"2537","136087","20220930132000","2312","1","臺南市","東區","120.225","22.985","2758"
"1001","136088","20220930132000","1112","0","臺南市","東區","120.230","22.990","1013"
"2522","136089","20220930132000","1822","2","臺南市","東區","120.230","22.995","2627"
"869","136090","20220930132000","1050","0","臺南市","東區","120.235","22.995","816"
"1050","136091","20220930132000","700","3","臺南市","北區","120.220","23.000","1083"
"506","136093","20220930132000","353","2","臺南市","中西區","120.180","23.005","492"
"1504","136094","20220930132000","1449","1","臺南市","中西區","120.185","23.005","1524"
"2408","136095","20220930132000","1475","3","臺南市","北區","120.225","23.005","2415"
"284","136096","20220930132000","277","1","臺南市","北區","120.225","23.000","283"
"108","136100","20220930132000","85","2","臺南市","仁德區","120.235","22.950","124"
"142","136101","20220930132000","126","1","臺南市","仁德區","120.235","22.955","151"
"840","136102","20220930132000","824","1","臺南市","仁德區","120.230","22.955","929"
"442","136104","20220930132000","271","3","臺南市","仁德區","120.240","22.955","455"
"1636","136105","20220930132000","1153","2","臺南市","仁德區","120.255","22.955","1660"
"369","136109","20220930132000","343","1","臺南市","仁德區","120.250","22.955","371"
"112","136111","20220930132000","491","0","臺南市","仁德區","120.265","22.955","109"
"1079","136115","20220930132000","724","2","臺南市","北區","120.220","23.010","1039"
"863","136118","20220930132000","2226","0","臺南市","中西區","120.210","22.995","774"
"663","136119","20220930132000","1397","0","臺南市","中西區","120.210","22.990","626"
"1338","136120","20220930132000","2347","0","臺南市","北區","120.205","23.000","1401"
"1981","136122","20220930132000","1465","2","臺南市","東區","120.225","22.965","2187"
"831","136123","20220930132000","700","1","臺南市","東區","120.220","22.970","791"
"1181","136125","20220930132000","1677","0","臺南市","東區","120.225","22.990","1224"
"1012","136126","20220930132000","1431","0","臺南市","東區","120.235","22.990","1141"
"1153","136128","20220930132000","844","2","臺南市","東區","120.245","22.990","1179"
"204","136131","20220930132000","320","0","臺南市","歸仁區","120.275","22.960","229"
"586","136132","20220930132000","304","3","臺南市","歸仁區","120.280","22.960","580"
"55","136145","20220930132000","742","0","臺南市","南區","120.205","22.980","61"
"589","136146","20220930132000","1134","0","臺南市","南區","120.210","22.980","565"
"458","136147","20220930132000","404","1","臺南市","安平區","120.165","22.990","501"
"748","136149","20220930132000","478","3","臺南市","永康區","120.245","23.005","697"
"1320","136151","20220930132000","947","2","臺南市","永康區","120.245","23.010","1336"
"135","136155","20220930132000","74","3","臺南市","關廟區","120.320","22.970","123"
"26","136156","20220930132000","21","2","臺南市","關廟區","120.310","22.975","25"
"198","136163","20220930132000","115","3","臺南市","關廟區","120.310","22.980","191"
"1554","136181","20220930132000","1310","1","臺南市","北區","120.200","23.000","1555"
"94","136182","20220930132000","106","0","臺南市","南區","120.195","22.985","103"
"492","136184","20220930132000","281","3","臺南市","仁德區","120.225","22.960","522"
"242","136185","20220930132000","246","0","臺南市","東區","120.230","22.960","283"
"248","136188","20220930132000","311","0","臺南市","歸仁區","120.275","23.000","307"
"274","136195","20220930132000","208","2","臺南市","歸仁區","120.290","22.995","262"
"1873","136199","20220930132000","1517","2","臺南市","北區","120.210","23.005","1901"
"1674","136200","20220930132000","1079","3","臺南市","東區","120.215","22.995","1773"
"511","136229","20220930132000","408","2","臺南市","安南區","120.195","23.030","516"
"782","136230","20220930132000","773","1","臺南市","安南區","120.195","23.035","804"
"427","136231","20220930132000","379","1","臺南市","南區","120.190","22.965","458"
"17","136248","20220930132000","16","1","臺南市","左鎮區","120.405","22.995","18"
"48","136271","20220930132000","52","0","臺南市","左鎮區","120.420","23.010","41"
"75","136316","20220930132000","118","0","臺南市","左鎮區","120.395","23.010","49"
"37","136343","20220930132000","22","3","臺南市","左鎮區","120.385","23.035","41"
"2813","136422","20220930132000","3141","0","臺南市","東區","120.235","22.985","3071"
"1142","136423","20220930132000","838","2","臺南市","東區","120.215","22.990","1108"
"438","136430","20220930132000","529","0","臺南市","歸仁區","120.285","22.980","444"
"216","136438","20220930132000","164","2","臺南市","歸仁區","120.280","22.990","210"
"373","136444","20220930132000","386","0","臺南市","歸仁區","120.295","22.975","350"
"550","136452","20220930132000","340","3","臺南市","歸仁區","120.285","22.960","540"
"912","136453","20220930132000","416","3","臺南市","歸仁區","120.280","22.965","889"
"579","136455","20220930132000","541","1","臺南市","歸仁區","120.285","22.970","601"
"1041","136458","20220930132000","1017","1","臺南市","歸仁區","120.275","22.970","1011"
"219","136459","20220930132000","234","0","臺南市","歸仁區","120.280","22.970","247"
"497","136460","20220930132000","330","3","臺南市","南區","120.200","22.975","451"
"647","136461","20220930132000","339","3","臺南市","南區","120.195","22.960","610"
"2029","136462","20220930132000","1841","1","臺南市","南區","120.190","22.980","1979"
"358","136475","20220930132000","310","1","臺南市","安南區","120.130","23.015","271"
"273","136483","20220930132000","140","3","臺南市","安南區","120.135","23.020","275"
"637","136490","20220930132000","528","2","臺南市","安南區","120.185","23.025","779"
"376","136495","20220930132000","334","1","臺南市","東區","120.235","22.980","403"
"248","136496","20220930132000","216","1","臺南市","永康區","120.255","23.010","261"
"575","136497","20220930132000","814","0","臺南市","永康區","120.255","23.015","609"
"340","136498","20220930132000","423","0","臺南市","永康區","120.260","23.015","338"
"766","136507","20220930132000","604","2","臺南市","永康區","120.275","23.020","813"
"12","136508","20220930132000","545","0","臺南市","永康區","120.280","23.020","110"
"113","136509","20220930132000","1500","0","臺南市","安平區","120.175","22.995","103"
"558","136512","20220930132000","332","3","臺南市","安南區","120.160","23.005","518"
"1180","136513","20220930132000","823","2","臺南市","安平區","120.190","22.990","1128"
"279","136515","20220930132000","538","0","臺南市","永康區","120.220","23.030","282"
"321","136516","20220930132000","313","1","臺南市","東區","120.245","22.980","362"
"427","136517","20220930132000","602","0","臺南市","仁德區","120.250","22.980","432"
"2694","136518","20220930132000","1805","2","臺南市","東區","120.215","22.980","2617"
"1382","136520","20220930132000","1512","0","臺南市","東區","120.245","22.985","1537"
"917","136521","20220930132000","738","2","臺南市","仁德區","120.250","22.985","1036"
"629","136523","20220930132000","638","0","臺南市","安平區","120.160","22.990","607"
"403","136525","20220930132000","383","1","臺南市","安平區","120.160","22.995","398"
"782","136532","20220930132000","691","1","臺南市","安平區","120.165","22.985","727"
"1095","136533","20220930132000","568","3","臺南市","安平區","120.170","22.985","1041"
"609","136534","20220930132000","611","0","臺南市","安平區","120.175","22.985","718"
"1446","136535","20220930132000","879","3","臺南市","安平區","120.170","22.990","1384"
"1060","136536","20220930132000","1209","0","臺南市","安平區","120.175","22.990","1117"
"351","136539","20220930132000","408","0","臺南市","安平區","120.150","22.995","348"
"332","136541","20220930132000","357","0","臺南市","安平區","120.145","23.000","338"
"144","136542","20220930132000","112","2","臺南市","安平區","120.150","23.000","148"
"266","136543","20220930132000","351","0","臺南市","安平區","120.155","23.000","282"
"329","136544","20220930132000","588","0","臺南市","安平區","120.160","23.000","532"
"636","136545","20220930132000","1244","0","臺南市","東區","120.240","22.980","836"
"635","136546","20220930132000","454","2","臺南市","東區","120.225","22.995","639"
"1054","136547","20220930132000","1095","0","臺南市","東區","120.235","22.965","1102"
"984","136548","20220930132000","1016","0","臺南市","東區","120.220","22.975","1026"
"409","136549","20220930132000","513","0","臺南市","歸仁區","120.300","22.960","467"
"798","136553","20220930132000","616","2","臺南市","歸仁區","120.285","23.005","775"
"180","136560","20220930132000","1385","0","臺南市","南區","120.195","22.975","169"
"262","136561","20220930132000","1548","0","臺南市","永康區","120.240","23.015","240"
"502","136562","20220930132000","482","1","臺南市","永康區","120.245","23.015","552"
"529","136563","20220930132000","609","0","臺南市","永康區","120.250","23.015","558"
"1701","136564","20220930132000","803","3","臺南市","永康區","120.230","23.005","1777"
"1282","136565","20220930132000","2425","0","臺南市","永康區","120.235","23.000","1881"
"1031","136566","20220930132000","1511","0","臺南市","北區","120.230","23.000","1291"
"499","136567","20220930132000","975","0","臺南市","永康區","120.270","23.005","584"
"780","136568","20220930132000","825","0","臺南市","永康區","120.265","23.010","842"
"557","136573","20220930132000","684","0","臺南市","永康區","120.265","23.000","600"
"456","136574","20220930132000","343","2","臺南市","安南區","120.200","23.025","459"
"953","136575","20220930132000","544","3","臺南市","安南區","120.205","23.025","895"
"949","136576","20220930132000","578","3","臺南市","安南區","120.210","23.025","918"
"1780","136577","20220930132000","1547","1","臺南市","北區","120.225","23.010","1748"
"1341","136578","20220930132000","1262","1","臺南市","北區","120.215","23.010","1323"
"988","136579","20220930132000","705","2","臺南市","北區","120.215","23.015","1024"
"228","136580","20220930132000","402","0","臺南市","南化區","120.495","23.030","199"
"10","136581","20220930132000","29","0","臺南市","南化區","120.500","23.030","10"
"91","136584","20220930132000","25","3","臺南市","南化區","120.500","23.035","75"
"43","136586","20220930132000","40","1","臺南市","南化區","120.465","23.040","47"
"59","136602","20220930132000","31","3","臺南市","南化區","120.465","23.010","53"
"838","136671","20220930132000","791","1","臺南市","中西區","120.170","23.000","826"
"1242","136672","20220930132000","1725","0","臺南市","中西區","120.175","23.000","2005"
"414","136674","20220930132000","555","0","臺南市","中西區","120.185","23.000","371"
"1426","136675","20220930132000","1544","0","臺南市","安平區","120.165","22.995","1437"
"455","136676","20220930132000","359","2","臺南市","安平區","120.170","22.995","475"
"2606","136677","20220930132000","2487","1","臺南市","安平區","120.185","22.990","2555"
"281","136678","20220930132000","287","0","臺南市","安平區","120.180","22.995","272"
"1371","136679","20220930132000","1671","0","臺南市","安平區","120.185","22.995","1389"
"1027","136680","20220930132000","760","2","臺南市","安平區","120.180","22.985","1088"
"2052","136681","20220930132000","1465","2","臺南市","安平區","120.180","22.990","2075"
"187","136690","20220930132000","279","0","臺南市","南區","120.215","22.955","228"
"504","136695","20220930132000","321","3","臺南市","南區","120.210","22.965","513"
"976","136696","20220930132000","686","2","臺南市","南區","120.215","22.965","897"
"3807","136697","20220930132000","1994","3","臺南市","南區","120.185","22.965","3813"
"490","136701","20220930132000","460","1","臺南市","南區","120.170","22.955","514"
"211","136709","20220930132000","131","3","臺南市","南區","120.165","22.965","166"
"517","136712","20220930132000","498","1","臺南市","仁德區","120.220","22.955","623"
"339","136717","20220930132000","308","1","臺南市","仁德區","120.255","22.965","355"
"202","136718","20220930132000","274","0","臺南市","仁德區","120.260","22.965","227"
"809","136722","20220930132000","426","3","臺南市","仁德區","120.260","22.970","888"
"1740","136727","20220930132000","1461","1","臺南市","北區","120.220","23.005","1797"
"1343","136728","20220930132000","1384","0","臺南市","北區","120.200","23.005","1423"
"526","136732","20220930132000","534","0","臺南市","仁德區","120.260","22.985","626"
"1106","136738","20220930132000","665","3","臺南市","仁德區","120.260","22.990","1117"
"46","136741","20220930132000","106","0","臺南市","仁德區","120.265","22.995","49"
"516","136752","20220930132000","165","3","臺南市","安南區","120.185","23.035","520"
"610","136755","20220930132000","465","2","臺南市","安南區","120.185","23.040","647"
"4886","136756","20220930132000","3875","2","臺南市","中西區","120.205","22.995","4793"
"327","136758","20220930132000","458","0","臺南市","永康區","120.250","23.000","365"
"324","136763","20220930132000","335","0","臺南市","安南區","120.200","23.040","315"
"935","136764","20220930132000","2418","0","臺南市","安南區","120.190","23.025","900"
"161","136765","20220930132000","193","0","臺南市","安南區","120.140","23.000","134"
"3620","136786","20220930132000","3748","0","臺南市","北區","120.210","23.000","3536"
"1142","136787","20220930132000","821","2","臺南市","中西區","120.195","22.995","1164"
"1659","136788","20220930132000","884","3","臺南市","中西區","120.205","22.985","1639"
"1020","136789","20220930132000","1428","0","臺南市","東區","120.225","22.980","1046"
"5433","136790","20220930132000","3744","2","臺南市","東區","120.220","22.985","5292"
"548","136791","20220930132000","440","2","臺南市","永康區","120.225","23.015","520"
"861","136794","20220930132000","1483","0","臺南市","永康區","120.235","23.010","898"
"1230","136795","20220930132000","733","3","臺南市","永康區","120.245","23.000","1172"
"1547","136799","20220930132000","1735","0","臺南市","新化區","120.300","23.035","1871"
"791","136800","20220930132000","1281","0","臺南市","東區","120.215","22.975","851"
"635","136801","20220930132000","558","1","臺南市","東區","120.230","22.985","680"
"1902","136802","20220930132000","1857","1","臺南市","東區","120.230","22.975","1959"
"365","136804","20220930132000","280","2","臺南市","東區","120.230","22.970","338"
"938","136805","20220930132000","1102","0","臺南市","東區","120.230","22.965","1026"
"503","136806","20220930132000","522","0","臺南市","南區","120.185","22.975","510"
"674","136808","20220930132000","889","0","臺南市","南區","120.210","22.970","706"
"565","136809","20220930132000","606","0","臺南市","東區","120.215","22.970","573"
"441","136812","20220930132000","337","2","臺南市","仁德區","120.245","22.955","441"
"137","136813","20220930132000","138","0","臺南市","仁德區","120.240","22.960","155"
"419","136814","20220930132000","212","3","臺南市","仁德區","120.245","22.960","408"
"188","136816","20220930132000","522","0","臺南市","仁德區","120.255","22.960","217"
"266","136817","20220930132000","314","0","臺南市","仁德區","120.240","22.965","279"
"1048","136821","20220930132000","708","2","臺南市","仁德區","120.245","22.970","967"
"628","136822","20220930132000","1105","0","臺南市","仁德區","120.250","22.970","685"
"923","136823","20220930132000","499","3","臺南市","仁德區","120.240","22.975","853"
"878","136824","20220930132000","1074","0","臺南市","仁德區","120.245","22.975","903"
"384","136825","20220930132000","398","0","臺南市","仁德區","120.250","22.975","388"
"4308","136826","20220930132000","4476","0","臺南市","北區","120.215","23.005","4247"
"49","136851","20220930132000","253","0","高雄市","內門區","120.445","22.975","41"
"10","136927","20220930132000","22","0","臺東縣","池上鄉","121.195","23.040","10"
"179","136939","20220930132000","56","3","高雄市","內門區","120.435","22.955","189"
"63","136953","20220930132000","64","0","高雄市","內門區","120.465","23.000","80"
"135","136958","20220930132000","194","0","高雄市","內門區","120.470","22.960","144"
"79","136970","20220930132000","64","2","高雄市","內門區","120.465","22.975","95"
"49","136996","20220930132000","39","2","高雄市","內門區","120.495","22.955","50"
"95","137008","20220930132000","109","0","高雄市","內門區","120.490","22.970","82"
"83","137020","20220930132000","64","2","高雄市","內門區","120.510","22.980","67"
"248","137023","20220930132000","274","0","高雄市","內門區","120.500","22.985","245"
"35","137048","20220930132000","104","0","高雄市","六龜區","120.660","23.005","29"
"92","137056","20220930132000","146","0","高雄市","六龜區","120.665","23.010","92"
"10","137075","20220930132000","11","0","臺南市","龍崎區","120.370","22.955","10"
"22","137124","20220930132000","21","1","臺南市","龍崎區","120.385","23.005","24"
"133","137130","20220930132000","77","3","臺南市","關廟區","120.370","22.960","141"
"310","137196","20220930132000","667","0","臺南市","安南區","120.190","23.020","298"
"33","137197","20220930132000","40","0","臺南市","南區","120.195","22.965","26"
"600","137202","20220930132000","535","1","臺南市","永康區","120.255","23.005","606"
"216","137251","20220930132000","232","0","高雄市","內門區","120.485","23.015","189"
"36","137259","20220930132000","22","3","高雄市","內門區","120.480","22.965","30"
"115","137275","20220930132000","115","1","高雄市","內門區","120.510","23.015","108"
"164","137311","20220930132000","105","3","高雄市","六龜區","120.650","22.975","124"
"542","137325","20220930132000","796","0","高雄市","六龜區","120.660","22.985","547"
"204","137409","20220930132000","104","3","高雄市","六龜區","120.640","22.990","233"
"150","137466","20220930132000","202","0","高雄市","六龜區","120.660","23.035","150"
"893","137491","20220930132000","875","1","高雄市","六龜區","120.635","22.995","895"
"203","137494","20220930132000","210","0","臺南市","安平區","120.165","23.000","226"
"20","137498","20220930132000","82","0","臺南市","安平區","120.155","22.980","66"
"364","137502","20220930132000","318","1","臺南市","安平區","120.150","22.990","198"
"19","137504","20220930132000","255","0","臺南市","永康區","120.255","23.020","24"
"510","137506","20220930132000","329","3","臺南市","永康區","120.260","23.020","529"
"297","137507","20220930132000","375","0","臺南市","永康區","120.250","23.030","321"
"186","137585","20220930132000","99","3","臺東縣","鹿野鄉","121.140","22.975","174"
"121","137592","20220930132000","119","1","臺東縣","鹿野鄉","121.140","22.985","128"
"99","137600","20220930132000","69","2","臺東縣","鹿野鄉","121.155","22.950","92"
"325","137609","20220930132000","353","0","臺東縣","鹿野鄉","121.155","22.955","295"
"376","137617","20220930132000","465","0","高雄市","旗山區","120.510","22.955","377"
"54","137618","20220930132000","105","0","高雄市","旗山區","120.515","22.955","50"
"291","137627","20220930132000","312","0","高雄市","旗山區","120.515","22.970","288"
"832","137638","20220930132000","2174","0","臺南市","歸仁區","120.290","22.965","1220"
"191","137642","20220930132000","415","0","臺南市","永康區","120.275","23.035","196"
"102","137645","20220930132000","108","0","臺南市","永康區","120.275","23.040","108"
"552","137648","20220930132000","229","3","臺南市","新化區","120.305","23.030","500"
"655","137649","20220930132000","460","2","臺南市","永康區","120.240","23.010","674"
"1137","137650","20220930132000","954","1","臺南市","永康區","120.215","23.020","1073"
"690","137651","20220930132000","356","3","臺南市","北區","120.220","23.015","657"
"161","138047","20220930132000","76","3","臺東縣","成功鎮","121.320","23.005","186"
"83","138061","20220930132000","128","0","臺東縣","成功鎮","121.325","23.020","102"
"204","138079","20220930132000","233","0","臺東縣","成功鎮","121.335","23.030","210"
"542","138095","20220930132000","118","3","臺東縣","關山鎮","121.170","23.040","504"
"147","138110","20220930132000","76","3","臺東縣","關山鎮","121.145","23.005","107"
"122","138197","20220930132000","143","0","臺東縣","關山鎮","121.175","23.015","80"
"56","138230","20220930132000","66","0","臺東縣","關山鎮","121.185","23.025","64"
"98","138241","20220930132000","60","3","臺東縣","鹿野鄉","121.130","22.955","111"
"236","138251","20220930132000","278","0","臺東縣","鹿野鄉","121.120","22.970","204"
"178","138278","20220930132000","123","2","臺東縣","鹿野鄉","121.150","22.980","169"
"562","138325","20220930132000","206","3","臺南市","新化區","120.305","23.020","580"
"411","138337","20220930132000","433","0","臺南市","安南區","120.125","23.035","422"
"172","138363","20220930132000","106","3","臺南市","安南區","120.140","23.030","171"
"1107","138367","20220930132000","861","2","臺南市","安南區","120.160","23.030","1091"
"440","138369","20220930132000","459","0","臺南市","安南區","120.135","23.035","448"
"496","138375","20220930132000","315","3","臺南市","安南區","120.140","23.040","484"
"1046","138376","20220930132000","1197","0","臺南市","安南區","120.145","23.040","1030"
"853","138377","20220930132000","745","1","臺南市","安南區","120.150","23.040","837"
"770","138378","20220930132000","498","3","臺南市","安南區","120.155","23.040","769"
"119","138379","20220930132000","50","3","臺南市","安南區","120.160","23.040","122"
"56","138760","20220930132000","42","2","高雄市","桃源區","120.715","23.035","54"
"1880","138833","20220930132000","1593","1","臺南市","永康區","120.260","23.025","2019"
"624","138838","20220930132000","512","2","臺南市","永康區","120.265","23.035","632"
"48","138840","20220930132000","43","1","臺南市","新化區","120.285","23.035","56"
"191","138842","20220930132000","154","2","臺南市","永康區","120.280","23.040","196"
"62","138851","20220930132000","12","3","臺南市","新化區","120.375","23.010","57"
"31","138856","20220930132000","13","3","臺南市","新化區","120.365","23.010","25"
"16","138868","20220930132000","1036","0","臺南市","新化區","120.305","23.040","281"
"273","138910","20220930132000","39","3","臺南市","新化區","120.330","23.025","230"
"15","138917","20220930132000","2164","0","臺南市","新化區","120.310","23.035","473"
"2176","138922","20220930132000","1479","2","臺南市","東區","120.220","22.980","2182"
"1249","138923","20220930132000","928","2","臺南市","東區","120.235","22.970","1389"
"1572","138926","20220930132000","1722","0","臺南市","永康區","120.230","23.035","1589"
"1512","138928","20220930132000","1221","2","臺南市","永康區","120.235","23.040","1501"
"1341","138932","20220930132000","1159","1","臺南市","永康區","120.240","23.035","1343"
"551","138933","20220930132000","499","1","臺南市","永康區","120.245","23.035","531"
"1305","138935","20220930132000","1115","1","臺南市","永康區","120.240","23.040","1291"
"2762","138936","20220930132000","1483","3","臺南市","永康區","120.245","23.040","2616"
"180","138937","20220930132000","207","0","臺南市","永康區","120.250","23.040","190"
"168","138962","20220930132000","136","2","臺東縣","東河鄉","121.280","23.020","168"
"17","138995","20220930132000","13","2","臺東縣","東河鄉","121.290","23.040","21"
"92","139039","20220930132000","17","3","臺東縣","東河鄉","121.280","22.955","69"
"42","139073","20220930132000","29","2","臺東縣","東河鄉","121.300","22.985","70"
"38","139131","20220930132000","25","3","臺東縣","東河鄉","121.260","22.980","44"
"28","139146","20220930132000","31","0","臺東縣","東河鄉","121.265","22.985","36"
"194","139164","20220930132000","101","3","臺東縣","東河鄉","121.280","22.990","213"
"224","139299","20220930132000","86","3","臺南市","新化區","120.330","23.015","173"
"95","139336","20220930132000","40","3","臺南市","新化區","120.340","23.035","127"
"14","139343","20220930132000","54","0","臺南市","新化區","120.375","23.035","14"
"3479","139358","20220930132000","2036","3","臺南市","東區","120.220","22.995","3132"
"517","139360","20220930132000","972","0","臺南市","東區","120.215","23.000","562"
"504","139362","20220930132000","400","2","臺南市","東區","120.235","22.960","601"
"354","139635","20220930132000","376","0","高雄市","杉林區","120.540","22.970","373"
"167","139644","20220930132000","134","2","高雄市","杉林區","120.550","22.975","162"
"128","139672","20220930132000","81","3","高雄市","杉林區","120.565","22.985","136"
"11","139688","20220930132000","13","0","高雄市","杉林區","120.575","23.000","14"
"473","139718","20220930132000","377","2","高雄市","杉林區","120.540","22.965","467"
"48","139735","20220930132000","52","0","高雄市","杉林區","120.550","23.020","47"
"19","139762","20220930132000","13","2","高雄市","杉林區","120.535","23.035","14"
"45","139796","20220930132000","86","0","高雄市","杉林區","120.550","23.000","57"
"136","139852","20220930132000","200","0","高雄市","杉林區","120.585","22.995","142"
"144","139897","20220930132000","192","0","高雄市","杉林區","120.565","23.015","131"
"70","139960","20220930132000","50","2","高雄市","杉林區","120.550","23.040","67"
"270","144971","20220930132000","276","0","臺南市","新市區","120.330","23.105","283"
"889","144989","20220930132000","1176","0","臺南市","善化區","120.305","23.115","843"
"313","144992","20220930132000","512","0","臺南市","善化區","120.320","23.115","324"
"299","144998","20220930132000","218","2","臺南市","善化區","120.310","23.125","295"
"1387","144999","20220930132000","1083","2","臺南市","善化區","120.315","23.125","1387"
"2075","145002","20220930132000","961","3","臺南市","新市區","120.300","23.105","2127"
"2189","145007","20220930132000","1986","1","臺南市","善化區","120.295","23.115","2172"
"636","145022","20220930132000","511","2","臺南市","安定區","120.235","23.110","657"
"785","145031","20220930132000","818","0","臺南市","安定區","120.255","23.115","723"
"75","145032","20220930132000","201","0","臺南市","安定區","120.235","23.120","69"
"809","145050","20220930132000","691","1","臺南市","七股區","120.160","23.115","721"
"224","145054","20220930132000","153","2","臺南市","安南區","120.135","23.045","201"
"303","145055","20220930132000","432","0","臺南市","安南區","120.155","23.045","505"
"259","145067","20220930132000","1614","0","臺南市","安南區","120.195","23.045","265"
"27","145103","20220930132000","38","0","臺東縣","池上鄉","121.220","23.100","26"
"82","145114","20220930132000","41","3","臺東縣","池上鄉","121.225","23.105","59"
"49","145631","20220930132000","46","1","臺東縣","海端鄉","121.145","23.045","57"
"313","145817","20220930132000","446","0","臺東縣","海端鄉","121.175","23.095","316"
"429","146199","20220930132000","411","1","臺南市","西港區","120.205","23.115","434"
"1838","146201","20220930132000","1346","2","臺南市","西港區","120.200","23.120","1785"
"204","146215","20220930132000","654","0","臺南市","西港區","120.180","23.115","185"
"26","146227","20220930132000","393","0","臺南市","安南區","120.215","23.045","18"
"1010","146231","20220930132000","429","3","臺南市","安南區","120.215","23.050","941"
"1290","146234","20220930132000","1199","1","臺南市","安南區","120.220","23.045","1324"
"635","146235","20220930132000","860","0","臺南市","安南區","120.225","23.045","647"
"210","146238","20220930132000","658","0","臺南市","安南區","120.235","23.050","187"
"160","146239","20220930132000","135","1","臺南市","永康區","120.240","23.050","145"
"251","146241","20220930132000","222","1","臺南市","安南區","120.235","23.055","271"
"1037","146244","20220930132000","618","3","臺南市","安南區","120.230","23.060","932"
"77","146245","20220930132000","66","1","臺南市","安南區","120.235","23.060","77"
"551","146251","20220930132000","486","1","臺南市","西港區","120.210","23.115","550"
"84","146265","20220930132000","91","0","臺南市","大內區","120.390","23.110","91"
"286","146341","20220930132000","231","2","臺南市","安南區","120.110","23.080","315"
"384","146347","20220930132000","810","0","臺南市","安南區","120.205","23.045","372"
"317","146348","20220930132000","361","0","臺南市","安南區","120.210","23.045","318"
"95","146361","20220930132000","87","1","臺南市","大內區","120.395","23.120","94"
"84","146366","20220930132000","53","3","臺南市","大內區","120.420","23.120","86"
"456","146385","20220930132000","312","2","臺南市","安南區","120.220","23.055","488"
"662","146387","20220930132000","731","0","臺南市","安南區","120.215","23.060","701"
"435","146388","20220930132000","419","1","臺南市","安南區","120.220","23.060","411"
"1475","146390","20220930132000","2032","0","臺南市","安南區","120.225","23.065","1469"
"57","146400","20220930132000","53","1","臺南市","七股區","120.160","23.100","56"
"61","146423","20220930132000","66","0","臺南市","七股區","120.100","23.120","47"
"1408","146430","20220930132000","1687","0","臺南市","新市區","120.290","23.070","1359"
"1373","146432","20220930132000","856","3","臺南市","新市區","120.290","23.080","1324"
"2423","146433","20220930132000","2489","0","臺南市","新市區","120.295","23.080","2407"
"611","146444","20220930132000","394","3","臺南市","新市區","120.300","23.060","591"
"467","146450","20220930132000","296","3","臺南市","新市區","120.295","23.065","510"
"1068","146460","20220930132000","782","2","臺南市","新市區","120.295","23.075","1013"
"724","146461","20220930132000","412","3","臺南市","新市區","120.300","23.075","657"
"247","146468","20220930132000","388","0","臺南市","新市區","120.300","23.085","270"
"314","146478","20220930132000","292","1","臺南市","新市區","120.325","23.070","349"
"55","146482","20220930132000","26","3","臺南市","新市區","120.320","23.075","53"
"319","146495","20220930132000","658","0","臺南市","新市區","120.280","23.060","297"
"85","146505","20220930132000","67","2","臺南市","新市區","120.280","23.075","102"
"1227","146506","20220930132000","1619","0","臺南市","新市區","120.285","23.075","1322"
"32","146509","20220930132000","27","1","臺南市","新市區","120.285","23.080","35"
"1132","146513","20220930132000","806","2","臺南市","新市區","120.280","23.090","1132"
"68","146523","20220930132000","50","2","臺南市","新市區","120.260","23.090","62"
"762","146525","20220930132000","637","1","臺南市","新市區","120.270","23.090","771"
"2108","146526","20220930132000","1380","3","臺南市","新市區","120.275","23.090","2088"
"422","146529","20220930132000","321","2","臺南市","新市區","120.255","23.095","404"
"1110","146533","20220930132000","3127","0","臺南市","新市區","120.275","23.095","1003"
"697","146535","20220930132000","568","2","臺南市","新市區","120.250","23.100","701"
"858","146537","20220930132000","903","0","臺南市","新市區","120.260","23.095","881"
"77","146542","20220930132000","148","0","臺南市","新市區","120.285","23.100","82"
"2454","146545","20220930132000","2233","1","臺南市","新市區","120.255","23.100","2471"
"227","146546","20220930132000","238","0","臺南市","善化區","120.260","23.105","229"
"188","146547","20220930132000","126","2","臺南市","新市區","120.265","23.100","166"
"734","146549","20220930132000","354","3","臺南市","新市區","120.275","23.100","727"
"636","146550","20220930132000","1054","0","臺南市","新市區","120.280","23.100","731"
"2188","146552","20220930132000","1848","1","臺南市","新市區","120.265","23.105","2134"
"2013","146554","20220930132000","1859","1","臺南市","新市區","120.275","23.105","1974"
"266","146562","20220930132000","345","0","臺南市","七股區","120.145","23.105","286"
"774","146587","20220930132000","342","3","臺南市","安定區","120.225","23.080","771"
"710","146590","20220930132000","364","3","臺南市","安定區","120.230","23.100","704"
"754","146602","20220930132000","567","2","臺南市","西港區","120.210","23.125","724"
"472","146614","20220930132000","285","3","臺南市","安南區","120.155","23.055","516"
"311","146615","20220930132000","135","3","臺南市","安南區","120.165","23.060","308"
"445","146616","20220930132000","446","0","臺南市","安南區","120.175","23.060","408"
"890","146621","20220930132000","834","1","臺南市","安南區","120.175","23.070","865"
"11","146652","20220930132000","157","0","臺南市","七股區","120.150","23.120","11"
"501","146661","20220930132000","409","2","臺南市","安南區","120.130","23.070","511"
"29","146695","20220930132000","293","0","臺南市","安南區","120.095","23.060","38"
"262","146704","20220930132000","100","3","臺南市","山上區","120.355","23.085","266"
"257","146707","20220930132000","174","2","臺南市","山上區","120.345","23.090","238"
"278","146712","20220930132000","284","0","臺南市","山上區","120.355","23.095","270"
"170","146713","20220930132000","164","1","臺南市","山上區","120.360","23.095","165"
"357","146727","20220930132000","407","0","臺南市","山上區","120.340","23.110","339"
"89","146773","20220930132000","76","1","臺南市","山上區","120.405","23.105","87"
"140","146783","20220930132000","98","2","臺南市","山上區","120.365","23.075","158"
"13","146806","20220930132000","20","0","臺南市","左鎮區","120.380","23.050","22"
"263","146822","20220930132000","167","3","臺南市","左鎮區","120.365","23.065","256"
"90","146848","20220930132000","163","0","臺南市","左鎮區","120.400","23.055","96"
"257","146850","20220930132000","230","1","臺南市","左鎮區","120.410","23.055","243"
"232","146853","20220930132000","249","0","臺南市","左鎮區","120.390","23.060","201"
"131","146890","20220930132000","186","0","臺南市","安南區","120.160","23.065","114"
"377","146891","20220930132000","237","3","臺南市","安南區","120.160","23.070","401"
"330","146892","20220930132000","372","0","臺南市","安南區","120.165","23.070","300"
"192","146896","20220930132000","173","1","臺南市","安南區","120.200","23.075","188"
"78","146931","20220930132000","916","0","臺南市","安南區","120.130","23.060","75"
"102","146932","20220930132000","633","0","臺南市","安南區","120.135","23.060","98"
"34","146947","20220930132000","261","0","臺南市","安南區","120.115","23.055","36"
"648","146954","20220930132000","550","1","臺南市","安南區","120.125","23.060","676"
"670","146957","20220930132000","479","2","臺南市","安南區","120.125","23.065","618"
"880","146965","20220930132000","717","2","臺南市","山上區","120.355","23.105","887"
"203","146969","20220930132000","107","3","臺南市","山上區","120.370","23.080","189"
"71","146971","20220930132000","104","0","臺南市","山上區","120.380","23.080","75"
"1455","146988","20220930132000","1312","1","臺南市","永康區","120.255","23.045","1520"
"213","146992","20220930132000","103","3","臺南市","永康區","120.260","23.050","197"
"111","147017","20220930132000","115","0","臺南市","安南區","120.145","23.075","108"
"619","147019","20220930132000","468","2","臺南市","安南區","120.135","23.080","627"
"100","147031","20220930132000","107","0","臺南市","安定區","120.220","23.105","118"
"456","147043","20220930132000","807","0","臺南市","安定區","120.260","23.110","457"
"308","147044","20220930132000","970","0","臺南市","安定區","120.260","23.115","352"
"1077","147045","20220930132000","1041","1","臺南市","安定區","120.255","23.120","1168"
"11689","147046","20220930132000","7361","3","臺南市","安定區","120.260","23.120","12357"
"143","147073","20220930132000","148","0","臺南市","安南區","120.180","23.045","145"
"1442","147074","20220930132000","1490","0","臺南市","安南區","120.185","23.045","1479"
"470","147075","20220930132000","532","0","臺南市","安南區","120.180","23.050","453"
"924","147079","20220930132000","427","3","臺南市","安南區","120.190","23.055","928"
"80","147083","20220930132000","219","0","臺南市","南化區","120.450","23.050","102"
"342","147121","20220930132000","239","2","臺南市","南化區","120.485","23.080","338"
"223","147153","20220930132000","212","1","臺南市","南化區","120.475","23.065","214"
"385","147170","20220930132000","258","2","臺南市","南化區","120.475","23.045","340"
"98","147181","20220930132000","81","2","臺南市","南化區","120.515","23.045","88"
"85","147248","20220930132000","97","0","臺南市","南化區","120.515","23.075","58"
"42","147252","20220930132000","23","3","臺南市","南化區","120.535","23.075","39"
"165","147257","20220930132000","146","1","臺南市","南化區","120.510","23.080","146"
"46","147271","20220930132000","64","0","臺南市","南化區","120.525","23.085","46"
"303","147381","20220930132000","225","2","臺南市","安南區","120.165","23.050","316"
"93","147382","20220930132000","250","0","臺南市","安南區","120.170","23.050","65"
"111","147391","20220930132000","54","3","臺東縣","池上鄉","121.205","23.100","128"
"145","147393","20220930132000","184","0","臺東縣","池上鄉","121.200","23.105","137"
"93","147398","20220930132000","116","0","臺東縣","池上鄉","121.200","23.110","87"
"231","147404","20220930132000","128","3","臺東縣","池上鄉","121.200","23.115","171"
"253","147422","20220930132000","436","0","臺東縣","池上鄉","121.220","23.115","253"
"138","147425","20220930132000","86","3","臺東縣","池上鄉","121.210","23.120","129"
"438","147426","20220930132000","423","1","臺東縣","池上鄉","121.215","23.120","428"
"97","147427","20220930132000","1219","0","臺東縣","池上鄉","121.220","23.120","98"
"36","147429","20220930132000","480","0","臺南市","安南區","120.120","23.075","26"
"124","147438","20220930132000","925","0","臺南市","安南區","120.205","23.050","110"
"750","147448","20220930132000","869","0","臺南市","安南區","120.195","23.070","741"
"427","147449","20220930132000","297","2","臺南市","安定區","120.200","23.070","421"
"2177","147457","20220930132000","1584","2","臺南市","新市區","120.280","23.105","2275"
"5734","147458","20220930132000","3769","3","臺南市","善化區","120.265","23.110","5725"
"2293","147459","20220930132000","1818","2","臺南市","善化區","120.270","23.110","2358"
"3608","147460","20220930132000","2114","3","臺南市","善化區","120.275","23.110","3498"
"93","147461","20220930132000","51","3","臺南市","善化區","120.280","23.110","82"
"4235","147464","20220930132000","2767","3","臺南市","善化區","120.270","23.115","4095"
"3452","147465","20220930132000","2773","2","臺南市","善化區","120.275","23.115","3534"
"67","147466","20220930132000","58","1","臺南市","善化區","120.280","23.115","57"
"54","147467","20220930132000","101","0","臺南市","善化區","120.285","23.115","57"
"1923","147468","20220930132000","1112","3","臺南市","善化區","120.270","23.120","1879"
"1311","147475","20220930132000","767","3","臺南市","安南區","120.190","23.045","1283"
"690","147479","20220930132000","381","3","臺南市","安定區","120.215","23.075","700"
"617","147503","20220930132000","519","1","臺南市","大內區","120.370","23.115","621"
"239","147511","20220930132000","174","2","臺南市","安定區","120.205","23.080","257"
"150","147522","20220930132000","639","0","臺南市","安定區","120.210","23.090","149"
"78","147528","20220930132000","580","0","臺南市","安定區","120.215","23.095","91"
"759","147531","20220930132000","373","3","臺南市","安定區","120.210","23.095","784"
"1356","147539","20220930132000","305","3","臺南市","新市區","120.290","23.085","1347"
"1583","147540","20220930132000","1074","2","臺南市","新市區","120.285","23.090","1597"
"17","147543","20220930132000","13","2","臺南市","新市區","120.285","23.095","13"
"842","147548","20220930132000","1092","0","臺南市","新市區","120.290","23.100","916"
"422","147550","20220930132000","429","0","臺南市","新市區","120.285","23.105","435"
"14","147563","20220930132000","14","1","臺南市","新市區","120.255","23.070","12"
"95","147570","20220930132000","120","0","臺南市","新市區","120.265","23.075","90"
"136","147571","20220930132000","165","0","臺南市","新市區","120.255","23.080","147"
"147","147576","20220930132000","105","2","臺南市","新市區","120.305","23.090","144"
"237","147587","20220930132000","221","1","臺南市","新市區","120.310","23.100","236"
"412","147594","20220930132000","459","0","臺南市","新市區","120.320","23.085","406"
"638","147598","20220930132000","582","1","臺南市","新市區","120.315","23.090","660"
"38","147613","20220930132000","156","0","臺南市","安南區","120.165","23.045","35"
"414","147619","20220930132000","282","2","臺南市","安南區","120.170","23.045","395"
"240","147620","20220930132000","240","1","臺南市","安南區","120.175","23.045","266"
"554","147621","20220930132000","679","0","臺南市","安南區","120.175","23.050","552"
"82","147622","20220930132000","285","0","臺南市","安南區","120.175","23.055","69"
"133","147627","20220930132000","105","2","臺南市","七股區","120.120","23.095","130"
"113","147686","20220930132000","218","0","臺南市","七股區","120.075","23.125","112"
"63","147743","20220930132000","58","1","臺南市","七股區","120.050","23.080","87"
"139","147812","20220930132000","287","0","臺南市","七股區","120.090","23.095","113"
"778","147816","20220930132000","542","2","臺南市","七股區","120.110","23.095","703"
"51","147889","20220930132000","74","0","臺東縣","池上鄉","121.220","23.080","49"
"201","147906","20220930132000","152","2","臺東縣","池上鄉","121.230","23.120","213"
"223","147984","20220930132000","131","3","高雄市","甲仙區","120.585","23.080","164"
"292","147985","20220930132000","153","3","高雄市","甲仙區","120.590","23.080","352"
"43","147999","20220930132000","43","1","高雄市","甲仙區","120.610","23.110","46"
"18","148032","20220930132000","13","2","高雄市","甲仙區","120.630","23.115","12"
"159","148097","20220930132000","195","0","高雄市","六龜區","120.670","23.065","150"
"163","148126","20220930132000","96","3","高雄市","六龜區","120.675","23.080","172"
"820","148173","20220930132000","634","2","臺南市","安南區","120.205","23.060","793"
"629","148177","20220930132000","445","2","臺南市","安南區","120.220","23.070","607"
"338","148178","20220930132000","220","3","臺南市","安南區","120.225","23.070","300"
"126","148201","20220930132000","116","1","高雄市","六龜區","120.690","23.095","169"
"99","148224","20220930132000","181","0","高雄市","六龜區","120.690","23.105","104"
"118","148238","20220930132000","223","0","高雄市","六龜區","120.700","23.110","129"
"25","148255","20220930132000","15","3","高雄市","桃源區","120.710","23.115","13"
"97","148271","20220930132000","84","1","高雄市","六龜區","120.720","23.115","93"
"78","148275","20220930132000","61","2","高雄市","桃源區","120.745","23.115","77"
"80","148342","20220930132000","93","0","高雄市","六龜區","120.715","23.065","88"
"43","148372","20220930132000","65","0","臺南市","新化區","120.330","23.055","44"
"126","148373","20220930132000","171","0","臺南市","新化區","120.335","23.055","131"
"160","148376","20220930132000","116","2","臺南市","新化區","120.335","23.060","147"
"149","148377","20220930132000","170","0","臺南市","新化區","120.340","23.060","142"
"27","148378","20220930132000","18","3","臺南市","新化區","120.345","23.060","26"
"397","148380","20220930132000","417","0","臺南市","新化區","120.345","23.065","372"
"202","148386","20220930132000","191","1","臺南市","新化區","120.355","23.070","196"
"100","148418","20220930132000","96","1","臺東縣","池上鄉","121.235","23.120","114"
"53","148429","20220930132000","114","0","臺南市","玉井區","120.425","23.070","47"
"98","148453","20220930132000","74","2","臺南市","玉井區","120.430","23.085","105"
"20","148472","20220930132000","11","3","臺南市","玉井區","120.440","23.095","19"
"60","148477","20220930132000","80","0","臺南市","玉井區","120.450","23.090","62"
"145","148526","20220930132000","92","3","臺南市","玉井區","120.480","23.110","136"
"16","148531","20220930132000","12","2","臺南市","玉井區","120.505","23.110","17"
"12","148539","20220930132000","14","0","臺南市","玉井區","120.490","23.115","12"
"1757","148561","20220930132000","1826","0","臺南市","玉井區","120.460","23.120","1663"
"629","148562","20220930132000","650","0","臺南市","玉井區","120.465","23.120","605"
"829","148578","20220930132000","1031","0","臺南市","永康區","120.265","23.045","905"
"246","148582","20220930132000","328","0","臺南市","永康區","120.265","23.050","252"
"510","148583","20220930132000","330","3","臺南市","永康區","120.270","23.050","627"
"62","148584","20220930132000","119","0","臺南市","永康區","120.275","23.050","85"
"46","148590","20220930132000","416","0","臺南市","永康區","120.245","23.050","44"
"472","148594","20220930132000","238","3","臺南市","永康區","120.260","23.055","479"
"484","148600","20220930132000","501","0","臺南市","永康區","120.265","23.055","537"
"59","148632","20220930132000","41","2","臺東縣","成功鎮","121.355","23.120","47"
"548","148641","20220930132000","332","3","臺東縣","成功鎮","121.400","23.120","530"
"25","148643","20220930132000","84","0","臺東縣","成功鎮","121.410","23.120","33"
"43","148653","20220930132000","15","3","臺東縣","成功鎮","121.355","23.105","35"
"70","148690","20220930132000","57","2","臺東縣","成功鎮","121.340","23.045","54"
"18","148696","20220930132000","21","0","臺東縣","成功鎮","121.340","23.050","16"
"233","148718","20220930132000","130","3","臺東縣","成功鎮","121.345","23.065","249"
"235","148763","20220930132000","67","3","臺東縣","成功鎮","121.355","23.090","298"
"17","148769","20220930132000","13","2","臺東縣","成功鎮","121.345","23.095","22"
"1594","148784","20220930132000","636","3","臺東縣","成功鎮","121.380","23.100","1500"
"392","148795","20220930132000","464","0","臺東縣","關山鎮","121.175","23.070","382"
"230","148817","20220930132000","102","3","臺東縣","關山鎮","121.175","23.080","177"
"463","148873","20220930132000","472","0","臺東縣","關山鎮","121.165","23.055","433"
"441","148879","20220930132000","297","2","臺東縣","關山鎮","121.155","23.045","420"
"428","148883","20220930132000","578","0","高雄市","甲仙區","120.590","23.085","420"
"97","148899","20220930132000","71","2","高雄市","甲仙區","120.590","23.100","102"
"77","148910","20220930132000","50","3","高雄市","甲仙區","120.550","23.055","76"
"107","148925","20220930132000","103","1","高雄市","甲仙區","120.570","23.065","110"
"218","148938","20220930132000","145","3","高雄市","甲仙區","120.575","23.070","210"
"89","148960","20220930132000","97","0","高雄市","甲仙區","120.560","23.050","94"
"317","148978","20220930132000","304","1","臺南市","新化區","120.290","23.045","318"
"1154","148988","20220930132000","400","3","臺南市","安南區","120.145","23.045","1173"
"25","148989","20220930132000","20","2","臺南市","安南區","120.150","23.045","27"
"22","149026","20220930132000","37","0","高雄市","桃源區","120.720","23.050","27"
"51","149092","20220930132000","27","3","高雄市","桃源區","120.735","23.060","29"
"42","149159","20220930132000","50","0","高雄市","桃源區","120.755","23.070","29"
"61","149193","20220930132000","89","0","高雄市","桃源區","120.760","23.070","38"
"280","149576","20220930132000","168","3","臺南市","新化區","120.295","23.045","254"
"60","149589","20220930132000","242","0","臺南市","永康區","120.235","23.045","60"
"1842","149590","20220930132000","1584","1","臺南市","永康區","120.240","23.045","2090"
"75","149592","20220930132000","63","1","臺南市","永康區","120.245","23.045","154"
"298","149593","20220930132000","249","1","臺南市","永康區","120.250","23.045","373"
"39","149614","20220930132000","51","0","臺南市","玉井區","120.460","23.100","41"
"23","149636","20220930132000","22","1","臺南市","玉井區","120.490","23.095","34"
"128","149651","20220930132000","145","0","臺南市","玉井區","120.480","23.105","136"
"10","149654","20220930132000","1310","0","臺東縣","成功鎮","121.380","23.105","10"
"84","149658","20220930132000","49","3","臺東縣","東河鄉","121.285","23.045","84"
"78","149682","20220930132000","61","2","臺東縣","東河鄉","121.295","23.055","91"
"18","149761","20220930132000","14","2","臺東縣","東河鄉","121.295","23.080","19"
"44","149865","20220930132000","83","0","臺南市","新化區","120.310","23.045","37"
"449","149866","20220930132000","189","3","臺南市","新化區","120.315","23.045","529"
"82","149873","20220930132000","92","0","臺南市","新化區","120.325","23.055","107"
"29","149908","20220930132000","36","0","高雄市","甲仙區","120.600","23.085","48"
"763","149946","20220930132000","610","2","臺南市","善化區","120.270","23.125","821"
"608","149948","20220930132000","714","0","臺南市","大內區","120.355","23.120","652"
"402","154962","20220930132000","505","0","澎湖縣","七美鄉","119.415","23.195","462"
"1292","154965","20220930132000","653","3","臺南市","善化區","120.325","23.140","1266"
"211","154980","20220930132000","263","0","臺南市","善化區","120.325","23.135","219"
"1816","154984","20220930132000","1601","1","臺南市","善化區","120.300","23.130","1947"
"406","154985","20220930132000","301","2","臺南市","善化區","120.305","23.130","385"
"449","154986","20220930132000","464","0","臺南市","善化區","120.310","23.130","448"
"170","154996","20220930132000","252","0","澎湖縣","七美鄉","119.435","23.200","194"
"25","155085","20220930132000","12","3","臺南市","西港區","120.230","23.135","31"
"437","155098","20220930132000","595","0","臺南市","麻豆區","120.245","23.190","429"
"200","155107","20220930132000","141","2","臺南市","佳里區","120.180","23.145","233"
"432","155111","20220930132000","409","1","臺南市","佳里區","120.175","23.150","406"
"271","155114","20220930132000","824","0","臺南市","佳里區","120.175","23.155","242"
"709","155129","20220930132000","633","1","臺南市","佳里區","120.195","23.190","727"
"96","155501","20220930132000","54","3","臺東縣","海端鄉","121.025","23.185","70"
"44","155650","20220930132000","56","0","臺東縣","海端鄉","121.180","23.130","48"
"51","155658","20220930132000","33","3","臺東縣","海端鄉","121.205","23.150","54"
"98","155664","20220930132000","86","1","臺東縣","海端鄉","121.190","23.155","96"
"64","155779","20220930132000","75","0","臺東縣","海端鄉","121.125","23.130","47"
"96","155786","20220930132000","45","3","臺東縣","海端鄉","121.160","23.130","75"
"138","156049","20220930132000","79","3","臺東縣","海端鄉","121.030","23.165","37"
"64","156052","20220930132000","66","0","臺東縣","海端鄉","121.045","23.165","82"
"24","156083","20220930132000","31","0","臺東縣","海端鄉","121.045","23.170","19"
"128","156227","20220930132000","388","0","臺南市","西港區","120.180","23.130","89"
"488","156233","20220930132000","334","2","臺南市","西港區","120.200","23.130","480"
"441","156281","20220930132000","343","2","臺南市","佳里區","120.180","23.165","383"
"38","156284","20220930132000","138","0","臺南市","佳里區","120.180","23.170","36"
"96","156292","20220930132000","53","3","臺南市","佳里區","120.155","23.170","87"
"564","156302","20220930132000","611","0","臺南市","麻豆區","120.215","23.175","563"
"796","156306","20220930132000","571","2","臺南市","佳里區","120.160","23.160","832"
"1594","156309","20220930132000","1571","1","臺南市","佳里區","120.175","23.160","1579"
"3970","156314","20220930132000","3921","1","臺南市","佳里區","120.175","23.165","3875"
"308","156333","20220930132000","216","2","臺南市","七股區","120.140","23.140","313"
"424","156339","20220930132000","260","3","臺南市","七股區","120.150","23.150","427"
"204","156348","20220930132000","158","2","花蓮縣","富里鄉","121.255","23.180","203"
"397","156361","20220930132000","316","2","花蓮縣","富里鄉","121.275","23.190","331"
"441","156391","20220930132000","530","0","臺南市","西港區","120.220","23.140","443"
"513","156401","20220930132000","581","0","臺南市","麻豆區","120.240","23.155","514"
"91","156402","20220930132000","17","3","臺南市","麻豆區","120.240","23.160","69"
"515","156420","20220930132000","202","3","臺南市","麻豆區","120.270","23.195","526"
"203","156423","20220930132000","66","3","臺南市","麻豆區","120.285","23.195","230"
"200","156446","20220930132000","260","0","臺南市","大內區","120.415","23.150","254"
"28","156474","20220930132000","28","1","臺南市","大內區","120.410","23.165","25"
"405","156721","20220930132000","304","2","臺南市","善化區","120.270","23.145","399"
"20","156730","20220930132000","16","2","臺南市","大內區","120.405","23.130","16"
"20","156736","20220930132000","33","0","臺南市","大內區","120.435","23.130","36"
"70","156743","20220930132000","110","0","臺南市","大內區","120.430","23.135","60"
"88","156744","20220930132000","180","0","臺南市","玉井區","120.435","23.135","104"
"1701","156753","20220930132000","740","3","臺南市","善化區","120.285","23.135","1589"
"36","156765","20220930132000","692","0","臺南市","善化區","120.290","23.135","30"
"874","156781","20220930132000","831","1","臺南市","善化區","120.285","23.150","792"
"812","156792","20220930132000","705","1","臺南市","七股區","120.135","23.140","839"
"187","156851","20220930132000","275","0","臺南市","佳里區","120.155","23.180","199"
"485","156856","20220930132000","321","3","臺南市","佳里區","120.155","23.140","531"
"414","156864","20220930132000","437","0","臺南市","佳里區","120.185","23.145","429"
"158","156865","20220930132000","592","0","臺南市","佳里區","120.180","23.150","137"
"1421","156869","20220930132000","1286","1","臺南市","佳里區","120.180","23.155","1418"
"68","156870","20220930132000","148","0","臺南市","佳里區","120.185","23.155","59"
"630","156873","20220930132000","695","0","臺南市","佳里區","120.155","23.175","631"
"553","156909","20220930132000","309","3","臺南市","麻豆區","120.240","23.190","662"
"10","156924","20220930132000","15","0","臺南市","麻豆區","120.205","23.205","10"
"249","156941","20220930132000","344","0","臺南市","佳里區","120.190","23.190","258"
"802","156942","20220930132000","461","3","臺南市","佳里區","120.185","23.185","777"
"822","156974","20220930132000","849","0","臺南市","七股區","120.090","23.185","813"
"1044","156977","20220930132000","331","3","臺南市","西港區","120.200","23.140","1120"
"1401","157009","20220930132000","1415","0","臺南市","麻豆區","120.240","23.185","1453"
"622","157010","20220930132000","1064","0","臺南市","麻豆區","120.250","23.185","654"
"55","157011","20220930132000","481","0","臺南市","麻豆區","120.255","23.185","50"
"24","157047","20220930132000","39","0","臺南市","六甲區","120.415","23.205","21"
"132","157077","20220930132000","106","2","臺南市","楠西區","120.505","23.140","146"
"470","157130","20220930132000","276","3","臺南市","將軍區","120.160","23.190","467"
"63","157174","20220930132000","461","0","臺南市","官田區","120.315","23.195","72"
"580","157183","20220930132000","378","3","臺南市","安定區","120.245","23.130","588"
"232","157198","20220930132000","229","1","花蓮縣","富里鄉","121.265","23.155","237"
"605","157259","20220930132000","675","0","臺南市","官田區","120.325","23.200","577"
"295","157263","20220930132000","270","1","臺南市","官田區","120.320","23.205","290"
"245","157265","20220930132000","174","2","臺南市","官田區","120.330","23.205","361"
"219","157334","20220930132000","135","3","臺南市","官田區","120.370","23.195","271"
"156","157335","20220930132000","104","3","臺南市","官田區","120.375","23.195","134"
"265","157382","20220930132000","96","3","臺南市","官田區","120.320","23.170","265"
"212","157394","20220930132000","153","2","臺南市","官田區","120.310","23.175","205"
"82","157422","20220930132000","41","3","臺南市","官田區","120.330","23.165","91"
"709","157478","20220930132000","639","1","臺南市","官田區","120.315","23.190","770"
"41","157597","20220930132000","42","0","臺南市","南化區","120.595","23.165","42"
"85","157624","20220930132000","68","2","臺南市","南化區","120.600","23.175","83"
"75","157646","20220930132000","89","0","臺南市","南化區","120.570","23.185","56"
"17","157724","20220930132000","13","2","臺南市","南化區","120.625","23.205","17"
"1851","157737","20220930132000","2075","0","臺南市","麻豆區","120.245","23.180","1789"
"123","157740","20220930132000","122","1","臺南市","麻豆區","120.240","23.195","153"
"653","157752","20220930132000","505","2","臺南市","麻豆區","120.260","23.185","741"
"432","157756","20220930132000","489","0","臺南市","麻豆區","120.265","23.190","409"
"257","157759","20220930132000","193","2","臺南市","麻豆區","120.255","23.190","240"
"40","157773","20220930132000","36","1","臺東縣","池上鄉","121.210","23.125","52"
"79","157789","20220930132000","87","0","臺東縣","池上鄉","121.200","23.140","100"
"316","157818","20220930132000","254","2","花蓮縣","卓溪鄉","121.225","23.160","314"
"117","157895","20220930132000","108","1","花蓮縣","富里鄉","121.250","23.200","137"
"192","157913","20220930132000","641","0","臺南市","善化區","120.295","23.135","208"
"43","157915","20220930132000","79","0","臺南市","善化區","120.305","23.135","57"
"653","157919","20220930132000","456","2","臺南市","善化區","120.305","23.140","672"
"492","157924","20220930132000","306","3","臺南市","善化區","120.290","23.145","469"
"11","157933","20220930132000","12","0","臺南市","善化區","120.285","23.160","13"
"22","157961","20220930132000","374","0","臺南市","善化區","120.285","23.130","18"
"153","157991","20220930132000","150","1","花蓮縣","富里鄉","121.235","23.135","162"
"57","157998","20220930132000","60","0","花蓮縣","富里鄉","121.240","23.140","58"
"313","158028","20220930132000","234","2","花蓮縣","富里鄉","121.250","23.170","288"
"464","158030","20220930132000","390","1","花蓮縣","富里鄉","121.250","23.175","470"
"135","158032","20220930132000","74","3","花蓮縣","富里鄉","121.250","23.180","98"
"966","158045","20220930132000","590","3","臺南市","將軍區","120.140","23.205","912"
"1246","158058","20220930132000","1293","0","臺南市","將軍區","120.160","23.200","1240"
"236","158065","20220930132000","401","0","臺南市","七股區","120.135","23.130","236"
"486","158072","20220930132000","513","0","臺南市","七股區","120.110","23.145","511"
"25","158092","20220930132000","38","0","臺南市","七股區","120.130","23.185","28"
"36","158097","20220930132000","22","3","臺南市","七股區","120.145","23.180","45"
"400","158106","20220930132000","290","2","臺南市","佳里區","120.190","23.165","420"
"84","158107","20220930132000","610","0","臺南市","佳里區","120.195","23.165","47"
"641","158122","20220930132000","690","0","臺南市","佳里區","120.180","23.180","648"
"373","158126","20220930132000","404","0","臺南市","佳里區","120.175","23.185","383"
"49","158128","20220930132000","35","2","臺東縣","池上鄉","121.185","23.130","51"
"180","158181","20220930132000","208","0","臺南市","麻豆區","120.265","23.180","158"
"790","158192","20220930132000","686","1","臺南市","麻豆區","120.245","23.185","844"
"29","158363","20220930132000","26","1","高雄市","桃源區","120.790","23.185","22"
"82","158397","20220930132000","116","0","臺東縣","池上鄉","121.235","23.130","101"
"479","158398","20220930132000","427","1","臺南市","玉井區","120.470","23.130","496"
"44","158400","20220930132000","233","0","臺南市","玉井區","120.480","23.130","37"
"200","158410","20220930132000","268","0","臺南市","玉井區","120.440","23.135","329"
"123","158457","20220930132000","96","2","臺南市","楠西區","120.490","23.190","135"
"161","158502","20220930132000","91","3","臺南市","楠西區","120.515","23.200","63"
"32","158508","20220930132000","32","1","臺南市","楠西區","120.545","23.205","31"
"760","158533","20220930132000","537","2","臺南市","楠西區","120.485","23.175","777"
"571","158546","20220930132000","372","3","臺南市","楠西區","120.485","23.170","573"
"50","158547","20220930132000","331","0","臺南市","楠西區","120.480","23.175","44"
"45","158550","20220930132000","260","0","臺南市","楠西區","120.480","23.185","60"
"35","158572","20220930132000","41","0","臺南市","楠西區","120.505","23.160","43"
"82","158634","20220930132000","110","0","臺南市","楠西區","120.560","23.180","72"
"19","158638","20220930132000","66","0","臺南市","楠西區","120.525","23.185","20"
"112","158670","20220930132000","82","2","臺南市","楠西區","120.465","23.190","112"
"74","158687","20220930132000","236","0","臺南市","楠西區","120.490","23.200","117"
"142","158905","20220930132000","90","3","臺東縣","成功鎮","121.400","23.170","144"
"89","158933","20220930132000","135","0","臺東縣","成功鎮","121.395","23.180","82"
"133","159028","20220930132000","141","0","高雄市","甲仙區","120.635","23.150","120"
"35","159158","20220930132000","46","0","高雄市","三民區","120.660","23.200","29"
"28","159274","20220930132000","26","1","高雄市","桃源區","120.800","23.210","24"
"34","159434","20220930132000","24","2","高雄市","桃源區","120.755","23.145","28"
"208","159527","20220930132000","174","1","高雄市","桃源區","120.765","23.160","204"
"75","159574","20220930132000","75","1","高雄市","桃源區","120.770","23.165","76"
"11","159705","20220930132000","12","0","高雄市","桃源區","120.730","23.135","11"
"60","159707","20220930132000","29","3","高雄市","桃源區","120.740","23.135","52"
"158","159838","20220930132000","147","1","臺南市","官田區","120.350","23.150","173"
"314","159846","20220930132000","225","2","臺南市","大內區","120.365","23.155","195"
"350","159859","20220930132000","383","0","臺南市","大內區","120.380","23.145","355"
"85","159883","20220930132000","53","3","臺南市","大內區","120.370","23.160","58"
"332","159912","20220930132000","244","2","臺南市","麻豆區","120.225","23.175","331"
"504","159913","20220930132000","677","0","臺南市","麻豆區","120.220","23.180","480"
"488","159928","20220930132000","509","0","臺南市","麻豆區","120.255","23.180","521"
"28","159936","20220930132000","281","0","臺南市","善化區","120.315","23.145","16"
"473","159943","20220930132000","380","2","臺南市","善化區","120.300","23.150","482"
"14","159947","20220930132000","293","0","臺南市","善化區","120.265","23.130","15"
"367","159950","20220930132000","155","3","臺南市","善化區","120.260","23.135","409"
"190","161053","20220930132000","243","0","澎湖縣","七美鄉","119.430","23.215","260"
"127","162017","20220930132000","65","3","臺東縣","長濱鄉","121.415","23.235","114"
"46","163557","20220930132000","158","0","澎湖縣","望安鄉","119.515","23.255","53"
"308","164970","20220930132000","354","0","澎湖縣","七美鄉","119.425","23.205","279"
"66","164978","20220930132000","247","0","澎湖縣","望安鄉","119.670","23.245","46"
"548","165017","20220930132000","521","1","臺南市","學甲區","120.195","23.215","534"
"461","165030","20220930132000","468","0","臺南市","學甲區","120.195","23.230","466"
"256","165342","20220930132000","157","3","臺東縣","海端鄉","120.985","23.250","79"
"30","165457","20220930132000","85","0","臺東縣","海端鄉","120.990","23.270","10"
"1461","165635","20220930132000","1523","0","臺南市","下營區","120.265","23.240","1445"
"671","165652","20220930132000","644","1","臺南市","下營區","120.270","23.245","680"
"340","165697","20220930132000","225","3","花蓮縣","富里鄉","121.275","23.215","291"
"408","165713","20220930132000","312","2","臺南市","下營區","120.270","23.210","387"
"19","165716","20220930132000","24","0","花蓮縣","富里鄉","121.340","23.280","32"
"127","165718","20220930132000","139","0","花蓮縣","玉里鎮","121.345","23.285","149"
"171","165736","20220930132000","116","2","花蓮縣","玉里鎮","121.285","23.280","180"
"196","165743","20220930132000","123","3","花蓮縣","玉里鎮","121.280","23.285","193"
"104","165775","20220930132000","158","0","花蓮縣","富里鄉","121.290","23.240","86"
"40","165778","20220930132000","47","0","花蓮縣","富里鄉","121.305","23.240","42"
"135","165815","20220930132000","112","2","花蓮縣","富里鄉","121.295","23.255","126"
"214","165847","20220930132000","315","0","臺南市","新營區","120.275","23.275","201"
"40","165852","20220930132000","40","1","臺南市","六甲區","120.345","23.230","49"
"982","165855","20220930132000","727","2","臺南市","北門區","120.135","23.240","990"
"114","165858","20220930132000","154","0","臺南市","北門區","120.130","23.250","122"
"277","165925","20220930132000","304","0","臺南市","六甲區","120.345","23.235","270"
"129","165938","20220930132000","53","3","臺南市","六甲區","120.340","23.250","132"
"47","165969","20220930132000","35","2","臺南市","六甲區","120.400","23.220","42"
"35","166033","20220930132000","32","1","臺南市","柳營區","120.310","23.260","25"
"458","166037","20220930132000","185","3","臺南市","柳營區","120.305","23.280","458"
"261","166071","20220930132000","416","0","臺南市","六甲區","120.340","23.225","240"
"12","166073","20220930132000","11","1","臺南市","六甲區","120.310","23.245","12"
"43","166077","20220930132000","29","2","臺南市","六甲區","120.315","23.250","45"
"258","166081","20220930132000","281","0","臺南市","六甲區","120.310","23.255","261"
"100","166097","20220930132000","79","2","臺南市","北門區","120.110","23.260","108"
"113","166128","20220930132000","109","1","臺南市","北門區","120.140","23.265","133"
"155","166144","20220930132000","168","0","臺南市","學甲區","120.180","23.285","173"
"113","166153","20220930132000","341","0","臺南市","將軍區","120.165","23.220","104"
"61","166181","20220930132000","544","0","臺南市","北門區","120.095","23.230","49"
"1108","166188","20220930132000","1092","1","臺南市","北門區","120.115","23.235","1106"
"736","166224","20220930132000","760","0","臺南市","北門區","120.135","23.280","761"
"903","166238","20220930132000","940","0","臺南市","北門區","120.125","23.270","901"
"90","166250","20220930132000","60","3","花蓮縣","富里鄉","121.315","23.220","86"
"239","166256","20220930132000","219","1","花蓮縣","富里鄉","121.275","23.225","234"
"189","166326","20220930132000","164","1","花蓮縣","富里鄉","121.305","23.255","192"
"165","166340","20220930132000","112","2","花蓮縣","富里鄉","121.305","23.265","128"
"98","166344","20220930132000","75","2","花蓮縣","富里鄉","121.300","23.270","132"
"444","166354","20220930132000","320","2","臺南市","官田區","120.320","23.215","436"
"222","166363","20220930132000","124","3","臺南市","官田區","120.340","23.220","202"
"22","166377","20220930132000","719","0","臺南市","官田區","120.310","23.215","11"
"269","166389","20220930132000","243","1","臺南市","官田區","120.360","23.210","283"
"513","166391","20220930132000","213","3","臺南市","官田區","120.370","23.210","552"
"281","166424","20220930132000","406","0","臺南市","北門區","120.145","23.285","271"
"420","166429","20220930132000","250","3","臺南市","將軍區","120.160","23.220","439"
"1473","166446","20220930132000","1725","0","臺南市","六甲區","120.355","23.230","1402"
"270","166455","20220930132000","182","2","臺南市","六甲區","120.370","23.230","287"
"168","166495","20220930132000","130","2","臺南市","北門區","120.125","23.240","163"
"486","166562","20220930132000","439","1","臺南市","麻豆區","120.220","23.220","462"
"63","166785","20220930132000","43","2","花蓮縣","富里鄉","121.265","23.215","69"
"513","167284","20220930132000","269","3","臺南市","下營區","120.290","23.245","517"
"16","167323","20220930132000","21","0","花蓮縣","富里鄉","121.360","23.265","19"
"83","167340","20220930132000","40","3","花蓮縣","富里鄉","121.315","23.275","72"
"28","167482","20220930132000","159","0","臺南市","東山區","120.470","23.260","30"
"87","167491","20220930132000","54","3","臺南市","東山區","120.515","23.260","92"
"383","167497","20220930132000","156","3","臺南市","東山區","120.480","23.265","385"
"46","167501","20220930132000","216","0","臺南市","東山區","120.500","23.265","46"
"53","167514","20220930132000","176","0","臺南市","東山區","120.395","23.265","66"
"56","167565","20220930132000","126","0","臺南市","東山區","120.445","23.265","61"
"318","167568","20220930132000","231","2","臺南市","東山區","120.445","23.270","339"
"205","167588","20220930132000","171","1","臺南市","東山區","120.445","23.290","137"
"155","167626","20220930132000","479","0","臺南市","東山區","120.405","23.285","171"
"67","167655","20220930132000","38","3","臺南市","東山區","120.465","23.280","75"
"38","167656","20220930132000","195","0","臺南市","東山區","120.470","23.280","42"
"98","167674","20220930132000","84","1","臺南市","東山區","120.500","23.285","83"
"81","167688","20220930132000","44","3","臺南市","東山區","120.515","23.290","68"
"426","167707","20220930132000","312","2","臺南市","將軍區","120.085","23.215","299"
"253","167714","20220930132000","190","2","臺南市","將軍區","120.120","23.220","247"
"13","167750","20220930132000","177","0","臺南市","學甲區","120.165","23.270","13"
"790","167786","20220930132000","561","2","臺南市","鹽水區","120.205","23.260","748"
"94","167813","20220930132000","58","3","臺東縣","長濱鄉","121.410","23.215","72"
"108","167824","20220930132000","80","2","臺東縣","長濱鄉","121.415","23.225","92"
"47","167910","20220930132000","36","2","臺東縣","長濱鄉","121.385","23.260","45"
"25","167952","20220930132000","27","0","臺南市","學甲區","120.185","23.230","24"
"1075","167953","20220930132000","969","1","臺南市","學甲區","120.185","23.235","1053"
"1701","167958","20220930132000","847","3","臺南市","學甲區","120.185","23.225","1711"
"109","167982","20220930132000","309","0","臺南市","學甲區","120.195","23.240","112"
"1795","167993","20220930132000","1803","0","臺南市","學甲區","120.180","23.235","1636"
"195","168093","20220930132000","241","0","高雄市","三民區","120.670","23.235","192"
"73","168132","20220930132000","137","0","高雄市","三民區","120.695","23.235","74"
"76","168149","20220930132000","59","2","高雄市","三民區","120.695","23.240","60"
"65","168296","20220930132000","48","2","高雄市","三民區","120.680","23.265","53"
"15","168304","20220930132000","13","1","高雄市","三民區","120.720","23.265","13"
"363","168347","20220930132000","258","2","高雄市","三民區","120.700","23.275","290"
"136","168351","20220930132000","149","0","高雄市","三民區","120.720","23.275","198"
"12","168370","20220930132000","13","0","高雄市","三民區","120.685","23.280","14"
"650","168445","20220930132000","650","1","臺南市","鹽水區","120.235","23.285","637"
"1807","168462","20220930132000","2099","0","臺南市","柳營區","120.325","23.290","1823"
"166","168468","20220930132000","167","0","臺南市","柳營區","120.405","23.235","137"
"165","168484","20220930132000","146","1","臺南市","柳營區","120.420","23.245","177"
"10","168515","20220930132000","552","0","臺南市","柳營區","120.380","23.265","10"
"378","168538","20220930132000","1176","0","臺南市","柳營區","120.315","23.280","409"
"756","168541","20220930132000","273","3","臺南市","柳營區","120.330","23.280","644"
"188","168545","20220930132000","136","2","臺南市","柳營區","120.380","23.240","164"
"276","168619","20220930132000","202","2","臺南市","楠西區","120.495","23.215","196"
"89","168624","20220930132000","44","3","臺南市","楠西區","120.520","23.215","81"
"96","168647","20220930132000","143","0","臺南市","楠西區","120.500","23.225","118"
"33","168692","20220930132000","18","3","臺南市","鹽水區","120.245","23.275","45"
"33","168719","20220930132000","22","3","臺東縣","成功鎮","121.400","23.210","27"
"55","168825","20220930132000","63","0","高雄市","桃源區","120.805","23.220","58"
"96","168996","20220930132000","57","3","高雄市","桃源區","120.815","23.240","72"
"97","169242","20220930132000","157","0","高雄市","桃源區","120.825","23.265","92"
"39","169313","20220930132000","16","3","高雄市","桃源區","120.845","23.275","18"
"74","169328","20220930132000","38","3","高雄市","桃源區","120.915","23.275","39"
"43","169350","20220930132000","25","3","高雄市","桃源區","120.840","23.280","43"
"41","169367","20220930132000","22","3","高雄市","桃源區","120.920","23.280","37"
"16","169390","20220930132000","30","0","高雄市","桃源區","120.845","23.285","18"
"26","169401","20220930132000","38","0","高雄市","桃源區","120.895","23.285","27"
"38","169404","20220930132000","33","1","高雄市","桃源區","120.910","23.285","16"
"18","169437","20220930132000","10","3","高雄市","桃源區","120.850","23.290","35"
"471","169480","20220930132000","169","3","臺南市","新營區","120.275","23.265","484"
"139","169490","20220930132000","111","2","臺南市","學甲區","120.195","23.275","118"
"506","169506","20220930132000","582","0","臺南市","學甲區","120.205","23.280","466"
"703","169527","20220930132000","657","1","臺南市","學甲區","120.160","23.245","668"
"450","169555","20220930132000","357","2","臺南市","鹽水區","120.255","23.250","461"
"255","169567","20220930132000","302","0","臺南市","將軍區","120.135","23.225","249"
"38","169664","20220930132000","29","2","嘉義縣","大埔鄉","120.625","23.245","33"
"49","169729","20220930132000","45","1","嘉義縣","大埔鄉","120.590","23.270","50"
"34","169739","20220930132000","31","1","嘉義縣","大埔鄉","120.585","23.275","37"
"52","169788","20220930132000","40","2","嘉義縣","大埔鄉","120.545","23.230","51"
"49","169812","20220930132000","31","3","臺南市","東山區","120.520","23.240","47"
"41","169834","20220930132000","53","0","嘉義縣","大埔鄉","120.565","23.245","36"
"23","169837","20220930132000","22","1","嘉義縣","大埔鄉","120.580","23.245","27"
"137","169842","20220930132000","58","3","嘉義縣","大埔鄉","120.535","23.250","109"
"389","174966","20220930132000","496","0","澎湖縣","望安鄉","119.505","23.360","360"
"35","174989","20220930132000","85","0","臺南市","白河區","120.460","23.350","30"
"11","174993","20220930132000","51","0","臺南市","白河區","120.450","23.355","14"
"258","175007","20220930132000","208","2","臺南市","東山區","120.500","23.295","237"
"146","175048","20220930132000","69","3","臺南市","白河區","120.480","23.320","143"
"68","175054","20220930132000","85","0","臺南市","白河區","120.510","23.320","59"
"517","175059","20220930132000","380","2","臺南市","白河區","120.485","23.325","475"
"165","175081","20220930132000","81","3","臺南市","白河區","120.495","23.335","116"
"244","175083","20220930132000","277","0","臺南市","白河區","120.505","23.335","240"
"125","175092","20220930132000","86","2","臺南市","白河區","120.505","23.340","86"
"1681","175108","20220930132000","1357","2","臺南市","新營區","120.310","23.305","1691"
"174","175181","20220930132000","142","2","花蓮縣","玉里鎮","121.335","23.320","172"
"1329","175206","20220930132000","1271","1","花蓮縣","玉里鎮","121.310","23.335","1307"
"205","175209","20220930132000","190","1","花蓮縣","玉里鎮","121.310","23.340","197"
"87","175217","20220930132000","81","1","花蓮縣","玉里鎮","121.300","23.300","74"
"279","175262","20220930132000","285","0","花蓮縣","玉里鎮","121.300","23.320","275"
"179","175264","20220930132000","146","2","花蓮縣","玉里鎮","121.310","23.320","172"
"24","175284","20220930132000","17","2","花蓮縣","玉里鎮","121.275","23.290","22"
"35","175299","20220930132000","47","0","花蓮縣","玉里鎮","121.290","23.295","46"
"238","175318","20220930132000","670","0","臺南市","白河區","120.410","23.345","239"
"65","175319","20220930132000","386","0","臺南市","白河區","120.405","23.350","56"
"267","175320","20220930132000","712","0","臺南市","白河區","120.410","23.350","235"
"41","175328","20220930132000","34","2","臺南市","白河區","120.460","23.365","47"
"242","175348","20220930132000","384","0","臺南市","白河區","120.440","23.345","250"
"319","175355","20220930132000","100","3","臺南市","新營區","120.330","23.320","321"
"38","175359","20220930132000","17","3","臺南市","新營區","120.350","23.320","33"
"977","175362","20220930132000","853","1","臺南市","新營區","120.315","23.325","1032"
"10","175372","20220930132000","113","0","臺南市","新營區","120.325","23.305","10"
"452","175398","20220930132000","443","1","臺南市","後壁區","120.315","23.370","469"
"614","175425","20220930132000","364","3","臺南市","後壁區","120.375","23.330","704"
"396","175467","20220930132000","538","0","臺南市","北門區","120.170","23.300","410"
"167","175484","20220930132000","299","0","臺南市","後壁區","120.330","23.355","160"
"669","175489","20220930132000","766","0","臺南市","新營區","120.270","23.295","575"
"657","175497","20220930132000","930","0","臺南市","後壁區","120.360","23.370","638"
"2549","175499","20220930132000","2334","1","臺南市","後壁區","120.370","23.370","2552"
"1493","175523","20220930132000","1266","1","臺南市","後壁區","120.395","23.370","1525"
"1147","175546","20220930132000","859","2","臺南市","新營區","120.310","23.300","1107"
"2359","175547","20220930132000","1862","2","臺南市","新營區","120.315","23.310","2269"
"1809","175548","20220930132000","2321","0","臺南市","新營區","120.315","23.315","1673"
"179","175564","20220930132000","367","0","臺南市","後壁區","120.355","23.365","168"
"17","175571","20220930132000","1763","0","臺南市","新營區","120.305","23.310","21"
"1286","175576","20220930132000","883","2","臺南市","新營區","120.300","23.310","1281"
"298","175585","20220930132000","149","3","臺南市","北門區","120.110","23.300","261"
"19","175648","20220930132000","32","0","臺南市","新營區","120.290","23.300","18"
"38","175651","20220930132000","25","3","臺南市","柳營區","120.300","23.295","35"
"173","175653","20220930132000","42","3","臺南市","柳營區","120.310","23.295","168"
"41","175712","20220930132000","201","0","臺南市","白河區","120.430","23.330","56"
"36","175737","20220930132000","360","0","臺南市","白河區","120.430","23.355","40"
"37","175874","20220930132000","91","0","花蓮縣","卓溪鄉","121.270","23.305","50"
"77","176357","20220930132000","192","0","花蓮縣","玉里鎮","121.300","23.345","238"
"466","176756","20220930132000","338","2","臺南市","新營區","120.325","23.315","419"
"373","176757","20220930132000","333","1","臺南市","新營區","120.330","23.315","363"
"39","176764","20220930132000","52","0","花蓮縣","玉里鎮","121.330","23.300","35"
"268","176798","20220930132000","286","0","臺南市","後壁區","120.350","23.335","291"
"926","176811","20220930132000","980","0","臺南市","新營區","120.305","23.300","916"
"1448","176812","20220930132000","1288","1","臺南市","新營區","120.315","23.305","1428"
"17","176814","20220930132000","17","1","臺南市","東山區","120.385","23.310","16"
"57","176830","20220930132000","151","0","臺南市","東山區","120.390","23.330","44"
"875","176863","20220930132000","762","1","臺南市","東山區","120.405","23.320","904"
"225","176885","20220930132000","220","1","臺南市","東山區","120.405","23.325","209"
"288","176921","20220930132000","325","0","臺南市","東山區","120.390","23.295","248"
"539","176933","20220930132000","463","1","臺南市","東山區","120.415","23.300","529"
"327","176942","20220930132000","177","3","臺南市","東山區","120.345","23.300","292"
"1597","176986","20220930132000","570","3","臺南市","白河區","120.395","23.340","1534"
"676","177006","20220930132000","643","1","臺南市","鹽水區","120.270","23.325","719"
"510","177007","20220930132000","609","0","嘉義縣","義竹鄉","120.255","23.330","539"
"589","177010","20220930132000","424","2","臺南市","鹽水區","120.270","23.330","599"
"30","177169","20220930132000","58","0","花蓮縣","玉里鎮","121.370","23.350","33"
"1687","177425","20220930132000","955","3","臺南市","新營區","120.315","23.300","1652"
"291","177432","20220930132000","434","0","臺南市","鹽水區","120.280","23.330","308"
"641","177436","20220930132000","367","3","臺南市","鹽水區","120.290","23.335","631"
"925","177466","20220930132000","830","1","臺南市","鹽水區","120.270","23.310","956"
"642","177467","20220930132000","696","0","臺南市","新營區","120.275","23.310","644"
"767","177475","20220930132000","523","2","臺南市","鹽水區","120.265","23.325","777"
"149","177480","20220930132000","124","2","臺南市","白河區","120.480","23.325","124"
"209","177500","20220930132000","149","2","臺南市","白河區","120.495","23.340","212"
"15","177550","20220930132000","16","0","臺南市","白河區","120.455","23.310","14"
"483","177580","20220930132000","1353","0","臺南市","白河區","120.415","23.350","473"
"483","177586","20220930132000","297","3","臺南市","柳營區","120.325","23.295","481"
"18","177599","20220930132000","705","0","臺南市","柳營區","120.365","23.295","20"
"98","177602","20220930132000","43","3","臺南市","鹽水區","120.270","23.320","108"
"302","177603","20220930132000","256","1","花蓮縣","玉里鎮","121.320","23.320","331"
"507","177605","20220930132000","320","3","花蓮縣","玉里鎮","121.310","23.325","513"
"239","177606","20220930132000","142","3","花蓮縣","玉里鎮","121.315","23.325","244"
"322","177609","20220930132000","320","1","花蓮縣","玉里鎮","121.310","23.330","220"
"2170","177610","20220930132000","1995","1","花蓮縣","玉里鎮","121.315","23.330","2090"
"1025","177613","20220930132000","1065","0","花蓮縣","玉里鎮","121.315","23.340","1066"
"181","177617","20220930132000","138","2","花蓮縣","玉里鎮","121.320","23.345","158"
"368","177619","20220930132000","352","1","花蓮縣","玉里鎮","121.320","23.330","365"
"25","177621","20220930132000","16","3","花蓮縣","玉里鎮","121.315","23.335","26"
"372","177624","20220930132000","248","3","花蓮縣","玉里鎮","121.320","23.350","346"
"263","177632","20220930132000","244","1","花蓮縣","卓溪鄉","121.320","23.355","296"
"24","177682","20220930132000","24","1","臺東縣","長濱鄉","121.440","23.325","30"
"177","177742","20220930132000","48","3","臺東縣","長濱鄉","121.425","23.290","178"
"17","177750","20220930132000","24","0","臺東縣","長濱鄉","121.420","23.295","23"
"394","177808","20220930132000","617","0","臺東縣","長濱鄉","121.455","23.315","396"
"219","177813","20220930132000","178","2","臺東縣","長濱鄉","121.460","23.320","234"
"162","177815","20220930132000","89","3","臺東縣","長濱鄉","121.445","23.325","142"
"234","177826","20220930132000","126","3","臺東縣","長濱鄉","121.465","23.335","235"
"966","178630","20220930132000","677","2","臺南市","鹽水區","120.265","23.320","942"
"167","178643","20220930132000","184","0","臺南市","新營區","120.305","23.320","181"
"31","178644","20220930132000","113","0","臺南市","新營區","120.310","23.320","32"
"89","178697","20220930132000","67","2","嘉義縣","中埔鄉","120.510","23.345","54"
"19","178710","20220930132000","18","1","嘉義縣","中埔鄉","120.520","23.350","16"
"13","178712","20220930132000","41","0","嘉義縣","中埔鄉","120.530","23.350","13"
"508","178722","20220930132000","124","3","嘉義縣","中埔鄉","120.540","23.355","483"
"85","178756","20220930132000","61","2","嘉義縣","中埔鄉","120.495","23.370","76"
"292","178768","20220930132000","232","2","臺南市","鹽水區","120.260","23.295","285"
"44","178877","20220930132000","52","0","嘉義縣","布袋鎮","120.195","23.370","28"
"234","178886","20220930132000","160","2","嘉義縣","布袋鎮","120.140","23.335","261"
"12","178888","20220930132000","12","1","嘉義縣","布袋鎮","120.125","23.340","12"
"961","178930","20220930132000","241","3","嘉義縣","布袋鎮","120.160","23.320","940"
"835","178938","20220930132000","1077","0","嘉義縣","布袋鎮","120.165","23.325","796"
"99","178970","20220930132000","58","3","嘉義縣","大埔鄉","120.625","23.300","126"
"35","178978","20220930132000","31","1","嘉義縣","大埔鄉","120.605","23.305","36"
"58","179106","20220930132000","53","1","嘉義縣","大埔鄉","120.590","23.295","59"
"510","179113","20220930132000","561","0","嘉義縣","大埔鄉","120.595","23.295","485"
"153","179189","20220930132000","151","1","嘉義縣","大埔鄉","120.570","23.330","173"
"37","179210","20220930132000","29","2","嘉義縣","大埔鄉","120.555","23.340","32"
"51","179249","20220930132000","35","2","嘉義縣","大埔鄉","120.585","23.360","36"
"11","179289","20220930132000","17","0","嘉義縣","番路鄉","120.620","23.345","18"
"56","179312","20220930132000","53","1","嘉義縣","番路鄉","120.605","23.355","61"
"259","179320","20220930132000","91","3","嘉義縣","番路鄉","120.590","23.360","286"
"1356","179352","20220930132000","1274","1","嘉義縣","義竹鄉","120.250","23.340","1358"
"717","179448","20220930132000","739","0","嘉義縣","義竹鄉","120.240","23.335","683"
"114","179461","20220930132000","76","3","嘉義縣","義竹鄉","120.245","23.335","103"
"702","179521","20220930132000","434","3","嘉義縣","義竹鄉","120.195","23.305","679"
"23","179523","20220930132000","21","1","嘉義縣","義竹鄉","120.205","23.305","27"
"67","179646","20220930132000","35","3","嘉義縣","阿里山鄉","120.680","23.335","59"
"53","179666","20220930132000","51","1","嘉義縣","阿里山鄉","120.680","23.340","57"
"92","179747","20220930132000","93","0","嘉義縣","阿里山鄉","120.665","23.300","87"
"100","179773","20220930132000","77","2","嘉義縣","阿里山鄉","120.695","23.305","76"
"28","179780","20220930132000","31","0","嘉義縣","阿里山鄉","120.665","23.310","29"
"957","179845","20220930132000","690","2","嘉義縣","義竹鄉","120.225","23.320","939"
"1006","179874","20220930132000","685","2","嘉義縣","義竹鄉","120.190","23.335","1015"
"641","179880","20220930132000","595","1","嘉義縣","義竹鄉","120.230","23.360","642"
"173","179883","20220930132000","91","3","嘉義縣","義竹鄉","120.245","23.360","162"
"834","179922","20220930132000","804","1","嘉義縣","義竹鄉","120.220","23.360","900"
"177","179933","20220930132000","116","3","嘉義縣","義竹鄉","120.210","23.300","164"
"724","179945","20220930132000","596","2","嘉義縣","義竹鄉","120.270","23.360","699"
"183","180132","20220930132000","228","0","澎湖縣","望安鄉","119.520","23.365","181"
"172","180802","20220930132000","288","0","嘉義縣","布袋鎮","120.140","23.375","186"
"121","180804","20220930132000","65","3","臺東縣","長濱鄉","121.475","23.380","116"
"273","181221","20220930132000","405","0","澎湖縣","望安鄉","119.495","23.380","234"
"412","185223","20220930132000","483","0","嘉義縣","東石鄉","120.135","23.450","408"
"662","185452","20220930132000","836","0","嘉義市","東區","120.455","23.450","646"
"1259","185456","20220930132000","983","2","嘉義縣","水上鄉","120.430","23.450","1346"
"115","185475","20220930132000","112","1","澎湖縣","望安鄉","119.320","23.395","57"
"26","185483","20220930132000","22","1","花蓮縣","玉里鎮","121.350","23.440","34"
"105","185491","20220930132000","104","1","花蓮縣","瑞穗鄉","121.350","23.450","98"
"171","185499","20220930132000","676","0","臺南市","白河區","120.405","23.395","168"
"21","185543","20220930132000","19","1","花蓮縣","玉里鎮","121.390","23.380","31"
"267","185546","20220930132000","235","1","花蓮縣","玉里鎮","121.355","23.385","260"
"11","185564","20220930132000","10","1","花蓮縣","玉里鎮","121.390","23.390","13"
"29","185565","20220930132000","15","3","花蓮縣","玉里鎮","121.395","23.390","27"
"53","185576","20220930132000","36","2","花蓮縣","玉里鎮","121.355","23.395","48"
"71","185590","20220930132000","71","1","花蓮縣","玉里鎮","121.365","23.405","58"
"171","185598","20220930132000","310","0","臺南市","白河區","120.415","23.380","136"
"235","185635","20220930132000","375","0","臺南市","後壁區","120.380","23.390","211"
"611","185683","20220930132000","903","0","臺南市","後壁區","120.340","23.380","573"
"185","185698","20220930132000","112","3","臺南市","白河區","120.480","23.385","208"
"109","186808","20220930132000","95","1","花蓮縣","卓溪鄉","121.315","23.435","112"
"286","186812","20220930132000","230","2","花蓮縣","卓溪鄉","121.335","23.435","257"
"92","186826","20220930132000","45","3","花蓮縣","卓溪鄉","121.340","23.440","89"
"55","186875","20220930132000","39","2","臺南市","後壁區","120.335","23.380","52"
"58","186914","20220930132000","36","3","臺南市","白河區","120.445","23.380","71"
"69","186915","20220930132000","409","0","臺南市","白河區","120.450","23.380","70"
"133","186921","20220930132000","200","0","臺南市","白河區","120.435","23.390","116"
"89","187008","20220930132000","61","2","臺東縣","長濱鄉","121.480","23.395","111"
"152","187061","20220930132000","146","1","花蓮縣","玉里鎮","121.320","23.395","169"
"140","187086","20220930132000","173","0","花蓮縣","玉里鎮","121.340","23.415","144"
"152","187099","20220930132000","103","2","花蓮縣","玉里鎮","121.345","23.425","171"
"133","187105","20220930132000","137","0","花蓮縣","玉里鎮","121.345","23.430","161"
"122","187173","20220930132000","100","2","花蓮縣","玉里鎮","121.395","23.450","132"
"10","187190","20220930132000","11","0","花蓮縣","玉里鎮","121.390","23.375","10"
"17","187199","20220930132000","14","2","花蓮縣","玉里鎮","121.390","23.395","18"
"279","187253","20220930132000","294","0","花蓮縣","玉里鎮","121.375","23.425","286"
"184","187296","20220930132000","446","0","臺南市","白河區","120.440","23.400","145"
"167","187322","20220930132000","159","1","花蓮縣","玉里鎮","121.330","23.375","178"
"258","187339","20220930132000","184","2","花蓮縣","玉里鎮","121.325","23.390","270"
"20","187385","20220930132000","25","0","臺東縣","長濱鄉","121.465","23.405","20"
"32","187398","20220930132000","48","0","臺東縣","長濱鄉","121.470","23.410","46"
"51","188051","20220930132000","499","0","嘉義縣","中埔鄉","120.520","23.430","77"
"314","188063","20220930132000","259","2","嘉義縣","中埔鄉","120.560","23.435","300"
"611","188064","20220930132000","939","0","嘉義縣","中埔鄉","120.520","23.420","658"
"419","188069","20220930132000","340","2","嘉義縣","中埔鄉","120.520","23.425","477"
"113","188090","20220930132000","82","2","嘉義縣","中埔鄉","120.510","23.400","106"
"28","188129","20220930132000","272","0","嘉義縣","中埔鄉","120.460","23.445","31"
"372","188131","20220930132000","230","3","嘉義縣","中埔鄉","120.460","23.450","353"
"437","188132","20220930132000","335","2","嘉義縣","中埔鄉","120.470","23.450","437"
"470","188133","20220930132000","669","0","嘉義縣","中埔鄉","120.475","23.450","448"
"1101","188134","20220930132000","1332","0","嘉義縣","中埔鄉","120.465","23.450","1123"
"719","188136","20220930132000","292","3","嘉義縣","中埔鄉","120.485","23.450","616"
"1013","188141","20220930132000","1056","0","嘉義縣","中埔鄉","120.450","23.435","963"
"462","188144","20220930132000","374","2","嘉義縣","中埔鄉","120.455","23.445","473"
"405","188147","20220930132000","487","0","嘉義縣","中埔鄉","120.480","23.440","403"
"19","188154","20220930132000","138","0","嘉義縣","中埔鄉","120.490","23.445","16"
"547","188193","20220930132000","473","1","嘉義縣","中埔鄉","120.520","23.385","555"
"147","188241","20220930132000","119","2","嘉義縣","中埔鄉","120.580","23.425","165"
"151","188261","20220930132000","117","2","嘉義縣","中埔鄉","120.540","23.390","168"
"33","188280","20220930132000","105","0","嘉義縣","中埔鄉","120.575","23.380","32"
"58","188314","20220930132000","43","2","嘉義縣","中埔鄉","120.590","23.395","61"
"455","188331","20220930132000","461","0","嘉義縣","中埔鄉","120.555","23.405","448"
"51","188335","20220930132000","12","3","嘉義縣","中埔鄉","120.575","23.405","43"
"134","188368","20220930132000","804","0","嘉義縣","中埔鄉","120.540","23.440","152"
"471","188369","20220930132000","243","3","嘉義縣","中埔鄉","120.545","23.440","334"
"305","188382","20220930132000","248","2","嘉義縣","中埔鄉","120.565","23.445","310"
"706","188390","20220930132000","392","3","嘉義縣","中埔鄉","120.530","23.440","657"
"238","188417","20220930132000","324","0","嘉義縣","中埔鄉","120.510","23.435","241"
"856","188421","20220930132000","571","2","嘉義縣","中埔鄉","120.510","23.440","775"
"685","188422","20220930132000","804","0","嘉義縣","中埔鄉","120.495","23.445","673"
"433","188442","20220930132000","363","1","嘉義縣","中埔鄉","120.515","23.410","371"
"274","188445","20220930132000","216","2","嘉義縣","中埔鄉","120.530","23.410","190"
"253","188457","20220930132000","379","0","嘉義縣","中埔鄉","120.505","23.425","280"
"18","188462","20220930132000","24","0","嘉義縣","中埔鄉","120.505","23.375","19"
"160","188463","20220930132000","110","2","嘉義縣","中埔鄉","120.510","23.375","138"
"334","188469","20220930132000","343","0","嘉義縣","鹿草鄉","120.315","23.390","329"
"14","188471","20220930132000","18","0","嘉義縣","鹿草鄉","120.315","23.395","17"
"396","188493","20220930132000","388","1","嘉義縣","鹿草鄉","120.320","23.420","423"
"334","188498","20220930132000","142","3","嘉義縣","鹿草鄉","120.320","23.425","435"
"1134","188503","20220930132000","1122","1","嘉義縣","鹿草鄉","120.315","23.410","1122"
"30","188507","20220930132000","141","0","嘉義縣","太保市","120.335","23.430","24"
"443","188508","20220930132000","95","3","嘉義縣","太保市","120.340","23.430","498"
"53","188516","20220930132000","213","0","嘉義縣","太保市","120.340","23.440","58"
"77","188554","20220930132000","403","0","嘉義縣","鹿草鄉","120.340","23.400","86"
"240","188555","20220930132000","214","1","嘉義縣","鹿草鄉","120.290","23.375","261"
"114","188574","20220930132000","387","0","嘉義縣","朴子市","120.245","23.415","110"
"185","188579","20220930132000","397","0","嘉義縣","水上鄉","120.355","23.410","172"
"185","188626","20220930132000","119","3","嘉義縣","鹿草鄉","120.345","23.405","215"
"383","188631","20220930132000","225","3","嘉義縣","鹿草鄉","120.330","23.410","363"
"36","188646","20220930132000","177","0","嘉義縣","朴子市","120.290","23.445","76"
"244","188650","20220930132000","138","3","嘉義縣","朴子市","120.280","23.450","456"
"756","188654","20220930132000","796","0","嘉義縣","布袋鎮","120.170","23.375","749"
"164","188666","20220930132000","188","0","嘉義縣","布袋鎮","120.220","23.390","165"
"187","188716","20220930132000","159","1","嘉義縣","阿里山鄉","120.715","23.390","177"
"211","188874","20220930132000","754","0","嘉義縣","太保市","120.345","23.450","195"
"56","188883","20220930132000","59","0","嘉義縣","太保市","120.335","23.440","87"
"61","188885","20220930132000","299","0","嘉義縣","太保市","120.320","23.445","71"
"118","188892","20220930132000","393","0","嘉義縣","太保市","120.340","23.450","102"
"153","188897","20220930132000","103","2","嘉義縣","朴子市","120.235","23.440","154"
"18","188921","20220930132000","13","2","嘉義縣","朴子市","120.240","23.450","22"
"150","188949","20220930132000","96","3","嘉義縣","朴子市","120.255","23.410","142"
"532","188956","20220930132000","384","2","嘉義縣","朴子市","120.260","23.420","582"
"88","188966","20220930132000","101","0","嘉義縣","東石鄉","120.145","23.455","71"
"690","188983","20220930132000","285","3","嘉義縣","布袋鎮","120.190","23.375","675"
"48","189028","20220930132000","198","0","嘉義縣","太保市","120.295","23.440","53"
"311","189044","20220930132000","171","3","嘉義縣","東石鄉","120.170","23.430","341"
"180","189051","20220930132000","145","2","嘉義縣","東石鄉","120.180","23.440","182"
"63","189105","20220930132000","138","0","嘉義縣","東石鄉","120.185","23.450","50"
"61","189112","20220930132000","274","0","嘉義縣","東石鄉","120.200","23.455","61"
"760","189144","20220930132000","470","3","嘉義縣","布袋鎮","120.165","23.375","782"
"84","189152","20220930132000","357","0","嘉義縣","東石鄉","120.205","23.425","73"
"14","189184","20220930132000","144","0","嘉義縣","水上鄉","120.410","23.430","22"
"24","189187","20220930132000","221","0","嘉義縣","水上鄉","120.415","23.430","24"
"450","189189","20220930132000","446","1","嘉義縣","水上鄉","120.415","23.435","466"
"342","189192","20220930132000","268","2","嘉義縣","水上鄉","120.420","23.440","344"
"609","189195","20220930132000","615","0","嘉義縣","布袋鎮","120.180","23.375","595"
"127","189210","20220930132000","165","0","嘉義縣","布袋鎮","120.200","23.400","166"
"29","189224","20220930132000","109","0","嘉義縣","水上鄉","120.435","23.430","33"
"105","189225","20220930132000","103","1","嘉義縣","水上鄉","120.420","23.430","104"
"582","189233","20220930132000","450","2","嘉義縣","水上鄉","120.425","23.440","567"
"55","189242","20220930132000","157","0","嘉義縣","水上鄉","120.370","23.415","55"
"169","189246","20220930132000","233","0","嘉義縣","水上鄉","120.370","23.420","182"
"80","189248","20220930132000","231","0","嘉義縣","水上鄉","120.360","23.425","102"
"293","189268","20220930132000","297","0","嘉義縣","水上鄉","120.495","23.400","304"
"35","189286","20220930132000","153","0","嘉義縣","水上鄉","120.450","23.415","47"
"65","189288","20220930132000","287","0","嘉義縣","水上鄉","120.460","23.415","60"
"315","189292","20220930132000","88","3","嘉義縣","水上鄉","120.450","23.420","332"
"50","189296","20220930132000","71","0","嘉義縣","水上鄉","120.410","23.445","58"
"461","189322","20220930132000","540","0","嘉義縣","水上鄉","120.370","23.440","476"
"142","189337","20220930132000","534","0","嘉義縣","水上鄉","120.360","23.445","140"
"175","189343","20220930132000","183","0","嘉義縣","水上鄉","120.425","23.445","180"
"758","189344","20220930132000","545","2","嘉義縣","水上鄉","120.430","23.445","741"
"351","189349","20220930132000","78","3","嘉義縣","水上鄉","120.435","23.415","370"
"442","189350","20220930132000","331","2","嘉義縣","水上鄉","120.430","23.420","430"
"691","189351","20220930132000","618","1","嘉義縣","水上鄉","120.435","23.420","725"
"210","189364","20220930132000","87","3","嘉義縣","布袋鎮","120.150","23.375","188"
"463","189365","20220930132000","495","0","嘉義縣","布袋鎮","120.155","23.375","473"
"170","189369","20220930132000","106","3","嘉義縣","布袋鎮","120.150","23.380","186"
"566","189370","20220930132000","321","3","嘉義縣","布袋鎮","120.155","23.380","533"
"88","189382","20220930132000","854","0","嘉義縣","水上鄉","120.470","23.435","88"
"262","189385","20220930132000","257","1","嘉義縣","水上鄉","120.385","23.405","267"
"61","189387","20220930132000","78","0","嘉義縣","水上鄉","120.390","23.410","56"
"527","189388","20220930132000","228","3","嘉義縣","水上鄉","120.385","23.415","520"
"276","189389","20220930132000","454","0","嘉義縣","水上鄉","120.385","23.420","303"
"15","189392","20220930132000","14","1","嘉義縣","水上鄉","120.405","23.450","18"
"530","189393","20220930132000","388","2","嘉義縣","水上鄉","120.435","23.445","497"
"175","189396","20220930132000","322","0","嘉義縣","水上鄉","120.400","23.425","200"
"78","189397","20220930132000","439","0","嘉義縣","水上鄉","120.395","23.430","129"
"1116","189399","20220930132000","1085","1","嘉義縣","水上鄉","120.400","23.430","1093"
"193","189411","20220930132000","239","0","嘉義縣","水上鄉","120.390","23.425","223"
"82","189413","20220930132000","774","0","嘉義縣","水上鄉","120.395","23.435","83"
"508","189416","20220930132000","595","0","嘉義縣","水上鄉","120.400","23.435","526"
"383","189439","20220930132000","353","1","嘉義縣","水上鄉","120.420","23.420","381"
"38","189459","20220930132000","66","0","嘉義縣","水上鄉","120.385","23.425","37"
"291","189461","20220930132000","340","0","嘉義縣","水上鄉","120.380","23.430","295"
"223","189463","20220930132000","347","0","嘉義縣","水上鄉","120.390","23.430","256"
"717","189474","20220930132000","706","1","嘉義縣","鹿草鄉","120.295","23.380","787"
"166","189491","20220930132000","140","1","嘉義縣","鹿草鄉","120.270","23.395","168"
"336","189518","20220930132000","225","2","嘉義縣","鹿草鄉","120.305","23.415","359"
"92","189555","20220930132000","351","0","嘉義縣","鹿草鄉","120.285","23.435","175"
"96","189575","20220930132000","339","0","嘉義縣","朴子市","120.245","23.430","100"
"646","189579","20220930132000","590","1","嘉義縣","朴子市","120.245","23.435","617"
"374","189583","20220930132000","337","1","嘉義縣","朴子市","120.250","23.440","607"
"1236","189591","20220930132000","1451","0","嘉義縣","東石鄉","120.180","23.420","1192"
"346","189607","20220930132000","375","0","嘉義縣","番路鄉","120.660","23.420","275"
"206","189608","20220930132000","152","2","嘉義縣","番路鄉","120.650","23.425","175"
"12","189629","20220930132000","22","0","嘉義縣","番路鄉","120.635","23.440","11"
"45","189630","20220930132000","57","0","嘉義縣","番路鄉","120.640","23.440","55"
"149","189633","20220930132000","161","0","嘉義縣","番路鄉","120.655","23.440","130"
"30","189645","20220930132000","46","0","嘉義縣","番路鄉","120.645","23.440","54"
"310","189663","20220930132000","260","1","嘉義縣","番路鄉","120.670","23.445","313"
"228","189673","20220930132000","151","3","嘉義縣","番路鄉","120.645","23.400","240"
"70","189685","20220930132000","34","3","嘉義縣","番路鄉","120.650","23.405","109"
"72","189703","20220930132000","46","3","嘉義縣","番路鄉","120.640","23.415","74"
"109","189705","20220930132000","71","3","嘉義縣","番路鄉","120.605","23.420","150"
"56","189724","20220930132000","55","1","嘉義縣","番路鄉","120.610","23.430","74"
"45","189740","20220930132000","38","1","嘉義縣","番路鄉","120.610","23.445","67"
"71","189756","20220930132000","85","0","嘉義縣","番路鄉","120.620","23.375","102"
"210","189823","20220930132000","232","0","嘉義縣","番路鄉","120.600","23.435","202"
"20","189824","20220930132000","18","1","嘉義縣","番路鄉","120.605","23.435","15"
"41","189827","20220930132000","24","3","嘉義縣","番路鄉","120.590","23.440","39"
"446","189837","20220930132000","221","3","嘉義縣","番路鄉","120.580","23.450","236"
"264","189852","20220930132000","229","1","嘉義縣","布袋鎮","120.170","23.385","264"
"111","189978","20220930132000","121","0","嘉義縣","阿里山鄉","120.665","23.380","101"
"136","189981","20220930132000","83","3","嘉義縣","阿里山鄉","120.680","23.380","84"
"151","190321","20220930132000","185","0","嘉義縣","阿里山鄉","120.750","23.440","194"
"67","190374","20220930132000","64","1","嘉義縣","阿里山鄉","120.755","23.450","59"
"136","190402","20220930132000","165","0","嘉義縣","義竹鄉","120.245","23.385","168"
"361","190407","20220930132000","289","2","嘉義縣","義竹鄉","120.240","23.375","351"
"147","192504","20220930132000","119","2","澎湖縣","馬公市","119.515","23.485","141"
"258","192620","20220930132000","303","0","嘉義縣","東石鄉","120.165","23.490","263"
"275","192621","20220930132000","210","2","花蓮縣","豐濱鄉","121.510","23.490","341"
"55","194053","20220930132000","95","0","澎湖縣","馬公市","119.515","23.510","43"
"286","194584","20220930132000","294","0","澎湖縣","馬公市","119.595","23.520","262"
"349","194849","20220930132000","297","1","澎湖縣","馬公市","119.580","23.525","380"
"133","194852","20220930132000","84","3","澎湖縣","馬公市","119.595","23.525","129"
"976","194945","20220930132000","764","2","嘉義市","東區","120.455","23.495","1080"
"310","194952","20220930132000","147","3","嘉義市","東區","120.485","23.460","357"
"154","194954","20220930132000","70","3","嘉義市","東區","120.495","23.460","125"
"986","194959","20220930132000","779","2","嘉義市","東區","120.485","23.470","996"
"25","194963","20220930132000","499","0","嘉義市","東區","120.490","23.475","23"
"561","194965","20220930132000","1060","0","嘉義市","西區","120.435","23.460","571"
"757","194966","20220930132000","1228","0","嘉義市","西區","120.440","23.460","751"
"412","194967","20220930132000","323","2","嘉義市","西區","120.445","23.460","413"
"205","194968","20220930132000","247","0","嘉義市","西區","120.440","23.475","173"
"840","194969","20220930132000","507","3","嘉義市","西區","120.440","23.490","818"
"1184","194970","20220930132000","1741","0","嘉義市","東區","120.460","23.480","1281"
"1440","194971","20220930132000","1382","1","嘉義市","東區","120.450","23.480","1365"
"1214","194972","20220930132000","702","3","嘉義市","東區","120.450","23.490","1147"
"1216","194973","20220930132000","2820","0","嘉義市","東區","120.450","23.495","1334"
"1361","194974","20220930132000","1287","1","嘉義市","西區","120.415","23.485","1444"
"620","194975","20220930132000","935","0","嘉義市","西區","120.405","23.490","740"
"1090","194980","20220930132000","1836","0","嘉義市","西區","120.425","23.475","1088"
"616","194981","20220930132000","777","0","嘉義市","西區","120.430","23.470","584"
"77","194985","20220930132000","1211","0","嘉義市","東區","120.470","23.490","85"
"294","194986","20220930132000","293","1","嘉義市","東區","120.470","23.495","326"
"397","194988","20220930132000","295","2","嘉義市","東區","120.480","23.495","386"
"1100","194993","20220930132000","1527","0","嘉義市","東區","120.450","23.500","1152"
"73","194994","20220930132000","739","0","嘉義市","東區","120.450","23.505","83"
"594","194995","20220930132000","534","1","嘉義市","東區","120.455","23.505","546"
"413","194996","20220930132000","341","2","嘉義市","東區","120.445","23.510","404"
"502","195001","20220930132000","1064","0","嘉義市","東區","120.485","23.485","524"
"285","195002","20220930132000","277","1","嘉義市","東區","120.490","23.480","309"
"789","195003","20220930132000","1391","0","嘉義市","東區","120.455","23.490","837"
"4358","195004","20220930132000","4332","1","嘉義市","東區","120.455","23.480","4440"
"613","195006","20220930132000","405","3","嘉義市","西區","120.420","23.480","722"
"694","195007","20220930132000","805","0","嘉義市","西區","120.430","23.480","639"
"490","195008","20220930132000","344","2","嘉義市","西區","120.420","23.490","474"
"688","195009","20220930132000","1966","0","嘉義市","西區","120.430","23.465","696"
"1678","195011","20220930132000","1151","2","嘉義市","西區","120.425","23.485","1658"
"931","195012","20220930132000","1869","0","嘉義市","西區","120.435","23.480","889"
"1519","195013","20220930132000","1799","0","嘉義市","西區","120.430","23.485","1489"
"52","195015","20220930132000","48","1","嘉義市","西區","120.395","23.490","50"
"245","195016","20220930132000","186","2","嘉義市","西區","120.400","23.490","251"
"44","195017","20220930132000","48","0","嘉義市","西區","120.390","23.495","40"
"2113","195022","20220930132000","1617","2","嘉義市","西區","120.440","23.480","2083"
"406","195024","20220930132000","235","3","嘉義市","西區","120.430","23.495","396"
"76","195025","20220930132000","1271","0","嘉義市","西區","120.425","23.490","83"
"2535","195033","20220930132000","1671","3","嘉義市","東區","120.450","23.475","2551"
"1312","195036","20220930132000","748","3","嘉義市","東區","120.450","23.460","1310"
"1821","195037","20220930132000","1339","2","嘉義市","東區","120.455","23.455","1836"
"109","195038","20220930132000","1682","0","嘉義市","西區","120.435","23.470","114"
"278","195039","20220930132000","260","1","嘉義市","西區","120.430","23.455","312"
"27","195040","20220930132000","375","0","嘉義市","西區","120.430","23.460","35"
"74","195041","20220930132000","1072","0","嘉義市","西區","120.440","23.485","95"
"245","195042","20220930132000","156","3","嘉義市","西區","120.395","23.465","210"
"256","195047","20220930132000","200","2","嘉義市","西區","120.405","23.470","273"
"384","195049","20220930132000","330","1","嘉義市","西區","120.405","23.475","367"
"72","195053","20220930132000","1183","0","嘉義市","西區","120.445","23.500","92"
"1187","195054","20220930132000","1246","0","嘉義市","東區","120.465","23.490","1215"
"18","195055","20220930132000","13","2","嘉義市","東區","120.465","23.495","30"
"1269","195056","20220930132000","738","3","嘉義市","東區","120.460","23.470","1300"
"2373","195057","20220930132000","1413","3","嘉義市","東區","120.470","23.480","2347"
"255","195058","20220930132000","1803","0","嘉義市","東區","120.465","23.475","257"
"1959","195060","20220930132000","1765","1","嘉義市","西區","120.435","23.475","2013"
"2157","195061","20220930132000","1260","3","嘉義市","西區","120.440","23.465","2006"
"25","195062","20220930132000","528","0","嘉義市","西區","120.450","23.465","30"
"1161","195064","20220930132000","1975","0","嘉義市","西區","120.440","23.470","1178"
"319","195065","20220930132000","267","1","嘉義市","東區","120.455","23.485","329"
"72","195066","20220930132000","1207","0","嘉義市","東區","120.450","23.485","90"
"642","195069","20220930132000","467","2","嘉義市","西區","120.415","23.475","693"
"1109","195073","20220930132000","2444","0","嘉義市","西區","120.440","23.455","1126"
"3300","195075","20220930132000","2951","1","嘉義市","西區","120.445","23.475","3243"
"1686","195076","20220930132000","1598","1","嘉義市","東區","120.465","23.465","1655"
"913","195083","20220930132000","473","3","嘉義市","東區","120.445","23.515","969"
"648","195084","20220930132000","1583","0","嘉義市","東區","120.465","23.480","766"
"485","195086","20220930132000","661","0","嘉義市","東區","120.480","23.465","528"
"1485","195090","20220930132000","954","3","嘉義市","東區","120.475","23.475","1514"
"57","195093","20220930132000","809","0","嘉義市","東區","120.470","23.485","62"
"636","195094","20220930132000","365","3","嘉義市","東區","120.475","23.485","631"
"37","195098","20220930132000","58","0","嘉義市","東區","120.500","23.475","36"
"28","195100","20220930132000","444","0","嘉義市","東區","120.485","23.480","27"
"442","195103","20220930132000","332","2","嘉義市","東區","120.500","23.480","440"
"316","195108","20220930132000","245","2","嘉義市","東區","120.490","23.485","340"
"19","195109","20220930132000","33","0","嘉義市","東區","120.495","23.485","225"
"107","195113","20220930132000","1187","0","嘉義市","東區","120.470","23.475","132"
"564","195114","20220930132000","393","2","嘉義市","東區","120.455","23.500","591"
"88","195115","20220930132000","63","2","嘉義市","東區","120.475","23.490","65"
"491","195118","20220930132000","432","1","嘉義市","東區","120.480","23.490","559"
"1979","195120","20220930132000","3026","0","嘉義市","東區","120.455","23.475","1994"
"915","195121","20220930132000","1193","0","嘉義市","西區","120.430","23.490","923"
"70","195122","20220930132000","744","0","嘉義市","西區","120.435","23.485","98"
"94","195123","20220930132000","683","0","嘉義市","西區","120.435","23.490","98"
"831","195124","20220930132000","881","0","嘉義市","西區","120.450","23.470","924"
"731","195127","20220930132000","504","2","嘉義市","東區","120.470","23.470","794"
"31","195128","20220930132000","709","0","嘉義市","東區","120.475","23.480","45"
"680","195129","20220930132000","587","1","嘉義市","東區","120.465","23.485","671"
"34","195131","20220930132000","42","0","嘉義市","東區","120.480","23.480","31"
"839","195133","20220930132000","627","2","嘉義市","東區","120.460","23.490","749"
"43","195139","20220930132000","342","0","嘉義市","西區","120.405","23.480","52"
"300","195147","20220930132000","223","2","嘉義市","西區","120.415","23.465","276"
"57","195148","20220930132000","1331","0","嘉義市","西區","120.420","23.465","89"
"670","195150","20220930132000","537","2","嘉義市","西區","120.415","23.470","603"
"381","195151","20220930132000","368","1","嘉義市","西區","120.420","23.470","369"
"693","195154","20220930132000","393","3","嘉義市","西區","120.440","23.495","734"
"58","195158","20220930132000","76","0","嘉義市","東區","120.430","23.505","84"
"260","195159","20220930132000","212","2","嘉義市","西區","120.435","23.505","282"
"870","195160","20220930132000","1065","0","嘉義市","西區","120.445","23.485","833"
"1401","195161","20220930132000","1003","2","嘉義市","東區","120.460","23.465","1416"
"542","195162","20220930132000","1393","0","嘉義市","西區","120.445","23.470","564"
"361","195164","20220930132000","263","2","嘉義市","西區","120.425","23.465","369"
"63","195165","20220930132000","95","0","嘉義市","西區","120.425","23.480","64"
"1915","195166","20220930132000","1563","2","嘉義市","西區","120.445","23.480","1880"
"537","195167","20220930132000","570","0","嘉義市","東區","120.460","23.455","530"
"254","195169","20220930132000","191","2","嘉義市","東區","120.465","23.460","275"
"1067","195170","20220930132000","1359","0","嘉義市","東區","120.455","23.465","1006"
"693","195171","20220930132000","567","2","嘉義市","東區","120.455","23.470","700"
"353","195183","20220930132000","318","1","澎湖縣","馬公市","119.590","23.515","344"
"293","195202","20220930132000","186","3","澎湖縣","馬公市","119.605","23.525","307"
"199","195219","20220930132000","228","0","花蓮縣","瑞穗鄉","121.375","23.495","139"
"22","195220","20220930132000","84","0","花蓮縣","瑞穗鄉","121.375","23.500","20"
"349","195222","20220930132000","349","1","花蓮縣","瑞穗鄉","121.375","23.505","353"
"237","195231","20220930132000","227","1","花蓮縣","瑞穗鄉","121.390","23.490","253"
"1195","195232","20220930132000","1180","1","花蓮縣","瑞穗鄉","121.380","23.495","1173"
"76","195268","20220930132000","57","2","花蓮縣","瑞穗鄉","121.355","23.465","72"
"104","195289","20220930132000","103","1","花蓮縣","瑞穗鄉","121.360","23.475","93"
"308","195291","20220930132000","303","1","花蓮縣","瑞穗鄉","121.370","23.475","322"
"55","195336","20220930132000","26","3","花蓮縣","瑞穗鄉","121.390","23.520","50"
"19","195428","20220930132000","34","0","花蓮縣","瑞穗鄉","121.435","23.490","27"
"66","195430","20220930132000","52","2","花蓮縣","瑞穗鄉","121.445","23.490","79"
"249","196332","20220930132000","181","2","花蓮縣","瑞穗鄉","121.375","23.515","251"
"83","196345","20220930132000","52","3","花蓮縣","瑞穗鄉","121.360","23.480","64"
"201","196360","20220930132000","194","1","花蓮縣","瑞穗鄉","121.355","23.490","191"
"300","196364","20220930132000","264","1","花蓮縣","瑞穗鄉","121.375","23.490","315"
"54","196368","20220930132000","52","1","花蓮縣","瑞穗鄉","121.360","23.495","45"
"123","196453","20220930132000","112","1","花蓮縣","卓溪鄉","121.325","23.490","106"
"384","196567","20220930132000","291","2","花蓮縣","豐濱鄉","121.505","23.470","374"
"76","196575","20220930132000","39","3","花蓮縣","豐濱鄉","121.505","23.475","75"
"79","196592","20220930132000","73","1","花蓮縣","豐濱鄉","121.510","23.480","87"
"66","196639","20220930132000","31","3","花蓮縣","豐濱鄉","121.500","23.455","69"
"184","196667","20220930132000","124","2","花蓮縣","玉里鎮","121.405","23.465","189"
"118","196709","20220930132000","76","3","花蓮縣","玉里鎮","121.395","23.455","107"
"710","196774","20220930132000","447","3","嘉義縣","中埔鄉","120.465","23.455","675"
"982","196781","20220930132000","1365","0","嘉義縣","民雄鄉","120.430","23.520","1016"
"277","196789","20220930132000","286","0","嘉義縣","民雄鄉","120.440","23.515","287"
"326","196793","20220930132000","250","2","嘉義縣","六腳鄉","120.290","23.520","310"
"613","196815","20220930132000","581","1","嘉義縣","六腳鄉","120.250","23.510","652"
"33","196825","20220930132000","28","1","嘉義縣","六腳鄉","120.225","23.485","38"
"181","196836","20220930132000","83","3","嘉義縣","六腳鄉","120.285","23.500","170"
"179","196856","20220930132000","164","1","雲林縣","水林鄉","120.225","23.505","226"
"82","196879","20220930132000","330","0","嘉義縣","六腳鄉","120.245","23.485","81"
"303","196886","20220930132000","214","2","嘉義縣","民雄鄉","120.415","23.525","287"
"91","196888","20220930132000","23","3","嘉義縣","民雄鄉","120.425","23.525","79"
"103","196895","20220930132000","200","0","嘉義縣","太保市","120.310","23.460","113"
"466","196913","20220930132000","446","1","嘉義縣","新港鄉","120.375","23.515","476"
"705","196921","20220930132000","1355","0","嘉義縣","新港鄉","120.380","23.525","667"
"285","196935","20220930132000","290","0","嘉義縣","六腳鄉","120.280","23.505","302"
"457","196963","20220930132000","415","1","嘉義縣","六腳鄉","120.310","23.500","478"
"854","197018","20220930132000","789","1","嘉義縣","太保市","120.335","23.490","831"
"499","197019","20220930132000","285","3","嘉義縣","太保市","120.340","23.495","485"
"983","197036","20220930132000","2153","0","嘉義縣","太保市","120.365","23.500","906"
"181","197041","20220930132000","346","0","嘉義縣","太保市","120.360","23.510","194"
"967","197046","20220930132000","509","3","嘉義縣","太保市","120.370","23.500","1021"
"22","197053","20220930132000","10","3","嘉義縣","六腳鄉","120.265","23.525","15"
"366","197055","20220930132000","297","2","嘉義縣","六腳鄉","120.275","23.525","401"
"270","197536","20220930132000","306","0","南投縣","信義鄉","120.870","23.470","265"
"43","197634","20220930132000","57","0","南投縣","信義鄉","120.825","23.510","36"
"495","197682","20220930132000","771","0","嘉義縣","民雄鄉","120.440","23.520","514"
"1158","197684","20220930132000","1449","0","嘉義縣","民雄鄉","120.440","23.525","1159"
"1140","197685","20220930132000","1513","0","嘉義縣","民雄鄉","120.445","23.525","1209"
"285","197686","20220930132000","172","3","嘉義縣","民雄鄉","120.450","23.525","282"
"77","197696","20220930132000","40","3","嘉義縣","民雄鄉","120.425","23.510","67"
"459","197703","20220930132000","339","2","嘉義縣","民雄鄉","120.465","23.505","488"
"375","197710","20220930132000","386","0","嘉義縣","民雄鄉","120.475","23.515","378"
"50","197714","20220930132000","82","0","嘉義縣","民雄鄉","120.480","23.520","69"
"150","197719","20220930132000","101","2","雲林縣","水林鄉","120.205","23.530","158"
"43","197727","20220930132000","308","0","嘉義縣","太保市","120.380","23.490","46"
"433","197729","20220930132000","229","3","嘉義縣","太保市","120.370","23.495","400"
"21","197740","20220930132000","159","0","嘉義縣","太保市","120.380","23.475","22"
"152","197749","20220930132000","102","2","嘉義縣","太保市","120.385","23.480","168"
"3913","197755","20220930132000","2226","3","嘉義縣","朴子市","120.285","23.465","3950"
"344","197756","20220930132000","181","3","嘉義縣","朴子市","120.290","23.465","299"
"294","197762","20220930132000","235","2","嘉義縣","太保市","120.290","23.470","289"
"67","197764","20220930132000","235","0","嘉義縣","太保市","120.290","23.475","61"
"288","197766","20220930132000","111","3","嘉義縣","朴子市","120.240","23.470","258"
"48","197770","20220930132000","81","0","嘉義縣","新港鄉","120.310","23.515","35"
"30","197781","20220930132000","83","0","嘉義縣","新港鄉","120.330","23.520","33"
"96","197788","20220930132000","497","0","嘉義縣","朴子市","120.285","23.455","99"
"44","197789","20220930132000","175","0","嘉義縣","朴子市","120.290","23.455","38"
"557","197794","20220930132000","1352","0","嘉義縣","朴子市","120.285","23.460","529"
"198","197795","20220930132000","566","0","嘉義縣","朴子市","120.290","23.460","239"
"816","197796","20220930132000","568","2","嘉義縣","朴子市","120.265","23.465","917"
"96","197797","20220930132000","376","0","嘉義縣","朴子市","120.255","23.455","96"
"83","197799","20220930132000","31","3","嘉義縣","朴子市","120.265","23.455","82"
"968","197800","20220930132000","267","3","嘉義縣","朴子市","120.250","23.460","1006"
"116","197802","20220930132000","56","3","嘉義縣","朴子市","120.260","23.460","124"
"480","197804","20220930132000","212","3","嘉義縣","朴子市","120.255","23.465","457"
"472","197820","20220930132000","412","1","嘉義縣","新港鄉","120.365","23.515","468"
"182","197822","20220930132000","206","0","嘉義縣","新港鄉","120.350","23.520","149"
"127","197827","20220930132000","485","0","嘉義縣","新港鄉","120.355","23.520","123"
"52","197830","20220930132000","209","0","嘉義縣","新港鄉","120.330","23.510","53"
"59","197862","20220930132000","36","3","嘉義縣","阿里山鄉","120.790","23.505","54"
"216","197867","20220930132000","308","0","嘉義縣","阿里山鄉","120.810","23.515","224"
"239","197868","20220930132000","150","3","嘉義縣","阿里山鄉","120.815","23.515","271"
"415","197899","20220930132000","483","0","嘉義縣","太保市","120.335","23.475","455"
"284","197906","20220930132000","336","0","嘉義縣","太保市","120.345","23.480","296"
"61","197913","20220930132000","145","0","嘉義縣","太保市","120.300","23.465","62"
"18","197924","20220930132000","242","0","嘉義縣","太保市","120.300","23.470","22"
"113","197940","20220930132000","184","0","南投縣","信義鄉","120.890","23.490","81"
"101","198035","20220930132000","117","0","雲林縣","水林鄉","120.230","23.515","104"
"696","198046","20220930132000","430","3","雲林縣","水林鄉","120.230","23.520","660"
"2548","198052","20220930132000","1425","3","嘉義縣","朴子市","120.245","23.470","2599"
"90","198053","20220930132000","688","0","嘉義縣","六腳鄉","120.250","23.470","83"
"277","198057","20220930132000","1269","0","嘉義縣","朴子市","120.245","23.465","264"
"330","198066","20220930132000","1255","0","嘉義縣","朴子市","120.240","23.465","278"
"868","198068","20220930132000","307","3","嘉義縣","朴子市","120.225","23.460","942"
"323","198071","20220930132000","884","0","嘉義縣","朴子市","120.235","23.465","295"
"331","198076","20220930132000","286","1","嘉義縣","朴子市","120.270","23.480","316"
"90","198087","20220930132000","156","0","嘉義縣","太保市","120.355","23.465","92"
"1677","198089","20220930132000","2483","0","嘉義縣","太保市","120.380","23.500","1643"
"18","198113","20220930132000","87","0","雲林縣","水林鄉","120.225","23.510","15"
"1512","198129","20220930132000","804","3","嘉義縣","太保市","120.325","23.455","1623"
"157","198131","20220930132000","384","0","嘉義縣","太保市","120.335","23.455","132"
"77","198135","20220930132000","265","0","嘉義縣","太保市","120.335","23.460","72"
"121","198141","20220930132000","650","0","嘉義縣","太保市","120.295","23.455","121"
"418","198144","20220930132000","1516","0","嘉義縣","太保市","120.295","23.460","406"
"262","198164","20220930132000","187","2","嘉義縣","東石鄉","120.170","23.480","275"
"38","198190","20220930132000","30","2","嘉義縣","東石鄉","120.145","23.465","32"
"52","198208","20220930132000","59","0","嘉義縣","梅山鄉","120.710","23.520","39"
"195","198214","20220930132000","171","1","嘉義縣","梅山鄉","120.710","23.525","193"
"825","198237","20220930132000","759","1","嘉義縣","東石鄉","120.170","23.465","878"
"408","198282","20220930132000","545","0","嘉義縣","東石鄉","120.185","23.490","395"
"65","198283","20220930132000","83","0","嘉義縣","東石鄉","120.185","23.495","93"
"986","198309","20220930132000","991","0","嘉義縣","東石鄉","120.150","23.460","1051"
"582","198354","20220930132000","222","3","嘉義縣","東石鄉","120.155","23.500","573"
"192","198358","20220930132000","201","0","嘉義縣","東石鄉","120.175","23.500","192"
"94","198378","20220930132000","72","2","嘉義縣","東石鄉","120.160","23.510","88"
"232","198419","20220930132000","252","0","嘉義縣","梅山鄉","120.660","23.525","244"
"102","198450","20220930132000","101","1","嘉義縣","民雄鄉","120.450","23.520","123"
"465","198452","20220930132000","216","3","嘉義縣","民雄鄉","120.460","23.520","469"
"40","198455","20220930132000","62","0","嘉義縣","民雄鄉","120.455","23.525","47"
"610","198456","20220930132000","783","0","嘉義縣","民雄鄉","120.460","23.525","600"
"124","198457","20220930132000","93","2","嘉義縣","民雄鄉","120.450","23.530","129"
"689","198458","20220930132000","407","3","嘉義縣","民雄鄉","120.455","23.530","612"
"376","198459","20220930132000","358","1","嘉義縣","民雄鄉","120.460","23.530","391"
"290","198474","20220930132000","153","3","嘉義縣","民雄鄉","120.475","23.525","154"
"50","198490","20220930132000","142","0","嘉義縣","新港鄉","120.390","23.515","66"
"82","198491","20220930132000","65","2","嘉義縣","民雄鄉","120.400","23.515","78"
"517","198495","20220930132000","486","1","嘉義縣","民雄鄉","120.410","23.520","492"
"52","198501","20220930132000","73","0","嘉義縣","民雄鄉","120.415","23.520","52"
"1762","198503","20220930132000","1425","2","嘉義縣","民雄鄉","120.430","23.530","1628"
"369","198542","20220930132000","177","3","嘉義縣","六腳鄉","120.300","23.505","380"
"30","198546","20220930132000","27","1","嘉義縣","六腳鄉","120.300","23.515","26"
"52","198646","20220930132000","140","0","嘉義縣","水上鄉","120.375","23.460","34"
"167","198651","20220930132000","144","1","雲林縣","水林鄉","120.210","23.515","191"
"310","198686","20220930132000","315","0","嘉義縣","水上鄉","120.410","23.455","300"
"266","198687","20220930132000","198","2","嘉義縣","水上鄉","120.415","23.455","291"
"515","198691","20220930132000","236","3","嘉義市","西區","120.415","23.460","503"
"53","198693","20220930132000","87","0","嘉義縣","水上鄉","120.420","23.460","64"
"1477","198697","20220930132000","1000","2","嘉義縣","六腳鄉","120.295","23.490","1511"
"440","198713","20220930132000","292","3","雲林縣","口湖鄉","120.185","23.525","436"
"771","198720","20220930132000","744","1","嘉義縣","水上鄉","120.400","23.455","763"
"328","198726","20220930132000","1036","0","嘉義縣","朴子市","120.245","23.460","299"
"15","198735","20220930132000","17","0","嘉義縣","六腳鄉","120.260","23.530","17"
"15","198765","20220930132000","21","0","嘉義縣","竹崎鄉","120.580","23.520","12"
"335","198769","20220930132000","335","1","嘉義縣","番路鄉","120.555","23.465","324"
"544","198770","20220930132000","663","0","嘉義縣","番路鄉","120.560","23.465","667"
"255","198785","20220930132000","216","1","嘉義縣","番路鄉","120.505","23.455","263"
"153","198844","20220930132000","139","1","嘉義縣","番路鄉","120.620","23.480","156"
"32","198849","20220930132000","17","3","嘉義縣","番路鄉","120.625","23.485","28"
"126","198869","20220930132000","110","1","嘉義縣","番路鄉","120.540","23.460","99"
"300","198871","20220930132000","203","2","嘉義縣","番路鄉","120.550","23.460","277"
"175","198874","20220930132000","192","0","嘉義縣","番路鄉","120.540","23.465","159"
"50","198875","20220930132000","59","0","嘉義縣","番路鄉","120.535","23.470","34"
"155","198880","20220930132000","115","2","嘉義縣","番路鄉","120.600","23.455","150"
"203","198884","20220930132000","215","0","嘉義縣","番路鄉","120.595","23.460","190"
"53","198885","20220930132000","36","2","嘉義縣","番路鄉","120.600","23.460","50"
"15","198891","20220930132000","111","0","嘉義縣","番路鄉","120.530","23.475","21"
"698","198892","20220930132000","809","0","嘉義縣","番路鄉","120.535","23.475","769"
"154","198893","20220930132000","124","2","嘉義縣","番路鄉","120.510","23.480","156"
"31","198896","20220930132000","59","0","嘉義縣","番路鄉","120.525","23.480","26"
"409","198913","20220930132000","300","2","嘉義縣","竹崎鄉","120.685","23.460","397"
"173","198918","20220930132000","189","0","嘉義縣","竹崎鄉","120.695","23.475","184"
"28","198922","20220930132000","32","0","嘉義縣","竹崎鄉","120.700","23.480","26"
"19","198923","20220930132000","15","2","嘉義縣","竹崎鄉","120.705","23.480","14"
"38","198932","20220930132000","20","3","嘉義縣","竹崎鄉","120.705","23.485","27"
"343","198946","20220930132000","272","2","嘉義縣","竹崎鄉","120.695","23.500","320"
"478","198952","20220930132000","505","0","嘉義縣","竹崎鄉","120.695","23.505","418"
"37","198964","20220930132000","42","0","嘉義縣","竹崎鄉","120.660","23.505","30"
"225","198983","20220930132000","161","2","嘉義縣","竹崎鄉","120.635","23.520","211"
"14","199010","20220930132000","42","0","嘉義縣","竹崎鄉","120.625","23.530","14"
"84","199039","20220930132000","62","2","嘉義縣","竹崎鄉","120.650","23.470","82"
"172","199063","20220930132000","105","3","嘉義縣","竹崎鄉","120.680","23.480","161"
"315","199106","20220930132000","428","0","嘉義縣","竹崎鄉","120.570","23.485","342"
"336","199108","20220930132000","267","2","嘉義縣","竹崎鄉","120.555","23.485","337"
"100","199120","20220930132000","66","3","嘉義縣","竹崎鄉","120.540","23.515","116"
"1162","199122","20220930132000","1108","1","嘉義縣","竹崎鄉","120.550","23.515","1141"
"348","199146","20220930132000","351","0","嘉義縣","竹崎鄉","120.570","23.500","361"
"75","199161","20220930132000","552","0","嘉義縣","竹崎鄉","120.550","23.530","82"
"62","199213","20220930132000","43","2","嘉義縣","竹崎鄉","120.590","23.465","56"
"172","199237","20220930132000","145","1","嘉義縣","竹崎鄉","120.605","23.470","176"
"66","199241","20220930132000","58","1","嘉義縣","竹崎鄉","120.585","23.475","63"
"194","199248","20220930132000","132","2","嘉義縣","竹崎鄉","120.575","23.480","214"
"612","199280","20220930132000","485","2","嘉義縣","竹崎鄉","120.505","23.485","586"
"586","199288","20220930132000","635","0","嘉義縣","竹崎鄉","120.500","23.490","586"
"641","199291","20220930132000","476","2","嘉義縣","竹崎鄉","120.520","23.490","622"
"357","199297","20220930132000","512","0","嘉義縣","竹崎鄉","120.495","23.495","354"
"360","199306","20220930132000","190","3","嘉義縣","竹崎鄉","120.500","23.500","336"
"261","199313","20220930132000","236","1","嘉義縣","竹崎鄉","120.505","23.525","265"
"271","199322","20220930132000","251","1","嘉義縣","竹崎鄉","120.515","23.530","288"
"205","199330","20220930132000","238","0","嘉義縣","竹崎鄉","120.495","23.510","202"
"197","199332","20220930132000","91","3","嘉義縣","竹崎鄉","120.495","23.515","197"
"614","199353","20220930132000","608","1","嘉義縣","竹崎鄉","120.570","23.505","647"
"167","199358","20220930132000","130","2","嘉義縣","竹崎鄉","120.610","23.510","143"
"293","199367","20220930132000","149","3","嘉義縣","竹崎鄉","120.605","23.515","198"
"203","199379","20220930132000","75","3","嘉義縣","竹崎鄉","120.610","23.520","169"
"19","199459","20220930132000","36","0","嘉義縣","阿里山鄉","120.950","23.465","27"
"102","199523","20220930132000","42","3","嘉義縣","阿里山鄉","120.795","23.490","48"
"13","199541","20220930132000","15","0","嘉義縣","阿里山鄉","120.800","23.500","37"
"46","199544","20220930132000","34","2","嘉義縣","阿里山鄉","120.795","23.505","36"
"213","199552","20220930132000","229","0","嘉義縣","阿里山鄉","120.815","23.505","285"
"575","199555","20220930132000","620","0","嘉義縣","阿里山鄉","120.805","23.510","516"
"230","199603","20220930132000","204","1","嘉義縣","阿里山鄉","120.730","23.530","211"
"81","199642","20220930132000","97","0","嘉義縣","阿里山鄉","120.755","23.490","72"
"100","199653","20220930132000","79","2","嘉義縣","阿里山鄉","120.745","23.495","42"
"73","199699","20220930132000","74","0","嘉義縣","阿里山鄉","120.740","23.515","75"
"47","199719","20220930132000","57","0","嘉義縣","阿里山鄉","120.720","23.455","59"
"166","199725","20220930132000","188","0","嘉義縣","阿里山鄉","120.700","23.460","186"
"153","199742","20220930132000","164","0","嘉義縣","阿里山鄉","120.730","23.465","155"
"136","199744","20220930132000","108","2","嘉義縣","竹崎鄉","120.695","23.470","138"
"321","199745","20220930132000","373","0","嘉義縣","阿里山鄉","120.700","23.470","362"
"154","199748","20220930132000","146","1","嘉義縣","阿里山鄉","120.715","23.470","116"
"171","199760","20220930132000","142","2","嘉義縣","阿里山鄉","120.715","23.480","136"
"79","199769","20220930132000","127","0","嘉義縣","阿里山鄉","120.720","23.485","80"
"136","199777","20220930132000","121","1","嘉義縣","阿里山鄉","120.750","23.455","99"
"45","199798","20220930132000","46","0","嘉義縣","阿里山鄉","120.775","23.460","57"
"349","199875","20220930132000","159","3","嘉義縣","竹崎鄉","120.595","23.485","339"
"214","199886","20220930132000","113","3","嘉義縣","竹崎鄉","120.595","23.495","204"
"375","199897","20220930132000","335","1","嘉義縣","竹崎鄉","120.550","23.485","367"
"173","199900","20220930132000","252","0","嘉義縣","竹崎鄉","120.540","23.495","180"
"565","199903","20220930132000","651","0","嘉義縣","竹崎鄉","120.540","23.500","570"
"147","199909","20220930132000","115","2","嘉義縣","竹崎鄉","120.595","23.525","100"
"110","199920","20220930132000","118","0","嘉義縣","竹崎鄉","120.510","23.490","123"
"460","199938","20220930132000","491","0","嘉義縣","竹崎鄉","120.525","23.515","444"
"328","200367","20220930132000","493","0","澎湖縣","馬公市","119.550","23.535","350"
"43","201149","20220930132000","62","0","澎湖縣","馬公市","119.570","23.550","47"
"743","201150","20220930132000","334","3","澎湖縣","馬公市","119.575","23.550","704"
"146","201400","20220930132000","368","0","澎湖縣","馬公市","119.570","23.555","146"
"477","202108","20220930132000","702","0","澎湖縣","西嶼鄉","119.485","23.565","566"
"14","202120","20220930132000","11","2","澎湖縣","馬公市","119.560","23.565","18"
"1331","202121","20220930132000","1040","2","澎湖縣","馬公市","119.565","23.565","1496"
"449","202367","20220930132000","483","0","澎湖縣","馬公市","119.565","23.570","427"
"63","202600","20220930132000","59","1","澎湖縣","西嶼鄉","119.500","23.575","66"
"560","202858","20220930132000","631","0","澎湖縣","馬公市","119.575","23.580","546"
"12","202863","20220930132000","15","0","澎湖縣","湖西鄉","119.625","23.580","11"
"83","203106","20220930132000","83","1","澎湖縣","馬公市","119.570","23.585","77"
"529","203108","20220930132000","333","3","澎湖縣","馬公市","119.580","23.585","527"
"93","203109","20220930132000","90","1","澎湖縣","馬公市","119.585","23.585","106"
"42","203877","20220930132000","22","3","澎湖縣","湖西鄉","119.640","23.600","51"
"56","203940","20220930132000","57","0","澎湖縣","馬公市","119.570","23.560","51"
"1034","203941","20220930132000","1092","0","澎湖縣","馬公市","119.570","23.565","1070"
"1442","203942","20220930132000","2118","0","澎湖縣","馬公市","119.570","23.570","1442"
"323","203945","20220930132000","222","2","澎湖縣","湖西鄉","119.615","23.570","398"
"43","203947","20220930132000","335","0","澎湖縣","湖西鄉","119.625","23.570","47"
"267","203951","20220930132000","251","1","澎湖縣","馬公市","119.600","23.555","289"
"33","203964","20220930132000","153","0","澎湖縣","湖西鄉","119.620","23.600","33"
"408","203989","20220930132000","223","3","澎湖縣","西嶼鄉","119.480","23.565","467"
"286","203992","20220930132000","212","2","澎湖縣","湖西鄉","119.615","23.595","310"
"117","203994","20220930132000","108","1","澎湖縣","湖西鄉","119.665","23.585","93"
"49","204001","20220930132000","11","3","澎湖縣","馬公市","119.590","23.550","38"
"1295","204013","20220930132000","932","2","澎湖縣","馬公市","119.600","23.570","1238"
"123","204018","20220930132000","363","0","澎湖縣","馬公市","119.580","23.560","104"
"2048","204021","20220930132000","653","3","澎湖縣","馬公市","119.585","23.565","2097"
"1359","204022","20220930132000","531","3","澎湖縣","馬公市","119.590","23.565","1384"
"574","204025","20220930132000","801","0","澎湖縣","湖西鄉","119.630","23.565","569"
"342","204033","20220930132000","254","2","澎湖縣","湖西鄉","119.655","23.565","204"
"302","204042","20220930132000","232","2","澎湖縣","馬公市","119.545","23.540","308"
"281","204045","20220930132000","652","0","澎湖縣","湖西鄉","119.670","23.570","256"
"352","204049","20220930132000","347","1","澎湖縣","馬公市","119.575","23.570","343"
"1067","204050","20220930132000","571","3","澎湖縣","馬公市","119.580","23.570","1148"
"2146","204052","20220930132000","2290","0","澎湖縣","馬公市","119.575","23.575","2197"
"148","204053","20220930132000","535","0","澎湖縣","馬公市","119.580","23.575","118"
"499","204054","20220930132000","372","2","澎湖縣","馬公市","119.580","23.580","560"
"611","204067","20220930132000","294","3","澎湖縣","馬公市","119.615","23.555","622"
"95","204074","20220930132000","90","1","澎湖縣","湖西鄉","119.620","23.565","109"
"333","204075","20220930132000","272","2","澎湖縣","湖西鄉","119.650","23.570","459"
"598","204080","20220930132000","669","0","澎湖縣","湖西鄉","119.650","23.580","630"
"154","204087","20220930132000","208","0","澎湖縣","西嶼鄉","119.505","23.585","176"
"594","204092","20220930132000","908","0","澎湖縣","西嶼鄉","119.510","23.600","523"
"366","204107","20220930132000","268","2","澎湖縣","馬公市","119.560","23.560","287"
"499","204108","20220930132000","725","0","澎湖縣","馬公市","119.565","23.560","573"
"53","204109","20220930132000","25","3","澎湖縣","馬公市","119.595","23.550","54"
"59","204111","20220930132000","230","0","澎湖縣","馬公市","119.595","23.555","52"
"389","204113","20220930132000","192","3","澎湖縣","馬公市","119.605","23.535","378"
"55","204120","20220930132000","161","0","澎湖縣","馬公市","119.610","23.545","72"
"23","204123","20220930132000","17","2","澎湖縣","馬公市","119.615","23.550","18"
"83","204124","20220930132000","181","0","澎湖縣","馬公市","119.620","23.550","80"
"69","204136","20220930132000","119","0","澎湖縣","湖西鄉","119.640","23.580","69"
"284","204137","20220930132000","290","0","澎湖縣","湖西鄉","119.645","23.580","293"
"17","204159","20220930132000","149","0","澎湖縣","湖西鄉","119.630","23.555","12"
"519","204161","20220930132000","263","3","澎湖縣","湖西鄉","119.640","23.555","364"
"112","204162","20220930132000","707","0","澎湖縣","湖西鄉","119.630","23.560","116"
"26","204163","20220930132000","225","0","澎湖縣","湖西鄉","119.635","23.560","27"
"16","204174","20220930132000","318","0","澎湖縣","湖西鄉","119.615","23.590","20"
"142","204179","20220930132000","33","3","澎湖縣","湖西鄉","119.680","23.555","131"
"413","204185","20220930132000","304","2","澎湖縣","湖西鄉","119.670","23.565","386"
"2550","204189","20220930132000","1344","3","澎湖縣","馬公市","119.575","23.565","2974"
"111","204191","20220930132000","727","0","澎湖縣","馬公市","119.585","23.555","90"
"706","204192","20220930132000","258","3","澎湖縣","馬公市","119.585","23.560","649"
"11","204193","20220930132000","12","0","澎湖縣","馬公市","119.610","23.555","16"
"52","204194","20220930132000","161","0","澎湖縣","馬公市","119.595","23.560","44"
"2130","204195","20220930132000","863","3","澎湖縣","馬公市","119.600","23.560","2100"
"48","204307","20220930132000","31","3","花蓮縣","瑞穗鄉","121.370","23.575","58"
"283","204313","20220930132000","242","1","花蓮縣","瑞穗鄉","121.375","23.575","263"
"154","204317","20220930132000","156","0","花蓮縣","瑞穗鄉","121.370","23.580","144"
"154","204319","20220930132000","135","1","花蓮縣","瑞穗鄉","121.380","23.580","146"
"66","204320","20220930132000","46","2","花蓮縣","萬榮鄉","121.355","23.585","53"
"122","204355","20220930132000","114","1","花蓮縣","瑞穗鄉","121.385","23.570","165"
"85","204381","20220930132000","70","2","花蓮縣","瑞穗鄉","121.385","23.580","91"
"50","204384","20220930132000","54","0","花蓮縣","瑞穗鄉","121.400","23.580","50"
"167","204421","20220930132000","155","1","花蓮縣","光復鄉","121.390","23.605","172"
"54","204446","20220930132000","34","3","花蓮縣","光復鄉","121.385","23.605","49"
"183","204758","20220930132000","183","1","花蓮縣","瑞穗鄉","121.375","23.540","198"
"87","205305","20220930132000","26","3","花蓮縣","豐濱鄉","121.525","23.575","79"
"125","205386","20220930132000","78","3","花蓮縣","豐濱鄉","121.525","23.595","134"
"321","205403","20220930132000","252","2","花蓮縣","豐濱鄉","121.520","23.600","323"
"107","205422","20220930132000","57","3","花蓮縣","豐濱鄉","121.530","23.605","98"
"42","205447","20220930132000","85","0","花蓮縣","光復鄉","121.420","23.605","48"
"367","205461","20220930132000","280","2","雲林縣","元長鄉","120.350","23.600","412"
"59","205475","20220930132000","65","0","嘉義縣","民雄鄉","120.400","23.555","36"
"380","205481","20220930132000","422","0","嘉義縣","民雄鄉","120.400","23.560","429"
"308","205482","20220930132000","188","3","嘉義縣","溪口鄉","120.405","23.560","295"
"1075","205486","20220930132000","918","1","嘉義縣","民雄鄉","120.420","23.550","1246"
"35","205488","20220930132000","53","0","嘉義縣","民雄鄉","120.425","23.555","30"
"608","205494","20220930132000","357","3","嘉義縣","民雄鄉","120.380","23.545","645"
"24","205501","20220930132000","260","0","嘉義縣","民雄鄉","120.445","23.560","399"
"335","205502","20220930132000","221","3","嘉義縣","民雄鄉","120.450","23.560","296"
"51","205523","20220930132000","50","1","嘉義縣","民雄鄉","120.450","23.570","48"
"675","205531","20220930132000","503","2","嘉義縣","民雄鄉","120.435","23.565","643"
"98","205537","20220930132000","195","0","嘉義縣","民雄鄉","120.435","23.535","95"
"210","205548","20220930132000","161","2","嘉義縣","六腳鄉","120.295","23.540","202"
"349","205557","20220930132000","294","1","嘉義縣","六腳鄉","120.300","23.550","353"
"186","205571","20220930132000","225","0","雲林縣","水林鄉","120.245","23.605","186"
"106","205579","20220930132000","30","3","雲林縣","水林鄉","120.220","23.595","91"
"24","205586","20220930132000","196","0","雲林縣","水林鄉","120.235","23.605","20"
"86","205593","20220930132000","349","0","嘉義縣","新港鄉","120.345","23.570","89"
"126","205600","20220930132000","539","0","嘉義縣","新港鄉","120.345","23.550","117"
"372","205605","20220930132000","189","3","嘉義縣","新港鄉","120.330","23.560","365"
"201","205606","20220930132000","101","3","嘉義縣","新港鄉","120.335","23.560","192"
"38","205615","20220930132000","257","0","嘉義縣","新港鄉","120.340","23.575","37"
"480","205623","20220930132000","346","2","雲林縣","元長鄉","120.335","23.610","460"
"151","205641","20220930132000","108","2","嘉義縣","新港鄉","120.350","23.590","145"
"45","205649","20220930132000","272","0","嘉義縣","新港鄉","120.315","23.550","39"
"175","205670","20220930132000","98","3","雲林縣","口湖鄉","120.170","23.605","195"
"341","206056","20220930132000","223","3","南投縣","信義鄉","120.925","23.560","281"
"641","206426","20220930132000","503","2","南投縣","信義鄉","120.895","23.595","638"
"1129","206759","20220930132000","885","2","嘉義縣","溪口鄉","120.400","23.605","1197"
"714","206766","20220930132000","1100","0","嘉義縣","民雄鄉","120.430","23.550","768"
"1615","206767","20220930132000","1399","1","嘉義縣","民雄鄉","120.430","23.555","1546"
"781","206768","20220930132000","636","2","嘉義縣","民雄鄉","120.435","23.555","663"
"348","206781","20220930132000","337","1","雲林縣","北港鎮","120.325","23.585","351"
"112","206786","20220930132000","877","0","雲林縣","北港鎮","120.295","23.575","113"
"15","206787","20220930132000","13","1","雲林縣","北港鎮","120.305","23.575","14"
"389","206789","20220930132000","381","1","雲林縣","北港鎮","120.300","23.580","379"
"875","206790","20220930132000","819","1","雲林縣","北港鎮","120.305","23.580","884"
"72","206794","20220930132000","51","2","雲林縣","北港鎮","120.310","23.585","87"
"395","206797","20220930132000","1048","0","雲林縣","北港鎮","120.310","23.590","380"
"165","206815","20220930132000","132","2","嘉義縣","大林鎮","120.465","23.600","182"
"520","206822","20220930132000","265","3","嘉義縣","大林鎮","120.470","23.605","471"
"105","206825","20220930132000","420","0","嘉義縣","大林鎮","120.485","23.605","109"
"279","206830","20220930132000","205","2","嘉義縣","民雄鄉","120.445","23.545","232"
"24","206834","20220930132000","33","0","嘉義縣","民雄鄉","120.440","23.550","24"
"129","206837","20220930132000","98","2","嘉義縣","民雄鄉","120.455","23.550","117"
"199","206858","20220930132000","247","0","嘉義縣","民雄鄉","120.480","23.535","209"
"165","206869","20220930132000","165","1","嘉義縣","民雄鄉","120.500","23.540","196"
"31","206879","20220930132000","34","0","嘉義縣","民雄鄉","120.415","23.560","25"
"25","206882","20220930132000","28","0","嘉義縣","民雄鄉","120.410","23.565","25"
"31","206903","20220930132000","73","0","雲林縣","水林鄉","120.235","23.580","28"
"486","206905","20220930132000","197","3","雲林縣","水林鄉","120.230","23.585","469"
"23","206936","20220930132000","79","0","雲林縣","水林鄉","120.265","23.605","27"
"1161","206940","20220930132000","2104","0","雲林縣","北港鎮","120.300","23.565","1243"
"457","206943","20220930132000","299","3","雲林縣","北港鎮","120.310","23.575","458"
"442","206964","20220930132000","276","3","嘉義縣","新港鄉","120.360","23.590","402"
"96","206982","20220930132000","341","0","嘉義縣","新港鄉","120.370","23.555","78"
"731","206991","20220930132000","781","0","嘉義縣","新港鄉","120.350","23.555","739"
"711","206992","20220930132000","357","3","嘉義縣","新港鄉","120.355","23.555","684"
"119","206994","20220930132000","770","0","嘉義縣","新港鄉","120.350","23.560","128"
"777","206997","20220930132000","578","2","嘉義縣","新港鄉","120.320","23.565","783"
"39","207025","20220930132000","234","0","嘉義縣","新港鄉","120.335","23.540","35"
"1116","207038","20220930132000","588","3","嘉義縣","新港鄉","120.345","23.555","1117"
"74","207039","20220930132000","18","3","嘉義縣","新港鄉","120.345","23.560","64"
"49","207040","20220930132000","173","0","嘉義縣","新港鄉","120.345","23.535","31"
"70","207051","20220930132000","249","0","嘉義縣","新港鄉","120.375","23.560","46"
"41","207166","20220930132000","54","0","南投縣","信義鄉","120.915","23.545","52"
"111","207170","20220930132000","118","0","南投縣","信義鄉","120.870","23.550","107"
"137","207172","20220930132000","103","2","南投縣","信義鄉","120.880","23.550","136"
"110","207208","20220930132000","159","0","南投縣","信義鄉","120.905","23.565","189"
"68","207242","20220930132000","290","0","南投縣","信義鄉","120.890","23.590","65"
"1381","207256","20220930132000","3447","0","雲林縣","北港鎮","120.305","23.565","1285"
"263","207266","20220930132000","346","0","嘉義縣","新港鄉","120.310","23.565","222"
"1742","207275","20220930132000","1313","2","雲林縣","北港鎮","120.290","23.575","1667"
"163","207299","20220930132000","265","0","嘉義縣","梅山鄉","120.600","23.560","411"
"203","207304","20220930132000","161","2","嘉義縣","梅山鄉","120.595","23.565","183"
"322","207305","20220930132000","409","0","嘉義縣","梅山鄉","120.605","23.565","295"
"118","207326","20220930132000","135","0","嘉義縣","梅山鄉","120.625","23.550","151"
"309","207338","20220930132000","323","0","嘉義縣","梅山鄉","120.580","23.545","322"
"890","207352","20220930132000","916","0","嘉義縣","梅山鄉","120.555","23.585","856"
"632","207353","20220930132000","697","0","嘉義縣","梅山鄉","120.560","23.585","615"
"613","207356","20220930132000","342","3","嘉義縣","梅山鄉","120.550","23.590","573"
"372","207360","20220930132000","397","0","嘉義縣","大林鎮","120.450","23.605","452"
"101","207367","20220930132000","859","0","嘉義縣","大林鎮","120.525","23.595","107"
"219","207373","20220930132000","355","0","嘉義縣","大林鎮","120.500","23.605","257"
"152","207387","20220930132000","528","0","雲林縣","北港鎮","120.275","23.600","138"
"217","207403","20220930132000","236","0","雲林縣","北港鎮","120.325","23.595","213"
"408","207414","20220930132000","364","1","雲林縣","北港鎮","120.280","23.560","418"
"46","207432","20220930132000","203","0","雲林縣","口湖鄉","120.180","23.605","28"
"414","207435","20220930132000","277","2","雲林縣","古坑鄉","120.540","23.595","440"
"48","207462","20220930132000","87","0","雲林縣","古坑鄉","120.595","23.600","44"
"196","207463","20220930132000","146","2","雲林縣","古坑鄉","120.600","23.600","178"
"203","207465","20220930132000","146","2","雲林縣","古坑鄉","120.610","23.600","268"
"57","207467","20220930132000","32","3","雲林縣","古坑鄉","120.620","23.600","65"
"87","207494","20220930132000","54","3","雲林縣","古坑鄉","120.640","23.605","95"
"36","207498","20220930132000","88","0","雲林縣","古坑鄉","120.570","23.605","18"
"175","207505","20220930132000","169","1","嘉義縣","大林鎮","120.470","23.580","169"
"178","207507","20220930132000","295","0","嘉義縣","大林鎮","120.465","23.585","176"
"70","207511","20220930132000","43","3","嘉義縣","大林鎮","120.505","23.560","75"
"129","207522","20220930132000","93","2","嘉義縣","大林鎮","120.490","23.570","144"
"805","207523","20220930132000","910","0","嘉義縣","大林鎮","120.495","23.570","816"
"23","207536","20220930132000","136","0","嘉義縣","大林鎮","120.505","23.575","29"
"99","207556","20220930132000","850","0","嘉義縣","大林鎮","120.500","23.580","104"
"117","207558","20220930132000","297","0","嘉義縣","大林鎮","120.510","23.580","123"
"487","207564","20220930132000","236","3","嘉義縣","大林鎮","120.495","23.585","437"
"30","207576","20220930132000","201","0","嘉義縣","大林鎮","120.475","23.590","30"
"274","207578","20220930132000","252","1","嘉義縣","大林鎮","120.465","23.595","239"
"669","207585","20220930132000","361","3","嘉義縣","大林鎮","120.505","23.590","692"
"41","207587","20220930132000","438","0","嘉義縣","大林鎮","120.515","23.590","33"
"105","207592","20220930132000","499","0","嘉義縣","大林鎮","120.505","23.595","103"
"81","207596","20220930132000","27","3","嘉義縣","大林鎮","120.505","23.600","73"
"781","207602","20220930132000","820","0","嘉義縣","大林鎮","120.455","23.595","799"
"627","207604","20220930132000","872","0","嘉義縣","大林鎮","120.455","23.600","669"
"1034","207605","20220930132000","1174","0","嘉義縣","大林鎮","120.460","23.600","1082"
"131","207606","20220930132000","114","1","嘉義縣","大林鎮","120.460","23.605","144"
"223","207613","20220930132000","273","0","嘉義縣","大林鎮","120.445","23.610","249"
"32","207617","20220930132000","417","0","嘉義縣","大林鎮","120.445","23.595","24"
"1642","207626","20220930132000","1328","2","嘉義縣","大林鎮","120.455","23.605","1517"
"403","207628","20220930132000","1475","0","雲林縣","水林鄉","120.240","23.570","373"
"13","207629","20220930132000","17","0","雲林縣","水林鄉","120.245","23.570","19"
"161","207634","20220930132000","487","0","雲林縣","水林鄉","120.250","23.575","718"
"15","207650","20220930132000","12","2","雲林縣","水林鄉","120.265","23.535","17"
"354","207670","20220930132000","180","3","嘉義縣","溪口鄉","120.395","23.600","295"
"112","207674","20220930132000","83","2","嘉義縣","梅山鄉","120.575","23.560","103"
"198","207675","20220930132000","229","0","嘉義縣","梅山鄉","120.580","23.560","200"
"724","207684","20220930132000","903","0","嘉義縣","梅山鄉","120.565","23.575","731"
"81","207691","20220930132000","58","2","嘉義縣","梅山鄉","120.580","23.580","80"
"161","207701","20220930132000","66","3","嘉義縣","梅山鄉","120.600","23.565","155"
"35","207703","20220930132000","86","0","嘉義縣","梅山鄉","120.580","23.570","33"
"418","207707","20220930132000","153","3","嘉義縣","梅山鄉","120.595","23.570","386"
"119","207721","20220930132000","82","2","嘉義縣","梅山鄉","120.600","23.575","131"
"60","207724","20220930132000","73","0","嘉義縣","梅山鄉","120.615","23.580","97"
"391","207727","20220930132000","385","1","嘉義縣","梅山鄉","120.555","23.545","348"
"52","207736","20220930132000","57","0","嘉義縣","梅山鄉","120.545","23.555","61"
"37","207753","20220930132000","69","0","嘉義縣","梅山鄉","120.715","23.535","85"
"50","207756","20220930132000","98","0","嘉義縣","梅山鄉","120.730","23.535","48"
"320","207761","20220930132000","278","1","嘉義縣","梅山鄉","120.710","23.540","363"
"256","207793","20220930132000","125","3","嘉義縣","梅山鄉","120.740","23.555","256"
"166","207860","20220930132000","158","1","雲林縣","古坑鄉","120.695","23.580","157"
"126","207910","20220930132000","156","0","雲林縣","古坑鄉","120.690","23.595","218"
"60","207945","20220930132000","43","2","雲林縣","古坑鄉","120.710","23.605","58"
"27","207962","20220930132000","19","2","雲林縣","古坑鄉","120.575","23.595","27"
"29","207964","20220930132000","20","2","雲林縣","古坑鄉","120.585","23.595","38"
"354","207970","20220930132000","189","3","雲林縣","古坑鄉","120.590","23.585","350"
"227","207983","20220930132000","168","2","雲林縣","古坑鄉","120.595","23.595","240"
"81","207985","20220930132000","47","3","雲林縣","古坑鄉","120.585","23.600","84"
"410","207988","20220930132000","327","2","雲林縣","口湖鄉","120.165","23.535","443"
"1062","208006","20220930132000","731","2","雲林縣","口湖鄉","120.185","23.585","1006"
"182","208021","20220930132000","92","3","嘉義縣","梅山鄉","120.625","23.570","207"
"200","208025","20220930132000","188","1","嘉義縣","梅山鄉","120.625","23.575","221"
"209","208030","20220930132000","421","0","嘉義縣","新港鄉","120.310","23.570","237"
"25","208049","20220930132000","326","0","雲林縣","口湖鄉","120.160","23.560","26"
"43","208052","20220930132000","26","3","雲林縣","口湖鄉","120.180","23.550","65"
"102","208080","20220930132000","215","0","雲林縣","口湖鄉","120.150","23.580","67"
"138","208091","20220930132000","16","3","雲林縣","口湖鄉","120.140","23.585","133"
"518","208131","20220930132000","269","3","嘉義縣","民雄鄉","120.410","23.570","535"
"443","208146","20220930132000","424","1","雲林縣","大埤鄉","120.370","23.610","478"
"660","208152","20220930132000","563","1","嘉義縣","梅山鄉","120.560","23.580","664"
"230","208158","20220930132000","152","3","嘉義縣","梅山鄉","120.560","23.565","258"
"219","208165","20220930132000","221","0","嘉義縣","梅山鄉","120.555","23.575","195"
"134","208171","20220930132000","152","0","嘉義縣","梅山鄉","120.680","23.535","106"
"206","208176","20220930132000","219","0","嘉義縣","梅山鄉","120.665","23.540","198"
"164","208180","20220930132000","127","2","嘉義縣","梅山鄉","120.685","23.540","210"
"338","208200","20220930132000","321","1","嘉義縣","梅山鄉","120.665","23.550","285"
"106","208203","20220930132000","63","3","嘉義縣","梅山鄉","120.680","23.550","77"
"196","208265","20220930132000","137","2","嘉義縣","梅山鄉","120.530","23.580","202"
"37","208273","20220930132000","133","0","嘉義縣","梅山鄉","120.535","23.590","24"
"128","208303","20220930132000","128","1","嘉義縣","梅山鄉","120.535","23.550","100"
"79","208323","20220930132000","283","0","嘉義縣","民雄鄉","120.465","23.555","446"
"1580","208324","20220930132000","1318","1","嘉義縣","民雄鄉","120.470","23.555","1427"
"221","208325","20220930132000","77","3","嘉義縣","民雄鄉","120.475","23.555","216"
"43","208326","20220930132000","46","0","嘉義縣","民雄鄉","120.480","23.555","36"
"911","208328","20220930132000","879","1","嘉義縣","民雄鄉","120.470","23.560","876"
"1345","208329","20220930132000","1470","0","嘉義縣","民雄鄉","120.475","23.560","1608"
"314","208332","20220930132000","376","0","嘉義縣","民雄鄉","120.475","23.565","334"
"794","208347","20220930132000","323","3","嘉義縣","民雄鄉","120.400","23.535","728"
"51","208352","20220930132000","401","0","嘉義縣","民雄鄉","120.460","23.535","52"
"291","208357","20220930132000","189","3","嘉義縣","民雄鄉","120.460","23.545","259"
"1242","208359","20220930132000","1180","1","嘉義縣","民雄鄉","120.425","23.560","1173"
"49","208360","20220930132000","82","0","嘉義縣","民雄鄉","120.430","23.560","41"
"36","208363","20220930132000","276","0","嘉義縣","民雄鄉","120.425","23.570","34"
"295","208380","20220930132000","132","3","嘉義縣","民雄鄉","120.390","23.545","324"
"694","208390","20220930132000","408","3","嘉義縣","民雄鄉","120.420","23.540","687"
"470","208392","20220930132000","292","3","嘉義縣","民雄鄉","120.430","23.540","509"
"329","208407","20220930132000","157","3","雲林縣","口湖鄉","120.175","23.570","335"
"436","208415","20220930132000","284","3","雲林縣","口湖鄉","120.190","23.575","446"
"13","208438","20220930132000","117","0","雲林縣","口湖鄉","120.160","23.600","12"
"572","208452","20220930132000","535","1","嘉義縣","溪口鄉","120.430","23.585","713"
"49","208454","20220930132000","262","0","嘉義縣","溪口鄉","120.440","23.585","61"
"437","208468","20220930132000","422","1","嘉義縣","溪口鄉","120.385","23.595","458"
"252","208486","20220930132000","201","2","嘉義縣","溪口鄉","120.390","23.605","249"
"832","208497","20220930132000","856","0","嘉義縣","六腳鄉","120.300","23.560","782"
"445","208503","20220930132000","624","0","嘉義縣","六腳鄉","120.290","23.535","453"
"111","208508","20220930132000","457","0","雲林縣","口湖鄉","120.180","23.585","82"
"479","208528","20220930132000","246","3","雲林縣","口湖鄉","120.140","23.550","435"
"133","208546","20220930132000","381","0","雲林縣","口湖鄉","120.150","23.565","132"
"31","208554","20220930132000","178","0","雲林縣","水林鄉","120.270","23.565","95"
"1161","208568","20220930132000","831","2","雲林縣","口湖鄉","120.190","23.545","1196"
"197","208573","20220930132000","327","0","雲林縣","北港鎮","120.285","23.610","187"
"1211","208589","20220930132000","1737","0","雲林縣","北港鎮","120.300","23.570","1217"
"860","208590","20220930132000","957","0","雲林縣","北港鎮","120.300","23.575","851"
"87","208617","20220930132000","401","0","雲林縣","水林鄉","120.220","23.560","80"
"84","208629","20220930132000","224","0","雲林縣","水林鄉","120.205","23.575","85"
"16","208633","20220930132000","14","1","雲林縣","水林鄉","120.225","23.535","16"
"417","208638","20220930132000","273","3","雲林縣","水林鄉","120.230","23.540","402"
"170","208647","20220930132000","354","0","雲林縣","水林鄉","120.250","23.550","229"
"165","208695","20220930132000","94","3","嘉義縣","竹崎鄉","120.555","23.540","157"
"220","208704","20220930132000","84","3","嘉義縣","竹崎鄉","120.560","23.540","254"
"100","208793","20220930132000","51","3","嘉義縣","阿里山鄉","120.750","23.570","101"
"31","208821","20220930132000","63","0","嘉義縣","阿里山鄉","120.750","23.580","33"
"28","208866","20220930132000","31","0","嘉義縣","阿里山鄉","120.750","23.590","31"
"103","209129","20220930132000","101","1","澎湖縣","湖西鄉","119.625","23.605","88"
"92","209899","20220930132000","145","0","澎湖縣","白沙鄉","119.570","23.615","80"
"48","209905","20220930132000","215","0","澎湖縣","白沙鄉","119.605","23.615","52"
"102","210790","20220930132000","46","3","花蓮縣","豐濱鄉","121.535","23.635","124"
"112","210927","20220930132000","162","0","澎湖縣","西嶼鄉","119.530","23.635","110"
"300","210940","20220930132000","329","0","澎湖縣","白沙鄉","119.600","23.635","290"
"10","211725","20220930132000","29","0","澎湖縣","白沙鄉","119.630","23.650","39"
"443","212241","20220930132000","482","0","澎湖縣","白沙鄉","119.655","23.660","506"
"825","212745","20220930132000","472","3","澎湖縣","白沙鄉","119.595","23.665","753"
"15","212746","20220930132000","182","0","澎湖縣","白沙鄉","119.600","23.665","16"
"15","213441","20220930132000","137","0","澎湖縣","白沙鄉","119.555","23.655","15"
"85","213442","20220930132000","26","3","澎湖縣","白沙鄉","119.555","23.660","55"
"51","213444","20220930132000","207","0","澎湖縣","白沙鄉","119.590","23.655","63"
"51","213447","20220930132000","82","0","澎湖縣","白沙鄉","119.600","23.650","42"
"21","213448","20220930132000","79","0","澎湖縣","白沙鄉","119.560","23.655","33"
"547","213454","20220930132000","138","3","澎湖縣","白沙鄉","119.560","23.660","607"
"156","213465","20220930132000","190","0","澎湖縣","白沙鄉","119.595","23.650","155"
"116","213478","20220930132000","104","1","澎湖縣","西嶼鄉","119.520","23.605","140"
"154","213491","20220930132000","161","0","澎湖縣","西嶼鄉","119.510","23.615","153"
"143","213509","20220930132000","244","0","澎湖縣","西嶼鄉","119.515","23.630","180"
"165","213516","20220930132000","336","0","澎湖縣","西嶼鄉","119.515","23.650","206"
"379","213554","20220930132000","326","1","花蓮縣","光復鄉","121.430","23.675","345"
"217","213627","20220930132000","226","0","花蓮縣","光復鄉","121.420","23.660","212"
"373","213652","20220930132000","501","0","花蓮縣","光復鄉","121.420","23.670","335"
"88","213675","20220930132000","83","1","花蓮縣","光復鄉","121.415","23.680","72"
"69","213820","20220930132000","63","1","花蓮縣","光復鄉","121.430","23.635","77"
"23","213864","20220930132000","134","0","雲林縣","四湖鄉","120.185","23.650","20"
"25","214398","20220930132000","79","0","花蓮縣","豐濱鄉","121.540","23.655","20"
"64","214415","20220930132000","57","1","花蓮縣","豐濱鄉","121.545","23.670","112"
"66","214424","20220930132000","57","1","花蓮縣","豐濱鄉","121.530","23.680","88"
"61","214495","20220930132000","59","1","花蓮縣","豐濱鄉","121.485","23.640","24"
"40","214506","20220930132000","155","0","雲林縣","四湖鄉","120.180","23.650","40"
"169","214521","20220930132000","21","3","雲林縣","四湖鄉","120.185","23.660","147"
"55","214544","20220930132000","183","0","雲林縣","四湖鄉","120.275","23.650","378"
"126","214550","20220930132000","243","0","雲林縣","元長鄉","120.275","23.660","117"
"351","214565","20220930132000","197","3","雲林縣","四湖鄉","120.200","23.640","365"
"108","214566","20220930132000","112","0","雲林縣","四湖鄉","120.205","23.640","119"
"208","214578","20220930132000","380","0","雲林縣","四湖鄉","120.220","23.615","190"
"78","214580","20220930132000","193","0","雲林縣","四湖鄉","120.170","23.640","76"
"241","214640","20220930132000","167","2","花蓮縣","光復鄉","121.450","23.655","240"
"216","214665","20220930132000","248","0","花蓮縣","光復鄉","121.405","23.625","189"
"157","214678","20220930132000","140","1","花蓮縣","光復鄉","121.415","23.645","165"
"24","214691","20220930132000","39","0","花蓮縣","光復鄉","121.415","23.655","25"
"75","214697","20220930132000","67","1","花蓮縣","光復鄉","121.410","23.660","163"
"314","214701","20220930132000","207","3","花蓮縣","光復鄉","121.430","23.665","321"
"383","214703","20220930132000","401","0","花蓮縣","光復鄉","121.425","23.670","422"
"634","214705","20220930132000","535","1","花蓮縣","光復鄉","121.420","23.665","671"
"146","214706","20220930132000","134","1","花蓮縣","光復鄉","121.425","23.665","153"
"395","214707","20220930132000","350","1","花蓮縣","光復鄉","121.450","23.660","417"
"368","214728","20220930132000","155","3","雲林縣","元長鄉","120.315","23.675","375"
"20","214731","20220930132000","127","0","雲林縣","元長鄉","120.310","23.680","24"
"56","214762","20220930132000","28","3","雲林縣","元長鄉","120.285","23.640","56"
"397","214797","20220930132000","412","0","雲林縣","元長鄉","120.375","23.645","408"
"187","214824","20220930132000","103","3","雲林縣","東勢鄉","120.260","23.665","194"
"87","214826","20220930132000","232","0","雲林縣","東勢鄉","120.250","23.670","82"
"27","214842","20220930132000","197","0","雲林縣","四湖鄉","120.150","23.625","31"
"47","214846","20220930132000","102","0","雲林縣","口湖鄉","120.155","23.630","35"
"445","214854","20220930132000","278","3","雲林縣","斗南鎮","120.440","23.685","437"
"637","214857","20220930132000","525","2","雲林縣","斗南鎮","120.485","23.685","704"
"125","214861","20220930132000","68","3","雲林縣","斗南鎮","120.490","23.640","139"
"378","214868","20220930132000","267","2","雲林縣","斗南鎮","120.430","23.670","382"
"284","214876","20220930132000","220","2","雲林縣","斗南鎮","120.445","23.675","312"
"1578","214886","20220930132000","967","3","雲林縣","斗南鎮","120.475","23.665","1528"
"38","214887","20220930132000","244","0","雲林縣","大埤鄉","120.455","23.670","32"
"274","214890","20220930132000","288","0","雲林縣","斗南鎮","120.470","23.670","318"
"2212","214891","20220930132000","1712","2","雲林縣","斗南鎮","120.475","23.670","2164"
"446","214896","20220930132000","475","0","雲林縣","斗南鎮","120.470","23.675","423"
"210","214922","20220930132000","207","1","南投縣","鹿谷鄉","120.790","23.670","179"
"260","214931","20220930132000","314","0","南投縣","鹿谷鄉","120.790","23.675","224"
"1086","214932","20220930132000","442","3","南投縣","鹿谷鄉","120.800","23.670","1007"
"323","214936","20220930132000","212","3","南投縣","鹿谷鄉","120.795","23.675","267"
"68","214937","20220930132000","286","0","南投縣","鹿谷鄉","120.800","23.675","66"
"320","214940","20220930132000","203","3","南投縣","鹿谷鄉","120.795","23.680","320"
"361","214967","20220930132000","445","0","雲林縣","斗南鎮","120.485","23.640","348"
"207","214975","20220930132000","210","0","雲林縣","斗南鎮","120.480","23.665","207"
"345","214978","20220930132000","186","3","雲林縣","斗南鎮","120.485","23.670","377"
"140","215001","20220930132000","360","0","雲林縣","土庫鎮","120.390","23.665","148"
"866","215006","20220930132000","593","2","雲林縣","土庫鎮","120.380","23.675","928"
"1434","215009","20220930132000","912","3","雲林縣","土庫鎮","120.390","23.680","1432"
"28","215011","20220930132000","77","0","雲林縣","土庫鎮","120.385","23.685","26"
"159","215012","20220930132000","200","0","雲林縣","土庫鎮","120.390","23.685","162"
"239","215013","20220930132000","162","2","雲林縣","土庫鎮","120.365","23.660","213"
"254","215017","20220930132000","204","2","雲林縣","土庫鎮","120.370","23.665","251"
"201","215022","20220930132000","160","2","雲林縣","土庫鎮","120.375","23.670","245"
"396","215044","20220930132000","310","2","雲林縣","元長鄉","120.335","23.615","382"
"380","215049","20220930132000","314","2","雲林縣","元長鄉","120.335","23.620","355"
"28","215053","20220930132000","156","0","雲林縣","元長鄉","120.280","23.655","20"
"61","215072","20220930132000","53","1","雲林縣","元長鄉","120.350","23.615","59"
"303","215075","20220930132000","244","2","雲林縣","元長鄉","120.340","23.635","290"
"123","215100","20220930132000","257","0","雲林縣","元長鄉","120.330","23.660","118"
"813","215115","20220930132000","294","3","雲林縣","口湖鄉","120.165","23.615","810"
"210","215539","20220930132000","167","2","南投縣","信義鄉","120.865","23.625","216"
"115","215550","20220930132000","67","3","南投縣","信義鄉","120.895","23.630","95"
"100","215558","20220930132000","128","0","南投縣","信義鄉","120.880","23.635","105"
"231","215647","20220930132000","192","2","南投縣","信義鄉","120.860","23.665","209"
"42","215656","20220930132000","46","0","南投縣","信義鄉","120.855","23.670","41"
"122","216356","20220930132000","269","0","雲林縣","北港鎮","120.295","23.615","116"
"23","216361","20220930132000","19","2","雲林縣","斗南鎮","120.485","23.675","25"
"52","216367","20220930132000","59","0","雲林縣","斗南鎮","120.500","23.680","54"
"36","216370","20220930132000","272","0","雲林縣","斗南鎮","120.480","23.650","40"
"81","216372","20220930132000","75","1","雲林縣","斗南鎮","120.490","23.650","69"
"384","216377","20220930132000","350","1","雲林縣","斗南鎮","120.475","23.660","386"
"12","216386","20220930132000","20","0","雲林縣","元長鄉","120.335","23.630","14"
"216","216394","20220930132000","160","2","雲林縣","元長鄉","120.355","23.620","184"
"811","216409","20220930132000","619","2","雲林縣","元長鄉","120.360","23.640","873"
"111","216416","20220930132000","47","3","雲林縣","水林鄉","120.250","23.615","112"
"944","216421","20220930132000","677","2","雲林縣","斗南鎮","120.480","23.675","949"
"121","216424","20220930132000","97","2","雲林縣","斗南鎮","120.480","23.670","114"
"18","216438","20220930132000","14","2","雲林縣","斗六市","120.525","23.670","13"
"127","216439","20220930132000","81","3","雲林縣","斗六市","120.530","23.670","137"
"36","216451","20220930132000","35","1","雲林縣","斗六市","120.625","23.685","30"
"102","216459","20220930132000","272","0","雲林縣","土庫鎮","120.345","23.665","79"
"183","216478","20220930132000","73","3","雲林縣","水林鄉","120.260","23.620","166"
"124","216482","20220930132000","148","0","雲林縣","水林鄉","120.265","23.625","113"
"639","216488","20220930132000","438","2","雲林縣","斗南鎮","120.470","23.680","639"
"739","216489","20220930132000","597","2","雲林縣","斗南鎮","120.475","23.680","731"
"1370","216490","20220930132000","1222","1","雲林縣","斗南鎮","120.480","23.680","1388"
"127","216498","20220930132000","203","0","雲林縣","斗南鎮","120.515","23.645","102"
"375","216500","20220930132000","181","3","雲林縣","斗南鎮","120.505","23.650","328"
"214","216517","20220930132000","485","0","雲林縣","古坑鄉","120.540","23.660","231"
"70","216519","20220930132000","234","0","雲林縣","斗六市","120.525","23.665","73"
"128","216526","20220930132000","180","0","雲林縣","斗南鎮","120.465","23.685","110"
"16","216534","20220930132000","181","0","雲林縣","斗南鎮","120.535","23.650","32"
"83","216543","20220930132000","236","0","雲林縣","斗南鎮","120.505","23.665","68"
"19","216544","20220930132000","85","0","雲林縣","斗南鎮","120.495","23.670","22"
"234","216579","20220930132000","131","3","雲林縣","土庫鎮","120.345","23.660","237"
"263","216583","20220930132000","1082","0","雲林縣","土庫鎮","120.390","23.675","268"
"164","216589","20220930132000","368","0","雲林縣","土庫鎮","120.355","23.685","119"
"165","216595","20220930132000","310","0","雲林縣","大埤鄉","120.465","23.635","153"
"106","216597","20220930132000","296","0","雲林縣","大埤鄉","120.465","23.640","107"
"117","216607","20220930132000","230","0","雲林縣","大埤鄉","120.450","23.650","112"
"1242","216617","20220930132000","1275","0","南投縣","信義鄉","120.810","23.665","1178"
"197","216682","20220930132000","98","3","南投縣","信義鄉","120.865","23.640","144"
"47","216694","20220930132000","51","0","南投縣","信義鄉","120.875","23.660","57"
"44","216718","20220930132000","180","0","雲林縣","古坑鄉","120.565","23.625","42"
"173","216737","20220930132000","796","0","雲林縣","古坑鄉","120.565","23.640","198"
"60","216744","20220930132000","190","0","雲林縣","古坑鄉","120.575","23.645","37"
"17","216747","20220930132000","87","0","雲林縣","古坑鄉","120.585","23.645","18"
"188","216754","20220930132000","542","0","雲林縣","古坑鄉","120.550","23.610","185"
"49","216766","20220930132000","159","0","雲林縣","古坑鄉","120.540","23.620","48"
"17","216791","20220930132000","31","0","雲林縣","古坑鄉","120.605","23.670","15"
"11","216792","20220930132000","29","0","雲林縣","古坑鄉","120.595","23.670","11"
"66","216800","20220930132000","150","0","雲林縣","古坑鄉","120.590","23.685","51"
"486","216807","20220930132000","384","2","雲林縣","古坑鄉","120.565","23.645","496"
"13","216820","20220930132000","29","0","雲林縣","古坑鄉","120.615","23.650","13"
"28","216821","20220930132000","24","1","雲林縣","古坑鄉","120.605","23.655","26"
"259","216832","20220930132000","232","1","雲林縣","古坑鄉","120.575","23.675","261"
"205","216841","20220930132000","497","0","雲林縣","古坑鄉","120.570","23.685","189"
"17","216850","20220930132000","22","0","雲林縣","古坑鄉","120.610","23.610","16"
"247","216889","20220930132000","178","2","雲林縣","古坑鄉","120.600","23.685","278"
"45","216891","20220930132000","204","0","雲林縣","古坑鄉","120.610","23.685","39"
"29","216893","20220930132000","29","1","雲林縣","古坑鄉","120.620","23.685","25"
"600","216901","20220930132000","282","3","雲林縣","古坑鄉","120.635","23.615","665"
"71","216906","20220930132000","64","1","雲林縣","古坑鄉","120.640","23.620","77"
"66","216928","20220930132000","337","0","雲林縣","古坑鄉","120.560","23.670","64"
"96","216932","20220930132000","101","0","雲林縣","古坑鄉","120.570","23.610","63"
"79","216938","20220930132000","64","2","雲林縣","古坑鄉","120.575","23.615","103"
"327","216939","20220930132000","202","3","雲林縣","古坑鄉","120.580","23.615","359"
"180","216944","20220930132000","654","0","雲林縣","古坑鄉","120.560","23.620","172"
"653","216948","20220930132000","403","3","雲林縣","古坑鄉","120.580","23.620","472"
"605","216990","20220930132000","520","1","嘉義縣","大林鎮","120.470","23.620","527"
"22","217001","20220930132000","75","0","嘉義縣","大林鎮","120.495","23.620","24"
"18","217013","20220930132000","138","0","嘉義縣","大林鎮","120.500","23.625","28"
"32","217022","20220930132000","16","3","嘉義縣","大林鎮","120.490","23.615","35"
"27","217030","20220930132000","222","0","嘉義縣","大林鎮","120.420","23.615","24"
"201","217035","20220930132000","791","0","嘉義縣","大林鎮","120.435","23.620","198"
"120","217057","20220930132000","288","0","雲林縣","大埤鄉","120.395","23.625","105"
"89","217065","20220930132000","194","0","雲林縣","大埤鄉","120.380","23.620","65"
"75","217073","20220930132000","174","0","雲林縣","大埤鄉","120.425","23.665","66"
"37","217076","20220930132000","16","3","雲林縣","大埤鄉","120.415","23.665","35"
"112","217087","20220930132000","273","0","雲林縣","大埤鄉","120.470","23.655","101"
"191","217105","20220930132000","420","0","雲林縣","古坑鄉","120.555","23.625","176"
"222","217110","20220930132000","235","0","雲林縣","古坑鄉","120.555","23.630","236"
"33","217112","20220930132000","141","0","雲林縣","古坑鄉","120.550","23.640","40"
"45","217135","20220930132000","13","3","雲林縣","土庫鎮","120.395","23.680","47"
"22","217149","20220930132000","42","0","雲林縣","古坑鄉","120.710","23.610","39"
"54","217196","20220930132000","45","2","雲林縣","古坑鄉","120.590","23.650","51"
"76","217209","20220930132000","237","0","雲林縣","古坑鄉","120.575","23.665","72"
"944","217221","20220930132000","369","3","雲林縣","古坑鄉","120.560","23.650","962"
"100","217222","20220930132000","122","0","雲林縣","古坑鄉","120.560","23.655","87"
"31","217230","20220930132000","72","0","雲林縣","古坑鄉","120.515","23.625","36"
"287","217236","20220930132000","188","3","雲林縣","古坑鄉","120.525","23.630","244"
"72","217239","20220930132000","60","2","雲林縣","古坑鄉","120.520","23.635","80"
"75","217259","20220930132000","53","2","雲林縣","大埤鄉","120.420","23.625","63"
"59","217266","20220930132000","350","0","雲林縣","大埤鄉","120.420","23.635","82"
"568","217403","20220930132000","328","3","嘉義縣","溪口鄉","120.410","23.615","552"
"312","217423","20220930132000","80","3","雲林縣","大埤鄉","120.410","23.640","316"
"357","217432","20220930132000","832","0","雲林縣","大埤鄉","120.430","23.645","336"
"64","217442","20220930132000","169","0","雲林縣","大埤鄉","120.415","23.660","65"
"409","217449","20220930132000","104","3","雲林縣","東勢鄉","120.300","23.680","432"
"151","217458","20220930132000","304","0","雲林縣","東勢鄉","120.265","23.675","135"
"345","217463","20220930132000","422","0","雲林縣","東勢鄉","120.255","23.685","269"
"269","217467","20220930132000","735","0","雲林縣","東勢鄉","120.255","23.675","233"
"142","217492","20220930132000","217","0","雲林縣","四湖鄉","120.155","23.650","151"
"62","217496","20220930132000","27","3","雲林縣","四湖鄉","120.150","23.655","46"
"100","217497","20220930132000","190","0","雲林縣","四湖鄉","120.155","23.655","77"
"195","217526","20220930132000","88","3","雲林縣","元長鄉","120.320","23.615","228"
"30","217532","20220930132000","429","0","雲林縣","元長鄉","120.320","23.625","28"
"150","217546","20220930132000","63","3","雲林縣","四湖鄉","120.190","23.620","141"
"32","217550","20220930132000","98","0","雲林縣","四湖鄉","120.185","23.625","29"
"330","217561","20220930132000","638","0","雲林縣","四湖鄉","120.230","23.635","290"
"234","217585","20220930132000","153","3","雲林縣","斗六市","120.525","23.675","189"
"168","217589","20220930132000","105","3","雲林縣","斗六市","120.520","23.680","190"
"180","217593","20220930132000","567","0","雲林縣","斗六市","120.510","23.685","173"
"86","217594","20220930132000","191","0","雲林縣","斗六市","120.515","23.685","68"
"456","217597","20220930132000","177","3","雲林縣","斗南鎮","120.470","23.630","382"
"31","217604","20220930132000","22","2","雲林縣","斗南鎮","120.480","23.640","51"
"288","217605","20220930132000","86","3","雲林縣","四湖鄉","120.140","23.620","277"
"126","217610","20220930132000","63","3","雲林縣","四湖鄉","120.150","23.630","118"
"13","217614","20220930132000","42","0","雲林縣","四湖鄉","120.155","23.635","14"
"1234","217637","20220930132000","678","3","雲林縣","口湖鄉","120.160","23.610","1172"
"32","217641","20220930132000","194","0","雲林縣","元長鄉","120.310","23.615","31"
"111","217646","20220930132000","424","0","雲林縣","元長鄉","120.305","23.625","124"
"434","217654","20220930132000","169","3","雲林縣","元長鄉","120.325","23.655","447"
"82","217663","20220930132000","249","0","雲林縣","元長鄉","120.315","23.640","84"
"661","217673","20220930132000","1570","0","雲林縣","元長鄉","120.315","23.650","629"
"85","217674","20220930132000","95","0","雲林縣","元長鄉","120.300","23.655","77"
"347","217701","20220930132000","240","2","雲林縣","斗六市","120.560","23.675","317"
"24","217703","20220930132000","47","0","雲林縣","斗六市","120.555","23.680","18"
"524","217705","20220930132000","186","3","雲林縣","古坑鄉","120.565","23.680","494"
"25","217707","20220930132000","168","0","雲林縣","斗六市","120.550","23.685","26"
"83","217708","20220930132000","85","0","雲林縣","斗六市","120.555","23.685","115"
"270","217711","20220930132000","644","0","雲林縣","斗六市","120.540","23.675","267"
"20","217712","20220930132000","86","0","雲林縣","斗六市","120.545","23.675","17"
"627","217716","20220930132000","421","2","雲林縣","斗六市","120.545","23.680","602"
"543","217718","20220930132000","425","2","雲林縣","斗六市","120.540","23.685","535"
"92","217728","20220930132000","392","0","雲林縣","大埤鄉","120.450","23.665","81"
"330","217747","20220930132000","172","3","雲林縣","四湖鄉","120.220","23.635","274"
"146","217753","20220930132000","401","0","雲林縣","四湖鄉","120.225","23.645","141"
"189","217774","20220930132000","443","0","雲林縣","四湖鄉","120.175","23.680","171"
"19","217781","20220930132000","140","0","雲林縣","口湖鄉","120.200","23.615","22"
"329","217799","20220930132000","143","3","雲林縣","四湖鄉","120.215","23.635","305"
"1253","217801","20220930132000","573","3","雲林縣","四湖鄉","120.225","23.635","1146"
"84","217817","20220930132000","145","0","雲林縣","虎尾鎮","120.405","23.680","72"
"89","217819","20220930132000","236","0","雲林縣","虎尾鎮","120.415","23.680","73"
"507","217821","20220930132000","450","1","雲林縣","虎尾鎮","120.410","23.685","476"
"159","217830","20220930132000","129","2","南投縣","竹山鎮","120.660","23.670","129"
"281","217842","20220930132000","735","0","雲林縣","大埤鄉","120.450","23.630","238"
"79","217845","20220930132000","306","0","雲林縣","大埤鄉","120.465","23.630","66"
"84","217877","20220930132000","165","0","雲林縣","大埤鄉","120.395","23.650","82"
"29","217883","20220930132000","163","0","雲林縣","大埤鄉","120.400","23.655","20"
"63","217899","20220930132000","168","0","南投縣","竹山鎮","120.670","23.670","63"
"61","217987","20220930132000","137","0","南投縣","竹山鎮","120.805","23.620","40"
"125","218026","20220930132000","325","0","南投縣","竹山鎮","120.800","23.625","100"
"240","218047","20220930132000","204","1","南投縣","竹山鎮","120.795","23.630","215"
"25","218070","20220930132000","27","0","南投縣","竹山鎮","120.795","23.635","20"
"313","218092","20220930132000","156","3","南投縣","竹山鎮","120.790","23.640","318"
"187","218153","20220930132000","451","0","南投縣","竹山鎮","120.765","23.655","198"
"141","218168","20220930132000","82","3","南投縣","竹山鎮","120.745","23.660","141"
"16","218188","20220930132000","36","0","南投縣","鹿谷鄉","120.770","23.665","42"
"766","218218","20220930132000","882","0","南投縣","竹山鎮","120.760","23.675","631"
"101","218283","20220930132000","114","0","南投縣","竹山鎮","120.655","23.645","92"
"148","218348","20220930132000","118","2","南投縣","竹山鎮","120.665","23.650","142"
"149","218364","20220930132000","112","2","南投縣","竹山鎮","120.665","23.660","150"
"87","218386","20220930132000","161","0","雲林縣","台西鄉","120.225","23.680","85"
"117","218399","20220930132000","237","0","雲林縣","台西鄉","120.180","23.680","113"
"217","218413","20220930132000","190","1","雲林縣","台西鄉","120.210","23.665","183"
"61","219194","20220930132000","51","1","花蓮縣","豐濱鄉","121.555","23.695","65"
"390","222539","20220930132000","456","0","澎湖縣","白沙鄉","119.610","23.750","427"
"16","223443","20220930132000","100","0","澎湖縣","白沙鄉","119.610","23.745","16"
"784","223474","20220930132000","548","2","花蓮縣","鳳林鎮","121.445","23.745","801"
"95","223481","20220930132000","46","3","花蓮縣","鳳林鎮","121.445","23.750","91"
"167","223503","20220930132000","129","2","花蓮縣","光復鄉","121.410","23.685","142"
"19","223515","20220930132000","12","3","花蓮縣","光復鄉","121.485","23.690","29"
"14","223582","20220930132000","15","0","花蓮縣","壽豐鄉","121.560","23.755","11"
"342","223610","20220930132000","274","2","雲林縣","二崙鄉","120.420","23.755","337"
"37","223616","20220930132000","53","0","雲林縣","二崙鄉","120.425","23.755","34"
"184","223971","20220930132000","119","3","花蓮縣","鳳林鎮","121.455","23.745","217"
"208","223986","20220930132000","181","1","花蓮縣","鳳林鎮","121.465","23.755","211"
"277","224005","20220930132000","223","2","花蓮縣","鳳林鎮","121.505","23.710","264"
"79","224077","20220930132000","46","3","花蓮縣","鳳林鎮","121.500","23.760","64"
"55","224149","20220930132000","47","1","花蓮縣","鳳林鎮","121.410","23.700","48"
"411","224179","20220930132000","562","0","花蓮縣","鳳林鎮","121.420","23.710","432"
"66","224210","20220930132000","49","2","花蓮縣","萬榮鄉","121.395","23.715","63"
"55","224212","20220930132000","69","0","花蓮縣","萬榮鄉","121.405","23.715","55"
"536","224231","20220930132000","336","3","花蓮縣","鳳林鎮","121.450","23.750","551"
"381","224245","20220930132000","289","2","花蓮縣","鳳林鎮","121.440","23.725","342"
"778","224262","20220930132000","900","0","花蓮縣","鳳林鎮","121.450","23.745","765"
"76","224270","20220930132000","398","0","雲林縣","土庫鎮","120.365","23.705","75"
"128","224272","20220930132000","229","0","雲林縣","土庫鎮","120.365","23.710","132"
"31","224301","20220930132000","66","0","雲林縣","二崙鄉","120.410","23.750","21"
"235","224591","20220930132000","245","0","花蓮縣","鳳林鎮","121.450","23.760","260"
"99","224688","20220930132000","74","2","花蓮縣","豐濱鄉","121.560","23.730","128"
"47","224707","20220930132000","133","0","雲林縣","二崙鄉","120.395","23.750","44"
"67","224725","20220930132000","75","0","雲林縣","元長鄉","120.330","23.690","54"
"278","224731","20220930132000","264","1","雲林縣","斗六市","120.565","23.730","297"
"949","224732","20220930132000","613","3","雲林縣","斗六市","120.555","23.735","951"
"13","224733","20220930132000","14","0","雲林縣","斗六市","120.560","23.735","16"
"398","224734","20220930132000","253","3","雲林縣","斗六市","120.565","23.735","348"
"563","224735","20220930132000","329","3","雲林縣","斗六市","120.550","23.740","537"
"57","224737","20220930132000","48","1","雲林縣","斗六市","120.560","23.740","50"
"142","224742","20220930132000","205","0","雲林縣","斗六市","120.560","23.745","157"
"67","224761","20220930132000","406","0","雲林縣","褒忠鄉","120.280","23.705","78"
"371","224763","20220930132000","184","3","雲林縣","東勢鄉","120.270","23.710","369"
"263","224805","20220930132000","132","3","雲林縣","東勢鄉","120.255","23.735","286"
"181","224806","20220930132000","149","2","雲林縣","斗南鎮","120.485","23.690","170"
"143","224834","20220930132000","207","0","南投縣","鹿谷鄉","120.795","23.690","128"
"40","224863","20220930132000","224","0","南投縣","鹿谷鄉","120.780","23.720","42"
"240","224872","20220930132000","170","2","南投縣","鹿谷鄉","120.745","23.760","260"
"140","224873","20220930132000","146","0","南投縣","鹿谷鄉","120.725","23.765","122"
"366","224875","20220930132000","375","0","南投縣","鹿谷鄉","120.735","23.765","298"
"421","224896","20220930132000","478","0","南投縣","鹿谷鄉","120.780","23.705","462"
"36","224917","20220930132000","126","0","雲林縣","土庫鎮","120.365","23.730","42"
"387","224920","20220930132000","259","2","雲林縣","土庫鎮","120.385","23.690","395"
"708","224923","20220930132000","259","3","雲林縣","土庫鎮","120.390","23.695","732"
"70","224936","20220930132000","289","0","南投縣","鹿谷鄉","120.770","23.730","96"
"349","224950","20220930132000","349","1","南投縣","鹿谷鄉","120.760","23.740","330"
"386","224951","20220930132000","405","0","南投縣","鹿谷鄉","120.765","23.740","406"
"249","224973","20220930132000","767","0","南投縣","鹿谷鄉","120.775","23.750","256"
"378","225062","20220930132000","336","1","南投縣","鹿谷鄉","120.755","23.725","379"
"19","225085","20220930132000","16","1","南投縣","鹿谷鄉","120.740","23.730","35"
"60","225138","20220930132000","80","0","南投縣","鹿谷鄉","120.820","23.720","66"
"355","225159","20220930132000","366","0","南投縣","鹿谷鄉","120.790","23.730","394"
"329","225192","20220930132000","380","0","南投縣","鹿谷鄉","120.755","23.745","323"
"772","225195","20220930132000","505","3","南投縣","鹿谷鄉","120.755","23.750","714"
"304","225196","20220930132000","208","2","南投縣","鹿谷鄉","120.745","23.755","257"
"1078","225206","20220930132000","812","2","雲林縣","麥寮鄉","120.185","23.760","1106"
"300","225208","20220930132000","409","0","雲林縣","麥寮鄉","120.175","23.765","306"
"538","225215","20220930132000","596","0","雲林縣","斗六市","120.575","23.725","538"
"269","225247","20220930132000","206","2","南投縣","信義鄉","120.850","23.695","302"
"258","225254","20220930132000","214","2","南投縣","信義鄉","120.885","23.695","273"
"63","225259","20220930132000","150","0","南投縣","信義鄉","120.850","23.700","59"
"254","225307","20220930132000","201","2","南投縣","信義鄉","120.850","23.685","221"
"137","225309","20220930132000","109","2","南投縣","信義鄉","120.850","23.690","138"
"221","225972","20220930132000","176","2","雲林縣","斗南鎮","120.500","23.690","225"
"99","225977","20220930132000","684","0","雲林縣","斗南鎮","120.480","23.700","100"
"35","225978","20220930132000","259","0","雲林縣","斗南鎮","120.485","23.700","28"
"238","225980","20220930132000","279","0","雲林縣","斗南鎮","120.495","23.700","259"
"17","225985","20220930132000","14","2","雲林縣","斗南鎮","120.485","23.710","12"
"89","225991","20220930132000","309","0","雲林縣","斗六市","120.500","23.710","83"
"302","226020","20220930132000","168","3","南投縣","水里鄉","120.855","23.730","342"
"3084","226032","20220930132000","1267","3","雲林縣","斗六市","120.535","23.700","2976"
"1303","226033","20220930132000","764","3","雲林縣","斗六市","120.540","23.705","1286"
"744","226034","20220930132000","785","0","雲林縣","斗六市","120.555","23.710","752"
"1199","226037","20220930132000","1028","1","雲林縣","斗六市","120.555","23.715","1185"
"3203","226039","20220930132000","1989","3","雲林縣","斗六市","120.525","23.695","3370"
"1848","226040","20220930132000","640","3","雲林縣","斗六市","120.530","23.695","1853"
"3018","226042","20220930132000","1313","3","雲林縣","斗六市","120.535","23.705","2979"
"259","226047","20220930132000","109","3","雲林縣","斗六市","120.560","23.725","243"
"719","226050","20220930132000","352","3","雲林縣","斗六市","120.530","23.730","694"
"95","226056","20220930132000","289","0","雲林縣","斗六市","120.530","23.735","101"
"33","226057","20220930132000","34","0","雲林縣","斗六市","120.535","23.735","27"
"210","226058","20220930132000","232","0","雲林縣","斗六市","120.540","23.735","210"
"516","226062","20220930132000","405","2","雲林縣","斗六市","120.540","23.740","503"
"29","226065","20220930132000","27","1","雲林縣","斗六市","120.505","23.690","38"
"31","226070","20220930132000","25","2","雲林縣","斗六市","120.505","23.700","30"
"198","226075","20220930132000","224","0","雲林縣","斗六市","120.510","23.705","195"
"1554","226079","20220930132000","461","3","雲林縣","斗六市","120.525","23.690","1527"
"347","226080","20220930132000","672","0","雲林縣","斗六市","120.530","23.690","347"
"1868","226081","20220930132000","873","3","雲林縣","斗六市","120.535","23.690","1873"
"36","226082","20220930132000","361","0","雲林縣","斗六市","120.535","23.695","34"
"1193","226083","20220930132000","787","3","雲林縣","斗六市","120.595","23.710","1246"
"13","226085","20220930132000","171","0","雲林縣","斗六市","120.585","23.715","13"
"24","226086","20220930132000","26","0","雲林縣","斗六市","120.590","23.715","23"
"1146","226091","20220930132000","835","2","雲林縣","斗六市","120.595","23.715","1165"
"54","226098","20220930132000","134","0","雲林縣","斗六市","120.625","23.695","68"
"249","226124","20220930132000","205","2","雲林縣","斗六市","120.600","23.715","232"
"18","226125","20220930132000","23","0","雲林縣","斗六市","120.610","23.715","14"
"16","226131","20220930132000","30","0","雲林縣","斗六市","120.605","23.715","19"
"3255","226137","20220930132000","1940","3","雲林縣","斗六市","120.540","23.700","3415"
"296","226143","20220930132000","336","0","雲林縣","斗六市","120.505","23.715","292"
"977","226146","20220930132000","379","3","雲林縣","斗六市","120.525","23.715","967"
"976","226149","20220930132000","791","2","雲林縣","斗六市","120.505","23.720","953"
"373","226151","20220930132000","293","2","雲林縣","斗六市","120.515","23.720","356"
"1135","226153","20220930132000","529","3","雲林縣","斗六市","120.525","23.720","1179"
"1617","226159","20220930132000","1017","3","雲林縣","斗六市","120.520","23.725","1644"
"319","226168","20220930132000","879","0","雲林縣","土庫鎮","120.355","23.705","295"
"30","226173","20220930132000","460","0","雲林縣","斗南鎮","120.475","23.690","29"
"291","226174","20220930132000","248","1","雲林縣","斗南鎮","120.480","23.690","276"
"453","226175","20220930132000","352","2","雲林縣","斗南鎮","120.465","23.695","488"
"36","226182","20220930132000","145","0","雲林縣","崙背鄉","120.345","23.755","31"
"101","226190","20220930132000","365","0","雲林縣","崙背鄉","120.305","23.755","113"
"273","226206","20220930132000","113","3","雲林縣","土庫鎮","120.345","23.695","299"
"83","226232","20220930132000","380","0","南投縣","水里鄉","120.845","23.745","75"
"10","226253","20220930132000","65","0","南投縣","水里鄉","120.855","23.765","10"
"20","226258","20220930132000","34","0","雲林縣","虎尾鎮","120.460","23.700","20"
"402","226259","20220930132000","281","2","雲林縣","虎尾鎮","120.445","23.705","394"
"71","226261","20220930132000","339","0","雲林縣","虎尾鎮","120.455","23.705","51"
"1090","226263","20220930132000","954","1","雲林縣","虎尾鎮","120.450","23.710","1100"
"592","226265","20220930132000","424","2","雲林縣","虎尾鎮","120.445","23.710","584"
"231","226266","20220930132000","282","0","雲林縣","虎尾鎮","120.450","23.715","256"
"358","226267","20220930132000","214","3","雲林縣","虎尾鎮","120.415","23.715","372"
"417","226268","20220930132000","321","2","雲林縣","虎尾鎮","120.420","23.715","406"
"276","226277","20220930132000","274","1","雲林縣","虎尾鎮","120.420","23.725","258"
"1095","226286","20220930132000","994","1","雲林縣","虎尾鎮","120.425","23.735","1118"
"776","226287","20220930132000","404","3","雲林縣","虎尾鎮","120.415","23.740","654"
"447","226291","20220930132000","413","1","雲林縣","斗六市","120.575","23.715","425"
"350","226293","20220930132000","416","0","雲林縣","斗六市","120.580","23.720","334"
"1138","226294","20220930132000","1111","1","雲林縣","斗六市","120.585","23.720","1175"
"784","226298","20220930132000","724","1","雲林縣","斗六市","120.585","23.725","712"
"62","226299","20220930132000","53","1","雲林縣","斗六市","120.590","23.725","67"
"383","226302","20220930132000","281","2","雲林縣","斗六市","120.590","23.730","391"
"138","226669","20220930132000","409","0","雲林縣","崙背鄉","120.380","23.750","143"
"77","226674","20220930132000","108","0","雲林縣","崙背鄉","120.385","23.755","70"
"368","226678","20220930132000","169","3","雲林縣","崙背鄉","120.375","23.760","394"
"403","226684","20220930132000","278","2","雲林縣","斗六市","120.560","23.695","406"
"172","226686","20220930132000","96","3","雲林縣","斗六市","120.555","23.700","157"
"201","226687","20220930132000","128","3","雲林縣","斗六市","120.560","23.700","215"
"321","226689","20220930132000","250","2","雲林縣","斗六市","120.560","23.705","332"
"378","226695","20220930132000","488","0","雲林縣","斗六市","120.575","23.700","367"
"73","226701","20220930132000","285","0","雲林縣","斗六市","120.605","23.700","79"
"19","226707","20220930132000","14","2","雲林縣","斗六市","120.600","23.705","18"
"1124","226714","20220930132000","590","3","雲林縣","虎尾鎮","120.430","23.715","1061"
"375","226715","20220930132000","451","0","雲林縣","虎尾鎮","120.440","23.715","378"
"30","226718","20220930132000","47","0","雲林縣","斗六市","120.570","23.690","27"
"125","226726","20220930132000","70","3","雲林縣","古坑鄉","120.605","23.695","127"
"247","226731","20220930132000","199","2","雲林縣","虎尾鎮","120.400","23.715","238"
"76","226733","20220930132000","311","0","雲林縣","虎尾鎮","120.410","23.715","76"
"86","226737","20220930132000","398","0","雲林縣","虎尾鎮","120.445","23.715","399"
"128","226738","20220930132000","77","3","雲林縣","虎尾鎮","120.445","23.720","103"
"572","226739","20220930132000","431","2","雲林縣","虎尾鎮","120.450","23.720","586"
"534","226749","20220930132000","312","3","雲林縣","東勢鄉","120.250","23.715","505"
"83","226761","20220930132000","352","0","雲林縣","莿桐鄉","120.500","23.750","782"
"605","226763","20220930132000","249","3","雲林縣","莿桐鄉","120.510","23.750","553"
"251","226767","20220930132000","1012","0","雲林縣","莿桐鄉","120.500","23.760","211"
"80","226768","20220930132000","385","0","雲林縣","莿桐鄉","120.505","23.760","65"
"61","226770","20220930132000","30","3","雲林縣","莿桐鄉","120.500","23.765","71"
"34","226788","20220930132000","224","0","雲林縣","虎尾鎮","120.405","23.700","31"
"499","226802","20220930132000","261","3","雲林縣","虎尾鎮","120.460","23.710","471"
"91","226804","20220930132000","89","1","雲林縣","虎尾鎮","120.470","23.710","102"
"1035","226807","20220930132000","527","3","雲林縣","虎尾鎮","120.470","23.715","939"
"212","226810","20220930132000","130","3","雲林縣","虎尾鎮","120.460","23.715","184"
"73","226820","20220930132000","159","0","雲林縣","東勢鄉","120.245","23.690","74"
"50","226824","20220930132000","102","0","雲林縣","斗六市","120.600","23.725","49"
"245","226828","20220930132000","226","1","雲林縣","林內鄉","120.595","23.735","279"
"139","226841","20220930132000","669","0","雲林縣","林內鄉","120.595","23.750","120"
"77","226857","20220930132000","217","0","雲林縣","林內鄉","120.635","23.755","54"
"1374","226870","20220930132000","846","3","雲林縣","林內鄉","120.610","23.755","1659"
"69","226877","20220930132000","256","0","雲林縣","林內鄉","120.615","23.765","51"
"140","226880","20220930132000","430","0","雲林縣","林內鄉","120.620","23.765","156"
"76","226886","20220930132000","362","0","雲林縣","林內鄉","120.615","23.760","78"
"32","226903","20220930132000","76","0","雲林縣","林內鄉","120.620","23.745","34"
"25","226920","20220930132000","63","0","雲林縣","林內鄉","120.625","23.720","31"
"146","226924","20220930132000","123","1","雲林縣","林內鄉","120.610","23.725","138"
"144","226957","20220930132000","311","0","雲林縣","林內鄉","120.590","23.760","95"
"1612","226964","20220930132000","1755","0","雲林縣","斗六市","120.555","23.705","1594"
"1610","226965","20220930132000","844","3","雲林縣","斗六市","120.530","23.715","1304"
"551","226966","20220930132000","442","2","雲林縣","斗六市","120.535","23.710","616"
"1419","226967","20220930132000","993","2","雲林縣","斗六市","120.535","23.715","1425"
"66","227221","20220930132000","38","3","雲林縣","斗六市","120.545","23.720","70"
"276","227224","20220930132000","163","3","雲林縣","斗六市","120.540","23.725","275"
"85","227240","20220930132000","154","0","雲林縣","東勢鄉","120.270","23.705","79"
"50","227244","20220930132000","188","0","雲林縣","東勢鄉","120.285","23.690","55"
"54","227262","20220930132000","227","0","雲林縣","東勢鄉","120.250","23.705","58"
"167","227268","20220930132000","100","3","雲林縣","西螺鎮","120.460","23.760","162"
"1671","227273","20220930132000","1002","3","雲林縣","斗六市","120.545","23.715","1791"
"75","227274","20220930132000","88","0","雲林縣","斗六市","120.565","23.710","97"
"876","227276","20220930132000","734","1","雲林縣","斗六市","120.565","23.715","902"
"140","227279","20220930132000","173","0","雲林縣","斗六市","120.560","23.715","168"
"464","227280","20220930132000","435","1","雲林縣","斗六市","120.565","23.720","467"
"116","227287","20220930132000","331","0","雲林縣","土庫鎮","120.345","23.705","112"
"174","227301","20220930132000","106","3","雲林縣","斗六市","120.520","23.695","202"
"26","227302","20220930132000","38","0","雲林縣","斗六市","120.520","23.700","26"
"169","227303","20220930132000","319","0","雲林縣","斗六市","120.525","23.700","195"
"95","227306","20220930132000","1159","0","雲林縣","斗六市","120.530","23.705","74"
"40","227309","20220930132000","43","0","雲林縣","斗六市","120.525","23.710","30"
"49","227320","20220930132000","120","0","雲林縣","斗六市","120.565","23.695","43"
"1540","227328","20220930132000","1843","0","雲林縣","斗六市","120.540","23.710","1532"
"862","227329","20220930132000","616","2","雲林縣","斗六市","120.540","23.715","858"
"634","227330","20220930132000","660","0","雲林縣","斗六市","120.550","23.715","597"
"23","227339","20220930132000","256","0","雲林縣","斗六市","120.565","23.750","19"
"3542","227348","20220930132000","3032","1","雲林縣","斗六市","120.545","23.710","3502"
"1023","227349","20220930132000","908","1","雲林縣","斗六市","120.540","23.690","1095"
"362","227350","20220930132000","1060","0","雲林縣","斗六市","120.550","23.710","370"
"121","227351","20220930132000","131","0","雲林縣","崙背鄉","120.360","23.755","112"
"146","227355","20220930132000","300","0","雲林縣","崙背鄉","120.370","23.755","135"
"889","227359","20220930132000","846","1","雲林縣","崙背鄉","120.350","23.760","989"
"193","227365","20220930132000","133","2","雲林縣","崙背鄉","120.330","23.750","200"
"90","227373","20220930132000","215","0","雲林縣","崙背鄉","120.315","23.755","85"
"46","227383","20220930132000","146","0","雲林縣","崙背鄉","120.335","23.760","45"
"171","227395","20220930132000","188","0","雲林縣","西螺鎮","120.435","23.755","189"
"236","227444","20220930132000","658","0","雲林縣","台西鄉","120.200","23.715","248"
"92","227446","20220930132000","78","1","雲林縣","台西鄉","120.210","23.715","104"
"422","227476","20220930132000","1265","0","雲林縣","台西鄉","120.200","23.700","401"
"412","227502","20220930132000","749","0","南投縣","竹山鎮","120.695","23.760","409"
"368","227503","20220930132000","365","1","南投縣","竹山鎮","120.685","23.765","369"
"67","227504","20220930132000","79","0","南投縣","竹山鎮","120.690","23.765","80"
"289","227505","20220930132000","228","2","南投縣","竹山鎮","120.695","23.765","295"
"50","227537","20220930132000","115","0","南投縣","竹山鎮","120.725","23.755","42"
"15","227540","20220930132000","41","0","南投縣","竹山鎮","120.710","23.760","21"
"145","227544","20220930132000","116","2","雲林縣","莿桐鄉","120.525","23.735","155"
"131","227559","20220930132000","462","0","雲林縣","莿桐鄉","120.505","23.730","102"
"37","227564","20220930132000","242","0","雲林縣","莿桐鄉","120.515","23.735","54"
"96","227570","20220930132000","311","0","雲林縣","莿桐鄉","120.515","23.740","80"
"42","227577","20220930132000","117","0","雲林縣","莿桐鄉","120.490","23.760","21"
"12","227580","20220930132000","41","0","雲林縣","虎尾鎮","120.435","23.715","12"
"356","227581","20220930132000","309","1","雲林縣","虎尾鎮","120.435","23.720","371"
"263","227585","20220930132000","167","3","雲林縣","虎尾鎮","120.435","23.735","278"
"435","227588","20220930132000","227","3","雲林縣","虎尾鎮","120.435","23.690","446"
"386","227593","20220930132000","399","0","雲林縣","虎尾鎮","120.435","23.695","377"
"111","227603","20220930132000","375","0","雲林縣","土庫鎮","120.375","23.705","124"
"297","227604","20220930132000","149","3","雲林縣","虎尾鎮","120.380","23.705","319"
"468","227632","20220930132000","207","3","雲林縣","褒忠鄉","120.340","23.735","473"
"181","227636","20220930132000","595","0","南投縣","竹山鎮","120.680","23.750","324"
"545","227637","20220930132000","457","1","南投縣","竹山鎮","120.675","23.755","534"
"2526","227638","20220930132000","2052","2","南投縣","竹山鎮","120.680","23.755","2406"
"80","227639","20220930132000","89","0","南投縣","竹山鎮","120.685","23.755","77"
"107","227640","20220930132000","493","0","雲林縣","虎尾鎮","120.420","23.700","60"
"166","227642","20220930132000","166","1","雲林縣","虎尾鎮","120.420","23.705","215"
"458","227645","20220930132000","345","2","雲林縣","虎尾鎮","120.420","23.710","444"
"3242","227647","20220930132000","2760","1","雲林縣","虎尾鎮","120.435","23.710","3408"
"223","227655","20220930132000","211","1","雲林縣","褒忠鄉","120.310","23.720","217"
"231","227684","20220930132000","211","1","雲林縣","虎尾鎮","120.405","23.725","247"
"304","227697","20220930132000","123","3","雲林縣","虎尾鎮","120.395","23.735","316"
"338","227698","20220930132000","296","1","雲林縣","虎尾鎮","120.400","23.735","339"
"455","227706","20220930132000","384","1","雲林縣","虎尾鎮","120.405","23.740","427"
"1663","227716","20220930132000","1462","1","雲林縣","虎尾鎮","120.430","23.705","1647"
"662","227717","20220930132000","541","2","雲林縣","虎尾鎮","120.435","23.705","743"
"274","227722","20220930132000","134","3","雲林縣","崙背鄉","120.345","23.750","258"
"259","227728","20220930132000","688","0","雲林縣","崙背鄉","120.350","23.750","256"
"68","227730","20220930132000","367","0","雲林縣","崙背鄉","120.350","23.755","60"
"89","227733","20220930132000","76","1","雲林縣","虎尾鎮","120.400","23.710","82"
"611","227738","20220930132000","466","2","雲林縣","虎尾鎮","120.430","23.710","581"
"67","227741","20220930132000","242","0","雲林縣","斗南鎮","120.485","23.720","64"
"13","227744","20220930132000","19","0","雲林縣","虎尾鎮","120.485","23.725","18"
"534","227745","20220930132000","258","3","雲林縣","虎尾鎮","120.490","23.725","434"
"215","227748","20220930132000","128","3","雲林縣","虎尾鎮","120.480","23.730","254"
"1182","227763","20220930132000","682","3","雲林縣","虎尾鎮","120.440","23.710","1152"
"83","227766","20220930132000","519","0","雲林縣","虎尾鎮","120.390","23.705","64"
"388","227798","20220930132000","557","0","南投縣","竹山鎮","120.710","23.765","392"
"593","227807","20220930132000","611","0","南投縣","竹山鎮","120.700","23.765","624"
"233","227808","20220930132000","152","3","南投縣","竹山鎮","120.705","23.765","213"
"493","227840","20220930132000","513","0","南投縣","竹山鎮","120.685","23.760","451"
"166","227842","20220930132000","562","0","南投縣","竹山鎮","120.675","23.760","188"
"221","227852","20220930132000","156","2","南投縣","竹山鎮","120.650","23.705","223"
"42","227871","20220930132000","90","0","南投縣","竹山鎮","120.655","23.720","36"
"766","227882","20220930132000","486","3","雲林縣","虎尾鎮","120.430","23.700","803"
"213","227894","20220930132000","600","0","雲林縣","虎尾鎮","120.460","23.725","185"
"60","227907","20220930132000","226","0","雲林縣","虎尾鎮","120.465","23.740","57"
"1701","227921","20220930132000","1855","0","雲林縣","褒忠鄉","120.315","23.695","1721"
"109","227938","20220930132000","85","2","南投縣","竹山鎮","120.715","23.695","110"
"10","227943","20220930132000","11","0","南投縣","竹山鎮","120.715","23.700","10"
"31","227947","20220930132000","46","0","南投縣","竹山鎮","120.715","23.705","53"
"19","227979","20220930132000","40","0","南投縣","竹山鎮","120.700","23.705","19"
"114","228012","20220930132000","341","0","雲林縣","褒忠鄉","120.285","23.700","106"
"1211","228016","20220930132000","638","3","雲林縣","褒忠鄉","120.315","23.710","1252"
"216","228047","20220930132000","116","3","南投縣","竹山鎮","120.665","23.755","226"
"485","228051","20220930132000","446","1","南投縣","竹山鎮","120.665","23.760","502"
"788","228091","20220930132000","324","3","雲林縣","台西鄉","120.215","23.740","723"
"264","228138","20220930132000","306","0","雲林縣","崙背鄉","120.295","23.760","276"
"53","228142","20220930132000","258","0","雲林縣","虎尾鎮","120.440","23.720","43"
"708","228151","20220930132000","195","3","雲林縣","麥寮鄉","120.260","23.750","696"
"793","228157","20220930132000","335","3","雲林縣","麥寮鄉","120.255","23.760","803"
"2097","228161","20220930132000","1439","2","雲林縣","斗六市","120.545","23.705","2110"
"284","228162","20220930132000","367","0","雲林縣","斗六市","120.550","23.705","293"
"22","228176","20220930132000","311","0","南投縣","竹山鎮","120.665","23.740","19"
"113","228194","20220930132000","128","0","南投縣","竹山鎮","120.705","23.745","132"
"43","228199","20220930132000","28","3","南投縣","竹山鎮","120.700","23.750","39"
"450","228200","20220930132000","290","3","南投縣","竹山鎮","120.690","23.755","439"
"96","228205","20220930132000","55","3","南投縣","竹山鎮","120.680","23.745","62"
"163","228207","20220930132000","167","0","南投縣","竹山鎮","120.675","23.750","178"
"201","228209","20220930132000","520","0","雲林縣","台西鄉","120.210","23.720","205"
"1450","228228","20220930132000","753","3","雲林縣","台西鄉","120.220","23.720","1489"
"42","228231","20220930132000","17","3","雲林縣","台西鄉","120.215","23.700","30"
"188","228245","20220930132000","357","0","雲林縣","台西鄉","120.190","23.700","189"
"80","228266","20220930132000","167","0","雲林縣","麥寮鄉","120.260","23.745","78"
"643","228271","20220930132000","515","2","雲林縣","麥寮鄉","120.250","23.750","608"
"566","228272","20220930132000","1600","0","雲林縣","麥寮鄉","120.255","23.750","564"
"508","228274","20220930132000","272","3","雲林縣","麥寮鄉","120.265","23.750","473"
"106","228278","20220930132000","465","0","雲林縣","莿桐鄉","120.480","23.745","73"
"1166","228283","20220930132000","925","2","雲林縣","西螺鎮","120.465","23.755","1154"
"250","228312","20220930132000","762","0","雲林縣","麥寮鄉","120.240","23.750","211"
"201","228321","20220930132000","158","2","雲林縣","台西鄉","120.220","23.750","187"
"297","228335","20220930132000","286","1","雲林縣","虎尾鎮","120.420","23.690","362"
"246","228337","20220930132000","190","2","雲林縣","虎尾鎮","120.425","23.695","249"
"3016","228338","20220930132000","2207","2","雲林縣","虎尾鎮","120.425","23.700","2972"
"66","228340","20220930132000","598","0","雲林縣","虎尾鎮","120.425","23.710","54"
"38","228375","20220930132000","81","0","南投縣","竹山鎮","120.665","23.725","42"
"48","228395","20220930132000","95","0","南投縣","竹山鎮","120.690","23.725","48"
"214","228399","20220930132000","107","3","南投縣","竹山鎮","120.710","23.725","191"
"30","228402","20220930132000","129","0","南投縣","竹山鎮","120.690","23.730","30"
"258","228415","20220930132000","1038","0","南投縣","竹山鎮","120.680","23.760","251"
"517","228711","20220930132000","489","1","雲林縣","麥寮鄉","120.170","23.770","520"
"464","230307","20220930132000","634","0","雲林縣","麥寮鄉","120.180","23.795","473"
"35","232186","20220930132000","44","0","花蓮縣","壽豐鄉","121.585","23.825","48"
"199","233034","20220930132000","124","3","花蓮縣","壽豐鄉","121.565","23.780","134"
"14","233064","20220930132000","16","0","花蓮縣","壽豐鄉","121.570","23.800","17"
"104","233104","20220930132000","63","3","花蓮縣","壽豐鄉","121.460","23.810","102"
"289","233119","20220930132000","258","1","花蓮縣","壽豐鄉","121.475","23.815","293"
"193","233140","20220930132000","171","1","花蓮縣","壽豐鄉","121.480","23.825","220"
"473","233238","20220930132000","519","0","花蓮縣","壽豐鄉","121.515","23.840","490"
"13","233277","20220930132000","11","1","花蓮縣","壽豐鄉","121.590","23.840","15"
"68","233282","20220930132000","116","0","雲林縣","二崙鄉","120.420","23.815","81"
"14","234003","20220930132000","28","0","花蓮縣","鳳林鎮","121.475","23.795","15"
"191","234014","20220930132000","184","1","花蓮縣","鳳林鎮","121.455","23.800","181"
"163","234015","20220930132000","110","2","花蓮縣","鳳林鎮","121.460","23.800","173"
"62","234031","20220930132000","45","2","花蓮縣","鳳林鎮","121.465","23.805","44"
"311","234042","20220930132000","264","1","花蓮縣","萬榮鄉","121.445","23.810","301"
"1195","234074","20220930132000","1227","0","雲林縣","二崙鄉","120.415","23.770","1147"
"53","234106","20220930132000","199","0","雲林縣","二崙鄉","120.410","23.815","46"
"87","234119","20220930132000","16","3","雲林縣","二崙鄉","120.415","23.795","71"
"91","234120","20220930132000","351","0","雲林縣","二崙鄉","120.420","23.795","102"
"520","234127","20220930132000","332","3","雲林縣","二崙鄉","120.385","23.795","492"
"436","234130","20220930132000","273","3","雲林縣","二崙鄉","120.380","23.800","439"
"457","234162","20220930132000","205","3","雲林縣","二崙鄉","120.395","23.820","466"
"243","234274","20220930132000","156","3","花蓮縣","鳳林鎮","121.460","23.780","279"
"99","234277","20220930132000","68","2","花蓮縣","鳳林鎮","121.460","23.785","91"
"110","234283","20220930132000","380","0","雲林縣","二崙鄉","120.410","23.805","78"
"29","234324","20220930132000","127","0","雲林縣","二崙鄉","120.395","23.765","35"
"58","234338","20220930132000","397","0","雲林縣","二崙鄉","120.365","23.805","57"
"248","234386","20220930132000","559","0","雲林縣","二崙鄉","120.395","23.790","252"
"1011","234401","20220930132000","534","3","雲林縣","西螺鎮","120.470","23.795","1005"
"284","234404","20220930132000","262","1","雲林縣","西螺鎮","120.470","23.800","310"
"282","234406","20220930132000","263","1","雲林縣","西螺鎮","120.480","23.800","273"
"1605","234413","20220930132000","920","3","雲林縣","西螺鎮","120.450","23.785","1618"
"851","234432","20220930132000","329","3","雲林縣","麥寮鄉","120.265","23.780","629"
"139","234453","20220930132000","24","3","雲林縣","麥寮鄉","120.235","23.790","143"
"159","234454","20220930132000","372","0","雲林縣","麥寮鄉","120.240","23.790","111"
"1960","234481","20220930132000","1446","2","南投縣","水里鄉","120.855","23.815","2034"
"139","234482","20220930132000","111","2","南投縣","水里鄉","120.860","23.815","158"
"24","234513","20220930132000","254","0","雲林縣","西螺鎮","120.485","23.785","26"
"294","234539","20220930132000","220","2","雲林縣","西螺鎮","120.450","23.775","290"
"1244","234540","20220930132000","757","3","雲林縣","西螺鎮","120.445","23.780","1239"
"32","234570","20220930132000","33","0","南投縣","鹿谷鄉","120.740","23.775","22"
"282","234591","20220930132000","250","1","南投縣","水里鄉","120.845","23.820","357"
"221","234630","20220930132000","194","1","南投縣","水里鄉","120.930","23.795","238"
"183","234678","20220930132000","717","0","南投縣","水里鄉","120.850","23.815","156"
"186","234703","20220930132000","186","1","南投縣","水里鄉","120.845","23.775","205"
"490","234721","20220930132000","346","2","彰化縣","溪州鄉","120.515","23.815","468"
"195","234765","20220930132000","116","3","南投縣","鹿谷鄉","120.785","23.790","218"
"33","234802","20220930132000","122","0","南投縣","鹿谷鄉","120.785","23.805","23"
"55","234826","20220930132000","45","2","南投縣","鹿谷鄉","120.785","23.765","53"
"72","234843","20220930132000","51","2","南投縣","鹿谷鄉","120.775","23.775","69"
"186","234859","20220930132000","91","3","南投縣","鹿谷鄉","120.775","23.785","190"
"339","234881","20220930132000","268","2","雲林縣","麥寮鄉","120.195","23.775","387"
"294","234888","20220930132000","317","0","雲林縣","麥寮鄉","120.180","23.785","271"
"201","234892","20220930132000","343","0","雲林縣","麥寮鄉","120.200","23.785","198"
"841","234900","20220930132000","623","2","雲林縣","麥寮鄉","120.205","23.790","844"
"1646","234906","20220930132000","710","3","雲林縣","麥寮鄉","120.260","23.790","1530"
"2339","234915","20220930132000","1492","3","雲林縣","麥寮鄉","120.220","23.795","2456"
"629","234934","20220930132000","226","3","雲林縣","麥寮鄉","120.230","23.795","643"
"1231","234937","20220930132000","571","3","雲林縣","麥寮鄉","120.245","23.795","1250"
"86","234945","20220930132000","62","2","雲林縣","麥寮鄉","120.190","23.800","90"
"391","234949","20220930132000","261","2","雲林縣","麥寮鄉","120.210","23.800","384"
"1423","234952","20220930132000","1002","2","雲林縣","麥寮鄉","120.225","23.800","1376"
"375","234961","20220930132000","177","3","雲林縣","麥寮鄉","120.270","23.800","384"
"340","234965","20220930132000","243","2","雲林縣","麥寮鄉","120.195","23.805","338"
"567","234967","20220930132000","522","1","雲林縣","麥寮鄉","120.205","23.805","616"
"693","234997","20220930132000","725","0","雲林縣","麥寮鄉","120.215","23.815","678"
"17","235080","20220930132000","101","0","南投縣","信義鄉","120.940","23.820","11"
"35","235214","20220930132000","37","0","南投縣","信義鄉","120.980","23.785","22"
"83","235228","20220930132000","220","0","雲林縣","崙背鄉","120.350","23.775","112"
"254","235235","20220930132000","101","3","雲林縣","崙背鄉","120.345","23.785","237"
"30","235239","20220930132000","265","0","雲林縣","崙背鄉","120.350","23.790","32"
"905","235274","20220930132000","763","1","南投縣","水里鄉","120.850","23.810","972"
"347","235297","20220930132000","315","1","彰化縣","溪州鄉","120.505","23.815","413"
"836","235309","20220930132000","718","1","彰化縣","溪州鄉","120.540","23.830","832"
"474","235350","20220930132000","432","1","彰化縣","溪州鄉","120.490","23.830","490"
"297","235352","20220930132000","213","2","彰化縣","溪州鄉","120.475","23.835","292"
"494","235362","20220930132000","297","3","彰化縣","溪州鄉","120.480","23.845","485"
"761","235370","20220930132000","207","3","彰化縣","溪州鄉","120.500","23.840","271"
"548","235385","20220930132000","275","3","雲林縣","崙背鄉","120.325","23.780","561"
"318","235405","20220930132000","219","2","南投縣","水里鄉","120.865","23.795","347"
"742","235409","20220930132000","590","2","南投縣","水里鄉","120.860","23.800","739"
"53","235459","20220930132000","358","0","南投縣","水里鄉","120.825","23.810","67"
"52","235490","20220930132000","498","0","南投縣","水里鄉","120.865","23.835","49"
"128","235505","20220930132000","67","3","南投縣","水里鄉","120.870","23.845","136"
"89","235509","20220930132000","327","0","南投縣","名間鄉","120.635","23.835","71"
"25","235515","20220930132000","450","0","南投縣","名間鄉","120.705","23.820","17"
"211","235521","20220930132000","211","1","南投縣","名間鄉","120.715","23.830","204"
"1170","235523","20220930132000","1163","1","南投縣","名間鄉","120.705","23.835","1198"
"152","235527","20220930132000","116","2","南投縣","名間鄉","120.725","23.835","176"
"31","235539","20220930132000","191","0","南投縣","名間鄉","120.665","23.820","40"
"540","235555","20220930132000","368","2","南投縣","集集鎮","120.795","23.825","540"
"96","235556","20220930132000","363","0","南投縣","集集鎮","120.795","23.830","103"
"40","235703","20220930132000","57","0","南投縣","信義鄉","120.915","23.785","39"
"228","235812","20220930132000","246","0","南投縣","信義鄉","120.940","23.795","252"
"38","236275","20220930132000","206","0","南投縣","名間鄉","120.660","23.835","51"
"366","236286","20220930132000","287","2","南投縣","名間鄉","120.655","23.845","379"
"58","236299","20220930132000","79","0","南投縣","名間鄉","120.695","23.810","65"
"150","236318","20220930132000","64","3","彰化縣","二水鄉","120.635","23.830","150"
"500","236322","20220930132000","375","2","南投縣","名間鄉","120.630","23.840","501"
"58","236329","20220930132000","197","0","彰化縣","溪州鄉","120.515","23.830","61"
"102","236334","20220930132000","84","2","彰化縣","溪州鄉","120.520","23.835","106"
"15","236347","20220930132000","40","0","彰化縣","溪州鄉","120.510","23.845","15"
"173","236374","20220930132000","150","1","彰化縣","溪州鄉","120.580","23.820","190"
"238","236389","20220930132000","275","0","彰化縣","溪州鄉","120.470","23.830","249"
"276","236394","20220930132000","324","0","南投縣","名間鄉","120.695","23.835","273"
"38","236405","20220930132000","599","0","南投縣","名間鄉","120.700","23.835","52"
"98","236406","20220930132000","38","3","彰化縣","二水鄉","120.650","23.810","101"
"48","236410","20220930132000","197","0","南投縣","名間鄉","120.645","23.820","37"
"205","236415","20220930132000","104","3","南投縣","名間鄉","120.655","23.830","217"
"584","236419","20220930132000","175","3","彰化縣","大城鄉","120.345","23.845","575"
"327","236421","20220930132000","240","2","彰化縣","大城鄉","120.300","23.840","287"
"382","236449","20220930132000","284","2","彰化縣","溪州鄉","120.565","23.815","409"
"239","236455","20220930132000","207","1","彰化縣","溪州鄉","120.560","23.830","239"
"66","236462","20220930132000","257","0","雲林縣","莿桐鄉","120.540","23.765","55"
"63","236463","20220930132000","246","0","雲林縣","莿桐鄉","120.530","23.770","57"
"39","236470","20220930132000","191","0","南投縣","名間鄉","120.630","23.845","35"
"122","236472","20220930132000","110","1","南投縣","名間鄉","120.640","23.845","130"
"357","236479","20220930132000","234","3","南投縣","名間鄉","120.690","23.845","365"
"394","236481","20220930132000","324","2","南投縣","名間鄉","120.700","23.845","411"
"154","236492","20220930132000","456","0","雲林縣","林內鄉","120.610","23.770","148"
"274","236494","20220930132000","163","3","雲林縣","林內鄉","120.610","23.775","269"
"165","236509","20220930132000","423","0","雲林縣","林內鄉","120.625","23.775","144"
"121","236557","20220930132000","313","0","南投縣","集集鎮","120.800","23.825","103"
"29","236558","20220930132000","150","0","南投縣","集集鎮","120.805","23.825","19"
"25","236563","20220930132000","175","0","南投縣","集集鎮","120.765","23.820","29"
"50","236573","20220930132000","108","0","南投縣","集集鎮","120.770","23.845","50"
"236","236578","20220930132000","287","0","南投縣","集集鎮","120.815","23.825","246"
"451","236593","20220930132000","1168","0","南投縣","集集鎮","120.785","23.825","501"
"316","236635","20220930132000","202","3","彰化縣","大城鄉","120.350","23.835","297"
"371","236679","20220930132000","223","3","彰化縣","大城鄉","120.275","23.845","395"
"254","236695","20220930132000","198","2","南投縣","信義鄉","120.905","23.770","219"
"39","236721","20220930132000","368","0","彰化縣","二水鄉","120.615","23.810","62"
"1206","236741","20220930132000","252","3","雲林縣","莿桐鄉","120.500","23.780","1209"
"281","236758","20220930132000","144","3","彰化縣","二水鄉","120.630","23.830","302"
"321","236765","20220930132000","472","0","彰化縣","二水鄉","120.610","23.815","324"
"624","236771","20220930132000","376","3","彰化縣","二水鄉","120.635","23.795","696"
"18","236772","20220930132000","35","0","彰化縣","二水鄉","120.640","23.795","22"
"3035","236781","20220930132000","1214","3","雲林縣","西螺鎮","120.440","23.780","3027"
"346","236785","20220930132000","266","2","雲林縣","西螺鎮","120.430","23.790","343"
"654","236786","20220930132000","145","3","雲林縣","西螺鎮","120.435","23.790","636"
"40","236796","20220930132000","165","0","彰化縣","二水鄉","120.640","23.805","37"
"37","236801","20220930132000","269","0","彰化縣","二水鄉","120.605","23.825","31"
"362","236814","20220930132000","1031","0","彰化縣","二水鄉","120.620","23.810","346"
"359","237024","20220930132000","341","1","雲林縣","莿桐鄉","120.515","23.775","319"
"433","237025","20220930132000","230","3","雲林縣","莿桐鄉","120.520","23.775","417"
"1287","237039","20220930132000","366","3","雲林縣","西螺鎮","120.435","23.800","1290"
"1168","237048","20220930132000","317","3","雲林縣","西螺鎮","120.440","23.810","1154"
"461","237053","20220930132000","263","3","雲林縣","西螺鎮","120.465","23.795","440"
"1007","237054","20220930132000","1284","0","雲林縣","西螺鎮","120.465","23.800","946"
"16","237056","20220930132000","196","0","雲林縣","西螺鎮","120.465","23.765","10"
"1588","237062","20220930132000","1125","2","雲林縣","西螺鎮","120.475","23.785","1503"
"245","237066","20220930132000","107","3","雲林縣","西螺鎮","120.475","23.765","264"
"101","237068","20220930132000","454","0","雲林縣","西螺鎮","120.460","23.795","91"
"930","237069","20220930132000","1106","0","雲林縣","西螺鎮","120.460","23.800","949"
"1695","237075","20220930132000","533","3","雲林縣","西螺鎮","120.440","23.800","1658"
"362","237076","20220930132000","218","3","雲林縣","西螺鎮","120.455","23.790","353"
"230","237078","20220930132000","2064","0","雲林縣","西螺鎮","120.455","23.800","191"
"27","237081","20220930132000","122","0","彰化縣","二水鄉","120.635","23.810","23"
"13","237089","20220930132000","13","1","彰化縣","二水鄉","120.640","23.800","20"
"69","237103","20220930132000","223","0","彰化縣","二水鄉","120.630","23.800","66"
"84","237115","20220930132000","59","2","彰化縣","二水鄉","120.655","23.800","87"
"428","237141","20220930132000","292","2","雲林縣","崙背鄉","120.325","23.795","424"
"211","237147","20220930132000","130","3","雲林縣","崙背鄉","120.340","23.800","214"
"93","237182","20220930132000","97","0","雲林縣","崙背鄉","120.310","23.790","92"
"155","237186","20220930132000","159","0","雲林縣","崙背鄉","120.305","23.795","147"
"40","237187","20220930132000","32","2","雲林縣","崙背鄉","120.310","23.795","41"
"863","237189","20220930132000","334","3","雲林縣","麥寮鄉","120.295","23.800","748"
"84","237228","20220930132000","57","2","彰化縣","田中鎮","120.605","23.845","84"
"27","237236","20220930132000","33","0","彰化縣","溪州鄉","120.455","23.825","30"
"39","237241","20220930132000","218","0","彰化縣","竹塘鄉","120.445","23.835","34"
"126","237255","20220930132000","413","0","雲林縣","莿桐鄉","120.565","23.775","138"
"72","237256","20220930132000","162","0","雲林縣","莿桐鄉","120.570","23.775","61"
"281","237302","20220930132000","146","3","雲林縣","莿桐鄉","120.550","23.765","292"
"40","237358","20220930132000","178","0","南投縣","竹山鎮","120.680","23.770","31"
"179","237361","20220930132000","244","0","南投縣","竹山鎮","120.680","23.775","174"
"49","237386","20220930132000","228","0","南投縣","竹山鎮","120.650","23.770","40"
"332","237414","20220930132000","226","2","南投縣","竹山鎮","120.730","23.815","319"
"298","237424","20220930132000","315","0","南投縣","竹山鎮","120.715","23.765","317"
"130","237434","20220930132000","596","0","南投縣","竹山鎮","120.705","23.780","115"
"330","237436","20220930132000","303","1","南投縣","竹山鎮","120.715","23.780","305"
"70","237453","20220930132000","332","0","南投縣","竹山鎮","120.695","23.770","57"
"12","237456","20220930132000","61","0","南投縣","竹山鎮","120.695","23.775","14"
"74","237498","20220930132000","401","0","雲林縣","麥寮鄉","120.240","23.770","67"
"174","237499","20220930132000","83","3","雲林縣","麥寮鄉","120.245","23.770","174"
"44","237516","20220930132000","244","0","雲林縣","崙背鄉","120.355","23.765","36"
"179","237531","20220930132000","90","3","南投縣","竹山鎮","120.750","23.815","168"
"1029","237559","20220930132000","775","2","南投縣","竹山鎮","120.715","23.800","1044"
"204","237593","20220930132000","159","2","南投縣","魚池鄉","120.895","23.835","225"
"166","237595","20220930132000","265","0","南投縣","魚池鄉","120.905","23.835","185"
"482","237603","20220930132000","570","0","南投縣","竹山鎮","120.715","23.805","524"
"323","237607","20220930132000","146","3","南投縣","竹山鎮","120.730","23.810","282"
"507","237611","20220930132000","417","2","南投縣","竹山鎮","120.725","23.810","515"
"519","237614","20220930132000","860","0","南投縣","竹山鎮","120.720","23.815","504"
"13","237626","20220930132000","37","0","南投縣","魚池鄉","120.915","23.835","18"
"24","237638","20220930132000","19","2","南投縣","魚池鄉","120.915","23.845","19"
"117","237670","20220930132000","103","1","南投縣","魚池鄉","120.885","23.820","108"
"571","237685","20220930132000","327","3","雲林縣","麥寮鄉","120.290","23.765","481"
"283","237741","20220930132000","76","3","南投縣","集集鎮","120.760","23.830","267"
"26","237745","20220930132000","175","0","南投縣","集集鎮","120.760","23.835","24"
"14","237757","20220930132000","28","0","南投縣","集集鎮","120.815","23.835","16"
"66","237775","20220930132000","153","0","南投縣","集集鎮","120.750","23.840","88"
"111","237785","20220930132000","221","0","南投縣","集集鎮","120.745","23.830","135"
"54","237788","20220930132000","35","3","南投縣","集集鎮","120.740","23.835","43"
"68","237801","20220930132000","230","0","南投縣","集集鎮","120.780","23.825","66"
"290","237819","20220930132000","138","3","雲林縣","莿桐鄉","120.505","23.765","301"
"1730","237833","20220930132000","467","3","雲林縣","西螺鎮","120.480","23.770","1612"
"69","237848","20220930132000","259","0","雲林縣","麥寮鄉","120.290","23.795","400"
"1589","237860","20220930132000","1132","2","雲林縣","麥寮鄉","120.275","23.795","1593"
"408","237864","20220930132000","282","2","雲林縣","麥寮鄉","120.280","23.795","401"
"17","237872","20220930132000","124","0","彰化縣","田中鎮","120.560","23.845","11"
"172","237874","20220930132000","159","1","彰化縣","田中鎮","120.570","23.845","186"
"77","237878","20220930132000","56","2","彰化縣","田中鎮","120.580","23.840","80"
"260","237881","20220930132000","288","0","彰化縣","田中鎮","120.595","23.840","302"
"87","237884","20220930132000","441","0","彰化縣","田中鎮","120.595","23.845","83"
"197","237895","20220930132000","165","1","彰化縣","田中鎮","120.595","23.830","223"
"166","237900","20220930132000","350","0","雲林縣","莿桐鄉","120.535","23.775","162"
"54","240440","20220930132000","54","1","花蓮縣","壽豐鄉","121.605","23.885","45"
"263","242904","20220930132000","202","2","花蓮縣","秀林鄉","121.500","23.920","269"
"252","242957","20220930132000","174","2","花蓮縣","壽豐鄉","121.530","23.865","206"
"385","242963","20220930132000","306","2","花蓮縣","壽豐鄉","121.525","23.870","321"
"1117","242988","20220930132000","929","2","花蓮縣","壽豐鄉","121.510","23.870","1095"
"745","243010","20220930132000","667","1","花蓮縣","壽豐鄉","121.520","23.890","661"
"15","243014","20220930132000","79","0","花蓮縣","壽豐鄉","121.540","23.890","19"
"425","243023","20220930132000","566","0","花蓮縣","壽豐鄉","121.555","23.895","411"
"539","243053","20220930132000","439","2","花蓮縣","壽豐鄉","121.535","23.895","556"
"262","243054","20220930132000","409","0","花蓮縣","壽豐鄉","121.540","23.895","283"
"843","243055","20220930132000","664","2","花蓮縣","壽豐鄉","121.545","23.895","779"
"230","243057","20220930132000","216","1","花蓮縣","壽豐鄉","121.530","23.895","239"
"595","243065","20220930132000","496","1","花蓮縣","壽豐鄉","121.530","23.900","608"
"667","243069","20220930132000","645","1","花蓮縣","壽豐鄉","121.550","23.900","665"
"965","243073","20220930132000","839","1","花蓮縣","壽豐鄉","121.530","23.905","948"
"268","243089","20220930132000","157","3","花蓮縣","壽豐鄉","121.520","23.915","262"
"76","243103","20220930132000","39","3","花蓮縣","壽豐鄉","121.550","23.920","70"
"55","243143","20220930132000","61","0","花蓮縣","壽豐鄉","121.555","23.865","60"
"93","243149","20220930132000","77","2","花蓮縣","壽豐鄉","121.555","23.870","52"
"68","243164","20220930132000","76","0","花蓮縣","壽豐鄉","121.585","23.880","72"
"32","243184","20220930132000","98","0","花蓮縣","壽豐鄉","121.595","23.905","40"
"40","243230","20220930132000","72","0","花蓮縣","壽豐鄉","121.520","23.845","180"
"530","243249","20220930132000","461","1","花蓮縣","壽豐鄉","121.495","23.850","492"
"385","243255","20220930132000","393","0","花蓮縣","壽豐鄉","121.490","23.855","415"
"76","243262","20220930132000","112","0","花蓮縣","壽豐鄉","121.485","23.855","92"
"177","243315","20220930132000","161","1","花蓮縣","壽豐鄉","121.600","23.870","166"
"56","243324","20220930132000","41","2","花蓮縣","壽豐鄉","121.590","23.885","50"
"480","243336","20220930132000","423","1","花蓮縣","壽豐鄉","121.600","23.900","534"
"156","243338","20220930132000","182","0","花蓮縣","壽豐鄉","121.600","23.905","139"
"380","243339","20220930132000","163","3","花蓮縣","壽豐鄉","121.605","23.905","338"
"669","243392","20220930132000","718","0","彰化縣","二林鎮","120.360","23.895","715"
"1279","243393","20220930132000","832","3","彰化縣","二林鎮","120.370","23.900","1221"
"319","243406","20220930132000","275","1","彰化縣","二林鎮","120.390","23.865","318"
"115","243422","20220930132000","134","0","彰化縣","二林鎮","120.415","23.910","110"
"373","243424","20220930132000","344","1","彰化縣","二林鎮","120.425","23.910","376"
"406","243439","20220930132000","354","1","彰化縣","二林鎮","120.360","23.865","341"
"393","243447","20220930132000","280","2","彰化縣","二林鎮","120.360","23.880","348"
"602","243770","20220930132000","425","2","彰化縣","二林鎮","120.365","23.890","539"
"522","243772","20220930132000","752","0","彰化縣","二林鎮","120.370","23.895","564"
"695","243777","20220930132000","462","3","彰化縣","二林鎮","120.425","23.895","706"
"303","243783","20220930132000","372","0","彰化縣","二林鎮","120.365","23.900","284"
"410","243796","20220930132000","366","1","彰化縣","二林鎮","120.440","23.875","404"
"124","243827","20220930132000","98","2","南投縣","水里鄉","120.865","23.905","113"
"397","243861","20220930132000","101","3","彰化縣","大城鄉","120.325","23.860","396"
"1899","243867","20220930132000","1193","3","彰化縣","大城鄉","120.320","23.850","1426"
"406","243900","20220930132000","790","0","彰化縣","埤頭鄉","120.470","23.915","381"
"320","243909","20220930132000","158","3","彰化縣","埤頭鄉","120.460","23.925","304"
"124","243970","20220930132000","59","3","南投縣","中寮鄉","120.800","23.905","120"
"40","244008","20220930132000","149","0","南投縣","中寮鄉","120.805","23.925","35"
"331","244044","20220930132000","139","3","南投縣","中寮鄉","120.750","23.895","339"
"110","244051","20220930132000","65","3","南投縣","中寮鄉","120.765","23.900","123"
"26","244098","20220930132000","99","0","南投縣","中寮鄉","120.790","23.860","18"
"18","244101","20220930132000","56","0","南投縣","中寮鄉","120.805","23.860","13"
"631","244122","20220930132000","447","2","彰化縣","埤頭鄉","120.480","23.890","620"
"344","244129","20220930132000","263","2","彰化縣","埤頭鄉","120.460","23.860","335"
"199","244142","20220930132000","504","0","彰化縣","埤頭鄉","120.460","23.880","80"
"1503","244150","20220930132000","992","3","彰化縣","埤頭鄉","120.465","23.890","1410"
"128","244159","20220930132000","338","0","南投縣","中寮鄉","120.760","23.880","101"
"318","244163","20220930132000","585","0","南投縣","中寮鄉","120.775","23.885","294"
"306","244211","20220930132000","247","2","南投縣","中寮鄉","120.735","23.895","284"
"91","244235","20220930132000","77","1","南投縣","中寮鄉","120.770","23.920","100"
"94","244247","20220930132000","284","0","南投縣","中寮鄉","120.830","23.860","113"
"138","244274","20220930132000","102","2","南投縣","中寮鄉","120.800","23.880","137"
"59","244326","20220930132000","546","0","南投縣","中寮鄉","120.710","23.895","53"
"70","244341","20220930132000","68","1","彰化縣","員林鎮","120.580","23.925","64"
"15","244360","20220930132000","44","0","南投縣","中寮鄉","120.795","23.905","21"
"30","244380","20220930132000","25","2","南投縣","中寮鄉","120.720","23.915","23"
"225","244392","20220930132000","131","3","南投縣","中寮鄉","120.725","23.925","186"
"13","244395","20220930132000","77","0","南投縣","中寮鄉","120.740","23.925","13"
"1146","244397","20220930132000","1049","1","彰化縣","二林鎮","120.375","23.895","1157"
"1169","244398","20220930132000","941","2","彰化縣","二林鎮","120.380","23.895","1113"
"186","244411","20220930132000","179","1","南投縣","南投市","120.695","23.915","179"
"275","244414","20220930132000","497","0","南投縣","南投市","120.695","23.920","306"
"416","244415","20220930132000","365","1","南投縣","南投市","120.700","23.920","445"
"26","244420","20220930132000","111","0","南投縣","南投市","120.640","23.925","30"
"2123","244422","20220930132000","1949","1","南投縣","南投市","120.690","23.905","2088"
"674","244426","20220930132000","580","1","彰化縣","永靖鄉","120.545","23.920","677"
"146","244429","20220930132000","291","0","彰化縣","永靖鄉","120.570","23.925","154"
"61","244451","20220930132000","59","1","南投縣","水里鄉","120.870","23.880","57"
"552","244465","20220930132000","421","2","彰化縣","溪州鄉","120.500","23.855","475"
"162","244468","20220930132000","158","1","彰化縣","溪州鄉","120.505","23.860","179"
"135","244477","20220930132000","125","1","南投縣","南投市","120.635","23.905","132"
"175","244478","20220930132000","364","0","南投縣","南投市","120.640","23.905","162"
"24","244480","20220930132000","16","3","南投縣","南投市","120.635","23.910","29"
"58","244488","20220930132000","57","1","彰化縣","社頭鄉","120.635","23.920","74"
"370","244490","20220930132000","372","0","南投縣","南投市","120.650","23.920","360"
"357","244492","20220930132000","497","0","彰化縣","永靖鄉","120.535","23.920","356"
"261","244498","20220930132000","303","0","彰化縣","永靖鄉","120.515","23.915","241"
"498","244499","20220930132000","298","3","彰化縣","永靖鄉","120.520","23.915","467"
"322","244512","20220930132000","411","0","彰化縣","永靖鄉","120.560","23.920","312"
"92","244516","20220930132000","298","0","彰化縣","永靖鄉","120.535","23.925","90"
"1262","244517","20220930132000","1666","0","彰化縣","永靖鄉","120.540","23.925","1273"
"232","244520","20220930132000","153","3","彰化縣","永靖鄉","120.560","23.910","265"
"38","244530","20220930132000","219","0","彰化縣","永靖鄉","120.545","23.910","37"
"75","244534","20220930132000","90","0","彰化縣","田尾鄉","120.530","23.910","73"
"61","244537","20220930132000","495","0","彰化縣","永靖鄉","120.550","23.920","55"
"54","244540","20220930132000","302","0","彰化縣","永靖鄉","120.550","23.925","46"
"86","244544","20220930132000","480","0","彰化縣","永靖鄉","120.505","23.920","58"
"567","244566","20220930132000","93","3","彰化縣","大城鄉","120.285","23.865","535"
"252","244576","20220930132000","44","3","彰化縣","大城鄉","120.290","23.870","231"
"723","244605","20220930132000","595","2","彰化縣","芳苑鄉","120.345","23.910","719"
"21","244609","20220930132000","551","0","彰化縣","芳苑鄉","120.350","23.915","18"
"308","244612","20220930132000","348","0","彰化縣","芳苑鄉","120.350","23.920","358"
"33","244615","20220930132000","33","1","彰化縣","芳苑鄉","120.355","23.925","31"
"290","244624","20220930132000","130","3","彰化縣","芳苑鄉","120.315","23.895","314"
"33","244639","20220930132000","60","0","彰化縣","芳苑鄉","120.305","23.905","29"
"2276","244674","20220930132000","1788","2","南投縣","南投市","120.695","23.900","2405"
"159","244675","20220930132000","95","3","南投縣","南投市","120.685","23.925","163"
"124","244677","20220930132000","141","0","南投縣","南投市","120.695","23.925","114"
"201","244693","20220930132000","385","0","南投縣","南投市","120.680","23.895","209"
"1919","244695","20220930132000","1535","2","南投縣","南投市","120.685","23.900","1832"
"279","244696","20220930132000","299","0","南投縣","南投市","120.690","23.900","271"
"130","244697","20220930132000","114","1","彰化縣","溪州鄉","120.480","23.850","123"
"83","244698","20220930132000","531","0","彰化縣","溪州鄉","120.485","23.850","54"
"969","244700","20220930132000","557","3","彰化縣","溪州鄉","120.495","23.850","808"
"968","244706","20220930132000","914","1","南投縣","南投市","120.680","23.910","930"
"273","244716","20220930132000","254","1","南投縣","南投市","120.675","23.900","258"
"170","244717","20220930132000","175","0","南投縣","南投市","120.680","23.905","191"
"1705","244720","20220930132000","1182","2","南投縣","南投市","120.675","23.905","1714"
"21","244738","20220930132000","43","0","南投縣","埔里鎮","120.990","23.925","16"
"155","244739","20220930132000","135","1","南投縣","埔里鎮","120.995","23.925","181"
"119","244741","20220930132000","114","1","南投縣","仁愛鄉","121.010","23.925","119"
"528","244742","20220930132000","601","0","彰化縣","溪州鄉","120.495","23.855","457"
"13","244748","20220930132000","32","0","彰化縣","溪州鄉","120.515","23.850","12"
"151","244772","20220930132000","93","3","南投縣","水里鄉","120.865","23.855","150"
"211","244790","20220930132000","111","3","南投縣","名間鄉","120.675","23.870","212"
"211","244793","20220930132000","229","0","彰化縣","田中鎮","120.625","23.855","293"
"134","244800","20220930132000","75","3","南投縣","名間鄉","120.630","23.855","121"
"186","244806","20220930132000","97","3","南投縣","名間鄉","120.635","23.860","187"
"537","244815","20220930132000","515","1","南投縣","名間鄉","120.705","23.875","548"
"170","244846","20220930132000","87","3","南投縣","名間鄉","120.635","23.880","164"
"449","244854","20220930132000","276","3","南投縣","南投市","120.690","23.910","426"
"561","244855","20220930132000","544","1","南投縣","南投市","120.690","23.915","611"
"378","244860","20220930132000","550","0","南投縣","南投市","120.655","23.915","347"
"1040","244865","20220930132000","863","2","南投縣","南投市","120.665","23.920","1085"
"523","244867","20220930132000","585","0","南投縣","南投市","120.675","23.920","520"
"470","244868","20220930132000","587","0","南投縣","南投市","120.680","23.920","530"
"1261","244869","20220930132000","787","3","南投縣","南投市","120.670","23.925","1271"
"548","244870","20220930132000","485","1","南投縣","南投市","120.675","23.925","530"
"1409","244872","20220930132000","1083","2","南投縣","南投市","120.685","23.910","1385"
"2426","244873","20220930132000","2510","0","南投縣","南投市","120.685","23.905","2419"
"153","244874","20220930132000","160","0","南投縣","南投市","120.705","23.900","171"
"220","244875","20220930132000","344","0","南投縣","南投市","120.710","23.900","249"
"117","244880","20220930132000","94","2","南投縣","南投市","120.695","23.905","94"
"468","244881","20220930132000","361","2","南投縣","南投市","120.700","23.905","494"
"328","244890","20220930132000","366","0","南投縣","南投市","120.705","23.915","311"
"1162","244893","20220930132000","819","2","彰化縣","溪州鄉","120.495","23.865","1060"
"684","244909","20220930132000","624","1","彰化縣","埤頭鄉","120.460","23.890","681"
"765","244910","20220930132000","551","2","彰化縣","埤頭鄉","120.455","23.895","711"
"97","244911","20220930132000","449","0","彰化縣","埤頭鄉","120.460","23.895","114"
"461","244918","20220930132000","423","1","彰化縣","埤頭鄉","120.495","23.885","462"
"1154","244922","20220930132000","592","3","彰化縣","埤頭鄉","120.495","23.890","1069"
"173","244924","20220930132000","150","1","彰化縣","埤頭鄉","120.480","23.895","173"
"330","244925","20220930132000","303","1","彰化縣","埤頭鄉","120.485","23.895","339"
"699","244953","20220930132000","630","1","彰化縣","北斗鎮","120.515","23.875","685"
"66","244955","20220930132000","244","0","彰化縣","北斗鎮","120.515","23.865","52"
"29","244956","20220930132000","354","0","彰化縣","北斗鎮","120.520","23.865","40"
"321","244958","20220930132000","748","0","彰化縣","北斗鎮","120.520","23.870","354"
"529","244960","20220930132000","407","2","彰化縣","埤頭鄉","120.460","23.850","548"
"34","244961","20220930132000","226","0","彰化縣","埤頭鄉","120.465","23.850","33"
"10","244970","20220930132000","136","0","南投縣","名間鄉","120.645","23.865","18"
"159","244972","20220930132000","181","0","南投縣","名間鄉","120.650","23.870","173"
"899","244974","20220930132000","586","3","南投縣","名間鄉","120.655","23.870","837"
"375","244987","20220930132000","346","1","南投縣","名間鄉","120.670","23.850","345"
"308","244993","20220930132000","312","0","南投縣","名間鄉","120.675","23.855","282"
"584","245005","20220930132000","561","1","南投縣","名間鄉","120.695","23.865","583"
"245","245007","20220930132000","235","1","南投縣","名間鄉","120.685","23.870","212"
"331","245016","20220930132000","200","3","南投縣","名間鄉","120.685","23.880","375"
"99","245017","20220930132000","311","0","南投縣","名間鄉","120.690","23.880","73"
"127","245037","20220930132000","119","1","南投縣","名間鄉","120.705","23.865","117"
"297","245042","20220930132000","234","2","彰化縣","溪州鄉","120.525","23.850","241"
"13","245054","20220930132000","222","0","南投縣","名間鄉","120.705","23.855","13"
"92","245076","20220930132000","42","3","彰化縣","大城鄉","120.295","23.885","285"
"34","245099","20220930132000","171","0","彰化縣","大城鄉","120.300","23.890","27"
"25","245133","20220930132000","173","0","彰化縣","大城鄉","120.330","23.865","24"
"106","245150","20220930132000","199","0","彰化縣","大城鄉","120.295","23.855","71"
"161","245157","20220930132000","160","1","彰化縣","北斗鎮","120.530","23.855","145"
"1134","245161","20220930132000","976","1","彰化縣","北斗鎮","120.530","23.870","995"
"244","245165","20220930132000","198","2","彰化縣","北斗鎮","120.545","23.870","218"
"682","245169","20220930132000","417","3","彰化縣","芳苑鄉","120.320","23.920","746"
"92","245184","20220930132000","47","3","南投縣","名間鄉","120.625","23.850","93"
"150","245191","20220930132000","126","1","南投縣","名間鄉","120.690","23.850","143"
"54","245192","20220930132000","281","0","南投縣","名間鄉","120.695","23.850","71"
"1113","245211","20220930132000","334","3","彰化縣","大城鄉","120.290","23.860","1114"
"143","245214","20220930132000","79","3","彰化縣","大城鄉","120.300","23.865","122"
"143","245216","20220930132000","59","3","彰化縣","大城鄉","120.300","23.870","119"
"449","245296","20220930132000","205","3","南投縣","南投市","120.635","23.895","487"
"11","245302","20220930132000","53","0","南投縣","南投市","120.655","23.900","13"
"2211","245305","20220930132000","1203","3","南投縣","南投市","120.660","23.925","2106"
"30","245311","20220930132000","27","1","南投縣","南投市","120.670","23.905","32"
"33","245312","20220930132000","162","0","南投縣","南投市","120.665","23.910","33"
"298","245314","20220930132000","912","0","南投縣","南投市","120.675","23.910","275"
"744","245316","20220930132000","931","0","南投縣","南投市","120.680","23.915","719"
"2273","245320","20220930132000","1613","2","彰化縣","北斗鎮","120.520","23.880","2032"
"661","245325","20220930132000","435","3","彰化縣","北斗鎮","120.530","23.875","556"
"216","245329","20220930132000","165","2","彰化縣","北斗鎮","120.535","23.880","256"
"67","245332","20220930132000","737","0","彰化縣","北斗鎮","120.525","23.870","90"
"779","245335","20220930132000","140","3","彰化縣","大城鄉","120.310","23.875","636"
"328","245353","20220930132000","203","3","彰化縣","大城鄉","120.315","23.870","357"
"261","245376","20220930132000","199","2","彰化縣","北斗鎮","120.510","23.880","280"
"65","245379","20220930132000","239","0","彰化縣","田尾鄉","120.515","23.890","65"
"238","245489","20220930132000","240","0","南投縣","仁愛鄉","120.990","23.905","249"
"76","245503","20220930132000","40","3","南投縣","仁愛鄉","121.005","23.910","64"
"16","245515","20220930132000","20","0","南投縣","埔里鎮","121.010","23.920","16"
"40","245723","20220930132000","33","2","南投縣","仁愛鄉","121.025","23.910","30"
"298","245728","20220930132000","296","1","南投縣","仁愛鄉","121.050","23.910","287"
"31","245748","20220930132000","98","0","南投縣","仁愛鄉","121.030","23.920","38"
"14","246363","20220930132000","448","0","彰化縣","北斗鎮","120.525","23.880","16"
"224","246370","20220930132000","228","0","彰化縣","北斗鎮","120.555","23.855","205"
"1168","246377","20220930132000","936","2","彰化縣","北斗鎮","120.550","23.865","1202"
"279","246388","20220930132000","212","2","彰化縣","埤頭鄉","120.455","23.850","247"
"793","246394","20220930132000","277","3","彰化縣","二林鎮","120.410","23.920","738"
"39","246402","20220930132000","483","0","彰化縣","二林鎮","120.365","23.895","35"
"573","246404","20220930132000","406","2","彰化縣","二林鎮","120.405","23.895","546"
"128","246436","20220930132000","221","0","彰化縣","芳苑鄉","120.380","23.925","142"
"636","246446","20220930132000","386","3","彰化縣","芳苑鄉","120.330","23.895","564"
"238","246468","20220930132000","171","2","彰化縣","芳苑鄉","120.330","23.915","224"
"274","246471","20220930132000","129","3","彰化縣","芳苑鄉","120.335","23.920","241"
"1161","246472","20220930132000","1287","0","彰化縣","北斗鎮","120.525","23.875","1288"
"144","246476","20220930132000","144","1","彰化縣","北斗鎮","120.560","23.850","168"
"60","246477","20220930132000","68","0","彰化縣","北斗鎮","120.540","23.855","56"
"107","246480","20220930132000","72","2","彰化縣","北斗鎮","120.550","23.855","90"
"437","246488","20220930132000","243","3","彰化縣","北斗鎮","120.535","23.870","378"
"76","246493","20220930132000","104","0","彰化縣","二林鎮","120.395","23.890","86"
"39","246499","20220930132000","259","0","彰化縣","大城鄉","120.315","23.850","43"
"209","246518","20220930132000","252","0","南投縣","南投市","120.670","23.890","172"
"563","246522","20220930132000","443","2","南投縣","南投市","120.690","23.890","526"
"1003","246530","20220930132000","800","2","彰化縣","社頭鄉","120.605","23.915","1056"
"750","246531","20220930132000","376","3","彰化縣","田中鎮","120.585","23.875","770"
"90","246534","20220930132000","182","0","彰化縣","田中鎮","120.575","23.865","90"
"418","246537","20220930132000","260","3","彰化縣","田中鎮","120.575","23.875","422"
"176","246545","20220930132000","134","2","彰化縣","田尾鄉","120.510","23.905","160"
"532","246547","20220930132000","331","3","彰化縣","竹塘鄉","120.415","23.850","537"
"358","246558","20220930132000","403","0","彰化縣","田尾鄉","120.535","23.905","346"
"1758","246566","20220930132000","873","3","彰化縣","社頭鄉","120.580","23.895","1773"
"1469","246568","20220930132000","530","3","彰化縣","社頭鄉","120.580","23.900","1428"
"2060","246569","20220930132000","1162","3","彰化縣","社頭鄉","120.580","23.905","2106"
"62","246573","20220930132000","231","0","彰化縣","田尾鄉","120.525","23.885","40"
"281","246579","20220930132000","216","2","彰化縣","田尾鄉","120.535","23.890","238"
"824","246581","20220930132000","609","2","彰化縣","田尾鄉","120.535","23.895","861"
"990","246583","20220930132000","778","2","彰化縣","田尾鄉","120.530","23.900","939"
"26","246608","20220930132000","42","0","彰化縣","社頭鄉","120.620","23.925","24"
"1460","246615","20220930132000","1255","1","彰化縣","竹塘鄉","120.430","23.855","1430"
"509","246618","20220930132000","554","0","彰化縣","竹塘鄉","120.420","23.875","539"
"271","246630","20220930132000","168","3","彰化縣","竹塘鄉","120.375","23.850","227"
"2591","246654","20220930132000","631","3","彰化縣","社頭鄉","120.585","23.900","2617"
"1321","246659","20220930132000","347","3","彰化縣","社頭鄉","120.585","23.890","1291"
"320","246669","20220930132000","203","3","彰化縣","竹塘鄉","120.445","23.860","337"
"191","246687","20220930132000","164","1","南投縣","魚池鄉","120.905","23.850","182"
"886","246711","20220930132000","767","1","南投縣","魚池鄉","120.910","23.860","885"
"379","246720","20220930132000","259","2","南投縣","魚池鄉","120.900","23.865","254"
"180","246722","20220930132000","227","0","南投縣","魚池鄉","120.910","23.865","156"
"345","246735","20220930132000","338","1","南投縣","魚池鄉","120.925","23.870","414"
"341","246739","20220930132000","328","1","南投縣","魚池鄉","120.935","23.895","316"
"626","246741","20220930132000","539","1","南投縣","魚池鄉","120.935","23.900","654"
"386","246742","20220930132000","304","2","南投縣","魚池鄉","120.940","23.900","433"
"276","246747","20220930132000","235","1","彰化縣","芳苑鄉","120.350","23.900","261"
"275","246748","20220930132000","194","2","彰化縣","二林鎮","120.355","23.900","255"
"168","246749","20220930132000","144","1","彰化縣","芳苑鄉","120.360","23.900","168"
"53","246750","20220930132000","47","1","彰化縣","芳苑鄉","120.345","23.905","68"
"289","246758","20220930132000","194","2","彰化縣","芳苑鄉","120.355","23.920","232"
"306","246770","20220930132000","251","2","彰化縣","芳苑鄉","120.335","23.890","267"
"14","246777","20220930132000","29","0","南投縣","魚池鄉","120.925","23.875","15"
"436","246788","20220930132000","272","3","南投縣","魚池鄉","120.925","23.885","357"
"228","246822","20220930132000","120","3","南投縣","魚池鄉","120.905","23.880","238"
"18","246823","20220930132000","15","2","南投縣","魚池鄉","120.875","23.885","19"
"21","246824","20220930132000","102","0","南投縣","魚池鄉","120.880","23.885","22"
"38","246826","20220930132000","50","0","南投縣","魚池鄉","120.890","23.885","29"
"22","246832","20220930132000","16","2","南投縣","魚池鄉","120.880","23.890","12"
"21","246857","20220930132000","15","2","南投縣","魚池鄉","120.890","23.905","22"
"29","246858","20220930132000","27","1","南投縣","魚池鄉","120.895","23.905","22"
"27","246870","20220930132000","22","2","南投縣","魚池鄉","120.890","23.910","22"
"105","246893","20220930132000","113","0","南投縣","魚池鄉","120.955","23.900","97"
"251","246906","20220930132000","215","1","南投縣","魚池鄉","120.955","23.910","237"
"178","246922","20220930132000","108","3","南投縣","魚池鄉","120.965","23.920","97"
"378","246929","20220930132000","338","1","南投縣","魚池鄉","120.945","23.865","239"
"229","246930","20220930132000","188","2","南投縣","魚池鄉","120.950","23.865","124"
"69","246935","20220930132000","77","0","南投縣","魚池鄉","120.945","23.870","84"
"32","246941","20220930132000","41","0","南投縣","魚池鄉","120.950","23.875","27"
"19","246945","20220930132000","167","0","南投縣","魚池鄉","120.950","23.880","15"
"39","246955","20220930132000","349","0","南投縣","魚池鄉","120.905","23.905","43"
"442","246964","20220930132000","351","2","南投縣","魚池鄉","120.920","23.910","462"
"74","246970","20220930132000","49","3","南投縣","魚池鄉","120.920","23.915","44"
"270","246989","20220930132000","280","0","南投縣","魚池鄉","120.925","23.910","286"
"200","247005","20220930132000","164","2","南投縣","魚池鄉","120.945","23.925","190"
"1195","247013","20220930132000","933","2","南投縣","魚池鄉","120.930","23.850","1093"
"45","247024","20220930132000","53","0","南投縣","魚池鄉","120.935","23.855","37"
"109","247033","20220930132000","40","3","南投縣","魚池鄉","120.950","23.860","112"
"464","247088","20220930132000","373","2","南投縣","魚池鄉","120.965","23.890","413"
"64","247100","20220930132000","284","0","南投縣","魚池鄉","120.940","23.895","74"
"67","247117","20220930132000","39","3","彰化縣","竹塘鄉","120.400","23.860","61"
"204","247119","20220930132000","125","3","彰化縣","竹塘鄉","120.410","23.860","182"
"28","247152","20220930132000","40","0","彰化縣","田中鎮","120.570","23.870","53"
"833","247156","20220930132000","701","1","彰化縣","社頭鄉","120.595","23.900","881"
"49","247158","20220930132000","156","0","彰化縣","田尾鄉","120.550","23.890","60"
"72","247160","20220930132000","78","0","彰化縣","田尾鄉","120.555","23.895","91"
"23","247163","20220930132000","257","0","彰化縣","田尾鄉","120.560","23.900","15"
"583","247166","20220930132000","743","0","彰化縣","田尾鄉","120.525","23.905","626"
"40","247170","20220930132000","28","2","彰化縣","田尾鄉","120.520","23.890","41"
"585","247187","20220930132000","751","0","彰化縣","田尾鄉","120.500","23.920","636"
"124","247189","20220930132000","610","0","彰化縣","溪湖鎮","120.475","23.925","111"
"2521","247194","20220930132000","581","3","彰化縣","社頭鄉","120.585","23.895","2505"
"199","247207","20220930132000","196","1","彰化縣","社頭鄉","120.605","23.895","208"
"69","247218","20220930132000","151","0","彰化縣","田尾鄉","120.540","23.885","52"
"350","247222","20220930132000","626","0","彰化縣","田中鎮","120.585","23.865","363"
"256","247224","20220930132000","240","1","彰化縣","田中鎮","120.585","23.850","240"
"31","247227","20220930132000","509","0","彰化縣","田中鎮","120.600","23.855","32"
"1388","247235","20220930132000","1062","2","彰化縣","田中鎮","120.590","23.855","1313"
"110","247238","20220930132000","126","0","彰化縣","田尾鄉","120.530","23.895","85"
"281","247244","20220930132000","148","3","彰化縣","北斗鎮","120.545","23.880","205"
"43","247248","20220930132000","64","0","彰化縣","田尾鄉","120.550","23.885","54"
"280","247250","20220930132000","206","2","彰化縣","田尾鄉","120.560","23.890","254"
"93","247251","20220930132000","85","1","彰化縣","田尾鄉","120.565","23.890","86"
"64","247253","20220930132000","277","0","彰化縣","田尾鄉","120.535","23.900","35"
"89","247259","20220930132000","667","0","彰化縣","田尾鄉","120.550","23.900","77"
"434","247268","20220930132000","385","1","彰化縣","社頭鄉","120.585","23.920","433"
"48","247277","20220930132000","79","0","彰化縣","社頭鄉","120.615","23.885","50"
"433","247283","20220930132000","280","3","彰化縣","社頭鄉","120.610","23.890","494"
"11","247286","20220930132000","13","0","彰化縣","社頭鄉","120.570","23.910","11"
"46","247288","20220930132000","58","0","彰化縣","永靖鄉","120.575","23.915","39"
"55","247290","20220930132000","37","2","彰化縣","永靖鄉","120.575","23.920","55"
"33","247291","20220930132000","282","0","彰化縣","社頭鄉","120.595","23.920","31"
"31","247293","20220930132000","257","0","彰化縣","社頭鄉","120.605","23.920","30"
"788","247305","20220930132000","925","0","彰化縣","北斗鎮","120.570","23.850","842"
"314","247308","20220930132000","244","2","彰化縣","田中鎮","120.575","23.855","295"
"1135","247312","20220930132000","1161","0","彰化縣","田中鎮","120.605","23.855","1134"
"727","247316","20220930132000","1091","0","彰化縣","田中鎮","120.580","23.860","713"
"336","247328","20220930132000","332","1","彰化縣","社頭鄉","120.575","23.900","364"
"356","247336","20220930132000","238","2","彰化縣","社頭鄉","120.610","23.905","367"
"40","247347","20220930132000","37","1","彰化縣","社頭鄉","120.630","23.905","40"
"574","247352","20220930132000","494","1","彰化縣","田中鎮","120.560","23.865","550"
"85","247353","20220930132000","132","0","彰化縣","田中鎮","120.565","23.865","87"
"311","247359","20220930132000","233","2","彰化縣","田中鎮","120.590","23.865","281"
"433","247361","20220930132000","505","0","彰化縣","田中鎮","120.585","23.870","406"
"399","247365","20220930132000","370","1","彰化縣","田中鎮","120.585","23.860","387"
"222","247366","20220930132000","153","2","彰化縣","田中鎮","120.570","23.875","225"
"11","247367","20220930132000","217","0","彰化縣","田中鎮","120.560","23.880","10"
"213","247377","20220930132000","213","1","彰化縣","田中鎮","120.605","23.870","240"
"106","247383","20220930132000","115","0","彰化縣","田中鎮","120.605","23.875","106"
"194","247399","20220930132000","175","1","彰化縣","田中鎮","120.595","23.855","182"
"72","247400","20220930132000","211","0","彰化縣","田中鎮","120.590","23.860","79"
"603","247403","20220930132000","258","3","彰化縣","社頭鄉","120.590","23.900","593"
"892","247409","20220930132000","209","3","彰化縣","社頭鄉","120.585","23.885","864"
"74","247637","20220930132000","100","0","花蓮縣","壽豐鄉","121.610","23.920","159"
"260","252412","20220930132000","182","2","花蓮縣","花蓮市","121.640","23.995","223"
"55","252926","20220930132000","36","3","臺中市","霧峰區","120.705","24.010","44"
"184","253141","20220930132000","118","3","花蓮縣","秀林鄉","121.505","23.945","175"
"173","253374","20220930132000","201","0","花蓮縣","秀林鄉","121.555","24.005","179"
"303","253376","20220930132000","194","3","花蓮縣","新城鄉","121.615","24.005","286"
"232","253382","20220930132000","292","0","花蓮縣","吉安鄉","121.580","23.925","214"
"361","253393","20220930132000","347","1","花蓮縣","吉安鄉","121.585","23.930","380"
"270","253400","20220930132000","115","3","花蓮縣","吉安鄉","121.580","23.935","271"
"428","253403","20220930132000","356","2","花蓮縣","吉安鄉","121.595","23.935","395"
"929","253410","20220930132000","761","2","花蓮縣","吉安鄉","121.595","23.940","898"
"397","253413","20220930132000","418","0","花蓮縣","吉安鄉","121.575","23.945","334"
"1148","253414","20220930132000","944","2","花蓮縣","吉安鄉","121.585","23.975","1144"
"220","253433","20220930132000","216","1","花蓮縣","吉安鄉","121.550","23.945","258"
"171","253436","20220930132000","131","2","花蓮縣","吉安鄉","121.525","23.945","181"
"973","253452","20220930132000","769","2","花蓮縣","吉安鄉","121.590","23.950","939"
"515","253454","20220930132000","530","0","花蓮縣","吉安鄉","121.590","23.955","497"
"380","253457","20220930132000","386","0","花蓮縣","吉安鄉","121.590","23.945","369"
"506","253463","20220930132000","385","2","花蓮縣","吉安鄉","121.600","23.945","518"
"710","253470","20220930132000","989","0","花蓮縣","吉安鄉","121.590","23.965","695"
"779","253471","20220930132000","559","2","花蓮縣","吉安鄉","121.590","23.970","848"
"2314","253472","20220930132000","1820","2","花蓮縣","花蓮市","121.590","23.975","2270"
"995","253475","20220930132000","853","1","花蓮縣","吉安鄉","121.590","23.980","952"
"459","253477","20220930132000","422","1","花蓮縣","吉安鄉","121.585","23.985","515"
"263","253478","20220930132000","305","0","花蓮縣","吉安鄉","121.585","23.980","299"
"988","253479","20220930132000","837","1","花蓮縣","花蓮市","121.600","23.985","992"
"363","253480","20220930132000","476","0","花蓮縣","吉安鄉","121.580","23.985","337"
"609","253481","20220930132000","501","2","花蓮縣","吉安鄉","121.585","23.990","624"
"1935","253482","20220930132000","1851","1","花蓮縣","花蓮市","121.595","23.990","1960"
"1462","253484","20220930132000","1048","2","花蓮縣","吉安鄉","121.580","23.970","1583"
"523","253485","20220930132000","581","0","花蓮縣","吉安鄉","121.585","23.970","549"
"76","253506","20220930132000","150","0","花蓮縣","吉安鄉","121.570","23.965","80"
"413","253507","20220930132000","325","2","花蓮縣","吉安鄉","121.575","23.965","404"
"413","253508","20220930132000","328","2","花蓮縣","吉安鄉","121.565","23.970","387"
"42","253517","20220930132000","148","0","花蓮縣","吉安鄉","121.560","23.975","30"
"1020","253520","20220930132000","920","1","花蓮縣","吉安鄉","121.580","23.975","1023"
"517","253542","20220930132000","407","2","花蓮縣","吉安鄉","121.555","23.990","485"
"117","253545","20220930132000","159","0","花蓮縣","吉安鄉","121.570","23.990","107"
"340","253552","20220930132000","246","2","花蓮縣","吉安鄉","121.570","23.975","313"
"650","253554","20220930132000","356","3","花蓮縣","吉安鄉","121.565","23.980","693"
"768","253555","20220930132000","863","0","花蓮縣","吉安鄉","121.570","23.980","745"
"333","253556","20220930132000","310","1","花蓮縣","吉安鄉","121.575","23.980","356"
"31","253557","20220930132000","40","0","花蓮縣","吉安鄉","121.555","23.985","45"
"393","253559","20220930132000","265","2","花蓮縣","吉安鄉","121.565","23.985","380"
"340","253561","20220930132000","284","1","花蓮縣","吉安鄉","121.605","23.955","315"
"520","253562","20220930132000","358","2","花蓮縣","吉安鄉","121.595","23.960","503"
"333","253563","20220930132000","409","0","花蓮縣","吉安鄉","121.600","23.960","331"
"1370","253565","20220930132000","1205","1","花蓮縣","吉安鄉","121.595","23.965","1358"
"382","253569","20220930132000","466","0","花蓮縣","吉安鄉","121.575","23.985","370"
"286","253575","20220930132000","257","1","花蓮縣","吉安鄉","121.570","23.940","304"
"480","253584","20220930132000","431","1","花蓮縣","吉安鄉","121.560","23.950","493"
"728","253594","20220930132000","820","0","花蓮縣","吉安鄉","121.550","23.965","698"
"702","253596","20220930132000","518","2","花蓮縣","吉安鄉","121.560","23.965","694"
"839","253597","20220930132000","508","3","花蓮縣","吉安鄉","121.565","23.965","913"
"400","253603","20220930132000","271","2","花蓮縣","吉安鄉","121.560","23.970","399"
"291","253608","20220930132000","268","1","花蓮縣","吉安鄉","121.580","23.955","301"
"659","253609","20220930132000","625","1","花蓮縣","吉安鄉","121.570","23.960","679"
"349","253611","20220930132000","323","1","花蓮縣","吉安鄉","121.580","23.960","342"
"286","253627","20220930132000","372","0","花蓮縣","吉安鄉","121.535","23.930","291"
"19","253641","20220930132000","34","0","花蓮縣","壽豐鄉","121.605","23.925","10"
"690","253648","20220930132000","517","2","花蓮縣","花蓮市","121.625","23.985","676"
"970","253649","20220930132000","1109","0","花蓮縣","花蓮市","121.620","24.005","1020"
"51","253650","20220930132000","49","1","彰化縣","二林鎮","120.420","23.955","64"
"71","253656","20220930132000","68","1","彰化縣","二林鎮","120.415","23.965","65"
"453","253670","20220930132000","357","2","彰化縣","二林鎮","120.440","23.930","415"
"1532","253672","20220930132000","1421","1","彰化縣","員林鎮","120.580","23.955","1886"
"437","253673","20220930132000","591","0","彰化縣","員林鎮","120.585","23.955","504"
"390","253675","20220930132000","863","0","彰化縣","員林鎮","120.565","23.950","437"
"461","253677","20220930132000","368","2","彰化縣","埔心鄉","120.560","23.940","406"
"763","253681","20220930132000","696","1","彰化縣","員林鎮","120.565","23.945","769"
"14","253686","20220930132000","14","1","彰化縣","員林鎮","120.610","23.980","12"
"2141","253688","20220930132000","1976","1","彰化縣","員林鎮","120.570","23.960","2166"
"4047","253689","20220930132000","3783","1","彰化縣","員林鎮","120.570","23.955","4003"
"200","253764","20220930132000","188","1","花蓮縣","秀林鄉","121.505","23.960","195"
"176","253789","20220930132000","111","3","花蓮縣","秀林鄉","121.495","23.965","168"
"44","254173","20220930132000","14","3","花蓮縣","秀林鄉","121.425","24.000","37"
"1960","254233","20220930132000","3129","0","花蓮縣","花蓮市","121.605","23.975","1888"
"2532","254234","20220930132000","2015","2","花蓮縣","花蓮市","121.600","23.975","2557"
"1677","254236","20220930132000","1536","1","花蓮縣","花蓮市","121.625","23.990","1520"
"1418","254237","20220930132000","1507","0","花蓮縣","花蓮市","121.630","23.985","1784"
"1387","254238","20220930132000","1321","1","花蓮縣","花蓮市","121.630","23.990","1329"
"1820","254240","20220930132000","1692","1","花蓮縣","花蓮市","121.635","23.995","1854"
"105","254242","20220930132000","55","3","南投縣","國姓鄉","120.880","23.970","127"
"52","254247","20220930132000","297","0","南投縣","國姓鄉","120.875","23.975","48"
"215","254260","20220930132000","211","1","南投縣","國姓鄉","120.870","23.985","228"
"87","254328","20220930132000","94","0","南投縣","國姓鄉","120.830","23.945","104"
"64","254335","20220930132000","35","3","南投縣","國姓鄉","120.865","23.945","128"
"21","254346","20220930132000","85","0","南投縣","國姓鄉","120.865","23.950","50"
"41","254349","20220930132000","41","1","南投縣","中寮鄉","120.830","23.955","42"
"49","254374","20220930132000","26","3","南投縣","國姓鄉","120.860","23.960","37"
"90","254379","20220930132000","31","3","南投縣","中寮鄉","120.835","23.965","103"
"272","254397","20220930132000","136","3","南投縣","國姓鄉","120.865","23.975","245"
"782","254400","20220930132000","562","2","南投縣","埔里鎮","120.970","23.955","788"
"195","254401","20220930132000","463","0","南投縣","埔里鎮","120.990","23.945","160"
"1405","254411","20220930132000","2026","0","南投縣","埔里鎮","120.975","23.955","1339"
"1847","254415","20220930132000","1405","2","南投縣","埔里鎮","120.975","23.960","1880"
"10","254418","20220930132000","11","0","南投縣","埔里鎮","120.990","23.960","17"
"264","254447","20220930132000","263","1","南投縣","埔里鎮","120.925","23.940","334"
"29","254450","20220930132000","37","0","南投縣","埔里鎮","120.940","23.940","38"
"422","254465","20220930132000","247","3","南投縣","埔里鎮","120.915","23.950","85"
"910","254467","20220930132000","931","0","南投縣","埔里鎮","120.925","23.950","889"
"551","254470","20220930132000","364","3","南投縣","埔里鎮","120.940","23.950","541"
"86","254477","20220930132000","70","2","南投縣","埔里鎮","120.930","23.955","81"
"720","254481","20220930132000","430","3","南投縣","埔里鎮","120.915","23.955","777"
"16","254490","20220930132000","227","0","南投縣","埔里鎮","120.980","23.935","23"
"15","254499","20220930132000","59","0","南投縣","埔里鎮","120.995","23.940","17"
"120","254504","20220930132000","353","0","南投縣","埔里鎮","120.970","23.945","101"
"72","254506","20220930132000","268","0","南投縣","埔里鎮","120.980","23.945","73"
"632","254510","20220930132000","382","3","南投縣","埔里鎮","120.965","23.950","709"
"641","254512","20220930132000","519","2","南投縣","埔里鎮","120.975","23.950","633"
"2348","254517","20220930132000","1877","2","南投縣","埔里鎮","120.970","23.970","2302"
"303","254519","20220930132000","194","3","南投縣","埔里鎮","120.975","23.975","301"
"24","254520","20220930132000","67","0","南投縣","埔里鎮","120.970","23.980","39"
"261","254538","20220930132000","164","3","南投縣","中寮鄉","120.790","23.945","277"
"21","254548","20220930132000","12","3","南投縣","中寮鄉","120.790","23.955","29"
"777","254550","20220930132000","1781","0","南投縣","埔里鎮","120.970","23.965","737"
"479","254560","20220930132000","398","2","南投縣","埔里鎮","120.945","23.960","414"
"29","254571","20220930132000","227","0","南投縣","埔里鎮","120.930","23.970","37"
"338","254589","20220930132000","371","0","南投縣","埔里鎮","120.955","24.005","373"
"920","254592","20220930132000","822","1","南投縣","埔里鎮","120.965","23.955","929"
"21","254599","20220930132000","27","0","南投縣","埔里鎮","120.915","23.990","26"
"586","254621","20220930132000","466","2","南投縣","埔里鎮","120.960","23.960","656"
"245","254622","20220930132000","150","3","南投縣","埔里鎮","120.965","23.960","245"
"109","254624","20220930132000","754","0","南投縣","埔里鎮","120.955","23.965","78"
"58","254626","20220930132000","78","0","南投縣","埔里鎮","120.955","23.970","44"
"109","254627","20220930132000","771","0","南投縣","埔里鎮","120.960","23.970","104"
"556","254629","20220930132000","546","1","南投縣","埔里鎮","120.955","23.975","541"
"792","254633","20220930132000","634","2","南投縣","埔里鎮","120.980","23.980","816"
"52","254641","20220930132000","196","0","南投縣","埔里鎮","120.955","23.955","48"
"427","254658","20220930132000","345","2","南投縣","埔里鎮","120.980","23.990","448"
"34","254675","20220930132000","214","0","南投縣","埔里鎮","120.960","24.000","35"
"36","254680","20220930132000","39","0","南投縣","埔里鎮","120.985","24.000","39"
"314","254705","20220930132000","313","1","南投縣","埔里鎮","120.970","24.005","288"
"200","254706","20220930132000","179","1","南投縣","埔里鎮","120.975","24.005","193"
"513","254712","20220930132000","535","0","花蓮縣","花蓮市","121.610","23.970","524"
"1139","254713","20220930132000","908","2","花蓮縣","花蓮市","121.600","23.965","1119"
"853","254714","20220930132000","815","1","花蓮縣","花蓮市","121.610","23.985","844"
"1829","254716","20220930132000","1551","1","花蓮縣","花蓮市","121.605","23.980","1799"
"1708","254717","20220930132000","1487","1","花蓮縣","花蓮市","121.600","23.980","1576"
"1187","254719","20220930132000","1473","0","花蓮縣","花蓮市","121.605","23.985","1174"
"47","254721","20220930132000","143","0","花蓮縣","花蓮市","121.600","23.970","38"
"1330","254723","20220930132000","1546","0","花蓮縣","花蓮市","121.605","23.970","1364"
"47","254728","20220930132000","133","0","花蓮縣","花蓮市","121.615","23.985","44"
"1283","254729","20220930132000","1111","1","花蓮縣","花蓮市","121.620","24.000","1315"
"1282","254730","20220930132000","1384","0","花蓮縣","花蓮市","121.625","23.995","1341"
"719","254732","20220930132000","607","1","花蓮縣","花蓮市","121.615","23.975","749"
"675","254733","20220930132000","720","0","花蓮縣","花蓮市","121.615","23.980","700"
"1902","254735","20220930132000","1642","1","花蓮縣","吉安鄉","121.590","23.985","2169"
"119","254742","20220930132000","604","0","花蓮縣","花蓮市","121.610","24.005","111"
"41","254743","20220930132000","221","0","花蓮縣","吉安鄉","121.580","23.990","34"
"1117","254745","20220930132000","891","2","花蓮縣","吉安鄉","121.590","23.990","1593"
"469","254746","20220930132000","368","2","花蓮縣","花蓮市","121.585","23.995","361"
"674","254747","20220930132000","725","0","花蓮縣","花蓮市","121.590","23.995","709"
"2092","254748","20220930132000","2332","0","花蓮縣","花蓮市","121.595","23.995","2121"
"400","254754","20220930132000","341","1","花蓮縣","花蓮市","121.590","24.005","333"
"1132","254756","20220930132000","1075","1","花蓮縣","花蓮市","121.595","23.970","1111"
"663","254757","20220930132000","642","1","花蓮縣","花蓮市","121.595","23.975","660"
"2501","254766","20220930132000","2224","1","彰化縣","員林鎮","120.570","23.970","2487"
"567","254767","20220930132000","426","2","彰化縣","員林鎮","120.575","23.970","527"
"735","254769","20220930132000","702","1","花蓮縣","花蓮市","121.610","23.975","762"
"2930","254770","20220930132000","2182","2","花蓮縣","花蓮市","121.610","23.980","2920"
"663","254771","20220930132000","524","2","花蓮縣","花蓮市","121.615","24.000","704"
"22","254772","20220930132000","28","0","花蓮縣","花蓮市","121.560","24.000","21"
"197","254777","20220930132000","215","0","花蓮縣","花蓮市","121.575","24.005","271"
"2645","254779","20220930132000","2191","2","花蓮縣","花蓮市","121.600","23.990","2549"
"736","254780","20220930132000","671","1","花蓮縣","花蓮市","121.610","23.990","702"
"2330","254781","20220930132000","3438","0","花蓮縣","花蓮市","121.605","23.990","2477"
"578","254782","20220930132000","438","2","花蓮縣","花蓮市","121.605","23.995","582"
"2075","254783","20220930132000","1785","1","花蓮縣","吉安鄉","121.575","23.990","2045"
"1708","254784","20220930132000","1379","2","花蓮縣","吉安鄉","121.565","23.995","1656"
"289","254785","20220930132000","295","0","花蓮縣","花蓮市","121.570","23.995","242"
"645","254786","20220930132000","604","1","花蓮縣","花蓮市","121.575","23.995","1045"
"928","254789","20220930132000","971","0","花蓮縣","吉安鄉","121.595","23.985","957"
"2151","254790","20220930132000","1475","2","花蓮縣","花蓮市","121.600","23.995","2060"
"13","254798","20220930132000","66","0","南投縣","中寮鄉","120.745","23.935","12"
"31","254887","20220930132000","114","0","南投縣","中寮鄉","120.780","23.945","39"
"295","254901","20220930132000","238","2","南投縣","中寮鄉","120.765","23.940","286"
"156","254913","20220930132000","184","0","彰化縣","員林鎮","120.550","23.975","158"
"78","254920","20220930132000","508","0","彰化縣","員林鎮","120.580","23.935","71"
"217","254925","20220930132000","263","0","彰化縣","員林鎮","120.580","23.945","217"
"213","254926","20220930132000","258","0","彰化縣","員林鎮","120.575","23.945","139"
"1155","254940","20220930132000","941","2","花蓮縣","花蓮市","121.620","23.985","1113"
"735","254941","20220930132000","692","1","花蓮縣","花蓮市","121.615","23.990","673"
"885","254942","20220930132000","747","1","花蓮縣","花蓮市","121.620","23.990","828"
"48","254945","20220930132000","94","0","花蓮縣","花蓮市","121.630","23.995","143"
"118","254950","20220930132000","106","1","花蓮縣","花蓮市","121.645","24.005","131"
"498","254952","20220930132000","474","1","彰化縣","埔心鄉","120.520","23.965","474"
"52","254964","20220930132000","130","0","彰化縣","芳苑鄉","120.325","23.940","74"
"361","254974","20220930132000","225","3","彰化縣","芳苑鄉","120.330","23.940","400"
"1821","255019","20220930132000","1230","2","彰化縣","員林鎮","120.565","23.965","1740"
"299","255021","20220930132000","639","0","彰化縣","員林鎮","120.600","23.965","193"
"75","255024","20220930132000","63","1","彰化縣","員林鎮","120.610","23.970","85"
"331","255030","20220930132000","268","2","彰化縣","埔心鄉","120.530","23.940","294"
"25","255038","20220930132000","544","0","彰化縣","埔鹽鄉","120.480","23.990","31"
"392","255039","20220930132000","218","3","彰化縣","埔鹽鄉","120.500","23.975","377"
"106","255044","20220930132000","146","0","南投縣","南投市","120.700","23.930","112"
"278","255046","20220930132000","221","2","南投縣","南投市","120.635","23.935","260"
"172","255053","20220930132000","149","1","南投縣","南投市","120.635","23.945","200"
"932","255063","20220930132000","748","2","彰化縣","永靖鄉","120.555","23.935","940"
"57","255064","20220930132000","379","0","彰化縣","永靖鄉","120.560","23.930","57"
"388","255065","20220930132000","406","0","彰化縣","員林鎮","120.555","23.960","400"
"266","255068","20220930132000","168","3","彰化縣","員林鎮","120.560","23.965","269"
"377","255069","20220930132000","323","1","彰化縣","員林鎮","120.555","23.970","362"
"931","255073","20220930132000","1294","0","南投縣","南投市","120.690","23.945","994"
"1167","255074","20220930132000","1003","1","南投縣","南投市","120.690","23.950","1187"
"65","255075","20220930132000","205","0","南投縣","南投市","120.685","23.950","62"
"61","255078","20220930132000","218","0","南投縣","南投市","120.675","23.945","62"
"99","255079","20220930132000","432","0","南投縣","南投市","120.680","23.945","77"
"192","255081","20220930132000","113","3","南投縣","草屯鎮","120.675","23.950","209"
"676","255088","20220930132000","666","1","南投縣","南投市","120.660","23.935","697"
"549","255092","20220930132000","592","0","南投縣","南投市","120.665","23.940","558"
"16","255093","20220930132000","31","0","南投縣","南投市","120.645","23.945","28"
"295","255094","20220930132000","186","3","南投縣","南投市","120.650","23.945","340"
"23","255100","20220930132000","133","0","南投縣","南投市","120.655","23.950","28"
"84","255107","20220930132000","151","0","南投縣","南投市","120.650","23.955","94"
"407","255130","20220930132000","297","2","彰化縣","芳苑鄉","120.315","23.930","419"
"27","255153","20220930132000","162","0","彰化縣","芳苑鄉","120.380","23.940","22"
"768","255158","20220930132000","510","3","彰化縣","芳苑鄉","120.380","23.955","809"
"141","255176","20220930132000","435","0","彰化縣","埔心鄉","120.555","23.940","156"
"1232","255177","20220930132000","1327","0","彰化縣","埔心鄉","120.540","23.950","1303"
"48","255178","20220930132000","547","0","彰化縣","埔心鄉","120.545","23.950","55"
"60","255179","20220930132000","66","0","彰化縣","埔心鄉","120.540","23.955","77"
"263","255199","20220930132000","211","2","彰化縣","二林鎮","120.420","23.950","287"
"332","255210","20220930132000","433","0","彰化縣","永靖鄉","120.550","23.930","340"
"351","255220","20220930132000","289","2","彰化縣","大村鄉","120.585","23.990","334"
"614","255222","20220930132000","640","0","彰化縣","大村鄉","120.580","23.995","608"
"26","255223","20220930132000","24","1","彰化縣","大村鄉","120.585","23.995","19"
"138","255227","20220930132000","125","1","彰化縣","大村鄉","120.590","23.995","170"
"92","255228","20220930132000","153","0","彰化縣","大村鄉","120.595","23.995","108"
"146","255229","20220930132000","187","0","彰化縣","大村鄉","120.600","23.995","166"
"28","255230","20220930132000","76","0","彰化縣","大村鄉","120.605","23.995","28"
"1138","255232","20220930132000","1153","0","彰化縣","大村鄉","120.595","24.000","1131"
"461","255234","20220930132000","529","0","彰化縣","大村鄉","120.570","23.975","499"
"552","255238","20220930132000","440","2","彰化縣","大村鄉","120.535","24.000","515"
"32","255239","20220930132000","158","0","彰化縣","大村鄉","120.540","24.000","27"
"11","255251","20220930132000","200","0","彰化縣","埔心鄉","120.515","23.970","12"
"109","255257","20220930132000","71","3","彰化縣","埔心鄉","120.540","23.965","95"
"314","255261","20220930132000","239","2","彰化縣","埔心鄉","120.555","23.950","340"
"329","255262","20220930132000","386","0","彰化縣","埔心鄉","120.550","23.955","340"
"82","255263","20220930132000","315","0","彰化縣","埔心鄉","120.555","23.955","207"
"26","255264","20220930132000","307","0","彰化縣","埔心鄉","120.545","23.960","26"
"1026","255265","20220930132000","139","3","彰化縣","埔心鄉","120.560","23.945","1005"
"415","255266","20220930132000","252","3","彰化縣","埔心鄉","120.550","23.945","425"
"459","255267","20220930132000","380","2","彰化縣","埔心鄉","120.555","23.945","442"
"104","255273","20220930132000","90","1","彰化縣","埔心鄉","120.515","23.940","102"
"239","255276","20220930132000","201","1","彰化縣","埔心鄉","120.525","23.950","239"
"1288","255277","20220930132000","839","3","彰化縣","埔心鄉","120.525","23.945","1300"
"417","255284","20220930132000","273","3","彰化縣","埔心鄉","120.520","23.945","393"
"589","255287","20220930132000","414","2","彰化縣","埔心鄉","120.515","23.950","601"
"186","255292","20220930132000","350","0","南投縣","埔里鎮","120.935","23.995","157"
"129","255303","20220930132000","85","3","南投縣","埔里鎮","120.945","24.000","148"
"246","255308","20220930132000","196","2","南投縣","埔里鎮","120.940","24.005","254"
"183","255309","20220930132000","563","0","南投縣","埔里鎮","120.945","24.005","187"
"534","255312","20220930132000","406","2","彰化縣","溪湖鎮","120.495","23.965","525"
"163","255322","20220930132000","484","0","彰化縣","溪湖鎮","120.510","23.970","146"
"1121","255326","20220930132000","597","3","彰化縣","大村鄉","120.545","23.995","1040"
"429","255337","20220930132000","352","2","彰化縣","大村鄉","120.555","24.000","435"
"819","255339","20220930132000","800","1","彰化縣","大村鄉","120.550","24.005","820"
"40","255345","20220930132000","346","0","彰化縣","大村鄉","120.580","24.000","38"
"213","255351","20220930132000","105","3","彰化縣","大村鄉","120.585","24.000","204"
"336","255359","20220930132000","284","1","彰化縣","大村鄉","120.550","23.980","327"
"1411","255361","20220930132000","1266","1","彰化縣","大村鄉","120.565","23.980","1402"
"334","255365","20220930132000","352","0","彰化縣","大村鄉","120.540","23.975","612"
"85","255366","20220930132000","93","0","彰化縣","大村鄉","120.520","23.980","91"
"49","255371","20220930132000","129","0","彰化縣","芳苑鄉","120.355","23.935","34"
"311","255379","20220930132000","127","3","彰化縣","芳苑鄉","120.365","23.940","309"
"96","255396","20220930132000","261","0","彰化縣","芳苑鄉","120.350","23.975","81"
"571","255400","20220930132000","256","3","彰化縣","芳苑鄉","120.345","23.980","672"
"63","255443","20220930132000","196","0","彰化縣","芳苑鄉","120.390","23.980","66"
"189","255448","20220930132000","86","3","彰化縣","芳苑鄉","120.385","23.985","219"
"1436","255463","20220930132000","1423","1","南投縣","埔里鎮","120.975","23.970","1480"
"69","255464","20220930132000","304","0","彰化縣","埔心鄉","120.560","23.950","61"
"11","255465","20220930132000","106","0","彰化縣","埔心鄉","120.560","23.955","10"
"441","255466","20220930132000","382","1","南投縣","南投市","120.695","23.940","459"
"538","255472","20220930132000","588","0","南投縣","南投市","120.695","23.945","567"
"46","255475","20220930132000","48","0","南投縣","南投市","120.700","23.950","36"
"1157","255480","20220930132000","861","2","南投縣","南投市","120.695","23.950","1194"
"477","255482","20220930132000","395","2","南投縣","南投市","120.690","23.955","467"
"83","255490","20220930132000","169","0","南投縣","南投市","120.690","23.930","73"
"1101","255491","20220930132000","719","3","南投縣","南投市","120.695","23.930","1102"
"271","255494","20220930132000","488","0","南投縣","南投市","120.690","23.935","252"
"1155","255496","20220930132000","635","3","南投縣","南投市","120.700","23.935","1104"
"58","255498","20220930132000","499","0","南投縣","南投市","120.710","23.935","40"
"336","255525","20220930132000","826","0","彰化縣","芳苑鄉","120.335","23.960","360"
"116","255535","20220930132000","85","2","彰化縣","芳苑鄉","120.360","23.970","134"
"181","255545","20220930132000","115","3","彰化縣","二林鎮","120.385","23.945","161"
"191","255549","20220930132000","146","2","彰化縣","芳苑鄉","120.385","23.955","134"
"155","255550","20220930132000","104","2","彰化縣","芳苑鄉","120.390","23.955","135"
"182","255551","20220930132000","139","2","彰化縣","芳苑鄉","120.395","23.955","212"
"133","255559","20220930132000","99","2","彰化縣","芳苑鄉","120.385","23.970","156"
"83","255593","20220930132000","59","2","南投縣","國姓鄉","120.855","23.995","89"
"317","255626","20220930132000","235","2","南投縣","國姓鄉","120.840","24.005","323"
"102","255633","20220930132000","370","0","南投縣","國姓鄉","120.815","24.000","94"
"16","255636","20220930132000","116","0","南投縣","國姓鄉","120.815","24.005","12"
"31","255646","20220930132000","336","0","南投縣","埔里鎮","120.955","23.995","43"
"936","255647","20220930132000","394","3","南投縣","埔里鎮","120.960","23.965","875"
"24","255663","20220930132000","214","0","南投縣","埔里鎮","121.000","23.955","24"
"236","255680","20220930132000","234","1","南投縣","埔里鎮","121.000","23.965","202"
"990","255708","20220930132000","919","1","南投縣","埔里鎮","120.995","23.975","1021"
"277","255724","20220930132000","228","2","南投縣","埔里鎮","121.005","23.980","236"
"97","255748","20220930132000","194","0","南投縣","埔里鎮","121.020","23.990","120"
"58","255778","20220930132000","168","0","南投縣","仁愛鄉","121.040","24.000","46"
"58","255784","20220930132000","61","0","南投縣","埔里鎮","121.055","24.000","121"
"1419","255785","20220930132000","1448","0","南投縣","埔里鎮","120.965","23.965","1444"
"76","255786","20220930132000","77","0","南投縣","埔里鎮","120.965","23.970","86"
"360","255794","20220930132000","248","2","南投縣","埔里鎮","120.990","23.930","370"
"726","255798","20220930132000","511","2","彰化縣","埔鹽鄉","120.485","24.005","730"
"600","255803","20220930132000","461","2","彰化縣","埔鹽鄉","120.475","23.995","622"
"996","255804","20220930132000","588","3","彰化縣","埔鹽鄉","120.480","23.995","929"
"303","255810","20220930132000","185","3","彰化縣","埔鹽鄉","120.455","24.010","290"
"41","255814","20220930132000","406","0","彰化縣","埔鹽鄉","120.430","23.980","39"
"296","255817","20220930132000","242","2","彰化縣","埔鹽鄉","120.445","23.960","295"
"389","255822","20220930132000","162","3","彰化縣","埔鹽鄉","120.440","23.975","373"
"725","255835","20220930132000","594","2","彰化縣","埔鹽鄉","120.465","24.000","705"
"200","255836","20220930132000","148","2","彰化縣","埔鹽鄉","120.460","24.005","223"
"610","255841","20220930132000","446","2","彰化縣","花壇鄉","120.575","24.005","595"
"12","255845","20220930132000","105","0","彰化縣","花壇鄉","120.585","24.010","17"
"242","255861","20220930132000","117","3","彰化縣","埔鹽鄉","120.450","23.985","274"
"100","255868","20220930132000","321","0","彰化縣","埔鹽鄉","120.445","23.985","89"
"344","255875","20220930132000","254","2","彰化縣","埔鹽鄉","120.465","23.970","354"
"219","255894","20220930132000","210","1","彰化縣","埔鹽鄉","120.490","23.990","233"
"22","255901","20220930132000","230","0","彰化縣","埔鹽鄉","120.490","23.975","21"
"84","255903","20220930132000","504","0","彰化縣","埔鹽鄉","120.480","23.980","66"
"619","255912","20220930132000","530","1","彰化縣","大村鄉","120.530","23.990","597"
"587","255913","20220930132000","469","2","彰化縣","大村鄉","120.535","23.990","583"
"847","255917","20220930132000","849","0","彰化縣","大村鄉","120.555","23.990","866"
"426","255920","20220930132000","789","0","彰化縣","大村鄉","120.575","23.985","413"
"346","255921","20220930132000","298","1","彰化縣","大村鄉","120.580","23.985","273"
"379","255923","20220930132000","362","1","彰化縣","大村鄉","120.590","23.985","359"
"63","255924","20220930132000","65","0","彰化縣","大村鄉","120.595","23.985","63"
"174","255941","20220930132000","139","2","彰化縣","大村鄉","120.540","23.980","164"
"380","255950","20220930132000","285","2","彰化縣","大村鄉","120.510","23.985","368"
"311","255953","20220930132000","209","2","彰化縣","大村鄉","120.520","23.985","311"
"247","255956","20220930132000","1318","0","彰化縣","大村鄉","120.560","23.990","208"
"69","255962","20220930132000","59","1","彰化縣","埔鹽鄉","120.430","23.995","73"
"441","255975","20220930132000","208","3","彰化縣","埔鹽鄉","120.420","23.990","434"
"144","255987","20220930132000","427","0","彰化縣","埔鹽鄉","120.450","24.005","114"
"397","256002","20220930132000","733","0","南投縣","埔里鎮","120.945","23.965","438"
"207","256004","20220930132000","1152","0","南投縣","埔里鎮","120.945","23.970","169"
"80","256025","20220930132000","68","1","南投縣","埔里鎮","120.890","23.955","83"
"856","256042","20220930132000","1081","0","南投縣","埔里鎮","120.945","23.975","806"
"663","256043","20220930132000","495","2","南投縣","埔里鎮","120.925","23.980","664"
"73","256061","20220930132000","55","2","彰化縣","員林鎮","120.605","23.950","58"
"1084","256062","20220930132000","698","3","彰化縣","員林鎮","120.605","23.955","918"
"75","256063","20220930132000","449","0","南投縣","南投市","120.670","23.930","73"
"67","256065","20220930132000","277","0","南投縣","南投市","120.675","23.935","54"
"13","256071","20220930132000","33","0","南投縣","南投市","120.730","23.930","10"
"872","256085","20220930132000","617","2","南投縣","南投市","120.660","23.930","913"
"508","256086","20220930132000","350","2","南投縣","南投市","120.665","23.930","488"
"494","256089","20220930132000","428","1","南投縣","南投市","120.670","23.940","489"
"292","256091","20220930132000","355","0","彰化縣","員林鎮","120.570","23.965","297"
"1276","256092","20220930132000","1368","0","彰化縣","員林鎮","120.575","23.965","1242"
"2029","256094","20220930132000","1975","1","彰化縣","員林鎮","120.580","23.960","2059"
"24","256095","20220930132000","21","1","彰化縣","員林鎮","120.585","23.960","20"
"1720","256096","20220930132000","1230","2","彰化縣","員林鎮","120.580","23.965","1737"
"123","256144","20220930132000","146","0","南投縣","仁愛鄉","121.080","23.995","130"
"186","256164","20220930132000","155","2","南投縣","仁愛鄉","121.085","24.000","176"
"12","256180","20220930132000","71","0","南投縣","仁愛鄉","121.130","23.980","13"
"407","256187","20220930132000","270","3","南投縣","仁愛鄉","121.100","23.990","446"
"134","256354","20220930132000","69","3","南投縣","仁愛鄉","121.075","23.930","82"
"174","256404","20220930132000","91","3","南投縣","仁愛鄉","121.075","23.950","172"
"30","256598","20220930132000","17","3","南投縣","仁愛鄉","121.120","23.950","52"
"31","256645","20220930132000","26","1","南投縣","仁愛鄉","121.175","23.955","73"
"11","256646","20220930132000","63","0","南投縣","仁愛鄉","121.180","23.955","12"
"225","256716","20220930132000","84","3","南投縣","仁愛鄉","121.130","23.960","215"
"12","256753","20220930132000","89","0","南投縣","仁愛鄉","121.105","23.965","11"
"189","256953","20220930132000","1547","0","彰化縣","員林鎮","120.575","23.950","205"
"22","256956","20220930132000","430","0","彰化縣","員林鎮","120.595","23.960","535"
"47","256962","20220930132000","37","2","彰化縣","員林鎮","120.615","23.950","39"
"42","256968","20220930132000","159","0","彰化縣","員林鎮","120.625","23.955","39"
"20","256971","20220930132000","190","0","彰化縣","員林鎮","120.550","23.965","18"
"86","256976","20220930132000","163","0","彰化縣","員林鎮","120.605","23.945","100"
"78","256977","20220930132000","62","2","彰化縣","員林鎮","120.610","23.945","62"
"145","256978","20220930132000","122","1","彰化縣","員林鎮","120.615","23.945","139"
"1590","256982","20220930132000","1357","1","彰化縣","員林鎮","120.565","23.955","1498"
"2622","256983","20220930132000","2089","2","彰化縣","員林鎮","120.565","23.960","2594"
"412","256986","20220930132000","252","3","彰化縣","員林鎮","120.595","23.975","352"
"391","256988","20220930132000","352","1","彰化縣","大村鄉","120.590","23.980","395"
"1785","256995","20220930132000","1356","2","彰化縣","員林鎮","120.575","23.955","1764"
"65","256996","20220930132000","72","0","彰化縣","員林鎮","120.595","23.935","62"
"143","256997","20220930132000","433","0","彰化縣","員林鎮","120.605","23.935","99"
"17","257007","20220930132000","37","0","彰化縣","員林鎮","120.620","23.940","12"
"330","257021","20220930132000","281","1","彰化縣","二林鎮","120.415","23.955","313"
"97","257028","20220930132000","83","1","彰化縣","二林鎮","120.430","23.955","127"
"456","257055","20220930132000","383","1","彰化縣","二林鎮","120.400","23.930","391"
"152","257083","20220930132000","485","0","南投縣","草屯鎮","120.670","23.950","231"
"34","257086","20220930132000","384","0","南投縣","草屯鎮","120.680","23.955","44"
"946","257088","20220930132000","2593","0","南投縣","草屯鎮","120.680","23.960","927"
"214","257089","20220930132000","846","0","南投縣","草屯鎮","120.680","23.965","192"
"69","257092","20220930132000","722","0","彰化縣","員林鎮","120.570","23.945","89"
"484","257094","20220930132000","445","1","彰化縣","員林鎮","120.590","23.950","459"
"326","257095","20220930132000","234","2","彰化縣","員林鎮","120.595","23.950","348"
"1078","257097","20220930132000","1055","1","彰化縣","員林鎮","120.570","23.950","1128"
"134","257100","20220930132000","471","0","彰化縣","員林鎮","120.585","23.970","107"
"800","257103","20220930132000","336","3","彰化縣","二林鎮","120.455","23.930","639"
"222","257115","20220930132000","176","2","彰化縣","二林鎮","120.445","23.945","217"
"1005","257118","20220930132000","699","2","彰化縣","二林鎮","120.440","23.950","1026"
"802","257124","20220930132000","608","2","彰化縣","員林鎮","120.590","23.940","836"
"179","257135","20220930132000","204","0","彰化縣","埔心鄉","120.510","23.940","199"
"19","257145","20220930132000","308","0","彰化縣","溪湖鎮","120.485","23.940","18"
"35","257149","20220930132000","232","0","彰化縣","溪湖鎮","120.480","23.955","32"
"541","257152","20220930132000","1879","0","南投縣","草屯鎮","120.685","23.975","553"
"594","257154","20220930132000","519","1","南投縣","草屯鎮","120.725","23.980","665"
"54","257160","20220930132000","51","1","南投縣","草屯鎮","120.720","23.990","44"
"110","257162","20220930132000","109","1","南投縣","草屯鎮","120.730","23.990","126"
"805","257166","20220930132000","402","3","南投縣","草屯鎮","120.680","23.970","862"
"1589","257168","20220930132000","1840","0","南投縣","草屯鎮","120.680","23.980","1494"
"30","257171","20220930132000","355","0","南投縣","草屯鎮","120.655","24.000","29"
"387","257173","20220930132000","380","1","南投縣","草屯鎮","120.665","24.000","414"
"110","257176","20220930132000","382","0","南投縣","草屯鎮","120.650","24.005","108"
"244","257181","20220930132000","292","0","南投縣","草屯鎮","120.725","23.995","226"
"418","257193","20220930132000","236","3","南投縣","草屯鎮","120.730","24.000","377"
"585","257213","20220930132000","568","1","彰化縣","溪湖鎮","120.450","23.955","573"
"596","257215","20220930132000","464","2","彰化縣","溪湖鎮","120.460","23.955","616"
"20","257222","20220930132000","14","2","南投縣","草屯鎮","120.750","23.975","28"
"372","257229","20220930132000","290","2","南投縣","草屯鎮","120.750","23.980","401"
"276","257235","20220930132000","315","0","南投縣","草屯鎮","120.750","23.985","280"
"47","257245","20220930132000","36","2","南投縣","草屯鎮","120.720","23.955","51"
"115","257251","20220930132000","110","1","南投縣","中寮鄉","120.750","23.955","105"
"30","257266","20220930132000","22","2","南投縣","草屯鎮","120.740","23.965","23"
"147","257267","20220930132000","135","1","南投縣","草屯鎮","120.745","23.965","158"
"197","257273","20220930132000","90","3","南投縣","草屯鎮","120.705","23.960","168"
"580","257282","20220930132000","511","1","南投縣","草屯鎮","120.705","23.975","585"
"891","257285","20220930132000","647","2","南投縣","草屯鎮","120.695","23.980","823"
"1291","257286","20220930132000","1145","1","南投縣","草屯鎮","120.700","23.980","1407"
"708","257289","20220930132000","745","0","南投縣","草屯鎮","120.715","23.980","724"
"1092","257294","20220930132000","747","2","南投縣","南投市","120.685","23.955","1075"
"168","257295","20220930132000","547","0","南投縣","草屯鎮","120.685","23.960","143"
"1675","257299","20220930132000","1171","2","南投縣","草屯鎮","120.690","23.965","1619"
"22","257300","20220930132000","40","0","南投縣","草屯鎮","120.695","23.965","31"
"151","257307","20220930132000","169","0","南投縣","草屯鎮","120.775","23.985","187"
"64","257320","20220930132000","104","0","南投縣","草屯鎮","120.765","23.995","88"
"410","257342","20220930132000","475","0","南投縣","草屯鎮","120.700","23.985","388"
"37","257346","20220930132000","56","0","南投縣","草屯鎮","120.705","23.990","47"
"130","257348","20220930132000","213","0","南投縣","草屯鎮","120.715","23.990","136"
"325","257349","20220930132000","811","0","南投縣","草屯鎮","120.690","23.995","392"
"130","257351","20220930132000","124","1","南投縣","草屯鎮","120.700","23.995","154"
"525","257354","20220930132000","466","1","南投縣","草屯鎮","120.715","23.995","484"
"546","257356","20220930132000","411","2","南投縣","草屯鎮","120.695","23.995","533"
"696","257362","20220930132000","623","1","南投縣","草屯鎮","120.695","24.000","770"
"258","257365","20220930132000","184","2","南投縣","草屯鎮","120.710","24.000","278"
"90","257366","20220930132000","124","0","南投縣","草屯鎮","120.670","23.960","72"
"437","257368","20220930132000","197","3","南投縣","草屯鎮","120.675","23.965","388"
"191","257369","20220930132000","173","1","南投縣","草屯鎮","120.670","23.970","203"
"487","257370","20220930132000","345","2","南投縣","草屯鎮","120.670","23.975","516"
"278","257373","20220930132000","233","1","南投縣","草屯鎮","120.675","23.980","297"
"851","257376","20220930132000","1096","0","南投縣","草屯鎮","120.680","23.985","785"
"328","257377","20220930132000","298","1","南投縣","草屯鎮","120.670","23.990","307"
"54","257381","20220930132000","193","0","南投縣","草屯鎮","120.670","23.995","50"
"391","257386","20220930132000","154","3","南投縣","草屯鎮","120.685","23.990","485"
"462","257387","20220930132000","356","2","南投縣","草屯鎮","120.680","23.995","582"
"78","257389","20220930132000","288","0","南投縣","草屯鎮","120.680","24.000","63"
"509","257396","20220930132000","391","2","南投縣","草屯鎮","120.680","24.005","536"
"226","257400","20220930132000","725","0","南投縣","草屯鎮","120.685","23.985","210"
"2426","257401","20220930132000","1932","2","南投縣","草屯鎮","120.685","23.980","2331"
"120","257403","20220930132000","219","0","南投縣","草屯鎮","120.640","23.995","121"
"312","257407","20220930132000","443","0","南投縣","草屯鎮","120.660","23.995","333"
"76","257410","20220930132000","229","0","南投縣","草屯鎮","120.650","23.995","88"
"132","257415","20220930132000","98","2","南投縣","草屯鎮","120.655","23.965","121"
"508","257418","20220930132000","458","1","南投縣","草屯鎮","120.650","23.970","547"
"362","257422","20220930132000","279","2","南投縣","草屯鎮","120.650","23.975","396"
"248","257424","20220930132000","181","2","南投縣","草屯鎮","120.660","23.975","218"
"108","257426","20220930132000","278","0","南投縣","草屯鎮","120.650","23.980","88"
"197","257429","20220930132000","618","0","南投縣","草屯鎮","120.665","23.950","206"
"114","257438","20220930132000","289","0","南投縣","草屯鎮","120.660","23.960","102"
"136","257439","20220930132000","140","0","南投縣","草屯鎮","120.665","23.960","155"
"244","257496","20220930132000","218","1","南投縣","草屯鎮","120.795","23.985","257"
"248","257505","20220930132000","199","2","南投縣","草屯鎮","120.795","23.990","255"
"319","257522","20220930132000","219","2","南投縣","草屯鎮","120.800","24.000","331"
"101","257550","20220930132000","286","0","彰化縣","福興鄉","120.410","24.005","85"
"112","257580","20220930132000","87","2","彰化縣","芳苑鄉","120.400","23.995","128"
"540","257591","20220930132000","389","2","彰化縣","芳苑鄉","120.365","24.000","538"
"243","257595","20220930132000","203","1","彰化縣","芳苑鄉","120.385","24.000","295"
"371","257609","20220930132000","320","1","彰化縣","芳苑鄉","120.370","24.005","338"
"354","257631","20220930132000","186","3","彰化縣","芳苑鄉","120.340","23.965","415"
"162","257632","20220930132000","712","0","彰化縣","芳苑鄉","120.345","23.965","155"
"58","257638","20220930132000","59","0","彰化縣","芳苑鄉","120.325","23.970","61"
"362","257669","20220930132000","1094","0","彰化縣","秀水鄉","120.510","23.995","341"
"533","257680","20220930132000","351","3","彰化縣","秀水鄉","120.520","24.000","482"
"853","257685","20220930132000","559","3","彰化縣","福興鄉","120.490","24.010","895"
"1930","257686","20220930132000","1365","2","彰化縣","福興鄉","120.495","24.010","1884"
"23","257694","20220930132000","19","2","彰化縣","芬園鄉","120.605","24.005","29"
"461","257699","20220930132000","258","3","彰化縣","溪湖鎮","120.490","23.950","459"
"610","257700","20220930132000","521","1","彰化縣","溪湖鎮","120.495","23.950","556"
"843","257703","20220930132000","542","3","彰化縣","溪湖鎮","120.475","23.960","840"
"345","257704","20220930132000","240","2","彰化縣","溪湖鎮","120.465","23.965","327"
"2369","257708","20220930132000","2185","1","彰化縣","溪湖鎮","120.480","23.960","2399"
"400","257713","20220930132000","300","2","彰化縣","溪湖鎮","120.485","23.935","365"
"39","257720","20220930132000","29","2","彰化縣","溪湖鎮","120.500","23.940","29"
"58","257725","20220930132000","297","0","彰化縣","溪湖鎮","120.505","23.950","73"
"30","257726","20220930132000","254","0","彰化縣","溪湖鎮","120.510","23.950","33"
"119","257727","20220930132000","513","0","彰化縣","溪湖鎮","120.490","23.955","102"
"88","257728","20220930132000","93","0","彰化縣","溪湖鎮","120.495","23.955","84"
"481","257729","20220930132000","461","1","彰化縣","溪湖鎮","120.485","23.960","503"
"407","257733","20220930132000","342","1","彰化縣","溪湖鎮","120.490","23.965","398"
"471","257734","20220930132000","440","1","彰化縣","溪湖鎮","120.485","23.970","503"
"333","257750","20220930132000","196","3","彰化縣","芬園鄉","120.625","23.965","338"
"179","257766","20220930132000","232","0","彰化縣","溪湖鎮","120.475","23.950","158"
"476","257767","20220930132000","659","0","彰化縣","溪湖鎮","120.475","23.955","468"
"251","257778","20220930132000","184","2","彰化縣","溪湖鎮","120.475","23.970","243"
"716","257781","20220930132000","718","0","彰化縣","溪湖鎮","120.470","23.980","773"
"208","257784","20220930132000","169","2","南投縣","草屯鎮","120.670","23.980","230"
"148","257785","20220930132000","427","0","南投縣","草屯鎮","120.650","23.985","148"
"244","257788","20220930132000","347","0","南投縣","草屯鎮","120.665","23.985","249"
"295","257792","20220930132000","324","0","南投縣","草屯鎮","120.665","23.990","308"
"43","257795","20220930132000","373","0","彰化縣","社頭鄉","120.605","23.930","35"
"181","257797","20220930132000","122","2","彰化縣","社頭鄉","120.615","23.930","134"
"111","257798","20220930132000","46","3","彰化縣","社頭鄉","120.620","23.930","104"
"396","257802","20220930132000","270","2","彰化縣","芬園鄉","120.630","23.995","390"
"21","257808","20220930132000","12","3","彰化縣","芬園鄉","120.615","24.005","22"
"1487","257810","20220930132000","1032","2","彰化縣","芬園鄉","120.630","24.010","1618"
"46","257812","20220930132000","266","0","彰化縣","芬園鄉","120.640","24.010","51"
"43","257813","20220930132000","28","3","彰化縣","芬園鄉","120.645","24.010","48"
"408","257817","20220930132000","209","3","彰化縣","埔鹽鄉","120.425","23.995","396"
"57","257823","20220930132000","199","0","彰化縣","埔鹽鄉","120.430","24.005","49"
"275","257824","20220930132000","179","3","彰化縣","福興鄉","120.420","24.010","263"
"334","257827","20220930132000","907","0","彰化縣","秀水鄉","120.515","24.010","299"
"239","257834","20220930132000","162","2","彰化縣","芬園鄉","120.620","23.980","216"
"229","257851","20220930132000","125","3","彰化縣","芬園鄉","120.610","23.995","244"
"94","257857","20220930132000","71","2","彰化縣","芬園鄉","120.625","24.000","83"
"40","257867","20220930132000","199","0","彰化縣","芬園鄉","120.645","23.965","33"
"396","257871","20220930132000","263","3","彰化縣","芬園鄉","120.640","23.975","376"
"47","257882","20220930132000","343","0","彰化縣","花壇鄉","120.550","24.010","32"
"57","257884","20220930132000","54","1","彰化縣","花壇鄉","120.570","24.010","47"
"523","257886","20220930132000","491","1","彰化縣","社頭鄉","120.575","23.930","526"
"335","257898","20220930132000","385","0","南投縣","草屯鎮","120.730","23.975","315"
"259","257902","20220930132000","214","2","南投縣","草屯鎮","120.735","23.980","239"
"658","257907","20220930132000","1237","0","彰化縣","溪湖鎮","120.480","23.965","630"
"45","257908","20220930132000","381","0","彰化縣","溪湖鎮","120.480","23.970","30"
"1626","263412","20220930132000","1357","1","臺中市","霧峰區","120.690","24.045","1654"
"669","263414","20220930132000","461","2","臺中市","霧峰區","120.685","24.050","687"
"226","263420","20220930132000","127","3","臺中市","霧峰區","120.705","24.045","230"
"42","263428","20220930132000","41","1","臺中市","霧峰區","120.705","24.055","29"
"499","263432","20220930132000","588","0","臺中市","霧峰區","120.705","24.060","504"
"51","263433","20220930132000","352","0","臺中市","霧峰區","120.710","24.060","41"
"50","263450","20220930132000","197","0","臺中市","霧峰區","120.700","24.020","46"
"426","263482","20220930132000","376","1","臺中市","霧峰區","120.700","24.030","409"
"434","263484","20220930132000","439","0","臺中市","霧峰區","120.695","24.035","422"
"329","263486","20220930132000","398","0","臺中市","霧峰區","120.710","24.070","365"
"1386","263487","20220930132000","914","3","臺中市","霧峰區","120.715","24.070","1425"
"172","263488","20220930132000","186","0","臺中市","霧峰區","120.720","24.070","175"
"789","263490","20220930132000","577","2","臺中市","霧峰區","120.705","24.075","894"
"288","263491","20220930132000","329","0","臺中市","霧峰區","120.710","24.075","278"
"1334","263492","20220930132000","1265","1","臺中市","霧峰區","120.715","24.075","1272"
"25","263493","20220930132000","278","0","臺中市","霧峰區","120.720","24.075","31"
"551","263495","20220930132000","381","2","臺中市","霧峰區","120.710","24.080","447"
"15","263497","20220930132000","19","0","臺中市","大里區","120.720","24.080","16"
"14","263499","20220930132000","36","0","臺中市","霧峰區","120.665","24.060","18"
"21","263518","20220930132000","85","0","臺中市","霧峰區","120.730","24.040","37"
"1031","263528","20220930132000","1041","0","臺中市","霧峰區","120.695","24.040","1060"
"44","263539","20220930132000","67","0","臺中市","霧峰區","120.695","24.045","55"
"105","263553","20220930132000","75","2","臺中市","霧峰區","120.725","24.030","114"
"236","263569","20220930132000","131","3","臺中市","霧峰區","120.725","24.035","273"
"19","263573","20220930132000","174","0","臺中市","霧峰區","120.750","24.035","45"
"629","263579","20220930132000","566","1","臺中市","大里區","120.695","24.080","698"
"2470","263581","20220930132000","2040","2","臺中市","大里區","120.695","24.085","2475"
"216","263583","20220930132000","229","0","臺中市","大里區","120.690","24.085","219"
"126","263584","20220930132000","103","2","臺中市","大里區","120.700","24.080","133"
"1356","263585","20220930132000","1191","1","臺中市","大里區","120.700","24.085","1388"
"25","263586","20220930132000","313","0","臺中市","大里區","120.705","24.085","24"
"1006","263587","20220930132000","985","1","臺中市","大里區","120.705","24.090","970"
"412","263588","20220930132000","397","1","臺中市","大里區","120.715","24.095","393"
"13","263615","20220930132000","10","2","臺中市","太平區","120.780","24.090","13"
"44","263708","20220930132000","25","3","臺中市","太平區","120.755","24.085","50"
"74","263716","20220930132000","182","0","臺中市","太平區","120.745","24.090","66"
"240","263736","20220930132000","269","0","臺中市","霧峰區","120.700","24.050","204"
"599","263737","20220930132000","530","1","臺中市","霧峰區","120.695","24.055","637"
"168","263738","20220930132000","127","2","臺中市","霧峰區","120.700","24.055","165"
"55","263741","20220930132000","423","0","臺中市","霧峰區","120.680","24.060","45"
"1263","263743","20220930132000","902","2","臺中市","霧峰區","120.680","24.065","1186"
"22","263745","20220930132000","24","0","臺中市","霧峰區","120.690","24.065","14"
"563","263746","20220930132000","457","2","臺中市","霧峰區","120.680","24.070","542"
"128","263747","20220930132000","618","0","臺中市","霧峰區","120.700","24.070","112"
"120","263753","20220930132000","94","2","臺中市","新社區","120.885","24.095","137"
"771","263758","20220930132000","692","1","臺中市","大里區","120.685","24.075","769"
"532","263759","20220930132000","340","3","臺中市","大里區","120.690","24.075","535"
"288","263764","20220930132000","622","0","臺中市","大里區","120.680","24.085","296"
"12","263765","20220930132000","234","0","臺中市","大里區","120.685","24.085","12"
"308","263766","20220930132000","309","0","臺中市","太平區","120.730","24.095","319"
"46","263775","20220930132000","21","3","臺中市","霧峰區","120.725","24.060","62"
"362","263776","20220930132000","345","1","臺中市","霧峰區","120.705","24.065","347"
"392","263778","20220930132000","346","1","臺中市","霧峰區","120.715","24.065","375"
"59","263794","20220930132000","129","0","臺中市","霧峰區","120.745","24.045","32"
"153","263828","20220930132000","196","0","臺中市","霧峰區","120.745","24.060","140"
"39","263842","20220930132000","50","0","臺中市","霧峰區","120.760","24.065","45"
"83","263846","20220930132000","48","3","臺中市","霧峰區","120.735","24.070","90"
"481","263863","20220930132000","398","2","臺中市","霧峰區","120.695","24.015","492"
"752","263864","20220930132000","647","1","臺中市","霧峰區","120.685","24.020","719"
"533","263875","20220930132000","434","2","臺中市","烏日區","120.655","24.055","588"
"455","263876","20220930132000","475","0","臺中市","烏日區","120.660","24.055","482"
"349","263878","20220930132000","288","2","臺中市","烏日區","120.655","24.045","359"
"368","263884","20220930132000","286","2","臺中市","烏日區","120.650","24.050","372"
"465","263885","20220930132000","636","0","臺中市","烏日區","120.635","24.070","493"
"1697","263888","20220930132000","1463","1","臺中市","烏日區","120.635","24.080","1655"
"681","263891","20220930132000","463","2","臺中市","烏日區","120.625","24.090","676"
"1799","263900","20220930132000","1555","1","臺中市","烏日區","120.640","24.075","1778"
"943","263902","20220930132000","828","1","臺中市","烏日區","120.650","24.075","960"
"65","263907","20220930132000","1107","0","臺中市","烏日區","120.645","24.085","58"
"305","263933","20220930132000","242","2","臺中市","烏日區","120.635","24.050","289"
"2583","263942","20220930132000","2055","2","臺中市","大里區","120.680","24.095","2639"
"397","263943","20220930132000","295","2","臺中市","大里區","120.665","24.095","388"
"1100","263945","20220930132000","944","1","臺中市","大里區","120.690","24.090","1026"
"1095","263946","20220930132000","982","1","臺中市","大里區","120.695","24.095","1124"
"336","263948","20220930132000","287","1","臺中市","大里區","120.705","24.095","324"
"204","263949","20220930132000","223","0","臺中市","大里區","120.710","24.095","218"
"865","263950","20220930132000","723","1","臺中市","大里區","120.715","24.090","809"
"873","263951","20220930132000","881","0","臺中市","大里區","120.720","24.095","920"
"965","263954","20220930132000","974","0","臺中市","大里區","120.700","24.095","985"
"513","263960","20220930132000","377","2","臺中市","大里區","120.735","24.090","443"
"886","263962","20220930132000","894","0","臺中市","大里區","120.720","24.090","911"
"557","263964","20220930132000","494","1","臺中市","大里區","120.730","24.090","565"
"671","263969","20220930132000","847","0","臺中市","大里區","120.710","24.085","690"
"222","263970","20220930132000","445","0","臺中市","大里區","120.715","24.085","228"
"225","263971","20220930132000","231","0","臺中市","大里區","120.720","24.085","213"
"55","263975","20220930132000","83","0","臺中市","大里區","120.710","24.090","60"
"190","263977","20220930132000","83","3","臺中市","大里區","120.665","24.085","197"
"44","263979","20220930132000","331","0","臺中市","大里區","120.675","24.085","40"
"304","263989","20220930132000","430","0","臺中市","大里區","120.685","24.095","285"
"370","263990","20220930132000","333","1","臺中市","大里區","120.690","24.095","371"
"166","263991","20220930132000","283","0","臺中市","霧峰區","120.695","24.065","167"
"2498","263992","20220930132000","2412","1","臺中市","霧峰區","120.700","24.065","2411"
"856","263995","20220930132000","376","3","臺中市","霧峰區","120.665","24.065","859"
"207","263999","20220930132000","693","0","臺中市","霧峰區","120.665","24.070","199"
"45","264007","20220930132000","493","0","臺中市","霧峰區","120.655","24.085","40"
"42","264008","20220930132000","440","0","臺中市","霧峰區","120.650","24.085","45"
"246","264016","20220930132000","197","2","臺中市","霧峰區","120.690","24.040","222"
"84","264018","20220930132000","422","0","臺中市","霧峰區","120.685","24.045","75"
"22","264024","20220930132000","391","0","臺中市","霧峰區","120.665","24.040","26"
"381","264029","20220930132000","199","3","臺中市","霧峰區","120.660","24.050","401"
"760","264031","20220930132000","609","2","臺中市","大里區","120.700","24.090","769"
"60","264037","20220930132000","71","0","臺中市","霧峰區","120.670","24.025","64"
"17","264042","20220930132000","257","0","臺中市","霧峰區","120.670","24.030","24"
"176","264047","20220930132000","200","0","花蓮縣","秀林鄉","121.580","24.020","184"
"203","264094","20220930132000","195","1","花蓮縣","秀林鄉","121.595","24.050","193"
"900","264107","20220930132000","961","0","花蓮縣","秀林鄉","121.600","24.055","945"
"378","264435","20220930132000","428","0","花蓮縣","新城鄉","121.610","24.080","410"
"227","264642","20220930132000","260","0","花蓮縣","新城鄉","121.595","24.015","241"
"201","264655","20220930132000","253","0","花蓮縣","新城鄉","121.590","24.035","226"
"215","264661","20220930132000","149","2","花蓮縣","新城鄉","121.595","24.040","168"
"784","264663","20220930132000","511","3","花蓮縣","新城鄉","121.605","24.030","805"
"371","264665","20220930132000","321","1","花蓮縣","新城鄉","121.605","24.035","382"
"341","264667","20220930132000","331","1","花蓮縣","新城鄉","121.600","24.035","353"
"1965","264676","20220930132000","1704","1","臺中市","烏日區","120.645","24.060","2015"
"99","264678","20220930132000","628","0","臺中市","烏日區","120.655","24.060","92"
"456","264683","20220930132000","502","0","臺中市","烏日區","120.640","24.065","436"
"323","264700","20220930132000","176","3","臺中市","烏日區","120.620","24.090","314"
"500","264703","20220930132000","323","3","臺中市","霧峰區","120.675","24.040","494"
"302","264707","20220930132000","175","3","臺中市","霧峰區","120.680","24.045","297"
"456","264712","20220930132000","341","2","臺中市","霧峰區","120.675","24.050","427"
"806","264717","20220930132000","952","0","臺中市","烏日區","120.645","24.090","906"
"376","264719","20220930132000","321","1","臺中市","烏日區","120.635","24.095","393"
"46","264720","20220930132000","35","2","臺中市","烏日區","120.640","24.095","47"
"43","264722","20220930132000","201","0","臺中市","烏日區","120.645","24.095","51"
"543","264725","20220930132000","470","1","臺中市","烏日區","120.655","24.095","501"
"208","264726","20220930132000","142","2","臺中市","大里區","120.660","24.095","188"
"856","264728","20220930132000","831","1","花蓮縣","花蓮市","121.625","24.010","844"
"779","264732","20220930132000","639","2","花蓮縣","花蓮市","121.630","24.015","788"
"398","264737","20220930132000","411","0","花蓮縣","花蓮市","121.635","24.025","439"
"10","264856","20220930132000","11","0","花蓮縣","秀林鄉","121.410","24.020","10"
"116","265344","20220930132000","49","3","南投縣","國姓鄉","120.830","24.030","115"
"21","265374","20220930132000","17","2","南投縣","國姓鄉","120.800","24.045","22"
"71","265406","20220930132000","44","3","南投縣","國姓鄉","120.825","24.070","79"
"22","265430","20220930132000","26","0","南投縣","國姓鄉","120.880","24.050","27"
"104","265436","20220930132000","104","1","南投縣","國姓鄉","120.910","24.050","132"
"150","265440","20220930132000","136","1","南投縣","國姓鄉","120.930","24.050","137"
"586","265442","20220930132000","297","3","南投縣","國姓鄉","120.880","24.055","580"
"232","265449","20220930132000","209","1","南投縣","國姓鄉","120.915","24.055","235"
"47","265465","20220930132000","34","2","南投縣","國姓鄉","120.930","24.060","38"
"142","265467","20220930132000","116","2","南投縣","國姓鄉","120.940","24.060","159"
"12","265498","20220930132000","16","0","南投縣","國姓鄉","120.930","24.075","12"
"119","265569","20220930132000","397","0","南投縣","國姓鄉","120.850","24.040","97"
"41","265593","20220930132000","161","0","南投縣","埔里鎮","120.910","24.025","34"
"28","265615","20220930132000","250","0","南投縣","埔里鎮","120.920","24.040","31"
"412","265622","20220930132000","276","2","南投縣","國姓鄉","120.930","24.045","364"
"66","265627","20220930132000","54","2","南投縣","埔里鎮","120.950","24.010","70"
"102","265628","20220930132000","337","0","南投縣","埔里鎮","120.945","24.015","101"
"29","265631","20220930132000","28","1","南投縣","埔里鎮","120.940","24.020","13"
"204","265633","20220930132000","219","0","南投縣","埔里鎮","120.950","24.020","127"
"114","265651","20220930132000","90","2","南投縣","埔里鎮","120.950","24.035","106"
"55","265706","20220930132000","156","0","花蓮縣","花蓮市","121.590","24.010","54"
"958","265708","20220930132000","1146","0","花蓮縣","新城鄉","121.610","24.015","974"
"107","265711","20220930132000","109","0","花蓮縣","新城鄉","121.605","24.020","124"
"671","265716","20220930132000","570","1","花蓮縣","新城鄉","121.605","24.025","696"
"149","265719","20220930132000","136","1","花蓮縣","新城鄉","121.620","24.025","146"
"175","265723","20220930132000","221","0","花蓮縣","新城鄉","121.615","24.030","199"
"73","265734","20220930132000","84","0","花蓮縣","新城鄉","121.625","24.035","73"
"509","265739","20220930132000","445","1","花蓮縣","新城鄉","121.605","24.040","504"
"323","265742","20220930132000","276","1","花蓮縣","新城鄉","121.610","24.045","348"
"145","265753","20220930132000","113","2","花蓮縣","新城鄉","121.615","24.060","101"
"539","265754","20220930132000","506","1","花蓮縣","新城鄉","121.610","24.065","427"
"601","265773","20220930132000","436","2","彰化縣","彰化市","120.570","24.085","578"
"769","265774","20220930132000","665","1","彰化縣","彰化市","120.575","24.090","751"
"230","265780","20220930132000","201","1","彰化縣","彰化市","120.620","24.045","214"
"354","265784","20220930132000","309","1","彰化縣","彰化市","120.620","24.060","356"
"1155","265794","20220930132000","1777","0","彰化縣","彰化市","120.535","24.090","1140"
"1403","265797","20220930132000","1150","2","彰化縣","彰化市","120.545","24.075","1478"
"1122","265798","20220930132000","471","3","彰化縣","彰化市","120.555","24.070","1084"
"1588","265800","20220930132000","1105","2","彰化縣","彰化市","120.545","24.085","1603"
"302","265801","20220930132000","276","1","彰化縣","彰化市","120.555","24.090","331"
"1502","265802","20220930132000","1535","0","彰化縣","彰化市","120.555","24.080","1615"
"167","265803","20220930132000","663","0","彰化縣","彰化市","120.560","24.080","165"
"1737","265804","20220930132000","1521","1","彰化縣","彰化市","120.555","24.085","1869"
"58","265805","20220930132000","97","0","彰化縣","彰化市","120.560","24.085","75"
"633","265806","20220930132000","732","0","彰化縣","彰化市","120.535","24.080","628"
"2343","265807","20220930132000","1551","3","彰化縣","彰化市","120.540","24.085","2391"
"2631","265808","20220930132000","1415","3","彰化縣","彰化市","120.545","24.090","2486"
"499","265810","20220930132000","264","3","彰化縣","彰化市","120.550","24.075","530"
"3493","265812","20220930132000","1441","3","彰化縣","彰化市","120.530","24.080","3490"
"103","265817","20220930132000","275","0","彰化縣","鹿港鎮","120.480","24.090","77"
"1117","265820","20220930132000","643","3","彰化縣","彰化市","120.535","24.070","1118"
"1372","265821","20220930132000","980","2","彰化縣","彰化市","120.530","24.065","1342"
"2155","265822","20220930132000","1436","3","彰化縣","彰化市","120.530","24.070","2217"
"529","265823","20220930132000","685","0","彰化縣","鹿港鎮","120.445","24.055","550"
"20","265824","20220930132000","278","0","彰化縣","鹿港鎮","120.445","24.060","16"
"36","265825","20220930132000","32","1","彰化縣","鹿港鎮","120.450","24.060","32"
"595","265826","20220930132000","526","1","彰化縣","鹿港鎮","120.445","24.065","504"
"25","265839","20220930132000","29","0","彰化縣","彰化市","120.580","24.075","23"
"477","265841","20220930132000","1715","0","彰化縣","彰化市","120.535","24.075","462"
"844","265848","20220930132000","608","2","彰化縣","鹿港鎮","120.460","24.080","714"
"383","265863","20220930132000","456","0","彰化縣","鹿港鎮","120.435","24.050","412"
"868","265864","20220930132000","1078","0","彰化縣","彰化市","120.550","24.085","872"
"207","265898","20220930132000","479","0","南投縣","國姓鄉","120.860","24.060","163"
"310","265927","20220930132000","185","3","南投縣","國姓鄉","120.845","24.025","277"
"98","265948","20220930132000","326","0","南投縣","國姓鄉","120.860","24.040","71"
"250","265956","20220930132000","325","0","南投縣","國姓鄉","120.855","24.045","608"
"374","265973","20220930132000","445","0","南投縣","國姓鄉","120.820","24.020","387"
"13","265977","20220930132000","236","0","南投縣","國姓鄉","120.825","24.025","14"
"10","266037","20220930132000","145","0","南投縣","國姓鄉","120.875","24.075","10"
"3567","266081","20220930132000","3485","1","彰化縣","彰化市","120.535","24.065","3648"
"2067","266082","20220930132000","805","3","彰化縣","和美鎮","120.510","24.090","2132"
"318","266091","20220930132000","235","2","彰化縣","埔鹽鄉","120.455","24.015","311"
"2759","266093","20220930132000","1736","3","彰化縣","彰化市","120.540","24.070","2752"
"59","266099","20220930132000","558","0","彰化縣","花壇鄉","120.545","24.015","63"
"474","266100","20220930132000","427","1","彰化縣","花壇鄉","120.545","24.020","503"
"103","266107","20220930132000","85","2","彰化縣","花壇鄉","120.545","24.030","91"
"33","266111","20220930132000","53","0","彰化縣","花壇鄉","120.550","24.035","24"
"433","266122","20220930132000","331","2","彰化縣","埔鹽鄉","120.445","24.020","422"
"612","266124","20220930132000","162","3","彰化縣","彰化市","120.520","24.055","585"
"536","266127","20220930132000","654","0","彰化縣","彰化市","120.565","24.090","549"
"882","266128","20220930132000","554","3","彰化縣","彰化市","120.555","24.095","906"
"298","266129","20220930132000","228","2","彰化縣","彰化市","120.560","24.095","337"
"685","266131","20220930132000","597","1","彰化縣","彰化市","120.595","24.070","661"
"121","266132","20220930132000","147","0","彰化縣","彰化市","120.595","24.075","128"
"192","266134","20220930132000","136","2","彰化縣","彰化市","120.605","24.075","207"
"706","266136","20220930132000","568","2","彰化縣","彰化市","120.600","24.080","687"
"490","266138","20220930132000","330","2","彰化縣","彰化市","120.595","24.085","419"
"20","266148","20220930132000","20","1","彰化縣","花壇鄉","120.590","24.040","24"
"56","266153","20220930132000","53","1","彰化縣","彰化市","120.605","24.045","57"
"84","266154","20220930132000","103","0","彰化縣","彰化市","120.585","24.050","89"
"75","266155","20220930132000","122","0","彰化縣","彰化市","120.590","24.050","81"
"55","266157","20220930132000","68","0","彰化縣","彰化市","120.600","24.050","59"
"434","266166","20220930132000","303","2","彰化縣","彰化市","120.615","24.055","427"
"356","266168","20220930132000","327","1","彰化縣","彰化市","120.580","24.080","370"
"628","266169","20220930132000","558","1","彰化縣","彰化市","120.575","24.085","613"
"1219","266170","20220930132000","999","2","彰化縣","彰化市","120.580","24.085","1250"
"251","266171","20220930132000","229","1","彰化縣","彰化市","120.560","24.075","235"
"658","266172","20220930132000","847","0","彰化縣","彰化市","120.550","24.080","713"
"1477","266176","20220930132000","382","3","彰化縣","和美鎮","120.495","24.085","1472"
"88","266180","20220930132000","59","2","彰化縣","和美鎮","120.495","24.090","95"
"1483","266182","20220930132000","2971","0","彰化縣","彰化市","120.535","24.085","1453"
"798","266183","20220930132000","774","1","彰化縣","和美鎮","120.525","24.095","806"
"264","266185","20220930132000","250","1","彰化縣","和美鎮","120.535","24.095","276"
"73","266190","20220930132000","63","1","彰化縣","秀水鄉","120.505","24.065","69"
"1499","266191","20220930132000","351","3","彰化縣","彰化市","120.510","24.065","1579"
"1234","266192","20220930132000","852","2","彰化縣","彰化市","120.515","24.065","1240"
"741","266194","20220930132000","161","3","彰化縣","彰化市","120.510","24.070","707"
"440","266196","20220930132000","379","1","彰化縣","花壇鄉","120.570","24.055","450"
"27","266205","20220930132000","220","0","彰化縣","彰化市","120.570","24.065","27"
"3013","266210","20220930132000","1232","3","彰化縣","彰化市","120.540","24.075","3109"
"4614","266211","20220930132000","3763","2","彰化縣","彰化市","120.540","24.080","4590"
"2101","266214","20220930132000","536","3","彰化縣","彰化市","120.525","24.080","2045"
"974","266216","20220930132000","705","2","彰化縣","彰化市","120.530","24.085","920"
"992","266222","20220930132000","1147","0","彰化縣","彰化市","120.600","24.090","1055"
"409","266224","20220930132000","349","1","彰化縣","彰化市","120.585","24.090","398"
"252","266228","20220930132000","161","3","彰化縣","彰化市","120.580","24.095","272"
"41","266232","20220930132000","40","1","彰化縣","彰化市","120.600","24.095","41"
"554","266233","20220930132000","172","3","彰化縣","秀水鄉","120.500","24.075","555"
"58","266234","20220930132000","524","0","彰化縣","彰化市","120.505","24.075","46"
"884","266237","20220930132000","380","3","彰化縣","彰化市","120.520","24.075","883"
"403","266238","20220930132000","130","3","彰化縣","彰化市","120.510","24.080","383"
"200","266239","20220930132000","366","0","彰化縣","和美鎮","120.515","24.080","184"
"74","266240","20220930132000","198","0","彰化縣","彰化市","120.520","24.080","76"
"646","266241","20220930132000","273","3","彰化縣","彰化市","120.515","24.085","656"
"307","266243","20220930132000","208","2","彰化縣","彰化市","120.525","24.085","312"
"318","266244","20220930132000","530","0","彰化縣","彰化市","120.545","24.095","336"
"203","266245","20220930132000","723","0","彰化縣","彰化市","120.545","24.080","155"
"186","266246","20220930132000","162","1","彰化縣","彰化市","120.565","24.085","205"
"1342","266247","20220930132000","1201","1","彰化縣","彰化市","120.560","24.090","1358"
"470","266248","20220930132000","454","1","彰化縣","彰化市","120.570","24.090","444"
"938","266249","20220930132000","595","3","彰化縣","和美鎮","120.530","24.090","881"
"287","266250","20220930132000","366","0","彰化縣","彰化市","120.555","24.065","277"
"3178","266251","20220930132000","4165","0","彰化縣","彰化市","120.545","24.070","3292"
"1079","266252","20220930132000","448","3","彰化縣","彰化市","120.550","24.070","1054"
"21","266255","20220930132000","32","0","彰化縣","彰化市","120.600","24.060","16"
"263","266263","20220930132000","267","0","彰化縣","彰化市","120.600","24.070","276"
"20","266264","20220930132000","21","0","彰化縣","彰化市","120.605","24.070","23"
"233","266265","20220930132000","198","1","彰化縣","彰化市","120.610","24.070","232"
"357","266266","20220930132000","1452","0","彰化縣","彰化市","120.540","24.090","371"
"608","266267","20220930132000","509","1","彰化縣","和美鎮","120.520","24.090","607"
"84","266274","20220930132000","403","0","彰化縣","和美鎮","120.505","24.085","81"
"53","266309","20220930132000","46","1","南投縣","仁愛鄉","120.970","24.045","50"
"264","266333","20220930132000","313","0","南投縣","仁愛鄉","120.970","24.060","271"
"218","266406","20220930132000","204","1","南投縣","仁愛鄉","121.095","24.010","174"
"143","266517","20220930132000","167","0","南投縣","仁愛鄉","121.210","24.075","175"
"44","266589","20220930132000","47","0","南投縣","仁愛鄉","121.210","24.090","50"
"85","266666","20220930132000","462","0","南投縣","仁愛鄉","121.130","24.020","79"
"314","266696","20220930132000","296","1","南投縣","仁愛鄉","121.150","24.040","332"
"667","266700","20220930132000","672","0","南投縣","仁愛鄉","121.125","24.045","679"
"223","266706","20220930132000","259","0","南投縣","仁愛鄉","121.155","24.045","249"
"40","266715","20220930132000","52","0","南投縣","仁愛鄉","121.155","24.050","59"
"303","266733","20220930132000","376","0","南投縣","仁愛鄉","121.160","24.055","277"
"256","266768","20220930132000","400","0","南投縣","仁愛鄉","121.165","24.070","299"
"55","267165","20220930132000","79","0","南投縣","仁愛鄉","121.025","24.090","54"
"43","267167","20220930132000","38","1","南投縣","仁愛鄉","121.035","24.090","45"
"94","267268","20220930132000","203","0","南投縣","仁愛鄉","121.175","24.010","87"
"70","267286","20220930132000","353","0","南投縣","仁愛鄉","121.140","24.025","62"
"18","267290","20220930132000","54","0","南投縣","仁愛鄉","121.160","24.025","16"
"757","267410","20220930132000","560","2","南投縣","仁愛鄉","121.180","24.035","668"
"95","267555","20220930132000","62","3","南投縣","仁愛鄉","121.190","24.060","90"
"277","267605","20220930132000","307","0","南投縣","仁愛鄉","121.210","24.070","217"
"208","267630","20220930132000","158","2","彰化縣","花壇鄉","120.530","24.050","228"
"635","267631","20220930132000","503","2","彰化縣","彰化市","120.530","24.055","632"
"1443","267632","20220930132000","1088","2","彰化縣","彰化市","120.530","24.060","1371"
"162","267633","20220930132000","1450","0","彰化縣","彰化市","120.535","24.060","167"
"1662","267634","20220930132000","1415","1","彰化縣","彰化市","120.550","24.090","1603"
"535","267636","20220930132000","463","1","彰化縣","彰化市","120.550","24.095","566"
"75","267637","20220930132000","77","0","彰化縣","彰化市","120.590","24.065","78"
"434","267640","20220930132000","291","2","彰化縣","彰化市","120.585","24.080","438"
"644","267641","20220930132000","402","3","彰化縣","彰化市","120.590","24.080","625"
"629","267646","20220930132000","397","3","彰化縣","彰化市","120.520","24.065","656"
"1556","267649","20220930132000","1504","1","彰化縣","彰化市","120.525","24.070","1552"
"85","267650","20220930132000","113","0","彰化縣","彰化市","120.525","24.075","90"
"628","267652","20220930132000","545","1","彰化縣","彰化市","120.555","24.050","624"
"711","267654","20220930132000","419","3","彰化縣","彰化市","120.535","24.055","732"
"290","267655","20220930132000","216","2","彰化縣","彰化市","120.540","24.055","309"
"237","267656","20220930132000","177","2","彰化縣","彰化市","120.545","24.055","222"
"252","267661","20220930132000","230","1","彰化縣","彰化市","120.540","24.060","233"
"341","267662","20220930132000","358","0","彰化縣","彰化市","120.545","24.060","327"
"74","267664","20220930132000","87","0","彰化縣","彰化市","120.555","24.060","64"
"3556","267665","20220930132000","2813","2","彰化縣","彰化市","120.540","24.065","3514"
"632","267666","20220930132000","678","0","彰化縣","彰化市","120.545","24.065","601"
"907","267667","20220930132000","937","0","彰化縣","彰化市","120.550","24.065","940"
"3781","267669","20220930132000","1201","3","彰化縣","彰化市","120.515","24.055","3784"
"3548","267670","20220930132000","1553","3","彰化縣","彰化市","120.515","24.060","3517"
"36","267676","20220930132000","238","0","彰化縣","福興鄉","120.470","24.030","40"
"129","267682","20220930132000","88","2","彰化縣","福興鄉","120.470","24.035","134"
"592","267689","20220930132000","422","2","彰化縣","福興鄉","120.480","24.040","601"
"267","267697","20220930132000","173","3","彰化縣","福興鄉","120.455","24.035","304"
"747","267705","20220930132000","709","1","彰化縣","福興鄉","120.465","24.045","720"
"25","267711","20220930132000","254","0","彰化縣","福興鄉","120.460","24.020","26"
"268","267717","20220930132000","138","3","彰化縣","秀水鄉","120.510","24.015","278"
"30","267718","20220930132000","23","2","彰化縣","秀水鄉","120.500","24.020","27"
"44","267726","20220930132000","93","0","彰化縣","鹿港鎮","120.480","24.085","48"
"812","267729","20220930132000","599","2","彰化縣","鹿港鎮","120.485","24.090","1014"
"3029","267732","20220930132000","2447","2","彰化縣","鹿港鎮","120.435","24.055","3059"
"1754","267736","20220930132000","702","3","彰化縣","鹿港鎮","120.465","24.090","1405"
"92","267739","20220930132000","319","0","彰化縣","鹿港鎮","120.470","24.095","55"
"1344","267795","20220930132000","710","3","彰化縣","福興鄉","120.490","24.015","1360"
"284","267808","20220930132000","308","0","彰化縣","福興鄉","120.440","24.030","298"
"350","267810","20220930132000","318","1","彰化縣","福興鄉","120.435","24.035","363"
"584","267824","20220930132000","463","2","彰化縣","福興鄉","120.390","24.015","519"
"632","267834","20220930132000","628","1","彰化縣","福興鄉","120.410","24.020","623"
"103","267844","20220930132000","752","0","彰化縣","秀水鄉","120.495","24.025","103"
"842","267873","20220930132000","519","3","彰化縣","福興鄉","120.400","24.045","776"
"629","267898","20220930132000","133","3","彰化縣","福興鄉","120.430","24.040","678"
"11","267899","20220930132000","122","0","彰化縣","福興鄉","120.425","24.045","13"
"746","267900","20220930132000","672","1","彰化縣","福興鄉","120.430","24.045","810"
"45","267904","20220930132000","331","0","彰化縣","福興鄉","120.430","24.050","46"
"258","267908","20220930132000","146","3","彰化縣","福興鄉","120.430","24.020","257"
"34","267913","20220930132000","25","2","彰化縣","福興鄉","120.425","24.030","26"
"33","267926","20220930132000","32","1","彰化縣","福興鄉","120.405","24.030","38"
"272","267928","20220930132000","210","2","彰化縣","福興鄉","120.415","24.030","260"
"98","267935","20220930132000","65","3","彰化縣","秀水鄉","120.500","24.060","103"
"266","267946","20220930132000","232","1","彰化縣","秀水鄉","120.490","24.050","271"
"181","267947","20220930132000","64","3","彰化縣","秀水鄉","120.495","24.050","168"
"159","267949","20220930132000","534","0","彰化縣","秀水鄉","120.500","24.050","166"
"51","267955","20220930132000","241","0","彰化縣","秀水鄉","120.495","24.060","32"
"190","267957","20220930132000","827","0","彰化縣","秀水鄉","120.500","24.030","190"
"373","267959","20220930132000","671","0","彰化縣","秀水鄉","120.495","24.035","375"
"166","267960","20220930132000","753","0","彰化縣","秀水鄉","120.500","24.035","164"
"399","267964","20220930132000","90","3","彰化縣","秀水鄉","120.520","24.025","371"
"89","267966","20220930132000","453","0","彰化縣","秀水鄉","120.520","24.030","67"
"377","267972","20220930132000","305","2","彰化縣","鹿港鎮","120.435","24.065","402"
"431","267973","20220930132000","441","0","彰化縣","鹿港鎮","120.440","24.065","459"
"283","267975","20220930132000","273","1","彰化縣","鹿港鎮","120.435","24.070","287"
"33","267978","20220930132000","301","0","彰化縣","鹿港鎮","120.425","24.075","35"
"2350","267984","20220930132000","1887","2","彰化縣","鹿港鎮","120.410","24.080","2372"
"246","267987","20220930132000","151","3","彰化縣","鹿港鎮","120.425","24.080","250"
"19","267991","20220930132000","339","0","彰化縣","鹿港鎮","120.445","24.080","23"
"933","267999","20220930132000","710","2","彰化縣","鹿港鎮","120.415","24.080","929"
"634","268001","20220930132000","420","3","彰化縣","鹿港鎮","120.425","24.085","566"
"742","268005","20220930132000","466","3","彰化縣","鹿港鎮","120.445","24.085","729"
"715","268020","20220930132000","401","3","彰化縣","鹿港鎮","120.475","24.065","581"
"19","268028","20220930132000","266","0","彰化縣","鹿港鎮","120.485","24.080","13"
"984","268031","20220930132000","418","3","彰化縣","鹿港鎮","120.485","24.085","1001"
"983","268032","20220930132000","1370","0","彰化縣","鹿港鎮","120.430","24.060","996"
"409","268034","20220930132000","532","0","彰化縣","彰化市","120.525","24.060","406"
"869","268035","20220930132000","884","0","彰化縣","彰化市","120.525","24.065","821"
"179","268044","20220930132000","431","0","彰化縣","鹿港鎮","120.450","24.095","153"
"106","268053","20220930132000","19","3","彰化縣","鹿港鎮","120.470","24.075","29"
"476","268057","20220930132000","1112","0","彰化縣","鹿港鎮","120.475","24.080","462"
"405","268061","20220930132000","344","1","彰化縣","鹿港鎮","120.430","24.055","352"
"35","268068","20220930132000","138","0","彰化縣","芬園鄉","120.625","24.025","31"
"10","268070","20220930132000","25","0","彰化縣","花壇鄉","120.600","24.015","10"
"24","268073","20220930132000","23","1","彰化縣","芬園鄉","120.615","24.015","22"
"55","268074","20220930132000","74","0","彰化縣","芬園鄉","120.620","24.015","62"
"64","268077","20220930132000","454","0","彰化縣","福興鄉","120.480","24.045","60"
"1116","268085","20220930132000","978","1","彰化縣","鹿港鎮","120.470","24.055","1089"
"136","268089","20220930132000","132","1","彰化縣","鹿港鎮","120.460","24.060","139"
"427","268108","20220930132000","415","1","彰化縣","鹿港鎮","120.385","24.060","406"
"508","268109","20220930132000","369","2","彰化縣","鹿港鎮","120.390","24.060","488"
"562","268110","20220930132000","571","0","彰化縣","鹿港鎮","120.395","24.060","560"
"25","268126","20220930132000","32","0","彰化縣","鹿港鎮","120.390","24.065","25"
"704","268128","20220930132000","339","3","彰化縣","鹿港鎮","120.400","24.065","708"
"247","268129","20220930132000","262","0","彰化縣","鹿港鎮","120.405","24.065","254"
"315","268130","20220930132000","288","1","彰化縣","鹿港鎮","120.410","24.065","319"
"604","268134","20220930132000","467","2","彰化縣","鹿港鎮","120.430","24.065","605"
"182","268144","20220930132000","199","0","彰化縣","鹿港鎮","120.395","24.070","218"
"480","268157","20220930132000","405","1","彰化縣","鹿港鎮","120.390","24.075","519"
"100","268158","20220930132000","245","0","彰化縣","鹿港鎮","120.395","24.075","106"
"330","268161","20220930132000","255","2","彰化縣","鹿港鎮","120.410","24.075","334"
"38","268162","20220930132000","50","0","彰化縣","鹿港鎮","120.415","24.075","29"
"1250","268170","20220930132000","1115","1","彰化縣","鹿港鎮","120.395","24.080","1300"
"1698","268172","20220930132000","1662","1","彰化縣","鹿港鎮","120.440","24.055","1580"
"208","268173","20220930132000","1175","0","彰化縣","鹿港鎮","120.440","24.060","196"
"2267","268175","20220930132000","2024","1","彰化縣","福興鄉","120.440","24.045","2271"
"21","268176","20220930132000","157","0","彰化縣","花壇鄉","120.550","24.040","19"
"11","268186","20220930132000","72","0","彰化縣","花壇鄉","120.565","24.050","11"
"34","268203","20220930132000","35","0","彰化縣","芬園鄉","120.595","24.035","29"
"219","268205","20220930132000","158","2","彰化縣","芬園鄉","120.605","24.035","184"
"15","268214","20220930132000","21","0","彰化縣","芬園鄉","120.620","24.040","15"
"657","268224","20220930132000","399","3","彰化縣","芬園鄉","120.650","24.020","530"
"218","268226","20220930132000","306","0","彰化縣","芬園鄉","120.635","24.025","646"
"257","268233","20220930132000","334","0","彰化縣","福興鄉","120.440","24.035","275"
"768","268245","20220930132000","362","3","彰化縣","秀水鄉","120.490","24.070","657"
"419","268249","20220930132000","197","3","彰化縣","秀水鄉","120.505","24.030","404"
"308","268253","20220930132000","729","0","彰化縣","秀水鄉","120.505","24.040","296"
"95","268258","20220930132000","277","0","彰化縣","秀水鄉","120.515","24.020","91"
"22","268261","20220930132000","387","0","彰化縣","福興鄉","120.450","24.030","23"
"579","268262","20220930132000","382","3","彰化縣","福興鄉","120.455","24.030","542"
"920","268271","20220930132000","721","2","彰化縣","福興鄉","120.420","24.035","924"
"46","268274","20220930132000","457","0","彰化縣","福興鄉","120.425","24.035","44"
"871","268277","20220930132000","507","3","彰化縣","芬園鄉","120.660","24.015","780"
"143","268289","20220930132000","477","0","彰化縣","芬園鄉","120.625","24.020","122"
"139","268296","20220930132000","488","0","彰化縣","福興鄉","120.470","24.020","109"
"835","268297","20220930132000","258","3","彰化縣","秀水鄉","120.505","24.035","867"
"49","268301","20220930132000","291","0","彰化縣","秀水鄉","120.495","24.040","52"
"51","268303","20220930132000","325","0","彰化縣","秀水鄉","120.500","24.040","63"
"997","268308","20220930132000","283","3","彰化縣","秀水鄉","120.510","24.045","1035"
"650","268316","20220930132000","477","2","彰化縣","花壇鄉","120.530","24.020","601"
"406","268321","20220930132000","378","1","彰化縣","花壇鄉","120.530","24.040","424"
"75","268322","20220930132000","206","0","彰化縣","花壇鄉","120.520","24.045","85"
"49","268324","20220930132000","697","0","彰化縣","花壇鄉","120.530","24.045","60"
"208","268327","20220930132000","211","0","彰化縣","花壇鄉","120.535","24.030","201"
"531","268328","20220930132000","480","1","彰化縣","花壇鄉","120.535","24.035","520"
"79","268329","20220930132000","275","0","彰化縣","花壇鄉","120.535","24.040","65"
"85","268331","20220930132000","445","0","彰化縣","花壇鄉","120.545","24.040","79"
"394","268333","20220930132000","276","2","彰化縣","花壇鄉","120.540","24.040","426"
"366","268335","20220930132000","323","1","彰化縣","花壇鄉","120.555","24.020","375"
"155","268336","20220930132000","638","0","彰化縣","花壇鄉","120.540","24.025","143"
"591","268338","20220930132000","465","2","彰化縣","花壇鄉","120.550","24.025","524"
"147","268339","20220930132000","129","1","彰化縣","花壇鄉","120.555","24.025","140"
"156","268347","20220930132000","114","2","彰化縣","花壇鄉","120.565","24.020","141"
"45","268352","20220930132000","31","2","彰化縣","花壇鄉","120.575","24.030","57"
"126","268356","20220930132000","126","1","彰化縣","花壇鄉","120.575","24.035","106"
"76","268370","20220930132000","123","0","彰化縣","花壇鄉","120.560","24.015","94"
"135","268371","20220930132000","131","1","彰化縣","花壇鄉","120.570","24.020","128"
"29","268375","20220930132000","34","0","彰化縣","花壇鄉","120.595","24.020","22"
"219","268381","20220930132000","656","0","彰化縣","花壇鄉","120.545","24.045","236"
"69","268391","20220930132000","29","3","彰化縣","花壇鄉","120.540","24.020","62"
"1794","268393","20220930132000","1393","2","彰化縣","花壇鄉","120.535","24.025","1795"
"44","268399","20220930132000","265","0","彰化縣","福興鄉","120.480","24.020","49"
"32","269403","20220930132000","41","0","彰化縣","鹿港鎮","120.395","24.105","26"
"796","274405","20220930132000","949","0","臺中市","太平區","120.720","24.135","753"
"1530","274408","20220930132000","1224","2","臺中市","太平區","120.720","24.115","1546"
"94","274410","20220930132000","63","2","臺中市","太平區","120.755","24.120","76"
"190","274476","20220930132000","226","0","臺中市","太平區","120.810","24.140","194"
"5176","274515","20220930132000","2243","3","臺中市","南屯區","120.645","24.135","5029"
"2682","274516","20220930132000","3066","0","臺中市","南屯區","120.650","24.140","2725"
"2821","274517","20220930132000","2586","1","臺中市","南屯區","120.650","24.150","2886"
"877","274518","20220930132000","1001","0","臺中市","西屯區","120.650","24.155","860"
"99","274519","20220930132000","654","0","臺中市","南屯區","120.650","24.135","86"
"1335","274520","20220930132000","1107","2","臺中市","南屯區","120.650","24.130","1357"
"476","274521","20220930132000","288","3","臺中市","南屯區","120.610","24.150","485"
"2347","274522","20220930132000","1275","3","臺中市","南屯區","120.615","24.150","2252"
"38","274523","20220930132000","25","3","臺中市","南屯區","120.620","24.150","38"
"1422","274524","20220930132000","943","3","臺中市","南屯區","120.605","24.155","1406"
"402","274525","20220930132000","394","1","臺中市","南屯區","120.610","24.155","365"
"32","274528","20220930132000","30","1","臺中市","南屯區","120.590","24.160","29"
"452","274530","20220930132000","389","1","臺中市","南屯區","120.600","24.160","483"
"1503","274531","20220930132000","1510","0","臺中市","南屯區","120.605","24.160","1456"
"17","274532","20220930132000","27","0","臺中市","南屯區","120.610","24.160","26"
"696","274534","20220930132000","398","3","臺中市","南屯區","120.590","24.165","736"
"1553","274535","20220930132000","1582","0","臺中市","北區","120.690","24.155","1557"
"1863","274536","20220930132000","1914","0","臺中市","北屯區","120.695","24.165","1932"
"1642","274537","20220930132000","1226","2","臺中市","北屯區","120.700","24.160","1589"
"1746","274538","20220930132000","1483","1","臺中市","北區","120.690","24.160","1742"
"1552","274539","20220930132000","2110","0","臺中市","北區","120.680","24.150","1589"
"5750","274540","20220930132000","3584","3","臺中市","北區","120.685","24.150","5564"
"1557","274541","20220930132000","1808","0","臺中市","南區","120.660","24.125","1499"
"1785","274543","20220930132000","1754","1","臺中市","南區","120.675","24.125","1868"
"77","274544","20220930132000","80","0","臺中市","北屯區","120.665","24.185","69"
"665","274545","20220930132000","642","1","臺中市","北屯區","120.725","24.170","722"
"689","274546","20220930132000","1136","0","臺中市","北屯區","120.720","24.175","675"
"1664","274547","20220930132000","1299","2","臺中市","北屯區","120.725","24.175","1704"
"2085","274549","20220930132000","1820","1","臺中市","北屯區","120.725","24.180","2047"
"526","274551","20220930132000","460","1","臺中市","北屯區","120.735","24.180","538"
"3514","274554","20220930132000","2939","1","臺中市","西區","120.675","24.140","3505"
"966","274556","20220930132000","1031","0","臺中市","大里區","120.675","24.105","1020"
"543","274558","20220930132000","544","0","臺中市","大里區","120.675","24.115","496"
"1695","274559","20220930132000","1413","1","臺中市","西屯區","120.615","24.175","1589"
"1037","274560","20220930132000","846","2","臺中市","西屯區","120.630","24.175","1006"
"2283","274561","20220930132000","2485","0","臺中市","西屯區","120.615","24.180","2327"
"1894","274562","20220930132000","1781","1","臺中市","西屯區","120.625","24.180","1947"
"735","274564","20220930132000","706","1","臺中市","西屯區","120.630","24.180","727"
"1920","274566","20220930132000","2018","0","臺中市","西屯區","120.640","24.175","1944"
"1353","274567","20220930132000","1420","0","臺中市","西屯區","120.635","24.175","1379"
"2159","274568","20220930132000","833","3","臺中市","西屯區","120.635","24.180","2118"
"100","274569","20220930132000","961","0","臺中市","西屯區","120.630","24.185","82"
"168","274571","20220930132000","541","0","臺中市","北屯區","120.715","24.175","133"
"885","274572","20220930132000","775","1","臺中市","北屯區","120.715","24.180","890"
"336","274575","20220930132000","637","0","臺中市","北屯區","120.715","24.185","378"
"75","274577","20220930132000","62","2","臺中市","北屯區","120.730","24.185","98"
"753","274578","20220930132000","425","3","臺中市","北屯區","120.720","24.185","748"
"1380","274581","20220930132000","2102","0","臺中市","北區","120.665","24.165","1385"
"2064","274582","20220930132000","2169","0","臺中市","北區","120.670","24.165","2103"
"512","274583","20220930132000","404","2","臺中市","南區","120.670","24.125","482"
"1199","274585","20220930132000","1235","0","臺中市","西屯區","120.610","24.185","1214"
"2187","274586","20220930132000","2341","0","臺中市","西屯區","120.600","24.180","2186"
"1338","274587","20220930132000","1428","0","臺中市","西屯區","120.605","24.180","1372"
"312","274591","20220930132000","1378","0","臺中市","龍井區","120.530","24.180","275"
"611","274593","20220930132000","1464","0","臺中市","烏日區","120.635","24.100","615"
"1788","274595","20220930132000","2225","0","臺中市","烏日區","120.635","24.105","1799"
"930","274596","20220930132000","1023","0","臺中市","烏日區","120.640","24.105","884"
"98","274603","20220930132000","524","0","臺中市","大肚區","120.530","24.160","122"
"4611","274608","20220930132000","3363","2","臺中市","西區","120.670","24.135","4645"
"949","274609","20220930132000","1900","0","臺中市","西區","120.655","24.150","846"
"2585","274610","20220930132000","2428","1","臺中市","西區","120.655","24.135","2519"
"2262","274611","20220930132000","2932","0","臺中市","西區","120.655","24.145","2372"
"1795","274612","20220930132000","2064","0","臺中市","西區","120.670","24.130","1826"
"184","274615","20220930132000","250","0","臺中市","太平區","120.735","24.135","215"
"43","274616","20220930132000","40","1","臺中市","太平區","120.740","24.140","35"
"1945","274620","20220930132000","1426","2","臺中市","北區","120.685","24.160","2080"
"1963","274621","20220930132000","1594","2","臺中市","北區","120.675","24.150","2036"
"2153","274623","20220930132000","1633","2","臺中市","北區","120.690","24.150","2243"
"1784","274624","20220930132000","1364","2","臺中市","南區","120.680","24.120","1891"
"2170","274625","20220930132000","1830","1","臺中市","大里區","120.685","24.120","2154"
"763","274626","20220930132000","592","2","臺中市","南區","120.660","24.120","769"
"1143","274627","20220930132000","808","2","臺中市","南區","120.675","24.120","1112"
"1325","274628","20220930132000","1834","0","臺中市","東區","120.695","24.130","1389"
"2418","274629","20220930132000","3110","0","臺中市","西屯區","120.620","24.185","2331"
"777","274630","20220930132000","526","2","臺中市","西屯區","120.615","24.185","800"
"589","274631","20220930132000","1033","0","臺中市","西屯區","120.620","24.190","660"
"3873","274632","20220930132000","3255","1","臺中市","西屯區","120.605","24.185","3823"
"2178","274634","20220930132000","1490","2","臺中市","西屯區","120.600","24.185","2112"
"925","274636","20220930132000","536","3","臺中市","東區","120.705","24.130","941"
"195","274637","20220930132000","533","0","臺中市","東區","120.705","24.135","189"
"2697","274639","20220930132000","1828","2","臺中市","東區","120.695","24.145","2647"
"157","274640","20220930132000","157","1","臺中市","東區","120.700","24.145","181"
"1678","274641","20220930132000","1163","2","臺中市","東區","120.695","24.125","1666"
"2865","274642","20220930132000","2255","2","臺中市","大里區","120.680","24.110","2994"
"215","274644","20220930132000","239","0","臺中市","大里區","120.665","24.100","220"
"74","274646","20220930132000","591","0","臺中市","大里區","120.665","24.105","75"
"480","274647","20220930132000","365","2","臺中市","大里區","120.670","24.105","479"
"80","274648","20220930132000","726","0","臺中市","大里區","120.665","24.110","89"
"918","274649","20220930132000","754","2","臺中市","大里區","120.670","24.110","925"
"538","274650","20220930132000","449","1","臺中市","大里區","120.700","24.105","506"
"18","274669","20220930132000","136","0","臺中市","太平區","120.780","24.105","14"
"223","274683","20220930132000","229","0","臺中市","太平區","120.765","24.110","234"
"73","274707","20220930132000","80","0","臺中市","太平區","120.795","24.115","73"
"16","274708","20220930132000","22","0","臺中市","太平區","120.800","24.115","18"
"244","274737","20220930132000","339","0","臺中市","太平區","120.720","24.140","269"
"723","274738","20220930132000","475","3","臺中市","太平區","120.725","24.135","738"
"958","274739","20220930132000","653","2","臺中市","大里區","120.695","24.120","1012"
"144","274741","20220930132000","131","1","臺中市","東區","120.700","24.130","128"
"136","274742","20220930132000","106","2","臺中市","東區","120.700","24.135","142"
"1689","274744","20220930132000","1888","0","臺中市","大里區","120.685","24.105","1761"
"20","274758","20220930132000","25","0","臺中市","新社區","120.825","24.145","14"
"51","274764","20220930132000","89","0","臺中市","新社區","120.825","24.150","36"
"228","274781","20220930132000","113","3","臺中市","新社區","120.825","24.165","203"
"96","274785","20220930132000","85","1","臺中市","新社區","120.835","24.170","103"
"1029","274786","20220930132000","466","3","臺中市","西屯區","120.610","24.180","802"
"86","274787","20220930132000","585","0","臺中市","南區","120.680","24.125","85"
"1843","274788","20220930132000","1418","2","臺中市","東區","120.685","24.135","1848"
"5831","274789","20220930132000","4714","2","臺中市","北區","120.685","24.145","5589"
"3902","274790","20220930132000","3663","1","臺中市","北屯區","120.670","24.175","3923"
"833","274792","20220930132000","700","1","臺中市","東區","120.695","24.135","756"
"74","274805","20220930132000","69","1","臺中市","新社區","120.825","24.155","82"
"472","274823","20220930132000","306","3","臺中市","新社區","120.800","24.180","429"
"35","274827","20220930132000","13","3","臺中市","新社區","120.800","24.185","15"
"188","274835","20220930132000","1297","0","臺中市","大肚區","120.540","24.150","170"
"226","274842","20220930132000","302","0","臺中市","大肚區","120.540","24.170","235"
"19","274852","20220930132000","24","0","臺中市","大肚區","120.525","24.175","19"
"124","274869","20220930132000","533","0","臺中市","大肚區","120.545","24.135","119"
"28","274873","20220930132000","290","0","臺中市","大肚區","120.550","24.140","34"
"191","274874","20220930132000","227","0","臺中市","大肚區","120.555","24.140","182"
"1866","274883","20220930132000","1754","1","臺中市","北區","120.670","24.155","1885"
"973","274884","20220930132000","551","3","臺中市","西屯區","120.655","24.175","941"
"200","274885","20220930132000","599","0","臺中市","西屯區","120.660","24.175","181"
"2487","274889","20220930132000","1414","3","臺中市","大肚區","120.580","24.110","2362"
"59","274891","20220930132000","394","0","臺中市","大肚區","120.570","24.115","68"
"172","274895","20220930132000","149","1","臺中市","大肚區","120.545","24.145","158"
"222","274897","20220930132000","1341","0","臺中市","大肚區","120.550","24.150","218"
"1318","274905","20220930132000","826","3","臺中市","南區","120.650","24.115","1264"
"827","274907","20220930132000","1066","0","臺中市","南區","120.650","24.120","828"
"1158","274908","20220930132000","840","2","臺中市","南區","120.655","24.120","1083"
"932","274910","20220930132000","856","1","臺中市","南區","120.645","24.110","928"
"1811","274911","20220930132000","1418","2","臺中市","南區","120.650","24.110","1791"
"1116","274912","20220930132000","1226","0","臺中市","南區","120.655","24.110","1134"
"551","274913","20220930132000","921","0","臺中市","南區","120.670","24.115","542"
"588","274917","20220930132000","288","3","臺中市","龍井區","120.575","24.180","476"
"1056","274918","20220930132000","720","2","臺中市","龍井區","120.580","24.180","957"
"283","274921","20220930132000","256","1","臺中市","龍井區","120.580","24.185","268"
"258","274926","20220930132000","249","1","臺中市","新社區","120.815","24.180","244"
"27","274937","20220930132000","22","2","臺中市","新社區","120.880","24.105","11"
"53","274969","20220930132000","82","0","臺中市","新社區","120.840","24.130","53"
"119","274972","20220930132000","48","3","臺中市","新社區","120.855","24.130","78"
"24","274976","20220930132000","21","1","臺中市","新社區","120.875","24.130","24"
"60","274982","20220930132000","68","0","臺中市","新社區","120.855","24.135","52"
"11","274997","20220930132000","83","0","臺中市","和平區","120.885","24.140","12"
"21","275009","20220930132000","12","3","臺中市","新社區","120.875","24.145","12"
"28","275017","20220930132000","79","0","臺中市","新社區","120.865","24.155","21"
"15","275019","20220930132000","85","0","臺中市","新社區","120.875","24.155","18"
"461","275027","20220930132000","167","3","臺中市","新社區","120.885","24.160","485"
"24","275030","20220930132000","152","0","臺中市","新社區","120.885","24.165","25"
"1511","275034","20220930132000","1820","0","臺中市","北區","120.675","24.165","1593"
"4367","275035","20220930132000","2877","3","臺中市","北區","120.680","24.165","4305"
"1428","275036","20220930132000","1817","0","臺中市","北區","120.675","24.170","1436"
"1066","275037","20220930132000","1055","1","臺中市","南區","120.655","24.115","1153"
"1110","275038","20220930132000","2185","0","臺中市","南區","120.660","24.115","1067"
"2194","275039","20220930132000","1852","1","臺中市","南區","120.665","24.120","2189"
"2052","275040","20220930132000","1532","2","臺中市","南區","120.670","24.120","2006"
"158","275041","20220930132000","563","0","臺中市","太平區","120.715","24.115","156"
"1004","275042","20220930132000","949","1","臺中市","太平區","120.720","24.120","993"
"2082","275043","20220930132000","2848","0","臺中市","西屯區","120.645","24.175","2130"
"3013","275044","20220930132000","2951","1","臺中市","西屯區","120.650","24.175","2896"
"1772","275045","20220930132000","1411","2","臺中市","西屯區","120.640","24.185","1715"
"413","275048","20220930132000","192","3","臺中市","西屯區","120.625","24.155","375"
"899","275049","20220930132000","959","0","臺中市","西屯區","120.625","24.160","873"
"1240","275052","20220930132000","1087","1","臺中市","龍井區","120.585","24.180","1288"
"2544","275053","20220930132000","2103","2","臺中市","西屯區","120.590","24.185","2552"
"399","275054","20220930132000","490","0","臺中市","龍井區","120.585","24.185","430"
"638","275055","20220930132000","1127","0","臺中市","龍井區","120.590","24.180","651"
"349","275056","20220930132000","263","2","臺中市","西屯區","120.595","24.190","328"
"526","275061","20220930132000","626","0","臺中市","東區","120.710","24.145","472"
"1444","275062","20220930132000","1181","2","臺中市","東區","120.710","24.140","1378"
"251","275064","20220930132000","198","2","臺中市","大里區","120.695","24.100","244"
"313","275065","20220930132000","364","0","臺中市","大里區","120.700","24.100","302"
"1183","275066","20220930132000","1130","1","臺中市","大里區","120.685","24.110","1163"
"650","275067","20220930132000","408","3","臺中市","大里區","120.690","24.110","667"
"843","275069","20220930132000","641","2","臺中市","太平區","120.730","24.100","876"
"603","275075","20220930132000","802","0","臺中市","太平區","120.730","24.105","634"
"592","275076","20220930132000","332","3","臺中市","太平區","120.735","24.120","558"
"17","275081","20220930132000","14","2","臺中市","太平區","120.745","24.125","17"
"468","275082","20220930132000","300","3","臺中市","太平區","120.740","24.130","497"
"4044","275083","20220930132000","3313","2","臺中市","北區","120.680","24.155","4232"
"259","275084","20220930132000","245","1","臺中市","太平區","120.750","24.125","256"
"70","275090","20220930132000","54","2","臺中市","太平區","120.755","24.135","69"
"717","275099","20220930132000","535","2","臺中市","太平區","120.735","24.110","727"
"856","275110","20220930132000","750","1","臺中市","西區","120.665","24.130","847"
"1161","275111","20220930132000","1123","1","臺中市","東區","120.690","24.125","1207"
"12","275112","20220930132000","101","0","臺中市","東區","120.685","24.125","10"
"1722","275114","20220930132000","1313","2","臺中市","西區","120.665","24.135","1621"
"2241","275115","20220930132000","2204","1","臺中市","西區","120.670","24.140","2322"
"1177","275116","20220930132000","779","3","臺中市","南區","120.655","24.130","1186"
"937","275118","20220930132000","1137","0","臺中市","北區","120.695","24.155","991"
"1858","275119","20220930132000","1629","1","臺中市","北區","120.695","24.160","1951"
"6913","275120","20220930132000","4630","2","臺中市","西區","120.660","24.135","6786"
"1070","275121","20220930132000","1096","0","臺中市","東區","120.685","24.130","1044"
"1637","275122","20220930132000","1047","3","臺中市","南區","120.675","24.130","1654"
"2034","275123","20220930132000","1509","2","臺中市","南屯區","120.635","24.145","1724"
"4150","275124","20220930132000","2920","2","臺中市","南屯區","120.640","24.145","4196"
"3039","275125","20220930132000","2336","2","臺中市","西區","120.670","24.145","2930"
"2753","275126","20220930132000","2913","0","臺中市","北區","120.665","24.160","3069"
"1428","275128","20220930132000","2131","0","臺中市","北區","120.675","24.160","1361"
"1532","275129","20220930132000","1720","0","臺中市","北區","120.675","24.145","1589"
"1345","275130","20220930132000","1154","1","臺中市","北屯區","120.700","24.185","1293"
"661","275133","20220930132000","242","3","臺中市","北屯區","120.660","24.185","692"
"1610","275134","20220930132000","1147","2","臺中市","北屯區","120.660","24.180","1617"
"245","275137","20220930132000","199","2","臺中市","龍井區","120.565","24.175","262"
"3834","275141","20220930132000","4182","0","臺中市","南屯區","120.655","24.140","3926"
"365","275142","20220930132000","1104","0","臺中市","西區","120.665","24.140","388"
"691","275143","20220930132000","439","3","臺中市","西屯區","120.625","24.185","670"
"2622","275144","20220930132000","2297","1","臺中市","西屯區","120.655","24.160","2738"
"1518","275145","20220930132000","973","3","臺中市","西屯區","120.650","24.165","1507"
"3521","275146","20220930132000","3141","1","臺中市","西屯區","120.655","24.165","3482"
"68","275147","20220930132000","645","0","臺中市","烏日區","120.600","24.120","79"
"106","275154","20220930132000","453","0","臺中市","烏日區","120.605","24.125","103"
"62","275159","20220930132000","95","0","臺中市","南屯區","120.600","24.130","95"
"62","275166","20220930132000","51","2","臺中市","烏日區","120.590","24.110","60"
"2353","275167","20220930132000","1691","2","臺中市","烏日區","120.595","24.110","2396"
"2019","275174","20220930132000","1122","3","臺中市","烏日區","120.615","24.105","1733"
"1425","275175","20220930132000","1514","0","臺中市","烏日區","120.615","24.110","1337"
"345","275177","20220930132000","914","0","臺中市","烏日區","120.625","24.110","296"
"18","275178","20220930132000","143","0","臺中市","烏日區","120.615","24.115","22"
"1358","275179","20220930132000","2250","0","臺中市","北區","120.685","24.165","1327"
"347","275181","20220930132000","1493","0","臺中市","北屯區","120.725","24.160","255"
"304","275185","20220930132000","290","1","臺中市","北屯區","120.725","24.165","290"
"1353","275187","20220930132000","1124","2","臺中市","北屯區","120.735","24.165","1325"
"33","275188","20220930132000","38","0","臺中市","北屯區","120.740","24.165","35"
"413","275189","20220930132000","322","2","臺中市","北屯區","120.730","24.170","404"
"480","275192","20220930132000","768","0","臺中市","北屯區","120.735","24.175","449"
"887","275193","20220930132000","737","2","臺中市","北屯區","120.740","24.175","850"
"2268","275194","20220930132000","1916","1","臺中市","北區","120.670","24.170","2257"
"752","275195","20220930132000","757","0","臺中市","北屯區","120.690","24.170","747"
"1089","275196","20220930132000","593","3","臺中市","北屯區","120.675","24.175","1100"
"4899","275197","20220930132000","3434","2","臺中市","北屯區","120.680","24.175","5015"
"3130","275198","20220930132000","3081","1","臺中市","北屯區","120.685","24.175","3378"
"3660","275199","20220930132000","3546","1","臺中市","南屯區","120.635","24.150","3280"
"1276","275200","20220930132000","1195","1","臺中市","南屯區","120.640","24.150","1312"
"1932","275201","20220930132000","2565","0","臺中市","南屯區","120.635","24.155","1888"
"1922","275202","20220930132000","1100","3","臺中市","北屯區","120.685","24.190","1882"
"33","275203","20220930132000","80","0","臺中市","南屯區","120.620","24.115","36"
"1509","275204","20220930132000","942","3","臺中市","南屯區","120.625","24.115","1489"
"273","275206","20220930132000","252","1","臺中市","南屯區","120.625","24.120","251"
"2074","275207","20220930132000","2024","1","臺中市","西屯區","120.650","24.180","2081"
"1800","275208","20220930132000","1466","2","臺中市","西屯區","120.635","24.185","1838"
"3460","275209","20220930132000","3578","0","臺中市","西屯區","120.645","24.180","3597"
"2288","275210","20220930132000","2343","0","臺中市","西屯區","120.640","24.180","2271"
"656","275211","20220930132000","312","3","臺中市","西屯區","120.655","24.185","620"
"1075","275212","20220930132000","792","2","臺中市","西屯區","120.660","24.165","1108"
"4391","275213","20220930132000","3353","2","臺中市","西屯區","120.650","24.160","4103"
"363","275214","20220930132000","369","0","臺中市","西屯區","120.665","24.170","378"
"504","275215","20220930132000","441","1","臺中市","大里區","120.710","24.110","551"
"638","275217","20220930132000","1071","0","臺中市","太平區","120.710","24.115","602"
"293","275219","20220930132000","307","0","臺中市","太平區","120.710","24.120","303"
"757","275221","20220930132000","747","1","臺中市","太平區","120.705","24.125","783"
"742","275222","20220930132000","709","1","臺中市","太平區","120.710","24.125","753"
"1304","275223","20220930132000","1540","0","臺中市","太平區","120.715","24.125","1279"
"1517","275227","20220930132000","1064","2","臺中市","北屯區","120.670","24.180","1318"
"631","275228","20220930132000","433","2","臺中市","北屯區","120.665","24.180","603"
"145","275229","20220930132000","596","0","臺中市","北屯區","120.700","24.165","162"
"1407","275230","20220930132000","1907","0","臺中市","北屯區","120.700","24.170","1447"
"846","275231","20220930132000","481","3","臺中市","北屯區","120.705","24.165","850"
"1478","275232","20220930132000","1057","2","臺中市","北屯區","120.675","24.180","1616"
"575","275233","20220930132000","415","2","臺中市","北屯區","120.675","24.185","614"
"2830","275234","20220930132000","1825","3","臺中市","北屯區","120.680","24.180","2890"
"1598","275235","20220930132000","1245","2","臺中市","北屯區","120.670","24.185","1553"
"1075","275237","20220930132000","414","3","臺中市","北屯區","120.675","24.190","1065"
"139","275238","20220930132000","738","0","臺中市","北屯區","120.680","24.185","125"
"2769","275239","20220930132000","3261","0","臺中市","北區","120.680","24.160","2805"
"2115","275240","20220930132000","1781","1","臺中市","南區","120.660","24.110","1991"
"2307","275241","20220930132000","1995","1","臺中市","南區","120.665","24.115","2135"
"1573","275242","20220930132000","1709","0","臺中市","南區","120.665","24.125","1572"
"925","275243","20220930132000","926","0","臺中市","南區","120.655","24.125","877"
"2502","275245","20220930132000","2609","0","臺中市","南屯區","120.645","24.145","2445"
"2975","275246","20220930132000","3025","0","臺中市","西區","120.650","24.145","2951"
"272","275247","20220930132000","432","0","臺中市","南屯區","120.600","24.140","271"
"380","275249","20220930132000","245","3","臺中市","南屯區","120.610","24.140","361"
"280","275250","20220930132000","136","3","臺中市","南屯區","120.615","24.140","270"
"2167","275251","20220930132000","1400","3","臺中市","南屯區","120.600","24.145","2082"
"2288","275252","20220930132000","1474","3","臺中市","南屯區","120.605","24.145","2336"
"688","275253","20220930132000","429","3","臺中市","南屯區","120.610","24.145","722"
"793","275254","20220930132000","782","1","臺中市","南屯區","120.615","24.145","820"
"777","275255","20220930132000","948","0","臺中市","南屯區","120.620","24.145","890"
"128","275256","20220930132000","137","0","臺中市","南屯區","120.595","24.150","164"
"701","275257","20220930132000","363","3","臺中市","南屯區","120.600","24.150","768"
"37","275258","20220930132000","38","0","臺中市","南屯區","120.605","24.150","37"
"15","275259","20220930132000","22","0","臺中市","南屯區","120.580","24.155","15"
"13","275261","20220930132000","12","1","臺中市","南屯區","120.590","24.155","12"
"1754","275267","20220930132000","1963","0","臺中市","北屯區","120.690","24.185","1866"
"25","275268","20220930132000","17","2","臺中市","北屯區","120.690","24.190","20"
"413","275270","20220930132000","371","1","臺中市","大肚區","120.555","24.130","366"
"526","275272","20220930132000","491","1","臺中市","大肚區","120.555","24.135","527"
"921","275278","20220930132000","891","1","臺中市","南屯區","120.620","24.140","916"
"374","275280","20220930132000","431","0","臺中市","南屯區","120.625","24.145","394"
"735","275281","20220930132000","657","1","臺中市","南屯區","120.630","24.145","724"
"329","275284","20220930132000","301","1","臺中市","南屯區","120.610","24.130","344"
"555","275286","20220930132000","326","3","臺中市","南屯區","120.600","24.135","572"
"398","275288","20220930132000","324","2","臺中市","南屯區","120.610","24.135","376"
"21","275290","20220930132000","10","3","臺中市","烏日區","120.590","24.135","15"
"197","275291","20220930132000","262","0","臺中市","南屯區","120.595","24.135","207"
"1255","275293","20220930132000","1146","1","臺中市","南屯區","120.605","24.135","1515"
"1806","275294","20220930132000","1417","2","臺中市","南屯區","120.615","24.135","1719"
"29","275297","20220930132000","17","3","臺中市","南屯區","120.590","24.140","34"
"53","275298","20220930132000","98","0","臺中市","南屯區","120.595","24.140","52"
"15","275300","20220930132000","13","1","臺中市","南屯區","120.580","24.145","12"
"1270","275302","20220930132000","806","3","臺中市","南屯區","120.590","24.145","1307"
"48","275303","20220930132000","212","0","臺中市","南屯區","120.595","24.145","53"
"714","275307","20220930132000","437","3","臺中市","南屯區","120.590","24.150","727"
"94","275309","20220930132000","125","0","臺中市","南屯區","120.630","24.115","120"
"130","275311","20220930132000","286","0","臺中市","南屯區","120.630","24.120","97"
"616","275312","20220930132000","455","2","臺中市","南屯區","120.635","24.120","597"
"276","275314","20220930132000","92","3","臺中市","南屯區","120.625","24.135","261"
"2482","275315","20220930132000","1983","2","臺中市","南屯區","120.630","24.135","2525"
"1212","275316","20220930132000","1080","1","臺中市","南屯區","120.630","24.140","1208"
"3064","275317","20220930132000","1886","3","臺中市","南屯區","120.635","24.140","2997"
"1863","275318","20220930132000","1375","2","臺中市","南屯區","120.645","24.150","1835"
"2012","275319","20220930132000","1321","3","臺中市","南屯區","120.640","24.140","1973"
"2069","275320","20220930132000","2297","0","臺中市","南屯區","120.645","24.140","2009"
"454","275322","20220930132000","237","3","臺中市","南屯區","120.635","24.125","467"
"672","275325","20220930132000","322","3","臺中市","南屯區","120.635","24.130","668"
"3576","275326","20220930132000","2485","2","臺中市","南屯區","120.645","24.130","3569"
"1764","275328","20220930132000","649","3","臺中市","南屯區","120.640","24.135","1772"
"198","275329","20220930132000","420","0","臺中市","南屯區","120.640","24.130","189"
"157","275330","20220930132000","152","1","臺中市","南屯區","120.620","24.125","154"
"765","275332","20220930132000","364","3","臺中市","南屯區","120.630","24.125","729"
"150","275333","20220930132000","109","2","臺中市","南屯區","120.620","24.130","144"
"257","275336","20220930132000","133","3","臺中市","南屯區","120.640","24.125","238"
"476","275337","20220930132000","435","1","臺中市","南屯區","120.620","24.135","501"
"1325","275340","20220930132000","1573","0","臺中市","太平區","120.700","24.150","1377"
"1165","275341","20220930132000","749","3","臺中市","北區","120.700","24.155","1122"
"2763","275343","20220930132000","1788","3","臺中市","北屯區","120.685","24.180","2272"
"1028","275344","20220930132000","824","2","臺中市","北屯區","120.690","24.180","1118"
"257","275350","20220930132000","360","0","臺中市","北屯區","120.745","24.160","252"
"307","275354","20220930132000","355","0","臺中市","太平區","120.770","24.160","270"
"78","275362","20220930132000","152","0","臺中市","北屯區","120.745","24.170","145"
"343","275365","20220930132000","270","2","臺中市","北屯區","120.760","24.170","277"
"34","275378","20220930132000","35","0","臺中市","北屯區","120.765","24.175","43"
"33","275380","20220930132000","214","0","臺中市","北屯區","120.775","24.175","39"
"142","275382","20220930132000","91","3","臺中市","北屯區","120.785","24.175","126"
"119","275386","20220930132000","107","1","臺中市","北屯區","120.750","24.180","115"
"741","275391","20220930132000","977","0","臺中市","北屯區","120.710","24.160","749"
"313","275392","20220930132000","376","0","臺中市","北屯區","120.715","24.160","299"
"246","275393","20220930132000","339","0","臺中市","北屯區","120.710","24.165","254"
"1025","275394","20220930132000","725","2","臺中市","北屯區","120.715","24.165","1032"
"734","275395","20220930132000","488","3","臺中市","北屯區","120.720","24.165","554"
"1592","275396","20220930132000","1360","1","臺中市","北屯區","120.710","24.170","1520"
"295","275397","20220930132000","301","0","臺中市","北屯區","120.715","24.170","246"
"894","275398","20220930132000","819","1","臺中市","北屯區","120.720","24.170","833"
"150","275399","20220930132000","96","3","臺中市","大肚區","120.570","24.150","154"
"137","275400","20220930132000","321","0","臺中市","大肚區","120.570","24.155","132"
"956","275403","20220930132000","893","1","臺中市","大肚區","120.570","24.160","999"
"32","275420","20220930132000","23","2","臺中市","大肚區","120.535","24.150","44"
"2827","275421","20220930132000","2771","1","臺中市","西區","120.655","24.155","2900"
"3726","275422","20220930132000","2859","2","臺中市","西區","120.660","24.155","3602"
"614","275423","20220930132000","601","1","臺中市","西區","120.660","24.160","615"
"191","275424","20220930132000","188","1","臺中市","大里區","120.675","24.100","199"
"391","275425","20220930132000","460","0","臺中市","大里區","120.680","24.100","396"
"429","275426","20220930132000","330","2","臺中市","大里區","120.680","24.105","458"
"2487","275427","20220930132000","1751","2","臺中市","西區","120.680","24.135","2658"
"733","275428","20220930132000","1014","0","臺中市","中區","120.680","24.145","704"
"3567","275429","20220930132000","2483","2","臺中市","中區","120.680","24.140","3720"
"2239","275430","20220930132000","1524","2","臺中市","北屯區","120.680","24.170","2258"
"672","275431","20220930132000","1214","0","臺中市","北屯區","120.685","24.170","689"
"514","275432","20220930132000","848","0","臺中市","北屯區","120.690","24.165","570"
"1107","275433","20220930132000","1317","0","臺中市","北屯區","120.695","24.170","1081"
"2635","275434","20220930132000","2271","1","臺中市","北屯區","120.695","24.175","2565"
"2592","275435","20220930132000","2409","1","臺中市","北屯區","120.690","24.175","2680"
"1798","275436","20220930132000","1850","0","臺中市","南屯區","120.630","24.150","1636"
"1237","275437","20220930132000","838","2","臺中市","南屯區","120.630","24.155","1476"
"380","275439","20220930132000","965","0","臺中市","北屯區","120.710","24.175","369"
"367","275440","20220930132000","372","0","臺中市","北屯區","120.695","24.185","312"
"606","275442","20220930132000","778","0","臺中市","北屯區","120.710","24.180","673"
"448","275443","20220930132000","618","0","臺中市","北屯區","120.705","24.180","430"
"714","275445","20220930132000","651","1","臺中市","北屯區","120.705","24.185","715"
"2074","275457","20220930132000","1517","2","臺中市","北區","120.670","24.160","2048"
"3789","275458","20220930132000","3041","2","臺中市","北區","120.685","24.155","3414"
"1298","275459","20220930132000","1001","2","臺中市","北屯區","120.700","24.175","1346"
"674","275461","20220930132000","448","3","臺中市","大里區","120.710","24.100","645"
"1437","275462","20220930132000","1366","1","臺中市","大里區","120.715","24.100","1506"
"1371","275463","20220930132000","1792","0","臺中市","大里區","120.690","24.105","1437"
"378","275464","20220930132000","723","0","臺中市","大里區","120.695","24.105","380"
"720","275466","20220930132000","991","0","臺中市","大里區","120.685","24.100","681"
"3482","275467","20220930132000","2265","3","臺中市","大里區","120.680","24.115","3447"
"38","275468","20220930132000","412","0","臺中市","大里區","120.685","24.115","524"
"1008","275469","20220930132000","1031","0","臺中市","南屯區","120.635","24.135","1020"
"50","275471","20220930132000","551","0","臺中市","大里區","120.695","24.110","57"
"1431","275477","20220930132000","906","3","臺中市","太平區","120.715","24.155","1416"
"1141","275478","20220930132000","543","3","臺中市","北屯區","120.705","24.170","1104"
"520","275479","20220930132000","382","2","臺中市","北屯區","120.740","24.180","491"
"62","275480","20220930132000","182","0","臺中市","北屯區","120.745","24.180","52"
"28","275487","20220930132000","121","0","臺中市","北屯區","120.745","24.185","16"
"27","275492","20220930132000","21","2","臺中市","北屯區","120.770","24.185","20"
"16","275495","20220930132000","42","0","臺中市","北屯區","120.780","24.185","15"
"57","275502","20220930132000","74","0","臺中市","北屯區","120.765","24.185","61"
"1102","275504","20220930132000","1352","0","臺中市","北屯區","120.695","24.180","1177"
"1726","275505","20220930132000","1309","2","臺中市","西屯區","120.665","24.175","1673"
"860","275506","20220930132000","769","1","臺中市","西屯區","120.640","24.155","782"
"3132","275507","20220930132000","3347","0","臺中市","西屯區","120.645","24.155","2978"
"2396","275508","20220930132000","3494","0","臺中市","西屯區","120.640","24.160","2289"
"2530","275509","20220930132000","1928","2","臺中市","西屯區","120.645","24.160","2470"
"322","275510","20220930132000","1327","0","臺中市","西屯區","120.640","24.165","313"
"7681","275511","20220930132000","6146","2","臺中市","西屯區","120.645","24.165","6018"
"1149","275512","20220930132000","894","2","臺中市","西屯區","120.650","24.170","1135"
"693","275513","20220930132000","450","3","臺中市","太平區","120.720","24.145","722"
"521","275515","20220930132000","477","1","臺中市","太平區","120.715","24.145","495"
"1433","275517","20220930132000","1263","1","臺中市","大里區","120.690","24.115","1369"
"382","275518","20220930132000","409","0","臺中市","大里區","120.690","24.120","383"
"527","275519","20220930132000","237","3","臺中市","東區","120.700","24.125","539"
"16","275540","20220930132000","48","0","臺中市","和平區","120.880","24.180","15"
"49","275662","20220930132000","38","2","臺中市","和平區","120.955","24.160","50"
"47","275685","20220930132000","125","0","臺中市","和平區","120.950","24.165","44"
"21","275716","20220930132000","127","0","臺中市","和平區","120.975","24.170","17"
"27","275771","20220930132000","121","0","臺中市","和平區","120.980","24.180","26"
"235","275829","20220930132000","158","2","臺中市","和平區","120.990","24.185","219"
"17","276004","20220930132000","14","2","臺中市","和平區","120.910","24.180","13"
"273","276007","20220930132000","218","2","臺中市","和平區","120.925","24.180","374"
"208","276027","20220930132000","581","0","臺中市","北屯區","120.700","24.180","179"
"1250","276028","20220930132000","1614","0","臺中市","南區","120.680","24.130","1280"
"1045","276029","20220930132000","1765","0","臺中市","西屯區","120.620","24.180","1090"
"2773","276033","20220930132000","2141","2","臺中市","西屯區","120.650","24.185","2830"
"23","276034","20220930132000","252","0","臺中市","西屯區","120.650","24.190","28"
"38","276036","20220930132000","55","0","臺中市","西屯區","120.630","24.160","46"
"2023","276037","20220930132000","1556","2","臺中市","西屯區","120.635","24.160","2020"
"2395","276039","20220930132000","2477","0","臺中市","西屯區","120.635","24.165","2405"
"462","276040","20220930132000","301","3","臺中市","西屯區","120.630","24.170","486"
"547","276041","20220930132000","664","0","臺中市","西屯區","120.635","24.170","570"
"1754","276043","20220930132000","1294","2","臺中市","太平區","120.715","24.140","1739"
"115","276044","20220930132000","793","0","臺中市","太平區","120.720","24.155","106"
"2226","276045","20220930132000","2447","0","臺中市","西區","120.660","24.140","2169"
"2254","276046","20220930132000","2372","0","臺中市","西區","120.660","24.145","2065"
"1318","276048","20220930132000","1007","2","臺中市","南區","120.660","24.130","1252"
"172","276451","20220930132000","583","0","花蓮縣","秀林鄉","121.285","24.140","174"
"294","276521","20220930132000","258","1","花蓮縣","秀林鄉","121.635","24.140","263"
"14","276664","20220930132000","137","0","花蓮縣","秀林鄉","121.625","24.150","11"
"173","276735","20220930132000","111","3","花蓮縣","秀林鄉","121.625","24.155","202"
"17","276802","20220930132000","30","0","花蓮縣","秀林鄉","121.615","24.160","29"
"176","276803","20220930132000","208","0","花蓮縣","秀林鄉","121.620","24.160","158"
"20","276923","20220930132000","71","0","花蓮縣","秀林鄉","121.530","24.170","19"
"105","276945","20220930132000","254","0","花蓮縣","秀林鄉","121.300","24.175","107"
"27","276961","20220930132000","33","0","花蓮縣","秀林鄉","121.380","24.175","15"
"18","276995","20220930132000","39","0","花蓮縣","秀林鄉","121.545","24.175","18"
"49","276998","20220930132000","44","1","花蓮縣","秀林鄉","121.560","24.175","17"
"295","277000","20220930132000","139","3","花蓮縣","秀林鄉","121.570","24.175","161"
"99","277001","20220930132000","81","2","花蓮縣","秀林鄉","121.575","24.175","21"
"37","277006","20220930132000","38","0","花蓮縣","秀林鄉","121.600","24.175","21"
"26","277030","20220930132000","22","1","花蓮縣","秀林鄉","121.390","24.180","12"
"27","277055","20220930132000","33","0","花蓮縣","秀林鄉","121.510","24.180","28"
"307","277116","20220930132000","291","1","花蓮縣","秀林鄉","121.495","24.180","272"
"717","277183","20220930132000","545","2","花蓮縣","秀林鄉","121.655","24.125","736"
"69","277187","20220930132000","69","1","花蓮縣","秀林鄉","121.645","24.135","86"
"291","277214","20220930132000","260","1","花蓮縣","秀林鄉","121.650","24.155","258"
"229","277223","20220930132000","273","0","花蓮縣","秀林鄉","121.655","24.160","197"
"145","277237","20220930132000","169","0","花蓮縣","秀林鄉","121.655","24.170","157"
"30","277255","20220930132000","34","0","花蓮縣","秀林鄉","121.660","24.180","21"
"1592","277409","20220930132000","2950","0","臺中市","西屯區","120.645","24.170","1607"
"405","277410","20220930132000","307","2","臺中市","太平區","120.730","24.155","366"
"232","277411","20220930132000","601","0","臺中市","太平區","120.735","24.155","209"
"26","277415","20220930132000","195","0","臺中市","大肚區","120.550","24.120","34"
"815","277420","20220930132000","837","0","臺中市","大肚區","120.570","24.120","824"
"114","277421","20220930132000","637","0","臺中市","大肚區","120.575","24.120","111"
"517","277423","20220930132000","482","1","臺中市","大肚區","120.570","24.125","516"
"55","277425","20220930132000","466","0","臺中市","大肚區","120.580","24.125","61"
"41","277426","20220930132000","352","0","臺中市","大肚區","120.570","24.130","40"
"330","277434","20220930132000","361","0","臺中市","大肚區","120.585","24.135","392"
"1494","277437","20220930132000","1533","0","臺中市","大里區","120.705","24.105","1504"
"426","277439","20220930132000","387","1","臺中市","大里區","120.705","24.110","415"
"44","277440","20220930132000","282","0","臺中市","太平區","120.705","24.150","37"
"438","277441","20220930132000","554","0","臺中市","太平區","120.710","24.150","395"
"434","277442","20220930132000","313","2","臺中市","烏日區","120.625","24.100","479"
"788","277443","20220930132000","818","0","臺中市","烏日區","120.630","24.100","815"
"1423","277444","20220930132000","1026","2","臺中市","烏日區","120.620","24.105","1466"
"856","277445","20220930132000","402","3","臺中市","烏日區","120.625","24.105","780"
"563","277450","20220930132000","271","3","臺中市","西屯區","120.595","24.165","613"
"599","277451","20220930132000","593","1","臺中市","西屯區","120.600","24.165","632"
"777","277452","20220930132000","667","1","臺中市","西屯區","120.605","24.165","804"
"811","277453","20220930132000","751","1","臺中市","西屯區","120.610","24.165","854"
"40","277456","20220930132000","243","0","臺中市","西屯區","120.585","24.170","47"
"1958","277457","20220930132000","2083","0","臺中市","西屯區","120.590","24.170","2076"
"389","277458","20220930132000","201","3","臺中市","西屯區","120.595","24.170","474"
"38","277459","20220930132000","47","0","臺中市","西屯區","120.600","24.170","32"
"292","277460","20220930132000","264","1","臺中市","西屯區","120.605","24.170","324"
"1021","277461","20220930132000","1110","0","臺中市","西屯區","120.610","24.170","994"
"146","277462","20220930132000","188","0","臺中市","西屯區","120.615","24.170","139"
"822","277463","20220930132000","744","1","臺中市","西屯區","120.620","24.170","856"
"65","277465","20220930132000","272","0","臺中市","西屯區","120.585","24.175","77"
"438","277467","20220930132000","485","0","臺中市","西屯區","120.605","24.175","418"
"1590","277468","20220930132000","894","3","臺中市","西屯區","120.595","24.175","1643"
"573","277471","20220930132000","401","2","臺中市","西屯區","120.620","24.175","584"
"96","277472","20220930132000","69","2","臺中市","西屯區","120.625","24.175","81"
"723","277473","20220930132000","1451","0","臺中市","西屯區","120.595","24.180","667"
"900","277474","20220930132000","669","2","臺中市","西屯區","120.595","24.185","930"
"1227","277475","20220930132000","1106","1","臺中市","西屯區","120.600","24.175","1112"
"1788","277477","20220930132000","1887","0","臺中市","太平區","120.720","24.130","1813"
"54","277478","20220930132000","467","0","臺中市","太平區","120.710","24.130","53"
"148","277480","20220930132000","1254","0","臺中市","太平區","120.715","24.135","143"
"2063","277481","20220930132000","1385","2","臺中市","太平區","120.730","24.150","2005"
"39","277483","20220930132000","202","0","臺中市","大肚區","120.575","24.170","31"
"516","277484","20220930132000","778","0","臺中市","大肚區","120.580","24.170","527"
"1325","277487","20220930132000","1370","0","臺中市","大肚區","120.545","24.155","1325"
"85","277488","20220930132000","526","0","臺中市","大肚區","120.540","24.160","99"
"493","277489","20220930132000","515","0","臺中市","大肚區","120.545","24.160","525"
"651","277492","20220930132000","354","3","臺中市","大肚區","120.535","24.165","640"
"540","277493","20220930132000","921","0","臺中市","大里區","120.690","24.100","589"
"536","277496","20220930132000","401","2","臺中市","太平區","120.735","24.105","544"
"810","277503","20220930132000","693","1","臺中市","太平區","120.730","24.140","838"
"1367","277504","20220930132000","1217","1","臺中市","太平區","120.735","24.140","1370"
"78","277507","20220930132000","49","3","臺中市","太平區","120.730","24.145","79"
"587","277508","20220930132000","966","0","臺中市","太平區","120.735","24.145","538"
"1133","277520","20220930132000","1015","1","臺中市","太平區","120.740","24.155","1183"
"266","277531","20220930132000","1153","0","臺中市","太平區","120.730","24.125","264"
"100","277532","20220930132000","213","0","臺中市","太平區","120.725","24.130","90"
"1220","277533","20220930132000","1577","0","臺中市","東區","120.690","24.130","1280"
"1733","277534","20220930132000","1972","0","臺中市","東區","120.690","24.140","1781"
"3081","277535","20220930132000","2827","1","臺中市","中區","120.685","24.140","3226"
"10","277537","20220930132000","147","0","臺中市","太平區","120.735","24.130","19"
"657","277538","20220930132000","1350","0","臺中市","太平區","120.720","24.100","644"
"1378","277540","20220930132000","853","3","臺中市","太平區","120.720","24.105","1327"
"863","277541","20220930132000","872","0","臺中市","太平區","120.725","24.140","843"
"462","277542","20220930132000","426","1","臺中市","太平區","120.730","24.135","459"
"1293","277544","20220930132000","886","2","臺中市","龍井區","120.540","24.175","1330"
"990","277557","20220930132000","426","3","臺中市","大肚區","120.560","24.125","938"
"107","277558","20220930132000","418","0","臺中市","大肚區","120.565","24.125","93"
"490","277564","20220930132000","512","0","臺中市","龍井區","120.575","24.175","510"
"439","277565","20220930132000","616","0","臺中市","龍井區","120.580","24.175","462"
"637","277566","20220930132000","593","1","臺中市","太平區","120.725","24.145","602"
"687","277567","20220930132000","620","1","臺中市","太平區","120.720","24.125","692"
"38","277587","20220930132000","34","1","臺中市","東勢區","120.855","24.175","27"
"111","277597","20220930132000","91","2","臺中市","東勢區","120.840","24.185","128"
"60","277611","20220930132000","32","3","臺中市","東勢區","120.865","24.185","53"
"551","277614","20220930132000","660","0","臺中市","太平區","120.710","24.135","513"
"1358","277615","20220930132000","1373","0","臺中市","東區","120.705","24.140","1350"
"1286","277617","20220930132000","1045","2","臺中市","東區","120.695","24.150","1284"
"242","277618","20220930132000","1306","0","臺中市","太平區","120.705","24.155","222"
"623","277619","20220930132000","646","0","臺中市","太平區","120.705","24.160","611"
"1394","277620","20220930132000","765","3","臺中市","太平區","120.710","24.155","1418"
"1436","277621","20220930132000","1214","1","臺中市","東區","120.690","24.135","1448"
"581","277622","20220930132000","571","1","臺中市","東區","120.690","24.145","589"
"1989","277623","20220930132000","1491","2","臺中市","東區","120.700","24.140","1946"
"2331","277624","20220930132000","2205","1","臺中市","北區","120.675","24.155","2436"
"1669","277625","20220930132000","1846","0","臺中市","西區","120.660","24.150","1622"
"4113","277626","20220930132000","3664","1","臺中市","西區","120.665","24.155","3780"
"25","277630","20220930132000","275","0","臺中市","龍井區","120.550","24.185","18"
"151","277637","20220930132000","173","0","臺中市","烏日區","120.650","24.105","155"
"628","277638","20220930132000","589","1","臺中市","烏日區","120.655","24.105","620"
"3716","277639","20220930132000","3052","2","臺中市","西屯區","120.640","24.170","3845"
"1175","277640","20220930132000","1743","0","臺中市","西屯區","120.655","24.170","1155"
"4535","277641","20220930132000","4168","1","臺中市","西屯區","120.660","24.170","4598"
"1212","277642","20220930132000","1505","0","臺中市","太平區","120.720","24.150","1306"
"1071","277644","20220930132000","987","1","臺中市","太平區","120.725","24.155","952"
"959","277646","20220930132000","586","3","臺中市","烏日區","120.605","24.105","1011"
"1029","277647","20220930132000","462","3","臺中市","烏日區","120.610","24.105","450"
"211","277648","20220930132000","207","1","臺中市","烏日區","120.600","24.110","197"
"1502","277649","20220930132000","1813","0","臺中市","烏日區","120.605","24.110","1444"
"39","277650","20220930132000","26","3","臺中市","烏日區","120.610","24.110","38"
"380","277652","20220930132000","351","1","臺中市","烏日區","120.605","24.115","415"
"747","277653","20220930132000","562","2","臺中市","烏日區","120.610","24.115","720"
"155","277655","20220930132000","122","2","臺中市","烏日區","120.595","24.120","187"
"367","277656","20220930132000","1227","0","臺中市","烏日區","120.635","24.110","351"
"856","277657","20220930132000","798","1","臺中市","烏日區","120.640","24.110","863"
"4772","277661","20220930132000","3042","3","臺中市","西區","120.665","24.150","5082"
"719","277662","20220930132000","894","0","臺中市","西區","120.670","24.150","773"
"1651","277663","20220930132000","2534","0","臺中市","西區","120.675","24.135","1630"
"2186","277664","20220930132000","2014","1","臺中市","西區","120.665","24.145","2181"
"241","277681","20220930132000","230","1","花蓮縣","秀林鄉","121.630","24.115","315"
"121","277712","20220930132000","103","1","花蓮縣","秀林鄉","121.630","24.125","120"
"261","277713","20220930132000","207","2","花蓮縣","秀林鄉","121.635","24.125","234"
"240","277756","20220930132000","232","1","花蓮縣","新城鄉","121.615","24.100","224"
"353","277759","20220930132000","319","1","花蓮縣","新城鄉","121.620","24.105","486"
"306","277766","20220930132000","448","0","花蓮縣","新城鄉","121.640","24.115","334"
"93","277799","20220930132000","89","1","花蓮縣","新城鄉","121.650","24.125","82"
"294","277805","20220930132000","335","0","花蓮縣","新城鄉","121.645","24.130","305"
"34","277807","20220930132000","36","0","彰化縣","彰化市","120.545","24.100","33"
"1256","277812","20220930132000","1034","2","彰化縣","和美鎮","120.495","24.115","1236"
"290","277817","20220930132000","265","1","彰化縣","彰化市","120.560","24.105","304"
"480","277821","20220930132000","150","3","彰化縣","和美鎮","120.505","24.140","433"
"1078","277830","20220930132000","1136","0","彰化縣","和美鎮","120.500","24.105","1048"
"2516","277831","20220930132000","2221","1","彰化縣","和美鎮","120.495","24.110","2487"
"1673","277832","20220930132000","1320","2","彰化縣","和美鎮","120.500","24.110","1620"
"105","277834","20220930132000","827","0","彰化縣","伸港鄉","120.480","24.140","114"
"131","277848","20220930132000","109","2","南投縣","國姓鄉","120.895","24.110","119"
"46","277865","20220930132000","24","3","南投縣","國姓鄉","120.850","24.105","22"
"105","277866","20220930132000","63","3","南投縣","國姓鄉","120.855","24.105","80"
"445","277889","20220930132000","408","1","彰化縣","和美鎮","120.490","24.110","481"
"217","277890","20220930132000","253","0","彰化縣","和美鎮","120.490","24.115","220"
"233","277892","20220930132000","267","0","彰化縣","和美鎮","120.515","24.125","207"
"49","277895","20220930132000","38","2","彰化縣","和美鎮","120.520","24.130","45"
"476","277898","20220930132000","326","2","彰化縣","和美鎮","120.515","24.135","493"
"394","277902","20220930132000","332","1","彰化縣","和美鎮","120.500","24.130","381"
"35","277906","20220930132000","27","2","彰化縣","和美鎮","120.505","24.135","36"
"41","277907","20220930132000","35","1","彰化縣","和美鎮","120.510","24.135","41"
"1434","277912","20220930132000","1102","2","彰化縣","和美鎮","120.490","24.120","1403"
"567","277913","20220930132000","482","1","彰化縣","和美鎮","120.495","24.120","595"
"265","277919","20220930132000","545","0","彰化縣","伸港鄉","120.510","24.160","260"
"356","277922","20220930132000","268","2","彰化縣","伸港鄉","120.510","24.165","359"
"331","277925","20220930132000","1210","0","彰化縣","伸港鄉","120.505","24.170","337"
"558","277926","20220930132000","270","3","彰化縣","伸港鄉","120.510","24.170","509"
"378","277931","20220930132000","138","3","彰化縣","伸港鄉","120.505","24.180","350"
"1044","277935","20220930132000","717","2","彰化縣","彰化市","120.575","24.100","1002"
"41","277953","20220930132000","440","0","彰化縣","和美鎮","120.530","24.110","35"
"41","277963","20220930132000","11","3","彰化縣","和美鎮","120.535","24.105","34"
"112","277967","20220930132000","825","0","彰化縣","和美鎮","120.545","24.110","90"
"20","277968","20220930132000","24","0","彰化縣","和美鎮","120.540","24.115","23"
"38","277971","20220930132000","46","0","彰化縣","和美鎮","120.530","24.100","41"
"1203","277975","20220930132000","1075","1","彰化縣","和美鎮","120.525","24.115","1264"
"36","277978","20220930132000","20","3","彰化縣","和美鎮","120.485","24.135","20"
"221","277979","20220930132000","163","2","彰化縣","和美鎮","120.485","24.140","132"
"893","277980","20220930132000","1935","0","彰化縣","伸港鄉","120.485","24.145","808"
"290","277982","20220930132000","500","0","彰化縣","伸港鄉","120.490","24.150","259"
"321","277984","20220930132000","132","3","彰化縣","伸港鄉","120.470","24.145","320"
"111","277985","20220930132000","297","0","彰化縣","伸港鄉","120.475","24.145","111"
"196","277998","20220930132000","210","0","彰化縣","伸港鄉","120.480","24.155","193"
"576","278002","20220930132000","534","1","彰化縣","和美鎮","120.490","24.105","581"
"54","278003","20220930132000","91","0","彰化縣","和美鎮","120.490","24.125","56"
"532","278011","20220930132000","394","2","彰化縣","和美鎮","120.515","24.105","493"
"537","278012","20220930132000","495","1","彰化縣","和美鎮","120.510","24.110","545"
"237","278018","20220930132000","450","0","彰化縣","和美鎮","120.510","24.150","220"
"22","278019","20220930132000","143","0","彰化縣","伸港鄉","120.510","24.155","16"
"80","278026","20220930132000","544","0","彰化縣","線西鄉","120.455","24.145","97"
"509","278032","20220930132000","284","3","彰化縣","伸港鄉","120.450","24.155","534"
"865","278037","20220930132000","903","0","彰化縣","和美鎮","120.500","24.115","831"
"1284","278047","20220930132000","665","3","彰化縣","和美鎮","120.490","24.130","1272"
"1018","278050","20220930132000","543","3","彰化縣","和美鎮","120.490","24.100","1019"
"1890","278052","20220930132000","621","3","彰化縣","和美鎮","120.515","24.100","1917"
"949","278053","20220930132000","579","3","彰化縣","和美鎮","120.520","24.100","949"
"155","278058","20220930132000","93","3","彰化縣","和美鎮","120.485","24.100","140"
"360","278060","20220930132000","384","0","彰化縣","和美鎮","120.485","24.110","357"
"106","278065","20220930132000","162","0","彰化縣","伸港鄉","120.475","24.155","114"
"82","278066","20220930132000","23","3","彰化縣","伸港鄉","120.470","24.160","90"
"39","278084","20220930132000","25","3","彰化縣","伸港鄉","120.485","24.180","40"
"811","278099","20220930132000","775","1","彰化縣","和美鎮","120.530","24.105","840"
"468","278100","20220930132000","455","1","彰化縣","和美鎮","120.515","24.120","505"
"188","278175","20220930132000","200","0","南投縣","仁愛鄉","121.190","24.145","189"
"407","278457","20220930132000","390","1","南投縣","仁愛鄉","121.205","24.110","349"
"386","278506","20220930132000","840","0","南投縣","仁愛鄉","121.270","24.140","247"
"136","278518","20220930132000","199","0","南投縣","仁愛鄉","121.285","24.160","101"
"166","278973","20220930132000","116","2","南投縣","仁愛鄉","121.185","24.120","167"
"274","279090","20220930132000","353","0","南投縣","仁愛鄉","121.170","24.155","288"
"50","279213","20220930132000","66","0","南投縣","仁愛鄉","121.200","24.180","50"
"188","279218","20220930132000","195","0","南投縣","仁愛鄉","121.225","24.180","162"
"510","279255","20220930132000","1666","0","彰化縣","伸港鄉","120.485","24.160","485"
"378","279258","20220930132000","631","0","彰化縣","伸港鄉","120.495","24.160","328"
"105","279282","20220930132000","90","1","彰化縣","線西鄉","120.420","24.130","89"
"64","279286","20220930132000","400","0","彰化縣","和美鎮","120.480","24.105","61"
"56","279292","20220930132000","373","0","彰化縣","鹿港鎮","120.460","24.105","54"
"32","279293","20220930132000","371","0","彰化縣","鹿港鎮","120.465","24.105","27"
"782","279295","20220930132000","271","3","彰化縣","鹿港鎮","120.465","24.110","754"
"712","279296","20220930132000","184","3","彰化縣","鹿港鎮","120.460","24.115","618"
"1761","279303","20220930132000","1118","3","彰化縣","線西鄉","120.465","24.130","1760"
"150","279311","20220930132000","638","0","彰化縣","線西鄉","120.435","24.140","162"
"1285","279350","20220930132000","386","3","彰化縣","鹿港鎮","120.450","24.115","1273"
"531","279359","20220930132000","175","3","彰化縣","鹿港鎮","120.455","24.120","513"
"32","279366","20220930132000","33","0","彰化縣","線西鄉","120.460","24.130","34"
"1416","279368","20220930132000","1136","2","彰化縣","線西鄉","120.430","24.130","1469"
"1526","279371","20220930132000","802","3","彰化縣","線西鄉","120.425","24.135","1627"
"32","279375","20220930132000","271","0","彰化縣","線西鄉","120.470","24.135","38"
"384","279379","20220930132000","146","3","彰化縣","線西鄉","120.440","24.150","374"
"613","279387","20220930132000","448","2","彰化縣","線西鄉","120.445","24.150","609"
"469","279389","20220930132000","352","2","彰化縣","線西鄉","120.480","24.115","476"
"289","279392","20220930132000","230","2","彰化縣","和美鎮","120.485","24.120","296"
"329","279396","20220930132000","372","0","彰化縣","線西鄉","120.480","24.125","354"
"802","279398","20220930132000","532","3","彰化縣","線西鄉","120.470","24.130","730"
"45","285400","20220930132000","31","2","臺中市","清水區","120.555","24.270","47"
"268","285401","20220930132000","261","1","臺中市","清水區","120.560","24.270","259"
"2107","285403","20220930132000","1602","2","臺中市","清水區","120.550","24.275","2052"
"488","285405","20220930132000","589","0","臺中市","清水區","120.540","24.275","550"
"132","285406","20220930132000","491","0","臺中市","北屯區","120.665","24.195","134"
"919","285409","20220930132000","585","3","臺中市","北屯區","120.680","24.195","933"
"582","285410","20220930132000","529","1","臺中市","北屯區","120.665","24.200","612"
"579","285412","20220930132000","486","1","臺中市","北屯區","120.675","24.200","610"
"482","285413","20220930132000","396","2","臺中市","北屯區","120.680","24.200","472"
"646","285414","20220930132000","612","1","臺中市","北屯區","120.685","24.200","621"
"45","285415","20220930132000","30","3","臺中市","北屯區","120.665","24.190","40"
"1083","285416","20220930132000","567","3","臺中市","北屯區","120.670","24.190","995"
"41","285418","20220930132000","715","0","臺中市","沙鹿區","120.560","24.240","61"
"2252","285419","20220930132000","2556","0","臺中市","沙鹿區","120.565","24.240","2121"
"39","285422","20220930132000","41","0","臺中市","沙鹿區","120.565","24.245","51"
"203","285423","20220930132000","452","0","臺中市","沙鹿區","120.570","24.245","197"
"347","285425","20220930132000","362","0","臺中市","沙鹿區","120.560","24.250","350"
"412","285428","20220930132000","405","1","臺中市","沙鹿區","120.565","24.255","440"
"1136","285431","20220930132000","643","3","臺中市","清水區","120.575","24.275","1144"
"1113","285434","20220930132000","1018","1","臺中市","潭子區","120.715","24.205","1176"
"595","285437","20220930132000","427","2","臺中市","潭子區","120.700","24.200","701"
"551","285439","20220930132000","373","2","臺中市","潭子區","120.700","24.205","580"
"420","285440","20220930132000","450","0","臺中市","潭子區","120.700","24.210","421"
"1465","285441","20220930132000","1433","1","臺中市","潭子區","120.705","24.210","1438"
"762","285442","20220930132000","1332","0","臺中市","潭子區","120.700","24.215","735"
"44","285444","20220930132000","46","0","臺中市","潭子區","120.705","24.200","50"
"431","285445","20220930132000","394","1","臺中市","潭子區","120.710","24.200","438"
"1075","285446","20220930132000","1308","0","臺中市","潭子區","120.705","24.205","1094"
"2219","285447","20220930132000","1648","2","臺中市","潭子區","120.710","24.205","2109"
"972","285453","20220930132000","634","3","臺中市","潭子區","120.720","24.195","939"
"1206","285454","20220930132000","1145","1","臺中市","潭子區","120.725","24.195","1239"
"817","285459","20220930132000","597","2","臺中市","潭子區","120.725","24.200","762"
"1394","285460","20220930132000","1507","0","臺中市","潭子區","120.730","24.200","1355"
"79","285468","20220930132000","89","0","臺中市","潭子區","120.745","24.210","82"
"3013","285469","20220930132000","2401","2","臺中市","北屯區","120.705","24.190","3074"
"40","285470","20220930132000","60","0","臺中市","北屯區","120.705","24.195","56"
"128","285471","20220930132000","124","1","臺中市","西屯區","120.645","24.190","144"
"390","285472","20220930132000","290","2","臺中市","大雅區","120.615","24.235","382"
"470","285473","20220930132000","277","3","臺中市","沙鹿區","120.610","24.240","447"
"111","285474","20220930132000","546","0","臺中市","沙鹿區","120.615","24.240","105"
"24","285488","20220930132000","110","0","臺中市","沙鹿區","120.575","24.240","44"
"225","285500","20220930132000","209","1","臺中市","沙鹿區","120.560","24.225","210"
"800","285503","20220930132000","948","0","臺中市","沙鹿區","120.565","24.225","793"
"106","285504","20220930132000","430","0","臺中市","神岡區","120.655","24.250","110"
"11","285505","20220930132000","12","0","臺中市","神岡區","120.660","24.250","10"
"46","285507","20220930132000","51","0","臺中市","神岡區","120.660","24.255","46"
"27","285509","20220930132000","390","0","臺中市","神岡區","120.675","24.260","34"
"732","285515","20220930132000","695","1","臺中市","神岡區","120.680","24.265","758"
"88","285519","20220930132000","526","0","臺中市","神岡區","120.655","24.275","91"
"660","285522","20220930132000","1558","0","臺中市","豐原區","120.705","24.240","697"
"762","285523","20220930132000","602","2","臺中市","豐原區","120.700","24.245","1006"
"639","285524","20220930132000","951","0","臺中市","豐原區","120.705","24.245","644"
"315","285525","20220930132000","265","1","臺中市","龍井區","120.560","24.190","270"
"522","285526","20220930132000","317","3","臺中市","龍井區","120.535","24.195","510"
"36","285527","20220930132000","33","1","臺中市","龍井區","120.540","24.195","34"
"356","285528","20220930132000","333","1","臺中市","龍井區","120.545","24.195","349"
"442","285531","20220930132000","344","2","臺中市","龍井區","120.560","24.195","425"
"438","285533","20220930132000","520","0","臺中市","龍井區","120.545","24.200","475"
"270","285536","20220930132000","194","2","臺中市","龍井區","120.560","24.200","262"
"834","285538","20220930132000","772","1","臺中市","潭子區","120.705","24.215","825"
"78","285539","20220930132000","51","3","臺中市","潭子區","120.700","24.220","68"
"2485","285540","20220930132000","2121","1","臺中市","潭子區","120.705","24.220","2520"
"3886","285541","20220930132000","3352","1","臺中市","潭子區","120.705","24.225","3970"
"255","285542","20220930132000","266","0","臺中市","龍井區","120.590","24.190","266"
"344","285544","20220930132000","308","1","臺中市","西屯區","120.605","24.190","369"
"1357","285547","20220930132000","768","3","臺中市","神岡區","120.690","24.265","1386"
"297","285549","20220930132000","160","3","臺中市","神岡區","120.685","24.270","322"
"259","285551","20220930132000","155","3","臺中市","神岡區","120.675","24.275","274"
"501","285553","20220930132000","456","1","臺中市","神岡區","120.685","24.275","458"
"634","285559","20220930132000","233","3","臺中市","神岡區","120.690","24.275","627"
"1054","285561","20220930132000","716","2","臺中市","神岡區","120.680","24.240","1014"
"429","285565","20220930132000","366","1","臺中市","神岡區","120.680","24.245","440"
"65","285567","20220930132000","772","0","臺中市","神岡區","120.675","24.250","62"
"1320","285568","20220930132000","1034","2","臺中市","神岡區","120.685","24.245","1226"
"63","285569","20220930132000","39","3","臺中市","神岡區","120.680","24.250","65"
"29","285570","20220930132000","244","0","臺中市","神岡區","120.685","24.250","35"
"141","285571","20220930132000","116","2","臺中市","神岡區","120.690","24.250","191"
"331","285573","20220930132000","286","1","臺中市","神岡區","120.685","24.255","323"
"132","285574","20220930132000","124","1","臺中市","神岡區","120.690","24.255","151"
"1840","285581","20220930132000","1541","1","臺中市","沙鹿區","120.555","24.230","1798"
"2084","285582","20220930132000","2060","1","臺中市","沙鹿區","120.555","24.235","2084"
"172","285584","20220930132000","391","0","臺中市","沙鹿區","120.580","24.250","181"
"947","285593","20220930132000","947","1","臺中市","沙鹿區","120.600","24.255","980"
"356","285599","20220930132000","292","2","臺中市","沙鹿區","120.600","24.260","389"
"577","285602","20220930132000","297","3","臺中市","沙鹿區","120.585","24.265","614"
"425","285607","20220930132000","228","3","臺中市","大雅區","120.655","24.210","437"
"340","285613","20220930132000","554","0","臺中市","大雅區","120.665","24.220","349"
"75","285618","20220930132000","351","0","臺中市","新社區","120.805","24.250","68"
"684","285621","20220930132000","391","3","臺中市","新社區","120.805","24.255","664"
"1070","285626","20220930132000","1482","0","臺中市","梧棲區","120.515","24.260","1041"
"598","285627","20220930132000","494","2","臺中市","梧棲區","120.520","24.260","603"
"132","285630","20220930132000","400","0","臺中市","梧棲區","120.515","24.270","149"
"995","285634","20220930132000","1085","0","臺中市","梧棲區","120.535","24.255","1046"
"633","285635","20220930132000","408","3","臺中市","梧棲區","120.550","24.255","613"
"344","285637","20220930132000","581","0","臺中市","梧棲區","120.560","24.255","355"
"875","285638","20220930132000","733","1","臺中市","梧棲區","120.540","24.260","840"
"376","285642","20220930132000","520","0","臺中市","梧棲區","120.555","24.240","363"
"2122","285644","20220930132000","1261","3","臺中市","梧棲區","120.545","24.245","2190"
"966","285646","20220930132000","1519","0","臺中市","神岡區","120.695","24.245","1216"
"613","285648","20220930132000","593","1","臺中市","神岡區","120.695","24.255","679"
"490","285657","20220930132000","372","2","臺中市","梧棲區(海)","120.490","24.255","494"
"32","285659","20220930132000","124","0","臺中市","梧棲區(海)","120.500","24.255","34"
"570","285667","20220930132000","462","2","臺中市","梧棲區(海)","120.500","24.265","550"
"166","285671","20220930132000","144","1","臺中市","梧棲區(海)","120.500","24.270","169"
"142","285677","20220930132000","124","1","臺中市","梧棲區(海)","120.505","24.275","110"
"29","285681","20220930132000","195","0","臺中市","梧棲區","120.525","24.260","17"
"138","285682","20220930132000","133","1","臺中市","梧棲區","120.530","24.260","115"
"307","285683","20220930132000","273","1","臺中市","北屯區","120.790","24.205","298"
"447","285685","20220930132000","251","3","臺中市","新社區","120.805","24.190","490"
"121","285695","20220930132000","117","1","臺中市","新社區","120.815","24.200","142"
"153","285697","20220930132000","212","0","臺中市","新社區","120.805","24.205","158"
"174","285701","20220930132000","113","3","臺中市","新社區","120.805","24.210","169"
"35","285707","20220930132000","280","0","臺中市","新社區","120.800","24.220","58"
"182","285713","20220930132000","127","2","臺中市","新社區","120.795","24.235","196"
"59","285717","20220930132000","300","0","臺中市","新社區","120.795","24.230","54"
"98","285720","20220930132000","149","0","臺中市","新社區","120.780","24.230","197"
"114","285727","20220930132000","365","0","臺中市","新社區","120.785","24.235","99"
"800","285738","20220930132000","650","2","臺中市","神岡區","120.700","24.250","800"
"946","285742","20220930132000","462","3","臺中市","神岡區","120.645","24.250","800"
"136","285745","20220930132000","169","0","臺中市","神岡區","120.645","24.255","156"
"230","285747","20220930132000","209","1","臺中市","神岡區","120.635","24.260","194"
"561","285750","20220930132000","1072","0","臺中市","豐原區","120.710","24.245","541"
"1258","285752","20220930132000","685","3","臺中市","豐原區","120.720","24.260","1273"
"1743","285754","20220930132000","2161","0","臺中市","豐原區","120.720","24.265","1774"
"385","285758","20220930132000","296","2","臺中市","豐原區","120.715","24.275","341"
"960","285759","20220930132000","411","3","臺中市","豐原區","120.720","24.275","950"
"328","285761","20220930132000","333","0","臺中市","豐原區","120.720","24.280","344"
"753","285764","20220930132000","820","0","臺中市","梧棲區","120.545","24.240","728"
"1950","285765","20220930132000","2124","0","臺中市","梧棲區","120.540","24.245","1949"
"824","285766","20220930132000","722","1","臺中市","梧棲區","120.520","24.255","811"
"1011","285767","20220930132000","1077","0","臺中市","梧棲區","120.525","24.255","960"
"205","285773","20220930132000","191","1","臺中市","新社區","120.810","24.225","210"
"737","285777","20220930132000","525","2","臺中市","新社區","120.805","24.230","728"
"2199","285782","20220930132000","1440","3","臺中市","豐原區","120.725","24.255","2218"
"624","285783","20220930132000","732","0","臺中市","豐原區","120.705","24.250","676"
"746","285785","20220930132000","491","3","臺中市","豐原區","120.720","24.240","642"
"1631","285787","20220930132000","1226","2","臺中市","豐原區","120.715","24.235","1542"
"1513","285788","20220930132000","1347","1","臺中市","豐原區","120.720","24.235","1517"
"504","285789","20220930132000","467","1","臺中市","豐原區","120.725","24.235","493"
"3214","285791","20220930132000","1552","3","臺中市","豐原區","120.715","24.245","3187"
"84","285792","20220930132000","64","2","臺中市","豐原區","120.710","24.240","94"
"85","285793","20220930132000","73","1","臺中市","豐原區","120.725","24.250","86"
"440","285796","20220930132000","221","3","臺中市","豐原區","120.740","24.240","404"
"748","285799","20220930132000","1023","0","臺中市","豐原區","120.730","24.245","692"
"707","285800","20220930132000","453","3","臺中市","豐原區","120.735","24.245","637"
"252","285803","20220930132000","503","0","臺中市","豐原區","120.730","24.250","249"
"994","285804","20220930132000","580","3","臺中市","豐原區","120.735","24.250","959"
"800","285805","20220930132000","657","2","臺中市","豐原區","120.740","24.250","770"
"38","285806","20220930132000","549","0","臺中市","龍井區","120.525","24.210","48"
"513","285812","20220930132000","647","0","臺中市","龍井區","120.515","24.215","541"
"837","285819","20220930132000","800","1","臺中市","龍井區","120.510","24.220","790"
"771","285821","20220930132000","563","2","臺中市","龍井區","120.520","24.220","827"
"1921","285822","20220930132000","800","3","臺中市","龍井區","120.525","24.220","1938"
"278","285849","20220930132000","794","0","臺中市","新社區","120.805","24.240","272"
"214","285852","20220930132000","110","3","臺中市","新社區","120.820","24.205","211"
"27","285859","20220930132000","212","0","臺中市","新社區","120.795","24.210","31"
"627","285862","20220930132000","258","3","臺中市","新社區","120.780","24.215","667"
"368","285867","20220930132000","267","2","臺中市","新社區","120.775","24.220","339"
"116","285871","20220930132000","107","1","臺中市","新社區","120.775","24.225","104"
"263","285886","20220930132000","175","3","臺中市","梧棲區","120.515","24.225","271"
"157","285894","20220930132000","188","0","臺中市","清水區","120.635","24.265","156"
"793","285910","20220930132000","763","1","臺中市","梧棲區","120.535","24.250","764"
"29","285912","20220930132000","321","0","臺中市","梧棲區","120.545","24.250","29"
"299","285914","20220930132000","352","0","臺中市","梧棲區","120.540","24.255","310"
"356","285916","20220930132000","365","0","臺中市","豐原區","120.700","24.230","388"
"793","285918","20220930132000","838","0","臺中市","豐原區","120.705","24.235","768"
"357","285919","20220930132000","296","2","臺中市","豐原區","120.700","24.235","342"
"419","285920","20220930132000","239","3","臺中市","豐原區","120.700","24.240","418"
"33","285921","20220930132000","28","1","臺中市","豐原區","120.760","24.235","32"
"23","285923","20220930132000","43","0","臺中市","豐原區","120.755","24.240","25"
"16","285925","20220930132000","20","0","臺中市","豐原區","120.765","24.240","18"
"75","285927","20220930132000","79","0","臺中市","豐原區","120.750","24.245","63"
"72","285933","20220930132000","292","0","臺中市","豐原區","120.745","24.250","71"
"128","285937","20220930132000","69","3","臺中市","豐原區","120.765","24.250","107"
"41","285943","20220930132000","14","3","臺中市","豐原區","120.765","24.255","18"
"395","285948","20220930132000","121","3","臺中市","石岡區","120.770","24.260","198"
"36","285949","20220930132000","49","0","臺中市","豐原區","120.760","24.265","43"
"1071","285954","20220930132000","737","2","臺中市","豐原區","120.730","24.255","1045"
"685","285955","20220930132000","699","0","臺中市","豐原區","120.735","24.255","695"
"1550","285956","20220930132000","1195","2","臺中市","豐原區","120.745","24.255","1548"
"123","285957","20220930132000","372","0","臺中市","豐原區","120.740","24.260","123"
"576","285958","20220930132000","303","3","臺中市","豐原區","120.745","24.260","561"
"48","285959","20220930132000","311","0","臺中市","豐原區","120.750","24.260","56"
"247","285960","20220930132000","255","0","臺中市","豐原區","120.755","24.265","225"
"2242","285962","20220930132000","2059","1","臺中市","豐原區","120.725","24.240","2105"
"1228","285963","20220930132000","1184","1","臺中市","豐原區","120.730","24.240","1178"
"127","285964","20220930132000","133","0","臺中市","龍井區","120.580","24.190","68"
"39","285965","20220930132000","41","0","臺中市","龍井區","120.585","24.190","41"
"23","285980","20220930132000","309","0","臺中市","沙鹿區","120.570","24.225","24"
"1818","285981","20220930132000","1513","2","臺中市","沙鹿區","120.570","24.230","1867"
"337","285983","20220930132000","785","0","臺中市","沙鹿區","120.565","24.215","329"
"2084","285984","20220930132000","1473","2","臺中市","沙鹿區","120.555","24.220","2006"
"184","285985","20220930132000","144","2","臺中市","沙鹿區","120.560","24.220","168"
"59","285990","20220930132000","205","0","臺中市","沙鹿區","120.575","24.200","62"
"1294","285991","20220930132000","1108","1","臺中市","沙鹿區","120.580","24.200","1282"
"259","285994","20220930132000","216","1","臺中市","沙鹿區","120.570","24.205","277"
"315","285999","20220930132000","426","0","臺中市","沙鹿區","120.575","24.210","296"
"329","286001","20220930132000","321","1","臺中市","沙鹿區","120.560","24.235","354"
"798","286002","20220930132000","706","1","臺中市","豐原區","120.710","24.250","730"
"3663","286003","20220930132000","3093","1","臺中市","豐原區","120.715","24.250","3679"
"449","286005","20220930132000","543","0","臺中市","豐原區","120.725","24.225","439"
"274","286006","20220930132000","235","1","臺中市","豐原區","120.730","24.225","282"
"666","286008","20220930132000","407","3","臺中市","豐原區","120.725","24.230","621"
"288","286010","20220930132000","153","3","臺中市","豐原區","120.735","24.230","213"
"560","286012","20220930132000","486","1","臺中市","豐原區","120.730","24.230","531"
"1091","286014","20220930132000","1094","0","臺中市","北屯區","120.660","24.190","1158"
"156","286015","20220930132000","113","2","臺中市","龍井區","120.500","24.230","136"
"1730","286023","20220930132000","470","3","臺中市","龍井區","120.520","24.205","1651"
"705","286024","20220930132000","139","3","臺中市","龍井區","120.525","24.205","777"
"1201","286027","20220930132000","434","3","臺中市","龍井區","120.505","24.210","1219"
"101","286031","20220930132000","63","3","臺中市","龍井區","120.545","24.205","92"
"841","286036","20220930132000","850","0","臺中市","龍井區","120.550","24.210","873"
"331","286039","20220930132000","255","2","臺中市","龍井區","120.545","24.215","302"
"320","286043","20220930132000","186","3","臺中市","東勢區","120.830","24.235","324"
"676","286047","20220930132000","474","2","臺中市","東勢區","120.830","24.240","680"
"846","286051","20220930132000","975","0","臺中市","東勢區","120.830","24.245","894"
"287","286052","20220930132000","160","3","臺中市","東勢區","120.835","24.245","272"
"76","286053","20220930132000","355","0","臺中市","東勢區","120.840","24.245","97"
"1063","286054","20220930132000","838","2","臺中市","東勢區","120.825","24.255","1049"
"102","286060","20220930132000","77","2","臺中市","東勢區","120.845","24.275","97"
"161","286071","20220930132000","143","1","臺中市","清水區","120.580","24.270","154"
"1393","286072","20220930132000","1050","2","臺中市","北屯區","120.685","24.185","1427"
"27","286075","20220930132000","177","0","臺中市","北屯區","120.690","24.195","28"
"3566","286078","20220930132000","2549","2","臺中市","豐原區","120.720","24.250","3432"
"2935","286079","20220930132000","2564","1","臺中市","梧棲區","120.535","24.260","2912"
"523","286081","20220930132000","586","0","臺中市","梧棲區","120.530","24.265","572"
"1139","286084","20220930132000","1166","0","臺中市","梧棲區","120.530","24.270","1147"
"33","286088","20220930132000","366","0","臺中市","沙鹿區","120.565","24.200","21"
"205","286090","20220930132000","139","2","臺中市","沙鹿區","120.560","24.205","192"
"28","286091","20220930132000","429","0","臺中市","沙鹿區","120.565","24.205","23"
"60","286092","20220930132000","366","0","臺中市","沙鹿區","120.555","24.210","48"
"20","286093","20220930132000","142","0","臺中市","沙鹿區","120.560","24.210","20"
"163","286094","20220930132000","127","2","臺中市","沙鹿區","120.565","24.210","145"
"72","286095","20220930132000","107","0","臺中市","沙鹿區","120.555","24.215","99"
"122","286097","20220930132000","118","1","臺中市","沙鹿區","120.605","24.240","127"
"240","286098","20220930132000","239","1","臺中市","沙鹿區","120.605","24.245","248"
"1164","286099","20220930132000","792","2","臺中市","沙鹿區","120.610","24.245","1144"
"753","286100","20220930132000","344","3","臺中市","沙鹿區","120.600","24.250","705"
"161","286105","20220930132000","251","0","臺中市","北屯區","120.685","24.195","161"
"327","286108","20220930132000","294","1","臺中市","北屯區","120.750","24.190","357"
"158","286113","20220930132000","132","1","臺中市","北屯區","120.750","24.195","131"
"19","286116","20220930132000","104","0","臺中市","北屯區","120.765","24.195","18"
"23","286118","20220930132000","18","2","臺中市","北屯區","120.745","24.200","22"
"21","286121","20220930132000","28","0","臺中市","北屯區","120.760","24.200","23"
"1701","286135","20220930132000","713","3","臺中市","北屯區","120.680","24.190","1662"
"503","286137","20220930132000","482","1","臺中市","清水區","120.545","24.265","541"
"424","286140","20220930132000","526","0","臺中市","清水區","120.545","24.270","412"
"260","286141","20220930132000","304","0","臺中市","清水區","120.550","24.270","264"
"980","286147","20220930132000","1537","0","臺中市","潭子區","120.710","24.215","957"
"34","286149","20220930132000","413","0","臺中市","潭子區","120.710","24.220","33"
"44","286151","20220930132000","29","3","臺中市","潭子區","120.715","24.225","36"
"64","286153","20220930132000","344","0","臺中市","豐原區","120.720","24.230","325"
"338","286156","20220930132000","461","0","臺中市","潭子區","120.680","24.225","355"
"742","286159","20220930132000","693","1","臺中市","潭子區","120.685","24.230","990"
"2493","286161","20220930132000","1907","2","臺中市","潭子區","120.690","24.225","2587"
"242","286162","20220930132000","440","0","臺中市","潭子區","120.695","24.225","255"
"703","286167","20220930132000","822","0","臺中市","梧棲區","120.525","24.225","704"
"86","286169","20220930132000","780","0","臺中市","梧棲區","120.510","24.230","76"
"50","286172","20220930132000","31","3","臺中市","梧棲區","120.525","24.230","65"
"253","286173","20220930132000","266","0","臺中市","梧棲區","120.505","24.235","293"
"57","286175","20220930132000","44","2","臺中市","梧棲區","120.515","24.235","34"
"1824","286177","20220930132000","2156","0","臺中市","梧棲區","120.525","24.235","1892"
"48","286179","20220930132000","37","2","臺中市","梧棲區","120.505","24.240","63"
"604","286180","20220930132000","613","0","臺中市","梧棲區","120.510","24.240","649"
"294","286181","20220930132000","215","2","臺中市","梧棲區","120.515","24.240","317"
"405","286183","20220930132000","506","0","臺中市","梧棲區","120.525","24.240","385"
"332","286186","20220930132000","225","2","臺中市","梧棲區","120.510","24.245","323"
"441","286187","20220930132000","546","0","臺中市","梧棲區","120.515","24.245","452"
"772","286190","20220930132000","765","1","臺中市","梧棲區","120.530","24.245","739"
"155","286195","20220930132000","220","0","臺中市","梧棲區","120.525","24.250","171"
"1293","286199","20220930132000","905","2","臺中市","沙鹿區","120.580","24.220","1326"
"1310","286203","20220930132000","1465","0","臺中市","沙鹿區","120.575","24.225","1278"
"586","286204","20220930132000","703","0","臺中市","沙鹿區","120.580","24.225","598"
"455","286205","20220930132000","678","0","臺中市","沙鹿區","120.585","24.225","449"
"487","286208","20220930132000","451","1","臺中市","沙鹿區","120.575","24.230","470"
"720","286209","20220930132000","728","0","臺中市","沙鹿區","120.580","24.230","773"
"439","286210","20220930132000","319","2","臺中市","沙鹿區","120.585","24.230","508"
"156","286215","20220930132000","729","0","臺中市","沙鹿區","120.550","24.225","177"
"39","286221","20220930132000","23","3","臺中市","北屯區","120.770","24.195","30"
"28","286224","20220930132000","306","0","臺中市","北屯區","120.780","24.195","35"
"900","286244","20220930132000","1523","0","臺中市","大雅區","120.650","24.225","840"
"287","286246","20220930132000","236","2","臺中市","大雅區","120.605","24.225","272"
"251","286248","20220930132000","216","1","臺中市","大雅區","120.615","24.225","276"
"385","286260","20220930132000","320","2","臺中市","大雅區","120.620","24.235","369"
"1268","286262","20220930132000","1074","1","臺中市","大雅區","120.645","24.215","1377"
"396","286263","20220930132000","197","3","臺中市","大雅區","120.645","24.220","351"
"556","286264","20220930132000","512","1","臺中市","大雅區","120.645","24.225","586"
"766","286266","20220930132000","513","2","臺中市","大雅區","120.635","24.205","746"
"57","286267","20220930132000","390","0","臺中市","大雅區","120.640","24.205","40"
"8823","286269","20220930132000","3749","3","臺中市","大雅區","120.615","24.210","8796"
"1717","286270","20220930132000","881","3","臺中市","大雅區","120.620","24.210","1760"
"928","286272","20220930132000","708","2","臺中市","大雅區","120.630","24.210","931"
"379","286273","20220930132000","278","2","臺中市","大雅區","120.635","24.210","362"
"710","286276","20220930132000","633","1","臺中市","大雅區","120.605","24.215","628"
"2202","286279","20220930132000","2588","0","臺中市","大雅區","120.620","24.215","2194"
"33","286280","20220930132000","138","0","臺中市","大雅區","120.625","24.215","30"
"807","286281","20220930132000","605","2","臺中市","大雅區","120.635","24.215","764"
"55","286282","20220930132000","49","1","臺中市","大雅區","120.600","24.220","61"
"147","286284","20220930132000","242","0","臺中市","大雅區","120.610","24.220","148"
"680","286285","20220930132000","325","3","臺中市","大雅區","120.615","24.220","679"
"783","286287","20220930132000","467","3","臺中市","大雅區","120.640","24.220","813"
"212","286288","20220930132000","210","1","臺中市","大雅區","120.630","24.215","224"
"62","286289","20220930132000","95","0","臺中市","大雅區","120.625","24.220","61"
"1335","286292","20220930132000","1328","1","臺中市","大雅區","120.625","24.225","1349"
"1977","286293","20220930132000","2168","0","臺中市","大雅區","120.630","24.225","1977"
"2318","286296","20220930132000","1196","3","臺中市","大雅區","120.620","24.230","2271"
"340","286300","20220930132000","176","3","臺中市","大雅區","120.625","24.230","334"
"492","286302","20220930132000","427","1","臺中市","潭子區","120.670","24.205","490"
"106","286305","20220930132000","87","2","臺中市","大雅區","120.670","24.215","97"
"807","286306","20220930132000","372","3","臺中市","大雅區","120.675","24.215","749"
"636","286307","20220930132000","777","0","臺中市","大雅區","120.670","24.220","683"
"530","286318","20220930132000","283","3","臺中市","東勢區","120.835","24.220","522"
"69","286321","20220930132000","333","0","臺中市","東勢區","120.825","24.270","76"
"268","286323","20220930132000","160","3","臺中市","東勢區","120.820","24.275","293"
"259","286344","20220930132000","278","0","臺中市","東勢區","120.850","24.260","263"
"540","286375","20220930132000","280","3","臺中市","沙鹿區","120.590","24.230","540"
"548","286377","20220930132000","929","0","臺中市","沙鹿區","120.565","24.235","589"
"2419","286384","20220930132000","2441","0","臺中市","沙鹿區","120.570","24.240","2419"
"870","286386","20220930132000","875","0","臺中市","東勢區","120.830","24.255","870"
"65","286388","20220930132000","645","0","臺中市","東勢區","120.825","24.250","64"
"199","286389","20220930132000","279","0","臺中市","梧棲區","120.530","24.230","207"
"599","286392","20220930132000","554","1","臺中市","梧棲區","120.545","24.230","606"
"1187","286398","20220930132000","808","2","臺中市","豐原區","120.715","24.255","1142"
"259","286399","20220930132000","1078","0","臺中市","豐原區","120.720","24.255","225"
"1863","286400","20220930132000","683","3","臺中市","豐原區","120.735","24.270","1910"
"138","286406","20220930132000","535","0","臺中市","豐原區","120.745","24.275","121"
"751","286408","20220930132000","366","3","臺中市","豐原區","120.755","24.275","647"
"678","286413","20220930132000","573","1","臺中市","東勢區","120.760","24.280","651"
"402","286418","20220930132000","187","3","臺中市","豐原區","120.725","24.275","418"
"709","286422","20220930132000","205","3","臺中市","豐原區","120.735","24.280","710"
"130","286436","20220930132000","165","0","臺中市","豐原區","120.760","24.230","119"
"128","286446","20220930132000","125","1","臺中市","豐原區","120.740","24.235","137"
"140","286447","20220930132000","97","2","臺中市","豐原區","120.745","24.235","150"
"227","286461","20220930132000","1096","0","臺中市","龍井區","120.520","24.195","177"
"1243","286465","20220930132000","324","3","臺中市","龍井區","120.500","24.200","1271"
"574","286475","20220930132000","226","3","臺中市","龍井區","120.510","24.200","595"
"112","286482","20220930132000","485","0","臺中市","龍井區","120.515","24.205","115"
"41","286485","20220930132000","264","0","臺中市","石岡區","120.770","24.280","31"
"1314","286486","20220930132000","852","3","臺中市","石岡區","120.775","24.275","1268"
"149","286489","20220930132000","343","0","臺中市","石岡區","120.795","24.270","148"
"139","286497","20220930132000","105","2","臺中市","石岡區","120.775","24.255","151"
"22","286500","20220930132000","17","2","臺中市","石岡區","120.775","24.260","28"
"26","286510","20220930132000","166","0","臺中市","石岡區","120.770","24.275","27"
"232","286511","20220930132000","120","3","臺中市","新社區","120.795","24.245","231"
"22","286515","20220930132000","85","0","臺中市","石岡區","120.790","24.255","16"
"60","286517","20220930132000","252","0","臺中市","石岡區","120.785","24.260","64"
"551","286522","20220930132000","501","1","臺中市","潭子區","120.695","24.230","545"
"61","286525","20220930132000","547","0","臺中市","神岡區","120.695","24.235","57"
"702","286526","20220930132000","354","3","臺中市","神岡區","120.690","24.240","862"
"96","286528","20220930132000","427","0","臺中市","豐原區","120.740","24.265","95"
"3265","286530","20220930132000","3112","1","臺中市","清水區","120.570","24.265","3291"
"510","286531","20220930132000","386","2","臺中市","清水區","120.570","24.270","448"
"717","286535","20220930132000","455","3","臺中市","清水區","120.630","24.275","730"
"177","286541","20220930132000","107","3","臺中市","清水區","120.565","24.275","139"
"522","286544","20220930132000","469","1","臺中市","西屯區","120.640","24.190","529"
"24","286545","20220930132000","21","1","臺中市","西屯區","120.635","24.195","21"
"410","286547","20220930132000","454","0","臺中市","西屯區","120.645","24.195","429"
"865","286549","20220930132000","572","3","臺中市","西屯區","120.645","24.200","850"
"99","286550","20220930132000","550","0","臺中市","西屯區","120.650","24.200","110"
"90","286551","20220930132000","83","1","臺中市","西屯區","120.650","24.205","75"
"87","286554","20220930132000","422","0","臺中市","神岡區","120.670","24.255","80"
"1503","286555","20220930132000","1052","2","臺中市","神岡區","120.675","24.255","1497"
"1836","286556","20220930132000","816","3","臺中市","神岡區","120.665","24.260","1918"
"25","286557","20220930132000","11","3","臺中市","神岡區","120.650","24.260","22"
"17","286558","20220930132000","113","0","臺中市","神岡區","120.655","24.265","18"
"378","286561","20220930132000","230","3","臺中市","神岡區","120.665","24.270","376"
"335","286563","20220930132000","177","3","臺中市","神岡區","120.665","24.275","386"
"224","286566","20220930132000","224","1","臺中市","神岡區","120.645","24.265","233"
"131","286569","20220930132000","187","0","臺中市","神岡區","120.650","24.270","126"
"606","286570","20220930132000","293","3","臺中市","神岡區","120.655","24.270","629"
"83","286572","20220930132000","525","0","臺中市","神岡區","120.650","24.275","69"
"758","286574","20220930132000","484","3","臺中市","神岡區","120.660","24.275","752"
"310","286598","20220930132000","130","3","臺中市","和平區","120.895","24.230","287"
"97","286652","20220930132000","79","2","臺中市","和平區","120.905","24.240","83"
"370","286658","20220930132000","187","3","臺中市","和平區","120.935","24.240","337"
"56","286685","20220930132000","44","2","臺中市","和平區","120.975","24.245","34"
"110","286690","20220930132000","104","1","臺中市","和平區","120.900","24.250","129"
"172","286794","20220930132000","148","1","臺中市","和平區","121.015","24.195","173"
"384","286822","20220930132000","237","3","臺中市","和平區","121.005","24.200","433"
"271","286823","20220930132000","326","0","臺中市","和平區","121.010","24.200","286"
"125","286853","20220930132000","123","1","臺中市","和平區","121.015","24.205","143"
"70","286950","20220930132000","49","2","臺中市","和平區","120.965","24.225","40"
"17","286952","20220930132000","12","2","臺中市","和平區","120.975","24.225","17"
"14","286967","20220930132000","20","0","臺中市","和平區","121.050","24.225","15"
"44","287004","20220930132000","23","3","臺中市","和平區","120.980","24.235","39"
"77","287119","20220930132000","184","0","臺中市","和平區","121.010","24.255","133"
"22","287154","20220930132000","21","1","臺中市","和平區","121.000","24.265","49"
"142","287173","20220930132000","70","3","臺中市","和平區","121.015","24.270","99"
"12","287567","20220930132000","20","0","臺中市","和平區","121.120","24.235","14"
"198","287678","20220930132000","169","1","臺中市","和平區","121.245","24.245","152"
"269","287725","20220930132000","148","3","臺中市","和平區","121.245","24.250","217"
"201","287726","20220930132000","159","2","臺中市","和平區","121.250","24.250","184"
"48","287756","20220930132000","54","0","臺中市","和平區","121.165","24.255","104"
"18","287766","20220930132000","56","0","臺中市","和平區","121.215","24.255","22"
"185","287770","20220930132000","165","1","臺中市","和平區","121.235","24.255","170"
"240","287774","20220930132000","225","1","臺中市","和平區","121.255","24.255","253"
"153","287776","20220930132000","183","0","臺中市","和平區","121.265","24.255","151"
"22","287809","20220930132000","21","1","臺中市","和平區","121.190","24.260","23"
"367","287823","20220930132000","359","1","臺中市","和平區","121.260","24.260","358"
"49","288103","20220930132000","33","2","臺中市","和平區","120.890","24.275","44"
"21","288133","20220930132000","22","0","臺中市","和平區","120.945","24.280","12"
"97","288159","20220930132000","45","3","臺中市","和平區","121.025","24.280","63"
"357","288160","20220930132000","399","0","臺中市","清水區","120.555","24.260","352"
"35","288161","20220930132000","436","0","臺中市","清水區","120.560","24.260","28"
"587","288163","20220930132000","585","1","臺中市","清水區","120.550","24.265","591"
"424","288166","20220930132000","1181","0","臺中市","清水區","120.565","24.265","415"
"899","288169","20220930132000","728","2","臺中市","清水區","120.560","24.275","971"
"218","288179","20220930132000","281","0","臺中市","清水區","120.605","24.275","215"
"341","288182","20220930132000","440","0","臺中市","清水區","120.600","24.275","991"
"98","288184","20220930132000","109","0","臺中市","清水區","120.610","24.275","120"
"344","288192","20220930132000","267","2","臺中市","潭子區","120.725","24.215","318"
"421","288194","20220930132000","377","1","臺中市","潭子區","120.735","24.215","440"
"396","288198","20220930132000","449","0","臺中市","潭子區","120.720","24.220","423"
"1149","288207","20220930132000","1120","1","臺中市","潭子區","120.680","24.205","1157"
"748","288209","20220930132000","536","2","臺中市","北屯區","120.690","24.205","732"
"209","288212","20220930132000","135","3","臺中市","潭子區","120.690","24.210","221"
"1151","288215","20220930132000","803","2","臺中市","潭子區","120.685","24.215","1352"
"1130","288216","20220930132000","1224","0","臺中市","潭子區","120.690","24.215","1134"
"326","288219","20220930132000","242","2","臺中市","潭子區","120.690","24.220","292"
"1991","288223","20220930132000","1694","1","臺中市","潭子區","120.710","24.230","2043"
"542","288224","20220930132000","344","3","臺中市","豐原區","120.715","24.230","482"
"1181","288225","20220930132000","1012","1","臺中市","潭子區","120.705","24.230","1246"
"3193","288228","20220930132000","1530","3","臺中市","神岡區","120.660","24.260","3057"
"1045","288232","20220930132000","1068","0","臺中市","神岡區","120.700","24.265","1106"
"1061","288240","20220930132000","931","1","臺中市","神岡區","120.710","24.255","1101"
"707","288242","20220930132000","545","2","臺中市","神岡區","120.705","24.260","701"
"160","288243","20220930132000","819","0","臺中市","神岡區","120.710","24.260","158"
"938","288247","20220930132000","932","1","臺中市","神岡區","120.705","24.275","953"
"1101","288250","20220930132000","953","1","臺中市","神岡區","120.710","24.275","1151"
"82","288252","20220930132000","81","1","臺中市","西屯區","120.605","24.195","90"
"128","288253","20220930132000","134","0","臺中市","西屯區","120.610","24.195","105"
"151","288259","20220930132000","113","2","臺中市","西屯區","120.600","24.200","153"
"487","288260","20220930132000","337","2","臺中市","西屯區","120.605","24.200","432"
"102","288261","20220930132000","146","0","臺中市","西屯區","120.610","24.200","73"
"1274","288262","20220930132000","1402","0","臺中市","西屯區","120.615","24.200","1349"
"72","288264","20220930132000","423","0","臺中市","西屯區","120.625","24.200","78"
"600","288265","20220930132000","540","1","臺中市","西屯區","120.630","24.200","669"
"67","288267","20220930132000","68","0","臺中市","西屯區","120.595","24.205","68"
"674","288268","20220930132000","425","3","臺中市","西屯區","120.600","24.205","675"
"940","288269","20220930132000","1024","0","臺中市","西屯區","120.605","24.205","904"
"636","288270","20220930132000","301","3","臺中市","西屯區","120.610","24.205","620"
"1771","288271","20220930132000","1735","1","臺中市","西屯區","120.615","24.205","1778"
"2107","288272","20220930132000","1752","2","臺中市","西屯區","120.620","24.205","2156"
"853","288276","20220930132000","592","2","臺中市","西屯區","120.605","24.210","787"
"6053","288277","20220930132000","4404","2","臺中市","西屯區","120.610","24.210","5780"
"2232","288279","20220930132000","2344","0","臺中市","西屯區","120.610","24.190","2180"
"287","288281","20220930132000","157","3","臺中市","西屯區","120.625","24.190","268"
"125","288284","20220930132000","33","3","臺中市","西屯區","120.595","24.195","142"
"317","288287","20220930132000","173","3","臺中市","西屯區","120.655","24.190","276"
"883","288289","20220930132000","574","3","臺中市","西屯區","120.655","24.195","807"
"784","288290","20220930132000","678","1","臺中市","西屯區","120.660","24.195","770"
"638","288291","20220930132000","532","1","臺中市","西屯區","120.655","24.200","896"
"28","288293","20220930132000","26","1","臺中市","西屯區","120.655","24.205","26"
"281","288294","20220930132000","306","0","臺中市","西屯區","120.660","24.205","299"
"446","288298","20220930132000","358","2","臺中市","東勢區","120.850","24.240","497"
"211","288299","20220930132000","103","3","臺中市","東勢區","120.845","24.245","356"
"419","288302","20220930132000","452","0","臺中市","東勢區","120.825","24.260","384"
"1056","288304","20220930132000","951","1","臺中市","東勢區","120.825","24.265","1073"
"50","288312","20220930132000","147","0","臺中市","東勢區","120.835","24.230","47"
"36","288317","20220930132000","332","0","臺中市","東勢區","120.840","24.235","39"
"169","288339","20220930132000","80","3","臺中市","東勢區","120.875","24.215","147"
"13","288351","20220930132000","101","0","臺中市","東勢區","120.895","24.220","19"
"13","288365","20220930132000","149","0","臺中市","東勢區","120.880","24.230","23"
"1081","288395","20220930132000","683","3","臺中市","沙鹿區","120.560","24.230","1070"
"626","288396","20220930132000","702","0","臺中市","潭子區","120.710","24.235","580"
"248","288397","20220930132000","969","0","臺中市","豐原區","120.715","24.240","235"
"721","288401","20220930132000","807","0","臺中市","清水區","120.570","24.260","686"
"23","288402","20220930132000","118","0","臺中市","清水區","120.575","24.270","25"
"1620","288403","20220930132000","2198","0","臺中市","清水區","120.580","24.275","1638"
"205","288407","20220930132000","812","0","臺中市","潭子區","120.700","24.190","224"
"195","288459","20220930132000","168","1","花蓮縣","秀林鄉","121.715","24.245","182"
"55","288610","20220930132000","28","3","花蓮縣","秀林鄉","121.740","24.260","69"
"166","288819","20220930132000","186","0","花蓮縣","秀林鄉","121.485","24.190","111"
"51","288869","20220930132000","37","2","花蓮縣","秀林鄉","121.430","24.195","34"
"15","288881","20220930132000","23","0","花蓮縣","秀林鄉","121.490","24.195","24"
"33","288993","20220930132000","23","2","花蓮縣","秀林鄉","121.480","24.205","27"
"22","289039","20220930132000","24","0","花蓮縣","秀林鄉","121.450","24.210","23"
"11","289618","20220930132000","16","0","花蓮縣","秀林鄉","121.665","24.205","14"
"23","289619","20220930132000","18","2","花蓮縣","秀林鄉","121.670","24.205","12"
"19","289656","20220930132000","22","0","花蓮縣","秀林鄉","121.685","24.215","19"
"27","289677","20220930132000","77","0","花蓮縣","秀林鄉","121.690","24.220","18"
"809","289851","20220930132000","1197","0","臺中市","大雅區","120.650","24.220","814"
"605","289852","20220930132000","838","0","臺中市","大雅區","120.655","24.220","564"
"452","289853","20220930132000","337","2","臺中市","大雅區","120.660","24.220","445"
"2912","289854","20220930132000","2152","2","臺中市","大雅區","120.655","24.225","3006"
"13","289855","20220930132000","125","0","臺中市","大雅區","120.660","24.225","11"
"1138","289860","20220930132000","1040","1","臺中市","大雅區","120.635","24.235","1115"
"1085","289863","20220930132000","867","2","臺中市","大雅區","120.630","24.240","1092"
"243","289868","20220930132000","218","1","臺中市","大雅區","120.635","24.245","243"
"1339","289875","20220930132000","921","2","臺中市","大雅區","120.645","24.230","1387"
"850","289879","20220930132000","678","2","臺中市","大雅區","120.655","24.230","784"
"809","289882","20220930132000","280","3","臺中市","大雅區","120.655","24.235","786"
"438","289884","20220930132000","205","3","臺中市","大雅區","120.645","24.240","211"
"1570","289886","20220930132000","733","3","臺中市","大雅區","120.655","24.240","1140"
"429","289893","20220930132000","443","0","臺中市","豐原區","120.735","24.260","463"
"926","289895","20220930132000","447","3","臺中市","豐原區","120.750","24.265","966"
"128","289907","20220930132000","102","2","臺中市","新社區","120.815","24.240","144"
"108","289909","20220930132000","707","0","臺中市","豐原區","120.720","24.245","89"
"1971","289910","20220930132000","1591","2","臺中市","豐原區","120.725","24.245","1807"
"514","289912","20220930132000","456","1","臺中市","大雅區","120.670","24.225","518"
"465","289916","20220930132000","963","0","臺中市","大雅區","120.650","24.230","485"
"68","289918","20220930132000","480","0","臺中市","大雅區","120.645","24.210","60"
"1483","289919","20220930132000","1432","1","臺中市","大雅區","120.650","24.210","1572"
"896","289920","20220930132000","806","1","臺中市","大雅區","120.650","24.215","882"
"197","289921","20220930132000","1237","0","臺中市","大雅區","120.660","24.230","200"
"297","289922","20220930132000","362","0","臺中市","大雅區","120.665","24.230","319"
"1203","289923","20220930132000","1187","1","臺中市","大雅區","120.670","24.230","1220"
"319","289927","20220930132000","634","0","臺中市","大雅區","120.675","24.240","297"
"1396","289928","20220930132000","916","3","臺中市","東勢區","120.830","24.250","1402"
"481","289929","20220930132000","400","2","臺中市","東勢區","120.835","24.250","480"
"513","289937","20220930132000","526","0","臺中市","石岡區","120.785","24.275","452"
"870","289944","20220930132000","477","3","臺中市","石岡區","120.815","24.260","870"
"99","289946","20220930132000","258","0","臺中市","石岡區","120.805","24.265","92"
"54","289955","20220930132000","217","0","臺中市","石岡區","120.795","24.275","46"
"774","289964","20220930132000","460","3","臺中市","龍井區","120.480","24.210","748"
"1008","289976","20220930132000","488","3","臺中市","龍井區","120.485","24.220","994"
"508","289982","20220930132000","493","1","臺中市","龍井區","120.490","24.225","498"
"970","289983","20220930132000","669","2","臺中市","龍井區","120.495","24.225","953"
"111","289992","20220930132000","175","0","臺中市","龍井區","120.490","24.230","113"
"53","289993","20220930132000","388","0","臺中市","龍井區","120.495","24.230","59"
"387","289996","20220930132000","492","0","臺中市","沙鹿區","120.580","24.210","380"
"92","289999","20220930132000","557","0","臺中市","沙鹿區","120.575","24.215","76"
"515","290000","20220930132000","500","1","臺中市","沙鹿區","120.580","24.215","466"
"423","290001","20220930132000","435","0","臺中市","沙鹿區","120.585","24.215","400"
"758","290004","20220930132000","639","1","臺中市","沙鹿區","120.570","24.220","690"
"282","290005","20220930132000","172","3","臺中市","沙鹿區","120.575","24.220","271"
"39","290008","20220930132000","31","2","臺中市","東勢區","120.840","24.190","43"
"73","290010","20220930132000","56","2","臺中市","東勢區","120.835","24.195","85"
"363","290015","20220930132000","213","3","臺中市","東勢區","120.840","24.200","347"
"222","290025","20220930132000","160","2","臺中市","東勢區","120.840","24.210","200"
"37","290037","20220930132000","301","0","臺中市","東勢區","120.850","24.195","33"
"772","290046","20220930132000","700","1","臺中市","龍井區","120.545","24.190","776"
"100","290051","20220930132000","113","0","臺中市","潭子區","120.695","24.195","106"
"1854","290052","20220930132000","1345","2","臺中市","潭子區","120.700","24.195","1624"
"31","290107","20220930132000","43","0","南投縣","仁愛鄉","121.305","24.205","16"
"27","290171","20220930132000","18","3","南投縣","仁愛鄉","121.290","24.225","20"
"198","290182","20220930132000","112","3","南投縣","仁愛鄉","121.260","24.230","136"
"16","290191","20220930132000","22","0","南投縣","仁愛鄉","121.305","24.230","13"
"155","290292","20220930132000","120","2","南投縣","仁愛鄉","121.220","24.190","118"
"223","290293","20220930132000","120","3","南投縣","仁愛鄉","121.225","24.190","187"
"65","296900","20220930132000","81","0","宜蘭縣","南澳鄉","121.750","24.320","73"
"252","296924","20220930132000","164","3","宜蘭縣","南澳鄉","121.745","24.330","248"
"23","296929","20220930132000","48","0","宜蘭縣","南澳鄉","121.770","24.330","30"
"24","296946","20220930132000","22","1","宜蘭縣","南澳鄉","121.770","24.335","22"
"11","296987","20220930132000","25","0","宜蘭縣","南澳鄉","121.775","24.345","11"
"505","297399","20220930132000","378","2","臺中市","清水區","120.580","24.280","495"
"945","297407","20220930132000","1130","0","臺中市","外埔區","120.620","24.335","919"
"359","297413","20220930132000","292","2","臺中市","神岡區","120.650","24.280","340"
"686","297416","20220930132000","529","2","臺中市","神岡區","120.640","24.285","718"
"89","297422","20220930132000","40","3","臺中市","神岡區","120.640","24.290","73"
"490","297424","20220930132000","281","3","臺中市","神岡區","120.650","24.290","432"
"256","297433","20220930132000","2256","0","臺中市","大甲區","120.620","24.345","210"
"332","297434","20220930132000","289","1","臺中市","梧棲區(海)","120.510","24.280","324"
"211","297444","20220930132000","146","2","臺中市","清水區","120.620","24.285","226"
"111","297446","20220930132000","106","1","臺中市","大甲區","120.640","24.345","85"
"927","297450","20220930132000","1048","0","臺中市","大甲區","120.630","24.355","926"
"869","297453","20220930132000","685","2","臺中市","大甲區","120.645","24.355","843"
"15","297456","20220930132000","19","0","臺中市","大甲區","120.645","24.360","15"
"177","297457","20220930132000","89","3","臺中市","大甲區","120.650","24.360","196"
"63","297458","20220930132000","472","0","臺中市","大甲區","120.640","24.365","44"
"154","297462","20220930132000","192","0","臺中市","東勢區","120.795","24.295","146"
"129","297485","20220930132000","106","2","臺中市","東勢區","120.785","24.310","128"
"287","297494","20220930132000","236","2","臺中市","東勢區","120.780","24.315","261"
"187","297510","20220930132000","198","0","臺中市","東勢區","120.870","24.280","237"
"108","297533","20220930132000","94","1","臺中市","清水區","120.560","24.310","122"
"27","297539","20220930132000","179","0","臺中市","清水區","120.555","24.305","24"
"42","297540","20220930132000","138","0","臺中市","清水區","120.550","24.310","42"
"304","297546","20220930132000","361","0","臺中市","清水區","120.560","24.320","362"
"48","297575","20220930132000","35","2","臺中市","清水區","120.540","24.300","44"
"215","297586","20220930132000","271","0","臺中市","清水區","120.545","24.305","223"
"181","297618","20220930132000","183","0","臺中市","后里區","120.665","24.305","155"
"491","297627","20220930132000","413","1","臺中市","后里區","120.680","24.310","560"
"664","297639","20220930132000","470","2","臺中市","后里區","120.725","24.285","608"
"40","297641","20220930132000","19","3","臺中市","后里區","120.735","24.285","46"
"247","297645","20220930132000","320","0","臺中市","后里區","120.725","24.290","220"
"1157","297646","20220930132000","694","3","臺中市","后里區","120.730","24.290","1050"
"153","297647","20220930132000","86","3","臺中市","后里區","120.735","24.290","139"
"302","297648","20220930132000","97","3","臺中市","后里區","120.740","24.290","290"
"778","297654","20220930132000","805","0","臺中市","后里區","120.730","24.295","783"
"37","297656","20220930132000","37","1","臺中市","后里區","120.740","24.295","44"
"170","297659","20220930132000","170","1","臺中市","后里區","120.755","24.295","232"
"32","297662","20220930132000","41","0","臺中市","后里區","120.725","24.300","39"
"55","297664","20220930132000","62","0","臺中市","后里區","120.735","24.300","66"
"735","297671","20220930132000","753","0","臺中市","后里區","120.725","24.305","717"
"47","297672","20220930132000","12","3","臺中市","后里區","120.735","24.305","48"
"490","297689","20220930132000","516","0","臺中市","大安區","120.585","24.365","550"
"2017","297697","20220930132000","1566","2","臺中市","大甲區","120.630","24.350","1870"
"40","297698","20220930132000","74","0","臺中市","大甲區","120.620","24.350","37"
"13","297701","20220930132000","19","0","苗栗縣","苑裡鎮","120.700","24.365","11"
"1254","297704","20220930132000","1060","1","臺中市","大甲區","120.625","24.350","1173"
"1966","297705","20220930132000","1430","2","臺中市","大甲區","120.620","24.355","1878"
"1501","297706","20220930132000","1712","0","臺中市","大甲區","120.615","24.345","1657"
"836","297725","20220930132000","809","1","臺中市","大甲區","120.635","24.370","827"
"258","297760","20220930132000","212","2","臺中市","清水區","120.605","24.305","379"
"671","297763","20220930132000","598","1","臺中市","清水區","120.605","24.310","670"
"167","297775","20220930132000","906","0","臺中市","后里區","120.710","24.305","197"
"365","297776","20220930132000","226","3","臺中市","后里區","120.700","24.310","319"
"208","297778","20220930132000","132","3","臺中市","后里區","120.735","24.310","217"
"34","297782","20220930132000","42","0","臺中市","后里區","120.755","24.310","31"
"465","297783","20220930132000","329","2","臺中市","后里區","120.740","24.315","463"
"153","297795","20220930132000","177","0","臺中市","后里區","120.735","24.325","143"
"515","297801","20220930132000","491","1","臺中市","后里區","120.740","24.330","430"
"661","297811","20220930132000","317","3","臺中市","后里區","120.725","24.340","526"
"257","297831","20220930132000","309","0","臺中市","外埔區","120.700","24.345","265"
"761","297868","20220930132000","686","1","臺中市","外埔區","120.645","24.320","759"
"549","297883","20220930132000","431","2","臺中市","外埔區","120.670","24.320","567"
"228","297885","20220930132000","213","1","臺中市","外埔區","120.680","24.320","204"
"595","297886","20220930132000","572","1","臺中市","外埔區","120.665","24.325","643"
"707","297921","20220930132000","463","3","臺中市","外埔區","120.650","24.330","719"
"1567","297922","20220930132000","1503","1","臺中市","外埔區","120.655","24.330","1535"
"2070","297926","20220930132000","2036","1","臺中市","外埔區","120.635","24.340","2029"
"298","297928","20220930132000","222","2","臺中市","外埔區","120.645","24.340","290"
"684","297941","20220930132000","480","2","臺中市","外埔區","120.625","24.320","588"
"528","297947","20220930132000","425","2","臺中市","外埔區","120.630","24.325","555"
"62","297954","20220930132000","56","1","臺中市","外埔區","120.635","24.330","62"
"280","297957","20220930132000","230","2","臺中市","外埔區","120.630","24.335","289"
"246","297959","20220930132000","251","0","臺中市","外埔區","120.685","24.325","258"
"35","297961","20220930132000","83","0","臺中市","外埔區","120.675","24.330","27"
"376","297967","20220930132000","328","1","臺中市","后里區","120.710","24.330","349"
"101","297988","20220930132000","412","0","臺中市","外埔區","120.665","24.340","100"
"349","297992","20220930132000","247","2","臺中市","外埔區","120.685","24.340","325"
"645","297995","20220930132000","732","0","臺中市","大安區","120.585","24.345","664"
"21","298020","20220930132000","22","0","臺中市","大安區","120.570","24.340","22"
"48","298024","20220930132000","61","0","臺中市","大安區","120.570","24.345","43"
"228","298036","20220930132000","225","1","臺中市","大安區","120.590","24.335","244"
"321","298040","20220930132000","410","0","臺中市","大安區","120.590","24.340","307"
"73","298043","20220930132000","470","0","臺中市","大安區","120.605","24.365","67"
"1292","298045","20220930132000","1280","1","臺中市","后里區","120.720","24.310","1430"
"629","298047","20220930132000","782","0","臺中市","后里區","120.720","24.320","647"
"187","298050","20220930132000","673","0","臺中市","后里區","120.725","24.315","143"
"434","298051","20220930132000","403","1","臺中市","后里區","120.730","24.315","451"
"5168","298052","20220930132000","3808","2","臺中市","后里區","120.725","24.320","5154"
"532","298053","20220930132000","665","0","臺中市","后里區","120.730","24.320","531"
"273","298054","20220930132000","291","0","臺中市","后里區","120.735","24.320","285"
"224","298056","20220930132000","238","0","臺中市","后里區","120.725","24.325","228"
"181","298059","20220930132000","613","0","臺中市","后里區","120.710","24.310","161"
"195","298060","20220930132000","219","0","臺中市","后里區","120.715","24.310","179"
"478","298062","20220930132000","237","3","臺中市","后里區","120.710","24.315","486"
"118","298066","20220930132000","86","2","臺中市","后里區","120.705","24.320","104"
"153","298069","20220930132000","369","0","臺中市","外埔區","120.695","24.325","145"
"822","298070","20220930132000","703","1","臺中市","后里區","120.700","24.325","1165"
"252","298074","20220930132000","518","0","臺中市","后里區","120.705","24.325","212"
"985","298075","20220930132000","900","1","臺中市","后里區","120.710","24.325","829"
"395","298078","20220930132000","435","0","臺中市","后里區","120.705","24.330","394"
"47","298081","20220930132000","143","0","臺中市","后里區","120.745","24.325","35"
"115","298082","20220930132000","113","1","臺中市","后里區","120.750","24.325","132"
"114","298092","20220930132000","110","1","臺中市","后里區","120.680","24.315","120"
"46","298093","20220930132000","45","1","臺中市","后里區","120.685","24.315","45"
"565","298094","20220930132000","578","0","臺中市","后里區","120.690","24.315","545"
"688","298095","20220930132000","513","2","臺中市","后里區","120.695","24.315","626"
"178","298096","20220930132000","187","0","臺中市","外埔區","120.685","24.320","239"
"55","298098","20220930132000","457","0","臺中市","大安區","120.600","24.345","59"
"52","298100","20220930132000","461","0","臺中市","大安區","120.600","24.350","52"
"192","298108","20220930132000","162","1","臺中市","大甲區","120.680","24.365","183"
"381","298116","20220930132000","317","2","臺中市","大甲區","120.675","24.370","331"
"611","298125","20220930132000","834","0","臺中市","大甲區","120.625","24.340","640"
"366","298126","20220930132000","568","0","臺中市","大甲區","120.630","24.340","398"
"158","298128","20220930132000","139","1","臺中市","大甲區","120.620","24.340","198"
"2388","298129","20220930132000","2874","0","臺中市","大甲區","120.625","24.345","2305"
"236","298135","20220930132000","247","0","臺中市","后里區","120.715","24.295","253"
"1257","298141","20220930132000","1296","0","臺中市","后里區","120.715","24.305","1161"
"331","298142","20220930132000","367","0","臺中市","后里區","120.720","24.305","304"
"144","298151","20220930132000","468","0","臺中市","清水區","120.610","24.290","201"
"208","298155","20220930132000","141","2","臺中市","清水區","120.610","24.295","216"
"1520","298159","20220930132000","1245","2","臺中市","大甲區","120.615","24.350","1380"
"478","298177","20220930132000","483","0","臺中市","大甲區","120.605","24.325","460"
"176","298178","20220930132000","281","0","臺中市","大甲區","120.595","24.330","179"
"1613","298182","20220930132000","1084","2","臺中市","后里區","120.725","24.310","1538"
"88","298183","20220930132000","120","0","臺中市","后里區","120.730","24.305","81"
"232","298184","20220930132000","370","0","臺中市","后里區","120.730","24.310","206"
"74","298185","20220930132000","34","3","臺中市","后里區","120.735","24.315","75"
"292","298202","20220930132000","180","3","臺中市","后里區","120.700","24.285","252"
"36","298208","20220930132000","305","0","臺中市","后里區","120.675","24.290","36"
"470","298213","20220930132000","371","2","臺中市","后里區","120.700","24.290","423"
"43","298360","20220930132000","42","1","臺中市","和平區","121.280","24.305","50"
"489","298427","20220930132000","360","2","臺中市","和平區","121.295","24.315","403"
"104","298504","20220930132000","73","2","臺中市","和平區","121.310","24.325","108"
"134","298630","20220930132000","158","0","臺中市","和平區","121.310","24.335","217"
"108","298631","20220930132000","103","1","臺中市","和平區","121.315","24.335","108"
"26","298632","20220930132000","23","1","臺中市","和平區","121.320","24.335","45"
"35","298723","20220930132000","57","0","臺中市","和平區","121.310","24.345","43"
"221","298770","20220930132000","155","2","臺中市","和平區","121.310","24.350","94"
"23","298772","20220930132000","28","0","臺中市","和平區","121.320","24.350","22"
"88","298818","20220930132000","99","0","臺中市","和平區","121.315","24.355","70"
"51","298866","20220930132000","40","2","臺中市","和平區","121.315","24.360","45"
"17","298968","20220930132000","16","1","臺中市","和平區","121.340","24.370","43"
"29","299078","20220930132000","23","2","臺中市","和平區","121.265","24.285","23"
"23","299174","20220930132000","18","2","臺中市","和平區","121.275","24.295","16"
"122","299584","20220930132000","108","1","臺中市","和平區","120.905","24.290","93"
"21","299585","20220930132000","12","3","臺中市","和平區","120.910","24.290","17"
"68","299602","20220930132000","61","1","臺中市","和平區","120.930","24.295","65"
"97","299659","20220930132000","57","3","臺中市","和平區","120.940","24.300","84"
"112","299703","20220930132000","89","2","臺中市","和平區","120.940","24.310","121"
"15","299748","20220930132000","13","1","臺中市","和平區","120.965","24.320","12"
"63","299761","20220930132000","43","2","臺中市","和平區","120.930","24.325","65"
"123","299779","20220930132000","95","2","臺中市","和平區","120.925","24.325","119"
"89","299781","20220930132000","235","0","臺中市","和平區","120.935","24.325","82"
"22","299796","20220930132000","23","0","臺中市","和平區","120.920","24.330","23"
"655","299822","20220930132000","731","0","臺中市","清水區","120.565","24.290","679"
"38","299823","20220930132000","318","0","臺中市","清水區","120.560","24.295","25"
"257","299826","20220930132000","297","0","臺中市","清水區","120.600","24.280","310"
"65","299828","20220930132000","34","3","臺中市","清水區","120.610","24.280","71"
"369","299830","20220930132000","282","2","臺中市","清水區","120.600","24.285","369"
"505","299831","20220930132000","493","1","臺中市","清水區","120.575","24.285","515"
"400","299835","20220930132000","419","0","臺中市","清水區","120.575","24.300","422"
"92","299845","20220930132000","85","1","臺中市","東勢區","120.790","24.285","76"
"314","299852","20220930132000","224","2","臺中市","東勢區","120.795","24.285","332"
"11","299868","20220930132000","35","0","臺中市","東勢區","120.805","24.300","51"
"21","299869","20220930132000","184","0","臺中市","東勢區","120.810","24.300","131"
"348","299873","20220930132000","269","2","臺中市","清水區","120.555","24.280","349"
"211","299884","20220930132000","1016","0","臺中市","清水區","120.540","24.285","208"
"79","299886","20220930132000","1147","0","臺中市","清水區","120.525","24.290","73"
"39","299888","20220930132000","17","3","臺中市","清水區","120.535","24.290","44"
"278","299892","20220930132000","223","2","臺中市","清水區","120.520","24.295","293"
"819","299901","20220930132000","638","2","臺中市","清水區","120.630","24.290","865"
"159","299913","20220930132000","107","2","臺中市","清水區","120.630","24.300","165"
"92","299923","20220930132000","123","0","臺中市","清水區","120.580","24.290","101"
"559","299926","20220930132000","439","2","臺中市","清水區","120.590","24.295","598"
"18","300134","20220930132000","19","0","花蓮縣","秀林鄉","121.755","24.290","20"
"223","300263","20220930132000","202","1","花蓮縣","秀林鄉","121.755","24.300","293"
"444","300401","20220930132000","327","2","花蓮縣","秀林鄉","121.750","24.310","395"
"156","300404","20220930132000","104","3","花蓮縣","秀林鄉","121.765","24.310","158"
"37","300405","20220930132000","30","2","花蓮縣","秀林鄉","121.765","24.305","35"
"18","300719","20220930132000","26","0","花蓮縣","秀林鄉","121.675","24.335","18"
"36","300877","20220930132000","126","0","苗栗縣","三義鄉","120.740","24.365","24"
"11","300914","20220930132000","111","0","苗栗縣","三義鄉","120.765","24.340","12"
"93","300918","20220930132000","77","2","苗栗縣","三義鄉","120.750","24.345","91"
"56","300926","20220930132000","217","0","苗栗縣","三義鄉","120.745","24.350","31"
"69","300932","20220930132000","486","0","苗栗縣","三義鄉","120.735","24.355","40"
"201","300935","20220930132000","131","3","苗栗縣","三義鄉","120.750","24.355","172"
"15","300937","20220930132000","110","0","苗栗縣","三義鄉","120.760","24.355","18"
"15","300943","20220930132000","128","0","苗栗縣","三義鄉","120.770","24.355","17"
"177","300949","20220930132000","193","0","苗栗縣","三義鄉","120.780","24.360","199"
"21","300965","20220930132000","82","0","苗栗縣","三義鄉","120.795","24.370","12"
"236","300971","20220930132000","193","2","苗栗縣","卓蘭鎮","120.835","24.300","220"
"14","300972","20220930132000","18","0","苗栗縣","卓蘭鎮","120.830","24.305","14"
"23","300982","20220930132000","27","0","苗栗縣","卓蘭鎮","120.845","24.310","40"
"48","301006","20220930132000","156","0","臺中市","東勢區","120.805","24.280","37"
"31","301007","20220930132000","226","0","臺中市","東勢區","120.810","24.280","38"
"12","301013","20220930132000","12","1","苗栗縣","苑裡鎮","120.715","24.365","12"
"617","301021","20220930132000","504","2","苗栗縣","卓蘭鎮","120.830","24.310","553"
"318","301030","20220930132000","245","2","苗栗縣","卓蘭鎮","120.845","24.320","311"
"18","301060","20220930132000","222","0","苗栗縣","卓蘭鎮","120.810","24.330","30"
"447","301079","20220930132000","497","0","苗栗縣","卓蘭鎮","120.785","24.330","376"
"290","301082","20220930132000","578","0","苗栗縣","卓蘭鎮","120.825","24.330","306"
"59","301093","20220930132000","82","0","苗栗縣","卓蘭鎮","120.805","24.335","66"
"114","301097","20220930132000","45","3","苗栗縣","卓蘭鎮","120.825","24.335","90"
"27","301176","20220930132000","46","0","臺中市","和平區","121.040","24.295","22"
"15","301578","20220930132000","68","0","苗栗縣","泰安鄉","120.945","24.360","31"
"78","301582","20220930132000","59","2","苗栗縣","泰安鄉","120.965","24.360","89"
"181","301609","20220930132000","86","3","苗栗縣","泰安鄉","120.960","24.370","175"
"26","301626","20220930132000","166","0","苗栗縣","卓蘭鎮","120.845","24.295","28"
"88","301629","20220930132000","113","0","苗栗縣","卓蘭鎮","120.860","24.295","95"
"12","301632","20220930132000","10","2","苗栗縣","卓蘭鎮","120.875","24.295","10"
"114","301639","20220930132000","59","3","苗栗縣","卓蘭鎮","120.840","24.300","117"
"90","301640","20220930132000","64","2","苗栗縣","卓蘭鎮","120.845","24.300","103"
"69","301669","20220930132000","47","2","苗栗縣","卓蘭鎮","120.880","24.315","74"
"173","301723","20220930132000","168","1","苗栗縣","卓蘭鎮","120.850","24.340","166"
"205","301727","20220930132000","112","3","苗栗縣","卓蘭鎮","120.870","24.340","185"
"102","301752","20220930132000","117","0","苗栗縣","卓蘭鎮","120.825","24.305","88"
"802","301756","20220930132000","669","1","苗栗縣","卓蘭鎮","120.820","24.315","797"
"1029","301757","20220930132000","797","2","苗栗縣","卓蘭鎮","120.825","24.315","1030"
"27","301775","20220930132000","77","0","苗栗縣","卓蘭鎮","120.855","24.355","28"
"66","301787","20220930132000","32","3","苗栗縣","大湖鄉","120.870","24.360","63"
"30","301810","20220930132000","155","0","苗栗縣","大湖鄉","120.825","24.345","23"
"105","301882","20220930132000","107","0","苗栗縣","大湖鄉","120.875","24.365","131"
"16","307890","20220930132000","38","0","宜蘭縣","南澳鄉","121.780","24.365","24"
"17","307940","20220930132000","33","0","宜蘭縣","南澳鄉","121.790","24.400","13"
"48","307967","20220930132000","16","3","宜蘭縣","南澳鄉","121.790","24.415","12"
"30","308048","20220930132000","20","3","宜蘭縣","南澳鄉","121.765","24.440","36"
"15","308051","20220930132000","18","0","宜蘭縣","南澳鄉","121.780","24.440","16"
"16","308125","20220930132000","34","0","宜蘭縣","南澳鄉","121.775","24.450","30"
"168","308964","20220930132000","155","1","宜蘭縣","南澳鄉","121.750","24.425","200"
"24","309060","20220930132000","30","0","宜蘭縣","南澳鄉","121.750","24.435","38"
"119","309298","20220930132000","186","0","宜蘭縣","大同鄉","121.355","24.395","169"
"406","309501","20220930132000","320","2","宜蘭縣","大同鄉","121.380","24.435","402"
"97","309740","20220930132000","80","2","宜蘭縣","蘇澳鎮","121.805","24.445","103"
"236","309750","20220930132000","252","0","宜蘭縣","蘇澳鎮","121.790","24.455","193"
"552","309853","20220930132000","519","1","臺中市","大甲區","120.640","24.410","626"
"149","309860","20220930132000","717","0","臺中市","大甲區","120.630","24.415","103"
"257","309867","20220930132000","303","0","臺中市","大甲區","120.635","24.390","331"
"126","309881","20220930132000","610","0","臺中市","大甲區","120.635","24.410","118"
"505","309883","20220930132000","527","0","臺中市","大甲區","120.640","24.415","532"
"19","309891","20220930132000","308","0","臺中市","大安區","120.600","24.370","21"
"355","309899","20220930132000","415","0","臺中市","大安區","120.605","24.385","352"
"273","309910","20220930132000","271","1","臺中市","大安區","120.600","24.395","280"
"66","309925","20220930132000","563","0","臺中市","大甲區","120.670","24.380","61"
"33","309935","20220930132000","34","0","臺中市","大甲區","120.665","24.390","34"
"91","309937","20220930132000","1263","0","臺中市","大甲區","120.660","24.395","76"
"1444","309939","20220930132000","1236","1","苗栗縣","苑裡鎮","120.665","24.400","1398"
"521","309942","20220930132000","453","1","臺中市","大甲區","120.645","24.400","632"
"1638","309947","20220930132000","1980","0","臺中市","大甲區","120.650","24.405","1688"
"1856","309948","20220930132000","1764","1","臺中市","大甲區","120.655","24.405","1892"
"187","309960","20220930132000","215","0","臺中市","大安區","120.595","24.385","143"
"45","309972","20220930132000","275","0","臺中市","大安區","120.585","24.375","48"
"398","309973","20220930132000","376","1","臺中市","大安區","120.590","24.375","373"
"30","309975","20220930132000","27","1","臺中市","大安區","120.585","24.380","38"
"66","309977","20220930132000","59","1","臺中市","大安區","120.610","24.375","50"
"687","309986","20220930132000","357","3","臺中市","大甲區","120.660","24.370","637"
"1221","310004","20220930132000","1760","0","臺中市","大甲區","120.655","24.380","1191"
"58","310009","20220930132000","951","0","臺中市","大甲區","120.650","24.390","54"
"337","310033","20220930132000","360","0","臺中市","大甲區","120.615","24.415","370"
"438","310040","20220930132000","474","0","臺中市","大甲區","120.620","24.370","433"
"15","310149","20220930132000","45","0","臺中市","和平區","121.305","24.380","17"
"47","310150","20220930132000","47","1","臺中市","和平區","121.310","24.380","55"
"60","310180","20220930132000","60","1","臺中市","和平區","121.300","24.385","53"
"68","310235","20220930132000","54","2","臺中市","和平區","121.305","24.395","63"
"57","310389","20220930132000","108","0","苗栗縣","三義鄉","120.775","24.385","62"
"231","310390","20220930132000","490","0","苗栗縣","三義鄉","120.780","24.385","221"
"370","310395","20220930132000","445","0","苗栗縣","三義鄉","120.750","24.395","339"
"445","310396","20220930132000","473","0","苗栗縣","三義鄉","120.755","24.395","449"
"13","310399","20220930132000","19","0","苗栗縣","三義鄉","120.770","24.395","25"
"2018","310412","20220930132000","1839","1","苗栗縣","三義鄉","120.760","24.405","1921"
"673","310415","20220930132000","747","0","苗栗縣","三義鄉","120.765","24.410","682"
"844","310419","20220930132000","1047","0","苗栗縣","三義鄉","120.770","24.415","864"
"516","310423","20220930132000","572","0","苗栗縣","三義鄉","120.745","24.370","569"
"50","310429","20220930132000","55","0","苗栗縣","三義鄉","120.770","24.370","43"
"41","310433","20220930132000","454","0","苗栗縣","三義鄉","120.750","24.375","38"
"250","310441","20220930132000","420","0","苗栗縣","三義鄉","120.750","24.380","198"
"516","310450","20220930132000","268","3","苗栗縣","三義鄉","120.755","24.385","412"
"37","310451","20220930132000","225","0","苗栗縣","三義鄉","120.760","24.385","23"
"397","310456","20220930132000","477","0","苗栗縣","三義鄉","120.755","24.390","381"
"157","310458","20220930132000","124","2","苗栗縣","三義鄉","120.760","24.390","151"
"39","310469","20220930132000","69","0","苗栗縣","三義鄉","120.780","24.375","53"
"514","310489","20220930132000","597","0","苗栗縣","三義鄉","120.775","24.420","564"
"131","310506","20220930132000","261","0","苗栗縣","三義鄉","120.770","24.435","151"
"63","310521","20220930132000","68","0","苗栗縣","三義鄉","120.805","24.385","64"
"55","310527","20220930132000","106","0","苗栗縣","三義鄉","120.795","24.390","54"
"145","310531","20220930132000","21","3","苗栗縣","三義鄉","120.780","24.395","14"
"43","310542","20220930132000","36","1","苗栗縣","三義鄉","120.775","24.405","35"
"220","310551","20220930132000","221","0","苗栗縣","三義鄉","120.790","24.410","209"
"35","310552","20220930132000","45","0","苗栗縣","三義鄉","120.795","24.410","27"
"175","310580","20220930132000","183","0","苗栗縣","公館鄉","120.860","24.460","172"
"24","310595","20220930132000","21","1","苗栗縣","苑裡鎮","120.660","24.430","29"
"442","310596","20220930132000","448","0","苗栗縣","苑裡鎮","120.665","24.430","385"
"39","310601","20220930132000","241","0","苗栗縣","苑裡鎮","120.710","24.375","56"
"74","310623","20220930132000","92","0","苗栗縣","苑裡鎮","120.695","24.400","78"
"461","310636","20220930132000","381","2","苗栗縣","苑裡鎮","120.660","24.440","541"
"66","310637","20220930132000","59","1","苗栗縣","苑裡鎮","120.655","24.445","59"
"27","310639","20220930132000","17","3","苗栗縣","苑裡鎮","120.665","24.445","19"
"38","310640","20220930132000","15","3","苗栗縣","通霄鎮","120.660","24.450","33"
"669","310644","20220930132000","631","1","苗栗縣","苑裡鎮","120.655","24.450","647"
"58","310647","20220930132000","65","0","苗栗縣","通霄鎮","120.660","24.455","44"
"19","310648","20220930132000","12","3","苗栗縣","苑裡鎮","120.650","24.460","20"
"19","310656","20220930132000","234","0","苗栗縣","三義鄉","120.745","24.395","29"
"33","310670","20220930132000","217","0","苗栗縣","苑裡鎮","120.715","24.410","35"
"104","310685","20220930132000","53","3","苗栗縣","苑裡鎮","120.710","24.420","89"
"45","310688","20220930132000","36","2","苗栗縣","苑裡鎮","120.660","24.435","39"
"278","310695","20220930132000","215","2","苗栗縣","苑裡鎮","120.670","24.405","262"
"239","310698","20220930132000","220","1","苗栗縣","苑裡鎮","120.690","24.410","243"
"189","310699","20220930132000","69","3","苗栗縣","苑裡鎮","120.690","24.415","177"
"49","310721","20220930132000","417","0","苗栗縣","苑裡鎮","120.645","24.435","36"
"174","310722","20220930132000","104","3","苗栗縣","苑裡鎮","120.650","24.435","178"
"468","310727","20220930132000","330","2","苗栗縣","苑裡鎮","120.635","24.445","451"
"14","310728","20220930132000","21","0","苗栗縣","苑裡鎮","120.655","24.410","20"
"409","310730","20220930132000","358","1","苗栗縣","苑裡鎮","120.655","24.415","415"
"361","310737","20220930132000","370","0","苗栗縣","苑裡鎮","120.650","24.425","346"
"10","310749","20220930132000","163","0","苗栗縣","苑裡鎮","120.685","24.435","10"
"563","310752","20220930132000","381","2","苗栗縣","苑裡鎮","120.700","24.435","515"
"45","310755","20220930132000","43","1","苗栗縣","苑裡鎮","120.680","24.440","40"
"282","310758","20220930132000","205","2","苗栗縣","苑裡鎮","120.700","24.385","277"
"239","310763","20220930132000","246","0","苗栗縣","苑裡鎮","120.695","24.395","235"
"15","310764","20220930132000","12","2","苗栗縣","苑裡鎮","120.685","24.400","18"
"30","310766","20220930132000","14","3","苗栗縣","苑裡鎮","120.685","24.405","37"
"972","310776","20220930132000","876","1","苗栗縣","大湖鄉","120.870","24.425","982"
"40","310779","20220930132000","36","1","苗栗縣","大湖鄉","120.885","24.425","30"
"299","310796","20220930132000","247","2","苗栗縣","大湖鄉","120.865","24.400","296"
"40","310800","20220930132000","37","1","苗栗縣","大湖鄉","120.855","24.405","43"
"23","310825","20220930132000","202","0","苗栗縣","大湖鄉","120.900","24.410","20"
"282","310860","20220930132000","99","3","苗栗縣","大湖鄉","120.870","24.405","324"
"20","310881","20220930132000","269","0","苗栗縣","大湖鄉","120.860","24.420","17"
"11","310888","20220930132000","142","0","苗栗縣","苑裡鎮","120.695","24.370","20"
"582","310894","20220930132000","798","0","苗栗縣","苑裡鎮","120.655","24.440","631"
"14","310899","20220930132000","22","0","苗栗縣","苑裡鎮","120.690","24.375","14"
"1099","310905","20220930132000","1176","0","苗栗縣","苑裡鎮","120.680","24.385","1165"
"119","310911","20220930132000","114","1","苗栗縣","苑裡鎮","120.660","24.410","134"
"270","310914","20220930132000","119","3","苗栗縣","苑裡鎮","120.660","24.415","313"
"69","310926","20220930132000","28","3","苗栗縣","苑裡鎮","120.720","24.395","64"
"35","310927","20220930132000","174","0","苗栗縣","苑裡鎮","120.725","24.395","24"
"23","310930","20220930132000","15","3","苗栗縣","苑裡鎮","120.715","24.400","20"
"37","310938","20220930132000","39","0","苗栗縣","苑裡鎮","120.705","24.410","29"
"31","310941","20220930132000","51","0","苗栗縣","苑裡鎮","120.675","24.400","26"
"12","310942","20220930132000","17","0","苗栗縣","苑裡鎮","120.680","24.400","18"
"48","310943","20220930132000","321","0","苗栗縣","苑裡鎮","120.675","24.405","38"
"13","310949","20220930132000","147","0","苗栗縣","苑裡鎮","120.670","24.415","14"
"21","310953","20220930132000","16","2","苗栗縣","苑裡鎮","120.670","24.425","28"
"26","310959","20220930132000","16","3","苗栗縣","苑裡鎮","120.680","24.410","30"
"278","310964","20220930132000","1087","0","苗栗縣","苑裡鎮","120.685","24.415","271"
"162","310996","20220930132000","167","0","苗栗縣","銅鑼鄉","120.810","24.465","195"
"22","310999","20220930132000","128","0","苗栗縣","銅鑼鄉","120.755","24.445","22"
"68","311009","20220930132000","84","0","苗栗縣","銅鑼鄉","120.765","24.460","83"
"968","311014","20220930132000","517","3","苗栗縣","銅鑼鄉","120.760","24.460","929"
"130","311016","20220930132000","212","0","苗栗縣","銅鑼鄉","120.770","24.465","127"
"121","311031","20220930132000","71","3","苗栗縣","銅鑼鄉","120.810","24.405","131"
"153","311073","20220930132000","89","3","苗栗縣","銅鑼鄉","120.835","24.420","153"
"366","311108","20220930132000","225","3","苗栗縣","銅鑼鄉","120.780","24.450","336"
"475","311118","20220930132000","370","2","苗栗縣","銅鑼鄉","120.780","24.465","406"
"2036","311279","20220930132000","2144","0","苗栗縣","苑裡鎮","120.650","24.440","1994"
"14","311281","20220930132000","16","0","苗栗縣","苑裡鎮","120.645","24.445","10"
"330","311283","20220930132000","307","1","苗栗縣","苑裡鎮","120.650","24.450","306"
"80","311310","20220930132000","78","1","苗栗縣","泰安鄉","120.925","24.390","72"
"35","311446","20220930132000","34","1","苗栗縣","泰安鄉","120.980","24.445","46"
"165","311474","20220930132000","128","2","苗栗縣","泰安鄉","120.935","24.420","161"
"38","311478","20220930132000","219","0","苗栗縣","泰安鄉","120.925","24.420","85"
"18","311666","20220930132000","117","0","苗栗縣","泰安鄉","120.980","24.390","18"
"55","312076","20220930132000","58","0","苗栗縣","泰安鄉","121.015","24.425","51"
"32","312522","20220930132000","118","0","苗栗縣","泰安鄉","120.925","24.440","30"
"181","312590","20220930132000","123","2","苗栗縣","通霄鎮","120.735","24.410","137"
"186","312624","20220930132000","181","1","苗栗縣","通霄鎮","120.680","24.455","241"
"70","312636","20220930132000","72","0","苗栗縣","通霄鎮","120.690","24.465","60"
"93","312656","20220930132000","138","0","苗栗縣","通霄鎮","120.745","24.440","51"
"151","312664","20220930132000","79","3","苗栗縣","通霄鎮","120.725","24.450","152"
"15","312666","20220930132000","13","1","苗栗縣","通霄鎮","120.735","24.450","15"
"75","312668","20220930132000","117","0","苗栗縣","通霄鎮","120.720","24.425","70"
"83","312670","20220930132000","236","0","苗栗縣","通霄鎮","120.720","24.430","81"
"281","312677","20220930132000","210","2","苗栗縣","通霄鎮","120.715","24.440","275"
"174","312691","20220930132000","233","0","苗栗縣","通霄鎮","120.700","24.455","173"
"48","312717","20220930132000","29","3","苗栗縣","通霄鎮","120.730","24.460","46"
"105","312744","20220930132000","86","2","苗栗縣","大湖鄉","120.865","24.430","95"
"24","312752","20220930132000","264","0","苗栗縣","大湖鄉","120.865","24.435","29"
"187","312778","20220930132000","165","1","苗栗縣","大湖鄉","120.905","24.445","162"
"102","312782","20220930132000","96","1","苗栗縣","大湖鄉","120.880","24.450","115"
"253","312784","20220930132000","262","0","苗栗縣","大湖鄉","120.875","24.455","279"
"62","312785","20220930132000","976","0","苗栗縣","大湖鄉","120.865","24.420","72"
"207","312798","20220930132000","248","0","苗栗縣","大湖鄉","120.900","24.375","223"
"11","312821","20220930132000","244","0","苗栗縣","大湖鄉","120.835","24.370","13"
"564","312833","20220930132000","412","2","苗栗縣","三義鄉","120.820","24.380","524"
"159","312851","20220930132000","113","2","苗栗縣","大湖鄉","120.865","24.375","168"
"53","312863","20220930132000","216","0","苗栗縣","大湖鄉","120.850","24.385","61"
"51","317431","20220930132000","108","0","宜蘭縣","蘇澳鎮","121.845","24.520","70"
"558","319889","20220930132000","448","2","宜蘭縣","南澳鄉","121.800","24.465","585"
"483","319890","20220930132000","524","0","宜蘭縣","蘇澳鎮","121.805","24.465","504"
"121","319894","20220930132000","108","1","宜蘭縣","南澳鄉","121.810","24.470","97"
"203","320020","20220930132000","128","3","宜蘭縣","蘇澳鎮","121.830","24.515","254"
"23","320043","20220930132000","25","0","宜蘭縣","南澳鄉","121.830","24.530","24"
"43","320054","20220930132000","58","0","宜蘭縣","南澳鄉","121.835","24.535","61"
"217","320197","20220930132000","152","2","宜蘭縣","南澳鄉","121.790","24.470","205"
"10","320298","20220930132000","14","0","宜蘭縣","南澳鄉","121.785","24.460","11"
"110","320807","20220930132000","75","2","宜蘭縣","大同鄉","121.430","24.485","106"
"192","320829","20220930132000","159","2","宜蘭縣","大同鄉","121.430","24.490","198"
"113","321164","20220930132000","144","0","宜蘭縣","南澳鄉","121.535","24.495","141"
"436","321192","20220930132000","297","2","宜蘭縣","大同鄉","121.530","24.500","490"
"90","321195","20220930132000","105","0","宜蘭縣","大同鄉","121.545","24.500","109"
"124","321219","20220930132000","101","2","宜蘭縣","大同鄉","121.530","24.505","168"
"178","321263","20220930132000","80","3","宜蘭縣","南澳鄉","121.610","24.505","207"
"17","321421","20220930132000","57","0","宜蘭縣","大同鄉","121.505","24.545","25"
"23","321422","20220930132000","15","3","宜蘭縣","大同鄉","121.510","24.545","22"
"111","321699","20220930132000","91","2","宜蘭縣","大同鄉","121.450","24.530","91"
"352","321823","20220930132000","268","2","宜蘭縣","蘇澳鎮","121.840","24.485","343"
"40","321846","20220930132000","40","1","宜蘭縣","蘇澳鎮","121.835","24.510","59"
"219","321850","20220930132000","158","2","宜蘭縣","蘇澳鎮","121.835","24.520","205"
"12","321871","20220930132000","22","0","宜蘭縣","蘇澳鎮","121.870","24.535","11"
"180","321880","20220930132000","106","3","宜蘭縣","蘇澳鎮","121.820","24.460","207"
"31","321882","20220930132000","39","0","宜蘭縣","蘇澳鎮","121.820","24.465","37"
"92","321898","20220930132000","86","1","宜蘭縣","蘇澳鎮","121.825","24.485","74"
"75","322586","20220930132000","85","0","新竹縣","五峰鄉","121.090","24.500","56"
"86","322590","20220930132000","104","0","新竹縣","五峰鄉","121.075","24.505","85"
"97","322609","20220930132000","124","0","新竹縣","五峰鄉","121.115","24.510","85"
"69","322716","20220930132000","109","0","新竹縣","五峰鄉","121.110","24.525","61"
"84","322717","20220930132000","60","2","新竹縣","五峰鄉","121.115","24.525","84"
"12","322744","20220930132000","28","0","新竹縣","五峰鄉","121.125","24.530","13"
"66","322792","20220930132000","144","0","新竹縣","五峰鄉","121.125","24.540","74"
"53","322897","20220930132000","50","1","新竹縣","五峰鄉","121.130","24.560","42"
"85","322913","20220930132000","324","0","苗栗縣","公館鄉","120.820","24.495","55"
"24","322918","20220930132000","199","0","苗栗縣","公館鄉","120.815","24.510","26"
"176","322920","20220930132000","219","0","苗栗縣","公館鄉","120.815","24.515","164"
"374","322921","20220930132000","302","2","苗栗縣","銅鑼鄉","120.810","24.515","303"
"191","322933","20220930132000","185","1","苗栗縣","公館鄉","120.835","24.510","211"
"13","322937","20220930132000","78","0","苗栗縣","公館鄉","120.835","24.520","16"
"312","322941","20220930132000","270","1","苗栗縣","公館鄉","120.835","24.530","225"
"15","322961","20220930132000","101","0","苗栗縣","公館鄉","120.850","24.530","11"
"55","322992","20220930132000","94","0","苗栗縣","公館鄉","120.890","24.540","38"
"133","323065","20220930132000","113","1","苗栗縣","公館鄉","120.835","24.500","128"
"17","323076","20220930132000","18","0","苗栗縣","公館鄉","120.835","24.540","15"
"136","323078","20220930132000","142","0","苗栗縣","公館鄉","120.835","24.545","114"
"900","323086","20220930132000","728","2","苗栗縣","公館鄉","120.825","24.510","872"
"81","323090","20220930132000","696","0","苗栗縣","公館鄉","120.820","24.515","73"
"182","323092","20220930132000","300","0","苗栗縣","公館鄉","120.825","24.520","173"
"74","323094","20220930132000","393","0","苗栗縣","公館鄉","120.825","24.465","80"
"152","323105","20220930132000","187","0","苗栗縣","公館鄉","120.835","24.465","151"
"63","323120","20220930132000","80","0","苗栗縣","公館鄉","120.855","24.475","62"
"418","323126","20220930132000","348","2","苗栗縣","公館鄉","120.825","24.475","447"
"384","323131","20220930132000","383","1","苗栗縣","公館鄉","120.820","24.480","422"
"40","323137","20220930132000","408","0","苗栗縣","公館鄉","120.830","24.485","34"
"452","323139","20220930132000","556","0","苗栗縣","公館鄉","120.825","24.500","466"
"557","323140","20220930132000","594","0","苗栗縣","公館鄉","120.825","24.505","605"
"934","323143","20220930132000","1071","0","苗栗縣","公館鄉","120.820","24.500","912"
"34","323150","20220930132000","235","0","苗栗縣","公館鄉","120.830","24.530","32"
"25","323152","20220930132000","176","0","苗栗縣","公館鄉","120.830","24.535","189"
"758","323159","20220930132000","486","3","苗栗縣","公館鄉","120.825","24.530","706"
"212","323161","20220930132000","160","2","苗栗縣","苗栗市","120.835","24.555","232"
"729","323164","20220930132000","1208","0","苗栗縣","苗栗市","120.820","24.560","784"
"17","323168","20220930132000","66","0","苗栗縣","通霄鎮","120.705","24.540","18"
"206","323174","20220930132000","244","0","苗栗縣","通霄鎮","120.700","24.550","196"
"205","323187","20220930132000","259","0","苗栗縣","通霄鎮","120.695","24.475","219"
"29","323189","20220930132000","363","0","苗栗縣","通霄鎮","120.685","24.480","22"
"110","323210","20220930132000","67","3","苗栗縣","通霄鎮","120.730","24.490","80"
"21","323218","20220930132000","56","0","苗栗縣","通霄鎮","120.740","24.495","20"
"19","323221","20220930132000","21","0","苗栗縣","通霄鎮","120.750","24.485","10"
"26","323223","20220930132000","15","3","苗栗縣","通霄鎮","120.760","24.485","22"
"89","323237","20220930132000","95","0","苗栗縣","通霄鎮","120.720","24.505","100"
"87","323242","20220930132000","67","2","苗栗縣","通霄鎮","120.740","24.505","73"
"150","323248","20220930132000","178","0","苗栗縣","通霄鎮","120.730","24.510","187"
"30","323299","20220930132000","30","1","苗栗縣","南庄鄉","120.960","24.520","39"
"34","323333","20220930132000","98","0","苗栗縣","南庄鄉","120.965","24.535","33"
"22","323356","20220930132000","148","0","苗栗縣","南庄鄉","120.970","24.545","22"
"3158","323391","20220930132000","2398","2","苗栗縣","苗栗市","120.825","24.555","3183"
"15","323392","20220930132000","24","0","苗栗縣","苗栗市","120.820","24.540","25"
"694","323394","20220930132000","518","2","苗栗縣","苗栗市","120.825","24.545","715"
"152","323395","20220930132000","1916","0","苗栗縣","苗栗市","120.815","24.550","782"
"77","323396","20220930132000","99","0","苗栗縣","苗栗市","120.820","24.550","86"
"1664","323397","20220930132000","1736","0","苗栗縣","苗栗市","120.815","24.555","1704"
"487","323400","20220930132000","418","1","苗栗縣","苗栗市","120.820","24.555","480"
"518","323402","20220930132000","527","0","苗栗縣","苗栗市","120.830","24.555","488"
"462","323403","20220930132000","311","2","苗栗縣","苗栗市","120.825","24.565","444"
"13","323405","20220930132000","36","0","苗栗縣","苗栗市","120.790","24.525","13"
"267","323411","20220930132000","297","0","苗栗縣","苗栗市","120.785","24.535","271"
"239","323412","20220930132000","258","0","苗栗縣","苗栗市","120.790","24.535","237"
"229","323414","20220930132000","91","3","苗栗縣","苗栗市","120.800","24.535","231"
"31","323530","20220930132000","56","0","苗栗縣","南庄鄉","121.025","24.535","65"
"65","323545","20220930132000","66","0","苗栗縣","南庄鄉","121.030","24.540","48"
"112","323601","20220930132000","61","3","苗栗縣","頭屋鄉","120.855","24.555","99"
"41","323631","20220930132000","43","0","苗栗縣","頭屋鄉","120.870","24.560","37"
"15","323651","20220930132000","59","0","苗栗縣","通霄鎮","120.760","24.480","12"
"153","323661","20220930132000","176","0","苗栗縣","銅鑼鄉","120.775","24.495","174"
"22","323663","20220930132000","45","0","苗栗縣","西湖鄉","120.770","24.500","27"
"16","323666","20220930132000","84","0","苗栗縣","銅鑼鄉","120.780","24.505","16"
"205","323674","20220930132000","238","0","苗栗縣","銅鑼鄉","120.790","24.470","287"
"550","323678","20220930132000","392","2","苗栗縣","銅鑼鄉","120.790","24.475","503"
"85","323679","20220930132000","108","0","苗栗縣","銅鑼鄉","120.795","24.475","74"
"407","323682","20220930132000","411","0","苗栗縣","銅鑼鄉","120.785","24.480","408"
"722","323683","20220930132000","683","1","苗栗縣","銅鑼鄉","120.790","24.480","762"
"256","323685","20220930132000","445","0","苗栗縣","銅鑼鄉","120.785","24.485","274"
"1082","323686","20220930132000","1172","0","苗栗縣","銅鑼鄉","120.785","24.490","1019"
"86","323691","20220930132000","106","0","苗栗縣","通霄鎮","120.725","24.520","95"
"12","323700","20220930132000","74","0","苗栗縣","通霄鎮","120.735","24.525","12"
"21","323727","20220930132000","103","0","苗栗縣","通霄鎮","120.675","24.485","35"
"1365","323728","20220930132000","867","3","苗栗縣","苗栗市","120.810","24.545","1269"
"74","323734","20220930132000","59","2","苗栗縣","西湖鄉","120.790","24.550","71"
"164","323738","20220930132000","186","0","苗栗縣","苗栗市","120.795","24.555","159"
"280","323740","20220930132000","245","1","苗栗縣","苗栗市","120.805","24.555","260"
"197","323743","20220930132000","223","0","苗栗縣","苗栗市","120.800","24.560","210"
"161","323744","20220930132000","268","0","苗栗縣","苗栗市","120.805","24.560","182"
"505","323747","20220930132000","456","1","苗栗縣","苗栗市","120.815","24.530","499"
"1096","323751","20220930132000","1303","0","苗栗縣","苗栗市","120.815","24.540","1087"
"191","323752","20220930132000","148","2","苗栗縣","苗栗市","120.805","24.545","197"
"33","323753","20220930132000","45","0","苗栗縣","苗栗市","120.805","24.550","35"
"89","323763","20220930132000","265","0","苗栗縣","西湖鄉","120.730","24.555","78"
"116","323770","20220930132000","148","0","苗栗縣","西湖鄉","120.745","24.555","106"
"107","323782","20220930132000","71","3","苗栗縣","西湖鄉","120.765","24.520","115"
"166","323800","20220930132000","141","1","苗栗縣","西湖鄉","120.785","24.525","160"
"80","323808","20220930132000","42","3","苗栗縣","西湖鄉","120.745","24.525","88"
"147","323810","20220930132000","119","2","苗栗縣","西湖鄉","120.740","24.530","145"
"36","323815","20220930132000","43","0","苗栗縣","西湖鄉","120.750","24.535","40"
"174","323828","20220930132000","121","2","苗栗縣","通霄鎮","120.680","24.500","178"
"217","323830","20220930132000","226","0","苗栗縣","通霄鎮","120.690","24.500","188"
"33","323838","20220930132000","32","1","苗栗縣","通霄鎮","120.690","24.510","31"
"173","323845","20220930132000","202","0","苗栗縣","通霄鎮","120.695","24.515","187"
"87","323854","20220930132000","95","0","苗栗縣","通霄鎮","120.695","24.530","86"
"326","323864","20220930132000","85","3","苗栗縣","通霄鎮","120.675","24.490","308"
"1821","323865","20220930132000","1644","1","苗栗縣","通霄鎮","120.680","24.490","1796"
"1252","323876","20220930132000","1115","1","苗栗縣","銅鑼鄉","120.800","24.490","1343"
"474","323879","20220930132000","521","0","苗栗縣","銅鑼鄉","120.800","24.495","469"
"209","323881","20220930132000","173","2","苗栗縣","銅鑼鄉","120.810","24.495","231"
"17","323884","20220930132000","162","0","苗栗縣","銅鑼鄉","120.805","24.500","14"
"76","323896","20220930132000","82","0","苗栗縣","銅鑼鄉","120.810","24.520","79"
"541","323898","20220930132000","528","1","苗栗縣","銅鑼鄉","120.760","24.465","556"
"132","323899","20220930132000","190","0","苗栗縣","銅鑼鄉","120.765","24.465","127"
"141","323913","20220930132000","201","0","苗栗縣","銅鑼鄉","120.790","24.485","155"
"623","323918","20220930132000","284","3","苗栗縣","銅鑼鄉","120.790","24.505","550"
"106","323920","20220930132000","58","3","苗栗縣","銅鑼鄉","120.785","24.510","90"
"397","323923","20220930132000","407","0","苗栗縣","西湖鄉","120.785","24.515","376"
"86","323948","20220930132000","75","1","苗栗縣","泰安鄉","120.950","24.465","93"
"88","323952","20220930132000","123","0","苗栗縣","泰安鄉","120.970","24.465","96"
"140","323970","20220930132000","114","2","苗栗縣","泰安鄉","120.945","24.470","140"
"54","323976","20220930132000","55","0","苗栗縣","泰安鄉","120.975","24.470","49"
"18","323977","20220930132000","15","2","苗栗縣","泰安鄉","120.980","24.470","21"
"39","324020","20220930132000","46","0","苗栗縣","泰安鄉","120.965","24.480","22"
"24","324112","20220930132000","15","3","苗栗縣","獅潭鄉","120.910","24.505","20"
"14","324115","20220930132000","65","0","苗栗縣","獅潭鄉","120.925","24.505","18"
"59","324130","20220930132000","37","3","苗栗縣","獅潭鄉","120.910","24.510","55"
"13","324167","20220930132000","22","0","苗栗縣","獅潭鄉","120.935","24.515","13"
"409","324200","20220930132000","318","2","苗栗縣","獅潭鄉","120.920","24.540","419"
"164","324206","20220930132000","170","0","苗栗縣","獅潭鄉","120.950","24.540","162"
"99","324257","20220930132000","91","1","苗栗縣","獅潭鄉","120.935","24.555","110"
"80","324281","20220930132000","64","2","苗栗縣","獅潭鄉","120.910","24.465","61"
"17","324283","20220930132000","14","2","苗栗縣","獅潭鄉","120.870","24.470","11"
"225","324285","20220930132000","202","1","苗栗縣","獅潭鄉","120.880","24.470","211"
"34","324297","20220930132000","34","1","苗栗縣","獅潭鄉","120.915","24.475","34"
"67","324301","20220930132000","70","0","苗栗縣","獅潭鄉","120.900","24.485","62"
"53","324306","20220930132000","41","2","苗栗縣","獅潭鄉","120.900","24.490","53"
"57","324349","20220930132000","68","0","苗栗縣","泰安鄉","120.945","24.485","65"
"16","324420","20220930132000","11","2","苗栗縣","泰安鄉","121.205","24.465","19"
"66","324615","20220930132000","67","0","苗栗縣","泰安鄉","121.070","24.495","64"
"14","324700","20220930132000","12","1","苗栗縣","通霄鎮","120.700","24.505","19"
"14","324701","20220930132000","17","0","苗栗縣","通霄鎮","120.705","24.505","21"
"97","324706","20220930132000","97","1","苗栗縣","通霄鎮","120.715","24.510","82"
"86","324721","20220930132000","90","0","苗栗縣","西湖鄉","120.780","24.550","91"
"97","324736","20220930132000","68","2","苗栗縣","西湖鄉","120.755","24.495","89"
"533","324766","20220930132000","482","1","苗栗縣","西湖鄉","120.785","24.540","623"
"33","324767","20220930132000","39","0","苗栗縣","西湖鄉","120.755","24.545","39"
"115","324782","20220930132000","67","3","苗栗縣","通霄鎮","120.680","24.465","114"
"364","324784","20220930132000","408","0","苗栗縣","通霄鎮","120.665","24.470","370"
"107","324791","20220930132000","868","0","苗栗縣","通霄鎮","120.675","24.475","113"
"324","324812","20220930132000","432","0","苗栗縣","通霄鎮","120.710","24.555","311"
"53","324833","20220930132000","271","0","苗栗縣","通霄鎮","120.710","24.505","48"
"90","324850","20220930132000","123","0","苗栗縣","通霄鎮","120.715","24.480","75"
"42","324851","20220930132000","43","0","苗栗縣","通霄鎮","120.720","24.480","45"
"192","324858","20220930132000","166","1","苗栗縣","通霄鎮","120.720","24.465","191"
"147","324872","20220930132000","87","3","苗栗縣","通霄鎮","120.685","24.485","129"
"56","324877","20220930132000","607","0","苗栗縣","通霄鎮","120.690","24.495","54"
"41","324879","20220930132000","264","0","苗栗縣","通霄鎮","120.695","24.500","31"
"98","328071","20220930132000","94","1","宜蘭縣","蘇澳鎮","121.860","24.600","95"
"204","328073","20220930132000","224","0","宜蘭縣","蘇澳鎮","121.870","24.600","102"
"604","328074","20220930132000","387","3","宜蘭縣","蘇澳鎮","121.880","24.600","202"
"70","328390","20220930132000","65","1","宜蘭縣","蘇澳鎮","121.880","24.605","58"
"275","331880","20220930132000","273","1","宜蘭縣","冬山鄉","121.750","24.645","295"
"54","331921","20220930132000","24","3","宜蘭縣","南澳鄉","121.805","24.555","42"
"71","332040","20220930132000","26","3","宜蘭縣","南澳鄉","121.750","24.605","29"
"1893","332115","20220930132000","1609","1","宜蘭縣","蘇澳鎮","121.865","24.580","2102"
"325","332120","20220930132000","183","3","宜蘭縣","冬山鄉","121.815","24.630","334"
"887","332122","20220930132000","810","1","宜蘭縣","冬山鄉","121.810","24.630","1016"
"872","332124","20220930132000","357","3","宜蘭縣","冬山鄉","121.820","24.630","538"
"341","332146","20220930132000","298","1","宜蘭縣","冬山鄉","121.710","24.635","301"
"451","332186","20220930132000","375","2","宜蘭縣","冬山鄉","121.770","24.630","425"
"372","332216","20220930132000","565","0","宜蘭縣","冬山鄉","121.785","24.625","381"
"192","332233","20220930132000","318","0","宜蘭縣","冬山鄉","121.730","24.650","181"
"296","332244","20220930132000","219","2","宜蘭縣","冬山鄉","121.805","24.625","261"
"14","332272","20220930132000","16","0","宜蘭縣","大同鄉","121.500","24.555","14"
"89","332340","20220930132000","71","2","宜蘭縣","大同鄉","121.495","24.570","40"
"102","332362","20220930132000","90","1","宜蘭縣","大同鄉","121.480","24.575","105"
"96","332385","20220930132000","90","1","宜蘭縣","大同鄉","121.495","24.580","115"
"13","332698","20220930132000","44","0","宜蘭縣","大同鄉","121.685","24.610","16"
"164","332699","20220930132000","108","3","宜蘭縣","大同鄉","121.690","24.610","210"
"26","332745","20220930132000","109","0","宜蘭縣","大同鄉","121.685","24.625","18"
"139","332848","20220930132000","192","0","宜蘭縣","大同鄉","121.635","24.615","177"
"12","332886","20220930132000","11","1","宜蘭縣","大同鄉","121.590","24.630","15"
"80","332889","20220930132000","137","0","宜蘭縣","大同鄉","121.605","24.630","65"
"21","332899","20220930132000","14","3","宜蘭縣","三星鄉","121.605","24.635","23"
"108","332902","20220930132000","119","0","宜蘭縣","大同鄉","121.560","24.640","124"
"105","333040","20220930132000","160","0","宜蘭縣","大同鄉","121.530","24.595","84"
"52","333099","20220930132000","30","3","宜蘭縣","大同鄉","121.435","24.590","35"
"51","333114","20220930132000","53","0","宜蘭縣","大同鄉","121.440","24.595","71"
"11","333151","20220930132000","14","0","宜蘭縣","大同鄉","121.500","24.600","12"
"130","333282","20220930132000","100","2","宜蘭縣","大同鄉","121.525","24.630","96"
"46","333296","20220930132000","103","0","宜蘭縣","大同鄉","121.490","24.635","73"
"44","333369","20220930132000","56","0","宜蘭縣","大同鄉","121.475","24.650","21"
"66","333370","20220930132000","40","3","宜蘭縣","大同鄉","121.480","24.650","78"
"258","333450","20220930132000","481","0","宜蘭縣","蘇澳鎮","121.870","24.580","313"
"673","333451","20220930132000","655","1","宜蘭縣","蘇澳鎮","121.875","24.580","629"
"1096","333457","20220930132000","865","2","宜蘭縣","蘇澳鎮","121.855","24.595","1108"
"175","333458","20220930132000","137","2","宜蘭縣","蘇澳鎮","121.875","24.600","130"
"16","333460","20220930132000","18","0","宜蘭縣","蘇澳鎮","121.860","24.605","17"
"83","333462","20220930132000","47","3","宜蘭縣","蘇澳鎮","121.870","24.605","88"
"30","333463","20220930132000","59","0","宜蘭縣","蘇澳鎮","121.875","24.605","17"
"387","333474","20220930132000","368","1","宜蘭縣","蘇澳鎮","121.835","24.590","389"
"876","333478","20220930132000","864","1","宜蘭縣","蘇澳鎮","121.835","24.595","903"
"285","333479","20220930132000","488","0","宜蘭縣","蘇澳鎮","121.840","24.595","390"
"178","333488","20220930132000","126","2","宜蘭縣","蘇澳鎮","121.835","24.605","173"
"94","333492","20220930132000","38","3","宜蘭縣","蘇澳鎮","121.830","24.610","87"
"1130","333495","20220930132000","925","2","宜蘭縣","蘇澳鎮","121.830","24.615","1009"
"1378","333504","20220930132000","1179","1","宜蘭縣","五結鄉","121.835","24.650","1398"
"255","333511","20220930132000","201","2","宜蘭縣","冬山鄉","121.795","24.640","252"
"21","333515","20220930132000","29","0","宜蘭縣","冬山鄉","121.780","24.650","24"
"203","333516","20220930132000","116","3","宜蘭縣","冬山鄉","121.785","24.650","222"
"591","333519","20220930132000","504","1","宜蘭縣","蘇澳鎮","121.835","24.620","547"
"1125","333520","20220930132000","1031","1","宜蘭縣","蘇澳鎮","121.840","24.620","1086"
"101","333521","20220930132000","80","2","宜蘭縣","蘇澳鎮","121.845","24.620","89"
"428","333522","20220930132000","382","1","宜蘭縣","蘇澳鎮","121.835","24.625","373"
"80","333545","20220930132000","71","1","宜蘭縣","蘇澳鎮","121.845","24.565","100"
"111","333557","20220930132000","95","1","宜蘭縣","蘇澳鎮","121.840","24.575","115"
"53","333558","20220930132000","31","3","宜蘭縣","蘇澳鎮","121.845","24.575","50"
"217","333564","20220930132000","436","0","宜蘭縣","蘇澳鎮","121.855","24.605","171"
"90","333566","20220930132000","105","0","宜蘭縣","蘇澳鎮","121.850","24.610","84"
"667","333569","20220930132000","549","2","宜蘭縣","蘇澳鎮","121.850","24.615","607"
"526","333653","20220930132000","560","0","宜蘭縣","三星鄉","121.615","24.650","539"
"402","333661","20220930132000","392","1","宜蘭縣","冬山鄉","121.805","24.640","430"
"12","333693","20220930132000","12","1","宜蘭縣","蘇澳鎮","121.865","24.570","12"
"194","333695","20220930132000","142","2","宜蘭縣","蘇澳鎮","121.850","24.575","201"
"69","333704","20220930132000","24","3","宜蘭縣","蘇澳鎮","121.845","24.580","81"
"15","333737","20220930132000","329","0","宜蘭縣","蘇澳鎮","121.815","24.610","20"
"229","333739","20220930132000","389","0","宜蘭縣","蘇澳鎮","121.815","24.615","233"
"89","333741","20220930132000","91","0","宜蘭縣","蘇澳鎮","121.825","24.615","88"
"979","333742","20220930132000","777","2","宜蘭縣","蘇澳鎮","121.815","24.620","901"
"786","333751","20220930132000","671","1","宜蘭縣","冬山鄉","121.765","24.650","780"
"140","333753","20220930132000","287","0","宜蘭縣","冬山鄉","121.795","24.630","184"
"469","333754","20220930132000","542","0","宜蘭縣","冬山鄉","121.800","24.630","518"
"73","333764","20220930132000","57","2","宜蘭縣","冬山鄉","121.725","24.625","50"
"122","333769","20220930132000","88","2","宜蘭縣","冬山鄉","121.750","24.625","81"
"34","333770","20220930132000","37","0","宜蘭縣","冬山鄉","121.760","24.625","43"
"12","333774","20220930132000","83","0","宜蘭縣","冬山鄉","121.740","24.630","20"
"414","333781","20220930132000","307","2","宜蘭縣","冬山鄉","121.750","24.635","401"
"151","333789","20220930132000","124","2","宜蘭縣","冬山鄉","121.765","24.640","176"
"60","333791","20220930132000","65","0","宜蘭縣","冬山鄉","121.760","24.645","66"
"1011","333802","20220930132000","836","2","宜蘭縣","冬山鄉","121.790","24.635","1038"
"1266","333804","20220930132000","959","2","宜蘭縣","冬山鄉","121.795","24.635","1318"
"36","333808","20220930132000","19","3","宜蘭縣","蘇澳鎮","121.845","24.635","39"
"1067","333809","20220930132000","564","3","宜蘭縣","蘇澳鎮","121.835","24.640","1034"
"149","333810","20220930132000","194","0","宜蘭縣","蘇澳鎮","121.840","24.640","135"
"1461","333814","20220930132000","1101","2","宜蘭縣","蘇澳鎮","121.830","24.630","1194"
"514","333818","20220930132000","377","2","宜蘭縣","蘇澳鎮","121.830","24.640","504"
"448","333821","20220930132000","455","0","宜蘭縣","蘇澳鎮","121.830","24.645","454"
"30","333893","20220930132000","20","3","新竹縣","北埔鄉","121.065","24.645","24"
"158","333899","20220930132000","148","1","新竹縣","竹東鎮","121.095","24.645","156"
"13","334058","20220930132000","17","0","新竹縣","尖石鄉","121.365","24.575","14"
"154","334213","20220930132000","109","2","新竹縣","尖石鄉","121.340","24.650","142"
"215","334309","20220930132000","159","2","新竹縣","尖石鄉","121.310","24.570","141"
"11","334359","20220930132000","66","0","新竹縣","尖石鄉","121.270","24.580","19"
"78","334366","20220930132000","57","2","新竹縣","尖石鄉","121.305","24.580","113"
"51","334372","20220930132000","42","2","新竹縣","尖石鄉","121.335","24.580","66"
"32","334487","20220930132000","64","0","新竹縣","尖石鄉","121.290","24.605","41"
"186","334532","20220930132000","228","0","新竹縣","尖石鄉","121.295","24.610","236"
"55","334547","20220930132000","86","0","新竹縣","尖石鄉","121.285","24.615","61"
"114","334623","20220930132000","50","3","新竹縣","尖石鄉","121.275","24.640","110"
"91","334698","20220930132000","124","0","新竹縣","峨眉鄉","121.025","24.655","92"
"171","334725","20220930132000","188","0","宜蘭縣","蘇澳鎮","121.850","24.590","161"
"934","334726","20220930132000","956","0","宜蘭縣","蘇澳鎮","121.845","24.595","908"
"45","334737","20220930132000","71","0","新竹縣","五峰鄉","121.090","24.605","59"
"105","334763","20220930132000","18","3","新竹縣","五峰鄉","121.105","24.615","61"
"42","334770","20220930132000","47","0","新竹縣","五峰鄉","121.085","24.625","31"
"239","334783","20220930132000","220","1","新竹縣","五峰鄉","121.120","24.630","247"
"372","334790","20220930132000","517","0","新竹縣","五峰鄉","121.100","24.640","388"
"50","334829","20220930132000","28","3","新竹縣","五峰鄉","121.090","24.565","33"
"14","334833","20220930132000","19","0","新竹縣","五峰鄉","121.110","24.565","15"
"10","334853","20220930132000","20","0","新竹縣","五峰鄉","121.085","24.575","10"
"48","334864","20220930132000","43","1","新竹縣","五峰鄉","121.085","24.580","12"
"141","334868","20220930132000","151","0","新竹縣","五峰鄉","121.105","24.580","140"
"22","334869","20220930132000","47","0","新竹縣","五峰鄉","121.110","24.580","19"
"71","334891","20220930132000","72","0","新竹縣","五峰鄉","121.115","24.590","65"
"198","334969","20220930132000","112","3","新竹縣","五峰鄉","121.125","24.590","92"
"61","335076","20220930132000","47","2","新竹縣","五峰鄉","121.155","24.610","55"
"80","335109","20220930132000","61","2","新竹縣","五峰鄉","121.110","24.620","75"
"20","335134","20220930132000","23","0","新竹縣","五峰鄉","121.145","24.625","26"
"64","335187","20220930132000","89","0","新竹縣","五峰鄉","121.150","24.645","58"
"98","335195","20220930132000","96","1","新竹縣","竹東鎮","121.125","24.650","94"
"50","335200","20220930132000","57","0","新竹縣","五峰鄉","121.150","24.650","45"
"84","335230","20220930132000","104","0","新竹縣","五峰鄉","121.180","24.655","96"
"160","335366","20220930132000","173","0","桃園市","復興區","121.400","24.640","185"
"32","335480","20220930132000","37","0","苗栗縣","三灣鄉","120.960","24.610","42"
"14","335488","20220930132000","75","0","苗栗縣","三灣鄉","120.950","24.615","10"
"156","335520","20220930132000","91","3","苗栗縣","三灣鄉","120.925","24.640","148"
"369","335553","20220930132000","314","1","苗栗縣","三灣鄉","121.005","24.645","357"
"206","335569","20220930132000","853","0","苗栗縣","三灣鄉","120.955","24.650","199"
"84","335581","20220930132000","48","3","苗栗縣","三灣鄉","120.945","24.655","117"
"140","335594","20220930132000","103","2","苗栗縣","三灣鄉","120.975","24.645","144"
"149","335619","20220930132000","116","2","苗栗縣","三灣鄉","120.905","24.625","147"
"386","335630","20220930132000","223","3","苗栗縣","後龍鎮","120.770","24.615","384"
"124","335632","20220930132000","82","3","苗栗縣","後龍鎮","120.765","24.620","111"
"891","335635","20220930132000","883","1","苗栗縣","後龍鎮","120.780","24.620","885"
"54","335639","20220930132000","751","0","苗栗縣","後龍鎮","120.780","24.625","54"
"276","335647","20220930132000","364","0","苗栗縣","苗栗市","120.830","24.560","289"
"567","335648","20220930132000","316","3","苗栗縣","苗栗市","120.835","24.560","607"
"583","335652","20220930132000","515","1","苗栗縣","苗栗市","120.825","24.585","612"
"368","335655","20220930132000","354","1","苗栗縣","苗栗市","120.815","24.595","416"
"551","335657","20220930132000","404","2","苗栗縣","苗栗市","120.825","24.595","501"
"686","335658","20220930132000","351","3","苗栗縣","苗栗市","120.825","24.575","674"
"428","335660","20220930132000","1001","0","苗栗縣","苗栗市","120.825","24.580","430"
"170","335662","20220930132000","169","1","苗栗縣","苗栗市","120.810","24.560","176"
"2433","335663","20220930132000","2704","0","苗栗縣","苗栗市","120.815","24.560","2390"
"11","335664","20220930132000","171","0","苗栗縣","苗栗市","120.805","24.565","11"
"216","335666","20220930132000","350","0","苗栗縣","通霄鎮","120.715","24.560","218"
"81","335669","20220930132000","70","1","苗栗縣","通霄鎮","120.715","24.565","83"
"35","335671","20220930132000","666","0","苗栗縣","通霄鎮","120.710","24.570","33"
"156","335675","20220930132000","219","0","苗栗縣","通霄鎮","120.710","24.565","185"
"158","335689","20220930132000","156","1","苗栗縣","南庄鄉","121.005","24.615","154"
"142","335701","20220930132000","103","2","苗栗縣","南庄鄉","121.010","24.635","130"
"2524","335706","20220930132000","2152","1","苗栗縣","苗栗市","120.820","24.565","2485"
"121","335707","20220930132000","1025","0","苗栗縣","苗栗市","120.820","24.570","122"
"701","335708","20220930132000","692","1","苗栗縣","苗栗市","120.820","24.575","726"
"22","335716","20220930132000","168","0","苗栗縣","後龍鎮","120.770","24.650","19"
"458","335717","20220930132000","357","2","苗栗縣","後龍鎮","120.775","24.650","432"
"42","335748","20220930132000","248","0","苗栗縣","南庄鄉","120.985","24.635","23"
"672","335753","20220930132000","473","2","苗栗縣","苗栗市","120.830","24.575","691"
"188","335754","20220930132000","126","2","苗栗縣","苗栗市","120.830","24.580","171"
"106","335762","20220930132000","1617","0","苗栗縣","苗栗市","120.830","24.570","113"
"840","335763","20220930132000","680","2","苗栗縣","苗栗市","120.835","24.570","828"
"69","335766","20220930132000","196","0","苗栗縣","苗栗市","120.840","24.575","63"
"27","335767","20220930132000","257","0","苗栗縣","苗栗市","120.835","24.580","25"
"43","335776","20220930132000","223","0","苗栗縣","頭屋鄉","120.845","24.595","49"
"73","335787","20220930132000","45","3","苗栗縣","頭屋鄉","120.860","24.570","82"
"39","335795","20220930132000","164","0","苗栗縣","頭屋鄉","120.855","24.580","33"
"138","335796","20220930132000","122","1","苗栗縣","頭屋鄉","120.860","24.580","132"
"44","335799","20220930132000","295","0","苗栗縣","頭屋鄉","120.875","24.580","43"
"100","335801","20220930132000","298","0","苗栗縣","頭屋鄉","120.850","24.570","88"
"20","335802","20220930132000","77","0","苗栗縣","頭屋鄉","120.855","24.570","20"
"212","335804","20220930132000","369","0","苗栗縣","頭屋鄉","120.850","24.575","236"
"137","335805","20220930132000","370","0","苗栗縣","頭屋鄉","120.855","24.575","105"
"153","335817","20220930132000","149","1","苗栗縣","後龍鎮","120.730","24.590","126"
"211","335832","20220930132000","175","2","苗栗縣","後龍鎮","120.735","24.605","173"
"18","335861","20220930132000","22","0","苗栗縣","南庄鄉","121.000","24.560","14"
"17","335881","20220930132000","122","0","苗栗縣","南庄鄉","120.985","24.570","23"
"26","335884","20220930132000","30","0","苗栗縣","南庄鄉","121.000","24.570","60"
"21","335915","20220930132000","191","0","苗栗縣","南庄鄉","120.995","24.585","22"
"25","335931","20220930132000","194","0","苗栗縣","南庄鄉","121.015","24.595","25"
"492","335948","20220930132000","420","1","苗栗縣","南庄鄉","120.955","24.640","479"
"927","335954","20220930132000","846","1","苗栗縣","南庄鄉","121.000","24.600","739"
"443","335959","20220930132000","477","0","苗栗縣","南庄鄉","121.000","24.605","433"
"42","336014","20220930132000","64","0","苗栗縣","南庄鄉","121.035","24.585","49"
"31","336050","20220930132000","93","0","苗栗縣","南庄鄉","121.040","24.600","28"
"400","336097","20220930132000","393","1","苗栗縣","南庄鄉","121.035","24.620","349"
"39","336103","20220930132000","42","0","苗栗縣","南庄鄉","121.020","24.620","41"
"90","336149","20220930132000","232","0","苗栗縣","頭屋鄉","120.890","24.585","86"
"301","336180","20220930132000","235","2","苗栗縣","頭屋鄉","120.885","24.600","277"
"38","336185","20220930132000","408","0","苗栗縣","頭屋鄉","120.845","24.560","39"
"54","336218","20220930132000","32","3","苗栗縣","頭屋鄉","120.895","24.570","43"
"23","336244","20220930132000","268","0","苗栗縣","頭份鎮","120.880","24.645","41"
"150","336248","20220930132000","186","0","苗栗縣","頭份鎮","120.880","24.650","133"
"390","336249","20220930132000","360","1","苗栗縣","頭份鎮","120.885","24.650","376"
"10","336255","20220930132000","16","0","苗栗縣","頭份鎮","120.895","24.650","10"
"795","336266","20220930132000","943","0","苗栗縣","後龍鎮","120.785","24.610","834"
"37","336275","20220930132000","19","3","苗栗縣","後龍鎮","120.825","24.615","32"
"541","336278","20220930132000","483","1","苗栗縣","後龍鎮","120.810","24.620","484"
"197","336282","20220930132000","237","0","苗栗縣","造橋鄉","120.815","24.625","193"
"1346","336283","20220930132000","1258","1","苗栗縣","苗栗市","120.810","24.565","1367"
"1361","336284","20220930132000","1049","2","苗栗縣","苗栗市","120.815","24.565","1308"
"157","336285","20220930132000","141","1","苗栗縣","苗栗市","120.805","24.570","154"
"39","336287","20220930132000","798","0","苗栗縣","苗栗市","120.815","24.570","32"
"69","336288","20220930132000","56","2","苗栗縣","苗栗市","120.810","24.575","58"
"521","336292","20220930132000","477","1","苗栗縣","苗栗市","120.810","24.585","528"
"416","336295","20220930132000","356","1","苗栗縣","苗栗市","120.810","24.590","412"
"36","336298","20220930132000","365","0","苗栗縣","苗栗市","120.810","24.595","40"
"16","336318","20220930132000","20","0","苗栗縣","苗栗市","120.795","24.580","12"
"26","336323","20220930132000","43","0","苗栗縣","苗栗市","120.795","24.585","28"
"450","336331","20220930132000","821","0","苗栗縣","苗栗市","120.825","24.570","438"
"34","336351","20220930132000","167","0","苗栗縣","後龍鎮","120.800","24.645","23"
"150","336352","20220930132000","444","0","苗栗縣","後龍鎮","120.805","24.645","134"
"147","336359","20220930132000","93","3","苗栗縣","後龍鎮","120.805","24.650","162"
"1951","336369","20220930132000","1557","2","苗栗縣","後龍鎮","120.790","24.610","2013"
"83","336376","20220930132000","303","0","苗栗縣","後龍鎮","120.810","24.610","67"
"317","336382","20220930132000","249","2","苗栗縣","後龍鎮","120.800","24.625","344"
"198","336386","20220930132000","156","2","苗栗縣","後龍鎮","120.800","24.630","151"
"41","336390","20220930132000","180","0","苗栗縣","後龍鎮","120.800","24.635","42"
"220","336395","20220930132000","222","0","苗栗縣","後龍鎮","120.825","24.605","215"
"165","336400","20220930132000","234","0","苗栗縣","後龍鎮","120.825","24.610","163"
"120","336426","20220930132000","292","0","苗栗縣","造橋鄉","120.890","24.620","113"
"257","336440","20220930132000","166","3","苗栗縣","造橋鄉","120.925","24.600","211"
"64","336466","20220930132000","50","2","苗栗縣","造橋鄉","120.910","24.620","68"
"61","336470","20220930132000","287","0","苗栗縣","造橋鄉","120.865","24.605","51"
"20","336489","20220930132000","15","2","苗栗縣","造橋鄉","120.870","24.615","20"
"415","336492","20220930132000","118","3","苗栗縣","造橋鄉","120.855","24.620","371"
"36","336501","20220930132000","265","0","苗栗縣","造橋鄉","120.865","24.630","44"
"50","336504","20220930132000","48","1","苗栗縣","造橋鄉","120.860","24.645","49"
"511","336511","20220930132000","252","3","苗栗縣","造橋鄉","120.860","24.655","526"
"165","336512","20220930132000","112","2","苗栗縣","造橋鄉","120.865","24.655","170"
"173","336520","20220930132000","103","3","苗栗縣","造橋鄉","120.850","24.645","198"
"202","336523","20220930132000","197","1","苗栗縣","造橋鄉","120.845","24.650","192"
"72","336526","20220930132000","331","0","苗栗縣","造橋鄉","120.840","24.650","63"
"49","336531","20220930132000","87","0","苗栗縣","造橋鄉","120.855","24.655","49"
"115","336542","20220930132000","178","0","苗栗縣","造橋鄉","120.840","24.610","159"
"23","336543","20220930132000","23","1","苗栗縣","造橋鄉","120.845","24.610","27"
"64","336546","20220930132000","40","3","苗栗縣","造橋鄉","120.840","24.615","49"
"20","336549","20220930132000","16","2","苗栗縣","造橋鄉","120.830","24.620","19"
"437","336556","20220930132000","324","2","苗栗縣","造橋鄉","120.840","24.625","374"
"177","336559","20220930132000","135","2","苗栗縣","造橋鄉","120.855","24.625","173"
"14","336561","20220930132000","39","0","苗栗縣","造橋鄉","120.855","24.630","10"
"145","336569","20220930132000","87","3","苗栗縣","造橋鄉","120.860","24.640","126"
"273","336572","20220930132000","224","2","苗栗縣","造橋鄉","120.875","24.640","277"
"194","336573","20220930132000","135","2","苗栗縣","造橋鄉","120.865","24.645","207"
"130","336574","20220930132000","158","0","苗栗縣","造橋鄉","120.870","24.645","124"
"126","336587","20220930132000","55","3","苗栗縣","造橋鄉","120.820","24.630","132"
"11","336594","20220930132000","10","1","苗栗縣","造橋鄉","120.835","24.635","10"
"21","336597","20220930132000","129","0","苗栗縣","造橋鄉","120.825","24.640","22"
"51","336604","20220930132000","22","3","苗栗縣","造橋鄉","120.840","24.645","35"
"19","336605","20220930132000","111","0","苗栗縣","造橋鄉","120.830","24.650","22"
"273","336610","20220930132000","98","3","苗栗縣","造橋鄉","120.840","24.655","271"
"15","336614","20220930132000","72","0","苗栗縣","獅潭鄉","120.940","24.560","19"
"10","336647","20220930132000","26","0","苗栗縣","獅潭鄉","120.940","24.580","10"
"84","336662","20220930132000","387","0","苗栗縣","獅潭鄉","120.940","24.590","78"
"198","336672","20220930132000","779","0","苗栗縣","頭份鎮","120.890","24.625","189"
"160","336679","20220930132000","167","0","苗栗縣","頭份鎮","120.885","24.635","140"
"163","336689","20220930132000","99","3","苗栗縣","頭份鎮","120.885","24.645","157"
"17","336694","20220930132000","16","1","苗栗縣","頭份鎮","120.905","24.650","16"
"30","336696","20220930132000","169","0","苗栗縣","後龍鎮","120.815","24.635","40"
"379","336716","20220930132000","372","1","苗栗縣","後龍鎮","120.765","24.590","270"
"130","336717","20220930132000","93","2","苗栗縣","後龍鎮","120.750","24.595","122"
"145","336734","20220930132000","129","1","苗栗縣","後龍鎮","120.760","24.635","142"
"50","336737","20220930132000","59","0","苗栗縣","後龍鎮","120.775","24.635","53"
"175","336741","20220930132000","130","2","苗栗縣","後龍鎮","120.770","24.640","187"
"569","336749","20220930132000","514","1","苗栗縣","後龍鎮","120.825","24.600","594"
"627","336751","20220930132000","353","3","苗栗縣","後龍鎮","120.815","24.605","509"
"133","336767","20220930132000","243","0","苗栗縣","後龍鎮","120.790","24.590","107"
"80","336777","20220930132000","503","0","苗栗縣","後龍鎮","120.780","24.600","68"
"17","336802","20220930132000","123","0","苗栗縣","後龍鎮","120.755","24.610","11"
"259","336816","20220930132000","668","0","苗栗縣","西湖鄉","120.755","24.560","275"
"373","336818","20220930132000","360","1","苗栗縣","西湖鄉","120.755","24.565","413"
"210","336840","20220930132000","233","0","苗栗縣","苗栗市","120.825","24.560","200"
"69","336841","20220930132000","676","0","苗栗縣","後龍鎮","120.790","24.615","51"
"307","336849","20220930132000","310","0","苗栗縣","後龍鎮","120.735","24.570","309"
"65","336867","20220930132000","76","0","苗栗縣","後龍鎮","120.725","24.590","80"
"10","336873","20220930132000","46","0","苗栗縣","後龍鎮","120.725","24.600","21"
"937","345384","20220930132000","744","2","宜蘭縣","員山鄉","121.730","24.730","928"
"543","345386","20220930132000","378","2","宜蘭縣","冬山鄉","121.750","24.655","538"
"894","345394","20220930132000","851","1","宜蘭縣","員山鄉","121.725","24.740","901"
"683","345398","20220930132000","564","2","宜蘭縣","員山鄉","121.725","24.745","679"
"234","345405","20220930132000","221","1","宜蘭縣","員山鄉","121.705","24.730","312"
"226","345413","20220930132000","129","3","宜蘭縣","員山鄉","121.715","24.735","232"
"288","345414","20220930132000","356","0","宜蘭縣","員山鄉","121.720","24.735","317"
"42","345418","20220930132000","393","0","宜蘭縣","宜蘭市","121.760","24.755","42"
"1735","345419","20220930132000","2072","0","宜蘭縣","宜蘭市","121.755","24.755","1662"
"194","345420","20220930132000","229","0","宜蘭縣","員山鄉","121.730","24.710","204"
"552","345431","20220930132000","472","1","宜蘭縣","宜蘭市","121.740","24.725","564"
"110","345442","20220930132000","98","1","宜蘭縣","員山鄉","121.630","24.690","116"
"20","345460","20220930132000","30","0","宜蘭縣","員山鄉","121.645","24.700","31"
"110","345472","20220930132000","107","1","宜蘭縣","員山鄉","121.645","24.705","137"
"68","345493","20220930132000","87","0","宜蘭縣","員山鄉","121.665","24.710","82"
"142","345545","20220930132000","127","1","宜蘭縣","員山鄉","121.680","24.715","92"
"504","345546","20220930132000","508","0","宜蘭縣","員山鄉","121.685","24.715","591"
"469","345550","20220930132000","384","2","宜蘭縣","員山鄉","121.685","24.720","513"
"983","345564","20220930132000","702","2","宜蘭縣","冬山鄉","121.705","24.655","961"
"371","345567","20220930132000","377","0","宜蘭縣","冬山鄉","121.745","24.670","359"
"27","345571","20220930132000","197","0","宜蘭縣","羅東鎮","121.750","24.685","34"
"20","345574","20220930132000","25","0","宜蘭縣","冬山鄉","121.730","24.660","14"
"424","345575","20220930132000","307","2","宜蘭縣","冬山鄉","121.735","24.660","381"
"425","345579","20220930132000","447","0","宜蘭縣","冬山鄉","121.745","24.665","477"
"712","345580","20220930132000","432","3","宜蘭縣","冬山鄉","121.750","24.670","634"
"352","345593","20220930132000","268","2","宜蘭縣","冬山鄉","121.735","24.680","389"
"207","345596","20220930132000","206","1","宜蘭縣","冬山鄉","121.730","24.685","237"
"389","345600","20220930132000","224","3","宜蘭縣","冬山鄉","121.740","24.690","394"
"63","345608","20220930132000","148","0","宜蘭縣","壯圍鄉","121.780","24.725","69"
"600","345621","20220930132000","388","3","宜蘭縣","宜蘭市","121.755","24.765","593"
"425","345623","20220930132000","435","0","宜蘭縣","三星鄉","121.685","24.700","443"
"232","345646","20220930132000","165","2","宜蘭縣","五結鄉","121.775","24.700","229"
"68","345649","20220930132000","171","0","宜蘭縣","五結鄉","121.790","24.700","68"
"221","345652","20220930132000","247","0","宜蘭縣","五結鄉","121.785","24.705","218"
"233","345678","20220930132000","319","0","宜蘭縣","三星鄉","121.675","24.685","229"
"176","345685","20220930132000","312","0","宜蘭縣","三星鄉","121.670","24.690","183"
"40","345695","20220930132000","186","0","宜蘭縣","三星鄉","121.685","24.695","47"
"281","345711","20220930132000","209","2","宜蘭縣","三星鄉","121.630","24.665","314"
"1135","345715","20220930132000","1148","0","宜蘭縣","宜蘭市","121.755","24.760","1097"
"429","345716","20220930132000","317","2","宜蘭縣","三星鄉","121.655","24.670","410"
"1501","345720","20220930132000","1410","1","宜蘭縣","三星鄉","121.650","24.665","1535"
"695","345726","20220930132000","825","0","宜蘭縣","壯圍鄉","121.815","24.760","745"
"277","345731","20220930132000","271","1","宜蘭縣","大同鄉","121.600","24.675","281"
"183","345738","20220930132000","201","0","宜蘭縣","大同鄉","121.610","24.680","189"
"101","345857","20220930132000","132","0","宜蘭縣","大同鄉","121.580","24.655","111"
"139","345897","20220930132000","119","1","宜蘭縣","大同鄉","121.590","24.665","167"
"44","345918","20220930132000","40","1","宜蘭縣","大同鄉","121.590","24.670","40"
"316","345998","20220930132000","284","1","宜蘭縣","宜蘭市","121.745","24.760","292"
"392","346004","20220930132000","396","0","宜蘭縣","壯圍鄉","121.820","24.725","415"
"435","346010","20220930132000","441","0","宜蘭縣","員山鄉","121.685","24.730","496"
"417","346029","20220930132000","255","3","宜蘭縣","員山鄉","121.705","24.710","387"
"150","346033","20220930132000","159","0","宜蘭縣","員山鄉","121.725","24.710","161"
"879","346041","20220930132000","811","1","宜蘭縣","員山鄉","121.720","24.725","888"
"251","346048","20220930132000","185","2","宜蘭縣","員山鄉","121.700","24.745","220"
"94","346057","20220930132000","122","0","宜蘭縣","員山鄉","121.700","24.755","77"
"22","346150","20220930132000","21","1","宜蘭縣","員山鄉","121.670","24.745","25"
"271","346153","20220930132000","218","2","宜蘭縣","員山鄉","121.685","24.745","255"
"17","346158","20220930132000","35","0","宜蘭縣","員山鄉","121.610","24.750","19"
"16","346174","20220930132000","40","0","宜蘭縣","員山鄉","121.590","24.755","21"
"67","346184","20220930132000","87","0","宜蘭縣","員山鄉","121.640","24.755","67"
"143","346231","20220930132000","94","3","宜蘭縣","冬山鄉","121.790","24.655","142"
"401","346234","20220930132000","418","0","宜蘭縣","冬山鄉","121.805","24.655","377"
"816","346247","20220930132000","800","1","宜蘭縣","羅東鎮","121.775","24.685","839"
"197","346248","20220930132000","190","1","宜蘭縣","五結鄉","121.775","24.690","204"
"917","346251","20220930132000","772","1","宜蘭縣","五結鄉","121.770","24.695","895"
"381","346252","20220930132000","305","2","宜蘭縣","五結鄉","121.775","24.695","352"
"3473","346254","20220930132000","3474","0","宜蘭縣","羅東鎮","121.770","24.680","3348"
"29","346256","20220930132000","18","3","宜蘭縣","員山鄉","121.720","24.760","26"
"2628","346259","20220930132000","1837","2","宜蘭縣","五結鄉","121.770","24.705","2682"
"107","346261","20220930132000","680","0","宜蘭縣","五結鄉","121.785","24.685","97"
"1961","346263","20220930132000","1818","1","宜蘭縣","五結鄉","121.795","24.685","1929"
"912","346264","20220930132000","768","1","宜蘭縣","五結鄉","121.800","24.685","945"
"1426","346266","20220930132000","1293","1","宜蘭縣","五結鄉","121.795","24.690","1417"
"584","346267","20220930132000","545","1","宜蘭縣","五結鄉","121.795","24.695","591"
"946","346274","20220930132000","1031","0","宜蘭縣","五結鄉","121.820","24.665","799"
"21","346275","20220930132000","12","3","宜蘭縣","五結鄉","121.825","24.665","20"
"566","346280","20220930132000","443","2","宜蘭縣","五結鄉","121.810","24.675","527"
"109","346281","20220930132000","88","2","宜蘭縣","五結鄉","121.815","24.675","103"
"383","346284","20220930132000","289","2","宜蘭縣","五結鄉","121.815","24.680","371"
"191","346286","20220930132000","138","2","宜蘭縣","五結鄉","121.800","24.680","191"
"32","346292","20220930132000","302","0","宜蘭縣","壯圍鄉","121.795","24.760","35"
"236","346360","20220930132000","280","0","宜蘭縣","壯圍鄉","121.815","24.745","232"
"32","346378","20220930132000","24","2","宜蘭縣","壯圍鄉","121.805","24.765","25"
"2548","346379","20220930132000","2322","1","宜蘭縣","宜蘭市","121.750","24.750","2530"
"322","346389","20220930132000","323","0","宜蘭縣","五結鄉","121.810","24.700","355"
"158","346394","20220930132000","210","0","宜蘭縣","五結鄉","121.830","24.675","130"
"821","346399","20220930132000","858","0","宜蘭縣","五結鄉","121.825","24.680","730"
"41","346400","20220930132000","82","0","宜蘭縣","五結鄉","121.830","24.680","39"
"20","346401","20220930132000","21","0","宜蘭縣","五結鄉","121.835","24.680","14"
"50","346403","20220930132000","117","0","宜蘭縣","五結鄉","121.825","24.685","42"
"92","346410","20220930132000","42","3","宜蘭縣","五結鄉","121.835","24.655","92"
"615","346413","20220930132000","494","2","宜蘭縣","五結鄉","121.835","24.660","590"
"279","346416","20220930132000","277","1","宜蘭縣","五結鄉","121.835","24.665","284"
"623","346420","20220930132000","711","0","宜蘭縣","五結鄉","121.795","24.680","654"
"630","346421","20220930132000","480","2","宜蘭縣","五結鄉","121.800","24.675","656"
"839","346423","20220930132000","467","3","宜蘭縣","五結鄉","121.785","24.680","844"
"547","346429","20220930132000","362","3","宜蘭縣","冬山鄉","121.775","24.660","605"
"168","346430","20220930132000","259","0","宜蘭縣","冬山鄉","121.770","24.665","161"
"237","346431","20220930132000","527","0","宜蘭縣","宜蘭市","121.745","24.755","248"
"336","346436","20220930132000","521","0","宜蘭縣","宜蘭市","121.750","24.740","357"
"1537","346437","20220930132000","1308","1","宜蘭縣","宜蘭市","121.750","24.760","1537"
"37","346440","20220930132000","53","0","宜蘭縣","冬山鄉","121.765","24.665","25"
"241","346442","20220930132000","228","1","宜蘭縣","冬山鄉","121.780","24.660","246"
"333","346443","20220930132000","255","2","宜蘭縣","冬山鄉","121.785","24.660","354"
"128","346456","20220930132000","202","0","宜蘭縣","宜蘭市","121.770","24.720","124"
"790","346457","20220930132000","682","1","宜蘭縣","宜蘭市","121.760","24.720","809"
"147","346458","20220930132000","203","0","宜蘭縣","宜蘭市","121.765","24.720","156"
"205","346461","20220930132000","216","0","宜蘭縣","五結鄉","121.820","24.695","159"
"204","346470","20220930132000","159","2","宜蘭縣","五結鄉","121.810","24.705","182"
"439","346472","20220930132000","452","0","宜蘭縣","五結鄉","121.820","24.705","462"
"260","346534","20220930132000","288","0","宜蘭縣","三星鄉","121.680","24.665","250"
"316","346538","20220930132000","245","2","宜蘭縣","三星鄉","121.680","24.670","305"
"290","346540","20220930132000","385","0","宜蘭縣","宜蘭市","121.740","24.760","297"
"240","346545","20220930132000","642","0","宜蘭縣","員山鄉","121.710","24.750","227"
"287","346553","20220930132000","211","2","宜蘭縣","員山鄉","121.715","24.760","323"
"592","346555","20220930132000","436","2","宜蘭縣","羅東鎮","121.765","24.690","570"
"718","346556","20220930132000","791","0","宜蘭縣","五結鄉","121.770","24.690","681"
"194","346558","20220930132000","190","1","宜蘭縣","壯圍鄉","121.800","24.730","224"
"1506","346566","20220930132000","1291","1","宜蘭縣","壯圍鄉","121.785","24.745","1586"
"331","346572","20220930132000","338","0","宜蘭縣","三星鄉","121.690","24.680","337"
"11","346590","20220930132000","20","0","宜蘭縣","三星鄉","121.695","24.660","32"
"454","346599","20220930132000","429","1","宜蘭縣","三星鄉","121.700","24.665","416"
"421","346607","20220930132000","402","1","宜蘭縣","三星鄉","121.710","24.670","431"
"491","346608","20220930132000","434","1","宜蘭縣","三星鄉","121.715","24.670","521"
"244","346611","20220930132000","166","2","宜蘭縣","冬山鄉","121.730","24.670","251"
"21","346623","20220930132000","14","3","宜蘭縣","三星鄉","121.615","24.660","18"
"477","346626","20220930132000","592","0","宜蘭縣","員山鄉","121.725","24.765","479"
"1682","346628","20220930132000","4104","0","宜蘭縣","羅東鎮","121.770","24.675","1644"
"2229","346629","20220930132000","2694","0","宜蘭縣","羅東鎮","121.760","24.680","2222"
"2502","346630","20220930132000","2462","1","宜蘭縣","羅東鎮","121.760","24.675","2581"
"321","346634","20220930132000","245","2","宜蘭縣","宜蘭市","121.775","24.735","345"
"737","346635","20220930132000","744","0","宜蘭縣","宜蘭市","121.765","24.740","827"
"1070","346642","20220930132000","1244","0","宜蘭縣","宜蘭市","121.770","24.750","1163"
"54","346652","20220930132000","95","0","宜蘭縣","壯圍鄉","121.805","24.720","40"
"3689","346668","20220930132000","2698","2","宜蘭縣","宜蘭市","121.750","24.755","3632"
"566","346672","20220930132000","664","0","宜蘭縣","冬山鄉","121.770","24.655","532"
"756","346673","20220930132000","612","2","宜蘭縣","冬山鄉","121.755","24.660","724"
"307","346674","20220930132000","292","1","宜蘭縣","冬山鄉","121.760","24.660","326"
"489","346675","20220930132000","334","2","宜蘭縣","冬山鄉","121.765","24.660","462"
"1793","346678","20220930132000","1282","2","宜蘭縣","羅東鎮","121.780","24.675","1821"
"446","346684","20220930132000","535","0","宜蘭縣","宜蘭市","121.770","24.725","515"
"424","346685","20220930132000","447","0","宜蘭縣","宜蘭市","121.765","24.725","420"
"2642","346692","20220930132000","3069","0","宜蘭縣","宜蘭市","121.755","24.745","2748"
"471","346698","20220930132000","273","3","宜蘭縣","三星鄉","121.725","24.690","494"
"565","346702","20220930132000","480","1","宜蘭縣","三星鄉","121.730","24.695","603"
"427","346710","20220930132000","409","1","宜蘭縣","羅東鎮","121.755","24.670","405"
"823","346712","20220930132000","839","0","宜蘭縣","羅東鎮","121.765","24.670","889"
"629","346713","20220930132000","476","2","宜蘭縣","五結鄉","121.800","24.690","627"
"920","346714","20220930132000","758","2","宜蘭縣","五結鄉","121.800","24.695","902"
"487","346718","20220930132000","458","1","宜蘭縣","五結鄉","121.790","24.705","457"
"192","346731","20220930132000","230","0","宜蘭縣","三星鄉","121.745","24.700","199"
"1873","346739","20220930132000","1745","1","新竹縣","竹東鎮","121.100","24.720","1890"
"132","346747","20220930132000","242","0","新竹縣","竹東鎮","121.035","24.760","151"
"2081","346754","20220930132000","1508","2","新竹縣","竹東鎮","121.090","24.745","2064"
"13","346765","20220930132000","25","0","新竹縣","竹東鎮","121.105","24.665","13"
"659","346790","20220930132000","664","0","新竹市","香山區","120.955","24.750","630"
"67","346791","20220930132000","109","0","新竹市","香山區","120.940","24.755","46"
"167","346792","20220930132000","143","1","新竹市","香山區","120.945","24.755","139"
"1098","346793","20220930132000","1338","0","新竹市","香山區","120.950","24.755","1114"
"109","346794","20220930132000","83","2","新竹市","香山區","120.920","24.720","117"
"542","346797","20220930132000","482","1","新竹市","香山區","120.915","24.730","588"
"154","346804","20220930132000","156","0","新竹市","香山區","120.915","24.735","185"
"405","346806","20220930132000","610","0","新竹市","香山區","120.915","24.740","436"
"869","346812","20220930132000","642","2","新竹市","香山區","120.910","24.745","934"
"124","346817","20220930132000","200","0","新竹市","香山區","120.880","24.735","149"
"299","346825","20220930132000","444","0","新竹市","香山區","120.895","24.740","305"
"11","346835","20220930132000","54","0","新竹市","香山區","120.925","24.715","23"
"36","346841","20220930132000","76","0","新竹市","香山區","120.930","24.725","23"
"270","346860","20220930132000","240","1","新竹縣","關西鎮","121.210","24.760","256"
"15","346863","20220930132000","15","1","新竹縣","關西鎮","121.225","24.760","15"
"114","346867","20220930132000","103","1","新竹縣","關西鎮","121.215","24.765","79"
"106","346868","20220930132000","79","2","新竹縣","關西鎮","121.220","24.765","102"
"85","346896","20220930132000","78","1","新竹縣","關西鎮","121.240","24.765","83"
"206","346907","20220930132000","150","2","新竹縣","關西鎮","121.230","24.770","215"
"34","346917","20220930132000","56","0","桃園市","復興區","121.280","24.770","28"
"5501","346918","20220930132000","4377","2","新竹市","東區","121.020","24.760","5369"
"630","346919","20220930132000","357","3","新竹市","東區","121.025","24.760","605"
"2563","346920","20220930132000","2518","1","新竹市","東區","121.020","24.765","2719"
"3638","346921","20220930132000","3311","1","新竹市","東區","121.025","24.765","3653"
"31202","346922","20220930132000","17506","3","新竹市","東區","121.015","24.770","30205"
"5461","346923","20220930132000","6345","0","新竹市","東區","121.020","24.770","5591"
"4040","346924","20220930132000","3045","2","新竹市","東區","121.025","24.770","3659"
"71","346936","20220930132000","399","0","新竹縣","橫山鄉","121.100","24.710","197"
"534","346937","20220930132000","414","2","新竹縣","竹東鎮","121.100","24.715","530"
"530","346949","20220930132000","877","0","新竹縣","橫山鄉","121.180","24.705","566"
"243","346961","20220930132000","252","0","新竹縣","橫山鄉","121.165","24.710","222"
"261","346964","20220930132000","280","0","新竹縣","橫山鄉","121.150","24.715","223"
"18","346967","20220930132000","109","0","新竹縣","橫山鄉","121.165","24.715","54"
"500","347497","20220930132000","553","0","新竹市","東區","120.975","24.765","481"
"400","347498","20220930132000","248","3","新竹市","東區","120.980","24.765","350"
"236","347499","20220930132000","221","1","新竹市","東區","120.970","24.770","248"
"1199","347500","20220930132000","1016","1","新竹市","東區","120.975","24.770","1226"
"400","347505","20220930132000","287","2","新竹市","東區","120.965","24.765","378"
"485","347506","20220930132000","649","0","新竹市","東區","120.970","24.765","462"
"56","347507","20220930132000","33","3","新竹市","東區","120.965","24.770","56"
"856","347508","20220930132000","813","1","新竹縣","竹東鎮","121.085","24.735","819"
"215","347515","20220930132000","339","0","新竹縣","竹東鎮","121.075","24.725","203"
"401","347520","20220930132000","461","0","新竹縣","竹東鎮","121.090","24.730","397"
"960","347521","20220930132000","850","1","新竹縣","竹東鎮","121.085","24.740","961"
"1637","347522","20220930132000","581","3","新竹縣","竹東鎮","121.100","24.745","1256"
"366","347533","20220930132000","465","0","新竹縣","芎林鄉","121.125","24.725","407"
"346","347538","20220930132000","346","1","新竹縣","芎林鄉","121.120","24.735","358"
"515","347547","20220930132000","506","1","新竹縣","芎林鄉","121.135","24.745","514"
"37","347555","20220930132000","31","1","新竹縣","芎林鄉","121.140","24.750","36"
"136","347573","20220930132000","108","2","新竹縣","關西鎮","121.185","24.755","116"
"43","347587","20220930132000","28","3","新竹縣","關西鎮","121.205","24.765","19"
"45","347589","20220930132000","10","3","新竹縣","關西鎮","121.185","24.770","45"
"281","347621","20220930132000","138","3","新竹縣","關西鎮","121.195","24.750","311"
"114","347640","20220930132000","208","0","新竹縣","關西鎮","121.180","24.745","177"
"82","347650","20220930132000","32","3","新竹縣","關西鎮","121.170","24.755","60"
"97","347665","20220930132000","69","2","新竹縣","關西鎮","121.170","24.765","139"
"142","347670","20220930132000","160","0","新竹縣","關西鎮","121.170","24.770","165"
"3161","347702","20220930132000","2838","1","新竹縣","竹東鎮","121.090","24.740","3317"
"180","347705","20220930132000","211","0","新竹縣","竹東鎮","121.100","24.695","179"
"1435","347714","20220930132000","2168","0","新竹縣","竹東鎮","121.050","24.770","1564"
"154","347720","20220930132000","105","2","新竹縣","寶山鄉","121.030","24.735","140"
"18","347723","20220930132000","124","0","新竹縣","寶山鄉","121.020","24.740","12"
"255","347740","20220930132000","177","2","新竹縣","寶山鄉","121.030","24.750","205"
"11","347750","20220930132000","12","0","新竹縣","寶山鄉","120.970","24.715","11"
"149","347774","20220930132000","106","2","新竹縣","寶山鄉","121.050","24.730","128"
"92","347788","20220930132000","82","1","新竹縣","寶山鄉","121.040","24.745","92"
"127","347794","20220930132000","91","2","新竹縣","寶山鄉","121.045","24.745","102"
"109","347805","20220930132000","247","0","新竹縣","寶山鄉","120.960","24.725","133"
"238","347806","20220930132000","75","3","新竹縣","寶山鄉","120.965","24.725","175"
"23","347808","20220930132000","24","0","新竹縣","寶山鄉","120.975","24.725","30"
"180","347809","20220930132000","159","1","新竹縣","寶山鄉","120.980","24.725","196"
"371","347812","20220930132000","213","3","新竹縣","寶山鄉","120.965","24.730","285"
"42","347817","20220930132000","14","3","新竹縣","寶山鄉","120.965","24.735","47"
"22","347818","20220930132000","134","0","新竹縣","寶山鄉","120.970","24.735","35"
"53","347821","20220930132000","43","2","新竹縣","寶山鄉","120.985","24.735","65"
"206","347823","20220930132000","164","2","新竹縣","寶山鄉","120.970","24.740","191"
"109","347832","20220930132000","67","3","新竹縣","寶山鄉","120.980","24.745","75"
"118","347835","20220930132000","105","1","新竹縣","寶山鄉","120.980","24.755","109"
"75","347842","20220930132000","105","0","新竹縣","寶山鄉","121.000","24.715","76"
"101","347845","20220930132000","82","2","新竹縣","寶山鄉","121.015","24.715","99"
"453","347878","20220930132000","397","1","新竹縣","寶山鄉","120.940","24.725","511"
"40","347882","20220930132000","33","2","新竹縣","寶山鄉","120.945","24.740","44"
"94","347889","20220930132000","97","0","新竹縣","寶山鄉","120.960","24.745","116"
"21","347900","20220930132000","49","0","新竹縣","北埔鄉","121.055","24.670","24"
"1041","347925","20220930132000","1151","0","新竹縣","北埔鄉","121.055","24.695","1069"
"135","347926","20220930132000","128","1","新竹縣","北埔鄉","121.045","24.700","123"
"218","347927","20220930132000","157","2","新竹縣","北埔鄉","121.050","24.700","238"
"58","347930","20220930132000","20","3","新竹縣","北埔鄉","121.045","24.705","34"
"12","347931","20220930132000","25","0","新竹縣","北埔鄉","121.050","24.705","13"
"107","347934","20220930132000","93","1","新竹縣","北埔鄉","121.045","24.715","114"
"10","347940","20220930132000","30","0","新竹縣","北埔鄉","121.070","24.665","11"
"295","347949","20220930132000","299","0","新竹縣","北埔鄉","121.065","24.675","342"
"342","347958","20220930132000","324","1","新竹縣","橫山鄉","121.130","24.725","338"
"329","347976","20220930132000","358","0","新竹縣","橫山鄉","121.140","24.720","312"
"147","347986","20220930132000","63","3","新竹縣","橫山鄉","121.130","24.700","86"
"142","347995","20220930132000","171","0","新竹縣","橫山鄉","121.115","24.710","160"
"317","348000","20220930132000","358","0","新竹縣","橫山鄉","121.110","24.715","328"
"124","348001","20220930132000","118","1","新竹縣","橫山鄉","121.115","24.715","106"
"11","348003","20220930132000","55","0","新竹縣","橫山鄉","121.125","24.715","10"
"47","348006","20220930132000","176","0","新竹縣","橫山鄉","121.115","24.720","58"
"290","348007","20220930132000","410","0","新竹縣","橫山鄉","121.120","24.720","292"
"32","348008","20220930132000","52","0","新竹縣","橫山鄉","121.125","24.720","16"
"320","348022","20220930132000","287","1","新竹縣","橫山鄉","121.160","24.740","323"
"84","348032","20220930132000","79","1","新竹縣","橫山鄉","121.165","24.745","81"
"95","348040","20220930132000","72","2","新竹縣","橫山鄉","121.105","24.680","76"
"55","348074","20220930132000","52","1","新竹縣","橫山鄉","121.165","24.730","39"
"26","348083","20220930132000","28","0","新竹縣","橫山鄉","121.180","24.735","40"
"18","348089","20220930132000","21","0","新竹縣","關西鎮","121.185","24.740","21"
"273","348136","20220930132000","192","2","新竹縣","橫山鄉","121.140","24.700","278"
"1158","348137","20220930132000","1092","1","新竹縣","竹東鎮","121.095","24.735","1123"
"1607","348138","20220930132000","1446","1","新竹縣","竹東鎮","121.100","24.735","1598"
"55","348144","20220930132000","41","2","新竹縣","芎林鄉","121.110","24.770","63"
"600","348163","20220930132000","763","0","新竹縣","芎林鄉","121.085","24.765","599"
"59","348164","20220930132000","26","3","新竹縣","芎林鄉","121.085","24.770","44"
"353","348165","20220930132000","374","0","新竹縣","芎林鄉","121.095","24.760","324"
"110","348190","20220930132000","70","3","新竹縣","芎林鄉","121.125","24.755","101"
"10","348191","20220930132000","13","0","新竹縣","芎林鄉","121.130","24.755","11"
"228","348207","20220930132000","279","0","新竹縣","寶山鄉","120.985","24.750","210"
"249","348212","20220930132000","283","0","新竹縣","寶山鄉","120.995","24.755","253"
"956","348213","20220930132000","975","0","新竹縣","寶山鄉","120.985","24.760","974"
"670","348217","20220930132000","682","0","新竹縣","寶山鄉","120.990","24.765","645"
"307","348225","20220930132000","369","0","新竹縣","尖石鄉","121.200","24.705","281"
"14","348271","20220930132000","14","1","新竹縣","尖石鄉","121.220","24.730","14"
"78","348272","20220930132000","78","1","新竹縣","尖石鄉","121.225","24.730","77"
"55","348276","20220930132000","46","1","新竹縣","尖石鄉","121.245","24.730","65"
"49","348280","20220930132000","27","3","新竹縣","尖石鄉","121.230","24.735","36"
"83","348320","20220930132000","89","0","新竹縣","尖石鄉","121.260","24.705","77"
"93","348345","20220930132000","123","0","新竹縣","尖石鄉","121.270","24.715","101"
"132","348353","20220930132000","209","0","新竹縣","尖石鄉","121.250","24.720","140"
"126","348419","20220930132000","166","0","新竹縣","尖石鄉","121.265","24.745","184"
"44","348461","20220930132000","24","3","新竹縣","尖石鄉","121.185","24.665","44"
"36","348468","20220930132000","34","1","新竹縣","尖石鄉","121.195","24.670","38"
"39","348469","20220930132000","17","3","新竹縣","尖石鄉","121.200","24.670","29"
"77","348470","20220930132000","84","0","新竹縣","尖石鄉","121.205","24.670","66"
"116","348506","20220930132000","60","3","新竹縣","尖石鄉","121.350","24.660","89"
"100","348549","20220930132000","130","0","新竹縣","尖石鄉","121.310","24.685","89"
"190","348577","20220930132000","251","0","新竹縣","尖石鄉","121.280","24.665","165"
"182","348584","20220930132000","183","0","新竹縣","五峰鄉","121.150","24.670","177"
"196","348588","20220930132000","121","3","新竹縣","尖石鄉","121.170","24.670","126"
"97","348599","20220930132000","90","1","新竹縣","尖石鄉","121.170","24.680","71"
"82","348600","20220930132000","128","0","新竹縣","尖石鄉","121.175","24.680","74"
"22","348608","20220930132000","28","0","新竹縣","尖石鄉","121.185","24.685","15"
"37","348686","20220930132000","24","3","新竹縣","尖石鄉","121.270","24.670","26"
"48","348708","20220930132000","59","0","新竹縣","尖石鄉","121.235","24.680","28"
"104","348711","20220930132000","90","1","新竹縣","尖石鄉","121.250","24.680","154"
"61","348720","20220930132000","167","0","新竹縣","尖石鄉","121.220","24.685","71"
"115","348736","20220930132000","103","1","新竹縣","尖石鄉","121.220","24.690","172"
"430","348785","20220930132000","308","2","新竹縣","尖石鄉","121.220","24.705","416"
"77","348819","20220930132000","37","3","新竹縣","峨眉鄉","121.035","24.695","77"
"41","348820","20220930132000","209","0","新竹縣","北埔鄉","121.040","24.695","36"
"93","348822","20220930132000","91","1","新竹縣","峨眉鄉","121.035","24.700","86"
"67","348831","20220930132000","77","0","新竹縣","峨眉鄉","120.985","24.685","78"
"48","348834","20220930132000","23","3","新竹縣","峨眉鄉","120.970","24.690","55"
"22","348835","20220930132000","19","1","新竹縣","峨眉鄉","120.975","24.690","24"
"89","348838","20220930132000","113","0","新竹縣","峨眉鄉","120.990","24.690","96"
"75","348845","20220930132000","91","0","新竹縣","峨眉鄉","120.985","24.700","88"
"48","348851","20220930132000","42","1","新竹縣","峨眉鄉","120.990","24.705","60"
"332","348861","20220930132000","406","0","新竹縣","峨眉鄉","121.025","24.685","351"
"278","348863","20220930132000","228","2","新竹縣","峨眉鄉","121.020","24.690","309"
"144","348870","20220930132000","136","1","新竹縣","北埔鄉","121.055","24.685","45"
"135","348889","20220930132000","118","1","新竹縣","北埔鄉","121.090","24.690","147"
"94","348892","20220930132000","60","3","新竹縣","北埔鄉","121.070","24.695","104"
"25","348903","20220930132000","46","0","新竹縣","北埔鄉","121.075","24.700","49"
"468","348909","20220930132000","712","0","新竹縣","北埔鄉","121.060","24.700","491"
"257","348910","20220930132000","137","3","新竹縣","北埔鄉","121.065","24.700","167"
"23","348919","20220930132000","23","1","新竹縣","北埔鄉","121.060","24.710","28"
"15","348921","20220930132000","96","0","新竹縣","北埔鄉","121.070","24.710","15"
"81","348944","20220930132000","33","3","新竹縣","寶山鄉","121.000","24.720","66"
"129","348947","20220930132000","109","1","新竹縣","寶山鄉","121.000","24.725","111"
"14","348952","20220930132000","45","0","新竹縣","寶山鄉","121.005","24.730","127"
"229","348957","20220930132000","193","1","新竹縣","寶山鄉","120.990","24.740","201"
"60","348958","20220930132000","48","2","新竹縣","寶山鄉","120.995","24.740","69"
"49","348969","20220930132000","63","0","新竹縣","寶山鄉","121.005","24.745","52"
"466","348971","20220930132000","803","0","新竹縣","寶山鄉","121.005","24.750","491"
"614","348978","20220930132000","486","2","新竹縣","寶山鄉","121.020","24.755","668"
"286","348983","20220930132000","473","0","新竹縣","寶山鄉","121.000","24.765","297"
"2905","348986","20220930132000","4907","0","新竹縣","寶山鄉","121.015","24.765","2869"
"1823","348987","20220930132000","2265","0","新竹縣","寶山鄉","121.000","24.770","1808"
"668","348988","20220930132000","218","3","新竹縣","寶山鄉","121.005","24.770","578"
"720","348989","20220930132000","2098","0","新竹縣","寶山鄉","121.010","24.770","722"
"58","348993","20220930132000","54","1","新竹縣","峨眉鄉","120.990","24.665","62"
"40","349000","20220930132000","53","0","新竹縣","峨眉鄉","120.995","24.670","43"
"209","349005","20220930132000","68","3","新竹縣","峨眉鄉","120.985","24.675","169"
"115","349012","20220930132000","138","0","新竹縣","峨眉鄉","120.990","24.680","113"
"152","349031","20220930132000","115","2","新竹縣","峨眉鄉","121.000","24.700","116"
"557","349060","20220930132000","515","1","新竹縣","竹東鎮","121.060","24.750","546"
"167","349062","20220930132000","165","1","新竹縣","竹東鎮","121.070","24.750","202"
"712","349066","20220930132000","836","0","新竹縣","竹東鎮","121.070","24.755","698"
"1251","349070","20220930132000","1080","1","新竹縣","竹東鎮","121.065","24.760","1185"
"2760","349073","20220930132000","2755","1","新竹縣","竹東鎮","121.060","24.765","2886"
"286","349074","20220930132000","94","3","新竹縣","竹東鎮","121.065","24.765","522"
"136","349079","20220930132000","123","1","新竹縣","竹東鎮","121.120","24.660","163"
"118","349087","20220930132000","204","0","新竹縣","竹東鎮","121.090","24.720","78"
"1190","349088","20220930132000","1376","0","新竹縣","竹東鎮","121.095","24.720","1463"
"2218","349089","20220930132000","1600","2","新竹縣","竹東鎮","121.090","24.725","2004"
"404","349090","20220930132000","501","0","新竹縣","竹東鎮","121.095","24.725","392"
"1579","349092","20220930132000","1474","1","新竹縣","竹東鎮","121.095","24.730","1681"
"277","349094","20220930132000","330","0","新竹縣","竹東鎮","121.105","24.730","306"
"216","349096","20220930132000","277","0","新竹縣","竹東鎮","121.055","24.755","187"
"158","349099","20220930132000","220","0","新竹縣","竹東鎮","121.045","24.765","129"
"536","349103","20220930132000","430","2","新竹縣","竹東鎮","121.060","24.770","526"
"346","349105","20220930132000","316","1","新竹縣","竹東鎮","121.080","24.735","336"
"25","349109","20220930132000","48","0","新竹縣","竹東鎮","121.080","24.740","97"
"67","349110","20220930132000","41","3","新竹縣","竹東鎮","121.075","24.745","60"
"629","349113","20220930132000","783","0","新竹縣","竹東鎮","121.080","24.745","567"
"1014","349114","20220930132000","1046","0","新竹縣","竹東鎮","121.085","24.745","1020"
"242","349115","20220930132000","246","0","新竹縣","竹東鎮","121.080","24.750","281"
"670","349118","20220930132000","524","2","宜蘭縣","宜蘭市","121.780","24.750","620"
"854","349120","20220930132000","724","1","宜蘭縣","宜蘭市","121.765","24.755","827"
"407","349124","20220930132000","613","0","宜蘭縣","宜蘭市","121.765","24.760","384"
"357","349125","20220930132000","350","1","宜蘭縣","宜蘭市","121.770","24.760","359"
"446","349130","20220930132000","270","3","宜蘭縣","宜蘭市","121.760","24.725","393"
"503","349131","20220930132000","389","2","宜蘭縣","宜蘭市","121.755","24.730","528"
"47","349132","20220930132000","58","0","宜蘭縣","宜蘭市","121.760","24.730","51"
"706","349136","20220930132000","819","0","宜蘭縣","宜蘭市","121.755","24.740","721"
"400","349139","20220930132000","498","0","宜蘭縣","宜蘭市","121.735","24.755","427"
"1231","349140","20220930132000","1308","0","宜蘭縣","宜蘭市","121.740","24.755","1254"
"13","349143","20220930132000","49","0","宜蘭縣","羅東鎮","121.755","24.680","18"
"2351","349144","20220930132000","2026","1","宜蘭縣","羅東鎮","121.775","24.680","2306"
"1705","349145","20220930132000","1566","1","宜蘭縣","羅東鎮","121.775","24.675","1721"
"753","349146","20220930132000","622","2","宜蘭縣","羅東鎮","121.750","24.675","751"
"845","349147","20220930132000","806","1","宜蘭縣","羅東鎮","121.770","24.685","798"
"373","349149","20220930132000","243","3","宜蘭縣","羅東鎮","121.750","24.680","267"
"204","349158","20220930132000","108","3","新竹市","香山區","120.930","24.745","206"
"232","349160","20220930132000","123","3","新竹市","香山區","120.925","24.750","226"
"416","349162","20220930132000","268","3","新竹市","香山區","120.915","24.760","390"
"681","349166","20220930132000","888","0","新竹市","香山區","120.915","24.765","722"
"296","349176","20220930132000","180","3","新竹市","香山區","120.955","24.760","237"
"111","349177","20220930132000","127","0","新竹市","東區","120.960","24.760","201"
"665","349183","20220930132000","567","1","新竹市","香山區","120.955","24.770","658"
"69","349184","20220930132000","239","0","新竹市","香山區","120.960","24.770","243"
"23","349189","20220930132000","16","2","新竹市","香山區","120.925","24.755","23"
"17","349194","20220930132000","55","0","新竹市","香山區","120.905","24.760","54"
"58","349198","20220930132000","49","1","新竹市","香山區","120.930","24.760","62"
"51","349203","20220930132000","78","0","宜蘭縣","宜蘭市","121.765","24.745","47"
"1857","349204","20220930132000","1736","1","宜蘭縣","宜蘭市","121.760","24.750","1840"
"823","349205","20220930132000","688","1","宜蘭縣","宜蘭市","121.765","24.750","828"
"1677","349206","20220930132000","1722","0","宜蘭縣","羅東鎮","121.775","24.670","1645"
"1091","349207","20220930132000","1129","0","宜蘭縣","羅東鎮","121.755","24.675","1068"
"168","349208","20220930132000","214","0","宜蘭縣","羅東鎮","121.755","24.690","171"
"77","349210","20220930132000","121","0","宜蘭縣","羅東鎮","121.755","24.695","56"
"610","349211","20220930132000","486","2","宜蘭縣","羅東鎮","121.760","24.695","600"
"816","349214","20220930132000","1504","0","宜蘭縣","羅東鎮","121.770","24.670","817"
"464","349216","20220930132000","557","0","宜蘭縣","羅東鎮","121.800","24.665","453"
"1039","349222","20220930132000","516","3","宜蘭縣","羅東鎮","121.795","24.675","1012"
"688","349224","20220930132000","697","0","宜蘭縣","羅東鎮","121.785","24.675","657"
"3432","349225","20220930132000","2529","2","宜蘭縣","羅東鎮","121.780","24.680","3345"
"1359","349227","20220930132000","1413","0","宜蘭縣","宜蘭市","121.750","24.745","1370"
"693","349228","20220930132000","750","0","宜蘭縣","員山鄉","121.735","24.745","707"
"2154","349229","20220930132000","2317","0","宜蘭縣","宜蘭市","121.740","24.745","2142"
"2124","349230","20220930132000","1550","2","宜蘭縣","宜蘭市","121.745","24.745","2142"
"433","349231","20220930132000","440","0","宜蘭縣","宜蘭市","121.730","24.750","458"
"1236","349232","20220930132000","1259","0","宜蘭縣","宜蘭市","121.735","24.750","1095"
"1176","349234","20220930132000","1167","1","宜蘭縣","羅東鎮","121.765","24.675","1122"
"673","349235","20220930132000","707","0","宜蘭縣","宜蘭市","121.760","24.760","717"
"868","349236","20220930132000","700","2","宜蘭縣","宜蘭市","121.750","24.765","832"
"526","349237","20220930132000","516","1","宜蘭縣","宜蘭市","121.745","24.750","496"
"470","349238","20220930132000","426","1","宜蘭縣","宜蘭市","121.760","24.765","469"
"581","349240","20220930132000","543","1","宜蘭縣","羅東鎮","121.755","24.685","542"
"50","349296","20220930132000","44","1","桃園市","復興區","121.350","24.760","36"
"83","349422","20220930132000","76","1","桃園市","復興區","121.390","24.660","80"
"97","349482","20220930132000","52","3","桃園市","復興區","121.385","24.680","74"
"146","349502","20220930132000","187","0","桃園市","復興區","121.395","24.685","153"
"262","349582","20220930132000","174","3","桃園市","復興區","121.410","24.705","189"
"23","349642","20220930132000","28","0","桃園市","復興區","121.365","24.695","35"
"13","349676","20220930132000","35","0","桃園市","復興區","121.350","24.705","20"
"59","349762","20220930132000","66","0","桃園市","復興區","121.345","24.725","62"
"16","349768","20220930132000","20","0","桃園市","復興區","121.375","24.725","19"
"18","349769","20220930132000","25","0","桃園市","復興區","121.380","24.725","14"
"14","349794","20220930132000","16","0","桃園市","復興區","121.375","24.730","14"
"15","349842","20220930132000","21","0","桃園市","復興區","121.350","24.740","13"
"47","349865","20220930132000","33","2","桃園市","復興區","121.365","24.740","36"
"203","349883","20220930132000","132","3","新竹市","香山區","120.940","24.760","119"
"73","349889","20220930132000","122","0","新竹市","香山區","120.935","24.770","99"
"188","349896","20220930132000","210","0","新竹市","香山區","120.905","24.750","188"
"604","349897","20220930132000","310","3","新竹市","香山區","120.910","24.750","580"
"2549","349904","20220930132000","2126","1","新竹縣","竹東鎮","121.030","24.770","2337"
"61","349937","20220930132000","50","2","桃園市","復興區","121.365","24.675","59"
"44","349983","20220930132000","158","0","苗栗縣","三灣鄉","120.965","24.665","54"
"53","349985","20220930132000","261","0","苗栗縣","三灣鄉","120.975","24.665","48"
"27","350003","20220930132000","219","0","苗栗縣","三灣鄉","120.950","24.670","23"
"238","350012","20220930132000","90","3","苗栗縣","頭份鎮","120.955","24.680","208"
"61","350014","20220930132000","292","0","苗栗縣","頭份鎮","120.965","24.680","50"
"65","350017","20220930132000","259","0","苗栗縣","頭份鎮","120.960","24.685","63"
"73","350018","20220930132000","189","0","苗栗縣","頭份鎮","120.965","24.685","67"
"155","350019","20220930132000","78","3","苗栗縣","竹南鎮","120.880","24.680","132"
"2629","350021","20220930132000","2008","2","苗栗縣","竹南鎮","120.885","24.685","2713"
"12","350023","20220930132000","11","1","苗栗縣","頭份鎮","120.925","24.690","16"
"918","350024","20220930132000","545","3","苗栗縣","頭份鎮","120.930","24.690","903"
"236","350031","20220930132000","177","2","苗栗縣","頭份鎮","120.920","24.665","221"
"47","350036","20220930132000","325","0","苗栗縣","頭份鎮","120.920","24.670","34"
"398","350042","20220930132000","270","2","苗栗縣","頭份鎮","120.925","24.675","402"
"60","350052","20220930132000","174","0","苗栗縣","後龍鎮","120.820","24.660","65"
"377","350068","20220930132000","318","1","苗栗縣","頭份鎮","120.910","24.690","388"
"866","350073","20220930132000","544","3","苗栗縣","竹南鎮","120.885","24.695","939"
"465","350075","20220930132000","369","2","苗栗縣","頭份鎮","120.890","24.695","485"
"1617","350077","20220930132000","1017","3","苗栗縣","頭份鎮","120.910","24.695","1619"
"861","350078","20220930132000","547","3","苗栗縣","頭份鎮","120.910","24.700","815"
"452","350080","20220930132000","419","1","苗栗縣","頭份鎮","120.940","24.680","437"
"277","350082","20220930132000","229","2","苗栗縣","頭份鎮","120.950","24.680","226"
"384","350085","20220930132000","362","1","苗栗縣","頭份鎮","120.925","24.685","358"
"647","350087","20220930132000","528","2","苗栗縣","頭份鎮","120.935","24.685","598"
"1161","350090","20220930132000","910","2","苗栗縣","頭份鎮","120.895","24.690","1236"
"1953","350091","20220930132000","2917","0","苗栗縣","頭份鎮","120.905","24.690","1898"
"738","350092","20220930132000","1261","0","苗栗縣","頭份鎮","120.905","24.685","737"
"74","350095","20220930132000","210","0","苗栗縣","頭份鎮","120.945","24.690","78"
"23","350102","20220930132000","122","0","苗栗縣","頭份鎮","120.935","24.700","25"
"27","350103","20220930132000","237","0","苗栗縣","頭份鎮","120.940","24.695","24"
"135","350109","20220930132000","134","1","苗栗縣","頭份鎮","120.940","24.700","129"
"254","350110","20220930132000","229","1","苗栗縣","頭份鎮","120.945","24.700","232"
"363","350112","20220930132000","587","0","苗栗縣","頭份鎮","120.930","24.705","363"
"362","350117","20220930132000","334","1","苗栗縣","頭份鎮","120.935","24.710","323"
"633","350118","20220930132000","616","1","苗栗縣","頭份鎮","120.885","24.665","606"
"74","350124","20220930132000","406","0","苗栗縣","頭份鎮","120.885","24.675","64"
"262","350127","20220930132000","303","0","苗栗縣","頭份鎮","120.905","24.700","325"
"599","350128","20220930132000","1048","0","苗栗縣","頭份鎮","120.900","24.695","632"
"708","350129","20220930132000","655","1","苗栗縣","頭份鎮","120.905","24.695","796"
"151","350131","20220930132000","284","0","苗栗縣","頭份鎮","120.915","24.690","152"
"782","350132","20220930132000","1153","0","苗栗縣","頭份鎮","120.915","24.695","791"
"29","350142","20220930132000","29","1","苗栗縣","頭份鎮","120.915","24.665","31"
"58","350146","20220930132000","330","0","苗栗縣","頭份鎮","120.915","24.670","63"
"834","350150","20220930132000","730","1","苗栗縣","竹南鎮","120.860","24.695","820"
"613","350151","20220930132000","355","3","苗栗縣","竹南鎮","120.865","24.695","629"
"261","350154","20220930132000","537","0","苗栗縣","竹南鎮","120.870","24.695","202"
"125","350155","20220930132000","370","0","苗栗縣","竹南鎮","120.880","24.695","105"
"271","350156","20220930132000","199","2","苗栗縣","竹南鎮","120.865","24.680","276"
"737","350157","20220930132000","780","0","苗栗縣","竹南鎮","120.910","24.710","837"
"1028","350159","20220930132000","868","1","苗栗縣","竹南鎮","120.920","24.705","1021"
"1164","350160","20220930132000","1428","0","苗栗縣","頭份鎮","120.925","24.705","1168"
"554","350161","20220930132000","448","2","苗栗縣","竹南鎮","120.915","24.705","602"
"3864","350162","20220930132000","3099","2","苗栗縣","竹南鎮","120.915","24.710","3734"
"610","350163","20220930132000","562","1","苗栗縣","竹南鎮","120.920","24.710","607"
"368","350165","20220930132000","431","0","苗栗縣","竹南鎮","120.930","24.710","290"
"1346","350166","20220930132000","1315","1","苗栗縣","竹南鎮","120.915","24.715","1253"
"193","350167","20220930132000","255","0","苗栗縣","竹南鎮","120.920","24.715","215"
"1885","350169","20220930132000","1586","1","苗栗縣","頭份鎮","120.910","24.685","1783"
"1749","350170","20220930132000","1463","1","苗栗縣","頭份鎮","120.895","24.700","1750"
"1593","350172","20220930132000","937","3","苗栗縣","頭份鎮","120.905","24.680","1456"
"421","350173","20220930132000","343","2","苗栗縣","竹南鎮","120.875","24.700","419"
"786","350174","20220930132000","437","3","苗栗縣","竹南鎮","120.870","24.700","762"
"288","350176","20220930132000","337","0","苗栗縣","頭份鎮","120.920","24.690","301"
"97","350177","20220930132000","71","2","苗栗縣","頭份鎮","120.880","24.660","103"
"504","350179","20220930132000","561","0","苗栗縣","頭份鎮","120.900","24.700","505"
"29","350180","20220930132000","26","1","苗栗縣","竹南鎮","120.910","24.705","21"
"476","350182","20220930132000","563","0","苗栗縣","頭份鎮","120.920","24.700","393"
"592","350183","20220930132000","747","0","苗栗縣","頭份鎮","120.895","24.695","551"
"284","350203","20220930132000","194","2","苗栗縣","竹南鎮","120.860","24.685","281"
"33","350206","20220930132000","169","0","苗栗縣","竹南鎮","120.865","24.700","35"
"54","350208","20220930132000","253","0","苗栗縣","竹南鎮","120.875","24.705","60"
"759","350209","20220930132000","988","0","苗栗縣","竹南鎮","120.880","24.700","753"
"866","350210","20220930132000","635","2","苗栗縣","頭份鎮","120.885","24.700","842"
"447","350211","20220930132000","243","3","苗栗縣","竹南鎮","120.880","24.705","412"
"132","350214","20220930132000","164","0","苗栗縣","竹南鎮","120.865","24.705","149"
"55","350220","20220930132000","546","0","苗栗縣","竹南鎮","120.880","24.710","53"
"19","350223","20220930132000","139","0","苗栗縣","竹南鎮","120.865","24.715","15"
"219","350224","20220930132000","228","0","苗栗縣","竹南鎮","120.870","24.715","234"
"433","350225","20220930132000","404","1","苗栗縣","竹南鎮","120.875","24.715","429"
"74","350226","20220930132000","59","2","苗栗縣","竹南鎮","120.880","24.715","85"
"145","350229","20220930132000","132","1","苗栗縣","竹南鎮","120.865","24.720","118"
"127","350236","20220930132000","84","3","苗栗縣","竹南鎮","120.870","24.725","135"
"201","350240","20220930132000","143","2","苗栗縣","竹南鎮","120.890","24.725","201"
"44","350247","20220930132000","68","0","苗栗縣","竹南鎮","120.880","24.685","71"
"1646","350248","20220930132000","1541","1","苗栗縣","竹南鎮","120.880","24.690","1571"
"1564","350250","20220930132000","1589","0","苗栗縣","竹南鎮","120.890","24.690","962"
"2579","350251","20220930132000","3100","0","苗栗縣","竹南鎮","120.875","24.685","2562"
"347","350258","20220930132000","272","2","苗栗縣","竹南鎮","120.855","24.675","352"
"23","350259","20220930132000","28","0","苗栗縣","竹南鎮","120.860","24.675","18"
"42","350264","20220930132000","226","0","苗栗縣","竹南鎮","120.850","24.680","41"
"33","350275","20220930132000","255","0","苗栗縣","竹南鎮","120.850","24.670","35"
"840","350277","20220930132000","560","3","苗栗縣","竹南鎮","120.860","24.670","789"
"137","350278","20220930132000","185","0","苗栗縣","竹南鎮","120.845","24.675","131"
"59","350279","20220930132000","57","1","苗栗縣","造橋鄉","120.855","24.660","57"
"100","350285","20220930132000","215","0","苗栗縣","頭份鎮","120.900","24.685","112"
"398","350286","20220930132000","583","0","苗栗縣","頭份鎮","120.895","24.675","447"
"919","350288","20220930132000","1057","0","苗栗縣","頭份鎮","120.890","24.680","943"
"895","350290","20220930132000","721","2","苗栗縣","頭份鎮","120.900","24.680","915"
"149","350291","20220930132000","396","0","苗栗縣","頭份鎮","120.945","24.685","158"
"128","350303","20220930132000","104","2","苗栗縣","頭份鎮","120.960","24.700","142"
"99","350311","20220930132000","60","3","苗栗縣","頭份鎮","120.965","24.705","97"
"334","350314","20220930132000","1562","0","苗栗縣","竹南鎮","120.870","24.690","356"
"695","350316","20220930132000","445","3","苗栗縣","竹南鎮","120.855","24.690","696"
"966","350319","20220930132000","958","1","苗栗縣","竹南鎮","120.865","24.685","915"
"339","350320","20220930132000","824","0","苗栗縣","竹南鎮","120.875","24.695","730"
"187","350321","20220930132000","1113","0","苗栗縣","竹南鎮","120.875","24.690","199"
"1546","350326","20220930132000","1185","2","苗栗縣","竹南鎮","120.910","24.720","1425"
"28","350330","20220930132000","343","0","苗栗縣","竹南鎮","120.905","24.725","27"
"107","350331","20220930132000","731","0","苗栗縣","竹南鎮","120.910","24.725","103"
"1112","350334","20220930132000","685","3","苗栗縣","竹南鎮","120.905","24.730","994"
"17","350336","20220930132000","95","0","新竹市","香山區","120.900","24.735","12"
"72","350338","20220930132000","366","0","新竹市","香山區","120.905","24.740","78"
"585","350340","20220930132000","582","1","苗栗縣","竹南鎮","120.875","24.660","601"
"320","350347","20220930132000","627","0","苗栗縣","竹南鎮","120.865","24.675","323"
"58","350349","20220930132000","337","0","苗栗縣","竹南鎮","120.875","24.675","59"
"990","350350","20220930132000","900","1","苗栗縣","竹南鎮","120.880","24.675","994"
"372","350351","20220930132000","257","2","苗栗縣","竹南鎮","120.870","24.680","376"
"311","350352","20220930132000","311","1","苗栗縣","竹南鎮","120.875","24.680","331"
"2066","350353","20220930132000","1917","1","苗栗縣","竹南鎮","120.870","24.685","2011"
"146","350357","20220930132000","489","0","苗栗縣","竹南鎮","120.890","24.705","153"
"347","350358","20220930132000","327","1","苗栗縣","竹南鎮","120.895","24.705","346"
"517","350359","20220930132000","341","3","苗栗縣","竹南鎮","120.900","24.705","534"
"297","350363","20220930132000","238","2","苗栗縣","竹南鎮","120.900","24.710","280"
"305","350364","20220930132000","118","3","苗栗縣","竹南鎮","120.905","24.710","356"
"206","350365","20220930132000","148","2","苗栗縣","竹南鎮","120.895","24.715","178"
"523","350367","20220930132000","404","2","苗栗縣","竹南鎮","120.905","24.715","473"
"319","350368","20220930132000","331","0","苗栗縣","竹南鎮","120.910","24.715","341"
"112","350369","20220930132000","128","0","苗栗縣","竹南鎮","120.895","24.720","145"
"397","356638","20220930132000","314","2","宜蘭縣","頭城鎮","121.940","24.840","366"
"820","360378","20220930132000","572","2","宜蘭縣","礁溪鄉","121.765","24.825","839"
"1442","360379","20220930132000","1654","0","宜蘭縣","礁溪鄉","121.770","24.825","1475"
"669","360380","20220930132000","592","1","宜蘭縣","礁溪鄉","121.775","24.825","685"
"413","360392","20220930132000","310","2","宜蘭縣","礁溪鄉","121.810","24.815","431"
"240","360394","20220930132000","175","2","宜蘭縣","礁溪鄉","121.795","24.815","317"
"37","360410","20220930132000","197","0","宜蘭縣","礁溪鄉","121.720","24.815","37"
"250","360417","20220930132000","238","1","宜蘭縣","礁溪鄉","121.720","24.820","259"
"83","360419","20220930132000","121","0","宜蘭縣","礁溪鄉","121.730","24.820","105"
"82","360427","20220930132000","259","0","宜蘭縣","礁溪鄉","121.725","24.820","67"
"300","360433","20220930132000","199","3","宜蘭縣","礁溪鄉","121.755","24.820","273"
"336","360437","20220930132000","406","0","宜蘭縣","礁溪鄉","121.740","24.825","372"
"1706","360439","20220930132000","1644","1","宜蘭縣","宜蘭市","121.755","24.770","1861"
"334","360442","20220930132000","244","2","宜蘭縣","宜蘭市","121.745","24.775","349"
"746","360449","20220930132000","606","2","宜蘭縣","壯圍鄉","121.785","24.775","717"
"18","360451","20220930132000","17","1","宜蘭縣","壯圍鄉","121.780","24.780","18"
"274","360457","20220930132000","207","2","宜蘭縣","壯圍鄉","121.795","24.790","283"
"142","360471","20220930132000","353","0","宜蘭縣","頭城鎮","121.820","24.855","144"
"213","360474","20220930132000","210","1","宜蘭縣","頭城鎮","121.835","24.885","242"
"318","360476","20220930132000","159","3","宜蘭縣","頭城鎮","121.845","24.885","312"
"633","360478","20220930132000","687","0","宜蘭縣","頭城鎮","121.830","24.855","589"
"781","360482","20220930132000","1014","0","宜蘭縣","頭城鎮","121.820","24.860","817"
"247","360484","20220930132000","187","2","宜蘭縣","頭城鎮","121.815","24.860","231"
"636","360485","20220930132000","678","0","宜蘭縣","頭城鎮","121.820","24.865","673"
"245","360486","20220930132000","305","0","宜蘭縣","頭城鎮","121.810","24.865","248"
"243","360502","20220930132000","224","1","宜蘭縣","頭城鎮","121.815","24.850","196"
"638","360507","20220930132000","829","0","宜蘭縣","頭城鎮","121.825","24.865","748"
"760","360520","20220930132000","478","3","宜蘭縣","頭城鎮","121.835","24.870","788"
"15","360521","20220930132000","49","0","宜蘭縣","頭城鎮","121.840","24.870","15"
"277","360524","20220930132000","180","3","宜蘭縣","頭城鎮","121.840","24.875","311"
"78","360537","20220930132000","53","2","新北市","三峽區","121.345","24.845","85"
"115","360552","20220930132000","150","0","新北市","三峽區","121.360","24.855","107"
"12","360554","20220930132000","22","0","新北市","三峽區","121.370","24.855","16"
"25","360559","20220930132000","43","0","新北市","三峽區","121.365","24.860","15"
"93","360569","20220930132000","71","2","新北市","三峽區","121.355","24.870","73"
"44","360573","20220930132000","33","2","新北市","三峽區","121.375","24.870","41"
"34","360625","20220930132000","34","1","宜蘭縣","頭城鎮","121.820","24.825","38"
"168","360631","20220930132000","247","0","宜蘭縣","頭城鎮","121.790","24.845","132"
"212","360639","20220930132000","252","0","宜蘭縣","頭城鎮","121.795","24.855","218"
"410","360641","20220930132000","384","1","宜蘭縣","頭城鎮","121.805","24.855","435"
"262","360684","20220930132000","223","1","宜蘭縣","礁溪鄉","121.765","24.800","241"
"216","360687","20220930132000","224","0","宜蘭縣","礁溪鄉","121.760","24.810","203"
"231","360689","20220930132000","204","1","宜蘭縣","礁溪鄉","121.755","24.815","206"
"132","360694","20220930132000","109","2","宜蘭縣","員山鄉","121.700","24.780","109"
"26","360702","20220930132000","50","0","宜蘭縣","礁溪鄉","121.680","24.785","20"
"174","360788","20220930132000","177","0","宜蘭縣","礁溪鄉","121.780","24.810","165"
"382","360803","20220930132000","361","1","宜蘭縣","壯圍鄉","121.810","24.800","386"
"490","360806","20220930132000","391","2","宜蘭縣","壯圍鄉","121.815","24.805","490"
"499","360817","20220930132000","409","2","宜蘭縣","礁溪鄉","121.780","24.785","464"
"555","360820","20220930132000","565","0","宜蘭縣","礁溪鄉","121.775","24.815","485"
"1365","360822","20220930132000","1137","2","宜蘭縣","礁溪鄉","121.770","24.820","1399"
"191","360828","20220930132000","214","0","宜蘭縣","礁溪鄉","121.730","24.790","193"
"17","360847","20220930132000","23","0","宜蘭縣","礁溪鄉","121.705","24.810","15"
"136","360848","20220930132000","107","2","宜蘭縣","礁溪鄉","121.710","24.810","142"
"514","360876","20220930132000","462","1","宜蘭縣","礁溪鄉","121.760","24.785","93"
"89","360877","20220930132000","101","0","宜蘭縣","礁溪鄉","121.750","24.790","131"
"412","360879","20220930132000","309","2","宜蘭縣","礁溪鄉","121.760","24.790","610"
"586","360881","20220930132000","416","2","宜蘭縣","礁溪鄉","121.765","24.815","565"
"488","360883","20220930132000","524","0","宜蘭縣","礁溪鄉","121.765","24.820","508"
"358","360888","20220930132000","350","1","宜蘭縣","礁溪鄉","121.755","24.825","473"
"340","360889","20220930132000","305","1","宜蘭縣","礁溪鄉","121.760","24.825","340"
"80","360898","20220930132000","134","0","宜蘭縣","礁溪鄉","121.745","24.830","115"
"68","360964","20220930132000","63","1","新北市","三峽區","121.410","24.865","67"
"311","360967","20220930132000","403","0","新北市","三峽區","121.410","24.870","788"
"200","360994","20220930132000","132","3","新北市","三峽區","121.415","24.885","191"
"27","361049","20220930132000","40","0","新北市","三峽區","121.450","24.825","50"
"59","361075","20220930132000","136","0","新北市","三峽區","121.445","24.830","71"
"20","361124","20220930132000","20","1","新北市","三峽區","121.430","24.845","25"
"45","361127","20220930132000","38","1","新北市","三峽區","121.445","24.845","22"
"28","361128","20220930132000","41","0","新北市","三峽區","121.450","24.845","14"
"27","361150","20220930132000","16","3","新北市","三峽區","121.465","24.850","27"
"25","361179","20220930132000","89","0","新北市","三峽區","121.435","24.860","28"
"18","361193","20220930132000","17","1","新北市","三峽區","121.430","24.865","10"
"69","361195","20220930132000","39","3","新北市","三峽區","121.440","24.865","75"
"11","361256","20220930132000","25","0","新北市","三峽區","121.450","24.890","21"
"53","361279","20220930132000","25","3","新北市","三峽區","121.390","24.875","34"
"44","361286","20220930132000","50","0","新北市","三峽區","121.380","24.880","40"
"66","361304","20220930132000","72","0","新北市","三峽區","121.375","24.885","58"
"75","361308","20220930132000","59","2","新北市","三峽區","121.400","24.885","75"
"584","361316","20220930132000","631","0","宜蘭縣","員山鄉","121.720","24.770","572"
"317","361349","20220930132000","293","1","宜蘭縣","員山鄉","121.715","24.775","296"
"353","361393","20220930132000","275","2","宜蘭縣","壯圍鄉","121.800","24.770","346"
"318","361412","20220930132000","228","2","宜蘭縣","宜蘭市","121.735","24.775","325"
"19","361413","20220930132000","32","0","宜蘭縣","宜蘭市","121.740","24.775","16"
"387","361414","20220930132000","274","2","宜蘭縣","宜蘭市","121.730","24.780","326"
"15","361433","20220930132000","16","0","宜蘭縣","頭城鎮","121.800","24.830","14"
"824","361441","20220930132000","583","2","宜蘭縣","頭城鎮","121.790","24.835","819"
"11","361450","20220930132000","18","0","宜蘭縣","頭城鎮","121.790","24.850","11"
"36","361466","20220930132000","70","0","新北市","坪林區","121.770","24.865","41"
"449","361479","20220930132000","470","0","宜蘭縣","頭城鎮","121.815","24.835","429"
"394","361482","20220930132000","307","2","宜蘭縣","頭城鎮","121.810","24.845","421"
"3299","361485","20220930132000","2961","1","新竹市","東區","120.985","24.800","3261"
"2081","361486","20220930132000","2000","1","新竹市","東區","120.985","24.810","2095"
"91","361496","20220930132000","62","2","桃園市","大溪區","121.325","24.880","46"
"175","361502","20220930132000","168","1","桃園市","大溪區","121.330","24.880","142"
"130","361509","20220930132000","159","0","桃園市","大溪區","121.325","24.885","146"
"110","361515","20220930132000","77","2","桃園市","大溪區","121.325","24.890","90"
"479","361521","20220930132000","666","0","桃園市","大溪區","121.250","24.865","458"
"233","361525","20220930132000","111","3","桃園市","大溪區","121.255","24.870","240"
"515","361530","20220930132000","604","0","桃園市","大溪區","121.260","24.875","498"
"459","361536","20220930132000","382","2","桃園市","大溪區","121.260","24.880","487"
"187","361538","20220930132000","170","1","桃園市","大溪區","121.275","24.880","174"
"1019","361539","20220930132000","1103","0","桃園市","大溪區","121.250","24.880","1017"
"363","361545","20220930132000","191","3","桃園市","大溪區","121.275","24.885","341"
"158","361546","20220930132000","287","0","桃園市","大溪區","121.280","24.885","168"
"580","361547","20220930132000","440","2","桃園市","大溪區","121.275","24.890","553"
"1234","361550","20220930132000","857","2","桃園市","大溪區","121.295","24.885","1316"
"133","361551","20220930132000","156","0","桃園市","大溪區","121.300","24.880","111"
"147","361552","20220930132000","425","0","桃園市","大溪區","121.290","24.880","168"
"47","361556","20220930132000","58","0","新竹縣","新埔鎮","121.080","24.835","55"
"368","361565","20220930132000","285","2","新竹縣","新埔鎮","121.080","24.840","343"
"47","361570","20220930132000","40","1","新竹縣","新埔鎮","121.130","24.860","45"
"55","361579","20220930132000","21","3","新竹縣","新埔鎮","121.140","24.870","47"
"103","361585","20220930132000","85","2","新竹縣","新埔鎮","121.135","24.875","94"
"88","361591","20220930132000","11","3","桃園市","楊梅區","121.130","24.880","83"
"649","361597","20220930132000","506","2","新竹縣","新豐鄉","120.995","24.885","672"
"1576","361600","20220930132000","1882","0","新竹縣","新豐鄉","121.010","24.885","1437"
"1456","361602","20220930132000","1218","1","新竹市","東區","120.975","24.805","1650"
"2351","361603","20220930132000","4545","0","新竹市","東區","120.980","24.805","2398"
"1146","361604","20220930132000","971","1","新竹市","東區","120.980","24.810","1124"
"752","361605","20220930132000","923","0","新竹市","東區","120.975","24.800","822"
"25","361609","20220930132000","374","0","新竹市","東區","120.985","24.785","15"
"4395","361610","20220930132000","4157","1","新竹市","東區","121.020","24.780","4791"
"1426","361611","20220930132000","2201","0","新竹市","東區","121.015","24.785","1423"
"236","361614","20220930132000","129","3","新竹縣","新埔鎮","121.105","24.845","218"
"74","361615","20220930132000","41","3","新竹縣","新埔鎮","121.115","24.845","89"
"51","361621","20220930132000","46","1","新竹縣","新埔鎮","121.120","24.850","58"
"24","361623","20220930132000","22","1","新竹縣","新埔鎮","121.100","24.855","37"
"87","361624","20220930132000","134","0","新竹縣","新埔鎮","121.105","24.855","71"
"31","361628","20220930132000","23","2","新竹縣","新埔鎮","121.125","24.855","30"
"25","361630","20220930132000","61","0","新竹縣","新埔鎮","121.105","24.860","31"
"36","361635","20220930132000","82","0","新竹縣","新埔鎮","121.105","24.865","33"
"171","361642","20220930132000","194","0","新竹縣","新埔鎮","121.115","24.875","140"
"526","361646","20220930132000","706","0","新竹縣","新埔鎮","121.070","24.825","540"
"844","361648","20220930132000","706","1","新竹縣","新埔鎮","121.080","24.825","845"
"346","361651","20220930132000","369","0","新竹縣","新埔鎮","121.070","24.830","322"
"108","361655","20220930132000","76","2","新竹縣","新埔鎮","121.135","24.845","97"
"576","361668","20220930132000","582","0","新竹縣","新豐鄉","120.980","24.870","540"
"764","361683","20220930132000","792","0","新竹縣","竹東鎮","121.030","24.775","743"
"709","361685","20220930132000","1234","0","新竹縣","湖口鄉","121.010","24.855","632"
"1164","361687","20220930132000","1149","1","新竹縣","湖口鄉","121.020","24.855","1207"
"349","361688","20220930132000","389","0","新竹縣","湖口鄉","121.025","24.855","345"
"2489","361692","20220930132000","2240","1","新竹縣","湖口鄉","121.010","24.860","2287"
"118","361693","20220930132000","45","3","新竹縣","湖口鄉","121.015","24.860","121"
"2545","361694","20220930132000","3214","0","新竹縣","湖口鄉","120.995","24.865","2598"
"1773","361695","20220930132000","1223","2","新竹縣","湖口鄉","121.000","24.865","1260"
"132","361696","20220930132000","616","0","新竹縣","湖口鄉","121.005","24.865","90"
"847","361697","20220930132000","472","3","新竹縣","湖口鄉","121.010","24.865","810"
"3094","361698","20220930132000","2778","1","新竹縣","湖口鄉","121.000","24.870","2329"
"3409","361700","20220930132000","1570","3","新竹縣","湖口鄉","121.010","24.870","4996"
"3497","361702","20220930132000","1153","3","新竹縣","湖口鄉","121.010","24.875","2349"
"1004","361703","20220930132000","643","3","新竹縣","竹北市","121.030","24.810","922"
"1508","361704","20220930132000","1239","2","新竹縣","竹北市","121.035","24.810","1341"
"370","361705","20220930132000","214","3","新竹縣","竹北市","121.030","24.815","361"
"448","361712","20220930132000","685","0","桃園市","大溪區","121.260","24.890","487"
"318","361715","20220930132000","428","0","新竹市","香山區","120.920","24.810","330"
"289","361721","20220930132000","201","2","新竹市","香山區","120.925","24.815","293"
"171","361725","20220930132000","160","1","新竹市","香山區","120.915","24.820","174"
"478","361727","20220930132000","439","1","新竹市","香山區","120.925","24.820","504"
"547","361733","20220930132000","385","2","新竹市","北區","120.925","24.825","521"
"1643","361736","20220930132000","1852","0","新竹市","香山區","120.930","24.790","1811"
"816","361738","20220930132000","504","3","新竹市","香山區","120.930","24.795","842"
"429","361744","20220930132000","383","1","新竹市","香山區","120.915","24.780","441"
"193","361752","20220930132000","376","0","新竹市","香山區","120.920","24.785","207"
"784","361756","20220930132000","1084","0","新竹市","香山區","120.920","24.805","894"
"587","361758","20220930132000","506","1","新竹市","香山區","120.935","24.805","570"
"536","361761","20220930132000","574","0","新竹市","香山區","120.940","24.805","526"
"1949","361763","20220930132000","1814","1","新竹市","香山區","120.945","24.795","2161"
"829","361765","20220930132000","1137","0","新竹市","香山區","120.940","24.790","832"
"136","361766","20220930132000","1374","0","新竹市","香山區","120.935","24.790","123"
"242","361767","20220930132000","269","0","新竹市","香山區","120.935","24.800","247"
"604","361768","20220930132000","650","0","新竹市","香山區","120.940","24.795","605"
"11","361904","20220930132000","38","0","新北市","坪林區","121.745","24.875","11"
"16","361981","20220930132000","18","0","新北市","坪林區","121.665","24.885","15"
"35","362002","20220930132000","40","0","新竹縣","關西鎮","121.260","24.775","32"
"181","362027","20220930132000","245","0","新竹縣","湖口鄉","121.030","24.880","190"
"594","362033","20220930132000","804","0","新竹縣","湖口鄉","121.025","24.885","574"
"828","362036","20220930132000","898","0","新竹縣","竹北市","120.965","24.860","813"
"749","362039","20220930132000","281","3","新竹縣","竹北市","120.980","24.860","617"
"1652","362056","20220930132000","1841","0","新竹縣","竹北市","121.015","24.825","1584"
"2368","362057","20220930132000","3026","0","新竹縣","竹北市","121.010","24.830","2282"
"677","362058","20220930132000","128","3","新竹縣","竹北市","121.040","24.810","614"
"905","362059","20220930132000","639","2","新竹縣","竹北市","121.035","24.815","896"
"152","362060","20220930132000","310","0","新竹縣","竹北市","121.040","24.815","107"
"3060","362063","20220930132000","2762","1","新竹縣","竹北市","121.030","24.820","3102"
"1086","362064","20220930132000","1286","0","新竹縣","竹北市","121.035","24.820","1138"
"622","362066","20220930132000","1102","0","新竹縣","竹北市","121.020","24.825","672"
"1109","362067","20220930132000","311","3","新竹縣","竹北市","121.025","24.825","940"
"2910","362068","20220930132000","3204","0","新竹縣","竹北市","121.030","24.825","3025"
"1121","362069","20220930132000","905","2","新竹縣","竹北市","121.035","24.825","1188"
"2567","362070","20220930132000","2623","0","新竹縣","竹北市","121.015","24.830","2654"
"777","362071","20220930132000","776","1","新竹縣","竹北市","121.020","24.830","888"
"1176","362072","20220930132000","914","2","新竹縣","竹北市","121.025","24.830","1283"
"817","362073","20220930132000","754","1","新竹縣","新埔鎮","121.030","24.830","845"
"350","362076","20220930132000","388","0","新竹縣","竹北市","120.995","24.855","358"
"405","362077","20220930132000","422","0","新竹縣","竹北市","120.990","24.860","350"
"112","362079","20220930132000","187","0","新竹縣","竹北市","120.995","24.860","118"
"3994","362081","20220930132000","2097","3","新竹市","東區","120.995","24.800","3661"
"553","362082","20220930132000","582","0","新竹市","東區","121.000","24.805","577"
"149","362085","20220930132000","273","0","新竹市","東區","121.000","24.810","159"
"378","362086","20220930132000","479","0","新竹市","東區","121.005","24.810","392"
"748","362087","20220930132000","566","2","新竹市","東區","121.010","24.810","790"
"952","362088","20220930132000","772","2","新竹市","東區","120.995","24.815","930"
"3935","362092","20220930132000","3368","1","新竹市","東區","121.010","24.775","3991"
"2491","362093","20220930132000","2195","1","新竹市","東區","121.015","24.775","2547"
"3509","362094","20220930132000","3053","1","新竹市","東區","121.020","24.775","3570"
"4865","362095","20220930132000","4327","1","新竹市","東區","121.025","24.775","4914"
"3515","362096","20220930132000","2785","2","新竹市","東區","120.990","24.780","3486"
"4824","362097","20220930132000","3618","2","新竹市","東區","121.005","24.775","4656"
"2699","362098","20220930132000","2278","1","新竹市","東區","121.005","24.780","2759"
"590","362099","20220930132000","1114","0","新竹市","東區","121.010","24.780","636"
"1881","362100","20220930132000","974","3","新竹市","東區","121.015","24.780","1782"
"6013","362101","20220930132000","4210","2","新竹市","東區","121.005","24.785","5225"
"1316","362102","20220930132000","889","2","新竹市","東區","121.010","24.785","1167"
"273","362103","20220930132000","275","0","新竹市","北區","120.945","24.835","247"
"385","362104","20220930132000","558","0","新竹市","北區","120.950","24.835","390"
"516","362107","20220930132000","404","2","新竹縣","竹東鎮","121.045","24.785","514"
"142","362108","20220930132000","131","1","新竹縣","竹東鎮","121.050","24.785","108"
"515","362117","20220930132000","439","1","新竹縣","竹東鎮","121.035","24.790","489"
"296","362122","20220930132000","850","0","新竹縣","竹東鎮","121.030","24.795","308"
"241","362128","20220930132000","188","2","新竹縣","竹北市","120.960","24.855","255"
"457","362141","20220930132000","416","1","新竹縣","竹北市","120.955","24.870","503"
"1716","362143","20220930132000","1556","1","新竹縣","竹北市","121.015","24.835","1827"
"17","362150","20220930132000","16","1","新竹縣","新豐鄉","120.955","24.885","30"
"242","362158","20220930132000","238","1","新竹縣","新豐鄉","120.975","24.890","239"
"1188","362159","20220930132000","1419","0","新竹市","東區","121.005","24.790","1301"
"2583","362160","20220930132000","2153","1","新竹市","東區","121.015","24.790","2627"
"26","362232","20220930132000","13","3","新北市","烏來區","121.520","24.825","12"
"66","362249","20220930132000","69","0","新北市","烏來區","121.525","24.830","32"
"130","362275","20220930132000","136","0","新北市","烏來區","121.525","24.835","90"
"26","362277","20220930132000","25","1","新北市","烏來區","121.535","24.835","16"
"27","362568","20220930132000","19","2","新北市","烏來區","121.590","24.850","23"
"192","362673","20220930132000","197","0","新北市","烏來區","121.550","24.875","190"
"66","362692","20220930132000","97","0","新北市","烏來區","121.545","24.880","71"
"141","362700","20220930132000","185","0","新北市","烏來區","121.550","24.885","140"
"83","362716","20220930132000","127","0","新北市","烏來區","121.550","24.845","62"
"214","362717","20220930132000","279","0","新北市","烏來區","121.555","24.845","199"
"12","362723","20220930132000","21","0","新北市","烏來區","121.550","24.850","16"
"95","362740","20220930132000","95","1","新北市","烏來區","121.560","24.860","104"
"543","362744","20220930132000","812","0","新北市","烏來區","121.550","24.865","438"
"21","362745","20220930132000","29","0","新北市","烏來區","121.555","24.865","13"
"106","362793","20220930132000","92","1","新北市","烏來區","121.510","24.775","80"
"18","362929","20220930132000","19","0","新北市","烏來區","121.505","24.795","12"
"14","362980","20220930132000","17","0","新北市","烏來區","121.515","24.815","12"
"1159","362984","20220930132000","1674","0","新竹市","東區","120.960","24.795","1317"
"3580","362985","20220930132000","3576","1","新竹市","東區","121.020","24.790","3583"
"766","362988","20220930132000","903","0","新竹市","東區","120.970","24.775","793"
"2123","362990","20220930132000","2583","0","新竹市","東區","120.985","24.805","2251"
"11","362991","20220930132000","15","0","新竹市","東區","120.965","24.775","16"
"1155","362992","20220930132000","1467","0","新竹市","北區","120.960","24.805","1135"
"305","362994","20220930132000","265","1","新竹縣","竹北市","120.945","24.850","297"
"796","362996","20220930132000","879","0","新竹縣","竹北市","120.945","24.855","768"
"1086","362998","20220930132000","999","1","新竹縣","竹北市","120.995","24.840","1109"
"1159","362999","20220930132000","1382","0","新竹縣","竹北市","121.000","24.840","1186"
"524","363002","20220930132000","384","2","新竹縣","竹北市","121.035","24.800","498"
"1745","363004","20220930132000","561","3","新竹縣","竹北市","121.025","24.805","1422"
"1262","363005","20220930132000","885","2","新竹縣","竹北市","121.030","24.805","1121"
"4125","363006","20220930132000","3389","2","新竹縣","竹北市","121.035","24.805","3976"
"2490","363007","20220930132000","2528","0","新竹縣","竹北市","121.025","24.810","2532"
"149","363008","20220930132000","58","3","新竹縣","芎林鄉","121.065","24.790","109"
"1736","363013","20220930132000","1098","3","新竹縣","竹北市","121.050","24.805","1665"
"408","363016","20220930132000","447","0","新竹縣","竹北市","121.045","24.810","364"
"2503","363021","20220930132000","2228","1","新竹縣","竹北市","121.005","24.840","2501"
"4604","363023","20220930132000","2709","3","新竹縣","竹北市","121.020","24.840","4534"
"1258","363024","20220930132000","1527","0","新竹縣","竹北市","121.000","24.845","1366"
"1514","363025","20220930132000","386","3","新竹縣","竹北市","121.000","24.855","1254"
"1853","363026","20220930132000","1546","1","新竹縣","竹北市","121.010","24.845","1810"
"492","363027","20220930132000","830","0","新竹縣","新埔鎮","121.015","24.850","523"
"713","363028","20220930132000","746","0","新竹縣","竹北市","121.020","24.845","761"
"1083","363032","20220930132000","907","1","新竹縣","芎林鄉","121.080","24.775","1132"
"16","363046","20220930132000","18","0","新竹縣","關西鎮","121.140","24.790","16"
"29","363048","20220930132000","22","2","新竹縣","關西鎮","121.150","24.790","26"
"103","363062","20220930132000","97","1","新竹縣","關西鎮","121.185","24.800","97"
"601","363073","20220930132000","865","0","新竹縣","關西鎮","121.200","24.810","613"
"1706","363082","20220930132000","1024","3","新竹縣","關西鎮","121.180","24.820","1195"
"229","363084","20220930132000","177","2","新竹縣","關西鎮","121.175","24.825","225"
"1248","363085","20220930132000","1167","1","桃園市","龍潭區","121.180","24.825","1245"
"825","363086","20220930132000","943","0","新竹市","東區","120.975","24.795","822"
"919","363088","20220930132000","1109","0","新竹縣","寶山鄉","120.985","24.775","1000"
"292","363090","20220930132000","244","1","新竹市","東區","120.980","24.780","281"
"981","363093","20220930132000","927","1","新竹市","東區","120.980","24.785","918"
"1475","363094","20220930132000","1129","2","新竹縣","新豐鄉","121.000","24.875","1548"
"604","363095","20220930132000","634","0","新竹縣","新豐鄉","120.995","24.880","561"
"701","363096","20220930132000","335","3","新竹縣","新豐鄉","121.000","24.880","531"
"433","363097","20220930132000","344","2","新竹縣","新豐鄉","121.005","24.880","432"
"1202","363098","20220930132000","1012","1","新竹縣","新豐鄉","120.990","24.870","1234"
"2946","363099","20220930132000","3576","0","新竹縣","新豐鄉","120.995","24.870","3051"
"1072","363100","20220930132000","1119","0","新竹縣","新豐鄉","120.985","24.865","979"
"693","363101","20220930132000","738","0","新竹縣","新豐鄉","120.990","24.865","1395"
"408","363103","20220930132000","319","2","新竹縣","新豐鄉","120.985","24.875","427"
"567","363109","20220930132000","569","0","新竹縣","關西鎮","121.145","24.805","516"
"21","363124","20220930132000","15","2","新竹縣","關西鎮","121.125","24.775","15"
"58","363127","20220930132000","99","0","新竹縣","關西鎮","121.120","24.780","66"
"18","363131","20220930132000","15","2","新竹縣","關西鎮","121.115","24.785","28"
"211","363143","20220930132000","190","1","新竹縣","關西鎮","121.130","24.790","196"
"162","363153","20220930132000","54","3","新竹縣","關西鎮","121.200","24.775","124"
"860","363158","20220930132000","901","0","新竹縣","關西鎮","121.175","24.785","846"
"1113","363160","20220930132000","981","1","新竹縣","關西鎮","121.185","24.790","1123"
"407","363164","20220930132000","638","0","新竹縣","關西鎮","121.190","24.795","387"
"15","363183","20220930132000","29","0","新竹縣","關西鎮","121.205","24.780","18"
"129","363187","20220930132000","107","2","新竹縣","關西鎮","121.195","24.785","130"
"170","363195","20220930132000","118","2","新竹縣","關西鎮","121.195","24.790","167"
"37","363197","20220930132000","26","2","新竹縣","關西鎮","121.205","24.790","53"
"89","363217","20220930132000","77","1","新竹縣","關西鎮","121.230","24.795","83"
"130","363223","20220930132000","154","0","新竹縣","關西鎮","121.235","24.800","135"
"25","363229","20220930132000","19","2","新竹縣","關西鎮","121.135","24.820","11"
"284","363233","20220930132000","317","0","新竹縣","關西鎮","121.115","24.825","311"
"209","363245","20220930132000","179","1","新竹縣","關西鎮","121.115","24.830","209"
"814","363256","20220930132000","742","1","新竹縣","關西鎮","121.165","24.830","829"
"90","363258","20220930132000","58","3","新竹縣","新埔鎮","121.125","24.835","72"
"206","363272","20220930132000","230","0","新竹縣","關西鎮","121.150","24.840","206"
"755","363274","20220930132000","771","0","新竹縣","關西鎮","121.135","24.810","761"
"122","363279","20220930132000","42","3","新竹縣","關西鎮","121.130","24.815","82"
"599","363291","20220930132000","591","1","新竹縣","關西鎮","121.165","24.800","604"
"2256","363304","20220930132000","2167","1","新竹縣","關西鎮","121.175","24.790","2287"
"197","363305","20220930132000","195","1","新竹縣","關西鎮","121.170","24.795","216"
"240","363306","20220930132000","255","0","新竹縣","關西鎮","121.175","24.795","213"
"114","363308","20220930132000","95","2","新竹縣","關西鎮","121.175","24.805","99"
"1903","363344","20220930132000","1602","1","桃園市","龍潭區","121.230","24.875","1997"
"893","363345","20220930132000","763","1","桃園市","龍潭區","121.230","24.880","842"
"985","363346","20220930132000","939","1","桃園市","龍潭區","121.225","24.855","967"
"178","363347","20220930132000","134","2","桃園市","龍潭區","121.230","24.855","176"
"66","363355","20220930132000","45","2","桃園市","龍潭區","121.235","24.865","57"
"108","363358","20220930132000","246","0","桃園市","龍潭區","121.230","24.870","92"
"468","363359","20220930132000","400","1","桃園市","龍潭區","121.235","24.870","514"
"27","363361","20220930132000","17","3","桃園市","龍潭區","121.245","24.870","37"
"347","363362","20220930132000","612","0","桃園市","平鎮區","121.245","24.875","365"
"606","363365","20220930132000","654","0","桃園市","龍潭區","121.235","24.840","633"
"897","363366","20220930132000","1011","0","桃園市","龍潭區","121.240","24.835","993"
"322","363369","20220930132000","358","0","桃園市","龍潭區","121.240","24.845","330"
"593","363370","20220930132000","441","2","桃園市","龍潭區","121.245","24.850","660"
"1249","363371","20220930132000","1306","0","桃園市","龍潭區","121.250","24.850","1421"
"1024","363374","20220930132000","859","1","桃園市","龍潭區","121.250","24.855","1144"
"428","363376","20220930132000","832","0","桃園市","龍潭區","121.255","24.860","479"
"431","363377","20220930132000","341","2","桃園市","龍潭區","121.180","24.870","397"
"652","363380","20220930132000","701","0","桃園市","龍潭區","121.195","24.870","714"
"667","363388","20220930132000","547","2","桃園市","龍潭區","121.185","24.880","667"
"4705","363392","20220930132000","2836","3","桃園市","龍潭區","121.185","24.885","4601"
"179","363394","20220930132000","125","2","桃園市","龍潭區","121.180","24.885","164"
"382","363396","20220930132000","484","0","桃園市","龍潭區","121.190","24.885","387"
"215","363397","20220930132000","194","1","桃園市","龍潭區","121.190","24.890","204"
"5666","363481","20220930132000","6742","0","新竹市","東區","120.975","24.810","6269"
"4468","363482","20220930132000","4649","0","新竹市","東區","120.970","24.800","4566"
"1340","363483","20220930132000","1330","1","新竹市","東區","120.970","24.810","1384"
"1135","363484","20220930132000","579","3","新竹市","東區","120.970","24.785","851"
"905","363485","20220930132000","752","2","新竹市","東區","120.975","24.785","1115"
"4165","363486","20220930132000","3406","2","新竹市","東區","120.965","24.795","3999"
"15","363492","20220930132000","13","1","新北市","新店區","121.575","24.885","17"
"1481","363502","20220930132000","1125","2","桃園市","龍潭區","121.185","24.840","1453"
"918","363507","20220930132000","790","1","桃園市","龍潭區","121.185","24.845","883"
"129","363511","20220930132000","56","3","桃園市","龍潭區","121.180","24.850","122"
"106","363514","20220930132000","207","0","桃園市","龍潭區","121.195","24.850","112"
"289","363523","20220930132000","148","3","桃園市","龍潭區","121.190","24.860","270"
"539","363528","20220930132000","614","0","桃園市","龍潭區","121.245","24.835","538"
"294","363532","20220930132000","331","0","桃園市","龍潭區","121.245","24.840","328"
"131","363536","20220930132000","80","3","桃園市","龍潭區","121.245","24.845","143"
"99","363557","20220930132000","112","0","桃園市","龍潭區","121.240","24.830","122"
"468","363560","20220930132000","407","1","桃園市","龍潭區","121.230","24.835","474"
"97","363589","20220930132000","91","1","桃園市","龍潭區","121.160","24.870","123"
"810","363593","20220930132000","686","1","桃園市","龍潭區","121.210","24.840","814"
"371","363597","20220930132000","249","2","桃園市","龍潭區","121.200","24.855","375"
"582","363599","20220930132000","688","0","桃園市","龍潭區","121.210","24.855","624"
"1260","363602","20220930132000","756","3","桃園市","龍潭區","121.225","24.845","1211"
"240","363603","20220930132000","573","0","桃園市","龍潭區","121.230","24.845","227"
"37","363605","20220930132000","23","3","桃園市","龍潭區","121.225","24.850","31"
"1083","363611","20220930132000","979","1","桃園市","龍潭區","121.220","24.850","1055"
"1519","363613","20220930132000","1287","1","桃園市","龍潭區","121.215","24.865","1539"
"718","363614","20220930132000","830","0","桃園市","龍潭區","121.220","24.865","742"
"691","363615","20220930132000","730","0","桃園市","龍潭區","121.210","24.870","679"
"1055","363616","20220930132000","851","2","桃園市","龍潭區","121.215","24.870","1090"
"331","363620","20220930132000","458","0","桃園市","龍潭區","121.220","24.860","365"
"428","363625","20220930132000","602","0","桃園市","龍潭區","121.205","24.865","414"
"165","363626","20220930132000","115","2","桃園市","龍潭區","121.200","24.870","140"
"1340","363627","20220930132000","812","3","桃園市","龍潭區","121.205","24.870","1209"
"3126","363628","20220930132000","2142","2","新竹縣","竹北市","121.020","24.835","2930"
"1227","363629","20220930132000","1420","0","新竹縣","竹北市","121.025","24.835","1240"
"993","363630","20220930132000","1196","0","新竹縣","竹北市","121.010","24.835","1004"
"207","363633","20220930132000","184","1","新竹市","東區","120.960","24.780","205"
"374","363634","20220930132000","368","1","新竹市","東區","120.965","24.780","388"
"823","363637","20220930132000","822","1","新竹市","東區","120.965","24.785","886"
"3097","363639","20220930132000","3106","0","新竹市","東區","120.965","24.790","3193"
"1871","363641","20220930132000","2365","0","新竹市","東區","121.020","24.785","1813"
"321","363642","20220930132000","391","0","新竹縣","竹東鎮","121.025","24.785","294"
"862","363644","20220930132000","620","2","新竹縣","竹東鎮","121.035","24.775","766"
"2587","363646","20220930132000","1272","3","新竹縣","竹東鎮","121.045","24.775","2482"
"1479","363648","20220930132000","1616","0","新竹縣","竹東鎮","121.030","24.780","1465"
"13","363649","20220930132000","309","0","新竹縣","竹東鎮","121.035","24.780","180"
"380","363651","20220930132000","488","0","新竹縣","竹東鎮","121.045","24.780","432"
"982","363655","20220930132000","1211","0","桃園市","龍潭區","121.235","24.880","1009"
"749","363658","20220930132000","744","1","桃園市","龍潭區","121.240","24.880","760"
"108","363661","20220930132000","146","0","桃園市","龍潭區","121.240","24.810","131"
"646","363663","20220930132000","830","0","桃園市","龍潭區","121.240","24.815","703"
"35","363664","20220930132000","73","0","桃園市","龍潭區","121.235","24.820","40"
"217","363667","20220930132000","263","0","桃園市","龍潭區","121.230","24.825","252"
"559","363668","20220930132000","553","1","桃園市","龍潭區","121.235","24.825","585"
"560","363676","20220930132000","558","1","桃園市","龍潭區","121.230","24.840","585"
"601","363677","20220930132000","873","0","新竹縣","竹北市","121.005","24.845","566"
"1236","363682","20220930132000","1192","1","新竹縣","芎林鄉","121.080","24.780","1279"
"21","363685","20220930132000","82","0","新竹縣","芎林鄉","121.075","24.785","17"
"854","363687","20220930132000","748","1","新竹縣","芎林鄉","121.070","24.790","864"
"619","363696","20220930132000","599","1","新竹縣","芎林鄉","121.060","24.795","620"
"618","363709","20220930132000","599","1","新竹縣","芎林鄉","121.090","24.775","644"
"20","363719","20220930132000","13","3","新竹縣","芎林鄉","121.110","24.785","13"
"26","363721","20220930132000","23","1","新竹縣","芎林鄉","121.085","24.780","25"
"46","363725","20220930132000","89","0","新竹縣","芎林鄉","121.100","24.780","47"
"219","363728","20220930132000","185","1","新竹縣","芎林鄉","121.100","24.785","221"
"842","363737","20220930132000","706","1","新竹縣","竹北市","120.985","24.835","924"
"440","363744","20220930132000","289","3","新竹縣","竹北市","120.975","24.840","471"
"568","363746","20220930132000","560","1","新竹縣","竹北市","120.955","24.840","607"
"320","363748","20220930132000","312","1","新竹縣","竹北市","120.965","24.840","375"
"33","363765","20220930132000","319","0","宜蘭縣","礁溪鄉","121.790","24.795","48"
"59","363769","20220930132000","171","0","宜蘭縣","礁溪鄉","121.780","24.800","55"
"244","363770","20220930132000","282","0","宜蘭縣","礁溪鄉","121.785","24.800","215"
"194","363777","20220930132000","267","0","宜蘭縣","礁溪鄉","121.790","24.810","205"
"951","363779","20220930132000","1451","0","宜蘭縣","礁溪鄉","121.775","24.830","952"
"795","363783","20220930132000","551","2","宜蘭縣","礁溪鄉","121.780","24.835","739"
"355","363797","20220930132000","518","0","宜蘭縣","礁溪鄉","121.790","24.830","384"
"22","363798","20220930132000","86","0","宜蘭縣","礁溪鄉","121.785","24.835","32"
"1076","363803","20220930132000","747","2","桃園市","平鎮區","121.200","24.890","1008"
"1251","363805","20220930132000","1370","0","新竹市","北區","120.955","24.805","1245"
"415","363808","20220930132000","614","0","新竹市","北區","120.945","24.815","364"
"19","363811","20220930132000","34","0","新竹市","北區","120.955","24.785","177"
"1526","363814","20220930132000","1362","1","新竹市","北區","120.955","24.790","1637"
"433","363815","20220930132000","610","0","新竹市","香山區","120.950","24.795","438"
"1640","363816","20220930132000","1496","1","桃園市","大溪區","121.290","24.885","1665"
"4658","363817","20220930132000","3270","2","新竹縣","寶山鄉","120.990","24.775","4408"
"3466","363818","20220930132000","2122","3","新竹縣","寶山鄉","120.995","24.775","3611"
"7570","363819","20220930132000","6164","2","新竹縣","寶山鄉","121.000","24.775","7339"
"6897","363821","20220930132000","4546","3","新竹市","東區","120.995","24.780","6894"
"1266","363824","20220930132000","830","3","新竹縣","竹北市","121.010","24.820","1174"
"1489","363825","20220930132000","2034","0","新竹縣","竹北市","121.015","24.820","1597"
"2218","363826","20220930132000","1776","2","新竹縣","竹北市","121.005","24.825","2242"
"2785","363827","20220930132000","2367","1","新竹縣","竹北市","121.010","24.825","2831"
"1553","363828","20220930132000","1512","1","新竹縣","竹北市","121.005","24.830","1567"
"422","363835","20220930132000","378","1","新竹縣","新埔鎮","121.050","24.835","443"
"404","363837","20220930132000","564","0","新竹縣","新埔鎮","121.045","24.840","478"
"831","363839","20220930132000","19","3","新竹縣","新埔鎮","121.055","24.840","714"
"12","363850","20220930132000","28","0","新竹縣","新埔鎮","121.035","24.840","14"
"1000","363852","20220930132000","1044","0","新竹縣","新埔鎮","121.025","24.845","1000"
"598","363854","20220930132000","38","3","新竹縣","新埔鎮","121.035","24.845","416"
"64","363855","20220930132000","173","0","新竹縣","新埔鎮","121.040","24.845","55"
"38","363860","20220930132000","23","3","新竹縣","新埔鎮","121.030","24.850","31"
"57","363864","20220930132000","38","3","桃園市","龍潭區","121.210","24.875","56"
"1050","363865","20220930132000","1056","0","桃園市","龍潭區","121.205","24.880","1073"
"210","363866","20220930132000","189","1","新竹縣","竹北市","120.980","24.840","209"
"438","363870","20220930132000","459","0","新竹縣","竹北市","120.975","24.850","305"
"236","363871","20220930132000","397","0","新竹縣","竹北市","120.980","24.850","359"
"195","363872","20220930132000","201","0","新竹縣","竹東鎮","121.055","24.775","175"
"241","363877","20220930132000","214","1","新竹縣","竹東鎮","121.055","24.785","226"
"72","363882","20220930132000","66","1","宜蘭縣","礁溪鄉","121.745","24.800","64"
"210","363884","20220930132000","168","2","宜蘭縣","礁溪鄉","121.755","24.800","179"
"1149","363890","20220930132000","678","3","宜蘭縣","礁溪鄉","121.740","24.780","1165"
"276","363899","20220930132000","164","3","宜蘭縣","礁溪鄉","121.740","24.790","253"
"38","363932","20220930132000","42","0","新竹市","香山區","120.915","24.775","22"
"466","363936","20220930132000","663","0","新竹市","香山區","120.950","24.775","436"
"244","363940","20220930132000","213","1","新竹市","香山區","120.950","24.780","248"
"393","363941","20220930132000","484","0","新竹市","香山區","120.935","24.795","393"
"367","363948","20220930132000","343","1","新竹市","香山區","120.925","24.800","352"
"2574","363957","20220930132000","1465","3","新竹縣","竹北市","120.995","24.835","2342"
"539","363960","20220930132000","915","0","新竹縣","竹北市","121.000","24.825","501"
"383","363961","20220930132000","379","1","新竹縣","竹北市","120.990","24.830","391"
"692","363963","20220930132000","622","1","新竹縣","竹北市","121.000","24.830","1409"
"1883","363964","20220930132000","1574","1","新竹縣","竹北市","121.000","24.835","1721"
"538","363965","20220930132000","521","1","新竹縣","竹北市","121.005","24.835","555"
"516","363968","20220930132000","495","1","新竹縣","竹北市","120.970","24.835","528"
"2844","363976","20220930132000","2746","1","桃園市","龍潭區","121.215","24.860","2898"
"1050","363977","20220930132000","956","1","桃園市","龍潭區","121.210","24.865","1092"
"216","363980","20220930132000","148","2","新竹縣","新埔鎮","121.110","24.815","184"
"178","363983","20220930132000","52","3","新竹縣","新埔鎮","121.100","24.820","131"
"477","363985","20220930132000","524","0","新竹縣","新埔鎮","121.090","24.825","504"
"217","363989","20220930132000","286","0","新竹縣","關西鎮","121.110","24.825","188"
"2076","363994","20220930132000","1864","1","新竹市","北區","120.970","24.820","2018"
"1830","363995","20220930132000","2173","0","新竹市","北區","120.955","24.810","1786"
"2060","363996","20220930132000","1924","1","新竹市","北區","120.960","24.810","2103"
"878","363997","20220930132000","966","0","宜蘭縣","頭城鎮","121.825","24.860","906"
"33","364009","20220930132000","92","0","桃園市","大溪區","121.290","24.835","11"
"37","364010","20220930132000","55","0","桃園市","大溪區","121.295","24.835","40"
"17","364011","20220930132000","24","0","桃園市","大溪區","121.300","24.835","17"
"33","364012","20220930132000","34","0","桃園市","大溪區","121.305","24.835","35"
"63","364013","20220930132000","62","1","桃園市","大溪區","121.280","24.840","62"
"22","364014","20220930132000","53","0","桃園市","大溪區","121.285","24.840","24"
"14","364017","20220930132000","27","0","桃園市","大溪區","121.300","24.840","14"
"819","364024","20220930132000","677","2","桃園市","大溪區","121.285","24.850","827"
"20","364032","20220930132000","254","0","桃園市","大溪區","121.295","24.855","14"
"21","364043","20220930132000","41","0","桃園市","大溪區","121.305","24.860","25"
"206","364050","20220930132000","209","0","桃園市","大溪區","121.295","24.865","188"
"81","364052","20220930132000","80","1","桃園市","大溪區","121.305","24.865","79"
"275","364061","20220930132000","198","2","桃園市","大溪區","121.300","24.870","249"
"139","364068","20220930132000","190","0","桃園市","大溪區","121.300","24.875","150"
"62","364070","20220930132000","39","3","桃園市","大溪區","121.310","24.875","62"
"293","364110","20220930132000","380","0","桃園市","大溪區","121.270","24.840","281"
"461","364119","20220930132000","479","0","新竹縣","新豐鄉","121.005","24.885","418"
"520","364123","20220930132000","402","2","新竹縣","新豐鄉","121.005","24.890","547"
"280","364126","20220930132000","263","1","新竹縣","湖口鄉","121.020","24.890","285"
"29","364127","20220930132000","58","0","新竹縣","新豐鄉","120.995","24.875","225"
"235","364129","20220930132000","237","0","新竹縣","新豐鄉","120.990","24.880","237"
"215","364130","20220930132000","261","0","新竹縣","新豐鄉","120.990","24.885","234"
"1538","364132","20220930132000","1399","1","新竹縣","新豐鄉","120.990","24.890","1501"
"348","364139","20220930132000","330","1","新竹縣","湖口鄉","121.025","24.890","339"
"431","364141","20220930132000","467","0","新竹縣","湖口鄉","121.035","24.890","479"
"1374","364143","20220930132000","1173","1","新竹縣","湖口鄉","121.020","24.860","1382"
"381","364146","20220930132000","320","1","新竹縣","湖口鄉","121.015","24.865","538"
"967","364147","20220930132000","754","2","新竹縣","湖口鄉","121.020","24.865","1057"
"1153","364148","20220930132000","1142","1","新竹縣","湖口鄉","121.025","24.865","1199"
"561","364149","20220930132000","756","0","新竹縣","湖口鄉","121.030","24.865","575"
"938","364163","20220930132000","912","1","新竹縣","湖口鄉","121.035","24.875","976"
"1187","364164","20220930132000","1734","0","新竹縣","湖口鄉","121.040","24.875","1271"
"285","364168","20220930132000","313","0","新竹縣","湖口鄉","121.035","24.880","290"
"255","364171","20220930132000","294","0","新竹縣","湖口鄉","121.050","24.880","250"
"27","364179","20220930132000","28","0","新竹縣","湖口鄉","121.065","24.875","21"
"258","364189","20220930132000","329","0","新竹縣","湖口鄉","121.075","24.880","278"
"152","364194","20220930132000","146","1","新竹縣","湖口鄉","121.070","24.885","148"
"333","364195","20220930132000","241","2","新竹縣","湖口鄉","121.075","24.885","303"
"910","364201","20220930132000","751","2","新竹縣","湖口鄉","121.055","24.880","804"
"271","364202","20220930132000","549","0","新竹縣","湖口鄉","121.060","24.880","276"
"357","364205","20220930132000","365","0","新竹縣","湖口鄉","121.050","24.885","328"
"58","364211","20220930132000","52","1","新竹縣","湖口鄉","121.105","24.880","50"
"458","364216","20220930132000","473","0","新竹縣","湖口鄉","121.090","24.885","430"
"30","364221","20220930132000","122","0","新竹縣","湖口鄉","121.095","24.885","465"
"155","364222","20220930132000","155","1","新竹縣","湖口鄉","121.100","24.885","148"
"284","364228","20220930132000","340","0","新竹縣","湖口鄉","121.110","24.890","310"
"397","364231","20220930132000","272","2","新竹縣","湖口鄉","121.085","24.885","377"
"297","364236","20220930132000","223","2","新竹縣","湖口鄉","121.080","24.890","298"
"354","364238","20220930132000","357","0","新竹縣","湖口鄉","121.090","24.890","349"
"3508","364239","20220930132000","3598","0","新竹縣","湖口鄉","121.015","24.870","3773"
"457","364240","20220930132000","607","0","新竹縣","湖口鄉","121.015","24.875","409"
"2497","364242","20220930132000","1754","2","新竹縣","湖口鄉","121.025","24.875","2495"
"1042","364243","20220930132000","893","1","新竹縣","湖口鄉","121.010","24.880","1129"
"2891","364244","20220930132000","2882","1","新竹市","北區","120.965","24.805","2911"
"18","364290","20220930132000","27","0","新北市","新店區","121.510","24.890","19"
"32","364291","20220930132000","29","1","新北市","新店區","121.515","24.890","30"
"262","364296","20220930132000","430","0","桃園市","大溪區","121.265","24.885","260"
"1140","364314","20220930132000","480","3","桃園市","大溪區","121.280","24.870","941"
"75","364340","20220930132000","112","0","桃園市","大溪區","121.285","24.820","86"
"29","364349","20220930132000","32","0","桃園市","大溪區","121.295","24.825","20"
"122","364352","20220930132000","174","0","桃園市","大溪區","121.310","24.825","117"
"66","364355","20220930132000","78","0","桃園市","大溪區","121.300","24.830","58"
"128","364359","20220930132000","135","0","桃園市","大溪區","121.305","24.830","141"
"520","364405","20220930132000","548","0","桃園市","大溪區","121.300","24.890","608"
"578","364409","20220930132000","517","1","新竹縣","湖口鄉","121.045","24.890","839"
"87","364419","20220930132000","81","1","新竹縣","湖口鄉","121.040","24.860","107"
"676","364424","20220930132000","684","0","新竹縣","湖口鄉","121.035","24.865","718"
"609","364429","20220930132000","407","2","新竹縣","湖口鄉","121.020","24.870","590"
"922","364430","20220930132000","1685","0","新竹縣","湖口鄉","121.025","24.870","919"
"877","364431","20220930132000","817","1","新竹縣","湖口鄉","121.030","24.870","845"
"1181","364432","20220930132000","1213","0","新竹縣","湖口鄉","121.035","24.870","1296"
"3685","364436","20220930132000","1736","3","新竹縣","湖口鄉","121.030","24.875","3160"
"31","364448","20220930132000","21","2","新竹縣","新埔鎮","121.095","24.805","30"
"394","364453","20220930132000","353","1","新竹縣","新埔鎮","121.090","24.810","442"
"77","364455","20220930132000","35","3","新竹縣","新埔鎮","121.100","24.810","67"
"14","364462","20220930132000","11","2","新竹縣","新埔鎮","121.085","24.845","13"
"122","364470","20220930132000","87","2","新竹縣","新埔鎮","121.095","24.855","116"
"315","364480","20220930132000","429","0","新竹縣","新埔鎮","121.060","24.835","362"
"219","364482","20220930132000","162","2","新竹縣","新埔鎮","121.060","24.840","216"
"1666","364497","20220930132000","1971","0","新竹縣","新埔鎮","121.085","24.830","1740"
"140","364505","20220930132000","45","3","新竹縣","芎林鄉","121.085","24.790","86"
"87","364507","20220930132000","80","1","新竹縣","新埔鎮","121.085","24.795","89"
"142","364516","20220930132000","49","3","新竹縣","新埔鎮","121.080","24.810","118"
"152","364518","20220930132000","146","1","新竹縣","新埔鎮","121.080","24.815","145"
"471","364538","20220930132000","510","0","新竹縣","新埔鎮","121.120","24.840","464"
"477","364549","20220930132000","520","0","新竹縣","新埔鎮","121.060","24.820","498"
"495","364554","20220930132000","49","3","新竹縣","新埔鎮","121.055","24.825","333"
"30","364555","20220930132000","186","0","新竹縣","新埔鎮","121.060","24.825","39"
"555","364558","20220930132000","846","0","新竹縣","新埔鎮","121.040","24.830","605"
"2079","364561","20220930132000","2086","0","新竹縣","新埔鎮","121.030","24.835","2208"
"17","364571","20220930132000","54","0","新竹縣","新埔鎮","121.145","24.855","29"
"1207","364579","20220930132000","1099","1","新竹縣","新埔鎮","121.080","24.830","984"
"375","364581","20220930132000","325","1","宜蘭縣","宜蘭市","121.760","24.770","355"
"412","364583","20220930132000","273","3","宜蘭縣","宜蘭市","121.770","24.770","461"
"149","364585","20220930132000","132","1","宜蘭縣","宜蘭市","121.765","24.770","109"
"230","364586","20220930132000","168","2","宜蘭縣","宜蘭市","121.760","24.775","197"
"347","364587","20220930132000","300","1","宜蘭縣","宜蘭市","121.760","24.780","379"
"147","364588","20220930132000","115","2","桃園市","平鎮區","121.185","24.890","127"
"455","364590","20220930132000","367","2","桃園市","大溪區","121.285","24.865","444"
"485","364594","20220930132000","431","1","桃園市","大溪區","121.285","24.875","533"
"986","364597","20220930132000","956","1","桃園市","大溪區","121.285","24.880","978"
"635","364599","20220930132000","964","0","桃園市","大溪區","121.295","24.880","601"
"1064","364601","20220930132000","1012","1","桃園市","大溪區","121.270","24.880","1102"
"188","364607","20220930132000","230","0","桃園市","楊梅區","121.180","24.890","181"
"251","364609","20220930132000","265","0","桃園市","龍潭區","121.235","24.875","262"
"552","364612","20220930132000","481","1","桃園市","龍潭區","121.220","24.870","561"
"657","364613","20220930132000","492","2","桃園市","龍潭區","121.225","24.870","650"
"470","364614","20220930132000","332","2","桃園市","龍潭區","121.205","24.885","447"
"56","364615","20220930132000","165","0","桃園市","龍潭區","121.205","24.890","501"
"1603","364616","20220930132000","1581","1","桃園市","龍潭區","121.210","24.885","1565"
"199","364618","20220930132000","197","1","新竹縣","竹北市","120.990","24.835","199"
"411","364620","20220930132000","369","1","新竹縣","竹北市","120.990","24.840","430"
"354","364623","20220930132000","388","0","新竹縣","竹北市","120.990","24.845","363"
"543","364629","20220930132000","1349","0","新竹縣","竹北市","121.045","24.795","601"
"1144","364631","20220930132000","935","2","新竹縣","竹北市","121.040","24.800","1214"
"839","364632","20220930132000","347","3","新竹縣","竹北市","121.045","24.800","748"
"436","364633","20220930132000","618","0","新竹縣","竹北市","121.050","24.800","475"
"2949","364634","20220930132000","2424","2","新竹縣","竹北市","121.040","24.805","3062"
"800","364635","20220930132000","602","2","新竹縣","竹北市","121.045","24.805","873"
"1923","364637","20220930132000","2030","0","新竹縣","竹北市","121.020","24.810","1937"
"1481","364639","20220930132000","1281","1","新竹縣","竹北市","121.020","24.815","1444"
"1749","364640","20220930132000","2887","0","新竹縣","竹北市","121.025","24.815","1751"
"1291","364641","20220930132000","399","3","新竹縣","竹北市","121.020","24.820","1031"
"1672","364642","20220930132000","3098","0","新竹縣","竹北市","121.025","24.820","1650"
"780","364648","20220930132000","638","2","新竹市","北區","120.925","24.840","788"
"594","364657","20220930132000","686","0","桃園市","龍潭區","121.210","24.890","602"
"57","364662","20220930132000","66","0","桃園市","復興區","121.325","24.775","84"
"18","364692","20220930132000","29","0","桃園市","復興區","121.335","24.790","27"
"171","364720","20220930132000","196","0","桃園市","復興區","121.345","24.805","150"
"18","364724","20220930132000","32","0","桃園市","復興區","121.365","24.805","18"
"343","364731","20220930132000","283","2","桃園市","復興區","121.350","24.815","368"
"117","364735","20220930132000","243","0","桃園市","復興區","121.350","24.820","201"
"253","364741","20220930132000","141","3","桃園市","復興區","121.370","24.825","302"
"14","364744","20220930132000","14","1","桃園市","復興區","121.365","24.830","14"
"173","364767","20220930132000","218","0","桃園市","復興區","121.375","24.800","140"
"53","364824","20220930132000","67","0","桃園市","復興區","121.375","24.785","46"
"36","364825","20220930132000","28","2","桃園市","復興區","121.380","24.785","30"
"69","364828","20220930132000","47","2","桃園市","復興區","121.395","24.785","50"
"141","364934","20220930132000","197","0","桃園市","復興區","121.305","24.800","209"
"36","364969","20220930132000","25","2","桃園市","復興區","121.400","24.805","44"
"46","364990","20220930132000","15","3","桃園市","復興區","121.375","24.815","59"
"71","365017","20220930132000","56","2","桃園市","復興區","121.390","24.825","50"
"290","365042","20220930132000","248","1","桃園市","復興區","121.385","24.835","351"
"244","365054","20220930132000","318","0","桃園市","楊梅區","121.155","24.880","253"
"125","365058","20220930132000","145","0","桃園市","楊梅區","121.155","24.885","124"
"424","365063","20220930132000","339","2","桃園市","楊梅區","121.150","24.885","405"
"168","365065","20220930132000","157","1","桃園市","楊梅區","121.160","24.885","146"
"67","365067","20220930132000","151","0","桃園市","楊梅區","121.150","24.890","38"
"519","365068","20220930132000","572","0","桃園市","楊梅區","121.155","24.890","505"
"751","365070","20220930132000","431","3","桃園市","楊梅區","121.170","24.885","784"
"1889","365073","20220930132000","2404","0","新竹市","北區","120.955","24.795","1990"
"266","365074","20220930132000","389","0","新竹市","香山區","120.955","24.780","316"
"1586","365075","20220930132000","1415","1","新竹市","香山區","120.945","24.790","1512"
"443","365076","20220930132000","316","2","新竹市","香山區","120.950","24.790","454"
"643","365079","20220930132000","718","0","新竹市","香山區","120.925","24.790","716"
"1282","365080","20220930132000","1490","0","新竹市","香山區","120.925","24.795","1356"
"914","365083","20220930132000","667","2","新竹市","香山區","120.940","24.775","964"
"730","365086","20220930132000","690","1","新竹市","香山區","120.940","24.780","733"
"237","365089","20220930132000","275","0","新竹市","香山區","120.935","24.785","238"
"2149","365090","20220930132000","1835","1","新竹縣","竹北市","121.015","24.840","2165"
"4333","365091","20220930132000","4025","1","新竹縣","竹北市","121.010","24.840","4460"
"734","365092","20220930132000","599","2","桃園市","龍潭區","121.210","24.880","773"
"381","365093","20220930132000","358","1","桃園市","龍潭區","121.215","24.880","389"
"590","365094","20220930132000","460","2","桃園市","龍潭區","121.215","24.885","595"
"457","365099","20220930132000","516","0","桃園市","龍潭區","121.200","24.875","449"
"397","365102","20220930132000","463","0","桃園市","龍潭區","121.195","24.885","418"
"410","365105","20220930132000","308","2","桃園市","龍潭區","121.200","24.885","410"
"937","365121","20220930132000","794","1","桃園市","龍潭區","121.180","24.835","913"
"472","365122","20220930132000","475","0","桃園市","龍潭區","121.185","24.835","466"
"1000","365124","20220930132000","1130","0","桃園市","龍潭區","121.195","24.835","997"
"523","365133","20220930132000","823","0","桃園市","龍潭區","121.200","24.850","568"
"524","365138","20220930132000","549","0","桃園市","龍潭區","121.210","24.810","556"
"209","365145","20220930132000","272","0","桃園市","龍潭區","121.205","24.820","236"
"235","365150","20220930132000","304","0","桃園市","龍潭區","121.205","24.825","202"
"208","365153","20220930132000","186","1","桃園市","龍潭區","121.220","24.825","210"
"1626","365158","20220930132000","1066","3","桃園市","龍潭區","121.205","24.835","1676"
"35","365159","20220930132000","53","0","桃園市","龍潭區","121.210","24.835","27"
"764","365161","20220930132000","764","1","桃園市","龍潭區","121.205","24.840","811"
"249","365169","20220930132000","309","0","桃園市","龍潭區","121.230","24.885","255"
"854","365173","20220930132000","885","0","新竹市","北區","120.965","24.815","856"
"821","365174","20220930132000","666","2","新竹市","北區","120.960","24.820","772"
"1127","365175","20220930132000","1041","1","新竹市","北區","120.960","24.800","1060"
"1978","365176","20220930132000","1991","0","新竹市","東區","120.980","24.795","1994"
"1111","365177","20220930132000","1635","0","新竹市","東區","120.985","24.795","1139"
"182","365178","20220930132000","240","0","新竹市","東區","120.985","24.790","114"
"1567","365183","20220930132000","1016","3","新竹市","北區","120.975","24.820","1603"
"877","365184","20220930132000","806","1","新竹市","北區","120.975","24.825","834"
"529","365185","20220930132000","546","0","新竹市","北區","120.980","24.825","523"
"1445","365210","20220930132000","1425","1","新竹市","東區","121.000","24.800","1474"
"1935","365211","20220930132000","2694","0","新竹市","東區","121.000","24.795","2069"
"591","365212","20220930132000","519","1","新竹市","東區","121.025","24.780","625"
"602","365213","20220930132000","669","0","桃園市","龍潭區","121.245","24.880","541"
"576","365219","20220930132000","659","0","桃園市","平鎮區","121.240","24.890","576"
"984","365221","20220930132000","1039","0","新竹市","北區","120.930","24.835","967"
"603","365222","20220930132000","637","0","新竹市","北區","120.935","24.835","618"
"2315","365223","20220930132000","1851","2","新竹市","北區","120.970","24.825","2471"
"2985","365224","20220930132000","3397","0","新竹市","東區","120.975","24.815","3094"
"2960","365225","20220930132000","3267","0","新竹市","東區","120.980","24.815","2864"
"1263","365226","20220930132000","893","2","新竹市","北區","120.965","24.825","1226"
"456","365227","20220930132000","316","2","新竹市","北區","120.965","24.830","471"
"382","365229","20220930132000","401","0","桃園市","楊梅區","121.140","24.885","369"
"199","365231","20220930132000","163","2","桃園市","楊梅區","121.135","24.885","204"
"650","365234","20220930132000","827","0","桃園市","楊梅區","121.135","24.890","626"
"259","365235","20220930132000","287","0","桃園市","楊梅區","121.140","24.890","253"
"525","365236","20220930132000","764","0","桃園市","楊梅區","121.145","24.890","571"
"624","365237","20220930132000","605","1","新竹市","北區","120.950","24.805","638"
"930","365238","20220930132000","806","1","新竹市","北區","120.940","24.840","937"
"603","365240","20220930132000","841","0","新竹市","北區","120.930","24.840","700"
"665","365241","20220930132000","563","1","新竹市","北區","120.935","24.840","675"
"413","365243","20220930132000","397","1","新竹市","北區","120.925","24.845","341"
"674","365244","20220930132000","685","0","新竹市","北區","120.930","24.845","662"
"2016","365253","20220930132000","2442","0","新竹市","東區","120.965","24.800","2069"
"5318","365254","20220930132000","3874","2","新竹市","東區","121.005","24.795","5073"
"2755","365255","20220930132000","2407","1","新竹市","東區","121.010","24.795","2755"
"739","365258","20220930132000","791","0","新竹市","東區","121.015","24.795","821"
"917","365259","20220930132000","570","3","新竹市","東區","120.970","24.790","814"
"694","365261","20220930132000","813","0","新竹市","北區","120.955","24.815","764"
"3959","365262","20220930132000","4036","0","新竹市","北區","120.960","24.815","3968"
"633","365264","20220930132000","634","0","新竹市","北區","120.955","24.825","618"
"3710","365265","20220930132000","3604","1","新竹市","東區","121.010","24.790","3936"
"413","365266","20220930132000","797","0","新竹市","東區","120.970","24.795","393"
"1269","365267","20220930132000","1525","0","新竹市","東區","120.980","24.790","1337"
"3144","365268","20220930132000","3320","0","新竹市","東區","120.970","24.805","3395"
"610","365269","20220930132000","681","0","新竹市","北區","120.945","24.805","559"
"617","365270","20220930132000","688","0","新竹市","香山區","120.950","24.800","679"
"1443","365271","20220930132000","1325","1","新竹市","北區","120.955","24.800","1431"
"99","365292","20220930132000","219","0","桃園市","復興區","121.340","24.820","107"
"16","365296","20220930132000","57","0","桃園市","復興區","121.340","24.825","16"
"11","365300","20220930132000","62","0","桃園市","復興區","121.335","24.830","11"
"240","365304","20220930132000","293","0","桃園市","大溪區","121.330","24.835","265"
"104","365315","20220930132000","173","0","桃園市","復興區","121.350","24.835","105"
"1555","365322","20220930132000","1531","1","新竹市","東區","120.970","24.815","1564"
"3561","365323","20220930132000","3304","1","新竹市","北區","120.965","24.810","3613"
"3995","365324","20220930132000","4030","0","新竹市","東區","120.990","24.800","4042"
"645","365325","20220930132000","450","2","新竹市","東區","120.990","24.805","623"
"150","365326","20220930132000","196","0","新竹市","東區","120.995","24.805","146"
"1337","365327","20220930132000","2928","0","新竹市","東區","120.995","24.785","1458"
"1086","365328","20220930132000","1181","0","新竹市","東區","121.000","24.780","1026"
"1084","365330","20220930132000","917","1","新竹市","東區","120.990","24.785","1043"
"1875","365331","20220930132000","2719","0","新竹市","東區","121.000","24.790","1952"
"798","365332","20220930132000","899","0","新竹市","東區","121.000","24.785","966"
"843","365334","20220930132000","829","1","新竹市","東區","120.990","24.795","774"
"2638","365335","20220930132000","2176","2","新竹市","東區","120.990","24.790","2507"
"1647","365336","20220930132000","1729","0","新竹市","東區","120.995","24.795","1689"
"1870","365337","20220930132000","1567","1","新竹市","東區","120.995","24.790","1644"
"499","365338","20220930132000","499","1","新竹市","北區","120.960","24.790","449"
"966","365339","20220930132000","971","0","新竹市","東區","120.980","24.800","1112"
"354","365340","20220930132000","379","0","新竹市","東區","120.990","24.810","446"
"1225","365341","20220930132000","1696","0","新竹市","東區","120.985","24.815","1218"
"867","365346","20220930132000","1206","0","新竹市","東區","120.995","24.820","908"
"185","365347","20220930132000","147","2","新竹市","東區","121.005","24.800","160"
"16","365352","20220930132000","420","0","新竹市","東區","121.015","24.805","13"
"288","365356","20220930132000","448","0","桃園市","楊梅區","121.130","24.885","273"
"81","365363","20220930132000","105","0","桃園市","楊梅區","121.125","24.890","89"
"225","365364","20220930132000","245","0","桃園市","楊梅區","121.130","24.890","198"
"108","367498","20220930132000","98","1","宜蘭縣","頭城鎮","121.880","24.910","100"
"43","369694","20220930132000","72","0","宜蘭縣","頭城鎮","121.895","24.940","23"
"39","369695","20220930132000","301","0","宜蘭縣","頭城鎮","121.900","24.940","42"
"330","373866","20220930132000","401","0","新北市","板橋區","121.435","24.985","306"
"2278","373867","20220930132000","3035","0","新北市","中和區","121.515","24.990","2076"
"74","373876","20220930132000","92","0","宜蘭縣","頭城鎮","121.850","24.895","59"
"310","373895","20220930132000","236","2","宜蘭縣","頭城鎮","121.890","24.940","307"
"121","373934","20220930132000","114","1","宜蘭縣","頭城鎮","121.900","24.945","86"
"48","373935","20220930132000","20","3","宜蘭縣","頭城鎮","121.900","24.950","24"
"48","373940","20220930132000","44","1","宜蘭縣","頭城鎮","121.915","24.950","60"
"237","373951","20220930132000","221","1","宜蘭縣","頭城鎮","121.920","24.960","227"
"218","373977","20220930132000","191","1","新北市","雙溪區","121.795","24.900","162"
"192","373991","20220930132000","229","0","宜蘭縣","頭城鎮","121.865","24.905","221"
"197","373993","20220930132000","131","3","宜蘭縣","頭城鎮","121.850","24.905","120"
"1470","374034","20220930132000","1887","0","新北市","中和區","121.525","24.990","1523"
"2231","374036","20220930132000","3867","0","新北市","土城區","121.465","24.985","2101"
"2389","374037","20220930132000","2339","1","新北市","土城區","121.470","24.990","2353"
"1058","374042","20220930132000","1028","1","新北市","土城區","121.470","24.975","1017"
"781","374045","20220930132000","1851","0","新北市","新店區","121.545","24.980","805"
"740","374046","20220930132000","547","2","新北市","中和區","121.480","24.965","676"
"40","374051","20220930132000","44","0","新北市","中和區","121.490","24.970","38"
"44","374054","20220930132000","42","1","新北市","中和區","121.495","24.975","50"
"231","374055","20220930132000","273","0","新北市","中和區","121.495","24.980","229"
"1027","374056","20220930132000","1111","0","新北市","中和區","121.505","24.985","939"
"10","374062","20220930132000","10","1","新北市","三峽區","121.395","24.920","10"
"734","374067","20220930132000","614","1","新北市","三峽區","121.380","24.925","782"
"1733","374070","20220930132000","1629","1","新北市","三峽區","121.370","24.930","1700"
"393","374083","20220930132000","352","1","新北市","三峽區","121.405","24.905","397"
"62","374086","20220930132000","41","3","新北市","三峽區","121.380","24.910","45"
"70","374097","20220930132000","63","1","新北市","三峽區","121.350","24.895","96"
"47","374103","20220930132000","54","0","新北市","三峽區","121.350","24.900","42"
"192","374104","20220930132000","191","1","新北市","三峽區","121.355","24.900","206"
"99","374106","20220930132000","122","0","新北市","三峽區","121.365","24.900","100"
"225","374107","20220930132000","163","2","新北市","三峽區","121.360","24.905","232"
"465","374108","20220930132000","401","1","新北市","三峽區","121.365","24.905","460"
"648","374109","20220930132000","751","0","新北市","三峽區","121.365","24.910","689"
"197","374111","20220930132000","177","1","新北市","三峽區","121.365","24.920","211"
"44","374139","20220930132000","39","1","新北市","三峽區","121.465","24.915","48"
"41","374147","20220930132000","32","2","新北市","三峽區","121.455","24.920","64"
"54","374151","20220930132000","24","3","新北市","三峽區","121.475","24.920","59"
"126","374167","20220930132000","128","0","新北市","三峽區","121.445","24.925","131"
"184","374179","20220930132000","165","1","新北市","三峽區","121.455","24.930","202"
"50","374183","20220930132000","74","0","新北市","三峽區","121.445","24.935","68"
"2498","374196","20220930132000","2914","0","新北市","新店區","121.550","24.970","2420"
"750","374198","20220930132000","1223","0","新北市","新店區","121.550","24.975","789"
"485","374199","20220930132000","552","0","新北市","土城區","121.455","24.990","459"
"1037","374200","20220930132000","872","1","新北市","土城區","121.440","24.980","1046"
"544","374201","20220930132000","342","3","新北市","土城區","121.445","24.980","429"
"3380","374203","20220930132000","3235","1","新北市","中和區","121.495","24.990","3426"
"1653","374204","20220930132000","1745","0","新北市","中和區","121.510","24.985","1651"
"6661","374205","20220930132000","6524","1","新北市","新店區","121.545","24.975","6510"
"1876","374206","20220930132000","1616","1","新北市","新店區","121.550","24.980","1839"
"1176","374207","20220930132000","1712","0","新北市","中和區","121.505","24.980","1209"
"34","374212","20220930132000","39","0","新北市","中和區","121.485","24.980","38"
"280","374215","20220930132000","224","2","新北市","中和區","121.485","24.990","273"
"115","374216","20220930132000","133","0","新北市","中和區","121.500","24.970","126"
"136","374217","20220930132000","113","2","新北市","中和區","121.500","24.975","119"
"530","374219","20220930132000","430","2","新北市","新店區","121.510","24.975","505"
"82","374220","20220930132000","52","3","新北市","中和區","121.500","24.980","102"
"3057","374221","20220930132000","3223","0","新北市","樹林區","121.375","24.945","2954"
"1073","374222","20220930132000","1033","1","新北市","三峽區","121.370","24.925","1127"
"718","374223","20220930132000","1337","0","新北市","三峽區","121.365","24.930","783"
"145","374240","20220930132000","95","3","新北市","三峽區","121.345","24.915","146"
"38","374252","20220930132000","170","0","新北市","三峽區","121.360","24.925","28"
"198","374255","20220930132000","173","1","新北市","三峽區","121.420","24.925","197"
"389","374266","20220930132000","223","3","新北市","中和區","121.500","24.985","389"
"250","374267","20220930132000","922","0","新北市","中和區","121.500","24.990","228"
"3841","374268","20220930132000","4036","0","新北市","中和區","121.510","24.990","4005"
"2131","374272","20220930132000","2392","0","新北市","三峽區","121.370","24.935","2195"
"449","374277","20220930132000","412","1","新北市","三峽區","121.370","24.900","450"
"226","374283","20220930132000","174","2","新北市","三峽區","121.395","24.935","225"
"431","374286","20220930132000","456","0","新北市","三峽區","121.400","24.940","422"
"154","374288","20220930132000","329","0","新北市","三峽區","121.405","24.945","180"
"341","374295","20220930132000","290","1","新北市","三峽區","121.390","24.930","321"
"410","374297","20220930132000","313","2","新北市","三峽區","121.400","24.930","428"
"358","374300","20220930132000","231","3","新北市","三峽區","121.415","24.925","404"
"536","374302","20220930132000","471","1","新北市","三峽區","121.410","24.930","477"
"35","374321","20220930132000","37","0","新北市","三峽區","121.420","24.900","40"
"152","374335","20220930132000","86","3","新北市","三峽區","121.435","24.905","140"
"82","374343","20220930132000","99","0","新北市","三峽區","121.420","24.910","80"
"160","374363","20220930132000","99","3","新北市","三峽區","121.425","24.920","153"
"181","374371","20220930132000","163","1","新北市","三峽區","121.425","24.925","177"
"246","374390","20220930132000","412","0","新北市","三峽區","121.360","24.935","179"
"2365","374391","20220930132000","2101","1","新北市","三峽區","121.365","24.935","2331"
"1006","374393","20220930132000","893","1","新北市","三峽區","121.375","24.935","878"
"416","374394","20220930132000","266","3","新北市","三峽區","121.380","24.935","404"
"1449","374396","20220930132000","1501","0","新北市","三峽區","121.380","24.940","1430"
"60","374399","20220930132000","33","3","新北市","三峽區","121.395","24.945","45"
"2075","374402","20220930132000","2046","1","新北市","三峽區","121.370","24.940","2141"
"1595","374403","20220930132000","1836","0","新北市","三峽區","121.375","24.940","1427"
"271","374405","20220930132000","268","1","新北市","三峽區","121.370","24.945","172"
"443","374408","20220930132000","305","2","新北市","三峽區","121.365","24.925","435"
"101","374410","20220930132000","26","3","新北市","三峽區","121.370","24.920","78"
"662","374412","20220930132000","592","1","新北市","三峽區","121.375","24.925","604"
"45","374414","20220930132000","27","3","新北市","三峽區","121.340","24.900","47"
"240","374418","20220930132000","301","0","新北市","三峽區","121.355","24.910","250"
"1254","374420","20220930132000","1398","0","新北市","三峽區","121.375","24.930","1324"
"352","374421","20220930132000","551","0","新北市","三峽區","121.385","24.930","390"
"1506","374422","20220930132000","2533","0","新北市","中和區","121.505","24.990","1556"
"470","374423","20220930132000","1684","0","新北市","土城區","121.455","24.985","414"
"1030","374424","20220930132000","826","2","新北市","土城區","121.470","24.985","1070"
"375","374427","20220930132000","41","3","宜蘭縣","頭城鎮","121.870","24.910","375"
"37","374433","20220930132000","33","1","宜蘭縣","頭城鎮","121.880","24.920","32"
"60","374451","20220930132000","54","1","宜蘭縣","頭城鎮","121.885","24.935","36"
"1859","374458","20220930132000","2589","0","新北市","中和區","121.520","24.990","1746"
"2130","374459","20220930132000","2368","0","新北市","樹林區","121.415","24.980","2244"
"1454","374462","20220930132000","1717","0","新北市","樹林區","121.385","24.955","1420"
"49","374466","20220930132000","44","1","新北市","樹林區","121.380","24.970","46"
"61","374467","20220930132000","116","0","新北市","樹林區","121.385","24.970","66"
"131","374493","20220930132000","565","0","新北市","新店區","121.535","24.990","98"
"329","374494","20220930132000","149","3","新北市","新店區","121.530","24.955","323"
"204","374495","20220930132000","85","3","新北市","新店區","121.535","24.955","201"
"926","374496","20220930132000","831","1","新北市","新店區","121.535","24.960","913"
"276","374498","20220930132000","312","0","新北市","新店區","121.520","24.970","234"
"1237","374500","20220930132000","1772","0","新北市","新店區","121.515","24.975","1242"
"1315","374512","20220930132000","1540","0","新北市","樹林區","121.420","24.990","1344"
"2646","374513","20220930132000","2126","2","新北市","中和區","121.510","24.980","2718"
"797","374514","20220930132000","718","1","新北市","土城區","121.460","24.975","826"
"272","374515","20220930132000","294","0","新北市","新店區","121.520","24.980","309"
"573","374516","20220930132000","987","0","新北市","新店區","121.520","24.985","624"
"133","374517","20220930132000","146","0","桃園市","大溪區","121.310","24.895","141"
"67","374520","20220930132000","74","0","桃園市","大溪區","121.330","24.895","76"
"18","374524","20220930132000","35","0","桃園市","大溪區","121.320","24.905","36"
"19","374544","20220930132000","59","0","桃園市","大溪區","121.305","24.925","19"
"621","374548","20220930132000","612","1","桃園市","中壢區","121.240","24.940","594"
"335","374549","20220930132000","116","3","桃園市","中壢區","121.245","24.940","253"
"146","374550","20220930132000","118","2","桃園市","中壢區","121.235","24.945","147"
"760","374551","20220930132000","773","0","桃園市","中壢區","121.240","24.945","798"
"1127","374552","20220930132000","1024","1","桃園市","中壢區","121.240","24.980","1109"
"417","374554","20220930132000","369","1","桃園市","中壢區","121.240","24.930","422"
"210","374555","20220930132000","284","0","桃園市","中壢區","121.245","24.930","179"
"508","374556","20220930132000","705","0","桃園市","中壢區","121.235","24.930","516"
"2143","374558","20220930132000","1870","1","桃園市","中壢區","121.250","24.930","2180"
"218","374560","20220930132000","194","1","桃園市","平鎮區","121.205","24.930","217"
"1128","374561","20220930132000","950","1","桃園市","平鎮區","121.200","24.935","1125"
"146","374562","20220930132000","123","1","桃園市","平鎮區","121.205","24.935","102"
"739","374563","20220930132000","856","0","桃園市","平鎮區","121.205","24.940","783"
"1707","374564","20220930132000","2366","0","桃園市","平鎮區","121.210","24.955","1684"
"1890","374565","20220930132000","1719","1","桃園市","平鎮區","121.205","24.955","1756"
"538","374566","20220930132000","682","0","桃園市","平鎮區","121.240","24.910","583"
"210","374575","20220930132000","63","3","桃園市","平鎮區","121.195","24.945","178"
"1733","374577","20220930132000","2249","0","桃園市","平鎮區","121.200","24.950","1762"
"1219","374578","20220930132000","1553","0","桃園市","平鎮區","121.200","24.955","1204"
"1310","374579","20220930132000","1167","1","桃園市","平鎮區","121.215","24.950","1263"
"942","374580","20220930132000","376","3","新北市","樹林區","121.365","24.950","590"
"575","374587","20220930132000","577","0","新竹縣","新豐鄉","120.980","24.910","564"
"266","374593","20220930132000","69","3","新竹縣","新豐鄉","120.985","24.915","204"
"472","374594","20220930132000","429","1","新竹縣","新豐鄉","120.970","24.920","430"
"1648","374598","20220930132000","1719","0","桃園市","中壢區","121.245","24.970","1735"
"1927","374599","20220930132000","1539","2","桃園市","中壢區","121.240","24.975","1905"
"1020","374600","20220930132000","990","1","桃園市","中壢區","121.250","24.980","1070"
"1615","374601","20220930132000","1276","2","桃園市","中壢區","121.250","24.975","1600"
"1813","374602","20220930132000","1898","0","桃園市","中壢區","121.260","24.975","1759"
"559","374603","20220930132000","807","0","桃園市","中壢區","121.210","24.960","519"
"1073","374604","20220930132000","987","1","新北市","中和區","121.490","24.990","974"
"324","374605","20220930132000","430","0","新北市","土城區","121.445","24.990","311"
"181","374606","20220930132000","140","2","新北市","新店區","121.545","24.960","195"
"2596","374607","20220930132000","2734","0","新北市","新店區","121.535","24.965","2478"
"2180","374608","20220930132000","1901","1","新北市","新店區","121.535","24.970","2207"
"1647","374609","20220930132000","1259","2","新北市","鶯歌區","121.350","24.955","1685"
"1458","374610","20220930132000","1276","1","新北市","鶯歌區","121.345","24.950","1502"
"263","374612","20220930132000","164","3","桃園市","龜山區","121.335","24.980","217"
"1705","374613","20220930132000","1534","1","新北市","鶯歌區","121.335","24.975","1749"
"891","374614","20220930132000","910","0","新北市","鶯歌區","121.340","24.940","814"
"74","374617","20220930132000","272","0","新北市","鶯歌區","121.335","24.945","62"
"465","374618","20220930132000","476","0","新北市","鶯歌區","121.340","24.945","509"
"224","374620","20220930132000","274","0","新北市","鶯歌區","121.330","24.950","221"
"2507","374622","20220930132000","2560","0","新北市","鶯歌區","121.345","24.955","2638"
"92","374623","20220930132000","73","2","新北市","鶯歌區","121.365","24.955","99"
"489","374626","20220930132000","183","3","新北市","鶯歌區","121.370","24.960","423"
"203","374630","20220930132000","96","3","新北市","鶯歌區","121.375","24.965","196"
"131","374631","20220930132000","132","0","新北市","樹林區","121.380","24.965","148"
"140","374641","20220930132000","118","1","新北市","鶯歌區","121.355","24.975","134"
"1910","374648","20220930132000","1504","2","桃園市","中壢區","121.250","24.935","1876"
"1977","374654","20220930132000","2276","0","桃園市","中壢區","121.225","24.965","1950"
"203","374656","20220930132000","212","0","桃園市","大溪區","121.250","24.895","201"
"362","374659","20220930132000","270","2","桃園市","大溪區","121.265","24.895","338"
"309","374662","20220930132000","584","0","桃園市","大溪區","121.265","24.900","270"
"1097","374664","20220930132000","1401","0","桃園市","大溪區","121.260","24.905","1097"
"8438","374674","20220930132000","7822","1","新北市","新店區","121.535","24.985","8289"
"701","374675","20220930132000","645","1","新北市","新店區","121.540","24.985","698"
"146","374676","20220930132000","797","0","新北市","新店區","121.505","24.945","118"
"863","374679","20220930132000","569","3","新北市","新店區","121.500","24.955","890"
"608","374680","20220930132000","684","0","新北市","新店區","121.505","24.955","562"
"116","374683","20220930132000","86","2","新北市","新店區","121.500","24.960","122"
"1868","374685","20220930132000","2615","0","新北市","新店區","121.510","24.960","1892"
"241","374692","20220930132000","418","0","新北市","中和區","121.490","24.980","224"
"670","374694","20220930132000","579","1","新北市","中和區","121.490","24.985","651"
"175","374695","20220930132000","182","0","新北市","中和區","121.495","24.985","177"
"15","374714","20220930132000","46","0","新北市","坪林區","121.735","24.950","26"
"172","374733","20220930132000","201","0","新北市","坪林區","121.700","24.960","137"
"136","374748","20220930132000","132","1","新北市","坪林區","121.725","24.960","127"
"33","374749","20220930132000","24","2","新北市","坪林區","121.705","24.965","32"
"184","374755","20220930132000","281","0","新北市","坪林區","121.705","24.935","182"
"114","374759","20220930132000","395","0","新北市","坪林區","121.710","24.940","135"
"483","374760","20220930132000","420","1","新北市","坪林區","121.720","24.940","580"
"71","374766","20220930132000","273","0","新北市","坪林區","121.700","24.950","98"
"16","374772","20220930132000","18","0","新北市","坪林區","121.710","24.890","34"
"38","374784","20220930132000","56","0","新北市","坪林區","121.700","24.905","45"
"56","374792","20220930132000","31","3","新北市","坪林區","121.700","24.915","57"
"36","374801","20220930132000","31","1","新北市","坪林區","121.700","24.920","41"
"150","374804","20220930132000","176","0","新北市","坪林區","121.695","24.925","180"
"378","374823","20220930132000","413","0","新北市","坪林區","121.715","24.925","385"
"50","374907","20220930132000","26","3","新北市","坪林區","121.785","24.955","52"
"40","374921","20220930132000","49","0","新北市","坪林區","121.730","24.965","38"
"29","374929","20220930132000","24","2","新北市","坪林區","121.770","24.965","30"
"24","374932","20220930132000","20","2","新北市","坪林區","121.785","24.965","15"
"16","374980","20220930132000","25","0","新北市","坪林區","121.730","24.895","12"
"11","375000","20220930132000","22","0","新北市","坪林區","121.750","24.900","11"
"12","375106","20220930132000","11","1","新北市","坪林區","121.675","24.910","16"
"22","375116","20220930132000","59","0","新北市","坪林區","121.680","24.915","18"
"122","375126","20220930132000","118","1","新北市","坪林區","121.680","24.930","155"
"137","375135","20220930132000","108","2","新北市","石碇區","121.665","24.940","155"
"1432","375152","20220930132000","1315","1","新北市","新店區","121.535","24.980","1413"
"296","375153","20220930132000","335","0","新北市","新店區","121.495","24.945","271"
"443","375154","20220930132000","396","1","新北市","新店區","121.495","24.950","452"
"1919","375155","20220930132000","3254","0","新北市","新店區","121.545","24.970","1868"
"413","375159","20220930132000","338","2","新北市","新店區","121.535","24.940","404"
"351","375160","20220930132000","195","3","新北市","新店區","121.540","24.940","378"
"1947","375167","20220930132000","1907","1","桃園市","八德區","121.295","24.960","1907"
"423","375168","20220930132000","341","2","桃園市","中壢區","121.205","24.965","432"
"49","375176","20220930132000","73","0","桃園市","中壢區","121.210","24.975","44"
"2220","375180","20220930132000","2795","0","桃園市","中壢區","121.255","24.975","2237"
"1111","375181","20220930132000","1018","1","桃園市","平鎮區","121.220","24.950","1077"
"1708","375182","20220930132000","1515","1","桃園市","中壢區","121.225","24.945","1686"
"2802","375183","20220930132000","2290","2","桃園市","中壢區","121.230","24.955","2641"
"486","375185","20220930132000","772","0","桃園市","中壢區","121.220","24.985","505"
"2310","375190","20220930132000","2217","1","桃園市","八德區","121.300","24.960","2295"
"1115","375191","20220930132000","994","1","新竹縣","湖口鄉","121.050","24.905","1159"
"456","375194","20220930132000","447","1","新竹縣","湖口鄉","121.055","24.910","465"
"355","375195","20220930132000","263","2","新竹縣","湖口鄉","121.050","24.915","337"
"1142","375199","20220930132000","1559","0","桃園市","楊梅區","121.060","24.920","1132"
"240","375200","20220930132000","211","1","新竹縣","湖口鄉","121.055","24.925","275"
"1467","375202","20220930132000","1696","0","桃園市","八德區","121.295","24.965","1465"
"2573","375203","20220930132000","2175","1","桃園市","中壢區","121.225","24.955","2538"
"1522","375204","20220930132000","1543","0","桃園市","中壢區","121.225","24.960","1509"
"975","375206","20220930132000","1259","0","桃園市","中壢區","121.260","24.965","973"
"834","375207","20220930132000","974","0","桃園市","八德區","121.300","24.970","828"
"2150","375208","20220930132000","1634","2","桃園市","桃園區","121.305","24.975","2293"
"1399","375209","20220930132000","1611","0","桃園市","八德區","121.300","24.975","1439"
"97","375211","20220930132000","30","3","桃園市","八德區","121.315","24.940","68"
"300","375215","20220930132000","272","1","桃園市","八德區","121.300","24.925","331"
"777","375216","20220930132000","662","1","新北市","土城區","121.450","24.990","893"
"1341","375217","20220930132000","1782","0","新北市","土城區","121.440","24.975","1392"
"1358","375218","20220930132000","1312","1","新北市","土城區","121.465","24.975","1408"
"1505","375220","20220930132000","1338","1","新北市","新店區","121.540","24.970","1405"
"193","375229","20220930132000","257","0","新北市","新店區","121.475","24.940","189"
"54","375230","20220930132000","367","0","新北市","新店區","121.480","24.940","49"
"169","375239","20220930132000","212","0","新北市","新店區","121.485","24.950","181"
"981","375244","20220930132000","1075","0","新北市","新店區","121.510","24.970","965"
"848","375246","20220930132000","982","0","新北市","新店區","121.515","24.970","852"
"1111","375247","20220930132000","1829","0","桃園市","中壢區","121.210","24.965","1136"
"2146","375250","20220930132000","2544","0","桃園市","中壢區","121.235","24.970","2224"
"848","375252","20220930132000","692","2","桃園市","中壢區","121.235","24.975","826"
"549","375253","20220930132000","1418","0","桃園市","中壢區","121.235","24.980","601"
"201","375255","20220930132000","462","0","桃園市","中壢區","121.235","24.985","137"
"1509","375256","20220930132000","1524","0","桃園市","中壢區","121.230","24.990","1399"
"1528","375258","20220930132000","1256","2","桃園市","八德區","121.295","24.945","1484"
"373","375259","20220930132000","444","0","桃園市","八德區","121.295","24.950","367"
"1161","375260","20220930132000","871","2","桃園市","八德區","121.275","24.965","1141"
"650","375261","20220930132000","590","1","桃園市","八德區","121.280","24.970","677"
"1093","375264","20220930132000","1810","0","桃園市","中壢區","121.195","24.960","1043"
"123","375265","20220930132000","169","0","桃園市","中壢區","121.200","24.960","89"
"3339","375266","20220930132000","3609","0","桃園市","平鎮區","121.190","24.965","3264"
"842","375269","20220930132000","840","1","桃園市","平鎮區","121.190","24.970","911"
"2791","375271","20220930132000","1840","3","桃園市","中壢區","121.205","24.960","2856"
"1432","375272","20220930132000","1284","1","桃園市","中壢區","121.260","24.950","1464"
"1876","375273","20220930132000","1225","3","桃園市","中壢區","121.260","24.955","1829"
"514","375274","20220930132000","423","2","桃園市","八德區","121.290","24.960","531"
"726","375275","20220930132000","1054","0","桃園市","八德區","121.265","24.970","736"
"586","375276","20220930132000","1117","0","桃園市","八德區","121.275","24.970","655"
"789","375278","20220930132000","778","1","桃園市","八德區","121.270","24.970","847"
"1156","375279","20220930132000","1038","1","桃園市","八德區","121.275","24.975","1103"
"995","375281","20220930132000","900","1","桃園市","八德區","121.295","24.925","983"
"240","375296","20220930132000","232","1","新竹縣","新豐鄉","121.005","24.925","231"
"249","375299","20220930132000","234","1","新竹縣","新豐鄉","121.020","24.925","202"
"163","375303","20220930132000","158","1","新竹縣","新豐鄉","120.965","24.895","188"
"293","375308","20220930132000","291","1","新竹縣","新豐鄉","120.970","24.900","285"
"1682","375316","20220930132000","2147","0","新北市","土城區","121.420","24.960","1690"
"311","375317","20220930132000","454","0","新北市","土城區","121.410","24.955","325"
"868","375318","20220930132000","690","2","新北市","土城區","121.415","24.955","948"
"147","375319","20220930132000","141","1","新北市","新店區","121.515","24.980","146"
"138","375320","20220930132000","41","3","新北市","新店區","121.515","24.945","146"
"227","375321","20220930132000","323","0","新北市","新店區","121.520","24.945","215"
"40","375323","20220930132000","66","0","新北市","新店區","121.520","24.950","41"
"59","375324","20220930132000","22","3","新北市","新店區","121.525","24.950","63"
"286","375325","20220930132000","386","0","新北市","新店區","121.515","24.955","297"
"1197","375326","20220930132000","556","3","新北市","新店區","121.520","24.955","1208"
"302","375330","20220930132000","241","2","新北市","新店區","121.530","24.960","275"
"679","375332","20220930132000","603","1","新北市","新店區","121.525","24.965","700"
"43","375333","20220930132000","607","0","新北市","新店區","121.520","24.965","28"
"1534","375335","20220930132000","2048","0","新北市","新店區","121.540","24.975","1550"
"790","375346","20220930132000","1324","0","新北市","新店區","121.505","24.920","704"
"350","375357","20220930132000","341","1","新北市","新店區","121.510","24.925","317"
"46","375361","20220930132000","30","3","新北市","新店區","121.530","24.925","46"
"4608","375369","20220930132000","5144","0","新北市","新店區","121.540","24.980","4752"
"786","375370","20220930132000","827","0","新北市","新店區","121.530","24.950","770"
"962","375371","20220930132000","814","1","新北市","新店區","121.550","24.955","965"
"77","375372","20220930132000","215","0","新北市","新店區","121.555","24.955","78"
"298","375374","20220930132000","367","0","新北市","新店區","121.555","24.965","294"
"27","375384","20220930132000","68","0","新北市","新店區","121.500","24.920","24"
"132","375390","20220930132000","94","2","新北市","新店區","121.505","24.930","127"
"12","375394","20220930132000","16","0","新北市","新店區","121.510","24.935","21"
"375","375399","20220930132000","369","1","新北市","新店區","121.505","24.940","381"
"1103","375400","20220930132000","896","2","桃園市","八德區","121.320","24.960","1111"
"1299","375401","20220930132000","1178","1","桃園市","八德區","121.325","24.970","1248"
"568","375402","20220930132000","499","1","桃園市","八德區","121.300","24.930","605"
"733","375403","20220930132000","809","0","桃園市","八德區","121.305","24.930","376"
"122","375404","20220930132000","84","2","桃園市","八德區","121.300","24.935","103"
"570","375405","20220930132000","708","0","桃園市","八德區","121.305","24.935","519"
"100","375407","20220930132000","161","0","桃園市","八德區","121.300","24.940","110"
"498","375408","20220930132000","452","1","桃園市","八德區","121.305","24.940","526"
"688","375410","20220930132000","627","1","桃園市","八德區","121.255","24.920","723"
"12","375411","20220930132000","61","0","桃園市","八德區","121.260","24.920","12"
"319","375417","20220930132000","371","0","桃園市","八德區","121.260","24.925","290"
"1217","375419","20220930132000","932","2","桃園市","八德區","121.270","24.975","1166"
"3989","375420","20220930132000","4145","0","桃園市","中壢區","121.240","24.955","4141"
"1574","375421","20220930132000","2223","0","桃園市","中壢區","121.240","24.960","1486"
"910","375422","20220930132000","1039","0","桃園市","中壢區","121.245","24.960","861"
"106","375423","20220930132000","46","3","桃園市","中壢區","121.245","24.965","92"
"1420","375427","20220930132000","1095","2","桃園市","中壢區","121.255","24.960","1506"
"139","375435","20220930132000","150","0","新竹縣","新豐鄉","121.005","24.930","115"
"165","375452","20220930132000","145","1","新竹縣","新豐鄉","121.000","24.905","160"
"351","375460","20220930132000","308","1","新竹縣","新豐鄉","121.010","24.910","327"
"259","375465","20220930132000","279","0","新竹縣","新豐鄉","121.025","24.915","268"
"317","375468","20220930132000","246","2","新竹縣","新豐鄉","121.035","24.930","312"
"1141","375480","20220930132000","1106","1","新竹縣","新豐鄉","120.985","24.900","1107"
"562","375481","20220930132000","593","0","新竹縣","新豐鄉","120.990","24.900","608"
"310","375484","20220930132000","1211","0","桃園市","中壢區","121.235","24.950","269"
"2471","375485","20220930132000","2372","1","新北市","土城區","121.445","24.970","2575"
"752","375486","20220930132000","613","2","新北市","土城區","121.445","24.975","807"
"1969","375487","20220930132000","2207","0","新北市","新店區","121.530","24.970","2034"
"1276","375488","20220930132000","1142","1","新北市","新店區","121.525","24.975","1194"
"771","375489","20220930132000","617","2","新北市","新店區","121.530","24.975","744"
"77","375490","20220930132000","81","0","新北市","新店區","121.525","24.980","149"
"1573","375492","20220930132000","1568","1","新北市","土城區","121.435","24.970","1637"
"2069","375493","20220930132000","2870","0","新北市","新店區","121.545","24.965","2134"
"4034","375495","20220930132000","4838","0","新北市","新店區","121.535","24.975","4016"
"302","375515","20220930132000","295","1","新北市","新店區","121.555","24.930","339"
"82","375517","20220930132000","39","3","新北市","新店區","121.565","24.930","71"
"592","375521","20220930132000","516","1","新北市","新店區","121.550","24.935","520"
"568","375529","20220930132000","830","0","新北市","新店區","121.530","24.965","613"
"447","375530","20220930132000","1007","0","新北市","新店區","121.475","24.955","423"
"553","375534","20220930132000","640","0","新北市","中和區","121.485","24.965","570"
"812","375536","20220930132000","732","1","桃園市","中壢區","121.245","24.935","842"
"1343","375537","20220930132000","1272","1","桃園市","中壢區","121.260","24.970","1318"
"674","375539","20220930132000","959","0","桃園市","中壢區","121.255","24.935","657"
"601","375540","20220930132000","537","1","桃園市","中壢區","121.260","24.935","608"
"731","375541","20220930132000","1158","0","桃園市","中壢區","121.250","24.940","739"
"339","375542","20220930132000","299","1","桃園市","中壢區","121.260","24.940","324"
"1408","375543","20220930132000","1279","1","桃園市","中壢區","121.240","24.950","1414"
"320","375544","20220930132000","343","0","桃園市","中壢區","121.245","24.950","325"
"912","375548","20220930132000","618","2","桃園市","觀音區","121.150","24.965","897"
"313","375551","20220930132000","329","0","桃園市","觀音區","121.140","24.975","340"
"140","375559","20220930132000","122","1","桃園市","觀音區","121.135","24.985","142"
"836","375569","20220930132000","848","0","桃園市","觀音區","121.165","24.990","864"
"386","375572","20220930132000","334","1","桃園市","八德區","121.320","24.945","417"
"629","375574","20220930132000","488","2","桃園市","八德區","121.315","24.950","656"
"665","375577","20220930132000","1126","0","桃園市","八德區","121.315","24.955","663"
"769","375578","20220930132000","816","0","桃園市","八德區","121.295","24.970","748"
"657","375581","20220930132000","377","3","桃園市","蘆竹區","121.270","24.990","569"
"187","375593","20220930132000","379","0","新北市","石碇區","121.675","24.970","178"
"39","375644","20220930132000","47","0","新北市","石碇區","121.635","24.950","32"
"52","375652","20220930132000","63","0","新北市","石碇區","121.635","24.955","44"
"58","375653","20220930132000","50","1","新北市","石碇區","121.640","24.955","43"
"134","375655","20220930132000","150","0","新北市","石碇區","121.650","24.955","121"
"141","375667","20220930132000","146","0","新北市","石碇區","121.630","24.965","157"
"35","375811","20220930132000","52","0","新北市","石碇區","121.645","24.930","43"
"50","375839","20220930132000","84","0","新北市","石碇區","121.670","24.980","46"
"216","375840","20220930132000","54","3","新北市","石碇區","121.675","24.980","176"
"13","375855","20220930132000","18","0","新北市","石碇區","121.665","24.990","13"
"62","375891","20220930132000","54","1","新北市","石碇區","121.660","24.975","55"
"78","375897","20220930132000","134","0","新北市","石碇區","121.665","24.980","107"
"43","375941","20220930132000","34","2","新北市","貢寮區","121.885","24.985","36"
"18","375959","20220930132000","103","0","新北市","土城區","121.445","24.960","21"
"908","375963","20220930132000","971","0","新北市","土城區","121.435","24.975","971"
"942","375967","20220930132000","850","1","新北市","土城區","121.440","24.970","976"
"679","375969","20220930132000","609","1","新北市","土城區","121.455","24.970","676"
"171","375970","20220930132000","158","1","新北市","新店區","121.550","24.960","168"
"329","375971","20220930132000","345","0","新北市","新店區","121.550","24.965","341"
"83","375972","20220930132000","50","3","新北市","新店區","121.580","24.910","64"
"127","375990","20220930132000","118","1","新北市","新店區","121.570","24.930","133"
"91","375994","20220930132000","64","2","新北市","新店區","121.590","24.930","66"
"45","376005","20220930132000","38","1","新北市","新店區","121.570","24.940","44"
"144","376023","20220930132000","165","0","新北市","新店區","121.580","24.950","177"
"95","376024","20220930132000","63","3","新北市","新店區","121.585","24.950","84"
"19","376031","20220930132000","12","3","新北市","新店區","121.595","24.955","19"
"24","376033","20220930132000","24","1","新北市","新店區","121.605","24.955","23"
"208","376045","20220930132000","227","0","新北市","新店區","121.500","24.935","228"
"67","376049","20220930132000","40","3","新北市","新店區","121.500","24.940","61"
"1629","376051","20220930132000","1710","0","新北市","新店區","121.490","24.945","1600"
"313","376052","20220930132000","344","0","新北市","新店區","121.490","24.950","312"
"465","376060","20220930132000","386","2","新北市","新店區","121.545","24.955","489"
"630","376063","20220930132000","695","0","新北市","新店區","121.560","24.955","626"
"775","376064","20220930132000","718","1","新北市","新店區","121.565","24.955","786"
"60","376065","20220930132000","110","0","新北市","新店區","121.570","24.955","72"
"23","376068","20220930132000","59","0","新北市","新店區","121.560","24.960","22"
"22","376072","20220930132000","51","0","新北市","新店區","121.580","24.960","22"
"31","376096","20220930132000","12","3","新北市","新店區","121.570","24.900","24"
"32","376099","20220930132000","296","0","新北市","新店區","121.555","24.905","39"
"398","376101","20220930132000","498","0","新北市","新店區","121.545","24.910","434"
"675","376106","20220930132000","520","2","桃園市","觀音區","121.155","24.975","709"
"289","376109","20220930132000","253","1","桃園市","觀音區","121.150","24.980","301"
"444","376115","20220930132000","339","2","桃園市","觀音區","121.135","24.990","394"
"1632","376118","20220930132000","2413","0","新北市","新店區","121.515","24.985","1667"
"362","376123","20220930132000","592","0","新北市","土城區","121.445","24.950","363"
"299","376130","20220930132000","183","3","新北市","土城區","121.440","24.965","333"
"626","376131","20220930132000","677","0","新北市","土城區","121.430","24.970","596"
"1579","376132","20220930132000","1407","1","新北市","土城區","121.435","24.965","1566"
"537","376133","20220930132000","448","1","新北市","板橋區","121.430","24.975","503"
"1880","376134","20220930132000","2087","0","臺北市","文山區","121.545","24.985","1695"
"568","376135","20220930132000","637","0","新北市","新店區","121.510","24.950","633"
"934","376136","20220930132000","900","1","新北市","新店區","121.515","24.960","973"
"215","376137","20220930132000","1415","0","新北市","新店區","121.515","24.965","175"
"1812","376141","20220930132000","2200","0","桃園市","八德區","121.320","24.965","1895"
"602","376145","20220930132000","451","2","新竹縣","湖口鄉","121.060","24.895","595"
"437","376148","20220930132000","1092","0","新北市","土城區","121.455","24.980","303"
"386","376149","20220930132000","1171","0","新北市","土城區","121.450","24.980","361"
"254","376150","20220930132000","774","0","新北市","新店區","121.540","24.955","223"
"208","376151","20220930132000","674","0","桃園市","中壢區","121.255","24.940","191"
"764","376153","20220930132000","916","0","桃園市","中壢區","121.250","24.965","768"
"1264","376154","20220930132000","1937","0","桃園市","中壢區","121.255","24.965","1309"
"3667","376155","20220930132000","5750","0","桃園市","中壢區","121.250","24.970","3738"
"193","376156","20220930132000","145","2","桃園市","八德區","121.320","24.955","159"
"287","376157","20220930132000","569","0","桃園市","八德區","121.325","24.955","275"
"606","376160","20220930132000","441","2","桃園市","八德區","121.325","24.965","602"
"1869","376161","20220930132000","2688","0","桃園市","桃園區","121.280","24.990","1878"
"110","376176","20220930132000","129","0","新北市","樹林區","121.405","24.990","119"
"36","376177","20220930132000","41","0","新北市","樹林區","121.410","24.990","23"
"732","376178","20220930132000","441","3","桃園市","平鎮區","121.205","24.895","785"
"536","376179","20220930132000","561","0","桃園市","平鎮區","121.195","24.895","518"
"1341","376180","20220930132000","1769","0","桃園市","平鎮區","121.200","24.895","1492"
"1196","376181","20220930132000","878","2","桃園市","平鎮區","121.195","24.900","1173"
"314","376183","20220930132000","163","3","桃園市","平鎮區","121.205","24.900","293"
"829","376184","20220930132000","741","1","桃園市","平鎮區","121.195","24.905","825"
"567","376185","20220930132000","671","0","桃園市","平鎮區","121.200","24.905","593"
"110","376189","20220930132000","131","0","桃園市","平鎮區","121.215","24.900","114"
"293","376192","20220930132000","293","1","桃園市","平鎮區","121.215","24.905","304"
"1816","376194","20220930132000","1862","0","桃園市","桃園區","121.315","24.985","1902"
"836","376195","20220930132000","814","1","桃園市","中壢區","121.245","24.945","819"
"493","376196","20220930132000","443","1","桃園市","中壢區","121.250","24.945","532"
"473","376199","20220930132000","333","2","新北市","石碇區","121.660","24.990","448"
"143","376200","20220930132000","52","3","新北市","石碇區","121.685","24.960","138"
"60","376205","20220930132000","75","0","新北市","石碇區","121.680","24.970","45"
"304","376222","20220930132000","348","0","新北市","石碇區","121.690","24.980","302"
"16","376241","20220930132000","17","0","新北市","石碇區","121.715","24.990","20"
"166","376245","20220930132000","376","0","新北市","鶯歌區","121.340","24.960","164"
"254","376246","20220930132000","285","0","新北市","鶯歌區","121.340","24.965","266"
"135","376248","20220930132000","111","2","新北市","鶯歌區","121.340","24.970","130"
"492","376251","20220930132000","536","0","新北市","鶯歌區","121.345","24.975","496"
"281","376258","20220930132000","202","2","新北市","鶯歌區","121.320","24.935","282"
"832","376259","20220930132000","745","1","新北市","鶯歌區","121.325","24.935","806"
"483","376260","20220930132000","652","0","新北市","鶯歌區","121.330","24.935","475"
"586","376263","20220930132000","606","0","新北市","鶯歌區","121.330","24.940","584"
"292","376265","20220930132000","329","0","新北市","鶯歌區","121.335","24.930","338"
"585","376268","20220930132000","516","1","新北市","鶯歌區","121.345","24.935","570"
"2061","376269","20220930132000","1999","1","新北市","鶯歌區","121.355","24.955","2065"
"647","376270","20220930132000","678","0","新北市","鶯歌區","121.360","24.955","670"
"490","376273","20220930132000","582","0","新北市","鶯歌區","121.355","24.940","450"
"396","376274","20220930132000","363","1","新北市","鶯歌區","121.350","24.945","428"
"449","376277","20220930132000","535","0","新北市","鶯歌區","121.350","24.950","483"
"1101","376280","20220930132000","1159","0","新北市","樹林區","121.395","24.970","1193"
"1021","376281","20220930132000","1073","0","桃園市","楊梅區","121.185","24.915","1033"
"756","376282","20220930132000","766","0","桃園市","楊梅區","121.180","24.920","788"
"393","376283","20220930132000","348","1","桃園市","楊梅區","121.185","24.920","384"
"540","376284","20220930132000","467","1","桃園市","中壢區","121.215","24.960","528"
"1072","376285","20220930132000","2602","0","桃園市","中壢區","121.215","24.965","1061"
"423","376287","20220930132000","76","3","桃園市","中壢區","121.175","24.975","334"
"250","376293","20220930132000","289","0","桃園市","中壢區","121.190","24.980","222"
"21","376295","20220930132000","33","0","桃園市","中壢區","121.175","24.980","24"
"1150","376297","20220930132000","958","2","桃園市","中壢區","121.185","24.980","1207"
"211","376300","20220930132000","265","0","桃園市","中壢區","121.175","24.985","203"
"148","376301","20220930132000","148","1","桃園市","中壢區","121.180","24.985","147"
"1487","376307","20220930132000","977","3","桃園市","八德區","121.260","24.930","1464"
"1067","376308","20220930132000","1084","0","桃園市","平鎮區","121.220","24.945","1098"
"1537","376309","20220930132000","1985","0","桃園市","楊梅區","121.150","24.905","1485"
"358","376311","20220930132000","374","0","桃園市","平鎮區","121.220","24.920","378"
"421","376312","20220930132000","439","0","桃園市","平鎮區","121.220","24.925","454"
"865","376313","20220930132000","578","2","桃園市","平鎮區","121.205","24.915","833"
"1362","376315","20220930132000","1272","1","新北市","樹林區","121.390","24.960","1414"
"73","376320","20220930132000","67","1","新北市","樹林區","121.395","24.965","58"
"28","376321","20220930132000","152","0","新北市","樹林區","121.400","24.965","10"
"439","376325","20220930132000","300","2","新北市","樹林區","121.405","24.970","426"
"2752","376326","20220930132000","2942","0","新北市","樹林區","121.380","24.945","2891"
"644","376327","20220930132000","497","2","新北市","樹林區","121.385","24.945","647"
"2487","376330","20220930132000","1637","3","新北市","樹林區","121.380","24.950","2206"
"410","376331","20220930132000","459","0","新北市","樹林區","121.385","24.950","461"
"2523","376333","20220930132000","2358","1","新北市","樹林區","121.395","24.950","2692"
"340","376335","20220930132000","336","1","新北市","板橋區","121.435","24.990","355"
"3461","376337","20220930132000","3294","1","新北市","土城區","121.450","24.985","3260"
"1672","376338","20220930132000","1143","2","桃園市","中壢區","121.245","24.985","1399"
"1792","376341","20220930132000","1910","0","桃園市","中壢區","121.240","24.990","1899"
"542","376344","20220930132000","731","0","桃園市","中壢區","121.255","24.990","537"
"984","376345","20220930132000","965","1","桃園市","中壢區","121.255","24.980","998"
"333","376347","20220930132000","441","0","桃園市","中壢區","121.260","24.945","378"
"293","376348","20220930132000","386","0","桃園市","中壢區","121.255","24.950","295"
"895","376349","20220930132000","807","1","桃園市","中壢區","121.165","24.960","870"
"396","376350","20220930132000","381","1","桃園市","中壢區","121.170","24.960","376"
"785","376351","20220930132000","849","0","桃園市","新屋區","121.155","24.960","836"
"327","376352","20220930132000","271","2","桃園市","中壢區","121.155","24.965","287"
"157","376353","20220930132000","689","0","桃園市","中壢區","121.160","24.965","142"
"1709","376361","20220930132000","1346","2","桃園市","中壢區","121.175","24.970","1761"
"919","376370","20220930132000","893","1","新北市","樹林區","121.420","24.980","959"
"727","376373","20220930132000","766","0","新北市","樹林區","121.420","24.975","732"
"2743","376375","20220930132000","2419","1","新北市","板橋區","121.425","24.985","2755"
"1475","376380","20220930132000","1996","0","新北市","板橋區","121.430","24.985","1488"
"707","376381","20220930132000","752","0","桃園市","平鎮區","121.250","24.925","753"
"31","376385","20220930132000","49","0","桃園市","龜山區","121.350","24.985","31"
"413","376391","20220930132000","469","0","桃園市","龜山區","121.360","24.990","453"
"24","376392","20220930132000","10","3","桃園市","龜山區","121.365","24.990","24"
"132","376393","20220930132000","123","1","桃園市","龜山區","121.370","24.990","141"
"90","376400","20220930132000","273","0","桃園市","楊梅區","121.105","24.910","94"
"164","376403","20220930132000","159","1","桃園市","楊梅區","121.120","24.910","181"
"221","376407","20220930132000","316","0","桃園市","楊梅區","121.100","24.915","258"
"967","376412","20220930132000","715","2","桃園市","楊梅區","121.125","24.915","1014"
"77","376419","20220930132000","163","0","新竹縣","湖口鄉","121.105","24.895","50"
"15","376422","20220930132000","106","0","桃園市","楊梅區","121.085","24.900","16"
"637","376427","20220930132000","483","2","桃園市","楊梅區","121.060","24.905","606"
"356","376431","20220930132000","269","2","桃園市","楊梅區","121.080","24.905","350"
"455","376438","20220930132000","424","1","桃園市","楊梅區","121.070","24.910","460"
"231","376440","20220930132000","183","2","桃園市","楊梅區","121.080","24.910","222"
"375","376443","20220930132000","342","1","桃園市","楊梅區","121.095","24.910","344"
"324","376447","20220930132000","402","0","桃園市","楊梅區","121.075","24.915","357"
"540","376456","20220930132000","744","0","桃園市","楊梅區","121.125","24.940","567"
"475","376457","20220930132000","242","3","桃園市","楊梅區","121.130","24.940","518"
"116","376471","20220930132000","214","0","新北市","深坑區","121.620","24.980","118"
"260","376485","20220930132000","548","0","新北市","樹林區","121.415","24.985","299"
"2013","376486","20220930132000","1746","1","新北市","樹林區","121.425","24.990","1911"
"859","376487","20220930132000","839","1","桃園市","平鎮區","121.200","24.945","826"
"4201","376488","20220930132000","3095","2","桃園市","平鎮區","121.205","24.945","4242"
"1122","376490","20220930132000","1589","0","桃園市","平鎮區","121.210","24.950","1220"
"1113","376491","20220930132000","1388","0","桃園市","平鎮區","121.210","24.900","1144"
"1483","376492","20220930132000","1466","1","桃園市","平鎮區","121.210","24.905","1492"
"29","376500","20220930132000","44","0","新北市","土城區","121.445","24.940","31"
"18","376502","20220930132000","36","0","新北市","土城區","121.415","24.945","20"
"266","376508","20220930132000","177","3","新北市","土城區","121.410","24.950","250"
"117","376509","20220930132000","151","0","新北市","土城區","121.415","24.950","120"
"2242","376510","20220930132000","1985","1","桃園市","中壢區","121.230","24.945","2228"
"1911","376511","20220930132000","2106","0","桃園市","中壢區","121.235","24.955","1864"
"23","376512","20220930132000","20","1","桃園市","中壢區","121.220","24.970","21"
"515","376514","20220930132000","616","0","桃園市","中壢區","121.220","24.975","564"
"632","376517","20220930132000","392","3","桃園市","中壢區","121.215","24.980","688"
"38","376518","20220930132000","166","0","桃園市","中壢區","121.220","24.980","30"
"3458","376521","20220930132000","3427","1","桃園市","中壢區","121.220","24.960","3483"
"222","376522","20220930132000","203","1","新竹縣","新豐鄉","121.000","24.895","220"
"13","376524","20220930132000","70","0","新竹縣","新豐鄉","121.010","24.895","163"
"564","376531","20220930132000","625","0","桃園市","平鎮區","121.255","24.925","632"
"787","376532","20220930132000","667","1","新北市","樹林區","121.415","24.975","835"
"381","376533","20220930132000","631","0","新北市","樹林區","121.400","24.970","370"
"1986","376539","20220930132000","1898","1","新北市","樹林區","121.420","24.985","1972"
"2614","376540","20220930132000","2235","1","新北市","土城區","121.460","24.980","2568"
"1037","376541","20220930132000","1293","0","新北市","土城區","121.460","24.985","1026"
"1826","376542","20220930132000","2001","0","新北市","板橋區","121.430","24.990","1789"
"43","376544","20220930132000","61","0","新北市","平溪區","121.725","24.975","48"
"11","376575","20220930132000","12","0","新北市","平溪區","121.760","24.990","14"
"3826","376577","20220930132000","3399","1","新北市","板橋區","121.460","24.990","3883"
"360","376578","20220930132000","939","0","新北市","土城區","121.465","24.980","429"
"407","376584","20220930132000","478","0","新北市","土城區","121.425","24.960","393"
"617","376586","20220930132000","947","0","新北市","土城區","121.435","24.960","645"
"831","376587","20220930132000","1657","0","新北市","土城區","121.430","24.965","859"
"2253","376588","20220930132000","1728","2","桃園市","八德區","121.305","24.965","2268"
"1467","376589","20220930132000","682","3","桃園市","桃園區","121.295","24.975","1306"
"722","376592","20220930132000","601","2","桃園市","中壢區","121.230","24.940","715"
"983","376594","20220930132000","872","1","桃園市","平鎮區","121.245","24.915","969"
"2061","376595","20220930132000","1587","2","桃園市","八德區","121.295","24.955","2041"
"390","376607","20220930132000","479","0","新竹縣","新豐鄉","120.985","24.920","449"
"880","376614","20220930132000","817","1","新竹縣","新豐鄉","120.990","24.930","909"
"540","376622","20220930132000","582","0","桃園市","中壢區","121.230","24.970","555"
"560","376623","20220930132000","510","1","桃園市","中壢區","121.225","24.975","561"
"916","376624","20220930132000","1079","0","桃園市","中壢區","121.230","24.975","919"
"1292","376627","20220930132000","1081","1","桃園市","中壢區","121.230","24.980","1299"
"145","376629","20220930132000","112","2","新竹縣","湖口鄉","121.040","24.900","90"
"1077","376633","20220930132000","823","2","新竹縣","湖口鄉","121.040","24.895","1026"
"620","376636","20220930132000","415","2","新竹縣","湖口鄉","121.040","24.915","572"
"68","376641","20220930132000","158","0","新竹縣","湖口鄉","121.040","24.925","57"
"176","376651","20220930132000","145","2","新竹縣","湖口鄉","121.045","24.935","180"
"1537","376653","20220930132000","1637","0","桃園市","中壢區","121.235","24.965","1487"
"227","376655","20220930132000","132","3","桃園市","中壢區","121.240","24.970","192"
"149","376656","20220930132000","560","0","桃園市","中壢區","121.255","24.930","129"
"429","376658","20220930132000","426","1","新竹縣","湖口鄉","121.065","24.895","453"
"469","376665","20220930132000","451","1","新北市","鶯歌區","121.355","24.950","475"
"608","376666","20220930132000","649","0","新北市","鶯歌區","121.335","24.955","621"
"1977","376667","20220930132000","1829","1","新北市","鶯歌區","121.330","24.960","1961"
"63","376668","20220930132000","160","0","新北市","鶯歌區","121.335","24.960","48"
"15","376669","20220930132000","113","0","新北市","鶯歌區","121.335","24.950","25"
"465","376670","20220930132000","341","2","新北市","鶯歌區","121.340","24.950","453"
"1053","376674","20220930132000","940","1","新北市","鶯歌區","121.330","24.965","1039"
"1290","376675","20220930132000","1637","0","新北市","樹林區","121.425","24.980","1389"
"18","376678","20220930132000","180","0","新北市","樹林區","121.400","24.955","14"
"286","376679","20220930132000","197","2","新北市","樹林區","121.405","24.955","286"
"659","376680","20220930132000","587","1","新北市","樹林區","121.405","24.960","593"
"1112","376682","20220930132000","827","2","新北市","樹林區","121.410","24.970","1144"
"325","376685","20220930132000","268","2","新北市","樹林區","121.400","24.975","296"
"789","376686","20220930132000","511","3","新北市","樹林區","121.405","24.975","835"
"1582","376687","20220930132000","1923","0","新北市","樹林區","121.410","24.975","1625"
"82","376690","20220930132000","122","0","新北市","樹林區","121.400","24.980","80"
"1214","376699","20220930132000","1320","0","新北市","樹林區","121.410","24.980","1220"
"545","376700","20220930132000","575","0","新北市","樹林區","121.415","24.990","548"
"952","376701","20220930132000","762","2","新北市","新店區","121.500","24.945","931"
"159","376703","20220930132000","160","0","新北市","新店區","121.565","24.905","159"
"483","376717","20220930132000","397","2","新北市","新店區","121.550","24.920","428"
"2552","376725","20220930132000","1856","2","新北市","新店區","121.540","24.960","2693"
"27","376752","20220930132000","33","0","新北市","新店區","121.535","24.905","31"
"37","376759","20220930132000","35","1","新北市","新店區","121.535","24.910","26"
"22","376761","20220930132000","25","0","新北市","新店區","121.520","24.915","19"
"94","376764","20220930132000","90","1","新北市","新店區","121.535","24.915","82"
"43","376766","20220930132000","56","0","新北市","新店區","121.545","24.915","54"
"2166","376768","20220930132000","2552","0","新北市","土城區","121.445","24.985","2155"
"1778","376769","20220930132000","1415","2","新北市","土城區","121.450","24.975","1624"
"512","376770","20220930132000","488","1","新北市","土城區","121.455","24.975","481"
"10","376771","20220930132000","333","0","新北市","土城區","121.410","24.960","10"
"2681","376772","20220930132000","2925","0","新北市","土城區","121.415","24.960","2717"
"534","376774","20220930132000","1850","0","新北市","土城區","121.420","24.965","494"
"1147","376775","20220930132000","1311","0","新北市","土城區","121.425","24.965","1095"
"871","376777","20220930132000","777","1","新北市","土城區","121.425","24.970","812"
"304","376787","20220930132000","259","1","新北市","土城區","121.470","24.960","269"
"216","376788","20220930132000","191","1","新北市","土城區","121.455","24.965","189"
"31","376792","20220930132000","14","3","新北市","土城區","121.475","24.965","23"
"631","376796","20220930132000","875","0","新北市","土城區","121.460","24.970","619"
"3806","376798","20220930132000","3899","0","新北市","新店區","121.540","24.965","3865"
"20","376801","20220930132000","12","3","桃園市","大溪區","121.305","24.895","18"
"44","376808","20220930132000","126","0","桃園市","八德區","121.280","24.930","29"
"1028","376809","20220930132000","989","1","桃園市","八德區","121.285","24.930","976"
"380","376810","20220930132000","354","1","桃園市","八德區","121.280","24.935","385"
"543","376813","20220930132000","518","1","桃園市","八德區","121.270","24.930","561"
"41","376815","20220930132000","39","1","桃園市","八德區","121.270","24.935","37"
"961","376823","20220930132000","819","1","桃園市","八德區","121.280","24.925","983"
"1318","376824","20220930132000","1185","1","桃園市","八德區","121.285","24.925","1373"
"3229","376825","20220930132000","4620","0","桃園市","中壢區","121.220","24.955","3385"
"1517","376826","20220930132000","1597","0","桃園市","中壢區","121.230","24.965","1427"
"1298","376828","20220930132000","1002","2","桃園市","八德區","121.275","24.980","1264"
"291","376829","20220930132000","555","0","桃園市","八德區","121.280","24.980","291"
"1421","376831","20220930132000","1940","0","新竹縣","湖口鄉","121.050","24.900","1313"
"2257","376832","20220930132000","2608","0","新竹縣","湖口鄉","121.045","24.900","2257"
"358","376845","20220930132000","573","0","桃園市","平鎮區","121.230","24.930","383"
"1429","376847","20220930132000","1039","2","桃園市","中壢區","121.230","24.935","1482"
"809","376848","20220930132000","762","1","桃園市","中壢區","121.225","24.940","867"
"1520","376849","20220930132000","1468","1","桃園市","中壢區","121.245","24.975","1605"
"1798","376850","20220930132000","2216","0","桃園市","中壢區","121.245","24.980","1868"
"558","376851","20220930132000","493","1","桃園市","中壢區","121.250","24.985","608"
"478","376852","20220930132000","483","0","桃園市","中壢區","121.240","24.985","480"
"1264","376853","20220930132000","1258","1","桃園市","八德區","121.295","24.935","1284"
"247","376854","20220930132000","243","1","桃園市","八德區","121.295","24.940","270"
"1125","376855","20220930132000","1122","1","桃園市","八德區","121.295","24.930","1129"
"461","376856","20220930132000","445","1","桃園市","龜山區","121.335","24.985","411"
"2128","376857","20220930132000","2746","0","桃園市","龜山區","121.335","24.990","2210"
"721","376860","20220930132000","937","0","桃園市","龜山區","121.345","24.980","741"
"19","376865","20220930132000","111","0","桃園市","龜山區","121.360","24.985","14"
"2018","376866","20220930132000","1678","2","桃園市","平鎮區","121.220","24.940","1500"
"265","376871","20220930132000","288","0","桃園市","楊梅區","121.185","24.905","271"
"153","376875","20220930132000","148","1","桃園市","平鎮區","121.200","24.910","171"
"901","376878","20220930132000","553","3","桃園市","平鎮區","121.200","24.915","943"
"185","376881","20220930132000","261","0","桃園市","平鎮區","121.200","24.920","182"
"658","376882","20220930132000","1197","0","桃園市","楊梅區","121.180","24.945","724"
"867","376886","20220930132000","692","2","桃園市","平鎮區","121.185","24.955","861"
"713","376887","20220930132000","659","1","桃園市","中壢區","121.175","24.960","731"
"753","376889","20220930132000","712","1","桃園市","平鎮區","121.185","24.960","726"
"854","376892","20220930132000","889","0","桃園市","中壢區","121.185","24.970","954"
"305","376894","20220930132000","278","1","桃園市","平鎮區","121.190","24.930","308"
"358","376895","20220930132000","41","3","桃園市","楊梅區","121.185","24.935","260"
"51","376899","20220930132000","307","0","桃園市","平鎮區","121.190","24.940","47"
"655","376900","20220930132000","494","2","桃園市","平鎮區","121.195","24.940","688"
"271","376915","20220930132000","389","0","桃園市","大溪區","121.310","24.930","268"
"621","376925","20220930132000","499","2","桃園市","大溪區","121.275","24.895","613"
"1127","376927","20220930132000","1032","1","桃園市","大溪區","121.280","24.895","1152"
"610","376929","20220930132000","665","0","桃園市","大溪區","121.285","24.905","674"
"404","376930","20220930132000","424","0","桃園市","大溪區","121.280","24.900","412"
"969","376931","20220930132000","596","3","桃園市","大溪區","121.280","24.905","862"
"1087","376932","20220930132000","1088","0","桃園市","龜山區","121.325","24.990","1401"
"1143","376933","20220930132000","1100","1","桃園市","桃園區","121.325","24.980","1159"
"2516","376934","20220930132000","2192","1","桃園市","龜山區","121.330","24.980","2435"
"2806","376936","20220930132000","1795","3","桃園市","桃園區","121.320","24.985","2770"
"4511","376937","20220930132000","3979","1","桃園市","龜山區","121.325","24.985","4512"
"633","376938","20220930132000","1113","0","桃園市","龜山區","121.330","24.985","640"
"273","376940","20220930132000","258","1","桃園市","新屋區","121.055","24.975","262"
"190","376956","20220930132000","221","0","桃園市","新屋區","121.125","24.955","208"
"526","376971","20220930132000","486","1","桃園市","新屋區","121.135","24.970","546"
"85","376972","20220930132000","133","0","桃園市","觀音區","121.140","24.970","98"
"508","376974","20220930132000","661","0","桃園市","龜山區","121.330","24.990","495"
"3743","376975","20220930132000","5610","0","桃園市","桃園區","121.310","24.990","3449"
"1456","376976","20220930132000","1471","0","桃園市","楊梅區","121.170","24.910","1495"
"393","376978","20220930132000","464","0","桃園市","楊梅區","121.175","24.915","422"
"970","376979","20220930132000","1377","0","桃園市","楊梅區","121.170","24.920","1012"
"589","376984","20220930132000","730","0","桃園市","楊梅區","121.110","24.925","608"
"496","376995","20220930132000","681","0","桃園市","楊梅區","121.125","24.930","533"
"145","376998","20220930132000","129","1","桃園市","楊梅區","121.115","24.940","129"
"143","377001","20220930132000","138","1","桃園市","楊梅區","121.175","24.900","129"
"1090","377002","20220930132000","1194","0","桃園市","楊梅區","121.180","24.900","1258"
"1720","377003","20220930132000","1790","0","桃園市","楊梅區","121.175","24.905","1737"
"69","377004","20220930132000","35","3","桃園市","楊梅區","121.180","24.905","62"
"166","377007","20220930132000","164","1","桃園市","楊梅區","121.095","24.930","148"
"812","377008","20220930132000","629","2","桃園市","楊梅區","121.100","24.930","776"
"747","377010","20220930132000","424","3","桃園市","楊梅區","121.090","24.935","760"
"499","377027","20220930132000","477","1","桃園市","新屋區","121.090","24.955","484"
"16","377028","20220930132000","291","0","桃園市","楊梅區","121.155","24.895","17"
"354","377030","20220930132000","389","0","桃園市","楊梅區","121.160","24.900","377"
"848","377031","20220930132000","788","1","桃園市","楊梅區","121.155","24.900","817"
"420","377033","20220930132000","567","0","桃園市","楊梅區","121.085","24.935","424"
"399","377034","20220930132000","426","0","桃園市","楊梅區","121.075","24.940","375"
"856","377039","20220930132000","570","3","桃園市","桃園區","121.285","24.990","838"
"560","377041","20220930132000","437","2","桃園市","桃園區","121.295","24.980","559"
"4199","377042","20220930132000","5917","0","桃園市","桃園區","121.300","24.990","4098"
"205","377043","20220930132000","185","1","桃園市","桃園區","121.300","24.980","226"
"2191","377045","20220930132000","1879","1","桃園市","桃園區","121.300","24.985","2239"
"471","377046","20220930132000","686","0","桃園市","楊梅區","121.175","24.910","483"
"1332","377047","20220930132000","1286","1","桃園市","八德區","121.300","24.965","1390"
"957","377051","20220930132000","737","2","桃園市","八德區","121.305","24.955","969"
"570","377052","20220930132000","415","2","桃園市","八德區","121.310","24.955","554"
"67","377054","20220930132000","265","0","桃園市","八德區","121.300","24.945","50"
"425","377056","20220930132000","401","1","桃園市","八德區","121.275","24.940","461"
"723","377058","20220930132000","909","0","桃園市","八德區","121.285","24.940","679"
"384","377059","20220930132000","196","3","桃園市","八德區","121.280","24.945","332"
"310","377061","20220930132000","394","0","桃園市","八德區","121.290","24.950","273"
"24","377068","20220930132000","76","0","桃園市","八德區","121.290","24.955","22"
"403","377069","20220930132000","264","3","桃園市","八德區","121.280","24.960","375"
"649","377070","20220930132000","493","2","桃園市","八德區","121.285","24.960","693"
"2518","377071","20220930132000","2534","0","桃園市","桃園區","121.290","24.985","2572"
"4076","377072","20220930132000","3637","1","桃園市","中壢區","121.220","24.965","4130"
"1190","377073","20220930132000","1399","0","桃園市","中壢區","121.215","24.955","1259"
"478","377077","20220930132000","391","2","桃園市","中壢區","121.205","24.980","493"
"745","377084","20220930132000","532","2","桃園市","中壢區","121.205","24.990","668"
"1586","377086","20220930132000","1042","3","桃園市","中壢區","121.255","24.970","1464"
"1632","377088","20220930132000","1576","1","桃園市","楊梅區","121.155","24.910","1555"
"496","377089","20220930132000","397","2","桃園市","楊梅區","121.160","24.910","498"
"1118","377092","20220930132000","1090","1","桃園市","平鎮區","121.205","24.910","1160"
"1402","377093","20220930132000","1405","0","桃園市","平鎮區","121.205","24.920","1375"
"190","377099","20220930132000","157","2","桃園市","新屋區","121.010","24.960","162"
"587","377106","20220930132000","652","0","桃園市","新屋區","121.120","24.970","605"
"346","377111","20220930132000","217","3","桃園市","新屋區","121.130","24.975","353"
"1319","377117","20220930132000","1216","1","桃園市","新屋區","121.110","24.980","1237"
"676","377122","20220930132000","594","1","桃園市","新屋區","121.110","24.985","733"
"431","377125","20220930132000","537","0","桃園市","新屋區","121.125","24.985","434"
"342","377128","20220930132000","361","0","桃園市","新屋區","121.125","24.990","309"
"737","377135","20220930132000","864","0","桃園市","新屋區","121.100","24.990","784"
"43","377136","20220930132000","30","2","桃園市","新屋區","121.105","24.990","33"
"170","377148","20220930132000","60","3","桃園市","新屋區","121.095","24.960","129"
"282","377155","20220930132000","306","0","桃園市","新屋區","121.070","24.970","292"
"122","377159","20220930132000","144","0","桃園市","新屋區","121.020","24.970","148"
"637","377173","20220930132000","579","1","桃園市","新屋區","121.015","24.985","638"
"348","377175","20220930132000","336","1","桃園市","新屋區","120.990","24.940","345"
"139","377179","20220930132000","86","3","桃園市","新屋區","121.000","24.945","131"
"224","377183","20220930132000","277","0","桃園市","新屋區","121.010","24.950","231"
"507","377187","20220930132000","483","1","桃園市","新屋區","121.080","24.975","483"
"290","377195","20220930132000","287","1","桃園市","新屋區","121.075","24.990","299"
"268","377204","20220930132000","383","0","桃園市","新屋區","121.140","24.960","298"
"710","377205","20220930132000","943","0","桃園市","新屋區","121.145","24.960","661"
"468","377209","20220930132000","338","2","桃園市","新屋區","121.160","24.960","419"
"87","377211","20220930132000","45","3","桃園市","觀音區","121.145","24.970","66"
"22","377247","20220930132000","16","2","新北市","貢寮區","121.910","24.990","22"
"257","377249","20220930132000","382","0","桃園市","平鎮區","121.210","24.895","241"
"884","377259","20220930132000","760","1","桃園市","桃園區","121.285","24.980","958"
"1535","377261","20220930132000","1158","2","桃園市","楊梅區","121.145","24.915","1562"
"643","377263","20220930132000","577","1","桃園市","楊梅區","121.145","24.910","670"
"83","377264","20220930132000","376","0","桃園市","楊梅區","121.130","24.915","84"
"588","377268","20220930132000","472","2","桃園市","楊梅區","121.130","24.920","578"
"444","377270","20220930132000","602","0","桃園市","楊梅區","121.140","24.920","505"
"2029","377280","20220930132000","1990","1","桃園市","楊梅區","121.145","24.900","2071"
"334","377285","20220930132000","274","2","桃園市","楊梅區","121.170","24.900","352"
"657","377288","20220930132000","573","1","桃園市","楊梅區","121.185","24.925","686"
"481","377289","20220930132000","634","0","桃園市","平鎮區","121.190","24.925","470"
"831","377292","20220930132000","577","2","桃園市","平鎮區","121.195","24.925","777"
"168","377295","20220930132000","374","0","桃園市","平鎮區","121.210","24.935","169"
"1942","377296","20220930132000","1503","2","桃園市","桃園區","121.295","24.990","1938"
"2620","377297","20220930132000","2393","1","桃園市","桃園區","121.285","24.985","2585"
"806","377303","20220930132000","516","3","桃園市","新屋區","121.120","24.950","723"
"223","377308","20220930132000","288","0","桃園市","新屋區","121.100","24.960","222"
"793","377310","20220930132000","405","3","桃園市","新屋區","121.110","24.960","677"
"792","377311","20220930132000","770","1","桃園市","新屋區","121.095","24.965","781"
"622","377322","20220930132000","531","1","桃園市","新屋區","121.045","24.960","664"
"238","377333","20220930132000","154","3","桃園市","新屋區","121.045","24.970","300"
"1826","377335","20220930132000","1923","0","桃園市","桃園區","121.320","24.990","2039"
"1229","377337","20220930132000","1196","1","桃園市","平鎮區","121.250","24.920","1286"
"602","377339","20220930132000","672","0","桃園市","平鎮區","121.240","24.925","561"
"977","377340","20220930132000","1151","0","桃園市","桃園區","121.305","24.985","974"
"1161","377342","20220930132000","1048","1","桃園市","桃園區","121.325","24.975","1131"
"2581","377344","20220930132000","2181","1","桃園市","桃園區","121.320","24.975","2590"
"2597","377345","20220930132000","1632","3","新北市","鶯歌區","121.330","24.975","2463"
"944","377346","20220930132000","1119","0","桃園市","桃園區","121.320","24.980","950"
"1120","377347","20220930132000","992","1","桃園市","中壢區","121.230","24.960","1113"
"1191","377348","20220930132000","1394","0","桃園市","中壢區","121.235","24.960","1233"
"339","377349","20220930132000","691","0","桃園市","中壢區","121.230","24.950","399"
"1628","377350","20220930132000","1477","1","桃園市","中壢區","121.225","24.950","1664"
"494","377361","20220930132000","504","0","桃園市","新屋區","121.030","24.950","518"
"289","377372","20220930132000","414","0","桃園市","新屋區","121.090","24.980","282"
"1095","377380","20220930132000","1307","0","桃園市","新屋區","121.110","24.970","1175"
"169","377381","20220930132000","130","2","桃園市","新屋區","121.110","24.975","123"
"2321","377384","20220930132000","2328","0","桃園市","新屋區","121.105","24.975","2322"
"219","377428","20220930132000","144","3","桃園市","新屋區","121.040","24.980","192"
"1127","377433","20220930132000","1086","1","桃園市","新屋區","121.035","24.985","1150"
"536","377434","20220930132000","462","1","桃園市","新屋區","121.040","24.985","506"
"1476","377446","20220930132000","1316","1","桃園市","桃園區","121.315","24.990","1458"
"1372","377447","20220930132000","922","2","桃園市","桃園區","121.270","24.980","1401"
"2819","377449","20220930132000","1929","2","桃園市","桃園區","121.275","24.990","2870"
"2391","377450","20220930132000","2311","1","桃園市","桃園區","121.265","24.975","2245"
"1497","377452","20220930132000","1549","0","桃園市","桃園區","121.265","24.980","1551"
"90","377454","20220930132000","52","3","桃園市","桃園區","121.265","24.985","62"
"1763","377455","20220930132000","2134","0","桃園市","桃園區","121.290","24.990","1790"
"259","377456","20220930132000","547","0","桃園市","平鎮區","121.245","24.905","277"
"64","377457","20220930132000","204","0","桃園市","平鎮區","121.250","24.905","54"
"179","377459","20220930132000","204","0","桃園市","平鎮區","121.250","24.915","168"
"941","377460","20220930132000","693","2","桃園市","平鎮區","121.215","24.935","826"
"1560","377461","20220930132000","1479","1","桃園市","平鎮區","121.215","24.940","1587"
"1705","377462","20220930132000","1379","2","桃園市","平鎮區","121.215","24.945","1697"
"2111","377463","20220930132000","2122","0","桃園市","桃園區","121.310","24.980","2205"
"1761","377464","20220930132000","1779","0","桃園市","桃園區","121.310","24.985","1701"
"1952","377468","20220930132000","1556","2","桃園市","桃園區","121.305","24.980","1972"
"158","377469","20220930132000","123","2","桃園市","楊梅區","121.175","24.950","174"
"1053","377470","20220930132000","1117","0","桃園市","楊梅區","121.170","24.955","1070"
"399","377473","20220930132000","403","0","桃園市","楊梅區","121.115","24.900","347"
"94","377476","20220930132000","130","0","桃園市","楊梅區","121.125","24.910","93"
"463","377481","20220930132000","419","1","桃園市","楊梅區","121.150","24.940","475"
"206","377483","20220930132000","387","0","桃園市","楊梅區","121.150","24.920","234"
"816","377484","20220930132000","958","0","桃園市","楊梅區","121.155","24.920","845"
"1154","377488","20220930132000","735","3","桃園市","楊梅區","121.150","24.925","1175"
"498","377489","20220930132000","425","1","桃園市","楊梅區","121.155","24.925","447"
"34","377490","20220930132000","14","3","桃園市","楊梅區","121.160","24.925","42"
"822","377491","20220930132000","808","1","桃園市","楊梅區","121.165","24.925","858"
"286","377493","20220930132000","408","0","桃園市","楊梅區","121.145","24.930","281"
"1639","377497","20220930132000","1262","2","桃園市","楊梅區","121.160","24.930","1602"
"458","377498","20220930132000","791","0","桃園市","楊梅區","121.165","24.930","437"
"1477","377499","20220930132000","900","3","桃園市","楊梅區","121.170","24.930","1475"
"296","377501","20220930132000","351","0","桃園市","楊梅區","121.140","24.930","295"
"1283","377508","20220930132000","1219","1","桃園市","平鎮區","121.210","24.940","1312"
"1374","377509","20220930132000","1219","1","桃園市","平鎮區","121.210","24.945","1440"
"606","377513","20220930132000","482","2","桃園市","平鎮區","121.210","24.930","651"
"1158","377519","20220930132000","988","1","桃園市","平鎮區","121.230","24.900","1223"
"335","377522","20220930132000","402","0","桃園市","平鎮區","121.245","24.900","360"
"825","377529","20220930132000","1096","0","桃園市","平鎮區","121.225","24.910","838"
"969","377530","20220930132000","603","3","桃園市","平鎮區","121.230","24.910","928"
"2408","377532","20220930132000","2113","1","桃園市","桃園區","121.305","24.990","2324"
"894","377533","20220930132000","957","0","新北市","鶯歌區","121.330","24.970","934"
"308","377534","20220930132000","469","0","新北市","鶯歌區","121.335","24.965","322"
"705","377535","20220930132000","462","3","桃園市","桃園區","121.320","24.970","668"
"1647","377538","20220930132000","1647","1","桃園市","桃園區","121.315","24.980","1785"
"1454","377539","20220930132000","884","3","桃園市","楊梅區","121.175","24.925","1184"
"669","377542","20220930132000","692","0","桃園市","楊梅區","121.180","24.925","981"
"337","377546","20220930132000","170","3","桃園市","楊梅區","121.180","24.930","398"
"648","377547","20220930132000","656","0","桃園市","楊梅區","121.160","24.935","719"
"219","377551","20220930132000","100","3","桃園市","楊梅區","121.180","24.935","144"
"91","377559","20220930132000","75","2","桃園市","楊梅區","121.150","24.945","81"
"29","377561","20220930132000","19","3","桃園市","楊梅區","121.160","24.945","31"
"1277","377564","20220930132000","499","3","桃園市","楊梅區","121.175","24.945","1098"
"1024","377565","20220930132000","681","3","桃園市","新屋區","121.150","24.950","1068"
"308","377566","20220930132000","265","1","桃園市","楊梅區","121.155","24.950","325"
"959","377570","20220930132000","959","1","桃園市","蘆竹區","121.265","24.990","929"
"2063","377571","20220930132000","1279","3","桃園市","龜山區","121.340","24.980","1933"
"117","377572","20220930132000","436","0","桃園市","龜山區","121.340","24.985","93"
"1803","377573","20220930132000","2056","0","桃園市","龜山區","121.345","24.985","1783"
"651","377574","20220930132000","640","1","桃園市","龜山區","121.340","24.990","691"
"412","377575","20220930132000","308","2","桃園市","龜山區","121.345","24.990","382"
"19","377617","20220930132000","352","0","新北市","雙溪區","121.785","24.920","38"
"12","377650","20220930132000","42","0","新北市","雙溪區","121.810","24.930","12"
"13","377679","20220930132000","24","0","新北市","雙溪區","121.830","24.940","25"
"36","377693","20220930132000","14","3","新北市","雙溪區","121.795","24.950","10"
"31","377742","20220930132000","33","0","新北市","雙溪區","121.820","24.965","19"
"16","377753","20220930132000","12","2","新北市","雙溪區","121.810","24.970","14"
"13","377756","20220930132000","32","0","新北市","雙溪區","121.825","24.970","14"
"20","377787","20220930132000","30","0","新北市","雙溪區","121.845","24.980","32"
"1465","377821","20220930132000","1372","1","桃園市","楊梅區","121.145","24.905","1398"
"1475","377823","20220930132000","1519","0","桃園市","楊梅區","121.165","24.910","1531"
"148","377824","20220930132000","255","0","桃園市","楊梅區","121.165","24.915","108"
"20","377826","20220930132000","182","0","桃園市","大溪區","121.280","24.910","14"
"1050","377827","20220930132000","700","3","桃園市","大溪區","121.285","24.910","984"
"1046","377831","20220930132000","915","1","桃園市","大溪區","121.280","24.915","1010"
"328","377833","20220930132000","327","1","桃園市","大溪區","121.290","24.915","311"
"757","377835","20220930132000","691","1","桃園市","大溪區","121.280","24.920","904"
"653","377837","20220930132000","1014","0","桃園市","大溪區","121.290","24.920","681"
"512","377839","20220930132000","494","1","桃園市","大溪區","121.275","24.900","569"
"786","377841","20220930132000","500","3","桃園市","大溪區","121.275","24.905","793"
"1738","377843","20220930132000","1796","0","桃園市","楊梅區","121.180","24.910","1726"
"1067","377844","20220930132000","854","2","桃園市","楊梅區","121.180","24.915","1030"
"203","377845","20220930132000","244","0","桃園市","平鎮區","121.225","24.925","245"
"504","377847","20220930132000","642","0","桃園市","平鎮區","121.220","24.935","476"
"2294","377848","20220930132000","1929","1","桃園市","平鎮區","121.225","24.930","2308"
"592","377849","20220930132000","568","1","桃園市","平鎮區","121.220","24.930","627"
"329","377851","20220930132000","240","2","桃園市","平鎮區","121.230","24.925","343"
"476","377852","20220930132000","486","0","桃園市","中壢區","121.245","24.925","498"
"1657","377853","20220930132000","1203","2","桃園市","楊梅區","121.150","24.910","1764"
"737","377854","20220930132000","615","1","桃園市","楊梅區","121.150","24.915","756"
"95","377858","20220930132000","88","1","桃園市","楊梅區","121.130","24.905","87"
"594","377859","20220930132000","514","1","桃園市","楊梅區","121.135","24.905","597"
"167","377862","20220930132000","190","0","桃園市","楊梅區","121.135","24.910","138"
"582","377866","20220930132000","362","3","桃園市","楊梅區","121.070","24.930","598"
"543","377868","20220930132000","572","0","桃園市","楊梅區","121.065","24.935","532"
"253","377877","20220930132000","241","1","桃園市","楊梅區","121.100","24.920","271"
"144","377879","20220930132000","283","0","桃園市","楊梅區","121.070","24.925","93"
"217","377895","20220930132000","825","0","桃園市","楊梅區","121.085","24.930","239"
"257","377896","20220930132000","360","0","桃園市","楊梅區","121.160","24.950","264"
"2897","377898","20220930132000","2154","2","桃園市","楊梅區","121.160","24.955","2933"
"420","377901","20220930132000","214","3","桃園市","楊梅區","121.120","24.895","487"
"261","377906","20220930132000","58","3","桃園市","楊梅區","121.125","24.900","187"
"328","377909","20220930132000","222","2","桃園市","平鎮區","121.210","24.910","322"
"2315","377914","20220930132000","1723","2","桃園市","平鎮區","121.210","24.920","2762"
"195","377919","20220930132000","322","0","桃園市","平鎮區","121.195","24.930","198"
"421","377920","20220930132000","626","0","桃園市","平鎮區","121.200","24.940","439"
"141","377924","20220930132000","367","0","桃園市","八德區","121.290","24.945","127"
"1393","377925","20220930132000","1076","2","桃園市","八德區","121.290","24.930","1323"
"795","377933","20220930132000","1154","0","桃園市","八德區","121.275","24.960","838"
"1785","377940","20220930132000","1789","0","臺北市","文山區","121.555","24.985","1897"
"576","377941","20220930132000","433","2","臺北市","文山區","121.560","24.985","592"
"846","377942","20220930132000","1092","0","臺北市","文山區","121.565","24.980","893"
"67","377946","20220930132000","66","1","新北市","新店區","121.575","24.965","45"
"213","377947","20220930132000","320","0","臺北市","文山區","121.580","24.965","208"
"1016","377948","20220930132000","878","1","臺北市","文山區","121.560","24.970","1022"
"120","377953","20220930132000","138","0","臺北市","文山區","121.560","24.975","115"
"60","377955","20220930132000","84","0","臺北市","文山區","121.570","24.975","65"
"26","377956","20220930132000","36","0","臺北市","文山區","121.575","24.975","39"
"301","377957","20220930132000","682","0","臺北市","文山區","121.570","24.980","276"
"1677","377958","20220930132000","1739","0","臺北市","文山區","121.565","24.985","1728"
"292","377962","20220930132000","313","0","臺北市","文山區","121.610","24.965","273"
"197","377964","20220930132000","151","2","臺北市","文山區","121.590","24.965","210"
"25","377974","20220930132000","28","0","臺北市","文山區","121.600","24.970","22"
"275","377978","20220930132000","150","3","臺北市","文山區","121.580","24.975","229"
"301","377979","20220930132000","340","0","臺北市","文山區","121.585","24.975","331"
"288","377980","20220930132000","313","0","臺北市","文山區","121.590","24.975","253"
"1257","377982","20220930132000","1523","0","臺北市","文山區","121.575","24.980","1342"
"451","377989","20220930132000","572","0","臺北市","文山區","121.585","24.985","506"
"295","377990","20220930132000","718","0","臺北市","文山區","121.590","24.985","294"
"1032","377994","20220930132000","691","2","臺北市","文山區","121.590","24.990","992"
"161","377995","20220930132000","115","2","臺北市","文山區","121.595","24.990","142"
"2057","377997","20220930132000","2235","0","臺北市","文山區","121.560","24.990","1995"
"1392","377998","20220930132000","2517","0","臺北市","文山區","121.575","24.985","1360"
"787","377999","20220930132000","863","0","臺北市","文山區","121.580","24.985","782"
"2996","378000","20220930132000","2219","2","臺北市","文山區","121.575","24.990","2958"
"675","378001","20220930132000","596","1","臺北市","文山區","121.580","24.990","699"
"1705","378002","20220930132000","1838","0","臺北市","文山區","121.550","24.985","1660"
"971","378003","20220930132000","1502","0","臺北市","文山區","121.565","24.990","1023"
"2376","378004","20220930132000","2568","0","臺北市","文山區","121.570","24.990","2451"
"2638","378005","20220930132000","2412","1","臺北市","文山區","121.555","24.980","2487"
"2237","378006","20220930132000","2148","1","臺北市","文山區","121.560","24.980","2211"
"1101","378007","20220930132000","1012","1","臺北市","文山區","121.555","24.975","1142"
"2642","378008","20220930132000","2626","1","臺北市","文山區","121.570","24.985","2594"
"2647","378009","20220930132000","2734","0","臺北市","文山區","121.545","24.990","2554"
"3090","378010","20220930132000","3317","0","臺北市","文山區","121.540","24.990","2978"
"447","378011","20220930132000","707","0","臺北市","文山區","121.550","24.990","494"
"298","378012","20220930132000","334","0","臺北市","文山區","121.555","24.990","321"
"47","378561","20220930132000","46","1","新北市","貢寮區","121.990","24.995","49"
"23","378916","20220930132000","51","0","新北市","貢寮區","122.000","25.000","25"
"157","379975","20220930132000","92","3","新北市","貢寮區","122.005","25.015","148"
"2291","382513","20220930132000","2382","0","新北市","新莊區","121.450","25.035","2117"
"658","382514","20220930132000","567","1","新北市","新莊區","121.415","25.020","649"
"2253","382515","20220930132000","2044","1","新北市","板橋區","121.430","24.995","2235"
"853","382517","20220930132000","755","1","新北市","新莊區","121.435","25.005","879"
"676","382519","20220930132000","789","0","新北市","板橋區","121.440","25.010","671"
"1208","382521","20220930132000","1678","0","新北市","新莊區","121.430","25.020","1177"
"1632","382522","20220930132000","1625","1","新北市","新莊區","121.430","25.015","1547"
"38","382523","20220930132000","189","0","新北市","新莊區","121.420","25.020","34"
"1478","382525","20220930132000","1675","0","新北市","新莊區","121.410","25.025","1482"
"103","382526","20220930132000","100","1","新北市","新莊區","121.400","25.030","99"
"2680","382528","20220930132000","3623","0","新北市","板橋區","121.470","25.015","2900"
"2119","382530","20220930132000","2208","0","新北市","板橋區","121.465","25.025","2078"
"3694","382531","20220930132000","4089","0","新北市","板橋區","121.460","25.025","3838"
"2474","382532","20220930132000","2258","1","新北市","中和區","121.480","24.995","2345"
"1157","382534","20220930132000","1718","0","新北市","板橋區","121.445","25.000","1061"
"1878","382536","20220930132000","2520","0","新北市","中和區","121.520","24.995","1889"
"1613","382537","20220930132000","2286","0","新北市","板橋區","121.455","25.025","1593"
"828","382538","20220930132000","772","1","臺北市","文山區","121.530","24.995","844"
"595","382539","20220930132000","775","0","新北市","汐止區","121.620","25.045","576"
"1006","382546","20220930132000","1101","0","新北市","樹林區","121.410","25.010","1052"
"2046","382547","20220930132000","2658","0","新北市","新莊區","121.425","25.015","2071"
"1676","382548","20220930132000","1634","1","新北市","中和區","121.495","24.995","1565"
"1861","382549","20220930132000","2187","0","臺北市","萬華區","121.490","25.015","1777"
"199","382550","20220930132000","217","0","新北市","三重區","121.480","25.050","126"
"1570","382552","20220930132000","1768","0","新北市","中和區","121.480","25.000","1540"
"1666","382553","20220930132000","2196","0","新北市","中和區","121.475","25.005","1694"
"4097","382554","20220930132000","3435","1","新北市","中和區","121.470","25.005","4206"
"2526","382555","20220930132000","3670","0","新北市","中和區","121.500","24.995","2487"
"2693","382556","20220930132000","2669","1","新北市","中和區","121.495","25.005","2664"
"1548","382557","20220930132000","2718","0","新北市","中和區","121.500","25.005","1568"
"936","382558","20220930132000","1976","0","新北市","三重區","121.490","25.055","970"
"1164","382559","20220930132000","1132","1","新北市","三重區","121.475","25.045","1275"
"1221","382560","20220930132000","1582","0","新北市","板橋區","121.445","25.005","1250"
"464","382561","20220930132000","480","0","新北市","板橋區","121.445","25.010","422"
"734","382562","20220930132000","912","0","新北市","板橋區","121.450","25.005","750"
"640","382563","20220930132000","820","0","新北市","板橋區","121.450","25.020","616"
"1863","382564","20220930132000","2023","0","新北市","中和區","121.505","25.005","1784"
"1793","382565","20220930132000","2134","0","新北市","三重區","121.485","25.055","1823"
"1957","382567","20220930132000","1879","1","新北市","三重區","121.495","25.055","1960"
"1466","382568","20220930132000","1449","1","新北市","三重區","121.500","25.045","1446"
"3648","382571","20220930132000","2934","2","新北市","中和區","121.490","25.005","3777"
"3533","382572","20220930132000","3086","1","新北市","中和區","121.490","25.000","3367"
"1113","382574","20220930132000","829","2","新北市","中和區","121.485","25.010","1078"
"3374","382575","20220930132000","3795","0","新北市","中和區","121.485","24.995","3407"
"2559","382576","20220930132000","4681","0","新北市","中和區","121.490","24.995","2580"
"2749","382577","20220930132000","3295","0","新北市","中和區","121.505","24.995","2723"
"250","382579","20220930132000","376","0","新北市","板橋區","121.460","25.030","270"
"2149","382580","20220930132000","2451","0","新北市","板橋區","121.455","25.015","2210"
"241","382582","20220930132000","449","0","新北市","板橋區","121.450","25.025","201"
"362","382583","20220930132000","450","0","新北市","泰山區","121.420","25.045","388"
"544","382584","20220930132000","1149","0","新北市","泰山區","121.425","25.045","559"
"284","382589","20220930132000","159","3","新北市","三重區","121.485","25.045","279"
"771","382592","20220930132000","614","2","新北市","三重區","121.485","25.050","779"
"1807","382593","20220930132000","1521","1","新北市","三重區","121.490","25.050","1765"
"679","382594","20220930132000","338","3","桃園市","龜山區","121.410","25.020","575"
"1552","382595","20220930132000","1556","0","新北市","新莊區","121.460","25.050","1462"
"2486","382596","20220930132000","2284","1","新北市","新莊區","121.465","25.050","2461"
"337","382597","20220930132000","766","0","新北市","新莊區","121.460","25.055","345"
"1844","382598","20220930132000","1779","1","新北市","新莊區","121.465","25.055","1743"
"2039","382600","20220930132000","2178","0","新北市","三重區","121.470","25.045","1957"
"2116","382601","20220930132000","1632","2","新北市","三重區","121.470","25.050","2105"
"764","382602","20220930132000","608","2","新北市","三重區","121.470","25.055","750"
"3636","382603","20220930132000","3075","1","新北市","中和區","121.480","25.010","3495"
"3629","382604","20220930132000","3104","1","新北市","板橋區","121.475","25.010","3728"
"1562","382605","20220930132000","1537","1","新北市","中和區","121.465","24.995","1420"
"2166","382606","20220930132000","2085","1","新北市","新莊區","121.450","25.040","2179"
"2710","382607","20220930132000","2683","1","新北市","新莊區","121.445","25.040","2142"
"2791","382608","20220930132000","3167","0","新北市","新莊區","121.425","25.020","2762"
"253","382609","20220930132000","1580","0","新北市","新莊區","121.455","25.045","226"
"1729","382610","20220930132000","1869","0","新北市","板橋區","121.465","25.005","1819"
"2887","382611","20220930132000","2129","2","新北市","板橋區","121.460","25.005","2768"
"61","382614","20220930132000","156","0","新北市","深坑區","121.630","25.010","76"
"134","382615","20220930132000","128","1","新北市","深坑區","121.620","25.010","157"
"85","382618","20220930132000","202","0","新北市","深坑區","121.630","25.015","91"
"398","382623","20220930132000","819","0","新北市","深坑區","121.605","25.000","431"
"1227","382624","20220930132000","1280","0","新北市","新莊區","121.435","25.015","1212"
"50","382625","20220930132000","322","0","新北市","板橋區","121.450","25.000","62"
"708","382626","20220930132000","595","1","新北市","中和區","121.470","24.995","720"
"78","382627","20220930132000","51","3","新北市","中和區","121.480","24.990","69"
"456","382628","20220930132000","1312","0","新北市","中和區","121.475","25.000","439"
"321","382629","20220930132000","684","0","新北市","中和區","121.505","25.000","256"
"1990","382630","20220930132000","2216","0","新北市","永和區","121.525","25.005","2017"
"1575","382634","20220930132000","1392","1","新北市","樹林區","121.420","24.995","1646"
"1577","382637","20220930132000","1118","2","新北市","樹林區","121.420","25.000","1604"
"717","382638","20220930132000","690","1","新北市","新莊區","121.440","25.030","744"
"2218","382639","20220930132000","1812","2","新北市","新莊區","121.420","25.025","2243"
"2196","382640","20220930132000","2155","1","新北市","新莊區","121.455","25.050","2181"
"2169","382641","20220930132000","2052","1","新北市","中和區","121.470","25.000","2264"
"6221","382642","20220930132000","3475","3","新北市","板橋區","121.455","25.005","6144"
"745","382643","20220930132000","284","3","新北市","板橋區","121.445","25.020","678"
"541","382644","20220930132000","600","0","新北市","板橋區","121.440","25.000","565"
"4044","382645","20220930132000","5802","0","新北市","永和區","121.520","25.010","4025"
"1260","382646","20220930132000","1141","1","新北市","樹林區","121.415","25.000","1116"
"677","382647","20220930132000","534","2","新北市","樹林區","121.415","25.005","684"
"2282","382648","20220930132000","2982","0","新北市","土城區","121.455","24.995","2246"
"39","382660","20220930132000","40","0","新北市","平溪區","121.710","25.020","32"
"3013","382667","20220930132000","2375","2","新北市","新莊區","121.460","25.040","2745"
"4428","382668","20220930132000","4014","1","新北市","新莊區","121.460","25.045","4249"
"891","382671","20220930132000","907","0","新北市","板橋區","121.445","25.015","821"
"5529","382673","20220930132000","4203","2","新北市","板橋區","121.450","24.995","5556"
"2666","382674","20220930132000","2311","1","新北市","板橋區","121.455","25.000","2702"
"4314","382675","20220930132000","2953","2","新北市","永和區","121.520","25.015","4340"
"2624","382676","20220930132000","3509","0","新北市","永和區","121.515","25.015","2638"
"1546","382677","20220930132000","2076","0","新北市","新莊區","121.445","25.030","1559"
"3545","382678","20220930132000","2580","2","新北市","新莊區","121.455","25.035","3414"
"28","382679","20220930132000","717","0","新北市","板橋區","121.460","25.035","22"
"1322","382680","20220930132000","1133","1","新北市","新莊區","121.465","25.040","1297"
"732","382683","20220930132000","503","2","桃園市","中壢區","121.215","25.000","660"
"228","382686","20220930132000","206","1","桃園市","觀音區","121.125","25.030","370"
"1927","382699","20220930132000","2436","0","新北市","板橋區","121.485","25.020","1954"
"6179","382700","20220930132000","6330","0","新北市","板橋區","121.460","25.010","6311"
"3778","382701","20220930132000","2334","3","新北市","板橋區","121.460","24.995","3936"
"793","382702","20220930132000","807","0","新北市","樹林區","121.420","25.015","825"
"826","382703","20220930132000","769","1","新北市","新莊區","121.435","25.010","863"
"1485","382706","20220930132000","1283","1","新北市","新莊區","121.440","25.020","1568"
"156","382710","20220930132000","181","0","新北市","新莊區","121.445","25.025","170"
"2555","382711","20220930132000","2274","1","新北市","永和區","121.505","25.010","2624"
"2455","382712","20220930132000","3014","0","新北市","板橋區","121.475","25.020","2533"
"2414","382713","20220930132000","1980","2","新北市","新莊區","121.430","25.025","2472"
"333","382714","20220930132000","198","3","新北市","新莊區","121.435","25.025","335"
"1117","382715","20220930132000","1300","0","新北市","新莊區","121.425","25.025","1115"
"1027","382716","20220930132000","1076","0","臺北市","萬華區","121.500","25.015","983"
"1370","382717","20220930132000","1181","1","新北市","新莊區","121.450","25.030","1469"
"223","382724","20220930132000","256","0","桃園市","中壢區","121.180","25.005","214"
"553","382730","20220930132000","555","0","桃園市","中壢區","121.190","25.010","585"
"423","382732","20220930132000","263","3","桃園市","中壢區","121.185","25.015","403"
"432","382735","20220930132000","390","1","桃園市","大園區","121.180","25.025","430"
"1007","382741","20220930132000","1043","0","桃園市","觀音區","121.160","24.995","1004"
"416","382743","20220930132000","449","0","桃園市","觀音區","121.155","25.000","417"
"683","382759","20220930132000","719","0","桃園市","觀音區","121.160","25.020","652"
"20","382763","20220930132000","10","3","桃園市","觀音區","121.150","25.025","15"
"873","382780","20220930132000","644","2","桃園市","觀音區","121.105","25.040","884"
"274","382785","20220930132000","245","1","桃園市","觀音區","121.130","25.020","248"
"511","382813","20220930132000","770","0","桃園市","觀音區","121.110","25.050","543"
"2647","382814","20220930132000","1563","3","桃園市","觀音區","121.115","25.050","2311"
"840","382815","20220930132000","493","3","桃園市","觀音區","121.120","25.050","855"
"223","382816","20220930132000","150","2","桃園市","觀音區","121.125","25.050","232"
"577","382820","20220930132000","326","3","桃園市","觀音區","121.120","25.055","567"
"744","382821","20220930132000","1314","0","桃園市","觀音區","121.125","25.055","678"
"923","382830","20220930132000","824","1","桃園市","觀音區","121.080","25.035","677"
"886","382842","20220930132000","543","3","桃園市","觀音區","121.095","25.050","969"
"272","382853","20220930132000","387","0","桃園市","觀音區","121.145","25.040","252"
"1648","382855","20220930132000","2097","0","桃園市","觀音區","121.140","25.045","1570"
"1011","382857","20220930132000","958","1","桃園市","觀音區","121.130","25.050","1002"
"514","382858","20220930132000","437","1","桃園市","觀音區","121.135","25.050","560"
"353","382868","20220930132000","198","3","桃園市","觀音區","121.115","25.000","350"
"1462","382888","20220930132000","1077","2","桃園市","蘆竹區","121.270","25.010","1398"
"199","382890","20220930132000","238","0","桃園市","蘆竹區","121.265","25.015","288"
"1560","382891","20220930132000","1734","0","桃園市","蘆竹區","121.240","25.025","1562"
"808","382893","20220930132000","619","2","桃園市","蘆竹區","121.250","25.025","1028"
"305","382894","20220930132000","817","0","桃園市","大園區","121.235","25.025","321"
"2008","382896","20220930132000","906","3","桃園市","蘆竹區","121.245","25.025","1705"
"329","382898","20220930132000","234","2","桃園市","蘆竹區","121.240","25.030","326"
"92","382911","20220930132000","126","0","新北市","石碇區","121.670","25.010","119"
"133","382935","20220930132000","145","0","新北市","石碇區","121.670","25.030","115"
"10","382938","20220930132000","16","0","新北市","石碇區","121.685","25.030","15"
"106","382953","20220930132000","103","1","新北市","石碇區","121.690","25.005","93"
"107","382971","20220930132000","87","2","新北市","石碇區","121.700","25.015","114"
"150","382976","20220930132000","181","0","新北市","石碇區","121.660","24.995","163"
"109","382980","20220930132000","133","0","新北市","石碇區","121.650","25.000","113"
"45","382991","20220930132000","48","0","新北市","貢寮區","121.885","24.995","45"
"20","382996","20220930132000","18","1","新北市","貢寮區","121.885","25.000","24"
"67","383019","20220930132000","95","0","新北市","貢寮區","122.000","25.005","56"
"182","383024","20220930132000","128","2","新北市","貢寮區","121.990","25.010","207"
"88","383035","20220930132000","82","1","新北市","貢寮區","121.985","25.020","96"
"1720","383037","20220930132000","2740","0","新北市","永和區","121.520","25.000","1768"
"3455","383038","20220930132000","3278","1","新北市","板橋區","121.475","25.025","3526"
"266","383039","20220930132000","502","0","新北市","新莊區","121.410","25.030","273"
"447","383040","20220930132000","360","2","新北市","新莊區","121.415","25.030","434"
"98","383045","20220930132000","73","2","新北市","新莊區","121.405","25.040","94"
"1831","383046","20220930132000","2323","0","新北市","新莊區","121.455","25.055","1890"
"1075","383047","20220930132000","1961","0","新北市","新莊區","121.435","25.030","1155"
"1891","383048","20220930132000","1431","2","新北市","新莊區","121.425","25.030","1905"
"1419","383049","20220930132000","2411","0","新北市","新莊區","121.430","25.030","1393"
"1584","383050","20220930132000","1555","1","新北市","新莊區","121.430","25.035","1667"
"2968","383054","20220930132000","4063","0","新北市","新莊區","121.445","25.050","3061"
"3519","383055","20220930132000","3104","1","新北市","新莊區","121.450","25.045","3365"
"2377","383056","20220930132000","1524","3","桃園市","蘆竹區","121.290","25.050","2050"
"3533","383057","20220930132000","2860","2","桃園市","蘆竹區","121.280","25.055","3486"
"446","383058","20220930132000","467","0","桃園市","蘆竹區","121.285","25.045","489"
"2335","383059","20220930132000","1946","1","桃園市","蘆竹區","121.285","25.050","2090"
"1730","383060","20220930132000","2207","0","桃園市","蘆竹區","121.285","25.055","1617"
"1425","383094","20220930132000","1869","0","桃園市","觀音區","121.050","25.025","1409"
"307","383096","20220930132000","465","0","桃園市","觀音區","121.080","25.030","358"
"795","383099","20220930132000","770","1","桃園市","觀音區","121.085","25.035","882"
"981","383113","20220930132000","771","2","桃園市","觀音區","121.120","25.025","990"
"338","383117","20220930132000","420","0","桃園市","觀音區","121.115","25.025","339"
"1534","383118","20220930132000","1374","1","新北市","樹林區","121.410","25.015","1503"
"1184","383121","20220930132000","1774","0","新北市","泰山區","121.440","25.045","1235"
"31","383122","20220930132000","313","0","新北市","泰山區","121.430","25.050","21"
"405","383124","20220930132000","291","2","新北市","泰山區","121.440","25.050","402"
"240","383125","20220930132000","471","0","新北市","泰山區","121.435","25.055","182"
"745","383126","20220930132000","666","1","新北市","泰山區","121.425","25.050","698"
"789","383127","20220930132000","982","0","新北市","新莊區","121.440","25.055","887"
"1917","383128","20220930132000","1905","1","新北市","新莊區","121.445","25.055","1988"
"3044","383129","20220930132000","2782","1","新北市","新莊區","121.450","25.055","2924"
"2997","383130","20220930132000","3411","0","新北市","新莊區","121.450","25.050","2820"
"646","383131","20220930132000","740","0","新北市","新莊區","121.455","25.040","655"
"239","383132","20220930132000","32","3","新北市","板橋區","121.435","24.995","212"
"969","383134","20220930132000","959","1","新北市","板橋區","121.445","24.995","947"
"3282","383141","20220930132000","3816","0","新北市","永和區","121.515","25.005","3022"
"3388","383142","20220930132000","3779","0","新北市","板橋區","121.470","25.025","3386"
"3177","383143","20220930132000","2891","1","新北市","板橋區","121.475","25.030","3234"
"1509","383144","20220930132000","1631","0","新北市","新莊區","121.445","25.045","1544"
"443","383152","20220930132000","285","3","新北市","泰山區","121.400","25.055","461"
"1573","383156","20220930132000","1522","1","新北市","汐止區","121.625","25.040","1535"
"41","383165","20220930132000","35","1","新北市","雙溪區","121.865","25.045","39"
"23","383200","20220930132000","23","1","新北市","雙溪區","121.790","25.015","12"
"14","383202","20220930132000","115","0","新北市","雙溪區","121.800","25.015","140"
"356","383204","20220930132000","376","0","新北市","中和區","121.490","25.010","358"
"453","383205","20220930132000","555","0","新北市","樹林區","121.430","25.000","416"
"1708","383207","20220930132000","2364","0","新北市","永和區","121.515","24.995","1832"
"1635","383208","20220930132000","1806","0","桃園市","桃園區","121.315","25.005","1631"
"447","383209","20220930132000","612","0","桃園市","桃園區","121.315","25.010","476"
"436","383210","20220930132000","483","0","臺北市","萬華區","121.495","25.010","478"
"756","383211","20220930132000","1063","0","新北市","永和區","121.500","25.010","744"
"3075","383212","20220930132000","2838","1","新北市","永和區","121.510","25.015","2963"
"449","383214","20220930132000","632","0","新北市","汐止區","121.625","25.050","514"
"839","383218","20220930132000","856","0","桃園市","蘆竹區","121.290","25.055","861"
"737","383219","20220930132000","584","2","桃園市","蘆竹區","121.295","25.050","729"
"1149","383220","20220930132000","1634","0","桃園市","蘆竹區","121.300","25.050","1093"
"1014","383222","20220930132000","973","1","桃園市","蘆竹區","121.300","25.055","1061"
"68","383225","20220930132000","24","3","桃園市","蘆竹區","121.315","25.055","55"
"364","383229","20220930132000","306","1","新北市","石碇區","121.645","25.005","222"
"20","383234","20220930132000","25","0","新北市","石碇區","121.700","24.995","17"
"112","383253","20220930132000","101","1","新北市","石碇區","121.665","25.010","111"
"524","383254","20220930132000","384","2","新北市","石碇區","121.645","25.010","376"
"55","383261","20220930132000","80","0","新北市","石碇區","121.655","25.015","53"
"396","383272","20220930132000","362","1","桃園市","觀音區","121.100","25.005","414"
"504","383277","20220930132000","515","0","桃園市","觀音區","121.095","25.020","521"
"339","383281","20220930132000","389","0","桃園市","觀音區","121.095","25.025","366"
"1395","383283","20220930132000","1848","0","桃園市","桃園區","121.285","24.995","1329"
"294","383284","20220930132000","299","0","桃園市","桃園區","121.290","24.995","214"
"739","383285","20220930132000","531","2","桃園市","桃園區","121.285","25.000","755"
"3280","383286","20220930132000","3336","0","桃園市","蘆竹區","121.290","25.045","3152"
"296","383287","20220930132000","167","3","桃園市","桃園區","121.280","25.030","253"
"502","383290","20220930132000","630","0","桃園市","蘆竹區","121.280","25.035","468"
"917","383291","20220930132000","977","0","桃園市","蘆竹區","121.285","25.035","939"
"1645","383294","20220930132000","1180","2","桃園市","蘆竹區","121.285","25.040","1677"
"1768","383295","20220930132000","2679","0","桃園市","蘆竹區","121.290","25.040","1846"
"21","383299","20220930132000","154","0","桃園市","蘆竹區","121.255","25.025","28"
"271","383301","20220930132000","291","0","桃園市","蘆竹區","121.250","25.035","268"
"303","383311","20220930132000","183","3","桃園市","蘆竹區","121.240","25.040","288"
"199","383313","20220930132000","103","3","桃園市","蘆竹區","121.255","25.040","155"
"35","383315","20220930132000","246","0","桃園市","蘆竹區","121.250","25.045","37"
"347","383318","20220930132000","555","0","桃園市","蘆竹區","121.265","25.025","347"
"732","383325","20220930132000","669","1","桃園市","蘆竹區","121.275","25.030","728"
"47","383357","20220930132000","56","0","新北市","雙溪區","121.880","25.020","54"
"12","383364","20220930132000","65","0","新北市","雙溪區","121.870","25.030","13"
"5290","383376","20220930132000","6641","0","新北市","中和區","121.485","25.000","5137"
"3323","383377","20220930132000","4549","0","新北市","中和區","121.485","25.005","3425"
"2537","383378","20220930132000","3854","0","新北市","中和區","121.500","25.000","2314"
"3200","383379","20220930132000","3588","0","新北市","板橋區","121.465","25.010","3216"
"2978","383380","20220930132000","2688","1","新北市","板橋區","121.470","25.010","2864"
"600","383384","20220930132000","507","1","新北市","汐止區","121.635","25.040","858"
"252","383424","20220930132000","329","0","桃園市","蘆竹區","121.255","25.050","294"
"616","383426","20220930132000","502","2","桃園市","蘆竹區","121.265","25.050","556"
"10","383430","20220930132000","62","0","桃園市","蘆竹區","121.250","25.055","10"
"445","383435","20220930132000","411","1","桃園市","蘆竹區","121.275","25.055","455"
"349","383437","20220930132000","367","0","桃園市","大園區","121.160","25.030","382"
"432","383449","20220930132000","431","1","桃園市","觀音區","121.155","25.050","417"
"1463","383456","20220930132000","1398","1","桃園市","觀音區","121.140","25.010","1503"
"446","383457","20220930132000","468","0","桃園市","觀音區","121.145","25.010","441"
"429","383463","20220930132000","419","1","桃園市","觀音區","121.130","25.005","481"
"305","383469","20220930132000","278","1","桃園市","觀音區","121.060","25.025","291"
"333","383475","20220930132000","411","0","桃園市","觀音區","121.065","25.025","347"
"20","383478","20220930132000","14","2","桃園市","觀音區","121.060","25.030","20"
"364","383483","20220930132000","486","0","桃園市","觀音區","121.060","25.035","360"
"257","383485","20220930132000","374","0","桃園市","觀音區","121.070","25.035","230"
"283","383489","20220930132000","300","0","桃園市","觀音區","121.070","25.040","324"
"2132","383492","20220930132000","2308","0","新北市","三重區","121.475","25.050","2393"
"2349","383493","20220930132000","2861","0","新北市","中和區","121.510","24.995","2361"
"3287","383494","20220930132000","3870","0","新北市","中和區","121.510","25.000","3261"
"3137","383495","20220930132000","3136","1","新北市","板橋區","121.455","25.010","3110"
"2751","383496","20220930132000","2684","1","新北市","板橋區","121.455","25.020","2757"
"1961","383500","20220930132000","2283","0","新北市","樹林區","121.425","24.995","1966"
"175","383502","20220930132000","477","0","新北市","樹林區","121.405","25.005","176"
"116","383503","20220930132000","264","0","新北市","樹林區","121.410","25.005","115"
"1371","383507","20220930132000","1287","1","新北市","永和區","121.505","25.015","1427"
"183","383513","20220930132000","241","0","桃園市","中壢區","121.245","24.995","172"
"1781","383515","20220930132000","2044","0","桃園市","中壢區","121.225","25.000","1684"
"20","383518","20220930132000","222","0","桃園市","中壢區","121.240","25.000","17"
"614","383519","20220930132000","494","2","桃園市","中壢區","121.245","25.000","642"
"793","383520","20220930132000","625","2","桃園市","中壢區","121.250","25.000","807"
"290","383521","20220930132000","202","2","桃園市","中壢區","121.230","25.005","330"
"544","383524","20220930132000","543","1","桃園市","中壢區","121.245","25.005","574"
"290","383526","20220930132000","514","0","桃園市","大園區","121.245","25.010","316"
"1010","383529","20220930132000","786","2","桃園市","中壢區","121.175","24.995","992"
"425","383553","20220930132000","551","0","桃園市","中壢區","121.220","25.005","462"
"83","383554","20220930132000","329","0","桃園市","中壢區","121.215","25.010","47"
"62","383556","20220930132000","447","0","桃園市","中壢區","121.215","25.015","60"
"955","383557","20220930132000","589","3","桃園市","中壢區","121.220","25.015","903"
"1095","383559","20220930132000","1261","0","新北市","板橋區","121.480","25.030","1010"
"397","383560","20220930132000","353","1","新北市","樹林區","121.420","25.005","410"
"2422","383562","20220930132000","1820","2","新北市","新莊區","121.430","25.005","2402"
"884","383563","20220930132000","1111","0","新北市","樹林區","121.425","25.010","900"
"222","383564","20220930132000","1059","0","新北市","樹林區","121.425","25.000","213"
"2399","383565","20220930132000","2290","1","新北市","永和區","121.515","25.000","2382"
"2726","383566","20220930132000","2831","0","新北市","永和區","121.520","25.005","2705"
"2044","383567","20220930132000","1379","2","新北市","中和區","121.480","25.005","2035"
"1666","383568","20220930132000","1436","1","新北市","泰山區","121.415","25.050","1662"
"1402","383572","20220930132000","1671","0","新北市","泰山區","121.430","25.055","1294"
"1970","383573","20220930132000","1599","2","新北市","板橋區","121.460","25.000","2000"
"4410","383574","20220930132000","3973","1","新北市","中和區","121.495","25.000","4446"
"1616","383575","20220930132000","2066","0","新北市","板橋區","121.465","25.030","1526"
"3305","383576","20220930132000","3658","0","新北市","板橋區","121.470","25.030","3362"
"21","383582","20220930132000","457","0","新北市","深坑區","121.620","25.005","13"
"280","383589","20220930132000","597","0","新北市","深坑區","121.615","25.000","364"
"297","383590","20220930132000","517","0","新北市","深坑區","121.620","25.000","263"
"858","383591","20220930132000","744","1","新北市","深坑區","121.625","25.000","868"
"401","383599","20220930132000","206","3","新北市","深坑區","121.635","25.005","338"
"1561","383600","20220930132000","1172","2","新北市","深坑區","121.615","25.005","1479"
"2569","383602","20220930132000","2637","0","新北市","板橋區","121.480","25.025","2646"
"3886","383603","20220930132000","3857","1","新北市","新莊區","121.445","25.035","3550"
"192","383604","20220930132000","429","0","新北市","永和區","121.530","25.000","176"
"2168","383605","20220930132000","3059","0","新北市","板橋區","121.480","25.020","2176"
"3124","383606","20220930132000","3028","1","新北市","板橋區","121.480","25.015","3168"
"1316","383607","20220930132000","1460","0","桃園市","桃園區","121.310","25.010","1330"
"2554","383608","20220930132000","2115","2","桃園市","桃園區","121.310","25.015","2572"
"1966","383609","20220930132000","3150","0","新北市","永和區","121.510","25.010","2085"
"2574","383610","20220930132000","2684","0","新北市","永和區","121.515","25.010","2666"
"3031","383611","20220930132000","3189","0","新北市","板橋區","121.460","25.015","3034"
"1787","383612","20220930132000","2476","0","新北市","板橋區","121.465","25.000","1711"
"1558","383614","20220930132000","1144","2","桃園市","桃園區","121.300","25.010","1584"
"2865","383615","20220930132000","2312","2","桃園市","桃園區","121.315","24.995","2843"
"699","383616","20220930132000","938","0","新北市","深坑區","121.605","25.005","732"
"204","383618","20220930132000","224","0","新北市","深坑區","121.600","25.010","199"
"2187","383631","20220930132000","2227","0","新北市","深坑區","121.600","25.005","2206"
"1433","383632","20220930132000","1664","0","新北市","中和區","121.485","25.015","1408"
"2302","383633","20220930132000","2087","1","新北市","板橋區","121.475","25.015","2177"
"2883","383634","20220930132000","3983","0","新北市","板橋區","121.450","25.015","2947"
"1444","383635","20220930132000","1851","0","新北市","永和區","121.510","25.005","1416"
"2176","383636","20220930132000","2499","0","新北市","板橋區","121.450","25.010","2087"
"642","383637","20220930132000","807","0","新北市","樹林區","121.405","25.015","682"
"877","383638","20220930132000","794","1","新北市","樹林區","121.420","25.010","855"
"1358","383639","20220930132000","1198","1","新北市","樹林區","121.415","25.015","1383"
"98","383641","20220930132000","61","3","新北市","平溪區","121.765","25.035","92"
"339","383658","20220930132000","365","0","新北市","平溪區","121.775","25.040","353"
"142","383678","20220930132000","155","0","新北市","平溪區","121.740","25.025","183"
"98","383679","20220930132000","132","0","新北市","平溪區","121.745","25.025","121"
"72","383682","20220930132000","37","3","新北市","平溪區","121.745","25.030","46"
"43","383718","20220930132000","37","1","新北市","平溪區","121.780","25.025","35"
"16","383746","20220930132000","27","0","新北市","平溪區","121.765","25.020","10"
"53","383787","20220930132000","58","0","新北市","平溪區","121.750","25.005","57"
"76","383811","20220930132000","344","0","新北市","平溪區","121.715","25.020","66"
"16","383820","20220930132000","19","0","新北市","平溪區","121.735","25.020","12"
"845","383828","20220930132000","1656","0","新北市","中和區","121.475","24.995","764"
"3533","383829","20220930132000","4351","0","新北市","板橋區","121.470","25.020","3688"
"246","383830","20220930132000","203","2","新北市","板橋區","121.440","25.005","197"
"975","383831","20220930132000","867","1","新北市","新莊區","121.440","25.015","999"
"876","383833","20220930132000","1526","0","新北市","永和區","121.515","25.020","803"
"183","383834","20220930132000","164","1","新北市","汐止區","121.645","25.030","198"
"212","383848","20220930132000","198","1","新北市","汐止區","121.645","25.040","196"
"51","383859","20220930132000","76","0","新北市","汐止區","121.670","25.045","50"
"36","383862","20220930132000","66","0","新北市","汐止區","121.660","25.050","26"
"430","383865","20220930132000","470","0","新北市","永和區","121.530","25.005","442"
"3200","383866","20220930132000","2912","1","新北市","新莊區","121.465","25.045","3154"
"1215","383867","20220930132000","1757","0","新北市","新莊區","121.415","25.025","1215"
"1241","383868","20220930132000","1673","0","新北市","中和區","121.525","24.995","1099"
"629","383871","20220930132000","1017","0","桃園市","中壢區","121.200","25.010","672"
"452","383880","20220930132000","423","1","桃園市","中壢區","121.200","25.020","446"
"42","383883","20220930132000","132","0","新北市","深坑區","121.635","25.010","38"
"6762","383889","20220930132000","6064","1","新北市","板橋區","121.465","25.015","6731"
"54","383890","20220930132000","167","0","新北市","板橋區","121.475","25.035","46"
"1202","383891","20220930132000","787","3","新北市","板橋區","121.480","25.035","1112"
"5329","383893","20220930132000","5392","0","新北市","板橋區","121.465","25.020","5479"
"2577","383894","20220930132000","2640","0","新北市","板橋區","121.460","25.020","2465"
"2233","383895","20220930132000","1893","1","新北市","永和區","121.525","25.010","2123"
"3381","383896","20220930132000","3392","0","新北市","永和區","121.525","25.000","3375"
"1672","383897","20220930132000","1628","1","桃園市","龜山區","121.365","25.030","1842"
"1805","383900","20220930132000","1513","1","桃園市","龜山區","121.360","25.040","1775"
"1128","383902","20220930132000","1060","1","桃園市","龜山區","121.360","25.045","1136"
"1754","383903","20220930132000","1064","3","桃園市","龜山區","121.360","25.050","1481"
"876","383904","20220930132000","1316","0","桃園市","龜山區","121.365","25.050","872"
"1078","383905","20220930132000","1213","0","桃園市","龜山區","121.360","25.055","1094"
"1910","383906","20220930132000","1763","1","桃園市","龜山區","121.365","25.055","2000"
"3064","383907","20220930132000","2681","1","桃園市","龜山區","121.375","25.035","4225"
"1546","383908","20220930132000","1046","2","桃園市","龜山區","121.370","25.040","1559"
"434","383909","20220930132000","512","0","桃園市","龜山區","121.375","25.040","360"
"246","383910","20220930132000","322","0","桃園市","龜山區","121.365","25.045","247"
"1864","383911","20220930132000","2081","0","桃園市","龜山區","121.370","25.045","1887"
"374","383912","20220930132000","428","0","桃園市","龜山區","121.375","25.045","334"
"1746","383913","20220930132000","2308","0","桃園市","龜山區","121.370","25.050","1870"
"6446","383914","20220930132000","3428","3","桃園市","龜山區","121.375","25.050","6255"
"1221","383915","20220930132000","1192","1","桃園市","龜山區","121.370","25.055","1288"
"1833","383916","20220930132000","1701","1","桃園市","龜山區","121.375","25.055","1806"
"412","383919","20220930132000","595","0","桃園市","龜山區","121.360","25.000","412"
"276","383920","20220930132000","218","2","桃園市","龜山區","121.365","25.000","283"
"466","383922","20220930132000","535","0","桃園市","龜山區","121.340","25.000","501"
"350","383924","20220930132000","282","2","桃園市","龜山區","121.340","25.005","344"
"1049","383928","20220930132000","909","1","桃園市","龜山區","121.365","25.005","982"
"403","383930","20220930132000","330","2","桃園市","龜山區","121.355","25.010","471"
"405","383939","20220930132000","466","0","桃園市","龜山區","121.360","25.020","444"
"924","383940","20220930132000","917","1","桃園市","龜山區","121.365","25.015","968"
"143","383941","20220930132000","206","0","桃園市","龜山區","121.370","25.020","141"
"161","383945","20220930132000","146","1","桃園市","龜山區","121.365","25.020","190"
"21","383951","20220930132000","11","3","桃園市","龜山區","121.375","25.025","21"
"71","383952","20220930132000","43","3","桃園市","龜山區","121.380","25.025","52"
"1647","383958","20220930132000","1213","2","桃園市","龜山區","121.335","24.995","1535"
"227","383959","20220930132000","536","0","桃園市","龜山區","121.345","25.005","224"
"503","383962","20220930132000","445","1","桃園市","龜山區","121.345","25.010","485"
"336","383966","20220930132000","303","1","桃園市","龜山區","121.345","25.015","302"
"416","383978","20220930132000","424","0","桃園市","龜山區","121.350","25.020","436"
"37","383987","20220930132000","35","1","桃園市","龜山區","121.345","25.030","31"
"190","383989","20220930132000","140","2","桃園市","龜山區","121.355","25.030","194"
"174","383991","20220930132000","231","0","桃園市","龜山區","121.380","25.020","158"
"451","383995","20220930132000","655","0","桃園市","龜山區","121.385","25.025","347"
"204","383996","20220930132000","266","0","桃園市","龜山區","121.390","25.025","175"
"2186","384001","20220930132000","1899","1","桃園市","龜山區","121.390","25.030","2104"
"706","384003","20220930132000","675","1","桃園市","龜山區","121.385","25.035","709"
"1494","384004","20220930132000","1051","2","桃園市","龜山區","121.390","25.035","1328"
"34","384008","20220930132000","20","3","桃園市","龜山區","121.385","25.040","39"
"722","384009","20220930132000","800","0","桃園市","龜山區","121.390","25.040","679"
"1475","384015","20220930132000","2055","0","桃園市","龜山區","121.380","25.050","1536"
"213","384017","20220930132000","282","0","桃園市","龜山區","121.390","25.050","221"
"185","384019","20220930132000","531","0","桃園市","龜山區","121.380","25.055","148"
"7429","384021","20220930132000","7834","0","臺北市","中山區","121.525","25.050","7481"
"8981","384022","20220930132000","8877","1","臺北市","中山區","121.530","25.055","8848"
"586","384040","20220930132000","603","0","桃園市","大園區","121.185","25.045","613"
"598","384041","20220930132000","357","3","桃園市","大園區","121.190","25.045","551"
"14","384045","20220930132000","67","0","桃園市","大園區","121.180","25.055","13"
"118","384058","20220930132000","140","0","桃園市","龜山區","121.355","24.995","125"
"517","384060","20220930132000","368","2","桃園市","龜山區","121.355","25.000","492"
"1915","384064","20220930132000","1716","1","新北市","永和區","121.510","25.020","1824"
"2427","384065","20220930132000","2588","0","臺北市","中正區","121.515","25.025","2459"
"1300","384066","20220930132000","2580","0","臺北市","中正區","121.525","25.020","1369"
"2343","384067","20220930132000","3020","0","臺北市","中正區","121.515","25.040","2129"
"15716","384068","20220930132000","17111","0","臺北市","中正區","121.515","25.045","15539"
"12396","384069","20220930132000","11098","1","臺北市","中山區","121.535","25.055","12593"
"1195","384070","20220930132000","1309","0","臺北市","文山區","121.560","25.005","1220"
"350","384071","20220930132000","403","0","臺北市","大安區","121.560","25.010","331"
"618","384072","20220930132000","1202","0","桃園市","桃園區","121.310","24.995","557"
"6261","384073","20220930132000","5868","1","臺北市","中山區","121.535","25.045","6195"
"4664","384074","20220930132000","6126","0","臺北市","中山區","121.535","25.050","4506"
"6136","384075","20220930132000","5435","1","臺北市","中正區","121.515","25.030","6077"
"5758","384076","20220930132000","6735","0","臺北市","信義區","121.565","25.025","5708"
"1277","384077","20220930132000","1446","0","臺北市","信義區","121.575","25.045","1274"
"214","384078","20220930132000","358","0","臺北市","信義區","121.585","25.035","215"
"587","384079","20220930132000","737","0","臺北市","信義區","121.565","25.020","608"
"707","384081","20220930132000","935","0","桃園市","桃園區","121.290","25.010","683"
"924","384082","20220930132000","1329","0","桃園市","桃園區","121.285","25.015","967"
"791","384083","20220930132000","728","1","桃園市","桃園區","121.290","25.015","800"
"6812","384084","20220930132000","8038","0","臺北市","中正區","121.525","25.045","6607"
"6492","384085","20220930132000","5715","1","臺北市","中正區","121.530","25.045","6464"
"3221","384086","20220930132000","4213","0","臺北市","中正區","121.530","25.010","3000"
"6801","384087","20220930132000","8011","0","臺北市","中山區","121.525","25.055","7037"
"4121","384088","20220930132000","3780","1","臺北市","中山區","121.540","25.045","4067"
"4579","384089","20220930132000","5157","0","臺北市","大安區","121.540","25.040","4486"
"4093","384090","20220930132000","4521","0","臺北市","中正區","121.520","25.030","3893"
"3265","384091","20220930132000","3049","1","臺北市","中正區","121.520","25.035","3213"
"10101","384092","20220930132000","9797","1","臺北市","中正區","121.520","25.040","10083"
"9307","384093","20220930132000","10020","0","臺北市","中正區","121.525","25.040","9196"
"219","384094","20220930132000","605","0","臺北市","中正區","121.525","25.015","235"
"1469","384100","20220930132000","868","3","桃園市","中壢區","121.200","25.000","1462"
"31","384101","20220930132000","180","0","桃園市","中壢區","121.205","25.000","24"
"596","384103","20220930132000","271","3","桃園市","中壢區","121.200","25.005","620"
"959","384104","20220930132000","1193","0","新北市","泰山區","121.420","25.030","1015"
"336","384106","20220930132000","405","0","新北市","泰山區","121.425","25.035","387"
"2171","384109","20220930132000","2267","0","新北市","泰山區","121.420","25.040","2134"
"772","384111","20220930132000","912","0","新北市","泰山區","121.425","25.040","749"
"2487","384112","20220930132000","2399","1","新北市","泰山區","121.430","25.040","2582"
"186","384113","20220930132000","88","3","桃園市","龜山區","121.330","24.995","136"
"356","384129","20220930132000","202","3","桃園市","龜山區","121.375","25.010","299"
"676","384131","20220930132000","578","1","桃園市","龜山區","121.385","25.010","661"
"332","384132","20220930132000","278","1","桃園市","龜山區","121.390","25.010","331"
"1350","384140","20220930132000","1370","0","桃園市","龜山區","121.395","25.020","1299"
"603","384141","20220930132000","518","1","桃園市","龜山區","121.400","25.020","593"
"1034","384142","20220930132000","985","1","桃園市","龜山區","121.340","24.995","1180"
"1734","384145","20220930132000","1481","1","桃園市","龜山區","121.345","25.000","1862"
"10294","384146","20220930132000","11786","0","臺北市","中山區","121.520","25.055","10513"
"777","384147","20220930132000","1042","0","桃園市","桃園區","121.305","25.025","834"
"110","384149","20220930132000","59","3","桃園市","新屋區","121.030","25.000","100"
"234","384152","20220930132000","275","0","桃園市","新屋區","121.030","25.005","210"
"141","384164","20220930132000","103","2","桃園市","新屋區","121.060","24.995","108"
"180","384167","20220930132000","162","1","桃園市","新屋區","121.060","25.000","184"
"446","384185","20220930132000","535","0","桃園市","新屋區","121.075","25.005","433"
"177","384188","20220930132000","703","0","桃園市","桃園區","121.325","25.000","185"
"342","384189","20220930132000","360","0","桃園市","桃園區","121.320","25.005","277"
"1103","384190","20220930132000","1024","1","桃園市","桃園區","121.325","25.005","1144"
"2366","384194","20220930132000","3043","0","臺北市","中正區","121.510","25.025","2454"
"41","384227","20220930132000","46","0","新北市","貢寮區","121.955","25.005","48"
"51","384234","20220930132000","70","0","新北市","貢寮區","121.950","25.010","84"
"370","384241","20220930132000","316","1","新北市","貢寮區","121.945","25.015","374"
"106","384254","20220930132000","74","2","新北市","貢寮區","121.970","25.025","128"
"13","384264","20220930132000","117","0","新北市","貢寮區","121.890","25.020","12"
"330","384267","20220930132000","382","0","新北市","貢寮區","121.905","25.020","326"
"19","384270","20220930132000","38","0","新北市","貢寮區","121.900","25.025","28"
"20","384288","20220930132000","33","0","新北市","貢寮區","121.930","25.000","27"
"212","384299","20220930132000","136","3","新北市","貢寮區","121.920","25.010","153"
"45","384306","20220930132000","77","0","新北市","貢寮區","121.930","25.015","144"
"32","384338","20220930132000","34","0","新北市","貢寮區","121.905","25.010","38"
"588","384342","20220930132000","351","3","新北市","貢寮區","121.945","25.020","504"
"128","384349","20220930132000","156","0","新北市","貢寮區","121.930","25.030","128"
"1802","384355","20220930132000","1606","1","桃園市","龜山區","121.400","25.015","1887"
"2542","384356","20220930132000","2502","1","桃園市","龜山區","121.405","25.020","2568"
"267","384362","20220930132000","215","2","桃園市","新屋區","121.045","25.005","264"
"436","384367","20220930132000","300","2","桃園市","桃園區","121.320","24.995","377"
"1375","384368","20220930132000","1336","1","桃園市","桃園區","121.325","24.995","1471"
"1470","384371","20220930132000","1454","1","桃園市","桃園區","121.295","25.000","1424"
"502","384372","20220930132000","415","2","桃園市","桃園區","121.280","25.005","544"
"757","384373","20220930132000","458","3","桃園市","桃園區","121.285","25.005","600"
"1075","384374","20220930132000","2119","0","桃園市","桃園區","121.280","25.010","1102"
"1267","384375","20220930132000","2063","0","桃園市","桃園區","121.300","25.000","1286"
"1134","384376","20220930132000","1110","1","桃園市","桃園區","121.305","25.000","1102"
"1003","384377","20220930132000","882","1","桃園市","桃園區","121.310","25.025","1060"
"340","384378","20220930132000","307","1","桃園市","桃園區","121.310","25.020","329"
"650","384379","20220930132000","527","2","桃園市","桃園區","121.315","25.025","722"
"2236","384382","20220930132000","1996","1","桃園市","桃園區","121.300","25.025","2184"
"1298","384383","20220930132000","1086","1","桃園市","桃園區","121.305","25.020","1299"
"152","384386","20220930132000","104","2","桃園市","桃園區","121.300","25.030","146"
"88","384387","20220930132000","39","3","桃園市","桃園區","121.295","24.995","87"
"3559","384388","20220930132000","4164","0","臺北市","中山區","121.530","25.050","3518"
"2948","384389","20220930132000","3155","0","桃園市","桃園區","121.295","25.025","2979"
"228","384391","20220930132000","149","3","桃園市","蘆竹區","121.295","25.035","226"
"3896","384392","20220930132000","3359","1","桃園市","蘆竹區","121.295","25.040","3948"
"2609","384393","20220930132000","2840","0","桃園市","桃園區","121.300","25.015","2573"
"4789","384394","20220930132000","3680","2","桃園市","桃園區","121.295","25.015","4873"
"2125","384395","20220930132000","1822","1","桃園市","桃園區","121.320","25.010","2152"
"1613","384398","20220930132000","969","3","桃園市","桃園區","121.310","25.000","1619"
"658","384399","20220930132000","618","1","桃園市","桃園區","121.315","25.000","622"
"398","384400","20220930132000","376","1","桃園市","桃園區","121.320","25.000","436"
"779","384401","20220930132000","601","2","桃園市","桃園區","121.310","25.005","835"
"343","384402","20220930132000","279","2","臺北市","南港區","121.590","25.035","388"
"563","384403","20220930132000","324","3","臺北市","大安區","121.550","25.015","531"
"2511","384404","20220930132000","3138","0","臺北市","大安區","121.555","25.020","2487"
"7498","384405","20220930132000","8439","0","臺北市","大安區","121.550","25.020","7471"
"1300","384408","20220930132000","1325","0","桃園市","桃園區","121.305","25.010","1345"
"3372","384409","20220930132000","4549","0","臺北市","中正區","121.530","25.015","3130"
"7157","384410","20220930132000","6130","1","臺北市","中正區","121.525","25.035","6932"
"3530","384411","20220930132000","4356","0","臺北市","中山區","121.540","25.050","3627"
"780","384412","20220930132000","977","0","桃園市","桃園區","121.290","25.020","769"
"5281","384413","20220930132000","6571","0","臺北市","信義區","121.560","25.045","5177"
"160","384415","20220930132000","281","0","桃園市","桃園區","121.300","24.995","156"
"1299","384416","20220930132000","1433","0","桃園市","桃園區","121.290","25.025","1204"
"912","384417","20220930132000","728","2","桃園市","桃園區","121.290","25.005","979"
"1568","384418","20220930132000","1323","1","桃園市","桃園區","121.295","25.005","1514"
"868","384419","20220930132000","1223","0","桃園市","桃園區","121.295","25.010","780"
"4595","384420","20220930132000","5471","0","臺北市","大同區","121.510","25.055","4684"
"962","384421","20220930132000","950","1","臺北市","中正區","121.520","25.020","981"
"3704","384422","20220930132000","3477","1","臺北市","信義區","121.570","25.025","3770"
"10","384423","20220930132000","17","0","臺北市","信義區","121.575","25.025","10"
"1680","384424","20220930132000","1539","1","臺北市","信義區","121.570","25.030","1726"
"1335","384425","20220930132000","1805","0","臺北市","信義區","121.575","25.030","1303"
"5177","384426","20220930132000","6476","0","臺北市","大同區","121.515","25.050","5204"
"8184","384427","20220930132000","8706","0","臺北市","中山區","121.520","25.050","8132"
"2592","384428","20220930132000","2829","0","臺北市","大同區","121.515","25.055","2645"
"2742","384429","20220930132000","2342","1","桃園市","桃園區","121.305","24.995","2742"
"2007","384430","20220930132000","1959","1","桃園市","桃園區","121.300","25.005","2097"
"1298","384431","20220930132000","1084","1","臺北市","大同區","121.505","25.050","1204"
"4993","384432","20220930132000","5093","0","臺北市","大同區","121.510","25.050","4981"
"975","384433","20220930132000","2177","0","臺北市","大安區","121.555","25.040","1005"
"7160","384434","20220930132000","7668","0","臺北市","大安區","121.555","25.030","6963"
"5266","384435","20220930132000","4436","1","臺北市","大安區","121.530","25.025","5130"
"2053","384436","20220930132000","3974","0","臺北市","大安區","121.525","25.030","1850"
"6286","384437","20220930132000","6921","0","臺北市","大安區","121.525","25.025","5857"
"4424","384438","20220930132000","4567","0","臺北市","大安區","121.545","25.035","4359"
"8268","384439","20220930132000","9746","0","臺北市","大安區","121.545","25.030","8428"
"4805","384440","20220930132000","5473","0","臺北市","大安區","121.555","25.035","4703"
"4015","384441","20220930132000","6261","0","臺北市","大安區","121.550","25.025","3916"
"5624","384442","20220930132000","5479","1","臺北市","中正區","121.530","25.035","5823"
"6254","384443","20220930132000","6353","0","臺北市","中正區","121.510","25.045","6370"
"494","384446","20220930132000","469","1","桃園市","蘆竹區","121.270","25.015","646"
"300","384447","20220930132000","387","0","桃園市","蘆竹區","121.260","25.025","374"
"1181","384448","20220930132000","944","2","桃園市","蘆竹區","121.265","25.020","1219"
"237","384449","20220930132000","315","0","桃園市","蘆竹區","121.270","25.020","268"
"25","384450","20220930132000","16","3","桃園市","蘆竹區","121.270","25.025","19"
"15","384454","20220930132000","27","0","桃園市","蘆竹區","121.255","25.000","16"
"54","384461","20220930132000","126","0","桃園市","蘆竹區","121.260","25.010","53"
"29","384463","20220930132000","161","0","桃園市","蘆竹區","121.250","25.015","24"
"348","384466","20220930132000","442","0","桃園市","蘆竹區","121.250","25.020","489"
"1191","384467","20220930132000","947","2","桃園市","蘆竹區","121.255","25.020","1333"
"1644","384468","20220930132000","1953","0","桃園市","蘆竹區","121.260","25.020","2000"
"2527","384469","20220930132000","2805","0","桃園市","蘆竹區","121.295","25.055","2536"
"973","384473","20220930132000","893","1","桃園市","桃園區","121.305","25.030","1024"
"286","384480","20220930132000","486","0","桃園市","龜山區","121.305","25.035","222"
"505","384489","20220930132000","601","0","桃園市","蘆竹區","121.295","25.045","533"
"1196","384497","20220930132000","2156","0","桃園市","龜山區","121.305","25.045","1162"
"269","384499","20220930132000","891","0","桃園市","龜山區","121.315","25.045","271"
"42","384502","20220930132000","19","3","桃園市","龜山區","121.330","25.045","35"
"338","384507","20220930132000","200","3","桃園市","龜山區","121.320","25.050","348"
"512","384514","20220930132000","322","3","桃園市","龜山區","121.335","25.055","516"
"435","384517","20220930132000","706","0","桃園市","龜山區","121.340","25.035","440"
"264","384521","20220930132000","231","1","桃園市","龜山區","121.345","25.040","262"
"247","384522","20220930132000","221","1","桃園市","龜山區","121.350","25.040","234"
"51","384523","20220930132000","63","0","桃園市","龜山區","121.355","25.040","52"
"705","384525","20220930132000","661","1","桃園市","龜山區","121.350","25.045","643"
"518","384526","20220930132000","567","0","桃園市","龜山區","121.355","25.045","467"
"27","384527","20220930132000","60","0","桃園市","龜山區","121.345","25.050","30"
"886","384528","20220930132000","771","1","桃園市","龜山區","121.350","25.050","833"
"129","384532","20220930132000","260","0","桃園市","龜山區","121.350","25.055","396"
"5855","384533","20220930132000","7092","0","臺北市","信義區","121.570","25.035","6049"
"2223","384534","20220930132000","2693","0","臺北市","信義區","121.575","25.035","2198"
"41","384537","20220930132000","30","2","臺北市","南港區","121.625","25.020","31"
"12","384547","20220930132000","30","0","新北市","石碇區","121.665","25.025","12"
"105","384549","20220930132000","153","0","臺北市","南港區","121.630","25.030","101"
"659","384552","20220930132000","624","1","臺北市","南港區","121.620","25.035","704"
"100","384554","20220930132000","67","2","新北市","汐止區","121.630","25.035","105"
"518","384555","20220930132000","657","0","臺北市","南港區","121.620","25.040","789"
"3313","384556","20220930132000","4488","0","臺北市","信義區","121.575","25.040","3493"
"3370","384557","20220930132000","4351","0","臺北市","南港區","121.585","25.045","3391"
"121","384572","20220930132000","88","2","新北市","雙溪區","121.825","25.025","110"
"23","384597","20220930132000","36","0","新北市","雙溪區","121.850","25.010","13"
"805","384614","20220930132000","915","0","新北市","雙溪區","121.865","25.035","732"
"49","384624","20220930132000","59","0","新北市","雙溪區","121.830","25.000","73"
"20","384641","20220930132000","29","0","新北市","雙溪區","121.805","25.015","16"
"111","384662","20220930132000","87","2","新北市","雙溪區","121.840","25.035","112"
"256","384679","20220930132000","220","1","新北市","雙溪區","121.865","25.040","261"
"68","384696","20220930132000","64","1","新北市","雙溪區","121.845","24.995","55"
"505","384710","20220930132000","469","1","桃園市","桃園區","121.275","25.020","504"
"385","384711","20220930132000","363","1","桃園市","桃園區","121.280","25.020","466"
"16","384715","20220930132000","234","0","臺北市","信義區","121.560","25.025","14"
"2012","384716","20220930132000","2679","0","臺北市","信義區","121.565","25.030","3005"
"11582","384717","20220930132000","12751","0","臺北市","信義區","121.560","25.030","11418"
"2872","384718","20220930132000","4151","0","臺北市","中正區","121.520","25.025","2681"
"686","384719","20220930132000","1003","0","桃園市","大園區","121.210","25.005","634"
"1210","384720","20220930132000","1046","1","桃園市","大園區","121.210","25.010","1350"
"2371","384721","20220930132000","2278","1","桃園市","大園區","121.210","25.015","2440"
"1855","384722","20220930132000","1525","2","桃園市","大園區","121.210","25.020","1718"
"214","384723","20220930132000","343","0","桃園市","大園區","121.220","25.020","185"
"743","384726","20220930132000","692","1","桃園市","大園區","121.220","25.025","802"
"521","384729","20220930132000","560","0","桃園市","大園區","121.215","25.025","513"
"455","384731","20220930132000","484","0","桃園市","大園區","121.205","25.035","412"
"346","384739","20220930132000","245","2","桃園市","大園區","121.205","25.050","360"
"59","384743","20220930132000","72","0","桃園市","大園區","121.210","25.055","56"
"3539","384744","20220930132000","4238","0","臺北市","信義區","121.580","25.040","3440"
"1077","384745","20220930132000","1497","0","臺北市","中正區","121.510","25.030","1047"
"8900","384746","20220930132000","7797","1","臺北市","中正區","121.520","25.045","8598"
"2334","384747","20220930132000","3071","0","臺北市","中正區","121.505","25.030","2310"
"5220","384748","20220930132000","5156","1","臺北市","中正區","121.510","25.035","5374"
"1685","384749","20220930132000","1468","1","臺北市","中正區","121.515","25.035","1618"
"5538","384750","20220930132000","7345","0","臺北市","中正區","121.510","25.040","5687"
"2277","384751","20220930132000","2051","1","桃園市","桃園區","121.305","25.015","2206"
"1558","384752","20220930132000","1643","0","桃園市","桃園區","121.300","25.020","1596"
"2961","384754","20220930132000","2655","1","桃園市","桃園區","121.295","25.020","3025"
"2240","384756","20220930132000","2577","0","桃園市","桃園區","121.315","25.015","2214"
"388","384757","20220930132000","1196","0","桃園市","桃園區","121.315","25.020","401"
"1567","384759","20220930132000","1640","0","桃園市","桃園區","121.305","25.005","1545"
"3441","384760","20220930132000","4466","0","臺北市","信義區","121.570","25.045","3641"
"446","384761","20220930132000","441","1","臺北市","信義區","121.575","25.015","438"
"583","384763","20220930132000","599","0","臺北市","信義區","121.575","25.020","568"
"334","384770","20220930132000","402","0","桃園市","大園區","121.225","25.015","351"
"527","384775","20220930132000","706","0","桃園市","大園區","121.230","25.020","559"
"185","384776","20220930132000","117","3","桃園市","大園區","121.235","25.020","156"
"273","384777","20220930132000","500","0","桃園市","大園區","121.240","25.020","271"
"174","384783","20220930132000","161","1","桃園市","大園區","121.230","25.025","199"
"140","384787","20220930132000","120","1","桃園市","大園區","121.220","25.035","152"
"526","384788","20220930132000","520","1","桃園市","大園區","121.225","25.035","557"
"552","384790","20220930132000","524","1","桃園市","大園區","121.165","25.050","554"
"495","384794","20220930132000","619","0","桃園市","大園區","121.160","25.055","513"
"313","384798","20220930132000","209","2","桃園市","大園區","121.175","25.055","288"
"317","384806","20220930132000","379","0","桃園市","大園區","121.175","25.030","333"
"242","384811","20220930132000","169","2","桃園市","大園區","121.180","25.035","279"
"265","384818","20220930132000","235","1","桃園市","大園區","121.215","25.035","296"
"381","384824","20220930132000","460","0","桃園市","大園區","121.215","25.045","361"
"123","384830","20220930132000","109","1","桃園市","大園區","121.215","25.055","110"
"514","384831","20220930132000","672","0","桃園市","大園區","121.220","25.055","517"
"4524","384843","20220930132000","6358","0","臺北市","松山區","121.550","25.045","4617"
"1941","384844","20220930132000","2241","0","臺北市","信義區","121.565","25.045","2007"
"107","384845","20220930132000","54","3","臺北市","南港區","121.595","25.035","114"
"3278","384846","20220930132000","4352","0","臺北市","大安區","121.535","25.020","4659"
"1094","384847","20220930132000","1104","0","臺北市","大安區","121.535","25.030","1132"
"1113","384848","20220930132000","953","1","臺北市","文山區","121.575","25.000","1095"
"74","384849","20220930132000","98","0","臺北市","文山區","121.590","25.000","69"
"275","384853","20220930132000","411","0","臺北市","文山區","121.585","25.005","293"
"245","384856","20220930132000","209","1","臺北市","文山區","121.570","25.010","256"
"101","384857","20220930132000","135","0","臺北市","文山區","121.575","25.010","102"
"66","384858","20220930132000","92","0","臺北市","文山區","121.580","25.010","50"
"97","384862","20220930132000","76","2","臺北市","文山區","121.590","25.010","84"
"1653","384864","20220930132000","871","3","臺北市","大安區","121.540","25.010","1513"
"2772","384865","20220930132000","2456","1","臺北市","文山區","121.540","25.005","2784"
"1196","384868","20220930132000","1167","1","臺北市","萬華區","121.490","25.035","1134"
"3826","384871","20220930132000","3783","1","臺北市","文山區","121.560","25.000","3762"
"1207","384874","20220930132000","1216","0","臺北市","萬華區","121.495","25.015","1069"
"109","384876","20220930132000","124","0","臺北市","信義區","121.565","25.015","119"
"4596","384878","20220930132000","5171","0","臺北市","大安區","121.550","25.035","4785"
"4328","384879","20220930132000","3893","1","臺北市","中正區","121.530","25.040","4330"
"14319","384880","20220930132000","11084","2","臺北市","大安區","121.550","25.030","13914"
"3489","384881","20220930132000","4066","0","臺北市","信義區","121.555","25.025","3573"
"745","384882","20220930132000","518","2","臺北市","文山區","121.550","24.995","828"
"1976","384883","20220930132000","2088","0","臺北市","文山區","121.550","25.000","2109"
"2650","384884","20220930132000","3370","0","臺北市","萬華區","121.500","25.020","2609"
"4948","384885","20220930132000","4344","1","臺北市","大安區","121.530","25.020","4590"
"6364","384886","20220930132000","6415","0","臺北市","大安區","121.540","25.035","6272"
"285","384888","20220930132000","216","2","臺北市","文山區","121.565","25.000","285"
"272","384889","20220930132000","346","0","臺北市","文山區","121.565","25.005","290"
"674","384890","20220930132000","808","0","臺北市","文山區","121.570","25.005","640"
"298","384893","20220930132000","673","0","臺北市","文山區","121.585","24.995","249"
"285","384895","20220930132000","257","1","臺北市","文山區","121.580","25.000","307"
"175","384896","20220930132000","62","3","臺北市","文山區","121.585","25.000","148"
"612","384897","20220930132000","459","2","新北市","深坑區","121.600","25.000","420"
"3622","384898","20220930132000","4059","0","臺北市","文山區","121.540","24.995","3260"
"201","384899","20220930132000","180","1","臺北市","文山區","121.570","24.995","219"
"1160","384900","20220930132000","1154","1","臺北市","文山區","121.570","25.000","1238"
"3498","384901","20220930132000","3527","0","臺北市","文山區","121.540","25.000","3498"
"433","384903","20220930132000","1273","0","臺北市","萬華區","121.505","25.020","911"
"1199","384904","20220930132000","1182","1","臺北市","文山區","121.555","24.995","1148"
"1243","384905","20220930132000","1035","2","臺北市","文山區","121.560","24.995","1209"
"1385","384906","20220930132000","1633","0","臺北市","文山區","121.555","25.000","1444"
"1149","384907","20220930132000","1042","1","臺北市","文山區","121.550","25.005","1146"
"342","384908","20220930132000","272","2","臺北市","大安區","121.550","25.010","347"
"2003","384909","20220930132000","2536","0","臺北市","大安區","121.540","25.015","1915"
"3891","384911","20220930132000","5304","0","臺北市","中正區","121.535","25.010","3794"
"746","384913","20220930132000","1241","0","臺北市","大安區","121.545","25.010","738"
"5213","384914","20220930132000","5130","1","臺北市","大安區","121.535","25.015","4698"
"944","384916","20220930132000","1113","0","臺北市","大安區","121.545","25.015","985"
"8877","384917","20220930132000","10426","0","臺北市","大安區","121.550","25.040","9099"
"2174","384918","20220930132000","940","3","臺北市","文山區","121.535","24.995","1795"
"4489","384919","20220930132000","4781","0","臺北市","松山區","121.545","25.045","4510"
"3108","384920","20220930132000","3389","0","臺北市","萬華區","121.500","25.040","3181"
"711","384922","20220930132000","683","1","臺北市","萬華區","121.490","25.030","688"
"7351","384923","20220930132000","8695","0","臺北市","萬華區","121.505","25.045","7338"
"1772","384924","20220930132000","2057","0","臺北市","南港區","121.585","25.050","1854"
"1209","384925","20220930132000","1696","0","臺北市","南港區","121.590","25.050","1162"
"708","384926","20220930132000","1090","0","臺北市","南港區","121.590","25.040","609"
"311","384927","20220930132000","417","0","臺北市","南港區","121.590","25.045","346"
"754","384929","20220930132000","903","0","臺北市","南港區","121.595","25.040","832"
"289","384931","20220930132000","529","0","臺北市","南港區","121.595","25.045","289"
"187","384932","20220930132000","255","0","臺北市","南港區","121.600","25.045","204"
"2235","384933","20220930132000","2224","1","臺北市","南港區","121.595","25.050","2141"
"3052","384935","20220930132000","3566","0","臺北市","萬華區","121.495","25.030","3176"
"2103","384936","20220930132000","1341","3","臺北市","萬華區","121.490","25.025","1992"
"843","384937","20220930132000","568","2","臺北市","文山區","121.555","25.010","890"
"103","384938","20220930132000","179","0","臺北市","信義區","121.565","25.010","139"
"1301","384940","20220930132000","1798","0","臺北市","大安區","121.560","25.015","1411"
"6128","384941","20220930132000","5624","1","臺北市","松山區","121.550","25.050","6183"
"735","384942","20220930132000","693","1","臺北市","大安區","121.540","25.020","700"
"171","384943","20220930132000","1528","0","臺北市","大安區","121.540","25.025","176"
"9788","384944","20220930132000","10176","0","臺北市","松山區","121.555","25.050","9831"
"1558","384945","20220930132000","1495","1","臺北市","萬華區","121.495","25.035","1562"
"373","384946","20220930132000","436","0","臺北市","萬華區","121.495","25.040","405"
"567","384947","20220930132000","565","1","臺北市","文山區","121.565","24.995","563"
"5808","384948","20220930132000","5130","1","臺北市","松山區","121.560","25.050","5583"
"4286","384949","20220930132000","6239","0","臺北市","松山區","121.565","25.050","4402"
"1283","384950","20220930132000","815","3","臺北市","萬華區","121.490","25.020","1275"
"1475","384951","20220930132000","1221","2","臺北市","萬華區","121.500","25.030","1479"
"4078","384952","20220930132000","4518","0","臺北市","萬華區","121.505","25.040","3932"
"6035","384955","20220930132000","6814","0","臺北市","大安區","121.535","25.040","6009"
"3744","384956","20220930132000","2663","2","臺北市","松山區","121.555","25.045","3853"
"2134","384957","20220930132000","1926","1","臺北市","松山區","121.575","25.050","1979"
"6714","384958","20220930132000","7102","0","臺北市","南港區","121.580","25.050","6711"
"329","384960","20220930132000","507","0","臺北市","信義區","121.580","25.030","379"
"2239","384961","20220930132000","3229","0","臺北市","信義區","121.580","25.035","2158"
"1344","384962","20220930132000","3288","0","臺北市","信義區","121.580","25.045","1397"
"2996","384963","20220930132000","4745","0","臺北市","萬華區","121.500","25.035","2736"
"5865","384964","20220930132000","6975","0","臺北市","松山區","121.545","25.050","5887"
"1314","384965","20220930132000","1166","1","臺北市","萬華區","121.495","25.020","1314"
"1766","384966","20220930132000","1983","0","臺北市","萬華區","121.500","25.025","1759"
"294","384968","20220930132000","223","2","臺北市","信義區","121.570","25.015","335"
"129","384969","20220930132000","1041","0","臺北市","信義區","121.570","25.020","109"
"2998","384970","20220930132000","5527","0","臺北市","信義區","121.560","25.040","3012"
"4335","384971","20220930132000","5174","0","臺北市","大安區","121.535","25.035","4223"
"1372","384972","20220930132000","1318","1","臺北市","文山區","121.545","24.995","1360"
"1162","384973","20220930132000","1079","1","臺北市","大安區","121.555","25.015","1009"
"2776","384974","20220930132000","3278","0","臺北市","大安區","121.540","25.030","2767"
"114","384975","20220930132000","93","2","臺北市","文山區","121.545","25.005","122"
"510","384976","20220930132000","499","1","臺北市","文山區","121.535","25.000","598"
"265","384977","20220930132000","778","0","臺北市","文山區","121.535","25.005","273"
"2596","384978","20220930132000","3199","0","臺北市","萬華區","121.505","25.025","2586"
"1284","384983","20220930132000","1083","1","臺北市","南港區","121.610","25.050","1274"
"295","384984","20220930132000","219","2","臺北市","南港區","121.615","25.050","345"
"2359","384986","20220930132000","1954","2","臺北市","南港區","121.615","25.040","2189"
"940","384987","20220930132000","2226","0","臺北市","南港區","121.615","25.045","963"
"18","384992","20220930132000","22","0","臺北市","南港區","121.595","25.015","22"
"46","384996","20220930132000","44","1","臺北市","南港區","121.600","25.020","42"
"233","384997","20220930132000","252","0","臺北市","南港區","121.605","25.020","192"
"41","385006","20220930132000","34","2","臺北市","南港區","121.620","25.025","46"
"918","385010","20220930132000","740","2","臺北市","南港區","121.610","25.030","866"
"20","385015","20220930132000","382","0","臺北市","南港區","121.615","25.035","12"
"4923","385016","20220930132000","4255","1","臺北市","大安區","121.535","25.025","4600"
"5186","385018","20220930132000","5546","0","臺北市","大安區","121.545","25.020","5560"
"10652","385019","20220930132000","11580","0","臺北市","信義區","121.565","25.040","10832"
"10363","385020","20220930132000","8941","1","臺北市","信義區","121.570","25.040","10483"
"1594","385021","20220930132000","3292","0","臺北市","信義區","121.560","25.035","1566"
"9000","385022","20220930132000","8465","1","臺北市","信義區","121.565","25.035","9088"
"204","385023","20220930132000","174","1","臺北市","文山區","121.555","25.005","207"
"1194","385025","20220930132000","1257","0","臺北市","文山區","121.545","25.000","1270"
"4571","385026","20220930132000","4711","0","臺北市","萬華區","121.505","25.035","4563"
"1650","385027","20220930132000","2104","0","臺北市","萬華區","121.495","25.025","1584"
"9695","385028","20220930132000","11450","0","臺北市","大安區","121.545","25.040","9456"
"1556","385029","20220930132000","1874","0","臺北市","信義區","121.560","25.020","1741"
"28","385032","20220930132000","25","1","臺北市","信義區","121.590","25.030","28"
"2215","385033","20220930132000","2468","0","臺北市","信義區","121.585","25.040","2189"
"4765","385034","20220930132000","5053","0","臺北市","大安區","121.530","25.030","4751"
"4280","385035","20220930132000","3774","1","臺北市","大安區","121.545","25.025","4114"
"120","387378","20220930132000","115","1","新北市","貢寮區","121.920","25.075","106"
"775","391023","20220930132000","821","0","桃園市","大園區","121.240","25.115","905"
"29","391454","20220930132000","50","0","新北市","貢寮區","121.920","25.120","18"
"12","391891","20220930132000","40","0","新北市","瑞芳區","121.880","25.125","12"
"293","392790","20220930132000","573","0","新北市","林口區","121.360","25.135","262"
"1125","392791","20220930132000","1284","0","基隆市","中正區(海)","121.745","25.135","925"
"189","392792","20220930132000","284","0","新北市","瑞芳區","121.805","25.135","220"
"877","393254","20220930132000","910","0","基隆市","中正區(海)","121.750","25.140","984"
"2512","394037","20220930132000","2909","0","基隆市","七堵區","121.700","25.085","2488"
"93","394044","20220930132000","66","2","基隆市","七堵區","121.715","25.105","99"
"22","394049","20220930132000","27","0","基隆市","安樂區","121.710","25.120","18"
"572","394050","20220930132000","638","0","基隆市","中正區","121.760","25.140","599"
"851","394051","20220930132000","832","1","基隆市","中正區","121.755","25.135","852"
"1031","394053","20220930132000","872","1","基隆市","安樂區","121.720","25.125","1093"
"514","394054","20220930132000","725","0","基隆市","中山區","121.730","25.145","525"
"1080","394055","20220930132000","1459","0","新北市","三重區","121.475","25.065","1124"
"1304","394056","20220930132000","1006","2","新北市","三重區","121.490","25.070","1350"
"2548","394057","20220930132000","2538","1","新北市","汐止區","121.635","25.065","2682"
"2327","394058","20220930132000","2136","1","新北市","汐止區","121.660","25.065","2387"
"20","394059","20220930132000","29","0","新北市","汐止區","121.665","25.050","25"
"726","394060","20220930132000","556","2","新北市","汐止區","121.670","25.055","698"
"708","394062","20220930132000","980","0","新北市","汐止區","121.665","25.055","718"
"1100","394064","20220930132000","2477","0","新北市","汐止區","121.660","25.060","1157"
"657","394066","20220930132000","523","2","基隆市","七堵區","121.695","25.080","681"
"812","394068","20220930132000","881","0","基隆市","七堵區","121.720","25.100","807"
"857","394069","20220930132000","1558","0","基隆市","中正區","121.750","25.135","862"
"42","394070","20220930132000","343","0","基隆市","中正區","121.755","25.140","33"
"165","394071","20220930132000","79","3","基隆市","中正區","121.795","25.145","70"
"403","394072","20220930132000","375","1","基隆市","中正區","121.770","25.145","381"
"549","394074","20220930132000","662","0","基隆市","暖暖區","121.730","25.095","551"
"679","394075","20220930132000","601","1","基隆市","暖暖區","121.735","25.105","640"
"291","394076","20220930132000","437","0","基隆市","暖暖區","121.735","25.110","280"
"398","394077","20220930132000","398","1","基隆市","暖暖區","121.740","25.100","360"
"632","394078","20220930132000","781","0","基隆市","中山區","121.735","25.135","700"
"370","394082","20220930132000","253","2","基隆市","安樂區","121.705","25.140","287"
"65","394085","20220930132000","44","2","基隆市","安樂區","121.700","25.145","54"
"1041","394090","20220930132000","1011","1","基隆市","安樂區","121.715","25.125","1045"
"2237","394091","20220930132000","2258","0","基隆市","仁愛區","121.740","25.125","2220"
"663","394092","20220930132000","756","0","臺北市","大同區","121.510","25.070","628"
"2991","394093","20220930132000","2482","2","新北市","三重區","121.500","25.055","3129"
"3538","394094","20220930132000","3821","0","新北市","三重區","121.500","25.065","3558"
"665","394095","20220930132000","856","0","基隆市","中山區","121.740","25.135","707"
"2869","394096","20220930132000","3087","0","基隆市","信義區","121.755","25.130","2850"
"613","394097","20220930132000","723","0","基隆市","仁愛區","121.735","25.125","606"
"286","394098","20220930132000","290","0","基隆市","安樂區","121.725","25.140","301"
"144","394099","20220930132000","721","0","基隆市","安樂區","121.730","25.130","142"
"1901","394102","20220930132000","2022","0","新北市","五股區","121.450","25.105","1841"
"901","394106","20220930132000","772","1","新北市","五股區","121.440","25.090","994"
"723","394108","20220930132000","630","1","新北市","五股區","121.440","25.095","701"
"207","394109","20220930132000","235","0","新北市","五股區","121.430","25.100","189"
"71","394115","20220930132000","304","0","新北市","五股區","121.445","25.075","67"
"1009","394118","20220930132000","1111","0","新北市","五股區","121.460","25.075","1016"
"1246","394121","20220930132000","821","3","新北市","五股區","121.455","25.080","1244"
"21","394125","20220930132000","76","0","新北市","五股區","121.430","25.085","21"
"1171","394126","20220930132000","1677","0","新北市","五股區","121.435","25.085","1206"
"76","394127","20220930132000","58","2","新北市","五股區","121.420","25.090","60"
"1115","394129","20220930132000","2234","0","新北市","五股區","121.430","25.070","1284"
"1203","394130","20220930132000","1144","1","新北市","五股區","121.435","25.070","1276"
"25","394135","20220930132000","231","0","新北市","五股區","121.425","25.070","14"
"117","394136","20220930132000","39","3","新北市","林口區","121.405","25.075","102"
"136","394138","20220930132000","68","3","新北市","五股區","121.405","25.080","115"
"1711","394139","20220930132000","2152","0","新北市","新莊區","121.450","25.060","1757"
"3632","394141","20220930132000","3882","0","新北市","新莊區","121.455","25.060","3705"
"1663","394142","20220930132000","1672","0","新北市","五股區","121.450","25.070","1577"
"1969","394144","20220930132000","1460","2","新北市","五股區","121.455","25.070","2055"
"1367","394146","20220930132000","1277","1","新北市","五股區","121.465","25.070","1408"
"409","394147","20220930132000","331","2","新北市","五股區","121.465","25.075","358"
"342","394149","20220930132000","310","1","新北市","五股區","121.435","25.105","336"
"225","394150","20220930132000","174","2","新北市","五股區","121.420","25.110","195"
"90","394155","20220930132000","79","1","新北市","五股區","121.420","25.115","81"
"43","394166","20220930132000","64","0","新北市","五股區","121.425","25.120","46"
"134","394170","20220930132000","245","0","新北市","五股區","121.420","25.125","128"
"931","394174","20220930132000","866","1","基隆市","信義區","121.765","25.125","932"
"840","394175","20220930132000","937","0","基隆市","信義區","121.760","25.130","874"
"519","394176","20220930132000","490","1","基隆市","中正區","121.760","25.135","490"
"225","394178","20220930132000","162","2","基隆市","七堵區","121.700","25.070","209"
"445","394179","20220930132000","414","1","基隆市","七堵區","121.695","25.075","471"
"1216","394181","20220930132000","1516","0","基隆市","七堵區","121.715","25.095","1194"
"519","394182","20220930132000","564","0","基隆市","七堵區","121.720","25.095","585"
"635","394185","20220930132000","610","1","基隆市","中山區","121.720","25.140","648"
"1561","394186","20220930132000","1829","0","基隆市","中山區","121.725","25.145","1605"
"716","394187","20220930132000","557","2","新北市","五股區","121.435","25.090","723"
"808","394188","20220930132000","1069","0","新北市","五股區","121.440","25.080","827"
"563","394189","20220930132000","1032","0","新北市","五股區","121.440","25.085","581"
"107","394191","20220930132000","52","3","新北市","五股區","121.415","25.085","99"
"236","394193","20220930132000","239","0","新北市","五股區","121.415","25.090","228"
"210","394196","20220930132000","118","3","新北市","五股區","121.410","25.100","178"
"205","394202","20220930132000","278","0","新北市","五股區","121.405","25.110","179"
"28","394207","20220930132000","82","0","新北市","五股區","121.410","25.110","37"
"52","394208","20220930132000","48","1","新北市","八里區","121.400","25.115","46"
"324","394211","20220930132000","421","0","新北市","五股區","121.425","25.095","325"
"118","394214","20220930132000","511","0","新北市","泰山區","121.435","25.065","89"
"200","394216","20220930132000","233","0","新北市","五股區","121.415","25.075","192"
"103","394218","20220930132000","93","1","新北市","五股區","121.425","25.075","124"
"573","394220","20220930132000","621","0","新北市","五股區","121.435","25.075","561"
"112","394223","20220930132000","124","0","新北市","五股區","121.420","25.080","119"
"743","394226","20220930132000","730","1","新北市","五股區","121.435","25.080","713"
"581","394227","20220930132000","767","0","新北市","五股區","121.445","25.090","567"
"672","394229","20220930132000","517","2","新北市","五股區","121.445","25.095","659"
"60","394230","20220930132000","256","0","新北市","五股區","121.450","25.095","57"
"480","394234","20220930132000","935","0","新北市","五股區","121.450","25.100","591"
"3255","394235","20220930132000","3460","0","新北市","三重區","121.495","25.070","3228"
"2279","394236","20220930132000","2071","1","新北市","三重區","121.500","25.070","2239"
"4089","394237","20220930132000","4665","0","新北市","三重區","121.490","25.065","4151"
"2162","394238","20220930132000","1459","2","基隆市","中正區","121.785","25.135","2241"
"1084","394242","20220930132000","1691","0","基隆市","安樂區","121.720","25.120","1121"
"864","394243","20220930132000","1328","0","新北市","三重區","121.505","25.060","892"
"2448","394244","20220930132000","3177","0","新北市","三重區","121.480","25.060","2483"
"1439","394247","20220930132000","1335","1","新北市","三重區","121.485","25.070","1453"
"967","394248","20220930132000","496","3","基隆市","中正區","121.790","25.135","938"
"926","394252","20220930132000","894","1","基隆市","信義區","121.765","25.130","920"
"58","394254","20220930132000","282","0","基隆市","信義區","121.770","25.135","44"
"1005","394258","20220930132000","1174","0","基隆市","信義區","121.770","25.130","975"
"626","394259","20220930132000","753","0","基隆市","信義區","121.775","25.130","631"
"47","394262","20220930132000","84","0","基隆市","信義區","121.790","25.115","47"
"181","394265","20220930132000","142","2","基隆市","信義區","121.790","25.120","136"
"425","394266","20220930132000","264","3","基隆市","信義區","121.785","25.125","364"
"1055","394270","20220930132000","1309","0","基隆市","信義區","121.775","25.135","717"
"436","394272","20220930132000","433","1","基隆市","安樂區","121.725","25.135","409"
"988","394273","20220930132000","1039","0","基隆市","安樂區","121.715","25.140","1048"
"1737","394275","20220930132000","2176","0","基隆市","中山區","121.735","25.130","1675"
"249","394276","20220930132000","724","0","基隆市","安樂區","121.725","25.125","227"
"716","394277","20220930132000","759","0","基隆市","安樂區","121.725","25.130","743"
"133","394278","20220930132000","173","0","基隆市","中山區","121.720","25.145","140"
"2837","394280","20220930132000","3121","0","基隆市","仁愛區","121.740","25.130","2803"
"710","394281","20220930132000","658","1","基隆市","安樂區","121.730","25.135","695"
"2348","394282","20220930132000","2139","1","新北市","三重區","121.490","25.075","2376"
"3180","394283","20220930132000","3841","0","新北市","三重區","121.490","25.060","3211"
"1616","394284","20220930132000","2017","0","新北市","三重區","121.495","25.060","1555"
"834","394285","20220930132000","660","2","基隆市","中山區","121.740","25.145","691"
"1099","394288","20220930132000","1174","0","基隆市","安樂區","121.710","25.140","1049"
"1138","394290","20220930132000","998","1","基隆市","安樂區","121.710","25.150","1172"
"404","394291","20220930132000","306","2","基隆市","中山區","121.715","25.145","429"
"311","394292","20220930132000","421","0","新北市","三重區","121.485","25.065","309"
"437","394293","20220930132000","586","0","臺北市","大同區","121.510","25.075","490"
"3813","394294","20220930132000","3481","1","新北市","三重區","121.500","25.060","3645"
"2893","394295","20220930132000","2141","2","新北市","三重區","121.475","25.055","2827"
"444","394297","20220930132000","341","2","新北市","五股區","121.460","25.070","437"
"1821","394298","20220930132000","1234","2","新北市","三重區","121.470","25.060","1597"
"699","394299","20220930132000","1100","0","新北市","三重區","121.470","25.065","726"
"467","394301","20220930132000","411","1","新北市","三重區","121.505","25.075","468"
"1423","394302","20220930132000","1729","0","新北市","三重區","121.485","25.080","1435"
"208","394303","20220930132000","244","0","基隆市","中山區","121.740","25.140","220"
"1531","394304","20220930132000","1406","1","新北市","三重區","121.470","25.070","1515"
"216","394305","20220930132000","185","1","基隆市","信義區","121.780","25.135","247"
"517","394306","20220930132000","1005","0","基隆市","信義區","121.780","25.130","522"
"448","394307","20220930132000","533","0","基隆市","信義區","121.780","25.140","522"
"322","394308","20220930132000","339","0","基隆市","中正區","121.785","25.140","281"
"105","394312","20220930132000","71","2","基隆市","信義區","121.775","25.125","96"
"620","394313","20220930132000","697","0","基隆市","信義區","121.780","25.125","642"
"110","394317","20220930132000","112","0","新北市","瑞芳區","121.760","25.110","84"
"123","394320","20220930132000","122","1","基隆市","信義區","121.765","25.115","139"
"1047","394324","20220930132000","1235","0","基隆市","信義區","121.760","25.125","1009"
"1330","394325","20220930132000","1737","0","新北市","三重區","121.490","25.085","1252"
"478","394326","20220930132000","512","0","新北市","三重區","121.490","25.090","505"
"367","394327","20220930132000","61","3","新北市","三重區","121.495","25.090","320"
"1825","394329","20220930132000","1416","2","新北市","三重區","121.475","25.070","1938"
"2085","394330","20220930132000","2335","0","新北市","三重區","121.480","25.070","2048"
"1679","394332","20220930132000","1140","2","新北市","泰山區","121.430","25.065","1835"
"713","394333","20220930132000","1108","0","新北市","泰山區","121.440","25.060","753"
"410","394335","20220930132000","409","1","基隆市","中山區","121.735","25.140","384"
"68","394336","20220930132000","760","0","基隆市","中山區","121.730","25.140","68"
"141","394337","20220930132000","409","0","基隆市","暖暖區","121.735","25.100","121"
"61","394358","20220930132000","74","0","基隆市","暖暖區","121.755","25.075","57"
"46","394364","20220930132000","42","1","基隆市","暖暖區","121.745","25.085","44"
"10","394366","20220930132000","28","0","基隆市","暖暖區","121.755","25.085","15"
"425","394398","20220930132000","312","2","基隆市","暖暖區","121.740","25.090","420"
"30","394401","20220930132000","184","0","基隆市","暖暖區","121.735","25.095","21"
"18","394402","20220930132000","355","0","基隆市","暖暖區","121.740","25.095","24"
"2468","394404","20220930132000","2525","0","基隆市","暖暖區","121.755","25.095","2558"
"44","394405","20220930132000","391","0","基隆市","暖暖區","121.750","25.090","47"
"371","394407","20220930132000","196","3","基隆市","暖暖區","121.750","25.095","346"
"1257","394413","20220930132000","1293","0","基隆市","暖暖區","121.740","25.105","1295"
"438","394418","20220930132000","388","1","基隆市","暖暖區","121.730","25.100","424"
"1122","394422","20220930132000","1138","0","基隆市","安樂區","121.705","25.145","1120"
"1232","394423","20220930132000","792","3","基隆市","安樂區","121.710","25.145","1293"
"1685","394426","20220930132000","2226","0","新北市","三重區","121.490","25.080","1662"
"1376","394427","20220930132000","1594","0","新北市","三重區","121.485","25.075","1380"
"2768","394428","20220930132000","2668","1","新北市","三重區","121.480","25.075","2845"
"41","394429","20220930132000","182","0","基隆市","中山區","121.735","25.145","37"
"3821","394430","20220930132000","4181","0","新北市","三重區","121.495","25.065","3886"
"17","394434","20220930132000","61","0","基隆市","中正區","121.800","25.140","11"
"2705","394435","20220930132000","2714","0","基隆市","仁愛區","121.745","25.125","2696"
"548","394436","20220930132000","687","0","基隆市","仁愛區","121.745","25.120","547"
"2469","394438","20220930132000","2117","1","新北市","三重區","121.485","25.060","2421"
"1082","394441","20220930132000","1007","1","基隆市","暖暖區","121.750","25.100","1062"
"639","394442","20220930132000","655","0","基隆市","安樂區","121.730","25.115","645"
"4448","394444","20220930132000","3662","2","基隆市","安樂區","121.725","25.120","4187"
"846","394447","20220930132000","859","0","新北市","三重區","121.495","25.075","936"
"1364","394450","20220930132000","1491","0","新北市","三重區","121.495","25.085","1371"
"3703","394451","20220930132000","3534","1","新北市","三重區","121.480","25.065","3685"
"11","394457","20220930132000","30","0","基隆市","七堵區","121.720","25.110","12"
"264","394458","20220930132000","250","1","基隆市","暖暖區","121.730","25.110","265"
"346","394461","20220930132000","247","2","基隆市","七堵區","121.700","25.075","330"
"295","394464","20220930132000","273","1","基隆市","七堵區","121.705","25.085","294"
"1154","394466","20220930132000","1054","1","基隆市","七堵區","121.705","25.090","1135"
"446","394467","20220930132000","408","1","基隆市","七堵區","121.700","25.095","443"
"444","394470","20220930132000","432","1","基隆市","七堵區","121.665","25.090","432"
"46","394480","20220930132000","51","0","基隆市","七堵區","121.670","25.100","51"
"369","394492","20220930132000","273","2","基隆市","七堵區","121.670","25.105","328"
"42","394500","20220930132000","48","0","基隆市","七堵區","121.660","25.115","40"
"58","394518","20220930132000","69","0","基隆市","七堵區","121.660","25.130","61"
"83","394538","20220930132000","232","0","基隆市","七堵區","121.695","25.085","65"
"1153","394546","20220930132000","1327","0","基隆市","七堵區","121.685","25.075","1174"
"530","394547","20220930132000","391","2","基隆市","七堵區","121.690","25.075","524"
"982","394550","20220930132000","687","2","基隆市","七堵區","121.690","25.085","921"
"5636","394551","20220930132000","6334","0","基隆市","中正區","121.745","25.130","5699"
"91","394552","20220930132000","252","0","基隆市","仁愛區","121.740","25.120","77"
"2882","394553","20220930132000","2677","1","基隆市","信義區","121.750","25.130","2886"
"92","394554","20220930132000","440","0","基隆市","仁愛區","121.750","25.125","233"
"310","394555","20220930132000","633","0","基隆市","中正區","121.765","25.140","351"
"518","394556","20220930132000","200","3","基隆市","中正區","121.795","25.125","539"
"172","394559","20220930132000","129","2","基隆市","中正區","121.795","25.130","174"
"1136","394564","20220930132000","1340","0","基隆市","中正區","121.790","25.140","1338"
"1418","394565","20220930132000","1122","2","基隆市","中正區","121.795","25.140","1338"
"1761","394567","20220930132000","1460","2","基隆市","中正區","121.760","25.145","1668"
"490","394570","20220930132000","422","1","基隆市","安樂區","121.715","25.120","507"
"769","394576","20220930132000","786","0","基隆市","安樂區","121.715","25.130","799"
"77","394582","20220930132000","238","0","基隆市","仁愛區","121.740","25.110","152"
"193","394583","20220930132000","146","2","基隆市","仁愛區","121.745","25.110","235"
"321","394586","20220930132000","340","0","基隆市","仁愛區","121.745","25.115","372"
"20","394590","20220930132000","152","0","基隆市","七堵區","121.710","25.100","14"
"2468","394592","20220930132000","1972","2","基隆市","七堵區","121.715","25.100","2510"
"14","394600","20220930132000","14","1","基隆市","七堵區","121.715","25.075","16"
"1163","394611","20220930132000","1299","0","基隆市","七堵區","121.710","25.090","1129"
"227","394613","20220930132000","417","0","基隆市","七堵區","121.720","25.090","255"
"86","394617","20220930132000","59","2","基隆市","七堵區","121.680","25.100","80"
"218","394625","20220930132000","165","2","基隆市","七堵區","121.695","25.105","220"
"61","394632","20220930132000","51","1","基隆市","七堵區","121.690","25.115","88"
"121","394634","20220930132000","121","1","基隆市","七堵區","121.700","25.115","105"
"55","394645","20220930132000","96","0","基隆市","安樂區","121.700","25.130","48"
"12","394648","20220930132000","15","0","基隆市","七堵區","121.690","25.135","12"
"18","394660","20220930132000","84","0","基隆市","七堵區","121.680","25.120","19"
"40","394663","20220930132000","29","2","基隆市","七堵區","121.680","25.125","38"
"202","394685","20220930132000","179","1","新北市","蘆洲區","121.485","25.090","211"
"1268","394686","20220930132000","1173","1","新北市","汐止區","121.630","25.060","1240"
"2434","394687","20220930132000","1087","3","新北市","汐止區","121.620","25.065","2475"
"2081","394688","20220930132000","1990","1","新北市","汐止區","121.625","25.065","2128"
"32","394694","20220930132000","43","0","新北市","八里區","121.415","25.145","44"
"283","394705","20220930132000","962","0","新北市","八里區","121.450","25.140","530"
"118","394716","20220930132000","143","0","新北市","八里區","121.415","25.130","99"
"320","394724","20220930132000","223","2","新北市","八里區","121.410","25.145","280"
"35","394725","20220930132000","179","0","新北市","八里區","121.405","25.150","34"
"415","394726","20220930132000","318","2","新北市","八里區","121.410","25.150","292"
"99","394731","20220930132000","181","0","新北市","八里區","121.405","25.125","114"
"1186","394740","20220930132000","1179","1","新北市","蘆洲區","121.465","25.090","1276"
"2353","394741","20220930132000","2105","1","新北市","蘆洲區","121.460","25.085","2354"
"1071","394742","20220930132000","1309","0","新北市","蘆洲區","121.465","25.085","1029"
"866","394743","20220930132000","1547","0","新北市","蘆洲區","121.460","25.090","889"
"312","394744","20220930132000","1476","0","新北市","蘆洲區","121.460","25.095","294"
"187","394745","20220930132000","374","0","新北市","蘆洲區","121.475","25.075","180"
"733","394746","20220930132000","688","1","新北市","蘆洲區","121.475","25.090","713"
"1130","394747","20220930132000","1040","1","新北市","蘆洲區","121.470","25.095","1178"
"78","394748","20220930132000","196","0","新北市","蘆洲區","121.475","25.095","64"
"733","394749","20220930132000","335","3","新北市","蘆洲區","121.470","25.100","793"
"1127","394750","20220930132000","1571","0","新北市","新莊區","121.460","25.060","1018"
"2224","394751","20220930132000","2327","0","新北市","新莊區","121.465","25.060","2166"
"1517","394752","20220930132000","1159","2","新北市","五股區","121.465","25.065","1582"
"442","394787","20220930132000","597","0","新北市","瑞芳區","121.770","25.100","448"
"65","394788","20220930132000","78","0","新北市","瑞芳區","121.775","25.100","53"
"123","394798","20220930132000","82","3","新北市","瑞芳區","121.825","25.085","95"
"21","394807","20220930132000","18","1","新北市","瑞芳區","121.805","25.120","12"
"38","394809","20220930132000","48","0","新北市","瑞芳區","121.815","25.120","16"
"420","394810","20220930132000","509","0","新北市","瑞芳區","121.820","25.120","469"
"1002","394819","20220930132000","882","1","新北市","五股區","121.430","25.090","1060"
"2072","394821","20220930132000","1687","2","新北市","八里區","121.395","25.145","2048"
"273","394822","20220930132000","70","3","新北市","八里區","121.390","25.150","229"
"1327","394824","20220930132000","1026","2","新北市","八里區","121.400","25.150","1381"
"27","394825","20220930132000","24","1","新北市","八里區","121.395","25.085","24"
"75","394829","20220930132000","68","1","新北市","八里區","121.400","25.100","74"
"144","394833","20220930132000","123","1","新北市","八里區","121.390","25.110","131"
"357","394843","20220930132000","462","0","新北市","林口區","121.375","25.120","353"
"438","394854","20220930132000","495","0","新北市","八里區","121.385","25.130","419"
"1421","394858","20220930132000","1774","0","新北市","瑞芳區","121.805","25.105","1913"
"29","394863","20220930132000","53","0","新北市","瑞芳區","121.795","25.085","49"
"372","394867","20220930132000","215","3","新北市","瑞芳區","121.795","25.090","359"
"848","394873","20220930132000","722","1","新北市","瑞芳區","121.785","25.095","883"
"349","394878","20220930132000","322","1","新北市","瑞芳區","121.790","25.100","366"
"484","394885","20220930132000","409","1","新北市","瑞芳區","121.790","25.110","507"
"50","394888","20220930132000","30","3","新北市","瑞芳區","121.820","25.075","44"
"100","394894","20220930132000","136","0","新北市","瑞芳區","121.825","25.090","111"
"185","394924","20220930132000","141","2","新北市","瑞芳區","121.760","25.100","184"
"23","394926","20220930132000","27","0","新北市","瑞芳區","121.760","25.105","36"
"77","394932","20220930132000","73","1","新北市","瑞芳區","121.775","25.110","86"
"41","394934","20220930132000","41","1","新北市","瑞芳區","121.770","25.115","53"
"638","394937","20220930132000","816","0","新北市","瑞芳區","121.845","25.110","666"
"127","394943","20220930132000","104","2","新北市","瑞芳區","121.830","25.095","110"
"318","394949","20220930132000","333","0","新北市","瑞芳區","121.840","25.095","299"
"337","394954","20220930132000","308","1","新北市","瑞芳區","121.850","25.105","361"
"163","394965","20220930132000","223","0","新北市","瑞芳區","121.815","25.105","213"
"85","394966","20220930132000","98","0","新北市","五股區","121.455","25.115","93"
"411","394972","20220930132000","300","2","新北市","八里區","121.450","25.125","415"
"941","394973","20220930132000","939","1","新北市","八里區","121.455","25.125","921"
"606","394979","20220930132000","546","1","新北市","八里區","121.450","25.130","611"
"477","394985","20220930132000","430","1","新北市","八里區","121.450","25.135","525"
"914","394986","20220930132000","1003","0","新北市","汐止區","121.640","25.065","874"
"1048","394991","20220930132000","1055","0","桃園市","觀音區","121.120","25.060","1104"
"954","394992","20220930132000","761","2","桃園市","觀音區","121.125","25.060","989"
"74","394993","20220930132000","341","0","桃園市","觀音區","121.130","25.060","57"
"1104","394996","20220930132000","929","1","桃園市","觀音區","121.110","25.065","1150"
"1322","395000","20220930132000","1148","1","桃園市","觀音區","121.130","25.065","1331"
"400","395008","20220930132000","419","0","桃園市","觀音區","121.135","25.060","402"
"1854","395014","20220930132000","1802","1","桃園市","蘆竹區","121.285","25.070","1765"
"175","395019","20220930132000","635","0","桃園市","蘆竹區","121.285","25.075","176"
"574","395023","20220930132000","529","1","桃園市","蘆竹區","121.285","25.080","602"
"879","395029","20220930132000","1061","0","桃園市","蘆竹區","121.255","25.110","876"
"456","395030","20220930132000","577","0","桃園市","蘆竹區","121.260","25.110","444"
"248","395031","20220930132000","379","0","桃園市","蘆竹區","121.265","25.110","248"
"454","395032","20220930132000","373","2","桃園市","蘆竹區","121.270","25.110","434"
"173","395038","20220930132000","212","0","桃園市","蘆竹區","121.255","25.115","189"
"677","395042","20220930132000","1140","0","桃園市","蘆竹區","121.295","25.060","566"
"628","395043","20220930132000","619","1","桃園市","蘆竹區","121.300","25.060","659"
"57","395046","20220930132000","27","3","桃園市","蘆竹區","121.315","25.060","52"
"32","395052","20220930132000","50","0","桃園市","蘆竹區","121.305","25.065","26"
"293","395057","20220930132000","348","0","新北市","瑞芳區","121.860","25.125","311"
"480","395083","20220930132000","490","0","新北市","雙溪區","121.875","25.090","159"
"165","395098","20220930132000","61","3","新北市","貢寮區","121.915","25.095","124"
"117","395109","20220930132000","232","0","新北市","貢寮區","121.920","25.105","104"
"267","395119","20220930132000","285","0","新北市","貢寮區","121.925","25.055","295"
"319","395121","20220930132000","273","1","新北市","貢寮區","121.925","25.060","307"
"102","395125","20220930132000","70","2","新北市","貢寮區","121.925","25.065","96"
"1070","395129","20220930132000","1094","0","新北市","新莊區","121.455","25.065","1132"
"1040","395130","20220930132000","854","2","新北市","五股區","121.445","25.065","919"
"394","395131","20220930132000","517","0","新北市","泰山區","121.435","25.060","389"
"1190","395132","20220930132000","1436","0","新北市","汐止區","121.645","25.060","1150"
"1909","395133","20220930132000","1768","1","新北市","汐止區","121.665","25.065","1965"
"365","395134","20220930132000","393","0","桃園市","蘆竹區","121.270","25.060","350"
"861","395135","20220930132000","1132","0","桃園市","蘆竹區","121.275","25.060","855"
"20","395136","20220930132000","280","0","桃園市","蘆竹區","121.280","25.060","17"
"944","395137","20220930132000","806","1","桃園市","蘆竹區","121.265","25.065","977"
"985","395141","20220930132000","1090","0","桃園市","蘆竹區","121.270","25.070","962"
"2223","395143","20220930132000","2527","0","新北市","蘆洲區","121.470","25.090","2088"
"28","395145","20220930132000","137","0","新北市","瑞芳區","121.835","25.110","31"
"19","395147","20220930132000","12","3","新北市","瑞芳區","121.830","25.115","21"
"294","395149","20220930132000","315","0","新北市","瑞芳區","121.840","25.115","294"
"31","395156","20220930132000","206","0","新北市","瑞芳區","121.830","25.125","20"
"94","395157","20220930132000","48","3","新北市","瑞芳區","121.835","25.125","69"
"328","395163","20220930132000","694","0","新北市","瑞芳區","121.815","25.130","314"
"1024","395173","20220930132000","1030","0","新北市","瑞芳區","121.810","25.105","1038"
"2088","395174","20220930132000","2699","0","新北市","泰山區","121.445","25.060","2133"
"2477","395175","20220930132000","1700","2","新北市","五股區","121.450","25.065","2748"
"1748","395176","20220930132000","1791","0","新北市","新莊區","121.460","25.065","1792"
"2019","395203","20220930132000","2139","0","新北市","蘆洲區","121.470","25.085","2043"
"129","395204","20220930132000","251","0","新北市","蘆洲區","121.465","25.095","111"
"41","395205","20220930132000","37","1","新北市","蘆洲區","121.465","25.100","38"
"1914","395206","20220930132000","1761","1","新北市","汐止區","121.630","25.065","1990"
"1252","395207","20220930132000","1190","1","新北市","汐止區","121.630","25.070","1340"
"1030","395208","20220930132000","1402","0","新北市","汐止區","121.645","25.065","1013"
"64","395223","20220930132000","71","0","新北市","瑞芳區","121.820","25.060","79"
"227","395239","20220930132000","50","3","新北市","瑞芳區","121.840","25.105","190"
"369","395245","20220930132000","368","1","新北市","瑞芳區","121.855","25.105","355"
"272","395253","20220930132000","162","3","新北市","瑞芳區","121.915","25.120","188"
"426","395254","20220930132000","558","0","新北市","瑞芳區","121.915","25.125","421"
"367","395256","20220930132000","234","3","新北市","瑞芳區","121.795","25.110","299"
"45","395257","20220930132000","589","0","新北市","瑞芳區","121.800","25.110","29"
"248","395269","20220930132000","170","2","新北市","泰山區","121.385","25.065","269"
"586","395270","20220930132000","259","3","桃園市","龜山區","121.390","25.060","597"
"297","395273","20220930132000","165","3","新北市","泰山區","121.390","25.065","283"
"917","395280","20220930132000","1142","0","新北市","淡水區","121.465","25.135","897"
"23","395284","20220930132000","20","1","新北市","雙溪區","121.855","25.050","19"
"265","395287","20220930132000","223","1","新北市","雙溪區","121.850","25.055","249"
"2117","395319","20220930132000","2356","0","新北市","三重區","121.495","25.080","2107"
"1023","395320","20220930132000","1470","0","新北市","三重區","121.475","25.060","1047"
"391","395322","20220930132000","653","0","新北市","五股區","121.455","25.105","416"
"77","395323","20220930132000","67","1","新北市","五股區","121.450","25.110","57"
"64","395324","20220930132000","107","0","新北市","五股區","121.455","25.110","68"
"269","395329","20220930132000","611","0","新北市","五股區","121.445","25.105","277"
"119","395331","20220930132000","196","0","新北市","五股區","121.445","25.110","92"
"28","395344","20220930132000","90","0","新北市","八里區","121.375","25.140","23"
"322","395346","20220930132000","462","0","新北市","八里區","121.385","25.140","316"
"50","395349","20220930132000","46","1","新北市","瑞芳區","121.800","25.100","81"
"475","395350","20220930132000","544","0","新北市","瑞芳區","121.800","25.105","486"
"272","395351","20220930132000","297","0","新北市","瑞芳區","121.820","25.105","293"
"13","395352","20220930132000","18","0","新北市","瑞芳區","121.825","25.105","13"
"213","395356","20220930132000","326","0","新北市","汐止區","121.670","25.065","219"
"568","395357","20220930132000","843","0","新北市","汐止區","121.670","25.070","570"
"1528","395361","20220930132000","1305","1","桃園市","蘆竹區","121.285","25.060","1462"
"1112","395362","20220930132000","638","3","桃園市","蘆竹區","121.290","25.060","1186"
"327","395363","20220930132000","584","0","桃園市","蘆竹區","121.320","25.060","368"
"536","395367","20220930132000","461","1","桃園市","觀音區","121.140","25.065","572"
"743","395388","20220930132000","373","3","桃園市","蘆竹區","121.265","25.085","733"
"207","395395","20220930132000","252","0","桃園市","蘆竹區","121.265","25.095","220"
"729","395397","20220930132000","339","3","桃園市","蘆竹區","121.275","25.095","723"
"1471","395400","20220930132000","948","3","桃園市","蘆竹區","121.260","25.100","1539"
"16","395410","20220930132000","27","0","桃園市","蘆竹區","121.275","25.110","16"
"16","395417","20220930132000","12","2","桃園市","蘆竹區","121.330","25.065","20"
"184","395420","20220930132000","82","3","桃園市","蘆竹區","121.325","25.065","144"
"139","395423","20220930132000","66","3","桃園市","蘆竹區","121.340","25.070","135"
"452","395424","20220930132000","305","2","桃園市","蘆竹區","121.345","25.065","535"
"33","395433","20220930132000","184","0","桃園市","蘆竹區","121.315","25.075","26"
"27","395434","20220930132000","103","0","桃園市","蘆竹區","121.320","25.075","14"
"160","395436","20220930132000","116","2","桃園市","蘆竹區","121.330","25.075","171"
"169","395447","20220930132000","206","0","桃園市","蘆竹區","121.300","25.080","203"
"188","395448","20220930132000","170","1","桃園市","蘆竹區","121.305","25.080","194"
"38","395464","20220930132000","59","0","桃園市","蘆竹區","121.325","25.090","35"
"1129","395471","20220930132000","873","2","桃園市","蘆竹區","121.280","25.085","1224"
"855","395473","20220930132000","671","2","桃園市","蘆竹區","121.290","25.085","897"
"20","395480","20220930132000","14","2","桃園市","蘆竹區","121.295","25.095","17"
"2052","395483","20220930132000","2236","0","新北市","蘆洲區","121.470","25.080","2070"
"2706","395484","20220930132000","3062","0","新北市","蘆洲區","121.465","25.080","2745"
"3624","395485","20220930132000","4278","0","新北市","三重區","121.485","25.085","3524"
"1495","395486","20220930132000","1540","0","新北市","蘆洲區","121.455","25.090","1517"
"1468","395487","20220930132000","1580","0","新北市","蘆洲區","121.475","25.080","1403"
"1144","395488","20220930132000","952","2","新北市","汐止區","121.665","25.075","1033"
"9451","395489","20220930132000","8420","1","新北市","汐止區","121.650","25.060","9578"
"2342","395490","20220930132000","1854","2","新北市","汐止區","121.655","25.060","2353"
"211","395491","20220930132000","127","3","新北市","汐止區","121.625","25.070","180"
"293","395492","20220930132000","250","1","新北市","汐止區","121.625","25.075","287"
"865","395493","20220930132000","708","2","新北市","汐止區","121.630","25.080","905"
"279","395495","20220930132000","373","0","新北市","汐止區","121.650","25.080","299"
"897","395499","20220930132000","916","0","新北市","汐止區","121.645","25.090","880"
"119","395501","20220930132000","45","3","新北市","汐止區","121.655","25.090","109"
"264","395508","20220930132000","443","0","新北市","汐止區","121.650","25.055","204"
"1435","395509","20220930132000","1529","0","新北市","汐止區","121.655","25.055","1532"
"648","395512","20220930132000","927","0","新北市","汐止區","121.655","25.065","654"
"55","395526","20220930132000","53","1","新北市","汐止區","121.715","25.055","71"
"197","395530","20220930132000","157","2","新北市","汐止區","121.700","25.060","181"
"2440","395539","20220930132000","2584","0","新北市","汐止區","121.635","25.055","2550"
"1683","395541","20220930132000","1792","0","新北市","汐止區","121.635","25.060","1790"
"2451","395542","20220930132000","1962","2","新北市","汐止區","121.640","25.060","2397"
"1873","395544","20220930132000","2357","0","新北市","林口區","121.375","25.070","2000"
"1441","395546","20220930132000","1015","2","新北市","林口區","121.400","25.075","1435"
"1403","395548","20220930132000","1132","2","新北市","林口區","121.400","25.080","1344"
"304","395549","20220930132000","310","0","新北市","林口區","121.400","25.085","319"
"569","395550","20220930132000","415","2","新北市","林口區","121.405","25.085","534"
"74","395553","20220930132000","47","3","新北市","林口區","121.405","25.095","65"
"232","395555","20220930132000","257","0","新北市","林口區","121.405","25.100","204"
"264","395557","20220930132000","285","0","新北市","林口區","121.400","25.065","212"
"2423","395558","20220930132000","2248","1","新北市","林口區","121.390","25.075","2338"
"704","395559","20220930132000","1006","0","新北市","林口區","121.395","25.075","766"
"139","395560","20220930132000","134","1","新北市","林口區","121.385","25.090","123"
"997","395561","20220930132000","780","2","新北市","林口區","121.390","25.090","1015"
"547","395565","20220930132000","623","0","新北市","林口區","121.385","25.100","571"
"307","395570","20220930132000","250","2","新北市","林口區","121.385","25.110","344"
"4533","395571","20220930132000","2760","3","新北市","林口區","121.375","25.075","4580"
"779","395572","20220930132000","1012","0","新北市","林口區","121.380","25.075","880"
"1352","395574","20220930132000","1310","1","新北市","林口區","121.370","25.080","1334"
"1366","395575","20220930132000","705","3","新北市","林口區","121.375","25.080","1186"
"1226","395576","20220930132000","631","3","新北市","林口區","121.380","25.080","1071"
"726","395579","20220930132000","546","2","新北市","林口區","121.370","25.085","731"
"1236","395580","20220930132000","1611","0","新北市","林口區","121.375","25.085","1319"
"105","395587","20220930132000","88","1","新北市","林口區","121.365","25.110","94"
"42","395603","20220930132000","46","0","新北市","林口區","121.390","25.080","30"
"289","395604","20220930132000","251","1","新北市","林口區","121.385","25.085","298"
"880","395606","20220930132000","614","2","新北市","汐止區","121.655","25.070","747"
"798","395607","20220930132000","1339","0","新北市","汐止區","121.660","25.070","889"
"95","395616","20220930132000","59","3","桃園市","大園區","121.260","25.065","89"
"266","395617","20220930132000","272","0","新北市","汐止區","121.635","25.070","268"
"1517","395618","20220930132000","1010","3","新北市","汐止區","121.640","25.070","1462"
"333","395619","20220930132000","394","0","新北市","汐止區","121.640","25.075","359"
"1131","395622","20220930132000","1025","1","新北市","汐止區","121.640","25.080","1176"
"178","395623","20220930132000","191","0","新北市","汐止區","121.635","25.085","174"
"419","395625","20220930132000","349","2","新北市","汐止區","121.635","25.075","371"
"135","395628","20220930132000","152","0","新北市","汐止區","121.640","25.100","123"
"75","395641","20220930132000","54","2","新北市","汐止區","121.620","25.115","87"
"111","395643","20220930132000","87","2","新北市","汐止區","121.630","25.115","82"
"50","395653","20220930132000","45","1","新北市","汐止區","121.605","25.125","51"
"511","395667","20220930132000","367","2","新北市","汐止區","121.615","25.135","460"
"1009","395672","20220930132000","936","1","新北市","淡水區","121.460","25.130","1006"
"2322","395673","20220930132000","3207","0","新北市","淡水區","121.460","25.135","2390"
"3309","395675","20220930132000","3688","0","新北市","淡水區","121.460","25.140","3303"
"627","395676","20220930132000","504","2","新北市","淡水區","121.465","25.140","634"
"798","395691","20220930132000","702","1","新北市","汐止區","121.675","25.065","872"
"881","395692","20220930132000","989","0","新北市","汐止區","121.665","25.080","944"
"322","395698","20220930132000","392","0","新北市","汐止區","121.670","25.075","282"
"863","395699","20220930132000","1199","0","新北市","汐止區","121.675","25.075","1106"
"234","395701","20220930132000","185","2","新北市","汐止區","121.610","25.105","212"
"153","395703","20220930132000","146","1","新北市","汐止區","121.605","25.110","124"
"73","395704","20220930132000","20","3","新北市","汐止區","121.610","25.110","58"
"1051","395715","20220930132000","1454","0","新北市","泰山區","121.430","25.060","1089"
"61","395716","20220930132000","414","0","新北市","泰山區","121.425","25.060","47"
"892","395717","20220930132000","1592","0","新北市","泰山區","121.425","25.065","689"
"1737","395718","20220930132000","1850","0","新北市","蘆洲區","121.480","25.090","1838"
"574","395719","20220930132000","688","0","新北市","蘆洲區","121.480","25.095","604"
"53","395724","20220930132000","43","2","桃園市","蘆竹區","121.300","25.100","58"
"278","395727","20220930132000","308","0","新北市","林口區","121.290","25.105","291"
"642","395732","20220930132000","686","0","新北市","林口區","121.315","25.105","696"
"257","395735","20220930132000","216","1","新北市","林口區","121.295","25.110","251"
"97","395748","20220930132000","152","0","新北市","林口區","121.295","25.115","98"
"293","395749","20220930132000","309","0","新北市","林口區","121.300","25.115","270"
"239","395752","20220930132000","276","0","新北市","林口區","121.295","25.120","263"
"2200","395755","20220930132000","2671","0","新北市","林口區","121.385","25.080","2217"
"967","395756","20220930132000","516","3","新北市","林口區","121.380","25.085","872"
"807","395757","20220930132000","910","0","新北市","林口區","121.375","25.090","819"
"2834","395768","20220930132000","3145","0","新北市","林口區","121.365","25.065","2955"
"2322","395769","20220930132000","1718","2","新北市","汐止區","121.665","25.070","2208"
"622","395773","20220930132000","539","1","新北市","汐止區","121.675","25.070","598"
"849","395774","20220930132000","811","1","新北市","汐止區","121.680","25.070","824"
"222","395775","20220930132000","244","0","新北市","汐止區","121.685","25.070","351"
"238","395777","20220930132000","315","0","新北市","汐止區","121.675","25.080","228"
"424","395784","20220930132000","365","1","新北市","汐止區","121.645","25.080","426"
"46","395791","20220930132000","96","0","新北市","汐止區","121.640","25.095","27"
"345","395805","20220930132000","370","0","新北市","林口區","121.390","25.070","332"
"799","395806","20220930132000","390","3","新北市","林口區","121.385","25.075","782"
"279","395809","20220930132000","260","1","新北市","林口區","121.345","25.085","289"
"137","395828","20220930132000","47","3","新北市","林口區","121.315","25.100","70"
"24","395833","20220930132000","73","0","新北市","林口區","121.340","25.100","14"
"61","395837","20220930132000","22","3","新北市","林口區","121.330","25.105","60"
"3464","395840","20220930132000","2421","2","桃園市","龜山區","121.375","25.065","3147"
"1816","395843","20220930132000","790","3","新北市","林口區","121.360","25.065","1615"
"206","395844","20220930132000","152","2","新北市","林口區","121.350","25.070","202"
"1228","395846","20220930132000","1004","2","新北市","林口區","121.360","25.070","1341"
"3945","395847","20220930132000","3062","2","新北市","林口區","121.370","25.070","3903"
"109","395848","20220930132000","104","1","新北市","林口區","121.345","25.075","123"
"1023","395850","20220930132000","762","2","新北市","林口區","121.355","25.075","1060"
"1720","395853","20220930132000","880","3","新北市","林口區","121.370","25.075","1658"
"705","395854","20220930132000","984","0","新北市","林口區","121.350","25.080","776"
"378","395858","20220930132000","338","1","新北市","林口區","121.345","25.100","366"
"108","395862","20220930132000","97","1","新北市","林口區","121.340","25.105","117"
"147","395869","20220930132000","95","3","新北市","林口區","121.340","25.110","153"
"206","395881","20220930132000","288","0","新北市","林口區","121.320","25.115","264"
"13","395883","20220930132000","20","0","新北市","林口區","121.330","25.115","16"
"194","395900","20220930132000","123","3","新北市","林口區","121.345","25.125","178"
"4348","395909","20220930132000","4951","0","新北市","蘆洲區","121.480","25.080","4542"
"103","395910","20220930132000","197","0","新北市","蘆洲區","121.455","25.085","84"
"2934","395911","20220930132000","2826","1","新北市","林口區","121.365","25.070","3147"
"47","395919","20220930132000","29","3","新北市","平溪區","121.770","25.050","48"
"144","395949","20220930132000","93","3","新北市","平溪區","121.790","25.070","95"
"1778","395961","20220930132000","1603","1","新北市","汐止區","121.630","25.055","1747"
"1486","395962","20220930132000","1391","1","新北市","汐止區","121.625","25.060","1492"
"1103","395965","20220930132000","1560","0","新北市","蘆洲區","121.470","25.075","1163"
"7948","395966","20220930132000","5720","2","桃園市","龜山區","121.370","25.060","7471"
"1739","395968","20220930132000","1303","2","桃園市","龜山區","121.380","25.060","1749"
"1874","395969","20220930132000","905","3","桃園市","龜山區","121.375","25.060","1858"
"8790","395972","20220930132000","10346","0","臺北市","中山區","121.530","25.060","8064"
"1064","395973","20220930132000","1177","0","桃園市","大園區","121.245","25.105","1072"
"17","395977","20220930132000","13","2","桃園市","大園區","121.250","25.110","17"
"729","395980","20220930132000","696","1","桃園市","大園區","121.180","25.065","794"
"701","395981","20220930132000","1012","0","桃園市","大園區","121.190","25.060","736"
"396","395982","20220930132000","270","2","桃園市","大園區","121.195","25.060","341"
"482","395983","20220930132000","461","1","桃園市","大園區","121.185","25.065","480"
"780","395984","20220930132000","811","0","桃園市","大園區","121.190","25.065","802"
"1453","395990","20220930132000","1449","1","桃園市","大園區","121.250","25.095","1429"
"70","395991","20220930132000","50","2","桃園市","大園區","121.255","25.095","61"
"68","395992","20220930132000","79","0","桃園市","大園區","121.235","25.100","59"
"766","395998","20220930132000","949","0","桃園市","大園區","121.260","25.070","768"
"826","395999","20220930132000","755","1","桃園市","大園區","121.255","25.075","718"
"1932","396009","20220930132000","1971","0","臺北市","中山區","121.530","25.070","1944"
"3014","396012","20220930132000","3778","0","臺北市","中山區","121.530","25.065","3055"
"5363","396013","20220930132000","6544","0","臺北市","中山區","121.540","25.060","5601"
"251","396014","20220930132000","263","0","臺北市","中山區","121.555","25.075","271"
"1569","396015","20220930132000","1793","0","臺北市","中山區","121.550","25.080","1675"
"2921","396016","20220930132000","2350","2","臺北市","中山區","121.555","25.080","2879"
"1560","396018","20220930132000","1508","1","臺北市","中山區","121.525","25.080","1630"
"165","396020","20220930132000","263","0","臺北市","中山區","121.535","25.080","198"
"1404","396021","20220930132000","1631","0","臺北市","中山區","121.540","25.080","1368"
"69","396022","20220930132000","199","0","臺北市","中山區","121.535","25.085","78"
"1872","396025","20220930132000","1939","0","新北市","蘆洲區","121.480","25.085","2012"
"1243","396033","20220930132000","1646","0","新北市","泰山區","121.420","25.065","1238"
"455","396035","20220930132000","169","3","新北市","泰山區","121.440","25.065","302"
"79","396038","20220930132000","108","0","新北市","泰山區","121.410","25.070","93"
"133","396040","20220930132000","282","0","新北市","淡水區","121.460","25.145","111"
"2005","396044","20220930132000","2407","0","臺北市","大同區","121.510","25.065","2033"
"2124","396045","20220930132000","2168","0","臺北市","大同區","121.515","25.075","2157"
"3279","396046","20220930132000","3090","1","臺北市","大同區","121.510","25.060","3402"
"5663","396047","20220930132000","4977","1","臺北市","松山區","121.545","25.060","5678"
"6696","396048","20220930132000","8311","0","臺北市","中山區","121.525","25.060","7369"
"1526","396049","20220930132000","1629","0","新北市","蘆洲區","121.460","25.080","1417"
"2473","396050","20220930132000","2487","0","新北市","蘆洲區","121.475","25.085","2411"
"527","396053","20220930132000","503","1","新北市","貢寮區","121.920","25.050","442"
"40","396054","20220930132000","199","0","新北市","貢寮區","121.925","25.050","21"
"35","396057","20220930132000","35","1","新北市","貢寮區","121.900","25.050","35"
"58","396059","20220930132000","57","1","新北市","貢寮區","121.890","25.055","51"
"83","396074","20220930132000","64","2","新北市","貢寮區","121.900","25.065","96"
"510","396088","20220930132000","381","2","新北市","瑞芳區","121.805","25.110","543"
"134","396089","20220930132000","67","3","新北市","瑞芳區","121.810","25.110","125"
"1600","396099","20220930132000","1073","2","桃園市","龜山區","121.385","25.060","1243"
"1844","396100","20220930132000","2066","0","臺北市","中山區","121.540","25.055","1837"
"1395","396101","20220930132000","1759","0","臺北市","松山區","121.540","25.070","1465"
"1243","396102","20220930132000","1488","0","臺北市","中山區","121.535","25.070","1241"
"294","396103","20220930132000","172","3","臺北市","內湖區","121.615","25.075","300"
"2998","396104","20220930132000","3382","0","臺北市","內湖區","121.610","25.070","2915"
"2526","396105","20220930132000","2409","1","臺北市","北投區","121.500","25.140","2522"
"1267","396106","20220930132000","1899","0","臺北市","北投區","121.505","25.140","1263"
"448","396112","20220930132000","360","2","臺北市","北投區","121.485","25.115","451"
"164","396118","20220930132000","146","1","臺北市","北投區","121.485","25.120","130"
"2189","396121","20220930132000","2296","0","臺北市","北投區","121.500","25.120","2164"
"3810","396123","20220930132000","2598","2","臺北市","北投區","121.500","25.125","3853"
"2344","396124","20220930132000","2253","1","臺北市","北投區","121.510","25.115","2330"
"2857","396126","20220930132000","3159","0","臺北市","中山區","121.535","25.065","2613"
"1571","396127","20220930132000","1977","0","臺北市","中山區","121.550","25.085","1627"
"1252","396128","20220930132000","1639","0","臺北市","中山區","121.555","25.085","1374"
"1576","396130","20220930132000","1834","0","新北市","三重區","121.505","25.065","1503"
"1732","396131","20220930132000","2512","0","臺北市","中山區","121.525","25.070","1757"
"1812","396132","20220930132000","1757","1","新北市","三重區","121.505","25.070","1708"
"826","396133","20220930132000","483","3","桃園市","蘆竹區","121.280","25.065","674"
"2201","396134","20220930132000","1867","1","桃園市","蘆竹區","121.285","25.065","2325"
"628","396135","20220930132000","479","2","桃園市","蘆竹區","121.290","25.065","695"
"1135","396136","20220930132000","907","2","桃園市","蘆竹區","121.275","25.070","1142"
"688","396144","20220930132000","907","0","桃園市","龜山區","121.355","25.060","574"
"3293","396145","20220930132000","3938","0","桃園市","龜山區","121.365","25.060","3315"
"346","396146","20220930132000","291","1","桃園市","蘆竹區","121.340","25.065","272"
"640","396149","20220930132000","460","2","新北市","林口區","121.355","25.065","651"
"213","396150","20220930132000","208","1","桃園市","龜山區","121.355","25.055","227"
"1428","396151","20220930132000","1452","0","新北市","林口區","121.370","25.065","1539"
"2682","396157","20220930132000","2857","0","臺北市","內湖區","121.620","25.070","2668"
"3023","396158","20220930132000","3059","0","臺北市","內湖區","121.595","25.080","2959"
"240","396159","20220930132000","356","0","臺北市","內湖區","121.600","25.080","236"
"40","396164","20220930132000","57","0","臺北市","北投區","121.505","25.150","38"
"423","396165","20220930132000","258","3","臺北市","北投區","121.505","25.125","451"
"924","396166","20220930132000","563","3","臺北市","北投區","121.510","25.125","887"
"1086","396168","20220930132000","971","1","臺北市","北投區","121.505","25.130","1339"
"20","396169","20220930132000","40","0","臺北市","北投區","121.510","25.130","18"
"226","396170","20220930132000","197","1","臺北市","北投區","121.515","25.130","228"
"278","396172","20220930132000","302","0","臺北市","北投區","121.510","25.105","284"
"432","396173","20220930132000","409","1","臺北市","北投區","121.505","25.110","398"
"2072","396175","20220930132000","2149","0","臺北市","南港區","121.595","25.055","2105"
"1193","396176","20220930132000","1726","0","臺北市","南港區","121.600","25.050","1189"
"1099","396177","20220930132000","1420","0","臺北市","南港區","121.590","25.055","1113"
"3456","396178","20220930132000","3381","1","臺北市","內湖區","121.595","25.060","3521"
"691","396179","20220930132000","716","0","臺北市","內湖區","121.600","25.060","647"
"53","396189","20220930132000","36","2","新北市","雙溪區","121.880","25.060","62"
"12","396211","20220930132000","38","0","新北市","瑞芳區","121.830","25.070","10"
"40","396219","20220930132000","50","0","新北市","雙溪區","121.850","25.075","36"
"2161","396233","20220930132000","2365","0","桃園市","龜山區","121.360","25.060","2242"
"1398","396237","20220930132000","1333","1","臺北市","士林區","121.545","25.100","1387"
"1115","396238","20220930132000","1083","1","臺北市","士林區","121.550","25.100","1087"
"120","396243","20220930132000","118","1","臺北市","士林區","121.560","25.105","110"
"1680","396246","20220930132000","1604","1","臺北市","士林區","121.535","25.105","1603"
"59","396247","20220930132000","100","0","臺北市","士林區","121.545","25.110","51"
"870","396248","20220930132000","1031","0","臺北市","士林區","121.535","25.110","959"
"59","396249","20220930132000","65","0","臺北市","士林區","121.550","25.115","43"
"24","396253","20220930132000","23","1","臺北市","士林區","121.570","25.135","27"
"230","396255","20220930132000","174","2","臺北市","士林區","121.560","25.140","211"
"53","396258","20220930132000","63","0","臺北市","士林區","121.555","25.145","56"
"150","396259","20220930132000","186","0","臺北市","士林區","121.560","25.145","169"
"304","396260","20220930132000","414","0","臺北市","士林區","121.565","25.145","276"
"187","396262","20220930132000","208","0","臺北市","士林區","121.555","25.150","209"
"91","396263","20220930132000","124","0","臺北市","士林區","121.560","25.150","96"
"1843","396266","20220930132000","2123","0","臺北市","士林區","121.510","25.085","1812"
"2382","396267","20220930132000","3116","0","臺北市","北投區","121.520","25.110","2371"
"3388","396268","20220930132000","3119","1","臺北市","北投區","121.520","25.115","3440"
"1192","396269","20220930132000","1300","0","臺北市","北投區","121.520","25.105","1207"
"1505","396270","20220930132000","1918","0","臺北市","士林區","121.525","25.100","1530"
"24","396271","20220930132000","29","0","臺北市","士林區","121.545","25.130","24"
"4095","396273","20220930132000","3693","1","臺北市","士林區","121.540","25.135","4041"
"340","396274","20220930132000","375","0","臺北市","士林區","121.545","25.135","341"
"2630","396276","20220930132000","2151","2","臺北市","士林區","121.545","25.140","2660"
"12","396277","20220930132000","17","0","臺北市","士林區","121.550","25.140","13"
"195","396278","20220930132000","133","2","臺北市","士林區","121.550","25.145","205"
"1600","396280","20220930132000","961","3","臺北市","士林區","121.530","25.100","1608"
"663","396281","20220930132000","937","0","臺北市","士林區","121.535","25.100","659"
"2230","396282","20220930132000","1826","2","臺北市","士林區","121.530","25.085","2242"
"94","396283","20220930132000","80","1","臺北市","士林區","121.530","25.090","89"
"1530","396285","20220930132000","1995","0","臺北市","士林區","121.530","25.095","1503"
"595","396286","20220930132000","576","1","臺北市","士林區","121.535","25.095","609"
"1462","396289","20220930132000","1370","1","臺北市","士林區","121.520","25.080","1415"
"3088","396290","20220930132000","2665","1","臺北市","士林區","121.525","25.085","2984"
"268","396294","20220930132000","372","0","臺北市","士林區","121.565","25.105","263"
"8485","396296","20220930132000","7313","1","臺北市","內湖區","121.575","25.075","8708"
"905","396297","20220930132000","683","2","臺北市","內湖區","121.575","25.085","916"
"911","396299","20220930132000","843","1","臺北市","北投區","121.495","25.145","902"
"5791","396301","20220930132000","5623","1","臺北市","士林區","121.525","25.115","5492"
"3727","396302","20220930132000","3797","0","臺北市","內湖區","121.575","25.055","3743"
"2799","396303","20220930132000","3328","0","臺北市","內湖區","121.575","25.060","2889"
"2726","396304","20220930132000","2308","1","臺北市","內湖區","121.585","25.055","2629"
"2656","396305","20220930132000","2448","1","臺北市","內湖區","121.580","25.065","2434"
"1387","396306","20220930132000","1394","0","臺北市","內湖區","121.575","25.065","1305"
"2653","396307","20220930132000","2730","0","臺北市","內湖區","121.575","25.070","2575"
"1869","396308","20220930132000","1623","1","臺北市","內湖區","121.585","25.065","1836"
"3851","396309","20220930132000","3995","0","臺北市","中山區","121.570","25.075","3876"
"3554","396310","20220930132000","3342","1","臺北市","內湖區","121.580","25.070","3530"
"66","396311","20220930132000","57","1","臺北市","內湖區","121.585","25.080","70"
"1967","396312","20220930132000","2738","0","臺北市","內湖區","121.590","25.080","1898"
"555","396313","20220930132000","643","0","臺北市","內湖區","121.585","25.085","563"
"552","396314","20220930132000","480","1","臺北市","內湖區","121.595","25.065","504"
"798","396315","20220930132000","878","0","臺北市","內湖區","121.600","25.065","733"
"2788","396316","20220930132000","3827","0","臺北市","內湖區","121.595","25.070","2870"
"1112","396317","20220930132000","1013","1","臺北市","內湖區","121.600","25.070","1128"
"195","396318","20220930132000","150","2","桃園市","大園區","121.200","25.060","166"
"312","396320","20220930132000","230","2","桃園市","大園區","121.200","25.065","348"
"341","396322","20220930132000","338","1","桃園市","大園區","121.200","25.070","369"
"84","396333","20220930132000","183","0","桃園市","大園區","121.230","25.095","84"
"249","396335","20220930132000","189","2","桃園市","大園區","121.210","25.100","277"
"235","396349","20220930132000","224","1","桃園市","大園區","121.230","25.110","233"
"1014","396355","20220930132000","1258","0","臺北市","北投區","121.505","25.120","1128"
"2122","396356","20220930132000","1915","1","臺北市","北投區","121.510","25.120","2147"
"480","396357","20220930132000","522","0","臺北市","北投區","121.510","25.135","471"
"604","396358","20220930132000","448","2","臺北市","北投區","121.515","25.135","681"
"303","396360","20220930132000","198","3","臺北市","北投區","121.510","25.140","310"
"134","396361","20220930132000","468","0","臺北市","北投區","121.515","25.140","133"
"332","396363","20220930132000","373","0","臺北市","北投區","121.525","25.145","355"
"962","396366","20220930132000","1038","0","臺北市","北投區","121.485","25.135","961"
"1130","396368","20220930132000","909","2","臺北市","北投區","121.485","25.140","1124"
"4434","396370","20220930132000","4755","0","臺北市","士林區","121.525","25.105","4367"
"3499","396371","20220930132000","3722","0","臺北市","士林區","121.530","25.105","3411"
"2915","396372","20220930132000","3138","0","臺北市","北投區","121.515","25.110","2893"
"1745","396373","20220930132000","1835","0","臺北市","士林區","121.520","25.100","1657"
"1072","396376","20220930132000","1485","0","臺北市","士林區","121.530","25.125","1022"
"302","396377","20220930132000","392","0","臺北市","北投區","121.525","25.130","287"
"589","396378","20220930132000","542","1","臺北市","北投區","121.530","25.130","605"
"20","396380","20220930132000","14","2","臺北市","士林區","121.530","25.135","12"
"3127","396382","20220930132000","3317","0","臺北市","北投區","121.515","25.115","3067"
"1233","396383","20220930132000","1642","0","臺北市","北投區","121.515","25.120","1259"
"2861","396384","20220930132000","3272","0","臺北市","北投區","121.520","25.120","2713"
"3252","396385","20220930132000","3005","1","臺北市","北投區","121.525","25.120","3191"
"995","396395","20220930132000","1171","0","臺北市","松山區","121.545","25.070","975"
"792","396397","20220930132000","359","3","臺北市","中山區","121.540","25.065","856"
"746","396398","20220930132000","602","2","臺北市","中山區","121.535","25.075","818"
"530","396399","20220930132000","309","3","臺北市","松山區","121.550","25.075","531"
"4599","396400","20220930132000","5159","0","臺北市","中山區","121.545","25.080","4611"
"1878","396401","20220930132000","1586","1","臺北市","中山區","121.545","25.085","2110"
"1018","396404","20220930132000","895","1","臺北市","北投區","121.495","25.140","1092"
"593","396405","20220930132000","1507","0","臺北市","北投區","121.515","25.105","587"
"6711","396406","20220930132000","8243","0","臺北市","中山區","121.525","25.065","6763"
"3453","396407","20220930132000","4068","0","臺北市","士林區","121.535","25.115","3461"
"1792","396408","20220930132000","2648","0","臺北市","士林區","121.525","25.090","1714"
"624","396409","20220930132000","540","1","臺北市","士林區","121.560","25.115","688"
"340","396410","20220930132000","485","0","臺北市","士林區","121.560","25.120","327"
"103","396412","20220930132000","91","1","臺北市","士林區","121.560","25.125","103"
"162","396416","20220930132000","233","0","臺北市","士林區","121.560","25.135","148"
"3643","396417","20220930132000","4713","0","臺北市","士林區","121.520","25.085","3716"
"2342","396418","20220930132000","2927","0","臺北市","內湖區","121.580","25.080","2378"
"957","396419","20220930132000","979","0","臺北市","內湖區","121.580","25.085","954"
"308","396422","20220930132000","494","0","桃園市","大園區","121.240","25.065","346"
"60","396424","20220930132000","82","0","桃園市","大園區","121.250","25.065","44"
"46","396433","20220930132000","205","0","桃園市","大園區","121.255","25.070","41"
"628","396435","20220930132000","625","1","桃園市","大園區","121.185","25.070","677"
"778","396436","20220930132000","666","1","桃園市","大園區","121.190","25.070","737"
"1378","396438","20220930132000","948","2","桃園市","大園區","121.175","25.075","1300"
"795","396439","20220930132000","875","0","桃園市","大園區","121.180","25.075","813"
"1298","396440","20220930132000","1099","1","桃園市","大園區","121.185","25.075","1266"
"149","396443","20220930132000","154","0","桃園市","大園區","121.180","25.080","139"
"261","396447","20220930132000","236","1","桃園市","大園區","121.185","25.085","278"
"413","396462","20220930132000","318","2","桃園市","大園區","121.160","25.075","398"
"371","396471","20220930132000","237","3","桃園市","大園區","121.165","25.060","389"
"359","396472","20220930132000","411","0","桃園市","大園區","121.170","25.060","362"
"970","396473","20220930132000","917","1","桃園市","大園區","121.175","25.060","956"
"877","396496","20220930132000","653","2","桃園市","大園區","121.210","25.060","925"
"876","396505","20220930132000","503","3","桃園市","大園區","121.220","25.070","844"
"3299","396517","20220930132000","2119","3","桃園市","大園區","121.230","25.075","3077"
"345","396518","20220930132000","377","0","桃園市","大園區","121.235","25.075","282"
"1406","396524","20220930132000","1092","2","桃園市","大園區","121.235","25.080","1276"
"1112","396531","20220930132000","903","2","桃園市","大園區","121.240","25.085","1095"
"1040","396532","20220930132000","724","2","桃園市","大園區","121.245","25.085","1042"
"720","396533","20220930132000","735","0","桃園市","大園區","121.250","25.085","754"
"1786","396537","20220930132000","1027","3","桃園市","大園區","121.245","25.090","1758"
"469","396541","20220930132000","379","2","桃園市","大園區","121.240","25.100","488"
"1914","396542","20220930132000","1669","1","桃園市","大園區","121.195","25.065","1904"
"1968","396543","20220930132000","1823","1","桃園市","大園區","121.195","25.070","1953"
"124","396549","20220930132000","226","0","桃園市","大園區","121.235","25.065","115"
"276","396555","20220930132000","342","0","桃園市","大園區","121.200","25.085","281"
"395","396560","20220930132000","272","2","桃園市","大園區","121.225","25.090","345"
"4983","396561","20220930132000","5818","0","臺北市","士林區","121.520","25.095","4929"
"1640","396562","20220930132000","1337","2","臺北市","南港區","121.600","25.055","1484"
"5062","396563","20220930132000","6416","0","臺北市","南港區","121.605","25.055","5115"
"35","396564","20220930132000","43","0","臺北市","內湖區","121.615","25.080","35"
"1057","396567","20220930132000","1319","0","臺北市","內湖區","121.615","25.070","1061"
"2656","396568","20220930132000","2939","0","臺北市","內湖區","121.590","25.065","2647"
"543","396569","20220930132000","562","0","臺北市","內湖區","121.585","25.070","505"
"2090","396570","20220930132000","1605","2","臺北市","內湖區","121.590","25.070","2115"
"252","396571","20220930132000","300","0","臺北市","北投區","121.500","25.145","221"
"446","396572","20220930132000","494","0","臺北市","內湖區","121.620","25.075","423"
"68","396573","20220930132000","37","3","臺北市","內湖區","121.620","25.080","64"
"161","396574","20220930132000","146","1","新北市","汐止區","121.625","25.080","204"
"81","396576","20220930132000","84","0","臺北市","內湖區","121.625","25.085","72"
"10","396581","20220930132000","10","1","臺北市","內湖區","121.625","25.095","10"
"23","396587","20220930132000","52","0","臺北市","內湖區","121.610","25.100","21"
"725","396590","20220930132000","804","0","臺北市","內湖區","121.610","25.065","734"
"488","396592","20220930132000","620","0","臺北市","內湖區","121.605","25.085","489"
"657","396594","20220930132000","713","0","臺北市","內湖區","121.600","25.090","646"
"2413","396603","20220930132000","3052","0","臺北市","北投區","121.500","25.130","2603"
"1185","396604","20220930132000","1223","0","新北市","汐止區","121.620","25.055","835"
"2268","396605","20220930132000","2573","0","臺北市","士林區","121.505","25.085","2195"
"605","396606","20220930132000","851","0","臺北市","士林區","121.515","25.085","598"
"623","396607","20220930132000","643","0","臺北市","內湖區","121.590","25.085","609"
"1951","396608","20220930132000","1881","1","臺北市","內湖區","121.595","25.085","1880"
"5626","396609","20220930132000","5121","1","臺北市","內湖區","121.575","25.080","5508"
"6435","396611","20220930132000","7441","0","臺北市","北投區","121.470","25.125","7751"
"498","396612","20220930132000","634","0","臺北市","北投區","121.475","25.125","482"
"1014","396615","20220930132000","1048","0","臺北市","北投區","121.465","25.130","1070"
"912","396616","20220930132000","908","1","臺北市","北投區","121.470","25.130","912"
"87","396617","20220930132000","137","0","臺北市","北投區","121.475","25.130","86"
"2007","396619","20220930132000","2325","0","臺北市","北投區","121.470","25.135","1991"
"29","396620","20220930132000","21","2","臺北市","北投區","121.475","25.135","22"
"22","396621","20220930132000","22","1","臺北市","北投區","121.475","25.140","15"
"1337","396622","20220930132000","1226","1","臺北市","南港區","121.610","25.055","1321"
"1986","396623","20220930132000","1692","1","臺北市","內湖區","121.605","25.065","1867"
"6051","396624","20220930132000","6409","0","臺北市","中山區","121.520","25.060","5953"
"567","396625","20220930132000","808","0","臺北市","中山區","121.530","25.075","427"
"362","396626","20220930132000","476","0","臺北市","內湖區","121.570","25.065","356"
"1388","396628","20220930132000","1407","0","臺北市","松山區","121.550","25.070","1466"
"109","396629","20220930132000","129","0","臺北市","松山區","121.555","25.070","128"
"416","396630","20220930132000","485","0","臺北市","松山區","121.560","25.070","401"
"21","396632","20220930132000","59","0","臺北市","中山區","121.565","25.075","18"
"135","396633","20220930132000","2133","0","臺北市","松山區","121.555","25.055","129"
"3142","396634","20220930132000","5146","0","臺北市","松山區","121.570","25.055","3146"
"2803","396635","20220930132000","2933","0","臺北市","士林區","121.530","25.115","3011"
"26","396636","20220930132000","297","0","臺北市","士林區","121.495","25.095","26"
"1613","396637","20220930132000","1743","0","臺北市","士林區","121.500","25.095","1618"
"272","396639","20220930132000","343","0","臺北市","士林區","121.490","25.100","238"
"101","396643","20220930132000","109","0","臺北市","士林區","121.480","25.110","115"
"432","396644","20220930132000","511","0","臺北市","士林區","121.495","25.110","409"
"7046","396647","20220930132000","7867","0","臺北市","松山區","121.550","25.060","6991"
"3481","396648","20220930132000","4033","0","臺北市","松山區","121.555","25.060","3492"
"905","396649","20220930132000","870","1","臺北市","松山區","121.560","25.065","792"
"1539","396650","20220930132000","1874","0","臺北市","松山區","121.555","25.065","1549"
"1216","396651","20220930132000","1229","0","臺北市","中山區","121.545","25.075","1261"
"68","396655","20220930132000","151","0","臺北市","內湖區","121.605","25.080","53"
"1769","396656","20220930132000","1338","2","臺北市","內湖區","121.600","25.085","1731"
"3941","396657","20220930132000","3974","0","臺北市","松山區","121.550","25.065","4378"
"2615","396658","20220930132000","2704","0","臺北市","松山區","121.545","25.065","2761"
"2821","396659","20220930132000","3580","0","臺北市","松山區","121.565","25.055","2849"
"5006","396660","20220930132000","4418","1","臺北市","松山區","121.560","25.060","4892"
"258","396661","20220930132000","1015","0","臺北市","內湖區","121.570","25.060","255"
"2388","396662","20220930132000","2687","0","臺北市","松山區","121.565","25.060","2360"
"246","396663","20220930132000","237","1","臺北市","中山區","121.560","25.075","220"
"789","396665","20220930132000","758","1","臺北市","松山區","121.570","25.070","777"
"4802","396666","20220930132000","5448","0","臺北市","中山區","121.560","25.080","4721"
"7472","396667","20220930132000","10608","0","臺北市","松山區","121.550","25.055","7359"
"377","396669","20220930132000","507","0","臺北市","士林區","121.535","25.125","372"
"129","396672","20220930132000","115","1","臺北市","士林區","121.535","25.135","68"
"2839","396674","20220930132000","2383","1","臺北市","士林區","121.530","25.120","2965"
"4784","396675","20220930132000","5190","0","臺北市","士林區","121.530","25.110","4704"
"5092","396676","20220930132000","10464","0","臺北市","松山區","121.545","25.055","5115"
"3403","396677","20220930132000","2966","1","臺北市","松山區","121.560","25.055","3266"
"2361","396678","20220930132000","2545","0","臺北市","內湖區","121.580","25.075","2452"
"1720","396680","20220930132000","1928","0","臺北市","內湖區","121.590","25.060","1780"
"1768","396683","20220930132000","1591","1","臺北市","內湖區","121.590","25.090","1824"
"57","396684","20220930132000","14","3","臺北市","內湖區","121.595","25.090","54"
"69","396688","20220930132000","230","0","臺北市","內湖區","121.590","25.100","68"
"120","396690","20220930132000","184","0","臺北市","內湖區","121.580","25.105","131"
"75","396693","20220930132000","139","0","臺北市","內湖區","121.595","25.105","79"
"1895","396701","20220930132000","2891","0","臺北市","北投區","121.495","25.135","1903"
"187","396703","20220930132000","128","2","臺北市","北投區","121.505","25.100","175"
"378","396707","20220930132000","408","0","臺北市","北投區","121.500","25.110","402"
"118","396710","20220930132000","168","0","臺北市","北投區","121.530","25.140","105"
"106","396716","20220930132000","123","0","臺北市","北投區","121.535","25.150","99"
"338","396719","20220930132000","322","1","臺北市","士林區","121.555","25.115","343"
"173","396722","20220930132000","246","0","臺北市","士林區","121.550","25.125","208"
"1618","396727","20220930132000","1770","0","臺北市","士林區","121.510","25.080","1647"
"195","396731","20220930132000","248","0","臺北市","士林區","121.480","25.105","191"
"572","396732","20220930132000","513","1","臺北市","士林區","121.485","25.105","567"
"346","396735","20220930132000","729","0","臺北市","北投區","121.470","25.110","297"
"133","396737","20220930132000","139","0","臺北市","士林區","121.485","25.110","128"
"129","396739","20220930132000","84","3","臺北市","士林區","121.460","25.110","156"
"4106","396740","20220930132000","4072","1","臺北市","大同區","121.515","25.060","4251"
"3151","396741","20220930132000","4248","0","臺北市","中山區","121.520","25.065","3011"
"1263","396742","20220930132000","1378","0","臺北市","內湖區","121.615","25.065","1200"
"2496","396743","20220930132000","2178","1","臺北市","內湖區","121.605","25.070","2620"
"98","396744","20220930132000","314","0","臺北市","內湖區","121.605","25.075","116"
"2352","396745","20220930132000","2335","1","臺北市","內湖區","121.610","25.075","2458"
"519","396746","20220930132000","427","2","臺北市","內湖區","121.585","25.090","521"
"8472","396754","20220930132000","8108","1","臺北市","南港區","121.610","25.060","8106"
"4627","396755","20220930132000","3033","3","臺北市","南港區","121.620","25.060","2732"
"2283","396756","20220930132000","2113","1","臺北市","南港區","121.615","25.060","2269"
"2932","396758","20220930132000","3320","0","臺北市","南港區","121.615","25.055","2902"
"1717","396759","20220930132000","1635","1","臺北市","北投區","121.505","25.145","1833"
"343","396762","20220930132000","596","0","臺北市","北投區","121.465","25.115","343"
"3521","396765","20220930132000","3042","1","臺北市","北投區","121.465","25.120","3186"
"1403","396766","20220930132000","1498","0","臺北市","北投區","121.470","25.120","1422"
"2627","396767","20220930132000","3143","0","臺北市","士林區","121.525","25.095","2584"
"1396","396768","20220930132000","1230","1","臺北市","士林區","121.505","25.090","1471"
"1224","396769","20220930132000","774","3","臺北市","士林區","121.510","25.090","1204"
"618","396771","20220930132000","729","0","新北市","三重區","121.500","25.075","617"
"2764","396773","20220930132000","2925","0","臺北市","內湖區","121.585","25.075","2696"
"1062","396774","20220930132000","991","1","臺北市","內湖區","121.590","25.075","975"
"521","396775","20220930132000","502","1","臺北市","內湖區","121.595","25.075","530"
"606","396776","20220930132000","680","0","臺北市","內湖區","121.600","25.075","573"
"5475","396777","20220930132000","6618","0","臺北市","中山區","121.535","25.060","5776"
"3807","396778","20220930132000","4441","0","臺北市","大同區","121.515","25.070","3701"
"2765","396779","20220930132000","3624","0","臺北市","大同區","121.515","25.065","2852"
"2347","396781","20220930132000","2830","0","臺北市","北投區","121.510","25.110","2385"
"1332","396785","20220930132000","1504","0","臺北市","北投區","121.490","25.145","1399"
"1480","396788","20220930132000","1958","0","臺北市","北投區","121.505","25.115","1633"
"427","396789","20220930132000","548","0","臺北市","北投區","121.515","25.100","467"
"1832","396790","20220930132000","2040","0","臺北市","士林區","121.525","25.110","1881"
"1814","396791","20220930132000","1764","1","臺北市","中山區","121.520","25.070","1678"
"1601","396792","20220930132000","1645","0","臺北市","大同區","121.520","25.075","1596"
"23","396793","20220930132000","778","0","臺北市","士林區","121.515","25.080","17"
"812","396794","20220930132000","844","0","臺北市","內湖區","121.605","25.060","797"
"1449","396798","20220930132000","1270","1","臺北市","內湖區","121.585","25.060","1445"
"2660","396799","20220930132000","3241","0","臺北市","北投區","121.505","25.135","3101"
"63","396802","20220930132000","58","1","臺北市","士林區","121.575","25.120","71"
"22","396803","20220930132000","28","0","臺北市","士林區","121.570","25.125","24"
"211","396804","20220930132000","160","2","臺北市","士林區","121.575","25.125","185"
"53","396806","20220930132000","48","1","臺北市","士林區","121.570","25.130","59"
"136","396807","20220930132000","228","0","臺北市","士林區","121.575","25.130","143"
"23","396809","20220930132000","14","3","臺北市","士林區","121.575","25.135","24"
"38","396812","20220930132000","57","0","臺北市","士林區","121.580","25.140","35"
"607","396819","20220930132000","680","0","臺北市","士林區","121.515","25.090","652"
"3863","396820","20220930132000","3953","0","臺北市","士林區","121.520","25.090","3718"
"3000","396821","20220930132000","3090","0","臺北市","士林區","121.515","25.095","2953"
"2720","396822","20220930132000","2290","1","臺北市","北投區","121.500","25.135","2970"
"2168","396823","20220930132000","1985","1","臺北市","士林區","121.525","25.075","1989"
"591","396824","20220930132000","802","0","臺北市","士林區","121.540","25.110","599"
"557","396826","20220930132000","507","1","臺北市","士林區","121.545","25.115","559"
"234","396828","20220930132000","145","3","臺北市","士林區","121.540","25.125","236"
"537","396831","20220930132000","501","1","臺北市","士林區","121.505","25.095","564"
"917","396832","20220930132000","354","3","臺北市","士林區","121.540","25.095","900"
"1304","396833","20220930132000","1055","2","臺北市","士林區","121.545","25.105","1302"
"292","396834","20220930132000","360","0","臺北市","士林區","121.540","25.105","284"
"127","396839","20220930132000","135","0","臺北市","士林區","121.560","25.110","119"
"71","396841","20220930132000","48","2","臺北市","士林區","121.570","25.110","64"
"128","396848","20220930132000","95","2","臺北市","士林區","121.580","25.115","115"
"50","396852","20220930132000","67","0","臺北市","士林區","121.580","25.120","62"
"91","396853","20220930132000","127","0","臺北市","士林區","121.585","25.120","92"
"417","396856","20220930132000","225","3","新北市","汐止區","121.600","25.120","397"
"2775","396878","20220930132000","2987","0","臺北市","內湖區","121.580","25.055","2644"
"2746","396879","20220930132000","2479","1","臺北市","內湖區","121.580","25.060","2746"
"619","396880","20220930132000","861","0","臺北市","內湖區","121.565","25.090","617"
"9757","396884","20220930132000","10387","0","臺北市","內湖區","121.565","25.080","9889"
"1269","396885","20220930132000","1274","0","臺北市","內湖區","121.560","25.085","1302"
"3159","396886","20220930132000","3059","1","臺北市","內湖區","121.565","25.085","3209"
"330","396888","20220930132000","325","1","臺北市","內湖區","121.560","25.090","313"
"9082","396890","20220930132000","8124","1","臺北市","內湖區","121.570","25.080","8733"
"936","396891","20220930132000","1194","0","臺北市","內湖區","121.570","25.085","947"
"1894","396892","20220930132000","2620","0","臺北市","松山區","121.570","25.050","1825"
"865","396893","20220930132000","962","0","臺北市","松山區","121.565","25.065","877"
"1003","398951","20220930132000","561","3","新北市","八里區","121.390","25.165","928"
"183","398956","20220930132000","211","0","基隆市","安樂區","121.710","25.165","212"
"155","399938","20220930132000","191","0","基隆市","安樂區","121.710","25.175","176"
"65","402902","20220930132000","109","0","新北市","萬里區","121.680","25.200","74"
"903","403910","20220930132000","706","2","新北市","萬里區","121.700","25.210","687"
"191","406949","20220930132000","200","0","新北市","金山區","121.635","25.240","258"
"68","409009","20220930132000","77","0","新北市","金山區","121.635","25.255","77"
"135","409527","20220930132000","160","0","新北市","三芝區","121.475","25.260","130"
"470","413221","20220930132000","690","0","新北市","石門區","121.565","25.290","494"
"33","413222","20220930132000","27","2","新北市","石門區","121.590","25.290","25"
"165","413767","20220930132000","216","0","新北市","石門區","121.580","25.295","137"
"243","414894","20220930132000","55","3","基隆市","中正區","121.765","25.145","194"
"404","414895","20220930132000","417","0","基隆市","中正區","121.770","25.155","379"
"560","414896","20220930132000","600","0","基隆市","中正區","121.765","25.155","562"
"468","414897","20220930132000","271","3","基隆市","中正區","121.765","25.160","462"
"795","414900","20220930132000","904","0","基隆市","中正區","121.780","25.145","767"
"1148","414901","20220930132000","1278","0","基隆市","中正區","121.775","25.150","1274"
"77","414906","20220930132000","65","1","基隆市","安樂區","121.695","25.150","58"
"564","414907","20220930132000","534","1","基隆市","安樂區","121.700","25.150","579"
"629","414909","20220930132000","679","0","基隆市","安樂區","121.695","25.155","709"
"217","414910","20220930132000","220","0","基隆市","安樂區","121.700","25.155","231"
"183","414912","20220930132000","88","3","基隆市","安樂區","121.695","25.160","145"
"32","414913","20220930132000","135","0","基隆市","安樂區","121.700","25.160","28"
"322","414921","20220930132000","277","1","基隆市","中山區","121.750","25.145","309"
"730","414923","20220930132000","694","1","基隆市","中山區","121.720","25.150","700"
"421","414929","20220930132000","289","2","基隆市","中山區","121.745","25.150","372"
"658","414936","20220930132000","927","0","新北市","三芝區","121.495","25.250","755"
"143","414948","20220930132000","271","0","新北市","三芝區","121.490","25.270","203"
"590","414949","20220930132000","491","2","基隆市","中山區","121.740","25.150","621"
"334","414951","20220930132000","410","0","基隆市","中山區","121.740","25.155","331"
"203","414985","20220930132000","414","0","新北市","三芝區","121.510","25.215","198"
"158","415028","20220930132000","146","1","新北市","三芝區","121.530","25.230","144"
"1342","415040","20220930132000","1327","1","新北市","三芝區","121.505","25.255","1400"
"396","415041","20220930132000","509","0","新北市","三芝區","121.505","25.260","416"
"22","415042","20220930132000","22","1","新北市","三芝區","121.505","25.245","36"
"2105","415044","20220930132000","1970","1","新北市","三芝區","121.500","25.255","2032"
"17","415049","20220930132000","87","0","新北市","三芝區","121.540","25.190","12"
"359","415063","20220930132000","178","3","新北市","三芝區","121.505","25.205","332"
"1665","415070","20220930132000","2082","0","基隆市","中正區","121.770","25.150","1670"
"16","415072","20220930132000","17","0","基隆市","中山區","121.730","25.150","11"
"154","415078","20220930132000","159","0","新北市","三芝區","121.465","25.240","179"
"370","415083","20220930132000","334","1","新北市","三芝區","121.455","25.245","397"
"86","415087","20220930132000","93","0","新北市","三芝區","121.475","25.245","79"
"226","415093","20220930132000","288","0","新北市","三芝區","121.465","25.250","285"
"461","415100","20220930132000","492","0","新北市","三芝區","121.475","25.250","540"
"61","415103","20220930132000","74","0","新北市","三芝區","121.505","25.265","59"
"1638","415124","20220930132000","677","3","新北市","三芝區","121.535","25.245","1809"
"116","415149","20220930132000","102","1","新北市","三芝區","121.520","25.225","111"
"49","415157","20220930132000","32","3","新北市","三芝區","121.520","25.185","41"
"79","415158","20220930132000","93","0","新北市","三芝區","121.525","25.185","61"
"327","415181","20220930132000","279","1","新北市","三芝區","121.500","25.210","357"
"90","415188","20220930132000","173","0","新北市","三芝區","121.510","25.255","126"
"171","415196","20220930132000","178","0","新北市","三芝區","121.495","25.235","193"
"31","415202","20220930132000","24","2","新北市","三芝區","121.490","25.245","41"
"157","415205","20220930132000","184","0","新北市","三芝區","121.495","25.245","225"
"384","415211","20220930132000","385","0","基隆市","中山區","121.735","25.150","401"
"333","415212","20220930132000","148","3","基隆市","中山區","121.730","25.155","330"
"760","415214","20220930132000","872","0","基隆市","中正區","121.785","25.145","790"
"232","415224","20220930132000","371","0","新北市","八里區","121.415","25.155","263"
"1315","415226","20220930132000","1278","1","新北市","八里區","121.415","25.160","1332"
"903","415229","20220930132000","1046","0","新北市","八里區","121.420","25.160","950"
"188","415237","20220930132000","112","3","新北市","八里區","121.440","25.155","148"
"463","415239","20220930132000","449","1","新北市","八里區","121.430","25.155","426"
"203","415242","20220930132000","345","0","新北市","八里區","121.430","25.160","273"
"577","415250","20220930132000","661","0","新北市","八里區","121.395","25.160","650"
"379","415252","20220930132000","368","1","新北市","八里區","121.405","25.155","378"
"263","415257","20220930132000","289","0","新北市","萬里區","121.675","25.180","278"
"678","415264","20220930132000","373","3","新北市","萬里區","121.640","25.210","532"
"205","415286","20220930132000","177","1","新北市","萬里區","121.665","25.160","189"
"139","415301","20220930132000","62","3","新北市","萬里區","121.625","25.150","63"
"11","415332","20220930132000","15","0","新北市","萬里區","121.615","25.190","15"
"89","415357","20220930132000","103","0","新北市","萬里區","121.620","25.200","95"
"322","415363","20220930132000","487","0","新北市","萬里區","121.650","25.200","270"
"946","415369","20220930132000","890","1","新北市","萬里區","121.690","25.175","913"
"1030","415372","20220930132000","756","2","新北市","萬里區","121.690","25.180","1017"
"2162","415375","20220930132000","1767","2","新北市","淡水區","121.440","25.175","1996"
"261","415378","20220930132000","322","0","新北市","淡水區","121.450","25.160","253"
"831","415379","20220930132000","715","1","新北市","淡水區","121.455","25.160","863"
"328","415380","20220930132000","390","0","新北市","淡水區","121.460","25.160","293"
"871","415383","20220930132000","726","1","新北市","淡水區","121.450","25.165","877"
"25","415388","20220930132000","178","0","新北市","淡水區","121.445","25.200","20"
"58","415391","20220930132000","41","2","新北市","淡水區","121.430","25.205","64"
"76","415394","20220930132000","124","0","新北市","淡水區","121.445","25.205","62"
"296","415395","20220930132000","355","0","新北市","淡水區","121.450","25.205","309"
"375","415396","20220930132000","265","2","新北市","淡水區","121.455","25.205","376"
"137","415398","20220930132000","98","2","新北市","淡水區","121.440","25.210","122"
"306","415408","20220930132000","387","0","新北市","淡水區","121.460","25.215","312"
"39","415409","20220930132000","38","1","新北市","淡水區","121.465","25.215","47"
"17","415410","20220930132000","24","0","新北市","淡水區","121.440","25.220","45"
"380","415412","20220930132000","335","1","新北市","淡水區","121.450","25.220","363"
"70","415437","20220930132000","155","0","新北市","石門區","121.580","25.245","56"
"316","415462","20220930132000","90","3","新北市","石門區","121.530","25.285","278"
"239","415465","20220930132000","327","0","新北市","石門區","121.535","25.290","195"
"530","415468","20220930132000","635","0","新北市","石門區","121.540","25.290","414"
"140","415521","20220930132000","175","0","新北市","石門區","121.550","25.285","114"
"123","415532","20220930132000","265","0","新北市","石門區","121.515","25.275","162"
"35","415541","20220930132000","33","1","新北市","石門區","121.515","25.285","35"
"292","415546","20220930132000","121","3","新北市","石門區","121.570","25.255","267"
"156","415568","20220930132000","215","0","新北市","石門區","121.550","25.255","153"
"60","415594","20220930132000","87","0","新北市","石門區","121.595","25.270","39"
"75","415595","20220930132000","101","0","新北市","石門區","121.590","25.275","117"
"389","415599","20220930132000","328","1","新北市","石門區","121.590","25.285","461"
"37","415623","20220930132000","45","0","新北市","石門區","121.600","25.280","29"
"111","415625","20220930132000","188","0","新北市","石門區","121.610","25.280","122"
"85","415630","20220930132000","66","2","新北市","萬里區","121.685","25.165","50"
"236","415649","20220930132000","132","3","新北市","萬里區","121.655","25.200","244"
"841","415654","20220930132000","862","0","新北市","萬里區","121.690","25.200","1116"
"80","415655","20220930132000","86","0","新北市","萬里區","121.655","25.205","70"
"259","415656","20220930132000","233","1","新北市","萬里區","121.660","25.205","287"
"259","415657","20220930132000","237","1","新北市","萬里區","121.690","25.205","247"
"37","415664","20220930132000","24","3","新北市","淡水區","121.465","25.175","36"
"182","415674","20220930132000","268","0","新北市","淡水區","121.520","25.175","187"
"42","415676","20220930132000","50","0","新北市","淡水區","121.480","25.180","48"
"112","415677","20220930132000","83","2","新北市","淡水區","121.485","25.180","96"
"175","415685","20220930132000","120","2","新北市","淡水區","121.470","25.185","171"
"77","415687","20220930132000","90","0","新北市","淡水區","121.480","25.185","81"
"397","415688","20220930132000","543","0","新北市","淡水區","121.485","25.185","431"
"181","415696","20220930132000","146","2","新北市","淡水區","121.475","25.190","149"
"159","415697","20220930132000","97","3","新北市","淡水區","121.490","25.190","164"
"30","415699","20220930132000","24","2","新北市","淡水區","121.500","25.190","33"
"575","415701","20220930132000","894","0","新北市","淡水區","121.440","25.180","468"
"200","415706","20220930132000","208","0","新北市","淡水區","121.485","25.165","169"
"77","415713","20220930132000","67","1","新北市","淡水區","121.485","25.170","64"
"102","415717","20220930132000","125","0","新北市","淡水區","121.485","25.175","113"
"83","415718","20220930132000","612","0","新北市","淡水區","121.415","25.180","59"
"113","415720","20220930132000","90","2","新北市","淡水區","121.410","25.185","96"
"1334","415722","20220930132000","1000","2","新北市","淡水區","121.420","25.185","1305"
"776","415723","20220930132000","840","0","新北市","淡水區","121.425","25.185","831"
"773","415724","20220930132000","921","0","新北市","淡水區","121.430","25.185","746"
"381","415730","20220930132000","327","1","新北市","淡水區","121.430","25.190","417"
"59","415731","20220930132000","33","3","新北市","淡水區","121.420","25.195","56"
"823","415732","20220930132000","596","2","新北市","淡水區","121.425","25.195","813"
"555","415734","20220930132000","592","0","新北市","淡水區","121.420","25.175","580"
"118","415735","20220930132000","81","2","新北市","淡水區","121.425","25.175","90"
"220","415737","20220930132000","144","3","新北市","淡水區","121.430","25.180","199"
"29","415738","20220930132000","28","1","新北市","淡水區","121.475","25.210","30"
"44","415743","20220930132000","28","3","新北市","淡水區","121.475","25.215","27"
"51","415744","20220930132000","30","3","新北市","淡水區","121.480","25.215","48"
"137","415745","20220930132000","264","0","新北市","淡水區","121.485","25.215","155"
"37","415753","20220930132000","108","0","新北市","淡水區","121.445","25.225","38"
"213","415754","20220930132000","384","0","新北市","淡水區","121.450","25.225","189"
"104","415755","20220930132000","132","0","新北市","淡水區","121.455","25.225","92"
"78","415761","20220930132000","81","0","新北市","淡水區","121.445","25.230","57"
"127","415762","20220930132000","101","2","新北市","淡水區","121.450","25.230","131"
"183","415775","20220930132000","199","0","新北市","萬里區","121.635","25.165","191"
"197","415799","20220930132000","76","3","新北市","萬里區","121.650","25.175","138"
"471","415830","20220930132000","376","2","新北市","萬里區","121.685","25.190","509"
"163","415832","20220930132000","135","2","新北市","萬里區","121.680","25.195","155"
"463","415838","20220930132000","480","0","新北市","淡水區","121.430","25.175","593"
"1623","415839","20220930132000","1860","0","新北市","淡水區","121.435","25.175","1602"
"1144","415840","20220930132000","1422","0","新北市","淡水區","121.435","25.180","1200"
"815","415841","20220930132000","1003","0","新北市","淡水區","121.435","25.170","821"
"244","415852","20220930132000","186","2","新北市","三芝區","121.480","25.235","262"
"2642","415853","20220930132000","2546","1","新北市","淡水區","121.445","25.175","2764"
"4438","415854","20220930132000","5473","0","新北市","淡水區","121.450","25.175","4198"
"2002","415857","20220930132000","1963","1","新北市","淡水區","121.460","25.155","1922"
"802","415860","20220930132000","805","0","新北市","淡水區","121.455","25.155","925"
"335","415861","20220930132000","549","0","新北市","淡水區","121.465","25.160","307"
"11","415863","20220930132000","29","0","新北市","淡水區","121.470","25.155","10"
"338","415870","20220930132000","145","3","新北市","金山區","121.615","25.240","315"
"105","415905","20220930132000","65","3","新北市","金山區","121.590","25.235","95"
"1184","415910","20220930132000","1558","0","新北市","淡水區","121.445","25.180","1174"
"1508","415911","20220930132000","1694","0","新北市","淡水區","121.450","25.180","1467"
"46","415912","20220930132000","123","0","新北市","淡水區","121.455","25.180","43"
"777","415916","20220930132000","1128","0","新北市","淡水區","121.445","25.185","749"
"28","415918","20220930132000","21","2","新北市","淡水區","121.455","25.185","29"
"1110","415921","20220930132000","1139","0","新北市","淡水區","121.455","25.175","1072"
"2799","415922","20220930132000","3126","0","新北市","淡水區","121.440","25.170","2797"
"201","415924","20220930132000","214","0","新北市","淡水區","121.485","25.155","186"
"233","415927","20220930132000","338","0","新北市","淡水區","121.485","25.160","298"
"166","415931","20220930132000","199","0","新北市","淡水區","121.470","25.165","165"
"403","415932","20220930132000","436","0","新北市","淡水區","121.440","25.190","394"
"1376","415933","20220930132000","1515","0","新北市","淡水區","121.445","25.190","1469"
"347","415936","20220930132000","439","0","新北市","淡水區","121.460","25.190","340"
"1031","415942","20220930132000","1325","0","新北市","淡水區","121.450","25.200","1034"
"396","415944","20220930132000","381","1","新北市","淡水區","121.460","25.200","353"
"533","415946","20220930132000","635","0","新北市","淡水區","121.420","25.180","557"
"1543","415947","20220930132000","1587","0","新北市","淡水區","121.450","25.170","1760"
"452","415948","20220930132000","664","0","新北市","淡水區","121.455","25.170","427"
"325","415951","20220930132000","347","0","新北市","淡水區","121.455","25.235","336"
"678","415961","20220930132000","606","1","新北市","淡水區","121.435","25.185","677"
"188","415962","20220930132000","280","0","新北市","淡水區","121.440","25.185","230"
"1243","415963","20220930132000","1108","1","新北市","淡水區","121.435","25.190","1340"
"604","415964","20220930132000","433","2","新北市","淡水區","121.430","25.195","622"
"373","415968","20220930132000","287","2","新北市","淡水區","121.430","25.200","365"
"1452","415969","20220930132000","1402","1","新北市","淡水區","121.435","25.200","1290"
"242","415971","20220930132000","213","1","新北市","淡水區","121.425","25.205","246"
"53","415972","20220930132000","39","2","新北市","淡水區","121.435","25.205","44"
"156","415975","20220930132000","452","0","新北市","淡水區","121.445","25.170","145"
"35","415977","20220930132000","33","1","新北市","淡水區","121.485","25.190","32"
"39","415979","20220930132000","94","0","新北市","淡水區","121.470","25.195","36"
"138","415984","20220930132000","174","0","新北市","淡水區","121.470","25.200","155"
"154","415986","20220930132000","145","1","新北市","淡水區","121.480","25.200","151"
"1350","416009","20220930132000","1916","0","新北市","金山區","121.640","25.220","1268"
"45","416022","20220930132000","52","0","新北市","金山區","121.625","25.270","38"
"418","416030","20220930132000","476","0","新北市","金山區","121.640","25.225","406"
"334","416031","20220930132000","429","0","新北市","金山區","121.645","25.225","302"
"224","416033","20220930132000","187","1","新北市","金山區","121.645","25.230","246"
"81","416038","20220930132000","79","1","臺北市","北投區","121.500","25.155","80"
"316","416050","20220930132000","348","0","新北市","金山區","121.630","25.225","355"
"279","416051","20220930132000","249","1","新北市","金山區","121.635","25.225","276"
"188","416060","20220930132000","173","1","新北市","金山區","121.615","25.245","206"
"109","416062","20220930132000","102","1","新北市","金山區","121.605","25.245","128"
"55","416063","20220930132000","54","1","新北市","金山區","121.610","25.245","49"
"18","416066","20220930132000","34","0","新北市","金山區","121.605","25.250","15"
"47","416067","20220930132000","46","1","新北市","金山區","121.610","25.250","30"
"194","416122","20220930132000","166","1","新北市","金山區","121.595","25.200","176"
"473","416123","20220930132000","242","3","新北市","金山區","121.600","25.200","508"
"174","416146","20220930132000","164","1","新北市","金山區","121.600","25.215","153"
"616","416155","20220930132000","729","0","新北市","金山區","121.630","25.220","597"
"990","416156","20220930132000","618","3","新北市","金山區","121.635","25.220","925"
"71","416160","20220930132000","89","0","臺北市","士林區","121.555","25.155","115"
"45","416162","20220930132000","34","2","臺北市","士林區","121.565","25.155","58"
"149","416168","20220930132000","130","1","臺北市","士林區","121.575","25.165","124"
"63","416182","20220930132000","106","0","臺北市","士林區","121.570","25.190","49"
"82","416192","20220930132000","80","1","臺北市","北投區","121.530","25.155","74"
"2340","416202","20220930132000","2695","0","新北市","淡水區","121.445","25.165","2311"
"286","416204","20220930132000","241","1","臺北市","北投區","121.540","25.155","282"
"354","416205","20220930132000","397","0","臺北市","北投區","121.545","25.150","348"
"22","416209","20220930132000","91","0","臺北市","北投區","121.545","25.155","19"
"23","416212","20220930132000","37","0","臺北市","北投區","121.540","25.160","22"
"61","416213","20220930132000","79","0","臺北市","北投區","121.545","25.160","66"
"378","416221","20220930132000","222","3","臺北市","北投區","121.540","25.165","320"
"481","416225","20220930132000","282","3","臺北市","北投區","121.560","25.165","485"
"266","416236","20220930132000","639","0","臺北市","北投區","121.535","25.175","273"
"168","416246","20220930132000","218","0","臺北市","北投區","121.545","25.180","156"
"169","416251","20220930132000","248","0","臺北市","北投區","121.535","25.185","157"
"45","416275","20220930132000","101","0","臺北市","北投區","121.490","25.155","47"
"11","616904","20220930132000","23","0","金門縣","金城鎮","118.320","24.390","15"
"16","617429","20220930132000","234","0","金門縣","金城鎮","118.305","24.400","20"
"1234","617430","20220930132000","949","2","金門縣","金城鎮","118.310","24.400","1180"
"386","617700","20220930132000","327","1","金門縣","金城鎮","118.305","24.405","373"
"296","617704","20220930132000","231","2","金門縣","金城鎮","118.325","24.405","310"
"29","617966","20220930132000","23","2","金門縣","烈嶼鄉","118.225","24.405","22"
"69","617974","20220930132000","71","0","金門縣","金城鎮","118.290","24.405","56"
"207","617990","20220930132000","167","2","金門縣","金湖鎮","118.430","24.410","208"
"281","618255","20220930132000","223","2","金門縣","金城鎮","118.285","24.410","308"
"136","618257","20220930132000","222","0","金門縣","金城鎮","118.295","24.410","113"
"120","618258","20220930132000","158","0","金門縣","金城鎮","118.300","24.410","117"
"54","618259","20220930132000","30","3","金門縣","金城鎮","118.305","24.410","59"
"52","618260","20220930132000","55","0","金門縣","金城鎮","118.310","24.410","54"
"190","618263","20220930132000","161","1","金門縣","金城鎮","118.325","24.410","164"
"665","618264","20220930132000","509","2","金門縣","金城鎮","118.330","24.410","664"
"194","618266","20220930132000","160","2","金門縣","金城鎮","118.335","24.410","185"
"371","618273","20220930132000","328","1","金門縣","金湖鎮","118.435","24.415","337"
"598","618274","20220930132000","558","1","金門縣","金湖鎮","118.440","24.415","567"
"49","618530","20220930132000","289","0","金門縣","烈嶼鄉","118.230","24.415","66"
"385","618532","20220930132000","578","0","金門縣","烈嶼鄉","118.240","24.415","396"
"299","618541","20220930132000","297","1","金門縣","金城鎮","118.290","24.415","286"
"521","618545","20220930132000","601","0","金門縣","金城鎮","118.310","24.415","512"
"610","618547","20220930132000","689","0","金門縣","金城鎮","118.315","24.415","589"
"277","618552","20220930132000","145","3","金門縣","金寧鄉","118.340","24.415","270"
"174","618560","20220930132000","164","1","金門縣","金湖鎮","118.440","24.420","156"
"550","618813","20220930132000","469","1","金門縣","烈嶼鄉","118.220","24.420","584"
"57","618818","20220930132000","25","3","金門縣","烈嶼鄉","118.245","24.420","62"
"31","618832","20220930132000","815","0","金門縣","金城鎮","118.310","24.420","34"
"127","618833","20220930132000","87","2","金門縣","金城鎮","118.315","24.420","125"
"55","618834","20220930132000","79","0","金門縣","金城鎮","118.320","24.420","54"
"38","618835","20220930132000","34","1","金門縣","金城鎮","118.325","24.420","39"
"166","618836","20220930132000","157","1","金門縣","金寧鄉","118.330","24.420","200"
"35","618838","20220930132000","11","3","金門縣","金寧鄉","118.340","24.420","40"
"311","618851","20220930132000","242","2","金門縣","金湖鎮","118.440","24.425","282"
"1667","619113","20220930132000","1301","2","金門縣","烈嶼鄉","118.245","24.425","1680"
"429","619116","20220930132000","252","3","金門縣","烈嶼鄉","118.260","24.425","466"
"102","619117","20220930132000","93","1","金門縣","烈嶼鄉","118.265","24.425","130"
"45","619126","20220930132000","44","1","金門縣","金城鎮","118.315","24.425","25"
"1543","619127","20220930132000","1290","1","金門縣","金城鎮","118.320","24.425","1562"
"24","619131","20220930132000","204","0","金門縣","金寧鄉","118.340","24.425","19"
"116","619133","20220930132000","155","0","金門縣","金寧鄉","118.350","24.425","122"
"369","619146","20220930132000","398","0","金門縣","金湖鎮","118.430","24.425","357"
"96","619151","20220930132000","93","1","金門縣","金湖鎮","118.455","24.430","92"
"37","619406","20220930132000","64","0","金門縣","烈嶼鄉","118.230","24.430","37"
"12","619412","20220930132000","13","0","金門縣","烈嶼鄉","118.260","24.430","12"
"98","619420","20220930132000","1217","0","金門縣","金城鎮","118.310","24.430","97"
"1060","619421","20220930132000","1514","0","金門縣","金城鎮","118.315","24.430","1038"
"1177","619422","20220930132000","1274","0","金門縣","金城鎮","118.320","24.430","1127"
"168","619424","20220930132000","117","2","金門縣","金寧鄉","118.330","24.430","128"
"909","619426","20220930132000","791","1","金門縣","金寧鄉","118.340","24.430","895"
"102","619430","20220930132000","95","1","金門縣","金寧鄉","118.360","24.430","137"
"347","619440","20220930132000","792","0","金門縣","金湖鎮","118.410","24.430","323"
"384","619442","20220930132000","393","0","金門縣","金湖鎮","118.420","24.430","356"
"341","619709","20220930132000","357","0","金門縣","烈嶼鄉","118.255","24.435","339"
"31","619710","20220930132000","30","1","金門縣","烈嶼鄉","118.260","24.435","27"
"473","619718","20220930132000","472","1","金門縣","金城鎮","118.310","24.435","467"
"3170","619719","20220930132000","3332","0","金門縣","金城鎮","118.315","24.435","3179"
"33","619721","20220930132000","966","0","金門縣","金城鎮","118.325","24.435","24"
"264","619722","20220930132000","330","0","金門縣","金寧鄉","118.330","24.435","265"
"24","619726","20220930132000","78","0","金門縣","金寧鄉","118.350","24.435","51"
"22","619728","20220930132000","34","0","金門縣","金寧鄉","118.360","24.435","30"
"496","619729","20220930132000","462","1","金門縣","金湖鎮","118.365","24.435","534"
"133","619731","20220930132000","94","2","金門縣","金湖鎮","118.375","24.435","136"
"138","619734","20220930132000","184","0","金門縣","金湖鎮","118.390","24.435","202"
"713","619737","20220930132000","1414","0","金門縣","金湖鎮","118.405","24.435","726"
"46","619739","20220930132000","89","0","金門縣","金湖鎮","118.415","24.435","46"
"107","619747","20220930132000","99","1","金門縣","金湖鎮","118.455","24.435","101"
"630","620010","20220930132000","307","3","金門縣","金城鎮","118.310","24.440","534"
"3913","620011","20220930132000","2349","3","金門縣","金城鎮","118.315","24.440","3841"
"766","620012","20220930132000","556","2","金門縣","金寧鄉","118.320","24.440","768"
"96","620013","20220930132000","79","2","金門縣","金城鎮","118.325","24.440","94"
"38","620015","20220930132000","553","0","金門縣","金寧鄉","118.335","24.440","31"
"11","620020","20220930132000","162","0","金門縣","金寧鄉","118.360","24.440","11"
"114","620024","20220930132000","96","1","金門縣","金湖鎮","118.380","24.440","109"
"618","620025","20220930132000","782","0","金門縣","金湖鎮","118.385","24.440","624"
"130","620027","20220930132000","79","3","金門縣","金湖鎮","118.395","24.440","139"
"46","620029","20220930132000","151","0","金門縣","金湖鎮","118.405","24.440","49"
"1285","620031","20220930132000","3091","0","金門縣","金湖鎮","118.415","24.440","1237"
"1337","620032","20220930132000","1995","0","金門縣","金湖鎮","118.420","24.440","1351"
"16","620037","20220930132000","164","0","金門縣","金湖鎮","118.445","24.440","16"
"24","620040","20220930132000","114","0","金門縣","金湖鎮","118.460","24.440","25"
"62","620293","20220930132000","376","0","金門縣","烈嶼鄉","118.240","24.440","62"
"785","620304","20220930132000","674","1","金門縣","金寧鄉","118.310","24.445","767"
"244","620306","20220930132000","246","0","金門縣","金寧鄉","118.320","24.445","204"
"35","620312","20220930132000","479","0","金門縣","金寧鄉","118.350","24.445","41"
"46","620317","20220930132000","288","0","金門縣","金湖鎮","118.375","24.445","33"
"388","620318","20220930132000","272","2","金門縣","金湖鎮","118.380","24.445","347"
"50","620323","20220930132000","24","3","金門縣","金湖鎮","118.405","24.445","34"
"115","620326","20220930132000","48","3","金門縣","金湖鎮","118.420","24.445","88"
"35","620327","20220930132000","334","0","金門縣","金湖鎮","118.425","24.445","32"
"18","620335","20220930132000","12","3","金門縣","金湖鎮","118.465","24.445","14"
"134","620336","20220930132000","218","0","金門縣","金湖鎮","118.470","24.445","156"
"133","620593","20220930132000","133","1","金門縣","烈嶼鄉","118.250","24.445","141"
"108","620594","20220930132000","148","0","金門縣","烈嶼鄉","118.255","24.445","102"
"395","620595","20220930132000","51","3","金門縣","烈嶼鄉","118.260","24.445","387"
"345","620604","20220930132000","352","0","金門縣","金寧鄉","118.305","24.450","306"
"696","620605","20220930132000","378","3","金門縣","金寧鄉","118.310","24.450","700"
"317","620607","20220930132000","480","0","金門縣","金寧鄉","118.320","24.450","293"
"556","620608","20220930132000","340","3","金門縣","金寧鄉","118.325","24.450","563"
"1345","620609","20220930132000","1406","0","金門縣","金寧鄉","118.330","24.450","1362"
"617","620610","20220930132000","564","1","金門縣","金寧鄉","118.335","24.450","594"
"378","620611","20220930132000","422","0","金門縣","金寧鄉","118.340","24.450","357"
"67","620613","20220930132000","56","1","金門縣","金寧鄉","118.350","24.450","72"
"136","620618","20220930132000","80","3","金門縣","金湖鎮","118.375","24.450","122"
"64","620625","20220930132000","52","2","金門縣","金湖鎮","118.410","24.450","69"
"11","620634","20220930132000","98","0","金門縣","金沙鎮","118.455","24.450","11"
"654","620912","20220930132000","254","3","金門縣","金寧鄉","118.335","24.455","476"
"345","620919","20220930132000","272","2","金門縣","金湖鎮","118.370","24.455","311"
"348","620920","20220930132000","296","1","金門縣","金湖鎮","118.375","24.455","357"
"409","620921","20220930132000","375","1","金門縣","金湖鎮","118.380","24.455","515"
"100","620922","20220930132000","49","3","金門縣","金湖鎮","118.385","24.455","86"
"39","620927","20220930132000","23","3","金門縣","金湖鎮","118.410","24.455","43"
"60","620928","20220930132000","59","1","金門縣","金湖鎮","118.415","24.455","56"
"38","620930","20220930132000","31","2","金門縣","金湖鎮","118.425","24.455","41"
"443","621210","20220930132000","547","0","金門縣","金寧鄉","118.305","24.455","494"
"36","621214","20220930132000","606","0","金門縣","金寧鄉","118.325","24.455","37"
"244","621221","20220930132000","227","1","金門縣","金寧鄉","118.360","24.460","244"
"21","621226","20220930132000","14","3","金門縣","金沙鎮","118.385","24.460","23"
"120","621230","20220930132000","129","0","金門縣","金沙鎮","118.405","24.460","119"
"112","621231","20220930132000","470","0","金門縣","金湖鎮","118.410","24.460","109"
"66","621233","20220930132000","23","3","金門縣","金湖鎮","118.420","24.460","79"
"24","621239","20220930132000","28","0","金門縣","金沙鎮","118.450","24.460","25"
"573","621509","20220930132000","692","0","金門縣","金寧鄉","118.315","24.460","570"
"159","621510","20220930132000","187","0","金門縣","金寧鄉","118.320","24.460","154"
"217","621511","20220930132000","148","2","金門縣","金寧鄉","118.325","24.460","204"
"12","621523","20220930132000","149","0","金門縣","金沙鎮","118.385","24.465","12"
"13","621529","20220930132000","14","0","金門縣","金沙鎮","118.415","24.465","17"
"26","621530","20220930132000","24","1","金門縣","金湖鎮","118.420","24.465","20"
"89","621533","20220930132000","107","0","金門縣","金沙鎮","118.435","24.465","87"
"96","621534","20220930132000","83","1","金門縣","金沙鎮","118.440","24.465","82"
"192","621810","20220930132000","221","0","金門縣","金沙鎮","118.390","24.465","207"
"65","621816","20220930132000","752","0","金門縣","金沙鎮","118.420","24.470","70"
"313","621823","20220930132000","263","1","金門縣","金沙鎮","118.455","24.470","299"
"259","622075","20220930132000","11","3","金門縣","金寧鄉","118.295","24.470","273"
"593","622079","20220930132000","504","1","金門縣","金寧鄉","118.315","24.470","577"
"307","622096","20220930132000","396","0","金門縣","金沙鎮","118.400","24.470","295"
"13","622101","20220930132000","15","0","金門縣","金沙鎮","118.425","24.475","16"
"36","622102","20220930132000","61","0","金門縣","金沙鎮","118.430","24.475","72"
"252","622377","20220930132000","87","3","金門縣","金沙鎮","118.390","24.475","260"
"229","622643","20220930132000","364","0","金門縣","金寧鄉","118.305","24.480","235"
"92","622644","20220930132000","68","2","金門縣","金寧鄉","118.310","24.480","97"
"29","622657","20220930132000","213","0","金門縣","金沙鎮","118.390","24.480","26"
"132","622658","20220930132000","105","2","金門縣","金沙鎮","118.395","24.480","143"
"13","622921","20220930132000","17","0","金門縣","金寧鄉","118.300","24.485","15"
"1178","622937","20220930132000","803","2","金門縣","金沙鎮","118.415","24.485","1101"
"108","622938","20220930132000","99","1","金門縣","金沙鎮","118.420","24.485","107"
"37","622941","20220930132000","37","1","金門縣","金沙鎮","118.435","24.485","40"
"128","622942","20220930132000","76","3","金門縣","金沙鎮","118.440","24.485","152"
"483","623206","20220930132000","436","1","金門縣","金沙鎮","118.410","24.490","463"
"616","623207","20220930132000","608","1","金門縣","金沙鎮","118.415","24.490","615"
"75","623210","20220930132000","71","1","金門縣","金沙鎮","118.430","24.490","81"
"593","623474","20220930132000","798","0","金門縣","金沙鎮","118.415","24.495","592"
"44","623478","20220930132000","421","0","金門縣","金沙鎮","118.435","24.495","27"
"129","623734","20220930132000","71","3","金門縣","金沙鎮","118.400","24.500","105"
"95","623738","20220930132000","40","3","金門縣","金沙鎮","118.420","24.500","58"
"203","623993","20220930132000","202","1","金門縣","金沙鎮","118.405","24.505","203"
"33","623999","20220930132000","34","0","金門縣","金沙鎮","118.435","24.505","20"
"301","624000","20220930132000","174","3","金門縣","金沙鎮","118.440","24.505","307"
"193","624511","20220930132000","189","1","金門縣","金沙鎮","118.405","24.515","204"
"145","624771","20220930132000","180","0","金門縣","金沙鎮","118.415","24.515","145"
"13","625280","20220930132000","14","0","金門縣","金沙鎮","118.410","24.525","15"
"29","653042","20220930132000","14","3","連江縣","莒光鄉","119.975","25.955","29"
"327","653049","20220930132000","388","0","連江縣","莒光鄉","119.975","25.960","316"
"16","653081","20220930132000","19","0","連江縣","莒光鄉","119.930","25.970","15"
"214","653082","20220930132000","283","0","連江縣","莒光鄉","119.935","25.970","244"
"205","653097","20220930132000","241","0","連江縣","莒光鄉","119.930","25.975","179"
"31","653099","20220930132000","17","3","連江縣","莒光鄉","119.940","25.975","20"
"380","653173","20220930132000","232","3","連江縣","南竿鄉","119.925","26.140","385"
"68","653187","20220930132000","119","0","連江縣","南竿鄉","119.930","26.145","93"
"116","653198","20220930132000","76","3","連江縣","南竿鄉","119.915","26.145","111"
"55","653200","20220930132000","72","0","連江縣","南竿鄉","119.925","26.145","59"
"454","653203","20220930132000","421","1","連江縣","南竿鄉","119.940","26.145","274"
"81","653217","20220930132000","62","2","連江縣","南竿鄉","119.925","26.150","50"
"296","653219","20220930132000","357","0","連江縣","南竿鄉","119.935","26.150","292"
"44","653221","20220930132000","61","0","連江縣","南竿鄉","119.945","26.150","53"
"174","653231","20220930132000","275","0","連江縣","南竿鄉","119.920","26.155","143"
"601","653235","20220930132000","472","2","連江縣","南竿鄉","119.940","26.155","547"
"934","653238","20220930132000","778","2","連江縣","南竿鄉","119.955","26.155","873"
"169","653248","20220930132000","105","3","連江縣","南竿鄉","119.920","26.160","201"
"1035","653255","20220930132000","887","1","連江縣","南竿鄉","119.955","26.160","1024"
"38","653257","20220930132000","40","0","連江縣","南竿鄉","119.965","26.160","46"
"582","653272","20220930132000","591","0","連江縣","南竿鄉","119.950","26.165","562"
"178","653282","20220930132000","210","0","連江縣","南竿鄉","119.925","26.170","144"
"245","653344","20220930132000","237","1","連江縣","北竿鄉","119.970","26.205","279"
"237","653365","20220930132000","124","3","連江縣","北竿鄉","119.975","26.215","227"
"47","653382","20220930132000","51","0","連江縣","北竿鄉","120.000","26.220","40"
"35","653393","20220930132000","22","3","連江縣","北竿鄉","119.980","26.225","27"
"1312","653396","20220930132000","1072","2","連江縣","北竿鄉","119.995","26.225","1196"
"436","653397","20220930132000","403","1","連江縣","北竿鄉","120.000","26.225","495"
"134","653411","20220930132000","107","2","連江縣","北竿鄉","120.000","26.230","195"
"42","653580","20220930132000","57","0","連江縣","東引鄉","120.485","26.360","29"
"64","653590","20220930132000","45","2","連江縣","東引鄉","120.490","26.360","55"
"493","653592","20220930132000","927","0","連江縣","東引鄉","120.500","26.360","358"
"721","653602","20220930132000","737","0","連江縣","東引鄉","120.490","26.365","895"
"78","653603","20220930132000","49","3","連江縣","東引鄉","120.495","26.365","104"
"128","653623","20220930132000","118","1","連江縣","東引鄉","120.480","26.375","125"
