"POPULATION","G_ID","time","avg","idx","City","Town","x","y","prePop"
"245","6258","20220710050000","148","3","屏東縣","恆春鎮","120.745","21.945","188"
"33","6267","20220710050000","270","0","屏東縣","恆春鎮","120.790","21.945","24"
"149","9415","20220710050000","107","2","屏東縣","恆春鎮","120.715","21.970","117"
"132","9416","20220710050000","94","2","屏東縣","恆春鎮","120.845","21.970","95"
"282","15716","20220710050000","215","2","臺東縣","蘭嶼鄉","121.535","22.025","245"
"29","15719","20220710050000","333","0","臺東縣","蘭嶼鄉","121.550","22.025","33"
"81","18068","20220710050000","103","0","屏東縣","車城鄉","120.695","22.045","129"
"161","20191","20220710050000","671","0","臺東縣","蘭嶼鄉","121.570","22.065","113"
"92","40369","20220710050000","108","0","屏東縣","枋山鄉","120.660","22.245","89"
"60","46865","20220710050000","74","0","臺東縣","大武鄉","120.890","22.305","74"
"131","49782","20220710050000","243","0","屏東縣","琉球鄉","120.355","22.330","125"
"15","49783","20220710050000","187","0","屏東縣","琉球鄉","120.375","22.330","15"
"498","52213","20220710050000","352","2","屏東縣","琉球鄉","120.380","22.355","566"
"29","57589","20220710050000","23","2","屏東縣","春日鄉","120.660","22.365","31"
"73","57606","20220710050000","53","2","屏東縣","春日鄉","120.665","22.365","97"
"110","57748","20220710050000","57","3","屏東縣","春日鄉","120.750","22.405","90"
"219","57758","20220710050000","180","2","屏東縣","春日鄉","120.625","22.365","223"
"34","57858","20220710050000","287","0","屏東縣","恆春鎮","120.730","21.985","26"
"22","57868","20220710050000","188","0","屏東縣","車城鄉","120.730","22.055","19"
"98","57949","20220710050000","80","2","屏東縣","車城鄉","120.715","22.050","89"
"10","57951","20220710050000","163","0","屏東縣","車城鄉","120.710","22.055","10"
"212","57952","20220710050000","188","1","屏東縣","枋寮鄉","120.595","22.375","157"
"87","57962","20220710050000","370","0","屏東縣","枋寮鄉","120.595","22.385","456"
"408","57963","20220710050000","441","0","屏東縣","枋寮鄉","120.600","22.385","384"
"24","57992","20220710050000","32","0","屏東縣","滿州鄉","120.890","22.090","27"
"14","58022","20220710050000","12","1","屏東縣","滿州鄉","120.895","22.100","16"
"28","58112","20220710050000","17","3","屏東縣","滿州鄉","120.805","22.015","21"
"121","58150","20220710050000","72","3","屏東縣","滿州鄉","120.875","22.115","115"
"142","58209","20220710050000","111","2","屏東縣","滿州鄉","120.840","21.985","163"
"40","58243","20220710050000","37","1","屏東縣","滿州鄉","120.840","22.015","58"
"208","58245","20220710050000","250","0","屏東縣","滿州鄉","120.835","22.020","246"
"24","58246","20220710050000","18","2","屏東縣","滿州鄉","120.840","22.020","21"
"136","58248","20220710050000","267","0","屏東縣","滿州鄉","120.830","22.025","223"
"305","58265","20220710050000","314","0","屏東縣","滿州鄉","120.830","21.995","367"
"28","58303","20220710050000","24","1","屏東縣","滿州鄉","120.850","22.020","34"
"44","58452","20220710050000","36","2","屏東縣","滿州鄉","120.830","22.075","68"
"40","58493","20220710050000","24","3","屏東縣","滿州鄉","120.830","22.095","36"
"13","58500","20220710050000","25","0","屏東縣","滿州鄉","120.840","22.100","24"
"117","58514","20220710050000","97","2","屏東縣","枋山鄉","120.665","22.240","96"
"128","58522","20220710050000","145","0","屏東縣","枋山鄉","120.650","22.260","160"
"32","58529","20220710050000","207","0","屏東縣","枋山鄉","120.690","22.190","34"
"34","58531","20220710050000","112","0","屏東縣","枋山鄉","120.690","22.195","29"
"275","58554","20220710050000","353","0","屏東縣","恆春鎮","120.740","22.030","284"
"23","58568","20220710050000","158","0","屏東縣","恆春鎮","120.735","22.040","16"
"30","58585","20220710050000","25","2","屏東縣","恆春鎮","120.720","22.045","32"
"12","58609","20220710050000","42","0","屏東縣","恆春鎮","120.750","21.955","13"
"48","58614","20220710050000","648","0","屏東縣","恆春鎮","120.755","21.960","49"
"322","58618","20220710050000","643","0","屏東縣","恆春鎮","120.755","21.965","367"
"647","58656","20220710050000","269","3","屏東縣","恆春鎮","120.730","22.010","577"
"455","58663","20220710050000","514","0","屏東縣","恆春鎮","120.745","22.005","437"
"407","58680","20220710050000","363","1","屏東縣","恆春鎮","120.730","21.995","369"
"49","58690","20220710050000","36","2","屏東縣","恆春鎮","120.740","21.920","38"
"485","58691","20220710050000","387","2","屏東縣","恆春鎮","120.725","21.925","463"
"53","58698","20220710050000","35","3","屏東縣","恆春鎮","120.715","21.935","30"
"107","58707","20220710050000","90","1","屏東縣","恆春鎮","120.715","21.945","102"
"385","58723","20220710050000","214","3","屏東縣","恆春鎮","120.720","21.960","321"
"1197","58725","20220710050000","1467","0","屏東縣","恆春鎮","120.740","22.010","1461"
"17","58785","20220710050000","73","0","屏東縣","恆春鎮","120.720","22.040","20"
"88","58793","20220710050000","60","2","屏東縣","恆春鎮","120.695","22.020","107"
"18","58796","20220710050000","20","0","屏東縣","恆春鎮","120.710","22.020","18"
"286","58818","20220710050000","225","2","屏東縣","恆春鎮","120.850","21.905","267"
"16","58819","20220710050000","14","1","屏東縣","恆春鎮","120.855","21.905","16"
"146","58824","20220710050000","181","0","屏東縣","恆春鎮","120.850","21.910","121"
"272","58829","20220710050000","201","2","屏東縣","恆春鎮","120.850","21.915","236"
"87","58837","20220710050000","132","0","屏東縣","恆春鎮","120.830","21.925","75"
"447","58849","20220710050000","304","2","屏東縣","恆春鎮","120.825","21.935","391"
"16","58859","20220710050000","11","2","屏東縣","恆春鎮","120.840","21.940","14"
"21","58893","20220710050000","349","0","屏東縣","車城鄉","120.715","22.070","21"
"92","58924","20220710050000","52","3","屏東縣","獅子鄉","120.730","22.195","78"
"18","58958","20220710050000","120","0","屏東縣","獅子鄉","120.750","22.205","18"
"119","58971","20220710050000","96","2","屏東縣","獅子鄉","120.725","22.210","115"
"38","58997","20220710050000","13","3","屏東縣","獅子鄉","120.785","22.215","25"
"65","59115","20220710050000","609","0","屏東縣","琉球鄉","120.380","22.350","49"
"26","59117","20220710050000","442","0","屏東縣","琉球鄉","120.365","22.325","78"
"494","59120","20220710050000","440","1","屏東縣","琉球鄉","120.370","22.335","407"
"101","59149","20220710050000","145","0","屏東縣","獅子鄉","120.660","22.275","76"
"86","59469","20220710050000","80","1","屏東縣","獅子鄉","120.650","22.315","81"
"161","59772","20220710050000","100","3","屏東縣","獅子鄉","120.685","22.225","131"
"220","60023","20220710050000","202","1","屏東縣","獅子鄉","120.700","22.165","188"
"1852","60172","20220710050000","2158","0","屏東縣","琉球鄉","120.370","22.340","2217"
"23","60173","20220710050000","28","0","屏東縣","琉球鄉","120.370","22.345","10"
"120","60174","20220710050000","83","2","屏東縣","琉球鄉","120.375","22.345","101"
"170","60189","20220710050000","153","1","屏東縣","車城鄉","120.700","22.040","192"
"55","60193","20220710050000","51","1","屏東縣","車城鄉","120.700","22.050","53"
"54","60196","20220710050000","50","1","屏東縣","琉球鄉","120.365","22.340","55"
"44","60197","20220710050000","51","0","屏東縣","琉球鄉","120.365","22.345","26"
"352","60198","20220710050000","336","1","屏東縣","琉球鄉","120.370","22.350","375"
"313","60206","20220710050000","275","1","屏東縣","車城鄉","120.715","22.065","379"
"22","60213","20220710050000","140","0","屏東縣","車城鄉","120.720","22.090","24"
"54","60234","20220710050000","25","3","屏東縣","車城鄉","120.715","22.115","46"
"1093","60246","20220710050000","620","3","屏東縣","琉球鄉","120.385","22.350","1304"
"93","60260","20220710050000","101","0","屏東縣","車城鄉","120.740","22.085","92"
"267","60283","20220710050000","301","0","屏東縣","車城鄉","120.750","22.095","284"
"14","60314","20220710050000","169","0","屏東縣","枋寮鄉","120.555","22.390","11"
"41","60322","20220710050000","400","0","屏東縣","車城鄉","120.715","22.075","41"
"165","60328","20220710050000","133","2","屏東縣","車城鄉","120.730","22.075","174"
"23","60338","20220710050000","17","2","屏東縣","枋寮鄉","120.595","22.390","21"
"195","60350","20220710050000","181","1","屏東縣","枋寮鄉","120.590","22.405","204"
"54","60369","20220710050000","291","0","屏東縣","枋寮鄉","120.620","22.405","41"
"81","60374","20220710050000","65","2","屏東縣","枋寮鄉","120.590","22.370","81"
"144","60377","20220710050000","169","0","屏東縣","枋寮鄉","120.580","22.375","189"
"599","60401","20220710050000","757","0","屏東縣","枋寮鄉","120.575","22.405","802"
"219","60404","20220710050000","165","2","屏東縣","佳冬鄉","120.565","22.410","337"
"1085","60421","20220710050000","1312","0","屏東縣","枋寮鄉","120.600","22.360","1407"
"431","60428","20220710050000","339","2","屏東縣","枋寮鄉","120.600","22.365","411"
"63","60441","20220710050000","76","0","屏東縣","枋山鄉","120.645","22.295","103"
"73","60442","20220710050000","66","1","屏東縣","獅子鄉","120.640","22.310","83"
"219","60446","20220710050000","209","1","屏東縣","枋山鄉","120.630","22.320","240"
"83","60449","20220710050000","85","0","屏東縣","枋山鄉","120.615","22.330","120"
"191","60455","20220710050000","72","3","屏東縣","枋山鄉","120.620","22.335","197"
"105","60456","20220710050000","48","3","屏東縣","枋山鄉","120.625","22.335","73"
"935","60532","20220710050000","673","2","屏東縣","恆春鎮","120.740","22.000","1175"
"623","60533","20220710050000","408","3","屏東縣","恆春鎮","120.740","22.005","735"
"212","60535","20220710050000","571","0","屏東縣","恆春鎮","120.815","21.935","276"
"324","60537","20220710050000","277","1","屏東縣","恆春鎮","120.805","21.940","364"
"45","60539","20220710050000","586","0","屏東縣","恆春鎮","120.795","21.945","55"
"1119","60540","20220710050000","1235","0","屏東縣","恆春鎮","120.800","21.945","1278"
"514","60541","20220710050000","451","1","屏東縣","恆春鎮","120.805","21.945","639"
"133","60543","20220710050000","179","0","屏東縣","恆春鎮","120.780","21.950","167"
"288","60544","20220710050000","156","3","屏東縣","恆春鎮","120.785","21.950","336"
"304","60568","20220710050000","313","0","屏東縣","恆春鎮","120.810","21.955","258"
"138","60589","20220710050000","67","3","屏東縣","恆春鎮","120.815","21.965","111"
"81","60623","20220710050000","556","0","屏東縣","恆春鎮","120.735","21.950","68"
"95","60646","20220710050000","69","2","屏東縣","恆春鎮","120.720","21.975","82"
"124","60651","20220710050000","112","1","屏東縣","恆春鎮","120.715","21.985","119"
"653","60656","20220710050000","371","3","屏東縣","恆春鎮","120.705","21.995","650"
"846","60671","20220710050000","1133","0","屏東縣","恆春鎮","120.740","21.995","1037"
"459","60672","20220710050000","263","3","屏東縣","恆春鎮","120.745","21.995","595"
"734","60680","20220710050000","843","0","屏東縣","恆春鎮","120.745","22.000","792"
"34","60694","20220710050000","85","0","屏東縣","恆春鎮","120.765","22.000","30"
"45","60732","20220710050000","65","0","屏東縣","牡丹鄉","120.815","22.075","50"
"51","60771","20220710050000","59","0","屏東縣","滿州鄉","120.890","22.140","25"
"31","60791","20220710050000","26","1","屏東縣","牡丹鄉","120.890","22.165","109"
"33","60821","20220710050000","86","0","屏東縣","牡丹鄉","120.880","22.185","68"
"50","60825","20220710050000","34","2","屏東縣","牡丹鄉","120.880","22.190","26"
"180","60827","20220710050000","124","2","屏東縣","牡丹鄉","120.885","22.190","81"
"35","60884","20220710050000","26","2","屏東縣","牡丹鄉","120.850","22.185","31"
"55","60907","20220710050000","57","0","屏東縣","牡丹鄉","120.855","22.200","141"
"23","60936","20220710050000","17","2","屏東縣","牡丹鄉","120.815","22.150","19"
"75","60994","20220710050000","57","2","屏東縣","牡丹鄉","120.835","22.175","87"
"95","61141","20220710050000","52","3","屏東縣","牡丹鄉","120.770","22.125","99"
"272","61160","20220710050000","236","1","屏東縣","牡丹鄉","120.780","22.130","257"
"11","61331","20220710050000","111","0","屏東縣","牡丹鄉","120.840","22.115","11"
"181","61332","20220710050000","193","0","屏東縣","牡丹鄉","120.845","22.115","184"
"118","61441","20220710050000","69","3","臺東縣","大武鄉","120.880","22.325","85"
"29","61469","20220710050000","165","0","臺東縣","大武鄉","120.905","22.360","26"
"13","61471","20220710050000","76","0","臺東縣","大武鄉","120.900","22.365","13"
"262","61472","20220710050000","222","1","臺東縣","大武鄉","120.905","22.365","270"
"269","61501","20220710050000","268","1","臺東縣","大武鄉","120.910","22.380","270"
"62","61562","20220710050000","305","0","臺東縣","大武鄉","120.885","22.340","58"
"290","61604","20220710050000","275","1","臺東縣","蘭嶼鄉","121.525","22.080","287"
"286","61605","20220710050000","237","2","臺東縣","蘭嶼鄉","121.530","22.080","283"
"38","61620","20220710050000","24","3","臺東縣","蘭嶼鄉","121.590","22.005","32"
"193","61703","20220710050000","174","1","臺東縣","蘭嶼鄉","121.510","22.055","227"
"256","61734","20220710050000","285","0","臺東縣","蘭嶼鄉","121.555","22.025","256"
"28","61738","20220710050000","24","1","臺東縣","蘭嶼鄉","121.535","22.030","32"
"10","61910","20220710050000","63","0","臺東縣","達仁鄉","120.870","22.290","11"
"174","61933","20220710050000","103","3","臺東縣","達仁鄉","120.885","22.295","176"
"46","62017","20220710050000","60","0","臺東縣","達仁鄉","120.855","22.320","44"
"68","62301","20220710050000","56","2","臺東縣","達仁鄉","120.860","22.380","69"
"78","62355","20220710050000","44","3","臺東縣","達仁鄉","120.855","22.390","70"
"38","62479","20220710050000","39","0","臺東縣","達仁鄉","120.855","22.275","45"
"39","62493","20220710050000","58","0","臺東縣","達仁鄉","120.875","22.290","37"
"48","63917","20220710050000","20","3","臺東縣","大武鄉","120.930","22.415","37"
"301","65292","20220710050000","328","0","屏東縣","東港鎮","120.480","22.430","278"
"20","72794","20220710050000","35","0","高雄市","小港區","120.360","22.510","21"
"164","80997","20220710050000","168","0","屏東縣","新埤鄉","120.560","22.475","236"
"236","81026","20220710050000","143","3","屏東縣","新埤鄉","120.540","22.495","222"
"387","81045","20220710050000","455","0","屏東縣","新埤鄉","120.545","22.465","508"
"131","81049","20220710050000","106","2","屏東縣","新埤鄉","120.565","22.465","125"
"146","81079","20220710050000","131","1","屏東縣","新埤鄉","120.610","22.460","151"
"616","81134","20220710050000","581","1","屏東縣","新埤鄉","120.580","22.505","621"
"209","81174","20220710050000","240","0","屏東縣","新埤鄉","120.615","22.470","301"
"65","81486","20220710050000","69","0","屏東縣","春日鄉","120.630","22.425","89"
"155","81488","20220710050000","83","3","屏東縣","春日鄉","120.640","22.425","192"
"549","81506","20220710050000","419","2","屏東縣","新園鄉","120.435","22.500","714"
"53","81517","20220710050000","56","0","屏東縣","新園鄉","120.440","22.510","94"
"396","81529","20220710050000","552","0","屏東縣","萬巒鄉","120.610","22.590","386"
"772","81547","20220710050000","1503","0","屏東縣","林邊鄉","120.515","22.435","903"
"454","81552","20220710050000","316","2","屏東縣","林邊鄉","120.520","22.430","617"
"16","81557","20220710050000","18","0","屏東縣","林邊鄉","120.490","22.430","25"
"64","81560","20220710050000","37","3","屏東縣","東港鎮","120.495","22.460","62"
"237","81569","20220710050000","288","0","屏東縣","東港鎮","120.455","22.460","304"
"23","81573","20220710050000","34","0","屏東縣","東港鎮","120.465","22.440","30"
"67","81584","20220710050000","52","2","屏東縣","東港鎮","120.455","22.450","57"
"65","81816","20220710050000","56","1","屏東縣","來義鄉","120.680","22.525","65"
"65","81919","20220710050000","55","1","屏東縣","來義鄉","120.640","22.435","83"
"62","82042","20220710050000","70","0","屏東縣","來義鄉","120.635","22.525","89"
"49","82186","20220710050000","46","1","屏東縣","來義鄉","120.665","22.560","47"
"19","82194","20220710050000","369","0","屏東縣","佳冬鄉","120.550","22.415","20"
"775","82204","20220710050000","811","0","屏東縣","佳冬鄉","120.545","22.415","959"
"676","82217","20220710050000","589","1","屏東縣","竹田鄉","120.515","22.575","758"
"268","82239","20220710050000","165","3","屏東縣","東港鎮","120.495","22.455","262"
"48","82241","20220710050000","654","0","屏東縣","東港鎮","120.490","22.455","43"
"552","82243","20220710050000","607","0","屏東縣","東港鎮","120.445","22.465","517"
"229","82245","20220710050000","651","0","屏東縣","東港鎮","120.445","22.460","206"
"643","82256","20220710050000","741","0","屏東縣","東港鎮","120.455","22.470","891"
"58","82257","20220710050000","40","2","屏東縣","東港鎮","120.460","22.470","54"
"1151","82262","20220710050000","504","3","屏東縣","東港鎮","120.460","22.475","1538"
"190","82266","20220710050000","583","0","屏東縣","東港鎮","120.465","22.480","156"
"78","82270","20220710050000","386","0","屏東縣","東港鎮","120.475","22.485","96"
"42","82283","20220710050000","78","0","屏東縣","泰武鄉","120.625","22.590","53"
"93","82284","20220710050000","90","1","屏東縣","泰武鄉","120.635","22.590","119"
"356","82290","20220710050000","342","1","屏東縣","林邊鄉","120.520","22.435","348"
"369","82303","20220710050000","367","1","屏東縣","新園鄉","120.460","22.540","318"
"661","82306","20220710050000","732","0","屏東縣","新園鄉","120.460","22.545","854"
"54","82311","20220710050000","392","0","屏東縣","東港鎮","120.450","22.470","50"
"14","82316","20220710050000","14","1","屏東縣","竹田鄉","120.540","22.570","15"
"435","82324","20220710050000","569","0","屏東縣","竹田鄉","120.540","22.585","569"
"83","82325","20220710050000","115","0","屏東縣","竹田鄉","120.545","22.585","109"
"694","82333","20220710050000","617","1","屏東縣","新園鄉","120.455","22.525","969"
"320","82340","20220710050000","231","2","屏東縣","新園鄉","120.465","22.530","360"
"321","82347","20220710050000","234","2","屏東縣","新園鄉","120.440","22.475","318"
"209","82362","20220710050000","259","0","屏東縣","萬丹鄉","120.460","22.590","268"
"49","82367","20220710050000","45","1","屏東縣","萬丹鄉","120.465","22.595","46"
"414","82441","20220710050000","261","3","屏東縣","泰武鄉","120.650","22.570","367"
"13","82445","20220710050000","206","0","屏東縣","泰武鄉","120.635","22.580","13"
"46","82467","20220710050000","84","0","屏東縣","泰武鄉","120.660","22.570","73"
"93","82513","20220710050000","76","2","屏東縣","泰武鄉","120.665","22.585","77"
"13","82564","20220710050000","38","0","屏東縣","萬丹鄉","120.485","22.570","14"
"23","82568","20220710050000","36","0","屏東縣","萬丹鄉","120.490","22.575","30"
"351","82569","20220710050000","268","2","屏東縣","新園鄉","120.450","22.475","335"
"276","82576","20220710050000","225","2","屏東縣","新園鄉","120.445","22.515","258"
"162","82591","20220710050000","115","2","屏東縣","新園鄉","120.450","22.525","150"
"42","82614","20220710050000","370","0","屏東縣","佳冬鄉","120.515","22.415","37"
"17","82630","20220710050000","394","0","屏東縣","佳冬鄉","120.560","22.430","16"
"157","82634","20220710050000","545","0","屏東縣","佳冬鄉","120.560","22.435","166"
"75","82638","20220710050000","68","1","屏東縣","佳冬鄉","120.535","22.425","84"
"225","82649","20220710050000","643","0","屏東縣","佳冬鄉","120.555","22.420","245"
"196","82700","20220710050000","161","2","屏東縣","來義鄉","120.635","22.515","254"
"66","82715","20220710050000","42","3","屏東縣","來義鄉","120.660","22.525","98"
"229","82723","20220710050000","189","2","屏東縣","南州鄉","120.495","22.485","206"
"76","82736","20220710050000","250","0","屏東縣","南州鄉","120.530","22.465","85"
"11","82738","20220710050000","14","0","屏東縣","南州鄉","120.525","22.470","14"
"286","82740","20220710050000","207","2","屏東縣","南州鄉","120.535","22.470","295"
"606","82742","20220710050000","773","0","屏東縣","南州鄉","120.520","22.475","690"
"147","82751","20220710050000","121","2","屏東縣","南州鄉","120.540","22.485","126"
"43","82754","20220710050000","27","3","屏東縣","南州鄉","120.535","22.490","33"
"40","82763","20220710050000","25","3","屏東縣","崁頂鄉","120.520","22.495","24"
"106","82767","20220710050000","52","3","屏東縣","內埔鄉","120.560","22.585","112"
"25","82779","20220710050000","143","0","屏東縣","萬丹鄉","120.495","22.550","24"
"459","82796","20220710050000","569","0","屏東縣","新園鄉","120.460","22.505","601"
"100","82807","20220710050000","334","0","屏東縣","崁頂鄉","120.505","22.540","84"
"331","82809","20220710050000","327","1","屏東縣","崁頂鄉","120.515","22.540","297"
"40","82821","20220710050000","290","0","屏東縣","崁頂鄉","120.490","22.510","40"
"114","82835","20220710050000","88","2","屏東縣","崁頂鄉","120.520","22.530","96"
"477","82839","20220710050000","594","0","屏東縣","南州鄉","120.510","22.495","599"
"40","82881","20220710050000","167","0","屏東縣","佳冬鄉","120.560","22.445","50"
"150","82883","20220710050000","95","3","屏東縣","佳冬鄉","120.560","22.450","159"
"186","82893","20220710050000","283","0","屏東縣","萬丹鄉","120.495","22.545","268"
"47","82901","20220710050000","35","2","屏東縣","崁頂鄉","120.510","22.510","48"
"255","82906","20220710050000","447","0","屏東縣","崁頂鄉","120.515","22.515","447"
"35","82941","20220710050000","29","2","屏東縣","崁頂鄉","120.490","22.500","36"
"20","82951","20220710050000","33","0","屏東縣","內埔鄉","120.570","22.590","15"
"573","82954","20220710050000","511","1","屏東縣","新園鄉","120.460","22.495","548"
"116","82963","20220710050000","152","0","屏東縣","新園鄉","120.475","22.550","165"
"412","82970","20220710050000","564","0","屏東縣","新園鄉","120.455","22.545","560"
"53","82987","20220710050000","506","0","屏東縣","新園鄉","120.460","22.490","63"
"97","82992","20220710050000","327","0","屏東縣","新園鄉","120.445","22.500","73"
"11","82996","20220710050000","12","0","屏東縣","新園鄉","120.445","22.475","11"
"444","82997","20220710050000","192","3","屏東縣","新園鄉","120.440","22.480","486"
"235","82998","20220710050000","204","1","屏東縣","新園鄉","120.445","22.480","230"
"104","83002","20220710050000","51","3","屏東縣","新園鄉","120.440","22.485","100"
"101","83015","20220710050000","161","0","屏東縣","新埤鄉","120.550","22.505","153"
"585","83024","20220710050000","459","2","屏東縣","潮州鎮","120.530","22.545","577"
"1414","83025","20220710050000","849","3","屏東縣","潮州鎮","120.535","22.545","1892"
"164","83047","20220710050000","156","1","屏東縣","潮州鎮","120.555","22.550","179"
"370","83049","20220710050000","256","2","屏東縣","潮州鎮","120.565","22.550","377"
"346","83055","20220710050000","388","0","屏東縣","萬丹鄉","120.470","22.560","503"
"38","83064","20220710050000","215","0","屏東縣","萬巒鄉","120.600","22.590","29"
"186","83080","20220710050000","570","0","屏東縣","東港鎮","120.450","22.465","158"
"395","83093","20220710050000","248","3","屏東縣","萬巒鄉","120.595","22.565","424"
"71","83095","20220710050000","359","0","屏東縣","萬巒鄉","120.605","22.565","60"
"183","83096","20220710050000","100","3","屏東縣","萬巒鄉","120.600","22.570","176"
"253","83142","20220710050000","151","3","屏東縣","新埤鄉","120.625","22.525","238"
"40","83161","20220710050000","445","0","屏東縣","萬巒鄉","120.620","22.545","45"
"348","83162","20220710050000","486","0","屏東縣","泰武鄉","120.625","22.545","499"
"167","83177","20220710050000","141","1","屏東縣","萬巒鄉","120.580","22.590","174"
"541","83201","20220710050000","545","0","屏東縣","萬巒鄉","120.570","22.570","723"
"261","83206","20220710050000","357","0","屏東縣","萬巒鄉","120.565","22.575","329"
"183","83210","20220710050000","142","2","屏東縣","內埔鄉","120.565","22.580","172"
"17","83216","20220710050000","21","0","屏東縣","萬丹鄉","120.485","22.555","19"
"13","83222","20220710050000","132","0","屏東縣","東港鎮","120.470","22.485","17"
"34","83231","20220710050000","26","2","屏東縣","東港鎮","120.460","22.460","22"
"735","83232","20220710050000","705","1","屏東縣","東港鎮","120.465","22.460","879"
"563","83234","20220710050000","684","0","屏東縣","東港鎮","120.455","22.465","683"
"146","83235","20220710050000","96","3","屏東縣","東港鎮","120.460","22.465","127"
"163","83236","20220710050000","862","0","屏東縣","東港鎮","120.465","22.465","151"
"23","83237","20220710050000","16","2","屏東縣","東港鎮","120.470","22.465","20"
"456","83241","20220710050000","574","0","屏東縣","東港鎮","120.440","22.460","568"
"584","83257","20220710050000","806","0","屏東縣","竹田鄉","120.525","22.575","728"
"136","83258","20220710050000","85","3","屏東縣","潮州鎮","120.530","22.525","190"
"245","83261","20220710050000","236","1","屏東縣","潮州鎮","120.540","22.525","225"
"150","83267","20220710050000","86","3","屏東縣","潮州鎮","120.535","22.535","197"
"357","83269","20220710050000","274","2","屏東縣","潮州鎮","120.535","22.540","326"
"72","83271","20220710050000","60","2","屏東縣","枋寮鄉","120.580","22.410","88"
"90","83278","20220710050000","60","3","屏東縣","枋寮鄉","120.580","22.415","75"
"23","83323","20220710050000","65","0","屏東縣","枋寮鄉","120.620","22.425","35"
"47","83342","20220710050000","46","1","屏東縣","枋寮鄉","120.595","22.435","32"
"265","83378","20220710050000","232","1","屏東縣","萬丹鄉","120.460","22.575","359"
"43","83380","20220710050000","38","1","屏東縣","萬丹鄉","120.470","22.575","34"
"19","83382","20220710050000","24","0","屏東縣","竹田鄉","120.530","22.595","18"
"338","83383","20220710050000","380","0","屏東縣","竹田鄉","120.535","22.595","351"
"19","83404","20220710050000","15","2","屏東縣","林邊鄉","120.505","22.435","19"
"64","83414","20220710050000","51","2","屏東縣","林邊鄉","120.525","22.455","69"
"156","83430","20220710050000","177","0","屏東縣","萬丹鄉","120.485","22.580","130"
"496","83431","20220710050000","480","1","屏東縣","萬丹鄉","120.490","22.580","480"
"76","83433","20220710050000","78","0","屏東縣","萬丹鄉","120.480","22.565","87"
"543","83435","20220710050000","901","0","屏東縣","竹田鄉","120.490","22.565","709"
"119","83437","20220710050000","106","1","屏東縣","萬丹鄉","120.480","22.570","105"
"38","83438","20220710050000","56","0","屏東縣","萬丹鄉","120.490","22.550","51"
"33","83439","20220710050000","56","0","屏東縣","萬丹鄉","120.490","22.555","48"
"621","83442","20220710050000","762","0","屏東縣","潮州鎮","120.545","22.545","833"
"441","83443","20220710050000","305","2","屏東縣","潮州鎮","120.550","22.545","438"
"1067","83448","20220710050000","838","2","屏東縣","潮州鎮","120.550","22.555","1121"
"455","83455","20220710050000","468","0","屏東縣","潮州鎮","120.560","22.515","593"
"72","83457","20220710050000","135","0","屏東縣","潮州鎮","120.570","22.515","106"
"540","83473","20220710050000","631","0","屏東縣","潮州鎮","120.530","22.560","706"
"256","83483","20220710050000","408","0","屏東縣","萬丹鄉","120.465","22.565","350"
"1504","83504","20220710050000","1179","2","屏東縣","潮州鎮","120.540","22.555","1446"
"19","83508","20220710050000","154","0","屏東縣","潮州鎮","120.550","22.560","21"
"413","83516","20220710050000","329","2","屏東縣","潮州鎮","120.540","22.545","400"
"16","83518","20220710050000","14","1","屏東縣","潮州鎮","120.545","22.550","21"
"419","83525","20220710050000","529","0","屏東縣","潮州鎮","120.530","22.540","626"
"180","83540","20220710050000","123","2","屏東縣","潮州鎮","120.580","22.555","169"
"854","83567","20220710050000","735","1","屏東縣","萬丹鄉","120.490","22.590","1110"
"17","83574","20220710050000","12","2","屏東縣","潮州鎮","120.550","22.535","18"
"344","83576","20220710050000","268","2","屏東縣","潮州鎮","120.550","22.540","332"
"601","83577","20220710050000","405","2","屏東縣","潮州鎮","120.535","22.550","551"
"69","83578","20220710050000","704","0","屏東縣","潮州鎮","120.535","22.555","64"
"88","83582","20220710050000","72","2","屏東縣","萬丹鄉","120.500","22.595","85"
"399","83585","20220710050000","487","0","屏東縣","萬丹鄉","120.485","22.585","523"
"184","83586","20220710050000","460","0","屏東縣","萬丹鄉","120.490","22.585","185"
"32","83599","20220710050000","312","0","屏東縣","南州鄉","120.505","22.490","410"
"611","83623","20220710050000","326","3","屏東縣","南州鄉","120.510","22.490","812"
"187","83624","20220710050000","151","2","屏東縣","潮州鎮","120.530","22.510","182"
"173","83625","20220710050000","140","2","屏東縣","潮州鎮","120.535","22.510","162"
"439","83646","20220710050000","287","3","屏東縣","潮州鎮","120.530","22.550","476"
"1156","83648","20220710050000","948","2","高雄市","鳳山區","120.325","22.595","1115"
"375","83650","20220710050000","542","0","高雄市","前鎮區","120.320","22.595","549"
"1147","83651","20220710050000","1419","0","高雄市","小港區","120.360","22.565","1094"
"126","83652","20220710050000","103","2","高雄市","小港區(海)","120.335","22.550","191"
"266","83653","20220710050000","236","1","高雄市","小港區","120.335","22.555","299"
"326","83655","20220710050000","296","1","高雄市","小港區","120.340","22.560","285"
"42","83657","20220710050000","63","0","高雄市","小港區","120.370","22.530","43"
"89","83658","20220710050000","116","0","高雄市","小港區","120.365","22.535","89"
"15","83660","20220710050000","97","0","高雄市","小港區","120.370","22.540","14"
"25","83661","20220710050000","15","3","高雄市","小港區","120.375","22.540","24"
"294","83662","20220710050000","121","3","高雄市","小港區","120.370","22.545","265"
"69","83666","20220710050000","52","2","高雄市","小港區","120.375","22.545","50"
"13","83669","20220710050000","130","0","高雄市","小港區","120.375","22.550","13"
"215","83670","20220710050000","71","3","高雄市","小港區","120.370","22.555","221"
"55","83671","20220710050000","590","0","高雄市","小港區","120.365","22.560","56"
"584","83673","20220710050000","460","2","高雄市","小港區","120.375","22.560","563"
"498","83674","20220710050000","1089","0","高雄市","小港區","120.365","22.565","516"
"319","83675","20220710050000","367","0","高雄市","小港區","120.370","22.565","312"
"809","83677","20220710050000","1622","0","高雄市","小港區","120.355","22.570","828"
"594","83684","20220710050000","673","0","高雄市","大寮區","120.380","22.590","731"
"35","83692","20220710050000","475","0","高雄市","大寮區","120.385","22.590","39"
"595","83694","20220710050000","277","3","高雄市","大寮區","120.395","22.590","576"
"78","83701","20220710050000","71","1","高雄市","大寮區","120.420","22.585","77"
"22","83702","20220710050000","289","0","高雄市","大寮區","120.410","22.590","24"
"165","83703","20220710050000","83","3","高雄市","大寮區","120.415","22.590","169"
"937","83704","20220710050000","915","1","高雄市","大寮區","120.420","22.590","906"
"511","83705","20220710050000","439","1","高雄市","大寮區","120.410","22.595","389"
"428","83706","20220710050000","208","3","高雄市","大寮區","120.415","22.595","487"
"15","83712","20220710050000","66","0","高雄市","前鎮區","120.310","22.580","23"
"61","83713","20220710050000","639","0","高雄市","小港區","120.345","22.565","56"
"20","83752","20220710050000","10","3","臺東縣","大武鄉","120.930","22.425","14"
"18","83764","20220710050000","14","2","臺東縣","大武鄉","120.935","22.435","14"
"66","83802","20220710050000","70","0","臺東縣","大武鄉","120.925","22.415","73"
"19","83805","20220710050000","547","0","高雄市","小港區","120.345","22.525","20"
"131","83815","20220710050000","112","1","高雄市","林園區","120.405","22.495","123"
"42","83819","20220710050000","51","0","高雄市","林園區","120.400","22.500","38"
"15","83820","20220710050000","168","0","高雄市","林園區","120.410","22.495","15"
"331","83822","20220710050000","329","1","高雄市","林園區","120.390","22.505","341"
"53","83828","20220710050000","29","3","高雄市","林園區","120.415","22.485","49"
"345","83831","20220710050000","433","0","高雄市","前鎮區","120.315","22.580","317"
"1578","83836","20220710050000","1128","2","高雄市","大寮區","120.405","22.545","1561"
"20","83838","20220710050000","128","0","高雄市","前鎮區","120.300","22.590","22"
"12","83839","20220710050000","251","0","高雄市","前鎮區","120.300","22.585","20"
"139","83840","20220710050000","89","3","高雄市","前鎮區","120.295","22.590","151"
"87","83842","20220710050000","202","0","高雄市","前鎮區","120.305","22.590","60"
"103","83843","20220710050000","83","2","高雄市","前鎮區","120.290","22.595","122"
"124","83844","20220710050000","95","2","高雄市","前鎮區","120.295","22.595","148"
"226","83845","20220710050000","263","0","高雄市","前鎮區","120.310","22.585","221"
"146","83862","20220710050000","196","0","臺東縣","達仁鄉","120.905","22.475","209"
"179","84086","20220710050000","141","2","臺東縣","達仁鄉","120.885","22.455","214"
"271","84511","20220710050000","303","0","臺東縣","金峰鄉","120.960","22.595","372"
"249","85294","20220710050000","203","2","臺東縣","太麻里鄉","120.960","22.530","303"
"523","85296","20220710050000","399","2","高雄市","林園區","120.410","22.480","529"
"406","85301","20220710050000","286","2","高雄市","林園區","120.360","22.505","419"
"489","85302","20220710050000","297","3","高雄市","林園區","120.365","22.505","480"
"375","85305","20220710050000","967","0","高雄市","小港區","120.335","22.560","345"
"403","85307","20220710050000","337","1","高雄市","鳳山區","120.345","22.585","398"
"537","85308","20220710050000","470","1","高雄市","鳳山區","120.355","22.590","559"
"592","85309","20220710050000","507","1","高雄市","鳳山區","120.360","22.590","556"
"70","85310","20220710050000","425","0","高雄市","鳳山區","120.365","22.590","78"
"1291","85311","20220710050000","1298","0","高雄市","鳳山區","120.355","22.595","1756"
"303","85315","20220710050000","231","2","高雄市","鳳山區","120.360","22.595","403"
"320","85322","20220710050000","658","0","高雄市","小港區","120.350","22.560","341"
"813","85323","20220710050000","637","2","高雄市","小港區","120.355","22.560","785"
"1851","85325","20220710050000","1436","2","高雄市","鳳山區","120.360","22.585","1761"
"75","85327","20220710050000","380","0","高雄市","小港區","120.370","22.570","92"
"113","85328","20220710050000","89","2","高雄市","小港區","120.355","22.565","114"
"431","85329","20220710050000","250","3","高雄市","小港區","120.375","22.570","418"
"39","85331","20220710050000","166","0","高雄市","小港區","120.370","22.575","36"
"816","85332","20220710050000","800","1","高雄市","小港區","120.375","22.575","770"
"62","85337","20220710050000","92","0","高雄市","小港區","120.355","22.540","64"
"76","85340","20220710050000","83","0","高雄市","小港區","120.350","22.540","76"
"244","85343","20220710050000","133","3","高雄市","小港區","120.360","22.540","226"
"60","85345","20220710050000","38","3","高雄市","小港區","120.340","22.545","57"
"170","85347","20220710050000","138","2","高雄市","小港區","120.350","22.545","163"
"40","85353","20220710050000","35","1","高雄市","小港區","120.350","22.550","43"
"88","85354","20220710050000","72","2","高雄市","小港區","120.355","22.550","72"
"179","85355","20220710050000","117","3","高雄市","小港區","120.360","22.550","145"
"232","85359","20220710050000","199","1","高雄市","小港區","120.355","22.555","229"
"275","85360","20220710050000","179","3","高雄市","小港區","120.345","22.560","234"
"86","85367","20220710050000","88","0","高雄市","小港區","120.345","22.530","100"
"34","85368","20220710050000","40","0","高雄市","小港區","120.350","22.530","37"
"145","85370","20220710050000","141","1","高雄市","小港區","120.355","22.530","142"
"226","85371","20220710050000","180","2","高雄市","小港區","120.360","22.530","210"
"121","85372","20220710050000","142","0","高雄市","小港區","120.335","22.535","113"
"107","85374","20220710050000","83","2","高雄市","小港區","120.345","22.535","102"
"104","85377","20220710050000","89","1","高雄市","小港區(海)","120.330","22.540","93"
"81","85382","20220710050000","138","0","高雄市","小港區","120.320","22.545","69"
"719","85384","20220710050000","878","0","高雄市","前鎮區","120.325","22.570","954"
"850","85385","20220710050000","994","0","高雄市","前鎮區","120.325","22.575","965"
"486","85386","20220710050000","1222","0","高雄市","前鎮區","120.315","22.590","425"
"247","85387","20220710050000","318","0","高雄市","前鎮區","120.305","22.595","340"
"421","85389","20220710050000","620","0","高雄市","前鎮區","120.310","22.595","583"
"483","85391","20220710050000","275","3","高雄市","前鎮區","120.315","22.575","414"
"252","85392","20220710050000","181","2","高雄市","前鎮區","120.320","22.575","311"
"749","85393","20220710050000","1400","0","高雄市","前鎮區","120.325","22.580","800"
"523","85396","20220710050000","635","0","高雄市","前鎮區","120.330","22.585","668"
"374","85398","20220710050000","531","0","高雄市","鳳山區","120.340","22.585","498"
"135","85400","20220710050000","137","0","臺東縣","太麻里鄉","120.940","22.460","182"
"17","85417","20220710050000","11","3","臺東縣","太麻里鄉","120.950","22.480","15"
"49","85451","20220710050000","73","0","臺東縣","太麻里鄉","120.955","22.510","61"
"174","85475","20220710050000","131","2","臺東縣","太麻里鄉","120.935","22.520","217"
"318","85487","20220710050000","255","2","高雄市","鳳山區","120.325","22.585","355"
"702","85489","20220710050000","381","3","高雄市","鳳山區","120.350","22.590","905"
"1289","85490","20220710050000","1020","2","高雄市","鳳山區","120.345","22.595","1260"
"614","85491","20220710050000","786","0","高雄市","鳳山區","120.330","22.590","583"
"2456","85492","20220710050000","1572","3","高雄市","鳳山區","120.325","22.590","2367"
"885","85493","20220710050000","862","1","高雄市","前鎮區","120.320","22.585","1189"
"445","85496","20220710050000","420","1","高雄市","前鎮區","120.330","22.580","619"
"362","85517","20220710050000","411","0","高雄市","大寮區","120.410","22.560","491"
"246","85519","20220710050000","186","2","高雄市","大寮區","120.420","22.560","255"
"346","85533","20220710050000","267","2","高雄市","大寮區","120.405","22.580","365"
"1275","85535","20220710050000","1251","1","高雄市","鳳山區","120.335","22.595","1287"
"133","85536","20220710050000","406","0","高雄市","小港區","120.360","22.570","145"
"574","85537","20220710050000","586","0","高雄市","林園區","120.385","22.490","667"
"493","85543","20220710050000","463","1","高雄市","鳳山區","120.330","22.595","515"
"245","85544","20220710050000","239","1","高雄市","小港區","120.355","22.515","233"
"76","85546","20220710050000","69","1","高雄市","小港區","120.360","22.525","84"
"391","85559","20220710050000","441","0","臺東縣","太麻里鄉","120.965","22.530","467"
"22","85590","20220710050000","20","1","臺東縣","太麻里鄉","120.965","22.545","24"
"36","85591","20220710050000","14","3","臺東縣","太麻里鄉","120.970","22.545","26"
"209","85656","20220710050000","107","3","臺東縣","太麻里鄉","120.990","22.575","260"
"53","85660","20220710050000","79","0","臺東縣","太麻里鄉","120.990","22.580","37"
"739","85678","20220710050000","582","2","高雄市","鳳山區","120.350","22.595","723"
"264","85680","20220710050000","323","0","高雄市","鳳山區","120.340","22.595","258"
"564","85681","20220710050000","460","2","高雄市","林園區","120.375","22.500","568"
"1258","85683","20220710050000","1118","1","高雄市","林園區","120.385","22.500","1225"
"124","85684","20220710050000","464","0","高雄市","林園區","120.395","22.485","148"
"255","85685","20220710050000","230","1","高雄市","林園區","120.375","22.505","256"
"264","85689","20220710050000","1077","0","高雄市","前鎮區","120.310","22.590","269"
"486","85700","20220710050000","614","0","高雄市","小港區","120.340","22.565","638"
"300","85708","20220710050000","290","1","高雄市","小港區","120.380","22.545","304"
"56","85713","20220710050000","105","0","高雄市","小港區","120.390","22.545","64"
"509","85719","20220710050000","447","1","高雄市","小港區","120.385","22.555","450"
"378","85721","20220710050000","510","0","高雄市","小港區","120.390","22.560","518"
"138","85723","20220710050000","246","0","高雄市","小港區","120.380","22.555","187"
"407","85724","20220710050000","276","2","高雄市","小港區","120.380","22.560","363"
"178","85725","20220710050000","65","3","高雄市","小港區","120.385","22.560","188"
"110","85726","20220710050000","135","0","高雄市","小港區","120.380","22.565","144"
"169","85727","20220710050000","63","3","高雄市","小港區","120.385","22.565","151"
"512","85728","20220710050000","297","3","高雄市","大寮區","120.400","22.590","509"
"21","85729","20220710050000","46","0","高雄市","大寮區","120.390","22.595","20"
"55","85731","20220710050000","37","2","高雄市","大寮區","120.415","22.535","46"
"105","85751","20220710050000","82","2","高雄市","大寮區","120.425","22.555","104"
"224","85754","20220710050000","169","2","高雄市","大寮區","120.425","22.560","222"
"830","85755","20220710050000","716","1","高雄市","前鎮區","120.315","22.585","1150"
"282","85756","20220710050000","193","2","高雄市","前鎮區","120.305","22.585","253"
"132","85758","20220710050000","267","0","高雄市","小港區","120.345","22.570","142"
"552","85759","20220710050000","1229","0","高雄市","小港區","120.350","22.570","553"
"283","85764","20220710050000","322","0","高雄市","小港區","120.350","22.575","253"
"327","85768","20220710050000","306","1","高雄市","小港區","120.350","22.580","325"
"447","85770","20220710050000","1026","0","高雄市","鳳山區","120.350","22.585","649"
"1738","85771","20220710050000","2230","0","高雄市","鳳山區","120.355","22.585","2192"
"1502","85772","20220710050000","1593","0","高雄市","小港區","120.350","22.565","1555"
"18","85776","20220710050000","27","0","高雄市","小港區","120.325","22.565","18"
"584","85777","20220710050000","682","0","高雄市","小港區","120.330","22.565","783"
"465","85778","20220710050000","492","0","高雄市","前鎮區","120.330","22.570","591"
"1013","85779","20220710050000","855","1","高雄市","小港區","120.335","22.570","1081"
"235","85780","20220710050000","155","3","高雄市","小港區","120.335","22.565","335"
"486","85790","20220710050000","576","0","高雄市","鳳山區","120.340","22.590","645"
"360","85791","20220710050000","334","1","高雄市","鳳山區","120.345","22.590","393"
"1153","85793","20220710050000","1294","0","高雄市","鳳山區","120.335","22.590","1492"
"499","85794","20220710050000","218","3","高雄市","前鎮區","120.335","22.585","524"
"99","85806","20220710050000","105","0","高雄市","小港區(海)","120.330","22.550","183"
"151","85816","20220710050000","105","2","高雄市","小港區(海)","120.315","22.550","119"
"125","85817","20220710050000","84","2","高雄市","旗津區","120.310","22.555","61"
"38","85821","20220710050000","45","0","高雄市","旗津區(海)","120.300","22.575","39"
"23","85823","20220710050000","48","0","高雄市","前鎮區(海)","120.295","22.585","18"
"99","85826","20220710050000","214","0","高雄市","旗津區(海)","120.295","22.580","125"
"184","85827","20220710050000","136","2","高雄市","旗津區","120.290","22.585","228"
"28","85829","20220710050000","97","0","高雄市","大寮區","120.430","22.560","33"
"182","85835","20220710050000","145","2","高雄市","大寮區","120.435","22.565","173"
"123","85837","20220710050000","74","3","高雄市","大寮區","120.420","22.570","112"
"424","85839","20220710050000","374","1","高雄市","大寮區","120.430","22.570","412"
"22","85845","20220710050000","17","2","高雄市","大寮區","120.435","22.580","21"
"52","85858","20220710050000","52","1","高雄市","大寮區","120.410","22.575","56"
"289","85859","20220710050000","247","1","高雄市","大寮區","120.415","22.575","286"
"203","85864","20220710050000","203","1","高雄市","大寮區","120.420","22.580","211"
"227","85865","20220710050000","182","2","高雄市","大寮區","120.425","22.580","223"
"31","85866","20220710050000","201","0","高雄市","大寮區","120.430","22.580","25"
"47","85867","20220710050000","60","0","高雄市","大寮區","120.425","22.585","50"
"25","85869","20220710050000","21","1","高雄市","大寮區","120.435","22.585","19"
"11","85872","20220710050000","133","0","高雄市","大寮區","120.425","22.590","17"
"128","85873","20220710050000","122","1","高雄市","大寮區","120.430","22.590","113"
"28","85880","20220710050000","239","0","高雄市","大寮區","120.400","22.595","25"
"553","85881","20220710050000","458","2","高雄市","大寮區","120.405","22.595","620"
"294","85887","20220710050000","330","0","高雄市","前鎮區","120.320","22.570","273"
"88","85888","20220710050000","89","0","高雄市","前鎮區(海)","120.305","22.575","136"
"646","85894","20220710050000","393","3","高雄市","小港區","120.365","22.585","582"
"775","85896","20220710050000","646","1","高雄市","前鎮區","120.320","22.590","806"
"300","85897","20220710050000","322","0","高雄市","林園區","120.395","22.505","314"
"1496","85898","20220710050000","961","3","高雄市","林園區","120.395","22.510","1469"
"246","85910","20220710050000","186","2","高雄市","林園區","120.405","22.500","237"
"82","85911","20220710050000","77","1","高雄市","林園區","120.410","22.500","73"
"359","85915","20220710050000","337","1","高雄市","林園區","120.405","22.505","391"
"38","85916","20220710050000","30","2","高雄市","林園區","120.410","22.505","35"
"209","85920","20220710050000","200","1","高雄市","林園區","120.405","22.510","211"
"419","85929","20220710050000","275","3","高雄市","林園區","120.405","22.520","400"
"161","85936","20220710050000","194","0","高雄市","林園區","120.390","22.525","179"
"148","85937","20220710050000","176","0","高雄市","林園區","120.395","22.525","141"
"13","85945","20220710050000","102","0","高雄市","前鎮區","120.300","22.595","14"
"920","85946","20220710050000","529","3","高雄市","前鎮區","120.325","22.600","1136"
"119","85948","20220710050000","462","0","高雄市","林園區","120.390","22.510","110"
"13","85949","20220710050000","17","0","高雄市","林園區","120.390","22.515","15"
"220","85950","20220710050000","198","1","高雄市","林園區","120.400","22.480","207"
"101","85953","20220710050000","49","3","高雄市","旗津區","120.310","22.560","93"
"38","85954","20220710050000","55","0","高雄市","旗津區","120.305","22.565","63"
"257","85955","20220710050000","359","0","高雄市","旗津區","120.300","22.570","357"
"52","85960","20220710050000","276","0","高雄市","林園區","120.395","22.530","58"
"242","85961","20220710050000","213","1","高雄市","林園區","120.400","22.530","246"
"19","85963","20220710050000","17","1","高雄市","林園區","120.385","22.505","16"
"61","85971","20220710050000","296","0","高雄市","旗津區","120.280","22.595","53"
"112","85972","20220710050000","119","0","高雄市","旗津區","120.285","22.585","156"
"224","85975","20220710050000","121","3","高雄市","旗津區","120.285","22.590","183"
"570","85978","20220710050000","439","2","高雄市","林園區","120.390","22.500","587"
"79","85982","20220710050000","806","0","高雄市","林園區","120.380","22.500","80"
"80","85983","20220710050000","702","0","高雄市","林園區","120.395","22.500","83"
"87","85988","20220710050000","123","0","高雄市","林園區","120.395","22.535","113"
"368","85989","20220710050000","211","3","高雄市","林園區","120.400","22.535","365"
"61","88407","20220710050000","96","0","高雄市","鼓山區","120.260","22.625","40"
"93","90458","20220710050000","35","3","臺東縣","綠島鄉","121.470","22.645","37"
"388","93129","20220710050000","178","3","臺東縣","綠島鄉","121.485","22.680","309"
"330","94971","20220710050000","111","3","高雄市","左營區","120.275","22.700","258"
"50","97490","20220710050000","631","0","屏東縣","屏東市","120.480","22.650","33"
"374","97491","20220710050000","338","1","屏東縣","屏東市","120.485","22.650","390"
"413","97497","20220710050000","558","0","屏東縣","屏東市","120.485","22.645","408"
"14","97500","20220710050000","10","2","屏東縣","屏東市","120.500","22.660","18"
"310","97501","20220710050000","315","0","屏東縣","屏東市","120.500","22.665","311"
"36","97502","20220710050000","289","0","屏東縣","九如鄉","120.490","22.730","31"
"806","97503","20220710050000","877","0","屏東縣","九如鄉","120.490","22.735","1052"
"302","97504","20220710050000","227","2","屏東縣","九如鄉","120.490","22.710","303"
"18","97506","20220710050000","26","0","屏東縣","九如鄉","120.490","22.715","17"
"28","97516","20220710050000","395","0","屏東縣","九如鄉","120.500","22.735","26"
"120","97518","20220710050000","100","2","屏東縣","九如鄉","120.505","22.735","115"
"479","97519","20220710050000","431","1","屏東縣","屏東市","120.475","22.655","489"
"301","97520","20220710050000","150","3","屏東縣","屏東市","120.480","22.655","334"
"21","97528","20220710050000","23","0","屏東縣","屏東市","120.455","22.635","19"
"17","97529","20220710050000","20","0","屏東縣","屏東市","120.460","22.635","15"
"53","97542","20220710050000","42","2","屏東縣","屏東市","120.495","22.625","45"
"594","97544","20220710050000","506","1","屏東縣","屏東市","120.505","22.625","574"
"1612","97550","20220710050000","1718","0","屏東縣","長治鄉","120.510","22.680","1975"
"14","97551","20220710050000","18","0","屏東縣","屏東市","120.475","22.665","15"
"693","97552","20220710050000","473","2","屏東縣","屏東市","120.485","22.670","695"
"76","97565","20220710050000","81","0","屏東縣","內埔鄉","120.570","22.650","84"
"18","97566","20220710050000","127","0","屏東縣","內埔鄉","120.575","22.650","23"
"17","97567","20220710050000","24","0","屏東縣","內埔鄉","120.560","22.655","19"
"445","97588","20220710050000","203","3","屏東縣","屏東市","120.505","22.690","416"
"1059","97589","20220710050000","1528","0","屏東縣","屏東市","120.495","22.685","1348"
"20","97597","20220710050000","261","0","屏東縣","屏東市","120.510","22.700","16"
"47","97598","20220710050000","68","0","屏東縣","屏東市","120.495","22.705","49"
"194","97600","20220710050000","82","3","屏東縣","屏東市","120.505","22.705","217"
"1159","97606","20220710050000","1032","1","屏東縣","屏東市","120.475","22.660","1145"
"174","97607","20220710050000","356","0","屏東縣","屏東市","120.480","22.660","178"
"2319","97613","20220710050000","1376","3","屏東縣","屏東市","120.475","22.690","2255"
"34","97614","20220710050000","60","0","屏東縣","屏東市","120.470","22.690","37"
"15","97625","20220710050000","32","0","屏東縣","屏東市","120.485","22.700","20"
"273","97627","20220710050000","252","1","屏東縣","屏東市","120.480","22.670","270"
"259","97628","20220710050000","346","0","屏東縣","屏東市","120.495","22.670","294"
"273","97638","20220710050000","311","0","屏東縣","竹田鄉","120.525","22.605","353"
"743","97642","20220710050000","716","1","屏東縣","屏東市","120.495","22.665","761"
"503","97643","20220710050000","542","0","屏東縣","屏東市","120.480","22.640","497"
"403","97654","20220710050000","331","2","屏東縣","鹽埔鄉","120.605","22.725","510"
"10","97655","20220710050000","12","0","屏東縣","屏東市","120.500","22.650","16"
"38","97656","20220710050000","38","1","屏東縣","屏東市","120.505","22.650","46"
"521","97657","20220710050000","362","2","屏東縣","屏東市","120.480","22.675","537"
"1429","97658","20220710050000","861","3","屏東縣","屏東市","120.490","22.655","1540"
"379","97660","20220710050000","251","3","屏東縣","屏東市","120.490","22.660","507"
"82","97661","20220710050000","100","0","屏東縣","屏東市","120.495","22.660","80"
"137","97663","20220710050000","53","3","屏東縣","屏東市","120.460","22.665","141"
"36","97701","20220710050000","424","0","屏東縣","鹽埔鄉","120.540","22.730","27"
"24","97715","20220710050000","392","0","屏東縣","鹽埔鄉","120.555","22.735","28"
"170","97722","20220710050000","122","2","屏東縣","鹽埔鄉","120.520","22.735","159"
"12","97743","20220710050000","20","0","屏東縣","長治鄉","120.525","22.690","12"
"73","97744","20220710050000","317","0","屏東縣","長治鄉","120.530","22.690","77"
"37","97746","20220710050000","35","1","屏東縣","長治鄉","120.530","22.695","39"
"393","97754","20220710050000","313","2","屏東縣","屏東市","120.490","22.675","348"
"225","97761","20220710050000","812","0","屏東縣","屏東市","120.470","22.655","225"
"27","97765","20220710050000","30","0","屏東縣","屏東市","120.510","22.645","22"
"640","97771","20220710050000","756","0","屏東縣","屏東市","120.495","22.680","873"
"850","97772","20220710050000","300","3","屏東縣","屏東市","120.495","22.675","876"
"133","97773","20220710050000","386","0","屏東縣","屏東市","120.500","22.685","157"
"1611","97774","20220710050000","1397","1","屏東縣","屏東市","120.505","22.685","1554"
"817","97775","20220710050000","632","2","屏東縣","屏東市","120.510","22.685","970"
"540","97777","20220710050000","470","1","屏東縣","屏東市","120.500","22.675","707"
"111","97783","20220710050000","90","2","屏東縣","內埔鄉","120.600","22.650","122"
"206","97786","20220710050000","545","0","屏東縣","內埔鄉","120.615","22.650","198"
"93","97791","20220710050000","677","0","屏東縣","內埔鄉","120.600","22.660","101"
"291","97800","20220710050000","189","3","屏東縣","麟洛鄉","120.535","22.650","295"
"113","97814","20220710050000","116","0","屏東縣","麟洛鄉","120.550","22.660","131"
"72","97818","20220710050000","91","0","屏東縣","麟洛鄉","120.535","22.665","82"
"22","97823","20220710050000","35","0","屏東縣","麟洛鄉","120.515","22.640","25"
"374","97842","20220710050000","265","2","屏東縣","麟洛鄉","120.520","22.645","347"
"14","97844","20220710050000","12","1","屏東縣","屏東市","120.515","22.650","13"
"33","97849","20220710050000","591","0","屏東縣","麟洛鄉","120.525","22.650","33"
"121","97851","20220710050000","553","0","屏東縣","麟洛鄉","120.520","22.655","102"
"44","97914","20220710050000","380","0","屏東縣","萬丹鄉","120.460","22.595","55"
"734","97916","20220710050000","678","1","屏東縣","屏東市","120.490","22.680","758"
"717","97917","20220710050000","586","2","屏東縣","屏東市","120.490","22.685","878"
"1133","97918","20220710050000","652","3","屏東縣","屏東市","120.490","22.690","1267"
"376","97919","20220710050000","594","0","屏東縣","屏東市","120.505","22.670","575"
"1019","97920","20220710050000","1432","0","屏東縣","長治鄉","120.510","22.670","1454"
"137","97925","20220710050000","381","0","屏東縣","長治鄉","120.545","22.690","159"
"374","97947","20220710050000","301","2","屏東縣","屏東市","120.475","22.680","380"
"142","97948","20220710050000","305","0","屏東縣","屏東市","120.480","22.680","134"
"60","97953","20220710050000","142","0","屏東縣","屏東市","120.465","22.685","72"
"246","97954","20220710050000","182","2","屏東縣","屏東市","120.470","22.685","238"
"205","97955","20220710050000","355","0","屏東縣","屏東市","120.475","22.685","214"
"734","97964","20220710050000","848","0","屏東縣","屏東市","120.510","22.655","730"
"322","97965","20220710050000","465","0","屏東縣","屏東市","120.505","22.660","374"
"155","97967","20220710050000","491","0","屏東縣","屏東市","120.515","22.660","160"
"497","97969","20220710050000","739","0","屏東縣","屏東市","120.505","22.665","674"
"32","97974","20220710050000","884","0","屏東縣","屏東市","120.505","22.675","35"
"431","97978","20220710050000","447","0","屏東縣","屏東市","120.475","22.670","458"
"487","97984","20220710050000","384","2","屏東縣","萬丹鄉","120.485","22.610","490"
"331","97985","20220710050000","244","2","屏東縣","萬丹鄉","120.490","22.610","344"
"54","97991","20220710050000","219","0","屏東縣","萬丹鄉","120.490","22.620","66"
"49","98035","20220710050000","48","1","屏東縣","泰武鄉","120.700","22.610","23"
"33","98173","20220710050000","140","0","屏東縣","泰武鄉","120.640","22.625","32"
"108","98233","20220710050000","485","0","屏東縣","萬丹鄉","120.470","22.620","126"
"159","98245","20220710050000","181","0","屏東縣","萬丹鄉","120.470","22.610","172"
"187","98249","20220710050000","153","2","屏東縣","內埔鄉","120.600","22.675","193"
"136","98252","20220710050000","76","3","屏東縣","內埔鄉","120.585","22.640","138"
"57","98255","20220710050000","587","0","屏東縣","內埔鄉","120.590","22.645","41"
"274","98266","20220710050000","154","3","屏東縣","瑪家鄉","120.650","22.700","381"
"262","98270","20220710050000","349","0","屏東縣","內埔鄉","120.645","22.705","341"
"1010","98276","20220710050000","868","1","屏東縣","內埔鄉","120.565","22.635","986"
"217","98277","20220710050000","215","1","屏東縣","內埔鄉","120.545","22.640","196"
"511","98281","20220710050000","467","1","屏東縣","麟洛鄉","120.540","22.645","688"
"230","98298","20220710050000","426","0","屏東縣","內埔鄉","120.555","22.600","323"
"583","98309","20220710050000","646","0","屏東縣","內埔鄉","120.595","22.630","811"
"249","98311","20220710050000","181","2","屏東縣","內埔鄉","120.590","22.635","229"
"45","98316","20220710050000","344","0","屏東縣","內埔鄉","120.600","22.640","64"
"116","98328","20220710050000","97","1","屏東縣","瑪家鄉","120.630","22.650","147"
"18","98341","20220710050000","331","0","屏東縣","內埔鄉","120.580","22.620","19"
"38","98346","20220710050000","28","2","屏東縣","內埔鄉","120.545","22.630","37"
"55","98348","20220710050000","300","0","屏東縣","內埔鄉","120.540","22.635","53"
"11","98355","20220710050000","11","1","屏東縣","內埔鄉","120.635","22.685","13"
"348","98362","20220710050000","197","3","屏東縣","內埔鄉","120.640","22.695","408"
"61","98378","20220710050000","383","0","屏東縣","長治鄉","120.550","22.680","66"
"23","98380","20220710050000","30","0","屏東縣","長治鄉","120.540","22.685","36"
"151","98392","20220710050000","493","0","屏東縣","長治鄉","120.550","22.695","178"
"40","98396","20220710050000","31","2","屏東縣","長治鄉","120.535","22.705","48"
"67","98407","20220710050000","94","0","屏東縣","長治鄉","120.545","22.710","68"
"50","98408","20220710050000","248","0","屏東縣","長治鄉","120.525","22.715","60"
"22","98410","20220710050000","86","0","屏東縣","長治鄉","120.535","22.715","18"
"76","98418","20220710050000","366","0","屏東縣","萬丹鄉","120.470","22.615","70"
"177","98422","20220710050000","132","2","屏東縣","萬丹鄉","120.520","22.595","171"
"197","98443","20220710050000","213","0","屏東縣","屏東市","120.495","22.640","185"
"413","98446","20220710050000","406","1","屏東縣","屏東市","120.490","22.645","431"
"194","98453","20220710050000","142","2","屏東縣","屏東市","120.485","22.625","194"
"477","98457","20220710050000","533","0","屏東縣","屏東市","120.480","22.635","488"
"19","98458","20220710050000","28","0","屏東縣","屏東市","120.485","22.635","16"
"256","98459","20220710050000","230","1","屏東縣","屏東市","120.490","22.635","237"
"25","98460","20220710050000","344","0","屏東縣","屏東市","120.485","22.640","29"
"59","98462","20220710050000","437","0","屏東縣","內埔鄉","120.565","22.610","55"
"25","98463","20220710050000","21","1","屏東縣","內埔鄉","120.570","22.610","19"
"785","98464","20220710050000","939","0","屏東縣","內埔鄉","120.570","22.615","1102"
"438","98467","20220710050000","713","0","屏東縣","內埔鄉","120.560","22.605","563"
"34","98471","20220710050000","286","0","屏東縣","內埔鄉","120.560","22.600","30"
"254","98472","20220710050000","407","0","屏東縣","內埔鄉","120.565","22.600","357"
"28","98486","20220710050000","161","0","屏東縣","內埔鄉","120.595","22.675","30"
"895","98496","20220710050000","960","0","屏東縣","屏東市","120.485","22.685","900"
"1192","98497","20220710050000","424","3","屏東縣","屏東市","120.480","22.690","1235"
"753","98498","20220710050000","862","0","屏東縣","屏東市","120.485","22.690","767"
"728","98502","20220710050000","827","0","屏東縣","內埔鄉","120.545","22.625","1034"
"13","98511","20220710050000","18","0","屏東縣","內埔鄉","120.570","22.640","16"
"661","98532","20220710050000","660","1","屏東縣","內埔鄉","120.560","22.620","917"
"623","98533","20220710050000","567","1","屏東縣","內埔鄉","120.565","22.620","556"
"15","98544","20220710050000","334","0","屏東縣","內埔鄉","120.600","22.690","16"
"290","98558","20220710050000","364","0","屏東縣","內埔鄉","120.610","22.700","351"
"16","98563","20220710050000","17","0","屏東縣","內埔鄉","120.600","22.665","15"
"412","98589","20220710050000","386","1","屏東縣","屏東市","120.505","22.695","401"
"149","98591","20220710050000","138","1","屏東縣","屏東市","120.445","22.640","159"
"354","98594","20220710050000","286","2","屏東縣","屏東市","120.460","22.640","359"
"84","98598","20220710050000","58","2","屏東縣","屏東市","120.455","22.645","75"
"355","98607","20220710050000","282","2","屏東縣","屏東市","120.465","22.650","327"
"198","98633","20220710050000","193","1","屏東縣","三地門鄉","120.640","22.715","256"
"383","98636","20220710050000","469","0","屏東縣","三地門鄉","120.655","22.715","464"
"121","98648","20220710050000","130","0","屏東縣","三地門鄉","120.670","22.720","88"
"303","98723","20220710050000","260","1","屏東縣","屏東市","120.495","22.690","316"
"676","98724","20220710050000","395","3","屏東縣","屏東市","120.500","22.690","676"
"876","98725","20220710050000","699","2","屏東縣","屏東市","120.480","22.665","880"
"465","98726","20220710050000","276","3","屏東縣","屏東市","120.495","22.695","451"
"280","98729","20220710050000","249","1","屏東縣","屏東市","120.500","22.695","296"
"763","98734","20220710050000","331","3","屏東縣","屏東市","120.490","22.670","775"
"66","98776","20220710050000","63","1","屏東縣","萬巒鄉","120.625","22.630","72"
"89","98782","20220710050000","57","3","屏東縣","萬巒鄉","120.625","22.640","66"
"35","98803","20220710050000","69","0","屏東縣","萬巒鄉","120.615","22.605","47"
"198","98804","20220710050000","165","2","屏東縣","萬巒鄉","120.620","22.605","181"
"68","98822","20220710050000","63","1","屏東縣","長治鄉","120.535","22.670","81"
"1258","98826","20220710050000","916","2","屏東縣","長治鄉","120.525","22.675","1252"
"257","98837","20220710050000","261","0","屏東縣","長治鄉","120.515","22.685","254"
"35","98842","20220710050000","904","0","屏東縣","長治鄉","120.510","22.665","36"
"446","98843","20220710050000","454","0","屏東縣","長治鄉","120.515","22.665","443"
"26","98844","20220710050000","33","0","屏東縣","長治鄉","120.520","22.665","23"
"25","98884","20220710050000","25","1","屏東縣","瑪家鄉","120.705","22.675","14"
"183","98968","20220710050000","150","2","屏東縣","瑪家鄉","120.670","22.675","176"
"31","99003","20220710050000","27","1","屏東縣","瑪家鄉","120.655","22.705","23"
"22","99033","20220710050000","13","3","屏東縣","瑪家鄉","120.690","22.680","22"
"72","99078","20220710050000","119","0","屏東縣","瑪家鄉","120.640","22.685","109"
"99","99094","20220710050000","72","2","屏東縣","竹田鄉","120.530","22.630","91"
"182","99099","20220710050000","168","1","屏東縣","竹田鄉","120.535","22.640","179"
"15","99104","20220710050000","29","0","屏東縣","竹田鄉","120.545","22.600","15"
"186","99110","20220710050000","248","0","屏東縣","竹田鄉","120.520","22.615","231"
"181","99116","20220710050000","326","0","屏東縣","竹田鄉","120.525","22.620","246"
"82","99293","20220710050000","514","0","屏東縣","萬丹鄉","120.465","22.605","66"
"293","99294","20220710050000","236","2","屏東縣","萬丹鄉","120.470","22.605","286"
"54","99299","20220710050000","696","0","屏東縣","萬丹鄉","120.495","22.595","51"
"534","99310","20220710050000","553","0","屏東縣","長治鄉","120.520","22.680","551"
"62","99313","20220710050000","113","0","屏東縣","長治鄉","120.525","22.685","60"
"17","99317","20220710050000","310","0","屏東縣","長治鄉","120.565","22.670","28"
"742","99340","20220710050000","422","3","屏東縣","長治鄉","120.590","22.695","772"
"384","99352","20220710050000","553","0","屏東縣","長治鄉","120.575","22.705","351"
"93","99358","20220710050000","60","3","屏東縣","長治鄉","120.580","22.710","102"
"37","99371","20220710050000","24","3","屏東縣","鹽埔鄉","120.580","22.720","35"
"111","99390","20220710050000","85","2","屏東縣","長治鄉","120.570","22.700","104"
"17","99551","20220710050000","24","0","屏東縣","霧台鄉","120.755","22.730","18"
"39","99607","20220710050000","20","3","屏東縣","高樹鄉","120.630","22.735","24"
"54","99617","20220710050000","41","2","屏東縣","萬丹鄉","120.450","22.620","52"
"24","99627","20220710050000","320","0","屏東縣","萬丹鄉","120.465","22.625","17"
"25","99670","20220710050000","139","0","屏東縣","九如鄉","120.485","22.735","27"
"693","99671","20220710050000","899","0","屏東縣","屏東市","120.490","22.665","889"
"11","99677","20220710050000","11","1","屏東縣","屏東市","120.485","22.705","11"
"317","99690","20220710050000","168","3","屏東縣","九如鄉","120.520","22.710","290"
"392","99716","20220710050000","270","2","臺東縣","綠島鄉","121.470","22.670","372"
"323","99719","20220710050000","177","3","臺東縣","綠島鄉","121.470","22.675","406"
"41","99724","20220710050000","24","3","臺東縣","綠島鄉","121.495","22.640","37"
"114","99732","20220710050000","116","0","臺東縣","綠島鄉","121.500","22.645","116"
"71","99739","20220710050000","21","3","臺東縣","綠島鄉","121.505","22.655","68"
"276","99759","20220710050000","163","3","臺東縣","綠島鄉","121.490","22.675","417"
"25","99760","20220710050000","21","1","臺東縣","綠島鄉","121.495","22.675","16"
"69","99762","20220710050000","35","3","臺東縣","綠島鄉","121.505","22.675","68"
"117","99767","20220710050000","77","3","臺東縣","綠島鄉","121.475","22.650","103"
"117","99769","20220710050000","104","1","臺東縣","綠島鄉","121.485","22.650","117"
"287","99774","20220710050000","272","1","臺東縣","綠島鄉","121.475","22.660","298"
"326","99777","20220710050000","196","3","臺東縣","綠島鄉","121.470","22.665","270"
"749","99779","20220710050000","644","1","臺東縣","綠島鄉","121.465","22.670","909"
"400","99780","20220710050000","311","2","高雄市","楠梓區","120.295","22.715","504"
"105","99782","20220710050000","166","0","高雄市","楠梓區","120.305","22.710","122"
"883","99783","20220710050000","502","3","高雄市","楠梓區","120.300","22.715","857"
"436","99784","20220710050000","408","1","高雄市","楠梓區","120.305","22.715","459"
"96","99785","20220710050000","371","0","高雄市","楠梓區","120.310","22.715","92"
"264","99787","20220710050000","445","0","高雄市","前金區","120.290","22.625","351"
"926","99788","20220710050000","739","2","高雄市","前金區","120.300","22.620","1130"
"571","99792","20220710050000","597","0","臺東縣","臺東市","121.050","22.705","575"
"345","99796","20220710050000","406","0","臺東縣","臺東市","121.040","22.705","464"
"964","99800","20220710050000","566","3","臺東縣","臺東市","121.045","22.710","1042"
"414","99817","20220710050000","278","2","臺東縣","臺東市","121.060","22.710","375"
"602","99819","20220710050000","643","0","臺東縣","臺東市","121.070","22.710","724"
"154","99837","20220710050000","112","2","臺東縣","臺東市","121.070","22.720","136"
"45","99854","20220710050000","66","0","臺東縣","臺東市","121.085","22.730","41"
"52","99856","20220710050000","48","1","高雄市","大寮區","120.415","22.620","56"
"32","99859","20220710050000","30","1","高雄市","大寮區","120.430","22.620","43"
"239","99862","20220710050000","234","1","高雄市","大寮區","120.425","22.625","231"
"2221","99875","20220710050000","1456","3","高雄市","鳥松區","120.335","22.655","2207"
"416","99876","20220710050000","763","0","高雄市","前鎮區","120.315","22.595","525"
"1026","99877","20220710050000","806","2","高雄市","三民區","120.320","22.670","1045"
"302","99885","20220710050000","305","0","臺東縣","臺東市","121.055","22.725","307"
"743","99892","20220710050000","782","0","高雄市","前鎮區","120.305","22.605","917"
"1288","99893","20220710050000","977","2","高雄市","前鎮區","120.315","22.615","1515"
"1359","99894","20220710050000","1096","2","高雄市","前鎮區","120.305","22.600","1493"
"1209","99895","20220710050000","1843","0","高雄市","前鎮區","120.330","22.610","1585"
"11","99897","20220710050000","47","0","高雄市","仁武區","120.330","22.705","21"
"490","99898","20220710050000","450","1","高雄市","仁武區","120.335","22.705","654"
"251","99899","20220710050000","288","0","高雄市","仁武區","120.330","22.710","342"
"274","99900","20220710050000","183","2","高雄市","仁武區","120.335","22.710","288"
"12","99901","20220710050000","11","1","高雄市","仁武區","120.330","22.715","10"
"138","99902","20220710050000","182","0","高雄市","楠梓區","120.330","22.720","205"
"26","99903","20220710050000","21","2","高雄市","三民區","120.290","22.640","15"
"42","99905","20220710050000","673","0","高雄市","仁武區","120.355","22.680","36"
"299","99906","20220710050000","1346","0","高雄市","仁武區","120.355","22.685","287"
"657","99908","20220710050000","682","0","高雄市","仁武區","120.345","22.685","664"
"80","99912","20220710050000","80","1","高雄市","仁武區","120.365","22.690","111"
"17","99913","20220710050000","11","3","高雄市","仁武區","120.370","22.690","13"
"111","99914","20220710050000","143","0","高雄市","仁武區","120.375","22.690","161"
"119","99919","20220710050000","96","2","高雄市","仁武區","120.375","22.695","110"
"330","99924","20220710050000","336","0","高雄市","仁武區","120.365","22.700","386"
"115","99927","20220710050000","95","2","高雄市","仁武區","120.380","22.700","154"
"248","99930","20220710050000","183","2","高雄市","仁武區","120.395","22.700","299"
"1603","99933","20220710050000","1866","0","高雄市","鹽埕區","120.285","22.630","2200"
"1245","99935","20220710050000","1636","0","高雄市","楠梓區","120.325","22.725","1679"
"445","99936","20220710050000","221","3","高雄市","楠梓區","120.315","22.735","436"
"896","99937","20220710050000","758","1","高雄市","楠梓區","120.320","22.730","902"
"1269","99940","20220710050000","1176","1","高雄市","楠梓區","120.300","22.710","1465"
"1498","99941","20220710050000","1695","0","高雄市","三民區","120.320","22.650","1774"
"1878","99942","20220710050000","2152","0","高雄市","前金區","120.295","22.630","2551"
"443","99943","20220710050000","764","0","高雄市","三民區","120.290","22.645","586"
"46","99944","20220710050000","738","0","高雄市","鳳山區","120.375","22.635","47"
"1844","99945","20220710050000","1321","2","高雄市","鳳山區","120.365","22.625","2200"
"591","99946","20220710050000","471","2","高雄市","鳳山區","120.370","22.625","778"
"47","99951","20220710050000","207","0","高雄市","大樹區","120.420","22.695","48"
"22","99964","20220710050000","13","3","高雄市","大樹區","120.410","22.690","21"
"14","99968","20220710050000","11","2","高雄市","大樹區","120.405","22.690","13"
"59","99973","20220710050000","51","1","高雄市","大樹區","120.400","22.700","56"
"87","99976","20220710050000","129","0","高雄市","大社區","120.340","22.725","104"
"236","99979","20220710050000","462","0","高雄市","大社區","120.345","22.725","231"
"31","99983","20220710050000","449","0","高雄市","左營區","120.300","22.685","29"
"450","99984","20220710050000","462","0","高雄市","左營區","120.305","22.690","437"
"1443","99985","20220710050000","917","3","高雄市","左營區","120.310","22.685","1417"
"1226","99987","20220710050000","534","3","高雄市","左營區","120.315","22.690","1276"
"821","99989","20220710050000","934","0","高雄市","新興區","120.305","22.630","1044"
"124","99990","20220710050000","199","0","高雄市","大寮區","120.385","22.615","121"
"808","99993","20220710050000","1049","0","高雄市","大寮區","120.380","22.620","830"
"493","99994","20220710050000","205","3","高雄市","大寮區","120.385","22.620","482"
"19","99999","20220710050000","13","2","高雄市","大寮區","120.375","22.600","18"
"1399","100002","20220710050000","1770","0","高雄市","三民區","120.295","22.635","1877"
"620","100003","20220710050000","717","0","高雄市","前金區","120.300","22.625","814"
"1177","100004","20220710050000","1479","0","高雄市","新興區","120.300","22.630","1393"
"501","100005","20220710050000","601","0","高雄市","大寮區","120.385","22.600","510"
"891","100007","20220710050000","749","1","高雄市","大寮區","120.385","22.610","871"
"105","100010","20220710050000","428","0","高雄市","苓雅區","120.330","22.625","104"
"2594","100011","20220710050000","2751","0","高雄市","鳳山區","120.360","22.635","3280"
"777","100012","20220710050000","752","1","高雄市","鳳山區","120.365","22.630","873"
"351","100013","20220710050000","311","1","高雄市","鳳山區","120.375","22.640","330"
"418","100014","20220710050000","1402","0","高雄市","鳳山區","120.350","22.615","404"
"2195","100015","20220710050000","1411","3","高雄市","楠梓區","120.300","22.725","2096"
"1339","100016","20220710050000","1034","2","高雄市","橋頭區","120.300","22.730","1306"
"854","100017","20220710050000","1361","0","高雄市","橋頭區","120.305","22.730","864"
"717","100019","20220710050000","1352","0","高雄市","鳳山區","120.345","22.615","739"
"614","100021","20220710050000","212","3","高雄市","楠梓區","120.285","22.725","665"
"236","100022","20220710050000","1169","0","高雄市","楠梓區","120.290","22.725","325"
"576","100023","20220710050000","589","0","高雄市","橋頭區","120.295","22.730","794"
"224","100025","20220710050000","276","0","高雄市","楠梓區","120.285","22.730","274"
"951","100028","20220710050000","1517","0","高雄市","楠梓區","120.290","22.715","1429"
"1071","100029","20220710050000","1480","0","高雄市","楠梓區","120.290","22.720","1447"
"1089","100032","20220710050000","1406","0","高雄市","苓雅區","120.300","22.610","1218"
"1281","100033","20220710050000","1258","1","高雄市","苓雅區","120.335","22.625","1278"
"2345","100034","20220710050000","2552","0","高雄市","前鎮區","120.310","22.615","2797"
"214","100038","20220710050000","140","3","高雄市","大寮區","120.405","22.640","264"
"345","100039","20220710050000","259","2","高雄市","大寮區","120.410","22.640","348"
"2652","100044","20220710050000","1878","2","高雄市","三民區","120.325","22.650","3022"
"706","100045","20220710050000","545","2","高雄市","三民區","120.320","22.655","927"
"810","100047","20220710050000","1494","0","高雄市","鳳山區","120.380","22.630","823"
"3482","100048","20220710050000","3652","0","高雄市","苓雅區","120.320","22.620","4685"
"2079","100049","20220710050000","2754","0","高雄市","新興區","120.310","22.630","1995"
"425","100050","20220710050000","409","1","高雄市","三民區","120.315","22.650","386"
"389","100052","20220710050000","595","0","高雄市","三民區","120.315","22.655","548"
"2167","100053","20220710050000","1131","3","高雄市","三民區","120.330","22.640","2206"
"1181","100054","20220710050000","662","3","高雄市","三民區","120.315","22.640","1577"
"121","100057","20220710050000","214","0","高雄市","前鎮區","120.285","22.605","154"
"129","100058","20220710050000","105","2","高雄市","前鎮區","120.290","22.605","121"
"327","100059","20220710050000","180","3","高雄市","前鎮區","120.300","22.605","445"
"76","100071","20220710050000","44","3","臺東縣","太麻里鄉","121.025","22.670","109"
"108","100074","20220710050000","89","2","臺東縣","太麻里鄉","121.040","22.670","141"
"166","100530","20220710050000","101","3","臺東縣","金峰鄉","120.950","22.640","140"
"109","100729","20220710050000","69","3","臺東縣","金峰鄉","121.000","22.635","122"
"683","100742","20220710050000","601","1","高雄市","鳳山區","120.360","22.625","657"
"959","100743","20220710050000","1429","0","高雄市","三民區","120.305","22.640","982"
"103","100744","20220710050000","1061","0","高雄市","楠梓區","120.295","22.725","109"
"1947","100745","20220710050000","1267","3","高雄市","楠梓區","120.300","22.720","2018"
"107","100746","20220710050000","96","1","高雄市","鳳山區","120.365","22.605","106"
"756","100747","20220710050000","1212","0","高雄市","鳳山區","120.360","22.610","1047"
"505","100753","20220710050000","487","1","高雄市","鳳山區","120.355","22.605","623"
"29","100755","20220710050000","25","1","高雄市","鳳山區","120.365","22.615","53"
"54","100759","20220710050000","41","2","高雄市","左營區","120.295","22.695","61"
"104","100760","20220710050000","87","1","高雄市","左營區","120.295","22.700","73"
"1755","100762","20220710050000","1443","2","高雄市","三民區","120.315","22.645","1691"
"1907","100764","20220710050000","1956","0","高雄市","三民區","120.310","22.640","2695"
"1189","100765","20220710050000","1595","0","高雄市","前金區","120.290","22.630","1698"
"1342","100766","20220710050000","859","3","高雄市","三民區","120.295","22.645","1826"
"50","100767","20220710050000","65","0","高雄市","仁武區","120.340","22.705","79"
"140","100768","20220710050000","877","0","高雄市","仁武區","120.345","22.705","130"
"139","100771","20220710050000","138","1","高雄市","仁武區","120.340","22.715","125"
"842","100773","20220710050000","972","0","高雄市","仁武區","120.350","22.690","1014"
"865","100775","20220710050000","523","3","高雄市","仁武區","120.350","22.695","924"
"34","100777","20220710050000","555","0","高雄市","仁武區","120.355","22.700","36"
"60","100778","20220710050000","52","1","高雄市","仁武區","120.350","22.705","52"
"181","100779","20220710050000","203","0","高雄市","仁武區","120.355","22.705","225"
"302","100781","20220710050000","389","0","高雄市","仁武區","120.350","22.710","427"
"97","100783","20220710050000","94","1","高雄市","仁武區","120.345","22.715","124"
"75","100784","20220710050000","119","0","高雄市","仁武區","120.350","22.715","68"
"1038","100786","20220710050000","1566","0","高雄市","前鎮區","120.335","22.605","1160"
"2824","100787","20220710050000","2478","1","高雄市","前鎮區","120.330","22.600","2799"
"2005","100788","20220710050000","1950","1","高雄市","三民區","120.335","22.650","2328"
"622","100789","20220710050000","826","0","高雄市","三民區","120.325","22.655","845"
"30","100790","20220710050000","25","2","臺東縣","太麻里鄉","120.975","22.600","24"
"562","100808","20220710050000","785","0","臺東縣","太麻里鄉","121.005","22.610","702"
"1956","100829","20220710050000","1986","0","高雄市","苓雅區","120.340","22.630","2298"
"1424","100830","20220710050000","1780","0","高雄市","鳳山區","120.345","22.630","1909"
"1213","100831","20220710050000","2428","0","高雄市","鳳山區","120.365","22.640","1273"
"1920","100832","20220710050000","1443","2","高雄市","苓雅區","120.325","22.615","2480"
"1548","100833","20220710050000","1238","2","高雄市","左營區","120.305","22.660","1706"
"2464","100834","20220710050000","2480","0","高雄市","左營區","120.310","22.660","2705"
"2966","100835","20220710050000","2506","1","高雄市","左營區","120.305","22.665","2923"
"1346","100836","20220710050000","2282","0","高雄市","左營區","120.310","22.665","1809"
"1686","100837","20220710050000","2299","0","高雄市","左營區","120.300","22.670","1959"
"828","100838","20220710050000","800","1","高雄市","左營區","120.305","22.670","1013"
"2305","100839","20220710050000","1950","1","高雄市","左營區","120.300","22.680","2285"
"1378","100842","20220710050000","1767","0","高雄市","新興區","120.305","22.635","1873"
"37","100844","20220710050000","31","1","高雄市","大寮區","120.385","22.635","31"
"1936","100848","20220710050000","1558","2","高雄市","大寮區","120.395","22.640","1977"
"1949","100851","20220710050000","1821","1","高雄市","三民區","120.325","22.675","2380"
"1793","100852","20220710050000","1790","1","高雄市","三民區","120.325","22.660","1930"
"2313","100853","20220710050000","1711","2","高雄市","三民區","120.330","22.660","2362"
"1132","100854","20220710050000","2536","0","高雄市","三民區","120.325","22.665","1463"
"12","100855","20220710050000","405","0","高雄市","鳥松區","120.335","22.665","12"
"66","100856","20220710050000","742","0","高雄市","三民區","120.330","22.665","55"
"380","100858","20220710050000","456","0","高雄市","三民區","120.330","22.670","497"
"2367","100860","20220710050000","2551","0","高雄市","三民區","120.335","22.645","2599"
"93","100861","20220710050000","60","3","高雄市","前鎮區","120.310","22.605","110"
"2006","100862","20220710050000","2857","0","高雄市","前鎮區","120.310","22.610","2318"
"551","100863","20220710050000","1051","0","高雄市","前鎮區","120.315","22.610","698"
"291","100864","20220710050000","207","2","高雄市","左營區","120.290","22.700","241"
"1273","100865","20220710050000","1130","1","高雄市","左營區","120.285","22.680","1226"
"669","100866","20220710050000","424","3","高雄市","左營區","120.290","22.680","670"
"685","100867","20220710050000","830","0","高雄市","鳳山區","120.350","22.640","812"
"1950","100868","20220710050000","1200","3","高雄市","鳳山區","120.350","22.630","1944"
"831","100869","20220710050000","1284","0","高雄市","鳳山區","120.350","22.645","821"
"1143","100870","20220710050000","1662","0","高雄市","鳳山區","120.350","22.635","1313"
"1799","100871","20220710050000","1896","0","高雄市","苓雅區","120.335","22.620","2063"
"1161","100872","20220710050000","2120","0","高雄市","鳳山區","120.340","22.600","1017"
"2241","100873","20220710050000","1351","3","高雄市","三民區","120.320","22.645","2722"
"1759","100874","20220710050000","1762","0","高雄市","三民區","120.325","22.645","1797"
"1599","100875","20220710050000","1269","2","高雄市","三民區","120.290","22.635","2137"
"1449","100877","20220710050000","1618","0","高雄市","三民區","120.325","22.670","1527"
"1097","100878","20220710050000","1539","0","高雄市","三民區","120.315","22.660","1103"
"1386","100879","20220710050000","1666","0","高雄市","三民區","120.320","22.660","1369"
"2298","100880","20220710050000","3204","0","高雄市","三民區","120.315","22.665","2217"
"157","100881","20220710050000","1846","0","高雄市","三民區","120.320","22.665","156"
"1275","100883","20220710050000","641","3","高雄市","前鎮區","120.305","22.610","1436"
"221","100888","20220710050000","683","0","高雄市","大寮區","120.390","22.625","248"
"2285","100890","20220710050000","1982","1","高雄市","三民區","120.335","22.640","2609"
"1913","100891","20220710050000","2613","0","高雄市","鳳山區","120.345","22.635","2542"
"441","100909","20220710050000","559","0","臺東縣","臺東市","121.055","22.705","591"
"193","100915","20220710050000","190","1","臺東縣","太麻里鄉","121.010","22.625","226"
"65","100925","20220710050000","42","3","臺東縣","太麻里鄉","121.015","22.640","52"
"498","100938","20220710050000","401","2","臺東縣","臺東市","121.100","22.725","452"
"162","100946","20220710050000","436","0","高雄市","鳥松區","120.350","22.665","188"
"1376","100947","20220710050000","765","3","高雄市","鳥松區","120.355","22.665","1407"
"345","100948","20220710050000","299","1","高雄市","鳥松區","120.360","22.665","334"
"32","100954","20220710050000","56","0","高雄市","仁武區","120.370","22.680","53"
"10","100961","20220710050000","11","0","高雄市","鳥松區","120.380","22.685","11"
"461","100966","20220710050000","375","2","高雄市","鳥松區","120.395","22.665","449"
"32","100969","20220710050000","64","0","高雄市","鳥松區","120.390","22.675","28"
"1503","100974","20220710050000","1709","0","高雄市","三民區","120.340","22.645","1603"
"287","100975","20220710050000","215","2","高雄市","鳥松區","120.345","22.655","270"
"452","100977","20220710050000","436","1","高雄市","鳥松區","120.340","22.655","617"
"302","100978","20220710050000","183","3","高雄市","鳥松區","120.340","22.660","411"
"359","100982","20220710050000","470","0","高雄市","鳥松區","120.390","22.660","377"
"421","100983","20220710050000","384","1","高雄市","鳥松區","120.395","22.660","427"
"85","100986","20220710050000","1337","0","高雄市","鳳山區","120.360","22.640","80"
"983","100987","20220710050000","1020","0","高雄市","鳥松區","120.355","22.645","957"
"131","100988","20220710050000","138","0","高雄市","鳳山區","120.360","22.645","117"
"481","100989","20220710050000","253","3","高雄市","鳥松區","120.365","22.645","425"
"739","100992","20220710050000","628","1","高雄市","鳥松區","120.355","22.650","708"
"425","100995","20220710050000","442","0","高雄市","鳥松區","120.370","22.650","461"
"69","100997","20220710050000","85","0","高雄市","鳥松區","120.355","22.655","75"
"1141","100998","20220710050000","855","2","高雄市","鳥松區","120.360","22.655","1114"
"534","101004","20220710050000","466","1","高雄市","鳥松區","120.360","22.660","528"
"558","101009","20220710050000","507","1","高雄市","鳥松區","120.370","22.665","563"
"37","101010","20220710050000","77","0","高雄市","鳥松區","120.340","22.665","58"
"19","101012","20220710050000","11","3","高雄市","仁武區","120.345","22.670","14"
"492","101014","20220710050000","385","2","高雄市","鳥松區","120.370","22.670","472"
"327","101017","20220710050000","213","3","高雄市","鳥松區","120.380","22.655","315"
"215","101018","20220710050000","106","3","高雄市","鳥松區","120.385","22.655","222"
"80","101019","20220710050000","73","1","高雄市","鳥松區","120.370","22.660","82"
"261","101021","20220710050000","290","0","高雄市","鳥松區","120.380","22.660","277"
"558","101029","20220710050000","630","0","高雄市","鳳山區","120.355","22.625","803"
"2404","101030","20220710050000","2332","1","高雄市","鳳山區","120.355","22.635","3052"
"28","101034","20220710050000","25","1","高雄市","鳳山區","120.380","22.625","27"
"600","101035","20220710050000","495","2","高雄市","楠梓區","120.325","22.705","589"
"32","101038","20220710050000","27","1","高雄市","仁武區","120.330","22.695","28"
"269","101039","20220710050000","358","0","高雄市","仁武區","120.325","22.700","325"
"505","101043","20220710050000","1288","0","高雄市","前鎮區","120.315","22.605","489"
"2175","101044","20220710050000","2411","0","高雄市","三民區","120.335","22.635","2598"
"180","101045","20220710050000","1281","0","高雄市","三民區","120.345","22.640","185"
"123","101046","20220710050000","1153","0","高雄市","仁武區","120.345","22.675","116"
"500","101047","20220710050000","654","0","高雄市","仁武區","120.350","22.675","667"
"213","101048","20220710050000","717","0","高雄市","仁武區","120.340","22.680","215"
"627","101049","20220710050000","535","1","高雄市","仁武區","120.345","22.680","650"
"1511","101052","20220710050000","1437","1","高雄市","仁武區","120.325","22.685","1529"
"983","101053","20220710050000","788","2","高雄市","仁武區","120.325","22.690","934"
"593","101055","20220710050000","378","3","高雄市","仁武區","120.325","22.695","661"
"295","101056","20220710050000","113","3","高雄市","仁武區","120.320","22.695","298"
"142","101058","20220710050000","213","0","高雄市","仁武區","120.330","22.700","125"
"215","101059","20220710050000","1023","0","高雄市","鳳山區","120.365","22.635","278"
"906","101061","20220710050000","1188","0","高雄市","苓雅區","120.295","22.615","1149"
"1109","101062","20220710050000","1308","0","高雄市","苓雅區","120.320","22.625","1093"
"1995","101063","20220710050000","1726","1","高雄市","鳳山區","120.375","22.625","1951"
"51","101064","20220710050000","929","0","高雄市","鳳山區","120.375","22.620","48"
"21","101068","20220710050000","31","0","高雄市","鳳山區","120.365","22.620","18"
"564","101069","20220710050000","436","2","高雄市","鳳山區","120.370","22.620","583"
"1745","101074","20220710050000","1799","0","高雄市","左營區","120.290","22.675","1752"
"44","101076","20220710050000","201","0","高雄市","梓官區","120.250","22.730","45"
"949","101077","20220710050000","869","1","高雄市","梓官區","120.255","22.730","932"
"621","101086","20220710050000","546","1","高雄市","楠梓區","120.275","22.725","549"
"19","101090","20220710050000","617","0","高雄市","楠梓區","120.280","22.725","16"
"509","101092","20220710050000","676","0","高雄市","楠梓區","120.280","22.730","675"
"1354","101094","20220710050000","1061","2","高雄市","楠梓區","120.320","22.725","1311"
"1480","101095","20220710050000","978","3","高雄市","楠梓區","120.285","22.710","1452"
"274","101096","20220710050000","195","2","高雄市","左營區","120.300","22.695","245"
"1170","101100","20220710050000","1502","0","高雄市","苓雅區","120.315","22.625","1584"
"1153","101101","20220710050000","1408","0","高雄市","鹽埕區","120.280","22.625","1168"
"1574","101102","20220710050000","1069","2","高雄市","苓雅區","120.325","22.620","2112"
"425","101103","20220710050000","392","1","高雄市","左營區","120.310","22.670","421"
"1443","101104","20220710050000","917","3","高雄市","左營區","120.315","22.670","1430"
"1663","101105","20220710050000","1640","1","高雄市","左營區","120.300","22.675","1616"
"392","101106","20220710050000","292","2","高雄市","左營區","120.295","22.680","406"
"2298","101107","20220710050000","2017","1","高雄市","左營區","120.305","22.675","2280"
"459","101109","20220710050000","890","0","高雄市","鳳山區","120.340","22.610","427"
"1148","101110","20220710050000","1334","0","高雄市","鳳山區","120.335","22.615","1411"
"104","101111","20220710050000","694","0","高雄市","鳳山區","120.340","22.615","111"
"490","101113","20220710050000","2402","0","高雄市","鳳山區","120.340","22.605","616"
"853","101114","20220710050000","785","1","高雄市","鼓山區","120.280","22.655","894"
"1875","101115","20220710050000","1869","1","高雄市","鼓山區","120.280","22.660","2029"
"1223","101116","20220710050000","1106","1","高雄市","鼓山區","120.285","22.650","1174"
"1257","101117","20220710050000","1262","0","高雄市","鼓山區","120.290","22.650","1426"
"1251","101119","20220710050000","1595","0","高雄市","鼓山區","120.290","22.655","1562"
"697","101120","20220710050000","962","0","高雄市","鼓山區","120.285","22.660","723"
"1190","101121","20220710050000","1663","0","高雄市","鼓山區","120.290","22.660","1119"
"791","101122","20220710050000","621","2","高雄市","鼓山區","120.290","22.665","787"
"725","101123","20220710050000","1331","0","高雄市","鼓山區","120.285","22.665","706"
"1151","101124","20220710050000","1073","1","高雄市","鼓山區","120.280","22.645","1287"
"987","101125","20220710050000","855","1","高雄市","鼓山區","120.270","22.625","999"
"1508","101126","20220710050000","2026","0","高雄市","鼓山區","120.280","22.630","1463"
"26","101127","20220710050000","46","0","高雄市","鼓山區","120.275","22.625","27"
"26","101128","20220710050000","41","0","高雄市","鼓山區","120.270","22.635","29"
"23","101129","20220710050000","23","1","高雄市","鼓山區","120.275","22.635","14"
"1112","101132","20220710050000","1286","0","高雄市","三民區","120.320","22.640","1425"
"798","101133","20220710050000","1598","0","高雄市","鳥松區","120.340","22.650","893"
"3033","101134","20220710050000","2559","1","高雄市","三民區","120.340","22.640","2924"
"1639","101135","20220710050000","2260","0","高雄市","三民區","120.345","22.645","1630"
"192","101137","20220710050000","308","0","高雄市","梓官區","120.260","22.725","203"
"477","101139","20220710050000","279","3","高雄市","梓官區","120.255","22.725","492"
"29","101449","20220710050000","36","0","臺東縣","卑南鄉","120.990","22.690","40"
"602","101488","20220710050000","616","0","臺東縣","卑南鄉","121.020","22.695","449"
"42","101568","20220710050000","235","0","臺東縣","卑南鄉","121.030","22.700","26"
"20","101743","20220710050000","29","0","臺東縣","臺東市","121.130","22.725","20"
"1062","101748","20220710050000","1377","0","高雄市","苓雅區","120.300","22.615","1177"
"1044","101749","20220710050000","1163","0","高雄市","苓雅區","120.325","22.630","1036"
"586","101750","20220710050000","964","0","高雄市","鳳山區","120.340","22.620","774"
"421","101751","20220710050000","924","0","高雄市","鳳山區","120.370","22.630","411"
"965","101752","20220710050000","1284","0","高雄市","鳳山區","120.355","22.630","1241"
"416","101753","20220710050000","689","0","高雄市","鳳山區","120.360","22.630","468"
"95","101754","20220710050000","354","0","高雄市","鳳山區","120.330","22.615","82"
"64","101757","20220710050000","1221","0","高雄市","苓雅區","120.325","22.635","66"
"23","101758","20220710050000","275","0","高雄市","仁武區","120.350","22.680","21"
"377","101759","20220710050000","353","1","高雄市","鳥松區","120.355","22.670","361"
"125","101760","20220710050000","1189","0","高雄市","仁武區","120.355","22.675","120"
"15","101761","20220710050000","10","3","高雄市","仁武區","120.340","22.690","13"
"19","101763","20220710050000","15","2","高雄市","仁武區","120.335","22.695","21"
"44","101765","20220710050000","35","2","高雄市","仁武區","120.345","22.695","41"
"136","101766","20220710050000","115","1","高雄市","仁武區","120.340","22.700","160"
"761","101767","20220710050000","733","1","高雄市","仁武區","120.345","22.700","746"
"214","101768","20220710050000","485","0","高雄市","仁武區","120.350","22.700","178"
"24","101777","20220710050000","16","3","高雄市","仁武區","120.375","22.710","16"
"26","101778","20220710050000","85","0","高雄市","仁武區","120.380","22.710","32"
"45","101783","20220710050000","64","0","高雄市","仁武區","120.380","22.715","74"
"33","101785","20220710050000","29","1","高雄市","仁武區","120.390","22.715","38"
"24","101790","20220710050000","25","0","高雄市","仁武區","120.390","22.720","31"
"439","101808","20220710050000","416","1","高雄市","三民區","120.335","22.670","464"
"860","101809","20220710050000","672","2","高雄市","仁武區","120.335","22.680","871"
"1788","101810","20220710050000","1406","2","高雄市","仁武區","120.335","22.685","1838"
"1118","101815","20220710050000","717","3","高雄市","仁武區","120.330","22.680","1105"
"84","101817","20220710050000","1393","0","高雄市","仁武區","120.330","22.690","67"
"130","101818","20220710050000","518","0","高雄市","仁武區","120.335","22.690","127"
"896","101819","20220710050000","875","1","高雄市","仁武區","120.330","22.675","945"
"199","101820","20220710050000","641","0","高雄市","仁武區","120.335","22.675","196"
"661","101822","20220710050000","683","0","高雄市","前鎮區","120.320","22.605","858"
"488","101823","20220710050000","386","2","高雄市","前鎮區","120.325","22.605","446"
"151","101824","20220710050000","1122","0","高雄市","前鎮區","120.325","22.610","117"
"2430","101825","20220710050000","2481","0","高雄市","前鎮區","120.320","22.610","3097"
"165","101826","20220710050000","204","0","高雄市","左營區","120.290","22.685","240"
"300","101827","20220710050000","238","2","高雄市","左營區","120.275","22.690","217"
"133","101829","20220710050000","74","3","高雄市","左營區","120.285","22.690","138"
"268","101832","20220710050000","192","2","高雄市","左營區","120.285","22.695","273"
"370","101833","20220710050000","447","0","高雄市","左營區","120.290","22.695","383"
"75","101835","20220710050000","57","2","高雄市","左營區","120.285","22.700","65"
"45","101836","20220710050000","32","2","高雄市","左營區","120.280","22.705","39"
"224","101837","20220710050000","204","1","高雄市","楠梓區","120.285","22.705","237"
"1123","101838","20220710050000","2245","0","高雄市","左營區","120.290","22.670","1447"
"1323","101839","20220710050000","1139","1","高雄市","苓雅區","120.335","22.630","1589"
"887","101840","20220710050000","1826","0","高雄市","三民區","120.340","22.635","890"
"790","101842","20220710050000","994","0","高雄市","鳳山區","120.345","22.625","1089"
"421","101843","20220710050000","671","0","高雄市","鼓山區","120.275","22.660","612"
"54","101852","20220710050000","432","0","臺東縣","太麻里鄉","121.000","22.600","41"
"34","101859","20220710050000","316","0","臺東縣","太麻里鄉","121.010","22.605","28"
"67","101862","20220710050000","63","1","臺東縣","太麻里鄉","121.045","22.675","58"
"305","101876","20220710050000","237","2","臺東縣","太麻里鄉","121.030","22.685","458"
"15","101884","20220710050000","15","1","臺東縣","太麻里鄉","120.995","22.690","20"
"231","101895","20220710050000","146","3","臺東縣","太麻里鄉","121.050","22.690","225"
"17","101899","20220710050000","159","0","臺東縣","卑南鄉","121.010","22.695","12"
"216","101900","20220710050000","326","0","臺東縣","卑南鄉","121.015","22.695","308"
"61","101930","20220710050000","37","3","臺東縣","太麻里鄉","121.020","22.650","63"
"16","101962","20220710050000","115","0","臺東縣","太麻里鄉","121.030","22.660","18"
"753","101964","20220710050000","662","1","高雄市","苓雅區","120.320","22.635","808"
"431","101965","20220710050000","1180","0","高雄市","三民區","120.315","22.635","391"
"1631","101966","20220710050000","1960","0","高雄市","苓雅區","120.330","22.630","2019"
"189","101967","20220710050000","272","0","高雄市","鳳山區","120.350","22.605","282"
"1773","101970","20220710050000","1666","1","高雄市","鳳山區","120.350","22.600","2202"
"1860","101972","20220710050000","1671","1","高雄市","鳳山區","120.335","22.610","2069"
"2322","101973","20220710050000","1510","3","高雄市","苓雅區","120.330","22.635","2641"
"144","101976","20220710050000","86","3","高雄市","大寮區","120.425","22.600","141"
"32","101977","20220710050000","73","0","高雄市","大寮區","120.430","22.600","38"
"59","101981","20220710050000","536","0","高雄市","前金區","120.290","22.620","60"
"1454","101982","20220710050000","1664","0","高雄市","苓雅區","120.340","22.625","1819"
"970","101983","20220710050000","401","3","高雄市","苓雅區","120.330","22.620","951"
"2284","101984","20220710050000","1951","1","高雄市","鼓山區","120.280","22.650","2190"
"551","101985","20220710050000","1361","0","高雄市","三民區","120.285","22.640","740"
"1010","101988","20220710050000","949","1","高雄市","楠梓區","120.285","22.715","1308"
"1793","101989","20220710050000","1959","0","高雄市","苓雅區","120.305","22.620","2427"
"12","101990","20220710050000","47","0","高雄市","苓雅區","120.320","22.615","12"
"63","101991","20220710050000","1047","0","高雄市","苓雅區","120.320","22.630","77"
"1911","101992","20220710050000","2016","0","高雄市","前金區","120.295","22.620","2372"
"920","101993","20220710050000","546","3","高雄市","苓雅區","120.325","22.625","1145"
"1272","101995","20220710050000","1361","0","高雄市","鼓山區","120.275","22.620","1293"
"117","101996","20220710050000","103","1","高雄市","鹽埕區","120.280","22.620","110"
"29","101997","20220710050000","633","0","高雄市","左營區","120.295","22.705","25"
"3487","101998","20220710050000","1903","3","高雄市","左營區","120.310","22.675","3514"
"738","101999","20220710050000","817","0","高雄市","左營區","120.315","22.675","743"
"994","102000","20220710050000","711","2","高雄市","左營區","120.320","22.675","968"
"63","102001","20220710050000","752","0","高雄市","左營區","120.305","22.685","68"
"570","102002","20220710050000","390","2","高雄市","左營區","120.310","22.680","599"
"2593","102003","20220710050000","1686","3","高雄市","左營區","120.320","22.680","2608"
"46","102005","20220710050000","123","0","高雄市","大寮區","120.395","22.600","48"
"304","102006","20220710050000","272","1","高雄市","大寮區","120.390","22.600","296"
"393","102007","20220710050000","320","2","高雄市","大寮區","120.390","22.605","429"
"940","102008","20220710050000","715","2","高雄市","大寮區","120.395","22.605","948"
"652","102010","20220710050000","624","1","高雄市","大寮區","120.400","22.610","637"
"17","102011","20220710050000","20","0","高雄市","大寮區","120.405","22.610","15"
"770","102013","20220710050000","623","2","高雄市","大寮區","120.405","22.615","788"
"557","102015","20220710050000","832","0","高雄市","鳳山區","120.355","22.640","784"
"815","102017","20220710050000","665","2","高雄市","鼓山區","120.280","22.635","1090"
"1114","102018","20220710050000","935","1","高雄市","鳳山區","120.370","22.635","1489"
"739","102019","20220710050000","1138","0","高雄市","鼓山區","120.295","22.665","689"
"2590","102020","20220710050000","3334","0","高雄市","鼓山區","120.300","22.665","3222"
"15","102021","20220710050000","35","0","高雄市","鼓山區","120.265","22.625","13"
"153","102022","20220710050000","313","0","高雄市","鼓山區","120.265","22.630","116"
"16","102024","20220710050000","106","0","高雄市","鼓山區","120.260","22.635","14"
"135","102030","20220710050000","169","0","高雄市","鼓山區","120.255","22.645","186"
"29","102031","20220710050000","50","0","高雄市","鼓山區","120.260","22.645","27"
"585","102045","20220710050000","731","0","高雄市","鼓山區","120.275","22.650","650"
"559","102046","20220710050000","353","3","高雄市","苓雅區","120.310","22.620","689"
"2089","102047","20220710050000","2119","0","高雄市","左營區","120.295","22.670","2103"
"26","102048","20220710050000","335","0","高雄市","鼓山區","120.285","22.670","16"
"96","102049","20220710050000","959","0","高雄市","鼓山區","120.280","22.640","81"
"324","102052","20220710050000","320","1","高雄市","大樹區","120.430","22.675","327"
"373","102078","20220710050000","459","0","高雄市","大樹區","120.410","22.675","377"
"215","102079","20220710050000","231","0","高雄市","大樹區","120.405","22.680","203"
"80","102090","20220710050000","149","0","高雄市","大樹區","120.395","22.690","38"
"932","102093","20220710050000","805","1","高雄市","大樹區","120.430","22.690","986"
"463","102098","20220710050000","386","1","高雄市","大樹區","120.435","22.695","452"
"308","102111","20220710050000","393","0","高雄市","大樹區","120.410","22.660","312"
"915","102113","20220710050000","481","3","高雄市","大樹區","120.410","22.665","922"
"311","102120","20220710050000","268","1","高雄市","大樹區","120.445","22.725","323"
"297","102123","20220710050000","298","0","高雄市","大樹區","120.445","22.730","306"
"111","102126","20220710050000","96","1","高雄市","大樹區","120.445","22.735","125"
"99","102132","20220710050000","119","0","高雄市","大樹區","120.425","22.665","136"
"144","102141","20220710050000","72","3","高雄市","大樹區","120.425","22.675","156"
"1154","102143","20220710050000","1455","0","高雄市","左營區","120.295","22.690","1367"
"690","102144","20220710050000","778","0","高雄市","鳳山區","120.360","22.620","927"
"1403","102146","20220710050000","1693","0","高雄市","鳳山區","120.355","22.620","1510"
"482","102147","20220710050000","464","1","高雄市","鳳山區","120.335","22.600","485"
"3244","102148","20220710050000","2026","3","高雄市","新興區","120.315","22.630","3104"
"1067","102149","20220710050000","1136","0","高雄市","苓雅區","120.305","22.615","1456"
"1554","102150","20220710050000","1213","2","高雄市","鳳山區","120.345","22.605","1760"
"2304","102151","20220710050000","1978","1","高雄市","前鎮區","120.330","22.605","2642"
"1407","102152","20220710050000","1280","1","高雄市","鳥松區","120.345","22.650","1676"
"1801","102153","20220710050000","1962","0","高雄市","三民區","120.330","22.650","1777"
"551","102154","20220710050000","1261","0","高雄市","三民區","120.330","22.655","536"
"58","102157","20220710050000","361","0","高雄市","仁武區","120.360","22.675","54"
"101","102159","20220710050000","110","0","高雄市","仁武區","120.365","22.680","87"
"443","102160","20220710050000","590","0","高雄市","仁武區","120.360","22.685","621"
"140","102165","20220710050000","124","1","高雄市","仁武區","120.365","22.685","122"
"159","102172","20220710050000","235","0","高雄市","大寮區","120.425","22.605","173"
"67","102173","20220710050000","342","0","高雄市","大寮區","120.430","22.605","64"
"942","102181","20220710050000","695","2","高雄市","大寮區","120.410","22.615","938"
"31","102185","20220710050000","20","3","高雄市","大寮區","120.430","22.615","27"
"310","102186","20220710050000","193","3","高雄市","大寮區","120.420","22.640","317"
"220","102190","20220710050000","236","0","高雄市","大寮區","120.415","22.640","253"
"476","102200","20220710050000","308","3","高雄市","鼓山區","120.270","22.620","465"
"441","102203","20220710050000","579","0","高雄市","大寮區","120.385","22.640","559"
"361","102206","20220710050000","327","1","高雄市","鳥松區","120.385","22.645","352"
"436","102213","20220710050000","145","3","高雄市","鳥松區","120.390","22.650","444"
"734","102215","20220710050000","685","1","高雄市","鳥松區","120.390","22.655","746"
"15","102216","20220710050000","175","0","高雄市","鳥松區","120.395","22.655","14"
"274","102217","20220710050000","135","3","高雄市","鳥松區","120.400","22.655","254"
"370","102227","20220710050000","490","0","高雄市","鼓山區","120.285","22.655","602"
"1032","102228","20220710050000","1350","0","高雄市","三民區","120.295","22.650","1419"
"1933","102229","20220710050000","1139","3","高雄市","鼓山區","120.295","22.655","1776"
"1734","102230","20220710050000","1722","1","高雄市","鼓山區","120.300","22.655","1787"
"891","102231","20220710050000","1526","0","高雄市","鼓山區","120.305","22.655","1160"
"566","102232","20220710050000","625","0","高雄市","左營區","120.310","22.655","518"
"3521","102233","20220710050000","3037","1","高雄市","鼓山區","120.295","22.660","3923"
"117","102235","20220710050000","515","0","高雄市","楠梓區","120.315","22.715","101"
"908","102236","20220710050000","1090","0","高雄市","楠梓區","120.315","22.720","1107"
"347","102237","20220710050000","1664","0","高雄市","楠梓區","120.295","22.710","453"
"1987","102238","20220710050000","2057","0","高雄市","苓雅區","120.315","22.620","2322"
"51","102239","20220710050000","78","0","高雄市","旗津區","120.265","22.615","62"
"579","102241","20220710050000","530","1","高雄市","大寮區","120.410","22.620","562"
"347","102243","20220710050000","292","1","高雄市","大寮區","120.410","22.625","351"
"224","102244","20220710050000","188","1","高雄市","大寮區","120.405","22.630","220"
"147","102246","20220710050000","130","1","高雄市","大樹區","120.425","22.715","145"
"11","102251","20220710050000","31","0","高雄市","大樹區","120.425","22.720","10"
"59","102254","20220710050000","656","0","高雄市","大樹區","120.405","22.725","53"
"83","102259","20220710050000","62","2","高雄市","大樹區","120.430","22.725","76"
"77","102260","20220710050000","1120","0","高雄市","仁武區","120.400","22.730","64"
"18","102261","20220710050000","146","0","高雄市","大樹區","120.405","22.730","15"
"33","102267","20220710050000","47","0","高雄市","大樹區","120.410","22.735","34"
"578","102273","20220710050000","524","1","高雄市","大樹區","120.415","22.655","547"
"373","102274","20220710050000","335","1","高雄市","大樹區","120.420","22.655","348"
"81","102276","20220710050000","587","0","高雄市","大樹區","120.420","22.660","80"
"116","102278","20220710050000","77","3","高雄市","大樹區","120.410","22.645","116"
"49","102279","20220710050000","43","1","高雄市","大樹區","120.415","22.645","51"
"442","102280","20220710050000","776","0","高雄市","大樹區","120.420","22.645","445"
"377","102282","20220710050000","361","1","高雄市","大樹區","120.425","22.650","377"
"470","102285","20220710050000","439","1","高雄市","大樹區","120.425","22.655","443"
"153","102292","20220710050000","209","0","高雄市","大寮區","120.405","22.605","152"
"32","102296","20220710050000","58","0","高雄市","前鎮區(海)","120.285","22.610","46"
"1102","102302","20220710050000","993","1","高雄市","大寮區","120.390","22.635","1120"
"513","102303","20220710050000","556","0","高雄市","大寮區","120.395","22.635","520"
"85","102304","20220710050000","89","0","高雄市","大寮區","120.400","22.635","90"
"214","102305","20220710050000","90","3","高雄市","大寮區","120.400","22.640","246"
"871","102306","20220710050000","1254","0","高雄市","三民區","120.305","22.645","1222"
"1502","102307","20220710050000","1224","2","高雄市","三民區","120.305","22.650","1902"
"1761","102308","20220710050000","1474","1","高雄市","鳳山區","120.345","22.620","1840"
"1416","102309","20220710050000","265","3","高雄市","鳳山區","120.350","22.620","1561"
"360","102310","20220710050000","1337","0","高雄市","鳳山區","120.350","22.625","335"
"116","102311","20220710050000","86","2","高雄市","旗津區","120.275","22.605","111"
"169","102312","20220710050000","125","2","高雄市","旗津區(海)","120.275","22.610","215"
"508","102313","20220710050000","548","0","高雄市","旗津區","120.275","22.600","578"
"541","102314","20220710050000","471","1","高雄市","旗津區","120.270","22.610","568"
"86","102316","20220710050000","62","2","高雄市","大社區","120.365","22.715","104"
"301","102319","20220710050000","336","0","高雄市","大社區","120.350","22.720","318"
"81","102326","20220710050000","59","2","高雄市","大社區","120.340","22.730","62"
"639","102327","20220710050000","1141","0","高雄市","大社區","120.350","22.735","694"
"1392","102328","20220710050000","1511","0","高雄市","大社區","120.345","22.730","1670"
"729","102329","20220710050000","1159","0","高雄市","大社區","120.350","22.730","762"
"535","102330","20220710050000","548","0","高雄市","大社區","120.355","22.730","548"
"72","102333","20220710050000","53","2","高雄市","大社區","120.370","22.730","59"
"56","102335","20220710050000","55","1","高雄市","大社區","120.375","22.730","50"
"210","102340","20220710050000","234","0","高雄市","大社區","120.360","22.720","257"
"1127","102341","20220710050000","1127","1","高雄市","大社區","120.350","22.725","1140"
"614","102342","20220710050000","488","2","高雄市","大社區","120.355","22.725","593"
"113","102345","20220710050000","324","0","高雄市","左營區","120.300","22.690","156"
"30","102347","20220710050000","30","1","高雄市","左營區","120.265","22.675","36"
"60","102349","20220710050000","23","3","高雄市","左營區","120.275","22.675","60"
"109","102350","20220710050000","57","3","高雄市","左營區","120.280","22.675","126"
"77","102353","20220710050000","171","0","高雄市","左營區","120.275","22.680","84"
"521","102354","20220710050000","1062","0","高雄市","左營區","120.280","22.680","554"
"185","102356","20220710050000","161","1","高雄市","左營區","120.265","22.680","234"
"50","102357","20220710050000","95","0","高雄市","左營區","120.270","22.680","123"
"285","102358","20220710050000","322","0","高雄市","左營區","120.280","22.685","316"
"219","102360","20220710050000","138","3","高雄市","左營區","120.265","22.685","86"
"155","102361","20220710050000","152","1","高雄市","左營區","120.275","22.685","160"
"27","102364","20220710050000","164","0","高雄市","左營區","120.295","22.685","30"
"1954","102365","20220710050000","1764","1","高雄市","新興區","120.310","22.625","2290"
"953","102366","20220710050000","800","1","高雄市","新興區","120.305","22.625","1276"
"1630","102370","20220710050000","1182","2","高雄市","仁武區","120.325","22.680","1635"
"2644","102371","20220710050000","2372","1","高雄市","左營區","120.305","22.680","2616"
"705","102372","20220710050000","2336","0","高雄市","左營區","120.315","22.680","716"
"856","102373","20220710050000","877","0","高雄市","左營區","120.315","22.685","873"
"627","102374","20220710050000","823","0","高雄市","仁武區","120.330","22.685","672"
"266","102375","20220710050000","416","0","高雄市","左營區","120.310","22.690","265"
"2445","102376","20220710050000","1842","2","高雄市","左營區","120.320","22.685","2481"
"2401","102377","20220710050000","2770","0","高雄市","三民區","120.310","22.645","3125"
"367","102378","20220710050000","802","0","高雄市","三民區","120.310","22.650","481"
"1530","102380","20220710050000","1568","0","高雄市","三民區","120.325","22.640","1853"
"597","102381","20220710050000","747","0","高雄市","三民區","120.295","22.640","794"
"1287","102382","20220710050000","1540","0","高雄市","三民區","120.300","22.650","1583"
"1480","102383","20220710050000","1284","1","高雄市","新興區","120.300","22.635","1408"
"1479","102384","20220710050000","947","3","高雄市","三民區","120.285","22.635","1450"
"1166","102385","20220710050000","1306","0","高雄市","三民區","120.330","22.645","1194"
"24","102386","20220710050000","33","0","高雄市","楠梓區","120.330","22.725","21"
"48","102387","20220710050000","48","1","高雄市","楠梓區","120.330","22.730","57"
"1604","102388","20220710050000","1525","1","高雄市","楠梓區","120.335","22.730","1586"
"2309","102389","20220710050000","1632","2","高雄市","楠梓區","120.325","22.730","2377"
"1031","102390","20220710050000","1389","0","高雄市","楠梓區","120.285","22.720","1365"
"528","102391","20220710050000","622","0","高雄市","楠梓區","120.290","22.705","532"
"55","102393","20220710050000","45","2","高雄市","楠梓區","120.305","22.700","66"
"95","102408","20220710050000","72","2","高雄市","鼓山區(海)","120.295","22.600","128"
"1344","102417","20220710050000","2065","0","高雄市","三民區","120.300","22.645","1769"
"60","102419","20220710050000","117","0","高雄市","新興區","120.310","22.635","60"
"1710","102420","20220710050000","1510","1","高雄市","三民區","120.300","22.640","1814"
"407","102421","20220710050000","553","0","高雄市","鳳山區","120.345","22.600","534"
"2880","102422","20220710050000","3427","0","高雄市","鳳山區","120.345","22.610","2968"
"309","102423","20220710050000","232","2","高雄市","鳳山區","120.355","22.610","271"
"1587","102424","20220710050000","1320","2","高雄市","鹽埕區","120.285","22.625","1445"
"2044","102425","20220710050000","1180","3","高雄市","鹽埕區","120.285","22.620","2140"
"279","102426","20220710050000","265","1","高雄市","楠梓區","120.305","22.720","303"
"649","102427","20220710050000","731","0","高雄市","楠梓區","120.310","22.720","796"
"852","102428","20220710050000","589","2","高雄市","楠梓區","120.305","22.725","794"
"985","102429","20220710050000","701","2","高雄市","楠梓區","120.310","22.725","934"
"462","102430","20220710050000","1076","0","高雄市","楠梓區","120.315","22.725","609"
"851","102431","20220710050000","1154","0","高雄市","楠梓區","120.315","22.730","1190"
"126","102432","20220710050000","189","0","高雄市","楠梓區","120.265","22.705","229"
"31","102441","20220710050000","202","0","高雄市","楠梓區","120.280","22.715","31"
"240","102442","20220710050000","1072","0","高雄市","楠梓區","120.280","22.720","298"
"430","102444","20220710050000","374","1","高雄市","楠梓區","120.320","22.715","445"
"515","102445","20220710050000","549","0","高雄市","楠梓區","120.325","22.720","738"
"41","102447","20220710050000","673","0","高雄市","楠梓區","120.320","22.720","38"
"130","102448","20220710050000","144","0","高雄市","旗津區","120.270","22.605","125"
"210","102466","20220710050000","145","2","高雄市","大樹區","120.415","22.705","217"
"47","102478","20220710050000","252","0","高雄市","大樹區","120.440","22.710","48"
"267","102482","20220710050000","232","1","高雄市","大樹區","120.445","22.715","243"
"112","111108","20220710050000","661","0","屏東縣","九如鄉","120.480","22.750","115"
"10","111134","20220710050000","13","0","屏東縣","九如鄉","120.490","22.740","13"
"368","111142","20220710050000","182","3","屏東縣","九如鄉","120.500","22.740","348"
"25","111145","20220710050000","167","0","屏東縣","九如鄉","120.500","22.745","33"
"32","111157","20220710050000","395","0","屏東縣","九如鄉","120.500","22.760","28"
"121","111163","20220710050000","106","1","屏東縣","九如鄉","120.495","22.745","108"
"319","111167","20220710050000","216","2","屏東縣","九如鄉","120.490","22.755","275"
"11","111171","20220710050000","163","0","屏東縣","九如鄉","120.495","22.760","12"
"268","111186","20220710050000","177","3","屏東縣","高樹鄉","120.570","22.795","250"
"39","111215","20220710050000","18","3","屏東縣","鹽埔鄉","120.545","22.760","32"
"29","111217","20220710050000","133","0","屏東縣","鹽埔鄉","120.555","22.760","28"
"315","111238","20220710050000","205","3","屏東縣","鹽埔鄉","120.545","22.745","299"
"366","111270","20220710050000","364","1","屏東縣","鹽埔鄉","120.550","22.735","350"
"27","111271","20220710050000","27","1","屏東縣","鹽埔鄉","120.560","22.735","21"
"27","111273","20220710050000","347","0","屏東縣","鹽埔鄉","120.555","22.740","24"
"352","111282","20220710050000","201","3","屏東縣","鹽埔鄉","120.560","22.740","339"
"260","111309","20220710050000","242","1","屏東縣","鹽埔鄉","120.515","22.740","347"
"47","111315","20220710050000","219","0","屏東縣","鹽埔鄉","120.580","22.740","42"
"38","111337","20220710050000","402","0","屏東縣","鹽埔鄉","120.580","22.755","31"
"247","111360","20220710050000","935","0","屏東縣","鹽埔鄉","120.575","22.755","258"
"121","111374","20220710050000","122","0","屏東縣","里港鄉","120.480","22.770","110"
"463","111380","20220710050000","411","1","屏東縣","里港鄉","120.480","22.775","465"
"104","111398","20220710050000","119","0","屏東縣","里港鄉","120.490","22.820","146"
"24","111418","20220710050000","240","0","屏東縣","里港鄉","120.490","22.775","26"
"774","111419","20220710050000","767","1","屏東縣","里港鄉","120.495","22.775","1009"
"79","111451","20220710050000","191","0","屏東縣","里港鄉","120.535","22.775","96"
"43","111459","20220710050000","526","0","屏東縣","里港鄉","120.520","22.785","36"
"206","111491","20220710050000","193","1","屏東縣","里港鄉","120.500","22.780","219"
"103","111507","20220710050000","335","0","屏東縣","高樹鄉","120.615","22.815","104"
"40","111605","20220710050000","86","0","屏東縣","三地門鄉","120.700","22.790","26"
"48","111824","20220710050000","69","0","屏東縣","三地門鄉","120.700","22.765","36"
"206","111907","20220710050000","149","2","屏東縣","三地門鄉","120.635","22.745","188"
"13","112026","20220710050000","67","0","屏東縣","霧台鄉","120.740","22.740","17"
"402","112600","20220710050000","157","3","屏東縣","里港鄉","120.505","22.810","395"
"285","112635","20220710050000","256","1","屏東縣","里港鄉","120.490","22.805","272"
"398","112659","20220710050000","370","1","屏東縣","里港鄉","120.505","22.815","385"
"15","112669","20220710050000","78","0","屏東縣","里港鄉","120.505","22.820","23"
"233","112687","20220710050000","175","2","屏東縣","里港鄉","120.535","22.825","244"
"164","112714","20220710050000","93","3","屏東縣","里港鄉","120.485","22.765","158"
"1051","112719","20220710050000","954","1","屏東縣","里港鄉","120.495","22.780","1313"
"39","112920","20220710050000","83","0","屏東縣","霧台鄉","120.725","22.740","24"
"152","112942","20220710050000","147","1","屏東縣","高樹鄉","120.595","22.775","229"
"20","112982","20220710050000","18","1","屏東縣","高樹鄉","120.615","22.760","22"
"15","112995","20220710050000","10","3","屏東縣","高樹鄉","120.615","22.770","17"
"231","112999","20220710050000","171","2","屏東縣","高樹鄉","120.635","22.770","208"
"33","113004","20220710050000","52","0","屏東縣","高樹鄉","120.630","22.740","21"
"239","113006","20220710050000","206","1","屏東縣","高樹鄉","120.620","22.740","233"
"53","113023","20220710050000","50","1","屏東縣","高樹鄉","120.625","22.830","67"
"69","113048","20220710050000","354","0","屏東縣","高樹鄉","120.560","22.785","410"
"35","113075","20220710050000","123","0","屏東縣","高樹鄉","120.590","22.825","35"
"321","113097","20220710050000","284","1","屏東縣","高樹鄉","120.610","22.785","314"
"14","113099","20220710050000","233","0","屏東縣","高樹鄉","120.620","22.785","13"
"31","113103","20220710050000","34","0","屏東縣","高樹鄉","120.610","22.790","41"
"84","113129","20220710050000","64","2","屏東縣","高樹鄉","120.595","22.810","87"
"69","113131","20220710050000","60","1","屏東縣","高樹鄉","120.595","22.815","69"
"1093","113133","20220710050000","1082","1","屏東縣","高樹鄉","120.600","22.825","1296"
"1570","113137","20220710050000","2465","0","臺東縣","臺東市","121.155","22.750","1994"
"63","113138","20220710050000","376","0","臺東縣","臺東市","121.135","22.760","51"
"44","113139","20220710050000","67","0","臺東縣","臺東市","121.160","22.760","32"
"1519","113141","20220710050000","1022","2","臺東縣","臺東市","121.155","22.755","2130"
"776","113159","20220710050000","490","3","高雄市","永安區","120.225","22.820","762"
"613","113177","20220710050000","285","3","高雄市","永安區","120.250","22.810","572"
"30","113178","20220710050000","322","0","高雄市","岡山區","120.255","22.810","34"
"66","113182","20220710050000","59","1","高雄市","永安區","120.250","22.815","73"
"151","113185","20220710050000","151","1","高雄市","永安區","120.240","22.815","143"
"22","113196","20220710050000","25","0","高雄市","永安區","120.205","22.840","31"
"435","113206","20220710050000","560","0","臺東縣","臺東市","121.130","22.765","561"
"651","113207","20220710050000","1175","0","臺東縣","臺東市","121.120","22.770","836"
"36","113208","20220710050000","463","0","臺東縣","臺東市","121.125","22.770","33"
"563","113213","20220710050000","486","1","臺東縣","臺東市","121.125","22.780","624"
"1229","113214","20220710050000","1442","0","臺東縣","臺東市","121.120","22.785","1570"
"16","113215","20220710050000","372","0","臺東縣","臺東市","121.125","22.785","16"
"214","113216","20220710050000","143","2","臺東縣","臺東市","121.130","22.770","192"
"1064","113217","20220710050000","553","3","臺東縣","臺東市","121.135","22.770","1441"
"91","113218","20220710050000","109","0","臺東縣","臺東市","121.125","22.775","92"
"336","113219","20220710050000","404","0","臺東縣","臺東市","121.130","22.775","472"
"701","113236","20220710050000","893","0","臺東縣","臺東市","121.115","22.785","1003"
"383","113239","20220710050000","218","3","臺東縣","臺東市","121.110","22.790","327"
"44","113251","20220710050000","58","0","臺東縣","臺東市","121.155","22.760","22"
"127","113258","20220710050000","77","3","臺東縣","臺東市","121.175","22.780","92"
"100","113260","20220710050000","83","2","臺東縣","臺東市","121.185","22.790","106"
"475","113263","20220710050000","601","0","臺東縣","臺東市","121.190","22.795","605"
"94","113266","20220710050000","51","3","臺東縣","臺東市","121.195","22.800","74"
"52","113269","20220710050000","37","2","臺東縣","臺東市","121.190","22.810","45"
"76","113273","20220710050000","126","0","臺東縣","臺東市","121.195","22.815","155"
"98","113295","20220710050000","131","0","臺東縣","臺東市","121.175","22.785","127"
"75","113299","20220710050000","95","0","臺東縣","臺東市","121.175","22.790","68"
"129","113310","20220710050000","123","1","臺東縣","臺東市","121.150","22.765","134"
"610","113311","20220710050000","732","0","臺東縣","臺東市","121.155","22.765","807"
"163","113314","20220710050000","1004","0","高雄市","岡山區","120.285","22.780","164"
"52","113315","20220710050000","46","1","高雄市","岡山區","120.290","22.780","52"
"82","113317","20220710050000","83","0","高雄市","岡山區","120.290","22.785","92"
"480","113318","20220710050000","375","2","高雄市","岡山區","120.280","22.800","465"
"65","113327","20220710050000","199","0","臺東縣","臺東市","121.065","22.740","56"
"327","113345","20220710050000","291","1","臺東縣","臺東市","121.055","22.760","303"
"184","113347","20220710050000","216","0","臺東縣","臺東市","121.060","22.760","181"
"81","113353","20220710050000","502","0","臺東縣","臺東市","121.140","22.765","64"
"1115","113354","20220710050000","1669","0","臺東縣","臺東市","121.145","22.765","1524"
"434","113355","20220710050000","491","0","臺東縣","臺東市","121.140","22.770","368"
"1147","113356","20220710050000","1320","0","臺東縣","臺東市","121.145","22.770","1596"
"687","113364","20220710050000","914","0","臺東縣","臺東市","121.145","22.745","918"
"699","113366","20220710050000","1174","0","臺東縣","臺東市","121.140","22.750","663"
"361","113367","20220710050000","479","0","臺東縣","臺東市","121.145","22.750","448"
"220","113369","20220710050000","732","0","臺東縣","臺東市","121.145","22.755","306"
"10","113373","20220710050000","109","0","臺東縣","臺東市","121.165","22.755","10"
"369","113378","20220710050000","222","3","臺東縣","臺東市","121.125","22.790","498"
"531","113380","20220710050000","627","0","臺東縣","臺東市","121.130","22.790","695"
"960","113381","20220710050000","1544","0","臺東縣","臺東市","121.125","22.795","1267"
"159","113386","20220710050000","180","0","臺東縣","臺東市","121.125","22.805","240"
"131","113389","20220710050000","56","3","臺東縣","臺東市","121.120","22.810","113"
"919","113416","20220710050000","1110","0","臺東縣","臺東市","121.105","22.750","1263"
"228","113423","20220710050000","119","3","臺東縣","臺東市","121.105","22.755","246"
"218","113425","20220710050000","265","0","臺東縣","臺東市","121.075","22.760","214"
"130","113434","20220710050000","326","0","臺東縣","臺東市","121.060","22.735","83"
"91","113448","20220710050000","60","3","屏東縣","里港鄉","120.530","22.830","66"
"98","113450","20220710050000","56","3","高雄市","美濃區","120.540","22.830","89"
"281","113466","20220710050000","227","2","高雄市","美濃區","120.530","22.840","252"
"36","113487","20220710050000","37","0","高雄市","大樹區","120.445","22.740","35"
"50","113496","20220710050000","50","1","高雄市","大樹區","120.445","22.745","55"
"521","113505","20220710050000","618","0","高雄市","大樹區","120.445","22.750","581"
"53","113506","20220710050000","35","3","高雄市","大樹區","120.450","22.750","40"
"87","113513","20220710050000","68","2","高雄市","岡山區","120.270","22.775","78"
"70","113514","20220710050000","175","0","高雄市","楠梓區","120.280","22.735","105"
"316","113564","20220710050000","165","3","臺東縣","卑南鄉","121.075","22.775","302"
"473","113740","20220710050000","450","1","臺東縣","卑南鄉","121.080","22.775","454"
"322","113741","20220710050000","315","1","臺東縣","卑南鄉","121.085","22.775","314"
"600","113742","20220710050000","446","2","臺東縣","卑南鄉","121.090","22.775","539"
"380","113750","20220710050000","192","3","臺東縣","卑南鄉","121.080","22.785","378"
"45","113762","20220710050000","215","0","臺東縣","卑南鄉","121.095","22.790","33"
"261","113792","20220710050000","311","0","臺東縣","卑南鄉","121.100","22.825","345"
"160","113799","20220710050000","80","3","臺東縣","卑南鄉","121.090","22.830","152"
"24","113840","20220710050000","228","0","臺東縣","卑南鄉","121.105","22.795","16"
"412","113843","20220710050000","503","0","臺東縣","卑南鄉","121.090","22.800","554"
"166","113882","20220710050000","124","2","臺東縣","卑南鄉","121.090","22.820","125"
"21","113896","20220710050000","20","1","高雄市","路竹區","120.270","22.840","22"
"380","113902","20220710050000","229","3","高雄市","橋頭區","120.290","22.745","375"
"112","113905","20220710050000","110","1","高雄市","橋頭區","120.295","22.755","118"
"168","113906","20220710050000","288","0","高雄市","楠梓區","120.325","22.755","225"
"94","113911","20220710050000","87","1","高雄市","橋頭區","120.320","22.765","95"
"678","113923","20220710050000","597","1","高雄市","橋頭區","120.305","22.770","628"
"347","113933","20220710050000","252","2","高雄市","橋頭區","120.290","22.760","314"
"386","113934","20220710050000","304","2","高雄市","岡山區","120.280","22.765","398"
"27","113947","20220710050000","22","2","高雄市","路竹區","120.275","22.840","33"
"32","113948","20220710050000","42","0","高雄市","路竹區","120.280","22.840","41"
"251","113950","20220710050000","165","3","高雄市","路竹區","120.275","22.820","237"
"145","113959","20220710050000","127","1","高雄市","路竹區","120.275","22.825","143"
"178","113962","20220710050000","124","2","高雄市","路竹區","120.265","22.830","162"
"14","113965","20220710050000","13","1","高雄市","路竹區","120.265","22.840","18"
"485","113969","20220710050000","451","1","高雄市","路竹區","120.240","22.835","604"
"633","113971","20220710050000","452","2","高雄市","路竹區","120.250","22.835","624"
"257","113978","20220710050000","275","0","高雄市","路竹區","120.245","22.845","252"
"165","113982","20220710050000","140","1","高雄市","路竹區","120.260","22.840","148"
"245","113984","20220710050000","251","0","高雄市","彌陀區","120.245","22.785","248"
"378","113985","20220710050000","217","3","高雄市","彌陀區","120.245","22.790","360"
"49","113992","20220710050000","49","1","高雄市","橋頭區","120.300","22.765","46"
"17","113994","20220710050000","656","0","高雄市","橋頭區","120.320","22.735","28"
"284","113997","20220710050000","267","1","高雄市","橋頭區","120.315","22.745","336"
"336","114001","20220710050000","681","0","高雄市","橋頭區","120.315","22.760","488"
"210","114004","20220710050000","267","0","高雄市","橋頭區","120.310","22.760","293"
"1359","114006","20220710050000","1458","0","高雄市","橋頭區","120.310","22.765","1791"
"13","114029","20220710050000","14","0","高雄市","旗山區","120.450","22.825","19"
"15","114044","20220710050000","13","1","高雄市","旗山區","120.465","22.830","14"
"360","114050","20220710050000","338","1","高雄市","橋頭區","120.300","22.740","383"
"642","114055","20220710050000","410","3","高雄市","橋頭區","120.295","22.735","801"
"348","114057","20220710050000","451","0","高雄市","橋頭區","120.295","22.740","392"
"54","114059","20220710050000","600","0","高雄市","橋頭區","120.290","22.765","55"
"334","114062","20220710050000","207","3","高雄市","橋頭區","120.270","22.735","314"
"29","114068","20220710050000","393","0","高雄市","橋頭區","120.280","22.745","27"
"368","114075","20220710050000","222","3","高雄市","永安區","120.240","22.820","482"
"97","114077","20220710050000","62","3","高雄市","永安區","120.250","22.820","86"
"91","114094","20220710050000","86","1","高雄市","永安區","120.210","22.810","110"
"59","114108","20220710050000","46","2","高雄市","永安區","120.205","22.825","41"
"1371","114116","20220710050000","1881","0","臺東縣","臺東市","121.150","22.755","1844"
"2043","114117","20220710050000","1442","2","臺東縣","臺東市","121.145","22.760","2259"
"662","114118","20220710050000","727","0","臺東縣","臺東市","121.150","22.760","771"
"275","114125","20220710050000","323","0","臺東縣","臺東市","121.115","22.750","393"
"1335","114128","20220710050000","1276","1","臺東縣","臺東市","121.135","22.755","1819"
"821","114129","20220710050000","886","0","臺東縣","臺東市","121.140","22.760","1119"
"251","114130","20220710050000","1458","0","臺東縣","臺東市","121.150","22.750","260"
"333","114135","20220710050000","275","2","臺東縣","臺東市","121.100","22.740","295"
"224","114143","20220710050000","436","0","高雄市","燕巢區","120.360","22.765","191"
"564","114144","20220710050000","522","1","高雄市","燕巢區","120.365","22.765","695"
"333","114154","20220710050000","485","0","高雄市","燕巢區","120.360","22.770","308"
"628","114155","20220710050000","455","2","高雄市","岡山區","120.315","22.775","605"
"316","114160","20220710050000","273","1","高雄市","燕巢區","120.340","22.775","301"
"120","114174","20220710050000","99","2","高雄市","燕巢區","120.360","22.775","118"
"98","114194","20220710050000","65","3","高雄市","燕巢區","120.400","22.810","97"
"208","114204","20220710050000","241","0","高雄市","燕巢區","120.340","22.755","240"
"157","114206","20220710050000","211","0","高雄市","燕巢區","120.350","22.755","183"
"453","114207","20220710050000","344","2","高雄市","燕巢區","120.355","22.755","477"
"39","114210","20220710050000","92","0","高雄市","燕巢區","120.335","22.760","42"
"152","114212","20220710050000","177","0","高雄市","燕巢區","120.345","22.760","145"
"27","114214","20220710050000","70","0","高雄市","燕巢區","120.355","22.760","29"
"28","114226","20220710050000","20","2","高雄市","田寮區","120.420","22.820","24"
"1032","114271","20220710050000","826","2","高雄市","岡山區","120.285","22.795","1406"
"547","114274","20220710050000","353","3","高雄市","岡山區","120.280","22.780","541"
"584","114276","20220710050000","497","1","高雄市","梓官區","120.265","22.750","541"
"681","114278","20220710050000","555","2","高雄市","梓官區","120.260","22.745","651"
"439","114279","20220710050000","163","3","高雄市","梓官區","120.265","22.745","439"
"867","114288","20220710050000","711","2","高雄市","梓官區","120.265","22.760","835"
"1531","114295","20220710050000","948","3","高雄市","梓官區","120.270","22.760","1651"
"424","114297","20220710050000","309","2","高雄市","梓官區","120.245","22.740","421"
"116","114302","20220710050000","86","2","高雄市","梓官區","120.245","22.750","110"
"379","114304","20220710050000","299","2","高雄市","梓官區","120.250","22.735","391"
"774","114307","20220710050000","1073","0","高雄市","橋頭區","120.310","22.750","730"
"81","114308","20220710050000","57","2","高雄市","橋頭區","120.315","22.755","71"
"1004","114309","20220710050000","1216","0","高雄市","橋頭區","120.310","22.755","963"
"509","114311","20220710050000","374","2","高雄市","橋頭區","120.305","22.735","516"
"312","114315","20220710050000","279","1","高雄市","橋頭區","120.305","22.740","303"
"579","114318","20220710050000","573","1","高雄市","橋頭區","120.310","22.745","590"
"414","114322","20220710050000","397","1","高雄市","橋頭區","120.300","22.755","404"
"115","114329","20220710050000","80","2","高雄市","旗山區","120.445","22.775","121"
"58","114344","20220710050000","44","2","高雄市","旗山區","120.440","22.785","66"
"20","114358","20220710050000","26","0","高雄市","旗山區","120.435","22.795","16"
"116","114363","20220710050000","133","0","高雄市","旗山區","120.460","22.795","159"
"49","114393","20220710050000","55","0","高雄市","旗山區","120.455","22.815","49"
"99","114395","20220710050000","82","2","高雄市","旗山區","120.465","22.815","103"
"501","114407","20220710050000","874","0","高雄市","旗山區","120.465","22.840","710"
"76","114408","20220710050000","64","1","高雄市","旗山區","120.450","22.845","100"
"23","114416","20220710050000","524","0","高雄市","梓官區","120.270","22.765","25"
"66","114421","20220710050000","993","0","高雄市","梓官區","120.260","22.740","62"
"317","114422","20220710050000","295","1","高雄市","橋頭區","120.265","22.740","309"
"18","114424","20220710050000","304","0","臺東縣","卑南鄉","121.160","22.790","14"
"61","114462","20220710050000","58","1","臺東縣","卑南鄉","121.150","22.820","45"
"123","114473","20220710050000","99","2","臺東縣","卑南鄉","121.150","22.830","129"
"110","114575","20220710050000","72","3","臺東縣","卑南鄉","121.055","22.745","102"
"221","114700","20220710050000","323","0","臺東縣","臺東市","121.045","22.760","321"
"93","114840","20220710050000","91","1","臺東縣","卑南鄉","121.070","22.795","101"
"206","114846","20220710050000","206","1","臺東縣","卑南鄉","121.065","22.800","199"
"499","114971","20220710050000","746","0","臺東縣","臺東市","121.125","22.740","709"
"21","114972","20220710050000","549","0","臺東縣","臺東市","121.130","22.740","13"
"1065","114977","20220710050000","1175","0","臺東縣","臺東市","121.135","22.740","987"
"742","114979","20220710050000","941","0","臺東縣","臺東市","121.120","22.735","1006"
"14","114990","20220710050000","12","1","高雄市","岡山區","120.345","22.820","12"
"642","115004","20220710050000","979","0","高雄市","岡山區","120.285","22.790","615"
"21","115005","20220710050000","19","1","高雄市","岡山區","120.290","22.790","16"
"325","115006","20220710050000","247","2","高雄市","岡山區","120.295","22.785","337"
"11","115293","20220710050000","12","0","高雄市","田寮區","120.370","22.825","11"
"225","115298","20220710050000","212","1","高雄市","田寮區","120.360","22.830","324"
"102","115300","20220710050000","120","0","高雄市","田寮區","120.370","22.830","138"
"144","115304","20220710050000","97","2","高雄市","田寮區","120.355","22.835","119"
"48","115311","20220710050000","74","0","高雄市","田寮區","120.395","22.835","58"
"106","115312","20220710050000","125","0","高雄市","田寮區","120.345","22.840","106"
"39","115319","20220710050000","39","1","高雄市","田寮區","120.345","22.845","32"
"86","115329","20220710050000","66","2","高雄市","旗山區","120.435","22.830","67"
"78","115367","20220710050000","732","0","高雄市","燕巢區","120.355","22.790","89"
"340","115368","20220710050000","226","3","高雄市","燕巢區","120.360","22.790","357"
"114","115374","20220710050000","140","0","高雄市","燕巢區","120.325","22.785","104"
"178","115375","20220710050000","178","1","高雄市","燕巢區","120.330","22.785","225"
"358","115377","20220710050000","295","2","高雄市","燕巢區","120.340","22.785","340"
"104","115380","20220710050000","78","2","高雄市","燕巢區","120.355","22.785","105"
"307","115382","20220710050000","259","1","高雄市","燕巢區","120.340","22.790","313"
"252","115384","20220710050000","199","2","高雄市","燕巢區","120.350","22.790","255"
"26","115394","20220710050000","19","2","高雄市","燕巢區","120.355","22.810","24"
"26","115398","20220710050000","25","1","高雄市","燕巢區","120.375","22.810","26"
"102","115401","20220710050000","89","1","高雄市","燕巢區","120.390","22.810","88"
"83","115402","20220710050000","71","1","高雄市","燕巢區","120.355","22.815","83"
"31","115404","20220710050000","25","2","高雄市","燕巢區","120.365","22.815","22"
"283","115429","20220710050000","255","1","高雄市","燕巢區","120.365","22.790","289"
"456","115436","20220710050000","434","1","高雄市","燕巢區","120.365","22.795","473"
"180","115437","20220710050000","142","2","高雄市","燕巢區","120.370","22.795","169"
"45","115438","20220710050000","42","1","高雄市","燕巢區","120.375","22.795","45"
"198","115447","20220710050000","445","0","高雄市","燕巢區","120.375","22.760","24"
"223","115450","20220710050000","265","0","高雄市","燕巢區","120.375","22.765","459"
"25","115453","20220710050000","42","0","高雄市","燕巢區","120.390","22.765","31"
"14","115456","20220710050000","10","2","高雄市","燕巢區","120.415","22.765","13"
"17","115458","20220710050000","105","0","高雄市","燕巢區","120.385","22.770","16"
"44","115463","20220710050000","54","0","高雄市","燕巢區","120.410","22.770","61"
"273","115472","20220710050000","260","1","高雄市","燕巢區","120.385","22.775","297"
"148","115473","20220710050000","155","0","高雄市","燕巢區","120.390","22.775","151"
"14","115475","20220710050000","44","0","高雄市","燕巢區","120.400","22.775","14"
"145","115482","20220710050000","106","2","高雄市","燕巢區","120.385","22.780","149"
"101","115486","20220710050000","101","1","高雄市","燕巢區","120.405","22.780","93"
"129","115500","20220710050000","119","1","高雄市","燕巢區","120.420","22.780","137"
"107","115501","20220710050000","54","3","高雄市","燕巢區","120.425","22.780","88"
"10","115507","20220710050000","28","0","高雄市","燕巢區","120.410","22.785","12"
"12","115513","20220710050000","61","0","高雄市","燕巢區","120.405","22.790","13"
"35","115519","20220710050000","66","0","高雄市","燕巢區","120.410","22.795","37"
"103","115523","20220710050000","88","1","高雄市","岡山區","120.315","22.785","107"
"258","115524","20220710050000","193","2","高雄市","燕巢區","120.320","22.785","289"
"21","115528","20220710050000","98","0","高雄市","燕巢區","120.330","22.790","19"
"45","115531","20220710050000","458","0","高雄市","燕巢區","120.325","22.795","35"
"241","115537","20220710050000","369","0","高雄市","燕巢區","120.335","22.800","237"
"741","115543","20220710050000","692","1","高雄市","燕巢區","120.355","22.795","709"
"193","115544","20220710050000","169","1","高雄市","燕巢區","120.360","22.795","204"
"135","115546","20220710050000","170","0","高雄市","燕巢區","120.355","22.800","145"
"840","115555","20220710050000","1906","0","高雄市","楠梓區","120.325","22.735","834"
"1095","115556","20220710050000","476","3","高雄市","楠梓區","120.330","22.735","1127"
"727","115557","20220710050000","1578","0","高雄市","楠梓區","120.335","22.735","1082"
"884","115559","20220710050000","918","0","高雄市","楠梓區","120.330","22.740","854"
"1099","115560","20220710050000","1058","1","高雄市","楠梓區","120.335","22.740","1051"
"46","115562","20220710050000","497","0","高雄市","楠梓區","120.330","22.745","45"
"26","115563","20220710050000","415","0","高雄市","橋頭區","120.325","22.750","33"
"765","115564","20220710050000","612","2","高雄市","楠梓區","120.330","22.750","774"
"101","115565","20220710050000","85","1","高雄市","岡山區","120.305","22.780","119"
"181","115567","20220710050000","156","1","高雄市","岡山區","120.315","22.825","158"
"252","115568","20220710050000","260","0","高雄市","岡山區","120.325","22.825","313"
"76","115576","20220710050000","276","0","高雄市","岡山區","120.315","22.815","127"
"79","115577","20220710050000","67","1","高雄市","岡山區","120.320","22.815","96"
"19","115580","20220710050000","28","0","高雄市","岡山區","120.325","22.820","12"
"79","115598","20220710050000","977","0","高雄市","岡山區","120.295","22.795","71"
"255","115599","20220710050000","243","1","高雄市","岡山區","120.290","22.800","260"
"613","115600","20220710050000","591","1","高雄市","岡山區","120.295","22.800","613"
"31","115607","20220710050000","32","0","高雄市","彌陀區","120.230","22.800","27"
"605","115616","20220710050000","782","0","臺東縣","臺東市","121.105","22.770","800"
"442","115617","20220710050000","465","0","臺東縣","臺東市","121.110","22.770","442"
"45","115618","20220710050000","654","0","臺東縣","臺東市","121.115","22.770","45"
"44","115620","20220710050000","60","0","高雄市","大樹區","120.440","22.755","41"
"113","115631","20220710050000","39","3","高雄市","大樹區","120.420","22.765","117"
"22","115636","20220710050000","41","0","高雄市","大樹區","120.445","22.765","22"
"214","115644","20220710050000","183","1","高雄市","大樹區","120.450","22.770","222"
"38","115647","20220710050000","37","1","高雄市","旗山區","120.430","22.775","42"
"334","115648","20220710050000","188","3","高雄市","岡山區","120.300","22.815","491"
"1141","115657","20220710050000","882","2","高雄市","岡山區","120.300","22.820","1153"
"388","115660","20220710050000","404","0","高雄市","岡山區","120.315","22.820","556"
"61","115663","20220710050000","36","3","高雄市","岡山區","120.295","22.830","52"
"230","115664","20220710050000","190","2","高雄市","岡山區","120.290","22.795","232"
"829","115665","20220710050000","789","1","高雄市","岡山區","120.285","22.800","840"
"15","115670","20220710050000","34","0","高雄市","岡山區","120.310","22.805","15"
"17","115676","20220710050000","44","0","高雄市","岡山區","120.320","22.810","20"
"107","115684","20220710050000","160","0","高雄市","岡山區","120.305","22.775","134"
"32","115686","20220710050000","46","0","高雄市","岡山區","120.310","22.775","34"
"26","115687","20220710050000","320","0","高雄市","岡山區","120.300","22.780","26"
"31","115690","20220710050000","891","0","高雄市","岡山區","120.300","22.785","35"
"48","115691","20220710050000","395","0","高雄市","岡山區","120.290","22.805","47"
"143","115692","20220710050000","234","0","高雄市","岡山區","120.295","22.805","168"
"73","115694","20220710050000","623","0","高雄市","岡山區","120.295","22.790","77"
"170","115706","20220710050000","139","2","高雄市","彌陀區","120.240","22.755","171"
"127","115708","20220710050000","119","1","高雄市","梓官區","120.250","22.755","133"
"190","115709","20220710050000","85","3","高雄市","彌陀區","120.235","22.760","152"
"148","115713","20220710050000","113","2","高雄市","彌陀區","120.240","22.765","149"
"368","115714","20220710050000","514","0","高雄市","彌陀區","120.250","22.780","395"
"534","115717","20220710050000","629","0","臺東縣","臺東市","121.140","22.740","727"
"351","115718","20220710050000","297","1","臺東縣","臺東市","121.130","22.745","341"
"1599","115719","20220710050000","1914","0","臺東縣","臺東市","121.135","22.745","2123"
"38","115720","20220710050000","656","0","臺東縣","臺東市","121.140","22.745","34"
"330","115721","20220710050000","386","0","臺東縣","臺東市","121.130","22.750","425"
"724","115722","20220710050000","665","1","臺東縣","臺東市","121.135","22.750","723"
"328","115724","20220710050000","314","1","臺東縣","臺東市","121.120","22.750","442"
"277","115727","20220710050000","305","0","臺東縣","臺東市","121.130","22.755","353"
"207","115728","20220710050000","341","0","臺東縣","臺東市","121.120","22.760","272"
"90","115732","20220710050000","83","1","臺東縣","臺東市","121.090","22.760","76"
"259","115739","20220710050000","293","0","臺東縣","臺東市","121.095","22.765","341"
"425","115745","20220710050000","533","0","臺東縣","臺東市","121.095","22.770","553"
"157","115749","20220710050000","158","0","高雄市","阿蓮區","120.335","22.835","160"
"1365","115782","20220710050000","631","3","高雄市","岡山區","120.300","22.795","1374"
"1055","115783","20220710050000","1165","0","高雄市","岡山區","120.305","22.795","1208"
"22","115784","20220710050000","27","0","高雄市","岡山區","120.310","22.795","20"
"423","115787","20220710050000","274","3","高雄市","岡山區","120.270","22.780","368"
"85","115788","20220710050000","198","0","高雄市","岡山區","120.270","22.785","104"
"301","115791","20220710050000","795","0","高雄市","岡山區","120.285","22.785","306"
"497","115793","20220710050000","392","2","高雄市","彌陀區","120.250","22.785","498"
"871","115795","20220710050000","790","1","高雄市","彌陀區","120.235","22.795","1211"
"130","115804","20220710050000","141","0","高雄市","彌陀區","120.245","22.775","128"
"74","115805","20220710050000","68","1","高雄市","彌陀區","120.245","22.765","67"
"201","115808","20220710050000","167","2","高雄市","彌陀區","120.245","22.770","203"
"14","115810","20220710050000","121","0","高雄市","彌陀區","120.255","22.770","21"
"11","115812","20220710050000","41","0","高雄市","大樹區","120.405","22.735","11"
"1179","115819","20220710050000","892","2","高雄市","岡山區","120.305","22.785","1148"
"525","115820","20220710050000","1373","0","高雄市","岡山區","120.300","22.790","532"
"847","115821","20220710050000","883","0","高雄市","岡山區","120.305","22.790","942"
"470","115833","20220710050000","173","3","高雄市","岡山區","120.265","22.815","487"
"200","115834","20220710050000","171","1","高雄市","岡山區","120.270","22.815","189"
"125","115836","20220710050000","115","1","高雄市","岡山區","120.255","22.820","118"
"93","115841","20220710050000","88","1","高雄市","岡山區","120.265","22.820","100"
"129","115844","20220710050000","87","2","高雄市","岡山區","120.300","22.830","101"
"451","115849","20220710050000","521","0","高雄市","阿蓮區","120.305","22.835","553"
"28","115851","20220710050000","141","0","高雄市","岡山區","120.280","22.810","37"
"251","115852","20220710050000","137","3","高雄市","岡山區","120.285","22.810","251"
"365","115855","20220710050000","317","1","高雄市","岡山區","120.285","22.815","342"
"26","115856","20220710050000","187","0","高雄市","岡山區","120.290","22.815","37"
"486","115872","20220710050000","306","3","高雄市","彌陀區","120.250","22.775","455"
"18","115876","20220710050000","23","0","高雄市","大社區","120.345","22.735","19"
"19","115878","20220710050000","219","0","高雄市","大社區","120.360","22.740","19"
"58","115879","20220710050000","76","0","高雄市","大社區","120.365","22.740","65"
"223","115883","20220710050000","242","0","高雄市","大社區","120.345","22.740","191"
"815","115886","20220710050000","869","0","高雄市","楠梓區","120.335","22.745","846"
"537","115889","20220710050000","490","1","高雄市","大社區","120.350","22.745","512"
"190","115892","20220710050000","369","0","高雄市","燕巢區","120.340","22.750","197"
"40","115895","20220710050000","43","0","高雄市","大社區","120.355","22.750","46"
"113","115897","20220710050000","132","0","高雄市","大社區","120.365","22.750","113"
"79","115907","20220710050000","138","0","高雄市","大社區","120.375","22.745","108"
"40","115911","20220710050000","57","0","高雄市","大社區","120.395","22.745","49"
"12","115922","20220710050000","32","0","高雄市","大社區","120.405","22.750","16"
"75","115927","20220710050000","52","2","高雄市","大社區","120.390","22.755","81"
"189","115941","20220710050000","137","2","高雄市","大社區","120.370","22.735","227"
"271","115943","20220710050000","354","0","高雄市","大社區","120.380","22.735","347"
"11","115944","20220710050000","11","1","高雄市","大社區","120.380","22.740","11"
"555","115946","20220710050000","492","1","高雄市","岡山區","120.275","22.775","577"
"783","115949","20220710050000","529","2","高雄市","岡山區","120.310","22.790","801"
"1057","115953","20220710050000","810","2","高雄市","岡山區","120.300","22.800","1415"
"75","115954","20220710050000","483","0","高雄市","岡山區","120.305","22.800","64"
"10","115963","20220710050000","16","0","高雄市","旗山區","120.425","22.805","10"
"116","115966","20220710050000","85","2","高雄市","旗山區","120.425","22.815","101"
"10","115972","20220710050000","11","0","高雄市","旗山區","120.435","22.825","11"
"65","124145","20220710050000","505","0","屏東縣","高樹鄉","120.610","22.850","60"
"62","124161","20220710050000","247","0","屏東縣","高樹鄉","120.630","22.865","79"
"84","124176","20220710050000","54","3","屏東縣","高樹鄉","120.640","22.880","83"
"27","124193","20220710050000","35","0","臺南市","仁德區","120.245","22.935","36"
"68","124195","20220710050000","39","3","臺南市","仁德區","120.240","22.940","80"
"472","124197","20220710050000","613","0","臺南市","仁德區","120.250","22.940","605"
"43","124211","20220710050000","24","3","臺南市","關廟區","120.330","22.910","47"
"206","124220","20220710050000","268","0","臺南市","關廟區","120.345","22.915","286"
"41","124243","20220710050000","70","0","高雄市","茄萣區","120.205","22.855","42"
"256","124253","20220710050000","365","0","臺南市","仁德區","120.215","22.910","366"
"274","124255","20220710050000","238","1","高雄市","湖內區","120.225","22.905","287"
"122","124262","20220710050000","308","0","臺南市","南區","120.185","22.920","117"
"15","124268","20220710050000","247","0","臺南市","歸仁區","120.280","22.915","20"
"154","124271","20220710050000","189","0","臺南市","歸仁區","120.270","22.920","196"
"256","124275","20220710050000","190","2","臺南市","歸仁區","120.285","22.920","270"
"153","124278","20220710050000","101","3","臺南市","歸仁區","120.280","22.925","194"
"46","124281","20220710050000","94","0","臺南市","歸仁區","120.270","22.930","45"
"13","124291","20220710050000","125","0","臺南市","南區","120.175","22.940","16"
"195","124293","20220710050000","202","0","臺南市","仁德區","120.245","22.925","221"
"17","124295","20220710050000","21","0","臺南市","仁德區","120.240","22.930","15"
"714","124314","20220710050000","1360","0","臺南市","仁德區","120.260","22.945","723"
"153","124322","20220710050000","304","0","臺南市","歸仁區","120.270","22.905","159"
"507","124323","20220710050000","500","1","臺南市","仁德區","120.255","22.910","662"
"406","124338","20220710050000","328","2","臺南市","仁德區","120.250","22.910","508"
"77","124352","20220710050000","79","0","臺南市","關廟區","120.325","22.950","93"
"253","124363","20220710050000","113","3","臺南市","關廟區","120.335","22.930","232"
"383","124371","20220710050000","202","3","臺南市","關廟區","120.335","22.940","376"
"1141","124386","20220710050000","1063","1","臺南市","仁德區","120.255","22.950","1153"
"11","124404","20220710050000","61","0","臺南市","仁德區","120.230","22.940","16"
"138","124408","20220710050000","213","0","臺南市","仁德區","120.230","22.945","206"
"280","124415","20220710050000","285","0","臺南市","仁德區","120.260","22.950","294"
"90","124431","20220710050000","84","1","臺南市","歸仁區","120.295","22.925","95"
"250","124453","20220710050000","148","3","臺南市","歸仁區","120.300","22.940","223"
"741","124469","20220710050000","616","2","臺南市","南區","120.180","22.930","717"
"45","124472","20220710050000","155","0","臺南市","南區","120.180","22.935","40"
"106","124474","20220710050000","110","0","臺南市","南區","120.190","22.935","119"
"284","124477","20220710050000","1171","0","臺南市","南區","120.180","22.925","284"
"28","124491","20220710050000","259","0","臺南市","歸仁區","120.275","22.910","37"
"94","124494","20220710050000","125","0","臺南市","歸仁區","120.285","22.910","137"
"106","124504","20220710050000","386","0","臺南市","歸仁區","120.275","22.915","92"
"573","124526","20220710050000","670","0","臺南市","歸仁區","120.275","22.950","751"
"128","124527","20220710050000","168","0","臺南市","歸仁區","120.280","22.950","176"
"27","124538","20220710050000","44","0","臺南市","仁德區","120.220","22.920","47"
"145","124546","20220710050000","115","2","臺南市","南區","120.215","22.950","155"
"11","124548","20220710050000","70","0","臺南市","仁德區","120.220","22.945","12"
"111","124549","20220710050000","135","0","臺南市","仁德區","120.220","22.950","153"
"38","124550","20220710050000","405","0","高雄市","湖內區","120.230","22.915","34"
"371","124551","20220710050000","418","0","臺南市","仁德區","120.235","22.915","346"
"270","124552","20220710050000","446","0","臺南市","仁德區","120.225","22.920","279"
"46","124553","20220710050000","264","0","臺南市","仁德區","120.230","22.920","48"
"45","124555","20220710050000","510","0","臺南市","仁德區","120.240","22.920","31"
"146","124557","20220710050000","201","0","臺南市","仁德區","120.250","22.920","222"
"241","124559","20220710050000","353","0","臺南市","仁德區","120.225","22.925","329"
"28","124563","20220710050000","416","0","臺南市","仁德區","120.230","22.930","34"
"529","124565","20220710050000","400","2","臺南市","仁德區","120.220","22.915","508"
"958","124569","20220710050000","946","1","臺南市","仁德區","120.215","22.915","937"
"661","124585","20220710050000","563","1","臺南市","南區","120.180","22.945","652"
"282","124591","20220710050000","277","1","臺南市","南區","120.185","22.950","330"
"69","124601","20220710050000","88","0","高雄市","茂林區","120.685","22.905","60"
"1187","124642","20220710050000","1386","0","高雄市","茄萣區","120.185","22.895","1575"
"13","124648","20220710050000","17","0","高雄市","內門區","120.450","22.920","14"
"279","124661","20220710050000","157","3","高雄市","美濃區","120.525","22.850","352"
"87","124668","20220710050000","105","0","高雄市","美濃區","120.535","22.850","133"
"327","124671","20220710050000","404","0","高雄市","美濃區","120.550","22.850","315"
"283","124678","20220710050000","416","0","高雄市","美濃區","120.535","22.860","356"
"181","124706","20220710050000","143","2","高雄市","美濃區","120.580","22.920","232"
"49","124745","20220710050000","44","1","高雄市","美濃區","120.585","22.940","49"
"755","124774","20220710050000","947","0","高雄市","美濃區","120.545","22.900","951"
"271","124778","20220710050000","160","3","高雄市","美濃區","120.555","22.905","239"
"255","124780","20220710050000","297","0","高雄市","美濃區","120.545","22.910","369"
"296","124803","20220710050000","196","3","高雄市","美濃區","120.535","22.865","273"
"418","124809","20220710050000","327","2","高雄市","美濃區","120.535","22.875","408"
"217","124812","20220710050000","198","1","高雄市","美濃區","120.535","22.880","314"
"251","124818","20220710050000","190","2","高雄市","美濃區","120.555","22.885","260"
"214","124831","20220710050000","256","0","高雄市","內門區","120.460","22.925","319"
"33","124869","20220710050000","73","0","高雄市","內門區","120.470","22.910","26"
"17","124870","20220710050000","55","0","高雄市","內門區","120.475","22.910","17"
"203","124897","20220710050000","195","1","高雄市","內門區","120.465","22.930","193"
"175","124903","20220710050000","252","0","高雄市","內門區","120.465","22.940","224"
"305","124908","20220710050000","237","2","高雄市","內門區","120.460","22.920","308"
"19","124962","20220710050000","16","1","臺南市","龍崎區","120.380","22.950","18"
"24","124976","20220710050000","28","0","臺南市","龍崎區","120.395","22.930","27"
"56","124995","20220710050000","40","2","臺南市","龍崎區","120.365","22.915","81"
"48","125006","20220710050000","55","0","臺南市","龍崎區","120.350","22.930","64"
"417","125045","20220710050000","454","0","臺南市","龍崎區","120.425","22.940","542"
"11","125051","20220710050000","18","0","臺南市","龍崎區","120.400","22.950","11"
"50","125099","20220710050000","208","0","臺東縣","卑南鄉","121.090","22.865","50"
"365","125138","20220710050000","333","1","臺東縣","卑南鄉","121.125","22.870","378"
"94","125172","20220710050000","65","2","臺東縣","卑南鄉","121.190","22.850","87"
"167","125177","20220710050000","216","0","高雄市","湖內區","120.235","22.900","216"
"90","125178","20220710050000","105","0","臺南市","仁德區","120.235","22.905","78"
"335","125179","20220710050000","278","2","高雄市","湖內區","120.230","22.910","364"
"497","125186","20220710050000","419","1","高雄市","路竹區","120.275","22.870","521"
"45","125192","20220710050000","57","0","高雄市","路竹區","120.265","22.885","49"
"457","125206","20220710050000","379","2","高雄市","路竹區","120.270","22.870","455"
"437","125207","20220710050000","426","1","高雄市","路竹區","120.255","22.875","411"
"165","125215","20220710050000","139","1","高雄市","茄萣區","120.180","22.910","170"
"424","125229","20220710050000","385","1","高雄市","路竹區","120.290","22.865","602"
"293","125232","20220710050000","294","0","高雄市","路竹區","120.245","22.860","298"
"1213","125234","20220710050000","822","2","高雄市","路竹區","120.255","22.860","1244"
"74","125242","20220710050000","89","0","高雄市","路竹區","120.250","22.855","69"
"31","125244","20220710050000","39","0","高雄市","路竹區","120.260","22.865","35"
"361","125249","20220710050000","443","0","高雄市","路竹區","120.235","22.860","364"
"513","125257","20220710050000","520","0","高雄市","路竹區","120.260","22.860","507"
"64","125258","20220710050000","57","1","高雄市","路竹區","120.255","22.865","69"
"434","125263","20220710050000","378","1","高雄市","路竹區","120.225","22.855","433"
"175","125284","20220710050000","75","3","高雄市","旗山區","120.515","22.855","168"
"220","125285","20220710050000","240","0","高雄市","旗山區","120.490","22.860","205"
"20","125295","20220710050000","90","0","高雄市","旗山區","120.490","22.880","12"
"356","125296","20220710050000","88","3","高雄市","旗山區","120.495","22.880","348"
"515","125297","20220710050000","523","0","高雄市","旗山區","120.500","22.880","499"
"833","125340","20220710050000","890","0","高雄市","旗山區","120.480","22.895","811"
"147","125343","20220710050000","114","2","高雄市","旗山區","120.480","22.900","134"
"68","125346","20220710050000","258","0","高雄市","旗山區","120.475","22.905","85"
"21","125349","20220710050000","414","0","高雄市","旗山區","120.485","22.905","17"
"62","125360","20220710050000","468","0","高雄市","湖內區","120.250","22.880","73"
"636","125361","20220710050000","622","1","高雄市","湖內區","120.245","22.885","710"
"53","125366","20220710050000","277","0","高雄市","湖內區","120.240","22.890","54"
"521","125367","20220710050000","426","2","高雄市","湖內區","120.245","22.890","520"
"49","125374","20220710050000","57","0","高雄市","旗山區","120.445","22.885","49"
"43","125393","20220710050000","82","0","高雄市","內門區","120.420","22.910","57"
"15","125438","20220710050000","15","1","高雄市","茂林區","120.650","22.880","25"
"19","125444","20220710050000","10","3","高雄市","六龜區","120.650","22.890","13"
"49","125487","20220710050000","71","0","高雄市","六龜區","120.620","22.890","58"
"107","125491","20220710050000","122","0","高雄市","六龜區","120.625","22.895","127"
"122","125506","20220710050000","125","0","高雄市","六龜區","120.635","22.910","136"
"19","125528","20220710050000","15","2","高雄市","六龜區","120.615","22.880","22"
"81","125543","20220710050000","78","1","高雄市","六龜區","120.625","22.885","98"
"113","125591","20220710050000","83","2","高雄市","六龜區","120.645","22.925","107"
"837","125608","20220710050000","660","2","高雄市","路竹區","120.265","22.865","853"
"109","125613","20220710050000","112","0","高雄市","路竹區","120.265","22.850","107"
"98","125614","20220710050000","93","1","高雄市","路竹區","120.260","22.855","107"
"301","125624","20220710050000","175","3","高雄市","路竹區","120.290","22.875","364"
"45","125626","20220710050000","46","0","高雄市","路竹區","120.295","22.875","50"
"43","125629","20220710050000","48","0","高雄市","路竹區","120.285","22.880","45"
"180","125646","20220710050000","166","1","臺南市","關廟區","120.345","22.905","232"
"337","125659","20220710050000","270","2","高雄市","阿蓮區","120.290","22.895","329"
"185","125660","20220710050000","169","1","高雄市","阿蓮區","120.295","22.895","168"
"101","125667","20220710050000","292","0","臺南市","歸仁區","120.280","22.905","143"
"22","125673","20220710050000","13","3","高雄市","阿蓮區","120.330","22.875","16"
"170","125675","20220710050000","113","3","高雄市","湖內區","120.195","22.910","149"
"267","125676","20220710050000","102","3","高雄市","湖內區","120.200","22.910","266"
"13","125737","20220710050000","226","0","高雄市","田寮區","120.370","22.865","14"
"64","125772","20220710050000","66","0","高雄市","田寮區","120.400","22.890","72"
"32","125779","20220710050000","50","0","高雄市","田寮區","120.400","22.895","31"
"35","125825","20220710050000","22","3","臺東縣","東河鄉","121.270","22.930","26"
"44","125838","20220710050000","29","3","臺東縣","東河鄉","121.275","22.940","51"
"124","125849","20220710050000","102","2","臺東縣","鹿野鄉","121.150","22.930","120"
"618","125884","20220710050000","1067","0","高雄市","旗山區","120.480","22.880","643"
"457","125896","20220710050000","536","0","高雄市","美濃區","120.540","22.900","581"
"27","125917","20220710050000","32","0","高雄市","美濃區","120.535","22.900","34"
"228","125941","20220710050000","198","1","高雄市","美濃區","120.565","22.865","205"
"15","125950","20220710050000","21","0","高雄市","美濃區","120.570","22.870","15"
"47","125951","20220710050000","32","2","高雄市","美濃區","120.575","22.870","47"
"83","125952","20220710050000","74","1","高雄市","美濃區","120.580","22.870","83"
"406","125955","20220710050000","355","1","高雄市","美濃區","120.565","22.875","377"
"123","125966","20220710050000","94","2","高雄市","美濃區","120.545","22.880","120"
"34","125970","20220710050000","99","0","高雄市","美濃區","120.535","22.885","71"
"331","125981","20220710050000","329","1","高雄市","美濃區","120.515","22.875","408"
"143","125989","20220710050000","118","2","高雄市","旗山區","120.505","22.890","133"
"317","125997","20220710050000","316","1","高雄市","美濃區","120.520","22.895","309"
"236","126001","20220710050000","205","1","高雄市","美濃區","120.520","22.900","260"
"383","126010","20220710050000","450","0","高雄市","美濃區","120.560","22.915","513"
"202","126024","20220710050000","174","1","高雄市","美濃區","120.580","22.925","200"
"324","126043","20220710050000","276","1","高雄市","美濃區","120.550","22.865","336"
"325","126059","20220710050000","333","0","高雄市","美濃區","120.575","22.880","398"
"115","126076","20220710050000","104","1","高雄市","美濃區","120.570","22.895","118"
"559","126092","20220710050000","754","0","高雄市","旗山區","120.480","22.885","578"
"255","126096","20220710050000","485","0","高雄市","路竹區","120.265","22.870","249"
"536","126107","20220710050000","635","0","高雄市","路竹區","120.270","22.865","548"
"244","126119","20220710050000","134","3","高雄市","旗山區","120.490","22.920","164"
"302","126120","20220710050000","352","0","高雄市","旗山區","120.495","22.920","386"
"396","126140","20220710050000","185","3","高雄市","路竹區","120.280","22.850","416"
"39","126141","20220710050000","248","0","高雄市","路竹區","120.270","22.855","33"
"1330","126142","20220710050000","1154","1","高雄市","路竹區","120.265","22.860","1329"
"17","126160","20220710050000","25","0","臺東縣","卑南鄉","121.105","22.850","19"
"621","126178","20220710050000","568","1","臺東縣","卑南鄉","121.105","22.860","589"
"123","126183","20220710050000","53","3","臺東縣","卑南鄉","121.100","22.865","133"
"50","126219","20220710050000","344","0","高雄市","茄萣區","120.185","22.890","74"
"298","126227","20220710050000","287","1","高雄市","湖內區","120.235","22.895","374"
"182","126228","20220710050000","122","2","高雄市","湖內區","120.220","22.900","126"
"85","126236","20220710050000","48","3","高雄市","湖內區","120.225","22.880","70"
"437","126244","20220710050000","481","0","高雄市","湖內區","120.225","22.895","578"
"534","126247","20220710050000","376","2","高雄市","湖內區","120.240","22.870","562"
"215","126249","20220710050000","137","3","高雄市","湖內區","120.235","22.875","207"
"339","126256","20220710050000","225","3","高雄市","湖內區","120.240","22.885","333"
"635","126258","20220710050000","585","1","高雄市","湖內區","120.250","22.875","783"
"171","126273","20220710050000","174","0","高雄市","美濃區","120.545","22.895","173"
"216","126301","20220710050000","279","0","臺東縣","鹿野鄉","121.085","22.900","329"
"328","126303","20220710050000","268","2","臺東縣","延平鄉","121.075","22.905","392"
"12","126313","20220710050000","47","0","臺東縣","延平鄉","121.090","22.915","13"
"125","126423","20220710050000","36","3","臺東縣","延平鄉","121.100","22.910","58"
"156","127499","20220710050000","180","0","臺東縣","延平鄉","121.150","22.900","166"
"463","127566","20220710050000","15","3","臺東縣","鹿野鄉","121.120","22.920","149"
"28","127569","20220710050000","186","0","臺東縣","鹿野鄉","121.120","22.925","23"
"49","127570","20220710050000","12","3","臺東縣","鹿野鄉","121.125","22.925","16"
"354","127581","20220710050000","134","3","臺東縣","鹿野鄉","121.120","22.930","341"
"185","127584","20220710050000","121","3","臺東縣","鹿野鄉","121.135","22.930","180"
"76","127600","20220710050000","49","3","臺東縣","鹿野鄉","121.135","22.945","82"
"85","127605","20220710050000","95","0","高雄市","田寮區","120.395","22.850","118"
"63","127613","20220710050000","41","3","高雄市","田寮區","120.380","22.875","85"
"267","127617","20220710050000","276","0","高雄市","田寮區","120.385","22.880","311"
"55","127622","20220710050000","47","1","高雄市","田寮區","120.390","22.885","44"
"40","127652","20220710050000","58","0","高雄市","田寮區","120.360","22.880","57"
"82","127664","20220710050000","58","2","高雄市","田寮區","120.370","22.890","89"
"36","127666","20220710050000","42","0","高雄市","田寮區","120.360","22.895","36"
"27","127698","20220710050000","53","0","高雄市","田寮區","120.425","22.885","31"
"333","127704","20220710050000","427","0","高雄市","茄萣區","120.180","22.900","342"
"67","127705","20220710050000","461","0","高雄市","茄萣區","120.185","22.900","55"
"325","127717","20220710050000","244","2","臺東縣","鹿野鄉","121.100","22.895","284"
"115","127724","20220710050000","36","3","臺東縣","鹿野鄉","121.135","22.895","92"
"220","127733","20220710050000","216","1","臺東縣","鹿野鄉","121.135","22.910","225"
"118","127737","20220710050000","103","1","臺東縣","鹿野鄉","121.135","22.920","104"
"19","127748","20220710050000","136","0","臺東縣","鹿野鄉","121.130","22.900","13"
"333","127754","20220710050000","262","2","臺東縣","鹿野鄉","121.120","22.905","435"
"1259","127765","20220710050000","1394","0","臺南市","仁德區","120.220","22.910","1633"
"174","127770","20220710050000","216","0","高雄市","湖內區","120.215","22.905","191"
"67","127835","20220710050000","50","2","臺東縣","東河鄉","121.235","22.940","68"
"154","127852","20220710050000","163","0","臺東縣","東河鄉","121.250","22.895","191"
"116","127889","20220710050000","90","2","臺東縣","東河鄉","121.255","22.915","110"
"17","127912","20220710050000","235","0","臺東縣","東河鄉","121.265","22.925","22"
"291","127933","20220710050000","167","3","臺東縣","東河鄉","121.190","22.860","238"
"77","127935","20220710050000","76","1","臺東縣","東河鄉","121.200","22.860","55"
"704","127958","20220710050000","882","0","臺東縣","東河鄉","121.225","22.870","856"
"126","127984","20220710050000","19","3","臺東縣","東河鄉","121.225","22.880","118"
"135","127998","20220710050000","98","2","臺東縣","東河鄉","121.235","22.880","136"
"41","128028","20220710050000","56","0","臺東縣","東河鄉","121.245","22.890","54"
"47","128038","20220710050000","61","0","臺東縣","東河鄉","121.235","22.895","51"
"119","128060","20220710050000","176","0","高雄市","阿蓮區","120.345","22.860","165"
"49","128066","20220710050000","457","0","高雄市","阿蓮區","120.320","22.850","53"
"121","128071","20220710050000","97","2","高雄市","阿蓮區","120.320","22.855","115"
"221","128073","20220710050000","136","3","高雄市","阿蓮區","120.330","22.855","191"
"1296","128075","20220710050000","818","3","高雄市","阿蓮區","120.325","22.875","1273"
"1477","128076","20220710050000","901","3","高雄市","阿蓮區","120.325","22.880","1509"
"14","128078","20220710050000","189","0","高雄市","路竹區","120.305","22.860","12"
"242","128090","20220710050000","220","1","高雄市","阿蓮區","120.310","22.870","232"
"191","128091","20220710050000","127","3","高雄市","阿蓮區","120.315","22.870","192"
"91","128097","20220710050000","73","2","高雄市","阿蓮區","120.315","22.880","73"
"56","128418","20220710050000","67","0","高雄市","茂林區","120.715","22.910","64"
"67","128722","20220710050000","80","0","高雄市","茂林區","120.665","22.885","73"
"72","128723","20220710050000","48","3","高雄市","茂林區","120.670","22.885","66"
"25","128748","20220710050000","236","0","高雄市","旗山區","120.480","22.890","24"
"27","128751","20220710050000","20","2","高雄市","旗山區","120.475","22.850","31"
"320","128754","20220710050000","259","2","高雄市","路竹區","120.300","22.880","320"
"151","128758","20220710050000","116","2","高雄市","阿蓮區","120.305","22.890","153"
"29","128759","20220710050000","236","0","高雄市","阿蓮區","120.310","22.890","29"
"283","128764","20220710050000","209","2","高雄市","阿蓮區","120.330","22.880","279"
"920","128765","20220710050000","682","2","高雄市","阿蓮區","120.335","22.880","925"
"198","128766","20220710050000","186","1","高雄市","阿蓮區","120.340","22.880","206"
"275","128769","20220710050000","211","2","高雄市","阿蓮區","120.330","22.885","252"
"299","128776","20220710050000","242","2","高雄市","阿蓮區","120.320","22.890","302"
"113","128782","20220710050000","72","3","高雄市","阿蓮區","120.335","22.870","97"
"399","128789","20220710050000","317","2","高雄市","田寮區","120.355","22.870","412"
"479","128797","20220710050000","396","2","高雄市","茄萣區","120.185","22.905","594"
"324","128798","20220710050000","222","2","高雄市","茄萣區","120.190","22.905","311"
"74","128803","20220710050000","62","1","高雄市","茄萣區","120.195","22.855","67"
"58","128807","20220710050000","76","0","高雄市","茄萣區","120.195","22.860","45"
"283","128823","20220710050000","242","1","高雄市","茄萣區","120.190","22.870","346"
"346","128824","20220710050000","350","0","高雄市","茄萣區","120.195","22.870","501"
"159","128825","20220710050000","170","0","高雄市","茄萣區","120.200","22.870","151"
"23","128829","20220710050000","14","3","高雄市","茄萣區","120.190","22.875","28"
"459","128830","20220710050000","357","2","高雄市","茄萣區","120.195","22.875","454"
"139","128833","20220710050000","136","1","高雄市","茄萣區","120.210","22.875","142"
"159","128847","20220710050000","212","0","高雄市","茄萣區","120.190","22.910","204"
"423","128850","20220710050000","539","0","高雄市","茄萣區","120.185","22.910","412"
"218","128866","20220710050000","196","1","高雄市","旗山區","120.475","22.870","214"
"166","128884","20220710050000","146","1","高雄市","旗山區","120.455","22.880","168"
"66","128886","20220710050000","217","0","高雄市","旗山區","120.465","22.880","74"
"16","128887","20220710050000","48","0","高雄市","旗山區","120.470","22.880","15"
"634","128898","20220710050000","571","1","高雄市","旗山區","120.470","22.855","779"
"224","128911","20220710050000","169","2","高雄市","旗山區","120.500","22.925","206"
"209","128916","20220710050000","171","2","高雄市","旗山區","120.500","22.930","240"
"119","128946","20220710050000","162","0","高雄市","杉林區","120.525","22.930","159"
"516","134975","20220710050000","281","3","臺南市","安南區","120.210","23.035","535"
"648","134976","20220710050000","547","1","臺南市","安南區","120.210","23.040","658"
"1150","134977","20220710050000","1085","1","臺南市","安南區","120.215","23.040","1272"
"772","134978","20220710050000","859","0","臺南市","安南區","120.215","23.030","1044"
"337","134979","20220710050000","256","2","臺南市","安南區","120.215","23.035","401"
"522","134985","20220710050000","492","1","臺南市","安南區","120.195","23.025","506"
"236","134991","20220710050000","261","0","臺南市","關廟區","120.300","22.995","314"
"18","134995","20220710050000","15","2","臺南市","關廟區","120.320","22.995","18"
"247","134999","20220710050000","152","3","臺南市","關廟區","120.305","23.000","317"
"80","135010","20220710050000","85","0","臺南市","關廟區","120.320","23.005","113"
"277","135015","20220710050000","150","3","臺南市","關廟區","120.305","23.010","281"
"682","135022","20220710050000","828","0","臺南市","關廟區","120.325","22.965","923"
"23","135028","20220710050000","204","0","臺南市","關廟區","120.360","22.965","24"
"276","135056","20220710050000","251","1","臺南市","關廟區","120.330","22.965","260"
"20","135059","20220710050000","248","0","臺南市","關廟區","120.325","22.975","19"
"1467","135061","20220710050000","1902","0","臺南市","中西區","120.210","22.985","1871"
"202","135062","20220710050000","1269","0","臺南市","永康區","120.235","23.005","184"
"1370","135063","20220710050000","1483","0","臺南市","東區","120.230","22.980","1343"
"276","135064","20220710050000","276","1","臺南市","安南區","120.125","23.040","252"
"191","135074","20220710050000","187","1","臺南市","南區","120.175","22.965","212"
"1592","135079","20220710050000","1815","0","臺南市","南區","120.185","22.970","1613"
"413","135080","20220710050000","420","0","臺南市","南區","120.175","22.975","404"
"245","135081","20220710050000","279","0","臺南市","南區","120.180","22.975","296"
"1033","135083","20220710050000","744","2","臺南市","南區","120.185","22.980","1113"
"1430","135084","20220710050000","826","3","臺南市","北區","120.210","23.020","1404"
"999","135085","20220710050000","1366","0","臺南市","南區","120.200","22.980","1390"
"16","135086","20220710050000","63","0","臺南市","南區","120.205","22.970","22"
"289","135087","20220710050000","207","2","臺南市","南區","120.195","22.970","271"
"790","135088","20220710050000","1060","0","臺南市","南區","120.190","22.960","997"
"11","135461","20220710050000","21","0","臺東縣","海端鄉","121.130","23.000","18"
"197","135797","20220710050000","133","2","臺東縣","關山鎮","121.145","23.020","191"
"1519","135951","20220710050000","1491","1","臺南市","永康區","120.230","23.010","2050"
"2862","135952","20220710050000","2760","1","臺南市","永康區","120.225","23.020","3181"
"677","135953","20220710050000","654","1","臺南市","永康區","120.220","23.025","673"
"215","135954","20220710050000","266","0","臺南市","永康區","120.225","23.025","319"
"1118","135956","20220710050000","1176","0","臺南市","永康區","120.235","23.025","1279"
"252","135957","20220710050000","209","2","臺南市","永康區","120.225","23.030","343"
"159","135958","20220710050000","174","0","臺南市","永康區","120.230","23.030","140"
"34","135959","20220710050000","848","0","臺南市","永康區","120.255","22.995","29"
"520","135960","20220710050000","704","0","臺南市","永康區","120.255","23.000","714"
"119","135961","20220710050000","864","0","臺南市","永康區","120.260","23.000","112"
"484","135963","20220710050000","378","2","臺南市","永康區","120.260","23.005","491"
"1623","135966","20220710050000","1269","2","臺南市","安南區","120.205","23.030","1635"
"791","135967","20220710050000","726","1","臺南市","安南區","120.210","23.030","759"
"210","135969","20220710050000","254","0","臺南市","安南區","120.220","23.040","273"
"1649","135971","20220710050000","1808","0","臺南市","中西區","120.190","23.005","2210"
"178","135972","20220710050000","859","0","臺南市","永康區","120.250","23.005","189"
"362","135976","20220710050000","315","1","臺南市","歸仁區","120.300","22.965","331"
"561","135980","20220710050000","420","2","臺南市","南區","120.195","22.980","681"
"1303","135981","20220710050000","1103","1","臺南市","南區","120.190","22.970","1274"
"572","135982","20220710050000","1176","0","臺南市","中西區","120.190","23.000","764"
"1981","135983","20220710050000","1005","3","臺南市","中西區","120.195","23.000","1961"
"2566","135984","20220710050000","2344","1","臺南市","中西區","120.175","23.005","2621"
"299","135985","20220710050000","260","1","臺南市","中西區","120.180","23.000","303"
"503","135986","20220710050000","402","2","臺南市","安南區","120.165","23.005","657"
"479","135989","20220710050000","898","0","臺南市","永康區","120.255","23.035","628"
"909","135990","20220710050000","965","0","臺南市","永康區","120.260","23.030","1147"
"1774","135991","20220710050000","1700","1","臺南市","永康區","120.260","23.035","2323"
"390","135992","20220710050000","330","1","臺南市","永康區","120.255","23.040","373"
"2225","135993","20220710050000","2216","1","臺南市","永康區","120.230","23.015","2763"
"733","135994","20220710050000","818","0","臺南市","永康區","120.230","23.020","970"
"598","135995","20220710050000","427","2","臺南市","安南區","120.205","23.035","577"
"882","135997","20220710050000","883","0","臺南市","永康區","120.220","23.020","897"
"739","135998","20220710050000","581","2","臺南市","北區","120.195","23.010","1006"
"1840","136000","20220710050000","2110","0","臺南市","北區","120.195","23.015","2313"
"660","136001","20220710050000","788","0","臺南市","北區","120.200","23.015","861"
"412","136002","20220710050000","402","1","臺南市","北區","120.195","23.005","503"
"1378","136005","20220710050000","1136","2","臺南市","南區","120.190","22.985","1468"
"46","136006","20220710050000","178","0","臺南市","南區","120.210","22.975","41"
"556","136008","20220710050000","522","1","臺南市","北區","120.185","23.010","559"
"729","136009","20220710050000","707","1","臺南市","北區","120.190","23.010","691"
"165","136012","20220710050000","771","0","臺南市","永康區","120.270","23.010","164"
"1349","136013","20220710050000","1374","0","臺南市","中西區","120.195","22.990","1739"
"964","136014","20220710050000","811","1","臺南市","仁德區","120.255","22.975","943"
"62","136018","20220710050000","90","0","臺南市","仁德區","120.255","22.980","50"
"780","136020","20220710050000","374","3","臺南市","北區","120.200","23.010","738"
"1272","136021","20220710050000","571","3","臺南市","北區","120.200","23.020","1272"
"1309","136022","20220710050000","1024","2","臺南市","北區","120.205","23.015","1314"
"2031","136023","20220710050000","1068","3","臺南市","北區","120.210","23.015","2040"
"258","136025","20220710050000","221","1","臺南市","北區","120.205","23.020","236"
"381","136030","20220710050000","326","1","臺南市","永康區","120.275","23.030","360"
"1838","136034","20220710050000","1072","3","臺南市","永康區","120.235","23.020","1820"
"34","136035","20220710050000","94","0","臺南市","永康區","120.240","23.020","47"
"495","136036","20220710050000","664","0","臺南市","永康區","120.245","23.020","504"
"337","136037","20220710050000","1494","0","臺南市","永康區","120.250","23.020","353"
"601","136042","20220710050000","553","1","臺南市","永康區","120.250","23.025","574"
"644","136043","20220710050000","436","2","臺南市","關廟區","120.330","22.955","656"
"545","136044","20220710050000","387","2","臺南市","關廟區","120.330","22.960","529"
"68","136047","20220710050000","88","0","臺南市","關廟區","120.340","22.970","106"
"699","136049","20220710050000","585","1","臺南市","關廟區","120.335","22.960","671"
"184","136054","20220710050000","156","1","臺南市","關廟區","120.345","22.965","250"
"55","136056","20220710050000","60","0","臺南市","關廟區","120.355","22.965","59"
"1663","136059","20220710050000","972","3","臺南市","北區","120.205","23.005","1632"
"636","136061","20220710050000","780","0","臺南市","南區","120.200","22.970","851"
"394","136062","20220710050000","531","0","臺南市","中西區","120.205","22.990","548"
"730","136063","20220710050000","744","0","臺南市","中西區","120.200","22.985","936"
"1427","136064","20220710050000","1346","1","臺南市","中西區","120.200","22.990","1804"
"685","136065","20220710050000","763","0","臺南市","中西區","120.200","22.995","865"
"340","136067","20220710050000","319","1","臺南市","永康區","120.270","22.995","372"
"74","136070","20220710050000","982","0","臺南市","永康區","120.265","23.005","86"
"1795","136071","20220710050000","1620","1","臺南市","永康區","120.255","23.030","2078"
"155","136072","20220710050000","522","0","臺南市","關廟區","120.335","22.955","166"
"631","136080","20220710050000","375","3","臺南市","關廟區","120.325","22.955","599"
"155","136081","20220710050000","276","0","臺南市","關廟區","120.315","22.960","234"
"924","136083","20220710050000","431","3","臺南市","關廟區","120.325","22.960","883"
"191","136085","20220710050000","228","0","臺南市","東區","120.220","22.990","244"
"2765","136087","20220710050000","2143","2","臺南市","東區","120.225","22.985","2723"
"1036","136088","20220710050000","1078","0","臺南市","東區","120.230","22.990","1346"
"1956","136089","20220710050000","1804","1","臺南市","東區","120.230","22.995","1879"
"707","136090","20220710050000","808","0","臺南市","東區","120.235","22.995","996"
"1369","136091","20220710050000","950","2","臺南市","北區","120.220","23.000","1455"
"651","136093","20220710050000","516","2","臺南市","中西區","120.180","23.005","656"
"1812","136094","20220710050000","1969","0","臺南市","中西區","120.185","23.005","2017"
"1738","136095","20220710050000","1122","3","臺南市","北區","120.225","23.005","1643"
"350","136096","20220710050000","346","1","臺南市","北區","120.225","23.000","533"
"139","136100","20220710050000","91","3","臺南市","仁德區","120.235","22.950","139"
"226","136101","20220710050000","180","2","臺南市","仁德區","120.235","22.955","248"
"1119","136102","20220710050000","1190","0","臺南市","仁德區","120.230","22.955","1458"
"119","136104","20220710050000","97","2","臺南市","仁德區","120.240","22.955","137"
"1765","136105","20220710050000","1244","2","臺南市","仁德區","120.255","22.955","1785"
"185","136109","20220710050000","187","0","臺南市","仁德區","120.250","22.955","185"
"14","136111","20220710050000","18","0","臺南市","仁德區","120.265","22.955","13"
"79","136113","20220710050000","436","0","臺南市","仁德區","120.265","22.960","73"
"950","136115","20220710050000","787","2","臺南市","北區","120.220","23.010","856"
"265","136118","20220710050000","1016","0","臺南市","中西區","120.210","22.995","325"
"404","136119","20220710050000","1044","0","臺南市","中西區","120.210","22.990","509"
"1014","136120","20220710050000","1591","0","臺南市","北區","120.205","23.000","1670"
"1255","136122","20220710050000","807","3","臺南市","東區","120.225","22.965","1524"
"1062","136123","20220710050000","804","2","臺南市","東區","120.220","22.970","1295"
"106","136124","20220710050000","876","0","臺南市","東區","120.225","22.970","80"
"1058","136125","20220710050000","1665","0","臺南市","東區","120.225","22.990","1061"
"484","136126","20220710050000","701","0","臺南市","東區","120.235","22.990","623"
"758","136128","20220710050000","596","2","臺南市","東區","120.245","22.990","737"
"300","136131","20220710050000","363","0","臺南市","歸仁區","120.275","22.960","366"
"517","136132","20220710050000","407","2","臺南市","歸仁區","120.280","22.960","518"
"30","136145","20220710050000","307","0","臺南市","南區","120.205","22.980","23"
"654","136146","20220710050000","1225","0","臺南市","南區","120.210","22.980","852"
"745","136147","20220710050000","596","2","臺南市","安平區","120.165","22.990","759"
"25","136148","20220710050000","54","0","臺南市","永康區","120.245","22.995","25"
"922","136149","20220710050000","678","2","臺南市","永康區","120.245","23.005","974"
"1300","136151","20220710050000","1250","1","臺南市","永康區","120.245","23.010","1283"
"145","136152","20220710050000","1071","0","臺南市","永康區","120.250","23.010","154"
"45","136155","20220710050000","23","3","臺南市","關廟區","120.320","22.970","52"
"39","136163","20220710050000","48","0","臺南市","關廟區","120.310","22.980","42"
"1364","136181","20220710050000","1183","1","臺南市","北區","120.200","23.000","1849"
"60","136182","20220710050000","70","0","臺南市","南區","120.195","22.985","59"
"347","136184","20220710050000","222","3","臺南市","仁德區","120.225","22.960","368"
"278","136185","20220710050000","336","0","臺南市","東區","120.230","22.960","387"
"49","136186","20220710050000","50","0","臺南市","歸仁區","120.275","22.995","51"
"358","136188","20220710050000","400","0","臺南市","歸仁區","120.275","23.000","457"
"265","136195","20220710050000","231","1","臺南市","歸仁區","120.290","22.995","360"
"54","136196","20220710050000","272","0","臺南市","歸仁區","120.295","22.995","45"
"1580","136199","20220710050000","1330","1","臺南市","北區","120.210","23.005","2004"
"938","136200","20220710050000","482","3","臺南市","東區","120.215","22.995","1189"
"660","136229","20220710050000","609","1","臺南市","安南區","120.195","23.030","651"
"1032","136230","20220710050000","1129","0","臺南市","安南區","120.195","23.035","1117"
"650","136231","20220710050000","499","2","臺南市","南區","120.190","22.965","627"
"27","136248","20220710050000","19","2","臺南市","左鎮區","120.405","22.995","14"
"96","136271","20220710050000","77","2","臺南市","左鎮區","120.420","23.010","103"
"28","136316","20220710050000","98","0","臺南市","左鎮區","120.395","23.010","30"
"37","136343","20220710050000","35","1","臺南市","左鎮區","120.385","23.035","48"
"3540","136422","20220710050000","3389","1","臺南市","東區","120.235","22.985","3612"
"731","136423","20220710050000","461","3","臺南市","東區","120.215","22.990","992"
"362","136430","20220710050000","467","0","臺南市","歸仁區","120.285","22.980","502"
"208","136438","20220710050000","151","2","臺南市","歸仁區","120.280","22.990","190"
"376","136444","20220710050000","387","0","臺南市","歸仁區","120.295","22.975","489"
"631","136452","20220710050000","481","2","臺南市","歸仁區","120.285","22.960","612"
"672","136453","20220710050000","285","3","臺南市","歸仁區","120.280","22.965","654"
"41","136454","20220710050000","47","0","臺南市","歸仁區","120.285","22.965","39"
"607","136455","20220710050000","608","0","臺南市","歸仁區","120.285","22.970","744"
"32","136457","20220710050000","524","0","臺南市","仁德區","120.270","22.970","35"
"757","136458","20220710050000","833","0","臺南市","歸仁區","120.275","22.970","940"
"385","136459","20220710050000","341","1","臺南市","歸仁區","120.280","22.970","492"
"448","136460","20220710050000","260","3","臺南市","南區","120.200","22.975","452"
"776","136461","20220710050000","328","3","臺南市","南區","120.195","22.960","749"
"2052","136462","20220710050000","1557","2","臺南市","南區","120.190","22.980","2328"
"297","136475","20220710050000","323","0","臺南市","安南區","120.130","23.015","413"
"88","136483","20220710050000","47","3","臺南市","安南區","120.135","23.020","70"
"642","136490","20220710050000","443","2","臺南市","安南區","120.185","23.025","783"
"606","136495","20220710050000","518","1","臺南市","東區","120.235","22.980","550"
"308","136496","20220710050000","211","2","臺南市","永康區","120.255","23.010","310"
"1232","136497","20220710050000","1292","0","臺南市","永康區","120.255","23.015","1227"
"590","136498","20220710050000","754","0","臺南市","永康區","120.260","23.015","580"
"33","136501","20220710050000","264","0","臺南市","永康區","120.280","23.010","41"
"118","136503","20220710050000","605","0","臺南市","永康區","120.270","23.015","132"
"1252","136507","20220710050000","821","3","臺南市","永康區","120.275","23.020","1223"
"76","136508","20220710050000","680","0","臺南市","永康區","120.280","23.020","91"
"106","136509","20220710050000","1574","0","臺南市","安平區","120.175","22.995","103"
"349","136512","20220710050000","238","2","臺南市","安南區","120.160","23.005","372"
"892","136513","20220710050000","536","3","臺南市","安平區","120.190","22.990","956"
"352","136515","20220710050000","475","0","臺南市","永康區","120.220","23.030","462"
"510","136516","20220710050000","557","0","臺南市","東區","120.245","22.980","682"
"647","136517","20220710050000","830","0","臺南市","仁德區","120.250","22.980","780"
"2679","136518","20220710050000","1298","3","臺南市","東區","120.215","22.980","2617"
"1869","136520","20220710050000","2401","0","臺南市","東區","120.245","22.985","2190"
"977","136521","20220710050000","535","3","臺南市","仁德區","120.250","22.985","1300"
"574","136523","20220710050000","646","0","臺南市","安平區","120.160","22.990","722"
"503","136525","20220710050000","572","0","臺南市","安平區","120.160","22.995","676"
"774","136532","20220710050000","834","0","臺南市","安平區","120.165","22.985","1066"
"1041","136533","20220710050000","334","3","臺南市","安平區","120.170","22.985","972"
"717","136534","20220710050000","809","0","臺南市","安平區","120.175","22.985","685"
"1439","136535","20220710050000","877","3","臺南市","安平區","120.170","22.990","1457"
"923","136536","20220710050000","904","1","臺南市","安平區","120.175","22.990","971"
"215","136539","20220710050000","271","0","臺南市","安平區","120.150","22.995","327"
"271","136541","20220710050000","288","0","臺南市","安平區","120.145","23.000","354"
"277","136542","20220710050000","136","3","臺南市","安平區","120.150","23.000","351"
"324","136543","20220710050000","326","0","臺南市","安平區","120.155","23.000","403"
"263","136544","20220710050000","240","1","臺南市","安平區","120.160","23.000","300"
"760","136545","20220710050000","1316","0","臺南市","東區","120.240","22.980","998"
"564","136546","20220710050000","502","1","臺南市","東區","120.225","22.995","539"
"1389","136547","20220710050000","1310","1","臺南市","東區","120.235","22.965","1700"
"733","136548","20220710050000","777","0","臺南市","東區","120.220","22.975","875"
"485","136549","20220710050000","620","0","臺南市","歸仁區","120.300","22.960","660"
"71","136550","20220710050000","74","0","臺南市","歸仁區","120.305","22.960","63"
"492","136553","20220710050000","484","1","臺南市","歸仁區","120.285","23.005","472"
"191","136560","20220710050000","1533","0","臺南市","南區","120.195","22.975","194"
"315","136561","20220710050000","1809","0","臺南市","永康區","120.240","23.015","334"
"991","136562","20220710050000","770","2","臺南市","永康區","120.245","23.015","1001"
"749","136563","20220710050000","852","0","臺南市","永康區","120.250","23.015","796"
"1721","136564","20220710050000","763","3","臺南市","永康區","120.230","23.005","1661"
"1387","136565","20220710050000","2124","0","臺南市","永康區","120.235","23.000","1856"
"1836","136566","20220710050000","1543","1","臺南市","北區","120.230","23.000","2094"
"812","136567","20220710050000","1161","0","臺南市","永康區","120.270","23.005","1024"
"1354","136568","20220710050000","1224","1","臺南市","永康區","120.265","23.010","1379"
"179","136570","20220710050000","1057","0","臺南市","永康區","120.265","23.020","192"
"44","136572","20220710050000","518","0","臺南市","永康區","120.260","22.995","42"
"735","136573","20220710050000","721","1","臺南市","永康區","120.265","23.000","714"
"563","136574","20220710050000","501","1","臺南市","安南區","120.200","23.025","547"
"1090","136575","20220710050000","624","3","臺南市","安南區","120.205","23.025","1082"
"1055","136576","20220710050000","688","3","臺南市","安南區","120.210","23.025","1169"
"2283","136577","20220710050000","1842","2","臺南市","北區","120.225","23.010","2659"
"1420","136578","20220710050000","1368","1","臺南市","北區","120.215","23.010","1461"
"1221","136579","20220710050000","812","3","臺南市","北區","120.215","23.015","1181"
"134","136580","20220710050000","389","0","臺南市","南化區","120.495","23.030","135"
"12","136581","20220710050000","69","0","臺南市","南化區","120.500","23.030","12"
"64","136584","20220710050000","29","3","臺南市","南化區","120.500","23.035","70"
"36","136586","20220710050000","43","0","臺南市","南化區","120.465","23.040","37"
"27","136602","20220710050000","23","1","臺南市","南化區","120.465","23.010","27"
"1008","136671","20220710050000","976","1","臺南市","中西區","120.170","23.000","1382"
"1750","136672","20220710050000","1864","0","臺南市","中西區","120.175","23.000","1996"
"362","136674","20220710050000","773","0","臺南市","中西區","120.185","23.000","443"
"1454","136675","20220710050000","1789","0","臺南市","安平區","120.165","22.995","1916"
"594","136676","20220710050000","463","2","臺南市","安平區","120.170","22.995","577"
"1506","136677","20220710050000","1253","2","臺南市","安平區","120.185","22.990","1559"
"281","136678","20220710050000","235","1","臺南市","安平區","120.180","22.995","259"
"799","136679","20220710050000","1175","0","臺南市","安平區","120.185","22.995","1041"
"1078","136680","20220710050000","805","2","臺南市","安平區","120.180","22.985","1065"
"1932","136681","20220710050000","1202","3","臺南市","安平區","120.180","22.990","1868"
"193","136690","20220710050000","108","3","臺南市","南區","120.215","22.955","234"
"493","136695","20220710050000","355","2","臺南市","南區","120.210","22.965","499"
"839","136696","20220710050000","807","1","臺南市","南區","120.215","22.965","778"
"2162","136697","20220710050000","1496","2","臺南市","南區","120.185","22.965","2277"
"495","136701","20220710050000","313","3","臺南市","南區","120.170","22.955","672"
"172","136709","20220710050000","91","3","臺南市","南區","120.165","22.965","163"
"549","136712","20220710050000","290","3","臺南市","仁德區","120.220","22.955","527"
"454","136717","20220710050000","314","2","臺南市","仁德區","120.255","22.965","427"
"253","136718","20220710050000","282","0","臺南市","仁德區","120.260","22.965","210"
"40","136720","20220710050000","208","0","臺南市","仁德區","120.270","22.965","35"
"237","136721","20220710050000","1271","0","臺南市","仁德區","120.255","22.970","237"
"670","136722","20220710050000","286","3","臺南市","仁德區","120.260","22.970","672"
"1464","136727","20220710050000","1288","1","臺南市","北區","120.220","23.005","1945"
"1520","136728","20220710050000","1670","0","臺南市","北區","120.200","23.005","1953"
"550","136732","20220710050000","360","3","臺南市","仁德區","120.260","22.985","534"
"1156","136738","20220710050000","590","3","臺南市","仁德區","120.260","22.990","1125"
"28","136741","20220710050000","64","0","臺南市","仁德區","120.265","22.995","29"
"597","136752","20220710050000","164","3","臺南市","安南區","120.185","23.035","480"
"719","136755","20220710050000","565","2","臺南市","安南區","120.185","23.040","672"
"2665","136756","20220710050000","2509","1","臺南市","中西區","120.205","22.995","2901"
"317","136758","20220710050000","404","0","臺南市","永康區","120.250","23.000","406"
"395","136763","20220710050000","455","0","臺南市","安南區","120.200","23.040","538"
"1034","136764","20220710050000","2687","0","臺南市","安南區","120.190","23.025","1142"
"108","136765","20220710050000","156","0","臺南市","安南區","120.140","23.000","134"
"1846","136786","20220710050000","1803","1","臺南市","北區","120.210","23.000","2188"
"1014","136787","20220710050000","520","3","臺南市","中西區","120.195","22.995","1280"
"749","136788","20220710050000","724","1","臺南市","中西區","120.205","22.985","799"
"651","136789","20220710050000","1111","0","臺南市","東區","120.225","22.980","864"
"3827","136790","20220710050000","2599","2","臺南市","東區","120.220","22.985","4477"
"465","136791","20220710050000","470","0","臺南市","永康區","120.225","23.015","470"
"878","136792","20220710050000","1183","0","臺南市","永康區","120.240","23.005","1087"
"143","136793","20220710050000","828","0","臺南市","永康區","120.240","23.000","127"
"893","136794","20220710050000","1803","0","臺南市","永康區","120.235","23.010","1185"
"572","136795","20220710050000","421","2","臺南市","永康區","120.245","23.000","733"
"1117","136799","20220710050000","1628","0","臺南市","新化區","120.300","23.035","1417"
"811","136800","20220710050000","1191","0","臺南市","東區","120.215","22.975","949"
"873","136801","20220710050000","637","2","臺南市","東區","120.230","22.985","1172"
"2125","136802","20220710050000","1696","2","臺南市","東區","120.230","22.975","2337"
"117","136803","20220710050000","232","0","臺南市","東區","120.225","22.975","103"
"452","136804","20220710050000","284","3","臺南市","東區","120.230","22.970","640"
"962","136805","20220710050000","1148","0","臺南市","東區","120.230","22.965","1257"
"520","136806","20220710050000","466","1","臺南市","南區","120.185","22.975","543"
"673","136808","20220710050000","872","0","臺南市","南區","120.210","22.970","885"
"544","136809","20220710050000","626","0","臺南市","東區","120.215","22.970","685"
"30","136812","20220710050000","152","0","臺南市","仁德區","120.245","22.955","25"
"143","136813","20220710050000","167","0","臺南市","仁德區","120.240","22.960","211"
"161","136814","20220710050000","98","3","臺南市","仁德區","120.245","22.960","148"
"347","136816","20220710050000","704","0","臺南市","仁德區","120.255","22.960","352"
"378","136817","20220710050000","476","0","臺南市","仁德區","120.240","22.965","543"
"55","136820","20220710050000","49","1","臺南市","仁德區","120.240","22.970","55"
"801","136821","20220710050000","459","3","臺南市","仁德區","120.245","22.970","706"
"422","136822","20220710050000","635","0","臺南市","仁德區","120.250","22.970","587"
"987","136823","20220710050000","522","3","臺南市","仁德區","120.240","22.975","1133"
"777","136824","20220710050000","930","0","臺南市","仁德區","120.245","22.975","989"
"437","136825","20220710050000","375","1","臺南市","仁德區","120.250","22.975","544"
"1174","136826","20220710050000","1058","1","臺南市","北區","120.215","23.005","1615"
"49","136851","20220710050000","279","0","高雄市","內門區","120.445","22.975","25"
"19","136927","20220710050000","17","1","臺東縣","池上鄉","121.195","23.040","22"
"69","136939","20220710050000","37","3","高雄市","內門區","120.435","22.955","26"
"112","136953","20220710050000","100","1","高雄市","內門區","120.465","23.000","106"
"127","136958","20220710050000","257","0","高雄市","內門區","120.470","22.960","168"
"72","136970","20220710050000","65","1","高雄市","內門區","120.465","22.975","88"
"22","136996","20220710050000","22","1","高雄市","內門區","120.495","22.955","44"
"85","137008","20220710050000","138","0","高雄市","內門區","120.490","22.970","115"
"11","137020","20220710050000","20","0","高雄市","內門區","120.510","22.980","22"
"167","137023","20220710050000","320","0","高雄市","內門區","120.500","22.985","287"
"22","137048","20220710050000","124","0","高雄市","六龜區","120.660","23.005","23"
"63","137056","20220710050000","142","0","高雄市","六龜區","120.665","23.010","64"
"28","137071","20220710050000","26","1","臺南市","龍崎區","120.350","22.955","46"
"23","137124","20220710050000","18","2","臺南市","龍崎區","120.385","23.005","25"
"90","137130","20220710050000","50","3","臺南市","關廟區","120.370","22.960","66"
"324","137196","20220710050000","962","0","臺南市","安南區","120.190","23.020","311"
"39","137197","20220710050000","41","0","臺南市","南區","120.195","22.965","46"
"105","137201","20220710050000","274","0","臺南市","歸仁區","120.295","22.960","70"
"631","137202","20220710050000","561","1","臺南市","永康區","120.255","23.005","646"
"213","137251","20220710050000","303","0","高雄市","內門區","120.485","23.015","259"
"41","137259","20220710050000","34","2","高雄市","內門區","120.480","22.965","41"
"119","137275","20220710050000","157","0","高雄市","內門區","120.510","23.015","106"
"218","137311","20220710050000","196","1","高雄市","六龜區","120.650","22.975","276"
"558","137325","20220710050000","806","0","高雄市","六龜區","120.660","22.985","702"
"180","137409","20220710050000","119","3","高雄市","六龜區","120.640","22.990","176"
"207","137466","20220710050000","324","0","高雄市","六龜區","120.660","23.035","285"
"742","137491","20220710050000","878","0","高雄市","六龜區","120.635","22.995","839"
"164","137494","20220710050000","169","0","臺南市","安平區","120.165","23.000","219"
"10","137498","20220710050000","16","0","臺南市","安平區","120.155","22.980","11"
"180","137502","20220710050000","208","0","臺南市","安平區","120.150","22.990","176"
"738","137506","20220710050000","393","3","臺南市","永康區","120.260","23.020","709"
"358","137507","20220710050000","419","0","臺南市","永康區","120.250","23.030","497"
"169","137585","20220710050000","103","3","臺東縣","鹿野鄉","121.140","22.975","170"
"121","137592","20220710050000","62","3","臺東縣","鹿野鄉","121.140","22.985","194"
"103","137600","20220710050000","115","0","臺東縣","鹿野鄉","121.155","22.950","94"
"357","137609","20220710050000","375","0","臺東縣","鹿野鄉","121.155","22.955","422"
"336","137617","20220710050000","427","0","高雄市","旗山區","120.510","22.955","479"
"60","137618","20220710050000","130","0","高雄市","旗山區","120.515","22.955","68"
"282","137627","20220710050000","348","0","高雄市","旗山區","120.515","22.970","231"
"883","137638","20220710050000","1917","0","臺南市","歸仁區","120.290","22.965","1033"
"22","137642","20220710050000","100","0","臺南市","永康區","120.275","23.035","21"
"47","137643","20220710050000","182","0","臺南市","永康區","120.280","23.035","46"
"545","137648","20220710050000","488","1","臺南市","新化區","120.305","23.030","568"
"778","137649","20220710050000","715","1","臺南市","永康區","120.240","23.010","816"
"607","137650","20220710050000","553","1","臺南市","永康區","120.215","23.020","607"
"573","137651","20220710050000","283","3","臺南市","北區","120.220","23.015","542"
"10","138036","20220710050000","73","0","臺東縣","成功鎮","121.315","22.990","10"
"123","138047","20220710050000","54","3","臺東縣","成功鎮","121.320","23.005","94"
"60","138061","20220710050000","45","2","臺東縣","成功鎮","121.325","23.020","52"
"219","138079","20220710050000","256","0","臺東縣","成功鎮","121.335","23.030","269"
"490","138095","20220710050000","186","3","臺東縣","關山鎮","121.170","23.040","662"
"98","138110","20220710050000","58","3","臺東縣","關山鎮","121.145","23.005","91"
"123","138197","20220710050000","136","0","臺東縣","關山鎮","121.175","23.015","136"
"70","138230","20220710050000","74","0","臺東縣","關山鎮","121.185","23.025","77"
"51","138241","20220710050000","30","3","臺東縣","鹿野鄉","121.130","22.955","34"
"225","138251","20220710050000","220","1","臺東縣","鹿野鄉","121.120","22.970","235"
"162","138278","20220710050000","143","1","臺東縣","鹿野鄉","121.150","22.980","154"
"798","138324","20220710050000","822","0","臺南市","新化區","120.300","23.020","1026"
"194","138325","20220710050000","143","2","臺南市","新化區","120.305","23.020","173"
"265","138337","20220710050000","298","0","臺南市","安南區","120.125","23.035","369"
"188","138363","20220710050000","175","1","臺南市","安南區","120.140","23.030","184"
"367","138367","20220710050000","170","3","臺南市","安南區","120.160","23.030","440"
"165","138369","20220710050000","203","0","臺南市","安南區","120.135","23.035","229"
"97","138375","20220710050000","62","3","臺南市","安南區","120.140","23.040","126"
"355","138376","20220710050000","486","0","臺南市","安南區","120.145","23.040","437"
"180","138377","20220710050000","176","1","臺南市","安南區","120.150","23.040","248"
"166","138378","20220710050000","83","3","臺南市","安南區","120.155","23.040","208"
"26","138379","20220710050000","19","2","臺南市","安南區","120.160","23.040","35"
"54","138760","20220710050000","28","3","高雄市","桃源區","120.715","23.035","35"
"2375","138833","20220710050000","1765","2","臺南市","永康區","120.260","23.025","2331"
"22","138836","20220710050000","317","0","臺南市","永康區","120.265","23.030","26"
"861","138838","20220710050000","684","2","臺南市","永康區","120.265","23.035","843"
"170","138839","20220710050000","573","0","臺南市","永康區","120.265","23.040","164"
"60","138843","20220710050000","657","0","臺南市","新化區","120.300","23.040","52"
"24","138851","20220710050000","13","3","臺南市","新化區","120.375","23.010","24"
"146","138868","20220710050000","1085","0","臺南市","新化區","120.305","23.040","148"
"64","138909","20220710050000","149","0","臺南市","新化區","120.325","23.025","71"
"52","138910","20220710050000","26","3","臺南市","新化區","120.330","23.025","56"
"232","138917","20220710050000","1612","0","臺南市","新化區","120.310","23.035","260"
"1383","138922","20220710050000","775","3","臺南市","東區","120.220","22.980","1811"
"1966","138923","20220710050000","967","3","臺南市","東區","120.235","22.970","2369"
"534","138926","20220710050000","681","0","臺南市","永康區","120.230","23.035","691"
"1326","138928","20220710050000","1070","2","臺南市","永康區","120.235","23.040","1296"
"744","138932","20220710050000","687","1","臺南市","永康區","120.240","23.035","989"
"34","138933","20220710050000","252","0","臺南市","永康區","120.245","23.035","34"
"615","138935","20220710050000","427","2","臺南市","永康區","120.240","23.040","814"
"2602","138936","20220710050000","1447","3","臺南市","永康區","120.245","23.040","2660"
"76","138937","20220710050000","112","0","臺南市","永康區","120.250","23.040","104"
"23","138942","20220710050000","248","0","臺東縣","東河鄉","121.285","23.000","18"
"92","138962","20220710050000","77","1","臺東縣","東河鄉","121.280","23.020","101"
"15","138979","20220710050000","87","0","臺東縣","東河鄉","121.285","23.030","11"
"17","139027","20220710050000","85","0","臺東縣","東河鄉","121.240","22.965","16"
"11","139039","20220710050000","11","1","臺東縣","東河鄉","121.280","22.955","16"
"52","139060","20220710050000","350","0","臺東縣","東河鄉","121.300","22.970","45"
"25","139073","20220710050000","14","3","臺東縣","東河鄉","121.300","22.985","26"
"48","139131","20220710050000","32","3","臺東縣","東河鄉","121.260","22.980","43"
"31","139146","20220710050000","29","1","臺東縣","東河鄉","121.265","22.985","28"
"198","139164","20220710050000","93","3","臺東縣","東河鄉","121.280","22.990","178"
"73","139299","20220710050000","82","0","臺南市","新化區","120.330","23.015","80"
"40","139305","20220710050000","540","0","臺南市","新化區","120.310","23.020","31"
"18","139307","20220710050000","126","0","臺南市","新化區","120.330","23.020","14"
"41","139318","20220710050000","53","0","臺南市","新化區","120.355","23.020","22"
"25","139335","20220710050000","87","0","臺南市","新化區","120.335","23.035","33"
"29","139336","20220710050000","14","3","臺南市","新化區","120.340","23.035","21"
"971","139358","20220710050000","873","1","臺南市","東區","120.220","22.995","1027"
"40","139360","20220710050000","171","0","臺南市","東區","120.215","23.000","38"
"853","139362","20220710050000","523","3","臺南市","東區","120.235","22.960","1104"
"280","139635","20220710050000","328","0","高雄市","杉林區","120.540","22.970","319"
"196","139644","20220710050000","163","2","高雄市","杉林區","120.550","22.975","174"
"148","139672","20220710050000","131","1","高雄市","杉林區","120.565","22.985","142"
"11","139711","20220710050000","10","1","高雄市","杉林區","120.545","22.965","12"
"497","139718","20220710050000","464","1","高雄市","杉林區","120.540","22.965","675"
"51","139735","20220710050000","61","0","高雄市","杉林區","120.550","23.020","66"
"23","139762","20220710050000","21","1","高雄市","杉林區","120.535","23.035","23"
"66","139796","20220710050000","108","0","高雄市","杉林區","120.550","23.000","74"
"168","139852","20220710050000","226","0","高雄市","杉林區","120.585","22.995","176"
"126","139897","20220710050000","209","0","高雄市","杉林區","120.565","23.015","165"
"63","139960","20220710050000","67","0","高雄市","杉林區","120.550","23.040","67"
"149","144971","20220710050000","89","3","臺南市","新市區","120.330","23.105","163"
"160","144982","20220710050000","767","0","臺南市","善化區","120.295","23.125","152"
"438","144986","20220710050000","228","3","臺南市","善化區","120.310","23.110","309"
"2635","144989","20220710050000","2197","1","臺南市","善化區","120.305","23.115","2947"
"350","144992","20220710050000","403","0","臺南市","善化區","120.320","23.115","461"
"442","144998","20220710050000","313","2","臺南市","善化區","120.310","23.125","398"
"1653","144999","20220710050000","1284","2","臺南市","善化區","120.315","23.125","2166"
"2313","145002","20220710050000","1085","3","臺南市","新市區","120.300","23.105","3042"
"2504","145007","20220710050000","1331","3","臺南市","善化區","120.295","23.115","3093"
"343","145022","20220710050000","318","1","臺南市","安定區","120.235","23.110","381"
"156","145025","20220710050000","290","0","臺南市","安定區","120.235","23.115","176"
"354","145026","20220710050000","337","1","臺南市","安定區","120.240","23.115","356"
"322","145031","20220710050000","94","3","臺南市","安定區","120.255","23.115","280"
"61","145032","20220710050000","202","0","臺南市","安定區","120.235","23.120","74"
"694","145050","20220710050000","778","0","臺南市","七股區","120.160","23.115","841"
"59","145054","20220710050000","53","1","臺南市","安南區","120.135","23.045","64"
"88","145055","20220710050000","97","0","臺南市","安南區","120.155","23.045","75"
"280","145067","20220710050000","1939","0","臺南市","安南區","120.195","23.045","229"
"116","145080","20220710050000","129","0","臺東縣","池上鄉","121.220","23.090","120"
"21","145103","20220710050000","24","0","臺東縣","池上鄉","121.220","23.100","34"
"52","145114","20220710050000","47","1","臺東縣","池上鄉","121.225","23.105","45"
"54","145631","20220710050000","56","0","臺東縣","海端鄉","121.145","23.045","65"
"300","145817","20220710050000","378","0","臺東縣","海端鄉","121.175","23.095","363"
"530","146199","20220710050000","563","0","臺南市","西港區","120.205","23.115","663"
"1099","146201","20220710050000","1126","0","臺南市","西港區","120.200","23.120","1409"
"150","146215","20220710050000","611","0","臺南市","西港區","120.180","23.115","146"
"27","146227","20220710050000","707","0","臺南市","安南區","120.215","23.045","29"
"1079","146231","20220710050000","578","3","臺南市","安南區","120.215","23.050","1020"
"1201","146234","20220710050000","1316","0","臺南市","安南區","120.220","23.045","1477"
"172","146235","20220710050000","355","0","臺南市","安南區","120.225","23.045","200"
"97","146238","20220710050000","384","0","臺南市","安南區","120.235","23.050","129"
"56","146239","20220710050000","65","0","臺南市","永康區","120.240","23.050","74"
"76","146241","20220710050000","91","0","臺南市","安南區","120.235","23.055","83"
"974","146244","20220710050000","823","1","臺南市","安南區","120.230","23.060","980"
"79","146245","20220710050000","49","3","臺南市","安南區","120.235","23.060","106"
"334","146251","20220710050000","492","0","臺南市","西港區","120.210","23.115","530"
"393","146255","20220710050000","341","1","臺南市","西港區","120.220","23.120","359"
"48","146265","20220710050000","85","0","臺南市","大內區","120.390","23.110","72"
"10","146269","20220710050000","11","0","臺南市","大內區","120.390","23.115","10"
"256","146341","20220710050000","253","1","臺南市","安南區","120.110","23.080","309"
"412","146347","20220710050000","737","0","臺南市","安南區","120.205","23.045","464"
"426","146348","20220710050000","412","1","臺南市","安南區","120.210","23.045","539"
"93","146361","20220710050000","88","1","臺南市","大內區","120.395","23.120","122"
"106","146366","20220710050000","59","3","臺南市","大內區","120.420","23.120","85"
"522","146385","20220710050000","286","3","臺南市","安南區","120.220","23.055","682"
"821","146387","20220710050000","979","0","臺南市","安南區","120.215","23.060","1057"
"287","146388","20220710050000","326","0","臺南市","安南區","120.220","23.060","431"
"1116","146390","20220710050000","1423","0","臺南市","安南區","120.225","23.065","1399"
"72","146400","20220710050000","65","1","臺南市","七股區","120.160","23.100","73"
"18","146423","20220710050000","27","0","臺南市","七股區","120.100","23.120","19"
"1888","146430","20220710050000","1730","1","臺南市","新市區","120.290","23.070","2323"
"1576","146432","20220710050000","828","3","臺南市","新市區","120.290","23.080","1518"
"2355","146433","20220710050000","2332","1","臺南市","新市區","120.295","23.080","2890"
"42","146437","20220710050000","498","0","臺南市","新市區","120.290","23.055","42"
"620","146444","20220710050000","480","2","臺南市","新市區","120.300","23.060","557"
"365","146450","20220710050000","154","3","臺南市","新市區","120.295","23.065","343"
"112","146459","20220710050000","123","0","臺南市","新市區","120.305","23.070","139"
"1286","146460","20220710050000","623","3","臺南市","新市區","120.295","23.075","1415"
"339","146461","20220710050000","247","2","臺南市","新市區","120.300","23.075","344"
"328","146468","20220710050000","397","0","臺南市","新市區","120.300","23.085","426"
"265","146478","20220710050000","225","1","臺南市","新市區","120.325","23.070","267"
"46","146482","20220710050000","38","2","臺南市","新市區","120.320","23.075","44"
"363","146495","20220710050000","314","1","臺南市","新市區","120.280","23.060","430"
"198","146505","20220710050000","118","3","臺南市","新市區","120.280","23.075","176"
"1974","146506","20220710050000","2004","0","臺南市","新市區","120.285","23.075","2846"
"54","146509","20220710050000","63","0","臺南市","新市區","120.285","23.080","77"
"499","146513","20220710050000","290","3","臺南市","新市區","120.280","23.090","576"
"122","146522","20220710050000","210","0","臺南市","新市區","120.255","23.090","108"
"224","146525","20220710050000","198","1","臺南市","新市區","120.270","23.090","226"
"561","146526","20220710050000","303","3","臺南市","新市區","120.275","23.090","614"
"152","146529","20220710050000","141","1","臺南市","新市區","120.255","23.095","183"
"31","146532","20220710050000","47","0","臺南市","新市區","120.270","23.095","27"
"796","146533","20220710050000","945","0","臺南市","新市區","120.275","23.095","764"
"360","146535","20220710050000","198","3","臺南市","新市區","120.250","23.100","440"
"35","146536","20220710050000","78","0","臺南市","新市區","120.260","23.100","36"
"233","146537","20220710050000","153","3","臺南市","新市區","120.260","23.095","229"
"331","146541","20220710050000","429","0","臺南市","新市區","120.280","23.095","328"
"503","146545","20220710050000","358","2","臺南市","新市區","120.255","23.100","472"
"19","146546","20220710050000","21","0","臺南市","善化區","120.260","23.105","20"
"15","146547","20220710050000","12","2","臺南市","新市區","120.265","23.100","18"
"221","146549","20220710050000","140","3","臺南市","新市區","120.275","23.100","290"
"149","146550","20220710050000","179","0","臺南市","新市區","120.280","23.100","180"
"392","146552","20220710050000","369","1","臺南市","新市區","120.265","23.105","396"
"714","146554","20220710050000","527","2","臺南市","新市區","120.275","23.105","844"
"176","146562","20220710050000","297","0","臺南市","七股區","120.145","23.105","230"
"504","146587","20220710050000","320","3","臺南市","安定區","120.225","23.080","691"
"411","146590","20220710050000","345","1","臺南市","安定區","120.230","23.100","402"
"612","146602","20220710050000","487","2","臺南市","西港區","120.210","23.125","751"
"263","146614","20220710050000","135","3","臺南市","安南區","120.155","23.055","339"
"81","146615","20220710050000","89","0","臺南市","安南區","120.165","23.060","64"
"443","146616","20220710050000","531","0","臺南市","安南區","120.175","23.060","631"
"917","146621","20220710050000","928","0","臺南市","安南區","120.175","23.070","1188"
"10","146652","20220710050000","131","0","臺南市","七股區","120.150","23.120","12"
"416","146661","20220710050000","425","0","臺南市","安南區","120.130","23.070","486"
"14","146695","20220710050000","286","0","臺南市","安南區","120.095","23.060","14"
"76","146704","20220710050000","63","2","臺南市","山上區","120.355","23.085","96"
"66","146707","20220710050000","62","1","臺南市","山上區","120.345","23.090","48"
"160","146712","20220710050000","209","0","臺南市","山上區","120.355","23.095","153"
"145","146713","20220710050000","95","3","臺南市","山上區","120.360","23.095","190"
"92","146727","20220710050000","140","0","臺南市","山上區","120.340","23.110","110"
"38","146773","20220710050000","49","0","臺南市","山上區","120.405","23.105","44"
"41","146783","20220710050000","40","1","臺南市","山上區","120.365","23.075","41"
"17","146806","20220710050000","14","2","臺南市","左鎮區","120.380","23.050","21"
"172","146822","20220710050000","107","3","臺南市","左鎮區","120.365","23.065","161"
"72","146848","20220710050000","108","0","臺南市","左鎮區","120.400","23.055","89"
"184","146850","20220710050000","195","0","臺南市","左鎮區","120.410","23.055","219"
"190","146853","20220710050000","170","1","臺南市","左鎮區","120.390","23.060","247"
"141","146890","20220710050000","226","0","臺南市","安南區","120.160","23.065","219"
"426","146891","20220710050000","334","2","臺南市","安南區","120.160","23.070","392"
"357","146892","20220710050000","453","0","臺南市","安南區","120.165","23.070","503"
"140","146896","20220710050000","116","2","臺南市","安南區","120.200","23.075","187"
"43","146931","20220710050000","992","0","臺南市","安南區","120.130","23.060","42"
"45","146932","20220710050000","524","0","臺南市","安南區","120.135","23.060","52"
"29","146947","20220710050000","218","0","臺南市","安南區","120.115","23.055","31"
"576","146954","20220710050000","659","0","臺南市","安南區","120.125","23.060","709"
"526","146957","20220710050000","523","1","臺南市","安南區","120.125","23.065","572"
"816","146965","20220710050000","810","1","臺南市","山上區","120.355","23.105","1025"
"111","146969","20220710050000","74","3","臺南市","山上區","120.370","23.080","120"
"100","146971","20220710050000","216","0","臺南市","山上區","120.380","23.080","110"
"279","146979","20220710050000","284","0","臺南市","安定區","120.235","23.100","305"
"1303","146988","20220710050000","1147","1","臺南市","永康區","120.255","23.045","1696"
"38","146992","20220710050000","49","0","臺南市","永康區","120.260","23.050","67"
"127","147017","20220710050000","121","1","臺南市","安南區","120.145","23.075","169"
"473","147019","20220710050000","422","1","臺南市","安南區","120.135","23.080","597"
"160","147031","20220710050000","178","0","臺南市","安定區","120.220","23.105","196"
"58","147043","20220710050000","65","0","臺南市","安定區","120.260","23.110","90"
"38","147044","20220710050000","15","3","臺南市","安定區","120.260","23.115","43"
"407","147045","20220710050000","373","1","臺南市","安定區","120.255","23.120","464"
"2261","147046","20220710050000","1709","2","臺南市","安定區","120.260","23.120","2282"
"15","147047","20220710050000","33","0","臺南市","安定區","120.265","23.120","14"
"44","147048","20220710050000","209","0","臺南市","安定區","120.250","23.125","47"
"352","147051","20220710050000","624","0","臺南市","安定區","120.240","23.095","382"
"206","147056","20220710050000","474","0","臺南市","安定區","120.235","23.085","209"
"252","147068","20220710050000","1138","0","臺南市","安定區","120.235","23.095","272"
"154","147073","20220710050000","148","1","臺南市","安南區","120.180","23.045","174"
"1431","147074","20220710050000","1755","0","臺南市","安南區","120.185","23.045","1786"
"623","147075","20220710050000","673","0","臺南市","安南區","120.180","23.050","784"
"578","147079","20220710050000","357","3","臺南市","安南區","120.190","23.055","545"
"78","147083","20220710050000","217","0","臺南市","南化區","120.450","23.050","79"
"297","147121","20220710050000","257","1","臺南市","南化區","120.485","23.080","356"
"180","147153","20220710050000","189","0","臺南市","南化區","120.475","23.065","224"
"242","147170","20220710050000","233","1","臺南市","南化區","120.475","23.045","315"
"78","147248","20220710050000","65","2","臺南市","南化區","120.515","23.075","97"
"17","147252","20220710050000","16","1","臺南市","南化區","120.535","23.075","22"
"112","147257","20220710050000","75","2","臺南市","南化區","120.510","23.080","93"
"30","147271","20220710050000","35","0","臺南市","南化區","120.525","23.085","29"
"394","147381","20220710050000","317","2","臺南市","安南區","120.165","23.050","369"
"114","147382","20220710050000","476","0","臺南市","安南區","120.170","23.050","96"
"61","147391","20220710050000","38","3","臺東縣","池上鄉","121.205","23.100","62"
"360","147393","20220710050000","120","3","臺東縣","池上鄉","121.200","23.105","403"
"123","147398","20220710050000","116","1","臺東縣","池上鄉","121.200","23.110","146"
"92","147404","20220710050000","65","2","臺東縣","池上鄉","121.200","23.115","81"
"403","147422","20220710050000","543","0","臺東縣","池上鄉","121.220","23.115","524"
"97","147425","20220710050000","67","2","臺東縣","池上鄉","121.210","23.120","96"
"377","147426","20220710050000","382","0","臺東縣","池上鄉","121.215","23.120","516"
"198","147427","20220710050000","977","0","臺東縣","池上鄉","121.220","23.120","230"
"47","147429","20220710050000","576","0","臺南市","安南區","120.120","23.075","43"
"107","147438","20220710050000","835","0","臺南市","安南區","120.205","23.050","92"
"688","147448","20220710050000","825","0","臺南市","安南區","120.195","23.070","945"
"444","147449","20220710050000","338","2","臺南市","安定區","120.200","23.070","415"
"510","147457","20220710050000","278","3","臺南市","新市區","120.280","23.105","516"
"1331","147458","20220710050000","902","2","臺南市","善化區","120.265","23.110","1293"
"763","147459","20220710050000","872","0","臺南市","善化區","120.270","23.110","727"
"770","147460","20220710050000","516","2","臺南市","善化區","120.275","23.110","806"
"20","147461","20220710050000","15","2","臺南市","善化區","120.280","23.110","28"
"1004","147464","20220710050000","793","2","臺南市","善化區","120.270","23.115","1020"
"1135","147465","20220710050000","784","2","臺南市","善化區","120.275","23.115","1103"
"11","147466","20220710050000","11","1","臺南市","善化區","120.280","23.115","10"
"65","147467","20220710050000","58","1","臺南市","善化區","120.285","23.115","51"
"395","147468","20220710050000","197","3","臺南市","善化區","120.270","23.120","343"
"16","147469","20220710050000","60","0","臺南市","善化區","120.275","23.120","16"
"1472","147475","20220710050000","716","3","臺南市","安南區","120.190","23.045","1829"
"197","147479","20220710050000","126","3","臺南市","安定區","120.215","23.075","170"
"490","147503","20220710050000","504","0","臺南市","大內區","120.370","23.115","670"
"180","147511","20220710050000","194","0","臺南市","安定區","120.205","23.080","186"
"518","147522","20220710050000","487","1","臺南市","安定區","120.210","23.090","483"
"435","147528","20220710050000","414","1","臺南市","安定區","120.215","23.095","590"
"535","147531","20220710050000","474","1","臺南市","安定區","120.210","23.095","501"
"558","147539","20220710050000","439","2","臺南市","新市區","120.290","23.085","758"
"663","147540","20220710050000","436","3","臺南市","新市區","120.285","23.090","690"
"1010","147548","20220710050000","662","3","臺南市","新市區","120.290","23.100","1037"
"142","147550","20220710050000","121","1","臺南市","新市區","120.285","23.105","145"
"14","147563","20220710050000","15","0","臺南市","新市區","120.255","23.070","18"
"46","147564","20220710050000","97","0","臺南市","新市區","120.260","23.070","54"
"98","147567","20220710050000","70","2","臺南市","新市區","120.250","23.075","91"
"52","147570","20220710050000","60","0","臺南市","新市區","120.265","23.075","64"
"101","147571","20220710050000","92","1","臺南市","新市區","120.255","23.080","128"
"193","147576","20220710050000","161","1","臺南市","新市區","120.305","23.090","201"
"237","147580","20220710050000","335","0","臺南市","新市區","120.300","23.100","212"
"307","147587","20220710050000","294","1","臺南市","新市區","120.310","23.100","421"
"457","147594","20220710050000","448","1","臺南市","新市區","120.320","23.085","439"
"1145","147598","20220710050000","640","3","臺南市","新市區","120.315","23.090","1404"
"440","147603","20220710050000","218","3","臺南市","新市區","120.320","23.095","583"
"32","147613","20220710050000","159","0","臺南市","安南區","120.165","23.045","29"
"390","147619","20220710050000","326","1","臺南市","安南區","120.170","23.045","376"
"142","147620","20220710050000","131","1","臺南市","安南區","120.175","23.045","165"
"740","147621","20220710050000","913","0","臺南市","安南區","120.175","23.050","976"
"76","147622","20220710050000","333","0","臺南市","安南區","120.175","23.055","78"
"144","147627","20220710050000","91","3","臺南市","七股區","120.120","23.095","191"
"89","147686","20220710050000","113","0","臺南市","七股區","120.075","23.125","131"
"63","147743","20220710050000","27","3","臺南市","七股區","120.050","23.080","50"
"108","147812","20220710050000","141","0","臺南市","七股區","120.090","23.095","144"
"493","147816","20220710050000","442","1","臺南市","七股區","120.110","23.095","692"
"72","147889","20220710050000","68","1","臺東縣","池上鄉","121.220","23.080","108"
"197","147906","20220710050000","136","2","臺東縣","池上鄉","121.230","23.120","163"
"204","147984","20220710050000","158","2","高雄市","甲仙區","120.585","23.080","173"
"232","147985","20220710050000","94","3","高雄市","甲仙區","120.590","23.080","217"
"44","147999","20220710050000","40","1","高雄市","甲仙區","120.610","23.110","64"
"14","148032","20220710050000","17","0","高雄市","甲仙區","120.630","23.115","14"
"177","148097","20220710050000","224","0","高雄市","六龜區","120.670","23.065","216"
"203","148126","20220710050000","90","3","高雄市","六龜區","120.675","23.080","188"
"378","148173","20220710050000","318","1","臺南市","安南區","120.205","23.060","532"
"415","148177","20220710050000","359","1","臺南市","安南區","120.220","23.070","447"
"405","148178","20220710050000","369","1","臺南市","安南區","120.225","23.070","388"
"190","148201","20220710050000","159","1","高雄市","六龜區","120.690","23.095","239"
"204","148224","20220710050000","197","1","高雄市","六龜區","120.690","23.105","232"
"242","148238","20220710050000","321","0","高雄市","六龜區","120.700","23.110","241"
"13","148255","20220710050000","16","0","高雄市","桃源區","120.710","23.115","18"
"102","148271","20220710050000","109","0","高雄市","六龜區","120.720","23.115","94"
"74","148275","20220710050000","36","3","高雄市","桃源區","120.745","23.115","57"
"177","148342","20220710050000","104","3","高雄市","六龜區","120.715","23.065","73"
"18","148372","20220710050000","13","2","臺南市","新化區","120.330","23.055","21"
"54","148373","20220710050000","43","2","臺南市","新化區","120.335","23.055","60"
"37","148376","20220710050000","37","1","臺南市","新化區","120.335","23.060","33"
"60","148377","20220710050000","62","0","臺南市","新化區","120.340","23.060","94"
"18","148378","20220710050000","21","0","臺南市","新化區","120.345","23.060","18"
"487","148380","20220710050000","515","0","臺南市","新化區","120.345","23.065","632"
"139","148386","20220710050000","173","0","臺南市","新化區","120.355","23.070","125"
"112","148418","20220710050000","88","2","臺東縣","池上鄉","121.235","23.120","170"
"41","148429","20220710050000","99","0","臺南市","玉井區","120.425","23.070","52"
"79","148453","20220710050000","47","3","臺南市","玉井區","120.430","23.085","72"
"37","148472","20220710050000","10","3","臺南市","玉井區","120.440","23.095","28"
"32","148477","20220710050000","30","1","臺南市","玉井區","120.450","23.090","34"
"100","148526","20220710050000","80","2","臺南市","玉井區","120.480","23.110","90"
"1613","148561","20220710050000","1606","1","臺南市","玉井區","120.460","23.120","2165"
"372","148562","20220710050000","586","0","臺南市","玉井區","120.465","23.120","466"
"359","148578","20220710050000","423","0","臺南市","永康區","120.265","23.045","326"
"39","148580","20220710050000","294","0","臺南市","永康區","120.275","23.045","50"
"32","148582","20220710050000","59","0","臺南市","永康區","120.265","23.050","44"
"191","148583","20220710050000","293","0","臺南市","永康區","120.270","23.050","199"
"46","148584","20220710050000","51","0","臺南市","永康區","120.275","23.050","44"
"51","148586","20220710050000","165","0","臺南市","永康區","120.270","23.055","47"
"27","148590","20220710050000","166","0","臺南市","永康區","120.245","23.050","37"
"141","148594","20220710050000","68","3","臺南市","永康區","120.260","23.055","192"
"245","148600","20220710050000","261","0","臺南市","永康區","120.265","23.055","308"
"17","148632","20220710050000","29","0","臺東縣","成功鎮","121.355","23.120","25"
"320","148641","20220710050000","350","0","臺東縣","成功鎮","121.400","23.120","425"
"42","148643","20220710050000","16","3","臺東縣","成功鎮","121.410","23.120","40"
"38","148653","20220710050000","17","3","臺東縣","成功鎮","121.355","23.105","23"
"84","148657","20220710050000","924","0","臺東縣","成功鎮","121.375","23.105","76"
"102","148690","20220710050000","71","2","臺東縣","成功鎮","121.340","23.045","114"
"35","148696","20220710050000","28","2","臺東縣","成功鎮","121.340","23.050","50"
"131","148718","20220710050000","128","1","臺東縣","成功鎮","121.345","23.065","134"
"177","148763","20220710050000","103","3","臺東縣","成功鎮","121.355","23.090","149"
"37","148769","20220710050000","18","3","臺東縣","成功鎮","121.345","23.095","31"
"16","148782","20220710050000","184","0","臺東縣","成功鎮","121.370","23.100","14"
"684","148784","20220710050000","367","3","臺東縣","成功鎮","121.380","23.100","665"
"538","148795","20220710050000","445","2","臺東縣","關山鎮","121.175","23.070","515"
"117","148817","20220710050000","120","0","臺東縣","關山鎮","121.175","23.080","98"
"365","148847","20220710050000","299","2","臺東縣","關山鎮","121.165","23.045","337"
"40","148852","20220710050000","1189","0","臺東縣","關山鎮","121.165","23.050","31"
"335","148873","20220710050000","397","0","臺東縣","關山鎮","121.165","23.055","491"
"409","148879","20220710050000","319","2","臺東縣","關山鎮","121.155","23.045","404"
"359","148883","20220710050000","526","0","高雄市","甲仙區","120.590","23.085","473"
"65","148899","20220710050000","64","1","高雄市","甲仙區","120.590","23.100","62"
"70","148910","20220710050000","46","3","高雄市","甲仙區","120.550","23.055","116"
"131","148925","20220710050000","104","2","高雄市","甲仙區","120.570","23.065","109"
"268","148938","20220710050000","156","3","高雄市","甲仙區","120.575","23.070","264"
"93","148960","20220710050000","88","1","高雄市","甲仙區","120.560","23.050","92"
"303","148978","20220710050000","282","1","臺南市","新化區","120.290","23.045","414"
"144","148986","20220710050000","85","3","臺南市","新化區","120.295","23.055","141"
"177","148988","20220710050000","62","3","臺南市","安南區","120.145","23.045","145"
"67","149026","20220710050000","49","2","高雄市","桃源區","120.720","23.050","38"
"70","149092","20220710050000","43","3","高雄市","桃源區","120.735","23.060","30"
"19","149159","20220710050000","14","2","高雄市","桃源區","120.755","23.070","20"
"14","149519","20220710050000","130","0","高雄市","六龜區","120.685","23.110","18"
"285","149576","20220710050000","213","2","臺南市","新化區","120.295","23.045","289"
"155","149577","20220710050000","578","0","臺南市","新化區","120.300","23.045","156"
"102","149589","20220710050000","305","0","臺南市","永康區","120.235","23.045","112"
"2621","149590","20220710050000","1431","3","臺南市","永康區","120.240","23.045","3369"
"341","149593","20220710050000","159","3","臺南市","永康區","120.250","23.045","419"
"59","149614","20220710050000","77","0","臺南市","玉井區","120.460","23.100","79"
"20","149636","20220710050000","27","0","臺南市","玉井區","120.490","23.095","31"
"106","149651","20220710050000","125","0","臺南市","玉井區","120.480","23.105","137"
"158","149654","20220710050000","1327","0","臺東縣","成功鎮","121.380","23.105","153"
"76","149658","20220710050000","54","2","臺東縣","東河鄉","121.285","23.045","67"
"74","149682","20220710050000","36","3","臺東縣","東河鄉","121.295","23.055","85"
"22","149761","20220710050000","17","2","臺東縣","東河鄉","121.295","23.080","22"
"26","149865","20220710050000","107","0","臺南市","新化區","120.310","23.045","33"
"126","149866","20220710050000","80","3","臺南市","新化區","120.315","23.045","119"
"22","149869","20220710050000","164","0","臺南市","新化區","120.315","23.050","21"
"37","149873","20220710050000","38","0","臺南市","新化區","120.325","23.055","42"
"36","149908","20220710050000","66","0","高雄市","甲仙區","120.600","23.085","41"
"276","149946","20220710050000","221","2","臺南市","善化區","120.270","23.125","273"
"707","149948","20220710050000","652","1","臺南市","大內區","120.355","23.120","934"
"270","154962","20220710050000","162","3","澎湖縣","七美鄉","119.415","23.195","182"
"899","154965","20220710050000","760","1","臺南市","善化區","120.325","23.140","839"
"300","154980","20220710050000","406","0","臺南市","善化區","120.325","23.135","400"
"1434","154984","20220710050000","1326","1","臺南市","善化區","120.300","23.130","1880"
"491","154985","20220710050000","451","1","臺南市","善化區","120.305","23.130","475"
"949","154986","20220710050000","515","3","臺南市","善化區","120.310","23.130","1072"
"51","154996","20220710050000","40","2","澎湖縣","七美鄉","119.435","23.200","55"
"140","155092","20220710050000","792","0","臺南市","麻豆區","120.220","23.190","138"
"463","155098","20220710050000","671","0","臺南市","麻豆區","120.245","23.190","447"
"287","155107","20220710050000","156","3","臺南市","佳里區","120.180","23.145","380"
"532","155111","20220710050000","716","0","臺南市","佳里區","120.175","23.150","714"
"208","155114","20220710050000","885","0","臺南市","佳里區","120.175","23.155","214"
"760","155129","20220710050000","830","0","臺南市","佳里區","120.195","23.190","1018"
"154","155501","20220710050000","71","3","臺東縣","海端鄉","121.025","23.185","118"
"65","155650","20220710050000","84","0","臺東縣","海端鄉","121.180","23.130","82"
"40","155658","20220710050000","23","3","臺東縣","海端鄉","121.205","23.150","36"
"121","155664","20220710050000","115","1","臺東縣","海端鄉","121.190","23.155","122"
"89","155779","20220710050000","72","2","臺東縣","海端鄉","121.125","23.130","92"
"54","155786","20220710050000","40","2","臺東縣","海端鄉","121.160","23.130","55"
"77","156049","20220710050000","35","3","臺東縣","海端鄉","121.030","23.165","29"
"80","156052","20220710050000","62","2","臺東縣","海端鄉","121.045","23.165","113"
"54","156083","20220710050000","58","0","臺東縣","海端鄉","121.045","23.170","63"
"84","156227","20220710050000","360","0","臺南市","西港區","120.180","23.130","68"
"138","156233","20220710050000","122","1","臺南市","西港區","120.200","23.130","134"
"416","156281","20220710050000","415","1","臺南市","佳里區","120.180","23.165","561"
"29","156284","20220710050000","170","0","臺南市","佳里區","120.180","23.170","39"
"63","156292","20220710050000","33","3","臺南市","佳里區","120.155","23.170","40"
"557","156302","20220710050000","615","0","臺南市","麻豆區","120.215","23.175","726"
"1076","156306","20220710050000","963","1","臺南市","佳里區","120.160","23.160","1047"
"1236","156309","20220710050000","1530","0","臺南市","佳里區","120.175","23.160","1604"
"3301","156314","20220710050000","3719","0","臺南市","佳里區","120.175","23.165","3849"
"15","156316","20220710050000","15","1","臺南市","佳里區","120.170","23.170","15"
"279","156333","20220710050000","170","3","臺南市","七股區","120.140","23.140","386"
"328","156339","20220710050000","296","1","臺南市","七股區","120.150","23.150","336"
"252","156348","20220710050000","189","2","花蓮縣","富里鄉","121.255","23.180","235"
"304","156361","20220710050000","250","2","花蓮縣","富里鄉","121.275","23.190","282"
"271","156391","20220710050000","476","0","臺南市","西港區","120.220","23.140","370"
"484","156401","20220710050000","633","0","臺南市","麻豆區","120.240","23.155","663"
"42","156402","20220710050000","14","3","臺南市","麻豆區","120.240","23.160","30"
"31","156413","20220710050000","603","0","臺南市","麻豆區","120.275","23.190","32"
"191","156420","20220710050000","166","1","臺南市","麻豆區","120.270","23.195","181"
"129","156423","20220710050000","50","3","臺南市","麻豆區","120.285","23.195","118"
"77","156427","20220710050000","290","0","臺南市","麻豆區","120.230","23.180","58"
"214","156446","20220710050000","301","0","臺南市","大內區","120.415","23.150","285"
"37","156474","20220710050000","35","1","臺南市","大內區","120.410","23.165","31"
"18","156651","20220710050000","22","0","花蓮縣","富里鄉","121.280","23.130","14"
"546","156721","20220710050000","399","2","臺南市","善化區","120.270","23.145","645"
"162","156727","20220710050000","833","0","臺南市","善化區","120.275","23.130","159"
"27","156730","20220710050000","25","1","臺南市","大內區","120.405","23.130","33"
"10","156736","20220710050000","31","0","臺南市","大內區","120.435","23.130","23"
"86","156743","20220710050000","88","0","臺南市","大內區","120.430","23.135","29"
"72","156744","20220710050000","124","0","臺南市","玉井區","120.435","23.135","72"
"1034","156765","20220710050000","705","2","臺南市","善化區","120.290","23.135","779"
"284","156769","20220710050000","256","1","臺南市","善化區","120.315","23.155","357"
"727","156781","20220710050000","426","3","臺南市","善化區","120.285","23.150","931"
"24","156784","20220710050000","174","0","臺南市","善化區","120.275","23.155","30"
"569","156792","20220710050000","495","1","臺南市","七股區","120.135","23.140","705"
"216","156851","20220710050000","347","0","臺南市","佳里區","120.155","23.180","285"
"524","156856","20220710050000","417","2","臺南市","佳里區","120.155","23.140","501"
"504","156864","20220710050000","625","0","臺南市","佳里區","120.185","23.145","661"
"193","156865","20220710050000","987","0","臺南市","佳里區","120.180","23.150","163"
"1429","156869","20220710050000","1736","0","臺南市","佳里區","120.180","23.155","1842"
"55","156870","20220710050000","184","0","臺南市","佳里區","120.185","23.155","45"
"671","156873","20220710050000","757","0","臺南市","佳里區","120.155","23.175","882"
"534","156909","20220710050000","522","1","臺南市","麻豆區","120.240","23.190","526"
"69","156922","20220710050000","396","0","臺南市","麻豆區","120.210","23.200","57"
"242","156941","20220710050000","370","0","臺南市","佳里區","120.190","23.190","348"
"343","156942","20220710050000","172","3","臺南市","佳里區","120.185","23.185","372"
"734","156974","20220710050000","923","0","臺南市","七股區","120.090","23.185","980"
"491","156977","20220710050000","167","3","臺南市","西港區","120.200","23.140","404"
"1311","157009","20220710050000","1352","0","臺南市","麻豆區","120.240","23.185","1750"
"737","157010","20220710050000","1023","0","臺南市","麻豆區","120.250","23.185","946"
"164","157011","20220710050000","596","0","臺南市","麻豆區","120.255","23.185","160"
"53","157047","20220710050000","39","2","臺南市","六甲區","120.415","23.205","53"
"116","157077","20220710050000","82","2","臺南市","楠西區","120.505","23.140","111"
"422","157130","20220710050000","377","1","臺南市","將軍區","120.160","23.190","389"
"135","157174","20220710050000","586","0","臺南市","官田區","120.315","23.195","133"
"669","157183","20220710050000","344","3","臺南市","安定區","120.245","23.130","822"
"204","157184","20220710050000","492","0","臺南市","安定區","120.250","23.130","217"
"274","157198","20220710050000","251","1","花蓮縣","富里鄉","121.265","23.155","298"
"47","157258","20220710050000","57","0","臺南市","官田區","120.320","23.200","47"
"117","157259","20220710050000","171","0","臺南市","官田區","120.325","23.200","150"
"53","157263","20220710050000","60","0","臺南市","官田區","120.320","23.205","70"
"96","157265","20220710050000","71","2","臺南市","官田區","120.330","23.205","79"
"54","157312","20220710050000","168","0","臺南市","官田區","120.380","23.185","47"
"151","157333","20220710050000","159","0","臺南市","官田區","120.365","23.195","121"
"24","157334","20220710050000","136","0","臺南市","官田區","120.370","23.195","19"
"77","157360","20220710050000","711","0","臺南市","官田區","120.335","23.180","94"
"193","157382","20220710050000","88","3","臺南市","官田區","120.320","23.170","182"
"30","157399","20220710050000","291","0","臺南市","官田區","120.295","23.185","23"
"44","157419","20220710050000","230","0","臺南市","官田區","120.350","23.160","38"
"65","157422","20220710050000","58","1","臺南市","官田區","120.330","23.165","63"
"70","157424","20220710050000","298","0","臺南市","官田區","120.340","23.165","87"
"21","157463","20220710050000","17","2","臺南市","官田區","120.365","23.180","20"
"64","157477","20220710050000","444","0","臺南市","官田區","120.305","23.195","71"
"595","157478","20220710050000","665","0","臺南市","官田區","120.315","23.190","782"
"42","157597","20220710050000","41","1","臺南市","南化區","120.595","23.165","22"
"69","157624","20220710050000","38","3","臺南市","南化區","120.600","23.175","91"
"109","157646","20220710050000","68","3","臺南市","南化區","120.570","23.185","107"
"19","157724","20220710050000","11","3","臺南市","南化區","120.625","23.205","16"
"279","157733","20220710050000","299","0","臺南市","麻豆區","120.230","23.145","369"
"1832","157737","20220710050000","1770","1","臺南市","麻豆區","120.245","23.180","2168"
"62","157740","20220710050000","72","0","臺南市","麻豆區","120.240","23.195","81"
"612","157752","20220710050000","395","3","臺南市","麻豆區","120.260","23.185","569"
"156","157756","20220710050000","195","0","臺南市","麻豆區","120.265","23.190","207"
"208","157759","20220710050000","250","0","臺南市","麻豆區","120.255","23.190","229"
"49","157773","20220710050000","51","0","臺東縣","池上鄉","121.210","23.125","37"
"147","157789","20220710050000","112","2","臺東縣","池上鄉","121.200","23.140","149"
"34","157809","20220710050000","89","0","臺南市","善化區","120.275","23.145","40"
"313","157818","20220710050000","255","2","花蓮縣","卓溪鄉","121.225","23.160","323"
"153","157895","20220710050000","101","3","花蓮縣","富里鄉","121.250","23.200","134"
"423","157913","20220710050000","758","0","臺南市","善化區","120.295","23.135","507"
"13","157915","20220710050000","27","0","臺南市","善化區","120.305","23.135","17"
"666","157919","20220710050000","658","1","臺南市","善化區","120.305","23.140","882"
"611","157924","20220710050000","281","3","臺南市","善化區","120.290","23.145","732"
"278","157961","20220710050000","491","0","臺南市","善化區","120.285","23.130","254"
"111","157991","20220710050000","72","3","花蓮縣","富里鄉","121.235","23.135","95"
"76","157998","20220710050000","94","0","花蓮縣","富里鄉","121.240","23.140","65"
"320","158028","20220710050000","238","2","花蓮縣","富里鄉","121.250","23.170","324"
"443","158030","20220710050000","367","2","花蓮縣","富里鄉","121.250","23.175","433"
"69","158032","20220710050000","49","2","花蓮縣","富里鄉","121.250","23.180","71"
"759","158045","20220710050000","531","2","臺南市","將軍區","120.140","23.205","991"
"1113","158058","20220710050000","1527","0","臺南市","將軍區","120.160","23.200","1474"
"236","158065","20220710050000","301","0","臺南市","七股區","120.135","23.130","342"
"369","158072","20220710050000","370","0","臺南市","七股區","120.110","23.145","443"
"10","158083","20220710050000","13","0","臺南市","七股區","120.125","23.160","10"
"28","158092","20220710050000","22","2","臺南市","七股區","120.130","23.185","22"
"24","158097","20220710050000","12","3","臺南市","七股區","120.145","23.180","24"
"351","158106","20220710050000","234","3","臺南市","佳里區","120.190","23.165","414"
"31","158107","20220710050000","422","0","臺南市","佳里區","120.195","23.165","32"
"106","158122","20220710050000","156","0","臺南市","佳里區","120.180","23.180","154"
"259","158126","20220710050000","320","0","臺南市","佳里區","120.175","23.185","328"
"38","158128","20220710050000","35","1","臺東縣","池上鄉","121.185","23.130","31"
"229","158181","20220710050000","277","0","臺南市","麻豆區","120.265","23.180","302"
"831","158192","20220710050000","505","3","臺南市","麻豆區","120.245","23.185","1090"
"28","158195","20220710050000","206","0","臺南市","麻豆區","120.240","23.180","22"
"31","158363","20220710050000","33","0","高雄市","桃源區","120.790","23.185","39"
"91","158397","20220710050000","86","1","臺東縣","池上鄉","121.235","23.130","94"
"517","158398","20220710050000","406","2","臺南市","玉井區","120.470","23.130","688"
"21","158400","20220710050000","175","0","臺南市","玉井區","120.480","23.130","24"
"185","158410","20220710050000","177","1","臺南市","玉井區","120.440","23.135","282"
"115","158457","20220710050000","68","3","臺南市","楠西區","120.490","23.190","107"
"52","158502","20220710050000","66","0","臺南市","楠西區","120.515","23.200","81"
"15","158508","20220710050000","19","0","臺南市","楠西區","120.545","23.205","13"
"705","158533","20220710050000","631","1","臺南市","楠西區","120.485","23.175","907"
"339","158546","20220710050000","324","1","臺南市","楠西區","120.485","23.170","327"
"24","158547","20220710050000","396","0","臺南市","楠西區","120.480","23.175","14"
"11","158550","20220710050000","222","0","臺南市","楠西區","120.480","23.185","11"
"50","158572","20220710050000","37","2","臺南市","楠西區","120.505","23.160","49"
"21","158634","20220710050000","27","0","臺南市","楠西區","120.560","23.180","38"
"13","158638","20220710050000","60","0","臺南市","楠西區","120.525","23.185","13"
"119","158670","20220710050000","72","3","臺南市","楠西區","120.465","23.190","112"
"54","158687","20220710050000","77","0","臺南市","楠西區","120.490","23.200","36"
"304","158849","20220710050000","242","2","臺東縣","成功鎮","121.400","23.155","277"
"109","158905","20220710050000","73","2","臺東縣","成功鎮","121.400","23.170","94"
"105","158933","20220710050000","104","1","臺東縣","成功鎮","121.395","23.180","125"
"89","159028","20220710050000","150","0","高雄市","甲仙區","120.635","23.150","127"
"10","159158","20220710050000","40","0","高雄市","三民區","120.660","23.200","11"
"13","159274","20220710050000","12","1","高雄市","桃源區","120.800","23.210","15"
"10","159434","20220710050000","10","1","高雄市","桃源區","120.755","23.145","10"
"171","159527","20220710050000","181","0","高雄市","桃源區","120.765","23.160","187"
"92","159574","20220710050000","86","1","高雄市","桃源區","120.770","23.165","87"
"64","159707","20220710050000","29","3","高雄市","桃源區","120.740","23.135","53"
"79","159838","20220710050000","98","0","臺南市","官田區","120.350","23.150","94"
"54","159846","20220710050000","58","0","臺南市","大內區","120.365","23.155","68"
"220","159859","20220710050000","246","0","臺南市","大內區","120.380","23.145","248"
"70","159883","20220710050000","46","3","臺南市","大內區","120.370","23.160","59"
"144","159912","20220710050000","84","3","臺南市","麻豆區","120.225","23.175","49"
"410","159913","20220710050000","522","0","臺南市","麻豆區","120.220","23.180","560"
"562","159928","20220710050000","738","0","臺南市","麻豆區","120.255","23.180","763"
"643","159936","20220710050000","314","3","臺南市","善化區","120.315","23.145","826"
"617","159943","20220710050000","524","1","臺南市","善化區","120.300","23.150","845"
"28","159947","20220710050000","57","0","臺南市","善化區","120.265","23.130","35"
"304","159950","20220710050000","148","3","臺南市","善化區","120.260","23.135","295"
"140","161053","20220710050000","102","2","澎湖縣","七美鄉","119.430","23.215","185"
"116","162017","20220710050000","57","3","臺東縣","長濱鄉","121.415","23.235","109"
"13","163557","20220710050000","55","0","澎湖縣","望安鄉","119.515","23.255","10"
"377","164970","20220710050000","317","1","澎湖縣","七美鄉","119.425","23.205","325"
"67","164978","20220710050000","123","0","澎湖縣","望安鄉","119.670","23.245","150"
"541","165017","20220710050000","556","0","臺南市","學甲區","120.195","23.215","767"
"409","165030","20220710050000","572","0","臺南市","學甲區","120.195","23.230","562"
"115","165342","20220710050000","39","3","臺東縣","海端鄉","120.985","23.250","53"
"38","165457","20220710050000","119","0","臺東縣","海端鄉","120.990","23.270","26"
"42","165593","20220710050000","371","0","臺南市","下營區","120.240","23.220","46"
"50","165611","20220710050000","136","0","臺南市","下營區","120.240","23.235","57"
"1427","165635","20220710050000","1840","0","臺南市","下營區","120.265","23.240","1779"
"648","165652","20220710050000","689","0","臺南市","下營區","120.270","23.245","823"
"279","165697","20220710050000","194","2","花蓮縣","富里鄉","121.275","23.215","287"
"411","165713","20220710050000","419","0","臺南市","下營區","120.270","23.210","526"
"64","165716","20220710050000","57","1","花蓮縣","富里鄉","121.340","23.280","50"
"223","165718","20220710050000","126","3","花蓮縣","玉里鎮","121.345","23.285","212"
"224","165736","20220710050000","109","3","花蓮縣","玉里鎮","121.285","23.280","230"
"261","165743","20220710050000","99","3","花蓮縣","玉里鎮","121.280","23.285","266"
"159","165775","20220710050000","177","0","花蓮縣","富里鄉","121.290","23.240","168"
"61","165778","20220710050000","56","1","花蓮縣","富里鄉","121.305","23.240","55"
"139","165815","20220710050000","118","1","花蓮縣","富里鄉","121.295","23.255","142"
"34","165844","20220710050000","234","0","臺南市","新營區","120.265","23.270","35"
"269","165847","20220710050000","306","0","臺南市","新營區","120.275","23.275","341"
"57","165852","20220710050000","51","1","臺南市","六甲區","120.345","23.230","60"
"21","165853","20220710050000","175","0","臺南市","六甲區","120.335","23.235","13"
"873","165855","20220710050000","715","2","臺南市","北門區","120.135","23.240","1005"
"101","165858","20220710050000","142","0","臺南市","北門區","120.130","23.250","114"
"83","165860","20220710050000","585","0","臺南市","六甲區","120.350","23.225","65"
"359","165925","20220710050000","402","0","臺南市","六甲區","120.345","23.235","429"
"36","165938","20220710050000","46","0","臺南市","六甲區","120.340","23.250","60"
"24","165969","20220710050000","29","0","臺南市","六甲區","120.400","23.220","33"
"39","165999","20220710050000","299","0","臺南市","柳營區","120.315","23.275","50"
"17","166011","20220710050000","88","0","臺南市","柳營區","120.315","23.265","12"
"61","166028","20220710050000","260","0","臺南市","柳營區","120.295","23.275","56"
"589","166037","20220710050000","287","3","臺南市","柳營區","120.305","23.280","564"
"66","166056","20220710050000","196","0","臺南市","柳營區","120.360","23.280","73"
"148","166060","20220710050000","89","3","臺南市","柳營區","120.355","23.285","139"
"29","166064","20220710050000","221","0","臺南市","柳營區","120.380","23.285","16"
"403","166071","20220710050000","566","0","臺南市","六甲區","120.340","23.225","461"
"59","166077","20220710050000","45","2","臺南市","六甲區","120.315","23.250","67"
"275","166081","20220710050000","292","0","臺南市","六甲區","120.310","23.255","348"
"76","166097","20220710050000","43","3","臺南市","北門區","120.110","23.260","73"
"114","166128","20220710050000","135","0","臺南市","北門區","120.140","23.265","151"
"131","166144","20220710050000","152","0","臺南市","學甲區","120.180","23.285","111"
"59","166153","20220710050000","345","0","臺南市","將軍區","120.165","23.220","76"
"846","166181","20220710050000","424","3","臺南市","北門區","120.095","23.230","760"
"1014","166188","20220710050000","1212","0","臺南市","北門區","120.115","23.235","1202"
"138","166204","20220710050000","254","0","臺南市","下營區","120.275","23.215","143"
"20","166206","20220710050000","349","0","臺南市","下營區","120.270","23.220","16"
"647","166224","20220710050000","894","0","臺南市","北門區","120.135","23.280","916"
"604","166238","20220710050000","784","0","臺南市","北門區","120.125","23.270","758"
"77","166250","20220710050000","51","3","花蓮縣","富里鄉","121.315","23.220","77"
"261","166256","20220710050000","131","3","花蓮縣","富里鄉","121.275","23.225","262"
"163","166326","20220710050000","155","1","花蓮縣","富里鄉","121.305","23.255","166"
"131","166340","20220710050000","70","3","花蓮縣","富里鄉","121.305","23.265","118"
"69","166344","20220710050000","63","1","花蓮縣","富里鄉","121.300","23.270","68"
"16","166350","20220710050000","168","0","臺南市","官田區","120.325","23.210","25"
"204","166354","20220710050000","170","2","臺南市","官田區","120.320","23.215","263"
"62","166356","20220710050000","528","0","臺南市","官田區","120.330","23.215","79"
"206","166363","20220710050000","191","1","臺南市","官田區","120.340","23.220","194"
"117","166377","20220710050000","577","0","臺南市","官田區","120.310","23.215","106"
"181","166389","20220710050000","142","2","臺南市","官田區","120.360","23.210","211"
"331","166391","20220710050000","211","3","臺南市","官田區","120.370","23.210","448"
"343","166424","20220710050000","388","0","臺南市","北門區","120.145","23.285","237"
"292","166429","20220710050000","264","1","臺南市","將軍區","120.160","23.220","294"
"72","166442","20220710050000","577","0","臺南市","下營區","120.260","23.230","63"
"295","166445","20220710050000","172","3","臺南市","六甲區","120.355","23.220","339"
"1595","166446","20220710050000","2191","0","臺南市","六甲區","120.355","23.230","2082"
"73","166455","20220710050000","71","1","臺南市","六甲區","120.370","23.230","46"
"135","166458","20220710050000","151","0","臺南市","六甲區","120.365","23.235","178"
"132","166495","20220710050000","132","1","臺南市","北門區","120.125","23.240","125"
"452","166562","20220710050000","391","1","臺南市","麻豆區","120.220","23.220","556"
"46","166785","20220710050000","32","2","花蓮縣","富里鄉","121.265","23.215","38"
"333","167284","20220710050000","330","1","臺南市","下營區","120.290","23.245","334"
"52","167340","20220710050000","30","3","花蓮縣","富里鄉","121.315","23.275","48"
"213","167482","20220710050000","179","1","臺南市","東山區","120.470","23.260","210"
"68","167491","20220710050000","53","2","臺南市","東山區","120.515","23.260","63"
"233","167497","20220710050000","167","2","臺南市","東山區","120.480","23.265","245"
"295","167501","20220710050000","226","2","臺南市","東山區","120.500","23.265","252"
"13","167514","20220710050000","124","0","臺南市","東山區","120.395","23.265","21"
"64","167565","20220710050000","169","0","臺南市","東山區","120.445","23.265","71"
"246","167568","20220710050000","173","2","臺南市","東山區","120.445","23.270","315"
"105","167588","20220710050000","81","2","臺南市","東山區","120.445","23.290","99"
"40","167626","20220710050000","172","0","臺南市","東山區","120.405","23.285","45"
"21","167655","20220710050000","31","0","臺南市","東山區","120.465","23.280","28"
"18","167656","20220710050000","220","0","臺南市","東山區","120.470","23.280","17"
"52","167674","20220710050000","45","1","臺南市","東山區","120.500","23.285","56"
"57","167688","20220710050000","37","3","臺南市","東山區","120.515","23.290","44"
"196","167707","20220710050000","229","0","臺南市","將軍區","120.085","23.215","211"
"183","167714","20220710050000","159","1","臺南市","將軍區","120.120","23.220","274"
"81","167750","20220710050000","99","0","臺南市","學甲區","120.165","23.270","107"
"437","167786","20220710050000","497","0","臺南市","鹽水區","120.205","23.260","553"
"72","167813","20220710050000","50","2","臺東縣","長濱鄉","121.410","23.215","138"
"132","167824","20220710050000","72","3","臺東縣","長濱鄉","121.415","23.225","132"
"284","167894","20220710050000","277","1","臺東縣","長濱鄉","121.415","23.250","251"
"32","167952","20220710050000","28","1","臺南市","學甲區","120.185","23.230","29"
"764","167953","20220710050000","961","0","臺南市","學甲區","120.185","23.235","1001"
"1652","167958","20220710050000","1039","3","臺南市","學甲區","120.185","23.225","1630"
"150","167982","20220710050000","124","2","臺南市","學甲區","120.195","23.240","158"
"1989","167993","20220710050000","1939","1","臺南市","學甲區","120.180","23.235","2384"
"46","167995","20220710050000","518","0","臺南市","六甲區","120.345","23.220","38"
"51","167997","20220710050000","136","0","臺南市","六甲區","120.320","23.230","37"
"32","168014","20220710050000","185","0","臺南市","六甲區","120.315","23.245","31"
"186","168093","20220710050000","307","0","高雄市","三民區","120.670","23.235","197"
"58","168132","20220710050000","68","0","高雄市","三民區","120.695","23.235","72"
"81","168149","20220710050000","116","0","高雄市","三民區","120.695","23.240","107"
"76","168296","20220710050000","81","0","高雄市","三民區","120.680","23.265","80"
"15","168304","20220710050000","17","0","高雄市","三民區","120.720","23.265","21"
"210","168347","20220710050000","470","0","高雄市","三民區","120.700","23.275","199"
"280","168351","20220710050000","188","2","高雄市","三民區","120.720","23.275","254"
"14","168370","20220710050000","11","2","高雄市","三民區","120.685","23.280","10"
"635","168445","20220710050000","693","0","臺南市","鹽水區","120.235","23.285","789"
"25","168459","20220710050000","175","0","臺南市","柳營區","120.335","23.285","33"
"495","168462","20220710050000","728","0","臺南市","柳營區","120.325","23.290","446"
"137","168468","20220710050000","155","0","臺南市","柳營區","120.405","23.235","178"
"126","168484","20220710050000","146","0","臺南市","柳營區","120.420","23.245","151"
"42","168515","20220710050000","472","0","臺南市","柳營區","120.380","23.265","49"
"360","168538","20220710050000","1402","0","臺南市","柳營區","120.315","23.280","348"
"36","168539","20220710050000","361","0","臺南市","柳營區","120.320","23.280","25"
"53","168545","20220710050000","77","0","臺南市","柳營區","120.380","23.240","76"
"69","168560","20220710050000","447","0","臺南市","柳營區","120.375","23.250","69"
"46","168591","20220710050000","226","0","臺南市","柳營區","120.365","23.265","79"
"176","168619","20220710050000","185","0","臺南市","楠西區","120.495","23.215","183"
"51","168624","20220710050000","34","3","臺南市","楠西區","120.520","23.215","43"
"383","168647","20220710050000","130","3","臺南市","楠西區","120.500","23.225","307"
"24","168692","20220710050000","25","0","臺南市","鹽水區","120.245","23.275","22"
"25","168719","20220710050000","26","0","臺東縣","成功鎮","121.400","23.210","22"
"22","168771","20220710050000","133","0","臺南市","新營區","120.280","23.285","22"
"68","168825","20220710050000","105","0","高雄市","桃源區","120.805","23.220","82"
"138","168996","20220710050000","59","3","高雄市","桃源區","120.815","23.240","113"
"198","169242","20220710050000","106","3","高雄市","桃源區","120.825","23.265","135"
"245","169480","20220710050000","203","2","臺南市","新營區","120.275","23.265","226"
"123","169490","20220710050000","115","1","臺南市","學甲區","120.195","23.275","152"
"305","169506","20220710050000","392","0","臺南市","學甲區","120.205","23.280","401"
"556","169527","20220710050000","593","0","臺南市","學甲區","120.160","23.245","675"
"16","169530","20220710050000","16","1","臺南市","學甲區","120.150","23.250","18"
"382","169555","20220710050000","353","1","臺南市","鹽水區","120.255","23.250","470"
"35","169556","20220710050000","131","0","臺南市","鹽水區","120.250","23.255","37"
"192","169567","20220710050000","315","0","臺南市","將軍區","120.135","23.225","297"
"21","169664","20220710050000","23","0","嘉義縣","大埔鄉","120.625","23.245","38"
"56","169729","20220710050000","48","1","嘉義縣","大埔鄉","120.590","23.270","51"
"40","169739","20220710050000","19","3","嘉義縣","大埔鄉","120.585","23.275","45"
"52","169788","20220710050000","45","1","嘉義縣","大埔鄉","120.545","23.230","60"
"23","169834","20220710050000","31","0","嘉義縣","大埔鄉","120.565","23.245","30"
"32","169837","20220710050000","20","3","嘉義縣","大埔鄉","120.580","23.245","22"
"28","169842","20220710050000","23","2","嘉義縣","大埔鄉","120.535","23.250","28"
"453","174966","20220710050000","348","2","澎湖縣","望安鄉","119.505","23.360","422"
"56","174993","20220710050000","40","2","臺南市","白河區","120.450","23.355","55"
"149","175007","20220710050000","123","2","臺南市","東山區","120.500","23.295","144"
"40","175048","20220710050000","66","0","臺南市","白河區","120.480","23.320","40"
"40","175054","20220710050000","36","1","臺南市","白河區","120.510","23.320","36"
"428","175059","20220710050000","438","0","臺南市","白河區","120.485","23.325","440"
"151","175081","20220710050000","141","1","臺南市","白河區","120.495","23.335","117"
"289","175083","20220710050000","248","1","臺南市","白河區","120.505","23.335","252"
"102","175092","20220710050000","138","0","臺南市","白河區","120.505","23.340","149"
"1286","175108","20220710050000","1200","1","臺南市","新營區","120.310","23.305","1282"
"156","175181","20220710050000","131","1","花蓮縣","玉里鎮","121.335","23.320","157"
"984","175206","20220710050000","1000","0","花蓮縣","玉里鎮","121.310","23.335","1033"
"140","175209","20220710050000","80","3","花蓮縣","玉里鎮","121.310","23.340","131"
"68","175217","20220710050000","65","1","花蓮縣","玉里鎮","121.300","23.300","76"
"363","175262","20220710050000","373","0","花蓮縣","玉里鎮","121.300","23.320","351"
"226","175264","20220710050000","134","3","花蓮縣","玉里鎮","121.310","23.320","211"
"34","175284","20220710050000","23","2","花蓮縣","玉里鎮","121.275","23.290","37"
"30","175299","20220710050000","30","1","花蓮縣","玉里鎮","121.290","23.295","24"
"127","175318","20220710050000","713","0","臺南市","白河區","120.410","23.345","124"
"31","175319","20220710050000","472","0","臺南市","白河區","120.405","23.350","23"
"94","175320","20220710050000","573","0","臺南市","白河區","120.410","23.350","101"
"58","175328","20220710050000","55","1","臺南市","白河區","120.460","23.365","57"
"352","175348","20220710050000","259","2","臺南市","白河區","120.440","23.345","115"
"91","175355","20220710050000","101","0","臺南市","新營區","120.330","23.320","94"
"25","175356","20220710050000","474","0","臺南市","新營區","120.335","23.320","26"
"38","175359","20220710050000","20","3","臺南市","新營區","120.350","23.320","17"
"1076","175362","20220710050000","947","1","臺南市","新營區","120.315","23.325","1062"
"131","175369","20220710050000","120","1","臺南市","新營區","120.325","23.310","131"
"33","175372","20220710050000","38","0","臺南市","新營區","120.325","23.305","45"
"38","175397","20220710050000","56","0","臺南市","後壁區","120.310","23.370","44"
"444","175398","20220710050000","392","1","臺南市","後壁區","120.315","23.370","644"
"83","175414","20220710050000","582","0","臺南市","後壁區","120.330","23.340","79"
"447","175425","20220710050000","232","3","臺南市","後壁區","120.375","23.330","420"
"69","175446","20220710050000","412","0","臺南市","新營區","120.320","23.320","60"
"345","175467","20220710050000","491","0","臺南市","北門區","120.170","23.300","427"
"192","175484","20220710050000","216","0","臺南市","後壁區","120.330","23.355","237"
"369","175489","20220710050000","527","0","臺南市","新營區","120.270","23.295","452"
"35","175494","20220710050000","188","0","臺南市","新營區","120.280","23.300","33"
"31","175496","20220710050000","158","0","臺南市","新營區","120.280","23.290","39"
"474","175497","20220710050000","853","0","臺南市","後壁區","120.360","23.370","571"
"2302","175499","20220710050000","2434","0","臺南市","後壁區","120.370","23.370","2784"
"1319","175523","20220710050000","1323","0","臺南市","後壁區","120.395","23.370","1524"
"1045","175546","20220710050000","841","2","臺南市","新營區","120.310","23.300","1020"
"1760","175547","20220710050000","967","3","臺南市","新營區","120.315","23.310","1830"
"1637","175548","20220710050000","1782","0","臺南市","新營區","120.315","23.315","2126"
"167","175564","20220710050000","250","0","臺南市","後壁區","120.355","23.365","183"
"276","175571","20220710050000","2039","0","臺南市","新營區","120.305","23.310","233"
"58","175572","20220710050000","64","0","臺南市","新營區","120.305","23.315","59"
"39","175573","20220710050000","34","1","臺南市","新營區","120.295","23.305","32"
"103","175574","20220710050000","1011","0","臺南市","新營區","120.300","23.305","93"
"1484","175576","20220710050000","815","3","臺南市","新營區","120.300","23.310","1931"
"209","175585","20220710050000","117","3","臺南市","北門區","120.110","23.300","184"
"109","175647","20220710050000","411","0","臺南市","新營區","120.295","23.295","99"
"24","175648","20220710050000","34","0","臺南市","新營區","120.290","23.300","26"
"38","175651","20220710050000","31","2","臺南市","柳營區","120.300","23.295","37"
"14","175653","20220710050000","10","2","臺南市","柳營區","120.310","23.295","14"
"62","175658","20220710050000","61","1","臺南市","新營區","120.285","23.310","60"
"21","175712","20220710050000","144","0","臺南市","白河區","120.430","23.330","23"
"361","175737","20220710050000","442","0","臺南市","白河區","120.430","23.355","415"
"26","175874","20220710050000","43","0","花蓮縣","卓溪鄉","121.270","23.305","22"
"177","176357","20220710050000","137","2","花蓮縣","玉里鎮","121.300","23.345","175"
"394","176756","20220710050000","288","2","臺南市","新營區","120.325","23.315","382"
"345","176757","20220710050000","293","1","臺南市","新營區","120.330","23.315","326"
"174","176758","20220710050000","159","1","臺南市","新營區","120.325","23.320","164"
"46","176764","20220710050000","40","1","花蓮縣","玉里鎮","121.330","23.300","36"
"14","176769","20220710050000","19","0","臺南市","後壁區","120.340","23.325","14"
"13","176776","20220710050000","35","0","臺南市","後壁區","120.350","23.330","14"
"20","176782","20220710050000","25","0","臺南市","後壁區","120.310","23.335","20"
"235","176798","20220710050000","189","2","臺南市","後壁區","120.350","23.335","277"
"920","176811","20220710050000","1046","0","臺南市","新營區","120.305","23.300","1197"
"944","176812","20220710050000","672","2","臺南市","新營區","120.315","23.305","963"
"11","176814","20220710050000","12","0","臺南市","東山區","120.385","23.310","10"
"714","176863","20220710050000","827","0","臺南市","東山區","120.405","23.320","883"
"147","176885","20220710050000","200","0","臺南市","東山區","120.405","23.325","167"
"80","176921","20220710050000","319","0","臺南市","東山區","120.390","23.295","85"
"344","176933","20220710050000","425","0","臺南市","東山區","120.415","23.300","428"
"181","176942","20220710050000","205","0","臺南市","東山區","120.345","23.300","182"
"483","176986","20220710050000","471","1","臺南市","白河區","120.395","23.340","402"
"120","176994","20220710050000","93","2","臺南市","白河區","120.400","23.350","109"
"607","177006","20220710050000","829","0","臺南市","鹽水區","120.270","23.325","579"
"607","177007","20220710050000","665","0","嘉義縣","義竹鄉","120.255","23.330","808"
"578","177010","20220710050000","531","1","臺南市","鹽水區","120.270","23.330","567"
"248","177054","20220710050000","193","2","臺東縣","長濱鄉","121.470","23.355","244"
"24","177169","20220710050000","37","0","花蓮縣","玉里鎮","121.370","23.350","22"
"1311","177425","20220710050000","537","3","臺南市","新營區","120.315","23.300","1348"
"222","177432","20220710050000","241","0","臺南市","鹽水區","120.280","23.330","327"
"264","177436","20220710050000","158","3","臺南市","鹽水區","120.290","23.335","249"
"936","177466","20220710050000","895","1","臺南市","鹽水區","120.270","23.310","1207"
"394","177467","20220710050000","457","0","臺南市","新營區","120.275","23.310","518"
"912","177475","20220710050000","572","3","臺南市","鹽水區","120.265","23.325","1002"
"118","177480","20220710050000","159","0","臺南市","白河區","120.480","23.325","105"
"117","177500","20220710050000","110","1","臺南市","白河區","120.495","23.340","109"
"20","177550","20220710050000","12","3","臺南市","白河區","120.455","23.310","20"
"16","177568","20220710050000","18","0","臺南市","白河區","120.445","23.320","14"
"166","177580","20220710050000","1342","0","臺南市","白河區","120.415","23.350","168"
"126","177585","20220710050000","283","0","臺南市","柳營區","120.340","23.290","124"
"161","177586","20220710050000","124","2","臺南市","柳營區","120.325","23.295","170"
"159","177599","20220710050000","911","0","臺南市","柳營區","120.365","23.295","162"
"40","177602","20220710050000","28","2","臺南市","鹽水區","120.270","23.320","50"
"352","177603","20220710050000","298","1","花蓮縣","玉里鎮","121.320","23.320","361"
"580","177605","20220710050000","275","3","花蓮縣","玉里鎮","121.310","23.325","591"
"270","177606","20220710050000","102","3","花蓮縣","玉里鎮","121.315","23.325","270"
"255","177609","20220710050000","196","2","花蓮縣","玉里鎮","121.310","23.330","284"
"2128","177610","20220710050000","2070","1","花蓮縣","玉里鎮","121.315","23.330","2148"
"1051","177613","20220710050000","989","1","花蓮縣","玉里鎮","121.315","23.340","1058"
"153","177617","20220710050000","114","2","花蓮縣","玉里鎮","121.320","23.345","158"
"415","177619","20220710050000","344","2","花蓮縣","玉里鎮","121.320","23.330","451"
"128","177624","20220710050000","81","3","花蓮縣","玉里鎮","121.320","23.350","121"
"257","177632","20220710050000","214","2","花蓮縣","卓溪鄉","121.320","23.355","250"
"33","177682","20220710050000","25","2","臺東縣","長濱鄉","121.440","23.325","28"
"128","177742","20220710050000","40","3","臺東縣","長濱鄉","121.425","23.290","113"
"37","177750","20220710050000","27","2","臺東縣","長濱鄉","121.420","23.295","28"
"301","177808","20220710050000","725","0","臺東縣","長濱鄉","121.455","23.315","305"
"232","177813","20220710050000","230","1","臺東縣","長濱鄉","121.460","23.320","214"
"161","177815","20220710050000","123","2","臺東縣","長濱鄉","121.445","23.325","138"
"220","177826","20220710050000","181","2","臺東縣","長濱鄉","121.465","23.335","226"
"850","178630","20220710050000","471","3","臺南市","鹽水區","120.265","23.320","1053"
"249","178643","20220710050000","215","1","臺南市","新營區","120.305","23.320","247"
"101","178644","20220710050000","71","2","臺南市","新營區","120.310","23.320","81"
"50","178697","20220710050000","37","2","嘉義縣","中埔鄉","120.510","23.345","43"
"30","178710","20220710050000","53","0","嘉義縣","中埔鄉","120.520","23.350","18"
"196","178722","20220710050000","117","3","嘉義縣","中埔鄉","120.540","23.355","171"
"97","178756","20220710050000","71","2","嘉義縣","中埔鄉","120.495","23.370","129"
"10","178763","20220710050000","12","0","臺南市","鹽水區","120.245","23.295","10"
"265","178768","20220710050000","257","1","臺南市","鹽水區","120.260","23.295","372"
"230","178886","20220710050000","134","3","嘉義縣","布袋鎮","120.140","23.335","317"
"488","178930","20220710050000","171","3","嘉義縣","布袋鎮","120.160","23.320","419"
"886","178938","20220710050000","1204","0","嘉義縣","布袋鎮","120.165","23.325","1206"
"70","178970","20220710050000","38","3","嘉義縣","大埔鄉","120.625","23.300","81"
"26","178978","20220710050000","16","3","嘉義縣","大埔鄉","120.605","23.305","21"
"70","179106","20220710050000","78","0","嘉義縣","大埔鄉","120.590","23.295","62"
"426","179113","20220710050000","552","0","嘉義縣","大埔鄉","120.595","23.295","573"
"129","179189","20220710050000","115","1","嘉義縣","大埔鄉","120.570","23.330","111"
"39","179210","20220710050000","24","3","嘉義縣","大埔鄉","120.555","23.340","32"
"34","179249","20220710050000","19","3","嘉義縣","大埔鄉","120.585","23.360","21"
"50","179312","20220710050000","43","1","嘉義縣","番路鄉","120.605","23.355","36"
"153","179320","20220710050000","114","2","嘉義縣","番路鄉","120.590","23.360","134"
"1167","179352","20220710050000","1334","0","嘉義縣","義竹鄉","120.250","23.340","1406"
"507","179448","20220710050000","678","0","嘉義縣","義竹鄉","120.240","23.335","668"
"71","179461","20220710050000","62","1","嘉義縣","義竹鄉","120.245","23.335","67"
"636","179521","20220710050000","381","3","嘉義縣","義竹鄉","120.195","23.305","780"
"12","179523","20220710050000","12","1","嘉義縣","義竹鄉","120.205","23.305","12"
"47","179646","20220710050000","34","2","嘉義縣","阿里山鄉","120.680","23.335","36"
"59","179666","20220710050000","68","0","嘉義縣","阿里山鄉","120.680","23.340","86"
"103","179747","20220710050000","141","0","嘉義縣","阿里山鄉","120.665","23.300","114"
"60","179773","20220710050000","74","0","嘉義縣","阿里山鄉","120.695","23.305","62"
"57","179780","20220710050000","46","2","嘉義縣","阿里山鄉","120.665","23.310","51"
"880","179845","20220710050000","634","2","嘉義縣","義竹鄉","120.225","23.320","1078"
"971","179874","20220710050000","573","3","嘉義縣","義竹鄉","120.190","23.335","1112"
"473","179880","20220710050000","586","0","嘉義縣","義竹鄉","120.230","23.360","575"
"88","179883","20220710050000","90","0","嘉義縣","義竹鄉","120.245","23.360","83"
"593","179922","20220710050000","676","0","嘉義縣","義竹鄉","120.220","23.360","768"
"171","179933","20220710050000","116","2","嘉義縣","義竹鄉","120.210","23.300","221"
"625","179945","20220710050000","451","2","嘉義縣","義竹鄉","120.270","23.360","747"
"165","180132","20220710050000","220","0","澎湖縣","望安鄉","119.520","23.365","200"
"154","180802","20220710050000","131","1","嘉義縣","布袋鎮","120.140","23.375","126"
"101","180804","20220710050000","53","3","臺東縣","長濱鄉","121.475","23.380","81"
"161","181221","20220710050000","113","2","澎湖縣","望安鄉","119.495","23.380","115"
"173","185223","20220710050000","169","1","嘉義縣","東石鄉","120.135","23.450","222"
"958","185452","20220710050000","1489","0","嘉義市","東區","120.455","23.450","1352"
"909","185456","20220710050000","1028","0","嘉義縣","水上鄉","120.430","23.450","898"
"79","185475","20220710050000","97","0","澎湖縣","望安鄉","119.320","23.395","107"
"10","185483","20220710050000","14","0","花蓮縣","玉里鎮","121.350","23.440","10"
"48","185491","20220710050000","50","0","花蓮縣","瑞穗鄉","121.350","23.450","45"
"98","185499","20220710050000","849","0","臺南市","白河區","120.405","23.395","78"
"23","185543","20220710050000","11","3","花蓮縣","玉里鎮","121.390","23.380","23"
"311","185546","20220710050000","267","1","花蓮縣","玉里鎮","121.355","23.385","352"
"18","185565","20220710050000","11","3","花蓮縣","玉里鎮","121.395","23.390","19"
"70","185576","20220710050000","44","3","花蓮縣","玉里鎮","121.355","23.395","71"
"55","185590","20220710050000","48","1","花蓮縣","玉里鎮","121.365","23.405","57"
"86","185598","20220710050000","341","0","臺南市","白河區","120.415","23.380","87"
"272","185635","20220710050000","339","0","臺南市","後壁區","120.380","23.390","309"
"601","185683","20220710050000","837","0","臺南市","後壁區","120.340","23.380","796"
"240","185698","20220710050000","123","3","臺南市","白河區","120.480","23.385","240"
"178","186808","20220710050000","182","0","花蓮縣","卓溪鄉","121.315","23.435","171"
"316","186812","20220710050000","196","3","花蓮縣","卓溪鄉","121.335","23.435","284"
"83","186826","20220710050000","61","2","花蓮縣","卓溪鄉","121.340","23.440","93"
"20","186875","20220710050000","31","0","臺南市","後壁區","120.335","23.380","20"
"23","186914","20220710050000","26","0","臺南市","白河區","120.445","23.380","31"
"38","186915","20220710050000","452","0","臺南市","白河區","120.450","23.380","22"
"155","186921","20220710050000","170","0","臺南市","白河區","120.435","23.390","203"
"17","187008","20220710050000","21","0","臺東縣","長濱鄉","121.480","23.395","21"
"232","187061","20220710050000","196","1","花蓮縣","玉里鎮","121.320","23.395","224"
"158","187086","20220710050000","106","2","花蓮縣","玉里鎮","121.340","23.415","142"
"169","187099","20220710050000","88","3","花蓮縣","玉里鎮","121.345","23.425","157"
"132","187105","20220710050000","125","1","花蓮縣","玉里鎮","121.345","23.430","139"
"19","187111","20220710050000","21","0","花蓮縣","玉里鎮","121.350","23.435","18"
"163","187173","20220710050000","103","3","花蓮縣","玉里鎮","121.395","23.450","169"
"309","187253","20220710050000","192","3","花蓮縣","玉里鎮","121.375","23.425","305"
"192","187296","20220710050000","261","0","臺南市","白河區","120.440","23.400","223"
"181","187322","20220710050000","157","1","花蓮縣","玉里鎮","121.330","23.375","184"
"216","187339","20220710050000","91","3","花蓮縣","玉里鎮","121.325","23.390","212"
"28","187385","20220710050000","24","1","臺東縣","長濱鄉","121.465","23.405","21"
"63","187398","20220710050000","56","1","臺東縣","長濱鄉","121.470","23.410","62"
"15","187401","20220710050000","94","0","臺東縣","長濱鄉","121.485","23.410","10"
"453","188051","20220710050000","638","0","嘉義縣","中埔鄉","120.520","23.430","434"
"295","188063","20220710050000","291","1","嘉義縣","中埔鄉","120.560","23.435","391"
"546","188064","20220710050000","923","0","嘉義縣","中埔鄉","120.520","23.420","700"
"340","188069","20220710050000","261","2","嘉義縣","中埔鄉","120.520","23.425","456"
"95","188090","20220710050000","85","1","嘉義縣","中埔鄉","120.510","23.400","91"
"30","188129","20220710050000","475","0","嘉義縣","中埔鄉","120.460","23.445","25"
"352","188131","20220710050000","282","2","嘉義縣","中埔鄉","120.460","23.450","329"
"505","188132","20220710050000","502","1","嘉義縣","中埔鄉","120.470","23.450","499"
"382","188133","20220710050000","580","0","嘉義縣","中埔鄉","120.475","23.450","508"
"1145","188134","20220710050000","1642","0","嘉義縣","中埔鄉","120.465","23.450","1519"
"162","188136","20220710050000","112","2","嘉義縣","中埔鄉","120.485","23.450","142"
"1098","188141","20220710050000","1331","0","嘉義縣","中埔鄉","120.450","23.435","1487"
"536","188144","20220710050000","592","0","嘉義縣","中埔鄉","120.455","23.445","486"
"343","188147","20220710050000","464","0","嘉義縣","中埔鄉","120.480","23.440","471"
"15","188154","20220710050000","121","0","嘉義縣","中埔鄉","120.490","23.445","14"
"543","188193","20220710050000","554","0","嘉義縣","中埔鄉","120.520","23.385","706"
"196","188241","20220710050000","143","2","嘉義縣","中埔鄉","120.580","23.425","192"
"187","188261","20220710050000","137","2","嘉義縣","中埔鄉","120.540","23.390","236"
"10","188280","20220710050000","99","0","嘉義縣","中埔鄉","120.575","23.380","17"
"53","188314","20220710050000","50","1","嘉義縣","中埔鄉","120.590","23.395","45"
"368","188331","20220710050000","482","0","嘉義縣","中埔鄉","120.555","23.405","502"
"35","188335","20220710050000","15","3","嘉義縣","中埔鄉","120.575","23.405","32"
"817","188368","20220710050000","782","1","嘉義縣","中埔鄉","120.540","23.440","813"
"316","188369","20220710050000","275","1","嘉義縣","中埔鄉","120.545","23.440","284"
"228","188382","20220710050000","230","0","嘉義縣","中埔鄉","120.565","23.445","228"
"373","188390","20220710050000","381","0","嘉義縣","中埔鄉","120.530","23.440","370"
"617","188399","20220710050000","426","2","嘉義縣","中埔鄉","120.535","23.450","586"
"257","188417","20220710050000","362","0","嘉義縣","中埔鄉","120.510","23.435","339"
"478","188421","20220710050000","402","1","嘉義縣","中埔鄉","120.510","23.440","466"
"554","188422","20220710050000","735","0","嘉義縣","中埔鄉","120.495","23.445","775"
"326","188442","20220710050000","470","0","嘉義縣","中埔鄉","120.515","23.410","458"
"190","188445","20220710050000","277","0","嘉義縣","中埔鄉","120.530","23.410","250"
"287","188457","20220710050000","464","0","嘉義縣","中埔鄉","120.505","23.425","407"
"42","188462","20220710050000","35","2","嘉義縣","中埔鄉","120.505","23.375","37"
"163","188463","20220710050000","134","2","嘉義縣","中埔鄉","120.510","23.375","147"
"324","188469","20220710050000","391","0","嘉義縣","鹿草鄉","120.315","23.390","423"
"17","188471","20220710050000","14","2","嘉義縣","鹿草鄉","120.315","23.395","12"
"370","188493","20220710050000","444","0","嘉義縣","鹿草鄉","120.320","23.420","499"
"176","188498","20220710050000","111","3","嘉義縣","鹿草鄉","120.320","23.425","228"
"903","188503","20220710050000","949","0","嘉義縣","鹿草鄉","120.315","23.410","1124"
"119","188507","20220710050000","112","1","嘉義縣","太保市","120.335","23.430","113"
"149","188508","20220710050000","94","3","嘉義縣","太保市","120.340","23.430","151"
"84","188510","20220710050000","79","1","嘉義縣","鹿草鄉","120.350","23.430","83"
"24","188516","20220710050000","212","0","嘉義縣","太保市","120.340","23.440","27"
"582","188554","20220710050000","402","2","嘉義縣","鹿草鄉","120.340","23.400","568"
"277","188555","20220710050000","285","0","嘉義縣","鹿草鄉","120.290","23.375","254"
"26","188574","20220710050000","377","0","嘉義縣","朴子市","120.245","23.415","25"
"36","188579","20220710050000","285","0","嘉義縣","水上鄉","120.355","23.410","40"
"181","188626","20220710050000","173","1","嘉義縣","鹿草鄉","120.345","23.405","160"
"182","188631","20220710050000","162","1","嘉義縣","鹿草鄉","120.330","23.410","187"
"139","188646","20220710050000","74","3","嘉義縣","朴子市","120.290","23.445","148"
"88","188650","20220710050000","70","2","嘉義縣","朴子市","120.280","23.450","89"
"548","188654","20220710050000","691","0","嘉義縣","布袋鎮","120.170","23.375","708"
"208","188666","20220710050000","150","2","嘉義縣","布袋鎮","120.220","23.390","205"
"167","188716","20220710050000","179","0","嘉義縣","阿里山鄉","120.715","23.390","156"
"88","188874","20220710050000","896","0","嘉義縣","太保市","120.345","23.450","91"
"25","188885","20220710050000","290","0","嘉義縣","太保市","120.320","23.445","19"
"36","188892","20220710050000","350","0","嘉義縣","太保市","120.340","23.450","35"
"117","188897","20220710050000","111","1","嘉義縣","朴子市","120.235","23.440","109"
"13","188921","20220710050000","12","1","嘉義縣","朴子市","120.240","23.450","15"
"152","188949","20220710050000","150","1","嘉義縣","朴子市","120.255","23.410","229"
"400","188956","20220710050000","460","0","嘉義縣","朴子市","120.260","23.420","691"
"84","188966","20220710050000","126","0","嘉義縣","東石鄉","120.145","23.455","111"
"555","188983","20220710050000","317","3","嘉義縣","布袋鎮","120.190","23.375","569"
"36","189028","20220710050000","310","0","嘉義縣","太保市","120.295","23.440","38"
"200","189044","20220710050000","141","2","嘉義縣","東石鄉","120.170","23.430","180"
"147","189051","20220710050000","141","1","嘉義縣","東石鄉","120.180","23.440","233"
"45","189105","20220710050000","197","0","嘉義縣","東石鄉","120.185","23.450","44"
"32","189112","20220710050000","252","0","嘉義縣","東石鄉","120.200","23.455","36"
"12","189120","20220710050000","17","0","嘉義縣","東石鄉","120.150","23.435","10"
"543","189144","20220710050000","390","2","嘉義縣","布袋鎮","120.165","23.375","516"
"26","189152","20220710050000","386","0","嘉義縣","東石鄉","120.205","23.425","27"
"224","189184","20220710050000","195","1","嘉義縣","水上鄉","120.410","23.430","220"
"17","189187","20220710050000","258","0","嘉義縣","水上鄉","120.415","23.430","20"
"566","189189","20220710050000","567","0","嘉義縣","水上鄉","120.415","23.435","742"
"279","189192","20220710050000","260","1","嘉義縣","水上鄉","120.420","23.440","273"
"583","189195","20220710050000","676","0","嘉義縣","布袋鎮","120.180","23.375","765"
"94","189210","20220710050000","118","0","嘉義縣","布袋鎮","120.200","23.400","133"
"132","189224","20220710050000","90","2","嘉義縣","水上鄉","120.435","23.430","112"
"166","189225","20220710050000","190","0","嘉義縣","水上鄉","120.420","23.430","218"
"788","189233","20220710050000","551","2","嘉義縣","水上鄉","120.425","23.440","793"
"45","189242","20220710050000","212","0","嘉義縣","水上鄉","120.370","23.415","43"
"119","189246","20220710050000","157","0","嘉義縣","水上鄉","120.370","23.420","137"
"44","189248","20220710050000","121","0","嘉義縣","水上鄉","120.360","23.425","45"
"279","189268","20220710050000","343","0","嘉義縣","水上鄉","120.495","23.400","341"
"70","189286","20220710050000","63","1","嘉義縣","水上鄉","120.450","23.415","60"
"121","189288","20220710050000","167","0","嘉義縣","水上鄉","120.460","23.415","166"
"98","189292","20220710050000","46","3","嘉義縣","水上鄉","120.450","23.420","83"
"43","189296","20220710050000","57","0","嘉義縣","水上鄉","120.410","23.445","49"
"235","189322","20220710050000","345","0","嘉義縣","水上鄉","120.370","23.440","337"
"47","189337","20220710050000","688","0","嘉義縣","水上鄉","120.360","23.445","46"
"294","189343","20220710050000","314","0","嘉義縣","水上鄉","120.425","23.445","269"
"1154","189344","20220710050000","902","2","嘉義縣","水上鄉","120.430","23.445","1166"
"65","189349","20220710050000","53","2","嘉義縣","水上鄉","120.435","23.415","54"
"320","189350","20220710050000","364","0","嘉義縣","水上鄉","120.430","23.420","419"
"532","189351","20220710050000","654","0","嘉義縣","水上鄉","120.435","23.420","734"
"114","189364","20220710050000","73","3","嘉義縣","布袋鎮","120.150","23.375","116"
"337","189365","20220710050000","266","2","嘉義縣","布袋鎮","120.155","23.375","430"
"270","189369","20220710050000","119","3","嘉義縣","布袋鎮","120.150","23.380","257"
"508","189370","20220710050000","374","2","嘉義縣","布袋鎮","120.155","23.380","504"
"72","189382","20220710050000","887","0","嘉義縣","水上鄉","120.470","23.435","69"
"114","189385","20220710050000","128","0","嘉義縣","水上鄉","120.385","23.405","151"
"37","189387","20220710050000","67","0","嘉義縣","水上鄉","120.390","23.410","68"
"230","189388","20220710050000","174","2","嘉義縣","水上鄉","120.385","23.415","231"
"275","189389","20220710050000","435","0","嘉義縣","水上鄉","120.385","23.420","374"
"18","189392","20220710050000","20","0","嘉義縣","水上鄉","120.405","23.450","26"
"460","189393","20220710050000","485","0","嘉義縣","水上鄉","120.435","23.445","470"
"162","189396","20220710050000","363","0","嘉義縣","水上鄉","120.400","23.425","197"
"59","189397","20220710050000","276","0","嘉義縣","水上鄉","120.395","23.430","52"
"1005","189399","20220710050000","1282","0","嘉義縣","水上鄉","120.400","23.430","1243"
"184","189411","20220710050000","270","0","嘉義縣","水上鄉","120.390","23.425","254"
"62","189413","20220710050000","669","0","嘉義縣","水上鄉","120.395","23.435","63"
"343","189416","20220710050000","470","0","嘉義縣","水上鄉","120.400","23.435","423"
"300","189439","20220710050000","379","0","嘉義縣","水上鄉","120.420","23.420","383"
"51","189459","20220710050000","102","0","嘉義縣","水上鄉","120.385","23.425","72"
"307","189461","20220710050000","335","0","嘉義縣","水上鄉","120.380","23.430","399"
"203","189463","20220710050000","356","0","嘉義縣","水上鄉","120.390","23.430","276"
"716","189474","20220710050000","885","0","嘉義縣","鹿草鄉","120.295","23.380","959"
"146","189491","20220710050000","165","0","嘉義縣","鹿草鄉","120.270","23.395","182"
"280","189518","20220710050000","275","1","嘉義縣","鹿草鄉","120.305","23.415","274"
"21","189555","20220710050000","110","0","嘉義縣","鹿草鄉","120.285","23.435","27"
"52","189575","20220710050000","287","0","嘉義縣","朴子市","120.245","23.430","44"
"416","189579","20220710050000","500","0","嘉義縣","朴子市","120.245","23.435","575"
"134","189583","20220710050000","149","0","嘉義縣","朴子市","120.250","23.440","113"
"1315","189591","20220710050000","1741","0","嘉義縣","東石鄉","120.180","23.420","1668"
"294","189607","20220710050000","370","0","嘉義縣","番路鄉","120.660","23.420","401"
"180","189608","20220710050000","104","3","嘉義縣","番路鄉","120.650","23.425","229"
"10","189629","20220710050000","14","0","嘉義縣","番路鄉","120.635","23.440","10"
"46","189630","20220710050000","46","1","嘉義縣","番路鄉","120.640","23.440","43"
"183","189633","20220710050000","165","1","嘉義縣","番路鄉","120.655","23.440","194"
"36","189645","20220710050000","33","1","嘉義縣","番路鄉","120.645","23.440","32"
"268","189663","20220710050000","210","2","嘉義縣","番路鄉","120.670","23.445","283"
"211","189673","20220710050000","118","3","嘉義縣","番路鄉","120.645","23.400","200"
"50","189685","20220710050000","31","3","嘉義縣","番路鄉","120.650","23.405","43"
"41","189703","20220710050000","24","3","嘉義縣","番路鄉","120.640","23.415","31"
"57","189705","20220710050000","37","3","嘉義縣","番路鄉","120.605","23.420","62"
"50","189724","20220710050000","45","1","嘉義縣","番路鄉","120.610","23.430","44"
"98","189756","20220710050000","77","2","嘉義縣","番路鄉","120.620","23.375","114"
"129","189823","20220710050000","129","1","嘉義縣","番路鄉","120.600","23.435","178"
"163","189837","20220710050000","187","0","嘉義縣","番路鄉","120.580","23.450","195"
"308","189852","20220710050000","248","2","嘉義縣","布袋鎮","120.170","23.385","355"
"163","189978","20220710050000","138","1","嘉義縣","阿里山鄉","120.665","23.380","190"
"23","189981","20220710050000","13","3","嘉義縣","阿里山鄉","120.680","23.380","30"
"164","190321","20220710050000","131","2","嘉義縣","阿里山鄉","120.750","23.440","149"
"50","190374","20220710050000","40","2","嘉義縣","阿里山鄉","120.755","23.450","58"
"165","190402","20220710050000","174","0","嘉義縣","義竹鄉","120.245","23.385","224"
"288","190407","20220710050000","246","1","嘉義縣","義竹鄉","120.240","23.375","353"
"99","192504","20220710050000","82","2","澎湖縣","馬公市","119.515","23.485","136"
"217","192620","20220710050000","315","0","嘉義縣","東石鄉","120.165","23.490","296"
"172","192621","20220710050000","83","3","花蓮縣","豐濱鄉","121.510","23.490","188"
"19","194053","20220710050000","123","0","澎湖縣","馬公市","119.515","23.510","22"
"194","194584","20220710050000","256","0","澎湖縣","馬公市","119.595","23.520","455"
"292","194849","20220710050000","292","1","澎湖縣","馬公市","119.580","23.525","399"
"203","194852","20220710050000","85","3","澎湖縣","馬公市","119.595","23.525","178"
"1344","194945","20220710050000","907","2","嘉義市","東區","120.455","23.495","1310"
"309","194952","20220710050000","128","3","嘉義市","東區","120.485","23.460","326"
"60","194954","20220710050000","54","1","嘉義市","東區","120.495","23.460","56"
"20","194959","20220710050000","25","0","嘉義市","東區","120.485","23.470","22"
"28","194963","20220710050000","30","0","嘉義市","東區","120.490","23.475","35"
"507","194965","20220710050000","964","0","嘉義市","西區","120.435","23.460","678"
"753","194966","20220710050000","1495","0","嘉義市","西區","120.440","23.460","761"
"507","194967","20220710050000","377","2","嘉義市","西區","120.445","23.460","522"
"15","194968","20220710050000","49","0","嘉義市","西區","120.440","23.475","16"
"807","194969","20220710050000","443","3","嘉義市","西區","120.440","23.490","809"
"1281","194970","20220710050000","1123","1","嘉義市","東區","120.460","23.480","1528"
"852","194971","20220710050000","811","1","嘉義市","東區","120.450","23.480","858"
"861","194972","20220710050000","515","3","嘉義市","東區","120.450","23.490","1168"
"262","194973","20220710050000","1865","0","嘉義市","東區","120.450","23.495","275"
"984","194974","20220710050000","947","1","嘉義市","西區","120.415","23.485","1299"
"405","194975","20220710050000","668","0","嘉義市","西區","120.405","23.490","471"
"1094","194980","20220710050000","2366","0","嘉義市","西區","120.425","23.475","1081"
"469","194981","20220710050000","656","0","嘉義市","西區","120.430","23.470","618"
"67","194985","20220710050000","1640","0","嘉義市","東區","120.470","23.490","71"
"476","194986","20220710050000","475","1","嘉義市","東區","120.470","23.495","447"
"404","194988","20220710050000","362","1","嘉義市","東區","120.480","23.495","409"
"820","194993","20220710050000","635","2","嘉義市","東區","120.450","23.500","844"
"47","194994","20220710050000","337","0","嘉義市","東區","120.450","23.505","45"
"740","194995","20220710050000","651","1","嘉義市","東區","120.455","23.505","733"
"193","194996","20220710050000","208","0","嘉義市","東區","120.445","23.510","171"
"480","195001","20220710050000","1426","0","嘉義市","東區","120.485","23.485","465"
"453","195002","20220710050000","322","2","嘉義市","東區","120.490","23.480","451"
"1378","195003","20220710050000","1134","2","嘉義市","東區","120.455","23.490","1592"
"2184","195004","20220710050000","2130","1","嘉義市","東區","120.455","23.480","2190"
"480","195006","20220710050000","235","3","嘉義市","西區","120.420","23.480","465"
"803","195007","20220710050000","995","0","嘉義市","西區","120.430","23.480","1033"
"507","195008","20220710050000","536","0","嘉義市","西區","120.420","23.490","497"
"802","195009","20220710050000","2508","0","嘉義市","西區","120.430","23.465","1004"
"1255","195011","20220710050000","766","3","嘉義市","西區","120.425","23.485","1191"
"916","195012","20220710050000","1740","0","嘉義市","西區","120.435","23.480","914"
"1585","195013","20220710050000","1967","0","嘉義市","西區","120.430","23.485","1475"
"31","195015","20220710050000","26","1","嘉義市","西區","120.395","23.490","25"
"119","195016","20220710050000","64","3","嘉義市","西區","120.400","23.490","150"
"23","195017","20220710050000","24","0","嘉義市","西區","120.390","23.495","22"
"1994","195022","20220710050000","1082","3","嘉義市","西區","120.440","23.480","1759"
"551","195024","20220710050000","377","2","嘉義市","西區","120.430","23.495","722"
"999","195025","20220710050000","1560","0","嘉義市","西區","120.425","23.490","1291"
"1975","195033","20220710050000","844","3","嘉義市","東區","120.450","23.475","1945"
"1627","195036","20220710050000","775","3","嘉義市","東區","120.450","23.460","1678"
"2148","195037","20220710050000","1728","2","嘉義市","東區","120.455","23.455","2366"
"96","195038","20220710050000","1725","0","嘉義市","西區","120.435","23.470","101"
"237","195039","20220710050000","200","1","嘉義市","西區","120.430","23.455","248"
"24","195040","20220710050000","400","0","嘉義市","西區","120.430","23.460","24"
"77","195041","20220710050000","1050","0","嘉義市","西區","120.440","23.485","75"
"86","195042","20220710050000","48","3","嘉義市","西區","120.395","23.465","108"
"388","195047","20220710050000","339","1","嘉義市","西區","120.405","23.470","372"
"397","195049","20220710050000","389","1","嘉義市","西區","120.405","23.475","364"
"51","195053","20220710050000","583","0","嘉義市","西區","120.445","23.500","55"
"1571","195054","20220710050000","1815","0","嘉義市","東區","120.465","23.490","1628"
"27","195055","20220710050000","17","3","嘉義市","東區","120.465","23.495","32"
"480","195056","20220710050000","186","3","嘉義市","東區","120.460","23.470","483"
"2076","195057","20220710050000","819","3","嘉義市","東區","120.470","23.480","2033"
"42","195058","20220710050000","717","0","嘉義市","東區","120.465","23.475","46"
"2085","195060","20220710050000","1740","1","嘉義市","西區","120.435","23.475","2009"
"1454","195061","20220710050000","566","3","嘉義市","西區","120.440","23.465","1435"
"16","195062","20220710050000","370","0","嘉義市","西區","120.450","23.465","17"
"1263","195064","20220710050000","1744","0","嘉義市","西區","120.440","23.470","1316"
"13","195065","20220710050000","11","1","嘉義市","東區","120.455","23.485","12"
"46","195066","20220710050000","591","0","嘉義市","東區","120.450","23.485","33"
"561","195069","20220710050000","420","2","嘉義市","西區","120.415","23.475","479"
"1354","195073","20220710050000","2841","0","嘉義市","西區","120.440","23.455","1389"
"2731","195075","20220710050000","2451","1","嘉義市","西區","120.445","23.475","2656"
"1742","195076","20220710050000","1988","0","嘉義市","東區","120.465","23.465","1752"
"1139","195083","20220710050000","690","3","嘉義市","東區","120.445","23.515","1141"
"352","195084","20220710050000","713","0","嘉義市","東區","120.465","23.480","360"
"398","195086","20220710050000","694","0","嘉義市","東區","120.480","23.465","454"
"1053","195090","20220710050000","544","3","嘉義市","東區","120.475","23.475","1188"
"35","195093","20220710050000","623","0","嘉義市","東區","120.470","23.485","44"
"849","195094","20220710050000","467","3","嘉義市","東區","120.475","23.485","829"
"20","195098","20220710050000","19","1","嘉義市","東區","120.500","23.475","19"
"19","195100","20220710050000","271","0","嘉義市","東區","120.485","23.480","20"
"659","195103","20220710050000","436","3","嘉義市","東區","120.500","23.480","666"
"496","195108","20220710050000","410","2","嘉義市","東區","120.490","23.485","517"
"18","195109","20220710050000","16","1","嘉義市","東區","120.495","23.485","13"
"53","195113","20220710050000","627","0","嘉義市","東區","120.470","23.475","41"
"852","195114","20220710050000","494","3","嘉義市","東區","120.455","23.500","819"
"136","195115","20220710050000","91","2","嘉義市","東區","120.475","23.490","150"
"767","195118","20220710050000","566","2","嘉義市","東區","120.480","23.490","743"
"951","195120","20220710050000","1819","0","嘉義市","東區","120.455","23.475","945"
"1194","195121","20220710050000","1592","0","嘉義市","西區","120.430","23.490","1541"
"70","195122","20220710050000","762","0","嘉義市","西區","120.435","23.485","64"
"107","195123","20220710050000","886","0","嘉義市","西區","120.435","23.490","103"
"652","195124","20220710050000","662","0","嘉義市","西區","120.450","23.470","647"
"804","195127","20220710050000","295","3","嘉義市","東區","120.470","23.470","788"
"36","195128","20220710050000","635","0","嘉義市","東區","120.475","23.480","30"
"502","195129","20220710050000","424","1","嘉義市","東區","120.465","23.485","483"
"38","195131","20220710050000","38","1","嘉義市","東區","120.480","23.480","30"
"831","195133","20220710050000","732","1","嘉義市","東區","120.460","23.490","801"
"43","195139","20220710050000","506","0","嘉義市","西區","120.405","23.480","40"
"410","195147","20220710050000","294","2","嘉義市","西區","120.415","23.465","405"
"76","195148","20220710050000","1793","0","嘉義市","西區","120.420","23.465","69"
"935","195150","20220710050000","512","3","嘉義市","西區","120.415","23.470","934"
"59","195151","20220710050000","61","0","嘉義市","西區","120.420","23.470","44"
"771","195154","20220710050000","391","3","嘉義市","西區","120.440","23.495","763"
"81","195158","20220710050000","87","0","嘉義市","東區","120.430","23.505","82"
"179","195159","20220710050000","118","3","嘉義市","西區","120.435","23.505","175"
"688","195160","20220710050000","780","0","嘉義市","西區","120.445","23.485","821"
"1980","195161","20220710050000","1080","3","嘉義市","東區","120.460","23.465","1965"
"683","195162","20220710050000","1206","0","嘉義市","西區","120.445","23.470","648"
"136","195164","20220710050000","72","3","嘉義市","西區","120.425","23.465","119"
"77","195165","20220710050000","88","0","嘉義市","西區","120.425","23.480","55"
"1674","195166","20220710050000","1096","3","嘉義市","西區","120.445","23.480","1609"
"618","195167","20220710050000","835","0","嘉義市","東區","120.460","23.455","856"
"273","195169","20220710050000","192","2","嘉義市","東區","120.465","23.460","299"
"1910","195170","20220710050000","1301","2","嘉義市","東區","120.455","23.465","1924"
"635","195171","20220710050000","455","2","嘉義市","東區","120.455","23.470","672"
"470","195183","20220710050000","407","1","澎湖縣","馬公市","119.590","23.515","626"
"317","195202","20220710050000","182","3","澎湖縣","馬公市","119.605","23.525","407"
"191","195219","20220710050000","168","1","花蓮縣","瑞穗鄉","121.375","23.495","189"
"53","195220","20220710050000","66","0","花蓮縣","瑞穗鄉","121.375","23.500","50"
"475","195222","20220710050000","356","2","花蓮縣","瑞穗鄉","121.375","23.505","477"
"299","195231","20220710050000","218","2","花蓮縣","瑞穗鄉","121.390","23.490","291"
"1643","195232","20220710050000","1287","2","花蓮縣","瑞穗鄉","121.380","23.495","1518"
"90","195268","20220710050000","70","2","花蓮縣","瑞穗鄉","121.355","23.465","27"
"78","195289","20220710050000","83","0","花蓮縣","瑞穗鄉","121.360","23.475","87"
"414","195291","20220710050000","329","2","花蓮縣","瑞穗鄉","121.370","23.475","435"
"74","195336","20220710050000","28","3","花蓮縣","瑞穗鄉","121.390","23.520","42"
"87","195430","20220710050000","48","3","花蓮縣","瑞穗鄉","121.445","23.490","88"
"197","196332","20220710050000","198","0","花蓮縣","瑞穗鄉","121.375","23.515","213"
"74","196345","20220710050000","42","3","花蓮縣","瑞穗鄉","121.360","23.480","79"
"326","196360","20220710050000","236","2","花蓮縣","瑞穗鄉","121.355","23.490","379"
"357","196364","20220710050000","312","1","花蓮縣","瑞穗鄉","121.375","23.490","349"
"74","196368","20220710050000","47","3","花蓮縣","瑞穗鄉","121.360","23.495","89"
"175","196453","20220710050000","149","1","花蓮縣","卓溪鄉","121.325","23.490","187"
"293","196567","20220710050000","168","3","花蓮縣","豐濱鄉","121.505","23.470","273"
"74","196575","20220710050000","28","3","花蓮縣","豐濱鄉","121.505","23.475","94"
"130","196592","20220710050000","89","2","花蓮縣","豐濱鄉","121.510","23.480","125"
"62","196639","20220710050000","61","1","花蓮縣","豐濱鄉","121.500","23.455","60"
"204","196667","20220710050000","116","3","花蓮縣","玉里鎮","121.405","23.465","266"
"154","196709","20220710050000","46","3","花蓮縣","玉里鎮","121.395","23.455","148"
"971","196774","20220710050000","649","2","嘉義縣","中埔鄉","120.465","23.455","936"
"911","196781","20220710050000","1734","0","嘉義縣","民雄鄉","120.430","23.520","1171"
"416","196789","20220710050000","414","1","嘉義縣","民雄鄉","120.440","23.515","402"
"323","196793","20220710050000","211","3","嘉義縣","六腳鄉","120.290","23.520","402"
"587","196815","20220710050000","664","0","嘉義縣","六腳鄉","120.250","23.510","725"
"43","196825","20220710050000","38","1","嘉義縣","六腳鄉","120.225","23.485","43"
"122","196836","20220710050000","93","2","嘉義縣","六腳鄉","120.285","23.500","120"
"212","196856","20220710050000","161","2","雲林縣","水林鄉","120.225","23.505","303"
"52","196879","20220710050000","321","0","嘉義縣","六腳鄉","120.245","23.485","38"
"244","196886","20220710050000","164","2","嘉義縣","民雄鄉","120.415","23.525","356"
"23","196888","20220710050000","23","1","嘉義縣","民雄鄉","120.425","23.525","10"
"36","196895","20220710050000","154","0","嘉義縣","太保市","120.310","23.460","33"
"54","196913","20220710050000","68","0","嘉義縣","新港鄉","120.375","23.515","58"
"136","196921","20220710050000","767","0","嘉義縣","新港鄉","120.380","23.525","137"
"322","196935","20220710050000","356","0","嘉義縣","六腳鄉","120.280","23.505","392"
"474","196963","20220710050000","450","1","嘉義縣","六腳鄉","120.310","23.500","488"
"763","197018","20220710050000","797","0","嘉義縣","太保市","120.335","23.490","1010"
"663","197019","20220710050000","450","2","嘉義縣","太保市","120.340","23.495","651"
"2051","197036","20220710050000","2054","0","嘉義縣","太保市","120.365","23.500","2670"
"11","197041","20220710050000","81","0","嘉義縣","太保市","120.360","23.510","13"
"666","197046","20220710050000","564","1","嘉義縣","太保市","120.370","23.500","635"
"22","197053","20220710050000","20","1","嘉義縣","六腳鄉","120.265","23.525","22"
"303","197055","20220710050000","331","0","嘉義縣","六腳鄉","120.275","23.525","420"
"246","197536","20220710050000","189","2","南投縣","信義鄉","120.870","23.470","111"
"64","197634","20220710050000","75","0","南投縣","信義鄉","120.825","23.510","26"
"335","197682","20220710050000","793","0","嘉義縣","民雄鄉","120.440","23.520","467"
"847","197684","20220710050000","1180","0","嘉義縣","民雄鄉","120.440","23.525","1142"
"882","197685","20220710050000","1673","0","嘉義縣","民雄鄉","120.445","23.525","1176"
"49","197686","20220710050000","28","3","嘉義縣","民雄鄉","120.450","23.525","39"
"65","197696","20220710050000","61","1","嘉義縣","民雄鄉","120.425","23.510","67"
"457","197703","20220710050000","343","2","嘉義縣","民雄鄉","120.465","23.505","431"
"481","197710","20220710050000","452","1","嘉義縣","民雄鄉","120.475","23.515","654"
"35","197714","20220710050000","50","0","嘉義縣","民雄鄉","120.480","23.520","43"
"159","197719","20220710050000","110","2","雲林縣","水林鄉","120.205","23.530","130"
"189","197727","20220710050000","132","2","嘉義縣","太保市","120.380","23.490","152"
"262","197729","20220710050000","173","3","嘉義縣","太保市","120.370","23.495","327"
"161","197749","20220710050000","81","3","嘉義縣","太保市","120.385","23.480","228"
"682","197755","20220710050000","786","0","嘉義縣","朴子市","120.285","23.465","702"
"74","197756","20220710050000","53","2","嘉義縣","朴子市","120.290","23.465","60"
"44","197762","20220710050000","18","3","嘉義縣","太保市","120.290","23.470","31"
"37","197764","20220710050000","155","0","嘉義縣","太保市","120.290","23.475","33"
"179","197766","20220710050000","140","2","嘉義縣","朴子市","120.240","23.470","201"
"23","197770","20220710050000","91","0","嘉義縣","新港鄉","120.310","23.515","21"
"18","197781","20220710050000","83","0","嘉義縣","新港鄉","120.330","23.520","13"
"25","197788","20220710050000","377","0","嘉義縣","朴子市","120.285","23.455","34"
"12","197789","20220710050000","155","0","嘉義縣","朴子市","120.290","23.455","14"
"164","197794","20220710050000","593","0","嘉義縣","朴子市","120.285","23.460","160"
"29","197795","20220710050000","231","0","嘉義縣","朴子市","120.290","23.460","23"
"690","197796","20220710050000","690","1","嘉義縣","朴子市","120.265","23.465","703"
"39","197797","20220710050000","441","0","嘉義縣","朴子市","120.255","23.455","54"
"50","197799","20220710050000","49","1","嘉義縣","朴子市","120.265","23.455","41"
"489","197800","20220710050000","237","3","嘉義縣","朴子市","120.250","23.460","461"
"62","197802","20220710050000","61","1","嘉義縣","朴子市","120.260","23.460","77"
"307","197804","20220710050000","229","2","嘉義縣","朴子市","120.255","23.465","318"
"74","197820","20220710050000","71","1","嘉義縣","新港鄉","120.365","23.515","56"
"50","197822","20220710050000","232","0","嘉義縣","新港鄉","120.350","23.520","55"
"48","197827","20220710050000","397","0","嘉義縣","新港鄉","120.355","23.520","57"
"36","197830","20220710050000","129","0","嘉義縣","新港鄉","120.330","23.510","34"
"54","197832","20220710050000","75","0","嘉義縣","新港鄉","120.340","23.510","71"
"108","197837","20220710050000","97","1","嘉義縣","新港鄉","120.340","23.515","89"
"99","197862","20220710050000","81","2","嘉義縣","阿里山鄉","120.790","23.505","92"
"192","197867","20220710050000","236","0","嘉義縣","阿里山鄉","120.810","23.515","287"
"132","197868","20220710050000","114","1","嘉義縣","阿里山鄉","120.815","23.515","99"
"240","197899","20220710050000","250","0","嘉義縣","太保市","120.335","23.475","293"
"204","197906","20220710050000","262","0","嘉義縣","太保市","120.345","23.480","254"
"40","197913","20220710050000","189","0","嘉義縣","太保市","120.300","23.465","38"
"10","197924","20220710050000","152","0","嘉義縣","太保市","120.300","23.470","10"
"167","197940","20220710050000","104","3","南投縣","信義鄉","120.890","23.490","169"
"101","198035","20220710050000","123","0","雲林縣","水林鄉","120.230","23.515","99"
"693","198046","20220710050000","458","3","雲林縣","水林鄉","120.230","23.520","611"
"1334","198052","20220710050000","1253","1","嘉義縣","朴子市","120.245","23.470","1654"
"45","198053","20220710050000","530","0","嘉義縣","六腳鄉","120.250","23.470","32"
"72","198057","20220710050000","975","0","嘉義縣","朴子市","120.245","23.465","86"
"79","198066","20220710050000","1143","0","嘉義縣","朴子市","120.240","23.465","92"
"342","198068","20220710050000","219","3","嘉義縣","朴子市","120.225","23.460","304"
"115","198071","20220710050000","787","0","嘉義縣","朴子市","120.235","23.465","112"
"558","198076","20220710050000","391","2","嘉義縣","朴子市","120.270","23.480","534"
"53","198087","20220710050000","172","0","嘉義縣","太保市","120.355","23.465","48"
"1316","198089","20220710050000","2528","0","嘉義縣","太保市","120.380","23.500","1688"
"15","198113","20220710050000","93","0","雲林縣","水林鄉","120.225","23.510","15"
"554","198129","20220710050000","319","3","嘉義縣","太保市","120.325","23.455","729"
"33","198131","20220710050000","291","0","嘉義縣","太保市","120.335","23.455","31"
"34","198135","20220710050000","324","0","嘉義縣","太保市","120.335","23.460","29"
"52","198141","20220710050000","584","0","嘉義縣","太保市","120.295","23.455","40"
"50","198144","20220710050000","710","0","嘉義縣","太保市","120.295","23.460","59"
"174","198164","20220710050000","180","0","嘉義縣","東石鄉","120.170","23.480","267"
"12","198175","20220710050000","15","0","嘉義縣","東石鄉","120.195","23.465","15"
"38","198190","20220710050000","39","0","嘉義縣","東石鄉","120.145","23.465","46"
"66","198208","20220710050000","51","2","嘉義縣","梅山鄉","120.710","23.520","54"
"192","198214","20220710050000","167","1","嘉義縣","梅山鄉","120.710","23.525","181"
"585","198237","20220710050000","704","0","嘉義縣","東石鄉","120.170","23.465","683"
"369","198282","20220710050000","584","0","嘉義縣","東石鄉","120.185","23.490","502"
"19","198283","20220710050000","89","0","嘉義縣","東石鄉","120.185","23.495","19"
"760","198309","20220710050000","844","0","嘉義縣","東石鄉","120.150","23.460","932"
"309","198354","20220710050000","194","3","嘉義縣","東石鄉","120.155","23.500","273"
"173","198358","20220710050000","201","0","嘉義縣","東石鄉","120.175","23.500","230"
"92","198378","20220710050000","87","1","嘉義縣","東石鄉","120.160","23.510","82"
"284","198419","20220710050000","332","0","嘉義縣","梅山鄉","120.660","23.525","335"
"29","198450","20220710050000","26","1","嘉義縣","民雄鄉","120.450","23.520","43"
"171","198452","20220710050000","101","3","嘉義縣","民雄鄉","120.460","23.520","140"
"30","198455","20220710050000","45","0","嘉義縣","民雄鄉","120.455","23.525","31"
"242","198456","20220710050000","273","0","嘉義縣","民雄鄉","120.460","23.525","297"
"159","198457","20220710050000","126","2","嘉義縣","民雄鄉","120.450","23.530","143"
"775","198458","20220710050000","615","2","嘉義縣","民雄鄉","120.455","23.530","718"
"431","198459","20220710050000","388","1","嘉義縣","民雄鄉","120.460","23.530","595"
"100","198474","20220710050000","111","0","嘉義縣","民雄鄉","120.475","23.525","133"
"19","198490","20220710050000","26","0","嘉義縣","新港鄉","120.390","23.515","21"
"34","198491","20220710050000","46","0","嘉義縣","民雄鄉","120.400","23.515","33"
"526","198495","20220710050000","626","0","嘉義縣","民雄鄉","120.410","23.520","692"
"25","198501","20220710050000","44","0","嘉義縣","民雄鄉","120.415","23.520","25"
"669","198503","20220710050000","665","1","嘉義縣","民雄鄉","120.430","23.530","669"
"346","198542","20220710050000","153","3","嘉義縣","六腳鄉","120.300","23.505","363"
"23","198546","20220710050000","37","0","嘉義縣","六腳鄉","120.300","23.515","34"
"16","198646","20220710050000","113","0","嘉義縣","水上鄉","120.375","23.460","16"
"171","198651","20220710050000","188","0","雲林縣","水林鄉","120.210","23.515","195"
"345","198686","20220710050000","468","0","嘉義縣","水上鄉","120.410","23.455","473"
"290","198687","20220710050000","140","3","嘉義縣","水上鄉","120.415","23.455","276"
"827","198691","20220710050000","338","3","嘉義市","西區","120.415","23.460","876"
"53","198693","20220710050000","102","0","嘉義縣","水上鄉","120.420","23.460","47"
"1172","198697","20220710050000","970","2","嘉義縣","六腳鄉","120.295","23.490","1519"
"359","198713","20220710050000","222","3","雲林縣","口湖鄉","120.185","23.525","360"
"519","198720","20220710050000","470","1","嘉義縣","水上鄉","120.400","23.455","681"
"144","198726","20220710050000","1239","0","嘉義縣","朴子市","120.245","23.460","139"
"26","198735","20220710050000","21","2","嘉義縣","六腳鄉","120.260","23.530","20"
"19","198765","20220710050000","14","2","嘉義縣","竹崎鄉","120.580","23.520","18"
"191","198769","20220710050000","239","0","嘉義縣","番路鄉","120.555","23.465","263"
"614","198770","20220710050000","809","0","嘉義縣","番路鄉","120.560","23.465","746"
"377","198785","20220710050000","251","3","嘉義縣","番路鄉","120.505","23.455","258"
"144","198844","20220710050000","135","1","嘉義縣","番路鄉","120.620","23.480","208"
"36","198849","20220710050000","16","3","嘉義縣","番路鄉","120.625","23.485","25"
"79","198869","20220710050000","70","1","嘉義縣","番路鄉","120.540","23.460","82"
"220","198871","20220710050000","214","1","嘉義縣","番路鄉","120.550","23.460","226"
"147","198874","20220710050000","188","0","嘉義縣","番路鄉","120.540","23.465","151"
"17","198875","20220710050000","45","0","嘉義縣","番路鄉","120.535","23.470","14"
"167","198880","20220710050000","154","1","嘉義縣","番路鄉","120.600","23.455","245"
"212","198884","20220710050000","245","0","嘉義縣","番路鄉","120.595","23.460","251"
"120","198885","20220710050000","40","3","嘉義縣","番路鄉","120.600","23.460","76"
"15","198891","20220710050000","151","0","嘉義縣","番路鄉","120.530","23.475","15"
"711","198892","20220710050000","905","0","嘉義縣","番路鄉","120.535","23.475","881"
"122","198893","20220710050000","92","2","嘉義縣","番路鄉","120.510","23.480","167"
"28","198896","20220710050000","58","0","嘉義縣","番路鄉","120.525","23.480","32"
"338","198913","20220710050000","307","1","嘉義縣","竹崎鄉","120.685","23.460","288"
"137","198918","20220710050000","127","1","嘉義縣","竹崎鄉","120.695","23.475","179"
"29","198922","20220710050000","53","0","嘉義縣","竹崎鄉","120.700","23.480","45"
"54","198923","20220710050000","33","3","嘉義縣","竹崎鄉","120.705","23.480","40"
"81","198932","20220710050000","68","1","嘉義縣","竹崎鄉","120.705","23.485","70"
"155","198946","20220710050000","195","0","嘉義縣","竹崎鄉","120.695","23.500","159"
"259","198952","20220710050000","303","0","嘉義縣","竹崎鄉","120.695","23.505","301"
"23","198964","20220710050000","50","0","嘉義縣","竹崎鄉","120.660","23.505","32"
"200","198983","20220710050000","145","2","嘉義縣","竹崎鄉","120.635","23.520","173"
"96","199039","20220710050000","74","2","嘉義縣","竹崎鄉","120.650","23.470","79"
"215","199063","20220710050000","232","0","嘉義縣","竹崎鄉","120.680","23.480","191"
"10","199091","20220710050000","14","0","嘉義縣","竹崎鄉","120.680","23.490","10"
"493","199106","20220710050000","573","0","嘉義縣","竹崎鄉","120.570","23.485","493"
"277","199108","20220710050000","283","0","嘉義縣","竹崎鄉","120.555","23.485","383"
"38","199120","20220710050000","22","3","嘉義縣","竹崎鄉","120.540","23.515","27"
"1090","199122","20220710050000","1311","0","嘉義縣","竹崎鄉","120.550","23.515","1434"
"397","199146","20220710050000","495","0","嘉義縣","竹崎鄉","120.570","23.500","473"
"27","199161","20220710050000","411","0","嘉義縣","竹崎鄉","120.550","23.530","23"
"70","199213","20220710050000","51","2","嘉義縣","竹崎鄉","120.590","23.465","72"
"262","199237","20220710050000","145","3","嘉義縣","竹崎鄉","120.605","23.470","345"
"57","199241","20220710050000","53","1","嘉義縣","竹崎鄉","120.585","23.475","63"
"220","199248","20220710050000","211","1","嘉義縣","竹崎鄉","120.575","23.480","181"
"491","199280","20220710050000","418","1","嘉義縣","竹崎鄉","120.505","23.485","460"
"740","199288","20220710050000","760","0","嘉義縣","竹崎鄉","120.500","23.490","956"
"726","199291","20220710050000","597","2","嘉義縣","竹崎鄉","120.520","23.490","696"
"347","199297","20220710050000","429","0","嘉義縣","竹崎鄉","120.495","23.495","469"
"402","199306","20220710050000","288","2","嘉義縣","竹崎鄉","120.500","23.500","375"
"356","199313","20220710050000","376","0","嘉義縣","竹崎鄉","120.505","23.525","333"
"266","199322","20220710050000","311","0","嘉義縣","竹崎鄉","120.515","23.530","378"
"200","199330","20220710050000","215","0","嘉義縣","竹崎鄉","120.495","23.510","272"
"137","199332","20220710050000","91","3","嘉義縣","竹崎鄉","120.495","23.515","108"
"800","199353","20220710050000","864","0","嘉義縣","竹崎鄉","120.570","23.505","1044"
"146","199358","20220710050000","129","1","嘉義縣","竹崎鄉","120.610","23.510","180"
"130","199367","20220710050000","169","0","嘉義縣","竹崎鄉","120.605","23.515","115"
"196","199379","20220710050000","79","3","嘉義縣","竹崎鄉","120.610","23.520","195"
"23","199459","20220710050000","22","1","嘉義縣","阿里山鄉","120.950","23.465","29"
"27","199523","20220710050000","17","3","嘉義縣","阿里山鄉","120.795","23.490","23"
"17","199541","20220710050000","17","1","嘉義縣","阿里山鄉","120.800","23.500","13"
"16","199544","20220710050000","14","1","嘉義縣","阿里山鄉","120.795","23.505","15"
"389","199552","20220710050000","168","3","嘉義縣","阿里山鄉","120.815","23.505","182"
"459","199555","20220710050000","725","0","嘉義縣","阿里山鄉","120.805","23.510","668"
"209","199603","20220710050000","133","3","嘉義縣","阿里山鄉","120.730","23.530","290"
"69","199642","20220710050000","100","0","嘉義縣","阿里山鄉","120.755","23.490","109"
"84","199653","20220710050000","80","1","嘉義縣","阿里山鄉","120.745","23.495","59"
"118","199699","20220710050000","57","3","嘉義縣","阿里山鄉","120.740","23.515","118"
"195","199719","20220710050000","158","2","嘉義縣","阿里山鄉","120.720","23.455","184"
"51","199725","20220710050000","89","0","嘉義縣","阿里山鄉","120.700","23.460","82"
"171","199742","20220710050000","142","2","嘉義縣","阿里山鄉","120.730","23.465","168"
"192","199744","20220710050000","81","3","嘉義縣","竹崎鄉","120.695","23.470","220"
"410","199745","20220710050000","416","0","嘉義縣","阿里山鄉","120.700","23.470","493"
"112","199748","20220710050000","75","2","嘉義縣","阿里山鄉","120.715","23.470","102"
"118","199760","20220710050000","110","1","嘉義縣","阿里山鄉","120.715","23.480","107"
"72","199769","20220710050000","52","2","嘉義縣","阿里山鄉","120.720","23.485","83"
"155","199777","20220710050000","156","0","嘉義縣","阿里山鄉","120.750","23.455","154"
"25","199798","20220710050000","22","1","嘉義縣","阿里山鄉","120.775","23.460","22"
"335","199875","20220710050000","215","3","嘉義縣","竹崎鄉","120.595","23.485","328"
"171","199886","20220710050000","119","2","嘉義縣","竹崎鄉","120.595","23.495","181"
"435","199897","20220710050000","454","0","嘉義縣","竹崎鄉","120.550","23.485","424"
"105","199900","20220710050000","268","0","嘉義縣","竹崎鄉","120.540","23.495","102"
"579","199903","20220710050000","777","0","嘉義縣","竹崎鄉","120.540","23.500","736"
"104","199909","20220710050000","71","2","嘉義縣","竹崎鄉","120.595","23.525","120"
"127","199920","20220710050000","90","2","嘉義縣","竹崎鄉","120.510","23.490","159"
"537","199938","20220710050000","626","0","嘉義縣","竹崎鄉","120.525","23.515","719"
"196","200367","20220710050000","416","0","澎湖縣","馬公市","119.550","23.535","331"
"50","201149","20220710050000","57","0","澎湖縣","馬公市","119.570","23.550","85"
"221","201150","20220710050000","222","0","澎湖縣","馬公市","119.575","23.550","365"
"119","201400","20220710050000","114","1","澎湖縣","馬公市","119.570","23.555","113"
"445","202108","20220710050000","592","0","澎湖縣","西嶼鄉","119.485","23.565","609"
"650","202121","20220710050000","562","1","澎湖縣","馬公市","119.565","23.565","791"
"135","202367","20220710050000","176","0","澎湖縣","馬公市","119.565","23.570","233"
"64","202600","20220710050000","45","2","澎湖縣","西嶼鄉","119.500","23.575","84"
"589","202858","20220710050000","918","0","澎湖縣","馬公市","119.575","23.580","595"
"124","203106","20220710050000","126","0","澎湖縣","馬公市","119.570","23.585","153"
"792","203108","20220710050000","567","2","澎湖縣","馬公市","119.580","23.585","762"
"175","203109","20220710050000","146","1","澎湖縣","馬公市","119.585","23.585","200"
"19","203624","20220710050000","12","3","澎湖縣","湖西鄉","119.670","23.595","21"
"31","203877","20220710050000","14","3","澎湖縣","湖西鄉","119.640","23.600","29"
"25","203940","20220710050000","30","0","澎湖縣","馬公市","119.570","23.560","23"
"666","203941","20220710050000","848","0","澎湖縣","馬公市","119.570","23.565","926"
"1457","203942","20220710050000","1793","0","澎湖縣","馬公市","119.570","23.570","1562"
"365","203945","20220710050000","335","1","澎湖縣","湖西鄉","119.615","23.570","349"
"39","203947","20220710050000","281","0","澎湖縣","湖西鄉","119.625","23.570","37"
"135","203951","20220710050000","153","0","澎湖縣","馬公市","119.600","23.555","181"
"24","203964","20220710050000","217","0","澎湖縣","湖西鄉","119.620","23.600","14"
"357","203989","20220710050000","221","3","澎湖縣","西嶼鄉","119.480","23.565","358"
"203","203992","20220710050000","203","1","澎湖縣","湖西鄉","119.615","23.595","277"
"85","203994","20220710050000","95","0","澎湖縣","湖西鄉","119.665","23.585","127"
"15","204001","20220710050000","16","0","澎湖縣","馬公市","119.590","23.550","21"
"1344","204013","20220710050000","1158","1","澎湖縣","馬公市","119.600","23.570","1704"
"94","204018","20220710050000","633","0","澎湖縣","馬公市","119.580","23.560","83"
"1701","204021","20220710050000","687","3","澎湖縣","馬公市","119.585","23.565","2200"
"1206","204022","20220710050000","530","3","澎湖縣","馬公市","119.590","23.565","1548"
"191","204025","20220710050000","98","3","澎湖縣","湖西鄉","119.630","23.565","245"
"124","204033","20220710050000","222","0","澎湖縣","湖西鄉","119.655","23.565","146"
"340","204042","20220710050000","299","1","澎湖縣","馬公市","119.545","23.540","364"
"257","204045","20220710050000","726","0","澎湖縣","湖西鄉","119.670","23.570","209"
"224","204049","20220710050000","310","0","澎湖縣","馬公市","119.575","23.570","305"
"776","204050","20220710050000","519","2","澎湖縣","馬公市","119.580","23.570","992"
"2447","204052","20220710050000","2718","0","澎湖縣","馬公市","119.575","23.575","2978"
"80","204053","20220710050000","552","0","澎湖縣","馬公市","119.580","23.575","63"
"695","204054","20220710050000","452","3","澎湖縣","馬公市","119.580","23.580","974"
"440","204067","20220710050000","332","2","澎湖縣","馬公市","119.615","23.555","423"
"77","204074","20220710050000","77","1","澎湖縣","湖西鄉","119.620","23.565","138"
"255","204075","20220710050000","307","0","澎湖縣","湖西鄉","119.650","23.570","336"
"444","204080","20220710050000","484","0","澎湖縣","湖西鄉","119.650","23.580","605"
"230","204087","20220710050000","176","2","澎湖縣","西嶼鄉","119.505","23.585","221"
"273","204092","20220710050000","373","0","澎湖縣","西嶼鄉","119.510","23.600","320"
"231","204107","20220710050000","171","2","澎湖縣","馬公市","119.560","23.560","194"
"506","204108","20220710050000","491","1","澎湖縣","馬公市","119.565","23.560","480"
"14","204109","20220710050000","27","0","澎湖縣","馬公市","119.595","23.550","17"
"29","204111","20220710050000","345","0","澎湖縣","馬公市","119.595","23.555","29"
"361","204113","20220710050000","305","1","澎湖縣","馬公市","119.605","23.535","334"
"69","204120","20220710050000","246","0","澎湖縣","馬公市","119.610","23.545","63"
"15","204123","20220710050000","11","2","澎湖縣","馬公市","119.615","23.550","16"
"322","204124","20220710050000","162","3","澎湖縣","馬公市","119.620","23.550","359"
"51","204136","20220710050000","190","0","澎湖縣","湖西鄉","119.640","23.580","45"
"282","204137","20220710050000","336","0","澎湖縣","湖西鄉","119.645","23.580","397"
"147","204161","20220710050000","135","1","澎湖縣","湖西鄉","119.640","23.555","196"
"17","204163","20220710050000","159","0","澎湖縣","湖西鄉","119.635","23.560","17"
"27","204174","20220710050000","397","0","澎湖縣","湖西鄉","119.615","23.590","20"
"74","204179","20220710050000","28","3","澎湖縣","湖西鄉","119.680","23.555","74"
"345","204185","20220710050000","379","0","澎湖縣","湖西鄉","119.670","23.565","453"
"1576","204189","20220710050000","568","3","澎湖縣","馬公市","119.575","23.565","1519"
"69","204191","20220710050000","808","0","澎湖縣","馬公市","119.585","23.555","63"
"549","204192","20220710050000","317","3","澎湖縣","馬公市","119.585","23.560","825"
"43","204194","20220710050000","361","0","澎湖縣","馬公市","119.595","23.560","38"
"996","204195","20220710050000","1045","0","澎湖縣","馬公市","119.600","23.560","1420"
"73","204307","20220710050000","54","2","花蓮縣","瑞穗鄉","121.370","23.575","81"
"307","204313","20220710050000","248","2","花蓮縣","瑞穗鄉","121.375","23.575","288"
"200","204317","20220710050000","183","1","花蓮縣","瑞穗鄉","121.370","23.580","188"
"126","204319","20220710050000","101","2","花蓮縣","瑞穗鄉","121.380","23.580","135"
"40","204320","20220710050000","40","1","花蓮縣","萬榮鄉","121.355","23.585","58"
"150","204355","20220710050000","112","2","花蓮縣","瑞穗鄉","121.385","23.570","146"
"100","204381","20220710050000","73","2","花蓮縣","瑞穗鄉","121.385","23.580","100"
"55","204384","20220710050000","38","2","花蓮縣","瑞穗鄉","121.400","23.580","56"
"171","204421","20220710050000","148","1","花蓮縣","光復鄉","121.390","23.605","154"
"71","204446","20220710050000","30","3","花蓮縣","光復鄉","121.385","23.605","63"
"194","204758","20220710050000","168","1","花蓮縣","瑞穗鄉","121.375","23.540","195"
"12","205259","20220710050000","14","0","花蓮縣","豐濱鄉","121.490","23.570","23"
"49","205305","20220710050000","18","3","花蓮縣","豐濱鄉","121.525","23.575","33"
"97","205386","20220710050000","59","3","花蓮縣","豐濱鄉","121.525","23.595","94"
"195","205403","20220710050000","140","2","花蓮縣","豐濱鄉","121.520","23.600","187"
"19","205419","20220710050000","10","3","花蓮縣","豐濱鄉","121.515","23.605","15"
"68","205422","20220710050000","47","2","花蓮縣","豐濱鄉","121.530","23.605","85"
"26","205447","20220710050000","41","0","花蓮縣","光復鄉","121.420","23.605","29"
"348","205461","20220710050000","340","1","雲林縣","元長鄉","120.350","23.600","326"
"47","205475","20220710050000","57","0","嘉義縣","民雄鄉","120.400","23.555","52"
"464","205481","20220710050000","539","0","嘉義縣","民雄鄉","120.400","23.560","469"
"242","205482","20220710050000","162","2","嘉義縣","溪口鄉","120.405","23.560","236"
"690","205486","20220710050000","567","2","嘉義縣","民雄鄉","120.420","23.550","682"
"28","205488","20220710050000","30","0","嘉義縣","民雄鄉","120.425","23.555","24"
"432","205494","20220710050000","397","1","嘉義縣","民雄鄉","120.380","23.545","436"
"443","205501","20220710050000","286","3","嘉義縣","民雄鄉","120.445","23.560","345"
"400","205502","20220710050000","296","2","嘉義縣","民雄鄉","120.450","23.560","366"
"31","205523","20220710050000","40","0","嘉義縣","民雄鄉","120.450","23.570","29"
"60","205537","20220710050000","138","0","嘉義縣","民雄鄉","120.435","23.535","71"
"181","205548","20220710050000","174","1","嘉義縣","六腳鄉","120.295","23.540","179"
"336","205557","20220710050000","295","1","嘉義縣","六腳鄉","120.300","23.550","322"
"78","205571","20220710050000","236","0","雲林縣","水林鄉","120.245","23.605","89"
"70","205579","20220710050000","37","3","雲林縣","水林鄉","120.220","23.595","71"
"12","205586","20220710050000","229","0","雲林縣","水林鄉","120.235","23.605","12"
"62","205593","20220710050000","410","0","嘉義縣","新港鄉","120.345","23.570","50"
"43","205600","20220710050000","389","0","嘉義縣","新港鄉","120.345","23.550","38"
"193","205605","20220710050000","137","2","嘉義縣","新港鄉","120.330","23.560","210"
"98","205606","20220710050000","77","2","嘉義縣","新港鄉","120.335","23.560","95"
"24","205615","20220710050000","160","0","嘉義縣","新港鄉","120.340","23.575","26"
"352","205623","20220710050000","302","1","雲林縣","元長鄉","120.335","23.610","347"
"152","205641","20220710050000","166","0","嘉義縣","新港鄉","120.350","23.590","172"
"10","205649","20220710050000","349","0","嘉義縣","新港鄉","120.315","23.550","10"
"84","205670","20220710050000","24","3","雲林縣","口湖鄉","120.170","23.605","44"
"523","206056","20220710050000","506","1","南投縣","信義鄉","120.925","23.560","361"
"639","206426","20220710050000","637","1","南投縣","信義鄉","120.895","23.595","541"
"823","206759","20220710050000","911","0","嘉義縣","溪口鄉","120.400","23.605","1142"
"514","206766","20220710050000","534","0","嘉義縣","民雄鄉","120.430","23.550","715"
"1112","206767","20220710050000","941","1","嘉義縣","民雄鄉","120.430","23.555","1010"
"825","206768","20220710050000","694","1","嘉義縣","民雄鄉","120.435","23.555","723"
"379","206781","20220710050000","336","1","雲林縣","北港鎮","120.325","23.585","307"
"73","206786","20220710050000","885","0","雲林縣","北港鎮","120.295","23.575","68"
"229","206789","20220710050000","300","0","雲林縣","北港鎮","120.300","23.580","248"
"647","206790","20220710050000","659","0","雲林縣","北港鎮","120.305","23.580","606"
"61","206794","20220710050000","49","2","雲林縣","北港鎮","120.310","23.585","53"
"60","206797","20220710050000","587","0","雲林縣","北港鎮","120.310","23.590","63"
"264","206815","20220710050000","244","1","嘉義縣","大林鎮","120.465","23.600","364"
"359","206822","20220710050000","181","3","嘉義縣","大林鎮","120.470","23.605","357"
"69","206825","20220710050000","541","0","嘉義縣","大林鎮","120.485","23.605","66"
"258","206830","20220710050000","288","0","嘉義縣","民雄鄉","120.445","23.545","264"
"26","206834","20220710050000","31","0","嘉義縣","民雄鄉","120.440","23.550","32"
"163","206837","20220710050000","139","1","嘉義縣","民雄鄉","120.455","23.550","199"
"297","206858","20220710050000","316","0","嘉義縣","民雄鄉","120.480","23.535","407"
"62","206869","20220710050000","103","0","嘉義縣","民雄鄉","120.500","23.540","98"
"19","206879","20220710050000","26","0","嘉義縣","民雄鄉","120.415","23.560","19"
"26","206882","20220710050000","38","0","嘉義縣","民雄鄉","120.410","23.565","39"
"378","206905","20220710050000","236","3","雲林縣","水林鄉","120.230","23.585","341"
"124","206936","20220710050000","79","3","雲林縣","水林鄉","120.265","23.605","119"
"973","206940","20220710050000","1124","0","雲林縣","北港鎮","120.300","23.565","995"
"378","206943","20220710050000","182","3","雲林縣","北港鎮","120.310","23.575","397"
"443","206964","20220710050000","293","3","嘉義縣","新港鄉","120.360","23.590","518"
"41","206982","20220710050000","452","0","嘉義縣","新港鄉","120.370","23.555","42"
"279","206991","20220710050000","649","0","嘉義縣","新港鄉","120.350","23.555","359"
"495","206992","20220710050000","425","1","嘉義縣","新港鄉","120.355","23.555","468"
"37","206994","20220710050000","864","0","嘉義縣","新港鄉","120.350","23.560","44"
"578","206997","20220710050000","514","1","嘉義縣","新港鄉","120.320","23.565","596"
"13","207025","20220710050000","156","0","嘉義縣","新港鄉","120.335","23.540","10"
"657","207038","20220710050000","377","3","嘉義縣","新港鄉","120.345","23.555","835"
"32","207039","20220710050000","30","1","嘉義縣","新港鄉","120.345","23.560","39"
"18","207051","20220710050000","309","0","嘉義縣","新港鄉","120.375","23.560","25"
"21","207166","20220710050000","46","0","南投縣","信義鄉","120.915","23.545","25"
"112","207170","20220710050000","119","0","南投縣","信義鄉","120.870","23.550","120"
"120","207172","20220710050000","104","1","南投縣","信義鄉","120.880","23.550","130"
"24","207177","20220710050000","69","0","南投縣","信義鄉","120.905","23.550","37"
"282","207208","20220710050000","257","1","南投縣","信義鄉","120.905","23.565","291"
"384","207242","20220710050000","278","2","南投縣","信義鄉","120.890","23.590","391"
"1052","207256","20220710050000","1446","0","雲林縣","北港鎮","120.305","23.565","1042"
"202","207266","20220710050000","168","2","嘉義縣","新港鄉","120.310","23.565","186"
"2079","207275","20220710050000","1566","2","雲林縣","北港鎮","120.290","23.575","2076"
"122","207299","20220710050000","125","0","嘉義縣","梅山鄉","120.600","23.560","95"
"138","207304","20220710050000","175","0","嘉義縣","梅山鄉","120.595","23.565","110"
"219","207305","20220710050000","297","0","嘉義縣","梅山鄉","120.605","23.565","287"
"155","207326","20220710050000","195","0","嘉義縣","梅山鄉","120.625","23.550","150"
"334","207338","20220710050000","439","0","嘉義縣","梅山鄉","120.580","23.545","432"
"806","207352","20220710050000","1057","0","嘉義縣","梅山鄉","120.555","23.585","1087"
"710","207353","20220710050000","943","0","嘉義縣","梅山鄉","120.560","23.585","931"
"490","207356","20220710050000","430","1","嘉義縣","梅山鄉","120.550","23.590","476"
"408","207360","20220710050000","468","0","嘉義縣","大林鎮","120.450","23.605","555"
"32","207367","20220710050000","362","0","嘉義縣","大林鎮","120.525","23.595","30"
"116","207373","20220710050000","375","0","嘉義縣","大林鎮","120.500","23.605","126"
"867","207387","20220710050000","668","2","雲林縣","北港鎮","120.275","23.600","835"
"232","207403","20220710050000","261","0","雲林縣","北港鎮","120.325","23.595","249"
"494","207414","20220710050000","516","0","雲林縣","北港鎮","120.280","23.560","479"
"15","207432","20220710050000","262","0","雲林縣","口湖鄉","120.180","23.605","15"
"153","207435","20220710050000","160","0","雲林縣","古坑鄉","120.540","23.595","188"
"33","207462","20220710050000","139","0","雲林縣","古坑鄉","120.595","23.600","37"
"186","207463","20220710050000","141","2","雲林縣","古坑鄉","120.600","23.600","137"
"150","207465","20220710050000","103","2","雲林縣","古坑鄉","120.610","23.600","169"
"47","207467","20220710050000","20","3","雲林縣","古坑鄉","120.620","23.600","43"
"65","207494","20220710050000","53","2","雲林縣","古坑鄉","120.640","23.605","65"
"25","207498","20220710050000","127","0","雲林縣","古坑鄉","120.570","23.605","17"
"194","207505","20220710050000","255","0","嘉義縣","大林鎮","120.470","23.580","261"
"181","207507","20220710050000","341","0","嘉義縣","大林鎮","120.465","23.585","229"
"51","207511","20220710050000","49","1","嘉義縣","大林鎮","120.505","23.560","61"
"91","207523","20220710050000","212","0","嘉義縣","大林鎮","120.495","23.570","153"
"25","207556","20220710050000","216","0","嘉義縣","大林鎮","120.500","23.580","35"
"202","207564","20220710050000","182","1","嘉義縣","大林鎮","120.495","23.585","200"
"17","207576","20220710050000","270","0","嘉義縣","大林鎮","120.475","23.590","11"
"235","207578","20220710050000","279","0","嘉義縣","大林鎮","120.465","23.595","220"
"52","207592","20220710050000","532","0","嘉義縣","大林鎮","120.505","23.595","54"
"47","207596","20220710050000","32","2","嘉義縣","大林鎮","120.505","23.600","35"
"127","207602","20220710050000","131","0","嘉義縣","大林鎮","120.455","23.595","118"
"452","207604","20220710050000","801","0","嘉義縣","大林鎮","120.455","23.600","421"
"1142","207605","20220710050000","1339","0","嘉義縣","大林鎮","120.460","23.600","1134"
"142","207606","20220710050000","135","1","嘉義縣","大林鎮","120.460","23.605","134"
"216","207613","20220710050000","298","0","嘉義縣","大林鎮","120.445","23.610","282"
"23","207617","20220710050000","355","0","嘉義縣","大林鎮","120.445","23.595","23"
"1080","207626","20220710050000","920","1","嘉義縣","大林鎮","120.455","23.605","1228"
"173","207628","20220710050000","1607","0","雲林縣","水林鄉","120.240","23.570","191"
"514","207634","20220710050000","499","1","雲林縣","水林鄉","120.250","23.575","553"
"14","207650","20220710050000","12","1","雲林縣","水林鄉","120.265","23.535","16"
"195","207670","20220710050000","164","1","嘉義縣","溪口鄉","120.395","23.600","189"
"95","207674","20220710050000","78","2","嘉義縣","梅山鄉","120.575","23.560","74"
"170","207675","20220710050000","249","0","嘉義縣","梅山鄉","120.580","23.560","187"
"596","207684","20220710050000","868","0","嘉義縣","梅山鄉","120.565","23.575","782"
"30","207691","20220710050000","65","0","嘉義縣","梅山鄉","120.580","23.580","37"
"132","207701","20220710050000","49","3","嘉義縣","梅山鄉","120.600","23.565","118"
"32","207703","20220710050000","112","0","嘉義縣","梅山鄉","120.580","23.570","28"
"312","207707","20220710050000","152","3","嘉義縣","梅山鄉","120.595","23.570","404"
"88","207721","20220710050000","77","1","嘉義縣","梅山鄉","120.600","23.575","85"
"421","207727","20220710050000","541","0","嘉義縣","梅山鄉","120.555","23.545","554"
"64","207736","20220710050000","78","0","嘉義縣","梅山鄉","120.545","23.555","93"
"80","207753","20220710050000","48","3","嘉義縣","梅山鄉","120.715","23.535","67"
"45","207756","20220710050000","44","1","嘉義縣","梅山鄉","120.730","23.535","29"
"302","207761","20220710050000","199","3","嘉義縣","梅山鄉","120.710","23.540","266"
"158","207793","20220710050000","111","2","嘉義縣","梅山鄉","120.740","23.555","141"
"199","207860","20220710050000","249","0","雲林縣","古坑鄉","120.695","23.580","160"
"140","207910","20220710050000","76","3","雲林縣","古坑鄉","120.690","23.595","112"
"63","207945","20220710050000","54","1","雲林縣","古坑鄉","120.710","23.605","66"
"25","207964","20220710050000","18","2","雲林縣","古坑鄉","120.585","23.595","20"
"295","207970","20220710050000","150","3","雲林縣","古坑鄉","120.590","23.585","253"
"210","207983","20220710050000","164","2","雲林縣","古坑鄉","120.595","23.595","177"
"117","207985","20220710050000","74","3","雲林縣","古坑鄉","120.585","23.600","97"
"406","207988","20220710050000","385","1","雲林縣","口湖鄉","120.165","23.535","416"
"611","208006","20220710050000","733","0","雲林縣","口湖鄉","120.185","23.585","573"
"128","208021","20220710050000","78","3","嘉義縣","梅山鄉","120.625","23.570","90"
"232","208025","20220710050000","154","3","嘉義縣","梅山鄉","120.625","23.575","294"
"245","208030","20220710050000","325","0","嘉義縣","新港鄉","120.310","23.570","259"
"368","208049","20220710050000","328","1","雲林縣","口湖鄉","120.160","23.560","344"
"41","208080","20220710050000","209","0","雲林縣","口湖鄉","120.150","23.580","37"
"81","208091","20220710050000","14","3","雲林縣","口湖鄉","120.140","23.585","48"
"359","208131","20220710050000","252","2","嘉義縣","民雄鄉","120.410","23.570","326"
"433","208146","20220710050000","512","0","雲林縣","大埤鄉","120.370","23.610","588"
"522","208152","20220710050000","605","0","嘉義縣","梅山鄉","120.560","23.580","700"
"197","208158","20220710050000","172","1","嘉義縣","梅山鄉","120.560","23.565","187"
"234","208165","20220710050000","296","0","嘉義縣","梅山鄉","120.555","23.575","276"
"156","208171","20220710050000","284","0","嘉義縣","梅山鄉","120.680","23.535","158"
"138","208176","20220710050000","252","0","嘉義縣","梅山鄉","120.665","23.540","215"
"139","208180","20220710050000","102","2","嘉義縣","梅山鄉","120.685","23.540","112"
"291","208200","20220710050000","288","1","嘉義縣","梅山鄉","120.665","23.550","319"
"67","208203","20220710050000","34","3","嘉義縣","梅山鄉","120.680","23.550","35"
"113","208265","20220710050000","86","2","嘉義縣","梅山鄉","120.530","23.580","167"
"404","208301","20220710050000","231","3","嘉義縣","梅山鄉","120.525","23.550","256"
"367","208323","20220710050000","382","0","嘉義縣","民雄鄉","120.465","23.555","342"
"957","208324","20220710050000","1373","0","嘉義縣","民雄鄉","120.470","23.555","1198"
"101","208325","20220710050000","86","1","嘉義縣","民雄鄉","120.475","23.555","94"
"19","208326","20220710050000","18","1","嘉義縣","民雄鄉","120.480","23.555","17"
"347","208328","20220710050000","441","0","嘉義縣","民雄鄉","120.470","23.560","397"
"294","208329","20220710050000","378","0","嘉義縣","民雄鄉","120.475","23.560","393"
"44","208332","20220710050000","83","0","嘉義縣","民雄鄉","120.475","23.565","57"
"143","208340","20220710050000","111","2","嘉義縣","民雄鄉","120.410","23.545","139"
"587","208347","20220710050000","414","2","嘉義縣","民雄鄉","120.400","23.535","547"
"52","208352","20220710050000","449","0","嘉義縣","民雄鄉","120.460","23.535","45"
"424","208357","20220710050000","338","2","嘉義縣","民雄鄉","120.460","23.545","435"
"1275","208359","20220710050000","1221","1","嘉義縣","民雄鄉","120.425","23.560","1246"
"12","208360","20220710050000","10","2","嘉義縣","民雄鄉","120.430","23.560","11"
"40","208363","20220710050000","208","0","嘉義縣","民雄鄉","120.425","23.570","35"
"112","208371","20220710050000","142","0","嘉義縣","民雄鄉","120.430","23.575","98"
"303","208380","20220710050000","161","3","嘉義縣","民雄鄉","120.390","23.545","317"
"470","208390","20220710050000","284","3","嘉義縣","民雄鄉","120.420","23.540","459"
"101","208392","20220710050000","90","1","嘉義縣","民雄鄉","120.430","23.540","88"
"250","208407","20220710050000","182","2","雲林縣","口湖鄉","120.175","23.570","218"
"413","208415","20220710050000","337","2","雲林縣","口湖鄉","120.190","23.575","394"
"388","208452","20220710050000","435","0","嘉義縣","溪口鄉","120.430","23.585","443"
"10","208454","20220710050000","273","0","嘉義縣","溪口鄉","120.440","23.585","17"
"469","208468","20220710050000","583","0","嘉義縣","溪口鄉","120.385","23.595","617"
"216","208486","20220710050000","171","2","嘉義縣","溪口鄉","120.390","23.605","299"
"462","208497","20220710050000","538","0","嘉義縣","六腳鄉","120.300","23.560","449"
"383","208503","20220710050000","654","0","嘉義縣","六腳鄉","120.290","23.535","598"
"837","208508","20220710050000","460","3","雲林縣","口湖鄉","120.180","23.585","692"
"315","208528","20220710050000","226","2","雲林縣","口湖鄉","120.140","23.550","315"
"656","208546","20220710050000","314","3","雲林縣","口湖鄉","120.150","23.565","618"
"205","208554","20220710050000","208","0","雲林縣","水林鄉","120.270","23.565","216"
"1203","208568","20220710050000","907","2","雲林縣","口湖鄉","120.190","23.545","1176"
"345","208573","20220710050000","365","0","雲林縣","北港鎮","120.285","23.610","378"
"1167","208589","20220710050000","1400","0","雲林縣","北港鎮","120.300","23.570","1178"
"720","208590","20220710050000","848","0","雲林縣","北港鎮","120.300","23.575","740"
"58","208617","20220710050000","516","0","雲林縣","水林鄉","120.220","23.560","44"
"429","208629","20220710050000","274","3","雲林縣","水林鄉","120.205","23.575","397"
"433","208638","20220710050000","309","2","雲林縣","水林鄉","120.230","23.540","483"
"105","208647","20220710050000","364","0","雲林縣","水林鄉","120.250","23.550","100"
"171","208695","20220710050000","140","2","嘉義縣","竹崎鄉","120.555","23.540","149"
"126","208704","20220710050000","115","1","嘉義縣","竹崎鄉","120.560","23.540","113"
"69","208793","20220710050000","126","0","嘉義縣","阿里山鄉","120.750","23.570","22"
"66","208821","20220710050000","57","1","嘉義縣","阿里山鄉","120.750","23.580","126"
"41","208866","20220710050000","32","2","嘉義縣","阿里山鄉","120.750","23.590","34"
"75","209129","20220710050000","121","0","澎湖縣","湖西鄉","119.625","23.605","122"
"132","209899","20220710050000","122","1","澎湖縣","白沙鄉","119.570","23.615","111"
"26","209905","20220710050000","237","0","澎湖縣","白沙鄉","119.605","23.615","20"
"75","210790","20220710050000","34","3","花蓮縣","豐濱鄉","121.535","23.635","68"
"82","210927","20220710050000","112","0","澎湖縣","西嶼鄉","119.530","23.635","108"
"202","210940","20220710050000","229","0","澎湖縣","白沙鄉","119.600","23.635","263"
"18","211725","20220710050000","12","3","澎湖縣","白沙鄉","119.630","23.650","22"
"400","212241","20220710050000","216","3","澎湖縣","白沙鄉","119.655","23.660","392"
"553","212745","20220710050000","460","2","澎湖縣","白沙鄉","119.595","23.665","803"
"39","213442","20220710050000","13","3","澎湖縣","白沙鄉","119.555","23.660","19"
"28","213444","20220710050000","168","0","澎湖縣","白沙鄉","119.590","23.655","26"
"15","213447","20220710050000","21","0","澎湖縣","白沙鄉","119.600","23.650","20"
"10","213448","20220710050000","13","0","澎湖縣","白沙鄉","119.560","23.655","10"
"264","213454","20220710050000","120","3","澎湖縣","白沙鄉","119.560","23.660","250"
"118","213465","20220710050000","130","0","澎湖縣","白沙鄉","119.595","23.650","178"
"115","213491","20220710050000","134","0","澎湖縣","西嶼鄉","119.510","23.615","171"
"147","213509","20220710050000","202","0","澎湖縣","西嶼鄉","119.515","23.630","194"
"101","213516","20220710050000","104","0","澎湖縣","西嶼鄉","119.515","23.650","124"
"405","213554","20220710050000","417","0","花蓮縣","光復鄉","121.430","23.675","428"
"101","213627","20220710050000","102","0","花蓮縣","光復鄉","121.420","23.660","99"
"368","213652","20220710050000","291","2","花蓮縣","光復鄉","121.420","23.670","361"
"98","213675","20220710050000","72","2","花蓮縣","光復鄉","121.415","23.680","85"
"95","213820","20220710050000","55","3","花蓮縣","光復鄉","121.430","23.635","109"
"13","213864","20220710050000","172","0","雲林縣","四湖鄉","120.185","23.650","13"
"70","214398","20220710050000","39","3","花蓮縣","豐濱鄉","121.540","23.655","59"
"24","214415","20220710050000","19","2","花蓮縣","豐濱鄉","121.545","23.670","23"
"97","214424","20220710050000","51","3","花蓮縣","豐濱鄉","121.530","23.680","79"
"44","214495","20220710050000","29","3","花蓮縣","豐濱鄉","121.485","23.640","33"
"16","214506","20220710050000","168","0","雲林縣","四湖鄉","120.180","23.650","16"
"47","214521","20220710050000","18","3","雲林縣","四湖鄉","120.185","23.660","48"
"243","214544","20220710050000","227","1","雲林縣","四湖鄉","120.275","23.650","264"
"368","214550","20220710050000","259","2","雲林縣","元長鄉","120.275","23.660","347"
"239","214565","20220710050000","227","1","雲林縣","四湖鄉","120.200","23.640","237"
"75","214566","20220710050000","137","0","雲林縣","四湖鄉","120.205","23.640","35"
"522","214578","20220710050000","383","2","雲林縣","四湖鄉","120.220","23.615","484"
"39","214580","20220710050000","197","0","雲林縣","四湖鄉","120.170","23.640","38"
"280","214640","20220710050000","141","3","花蓮縣","光復鄉","121.450","23.655","290"
"165","214665","20220710050000","165","1","花蓮縣","光復鄉","121.405","23.625","165"
"142","214678","20220710050000","110","2","花蓮縣","光復鄉","121.415","23.645","154"
"35","214691","20220710050000","33","1","花蓮縣","光復鄉","121.415","23.655","46"
"264","214701","20220710050000","206","2","花蓮縣","光復鄉","121.430","23.665","282"
"406","214703","20220710050000","420","0","花蓮縣","光復鄉","121.425","23.670","397"
"665","214705","20220710050000","496","2","花蓮縣","光復鄉","121.420","23.665","657"
"108","214706","20220710050000","73","2","花蓮縣","光復鄉","121.425","23.665","120"
"477","214707","20220710050000","419","1","花蓮縣","光復鄉","121.450","23.660","519"
"230","214728","20220710050000","172","2","雲林縣","元長鄉","120.315","23.675","213"
"13","214731","20220710050000","127","0","雲林縣","元長鄉","120.310","23.680","14"
"34","214762","20220710050000","35","0","雲林縣","元長鄉","120.285","23.640","39"
"322","214797","20220710050000","474","0","雲林縣","元長鄉","120.375","23.645","354"
"207","214824","20220710050000","143","2","雲林縣","東勢鄉","120.260","23.665","183"
"25","214826","20220710050000","275","0","雲林縣","東勢鄉","120.250","23.670","25"
"18","214842","20220710050000","288","0","雲林縣","四湖鄉","120.150","23.625","14"
"34","214846","20220710050000","117","0","雲林縣","口湖鄉","120.155","23.630","35"
"462","214854","20220710050000","346","2","雲林縣","斗南鎮","120.440","23.685","434"
"704","214857","20220710050000","545","2","雲林縣","斗南鎮","120.485","23.685","729"
"153","214861","20220710050000","68","3","雲林縣","斗南鎮","120.490","23.640","143"
"318","214868","20220710050000","329","0","雲林縣","斗南鎮","120.430","23.670","318"
"286","214876","20220710050000","163","3","雲林縣","斗南鎮","120.445","23.675","298"
"1346","214886","20220710050000","1379","0","雲林縣","斗南鎮","120.475","23.665","1347"
"22","214887","20220710050000","194","0","雲林縣","大埤鄉","120.455","23.670","22"
"452","214890","20220710050000","386","1","雲林縣","斗南鎮","120.470","23.670","467"
"1801","214891","20220710050000","1739","1","雲林縣","斗南鎮","120.475","23.670","1792"
"682","214896","20220710050000","610","1","雲林縣","斗南鎮","120.470","23.675","681"
"92","214922","20220710050000","91","1","南投縣","鹿谷鄉","120.790","23.670","97"
"85","214931","20220710050000","49","3","南投縣","鹿谷鄉","120.790","23.675","99"
"381","214932","20220710050000","207","3","南投縣","鹿谷鄉","120.800","23.670","434"
"311","214936","20220710050000","211","2","南投縣","鹿谷鄉","120.795","23.675","234"
"212","214937","20220710050000","111","3","南投縣","鹿谷鄉","120.800","23.675","145"
"399","214940","20220710050000","273","2","南投縣","鹿谷鄉","120.795","23.680","349"
"380","214967","20220710050000","498","0","雲林縣","斗南鎮","120.485","23.640","344"
"461","214975","20220710050000","419","1","雲林縣","斗南鎮","120.480","23.665","492"
"424","214978","20220710050000","151","3","雲林縣","斗南鎮","120.485","23.670","421"
"54","215001","20220710050000","347","0","雲林縣","土庫鎮","120.390","23.665","77"
"557","215006","20220710050000","536","1","雲林縣","土庫鎮","120.380","23.675","521"
"1086","215009","20220710050000","988","1","雲林縣","土庫鎮","120.390","23.680","1087"
"38","215011","20220710050000","92","0","雲林縣","土庫鎮","120.385","23.685","33"
"283","215012","20220710050000","312","0","雲林縣","土庫鎮","120.390","23.685","319"
"163","215013","20220710050000","155","1","雲林縣","土庫鎮","120.365","23.660","205"
"169","215017","20220710050000","253","0","雲林縣","土庫鎮","120.370","23.665","237"
"142","215022","20220710050000","185","0","雲林縣","土庫鎮","120.375","23.670","148"
"311","215044","20220710050000","249","2","雲林縣","元長鄉","120.335","23.615","326"
"335","215049","20220710050000","410","0","雲林縣","元長鄉","120.335","23.620","344"
"48","215072","20220710050000","45","1","雲林縣","元長鄉","120.350","23.615","51"
"244","215075","20220710050000","299","0","雲林縣","元長鄉","120.340","23.635","274"
"41","215100","20220710050000","291","0","雲林縣","元長鄉","120.330","23.660","51"
"883","215115","20220710050000","338","3","雲林縣","口湖鄉","120.165","23.615","727"
"282","215539","20220710050000","239","1","南投縣","信義鄉","120.865","23.625","290"
"73","215550","20220710050000","37","3","南投縣","信義鄉","120.895","23.630","72"
"110","215558","20220710050000","97","1","南投縣","信義鄉","120.880","23.635","108"
"198","215647","20220710050000","155","2","南投縣","信義鄉","120.860","23.665","186"
"67","215656","20220710050000","52","2","南投縣","信義鄉","120.855","23.670","79"
"404","216356","20220710050000","288","2","雲林縣","北港鎮","120.295","23.615","381"
"47","216361","20220710050000","37","2","雲林縣","斗南鎮","120.485","23.675","54"
"41","216367","20220710050000","34","2","雲林縣","斗南鎮","120.500","23.680","44"
"29","216370","20220710050000","347","0","雲林縣","斗南鎮","120.480","23.650","26"
"117","216372","20220710050000","111","1","雲林縣","斗南鎮","120.490","23.650","124"
"458","216377","20220710050000","400","1","雲林縣","斗南鎮","120.475","23.660","466"
"23","216386","20220710050000","14","3","雲林縣","元長鄉","120.335","23.630","17"
"246","216394","20220710050000","193","2","雲林縣","元長鄉","120.355","23.620","239"
"777","216409","20220710050000","782","0","雲林縣","元長鄉","120.360","23.640","811"
"56","216416","20220710050000","65","0","雲林縣","水林鄉","120.250","23.615","58"
"764","216421","20220710050000","359","3","雲林縣","斗南鎮","120.480","23.675","793"
"91","216424","20220710050000","48","3","雲林縣","斗南鎮","120.480","23.670","89"
"16","216438","20220710050000","17","0","雲林縣","斗六市","120.525","23.670","24"
"181","216439","20220710050000","130","2","雲林縣","斗六市","120.530","23.670","206"
"17","216451","20220710050000","19","0","雲林縣","斗六市","120.625","23.685","14"
"58","216459","20220710050000","271","0","雲林縣","土庫鎮","120.345","23.665","53"
"107","216478","20220710050000","80","2","雲林縣","水林鄉","120.260","23.620","105"
"189","216482","20220710050000","195","0","雲林縣","水林鄉","120.265","23.625","168"
"876","216488","20220710050000","459","3","雲林縣","斗南鎮","120.470","23.680","864"
"583","216489","20220710050000","450","2","雲林縣","斗南鎮","120.475","23.680","536"
"1102","216490","20220710050000","855","2","雲林縣","斗南鎮","120.480","23.680","1149"
"59","216498","20220710050000","183","0","雲林縣","斗南鎮","120.515","23.645","57"
"363","216500","20220710050000","215","3","雲林縣","斗南鎮","120.505","23.650","334"
"452","216517","20220710050000","337","2","雲林縣","古坑鄉","120.540","23.660","433"
"320","216519","20220710050000","242","2","雲林縣","斗六市","120.525","23.665","319"
"98","216526","20220710050000","236","0","雲林縣","斗南鎮","120.465","23.685","99"
"12","216534","20220710050000","195","0","雲林縣","斗南鎮","120.535","23.650","12"
"263","216543","20220710050000","204","2","雲林縣","斗南鎮","120.505","23.665","270"
"21","216544","20220710050000","127","0","雲林縣","斗南鎮","120.495","23.670","16"
"169","216579","20220710050000","106","3","雲林縣","土庫鎮","120.345","23.660","149"
"101","216583","20220710050000","1163","0","雲林縣","土庫鎮","120.390","23.675","98"
"463","216589","20220710050000","410","1","雲林縣","土庫鎮","120.355","23.685","458"
"85","216593","20220710050000","116","0","雲林縣","北港鎮","120.270","23.615","95"
"48","216595","20220710050000","252","0","雲林縣","大埤鄉","120.465","23.635","56"
"15","216597","20220710050000","138","0","雲林縣","大埤鄉","120.465","23.640","18"
"38","216607","20220710050000","255","0","雲林縣","大埤鄉","120.450","23.650","40"
"89","216617","20220710050000","111","0","南投縣","信義鄉","120.810","23.665","88"
"219","216682","20220710050000","96","3","南投縣","信義鄉","120.865","23.640","221"
"27","216694","20220710050000","30","0","南投縣","信義鄉","120.875","23.660","22"
"21","216718","20220710050000","160","0","雲林縣","古坑鄉","120.565","23.625","24"
"68","216737","20220710050000","876","0","雲林縣","古坑鄉","120.565","23.640","75"
"11","216744","20220710050000","148","0","雲林縣","古坑鄉","120.575","23.645","17"
"11","216747","20220710050000","87","0","雲林縣","古坑鄉","120.585","23.645","11"
"26","216754","20220710050000","166","0","雲林縣","古坑鄉","120.550","23.610","33"
"14","216760","20220710050000","21","0","雲林縣","古坑鄉","120.545","23.615","11"
"16","216766","20220710050000","170","0","雲林縣","古坑鄉","120.540","23.620","17"
"12","216791","20220710050000","40","0","雲林縣","古坑鄉","120.605","23.670","12"
"27","216800","20220710050000","113","0","雲林縣","古坑鄉","120.590","23.685","25"
"344","216807","20220710050000","327","1","雲林縣","古坑鄉","120.565","23.645","323"
"31","216821","20220710050000","24","2","雲林縣","古坑鄉","120.605","23.655","28"
"232","216832","20220710050000","287","0","雲林縣","古坑鄉","120.575","23.675","230"
"96","216841","20220710050000","559","0","雲林縣","古坑鄉","120.570","23.685","107"
"255","216889","20220710050000","225","1","雲林縣","古坑鄉","120.600","23.685","255"
"17","216891","20220710050000","329","0","雲林縣","古坑鄉","120.610","23.685","22"
"408","216901","20220710050000","251","3","雲林縣","古坑鄉","120.635","23.615","377"
"75","216906","20220710050000","65","1","雲林縣","古坑鄉","120.640","23.620","78"
"35","216928","20220710050000","383","0","雲林縣","古坑鄉","120.560","23.670","34"
"32","216932","20220710050000","25","2","雲林縣","古坑鄉","120.570","23.610","33"
"51","216938","20220710050000","54","0","雲林縣","古坑鄉","120.575","23.615","62"
"288","216939","20220710050000","239","2","雲林縣","古坑鄉","120.580","23.615","253"
"74","216944","20220710050000","500","0","雲林縣","古坑鄉","120.560","23.620","88"
"51","216948","20220710050000","40","2","雲林縣","古坑鄉","120.580","23.620","58"
"240","216990","20220710050000","325","0","嘉義縣","大林鎮","120.470","23.620","302"
"22","217022","20220710050000","21","1","嘉義縣","大林鎮","120.490","23.615","30"
"18","217030","20220710050000","234","0","嘉義縣","大林鎮","120.420","23.615","14"
"378","217035","20220710050000","360","1","嘉義縣","大林鎮","120.435","23.620","492"
"24","217047","20220710050000","31","0","嘉義縣","大林鎮","120.460","23.620","18"
"68","217057","20220710050000","372","0","雲林縣","大埤鄉","120.395","23.625","73"
"45","217065","20220710050000","292","0","雲林縣","大埤鄉","120.380","23.620","42"
"29","217073","20220710050000","183","0","雲林縣","大埤鄉","120.425","23.665","26"
"28","217076","20220710050000","36","0","雲林縣","大埤鄉","120.415","23.665","33"
"34","217087","20220710050000","229","0","雲林縣","大埤鄉","120.470","23.655","34"
"77","217105","20220710050000","523","0","雲林縣","古坑鄉","120.555","23.625","74"
"87","217110","20220710050000","202","0","雲林縣","古坑鄉","120.555","23.630","100"
"17","217112","20220710050000","117","0","雲林縣","古坑鄉","120.550","23.640","24"
"21","217135","20220710050000","11","3","雲林縣","土庫鎮","120.395","23.680","23"
"39","217149","20220710050000","73","0","雲林縣","古坑鄉","120.710","23.610","38"
"52","217196","20220710050000","19","3","雲林縣","古坑鄉","120.590","23.650","36"
"53","217209","20220710050000","209","0","雲林縣","古坑鄉","120.575","23.665","41"
"831","217221","20220710050000","415","3","雲林縣","古坑鄉","120.560","23.650","791"
"83","217222","20220710050000","120","0","雲林縣","古坑鄉","120.560","23.655","92"
"25","217230","20220710050000","96","0","雲林縣","古坑鄉","120.515","23.625","28"
"51","217236","20220710050000","98","0","雲林縣","古坑鄉","120.525","23.630","45"
"20","217239","20220710050000","35","0","雲林縣","古坑鄉","120.520","23.635","17"
"49","217259","20220710050000","46","1","雲林縣","大埤鄉","120.420","23.625","48"
"42","217266","20220710050000","420","0","雲林縣","大埤鄉","120.420","23.635","25"
"395","217403","20220710050000","393","1","嘉義縣","溪口鄉","120.410","23.615","508"
"189","217423","20220710050000","108","3","雲林縣","大埤鄉","120.410","23.640","170"
"103","217432","20220710050000","772","0","雲林縣","大埤鄉","120.430","23.645","102"
"13","217442","20220710050000","170","0","雲林縣","大埤鄉","120.415","23.660","30"
"283","217449","20220710050000","95","3","雲林縣","東勢鄉","120.300","23.680","267"
"54","217458","20220710050000","326","0","雲林縣","東勢鄉","120.265","23.675","55"
"87","217463","20220710050000","409","0","雲林縣","東勢鄉","120.255","23.685","91"
"65","217467","20220710050000","720","0","雲林縣","東勢鄉","120.255","23.675","61"
"140","217468","20220710050000","119","1","雲林縣","東勢鄉","120.250","23.680","142"
"64","217492","20220710050000","219","0","雲林縣","四湖鄉","120.155","23.650","70"
"69","217497","20220710050000","152","0","雲林縣","四湖鄉","120.155","23.655","32"
"68","217526","20220710050000","75","0","雲林縣","元長鄉","120.320","23.615","77"
"20","217532","20220710050000","374","0","雲林縣","元長鄉","120.320","23.625","20"
"109","217546","20220710050000","63","3","雲林縣","四湖鄉","120.190","23.620","110"
"649","217561","20220710050000","731","0","雲林縣","四湖鄉","120.230","23.635","641"
"301","217585","20220710050000","321","0","雲林縣","斗六市","120.525","23.675","273"
"259","217589","20220710050000","189","2","雲林縣","斗六市","120.520","23.680","268"
"80","217593","20220710050000","514","0","雲林縣","斗六市","120.510","23.685","76"
"60","217594","20220710050000","244","0","雲林縣","斗六市","120.515","23.685","43"
"228","217597","20220710050000","127","3","雲林縣","斗南鎮","120.470","23.630","219"
"25","217604","20220710050000","15","3","雲林縣","斗南鎮","120.480","23.640","26"
"197","217605","20220710050000","23","3","雲林縣","四湖鄉","120.140","23.620","151"
"114","217610","20220710050000","89","2","雲林縣","四湖鄉","120.150","23.630","100"
"1144","217637","20220710050000","798","2","雲林縣","口湖鄉","120.160","23.610","1150"
"20","217641","20220710050000","210","0","雲林縣","元長鄉","120.310","23.615","11"
"453","217646","20220710050000","463","0","雲林縣","元長鄉","120.305","23.625","435"
"255","217654","20220710050000","176","2","雲林縣","元長鄉","120.325","23.655","238"
"270","217663","20220710050000","181","2","雲林縣","元長鄉","120.315","23.640","269"
"290","217673","20220710050000","1789","0","雲林縣","元長鄉","120.315","23.650","272"
"46","217674","20220710050000","90","0","雲林縣","元長鄉","120.300","23.655","60"
"125","217701","20220710050000","117","1","雲林縣","斗六市","120.560","23.675","110"
"11","217703","20220710050000","38","0","雲林縣","斗六市","120.555","23.680","11"
"354","217705","20220710050000","250","2","雲林縣","古坑鄉","120.565","23.680","338"
"48","217707","20220710050000","273","0","雲林縣","斗六市","120.550","23.685","13"
"140","217708","20220710050000","109","2","雲林縣","斗六市","120.555","23.685","113"
"122","217711","20220710050000","703","0","雲林縣","斗六市","120.540","23.675","116"
"19","217712","20220710050000","124","0","雲林縣","斗六市","120.545","23.675","20"
"946","217716","20220710050000","624","3","雲林縣","斗六市","120.545","23.680","907"
"400","217718","20220710050000","433","0","雲林縣","斗六市","120.540","23.685","399"
"26","217728","20220710050000","372","0","雲林縣","大埤鄉","120.450","23.665","42"
"291","217747","20220710050000","211","2","雲林縣","四湖鄉","120.220","23.635","279"
"673","217753","20220710050000","595","1","雲林縣","四湖鄉","120.225","23.645","634"
"80","217774","20220710050000","455","0","雲林縣","四湖鄉","120.175","23.680","54"
"235","217781","20220710050000","203","1","雲林縣","口湖鄉","120.200","23.615","247"
"194","217799","20220710050000","167","1","雲林縣","四湖鄉","120.215","23.635","199"
"600","217801","20220710050000","560","1","雲林縣","四湖鄉","120.225","23.635","634"
"47","217817","20220710050000","140","0","雲林縣","虎尾鎮","120.405","23.680","60"
"19","217819","20220710050000","87","0","雲林縣","虎尾鎮","120.415","23.680","35"
"399","217821","20220710050000","368","1","雲林縣","虎尾鎮","120.410","23.685","365"
"114","217830","20220710050000","97","1","南投縣","竹山鎮","120.660","23.670","110"
"69","217842","20220710050000","586","0","雲林縣","大埤鄉","120.450","23.630","79"
"24","217845","20220710050000","226","0","雲林縣","大埤鄉","120.465","23.630","18"
"36","217877","20220710050000","177","0","雲林縣","大埤鄉","120.395","23.650","39"
"283","217883","20220710050000","205","2","雲林縣","大埤鄉","120.400","23.655","281"
"30","217899","20220710050000","167","0","南投縣","竹山鎮","120.670","23.670","36"
"244","218047","20220710050000","207","1","南投縣","竹山鎮","120.795","23.630","225"
"36","218070","20220710050000","24","3","南投縣","竹山鎮","120.795","23.635","42"
"271","218092","20220710050000","183","2","南投縣","竹山鎮","120.790","23.640","336"
"163","218153","20220710050000","168","0","南投縣","竹山鎮","120.765","23.655","107"
"37","218168","20220710050000","38","0","南投縣","竹山鎮","120.745","23.660","48"
"311","218218","20220710050000","463","0","南投縣","竹山鎮","120.760","23.675","287"
"109","218283","20220710050000","134","0","南投縣","竹山鎮","120.655","23.645","89"
"154","218348","20220710050000","108","2","南投縣","竹山鎮","120.665","23.650","157"
"173","218364","20220710050000","105","3","南投縣","竹山鎮","120.665","23.660","157"
"601","218380","20220710050000","320","3","雲林縣","台西鄉","120.210","23.675","495"
"16","218386","20220710050000","196","0","雲林縣","台西鄉","120.225","23.680","22"
"49","218399","20220710050000","366","0","雲林縣","台西鄉","120.180","23.680","44"
"50","218413","20220710050000","190","0","雲林縣","台西鄉","120.210","23.665","45"
"53","219194","20220710050000","27","3","花蓮縣","豐濱鄉","121.555","23.695","49"
"414","222539","20220710050000","350","1","澎湖縣","白沙鄉","119.610","23.750","390"
"148","223443","20220710050000","49","3","澎湖縣","白沙鄉","119.610","23.745","89"
"644","223474","20220710050000","349","3","花蓮縣","鳳林鎮","121.445","23.745","630"
"106","223481","20220710050000","42","3","花蓮縣","鳳林鎮","121.445","23.750","104"
"124","223503","20220710050000","128","0","花蓮縣","光復鄉","121.410","23.685","125"
"20","223515","20220710050000","10","3","花蓮縣","光復鄉","121.485","23.690","17"
"355","223610","20220710050000","367","0","雲林縣","二崙鄉","120.420","23.755","340"
"20","223616","20220710050000","55","0","雲林縣","二崙鄉","120.425","23.755","18"
"138","223971","20220710050000","67","3","花蓮縣","鳳林鎮","121.455","23.745","149"
"256","223986","20220710050000","205","2","花蓮縣","鳳林鎮","121.465","23.755","262"
"230","224005","20220710050000","119","3","花蓮縣","鳳林鎮","121.505","23.710","234"
"76","224077","20220710050000","40","3","花蓮縣","鳳林鎮","121.500","23.760","64"
"36","224149","20220710050000","26","2","花蓮縣","鳳林鎮","121.410","23.700","37"
"340","224179","20220710050000","497","0","花蓮縣","鳳林鎮","121.420","23.710","329"
"20","224210","20220710050000","14","2","花蓮縣","萬榮鄉","121.395","23.715","19"
"48","224212","20220710050000","59","0","花蓮縣","萬榮鄉","121.405","23.715","47"
"546","224231","20220710050000","292","3","花蓮縣","鳳林鎮","121.450","23.750","561"
"270","224245","20220710050000","199","2","花蓮縣","鳳林鎮","121.440","23.725","277"
"891","224262","20220710050000","977","0","花蓮縣","鳳林鎮","121.450","23.745","855"
"512","224270","20220710050000","420","2","雲林縣","土庫鎮","120.365","23.705","492"
"45","224272","20220710050000","259","0","雲林縣","土庫鎮","120.365","23.710","43"
"14","224301","20220710050000","90","0","雲林縣","二崙鄉","120.410","23.750","15"
"446","224303","20220710050000","424","1","雲林縣","二崙鄉","120.410","23.755","421"
"258","224441","20220710050000","44","3","花蓮縣","萬榮鄉","121.400","23.705","261"
"233","224591","20220710050000","200","1","花蓮縣","鳳林鎮","121.450","23.760","213"
"80","224688","20220710050000","42","3","花蓮縣","豐濱鄉","121.560","23.730","55"
"20","224707","20220710050000","142","0","雲林縣","二崙鄉","120.395","23.750","23"
"21","224725","20220710050000","72","0","雲林縣","元長鄉","120.330","23.690","23"
"345","224731","20220710050000","278","2","雲林縣","斗六市","120.565","23.730","309"
"758","224732","20220710050000","584","2","雲林縣","斗六市","120.555","23.735","751"
"14","224733","20220710050000","15","0","雲林縣","斗六市","120.560","23.735","14"
"509","224734","20220710050000","229","3","雲林縣","斗六市","120.565","23.735","519"
"271","224735","20220710050000","211","2","雲林縣","斗六市","120.550","23.740","240"
"71","224737","20220710050000","81","0","雲林縣","斗六市","120.560","23.740","84"
"242","224742","20220710050000","216","1","雲林縣","斗六市","120.560","23.745","232"
"445","224761","20220710050000","448","0","雲林縣","褒忠鄉","120.280","23.705","467"
"343","224763","20220710050000","276","2","雲林縣","東勢鄉","120.270","23.710","339"
"151","224805","20220710050000","115","2","雲林縣","東勢鄉","120.255","23.735","141"
"250","224806","20220710050000","195","2","雲林縣","斗南鎮","120.485","23.690","239"
"367","224834","20220710050000","421","0","南投縣","鹿谷鄉","120.795","23.690","358"
"178","224863","20220710050000","180","0","南投縣","鹿谷鄉","120.780","23.720","148"
"236","224872","20220710050000","199","1","南投縣","鹿谷鄉","120.745","23.760","246"
"89","224873","20220710050000","60","2","南投縣","鹿谷鄉","120.725","23.765","84"
"312","224875","20220710050000","286","1","南投縣","鹿谷鄉","120.735","23.765","301"
"444","224896","20220710050000","419","1","南投縣","鹿谷鄉","120.780","23.705","428"
"15","224917","20220710050000","109","0","雲林縣","土庫鎮","120.365","23.730","13"
"228","224920","20220710050000","213","1","雲林縣","土庫鎮","120.385","23.690","228"
"415","224923","20220710050000","256","3","雲林縣","土庫鎮","120.390","23.695","411"
"61","224936","20220710050000","329","0","南投縣","鹿谷鄉","120.770","23.730","66"
"315","224950","20220710050000","417","0","南投縣","鹿谷鄉","120.760","23.740","319"
"480","224951","20220710050000","443","1","南投縣","鹿谷鄉","120.765","23.740","482"
"14","224954","20220710050000","18","0","南投縣","鹿谷鄉","120.770","23.745","14"
"243","224973","20220710050000","1142","0","南投縣","鹿谷鄉","120.775","23.750","237"
"467","225062","20220710050000","430","1","南投縣","鹿谷鄉","120.755","23.725","387"
"12","225085","20220710050000","22","0","南投縣","鹿谷鄉","120.740","23.730","29"
"51","225138","20220710050000","67","0","南投縣","鹿谷鄉","120.820","23.720","53"
"524","225159","20220710050000","582","0","南投縣","鹿谷鄉","120.790","23.730","545"
"361","225192","20220710050000","350","1","南投縣","鹿谷鄉","120.755","23.745","348"
"667","225195","20220710050000","478","2","南投縣","鹿谷鄉","120.755","23.750","714"
"154","225196","20220710050000","156","0","南投縣","鹿谷鄉","120.745","23.755","133"
"424","225206","20220710050000","336","2","雲林縣","麥寮鄉","120.185","23.760","413"
"48","225208","20220710050000","48","1","雲林縣","麥寮鄉","120.175","23.765","51"
"861","225215","20220710050000","896","0","雲林縣","斗六市","120.575","23.725","881"
"168","225247","20220710050000","121","2","南投縣","信義鄉","120.850","23.695","183"
"211","225254","20220710050000","157","2","南投縣","信義鄉","120.885","23.695","203"
"148","225259","20220710050000","126","1","南投縣","信義鄉","120.850","23.700","145"
"235","225307","20220710050000","180","2","南投縣","信義鄉","120.850","23.685","237"
"135","225309","20220710050000","122","1","南投縣","信義鄉","120.850","23.690","136"
"201","225972","20220710050000","168","1","雲林縣","斗南鎮","120.500","23.690","191"
"490","225977","20220710050000","480","1","雲林縣","斗南鎮","120.480","23.700","508"
"210","225978","20220710050000","185","1","雲林縣","斗南鎮","120.485","23.700","216"
"334","225980","20220710050000","420","0","雲林縣","斗南鎮","120.495","23.700","349"
"25","225991","20220710050000","106","0","雲林縣","斗六市","120.500","23.710","29"
"251","226020","20220710050000","176","2","南投縣","水里鄉","120.855","23.730","229"
"1629","226032","20220710050000","854","3","雲林縣","斗六市","120.535","23.700","1560"
"1228","226033","20220710050000","436","3","雲林縣","斗六市","120.540","23.705","1197"
"1016","226034","20220710050000","820","2","雲林縣","斗六市","120.555","23.710","1093"
"1220","226037","20220710050000","1220","1","雲林縣","斗六市","120.555","23.715","1211"
"1347","226039","20220710050000","847","3","雲林縣","斗六市","120.525","23.695","1339"
"878","226040","20220710050000","671","2","雲林縣","斗六市","120.530","23.695","870"
"131","226041","20220710050000","93","2","雲林縣","斗六市","120.530","23.700","132"
"2918","226042","20220710050000","1561","3","雲林縣","斗六市","120.535","23.705","3209"
"76","226047","20220710050000","65","1","雲林縣","斗六市","120.560","23.725","75"
"361","226050","20220710050000","407","0","雲林縣","斗六市","120.530","23.730","379"
"65","226056","20220710050000","341","0","雲林縣","斗六市","120.530","23.735","85"
"15","226057","20220710050000","20","0","雲林縣","斗六市","120.535","23.735","19"
"191","226058","20220710050000","189","1","雲林縣","斗六市","120.540","23.735","189"
"369","226062","20220710050000","252","2","雲林縣","斗六市","120.540","23.740","405"
"10","226065","20220710050000","12","0","雲林縣","斗六市","120.505","23.690","13"
"35","226070","20220710050000","30","1","雲林縣","斗六市","120.505","23.700","29"
"294","226075","20220710050000","233","2","雲林縣","斗六市","120.510","23.705","295"
"605","226079","20220710050000","486","2","雲林縣","斗六市","120.525","23.690","642"
"152","226080","20220710050000","557","0","雲林縣","斗六市","120.530","23.690","150"
"422","226081","20220710050000","355","1","雲林縣","斗六市","120.535","23.690","431"
"677","226083","20220710050000","487","2","雲林縣","斗六市","120.595","23.710","675"
"19","226086","20220710050000","81","0","雲林縣","斗六市","120.590","23.715","14"
"170","226091","20220710050000","151","1","雲林縣","斗六市","120.595","23.715","172"
"23","226098","20220710050000","28","0","雲林縣","斗六市","120.625","23.695","17"
"184","226124","20220710050000","151","2","雲林縣","斗六市","120.600","23.715","197"
"20","226125","20220710050000","19","1","雲林縣","斗六市","120.610","23.715","23"
"16","226131","20220710050000","43","0","雲林縣","斗六市","120.605","23.715","20"
"1895","226137","20220710050000","1137","3","雲林縣","斗六市","120.540","23.700","1846"
"102","226143","20220710050000","112","0","雲林縣","斗六市","120.505","23.715","116"
"542","226146","20220710050000","422","2","雲林縣","斗六市","120.525","23.715","550"
"420","226149","20220710050000","303","2","雲林縣","斗六市","120.505","23.720","385"
"70","226151","20220710050000","71","0","雲林縣","斗六市","120.515","23.720","69"
"631","226153","20220710050000","603","1","雲林縣","斗六市","120.525","23.720","638"
"582","226159","20220710050000","447","2","雲林縣","斗六市","120.520","23.725","579"
"112","226168","20220710050000","1089","0","雲林縣","土庫鎮","120.355","23.705","119"
"23","226173","20220710050000","169","0","雲林縣","斗南鎮","120.475","23.690","27"
"245","226174","20220710050000","177","2","雲林縣","斗南鎮","120.480","23.690","229"
"251","226175","20220710050000","205","2","雲林縣","斗南鎮","120.465","23.695","241"
"155","226182","20220710050000","146","1","雲林縣","崙背鄉","120.345","23.755","153"
"49","226190","20220710050000","423","0","雲林縣","崙背鄉","120.305","23.755","42"
"196","226206","20220710050000","147","2","雲林縣","土庫鎮","120.345","23.695","198"
"33","226232","20220710050000","349","0","南投縣","水里鄉","120.845","23.745","38"
"86","226253","20220710050000","44","3","南投縣","水里鄉","120.855","23.765","87"
"496","226259","20220710050000","407","2","雲林縣","虎尾鎮","120.445","23.705","504"
"412","226261","20220710050000","365","1","雲林縣","虎尾鎮","120.455","23.705","369"
"1164","226263","20220710050000","1135","1","雲林縣","虎尾鎮","120.450","23.710","1217"
"421","226265","20220710050000","165","3","雲林縣","虎尾鎮","120.445","23.710","444"
"390","226266","20220710050000","420","0","雲林縣","虎尾鎮","120.450","23.715","416"
"279","226267","20220710050000","163","3","雲林縣","虎尾鎮","120.415","23.715","291"
"628","226268","20220710050000","475","2","雲林縣","虎尾鎮","120.420","23.715","664"
"354","226277","20220710050000","330","1","雲林縣","虎尾鎮","120.420","23.725","368"
"637","226286","20220710050000","472","2","雲林縣","虎尾鎮","120.425","23.735","617"
"381","226287","20220710050000","346","1","雲林縣","虎尾鎮","120.415","23.740","392"
"260","226291","20220710050000","254","1","雲林縣","斗六市","120.575","23.715","260"
"353","226293","20220710050000","387","0","雲林縣","斗六市","120.580","23.720","349"
"551","226294","20220710050000","563","0","雲林縣","斗六市","120.585","23.720","588"
"312","226298","20220710050000","290","1","雲林縣","斗六市","120.585","23.725","316"
"38","226299","20220710050000","99","0","雲林縣","斗六市","120.590","23.725","39"
"87","226300","20220710050000","74","1","雲林縣","斗六市","120.595","23.725","86"
"298","226302","20220710050000","229","2","雲林縣","斗六市","120.590","23.730","312"
"72","226669","20220710050000","460","0","雲林縣","崙背鄉","120.380","23.750","75"
"356","226678","20220710050000","160","3","雲林縣","崙背鄉","120.375","23.760","306"
"488","226684","20220710050000","374","2","雲林縣","斗六市","120.560","23.695","486"
"165","226686","20220710050000","139","1","雲林縣","斗六市","120.555","23.700","153"
"343","226687","20220710050000","147","3","雲林縣","斗六市","120.560","23.700","367"
"330","226689","20220710050000","283","1","雲林縣","斗六市","120.560","23.705","350"
"536","226695","20220710050000","562","0","雲林縣","斗六市","120.575","23.700","532"
"31","226701","20220710050000","237","0","雲林縣","斗六市","120.605","23.700","42"
"25","226707","20220710050000","17","2","雲林縣","斗六市","120.600","23.705","19"
"841","226714","20220710050000","279","3","雲林縣","虎尾鎮","120.430","23.715","864"
"327","226715","20220710050000","382","0","雲林縣","虎尾鎮","120.440","23.715","309"
"36","226718","20220710050000","133","0","雲林縣","斗六市","120.570","23.690","38"
"127","226726","20220710050000","104","2","雲林縣","古坑鄉","120.605","23.695","113"
"188","226731","20220710050000","171","1","雲林縣","虎尾鎮","120.400","23.715","186"
"64","226733","20220710050000","377","0","雲林縣","虎尾鎮","120.410","23.715","55"
"484","226737","20220710050000","552","0","雲林縣","虎尾鎮","120.445","23.715","483"
"103","226738","20220710050000","67","3","雲林縣","虎尾鎮","120.445","23.720","127"
"590","226739","20220710050000","533","1","雲林縣","虎尾鎮","120.450","23.720","576"
"561","226749","20220710050000","387","2","雲林縣","東勢鄉","120.250","23.715","553"
"498","226761","20220710050000","301","3","雲林縣","莿桐鄉","120.500","23.750","476"
"376","226763","20220710050000","227","3","雲林縣","莿桐鄉","120.510","23.750","352"
"85","226767","20220710050000","877","0","雲林縣","莿桐鄉","120.500","23.760","71"
"31","226768","20220710050000","428","0","雲林縣","莿桐鄉","120.505","23.760","41"
"16","226770","20220710050000","24","0","雲林縣","莿桐鄉","120.500","23.765","20"
"320","226788","20220710050000","279","1","雲林縣","虎尾鎮","120.405","23.700","317"
"424","226802","20220710050000","353","2","雲林縣","虎尾鎮","120.460","23.710","421"
"59","226804","20220710050000","49","2","雲林縣","虎尾鎮","120.470","23.710","57"
"493","226807","20220710050000","524","0","雲林縣","虎尾鎮","120.470","23.715","498"
"235","226810","20220710050000","149","3","雲林縣","虎尾鎮","120.460","23.715","208"
"258","226820","20220710050000","191","2","雲林縣","東勢鄉","120.245","23.690","217"
"159","226828","20220710050000","147","1","雲林縣","林內鄉","120.595","23.735","162"
"83","226841","20220710050000","746","0","雲林縣","林內鄉","120.595","23.750","73"
"23","226857","20220710050000","241","0","雲林縣","林內鄉","120.635","23.755","21"
"821","226870","20220710050000","794","1","雲林縣","林內鄉","120.610","23.755","841"
"422","226877","20220710050000","390","1","雲林縣","林內鄉","120.615","23.765","415"
"57","226880","20220710050000","579","0","雲林縣","林內鄉","120.620","23.765","69"
"449","226886","20220710050000","394","1","雲林縣","林內鄉","120.615","23.760","455"
"13","226903","20220710050000","58","0","雲林縣","林內鄉","120.620","23.745","16"
"21","226920","20220710050000","61","0","雲林縣","林內鄉","120.625","23.720","20"
"192","226924","20220710050000","169","1","雲林縣","林內鄉","120.610","23.725","186"
"43","226957","20220710050000","147","0","雲林縣","林內鄉","120.590","23.760","54"
"1541","226964","20220710050000","2036","0","雲林縣","斗六市","120.555","23.705","1551"
"1332","226965","20220710050000","740","3","雲林縣","斗六市","120.530","23.715","1266"
"601","226966","20220710050000","308","3","雲林縣","斗六市","120.535","23.710","588"
"1358","226967","20220710050000","1304","1","雲林縣","斗六市","120.535","23.715","1268"
"105","227221","20220710050000","30","3","雲林縣","斗六市","120.545","23.720","105"
"212","227224","20220710050000","244","0","雲林縣","斗六市","120.540","23.725","207"
"40","227240","20220710050000","207","0","雲林縣","東勢鄉","120.270","23.705","34"
"30","227244","20220710050000","218","0","雲林縣","東勢鄉","120.285","23.690","11"
"374","227262","20220710050000","268","2","雲林縣","東勢鄉","120.250","23.705","354"
"109","227268","20220710050000","78","2","雲林縣","西螺鎮","120.460","23.760","115"
"1351","227273","20220710050000","584","3","雲林縣","斗六市","120.545","23.715","1314"
"104","227274","20220710050000","105","0","雲林縣","斗六市","120.565","23.710","102"
"851","227276","20220710050000","773","1","雲林縣","斗六市","120.565","23.715","852"
"207","227279","20220710050000","218","0","雲林縣","斗六市","120.560","23.715","225"
"483","227280","20220710050000","387","2","雲林縣","斗六市","120.565","23.720","448"
"44","227287","20220710050000","407","0","雲林縣","土庫鎮","120.345","23.705","41"
"205","227301","20220710050000","95","3","雲林縣","斗六市","120.520","23.695","210"
"21","227302","20220710050000","39","0","雲林縣","斗六市","120.520","23.700","23"
"371","227303","20220710050000","409","0","雲林縣","斗六市","120.525","23.700","388"
"11","227305","20220710050000","81","0","雲林縣","斗六市","120.525","23.705","12"
"61","227306","20220710050000","1383","0","雲林縣","斗六市","120.530","23.705","61"
"22","227309","20220710050000","47","0","雲林縣","斗六市","120.525","23.710","23"
"205","227316","20220710050000","162","2","雲林縣","斗六市","120.515","23.715","184"
"44","227320","20220710050000","157","0","雲林縣","斗六市","120.565","23.695","36"
"790","227328","20220710050000","1011","0","雲林縣","斗六市","120.540","23.710","758"
"1054","227329","20220710050000","714","2","雲林縣","斗六市","120.540","23.715","1063"
"949","227330","20220710050000","885","1","雲林縣","斗六市","120.550","23.715","954"
"14","227339","20220710050000","231","0","雲林縣","斗六市","120.565","23.750","12"
"1941","227348","20220710050000","1497","2","雲林縣","斗六市","120.545","23.710","1908"
"315","227349","20220710050000","547","0","雲林縣","斗六市","120.540","23.690","391"
"160","227350","20220710050000","885","0","雲林縣","斗六市","120.550","23.710","164"
"300","227351","20220710050000","112","3","雲林縣","崙背鄉","120.360","23.755","288"
"61","227355","20220710050000","239","0","雲林縣","崙背鄉","120.370","23.755","62"
"747","227359","20220710050000","977","0","雲林縣","崙背鄉","120.350","23.760","801"
"178","227365","20220710050000","171","1","雲林縣","崙背鄉","120.330","23.750","184"
"438","227373","20220710050000","230","3","雲林縣","崙背鄉","120.315","23.755","450"
"16","227383","20220710050000","180","0","雲林縣","崙背鄉","120.335","23.760","15"
"198","227395","20220710050000","218","0","雲林縣","西螺鎮","120.435","23.755","189"
"142","227444","20220710050000","545","0","雲林縣","台西鄉","120.200","23.715","119"
"114","227446","20220710050000","84","2","雲林縣","台西鄉","120.210","23.715","105"
"138","227476","20220710050000","1465","0","雲林縣","台西鄉","120.200","23.700","141"
"381","227502","20220710050000","914","0","南投縣","竹山鎮","120.695","23.760","353"
"294","227503","20220710050000","309","0","南投縣","竹山鎮","120.685","23.765","288"
"51","227504","20220710050000","76","0","南投縣","竹山鎮","120.690","23.765","49"
"328","227505","20220710050000","299","1","南投縣","竹山鎮","120.695","23.765","329"
"51","227537","20220710050000","107","0","南投縣","竹山鎮","120.725","23.755","40"
"40","227540","20220710050000","116","0","南投縣","竹山鎮","120.710","23.760","38"
"184","227544","20220710050000","197","0","雲林縣","莿桐鄉","120.525","23.735","168"
"33","227559","20220710050000","354","0","雲林縣","莿桐鄉","120.505","23.730","37"
"18","227564","20220710050000","282","0","雲林縣","莿桐鄉","120.515","23.735","18"
"33","227570","20220710050000","392","0","雲林縣","莿桐鄉","120.515","23.740","32"
"42","227577","20220710050000","149","0","雲林縣","莿桐鄉","120.490","23.760","16"
"20","227580","20220710050000","29","0","雲林縣","虎尾鎮","120.435","23.715","17"
"477","227581","20220710050000","416","1","雲林縣","虎尾鎮","120.435","23.720","491"
"152","227585","20220710050000","78","3","雲林縣","虎尾鎮","120.435","23.735","155"
"555","227588","20220710050000","245","3","雲林縣","虎尾鎮","120.435","23.690","596"
"428","227593","20220710050000","374","1","雲林縣","虎尾鎮","120.435","23.695","431"
"47","227603","20220710050000","466","0","雲林縣","土庫鎮","120.375","23.705","40"
"251","227604","20220710050000","207","2","雲林縣","虎尾鎮","120.380","23.705","255"
"302","227632","20220710050000","193","3","雲林縣","褒忠鄉","120.340","23.735","301"
"796","227636","20220710050000","689","1","南投縣","竹山鎮","120.680","23.750","781"
"707","227637","20220710050000","684","1","南投縣","竹山鎮","120.675","23.755","682"
"2057","227638","20220710050000","1967","1","南投縣","竹山鎮","120.680","23.755","2023"
"59","227639","20220710050000","80","0","南投縣","竹山鎮","120.685","23.755","61"
"57","227640","20220710050000","605","0","雲林縣","虎尾鎮","120.420","23.700","54"
"410","227642","20220710050000","301","2","雲林縣","虎尾鎮","120.420","23.705","427"
"581","227645","20220710050000","524","1","雲林縣","虎尾鎮","120.420","23.710","597"
"2017","227647","20220710050000","1386","2","雲林縣","虎尾鎮","120.435","23.710","1990"
"206","227655","20220710050000","262","0","雲林縣","褒忠鄉","120.310","23.720","222"
"326","227684","20220710050000","303","1","雲林縣","虎尾鎮","120.405","23.725","299"
"161","227697","20220710050000","102","3","雲林縣","虎尾鎮","120.395","23.735","153"
"133","227698","20220710050000","115","1","雲林縣","虎尾鎮","120.400","23.735","128"
"224","227706","20220710050000","167","2","雲林縣","虎尾鎮","120.405","23.740","233"
"1068","227716","20220710050000","874","2","雲林縣","虎尾鎮","120.430","23.705","1056"
"602","227717","20220710050000","536","1","雲林縣","虎尾鎮","120.435","23.705","637"
"112","227722","20220710050000","104","1","雲林縣","崙背鄉","120.345","23.750","120"
"238","227728","20220710050000","778","0","雲林縣","崙背鄉","120.350","23.750","244"
"10","227730","20220710050000","249","0","雲林縣","崙背鄉","120.350","23.755","11"
"21","227733","20220710050000","21","1","雲林縣","虎尾鎮","120.400","23.710","25"
"596","227738","20220710050000","581","1","雲林縣","虎尾鎮","120.430","23.710","612"
"309","227741","20220710050000","250","2","雲林縣","斗南鎮","120.485","23.720","293"
"14","227744","20220710050000","13","1","雲林縣","虎尾鎮","120.485","23.725","10"
"360","227745","20220710050000","239","3","雲林縣","虎尾鎮","120.490","23.725","363"
"171","227748","20220710050000","124","2","雲林縣","虎尾鎮","120.480","23.730","189"
"911","227763","20220710050000","383","3","雲林縣","虎尾鎮","120.440","23.710","908"
"41","227766","20220710050000","689","0","雲林縣","虎尾鎮","120.390","23.705","42"
"384","227798","20220710050000","537","0","南投縣","竹山鎮","120.710","23.765","388"
"597","227807","20220710050000","569","1","南投縣","竹山鎮","120.700","23.765","565"
"152","227808","20220710050000","193","0","南投縣","竹山鎮","120.705","23.765","131"
"318","227840","20220710050000","403","0","南投縣","竹山鎮","120.685","23.760","327"
"201","227841","20220710050000","171","1","南投縣","竹山鎮","120.670","23.760","195"
"88","227842","20220710050000","760","0","南投縣","竹山鎮","120.675","23.760","90"
"219","227852","20220710050000","158","2","南投縣","竹山鎮","120.650","23.705","205"
"12","227871","20220710050000","74","0","南投縣","竹山鎮","120.655","23.720","12"
"341","227882","20220710050000","242","2","雲林縣","虎尾鎮","120.430","23.700","371"
"981","227894","20220710050000","595","3","雲林縣","虎尾鎮","120.460","23.725","968"
"289","227907","20220710050000","124","3","雲林縣","虎尾鎮","120.465","23.740","273"
"1979","227921","20220710050000","1671","1","雲林縣","褒忠鄉","120.315","23.695","1988"
"226","227938","20220710050000","194","1","南投縣","竹山鎮","120.715","23.695","229"
"36","227943","20220710050000","25","2","南投縣","竹山鎮","120.715","23.700","24"
"45","227947","20220710050000","45","1","南投縣","竹山鎮","120.715","23.705","58"
"10","227979","20220710050000","31","0","南投縣","竹山鎮","120.700","23.705","15"
"468","228012","20220710050000","381","2","雲林縣","褒忠鄉","120.285","23.700","458"
"780","228016","20220710050000","701","1","雲林縣","褒忠鄉","120.315","23.710","750"
"230","228047","20220710050000","188","2","南投縣","竹山鎮","120.665","23.755","234"
"474","228051","20220710050000","438","1","南投縣","竹山鎮","120.665","23.760","488"
"680","228091","20220710050000","354","3","雲林縣","台西鄉","120.215","23.740","673"
"187","228138","20220710050000","249","0","雲林縣","崙背鄉","120.295","23.760","183"
"15","228142","20220710050000","374","0","雲林縣","虎尾鎮","120.440","23.720","22"
"695","228151","20220710050000","180","3","雲林縣","麥寮鄉","120.260","23.750","712"
"456","228157","20220710050000","153","3","雲林縣","麥寮鄉","120.255","23.760","401"
"1648","228161","20220710050000","947","3","雲林縣","斗六市","120.545","23.705","1685"
"345","228162","20220710050000","268","2","雲林縣","斗六市","120.550","23.705","351"
"207","228194","20220710050000","192","1","南投縣","竹山鎮","120.705","23.745","204"
"53","228199","20220710050000","37","2","南投縣","竹山鎮","120.700","23.750","57"
"588","228200","20220710050000","402","2","南投縣","竹山鎮","120.690","23.755","607"
"59","228205","20220710050000","64","0","南投縣","竹山鎮","120.680","23.745","52"
"247","228207","20220710050000","275","0","南投縣","竹山鎮","120.675","23.750","292"
"98","228209","20220710050000","581","0","雲林縣","台西鄉","120.210","23.720","100"
"1269","228228","20220710050000","891","2","雲林縣","台西鄉","120.220","23.720","1117"
"31","228231","20220710050000","18","3","雲林縣","台西鄉","120.215","23.700","26"
"58","228245","20220710050000","286","0","雲林縣","台西鄉","120.190","23.700","46"
"32","228266","20220710050000","142","0","雲林縣","麥寮鄉","120.260","23.745","31"
"1292","228271","20220710050000","348","3","雲林縣","麥寮鄉","120.250","23.750","1356"
"1394","228272","20220710050000","1472","0","雲林縣","麥寮鄉","120.255","23.750","1361"
"418","228274","20220710050000","300","2","雲林縣","麥寮鄉","120.265","23.750","466"
"43","228278","20220710050000","542","0","雲林縣","莿桐鄉","120.480","23.745","41"
"938","228283","20220710050000","836","1","雲林縣","西螺鎮","120.465","23.755","939"
"133","228312","20220710050000","836","0","雲林縣","麥寮鄉","120.240","23.750","202"
"250","228321","20220710050000","191","2","雲林縣","台西鄉","120.220","23.750","258"
"456","228335","20220710050000","290","3","雲林縣","虎尾鎮","120.420","23.690","461"
"262","228337","20220710050000","271","0","雲林縣","虎尾鎮","120.425","23.695","273"
"1995","228338","20220710050000","1562","2","雲林縣","虎尾鎮","120.425","23.700","2001"
"20","228340","20220710050000","624","0","雲林縣","虎尾鎮","120.425","23.710","23"
"18","228375","20220710050000","67","0","南投縣","竹山鎮","120.665","23.725","21"
"24","228395","20220710050000","74","0","南投縣","竹山鎮","120.690","23.725","18"
"151","228399","20220710050000","125","2","南投縣","竹山鎮","120.710","23.725","146"
"22","228402","20220710050000","169","0","南投縣","竹山鎮","120.690","23.730","20"
"90","228415","20220710050000","791","0","南投縣","竹山鎮","120.680","23.760","92"
"167","228711","20220710050000","114","2","雲林縣","麥寮鄉","120.170","23.770","137"
"130","230307","20220710050000","108","2","雲林縣","麥寮鄉","120.180","23.795","118"
"42","232186","20220710050000","22","3","花蓮縣","壽豐鄉","121.585","23.825","37"
"117","233034","20220710050000","84","2","花蓮縣","壽豐鄉","121.565","23.780","129"
"12","233064","20220710050000","10","2","花蓮縣","壽豐鄉","121.570","23.800","12"
"43","233104","20220710050000","26","3","花蓮縣","壽豐鄉","121.460","23.810","45"
"329","233119","20220710050000","153","3","花蓮縣","壽豐鄉","121.475","23.815","311"
"204","233140","20220710050000","112","3","花蓮縣","壽豐鄉","121.480","23.825","190"
"695","233238","20220710050000","547","2","花蓮縣","壽豐鄉","121.515","23.840","683"
"28","233277","20220710050000","14","3","花蓮縣","壽豐鄉","121.590","23.840","33"
"34","233282","20220710050000","152","0","雲林縣","二崙鄉","120.420","23.815","33"
"19","234003","20220710050000","13","2","花蓮縣","鳳林鎮","121.475","23.795","15"
"209","234014","20220710050000","193","1","花蓮縣","鳳林鎮","121.455","23.800","216"
"76","234015","20220710050000","96","0","花蓮縣","鳳林鎮","121.460","23.800","82"
"330","234042","20220710050000","309","1","花蓮縣","萬榮鄉","121.445","23.810","323"
"872","234074","20220710050000","1293","0","雲林縣","二崙鄉","120.415","23.770","882"
"19","234106","20220710050000","251","0","雲林縣","二崙鄉","120.410","23.815","15"
"24","234119","20220710050000","11","3","雲林縣","二崙鄉","120.415","23.795","21"
"40","234120","20220710050000","339","0","雲林縣","二崙鄉","120.420","23.795","43"
"484","234127","20220710050000","405","1","雲林縣","二崙鄉","120.385","23.795","484"
"329","234130","20220710050000","297","1","雲林縣","二崙鄉","120.380","23.800","329"
"249","234162","20220710050000","107","3","雲林縣","二崙鄉","120.395","23.820","256"
"242","234274","20220710050000","102","3","花蓮縣","鳳林鎮","121.460","23.780","239"
"82","234277","20220710050000","46","3","花蓮縣","鳳林鎮","121.460","23.785","87"
"25","234283","20220710050000","375","0","雲林縣","二崙鄉","120.410","23.805","43"
"25","234324","20220710050000","138","0","雲林縣","二崙鄉","120.395","23.765","18"
"476","234338","20220710050000","449","1","雲林縣","二崙鄉","120.365","23.805","467"
"264","234373","20220710050000","121","3","雲林縣","二崙鄉","120.375","23.795","237"
"113","234386","20220710050000","536","0","雲林縣","二崙鄉","120.395","23.790","137"
"853","234401","20220710050000","311","3","雲林縣","西螺鎮","120.470","23.795","827"
"232","234404","20220710050000","192","2","雲林縣","西螺鎮","120.470","23.800","262"
"228","234406","20220710050000","80","3","雲林縣","西螺鎮","120.480","23.800","212"
"1282","234413","20220710050000","508","3","雲林縣","西螺鎮","120.450","23.785","1289"
"438","234424","20220710050000","354","2","雲林縣","麥寮鄉","120.270","23.770","482"
"643","234432","20220710050000","372","3","雲林縣","麥寮鄉","120.265","23.780","601"
"142","234453","20220710050000","25","3","雲林縣","麥寮鄉","120.235","23.790","141"
"82","234454","20220710050000","419","0","雲林縣","麥寮鄉","120.240","23.790","132"
"1703","234481","20220710050000","1224","2","南投縣","水里鄉","120.855","23.815","1673"
"207","234482","20220710050000","114","3","南投縣","水里鄉","120.860","23.815","207"
"13","234513","20220710050000","280","0","雲林縣","西螺鎮","120.485","23.785","16"
"326","234539","20220710050000","208","3","雲林縣","西螺鎮","120.450","23.775","331"
"664","234540","20220710050000","150","3","雲林縣","西螺鎮","120.445","23.780","661"
"37","234570","20220710050000","40","0","南投縣","鹿谷鄉","120.740","23.775","37"
"420","234591","20220710050000","324","2","南投縣","水里鄉","120.845","23.820","399"
"215","234630","20220710050000","204","1","南投縣","水里鄉","120.930","23.795","207"
"87","234678","20220710050000","551","0","南投縣","水里鄉","120.850","23.815","74"
"208","234703","20220710050000","184","1","南投縣","水里鄉","120.845","23.775","201"
"486","234721","20220710050000","406","1","彰化縣","溪州鄉","120.515","23.815","494"
"193","234765","20220710050000","126","3","南投縣","鹿谷鄉","120.785","23.790","177"
"62","234826","20220710050000","44","2","南投縣","鹿谷鄉","120.785","23.765","60"
"74","234843","20220710050000","42","3","南投縣","鹿谷鄉","120.775","23.775","66"
"153","234859","20220710050000","77","3","南投縣","鹿谷鄉","120.775","23.785","147"
"69","234881","20220710050000","43","3","雲林縣","麥寮鄉","120.195","23.775","59"
"83","234888","20220710050000","57","2","雲林縣","麥寮鄉","120.180","23.785","79"
"40","234892","20220710050000","57","0","雲林縣","麥寮鄉","120.200","23.785","54"
"297","234900","20220710050000","160","3","雲林縣","麥寮鄉","120.205","23.790","209"
"1281","234906","20220710050000","571","3","雲林縣","麥寮鄉","120.260","23.790","1326"
"949","234915","20220710050000","354","3","雲林縣","麥寮鄉","120.220","23.795","929"
"476","234934","20220710050000","115","3","雲林縣","麥寮鄉","120.230","23.795","479"
"1108","234937","20220710050000","418","3","雲林縣","麥寮鄉","120.245","23.795","1082"
"10","234945","20220710050000","10","1","雲林縣","麥寮鄉","120.190","23.800","10"
"42","234949","20220710050000","25","3","雲林縣","麥寮鄉","120.210","23.800","41"
"681","234952","20220710050000","447","3","雲林縣","麥寮鄉","120.225","23.800","670"
"320","234961","20220710050000","183","3","雲林縣","麥寮鄉","120.270","23.800","300"
"54","234965","20220710050000","43","2","雲林縣","麥寮鄉","120.195","23.805","27"
"55","234967","20220710050000","58","0","雲林縣","麥寮鄉","120.205","23.805","56"
"95","234997","20220710050000","121","0","雲林縣","麥寮鄉","120.215","23.815","96"
"13","235080","20220710050000","140","0","南投縣","信義鄉","120.940","23.820","10"
"79","235214","20220710050000","44","3","南投縣","信義鄉","120.980","23.785","27"
"48","235228","20220710050000","231","0","雲林縣","崙背鄉","120.350","23.775","60"
"210","235235","20220710050000","123","3","雲林縣","崙背鄉","120.345","23.785","199"
"16","235239","20220710050000","297","0","雲林縣","崙背鄉","120.350","23.790","16"
"633","235274","20220710050000","778","0","南投縣","水里鄉","120.850","23.810","674"
"323","235297","20220710050000","308","1","彰化縣","溪州鄉","120.505","23.815","323"
"900","235309","20220710050000","841","1","彰化縣","溪州鄉","120.540","23.830","907"
"489","235350","20220710050000","380","2","彰化縣","溪州鄉","120.490","23.830","508"
"175","235352","20220710050000","166","1","彰化縣","溪州鄉","120.475","23.835","143"
"404","235362","20220710050000","303","2","彰化縣","溪州鄉","120.480","23.845","368"
"158","235370","20220710050000","215","0","彰化縣","溪州鄉","120.500","23.840","172"
"493","235385","20220710050000","324","3","雲林縣","崙背鄉","120.325","23.780","501"
"48","235403","20220710050000","53","0","南投縣","水里鄉","120.855","23.795","47"
"345","235405","20220710050000","196","3","南投縣","水里鄉","120.865","23.795","309"
"519","235409","20220710050000","502","1","南投縣","水里鄉","120.860","23.800","465"
"23","235459","20220710050000","310","0","南投縣","水里鄉","120.825","23.810","28"
"51","235505","20220710050000","56","0","南投縣","水里鄉","120.870","23.845","42"
"27","235509","20220710050000","338","0","南投縣","名間鄉","120.635","23.835","29"
"379","235515","20220710050000","277","2","南投縣","名間鄉","120.705","23.820","345"
"272","235521","20220710050000","242","1","南投縣","名間鄉","120.715","23.830","252"
"1082","235523","20220710050000","1038","1","南投縣","名間鄉","120.705","23.835","1078"
"60","235527","20220710050000","76","0","南投縣","名間鄉","120.725","23.835","64"
"178","235539","20220710050000","149","1","南投縣","名間鄉","120.665","23.820","186"
"337","235555","20220710050000","438","0","南投縣","集集鎮","120.795","23.825","312"
"58","235556","20220710050000","422","0","南投縣","集集鎮","120.795","23.830","59"
"46","235703","20220710050000","57","0","南投縣","信義鄉","120.915","23.785","60"
"316","235812","20220710050000","284","1","南投縣","信義鄉","120.940","23.795","294"
"23","236275","20220710050000","212","0","南投縣","名間鄉","120.660","23.835","23"
"320","236286","20220710050000","285","1","南投縣","名間鄉","120.655","23.845","317"
"57","236299","20220710050000","62","0","南投縣","名間鄉","120.695","23.810","52"
"103","236318","20220710050000","44","3","彰化縣","二水鄉","120.635","23.830","96"
"462","236322","20220710050000","462","1","南投縣","名間鄉","120.630","23.840","439"
"213","236329","20220710050000","153","2","彰化縣","溪州鄉","120.515","23.830","227"
"133","236334","20220710050000","89","2","彰化縣","溪州鄉","120.520","23.835","139"
"11","236347","20220710050000","33","0","彰化縣","溪州鄉","120.510","23.845","15"
"177","236374","20220710050000","153","1","彰化縣","溪州鄉","120.580","23.820","166"
"331","236389","20220710050000","310","1","彰化縣","溪州鄉","120.470","23.830","346"
"366","236394","20220710050000","362","1","南投縣","名間鄉","120.695","23.835","391"
"841","236405","20220710050000","778","1","南投縣","名間鄉","120.700","23.835","836"
"42","236406","20220710050000","26","3","彰化縣","二水鄉","120.650","23.810","46"
"23","236410","20220710050000","209","0","南投縣","名間鄉","120.645","23.820","21"
"197","236415","20220710050000","134","2","南投縣","名間鄉","120.655","23.830","194"
"628","236419","20220710050000","196","3","彰化縣","大城鄉","120.345","23.845","584"
"323","236421","20220710050000","248","2","彰化縣","大城鄉","120.300","23.840","313"
"372","236449","20220710050000","259","2","彰化縣","溪州鄉","120.565","23.815","374"
"250","236455","20220710050000","226","1","彰化縣","溪州鄉","120.560","23.830","275"
"30","236462","20220710050000","281","0","雲林縣","莿桐鄉","120.540","23.765","36"
"360","236463","20220710050000","347","1","雲林縣","莿桐鄉","120.530","23.770","358"
"147","236472","20220710050000","129","1","南投縣","名間鄉","120.640","23.845","150"
"347","236479","20220710050000","198","3","南投縣","名間鄉","120.690","23.845","349"
"232","236481","20220710050000","224","1","南投縣","名間鄉","120.700","23.845","239"
"521","236492","20220710050000","459","1","雲林縣","林內鄉","120.610","23.770","509"
"137","236494","20220710050000","168","0","雲林縣","林內鄉","120.610","23.775","157"
"27","236509","20220710050000","266","0","雲林縣","林內鄉","120.625","23.775","27"
"64","236557","20220710050000","321","0","南投縣","集集鎮","120.800","23.825","72"
"174","236563","20220710050000","146","1","南投縣","集集鎮","120.765","23.820","203"
"26","236573","20220710050000","107","0","南投縣","集集鎮","120.770","23.845","29"
"148","236578","20220710050000","225","0","南投縣","集集鎮","120.815","23.825","96"
"130","236593","20220710050000","1003","0","南投縣","集集鎮","120.785","23.825","130"
"317","236635","20220710050000","247","2","彰化縣","大城鄉","120.350","23.835","345"
"351","236679","20220710050000","228","3","彰化縣","大城鄉","120.275","23.845","332"
"303","236695","20220710050000","222","2","南投縣","信義鄉","120.905","23.770","297"
"25","236721","20220710050000","379","0","彰化縣","二水鄉","120.615","23.810","22"
"1150","236741","20220710050000","293","3","雲林縣","莿桐鄉","120.500","23.780","1165"
"154","236758","20220710050000","106","2","彰化縣","二水鄉","120.630","23.830","131"
"223","236765","20220710050000","586","0","彰化縣","二水鄉","120.610","23.815","213"
"310","236771","20220710050000","286","1","彰化縣","二水鄉","120.635","23.795","295"
"17","236772","20220710050000","29","0","彰化縣","二水鄉","120.640","23.795","18"
"1933","236781","20220710050000","1048","3","雲林縣","西螺鎮","120.440","23.780","2356"
"374","236785","20220710050000","323","1","雲林縣","西螺鎮","120.430","23.790","382"
"671","236786","20220710050000","112","3","雲林縣","西螺鎮","120.435","23.790","648"
"13","236796","20220710050000","253","0","彰化縣","二水鄉","120.640","23.805","16"
"32","236801","20220710050000","362","0","彰化縣","二水鄉","120.605","23.825","35"
"204","236814","20220710050000","1140","0","彰化縣","二水鄉","120.620","23.810","187"
"158","237024","20220710050000","349","0","雲林縣","莿桐鄉","120.515","23.775","163"
"382","237025","20220710050000","294","2","雲林縣","莿桐鄉","120.520","23.775","387"
"1210","237039","20220710050000","447","3","雲林縣","西螺鎮","120.435","23.800","1218"
"921","237048","20220710050000","246","3","雲林縣","西螺鎮","120.440","23.810","917"
"455","237053","20220710050000","242","3","雲林縣","西螺鎮","120.465","23.795","457"
"1357","237054","20220710050000","862","3","雲林縣","西螺鎮","120.465","23.800","1390"
"12","237056","20220710050000","263","0","雲林縣","西螺鎮","120.465","23.765","20"
"1240","237062","20220710050000","652","3","雲林縣","西螺鎮","120.475","23.785","1254"
"272","237066","20220710050000","97","3","雲林縣","西螺鎮","120.475","23.765","274"
"44","237068","20220710050000","395","0","雲林縣","西螺鎮","120.460","23.795","36"
"888","237069","20220710050000","911","0","雲林縣","西螺鎮","120.460","23.800","892"
"1784","237075","20220710050000","745","3","雲林縣","西螺鎮","120.440","23.800","1798"
"371","237076","20220710050000","265","2","雲林縣","西螺鎮","120.455","23.790","360"
"144","237078","20220710050000","2601","0","雲林縣","西螺鎮","120.455","23.800","146"
"11","237089","20220710050000","18","0","彰化縣","二水鄉","120.640","23.800","10"
"16","237103","20220710050000","293","0","彰化縣","二水鄉","120.630","23.800","16"
"40","237115","20220710050000","31","2","彰化縣","二水鄉","120.655","23.800","40"
"454","237141","20220710050000","301","3","雲林縣","崙背鄉","120.325","23.795","438"
"211","237147","20220710050000","173","2","雲林縣","崙背鄉","120.340","23.800","192"
"114","237182","20220710050000","122","0","雲林縣","崙背鄉","120.310","23.790","119"
"250","237186","20220710050000","251","0","雲林縣","崙背鄉","120.305","23.795","232"
"23","237187","20220710050000","23","1","雲林縣","崙背鄉","120.310","23.795","26"
"945","237189","20220710050000","426","3","雲林縣","麥寮鄉","120.295","23.800","943"
"108","237228","20220710050000","54","3","彰化縣","田中鎮","120.605","23.845","97"
"36","237236","20220710050000","28","2","彰化縣","溪州鄉","120.455","23.825","29"
"19","237241","20220710050000","242","0","彰化縣","竹塘鄉","120.445","23.835","195"
"609","237255","20220710050000","588","1","雲林縣","莿桐鄉","120.565","23.775","628"
"62","237256","20220710050000","342","0","雲林縣","莿桐鄉","120.570","23.775","63"
"215","237302","20220710050000","161","2","雲林縣","莿桐鄉","120.550","23.765","213"
"15","237358","20220710050000","135","0","南投縣","竹山鎮","120.680","23.770","11"
"65","237361","20220710050000","104","0","南投縣","竹山鎮","120.680","23.775","62"
"109","237386","20220710050000","94","1","南投縣","竹山鎮","120.650","23.770","103"
"243","237414","20220710050000","249","0","南投縣","竹山鎮","120.730","23.815","237"
"202","237424","20220710050000","207","0","南投縣","竹山鎮","120.715","23.765","197"
"407","237434","20220710050000","414","0","南投縣","竹山鎮","120.705","23.780","409"
"182","237436","20220710050000","196","0","南投縣","竹山鎮","120.715","23.780","161"
"249","237453","20220710050000","284","0","南投縣","竹山鎮","120.695","23.770","277"
"13","237489","20220710050000","136","0","彰化縣","竹塘鄉","120.400","23.845","17"
"39","237498","20220710050000","413","0","雲林縣","麥寮鄉","120.240","23.770","32"
"179","237499","20220710050000","74","3","雲林縣","麥寮鄉","120.245","23.770","188"
"30","237516","20220710050000","199","0","雲林縣","崙背鄉","120.355","23.765","30"
"131","237531","20220710050000","90","2","南投縣","竹山鎮","120.750","23.815","145"
"376","237559","20220710050000","304","2","南投縣","竹山鎮","120.715","23.800","362"
"225","237593","20220710050000","239","0","南投縣","魚池鄉","120.895","23.835","169"
"256","237595","20220710050000","377","0","南投縣","魚池鄉","120.905","23.835","235"
"372","237603","20220710050000","402","0","南投縣","竹山鎮","120.715","23.805","356"
"304","237607","20220710050000","142","3","南投縣","竹山鎮","120.730","23.810","309"
"298","237611","20220710050000","245","2","南投縣","竹山鎮","120.725","23.810","282"
"56","237614","20220710050000","157","0","南投縣","竹山鎮","120.720","23.815","68"
"38","237626","20220710050000","30","2","南投縣","魚池鄉","120.915","23.835","34"
"39","237638","20220710050000","19","3","南投縣","魚池鄉","120.915","23.845","37"
"123","237670","20220710050000","94","2","南投縣","魚池鄉","120.885","23.820","97"
"335","237685","20220710050000","298","1","雲林縣","麥寮鄉","120.290","23.765","364"
"98","237741","20220710050000","67","2","南投縣","集集鎮","120.760","23.830","105"
"19","237745","20220710050000","19","1","南投縣","集集鎮","120.760","23.835","18"
"89","237775","20220710050000","52","3","南投縣","集集鎮","120.750","23.840","85"
"36","237785","20220710050000","165","0","南投縣","集集鎮","120.745","23.830","35"
"34","237788","20220710050000","35","0","南投縣","集集鎮","120.740","23.835","33"
"32","237801","20220710050000","260","0","南投縣","集集鎮","120.780","23.825","40"
"243","237819","20220710050000","160","3","雲林縣","莿桐鄉","120.505","23.765","239"
"278","237826","20220710050000","229","2","雲林縣","莿桐鄉","120.520","23.765","289"
"1115","237833","20220710050000","476","3","雲林縣","西螺鎮","120.480","23.770","1026"
"428","237848","20220710050000","267","3","雲林縣","麥寮鄉","120.290","23.795","348"
"1697","237860","20220710050000","1355","2","雲林縣","麥寮鄉","120.275","23.795","1717"
"492","237864","20220710050000","278","3","雲林縣","麥寮鄉","120.280","23.795","478"
"21","237872","20220710050000","108","0","彰化縣","田中鎮","120.560","23.845","18"
"148","237874","20220710050000","105","2","彰化縣","田中鎮","120.570","23.845","137"
"67","237878","20220710050000","55","2","彰化縣","田中鎮","120.580","23.840","74"
"312","237881","20220710050000","348","0","彰化縣","田中鎮","120.595","23.840","331"
"55","237884","20220710050000","362","0","彰化縣","田中鎮","120.595","23.845","55"
"273","237895","20220710050000","178","3","彰化縣","田中鎮","120.595","23.830","283"
"66","237900","20220710050000","485","0","雲林縣","莿桐鄉","120.535","23.775","84"
"141","240440","20220710050000","74","3","花蓮縣","壽豐鄉","121.605","23.885","126"
"266","242904","20220710050000","159","3","花蓮縣","秀林鄉","121.500","23.920","250"
"295","242957","20220710050000","149","3","花蓮縣","壽豐鄉","121.530","23.865","261"
"177","242963","20220710050000","129","2","花蓮縣","壽豐鄉","121.525","23.870","168"
"940","242988","20220710050000","726","2","花蓮縣","壽豐鄉","121.510","23.870","977"
"751","243010","20220710050000","606","2","花蓮縣","壽豐鄉","121.520","23.890","735"
"22","243014","20220710050000","48","0","花蓮縣","壽豐鄉","121.540","23.890","27"
"458","243023","20220710050000","475","0","花蓮縣","壽豐鄉","121.555","23.895","451"
"49","243053","20220710050000","500","0","花蓮縣","壽豐鄉","121.535","23.895","51"
"215","243054","20220710050000","295","0","花蓮縣","壽豐鄉","121.540","23.895","197"
"240","243055","20220710050000","281","0","花蓮縣","壽豐鄉","121.545","23.895","270"
"329","243057","20220710050000","279","1","花蓮縣","壽豐鄉","121.530","23.895","274"
"391","243065","20220710050000","484","0","花蓮縣","壽豐鄉","121.530","23.900","391"
"444","243069","20220710050000","673","0","花蓮縣","壽豐鄉","121.550","23.900","420"
"890","243073","20220710050000","1009","0","花蓮縣","壽豐鄉","121.530","23.905","851"
"170","243089","20220710050000","121","2","花蓮縣","壽豐鄉","121.520","23.915","183"
"113","243103","20220710050000","48","3","花蓮縣","壽豐鄉","121.550","23.920","105"
"69","243143","20220710050000","81","0","花蓮縣","壽豐鄉","121.555","23.865","77"
"61","243149","20220710050000","60","1","花蓮縣","壽豐鄉","121.555","23.870","57"
"48","243164","20220710050000","23","3","花蓮縣","壽豐鄉","121.585","23.880","48"
"44","243184","20220710050000","22","3","花蓮縣","壽豐鄉","121.595","23.905","47"
"112","243230","20220710050000","97","1","花蓮縣","壽豐鄉","121.520","23.845","119"
"524","243249","20220710050000","461","1","花蓮縣","壽豐鄉","121.495","23.850","517"
"545","243255","20220710050000","517","1","花蓮縣","壽豐鄉","121.490","23.855","553"
"127","243262","20220710050000","122","1","花蓮縣","壽豐鄉","121.485","23.855","127"
"145","243315","20220710050000","104","2","花蓮縣","壽豐鄉","121.600","23.870","138"
"38","243324","20220710050000","24","3","花蓮縣","壽豐鄉","121.590","23.885","38"
"13","243335","20220710050000","19","0","花蓮縣","壽豐鄉","121.605","23.895","13"
"10","243336","20220710050000","10","1","花蓮縣","壽豐鄉","121.600","23.900","15"
"276","243338","20220710050000","237","1","花蓮縣","壽豐鄉","121.600","23.905","241"
"89","243339","20220710050000","35","3","花蓮縣","壽豐鄉","121.605","23.905","76"
"621","243392","20220710050000","635","0","彰化縣","二林鎮","120.360","23.895","627"
"1187","243393","20220710050000","788","3","彰化縣","二林鎮","120.370","23.900","1197"
"412","243406","20220710050000","346","1","彰化縣","二林鎮","120.390","23.865","392"
"157","243422","20220710050000","195","0","彰化縣","二林鎮","120.415","23.910","163"
"394","243424","20220710050000","422","0","彰化縣","二林鎮","120.425","23.910","411"
"241","243439","20220710050000","239","1","彰化縣","二林鎮","120.360","23.865","252"
"414","243447","20220710050000","277","2","彰化縣","二林鎮","120.360","23.880","431"
"423","243770","20220710050000","417","1","彰化縣","二林鎮","120.365","23.890","420"
"461","243772","20220710050000","574","0","彰化縣","二林鎮","120.370","23.895","457"
"690","243777","20220710050000","474","2","彰化縣","二林鎮","120.425","23.895","674"
"365","243783","20220710050000","426","0","彰化縣","二林鎮","120.365","23.900","358"
"442","243796","20220710050000","391","1","彰化縣","二林鎮","120.440","23.875","451"
"140","243827","20220710050000","106","2","南投縣","水里鄉","120.865","23.905","125"
"294","243861","20220710050000","73","3","彰化縣","大城鄉","120.325","23.860","315"
"1161","243867","20220710050000","1239","0","彰化縣","大城鄉","120.320","23.850","1185"
"651","243900","20220710050000","591","1","彰化縣","埤頭鄉","120.470","23.915","616"
"374","243909","20220710050000","175","3","彰化縣","埤頭鄉","120.460","23.925","356"
"84","243970","20220710050000","61","2","南投縣","中寮鄉","120.800","23.905","77"
"156","244008","20220710050000","193","0","南投縣","中寮鄉","120.805","23.925","166"
"264","244044","20220710050000","160","3","南投縣","中寮鄉","120.750","23.895","239"
"31","244051","20220710050000","73","0","南投縣","中寮鄉","120.765","23.900","37"
"14","244098","20220710050000","135","0","南投縣","中寮鄉","120.790","23.860","10"
"596","244122","20220710050000","349","3","彰化縣","埤頭鄉","120.480","23.890","610"
"334","244129","20220710050000","284","1","彰化縣","埤頭鄉","120.460","23.860","323"
"48","244142","20220710050000","332","0","彰化縣","埤頭鄉","120.460","23.880","29"
"1293","244150","20220710050000","1189","1","彰化縣","埤頭鄉","120.465","23.890","1300"
"46","244159","20220710050000","397","0","南投縣","中寮鄉","120.760","23.880","49"
"118","244163","20220710050000","572","0","南投縣","中寮鄉","120.775","23.885","117"
"355","244211","20220710050000","270","2","南投縣","中寮鄉","120.735","23.895","385"
"91","244235","20220710050000","68","2","南投縣","中寮鄉","120.770","23.920","101"
"63","244247","20220710050000","371","0","南投縣","中寮鄉","120.830","23.860","57"
"115","244274","20220710050000","91","2","南投縣","中寮鄉","120.800","23.880","109"
"42","244326","20220710050000","477","0","南投縣","中寮鄉","120.710","23.895","46"
"44","244341","20220710050000","34","2","彰化縣","員林鎮","120.580","23.925","48"
"11","244360","20220710050000","48","0","南投縣","中寮鄉","120.795","23.905","11"
"11","244380","20220710050000","13","0","南投縣","中寮鄉","120.720","23.915","11"
"154","244392","20220710050000","103","2","南投縣","中寮鄉","120.725","23.925","124"
"72","244395","20220710050000","44","3","南投縣","中寮鄉","120.740","23.925","70"
"856","244397","20220710050000","818","1","彰化縣","二林鎮","120.375","23.895","836"
"1182","244398","20220710050000","982","2","彰化縣","二林鎮","120.380","23.895","1148"
"217","244411","20220710050000","187","1","南投縣","南投市","120.695","23.915","215"
"302","244414","20220710050000","557","0","南投縣","南投市","120.695","23.920","285"
"612","244415","20220710050000","506","2","南投縣","南投市","120.700","23.920","630"
"106","244420","20220710050000","73","2","南投縣","南投市","120.640","23.925","113"
"1778","244422","20220710050000","1694","1","南投縣","南投市","120.690","23.905","1755"
"554","244426","20220710050000","535","1","彰化縣","永靖鄉","120.545","23.920","556"
"327","244429","20220710050000","322","1","彰化縣","永靖鄉","120.570","23.925","318"
"70","244451","20220710050000","56","2","南投縣","水里鄉","120.870","23.880","65"
"687","244465","20220710050000","474","2","彰化縣","溪州鄉","120.500","23.855","699"
"129","244468","20220710050000","103","2","彰化縣","溪州鄉","120.505","23.860","118"
"183","244477","20220710050000","177","1","南投縣","南投市","120.635","23.905","179"
"124","244478","20220710050000","402","0","南投縣","南投市","120.640","23.905","118"
"11","244480","20220710050000","16","0","南投縣","南投市","120.635","23.910","13"
"42","244488","20220710050000","41","1","彰化縣","社頭鄉","120.635","23.920","42"
"102","244490","20220710050000","118","0","南投縣","南投市","120.650","23.920","108"
"441","244492","20220710050000","637","0","彰化縣","永靖鄉","120.535","23.920","483"
"351","244498","20220710050000","367","0","彰化縣","永靖鄉","120.515","23.915","341"
"412","244499","20220710050000","284","2","彰化縣","永靖鄉","120.520","23.915","420"
"456","244512","20220710050000","537","0","彰化縣","永靖鄉","120.560","23.920","495"
"109","244516","20220710050000","387","0","彰化縣","永靖鄉","120.535","23.925","103"
"1408","244517","20220710050000","1641","0","彰化縣","永靖鄉","120.540","23.925","1447"
"353","244520","20220710050000","222","3","彰化縣","永靖鄉","120.560","23.910","327"
"28","244530","20220710050000","274","0","彰化縣","永靖鄉","120.545","23.910","30"
"116","244534","20220710050000","102","1","彰化縣","田尾鄉","120.530","23.910","119"
"49","244537","20220710050000","496","0","彰化縣","永靖鄉","120.550","23.920","43"
"31","244540","20220710050000","469","0","彰化縣","永靖鄉","120.550","23.925","34"
"44","244544","20220710050000","513","0","彰化縣","永靖鄉","120.505","23.920","46"
"490","244566","20220710050000","102","3","彰化縣","大城鄉","120.285","23.865","410"
"200","244576","20220710050000","33","3","彰化縣","大城鄉","120.290","23.870","209"
"547","244605","20220710050000","414","2","彰化縣","芳苑鄉","120.345","23.910","540"
"13","244609","20220710050000","272","0","彰化縣","芳苑鄉","120.350","23.915","11"
"251","244612","20220710050000","177","2","彰化縣","芳苑鄉","120.350","23.920","238"
"13","244615","20220710050000","18","0","彰化縣","芳苑鄉","120.355","23.925","14"
"261","244624","20220710050000","117","3","彰化縣","芳苑鄉","120.315","23.895","221"
"70","244639","20220710050000","69","1","彰化縣","芳苑鄉","120.305","23.905","76"
"1150","244674","20220710050000","804","2","南投縣","南投市","120.695","23.900","1143"
"15","244675","20220710050000","30","0","南投縣","南投市","120.685","23.925","22"
"65","244677","20220710050000","64","1","南投縣","南投市","120.695","23.925","61"
"212","244693","20220710050000","295","0","南投縣","南投市","120.680","23.895","227"
"24","244694","20220710050000","21","1","南投縣","南投市","120.685","23.895","26"
"2107","244695","20220710050000","1989","1","南投縣","南投市","120.685","23.900","2071"
"310","244696","20220710050000","290","1","南投縣","南投市","120.690","23.900","325"
"179","244697","20220710050000","157","1","彰化縣","溪州鄉","120.480","23.850","189"
"31","244698","20220710050000","303","0","彰化縣","溪州鄉","120.485","23.850","31"
"575","244700","20220710050000","515","1","彰化縣","溪州鄉","120.495","23.850","583"
"736","244706","20220710050000","771","0","南投縣","南投市","120.680","23.910","699"
"427","244716","20220710050000","253","3","南投縣","南投市","120.675","23.900","416"
"298","244717","20220710050000","260","1","南投縣","南投市","120.680","23.905","285"
"1223","244720","20220710050000","666","3","南投縣","南投市","120.675","23.905","1197"
"27","244738","20220710050000","26","1","南投縣","埔里鎮","120.990","23.925","33"
"230","244739","20220710050000","151","3","南投縣","埔里鎮","120.995","23.925","172"
"193","244741","20220710050000","167","1","南投縣","仁愛鄉","121.010","23.925","198"
"552","244742","20220710050000","567","0","彰化縣","溪州鄉","120.495","23.855","522"
"40","244772","20220710050000","34","1","南投縣","水里鄉","120.865","23.855","43"
"228","244790","20220710050000","129","3","南投縣","名間鄉","120.675","23.870","243"
"290","244793","20220710050000","245","1","彰化縣","田中鎮","120.625","23.855","271"
"124","244800","20220710050000","69","3","南投縣","名間鄉","120.630","23.855","134"
"170","244806","20220710050000","89","3","南投縣","名間鄉","120.635","23.860","164"
"631","244815","20220710050000","505","2","南投縣","名間鄉","120.705","23.875","674"
"156","244846","20220710050000","83","3","南投縣","名間鄉","120.635","23.880","159"
"556","244854","20220710050000","207","3","南投縣","南投市","120.690","23.910","551"
"796","244855","20220710050000","725","1","南投縣","南投市","120.690","23.915","838"
"90","244860","20220710050000","105","0","南投縣","南投市","120.655","23.915","100"
"848","244865","20220710050000","555","3","南投縣","南投市","120.665","23.920","855"
"826","244867","20220710050000","465","3","南投縣","南投市","120.675","23.920","849"
"753","244868","20220710050000","752","1","南投縣","南投市","120.680","23.920","702"
"580","244869","20220710050000","362","3","南投縣","南投市","120.670","23.925","580"
"698","244870","20220710050000","640","1","南投縣","南投市","120.675","23.925","673"
"1039","244872","20220710050000","734","2","南投縣","南投市","120.685","23.910","1085"
"1650","244873","20220710050000","1635","1","南投縣","南投市","120.685","23.905","1736"
"169","244874","20220710050000","174","0","南投縣","南投市","120.705","23.900","180"
"46","244875","20220710050000","56","0","南投縣","南投市","120.710","23.900","80"
"115","244880","20220710050000","69","3","南投縣","南投市","120.695","23.905","111"
"430","244881","20220710050000","330","2","南投縣","南投市","120.700","23.905","424"
"403","244890","20220710050000","488","0","南投縣","南投市","120.705","23.915","413"
"689","244893","20220710050000","655","1","彰化縣","溪州鄉","120.495","23.865","683"
"541","244909","20220710050000","534","1","彰化縣","埤頭鄉","120.460","23.890","542"
"751","244910","20220710050000","724","1","彰化縣","埤頭鄉","120.455","23.895","766"
"635","244911","20220710050000","540","1","彰化縣","埤頭鄉","120.460","23.895","620"
"477","244918","20220710050000","386","2","彰化縣","埤頭鄉","120.495","23.885","457"
"581","244922","20220710050000","456","2","彰化縣","埤頭鄉","120.495","23.890","520"
"232","244924","20220710050000","202","1","彰化縣","埤頭鄉","120.480","23.895","245"
"427","244925","20220710050000","429","0","彰化縣","埤頭鄉","120.485","23.895","426"
"686","244953","20220710050000","566","2","彰化縣","北斗鎮","120.515","23.875","662"
"393","244955","20220710050000","166","3","彰化縣","北斗鎮","120.515","23.865","390"
"59","244956","20220710050000","394","0","彰化縣","北斗鎮","120.520","23.865","75"
"488","244958","20220710050000","791","0","彰化縣","北斗鎮","120.520","23.870","461"
"700","244960","20220710050000","468","2","彰化縣","埤頭鄉","120.460","23.850","549"
"39","244961","20220710050000","271","0","彰化縣","埤頭鄉","120.465","23.850","294"
"224","244970","20220710050000","143","3","南投縣","名間鄉","120.645","23.865","232"
"178","244972","20220710050000","245","0","南投縣","名間鄉","120.650","23.870","184"
"910","244974","20220710050000","709","2","南投縣","名間鄉","120.655","23.870","915"
"419","244987","20220710050000","382","1","南投縣","名間鄉","120.670","23.850","388"
"377","244993","20220710050000","349","1","南投縣","名間鄉","120.675","23.855","410"
"776","245005","20220710050000","568","2","南投縣","名間鄉","120.695","23.865","776"
"199","245007","20220710050000","217","0","南投縣","名間鄉","120.685","23.870","193"
"355","245016","20220710050000","156","3","南投縣","名間鄉","120.685","23.880","356"
"67","245017","20220710050000","427","0","南投縣","名間鄉","120.690","23.880","82"
"155","245037","20220710050000","161","0","南投縣","名間鄉","120.705","23.865","146"
"289","245042","20220710050000","276","1","彰化縣","溪州鄉","120.525","23.850","271"
"287","245076","20220710050000","35","3","彰化縣","大城鄉","120.295","23.885","315"
"36","245150","20220710050000","190","0","彰化縣","大城鄉","120.295","23.855","36"
"181","245157","20220710050000","187","0","彰化縣","北斗鎮","120.530","23.855","175"
"1249","245161","20220710050000","1284","0","彰化縣","北斗鎮","120.530","23.870","1278"
"189","245165","20220710050000","181","1","彰化縣","北斗鎮","120.545","23.870","206"
"404","245169","20220710050000","296","2","彰化縣","芳苑鄉","120.320","23.920","421"
"86","245184","20220710050000","47","3","南投縣","名間鄉","120.625","23.850","89"
"130","245191","20220710050000","133","0","南投縣","名間鄉","120.690","23.850","142"
"177","245192","20220710050000","112","3","南投縣","名間鄉","120.695","23.850","170"
"1317","245211","20220710050000","326","3","彰化縣","大城鄉","120.290","23.860","1391"
"123","245214","20220710050000","75","3","彰化縣","大城鄉","120.300","23.865","123"
"264","245216","20220710050000","66","3","彰化縣","大城鄉","120.300","23.870","218"
"602","245296","20220710050000","240","3","南投縣","南投市","120.635","23.895","606"
"295","245305","20220710050000","171","3","南投縣","南投市","120.660","23.925","286"
"27","245312","20220710050000","127","0","南投縣","南投市","120.665","23.910","25"
"367","245314","20220710050000","1131","0","南投縣","南投市","120.675","23.910","374"
"882","245316","20220710050000","1438","0","南投縣","南投市","120.680","23.915","875"
"1454","245320","20220710050000","1005","2","彰化縣","北斗鎮","120.520","23.880","1497"
"622","245325","20220710050000","459","2","彰化縣","北斗鎮","120.530","23.875","606"
"359","245329","20220710050000","229","3","彰化縣","北斗鎮","120.535","23.880","352"
"38","245332","20220710050000","725","0","彰化縣","北斗鎮","120.525","23.870","32"
"517","245335","20220710050000","130","3","彰化縣","大城鄉","120.310","23.875","573"
"421","245353","20220710050000","286","2","彰化縣","大城鄉","120.315","23.870","339"
"316","245376","20220710050000","276","1","彰化縣","北斗鎮","120.510","23.880","328"
"20","245379","20220710050000","240","0","彰化縣","田尾鄉","120.515","23.890","23"
"400","245489","20220710050000","448","0","南投縣","仁愛鄉","120.990","23.905","394"
"63","245503","20220710050000","31","3","南投縣","仁愛鄉","121.005","23.910","54"
"38","245515","20220710050000","25","3","南投縣","埔里鎮","121.010","23.920","24"
"41","245723","20220710050000","41","1","南投縣","仁愛鄉","121.025","23.910","50"
"441","245728","20220710050000","437","1","南投縣","仁愛鄉","121.050","23.910","390"
"224","245748","20220710050000","128","3","南投縣","仁愛鄉","121.030","23.920","121"
"156","246363","20220710050000","537","0","彰化縣","北斗鎮","120.525","23.880","150"
"209","246370","20220710050000","238","0","彰化縣","北斗鎮","120.555","23.855","220"
"505","246377","20220710050000","382","2","彰化縣","北斗鎮","120.550","23.865","487"
"316","246388","20220710050000","244","2","彰化縣","埤頭鄉","120.455","23.850","294"
"391","246394","20220710050000","261","2","彰化縣","二林鎮","120.410","23.920","382"
"17","246402","20220710050000","403","0","彰化縣","二林鎮","120.365","23.895","22"
"697","246404","20220710050000","442","3","彰化縣","二林鎮","120.405","23.895","651"
"161","246436","20220710050000","263","0","彰化縣","芳苑鄉","120.380","23.925","185"
"646","246446","20220710050000","457","2","彰化縣","芳苑鄉","120.330","23.895","660"
"189","246468","20220710050000","135","2","彰化縣","芳苑鄉","120.330","23.915","201"
"185","246471","20220710050000","84","3","彰化縣","芳苑鄉","120.335","23.920","176"
"981","246472","20220710050000","934","1","彰化縣","北斗鎮","120.525","23.875","1004"
"225","246476","20220710050000","149","3","彰化縣","北斗鎮","120.560","23.850","234"
"53","246477","20220710050000","80","0","彰化縣","北斗鎮","120.540","23.855","59"
"82","246480","20220710050000","62","2","彰化縣","北斗鎮","120.550","23.855","83"
"491","246488","20220710050000","329","2","彰化縣","北斗鎮","120.535","23.870","488"
"100","246493","20220710050000","131","0","彰化縣","二林鎮","120.395","23.890","141"
"389","246499","20220710050000","293","2","彰化縣","大城鄉","120.315","23.850","397"
"210","246518","20220710050000","244","0","南投縣","南投市","120.670","23.890","214"
"594","246522","20220710050000","516","1","南投縣","南投市","120.690","23.890","597"
"1119","246530","20220710050000","1039","1","彰化縣","社頭鄉","120.605","23.915","1107"
"581","246531","20220710050000","266","3","彰化縣","田中鎮","120.585","23.875","566"
"59","246534","20220710050000","189","0","彰化縣","田中鎮","120.575","23.865","66"
"306","246537","20220710050000","179","3","彰化縣","田中鎮","120.575","23.875","325"
"74","246545","20220710050000","80","0","彰化縣","田尾鄉","120.510","23.905","83"
"485","246547","20220710050000","365","2","彰化縣","竹塘鄉","120.415","23.850","474"
"476","246558","20220710050000","534","0","彰化縣","田尾鄉","120.535","23.905","453"
"1722","246566","20220710050000","795","3","彰化縣","社頭鄉","120.580","23.895","1778"
"1440","246568","20220710050000","512","3","彰化縣","社頭鄉","120.580","23.900","1276"
"2157","246569","20220710050000","1112","3","彰化縣","社頭鄉","120.580","23.905","2238"
"44","246573","20220710050000","218","0","彰化縣","田尾鄉","120.525","23.885","52"
"214","246574","20220710050000","326","0","彰化縣","田尾鄉","120.530","23.885","194"
"131","246579","20220710050000","104","2","彰化縣","田尾鄉","120.535","23.890","128"
"500","246581","20220710050000","471","1","彰化縣","田尾鄉","120.535","23.895","491"
"867","246583","20220710050000","792","1","彰化縣","田尾鄉","120.530","23.900","868"
"24","246608","20220710050000","46","0","彰化縣","社頭鄉","120.620","23.925","18"
"1487","246615","20220710050000","1376","1","彰化縣","竹塘鄉","120.430","23.855","1494"
"635","246618","20220710050000","713","0","彰化縣","竹塘鄉","120.420","23.875","661"
"222","246630","20220710050000","149","2","彰化縣","竹塘鄉","120.375","23.850","245"
"2489","246654","20220710050000","820","3","彰化縣","社頭鄉","120.585","23.900","2506"
"1266","246659","20220710050000","428","3","彰化縣","社頭鄉","120.585","23.890","1260"
"434","246669","20220710050000","194","3","彰化縣","竹塘鄉","120.445","23.860","389"
"23","246687","20220710050000","12","3","南投縣","魚池鄉","120.905","23.850","19"
"1004","246711","20220710050000","632","3","南投縣","魚池鄉","120.910","23.860","878"
"526","246720","20220710050000","341","3","南投縣","魚池鄉","120.900","23.865","536"
"357","246722","20220710050000","356","1","南投縣","魚池鄉","120.910","23.865","318"
"374","246735","20220710050000","302","2","南投縣","魚池鄉","120.925","23.870","314"
"309","246739","20220710050000","240","2","南投縣","魚池鄉","120.935","23.895","293"
"579","246741","20220710050000","428","2","南投縣","魚池鄉","120.935","23.900","630"
"587","246742","20220710050000","467","2","南投縣","魚池鄉","120.940","23.900","570"
"264","246747","20220710050000","265","0","彰化縣","芳苑鄉","120.350","23.900","263"
"363","246748","20220710050000","238","3","彰化縣","二林鎮","120.355","23.900","310"
"166","246749","20220710050000","142","1","彰化縣","芳苑鄉","120.360","23.900","161"
"30","246750","20220710050000","25","2","彰化縣","芳苑鄉","120.345","23.905","31"
"148","246758","20220710050000","112","2","彰化縣","芳苑鄉","120.355","23.920","144"
"278","246770","20220710050000","289","0","彰化縣","芳苑鄉","120.335","23.890","286"
"23","246777","20220710050000","53","0","南投縣","魚池鄉","120.925","23.875","28"
"314","246788","20220710050000","220","2","南投縣","魚池鄉","120.925","23.885","282"
"246","246822","20220710050000","181","2","南投縣","魚池鄉","120.905","23.880","224"
"13","246823","20220710050000","18","0","南投縣","魚池鄉","120.875","23.885","16"
"22","246824","20220710050000","182","0","南投縣","魚池鄉","120.880","23.885","22"
"58","246826","20220710050000","73","0","南投縣","魚池鄉","120.890","23.885","56"
"17","246832","20220710050000","20","0","南投縣","魚池鄉","120.880","23.890","17"
"61","246857","20220710050000","54","1","南投縣","魚池鄉","120.890","23.905","37"
"29","246858","20220710050000","31","0","南投縣","魚池鄉","120.895","23.905","30"
"93","246870","20220710050000","201","0","南投縣","魚池鄉","120.890","23.910","125"
"225","246893","20220710050000","245","0","南投縣","魚池鄉","120.955","23.900","228"
"278","246906","20220710050000","251","1","南投縣","魚池鄉","120.955","23.910","266"
"134","246920","20220710050000","141","0","南投縣","魚池鄉","120.965","23.915","127"
"69","246922","20220710050000","107","0","南投縣","魚池鄉","120.965","23.920","73"
"20","246930","20220710050000","24","0","南投縣","魚池鄉","120.950","23.865","16"
"158","246935","20220710050000","143","1","南投縣","魚池鄉","120.945","23.870","143"
"44","246941","20220710050000","82","0","南投縣","魚池鄉","120.950","23.875","33"
"38","246955","20220710050000","481","0","南投縣","魚池鄉","120.905","23.905","38"
"453","246964","20220710050000","414","1","南投縣","魚池鄉","120.920","23.910","378"
"132","246970","20220710050000","96","2","南投縣","魚池鄉","120.920","23.915","90"
"327","246989","20220710050000","298","1","南投縣","魚池鄉","120.925","23.910","274"
"226","247005","20220710050000","141","3","南投縣","魚池鄉","120.945","23.925","202"
"1468","247013","20220710050000","1056","2","南投縣","魚池鄉","120.930","23.850","1234"
"70","247024","20220710050000","46","3","南投縣","魚池鄉","120.935","23.855","43"
"529","247088","20220710050000","530","0","南投縣","魚池鄉","120.965","23.890","497"
"728","247100","20220710050000","288","3","南投縣","魚池鄉","120.940","23.895","718"
"27","247101","20220710050000","19","2","南投縣","魚池鄉","120.945","23.895","15"
"79","247117","20220710050000","44","3","彰化縣","竹塘鄉","120.400","23.860","78"
"191","247119","20220710050000","155","2","彰化縣","竹塘鄉","120.410","23.860","202"
"1106","247156","20220710050000","977","1","彰化縣","社頭鄉","120.595","23.900","1102"
"44","247158","20220710050000","207","0","彰化縣","田尾鄉","120.550","23.890","46"
"109","247160","20220710050000","112","0","彰化縣","田尾鄉","120.555","23.895","113"
"15","247163","20220710050000","277","0","彰化縣","田尾鄉","120.560","23.900","21"
"591","247166","20220710050000","640","0","彰化縣","田尾鄉","120.525","23.905","604"
"34","247170","20220710050000","15","3","彰化縣","田尾鄉","120.520","23.890","23"
"561","247187","20220710050000","627","0","彰化縣","田尾鄉","120.500","23.920","592"
"82","247189","20220710050000","658","0","彰化縣","溪湖鎮","120.475","23.925","88"
"2573","247194","20220710050000","392","3","彰化縣","社頭鄉","120.585","23.895","2621"
"322","247207","20220710050000","271","1","彰化縣","社頭鄉","120.605","23.895","307"
"28","247218","20220710050000","182","0","彰化縣","田尾鄉","120.540","23.885","29"
"390","247222","20220710050000","569","0","彰化縣","田中鎮","120.585","23.865","375"
"452","247224","20220710050000","463","0","彰化縣","田中鎮","120.585","23.850","472"
"43","247227","20220710050000","741","0","彰化縣","田中鎮","120.600","23.855","35"
"1115","247235","20220710050000","904","2","彰化縣","田中鎮","120.590","23.855","1124"
"43","247238","20220710050000","44","0","彰化縣","田尾鄉","120.530","23.895","43"
"219","247244","20220710050000","186","1","彰化縣","北斗鎮","120.545","23.880","212"
"33","247248","20220710050000","40","0","彰化縣","田尾鄉","120.550","23.885","31"
"275","247250","20220710050000","238","1","彰化縣","田尾鄉","120.560","23.890","277"
"113","247251","20220710050000","107","1","彰化縣","田尾鄉","120.565","23.890","112"
"20","247253","20220710050000","428","0","彰化縣","田尾鄉","120.535","23.900","18"
"63","247259","20220710050000","901","0","彰化縣","田尾鄉","120.550","23.900","77"
"517","247268","20220710050000","464","1","彰化縣","社頭鄉","120.585","23.920","539"
"75","247277","20220710050000","59","2","彰化縣","社頭鄉","120.615","23.885","51"
"428","247283","20220710050000","346","2","彰化縣","社頭鄉","120.610","23.890","439"
"18","247286","20220710050000","24","0","彰化縣","社頭鄉","120.570","23.910","17"
"35","247288","20220710050000","44","0","彰化縣","永靖鄉","120.575","23.915","42"
"61","247290","20220710050000","42","2","彰化縣","永靖鄉","120.575","23.920","61"
"20","247291","20220710050000","323","0","彰化縣","社頭鄉","120.595","23.920","23"
"20","247293","20220710050000","342","0","彰化縣","社頭鄉","120.605","23.920","18"
"532","247305","20220710050000","534","0","彰化縣","北斗鎮","120.570","23.850","550"
"301","247308","20220710050000","260","1","彰化縣","田中鎮","120.575","23.855","301"
"583","247312","20220710050000","558","1","彰化縣","田中鎮","120.605","23.855","618"
"492","247316","20220710050000","1157","0","彰化縣","田中鎮","120.580","23.860","468"
"564","247328","20220710050000","390","2","彰化縣","社頭鄉","120.575","23.900","409"
"347","247336","20220710050000","307","1","彰化縣","社頭鄉","120.610","23.905","337"
"20","247347","20220710050000","13","3","彰化縣","社頭鄉","120.630","23.905","15"
"473","247352","20220710050000","437","1","彰化縣","田中鎮","120.560","23.865","477"
"163","247353","20220710050000","182","0","彰化縣","田中鎮","120.565","23.865","165"
"261","247359","20220710050000","118","3","彰化縣","田中鎮","120.590","23.865","237"
"586","247361","20220710050000","591","0","彰化縣","田中鎮","120.585","23.870","582"
"470","247365","20220710050000","479","0","彰化縣","田中鎮","120.585","23.860","446"
"208","247366","20220710050000","189","1","彰化縣","田中鎮","120.570","23.875","198"
"13","247367","20220710050000","227","0","彰化縣","田中鎮","120.560","23.880","14"
"329","247377","20220710050000","307","1","彰化縣","田中鎮","120.605","23.870","307"
"142","247383","20220710050000","163","0","彰化縣","田中鎮","120.605","23.875","156"
"282","247399","20220710050000","208","2","彰化縣","田中鎮","120.595","23.855","253"
"61","247400","20220710050000","293","0","彰化縣","田中鎮","120.590","23.860","61"
"671","247403","20220710050000","327","3","彰化縣","社頭鄉","120.590","23.900","707"
"969","247409","20220710050000","327","3","彰化縣","社頭鄉","120.585","23.885","940"
"130","247637","20220710050000","68","3","花蓮縣","壽豐鄉","121.610","23.920","129"
"264","252412","20220710050000","111","3","花蓮縣","花蓮市","121.640","23.995","242"
"53","252926","20220710050000","48","1","臺中市","霧峰區","120.705","24.010","55"
"215","253141","20220710050000","141","3","花蓮縣","秀林鄉","121.505","23.945","224"
"362","253374","20220710050000","259","2","花蓮縣","秀林鄉","121.555","24.005","345"
"211","253376","20220710050000","229","0","花蓮縣","新城鄉","121.615","24.005","208"
"175","253382","20220710050000","170","1","花蓮縣","吉安鄉","121.580","23.925","154"
"185","253393","20220710050000","150","2","花蓮縣","吉安鄉","121.585","23.930","204"
"244","253400","20220710050000","103","3","花蓮縣","吉安鄉","121.580","23.935","245"
"860","253410","20220710050000","602","2","花蓮縣","吉安鄉","121.595","23.940","840"
"543","253413","20220710050000","456","1","花蓮縣","吉安鄉","121.575","23.945","533"
"1575","253414","20220710050000","837","3","花蓮縣","吉安鄉","121.585","23.975","1532"
"218","253433","20220710050000","194","1","花蓮縣","吉安鄉","121.550","23.945","189"
"159","253436","20220710050000","133","1","花蓮縣","吉安鄉","121.525","23.945","164"
"11","253450","20220710050000","17","0","花蓮縣","吉安鄉","121.580","23.950","12"
"1472","253452","20220710050000","957","3","花蓮縣","吉安鄉","121.590","23.950","1452"
"814","253454","20220710050000","702","1","花蓮縣","吉安鄉","121.590","23.955","851"
"526","253457","20220710050000","421","2","花蓮縣","吉安鄉","121.590","23.945","535"
"532","253463","20220710050000","397","2","花蓮縣","吉安鄉","121.600","23.945","580"
"1042","253470","20220710050000","1910","0","花蓮縣","吉安鄉","121.590","23.965","1011"
"1137","253471","20220710050000","442","3","花蓮縣","吉安鄉","121.590","23.970","1117"
"2980","253472","20220710050000","2574","1","花蓮縣","花蓮市","121.590","23.975","2910"
"1177","253475","20220710050000","1165","1","花蓮縣","吉安鄉","121.590","23.980","1082"
"419","253477","20220710050000","416","1","花蓮縣","吉安鄉","121.585","23.985","438"
"303","253478","20220710050000","255","1","花蓮縣","吉安鄉","121.585","23.980","298"
"934","253479","20220710050000","756","2","花蓮縣","花蓮市","121.600","23.985","946"
"376","253480","20220710050000","312","2","花蓮縣","吉安鄉","121.580","23.985","386"
"552","253481","20220710050000","526","1","花蓮縣","吉安鄉","121.585","23.990","539"
"2424","253482","20220710050000","1451","3","花蓮縣","花蓮市","121.595","23.990","2392"
"1911","253484","20220710050000","1164","3","花蓮縣","吉安鄉","121.580","23.970","1914"
"573","253485","20220710050000","491","1","花蓮縣","吉安鄉","121.585","23.970","509"
"163","253506","20220710050000","128","2","花蓮縣","吉安鄉","121.570","23.965","165"
"509","253507","20220710050000","283","3","花蓮縣","吉安鄉","121.575","23.965","467"
"584","253508","20220710050000","351","3","花蓮縣","吉安鄉","121.565","23.970","585"
"93","253517","20220710050000","97","0","花蓮縣","吉安鄉","121.560","23.975","84"
"1545","253520","20220710050000","960","3","花蓮縣","吉安鄉","121.580","23.975","1518"
"651","253542","20220710050000","573","1","花蓮縣","吉安鄉","121.555","23.990","679"
"136","253545","20220710050000","124","1","花蓮縣","吉安鄉","121.570","23.990","127"
"485","253552","20220710050000","299","3","花蓮縣","吉安鄉","121.570","23.975","512"
"924","253554","20220710050000","306","3","花蓮縣","吉安鄉","121.565","23.980","916"
"1582","253555","20220710050000","1059","2","花蓮縣","吉安鄉","121.570","23.980","1596"
"452","253556","20220710050000","378","1","花蓮縣","吉安鄉","121.575","23.980","449"
"42","253557","20220710050000","33","2","花蓮縣","吉安鄉","121.555","23.985","42"
"795","253559","20220710050000","262","3","花蓮縣","吉安鄉","121.565","23.985","774"
"277","253561","20220710050000","153","3","花蓮縣","吉安鄉","121.605","23.955","254"
"713","253562","20220710050000","440","3","花蓮縣","吉安鄉","121.595","23.960","713"
"572","253563","20220710050000","412","2","花蓮縣","吉安鄉","121.600","23.960","548"
"1586","253565","20220710050000","1740","0","花蓮縣","吉安鄉","121.595","23.965","1565"
"546","253569","20220710050000","580","0","花蓮縣","吉安鄉","121.575","23.985","569"
"531","253575","20220710050000","314","3","花蓮縣","吉安鄉","121.570","23.940","523"
"655","253584","20220710050000","600","1","花蓮縣","吉安鄉","121.560","23.950","654"
"878","253594","20220710050000","766","1","花蓮縣","吉安鄉","121.550","23.965","854"
"69","253595","20220710050000","44","3","花蓮縣","吉安鄉","121.555","23.965","64"
"968","253596","20220710050000","860","1","花蓮縣","吉安鄉","121.560","23.965","939"
"1076","253597","20220710050000","645","3","花蓮縣","吉安鄉","121.565","23.965","1077"
"542","253603","20220710050000","208","3","花蓮縣","吉安鄉","121.560","23.970","535"
"510","253608","20220710050000","216","3","花蓮縣","吉安鄉","121.580","23.955","428"
"1015","253609","20220710050000","917","1","花蓮縣","吉安鄉","121.570","23.960","992"
"471","253611","20220710050000","497","0","花蓮縣","吉安鄉","121.580","23.960","487"
"341","253627","20220710050000","280","2","花蓮縣","吉安鄉","121.535","23.930","347"
"649","253648","20220710050000","514","2","花蓮縣","花蓮市","121.625","23.985","575"
"1329","253649","20220710050000","1315","1","花蓮縣","花蓮市","121.620","24.005","1374"
"67","253650","20220710050000","56","1","彰化縣","二林鎮","120.420","23.955","77"
"99","253656","20220710050000","101","0","彰化縣","二林鎮","120.415","23.965","113"
"379","253670","20220710050000","258","2","彰化縣","二林鎮","120.440","23.930","407"
"2008","253672","20220710050000","1565","2","彰化縣","員林鎮","120.580","23.955","1974"
"643","253673","20220710050000","564","1","彰化縣","員林鎮","120.585","23.955","654"
"528","253675","20220710050000","898","0","彰化縣","員林鎮","120.565","23.950","513"
"311","253677","20220710050000","303","1","彰化縣","埔心鄉","120.560","23.940","343"
"738","253681","20220710050000","717","1","彰化縣","員林鎮","120.565","23.945","790"
"12","253686","20220710050000","11","1","彰化縣","員林鎮","120.610","23.980","12"
"1543","253688","20220710050000","1277","2","彰化縣","員林鎮","120.570","23.960","1557"
"2449","253689","20220710050000","2497","0","彰化縣","員林鎮","120.570","23.955","2486"
"267","253764","20220710050000","215","2","花蓮縣","秀林鄉","121.505","23.960","272"
"175","253789","20220710050000","74","3","花蓮縣","秀林鄉","121.495","23.965","156"
"1546","254233","20220710050000","1735","0","花蓮縣","花蓮市","121.605","23.975","1453"
"2673","254234","20220710050000","2192","2","花蓮縣","花蓮市","121.600","23.975","2674"
"1686","254236","20220710050000","1296","2","花蓮縣","花蓮市","121.625","23.990","1684"
"699","254237","20220710050000","703","0","花蓮縣","花蓮市","121.630","23.985","710"
"1314","254238","20220710050000","1094","2","花蓮縣","花蓮市","121.630","23.990","1342"
"2369","254240","20220710050000","2059","1","花蓮縣","花蓮市","121.635","23.995","2390"
"80","254242","20220710050000","51","3","南投縣","國姓鄉","120.880","23.970","36"
"306","254247","20220710050000","292","1","南投縣","國姓鄉","120.875","23.975","315"
"29","254256","20220710050000","29","1","南投縣","國姓鄉","120.885","23.980","31"
"252","254260","20220710050000","261","0","南投縣","國姓鄉","120.870","23.985","247"
"213","254328","20220710050000","243","0","南投縣","國姓鄉","120.830","23.945","147"
"33","254335","20220710050000","35","0","南投縣","國姓鄉","120.865","23.945","32"
"110","254346","20220710050000","87","2","南投縣","國姓鄉","120.865","23.950","105"
"106","254349","20220710050000","106","1","南投縣","中寮鄉","120.830","23.955","91"
"42","254374","20220710050000","29","2","南投縣","國姓鄉","120.860","23.960","38"
"51","254379","20220710050000","31","3","南投縣","中寮鄉","120.835","23.965","43"
"187","254397","20220710050000","149","2","南投縣","國姓鄉","120.865","23.975","175"
"857","254400","20220710050000","736","1","南投縣","埔里鎮","120.970","23.955","799"
"833","254401","20220710050000","577","2","南投縣","埔里鎮","120.990","23.945","805"
"1281","254411","20220710050000","2404","0","南投縣","埔里鎮","120.975","23.955","1349"
"2292","254415","20220710050000","1757","2","南投縣","埔里鎮","120.975","23.960","2253"
"11","254418","20220710050000","25","0","南投縣","埔里鎮","120.990","23.960","11"
"186","254447","20220710050000","205","0","南投縣","埔里鎮","120.925","23.940","182"
"120","254450","20220710050000","140","0","南投縣","埔里鎮","120.940","23.940","121"
"236","254465","20220710050000","321","0","南投縣","埔里鎮","120.915","23.950","211"
"97","254467","20220710050000","369","0","南投縣","埔里鎮","120.925","23.950","106"
"310","254470","20220710050000","281","1","南投縣","埔里鎮","120.940","23.950","292"
"190","254481","20220710050000","201","0","南投縣","埔里鎮","120.915","23.955","184"
"210","254490","20220710050000","314","0","南投縣","埔里鎮","120.980","23.935","231"
"66","254499","20220710050000","74","0","南投縣","埔里鎮","120.995","23.940","62"
"459","254504","20220710050000","403","1","南投縣","埔里鎮","120.970","23.945","445"
"476","254506","20220710050000","387","2","南投縣","埔里鎮","120.980","23.945","456"
"625","254510","20220710050000","464","2","南投縣","埔里鎮","120.965","23.950","674"
"427","254512","20220710050000","563","0","南投縣","埔里鎮","120.975","23.950","428"
"2201","254517","20220710050000","2074","1","南投縣","埔里鎮","120.970","23.970","2175"
"379","254519","20220710050000","267","2","南投縣","埔里鎮","120.975","23.975","395"
"30","254520","20220710050000","111","0","南投縣","埔里鎮","120.970","23.980","31"
"302","254538","20220710050000","129","3","南投縣","中寮鄉","120.790","23.945","293"
"11","254548","20220710050000","14","0","南投縣","中寮鄉","120.790","23.955","17"
"437","254550","20220710050000","955","0","南投縣","埔里鎮","120.970","23.965","434"
"267","254560","20220710050000","306","0","南投縣","埔里鎮","120.945","23.960","267"
"23","254571","20220710050000","236","0","南投縣","埔里鎮","120.930","23.970","16"
"379","254589","20220710050000","381","0","南投縣","埔里鎮","120.955","24.005","396"
"1023","254592","20220710050000","992","1","南投縣","埔里鎮","120.965","23.955","985"
"35","254599","20220710050000","23","3","南投縣","埔里鎮","120.915","23.990","39"
"27","254619","20220710050000","45","0","南投縣","埔里鎮","120.915","24.005","28"
"856","254621","20220710050000","471","3","南投縣","埔里鎮","120.960","23.960","852"
"150","254622","20220710050000","116","2","南投縣","埔里鎮","120.965","23.960","129"
"73","254624","20220710050000","1073","0","南投縣","埔里鎮","120.955","23.965","69"
"527","254627","20220710050000","797","0","南投縣","埔里鎮","120.960","23.970","527"
"714","254629","20220710050000","708","1","南投縣","埔里鎮","120.955","23.975","714"
"825","254633","20220710050000","921","0","南投縣","埔里鎮","120.980","23.980","846"
"40","254641","20220710050000","198","0","南投縣","埔里鎮","120.955","23.955","41"
"481","254658","20220710050000","411","1","南投縣","埔里鎮","120.980","23.990","462"
"214","254675","20220710050000","237","0","南投縣","埔里鎮","120.960","24.000","213"
"37","254680","20220710050000","33","1","南投縣","埔里鎮","120.985","24.000","36"
"29","254694","20220710050000","380","0","南投縣","埔里鎮","120.955","23.940","28"
"422","254705","20220710050000","362","1","南投縣","埔里鎮","120.970","24.005","411"
"208","254706","20220710050000","196","1","南投縣","埔里鎮","120.975","24.005","202"
"587","254712","20220710050000","538","1","花蓮縣","花蓮市","121.610","23.970","586"
"1675","254713","20220710050000","1132","2","花蓮縣","花蓮市","121.600","23.965","1665"
"676","254714","20220710050000","584","1","花蓮縣","花蓮市","121.610","23.985","630"
"1483","254716","20220710050000","1508","0","花蓮縣","花蓮市","121.605","23.980","1520"
"1270","254717","20220710050000","1078","1","花蓮縣","花蓮市","121.600","23.980","1265"
"752","254719","20220710050000","1041","0","花蓮縣","花蓮市","121.605","23.985","737"
"37","254721","20220710050000","94","0","花蓮縣","花蓮市","121.600","23.970","28"
"1742","254723","20220710050000","2176","0","花蓮縣","花蓮市","121.605","23.970","1578"
"50","254728","20220710050000","93","0","花蓮縣","花蓮市","121.615","23.985","49"
"1133","254729","20220710050000","1184","0","花蓮縣","花蓮市","121.620","24.000","1124"
"1689","254730","20220710050000","1615","1","花蓮縣","花蓮市","121.625","23.995","1638"
"995","254732","20220710050000","691","2","花蓮縣","花蓮市","121.615","23.975","1030"
"404","254733","20220710050000","382","1","花蓮縣","花蓮市","121.615","23.980","401"
"1548","254735","20220710050000","1141","2","花蓮縣","吉安鄉","121.590","23.985","1589"
"110","254742","20220710050000","180","0","花蓮縣","花蓮市","121.610","24.005","110"
"36","254743","20220710050000","159","0","花蓮縣","吉安鄉","121.580","23.990","37"
"754","254745","20220710050000","381","3","花蓮縣","吉安鄉","121.590","23.990","784"
"429","254746","20220710050000","570","0","花蓮縣","花蓮市","121.585","23.995","423"
"530","254747","20220710050000","496","1","花蓮縣","花蓮市","121.590","23.995","526"
"694","254748","20220710050000","782","0","花蓮縣","花蓮市","121.595","23.995","686"
"391","254754","20220710050000","534","0","花蓮縣","花蓮市","121.590","24.005","358"
"402","254755","20220710050000","400","1","花蓮縣","花蓮市","121.595","24.005","450"
"1456","254756","20220710050000","1617","0","花蓮縣","花蓮市","121.595","23.970","1411"
"909","254757","20220710050000","603","3","花蓮縣","花蓮市","121.595","23.975","887"
"2434","254766","20220710050000","2288","1","彰化縣","員林鎮","120.570","23.970","2443"
"627","254767","20220710050000","578","1","彰化縣","員林鎮","120.575","23.970","662"
"711","254769","20220710050000","651","1","花蓮縣","花蓮市","121.610","23.975","689"
"2015","254770","20220710050000","1044","3","花蓮縣","花蓮市","121.610","23.980","1903"
"866","254771","20220710050000","803","1","花蓮縣","花蓮市","121.615","24.000","824"
"27","254772","20220710050000","22","2","花蓮縣","花蓮市","121.560","24.000","21"
"197","254777","20220710050000","199","0","花蓮縣","花蓮市","121.575","24.005","208"
"2471","254779","20220710050000","2392","1","花蓮縣","花蓮市","121.600","23.990","2444"
"929","254780","20220710050000","939","0","花蓮縣","花蓮市","121.610","23.990","951"
"3150","254781","20220710050000","3324","0","花蓮縣","花蓮市","121.605","23.990","3130"
"702","254782","20220710050000","718","0","花蓮縣","花蓮市","121.605","23.995","733"
"3081","254783","20220710050000","2796","1","花蓮縣","吉安鄉","121.575","23.990","3127"
"1546","254784","20220710050000","1336","1","花蓮縣","吉安鄉","121.565","23.995","1560"
"504","254785","20220710050000","362","2","花蓮縣","花蓮市","121.570","23.995","513"
"165","254786","20220710050000","264","0","花蓮縣","花蓮市","121.575","23.995","157"
"1180","254789","20220710050000","1300","0","花蓮縣","吉安鄉","121.595","23.985","1083"
"2369","254790","20220710050000","1629","2","花蓮縣","花蓮市","121.600","23.995","2354"
"18","254887","20220710050000","141","0","南投縣","中寮鄉","120.780","23.945","23"
"254","254901","20220710050000","272","0","南投縣","中寮鄉","120.765","23.940","266"
"217","254913","20220710050000","204","1","彰化縣","員林鎮","120.550","23.975","230"
"565","254920","20220710050000","543","1","彰化縣","員林鎮","120.580","23.935","568"
"60","254922","20220710050000","137","0","彰化縣","員林鎮","120.575","23.940","62"
"382","254925","20220710050000","299","2","彰化縣","員林鎮","120.580","23.945","352"
"74","254926","20220710050000","389","0","彰化縣","員林鎮","120.575","23.945","88"
"751","254940","20220710050000","610","2","花蓮縣","花蓮市","121.620","23.985","686"
"529","254941","20220710050000","524","1","花蓮縣","花蓮市","121.615","23.990","508"
"237","254942","20220710050000","220","1","花蓮縣","花蓮市","121.620","23.990","230"
"14","254945","20220710050000","10","2","花蓮縣","花蓮市","121.630","23.995","21"
"83","254950","20220710050000","63","2","花蓮縣","花蓮市","121.645","24.005","88"
"580","254952","20220710050000","506","1","彰化縣","埔心鄉","120.520","23.965","582"
"25","254964","20220710050000","71","0","彰化縣","芳苑鄉","120.325","23.940","32"
"369","254974","20220710050000","254","2","彰化縣","芳苑鄉","120.330","23.940","349"
"1969","255019","20220710050000","1250","3","彰化縣","員林鎮","120.565","23.965","1970"
"126","255021","20220710050000","704","0","彰化縣","員林鎮","120.600","23.965","136"
"69","255024","20220710050000","50","2","彰化縣","員林鎮","120.610","23.970","62"
"418","255030","20220710050000","375","1","彰化縣","埔心鄉","120.530","23.940","421"
"24","255038","20220710050000","628","0","彰化縣","埔鹽鄉","120.480","23.990","23"
"166","255039","20220710050000","164","1","彰化縣","埔鹽鄉","120.500","23.975","171"
"147","255044","20220710050000","256","0","南投縣","南投市","120.700","23.930","127"
"227","255046","20220710050000","185","2","南投縣","南投市","120.635","23.935","230"
"195","255053","20220710050000","138","2","南投縣","南投市","120.635","23.945","204"
"577","255063","20220710050000","662","0","彰化縣","永靖鄉","120.555","23.935","556"
"44","255064","20220710050000","385","0","彰化縣","永靖鄉","120.560","23.930","37"
"613","255065","20220710050000","580","1","彰化縣","員林鎮","120.555","23.960","633"
"351","255068","20220710050000","143","3","彰化縣","員林鎮","120.560","23.965","353"
"465","255069","20220710050000","350","2","彰化縣","員林鎮","120.555","23.970","499"
"1515","255073","20220710050000","1444","1","南投縣","南投市","120.690","23.945","1588"
"1238","255074","20220710050000","1093","1","南投縣","南投市","120.690","23.950","1240"
"31","255075","20220710050000","195","0","南投縣","南投市","120.685","23.950","26"
"50","255078","20220710050000","263","0","南投縣","南投市","120.675","23.945","60"
"45","255079","20220710050000","532","0","南投縣","南投市","120.680","23.945","53"
"125","255081","20220710050000","167","0","南投縣","草屯鎮","120.675","23.950","142"
"264","255088","20220710050000","305","0","南投縣","南投市","120.660","23.935","256"
"117","255092","20220710050000","244","0","南投縣","南投市","120.665","23.940","113"
"143","255094","20220710050000","118","2","南投縣","南投市","120.650","23.945","163"
"12","255100","20220710050000","114","0","南投縣","南投市","120.655","23.950","19"
"27","255107","20220710050000","28","0","南投縣","南投市","120.650","23.955","25"
"349","255130","20220710050000","256","2","彰化縣","芳苑鄉","120.315","23.930","346"
"11","255153","20220710050000","120","0","彰化縣","芳苑鄉","120.380","23.940","15"
"634","255158","20220710050000","392","3","彰化縣","芳苑鄉","120.380","23.955","626"
"177","255176","20220710050000","445","0","彰化縣","埔心鄉","120.555","23.940","188"
"1219","255177","20220710050000","1264","0","彰化縣","埔心鄉","120.540","23.950","1129"
"23","255178","20220710050000","547","0","彰化縣","埔心鄉","120.545","23.950","22"
"89","255179","20220710050000","83","1","彰化縣","埔心鄉","120.540","23.955","94"
"353","255199","20220710050000","304","1","彰化縣","二林鎮","120.420","23.950","374"
"398","255210","20220710050000","476","0","彰化縣","永靖鄉","120.550","23.930","437"
"291","255220","20220710050000","318","0","彰化縣","大村鄉","120.585","23.990","313"
"716","255222","20220710050000","804","0","彰化縣","大村鄉","120.580","23.995","731"
"18","255223","20220710050000","22","0","彰化縣","大村鄉","120.585","23.995","18"
"46","255227","20220710050000","37","2","彰化縣","大村鄉","120.590","23.995","41"
"31","255230","20220710050000","35","0","彰化縣","大村鄉","120.605","23.995","34"
"113","255232","20220710050000","182","0","彰化縣","大村鄉","120.595","24.000","117"
"613","255234","20220710050000","539","1","彰化縣","大村鄉","120.570","23.975","623"
"728","255238","20220710050000","527","2","彰化縣","大村鄉","120.535","24.000","718"
"24","255239","20220710050000","233","0","彰化縣","大村鄉","120.540","24.000","22"
"279","255251","20220710050000","220","2","彰化縣","埔心鄉","120.515","23.970","296"
"44","255257","20220710050000","46","0","彰化縣","埔心鄉","120.540","23.965","50"
"514","255261","20220710050000","237","3","彰化縣","埔心鄉","120.555","23.950","479"
"117","255262","20220710050000","170","0","彰化縣","埔心鄉","120.550","23.955","120"
"374","255263","20220710050000","299","2","彰化縣","埔心鄉","120.555","23.955","384"
"15","255264","20220710050000","285","0","彰化縣","埔心鄉","120.545","23.960","23"
"694","255265","20220710050000","51","3","彰化縣","埔心鄉","120.560","23.945","719"
"469","255266","20220710050000","211","3","彰化縣","埔心鄉","120.550","23.945","474"
"432","255267","20220710050000","388","1","彰化縣","埔心鄉","120.555","23.945","424"
"175","255273","20220710050000","128","2","彰化縣","埔心鄉","120.515","23.940","170"
"193","255276","20220710050000","155","2","彰化縣","埔心鄉","120.525","23.950","166"
"1066","255277","20220710050000","682","3","彰化縣","埔心鄉","120.525","23.945","1072"
"313","255284","20220710050000","330","0","彰化縣","埔心鄉","120.520","23.945","300"
"618","255287","20220710050000","377","3","彰化縣","埔心鄉","120.515","23.950","628"
"217","255292","20220710050000","237","0","南投縣","埔里鎮","120.935","23.995","234"
"270","255308","20220710050000","187","2","南投縣","埔里鎮","120.940","24.005","252"
"113","255309","20220710050000","255","0","南投縣","埔里鎮","120.945","24.005","108"
"558","255312","20220710050000","479","1","彰化縣","溪湖鎮","120.495","23.965","584"
"385","255322","20220710050000","314","2","彰化縣","溪湖鎮","120.510","23.970","359"
"1169","255326","20220710050000","438","3","彰化縣","大村鄉","120.545","23.995","1131"
"354","255337","20220710050000","348","1","彰化縣","大村鄉","120.555","24.000","389"
"564","255339","20220710050000","445","2","彰化縣","大村鄉","120.550","24.005","578"
"27","255345","20220710050000","365","0","彰化縣","大村鄉","120.580","24.000","26"
"86","255351","20220710050000","61","2","彰化縣","大村鄉","120.585","24.000","83"
"422","255359","20220710050000","344","2","彰化縣","大村鄉","120.550","23.980","434"
"932","255361","20220710050000","650","2","彰化縣","大村鄉","120.565","23.980","944"
"435","255365","20220710050000","321","2","彰化縣","大村鄉","120.540","23.975","418"
"79","255366","20220710050000","82","0","彰化縣","大村鄉","120.520","23.980","70"
"17","255371","20220710050000","85","0","彰化縣","芳苑鄉","120.355","23.935","35"
"145","255379","20220710050000","69","3","彰化縣","芳苑鄉","120.365","23.940","167"
"45","255396","20220710050000","255","0","彰化縣","芳苑鄉","120.350","23.975","39"
"454","255400","20220710050000","291","3","彰化縣","芳苑鄉","120.345","23.980","475"
"278","255443","20220710050000","220","2","彰化縣","芳苑鄉","120.390","23.980","271"
"102","255448","20220710050000","92","1","彰化縣","芳苑鄉","120.385","23.985","85"
"1857","255463","20220710050000","1526","2","南投縣","埔里鎮","120.975","23.970","1755"
"60","255464","20220710050000","472","0","彰化縣","埔心鄉","120.560","23.950","69"
"10","255465","20220710050000","188","0","彰化縣","埔心鄉","120.560","23.955","10"
"344","255466","20220710050000","311","1","南投縣","南投市","120.695","23.940","384"
"536","255472","20220710050000","541","0","南投縣","南投市","120.695","23.945","549"
"48","255475","20220710050000","31","3","南投縣","南投市","120.700","23.950","44"
"249","255480","20220710050000","241","1","南投縣","南投市","120.695","23.950","226"
"115","255482","20220710050000","103","1","南投縣","南投市","120.690","23.955","111"
"39","255490","20220710050000","226","0","南投縣","南投市","120.690","23.930","45"
"1309","255491","20220710050000","910","2","南投縣","南投市","120.695","23.930","1323"
"315","255494","20220710050000","654","0","南投縣","南投市","120.690","23.935","314"
"295","255496","20220710050000","287","1","南投縣","南投市","120.700","23.935","293"
"72","255498","20220710050000","470","0","南投縣","南投市","120.710","23.935","64"
"159","255525","20220710050000","877","0","彰化縣","芳苑鄉","120.335","23.960","144"
"117","255535","20220710050000","112","1","彰化縣","芳苑鄉","120.360","23.970","119"
"180","255545","20220710050000","145","2","彰化縣","二林鎮","120.385","23.945","175"
"147","255549","20220710050000","184","0","彰化縣","芳苑鄉","120.385","23.955","170"
"161","255550","20220710050000","133","2","彰化縣","芳苑鄉","120.390","23.955","164"
"202","255551","20220710050000","156","2","彰化縣","芳苑鄉","120.395","23.955","185"
"136","255559","20220710050000","110","2","彰化縣","芳苑鄉","120.385","23.970","122"
"86","255593","20220710050000","68","2","南投縣","國姓鄉","120.855","23.995","77"
"290","255626","20220710050000","264","1","南投縣","國姓鄉","120.840","24.005","305"
"236","255633","20220710050000","201","1","南投縣","國姓鄉","120.815","24.000","214"
"152","255636","20220710050000","97","3","南投縣","國姓鄉","120.815","24.005","166"
"338","255646","20220710050000","344","0","南投縣","埔里鎮","120.955","23.995","338"
"263","255647","20220710050000","183","2","南投縣","埔里鎮","120.960","23.965","264"
"252","255680","20220710050000","199","2","南投縣","埔里鎮","121.000","23.965","235"
"734","255708","20220710050000","785","0","南投縣","埔里鎮","120.995","23.975","694"
"267","255724","20220710050000","209","2","南投縣","埔里鎮","121.005","23.980","214"
"105","255748","20220710050000","122","0","南投縣","埔里鎮","121.020","23.990","80"
"137","255778","20220710050000","168","0","南投縣","仁愛鄉","121.040","24.000","149"
"20","255784","20220710050000","29","0","南投縣","埔里鎮","121.055","24.000","17"
"698","255785","20220710050000","867","0","南投縣","埔里鎮","120.965","23.965","687"
"33","255786","20220710050000","45","0","南投縣","埔里鎮","120.965","23.970","36"
"310","255794","20220710050000","302","1","南投縣","埔里鎮","120.990","23.930","304"
"711","255798","20220710050000","540","2","彰化縣","埔鹽鄉","120.485","24.005","719"
"508","255803","20220710050000","428","1","彰化縣","埔鹽鄉","120.475","23.995","531"
"854","255804","20220710050000","613","2","彰化縣","埔鹽鄉","120.480","23.995","858"
"239","255810","20220710050000","159","3","彰化縣","埔鹽鄉","120.455","24.010","244"
"13","255814","20220710050000","502","0","彰化縣","埔鹽鄉","120.430","23.980","14"
"313","255817","20220710050000","247","2","彰化縣","埔鹽鄉","120.445","23.960","316"
"307","255822","20220710050000","149","3","彰化縣","埔鹽鄉","120.440","23.975","302"
"667","255835","20220710050000","553","2","彰化縣","埔鹽鄉","120.465","24.000","680"
"229","255836","20220710050000","134","3","彰化縣","埔鹽鄉","120.460","24.005","230"
"762","255841","20220710050000","484","3","彰化縣","花壇鄉","120.575","24.005","754"
"281","255861","20220710050000","106","3","彰化縣","埔鹽鄉","120.450","23.985","243"
"37","255868","20220710050000","352","0","彰化縣","埔鹽鄉","120.445","23.985","55"
"345","255875","20220710050000","264","2","彰化縣","埔鹽鄉","120.465","23.970","356"
"187","255894","20220710050000","187","1","彰化縣","埔鹽鄉","120.490","23.990","197"
"14","255901","20220710050000","230","0","彰化縣","埔鹽鄉","120.490","23.975","25"
"60","255903","20220710050000","490","0","彰化縣","埔鹽鄉","120.480","23.980","58"
"547","255912","20220710050000","449","2","彰化縣","大村鄉","120.530","23.990","572"
"569","255913","20220710050000","421","2","彰化縣","大村鄉","120.535","23.990","550"
"1130","255917","20220710050000","1113","1","彰化縣","大村鄉","120.555","23.990","1140"
"174","255920","20220710050000","332","0","彰化縣","大村鄉","120.575","23.985","180"
"423","255921","20220710050000","316","2","彰化縣","大村鄉","120.580","23.985","421"
"493","255923","20220710050000","408","2","彰化縣","大村鄉","120.590","23.985","501"
"128","255924","20220710050000","97","2","彰化縣","大村鄉","120.595","23.985","131"
"157","255941","20220710050000","145","1","彰化縣","大村鄉","120.540","23.980","155"
"289","255950","20220710050000","288","1","彰化縣","大村鄉","120.510","23.985","284"
"321","255953","20220710050000","159","3","彰化縣","大村鄉","120.520","23.985","318"
"112","255956","20220710050000","951","0","彰化縣","大村鄉","120.560","23.990","119"
"48","255962","20220710050000","36","2","彰化縣","埔鹽鄉","120.430","23.995","45"
"400","255975","20220710050000","214","3","彰化縣","埔鹽鄉","120.420","23.990","397"
"79","255987","20220710050000","526","0","彰化縣","埔鹽鄉","120.450","24.005","90"
"342","256002","20220710050000","509","0","南投縣","埔里鎮","120.945","23.965","338"
"108","256004","20220710050000","835","0","南投縣","埔里鎮","120.945","23.970","95"
"88","256025","20220710050000","82","1","南投縣","埔里鎮","120.890","23.955","96"
"1123","256042","20220710050000","1152","0","南投縣","埔里鎮","120.945","23.975","1095"
"484","256043","20220710050000","466","1","南投縣","埔里鎮","120.925","23.980","502"
"57","256061","20220710050000","63","0","彰化縣","員林鎮","120.605","23.950","63"
"1165","256062","20220710050000","658","3","彰化縣","員林鎮","120.605","23.955","1164"
"49","256063","20220710050000","421","0","南投縣","南投市","120.670","23.930","66"
"57","256065","20220710050000","244","0","南投縣","南投市","120.675","23.935","45"
"22","256071","20220710050000","23","0","南投縣","南投市","120.730","23.930","26"
"184","256085","20220710050000","115","3","南投縣","南投市","120.660","23.930","187"
"77","256086","20220710050000","62","2","南投縣","南投市","120.665","23.930","78"
"647","256089","20220710050000","556","1","南投縣","南投市","120.670","23.940","634"
"346","256091","20220710050000","309","1","彰化縣","員林鎮","120.570","23.965","331"
"1336","256092","20220710050000","1766","0","彰化縣","員林鎮","120.575","23.965","1360"
"1947","256094","20220710050000","1609","2","彰化縣","員林鎮","120.580","23.960","1937"
"12","256095","20220710050000","15","0","彰化縣","員林鎮","120.585","23.960","12"
"2373","256096","20220710050000","1168","3","彰化縣","員林鎮","120.580","23.965","2360"
"116","256144","20220710050000","117","0","南投縣","仁愛鄉","121.080","23.995","102"
"155","256164","20220710050000","126","2","南投縣","仁愛鄉","121.085","24.000","153"
"114","256171","20220710050000","81","2","南投縣","仁愛鄉","121.070","24.005","118"
"75","256180","20220710050000","31","3","南投縣","仁愛鄉","121.130","23.980","70"
"345","256187","20220710050000","300","1","南投縣","仁愛鄉","121.100","23.990","365"
"109","256354","20220710050000","46","3","南投縣","仁愛鄉","121.075","23.930","93"
"219","256404","20220710050000","133","3","南投縣","仁愛鄉","121.075","23.950","214"
"30","256598","20220710050000","17","3","南投縣","仁愛鄉","121.120","23.950","19"
"91","256646","20220710050000","51","3","南投縣","仁愛鄉","121.180","23.955","95"
"109","256716","20220710050000","53","3","南投縣","仁愛鄉","121.130","23.960","120"
"132","256753","20220710050000","77","3","南投縣","仁愛鄉","121.105","23.965","137"
"102","256953","20220710050000","1458","0","彰化縣","員林鎮","120.575","23.950","100"
"802","256956","20220710050000","565","2","彰化縣","員林鎮","120.595","23.960","826"
"51","256962","20220710050000","41","2","彰化縣","員林鎮","120.615","23.950","54"
"214","256968","20220710050000","138","3","彰化縣","員林鎮","120.625","23.955","200"
"28","256971","20220710050000","259","0","彰化縣","員林鎮","120.550","23.965","23"
"25","256976","20220710050000","41","0","彰化縣","員林鎮","120.605","23.945","27"
"72","256977","20220710050000","71","1","彰化縣","員林鎮","120.610","23.945","70"
"163","256978","20220710050000","178","0","彰化縣","員林鎮","120.615","23.945","145"
"1235","256982","20220710050000","1276","0","彰化縣","員林鎮","120.565","23.955","1278"
"1394","256983","20220710050000","1215","1","彰化縣","員林鎮","120.565","23.960","1341"
"497","256986","20220710050000","326","3","彰化縣","員林鎮","120.595","23.975","524"
"680","256988","20220710050000","491","2","彰化縣","大村鄉","120.590","23.980","668"
"1671","256995","20220710050000","1236","2","彰化縣","員林鎮","120.575","23.955","1699"
"89","256996","20220710050000","72","2","彰化縣","員林鎮","120.595","23.935","80"
"87","256997","20220710050000","507","0","彰化縣","員林鎮","120.605","23.935","81"
"13","257007","20220710050000","24","0","彰化縣","員林鎮","120.620","23.940","15"
"332","257021","20220710050000","306","1","彰化縣","二林鎮","120.415","23.955","322"
"102","257028","20220710050000","93","1","彰化縣","二林鎮","120.430","23.955","120"
"487","257055","20220710050000","411","1","彰化縣","二林鎮","120.400","23.930","461"
"671","257083","20220710050000","576","1","南投縣","草屯鎮","120.670","23.950","696"
"186","257088","20220710050000","925","0","南投縣","草屯鎮","120.680","23.960","194"
"75","257089","20220710050000","735","0","南投縣","草屯鎮","120.680","23.965","92"
"55","257092","20220710050000","561","0","彰化縣","員林鎮","120.570","23.945","59"
"546","257094","20220710050000","490","1","彰化縣","員林鎮","120.590","23.950","576"
"306","257095","20220710050000","196","3","彰化縣","員林鎮","120.595","23.950","306"
"1072","257097","20220710050000","927","1","彰化縣","員林鎮","120.570","23.950","1097"
"63","257100","20220710050000","599","0","彰化縣","員林鎮","120.585","23.970","73"
"403","257103","20220710050000","311","2","彰化縣","二林鎮","120.455","23.930","414"
"192","257115","20220710050000","164","1","彰化縣","二林鎮","120.445","23.945","187"
"986","257118","20220710050000","764","2","彰化縣","二林鎮","120.440","23.950","989"
"432","257124","20220710050000","490","0","彰化縣","員林鎮","120.590","23.940","460"
"220","257135","20220710050000","228","0","彰化縣","埔心鄉","120.510","23.940","220"
"14","257145","20220710050000","356","0","彰化縣","溪湖鎮","120.485","23.940","17"
"352","257149","20220710050000","249","2","彰化縣","溪湖鎮","120.480","23.955","327"
"168","257152","20220710050000","833","0","南投縣","草屯鎮","120.685","23.975","151"
"660","257154","20220710050000","584","1","南投縣","草屯鎮","120.725","23.980","681"
"71","257160","20220710050000","70","1","南投縣","草屯鎮","120.720","23.990","73"
"140","257162","20220710050000","132","1","南投縣","草屯鎮","120.730","23.990","133"
"486","257166","20220710050000","319","3","南投縣","草屯鎮","120.680","23.970","483"
"2037","257168","20220710050000","1877","1","南投縣","草屯鎮","120.680","23.980","2096"
"12","257171","20220710050000","401","0","南投縣","草屯鎮","120.655","24.000","12"
"484","257173","20220710050000","422","1","南投縣","草屯鎮","120.665","24.000","459"
"398","257176","20220710050000","343","1","南投縣","草屯鎮","120.650","24.005","405"
"320","257181","20220710050000","324","0","南投縣","草屯鎮","120.725","23.995","316"
"176","257193","20220710050000","102","3","南投縣","草屯鎮","120.730","24.000","191"
"616","257213","20220710050000","494","2","彰化縣","溪湖鎮","120.450","23.955","627"
"565","257215","20220710050000","492","1","彰化縣","溪湖鎮","120.460","23.955","586"
"24","257222","20220710050000","15","3","南投縣","草屯鎮","120.750","23.975","30"
"348","257229","20220710050000","262","2","南投縣","草屯鎮","120.750","23.980","295"
"380","257235","20220710050000","352","1","南投縣","草屯鎮","120.750","23.985","340"
"56","257245","20220710050000","33","3","南投縣","草屯鎮","120.720","23.955","51"
"124","257251","20220710050000","91","2","南投縣","中寮鄉","120.750","23.955","121"
"41","257266","20220710050000","29","2","南投縣","草屯鎮","120.740","23.965","30"
"195","257267","20220710050000","138","2","南投縣","草屯鎮","120.745","23.965","206"
"103","257273","20220710050000","97","1","南投縣","草屯鎮","120.705","23.960","102"
"1133","257282","20220710050000","759","2","南投縣","草屯鎮","120.705","23.975","1124"
"321","257285","20220710050000","259","2","南投縣","草屯鎮","120.695","23.980","349"
"1449","257286","20220710050000","1348","1","南投縣","草屯鎮","120.700","23.980","1467"
"956","257289","20220710050000","689","2","南投縣","草屯鎮","120.715","23.980","993"
"707","257294","20220710050000","639","1","南投縣","南投市","120.685","23.955","726"
"66","257295","20220710050000","622","0","南投縣","草屯鎮","120.685","23.960","64"
"1733","257299","20220710050000","1572","1","南投縣","草屯鎮","120.690","23.965","1795"
"18","257300","20220710050000","14","2","南投縣","草屯鎮","120.695","23.965","17"
"147","257307","20220710050000","144","1","南投縣","草屯鎮","120.775","23.985","130"
"72","257320","20220710050000","94","0","南投縣","草屯鎮","120.765","23.995","75"
"354","257342","20220710050000","426","0","南投縣","草屯鎮","120.700","23.985","366"
"14","257346","20220710050000","13","1","南投縣","草屯鎮","120.705","23.990","12"
"165","257348","20220710050000","259","0","南投縣","草屯鎮","120.715","23.990","174"
"157","257349","20220710050000","1089","0","南投縣","草屯鎮","120.690","23.995","163"
"211","257351","20220710050000","154","2","南投縣","草屯鎮","120.700","23.995","183"
"553","257354","20220710050000","579","0","南投縣","草屯鎮","120.715","23.995","562"
"472","257356","20220710050000","300","3","南投縣","草屯鎮","120.695","23.995","484"
"704","257362","20220710050000","638","1","南投縣","草屯鎮","120.695","24.000","686"
"102","257365","20220710050000","57","3","南投縣","草屯鎮","120.710","24.000","102"
"88","257366","20220710050000","133","0","南投縣","草屯鎮","120.670","23.960","77"
"378","257368","20220710050000","324","1","南投縣","草屯鎮","120.675","23.965","402"
"260","257369","20220710050000","224","1","南投縣","草屯鎮","120.670","23.970","269"
"561","257370","20220710050000","421","2","南投縣","草屯鎮","120.670","23.975","602"
"370","257373","20220710050000","290","2","南投縣","草屯鎮","120.675","23.980","363"
"828","257376","20220710050000","1159","0","南投縣","草屯鎮","120.680","23.985","819"
"297","257377","20220710050000","259","1","南投縣","草屯鎮","120.670","23.990","288"
"25","257381","20220710050000","178","0","南投縣","草屯鎮","120.670","23.995","34"
"155","257386","20220710050000","96","3","南投縣","草屯鎮","120.685","23.990","164"
"471","257387","20220710050000","412","1","南投縣","草屯鎮","120.680","23.995","481"
"42","257389","20220710050000","332","0","南投縣","草屯鎮","120.680","24.000","38"
"449","257396","20220710050000","354","2","南投縣","草屯鎮","120.680","24.005","430"
"79","257400","20220710050000","593","0","南投縣","草屯鎮","120.685","23.985","66"
"794","257401","20220710050000","705","1","南投縣","草屯鎮","120.685","23.980","801"
"66","257403","20220710050000","196","0","南投縣","草屯鎮","120.640","23.995","77"
"224","257407","20220710050000","309","0","南投縣","草屯鎮","120.660","23.995","229"
"53","257410","20220710050000","225","0","南投縣","草屯鎮","120.650","23.995","40"
"112","257415","20220710050000","144","0","南投縣","草屯鎮","120.655","23.965","115"
"749","257418","20220710050000","687","1","南投縣","草屯鎮","120.650","23.970","740"
"338","257422","20220710050000","306","1","南投縣","草屯鎮","120.650","23.975","343"
"314","257424","20220710050000","280","1","南投縣","草屯鎮","120.660","23.975","308"
"543","257425","20220710050000","496","1","南投縣","草屯鎮","120.665","23.975","552"
"77","257426","20220710050000","261","0","南投縣","草屯鎮","120.650","23.980","73"
"491","257429","20220710050000","549","0","南投縣","草屯鎮","120.665","23.950","440"
"412","257438","20220710050000","212","3","南投縣","草屯鎮","120.660","23.960","405"
"173","257439","20220710050000","230","0","南投縣","草屯鎮","120.665","23.960","171"
"10","257467","20220710050000","125","0","南投縣","草屯鎮","120.825","23.970","10"
"280","257496","20220710050000","251","1","南投縣","草屯鎮","120.795","23.985","280"
"266","257505","20220710050000","211","2","南投縣","草屯鎮","120.795","23.990","263"
"129","257522","20220710050000","82","3","南投縣","草屯鎮","120.800","24.000","112"
"77","257550","20220710050000","329","0","彰化縣","福興鄉","120.410","24.005","76"
"117","257580","20220710050000","71","3","彰化縣","芳苑鄉","120.400","23.995","126"
"504","257591","20220710050000","410","2","彰化縣","芳苑鄉","120.365","24.000","468"
"259","257595","20220710050000","218","1","彰化縣","芳苑鄉","120.385","24.000","230"
"403","257609","20220710050000","339","1","彰化縣","芳苑鄉","120.370","24.005","404"
"158","257631","20220710050000","123","2","彰化縣","芳苑鄉","120.340","23.965","168"
"78","257632","20220710050000","726","0","彰化縣","芳苑鄉","120.345","23.965","74"
"20","257638","20220710050000","16","2","彰化縣","芳苑鄉","120.325","23.970","20"
"119","257669","20220710050000","723","0","彰化縣","秀水鄉","120.510","23.995","119"
"521","257680","20220710050000","458","1","彰化縣","秀水鄉","120.520","24.000","503"
"114","257685","20220710050000","88","2","彰化縣","福興鄉","120.490","24.010","122"
"776","257686","20220710050000","608","2","彰化縣","福興鄉","120.495","24.010","800"
"14","257694","20220710050000","14","1","彰化縣","芬園鄉","120.605","24.005","17"
"368","257699","20220710050000","256","2","彰化縣","溪湖鎮","120.490","23.950","383"
"541","257700","20220710050000","547","0","彰化縣","溪湖鎮","120.495","23.950","538"
"1321","257703","20220710050000","559","3","彰化縣","溪湖鎮","120.475","23.960","1358"
"408","257704","20220710050000","250","3","彰化縣","溪湖鎮","120.465","23.965","415"
"1442","257708","20220710050000","1428","1","彰化縣","溪湖鎮","120.480","23.960","1468"
"524","257713","20220710050000","332","3","彰化縣","溪湖鎮","120.485","23.935","484"
"14","257720","20220710050000","12","1","彰化縣","溪湖鎮","120.500","23.940","13"
"34","257725","20220710050000","170","0","彰化縣","溪湖鎮","120.505","23.950","28"
"470","257727","20220710050000","303","3","彰化縣","溪湖鎮","120.490","23.955","465"
"40","257728","20220710050000","52","0","彰化縣","溪湖鎮","120.495","23.955","41"
"359","257729","20220710050000","495","0","彰化縣","溪湖鎮","120.485","23.960","378"
"223","257731","20220710050000","255","0","彰化縣","溪湖鎮","120.495","23.960","227"
"321","257733","20220710050000","241","2","彰化縣","溪湖鎮","120.490","23.965","299"
"535","257734","20220710050000","508","1","彰化縣","溪湖鎮","120.485","23.970","562"
"296","257750","20220710050000","265","1","彰化縣","芬園鄉","120.625","23.965","300"
"298","257766","20220710050000","380","0","彰化縣","溪湖鎮","120.475","23.950","280"
"720","257767","20220710050000","671","1","彰化縣","溪湖鎮","120.475","23.955","721"
"269","257778","20220710050000","200","2","彰化縣","溪湖鎮","120.475","23.970","288"
"807","257781","20220710050000","719","1","彰化縣","溪湖鎮","120.470","23.980","793"
"190","257784","20220710050000","168","1","南投縣","草屯鎮","120.670","23.980","184"
"70","257785","20220710050000","371","0","南投縣","草屯鎮","120.650","23.985","72"
"382","257788","20220710050000","484","0","南投縣","草屯鎮","120.665","23.985","379"
"325","257792","20220710050000","287","1","南投縣","草屯鎮","120.665","23.990","304"
"43","257795","20220710050000","522","0","彰化縣","社頭鄉","120.605","23.930","37"
"134","257797","20220710050000","151","0","彰化縣","社頭鄉","120.615","23.930","143"
"79","257798","20220710050000","52","3","彰化縣","社頭鄉","120.620","23.930","70"
"395","257802","20220710050000","320","2","彰化縣","芬園鄉","120.630","23.995","385"
"14","257808","20220710050000","14","1","彰化縣","芬園鄉","120.615","24.005","19"
"1249","257810","20220710050000","1042","1","彰化縣","芬園鄉","120.630","24.010","1282"
"22","257812","20220710050000","248","0","彰化縣","芬園鄉","120.640","24.010","24"
"44","257813","20220710050000","24","3","彰化縣","芬園鄉","120.645","24.010","37"
"332","257817","20220710050000","238","2","彰化縣","埔鹽鄉","120.425","23.995","348"
"20","257823","20220710050000","203","0","彰化縣","埔鹽鄉","120.430","24.005","20"
"228","257824","20220710050000","205","1","彰化縣","福興鄉","120.420","24.010","240"
"24","257825","20220710050000","14","3","彰化縣","福興鄉","120.425","24.010","24"
"141","257827","20220710050000","533","0","彰化縣","秀水鄉","120.515","24.010","130"
"291","257834","20220710050000","183","3","彰化縣","芬園鄉","120.620","23.980","283"
"197","257851","20220710050000","159","2","彰化縣","芬園鄉","120.610","23.995","200"
"91","257857","20220710050000","72","2","彰化縣","芬園鄉","120.625","24.000","87"
"15","257867","20220710050000","209","0","彰化縣","芬園鄉","120.645","23.965","17"
"456","257871","20220710050000","352","2","彰化縣","芬園鄉","120.640","23.975","451"
"19","257882","20220710050000","257","0","彰化縣","花壇鄉","120.550","24.010","20"
"38","257884","20220710050000","39","0","彰化縣","花壇鄉","120.570","24.010","33"
"561","257886","20220710050000","548","1","彰化縣","社頭鄉","120.575","23.930","577"
"452","257898","20220710050000","425","1","南投縣","草屯鎮","120.730","23.975","440"
"285","257902","20220710050000","216","2","南投縣","草屯鎮","120.735","23.980","305"
"599","257907","20220710050000","1049","0","彰化縣","溪湖鎮","120.480","23.965","574"
"21","257908","20220710050000","401","0","彰化縣","溪湖鎮","120.480","23.970","25"
"429","263412","20220710050000","687","0","臺中市","霧峰區","120.690","24.045","432"
"135","263414","20220710050000","80","3","臺中市","霧峰區","120.685","24.050","123"
"144","263420","20220710050000","133","1","臺中市","霧峰區","120.705","24.045","148"
"24","263428","20220710050000","19","2","臺中市","霧峰區","120.705","24.055","26"
"470","263432","20220710050000","417","1","臺中市","霧峰區","120.705","24.060","438"
"14","263433","20220710050000","417","0","臺中市","霧峰區","120.710","24.060","20"
"39","263450","20220710050000","253","0","臺中市","霧峰區","120.700","24.020","41"
"314","263482","20220710050000","323","0","臺中市","霧峰區","120.700","24.030","314"
"371","263484","20220710050000","307","2","臺中市","霧峰區","120.695","24.035","368"
"318","263486","20220710050000","354","0","臺中市","霧峰區","120.710","24.070","314"
"36","263487","20220710050000","51","0","臺中市","霧峰區","120.715","24.070","40"
"27","263488","20220710050000","29","0","臺中市","霧峰區","120.720","24.070","32"
"319","263490","20220710050000","355","0","臺中市","霧峰區","120.705","24.075","311"
"293","263491","20220710050000","279","1","臺中市","霧峰區","120.710","24.075","324"
"1307","263492","20220710050000","1370","0","臺中市","霧峰區","120.715","24.075","1353"
"22","263493","20220710050000","367","0","臺中市","霧峰區","120.720","24.075","16"
"564","263495","20220710050000","311","3","臺中市","霧峰區","120.710","24.080","544"
"18","263497","20220710050000","17","1","臺中市","大里區","120.720","24.080","15"
"50","263498","20220710050000","308","0","臺中市","霧峰區","120.665","24.055","45"
"958","263528","20220710050000","1003","0","臺中市","霧峰區","120.695","24.040","945"
"36","263539","20220710050000","36","1","臺中市","霧峰區","120.695","24.045","23"
"111","263553","20220710050000","69","3","臺中市","霧峰區","120.725","24.030","94"
"241","263569","20220710050000","122","3","臺中市","霧峰區","120.725","24.035","271"
"834","263579","20220710050000","856","0","臺中市","大里區","120.695","24.080","833"
"2451","263581","20220710050000","1573","3","臺中市","大里區","120.695","24.085","2558"
"295","263583","20220710050000","273","1","臺中市","大里區","120.690","24.085","280"
"107","263584","20220710050000","95","1","臺中市","大里區","120.700","24.080","101"
"1117","263585","20220710050000","1066","1","臺中市","大里區","120.700","24.085","1108"
"10","263586","20220710050000","405","0","臺中市","大里區","120.705","24.085","10"
"1294","263587","20220710050000","1140","1","臺中市","大里區","120.705","24.090","1261"
"383","263588","20220710050000","404","0","臺中市","大里區","120.715","24.095","406"
"21","263708","20220710050000","19","1","臺中市","太平區","120.755","24.085","28"
"139","263716","20220710050000","139","1","臺中市","太平區","120.745","24.090","140"
"226","263736","20220710050000","204","1","臺中市","霧峰區","120.700","24.050","233"
"558","263737","20220710050000","447","2","臺中市","霧峰區","120.695","24.055","556"
"87","263738","20220710050000","91","0","臺中市","霧峰區","120.700","24.055","82"
"42","263741","20220710050000","403","0","臺中市","霧峰區","120.680","24.060","46"
"796","263743","20220710050000","750","1","臺中市","霧峰區","120.680","24.065","806"
"17","263745","20220710050000","17","1","臺中市","霧峰區","120.690","24.065","13"
"454","263746","20220710050000","282","3","臺中市","霧峰區","120.680","24.070","449"
"77","263747","20220710050000","823","0","臺中市","霧峰區","120.700","24.070","79"
"140","263753","20220710050000","189","0","臺中市","新社區","120.885","24.095","134"
"382","263758","20220710050000","279","2","臺中市","大里區","120.685","24.075","392"
"448","263759","20220710050000","190","3","臺中市","大里區","120.690","24.075","451"
"131","263764","20220710050000","189","0","臺中市","大里區","120.680","24.085","119"
"10","263765","20220710050000","155","0","臺中市","大里區","120.685","24.085","10"
"294","263766","20220710050000","270","1","臺中市","太平區","120.730","24.095","292"
"386","263776","20220710050000","398","0","臺中市","霧峰區","120.705","24.065","376"
"25","263778","20220710050000","98","0","臺中市","霧峰區","120.715","24.065","25"
"129","263794","20220710050000","106","2","臺中市","霧峰區","120.745","24.045","130"
"89","263828","20220710050000","191","0","臺中市","霧峰區","120.745","24.060","83"
"37","263842","20220710050000","37","1","臺中市","霧峰區","120.760","24.065","37"
"80","263846","20220710050000","55","2","臺中市","霧峰區","120.735","24.070","73"
"316","263863","20220710050000","289","1","臺中市","霧峰區","120.695","24.015","315"
"509","263864","20220710050000","500","1","臺中市","霧峰區","120.685","24.020","515"
"357","263875","20220710050000","211","3","臺中市","烏日區","120.655","24.055","357"
"228","263876","20220710050000","323","0","臺中市","烏日區","120.660","24.055","207"
"274","263878","20220710050000","192","2","臺中市","烏日區","120.655","24.045","277"
"284","263884","20220710050000","231","2","臺中市","烏日區","120.650","24.050","256"
"418","263885","20220710050000","511","0","臺中市","烏日區","120.635","24.070","412"
"1265","263888","20220710050000","1211","1","臺中市","烏日區","120.635","24.080","1253"
"421","263891","20220710050000","422","0","臺中市","烏日區","120.625","24.090","429"
"1541","263900","20220710050000","1329","1","臺中市","烏日區","120.640","24.075","1495"
"627","263902","20220710050000","525","1","臺中市","烏日區","120.650","24.075","623"
"34","263907","20220710050000","956","0","臺中市","烏日區","120.645","24.085","32"
"108","263933","20220710050000","146","0","臺中市","烏日區","120.635","24.050","108"
"3239","263942","20220710050000","1498","3","臺中市","大里區","120.680","24.095","3288"
"208","263943","20220710050000","165","2","臺中市","大里區","120.665","24.095","205"
"1310","263945","20220710050000","623","3","臺中市","大里區","120.690","24.090","1280"
"831","263946","20220710050000","905","0","臺中市","大里區","120.695","24.095","845"
"505","263948","20220710050000","496","1","臺中市","大里區","120.705","24.095","522"
"269","263949","20220710050000","365","0","臺中市","大里區","120.710","24.095","276"
"250","263950","20220710050000","172","2","臺中市","大里區","120.715","24.090","257"
"435","263951","20220710050000","491","0","臺中市","大里區","120.720","24.095","472"
"14","263953","20220710050000","448","0","臺中市","大里區","120.695","24.090","13"
"1163","263954","20220710050000","771","3","臺中市","大里區","120.700","24.095","1143"
"477","263960","20220710050000","192","3","臺中市","大里區","120.735","24.090","474"
"536","263962","20220710050000","400","2","臺中市","大里區","120.720","24.090","507"
"505","263964","20220710050000","478","1","臺中市","大里區","120.730","24.090","497"
"992","263969","20220710050000","1196","0","臺中市","大里區","120.710","24.085","986"
"367","263970","20220710050000","704","0","臺中市","大里區","120.715","24.085","349"
"95","263971","20220710050000","98","0","臺中市","大里區","120.720","24.085","97"
"28","263975","20220710050000","43","0","臺中市","大里區","120.710","24.090","28"
"82","263977","20220710050000","45","3","臺中市","大里區","120.665","24.085","81"
"225","263979","20220710050000","222","1","臺中市","大里區","120.675","24.085","259"
"208","263989","20220710050000","130","3","臺中市","大里區","120.685","24.095","216"
"376","263990","20220710050000","434","0","臺中市","大里區","120.690","24.095","370"
"89","263991","20220710050000","254","0","臺中市","霧峰區","120.695","24.065","81"
"1975","263992","20220710050000","2189","0","臺中市","霧峰區","120.700","24.065","1957"
"386","263995","20220710050000","250","3","臺中市","霧峰區","120.665","24.065","391"
"164","263999","20220710050000","652","0","臺中市","霧峰區","120.665","24.070","160"
"17","264007","20220710050000","273","0","臺中市","霧峰區","120.655","24.085","13"
"25","264008","20220710050000","294","0","臺中市","霧峰區","120.650","24.085","23"
"192","264016","20220710050000","165","1","臺中市","霧峰區","120.690","24.040","172"
"22","264024","20220710050000","464","0","臺中市","霧峰區","120.665","24.040","19"
"60","264029","20220710050000","67","0","臺中市","霧峰區","120.660","24.050","58"
"721","264031","20220710050000","719","1","臺中市","大里區","120.700","24.090","699"
"66","264037","20220710050000","30","3","臺中市","霧峰區","120.670","24.025","66"
"152","264047","20220710050000","175","0","花蓮縣","秀林鄉","121.580","24.020","203"
"291","264094","20220710050000","217","2","花蓮縣","秀林鄉","121.595","24.050","292"
"734","264107","20220710050000","712","1","花蓮縣","秀林鄉","121.600","24.055","673"
"370","264435","20220710050000","346","1","花蓮縣","新城鄉","121.610","24.080","353"
"373","264642","20220710050000","276","2","花蓮縣","新城鄉","121.595","24.015","370"
"210","264655","20220710050000","118","3","花蓮縣","新城鄉","121.590","24.035","185"
"280","264661","20220710050000","169","3","花蓮縣","新城鄉","121.595","24.040","258"
"1101","264663","20220710050000","478","3","花蓮縣","新城鄉","121.605","24.030","1128"
"421","264665","20220710050000","432","0","花蓮縣","新城鄉","121.605","24.035","406"
"454","264667","20220710050000","381","1","花蓮縣","新城鄉","121.600","24.035","446"
"1616","264676","20220710050000","1062","3","臺中市","烏日區","120.645","24.060","1648"
"42","264678","20220710050000","457","0","臺中市","烏日區","120.655","24.060","48"
"344","264683","20220710050000","374","0","臺中市","烏日區","120.640","24.065","339"
"147","264700","20220710050000","94","3","臺中市","烏日區","120.620","24.090","132"
"387","264703","20220710050000","266","2","臺中市","霧峰區","120.675","24.040","396"
"147","264707","20220710050000","119","2","臺中市","霧峰區","120.680","24.045","146"
"296","264712","20220710050000","338","0","臺中市","霧峰區","120.675","24.050","293"
"758","264717","20220710050000","774","0","臺中市","烏日區","120.645","24.090","740"
"162","264719","20220710050000","159","1","臺中市","烏日區","120.635","24.095","173"
"17","264720","20220710050000","15","1","臺中市","烏日區","120.640","24.095","14"
"35","264722","20220710050000","156","0","臺中市","烏日區","120.645","24.095","35"
"420","264725","20220710050000","404","1","臺中市","烏日區","120.655","24.095","445"
"129","264726","20220710050000","91","2","臺中市","大里區","120.660","24.095","131"
"778","264728","20220710050000","735","1","花蓮縣","花蓮市","121.625","24.010","843"
"305","264732","20220710050000","283","1","花蓮縣","花蓮市","121.630","24.015","299"
"486","264737","20220710050000","409","1","花蓮縣","花蓮市","121.635","24.025","486"
"64","265344","20220710050000","49","2","南投縣","國姓鄉","120.830","24.030","53"
"22","265374","20220710050000","21","1","南投縣","國姓鄉","120.800","24.045","20"
"80","265406","20220710050000","53","3","南投縣","國姓鄉","120.825","24.070","66"
"14","265430","20220710050000","26","0","南投縣","國姓鄉","120.880","24.050","19"
"198","265436","20220710050000","227","0","南投縣","國姓鄉","120.910","24.050","171"
"244","265440","20220710050000","332","0","南投縣","國姓鄉","120.930","24.050","281"
"619","265442","20220710050000","377","3","南投縣","國姓鄉","120.880","24.055","519"
"287","265449","20220710050000","336","0","南投縣","國姓鄉","120.915","24.055","283"
"16","265465","20220710050000","15","1","南投縣","國姓鄉","120.930","24.060","18"
"185","265467","20220710050000","151","2","南投縣","國姓鄉","120.940","24.060","194"
"28","265498","20220710050000","55","0","南投縣","國姓鄉","120.930","24.075","30"
"45","265569","20220710050000","393","0","南投縣","國姓鄉","120.850","24.040","35"
"27","265593","20220710050000","174","0","南投縣","埔里鎮","120.910","24.025","22"
"11","265615","20220710050000","260","0","南投縣","埔里鎮","120.920","24.040","16"
"464","265622","20220710050000","373","2","南投縣","國姓鄉","120.930","24.045","431"
"23","265627","20220710050000","22","1","南投縣","埔里鎮","120.950","24.010","23"
"90","265628","20220710050000","240","0","南投縣","埔里鎮","120.945","24.015","94"
"251","265633","20220710050000","236","1","南投縣","埔里鎮","120.950","24.020","269"
"109","265651","20220710050000","109","1","南投縣","埔里鎮","120.950","24.035","115"
"62","265706","20220710050000","98","0","花蓮縣","花蓮市","121.590","24.010","56"
"1131","265708","20220710050000","1051","1","花蓮縣","新城鄉","121.610","24.015","1120"
"195","265711","20220710050000","189","1","花蓮縣","新城鄉","121.605","24.020","191"
"611","265716","20220710050000","489","2","花蓮縣","新城鄉","121.605","24.025","600"
"42","265719","20220710050000","47","0","花蓮縣","新城鄉","121.620","24.025","45"
"135","265723","20220710050000","157","0","花蓮縣","新城鄉","121.615","24.030","127"
"73","265734","20220710050000","23","3","花蓮縣","新城鄉","121.625","24.035","68"
"545","265739","20220710050000","436","2","花蓮縣","新城鄉","121.605","24.040","594"
"472","265742","20220710050000","340","2","花蓮縣","新城鄉","121.610","24.045","427"
"73","265753","20220710050000","45","3","花蓮縣","新城鄉","121.615","24.060","58"
"257","265754","20220710050000","252","1","花蓮縣","新城鄉","121.610","24.065","248"
"922","265773","20220710050000","513","3","彰化縣","彰化市","120.570","24.085","943"
"747","265774","20220710050000","766","0","彰化縣","彰化市","120.575","24.090","708"
"140","265780","20220710050000","151","0","彰化縣","彰化市","120.620","24.045","164"
"384","265784","20220710050000","319","2","彰化縣","彰化市","120.620","24.060","382"
"1107","265794","20220710050000","1473","0","彰化縣","彰化市","120.535","24.090","1145"
"657","265797","20220710050000","422","3","彰化縣","彰化市","120.545","24.075","653"
"769","265798","20220710050000","494","3","彰化縣","彰化市","120.555","24.070","789"
"2002","265800","20220710050000","906","3","彰化縣","彰化市","120.545","24.085","2025"
"501","265801","20220710050000","351","2","彰化縣","彰化市","120.555","24.090","493"
"655","265802","20220710050000","557","1","彰化縣","彰化市","120.555","24.080","702"
"36","265803","20220710050000","777","0","彰化縣","彰化市","120.560","24.080","35"
"925","265804","20220710050000","886","1","彰化縣","彰化市","120.555","24.085","932"
"26","265805","20220710050000","139","0","彰化縣","彰化市","120.560","24.085","37"
"1204","265806","20220710050000","593","3","彰化縣","彰化市","120.535","24.080","1154"
"2794","265807","20220710050000","1474","3","彰化縣","彰化市","120.540","24.085","2801"
"1914","265808","20220710050000","981","3","彰化縣","彰化市","120.545","24.090","1875"
"433","265810","20220710050000","145","3","彰化縣","彰化市","120.550","24.075","456"
"3456","265812","20220710050000","1900","3","彰化縣","彰化市","120.530","24.080","2956"
"38","265817","20220710050000","227","0","彰化縣","鹿港鎮","120.480","24.090","46"
"879","265820","20220710050000","468","3","彰化縣","彰化市","120.535","24.070","925"
"1515","265821","20220710050000","706","3","彰化縣","彰化市","120.530","24.065","1504"
"2506","265822","20220710050000","1486","3","彰化縣","彰化市","120.530","24.070","2518"
"880","265823","20220710050000","917","0","彰化縣","鹿港鎮","120.445","24.055","880"
"35","265824","20220710050000","391","0","彰化縣","鹿港鎮","120.445","24.060","28"
"21","265825","20220710050000","26","0","彰化縣","鹿港鎮","120.450","24.060","18"
"824","265826","20220710050000","670","2","彰化縣","鹿港鎮","120.445","24.065","818"
"13","265839","20220710050000","19","0","彰化縣","彰化市","120.580","24.075","16"
"321","265841","20220710050000","1544","0","彰化縣","彰化市","120.535","24.075","285"
"626","265848","20220710050000","653","0","彰化縣","鹿港鎮","120.460","24.080","625"
"417","265863","20220710050000","403","1","彰化縣","鹿港鎮","120.435","24.050","419"
"941","265864","20220710050000","1188","0","彰化縣","彰化市","120.550","24.085","915"
"787","265898","20220710050000","643","2","南投縣","國姓鄉","120.860","24.060","763"
"186","265927","20220710050000","192","0","南投縣","國姓鄉","120.845","24.025","184"
"37","265948","20220710050000","357","0","南投縣","國姓鄉","120.860","24.040","44"
"442","265956","20220710050000","286","3","南投縣","國姓鄉","120.855","24.045","412"
"238","265973","20220710050000","306","0","南投縣","國姓鄉","120.820","24.020","236"
"221","266037","20220710050000","206","1","南投縣","國姓鄉","120.875","24.075","242"
"1827","266081","20220710050000","2763","0","彰化縣","彰化市","120.535","24.065","1797"
"1329","266082","20220710050000","595","3","彰化縣","和美鎮","120.510","24.090","1284"
"295","266091","20220710050000","243","2","彰化縣","埔鹽鄉","120.455","24.015","276"
"705","266093","20220710050000","512","2","彰化縣","彰化市","120.540","24.070","692"
"31","266099","20220710050000","566","0","彰化縣","花壇鄉","120.545","24.015","28"
"360","266100","20220710050000","344","1","彰化縣","花壇鄉","120.545","24.020","375"
"69","266107","20220710050000","75","0","彰化縣","花壇鄉","120.545","24.030","72"
"12","266111","20220710050000","100","0","彰化縣","花壇鄉","120.550","24.035","11"
"355","266122","20220710050000","337","1","彰化縣","埔鹽鄉","120.445","24.020","330"
"562","266124","20220710050000","99","3","彰化縣","彰化市","120.520","24.055","535"
"426","266127","20220710050000","469","0","彰化縣","彰化市","120.565","24.090","431"
"1201","266128","20220710050000","483","3","彰化縣","彰化市","120.555","24.095","1170"
"332","266129","20220710050000","155","3","彰化縣","彰化市","120.560","24.095","324"
"1124","266131","20220710050000","1028","1","彰化縣","彰化市","120.595","24.070","1113"
"146","266132","20220710050000","174","0","彰化縣","彰化市","120.595","24.075","162"
"163","266134","20220710050000","74","3","彰化縣","彰化市","120.605","24.075","185"
"684","266136","20220710050000","515","2","彰化縣","彰化市","120.600","24.080","684"
"391","266138","20220710050000","166","3","彰化縣","彰化市","120.595","24.085","388"
"47","266153","20220710050000","52","0","彰化縣","彰化市","120.605","24.045","52"
"67","266154","20220710050000","27","3","彰化縣","彰化市","120.585","24.050","59"
"51","266155","20220710050000","62","0","彰化縣","彰化市","120.590","24.050","45"
"60","266157","20220710050000","52","1","彰化縣","彰化市","120.600","24.050","65"
"322","266166","20220710050000","195","3","彰化縣","彰化市","120.615","24.055","318"
"663","266168","20220710050000","645","1","彰化縣","彰化市","120.580","24.080","663"
"954","266169","20220710050000","874","1","彰化縣","彰化市","120.575","24.085","960"
"1164","266170","20220710050000","778","2","彰化縣","彰化市","120.580","24.085","1183"
"274","266171","20220710050000","183","2","彰化縣","彰化市","120.560","24.075","285"
"669","266172","20220710050000","641","1","彰化縣","彰化市","120.550","24.080","661"
"1455","266176","20220710050000","456","3","彰化縣","和美鎮","120.495","24.085","1348"
"39","266180","20220710050000","46","0","彰化縣","和美鎮","120.495","24.090","36"
"626","266182","20220710050000","1949","0","彰化縣","彰化市","120.535","24.085","634"
"642","266183","20220710050000","681","0","彰化縣","和美鎮","120.525","24.095","641"
"75","266185","20220710050000","88","0","彰化縣","和美鎮","120.535","24.095","122"
"45","266190","20220710050000","55","0","彰化縣","秀水鄉","120.505","24.065","61"
"1524","266191","20220710050000","287","3","彰化縣","彰化市","120.510","24.065","1285"
"1278","266192","20220710050000","1123","1","彰化縣","彰化市","120.515","24.065","1325"
"667","266194","20220710050000","174","3","彰化縣","彰化市","120.510","24.070","693"
"213","266196","20220710050000","147","2","彰化縣","花壇鄉","120.570","24.055","213"
"13","266205","20220710050000","112","0","彰化縣","彰化市","120.570","24.065","11"
"1378","266210","20220710050000","527","3","彰化縣","彰化市","120.540","24.075","1369"
"1964","266211","20220710050000","1281","3","彰化縣","彰化市","120.540","24.080","2027"
"1807","266214","20220710050000","286","3","彰化縣","彰化市","120.525","24.080","1401"
"1123","266216","20220710050000","789","2","彰化縣","彰化市","120.530","24.085","1000"
"1062","266222","20220710050000","953","1","彰化縣","彰化市","120.600","24.090","1064"
"219","266224","20220710050000","158","2","彰化縣","彰化市","120.585","24.090","216"
"171","266228","20220710050000","78","3","彰化縣","彰化市","120.580","24.095","182"
"20","266232","20220710050000","13","3","彰化縣","彰化市","120.600","24.095","28"
"473","266233","20220710050000","181","3","彰化縣","秀水鄉","120.500","24.075","453"
"32","266234","20220710050000","551","0","彰化縣","彰化市","120.505","24.075","39"
"780","266237","20220710050000","354","3","彰化縣","彰化市","120.520","24.075","759"
"420","266238","20220710050000","126","3","彰化縣","彰化市","120.510","24.080","417"
"189","266239","20220710050000","280","0","彰化縣","和美鎮","120.515","24.080","86"
"46","266240","20220710050000","270","0","彰化縣","彰化市","120.520","24.080","41"
"548","266241","20220710050000","255","3","彰化縣","彰化市","120.515","24.085","487"
"266","266243","20220710050000","159","3","彰化縣","彰化市","120.525","24.085","225"
"326","266244","20220710050000","482","0","彰化縣","彰化市","120.545","24.095","318"
"23","266245","20220710050000","349","0","彰化縣","彰化市","120.545","24.080","35"
"311","266246","20220710050000","201","3","彰化縣","彰化市","120.565","24.085","332"
"1667","266247","20220710050000","1589","1","彰化縣","彰化市","120.560","24.090","1671"
"613","266248","20220710050000","587","1","彰化縣","彰化市","120.570","24.090","595"
"965","266249","20220710050000","788","2","彰化縣","和美鎮","120.530","24.090","972"
"105","266250","20220710050000","129","0","彰化縣","彰化市","120.555","24.065","101"
"1291","266251","20220710050000","2751","0","彰化縣","彰化市","120.545","24.070","1330"
"238","266252","20220710050000","234","1","彰化縣","彰化市","120.550","24.070","271"
"27","266255","20220710050000","31","0","彰化縣","彰化市","120.600","24.060","28"
"12","266262","20220710050000","261","0","彰化縣","彰化市","120.610","24.065","15"
"553","266263","20220710050000","484","1","彰化縣","彰化市","120.600","24.070","539"
"37","266264","20220710050000","41","0","彰化縣","彰化市","120.605","24.070","48"
"220","266265","20220710050000","131","3","彰化縣","彰化市","120.610","24.070","225"
"164","266266","20220710050000","1428","0","彰化縣","彰化市","120.540","24.090","173"
"568","266267","20220710050000","402","2","彰化縣","和美鎮","120.520","24.090","590"
"52","266274","20220710050000","405","0","彰化縣","和美鎮","120.505","24.085","45"
"65","266309","20220710050000","59","1","南投縣","仁愛鄉","120.970","24.045","75"
"555","266333","20220710050000","688","0","南投縣","仁愛鄉","120.970","24.060","478"
"157","266406","20220710050000","128","2","南投縣","仁愛鄉","121.095","24.010","171"
"106","266517","20220710050000","79","2","南投縣","仁愛鄉","121.210","24.075","53"
"55","266589","20220710050000","51","1","南投縣","仁愛鄉","121.210","24.090","85"
"10","266666","20220710050000","154","0","南投縣","仁愛鄉","121.130","24.020","11"
"628","266696","20220710050000","494","2","南投縣","仁愛鄉","121.150","24.040","577"
"47","266697","20220710050000","33","2","南投縣","仁愛鄉","121.155","24.040","29"
"559","266700","20220710050000","373","2","南投縣","仁愛鄉","121.125","24.045","505"
"252","266706","20220710050000","169","2","南投縣","仁愛鄉","121.155","24.045","253"
"59","266715","20220710050000","48","2","南投縣","仁愛鄉","121.155","24.050","64"
"84","266733","20220710050000","51","3","南投縣","仁愛鄉","121.160","24.055","65"
"755","266768","20220710050000","597","2","南投縣","仁愛鄉","121.165","24.070","734"
"78","266805","20220710050000","70","1","南投縣","仁愛鄉","121.175","24.090","61"
"108","267165","20220710050000","154","0","南投縣","仁愛鄉","121.025","24.090","100"
"27","267167","20220710050000","29","0","南投縣","仁愛鄉","121.035","24.090","14"
"493","267268","20220710050000","664","0","南投縣","仁愛鄉","121.175","24.010","404"
"21","267286","20220710050000","483","0","南投縣","仁愛鄉","121.140","24.025","23"
"138","267290","20220710050000","179","0","南投縣","仁愛鄉","121.160","24.025","115"
"1392","267410","20220710050000","1072","2","南投縣","仁愛鄉","121.180","24.035","1188"
"104","267555","20220710050000","55","3","南投縣","仁愛鄉","121.190","24.060","111"
"494","267605","20220710050000","402","2","南投縣","仁愛鄉","121.210","24.070","510"
"108","267630","20220710050000","70","3","彰化縣","花壇鄉","120.530","24.050","102"
"420","267631","20220710050000","350","2","彰化縣","彰化市","120.530","24.055","426"
"1853","267632","20220710050000","1568","1","彰化縣","彰化市","120.530","24.060","1860"
"92","267633","20220710050000","1733","0","彰化縣","彰化市","120.535","24.060","89"
"1430","267634","20220710050000","1966","0","彰化縣","彰化市","120.550","24.090","1474"
"809","267636","20220710050000","549","2","彰化縣","彰化市","120.550","24.095","783"
"50","267637","20220710050000","52","0","彰化縣","彰化市","120.590","24.065","42"
"468","267640","20220710050000","235","3","彰化縣","彰化市","120.585","24.080","450"
"787","267641","20220710050000","659","1","彰化縣","彰化市","120.590","24.080","753"
"552","267646","20220710050000","319","3","彰化縣","彰化市","120.520","24.065","554"
"1478","267649","20220710050000","1266","1","彰化縣","彰化市","120.525","24.070","1479"
"41","267650","20220710050000","73","0","彰化縣","彰化市","120.525","24.075","46"
"559","267652","20220710050000","439","2","彰化縣","彰化市","120.555","24.050","523"
"842","267654","20220710050000","490","3","彰化縣","彰化市","120.535","24.055","849"
"262","267655","20220710050000","161","3","彰化縣","彰化市","120.540","24.055","262"
"360","267656","20220710050000","196","3","彰化縣","彰化市","120.545","24.055","397"
"277","267661","20220710050000","339","0","彰化縣","彰化市","120.540","24.060","282"
"298","267662","20220710050000","408","0","彰化縣","彰化市","120.545","24.060","279"
"143","267664","20220710050000","87","3","彰化縣","彰化市","120.555","24.060","138"
"3316","267665","20220710050000","2602","2","彰化縣","彰化市","120.540","24.065","3254"
"894","267666","20220710050000","819","1","彰化縣","彰化市","120.545","24.065","932"
"257","267667","20220710050000","291","0","彰化縣","彰化市","120.550","24.065","254"
"2206","267669","20220710050000","854","3","彰化縣","彰化市","120.515","24.055","2169"
"3373","267670","20220710050000","1543","3","彰化縣","彰化市","120.515","24.060","3521"
"26","267676","20220710050000","279","0","彰化縣","福興鄉","120.470","24.030","27"
"148","267682","20220710050000","77","3","彰化縣","福興鄉","120.470","24.035","140"
"540","267689","20220710050000","482","1","彰化縣","福興鄉","120.480","24.040","586"
"410","267697","20220710050000","178","3","彰化縣","福興鄉","120.455","24.035","409"
"442","267705","20220710050000","488","0","彰化縣","福興鄉","120.465","24.045","430"
"10","267711","20220710050000","274","0","彰化縣","福興鄉","120.460","24.020","10"
"216","267717","20220710050000","171","2","彰化縣","秀水鄉","120.510","24.015","228"
"30","267718","20220710050000","30","1","彰化縣","秀水鄉","120.500","24.020","20"
"27","267726","20220710050000","146","0","彰化縣","鹿港鎮","120.480","24.085","24"
"1113","267729","20220710050000","745","2","彰化縣","鹿港鎮","120.485","24.090","1071"
"2003","267732","20220710050000","1278","3","彰化縣","鹿港鎮","120.435","24.055","2000"
"1035","267736","20220710050000","478","3","彰化縣","鹿港鎮","120.465","24.090","1007"
"29","267739","20220710050000","303","0","彰化縣","鹿港鎮","120.470","24.095","32"
"911","267795","20220710050000","686","2","彰化縣","福興鄉","120.490","24.015","908"
"376","267808","20220710050000","308","2","彰化縣","福興鄉","120.440","24.030","368"
"416","267810","20220710050000","375","1","彰化縣","福興鄉","120.435","24.035","443"
"351","267824","20220710050000","376","0","彰化縣","福興鄉","120.390","24.015","421"
"788","267834","20220710050000","777","1","彰化縣","福興鄉","120.410","24.020","781"
"905","267844","20220710050000","803","1","彰化縣","秀水鄉","120.495","24.025","909"
"707","267873","20220710050000","523","2","彰化縣","福興鄉","120.400","24.045","674"
"797","267898","20220710050000","316","3","彰化縣","福興鄉","120.430","24.040","817"
"752","267900","20220710050000","596","2","彰化縣","福興鄉","120.430","24.045","768"
"27","267904","20220710050000","330","0","彰化縣","福興鄉","120.430","24.050","17"
"224","267908","20220710050000","126","3","彰化縣","福興鄉","120.430","24.020","242"
"31","267913","20220710050000","22","2","彰化縣","福興鄉","120.425","24.030","30"
"70","267926","20220710050000","56","2","彰化縣","福興鄉","120.405","24.030","73"
"260","267928","20220710050000","201","2","彰化縣","福興鄉","120.415","24.030","281"
"52","267935","20220710050000","58","0","彰化縣","秀水鄉","120.500","24.060","44"
"190","267946","20220710050000","229","0","彰化縣","秀水鄉","120.490","24.050","240"
"45","267947","20220710050000","27","3","彰化縣","秀水鄉","120.495","24.050","42"
"44","267949","20220710050000","389","0","彰化縣","秀水鄉","120.500","24.050","49"
"18","267955","20220710050000","248","0","彰化縣","秀水鄉","120.495","24.060","13"
"50","267957","20220710050000","845","0","彰化縣","秀水鄉","120.500","24.030","61"
"175","267959","20220710050000","1060","0","彰化縣","秀水鄉","120.495","24.035","173"
"45","267960","20220710050000","366","0","彰化縣","秀水鄉","120.500","24.035","43"
"95","267964","20220710050000","84","1","彰化縣","秀水鄉","120.520","24.025","98"
"54","267966","20220710050000","604","0","彰化縣","秀水鄉","120.520","24.030","59"
"777","267972","20220710050000","474","3","彰化縣","鹿港鎮","120.435","24.065","840"
"616","267973","20220710050000","568","1","彰化縣","鹿港鎮","120.440","24.065","609"
"431","267975","20220710050000","420","1","彰化縣","鹿港鎮","120.435","24.070","458"
"26","267978","20220710050000","296","0","彰化縣","鹿港鎮","120.425","24.075","22"
"640","267984","20220710050000","553","1","彰化縣","鹿港鎮","120.410","24.080","619"
"127","267987","20220710050000","117","1","彰化縣","鹿港鎮","120.425","24.080","124"
"17","267991","20220710050000","309","0","彰化縣","鹿港鎮","120.445","24.080","21"
"238","267999","20220710050000","181","2","彰化縣","鹿港鎮","120.415","24.080","241"
"400","268001","20220710050000","292","2","彰化縣","鹿港鎮","120.425","24.085","363"
"912","268005","20220710050000","574","3","彰化縣","鹿港鎮","120.445","24.085","932"
"648","268020","20220710050000","517","2","彰化縣","鹿港鎮","120.475","24.065","632"
"23","268028","20220710050000","325","0","彰化縣","鹿港鎮","120.485","24.080","15"
"832","268031","20220710050000","451","3","彰化縣","鹿港鎮","120.485","24.085","851"
"1198","268032","20220710050000","967","2","彰化縣","鹿港鎮","120.430","24.060","1217"
"323","268034","20220710050000","540","0","彰化縣","彰化市","120.525","24.060","346"
"1031","268035","20220710050000","1109","0","彰化縣","彰化市","120.525","24.065","1013"
"60","268044","20220710050000","436","0","彰化縣","鹿港鎮","120.450","24.095","63"
"51","268053","20220710050000","42","2","彰化縣","鹿港鎮","120.470","24.075","58"
"203","268057","20220710050000","1022","0","彰化縣","鹿港鎮","120.475","24.080","201"
"222","268061","20220710050000","278","0","彰化縣","鹿港鎮","120.430","24.055","200"
"20","268068","20220710050000","143","0","彰化縣","芬園鄉","120.625","24.025","13"
"11","268070","20220710050000","17","0","彰化縣","花壇鄉","120.600","24.015","10"
"30","268073","20220710050000","21","2","彰化縣","芬園鄉","120.615","24.015","24"
"70","268074","20220710050000","65","1","彰化縣","芬園鄉","120.620","24.015","69"
"32","268077","20220710050000","431","0","彰化縣","福興鄉","120.480","24.045","39"
"1153","268085","20220710050000","1136","1","彰化縣","鹿港鎮","120.470","24.055","1232"
"222","268089","20220710050000","228","0","彰化縣","鹿港鎮","120.460","24.060","210"
"82","268108","20220710050000","76","1","彰化縣","鹿港鎮","120.385","24.060","91"
"138","268109","20220710050000","105","2","彰化縣","鹿港鎮","120.390","24.060","135"
"177","268110","20220710050000","167","1","彰化縣","鹿港鎮","120.395","24.060","192"
"226","268128","20220710050000","91","3","彰化縣","鹿港鎮","120.400","24.065","225"
"62","268129","20220710050000","54","1","彰化縣","鹿港鎮","120.405","24.065","58"
"403","268130","20220710050000","261","3","彰化縣","鹿港鎮","120.410","24.065","426"
"632","268134","20220710050000","352","3","彰化縣","鹿港鎮","120.430","24.065","569"
"51","268144","20220710050000","42","2","彰化縣","鹿港鎮","120.395","24.070","46"
"135","268157","20220710050000","108","2","彰化縣","鹿港鎮","120.390","24.075","132"
"35","268158","20220710050000","97","0","彰化縣","鹿港鎮","120.395","24.075","32"
"76","268161","20220710050000","71","1","彰化縣","鹿港鎮","120.410","24.075","69"
"29","268162","20220710050000","53","0","彰化縣","鹿港鎮","120.415","24.075","36"
"449","268170","20220710050000","387","1","彰化縣","鹿港鎮","120.395","24.080","414"
"1784","268172","20220710050000","1668","1","彰化縣","鹿港鎮","120.440","24.055","1764"
"121","268173","20220710050000","1179","0","彰化縣","鹿港鎮","120.440","24.060","129"
"1969","268175","20220710050000","1840","1","彰化縣","福興鄉","120.440","24.045","2016"
"11","268176","20220710050000","96","0","彰化縣","花壇鄉","120.550","24.040","14"
"45","268203","20220710050000","17","3","彰化縣","芬園鄉","120.595","24.035","26"
"281","268205","20220710050000","218","2","彰化縣","芬園鄉","120.605","24.035","254"
"422","268224","20220710050000","344","2","彰化縣","芬園鄉","120.650","24.020","415"
"573","268226","20220710050000","200","3","彰化縣","芬園鄉","120.635","24.025","495"
"384","268233","20220710050000","380","1","彰化縣","福興鄉","120.440","24.035","376"
"596","268245","20220710050000","334","3","彰化縣","秀水鄉","120.490","24.070","627"
"336","268249","20220710050000","270","2","彰化縣","秀水鄉","120.505","24.030","325"
"141","268253","20220710050000","633","0","彰化縣","秀水鄉","120.505","24.040","143"
"53","268258","20220710050000","322","0","彰化縣","秀水鄉","120.515","24.020","42"
"23","268261","20220710050000","492","0","彰化縣","福興鄉","120.450","24.030","18"
"548","268262","20220710050000","390","2","彰化縣","福興鄉","120.455","24.030","578"
"881","268271","20220710050000","775","1","彰化縣","福興鄉","120.420","24.035","883"
"47","268274","20220710050000","376","0","彰化縣","福興鄉","120.425","24.035","53"
"428","268277","20220710050000","334","2","彰化縣","芬園鄉","120.660","24.015","435"
"86","268289","20220710050000","697","0","彰化縣","芬園鄉","120.625","24.020","95"
"55","268296","20220710050000","520","0","彰化縣","福興鄉","120.470","24.020","51"
"728","268297","20220710050000","228","3","彰化縣","秀水鄉","120.505","24.035","693"
"29","268301","20220710050000","329","0","彰化縣","秀水鄉","120.495","24.040","30"
"23","268303","20220710050000","337","0","彰化縣","秀水鄉","120.500","24.040","25"
"477","268308","20220710050000","260","3","彰化縣","秀水鄉","120.510","24.045","485"
"73","268311","20220710050000","839","0","彰化縣","秀水鄉","120.510","24.050","64"
"713","268316","20220710050000","587","2","彰化縣","花壇鄉","120.530","24.020","697"
"305","268321","20220710050000","337","0","彰化縣","花壇鄉","120.530","24.040","324"
"50","268322","20220710050000","133","0","彰化縣","花壇鄉","120.520","24.045","47"
"40","268324","20220710050000","581","0","彰化縣","花壇鄉","120.530","24.045","35"
"272","268327","20220710050000","259","1","彰化縣","花壇鄉","120.535","24.030","279"
"543","268328","20220710050000","550","0","彰化縣","花壇鄉","120.535","24.035","576"
"52","268329","20220710050000","255","0","彰化縣","花壇鄉","120.535","24.040","53"
"48","268331","20220710050000","646","0","彰化縣","花壇鄉","120.545","24.040","53"
"497","268333","20220710050000","357","2","彰化縣","花壇鄉","120.540","24.040","490"
"336","268335","20220710050000","306","1","彰化縣","花壇鄉","120.555","24.020","330"
"878","268336","20220710050000","769","1","彰化縣","花壇鄉","120.540","24.025","886"
"386","268338","20220710050000","317","2","彰化縣","花壇鄉","120.550","24.025","403"
"194","268339","20220710050000","159","2","彰化縣","花壇鄉","120.555","24.025","222"
"172","268347","20220710050000","130","2","彰化縣","花壇鄉","120.565","24.020","170"
"10","268352","20220710050000","10","1","彰化縣","花壇鄉","120.575","24.030","10"
"89","268356","20220710050000","91","0","彰化縣","花壇鄉","120.575","24.035","78"
"70","268370","20220710050000","113","0","彰化縣","花壇鄉","120.560","24.015","63"
"61","268371","20220710050000","57","1","彰化縣","花壇鄉","120.570","24.020","66"
"26","268375","20220710050000","22","1","彰化縣","花壇鄉","120.595","24.020","24"
"133","268381","20220710050000","838","0","彰化縣","花壇鄉","120.545","24.045","113"
"38","268391","20220710050000","26","2","彰化縣","花壇鄉","120.540","24.020","34"
"1701","268393","20220710050000","1389","2","彰化縣","花壇鄉","120.535","24.025","1726"
"22","268399","20220710050000","235","0","彰化縣","福興鄉","120.480","24.020","24"
"12","269403","20220710050000","10","2","彰化縣","鹿港鎮","120.395","24.105","12"
"826","274405","20220710050000","1185","0","臺中市","太平區","120.720","24.135","816"
"2062","274408","20220710050000","1546","2","臺中市","太平區","120.720","24.115","2110"
"129","274410","20220710050000","67","3","臺中市","太平區","120.755","24.120","114"
"200","274476","20220710050000","210","0","臺中市","太平區","120.810","24.140","178"
"3283","274515","20220710050000","1952","3","臺中市","南屯區","120.645","24.135","3004"
"3424","274516","20220710050000","2945","1","臺中市","南屯區","120.650","24.140","3404"
"2394","274517","20220710050000","1655","2","臺中市","南屯區","120.650","24.150","2413"
"970","274518","20220710050000","874","1","臺中市","西屯區","120.650","24.155","983"
"40","274519","20220710050000","599","0","臺中市","南屯區","120.650","24.135","31"
"1779","274520","20220710050000","969","3","臺中市","南屯區","120.650","24.130","1841"
"611","274521","20220710050000","434","2","臺中市","南屯區","120.610","24.150","609"
"1899","274522","20220710050000","1618","1","臺中市","南屯區","120.615","24.150","1990"
"429","274524","20220710050000","244","3","臺中市","南屯區","120.605","24.155","435"
"288","274525","20220710050000","224","2","臺中市","南屯區","120.610","24.155","268"
"36","274530","20220710050000","41","0","臺中市","南屯區","120.600","24.160","42"
"227","274531","20220710050000","292","0","臺中市","南屯區","120.605","24.160","272"
"88","274534","20220710050000","44","3","臺中市","南屯區","120.590","24.165","91"
"1436","274535","20220710050000","1368","1","臺中市","北區","120.690","24.155","1451"
"1856","274536","20220710050000","1898","0","臺中市","北屯區","120.695","24.165","1831"
"1918","274537","20220710050000","1592","2","臺中市","北屯區","120.700","24.160","1863"
"1937","274538","20220710050000","1444","2","臺中市","北區","120.690","24.160","1931"
"1624","274539","20220710050000","1867","0","臺中市","北區","120.680","24.150","1604"
"2066","274540","20220710050000","822","3","臺中市","北區","120.685","24.150","2076"
"1418","274541","20220710050000","1585","0","臺中市","南區","120.660","24.125","1485"
"2102","274543","20220710050000","1681","2","臺中市","南區","120.675","24.125","2111"
"57","274544","20220710050000","77","0","臺中市","北屯區","120.665","24.185","65"
"923","274545","20220710050000","629","2","臺中市","北屯區","120.725","24.170","946"
"763","274546","20220710050000","1367","0","臺中市","北屯區","120.720","24.175","762"
"1682","274547","20220710050000","1353","2","臺中市","北屯區","120.725","24.175","1671"
"2371","274549","20220710050000","1961","2","臺中市","北屯區","120.725","24.180","2264"
"327","274551","20220710050000","290","1","臺中市","北屯區","120.735","24.180","329"
"1711","274554","20220710050000","1776","0","臺中市","西區","120.675","24.140","1657"
"1448","274556","20220710050000","1166","2","臺中市","大里區","120.675","24.105","1444"
"730","274558","20220710050000","755","0","臺中市","大里區","120.675","24.115","734"
"1558","274559","20220710050000","1396","1","臺中市","西屯區","120.615","24.175","1608"
"822","274560","20220710050000","443","3","臺中市","西屯區","120.630","24.175","809"
"2293","274561","20220710050000","2206","1","臺中市","西屯區","120.615","24.180","2375"
"1184","274562","20220710050000","1200","0","臺中市","西屯區","120.625","24.180","1227"
"869","274564","20220710050000","737","1","臺中市","西屯區","120.630","24.180","880"
"2821","274566","20220710050000","2595","1","臺中市","西屯區","120.640","24.175","2907"
"1979","274567","20220710050000","1618","2","臺中市","西屯區","120.635","24.175","2012"
"1471","274568","20220710050000","779","3","臺中市","西屯區","120.635","24.180","1482"
"154","274569","20220710050000","998","0","臺中市","西屯區","120.630","24.185","164"
"140","274571","20220710050000","844","0","臺中市","北屯區","120.715","24.175","139"
"1396","274572","20220710050000","884","3","臺中市","北屯區","120.715","24.180","1438"
"185","274575","20220710050000","451","0","臺中市","北屯區","120.715","24.185","172"
"61","274577","20220710050000","36","3","臺中市","北屯區","120.730","24.185","42"
"424","274578","20220710050000","322","2","臺中市","北屯區","120.720","24.185","441"
"1549","274581","20220710050000","2238","0","臺中市","北區","120.665","24.165","1595"
"2414","274582","20220710050000","1784","2","臺中市","北區","120.670","24.165","2451"
"547","274583","20220710050000","244","3","臺中市","南區","120.670","24.125","553"
"1396","274585","20220710050000","1401","0","臺中市","西屯區","120.610","24.185","1417"
"315","274586","20220710050000","340","0","臺中市","西屯區","120.600","24.180","327"
"1455","274587","20220710050000","1171","2","臺中市","西屯區","120.605","24.180","1519"
"278","274591","20220710050000","2055","0","臺中市","龍井區","120.530","24.180","289"
"656","274593","20220710050000","1142","0","臺中市","烏日區","120.635","24.100","652"
"1310","274595","20220710050000","1666","0","臺中市","烏日區","120.635","24.105","1233"
"1166","274596","20220710050000","1136","1","臺中市","烏日區","120.640","24.105","1139"
"58","274603","20220710050000","537","0","臺中市","大肚區","120.530","24.160","67"
"1856","274608","20220710050000","1050","3","臺中市","西區","120.670","24.135","1817"
"722","274609","20220710050000","1553","0","臺中市","西區","120.655","24.150","733"
"3509","274610","20220710050000","2995","1","臺中市","西區","120.655","24.135","3492"
"2241","274611","20220710050000","2202","1","臺中市","西區","120.655","24.145","2281"
"1852","274612","20220710050000","1866","0","臺中市","西區","120.670","24.130","1895"
"261","274615","20220710050000","284","0","臺中市","太平區","120.735","24.135","242"
"35","274616","20220710050000","18","3","臺中市","太平區","120.740","24.140","38"
"2268","274620","20220710050000","1360","3","臺中市","北區","120.685","24.160","2197"
"2434","274621","20220710050000","1444","3","臺中市","北區","120.675","24.150","2413"
"1640","274623","20220710050000","630","3","臺中市","北區","120.690","24.150","1596"
"1139","274624","20220710050000","991","1","臺中市","南區","120.680","24.120","1185"
"2085","274625","20220710050000","1717","2","臺中市","大里區","120.685","24.120","2044"
"1439","274626","20220710050000","650","3","臺中市","南區","120.660","24.120","1453"
"787","274627","20220710050000","492","3","臺中市","南區","120.675","24.120","773"
"1025","274628","20220710050000","1258","0","臺中市","東區","120.695","24.130","1026"
"1380","274629","20220710050000","1843","0","臺中市","西屯區","120.620","24.185","1359"
"1049","274630","20220710050000","561","3","臺中市","西屯區","120.615","24.185","1076"
"748","274631","20220710050000","821","0","臺中市","西屯區","120.620","24.190","739"
"3277","274632","20220710050000","2997","1","臺中市","西屯區","120.605","24.185","3329"
"384","274634","20220710050000","542","0","臺中市","西屯區","120.600","24.185","391"
"826","274636","20220710050000","347","3","臺中市","東區","120.705","24.130","813"
"768","274637","20220710050000","773","0","臺中市","東區","120.705","24.135","782"
"2787","274639","20220710050000","1576","3","臺中市","東區","120.695","24.145","2770"
"79","274640","20220710050000","109","0","臺中市","東區","120.700","24.145","87"
"1746","274641","20220710050000","1265","2","臺中市","東區","120.695","24.125","1726"
"2736","274642","20220710050000","1658","3","臺中市","大里區","120.680","24.110","2699"
"207","274644","20220710050000","192","1","臺中市","大里區","120.665","24.100","200"
"49","274646","20220710050000","498","0","臺中市","大里區","120.665","24.105","48"
"211","274647","20220710050000","113","3","臺中市","大里區","120.670","24.105","216"
"57","274648","20220710050000","551","0","臺中市","大里區","120.665","24.110","49"
"1080","274649","20220710050000","668","3","臺中市","大里區","120.670","24.110","1057"
"709","274650","20220710050000","681","1","臺中市","大里區","120.700","24.105","720"
"234","274683","20220710050000","228","1","臺中市","太平區","120.765","24.110","209"
"84","274707","20220710050000","78","1","臺中市","太平區","120.795","24.115","80"
"439","274737","20220710050000","512","0","臺中市","太平區","120.720","24.140","437"
"1198","274738","20220710050000","505","3","臺中市","太平區","120.725","24.135","1188"
"1357","274739","20220710050000","709","3","臺中市","大里區","120.695","24.120","1333"
"211","274741","20220710050000","137","3","臺中市","東區","120.700","24.130","221"
"195","274742","20220710050000","128","3","臺中市","東區","120.700","24.135","179"
"1810","274744","20220710050000","2070","0","臺中市","大里區","120.685","24.105","1829"
"23","274758","20220710050000","17","2","臺中市","新社區","120.825","24.145","31"
"13","274762","20220710050000","17","0","臺中市","新社區","120.845","24.145","11"
"153","274781","20220710050000","99","3","臺中市","新社區","120.825","24.165","139"
"91","274785","20220710050000","64","2","臺中市","新社區","120.835","24.170","78"
"1016","274786","20220710050000","462","3","臺中市","西屯區","120.610","24.180","1068"
"41","274787","20220710050000","439","0","臺中市","南區","120.680","24.125","35"
"1671","274788","20220710050000","1260","2","臺中市","東區","120.685","24.135","1489"
"3554","274789","20220710050000","1842","3","臺中市","北區","120.685","24.145","3633"
"4254","274790","20220710050000","3573","1","臺中市","北屯區","120.670","24.175","4197"
"754","274792","20220710050000","653","1","臺中市","東區","120.695","24.135","782"
"83","274805","20220710050000","70","1","臺中市","新社區","120.825","24.155","82"
"314","274823","20220710050000","162","3","臺中市","新社區","120.800","24.180","285"
"185","274835","20220710050000","1506","0","臺中市","大肚區","120.540","24.150","167"
"258","274842","20220710050000","254","1","臺中市","大肚區","120.540","24.170","281"
"34","274852","20220710050000","34","1","臺中市","大肚區","120.525","24.175","36"
"93","274869","20220710050000","401","0","臺中市","大肚區","120.545","24.135","94"
"15","274873","20220710050000","212","0","臺中市","大肚區","120.550","24.140","17"
"183","274874","20220710050000","156","1","臺中市","大肚區","120.555","24.140","193"
"2285","274883","20220710050000","1683","2","臺中市","北區","120.670","24.155","2314"
"645","274884","20220710050000","548","1","臺中市","西屯區","120.655","24.175","673"
"115","274885","20220710050000","661","0","臺中市","西屯區","120.660","24.175","111"
"1153","274889","20220710050000","923","2","臺中市","大肚區","120.580","24.110","1206"
"33","274891","20220710050000","340","0","臺中市","大肚區","120.570","24.115","25"
"156","274895","20220710050000","168","0","臺中市","大肚區","120.545","24.145","159"
"210","274897","20220710050000","1597","0","臺中市","大肚區","120.550","24.150","190"
"1161","274905","20220710050000","600","3","臺中市","南區","120.650","24.115","1219"
"55","274907","20220710050000","438","0","臺中市","南區","120.650","24.120","62"
"1258","274908","20220710050000","1073","1","臺中市","南區","120.655","24.120","1315"
"1035","274910","20220710050000","1059","0","臺中市","南區","120.645","24.110","1066"
"1518","274911","20220710050000","1725","0","臺中市","南區","120.650","24.110","1511"
"1336","274912","20220710050000","1165","1","臺中市","南區","120.655","24.110","1367"
"713","274913","20220710050000","767","0","臺中市","南區","120.670","24.115","727"
"496","274917","20220710050000","246","3","臺中市","龍井區","120.575","24.180","481"
"1458","274918","20220710050000","954","3","臺中市","龍井區","120.580","24.180","1507"
"167","274921","20220710050000","172","0","臺中市","龍井區","120.580","24.185","162"
"238","274926","20220710050000","211","1","臺中市","新社區","120.815","24.180","229"
"42","274937","20220710050000","74","0","臺中市","新社區","120.880","24.105","42"
"121","274950","20220710050000","111","1","南投縣","國姓鄉","120.855","24.120","98"
"34","274969","20220710050000","34","1","臺中市","新社區","120.840","24.130","41"
"98","274972","20220710050000","44","3","臺中市","新社區","120.855","24.130","112"
"23","274976","20220710050000","19","2","臺中市","新社區","120.875","24.130","26"
"49","274982","20220710050000","48","1","臺中市","新社區","120.855","24.135","47"
"80","274997","20220710050000","49","3","臺中市","和平區","120.885","24.140","67"
"12","275017","20220710050000","95","0","臺中市","新社區","120.865","24.155","13"
"15","275019","20220710050000","60","0","臺中市","新社區","120.875","24.155","15"
"278","275027","20220710050000","139","3","臺中市","新社區","120.885","24.160","237"
"1185","275034","20220710050000","1576","0","臺中市","北區","120.675","24.165","1277"
"4324","275035","20220710050000","2741","3","臺中市","北區","120.680","24.165","4398"
"1484","275036","20220710050000","1979","0","臺中市","北區","120.675","24.170","1478"
"896","275037","20220710050000","851","1","臺中市","南區","120.655","24.115","881"
"1669","275038","20220710050000","2569","0","臺中市","南區","120.660","24.115","1671"
"2881","275039","20220710050000","1875","3","臺中市","南區","120.665","24.120","2864"
"2171","275040","20220710050000","1435","3","臺中市","南區","120.670","24.120","2093"
"172","275041","20220710050000","875","0","臺中市","太平區","120.715","24.115","190"
"1277","275042","20220710050000","1200","1","臺中市","太平區","120.720","24.120","1274"
"3990","275043","20220710050000","3454","1","臺中市","西屯區","120.645","24.175","4138"
"2450","275044","20220710050000","3097","0","臺中市","西屯區","120.650","24.175","2462"
"315","275045","20220710050000","211","2","臺中市","西屯區","120.640","24.185","294"
"106","275048","20220710050000","110","0","臺中市","西屯區","120.625","24.155","107"
"456","275049","20220710050000","378","2","臺中市","西屯區","120.625","24.160","466"
"1460","275052","20220710050000","1512","0","臺中市","龍井區","120.585","24.180","1446"
"1551","275053","20220710050000","1867","0","臺中市","西屯區","120.590","24.185","1630"
"449","275054","20220710050000","504","0","臺中市","龍井區","120.585","24.185","495"
"1785","275055","20220710050000","1889","0","臺中市","龍井區","120.590","24.180","1783"
"539","275056","20220710050000","249","3","臺中市","西屯區","120.595","24.190","523"
"718","275061","20220710050000","812","0","臺中市","東區","120.710","24.145","785"
"1290","275062","20220710050000","1294","0","臺中市","東區","120.710","24.140","1261"
"197","275064","20220710050000","247","0","臺中市","大里區","120.695","24.100","207"
"395","275065","20220710050000","515","0","臺中市","大里區","120.700","24.100","421"
"1539","275066","20220710050000","1309","1","臺中市","大里區","120.685","24.110","1644"
"707","275067","20220710050000","275","3","臺中市","大里區","120.690","24.110","745"
"584","275069","20220710050000","457","2","臺中市","太平區","120.730","24.100","569"
"467","275075","20220710050000","474","0","臺中市","太平區","120.730","24.105","454"
"670","275076","20220710050000","344","3","臺中市","太平區","120.735","24.120","688"
"17","275081","20220710050000","16","1","臺中市","太平區","120.745","24.125","10"
"432","275082","20220710050000","225","3","臺中市","太平區","120.740","24.130","411"
"1315","275083","20220710050000","872","3","臺中市","北區","120.680","24.155","1316"
"361","275084","20220710050000","323","1","臺中市","太平區","120.750","24.125","368"
"31","275090","20220710050000","38","0","臺中市","太平區","120.755","24.135","34"
"693","275099","20220710050000","393","3","臺中市","太平區","120.735","24.110","716"
"1031","275110","20220710050000","832","2","臺中市","西區","120.665","24.130","1082"
"1726","275111","20220710050000","1673","1","臺中市","東區","120.690","24.125","1776"
"123","275112","20220710050000","92","2","臺中市","東區","120.685","24.125","113"
"745","275114","20220710050000","383","3","臺中市","西區","120.665","24.135","776"
"1406","275115","20220710050000","1557","0","臺中市","西區","120.670","24.140","1475"
"1471","275116","20220710050000","618","3","臺中市","南區","120.655","24.130","2198"
"1341","275118","20220710050000","1353","0","臺中市","北區","120.695","24.155","1351"
"2240","275119","20220710050000","1733","2","臺中市","北區","120.695","24.160","2291"
"5418","275120","20220710050000","3114","3","臺中市","西區","120.660","24.135","4764"
"904","275121","20220710050000","892","1","臺中市","東區","120.685","24.130","894"
"2052","275122","20220710050000","1132","3","臺中市","南區","120.675","24.130","2099"
"1934","275123","20220710050000","1862","1","臺中市","南屯區","120.635","24.145","1937"
"3337","275124","20220710050000","1977","3","臺中市","南屯區","120.640","24.145","3236"
"2613","275125","20220710050000","1426","3","臺中市","西區","120.670","24.145","2566"
"3070","275126","20220710050000","2674","1","臺中市","北區","120.665","24.160","3055"
"1287","275128","20220710050000","1570","0","臺中市","北區","120.675","24.160","1323"
"1386","275129","20220710050000","1755","0","臺中市","北區","120.675","24.145","1345"
"2009","275130","20220710050000","1413","2","臺中市","北屯區","120.700","24.185","1974"
"692","275133","20220710050000","188","3","臺中市","北屯區","120.660","24.185","654"
"2059","275134","20220710050000","1097","3","臺中市","北屯區","120.660","24.180","2129"
"372","275137","20220710050000","243","3","臺中市","龍井區","120.565","24.175","365"
"3907","275141","20220710050000","3687","1","臺中市","南屯區","120.655","24.140","3794"
"236","275142","20220710050000","832","0","臺中市","西區","120.665","24.140","495"
"850","275143","20220710050000","446","3","臺中市","西屯區","120.625","24.185","824"
"2447","275144","20220710050000","1848","2","臺中市","西屯區","120.655","24.160","2449"
"1204","275145","20220710050000","1073","1","臺中市","西屯區","120.650","24.165","1213"
"4314","275146","20220710050000","2893","2","臺中市","西屯區","120.655","24.165","4248"
"43","275147","20220710050000","280","0","臺中市","烏日區","120.600","24.120","41"
"78","275154","20220710050000","502","0","臺中市","烏日區","120.605","24.125","73"
"77","275166","20220710050000","75","1","臺中市","烏日區","120.590","24.110","80"
"2414","275167","20220710050000","1380","3","臺中市","烏日區","120.595","24.110","2378"
"946","275174","20220710050000","701","2","臺中市","烏日區","120.615","24.105","950"
"182","275175","20220710050000","130","2","臺中市","烏日區","120.615","24.110","171"
"302","275177","20220710050000","1087","0","臺中市","烏日區","120.625","24.110","307"
"1043","275179","20220710050000","2093","0","臺中市","北區","120.685","24.165","1083"
"682","275181","20220710050000","1882","0","臺中市","北屯區","120.725","24.160","699"
"548","275185","20220710050000","456","2","臺中市","北屯區","120.725","24.165","617"
"1623","275187","20220710050000","1320","2","臺中市","北屯區","120.735","24.165","1668"
"60","275188","20220710050000","51","1","臺中市","北屯區","120.740","24.165","57"
"650","275189","20220710050000","290","3","臺中市","北屯區","120.730","24.170","723"
"341","275192","20220710050000","638","0","臺中市","北屯區","120.735","24.175","344"
"443","275193","20220710050000","290","3","臺中市","北屯區","120.740","24.175","433"
"2162","275194","20220710050000","2489","0","臺中市","北區","120.670","24.170","2184"
"1026","275195","20220710050000","973","1","臺中市","北屯區","120.690","24.170","1031"
"1204","275196","20220710050000","466","3","臺中市","北屯區","120.675","24.175","1155"
"5147","275197","20220710050000","3614","2","臺中市","北屯區","120.680","24.175","5054"
"3412","275198","20220710050000","2906","1","臺中市","北屯區","120.685","24.175","3450"
"3811","275199","20220710050000","3702","1","臺中市","南屯區","120.635","24.150","3856"
"1111","275200","20220710050000","793","2","臺中市","南屯區","120.640","24.150","1099"
"2179","275201","20220710050000","1910","1","臺中市","南屯區","120.635","24.155","2099"
"2082","275202","20220710050000","1200","3","臺中市","北屯區","120.685","24.190","2096"
"13","275203","20220710050000","89","0","臺中市","南屯區","120.620","24.115","15"
"2183","275204","20220710050000","1094","3","臺中市","南屯區","120.625","24.115","2213"
"347","275206","20220710050000","365","0","臺中市","南屯區","120.625","24.120","352"
"2307","275207","20220710050000","2674","0","臺中市","西屯區","120.650","24.180","2294"
"2339","275208","20220710050000","1477","3","臺中市","西屯區","120.635","24.185","2330"
"3855","275209","20220710050000","4027","0","臺中市","西屯區","120.645","24.180","3678"
"1991","275210","20220710050000","2079","0","臺中市","西屯區","120.640","24.180","1963"
"407","275211","20220710050000","314","2","臺中市","西屯區","120.655","24.185","416"
"1313","275212","20220710050000","567","3","臺中市","西屯區","120.660","24.165","1314"
"2038","275213","20220710050000","1621","2","臺中市","西屯區","120.650","24.160","1972"
"449","275214","20220710050000","415","1","臺中市","西屯區","120.665","24.170","473"
"545","275215","20220710050000","465","1","臺中市","大里區","120.710","24.110","606"
"342","275217","20220710050000","450","0","臺中市","太平區","120.710","24.115","358"
"148","275219","20220710050000","134","1","臺中市","太平區","120.710","24.120","137"
"698","275221","20220710050000","604","1","臺中市","太平區","120.705","24.125","711"
"532","275222","20220710050000","467","1","臺中市","太平區","120.710","24.125","524"
"1155","275223","20220710050000","1076","1","臺中市","太平區","120.715","24.125","1158"
"1315","275227","20220710050000","1149","1","臺中市","北屯區","120.670","24.180","1302"
"930","275228","20220710050000","460","3","臺中市","北屯區","120.665","24.180","971"
"97","275229","20220710050000","618","0","臺中市","北屯區","120.700","24.165","88"
"893","275230","20220710050000","2452","0","臺中市","北屯區","120.700","24.170","1593"
"1201","275231","20220710050000","577","3","臺中市","北屯區","120.705","24.165","1230"
"1216","275232","20220710050000","707","3","臺中市","北屯區","120.675","24.180","1278"
"647","275233","20220710050000","243","3","臺中市","北屯區","120.675","24.185","656"
"3005","275234","20220710050000","1644","3","臺中市","北屯區","120.680","24.180","2930"
"2225","275235","20220710050000","1540","2","臺中市","北屯區","120.670","24.185","2242"
"874","275237","20220710050000","461","3","臺中市","北屯區","120.675","24.190","854"
"55","275238","20220710050000","625","0","臺中市","北屯區","120.680","24.185","168"
"3003","275239","20220710050000","3115","0","臺中市","北區","120.680","24.160","2990"
"1824","275240","20220710050000","2283","0","臺中市","南區","120.660","24.110","1835"
"2711","275241","20220710050000","1747","3","臺中市","南區","120.665","24.115","2193"
"2227","275242","20220710050000","2062","1","臺中市","南區","120.665","24.125","2302"
"1441","275243","20220710050000","1419","1","臺中市","南區","120.655","24.125","1396"
"1497","275245","20220710050000","1243","2","臺中市","南屯區","120.645","24.145","1521"
"2707","275246","20220710050000","3086","0","臺中市","西區","120.650","24.145","2697"
"77","275247","20220710050000","103","0","臺中市","南屯區","120.600","24.140","66"
"528","275249","20220710050000","324","3","臺中市","南屯區","120.610","24.140","518"
"268","275250","20220710050000","226","1","臺中市","南屯區","120.615","24.140","297"
"392","275251","20220710050000","180","3","臺中市","南屯區","120.600","24.145","385"
"1408","275252","20220710050000","636","3","臺中市","南屯區","120.605","24.145","1465"
"1005","275253","20220710050000","448","3","臺中市","南屯區","120.610","24.145","1021"
"1417","275254","20220710050000","977","2","臺中市","南屯區","120.615","24.145","1496"
"469","275255","20220710050000","422","1","臺中市","南屯區","120.620","24.145","461"
"33","275256","20220710050000","37","0","臺中市","南屯區","120.595","24.150","39"
"177","275257","20220710050000","84","3","臺中市","南屯區","120.600","24.150","180"
"2549","275267","20220710050000","2780","0","臺中市","北屯區","120.690","24.185","2589"
"14","275268","20220710050000","17","0","臺中市","北屯區","120.690","24.190","15"
"508","275270","20220710050000","477","1","臺中市","大肚區","120.555","24.130","501"
"452","275272","20220710050000","502","0","臺中市","大肚區","120.555","24.135","432"
"505","275278","20220710050000","459","1","臺中市","南屯區","120.620","24.140","491"
"242","275280","20220710050000","285","0","臺中市","南屯區","120.625","24.145","255"
"425","275281","20220710050000","369","1","臺中市","南屯區","120.630","24.145","436"
"455","275284","20220710050000","324","2","臺中市","南屯區","120.610","24.130","451"
"511","275286","20220710050000","171","3","臺中市","南屯區","120.600","24.135","538"
"436","275288","20220710050000","364","1","臺中市","南屯區","120.610","24.135","452"
"206","275291","20220710050000","219","0","臺中市","南屯區","120.595","24.135","202"
"591","275293","20220710050000","469","2","臺中市","南屯區","120.605","24.135","606"
"1573","275294","20220710050000","1003","3","臺中市","南屯區","120.615","24.135","1587"
"74","275297","20220710050000","28","3","臺中市","南屯區","120.590","24.140","66"
"282","275302","20220710050000","136","3","臺中市","南屯區","120.590","24.145","313"
"22","275303","20220710050000","50","0","臺中市","南屯區","120.595","24.145","24"
"129","275307","20220710050000","78","3","臺中市","南屯區","120.590","24.150","127"
"157","275309","20220710050000","159","0","臺中市","南屯區","120.630","24.115","160"
"82","275311","20220710050000","273","0","臺中市","南屯區","120.630","24.120","77"
"399","275312","20220710050000","316","2","臺中市","南屯區","120.635","24.120","397"
"104","275314","20220710050000","33","3","臺中市","南屯區","120.625","24.135","106"
"2907","275315","20220710050000","1755","3","臺中市","南屯區","120.630","24.135","2923"
"902","275316","20220710050000","613","2","臺中市","南屯區","120.630","24.140","881"
"3214","275317","20220710050000","1861","3","臺中市","南屯區","120.635","24.140","3304"
"993","275318","20220710050000","651","3","臺中市","南屯區","120.645","24.150","1038"
"2000","275319","20220710050000","1047","3","臺中市","南屯區","120.640","24.140","1630"
"1840","275320","20220710050000","2147","0","臺中市","南屯區","120.645","24.140","1847"
"316","275322","20220710050000","303","1","臺中市","南屯區","120.635","24.125","317"
"503","275325","20220710050000","457","1","臺中市","南屯區","120.635","24.130","502"
"1725","275326","20220710050000","1186","2","臺中市","南屯區","120.645","24.130","1676"
"901","275328","20220710050000","620","2","臺中市","南屯區","120.640","24.135","927"
"166","275329","20220710050000","470","0","臺中市","南屯區","120.640","24.130","175"
"66","275330","20220710050000","52","2","臺中市","南屯區","120.620","24.125","66"
"526","275332","20220710050000","227","3","臺中市","南屯區","120.630","24.125","545"
"161","275333","20220710050000","105","3","臺中市","南屯區","120.620","24.130","157"
"209","275336","20220710050000","179","1","臺中市","南屯區","120.640","24.125","216"
"372","275337","20220710050000","269","2","臺中市","南屯區","120.620","24.135","351"
"2124","275340","20220710050000","2203","0","臺中市","太平區","120.700","24.150","2063"
"1151","275341","20220710050000","1056","1","臺中市","北區","120.700","24.155","1179"
"2792","275343","20220710050000","1755","3","臺中市","北屯區","120.685","24.180","2802"
"1431","275344","20220710050000","1043","2","臺中市","北屯區","120.690","24.180","1434"
"440","275350","20220710050000","209","3","臺中市","北屯區","120.745","24.160","456"
"154","275354","20220710050000","146","1","臺中市","太平區","120.770","24.160","172"
"16","275362","20220710050000","14","1","臺中市","北屯區","120.745","24.170","15"
"222","275365","20220710050000","139","3","臺中市","北屯區","120.760","24.170","226"
"38","275378","20220710050000","19","3","臺中市","北屯區","120.765","24.175","20"
"232","275380","20220710050000","211","1","臺中市","北屯區","120.775","24.175","230"
"89","275382","20220710050000","60","2","臺中市","北屯區","120.785","24.175","102"
"156","275386","20220710050000","141","1","臺中市","北屯區","120.750","24.180","163"
"984","275391","20220710050000","1226","0","臺中市","北屯區","120.710","24.160","1003"
"534","275392","20220710050000","326","3","臺中市","北屯區","120.715","24.160","559"
"395","275393","20220710050000","381","1","臺中市","北屯區","120.710","24.165","382"
"658","275394","20220710050000","592","1","臺中市","北屯區","120.715","24.165","622"
"355","275395","20220710050000","542","0","臺中市","北屯區","120.720","24.165","424"
"1783","275396","20220710050000","1833","0","臺中市","北屯區","120.710","24.170","1753"
"425","275397","20220710050000","452","0","臺中市","北屯區","120.715","24.170","457"
"1192","275398","20220710050000","1168","1","臺中市","北屯區","120.720","24.170","1135"
"48","275399","20220710050000","42","1","臺中市","大肚區","120.570","24.150","52"
"157","275400","20220710050000","122","2","臺中市","大肚區","120.570","24.155","174"
"1438","275403","20220710050000","1320","1","臺中市","大肚區","120.570","24.160","1416"
"58","275420","20220710050000","53","1","臺中市","大肚區","120.535","24.150","51"
"2442","275421","20220710050000","2333","1","臺中市","西區","120.655","24.155","2380"
"2316","275422","20220710050000","1393","3","臺中市","西區","120.660","24.155","2420"
"788","275423","20220710050000","700","1","臺中市","西區","120.660","24.160","773"
"150","275424","20220710050000","173","0","臺中市","大里區","120.675","24.100","143"
"589","275425","20220710050000","603","0","臺中市","大里區","120.680","24.100","582"
"401","275426","20220710050000","242","3","臺中市","大里區","120.680","24.105","420"
"1708","275427","20220710050000","787","3","臺中市","西區","120.680","24.135","1644"
"1094","275428","20220710050000","775","2","臺中市","中區","120.680","24.145","1096"
"3683","275429","20220710050000","1607","3","臺中市","中區","120.680","24.140","3397"
"2524","275430","20220710050000","1126","3","臺中市","北屯區","120.680","24.170","2488"
"554","275431","20220710050000","893","0","臺中市","北屯區","120.685","24.170","594"
"607","275432","20220710050000","861","0","臺中市","北屯區","120.690","24.165","621"
"1350","275433","20220710050000","1140","1","臺中市","北屯區","120.695","24.170","1371"
"3583","275434","20220710050000","3171","1","臺中市","北屯區","120.695","24.175","3507"
"2746","275435","20220710050000","2312","1","臺中市","北屯區","120.690","24.175","2764"
"1623","275436","20220710050000","1141","2","臺中市","南屯區","120.630","24.150","1608"
"975","275437","20220710050000","512","3","臺中市","南屯區","120.630","24.155","958"
"558","275439","20220710050000","1181","0","臺中市","北屯區","120.710","24.175","456"
"393","275440","20220710050000","309","2","臺中市","北屯區","120.695","24.185","356"
"648","275442","20220710050000","567","1","臺中市","北屯區","120.710","24.180","616"
"124","275443","20220710050000","459","0","臺中市","北屯區","120.705","24.180","117"
"1096","275445","20220710050000","1056","1","臺中市","北屯區","120.705","24.185","1143"
"1878","275457","20220710050000","1149","3","臺中市","北區","120.670","24.160","1955"
"1304","275458","20220710050000","789","3","臺中市","北區","120.685","24.155","1331"
"1651","275459","20220710050000","698","3","臺中市","北屯區","120.700","24.175","1469"
"645","275461","20220710050000","282","3","臺中市","大里區","120.710","24.100","659"
"726","275462","20220710050000","666","1","臺中市","大里區","120.715","24.100","686"
"1498","275463","20220710050000","1748","0","臺中市","大里區","120.690","24.105","1559"
"551","275464","20220710050000","615","0","臺中市","大里區","120.695","24.105","576"
"927","275466","20220710050000","1010","0","臺中市","大里區","120.685","24.100","927"
"3116","275467","20220710050000","2310","2","臺中市","大里區","120.680","24.115","3105"
"508","275468","20220710050000","400","2","臺中市","大里區","120.685","24.115","519"
"892","275469","20220710050000","1198","0","臺中市","南屯區","120.635","24.135","868"
"41","275471","20220710050000","789","0","臺中市","大里區","120.695","24.110","46"
"1875","275477","20220710050000","1262","2","臺中市","太平區","120.715","24.155","1751"
"1199","275478","20220710050000","562","3","臺中市","北屯區","120.705","24.170","1179"
"333","275479","20220710050000","292","1","臺中市","北屯區","120.740","24.180","357"
"78","275480","20220710050000","218","0","臺中市","北屯區","120.745","24.180","85"
"17","275487","20220710050000","114","0","臺中市","北屯區","120.745","24.185","18"
"46","275492","20220710050000","46","1","臺中市","北屯區","120.770","24.185","47"
"62","275502","20220710050000","84","0","臺中市","北屯區","120.765","24.185","50"
"1543","275504","20220710050000","1922","0","臺中市","北屯區","120.695","24.180","1570"
"1918","275505","20220710050000","1288","2","臺中市","西屯區","120.665","24.175","1920"
"653","275506","20220710050000","594","1","臺中市","西屯區","120.640","24.155","661"
"2306","275507","20220710050000","2395","0","臺中市","西屯區","120.645","24.155","2282"
"972","275508","20220710050000","2140","0","臺中市","西屯區","120.640","24.160","964"
"2032","275509","20220710050000","784","3","臺中市","西屯區","120.645","24.160","2009"
"384","275510","20220710050000","804","0","臺中市","西屯區","120.640","24.165","331"
"1596","275511","20220710050000","1593","1","臺中市","西屯區","120.645","24.165","1586"
"1268","275512","20220710050000","1156","1","臺中市","西屯區","120.650","24.170","1302"
"906","275513","20220710050000","423","3","臺中市","太平區","120.720","24.145","928"
"597","275515","20220710050000","588","1","臺中市","太平區","120.715","24.145","616"
"1778","275517","20220710050000","1559","1","臺中市","大里區","120.690","24.115","1742"
"697","275518","20220710050000","501","2","臺中市","大里區","120.690","24.120","740"
"495","275519","20220710050000","268","3","臺中市","東區","120.700","24.125","503"
"69","275662","20220710050000","58","1","臺中市","和平區","120.955","24.160","54"
"392","275685","20220710050000","301","2","臺中市","和平區","120.950","24.165","334"
"69","275710","20220710050000","63","1","臺中市","和平區","120.945","24.170","83"
"73","275829","20220710050000","60","2","臺中市","和平區","120.990","24.185","75"
"126","276007","20220710050000","103","2","臺中市","和平區","120.925","24.180","115"
"139","276027","20220710050000","1089","0","臺中市","北屯區","120.700","24.180","148"
"1529","276028","20220710050000","2018","0","臺中市","南區","120.680","24.130","1517"
"1484","276029","20220710050000","1847","0","臺中市","西屯區","120.620","24.180","1447"
"959","276033","20220710050000","905","1","臺中市","西屯區","120.650","24.185","954"
"660","276037","20220710050000","443","2","臺中市","西屯區","120.635","24.160","645"
"1466","276039","20220710050000","955","3","臺中市","西屯區","120.635","24.165","1448"
"320","276040","20220710050000","186","3","臺中市","西屯區","120.630","24.170","358"
"871","276041","20220710050000","644","2","臺中市","西屯區","120.635","24.170","838"
"1965","276043","20220710050000","1685","1","臺中市","太平區","120.715","24.140","2008"
"87","276044","20220710050000","913","0","臺中市","太平區","120.720","24.155","102"
"2496","276045","20220710050000","2503","0","臺中市","西區","120.660","24.140","2602"
"1866","276046","20220710050000","1903","0","臺中市","西區","120.660","24.145","1854"
"1205","276048","20220710050000","1367","0","臺中市","南區","120.660","24.130","1194"
"243","276451","20220710050000","241","1","花蓮縣","秀林鄉","121.285","24.140","121"
"264","276521","20220710050000","226","1","花蓮縣","秀林鄉","121.635","24.140","273"
"10","276664","20220710050000","74","0","花蓮縣","秀林鄉","121.625","24.150","94"
"186","276735","20220710050000","78","3","花蓮縣","秀林鄉","121.625","24.155","164"
"55","276803","20220710050000","33","3","花蓮縣","秀林鄉","121.620","24.160","65"
"158","276945","20220710050000","73","3","花蓮縣","秀林鄉","121.300","24.175","70"
"10","276961","20220710050000","22","0","花蓮縣","秀林鄉","121.380","24.175","10"
"72","277000","20220710050000","62","1","花蓮縣","秀林鄉","121.570","24.175","66"
"14","277055","20220710050000","28","0","花蓮縣","秀林鄉","121.510","24.180","20"
"371","277116","20220710050000","207","3","花蓮縣","秀林鄉","121.495","24.180","330"
"685","277183","20220710050000","370","3","花蓮縣","秀林鄉","121.655","24.125","665"
"63","277187","20220710050000","51","2","花蓮縣","秀林鄉","121.645","24.135","59"
"323","277214","20220710050000","273","1","花蓮縣","秀林鄉","121.650","24.155","317"
"306","277223","20220710050000","154","3","花蓮縣","秀林鄉","121.655","24.160","263"
"271","277237","20220710050000","106","3","花蓮縣","秀林鄉","121.655","24.170","225"
"2413","277409","20220710050000","3534","0","臺中市","西屯區","120.645","24.170","2351"
"599","277410","20220710050000","475","2","臺中市","太平區","120.730","24.155","617"
"150","277411","20220710050000","875","0","臺中市","太平區","120.735","24.155","129"
"24","277415","20220710050000","189","0","臺中市","大肚區","120.550","24.120","26"
"964","277420","20220710050000","943","1","臺中市","大肚區","120.570","24.120","976"
"97","277421","20220710050000","693","0","臺中市","大肚區","120.575","24.120","93"
"465","277423","20220710050000","374","2","臺中市","大肚區","120.570","24.125","457"
"36","277425","20220710050000","394","0","臺中市","大肚區","120.580","24.125","35"
"138","277426","20220710050000","131","1","臺中市","大肚區","120.570","24.130","144"
"309","277434","20220710050000","269","1","臺中市","大肚區","120.585","24.135","291"
"23","277436","20220710050000","15","3","臺中市","大肚區","120.580","24.140","13"
"2432","277437","20220710050000","2476","0","臺中市","大里區","120.705","24.105","2423"
"592","277439","20220710050000","524","1","臺中市","大里區","120.705","24.110","599"
"52","277440","20220710050000","725","0","臺中市","太平區","120.705","24.150","50"
"393","277441","20220710050000","838","0","臺中市","太平區","120.710","24.150","411"
"487","277442","20220710050000","299","3","臺中市","烏日區","120.625","24.100","457"
"868","277443","20220710050000","686","2","臺中市","烏日區","120.630","24.100","895"
"1495","277444","20220710050000","790","3","臺中市","烏日區","120.620","24.105","1488"
"529","277445","20220710050000","343","3","臺中市","烏日區","120.625","24.105","511"
"96","277450","20220710050000","56","3","臺中市","西屯區","120.595","24.165","91"
"197","277451","20220710050000","159","2","臺中市","西屯區","120.600","24.165","184"
"138","277452","20220710050000","168","0","臺中市","西屯區","120.605","24.165","125"
"341","277453","20220710050000","293","1","臺中市","西屯區","120.610","24.165","341"
"495","277457","20220710050000","452","1","臺中市","西屯區","120.590","24.170","469"
"58","277458","20220710050000","30","3","臺中市","西屯區","120.595","24.170","66"
"44","277460","20220710050000","43","1","臺中市","西屯區","120.605","24.170","41"
"245","277461","20220710050000","279","0","臺中市","西屯區","120.610","24.170","235"
"69","277462","20220710050000","119","0","臺中市","西屯區","120.615","24.170","74"
"685","277463","20220710050000","501","2","臺中市","西屯區","120.620","24.170","656"
"76","277467","20220710050000","71","1","臺中市","西屯區","120.605","24.175","76"
"366","277468","20220710050000","220","3","臺中市","西屯區","120.595","24.175","376"
"418","277471","20220710050000","169","3","臺中市","西屯區","120.620","24.175","446"
"714","277473","20220710050000","1416","0","臺中市","西屯區","120.595","24.180","849"
"200","277474","20220710050000","77","3","臺中市","西屯區","120.595","24.185","208"
"57","277475","20220710050000","345","0","臺中市","西屯區","120.600","24.175","72"
"2168","277477","20220710050000","2023","1","臺中市","太平區","120.720","24.130","2165"
"32","277478","20220710050000","223","0","臺中市","太平區","120.710","24.130","28"
"92","277480","20220710050000","1136","0","臺中市","太平區","120.715","24.135","89"
"1791","277481","20220710050000","1503","1","臺中市","太平區","120.730","24.150","1838"
"37","277483","20220710050000","215","0","臺中市","大肚區","120.575","24.170","32"
"617","277484","20220710050000","901","0","臺中市","大肚區","120.580","24.170","635"
"1950","277487","20220710050000","2062","0","臺中市","大肚區","120.545","24.155","1915"
"74","277488","20220710050000","605","0","臺中市","大肚區","120.540","24.160","71"
"719","277489","20220710050000","685","1","臺中市","大肚區","120.545","24.160","768"
"253","277492","20220710050000","203","2","臺中市","大肚區","120.535","24.165","227"
"744","277493","20220710050000","966","0","臺中市","大里區","120.690","24.100","746"
"436","277496","20220710050000","377","1","臺中市","太平區","120.735","24.105","427"
"818","277503","20220710050000","744","1","臺中市","太平區","120.730","24.140","813"
"984","277504","20220710050000","930","1","臺中市","太平區","120.735","24.140","1005"
"18","277507","20220710050000","24","0","臺中市","太平區","120.730","24.145","19"
"1317","277508","20220710050000","1154","1","臺中市","太平區","120.735","24.145","1404"
"1541","277520","20220710050000","1448","1","臺中市","太平區","120.740","24.155","1520"
"182","277531","20220710050000","852","0","臺中市","太平區","120.730","24.125","193"
"128","277532","20220710050000","273","0","臺中市","太平區","120.725","24.130","124"
"1446","277533","20220710050000","1333","1","臺中市","東區","120.690","24.130","1364"
"1036","277534","20220710050000","834","2","臺中市","東區","120.690","24.140","1169"
"2381","277535","20220710050000","1108","3","臺中市","中區","120.685","24.140","2374"
"19","277537","20220710050000","158","0","臺中市","太平區","120.735","24.130","13"
"700","277538","20220710050000","1066","0","臺中市","太平區","120.720","24.100","741"
"710","277540","20220710050000","514","2","臺中市","太平區","120.720","24.105","704"
"913","277541","20220710050000","929","0","臺中市","太平區","120.725","24.140","915"
"497","277542","20220710050000","469","1","臺中市","太平區","120.730","24.135","493"
"913","277544","20220710050000","886","1","臺中市","龍井區","120.540","24.175","877"
"551","277557","20220710050000","395","2","臺中市","大肚區","120.560","24.125","587"
"114","277558","20220710050000","471","0","臺中市","大肚區","120.565","24.125","125"
"817","277564","20220710050000","847","0","臺中市","龍井區","120.575","24.175","838"
"169","277565","20220710050000","516","0","臺中市","龍井區","120.580","24.175","178"
"595","277566","20220710050000","574","1","臺中市","太平區","120.725","24.145","595"
"827","277567","20220710050000","718","1","臺中市","太平區","120.720","24.125","806"
"41","277587","20220710050000","32","2","臺中市","東勢區","120.855","24.175","32"
"96","277597","20220710050000","113","0","臺中市","東勢區","120.840","24.185","103"
"18","277611","20220710050000","16","1","臺中市","東勢區","120.865","24.185","16"
"726","277614","20220710050000","816","0","臺中市","太平區","120.710","24.135","743"
"1667","277615","20220710050000","1343","2","臺中市","東區","120.705","24.140","1689"
"1505","277617","20220710050000","1060","2","臺中市","東區","120.695","24.150","1551"
"77","277618","20220710050000","1972","0","臺中市","太平區","120.705","24.155","83"
"795","277619","20220710050000","780","1","臺中市","太平區","120.705","24.160","817"
"1771","277620","20220710050000","682","3","臺中市","太平區","120.710","24.155","1751"
"1840","277621","20220710050000","1340","2","臺中市","東區","120.690","24.135","1807"
"585","277622","20220710050000","586","0","臺中市","東區","120.690","24.145","619"
"2130","277623","20220710050000","1193","3","臺中市","東區","120.700","24.140","2135"
"1717","277624","20220710050000","1494","1","臺中市","北區","120.675","24.155","1806"
"1748","277625","20220710050000","1634","1","臺中市","西區","120.660","24.150","1807"
"2300","277626","20220710050000","1830","2","臺中市","西區","120.665","24.155","2300"
"24","277630","20220710050000","436","0","臺中市","龍井區","120.550","24.185","19"
"196","277637","20220710050000","155","2","臺中市","烏日區","120.650","24.105","213"
"902","277638","20220710050000","909","0","臺中市","烏日區","120.655","24.105","935"
"3284","277639","20220710050000","2386","2","臺中市","西屯區","120.640","24.170","3231"
"1357","277640","20220710050000","1622","0","臺中市","西屯區","120.655","24.170","1302"
"3827","277641","20220710050000","3278","1","臺中市","西屯區","120.660","24.170","3905"
"1763","277642","20220710050000","2032","0","臺中市","太平區","120.720","24.150","1787"
"320","277643","20220710050000","305","1","臺中市","太平區","120.725","24.150","315"
"1671","277644","20220710050000","1663","1","臺中市","太平區","120.725","24.155","1683"
"1344","277646","20220710050000","499","3","臺中市","烏日區","120.605","24.105","1345"
"471","277647","20220710050000","318","2","臺中市","烏日區","120.610","24.105","450"
"62","277648","20220710050000","33","3","臺中市","烏日區","120.600","24.110","51"
"936","277649","20220710050000","1483","0","臺中市","烏日區","120.605","24.110","903"
"16","277650","20220710050000","11","2","臺中市","烏日區","120.610","24.110","12"
"476","277652","20220710050000","405","1","臺中市","烏日區","120.605","24.115","472"
"250","277653","20220710050000","137","3","臺中市","烏日區","120.610","24.115","248"
"322","277656","20220710050000","1155","0","臺中市","烏日區","120.635","24.110","325"
"1032","277657","20220710050000","1083","0","臺中市","烏日區","120.640","24.110","1020"
"1959","277661","20220710050000","1196","3","臺中市","西區","120.665","24.150","1980"
"230","277662","20220710050000","412","0","臺中市","西區","120.670","24.150","258"
"1523","277663","20220710050000","2446","0","臺中市","西區","120.675","24.135","1552"
"1781","277664","20220710050000","1812","0","臺中市","西區","120.665","24.145","1838"
"196","277681","20220710050000","159","2","花蓮縣","秀林鄉","121.630","24.115","210"
"93","277712","20220710050000","95","0","花蓮縣","秀林鄉","121.630","24.125","93"
"295","277713","20220710050000","242","2","花蓮縣","秀林鄉","121.635","24.125","330"
"248","277756","20220710050000","214","1","花蓮縣","新城鄉","121.615","24.100","258"
"171","277759","20220710050000","149","1","花蓮縣","新城鄉","121.620","24.105","181"
"403","277766","20220710050000","397","1","花蓮縣","新城鄉","121.640","24.115","409"
"101","277799","20220710050000","93","1","花蓮縣","新城鄉","121.650","24.125","89"
"197","277805","20220710050000","160","2","花蓮縣","新城鄉","121.645","24.130","200"
"30","277807","20220710050000","35","0","彰化縣","彰化市","120.545","24.100","30"
"1120","277812","20220710050000","1040","1","彰化縣","和美鎮","120.495","24.115","1152"
"315","277817","20220710050000","208","3","彰化縣","彰化市","120.560","24.105","327"
"266","277821","20220710050000","156","3","彰化縣","和美鎮","120.505","24.140","267"
"1170","277830","20220710050000","1207","0","彰化縣","和美鎮","120.500","24.105","1137"
"1778","277831","20220710050000","1604","1","彰化縣","和美鎮","120.495","24.110","1827"
"1498","277832","20220710050000","1592","0","彰化縣","和美鎮","120.500","24.110","1505"
"82","277834","20220710050000","1108","0","彰化縣","伸港鄉","120.480","24.140","68"
"195","277848","20220710050000","238","0","南投縣","國姓鄉","120.895","24.110","155"
"26","277865","20220710050000","25","1","南投縣","國姓鄉","120.850","24.105","20"
"92","277866","20220710050000","58","3","南投縣","國姓鄉","120.855","24.105","67"
"670","277889","20220710050000","593","1","彰化縣","和美鎮","120.490","24.110","677"
"214","277890","20220710050000","189","1","彰化縣","和美鎮","120.490","24.115","202"
"203","277892","20220710050000","237","0","彰化縣","和美鎮","120.515","24.125","197"
"31","277895","20220710050000","31","1","彰化縣","和美鎮","120.520","24.130","38"
"332","277898","20220710050000","304","1","彰化縣","和美鎮","120.515","24.135","345"
"420","277902","20220710050000","397","1","彰化縣","和美鎮","120.500","24.130","417"
"21","277906","20220710050000","16","2","彰化縣","和美鎮","120.505","24.135","29"
"18","277907","20220710050000","17","1","彰化縣","和美鎮","120.510","24.135","23"
"1475","277912","20220710050000","1205","2","彰化縣","和美鎮","120.490","24.120","1410"
"682","277913","20220710050000","644","1","彰化縣","和美鎮","120.495","24.120","697"
"64","277919","20220710050000","103","0","彰化縣","伸港鄉","120.510","24.160","56"
"49","277922","20220710050000","35","2","彰化縣","伸港鄉","120.510","24.165","51"
"87","277925","20220710050000","561","0","彰化縣","伸港鄉","120.505","24.170","80"
"131","277926","20220710050000","107","2","彰化縣","伸港鄉","120.510","24.170","66"
"260","277931","20220710050000","177","2","彰化縣","伸港鄉","120.505","24.180","252"
"844","277935","20220710050000","381","3","彰化縣","彰化市","120.575","24.100","846"
"49","277953","20220710050000","810","0","彰化縣","和美鎮","120.530","24.110","43"
"47","277967","20220710050000","512","0","彰化縣","和美鎮","120.545","24.110","37"
"17","277968","20220710050000","32","0","彰化縣","和美鎮","120.540","24.115","19"
"28","277971","20220710050000","48","0","彰化縣","和美鎮","120.530","24.100","30"
"1390","277975","20220710050000","1032","2","彰化縣","和美鎮","120.525","24.115","1398"
"21","277978","20220710050000","16","2","彰化縣","和美鎮","120.485","24.135","20"
"106","277979","20220710050000","160","0","彰化縣","和美鎮","120.485","24.140","109"
"360","277980","20220710050000","2084","0","彰化縣","伸港鄉","120.485","24.145","384"
"188","277982","20220710050000","591","0","彰化縣","伸港鄉","120.490","24.150","180"
"230","277984","20220710050000","189","2","彰化縣","伸港鄉","120.470","24.145","242"
"57","277985","20220710050000","368","0","彰化縣","伸港鄉","120.475","24.145","57"
"110","277994","20220710050000","782","0","彰化縣","伸港鄉","120.500","24.140","117"
"116","277998","20220710050000","282","0","彰化縣","伸港鄉","120.480","24.155","120"
"935","278002","20220710050000","841","1","彰化縣","和美鎮","120.490","24.105","947"
"46","278003","20220710050000","108","0","彰化縣","和美鎮","120.490","24.125","46"
"666","278011","20220710050000","569","1","彰化縣","和美鎮","120.515","24.105","665"
"649","278012","20220710050000","488","2","彰化縣","和美鎮","120.510","24.110","652"
"107","278018","20220710050000","466","0","彰化縣","和美鎮","120.510","24.150","107"
"24","278026","20220710050000","522","0","彰化縣","線西鄉","120.455","24.145","35"
"158","278032","20220710050000","73","3","彰化縣","伸港鄉","120.450","24.155","157"
"1415","278037","20220710050000","1356","1","彰化縣","和美鎮","120.500","24.115","1439"
"991","278047","20220710050000","543","3","彰化縣","和美鎮","120.490","24.130","948"
"1080","278050","20220710050000","398","3","彰化縣","和美鎮","120.490","24.100","1129"
"1931","278052","20220710050000","634","3","彰化縣","和美鎮","120.515","24.100","1922"
"917","278053","20220710050000","533","3","彰化縣","和美鎮","120.520","24.100","897"
"160","278058","20220710050000","127","2","彰化縣","和美鎮","120.485","24.100","162"
"544","278060","20220710050000","545","0","彰化縣","和美鎮","120.485","24.110","517"
"72","278065","20220710050000","209","0","彰化縣","伸港鄉","120.475","24.155","68"
"24","278066","20220710050000","13","3","彰化縣","伸港鄉","120.470","24.160","29"
"1094","278099","20220710050000","1208","0","彰化縣","和美鎮","120.530","24.105","1068"
"524","278100","20220710050000","414","2","彰化縣","和美鎮","120.515","24.120","502"
"187","278175","20220710050000","149","2","南投縣","仁愛鄉","121.190","24.145","238"
"473","278457","20220710050000","343","2","南投縣","仁愛鄉","121.205","24.110","194"
"423","278506","20220710050000","341","2","南投縣","仁愛鄉","121.270","24.140","186"
"165","278518","20220710050000","102","3","南投縣","仁愛鄉","121.285","24.160","33"
"138","278973","20220710050000","90","3","南投縣","仁愛鄉","121.185","24.120","115"
"283","279090","20220710050000","280","1","南投縣","仁愛鄉","121.170","24.155","299"
"62","279213","20220710050000","73","0","南投縣","仁愛鄉","121.200","24.180","47"
"210","279218","20220710050000","202","1","南投縣","仁愛鄉","121.225","24.180","184"
"269","279255","20220710050000","1830","0","彰化縣","伸港鄉","120.485","24.160","258"
"205","279258","20220710050000","787","0","彰化縣","伸港鄉","120.495","24.160","207"
"32","279282","20220710050000","24","2","彰化縣","線西鄉","120.420","24.130","31"
"62","279286","20220710050000","456","0","彰化縣","和美鎮","120.480","24.105","66"
"26","279292","20220710050000","360","0","彰化縣","鹿港鎮","120.460","24.105","20"
"10","279293","20220710050000","462","0","彰化縣","鹿港鎮","120.465","24.105","11"
"663","279295","20220710050000","340","3","彰化縣","鹿港鎮","120.465","24.110","635"
"394","279296","20220710050000","205","3","彰化縣","鹿港鎮","120.460","24.115","377"
"1761","279303","20220710050000","1298","2","彰化縣","線西鄉","120.465","24.130","1637"
"273","279311","20220710050000","208","2","彰化縣","線西鄉","120.435","24.140","267"
"575","279350","20220710050000","453","2","彰化縣","鹿港鎮","120.450","24.115","607"
"267","279359","20220710050000","138","3","彰化縣","鹿港鎮","120.455","24.120","256"
"61","279366","20220710050000","44","2","彰化縣","線西鄉","120.460","24.130","55"
"326","279368","20220710050000","329","0","彰化縣","線西鄉","120.430","24.130","345"
"361","279371","20220710050000","197","3","彰化縣","線西鄉","120.425","24.135","344"
"26","279375","20220710050000","393","0","彰化縣","線西鄉","120.470","24.135","26"
"115","279379","20220710050000","57","3","彰化縣","線西鄉","120.440","24.150","125"
"115","279387","20220710050000","119","0","彰化縣","線西鄉","120.445","24.150","127"
"470","279389","20220710050000","360","2","彰化縣","線西鄉","120.480","24.115","478"
"236","279392","20220710050000","242","0","彰化縣","和美鎮","120.485","24.120","244"
"395","279396","20220710050000","432","0","彰化縣","線西鄉","120.480","24.125","384"
"669","279398","20220710050000","340","3","彰化縣","線西鄉","120.470","24.130","632"
"252","285401","20220710050000","191","2","臺中市","清水區","120.560","24.270","290"
"2227","285403","20220710050000","2133","1","臺中市","清水區","120.550","24.275","2261"
"713","285405","20220710050000","607","1","臺中市","清水區","120.540","24.275","693"
"117","285406","20220710050000","863","0","臺中市","北屯區","120.665","24.195","118"
"792","285409","20220710050000","522","3","臺中市","北屯區","120.680","24.195","783"
"694","285410","20220710050000","360","3","臺中市","北屯區","120.665","24.200","668"
"472","285412","20220710050000","427","1","臺中市","北屯區","120.675","24.200","503"
"409","285413","20220710050000","421","0","臺中市","北屯區","120.680","24.200","403"
"487","285414","20220710050000","423","1","臺中市","北屯區","120.685","24.200","519"
"29","285415","20220710050000","23","2","臺中市","北屯區","120.665","24.190","26"
"1515","285416","20220710050000","641","3","臺中市","北屯區","120.670","24.190","1473"
"1678","285419","20220710050000","2214","0","臺中市","沙鹿區","120.565","24.240","1666"
"75","285422","20220710050000","60","2","臺中市","沙鹿區","120.565","24.245","65"
"404","285423","20220710050000","581","0","臺中市","沙鹿區","120.570","24.245","417"
"387","285425","20220710050000","419","0","臺中市","沙鹿區","120.560","24.250","390"
"661","285426","20220710050000","333","3","臺中市","沙鹿區","120.565","24.250","666"
"599","285428","20220710050000","364","3","臺中市","沙鹿區","120.565","24.255","594"
"1736","285431","20220710050000","729","3","臺中市","清水區","120.575","24.275","1732"
"1423","285434","20220710050000","1185","2","臺中市","潭子區","120.715","24.205","1375"
"462","285437","20220710050000","228","3","臺中市","潭子區","120.700","24.200","444"
"537","285439","20220710050000","528","1","臺中市","潭子區","120.700","24.205","520"
"603","285440","20220710050000","432","2","臺中市","潭子區","120.700","24.210","641"
"1476","285441","20220710050000","1574","0","臺中市","潭子區","120.705","24.210","1523"
"1266","285442","20220710050000","1181","1","臺中市","潭子區","120.700","24.215","1262"
"109","285443","20220710050000","180","0","臺中市","潭子區","120.710","24.195","113"
"84","285444","20220710050000","73","1","臺中市","潭子區","120.705","24.200","85"
"694","285445","20220710050000","596","1","臺中市","潭子區","120.710","24.200","669"
"1411","285446","20220710050000","1555","0","臺中市","潭子區","120.705","24.205","1442"
"3018","285447","20220710050000","2115","2","臺中市","潭子區","120.710","24.205","3107"
"268","285453","20220710050000","194","2","臺中市","潭子區","120.720","24.195","253"
"304","285454","20220710050000","255","1","臺中市","潭子區","120.725","24.195","316"
"534","285459","20220710050000","399","2","臺中市","潭子區","120.725","24.200","520"
"1133","285460","20220710050000","1016","1","臺中市","潭子區","120.730","24.200","1056"
"66","285468","20220710050000","62","1","臺中市","潭子區","120.745","24.210","64"
"3795","285469","20220710050000","3104","2","臺中市","北屯區","120.705","24.190","3883"
"56","285470","20220710050000","71","0","臺中市","北屯區","120.705","24.195","66"
"427","285472","20220710050000","291","2","臺中市","大雅區","120.615","24.235","411"
"672","285473","20220710050000","302","3","臺中市","沙鹿區","120.610","24.240","666"
"78","285474","20220710050000","494","0","臺中市","沙鹿區","120.615","24.240","58"
"389","285500","20220710050000","358","1","臺中市","沙鹿區","120.560","24.225","374"
"1054","285503","20220710050000","1144","0","臺中市","沙鹿區","120.565","24.225","1014"
"94","285504","20220710050000","368","0","臺中市","神岡區","120.655","24.250","84"
"10","285505","20220710050000","10","1","臺中市","神岡區","120.660","24.250","10"
"20","285507","20220710050000","26","0","臺中市","神岡區","120.660","24.255","28"
"547","285509","20220710050000","322","3","臺中市","神岡區","120.675","24.260","500"
"741","285515","20220710050000","590","2","臺中市","神岡區","120.680","24.265","673"
"70","285519","20220710050000","715","0","臺中市","神岡區","120.655","24.275","65"
"739","285522","20220710050000","1865","0","臺中市","豐原區","120.705","24.240","723"
"691","285523","20220710050000","651","1","臺中市","豐原區","120.700","24.245","678"
"760","285524","20220710050000","900","0","臺中市","豐原區","120.705","24.245","761"
"343","285525","20220710050000","228","3","臺中市","龍井區","120.560","24.190","368"
"373","285526","20220710050000","304","2","臺中市","龍井區","120.535","24.195","360"
"50","285527","20220710050000","32","3","臺中市","龍井區","120.540","24.195","50"
"566","285528","20220710050000","487","1","臺中市","龍井區","120.545","24.195","569"
"696","285531","20220710050000","583","1","臺中市","龍井區","120.560","24.195","709"
"667","285533","20220710050000","717","0","臺中市","龍井區","120.545","24.200","671"
"405","285536","20220710050000","326","2","臺中市","龍井區","120.560","24.200","380"
"490","285538","20220710050000","515","0","臺中市","潭子區","120.705","24.215","503"
"20","285539","20220710050000","12","3","臺中市","潭子區","120.700","24.220","20"
"559","285540","20220710050000","539","1","臺中市","潭子區","120.705","24.220","512"
"1212","285541","20220710050000","1270","0","臺中市","潭子區","120.705","24.225","1218"
"396","285542","20220710050000","448","0","臺中市","龍井區","120.590","24.190","428"
"164","285544","20220710050000","104","3","臺中市","西屯區","120.605","24.190","169"
"642","285547","20220710050000","576","1","臺中市","神岡區","120.690","24.265","654"
"196","285549","20220710050000","71","3","臺中市","神岡區","120.685","24.270","189"
"176","285551","20220710050000","86","3","臺中市","神岡區","120.675","24.275","141"
"305","285553","20220710050000","316","0","臺中市","神岡區","120.685","24.275","287"
"333","285559","20220710050000","117","3","臺中市","神岡區","120.690","24.275","312"
"1020","285561","20220710050000","581","3","臺中市","神岡區","120.680","24.240","1011"
"523","285565","20220710050000","463","1","臺中市","神岡區","120.680","24.245","517"
"675","285567","20220710050000","541","2","臺中市","神岡區","120.675","24.250","622"
"1285","285568","20220710050000","1260","1","臺中市","神岡區","120.685","24.245","1284"
"47","285569","20220710050000","55","0","臺中市","神岡區","120.680","24.250","55"
"39","285570","20220710050000","365","0","臺中市","神岡區","120.685","24.250","47"
"87","285571","20220710050000","86","1","臺中市","神岡區","120.690","24.250","87"
"320","285573","20220710050000","270","1","臺中市","神岡區","120.685","24.255","273"
"150","285574","20220710050000","99","3","臺中市","神岡區","120.690","24.255","106"
"1932","285581","20220710050000","1597","2","臺中市","沙鹿區","120.555","24.230","1887"
"860","285582","20220710050000","983","0","臺中市","沙鹿區","120.555","24.235","863"
"120","285584","20220710050000","154","0","臺中市","沙鹿區","120.580","24.250","111"
"260","285593","20220710050000","267","0","臺中市","沙鹿區","120.600","24.255","260"
"410","285599","20220710050000","348","1","臺中市","沙鹿區","120.600","24.260","424"
"290","285602","20220710050000","94","3","臺中市","沙鹿區","120.585","24.265","237"
"448","285607","20220710050000","293","3","臺中市","大雅區","120.655","24.210","446"
"351","285613","20220710050000","444","0","臺中市","大雅區","120.665","24.220","339"
"32","285618","20220710050000","461","0","臺中市","新社區","120.805","24.250","31"
"332","285621","20220710050000","289","1","臺中市","新社區","120.805","24.255","337"
"68","285626","20220710050000","69","0","臺中市","梧棲區","120.515","24.260","77"
"154","285627","20220710050000","117","2","臺中市","梧棲區","120.520","24.260","163"
"46","285630","20220710050000","111","0","臺中市","梧棲區","120.515","24.270","53"
"1090","285634","20220710050000","1204","0","臺中市","梧棲區","120.535","24.255","1102"
"890","285635","20220710050000","692","2","臺中市","梧棲區","120.550","24.255","903"
"722","285637","20220710050000","718","1","臺中市","梧棲區","120.560","24.255","722"
"1380","285638","20220710050000","972","2","臺中市","梧棲區","120.540","24.260","1433"
"530","285642","20220710050000","532","0","臺中市","梧棲區","120.555","24.240","521"
"1860","285644","20220710050000","1002","3","臺中市","梧棲區","120.545","24.245","1878"
"395","285646","20220710050000","1112","0","臺中市","神岡區","120.695","24.245","380"
"617","285648","20220710050000","593","1","臺中市","神岡區","120.695","24.255","592"
"79","285657","20220710050000","95","0","臺中市","梧棲區(海)","120.490","24.255","106"
"132","285667","20220710050000","114","1","臺中市","梧棲區(海)","120.500","24.265","130"
"50","285671","20220710050000","62","0","臺中市","梧棲區(海)","120.500","24.270","56"
"46","285677","20220710050000","35","2","臺中市","梧棲區(海)","120.505","24.275","44"
"102","285682","20220710050000","97","1","臺中市","梧棲區","120.530","24.260","118"
"231","285683","20220710050000","166","2","臺中市","北屯區","120.790","24.205","234"
"294","285685","20220710050000","283","1","臺中市","新社區","120.805","24.190","317"
"169","285695","20220710050000","165","1","臺中市","新社區","120.815","24.200","164"
"100","285697","20220710050000","100","1","臺中市","新社區","120.805","24.205","98"
"64","285701","20220710050000","46","2","臺中市","新社區","120.805","24.210","65"
"262","285707","20220710050000","292","0","臺中市","新社區","120.800","24.220","222"
"218","285713","20220710050000","162","2","臺中市","新社區","120.795","24.235","175"
"26","285717","20220710050000","323","0","臺中市","新社區","120.795","24.230","23"
"161","285720","20220710050000","95","3","臺中市","新社區","120.780","24.230","142"
"34","285727","20220710050000","453","0","臺中市","新社區","120.785","24.235","34"
"1125","285738","20220710050000","754","2","臺中市","神岡區","120.700","24.250","1132"
"599","285742","20220710050000","446","2","臺中市","神岡區","120.645","24.250","603"
"124","285745","20220710050000","88","2","臺中市","神岡區","120.645","24.255","125"
"42","285747","20220710050000","34","2","臺中市","神岡區","120.635","24.260","40"
"504","285750","20220710050000","1271","0","臺中市","豐原區","120.710","24.245","483"
"1147","285752","20220710050000","469","3","臺中市","豐原區","120.720","24.260","1143"
"3208","285754","20220710050000","2707","1","臺中市","豐原區","120.720","24.265","3263"
"374","285758","20220710050000","278","2","臺中市","豐原區","120.715","24.275","393"
"803","285759","20220710050000","262","3","臺中市","豐原區","120.720","24.275","789"
"200","285761","20220710050000","182","1","臺中市","豐原區","120.720","24.280","205"
"1416","285764","20220710050000","1071","2","臺中市","梧棲區","120.545","24.240","1463"
"994","285765","20220710050000","1113","0","臺中市","梧棲區","120.540","24.245","981"
"264","285766","20220710050000","272","0","臺中市","梧棲區","120.520","24.255","249"
"663","285767","20220710050000","764","0","臺中市","梧棲區","120.525","24.255","641"
"209","285773","20220710050000","161","2","臺中市","新社區","120.810","24.225","215"
"315","285777","20220710050000","324","0","臺中市","新社區","120.805","24.230","303"
"2560","285782","20220710050000","1080","3","臺中市","豐原區","120.725","24.255","2589"
"671","285783","20220710050000","783","0","臺中市","豐原區","120.705","24.250","689"
"634","285785","20220710050000","506","2","臺中市","豐原區","120.720","24.240","665"
"1287","285787","20220710050000","1333","0","臺中市","豐原區","120.715","24.235","1266"
"1800","285788","20220710050000","1285","2","臺中市","豐原區","120.720","24.235","1749"
"794","285789","20220710050000","727","1","臺中市","豐原區","120.725","24.235","802"
"3017","285791","20220710050000","1124","3","臺中市","豐原區","120.715","24.245","2988"
"53","285793","20220710050000","53","1","臺中市","豐原區","120.725","24.250","63"
"535","285796","20220710050000","286","3","臺中市","豐原區","120.740","24.240","525"
"525","285799","20220710050000","1018","0","臺中市","豐原區","120.730","24.245","512"
"834","285800","20220710050000","324","3","臺中市","豐原區","120.735","24.245","844"
"1004","285803","20220710050000","417","3","臺中市","豐原區","120.730","24.250","1090"
"927","285804","20220710050000","594","3","臺中市","豐原區","120.735","24.250","1003"
"998","285805","20220710050000","909","1","臺中市","豐原區","120.740","24.250","994"
"32","285806","20220710050000","623","0","臺中市","龍井區","120.525","24.210","24"
"275","285812","20220710050000","349","0","臺中市","龍井區","120.515","24.215","301"
"460","285819","20220710050000","296","3","臺中市","龍井區","120.510","24.220","481"
"585","285821","20220710050000","269","3","臺中市","龍井區","120.520","24.220","601"
"2269","285822","20220710050000","1042","3","臺中市","龍井區","120.525","24.220","2236"
"725","285849","20220710050000","759","0","臺中市","新社區","120.805","24.240","679"
"314","285852","20220710050000","107","3","臺中市","新社區","120.820","24.205","303"
"58","285856","20220710050000","53","1","臺中市","北屯區","120.780","24.210","55"
"11","285859","20220710050000","174","0","臺中市","新社區","120.795","24.210","13"
"486","285862","20220710050000","286","3","臺中市","新社區","120.780","24.215","500"
"260","285867","20220710050000","225","1","臺中市","新社區","120.775","24.220","249"
"130","285871","20220710050000","117","1","臺中市","新社區","120.775","24.225","122"
"136","285886","20220710050000","77","3","臺中市","梧棲區","120.515","24.225","114"
"80","285894","20220710050000","67","1","臺中市","清水區","120.635","24.265","73"
"684","285910","20220710050000","762","0","臺中市","梧棲區","120.535","24.250","699"
"37","285912","20220710050000","443","0","臺中市","梧棲區","120.545","24.250","33"
"482","285914","20220710050000","449","1","臺中市","梧棲區","120.540","24.255","469"
"288","285916","20220710050000","259","1","臺中市","豐原區","120.700","24.230","288"
"351","285918","20220710050000","341","1","臺中市","豐原區","120.705","24.235","323"
"254","285919","20220710050000","168","3","臺中市","豐原區","120.700","24.235","274"
"363","285920","20220710050000","398","0","臺中市","豐原區","120.700","24.240","388"
"59","285921","20220710050000","46","2","臺中市","豐原區","120.760","24.235","60"
"31","285923","20220710050000","49","0","臺中市","豐原區","120.755","24.240","44"
"23","285925","20220710050000","23","1","臺中市","豐原區","120.765","24.240","19"
"69","285927","20220710050000","76","0","臺中市","豐原區","120.750","24.245","77"
"471","285933","20220710050000","354","2","臺中市","豐原區","120.745","24.250","478"
"99","285937","20220710050000","67","2","臺中市","豐原區","120.765","24.250","103"
"24","285943","20220710050000","10","3","臺中市","豐原區","120.765","24.255","16"
"22","285947","20220710050000","12","3","臺中市","豐原區","120.765","24.260","22"
"276","285948","20220710050000","127","3","臺中市","石岡區","120.770","24.260","234"
"59","285949","20220710050000","52","1","臺中市","豐原區","120.760","24.265","54"
"103","285953","20220710050000","75","2","臺中市","石岡區","120.765","24.270","126"
"1005","285954","20220710050000","557","3","臺中市","豐原區","120.730","24.255","1022"
"287","285955","20220710050000","370","0","臺中市","豐原區","120.735","24.255","271"
"1219","285956","20220710050000","865","2","臺中市","豐原區","120.745","24.255","1230"
"491","285957","20220710050000","185","3","臺中市","豐原區","120.740","24.260","469"
"428","285958","20220710050000","174","3","臺中市","豐原區","120.745","24.260","450"
"24","285959","20220710050000","351","0","臺中市","豐原區","120.750","24.260","20"
"222","285960","20220710050000","201","1","臺中市","豐原區","120.755","24.265","218"
"2482","285962","20220710050000","2347","1","臺中市","豐原區","120.725","24.240","2494"
"1260","285963","20220710050000","1611","0","臺中市","豐原區","120.730","24.240","1297"
"22","285964","20220710050000","37","0","臺中市","龍井區","120.580","24.190","19"
"52","285965","20220710050000","55","0","臺中市","龍井區","120.585","24.190","62"
"22","285980","20220710050000","392","0","臺中市","沙鹿區","120.570","24.225","28"
"1930","285981","20220710050000","1540","2","臺中市","沙鹿區","120.570","24.230","1928"
"528","285983","20220710050000","1110","0","臺中市","沙鹿區","120.565","24.215","526"
"1710","285984","20220710050000","1635","1","臺中市","沙鹿區","120.555","24.220","1691"
"257","285985","20220710050000","249","1","臺中市","沙鹿區","120.560","24.220","281"
"617","285990","20220710050000","292","3","臺中市","沙鹿區","120.575","24.200","607"
"1965","285991","20220710050000","1002","3","臺中市","沙鹿區","120.580","24.200","1911"
"489","285994","20220710050000","481","1","臺中市","沙鹿區","120.570","24.205","483"
"575","285999","20220710050000","660","0","臺中市","沙鹿區","120.575","24.210","585"
"137","286001","20220710050000","123","1","臺中市","沙鹿區","120.560","24.235","139"
"510","286002","20220710050000","566","0","臺中市","豐原區","120.710","24.250","539"
"2228","286003","20220710050000","1652","2","臺中市","豐原區","120.715","24.250","2182"
"444","286005","20220710050000","451","0","臺中市","豐原區","120.725","24.225","434"
"340","286006","20220710050000","321","1","臺中市","豐原區","120.730","24.225","350"
"538","286008","20220710050000","403","2","臺中市","豐原區","120.725","24.230","518"
"230","286010","20220710050000","228","1","臺中市","豐原區","120.735","24.230","228"
"485","286012","20220710050000","457","1","臺中市","豐原區","120.730","24.230","481"
"921","286014","20220710050000","845","1","臺中市","北屯區","120.660","24.190","923"
"1758","286023","20220710050000","633","3","臺中市","龍井區","120.520","24.205","1813"
"913","286024","20220710050000","148","3","臺中市","龍井區","120.525","24.205","900"
"961","286027","20220710050000","335","3","臺中市","龍井區","120.505","24.210","970"
"131","286031","20220710050000","96","2","臺中市","龍井區","120.545","24.205","143"
"1296","286036","20220710050000","1333","0","臺中市","龍井區","120.550","24.210","1318"
"441","286039","20220710050000","376","1","臺中市","龍井區","120.545","24.215","466"
"366","286043","20220710050000","163","3","臺中市","東勢區","120.830","24.235","382"
"496","286047","20220710050000","340","2","臺中市","東勢區","120.830","24.240","508"
"905","286051","20220710050000","1328","0","臺中市","東勢區","120.830","24.245","912"
"247","286052","20220710050000","184","2","臺中市","東勢區","120.835","24.245","237"
"697","286053","20220710050000","624","1","臺中市","東勢區","120.840","24.245","706"
"665","286054","20220710050000","612","1","臺中市","東勢區","120.825","24.255","645"
"68","286060","20220710050000","62","1","臺中市","東勢區","120.845","24.275","61"
"153","286071","20220710050000","136","1","臺中市","清水區","120.580","24.270","147"
"1787","286072","20220710050000","1037","3","臺中市","北屯區","120.685","24.185","1848"
"35","286075","20220710050000","389","0","臺中市","北屯區","120.690","24.195","30"
"1483","286078","20220710050000","1142","2","臺中市","豐原區","120.720","24.250","1479"
"2937","286079","20220710050000","3071","0","臺中市","梧棲區","120.535","24.260","2978"
"476","286081","20220710050000","503","0","臺中市","梧棲區","120.530","24.265","462"
"868","286084","20220710050000","773","1","臺中市","梧棲區","120.530","24.270","855"
"688","286088","20220710050000","583","1","臺中市","沙鹿區","120.565","24.200","704"
"352","286090","20220710050000","172","3","臺中市","沙鹿區","120.560","24.205","354"
"23","286091","20220710050000","470","0","臺中市","沙鹿區","120.565","24.205","25"
"38","286092","20220710050000","562","0","臺中市","沙鹿區","120.555","24.210","40"
"13","286093","20220710050000","279","0","臺中市","沙鹿區","120.560","24.210","16"
"256","286094","20220710050000","218","1","臺中市","沙鹿區","120.565","24.210","242"
"132","286095","20220710050000","108","2","臺中市","沙鹿區","120.555","24.215","119"
"248","286097","20220710050000","203","2","臺中市","沙鹿區","120.605","24.240","253"
"283","286098","20220710050000","292","0","臺中市","沙鹿區","120.605","24.245","278"
"635","286099","20220710050000","372","3","臺中市","沙鹿區","120.610","24.245","637"
"331","286100","20220710050000","180","3","臺中市","沙鹿區","120.600","24.250","350"
"257","286105","20220710050000","270","0","臺中市","北屯區","120.685","24.195","262"
"364","286108","20220710050000","298","2","臺中市","北屯區","120.750","24.190","431"
"155","286113","20220710050000","116","2","臺中市","北屯區","120.750","24.195","155"
"34","286118","20220710050000","37","0","臺中市","北屯區","120.745","24.200","49"
"37","286121","20220710050000","27","2","臺中市","北屯區","120.760","24.200","35"
"1431","286135","20220710050000","768","3","臺中市","北屯區","120.680","24.190","1437"
"730","286137","20220710050000","478","3","臺中市","清水區","120.545","24.265","749"
"786","286140","20220710050000","803","0","臺中市","清水區","120.545","24.270","785"
"637","286141","20220710050000","570","1","臺中市","清水區","120.550","24.270","619"
"1335","286147","20220710050000","2094","0","臺中市","潭子區","120.710","24.215","1287"
"18","286149","20220710050000","222","0","臺中市","潭子區","120.710","24.220","16"
"10","286151","20220710050000","10","1","臺中市","潭子區","120.715","24.225","10"
"571","286153","20220710050000","523","1","臺中市","豐原區","120.720","24.230","568"
"406","286156","20220710050000","358","1","臺中市","潭子區","120.680","24.225","405"
"803","286159","20220710050000","557","2","臺中市","潭子區","120.685","24.230","795"
"1559","286161","20220710050000","1083","2","臺中市","潭子區","120.690","24.225","1531"
"252","286162","20220710050000","234","1","臺中市","潭子區","120.695","24.225","262"
"378","286167","20220710050000","355","1","臺中市","梧棲區","120.525","24.225","364"
"210","286169","20220710050000","258","0","臺中市","梧棲區","120.510","24.230","218"
"64","286173","20220710050000","66","0","臺中市","梧棲區","120.505","24.235","69"
"16","286175","20220710050000","18","0","臺中市","梧棲區","120.515","24.235","12"
"929","286177","20220710050000","1165","0","臺中市","梧棲區","120.525","24.235","921"
"144","286180","20220710050000","162","0","臺中市","梧棲區","120.510","24.240","147"
"72","286181","20220710050000","111","0","臺中市","梧棲區","120.515","24.240","72"
"768","286183","20220710050000","389","3","臺中市","梧棲區","120.525","24.240","775"
"50","286186","20220710050000","39","2","臺中市","梧棲區","120.510","24.245","45"
"176","286187","20220710050000","193","0","臺中市","梧棲區","120.515","24.245","176"
"904","286190","20220710050000","1190","0","臺中市","梧棲區","120.530","24.245","869"
"198","286195","20220710050000","185","1","臺中市","梧棲區","120.525","24.250","226"
"203","286199","20220710050000","140","2","臺中市","沙鹿區","120.580","24.220","142"
"1302","286203","20220710050000","1442","0","臺中市","沙鹿區","120.575","24.225","1316"
"430","286204","20220710050000","685","0","臺中市","沙鹿區","120.580","24.225","433"
"291","286205","20220710050000","522","0","臺中市","沙鹿區","120.585","24.225","325"
"349","286208","20220710050000","311","1","臺中市","沙鹿區","120.575","24.230","330"
"20","286209","20220710050000","226","0","臺中市","沙鹿區","120.580","24.230","29"
"60","286215","20220710050000","686","0","臺中市","沙鹿區","120.550","24.225","56"
"18","286221","20220710050000","16","1","臺中市","北屯區","120.770","24.195","20"
"21","286224","20220710050000","224","0","臺中市","北屯區","120.780","24.195","24"
"35","286235","20220710050000","26","2","臺中市","北屯區","120.770","24.205","35"
"745","286244","20220710050000","1211","0","臺中市","大雅區","120.650","24.225","831"
"107","286246","20220710050000","79","2","臺中市","大雅區","120.605","24.225","91"
"105","286248","20220710050000","62","3","臺中市","大雅區","120.615","24.225","96"
"424","286260","20220710050000","326","2","臺中市","大雅區","120.620","24.235","406"
"1392","286262","20220710050000","861","3","臺中市","大雅區","120.645","24.215","1410"
"392","286263","20220710050000","304","2","臺中市","大雅區","120.645","24.220","380"
"735","286264","20220710050000","614","1","臺中市","大雅區","120.645","24.225","743"
"430","286266","20220710050000","173","3","臺中市","大雅區","120.635","24.205","471"
"25","286267","20220710050000","216","0","臺中市","大雅區","120.640","24.205","24"
"1689","286269","20220710050000","1006","3","臺中市","大雅區","120.615","24.210","1719"
"347","286270","20220710050000","160","3","臺中市","大雅區","120.620","24.210","332"
"706","286272","20220710050000","578","2","臺中市","大雅區","120.630","24.210","695"
"287","286273","20220710050000","225","2","臺中市","大雅區","120.635","24.210","299"
"151","286276","20220710050000","117","2","臺中市","大雅區","120.605","24.215","153"
"464","286279","20220710050000","579","0","臺中市","大雅區","120.620","24.215","457"
"763","286281","20220710050000","495","3","臺中市","大雅區","120.635","24.215","772"
"87","286282","20220710050000","70","2","臺中市","大雅區","120.600","24.220","77"
"80","286284","20220710050000","86","0","臺中市","大雅區","120.610","24.220","77"
"247","286285","20220710050000","88","3","臺中市","大雅區","120.615","24.220","264"
"659","286287","20220710050000","253","3","臺中市","大雅區","120.640","24.220","668"
"184","286288","20220710050000","159","1","臺中市","大雅區","120.630","24.215","193"
"31","286289","20220710050000","65","0","臺中市","大雅區","120.625","24.220","53"
"583","286292","20220710050000","475","2","臺中市","大雅區","120.625","24.225","613"
"1122","286293","20220710050000","932","2","臺中市","大雅區","120.630","24.225","1121"
"468","286296","20220710050000","241","3","臺中市","大雅區","120.620","24.230","481"
"202","286300","20220710050000","146","2","臺中市","大雅區","120.625","24.230","253"
"488","286302","20220710050000","349","2","臺中市","潭子區","120.670","24.205","484"
"96","286305","20220710050000","81","1","臺中市","大雅區","120.670","24.215","99"
"433","286306","20220710050000","232","3","臺中市","大雅區","120.675","24.215","446"
"669","286307","20220710050000","650","1","臺中市","大雅區","120.670","24.220","697"
"593","286318","20220710050000","383","3","臺中市","東勢區","120.835","24.220","607"
"37","286321","20220710050000","476","0","臺中市","東勢區","120.825","24.270","37"
"247","286323","20220710050000","204","2","臺中市","東勢區","120.820","24.275","252"
"387","286344","20220710050000","382","1","臺中市","東勢區","120.850","24.260","403"
"148","286375","20220710050000","119","2","臺中市","沙鹿區","120.590","24.230","151"
"470","286377","20220710050000","600","0","臺中市","沙鹿區","120.565","24.235","491"
"2464","286384","20220710050000","2711","0","臺中市","沙鹿區","120.570","24.240","2509"
"558","286386","20220710050000","755","0","臺中市","東勢區","120.830","24.255","567"
"460","286388","20220710050000","661","0","臺中市","東勢區","120.825","24.250","491"
"387","286389","20220710050000","374","1","臺中市","梧棲區","120.530","24.230","360"
"670","286392","20220710050000","775","0","臺中市","梧棲區","120.545","24.230","682"
"912","286398","20220710050000","996","0","臺中市","豐原區","120.715","24.255","900"
"69","286399","20220710050000","1174","0","臺中市","豐原區","120.720","24.255","74"
"2310","286400","20220710050000","440","3","臺中市","豐原區","120.735","24.270","2309"
"41","286406","20220710050000","274","0","臺中市","豐原區","120.745","24.275","48"
"459","286408","20220710050000","260","3","臺中市","豐原區","120.755","24.275","418"
"675","286413","20220710050000","576","1","臺中市","東勢區","120.760","24.280","642"
"317","286418","20220710050000","98","3","臺中市","豐原區","120.725","24.275","323"
"575","286422","20220710050000","87","3","臺中市","豐原區","120.735","24.280","583"
"180","286436","20220710050000","148","2","臺中市","豐原區","120.760","24.230","180"
"175","286446","20220710050000","105","3","臺中市","豐原區","120.740","24.235","188"
"198","286447","20220710050000","97","3","臺中市","豐原區","120.745","24.235","209"
"140","286461","20220710050000","1471","0","臺中市","龍井區","120.520","24.195","149"
"1101","286465","20220710050000","314","3","臺中市","龍井區","120.500","24.200","1097"
"595","286475","20220710050000","218","3","臺中市","龍井區","120.510","24.200","574"
"71","286482","20220710050000","262","0","臺中市","龍井區","120.515","24.205","58"
"334","286485","20220710050000","180","3","臺中市","石岡區","120.770","24.280","333"
"1023","286486","20220710050000","901","1","臺中市","石岡區","120.775","24.275","1041"
"481","286489","20220710050000","599","0","臺中市","石岡區","120.795","24.270","470"
"156","286497","20220710050000","106","2","臺中市","石岡區","120.775","24.255","130"
"24","286500","20220710050000","22","1","臺中市","石岡區","120.775","24.260","20"
"186","286510","20220710050000","141","2","臺中市","石岡區","120.770","24.275","193"
"145","286511","20220710050000","102","2","臺中市","新社區","120.795","24.245","140"
"316","286517","20220710050000","222","2","臺中市","石岡區","120.785","24.260","302"
"453","286522","20220710050000","334","2","臺中市","潭子區","120.695","24.230","449"
"542","286525","20220710050000","355","3","臺中市","神岡區","120.695","24.235","530"
"438","286526","20220710050000","317","2","臺中市","神岡區","120.690","24.240","421"
"49","286528","20220710050000","349","0","臺中市","豐原區","120.740","24.265","44"
"2467","286530","20220710050000","2374","1","臺中市","清水區","120.570","24.265","2471"
"407","286531","20220710050000","301","2","臺中市","清水區","120.570","24.270","397"
"635","286535","20220710050000","431","2","臺中市","清水區","120.630","24.275","655"
"120","286541","20220710050000","121","0","臺中市","清水區","120.565","24.275","120"
"172","286544","20220710050000","104","3","臺中市","西屯區","120.640","24.190","169"
"292","286547","20220710050000","332","0","臺中市","西屯區","120.645","24.195","300"
"503","286549","20220710050000","201","3","臺中市","西屯區","120.645","24.200","511"
"28","286550","20220710050000","292","0","臺中市","西屯區","120.650","24.200","29"
"19","286551","20220710050000","41","0","臺中市","西屯區","120.650","24.205","15"
"41","286554","20220710050000","407","0","臺中市","神岡區","120.670","24.255","48"
"1024","286555","20220710050000","774","2","臺中市","神岡區","120.675","24.255","921"
"1524","286556","20220710050000","556","3","臺中市","神岡區","120.665","24.260","1516"
"14","286558","20220710050000","132","0","臺中市","神岡區","120.655","24.265","13"
"470","286561","20220710050000","280","3","臺中市","神岡區","120.665","24.270","444"
"127","286563","20220710050000","43","3","臺中市","神岡區","120.665","24.275","132"
"128","286566","20220710050000","115","1","臺中市","神岡區","120.645","24.265","141"
"23","286569","20220710050000","44","0","臺中市","神岡區","120.650","24.270","24"
"421","286570","20220710050000","269","3","臺中市","神岡區","120.655","24.270","454"
"36","286572","20220710050000","434","0","臺中市","神岡區","120.650","24.275","28"
"581","286574","20220710050000","450","2","臺中市","神岡區","120.660","24.275","586"
"221","286598","20220710050000","111","3","臺中市","和平區","120.895","24.230","179"
"68","286652","20220710050000","47","2","臺中市","和平區","120.905","24.240","60"
"155","286658","20220710050000","107","2","臺中市","和平區","120.935","24.240","137"
"17","286685","20220710050000","13","2","臺中市","和平區","120.975","24.245","12"
"132","286690","20220710050000","99","2","臺中市","和平區","120.900","24.250","130"
"123","286794","20220710050000","116","1","臺中市","和平區","121.015","24.195","75"
"355","286822","20220710050000","199","3","臺中市","和平區","121.005","24.200","280"
"472","286823","20220710050000","514","0","臺中市","和平區","121.010","24.200","399"
"202","286853","20220710050000","139","2","臺中市","和平區","121.015","24.205","176"
"31","286950","20220710050000","16","3","臺中市","和平區","120.965","24.225","26"
"16","287004","20220710050000","12","2","臺中市","和平區","120.980","24.235","16"
"146","287119","20220710050000","142","1","臺中市","和平區","121.010","24.255","136"
"12","287154","20220710050000","12","1","臺中市","和平區","121.000","24.265","13"
"38","287173","20220710050000","22","3","臺中市","和平區","121.015","24.270","31"
"175","287678","20220710050000","142","2","臺中市","和平區","121.245","24.245","176"
"183","287725","20220710050000","119","3","臺中市","和平區","121.245","24.250","174"
"182","287726","20220710050000","142","2","臺中市","和平區","121.250","24.250","173"
"19","287756","20220710050000","17","1","臺中市","和平區","121.165","24.255","21"
"25","287766","20220710050000","11","3","臺中市","和平區","121.215","24.255","18"
"253","287770","20220710050000","127","3","臺中市","和平區","121.235","24.255","244"
"287","287774","20220710050000","234","2","臺中市","和平區","121.255","24.255","304"
"197","287776","20220710050000","132","2","臺中市","和平區","121.265","24.255","175"
"569","287823","20220710050000","361","3","臺中市","和平區","121.260","24.260","526"
"57","288103","20220710050000","34","3","臺中市","和平區","120.890","24.275","52"
"10","288133","20220710050000","14","0","臺中市","和平區","120.945","24.280","11"
"53","288159","20220710050000","31","3","臺中市","和平區","121.025","24.280","35"
"742","288160","20220710050000","756","0","臺中市","清水區","120.555","24.260","785"
"744","288161","20220710050000","743","1","臺中市","清水區","120.560","24.260","728"
"1278","288163","20220710050000","1024","2","臺中市","清水區","120.550","24.265","1263"
"543","288166","20220710050000","1105","0","臺中市","清水區","120.565","24.265","559"
"1392","288169","20220710050000","994","2","臺中市","清水區","120.560","24.275","1426"
"332","288179","20220710050000","326","1","臺中市","清水區","120.605","24.275","335"
"82","288182","20220710050000","130","0","臺中市","清水區","120.600","24.275","94"
"89","288184","20220710050000","71","2","臺中市","清水區","120.610","24.275","78"
"139","288192","20220710050000","137","1","臺中市","潭子區","120.725","24.215","136"
"261","288194","20220710050000","240","1","臺中市","潭子區","120.735","24.215","283"
"434","288198","20220710050000","472","0","臺中市","潭子區","120.720","24.220","445"
"1457","288207","20220710050000","1203","2","臺中市","潭子區","120.680","24.205","1466"
"38","288208","20220710050000","41","0","臺中市","潭子區","120.685","24.205","35"
"519","288209","20220710050000","472","1","臺中市","北屯區","120.690","24.205","515"
"155","288212","20220710050000","65","3","臺中市","潭子區","120.690","24.210","137"
"686","288215","20220710050000","635","1","臺中市","潭子區","120.685","24.215","714"
"1221","288216","20220710050000","1230","0","臺中市","潭子區","120.690","24.215","1224"
"394","288219","20220710050000","400","0","臺中市","潭子區","120.690","24.220","418"
"1454","288223","20220710050000","1199","2","臺中市","潭子區","120.710","24.230","1555"
"258","288224","20220710050000","231","1","臺中市","豐原區","120.715","24.230","211"
"863","288225","20220710050000","556","3","臺中市","潭子區","120.705","24.230","861"
"2156","288228","20220710050000","1226","3","臺中市","神岡區","120.660","24.260","2186"
"926","288232","20220710050000","847","1","臺中市","神岡區","120.700","24.265","959"
"1211","288240","20220710050000","1193","1","臺中市","神岡區","120.710","24.255","1177"
"612","288242","20220710050000","312","3","臺中市","神岡區","120.705","24.260","641"
"100","288243","20220710050000","1074","0","臺中市","神岡區","120.710","24.260","93"
"676","288247","20220710050000","578","1","臺中市","神岡區","120.705","24.275","694"
"420","288250","20220710050000","350","2","臺中市","神岡區","120.710","24.275","441"
"78","288252","20220710050000","87","0","臺中市","西屯區","120.605","24.195","97"
"112","288253","20220710050000","140","0","臺中市","西屯區","120.610","24.195","128"
"36","288259","20220710050000","27","2","臺中市","西屯區","120.600","24.200","29"
"29","288260","20220710050000","21","2","臺中市","西屯區","120.605","24.200","30"
"667","288262","20220710050000","594","1","臺中市","西屯區","120.615","24.200","718"
"578","288264","20220710050000","346","3","臺中市","西屯區","120.625","24.200","626"
"478","288265","20220710050000","383","2","臺中市","西屯區","120.630","24.200","484"
"76","288267","20220710050000","17","3","臺中市","西屯區","120.595","24.205","27"
"465","288268","20220710050000","195","3","臺中市","西屯區","120.600","24.205","366"
"180","288269","20220710050000","205","0","臺中市","西屯區","120.605","24.205","184"
"155","288270","20220710050000","196","0","臺中市","西屯區","120.610","24.205","135"
"585","288271","20220710050000","502","1","臺中市","西屯區","120.615","24.205","587"
"584","288272","20220710050000","608","0","臺中市","西屯區","120.620","24.205","654"
"13","288275","20220710050000","12","1","臺中市","西屯區","120.600","24.210","13"
"162","288276","20220710050000","143","1","臺中市","西屯區","120.605","24.210","167"
"1052","288277","20220710050000","1005","1","臺中市","西屯區","120.610","24.210","1072"
"3265","288279","20220710050000","3005","1","臺中市","西屯區","120.610","24.190","3371"
"247","288281","20220710050000","105","3","臺中市","西屯區","120.625","24.190","244"
"46","288284","20220710050000","23","3","臺中市","西屯區","120.595","24.195","28"
"140","288287","20220710050000","69","3","臺中市","西屯區","120.655","24.190","124"
"729","288289","20220710050000","337","3","臺中市","西屯區","120.655","24.195","732"
"1088","288290","20220710050000","982","1","臺中市","西屯區","120.660","24.195","1075"
"604","288291","20220710050000","259","3","臺中市","西屯區","120.655","24.200","583"
"187","288294","20220710050000","167","1","臺中市","西屯區","120.660","24.205","200"
"505","288298","20220710050000","481","1","臺中市","東勢區","120.850","24.240","515"
"293","288299","20220710050000","168","3","臺中市","東勢區","120.845","24.245","295"
"353","288302","20220710050000","501","0","臺中市","東勢區","120.825","24.260","375"
"989","288304","20220710050000","953","1","臺中市","東勢區","120.825","24.265","1020"
"244","288312","20220710050000","182","2","臺中市","東勢區","120.835","24.230","260"
"20","288317","20220710050000","315","0","臺中市","東勢區","120.840","24.235","20"
"154","288339","20220710050000","101","3","臺中市","東勢區","120.875","24.215","111"
"138","288351","20220710050000","75","3","臺中市","東勢區","120.895","24.220","110"
"151","288382","20220710050000","105","2","臺中市","東勢區","120.865","24.240","147"
"672","288395","20220710050000","427","3","臺中市","沙鹿區","120.560","24.230","693"
"1161","288396","20220710050000","1216","0","臺中市","潭子區","120.710","24.235","1202"
"176","288397","20220710050000","1534","0","臺中市","豐原區","120.715","24.240","163"
"799","288401","20220710050000","1028","0","臺中市","清水區","120.570","24.260","816"
"13","288402","20220710050000","137","0","臺中市","清水區","120.575","24.270","18"
"1846","288403","20220710050000","2101","0","臺中市","清水區","120.580","24.275","1877"
"262","288407","20220710050000","1164","0","臺中市","潭子區","120.700","24.190","258"
"96","288459","20220710050000","69","2","花蓮縣","秀林鄉","121.715","24.245","79"
"98","288610","20220710050000","61","3","花蓮縣","秀林鄉","121.740","24.260","110"
"65","288819","20220710050000","58","1","花蓮縣","秀林鄉","121.485","24.190","51"
"18","288869","20220710050000","20","0","花蓮縣","秀林鄉","121.430","24.195","18"
"24","288993","20220710050000","16","3","花蓮縣","秀林鄉","121.480","24.205","26"
"64","289039","20220710050000","28","3","花蓮縣","秀林鄉","121.450","24.210","25"
"1173","289851","20220710050000","1192","0","臺中市","大雅區","120.650","24.220","1167"
"541","289852","20220710050000","919","0","臺中市","大雅區","120.655","24.220","530"
"365","289853","20220710050000","223","3","臺中市","大雅區","120.660","24.220","412"
"3516","289854","20220710050000","2395","2","臺中市","大雅區","120.655","24.225","3592"
"117","289855","20220710050000","107","1","臺中市","大雅區","120.660","24.225","123"
"1002","289860","20220710050000","919","1","臺中市","大雅區","120.635","24.235","958"
"1214","289863","20220710050000","968","2","臺中市","大雅區","120.630","24.240","1221"
"265","289868","20220710050000","256","1","臺中市","大雅區","120.635","24.245","267"
"22","289874","20220710050000","13","3","臺中市","大雅區","120.635","24.255","10"
"1842","289875","20220710050000","1055","3","臺中市","大雅區","120.645","24.230","1854"
"837","289879","20220710050000","669","2","臺中市","大雅區","120.655","24.230","825"
"620","289882","20220710050000","515","2","臺中市","大雅區","120.655","24.235","620"
"322","289884","20220710050000","182","3","臺中市","大雅區","120.645","24.240","308"
"964","289886","20220710050000","648","2","臺中市","大雅區","120.655","24.240","955"
"260","289893","20220710050000","288","0","臺中市","豐原區","120.735","24.260","269"
"929","289895","20220710050000","349","3","臺中市","豐原區","120.750","24.265","959"
"400","289898","20220710050000","314","2","臺中市","豐原區","120.735","24.265","415"
"127","289907","20220710050000","129","0","臺中市","新社區","120.815","24.240","127"
"31","289909","20220710050000","374","0","臺中市","豐原區","120.720","24.245","31"
"1070","289910","20220710050000","965","1","臺中市","豐原區","120.725","24.245","1074"
"446","289912","20220710050000","427","1","臺中市","大雅區","120.670","24.225","454"
"601","289916","20220710050000","1224","0","臺中市","大雅區","120.650","24.230","602"
"24","289918","20220710050000","210","0","臺中市","大雅區","120.645","24.210","22"
"741","289919","20220710050000","659","1","臺中市","大雅區","120.650","24.210","761"
"248","289920","20220710050000","469","0","臺中市","大雅區","120.650","24.215","258"
"1109","289921","20220710050000","878","2","臺中市","大雅區","120.660","24.230","1159"
"544","289922","20220710050000","610","0","臺中市","大雅區","120.665","24.230","555"
"1648","289923","20220710050000","1561","1","臺中市","大雅區","120.670","24.230","1648"
"508","289927","20220710050000","447","1","臺中市","大雅區","120.675","24.240","460"
"1103","289928","20220710050000","833","2","臺中市","東勢區","120.830","24.250","1070"
"721","289929","20220710050000","681","1","臺中市","東勢區","120.835","24.250","730"
"663","289937","20220710050000","502","2","臺中市","石岡區","120.785","24.275","657"
"751","289944","20220710050000","511","2","臺中市","石岡區","120.815","24.260","736"
"63","289946","20220710050000","254","0","臺中市","石岡區","120.805","24.265","53"
"27","289955","20220710050000","282","0","臺中市","石岡區","120.795","24.275","27"
"767","289964","20220710050000","149","3","臺中市","龍井區","120.480","24.210","809"
"122","289976","20220710050000","69","3","臺中市","龍井區","120.485","24.220","129"
"125","289982","20220710050000","119","1","臺中市","龍井區","120.490","24.225","122"
"355","289983","20220710050000","196","3","臺中市","龍井區","120.495","24.225","393"
"33","289992","20220710050000","73","0","臺中市","龍井區","120.490","24.230","41"
"10","289993","20220710050000","114","0","臺中市","龍井區","120.495","24.230","10"
"706","289996","20220710050000","764","0","臺中市","沙鹿區","120.580","24.210","725"
"100","289999","20220710050000","944","0","臺中市","沙鹿區","120.575","24.215","90"
"311","290000","20220710050000","405","0","臺中市","沙鹿區","120.580","24.215","326"
"188","290001","20220710050000","188","1","臺中市","沙鹿區","120.585","24.215","198"
"963","290004","20220710050000","863","1","臺中市","沙鹿區","120.570","24.220","1169"
"391","290005","20220710050000","330","1","臺中市","沙鹿區","120.575","24.220","409"
"42","290008","20220710050000","40","1","臺中市","東勢區","120.840","24.190","42"
"83","290010","20220710050000","48","3","臺中市","東勢區","120.835","24.195","81"
"399","290015","20220710050000","303","2","臺中市","東勢區","120.840","24.200","395"
"187","290025","20220710050000","174","1","臺中市","東勢區","120.840","24.210","175"
"10","290037","20220710050000","420","0","臺中市","東勢區","120.850","24.195","10"
"707","290046","20220710050000","808","0","臺中市","龍井區","120.545","24.190","712"
"166","290051","20220710050000","176","0","臺中市","潭子區","120.695","24.195","175"
"2002","290052","20220710050000","1666","2","臺中市","潭子區","120.700","24.195","1908"
"26","290125","20220710050000","16","3","南投縣","仁愛鄉","121.310","24.210","26"
"74","290182","20220710050000","92","0","南投縣","仁愛鄉","121.260","24.230","76"
"124","290292","20220710050000","82","3","南投縣","仁愛鄉","121.220","24.190","115"
"290","290293","20220710050000","102","3","南投縣","仁愛鄉","121.225","24.190","267"
"32","296900","20220710050000","21","3","宜蘭縣","南澳鄉","121.750","24.320","31"
"334","296924","20220710050000","176","3","宜蘭縣","南澳鄉","121.745","24.330","351"
"641","297399","20220710050000","555","1","臺中市","清水區","120.580","24.280","636"
"1328","297407","20220710050000","1353","0","臺中市","外埔區","120.620","24.335","1335"
"217","297413","20220710050000","113","3","臺中市","神岡區","120.650","24.280","200"
"337","297416","20220710050000","126","3","臺中市","神岡區","120.640","24.285","334"
"74","297422","20220710050000","54","2","臺中市","神岡區","120.640","24.290","76"
"212","297424","20220710050000","175","2","臺中市","神岡區","120.650","24.290","198"
"102","297433","20220710050000","1261","0","臺中市","大甲區","120.620","24.345","119"
"214","297434","20220710050000","148","2","臺中市","梧棲區(海)","120.510","24.280","173"
"57","297444","20220710050000","15","3","臺中市","清水區","120.620","24.285","60"
"84","297446","20220710050000","72","1","臺中市","大甲區","120.640","24.345","91"
"1095","297450","20220710050000","1033","1","臺中市","大甲區","120.630","24.355","1106"
"537","297453","20220710050000","520","1","臺中市","大甲區","120.645","24.355","521"
"37","297457","20220710050000","39","0","臺中市","大甲區","120.650","24.360","33"
"45","297458","20220710050000","291","0","臺中市","大甲區","120.640","24.365","37"
"125","297462","20220710050000","211","0","臺中市","東勢區","120.795","24.295","129"
"137","297485","20220710050000","113","2","臺中市","東勢區","120.785","24.310","129"
"285","297494","20220710050000","277","1","臺中市","東勢區","120.780","24.315","275"
"265","297510","20220710050000","326","0","臺中市","東勢區","120.870","24.280","157"
"130","297533","20220710050000","104","2","臺中市","清水區","120.560","24.310","111"
"16","297539","20220710050000","361","0","臺中市","清水區","120.555","24.305","20"
"195","297540","20220710050000","173","1","臺中市","清水區","120.550","24.310","197"
"449","297546","20220710050000","590","0","臺中市","清水區","120.560","24.320","438"
"10","297575","20220710050000","11","0","臺中市","清水區","120.540","24.300","10"
"171","297586","20220710050000","228","0","臺中市","清水區","120.545","24.305","159"
"170","297618","20220710050000","218","0","臺中市","后里區","120.665","24.305","166"
"534","297627","20220710050000","498","1","臺中市","后里區","120.680","24.310","522"
"169","297639","20220710050000","150","1","臺中市","后里區","120.725","24.285","165"
"10","297641","20220710050000","13","0","臺中市","后里區","120.735","24.285","10"
"303","297645","20220710050000","249","2","臺中市","后里區","120.725","24.290","288"
"302","297646","20220710050000","165","3","臺中市","后里區","120.730","24.290","325"
"23","297647","20220710050000","18","2","臺中市","后里區","120.735","24.290","55"
"64","297648","20220710050000","33","3","臺中市","后里區","120.740","24.290","76"
"231","297654","20220710050000","486","0","臺中市","后里區","120.730","24.295","257"
"45","297656","20220710050000","44","1","臺中市","后里區","120.740","24.295","46"
"177","297659","20220710050000","249","0","臺中市","后里區","120.755","24.295","222"
"44","297664","20220710050000","49","0","臺中市","后里區","120.735","24.300","73"
"669","297671","20220710050000","534","2","臺中市","后里區","120.725","24.305","683"
"49","297672","20220710050000","15","3","臺中市","后里區","120.735","24.305","55"
"627","297689","20220710050000","507","2","臺中市","大安區","120.585","24.365","624"
"1784","297697","20220710050000","1793","0","臺中市","大甲區","120.630","24.350","1798"
"16","297701","20220710050000","13","2","苗栗縣","苑裡鎮","120.700","24.365","16"
"1460","297704","20220710050000","804","3","臺中市","大甲區","120.625","24.350","1479"
"1793","297705","20220710050000","1760","1","臺中市","大甲區","120.620","24.355","1799"
"1488","297706","20220710050000","997","2","臺中市","大甲區","120.615","24.345","1492"
"693","297725","20220710050000","727","0","臺中市","大甲區","120.635","24.370","699"
"341","297760","20220710050000","304","1","臺中市","清水區","120.605","24.305","353"
"463","297763","20220710050000","452","1","臺中市","清水區","120.605","24.310","483"
"185","297775","20220710050000","1060","0","臺中市","后里區","120.710","24.305","175"
"216","297776","20220710050000","135","3","臺中市","后里區","120.700","24.310","219"
"224","297778","20220710050000","145","3","臺中市","后里區","120.735","24.310","212"
"46","297782","20220710050000","47","0","臺中市","后里區","120.755","24.310","45"
"238","297783","20220710050000","248","0","臺中市","后里區","120.740","24.315","231"
"21","297787","20220710050000","16","2","臺中市","后里區","120.760","24.315","16"
"188","297795","20220710050000","173","1","臺中市","后里區","120.735","24.325","203"
"324","297801","20220710050000","308","1","臺中市","后里區","120.740","24.330","318"
"304","297811","20220710050000","231","2","臺中市","后里區","120.725","24.340","295"
"355","297831","20220710050000","387","0","臺中市","外埔區","120.700","24.345","356"
"648","297868","20220710050000","609","1","臺中市","外埔區","120.645","24.320","648"
"509","297883","20220710050000","414","2","臺中市","外埔區","120.670","24.320","493"
"195","297885","20220710050000","188","1","臺中市","外埔區","120.680","24.320","195"
"900","297886","20220710050000","771","1","臺中市","外埔區","120.665","24.325","855"
"657","297921","20220710050000","465","2","臺中市","外埔區","120.650","24.330","669"
"2013","297922","20220710050000","2142","0","臺中市","外埔區","120.655","24.330","2063"
"2553","297926","20220710050000","2562","0","臺中市","外埔區","120.635","24.340","2566"
"358","297928","20220710050000","326","1","臺中市","外埔區","120.645","24.340","359"
"205","297941","20220710050000","231","0","臺中市","外埔區","120.625","24.320","193"
"428","297947","20220710050000","296","2","臺中市","外埔區","120.630","24.325","422"
"45","297954","20220710050000","36","2","臺中市","外埔區","120.635","24.330","53"
"294","297957","20220710050000","217","2","臺中市","外埔區","120.630","24.335","305"
"299","297959","20220710050000","244","2","臺中市","外埔區","120.685","24.325","297"
"39","297961","20220710050000","73","0","臺中市","外埔區","120.675","24.330","30"
"268","297967","20220710050000","196","2","臺中市","后里區","120.710","24.330","274"
"590","297988","20220710050000","456","2","臺中市","外埔區","120.665","24.340","583"
"413","297992","20220710050000","258","3","臺中市","外埔區","120.685","24.340","435"
"795","297995","20220710050000","1006","0","臺中市","大安區","120.585","24.345","814"
"20","298020","20220710050000","30","0","臺中市","大安區","120.570","24.340","23"
"61","298024","20220710050000","81","0","臺中市","大安區","120.570","24.345","57"
"344","298036","20220710050000","321","1","臺中市","大安區","120.590","24.335","343"
"344","298040","20220710050000","455","0","臺中市","大安區","120.590","24.340","336"
"68","298043","20220710050000","694","0","臺中市","大安區","120.605","24.365","60"
"1321","298045","20220710050000","1294","1","臺中市","后里區","120.720","24.310","1296"
"283","298047","20220710050000","353","0","臺中市","后里區","120.720","24.320","267"
"114","298050","20220710050000","686","0","臺中市","后里區","120.725","24.315","107"
"345","298051","20220710050000","293","1","臺中市","后里區","120.730","24.315","343"
"1565","298052","20220710050000","947","3","臺中市","后里區","120.725","24.320","1542"
"111","298053","20220710050000","135","0","臺中市","后里區","120.730","24.320","104"
"30","298054","20220710050000","33","0","臺中市","后里區","120.735","24.320","34"
"64","298056","20220710050000","80","0","臺中市","后里區","120.725","24.325","62"
"675","298059","20220710050000","570","1","臺中市","后里區","120.710","24.310","729"
"185","298060","20220710050000","140","2","臺中市","后里區","120.715","24.310","187"
"359","298062","20220710050000","119","3","臺中市","后里區","120.710","24.315","348"
"144","298066","20220710050000","104","2","臺中市","后里區","120.705","24.320","152"
"109","298069","20220710050000","206","0","臺中市","外埔區","120.695","24.325","143"
"366","298070","20220710050000","296","2","臺中市","后里區","120.700","24.325","299"
"24","298074","20220710050000","22","1","臺中市","后里區","120.705","24.325","22"
"306","298075","20220710050000","336","0","臺中市","后里區","120.710","24.325","305"
"347","298078","20220710050000","331","1","臺中市","后里區","120.705","24.330","322"
"44","298081","20220710050000","215","0","臺中市","后里區","120.745","24.325","44"
"106","298082","20220710050000","92","1","臺中市","后里區","120.750","24.325","110"
"144","298092","20220710050000","115","2","臺中市","后里區","120.680","24.315","157"
"59","298093","20220710050000","35","3","臺中市","后里區","120.685","24.315","53"
"623","298094","20220710050000","546","1","臺中市","后里區","120.690","24.315","612"
"532","298095","20220710050000","338","3","臺中市","后里區","120.695","24.315","518"
"160","298096","20220710050000","150","1","臺中市","外埔區","120.685","24.320","146"
"46","298098","20220710050000","499","0","臺中市","大安區","120.600","24.345","44"
"42","298100","20220710050000","506","0","臺中市","大安區","120.600","24.350","33"
"139","298108","20220710050000","90","3","臺中市","大甲區","120.680","24.365","140"
"263","298116","20220710050000","282","0","臺中市","大甲區","120.675","24.370","282"
"626","298125","20220710050000","703","0","臺中市","大甲區","120.625","24.340","636"
"326","298126","20220710050000","389","0","臺中市","大甲區","120.630","24.340","317"
"137","298128","20220710050000","124","1","臺中市","大甲區","120.620","24.340","138"
"2543","298129","20220710050000","2273","1","臺中市","大甲區","120.625","24.345","2528"
"217","298135","20220710050000","252","0","臺中市","后里區","120.715","24.295","235"
"1358","298141","20220710050000","1510","0","臺中市","后里區","120.715","24.305","1377"
"307","298142","20220710050000","435","0","臺中市","后里區","120.720","24.305","310"
"490","298151","20220710050000","492","0","臺中市","清水區","120.610","24.290","498"
"160","298155","20220710050000","149","1","臺中市","清水區","120.610","24.295","160"
"975","298159","20220710050000","929","1","臺中市","大甲區","120.615","24.350","1028"
"293","298177","20220710050000","253","1","臺中市","大甲區","120.605","24.325","308"
"257","298178","20220710050000","241","1","臺中市","大甲區","120.595","24.330","243"
"1261","298182","20220710050000","834","3","臺中市","后里區","120.725","24.310","1277"
"124","298183","20220710050000","117","1","臺中市","后里區","120.730","24.305","128"
"380","298184","20220710050000","465","0","臺中市","后里區","120.730","24.310","372"
"36","298185","20220710050000","24","3","臺中市","后里區","120.735","24.315","36"
"123","298202","20220710050000","101","2","臺中市","后里區","120.700","24.285","118"
"13","298208","20220710050000","252","0","臺中市","后里區","120.675","24.290","16"
"351","298213","20220710050000","335","1","臺中市","后里區","120.700","24.290","369"
"34","298360","20220710050000","22","3","臺中市","和平區","121.280","24.305","26"
"552","298427","20220710050000","402","2","臺中市","和平區","121.295","24.315","372"
"167","298504","20220710050000","67","3","臺中市","和平區","121.310","24.325","177"
"159","298630","20220710050000","134","1","臺中市","和平區","121.310","24.335","157"
"127","298631","20220710050000","83","3","臺中市","和平區","121.315","24.335","143"
"20","298632","20220710050000","14","2","臺中市","和平區","121.320","24.335","20"
"139","298723","20220710050000","126","1","臺中市","和平區","121.310","24.345","134"
"316","298770","20220710050000","185","3","臺中市","和平區","121.310","24.350","241"
"21","298772","20220710050000","18","1","臺中市","和平區","121.320","24.350","12"
"66","298818","20220710050000","77","0","臺中市","和平區","121.315","24.355","85"
"35","298866","20220710050000","33","1","臺中市","和平區","121.315","24.360","39"
"23","298968","20220710050000","13","3","臺中市","和平區","121.340","24.370","21"
"25","299078","20220710050000","13","3","臺中市","和平區","121.265","24.285","19"
"20","299174","20220710050000","13","3","臺中市","和平區","121.275","24.295","22"
"108","299584","20220710050000","79","2","臺中市","和平區","120.905","24.290","91"
"58","299602","20220710050000","48","2","臺中市","和平區","120.930","24.295","56"
"46","299659","20220710050000","51","0","臺中市","和平區","120.940","24.300","50"
"13","299678","20220710050000","13","1","臺中市","和平區","120.925","24.305","12"
"80","299703","20220710050000","56","2","臺中市","和平區","120.940","24.310","78"
"37","299748","20220710050000","53","0","臺中市","和平區","120.965","24.320","30"
"22","299761","20220710050000","13","3","臺中市","和平區","120.930","24.325","22"
"108","299779","20220710050000","82","2","臺中市","和平區","120.925","24.325","109"
"249","299781","20220710050000","221","1","臺中市","和平區","120.935","24.325","208"
"11","299796","20220710050000","25","0","臺中市","和平區","120.920","24.330","13"
"1009","299822","20220710050000","1065","0","臺中市","清水區","120.565","24.290","1038"
"30","299823","20220710050000","480","0","臺中市","清水區","120.560","24.295","26"
"61","299826","20220710050000","27","3","臺中市","清水區","120.600","24.280","56"
"31","299828","20220710050000","16","3","臺中市","清水區","120.610","24.280","31"
"107","299830","20220710050000","92","1","臺中市","清水區","120.600","24.285","77"
"644","299831","20220710050000","668","0","臺中市","清水區","120.575","24.285","631"
"559","299835","20220710050000","499","1","臺中市","清水區","120.575","24.300","564"
"99","299845","20220710050000","119","0","臺中市","東勢區","120.790","24.285","97"
"308","299852","20220710050000","272","1","臺中市","東勢區","120.795","24.285","299"
"51","299868","20220710050000","31","3","臺中市","東勢區","120.805","24.300","44"
"175","299869","20220710050000","180","0","臺中市","東勢區","120.810","24.300","176"
"512","299873","20220710050000","394","2","臺中市","清水區","120.555","24.280","527"
"170","299884","20220710050000","981","0","臺中市","清水區","120.540","24.285","152"
"18","299886","20220710050000","280","0","臺中市","清水區","120.525","24.290","15"
"90","299892","20220710050000","71","2","臺中市","清水區","120.520","24.295","81"
"568","299901","20220710050000","423","2","臺中市","清水區","120.630","24.290","552"
"39","299913","20220710050000","40","0","臺中市","清水區","120.630","24.300","42"
"62","299923","20220710050000","87","0","臺中市","清水區","120.580","24.290","69"
"607","299926","20220710050000","588","1","臺中市","清水區","120.590","24.295","626"
"76","300263","20220710050000","62","2","花蓮縣","秀林鄉","121.755","24.300","81"
"249","300401","20220710050000","135","3","花蓮縣","秀林鄉","121.750","24.310","251"
"55","300404","20220710050000","28","3","花蓮縣","秀林鄉","121.765","24.310","45"
"26","300405","20220710050000","18","2","花蓮縣","秀林鄉","121.765","24.305","22"
"11","300877","20220710050000","61","0","苗栗縣","三義鄉","120.740","24.365","16"
"59","300918","20220710050000","38","3","苗栗縣","三義鄉","120.750","24.345","55"
"178","300926","20220710050000","115","3","苗栗縣","三義鄉","120.745","24.350","179"
"109","300935","20220710050000","68","3","苗栗縣","三義鄉","120.750","24.355","97"
"98","300943","20220710050000","38","3","苗栗縣","三義鄉","120.770","24.355","89"
"96","300949","20220710050000","92","1","苗栗縣","三義鄉","120.780","24.360","94"
"16","300965","20220710050000","72","0","苗栗縣","三義鄉","120.795","24.370","13"
"231","300971","20220710050000","186","2","苗栗縣","卓蘭鎮","120.835","24.300","211"
"41","300982","20220710050000","34","2","苗栗縣","卓蘭鎮","120.845","24.310","43"
"15","301006","20220710050000","218","0","臺中市","東勢區","120.805","24.280","22"
"291","301007","20220710050000","228","2","臺中市","東勢區","120.810","24.280","322"
"12","301013","20220710050000","11","1","苗栗縣","苑裡鎮","120.715","24.365","15"
"714","301021","20220710050000","567","2","苗栗縣","卓蘭鎮","120.830","24.310","714"
"320","301030","20220710050000","211","3","苗栗縣","卓蘭鎮","120.845","24.320","364"
"277","301060","20220710050000","202","2","苗栗縣","卓蘭鎮","120.810","24.330","275"
"231","301079","20220710050000","185","2","苗栗縣","卓蘭鎮","120.785","24.330","229"
"326","301082","20220710050000","229","2","苗栗縣","卓蘭鎮","120.825","24.330","250"
"47","301093","20220710050000","29","3","苗栗縣","卓蘭鎮","120.805","24.335","36"
"40","301097","20220710050000","66","0","苗栗縣","卓蘭鎮","120.825","24.335","35"
"21","301176","20220710050000","15","2","臺中市","和平區","121.040","24.295","23"
"182","301582","20220710050000","130","2","苗栗縣","泰安鄉","120.965","24.360","146"
"266","301609","20220710050000","129","3","苗栗縣","泰安鄉","120.960","24.370","222"
"12","301626","20220710050000","182","0","苗栗縣","卓蘭鎮","120.845","24.295","11"
"129","301629","20220710050000","127","1","苗栗縣","卓蘭鎮","120.860","24.295","124"
"121","301639","20220710050000","55","3","苗栗縣","卓蘭鎮","120.840","24.300","130"
"66","301640","20220710050000","67","0","苗栗縣","卓蘭鎮","120.845","24.300","61"
"81","301669","20220710050000","44","3","苗栗縣","卓蘭鎮","120.880","24.315","77"
"248","301723","20220710050000","251","0","苗栗縣","卓蘭鎮","120.850","24.340","222"
"247","301727","20220710050000","159","3","苗栗縣","卓蘭鎮","120.870","24.340","246"
"111","301752","20220710050000","148","0","苗栗縣","卓蘭鎮","120.825","24.305","139"
"636","301756","20220710050000","600","1","苗栗縣","卓蘭鎮","120.820","24.315","648"
"889","301757","20220710050000","693","2","苗栗縣","卓蘭鎮","120.825","24.315","870"
"22","301775","20220710050000","72","0","苗栗縣","卓蘭鎮","120.855","24.355","21"
"74","301787","20220710050000","49","3","苗栗縣","大湖鄉","120.870","24.360","70"
"15","301816","20220710050000","11","2","苗栗縣","大湖鄉","120.800","24.350","17"
"167","301882","20220710050000","172","0","苗栗縣","大湖鄉","120.875","24.365","184"
"55","307940","20220710050000","16","3","宜蘭縣","南澳鄉","121.790","24.400","15"
"14","308027","20220710050000","13","1","宜蘭縣","南澳鄉","121.775","24.435","13"
"58","308048","20220710050000","27","3","宜蘭縣","南澳鄉","121.765","24.440","48"
"33","308125","20220710050000","23","2","宜蘭縣","南澳鄉","121.775","24.450","29"
"357","308964","20220710050000","290","2","宜蘭縣","南澳鄉","121.750","24.425","383"
"139","309060","20220710050000","79","3","宜蘭縣","南澳鄉","121.750","24.435","95"
"51","309298","20220710050000","28","3","宜蘭縣","大同鄉","121.355","24.395","28"
"516","309501","20220710050000","337","3","宜蘭縣","大同鄉","121.380","24.435","507"
"125","309740","20220710050000","95","2","宜蘭縣","蘇澳鎮","121.805","24.445","110"
"226","309750","20220710050000","199","1","宜蘭縣","蘇澳鎮","121.790","24.455","242"
"102","309853","20220710050000","107","0","臺中市","大甲區","120.640","24.410","110"
"87","309860","20220710050000","875","0","臺中市","大甲區","120.630","24.415","94"
"357","309867","20220710050000","329","1","臺中市","大甲區","120.635","24.390","370"
"66","309881","20220710050000","482","0","臺中市","大甲區","120.635","24.410","58"
"624","309883","20220710050000","610","1","臺中市","大甲區","120.640","24.415","629"
"14","309891","20220710050000","365","0","臺中市","大安區","120.600","24.370","10"
"419","309899","20220710050000","394","1","臺中市","大安區","120.605","24.385","394"
"364","309910","20220710050000","352","1","臺中市","大安區","120.600","24.395","361"
"29","309925","20220710050000","416","0","臺中市","大甲區","120.670","24.380","21"
"19","309935","20220710050000","18","1","臺中市","大甲區","120.665","24.390","23"
"19","309937","20220710050000","384","0","臺中市","大甲區","120.660","24.395","21"
"484","309939","20220710050000","478","1","苗栗縣","苑裡鎮","120.665","24.400","489"
"692","309942","20220710050000","473","2","臺中市","大甲區","120.645","24.400","695"
"1624","309947","20220710050000","1784","0","臺中市","大甲區","120.650","24.405","1702"
"368","309948","20220710050000","424","0","臺中市","大甲區","120.655","24.405","335"
"222","309960","20220710050000","216","1","臺中市","大安區","120.595","24.385","205"
"41","309972","20220710050000","350","0","臺中市","大安區","120.585","24.375","36"
"415","309973","20220710050000","506","0","臺中市","大安區","120.590","24.375","443"
"44","309975","20220710050000","50","0","臺中市","大安區","120.585","24.380","55"
"42","309977","20220710050000","42","1","臺中市","大安區","120.610","24.375","43"
"337","309986","20220710050000","310","1","臺中市","大甲區","120.660","24.370","333"
"1490","310004","20220710050000","1784","0","臺中市","大甲區","120.655","24.380","1492"
"33","310009","20220710050000","1113","0","臺中市","大甲區","120.650","24.390","35"
"462","310033","20220710050000","380","2","臺中市","大甲區","120.615","24.415","446"
"486","310040","20220710050000","496","0","臺中市","大甲區","120.620","24.370","510"
"215","310149","20220710050000","142","3","臺中市","和平區","121.305","24.380","168"
"33","310150","20220710050000","47","0","臺中市","和平區","121.310","24.380","48"
"186","310180","20220710050000","86","3","臺中市","和平區","121.300","24.385","104"
"71","310235","20220710050000","66","1","臺中市","和平區","121.305","24.395","47"
"54","310390","20220710050000","51","1","苗栗縣","三義鄉","120.780","24.385","51"
"134","310395","20220710050000","166","0","苗栗縣","三義鄉","120.750","24.395","133"
"353","310396","20220710050000","306","1","苗栗縣","三義鄉","120.755","24.395","359"
"1971","310412","20220710050000","1807","1","苗栗縣","三義鄉","120.760","24.405","1978"
"424","310415","20220710050000","390","1","苗栗縣","三義鄉","120.765","24.410","426"
"875","310419","20220710050000","981","0","苗栗縣","三義鄉","120.770","24.415","858"
"162","310423","20220710050000","165","0","苗栗縣","三義鄉","120.745","24.370","171"
"40","310429","20220710050000","44","0","苗栗縣","三義鄉","120.770","24.370","38"
"167","310433","20220710050000","127","2","苗栗縣","三義鄉","120.750","24.375","164"
"35","310441","20220710050000","30","1","苗栗縣","三義鄉","120.750","24.380","54"
"67","310450","20220710050000","50","2","苗栗縣","三義鄉","120.755","24.385","70"
"19","310451","20220710050000","174","0","苗栗縣","三義鄉","120.760","24.385","25"
"16","310456","20220710050000","11","2","苗栗縣","三義鄉","120.755","24.390","16"
"146","310458","20220710050000","170","0","苗栗縣","三義鄉","120.760","24.390","116"
"45","310469","20220710050000","62","0","苗栗縣","三義鄉","120.780","24.375","50"
"11","310485","20220710050000","80","0","苗栗縣","三義鄉","120.755","24.420","11"
"640","310489","20220710050000","620","1","苗栗縣","三義鄉","120.775","24.420","614"
"142","310506","20220710050000","150","0","苗栗縣","三義鄉","120.770","24.435","156"
"59","310521","20220710050000","105","0","苗栗縣","三義鄉","120.805","24.385","71"
"15","310527","20220710050000","26","0","苗栗縣","三義鄉","120.795","24.390","27"
"32","310531","20220710050000","53","0","苗栗縣","三義鄉","120.780","24.395","12"
"59","310542","20220710050000","15","3","苗栗縣","三義鄉","120.775","24.405","24"
"347","310551","20220710050000","354","0","苗栗縣","三義鄉","120.790","24.410","331"
"26","310552","20220710050000","46","0","苗栗縣","三義鄉","120.795","24.410","23"
"146","310580","20220710050000","119","2","苗栗縣","公館鄉","120.860","24.460","156"
"17","310595","20220710050000","21","0","苗栗縣","苑裡鎮","120.660","24.430","18"
"771","310596","20220710050000","625","2","苗栗縣","苑裡鎮","120.665","24.430","805"
"28","310601","20220710050000","224","0","苗栗縣","苑裡鎮","120.710","24.375","27"
"78","310623","20220710050000","71","1","苗栗縣","苑裡鎮","120.695","24.400","86"
"14","310630","20220710050000","14","1","苗栗縣","苑裡鎮","120.670","24.445","12"
"605","310636","20220710050000","452","2","苗栗縣","苑裡鎮","120.660","24.440","618"
"30","310637","20220710050000","40","0","苗栗縣","苑裡鎮","120.655","24.445","37"
"33","310639","20220710050000","20","3","苗栗縣","苑裡鎮","120.665","24.445","38"
"25","310640","20220710050000","15","3","苗栗縣","通霄鎮","120.660","24.450","20"
"521","310644","20220710050000","380","2","苗栗縣","苑裡鎮","120.655","24.450","494"
"36","310647","20220710050000","67","0","苗栗縣","通霄鎮","120.660","24.455","41"
"15","310648","20220710050000","11","2","苗栗縣","苑裡鎮","120.650","24.460","10"
"22","310656","20220710050000","252","0","苗栗縣","三義鄉","120.745","24.395","23"
"17","310670","20220710050000","137","0","苗栗縣","苑裡鎮","120.715","24.410","17"
"83","310685","20220710050000","110","0","苗栗縣","苑裡鎮","120.710","24.420","105"
"48","310688","20220710050000","27","3","苗栗縣","苑裡鎮","120.660","24.435","41"
"295","310695","20220710050000","237","2","苗栗縣","苑裡鎮","120.670","24.405","284"
"190","310698","20220710050000","271","0","苗栗縣","苑裡鎮","120.690","24.410","191"
"118","310699","20220710050000","68","3","苗栗縣","苑裡鎮","120.690","24.415","100"
"35","310721","20220710050000","464","0","苗栗縣","苑裡鎮","120.645","24.435","34"
"104","310722","20220710050000","87","1","苗栗縣","苑裡鎮","120.650","24.435","107"
"572","310727","20220710050000","452","2","苗栗縣","苑裡鎮","120.635","24.445","582"
"13","310729","20220710050000","10","2","苗栗縣","苑裡鎮","120.650","24.415","14"
"448","310730","20220710050000","340","2","苗栗縣","苑裡鎮","120.655","24.415","438"
"306","310737","20220710050000","319","0","苗栗縣","苑裡鎮","120.650","24.425","327"
"264","310752","20220710050000","262","1","苗栗縣","苑裡鎮","120.700","24.435","261"
"38","310755","20220710050000","41","0","苗栗縣","苑裡鎮","120.680","24.440","49"
"316","310758","20220710050000","331","0","苗栗縣","苑裡鎮","120.700","24.385","316"
"268","310763","20220710050000","334","0","苗栗縣","苑裡鎮","120.695","24.395","279"
"13","310764","20220710050000","12","1","苗栗縣","苑裡鎮","120.685","24.400","14"
"25","310766","20220710050000","15","3","苗栗縣","苑裡鎮","120.685","24.405","19"
"1134","310776","20220710050000","1071","1","苗栗縣","大湖鄉","120.870","24.425","1138"
"15","310779","20220710050000","17","0","苗栗縣","大湖鄉","120.885","24.425","19"
"295","310796","20220710050000","229","2","苗栗縣","大湖鄉","120.865","24.400","301"
"61","310800","20220710050000","52","1","苗栗縣","大湖鄉","120.855","24.405","54"
"26","310825","20220710050000","404","0","苗栗縣","大湖鄉","120.900","24.410","23"
"195","310860","20220710050000","126","3","苗栗縣","大湖鄉","120.870","24.405","195"
"16","310881","20220710050000","293","0","苗栗縣","大湖鄉","120.860","24.420","15"
"422","310894","20220710050000","540","0","苗栗縣","苑裡鎮","120.655","24.440","442"
"1097","310905","20220710050000","1051","1","苗栗縣","苑裡鎮","120.680","24.385","1116"
"119","310911","20220710050000","122","0","苗栗縣","苑裡鎮","120.660","24.410","130"
"312","310914","20220710050000","121","3","苗栗縣","苑裡鎮","120.660","24.415","322"
"49","310926","20220710050000","37","2","苗栗縣","苑裡鎮","120.720","24.395","47"
"15","310927","20220710050000","91","0","苗栗縣","苑裡鎮","120.725","24.395","17"
"11","310930","20220710050000","11","1","苗栗縣","苑裡鎮","120.715","24.400","14"
"36","310938","20220710050000","49","0","苗栗縣","苑裡鎮","120.705","24.410","39"
"22","310941","20220710050000","56","0","苗栗縣","苑裡鎮","120.675","24.400","12"
"11","310942","20220710050000","15","0","苗栗縣","苑裡鎮","120.680","24.400","11"
"29","310943","20220710050000","469","0","苗栗縣","苑裡鎮","120.675","24.405","32"
"371","310949","20220710050000","249","2","苗栗縣","苑裡鎮","120.670","24.415","378"
"13","310953","20220710050000","12","1","苗栗縣","苑裡鎮","120.670","24.425","11"
"13","310959","20220710050000","15","0","苗栗縣","苑裡鎮","120.680","24.410","11"
"137","310964","20220710050000","1139","0","苗栗縣","苑裡鎮","120.685","24.415","130"
"239","310996","20220710050000","170","2","苗栗縣","銅鑼鄉","120.810","24.465","248"
"27","310999","20220710050000","51","0","苗栗縣","銅鑼鄉","120.755","24.445","21"
"170","311014","20220710050000","84","3","苗栗縣","銅鑼鄉","120.760","24.460","177"
"53","311016","20220710050000","61","0","苗栗縣","銅鑼鄉","120.770","24.465","57"
"118","311031","20220710050000","90","2","苗栗縣","銅鑼鄉","120.810","24.405","135"
"221","311073","20220710050000","98","3","苗栗縣","銅鑼鄉","120.835","24.420","83"
"19","311089","20220710050000","13","2","苗栗縣","銅鑼鄉","120.765","24.435","19"
"157","311108","20220710050000","160","0","苗栗縣","銅鑼鄉","120.780","24.450","154"
"371","311118","20220710050000","350","1","苗栗縣","銅鑼鄉","120.780","24.465","366"
"1904","311279","20220710050000","2105","0","苗栗縣","苑裡鎮","120.650","24.440","1864"
"161","311280","20220710050000","200","0","苗栗縣","苑裡鎮","120.650","24.445","181"
"17","311281","20220710050000","16","1","苗栗縣","苑裡鎮","120.645","24.445","16"
"382","311283","20220710050000","410","0","苗栗縣","苑裡鎮","120.650","24.450","370"
"111","311310","20220710050000","103","1","苗栗縣","泰安鄉","120.925","24.390","86"
"333","311474","20220710050000","217","3","苗栗縣","泰安鄉","120.935","24.420","374"
"972","311478","20220710050000","845","1","苗栗縣","泰安鄉","120.925","24.420","773"
"12","311666","20220710050000","196","0","苗栗縣","泰安鄉","120.980","24.390","11"
"12","312076","20220710050000","16","0","苗栗縣","泰安鄉","121.015","24.425","11"
"17","312522","20220710050000","278","0","苗栗縣","泰安鄉","120.925","24.440","160"
"157","312590","20220710050000","148","1","苗栗縣","通霄鎮","120.735","24.410","176"
"173","312624","20220710050000","159","1","苗栗縣","通霄鎮","120.680","24.455","193"
"92","312636","20220710050000","84","1","苗栗縣","通霄鎮","120.690","24.465","91"
"55","312656","20220710050000","54","1","苗栗縣","通霄鎮","120.745","24.440","54"
"227","312664","20220710050000","114","3","苗栗縣","通霄鎮","120.725","24.450","210"
"14","312666","20220710050000","19","0","苗栗縣","通霄鎮","120.735","24.450","19"
"65","312668","20220710050000","151","0","苗栗縣","通霄鎮","120.720","24.425","66"
"68","312670","20220710050000","282","0","苗栗縣","通霄鎮","120.720","24.430","73"
"235","312677","20220710050000","223","1","苗栗縣","通霄鎮","120.715","24.440","263"
"235","312691","20220710050000","266","0","苗栗縣","通霄鎮","120.700","24.455","230"
"53","312717","20220710050000","43","2","苗栗縣","通霄鎮","120.730","24.460","58"
"69","312744","20220710050000","88","0","苗栗縣","大湖鄉","120.865","24.430","69"
"32","312752","20220710050000","208","0","苗栗縣","大湖鄉","120.865","24.435","29"
"61","312778","20220710050000","52","1","苗栗縣","大湖鄉","120.905","24.445","61"
"26","312782","20220710050000","23","1","苗栗縣","大湖鄉","120.880","24.450","43"
"209","312784","20220710050000","180","1","苗栗縣","大湖鄉","120.875","24.455","218"
"61","312785","20220710050000","652","0","苗栗縣","大湖鄉","120.865","24.420","57"
"274","312798","20220710050000","398","0","苗栗縣","大湖鄉","120.900","24.375","241"
"13","312821","20220710050000","293","0","苗栗縣","大湖鄉","120.835","24.370","13"
"469","312833","20220710050000","493","0","苗栗縣","三義鄉","120.820","24.380","419"
"229","312851","20220710050000","150","3","苗栗縣","大湖鄉","120.865","24.375","217"
"79","312863","20220710050000","251","0","苗栗縣","大湖鄉","120.850","24.385","73"
"108","317431","20220710050000","45","3","宜蘭縣","蘇澳鎮","121.845","24.520","57"
"400","319889","20220710050000","288","2","宜蘭縣","南澳鄉","121.800","24.465","393"
"472","319890","20220710050000","517","0","宜蘭縣","蘇澳鎮","121.805","24.465","517"
"19","319894","20220710050000","15","2","宜蘭縣","南澳鄉","121.810","24.470","20"
"141","320020","20220710050000","83","3","宜蘭縣","蘇澳鎮","121.830","24.515","123"
"13","320043","20220710050000","17","0","宜蘭縣","南澳鄉","121.830","24.530","16"
"14","320054","20220710050000","21","0","宜蘭縣","南澳鄉","121.835","24.535","28"
"26","320069","20220710050000","35","0","宜蘭縣","蘇澳鎮","121.850","24.535","29"
"329","320197","20220710050000","217","3","宜蘭縣","南澳鄉","121.790","24.470","325"
"19","320298","20220710050000","14","2","宜蘭縣","南澳鄉","121.785","24.460","21"
"180","320807","20220710050000","117","3","宜蘭縣","大同鄉","121.430","24.485","189"
"170","320829","20220710050000","128","2","宜蘭縣","大同鄉","121.430","24.490","155"
"13","321164","20220710050000","11","1","宜蘭縣","南澳鄉","121.535","24.495","13"
"118","321192","20220710050000","99","1","宜蘭縣","大同鄉","121.530","24.500","129"
"33","321195","20220710050000","13","3","宜蘭縣","大同鄉","121.545","24.500","33"
"27","321219","20220710050000","20","2","宜蘭縣","大同鄉","121.530","24.505","29"
"36","321263","20220710050000","12","3","宜蘭縣","南澳鄉","121.610","24.505","36"
"109","321699","20220710050000","81","2","宜蘭縣","大同鄉","121.450","24.530","109"
"10","321804","20220710050000","17","0","宜蘭縣","蘇澳鎮","121.810","24.465","15"
"208","321823","20220710050000","188","1","宜蘭縣","蘇澳鎮","121.840","24.485","232"
"162","321846","20220710050000","40","3","宜蘭縣","蘇澳鎮","121.835","24.510","81"
"253","321850","20220710050000","149","3","宜蘭縣","蘇澳鎮","121.835","24.520","207"
"20","321871","20220710050000","12","3","宜蘭縣","蘇澳鎮","121.870","24.535","10"
"190","321880","20220710050000","90","3","宜蘭縣","蘇澳鎮","121.820","24.460","176"
"18","321882","20220710050000","15","2","宜蘭縣","蘇澳鎮","121.820","24.465","15"
"35","321898","20220710050000","29","2","宜蘭縣","蘇澳鎮","121.825","24.485","28"
"24","322590","20220710050000","17","2","新竹縣","五峰鄉","121.075","24.505","11"
"17","322608","20220710050000","37","0","新竹縣","五峰鄉","121.110","24.510","19"
"29","322609","20220710050000","42","0","新竹縣","五峰鄉","121.115","24.510","35"
"86","322716","20220710050000","122","0","新竹縣","五峰鄉","121.110","24.525","116"
"36","322717","20220710050000","42","0","新竹縣","五峰鄉","121.115","24.525","28"
"54","322744","20220710050000","76","0","新竹縣","五峰鄉","121.125","24.530","80"
"148","322792","20220710050000","196","0","新竹縣","五峰鄉","121.125","24.540","190"
"37","322897","20220710050000","35","1","新竹縣","五峰鄉","121.130","24.560","50"
"58","322913","20220710050000","446","0","苗栗縣","公館鄉","120.820","24.495","78"
"22","322918","20220710050000","166","0","苗栗縣","公館鄉","120.815","24.510","15"
"225","322920","20220710050000","339","0","苗栗縣","公館鄉","120.815","24.515","237"
"399","322921","20220710050000","353","1","苗栗縣","銅鑼鄉","120.810","24.515","400"
"39","322932","20220710050000","97","0","苗栗縣","公館鄉","120.845","24.510","46"
"317","322933","20220710050000","255","2","苗栗縣","公館鄉","120.835","24.510","293"
"444","322941","20220710050000","479","0","苗栗縣","公館鄉","120.835","24.530","466"
"10","322961","20220710050000","109","0","苗栗縣","公館鄉","120.850","24.530","12"
"143","322992","20220710050000","102","2","苗栗縣","公館鄉","120.890","24.540","137"
"169","323065","20220710050000","141","1","苗栗縣","公館鄉","120.835","24.500","169"
"158","323078","20220710050000","165","0","苗栗縣","公館鄉","120.835","24.545","155"
"1125","323086","20220710050000","794","2","苗栗縣","公館鄉","120.825","24.510","1127"
"55","323090","20220710050000","748","0","苗栗縣","公館鄉","120.820","24.515","59"
"326","323092","20220710050000","520","0","苗栗縣","公館鄉","120.825","24.520","339"
"167","323094","20220710050000","305","0","苗栗縣","公館鄉","120.825","24.465","475"
"162","323105","20220710050000","209","0","苗栗縣","公館鄉","120.835","24.465","128"
"146","323120","20220710050000","135","1","苗栗縣","公館鄉","120.855","24.475","123"
"576","323126","20220710050000","440","2","苗栗縣","公館鄉","120.825","24.475","510"
"482","323131","20220710050000","542","0","苗栗縣","公館鄉","120.820","24.480","443"
"714","323137","20220710050000","571","2","苗栗縣","公館鄉","120.830","24.485","670"
"584","323139","20220710050000","385","3","苗栗縣","公館鄉","120.825","24.500","571"
"829","323140","20220710050000","845","0","苗栗縣","公館鄉","120.825","24.505","804"
"1265","323143","20220710050000","1543","0","苗栗縣","公館鄉","120.820","24.500","1236"
"36","323150","20220710050000","199","0","苗栗縣","公館鄉","120.830","24.530","35"
"209","323152","20220710050000","164","2","苗栗縣","公館鄉","120.830","24.535","231"
"832","323159","20220710050000","625","2","苗栗縣","公館鄉","120.825","24.530","852"
"160","323161","20220710050000","96","3","苗栗縣","苗栗市","120.835","24.555","155"
"431","323164","20220710050000","658","0","苗栗縣","苗栗市","120.820","24.560","425"
"24","323166","20220710050000","43","0","苗栗縣","通霄鎮","120.695","24.540","24"
"302","323174","20220710050000","136","3","苗栗縣","通霄鎮","120.700","24.550","285"
"254","323187","20220710050000","212","1","苗栗縣","通霄鎮","120.695","24.475","245"
"19","323189","20220710050000","478","0","苗栗縣","通霄鎮","120.685","24.480","18"
"85","323210","20220710050000","72","1","苗栗縣","通霄鎮","120.730","24.490","90"
"22","323218","20220710050000","42","0","苗栗縣","通霄鎮","120.740","24.495","22"
"18","323221","20220710050000","15","2","苗栗縣","通霄鎮","120.750","24.485","13"
"25","323223","20220710050000","10","3","苗栗縣","通霄鎮","120.760","24.485","17"
"95","323237","20220710050000","88","1","苗栗縣","通霄鎮","120.720","24.505","115"
"124","323242","20220710050000","93","2","苗栗縣","通霄鎮","120.740","24.505","131"
"48","323248","20220710050000","55","0","苗栗縣","通霄鎮","120.730","24.510","53"
"30","323299","20220710050000","48","0","苗栗縣","南庄鄉","120.960","24.520","41"
"20","323301","20220710050000","109","0","苗栗縣","南庄鄉","120.970","24.520","10"
"189","323333","20220710050000","257","0","苗栗縣","南庄鄉","120.965","24.535","189"
"29","323356","20220710050000","259","0","苗栗縣","南庄鄉","120.970","24.545","28"
"2460","323391","20220710050000","2178","1","苗栗縣","苗栗市","120.825","24.555","2432"
"23","323392","20220710050000","23","1","苗栗縣","苗栗市","120.820","24.540","20"
"1051","323394","20220710050000","703","2","苗栗縣","苗栗市","120.825","24.545","1039"
"694","323395","20220710050000","1503","0","苗栗縣","苗栗市","120.815","24.550","706"
"73","323396","20220710050000","88","0","苗栗縣","苗栗市","120.820","24.550","79"
"1474","323397","20220710050000","1317","1","苗栗縣","苗栗市","120.815","24.555","1525"
"724","323400","20220710050000","537","2","苗栗縣","苗栗市","120.820","24.555","731"
"190","323402","20220710050000","161","1","苗栗縣","苗栗市","120.830","24.555","166"
"606","323403","20220710050000","358","3","苗栗縣","苗栗市","120.825","24.565","589"
"18","323405","20220710050000","30","0","苗栗縣","苗栗市","120.790","24.525","14"
"25","323411","20220710050000","91","0","苗栗縣","苗栗市","120.785","24.535","18"
"17","323412","20220710050000","27","0","苗栗縣","苗栗市","120.790","24.535","15"
"302","323414","20220710050000","100","3","苗栗縣","苗栗市","120.800","24.535","295"
"67","323530","20220710050000","117","0","苗栗縣","南庄鄉","121.025","24.535","117"
"129","323545","20220710050000","125","1","苗栗縣","南庄鄉","121.030","24.540","138"
"124","323601","20220710050000","76","3","苗栗縣","頭屋鄉","120.855","24.555","106"
"25","323631","20220710050000","64","0","苗栗縣","頭屋鄉","120.870","24.560","14"
"13","323638","20220710050000","21","0","苗栗縣","頭屋鄉","120.905","24.550","19"
"10","323656","20220710050000","10","1","苗栗縣","銅鑼鄉","120.765","24.490","10"
"205","323661","20220710050000","182","1","苗栗縣","銅鑼鄉","120.775","24.495","209"
"23","323663","20220710050000","28","0","苗栗縣","西湖鄉","120.770","24.500","28"
"12","323666","20220710050000","117","0","苗栗縣","銅鑼鄉","120.780","24.505","12"
"327","323674","20220710050000","172","3","苗栗縣","銅鑼鄉","120.790","24.470","318"
"319","323678","20220710050000","273","1","苗栗縣","銅鑼鄉","120.790","24.475","352"
"40","323679","20220710050000","46","0","苗栗縣","銅鑼鄉","120.795","24.475","32"
"514","323682","20220710050000","425","2","苗栗縣","銅鑼鄉","120.785","24.480","491"
"476","323683","20220710050000","440","1","苗栗縣","銅鑼鄉","120.790","24.480","498"
"505","323685","20220710050000","593","0","苗栗縣","銅鑼鄉","120.785","24.485","469"
"797","323686","20220710050000","994","0","苗栗縣","銅鑼鄉","120.785","24.490","795"
"82","323691","20220710050000","60","2","苗栗縣","通霄鎮","120.725","24.520","61"
"35","323727","20220710050000","168","0","苗栗縣","通霄鎮","120.675","24.485","30"
"338","323728","20220710050000","478","0","苗栗縣","苗栗市","120.810","24.545","336"
"64","323734","20220710050000","58","1","苗栗縣","西湖鄉","120.790","24.550","67"
"150","323738","20220710050000","134","1","苗栗縣","苗栗市","120.795","24.555","153"
"461","323740","20220710050000","416","1","苗栗縣","苗栗市","120.805","24.555","453"
"351","323743","20220710050000","348","1","苗栗縣","苗栗市","120.800","24.560","349"
"79","323744","20220710050000","227","0","苗栗縣","苗栗市","120.805","24.560","89"
"496","323747","20220710050000","406","2","苗栗縣","苗栗市","120.815","24.530","484"
"1252","323751","20220710050000","1562","0","苗栗縣","苗栗市","120.815","24.540","1284"
"227","323752","20220710050000","126","3","苗栗縣","苗栗市","120.805","24.545","230"
"23","323753","20220710050000","60","0","苗栗縣","苗栗市","120.805","24.550","33"
"77","323763","20220710050000","235","0","苗栗縣","西湖鄉","120.730","24.555","70"
"156","323770","20220710050000","147","1","苗栗縣","西湖鄉","120.745","24.555","167"
"91","323782","20220710050000","88","1","苗栗縣","西湖鄉","120.765","24.520","93"
"130","323800","20220710050000","130","1","苗栗縣","西湖鄉","120.785","24.525","145"
"81","323808","20220710050000","50","3","苗栗縣","西湖鄉","120.745","24.525","86"
"40","323810","20220710050000","84","0","苗栗縣","西湖鄉","120.740","24.530","39"
"53","323815","20220710050000","43","2","苗栗縣","西湖鄉","120.750","24.535","51"
"165","323828","20220710050000","164","1","苗栗縣","通霄鎮","120.680","24.500","161"
"246","323830","20220710050000","228","1","苗栗縣","通霄鎮","120.690","24.500","244"
"165","323838","20220710050000","43","3","苗栗縣","通霄鎮","120.690","24.510","153"
"225","323845","20220710050000","215","1","苗栗縣","通霄鎮","120.695","24.515","210"
"72","323854","20220710050000","85","0","苗栗縣","通霄鎮","120.695","24.530","94"
"1364","323865","20220710050000","1241","1","苗栗縣","通霄鎮","120.680","24.490","1326"
"692","323876","20220710050000","593","1","苗栗縣","銅鑼鄉","120.800","24.490","676"
"432","323879","20220710050000","515","0","苗栗縣","銅鑼鄉","120.800","24.495","467"
"263","323881","20220710050000","289","0","苗栗縣","銅鑼鄉","120.810","24.495","253"
"16","323884","20220710050000","211","0","苗栗縣","銅鑼鄉","120.805","24.500","21"
"229","323893","20220710050000","182","2","苗栗縣","銅鑼鄉","120.805","24.510","229"
"52","323896","20220710050000","64","0","苗栗縣","銅鑼鄉","120.810","24.520","51"
"169","323898","20220710050000","147","1","苗栗縣","銅鑼鄉","120.760","24.465","167"
"50","323899","20220710050000","106","0","苗栗縣","銅鑼鄉","120.765","24.465","48"
"171","323904","20220710050000","171","1","苗栗縣","銅鑼鄉","120.770","24.470","188"
"190","323913","20220710050000","244","0","苗栗縣","銅鑼鄉","120.790","24.485","201"
"144","323918","20220710050000","144","1","苗栗縣","銅鑼鄉","120.790","24.505","155"
"123","323920","20220710050000","64","3","苗栗縣","銅鑼鄉","120.785","24.510","123"
"297","323923","20220710050000","325","0","苗栗縣","西湖鄉","120.785","24.515","290"
"60","323948","20220710050000","63","0","苗栗縣","泰安鄉","120.950","24.465","73"
"121","323952","20220710050000","246","0","苗栗縣","泰安鄉","120.970","24.465","194"
"262","323970","20220710050000","225","1","苗栗縣","泰安鄉","120.945","24.470","263"
"153","323976","20220710050000","188","0","苗栗縣","泰安鄉","120.975","24.470","157"
"34","323977","20220710050000","26","2","苗栗縣","泰安鄉","120.980","24.470","28"
"132","324020","20220710050000","69","3","苗栗縣","泰安鄉","120.965","24.480","62"
"75","324112","20220710050000","59","2","苗栗縣","獅潭鄉","120.910","24.505","70"
"15","324115","20220710050000","109","0","苗栗縣","獅潭鄉","120.925","24.505","15"
"42","324130","20220710050000","27","3","苗栗縣","獅潭鄉","120.910","24.510","50"
"38","324167","20220710050000","55","0","苗栗縣","獅潭鄉","120.935","24.515","38"
"298","324200","20220710050000","165","3","苗栗縣","獅潭鄉","120.920","24.540","281"
"120","324206","20220710050000","93","2","苗栗縣","獅潭鄉","120.950","24.540","129"
"120","324257","20220710050000","121","0","苗栗縣","獅潭鄉","120.935","24.555","107"
"153","324281","20220710050000","127","2","苗栗縣","獅潭鄉","120.910","24.465","169"
"255","324285","20220710050000","272","0","苗栗縣","獅潭鄉","120.880","24.470","258"
"40","324297","20220710050000","55","0","苗栗縣","獅潭鄉","120.915","24.475","47"
"105","324301","20220710050000","99","1","苗栗縣","獅潭鄉","120.900","24.485","89"
"75","324306","20220710050000","55","2","苗栗縣","獅潭鄉","120.900","24.490","76"
"232","324349","20220710050000","197","1","苗栗縣","泰安鄉","120.945","24.485","189"
"36","324420","20220710050000","31","1","苗栗縣","泰安鄉","121.205","24.465","36"
"11","324615","20220710050000","22","0","苗栗縣","泰安鄉","121.070","24.495","20"
"15","324700","20220710050000","13","1","苗栗縣","通霄鎮","120.700","24.505","13"
"33","324701","20220710050000","24","2","苗栗縣","通霄鎮","120.705","24.505","30"
"85","324706","20220710050000","67","2","苗栗縣","通霄鎮","120.715","24.510","80"
"79","324721","20220710050000","82","0","苗栗縣","西湖鄉","120.780","24.550","84"
"116","324736","20220710050000","60","3","苗栗縣","西湖鄉","120.755","24.495","131"
"37","324766","20220710050000","16","3","苗栗縣","西湖鄉","120.785","24.540","31"
"69","324767","20220710050000","33","3","苗栗縣","西湖鄉","120.755","24.545","61"
"30","324782","20220710050000","30","1","苗栗縣","通霄鎮","120.680","24.465","35"
"496","324784","20220710050000","483","1","苗栗縣","通霄鎮","120.665","24.470","465"
"85","324791","20220710050000","945","0","苗栗縣","通霄鎮","120.675","24.475","79"
"307","324812","20220710050000","330","0","苗栗縣","通霄鎮","120.710","24.555","284"
"16","324828","20220710050000","19","0","苗栗縣","通霄鎮","120.700","24.500","18"
"33","324833","20220710050000","197","0","苗栗縣","通霄鎮","120.710","24.505","33"
"129","324841","20220710050000","99","2","苗栗縣","通霄鎮","120.705","24.475","125"
"18","324850","20220710050000","31","0","苗栗縣","通霄鎮","120.715","24.480","18"
"54","324851","20220710050000","67","0","苗栗縣","通霄鎮","120.720","24.480","70"
"340","324858","20220710050000","204","3","苗栗縣","通霄鎮","120.720","24.465","292"
"96","324872","20220710050000","73","2","苗栗縣","通霄鎮","120.685","24.485","90"
"40","324877","20220710050000","798","0","苗栗縣","通霄鎮","120.690","24.495","47"
"26","324879","20220710050000","299","0","苗栗縣","通霄鎮","120.695","24.500","30"
"78","328071","20220710050000","64","2","宜蘭縣","蘇澳鎮","121.860","24.600","59"
"198","328073","20220710050000","58","3","宜蘭縣","蘇澳鎮","121.870","24.600","164"
"614","328074","20220710050000","161","3","宜蘭縣","蘇澳鎮","121.880","24.600","615"
"50","328390","20220710050000","44","1","宜蘭縣","蘇澳鎮","121.880","24.605","42"
"308","331880","20220710050000","319","0","宜蘭縣","冬山鄉","121.750","24.645","293"
"30","331921","20220710050000","12","3","宜蘭縣","南澳鄉","121.805","24.555","22"
"1395","332115","20220710050000","1170","1","宜蘭縣","蘇澳鎮","121.865","24.580","1386"
"126","332120","20220710050000","82","3","宜蘭縣","冬山鄉","121.815","24.630","125"
"145","332121","20220710050000","89","3","宜蘭縣","蘇澳鎮","121.820","24.625","142"
"664","332122","20220710050000","649","1","宜蘭縣","冬山鄉","121.810","24.630","640"
"240","332124","20220710050000","167","2","宜蘭縣","冬山鄉","121.820","24.630","250"
"439","332146","20220710050000","374","1","宜蘭縣","冬山鄉","121.710","24.635","414"
"82","332175","20220710050000","91","0","宜蘭縣","冬山鄉","121.765","24.620","80"
"698","332186","20220710050000","599","1","宜蘭縣","冬山鄉","121.770","24.630","708"
"477","332216","20220710050000","543","0","宜蘭縣","冬山鄉","121.785","24.625","524"
"317","332233","20220710050000","354","0","宜蘭縣","冬山鄉","121.730","24.650","316"
"300","332244","20220710050000","207","2","宜蘭縣","冬山鄉","121.805","24.625","275"
"13","332340","20220710050000","13","1","宜蘭縣","大同鄉","121.495","24.570","13"
"47","332362","20220710050000","22","3","宜蘭縣","大同鄉","121.480","24.575","54"
"146","332385","20220710050000","100","2","宜蘭縣","大同鄉","121.495","24.580","111"
"33","332698","20220710050000","27","2","宜蘭縣","大同鄉","121.685","24.610","26"
"243","332699","20220710050000","165","2","宜蘭縣","大同鄉","121.690","24.610","244"
"31","332745","20220710050000","113","0","宜蘭縣","大同鄉","121.685","24.625","29"
"16","332848","20220710050000","16","1","宜蘭縣","大同鄉","121.635","24.615","17"
"21","332886","20220710050000","23","0","宜蘭縣","大同鄉","121.590","24.630","11"
"98","332889","20220710050000","85","1","宜蘭縣","大同鄉","121.605","24.630","78"
"26","332899","20220710050000","20","2","宜蘭縣","三星鄉","121.605","24.635","32"
"122","332902","20220710050000","106","1","宜蘭縣","大同鄉","121.560","24.640","99"
"95","333040","20220710050000","120","0","宜蘭縣","大同鄉","121.530","24.595","91"
"15","333196","20220710050000","67","0","宜蘭縣","大同鄉","121.525","24.610","15"
"115","333282","20220710050000","118","0","宜蘭縣","大同鄉","121.525","24.630","109"
"24","333283","20220710050000","16","3","宜蘭縣","大同鄉","121.530","24.630","24"
"41","333296","20220710050000","17","3","宜蘭縣","大同鄉","121.490","24.635","41"
"21","333369","20220710050000","16","2","宜蘭縣","大同鄉","121.475","24.650","25"
"194","333370","20220710050000","70","3","宜蘭縣","大同鄉","121.480","24.650","154"
"250","333450","20220710050000","503","0","宜蘭縣","蘇澳鎮","121.870","24.580","361"
"486","333451","20220710050000","607","0","宜蘭縣","蘇澳鎮","121.875","24.580","560"
"1140","333457","20220710050000","929","2","宜蘭縣","蘇澳鎮","121.855","24.595","1162"
"46","333458","20220710050000","45","1","宜蘭縣","蘇澳鎮","121.875","24.600","96"
"10","333460","20220710050000","10","1","宜蘭縣","蘇澳鎮","121.860","24.605","10"
"42","333462","20220710050000","37","1","宜蘭縣","蘇澳鎮","121.870","24.605","44"
"10","333463","20220710050000","39","0","宜蘭縣","蘇澳鎮","121.875","24.605","19"
"652","333474","20220710050000","392","3","宜蘭縣","蘇澳鎮","121.835","24.590","653"
"1078","333478","20220710050000","1150","0","宜蘭縣","蘇澳鎮","121.835","24.595","1081"
"362","333479","20220710050000","316","1","宜蘭縣","蘇澳鎮","121.840","24.595","323"
"169","333488","20220710050000","113","2","宜蘭縣","蘇澳鎮","121.835","24.605","172"
"46","333492","20220710050000","44","1","宜蘭縣","蘇澳鎮","121.830","24.610","41"
"681","333495","20220710050000","522","2","宜蘭縣","蘇澳鎮","121.830","24.615","635"
"702","333504","20220710050000","661","1","宜蘭縣","五結鄉","121.835","24.650","759"
"440","333511","20220710050000","280","3","宜蘭縣","冬山鄉","121.795","24.640","361"
"49","333515","20220710050000","54","0","宜蘭縣","冬山鄉","121.780","24.650","46"
"256","333516","20220710050000","170","3","宜蘭縣","冬山鄉","121.785","24.650","243"
"646","333519","20220710050000","578","1","宜蘭縣","蘇澳鎮","121.835","24.620","650"
"1749","333520","20220710050000","1618","1","宜蘭縣","蘇澳鎮","121.840","24.620","1799"
"139","333521","20220710050000","102","2","宜蘭縣","蘇澳鎮","121.845","24.620","129"
"395","333522","20220710050000","386","1","宜蘭縣","蘇澳鎮","121.835","24.625","416"
"31","333545","20220710050000","44","0","宜蘭縣","蘇澳鎮","121.845","24.565","30"
"185","333557","20220710050000","161","1","宜蘭縣","蘇澳鎮","121.840","24.575","174"
"19","333558","20220710050000","16","1","宜蘭縣","蘇澳鎮","121.845","24.575","13"
"166","333564","20220710050000","236","0","宜蘭縣","蘇澳鎮","121.855","24.605","179"
"90","333566","20220710050000","79","1","宜蘭縣","蘇澳鎮","121.850","24.610","114"
"580","333569","20220710050000","520","1","宜蘭縣","蘇澳鎮","121.850","24.615","580"
"508","333653","20220710050000","447","1","宜蘭縣","三星鄉","121.615","24.650","487"
"727","333661","20220710050000","575","2","宜蘭縣","冬山鄉","121.805","24.640","734"
"137","333695","20220710050000","91","3","宜蘭縣","蘇澳鎮","121.850","24.575","157"
"18","333704","20220710050000","19","0","宜蘭縣","蘇澳鎮","121.845","24.580","17"
"46","333737","20220710050000","32","2","宜蘭縣","蘇澳鎮","121.815","24.610","38"
"153","333739","20220710050000","139","1","宜蘭縣","蘇澳鎮","121.815","24.615","166"
"62","333741","20220710050000","51","2","宜蘭縣","蘇澳鎮","121.825","24.615","61"
"402","333742","20220710050000","325","2","宜蘭縣","蘇澳鎮","121.815","24.620","396"
"226","333747","20220710050000","157","2","宜蘭縣","蘇澳鎮","121.830","24.625","203"
"1043","333751","20220710050000","962","1","宜蘭縣","冬山鄉","121.765","24.650","1060"
"265","333753","20220710050000","417","0","宜蘭縣","冬山鄉","121.795","24.630","272"
"626","333754","20220710050000","591","1","宜蘭縣","冬山鄉","121.800","24.630","658"
"98","333764","20220710050000","61","3","宜蘭縣","冬山鄉","121.725","24.625","63"
"52","333769","20220710050000","32","3","宜蘭縣","冬山鄉","121.750","24.625","40"
"31","333770","20220710050000","26","1","宜蘭縣","冬山鄉","121.760","24.625","48"
"22","333774","20220710050000","63","0","宜蘭縣","冬山鄉","121.740","24.630","16"
"135","333781","20220710050000","171","0","宜蘭縣","冬山鄉","121.750","24.635","124"
"199","333789","20220710050000","181","1","宜蘭縣","冬山鄉","121.765","24.640","220"
"113","333791","20220710050000","107","1","宜蘭縣","冬山鄉","121.760","24.645","90"
"937","333802","20220710050000","780","2","宜蘭縣","冬山鄉","121.790","24.635","988"
"1398","333804","20220710050000","1055","2","宜蘭縣","冬山鄉","121.795","24.635","1410"
"11","333808","20220710050000","12","0","宜蘭縣","蘇澳鎮","121.845","24.635","17"
"997","333809","20220710050000","374","3","宜蘭縣","蘇澳鎮","121.835","24.640","1042"
"63","333810","20220710050000","83","0","宜蘭縣","蘇澳鎮","121.840","24.640","63"
"727","333814","20220710050000","609","1","宜蘭縣","蘇澳鎮","121.830","24.630","696"
"689","333818","20220710050000","512","2","宜蘭縣","蘇澳鎮","121.830","24.640","733"
"710","333821","20220710050000","647","1","宜蘭縣","蘇澳鎮","121.830","24.645","701"
"38","333875","20220710050000","53","0","新竹縣","北埔鄉","121.060","24.635","30"
"33","333893","20220710050000","20","3","新竹縣","北埔鄉","121.065","24.645","50"
"155","333899","20220710050000","132","1","新竹縣","竹東鎮","121.095","24.645","249"
"29","334058","20220710050000","18","3","新竹縣","尖石鄉","121.365","24.575","18"
"253","334213","20220710050000","95","3","新竹縣","尖石鄉","121.340","24.650","203"
"106","334309","20220710050000","55","3","新竹縣","尖石鄉","121.310","24.570","87"
"18","334343","20220710050000","11","3","新竹縣","尖石鄉","121.335","24.575","13"
"205","334366","20220710050000","138","2","新竹縣","尖石鄉","121.305","24.580","178"
"109","334372","20220710050000","57","3","新竹縣","尖石鄉","121.335","24.580","105"
"37","334487","20220710050000","46","0","新竹縣","尖石鄉","121.290","24.605","58"
"431","334532","20220710050000","322","2","新竹縣","尖石鄉","121.295","24.610","388"
"57","334547","20220710050000","80","0","新竹縣","尖石鄉","121.285","24.615","52"
"48","334623","20220710050000","39","2","新竹縣","尖石鄉","121.275","24.640","54"
"35","334698","20220710050000","48","0","新竹縣","峨眉鄉","121.025","24.655","53"
"113","334723","20220710050000","82","2","宜蘭縣","蘇澳鎮","121.840","24.590","111"
"83","334725","20220710050000","60","2","宜蘭縣","蘇澳鎮","121.850","24.590","78"
"732","334726","20220710050000","753","0","宜蘭縣","蘇澳鎮","121.845","24.595","745"
"55","334737","20220710050000","59","0","新竹縣","五峰鄉","121.090","24.605","73"
"38","334763","20220710050000","30","2","新竹縣","五峰鄉","121.105","24.615","33"
"76","334770","20220710050000","69","1","新竹縣","五峰鄉","121.085","24.625","58"
"140","334783","20220710050000","123","1","新竹縣","五峰鄉","121.120","24.630","164"
"630","334790","20220710050000","675","0","新竹縣","五峰鄉","121.100","24.640","830"
"61","334829","20220710050000","35","3","新竹縣","五峰鄉","121.090","24.565","47"
"22","334833","20220710050000","28","0","新竹縣","五峰鄉","121.110","24.565","41"
"13","334853","20220710050000","20","0","新竹縣","五峰鄉","121.085","24.575","15"
"13","334864","20220710050000","16","0","新竹縣","五峰鄉","121.085","24.580","14"
"84","334868","20220710050000","74","1","新竹縣","五峰鄉","121.105","24.580","114"
"19","334869","20220710050000","30","0","新竹縣","五峰鄉","121.110","24.580","31"
"138","334891","20220710050000","110","2","新竹縣","五峰鄉","121.115","24.590","158"
"157","334969","20220710050000","163","0","新竹縣","五峰鄉","121.125","24.590","98"
"142","335076","20220710050000","74","3","新竹縣","五峰鄉","121.155","24.610","152"
"82","335109","20220710050000","72","1","新竹縣","五峰鄉","121.110","24.620","103"
"20","335134","20220710050000","26","0","新竹縣","五峰鄉","121.145","24.625","20"
"83","335187","20220710050000","106","0","新竹縣","五峰鄉","121.150","24.645","90"
"138","335195","20220710050000","110","2","新竹縣","竹東鎮","121.125","24.650","164"
"44","335200","20220710050000","86","0","新竹縣","五峰鄉","121.150","24.650","38"
"277","335230","20220710050000","319","0","新竹縣","五峰鄉","121.180","24.655","306"
"419","335366","20220710050000","211","3","桃園市","復興區","121.400","24.640","370"
"38","335480","20220710050000","29","2","苗栗縣","三灣鄉","120.960","24.610","34"
"103","335520","20220710050000","102","1","苗栗縣","三灣鄉","120.925","24.640","104"
"323","335553","20220710050000","417","0","苗栗縣","三灣鄉","121.005","24.645","356"
"92","335569","20220710050000","949","0","苗栗縣","三灣鄉","120.955","24.650","84"
"41","335581","20220710050000","29","2","苗栗縣","三灣鄉","120.945","24.655","47"
"190","335594","20220710050000","81","3","苗栗縣","三灣鄉","120.975","24.645","216"
"214","335619","20220710050000","145","2","苗栗縣","三灣鄉","120.905","24.625","197"
"372","335630","20220710050000","278","2","苗栗縣","後龍鎮","120.770","24.615","368"
"81","335632","20220710050000","61","2","苗栗縣","後龍鎮","120.765","24.620","72"
"350","335635","20220710050000","417","0","苗栗縣","後龍鎮","120.780","24.620","344"
"28","335639","20220710050000","455","0","苗栗縣","後龍鎮","120.780","24.625","31"
"429","335647","20220710050000","541","0","苗栗縣","苗栗市","120.830","24.560","435"
"258","335648","20220710050000","217","1","苗栗縣","苗栗市","120.835","24.560","267"
"805","335652","20220710050000","658","2","苗栗縣","苗栗市","120.825","24.585","778"
"92","335655","20220710050000","128","0","苗栗縣","苗栗市","120.815","24.595","106"
"181","335657","20220710050000","134","2","苗栗縣","苗栗市","120.825","24.595","176"
"789","335658","20220710050000","318","3","苗栗縣","苗栗市","120.825","24.575","780"
"1624","335660","20220710050000","1570","1","苗栗縣","苗栗市","120.825","24.580","1625"
"275","335662","20220710050000","251","1","苗栗縣","苗栗市","120.810","24.560","267"
"1670","335663","20220710050000","2004","0","苗栗縣","苗栗市","120.815","24.560","1599"
"12","335664","20220710050000","164","0","苗栗縣","苗栗市","120.805","24.565","12"
"194","335666","20220710050000","260","0","苗栗縣","通霄鎮","120.715","24.560","199"
"75","335669","20220710050000","78","0","苗栗縣","通霄鎮","120.715","24.565","70"
"136","335671","20220710050000","187","0","苗栗縣","通霄鎮","120.710","24.570","129"
"178","335675","20220710050000","221","0","苗栗縣","通霄鎮","120.710","24.565","163"
"181","335689","20220710050000","193","0","苗栗縣","南庄鄉","121.005","24.615","173"
"173","335701","20220710050000","113","3","苗栗縣","南庄鄉","121.010","24.635","166"
"1783","335706","20220710050000","1915","0","苗栗縣","苗栗市","120.820","24.565","1842"
"107","335707","20220710050000","910","0","苗栗縣","苗栗市","120.820","24.570","101"
"457","335708","20220710050000","384","1","苗栗縣","苗栗市","120.820","24.575","341"
"531","335717","20220710050000","486","1","苗栗縣","後龍鎮","120.775","24.650","537"
"22","335748","20220710050000","322","0","苗栗縣","南庄鄉","120.985","24.635","18"
"1091","335753","20220710050000","634","3","苗栗縣","苗栗市","120.830","24.575","1077"
"271","335754","20220710050000","112","3","苗栗縣","苗栗市","120.830","24.580","270"
"64","335762","20220710050000","1905","0","苗栗縣","苗栗市","120.830","24.570","59"
"1034","335763","20220710050000","839","2","苗栗縣","苗栗市","120.835","24.570","1039"
"25","335766","20220710050000","149","0","苗栗縣","苗栗市","120.840","24.575","26"
"557","335767","20220710050000","285","3","苗栗縣","苗栗市","120.835","24.580","502"
"314","335776","20220710050000","326","0","苗栗縣","頭屋鄉","120.845","24.595","303"
"72","335787","20220710050000","51","2","苗栗縣","頭屋鄉","120.860","24.570","60"
"316","335795","20220710050000","182","3","苗栗縣","頭屋鄉","120.855","24.580","320"
"178","335796","20220710050000","185","0","苗栗縣","頭屋鄉","120.860","24.580","170"
"25","335799","20220710050000","312","0","苗栗縣","頭屋鄉","120.875","24.580","33"
"30","335801","20220710050000","250","0","苗栗縣","頭屋鄉","120.850","24.570","23"
"72","335802","20220710050000","55","2","苗栗縣","頭屋鄉","120.855","24.570","64"
"467","335804","20220710050000","409","1","苗栗縣","頭屋鄉","120.850","24.575","433"
"79","335805","20220710050000","253","0","苗栗縣","頭屋鄉","120.855","24.575","67"
"138","335817","20220710050000","130","1","苗栗縣","後龍鎮","120.730","24.590","149"
"196","335832","20220710050000","164","1","苗栗縣","後龍鎮","120.735","24.605","158"
"11","335881","20220710050000","341","0","苗栗縣","南庄鄉","120.985","24.570","10"
"105","335884","20220710050000","199","0","苗栗縣","南庄鄉","121.000","24.570","110"
"16","335915","20220710050000","255","0","苗栗縣","南庄鄉","120.995","24.585","10"
"218","335931","20220710050000","278","0","苗栗縣","南庄鄉","121.015","24.595","253"
"422","335948","20220710050000","468","0","苗栗縣","南庄鄉","120.955","24.640","446"
"454","335954","20220710050000","444","1","苗栗縣","南庄鄉","121.000","24.600","466"
"548","335959","20220710050000","540","1","苗栗縣","南庄鄉","121.000","24.605","529"
"45","336014","20220710050000","53","0","苗栗縣","南庄鄉","121.035","24.585","41"
"10","336050","20220710050000","147","0","苗栗縣","南庄鄉","121.040","24.600","16"
"314","336097","20220710050000","277","1","苗栗縣","南庄鄉","121.035","24.620","296"
"68","336103","20220710050000","86","0","苗栗縣","南庄鄉","121.020","24.620","82"
"37","336149","20220710050000","206","0","苗栗縣","頭屋鄉","120.890","24.585","34"
"187","336180","20220710050000","156","1","苗栗縣","頭屋鄉","120.885","24.600","183"
"243","336185","20220710050000","233","1","苗栗縣","頭屋鄉","120.845","24.560","209"
"25","336218","20220710050000","47","0","苗栗縣","頭屋鄉","120.895","24.570","21"
"38","336244","20220710050000","317","0","苗栗縣","頭份鎮","120.880","24.645","32"
"191","336248","20220710050000","179","1","苗栗縣","頭份鎮","120.880","24.650","196"
"514","336249","20220710050000","399","2","苗栗縣","頭份鎮","120.885","24.650","507"
"801","336266","20220710050000","808","0","苗栗縣","後龍鎮","120.785","24.610","829"
"329","336274","20220710050000","299","1","苗栗縣","後龍鎮","120.820","24.615","328"
"40","336275","20220710050000","20","3","苗栗縣","後龍鎮","120.825","24.615","38"
"590","336278","20220710050000","535","1","苗栗縣","後龍鎮","120.810","24.620","586"
"147","336282","20220710050000","166","0","苗栗縣","造橋鄉","120.815","24.625","159"
"1887","336283","20220710050000","1376","2","苗栗縣","苗栗市","120.810","24.565","1876"
"1457","336284","20220710050000","1022","2","苗栗縣","苗栗市","120.815","24.565","1459"
"191","336285","20220710050000","178","1","苗栗縣","苗栗市","120.805","24.570","198"
"21","336287","20220710050000","334","0","苗栗縣","苗栗市","120.815","24.570","26"
"64","336288","20220710050000","67","0","苗栗縣","苗栗市","120.810","24.575","60"
"404","336292","20220710050000","369","1","苗栗縣","苗栗市","120.810","24.585","396"
"184","336295","20220710050000","158","1","苗栗縣","苗栗市","120.810","24.590","187"
"33","336306","20220710050000","20","3","苗栗縣","苗栗市","120.790","24.570","24"
"14","336318","20220710050000","19","0","苗栗縣","苗栗市","120.795","24.580","18"
"25","336323","20220710050000","45","0","苗栗縣","苗栗市","120.795","24.585","23"
"505","336331","20220710050000","1077","0","苗栗縣","苗栗市","120.825","24.570","467"
"103","336352","20220710050000","630","0","苗栗縣","後龍鎮","120.805","24.645","93"
"170","336359","20220710050000","106","3","苗栗縣","後龍鎮","120.805","24.650","181"
"2019","336369","20220710050000","1455","2","苗栗縣","後龍鎮","120.790","24.610","1979"
"93","336376","20220710050000","442","0","苗栗縣","後龍鎮","120.810","24.610","85"
"146","336382","20220710050000","155","0","苗栗縣","後龍鎮","120.800","24.625","147"
"144","336386","20220710050000","127","1","苗栗縣","後龍鎮","120.800","24.630","149"
"292","336390","20220710050000","246","1","苗栗縣","後龍鎮","120.800","24.635","294"
"103","336395","20220710050000","76","2","苗栗縣","後龍鎮","120.825","24.605","102"
"185","336400","20220710050000","221","0","苗栗縣","後龍鎮","120.825","24.610","164"
"41","336426","20220710050000","355","0","苗栗縣","造橋鄉","120.890","24.620","41"
"131","336440","20220710050000","102","2","苗栗縣","造橋鄉","120.925","24.600","125"
"79","336466","20220710050000","52","3","苗栗縣","造橋鄉","120.910","24.620","86"
"38","336470","20220710050000","123","0","苗栗縣","造橋鄉","120.865","24.605","32"
"19","336489","20220710050000","21","0","苗栗縣","造橋鄉","120.870","24.615","21"
"70","336492","20220710050000","74","0","苗栗縣","造橋鄉","120.855","24.620","77"
"40","336494","20220710050000","20","3","苗栗縣","造橋鄉","120.865","24.620","35"
"21","336501","20220710050000","155","0","苗栗縣","造橋鄉","120.865","24.630","20"
"34","336504","20220710050000","24","2","苗栗縣","造橋鄉","120.860","24.645","34"
"234","336507","20220710050000","183","2","苗栗縣","造橋鄉","120.870","24.650","229"
"309","336511","20220710050000","120","3","苗栗縣","造橋鄉","120.860","24.655","298"
"173","336512","20220710050000","61","3","苗栗縣","造橋鄉","120.865","24.655","119"
"208","336520","20220710050000","94","3","苗栗縣","造橋鄉","120.850","24.645","212"
"212","336523","20220710050000","192","1","苗栗縣","造橋鄉","120.845","24.650","222"
"107","336526","20220710050000","130","0","苗栗縣","造橋鄉","120.840","24.650","111"
"77","336531","20220710050000","95","0","苗栗縣","造橋鄉","120.855","24.655","90"
"208","336542","20220710050000","196","1","苗栗縣","造橋鄉","120.840","24.610","185"
"51","336546","20220710050000","27","3","苗栗縣","造橋鄉","120.840","24.615","49"
"20","336549","20220710050000","28","0","苗栗縣","造橋鄉","120.830","24.620","23"
"189","336556","20220710050000","108","3","苗栗縣","造橋鄉","120.840","24.625","131"
"39","336559","20220710050000","33","1","苗栗縣","造橋鄉","120.855","24.625","40"
"53","336569","20220710050000","48","1","苗栗縣","造橋鄉","120.860","24.640","67"
"299","336572","20220710050000","336","0","苗栗縣","造橋鄉","120.875","24.640","302"
"210","336573","20220710050000","141","2","苗栗縣","造橋鄉","120.865","24.645","209"
"100","336574","20220710050000","97","1","苗栗縣","造橋鄉","120.870","24.645","96"
"52","336587","20220710050000","37","2","苗栗縣","造橋鄉","120.820","24.630","57"
"14","336594","20220710050000","23","0","苗栗縣","造橋鄉","120.835","24.635","14"
"38","336604","20220710050000","25","3","苗栗縣","造橋鄉","120.840","24.645","25"
"114","336605","20220710050000","56","3","苗栗縣","造橋鄉","120.830","24.650","132"
"74","336610","20220710050000","66","1","苗栗縣","造橋鄉","120.840","24.655","70"
"421","336662","20220710050000","324","2","苗栗縣","獅潭鄉","120.940","24.590","395"
"1282","336672","20220710050000","906","2","苗栗縣","頭份鎮","120.890","24.625","1307"
"273","336679","20220710050000","224","2","苗栗縣","頭份鎮","120.885","24.635","299"
"200","336689","20220710050000","89","3","苗栗縣","頭份鎮","120.885","24.645","214"
"24","336694","20220710050000","19","2","苗栗縣","頭份鎮","120.905","24.650","26"
"176","336696","20220710050000","105","3","苗栗縣","後龍鎮","120.815","24.635","163"
"151","336716","20220710050000","183","0","苗栗縣","後龍鎮","120.765","24.590","93"
"180","336717","20220710050000","83","3","苗栗縣","後龍鎮","120.750","24.595","181"
"206","336734","20220710050000","161","2","苗栗縣","後龍鎮","120.760","24.635","181"
"23","336737","20220710050000","30","0","苗栗縣","後龍鎮","120.775","24.635","27"
"134","336741","20220710050000","151","0","苗栗縣","後龍鎮","120.770","24.640","140"
"412","336749","20220710050000","419","0","苗栗縣","後龍鎮","120.825","24.600","405"
"351","336751","20220710050000","318","1","苗栗縣","後龍鎮","120.815","24.605","329"
"127","336767","20220710050000","165","0","苗栗縣","後龍鎮","120.790","24.590","137"
"43","336777","20220710050000","351","0","苗栗縣","後龍鎮","120.780","24.600","48"
"208","336816","20220710050000","317","0","苗栗縣","西湖鄉","120.755","24.560","210"
"437","336818","20220710050000","329","2","苗栗縣","西湖鄉","120.755","24.565","394"
"40","336841","20220710050000","654","0","苗栗縣","後龍鎮","120.790","24.615","35"
"266","336849","20220710050000","267","0","苗栗縣","後龍鎮","120.735","24.570","255"
"90","336860","20220710050000","63","2","苗栗縣","後龍鎮","120.715","24.585","60"
"84","336867","20220710050000","67","2","苗栗縣","後龍鎮","120.725","24.590","62"
"24","336873","20220710050000","11","3","苗栗縣","後龍鎮","120.725","24.600","13"
"1279","345384","20220710050000","939","2","宜蘭縣","員山鄉","121.730","24.730","1269"
"792","345386","20220710050000","391","3","宜蘭縣","冬山鄉","121.750","24.655","782"
"1008","345394","20220710050000","910","1","宜蘭縣","員山鄉","121.725","24.740","1033"
"905","345398","20220710050000","764","1","宜蘭縣","員山鄉","121.725","24.745","898"
"220","345405","20220710050000","182","2","宜蘭縣","員山鄉","121.705","24.730","189"
"354","345413","20220710050000","116","3","宜蘭縣","員山鄉","121.715","24.735","312"
"407","345414","20220710050000","423","0","宜蘭縣","員山鄉","121.720","24.735","416"
"21","345418","20220710050000","728","0","宜蘭縣","宜蘭市","121.760","24.755","23"
"999","345419","20220710050000","1470","0","宜蘭縣","宜蘭市","121.755","24.755","977"
"344","345420","20220710050000","278","2","宜蘭縣","員山鄉","121.730","24.710","316"
"693","345431","20220710050000","527","2","宜蘭縣","宜蘭市","121.740","24.725","697"
"68","345442","20220710050000","62","1","宜蘭縣","員山鄉","121.630","24.690","69"
"26","345460","20220710050000","39","0","宜蘭縣","員山鄉","121.645","24.700","23"
"109","345472","20220710050000","78","2","宜蘭縣","員山鄉","121.645","24.705","102"
"58","345493","20220710050000","57","1","宜蘭縣","員山鄉","121.665","24.710","53"
"51","345545","20220710050000","38","2","宜蘭縣","員山鄉","121.680","24.715","49"
"363","345546","20220710050000","279","2","宜蘭縣","員山鄉","121.685","24.715","391"
"461","345550","20220710050000","342","2","宜蘭縣","員山鄉","121.685","24.720","428"
"1390","345564","20220710050000","818","3","宜蘭縣","冬山鄉","121.705","24.655","1161"
"530","345567","20220710050000","331","3","宜蘭縣","冬山鄉","121.745","24.670","516"
"36","345571","20220710050000","490","0","宜蘭縣","羅東鎮","121.750","24.685","32"
"536","345575","20220710050000","324","3","宜蘭縣","冬山鄉","121.735","24.660","495"
"535","345579","20220710050000","423","2","宜蘭縣","冬山鄉","121.745","24.665","538"
"597","345580","20220710050000","229","3","宜蘭縣","冬山鄉","121.750","24.670","646"
"550","345593","20220710050000","326","3","宜蘭縣","冬山鄉","121.735","24.680","486"
"498","345596","20220710050000","311","3","宜蘭縣","冬山鄉","121.730","24.685","430"
"622","345600","20220710050000","175","3","宜蘭縣","冬山鄉","121.740","24.690","591"
"281","345608","20220710050000","216","2","宜蘭縣","壯圍鄉","121.780","24.725","291"
"621","345621","20220710050000","279","3","宜蘭縣","宜蘭市","121.755","24.765","627"
"252","345623","20220710050000","169","2","宜蘭縣","三星鄉","121.685","24.700","251"
"277","345646","20220710050000","235","1","宜蘭縣","五結鄉","121.775","24.700","286"
"59","345649","20220710050000","269","0","宜蘭縣","五結鄉","121.790","24.700","48"
"303","345652","20220710050000","227","2","宜蘭縣","五結鄉","121.785","24.705","345"
"332","345678","20220710050000","297","1","宜蘭縣","三星鄉","121.675","24.685","333"
"164","345685","20220710050000","128","2","宜蘭縣","三星鄉","121.670","24.690","175"
"44","345695","20220710050000","122","0","宜蘭縣","三星鄉","121.685","24.695","35"
"450","345711","20220710050000","243","3","宜蘭縣","三星鄉","121.630","24.665","342"
"1019","345715","20220710050000","1064","0","宜蘭縣","宜蘭市","121.755","24.760","932"
"592","345716","20220710050000","424","2","宜蘭縣","三星鄉","121.655","24.670","585"
"1537","345720","20220710050000","1305","1","宜蘭縣","三星鄉","121.650","24.665","1509"
"1041","345726","20220710050000","1108","0","宜蘭縣","壯圍鄉","121.815","24.760","1023"
"487","345731","20220710050000","329","2","宜蘭縣","大同鄉","121.600","24.675","367"
"19","345816","20220710050000","109","0","宜蘭縣","大同鄉","121.605","24.700","11"
"165","345857","20220710050000","145","1","宜蘭縣","大同鄉","121.580","24.655","144"
"236","345897","20220710050000","147","3","宜蘭縣","大同鄉","121.590","24.665","209"
"100","345918","20220710050000","92","1","宜蘭縣","大同鄉","121.590","24.670","78"
"383","345998","20220710050000","429","0","宜蘭縣","宜蘭市","121.745","24.760","399"
"450","346004","20220710050000","440","1","宜蘭縣","壯圍鄉","121.820","24.725","458"
"547","346010","20220710050000","543","1","宜蘭縣","員山鄉","121.685","24.730","576"
"508","346029","20220710050000","195","3","宜蘭縣","員山鄉","121.705","24.710","494"
"178","346033","20220710050000","115","3","宜蘭縣","員山鄉","121.725","24.710","146"
"1168","346041","20220710050000","848","2","宜蘭縣","員山鄉","121.720","24.725","1176"
"353","346048","20220710050000","254","2","宜蘭縣","員山鄉","121.700","24.745","353"
"27","346150","20220710050000","24","1","宜蘭縣","員山鄉","121.670","24.745","26"
"319","346153","20220710050000","229","2","宜蘭縣","員山鄉","121.685","24.745","339"
"47","346184","20220710050000","49","0","宜蘭縣","員山鄉","121.640","24.755","43"
"214","346231","20220710050000","177","2","宜蘭縣","冬山鄉","121.790","24.655","232"
"597","346234","20220710050000","458","2","宜蘭縣","冬山鄉","121.805","24.655","617"
"730","346247","20220710050000","701","1","宜蘭縣","羅東鎮","121.775","24.685","733"
"314","346248","20220710050000","337","0","宜蘭縣","五結鄉","121.775","24.690","349"
"966","346251","20220710050000","525","3","宜蘭縣","五結鄉","121.770","24.695","916"
"403","346252","20220710050000","306","2","宜蘭縣","五結鄉","121.775","24.695","411"
"2914","346254","20220710050000","2536","1","宜蘭縣","羅東鎮","121.770","24.680","2847"
"37","346256","20220710050000","34","1","宜蘭縣","員山鄉","121.720","24.760","38"
"2997","346259","20220710050000","2093","2","宜蘭縣","五結鄉","121.770","24.705","2973"
"1179","346261","20220710050000","396","3","宜蘭縣","五結鄉","121.785","24.685","1207"
"2055","346263","20220710050000","1839","1","宜蘭縣","五結鄉","121.795","24.685","2059"
"1111","346264","20220710050000","968","1","宜蘭縣","五結鄉","121.800","24.685","1112"
"1503","346266","20220710050000","1307","1","宜蘭縣","五結鄉","121.795","24.690","1463"
"840","346267","20220710050000","733","1","宜蘭縣","五結鄉","121.795","24.695","851"
"1052","346274","20220710050000","1198","0","宜蘭縣","五結鄉","121.820","24.665","1142"
"15","346275","20220710050000","15","1","宜蘭縣","五結鄉","121.825","24.665","51"
"957","346280","20220710050000","470","3","宜蘭縣","五結鄉","121.810","24.675","947"
"194","346281","20220710050000","154","2","宜蘭縣","五結鄉","121.815","24.675","202"
"713","346284","20220710050000","534","2","宜蘭縣","五結鄉","121.815","24.680","668"
"231","346286","20220710050000","145","3","宜蘭縣","五結鄉","121.800","24.680","222"
"52","346292","20220710050000","225","0","宜蘭縣","壯圍鄉","121.795","24.760","48"
"23","346296","20220710050000","19","2","宜蘭縣","三星鄉","121.665","24.675","20"
"18","346343","20220710050000","15","2","宜蘭縣","三星鄉","121.700","24.695","17"
"295","346360","20220710050000","330","0","宜蘭縣","壯圍鄉","121.815","24.745","310"
"42","346378","20220710050000","25","3","宜蘭縣","壯圍鄉","121.805","24.765","45"
"2051","346379","20220710050000","2153","0","宜蘭縣","宜蘭市","121.750","24.750","1999"
"554","346389","20220710050000","385","2","宜蘭縣","五結鄉","121.810","24.700","544"
"276","346394","20220710050000","151","3","宜蘭縣","五結鄉","121.830","24.675","308"
"604","346399","20220710050000","858","0","宜蘭縣","五結鄉","121.825","24.680","558"
"30","346400","20220710050000","69","0","宜蘭縣","五結鄉","121.830","24.680","34"
"21","346401","20220710050000","21","1","宜蘭縣","五結鄉","121.835","24.680","21"
"54","346403","20220710050000","66","0","宜蘭縣","五結鄉","121.825","24.685","56"
"148","346413","20220710050000","122","2","宜蘭縣","五結鄉","121.835","24.660","159"
"226","346416","20220710050000","81","3","宜蘭縣","五結鄉","121.835","24.665","246"
"749","346420","20220710050000","951","0","宜蘭縣","五結鄉","121.795","24.680","752"
"829","346421","20220710050000","589","2","宜蘭縣","五結鄉","121.800","24.675","851"
"721","346423","20220710050000","283","3","宜蘭縣","五結鄉","121.785","24.680","734"
"700","346429","20220710050000","247","3","宜蘭縣","冬山鄉","121.775","24.660","717"
"267","346430","20220710050000","224","1","宜蘭縣","冬山鄉","121.770","24.665","259"
"318","346431","20220710050000","427","0","宜蘭縣","宜蘭市","121.745","24.755","318"
"662","346436","20220710050000","438","3","宜蘭縣","宜蘭市","121.750","24.740","652"
"871","346437","20220710050000","808","1","宜蘭縣","宜蘭市","121.750","24.760","852"
"51","346440","20220710050000","75","0","宜蘭縣","冬山鄉","121.765","24.665","52"
"332","346442","20220710050000","314","1","宜蘭縣","冬山鄉","121.780","24.660","343"
"580","346443","20220710050000","400","2","宜蘭縣","冬山鄉","121.785","24.660","583"
"190","346456","20220710050000","132","2","宜蘭縣","宜蘭市","121.770","24.720","166"
"1077","346457","20220710050000","762","2","宜蘭縣","宜蘭市","121.760","24.720","1080"
"289","346458","20220710050000","240","2","宜蘭縣","宜蘭市","121.765","24.720","323"
"208","346461","20220710050000","192","1","宜蘭縣","五結鄉","121.820","24.695","230"
"213","346470","20220710050000","100","3","宜蘭縣","五結鄉","121.810","24.705","216"
"711","346472","20220710050000","677","1","宜蘭縣","五結鄉","121.820","24.705","688"
"258","346534","20220710050000","204","2","宜蘭縣","三星鄉","121.680","24.665","230"
"428","346538","20220710050000","285","3","宜蘭縣","三星鄉","121.680","24.670","425"
"441","346540","20220710050000","434","1","宜蘭縣","宜蘭市","121.740","24.760","461"
"368","346545","20220710050000","842","0","宜蘭縣","員山鄉","121.710","24.750","324"
"371","346553","20220710050000","174","3","宜蘭縣","員山鄉","121.715","24.760","381"
"677","346555","20220710050000","533","2","宜蘭縣","羅東鎮","121.765","24.690","683"
"583","346556","20220710050000","698","0","宜蘭縣","五結鄉","121.770","24.690","578"
"390","346558","20220710050000","218","3","宜蘭縣","壯圍鄉","121.800","24.730","378"
"2063","346566","20220710050000","1587","2","宜蘭縣","壯圍鄉","121.785","24.745","2052"
"440","346572","20220710050000","410","1","宜蘭縣","三星鄉","121.690","24.680","455"
"128","346599","20220710050000","156","0","宜蘭縣","三星鄉","121.700","24.665","131"
"902","346607","20220710050000","485","3","宜蘭縣","三星鄉","121.710","24.670","758"
"237","346608","20220710050000","652","0","宜蘭縣","三星鄉","121.715","24.670","786"
"371","346611","20220710050000","233","3","宜蘭縣","冬山鄉","121.730","24.670","321"
"591","346626","20220710050000","771","0","宜蘭縣","員山鄉","121.725","24.765","606"
"2127","346628","20220710050000","3789","0","宜蘭縣","羅東鎮","121.770","24.675","2090"
"3473","346629","20220710050000","2989","1","宜蘭縣","羅東鎮","121.760","24.680","3561"
"2543","346630","20220710050000","2426","1","宜蘭縣","羅東鎮","121.760","24.675","2475"
"623","346634","20220710050000","478","2","宜蘭縣","宜蘭市","121.775","24.735","618"
"899","346635","20220710050000","635","2","宜蘭縣","宜蘭市","121.765","24.740","885"
"1509","346642","20220710050000","1701","0","宜蘭縣","宜蘭市","121.770","24.750","1546"
"14","346652","20220710050000","76","0","宜蘭縣","壯圍鄉","121.805","24.720","16"
"1874","346668","20220710050000","1049","3","宜蘭縣","宜蘭市","121.750","24.755","1826"
"961","346672","20220710050000","859","1","宜蘭縣","冬山鄉","121.770","24.655","926"
"1130","346673","20220710050000","1031","1","宜蘭縣","冬山鄉","121.755","24.660","1112"
"480","346674","20220710050000","460","1","宜蘭縣","冬山鄉","121.760","24.660","500"
"737","346675","20220710050000","467","3","宜蘭縣","冬山鄉","121.765","24.660","723"
"1145","346678","20220710050000","834","2","宜蘭縣","羅東鎮","121.780","24.675","1157"
"518","346684","20220710050000","484","1","宜蘭縣","宜蘭市","121.770","24.725","492"
"450","346685","20220710050000","437","1","宜蘭縣","宜蘭市","121.765","24.725","466"
"18","346689","20220710050000","13","2","宜蘭縣","宜蘭市","121.760","24.735","15"
"2045","346692","20220710050000","1499","2","宜蘭縣","宜蘭市","121.755","24.745","2049"
"687","346698","20220710050000","207","3","宜蘭縣","三星鄉","121.725","24.690","654"
"649","346702","20220710050000","480","2","宜蘭縣","三星鄉","121.730","24.695","632"
"684","346710","20220710050000","622","1","宜蘭縣","羅東鎮","121.755","24.670","660"
"719","346712","20220710050000","823","0","宜蘭縣","羅東鎮","121.765","24.670","706"
"853","346713","20220710050000","572","2","宜蘭縣","五結鄉","121.800","24.690","834"
"1259","346714","20220710050000","1036","2","宜蘭縣","五結鄉","121.800","24.695","1263"
"477","346718","20220710050000","588","0","宜蘭縣","五結鄉","121.790","24.705","434"
"292","346731","20220710050000","324","0","宜蘭縣","三星鄉","121.745","24.700","296"
"1883","346739","20220710050000","2342","0","新竹縣","竹東鎮","121.100","24.720","2469"
"55","346747","20220710050000","59","0","新竹縣","竹東鎮","121.035","24.760","69"
"2051","346754","20220710050000","1716","1","新竹縣","竹東鎮","121.090","24.745","2759"
"585","346790","20220710050000","756","0","新竹市","香山區","120.955","24.750","761"
"64","346791","20220710050000","84","0","新竹市","香山區","120.940","24.755","83"
"180","346792","20220710050000","181","0","新竹市","香山區","120.945","24.755","241"
"396","346793","20220710050000","682","0","新竹市","香山區","120.950","24.755","491"
"131","346794","20220710050000","112","1","新竹市","香山區","120.920","24.720","177"
"421","346797","20220710050000","416","1","新竹市","香山區","120.915","24.730","533"
"215","346804","20220710050000","203","1","新竹市","香山區","120.915","24.735","282"
"312","346806","20220710050000","341","0","新竹市","香山區","120.915","24.740","348"
"845","346812","20220710050000","762","1","新竹市","香山區","120.910","24.745","1173"
"100","346817","20220710050000","121","0","新竹市","香山區","120.880","24.735","108"
"14","346819","20220710050000","19","0","新竹市","香山區","120.890","24.735","14"
"255","346825","20220710050000","298","0","新竹市","香山區","120.895","24.740","313"
"91","346835","20220710050000","89","1","新竹市","香山區","120.925","24.715","93"
"142","346841","20220710050000","104","2","新竹市","香山區","120.930","24.725","128"
"144","346860","20220710050000","175","0","新竹縣","關西鎮","121.210","24.760","205"
"39","346863","20220710050000","49","0","新竹縣","關西鎮","121.225","24.760","34"
"79","346867","20220710050000","120","0","新竹縣","關西鎮","121.215","24.765","99"
"105","346868","20220710050000","72","2","新竹縣","關西鎮","121.220","24.765","133"
"162","346896","20220710050000","105","3","新竹縣","關西鎮","121.240","24.765","162"
"217","346907","20220710050000","110","3","新竹縣","關西鎮","121.230","24.770","299"
"1243","346918","20220710050000","1176","1","新竹市","東區","121.020","24.760","1244"
"43","346919","20220710050000","70","0","新竹市","東區","121.025","24.760","40"
"337","346920","20220710050000","435","0","新竹市","東區","121.020","24.765","371"
"768","346921","20220710050000","748","1","新竹市","東區","121.025","24.765","826"
"4072","346922","20220710050000","2994","2","新竹市","東區","121.015","24.770","4105"
"916","346923","20220710050000","1441","0","新竹市","東區","121.020","24.770","911"
"299","346924","20220710050000","271","1","新竹市","東區","121.025","24.770","278"
"130","346931","20220710050000","1007","0","新竹縣","竹東鎮","121.090","24.735","122"
"183","346936","20220710050000","272","0","新竹縣","橫山鄉","121.100","24.710","172"
"687","346937","20220710050000","704","0","新竹縣","竹東鎮","121.100","24.715","792"
"400","346949","20220710050000","587","0","新竹縣","橫山鄉","121.180","24.705","592"
"202","346961","20220710050000","232","0","新竹縣","橫山鄉","121.165","24.710","240"
"122","346964","20220710050000","215","0","新竹縣","橫山鄉","121.150","24.715","171"
"723","347497","20220710050000","1105","0","新竹市","東區","120.975","24.765","915"
"662","347498","20220710050000","431","3","新竹市","東區","120.980","24.765","837"
"281","347499","20220710050000","281","1","新竹市","東區","120.970","24.770","311"
"1465","347500","20220710050000","1480","0","新竹市","東區","120.975","24.770","1755"
"299","347505","20220710050000","264","1","新竹市","東區","120.965","24.765","380"
"729","347506","20220710050000","854","0","新竹市","東區","120.970","24.765","945"
"85","347507","20220710050000","78","1","新竹市","東區","120.965","24.770","78"
"969","347508","20220710050000","826","1","新竹縣","竹東鎮","121.085","24.735","1254"
"268","347515","20220710050000","480","0","新竹縣","竹東鎮","121.075","24.725","311"
"273","347520","20220710050000","398","0","新竹縣","竹東鎮","121.090","24.730","394"
"1182","347521","20220710050000","1308","0","新竹縣","竹東鎮","121.085","24.740","1465"
"1045","347522","20220710050000","865","2","新竹縣","竹東鎮","121.100","24.745","801"
"387","347533","20220710050000","408","0","新竹縣","芎林鄉","121.125","24.725","477"
"244","347538","20220710050000","286","0","新竹縣","芎林鄉","121.120","24.735","338"
"140","347547","20220710050000","146","0","新竹縣","芎林鄉","121.135","24.745","186"
"56","347555","20220710050000","44","2","新竹縣","芎林鄉","121.140","24.750","51"
"96","347573","20220710050000","85","1","新竹縣","關西鎮","121.185","24.755","101"
"37","347621","20220710050000","26","2","新竹縣","關西鎮","121.195","24.750","31"
"41","347640","20220710050000","93","0","新竹縣","關西鎮","121.180","24.745","43"
"52","347650","20220710050000","40","2","新竹縣","關西鎮","121.170","24.755","44"
"118","347665","20220710050000","63","3","新竹縣","關西鎮","121.170","24.765","165"
"147","347670","20220710050000","156","0","新竹縣","關西鎮","121.170","24.770","192"
"2229","347702","20220710050000","2835","0","新竹縣","竹東鎮","121.090","24.740","2898"
"202","347705","20220710050000","291","0","新竹縣","竹東鎮","121.100","24.695","272"
"947","347714","20220710050000","938","1","新竹縣","竹東鎮","121.050","24.770","1259"
"140","347720","20220710050000","89","3","新竹縣","寶山鄉","121.030","24.735","160"
"11","347723","20220710050000","75","0","新竹縣","寶山鄉","121.020","24.740","27"
"119","347740","20220710050000","178","0","新竹縣","寶山鄉","121.030","24.750","119"
"110","347774","20220710050000","68","3","新竹縣","寶山鄉","121.050","24.730","111"
"111","347788","20220710050000","72","3","新竹縣","寶山鄉","121.040","24.745","137"
"90","347794","20220710050000","93","0","新竹縣","寶山鄉","121.045","24.745","111"
"25","347799","20220710050000","18","2","新竹縣","寶山鄉","121.050","24.750","20"
"149","347805","20220710050000","157","0","新竹縣","寶山鄉","120.960","24.725","196"
"133","347806","20220710050000","123","1","新竹縣","寶山鄉","120.965","24.725","135"
"26","347808","20220710050000","14","3","新竹縣","寶山鄉","120.975","24.725","28"
"165","347809","20220710050000","178","0","新竹縣","寶山鄉","120.980","24.725","197"
"251","347812","20220710050000","301","0","新竹縣","寶山鄉","120.965","24.730","201"
"18","347817","20220710050000","16","1","新竹縣","寶山鄉","120.965","24.735","12"
"57","347821","20220710050000","53","1","新竹縣","寶山鄉","120.985","24.735","65"
"89","347823","20220710050000","101","0","新竹縣","寶山鄉","120.970","24.740","129"
"89","347832","20220710050000","80","1","新竹縣","寶山鄉","120.980","24.745","110"
"152","347835","20220710050000","176","0","新竹縣","寶山鄉","120.980","24.755","180"
"86","347842","20220710050000","86","1","新竹縣","寶山鄉","121.000","24.715","109"
"112","347845","20220710050000","88","2","新竹縣","寶山鄉","121.015","24.715","144"
"422","347878","20220710050000","504","0","新竹縣","寶山鄉","120.940","24.725","531"
"58","347882","20220710050000","51","1","新竹縣","寶山鄉","120.945","24.740","51"
"93","347889","20220710050000","132","0","新竹縣","寶山鄉","120.960","24.745","121"
"13","347900","20220710050000","60","0","新竹縣","北埔鄉","121.055","24.670","14"
"1159","347925","20220710050000","1299","0","新竹縣","北埔鄉","121.055","24.695","1422"
"82","347926","20220710050000","173","0","新竹縣","北埔鄉","121.045","24.700","180"
"311","347927","20220710050000","165","3","新竹縣","北埔鄉","121.050","24.700","388"
"45","347930","20220710050000","45","1","新竹縣","北埔鄉","121.045","24.705","41"
"28","347931","20220710050000","27","1","新竹縣","北埔鄉","121.050","24.705","23"
"85","347934","20220710050000","91","0","新竹縣","北埔鄉","121.045","24.715","105"
"314","347949","20220710050000","284","1","新竹縣","北埔鄉","121.065","24.675","385"
"412","347958","20220710050000","398","1","新竹縣","橫山鄉","121.130","24.725","468"
"36","347972","20220710050000","316","0","新竹縣","橫山鄉","121.140","24.715","29"
"330","347976","20220710050000","356","0","新竹縣","橫山鄉","121.140","24.720","407"
"47","347986","20220710050000","73","0","新竹縣","橫山鄉","121.130","24.700","42"
"59","347995","20220710050000","79","0","新竹縣","橫山鄉","121.115","24.710","65"
"405","348000","20220710050000","358","1","新竹縣","橫山鄉","121.110","24.715","503"
"91","348001","20220710050000","127","0","新竹縣","橫山鄉","121.115","24.715","159"
"32","348006","20220710050000","152","0","新竹縣","橫山鄉","121.115","24.720","34"
"397","348007","20220710050000","730","0","新竹縣","橫山鄉","121.120","24.720","556"
"12","348008","20220710050000","29","0","新竹縣","橫山鄉","121.125","24.720","17"
"281","348022","20220710050000","293","0","新竹縣","橫山鄉","121.160","24.740","358"
"107","348032","20220710050000","56","3","新竹縣","橫山鄉","121.165","24.745","137"
"49","348040","20220710050000","35","2","新竹縣","橫山鄉","121.105","24.680","59"
"145","348074","20220710050000","87","3","新竹縣","橫山鄉","121.165","24.730","98"
"49","348079","20220710050000","62","0","新竹縣","橫山鄉","121.190","24.730","45"
"26","348083","20220710050000","27","0","新竹縣","橫山鄉","121.180","24.735","33"
"14","348089","20220710050000","18","0","新竹縣","關西鎮","121.185","24.740","14"
"267","348136","20220710050000","146","3","新竹縣","橫山鄉","121.140","24.700","356"
"843","348137","20220710050000","1053","0","新竹縣","竹東鎮","121.095","24.735","1088"
"1177","348138","20220710050000","1561","0","新竹縣","竹東鎮","121.100","24.735","1582"
"40","348144","20220710050000","33","2","新竹縣","芎林鄉","121.110","24.770","38"
"561","348163","20220710050000","595","0","新竹縣","芎林鄉","121.085","24.765","686"
"24","348164","20220710050000","22","1","新竹縣","芎林鄉","121.085","24.770","21"
"313","348165","20220710050000","381","0","新竹縣","芎林鄉","121.095","24.760","344"
"82","348190","20220710050000","61","2","新竹縣","芎林鄉","121.125","24.755","83"
"12","348191","20220710050000","17","0","新竹縣","芎林鄉","121.130","24.755","17"
"182","348207","20220710050000","194","0","新竹縣","寶山鄉","120.985","24.750","264"
"191","348212","20220710050000","249","0","新竹縣","寶山鄉","120.995","24.755","236"
"1057","348213","20220710050000","955","1","新竹縣","寶山鄉","120.985","24.760","1436"
"557","348217","20220710050000","611","0","新竹縣","寶山鄉","120.990","24.765","792"
"149","348225","20220710050000","151","0","新竹縣","尖石鄉","121.200","24.705","181"
"24","348257","20220710050000","60","0","新竹縣","尖石鄉","121.235","24.720","36"
"76","348272","20220710050000","37","3","新竹縣","尖石鄉","121.225","24.730","76"
"100","348276","20220710050000","57","3","新竹縣","尖石鄉","121.245","24.730","121"
"11","348280","20220710050000","13","0","新竹縣","尖石鄉","121.230","24.735","11"
"221","348320","20220710050000","192","1","新竹縣","尖石鄉","121.260","24.705","186"
"59","348335","20220710050000","52","1","新竹縣","尖石鄉","121.280","24.710","55"
"128","348345","20220710050000","196","0","新竹縣","尖石鄉","121.270","24.715","189"
"524","348353","20220710050000","1015","0","新竹縣","尖石鄉","121.250","24.720","607"
"283","348419","20220710050000","277","1","新竹縣","尖石鄉","121.265","24.745","265"
"49","348461","20220710050000","47","1","新竹縣","尖石鄉","121.185","24.665","48"
"87","348468","20220710050000","57","3","新竹縣","尖石鄉","121.195","24.670","114"
"33","348469","20220710050000","36","0","新竹縣","尖石鄉","121.200","24.670","46"
"54","348470","20220710050000","84","0","新竹縣","尖石鄉","121.205","24.670","88"
"170","348506","20220710050000","80","3","新竹縣","尖石鄉","121.350","24.660","174"
"183","348549","20220710050000","117","3","新竹縣","尖石鄉","121.310","24.685","110"
"501","348577","20220710050000","200","3","新竹縣","尖石鄉","121.280","24.665","359"
"209","348584","20220710050000","248","0","新竹縣","五峰鄉","121.150","24.670","230"
"156","348588","20220710050000","200","0","新竹縣","尖石鄉","121.170","24.670","145"
"16","348598","20220710050000","12","2","新竹縣","尖石鄉","121.165","24.680","16"
"145","348599","20220710050000","209","0","新竹縣","尖石鄉","121.170","24.680","180"
"202","348600","20220710050000","209","0","新竹縣","尖石鄉","121.175","24.680","222"
"51","348608","20220710050000","31","3","新竹縣","尖石鄉","121.185","24.685","37"
"105","348708","20220710050000","66","3","新竹縣","尖石鄉","121.235","24.680","71"
"316","348711","20220710050000","149","3","新竹縣","尖石鄉","121.250","24.680","282"
"70","348720","20220710050000","147","0","新竹縣","尖石鄉","121.220","24.685","108"
"58","348744","20220710050000","61","0","新竹縣","尖石鄉","121.260","24.690","25"
"582","348785","20220710050000","375","3","新竹縣","尖石鄉","121.220","24.705","735"
"54","348819","20220710050000","50","1","新竹縣","峨眉鄉","121.035","24.695","54"
"83","348820","20220710050000","200","0","新竹縣","北埔鄉","121.040","24.695","67"
"94","348822","20220710050000","100","0","新竹縣","峨眉鄉","121.035","24.700","136"
"67","348831","20220710050000","103","0","新竹縣","峨眉鄉","120.985","24.685","87"
"36","348834","20220710050000","38","0","新竹縣","峨眉鄉","120.970","24.690","39"
"104","348838","20220710050000","123","0","新竹縣","峨眉鄉","120.990","24.690","129"
"60","348845","20220710050000","68","0","新竹縣","峨眉鄉","120.985","24.700","75"
"71","348851","20220710050000","51","2","新竹縣","峨眉鄉","120.990","24.705","46"
"378","348861","20220710050000","333","1","新竹縣","峨眉鄉","121.025","24.685","457"
"263","348863","20220710050000","201","2","新竹縣","峨眉鄉","121.020","24.690","274"
"183","348870","20220710050000","229","0","新竹縣","北埔鄉","121.055","24.685","187"
"147","348889","20220710050000","128","1","新竹縣","北埔鄉","121.090","24.690","183"
"86","348892","20220710050000","94","0","新竹縣","北埔鄉","121.070","24.695","96"
"443","348909","20220710050000","515","0","新竹縣","北埔鄉","121.060","24.700","600"
"69","348910","20220710050000","98","0","新竹縣","北埔鄉","121.065","24.700","46"
"22","348919","20220710050000","23","0","新竹縣","北埔鄉","121.060","24.710","18"
"15","348944","20220710050000","11","2","新竹縣","寶山鄉","121.000","24.720","18"
"102","348947","20220710050000","114","0","新竹縣","寶山鄉","121.000","24.725","138"
"42","348952","20220710050000","46","0","新竹縣","寶山鄉","121.005","24.730","37"
"290","348957","20220710050000","214","2","新竹縣","寶山鄉","120.990","24.740","346"
"63","348958","20220710050000","58","1","新竹縣","寶山鄉","120.995","24.740","84"
"41","348969","20220710050000","32","2","新竹縣","寶山鄉","121.005","24.745","34"
"658","348971","20220710050000","841","0","新竹縣","寶山鄉","121.005","24.750","736"
"478","348978","20220710050000","489","0","新竹縣","寶山鄉","121.020","24.755","558"
"219","348983","20220710050000","261","0","新竹縣","寶山鄉","121.000","24.765","299"
"764","348986","20220710050000","844","0","新竹縣","寶山鄉","121.015","24.765","712"
"492","348987","20220710050000","534","0","新竹縣","寶山鄉","121.000","24.770","598"
"60","348988","20220710050000","42","2","新竹縣","寶山鄉","121.005","24.770","59"
"204","348989","20220710050000","431","0","新竹縣","寶山鄉","121.010","24.770","182"
"64","348993","20220710050000","64","1","新竹縣","峨眉鄉","120.990","24.665","68"
"48","349000","20220710050000","73","0","新竹縣","峨眉鄉","120.995","24.670","59"
"94","349005","20220710050000","66","2","新竹縣","峨眉鄉","120.985","24.675","100"
"103","349012","20220710050000","108","0","新竹縣","峨眉鄉","120.990","24.680","125"
"170","349031","20220710050000","142","1","新竹縣","峨眉鄉","121.000","24.700","71"
"965","349060","20220710050000","1170","0","新竹縣","竹東鎮","121.060","24.750","1266"
"261","349062","20220710050000","309","0","新竹縣","竹東鎮","121.070","24.750","304"
"633","349066","20220710050000","778","0","新竹縣","竹東鎮","121.070","24.755","857"
"1425","349070","20220710050000","1507","0","新竹縣","竹東鎮","121.065","24.760","1814"
"3720","349073","20220710050000","4528","0","新竹縣","竹東鎮","121.060","24.765","4957"
"116","349074","20220710050000","83","2","新竹縣","竹東鎮","121.065","24.765","71"
"137","349079","20220710050000","140","0","新竹縣","竹東鎮","121.120","24.660","193"
"86","349087","20220710050000","315","0","新竹縣","竹東鎮","121.090","24.720","71"
"1649","349088","20220710050000","1731","0","新竹縣","竹東鎮","121.095","24.720","2152"
"2405","349089","20220710050000","2471","0","新竹縣","竹東鎮","121.090","24.725","2935"
"646","349090","20220710050000","683","0","新竹縣","竹東鎮","121.095","24.725","826"
"1462","349092","20220710050000","936","3","新竹縣","竹東鎮","121.095","24.730","1853"
"218","349094","20220710050000","354","0","新竹縣","竹東鎮","121.105","24.730","315"
"247","349096","20220710050000","356","0","新竹縣","竹東鎮","121.055","24.755","306"
"44","349099","20220710050000","55","0","新竹縣","竹東鎮","121.045","24.765","63"
"637","349103","20220710050000","666","0","新竹縣","竹東鎮","121.060","24.770","759"
"590","349105","20220710050000","408","2","新竹縣","竹東鎮","121.080","24.735","807"
"138","349109","20220710050000","77","3","新竹縣","竹東鎮","121.080","24.740","116"
"81","349110","20220710050000","40","3","新竹縣","竹東鎮","121.075","24.745","113"
"764","349113","20220710050000","1195","0","新竹縣","竹東鎮","121.080","24.745","1003"
"1343","349114","20220710050000","1249","1","新竹縣","竹東鎮","121.085","24.745","1769"
"201","349115","20220710050000","198","1","新竹縣","竹東鎮","121.080","24.750","248"
"682","349118","20220710050000","718","0","宜蘭縣","宜蘭市","121.780","24.750","699"
"872","349120","20220710050000","586","2","宜蘭縣","宜蘭市","121.765","24.755","890"
"626","349124","20220710050000","710","0","宜蘭縣","宜蘭市","121.765","24.760","608"
"383","349125","20220710050000","459","0","宜蘭縣","宜蘭市","121.770","24.760","385"
"82","349130","20220710050000","139","0","宜蘭縣","宜蘭市","121.760","24.725","91"
"535","349131","20220710050000","382","2","宜蘭縣","宜蘭市","121.755","24.730","525"
"68","349132","20220710050000","31","3","宜蘭縣","宜蘭市","121.760","24.730","64"
"557","349136","20220710050000","480","1","宜蘭縣","宜蘭市","121.755","24.740","519"
"413","349139","20220710050000","326","2","宜蘭縣","宜蘭市","121.735","24.755","408"
"913","349140","20220710050000","1074","0","宜蘭縣","宜蘭市","121.740","24.755","966"
"21","349143","20220710050000","33","0","宜蘭縣","羅東鎮","121.755","24.680","19"
"2182","349144","20220710050000","1664","2","宜蘭縣","羅東鎮","121.775","24.680","2226"
"1735","349145","20220710050000","1684","1","宜蘭縣","羅東鎮","121.775","24.675","1706"
"1079","349146","20220710050000","739","2","宜蘭縣","羅東鎮","121.750","24.675","1044"
"633","349147","20220710050000","592","1","宜蘭縣","羅東鎮","121.770","24.685","646"
"415","349149","20220710050000","172","3","宜蘭縣","羅東鎮","121.750","24.680","465"
"154","349158","20220710050000","43","3","新竹市","香山區","120.930","24.745","205"
"71","349160","20220710050000","85","0","新竹市","香山區","120.925","24.750","88"
"350","349162","20220710050000","373","0","新竹市","香山區","120.915","24.760","443"
"708","349166","20220710050000","763","0","新竹市","香山區","120.915","24.765","904"
"76","349176","20220710050000","92","0","新竹市","香山區","120.955","24.760","69"
"25","349177","20220710050000","31","0","新竹市","東區","120.960","24.760","23"
"1000","349183","20220710050000","1206","0","新竹市","香山區","120.955","24.770","1263"
"387","349184","20220710050000","396","0","新竹市","香山區","120.960","24.770","367"
"84","349186","20220710050000","66","2","新竹市","香山區","120.910","24.755","68"
"353","349196","20220710050000","304","1","新竹市","香山區","120.920","24.760","366"
"76","349198","20220710050000","63","2","新竹市","香山區","120.930","24.760","75"
"133","349199","20220710050000","54","3","新竹市","香山區","120.935","24.760","126"
"84","349203","20220710050000","75","1","宜蘭縣","宜蘭市","121.765","24.745","88"
"934","349204","20220710050000","1163","0","宜蘭縣","宜蘭市","121.760","24.750","917"
"1053","349205","20220710050000","746","2","宜蘭縣","宜蘭市","121.765","24.750","1094"
"2050","349206","20220710050000","2115","0","宜蘭縣","羅東鎮","121.775","24.670","2108"
"1167","349207","20220710050000","1200","0","宜蘭縣","羅東鎮","121.755","24.675","1185"
"35","349208","20220710050000","188","0","宜蘭縣","羅東鎮","121.755","24.690","34"
"87","349210","20220710050000","98","0","宜蘭縣","羅東鎮","121.755","24.695","94"
"877","349211","20220710050000","523","3","宜蘭縣","羅東鎮","121.760","24.695","898"
"969","349214","20220710050000","1814","0","宜蘭縣","羅東鎮","121.770","24.670","952"
"798","349216","20220710050000","905","0","宜蘭縣","羅東鎮","121.800","24.665","775"
"1242","349222","20220710050000","372","3","宜蘭縣","羅東鎮","121.795","24.675","1269"
"837","349224","20220710050000","749","1","宜蘭縣","羅東鎮","121.785","24.675","796"
"2887","349225","20220710050000","1958","2","宜蘭縣","羅東鎮","121.780","24.680","2782"
"1273","349227","20220710050000","1447","0","宜蘭縣","宜蘭市","121.750","24.745","1307"
"1148","349228","20220710050000","1204","0","宜蘭縣","員山鄉","121.735","24.745","1136"
"1763","349229","20220710050000","1971","0","宜蘭縣","宜蘭市","121.740","24.745","1791"
"1402","349230","20220710050000","882","3","宜蘭縣","宜蘭市","121.745","24.745","1389"
"506","349231","20220710050000","352","2","宜蘭縣","宜蘭市","121.730","24.750","494"
"1518","349232","20220710050000","1664","0","宜蘭縣","宜蘭市","121.735","24.750","1580"
"1561","349234","20220710050000","1358","1","宜蘭縣","羅東鎮","121.765","24.675","1532"
"818","349235","20220710050000","900","0","宜蘭縣","宜蘭市","121.760","24.760","827"
"891","349236","20220710050000","655","2","宜蘭縣","宜蘭市","121.750","24.765","864"
"414","349237","20220710050000","381","1","宜蘭縣","宜蘭市","121.745","24.750","443"
"612","349238","20220710050000","455","2","宜蘭縣","宜蘭市","121.760","24.765","582"
"931","349240","20220710050000","893","1","宜蘭縣","羅東鎮","121.755","24.685","920"
"64","349296","20220710050000","27","3","桃園市","復興區","121.350","24.760","46"
"54","349304","20220710050000","77","0","桃園市","復興區","121.360","24.770","63"
"280","349422","20220710050000","123","3","桃園市","復興區","121.390","24.660","214"
"79","349482","20220710050000","32","3","桃園市","復興區","121.385","24.680","54"
"590","349502","20220710050000","297","3","桃園市","復興區","121.395","24.685","598"
"921","349582","20220710050000","184","3","桃園市","復興區","121.410","24.705","752"
"19","349642","20220710050000","21","0","桃園市","復興區","121.365","24.695","25"
"105","349676","20220710050000","38","3","桃園市","復興區","121.350","24.705","87"
"94","349865","20220710050000","40","3","桃園市","復興區","121.365","24.740","62"
"134","349883","20220710050000","176","0","新竹市","香山區","120.940","24.760","158"
"220","349889","20220710050000","170","2","新竹市","香山區","120.935","24.770","283"
"229","349896","20220710050000","260","0","新竹市","香山區","120.905","24.750","309"
"388","349897","20220710050000","206","3","新竹市","香山區","120.910","24.750","519"
"879","349904","20220710050000","798","1","新竹縣","竹東鎮","121.030","24.770","865"
"107","349937","20220710050000","60","3","桃園市","復興區","121.365","24.675","95"
"16","349983","20220710050000","132","0","苗栗縣","三灣鄉","120.965","24.665","14"
"322","349985","20220710050000","295","1","苗栗縣","三灣鄉","120.975","24.665","334"
"195","350003","20220710050000","234","0","苗栗縣","三灣鄉","120.950","24.670","209"
"160","350012","20220710050000","124","2","苗栗縣","頭份鎮","120.955","24.680","155"
"389","350014","20220710050000","302","2","苗栗縣","頭份鎮","120.965","24.680","368"
"42","350017","20220710050000","357","0","苗栗縣","頭份鎮","120.960","24.685","37"
"336","350018","20220710050000","222","3","苗栗縣","頭份鎮","120.965","24.685","320"
"157","350019","20220710050000","136","1","苗栗縣","竹南鎮","120.880","24.680","168"
"2877","350021","20220710050000","2305","2","苗栗縣","竹南鎮","120.885","24.685","2845"
"24","350023","20220710050000","23","1","苗栗縣","頭份鎮","120.925","24.690","24"
"1068","350024","20220710050000","761","2","苗栗縣","頭份鎮","120.930","24.690","1101"
"410","350031","20220710050000","341","2","苗栗縣","頭份鎮","120.920","24.665","379"
"49","350036","20220710050000","415","0","苗栗縣","頭份鎮","120.920","24.670","54"
"292","350042","20220710050000","329","0","苗栗縣","頭份鎮","120.925","24.675","303"
"39","350052","20220710050000","152","0","苗栗縣","後龍鎮","120.820","24.660","38"
"342","350068","20220710050000","276","2","苗栗縣","頭份鎮","120.910","24.690","361"
"854","350073","20220710050000","631","2","苗栗縣","竹南鎮","120.885","24.695","845"
"908","350075","20220710050000","489","3","苗栗縣","頭份鎮","120.890","24.695","877"
"1597","350077","20220710050000","1011","3","苗栗縣","頭份鎮","120.910","24.695","1548"
"905","350078","20220710050000","722","2","苗栗縣","頭份鎮","120.910","24.700","938"
"673","350080","20220710050000","464","2","苗栗縣","頭份鎮","120.940","24.680","635"
"187","350082","20220710050000","284","0","苗栗縣","頭份鎮","120.950","24.680","175"
"706","350085","20220710050000","622","1","苗栗縣","頭份鎮","120.925","24.685","707"
"429","350087","20220710050000","369","1","苗栗縣","頭份鎮","120.935","24.685","432"
"1953","350090","20220710050000","1267","3","苗栗縣","頭份鎮","120.895","24.690","2044"
"1228","350091","20220710050000","1124","1","苗栗縣","頭份鎮","120.905","24.690","1153"
"490","350092","20220710050000","1167","0","苗栗縣","頭份鎮","120.905","24.685","458"
"164","350095","20220710050000","378","0","苗栗縣","頭份鎮","120.945","24.690","157"
"25","350102","20220710050000","208","0","苗栗縣","頭份鎮","120.935","24.700","28"
"45","350103","20220710050000","363","0","苗栗縣","頭份鎮","120.940","24.695","39"
"130","350109","20220710050000","128","1","苗栗縣","頭份鎮","120.940","24.700","122"
"13","350110","20220710050000","21","0","苗栗縣","頭份鎮","120.945","24.700","11"
"710","350112","20220710050000","376","3","苗栗縣","頭份鎮","120.930","24.705","725"
"152","350117","20220710050000","193","0","苗栗縣","頭份鎮","120.935","24.710","207"
"452","350118","20220710050000","421","1","苗栗縣","頭份鎮","120.885","24.665","438"
"43","350124","20220710050000","290","0","苗栗縣","頭份鎮","120.885","24.675","33"
"431","350127","20220710050000","512","0","苗栗縣","頭份鎮","120.905","24.700","414"
"796","350128","20220710050000","1140","0","苗栗縣","頭份鎮","120.900","24.695","820"
"1103","350129","20220710050000","989","1","苗栗縣","頭份鎮","120.905","24.695","1103"
"137","350131","20220710050000","423","0","苗栗縣","頭份鎮","120.915","24.690","142"
"1255","350132","20220710050000","1428","0","苗栗縣","頭份鎮","120.915","24.695","1295"
"26","350142","20220710050000","34","0","苗栗縣","頭份鎮","120.915","24.665","29"
"65","350146","20220710050000","538","0","苗栗縣","頭份鎮","120.915","24.670","75"
"844","350150","20220710050000","548","3","苗栗縣","竹南鎮","120.860","24.695","850"
"840","350151","20220710050000","382","3","苗栗縣","竹南鎮","120.865","24.695","824"
"230","350154","20220710050000","864","0","苗栗縣","竹南鎮","120.870","24.695","249"
"125","350155","20220710050000","582","0","苗栗縣","竹南鎮","120.880","24.695","127"
"335","350156","20220710050000","303","1","苗栗縣","竹南鎮","120.865","24.680","334"
"364","350157","20220710050000","198","3","苗栗縣","竹南鎮","120.910","24.710","398"
"605","350159","20220710050000","633","0","苗栗縣","竹南鎮","120.920","24.705","597"
"341","350160","20220710050000","494","0","苗栗縣","頭份鎮","120.925","24.705","354"
"118","350161","20220710050000","103","1","苗栗縣","竹南鎮","120.915","24.705","119"
"1068","350162","20220710050000","1073","0","苗栗縣","竹南鎮","120.915","24.710","937"
"300","350163","20220710050000","250","2","苗栗縣","竹南鎮","120.920","24.710","283"
"108","350165","20220710050000","129","0","苗栗縣","竹南鎮","120.930","24.710","102"
"250","350166","20220710050000","285","0","苗栗縣","竹南鎮","120.915","24.715","241"
"147","350167","20220710050000","171","0","苗栗縣","竹南鎮","120.920","24.715","126"
"1528","350169","20220710050000","1456","1","苗栗縣","頭份鎮","120.910","24.685","1568"
"2664","350170","20220710050000","2739","0","苗栗縣","頭份鎮","120.895","24.700","2762"
"1446","350172","20220710050000","835","3","苗栗縣","頭份鎮","120.905","24.680","1510"
"715","350173","20220710050000","575","2","苗栗縣","竹南鎮","120.875","24.700","736"
"849","350174","20220710050000","574","2","苗栗縣","竹南鎮","120.870","24.700","854"
"364","350176","20220710050000","366","0","苗栗縣","頭份鎮","120.920","24.690","398"
"143","350177","20220710050000","112","2","苗栗縣","頭份鎮","120.880","24.660","137"
"821","350179","20220710050000","1048","0","苗栗縣","頭份鎮","120.900","24.700","789"
"27","350180","20220710050000","27","1","苗栗縣","竹南鎮","120.910","24.705","19"
"487","350182","20220710050000","502","0","苗栗縣","頭份鎮","120.920","24.700","501"
"951","350183","20220710050000","1100","0","苗栗縣","頭份鎮","120.895","24.695","990"
"525","350203","20220710050000","284","3","苗栗縣","竹南鎮","120.860","24.685","508"
"36","350206","20220710050000","277","0","苗栗縣","竹南鎮","120.865","24.700","31"
"664","350208","20220710050000","304","3","苗栗縣","竹南鎮","120.875","24.705","642"
"1075","350209","20220710050000","1050","1","苗栗縣","竹南鎮","120.880","24.700","1147"
"1008","350210","20220710050000","569","3","苗栗縣","頭份鎮","120.885","24.700","994"
"650","350211","20220710050000","275","3","苗栗縣","竹南鎮","120.880","24.705","667"
"114","350214","20220710050000","110","1","苗栗縣","竹南鎮","120.865","24.705","111"
"35","350220","20220710050000","268","0","苗栗縣","竹南鎮","120.880","24.710","38"
"148","350223","20220710050000","123","2","苗栗縣","竹南鎮","120.865","24.715","143"
"382","350224","20220710050000","386","0","苗栗縣","竹南鎮","120.870","24.715","360"
"202","350225","20220710050000","331","0","苗栗縣","竹南鎮","120.875","24.715","222"
"43","350226","20220710050000","58","0","苗栗縣","竹南鎮","120.880","24.715","44"
"52","350229","20220710050000","39","2","苗栗縣","竹南鎮","120.865","24.720","26"
"79","350236","20220710050000","79","1","苗栗縣","竹南鎮","120.870","24.725","75"
"300","350240","20220710050000","200","3","苗栗縣","竹南鎮","120.890","24.725","302"
"59","350247","20220710050000","57","1","苗栗縣","竹南鎮","120.880","24.685","55"
"1868","350248","20220710050000","1457","2","苗栗縣","竹南鎮","120.880","24.690","1870"
"1698","350250","20220710050000","1878","0","苗栗縣","竹南鎮","120.890","24.690","1538"
"1987","350251","20220710050000","2401","0","苗栗縣","竹南鎮","120.875","24.685","2151"
"429","350258","20220710050000","236","3","苗栗縣","竹南鎮","120.855","24.675","421"
"15","350259","20220710050000","40","0","苗栗縣","竹南鎮","120.860","24.675","16"
"320","350264","20220710050000","270","1","苗栗縣","竹南鎮","120.850","24.680","324"
"14","350275","20220710050000","187","0","苗栗縣","竹南鎮","120.850","24.670","12"
"1222","350277","20220710050000","954","2","苗栗縣","竹南鎮","120.860","24.670","1247"
"41","350278","20220710050000","32","2","苗栗縣","竹南鎮","120.845","24.675","39"
"95","350279","20220710050000","93","1","苗栗縣","造橋鄉","120.855","24.660","83"
"95","350285","20220710050000","192","0","苗栗縣","頭份鎮","120.900","24.685","107"
"271","350286","20220710050000","289","0","苗栗縣","頭份鎮","120.895","24.675","259"
"589","350288","20220710050000","519","1","苗栗縣","頭份鎮","120.890","24.680","593"
"1013","350290","20220710050000","1068","0","苗栗縣","頭份鎮","120.900","24.680","1031"
"500","350291","20220710050000","440","1","苗栗縣","頭份鎮","120.945","24.685","535"
"168","350303","20220710050000","128","2","苗栗縣","頭份鎮","120.960","24.700","166"
"105","350311","20220710050000","54","3","苗栗縣","頭份鎮","120.965","24.705","109"
"907","350314","20220710050000","1255","0","苗栗縣","竹南鎮","120.870","24.690","881"
"666","350316","20220710050000","554","2","苗栗縣","竹南鎮","120.855","24.690","632"
"1326","350319","20220710050000","1320","1","苗栗縣","竹南鎮","120.865","24.685","1328"
"804","350320","20220710050000","917","0","苗栗縣","竹南鎮","120.875","24.695","792"
"88","350321","20220710050000","621","0","苗栗縣","竹南鎮","120.875","24.690","112"
"162","350326","20220710050000","143","1","苗栗縣","竹南鎮","120.910","24.720","154"
"131","350328","20220710050000","36","3","苗栗縣","竹南鎮","120.895","24.725","116"
"12","350330","20220710050000","242","0","苗栗縣","竹南鎮","120.905","24.725","15"
"222","350331","20220710050000","149","2","苗栗縣","竹南鎮","120.910","24.725","172"
"293","350334","20220710050000","192","3","苗栗縣","竹南鎮","120.905","24.730","265"
"104","350336","20220710050000","46","3","新竹市","香山區","120.900","24.735","101"
"13","350338","20220710050000","256","0","新竹市","香山區","120.905","24.740","12"
"689","350340","20220710050000","648","1","苗栗縣","竹南鎮","120.875","24.660","661"
"1112","350347","20220710050000","1004","1","苗栗縣","竹南鎮","120.865","24.675","1121"
"37","350349","20220710050000","277","0","苗栗縣","竹南鎮","120.875","24.675","42"
"580","350350","20220710050000","506","1","苗栗縣","竹南鎮","120.880","24.675","550"
"697","350351","20220710050000","363","3","苗栗縣","竹南鎮","120.870","24.680","704"
"416","350352","20220710050000","509","0","苗栗縣","竹南鎮","120.875","24.680","407"
"2100","350353","20220710050000","2061","1","苗栗縣","竹南鎮","120.870","24.685","2091"
"98","350357","20220710050000","429","0","苗栗縣","竹南鎮","120.890","24.705","96"
"258","350358","20220710050000","175","2","苗栗縣","竹南鎮","120.895","24.705","258"
"666","350359","20220710050000","364","3","苗栗縣","竹南鎮","120.900","24.705","666"
"350","350363","20220710050000","462","0","苗栗縣","竹南鎮","120.900","24.710","354"
"200","350364","20220710050000","107","3","苗栗縣","竹南鎮","120.905","24.710","220"
"201","350365","20220710050000","190","1","苗栗縣","竹南鎮","120.895","24.715","204"
"454","350367","20220710050000","348","2","苗栗縣","竹南鎮","120.905","24.715","464"
"96","350369","20220710050000","105","0","苗栗縣","竹南鎮","120.895","24.720","95"
"177","356638","20220710050000","111","3","宜蘭縣","頭城鎮","121.940","24.840","158"
"1222","360378","20220710050000","971","2","宜蘭縣","礁溪鄉","121.765","24.825","1187"
"2517","360379","20220710050000","3230","0","宜蘭縣","礁溪鄉","121.770","24.825","2433"
"1018","360380","20220710050000","960","1","宜蘭縣","礁溪鄉","121.775","24.825","916"
"651","360392","20220710050000","474","2","宜蘭縣","礁溪鄉","121.810","24.815","617"
"205","360394","20220710050000","159","2","宜蘭縣","礁溪鄉","121.795","24.815","200"
"17","360410","20220710050000","49","0","宜蘭縣","礁溪鄉","121.720","24.815","14"
"28","360417","20220710050000","56","0","宜蘭縣","礁溪鄉","121.720","24.820","31"
"12","360419","20220710050000","41","0","宜蘭縣","礁溪鄉","121.730","24.820","12"
"24","360427","20220710050000","142","0","宜蘭縣","礁溪鄉","121.725","24.820","27"
"282","360433","20220710050000","280","1","宜蘭縣","礁溪鄉","121.755","24.820","285"
"54","360437","20220710050000","85","0","宜蘭縣","礁溪鄉","121.740","24.825","34"
"2022","360439","20220710050000","1742","1","宜蘭縣","宜蘭市","121.755","24.770","1983"
"493","360442","20220710050000","338","2","宜蘭縣","宜蘭市","121.745","24.775","472"
"1112","360449","20220710050000","831","2","宜蘭縣","壯圍鄉","121.785","24.775","1116"
"15","360451","20220710050000","13","1","宜蘭縣","壯圍鄉","121.780","24.780","13"
"450","360457","20220710050000","286","3","宜蘭縣","壯圍鄉","121.795","24.790","428"
"166","360471","20220710050000","135","2","宜蘭縣","頭城鎮","121.820","24.855","145"
"110","360474","20220710050000","46","3","宜蘭縣","頭城鎮","121.835","24.885","99"
"220","360476","20220710050000","116","3","宜蘭縣","頭城鎮","121.845","24.885","203"
"832","360478","20220710050000","849","0","宜蘭縣","頭城鎮","121.830","24.855","741"
"682","360482","20220710050000","861","0","宜蘭縣","頭城鎮","121.820","24.860","716"
"335","360484","20220710050000","215","3","宜蘭縣","頭城鎮","121.815","24.860","362"
"751","360485","20220710050000","587","2","宜蘭縣","頭城鎮","121.820","24.865","750"
"274","360486","20220710050000","250","1","宜蘭縣","頭城鎮","121.810","24.865","279"
"168","360502","20220710050000","136","2","宜蘭縣","頭城鎮","121.815","24.850","159"
"871","360507","20220710050000","881","0","宜蘭縣","頭城鎮","121.825","24.865","862"
"311","360520","20220710050000","129","3","宜蘭縣","頭城鎮","121.835","24.870","299"
"32","360521","20220710050000","60","0","宜蘭縣","頭城鎮","121.840","24.870","29"
"338","360524","20220710050000","163","3","宜蘭縣","頭城鎮","121.840","24.875","307"
"42","360537","20220710050000","21","3","新北市","三峽區","121.345","24.845","42"
"64","360552","20220710050000","89","0","新北市","三峽區","121.360","24.855","83"
"16","360554","20220710050000","16","1","新北市","三峽區","121.370","24.855","21"
"20","360559","20220710050000","18","1","新北市","三峽區","121.365","24.860","26"
"80","360569","20220710050000","62","2","新北市","三峽區","121.355","24.870","78"
"62","360573","20220710050000","44","2","新北市","三峽區","121.375","24.870","50"
"38","360625","20220710050000","25","3","宜蘭縣","頭城鎮","121.820","24.825","36"
"83","360631","20220710050000","79","1","宜蘭縣","頭城鎮","121.790","24.845","78"
"267","360639","20220710050000","264","1","宜蘭縣","頭城鎮","121.795","24.855","297"
"624","360641","20220710050000","504","2","宜蘭縣","頭城鎮","121.805","24.855","608"
"239","360684","20220710050000","157","3","宜蘭縣","礁溪鄉","121.765","24.800","228"
"292","360687","20220710050000","304","0","宜蘭縣","礁溪鄉","121.760","24.810","258"
"322","360689","20220710050000","326","0","宜蘭縣","礁溪鄉","121.755","24.815","318"
"140","360694","20220710050000","127","1","宜蘭縣","員山鄉","121.700","24.780","115"
"48","360702","20220710050000","57","0","宜蘭縣","礁溪鄉","121.680","24.785","46"
"204","360788","20220710050000","231","0","宜蘭縣","礁溪鄉","121.780","24.810","221"
"575","360803","20220710050000","425","2","宜蘭縣","壯圍鄉","121.810","24.800","569"
"660","360806","20220710050000","485","2","宜蘭縣","壯圍鄉","121.815","24.805","682"
"621","360817","20220710050000","558","1","宜蘭縣","礁溪鄉","121.780","24.785","574"
"752","360820","20220710050000","697","1","宜蘭縣","礁溪鄉","121.775","24.815","701"
"1148","360822","20220710050000","1006","1","宜蘭縣","礁溪鄉","121.770","24.820","1158"
"311","360828","20220710050000","266","1","宜蘭縣","礁溪鄉","121.730","24.790","301"
"112","360848","20220710050000","101","1","宜蘭縣","礁溪鄉","121.710","24.810","111"
"593","360876","20220710050000","545","1","宜蘭縣","礁溪鄉","121.760","24.785","618"
"96","360877","20220710050000","84","1","宜蘭縣","礁溪鄉","121.750","24.790","99"
"447","360879","20220710050000","301","2","宜蘭縣","礁溪鄉","121.760","24.790","461"
"592","360881","20220710050000","471","2","宜蘭縣","礁溪鄉","121.765","24.815","622"
"764","360883","20220710050000","510","2","宜蘭縣","礁溪鄉","121.765","24.820","761"
"421","360888","20220710050000","281","2","宜蘭縣","礁溪鄉","121.755","24.825","452"
"793","360889","20220710050000","721","1","宜蘭縣","礁溪鄉","121.760","24.825","725"
"55","360898","20220710050000","49","1","宜蘭縣","礁溪鄉","121.745","24.830","55"
"67","360964","20220710050000","52","2","新北市","三峽區","121.410","24.865","72"
"295","360967","20220710050000","395","0","新北市","三峽區","121.410","24.870","420"
"158","360994","20220710050000","122","2","新北市","三峽區","121.415","24.885","185"
"33","361075","20220710050000","30","1","新北市","三峽區","121.445","24.830","25"
"13","361124","20220710050000","19","0","新北市","三峽區","121.430","24.845","17"
"24","361179","20220710050000","42","0","新北市","三峽區","121.435","24.860","26"
"10","361193","20220710050000","14","0","新北市","三峽區","121.430","24.865","10"
"58","361195","20220710050000","27","3","新北市","三峽區","121.440","24.865","44"
"18","361256","20220710050000","24","0","新北市","三峽區","121.450","24.890","20"
"10","361279","20220710050000","12","0","新北市","三峽區","121.390","24.875","12"
"11","361286","20220710050000","12","0","新北市","三峽區","121.380","24.880","13"
"37","361304","20220710050000","26","2","新北市","三峽區","121.375","24.885","42"
"60","361308","20220710050000","39","3","新北市","三峽區","121.400","24.885","45"
"773","361316","20220710050000","589","2","宜蘭縣","員山鄉","121.720","24.770","758"
"197","361349","20220710050000","186","1","宜蘭縣","員山鄉","121.715","24.775","212"
"403","361393","20220710050000","315","2","宜蘭縣","壯圍鄉","121.800","24.770","445"
"260","361412","20220710050000","243","1","宜蘭縣","宜蘭市","121.735","24.775","246"
"13","361413","20220710050000","12","1","宜蘭縣","宜蘭市","121.740","24.775","11"
"178","361414","20220710050000","164","1","宜蘭縣","宜蘭市","121.730","24.780","185"
"743","361441","20220710050000","693","1","宜蘭縣","頭城鎮","121.790","24.835","749"
"12","361461","20220710050000","14","0","宜蘭縣","頭城鎮","121.775","24.860","16"
"18","361466","20220710050000","15","2","新北市","坪林區","121.770","24.865","18"
"662","361479","20220710050000","528","2","宜蘭縣","頭城鎮","121.815","24.835","647"
"557","361482","20220710050000","254","3","宜蘭縣","頭城鎮","121.810","24.845","564"
"2942","361485","20220710050000","3370","0","新竹市","東區","120.985","24.800","3710"
"1846","361486","20220710050000","1924","0","新竹市","東區","120.985","24.810","2315"
"234","361502","20220710050000","107","3","桃園市","大溪區","121.330","24.880","218"
"195","361509","20220710050000","105","3","桃園市","大溪區","121.325","24.885","202"
"23","361515","20220710050000","33","0","桃園市","大溪區","121.325","24.890","24"
"295","361521","20220710050000","277","1","桃園市","大溪區","121.250","24.865","294"
"22","361525","20220710050000","43","0","桃園市","大溪區","121.255","24.870","29"
"353","361530","20220710050000","415","0","桃園市","大溪區","121.260","24.875","378"
"641","361536","20220710050000","402","3","桃園市","大溪區","121.260","24.880","660"
"48","361538","20220710050000","59","0","桃園市","大溪區","121.275","24.880","60"
"829","361539","20220710050000","755","1","桃園市","大溪區","121.250","24.880","866"
"322","361545","20220710050000","266","2","桃園市","大溪區","121.275","24.885","335"
"171","361546","20220710050000","121","2","桃園市","大溪區","121.280","24.885","171"
"519","361547","20220710050000","313","3","桃園市","大溪區","121.275","24.890","485"
"1508","361550","20220710050000","1019","2","桃園市","大溪區","121.295","24.885","1531"
"103","361551","20220710050000","83","2","桃園市","大溪區","121.300","24.880","105"
"109","361552","20220710050000","225","0","桃園市","大溪區","121.290","24.880","136"
"64","361556","20220710050000","94","0","新竹縣","新埔鎮","121.080","24.835","88"
"306","361565","20220710050000","316","0","新竹縣","新埔鎮","121.080","24.840","380"
"56","361570","20220710050000","36","3","新竹縣","新埔鎮","121.130","24.860","82"
"34","361579","20220710050000","37","0","新竹縣","新埔鎮","121.140","24.870","33"
"95","361585","20220710050000","73","2","新竹縣","新埔鎮","121.135","24.875","104"
"669","361597","20220710050000","599","1","新竹縣","新豐鄉","120.995","24.885","803"
"1088","361600","20220710050000","1049","1","新竹縣","新豐鄉","121.010","24.885","1262"
"473","361602","20220710050000","442","1","新竹市","東區","120.975","24.805","622"
"1757","361603","20220710050000","2047","0","新竹市","東區","120.980","24.805","2197"
"725","361604","20220710050000","778","0","新竹市","東區","120.980","24.810","930"
"764","361605","20220710050000","1062","0","新竹市","東區","120.975","24.800","1012"
"44","361609","20220710050000","60","0","新竹市","東區","120.985","24.785","35"
"5202","361610","20220710050000","3869","2","新竹市","東區","121.020","24.780","5809"
"2008","361611","20220710050000","2031","0","新竹市","東區","121.015","24.785","2564"
"193","361614","20220710050000","183","1","新竹縣","新埔鎮","121.105","24.845","175"
"56","361615","20220710050000","53","1","新竹縣","新埔鎮","121.115","24.845","58"
"71","361621","20220710050000","44","3","新竹縣","新埔鎮","121.120","24.850","69"
"33","361623","20220710050000","31","1","新竹縣","新埔鎮","121.100","24.855","34"
"63","361624","20220710050000","65","0","新竹縣","新埔鎮","121.105","24.855","76"
"26","361628","20220710050000","34","0","新竹縣","新埔鎮","121.125","24.855","28"
"12","361635","20220710050000","20","0","新竹縣","新埔鎮","121.105","24.865","14"
"99","361642","20220710050000","95","1","新竹縣","新埔鎮","121.115","24.875","133"
"510","361646","20220710050000","651","0","新竹縣","新埔鎮","121.070","24.825","613"
"694","361648","20220710050000","736","0","新竹縣","新埔鎮","121.080","24.825","948"
"338","361651","20220710050000","356","0","新竹縣","新埔鎮","121.070","24.830","412"
"108","361655","20220710050000","85","2","新竹縣","新埔鎮","121.135","24.845","144"
"357","361668","20220710050000","371","0","新竹縣","新豐鄉","120.980","24.870","469"
"11","361671","20220710050000","13","0","新竹縣","新豐鄉","120.970","24.880","10"
"1756","361683","20220710050000","1038","3","新竹縣","竹東鎮","121.030","24.775","2007"
"205","361685","20220710050000","285","0","新竹縣","湖口鄉","121.010","24.855","225"
"258","361687","20220710050000","244","1","新竹縣","湖口鄉","121.020","24.855","309"
"67","361688","20220710050000","97","0","新竹縣","湖口鄉","121.025","24.855","66"
"1054","361692","20220710050000","1276","0","新竹縣","湖口鄉","121.010","24.860","1273"
"2183","361694","20220710050000","2834","0","新竹縣","湖口鄉","120.995","24.865","3074"
"954","361695","20220710050000","763","2","新竹縣","湖口鄉","121.000","24.865","959"
"30","361696","20220710050000","65","0","新竹縣","湖口鄉","121.005","24.865","26"
"134","361697","20220710050000","104","2","新竹縣","湖口鄉","121.010","24.865","161"
"1338","361698","20220710050000","1166","1","新竹縣","湖口鄉","121.000","24.870","1417"
"1411","361700","20220710050000","226","3","新竹縣","湖口鄉","121.010","24.870","1596"
"1101","361702","20220710050000","532","3","新竹縣","湖口鄉","121.010","24.875","1370"
"700","361703","20220710050000","732","0","新竹縣","竹北市","121.030","24.810","721"
"977","361704","20220710050000","1363","0","新竹縣","竹北市","121.035","24.810","890"
"326","361705","20220710050000","316","1","新竹縣","竹北市","121.030","24.815","440"
"308","361712","20220710050000","341","0","桃園市","大溪區","121.260","24.890","320"
"236","361715","20220710050000","254","0","新竹市","香山區","120.920","24.810","300"
"267","361721","20220710050000","192","2","新竹市","香山區","120.925","24.815","329"
"88","361725","20220710050000","96","0","新竹市","香山區","120.915","24.820","106"
"483","361727","20220710050000","630","0","新竹市","香山區","120.925","24.820","598"
"509","361733","20220710050000","347","2","新竹市","北區","120.925","24.825","704"
"959","361736","20220710050000","1398","0","新竹市","香山區","120.930","24.790","1284"
"533","361738","20220710050000","424","2","新竹市","香山區","120.930","24.795","731"
"294","361744","20220710050000","380","0","新竹市","香山區","120.915","24.780","393"
"176","361752","20220710050000","201","0","新竹市","香山區","120.920","24.785","231"
"962","361756","20220710050000","1251","0","新竹市","香山區","120.920","24.805","1263"
"710","361758","20220710050000","691","1","新竹市","香山區","120.935","24.805","992"
"685","361761","20220710050000","874","0","新竹市","香山區","120.940","24.805","899"
"2509","361763","20220710050000","2468","1","新竹市","香山區","120.945","24.795","3346"
"317","361765","20220710050000","562","0","新竹市","香山區","120.940","24.790","364"
"64","361766","20220710050000","798","0","新竹市","香山區","120.935","24.790","50"
"89","361767","20220710050000","190","0","新竹市","香山區","120.935","24.800","133"
"497","361768","20220710050000","559","0","新竹市","香山區","120.940","24.795","613"
"14","361981","20220710050000","11","2","新北市","坪林區","121.665","24.885","11"
"87","362002","20220710050000","45","3","新竹縣","關西鎮","121.260","24.775","62"
"50","362027","20220710050000","70","0","新竹縣","湖口鄉","121.030","24.880","51"
"622","362033","20220710050000","803","0","新竹縣","湖口鄉","121.025","24.885","822"
"774","362036","20220710050000","975","0","新竹縣","竹北市","120.965","24.860","1025"
"120","362037","20220710050000","99","2","新竹縣","竹北市","120.970","24.860","113"
"453","362039","20220710050000","418","1","新竹縣","竹北市","120.980","24.860","443"
"101","362040","20220710050000","102","0","新竹縣","竹北市","120.970","24.865","101"
"1173","362056","20220710050000","1399","0","新竹縣","竹北市","121.015","24.825","1490"
"1098","362057","20220710050000","1679","0","新竹縣","竹北市","121.010","24.830","1465"
"218","362058","20220710050000","147","2","新竹縣","竹北市","121.040","24.810","241"
"970","362059","20220710050000","1227","0","新竹縣","竹北市","121.035","24.815","1334"
"91","362060","20220710050000","236","0","新竹縣","竹北市","121.040","24.815","67"
"2423","362063","20220710050000","3068","0","新竹縣","竹北市","121.030","24.820","2718"
"949","362064","20220710050000","1268","0","新竹縣","竹北市","121.035","24.820","1223"
"713","362066","20220710050000","958","0","新竹縣","竹北市","121.020","24.825","982"
"953","362067","20220710050000","876","1","新竹縣","竹北市","121.025","24.825","877"
"3166","362068","20220710050000","3678","0","新竹縣","竹北市","121.030","24.825","4089"
"1403","362069","20220710050000","1061","2","新竹縣","竹北市","121.035","24.825","1591"
"1423","362070","20220710050000","1609","0","新竹縣","竹北市","121.015","24.830","1893"
"713","362071","20220710050000","885","0","新竹縣","竹北市","121.020","24.830","941"
"1317","362072","20220710050000","730","3","新竹縣","竹北市","121.025","24.830","1790"
"1255","362073","20220710050000","1312","0","新竹縣","新埔鎮","121.030","24.830","1582"
"49","362075","20220710050000","18","3","新竹縣","竹北市","120.990","24.855","50"
"376","362076","20220710050000","470","0","新竹縣","竹北市","120.995","24.855","491"
"245","362077","20220710050000","313","0","新竹縣","竹北市","120.990","24.860","319"
"90","362079","20220710050000","66","2","新竹縣","竹北市","120.995","24.860","117"
"2396","362081","20220710050000","1287","3","新竹市","東區","120.995","24.800","2778"
"495","362082","20220710050000","600","0","新竹市","東區","121.000","24.805","661"
"98","362085","20220710050000","246","0","新竹市","東區","121.000","24.810","91"
"401","362086","20220710050000","208","3","新竹市","東區","121.005","24.810","573"
"840","362087","20220710050000","653","2","新竹市","東區","121.010","24.810","977"
"563","362088","20220710050000","592","0","新竹市","東區","120.995","24.815","738"
"659","362092","20220710050000","795","0","新竹市","東區","121.010","24.775","838"
"612","362093","20220710050000","624","0","新竹市","東區","121.015","24.775","704"
"1414","362094","20220710050000","1490","0","新竹市","東區","121.020","24.775","1596"
"2499","362095","20220710050000","2739","0","新竹市","東區","121.025","24.775","3078"
"1921","362096","20220710050000","2272","0","新竹市","東區","120.990","24.780","2410"
"732","362097","20220710050000","648","1","新竹市","東區","121.005","24.775","728"
"541","362098","20220710050000","605","0","新竹市","東區","121.005","24.780","779"
"1277","362099","20220710050000","679","3","新竹市","東區","121.010","24.780","1172"
"2052","362100","20220710050000","1816","1","新竹市","東區","121.015","24.780","1925"
"1184","362101","20220710050000","1157","1","新竹市","東區","121.005","24.785","1118"
"1369","362102","20220710050000","1107","2","新竹市","東區","121.010","24.785","1319"
"399","362103","20220710050000","514","0","新竹市","北區","120.945","24.835","499"
"289","362104","20220710050000","344","0","新竹市","北區","120.950","24.835","353"
"604","362107","20220710050000","637","0","新竹縣","竹東鎮","121.045","24.785","701"
"149","362108","20220710050000","221","0","新竹縣","竹東鎮","121.050","24.785","166"
"891","362117","20220710050000","845","1","新竹縣","竹東鎮","121.035","24.790","1178"
"573","362122","20220710050000","548","1","新竹縣","竹東鎮","121.030","24.795","653"
"107","362128","20220710050000","152","0","新竹縣","竹北市","120.960","24.855","149"
"470","362141","20220710050000","520","0","新竹縣","竹北市","120.955","24.870","645"
"1534","362143","20220710050000","1463","1","新竹縣","竹北市","121.015","24.835","1963"
"173","362158","20220710050000","162","1","新竹縣","新豐鄉","120.975","24.890","215"
"1366","362159","20220710050000","1505","0","新竹市","東區","121.005","24.790","1740"
"4074","362160","20220710050000","2343","3","新竹市","東區","121.015","24.790","5093"
"57","362275","20220710050000","55","1","新北市","烏來區","121.525","24.835","55"
"35","362568","20220710050000","15","3","新北市","烏來區","121.590","24.850","25"
"161","362673","20220710050000","142","1","新北市","烏來區","121.550","24.875","136"
"53","362692","20220710050000","57","0","新北市","烏來區","121.545","24.880","47"
"101","362700","20220710050000","151","0","新北市","烏來區","121.550","24.885","109"
"12","362716","20220710050000","43","0","新北市","烏來區","121.550","24.845","10"
"227","362717","20220710050000","236","0","新北市","烏來區","121.555","24.845","203"
"16","362721","20220710050000","17","0","新北市","烏來區","121.540","24.850","21"
"58","362740","20220710050000","63","0","新北市","烏來區","121.560","24.860","54"
"324","362744","20220710050000","556","0","新北市","烏來區","121.550","24.865","338"
"94","362793","20220710050000","76","2","新北市","烏來區","121.510","24.775","115"
"1188","362984","20220710050000","1391","0","新竹市","東區","120.960","24.795","1584"
"4699","362985","20220710050000","4417","1","新竹市","東區","121.020","24.790","6147"
"1121","362988","20220710050000","1380","0","新竹市","東區","120.970","24.775","1425"
"1916","362990","20220710050000","1651","1","新竹市","東區","120.985","24.805","2431"
"31","362991","20220710050000","25","2","新竹市","東區","120.965","24.775","29"
"852","362992","20220710050000","1338","0","新竹市","北區","120.960","24.805","981"
"381","362994","20220710050000","423","0","新竹縣","竹北市","120.945","24.850","503"
"677","362996","20220710050000","809","0","新竹縣","竹北市","120.945","24.855","855"
"1369","362998","20220710050000","1816","0","新竹縣","竹北市","120.995","24.840","1843"
"1307","362999","20220710050000","1413","0","新竹縣","竹北市","121.000","24.840","1627"
"455","363002","20220710050000","577","0","新竹縣","竹北市","121.035","24.800","428"
"910","363004","20220710050000","947","0","新竹縣","竹北市","121.025","24.805","790"
"1417","363005","20220710050000","1466","0","新竹縣","竹北市","121.030","24.805","1373"
"2603","363006","20220710050000","2014","2","新竹縣","竹北市","121.035","24.805","2897"
"1934","363007","20220710050000","2723","0","新竹縣","竹北市","121.025","24.810","3271"
"97","363008","20220710050000","74","2","新竹縣","芎林鄉","121.065","24.790","94"
"517","363013","20220710050000","557","0","新竹縣","竹北市","121.050","24.805","656"
"161","363016","20220710050000","257","0","新竹縣","竹北市","121.045","24.810","194"
"2115","363021","20220710050000","2587","0","新竹縣","竹北市","121.005","24.840","2740"
"459","363023","20220710050000","357","2","新竹縣","竹北市","121.020","24.840","552"
"1213","363024","20220710050000","1203","1","新竹縣","竹北市","121.000","24.845","1653"
"973","363025","20220710050000","599","3","新竹縣","竹北市","121.000","24.855","915"
"521","363026","20220710050000","517","1","新竹縣","竹北市","121.010","24.845","648"
"189","363027","20220710050000","379","0","新竹縣","新埔鎮","121.015","24.850","229"
"233","363028","20220710050000","187","2","新竹縣","竹北市","121.020","24.845","261"
"78","363029","20220710050000","80","0","新竹縣","竹北市","121.000","24.850","78"
"1044","363032","20220710050000","829","2","新竹縣","芎林鄉","121.080","24.775","1408"
"15","363046","20220710050000","15","1","新竹縣","關西鎮","121.140","24.790","18"
"21","363048","20220710050000","17","2","新竹縣","關西鎮","121.150","24.790","14"
"85","363062","20220710050000","113","0","新竹縣","關西鎮","121.185","24.800","119"
"363","363073","20220710050000","361","1","新竹縣","關西鎮","121.200","24.810","434"
"203","363082","20220710050000","203","1","新竹縣","關西鎮","121.180","24.820","193"
"69","363084","20220710050000","73","0","新竹縣","關西鎮","121.175","24.825","86"
"835","363085","20220710050000","739","1","桃園市","龍潭區","121.180","24.825","851"
"655","363086","20220710050000","834","0","新竹市","東區","120.975","24.795","866"
"807","363088","20220710050000","792","1","新竹縣","寶山鄉","120.985","24.775","969"
"390","363090","20220710050000","374","1","新竹市","東區","120.980","24.780","510"
"1111","363093","20220710050000","1268","0","新竹市","東區","120.980","24.785","1308"
"1116","363094","20220710050000","966","1","新竹縣","新豐鄉","121.000","24.875","1461"
"759","363095","20220710050000","908","0","新竹縣","新豐鄉","120.995","24.880","1002"
"564","363096","20220710050000","397","2","新竹縣","新豐鄉","121.000","24.880","503"
"307","363097","20220710050000","265","1","新竹縣","新豐鄉","121.005","24.880","390"
"1563","363098","20220710050000","1069","2","新竹縣","新豐鄉","120.990","24.870","2092"
"2680","363099","20220710050000","3300","0","新竹縣","新豐鄉","120.995","24.870","3634"
"1231","363100","20220710050000","1217","1","新竹縣","新豐鄉","120.985","24.865","1731"
"424","363101","20220710050000","261","3","新竹縣","新豐鄉","120.990","24.865","443"
"127","363102","20220710050000","514","0","新竹縣","新豐鄉","120.985","24.870","95"
"578","363103","20220710050000","530","1","新竹縣","新豐鄉","120.985","24.875","751"
"498","363109","20220710050000","625","0","新竹縣","關西鎮","121.145","24.805","647"
"22","363124","20220710050000","34","0","新竹縣","關西鎮","121.125","24.775","20"
"34","363127","20220710050000","41","0","新竹縣","關西鎮","121.120","24.780","45"
"17","363131","20220710050000","19","0","新竹縣","關西鎮","121.115","24.785","17"
"141","363143","20220710050000","138","1","新竹縣","關西鎮","121.130","24.790","174"
"99","363153","20220710050000","45","3","新竹縣","關西鎮","121.200","24.775","80"
"857","363158","20220710050000","957","0","新竹縣","關西鎮","121.175","24.785","1136"
"57","363159","20220710050000","59","0","新竹縣","關西鎮","121.180","24.790","59"
"858","363160","20220710050000","915","0","新竹縣","關西鎮","121.185","24.790","1088"
"362","363164","20220710050000","334","1","新竹縣","關西鎮","121.190","24.795","452"
"25","363187","20220710050000","23","1","新竹縣","關西鎮","121.195","24.785","33"
"196","363195","20220710050000","111","3","新竹縣","關西鎮","121.195","24.790","249"
"15","363197","20220710050000","12","2","新竹縣","關西鎮","121.205","24.790","13"
"43","363217","20220710050000","61","0","新竹縣","關西鎮","121.230","24.795","56"
"78","363223","20220710050000","72","1","新竹縣","關西鎮","121.235","24.800","107"
"16","363229","20220710050000","14","1","新竹縣","關西鎮","121.135","24.820","26"
"360","363233","20220710050000","508","0","新竹縣","關西鎮","121.115","24.825","459"
"158","363245","20220710050000","182","0","新竹縣","關西鎮","121.115","24.830","229"
"695","363256","20220710050000","429","3","新竹縣","關西鎮","121.165","24.830","778"
"57","363258","20220710050000","52","1","新竹縣","新埔鎮","121.125","24.835","85"
"228","363272","20220710050000","233","0","新竹縣","關西鎮","121.150","24.840","221"
"851","363274","20220710050000","980","0","新竹縣","關西鎮","121.135","24.810","1117"
"41","363279","20220710050000","54","0","新竹縣","關西鎮","121.130","24.815","35"
"24","363288","20220710050000","18","2","新竹縣","關西鎮","121.165","24.795","19"
"381","363291","20220710050000","444","0","新竹縣","關西鎮","121.165","24.800","486"
"2077","363304","20220710050000","2084","0","新竹縣","關西鎮","121.175","24.790","2730"
"234","363305","20220710050000","286","0","新竹縣","關西鎮","121.170","24.795","212"
"267","363306","20220710050000","374","0","新竹縣","關西鎮","121.175","24.795","321"
"87","363308","20220710050000","104","0","新竹縣","關西鎮","121.175","24.805","88"
"3181","363344","20220710050000","1650","3","桃園市","龍潭區","121.230","24.875","3092"
"247","363345","20220710050000","306","0","桃園市","龍潭區","121.230","24.880","269"
"522","363346","20220710050000","502","1","桃園市","龍潭區","121.225","24.855","535"
"79","363347","20220710050000","45","3","桃園市","龍潭區","121.230","24.855","80"
"38","363355","20220710050000","27","2","桃園市","龍潭區","121.235","24.865","34"
"76","363358","20220710050000","485","0","桃園市","龍潭區","121.230","24.870","98"
"538","363359","20220710050000","572","0","桃園市","龍潭區","121.235","24.870","570"
"263","363362","20220710050000","434","0","桃園市","平鎮區","121.245","24.875","246"
"1101","363365","20220710050000","1075","1","桃園市","龍潭區","121.235","24.840","1083"
"1160","363366","20220710050000","1035","1","桃園市","龍潭區","121.240","24.835","1150"
"190","363369","20220710050000","164","1","桃園市","龍潭區","121.240","24.845","204"
"190","363370","20220710050000","98","3","桃園市","龍潭區","121.245","24.850","182"
"88","363371","20220710050000","49","3","桃園市","龍潭區","121.250","24.850","67"
"437","363374","20220710050000","185","3","桃園市","龍潭區","121.250","24.855","407"
"11","363376","20220710050000","21","0","桃園市","龍潭區","121.255","24.860","11"
"220","363377","20220710050000","204","1","桃園市","龍潭區","121.180","24.870","225"
"1028","363380","20220710050000","988","1","桃園市","龍潭區","121.195","24.870","1085"
"465","363388","20220710050000","362","2","桃園市","龍潭區","121.185","24.880","465"
"1324","363392","20220710050000","879","3","桃園市","龍潭區","121.185","24.885","1296"
"26","363394","20220710050000","23","1","桃園市","龍潭區","121.180","24.885","34"
"240","363396","20220710050000","203","1","桃園市","龍潭區","121.190","24.885","240"
"95","363397","20220710050000","87","1","桃園市","龍潭區","121.190","24.890","106"
"3256","363481","20220710050000","3841","0","新竹市","東區","120.975","24.810","4187"
"2207","363482","20220710050000","2391","0","新竹市","東區","120.970","24.800","2842"
"684","363483","20220710050000","833","0","新竹市","東區","120.970","24.810","856"
"749","363484","20220710050000","572","2","新竹市","東區","120.970","24.785","696"
"1169","363485","20220710050000","683","3","新竹市","東區","120.975","24.785","1398"
"3477","363486","20220710050000","3657","0","新竹市","東區","120.965","24.795","4188"
"17","363492","20220710050000","16","1","新北市","新店區","121.575","24.885","22"
"670","363502","20220710050000","607","1","桃園市","龍潭區","121.185","24.840","634"
"402","363507","20220710050000","463","0","桃園市","龍潭區","121.185","24.845","434"
"149","363514","20220710050000","154","0","桃園市","龍潭區","121.195","24.850","158"
"225","363523","20220710050000","221","1","桃園市","龍潭區","121.190","24.860","239"
"438","363528","20220710050000","534","0","桃園市","龍潭區","121.245","24.835","465"
"323","363532","20220710050000","255","2","桃園市","龍潭區","121.245","24.840","322"
"120","363557","20220710050000","102","1","桃園市","龍潭區","121.240","24.830","124"
"644","363560","20220710050000","514","2","桃園市","龍潭區","121.230","24.835","647"
"47","363589","20220710050000","32","2","桃園市","龍潭區","121.160","24.870","48"
"820","363593","20220710050000","609","2","桃園市","龍潭區","121.210","24.840","822"
"388","363597","20220710050000","306","2","桃園市","龍潭區","121.200","24.855","389"
"621","363599","20220710050000","626","0","桃園市","龍潭區","121.210","24.855","604"
"1333","363602","20220710050000","655","3","桃園市","龍潭區","121.225","24.845","1332"
"298","363603","20220710050000","562","0","桃園市","龍潭區","121.230","24.845","298"
"18","363605","20220710050000","14","2","桃園市","龍潭區","121.225","24.850","15"
"1560","363611","20220710050000","1395","1","桃園市","龍潭區","121.220","24.850","1520"
"1226","363613","20220710050000","1078","1","桃園市","龍潭區","121.215","24.865","1208"
"598","363614","20220710050000","553","1","桃園市","龍潭區","121.220","24.865","605"
"490","363615","20220710050000","459","1","桃園市","龍潭區","121.210","24.870","473"
"850","363616","20220710050000","852","0","桃園市","龍潭區","121.215","24.870","818"
"605","363620","20220710050000","514","1","桃園市","龍潭區","121.220","24.860","574"
"368","363625","20220710050000","345","1","桃園市","龍潭區","121.205","24.865","328"
"143","363626","20220710050000","136","1","桃園市","龍潭區","121.200","24.870","154"
"1633","363627","20220710050000","745","3","桃園市","龍潭區","121.205","24.870","1666"
"2622","363628","20220710050000","2686","0","新竹縣","竹北市","121.020","24.835","3156"
"1644","363629","20220710050000","1666","0","新竹縣","竹北市","121.025","24.835","2069"
"764","363630","20220710050000","1183","0","新竹縣","竹北市","121.010","24.835","1000"
"325","363633","20220710050000","393","0","新竹市","東區","120.960","24.780","444"
"463","363634","20220710050000","450","1","新竹市","東區","120.965","24.780","632"
"1091","363637","20220710050000","1231","0","新竹市","東區","120.965","24.785","1476"
"2830","363639","20220710050000","3428","0","新竹市","東區","120.965","24.790","3649"
"1631","363641","20220710050000","2649","0","新竹市","東區","121.020","24.785","2073"
"320","363642","20220710050000","235","2","新竹縣","竹東鎮","121.025","24.785","413"
"669","363644","20220710050000","760","0","新竹縣","竹東鎮","121.035","24.775","898"
"127","363646","20220710050000","81","3","新竹縣","竹東鎮","121.045","24.775","157"
"2058","363648","20220710050000","1734","1","新竹縣","竹東鎮","121.030","24.780","2685"
"278","363649","20220710050000","669","0","新竹縣","竹東鎮","121.035","24.780","262"
"67","363651","20220710050000","353","0","新竹縣","竹東鎮","121.045","24.780","87"
"925","363655","20220710050000","958","0","桃園市","龍潭區","121.235","24.880","932"
"958","363658","20220710050000","869","1","桃園市","龍潭區","121.240","24.880","844"
"63","363661","20220710050000","55","1","桃園市","龍潭區","121.240","24.810","64"
"735","363663","20220710050000","689","1","桃園市","龍潭區","121.240","24.815","696"
"309","363667","20220710050000","303","1","桃園市","龍潭區","121.230","24.825","297"
"712","363668","20220710050000","643","1","桃園市","龍潭區","121.235","24.825","692"
"986","363676","20220710050000","791","2","桃園市","龍潭區","121.230","24.840","959"
"445","363677","20220710050000","476","0","新竹縣","竹北市","121.005","24.845","548"
"1209","363682","20220710050000","1182","1","新竹縣","芎林鄉","121.080","24.780","1541"
"222","363685","20220710050000","164","2","新竹縣","芎林鄉","121.075","24.785","205"
"945","363687","20220710050000","1133","0","新竹縣","芎林鄉","121.070","24.790","1230"
"566","363696","20220710050000","399","2","新竹縣","芎林鄉","121.060","24.795","749"
"525","363709","20220710050000","625","0","新竹縣","芎林鄉","121.090","24.775","712"
"39","363721","20220710050000","31","2","新竹縣","芎林鄉","121.085","24.780","43"
"11","363725","20220710050000","73","0","新竹縣","芎林鄉","121.100","24.780","20"
"260","363728","20220710050000","268","0","新竹縣","芎林鄉","121.100","24.785","300"
"893","363737","20220710050000","977","0","新竹縣","竹北市","120.985","24.835","1201"
"516","363744","20220710050000","369","2","新竹縣","竹北市","120.975","24.840","647"
"592","363746","20220710050000","492","2","新竹縣","竹北市","120.955","24.840","731"
"422","363748","20220710050000","453","0","新竹縣","竹北市","120.965","24.840","544"
"139","363755","20220710050000","130","1","新竹縣","竹北市","120.960","24.850","146"
"59","363765","20220710050000","308","0","宜蘭縣","礁溪鄉","121.790","24.795","71"
"38","363769","20220710050000","171","0","宜蘭縣","礁溪鄉","121.780","24.800","50"
"284","363770","20220710050000","213","2","宜蘭縣","礁溪鄉","121.785","24.800","269"
"265","363777","20220710050000","247","1","宜蘭縣","礁溪鄉","121.790","24.810","253"
"1502","363779","20220710050000","1354","1","宜蘭縣","礁溪鄉","121.775","24.830","1421"
"739","363783","20220710050000","683","1","宜蘭縣","礁溪鄉","121.780","24.835","716"
"488","363797","20220710050000","333","2","宜蘭縣","礁溪鄉","121.790","24.830","466"
"18","363798","20220710050000","42","0","宜蘭縣","礁溪鄉","121.785","24.835","17"
"1426","363803","20220710050000","824","3","桃園市","平鎮區","121.200","24.890","1360"
"1189","363805","20220710050000","1696","0","新竹市","北區","120.955","24.805","1643"
"349","363808","20220710050000","565","0","新竹市","北區","120.945","24.815","439"
"60","363811","20220710050000","19","3","新竹市","北區","120.955","24.785","32"
"1819","363814","20220710050000","1910","0","新竹市","北區","120.955","24.790","2324"
"714","363815","20220710050000","787","0","新竹市","香山區","120.950","24.795","843"
"1066","363816","20220710050000","1101","0","桃園市","大溪區","121.290","24.885","1090"
"1306","363817","20220710050000","1343","0","新竹縣","寶山鄉","120.990","24.775","1347"
"561","363818","20220710050000","402","2","新竹縣","寶山鄉","120.995","24.775","624"
"1339","363819","20220710050000","1325","1","新竹縣","寶山鄉","121.000","24.775","1323"
"1166","363821","20220710050000","874","2","新竹市","東區","120.995","24.780","1212"
"1593","363824","20220710050000","762","3","新竹縣","竹北市","121.010","24.820","1827"
"1432","363825","20220710050000","1570","0","新竹縣","竹北市","121.015","24.820","1765"
"1511","363826","20220710050000","1595","0","新竹縣","竹北市","121.005","24.825","1926"
"2384","363827","20220710050000","2485","0","新竹縣","竹北市","121.010","24.825","3130"
"1773","363828","20220710050000","1717","1","新竹縣","竹北市","121.005","24.830","2328"
"657","363835","20220710050000","383","3","新竹縣","新埔鎮","121.050","24.835","790"
"505","363837","20220710050000","550","0","新竹縣","新埔鎮","121.045","24.840","652"
"241","363839","20220710050000","37","3","新竹縣","新埔鎮","121.055","24.840","225"
"611","363852","20220710050000","614","0","新竹縣","新埔鎮","121.025","24.845","830"
"213","363854","20220710050000","59","3","新竹縣","新埔鎮","121.035","24.845","191"
"69","363855","20220710050000","260","0","新竹縣","新埔鎮","121.040","24.845","104"
"24","363860","20220710050000","24","1","新竹縣","新埔鎮","121.030","24.850","22"
"12","363864","20220710050000","13","0","桃園市","龍潭區","121.210","24.875","12"
"1465","363865","20220710050000","1302","1","桃園市","龍潭區","121.205","24.880","1476"
"248","363866","20220710050000","342","0","新竹縣","竹北市","120.980","24.840","345"
"643","363870","20220710050000","888","0","新竹縣","竹北市","120.975","24.850","915"
"409","363871","20220710050000","351","1","新竹縣","竹北市","120.980","24.850","567"
"87","363872","20220710050000","246","0","新竹縣","竹東鎮","121.055","24.775","74"
"970","363875","20220710050000","355","3","新竹縣","竹東鎮","121.055","24.780","791"
"138","363877","20220710050000","175","0","新竹縣","竹東鎮","121.055","24.785","155"
"89","363882","20220710050000","58","3","宜蘭縣","礁溪鄉","121.745","24.800","83"
"321","363884","20220710050000","315","1","宜蘭縣","礁溪鄉","121.755","24.800","314"
"1375","363890","20220710050000","760","3","宜蘭縣","礁溪鄉","121.740","24.780","1375"
"156","363899","20220710050000","127","2","宜蘭縣","礁溪鄉","121.740","24.790","147"
"319","363936","20220710050000","353","0","新竹市","香山區","120.950","24.775","405"
"25","363937","20220710050000","13","3","新竹市","香山區","120.955","24.775","25"
"357","363940","20220710050000","420","0","新竹市","香山區","120.950","24.780","482"
"218","363941","20220710050000","295","0","新竹市","香山區","120.935","24.795","276"
"479","363948","20220710050000","512","0","新竹市","香山區","120.925","24.800","639"
"2156","363957","20220710050000","1477","2","新竹縣","竹北市","120.995","24.835","2479"
"549","363960","20220710050000","801","0","新竹縣","竹北市","121.000","24.825","677"
"633","363961","20220710050000","502","2","新竹縣","竹北市","120.990","24.830","578"
"1269","363963","20220710050000","1004","2","新竹縣","竹北市","121.000","24.830","1206"
"1242","363964","20220710050000","1479","0","新竹縣","竹北市","121.000","24.835","1585"
"491","363965","20220710050000","649","0","新竹縣","竹北市","121.005","24.835","630"
"495","363968","20220710050000","584","0","新竹縣","竹北市","120.970","24.835","699"
"3052","363976","20220710050000","2664","1","桃園市","龍潭區","121.215","24.860","3017"
"1004","363977","20220710050000","568","3","桃園市","龍潭區","121.210","24.865","1027"
"297","363980","20220710050000","199","2","新竹縣","新埔鎮","121.110","24.815","391"
"63","363983","20220710050000","54","1","新竹縣","新埔鎮","121.100","24.820","57"
"479","363985","20220710050000","461","1","新竹縣","新埔鎮","121.090","24.825","665"
"183","363989","20220710050000","180","1","新竹縣","關西鎮","121.110","24.825","195"
"196","363993","20220710050000","501","0","新竹市","北區","120.965","24.820","164"
"1966","363994","20220710050000","2061","0","新竹市","北區","120.970","24.820","2590"
"1526","363995","20220710050000","2485","0","新竹市","北區","120.955","24.810","1958"
"2180","363996","20220710050000","2565","0","新竹市","北區","120.960","24.810","2921"
"868","363997","20220710050000","905","0","宜蘭縣","頭城鎮","121.825","24.860","916"
"26","364010","20220710050000","23","1","桃園市","大溪區","121.295","24.835","35"
"42","364013","20220710050000","40","1","桃園市","大溪區","121.280","24.840","53"
"764","364024","20220710050000","583","2","桃園市","大溪區","121.285","24.850","783"
"21","364032","20220710050000","298","0","桃園市","大溪區","121.295","24.855","16"
"22","364043","20220710050000","49","0","桃園市","大溪區","121.305","24.860","20"
"295","364050","20220710050000","279","1","桃園市","大溪區","121.295","24.865","309"
"86","364052","20220710050000","97","0","桃園市","大溪區","121.305","24.865","74"
"328","364061","20220710050000","236","2","桃園市","大溪區","121.300","24.870","325"
"231","364068","20220710050000","238","0","桃園市","大溪區","121.300","24.875","219"
"47","364070","20220710050000","33","2","桃園市","大溪區","121.310","24.875","51"
"209","364110","20220710050000","242","0","桃園市","大溪區","121.270","24.840","205"
"29","364116","20220710050000","24","2","桃園市","大溪區","121.275","24.850","36"
"535","364119","20220710050000","409","2","新竹縣","新豐鄉","121.005","24.885","632"
"677","364123","20220710050000","660","1","新竹縣","新豐鄉","121.005","24.890","883"
"329","364126","20220710050000","393","0","新竹縣","湖口鄉","121.020","24.890","416"
"130","364127","20220710050000","49","3","新竹縣","新豐鄉","120.995","24.875","124"
"364","364129","20220710050000","458","0","新竹縣","新豐鄉","120.990","24.880","438"
"148","364130","20220710050000","251","0","新竹縣","新豐鄉","120.990","24.885","178"
"1115","364132","20220710050000","1125","0","新竹縣","新豐鄉","120.990","24.890","1374"
"239","364139","20220710050000","267","0","新竹縣","湖口鄉","121.025","24.890","288"
"535","364141","20220710050000","763","0","新竹縣","湖口鄉","121.035","24.890","734"
"440","364143","20220710050000","480","0","新竹縣","湖口鄉","121.020","24.860","540"
"151","364146","20220710050000","150","1","新竹縣","湖口鄉","121.015","24.865","145"
"206","364147","20220710050000","86","3","新竹縣","湖口鄉","121.020","24.865","257"
"1216","364148","20220710050000","1360","0","新竹縣","湖口鄉","121.025","24.865","1678"
"407","364149","20220710050000","526","0","新竹縣","湖口鄉","121.030","24.865","532"
"232","364163","20220710050000","413","0","新竹縣","湖口鄉","121.035","24.875","174"
"427","364164","20220710050000","612","0","新竹縣","湖口鄉","121.040","24.875","549"
"242","364168","20220710050000","386","0","新竹縣","湖口鄉","121.035","24.880","289"
"260","364171","20220710050000","369","0","新竹縣","湖口鄉","121.050","24.880","320"
"30","364180","20220710050000","11","3","新竹縣","湖口鄉","121.070","24.875","30"
"166","364189","20220710050000","167","0","新竹縣","湖口鄉","121.075","24.880","206"
"146","364194","20220710050000","191","0","新竹縣","湖口鄉","121.070","24.885","211"
"159","364195","20220710050000","154","1","新竹縣","湖口鄉","121.075","24.885","243"
"568","364201","20220710050000","708","0","新竹縣","湖口鄉","121.055","24.880","654"
"284","364202","20220710050000","199","2","新竹縣","湖口鄉","121.060","24.880","391"
"548","364205","20220710050000","605","0","新竹縣","湖口鄉","121.050","24.885","727"
"66","364211","20220710050000","78","0","新竹縣","湖口鄉","121.105","24.880","85"
"291","364216","20220710050000","350","0","新竹縣","湖口鄉","121.090","24.885","345"
"134","364221","20220710050000","125","1","新竹縣","湖口鄉","121.095","24.885","126"
"30","364222","20220710050000","26","1","新竹縣","湖口鄉","121.100","24.885","37"
"73","364228","20220710050000","77","0","新竹縣","湖口鄉","121.110","24.890","81"
"133","364231","20220710050000","91","2","新竹縣","湖口鄉","121.085","24.885","172"
"321","364236","20220710050000","346","0","新竹縣","湖口鄉","121.080","24.890","441"
"190","364238","20220710050000","245","0","新竹縣","湖口鄉","121.090","24.890","228"
"1883","364239","20220710050000","2341","0","新竹縣","湖口鄉","121.015","24.870","2399"
"415","364240","20220710050000","609","0","新竹縣","湖口鄉","121.015","24.875","504"
"724","364242","20220710050000","756","0","新竹縣","湖口鄉","121.025","24.875","956"
"365","364243","20220710050000","445","0","新竹縣","湖口鄉","121.010","24.880","489"
"2418","364244","20220710050000","2331","1","新竹市","北區","120.965","24.805","3317"
"15","364290","20220710050000","28","0","新北市","新店區","121.510","24.890","27"
"38","364291","20220710050000","25","3","新北市","新店區","121.515","24.890","29"
"509","364296","20220710050000","616","0","桃園市","大溪區","121.265","24.885","510"
"430","364314","20220710050000","221","3","桃園市","大溪區","121.280","24.870","419"
"17","364340","20220710050000","30","0","桃園市","大溪區","121.285","24.820","18"
"110","364352","20220710050000","79","2","桃園市","大溪區","121.310","24.825","115"
"48","364359","20220710050000","28","3","桃園市","大溪區","121.305","24.830","34"
"18","364384","20220710050000","84","0","桃園市","大溪區","121.335","24.845","16"
"696","364405","20220710050000","480","2","桃園市","大溪區","121.300","24.890","704"
"692","364409","20220710050000","560","2","新竹縣","湖口鄉","121.045","24.890","901"
"80","364410","20220710050000","117","0","新竹縣","湖口鄉","121.050","24.890","64"
"31","364419","20220710050000","38","0","新竹縣","湖口鄉","121.040","24.860","63"
"926","364424","20220710050000","1183","0","新竹縣","湖口鄉","121.035","24.865","1271"
"221","364429","20220710050000","113","3","新竹縣","湖口鄉","121.020","24.870","215"
"760","364430","20220710050000","1420","0","新竹縣","湖口鄉","121.025","24.870","1030"
"932","364431","20220710050000","1208","0","新竹縣","湖口鄉","121.030","24.870","1242"
"784","364432","20220710050000","1588","0","新竹縣","湖口鄉","121.035","24.870","1096"
"862","364436","20220710050000","442","3","新竹縣","湖口鄉","121.030","24.875","796"
"34","364448","20220710050000","32","1","新竹縣","新埔鎮","121.095","24.805","30"
"213","364453","20220710050000","253","0","新竹縣","新埔鎮","121.090","24.810","270"
"71","364455","20220710050000","69","1","新竹縣","新埔鎮","121.100","24.810","72"
"15","364462","20220710050000","11","2","新竹縣","新埔鎮","121.085","24.845","14"
"109","364470","20220710050000","76","2","新竹縣","新埔鎮","121.095","24.855","151"
"283","364480","20220710050000","494","0","新竹縣","新埔鎮","121.060","24.835","346"
"249","364482","20220710050000","191","2","新竹縣","新埔鎮","121.060","24.840","340"
"1628","364497","20220710050000","2010","0","新竹縣","新埔鎮","121.085","24.830","2121"
"61","364505","20220710050000","49","2","新竹縣","芎林鄉","121.085","24.790","55"
"63","364507","20220710050000","48","2","新竹縣","新埔鎮","121.085","24.795","90"
"84","364516","20220710050000","84","1","新竹縣","新埔鎮","121.080","24.810","86"
"130","364518","20220710050000","167","0","新竹縣","新埔鎮","121.080","24.815","177"
"510","364538","20220710050000","457","1","新竹縣","新埔鎮","121.120","24.840","639"
"424","364549","20220710050000","596","0","新竹縣","新埔鎮","121.060","24.820","556"
"21","364554","20220710050000","12","3","新竹縣","新埔鎮","121.055","24.825","13"
"31","364557","20220710050000","803","0","新竹縣","新埔鎮","121.035","24.830","38"
"544","364558","20220710050000","510","1","新竹縣","新埔鎮","121.040","24.830","722"
"3114","364561","20220710050000","1960","3","新竹縣","新埔鎮","121.030","24.835","3056"
"26","364571","20220710050000","60","0","新竹縣","新埔鎮","121.145","24.855","33"
"1023","364579","20220710050000","1084","0","新竹縣","新埔鎮","121.080","24.830","1330"
"78","364580","20220710050000","69","1","新竹縣","新埔鎮","121.075","24.830","73"
"322","364581","20220710050000","288","1","宜蘭縣","宜蘭市","121.760","24.770","317"
"417","364583","20220710050000","230","3","宜蘭縣","宜蘭市","121.770","24.770","416"
"150","364585","20220710050000","149","1","宜蘭縣","宜蘭市","121.765","24.770","148"
"240","364586","20220710050000","162","2","宜蘭縣","宜蘭市","121.760","24.775","236"
"459","364587","20220710050000","373","2","宜蘭縣","宜蘭市","121.760","24.780","436"
"32","364588","20220710050000","25","2","桃園市","平鎮區","121.185","24.890","27"
"305","364590","20220710050000","204","2","桃園市","大溪區","121.285","24.865","303"
"684","364594","20220710050000","480","2","桃園市","大溪區","121.285","24.875","691"
"1220","364597","20220710050000","1218","1","桃園市","大溪區","121.285","24.880","1215"
"889","364599","20220710050000","1160","0","桃園市","大溪區","121.295","24.880","900"
"1272","364601","20220710050000","1246","1","桃園市","大溪區","121.270","24.880","1272"
"12","364604","20220710050000","12","1","桃園市","楊梅區","121.175","24.885","11"
"305","364607","20220710050000","245","2","桃園市","楊梅區","121.180","24.890","312"
"438","364609","20220710050000","531","0","桃園市","龍潭區","121.235","24.875","441"
"533","364612","20220710050000","512","1","桃園市","龍潭區","121.220","24.870","543"
"1023","364613","20220710050000","725","2","桃園市","龍潭區","121.225","24.870","1061"
"695","364614","20220710050000","473","2","桃園市","龍潭區","121.205","24.885","727"
"143","364615","20220710050000","65","3","桃園市","龍潭區","121.205","24.890","146"
"967","364616","20220710050000","984","0","桃園市","龍潭區","121.210","24.885","955"
"288","364618","20220710050000","334","0","新竹縣","竹北市","120.990","24.835","364"
"291","364620","20220710050000","415","0","新竹縣","竹北市","120.990","24.840","373"
"504","364623","20220710050000","689","0","新竹縣","竹北市","120.990","24.845","634"
"699","364629","20220710050000","1064","0","新竹縣","竹北市","121.045","24.795","938"
"1122","364631","20220710050000","1103","1","新竹縣","竹北市","121.040","24.800","1474"
"729","364632","20220710050000","572","2","新竹縣","竹北市","121.045","24.800","675"
"392","364633","20220710050000","535","0","新竹縣","竹北市","121.050","24.800","506"
"1180","364634","20220710050000","947","2","新竹縣","竹北市","121.040","24.805","1395"
"315","364635","20220710050000","397","0","新竹縣","竹北市","121.045","24.805","465"
"1489","364637","20220710050000","1039","2","新竹縣","竹北市","121.020","24.810","1757"
"1671","364639","20220710050000","1707","0","新竹縣","竹北市","121.020","24.815","2053"
"1360","364640","20220710050000","1733","0","新竹縣","竹北市","121.025","24.815","1699"
"444","364641","20220710050000","248","3","新竹縣","竹北市","121.020","24.820","383"
"1631","364642","20220710050000","2546","0","新竹縣","竹北市","121.025","24.820","2047"
"1124","364648","20220710050000","1057","1","新竹市","北區","120.925","24.840","1381"
"685","364657","20220710050000","705","0","桃園市","龍潭區","121.210","24.890","706"
"123","364662","20220710050000","71","3","桃園市","復興區","121.325","24.775","139"
"64","364692","20220710050000","49","2","桃園市","復興區","121.335","24.790","37"
"164","364720","20220710050000","202","0","桃園市","復興區","121.345","24.805","177"
"310","364731","20220710050000","289","1","桃園市","復興區","121.350","24.815","366"
"123","364735","20220710050000","88","2","桃園市","復興區","121.350","24.820","111"
"82","364741","20220710050000","79","1","桃園市","復興區","121.370","24.825","95"
"113","364767","20220710050000","144","0","桃園市","復興區","121.375","24.800","104"
"39","364824","20220710050000","30","2","桃園市","復興區","121.375","24.785","41"
"36","364825","20220710050000","40","0","桃園市","復興區","121.380","24.785","46"
"131","364828","20220710050000","74","3","桃園市","復興區","121.395","24.785","149"
"12","364892","20220710050000","11","1","桃園市","復興區","121.275","24.790","16"
"167","364934","20220710050000","220","0","桃園市","復興區","121.305","24.800","185"
"157","364969","20220710050000","69","3","桃園市","復興區","121.400","24.805","157"
"94","365017","20220710050000","71","2","桃園市","復興區","121.390","24.825","59"
"230","365042","20220710050000","86","3","桃園市","復興區","121.385","24.835","233"
"211","365054","20220710050000","233","0","桃園市","楊梅區","121.155","24.880","204"
"108","365058","20220710050000","85","2","桃園市","楊梅區","121.155","24.885","86"
"344","365063","20220710050000","386","0","桃園市","楊梅區","121.150","24.885","345"
"267","365065","20220710050000","243","1","桃園市","楊梅區","121.160","24.885","290"
"31","365067","20220710050000","150","0","桃園市","楊梅區","121.150","24.890","36"
"1003","365068","20220710050000","943","1","桃園市","楊梅區","121.155","24.890","1044"
"1156","365070","20220710050000","761","3","桃園市","楊梅區","121.170","24.885","1149"
"2244","365073","20220710050000","2700","0","新竹市","北區","120.955","24.795","2874"
"107","365074","20220710050000","120","0","新竹市","香山區","120.955","24.780","132"
"1451","365075","20220710050000","1394","1","新竹市","香山區","120.945","24.790","1811"
"518","365076","20220710050000","460","1","新竹市","香山區","120.950","24.790","646"
"750","365079","20220710050000","952","0","新竹市","香山區","120.925","24.790","1001"
"1924","365080","20220710050000","2680","0","新竹市","香山區","120.925","24.795","2519"
"714","365083","20220710050000","874","0","新竹市","香山區","120.940","24.775","918"
"97","365084","20220710050000","86","1","新竹市","香山區","120.930","24.780","88"
"240","365086","20220710050000","247","0","新竹市","香山區","120.940","24.780","319"
"266","365089","20220710050000","155","3","新竹市","香山區","120.935","24.785","319"
"1568","365090","20220710050000","929","3","新竹縣","竹北市","121.015","24.840","1908"
"3014","365091","20220710050000","3539","0","新竹縣","竹北市","121.010","24.840","3976"
"955","365092","20220710050000","950","1","桃園市","龍潭區","121.210","24.880","1004"
"579","365093","20220710050000","365","3","桃園市","龍潭區","121.215","24.880","568"
"618","365094","20220710050000","675","0","桃園市","龍潭區","121.215","24.885","638"
"407","365099","20220710050000","402","1","桃園市","龍潭區","121.200","24.875","406"
"571","365102","20220710050000","559","1","桃園市","龍潭區","121.195","24.885","562"
"241","365105","20220710050000","188","2","桃園市","龍潭區","121.200","24.885","251"
"976","365121","20220710050000","832","1","桃園市","龍潭區","121.180","24.835","959"
"349","365122","20220710050000","466","0","桃園市","龍潭區","121.185","24.835","379"
"435","365124","20220710050000","497","0","桃園市","龍潭區","121.195","24.835","454"
"625","365133","20220710050000","748","0","桃園市","龍潭區","121.200","24.850","647"
"525","365138","20220710050000","397","2","桃園市","龍潭區","121.210","24.810","495"
"72","365145","20220710050000","74","0","桃園市","龍潭區","121.205","24.820","58"
"132","365150","20220710050000","136","0","桃園市","龍潭區","121.205","24.825","134"
"46","365153","20220710050000","54","0","桃園市","龍潭區","121.220","24.825","44"
"547","365158","20220710050000","305","3","桃園市","龍潭區","121.205","24.835","433"
"840","365161","20220710050000","686","2","桃園市","龍潭區","121.205","24.840","842"
"406","365169","20220710050000","353","1","桃園市","龍潭區","121.230","24.885","422"
"961","365173","20220710050000","1313","0","新竹市","北區","120.965","24.815","1246"
"732","365174","20220710050000","904","0","新竹市","北區","120.960","24.820","972"
"1118","365175","20220710050000","1440","0","新竹市","北區","120.960","24.800","1461"
"1731","365176","20220710050000","1815","0","新竹市","東區","120.980","24.795","2130"
"845","365177","20220710050000","1251","0","新竹市","東區","120.985","24.795","1119"
"42","365178","20220710050000","144","0","新竹市","東區","120.985","24.790","33"
"1648","365183","20220710050000","1311","2","新竹市","北區","120.975","24.820","2109"
"1112","365184","20220710050000","1423","0","新竹市","北區","120.975","24.825","1431"
"530","365185","20220710050000","391","2","新竹市","北區","120.980","24.825","656"
"1007","365210","20220710050000","1266","0","新竹市","東區","121.000","24.800","1314"
"1414","365211","20220710050000","1520","0","新竹市","東區","121.000","24.795","1613"
"768","365212","20220710050000","636","2","新竹市","東區","121.025","24.780","969"
"314","365213","20220710050000","289","1","桃園市","龍潭區","121.245","24.880","322"
"371","365219","20220710050000","374","0","桃園市","平鎮區","121.240","24.890","410"
"1094","365221","20220710050000","1310","0","新竹市","北區","120.930","24.835","1484"
"746","365222","20220710050000","872","0","新竹市","北區","120.935","24.835","1010"
"2969","365223","20220710050000","3153","0","新竹市","北區","120.970","24.825","3855"
"3709","365224","20220710050000","3551","1","新竹市","東區","120.975","24.815","4682"
"2657","365225","20220710050000","2595","1","新竹市","東區","120.980","24.815","3197"
"1422","365226","20220710050000","767","3","新竹市","北區","120.965","24.825","1835"
"492","365227","20220710050000","492","1","新竹市","北區","120.965","24.830","673"
"101","365229","20220710050000","101","1","桃園市","楊梅區","121.140","24.885","104"
"67","365231","20220710050000","74","0","桃園市","楊梅區","121.135","24.885","75"
"223","365234","20220710050000","70","3","桃園市","楊梅區","121.135","24.890","218"
"351","365235","20220710050000","314","1","桃園市","楊梅區","121.140","24.890","329"
"561","365236","20220710050000","725","0","桃園市","楊梅區","121.145","24.890","600"
"776","365237","20220710050000","1006","0","新竹市","北區","120.950","24.805","1071"
"1177","365238","20220710050000","1318","0","新竹市","北區","120.940","24.840","1475"
"742","365240","20220710050000","917","0","新竹市","北區","120.930","24.840","1018"
"649","365241","20220710050000","760","0","新竹市","北區","120.935","24.840","836"
"106","365242","20220710050000","64","3","新竹市","北區","120.920","24.845","100"
"144","365243","20220710050000","253","0","新竹市","北區","120.925","24.845","161"
"722","365244","20220710050000","851","0","新竹市","北區","120.930","24.845","936"
"1152","365253","20220710050000","1458","0","新竹市","東區","120.965","24.800","1529"
"4557","365254","20220710050000","4268","1","新竹市","東區","121.005","24.795","5186"
"2287","365255","20220710050000","2629","0","新竹市","東區","121.010","24.795","2846"
"921","365258","20220710050000","930","0","新竹市","東區","121.015","24.795","1007"
"840","365259","20220710050000","518","3","新竹市","東區","120.970","24.790","956"
"871","365261","20220710050000","679","2","新竹市","北區","120.955","24.815","1100"
"4422","365262","20220710050000","4705","0","新竹市","北區","120.960","24.815","5665"
"553","365264","20220710050000","893","0","新竹市","北區","120.955","24.825","763"
"2042","365265","20220710050000","2417","0","新竹市","東區","121.010","24.790","2606"
"452","365266","20220710050000","1102","0","新竹市","東區","120.970","24.795","533"
"714","365267","20220710050000","835","0","新竹市","東區","120.980","24.790","971"
"1635","365268","20220710050000","1685","0","新竹市","東區","120.970","24.805","2043"
"535","365269","20220710050000","632","0","新竹市","北區","120.945","24.805","658"
"594","365270","20220710050000","1157","0","新竹市","香山區","120.950","24.800","809"
"1653","365271","20220710050000","2022","0","新竹市","北區","120.955","24.800","2119"
"71","365292","20220710050000","94","0","桃園市","復興區","121.340","24.820","57"
"68","365296","20220710050000","54","2","桃園市","復興區","121.340","24.825","59"
"246","365304","20220710050000","197","2","桃園市","大溪區","121.330","24.835","251"
"136","365315","20220710050000","116","1","桃園市","復興區","121.350","24.835","125"
"1228","365322","20220710050000","1527","0","新竹市","東區","120.970","24.815","1627"
"2517","365323","20220710050000","2728","0","新竹市","北區","120.965","24.810","3255"
"1864","365324","20220710050000","1658","1","新竹市","東區","120.990","24.800","2254"
"47","365325","20220710050000","60","0","新竹市","東區","120.990","24.805","36"
"58","365326","20220710050000","47","2","新竹市","東區","120.995","24.805","62"
"315","365327","20220710050000","519","0","新竹市","東區","120.995","24.785","371"
"171","365328","20220710050000","467","0","新竹市","東區","121.000","24.780","227"
"66","365330","20220710050000","120","0","新竹市","東區","120.990","24.785","60"
"910","365331","20220710050000","1483","0","新竹市","東區","121.000","24.790","1175"
"857","365332","20220710050000","725","1","新竹市","東區","121.000","24.785","1052"
"83","365334","20220710050000","276","0","新竹市","東區","120.990","24.795","112"
"539","365335","20220710050000","1127","0","新竹市","東區","120.990","24.790","671"
"1168","365336","20220710050000","1436","0","新竹市","東區","120.995","24.795","1466"
"1061","365337","20220710050000","960","1","新竹市","東區","120.995","24.790","1411"
"631","365338","20220710050000","764","0","新竹市","北區","120.960","24.790","763"
"1047","365339","20220710050000","1168","0","新竹市","東區","120.980","24.800","1315"
"254","365340","20220710050000","310","0","新竹市","東區","120.990","24.810","333"
"1149","365341","20220710050000","1295","0","新竹市","東區","120.985","24.815","1633"
"552","365346","20220710050000","641","0","新竹市","東區","120.995","24.820","649"
"16","365352","20220710050000","97","0","新竹市","東區","121.015","24.805","19"
"257","365356","20220710050000","241","1","桃園市","楊梅區","121.130","24.885","239"
"129","365363","20220710050000","150","0","桃園市","楊梅區","121.125","24.890","145"
"209","365364","20220710050000","207","1","桃園市","楊梅區","121.130","24.890","205"
"38","367498","20220710050000","30","2","宜蘭縣","頭城鎮","121.880","24.910","28"
"64","369694","20220710050000","55","1","宜蘭縣","頭城鎮","121.895","24.940","68"
"17","369695","20220710050000","167","0","宜蘭縣","頭城鎮","121.900","24.940","14"
"383","373866","20220710050000","692","0","新北市","板橋區","121.435","24.985","516"
"1713","373867","20220710050000","2994","0","新北市","中和區","121.515","24.990","2072"
"39","373876","20220710050000","38","1","宜蘭縣","頭城鎮","121.850","24.895","37"
"217","373895","20220710050000","267","0","宜蘭縣","頭城鎮","121.890","24.940","224"
"85","373934","20220710050000","103","0","宜蘭縣","頭城鎮","121.900","24.945","87"
"22","373935","20220710050000","12","3","宜蘭縣","頭城鎮","121.900","24.950","18"
"30","373940","20220710050000","23","2","宜蘭縣","頭城鎮","121.915","24.950","35"
"195","373951","20220710050000","172","1","宜蘭縣","頭城鎮","121.920","24.960","185"
"149","373977","20220710050000","184","0","新北市","雙溪區","121.795","24.900","196"
"240","373991","20220710050000","272","0","宜蘭縣","頭城鎮","121.865","24.905","231"
"90","373993","20220710050000","126","0","宜蘭縣","頭城鎮","121.850","24.905","68"
"2092","374034","20220710050000","2720","0","新北市","中和區","121.525","24.990","2362"
"2772","374036","20220710050000","5809","0","新北市","土城區","121.465","24.985","3014"
"2554","374037","20220710050000","3059","0","新北市","土城區","121.470","24.990","3220"
"734","374042","20220710050000","935","0","新北市","土城區","121.470","24.975","900"
"1185","374045","20220710050000","2083","0","新北市","新店區","121.545","24.980","1146"
"807","374046","20220710050000","919","0","新北市","中和區","121.480","24.965","807"
"29","374051","20220710050000","26","1","新北市","中和區","121.490","24.970","27"
"21","374054","20220710050000","16","2","新北市","中和區","121.495","24.975","18"
"284","374055","20220710050000","363","0","新北市","中和區","121.495","24.980","399"
"1421","374056","20220710050000","1669","0","新北市","中和區","121.505","24.985","1315"
"416","374067","20220710050000","461","0","新北市","三峽區","121.380","24.925","551"
"1425","374070","20220710050000","1649","0","新北市","三峽區","121.370","24.930","1775"
"324","374083","20220710050000","190","3","新北市","三峽區","121.405","24.905","416"
"56","374086","20220710050000","33","3","新北市","三峽區","121.380","24.910","61"
"42","374103","20220710050000","40","1","新北市","三峽區","121.350","24.900","54"
"68","374104","20220710050000","81","0","新北市","三峽區","121.355","24.900","107"
"47","374106","20220710050000","84","0","新北市","三峽區","121.365","24.900","75"
"277","374107","20220710050000","236","1","新北市","三峽區","121.360","24.905","356"
"86","374108","20220710050000","106","0","新北市","三峽區","121.365","24.905","74"
"536","374109","20220710050000","704","0","新北市","三峽區","121.365","24.910","733"
"140","374111","20220710050000","150","0","新北市","三峽區","121.365","24.920","167"
"47","374139","20220710050000","56","0","新北市","三峽區","121.465","24.915","64"
"60","374147","20220710050000","40","3","新北市","三峽區","121.455","24.920","73"
"19","374151","20220710050000","17","1","新北市","三峽區","121.475","24.920","18"
"102","374167","20220710050000","110","0","新北市","三峽區","121.445","24.925","132"
"142","374179","20220710050000","116","2","新北市","三峽區","121.455","24.930","178"
"50","374183","20220710050000","49","1","新北市","三峽區","121.445","24.935","47"
"2403","374196","20220710050000","2316","1","新北市","新店區","121.550","24.970","2347"
"288","374198","20220710050000","555","0","新北市","新店區","121.550","24.975","381"
"776","374199","20220710050000","713","1","新北市","土城區","121.455","24.990","759"
"959","374200","20220710050000","798","2","新北市","土城區","121.440","24.980","1267"
"254","374201","20220710050000","456","0","新北市","土城區","121.445","24.980","257"
"2574","374203","20220710050000","2737","0","新北市","中和區","121.495","24.990","3066"
"1595","374204","20220710050000","2036","0","新北市","中和區","121.510","24.985","2033"
"3431","374205","20220710050000","4467","0","新北市","新店區","121.545","24.975","4491"
"866","374206","20220710050000","1179","0","新北市","新店區","121.550","24.980","1137"
"1653","374207","20220710050000","2791","0","新北市","中和區","121.505","24.980","2064"
"54","374212","20220710050000","34","3","新北市","中和區","121.485","24.980","44"
"188","374215","20220710050000","235","0","新北市","中和區","121.485","24.990","214"
"73","374216","20220710050000","55","2","新北市","中和區","121.500","24.970","81"
"85","374217","20220710050000","110","0","新北市","中和區","121.500","24.975","103"
"617","374218","20220710050000","636","0","新北市","中和區","121.505","24.975","777"
"397","374219","20220710050000","450","0","新北市","新店區","121.510","24.975","520"
"36","374220","20220710050000","20","3","新北市","中和區","121.500","24.980","47"
"3165","374221","20220710050000","3585","0","新北市","樹林區","121.375","24.945","3859"
"1194","374222","20220710050000","947","2","新北市","三峽區","121.370","24.925","1148"
"878","374223","20220710050000","1749","0","新北市","三峽區","121.365","24.930","1053"
"166","374240","20220710050000","79","3","新北市","三峽區","121.345","24.915","177"
"25","374252","20220710050000","123","0","新北市","三峽區","121.360","24.925","13"
"110","374255","20220710050000","108","1","新北市","三峽區","121.420","24.925","154"
"636","374266","20220710050000","536","1","新北市","中和區","121.500","24.985","865"
"268","374267","20220710050000","1404","0","新北市","中和區","121.500","24.990","256"
"4040","374268","20220710050000","5833","0","新北市","中和區","121.510","24.990","5435"
"1893","374272","20220710050000","2484","0","新北市","三峽區","121.370","24.935","2486"
"273","374277","20220710050000","307","0","新北市","三峽區","121.370","24.900","355"
"186","374283","20220710050000","168","1","新北市","三峽區","121.395","24.935","118"
"197","374286","20220710050000","231","0","新北市","三峽區","121.400","24.940","274"
"65","374288","20220710050000","104","0","新北市","三峽區","121.405","24.945","87"
"384","374295","20220710050000","387","0","新北市","三峽區","121.390","24.930","511"
"400","374297","20220710050000","339","1","新北市","三峽區","121.400","24.930","500"
"157","374300","20220710050000","135","1","新北市","三峽區","121.415","24.925","229"
"321","374302","20220710050000","365","0","新北市","三峽區","121.410","24.930","456"
"42","374321","20220710050000","28","3","新北市","三峽區","121.420","24.900","36"
"123","374335","20220710050000","62","3","新北市","三峽區","121.435","24.905","108"
"79","374343","20220710050000","100","0","新北市","三峽區","121.420","24.910","102"
"158","374363","20220710050000","76","3","新北市","三峽區","121.425","24.920","187"
"125","374371","20220710050000","132","0","新北市","三峽區","121.425","24.925","165"
"17","374390","20220710050000","133","0","新北市","三峽區","121.360","24.935","27"
"1994","374391","20220710050000","1990","1","新北市","三峽區","121.365","24.935","2496"
"917","374393","20220710050000","856","1","新北市","三峽區","121.375","24.935","868"
"487","374394","20220710050000","422","1","新北市","三峽區","121.380","24.935","641"
"1199","374396","20220710050000","1294","0","新北市","三峽區","121.380","24.940","1611"
"1254","374402","20220710050000","1287","0","新北市","三峽區","121.370","24.940","1397"
"1203","374403","20220710050000","2149","0","新北市","三峽區","121.375","24.940","1373"
"138","374405","20220710050000","166","0","新北市","三峽區","121.370","24.945","185"
"502","374408","20220710050000","626","0","新北市","三峽區","121.365","24.925","673"
"46","374410","20220710050000","37","2","新北市","三峽區","121.370","24.920","44"
"596","374412","20220710050000","585","1","新北市","三峽區","121.375","24.925","779"
"402","374418","20220710050000","520","0","新北市","三峽區","121.355","24.910","533"
"1371","374420","20220710050000","1798","0","新北市","三峽區","121.375","24.930","1797"
"413","374421","20220710050000","499","0","新北市","三峽區","121.385","24.930","533"
"2043","374422","20220710050000","3708","0","新北市","中和區","121.505","24.990","2291"
"1140","374423","20220710050000","1860","0","新北市","土城區","121.455","24.985","1316"
"1533","374424","20220710050000","988","3","新北市","土城區","121.470","24.985","1878"
"212","374427","20220710050000","42","3","宜蘭縣","頭城鎮","121.870","24.910","202"
"23","374433","20220710050000","22","1","宜蘭縣","頭城鎮","121.880","24.920","25"
"37","374451","20220710050000","33","1","宜蘭縣","頭城鎮","121.885","24.935","34"
"2452","374458","20220710050000","3715","0","新北市","中和區","121.520","24.990","2820"
"2633","374459","20220710050000","3293","0","新北市","樹林區","121.415","24.980","3528"
"979","374462","20220710050000","907","1","新北市","樹林區","121.385","24.955","965"
"11","374466","20220710050000","10","1","新北市","樹林區","121.380","24.970","12"
"59","374467","20220710050000","111","0","新北市","樹林區","121.385","24.970","67"
"159","374493","20220710050000","791","0","新北市","新店區","121.535","24.990","148"
"404","374494","20220710050000","178","3","新北市","新店區","121.530","24.955","367"
"169","374495","20220710050000","158","1","新北市","新店區","121.535","24.955","161"
"798","374496","20220710050000","840","0","新北市","新店區","121.535","24.960","1006"
"293","374498","20220710050000","298","0","新北市","新店區","121.520","24.970","244"
"1201","374500","20220710050000","1875","0","新北市","新店區","121.515","24.975","1656"
"1384","374512","20220710050000","2020","0","新北市","樹林區","121.420","24.990","1764"
"3036","374513","20220710050000","2944","1","新北市","中和區","121.510","24.980","3949"
"1240","374514","20220710050000","1493","0","新北市","土城區","121.460","24.975","1680"
"420","374515","20220710050000","618","0","新北市","新店區","121.520","24.980","605"
"1124","374516","20220710050000","1330","0","新北市","新店區","121.520","24.985","1070"
"167","374517","20220710050000","124","2","桃園市","大溪區","121.310","24.895","142"
"19","374520","20220710050000","16","1","桃園市","大溪區","121.330","24.895","15"
"23","374524","20220710050000","26","0","桃園市","大溪區","121.320","24.905","24"
"56","374544","20220710050000","56","1","桃園市","大溪區","121.305","24.925","55"
"916","374548","20220710050000","682","2","桃園市","中壢區","121.240","24.940","942"
"119","374549","20220710050000","60","3","桃園市","中壢區","121.245","24.940","125"
"226","374550","20220710050000","180","2","桃園市","中壢區","121.235","24.945","218"
"780","374551","20220710050000","674","1","桃園市","中壢區","121.240","24.945","792"
"242","374552","20220710050000","341","0","桃園市","中壢區","121.240","24.980","248"
"772","374554","20220710050000","533","2","桃園市","中壢區","121.240","24.930","805"
"211","374555","20220710050000","440","0","桃園市","中壢區","121.245","24.930","226"
"897","374556","20220710050000","838","1","桃園市","中壢區","121.235","24.930","875"
"2141","374558","20220710050000","2008","1","桃園市","中壢區","121.250","24.930","2164"
"363","374560","20220710050000","381","0","桃園市","平鎮區","121.205","24.930","342"
"1160","374561","20220710050000","1069","1","桃園市","平鎮區","121.200","24.935","1149"
"84","374562","20220710050000","107","0","桃園市","平鎮區","121.205","24.935","90"
"845","374563","20220710050000","1129","0","桃園市","平鎮區","121.205","24.940","806"
"1810","374564","20220710050000","2187","0","桃園市","平鎮區","121.210","24.955","1812"
"1725","374565","20220710050000","1627","1","桃園市","平鎮區","121.205","24.955","1659"
"636","374566","20220710050000","634","1","桃園市","平鎮區","121.240","24.910","641"
"92","374575","20220710050000","52","3","桃園市","平鎮區","121.195","24.945","85"
"2200","374577","20220710050000","2611","0","桃園市","平鎮區","121.200","24.950","2242"
"1605","374578","20220710050000","1318","2","桃園市","平鎮區","121.200","24.955","1590"
"1157","374579","20220710050000","1214","0","桃園市","平鎮區","121.215","24.950","1183"
"263","374580","20220710050000","237","1","新北市","樹林區","121.365","24.950","238"
"325","374582","20220710050000","419","0","新北市","樹林區","121.375","24.950","454"
"491","374587","20220710050000","712","0","新竹縣","新豐鄉","120.980","24.910","654"
"44","374593","20220710050000","38","1","新竹縣","新豐鄉","120.985","24.915","31"
"412","374594","20220710050000","290","2","新竹縣","新豐鄉","120.970","24.920","498"
"1784","374598","20220710050000","1963","0","桃園市","中壢區","121.245","24.970","1760"
"725","374599","20220710050000","724","1","桃園市","中壢區","121.240","24.975","733"
"1767","374600","20220710050000","861","3","桃園市","中壢區","121.250","24.980","1804"
"730","374601","20220710050000","678","1","桃園市","中壢區","121.250","24.975","697"
"1732","374602","20220710050000","1498","1","桃園市","中壢區","121.260","24.975","1774"
"500","374603","20220710050000","552","0","桃園市","中壢區","121.210","24.960","490"
"752","374604","20220710050000","939","0","新北市","中和區","121.490","24.990","942"
"226","374605","20220710050000","263","0","新北市","土城區","121.445","24.990","275"
"230","374606","20220710050000","254","0","新北市","新店區","121.545","24.960","297"
"1330","374607","20220710050000","1576","0","新北市","新店區","121.535","24.965","1717"
"3215","374608","20220710050000","2579","2","新北市","新店區","121.535","24.970","3172"
"1778","374609","20220710050000","1240","2","新北市","鶯歌區","121.350","24.955","1789"
"1814","374610","20220710050000","1693","1","新北市","鶯歌區","121.345","24.950","1763"
"342","374612","20220710050000","211","3","桃園市","龜山區","121.335","24.980","319"
"2492","374613","20220710050000","2062","2","新北市","鶯歌區","121.335","24.975","2455"
"1449","374614","20220710050000","1559","0","新北市","鶯歌區","121.340","24.940","1441"
"141","374617","20220710050000","146","0","新北市","鶯歌區","121.335","24.945","131"
"550","374618","20220710050000","503","1","新北市","鶯歌區","121.340","24.945","525"
"83","374620","20220710050000","82","1","新北市","鶯歌區","121.330","24.950","92"
"3061","374622","20220710050000","2502","2","新北市","鶯歌區","121.345","24.955","3099"
"78","374623","20220710050000","74","1","新北市","鶯歌區","121.365","24.955","78"
"220","374626","20220710050000","127","3","新北市","鶯歌區","121.370","24.960","210"
"235","374630","20220710050000","247","0","新北市","鶯歌區","121.375","24.965","200"
"203","374631","20220710050000","222","0","新北市","樹林區","121.380","24.965","245"
"57","374641","20220710050000","58","0","新北市","鶯歌區","121.355","24.975","62"
"2597","374648","20220710050000","1725","3","桃園市","中壢區","121.250","24.935","2623"
"66","374649","20220710050000","49","2","新竹縣","新豐鄉","120.980","24.895","57"
"651","374653","20220710050000","654","0","桃園市","八德區","121.300","24.955","666"
"1660","374654","20220710050000","1634","1","桃園市","中壢區","121.225","24.965","1654"
"72","374656","20220710050000","56","2","桃園市","大溪區","121.250","24.895","85"
"288","374659","20220710050000","326","0","桃園市","大溪區","121.265","24.895","272"
"307","374662","20220710050000","462","0","桃園市","大溪區","121.265","24.900","309"
"738","374664","20220710050000","931","0","桃園市","大溪區","121.260","24.905","766"
"2521","374674","20220710050000","3245","0","新北市","新店區","121.535","24.985","3177"
"66","374675","20220710050000","90","0","新北市","新店區","121.540","24.985","61"
"69","374676","20220710050000","1205","0","新北市","新店區","121.505","24.945","57"
"574","374679","20220710050000","647","0","新北市","新店區","121.500","24.955","705"
"542","374680","20220710050000","370","2","新北市","新店區","121.505","24.955","459"
"28","374683","20220710050000","31","0","新北市","新店區","121.500","24.960","50"
"2348","374685","20220710050000","3525","0","新北市","新店區","121.510","24.960","3143"
"374","374692","20220710050000","544","0","新北市","中和區","121.490","24.980","368"
"1081","374694","20220710050000","1115","0","新北市","中和區","121.490","24.985","1255"
"321","374695","20220710050000","264","2","新北市","中和區","121.495","24.985","429"
"44","374714","20220710050000","60","0","新北市","坪林區","121.735","24.950","24"
"21","374715","20220710050000","11","3","新北市","坪林區","121.740","24.950","21"
"190","374733","20220710050000","200","0","新北市","坪林區","121.700","24.960","194"
"153","374748","20220710050000","146","1","新北市","坪林區","121.725","24.960","156"
"46","374749","20220710050000","44","1","新北市","坪林區","121.705","24.965","46"
"191","374755","20220710050000","145","2","新北市","坪林區","121.705","24.935","194"
"43","374759","20220710050000","78","0","新北市","坪林區","121.710","24.940","31"
"137","374760","20220710050000","157","0","新北市","坪林區","121.720","24.940","122"
"20","374766","20220710050000","16","2","新北市","坪林區","121.700","24.950","13"
"30","374772","20220710050000","20","3","新北市","坪林區","121.710","24.890","17"
"48","374784","20220710050000","41","1","新北市","坪林區","121.700","24.905","38"
"58","374792","20220710050000","54","1","新北市","坪林區","121.700","24.915","63"
"36","374801","20220710050000","32","1","新北市","坪林區","121.700","24.920","32"
"238","374804","20220710050000","152","3","新北市","坪林區","121.695","24.925","212"
"168","374823","20220710050000","201","0","新北市","坪林區","121.715","24.925","179"
"96","374907","20220710050000","59","3","新北市","坪林區","121.785","24.955","67"
"49","374921","20220710050000","64","0","新北市","坪林區","121.730","24.965","36"
"22","374929","20220710050000","21","1","新北市","坪林區","121.770","24.965","28"
"26","374932","20220710050000","14","3","新北市","坪林區","121.785","24.965","25"
"14","374969","20220710050000","16","0","新北市","坪林區","121.745","24.890","14"
"77","374980","20220710050000","58","2","新北市","坪林區","121.730","24.895","81"
"25","375116","20220710050000","78","0","新北市","坪林區","121.680","24.915","21"
"82","375126","20220710050000","87","0","新北市","坪林區","121.680","24.930","82"
"59","375135","20220710050000","58","1","新北市","石碇區","121.665","24.940","50"
"744","375152","20220710050000","1172","0","新北市","新店區","121.535","24.980","916"
"560","375153","20220710050000","581","0","新北市","新店區","121.495","24.945","532"
"646","375154","20220710050000","427","3","新北市","新店區","121.495","24.950","826"
"1717","375155","20220710050000","4265","0","新北市","新店區","121.545","24.970","2176"
"429","375159","20220710050000","357","2","新北市","新店區","121.535","24.940","454"
"463","375160","20220710050000","201","3","新北市","新店區","121.540","24.940","446"
"2578","375167","20220710050000","2130","2","桃園市","八德區","121.295","24.960","2622"
"406","375168","20220710050000","356","1","桃園市","中壢區","121.205","24.965","407"
"14","375172","20220710050000","12","1","桃園市","中壢區","121.190","24.975","15"
"25","375176","20220710050000","50","0","桃園市","中壢區","121.210","24.975","23"
"2233","375180","20220710050000","2284","0","桃園市","中壢區","121.255","24.975","2194"
"1333","375181","20220710050000","1371","0","桃園市","平鎮區","121.220","24.950","1318"
"1627","375182","20220710050000","1101","2","桃園市","中壢區","121.225","24.945","1619"
"3588","375183","20220710050000","2844","2","桃園市","中壢區","121.230","24.955","3673"
"393","375185","20220710050000","381","1","桃園市","中壢區","121.220","24.985","416"
"2353","375190","20220710050000","2133","1","桃園市","八德區","121.300","24.960","2306"
"1305","375191","20220710050000","1661","0","新竹縣","湖口鄉","121.050","24.905","1657"
"560","375194","20220710050000","759","0","新竹縣","湖口鄉","121.055","24.910","789"
"337","375195","20220710050000","402","0","新竹縣","湖口鄉","121.050","24.915","490"
"1041","375199","20220710050000","970","1","桃園市","楊梅區","121.060","24.920","1330"
"191","375200","20220710050000","229","0","新竹縣","湖口鄉","121.055","24.925","212"
"1676","375202","20220710050000","1903","0","桃園市","八德區","121.295","24.965","1696"
"1633","375203","20220710050000","1517","1","桃園市","中壢區","121.225","24.955","1532"
"1654","375204","20220710050000","1610","1","桃園市","中壢區","121.225","24.960","1565"
"1415","375206","20220710050000","1741","0","桃園市","中壢區","121.260","24.965","1411"
"1357","375207","20220710050000","957","2","桃園市","八德區","121.300","24.970","1351"
"3052","375208","20220710050000","2317","2","桃園市","桃園區","121.305","24.975","3048"
"1081","375209","20220710050000","858","2","桃園市","八德區","121.300","24.975","1159"
"497","375215","20220710050000","388","2","桃園市","八德區","121.300","24.925","498"
"1198","375216","20220710050000","1067","1","新北市","土城區","121.450","24.990","1602"
"1320","375217","20220710050000","1980","0","新北市","土城區","121.440","24.975","1366"
"1536","375218","20220710050000","1764","0","新北市","土城區","121.465","24.975","2055"
"1436","375220","20220710050000","1654","0","新北市","新店區","121.540","24.970","1353"
"191","375229","20220710050000","234","0","新北市","新店區","121.475","24.940","229"
"64","375230","20220710050000","644","0","新北市","新店區","121.480","24.940","67"
"209","375239","20220710050000","339","0","新北市","新店區","121.485","24.950","222"
"893","375244","20220710050000","1370","0","新北市","新店區","121.510","24.970","1072"
"1027","375246","20220710050000","1397","0","新北市","新店區","121.515","24.970","1238"
"1254","375247","20220710050000","1777","0","桃園市","中壢區","121.210","24.965","1232"
"1426","375250","20220710050000","943","3","桃園市","中壢區","121.235","24.970","1250"
"476","375252","20220710050000","418","1","桃園市","中壢區","121.235","24.975","480"
"187","375253","20220710050000","334","0","桃園市","中壢區","121.235","24.980","183"
"58","375255","20220710050000","195","0","桃園市","中壢區","121.235","24.985","47"
"1016","375256","20220710050000","992","1","桃園市","中壢區","121.230","24.990","1030"
"2236","375258","20220710050000","1643","2","桃園市","八德區","121.295","24.945","2251"
"400","375259","20220710050000","398","1","桃園市","八德區","121.295","24.950","413"
"982","375260","20220710050000","548","3","桃園市","八德區","121.275","24.965","1009"
"443","375261","20220710050000","409","1","桃園市","八德區","121.280","24.970","461"
"999","375264","20220710050000","984","1","桃園市","中壢區","121.195","24.960","991"
"55","375265","20220710050000","231","0","桃園市","中壢區","121.200","24.960","54"
"1734","375266","20220710050000","1895","0","桃園市","平鎮區","121.190","24.965","1737"
"461","375269","20220710050000","757","0","桃園市","平鎮區","121.190","24.970","465"
"3032","375271","20220710050000","1719","3","桃園市","中壢區","121.205","24.960","3121"
"2421","375272","20220710050000","1911","2","桃園市","中壢區","121.260","24.950","2517"
"2579","375273","20220710050000","1440","3","桃園市","中壢區","121.260","24.955","2677"
"627","375274","20220710050000","654","0","桃園市","八德區","121.290","24.960","591"
"725","375275","20220710050000","753","0","桃園市","八德區","121.265","24.970","703"
"182","375276","20220710050000","208","0","桃園市","八德區","121.275","24.970","159"
"473","375278","20220710050000","471","1","桃園市","八德區","121.270","24.970","474"
"1178","375279","20220710050000","877","2","桃園市","八德區","121.275","24.975","1186"
"1124","375281","20220710050000","992","1","桃園市","八德區","121.295","24.925","1117"
"299","375296","20220710050000","310","0","新竹縣","新豐鄉","121.005","24.925","384"
"260","375299","20220710050000","373","0","新竹縣","新豐鄉","121.020","24.925","292"
"144","375303","20220710050000","152","0","新竹縣","新豐鄉","120.965","24.895","172"
"210","375308","20220710050000","144","2","新竹縣","新豐鄉","120.970","24.900","249"
"865","375316","20220710050000","1153","0","新北市","土城區","121.420","24.960","1044"
"490","375317","20220710050000","705","0","新北市","土城區","121.410","24.955","656"
"969","375318","20220710050000","1086","0","新北市","土城區","121.415","24.955","1276"
"221","375319","20220710050000","224","0","新北市","新店區","121.515","24.980","222"
"117","375320","20220710050000","74","3","新北市","新店區","121.515","24.945","184"
"293","375321","20220710050000","479","0","新北市","新店區","121.520","24.945","402"
"33","375323","20220710050000","69","0","新北市","新店區","121.520","24.950","42"
"40","375324","20220710050000","21","3","新北市","新店區","121.525","24.950","68"
"290","375325","20220710050000","528","0","新北市","新店區","121.515","24.955","348"
"1020","375326","20220710050000","515","3","新北市","新店區","121.520","24.955","1448"
"152","375330","20220710050000","141","1","新北市","新店區","121.530","24.960","229"
"529","375332","20220710050000","663","0","新北市","新店區","121.525","24.965","624"
"12","375333","20220710050000","644","0","新北市","新店區","121.520","24.965","12"
"1982","375335","20220710050000","2717","0","新北市","新店區","121.540","24.975","2350"
"580","375346","20220710050000","785","0","新北市","新店區","121.505","24.920","672"
"530","375357","20220710050000","632","0","新北市","新店區","121.510","24.925","678"
"24","375361","20220710050000","22","1","新北市","新店區","121.530","24.925","25"
"2879","375369","20220710050000","3867","0","新北市","新店區","121.540","24.980","3675"
"810","375370","20220710050000","1238","0","新北市","新店區","121.530","24.950","1098"
"1523","375371","20220710050000","1193","2","新北市","新店區","121.550","24.955","1604"
"135","375372","20220710050000","529","0","新北市","新店區","121.555","24.955","136"
"515","375374","20220710050000","484","1","新北市","新店區","121.555","24.965","653"
"64","375384","20220710050000","78","0","新北市","新店區","121.500","24.920","71"
"66","375390","20220710050000","82","0","新北市","新店區","121.505","24.930","77"
"25","375394","20220710050000","40","0","新北市","新店區","121.510","24.935","40"
"500","375399","20220710050000","504","0","新北市","新店區","121.505","24.940","649"
"1231","375400","20220710050000","988","2","桃園市","八德區","121.320","24.960","1207"
"1774","375401","20220710050000","1182","3","桃園市","八德區","121.325","24.970","1774"
"811","375402","20220710050000","612","2","桃園市","八德區","121.300","24.930","775"
"114","375403","20220710050000","114","1","桃園市","八德區","121.305","24.930","100"
"155","375404","20220710050000","142","1","桃園市","八德區","121.300","24.935","169"
"327","375405","20220710050000","384","0","桃園市","八德區","121.305","24.935","365"
"174","375407","20220710050000","273","0","桃園市","八德區","121.300","24.940","233"
"607","375408","20220710050000","523","1","桃園市","八德區","121.305","24.940","605"
"668","375410","20220710050000","702","0","桃園市","八德區","121.255","24.920","549"
"327","375417","20220710050000","301","1","桃園市","八德區","121.260","24.925","325"
"1105","375419","20220710050000","845","2","桃園市","八德區","121.270","24.975","1120"
"2037","375420","20220710050000","2923","0","桃園市","中壢區","121.240","24.955","2093"
"768","375421","20220710050000","1605","0","桃園市","中壢區","121.240","24.960","827"
"649","375422","20220710050000","727","0","桃園市","中壢區","121.245","24.960","616"
"2162","375427","20220710050000","1214","3","桃園市","中壢區","121.255","24.960","2252"
"112","375435","20220710050000","177","0","新竹縣","新豐鄉","121.005","24.930","144"
"10","375443","20220710050000","10","1","新竹縣","新豐鄉","121.015","24.935","10"
"161","375452","20220710050000","237","0","新竹縣","新豐鄉","121.000","24.905","251"
"339","375460","20220710050000","520","0","新竹縣","新豐鄉","121.010","24.910","473"
"382","375465","20220710050000","394","0","新竹縣","新豐鄉","121.025","24.915","529"
"314","375468","20220710050000","244","2","新竹縣","新豐鄉","121.035","24.930","465"
"1064","375480","20220710050000","1396","0","新竹縣","新豐鄉","120.985","24.900","1453"
"1031","375481","20220710050000","552","3","新竹縣","新豐鄉","120.990","24.900","926"
"855","375484","20220710050000","1380","0","桃園市","中壢區","121.235","24.950","892"
"2004","375485","20220710050000","2175","0","新北市","土城區","121.445","24.970","2700"
"744","375486","20220710050000","898","0","新北市","土城區","121.445","24.975","989"
"2461","375487","20220710050000","2718","0","新北市","新店區","121.530","24.970","2874"
"1786","375488","20220710050000","1640","1","新北市","新店區","121.525","24.975","2136"
"805","375489","20220710050000","1033","0","新北市","新店區","121.530","24.975","1076"
"210","375490","20220710050000","136","3","新北市","新店區","121.525","24.980","194"
"1569","375492","20220710050000","1528","1","新北市","土城區","121.435","24.970","2117"
"1819","375493","20220710050000","3100","0","新北市","新店區","121.545","24.965","2466"
"3513","375495","20220710050000","4756","0","新北市","新店區","121.535","24.975","3517"
"468","375515","20220710050000","416","1","新北市","新店區","121.555","24.930","445"
"46","375517","20220710050000","42","1","新北市","新店區","121.565","24.930","47"
"613","375521","20220710050000","548","1","新北市","新店區","121.550","24.935","602"
"657","375529","20220710050000","807","0","新北市","新店區","121.530","24.965","872"
"649","375530","20220710050000","2171","0","新北市","新店區","121.475","24.955","1548"
"842","375534","20220710050000","1142","0","新北市","中和區","121.485","24.965","1105"
"1672","375536","20220710050000","1645","1","桃園市","中壢區","121.245","24.935","1694"
"1408","375537","20220710050000","1216","1","桃園市","中壢區","121.260","24.970","1397"
"590","375539","20220710050000","577","1","桃園市","中壢區","121.255","24.935","574"
"328","375540","20220710050000","292","1","桃園市","中壢區","121.260","24.935","349"
"1099","375541","20220710050000","1588","0","桃園市","中壢區","121.250","24.940","1198"
"564","375542","20220710050000","690","0","桃園市","中壢區","121.260","24.940","550"
"1855","375543","20220710050000","1783","1","桃園市","中壢區","121.240","24.950","1862"
"486","375544","20220710050000","489","0","桃園市","中壢區","121.245","24.950","469"
"1044","375548","20220710050000","783","2","桃園市","觀音區","121.150","24.965","1016"
"306","375551","20220710050000","296","1","桃園市","觀音區","121.140","24.975","320"
"151","375559","20220710050000","163","0","桃園市","觀音區","121.135","24.985","181"
"1073","375569","20220710050000","931","1","桃園市","觀音區","121.165","24.990","1121"
"419","375572","20220710050000","479","0","桃園市","八德區","121.320","24.945","399"
"152","375574","20220710050000","283","0","桃園市","八德區","121.315","24.950","151"
"765","375577","20220710050000","935","0","桃園市","八德區","121.315","24.955","788"
"1258","375578","20220710050000","1173","1","桃園市","八德區","121.295","24.970","1205"
"358","375581","20220710050000","254","2","桃園市","蘆竹區","121.270","24.990","363"
"48","375593","20220710050000","47","1","新北市","石碇區","121.675","24.970","51"
"32","375644","20220710050000","27","1","新北市","石碇區","121.635","24.950","24"
"50","375652","20220710050000","49","1","新北市","石碇區","121.635","24.955","57"
"47","375653","20220710050000","36","2","新北市","石碇區","121.640","24.955","45"
"100","375655","20220710050000","106","0","新北市","石碇區","121.650","24.955","112"
"94","375667","20220710050000","97","0","新北市","石碇區","121.630","24.965","104"
"12","375811","20220710050000","17","0","新北市","石碇區","121.645","24.930","11"
"16","375836","20220710050000","16","1","新北市","石碇區","121.660","24.950","16"
"40","375839","20220710050000","33","2","新北市","石碇區","121.670","24.980","33"
"25","375840","20220710050000","13","3","新北市","石碇區","121.675","24.980","25"
"61","375891","20220710050000","63","0","新北市","石碇區","121.660","24.975","79"
"28","375897","20220710050000","35","0","新北市","石碇區","121.665","24.980","30"
"47","375941","20220710050000","25","3","新北市","貢寮區","121.885","24.985","51"
"151","375959","20220710050000","135","1","新北市","土城區","121.445","24.960","165"
"525","375963","20220710050000","693","0","新北市","土城區","121.435","24.975","693"
"1019","375967","20220710050000","1325","0","新北市","土城區","121.440","24.970","1345"
"324","375969","20220710050000","410","0","新北市","土城區","121.455","24.970","386"
"238","375970","20220710050000","223","1","新北市","新店區","121.550","24.960","320"
"448","375971","20220710050000","612","0","新北市","新店區","121.550","24.965","626"
"39","375972","20220710050000","28","2","新北市","新店區","121.580","24.910","35"
"205","375990","20220710050000","237","0","新北市","新店區","121.570","24.930","214"
"54","375994","20220710050000","56","0","新北市","新店區","121.590","24.930","74"
"75","376023","20220710050000","75","1","新北市","新店區","121.580","24.950","91"
"46","376024","20220710050000","39","1","新北市","新店區","121.585","24.950","42"
"22","376033","20220710050000","19","1","新北市","新店區","121.605","24.955","21"
"257","376045","20220710050000","303","0","新北市","新店區","121.500","24.935","248"
"56","376049","20220710050000","55","1","新北市","新店區","121.500","24.940","43"
"1644","376051","20220710050000","2175","0","新北市","新店區","121.490","24.945","2073"
"283","376052","20220710050000","379","0","新北市","新店區","121.490","24.950","354"
"464","376060","20220710050000","487","0","新北市","新店區","121.545","24.955","603"
"862","376063","20220710050000","1125","0","新北市","新店區","121.560","24.955","1193"
"1093","376064","20220710050000","1083","1","新北市","新店區","121.565","24.955","1382"
"52","376065","20220710050000","48","1","新北市","新店區","121.570","24.955","47"
"14","376068","20220710050000","96","0","新北市","新店區","121.560","24.960","17"
"12","376072","20220710050000","51","0","新北市","新店區","121.580","24.960","11"
"23","376099","20220710050000","225","0","新北市","新店區","121.555","24.905","19"
"503","376101","20220710050000","500","1","新北市","新店區","121.545","24.910","519"
"773","376106","20220710050000","688","1","桃園市","觀音區","121.155","24.975","778"
"381","376109","20220710050000","363","1","桃園市","觀音區","121.150","24.980","400"
"248","376115","20220710050000","286","0","桃園市","觀音區","121.135","24.990","252"
"2188","376118","20220710050000","3575","0","新北市","新店區","121.515","24.985","2609"
"408","376123","20220710050000","572","0","新北市","土城區","121.445","24.950","539"
"165","376130","20220710050000","127","2","新北市","土城區","121.440","24.965","220"
"184","376131","20220710050000","298","0","新北市","土城區","121.430","24.970","263"
"563","376132","20220710050000","750","0","新北市","土城區","121.435","24.965","745"
"209","376133","20220710050000","320","0","新北市","板橋區","121.430","24.975","270"
"1309","376134","20220710050000","2217","0","臺北市","文山區","121.545","24.985","1483"
"218","376135","20220710050000","482","0","新北市","新店區","121.510","24.950","258"
"951","376136","20220710050000","1328","0","新北市","新店區","121.515","24.960","1219"
"118","376137","20220710050000","1723","0","新北市","新店區","121.515","24.965","81"
"1637","376141","20220710050000","1626","1","桃園市","八德區","121.320","24.965","1616"
"433","376145","20220710050000","495","0","新竹縣","湖口鄉","121.060","24.895","609"
"169","376148","20220710050000","1112","0","新北市","土城區","121.455","24.980","142"
"455","376149","20220710050000","873","0","新北市","土城區","121.450","24.980","459"
"173","376150","20220710050000","786","0","新北市","新店區","121.540","24.955","169"
"225","376151","20220710050000","583","0","桃園市","中壢區","121.255","24.940","247"
"1246","376153","20220710050000","1235","1","桃園市","中壢區","121.250","24.965","1248"
"2159","376154","20220710050000","2415","0","桃園市","中壢區","121.255","24.965","2231"
"1857","376155","20220710050000","2780","0","桃園市","中壢區","121.250","24.970","1881"
"54","376156","20220710050000","74","0","桃園市","八德區","121.320","24.955","49"
"60","376157","20220710050000","210","0","桃園市","八德區","121.325","24.955","51"
"900","376160","20220710050000","749","2","桃園市","八德區","121.325","24.965","900"
"3848","376161","20220710050000","3348","1","桃園市","桃園區","121.280","24.990","3914"
"111","376176","20220710050000","149","0","新北市","樹林區","121.405","24.990","150"
"818","376178","20220710050000","364","3","桃園市","平鎮區","121.205","24.895","814"
"202","376179","20220710050000","233","0","桃園市","平鎮區","121.195","24.895","192"
"930","376180","20220710050000","1003","0","桃園市","平鎮區","121.200","24.895","951"
"700","376181","20220710050000","441","3","桃園市","平鎮區","121.195","24.900","669"
"529","376183","20220710050000","258","3","桃園市","平鎮區","121.205","24.900","511"
"247","376184","20220710050000","229","1","桃園市","平鎮區","121.195","24.905","225"
"288","376185","20220710050000","293","0","桃園市","平鎮區","121.200","24.905","285"
"174","376189","20220710050000","123","2","桃園市","平鎮區","121.215","24.900","187"
"657","376192","20220710050000","582","1","桃園市","平鎮區","121.215","24.905","625"
"2041","376194","20220710050000","1510","2","桃園市","桃園區","121.315","24.985","1981"
"1199","376195","20220710050000","1139","1","桃園市","中壢區","121.245","24.945","1215"
"843","376196","20220710050000","822","1","桃園市","中壢區","121.250","24.945","808"
"254","376199","20220710050000","164","3","新北市","石碇區","121.660","24.990","261"
"66","376200","20220710050000","47","2","新北市","石碇區","121.685","24.960","69"
"57","376205","20220710050000","53","1","新北市","石碇區","121.680","24.970","45"
"149","376222","20220710050000","183","0","新北市","石碇區","121.690","24.980","164"
"303","376245","20220710050000","536","0","新北市","鶯歌區","121.340","24.960","349"
"238","376246","20220710050000","162","2","新北市","鶯歌區","121.340","24.965","213"
"445","376251","20220710050000","379","1","新北市","鶯歌區","121.345","24.975","447"
"157","376258","20220710050000","134","1","新北市","鶯歌區","121.320","24.935","160"
"755","376259","20220710050000","797","0","新北市","鶯歌區","121.325","24.935","728"
"304","376260","20220710050000","438","0","新北市","鶯歌區","121.330","24.935","316"
"235","376263","20220710050000","254","0","新北市","鶯歌區","121.330","24.940","241"
"258","376265","20220710050000","225","1","新北市","鶯歌區","121.335","24.930","256"
"549","376268","20220710050000","531","1","新北市","鶯歌區","121.345","24.935","570"
"2328","376269","20220710050000","2181","1","新北市","鶯歌區","121.355","24.955","2330"
"806","376270","20220710050000","602","2","新北市","鶯歌區","121.360","24.955","790"
"498","376273","20220710050000","582","0","新北市","鶯歌區","121.355","24.940","675"
"203","376274","20220710050000","337","0","新北市","鶯歌區","121.350","24.945","195"
"449","376277","20220710050000","455","0","新北市","鶯歌區","121.350","24.950","486"
"1151","376280","20220710050000","1625","0","新北市","樹林區","121.395","24.970","1587"
"704","376281","20220710050000","728","0","桃園市","楊梅區","121.185","24.915","712"
"616","376282","20220710050000","716","0","桃園市","楊梅區","121.180","24.920","625"
"554","376283","20220710050000","277","3","桃園市","楊梅區","121.185","24.920","556"
"435","376284","20220710050000","443","0","桃園市","中壢區","121.215","24.960","429"
"1166","376285","20220710050000","1518","0","桃園市","中壢區","121.215","24.965","1140"
"13","376287","20220710050000","18","0","桃園市","中壢區","121.175","24.975","18"
"141","376293","20220710050000","164","0","桃園市","中壢區","121.190","24.980","141"
"39","376295","20220710050000","50","0","桃園市","中壢區","121.175","24.980","44"
"1143","376297","20220710050000","1076","1","桃園市","中壢區","121.185","24.980","1164"
"296","376300","20220710050000","238","2","桃園市","中壢區","121.175","24.985","294"
"169","376301","20220710050000","166","1","桃園市","中壢區","121.180","24.985","186"
"2071","376307","20220710050000","1052","3","桃園市","八德區","121.260","24.930","2213"
"1422","376308","20220710050000","1613","0","桃園市","平鎮區","121.220","24.945","1409"
"1174","376309","20220710050000","1053","1","桃園市","楊梅區","121.150","24.905","1203"
"399","376311","20220710050000","325","2","桃園市","平鎮區","121.220","24.920","426"
"578","376312","20220710050000","651","0","桃園市","平鎮區","121.220","24.925","561"
"1210","376313","20220710050000","692","3","桃園市","平鎮區","121.205","24.915","1241"
"702","376315","20220710050000","571","2","新北市","樹林區","121.390","24.960","715"
"18","376320","20220710050000","32","0","新北市","樹林區","121.395","24.965","24"
"102","376325","20220710050000","120","0","新北市","樹林區","121.405","24.970","126"
"3902","376326","20220710050000","4715","0","新北市","樹林區","121.380","24.945","4349"
"636","376327","20220710050000","554","1","新北市","樹林區","121.385","24.945","623"
"2339","376330","20220710050000","1947","2","新北市","樹林區","121.380","24.950","2246"
"633","376331","20220710050000","675","0","新北市","樹林區","121.385","24.950","608"
"1557","376333","20220710050000","1307","1","新北市","樹林區","121.395","24.950","1482"
"525","376335","20220710050000","628","0","新北市","板橋區","121.435","24.990","516"
"4178","376337","20220710050000","3849","1","新北市","土城區","121.450","24.985","5050"
"408","376338","20220710050000","361","1","桃園市","中壢區","121.245","24.985","393"
"769","376341","20220710050000","880","0","桃園市","中壢區","121.240","24.990","781"
"380","376344","20220710050000","366","1","桃園市","中壢區","121.255","24.990","383"
"1588","376345","20220710050000","1563","1","桃園市","中壢區","121.255","24.980","1615"
"646","376347","20220710050000","688","0","桃園市","中壢區","121.260","24.945","626"
"386","376348","20220710050000","341","1","桃園市","中壢區","121.255","24.950","419"
"1469","376349","20220710050000","679","3","桃園市","中壢區","121.165","24.960","1521"
"440","376350","20220710050000","354","2","桃園市","中壢區","121.170","24.960","484"
"753","376351","20220710050000","540","2","桃園市","新屋區","121.155","24.960","747"
"18","376352","20220710050000","11","3","桃園市","中壢區","121.155","24.965","16"
"64","376353","20220710050000","386","0","桃園市","中壢區","121.160","24.965","67"
"226","376358","20220710050000","209","1","桃園市","中壢區","121.160","24.970","223"
"1789","376361","20220710050000","1586","1","桃園市","中壢區","121.175","24.970","1759"
"1082","376370","20220710050000","1430","0","新北市","樹林區","121.420","24.980","1351"
"1442","376373","20220710050000","1227","1","新北市","樹林區","121.420","24.975","1414"
"2172","376375","20220710050000","1777","2","新北市","板橋區","121.425","24.985","2826"
"2102","376380","20220710050000","2749","0","新北市","板橋區","121.430","24.985","2791"
"1120","376381","20220710050000","1048","1","桃園市","平鎮區","121.250","24.925","1109"
"11","376385","20220710050000","40","0","桃園市","龜山區","121.350","24.985","11"
"549","376391","20220710050000","622","0","桃園市","龜山區","121.360","24.990","526"
"40","376392","20220710050000","33","2","桃園市","龜山區","121.365","24.990","44"
"81","376393","20220710050000","89","0","桃園市","龜山區","121.370","24.990","80"
"132","376400","20220710050000","299","0","桃園市","楊梅區","121.105","24.910","135"
"283","376403","20220710050000","280","1","桃園市","楊梅區","121.120","24.910","286"
"240","376407","20220710050000","201","1","桃園市","楊梅區","121.100","24.915","240"
"1278","376412","20220710050000","872","2","桃園市","楊梅區","121.125","24.915","1356"
"160","376419","20220710050000","146","1","新竹縣","湖口鄉","121.105","24.895","145"
"16","376422","20220710050000","69","0","桃園市","楊梅區","121.085","24.900","14"
"742","376427","20220710050000","735","1","桃園市","楊梅區","121.060","24.905","943"
"390","376431","20220710050000","376","1","桃園市","楊梅區","121.080","24.905","390"
"675","376438","20220710050000","545","2","桃園市","楊梅區","121.070","24.910","603"
"341","376440","20220710050000","235","2","桃園市","楊梅區","121.080","24.910","318"
"441","376443","20220710050000","487","0","桃園市","楊梅區","121.095","24.910","433"
"605","376447","20220710050000","598","1","桃園市","楊梅區","121.075","24.915","609"
"497","376456","20220710050000","441","1","桃園市","楊梅區","121.125","24.940","508"
"445","376457","20220710050000","167","3","桃園市","楊梅區","121.130","24.940","425"
"166","376471","20220710050000","200","0","新北市","深坑區","121.620","24.980","174"
"487","376485","20220710050000","652","0","新北市","樹林區","121.415","24.985","647"
"1229","376486","20220710050000","1173","1","新北市","樹林區","121.425","24.990","1705"
"918","376487","20220710050000","852","1","桃園市","平鎮區","121.200","24.945","938"
"3714","376488","20220710050000","3228","1","桃園市","平鎮區","121.205","24.945","3689"
"1418","376490","20220710050000","1657","0","桃園市","平鎮區","121.210","24.950","1410"
"1065","376491","20220710050000","1073","0","桃園市","平鎮區","121.210","24.900","1098"
"2090","376492","20220710050000","1782","1","桃園市","平鎮區","121.210","24.905","2084"
"12","376500","20220710050000","11","1","新北市","土城區","121.445","24.940","13"
"38","376502","20220710050000","38","1","新北市","土城區","121.415","24.945","34"
"199","376508","20220710050000","268","0","新北市","土城區","121.410","24.950","180"
"196","376509","20220710050000","323","0","新北市","土城區","121.415","24.950","267"
"3181","376510","20220710050000","2649","2","桃園市","中壢區","121.230","24.945","3221"
"2109","376511","20220710050000","2309","0","桃園市","中壢區","121.235","24.955","2188"
"425","376514","20220710050000","546","0","桃園市","中壢區","121.220","24.975","427"
"849","376517","20220710050000","499","3","桃園市","中壢區","121.215","24.980","839"
"21","376518","20220710050000","74","0","桃園市","中壢區","121.220","24.980","24"
"2820","376521","20220710050000","2927","0","桃園市","中壢區","121.220","24.960","2852"
"301","376522","20220710050000","366","0","新竹縣","新豐鄉","121.000","24.895","388"
"117","376524","20220710050000","91","2","新竹縣","新豐鄉","121.010","24.895","99"
"841","376531","20220710050000","761","1","桃園市","平鎮區","121.255","24.925","848"
"534","376532","20220710050000","690","0","新北市","樹林區","121.415","24.975","724"
"248","376533","20220710050000","420","0","新北市","樹林區","121.400","24.970","303"
"1991","376539","20220710050000","1617","2","新北市","樹林區","121.420","24.985","2616"
"2662","376540","20220710050000","2752","0","新北市","土城區","121.460","24.980","3545"
"1179","376541","20220710050000","2037","0","新北市","土城區","121.460","24.985","1571"
"2197","376542","20220710050000","3024","0","新北市","板橋區","121.430","24.990","2494"
"55","376544","20220710050000","38","2","新北市","平溪區","121.725","24.975","44"
"15","376575","20220710050000","21","0","新北市","平溪區","121.760","24.990","15"
"4603","376577","20220710050000","3805","2","新北市","板橋區","121.460","24.990","4961"
"568","376578","20220710050000","926","0","新北市","土城區","121.465","24.980","550"
"356","376584","20220710050000","687","0","新北市","土城區","121.425","24.960","470"
"281","376586","20220710050000","218","2","新北市","土城區","121.435","24.960","353"
"559","376587","20220710050000","952","0","新北市","土城區","121.430","24.965","799"
"3110","376588","20220710050000","2559","2","桃園市","八德區","121.305","24.965","3164"
"1180","376589","20220710050000","411","3","桃園市","桃園區","121.295","24.975","1075"
"1008","376592","20220710050000","982","1","桃園市","中壢區","121.230","24.940","988"
"1849","376594","20220710050000","1140","3","桃園市","平鎮區","121.245","24.915","1845"
"1876","376595","20220710050000","1515","2","桃園市","八德區","121.295","24.955","1813"
"391","376607","20220710050000","350","1","新竹縣","新豐鄉","120.985","24.920","470"
"1094","376614","20220710050000","1241","0","新竹縣","新豐鄉","120.990","24.930","1476"
"942","376622","20220710050000","667","2","桃園市","中壢區","121.230","24.970","832"
"873","376623","20220710050000","825","1","桃園市","中壢區","121.225","24.975","864"
"773","376624","20220710050000","1070","0","桃園市","中壢區","121.230","24.975","1194"
"553","376627","20220710050000","593","0","桃園市","中壢區","121.230","24.980","528"
"111","376628","20220710050000","90","2","新竹縣","湖口鄉","121.035","24.900","109"
"97","376629","20220710050000","89","1","新竹縣","湖口鄉","121.040","24.900","98"
"876","376633","20220710050000","964","0","新竹縣","湖口鄉","121.040","24.895","1145"
"767","376636","20220710050000","622","2","新竹縣","湖口鄉","121.040","24.915","985"
"34","376641","20220710050000","267","0","新竹縣","湖口鄉","121.040","24.925","39"
"220","376651","20220710050000","229","0","新竹縣","湖口鄉","121.045","24.935","328"
"1346","376653","20220710050000","1230","1","桃園市","中壢區","121.235","24.965","1324"
"47","376655","20220710050000","20","3","桃園市","中壢區","121.240","24.970","50"
"198","376656","20220710050000","1118","0","桃園市","中壢區","121.255","24.930","211"
"556","376658","20220710050000","647","0","新竹縣","湖口鄉","121.065","24.895","714"
"330","376665","20220710050000","333","0","新北市","鶯歌區","121.355","24.950","335"
"722","376666","20220710050000","755","0","新北市","鶯歌區","121.335","24.955","710"
"2078","376667","20220710050000","2068","1","新北市","鶯歌區","121.330","24.960","2085"
"48","376668","20220710050000","216","0","新北市","鶯歌區","121.335","24.960","50"
"432","376670","20220710050000","342","2","新北市","鶯歌區","121.340","24.950","401"
"1342","376674","20220710050000","1087","2","新北市","鶯歌區","121.330","24.965","1361"
"1708","376675","20220710050000","1675","1","新北市","樹林區","121.425","24.980","1879"
"71","376679","20220710050000","45","3","新北市","樹林區","121.405","24.955","73"
"554","376680","20220710050000","471","1","新北市","樹林區","121.405","24.960","558"
"265","376682","20220710050000","301","0","新北市","樹林區","121.410","24.970","337"
"188","376685","20220710050000","252","0","新北市","樹林區","121.400","24.975","269"
"299","376686","20220710050000","240","2","新北市","樹林區","121.405","24.975","405"
"895","376687","20220710050000","1018","0","新北市","樹林區","121.410","24.975","1189"
"41","376690","20220710050000","71","0","新北市","樹林區","121.400","24.980","69"
"1171","376699","20220710050000","1837","0","新北市","樹林區","121.410","24.980","1536"
"609","376700","20220710050000","953","0","新北市","樹林區","121.415","24.990","774"
"1376","376701","20220710050000","1236","1","新北市","新店區","121.500","24.945","1744"
"63","376703","20220710050000","52","2","新北市","新店區","121.565","24.905","63"
"450","376717","20220710050000","398","1","新北市","新店區","121.550","24.920","462"
"2498","376725","20220710050000","1763","2","新北市","新店區","121.540","24.960","3439"
"25","376752","20220710050000","14","3","新北市","新店區","121.535","24.905","20"
"36","376759","20220710050000","42","0","新北市","新店區","121.535","24.910","34"
"36","376761","20220710050000","30","2","新北市","新店區","121.520","24.915","43"
"56","376764","20220710050000","76","0","新北市","新店區","121.535","24.915","53"
"58","376766","20220710050000","47","2","新北市","新店區","121.545","24.915","57"
"2096","376768","20220710050000","3058","0","新北市","土城區","121.445","24.985","2699"
"719","376769","20220710050000","911","0","新北市","土城區","121.450","24.975","874"
"453","376770","20220710050000","764","0","新北市","土城區","121.455","24.975","570"
"1223","376772","20220710050000","1319","0","新北市","土城區","121.415","24.960","1592"
"88","376774","20220710050000","865","0","新北市","土城區","121.420","24.965","88"
"316","376775","20220710050000","637","0","新北市","土城區","121.425","24.965","409"
"204","376777","20220710050000","266","0","新北市","土城區","121.425","24.970","220"
"96","376787","20220710050000","85","1","新北市","土城區","121.470","24.960","98"
"45","376788","20220710050000","35","2","新北市","土城區","121.455","24.965","69"
"36","376791","20220710050000","42","0","新北市","土城區","121.470","24.965","35"
"761","376796","20220710050000","892","0","新北市","土城區","121.460","24.970","920"
"4038","376798","20220710050000","4652","0","新北市","新店區","121.540","24.965","4966"
"15","376808","20220710050000","128","0","桃園市","八德區","121.280","24.930","18"
"1559","376809","20220710050000","1475","1","桃園市","八德區","121.285","24.930","1529"
"595","376810","20220710050000","448","2","桃園市","八德區","121.280","24.935","598"
"764","376813","20220710050000","554","2","桃園市","八德區","121.270","24.930","730"
"44","376815","20220710050000","84","0","桃園市","八德區","121.270","24.935","53"
"1618","376823","20220710050000","987","3","桃園市","八德區","121.280","24.925","1676"
"1711","376824","20220710050000","1322","2","桃園市","八德區","121.285","24.925","1728"
"1713","376825","20220710050000","1726","0","桃園市","中壢區","121.220","24.955","1685"
"2101","376826","20220710050000","2494","0","桃園市","中壢區","121.230","24.965","2083"
"1649","376828","20220710050000","1514","1","桃園市","八德區","121.275","24.980","1715"
"464","376829","20220710050000","327","2","桃園市","八德區","121.280","24.980","457"
"1080","376831","20220710050000","1258","0","新竹縣","湖口鄉","121.050","24.900","1351"
"2460","376832","20220710050000","2807","0","新竹縣","湖口鄉","121.045","24.900","3306"
"121","376834","20220710050000","120","1","新竹縣","湖口鄉","121.030","24.900","112"
"141","376835","20220710050000","116","2","新竹縣","湖口鄉","121.025","24.905","119"
"538","376845","20220710050000","1062","0","桃園市","平鎮區","121.230","24.930","561"
"2528","376847","20220710050000","1116","3","桃園市","中壢區","121.230","24.935","2494"
"1062","376848","20220710050000","1087","0","桃園市","中壢區","121.225","24.940","1011"
"1860","376849","20220710050000","1556","1","桃園市","中壢區","121.245","24.975","1911"
"2077","376850","20220710050000","1808","1","桃園市","中壢區","121.245","24.980","2107"
"816","376851","20220710050000","623","2","桃園市","中壢區","121.250","24.985","783"
"109","376852","20220710050000","127","0","桃園市","中壢區","121.240","24.985","115"
"1149","376853","20220710050000","1016","1","桃園市","八德區","121.295","24.935","1123"
"232","376854","20220710050000","228","1","桃園市","八德區","121.295","24.940","235"
"1152","376855","20220710050000","1200","0","桃園市","八德區","121.295","24.930","1149"
"576","376856","20220710050000","765","0","桃園市","龜山區","121.335","24.985","552"
"2225","376857","20220710050000","2351","0","桃園市","龜山區","121.335","24.990","2192"
"440","376860","20220710050000","577","0","桃園市","龜山區","121.345","24.980","352"
"21","376865","20220710050000","117","0","桃園市","龜山區","121.360","24.985","23"
"2402","376866","20220710050000","1584","3","桃園市","平鎮區","121.220","24.940","2397"
"303","376871","20220710050000","229","2","桃園市","楊梅區","121.185","24.905","332"
"225","376875","20220710050000","195","1","桃園市","平鎮區","121.200","24.910","218"
"1389","376878","20220710050000","547","3","桃園市","平鎮區","121.200","24.915","1355"
"211","376881","20220710050000","220","0","桃園市","平鎮區","121.200","24.920","217"
"394","376882","20220710050000","554","0","桃園市","楊梅區","121.180","24.945","389"
"979","376886","20220710050000","964","1","桃園市","平鎮區","121.185","24.955","996"
"787","376887","20220710050000","882","0","桃園市","中壢區","121.175","24.960","807"
"697","376889","20220710050000","617","1","桃園市","平鎮區","121.185","24.960","659"
"388","376892","20220710050000","410","0","桃園市","中壢區","121.185","24.970","383"
"275","376894","20220710050000","186","2","桃園市","平鎮區","121.190","24.930","267"
"253","376899","20220710050000","197","2","桃園市","平鎮區","121.190","24.940","254"
"563","376900","20220710050000","555","1","桃園市","平鎮區","121.195","24.940","530"
"299","376915","20220710050000","167","3","桃園市","大溪區","121.310","24.930","294"
"862","376925","20220710050000","617","2","桃園市","大溪區","121.275","24.895","866"
"1378","376927","20220710050000","1234","1","桃園市","大溪區","121.280","24.895","1462"
"880","376929","20220710050000","687","2","桃園市","大溪區","121.285","24.905","900"
"709","376930","20220710050000","635","1","桃園市","大溪區","121.280","24.900","703"
"556","376931","20220710050000","408","2","桃園市","大溪區","121.280","24.905","577"
"1364","376932","20220710050000","806","3","桃園市","龜山區","121.325","24.990","1350"
"496","376933","20220710050000","549","0","桃園市","桃園區","121.325","24.980","472"
"1303","376934","20220710050000","1400","0","桃園市","龜山區","121.330","24.980","1348"
"1659","376936","20220710050000","1467","1","桃園市","桃園區","121.320","24.985","1650"
"2157","376937","20220710050000","1719","2","桃園市","龜山區","121.325","24.985","2121"
"694","376938","20220710050000","943","0","桃園市","龜山區","121.330","24.985","676"
"410","376940","20220710050000","309","2","桃園市","新屋區","121.055","24.975","390"
"205","376956","20220710050000","142","2","桃園市","新屋區","121.125","24.955","200"
"413","376971","20220710050000","282","2","桃園市","新屋區","121.135","24.970","406"
"84","376972","20220710050000","89","0","桃園市","觀音區","121.140","24.970","90"
"619","376974","20220710050000","595","1","桃園市","龜山區","121.330","24.990","585"
"1820","376975","20220710050000","3047","0","桃園市","桃園區","121.310","24.990","1613"
"1999","376976","20220710050000","1902","1","桃園市","楊梅區","121.170","24.910","1961"
"662","376978","20220710050000","671","0","桃園市","楊梅區","121.175","24.915","705"
"1108","376979","20220710050000","1068","1","桃園市","楊梅區","121.170","24.920","1121"
"474","376984","20220710050000","383","2","桃園市","楊梅區","121.110","24.925","444"
"689","376995","20220710050000","748","0","桃園市","楊梅區","121.125","24.930","810"
"157","376998","20220710050000","148","1","桃園市","楊梅區","121.115","24.940","141"
"288","377001","20220710050000","283","1","桃園市","楊梅區","121.175","24.900","303"
"789","377002","20220710050000","787","1","桃園市","楊梅區","121.180","24.900","857"
"2771","377003","20220710050000","2291","2","桃園市","楊梅區","121.175","24.905","2850"
"99","377004","20220710050000","76","2","桃園市","楊梅區","121.180","24.905","101"
"52","377007","20220710050000","52","1","桃園市","楊梅區","121.095","24.930","58"
"484","377008","20220710050000","453","1","桃園市","楊梅區","121.100","24.930","495"
"1196","377010","20220710050000","624","3","桃園市","楊梅區","121.090","24.935","1207"
"386","377027","20220710050000","380","1","桃園市","新屋區","121.090","24.955","385"
"583","377030","20220710050000","438","2","桃園市","楊梅區","121.160","24.900","578"
"1261","377031","20220710050000","1104","1","桃園市","楊梅區","121.155","24.900","1208"
"580","377033","20220710050000","654","0","桃園市","楊梅區","121.085","24.935","540"
"351","377034","20220710050000","372","0","桃園市","楊梅區","121.075","24.940","356"
"858","377039","20220710050000","837","1","桃園市","桃園區","121.285","24.990","879"
"852","377041","20220710050000","756","1","桃園市","桃園區","121.295","24.980","817"
"2222","377042","20220710050000","3085","0","桃園市","桃園區","121.300","24.990","2245"
"316","377043","20220710050000","238","2","桃園市","桃園區","121.300","24.980","324"
"2984","377045","20220710050000","2790","1","桃園市","桃園區","121.300","24.985","3075"
"876","377046","20220710050000","1174","0","桃園市","楊梅區","121.175","24.910","868"
"1997","377047","20220710050000","1212","3","桃園市","八德區","121.300","24.965","2007"
"1305","377051","20220710050000","769","3","桃園市","八德區","121.305","24.955","1334"
"430","377052","20220710050000","373","1","桃園市","八德區","121.310","24.955","425"
"256","377054","20220710050000","251","1","桃園市","八德區","121.300","24.945","255"
"494","377056","20220710050000","385","2","桃園市","八德區","121.275","24.940","483"
"832","377058","20220710050000","1016","0","桃園市","八德區","121.285","24.940","803"
"210","377059","20220710050000","173","2","桃園市","八德區","121.280","24.945","200"
"359","377061","20220710050000","351","1","桃園市","八德區","121.290","24.950","340"
"123","377068","20220710050000","101","2","桃園市","八德區","121.290","24.955","124"
"355","377069","20220710050000","291","2","桃園市","八德區","121.280","24.960","325"
"794","377070","20220710050000","652","2","桃園市","八德區","121.285","24.960","814"
"3450","377071","20220710050000","3122","1","桃園市","桃園區","121.290","24.985","3518"
"3724","377072","20220710050000","3390","1","桃園市","中壢區","121.220","24.965","3816"
"760","377073","20220710050000","768","0","桃園市","中壢區","121.215","24.955","782"
"370","377077","20220710050000","378","0","桃園市","中壢區","121.205","24.980","339"
"360","377084","20220710050000","231","3","桃園市","中壢區","121.205","24.990","377"
"1363","377086","20220710050000","1420","0","桃園市","中壢區","121.255","24.970","1527"
"1690","377088","20220710050000","1871","0","桃園市","楊梅區","121.155","24.910","1670"
"851","377089","20220710050000","717","1","桃園市","楊梅區","121.160","24.910","852"
"1718","377092","20220710050000","1460","1","桃園市","平鎮區","121.205","24.910","1724"
"1923","377093","20220710050000","1770","1","桃園市","平鎮區","121.205","24.920","1993"
"190","377099","20220710050000","145","2","桃園市","新屋區","121.010","24.960","200"
"574","377106","20220710050000","527","1","桃園市","新屋區","121.120","24.970","564"
"307","377111","20220710050000","156","3","桃園市","新屋區","121.130","24.975","315"
"1013","377117","20220710050000","956","1","桃園市","新屋區","121.110","24.980","1067"
"530","377122","20220710050000","476","1","桃園市","新屋區","121.110","24.985","523"
"504","377125","20220710050000","400","2","桃園市","新屋區","121.125","24.985","446"
"431","377128","20220710050000","391","1","桃園市","新屋區","121.125","24.990","445"
"570","377135","20220710050000","570","1","桃園市","新屋區","121.100","24.990","595"
"10","377136","20220710050000","22","0","桃園市","新屋區","121.105","24.990","10"
"62","377148","20220710050000","53","1","桃園市","新屋區","121.095","24.960","50"
"280","377155","20220710050000","274","1","桃園市","新屋區","121.070","24.970","302"
"157","377159","20220710050000","148","1","桃園市","新屋區","121.020","24.970","156"
"288","377173","20220710050000","263","1","桃園市","新屋區","121.015","24.985","287"
"225","377175","20220710050000","271","0","桃園市","新屋區","120.990","24.940","225"
"188","377179","20220710050000","73","3","桃園市","新屋區","121.000","24.945","184"
"290","377183","20220710050000","278","1","桃園市","新屋區","121.010","24.950","282"
"622","377187","20220710050000","521","1","桃園市","新屋區","121.080","24.975","605"
"394","377195","20220710050000","285","2","桃園市","新屋區","121.075","24.990","364"
"232","377204","20220710050000","256","0","桃園市","新屋區","121.140","24.960","222"
"518","377205","20220710050000","537","0","桃園市","新屋區","121.145","24.960","506"
"328","377209","20220710050000","188","3","桃園市","新屋區","121.160","24.960","329"
"40","377211","20220710050000","34","1","桃園市","觀音區","121.145","24.970","41"
"18","377247","20220710050000","18","1","新北市","貢寮區","121.910","24.990","11"
"410","377249","20220710050000","645","0","桃園市","平鎮區","121.210","24.895","424"
"775","377259","20220710050000","940","0","桃園市","桃園區","121.285","24.980","772"
"1311","377261","20220710050000","648","3","桃園市","楊梅區","121.145","24.915","1370"
"298","377263","20220710050000","337","0","桃園市","楊梅區","121.145","24.910","290"
"16","377264","20220710050000","174","0","桃園市","楊梅區","121.130","24.915","16"
"581","377268","20220710050000","606","0","桃園市","楊梅區","121.130","24.920","587"
"588","377270","20220710050000","541","1","桃園市","楊梅區","121.140","24.920","632"
"3145","377280","20220710050000","2942","1","桃園市","楊梅區","121.145","24.900","3170"
"713","377285","20220710050000","428","3","桃園市","楊梅區","121.170","24.900","670"
"833","377288","20220710050000","855","0","桃園市","楊梅區","121.185","24.925","835"
"682","377289","20220710050000","653","1","桃園市","平鎮區","121.190","24.925","713"
"607","377292","20220710050000","586","1","桃園市","平鎮區","121.195","24.925","610"
"256","377295","20220710050000","582","0","桃園市","平鎮區","121.210","24.935","253"
"1888","377296","20220710050000","1672","1","桃園市","桃園區","121.295","24.990","1869"
"2818","377297","20220710050000","2584","1","桃園市","桃園區","121.285","24.985","2867"
"761","377303","20220710050000","687","1","桃園市","新屋區","121.120","24.950","736"
"298","377308","20220710050000","253","1","桃園市","新屋區","121.100","24.960","304"
"415","377310","20220710050000","320","2","桃園市","新屋區","121.110","24.960","408"
"583","377311","20220710050000","561","1","桃園市","新屋區","121.095","24.965","641"
"738","377322","20220710050000","622","1","桃園市","新屋區","121.045","24.960","707"
"201","377333","20220710050000","128","3","桃園市","新屋區","121.045","24.970","202"
"1584","377335","20220710050000","1332","1","桃園市","桃園區","121.320","24.990","1603"
"1977","377337","20220710050000","1763","1","桃園市","平鎮區","121.250","24.920","2150"
"716","377339","20220710050000","617","1","桃園市","平鎮區","121.240","24.925","692"
"1226","377340","20220710050000","1243","0","桃園市","桃園區","121.305","24.985","1239"
"1119","377342","20220710050000","1216","0","桃園市","桃園區","121.325","24.975","1200"
"2487","377344","20220710050000","2155","1","桃園市","桃園區","121.320","24.975","2506"
"745","377345","20220710050000","312","3","新北市","鶯歌區","121.330","24.975","748"
"614","377346","20220710050000","573","1","桃園市","桃園區","121.320","24.980","711"
"1382","377347","20220710050000","846","3","桃園市","中壢區","121.230","24.960","1516"
"1137","377348","20220710050000","1341","0","桃園市","中壢區","121.235","24.960","1145"
"579","377349","20220710050000","955","0","桃園市","中壢區","121.230","24.950","573"
"1785","377350","20220710050000","1478","2","桃園市","中壢區","121.225","24.950","1702"
"453","377361","20220710050000","454","0","桃園市","新屋區","121.030","24.950","473"
"433","377372","20220710050000","501","0","桃園市","新屋區","121.090","24.980","442"
"1212","377380","20220710050000","1145","1","桃園市","新屋區","121.110","24.970","1208"
"63","377381","20220710050000","71","0","桃園市","新屋區","121.110","24.975","77"
"2410","377384","20220710050000","2403","1","桃園市","新屋區","121.105","24.975","2418"
"91","377428","20220710050000","69","2","桃園市","新屋區","121.040","24.980","113"
"885","377433","20220710050000","905","0","桃園市","新屋區","121.035","24.985","881"
"437","377434","20220710050000","386","1","桃園市","新屋區","121.040","24.985","411"
"1187","377446","20220710050000","1000","1","桃園市","桃園區","121.315","24.990","1100"
"2287","377447","20220710050000","1337","3","桃園市","桃園區","121.270","24.980","2277"
"3328","377449","20220710050000","2473","2","桃園市","桃園區","121.275","24.990","3314"
"1022","377450","20220710050000","1338","0","桃園市","桃園區","121.265","24.975","1008"
"2118","377452","20220710050000","1912","1","桃園市","桃園區","121.265","24.980","2163"
"31","377454","20220710050000","27","1","桃園市","桃園區","121.265","24.985","37"
"2098","377455","20220710050000","1692","2","桃園市","桃園區","121.290","24.990","2136"
"468","377456","20220710050000","450","1","桃園市","平鎮區","121.245","24.905","450"
"14","377457","20220710050000","57","0","桃園市","平鎮區","121.250","24.905","12"
"263","377459","20220710050000","265","0","桃園市","平鎮區","121.250","24.915","249"
"790","377460","20220710050000","722","1","桃園市","平鎮區","121.215","24.935","740"
"1721","377461","20220710050000","1751","0","桃園市","平鎮區","121.215","24.940","1773"
"2048","377462","20220710050000","1528","2","桃園市","平鎮區","121.215","24.945","2034"
"2566","377463","20220710050000","1897","2","桃園市","桃園區","121.310","24.980","2569"
"1140","377464","20220710050000","1529","0","桃園市","桃園區","121.310","24.985","1091"
"2182","377468","20220710050000","2093","1","桃園市","桃園區","121.305","24.980","2131"
"168","377469","20220710050000","171","0","桃園市","楊梅區","121.175","24.950","177"
"1762","377470","20220710050000","1192","2","桃園市","楊梅區","121.170","24.955","1734"
"287","377473","20220710050000","169","3","桃園市","楊梅區","121.115","24.900","283"
"172","377476","20220710050000","318","0","桃園市","楊梅區","121.125","24.910","164"
"446","377481","20220710050000","417","1","桃園市","楊梅區","121.150","24.940","443"
"96","377483","20220710050000","82","1","桃園市","楊梅區","121.150","24.920","108"
"942","377484","20220710050000","691","2","桃園市","楊梅區","121.155","24.920","897"
"755","377488","20220710050000","664","1","桃園市","楊梅區","121.150","24.925","735"
"22","377489","20220710050000","27","0","桃園市","楊梅區","121.155","24.925","22"
"38","377490","20220710050000","31","2","桃園市","楊梅區","121.160","24.925","43"
"649","377491","20220710050000","704","0","桃園市","楊梅區","121.165","24.925","660"
"369","377493","20220710050000","362","1","桃園市","楊梅區","121.145","24.930","348"
"317","377497","20220710050000","307","1","桃園市","楊梅區","121.160","24.930","303"
"97","377498","20220710050000","264","0","桃園市","楊梅區","121.165","24.930","107"
"531","377499","20220710050000","243","3","桃園市","楊梅區","121.170","24.930","518"
"388","377501","20220710050000","343","1","桃園市","楊梅區","121.140","24.930","393"
"2006","377508","20220710050000","1978","1","桃園市","平鎮區","121.210","24.940","1975"
"2147","377509","20220710050000","2015","1","桃園市","平鎮區","121.210","24.945","2156"
"693","377513","20220710050000","609","1","桃園市","平鎮區","121.210","24.930","706"
"1358","377519","20220710050000","788","3","桃園市","平鎮區","121.230","24.900","1330"
"321","377522","20220710050000","260","2","桃園市","平鎮區","121.245","24.900","316"
"976","377529","20220710050000","1096","0","桃園市","平鎮區","121.225","24.910","945"
"485","377530","20220710050000","341","2","桃園市","平鎮區","121.230","24.910","490"
"1657","377532","20220710050000","1285","2","桃園市","桃園區","121.305","24.990","1715"
"1064","377533","20220710050000","865","2","新北市","鶯歌區","121.330","24.970","1070"
"403","377534","20220710050000","436","0","新北市","鶯歌區","121.335","24.965","391"
"857","377535","20220710050000","696","2","桃園市","桃園區","121.320","24.970","863"
"1947","377538","20220710050000","2052","0","桃園市","桃園區","121.315","24.980","1859"
"701","377539","20220710050000","438","3","桃園市","楊梅區","121.175","24.925","694"
"322","377542","20220710050000","150","3","桃園市","楊梅區","121.180","24.925","342"
"297","377546","20220710050000","225","2","桃園市","楊梅區","121.180","24.930","284"
"833","377547","20220710050000","567","2","桃園市","楊梅區","121.160","24.935","829"
"73","377551","20220710050000","95","0","桃園市","楊梅區","121.180","24.935","85"
"43","377559","20220710050000","54","0","桃園市","楊梅區","121.150","24.945","42"
"15","377561","20220710050000","14","1","桃園市","楊梅區","121.160","24.945","15"
"282","377564","20220710050000","261","1","桃園市","楊梅區","121.175","24.945","300"
"576","377565","20220710050000","597","0","桃園市","新屋區","121.150","24.950","580"
"373","377566","20220710050000","318","1","桃園市","楊梅區","121.155","24.950","382"
"31","377568","20220710050000","16","3","桃園市","楊梅區","121.170","24.950","24"
"774","377570","20220710050000","693","1","桃園市","蘆竹區","121.265","24.990","788"
"94","377571","20220710050000","112","0","桃園市","龜山區","121.340","24.980","103"
"18","377572","20220710050000","36","0","桃園市","龜山區","121.340","24.985","20"
"1926","377573","20220710050000","2020","0","桃園市","龜山區","121.345","24.985","2054"
"847","377574","20220710050000","1046","0","桃園市","龜山區","121.340","24.990","829"
"463","377575","20220710050000","524","0","桃園市","龜山區","121.345","24.990","488"
"38","377650","20220710050000","33","1","新北市","雙溪區","121.810","24.930","24"
"22","377679","20220710050000","18","2","新北市","雙溪區","121.830","24.940","30"
"56","377693","20220710050000","25","3","新北市","雙溪區","121.795","24.950","42"
"19","377742","20220710050000","29","0","新北市","雙溪區","121.820","24.965","24"
"42","377753","20220710050000","18","3","新北市","雙溪區","121.810","24.970","52"
"31","377756","20220710050000","35","0","新北市","雙溪區","121.825","24.970","23"
"21","377787","20220710050000","17","2","新北市","雙溪區","121.845","24.980","14"
"1335","377821","20220710050000","1482","0","桃園市","楊梅區","121.145","24.905","1331"
"1502","377823","20220710050000","1588","0","桃園市","楊梅區","121.165","24.910","1533"
"27","377824","20220710050000","60","0","桃園市","楊梅區","121.165","24.915","13"
"335","377826","20220710050000","291","1","桃園市","大溪區","121.280","24.910","339"
"999","377827","20220710050000","1036","0","桃園市","大溪區","121.285","24.910","980"
"1275","377831","20220710050000","973","2","桃園市","大溪區","121.280","24.915","1288"
"319","377833","20220710050000","313","1","桃園市","大溪區","121.290","24.915","321"
"839","377835","20220710050000","852","0","桃園市","大溪區","121.280","24.920","827"
"666","377837","20220710050000","893","0","桃園市","大溪區","121.290","24.920","678"
"759","377839","20220710050000","551","2","桃園市","大溪區","121.275","24.900","726"
"809","377841","20220710050000","540","2","桃園市","大溪區","121.275","24.905","848"
"2623","377843","20220710050000","2398","1","桃園市","楊梅區","121.180","24.910","2635"
"1353","377844","20220710050000","1010","2","桃園市","楊梅區","121.180","24.915","1392"
"334","377845","20220710050000","304","1","桃園市","平鎮區","121.225","24.925","325"
"518","377847","20220710050000","555","0","桃園市","平鎮區","121.220","24.935","509"
"3273","377848","20220710050000","2292","2","桃園市","平鎮區","121.225","24.930","3228"
"808","377849","20220710050000","635","2","桃園市","平鎮區","121.220","24.930","840"
"563","377851","20220710050000","383","2","桃園市","平鎮區","121.230","24.925","573"
"534","377852","20220710050000","481","1","桃園市","中壢區","121.245","24.925","548"
"1566","377853","20220710050000","1400","1","桃園市","楊梅區","121.150","24.910","1594"
"929","377854","20220710050000","701","2","桃園市","楊梅區","121.150","24.915","914"
"82","377858","20220710050000","53","3","桃園市","楊梅區","121.130","24.905","63"
"533","377859","20220710050000","533","1","桃園市","楊梅區","121.135","24.905","514"
"57","377862","20220710050000","108","0","桃園市","楊梅區","121.135","24.910","72"
"315","377866","20220710050000","145","3","桃園市","楊梅區","121.070","24.930","309"
"372","377868","20220710050000","347","1","桃園市","楊梅區","121.065","24.935","358"
"370","377877","20220710050000","303","2","桃園市","楊梅區","121.100","24.920","338"
"75","377879","20220710050000","436","0","桃園市","楊梅區","121.070","24.925","79"
"492","377895","20220710050000","1331","0","桃園市","楊梅區","121.085","24.930","506"
"194","377896","20220710050000","151","2","桃園市","楊梅區","121.160","24.950","178"
"3210","377898","20220710050000","2406","2","桃園市","楊梅區","121.160","24.955","3147"
"175","377901","20220710050000","154","1","桃園市","楊梅區","121.120","24.895","149"
"73","377906","20220710050000","79","0","桃園市","楊梅區","121.125","24.900","71"
"285","377909","20220710050000","190","3","桃園市","平鎮區","121.210","24.910","267"
"2072","377914","20220710050000","1528","2","桃園市","平鎮區","121.210","24.920","1983"
"236","377919","20220710050000","231","1","桃園市","平鎮區","121.195","24.930","245"
"846","377920","20220710050000","660","2","桃園市","平鎮區","121.200","24.940","873"
"149","377924","20220710050000","502","0","桃園市","八德區","121.290","24.945","152"
"1735","377925","20220710050000","1201","2","桃園市","八德區","121.290","24.930","1782"
"1182","377933","20220710050000","791","2","桃園市","八德區","121.275","24.960","1025"
"1420","377940","20220710050000","1720","0","臺北市","文山區","121.555","24.985","1664"
"826","377941","20220710050000","709","1","臺北市","文山區","121.560","24.985","839"
"979","377942","20220710050000","1481","0","臺北市","文山區","121.565","24.980","1661"
"35","377946","20220710050000","31","1","新北市","新店區","121.575","24.965","30"
"103","377947","20220710050000","120","0","臺北市","文山區","121.580","24.965","106"
"272","377948","20220710050000","211","2","臺北市","文山區","121.560","24.970","270"
"197","377953","20220710050000","237","0","臺北市","文山區","121.560","24.975","217"
"103","377955","20220710050000","147","0","臺北市","文山區","121.570","24.975","123"
"191","377957","20220710050000","927","0","臺北市","文山區","121.570","24.980","178"
"2036","377958","20220710050000","2452","0","臺北市","文山區","121.565","24.985","2245"
"150","377962","20220710050000","181","0","臺北市","文山區","121.610","24.965","192"
"109","377964","20220710050000","27","3","臺北市","文山區","121.590","24.965","122"
"78","377978","20220710050000","100","0","臺北市","文山區","121.580","24.975","52"
"365","377979","20220710050000","491","0","臺北市","文山區","121.585","24.975","407"
"98","377980","20220710050000","139","0","臺北市","文山區","121.590","24.975","97"
"1105","377982","20220710050000","1396","0","臺北市","文山區","121.575","24.980","1248"
"641","377989","20220710050000","913","0","臺北市","文山區","121.585","24.985","822"
"859","377990","20220710050000","1405","0","臺北市","文山區","121.590","24.985","842"
"733","377994","20220710050000","23","3","臺北市","文山區","121.590","24.990","742"
"49","377995","20220710050000","28","3","臺北市","文山區","121.595","24.990","49"
"2672","377997","20220710050000","2390","1","臺北市","文山區","121.560","24.990","3025"
"452","377998","20220710050000","1584","0","臺北市","文山區","121.575","24.985","441"
"947","377999","20220710050000","1026","0","臺北市","文山區","121.580","24.985","871"
"2116","378000","20220710050000","1493","2","臺北市","文山區","121.575","24.990","2056"
"950","378001","20220710050000","884","1","臺北市","文山區","121.580","24.990","989"
"1052","378002","20220710050000","1457","0","臺北市","文山區","121.550","24.985","1105"
"1464","378003","20220710050000","2425","0","臺北市","文山區","121.565","24.990","1415"
"1882","378004","20220710050000","2544","0","臺北市","文山區","121.570","24.990","2094"
"1594","378005","20220710050000","1732","0","臺北市","文山區","121.555","24.980","1570"
"2505","378006","20220710050000","2294","1","臺北市","文山區","121.560","24.980","2626"
"232","378007","20220710050000","421","0","臺北市","文山區","121.555","24.975","293"
"2830","378008","20220710050000","2722","1","臺北市","文山區","121.570","24.985","2807"
"2146","378009","20220710050000","2476","0","臺北市","文山區","121.545","24.990","2081"
"2440","378010","20220710050000","2854","0","臺北市","文山區","121.540","24.990","2657"
"271","378011","20220710050000","586","0","臺北市","文山區","121.550","24.990","348"
"556","378012","20220710050000","585","0","臺北市","文山區","121.555","24.990","547"
"12","378561","20220710050000","14","0","新北市","貢寮區","121.990","24.995","34"
"14","378916","20220710050000","14","1","新北市","貢寮區","122.000","25.000","14"
"80","379975","20220710050000","40","3","新北市","貢寮區","122.005","25.015","67"
"1918","382513","20220710050000","1812","1","新北市","新莊區","121.450","25.035","1828"
"681","382514","20220710050000","878","0","新北市","新莊區","121.415","25.020","883"
"2306","382515","20220710050000","1949","1","新北市","板橋區","121.430","24.995","2716"
"549","382517","20220710050000","662","0","新北市","新莊區","121.435","25.005","752"
"401","382519","20220710050000","639","0","新北市","板橋區","121.440","25.010","547"
"1264","382521","20220710050000","1839","0","新北市","新莊區","121.430","25.020","1551"
"1810","382522","20220710050000","1820","0","新北市","新莊區","121.430","25.015","2234"
"2370","382525","20220710050000","2143","1","新北市","新莊區","121.410","25.025","2677"
"105","382526","20220710050000","128","0","新北市","新莊區","121.400","25.030","131"
"2726","382528","20220710050000","4933","0","新北市","板橋區","121.470","25.015","3740"
"2452","382530","20220710050000","3176","0","新北市","板橋區","121.465","25.025","2580"
"4739","382531","20220710050000","5676","0","新北市","板橋區","121.460","25.025","5719"
"2156","382532","20220710050000","2582","0","新北市","中和區","121.480","24.995","2491"
"1758","382534","20220710050000","2801","0","新北市","板橋區","121.445","25.000","1799"
"2435","382536","20220710050000","3922","0","新北市","中和區","121.520","24.995","3106"
"2442","382537","20220710050000","2656","0","新北市","板橋區","121.455","25.025","2328"
"1036","382538","20220710050000","1509","0","臺北市","文山區","121.530","24.995","1322"
"1037","382539","20220710050000","1169","0","新北市","汐止區","121.620","25.045","1041"
"607","382546","20220710050000","580","1","新北市","樹林區","121.410","25.010","601"
"2136","382547","20220710050000","2609","0","新北市","新莊區","121.425","25.015","2474"
"1701","382548","20220710050000","1912","0","新北市","中和區","121.495","24.995","2149"
"438","382549","20220710050000","557","0","臺北市","萬華區","121.490","25.015","571"
"69","382550","20220710050000","77","0","新北市","三重區","121.480","25.050","84"
"1963","382552","20220710050000","2376","0","新北市","中和區","121.480","25.000","2542"
"1052","382553","20220710050000","1710","0","新北市","中和區","121.475","25.005","1249"
"5184","382554","20220710050000","4820","1","新北市","中和區","121.470","25.005","6760"
"3429","382555","20220710050000","6606","0","新北市","中和區","121.500","24.995","4566"
"2958","382556","20220710050000","1853","3","新北市","中和區","121.495","25.005","3006"
"1929","382557","20220710050000","3559","0","新北市","中和區","121.500","25.005","2485"
"1555","382558","20220710050000","1759","0","新北市","三重區","121.490","25.055","2023"
"662","382559","20220710050000","411","3","新北市","三重區","121.475","25.045","769"
"1485","382560","20220710050000","1731","0","新北市","板橋區","121.445","25.005","1718"
"436","382561","20220710050000","538","0","新北市","板橋區","121.445","25.010","556"
"384","382562","20220710050000","569","0","新北市","板橋區","121.450","25.005","461"
"810","382563","20220710050000","813","0","新北市","板橋區","121.450","25.020","848"
"2302","382564","20220710050000","2696","0","新北市","中和區","121.505","25.005","2712"
"1837","382565","20220710050000","2462","0","新北市","三重區","121.485","25.055","2035"
"1986","382567","20220710050000","2789","0","新北市","三重區","121.495","25.055","2386"
"1588","382568","20220710050000","1575","1","新北市","三重區","121.500","25.045","1507"
"824","382571","20220710050000","979","0","新北市","中和區","121.490","25.005","1095"
"903","382572","20220710050000","818","1","新北市","中和區","121.490","25.000","1198"
"928","382574","20220710050000","857","1","新北市","中和區","121.485","25.010","1138"
"2819","382575","20220710050000","2964","0","新北市","中和區","121.485","24.995","3593"
"2152","382576","20220710050000","2721","0","新北市","中和區","121.490","24.995","2580"
"3406","382577","20220710050000","4108","0","新北市","中和區","121.505","24.995","4192"
"113","382579","20220710050000","61","3","新北市","板橋區","121.460","25.030","66"
"2702","382580","20220710050000","3446","0","新北市","板橋區","121.455","25.015","3253"
"307","382582","20220710050000","734","0","新北市","板橋區","121.450","25.025","306"
"501","382583","20220710050000","587","0","新北市","泰山區","121.420","25.045","480"
"833","382584","20220710050000","986","0","新北市","泰山區","121.425","25.045","785"
"175","382589","20220710050000","154","1","新北市","三重區","121.485","25.045","239"
"930","382592","20220710050000","941","0","新北市","三重區","121.485","25.050","1210"
"2064","382593","20220710050000","2590","0","新北市","三重區","121.490","25.050","2613"
"549","382594","20220710050000","519","1","桃園市","龜山區","121.410","25.020","673"
"2052","382595","20220710050000","1796","1","新北市","新莊區","121.460","25.050","2128"
"1357","382596","20220710050000","1237","1","新北市","新莊區","121.465","25.050","1310"
"344","382597","20220710050000","736","0","新北市","新莊區","121.460","25.055","394"
"1005","382598","20220710050000","1264","0","新北市","新莊區","121.465","25.055","998"
"1008","382600","20220710050000","1042","0","新北市","三重區","121.470","25.045","972"
"705","382601","20220710050000","600","1","新北市","三重區","121.470","25.050","800"
"1833","382603","20220710050000","2107","0","新北市","中和區","121.480","25.010","2293"
"3220","382604","20220710050000","3202","1","新北市","板橋區","121.475","25.010","3662"
"1796","382605","20220710050000","2142","0","新北市","中和區","121.465","24.995","2037"
"2696","382606","20220710050000","2592","1","新北市","新莊區","121.450","25.040","2661"
"3073","382607","20220710050000","3183","0","新北市","新莊區","121.445","25.040","3701"
"2822","382608","20220710050000","4534","0","新北市","新莊區","121.425","25.020","3623"
"225","382609","20220710050000","2511","0","新北市","新莊區","121.455","25.045","223"
"1903","382610","20220710050000","2252","0","新北市","板橋區","121.465","25.005","2339"
"2353","382611","20220710050000","2768","0","新北市","板橋區","121.460","25.005","3048"
"87","382614","20220710050000","280","0","新北市","深坑區","121.630","25.010","94"
"234","382615","20220710050000","238","0","新北市","深坑區","121.620","25.010","248"
"110","382618","20220710050000","340","0","新北市","深坑區","121.630","25.015","109"
"266","382623","20220710050000","447","0","新北市","深坑區","121.605","25.000","265"
"1471","382624","20220710050000","1995","0","新北市","新莊區","121.435","25.015","1834"
"27","382625","20220710050000","389","0","新北市","板橋區","121.450","25.000","39"
"508","382626","20220710050000","678","0","新北市","中和區","121.470","24.995","673"
"120","382627","20220710050000","106","1","新北市","中和區","121.480","24.990","126"
"429","382628","20220710050000","1669","0","新北市","中和區","121.475","25.000","397"
"156","382629","20220710050000","454","0","新北市","中和區","121.505","25.000","169"
"2759","382630","20220710050000","3374","0","新北市","永和區","121.525","25.005","3558"
"1198","382634","20220710050000","1111","1","新北市","樹林區","121.420","24.995","1537"
"782","382637","20220710050000","706","1","新北市","樹林區","121.420","25.000","746"
"391","382638","20220710050000","496","0","新北市","新莊區","121.440","25.030","403"
"2151","382639","20220710050000","2133","1","新北市","新莊區","121.420","25.025","2620"
"2609","382640","20220710050000","3259","0","新北市","新莊區","121.455","25.050","3034"
"3385","382641","20220710050000","2910","1","新北市","中和區","121.470","25.000","4133"
"6306","382642","20220710050000","3383","3","新北市","板橋區","121.455","25.005","7176"
"933","382643","20220710050000","400","3","新北市","板橋區","121.445","25.020","1143"
"736","382644","20220710050000","957","0","新北市","板橋區","121.440","25.000","1113"
"5245","382645","20220710050000","8520","0","新北市","永和區","121.520","25.010","5271"
"1026","382646","20220710050000","894","1","新北市","樹林區","121.415","25.000","1004"
"1133","382647","20220710050000","1088","1","新北市","樹林區","121.415","25.005","1081"
"2422","382648","20220710050000","3243","0","新北市","土城區","121.455","24.995","2454"
"24","382660","20220710050000","21","1","新北市","平溪區","121.710","25.020","20"
"1248","382667","20220710050000","1237","1","新北市","新莊區","121.460","25.040","1202"
"3620","382668","20220710050000","3581","1","新北市","新莊區","121.460","25.045","4039"
"842","382671","20220710050000","1046","0","新北市","板橋區","121.445","25.015","984"
"4716","382673","20220710050000","3259","2","新北市","板橋區","121.450","24.995","4916"
"1369","382674","20220710050000","2150","0","新北市","板橋區","121.455","25.000","1618"
"4633","382675","20220710050000","3412","2","新北市","永和區","121.520","25.015","5095"
"2136","382676","20220710050000","3182","0","新北市","永和區","121.515","25.015","2304"
"1892","382677","20220710050000","2950","0","新北市","新莊區","121.445","25.030","2462"
"2985","382678","20220710050000","1966","3","新北市","新莊區","121.455","25.035","3014"
"22","382679","20220710050000","1021","0","新北市","板橋區","121.460","25.035","15"
"464","382680","20220710050000","532","0","新北市","新莊區","121.465","25.040","558"
"984","382683","20220710050000","634","3","桃園市","中壢區","121.215","25.000","1032"
"353","382686","20220710050000","319","1","桃園市","觀音區","121.125","25.030","364"
"2601","382699","20220710050000","2908","0","新北市","板橋區","121.485","25.020","3378"
"3862","382700","20220710050000","3879","0","新北市","板橋區","121.460","25.010","5262"
"3316","382701","20220710050000","1567","3","新北市","板橋區","121.460","24.995","3618"
"1199","382702","20220710050000","1081","1","新北市","樹林區","121.420","25.015","1619"
"540","382703","20220710050000","398","2","新北市","新莊區","121.435","25.010","725"
"687","382706","20220710050000","732","0","新北市","新莊區","121.440","25.020","895"
"230","382710","20220710050000","304","0","新北市","新莊區","121.445","25.025","312"
"3538","382711","20220710050000","3777","0","新北市","永和區","121.505","25.010","4516"
"2441","382712","20220710050000","3048","0","新北市","板橋區","121.475","25.020","3119"
"2269","382713","20220710050000","2375","0","新北市","新莊區","121.430","25.025","2839"
"16","382714","20220710050000","17","0","新北市","新莊區","121.435","25.025","18"
"1131","382715","20220710050000","1748","0","新北市","新莊區","121.425","25.025","1422"
"1322","382716","20220710050000","1016","2","臺北市","萬華區","121.500","25.015","1240"
"1933","382717","20220710050000","1894","1","新北市","新莊區","121.450","25.030","2487"
"279","382724","20220710050000","321","0","桃園市","中壢區","121.180","25.005","308"
"946","382730","20220710050000","464","3","桃園市","中壢區","121.190","25.010","724"
"843","382732","20220710050000","346","3","桃園市","中壢區","121.185","25.015","821"
"654","382735","20220710050000","541","2","桃園市","大園區","121.180","25.025","665"
"1041","382741","20220710050000","962","1","桃園市","觀音區","121.160","24.995","1032"
"419","382743","20220710050000","414","1","桃園市","觀音區","121.155","25.000","448"
"976","382759","20220710050000","719","2","桃園市","觀音區","121.160","25.020","1001"
"316","382780","20220710050000","284","1","桃園市","觀音區","121.105","25.040","344"
"205","382785","20220710050000","163","2","桃園市","觀音區","121.130","25.020","213"
"182","382813","20220710050000","194","0","桃園市","觀音區","121.110","25.050","164"
"1397","382814","20220710050000","1097","2","桃園市","觀音區","121.115","25.050","1308"
"1495","382815","20220710050000","781","3","桃園市","觀音區","121.120","25.050","1421"
"353","382816","20220710050000","179","3","桃園市","觀音區","121.125","25.050","370"
"188","382820","20220710050000","80","3","桃園市","觀音區","121.120","25.055","143"
"728","382821","20220710050000","741","0","桃園市","觀音區","121.125","25.055","798"
"647","382830","20220710050000","584","1","桃園市","觀音區","121.080","25.035","645"
"326","382842","20220710050000","195","3","桃園市","觀音區","121.095","25.050","335"
"360","382853","20220710050000","415","0","桃園市","觀音區","121.145","25.040","403"
"2315","382855","20220710050000","2393","0","桃園市","觀音區","121.140","25.045","2350"
"626","382857","20220710050000","568","1","桃園市","觀音區","121.130","25.050","627"
"195","382858","20220710050000","127","3","桃園市","觀音區","121.135","25.050","171"
"452","382868","20220710050000","236","3","桃園市","觀音區","121.115","25.000","424"
"1481","382888","20220710050000","1090","2","桃園市","蘆竹區","121.270","25.010","1470"
"36","382890","20220710050000","31","1","桃園市","蘆竹區","121.265","25.015","28"
"1086","382891","20220710050000","944","1","桃園市","蘆竹區","121.240","25.025","1108"
"1227","382893","20220710050000","531","3","桃園市","蘆竹區","121.250","25.025","1221"
"411","382894","20220710050000","370","1","桃園市","大園區","121.235","25.025","400"
"985","382896","20220710050000","861","1","桃園市","蘆竹區","121.245","25.025","1006"
"470","382898","20220710050000","364","2","桃園市","蘆竹區","121.240","25.030","428"
"168","382911","20220710050000","162","1","新北市","石碇區","121.670","25.010","164"
"65","382935","20220710050000","79","0","新北市","石碇區","121.670","25.030","68"
"11","382938","20220710050000","11","1","新北市","石碇區","121.685","25.030","10"
"101","382953","20220710050000","80","2","新北市","石碇區","121.690","25.005","136"
"47","382971","20220710050000","39","2","新北市","石碇區","121.700","25.015","45"
"82","382976","20220710050000","74","1","新北市","石碇區","121.660","24.995","78"
"53","382980","20220710050000","47","1","新北市","石碇區","121.650","25.000","42"
"45","382991","20220710050000","49","0","新北市","貢寮區","121.885","24.995","42"
"27","382996","20220710050000","13","3","新北市","貢寮區","121.885","25.000","23"
"68","383019","20220710050000","31","3","新北市","貢寮區","122.000","25.005","54"
"121","383024","20220710050000","49","3","新北市","貢寮區","121.990","25.010","98"
"75","383035","20220710050000","73","1","新北市","貢寮區","121.985","25.020","68"
"1898","383037","20220710050000","3486","0","新北市","永和區","121.520","25.000","2128"
"3948","383038","20220710050000","3925","1","新北市","板橋區","121.475","25.025","4322"
"439","383039","20220710050000","1006","0","新北市","新莊區","121.410","25.030","543"
"646","383040","20220710050000","739","0","新北市","新莊區","121.415","25.030","670"
"64","383045","20220710050000","57","1","新北市","新莊區","121.405","25.040","64"
"2572","383046","20220710050000","3834","0","新北市","新莊區","121.455","25.055","3209"
"703","383047","20220710050000","989","0","新北市","新莊區","121.435","25.030","906"
"1125","383048","20220710050000","1158","0","新北市","新莊區","121.425","25.030","1514"
"296","383049","20220710050000","1010","0","新北市","新莊區","121.430","25.030","383"
"525","383050","20220710050000","775","0","新北市","新莊區","121.430","25.035","523"
"3433","383054","20220710050000","4802","0","新北市","新莊區","121.445","25.050","4060"
"3891","383055","20220710050000","3362","1","新北市","新莊區","121.450","25.045","4030"
"1344","383056","20220710050000","1277","1","桃園市","蘆竹區","121.290","25.050","1335"
"1282","383057","20220710050000","1081","1","桃園市","蘆竹區","121.280","25.055","1253"
"526","383058","20220710050000","461","1","桃園市","蘆竹區","121.285","25.045","499"
"1648","383059","20220710050000","709","3","桃園市","蘆竹區","121.285","25.050","1704"
"827","383060","20220710050000","1081","0","桃園市","蘆竹區","121.285","25.055","868"
"421","383094","20220710050000","484","0","桃園市","觀音區","121.050","25.025","403"
"368","383096","20220710050000","565","0","桃園市","觀音區","121.080","25.030","358"
"724","383099","20220710050000","685","1","桃園市","觀音區","121.085","25.035","724"
"1286","383113","20220710050000","486","3","桃園市","觀音區","121.120","25.025","1301"
"444","383117","20220710050000","385","1","桃園市","觀音區","121.115","25.025","417"
"896","383118","20220710050000","796","1","新北市","樹林區","121.410","25.015","928"
"1087","383121","20220710050000","1157","0","新北市","泰山區","121.440","25.045","1293"
"37","383122","20220710050000","279","0","新北市","泰山區","121.430","25.050","33"
"661","383124","20220710050000","561","1","新北市","泰山區","121.440","25.050","933"
"85","383125","20220710050000","503","0","新北市","泰山區","121.435","25.055","72"
"947","383126","20220710050000","982","0","新北市","泰山區","121.425","25.050","1191"
"810","383127","20220710050000","661","2","新北市","新莊區","121.440","25.055","1007"
"966","383128","20220710050000","2102","0","新北市","新莊區","121.445","25.055","1133"
"3376","383129","20220710050000","3939","0","新北市","新莊區","121.450","25.055","3931"
"4597","383130","20220710050000","5550","0","新北市","新莊區","121.450","25.050","4490"
"531","383131","20220710050000","1148","0","新北市","新莊區","121.455","25.040","786"
"180","383132","20220710050000","34","3","新北市","板橋區","121.435","24.995","192"
"1065","383134","20220710050000","1414","0","新北市","板橋區","121.445","24.995","1370"
"3004","383141","20220710050000","3544","0","新北市","永和區","121.515","25.005","3452"
"3387","383142","20220710050000","3967","0","新北市","板橋區","121.470","25.025","3840"
"3311","383143","20220710050000","4416","0","新北市","板橋區","121.475","25.030","4263"
"1846","383144","20220710050000","2540","0","新北市","新莊區","121.445","25.045","2365"
"151","383152","20220710050000","108","2","新北市","泰山區","121.400","25.055","119"
"2757","383156","20220710050000","2675","1","新北市","汐止區","121.625","25.040","3117"
"46","383164","20220710050000","36","2","新北市","雙溪區","121.860","25.045","27"
"62","383165","20220710050000","47","2","新北市","雙溪區","121.865","25.045","64"
"25","383177","20220710050000","13","3","新北市","雙溪區","121.780","25.000","16"
"129","383202","20220710050000","130","0","新北市","雙溪區","121.800","25.015","125"
"390","383204","20220710050000","618","0","新北市","中和區","121.490","25.010","550"
"360","383205","20220710050000","510","0","新北市","樹林區","121.430","25.000","421"
"2239","383207","20220710050000","2558","0","新北市","永和區","121.515","24.995","2863"
"2300","383208","20220710050000","1705","2","桃園市","桃園區","121.315","25.005","2271"
"841","383209","20220710050000","1331","0","桃園市","桃園區","121.315","25.010","816"
"349","383210","20220710050000","565","0","臺北市","萬華區","121.495","25.010","495"
"1151","383211","20220710050000","1900","0","新北市","永和區","121.500","25.010","1173"
"3258","383212","20220710050000","3151","1","新北市","永和區","121.510","25.015","3943"
"550","383214","20220710050000","565","0","新北市","汐止區","121.625","25.050","583"
"637","383218","20220710050000","465","2","桃園市","蘆竹區","121.290","25.055","649"
"1006","383219","20220710050000","730","2","桃園市","蘆竹區","121.295","25.050","1055"
"1460","383220","20220710050000","1785","0","桃園市","蘆竹區","121.300","25.050","1404"
"1978","383222","20220710050000","1626","2","桃園市","蘆竹區","121.300","25.055","1982"
"178","383229","20220710050000","113","3","新北市","石碇區","121.645","25.005","166"
"27","383234","20220710050000","28","0","新北市","石碇區","121.700","24.995","27"
"73","383253","20220710050000","77","0","新北市","石碇區","121.665","25.010","72"
"181","383254","20220710050000","139","2","新北市","石碇區","121.645","25.010","158"
"96","383261","20220710050000","79","2","新北市","石碇區","121.655","25.015","110"
"456","383272","20220710050000","440","1","桃園市","觀音區","121.100","25.005","485"
"689","383277","20220710050000","626","1","桃園市","觀音區","121.095","25.020","675"
"280","383281","20220710050000","307","0","桃園市","觀音區","121.095","25.025","290"
"1581","383283","20220710050000","1632","0","桃園市","桃園區","121.285","24.995","1628"
"222","383284","20220710050000","317","0","桃園市","桃園區","121.290","24.995","235"
"616","383285","20220710050000","553","1","桃園市","桃園區","121.285","25.000","660"
"3773","383286","20220710050000","3366","1","桃園市","蘆竹區","121.290","25.045","3818"
"247","383287","20220710050000","182","2","桃園市","桃園區","121.280","25.030","248"
"640","383290","20220710050000","504","2","桃園市","蘆竹區","121.280","25.035","618"
"1449","383291","20220710050000","1591","0","桃園市","蘆竹區","121.285","25.035","1479"
"2579","383294","20220710050000","1556","3","桃園市","蘆竹區","121.285","25.040","2522"
"3029","383295","20220710050000","3791","0","桃園市","蘆竹區","121.290","25.040","3006"
"20","383299","20220710050000","124","0","桃園市","蘆竹區","121.255","25.025","22"
"318","383301","20220710050000","288","1","桃園市","蘆竹區","121.250","25.035","308"
"247","383311","20220710050000","239","1","桃園市","蘆竹區","121.240","25.040","273"
"152","383313","20220710050000","116","2","桃園市","蘆竹區","121.255","25.040","153"
"12","383315","20220710050000","68","0","桃園市","蘆竹區","121.250","25.045","19"
"557","383318","20220710050000","555","1","桃園市","蘆竹區","121.265","25.025","574"
"647","383325","20220710050000","295","3","桃園市","蘆竹區","121.275","25.030","681"
"39","383357","20220710050000","61","0","新北市","雙溪區","121.880","25.020","38"
"24","383364","20220710050000","54","0","新北市","雙溪區","121.870","25.030","37"
"1650","383376","20220710050000","2473","0","新北市","中和區","121.485","25.000","1858"
"1768","383377","20220710050000","2802","0","新北市","中和區","121.485","25.005","2245"
"1980","383378","20220710050000","4200","0","新北市","中和區","121.500","25.000","2499"
"1932","383379","20220710050000","3583","0","新北市","板橋區","121.465","25.010","2417"
"2654","383380","20220710050000","2612","1","新北市","板橋區","121.470","25.010","3381"
"1095","383384","20220710050000","947","1","新北市","汐止區","121.635","25.040","1071"
"220","383424","20220710050000","256","0","桃園市","蘆竹區","121.255","25.050","228"
"590","383426","20220710050000","308","3","桃園市","蘆竹區","121.265","25.050","587"
"61","383430","20220710050000","38","3","桃園市","蘆竹區","121.250","25.055","58"
"445","383435","20220710050000","274","3","桃園市","蘆竹區","121.275","25.055","446"
"486","383437","20220710050000","438","1","桃園市","大園區","121.160","25.030","491"
"453","383449","20220710050000","398","1","桃園市","觀音區","121.155","25.050","481"
"1328","383456","20220710050000","1173","1","桃園市","觀音區","121.140","25.010","1325"
"659","383457","20220710050000","673","0","桃園市","觀音區","121.145","25.010","674"
"538","383463","20220710050000","433","2","桃園市","觀音區","121.130","25.005","532"
"176","383469","20220710050000","179","0","桃園市","觀音區","121.060","25.025","167"
"276","383475","20220710050000","325","0","桃園市","觀音區","121.065","25.025","288"
"96","383483","20220710050000","96","1","桃園市","觀音區","121.060","25.035","93"
"93","383485","20220710050000","141","0","桃園市","觀音區","121.070","25.035","95"
"80","383489","20220710050000","67","1","桃園市","觀音區","121.070","25.040","83"
"1088","383492","20220710050000","1273","0","新北市","三重區","121.475","25.050","1189"
"3346","383493","20220710050000","3364","0","新北市","中和區","121.510","24.995","3931"
"3681","383494","20220710050000","5024","0","新北市","中和區","121.510","25.000","4421"
"2446","383495","20220710050000","2823","0","新北市","板橋區","121.455","25.010","2857"
"3431","383496","20220710050000","4069","0","新北市","板橋區","121.455","25.020","4311"
"1743","383500","20220710050000","3142","0","新北市","樹林區","121.425","24.995","2356"
"224","383502","20220710050000","503","0","新北市","樹林區","121.405","25.005","222"
"55","383503","20220710050000","694","0","新北市","樹林區","121.410","25.005","104"
"1876","383507","20220710050000","2459","0","新北市","永和區","121.505","25.015","2432"
"15","383513","20220710050000","54","0","桃園市","中壢區","121.245","24.995","31"
"1092","383515","20220710050000","901","2","桃園市","中壢區","121.225","25.000","1138"
"10","383518","20220710050000","63","0","桃園市","中壢區","121.240","25.000","16"
"429","383519","20220710050000","407","1","桃園市","中壢區","121.245","25.000","428"
"476","383520","20220710050000","412","1","桃園市","中壢區","121.250","25.000","478"
"371","383521","20220710050000","209","3","桃園市","中壢區","121.230","25.005","364"
"540","383524","20220710050000","471","1","桃園市","中壢區","121.245","25.005","555"
"475","383526","20220710050000","407","1","桃園市","大園區","121.245","25.010","459"
"1348","383529","20220710050000","768","3","桃園市","中壢區","121.175","24.995","1362"
"708","383553","20220710050000","519","2","桃園市","中壢區","121.220","25.005","696"
"75","383554","20220710050000","119","0","桃園市","中壢區","121.215","25.010","104"
"12","383556","20220710050000","50","0","桃園市","中壢區","121.215","25.015","11"
"832","383557","20220710050000","680","2","桃園市","中壢區","121.220","25.015","892"
"1469","383559","20220710050000","1630","0","新北市","板橋區","121.480","25.030","1573"
"217","383560","20220710050000","231","0","新北市","樹林區","121.420","25.005","289"
"1638","383562","20220710050000","1794","0","新北市","新莊區","121.430","25.005","2260"
"1087","383563","20220710050000","1165","0","新北市","樹林區","121.425","25.010","1081"
"194","383564","20220710050000","638","0","新北市","樹林區","121.425","25.000","223"
"3287","383565","20220710050000","3493","0","新北市","永和區","121.515","25.000","3932"
"2772","383566","20220710050000","2471","1","新北市","永和區","121.520","25.005","3005"
"1712","383567","20220710050000","1365","2","新北市","中和區","121.480","25.005","2232"
"419","383568","20220710050000","316","2","新北市","泰山區","121.415","25.050","419"
"1479","383572","20220710050000","1371","1","新北市","泰山區","121.430","25.055","1847"
"2062","383573","20220710050000","2211","0","新北市","板橋區","121.460","25.000","2767"
"3077","383574","20220710050000","3834","0","新北市","中和區","121.495","25.000","4092"
"2110","383575","20220710050000","2332","0","新北市","板橋區","121.465","25.030","2111"
"3390","383576","20220710050000","3238","1","新北市","板橋區","121.470","25.030","4289"
"11","383582","20220710050000","750","0","新北市","深坑區","121.620","25.005","11"
"191","383589","20220710050000","173","1","新北市","深坑區","121.615","25.000","197"
"442","383590","20220710050000","755","0","新北市","深坑區","121.620","25.000","459"
"1465","383591","20220710050000","1288","1","新北市","深坑區","121.625","25.000","1444"
"523","383599","20220710050000","294","3","新北市","深坑區","121.635","25.005","537"
"1433","383600","20220710050000","1278","1","新北市","深坑區","121.615","25.005","1388"
"3795","383602","20220710050000","4323","0","新北市","板橋區","121.480","25.025","4434"
"3029","383603","20220710050000","3827","0","新北市","新莊區","121.445","25.035","3286"
"268","383604","20220710050000","746","0","新北市","永和區","121.530","25.000","246"
"1846","383605","20220710050000","3130","0","新北市","板橋區","121.480","25.020","2312"
"3492","383606","20220710050000","4358","0","新北市","板橋區","121.480","25.015","4479"
"1690","383607","20220710050000","1477","1","桃園市","桃園區","121.310","25.010","1667"
"3433","383608","20220710050000","2281","3","桃園市","桃園區","121.310","25.015","3521"
"2697","383609","20220710050000","3948","0","新北市","永和區","121.510","25.010","3279"
"3021","383610","20220710050000","3883","0","新北市","永和區","121.515","25.010","3855"
"1997","383611","20220710050000","2641","0","新北市","板橋區","121.460","25.015","2601"
"2043","383612","20220710050000","3025","0","新北市","板橋區","121.465","25.000","2551"
"2001","383614","20220710050000","1367","2","桃園市","桃園區","121.300","25.010","2035"
"3157","383615","20220710050000","2596","2","桃園市","桃園區","121.315","24.995","3166"
"189","383616","20220710050000","161","1","新北市","深坑區","121.605","25.005","171"
"82","383618","20220710050000","93","0","新北市","深坑區","121.600","25.010","86"
"1708","383631","20220710050000","1807","0","新北市","深坑區","121.600","25.005","1735"
"1701","383632","20220710050000","2066","0","新北市","中和區","121.485","25.015","2247"
"2277","383633","20220710050000","2888","0","新北市","板橋區","121.475","25.015","2946"
"3726","383634","20220710050000","3660","1","新北市","板橋區","121.450","25.015","4294"
"2113","383635","20220710050000","2873","0","新北市","永和區","121.510","25.005","2294"
"2098","383636","20220710050000","2135","0","新北市","板橋區","121.450","25.010","2377"
"782","383637","20220710050000","869","0","新北市","樹林區","121.405","25.015","849"
"483","383638","20220710050000","173","3","新北市","樹林區","121.420","25.010","219"
"1199","383639","20220710050000","954","2","新北市","樹林區","121.415","25.015","1287"
"65","383641","20220710050000","29","3","新北市","平溪區","121.765","25.035","65"
"260","383658","20220710050000","275","0","新北市","平溪區","121.775","25.040","262"
"133","383678","20220710050000","87","3","新北市","平溪區","121.740","25.025","124"
"132","383679","20220710050000","110","2","新北市","平溪區","121.745","25.025","128"
"24","383682","20220710050000","33","0","新北市","平溪區","121.745","25.030","24"
"17","383718","20220710050000","14","2","新北市","平溪區","121.780","25.025","20"
"46","383787","20220710050000","36","2","新北市","平溪區","121.750","25.005","42"
"80","383811","20220710050000","246","0","新北市","平溪區","121.715","25.020","81"
"1089","383828","20220710050000","2168","0","新北市","中和區","121.475","24.995","1037"
"3571","383829","20220710050000","5699","0","新北市","板橋區","121.470","25.020","4114"
"286","383830","20220710050000","362","0","新北市","板橋區","121.440","25.005","416"
"1232","383831","20220710050000","682","3","新北市","新莊區","121.440","25.015","1187"
"1547","383833","20220710050000","2401","0","新北市","永和區","121.515","25.020","1516"
"180","383834","20220710050000","158","1","新北市","汐止區","121.645","25.030","183"
"336","383848","20220710050000","232","2","新北市","汐止區","121.645","25.040","348"
"21","383859","20220710050000","25","0","新北市","汐止區","121.670","25.045","21"
"41","383862","20220710050000","128","0","新北市","汐止區","121.660","25.050","41"
"547","383865","20220710050000","631","0","新北市","永和區","121.530","25.005","659"
"633","383866","20220710050000","652","0","新北市","新莊區","121.465","25.045","618"
"1701","383867","20220710050000","1645","1","新北市","新莊區","121.415","25.025","1604"
"1839","383868","20220710050000","2298","0","新北市","中和區","121.525","24.995","2028"
"907","383871","20220710050000","1177","0","桃園市","中壢區","121.200","25.010","941"
"663","383880","20220710050000","527","2","桃園市","中壢區","121.200","25.020","661"
"84","383883","20220710050000","129","0","新北市","深坑區","121.635","25.010","89"
"2156","383889","20220710050000","1445","2","新北市","板橋區","121.465","25.015","2826"
"23","383890","20220710050000","228","0","新北市","板橋區","121.475","25.035","20"
"823","383891","20220710050000","1085","0","新北市","板橋區","121.480","25.035","1087"
"3967","383893","20220710050000","4722","0","新北市","板橋區","121.465","25.020","5183"
"2557","383894","20220710050000","2475","1","新北市","板橋區","121.460","25.020","3406"
"899","383895","20220710050000","2442","0","新北市","永和區","121.525","25.010","3211"
"3893","383896","20220710050000","4304","0","新北市","永和區","121.525","25.000","4859"
"352","383897","20220710050000","370","0","桃園市","龜山區","121.365","25.030","349"
"480","383900","20220710050000","491","0","桃園市","龜山區","121.360","25.040","485"
"552","383902","20220710050000","687","0","桃園市","龜山區","121.360","25.045","586"
"1365","383903","20220710050000","1060","2","桃園市","龜山區","121.360","25.050","1422"
"1034","383904","20220710050000","1832","0","桃園市","龜山區","121.365","25.050","1073"
"1351","383905","20220710050000","1384","0","桃園市","龜山區","121.360","25.055","1349"
"3385","383906","20220710050000","1711","3","桃園市","龜山區","121.365","25.055","3443"
"1705","383907","20220710050000","820","3","桃園市","龜山區","121.375","25.035","1313"
"293","383908","20220710050000","279","1","桃園市","龜山區","121.370","25.040","320"
"248","383909","20220710050000","143","3","桃園市","龜山區","121.375","25.040","335"
"87","383910","20220710050000","59","2","桃園市","龜山區","121.365","25.045","101"
"558","383911","20220710050000","293","3","桃園市","龜山區","121.370","25.045","524"
"60","383912","20220710050000","164","0","桃園市","龜山區","121.375","25.045","42"
"552","383913","20220710050000","451","2","桃園市","龜山區","121.370","25.050","585"
"371","383914","20220710050000","178","3","桃園市","龜山區","121.375","25.050","379"
"1533","383915","20220710050000","1622","0","桃園市","龜山區","121.370","25.055","1537"
"1830","383916","20220710050000","1356","2","桃園市","龜山區","121.375","25.055","1840"
"497","383919","20220710050000","523","0","桃園市","龜山區","121.360","25.000","480"
"393","383920","20220710050000","388","1","桃園市","龜山區","121.365","25.000","399"
"856","383922","20220710050000","735","1","桃園市","龜山區","121.340","25.000","827"
"488","383924","20220710050000","365","2","桃園市","龜山區","121.340","25.005","476"
"978","383928","20220710050000","945","1","桃園市","龜山區","121.365","25.005","1024"
"323","383930","20220710050000","229","2","桃園市","龜山區","121.355","25.010","316"
"199","383939","20220710050000","257","0","桃園市","龜山區","121.360","25.020","209"
"548","383940","20220710050000","548","1","桃園市","龜山區","121.365","25.015","566"
"127","383941","20220710050000","189","0","桃園市","龜山區","121.370","25.020","144"
"124","383945","20220710050000","127","0","桃園市","龜山區","121.365","25.020","116"
"15","383952","20220710050000","10","3","桃園市","龜山區","121.380","25.025","15"
"1222","383958","20220710050000","1038","1","桃園市","龜山區","121.335","24.995","1245"
"970","383959","20220710050000","956","1","桃園市","龜山區","121.345","25.005","1007"
"801","383962","20220710050000","742","1","桃園市","龜山區","121.345","25.010","804"
"541","383966","20220710050000","443","2","桃園市","龜山區","121.345","25.015","527"
"227","383978","20220710050000","230","0","桃園市","龜山區","121.350","25.020","227"
"34","383987","20220710050000","29","1","桃園市","龜山區","121.345","25.030","39"
"112","383989","20220710050000","96","1","桃園市","龜山區","121.355","25.030","99"
"47","383991","20220710050000","64","0","桃園市","龜山區","121.380","25.020","45"
"169","383995","20220710050000","312","0","桃園市","龜山區","121.385","25.025","154"
"18","383996","20220710050000","114","0","桃園市","龜山區","121.390","25.025","24"
"597","384001","20220710050000","847","0","桃園市","龜山區","121.390","25.030","609"
"374","384003","20220710050000","214","3","桃園市","龜山區","121.385","25.035","468"
"729","384004","20220710050000","673","1","桃園市","龜山區","121.390","25.035","652"
"43","384008","20220710050000","15","3","桃園市","龜山區","121.385","25.040","48"
"1220","384009","20220710050000","993","2","桃園市","龜山區","121.390","25.040","1353"
"1424","384015","20220710050000","573","3","桃園市","龜山區","121.380","25.050","1489"
"153","384019","20220710050000","580","0","桃園市","龜山區","121.380","25.055","143"
"5958","384021","20220710050000","6839","0","臺北市","中山區","121.525","25.050","5923"
"5650","384022","20220710050000","5418","1","臺北市","中山區","121.530","25.055","5645"
"360","384040","20220710050000","370","0","桃園市","大園區","121.185","25.045","373"
"283","384041","20220710050000","272","1","桃園市","大園區","121.190","25.045","268"
"211","384058","20220710050000","189","1","桃園市","龜山區","121.355","24.995","196"
"246","384060","20220710050000","153","3","桃園市","龜山區","121.355","25.000","231"
"2183","384064","20220710050000","2387","0","新北市","永和區","121.510","25.020","2045"
"2135","384065","20220710050000","2645","0","臺北市","中正區","121.515","25.025","2276"
"1580","384066","20220710050000","3387","0","臺北市","中正區","121.525","25.020","1538"
"392","384067","20220710050000","442","0","臺北市","中正區","121.515","25.040","422"
"3613","384068","20220710050000","4542","0","臺北市","中正區","121.515","25.045","3504"
"4352","384069","20220710050000","3316","2","臺北市","中山區","121.535","25.055","4318"
"1506","384070","20220710050000","1557","0","臺北市","文山區","121.560","25.005","1539"
"859","384071","20220710050000","728","1","臺北市","大安區","121.560","25.010","867"
"306","384072","20220710050000","1231","0","桃園市","桃園區","121.310","24.995","312"
"3436","384073","20220710050000","3027","1","臺北市","中山區","121.535","25.045","3330"
"1643","384074","20220710050000","2251","0","臺北市","中山區","121.535","25.050","1605"
"2769","384075","20220710050000","1951","2","臺北市","中正區","121.515","25.030","2722"
"3716","384076","20220710050000","5764","0","臺北市","信義區","121.565","25.025","3717"
"1608","384077","20220710050000","1683","0","臺北市","信義區","121.575","25.045","1623"
"464","384078","20220710050000","523","0","臺北市","信義區","121.585","25.035","459"
"1088","384079","20220710050000","1224","0","臺北市","信義區","121.565","25.020","1110"
"797","384081","20220710050000","752","1","桃園市","桃園區","121.290","25.010","793"
"896","384082","20220710050000","1417","0","桃園市","桃園區","121.285","25.015","976"
"1053","384083","20220710050000","971","1","桃園市","桃園區","121.290","25.015","1096"
"3527","384084","20220710050000","3766","0","臺北市","中正區","121.525","25.045","3356"
"3843","384085","20220710050000","2416","3","臺北市","中正區","121.530","25.045","3736"
"1131","384086","20220710050000","2111","0","臺北市","中正區","121.530","25.010","1157"
"4736","384087","20220710050000","5004","0","臺北市","中山區","121.525","25.055","4659"
"2489","384088","20220710050000","2465","1","臺北市","中山區","121.540","25.045","2421"
"3144","384089","20220710050000","3314","0","臺北市","大安區","121.540","25.040","3096"
"2746","384090","20220710050000","2388","1","臺北市","中正區","121.520","25.030","2744"
"838","384091","20220710050000","751","1","臺北市","中正區","121.520","25.035","869"
"1945","384092","20220710050000","1720","1","臺北市","中正區","121.520","25.040","1859"
"6145","384093","20220710050000","6876","0","臺北市","中正區","121.525","25.040","6137"
"304","384094","20220710050000","855","0","臺北市","中正區","121.525","25.015","321"
"1439","384100","20220710050000","916","3","桃園市","中壢區","121.200","25.000","1418"
"146","384101","20220710050000","124","1","桃園市","中壢區","121.205","25.000","163"
"795","384103","20220710050000","550","2","桃園市","中壢區","121.200","25.005","809"
"749","384104","20220710050000","1149","0","新北市","泰山區","121.420","25.030","996"
"291","384106","20220710050000","304","0","新北市","泰山區","121.425","25.035","399"
"1395","384109","20220710050000","1958","0","新北市","泰山區","121.420","25.040","1865"
"874","384111","20220710050000","1066","0","新北市","泰山區","121.425","25.040","1087"
"1208","384112","20220710050000","1011","1","新北市","泰山區","121.430","25.040","1508"
"103","384113","20220710050000","87","1","桃園市","龜山區","121.330","24.995","124"
"39","384129","20220710050000","41","0","桃園市","龜山區","121.375","25.010","36"
"405","384131","20220710050000","385","1","桃園市","龜山區","121.385","25.010","417"
"228","384132","20220710050000","149","3","桃園市","龜山區","121.390","25.010","225"
"836","384140","20220710050000","943","0","桃園市","龜山區","121.395","25.020","1087"
"453","384141","20220710050000","534","0","桃園市","龜山區","121.400","25.020","463"
"1333","384142","20220710050000","1245","1","桃園市","龜山區","121.340","24.995","1346"
"1980","384145","20220710050000","1712","1","桃園市","龜山區","121.345","25.000","2018"
"4503","384146","20220710050000","5103","0","臺北市","中山區","121.520","25.055","4437"
"1205","384147","20220710050000","869","2","桃園市","桃園區","121.305","25.025","1195"
"64","384149","20220710050000","61","1","桃園市","新屋區","121.030","25.000","58"
"131","384152","20220710050000","161","0","桃園市","新屋區","121.030","25.005","141"
"108","384164","20220710050000","141","0","桃園市","新屋區","121.060","24.995","107"
"292","384167","20220710050000","225","2","桃園市","新屋區","121.060","25.000","300"
"636","384185","20220710050000","641","0","桃園市","新屋區","121.075","25.005","642"
"14","384188","20220710050000","32","0","桃園市","桃園區","121.325","25.000","14"
"86","384189","20220710050000","67","2","桃園市","桃園區","121.320","25.005","78"
"775","384190","20220710050000","725","1","桃園市","桃園區","121.325","25.005","798"
"2073","384194","20220710050000","2888","0","臺北市","中正區","121.510","25.025","2719"
"32","384227","20220710050000","45","0","新北市","貢寮區","121.955","25.005","26"
"37","384234","20220710050000","27","2","新北市","貢寮區","121.950","25.010","38"
"458","384241","20220710050000","378","2","新北市","貢寮區","121.945","25.015","422"
"76","384254","20220710050000","36","3","新北市","貢寮區","121.970","25.025","89"
"32","384264","20220710050000","38","0","新北市","貢寮區","121.890","25.020","34"
"329","384267","20220710050000","335","0","新北市","貢寮區","121.905","25.020","359"
"29","384270","20220710050000","30","0","新北市","貢寮區","121.900","25.025","21"
"14","384288","20220710050000","18","0","新北市","貢寮區","121.930","25.000","20"
"149","384299","20220710050000","139","1","新北市","貢寮區","121.920","25.010","137"
"79","384306","20220710050000","75","1","新北市","貢寮區","121.930","25.015","81"
"12","384313","20220710050000","18","0","新北市","貢寮區","121.925","25.025","18"
"34","384338","20220710050000","25","2","新北市","貢寮區","121.905","25.010","31"
"526","384342","20220710050000","455","1","新北市","貢寮區","121.945","25.020","468"
"104","384349","20220710050000","88","1","新北市","貢寮區","121.930","25.030","111"
"14","384353","20220710050000","17","0","新北市","貢寮區","121.930","25.035","20"
"2241","384355","20220710050000","1556","2","桃園市","龜山區","121.400","25.015","2234"
"2496","384356","20220710050000","2387","1","桃園市","龜山區","121.405","25.020","2848"
"218","384362","20220710050000","176","2","桃園市","新屋區","121.045","25.005","241"
"216","384367","20220710050000","231","0","桃園市","桃園區","121.320","24.995","219"
"1533","384368","20220710050000","1549","0","桃園市","桃園區","121.325","24.995","1564"
"1696","384371","20220710050000","1662","1","桃園市","桃園區","121.295","25.000","1669"
"497","384372","20220710050000","438","1","桃園市","桃園區","121.280","25.005","450"
"104","384373","20220710050000","43","3","桃園市","桃園區","121.285","25.005","119"
"948","384374","20220710050000","869","1","桃園市","桃園區","121.280","25.010","945"
"1657","384375","20220710050000","1978","0","桃園市","桃園區","121.300","25.000","1694"
"1449","384376","20220710050000","1502","0","桃園市","桃園區","121.305","25.000","1469"
"1131","384377","20220710050000","1017","1","桃園市","桃園區","121.310","25.025","1180"
"476","384378","20220710050000","316","3","桃園市","桃園區","121.310","25.020","495"
"857","384379","20220710050000","592","2","桃園市","桃園區","121.315","25.025","876"
"1103","384382","20220710050000","1159","0","桃園市","桃園區","121.300","25.025","1113"
"810","384383","20220710050000","753","1","桃園市","桃園區","121.305","25.020","822"
"28","384387","20220710050000","20","2","桃園市","桃園區","121.295","24.995","29"
"2223","384388","20220710050000","3394","0","臺北市","中山區","121.530","25.050","2200"
"3908","384389","20220710050000","4043","0","桃園市","桃園區","121.295","25.025","3908"
"29","384391","20220710050000","10","3","桃園市","蘆竹區","121.295","25.035","29"
"2804","384392","20220710050000","2495","1","桃園市","蘆竹區","121.295","25.040","2833"
"2163","384393","20220710050000","2444","0","桃園市","桃園區","121.300","25.015","2120"
"5062","384394","20220710050000","3742","2","桃園市","桃園區","121.295","25.015","4980"
"3009","384395","20220710050000","2690","1","桃園市","桃園區","121.320","25.010","3175"
"1767","384398","20220710050000","784","3","桃園市","桃園區","121.310","25.000","1764"
"770","384399","20220710050000","817","0","桃園市","桃園區","121.315","25.000","821"
"403","384400","20220710050000","429","0","桃園市","桃園區","121.320","25.000","391"
"770","384401","20220710050000","866","0","桃園市","桃園區","121.310","25.005","799"
"368","384402","20220710050000","315","1","臺北市","南港區","121.590","25.035","373"
"254","384403","20220710050000","294","0","臺北市","大安區","121.550","25.015","247"
"3359","384404","20220710050000","4102","0","臺北市","大安區","121.555","25.020","3381"
"4725","384405","20220710050000","4269","1","臺北市","大安區","121.550","25.020","4698"
"2056","384408","20220710050000","1996","1","桃園市","桃園區","121.305","25.010","2165"
"2950","384409","20220710050000","3075","0","臺北市","中正區","121.530","25.015","2928"
"2971","384410","20220710050000","2706","1","臺北市","中正區","121.525","25.035","2867"
"1481","384411","20220710050000","2181","0","臺北市","中山區","121.540","25.050","1530"
"1265","384412","20220710050000","1164","1","桃園市","桃園區","121.290","25.020","1290"
"3870","384413","20220710050000","4393","0","臺北市","信義區","121.560","25.045","3815"
"46","384415","20220710050000","204","0","桃園市","桃園區","121.300","24.995","47"
"1644","384416","20220710050000","1823","0","桃園市","桃園區","121.290","25.025","1703"
"851","384417","20220710050000","705","2","桃園市","桃園區","121.290","25.005","884"
"1930","384418","20220710050000","1932","0","桃園市","桃園區","121.295","25.005","1977"
"1094","384419","20220710050000","1589","0","桃園市","桃園區","121.295","25.010","1042"
"3156","384420","20220710050000","3352","0","臺北市","大同區","121.510","25.055","3123"
"1343","384421","20220710050000","1306","1","臺北市","中正區","121.520","25.020","1646"
"4968","384422","20220710050000","3723","2","臺北市","信義區","121.570","25.025","5074"
"1475","384424","20220710050000","1122","2","臺北市","信義區","121.570","25.030","1478"
"1058","384425","20220710050000","1446","0","臺北市","信義區","121.575","25.030","1081"
"2749","384426","20220710050000","2802","0","臺北市","大同區","121.515","25.050","2643"
"3695","384427","20220710050000","3199","1","臺北市","中山區","121.520","25.050","3651"
"2274","384428","20220710050000","2518","0","臺北市","大同區","121.515","25.055","2301"
"2470","384429","20220710050000","2088","1","桃園市","桃園區","121.305","24.995","2481"
"2755","384430","20220710050000","2197","2","桃園市","桃園區","121.300","25.005","2738"
"731","384431","20220710050000","628","1","臺北市","大同區","121.505","25.050","669"
"1564","384432","20220710050000","1722","0","臺北市","大同區","121.510","25.050","1522"
"227","384433","20220710050000","860","0","臺北市","大安區","121.555","25.040","223"
"5467","384434","20220710050000","5969","0","臺北市","大安區","121.555","25.030","5563"
"2880","384435","20220710050000","2535","1","臺北市","大安區","121.530","25.025","3347"
"823","384436","20220710050000","2360","0","臺北市","大安區","121.525","25.030","817"
"3552","384437","20220710050000","3793","0","臺北市","大安區","121.525","25.025","3531"
"2283","384438","20220710050000","2383","0","臺北市","大安區","121.545","25.035","2297"
"4916","384439","20220710050000","5753","0","臺北市","大安區","121.545","25.030","4898"
"3604","384440","20220710050000","3721","0","臺北市","大安區","121.555","25.035","3648"
"2753","384441","20220710050000","5084","0","臺北市","大安區","121.550","25.025","2789"
"5196","384442","20220710050000","4709","1","臺北市","中正區","121.530","25.035","5092"
"2664","384443","20220710050000","2533","1","臺北市","中正區","121.510","25.045","2627"
"344","384446","20220710050000","365","0","桃園市","蘆竹區","121.270","25.015","335"
"505","384447","20220710050000","303","3","桃園市","蘆竹區","121.260","25.025","504"
"1521","384448","20220710050000","1144","2","桃園市","蘆竹區","121.265","25.020","1553"
"258","384449","20220710050000","447","0","桃園市","蘆竹區","121.270","25.020","248"
"15","384454","20220710050000","16","0","桃園市","蘆竹區","121.255","25.000","17"
"24","384461","20220710050000","53","0","桃園市","蘆竹區","121.260","25.010","26"
"16","384463","20220710050000","86","0","桃園市","蘆竹區","121.250","25.015","16"
"539","384466","20220710050000","393","2","桃園市","蘆竹區","121.250","25.020","524"
"1655","384467","20220710050000","1134","2","桃園市","蘆竹區","121.255","25.020","1642"
"2969","384468","20220710050000","1867","3","桃園市","蘆竹區","121.260","25.020","2999"
"2616","384469","20220710050000","2816","0","桃園市","蘆竹區","121.295","25.055","2549"
"371","384473","20220710050000","358","1","桃園市","桃園區","121.305","25.030","389"
"78","384480","20220710050000","112","0","桃園市","龜山區","121.305","25.035","72"
"922","384489","20220710050000","829","1","桃園市","蘆竹區","121.295","25.045","959"
"450","384497","20220710050000","866","0","桃園市","龜山區","121.305","25.045","439"
"157","384499","20220710050000","201","0","桃園市","龜山區","121.315","25.045","162"
"34","384502","20220710050000","20","3","桃園市","龜山區","121.330","25.045","30"
"174","384507","20220710050000","175","0","桃園市","龜山區","121.320","25.050","168"
"183","384514","20220710050000","212","0","桃園市","龜山區","121.335","25.055","183"
"327","384517","20220710050000","313","1","桃園市","龜山區","121.340","25.035","285"
"243","384521","20220710050000","237","1","桃園市","龜山區","121.345","25.040","262"
"144","384522","20220710050000","92","3","桃園市","龜山區","121.350","25.040","156"
"13","384523","20220710050000","15","0","桃園市","龜山區","121.355","25.040","15"
"181","384525","20220710050000","217","0","桃園市","龜山區","121.350","25.045","165"
"395","384526","20220710050000","278","2","桃園市","龜山區","121.355","25.045","418"
"18","384527","20220710050000","33","0","桃園市","龜山區","121.345","25.050","28"
"447","384528","20220710050000","566","0","桃園市","龜山區","121.350","25.050","476"
"334","384532","20220710050000","276","2","桃園市","龜山區","121.350","25.055","341"
"950","384533","20220710050000","1452","0","臺北市","信義區","121.570","25.035","1002"
"2095","384534","20220710050000","2939","0","臺北市","信義區","121.575","25.035","2136"
"28","384549","20220710050000","33","0","臺北市","南港區","121.630","25.030","25"
"1142","384552","20220710050000","843","2","臺北市","南港區","121.620","25.035","1122"
"109","384554","20220710050000","85","2","新北市","汐止區","121.630","25.035","108"
"1155","384555","20220710050000","882","2","臺北市","南港區","121.620","25.040","1182"
"3143","384556","20220710050000","4531","0","臺北市","信義區","121.575","25.040","3098"
"3414","384557","20220710050000","3720","0","臺北市","南港區","121.585","25.045","3367"
"139","384572","20220710050000","56","3","新北市","雙溪區","121.825","25.025","148"
"90","384613","20220710050000","101","0","新北市","雙溪區","121.860","25.035","95"
"870","384614","20220710050000","793","1","新北市","雙溪區","121.865","25.035","851"
"43","384624","20220710050000","41","1","新北市","雙溪區","121.830","25.000","45"
"33","384641","20220710050000","46","0","新北市","雙溪區","121.805","25.015","30"
"10","384650","20220710050000","11","0","新北市","雙溪區","121.810","25.020","11"
"153","384662","20220710050000","144","1","新北市","雙溪區","121.840","25.035","152"
"312","384679","20220710050000","266","1","新北市","雙溪區","121.865","25.040","312"
"62","384696","20220710050000","45","2","新北市","雙溪區","121.845","24.995","71"
"434","384710","20220710050000","403","1","桃園市","桃園區","121.275","25.020","416"
"399","384711","20220710050000","421","0","桃園市","桃園區","121.280","25.020","369"
"211","384716","20220710050000","534","0","臺北市","信義區","121.565","25.030","240"
"7024","384717","20220710050000","6610","1","臺北市","信義區","121.560","25.030","6977"
"2444","384718","20220710050000","3431","0","臺北市","中正區","121.520","25.025","2477"
"1140","384719","20220710050000","1009","1","桃園市","大園區","121.210","25.005","1154"
"991","384720","20220710050000","746","2","桃園市","大園區","121.210","25.010","763"
"1555","384721","20220710050000","940","3","桃園市","大園區","121.210","25.015","1614"
"864","384722","20220710050000","802","1","桃園市","大園區","121.210","25.020","915"
"126","384723","20220710050000","97","2","桃園市","大園區","121.220","25.020","118"
"678","384726","20220710050000","667","1","桃園市","大園區","121.220","25.025","706"
"579","384729","20220710050000","544","1","桃園市","大園區","121.215","25.025","552"
"684","384731","20220710050000","580","1","桃園市","大園區","121.205","25.035","709"
"468","384739","20220710050000","344","2","桃園市","大園區","121.205","25.050","457"
"58","384743","20220710050000","55","1","桃園市","大園區","121.210","25.055","53"
"2821","384744","20220710050000","3344","0","臺北市","信義區","121.580","25.040","2799"
"698","384745","20220710050000","1077","0","臺北市","中正區","121.510","25.030","669"
"1846","384746","20220710050000","1912","0","臺北市","中正區","121.520","25.045","1813"
"2380","384747","20220710050000","3066","0","臺北市","中正區","121.505","25.030","2499"
"1263","384748","20220710050000","913","2","臺北市","中正區","121.510","25.035","1296"
"73","384749","20220710050000","116","0","臺北市","中正區","121.515","25.035","74"
"1323","384750","20220710050000","1650","0","臺北市","中正區","121.510","25.040","1274"
"1834","384751","20220710050000","1571","1","桃園市","桃園區","121.305","25.015","1747"
"1952","384752","20220710050000","2397","0","桃園市","桃園區","121.300","25.020","1980"
"3800","384754","20220710050000","3375","1","桃園市","桃園區","121.295","25.020","3762"
"3508","384756","20220710050000","3202","1","桃園市","桃園區","121.315","25.015","3473"
"670","384757","20220710050000","2335","0","桃園市","桃園區","121.315","25.020","706"
"2022","384759","20220710050000","2398","0","桃園市","桃園區","121.305","25.005","1991"
"3432","384760","20220710050000","3643","0","臺北市","信義區","121.570","25.045","3411"
"646","384761","20220710050000","647","0","臺北市","信義區","121.575","25.015","661"
"514","384763","20220710050000","667","0","臺北市","信義區","121.575","25.020","424"
"584","384770","20220710050000","415","2","桃園市","大園區","121.225","25.015","568"
"685","384775","20220710050000","734","0","桃園市","大園區","121.230","25.020","700"
"31","384776","20220710050000","18","3","桃園市","大園區","121.235","25.020","27"
"447","384777","20220710050000","449","0","桃園市","大園區","121.240","25.020","433"
"148","384783","20220710050000","166","0","桃園市","大園區","121.230","25.025","144"
"77","384787","20220710050000","75","1","桃園市","大園區","121.220","25.035","72"
"563","384788","20220710050000","611","0","桃園市","大園區","121.225","25.035","553"
"413","384790","20220710050000","328","2","桃園市","大園區","121.165","25.050","438"
"688","384794","20220710050000","579","1","桃園市","大園區","121.160","25.055","706"
"254","384798","20220710050000","201","2","桃園市","大園區","121.175","25.055","260"
"507","384806","20220710050000","454","1","桃園市","大園區","121.175","25.030","485"
"285","384811","20220710050000","145","3","桃園市","大園區","121.180","25.035","311"
"243","384818","20220710050000","183","2","桃園市","大園區","121.215","25.035","228"
"400","384824","20220710050000","474","0","桃園市","大園區","121.215","25.045","397"
"151","384830","20220710050000","166","0","桃園市","大園區","121.215","25.055","172"
"645","384831","20220710050000","708","0","桃園市","大園區","121.220","25.055","655"
"3038","384843","20220710050000","4250","0","臺北市","松山區","121.550","25.045","3091"
"1913","384844","20220710050000","2092","0","臺北市","信義區","121.565","25.045","1924"
"66","384845","20220710050000","68","0","臺北市","南港區","121.595","25.035","75"
"1977","384846","20220710050000","2249","0","臺北市","大安區","121.535","25.020","1941"
"467","384847","20220710050000","463","1","臺北市","大安區","121.535","25.030","479"
"1292","384848","20220710050000","820","3","臺北市","文山區","121.575","25.000","1277"
"38","384849","20220710050000","50","0","臺北市","文山區","121.590","25.000","39"
"126","384853","20220710050000","129","0","臺北市","文山區","121.585","25.005","102"
"467","384856","20220710050000","340","2","臺北市","文山區","121.570","25.010","446"
"90","384857","20220710050000","124","0","臺北市","文山區","121.575","25.010","96"
"53","384862","20220710050000","31","3","臺北市","文山區","121.590","25.010","46"
"495","384864","20220710050000","532","0","臺北市","大安區","121.540","25.010","425"
"3277","384865","20220710050000","3350","0","臺北市","文山區","121.540","25.005","3536"
"1437","384868","20220710050000","1423","1","臺北市","萬華區","121.490","25.035","1382"
"2100","384871","20220710050000","2051","1","臺北市","文山區","121.560","25.000","2192"
"2325","384874","20220710050000","1816","2","臺北市","萬華區","121.495","25.015","2196"
"56","384876","20220710050000","52","1","臺北市","信義區","121.565","25.015","123"
"2790","384878","20220710050000","3007","0","臺北市","大安區","121.550","25.035","2576"
"3205","384879","20220710050000","3096","1","臺北市","中正區","121.530","25.040","3258"
"9458","384880","20220710050000","6846","2","臺北市","大安區","121.550","25.030","9261"
"3677","384881","20220710050000","4549","0","臺北市","信義區","121.555","25.025","3639"
"1053","384882","20220710050000","739","2","臺北市","文山區","121.550","24.995","1370"
"2717","384883","20220710050000","2755","0","臺北市","文山區","121.550","25.000","3591"
"3836","384884","20220710050000","4077","0","臺北市","萬華區","121.500","25.020","3897"
"3136","384885","20220710050000","3390","0","臺北市","大安區","121.530","25.020","3566"
"4037","384886","20220710050000","3502","1","臺北市","大安區","121.540","25.035","3932"
"491","384888","20220710050000","427","1","臺北市","文山區","121.565","25.000","487"
"230","384889","20220710050000","347","0","臺北市","文山區","121.565","25.005","211"
"1040","384890","20220710050000","1022","1","臺北市","文山區","121.570","25.005","1036"
"40","384893","20220710050000","26","3","臺北市","文山區","121.585","24.995","44"
"356","384895","20220710050000","346","1","臺北市","文山區","121.580","25.000","324"
"233","384897","20220710050000","288","0","新北市","深坑區","121.600","25.000","241"
"3085","384898","20220710050000","4125","0","臺北市","文山區","121.540","24.995","3382"
"196","384899","20220710050000","181","1","臺北市","文山區","121.570","24.995","166"
"1583","384900","20220710050000","1366","1","臺北市","文山區","121.570","25.000","1652"
"4243","384901","20220710050000","4635","0","臺北市","文山區","121.540","25.000","4586"
"1498","384903","20220710050000","1605","0","臺北市","萬華區","121.505","25.020","1676"
"1358","384904","20220710050000","1330","1","臺北市","文山區","121.555","24.995","1267"
"1343","384905","20220710050000","1128","1","臺北市","文山區","121.560","24.995","1382"
"1290","384906","20220710050000","2040","0","臺北市","文山區","121.555","25.000","1422"
"1647","384907","20220710050000","1797","0","臺北市","文山區","121.550","25.005","1894"
"608","384908","20220710050000","307","3","臺北市","大安區","121.550","25.010","572"
"1230","384909","20220710050000","1426","0","臺北市","大安區","121.540","25.015","1241"
"496","384911","20220710050000","1246","0","臺北市","中正區","121.535","25.010","501"
"337","384913","20220710050000","795","0","臺北市","大安區","121.545","25.010","364"
"2343","384914","20220710050000","2244","1","臺北市","大安區","121.535","25.015","2308"
"514","384916","20220710050000","676","0","臺北市","大安區","121.545","25.015","522"
"4119","384917","20220710050000","4394","0","臺北市","大安區","121.550","25.040","3911"
"725","384918","20220710050000","890","0","臺北市","文山區","121.535","24.995","694"
"2649","384919","20220710050000","2322","1","臺北市","松山區","121.545","25.045","2626"
"3222","384920","20220710050000","2866","1","臺北市","萬華區","121.500","25.040","3244"
"738","384922","20220710050000","861","0","臺北市","萬華區","121.490","25.030","728"
"5963","384923","20220710050000","5946","1","臺北市","萬華區","121.505","25.045","5816"
"1814","384924","20220710050000","2321","0","臺北市","南港區","121.585","25.050","1813"
"938","384925","20220710050000","1349","0","臺北市","南港區","121.590","25.050","949"
"2023","384926","20220710050000","2056","0","臺北市","南港區","121.590","25.040","2021"
"400","384927","20220710050000","534","0","臺北市","南港區","121.590","25.045","427"
"1428","384929","20220710050000","1503","0","臺北市","南港區","121.595","25.040","1441"
"337","384931","20220710050000","573","0","臺北市","南港區","121.595","25.045","350"
"29","384932","20220710050000","31","0","臺北市","南港區","121.600","25.045","27"
"1266","384933","20220710050000","927","2","臺北市","南港區","121.595","25.050","1240"
"3295","384935","20220710050000","3957","0","臺北市","萬華區","121.495","25.030","3541"
"1963","384936","20220710050000","1233","3","臺北市","萬華區","121.490","25.025","1885"
"29","384937","20220710050000","40","0","臺北市","文山區","121.555","25.010","40"
"115","384938","20220710050000","109","1","臺北市","信義區","121.565","25.010","117"
"2116","384940","20220710050000","2767","0","臺北市","大安區","121.560","25.015","2112"
"3487","384941","20220710050000","2528","2","臺北市","松山區","121.550","25.050","3389"
"127","384942","20220710050000","250","0","臺北市","大安區","121.540","25.020","126"
"61","384943","20220710050000","1624","0","臺北市","大安區","121.540","25.025","65"
"6630","384944","20220710050000","6181","1","臺北市","松山區","121.555","25.050","6636"
"1977","384945","20220710050000","1487","2","臺北市","萬華區","121.495","25.035","1889"
"386","384946","20220710050000","351","1","臺北市","萬華區","121.495","25.040","384"
"1121","384947","20220710050000","1031","1","臺北市","文山區","121.565","24.995","1060"
"3466","384948","20220710050000","2733","2","臺北市","松山區","121.560","25.050","3334"
"3075","384949","20220710050000","4258","0","臺北市","松山區","121.565","25.050","2972"
"1691","384950","20220710050000","1108","3","臺北市","萬華區","121.490","25.020","1707"
"963","384951","20220710050000","919","1","臺北市","萬華區","121.500","25.030","805"
"3804","384952","20220710050000","3769","1","臺北市","萬華區","121.505","25.040","3747"
"3990","384955","20220710050000","4679","0","臺北市","大安區","121.535","25.040","4027"
"3377","384956","20220710050000","1913","3","臺北市","松山區","121.555","25.045","3596"
"2461","384957","20220710050000","1920","2","臺北市","松山區","121.575","25.050","2295"
"4308","384958","20220710050000","4081","1","臺北市","南港區","121.580","25.050","4370"
"213","384960","20220710050000","248","0","臺北市","信義區","121.580","25.030","218"
"2002","384961","20220710050000","2976","0","臺北市","信義區","121.580","25.035","2047"
"2132","384962","20220710050000","3960","0","臺北市","信義區","121.580","25.045","2238"
"1550","384963","20220710050000","3044","0","臺北市","萬華區","121.500","25.035","1563"
"3712","384964","20220710050000","4087","0","臺北市","松山區","121.545","25.050","3747"
"1969","384965","20220710050000","1675","1","臺北市","萬華區","121.495","25.020","2170"
"2116","384966","20220710050000","2198","0","臺北市","萬華區","121.500","25.025","2250"
"475","384968","20220710050000","411","1","臺北市","信義區","121.570","25.015","474"
"130","384969","20220710050000","1521","0","臺北市","信義區","121.570","25.020","141"
"1148","384970","20220710050000","2312","0","臺北市","信義區","121.560","25.040","1107"
"3290","384971","20220710050000","4152","0","臺北市","大安區","121.535","25.035","3279"
"1737","384972","20220710050000","1807","0","臺北市","文山區","121.545","24.995","1816"
"1797","384973","20220710050000","1295","2","臺北市","大安區","121.555","25.015","1765"
"2735","384974","20220710050000","3084","0","臺北市","大安區","121.540","25.030","2740"
"221","384975","20220710050000","198","1","臺北市","文山區","121.545","25.005","220"
"564","384976","20220710050000","659","0","臺北市","文山區","121.535","25.000","779"
"485","384977","20220710050000","744","0","臺北市","文山區","121.535","25.005","676"
"3216","384978","20220710050000","4114","0","臺北市","萬華區","121.505","25.025","3273"
"1228","384983","20220710050000","1169","1","臺北市","南港區","121.610","25.050","1197"
"14","384984","20220710050000","78","0","臺北市","南港區","121.615","25.050","14"
"804","384986","20220710050000","579","2","臺北市","南港區","121.615","25.040","795"
"945","384987","20220710050000","2120","0","臺北市","南港區","121.615","25.045","930"
"18","384992","20220710050000","22","0","臺北市","南港區","121.595","25.015","23"
"46","384996","20220710050000","37","2","臺北市","南港區","121.600","25.020","51"
"41","384997","20220710050000","36","1","臺北市","南港區","121.605","25.020","49"
"58","385006","20220710050000","55","1","臺北市","南港區","121.620","25.025","59"
"932","385010","20220710050000","574","3","臺北市","南港區","121.610","25.030","924"
"21","385015","20220710050000","574","0","臺北市","南港區","121.615","25.035","26"
"3497","385016","20220710050000","3091","1","臺北市","大安區","121.535","25.025","3551"
"2083","385018","20220710050000","2386","0","臺北市","大安區","121.545","25.020","2119"
"2180","385019","20220710050000","2269","0","臺北市","信義區","121.565","25.040","2145"
"3007","385020","20220710050000","2979","1","臺北市","信義區","121.570","25.040","2971"
"1324","385021","20220710050000","2940","0","臺北市","信義區","121.560","25.035","1306"
"1415","385022","20220710050000","1507","0","臺北市","信義區","121.565","25.035","1401"
"350","385023","20220710050000","292","1","臺北市","文山區","121.555","25.005","346"
"1645","385025","20220710050000","1893","0","臺北市","文山區","121.545","25.000","2162"
"3548","385026","20220710050000","3256","1","臺北市","萬華區","121.505","25.035","3483"
"1472","385027","20220710050000","1177","2","臺北市","萬華區","121.495","25.025","1470"
"4928","385028","20220710050000","5357","0","臺北市","大安區","121.545","25.040","4947"
"1766","385029","20220710050000","1315","2","臺北市","信義區","121.560","25.020","1749"
"3530","385033","20220710050000","3051","1","臺北市","信義區","121.585","25.040","3484"
"3554","385034","20220710050000","2925","2","臺北市","大安區","121.530","25.030","3650"
"2978","385035","20220710050000","2870","1","臺北市","大安區","121.545","25.025","2994"
"160","387378","20220710050000","41","3","新北市","貢寮區","121.920","25.075","145"
"339","391023","20220710050000","250","2","桃園市","大園區","121.240","25.115","328"
"198","392790","20220710050000","171","1","新北市","林口區","121.360","25.135","200"
"726","392791","20220710050000","608","1","基隆市","中正區(海)","121.745","25.135","692"
"238","392792","20220710050000","104","3","新北市","瑞芳區","121.805","25.135","164"
"952","393254","20220710050000","848","1","基隆市","中正區(海)","121.750","25.140","990"
"3146","394037","20220710050000","3455","0","基隆市","七堵區","121.700","25.085","3215"
"96","394044","20220710050000","53","3","基隆市","七堵區","121.715","25.105","100"
"704","394050","20220710050000","623","1","基隆市","中正區","121.760","25.140","722"
"902","394051","20220710050000","939","0","基隆市","中正區","121.755","25.135","932"
"1864","394053","20220710050000","1361","2","基隆市","安樂區","121.720","25.125","1869"
"940","394054","20220710050000","783","2","基隆市","中山區","121.730","25.145","945"
"1113","394055","20220710050000","1454","0","新北市","三重區","121.475","25.065","1402"
"1518","394056","20220710050000","1514","1","新北市","三重區","121.490","25.070","1425"
"4414","394057","20220710050000","3535","2","新北市","汐止區","121.635","25.065","4526"
"2359","394058","20220710050000","1976","1","新北市","汐止區","121.660","25.065","2690"
"24","394059","20220710050000","16","3","新北市","汐止區","121.665","25.050","27"
"1005","394060","20220710050000","795","2","新北市","汐止區","121.670","25.055","951"
"858","394062","20220710050000","1427","0","新北市","汐止區","121.665","25.055","994"
"1084","394064","20220710050000","2890","0","新北市","汐止區","121.660","25.060","1288"
"905","394066","20220710050000","554","3","基隆市","七堵區","121.695","25.080","931"
"1051","394068","20220710050000","1146","0","基隆市","七堵區","121.720","25.100","1035"
"1152","394069","20220710050000","1628","0","基隆市","中正區","121.750","25.135","1201"
"140","394070","20220710050000","185","0","基隆市","中正區","121.755","25.140","184"
"491","394072","20220710050000","480","1","基隆市","中正區","121.770","25.145","521"
"891","394074","20220710050000","1008","0","基隆市","暖暖區","121.730","25.095","921"
"338","394075","20220710050000","320","1","基隆市","暖暖區","121.735","25.105","321"
"406","394076","20220710050000","472","0","基隆市","暖暖區","121.735","25.110","410"
"576","394077","20220710050000","382","3","基隆市","暖暖區","121.740","25.100","576"
"684","394078","20220710050000","743","0","基隆市","中山區","121.735","25.135","676"
"279","394082","20220710050000","301","0","基隆市","安樂區","121.705","25.140","290"
"23","394085","20220710050000","17","2","基隆市","安樂區","121.700","25.145","23"
"1917","394090","20220710050000","1714","1","基隆市","安樂區","121.715","25.125","1902"
"2252","394091","20220710050000","2398","0","基隆市","仁愛區","121.740","25.125","2251"
"771","394092","20220710050000","731","1","臺北市","大同區","121.510","25.070","1138"
"3577","394093","20220710050000","3113","1","新北市","三重區","121.500","25.055","4654"
"4223","394094","20220710050000","4658","0","新北市","三重區","121.500","25.065","5322"
"435","394095","20220710050000","381","1","基隆市","中山區","121.740","25.135","409"
"3041","394096","20220710050000","3568","0","基隆市","信義區","121.755","25.130","2980"
"974","394097","20220710050000","1094","0","基隆市","仁愛區","121.735","25.125","991"
"443","394098","20220710050000","452","0","基隆市","安樂區","121.725","25.140","458"
"204","394099","20220710050000","984","0","基隆市","安樂區","121.730","25.130","189"
"2280","394102","20220710050000","2933","0","新北市","五股區","121.450","25.105","3032"
"990","394106","20220710050000","740","2","新北市","五股區","121.440","25.090","1306"
"1245","394108","20220710050000","1094","1","新北市","五股區","121.440","25.095","1199"
"184","394109","20220710050000","184","1","新北市","五股區","121.430","25.100","279"
"98","394115","20220710050000","237","0","新北市","五股區","121.445","25.075","97"
"866","394118","20220710050000","1236","0","新北市","五股區","121.460","25.075","1181"
"1666","394121","20220710050000","937","3","新北市","五股區","121.455","25.080","1595"
"79","394125","20220710050000","172","0","新北市","五股區","121.430","25.085","70"
"1141","394126","20220710050000","1699","0","新北市","五股區","121.435","25.085","1556"
"25","394127","20220710050000","21","1","新北市","五股區","121.420","25.090","32"
"1634","394129","20220710050000","2040","0","新北市","五股區","121.430","25.070","2222"
"1598","394130","20220710050000","2028","0","新北市","五股區","121.435","25.070","2195"
"250","394135","20220710050000","318","0","新北市","五股區","121.425","25.070","260"
"31","394136","20220710050000","28","1","新北市","林口區","121.405","25.075","34"
"44","394138","20220710050000","33","2","新北市","五股區","121.405","25.080","54"
"390","394139","20220710050000","497","0","新北市","新莊區","121.450","25.060","367"
"751","394141","20220710050000","713","1","新北市","新莊區","121.455","25.060","731"
"185","394142","20220710050000","199","0","新北市","五股區","121.450","25.070","187"
"477","394144","20220710050000","368","2","新北市","五股區","121.455","25.070","413"
"951","394146","20220710050000","1213","0","新北市","五股區","121.465","25.070","1249"
"506","394147","20220710050000","494","1","新北市","五股區","121.465","25.075","502"
"109","394149","20220710050000","104","1","新北市","五股區","121.435","25.105","127"
"90","394150","20220710050000","86","1","新北市","五股區","121.420","25.110","124"
"17","394155","20220710050000","14","2","新北市","五股區","121.420","25.115","17"
"65","394166","20220710050000","34","3","新北市","五股區","121.425","25.120","53"
"79","394170","20220710050000","98","0","新北市","五股區","121.420","25.125","93"
"1249","394174","20220710050000","1277","0","基隆市","信義區","121.765","25.125","1260"
"1108","394175","20220710050000","780","2","基隆市","信義區","121.760","25.130","1117"
"683","394176","20220710050000","505","2","基隆市","中正區","121.760","25.135","718"
"371","394178","20220710050000","313","1","基隆市","七堵區","121.700","25.070","367"
"524","394179","20220710050000","556","0","基隆市","七堵區","121.695","25.075","520"
"1092","394181","20220710050000","1105","0","基隆市","七堵區","121.715","25.095","1096"
"724","394182","20220710050000","852","0","基隆市","七堵區","121.720","25.095","731"
"977","394185","20220710050000","986","0","基隆市","中山區","121.720","25.140","969"
"2546","394186","20220710050000","2834","0","基隆市","中山區","121.725","25.145","2525"
"983","394187","20220710050000","971","1","新北市","五股區","121.435","25.090","1287"
"410","394188","20220710050000","566","0","新北市","五股區","121.440","25.080","579"
"621","394189","20220710050000","1406","0","新北市","五股區","121.440","25.085","839"
"57","394191","20220710050000","50","1","新北市","五股區","121.415","25.085","55"
"69","394193","20220710050000","82","0","新北市","五股區","121.415","25.090","84"
"64","394196","20220710050000","60","1","新北市","五股區","121.410","25.100","66"
"127","394202","20220710050000","167","0","新北市","五股區","121.405","25.110","178"
"35","394207","20220710050000","62","0","新北市","五股區","121.410","25.110","34"
"13","394208","20220710050000","19","0","新北市","八里區","121.400","25.115","16"
"178","394211","20220710050000","216","0","新北市","五股區","121.425","25.095","226"
"83","394214","20220710050000","404","0","新北市","泰山區","121.435","25.065","103"
"106","394216","20220710050000","120","0","新北市","五股區","121.415","25.075","142"
"85","394218","20220710050000","108","0","新北市","五股區","121.425","25.075","90"
"738","394220","20220710050000","776","0","新北市","五股區","121.435","25.075","895"
"32","394223","20220710050000","35","0","新北市","五股區","121.420","25.080","44"
"975","394226","20220710050000","909","1","新北市","五股區","121.435","25.080","939"
"1184","394227","20220710050000","1047","1","新北市","五股區","121.445","25.090","1390"
"843","394229","20220710050000","923","0","新北市","五股區","121.445","25.095","1068"
"32","394230","20220710050000","459","0","新北市","五股區","121.450","25.095","36"
"600","394234","20220710050000","1667","0","新北市","五股區","121.450","25.100","806"
"3755","394235","20220710050000","4010","0","新北市","三重區","121.495","25.070","4789"
"2635","394236","20220710050000","2909","0","新北市","三重區","121.500","25.070","3356"
"3298","394237","20220710050000","4228","0","新北市","三重區","121.490","25.065","4238"
"4074","394238","20220710050000","1540","3","基隆市","中正區","121.785","25.135","4156"
"3188","394242","20220710050000","2809","1","基隆市","安樂區","121.720","25.120","3181"
"1089","394243","20220710050000","2327","0","新北市","三重區","121.505","25.060","1374"
"3081","394244","20220710050000","4046","0","新北市","三重區","121.480","25.060","3979"
"2010","394247","20220710050000","2222","0","新北市","三重區","121.485","25.070","2366"
"1133","394248","20220710050000","455","3","基隆市","中正區","121.790","25.135","1111"
"1178","394252","20220710050000","840","2","基隆市","信義區","121.765","25.130","1230"
"77","394254","20220710050000","455","0","基隆市","信義區","121.770","25.135","72"
"1530","394258","20220710050000","1893","0","基隆市","信義區","121.770","25.130","1540"
"950","394259","20220710050000","932","1","基隆市","信義區","121.775","25.130","950"
"50","394262","20220710050000","43","1","基隆市","信義區","121.790","25.115","44"
"61","394265","20220710050000","36","3","基隆市","信義區","121.790","25.120","62"
"573","394266","20220710050000","452","2","基隆市","信義區","121.785","25.125","542"
"2049","394270","20220710050000","2265","0","基隆市","信義區","121.775","25.135","2103"
"623","394272","20220710050000","557","1","基隆市","安樂區","121.725","25.135","606"
"1573","394273","20220710050000","1771","0","基隆市","安樂區","121.715","25.140","1626"
"2028","394275","20220710050000","2275","0","基隆市","中山區","121.735","25.130","2088"
"326","394276","20220710050000","1091","0","基隆市","安樂區","121.725","25.125","338"
"1465","394277","20220710050000","1506","0","基隆市","安樂區","121.725","25.130","1471"
"202","394278","20220710050000","244","0","基隆市","中山區","121.720","25.145","198"
"1456","394280","20220710050000","1429","1","基隆市","仁愛區","121.740","25.130","1490"
"976","394281","20220710050000","743","2","基隆市","安樂區","121.730","25.135","979"
"2466","394282","20220710050000","2916","0","新北市","三重區","121.490","25.075","3166"
"3468","394283","20220710050000","4503","0","新北市","三重區","121.490","25.060","4419"
"1756","394284","20220710050000","2970","0","新北市","三重區","121.495","25.060","2215"
"612","394285","20220710050000","509","2","基隆市","中山區","121.740","25.145","620"
"1576","394288","20220710050000","1694","0","基隆市","安樂區","121.710","25.140","1642"
"1257","394290","20220710050000","1069","1","基隆市","安樂區","121.710","25.150","1237"
"901","394291","20220710050000","525","3","基隆市","中山區","121.715","25.145","921"
"71","394292","20220710050000","295","0","新北市","三重區","121.485","25.065","56"
"632","394293","20220710050000","1124","0","臺北市","大同區","121.510","25.075","787"
"3337","394294","20220710050000","4044","0","新北市","三重區","121.500","25.060","4197"
"1469","394295","20220710050000","931","3","新北市","三重區","121.475","25.055","1485"
"184","394297","20220710050000","214","0","新北市","五股區","121.460","25.070","222"
"332","394298","20220710050000","236","2","新北市","三重區","121.470","25.060","274"
"587","394299","20220710050000","695","0","新北市","三重區","121.470","25.065","795"
"603","394301","20220710050000","756","0","新北市","三重區","121.505","25.075","742"
"1903","394302","20220710050000","2284","0","新北市","三重區","121.485","25.080","2434"
"273","394303","20220710050000","351","0","基隆市","中山區","121.740","25.140","267"
"802","394304","20220710050000","998","0","新北市","三重區","121.470","25.070","1053"
"220","394305","20220710050000","283","0","基隆市","信義區","121.780","25.135","240"
"810","394306","20220710050000","1754","0","基隆市","信義區","121.780","25.130","803"
"1065","394307","20220710050000","1112","0","基隆市","信義區","121.780","25.140","1105"
"472","394308","20220710050000","669","0","基隆市","中正區","121.785","25.140","497"
"253","394312","20220710050000","153","3","基隆市","信義區","121.775","25.125","249"
"1016","394313","20220710050000","1129","0","基隆市","信義區","121.780","25.125","983"
"106","394317","20220710050000","107","0","新北市","瑞芳區","121.760","25.110","91"
"31","394320","20220710050000","41","0","基隆市","信義區","121.765","25.115","31"
"348","394321","20220710050000","308","1","基隆市","信義區","121.765","25.120","357"
"1012","394324","20220710050000","784","2","基隆市","信義區","121.760","25.125","1017"
"1600","394325","20220710050000","1765","0","新北市","三重區","121.490","25.085","1546"
"596","394326","20220710050000","591","1","新北市","三重區","121.490","25.090","531"
"195","394327","20220710050000","97","3","新北市","三重區","121.495","25.090","186"
"1248","394329","20220710050000","1363","0","新北市","三重區","121.475","25.070","1644"
"2269","394330","20220710050000","2807","0","新北市","三重區","121.480","25.070","3028"
"1729","394332","20220710050000","997","3","新北市","泰山區","121.430","25.065","2354"
"775","394333","20220710050000","971","0","新北市","泰山區","121.440","25.060","1005"
"455","394335","20220710050000","430","1","基隆市","中山區","121.735","25.140","453"
"61","394336","20220710050000","940","0","基隆市","中山區","121.730","25.140","56"
"127","394337","20220710050000","336","0","基隆市","暖暖區","121.735","25.100","123"
"56","394358","20220710050000","70","0","基隆市","暖暖區","121.755","25.075","44"
"55","394364","20220710050000","39","2","基隆市","暖暖區","121.745","25.085","51"
"744","394398","20220710050000","555","2","基隆市","暖暖區","121.740","25.090","715"
"18","394401","20220710050000","199","0","基隆市","暖暖區","121.735","25.095","15"
"23","394402","20220710050000","657","0","基隆市","暖暖區","121.740","25.095","17"
"4197","394404","20220710050000","3963","1","基隆市","暖暖區","121.755","25.095","4215"
"45","394405","20220710050000","1000","0","基隆市","暖暖區","121.750","25.090","48"
"431","394407","20220710050000","298","2","基隆市","暖暖區","121.750","25.095","446"
"1652","394413","20220710050000","1317","2","基隆市","暖暖區","121.740","25.105","1679"
"242","394418","20220710050000","271","0","基隆市","暖暖區","121.730","25.100","238"
"1152","394422","20220710050000","1026","1","基隆市","安樂區","121.705","25.145","1125"
"1806","394423","20220710050000","1188","3","基隆市","安樂區","121.710","25.145","1819"
"2190","394426","20220710050000","3003","0","新北市","三重區","121.490","25.080","2723"
"1095","394427","20220710050000","1596","0","新北市","三重區","121.485","25.075","1589"
"3768","394428","20220710050000","3784","0","新北市","三重區","121.480","25.075","3935"
"22","394429","20220710050000","219","0","基隆市","中山區","121.735","25.145","24"
"3942","394430","20220710050000","5355","0","新北市","三重區","121.495","25.065","5065"
"2561","394435","20220710050000","2560","1","基隆市","仁愛區","121.745","25.125","2550"
"825","394436","20220710050000","878","0","基隆市","仁愛區","121.745","25.120","830"
"2010","394438","20220710050000","3111","0","新北市","三重區","121.485","25.060","2597"
"1653","394441","20220710050000","1509","1","基隆市","暖暖區","121.750","25.100","1612"
"851","394442","20220710050000","879","0","基隆市","安樂區","121.730","25.115","844"
"2821","394444","20220710050000","2286","2","基隆市","安樂區","121.725","25.120","2867"
"557","394447","20220710050000","1103","0","新北市","三重區","121.495","25.075","707"
"2147","394450","20220710050000","2405","0","新北市","三重區","121.495","25.085","2562"
"3817","394451","20220710050000","4197","0","新北市","三重區","121.480","25.065","4983"
"288","394458","20220710050000","307","0","基隆市","暖暖區","121.730","25.110","284"
"702","394461","20220710050000","321","3","基隆市","七堵區","121.700","25.075","708"
"169","394464","20220710050000","194","0","基隆市","七堵區","121.705","25.085","168"
"818","394466","20220710050000","738","1","基隆市","七堵區","121.705","25.090","801"
"210","394467","20220710050000","215","0","基隆市","七堵區","121.700","25.095","210"
"682","394470","20220710050000","738","0","基隆市","七堵區","121.665","25.090","675"
"37","394480","20220710050000","19","3","基隆市","七堵區","121.670","25.100","31"
"457","394492","20220710050000","238","3","基隆市","七堵區","121.670","25.105","479"
"46","394500","20220710050000","41","1","基隆市","七堵區","121.660","25.115","40"
"68","394518","20220710050000","66","1","基隆市","七堵區","121.660","25.130","70"
"67","394538","20220710050000","223","0","基隆市","七堵區","121.695","25.085","71"
"1005","394546","20220710050000","1154","0","基隆市","七堵區","121.685","25.075","1243"
"413","394547","20220710050000","362","1","基隆市","七堵區","121.690","25.075","433"
"1080","394550","20220710050000","892","2","基隆市","七堵區","121.690","25.085","1037"
"3026","394551","20220710050000","3085","0","基隆市","中正區","121.745","25.130","3059"
"118","394552","20220710050000","387","0","基隆市","仁愛區","121.740","25.120","118"
"1863","394553","20220710050000","1426","2","基隆市","信義區","121.750","25.130","1668"
"236","394554","20220710050000","502","0","基隆市","仁愛區","121.750","25.125","235"
"525","394555","20220710050000","671","0","基隆市","中正區","121.765","25.140","518"
"277","394556","20220710050000","207","2","基隆市","中正區","121.795","25.125","253"
"269","394559","20220710050000","130","3","基隆市","中正區","121.795","25.130","259"
"1430","394564","20220710050000","1487","0","基隆市","中正區","121.790","25.140","1413"
"1268","394565","20220710050000","1175","1","基隆市","中正區","121.795","25.140","1255"
"1501","394567","20220710050000","1333","1","基隆市","中正區","121.760","25.145","1487"
"1053","394570","20220710050000","1025","1","基隆市","安樂區","121.715","25.120","1032"
"1237","394576","20220710050000","1093","1","基隆市","安樂區","121.715","25.130","1277"
"36","394582","20220710050000","32","1","基隆市","仁愛區","121.740","25.110","32"
"110","394583","20220710050000","71","3","基隆市","仁愛區","121.745","25.110","128"
"503","394586","20220710050000","529","0","基隆市","仁愛區","121.745","25.115","492"
"87","394587","20220710050000","100","0","基隆市","仁愛區","121.750","25.115","92"
"300","394590","20220710050000","113","3","基隆市","七堵區","121.710","25.100","290"
"2872","394592","20220710050000","2502","1","基隆市","七堵區","121.715","25.100","2865"
"85","394607","20220710050000","54","3","基隆市","七堵區","121.710","25.085","72"
"1617","394611","20220710050000","1869","0","基隆市","七堵區","121.710","25.090","1620"
"238","394613","20220710050000","167","2","基隆市","七堵區","121.720","25.090","212"
"29","394617","20220710050000","27","1","基隆市","七堵區","121.680","25.100","35"
"58","394625","20220710050000","54","1","基隆市","七堵區","121.695","25.105","54"
"51","394632","20220710050000","38","2","基隆市","七堵區","121.690","25.115","47"
"54","394634","20220710050000","42","2","基隆市","七堵區","121.700","25.115","52"
"13","394645","20220710050000","15","0","基隆市","安樂區","121.700","25.130","13"
"10","394648","20220710050000","10","1","基隆市","七堵區","121.690","25.135","10"
"37","394660","20220710050000","77","0","基隆市","七堵區","121.680","25.120","38"
"38","394663","20220710050000","27","2","基隆市","七堵區","121.680","25.125","38"
"296","394685","20220710050000","367","0","新北市","蘆洲區","121.485","25.090","382"
"634","394686","20220710050000","608","1","新北市","汐止區","121.630","25.060","626"
"2038","394687","20220710050000","984","3","新北市","汐止區","121.620","25.065","2028"
"1995","394688","20220710050000","1912","1","新北市","汐止區","121.625","25.065","2068"
"17","394694","20220710050000","16","1","新北市","八里區","121.415","25.145","15"
"744","394705","20220710050000","890","0","新北市","八里區","121.450","25.140","756"
"41","394716","20220710050000","41","1","新北市","八里區","121.415","25.130","49"
"108","394724","20220710050000","86","2","新北市","八里區","121.410","25.145","105"
"18","394725","20220710050000","245","0","新北市","八里區","121.405","25.150","23"
"441","394726","20220710050000","552","0","新北市","八里區","121.410","25.150","450"
"83","394731","20220710050000","89","0","新北市","八里區","121.405","25.125","78"
"1281","394740","20220710050000","1540","0","新北市","蘆洲區","121.465","25.090","1661"
"2477","394741","20220710050000","2954","0","新北市","蘆洲區","121.460","25.085","3013"
"1359","394742","20220710050000","1910","0","新北市","蘆洲區","121.465","25.085","1631"
"1742","394743","20220710050000","1911","0","新北市","蘆洲區","121.460","25.090","1969"
"551","394744","20220710050000","1153","0","新北市","蘆洲區","121.460","25.095","752"
"235","394745","20220710050000","547","0","新北市","蘆洲區","121.475","25.075","210"
"1052","394746","20220710050000","1000","1","新北市","蘆洲區","121.475","25.090","1054"
"1552","394747","20220710050000","1342","1","新北市","蘆洲區","121.470","25.095","2114"
"21","394748","20220710050000","267","0","新北市","蘆洲區","121.475","25.095","15"
"437","394749","20220710050000","373","1","新北市","蘆洲區","121.470","25.100","368"
"613","394750","20220710050000","1592","0","新北市","新莊區","121.460","25.060","572"
"1733","394751","20220710050000","2164","0","新北市","新莊區","121.465","25.060","1813"
"1038","394752","20220710050000","1152","0","新北市","五股區","121.465","25.065","1332"
"325","394787","20220710050000","473","0","新北市","瑞芳區","121.770","25.100","341"
"15","394788","20220710050000","18","0","新北市","瑞芳區","121.775","25.100","13"
"121","394798","20220710050000","45","3","新北市","瑞芳區","121.825","25.085","84"
"21","394809","20220710050000","12","3","新北市","瑞芳區","121.815","25.120","21"
"499","394810","20220710050000","436","1","新北市","瑞芳區","121.820","25.120","483"
"1189","394819","20220710050000","1157","1","新北市","五股區","121.430","25.090","1223"
"2294","394821","20220710050000","1831","2","新北市","八里區","121.395","25.145","2323"
"25","394822","20220710050000","26","0","新北市","八里區","121.390","25.150","23"
"1949","394824","20220710050000","1577","2","新北市","八里區","121.400","25.150","1930"
"47","394829","20220710050000","47","1","新北市","八里區","121.400","25.100","44"
"81","394833","20220710050000","81","1","新北市","八里區","121.390","25.110","68"
"236","394843","20220710050000","297","0","新北市","林口區","121.375","25.120","236"
"421","394854","20220710050000","390","1","新北市","八里區","121.385","25.130","440"
"1702","394858","20220710050000","1629","1","新北市","瑞芳區","121.805","25.105","1724"
"16","394863","20220710050000","34","0","新北市","瑞芳區","121.795","25.085","19"
"67","394867","20220710050000","52","2","新北市","瑞芳區","121.795","25.090","72"
"658","394873","20220710050000","308","3","新北市","瑞芳區","121.785","25.095","642"
"67","394878","20220710050000","65","1","新北市","瑞芳區","121.790","25.100","73"
"513","394885","20220710050000","496","1","新北市","瑞芳區","121.790","25.110","536"
"86","394894","20220710050000","63","2","新北市","瑞芳區","121.825","25.090","75"
"334","394924","20220710050000","272","2","新北市","瑞芳區","121.760","25.100","324"
"15","394926","20220710050000","18","0","新北市","瑞芳區","121.760","25.105","22"
"34","394932","20220710050000","24","2","新北市","瑞芳區","121.775","25.110","30"
"33","394934","20220710050000","22","3","新北市","瑞芳區","121.770","25.115","32"
"714","394937","20220710050000","678","1","新北市","瑞芳區","121.845","25.110","656"
"106","394943","20220710050000","100","1","新北市","瑞芳區","121.830","25.095","110"
"293","394949","20220710050000","285","1","新北市","瑞芳區","121.840","25.095","260"
"277","394954","20220710050000","256","1","新北市","瑞芳區","121.850","25.105","270"
"287","394965","20220710050000","299","0","新北市","瑞芳區","121.815","25.105","319"
"75","394966","20220710050000","130","0","新北市","五股區","121.455","25.115","80"
"612","394972","20220710050000","496","2","新北市","八里區","121.450","25.125","622"
"975","394973","20220710050000","965","1","新北市","八里區","121.455","25.125","961"
"724","394979","20220710050000","885","0","新北市","八里區","121.450","25.130","931"
"484","394985","20220710050000","469","1","新北市","八里區","121.450","25.135","476"
"2442","394986","20220710050000","2023","2","新北市","汐止區","121.640","25.065","2456"
"299","394992","20220710050000","258","1","桃園市","觀音區","121.125","25.060","394"
"14","394993","20220710050000","126","0","桃園市","觀音區","121.130","25.060","10"
"341","394996","20220710050000","253","2","桃園市","觀音區","121.110","25.065","303"
"483","395000","20220710050000","416","1","桃園市","觀音區","121.130","25.065","453"
"122","395008","20220710050000","129","0","桃園市","觀音區","121.135","25.060","140"
"935","395014","20220710050000","1054","0","桃園市","蘆竹區","121.285","25.070","960"
"159","395019","20220710050000","288","0","桃園市","蘆竹區","121.285","25.075","155"
"370","395023","20220710050000","302","2","桃園市","蘆竹區","121.285","25.080","363"
"539","395029","20220710050000","572","0","桃園市","蘆竹區","121.255","25.110","562"
"141","395030","20220710050000","166","0","桃園市","蘆竹區","121.260","25.110","139"
"151","395031","20220710050000","173","0","桃園市","蘆竹區","121.265","25.110","127"
"347","395032","20220710050000","239","2","桃園市","蘆竹區","121.270","25.110","349"
"197","395038","20220710050000","148","2","桃園市","蘆竹區","121.255","25.115","205"
"1525","395042","20220710050000","1571","0","桃園市","蘆竹區","121.295","25.060","1562"
"1259","395043","20220710050000","1175","1","桃園市","蘆竹區","121.300","25.060","1293"
"18","395046","20220710050000","17","1","桃園市","蘆竹區","121.315","25.060","16"
"272","395057","20220710050000","232","1","新北市","瑞芳區","121.860","25.125","394"
"296","395083","20220710050000","237","2","新北市","雙溪區","121.875","25.090","213"
"49","395098","20220710050000","36","2","新北市","貢寮區","121.915","25.095","46"
"222","395109","20220710050000","94","3","新北市","貢寮區","121.920","25.105","165"
"417","395119","20220710050000","389","1","新北市","貢寮區","121.925","25.055","401"
"359","395121","20220710050000","275","2","新北市","貢寮區","121.925","25.060","307"
"63","395125","20220710050000","36","3","新北市","貢寮區","121.925","25.065","57"
"118","395129","20220710050000","437","0","新北市","新莊區","121.455","25.065","120"
"832","395130","20220710050000","671","2","新北市","五股區","121.445","25.065","737"
"310","395131","20220710050000","416","0","新北市","泰山區","121.435","25.060","406"
"146","395132","20220710050000","276","0","新北市","汐止區","121.645","25.060","161"
"2382","395133","20220710050000","2420","0","新北市","汐止區","121.665","25.065","3082"
"187","395134","20220710050000","162","1","桃園市","蘆竹區","121.270","25.060","201"
"352","395135","20220710050000","587","0","桃園市","蘆竹區","121.275","25.060","378"
"817","395137","20220710050000","664","2","桃園市","蘆竹區","121.265","25.065","810"
"800","395141","20220710050000","666","2","桃園市","蘆竹區","121.270","25.070","816"
"2502","395143","20220710050000","3121","0","新北市","蘆洲區","121.470","25.090","2770"
"32","395145","20220710050000","32","1","新北市","瑞芳區","121.835","25.110","30"
"17","395147","20220710050000","16","1","新北市","瑞芳區","121.830","25.115","18"
"338","395149","20220710050000","173","3","新北市","瑞芳區","121.840","25.115","315"
"212","395156","20220710050000","187","1","新北市","瑞芳區","121.830","25.125","193"
"49","395157","20220710050000","13","3","新北市","瑞芳區","121.835","25.125","32"
"132","395163","20220710050000","466","0","新北市","瑞芳區","121.815","25.130","141"
"1612","395173","20220710050000","1690","0","新北市","瑞芳區","121.810","25.105","1630"
"1800","395174","20220710050000","1798","1","新北市","泰山區","121.445","25.060","2409"
"771","395175","20220710050000","523","2","新北市","五股區","121.450","25.065","691"
"1277","395176","20220710050000","1188","1","新北市","新莊區","121.460","25.065","1210"
"62","395186","20220710050000","44","2","新北市","萬里區","121.605","25.145","56"
"2214","395203","20220710050000","1901","1","新北市","蘆洲區","121.470","25.085","2355"
"51","395204","20220710050000","239","0","新北市","蘆洲區","121.465","25.095","54"
"12","395205","20220710050000","14","0","新北市","蘆洲區","121.465","25.100","24"
"2500","395206","20220710050000","2288","1","新北市","汐止區","121.630","25.065","2539"
"2626","395207","20220710050000","1817","2","新北市","汐止區","121.630","25.070","2563"
"1584","395208","20220710050000","1589","0","新北市","汐止區","121.645","25.065","1571"
"38","395223","20220710050000","33","1","新北市","瑞芳區","121.820","25.060","36"
"123","395239","20220710050000","48","3","新北市","瑞芳區","121.840","25.105","137"
"219","395245","20220710050000","149","2","新北市","瑞芳區","121.855","25.105","242"
"191","395253","20220710050000","110","3","新北市","瑞芳區","121.915","25.120","144"
"298","395254","20220710050000","284","1","新北市","瑞芳區","121.915","25.125","327"
"269","395256","20220710050000","119","3","新北市","瑞芳區","121.795","25.110","273"
"18","395257","20220710050000","386","0","新北市","瑞芳區","121.800","25.110","18"
"37","395269","20220710050000","30","2","新北市","泰山區","121.385","25.065","47"
"414","395270","20220710050000","223","3","桃園市","龜山區","121.390","25.060","435"
"157","395273","20220710050000","96","3","新北市","泰山區","121.390","25.065","146"
"1474","395280","20220710050000","1530","0","新北市","淡水區","121.465","25.135","1442"
"15","395284","20220710050000","17","0","新北市","雙溪區","121.855","25.050","16"
"311","395287","20220710050000","274","1","新北市","雙溪區","121.850","25.055","319"
"2716","395319","20220710050000","3752","0","新北市","三重區","121.495","25.080","3179"
"1503","395320","20220710050000","2210","0","新北市","三重區","121.475","25.060","1923"
"559","395322","20220710050000","617","0","新北市","五股區","121.455","25.105","753"
"35","395323","20220710050000","50","0","新北市","五股區","121.450","25.110","47"
"40","395324","20220710050000","71","0","新北市","五股區","121.455","25.110","47"
"127","395329","20220710050000","931","0","新北市","五股區","121.445","25.105","166"
"30","395331","20220710050000","62","0","新北市","五股區","121.445","25.110","41"
"13","395344","20220710050000","114","0","新北市","八里區","121.375","25.140","21"
"294","395346","20220710050000","278","1","新北市","八里區","121.385","25.140","289"
"112","395349","20220710050000","100","1","新北市","瑞芳區","121.800","25.100","108"
"685","395350","20220710050000","794","0","新北市","瑞芳區","121.800","25.105","698"
"556","395351","20220710050000","449","2","新北市","瑞芳區","121.820","25.105","545"
"439","395356","20220710050000","849","0","新北市","汐止區","121.670","25.065","546"
"968","395357","20220710050000","1029","0","新北市","汐止區","121.670","25.070","1120"
"680","395361","20220710050000","606","1","桃園市","蘆竹區","121.285","25.060","697"
"1269","395362","20220710050000","532","3","桃園市","蘆竹區","121.290","25.060","1215"
"90","395363","20220710050000","59","3","桃園市","蘆竹區","121.320","25.060","106"
"247","395367","20220710050000","192","2","桃園市","觀音區","121.140","25.065","236"
"695","395388","20220710050000","612","1","桃園市","蘆竹區","121.265","25.085","682"
"85","395395","20220710050000","78","1","桃園市","蘆竹區","121.265","25.095","89"
"284","395397","20220710050000","178","3","桃園市","蘆竹區","121.275","25.095","270"
"734","395400","20220710050000","627","1","桃園市","蘆竹區","121.260","25.100","784"
"18","395417","20220710050000","25","0","桃園市","蘆竹區","121.330","25.065","15"
"159","395420","20220710050000","73","3","桃園市","蘆竹區","121.325","25.065","166"
"87","395423","20220710050000","50","3","桃園市","蘆竹區","121.340","25.070","93"
"197","395424","20220710050000","166","1","桃園市","蘆竹區","121.345","25.065","195"
"16","395433","20220710050000","110","0","桃園市","蘆竹區","121.315","25.075","10"
"47","395436","20220710050000","45","1","桃園市","蘆竹區","121.330","25.075","47"
"134","395447","20220710050000","246","0","桃園市","蘆竹區","121.300","25.080","155"
"217","395448","20220710050000","213","1","桃園市","蘆竹區","121.305","25.080","219"
"54","395464","20220710050000","61","0","桃園市","蘆竹區","121.325","25.090","70"
"1165","395471","20220710050000","1070","1","桃園市","蘆竹區","121.280","25.085","1201"
"879","395473","20220710050000","642","2","桃園市","蘆竹區","121.290","25.085","890"
"13","395480","20220710050000","12","1","桃園市","蘆竹區","121.295","25.095","11"
"2120","395483","20220710050000","2560","0","新北市","蘆洲區","121.470","25.080","2792"
"3757","395484","20220710050000","4399","0","新北市","蘆洲區","121.465","25.080","4809"
"4553","395485","20220710050000","5878","0","新北市","三重區","121.485","25.085","5061"
"2134","395486","20220710050000","2720","0","新北市","蘆洲區","121.455","25.090","2720"
"1484","395487","20220710050000","2177","0","新北市","蘆洲區","121.475","25.080","1767"
"1220","395488","20220710050000","1109","1","新北市","汐止區","121.665","25.075","1277"
"554","395489","20220710050000","597","0","新北市","汐止區","121.650","25.060","655"
"2979","395490","20220710050000","2398","2","新北市","汐止區","121.655","25.060","3448"
"22","395491","20220710050000","17","2","新北市","汐止區","121.625","25.070","22"
"402","395492","20220710050000","306","2","新北市","汐止區","121.625","25.075","399"
"1549","395493","20220710050000","1472","1","新北市","汐止區","121.630","25.080","1541"
"411","395495","20220710050000","411","1","新北市","汐止區","121.650","25.080","407"
"1245","395499","20220710050000","1226","1","新北市","汐止區","121.645","25.090","1332"
"33","395501","20220710050000","36","0","新北市","汐止區","121.655","25.090","29"
"165","395508","20220710050000","298","0","新北市","汐止區","121.650","25.055","183"
"2035","395509","20220710050000","2411","0","新北市","汐止區","121.655","25.055","2856"
"646","395512","20220710050000","1106","0","新北市","汐止區","121.655","25.065","769"
"29","395526","20220710050000","30","0","新北市","汐止區","121.715","25.055","33"
"176","395530","20220710050000","114","3","新北市","汐止區","121.700","25.060","173"
"790","395539","20220710050000","1130","0","新北市","汐止區","121.635","25.055","1106"
"2006","395541","20220710050000","2028","0","新北市","汐止區","121.635","25.060","2107"
"2051","395542","20220710050000","1624","2","新北市","汐止區","121.640","25.060","2341"
"2741","395544","20220710050000","1884","2","新北市","林口區","121.375","25.070","2719"
"1180","395546","20220710050000","667","3","新北市","林口區","121.400","25.075","1219"
"329","395548","20220710050000","272","2","新北市","林口區","121.400","25.080","320"
"107","395549","20220710050000","134","0","新北市","林口區","121.400","25.085","107"
"255","395550","20220710050000","228","1","新北市","林口區","121.405","25.085","248"
"24","395553","20220710050000","17","2","新北市","林口區","121.405","25.095","21"
"73","395555","20220710050000","215","0","新北市","林口區","121.405","25.100","70"
"63","395557","20220710050000","155","0","新北市","林口區","121.400","25.065","70"
"2484","395558","20220710050000","1548","3","新北市","林口區","121.390","25.075","2461"
"940","395559","20220710050000","978","0","新北市","林口區","121.395","25.075","963"
"740","395561","20220710050000","727","1","新北市","林口區","121.390","25.090","741"
"584","395565","20220710050000","567","1","新北市","林口區","121.385","25.100","571"
"95","395570","20220710050000","67","2","新北市","林口區","121.385","25.110","116"
"4940","395571","20220710050000","2800","3","新北市","林口區","121.375","25.075","4958"
"1136","395572","20220710050000","1306","0","新北市","林口區","121.380","25.075","1128"
"1678","395574","20220710050000","1841","0","新北市","林口區","121.370","25.080","1672"
"1408","395575","20220710050000","1257","1","新北市","林口區","121.375","25.080","1406"
"1437","395576","20220710050000","673","3","新北市","林口區","121.380","25.080","1403"
"805","395579","20220710050000","624","2","新北市","林口區","121.370","25.085","817"
"2144","395580","20220710050000","2085","1","新北市","林口區","121.375","25.085","2192"
"32","395587","20220710050000","34","0","新北市","林口區","121.365","25.110","37"
"422","395604","20220710050000","424","0","新北市","林口區","121.385","25.085","424"
"652","395606","20220710050000","835","0","新北市","汐止區","121.655","25.070","662"
"1889","395607","20220710050000","1466","2","新北市","汐止區","121.660","25.070","1882"
"21","395616","20220710050000","17","2","桃園市","大園區","121.260","25.065","23"
"510","395617","20220710050000","526","0","新北市","汐止區","121.635","25.070","513"
"2613","395618","20220710050000","1385","3","新北市","汐止區","121.640","25.070","2619"
"506","395619","20220710050000","817","0","新北市","汐止區","121.640","25.075","678"
"2466","395622","20220710050000","1866","2","新北市","汐止區","121.640","25.080","2495"
"341","395623","20220710050000","498","0","新北市","汐止區","121.635","25.085","431"
"416","395625","20220710050000","540","0","新北市","汐止區","121.635","25.075","429"
"223","395628","20220710050000","238","0","新北市","汐止區","121.640","25.100","224"
"115","395641","20220710050000","66","3","新北市","汐止區","121.620","25.115","129"
"64","395643","20220710050000","56","1","新北市","汐止區","121.630","25.115","58"
"33","395653","20220710050000","30","1","新北市","汐止區","121.605","25.125","33"
"533","395667","20220710050000","242","3","新北市","汐止區","121.615","25.135","543"
"1573","395672","20220710050000","1420","1","新北市","淡水區","121.460","25.130","1527"
"2360","395673","20220710050000","3243","0","新北市","淡水區","121.460","25.135","2557"
"1821","395675","20220710050000","2402","0","新北市","淡水區","121.460","25.140","1835"
"1024","395676","20220710050000","1029","0","新北市","淡水區","121.465","25.140","1063"
"883","395691","20220710050000","1097","0","新北市","汐止區","121.675","25.065","1097"
"1085","395692","20220710050000","1647","0","新北市","汐止區","121.665","25.080","1446"
"298","395698","20220710050000","399","0","新北市","汐止區","121.670","25.075","266"
"491","395699","20220710050000","826","0","新北市","汐止區","121.675","25.075","538"
"390","395701","20220710050000","288","2","新北市","汐止區","121.610","25.105","331"
"125","395703","20220710050000","146","0","新北市","汐止區","121.605","25.110","136"
"1186","395715","20220710050000","1502","0","新北市","泰山區","121.430","25.060","1494"
"35","395716","20220710050000","770","0","新北市","泰山區","121.425","25.060","27"
"509","395717","20220710050000","1811","0","新北市","泰山區","121.425","25.065","496"
"2381","395718","20220710050000","3147","0","新北市","蘆洲區","121.480","25.090","3169"
"355","395719","20220710050000","572","0","新北市","蘆洲區","121.480","25.095","483"
"40","395724","20220710050000","21","3","桃園市","蘆竹區","121.300","25.100","34"
"163","395727","20220710050000","139","1","新北市","林口區","121.290","25.105","176"
"186","395732","20220710050000","200","0","新北市","林口區","121.315","25.105","189"
"27","395735","20220710050000","46","0","新北市","林口區","121.295","25.110","33"
"57","395748","20220710050000","61","0","新北市","林口區","121.295","25.115","53"
"109","395749","20220710050000","94","1","新北市","林口區","121.300","25.115","105"
"87","395752","20220710050000","66","2","新北市","林口區","121.295","25.120","78"
"2663","395755","20220710050000","2325","1","新北市","林口區","121.385","25.080","2741"
"938","395756","20220710050000","891","1","新北市","林口區","121.380","25.085","934"
"565","395757","20220710050000","437","2","新北市","林口區","121.375","25.090","557"
"3479","395768","20220710050000","3206","1","新北市","林口區","121.365","25.065","3450"
"2773","395769","20220710050000","2577","1","新北市","汐止區","121.665","25.070","2921"
"15","395773","20220710050000","12","2","新北市","汐止區","121.675","25.070","20"
"335","395774","20220710050000","463","0","新北市","汐止區","121.680","25.070","495"
"120","395775","20220710050000","201","0","新北市","汐止區","121.685","25.070","160"
"265","395777","20220710050000","629","0","新北市","汐止區","121.675","25.080","336"
"549","395784","20220710050000","386","2","新北市","汐止區","121.645","25.080","552"
"35","395791","20220710050000","110","0","新北市","汐止區","121.640","25.095","37"
"208","395805","20220710050000","515","0","新北市","林口區","121.390","25.070","201"
"793","395806","20220710050000","453","3","新北市","林口區","121.385","25.075","783"
"159","395809","20220710050000","90","3","新北市","林口區","121.345","25.085","163"
"17","395833","20220710050000","47","0","新北市","林口區","121.340","25.100","15"
"40","395837","20220710050000","32","2","新北市","林口區","121.330","25.105","39"
"2413","395840","20220710050000","1933","2","桃園市","龜山區","121.375","25.065","2527"
"1200","395843","20220710050000","905","2","新北市","林口區","121.360","25.065","1146"
"263","395844","20220710050000","127","3","新北市","林口區","121.350","25.070","296"
"1566","395846","20220710050000","1155","2","新北市","林口區","121.360","25.070","1583"
"3869","395847","20220710050000","3281","1","新北市","林口區","121.370","25.070","3914"
"60","395848","20220710050000","39","3","新北市","林口區","121.345","25.075","57"
"1342","395850","20220710050000","1139","1","新北市","林口區","121.355","25.075","1340"
"1861","395853","20220710050000","1451","2","新北市","林口區","121.370","25.075","1862"
"1242","395854","20220710050000","1008","2","新北市","林口區","121.350","25.080","1241"
"299","395858","20220710050000","240","2","新北市","林口區","121.345","25.100","273"
"50","395862","20220710050000","77","0","新北市","林口區","121.340","25.105","59"
"84","395869","20220710050000","56","3","新北市","林口區","121.340","25.110","86"
"121","395881","20220710050000","67","3","新北市","林口區","121.320","25.115","101"
"12","395883","20220710050000","13","0","新北市","林口區","121.330","25.115","15"
"69","395900","20220710050000","70","0","新北市","林口區","121.345","25.125","101"
"4827","395909","20220710050000","6301","0","新北市","蘆洲區","121.480","25.080","6494"
"189","395910","20220710050000","362","0","新北市","蘆洲區","121.455","25.085","203"
"2992","395911","20220710050000","2627","1","新北市","林口區","121.365","25.070","2976"
"114","395949","20220710050000","69","3","新北市","平溪區","121.790","25.070","94"
"568","395961","20220710050000","595","0","新北市","汐止區","121.630","25.055","517"
"683","395962","20220710050000","634","1","新北市","汐止區","121.625","25.060","675"
"735","395965","20220710050000","1095","0","新北市","蘆洲區","121.470","25.075","986"
"1779","395966","20220710050000","1680","1","桃園市","龜山區","121.370","25.060","1795"
"1228","395968","20220710050000","942","2","桃園市","龜山區","121.380","25.060","1302"
"585","395969","20220710050000","306","3","桃園市","龜山區","121.375","25.060","493"
"4697","395972","20220710050000","5172","0","臺北市","中山區","121.530","25.060","4677"
"756","395973","20220710050000","989","0","桃園市","大園區","121.245","25.105","761"
"10","395977","20220710050000","15","0","桃園市","大園區","121.250","25.110","13"
"497","395980","20220710050000","633","0","桃園市","大園區","121.180","25.065","490"
"910","395981","20220710050000","898","1","桃園市","大園區","121.190","25.060","909"
"258","395982","20220710050000","344","0","桃園市","大園區","121.195","25.060","242"
"233","395983","20220710050000","255","0","桃園市","大園區","121.185","25.065","239"
"708","395984","20220710050000","694","1","桃園市","大園區","121.190","25.065","721"
"358","395990","20220710050000","296","2","桃園市","大園區","121.250","25.095","359"
"57","395992","20220710050000","93","0","桃園市","大園區","121.235","25.100","67"
"1043","395998","20220710050000","1033","1","桃園市","大園區","121.260","25.070","1060"
"759","395999","20220710050000","735","1","桃園市","大園區","121.255","25.075","751"
"2275","396009","20220710050000","2168","1","臺北市","中山區","121.530","25.070","2445"
"2549","396012","20220710050000","3555","0","臺北市","中山區","121.530","25.065","2579"
"3499","396013","20220710050000","3822","0","臺北市","中山區","121.540","25.060","3531"
"399","396014","20220710050000","417","0","臺北市","中山區","121.555","25.075","399"
"1378","396015","20220710050000","1423","0","臺北市","中山區","121.550","25.080","1354"
"2492","396016","20220710050000","1492","3","臺北市","中山區","121.555","25.080","2470"
"1295","396018","20220710050000","1277","1","臺北市","中山區","121.525","25.080","1309"
"56","396020","20220710050000","87","0","臺北市","中山區","121.535","25.080","66"
"875","396021","20220710050000","743","1","臺北市","中山區","121.540","25.080","924"
"117","396022","20220710050000","182","0","臺北市","中山區","121.535","25.085","116"
"2559","396025","20220710050000","2614","0","新北市","蘆洲區","121.480","25.085","3142"
"728","396033","20220710050000","1341","0","新北市","泰山區","121.420","25.065","883"
"233","396035","20220710050000","303","0","新北市","泰山區","121.440","25.065","236"
"45","396038","20220710050000","82","0","新北市","泰山區","121.410","25.070","52"
"61","396040","20220710050000","117","0","新北市","淡水區","121.460","25.145","48"
"2094","396044","20220710050000","2330","0","臺北市","大同區","121.510","25.065","2075"
"1461","396045","20220710050000","1372","1","臺北市","大同區","121.515","25.075","1475"
"3082","396046","20220710050000","2454","2","臺北市","大同區","121.510","25.060","2988"
"3818","396047","20220710050000","3188","1","臺北市","松山區","121.545","25.060","3724"
"4329","396048","20220710050000","4957","0","臺北市","中山區","121.525","25.060","4414"
"1696","396049","20220710050000","2287","0","新北市","蘆洲區","121.460","25.080","2016"
"2369","396050","20220710050000","2228","1","新北市","蘆洲區","121.475","25.085","3086"
"542","396053","20220710050000","477","1","新北市","貢寮區","121.920","25.050","559"
"121","396054","20220710050000","68","3","新北市","貢寮區","121.925","25.050","93"
"47","396057","20220710050000","30","3","新北市","貢寮區","121.900","25.050","45"
"59","396059","20220710050000","33","3","新北市","貢寮區","121.890","25.055","54"
"89","396074","20220710050000","65","2","新北市","貢寮區","121.900","25.065","98"
"631","396088","20220710050000","349","3","新北市","瑞芳區","121.805","25.110","626"
"187","396089","20220710050000","63","3","新北市","瑞芳區","121.810","25.110","169"
"608","396099","20220710050000","852","0","桃園市","龜山區","121.385","25.060","617"
"1451","396100","20220710050000","2011","0","臺北市","中山區","121.540","25.055","1492"
"1655","396101","20220710050000","1868","0","臺北市","松山區","121.540","25.070","1691"
"809","396102","20220710050000","1077","0","臺北市","中山區","121.535","25.070","808"
"567","396103","20220710050000","240","3","臺北市","內湖區","121.615","25.075","595"
"3927","396104","20220710050000","3715","1","臺北市","內湖區","121.610","25.070","3916"
"3147","396105","20220710050000","2897","1","臺北市","北投區","121.500","25.140","3184"
"1658","396106","20220710050000","2537","0","臺北市","北投區","121.505","25.140","1700"
"284","396112","20220710050000","242","1","臺北市","北投區","121.485","25.115","276"
"46","396118","20220710050000","46","1","臺北市","北投區","121.485","25.120","44"
"1423","396121","20220710050000","1478","0","臺北市","北投區","121.500","25.120","1486"
"3078","396123","20220710050000","1489","3","臺北市","北投區","121.500","25.125","3084"
"3211","396124","20220710050000","2891","1","臺北市","北投區","121.510","25.115","3293"
"2832","396126","20220710050000","2861","0","臺北市","中山區","121.535","25.065","2793"
"1639","396127","20220710050000","1869","0","臺北市","中山區","121.550","25.085","1596"
"507","396128","20220710050000","819","0","臺北市","中山區","121.555","25.085","487"
"1957","396130","20220710050000","2152","0","新北市","三重區","121.505","25.065","1903"
"1783","396131","20220710050000","2369","0","臺北市","中山區","121.525","25.070","1815"
"1741","396132","20220710050000","1717","1","新北市","三重區","121.505","25.070","1709"
"172","396133","20220710050000","104","3","桃園市","蘆竹區","121.280","25.065","198"
"1133","396134","20220710050000","804","2","桃園市","蘆竹區","121.285","25.065","1188"
"627","396135","20220710050000","273","3","桃園市","蘆竹區","121.290","25.065","616"
"392","396136","20220710050000","317","2","桃園市","蘆竹區","121.275","25.070","397"
"373","396144","20220710050000","425","0","桃園市","龜山區","121.355","25.060","379"
"1862","396145","20220710050000","2544","0","桃園市","龜山區","121.365","25.060","1924"
"88","396146","20220710050000","93","0","桃園市","蘆竹區","121.340","25.065","102"
"330","396149","20220710050000","340","0","新北市","林口區","121.355","25.065","323"
"209","396150","20220710050000","167","2","桃園市","龜山區","121.355","25.055","177"
"751","396151","20220710050000","734","1","新北市","林口區","121.370","25.065","740"
"4178","396157","20220710050000","4365","0","臺北市","內湖區","121.620","25.070","4225"
"3658","396158","20220710050000","3193","1","臺北市","內湖區","121.595","25.080","3779"
"295","396159","20220710050000","426","0","臺北市","內湖區","121.600","25.080","290"
"23","396164","20220710050000","52","0","臺北市","北投區","121.505","25.150","34"
"746","396165","20220710050000","299","3","臺北市","北投區","121.505","25.125","755"
"1340","396166","20220710050000","556","3","臺北市","北投區","121.510","25.125","1460"
"1190","396168","20220710050000","1260","0","臺北市","北投區","121.505","25.130","1423"
"10","396169","20220710050000","50","0","臺北市","北投區","121.510","25.130","10"
"212","396170","20220710050000","365","0","臺北市","北投區","121.515","25.130","266"
"34","396172","20220710050000","39","0","臺北市","北投區","121.510","25.105","42"
"267","396173","20220710050000","252","1","臺北市","北投區","121.505","25.110","253"
"864","396175","20220710050000","1011","0","臺北市","南港區","121.595","25.055","899"
"665","396176","20220710050000","761","0","臺北市","南港區","121.600","25.050","661"
"844","396177","20220710050000","1047","0","臺北市","南港區","121.590","25.055","850"
"3149","396178","20220710050000","3012","1","臺北市","內湖區","121.595","25.060","3098"
"362","396179","20220710050000","546","0","臺北市","內湖區","121.600","25.060","358"
"82","396189","20220710050000","31","3","新北市","雙溪區","121.880","25.060","88"
"53","396219","20220710050000","61","0","新北市","雙溪區","121.850","25.075","75"
"2549","396233","20220710050000","1926","2","桃園市","龜山區","121.360","25.060","2684"
"378","396237","20220710050000","465","0","臺北市","士林區","121.545","25.100","423"
"681","396238","20220710050000","591","1","臺北市","士林區","121.550","25.100","707"
"90","396243","20220710050000","109","0","臺北市","士林區","121.560","25.105","75"
"1454","396246","20220710050000","1164","2","臺北市","士林區","121.535","25.105","1381"
"70","396247","20220710050000","252","0","臺北市","士林區","121.545","25.110","63"
"877","396248","20220710050000","965","0","臺北市","士林區","121.535","25.110","897"
"50","396249","20220710050000","67","0","臺北市","士林區","121.550","25.115","60"
"18","396253","20220710050000","19","0","臺北市","士林區","121.570","25.135","17"
"48","396255","20220710050000","32","3","臺北市","士林區","121.560","25.140","39"
"30","396258","20220710050000","63","0","臺北市","士林區","121.555","25.145","25"
"53","396259","20220710050000","105","0","臺北市","士林區","121.560","25.145","80"
"250","396260","20220710050000","248","1","臺北市","士林區","121.565","25.145","230"
"137","396262","20220710050000","189","0","臺北市","士林區","121.555","25.150","210"
"106","396263","20220710050000","104","1","臺北市","士林區","121.560","25.150","93"
"2366","396266","20220710050000","2397","0","臺北市","士林區","121.510","25.085","2444"
"3212","396267","20220710050000","4213","0","臺北市","北投區","121.520","25.110","3238"
"1601","396268","20220710050000","1320","2","臺北市","北投區","121.520","25.115","1642"
"1337","396269","20220710050000","1375","0","臺北市","北投區","121.520","25.105","1398"
"1617","396270","20220710050000","2127","0","臺北市","士林區","121.525","25.100","1568"
"23","396271","20220710050000","31","0","臺北市","士林區","121.545","25.130","23"
"608","396273","20220710050000","1335","0","臺北市","士林區","121.540","25.135","640"
"183","396274","20220710050000","200","0","臺北市","士林區","121.545","25.135","180"
"1115","396276","20220710050000","1392","0","臺北市","士林區","121.545","25.140","1202"
"263","396278","20220710050000","199","2","臺北市","士林區","121.550","25.145","256"
"1317","396280","20220710050000","1129","1","臺北市","士林區","121.530","25.100","1353"
"850","396281","20220710050000","1115","0","臺北市","士林區","121.535","25.100","801"
"612","396282","20220710050000","414","2","臺北市","士林區","121.530","25.085","593"
"29","396283","20220710050000","19","3","臺北市","士林區","121.530","25.090","26"
"1110","396285","20220710050000","1223","0","臺北市","士林區","121.530","25.095","1172"
"399","396286","20220710050000","372","1","臺北市","士林區","121.535","25.095","387"
"1946","396289","20220710050000","1864","1","臺北市","士林區","121.520","25.080","1917"
"1707","396290","20220710050000","1399","2","臺北市","士林區","121.525","25.085","1755"
"354","396294","20220710050000","438","0","臺北市","士林區","121.565","25.105","361"
"2068","396296","20220710050000","2084","0","臺北市","內湖區","121.575","25.075","2011"
"1150","396297","20220710050000","941","2","臺北市","內湖區","121.575","25.085","1163"
"1351","396299","20220710050000","1294","1","臺北市","北投區","121.495","25.145","1338"
"3644","396301","20220710050000","3834","0","臺北市","士林區","121.525","25.115","3602"
"937","396302","20220710050000","918","1","臺北市","內湖區","121.575","25.055","916"
"386","396303","20220710050000","409","0","臺北市","內湖區","121.575","25.060","393"
"314","396304","20220710050000","292","1","臺北市","內湖區","121.585","25.055","284"
"740","396305","20220710050000","1069","0","臺北市","內湖區","121.580","25.065","788"
"291","396306","20220710050000","268","1","臺北市","內湖區","121.575","25.065","262"
"598","396307","20220710050000","651","0","臺北市","內湖區","121.575","25.070","619"
"624","396308","20220710050000","709","0","臺北市","內湖區","121.585","25.065","627"
"206","396309","20220710050000","415","0","臺北市","中山區","121.570","25.075","205"
"1133","396310","20220710050000","1114","1","臺北市","內湖區","121.580","25.070","1125"
"117","396311","20220710050000","106","1","臺北市","內湖區","121.585","25.080","110"
"2902","396312","20220710050000","2863","1","臺北市","內湖區","121.590","25.080","2850"
"742","396313","20220710050000","771","0","臺北市","內湖區","121.585","25.085","751"
"609","396314","20220710050000","626","0","臺北市","內湖區","121.595","25.065","595"
"1082","396315","20220710050000","1262","0","臺北市","內湖區","121.600","25.065","1083"
"886","396316","20220710050000","1787","0","臺北市","內湖區","121.595","25.070","937"
"906","396317","20220710050000","798","1","臺北市","內湖區","121.600","25.070","921"
"151","396318","20220710050000","127","1","桃園市","大園區","121.200","25.060","168"
"257","396320","20220710050000","242","1","桃園市","大園區","121.200","25.065","261"
"335","396322","20220710050000","196","3","桃園市","大園區","121.200","25.070","311"
"89","396333","20220710050000","145","0","桃園市","大園區","121.230","25.095","100"
"132","396335","20220710050000","90","2","桃園市","大園區","121.210","25.100","145"
"262","396349","20220710050000","197","2","桃園市","大園區","121.230","25.110","297"
"1845","396355","20220710050000","1799","1","臺北市","北投區","121.505","25.120","1866"
"2672","396356","20220710050000","2350","1","臺北市","北投區","121.510","25.120","2620"
"467","396357","20220710050000","492","0","臺北市","北投區","121.510","25.135","421"
"751","396358","20220710050000","394","3","臺北市","北投區","121.515","25.135","699"
"241","396360","20220710050000","182","2","臺北市","北投區","121.510","25.140","307"
"248","396361","20220710050000","800","0","臺北市","北投區","121.515","25.140","268"
"110","396363","20220710050000","147","0","臺北市","北投區","121.525","25.145","114"
"945","396366","20220710050000","920","1","臺北市","北投區","121.485","25.135","953"
"1643","396368","20220710050000","1405","1","臺北市","北投區","121.485","25.140","1973"
"2484","396370","20220710050000","2199","1","臺北市","士林區","121.525","25.105","2415"
"3131","396371","20220710050000","3309","0","臺北市","士林區","121.530","25.105","3416"
"2891","396372","20220710050000","2557","1","臺北市","北投區","121.515","25.110","2564"
"2070","396373","20220710050000","1770","1","臺北市","士林區","121.520","25.100","2087"
"1453","396376","20220710050000","2415","0","臺北市","士林區","121.530","25.125","1466"
"535","396377","20220710050000","677","0","臺北市","北投區","121.525","25.130","506"
"949","396378","20220710050000","797","1","臺北市","北投區","121.530","25.130","976"
"29","396380","20220710050000","34","0","臺北市","士林區","121.530","25.135","33"
"2218","396382","20220710050000","2599","0","臺北市","北投區","121.515","25.115","2347"
"531","396383","20220710050000","1194","0","臺北市","北投區","121.515","25.120","553"
"1592","396384","20220710050000","1639","0","臺北市","北投區","121.520","25.120","1549"
"3691","396385","20220710050000","3507","1","臺北市","北投區","121.525","25.120","3726"
"423","396395","20220710050000","431","0","臺北市","松山區","121.545","25.070","410"
"186","396397","20220710050000","159","1","臺北市","中山區","121.540","25.065","195"
"791","396398","20220710050000","668","1","臺北市","中山區","121.535","25.075","826"
"720","396399","20220710050000","499","2","臺北市","松山區","121.550","25.075","720"
"2448","396400","20220710050000","2540","0","臺北市","中山區","121.545","25.080","2473"
"681","396401","20220710050000","644","1","臺北市","中山區","121.545","25.085","649"
"1397","396404","20220710050000","1185","1","臺北市","北投區","121.495","25.140","1414"
"775","396405","20220710050000","2093","0","臺北市","北投區","121.515","25.105","805"
"4714","396406","20220710050000","5832","0","臺北市","中山區","121.525","25.065","4713"
"3407","396407","20220710050000","4203","0","臺北市","士林區","121.535","25.115","3486"
"1112","396408","20220710050000","1665","0","臺北市","士林區","121.525","25.090","1135"
"824","396409","20220710050000","953","0","臺北市","士林區","121.560","25.115","1143"
"434","396410","20220710050000","469","0","臺北市","士林區","121.560","25.120","430"
"154","396412","20220710050000","172","0","臺北市","士林區","121.560","25.125","187"
"170","396416","20220710050000","261","0","臺北市","士林區","121.560","25.135","180"
"4205","396417","20220710050000","4786","0","臺北市","士林區","121.520","25.085","4272"
"2482","396418","20220710050000","2833","0","臺北市","內湖區","121.580","25.080","2547"
"1059","396419","20220710050000","987","1","臺北市","內湖區","121.580","25.085","1081"
"354","396422","20220710050000","396","0","桃園市","大園區","121.240","25.065","371"
"11","396424","20220710050000","10","1","桃園市","大園區","121.250","25.065","11"
"22","396433","20220710050000","182","0","桃園市","大園區","121.255","25.070","25"
"236","396435","20220710050000","234","1","桃園市","大園區","121.185","25.070","246"
"347","396436","20220710050000","345","1","桃園市","大園區","121.190","25.070","375"
"812","396438","20220710050000","693","1","桃園市","大園區","121.175","25.075","840"
"370","396439","20220710050000","410","0","桃園市","大園區","121.180","25.075","351"
"478","396440","20220710050000","399","1","桃園市","大園區","121.185","25.075","479"
"117","396443","20220710050000","123","0","桃園市","大園區","121.180","25.080","126"
"319","396447","20220710050000","250","2","桃園市","大園區","121.185","25.085","325"
"375","396462","20220710050000","305","2","桃園市","大園區","121.160","25.075","356"
"275","396471","20220710050000","215","2","桃園市","大園區","121.165","25.060","274"
"294","396472","20220710050000","261","1","桃園市","大園區","121.170","25.060","293"
"889","396473","20220710050000","996","0","桃園市","大園區","121.175","25.060","939"
"536","396496","20220710050000","615","0","桃園市","大園區","121.210","25.060","566"
"134","396505","20220710050000","84","3","桃園市","大園區","121.220","25.070","160"
"1230","396517","20220710050000","777","3","桃園市","大園區","121.230","25.075","1097"
"138","396518","20220710050000","108","2","桃園市","大園區","121.235","25.075","98"
"463","396524","20220710050000","407","1","桃園市","大園區","121.235","25.080","466"
"246","396531","20220710050000","297","0","桃園市","大園區","121.240","25.085","303"
"158","396532","20220710050000","119","2","桃園市","大園區","121.245","25.085","151"
"675","396533","20220710050000","678","0","桃園市","大園區","121.250","25.085","638"
"610","396537","20220710050000","180","3","桃園市","大園區","121.245","25.090","595"
"447","396541","20220710050000","306","2","桃園市","大園區","121.240","25.100","472"
"1207","396542","20220710050000","1191","1","桃園市","大園區","121.195","25.065","1221"
"1875","396543","20220710050000","1516","2","桃園市","大園區","121.195","25.070","1888"
"107","396549","20220710050000","247","0","桃園市","大園區","121.235","25.065","119"
"299","396555","20220710050000","280","1","桃園市","大園區","121.200","25.085","281"
"251","396560","20220710050000","259","0","桃園市","大園區","121.225","25.090","260"
"2896","396561","20220710050000","3371","0","臺北市","士林區","121.520","25.095","2963"
"750","396562","20220710050000","999","0","臺北市","南港區","121.600","25.055","744"
"3028","396563","20220710050000","3047","0","臺北市","南港區","121.605","25.055","2949"
"39","396564","20220710050000","40","0","臺北市","內湖區","121.615","25.080","47"
"1502","396567","20220710050000","1801","0","臺北市","內湖區","121.615","25.070","1534"
"3143","396568","20220710050000","2415","2","臺北市","內湖區","121.590","25.065","3195"
"61","396569","20220710050000","57","1","臺北市","內湖區","121.585","25.070","64"
"1939","396570","20220710050000","1163","3","臺北市","內湖區","121.590","25.070","1889"
"329","396571","20220710050000","363","0","臺北市","北投區","121.500","25.145","320"
"867","396572","20220710050000","837","1","臺北市","內湖區","121.620","25.075","848"
"191","396574","20220710050000","187","1","新北市","汐止區","121.625","25.080","195"
"103","396576","20220710050000","93","1","臺北市","內湖區","121.625","25.085","101"
"12","396581","20220710050000","10","2","臺北市","內湖區","121.625","25.095","12"
"28","396587","20220710050000","45","0","臺北市","內湖區","121.610","25.100","21"
"1259","396590","20220710050000","1058","1","臺北市","內湖區","121.610","25.065","1242"
"454","396592","20220710050000","406","1","臺北市","內湖區","121.605","25.085","435"
"1116","396594","20220710050000","1512","0","臺北市","內湖區","121.600","25.090","1081"
"16","396599","20220710050000","16","1","臺北市","內湖區","121.605","25.095","14"
"2790","396603","20220710050000","2999","0","臺北市","北投區","121.500","25.130","2790"
"630","396604","20220710050000","703","0","新北市","汐止區","121.620","25.055","639"
"3025","396605","20220710050000","3460","0","臺北市","士林區","121.505","25.085","3016"
"966","396606","20220710050000","1449","0","臺北市","士林區","121.515","25.085","986"
"1203","396607","20220710050000","997","2","臺北市","內湖區","121.590","25.085","1206"
"2070","396608","20220710050000","1873","1","臺北市","內湖區","121.595","25.085","2058"
"2019","396609","20220710050000","1530","2","臺北市","內湖區","121.575","25.080","2146"
"972","396611","20220710050000","1190","0","臺北市","北投區","121.470","25.125","1405"
"183","396612","20220710050000","266","0","臺北市","北投區","121.475","25.125","166"
"1363","396615","20220710050000","1510","0","臺北市","北投區","121.465","25.130","1394"
"868","396616","20220710050000","787","1","臺北市","北投區","121.470","25.130","572"
"130","396617","20220710050000","154","0","臺北市","北投區","121.475","25.130","170"
"1115","396619","20220710050000","1016","1","臺北市","北投區","121.470","25.135","1126"
"58","396620","20220710050000","43","2","臺北市","北投區","121.475","25.135","74"
"16","396621","20220710050000","13","2","臺北市","北投區","121.475","25.140","16"
"89","396622","20220710050000","89","1","臺北市","南港區","121.610","25.055","92"
"604","396623","20220710050000","513","1","臺北市","內湖區","121.605","25.065","645"
"4271","396624","20220710050000","4375","0","臺北市","中山區","121.520","25.060","4289"
"248","396625","20220710050000","265","0","臺北市","中山區","121.530","25.075","204"
"358","396626","20220710050000","561","0","臺北市","內湖區","121.570","25.065","394"
"929","396628","20220710050000","862","1","臺北市","松山區","121.550","25.070","1008"
"131","396629","20220710050000","208","0","臺北市","松山區","121.555","25.070","121"
"144","396630","20220710050000","134","1","臺北市","松山區","121.560","25.070","136"
"112","396633","20220710050000","2569","0","臺北市","松山區","121.555","25.055","108"
"2132","396634","20220710050000","3597","0","臺北市","松山區","121.570","25.055","2384"
"1960","396635","20220710050000","1847","1","臺北市","士林區","121.530","25.115","1950"
"23","396636","20220710050000","229","0","臺北市","士林區","121.495","25.095","14"
"1500","396637","20220710050000","1522","0","臺北市","士林區","121.500","25.095","1490"
"241","396639","20220710050000","265","0","臺北市","士林區","121.490","25.100","243"
"118","396643","20220710050000","107","1","臺北市","士林區","121.480","25.110","97"
"259","396644","20220710050000","279","0","臺北市","士林區","121.495","25.110","278"
"2299","396647","20220710050000","2968","0","臺北市","松山區","121.550","25.060","2416"
"3224","396648","20220710050000","3577","0","臺北市","松山區","121.555","25.060","3229"
"341","396649","20220710050000","376","0","臺北市","松山區","121.560","25.065","347"
"1352","396650","20220710050000","1759","0","臺北市","松山區","121.555","25.065","1408"
"1067","396651","20220710050000","967","1","臺北市","中山區","121.545","25.075","1080"
"54","396655","20220710050000","141","0","臺北市","內湖區","121.605","25.080","58"
"2698","396656","20220710050000","1603","3","臺北市","內湖區","121.600","25.085","2732"
"3515","396657","20220710050000","2380","2","臺北市","松山區","121.550","25.065","3586"
"1299","396658","20220710050000","1413","0","臺北市","松山區","121.545","25.065","1276"
"3131","396659","20220710050000","3684","0","臺北市","松山區","121.565","25.055","3318"
"3667","396660","20220710050000","3446","1","臺北市","松山區","121.560","25.060","3583"
"259","396661","20220710050000","1379","0","臺北市","內湖區","121.570","25.060","274"
"2235","396662","20220710050000","2145","1","臺北市","松山區","121.565","25.060","2197"
"229","396663","20220710050000","227","1","臺北市","中山區","121.560","25.075","235"
"52","396665","20220710050000","44","1","臺北市","松山區","121.570","25.070","43"
"2344","396666","20220710050000","2827","0","臺北市","中山區","121.560","25.080","2123"
"3465","396667","20220710050000","4569","0","臺北市","松山區","121.550","25.055","3456"
"422","396669","20220710050000","566","0","臺北市","士林區","121.535","25.125","366"
"80","396672","20220710050000","115","0","臺北市","士林區","121.535","25.135","81"
"4171","396674","20220710050000","3289","2","臺北市","士林區","121.530","25.120","4141"
"4968","396675","20220710050000","5014","0","臺北市","士林區","121.530","25.110","4968"
"1822","396676","20220710050000","3750","0","臺北市","松山區","121.545","25.055","1801"
"3682","396677","20220710050000","3232","1","臺北市","松山區","121.560","25.055","3699"
"3214","396678","20220710050000","3391","0","臺北市","內湖區","121.580","25.075","2983"
"978","396680","20220710050000","989","0","臺北市","內湖區","121.590","25.060","948"
"3446","396683","20220710050000","3059","1","臺北市","內湖區","121.590","25.090","3511"
"63","396684","20220710050000","19","3","臺北市","內湖區","121.595","25.090","77"
"49","396688","20220710050000","162","0","臺北市","內湖區","121.590","25.100","45"
"125","396690","20220710050000","139","0","臺北市","內湖區","121.580","25.105","112"
"127","396693","20220710050000","106","1","臺北市","內湖區","121.595","25.105","125"
"2186","396701","20220710050000","3065","0","臺北市","北投區","121.495","25.135","2244"
"292","396703","20220710050000","277","1","臺北市","北投區","121.505","25.100","303"
"183","396707","20220710050000","216","0","臺北市","北投區","121.500","25.110","211"
"44","396710","20220710050000","44","1","臺北市","北投區","121.530","25.140","37"
"76","396716","20220710050000","109","0","臺北市","北投區","121.535","25.150","93"
"327","396719","20220710050000","424","0","臺北市","士林區","121.555","25.115","365"
"180","396722","20220710050000","209","0","臺北市","士林區","121.550","25.125","173"
"2195","396727","20220710050000","2209","0","臺北市","士林區","121.510","25.080","2188"
"154","396731","20220710050000","249","0","臺北市","士林區","121.480","25.105","145"
"459","396732","20220710050000","345","2","臺北市","士林區","121.485","25.105","459"
"186","396735","20220710050000","541","0","臺北市","北投區","121.470","25.110","163"
"122","396737","20220710050000","109","1","臺北市","士林區","121.485","25.110","129"
"72","396739","20220710050000","27","3","臺北市","士林區","121.460","25.110","49"
"3691","396740","20220710050000","3143","1","臺北市","大同區","121.515","25.060","3584"
"2064","396741","20220710050000","2454","0","臺北市","中山區","121.520","25.065","2050"
"893","396742","20220710050000","1097","0","臺北市","內湖區","121.615","25.065","846"
"2677","396743","20220710050000","2261","1","臺北市","內湖區","121.605","25.070","2732"
"492","396744","20220710050000","301","3","臺北市","內湖區","121.605","25.075","477"
"2653","396745","20220710050000","2672","0","臺北市","內湖區","121.610","25.075","2635"
"850","396746","20220710050000","577","2","臺北市","內湖區","121.585","25.090","816"
"1509","396754","20220710050000","1140","2","臺北市","南港區","121.610","25.060","1468"
"581","396755","20220710050000","619","0","臺北市","南港區","121.620","25.060","547"
"1928","396756","20220710050000","2093","0","臺北市","南港區","121.615","25.060","1883"
"3102","396758","20220710050000","2845","1","臺北市","南港區","121.615","25.055","3169"
"2012","396759","20220710050000","1601","2","臺北市","北投區","121.505","25.145","2026"
"430","396762","20220710050000","528","0","臺北市","北投區","121.465","25.115","413"
"2939","396765","20220710050000","1942","3","臺北市","北投區","121.465","25.120","2994"
"738","396766","20220710050000","754","0","臺北市","北投區","121.470","25.120","735"
"2257","396767","20220710050000","1992","1","臺北市","士林區","121.525","25.095","2199"
"2004","396768","20220710050000","1430","2","臺北市","士林區","121.505","25.090","2025"
"1967","396769","20220710050000","1094","3","臺北市","士林區","121.510","25.090","1913"
"640","396771","20220710050000","759","0","新北市","三重區","121.500","25.075","623"
"3512","396773","20220710050000","2983","1","臺北市","內湖區","121.585","25.075","3286"
"1503","396774","20220710050000","1437","1","臺北市","內湖區","121.590","25.075","1548"
"1064","396775","20220710050000","1015","1","臺北市","內湖區","121.595","25.075","1061"
"915","396776","20220710050000","952","0","臺北市","內湖區","121.600","25.075","915"
"3429","396777","20220710050000","4152","0","臺北市","中山區","121.535","25.060","3429"
"1655","396778","20220710050000","1878","0","臺北市","大同區","121.515","25.070","1655"
"1795","396779","20220710050000","2031","0","臺北市","大同區","121.515","25.065","1765"
"2811","396781","20220710050000","3284","0","臺北市","北投區","121.510","25.110","2986"
"1478","396785","20220710050000","1757","0","臺北市","北投區","121.490","25.145","1557"
"2320","396788","20220710050000","2822","0","臺北市","北投區","121.505","25.115","2382"
"447","396789","20220710050000","422","1","臺北市","北投區","121.515","25.100","491"
"1786","396790","20220710050000","2551","0","臺北市","士林區","121.525","25.110","2006"
"1230","396791","20220710050000","1058","1","臺北市","中山區","121.520","25.070","1197"
"1813","396792","20220710050000","1608","1","臺北市","大同區","121.520","25.075","1808"
"16","396793","20220710050000","646","0","臺北市","士林區","121.515","25.080","16"
"399","396794","20220710050000","515","0","臺北市","內湖區","121.605","25.060","390"
"2271","396798","20220710050000","1985","1","臺北市","內湖區","121.585","25.060","2283"
"3748","396799","20220710050000","3734","1","臺北市","北投區","121.505","25.135","3660"
"27","396802","20220710050000","40","0","臺北市","士林區","121.575","25.120","29"
"26","396803","20220710050000","16","3","臺北市","士林區","121.570","25.125","29"
"218","396804","20220710050000","181","2","臺北市","士林區","121.575","25.125","223"
"21","396806","20220710050000","32","0","臺北市","士林區","121.570","25.130","21"
"202","396807","20220710050000","300","0","臺北市","士林區","121.575","25.130","196"
"29","396809","20220710050000","24","2","臺北市","士林區","121.575","25.135","24"
"54","396812","20220710050000","50","1","臺北市","士林區","121.580","25.140","48"
"534","396819","20220710050000","568","0","臺北市","士林區","121.515","25.090","521"
"4954","396820","20220710050000","4051","2","臺北市","士林區","121.520","25.090","4963"
"1242","396821","20220710050000","960","2","臺北市","士林區","121.515","25.095","1113"
"2651","396822","20220710050000","1967","2","臺北市","北投區","121.500","25.135","2669"
"1455","396823","20220710050000","918","3","臺北市","士林區","121.525","25.075","1449"
"1019","396824","20220710050000","1298","0","臺北市","士林區","121.540","25.110","991"
"527","396826","20220710050000","264","3","臺北市","士林區","121.545","25.115","524"
"208","396828","20220710050000","193","1","臺北市","士林區","121.540","25.125","192"
"802","396831","20220710050000","718","1","臺北市","士林區","121.505","25.095","839"
"1002","396832","20220710050000","288","3","臺北市","士林區","121.540","25.095","965"
"505","396833","20220710050000","392","2","臺北市","士林區","121.545","25.105","513"
"272","396834","20220710050000","264","1","臺北市","士林區","121.540","25.105","262"
"84","396839","20220710050000","82","1","臺北市","士林區","121.560","25.110","75"
"40","396841","20220710050000","45","0","臺北市","士林區","121.570","25.110","39"
"97","396848","20220710050000","88","1","臺北市","士林區","121.580","25.115","83"
"41","396852","20220710050000","57","0","臺北市","士林區","121.580","25.120","61"
"63","396853","20220710050000","101","0","臺北市","士林區","121.585","25.120","78"
"204","396856","20220710050000","172","1","新北市","汐止區","121.600","25.120","198"
"1350","396878","20220710050000","1845","0","臺北市","內湖區","121.580","25.055","1384"
"2403","396879","20220710050000","2190","1","臺北市","內湖區","121.580","25.060","2380"
"672","396880","20220710050000","1040","0","臺北市","內湖區","121.565","25.090","863"
"2622","396884","20220710050000","2890","0","臺北市","內湖區","121.565","25.080","2596"
"1162","396885","20220710050000","1164","0","臺北市","內湖區","121.560","25.085","1210"
"3004","396886","20220710050000","2708","1","臺北市","內湖區","121.565","25.085","3047"
"657","396888","20220710050000","610","1","臺北市","內湖區","121.560","25.090","808"
"1339","396890","20220710050000","1284","1","臺北市","內湖區","121.570","25.080","1349"
"2158","396891","20220710050000","1943","1","臺北市","內湖區","121.570","25.085","2223"
"2812","396892","20220710050000","2999","0","臺北市","松山區","121.570","25.050","2696"
"986","396893","20220710050000","1034","0","臺北市","松山區","121.565","25.065","1083"
"156","398951","20220710050000","132","1","新北市","八里區","121.390","25.165","140"
"135","398956","20220710050000","47","3","基隆市","安樂區","121.710","25.165","129"
"121","399938","20220710050000","79","3","基隆市","安樂區","121.710","25.175","126"
"32","402902","20220710050000","23","2","新北市","萬里區","121.680","25.200","31"
"424","403910","20220710050000","251","3","新北市","萬里區","121.700","25.210","317"
"212","406949","20220710050000","116","3","新北市","金山區","121.635","25.240","216"
"50","409009","20220710050000","68","0","新北市","金山區","121.635","25.255","50"
"96","409527","20220710050000","104","0","新北市","三芝區","121.475","25.260","96"
"492","413221","20220710050000","536","0","新北市","石門區","121.565","25.290","479"
"107","413767","20220710050000","73","2","新北市","石門區","121.580","25.295","105"
"151","414894","20220710050000","64","3","基隆市","中正區","121.765","25.145","159"
"414","414895","20220710050000","403","1","基隆市","中正區","121.770","25.155","420"
"570","414896","20220710050000","450","2","基隆市","中正區","121.765","25.155","567"
"78","414897","20220710050000","51","3","基隆市","中正區","121.765","25.160","69"
"71","414900","20220710050000","225","0","基隆市","中正區","121.780","25.145","72"
"450","414901","20220710050000","522","0","基隆市","中正區","121.775","25.150","424"
"128","414906","20220710050000","138","0","基隆市","安樂區","121.695","25.150","152"
"438","414907","20220710050000","421","1","基隆市","安樂區","121.700","25.150","436"
"1216","414909","20220710050000","1067","1","基隆市","安樂區","121.695","25.155","1221"
"446","414910","20220710050000","350","2","基隆市","安樂區","121.700","25.155","427"
"295","414912","20220710050000","184","3","基隆市","安樂區","121.695","25.160","304"
"14","414913","20220710050000","137","0","基隆市","安樂區","121.700","25.160","17"
"229","414921","20220710050000","177","2","基隆市","中山區","121.750","25.145","235"
"1325","414923","20220710050000","1413","0","基隆市","中山區","121.720","25.150","1344"
"266","414929","20220710050000","221","2","基隆市","中山區","121.745","25.150","286"
"800","414936","20220710050000","739","1","新北市","三芝區","121.495","25.250","766"
"213","414948","20220710050000","236","0","新北市","三芝區","121.490","25.270","239"
"807","414949","20220710050000","598","2","基隆市","中山區","121.740","25.150","808"
"224","414951","20220710050000","185","2","基隆市","中山區","121.740","25.155","216"
"326","414985","20220710050000","277","1","新北市","三芝區","121.510","25.215","367"
"82","415028","20220710050000","70","1","新北市","三芝區","121.530","25.230","81"
"2187","415040","20220710050000","2222","0","新北市","三芝區","121.505","25.255","2142"
"619","415041","20220710050000","455","2","新北市","三芝區","121.505","25.260","591"
"2407","415044","20220710050000","2106","1","新北市","三芝區","121.500","25.255","2385"
"196","415063","20220710050000","101","3","新北市","三芝區","121.505","25.205","192"
"1701","415070","20220710050000","1700","1","基隆市","中正區","121.770","25.150","1731"
"127","415078","20220710050000","138","0","新北市","三芝區","121.465","25.240","183"
"281","415083","20220710050000","194","2","新北市","三芝區","121.455","25.245","249"
"146","415087","20220710050000","131","1","新北市","三芝區","121.475","25.245","146"
"122","415093","20220710050000","142","0","新北市","三芝區","121.465","25.250","106"
"310","415100","20220710050000","281","1","新北市","三芝區","121.475","25.250","303"
"85","415103","20220710050000","72","1","新北市","三芝區","121.505","25.265","74"
"1136","415124","20220710050000","515","3","新北市","三芝區","121.535","25.245","1194"
"142","415149","20220710050000","120","1","新北市","三芝區","121.520","25.225","125"
"292","415181","20220710050000","196","2","新北市","三芝區","121.500","25.210","306"
"332","415188","20220710050000","534","0","新北市","三芝區","121.510","25.255","317"
"181","415196","20220710050000","114","3","新北市","三芝區","121.495","25.235","159"
"19","415202","20220710050000","13","2","新北市","三芝區","121.490","25.245","16"
"66","415205","20220710050000","214","0","新北市","三芝區","121.495","25.245","56"
"351","415211","20220710050000","304","1","基隆市","中山區","121.735","25.150","357"
"189","415212","20220710050000","72","3","基隆市","中山區","121.730","25.155","199"
"393","415214","20220710050000","347","1","基隆市","中正區","121.785","25.145","374"
"241","415224","20220710050000","251","0","新北市","八里區","121.415","25.155","256"
"1472","415226","20220710050000","1314","1","新北市","八里區","121.415","25.160","1503"
"665","415229","20220710050000","703","0","新北市","八里區","121.420","25.160","643"
"112","415237","20220710050000","86","2","新北市","八里區","121.440","25.155","91"
"429","415239","20220710050000","328","2","新北市","八里區","121.430","25.155","384"
"218","415242","20220710050000","148","2","新北市","八里區","121.430","25.160","217"
"284","415250","20220710050000","160","3","新北市","八里區","121.395","25.160","354"
"158","415252","20220710050000","252","0","新北市","八里區","121.405","25.155","194"
"337","415257","20220710050000","298","1","新北市","萬里區","121.675","25.180","326"
"11","415259","20220710050000","43","0","新北市","萬里區","121.685","25.180","11"
"623","415264","20220710050000","548","1","新北市","萬里區","121.640","25.210","584"
"62","415271","20220710050000","47","2","新北市","萬里區","121.645","25.150","49"
"125","415286","20220710050000","92","2","新北市","萬里區","121.665","25.160","118"
"63","415301","20220710050000","41","3","新北市","萬里區","121.625","25.150","49"
"10","415332","20220710050000","14","0","新北市","萬里區","121.615","25.190","10"
"103","415357","20220710050000","32","3","新北市","萬里區","121.620","25.200","119"
"272","415363","20220710050000","255","1","新北市","萬里區","121.650","25.200","268"
"1080","415369","20220710050000","890","2","新北市","萬里區","121.690","25.175","1077"
"753","415372","20220710050000","621","2","新北市","萬里區","121.690","25.180","803"
"1790","415375","20220710050000","2186","0","新北市","淡水區","121.440","25.175","2207"
"321","415378","20220710050000","454","0","新北市","淡水區","121.450","25.160","482"
"1091","415379","20220710050000","1187","0","新北市","淡水區","121.455","25.160","1534"
"490","415380","20220710050000","731","0","新北市","淡水區","121.460","25.160","459"
"551","415383","20220710050000","632","0","新北市","淡水區","121.450","25.165","664"
"16","415391","20220710050000","20","0","新北市","淡水區","121.430","25.205","16"
"31","415394","20220710050000","78","0","新北市","淡水區","121.445","25.205","28"
"174","415395","20220710050000","262","0","新北市","淡水區","121.450","25.205","264"
"131","415396","20220710050000","143","0","新北市","淡水區","121.455","25.205","181"
"23","415398","20220710050000","20","1","新北市","淡水區","121.440","25.210","20"
"178","415408","20220710050000","228","0","新北市","淡水區","121.460","25.215","221"
"60","415409","20220710050000","61","0","新北市","淡水區","121.465","25.215","54"
"215","415412","20220710050000","346","0","新北市","淡水區","121.450","25.220","373"
"17","415437","20220710050000","42","0","新北市","石門區","121.580","25.245","16"
"64","415462","20220710050000","47","2","新北市","石門區","121.530","25.285","63"
"116","415465","20220710050000","128","0","新北市","石門區","121.535","25.290","89"
"493","415468","20220710050000","416","1","新北市","石門區","121.540","25.290","514"
"142","415521","20220710050000","182","0","新北市","石門區","121.550","25.285","148"
"165","415532","20220710050000","140","1","新北市","石門區","121.515","25.275","154"
"18","415541","20220710050000","17","1","新北市","石門區","121.515","25.285","20"
"257","415546","20220710050000","101","3","新北市","石門區","121.570","25.255","278"
"112","415568","20220710050000","161","0","新北市","石門區","121.550","25.255","99"
"54","415594","20220710050000","59","0","新北市","石門區","121.595","25.270","53"
"52","415595","20220710050000","29","3","新北市","石門區","121.590","25.275","65"
"70","415599","20220710050000","72","0","新北市","石門區","121.590","25.285","66"
"17","415623","20220710050000","17","1","新北市","石門區","121.600","25.280","21"
"135","415625","20220710050000","105","2","新北市","石門區","121.610","25.280","126"
"43","415630","20220710050000","29","2","新北市","萬里區","121.685","25.165","37"
"19","415649","20220710050000","12","3","新北市","萬里區","121.655","25.200","13"
"889","415654","20220710050000","771","1","新北市","萬里區","121.690","25.200","866"
"62","415655","20220710050000","50","2","新北市","萬里區","121.655","25.205","64"
"83","415656","20220710050000","58","2","新北市","萬里區","121.660","25.205","80"
"215","415657","20220710050000","147","2","新北市","萬里區","121.690","25.205","206"
"19","415664","20220710050000","20","0","新北市","淡水區","121.465","25.175","18"
"94","415674","20220710050000","63","2","新北市","淡水區","121.520","25.175","98"
"55","415676","20220710050000","110","0","新北市","淡水區","121.480","25.180","53"
"149","415677","20220710050000","147","1","新北市","淡水區","121.485","25.180","148"
"86","415685","20220710050000","108","0","新北市","淡水區","121.470","25.185","120"
"34","415687","20220710050000","106","0","新北市","淡水區","121.480","25.185","25"
"399","415688","20220710050000","503","0","新北市","淡水區","121.485","25.185","535"
"150","415696","20220710050000","144","1","新北市","淡水區","121.475","25.190","128"
"150","415697","20220710050000","155","0","新北市","淡水區","121.490","25.190","205"
"13","415699","20220710050000","13","1","新北市","淡水區","121.500","25.190","17"
"423","415701","20220710050000","972","0","新北市","淡水區","121.440","25.180","373"
"164","415706","20220710050000","234","0","新北市","淡水區","121.485","25.165","151"
"57","415713","20220710050000","70","0","新北市","淡水區","121.485","25.170","59"
"125","415717","20220710050000","167","0","新北市","淡水區","121.485","25.175","127"
"44","415718","20220710050000","373","0","新北市","淡水區","121.415","25.180","33"
"81","415720","20220710050000","69","1","新北市","淡水區","121.410","25.185","64"
"1766","415722","20220710050000","1644","1","新北市","淡水區","121.420","25.185","1820"
"1135","415723","20220710050000","1173","0","新北市","淡水區","121.425","25.185","1128"
"846","415724","20220710050000","1091","0","新北市","淡水區","121.430","25.185","973"
"696","415730","20220710050000","561","2","新北市","淡水區","121.430","25.190","952"
"35","415731","20220710050000","35","1","新北市","淡水區","121.420","25.195","32"
"789","415732","20220710050000","632","2","新北市","淡水區","121.425","25.195","798"
"584","415734","20220710050000","476","2","新北市","淡水區","121.420","25.175","576"
"146","415735","20220710050000","135","1","新北市","淡水區","121.425","25.175","143"
"60","415738","20220710050000","50","2","新北市","淡水區","121.475","25.210","68"
"27","415743","20220710050000","24","1","新北市","淡水區","121.475","25.215","23"
"54","415744","20220710050000","57","0","新北市","淡水區","121.480","25.215","59"
"132","415745","20220710050000","198","0","新北市","淡水區","121.485","25.215","175"
"12","415749","20220710050000","87","0","新北市","淡水區","121.475","25.220","12"
"45","415753","20220710050000","111","0","新北市","淡水區","121.445","25.225","39"
"112","415754","20220710050000","212","0","新北市","淡水區","121.450","25.225","133"
"169","415755","20220710050000","149","1","新北市","淡水區","121.455","25.225","167"
"12","415761","20220710050000","33","0","新北市","淡水區","121.445","25.230","12"
"166","415762","20220710050000","166","1","新北市","淡水區","121.450","25.230","198"
"159","415775","20220710050000","115","2","新北市","萬里區","121.635","25.165","145"
"152","415799","20220710050000","77","3","新北市","萬里區","121.650","25.175","151"
"349","415830","20220710050000","300","1","新北市","萬里區","121.685","25.190","354"
"217","415832","20220710050000","112","3","新北市","萬里區","121.680","25.195","213"
"258","415838","20220710050000","271","0","新北市","淡水區","121.430","25.175","324"
"1113","415839","20220710050000","1612","0","新北市","淡水區","121.435","25.175","1499"
"1473","415840","20220710050000","2430","0","新北市","淡水區","121.435","25.180","1885"
"391","415841","20220710050000","463","0","新北市","淡水區","121.435","25.170","501"
"15","415849","20220710050000","11","2","新北市","淡水區","121.485","25.230","10"
"174","415852","20220710050000","163","1","新北市","三芝區","121.480","25.235","169"
"1984","415853","20220710050000","2870","0","新北市","淡水區","121.445","25.175","2661"
"1716","415854","20220710050000","3145","0","新北市","淡水區","121.450","25.175","2095"
"2136","415857","20220710050000","2043","1","新北市","淡水區","121.460","25.155","2050"
"965","415860","20220710050000","1254","0","新北市","淡水區","121.455","25.155","1301"
"160","415861","20220710050000","844","0","新北市","淡水區","121.465","25.160","164"
"79","415870","20220710050000","64","2","新北市","金山區","121.615","25.240","82"
"77","415905","20220710050000","70","1","新北市","金山區","121.590","25.235","67"
"1494","415910","20220710050000","2779","0","新北市","淡水區","121.445","25.180","2013"
"1704","415911","20220710050000","2189","0","新北市","淡水區","121.450","25.180","2163"
"58","415912","20220710050000","151","0","新北市","淡水區","121.455","25.180","51"
"822","415916","20220710050000","1640","0","新北市","淡水區","121.445","25.185","1009"
"1135","415921","20220710050000","1630","0","新北市","淡水區","121.455","25.175","1402"
"1925","415922","20220710050000","2442","0","新北市","淡水區","121.440","25.170","2511"
"164","415924","20220710050000","142","1","新北市","淡水區","121.485","25.155","156"
"365","415927","20220710050000","384","0","新北市","淡水區","121.485","25.160","463"
"213","415931","20220710050000","215","0","新北市","淡水區","121.470","25.165","273"
"356","415932","20220710050000","328","1","新北市","淡水區","121.440","25.190","464"
"1327","415933","20220710050000","1976","0","新北市","淡水區","121.445","25.190","1879"
"52","415936","20220710050000","58","0","新北市","淡水區","121.460","25.190","56"
"588","415942","20220710050000","576","1","新北市","淡水區","121.450","25.200","798"
"143","415944","20220710050000","178","0","新北市","淡水區","121.460","25.200","211"
"779","415946","20220710050000","820","0","新北市","淡水區","121.420","25.180","831"
"1448","415947","20220710050000","1933","0","新北市","淡水區","121.450","25.170","1956"
"656","415948","20220710050000","939","0","新北市","淡水區","121.455","25.170","907"
"256","415951","20220710050000","300","0","新北市","淡水區","121.455","25.235","258"
"1119","415961","20220710050000","834","2","新北市","淡水區","121.435","25.185","1310"
"326","415962","20220710050000","459","0","新北市","淡水區","121.440","25.185","417"
"1975","415963","20220710050000","2191","0","新北市","淡水區","121.435","25.190","2622"
"1090","415964","20220710050000","903","2","新北市","淡水區","121.430","25.195","839"
"594","415968","20220710050000","425","2","新北市","淡水區","121.430","25.200","602"
"1113","415969","20220710050000","1703","0","新北市","淡水區","121.435","25.200","1438"
"332","415971","20220710050000","352","0","新北市","淡水區","121.425","25.205","475"
"26","415972","20220710050000","20","2","新北市","淡水區","121.435","25.205","22"
"84","415975","20220710050000","441","0","新北市","淡水區","121.445","25.170","66"
"32","415977","20220710050000","45","0","新北市","淡水區","121.485","25.190","35"
"31","415979","20220710050000","126","0","新北市","淡水區","121.470","25.195","32"
"134","415984","20220710050000","182","0","新北市","淡水區","121.470","25.200","174"
"95","415986","20220710050000","106","0","新北市","淡水區","121.480","25.200","120"
"1345","416009","20220710050000","1351","0","新北市","金山區","121.640","25.220","1493"
"42","416022","20220710050000","15","3","新北市","金山區","121.625","25.270","35"
"396","416030","20220710050000","342","1","新北市","金山區","121.640","25.225","354"
"227","416031","20220710050000","271","0","新北市","金山區","121.645","25.225","223"
"258","416033","20220710050000","255","1","新北市","金山區","121.645","25.230","248"
"69","416038","20220710050000","85","0","臺北市","北投區","121.500","25.155","63"
"299","416050","20220710050000","311","0","新北市","金山區","121.630","25.225","293"
"450","416051","20220710050000","398","1","新北市","金山區","121.635","25.225","465"
"135","416060","20220710050000","134","1","新北市","金山區","121.615","25.245","140"
"32","416062","20220710050000","22","2","新北市","金山區","121.605","25.245","69"
"31","416063","20220710050000","17","3","新北市","金山區","121.610","25.245","26"
"17","416067","20220710050000","18","0","新北市","金山區","121.610","25.250","13"
"308","416122","20220710050000","243","2","新北市","金山區","121.595","25.200","285"
"368","416123","20220710050000","287","2","新北市","金山區","121.600","25.200","380"
"108","416146","20220710050000","90","2","新北市","金山區","121.600","25.215","117"
"569","416155","20220710050000","689","0","新北市","金山區","121.630","25.220","561"
"1162","416156","20220710050000","626","3","新北市","金山區","121.635","25.220","1158"
"39","416160","20220710050000","50","0","臺北市","士林區","121.555","25.155","50"
"16","416182","20220710050000","20","0","臺北市","士林區","121.570","25.190","15"
"41","416192","20220710050000","51","0","臺北市","北投區","121.530","25.155","36"
"1635","416202","20220710050000","2237","0","新北市","淡水區","121.445","25.165","2034"
"186","416204","20220710050000","143","2","臺北市","北投區","121.540","25.155","224"
"152","416205","20220710050000","158","0","臺北市","北投區","121.545","25.150","153"
"20","416209","20220710050000","57","0","臺北市","北投區","121.545","25.155","20"
"13","416212","20220710050000","14","0","臺北市","北投區","121.540","25.160","15"
"42","416213","20220710050000","23","3","臺北市","北投區","121.545","25.160","41"
"257","416221","20220710050000","108","3","臺北市","北投區","121.540","25.165","271"
"246","416225","20220710050000","30","3","臺北市","北投區","121.560","25.165","278"
"50","416236","20220710050000","41","2","臺北市","北投區","121.535","25.175","43"
"63","416246","20220710050000","56","1","臺北市","北投區","121.545","25.180","66"
"76","416251","20220710050000","100","0","臺北市","北投區","121.535","25.185","104"
"75","416275","20220710050000","125","0","臺北市","北投區","121.490","25.155","68"
"12","617429","20220710050000","166","0","金門縣","金城鎮","118.305","24.400","13"
"1212","617430","20220710050000","1135","1","金門縣","金城鎮","118.310","24.400","1278"
"428","617700","20220710050000","443","0","金門縣","金城鎮","118.305","24.405","433"
"312","617704","20220710050000","288","1","金門縣","金城鎮","118.325","24.405","279"
"25","617966","20220710050000","18","2","金門縣","烈嶼鄉","118.225","24.405","27"
"62","617974","20220710050000","51","2","金門縣","金城鎮","118.290","24.405","64"
"77","617990","20220710050000","60","2","金門縣","金湖鎮","118.430","24.410","82"
"98","618255","20220710050000","77","2","金門縣","金城鎮","118.285","24.410","60"
"117","618257","20220710050000","357","0","金門縣","金城鎮","118.295","24.410","106"
"157","618258","20220710050000","201","0","金門縣","金城鎮","118.300","24.410","169"
"23","618259","20220710050000","31","0","金門縣","金城鎮","118.305","24.410","27"
"58","618260","20220710050000","62","0","金門縣","金城鎮","118.310","24.410","64"
"180","618263","20220710050000","194","0","金門縣","金城鎮","118.325","24.410","177"
"791","618264","20220710050000","558","2","金門縣","金城鎮","118.330","24.410","811"
"213","618266","20220710050000","178","1","金門縣","金城鎮","118.335","24.410","202"
"352","618273","20220710050000","319","1","金門縣","金湖鎮","118.435","24.415","362"
"600","618274","20220710050000","520","1","金門縣","金湖鎮","118.440","24.415","632"
"39","618530","20220710050000","331","0","金門縣","烈嶼鄉","118.230","24.415","55"
"294","618532","20220710050000","567","0","金門縣","烈嶼鄉","118.240","24.415","399"
"163","618541","20220710050000","148","1","金門縣","金城鎮","118.290","24.415","160"
"506","618545","20220710050000","634","0","金門縣","金城鎮","118.310","24.415","511"
"674","618547","20220710050000","784","0","金門縣","金城鎮","118.315","24.415","681"
"276","618552","20220710050000","125","3","金門縣","金寧鄉","118.340","24.415","276"
"159","618560","20220710050000","177","0","金門縣","金湖鎮","118.440","24.420","164"
"420","618813","20220710050000","461","0","金門縣","烈嶼鄉","118.220","24.420","493"
"32","618818","20220710050000","20","3","金門縣","烈嶼鄉","118.245","24.420","37"
"32","618832","20220710050000","995","0","金門縣","金城鎮","118.310","24.420","31"
"117","618833","20220710050000","103","1","金門縣","金城鎮","118.315","24.420","110"
"47","618834","20220710050000","81","0","金門縣","金城鎮","118.320","24.420","54"
"30","618835","20220710050000","38","0","金門縣","金城鎮","118.325","24.420","30"
"127","618836","20220710050000","189","0","金門縣","金寧鄉","118.330","24.420","114"
"1213","619113","20220710050000","1227","0","金門縣","烈嶼鄉","118.245","24.425","1479"
"317","619116","20220710050000","170","3","金門縣","烈嶼鄉","118.260","24.425","319"
"29","619117","20220710050000","24","2","金門縣","烈嶼鄉","118.265","24.425","35"
"1435","619127","20220710050000","1131","2","金門縣","金城鎮","118.320","24.425","1433"
"180","619131","20220710050000","131","2","金門縣","金寧鄉","118.340","24.425","157"
"146","619133","20220710050000","184","0","金門縣","金寧鄉","118.350","24.425","139"
"272","619146","20220710050000","213","2","金門縣","金湖鎮","118.430","24.425","279"
"127","619151","20220710050000","123","1","金門縣","金湖鎮","118.455","24.430","125"
"72","619406","20220710050000","73","0","金門縣","烈嶼鄉","118.230","24.430","74"
"56","619420","20220710050000","1173","0","金門縣","金城鎮","118.310","24.430","71"
"737","619421","20220710050000","1518","0","金門縣","金城鎮","118.315","24.430","744"
"932","619422","20220710050000","1099","0","金門縣","金城鎮","118.320","24.430","936"
"115","619424","20220710050000","181","0","金門縣","金寧鄉","118.330","24.430","105"
"284","619426","20220710050000","247","1","金門縣","金寧鄉","118.340","24.430","273"
"63","619430","20220710050000","33","3","金門縣","金寧鄉","118.360","24.430","81"
"447","619440","20220710050000","787","0","金門縣","金湖鎮","118.410","24.430","473"
"446","619442","20220710050000","578","0","金門縣","金湖鎮","118.420","24.430","478"
"225","619709","20220710050000","331","0","金門縣","烈嶼鄉","118.255","24.435","236"
"16","619710","20220710050000","22","0","金門縣","烈嶼鄉","118.260","24.435","22"
"615","619718","20220710050000","601","1","金門縣","金城鎮","118.310","24.435","618"
"2238","619719","20220710050000","2798","0","金門縣","金城鎮","118.315","24.435","2263"
"33","619721","20220710050000","921","0","金門縣","金城鎮","118.325","24.435","31"
"302","619722","20220710050000","388","0","金門縣","金寧鄉","118.330","24.435","279"
"45","619729","20220710050000","35","2","金門縣","金湖鎮","118.365","24.435","44"
"153","619731","20220710050000","107","2","金門縣","金湖鎮","118.375","24.435","157"
"135","619734","20220710050000","185","0","金門縣","金湖鎮","118.390","24.435","139"
"266","619736","20220710050000","299","0","金門縣","金湖鎮","118.400","24.435","256"
"1415","619737","20220710050000","1387","1","金門縣","金湖鎮","118.405","24.435","1412"
"52","619739","20220710050000","100","0","金門縣","金湖鎮","118.415","24.435","63"
"112","619747","20220710050000","114","0","金門縣","金湖鎮","118.455","24.435","114"
"189","620001","20220710050000","143","2","金門縣","烈嶼鄉","118.250","24.440","187"
"522","620010","20220710050000","248","3","金門縣","金城鎮","118.310","24.440","551"
"4160","620011","20220710050000","1602","3","金門縣","金城鎮","118.315","24.440","4172"
"683","620012","20220710050000","394","3","金門縣","金寧鄉","118.320","24.440","666"
"80","620013","20220710050000","88","0","金門縣","金城鎮","118.325","24.440","83"
"342","620015","20220710050000","323","1","金門縣","金寧鄉","118.335","24.440","345"
"22","620021","20220710050000","22","1","金門縣","金湖鎮","118.365","24.440","21"
"108","620024","20220710050000","110","0","金門縣","金湖鎮","118.380","24.440","99"
"693","620025","20220710050000","804","0","金門縣","金湖鎮","118.385","24.440","720"
"69","620027","20220710050000","56","2","金門縣","金湖鎮","118.395","24.440","73"
"71","620029","20220710050000","235","0","金門縣","金湖鎮","118.405","24.440","75"
"802","620031","20220710050000","3300","0","金門縣","金湖鎮","118.415","24.440","828"
"1032","620032","20220710050000","1159","0","金門縣","金湖鎮","118.420","24.440","1025"
"280","620037","20220710050000","86","3","金門縣","金湖鎮","118.445","24.440","267"
"10","620040","20220710050000","134","0","金門縣","金湖鎮","118.460","24.440","12"
"396","620293","20220710050000","343","1","金門縣","烈嶼鄉","118.240","24.440","407"
"822","620304","20220710050000","908","0","金門縣","金寧鄉","118.310","24.445","849"
"157","620306","20220710050000","202","0","金門縣","金寧鄉","118.320","24.445","156"
"28","620312","20220710050000","418","0","金門縣","金寧鄉","118.350","24.445","23"
"19","620317","20220710050000","252","0","金門縣","金湖鎮","118.375","24.445","13"
"325","620318","20220710050000","230","2","金門縣","金湖鎮","118.380","24.445","323"
"32","620319","20220710050000","27","1","金門縣","金湖鎮","118.385","24.445","31"
"29","620323","20220710050000","18","3","金門縣","金湖鎮","118.405","24.445","24"
"21","620326","20220710050000","22","0","金門縣","金湖鎮","118.420","24.445","29"
"16","620327","20220710050000","279","0","金門縣","金湖鎮","118.425","24.445","30"
"14","620335","20220710050000","11","2","金門縣","金湖鎮","118.465","24.445","12"
"141","620336","20220710050000","140","1","金門縣","金湖鎮","118.470","24.445","121"
"140","620593","20220710050000","150","0","金門縣","烈嶼鄉","118.250","24.445","142"
"74","620594","20220710050000","96","0","金門縣","烈嶼鄉","118.255","24.445","93"
"345","620595","20220710050000","52","3","金門縣","烈嶼鄉","118.260","24.445","387"
"201","620604","20220710050000","351","0","金門縣","金寧鄉","118.305","24.450","191"
"720","620605","20220710050000","365","3","金門縣","金寧鄉","118.310","24.450","693"
"180","620607","20220710050000","392","0","金門縣","金寧鄉","118.320","24.450","190"
"511","620608","20220710050000","249","3","金門縣","金寧鄉","118.325","24.450","517"
"1566","620609","20220710050000","1534","1","金門縣","金寧鄉","118.330","24.450","1529"
"659","620610","20220710050000","468","2","金門縣","金寧鄉","118.335","24.450","667"
"401","620611","20220710050000","516","0","金門縣","金寧鄉","118.340","24.450","403"
"95","620613","20220710050000","57","3","金門縣","金寧鄉","118.350","24.450","87"
"39","620618","20220710050000","56","0","金門縣","金湖鎮","118.375","24.450","42"
"43","620623","20220710050000","42","1","金門縣","金湖鎮","118.400","24.450","51"
"43","620624","20220710050000","41","1","金門縣","金湖鎮","118.405","24.450","34"
"83","620625","20220710050000","57","2","金門縣","金湖鎮","118.410","24.450","69"
"520","620912","20220710050000","197","3","金門縣","金寧鄉","118.335","24.455","526"
"350","620919","20220710050000","269","2","金門縣","金湖鎮","118.370","24.455","323"
"400","620920","20220710050000","380","1","金門縣","金湖鎮","118.375","24.455","396"
"424","620921","20220710050000","379","1","金門縣","金湖鎮","118.380","24.455","437"
"87","620922","20220710050000","59","2","金門縣","金湖鎮","118.385","24.455","88"
"34","620927","20220710050000","22","3","金門縣","金湖鎮","118.410","24.455","36"
"34","620928","20220710050000","37","0","金門縣","金湖鎮","118.415","24.455","42"
"49","620930","20220710050000","26","3","金門縣","金湖鎮","118.425","24.455","23"
"370","621210","20220710050000","591","0","金門縣","金寧鄉","118.305","24.455","371"
"30","621214","20220710050000","635","0","金門縣","金寧鄉","118.325","24.455","25"
"253","621221","20220710050000","272","0","金門縣","金寧鄉","118.360","24.460","249"
"13","621226","20220710050000","13","1","金門縣","金沙鎮","118.385","24.460","13"
"58","621230","20220710050000","94","0","金門縣","金沙鎮","118.405","24.460","63"
"820","621231","20220710050000","463","3","金門縣","金湖鎮","118.410","24.460","832"
"42","621233","20220710050000","21","3","金門縣","金湖鎮","118.420","24.460","35"
"19","621239","20220710050000","33","0","金門縣","金沙鎮","118.450","24.460","34"
"588","621509","20220710050000","823","0","金門縣","金寧鄉","118.315","24.460","599"
"150","621510","20220710050000","215","0","金門縣","金寧鄉","118.320","24.460","149"
"189","621511","20220710050000","165","1","金門縣","金寧鄉","118.325","24.460","214"
"18","621529","20220710050000","18","1","金門縣","金沙鎮","118.415","24.465","19"
"11","621530","20220710050000","10","1","金門縣","金湖鎮","118.420","24.465","11"
"78","621533","20220710050000","77","1","金門縣","金沙鎮","118.435","24.465","149"
"67","621534","20220710050000","64","1","金門縣","金沙鎮","118.440","24.465","70"
"145","621810","20220710050000","283","0","金門縣","金沙鎮","118.390","24.465","197"
"856","621816","20220710050000","741","1","金門縣","金沙鎮","118.420","24.470","844"
"294","621823","20220710050000","258","1","金門縣","金沙鎮","118.455","24.470","288"
"420","622079","20220710050000","512","0","金門縣","金寧鄉","118.315","24.470","410"
"71","622096","20220710050000","327","0","金門縣","金沙鎮","118.400","24.470","96"
"12","622101","20220710050000","13","0","金門縣","金沙鎮","118.425","24.475","21"
"61","622102","20220710050000","57","1","金門縣","金沙鎮","118.430","24.475","77"
"134","622377","20220710050000","187","0","金門縣","金沙鎮","118.390","24.475","206"
"167","622643","20220710050000","417","0","金門縣","金寧鄉","118.305","24.480","159"
"71","622644","20220710050000","91","0","金門縣","金寧鄉","118.310","24.480","69"
"34","622657","20220710050000","225","0","金門縣","金沙鎮","118.390","24.480","25"
"175","622658","20220710050000","125","2","金門縣","金沙鎮","118.395","24.480","165"
"14","622921","20220710050000","18","0","金門縣","金寧鄉","118.300","24.485","13"
"1135","622937","20220710050000","827","2","金門縣","金沙鎮","118.415","24.485","1193"
"122","622938","20220710050000","111","1","金門縣","金沙鎮","118.420","24.485","113"
"38","622941","20220710050000","39","0","金門縣","金沙鎮","118.435","24.485","41"
"176","623204","20220710050000","179","0","金門縣","金沙鎮","118.400","24.490","174"
"385","623206","20220710050000","411","0","金門縣","金沙鎮","118.410","24.490","477"
"522","623207","20220710050000","555","0","金門縣","金沙鎮","118.415","24.490","512"
"96","623210","20220710050000","89","1","金門縣","金沙鎮","118.430","24.490","95"
"598","623474","20220710050000","886","0","金門縣","金沙鎮","118.415","24.495","786"
"296","623478","20220710050000","391","0","金門縣","金沙鎮","118.435","24.495","300"
"68","623734","20220710050000","98","0","金門縣","金沙鎮","118.400","24.500","65"
"40","623738","20220710050000","43","0","金門縣","金沙鎮","118.420","24.500","33"
"196","623993","20220710050000","221","0","金門縣","金沙鎮","118.405","24.505","276"
"12","623999","20220710050000","19","0","金門縣","金沙鎮","118.435","24.505","15"
"212","624000","20220710050000","256","0","金門縣","金沙鎮","118.440","24.505","262"
"208","624511","20220710050000","212","0","金門縣","金沙鎮","118.405","24.515","224"
"151","624771","20220710050000","148","1","金門縣","金沙鎮","118.415","24.515","146"
"375","653049","20220710050000","344","1","連江縣","莒光鄉","119.975","25.960","364"
"216","653082","20220710050000","203","1","連江縣","莒光鄉","119.935","25.970","198"
"161","653097","20220710050000","97","3","連江縣","莒光鄉","119.930","25.975","206"
"41","653099","20220710050000","36","1","連江縣","莒光鄉","119.940","25.975","38"
"468","653173","20220710050000","289","3","連江縣","南竿鄉","119.925","26.140","498"
"52","653187","20220710050000","56","0","連江縣","南竿鄉","119.930","26.145","61"
"173","653198","20220710050000","127","2","連江縣","南竿鄉","119.915","26.145","192"
"39","653200","20220710050000","68","0","連江縣","南竿鄉","119.925","26.145","51"
"288","653203","20220710050000","398","0","連江縣","南竿鄉","119.940","26.145","247"
"27","653217","20220710050000","39","0","連江縣","南竿鄉","119.925","26.150","25"
"414","653219","20220710050000","445","0","連江縣","南竿鄉","119.935","26.150","394"
"49","653221","20220710050000","59","0","連江縣","南竿鄉","119.945","26.150","35"
"199","653231","20220710050000","298","0","連江縣","南竿鄉","119.920","26.155","231"
"570","653235","20220710050000","385","2","連江縣","南竿鄉","119.940","26.155","545"
"871","653238","20220710050000","817","1","連江縣","南竿鄉","119.955","26.155","846"
"146","653248","20220710050000","48","3","連江縣","南竿鄉","119.920","26.160","152"
"928","653255","20220710050000","755","2","連江縣","南竿鄉","119.955","26.160","981"
"22","653257","20220710050000","11","3","連江縣","南竿鄉","119.965","26.160","15"
"430","653272","20220710050000","294","2","連江縣","南竿鄉","119.950","26.165","444"
"105","653282","20220710050000","86","2","連江縣","南竿鄉","119.925","26.170","107"
"157","653344","20220710050000","116","2","連江縣","北竿鄉","119.970","26.205","221"
"155","653365","20220710050000","141","1","連江縣","北竿鄉","119.975","26.215","167"
"29","653380","20220710050000","33","0","連江縣","北竿鄉","119.990","26.220","22"
"23","653382","20220710050000","24","0","連江縣","北竿鄉","120.000","26.220","17"
"13","653393","20220710050000","13","1","連江縣","北竿鄉","119.980","26.225","13"
"1297","653396","20220710050000","866","2","連江縣","北竿鄉","119.995","26.225","929"
"508","653397","20220710050000","368","2","連江縣","北竿鄉","120.000","26.225","442"
"16","653410","20220710050000","14","1","連江縣","北竿鄉","119.995","26.230","10"
"189","653411","20220710050000","76","3","連江縣","北竿鄉","120.000","26.230","109"
"24","653580","20220710050000","39","0","連江縣","東引鄉","120.485","26.360","26"
"68","653590","20220710050000","51","2","連江縣","東引鄉","120.490","26.360","70"
"376","653592","20220710050000","397","0","連江縣","東引鄉","120.500","26.360","247"
"864","653602","20220710050000","722","1","連江縣","東引鄉","120.490","26.365","869"
"96","653603","20220710050000","34","3","連江縣","東引鄉","120.495","26.365","31"
"40","653606","20220710050000","13","3","連江縣","東引鄉","120.510","26.365","23"
"88","653623","20220710050000","107","0","連江縣","東引鄉","120.480","26.375","145"
